MOVIE_S13_data/elevation_000905.asc
nrows	150
cellsize	150.0
xllcorner	0
ncols	150
yllcorner	0
NODATA_value	-9999
[rows 68 to 84 of 150, columns 111 to 147 of 150]
8.925438716589573573e+01 9.677977354528979959e+01 8.269773027441559066e+01 7.357652382555484394e+01 7.355163483963659132e+01 5.365057966775972886e+01 7.355163478612936956e+01 7.369240726119714679e+01 5.379556016407856589e+01 6.060722073733285242e+01 7.056166421227160868e+01 8.458320021400183464e+01 1.043764038255006739e+02 9.631524711330189348e+01 8.799576745458738003e+01 8.498861566081772878e+01 7.669113161630903619e+01 6.964329743764210434e+01 5.740991530047991631e+01 3.744064324566770807e+01 5.216572753983448507e+01 4.850252962662122513e+01 5.955129519681892702e+01 5.369062676496648123e+01 3.367728022116554598e+01 4.516031683018075427e+01 5.217483262738186056e+01 3.805130317220512381e+01 1.804887679466574468e+01 3.805130317220512381e+01 4.498586076758351027e+01 4.370300229077295029e+01 2.460421565582892711e+01 3.594013214045072147e+01 3.594013120556451213e+01 4.892838112171526888e+01 3.836407479765870931e+01
7.934560042765178878e+01 8.684639153399885458e+01 6.868392642408865356e+01 7.721414285862120153e+01 5.732569681624893576e+01 4.904982413653093687e+01 6.898601966234643612e+01 6.385593461822490013e+01 4.906943399359014535e+01 5.801550598888666599e+01 6.797789112923584298e+01 7.944077889731379116e+01 9.923091190080909030e+01 1.008423356463619314e+02 8.079544522937518991e+01 6.671521974181099779e+01 5.675684625465437705e+01 4.969680532259750549e+01 4.392694649712868937e+01 4.499655218844558391e+01 6.496362088000766732e+01 6.846508908046153863e+01 7.675426901225705478e+01 6.036028372137891296e+01 4.034173925933567517e+01 6.036028372137891296e+01 4.438292589972848390e+01 2.436587947626045292e+01 3.805131111415977330e+01 3.218098299210784319e+01 5.222353688199760313e+01 4.961502057434442037e+01 3.082705116417228197e+01 4.961502057434442037e+01 5.559914614688154444e+01 4.422194219291379369e+01 2.422194210280907356e+01
7.117399474466687082e+01 6.803489217469825689e+01 5.882770733619391024e+01 7.860762828971105876e+01 6.463558513556961316e+01 4.463469298821778608e+01 5.938150152882782606e+01 4.384566152140052964e+01 5.097848823320693867e+01 5.991701400479748685e+01 7.140870681875480841e+01 9.122328021564368328e+01 1.074489347065098741e+02 1.001265749683968806e+02 9.498266774618208785e+01 8.498861566081772878e+01 6.964329743764210434e+01 6.022249631754436194e+01 5.545515385137588282e+01 6.496848612324997418e+01 5.911578393192561265e+01 7.909815913007537347e+01 7.452190922157912212e+01 5.449434637394731595e+01 5.449434637394732306e+01 6.643916136481301749e+01 4.910544608824014290e+01 2.907539230259920160e+01 4.910544608824014290e+01 5.222353688199760313e+01 6.060808170448897414e+01 5.657405957301904920e+01 3.819182061083402857e+01 5.628693686672404795e+01 4.724562556557994952e+01 3.895416947467738567e+01 3.187958655387975071e+01
5.995149355899794585e+01 4.823469017871250486e+01 6.223502231062183654e+01 8.202859837453222269e+01 7.244684189107002226e+01 5.901160199485658353e+01 3.926161611634083215e+01 5.938150152882782606e+01 7.089884390931744917e+01 7.911483228230159170e+01 8.799334882673296931e+01 9.943505932558319671e+01 9.447257429023230202e+01 8.044306565425112865e+01 9.447257429023230202e+01 9.793816853506078246e+01 8.848458180250958094e+01 8.018258666687067659e+01 7.540095453625458788e+01 8.369724427409374812e+01 7.909815913007555821e+01 8.740607328980229340e+01 8.278833236622949698e+01 7.452190922157912212e+01 7.452190922157912212e+01 5.808644175802388787e+01 3.801535878850223327e+01 4.910544582965054161e+01 4.321856272319887182e+01 6.331763847747468787e+01 7.170133956118320384e+01 5.462591668951228030e+01 5.344834526034589572e+01 5.051491690025834203e+01 3.036071739137794978e+01 1.889486166800783451e+01 1.183782427122490510e+01
3.999136599456952013e+01 5.995149355899794585e+01 7.624983695259169281e+01 7.321101682922922294e+01 6.212529728649749927e+01 5.387227226238420741e+01 3.683959338165002606e+01 5.702464874870438649e+01 6.770425073306317643e+01 8.754847323913686807e+01 9.004135283389990718e+01 8.181278615026177192e+01 8.572093187121133440e+01 6.679745097878056015e+01 7.752746685833955098e+01 9.716033510102644755e+01 1.036524767929562785e+02 8.377621091900063277e+01 8.377621091898853933e+01 8.635422180453231533e+01 8.811351293049729350e+01 9.635612437850437573e+01 9.653018060686557078e+01 8.828341969845013182e+01 7.835136795651233399e+01 5.808644174267421789e+01 4.801747791965782142e+01 6.652188048442576473e+01 6.331763835281057595e+01 7.175778738316836325e+01 7.302437090172280421e+01 6.360150847662431772e+01 6.870724387031259539e+01 5.883108383048483603e+01 4.724744273839869635e+01 3.895416947467738567e+01 3.187958655387975071e+01
3.468782491129458379e+01 5.479781078265077809e+01 7.029344281684245743e+01 5.906755205686059185e+01 4.492408728449191813e+01 3.360453910969609836e+01 5.387217984667093873e+01 4.772453903985282864e+01 6.188745999053073632e+01 8.174722583317125668e+01 7.877816556120590974e+01 6.245229113838987445e+01 6.929817343423101761e+01 5.822806307401444315e+01 7.181282116474989152e+01 9.132384199596080521e+01 9.782505515223444092e+01 7.795698910192818687e+01 6.384683985839205178e+01 6.643610048819311942e+01 6.820878902571534752e+01 8.486501894501122933e+01 8.503584768404471106e+01 6.837493001228091316e+01 8.503584768404471106e+01 7.664233882530551512e+01 6.815540516464082543e+01 7.664233882530551512e+01 6.795667352866743727e+01 5.896576818825784727e+01 5.571936641317790873e+01 3.669828112198698733e+01 5.148082334351393285e+01 5.574281985718967292e+01 5.692410539037233264e+01 4.874113131215013794e+01 3.984388350336997320e+01
4.809050834276636976e+01 6.293749051484431334e+01 5.611783609601780398e+01 4.194222937519317895e+01 3.046899475990683825e+01 4.492408716717521600e+01 6.212459541580881961e+01 6.770425025459104518e+01 7.592175200066371588e+01 8.131671599455799537e+01 7.010580475830806790e+01 5.135397282184158740e+01 5.002146380367360479e+01 6.929817343423101761e+01 7.902199879031392982e+01 8.714976376375388156e+01 9.373793888248472683e+01 8.223699845838794431e+01 7.226998317250416903e+01 5.225166876773538860e+01 5.663754971643744796e+01 7.662151520942045124e+01 7.678924781898139429e+01 5.679931634915008232e+01 7.678924781898139429e+01 8.794817112613145582e+01 7.840597638412288006e+01 6.869274593045211930e+01 5.774538787615284718e+01 4.092388925621595064e+01 4.471779179003206650e+01 2.442387524216015393e+01 3.633554304845537786e+01 3.170840598456667081e+01 4.381159646825205556e+01 2.903483610669823989e+01 3.155961225590872488e+01
4.284220056098906326e+01 5.114441491114460092e+01 4.495418368600627446e+01 2.746341709094858174e+01 4.734023469461357081e+01 5.906732343104354044e+01 7.320962740952181491e+01 6.563305154615845538e+01 7.404714521691546736e+01 7.315450556588042730e+01 5.385557073617906809e+01 4.263915416156513771e+01 6.201226203736545983e+01 7.071637151526914522e+01 6.003847561392533549e+01 7.608162672431308238e+01 8.549388683364219332e+01 6.556650328129934735e+01 5.398712545917709349e+01 4.588432647946417831e+01 6.593963633112632294e+01 8.486501890060294784e+01 6.972173977009541090e+01 4.968290595427561129e+01 5.971898594923744241e+01 7.969637042746940381e+01 7.018560451791036314e+01 5.093281298478468955e+01 4.217914521625991853e+01 3.608664780677013795e+01 3.101953975515520412e+01 3.519725200171536272e+01 1.878850363050438332e+01 1.508852720541807457e+01 3.033529303244089803e+01 1.752671229561540045e+01 2.498626890077945006e+01
2.251180152356364772e+01 4.201701338291564980e+01 2.455660244695446082e+01 4.495418368600627446e+01 5.611783609601780398e+01 6.623941457515070397e+01 6.230181290210872191e+01 4.527707418621647406e+01 6.230181290210872191e+01 7.181280195381829401e+01 5.247320444819136043e+01 3.866119161737748300e+01 5.302287425641674901e+01 5.148460141330394890e+01 4.899241109661333837e+01 6.804091250816610170e+01 8.401501673770565048e+01 7.729395029971273345e+01 6.133863270349046815e+01 4.125797532173000803e+01 6.133863270349046815e+01 7.751816083644941102e+01 5.753071750546061480e+01 4.330785262195063723e+01 6.338490411893602783e+01 7.833906919921390966e+01 7.840598041363436721e+01 6.869274593045211930e+01 5.035054035060910138e+01 5.386612571096285507e+01 4.935969406142933025e+01 4.552188982661467520e+01 3.488105144631820309e+01 1.508098195318183166e+01 1.019838618526082996e+01 7.494212011930176942e+00 4.930609506596258740e+00
4.192939663917326953e+01 2.169381367425917517e+01 4.124473189806895590e+01 4.804533384368414772e+01 5.719600968936611451e+01 4.699228261411003160e+01 5.377755274306124988e+01 3.346343548620414765e+01 5.388048952479707765e+01 6.564345337872913433e+01 6.622148122918905244e+01 5.302287425641674901e+01 3.341151366785526733e+01 3.769752387936424043e+01 4.750250600873488338e+01 5.848971248385180388e+01 7.657591441099518192e+01 6.904001281247980160e+01 4.900727871470774488e+01 3.735642561392245398e+01 5.747410838852684378e+01 7.375811634216577772e+01 5.851550387763619199e+01 3.839270286630813445e+01 5.004823124269605472e+01 7.008201339773317784e+01 7.450206205377259039e+01 7.771781397506700273e+01 6.950868671173552116e+01 6.833083264335969886e+01 4.904023896728186571e+01 2.962099824528773340e+01 2.297135322368711741e+01 2.916933183959831410e+01 2.444781807768036330e+01 2.758524487185992768e+01 1.651219372626999515e+01
3.197198518303719084e+01 4.118076790903450046e+01 2.091125496387843086e+01 2.210320789447533940e+01 4.881355097832179268e+01 3.376181113351350405e+01 3.826139228906916401e+01 2.641088907375509720e+01 3.657248816812235503e+01 5.714466274081170383e+01 6.331545013590743309e+01 4.386129198124200457e+01 2.988780689607980889e+01 4.510928048501205012e+01 5.335612875962699775e+01 5.559017751490584658e+01 6.366285502822142206e+01 6.808961197248868302e+01 4.804760213896887677e+01 3.374452977923771613e+01 4.543994806907686268e+01 6.549869228090312845e+01 5.422530828192851260e+01 3.403506188949285161e+01 4.839688618090755767e+01 5.448341011603738337e+01 5.448341011603738337e+01 7.173078808164177644e+01 7.396735458533186147e+01 5.449190419569774235e+01 4.087355879429879479e+01 4.904023896728186571e+01 3.437688993225464884e+01 4.867036238026889094e+01 4.454891491857162578e+01 4.485310890776298010e+01 3.656207086273854401e+01
5.225323096719602489e+01 4.078477757631132761e+01 2.035883874959024098e+01 4.000745290546790756e+01 3.931190746650061385e+01 3.665302760081824829e+01 1.770894927469251456e+01 2.149689870691696214e+01 4.064461549470939872e+01 5.317111091910212650e+01 6.140571629561202371e+01 5.764730275617978350e+01 4.556781079356850483e+01 2.590152090607261215e+01 4.178353956539161373e+01 3.606464287594727836e+01 5.559017751473177071e+01 6.483836865496023449e+01 4.476625229695736863e+01 3.040786751097953911e+01 5.064523906545103671e+01 5.453514592051616461e+01 5.199446006948225829e+01 4.367703120849834164e+01 2.809602235190802944e+01 3.429669394615856248e+01 4.338162732916429576e+01 5.761089518869471959e+01 7.759785799205930346e+01 6.833083264336353579e+01 6.019613154815938572e+01 6.185909108724034411e+01 5.375527396343055386e+01 5.095486219574945608e+01 4.267059094829319577e+01 3.600392428162664515e+01 3.023042158973084526e+01
6.013090849032901986e+01 4.012423798246702233e+01 3.347546199535869249e+01 1.957940529914889893e+01 1.903312884469411514e+01 1.848501529211254635e+01 3.712953671638499031e+01 1.694264288024645282e+01 3.645593467378720476e+01 3.292639755097270893e+01 5.030968474683932357e+01 5.874375182576326893e+01 5.363708202918817136e+01 4.178353956539160663e+01 2.214575073771053582e+01 4.178353635727755488e+01 4.981814070733348387e+01 5.793905993758204431e+01 4.752254428819924215e+01 2.723198281869396098e+01 4.319658246918196909e+01 3.433042908643572844e+01 3.923597428726093739e+01 2.332555171335174293e+01 4.367703120087698920e+01 5.448341011405482703e+01 6.276599630843406175e+01 7.173078808164177644e+01 7.251004284184814708e+01 6.361516152376707822e+01 7.251004284184443804e+01 6.681272657202258358e+01 4.681272657202400467e+01 3.267059094829355104e+01 2.267059094829390631e+01 1.600392428162735570e+01 1.023042158973120053e+01
5.633732994253220028e+01 4.537015806445092636e+01 2.512569334516392416e+01 2.675610664225280289e+01 3.947147720154588058e+01 3.312494315765972175e+01 4.534472867597477119e+01 3.664071710369886858e+01 1.619788360252305637e+01 3.571108059195935169e+01 2.994468124934150666e+01 5.033369261575152365e+01 5.311043391453723927e+01 3.356473605913028280e+01 1.966180635306698932e+01 3.584660787096537149e+01 3.052463658646361466e+01 4.224615901367645421e+01 4.447810853113761453e+01 4.319658248642915765e+01 2.287835894256947000e+01 1.996030239075043866e+01 1.894190098020960278e+01 3.923597428726093739e+01 5.199445960497079255e+01 6.148957267747168487e+01 6.971096548240198842e+01 7.458739875693555632e+01 6.203472655192337726e+01 4.288137410713442677e+01 5.951153416107409555e+01 6.834266590589695056e+01 6.095486219573754738e+01 5.095486219574945608e+01 4.267059094829319577e+01 3.600392428162664515e+01 3.023042158973084526e+01
3.622435861947543856e+01 3.126376330493038225e+01 3.687316984635315009e+01 4.616648564766695273e+01 4.613294440015573628e+01 5.402979106339881099e+01 4.837765061710268100e+01 2.804931141664239647e+01 3.588433463619499975e+01 1.547522549188505003e+01 3.519035260085787797e+01 4.316942253412479147e+01 4.647945934454032368e+01 3.817192457077020151e+01 3.584585653486657719e+01 1.618600096124217913e+01 3.129594801586676667e+01 1.802737993220932466e+01 2.673911232407218819e+01 3.453765523246521241e+01 4.171880768973633025e+01 3.621071242280375202e+01 1.601247712212579799e+01 3.621071240929571644e+01 4.731426694885963258e+01 4.144266295475606654e+01 6.148957236844199059e+01 6.513527420392104261e+01 4.512568019428197630e+01 3.335207160773180135e+01 3.916686381056853605e+01 5.951153416107409555e+01 6.473861734715313787e+01 5.663515467020804550e+01 5.231890815106553561e+01 3.231890815106624615e+01 1.817677252733579607e+01
5.633751839469298517e+01 4.146112263769492756e+01 5.695967904951570659e+01 6.517975730675905766e+01 6.660238059762085072e+01 6.479420869820114603e+01 4.468873802870462697e+01 4.837810586716571493e+01 4.027820003662530723e+01 1.496378934800664240e+01 1.652827224947428775e+01 3.393054839348088336e+01 3.727143581862158328e+01 2.011494989493842667e+01 3.159592698464098248e+01 3.094010445353131900e+01 1.280825733642002362e+01 1.887030883631645395e+01 9.433320118260139608e+00 1.159205643650625817e+01 3.379560498988760742e+01 3.417566305329655307e+01 1.402435870316926625e+01 2.030882166618383522e+01 2.706360562524325530e+01 4.144266295472338157e+01 6.148957284311954652e+01 5.636758108204480777e+01 3.627948474453742023e+01 2.581887480431579363e+01 4.512567979522675898e+01 6.011080414192224453e+01 5.322182939820006453e+01 3.652836339638380991e+01 5.322182939813514935e+01 4.646104377472624236e+01 3.646104377477725933e+01
6.966248975476555927e+01 6.145758945622288394e+01 6.966248975476555927e+01 7.046308077601067055e+01 6.220249960123763344e+01 7.046192323933905755e+01 6.479429946692093267e+01 5.825958195968323849e+01 4.030984120694306228e+01 2.814388465214113211e+01 1.423488559092344197e+01 3.504680866618910784e+01 2.653479687054808522e+01 1.176359467560866534e+01 1.132865925723282885e+01 1.089425052354462586e+01 1.046151293475429078e+01 1.003575505867140727e+01 2.831372865954894635e+01 8.831142452064435489e+00 2.784570028456630908e+01 2.958991873421874885e+01 1.213443419847031102e+01 3.225907168780426559e+01 4.731423859565033752e+01 4.916177243459101476e+01 4.673112608557632797e+01 5.485674479127703052e+01 3.996507907482597943e+01 2.079700568496612334e+01 3.160994292106757442e+01 5.137992163988231908e+01 4.502648895364604442e+01 2.458720820617714153e+01 4.502648895364604442e+01 3.955087707978453437e+01 3.258504704867632285e+01
