MOVIE_S13_data/elevation_000544.asc
nrows	150
cellsize	150.0
xllcorner	0
ncols	150
yllcorner	0
NODATA_value	-9999
[rows 102 to 118 of 150, columns 0 to 36 of 150]
7.465892062736491364e-02 2.042588045973805500e+00 4.023362005836058408e+00 6.035849885873190601e+00 8.103341159145553974e+00 2.813513173539090317e+01 3.341704222757847731e+01 1.752194632031612898e+01 3.758654577804166053e+01 4.576924698150118331e+01 3.154822985401174407e+01 3.589540764588424793e+01 4.118234016274858078e+01 4.762417649644184081e+01 5.923668179700261049e+01 7.925347091659325827e+01 9.163931321183575562e+01 8.354838390662830250e+01 8.248631926611552956e+01 9.057242614058813501e+01 9.882322042726751476e+01 1.013101679053472139e+02 1.024252030204484356e+02 9.885670645680583846e+01 9.369018118087109315e+01 7.436155583570027261e+01 6.060711895426268825e+01 5.340851883604448602e+01 7.297172393318973604e+01 8.385358200373417503e+01 9.506090287052128929e+01 9.032010005754442261e+01 7.868858844502283034e+01 7.032518152749921114e+01 5.458560813135601109e+01 6.885908818030009115e+01 8.909841374463626096e+01
5.256003946987738984e-02 2.005256003946952248e+01 2.404093692688875805e+01 2.020042030571898195e+01 1.967777289595066392e+01 3.642119267730618049e+01 4.587413581189242961e+01 2.912569031644751760e+01 2.198102680566432454e+01 2.567749993105396555e+01 4.576924698150118331e+01 5.601842713794321327e+01 5.015320199440903792e+01 6.769677233008563633e+01 6.183427081352179044e+01 8.185010300080701029e+01 9.418162949628423064e+01 8.581473732344605310e+01 9.418162949628423064e+01 9.802582470111855173e+01 8.964449040927677004e+01 8.110462177744028622e+01 8.221712203477808600e+01 9.651622792599333422e+01 9.652625288780961910e+01 8.809506400930033010e+01 8.002277912828664341e+01 6.481122698585822661e+01 6.276048000321728182e+01 7.393600465016247369e+01 9.320057618192532800e+01 1.061127972090631886e+02 9.600449395549051701e+01 7.810823248673699482e+01 5.790564070911754158e+01 6.798112537114920428e+01 8.230722892940102042e+01
4.895353024219195603e-02 1.159595891403460755e+01 3.159595891403425227e+01 4.020657700683091207e+01 3.968809858510136479e+01 4.797243063642424232e+01 5.742885400014066022e+01 4.914428927632739885e+01 3.359810542935010602e+01 3.274004814481949666e+01 4.209676977433283440e+01 6.210989664363884089e+01 6.431822030491126441e+01 7.846661638469484501e+01 8.185010300080701029e+01 9.013968455864180385e+01 8.409467482373825931e+01 6.565141329437004458e+01 8.409467482373825931e+01 8.964449040927677004e+01 6.948931551537627627e+01 6.687883500333474274e+01 6.798700174385427886e+01 8.813593192071402882e+01 7.634188374412116218e+01 8.708219681317223149e+01 9.220273416422151058e+01 8.411917007075008712e+01 7.245450395817111655e+01 9.015005727653036161e+01 1.013360989212511072e+02 9.778938146137943477e+01 7.752219810149790646e+01 6.740236226072426007e+01 6.219447723382810977e+01 8.242041735884905052e+01 9.658170218740831103e+01
3.701814731466852859e-02 2.003701814731431341e+01 3.988023016149550415e+01 5.345734418492013162e+01 4.517307293745663088e+01 4.517307293745663088e+01 6.517307293745804486e+01 6.190018634680792076e+01 5.361534267085507111e+01 4.170483455508057347e+01 6.104367518037730633e+01 7.039595833838610872e+01 8.432589731656725007e+01 8.085168737193644972e+01 8.085168737193644972e+01 8.897641929492260715e+01 7.573307530890799910e+01 5.572637801974412497e+01 7.573307530890799910e+01 7.615640200741628973e+01 6.780460489161355042e+01 5.531660333568249399e+01 7.539262956579888453e+01 7.629000901516569400e+01 6.213788625096267992e+01 6.694451694692253341e+01 8.708219681317223149e+01 9.982807674958732491e+01 9.170183728630722442e+01 9.982807674958732491e+01 1.052635166439132917e+02 1.061127972090631886e+02 8.765578978143867062e+01 8.765578978143867062e+01 6.931365458571643501e+01 7.042169685516489608e+01 7.758419467874760755e+01
6.719129721006188161e-02 2.006719129720970685e+01 2.945577927252202599e+01 3.362606755366390843e+01 2.517307293745592389e+01 4.517307293745663088e+01 5.305191757742187519e+01 6.133618882492763191e+01 6.998741110942361843e+01 5.584476296620672287e+01 6.998741110942361843e+01 7.671744342653539661e+01 7.093524093512897366e+01 6.101879449832172497e+01 6.101879449832172497e+01 8.085168737193644972e+01 6.906417621252018080e+01 4.919568465940330526e+01 6.906417621252018080e+01 6.780460489161355042e+01 4.776236660054200911e+01 6.112385879462780025e+01 6.946386370729685211e+01 5.620561280552651340e+01 5.058444418761868633e+01 6.058611337543521813e+01 7.478328392401142821e+01 9.496231993454523490e+01 9.822219308809880545e+01 8.989116032455417837e+01 8.509591655555351508e+01 9.933210997630965267e+01 1.078605130592225834e+02 9.725742198309986009e+01 7.696800727612691162e+01 9.069831011790027731e+01 9.069831011790029152e+01
3.121663039542149631e-02 2.003121663039506473e+01 9.455779272521670720e+00 1.362606755366320321e+01 1.965629444521858105e+01 2.598084976555545111e+01 3.305191757742117176e+01 4.459892296121409316e+01 6.459892296121550714e+01 7.584218601957711314e+01 7.595264031041610053e+01 5.687138725248314586e+01 5.104594831790036125e+01 4.691506017450907962e+01 6.682771433045714105e+01 7.747405830614385991e+01 5.746941128072689509e+01 4.348261250037624137e+01 6.332863673922825143e+01 7.532226096372653501e+01 5.524268805050915887e+01 4.109000471457669335e+01 5.521619752485882060e+01 4.205304923833211461e+01 5.620561280552651340e+01 7.629000901516580768e+01 8.906538679526140356e+01 8.926152066087297499e+01 8.659700199101662577e+01 6.974640673790192125e+01 7.085554282039416307e+01 9.100286986117562549e+01 1.080286525438688301e+02 1.055829151100502798e+02 8.871208529734865067e+01 1.055829151100502798e+02 1.108930333772617018e+02
1.928029293696056565e-02 3.798925023029241288e+00 2.379892502302959656e+01 3.362606755366249445e+01 2.995599917221743524e+01 4.598084976555615810e+01 5.305191757742187519e+01 6.133618882492802982e+01 7.288319420877168398e+01 8.410333206131940642e+01 6.778672292304631242e+01 4.790379416700262993e+01 3.696948288537341654e+01 5.687138725248314586e+01 7.122372529032539035e+01 7.361671814539060676e+01 5.836713067951524181e+01 3.830524739357112196e+01 5.836713067951524181e+01 6.676167691774209345e+01 5.842423547654602345e+01 5.094033545380156625e+01 3.516062890063770396e+01 5.521619752485882060e+01 7.042990311700560824e+01 7.232291260266897837e+01 7.493488521442168349e+01 6.913524562475832624e+01 7.826058141854174721e+01 5.818162047698761086e+01 7.826058128924297819e+01 7.956627371664545478e+01 9.690710875631458521e+01 1.085401275981570848e+02 1.089305689797269849e+02 1.172220659882811162e+02 1.142257626516984885e+02
1.242802616660093618e-02 2.001242802616624417e+01 3.208319627049214517e+01 4.298321836169287735e+01 4.995599917221672115e+01 5.824027041966902374e+01 6.857113154370782127e+01 6.057903447781814066e+01 6.857113154365946173e+01 6.971769222972687885e+01 5.533205239813368337e+01 5.155237957490705725e+01 3.168487598811040584e+01 4.314009253877462413e+01 6.304377730771681598e+01 6.529021772048923822e+01 4.525445424183132559e+01 3.315047636527823727e+01 5.376461899747370410e+01 5.516499190763739335e+01 3.835580121148436916e+01 3.084170540455066956e+01 5.094024495182286927e+01 6.354642422657224188e+01 6.645554699199240645e+01 5.226786158468736687e+01 5.487194663226089375e+01 5.496832517412992303e+01 6.627856564455822763e+01 5.242027010371785423e+01 5.947881425210922401e+01 6.843208593332653322e+01 8.004516726746054189e+01 1.002246363607569037e+02 1.128043218922692859e+02 1.184250068288253601e+02 1.059064898982744580e+02
6.518940535573533590e-02 7.136257217221567473e+00 1.469554667746838206e+01 2.624255272271475192e+01 4.624350316236139946e+01 5.960266210864855196e+01 5.156216934735305557e+01 4.086256291623289627e+01 5.877467315699158945e+01 6.134558541741599669e+01 4.006750697216482848e+01 4.690321050743560960e+01 2.747288007373470720e+01 4.149212364308747425e+01 6.137817585805037623e+01 6.380390245774908919e+01 4.355836635419984759e+01 2.787126155525313109e+01 4.360477567664710818e+01 4.296414978751064950e+01 2.671006640137286681e+01 4.683771955139839349e+01 5.926769283557893431e+01 6.288665728707281488e+01 5.457309993344274801e+01 3.811582881005723777e+01 4.072814451115750956e+01 4.342976195338224699e+01 4.625939244118408311e+01 6.627854520142197714e+01 7.643403705303306594e+01 8.130886111958606932e+01 8.802326521468236820e+01 8.432091048538671885e+01 1.044968546068283501e+02 1.101123834119016607e+02 8.993049690987446354e+01
2.959841564326779612e-02 2.002959841564291210e+01 3.469575695279157657e+01 4.298321836169721166e+01 5.453391236391265551e+01 4.822500965501746606e+01 3.173321912665337763e+01 3.087857005270345923e+01 5.072002404902423223e+01 4.339506342157446284e+01 3.885273310816370440e+01 2.646504801273936280e+01 2.350959806882683623e+01 4.338992930911462054e+01 4.958086324349248741e+01 5.066953408357106525e+01 4.883058529429523276e+01 4.018401501593757530e+01 2.145691018180244924e+01 2.290090480978541621e+01 4.296406560747485770e+01 4.736130824758935631e+01 4.922143435025038372e+01 5.111078497001271614e+01 3.453048714441582234e+01 5.457372991861416267e+01 6.074824529244655480e+01 6.344742683406651906e+01 6.627856564455822763e+01 5.190608851348930131e+01 5.636725856774417309e+01 6.120953630999654393e+01 6.788006840308577239e+01 7.792956337658577581e+01 9.220906505950394205e+01 1.123799041701146137e+02 1.067921718668079905e+02
4.698265578524447872e-02 2.004698051537749492e+01 3.730721427902419407e+01 4.883541812750788580e+01 5.444576635201935488e+01 4.011385253317797606e+01 2.019424648363745334e+01 3.230120220490500316e+01 3.767283982874356241e+01 2.699791501506359026e+01 1.626112739503436799e+01 2.865976192087001451e+01 1.968066452436876901e+01 3.438595823034469845e+01 2.956274515121929625e+01 3.064908257996921037e+01 3.675747767008196121e+01 1.953088292452304131e+01 2.493290774601324955e+01 4.129786244013659058e+01 2.539845818335336602e+01 2.721728767919922021e+01 2.910109520360703428e+01 3.102712087084641013e+01 5.111078497001271614e+01 5.873228547991304538e+01 6.216568901661896973e+01 7.048638734395770200e+01 8.027881804930684950e+01 6.344796454204255554e+01 7.643402671552863126e+01 7.540296747170845038e+01 7.540296747170845038e+01 9.556696727238870892e+01 1.064390381024179675e+02 1.076903450310761912e+02 9.931836602114481138e+01
9.002763389687669371e-02 9.034299524976578510e+00 2.058129801673074866e+01 4.057727437257371150e+01 3.814955262399841018e+01 2.623868399893936854e+01 2.620139677753559582e+01 1.235418177036822485e+01 2.814126298954836969e+01 9.523451497828943957e+00 1.049490469238503820e+01 3.029539049341783397e+01 3.287614592098362465e+01 1.434911101929221644e+01 1.542789344111733207e+01 1.651343286255399434e+01 1.760597002563869751e+01 3.490073977988348020e+01 4.118343968460212068e+01 4.960084310466931612e+01 4.553003271580396927e+01 4.148575438983350239e+01 4.334869423868023119e+01 5.109742314394961937e+01 3.544431646979093387e+01 3.870701402214397291e+01 4.214567772201623796e+01 6.216568901661896973e+01 7.575006467996053061e+01 8.355682378011476885e+01 9.188920885765958246e+01 9.556696727238870892e+01 9.556696727238870892e+01 1.038905723140875494e+02 1.136321467526800575e+02 9.338940392823587899e+01 7.914755084373680916e+01
2.862646671724250469e-02 2.002592149514652320e+01 3.127186211710387909e+01 2.310069663839353638e+01 1.814856602513034645e+01 2.491216205232133163e+01 6.245918713960930013e+00 7.190640868054374302e+00 8.153834311051650019e+00 2.810212498925939784e+01 3.049118752623983397e+01 1.189101310269402845e+01 1.288631985380579081e+01 3.265176823995666666e+01 3.540680481795929779e+01 3.651249940866630084e+01 3.760554285784836992e+01 2.024650520460870240e+01 4.019050984760286838e+01 4.712238261642161063e+01 5.522493703775787566e+01 6.154821116849848295e+01 6.340867074292666672e+01 6.376141323795442872e+01 4.961128432715243264e+01 5.285766669230117998e+01 6.216568901661896973e+01 4.739821904220463722e+01 6.742497187324055119e+01 8.154468156572842474e+01 8.734159776312708345e+01 9.496679950424385197e+01 1.032903717781790363e+02 1.133638395283619502e+02 1.071782409314512563e+02 9.708655765920158842e+01 8.767274045314525210e+01
2.093865863459240181e-02 1.998505512995036071e+01 2.179379836902326417e+01 3.101205955048262464e+00 4.006696812591775902e+00 4.916085982484375450e+00 9.181933462345401864e+00 2.719866470142419601e+01 2.815266538021527154e+01 3.639956063650314633e+01 2.453189047723594030e+01 3.192110881592460814e+01 3.288217316311206417e+01 1.837379466762478941e+01 3.045521633556789354e+01 4.990465883361645894e+01 4.838804434130702958e+01 4.014769554275222418e+01 2.293663354655803843e+01 3.226482845227659624e+01 4.687081674761485317e+01 5.158711142670413352e+01 5.435672709418882675e+01 6.270071276299903218e+01 6.966116530078427616e+01 7.291486983073728823e+01 7.575177861525385481e+01 6.742497187324055119e+01 5.316253796831725253e+01 7.321297874127313321e+01 6.720539878768444453e+01 7.479241200055230365e+01 8.487177010348862893e+01 1.050618289049991034e+02 9.880541739025855463e+01 7.863512165478850591e+01 6.868768396271549648e+01
4.558729753488720976e-02 9.346957463711149661e-01 1.824685502569233453e+00 2.182691740481120490e+01 2.400545011061007372e+01 1.238805727904930265e+01 2.900801150078002522e+01 1.550717884425424664e+01 3.551454949162171459e+01 5.063740896857456164e+01 3.867785019907223898e+01 4.454122399344457506e+01 4.248629307418926260e+01 2.250871893708486837e+01 4.248493759937627345e+01 5.797317732163770643e+01 4.707064752796091511e+01 2.717172803032458717e+01 4.287013887817626312e+01 2.654001428987928790e+01 2.910451713746522984e+01 3.170689896615995451e+01 3.439702558264745846e+01 5.435674337388892496e+01 6.684662239937935624e+01 7.861151691455781076e+01 8.700778395967996914e+01 8.154543554415931794e+01 7.321305948720900858e+01 5.964163449422899532e+01 7.973086763037585456e+01 7.992572110223528625e+01 1.001025359021558074e+02 1.133638395283619502e+02 1.071782608876094258e+02 9.708669753461880703e+01 8.872026902872923415e+01
7.199635315621916165e-02 2.007199635315586406e+01 6.741431485444604910e+00 2.664748870523323632e+01 3.972713750890336115e+01 2.190115897068827522e+01 3.972714677822248319e+01 3.551454309704991630e+01 2.237116332228304927e+01 4.237656909772687186e+01 5.873294532027386339e+01 6.452194890912579694e+01 4.695721739673081174e+01 2.696447570680422601e+01 4.695721739673081174e+01 5.945996660192035677e+01 3.033381354887003312e+01 3.037066141774413097e+01 5.012111259787156570e+01 5.176533522415016364e+01 4.893019724169253237e+01 4.571320783109135277e+01 5.435674337388892496e+01 3.845520765288913623e+01 5.849166068897362436e+01 5.849374988269258324e+01 7.129320773471225436e+01 7.966991490485719396e+01 8.806700627017123395e+01 7.973089961270277115e+01 8.806793729377515945e+01 9.420079598653872210e+01 1.084145739857430470e+02 1.084587314260840003e+02 1.091045873777716366e+02 8.888482060214674618e+01 7.469582124784376731e+01
2.919883531702183437e-03 1.932292261499637220e+01 2.553991942893320299e+01 1.598120587511184532e+01 3.717670913935961607e+01 3.533913377595290228e+01 4.947672459997310312e+01 4.772183789989379221e+01 2.772169347479907842e+01 4.186730580537194868e+01 6.185593131083368235e+01 6.601285576934938604e+01 4.594965358577081815e+01 3.180913595391670157e+01 5.180823803618791601e+01 6.831651093462239999e+01 5.677395533136512284e+01 3.915873513020640928e+01 3.534557767025631847e+01 5.508535137778105906e+01 6.853230415847215795e+01 6.577053140039460288e+01 6.684662234962213745e+01 4.845004056316038543e+01 4.297733290018188512e+01 4.708040775037493120e+01 5.146296547824290712e+01 6.538816361079675232e+01 8.554920130690668145e+01 9.505701607155205579e+01 1.051962430062618949e+02 1.143505964480373649e+02 1.026474242818588749e+02 8.865703349993934523e+01 1.026474242818588749e+02 1.031763699860439942e+02 9.310698379968900440e+01
