MOVIE_S13_data/elevation_000454.asc
nrows	150
cellsize	150.0
xllcorner	0
ncols	150
yllcorner	0
NODATA_value	-9999
[rows 102 to 118 of 150, columns 111 to 147 of 150]
7.666872757896628343e+01 5.661515731049529165e+01 7.666872757896628343e+01 8.627536000535594951e+01 8.031427074998805438e+01 1.006667025321818585e+02 1.168653440300271029e+02 1.054225107168666966e+02 9.719859944166978494e+01 8.221926118964684349e+01 6.244705165196443630e+01 5.353286159331841532e+01 7.337679551818439450e+01 7.661823777424068282e+01 6.826520553436682803e+01 8.802869201253878373e+01 8.488231258506873189e+01 9.889347303212625206e+01 9.174284988899295001e+01 7.173675092502708139e+01 6.018140087241930303e+01 5.017458662623084109e+01 4.122622145237068025e+01 5.474471396781906662e+01 5.047885141142107557e+01 4.752896603004445097e+01 4.074754163672383811e+01 2.074159896845379336e+01 1.834619390822948404e+01 3.519250352525634895e+01 4.317234959067273081e+01 4.795821444790962573e+01 2.765303715025280695e+01 4.597582806996658888e+01 2.629919827438461155e+01 3.226139292312210927e+01 3.284798278835285856e+01
6.287590116751071889e+01 5.970602578711692132e+01 7.980815229815580381e+01 9.837326476984974022e+01 1.006667025321818585e+02 1.090559414192844656e+02 1.086217932338849863e+02 8.883624120106283328e+01 7.746345030011889321e+01 8.580487344998347510e+01 7.609892474017451036e+01 5.628199628121755183e+01 7.031359932422141412e+01 9.006593582211030480e+01 7.967555913633181319e+01 9.624040276146297401e+01 1.046660930041597339e+02 1.025649108258367477e+02 9.256405381720685455e+01 8.428065689035470598e+01 7.761063120892944767e+01 6.952401874174790919e+01 5.474471396781906662e+01 3.473604500404910311e+01 3.047175534569448274e+01 2.752281954111091267e+01 2.466543560897801157e+01 4.074752886073953562e+01 3.519241511455194882e+01 1.516462860425967918e+01 3.177757974076344638e+01 3.062553917273693216e+01 2.004503346607666359e+01 3.988610944918800527e+01 3.040539382943976676e+01 1.251833429467147596e+01 7.484521042353970088e+00
8.304756905040929382e+01 6.325406781715881266e+01 6.965986336858333061e+01 7.867553831083472460e+01 9.045841034346875631e+01 1.108641326880310629e+02 1.133408823389405740e+02 9.353909856444789739e+01 8.580487344998347510e+01 6.606943172835610767e+01 6.192382171255186307e+01 6.035864397658417602e+01 8.013588723315604057e+01 9.716903733568004498e+01 9.943928372262443816e+01 1.076684543966024279e+02 1.084233548922413632e+02 8.842601208678237867e+01 7.427821559192017276e+01 6.427057984607890262e+01 5.759870831283482318e+01 6.907751861472820565e+01 5.665386445729837561e+01 3.664453527739397032e+01 5.047885141142107557e+01 4.752896603051838298e+01 4.467094510463696366e+01 5.295703344831941450e+01 4.326594092167088235e+01 3.210273445787914426e+01 1.202819698014610772e+01 1.051970755757302278e+01 2.859371264264347090e+01 2.717779269627687100e+01 2.428971698510817845e+01 8.006250060275448277e+00 2.666246862875806478e+00
8.115272350969371473e+01 6.686635483957655879e+01 8.713230196525515225e+01 9.837326476984975443e+01 1.074829766361237802e+02 1.192281899964928868e+02 1.075396165623607629e+02 8.774659937647551544e+01 7.381888622869601591e+01 8.580487344998347510e+01 8.168965816355823506e+01 6.609784914344629669e+01 6.922866846756583925e+01 8.061343755967189395e+01 9.455820751577283545e+01 1.143723862404775247e+02 1.040888899250007853e+02 9.576398818748069175e+01 9.256405381720685455e+01 8.428065689035470598e+01 6.907751861472820565e+01 4.906508069672754146e+01 4.371755029812950966e+01 5.079276144593504227e+01 6.494108830725032533e+01 6.245670521845514855e+01 5.429528332495360132e+01 4.621839251854470376e+01 3.497893998072369470e+01 1.494899454265508787e+01 3.210277113010425154e+01 2.859411041988784419e+01 8.469771057122034819e+00 7.089306636544969287e+00 5.799549366703973696e+00 4.511521321829470743e+00 2.267409245977730237e+01
7.542347479504635999e+01 8.713230196525515225e+01 7.443884090244975482e+01 9.484516901720014914e+01 1.123839793042483279e+02 1.225526607516436428e+02 1.133563849445760070e+02 9.354076104804030933e+01 8.185435647850955831e+01 9.637760807047180833e+01 7.664831369401005645e+01 7.596856330300494164e+01 8.896001256621794084e+01 8.317235052479271928e+01 1.029326648199978678e+02 1.056791447661055940e+02 9.397758371918348530e+01 7.531794288275486338e+01 7.906986210267865545e+01 7.366362698209397308e+01 6.855234749889838497e+01 6.370417219400943054e+01 6.372896960312266401e+01 7.080381883779769225e+01 6.689011196318891450e+01 5.248078758551814360e+01 3.489233077362686686e+01 3.792951616601327913e+01 1.791773483705654968e+01 3.497893998065371335e+01 4.326784497446436006e+01 3.687640971192998052e+01 2.272777303894129020e+01 1.182857146649891078e+01 2.582978483746730802e+01 3.194528281340732789e+01 3.391665971009788905e+01
8.219212161161246399e+01 1.026585457801788124e+02 8.886248624285678943e+01 8.353367884654045383e+01 9.379128632292726309e+01 1.142014272710111129e+02 1.156235402216904760e+02 9.579526473172532519e+01 1.016028321635010343e+02 9.274560229061803796e+01 9.058231763123305313e+01 8.990075323250502493e+01 1.039145540091380866e+02 1.029326648199978678e+02 1.111657241466057258e+02 9.736871750188255703e+01 7.701629100711869569e+01 6.491045392140783576e+01 5.813160351497254652e+01 5.258928179199706676e+01 4.741964131244089486e+01 4.258354993604653060e+01 5.718620666365326599e+01 5.378749592189264916e+01 5.053509350482874396e+01 3.966700858722542478e+01 4.103520065634221936e+01 2.102822786264357546e+01 3.792951616601327913e+01 3.057505602870339345e+01 5.058477125582480483e+01 5.100358672192030696e+01 3.676964482008199298e+01 1.673693358820861121e+01 3.677076524696179405e+01 4.575431627807538604e+01 2.575431627160235237e+01
9.244649001686454426e+01 1.110510722319274635e+02 1.092886429103960069e+02 9.537749000623868767e+01 1.123839793042483279e+02 1.225526607516436428e+02 1.239016414816519216e+02 1.156235402216904760e+02 1.207711733616382332e+02 1.125448818939896540e+02 1.103728753797624904e+02 1.096900931584277004e+02 1.078585131229558414e+02 9.940161326089587135e+01 1.078585131229558414e+02 9.997951778774596221e+01 7.966960196827284335e+01 8.561823858646859264e+01 7.862534262152819053e+01 5.769542775710091576e+01 4.897067646905227178e+01 4.192328872249153449e+01 3.617089771266226705e+01 3.296326181710136183e+01 2.990131154060475893e+01 2.692070664226567445e+01 2.429556403019047650e+01 4.103520065634221936e+01 4.932428870006788912e+01 4.472273256787463680e+01 5.887411758985712140e+01 4.530222414074010118e+01 2.529417951590877323e+01 3.091078146464144183e+01 4.506235784816407630e+01 4.206933721409819782e+01 3.378506596663800821e+01
1.128706015434931516e+02 1.212262561171729089e+02 1.241167213830954950e+02 1.157699477849410243e+02 1.139981816190324082e+02 1.145631983199205592e+02 1.171666497183808673e+02 1.089612747730709543e+02 1.075853965326400044e+02 9.937379742644282032e+01 1.019501211664881453e+02 1.101594012788685433e+02 9.755308288696494401e+01 7.871035471129998484e+01 9.755308288696494401e+01 1.082855654700972821e+02 9.997951778774596221e+01 9.312956194042850200e+01 7.261749826800583207e+01 7.008074065857152846e+01 6.304405259539845474e+01 6.304405259539844764e+01 4.601555216026359574e+01 5.352964537402107936e+01 3.605364832642561623e+01 4.030640470922303820e+01 3.108998254720130205e+01 3.499099755712560977e+01 5.501213244256742740e+01 6.473698455943898011e+01 5.685229471949954672e+01 3.684698564608171978e+01 3.684698564608171978e+01 5.091801756952663993e+01 4.533207135043073066e+01 2.533207135043002367e+01 1.378506596663730477e+01
1.089961270899022452e+02 1.172917436526229977e+02 1.180993367248990182e+02 1.081762070992507887e+02 9.415824542859559187e+01 9.472789369329416331e+01 1.087437203272791493e+02 8.904547919904862852e+01 9.270009578043173804e+01 7.935269248842476486e+01 8.195948546396540735e+01 1.019501211664881453e+02 8.905598398609792810e+01 6.831745180665217276e+01 8.905598398609792810e+01 9.831629694996438218e+01 1.067680180494197515e+02 1.014659170711053378e+02 9.312956194042850200e+01 9.070392784403756536e+01 8.382953211554888640e+01 7.539799419672854697e+01 5.841877555628364149e+01 4.721333770690950615e+01 4.702789438131057409e+01 5.376011213083486240e+01 3.884668506311636804e+01 5.501213244256742740e+01 4.914747796676950742e+01 6.917066081667076105e+01 6.515033111529753285e+01 4.839607416557506525e+01 5.685229471949953961e+01 6.515033111529753285e+01 5.361634259789292400e+01 4.206933721410020866e+01 3.378506596663800821e+01
8.877652995581630080e+01 1.089961270899022452e+02 1.099059686715908413e+02 9.003248772934293243e+01 7.995489744513378128e+01 8.053124449203099289e+01 9.876910386039764944e+01 9.270009578043173804e+01 7.260077051268004311e+01 6.765802057769411704e+01 8.781460710100435563e+01 9.581158054555832848e+01 8.214313992628262895e+01 6.136913320134561900e+01 8.214313992628262895e+01 7.762563105066784885e+01 9.487068837714281244e+01 9.752256439819230138e+01 8.753340844542861987e+01 7.925812070083917149e+01 8.753340844542861987e+01 8.479219209411512281e+01 7.352071939568551784e+01 5.748833297690460853e+01 6.027971092732246206e+01 6.730182363871981011e+01 4.907477810779150929e+01 6.730182363871981011e+01 6.917066081667076105e+01 7.745979328798506458e+01 7.670905861450178520e+01 6.840370681616451520e+01 6.264050615822999646e+01 5.435623491144016839e+01 5.584925989449754979e+01 4.884651139498982531e+01 3.729950601119710996e+01
8.614562508222097392e+01 1.063824480062759221e+02 1.180993367248990182e+02 1.081762070992507887e+02 9.053438220179570806e+01 7.039697507812640254e+01 8.341473363546465691e+01 7.978898645328010275e+01 7.632555910078926331e+01 6.090439261773717305e+01 8.109574492656763312e+01 8.731453930526753027e+01 6.658830455599924392e+01 5.539783511340782240e+01 7.439644367970591077e+01 6.563080014890924474e+01 8.637053542329292100e+01 8.628105232591818208e+01 6.918410737907439056e+01 5.911009405730970201e+01 7.691319494468547191e+01 8.278062504324259407e+01 8.458142989646995602e+01 7.643631163650388771e+01 7.925138899740647958e+01 7.727052585508971561e+01 6.906034493223678794e+01 7.727052585508971561e+01 7.664110141397169684e+01 6.844225590764798994e+01 7.664110141397169684e+01 6.849837053516991148e+01 4.849837053517133256e+01 3.435623491144087893e+01 3.584925989449826034e+01 4.056224014752763196e+01 2.056224014752692497e+01
1.030341368042195853e+02 1.146854863954011279e+02 1.135716084496418574e+02 1.053767656558391081e+02 9.833019906928396381e+01 8.341473363546465691e+01 6.322742768594098095e+01 5.959390816961618498e+01 5.612765068733909146e+01 5.600054835099672346e+01 7.619861736898059235e+01 8.505485768674684266e+01 6.431795015556997441e+01 4.978984364442878530e+01 5.371714386452372736e+01 7.439644367970591077e+01 8.638440707468924984e+01 7.800203483946974359e+01 5.787003905017087391e+01 4.902406903432130747e+01 5.677409089570914347e+01 6.267269790463290491e+01 7.840125499994692859e+01 7.274056559031016889e+01 6.458633451156735816e+01 6.205098513887083556e+01 7.019578996205459021e+01 6.770463338604696446e+01 5.955230621793710100e+01 4.899363088954500256e+01 6.686624446873307193e+01 6.633626661230417199e+01 5.478926122881743765e+01 4.170712427076709616e+01 2.170712427076780671e+01 3.227903385494662558e+01 2.801501952783480931e+01
1.167940229608774416e+02 1.193640265541848180e+02 9.958305249129344361e+01 8.544606558609662272e+01 7.829130484579827964e+01 7.187471894988927090e+01 8.341473363480550063e+01 7.978898645328010275e+01 7.156486643247734492e+01 5.136801395160068751e+01 7.156478430480871111e+01 8.029749433058074715e+01 5.960441006860615687e+01 4.529375293389273338e+01 4.705449179753041022e+01 5.725621860121259488e+01 7.785958649484803118e+01 7.580728329266202081e+01 5.566470431968814836e+01 4.143171978334734717e+01 4.253684347651751807e+01 4.997332590260575103e+01 7.010561642583282094e+01 6.458633451156735816e+01 4.532123509606868339e+01 4.284750736133801041e+01 5.903090034318945811e+01 5.655489258476173831e+01 4.039345765860774407e+01 3.958497170286773326e+01 5.871794339859648204e+01 5.805199536558969697e+01 3.805199536559040752e+01 2.650498998179830323e+01 1.894570052161389029e+01 1.227903385494733968e+01 8.015019527835166357e+00
1.180906866681864358e+02 1.251494555686933410e+02 1.053767656558391081e+02 1.053767656558391081e+02 9.443071079933916678e+01 8.545395047923652498e+01 7.717396317737056677e+01 8.190821215441947345e+01 6.891288967230455853e+01 4.872097795556907585e+01 6.891288967230455853e+01 7.588873604435718789e+01 5.528960256884462154e+01 4.118815310348447412e+01 4.091820810844858869e+01 6.103482858861934091e+01 7.434004160986211218e+01 6.588678008377763717e+01 6.790671381279813090e+01 4.776966500450921416e+01 3.358814460991578699e+01 5.366758739282219892e+01 6.957543889918800062e+01 6.458633451156735816e+01 4.532123509606868339e+01 3.205489192070693605e+01 4.324430141734468691e+01 4.108560809137208025e+01 2.961097428705150847e+01 4.849093984484500908e+01 5.172418716092904134e+01 5.989923188892704076e+01 5.478926122881743765e+01 4.650498998179759269e+01 3.894570052161317619e+01 2.642116947867803844e+01 2.801501952783480931e+01
1.263596043391839032e+02 1.178953522436309953e+02 1.096951571151706872e+02 1.003215204733948127e+02 8.032031645168973455e+01 6.604370217792386200e+01 5.699654136420479489e+01 6.176135850131507254e+01 6.632758034231760291e+01 4.614395816448520549e+01 6.632758052700408768e+01 8.193362820297733151e+01 6.132176966358604631e+01 5.584200036193371375e+01 3.594344350471933325e+01 5.164588040335484465e+01 6.009894975063799905e+01 4.626604077930328174e+01 4.986643393872774510e+01 4.965141038017515029e+01 2.960167270883099278e+01 4.114870424157068385e+01 6.126711019257317759e+01 6.705644165777363241e+01 5.903090034318866941e+01 4.324430141734468691e+01 2.428326625524175597e+01 2.206190084632734738e+01 4.107372220654227135e+01 4.845071846419672568e+01 3.199125781806388957e+01 4.850584918418735469e+01 5.507358390658367853e+01 4.698780524236259737e+01 4.539265666638688401e+01 4.642116947867667420e+01 3.415418881323054734e+01
1.108911348502562788e+02 1.064275997614897022e+02 8.980521016584935978e+01 1.064275997614897022e+02 9.443071079933916678e+01 8.545395047923652498e+01 6.766223531673682601e+01 4.748141724370164951e+01 6.029324160830739743e+01 4.363325232136502763e+01 6.380462845580992592e+01 8.094543107049990738e+01 7.259855006654834142e+01 6.381599997653934508e+01 5.157864104550411355e+01 3.181749984590211966e+01 5.164574022784873364e+01 4.953802006302758798e+01 3.084514730277856032e+01 4.098756725054290229e+01 2.596218182382630246e+01 4.599097892518278741e+01 4.728011310366149189e+01 4.721472508197635420e+01 5.147413130946533499e+01 4.236984707281352769e+01 3.632954079560025207e+01 1.697803519219925761e+01 3.174855047400671992e+01 2.902967428165289121e+01 2.064302651250283915e+01 3.761078473682775325e+01 3.970792372891954614e+01 2.682403939903203849e+01 2.563419292403806082e+01 3.962867731215369105e+01 3.417867793396111153e+01
1.025244060835691897e+02 9.821169088981268658e+01 7.818217289263415637e+01 8.750546318014629321e+01 9.575183188008207935e+01 8.776506054968497494e+01 6.766223531673657021e+01 5.438722854457419231e+01 4.014550049522305386e+01 5.722074105745138439e+01 6.554319774124665798e+01 7.259855006719527637e+01 5.234611561088059517e+01 5.808428236549407586e+01 4.842741206485016647e+01 2.901315353408238096e+01 4.513360757968082027e+01 4.218349848055137841e+01 2.217066837599746876e+01 2.099335542403088795e+01 3.900920393830366351e+01 3.832168094945267711e+01 2.725834353965656831e+01 4.496902331159481747e+01 4.052288698268750977e+01 2.375330638612757639e+01 3.251698763628223787e+01 1.381183844851612008e+01 1.438764813065287029e+01 9.599976971659403446e+00 2.674385703383612167e+01 2.183231633647812231e+01 1.149641239874164356e+01 2.496297321366997934e+01 1.247479551796952357e+01 3.123253108400606948e+01 2.805566228363221626e+01
