MOVIE_S13_data/elevation_000420.asc
nrows	150
cellsize	150.0
xllcorner	0
ncols	150
yllcorner	0
NODATA_value	-9999
[rows 17 to 33 of 150, columns 74 to 110 of 150]
4.453880987868438268e+01 6.220507782006443165e+01 5.631830323700896912e+01 7.641947118592594279e+01 7.315149188096602018e+01 6.727992892067494779e+01 8.142608083111608153e+01 9.573125598048727625e+01 7.804489172047072998e+01 5.805863234746427537e+01 7.804489172047072998e+01 7.673965994103446064e+01 5.614288791578783844e+01 6.683713942536962804e+01 8.872224927041597198e+01 9.226363559631218436e+01 8.220223699923320737e+01 8.420910335829363191e+01 7.511295765297548144e+01 6.671388998759711342e+01 6.026329526866148001e+01 4.787371450918487881e+01 2.784078368600023623e+01 4.144770471417453450e+01 3.593716903072188984e+01 2.930490263641138782e+01 1.146796246171067502e+01 3.158052798605505629e+01 3.107336804495645310e+01 3.936957733194417131e+01 2.269109856204731557e+01 2.522786745881450798e+01 2.787032073708969193e+01 4.813526890294118488e+01 6.060330770367637143e+01 7.505427296845715546e+01 7.018289643999352734e+01
3.450136154550843059e+01 4.208239854522135204e+01 6.220579901947706958e+01 7.069217820108285366e+01 6.239441526115634673e+01 5.302684428419234308e+01 7.315149188080287956e+01 8.422865627300359392e+01 8.633284706256311836e+01 6.959349933571658653e+01 8.633284706256311836e+01 8.511961621481358975e+01 6.811890576778662876e+01 8.511961621481358975e+01 9.656339068274490955e+01 8.148031431046398154e+01 6.652502175143368390e+01 7.215501213361100952e+01 6.635307140222867872e+01 5.825139993118894211e+01 5.978130502016664849e+01 5.593931056761254439e+01 4.163646118734964574e+01 2.115593469024121021e+01 1.656429847710285941e+01 1.228721025476789386e+01 1.698618616078185539e+01 3.344160086861101178e+01 5.135988917976118984e+01 5.143577594708777667e+01 3.701602646471106084e+01 3.680864929122447649e+01 4.813526890294132699e+01 3.181731784297480559e+01 4.615234175484769708e+01 5.657537177945725659e+01 7.704748515381763241e+01
4.671571249570625639e+01 5.249780075882322450e+01 5.523364400681143138e+01 5.805111737011158368e+01 4.225535952278282537e+01 4.575375667284772874e+01 5.584291531553946442e+01 7.009402953412578086e+01 9.012353779321506408e+01 8.958970841528532958e+01 9.788128862355883086e+01 9.684837147622276632e+01 8.851582914147157055e+01 8.805446250403586816e+01 7.994138333523049766e+01 7.838922972002853840e+01 7.288126796561701326e+01 5.336115011704490030e+01 4.408224951436099559e+01 3.608566982731393580e+01 4.053396239178648841e+01 4.387929983374657894e+01 4.160216197721349829e+01 3.630544833975525165e+01 1.539039252579366490e+01 3.221037178212127117e+01 1.314714965650114031e+01 3.284107364483490699e+01 4.792662790032468934e+01 5.683511764242947351e+01 5.827729860660887340e+01 5.115092818356134075e+01 6.060326154610997662e+01 4.348414074793225126e+01 3.612364464404782183e+01 5.657537177969540210e+01 6.802485876190688430e+01
2.973799378017265482e+01 3.240893468508608777e+01 3.512939354198280029e+01 3.793087173167187842e+01 5.805111737011158368e+01 6.590172339421242498e+01 5.124137443302383588e+01 7.138378916737207192e+01 8.593253202546691227e+01 8.593253933630153085e+01 1.058655936695631965e+02 9.672384568429394847e+01 8.553172012461735108e+01 7.698577357897985962e+01 6.094182251605313638e+01 5.939458565713297844e+01 6.838795015163952939e+01 5.556976303994489541e+01 5.760851865010400275e+01 4.617137886190443652e+01 2.646340352682430463e+01 2.390746408400518419e+01 2.129587259768848639e+01 1.877656131293940689e+01 3.630544797382505351e+01 3.333302894351709966e+01 1.375292716456724484e+01 3.164053788066716066e+01 2.708998729910222281e+01 4.192466561481203513e+01 6.327135012899280753e+01 7.133251204146277757e+01 7.241368363475741887e+01 6.402241695930078436e+01 4.627530854432016838e+01 4.092616876250281166e+01 4.736425774251787857e+01
4.981333981218138973e+01 3.528538773411696639e+01 5.523364400681143138e+01 5.803006891439682136e+01 5.215937763672454963e+01 7.227687987059366037e+01 5.684524483847529552e+01 5.948920592993851386e+01 6.587515621756081430e+01 8.008575522441132932e+01 1.000479261138252838e+02 8.854328436563517357e+01 6.930884892592483482e+01 5.850706427835461909e+01 5.014468254247838530e+01 4.607632814593570458e+01 5.962905609955164010e+01 4.683249411677935115e+01 4.967119888322827137e+01 3.032675441396578009e+01 4.617134788815678803e+01 4.387929983374657894e+01 2.998811088128893232e+01 3.365796247084661275e+01 4.745768271572742236e+01 3.952907652761027180e+01 3.060829009622241870e+01 1.459870334060846098e+01 3.531545083044860434e+01 5.057690619770109919e+01 5.924799738205199162e+01 7.605803963505732668e+01 8.442403517061146090e+01 7.525348303020436447e+01 6.088150791792261174e+01 6.149140305698033870e+01 4.692373072743647811e+01
6.250827520539541382e+01 5.538817793976087955e+01 4.107192438040599569e+01 6.119673402775002558e+01 7.227573080775367487e+01 8.055686112435763846e+01 6.267989198941292273e+01 7.958983737946719828e+01 8.593253971071600006e+01 8.227158822684667427e+01 1.022219057870190824e+02 9.067918827697300799e+01 7.139012089758632840e+01 5.811914573353406865e+01 6.897198178179375816e+01 5.962905849447114548e+01 4.068611167509305204e+01 3.733687483309898170e+01 3.434842668958751233e+01 4.013190575729304044e+01 5.760696842269062756e+01 5.759844928689667398e+01 3.998332906206132975e+01 5.325739904622788856e+01 5.427500339007510632e+01 3.535652572240810088e+01 3.413562620055571983e+01 1.518901678116107767e+01 2.904636335583137097e+01 3.093944817088990007e+01 5.093672080089708487e+01 5.585096746508251186e+01 6.857874285519839930e+01 7.694537017760411857e+01 8.134605505120150326e+01 7.596157703800994909e+01 6.158378077285065189e+01
6.841528052591260689e+01 6.790392756043218014e+01 4.777629885168038015e+01 4.896422788292571937e+01 6.060676711853197673e+01 8.068392703490476947e+01 7.690760954644179037e+01 7.218188726311299774e+01 9.219422174778249257e+01 1.022219057870190824e+02 9.941698706991385848e+01 7.988106476171617487e+01 6.891534157208785416e+01 7.139012089758632840e+01 7.301760940430810365e+01 5.408333912709404956e+01 5.962902306718742551e+01 4.516512715678356926e+01 4.293658843833776473e+01 5.921047696781874237e+01 5.921047237969629862e+01 6.723323192169019080e+01 5.924607296277653745e+01 6.723317201312163149e+01 4.986462451613009961e+01 2.992881717377368744e+01 1.612058569631619065e+01 3.480794429886220342e+01 1.680646280211513854e+01 3.067748650824897183e+01 5.071875522815593484e+01 4.426472542478109773e+01 4.842530744382705166e+01 6.857874583014780967e+01 6.908581366483282693e+01 7.746948113620433674e+01 8.206876518380428820e+01
7.527554576737649938e+01 7.549669398642348028e+01 5.539927700619145412e+01 5.568720680384310384e+01 7.579395526515837389e+01 8.894268335518884783e+01 9.689000202857357635e+01 8.376798665816555456e+01 8.635905411309936142e+01 1.062815625901554029e+02 1.076546019826707834e+02 9.631610289208161646e+01 8.813791706640832047e+01 9.067918827697300799e+01 8.106679762550713519e+01 7.301760940430810365e+01 5.847940996025357663e+01 6.404176886419047321e+01 5.380944734359716364e+01 6.973836033800087364e+01 7.830585942691413948e+01 6.750844168717546268e+01 5.914171738343193141e+01 5.982638603681571965e+01 4.573610980921643687e+01 3.646879437698211746e+01 1.676742709414636323e+01 2.372613493454954892e+01 1.795689698213260499e+01 3.779073357508695352e+01 4.535269220885359687e+01 3.426135401969361993e+01 5.432810000416186114e+01 5.483439258451004150e+01 4.893126611972444806e+01 6.908581366483282693e+01 7.702223098618905794e+01
8.325760252183658849e+01 8.372530441951435876e+01 6.548418827943552856e+01 7.579369313864923186e+01 6.732700976970561157e+01 7.892867127464464261e+01 9.887645026657614267e+01 9.788798217668644952e+01 1.062815625901554029e+02 1.144931591495021479e+02 1.025127809474003158e+02 9.418529351728780341e+01 9.157883954815648053e+01 9.990523105385489089e+01 9.940775896738036010e+01 8.555147272883750986e+01 7.182177286413138972e+01 8.072768481815639063e+01 7.270176830673452173e+01 7.358355294608925590e+01 6.526055207817888970e+01 5.914171744118335283e+01 3.887563144458623299e+01 4.465055144068730186e+01 3.162109735693596591e+01 1.767726574732701650e+01 3.646876540486326235e+01 4.299751190113209276e+01 3.191606123313663446e+01 1.963927462054375894e+01 2.533176246277414023e+01 4.275921634750923772e+01 4.410936810488855997e+01 3.477035677354331256e+01 5.483349518931742494e+01 7.000754268337551878e+01 5.681559211560262668e+01
9.436044584504304567e+01 9.365362624145664938e+01 8.545527026659453895e+01 9.364302501525753542e+01 8.735959469584929593e+01 9.558731840807782021e+01 1.070800848911622580e+02 1.177474066636613941e+02 1.105170502394173724e+02 1.021856452755622655e+02 9.418529351728780341e+01 7.411773759572496090e+01 7.151571405398355807e+01 8.831525927156269518e+01 7.933024077371253213e+01 9.353348237807870191e+01 9.110755427211071833e+01 7.993847299087224201e+01 6.993678827483232396e+01 6.162694639951500619e+01 4.530102186797191877e+01 4.896366390502313948e+01 4.353390550320231256e+01 2.583275990812186151e+01 1.860419208099997945e+01 3.746761533347268625e+01 4.574125694775106155e+01 6.017542495928492485e+01 4.788922412012934160e+01 3.957325084803634496e+01 2.142896308990756182e+01 2.274963741946332618e+01 2.409155738042467476e+01 4.410946894606944113e+01 4.158818181268175351e+01 5.325927462491274156e+01 4.263584619573698831e+01
8.421042584036534606e+01 9.241624840581206968e+01 1.010473872370603914e+02 9.313413590100599038e+01 9.159521452428469956e+01 9.969344701485036353e+01 1.095123718029447133e+02 1.053891217398332429e+02 9.705941205262118388e+01 8.211478363616207332e+01 8.579785537071859380e+01 7.999538864331046284e+01 5.990650132090510027e+01 7.101136512086632990e+01 6.512976259668133139e+01 8.148181317189126105e+01 8.978723383271787384e+01 7.160444760379864704e+01 5.164944519819107427e+01 4.168255829285376279e+01 3.502881105742483925e+01 2.898472006497055986e+01 2.411306070195766793e+01 1.956373305500410709e+01 3.846790895163068313e+01 3.262853945786507381e+01 5.267221123736766941e+01 6.202011466449069133e+01 4.188446814406414376e+01 3.033741013109904827e+01 4.141962955503622368e+01 4.275945179314193467e+01 4.410537855103457616e+01 2.604758835719173149e+01 2.745256495038972488e+01 3.321882881741174032e+01 5.325974843704377548e+01
6.424134902535548974e+01 8.245491720022729965e+01 8.987240087223355545e+01 7.333324580484124056e+01 7.179612059420104231e+01 8.174025859645576020e+01 1.014504355358327814e+02 9.705941205262118388e+01 7.700350528209960999e+01 8.287774437234023139e+01 6.573267775712645289e+01 8.514244671851318458e+01 7.101136512086632990e+01 5.090811693708303665e+01 6.740989677790504686e+01 6.158111815893563090e+01 8.148181317189126105e+01 7.993847274088061283e+01 6.993679040421950788e+01 6.162694639921299000e+01 5.497881703045321444e+01 4.896366390506163668e+01 4.022280846968433821e+01 2.026505951272415729e+01 4.021278054332756824e+01 5.264715472065503121e+01 6.090786161200730930e+01 7.044137787402475226e+01 5.875947980251248737e+01 4.033405524945505505e+01 5.875949632672899270e+01 6.027597544122538409e+01 4.018399118538782488e+01 4.606868039442439056e+01 4.747444583779039817e+01 2.952381043496608015e+01 4.954588642382226737e+01
5.406254317580086877e+01 7.030533126961483958e+01 7.418565207776053683e+01 6.176021710355460215e+01 8.173880549315742883e+01 9.969344701485036353e+01 1.095123718029447133e+02 9.445234275389961454e+01 7.440455027983414027e+01 6.280118892790582663e+01 5.671530166051115174e+01 7.012139064736210514e+01 6.613561125946345953e+01 4.604478863290193402e+01 4.763714911708604660e+01 6.407996963652593081e+01 7.121866576112381608e+01 8.096311191949800445e+01 7.620171783952697808e+01 6.779968614131516347e+01 6.776448955179789380e+01 5.508054351085549882e+01 3.510241089480225440e+01 2.097967168465299181e+01 4.090414104898704295e+01 4.655731088868959944e+01 5.487939673921142969e+01 6.812093009584091874e+01 6.883815142440707291e+01 6.044141989554658778e+01 6.884295435745686120e+01 6.864891009208263029e+01 6.027624319724111501e+01 5.712596867230244158e+01 3.707095612540859264e+01 4.954588642382226737e+01 3.169675850463415756e+01
4.628325632515136334e+01 5.003930300871692083e+01 5.402549674705584692e+01 6.834958245637979246e+01 8.827517050865149884e+01 9.987577960435078239e+01 1.097912004266875243e+02 1.027809165167733170e+02 9.119631351096644778e+01 8.287774437234023139e+01 7.012139064736210514e+01 5.001043500538641240e+01 4.641678111512325700e+01 4.293014510070795353e+01 3.954944334947018092e+01 4.427584511007374601e+01 5.376059104349523921e+01 6.493863681514049802e+01 6.779968614027292517e+01 4.737081097020710985e+01 4.734638702069484850e+01 5.047141766483880332e+01 4.169273587343438692e+01 2.170482138669924410e+01 2.432922350611269380e+01 2.683997867000898196e+01 4.659972920913383376e+01 4.805021492426937613e+01 6.224061332361222298e+01 7.122479664766498786e+01 8.278742868748547323e+01 7.737500925129535290e+01 5.715972013227305837e+01 4.558712797080159618e+01 5.712596867230244158e+01 6.007314477000221586e+01 5.171847542558159461e+01
6.194235780423920801e+01 7.030533126961483958e+01 7.418565207776053683e+01 6.420983601483102632e+01 7.179671771915310785e+01 8.174615521951731978e+01 1.016030494152977610e+02 1.007246608688640919e+02 8.065841736326983380e+01 6.907951587433727525e+01 6.007442879401875757e+01 6.423843933495348324e+01 6.650935638420489227e+01 6.301168799829009259e+01 5.601681789788101185e+01 3.596929849436134674e+01 5.257869668450017997e+01 4.487423592216568125e+01 4.895787066495310569e+01 4.720192249334171208e+01 3.308760608835039818e+01 3.693928913464822728e+01 2.278182517953006681e+01 4.140873074360567330e+01 4.384629830020348606e+01 4.659972920913383376e+01 3.062245788318315931e+01 3.360852311674383230e+01 4.281440422294019044e+01 5.446488010636905841e+01 7.447329185541097729e+01 8.576391044046768286e+01 7.408629864704421664e+01 5.453937869780978787e+01 7.408629864704421664e+01 6.815420244842198372e+01 4.802932043096630821e+01
7.022805214406861296e+01 8.296933423131179097e+01 7.475403368410113103e+01 8.051809369497628666e+01 8.871917985438759047e+01 9.987577960435078239e+01 1.097912004266875243e+02 1.090573651638543993e+02 9.746354327329321166e+01 8.848772569836074808e+01 8.016835250070539587e+01 8.432409149255957459e+01 7.143765389244062192e+01 6.311832031849067448e+01 5.985588101395878624e+01 5.257869668450017997e+01 3.264047986462906437e+01 3.086460725588643328e+01 2.909458439002232311e+01 2.733758187810801488e+01 2.558161124229625472e+01 2.387468067511835557e+01 4.277479845719094698e+01 3.173209601615626951e+01 5.169941489729178841e+01 5.911502225887122108e+01 4.491290421615327944e+01 5.392931702564135321e+01 3.872920495303342392e+01 5.898069717235785703e+01 7.285864118982951254e+01 8.182008094873322079e+01 8.312626622813375832e+01 6.879472634527762409e+01 8.312626622813375832e+01 7.653475423601099692e+01 6.815420244842198372e+01
6.310894977212069534e+01 6.742001727156076640e+01 5.466900255279367826e+01 6.055080410155272830e+01 8.051809369497628666e+01 9.863721313648784417e+01 1.085383324351684848e+02 1.054782122566591482e+02 9.389345896823422777e+01 8.557376330379379681e+01 7.923427919266194408e+01 7.343849363552321563e+01 6.311832060133696842e+01 4.300729233219201575e+01 3.975191339147922776e+01 3.665902911614749371e+01 5.257852363154218267e+01 5.075096288309198655e+01 4.051337437102934302e+01 4.408261060045539637e+01 2.513661114658093609e+01 2.780505495978223252e+01 4.777574803912374790e+01 5.169953887152728100e+01 4.241512722026172355e+01 6.236112101940111074e+01 6.501183219316764905e+01 6.726307720553974434e+01 4.894415286351073746e+01 4.447643374005305361e+01 5.230880229633966394e+01 6.711333947979686343e+01 8.799399456865775448e+01 8.907894920572704223e+01 9.366502449590232970e+01 8.528857106868950666e+01 7.559271728491967224e+01
