MOVIE_S13_data/elevation_000704.asc
nrows	150
cellsize	150.0
xllcorner	0
ncols	150
yllcorner	0
NODATA_value	-9999
[rows 68 to 84 of 150, columns 111 to 147 of 150]
8.008555223053885186e+01 8.350836144769859004e+01 8.230684529307686148e+01 8.230684529307686148e+01 1.023421049617756182e+02 9.320334415901577074e+01 8.494078109020111356e+01 7.698492242760609372e+01 5.695728979394393576e+01 7.115329868144686998e+01 8.785095312686176783e+01 9.935482286658279349e+01 9.344324599730771297e+01 7.727155035021667118e+01 7.590742554354390847e+01 7.447853629418666799e+01 8.801316952873544608e+01 1.073581718236124942e+02 1.059115713090052537e+02 9.975682760504163582e+01 8.819250992012337065e+01 7.989131312129238438e+01 7.232763522651652011e+01 6.987620652026146217e+01 5.427728465038473615e+01 3.427418854266421988e+01 4.778742329516604315e+01 3.918063624471923845e+01 3.903359599778352163e+01 1.903232147916331130e+01 1.673816414045495549e+01 3.368294022067229321e+01 4.223261131072950292e+01 4.477348531955220068e+01 2.810652604956550960e+01 3.169492902103982956e+01 2.343991806137196576e+01
6.800793716181760828e+01 7.689474923463423295e+01 6.231951130023852414e+01 8.060626610410835724e+01 8.581284740266362121e+01 7.754651098447287438e+01 6.497472918817317122e+01 7.181380991708866190e+01 5.170999362494089269e+01 5.958149921285427553e+01 7.117621321996033146e+01 9.109893018078487614e+01 8.539534290686724205e+01 6.617514385375496033e+01 6.229388277167662125e+01 8.153563016824615772e+01 9.427085776591992783e+01 1.003166209277890459e+02 8.654899225773075955e+01 9.772058686331627086e+01 1.058489574825227919e+02 9.144436746520106851e+01 7.573160317889190196e+01 5.572101919280521543e+01 4.157724174000433948e+01 5.427728465038473615e+01 6.256944523287306481e+01 5.918543554447976618e+01 4.732253698533426700e+01 3.903359599778505640e+01 2.066048684912708211e+01 3.221546233138538184e+01 5.234314026116296503e+01 5.627133236785425652e+01 4.808372273821171916e+01 3.376754143555195498e+01 1.376934318807529145e+01
4.758333821874263947e+01 6.160302793666149768e+01 5.227632169268792239e+01 7.231317829665776742e+01 7.754622947414658540e+01 5.749656709333787319e+01 5.332463634972369704e+01 6.181279279286026451e+01 4.676027909738255772e+01 5.847484040093416979e+01 7.266415234500300357e+01 9.258453597224230691e+01 9.344324599730771297e+01 7.512171436938959346e+01 5.576086657959920245e+01 6.699827418054572092e+01 8.621854003347390005e+01 9.066734642165128832e+01 7.302435118050722451e+01 7.846296275214318428e+01 9.466867195119297662e+01 8.314126191419127565e+01 6.312708239900597817e+01 5.157789711016456380e+01 5.572101919280521543e+01 6.987620652026146217e+01 6.896664769283046326e+01 5.249940446075104461e+01 3.249118254130944194e+01 2.732716602350499002e+01 3.220795444706899247e+01 4.895656094185759599e+01 6.075174617293312451e+01 5.732855207519027374e+01 3.733931353323308855e+01 2.319743275891419998e+01 3.376754143555201182e+01
3.571454763325168358e+01 4.142150383710772843e+01 5.573716710709422273e+01 7.576446870639577469e+01 7.539875367249204885e+01 6.336724837072040373e+01 4.313542442391182163e+01 4.155551439982833983e+01 6.181279279285980266e+01 5.958149921285427553e+01 7.959654418127293241e+01 8.362711212931401406e+01 7.559330423302269253e+01 7.089683101152142797e+01 5.142996548173977800e+01 6.525305591508883651e+01 8.452210939231233056e+01 8.262225577054789483e+01 6.341880923985007712e+01 6.740091486273203714e+01 8.604585004281904048e+01 8.793117221326203037e+01 6.791259208497700683e+01 7.158606998348955130e+01 7.573160317889190196e+01 7.482700664395645163e+01 5.480546875388627370e+01 4.065672977466640958e+01 5.249940446075104461e+01 4.147148129960609708e+01 5.221657181464479436e+01 6.051139017397061792e+01 6.996139720731208911e+01 4.998711450893360109e+01 3.584644313505298641e+01 4.319402581692770582e+01 3.724682720344224407e+01
4.901927930272559308e+01 6.160302216932790031e+01 6.989855359426518078e+01 7.161296545199857633e+01 6.118031649902670210e+01 4.694826857121024943e+01 3.663382191591935566e+01 5.107406206401293502e+01 7.009902373961642752e+01 7.376250337746235175e+01 8.785095417759831093e+01 7.559330423302269253e+01 5.617616991603463106e+01 6.186331688627031156e+01 4.743038403812157355e+01 6.134329552213842618e+01 8.066829869817036069e+01 7.536403522261183241e+01 5.605521525183942089e+01 5.873792235340422252e+01 7.238120688397415847e+01 9.161658956896675932e+01 8.793117221326203037e+01 8.421712835311124934e+01 8.749364893019523493e+01 6.746592896463667444e+01 5.331110413580206853e+01 5.480546875388627370e+01 6.896664769283046326e+01 6.148499509646849503e+01 6.610940912727699015e+01 5.783178984931671351e+01 5.783802104547253009e+01 6.408595144509708064e+01 5.583744646191723149e+01 4.310469157971326126e+01 2.310469157971255427e+01
4.358935544562380215e+01 5.195171253215999485e+01 6.535191552617489208e+01 5.734447540129005461e+01 4.307598535058150446e+01 3.245948319173465535e+01 4.694827888005821137e+01 6.527456542669092698e+01 7.947506878846954237e+01 9.368116461327748823e+01 8.672901141921353485e+01 6.744140079452307646e+01 5.364436705105218550e+01 4.215977785384407639e+01 6.186331688609838864e+01 7.502602128556603134e+01 8.101898102891955489e+01 6.892775872614757304e+01 4.947362310750148140e+01 6.892774829312467944e+01 8.387640340421975793e+01 8.306257395265008370e+01 7.496629763252576595e+01 6.485748566076952670e+01 7.862202500095635571e+01 8.163224848664356159e+01 7.333191233084357918e+01 7.482700664395645163e+01 8.060867039511728649e+01 6.907093232177295761e+01 5.783170654195012617e+01 3.783298894002262358e+01 3.783304547851609811e+01 5.197226343153454309e+01 4.668160540108472389e+01 4.847026565739441395e+01 3.724682720344425491e+01
2.319233462032641313e+01 3.671596013916234824e+01 5.103416796833235480e+01 4.533480077587245205e+01 2.856516770178974696e+01 4.900610072526232130e+01 6.118278852945569213e+01 7.541729817885318710e+01 8.902797880829173494e+01 8.813239238567081202e+01 7.695239306810169921e+01 6.892206249247936967e+01 5.870822555777998275e+01 3.896345142859190247e+01 5.870822555371309193e+01 7.500780830020926260e+01 6.729869785862298670e+01 5.357800392328019967e+01 4.514063596858535021e+01 5.650980256122961976e+01 7.584666027318371562e+01 7.190551869238564109e+01 5.573348153296732477e+01 5.135377649291532975e+01 6.898124328539846317e+01 7.912341292596313735e+01 7.105299728845307072e+01 7.912341292596313735e+01 7.234391455690513340e+01 5.234709932954115175e+01 4.080010291218923868e+01 3.185583108533292673e+01 2.369086527804459408e+01 3.613140473108244066e+01 2.668160540107904666e+01 2.920613644401552378e+01 2.018599440757727947e+01
4.266887704917061797e+01 2.230979814510025960e+01 4.175289364255358038e+01 2.491478909070106695e+01 4.533480077587205415e+01 5.734447540024887502e+01 6.440019920358589900e+01 6.072259912930663717e+01 8.076364301214969998e+01 8.008927066393081873e+01 6.074709873296229290e+01 4.939144693202773340e+01 4.236680010200461055e+01 3.594022322107567646e+01 4.738677083131128143e+01 6.696570530632945406e+01 5.926257747101043805e+01 3.968438757202213196e+01 5.926257522402094224e+01 7.270448969593982724e+01 7.178447664404752970e+01 6.334116084098729260e+01 4.482264118522098073e+01 4.195892770792856652e+01 6.094078510846156860e+01 6.949072465243349939e+01 5.187805612888750062e+01 6.949072465243349939e+01 7.524799541308436801e+01 5.524820424143195652e+01 4.110607460949197645e+01 3.110607461978647237e+01 2.216180270943878483e+01 1.613157581788340522e+01 1.253946977734784518e+01 9.206136444014482834e+00 6.043858783846077110e+00
5.102627283978630146e+01 4.174833789490870828e+01 2.142852356368209499e+01 4.089934895591117225e+01 4.913224671118552322e+01 5.359026626124199311e+01 4.417666648146001052e+01 5.852632786615922100e+01 7.858097905003570816e+01 8.048017578966347685e+01 7.695239306810169921e+01 6.892206249247936967e+01 5.275401270895670081e+01 3.313977159192532440e+01 4.914112403998167622e+01 5.722181309812864924e+01 5.550481270090491392e+01 3.631580414588812999e+01 4.982137957881633383e+01 6.840305432531148710e+01 6.374596689488416246e+01 4.468985620505703338e+01 3.640190439113113285e+01 3.483162739306445843e+01 4.745274073552348426e+01 5.251386477227670468e+01 4.247625417133919257e+01 6.146552670867031765e+01 7.805164877776303456e+01 6.939011833934286244e+01 5.481103478796846673e+01 3.481091412607923274e+01 3.613151267457934779e+01 3.027371144161460847e+01 2.668160540107904666e+01 2.334827206774568609e+01 2.604385878384672637e+01
4.502232831941020663e+01 2.460466417945908191e+01 4.089933556598928988e+01 2.059904106858564532e+01 3.537117311411498122e+01 3.322700980670473569e+01 5.359026626124199311e+01 6.717183322161959325e+01 7.459775963716805336e+01 6.044587830508651649e+01 7.459775963716805336e+01 7.227665334312526113e+01 5.275383344932399154e+01 4.914234338599396068e+01 2.976116983816098838e+01 4.914255198308102734e+01 4.730566980074458883e+01 3.324308584791775445e+01 4.603669739473563283e+01 6.983158026389995143e+01 6.164113968676512911e+01 4.261370700655234600e+01 2.906021990631260010e+01 2.791158342833165307e+01 2.830734736899687576e+01 3.358082027522336688e+01 5.251386477227670468e+01 6.948861650257758527e+01 5.790096016088304509e+01 7.213501933012111067e+01 6.309471053645215477e+01 4.895306930560693814e+01 5.613085889210322676e+01 5.027371144162322736e+01 4.668160540108472389e+01 4.334827206774924946e+01 3.416503328478395218e+01
2.791468727535632510e+01 4.502232831941020663e+01 4.029784329900102335e+01 2.000654439837029841e+01 3.944906723587455133e+01 2.677386704048073085e+01 3.857312584149285328e+01 5.886818794266648069e+01 6.631378818201048375e+01 4.615378060060803733e+01 6.631378818201048375e+01 7.125334181675890477e+01 5.185852129765473251e+01 4.671987924585278051e+01 2.752464108116372898e+01 4.671985311896677473e+01 2.926111626331906024e+01 4.794952182365393867e+01 6.077892186078704384e+01 7.733188507964817404e+01 6.121257965025683490e+01 4.219216123933425422e+01 3.113797977625375424e+01 2.110834012143807570e+01 4.068470703250559950e+01 5.248646987573151534e+01 6.044483473308446975e+01 6.212036089745965484e+01 4.375818672113781105e+01 6.212036089745965484e+01 7.143756380747716150e+01 6.895341450339915923e+01 6.350936333179209470e+01 5.190666417966108526e+01 4.359508467878359994e+01 3.645441258629143988e+01 3.035376405875598138e+01
4.242834043356370444e+01 5.670246850627862045e+01 4.782750197263072778e+01 3.613575151479169278e+01 1.916188617974186315e+01 3.860703361132394207e+01 4.598815337612901288e+01 5.589215993554821438e+01 5.869402154064373889e+01 3.843947402832272076e+01 5.869397343608632411e+01 6.557844148446520194e+01 4.617560494084528244e+01 3.272302010220644775e+01 2.530259383549834240e+01 4.151942221201679217e+01 2.653646144948659824e+01 3.973204384095826924e+01 5.905739813467718591e+01 6.069740058123500148e+01 6.922194444946794079e+01 5.130262484295030134e+01 3.211351056605918330e+01 1.810744336713963420e+01 3.211359211062860197e+01 5.130518671018047172e+01 5.899268244324640875e+01 5.378348203301838026e+01 3.383840451198083343e+01 4.305589126944690292e+01 6.308800987773163627e+01 5.898660484501888845e+01 5.521506217322133381e+01 3.508867077004826029e+01 2.339821404346308142e+01 1.623992674999761121e+01 1.017150439938210127e+01
6.014968774376487914e+01 7.097659646062513161e+01 5.239693399690050057e+01 3.203603789994716067e+01 3.559037529341274109e+01 1.831550999278147529e+01 2.941645733948362107e+01 4.785165095896227427e+01 4.399598545734743027e+01 3.197538792883849013e+01 5.228896724772936011e+01 6.134927798659828824e+01 5.989780724498093889e+01 4.752340639890639551e+01 2.311536062439099837e+01 2.272730678933726267e+01 4.142473244449336534e+01 5.327819864355610946e+01 6.067287238360314916e+01 4.548693170980025968e+01 6.067287238360314916e+01 4.856038270735967188e+01 2.928385322603754659e+01 1.535711204097868254e+01 3.492976641523352299e+01 4.694411932271591326e+01 3.894222532624988986e+01 3.893108751731369921e+01 2.684368616206884184e+01 4.673185352532847503e+01 5.358078660510763314e+01 3.992082534096276447e+01 4.691217702662144973e+01 5.190666415265444300e+01 4.359508467878359994e+01 3.642234922587194035e+01 2.426891479289768938e+01
6.420755631531868346e+01 7.260115033810033935e+01 5.247104894807122122e+01 5.242916636161125865e+01 3.801505907129877215e+01 1.771392872696860366e+01 3.718022980386841425e+01 3.659171969307584504e+01 2.367098526477941789e+01 4.398291851463373092e+01 4.486219840292679351e+01 4.084398713237514755e+01 5.641267308423478255e+01 5.059550372322259904e+01 3.262533310636304407e+01 1.998174890488367339e+01 3.704005683453907949e+01 4.463746457245063937e+01 5.212972913170605693e+01 3.362424460235651935e+01 4.193535132703767232e+01 4.243669613790405748e+01 3.098594948263416171e+01 1.252788160864143308e+01 2.883121943951034893e+01 2.848379220875307283e+01 3.231186223346417563e+01 1.907433178544664543e+01 3.893108751731369210e+01 5.197294899903060639e+01 4.548982802105616230e+01 2.666361831000805793e+01 2.806289263206777562e+01 4.152142103286648478e+01 5.217952312207152943e+01 5.139284099845207265e+01 3.400138483291848956e+01
7.091408368201066992e+01 6.803048968816571573e+01 4.778829351345606824e+01 3.592588498838956212e+01 2.676979588395235510e+01 3.540175727078437262e+01 1.686485943535979359e+01 1.626572161533236738e+01 3.417067631056269050e+01 3.504578444021259997e+01 2.207498351337424225e+01 3.048928460565522514e+01 4.774701561124405913e+01 5.906402025105241904e+01 4.751016349784377013e+01 3.703923940838622286e+01 1.750398208097707453e+01 3.352490039681949696e+01 4.252933007261798082e+01 4.190696943390635454e+01 2.311498837974602338e+01 3.115416559593851886e+01 8.541016067431250747e+00 2.678583276780621247e+01 1.358753379041266385e+01 2.234526968677004888e+01 1.239529736816008132e+01 3.230475904336944382e+01 3.915897004753416866e+01 3.177026284236665887e+01 4.583834950373189088e+01 3.357205762316309716e+01 1.422848671629412820e+01 2.749385645905602260e+01 2.860673063444126640e+01 4.160480423109090964e+01 3.526870909498898499e+01
7.916989051024968660e+01 7.630972279602708852e+01 6.466589804983149747e+01 5.557750792411696494e+01 3.858279588649327962e+01 4.306915895448801024e+01 2.421414312854471973e+01 3.576493058746272169e+01 1.542572638953229891e+01 1.483619160656982139e+01 1.425066950427152968e+01 2.287043649788368427e+01 3.854456284329779692e+01 4.872066671892729772e+01 4.265863822072496703e+01 3.567617289060793695e+01 3.249691660359183487e+01 1.502962754227195141e+01 3.447420604626383067e+01 3.560472873324361842e+01 1.665986593223096790e+01 2.774005694368759478e+01 7.587163115261216895e+00 7.156260157667115429e+00 6.732099698262335785e+00 6.308572435961918856e+00 1.896198176901835453e+01 2.526413052755632549e+01 1.903600571248354001e+01 1.757066895980621624e+01 3.710031641481990050e+01 2.948386786695621709e+01 1.417524774787492881e+01 2.202595862263829307e+00 1.478413171260817194e+01 2.079991958191502022e+01 2.266356739406765186e+01
8.915262208022456036e+01 8.525394579446329146e+01 7.695495197373332985e+01 6.715496980663316151e+01 5.886548249049258885e+01 5.152493999614664943e+01 3.462140813997286415e+01 4.294460050838632981e+01 2.746834003191942486e+01 3.518144949890735518e+01 3.377655585656054882e+01 1.342981708124232476e+01 1.296320214760873490e+01 3.055019252177781652e+01 2.891789667637780070e+01 2.182071200910885267e+01 1.259842676033308528e+01 3.207898974725447516e+01 3.431513707227102117e+01 3.030659053191404695e+01 2.617232646992322742e+01 8.197284766472515471e+00 2.607135685168710637e+01 1.412878848435769186e+01 2.812468490368734209e+01 2.574880356558362493e+01 5.712996860127641519e+00 5.291581511733213894e+00 4.870121193096733414e+00 1.049530584834730362e+01 2.973759582223443942e+01 2.629943242044206997e+01 1.908221103540414987e+01 2.107258822999193093e+00 1.698493226738019946e+00 1.291008297848032393e+00 8.841140684616811685e-01
