MOVIE_S13_data/elevation_000682.asc
nrows	150
cellsize	150.0
xllcorner	0
ncols	150
yllcorner	0
NODATA_value	-9999
[rows 34 to 50 of 150, columns 37 to 73 of 150]
6.345618678099485521e+01 8.363711048594028341e+01 9.982811689047402126e+01 1.081649586081566241e+02 1.109057185527239682e+02 1.024954628831293206e+02 1.109057185527239682e+02 1.124612591576055109e+02 1.041436004318355657e+02 1.019360741477250798e+02 8.150952405628824238e+01 6.689721000900914305e+01 5.998670898819214869e+01 7.309419769667842104e+01 6.822395045314961237e+01 6.495996556436040237e+01 6.181948618281806063e+01 5.998123380477019850e+01 3.947064704658758671e+01 5.048890326522951000e+01 3.014669841572422371e+01 2.877064289044313128e+01 2.874855995193668079e+01 4.908572160028691655e+01 4.793521409242193698e+01 6.247271429435985368e+01 6.426416886349227298e+01 7.794909367013029566e+01 8.639229358892659150e+01 8.053946997237906658e+01 6.731429064395635464e+01 4.684194020859388985e+01 6.731429064395635464e+01 7.051585377303852908e+01 4.686039615206858144e+01 7.025210309622821114e+01 6.724632655965469041e+01
8.034261186294229162e+01 9.199252188543313480e+01 9.193299424730815872e+01 1.002701051418186040e+02 1.007672241928843277e+02 8.222972610126697646e+01 1.007672241928843277e+02 1.119255257010214706e+02 1.161319150488430125e+02 9.599985010256449414e+01 8.150771759631834357e+01 8.749225836549493351e+01 7.309313359903279661e+01 5.242683504874677425e+01 4.758189575804771465e+01 4.436757613526258126e+01 4.129650753006951902e+01 5.749262774445425350e+01 5.249158808579238666e+01 3.211529754334598152e+01 5.048890326522951000e+01 4.308416005252787073e+01 4.908580457817816978e+01 3.148734103957336572e+01 3.354244893686868068e+01 4.367359998764891316e+01 6.426416886342421719e+01 5.729832086761778243e+01 7.193488741376231133e+01 9.246867198116301267e+01 7.455099844206375792e+01 5.408249781203447526e+01 7.455099844206375792e+01 8.114844263849209938e+01 6.139727216146440014e+01 7.261952094987111650e+01 6.797197217038339545e+01
8.147917837479360514e+01 8.861556894584963118e+01 7.172243827289732110e+01 8.861523086814609940e+01 8.157635322218716567e+01 7.212065501889379959e+01 8.304957763428433282e+01 1.033598607906925650e+02 1.209819616118803793e+02 1.101628493592567253e+02 9.836887727043085761e+01 8.991533833750804661e+01 7.493196424488203888e+01 5.426376710101341416e+01 6.822395045314961237e+01 6.495996557303017482e+01 5.749208366779873103e+01 3.707954034913863950e+01 3.419759432486655726e+01 4.222329614268594611e+01 6.098695286996717613e+01 6.359583495342012327e+01 5.805678747559319675e+01 3.754879668363032152e+01 5.396888442582656609e+01 3.660117217875819762e+01 4.426635050172224339e+01 6.488839817035918145e+01 8.346475555512819255e+01 8.797458170806547173e+01 8.293568773941949246e+01 6.592840190691018165e+01 8.293568773941949246e+01 9.403908202012598849e+01 8.481234637586561576e+01 8.240898939053708716e+01 7.001820156424167862e+01
6.987451997164090756e+01 6.876929483885122352e+01 6.010053375990599989e+01 7.570749965323152253e+01 6.135928937183714993e+01 6.654362402000887755e+01 8.676356741373282944e+01 9.258729353782638327e+01 1.127490300085176926e+02 1.045967785391461717e+02 8.391577093925160113e+01 6.929678561023004590e+01 6.238779566139298538e+01 6.622105563763956582e+01 8.340735633498229618e+01 7.387385797831299783e+01 5.255851104208547753e+01 4.043641465702724247e+01 3.593948977652357968e+01 5.639088684624793046e+01 5.898321750294683596e+01 7.956672558659016659e+01 6.492964078900405411e+01 4.431217723259528896e+01 6.492952687966420910e+01 5.709383809148561539e+01 3.984473053965453460e+01 5.436005623948615550e+01 7.116312797479871222e+01 6.738483996802970921e+01 8.797458170806547173e+01 8.632968435566728260e+01 9.466897934578400964e+01 9.953351291535926748e+01 7.853760497841071242e+01 6.323359651807139414e+01 6.226832009623338138e+01
6.154034510975014882e+01 4.866484094619419665e+01 5.191511375506525638e+01 5.557244436442086766e+01 6.977948094147197367e+01 8.671691551467631598e+01 7.605354547023620171e+01 9.038270035951903481e+01 1.106161049709451873e+02 1.043721937045313553e+02 8.390359590683775082e+01 8.301626498243986418e+01 8.303527179468095198e+01 8.683141131252187961e+01 9.526126234887563271e+01 8.221333756642422941e+01 6.974545587470726105e+01 5.817493679977167176e+01 3.771164572352167710e+01 5.215306363151736235e+01 7.276095023703038578e+01 8.800469580456690721e+01 7.342674656744887329e+01 5.459760104670870362e+01 7.342632293015326184e+01 6.891116937970924994e+01 6.040808085948431483e+01 4.321730435451252106e+01 5.046783269424243912e+01 6.243723356188090179e+01 7.708375488515366669e+01 9.756619061222723133e+01 1.057136258596329839e+02 9.394590118101920950e+01 8.478286017320458257e+01 6.860345308837837308e+01 4.828395987144845947e+01
4.418207548531528062e+01 6.427452487965585703e+01 7.203216091327281845e+01 7.570749965323152253e+01 8.367283967969211744e+01 9.741011513221856433e+01 9.622771209885992505e+01 9.619691983244173628e+01 1.159041400575149794e+02 1.128280246306413659e+02 1.043560185408788072e+02 1.034050445494648187e+02 1.008778986968883942e+02 9.223997761875594392e+01 9.232029697584205508e+01 7.751020113145567336e+01 5.552853935138746522e+01 4.090731456230862761e+01 4.067511801167093921e+01 6.117297690175300318e+01 6.882314071771523345e+01 7.722163115742813488e+01 8.372474829031114041e+01 7.526168053139188885e+01 8.372474822131772498e+01 7.077413827508955535e+01 5.610528162976486044e+01 4.577940299643650235e+01 6.645055670644120482e+01 6.661912005147085836e+01 8.123835274074401980e+01 1.016712828288970627e+02 9.736548512650811915e+01 7.688870496347229277e+01 6.496982130280034085e+01 5.586688805758208787e+01 6.860345308837837308e+01
5.837260265465792486e+01 4.775456798490853316e+01 6.785641235902461688e+01 8.005120533786227099e+01 9.290269507696929452e+01 8.474337137684725008e+01 8.996838333969685664e+01 9.558585915184674775e+01 1.016993183826932921e+02 1.100530973273432096e+02 1.217172908307045560e+02 1.070279336426883958e+02 8.622488819078566280e+01 7.150894051767558324e+01 7.288890899270815282e+01 7.411156776674197033e+01 6.377453668316478996e+01 4.321733253623161630e+01 6.117280569291936132e+01 4.504534830601544115e+01 4.823319438587060404e+01 6.882314071771523345e+01 8.204825226646883607e+01 9.378544636497132103e+01 9.971811357775921181e+01 8.524612605502125007e+01 7.494328175070998554e+01 6.645055663496185616e+01 4.968891920572102805e+01 7.040000603345254149e+01 8.958071111749632109e+01 9.981702797755629319e+01 1.000040612061762317e+02 7.957266766909366140e+01 6.765637737883909608e+01 7.634251119372687810e+01 8.296250239266218784e+01
6.785641235837057650e+01 5.778026919538773143e+01 5.157532329732087817e+01 7.169301814953043106e+01 7.934328064085642040e+01 6.454141650789081552e+01 6.973289395508548694e+01 7.532743467780503011e+01 8.143002742087772106e+01 9.314596848638304039e+01 1.133844137287054110e+02 1.055290488430790816e+02 8.499423276144045758e+01 7.035373530256798347e+01 5.837842705706722057e+01 5.349873860088482758e+01 4.910933446627948484e+01 6.377430410165686681e+01 4.732599981458251648e+01 6.560753133948892923e+01 6.882314071720583115e+01 5.308832899682719386e+01 6.503522745929706161e+01 8.547858778743712094e+01 9.754975243115056571e+01 9.856190513896054028e+01 7.808358899678839293e+01 7.333112189299083639e+01 5.260500290057552775e+01 6.046302511627582277e+01 7.086435283090044379e+01 9.143585118533633249e+01 1.083443945357091422e+02 9.659838594614747365e+01 8.820799064657910549e+01 8.225722737311193100e+01 7.041590714151718089e+01
7.793255552180414725e+01 7.793255552222069582e+01 6.578021162343888761e+01 5.558168175440719949e+01 5.918004185925485672e+01 7.934328252076522858e+01 7.355178513521651951e+01 9.379760973756319231e+01 1.016997419200710056e+02 9.577535227755534208e+01 1.160024837438150769e+02 1.028808656609136563e+02 8.231774279921718573e+01 7.035373530256796926e+01 7.908356796020903801e+01 6.811818754515724095e+01 6.972042816648902885e+01 5.160864493827291000e+01 6.793886039594882220e+01 7.638283027330329844e+01 8.204829046531475001e+01 7.367560919628451188e+01 5.852734028999034166e+01 6.887598881987403843e+01 8.926503078213676190e+01 9.299224581587100147e+01 7.210543416886055468e+01 5.736806878414661526e+01 7.333112189299083639e+01 7.333107202948978909e+01 8.958071091127632712e+01 9.981702826928069783e+01 1.066218361150633882e+02 9.446832998086472344e+01 8.496708479837903383e+01 7.386879886072385659e+01 5.327368165052204318e+01
9.813117739813165485e+01 9.432238758743831397e+01 8.408370058113781909e+01 7.572132219123174934e+01 6.267240243649524700e+01 8.285800655484227661e+01 9.379760973756319231e+01 8.437075413669683144e+01 9.870425868905725508e+01 1.160024837438150769e+02 1.243308423771077145e+02 1.112811350518150135e+02 9.945687967865767121e+01 9.100874114133389980e+01 9.692415014473249357e+01 7.691018424730432912e+01 5.629229896690618773e+01 7.224070995531805295e+01 6.469538243863985372e+01 8.522496656600446840e+01 8.708351697512948419e+01 6.665427700977349446e+01 6.477858777251657330e+01 8.523979629752996345e+01 9.754975243115056571e+01 9.234823654088224032e+01 7.204046104037715281e+01 7.804078632865537202e+01 6.293759666358251081e+01 8.360863192157057711e+01 1.022367394147560731e+02 1.075230000856026038e+02 8.974379568485782954e+01 8.089431033420899553e+01 6.688961340968027969e+01 5.657785829886048390e+01 6.321834611767565093e+01
9.025381343704133030e+01 1.019170012905798188e+02 9.716311904668803834e+01 7.693263685344786040e+01 6.978296947573350906e+01 8.285775605153546053e+01 1.030721802143029322e+02 9.607740277030843856e+01 1.129697755628518223e+02 1.272352924365673346e+02 1.203861101056657077e+02 1.114013873179122811e+02 1.031149359290697589e+02 9.669358889444167460e+01 9.080285616592473730e+01 8.029556449712869437e+01 5.970190603073645974e+01 8.029547306578156451e+01 7.926425486488089689e+01 9.359133485245270379e+01 9.321112972143683351e+01 7.288813738520951802e+01 8.523979629752996345e+01 7.510008710113382335e+01 9.537950549392598987e+01 1.005576488569663667e+02 9.230393191826006216e+01 8.765267178322500286e+01 6.702696235620292953e+01 7.900338392999073278e+01 9.947147529880214734e+01 1.047400715004426104e+02 8.312002525378038342e+01 7.177567320028489917e+01 7.685677933013872121e+01 6.532971079983258278e+01 4.466488591358304916e+01
7.334782191896974268e+01 9.356845371683039048e+01 1.055091110906933807e+02 9.716311904668803834e+01 8.145341671199909683e+01 8.408230424364076327e+01 1.043171446611457043e+02 1.162965327556738373e+02 1.246286028926990355e+02 1.262628560260164221e+02 1.062733430243089146e+02 9.197401076043067292e+01 8.280885397479480048e+01 7.628749239885198108e+01 7.032026881011100272e+01 6.556851476342947649e+01 8.029556449712866595e+01 7.005635219693824922e+01 9.053478785669756235e+01 1.079122000173243805e+02 9.994041394817193691e+01 7.975256126933690837e+01 9.994041394817193691e+01 8.426851669885859053e+01 1.036329875236085627e+02 1.113634473206477367e+02 9.431936614988106271e+01 7.377683881645783970e+01 8.765421755390762826e+01 9.605713330616536894e+01 1.078224699513818621e+02 1.028648299504287138e+02 8.308689317411948139e+01 6.211769843421691917e+01 5.606495532827553063e+01 5.116179703224459985e+01 6.530133523052957401e+01
7.334782188775136547e+01 8.501937986134626613e+01 1.052459794924799610e+02 1.100449984991039400e+02 1.016969813104144151e+02 1.043171970578469256e+02 1.126496868459269649e+02 1.247115033073480248e+02 1.272975210235347845e+02 1.189014085404078287e+02 1.203861094760129191e+02 1.114013873179122811e+02 1.031149359290697589e+02 8.486373941508182384e+01 9.080285616592473730e+01 7.590166426048627102e+01 9.446930920301390699e+01 8.459469738306110287e+01 8.459469738306111708e+01 1.048755561940927095e+02 1.081715587774340719e+02 8.994702711866476363e+01 1.081715587774340719e+02 9.595478409092726224e+01 1.125885768919245322e+02 1.030269979110272658e+02 8.260728739439022661e+01 9.431936614988106271e+01 8.683654577302962707e+01 1.071954983053721975e+02 1.062525229221148493e+02 8.545572779240269767e+01 7.336966892169488119e+01 8.308689317411946718e+01 7.685677933021325714e+01 7.192885893263915875e+01 6.887753485198696524e+01
9.356835790391410512e+01 1.019158653174777953e+02 1.135701859990734164e+02 1.131277899343486837e+02 1.048050861000089071e+02 1.048050738945434546e+02 9.633468564133127643e+01 1.105236745176110986e+02 1.156836864614074756e+02 9.884939257600618134e+01 1.156836864614074756e+02 1.169642599841670290e+02 1.134269798457758753e+02 9.925720585460830137e+01 1.046242914235292005e+02 9.630599237752409181e+01 1.046242914235292005e+02 1.048755561940926810e+02 1.048755561940927095e+02 1.131663018747756411e+02 1.181388872516714343e+02 1.099338007811333568e+02 1.181388866379772367e+02 1.158618124152697817e+02 1.240641964220498465e+02 1.102081339550967130e+02 8.989681400614374240e+01 1.102081339550959171e+02 1.012860435445919762e+02 1.155206192109104393e+02 1.148753338154638328e+02 1.028648299504287138e+02 9.424548765569406328e+01 9.827569610697543112e+01 8.387359089076414875e+01 7.200191797205994249e+01 5.160338955521034876e+01
1.052178633717806093e+02 9.707423284271152397e+01 1.052178633717806093e+02 1.048050861000089071e+02 8.479700423815268095e+01 8.479700423167982137e+01 8.220396943304504589e+01 1.022045980951039041e+02 1.073243732474384871e+02 8.736673753606370951e+01 1.006002102789014003e+02 9.692247403244593329e+01 1.169642599841670290e+02 1.193462558625096790e+02 1.159342377756769054e+02 1.075723013822721015e+02 1.078661883433475310e+02 9.952512325595060361e+01 1.078661883433326807e+02 1.149033621403953305e+02 1.065540211812695475e+02 1.025599342320340241e+02 1.083380741897592117e+02 1.083380741959443299e+02 1.284539496288867326e+02 1.185263173094250249e+02 1.016895040527661394e+02 1.185263173092647691e+02 1.214621841350780045e+02 1.232029791153837266e+02 1.034398104646058130e+02 1.034398104646058130e+02 1.019259344436160291e+02 8.755493418483523271e+01 6.947148510454691461e+01 5.502775561542985372e+01 7.200191797201705413e+01
9.064266769237825372e+01 7.743172623606352545e+01 9.539398037595819346e+01 1.048050861000089071e+02 8.479700423815268095e+01 7.070966357901077970e+01 9.065723573695481718e+01 1.105236745111261598e+02 9.978109615006489719e+01 7.984903954339088727e+01 8.066513331092005501e+01 9.999701121261551862e+01 1.010663616415845780e+02 1.094057997914606233e+02 1.043490629450217284e+02 8.755647085962868914e+01 9.785269685272497497e+01 7.954375739790035027e+01 9.785269685266420936e+01 1.033164260841048474e+02 8.652128112022904816e+01 8.252677910769732250e+01 8.832201020942621028e+01 1.083380741959443299e+02 1.282973984731817154e+02 1.301420029546402191e+02 1.218447988294391990e+02 1.250457688965701237e+02 1.151935663879601037e+02 1.070528014243519124e+02 1.003952090117306142e+02 8.326876640506911542e+01 8.917672842649479037e+01 7.318393410085242579e+01 5.856800778646388039e+01 7.548474757273902469e+01 7.548474757272173008e+01
7.104671227248645948e+01 6.767149302576537195e+01 8.725297953938758155e+01 1.027387605575980842e+02 8.567034386880172292e+01 6.579006650235115217e+01 8.567034386880169450e+01 9.622116359346723868e+01 9.313707739975352240e+01 7.323071377632551560e+01 7.178416729199328472e+01 9.168497283148207089e+01 8.112483379605281186e+01 9.786014377116870833e+01 9.601615624196998056e+01 7.604962501811566256e+01 8.448847406509457869e+01 6.959918224696778566e+01 8.522611794720224054e+01 8.865041474915622643e+01 7.494655072138930052e+01 9.498811331442199446e+01 1.083380741959443299e+02 9.986485896786928151e+01 1.140054532056131364e+02 1.341740601939760893e+02 1.307755263765709515e+02 1.111894363091642504e+02 9.717953358196912461e+01 8.708002418838428582e+01 8.018417634058596377e+01 7.380261784298214423e+01 6.845793609385945899e+01 6.418235230623973564e+01 6.208263551594802010e+01 8.286148246192827571e+01 9.588130946119193254e+01
