MOVIE_S13_data/elevation_000660.asc
nrows	150
cellsize	150.0
xllcorner	0
ncols	150
yllcorner	0
NODATA_value	-9999
[rows 17 to 33 of 150, columns 111 to 147 of 150]
8.199601465519076271e+01 8.934493685708807220e+01 9.198469008464235230e+01 8.025220329829247135e+01 6.397832681904264263e+01 7.430204443294395844e+01 5.453057648063160912e+01 4.305586965165315405e+01 3.599369471387246477e+01 4.698399710426712517e+01 3.005243035850770639e+01 4.158160407220815102e+01 6.143012406849205576e+01 7.078213235842979145e+01 5.156962588725047425e+01 7.078213235842987672e+01 6.894204579647892217e+01 5.761610479346967395e+01 7.111692913747927491e+01 9.035230007518485706e+01 8.681382262535160521e+01 8.681382262535161942e+01 8.681382262535161942e+01 9.495386802068583165e+01 8.910599094253271346e+01 7.908723682944699362e+01 6.491351246368733996e+01 6.812715906744179506e+01 4.811368069682462334e+01 5.397549380182677936e+01 5.996640660172356263e+01 5.166938229540421190e+01 5.128357322104618277e+01 4.591583417024065739e+01 3.219012983252729043e+01 1.219044354547550491e+01 2.702385308181539969e+01
6.167178086256505765e+01 7.613528971005163726e+01 9.614505629360645855e+01 9.237990007321126029e+01 8.395915667923006254e+01 8.250299507176025315e+01 7.108330300179251537e+01 6.288698206623682552e+01 5.587562502954909860e+01 5.214302288308192601e+01 3.222594711026961534e+01 4.633791452017078427e+01 6.615748765113421825e+01 7.880523765370983824e+01 6.268217938754513341e+01 7.880523765391892255e+01 7.675594013830138351e+01 7.675604954277051206e+01 6.968939668153522859e+01 8.891580933649315455e+01 8.872752010350332341e+01 8.043752564469163246e+01 8.872752010350332341e+01 9.169102927395040581e+01 8.340718682135648976e+01 8.340718677346897891e+01 8.494417285198278478e+01 7.643305375601336493e+01 6.812716011549562722e+01 7.052452189185818554e+01 6.224422538337035604e+01 5.468564931155790987e+01 4.865577757426471095e+01 3.763332306267660243e+01 1.763375408482026430e+01 3.219012983252729043e+01 3.427524299027461296e+01
5.786167928555433804e+01 6.976924360473998377e+01 8.419137275057113357e+01 1.042698379203560819e+02 9.611587135869368126e+01 8.622743213861269851e+01 7.802367055543790286e+01 7.104734410353327689e+01 5.876499510688520189e+01 3.889916857841058118e+01 3.476726172967124739e+01 4.629808953935333449e+01 6.031928876176606735e+01 8.008369701426981635e+01 8.184687388611796166e+01 8.992850247634922312e+01 9.609786294286716668e+01 8.891600958655763520e+01 8.891600958655760678e+01 9.027512078105149840e+01 7.874556013039997993e+01 6.049427375744724600e+01 7.874556013039997993e+01 8.340718682135648976e+01 6.345034008340320497e+01 6.345034008335893816e+01 7.635136204521644743e+01 8.463042200957987404e+01 7.378887484419499287e+01 5.379295542247412243e+01 4.224611283159106989e+01 3.468682722498780890e+01 2.865660055442744536e+01 2.380588807618575231e+01 3.177584581078497195e+01 4.591583417024065739e+01 3.833864422262996641e+01
7.756630282848627189e+01 8.667920492001425714e+01 8.418215642361161599e+01 9.254731674529969609e+01 8.790019946366346915e+01 6.814714164721243606e+01 5.829163958778656962e+01 5.128706116693150108e+01 4.596382714092943900e+01 5.728146729156004113e+01 3.739927011596812179e+01 5.728146729156003403e+01 6.772500088154771447e+01 7.342167301344865393e+01 8.087435816828865143e+01 8.908479049348977696e+01 1.005163430001485949e+02 1.084595596179841550e+02 9.562270039264571153e+01 8.198466231315030939e+01 6.203358022870146016e+01 5.057447450695917723e+01 6.157018392039292820e+01 6.983708065741322457e+01 6.929556516184904069e+01 4.938188371191397863e+01 5.641611188492023388e+01 7.635136204521644743e+01 8.206759527522501685e+01 7.052452189185818554e+01 5.468564931155790987e+01 4.498624782982390968e+01 4.865577757426471095e+01 3.535287666508234139e+01 5.177452408548529661e+01 4.419666344488670262e+01 2.419667757141868591e+01
7.809675113720631145e+01 6.966103214586200920e+01 6.364618552911295524e+01 8.418215642361161599e+01 9.611587135869368126e+01 8.622743213861269851e+01 6.742111309073902703e+01 7.104734410353327689e+01 6.576618634535613239e+01 6.096672235223071112e+01 4.112097483713365165e+01 4.295340550472274543e+01 4.794712095838173127e+01 5.368786094224280703e+01 6.115649251181686452e+01 7.251849691113682184e+01 9.228895683936460159e+01 9.854275914629937461e+01 8.733078487148452496e+01 6.735356434876497644e+01 5.587777188759730507e+01 4.699702597333695309e+01 4.168709653284408034e+01 6.157018392039292820e+01 6.225501553371621810e+01 4.234227711076967893e+01 6.225501553371621810e+01 7.314568704548707956e+01 8.141765899811559848e+01 8.295926346040599242e+01 7.326318778620129990e+01 6.498331253299166121e+01 6.363243990005619821e+01 5.535144142048277871e+01 5.274933285962182339e+01 4.380516248179777961e+01 2.609302188654624644e+01
6.122962124890096902e+01 4.900837763656564761e+01 5.827128933875948746e+01 7.022951147687842877e+01 9.068620535649321823e+01 9.539314299715665868e+01 8.718222179992393706e+01 8.060212314803059996e+01 6.645529460906924157e+01 4.666596590794874544e+01 6.096672235223060454e+01 4.960304227046119507e+01 6.194251225962855045e+01 7.342167301344868235e+01 7.342167301344868235e+01 8.908479049348977696e+01 9.281912252805605590e+01 7.883873637811367985e+01 9.281912252805605590e+01 8.408187392968193308e+01 7.516295374832701270e+01 5.625620529214336329e+01 3.635443966416507067e+01 5.040492288111974517e+01 5.027963380338653110e+01 3.718939602844509551e+01 5.711356859644941864e+01 5.321167926257207625e+01 7.314568712468062017e+01 7.213682426040786311e+01 6.394403479452304850e+01 6.138516800058699374e+01 6.957419286801290070e+01 5.860749088349786717e+01 3.860751825209577959e+01 2.446538268508912850e+01 1.552111077509527526e+01
4.057453573889471699e+01 5.519504320200474012e+01 7.579838141288479392e+01 8.726553744233929422e+01 9.901865680746827536e+01 9.980679428513622042e+01 8.991257697918427993e+01 7.240696368770164781e+01 5.266751047751769477e+01 6.645529460906924157e+01 7.464644371508138931e+01 5.661643615988415235e+01 7.634392456487098855e+01 8.989176130389661523e+01 9.319441709445000299e+01 9.711583375825000530e+01 8.407913548367839951e+01 6.518085674745948666e+01 8.407913548367839951e+01 8.401601098762891695e+01 7.409335575077228953e+01 5.604921614365679972e+01 3.647929130186600588e+01 3.046145569795039520e+01 3.033577955781341018e+01 4.839888832635914184e+01 3.912340773434232233e+01 5.321167926200160991e+01 7.314568652777077773e+01 6.394403479452304850e+01 4.422645549994506808e+01 4.166825118019377072e+01 5.256749473716538290e+01 6.074955926947764340e+01 5.274933285962182339e+01 4.380516248179777961e+01 3.552110631255530393e+01
6.122962124887143176e+01 5.090893733177358627e+01 6.017314010120923484e+01 7.212041560032599818e+01 9.254917450279599223e+01 9.158769138779263130e+01 7.182172167884831993e+01 6.198121548572310502e+01 5.892682953412126068e+01 7.864119271475946960e+01 8.454384350359894995e+01 6.647363138235699864e+01 8.454384350359894995e+01 9.735357666695192336e+01 8.916176465671149742e+01 7.750273491403403625e+01 7.592097380728554867e+01 5.662957207175288943e+01 7.592097380728554867e+01 7.565897078606430171e+01 5.595050376619883536e+01 4.629369501118212327e+01 5.604921606670958312e+01 4.570420387253577132e+01 2.574783160162296625e+01 2.845021728897054913e+01 4.839888830773423223e+01 6.115391540367071599e+01 6.242078674513429348e+01 6.394403479452304850e+01 4.422645549994506808e+01 3.021286970740012734e+01 3.279495084647723502e+01 4.933713817020097281e+01 5.347587098930664951e+01 4.538138774914636997e+01 2.561720537644431417e+01
7.501999919750970491e+01 7.155030516603285662e+01 7.997664901642545487e+01 8.913528263738432145e+01 1.008738045012149769e+02 9.980679428513622042e+01 8.991257697918427993e+01 7.590865526570323141e+01 6.588875177915484471e+01 8.561573425541560312e+01 9.442677068001032126e+01 8.621421774738500687e+01 9.442677068001032126e+01 8.916176465671149742e+01 6.969145665458890448e+01 6.381688649876461739e+01 6.738242987691127439e+01 5.050847077801753926e+01 6.982049693312474403e+01 8.401601098762891695e+01 7.409335575077228953e+01 6.580473727613149038e+01 5.979795123970120585e+01 3.986638256052516027e+01 4.209067023582272782e+01 2.212639300487439797e+01 3.294467349613697138e+01 4.704930033310169080e+01 4.248346289906542950e+01 5.658710223441483578e+01 5.512606526363928339e+01 3.536348564182150511e+01 2.128727164914449332e+01 3.433833034459029676e+01 3.416294233799253277e+01 3.892655304432405217e+01 3.489764877686643274e+01
8.342764363216261359e+01 8.446959287782240722e+01 8.669334148060619327e+01 9.505274452726540346e+01 1.016753094655441743e+02 1.036005706959043238e+02 1.039164986926651864e+02 9.383009981624148566e+01 7.572010633543759184e+01 9.383009981624148566e+01 9.604021263433578781e+01 8.785320899337239098e+01 8.167812178665369061e+01 7.346307784058690515e+01 7.522004734142520022e+01 5.597641755763528693e+01 4.796299695482909442e+01 4.482981805512491746e+01 6.424559518350061182e+01 6.975637633382552849e+01 6.236315909662967272e+01 7.075945492079939925e+01 6.806558195445444426e+01 5.979795121796517066e+01 4.876047038401424061e+01 2.881184870115611218e+01 1.881595704315009954e+01 3.570469036643957139e+01 2.837171828080497349e+01 4.832296985976188353e+01 4.609903427505589946e+01 3.807657340157470571e+01 3.433832812835581905e+01 1.442866932020458393e+01 2.829352007452608575e+01 2.107132317458135873e+01 1.578345447053400363e+01
7.838228337972203974e+01 6.392613321466262022e+01 6.617865883411813854e+01 8.134664706273120771e+01 8.134664706273122192e+01 8.331798590729269449e+01 9.759950753766332809e+01 1.037347841406537583e+02 9.551136217539354334e+01 1.037347841406537583e+02 8.785320899337239098e+01 6.848429207513495953e+01 6.983999649220208994e+01 5.507943281301055549e+01 6.236154311061915223e+01 7.046730286345150773e+01 5.905651047547608101e+01 3.951378355807949561e+01 5.633381412043915759e+01 4.628939138816675580e+01 4.279476677330926293e+01 6.142993423190031876e+01 6.972042538670640965e+01 6.870004958522717686e+01 4.876047039773040126e+01 3.512646671259038555e+01 3.570469040904404068e+01 1.572988631161683237e+01 3.277543840906571404e+01 4.104053187298574557e+01 3.529111244159062011e+01 1.885622015045236566e+01 2.636369608814617749e+01 2.533635133823705488e+01 8.398451229778428839e+00 2.062319334234705082e+01 1.943887233392593172e+00
5.892219017277073334e+01 4.932475130919264927e+01 6.678384049687194590e+01 6.075172851107706862e+01 7.628320599128566926e+01 6.874269055521138228e+01 8.925861745188592522e+01 9.838857331238612858e+01 1.085033786922673187e+02 1.017825567990519886e+02 8.785320899337239098e+01 6.848429207513495953e+01 5.500034917533301382e+01 4.762830821836950435e+01 4.291775119277411221e+01 5.676163643761491784e+01 5.447021331588935311e+01 3.566871463722567626e+01 4.776226231461166094e+01 2.766418628918203382e+01 4.359843117577008087e+01 4.142287867050630723e+01 5.674960433545154359e+01 6.503977801129981628e+01 6.333619637611081288e+01 5.506992527493451917e+01 4.396618176869343131e+01 3.277541438157295772e+01 1.279694336103461261e+01 2.992829603627455626e+01 2.739548392316385161e+01 7.392692439372386737e+00 6.361271193113577915e+00 5.333940199238545787e+00 4.315967002119966089e+00 3.330637723955668594e+00 2.194444806724637331e+01
3.842721370302335515e+01 4.223209856413622276e+01 4.614169837769090066e+01 5.072713919046058351e+01 5.560066940534643720e+01 6.218150671664827200e+01 6.954710268377814941e+01 7.989438879428271889e+01 1.002172514386587636e+02 9.356866020128964578e+01 7.405884577298830607e+01 6.453412743683166752e+01 5.732979212549042813e+01 6.692882145837960195e+01 5.676163650875302835e+01 3.716849071388221404e+01 3.482787604834799566e+01 3.253370905888671416e+01 3.032501625556565017e+01 4.273209028013233279e+01 2.509284908753108212e+01 4.260376554658718362e+01 3.674438301855328604e+01 5.674960467810394249e+01 5.589322746421316168e+01 4.760444127905495293e+01 4.121267884542920257e+01 3.281805828814575676e+01 2.878553724205183428e+01 9.925110667047068347e+00 8.865112787038103903e+00 2.738713251321383524e+01 2.636385504688090364e+01 1.427828287425581699e+01 2.431853741738649788e+01 1.797950930131161940e+01 3.198938079624976538e+01
3.754399448096955894e+01 5.801921845347299467e+01 6.678384049687194590e+01 7.140828536726675679e+01 7.628320599128566926e+01 8.280489353142296238e+01 9.005582011647069862e+01 9.838857331238612858e+01 1.085033786922673187e+02 1.017825567990519886e+02 9.198074476595894566e+01 8.381373007314458334e+01 7.326413606432751635e+01 6.087105960877483568e+01 4.137840648163738422e+01 5.676163650875302835e+01 5.201203056060098362e+01 4.119376259765671477e+01 4.271504321421596018e+01 4.172087253322676759e+01 4.260377611110681784e+01 2.260254240309083329e+01 4.018713708506417248e+01 3.877284576555788931e+01 3.736905691547963215e+01 2.760181827318679382e+01 3.295691840920787996e+01 1.295622201562755826e+01 1.169634043837072213e+01 2.957277634284015377e+01 2.886812906511335441e+01 1.739322841190369573e+01 3.739806798292901391e+01 2.842218783866693244e+01 3.428258948283329488e+01 4.056169476631593795e+01 3.800332523825733233e+01
5.801921845347299467e+01 4.303334197760251101e+01 6.362301865725387273e+01 7.433758878478575127e+01 7.966957555507877942e+01 8.652444460471220111e+01 9.487691729261744911e+01 1.050199681725444094e+02 1.051193222671759600e+02 9.368592888285201070e+01 8.491723524526034339e+01 7.673602496696311448e+01 6.515272665838890020e+01 4.576671197771576516e+01 6.087105960877483568e+01 6.897009725087795573e+01 5.707583932701824381e+01 5.945761190596691392e+01 6.142040770962461949e+01 5.865522428834982094e+01 5.089204961480248102e+01 4.018713708506417248e+01 2.018604995610396102e+01 1.877183604454924648e+01 1.736811110014511073e+01 1.605504672764197238e+01 1.475590710646873127e+01 3.285753477216822205e+01 3.225535190389175710e+01 4.054776101080093298e+01 3.153756248028459908e+01 2.739403000832390234e+01 4.568568509179583259e+01 4.843086221932600921e+01 5.429229496157421408e+01 4.304920161852810878e+01 2.395415556365871268e+01
7.209025860377070671e+01 6.362301861217957821e+01 4.905707782989095733e+01 5.366288854985381818e+01 5.901887959153536656e+01 6.595983745581187918e+01 7.633108793607806319e+01 9.671780127334631061e+01 9.685354201112826900e+01 7.711334244706949903e+01 6.595688488383517267e+01 5.741414860135774489e+01 5.060211821513730968e+01 6.515272665838890020e+01 5.946897537501749298e+01 7.887451609185934842e+01 7.470790608942076005e+01 8.174324648606337007e+01 6.492662558223305780e+01 5.485271340411804175e+01 4.386967638811268699e+01 2.386836518194845524e+01 4.018699524059339723e+01 3.877284303355826012e+01 2.121712079046216459e+01 3.605591961539244750e+01 3.475672467934621324e+01 2.475573229023010313e+01 4.475309506194157905e+01 5.983380770330709453e+01 4.568550913602476271e+01 4.154093477022544079e+01 5.568972344580529210e+01 5.192107731777993962e+01 4.363680607031773917e+01 3.656573825845214287e+01 3.053551136689570100e+01
6.951228140704104419e+01 7.815827598513625674e+01 6.971458527081179568e+01 6.564982473583177125e+01 7.966957555507877942e+01 7.592573499513031265e+01 8.652444460471221532e+01 1.050199681725444094e+02 9.976515583262377618e+01 7.998349921591101008e+01 6.878052085271396265e+01 5.920325885813811340e+01 5.576813741600721386e+01 7.506097408593505804e+01 7.887451609185900736e+01 8.706045063649621341e+01 8.024716198994669014e+01 7.195003064087366340e+01 5.631037902921450922e+01 3.782315137750953227e+01 2.764805595073180555e+01 4.386967638811268699e+01 4.877830926649097876e+01 2.877628172690906538e+01 4.121826872038173661e+01 2.974493010743828236e+01 4.974731369981204665e+01 4.475335189459789831e+01 3.740391000149908507e+01 5.739997179441442654e+01 6.569646274389894813e+01 6.155222872929799394e+01 5.518381145411066058e+01 3.518381145410995714e+01 2.363680607031703573e+01 1.656573825845143588e+01 1.053551136689605805e+01
