MOVIE_S13_data/elevation_000177.asc
nrows	150
cellsize	150.0
xllcorner	0
ncols	150
yllcorner	0
NODATA_value	-9999
[rows 34 to 50 of 150, columns 111 to 147 of 150]
6.381293718345707333e+01 7.445396923549124324e+01 6.272698303412710175e+01 8.254439646974890366e+01 9.979757562017390171e+01 7.949595290011913562e+01 6.597104274008550817e+01 8.354612759182229809e+01 9.193857386089274542e+01 9.634331313342232761e+01 7.601665385154473142e+01 7.337746716112442869e+01 8.805119353092642598e+01 9.643848598187054222e+01 1.003764053230141116e+02 9.213089562315391845e+01 8.215456214613175234e+01 9.624830262454510432e+01 9.844984879481516771e+01 9.021241855271829024e+01 9.844984879481516771e+01 8.267152456971699337e+01 6.284310356564345312e+01 6.284310356564345312e+01 7.689614679336433767e+01 8.931870649826903730e+01 8.104579928526891308e+01 7.609102351507796413e+01 6.780777383821339299e+01 5.921059535750720926e+01 3.937627472186577648e+01 2.578740357877211764e+01 2.084384976415940116e+01 3.540470614643816560e+01 4.369365123912592708e+01 4.493502472535339365e+01 3.665184398922869491e+01
8.363900786096019146e+01 7.336295564804461833e+01 8.254439592279068449e+01 9.070522090725113173e+01 9.386019645419835911e+01 7.354608840678933745e+01 5.937560298879077436e+01 6.335915832088267052e+01 8.027107632418926642e+01 8.943400105179264870e+01 8.197019451633819642e+01 6.177964411836930481e+01 6.779493545159050427e+01 8.210096428130762547e+01 1.024163176845851524e+02 1.008250195780503589e+02 1.021071864159992373e+02 9.646704125510802896e+01 8.818135034796283378e+01 8.818135034796283378e+01 9.230872850193306078e+01 7.241069343388572577e+01 5.847610131560054469e+01 4.900638612837401809e+01 6.865071361751478207e+01 7.785604078194663202e+01 6.124102440118480928e+01 7.785604078194663202e+01 6.810755091955361706e+01 4.789002577360150070e+01 3.605722075758996681e+01 2.795874269720726346e+01 3.686653395758033724e+01 4.913181616111823047e+01 4.891283348615947801e+01 4.062865239557794439e+01 3.306930552332380557e+01
1.012424651860943499e+02 8.325615440668677536e+01 1.012424651860943499e+02 1.057925066216103289e+02 9.563710944227337052e+01 8.724442252506699447e+01 7.189117544912264179e+01 5.206817827258414155e+01 6.097737253894155884e+01 7.520568679539529455e+01 7.524001105034861325e+01 5.527696505398834859e+01 7.524001105034861325e+01 8.884079104594400178e+01 9.528106763999048212e+01 8.166159404236317698e+01 9.528106763999048212e+01 8.818135034796283378e+01 6.829966942401341612e+01 6.829966942401341612e+01 7.824050988575314136e+01 7.606205090169244443e+01 5.632041241280654731e+01 4.253259732440817942e+01 5.495664821735412175e+01 5.910013408754609543e+01 4.994652879635426501e+01 6.961150717470300719e+01 7.640092725584280231e+01 6.476140046613416246e+01 5.621294137111917877e+01 5.521027671569563466e+01 5.501570031414437523e+01 5.477102161366548927e+01 3.477069126135826593e+01 2.062855094179602133e+01 1.306926148137756805e+01
1.110795298468743226e+02 1.029193044499072727e+02 1.110795193327141135e+02 9.742015696998628016e+01 7.706868775150439888e+01 6.694918609282856892e+01 6.033830376960009545e+01 6.685612913463033635e+01 4.724857389733926283e+01 6.229746514148699532e+01 6.444079970880603980e+01 5.063959670287611914e+01 6.034616160686433517e+01 8.045036081708744291e+01 8.669076349975364337e+01 6.811614076326600298e+01 8.018811809681061220e+01 8.817696649368275530e+01 7.412287894525101706e+01 5.439620332193751295e+01 5.846843426123822951e+01 5.902369685239195718e+01 5.464786718490387329e+01 5.495664821735412175e+01 3.538020312692721348e+01 3.951732347559615022e+01 5.910013408007704072e+01 7.071290270054325333e+01 7.071290270054325333e+01 7.896302928420894318e+01 7.029923932343587012e+01 6.029922987966484982e+01 5.201494174663469749e+01 4.534827495274082310e+01 4.891369791851542459e+01 4.062865239557794439e+01 3.155943838062292173e+01
1.000024045646894280e+02 1.083803217174005766e+02 1.055440227166739078e+02 1.057925066111569095e+02 9.563710943017215982e+01 8.724442252506699447e+01 8.047934372862866326e+01 7.520568679535028878e+01 6.229746514148699532e+01 4.280884718789384635e+01 4.489154655651203996e+01 5.601496202821780912e+01 7.595070802316249114e+01 8.884079104594400178e+01 7.870658337785087610e+01 5.946956174772306269e+01 6.096227526555355780e+01 7.706661532429917827e+01 7.824050988598794731e+01 5.846843426123822951e+01 4.466880493412973863e+01 3.945439161441775155e+01 3.503947846263344701e+01 4.873571549840758621e+01 3.067210861434089253e+01 4.459367781736137459e+01 6.422109420982071981e+01 5.098424092532396656e+01 5.098424092532396656e+01 7.071290270054325333e+01 6.201494212831359931e+01 4.201494136495576726e+01 3.201494136495362852e+01 2.534827469828672619e+01 3.682024619001667531e+01 4.510452650970217547e+01 3.984370962808417005e+01
7.964107745566668939e+01 9.821946963023493993e+01 8.519839458673349952e+01 9.955266242673152988e+01 9.597397484062665285e+01 8.429933743627223919e+01 7.592016193013441239e+01 6.886821319614001879e+01 5.921604408400556707e+01 3.973223277612667914e+01 5.921594905690904653e+01 7.276865469731980340e+01 8.432885858046491023e+01 7.556102373387483340e+01 6.757786059201606577e+01 6.225991256076647318e+01 4.977511960096519061e+01 6.096227526555355780e+01 8.018811809681119485e+01 7.248840244273380051e+01 5.540396884065043537e+01 5.902369646749115617e+01 4.298369765907071383e+01 2.901044124312446471e+01 2.703466457854953475e+01 4.680953983215335512e+01 4.749467633586253612e+01 3.710234407036526960e+01 5.098424092532396656e+01 7.071290270054325333e+01 7.029923932343587012e+01 6.029922987966484982e+01 5.201494174663469749e+01 3.682024619001667531e+01 1.682024604406215573e+01 3.064811214649033033e+01 2.699662834561256375e+01
6.953306736670107568e+01 8.074837040251576070e+01 7.085895462951309298e+01 8.940790474411053879e+01 8.759024216143502883e+01 6.737707027241815183e+01 5.597423884858542920e+01 4.915853473832386555e+01 5.690374068049967349e+01 3.738815404148175503e+01 5.111447997460799542e+01 7.088015232005867006e+01 7.030653369741848735e+01 6.231947809503289193e+01 4.825728646258878740e+01 4.290147094476097323e+01 5.411156950505839802e+01 7.339079442762297845e+01 8.817696649623628957e+01 8.338706386967636774e+01 7.512963982423551101e+01 7.084067653105728368e+01 5.691222234981562877e+01 4.336717583597416592e+01 2.349515755297263553e+01 3.984711181523325507e+01 2.774035708031869873e+01 4.749468348271169305e+01 5.949131827091611058e+01 6.771237519349719491e+01 7.250938939145001427e+01 5.250938705906348503e+01 3.836725142788822751e+01 2.836725142785925868e+01 3.064811214649033033e+01 1.064811204557837065e+01 6.996628328877232406e+00
7.479943154069496813e+01 6.062330551820096503e+01 6.087805807372211575e+01 8.100822286400196504e+01 9.036542614848940502e+01 8.429933743627223919e+01 7.592016193013441239e+01 6.005377702687191288e+01 4.054294157326084758e+01 3.508570226903367484e+01 5.465027452206406622e+01 7.280784100838502582e+01 5.913449306974256103e+01 4.294073476204198414e+01 3.697917717160480322e+01 5.642312191749309847e+01 7.024374139101412595e+01 8.137386933220302865e+01 8.086258550723616167e+01 7.081099983564148204e+01 6.248983936667944761e+01 7.081099983564148204e+01 5.778804192086524694e+01 3.903913347482274077e+01 3.066038801248100754e+01 1.993796742399525002e+01 2.192296862283609116e+01 4.179210092350348305e+01 3.975786429610526795e+01 5.131495924984339041e+01 5.964770252406047746e+01 6.665154677284448326e+01 5.665153825309366908e+01 4.479024859760220778e+01 2.479024766998318441e+01 2.479024766584630868e+01 2.699662834561256375e+01
8.914803477036149104e+01 7.339973573745527347e+01 5.348085946841327143e+01 6.187969071187966819e+01 7.407872558530186780e+01 8.245372587288836996e+01 7.848536222463739875e+01 6.834486091735622892e+01 5.257965429122096879e+01 3.296761907812236103e+01 4.970370036447719286e+01 5.775416684509379905e+01 4.546134272095481066e+01 3.154558028416153803e+01 5.113036420259967230e+01 5.775797464459918729e+01 6.593438334089618991e+01 7.649072679927735408e+01 7.065007884066031352e+01 5.274453646803092965e+01 4.299908606157296020e+01 6.097800342193180256e+01 6.585743088611535256e+01 5.627464962476938126e+01 4.735870486862521034e+01 3.646588854970052296e+01 1.652728057554370622e+01 2.353376899268921818e+01 3.754009527987152239e+01 3.183435980366472151e+01 5.131495924984339041e+01 5.304365961369389737e+01 5.884138611488498327e+01 5.307455394032670881e+01 4.479024837709877005e+01 4.479024184681654930e+01 3.732248855680768429e+01
9.651721963506332713e+01 8.178298249161528588e+01 6.776582674750616775e+01 4.802151518643514549e+01 5.416358968023426712e+01 7.081837801121709219e+01 5.867807504052509415e+01 7.265857034066394249e+01 6.059984746884669704e+01 4.970367180019029973e+01 3.000327879579010215e+01 4.675954502643206467e+01 4.575153723525849614e+01 2.811932826546214770e+01 4.352982646938356481e+01 3.808035463822567124e+01 5.739385855050187502e+01 5.667732132102633358e+01 5.088975314491225532e+01 5.274446271379586904e+01 3.358136318450986835e+01 5.274446271379586904e+01 6.242426216934983785e+01 5.442115073136584869e+01 5.445157455950129588e+01 4.467725269820506639e+01 3.345639477763224079e+01 1.347914639842378293e+01 1.811254573427568104e+01 3.727049415504014007e+01 4.301775501150326875e+01 3.304475383937658961e+01 3.890225268540493886e+01 4.329813614156576307e+01 3.929345022775843432e+01 4.068684622928248018e+01 2.517790331423657335e+01
8.220302320562758780e+01 8.300876514713603171e+01 7.464073959196421981e+01 6.258071650956429721e+01 4.295325500102090643e+01 5.788345837013999073e+01 4.485271726127146508e+01 5.324587422822546756e+01 5.179449635597573121e+01 4.996476225940457283e+01 4.347179296781918367e+01 2.708047664058901560e+01 2.589669005859780526e+01 2.472125036763845074e+01 2.361484238652639078e+01 3.603578372679412212e+01 4.935450705775767943e+01 5.667738120042316297e+01 3.702565320354564449e+01 4.532300653951236313e+01 2.746482840043855589e+01 4.665563413716540708e+01 5.441024007048218181e+01 3.510652951546624223e+01 3.510766123260641791e+01 4.872850112562428393e+01 4.165952402236724339e+01 3.054666864331460019e+01 1.055611550070309157e+01 2.643931827067950735e+01 2.170702628958350999e+01 1.873774271376608525e+01 3.792024431557138797e+01 2.517040869033926498e+01 8.626896221240166085e+00 3.270430001903721262e+01 3.643885507994718154e+01
6.974513185017681849e+01 7.464073888712808014e+01 5.473625845463192974e+01 6.056614596536041972e+01 5.788792934686809133e+01 3.828195356437860397e+01 3.505397876659176148e+01 3.355876461693838309e+01 3.206991705209296839e+01 3.059927741925054079e+01 2.913521967429476689e+01 4.585592522848657637e+01 4.000887454789844355e+01 4.485208607201786890e+01 4.203167992950408660e+01 2.206605974687060012e+01 4.052457234164663191e+01 4.872698361029813441e+01 4.533146588704344282e+01 2.558163602735597664e+01 2.168415984004023045e+01 3.534568632099277607e+01 4.276427884475207719e+01 4.075405369340010253e+01 2.106763027044844705e+01 3.160006672458268540e+01 3.121157672589882992e+01 3.696424706052615505e+01 2.775195486091520536e+01 7.772086051579112365e+00 7.099221002317074536e+00 2.173534543141656883e+01 2.386526905348539884e+01 2.395584236901756725e+01 3.873501866841479568e+00 8.321507296918685626e+00 3.012571753251277684e+01
4.995485970228045858e+01 6.582607349542679742e+01 6.056614259280834744e+01 4.098703827153656931e+01 3.921251090927535898e+01 3.746615007137161513e+01 5.470658748076660061e+01 5.324583250761379816e+01 4.194610366094468645e+01 5.036350956687346070e+01 4.383118470069486960e+01 5.837967988336912128e+01 5.979670820988510371e+01 6.155623141482298166e+01 5.023027978341590227e+01 4.052457234173255074e+01 2.052957724093358394e+01 3.902377471266370890e+01 3.809296205781709688e+01 3.613195552958283230e+01 1.601109609575384596e+01 1.524342969540024662e+01 1.449780238977749214e+01 3.339062758640145034e+01 3.074968900341982092e+01 1.159359145561500171e+01 1.085820966472815385e+01 2.877378360633307608e+01 8.786672509415042853e+00 2.776042410280976469e+01 2.613697561099893818e+01 6.151787058750474380e+00 5.483559673265720136e+00 4.816264564250846369e+00 2.108865811980100702e+01 2.934329331614047298e+00 2.374057987614189003e+01
6.582607398176095614e+01 4.616798694566031003e+01 4.355071703641023362e+01 6.056614596536041972e+01 4.788780379048284175e+01 5.707610834930652288e+01 4.871863255642539769e+01 6.849262322288289795e+01 5.580346873153115439e+01 6.995258435033423439e+01 6.595301546524723335e+01 6.977157098626398124e+01 5.582273890227411783e+01 4.187433480099944916e+01 4.564777513907809947e+01 4.096623884030317697e+01 2.096052314033799036e+01 1.899402298480544005e+01 1.803047002216608874e+01 1.718349547577992453e+01 3.596807378021016177e+01 3.421219101048486522e+01 1.588654087930438408e+01 1.342498013148566827e+01 1.264320590664348565e+01 3.155098188608157983e+01 2.583837516252656386e+01 9.820479827273800311e+00 1.213053262392483944e+01 3.136975924048302389e+01 3.250336043801357988e+01 1.984373917513180885e+01 2.546964800516338201e+01 2.479209653140860325e+01 7.126322315313299072e+00 2.272784864776616232e+00 2.137935366246139068e+01
4.984785908771159768e+01 4.711650542767758054e+01 6.315094921171125009e+01 7.147667672606735323e+01 6.175066552705619927e+01 6.762952186897994977e+01 6.002425143941074026e+01 7.683906660849872594e+01 7.574050566179842292e+01 7.419223614528408461e+01 6.596166604822123247e+01 5.873343890225061870e+01 4.187433497569854524e+01 2.782635152321634919e+01 2.577776243345288520e+01 2.375893015589255697e+01 4.007529256545058161e+01 2.047413592326663334e+01 3.809296203144455717e+01 3.148406288865700731e+01 4.491852307478276174e+01 2.989249392530459914e+01 2.395989804005394319e+01 3.344276787992211553e+01 1.501890135069720422e+01 2.756539468920645675e+01 3.547140703702044107e+01 2.980890062534083640e+01 3.149390214181714853e+01 1.745088654158995567e+01 3.719331523031523545e+01 3.808431927146300211e+01 3.454775981137995444e+01 1.445615494221933872e+01 2.721012928953784282e+01 2.142574333386799168e+01 1.346301236859654304e+00
6.962781955854337923e+01 6.680211523278190100e+01 5.748973044933722321e+01 7.749581980884444476e+01 8.182233658090486017e+01 8.775436832389344488e+01 8.006069036733683220e+01 8.843957309901142594e+01 7.996208536723523252e+01 6.016253730742855765e+01 4.630262664397449157e+01 5.054800184671806562e+01 3.081862110870035565e+01 4.763905499282791567e+01 4.564777513601522685e+01 3.534370536053299361e+01 4.189376987955567699e+01 2.219285711391349025e+01 4.189376799981062049e+01 5.141179591682910655e+01 4.750040897602738710e+01 4.112987263887858802e+01 4.392475654577025068e+01 3.635945062268009309e+01 1.745580078018213754e+01 3.693267198256906880e+01 4.909219844378456088e+01 4.519417288033348257e+01 2.527351675997448410e+01 3.738571908825156243e+01 2.898093325538668097e+01 4.886679892596966823e+01 4.012322773522186736e+01 2.004060052068022557e+01 4.012232715297695052e+01 2.962839344300948596e+01 1.373518746910332666e+01
8.190921633994864237e+01 8.587002141502210861e+01 6.895093535227624670e+01 8.587002141502210861e+01 8.809764910378322611e+01 8.104920966861024567e+01 7.505761392299586987e+01 6.957096774680249496e+01 7.636414696126102797e+01 6.488776399516997628e+01 5.352819099384290524e+01 3.387309875670019466e+01 5.054804464393254193e+01 5.873357671435010730e+01 6.326925515743681672e+01 5.506835646998551681e+01 4.358107762909349958e+01 2.391096608225297260e+01 4.350791020365057449e+01 6.131031648952470903e+01 6.437721760651940883e+01 5.784594353246516363e+01 5.308281820429226627e+01 4.024909459280291202e+01 1.996098260834653004e+01 3.436549805256541390e+01 5.445357940576212030e+01 5.116818748048309828e+01 3.136630741811780254e+01 5.116818748111059278e+01 4.049851265378503484e+01 5.708372362796551158e+01 4.645953538464426913e+01 2.642241774230734563e+01 4.645953490012599474e+01 4.279447666042204190e+01 3.220891092301408065e+01
