MOVIE_S13_data/elevation_000903.asc
nrows	150
cellsize	150.0
xllcorner	0
ncols	150
yllcorner	0
NODATA_value	-9999
[rows 0 to 16 of 150, columns 0 to 36 of 150]
8.271705653423140625e-02 2.127631151761726416e-02 9.425194436011796739e-02 4.939197167322698090e-02 3.975871534419905817e-02 6.171646774684565184e-02 1.696294146011132625e-02 1.936121709489252440e-02 4.216450047424835645e-02 2.297044857093000214e-02 6.704298068806634203e-02 4.162315340452049650e-02 3.835349583220235004e-02 2.777463300387698203e-02 2.207885817162396139e-02 7.161913568127860341e-02 9.025521335945362045e-02 3.502399586135773735e-02 8.040414306008919487e-02 3.131346976591601466e-02 7.604099264847130613e-02 2.387740603804927586e-02 5.687112022313325910e-02 4.074439634684711570e-02 8.709178300582484655e-02 7.612946965408906586e-02 1.077918208624280109e-02 9.929772718869623455e-03 4.600412614040166881e-02 2.152795518990661267e-02 2.378824418737431057e-02 9.511189423522797837e-02 9.406546861214974686e-02 1.749038473908382007e-03 2.223905489293687143e-03 6.269637160239108220e-02 9.476101746191394060e-02
1.795629399984677299e-03 2.000179562939963063e+01 2.009425194435976181e+01 1.419152759540430253e+01 2.003975871534384368e+01 7.621005927931422619e+00 2.001696294145975585e+01 2.001936121709453786e+01 2.004216450047389131e+01 4.495106403570489739e+00 1.161404733744454276e+01 2.004162314532137756e+01 1.418048911956327807e+01 2.002777463300352068e+01 2.002207885817126964e+01 2.071619135681282753e+00 2.008915319070324301e+01 2.003502399586100324e+01 2.008040414305973442e+01 1.003131346976796934e+01 2.007604099264811737e+01 5.797380097934331289e+00 2.005687112022277674e+01 8.205710205624178855e+00 2.008709178300546938e+01 2.007612946965373268e+01 2.001077918200889982e+01 1.213788303576560201e+00 2.004600412614004767e+01 1.416366357892098193e+01 1.416592386791844937e+01 2.009511189423487210e+01 3.745549185313249207e+00 2.000174903847355168e+01 1.414435952922036854e+01 2.006269637160203700e+01 7.101453596211932506e+00
4.163169627051844027e-03 1.414629879335812745e+01 3.414629879335883089e+01 3.419152759540500597e+01 3.590527717539432473e+01 1.762100592793159848e+01 3.590527717539231389e+01 3.156617421543554869e+01 1.156617421543590396e+01 1.604211178736279919e+01 3.161268426156975764e+01 3.988757698742602997e+01 3.418048911956397973e+01 2.699526302062075800e+01 6.995278774873001204e+00 4.533448955267948222e+00 2.453346861909915688e+01 3.637916679972492773e+01 3.831573881466951548e+01 2.417344913925157002e+01 3.182760698949001466e+01 1.182760698948965761e+01 3.182760698949001466e+01 1.820571020564351272e+01 3.649008048257297787e+01 3.396612853231616214e+01 1.396680518752625133e+01 2.419833681887612276e+00 2.241951381559153589e+01 3.416366357892168537e+01 3.416592386791915459e+01 2.745945594885391472e+01 7.459455948854270879e+00 2.745945594885391472e+01 3.414435952922107020e+01 3.402825909477191146e+01 1.444688707207781952e+01
2.016265153036126551e-02 2.002016265153000774e+01 3.383367562146904106e+01 4.211794686893064465e+01 4.590527717539450236e+01 3.176314155166280173e+01 4.051044612543419277e+01 2.051044612543490686e+01 2.156617421543572632e+01 3.604211178736208865e+01 4.432638303482369224e+01 4.661491431412864017e+01 3.215923533177511473e+01 1.215925657039797336e+01 2.699526302062075800e+01 2.453354846230686093e+01 8.096932180767018039e+00 2.809712669666536300e+01 4.016211610749145677e+01 4.417348520066210682e+01 3.889867480135596622e+01 1.889867480135525923e+01 3.889867480135596622e+01 3.234784596711769211e+01 4.649035095230414782e+01 4.224975076824488696e+01 2.363649450875200841e+01 3.636994920787978813e+00 1.777899018212350057e+01 3.777776089575784368e+01 4.552391427534989532e+01 2.552391427534918833e+01 1.138177865161798508e+01 2.292878403541029542e+01 4.292878403540958487e+01 4.227448954915131907e+01 2.515113536554829565e+01
9.594114293757748102e-02 6.762607809604214815e+00 1.383367562146975160e+01 2.538068100526247051e+01 4.538068100526317750e+01 5.176314155166350872e+01 4.758151393729954748e+01 2.758151393730025802e+01 4.156617421543501223e+01 4.156617421543501933e+01 5.247337564196416793e+01 3.247353976788366481e+01 1.833139059269588245e+01 1.971854616539023297e+01 3.971852894901370945e+01 3.638208192605390678e+01 1.964394564685202482e+01 1.187657691086389633e+01 3.187689201527354044e+01 4.408488918710200011e+01 4.718294604881815957e+01 3.044568018514797814e+01 4.718294604881815957e+01 5.234791324095536424e+01 5.793910790366933128e+01 3.900354423299310014e+01 1.900521098010602827e+01 4.863273599757905963e+00 2.486257700027859130e+01 4.193840425717492337e+01 4.999605023034951046e+01 2.999605023034880347e+01 1.585391460661760199e+01 3.585391460661830365e+01 5.121305527795819756e+01 5.243028301788790202e+01 4.116268550984749908e+01
9.541454368626212448e-03 2.000954145436827147e+01 3.383367562147045504e+01 4.211794686893265549e+01 5.366495225272537084e+01 6.837668557756343546e+01 5.586578518476115107e+01 3.758151393729990275e+01 5.586578518476115107e+01 6.156617421543430879e+01 4.540241051520848004e+01 2.540245881617810397e+01 3.833135983966855775e+01 2.971855050980184743e+01 4.800227758003901357e+01 4.792968780773668414e+01 3.964438675349961017e+01 3.187690307950520108e+01 1.579889961373110019e+01 3.579940279652462465e+01 5.139074606870122608e+01 5.044568018514868157e+01 5.872995143261088202e+01 6.379651969131449363e+01 4.380248950887978765e+01 2.966259663224691323e+01 2.609796724495397768e+01 6.098877726188331572e+00 1.365815922075452882e+01 2.779974509343433553e+01 4.779642806846825920e+01 4.252058127328508874e+01 2.252058127328438530e+01 2.654436428311476703e+01 3.809136966690768844e+01 5.809136966690839188e+01 5.752717412616841131e+01
9.647730019007895452e-02 1.423861292392115452e+01 3.423861292392185618e+01 5.007454552305712525e+01 4.010634083538054284e+01 5.424151320647198560e+01 6.586578518475980104e+01 5.758151393729919221e+01 6.586578518475980104e+01 6.173201661670315588e+01 4.173241529205284195e+01 3.143268706680615665e+01 5.143261597038676314e+01 4.386072885244035291e+01 5.800197995963230113e+01 5.426171720109116592e+01 4.072322676302545119e+01 2.072255926159368045e+01 3.579940279652462465e+01 2.310186786975475215e+01 3.724438470000604440e+01 5.724855907688137080e+01 7.191934189563615121e+01 5.200490221465198459e+01 5.200490264920874495e+01 3.551929942752999381e+01 1.552121435819675987e+01 7.356266953112189810e+00 2.735512094510776393e+01 2.998721258500214759e+01 4.998262803344864125e+01 5.007987073346976814e+01 3.007987073346906470e+01 4.068649990684621542e+01 5.482863553171362270e+01 6.637564091634641272e+01 5.031519957028260848e+01
8.338298177320474514e-02 2.008338298177284997e+01 2.179447777573342293e+01 3.182196504257560221e+01 2.596473323703389369e+01 4.216557514405367613e+01 4.819480349480144810e+01 5.526406133931698150e+01 6.353437208968043137e+01 7.001447716769611418e+01 5.809924429531380952e+01 3.809935932053267038e+01 5.809924429531380952e+01 6.386044634710169277e+01 6.011945936467348162e+01 4.011719380745940100e+01 2.597481672039351253e+01 4.072322676324485258e+01 4.900897173385768468e+01 3.066116802874341118e+01 3.724505392393038505e+01 5.726062313614829691e+01 6.419428794026009655e+01 5.197692162501291335e+01 3.203718423422915151e+01 3.938145767420392218e+01 2.863260938901764519e+01 8.634020083112059041e+00 2.863260986161280286e+01 4.232727556986847617e+01 5.825684335277722425e+01 5.836414198131883069e+01 4.162687611726198611e+01 5.836414198131883069e+01 6.897077115602742481e+01 7.117419298502775860e+01 5.920687987995746226e+01
2.372884694381488524e-02 3.803373577036079478e+00 7.652375371633568513e+00 1.182266365277437892e+01 1.682266365265039454e+01 2.216788848718306326e+01 2.819811527999777212e+01 3.526918070006439621e+01 4.681590337520110978e+01 6.680445973348307120e+01 6.638210950754141493e+01 4.809940051241185444e+01 6.638210950754141493e+01 7.765761100807407047e+01 6.610796334229439708e+01 4.997594791790982072e+01 2.997481707872689682e+01 4.997594791790982072e+01 5.895171197930677920e+01 3.960555938540078813e+01 5.726062313614829691e+01 6.555233183102068040e+01 5.002026698226381285e+01 3.589064374618227760e+01 2.695063600362469813e+01 1.938656375933227238e+01 2.992561027582060262e+01 9.919671023520729491e+00 1.465162001389388635e+01 3.396490850086171776e+01 4.853353882771061478e+01 5.692675550510307403e+01 6.162687611726268955e+01 6.991114736537934959e+01 7.681685411603824321e+01 5.721295731849909316e+01 4.345310406717660356e+01
7.631710034972485901e-02 2.007631710034937100e+01 2.765199957240830031e+01 3.182190622153482096e+01 3.682133249225165628e+01 4.215381636764305995e+01 4.819480349480144810e+01 5.526406133931698150e+01 6.353437208968043137e+01 7.506840935880789800e+01 7.638125508336923986e+01 6.809908807821574328e+01 7.638125508336923986e+01 6.937029406387097197e+01 4.936686751798718120e+01 3.781948226380907130e+01 4.411728889788626162e+01 4.066536522873127524e+01 6.066758309240820779e+01 5.115360145638143052e+01 6.789882961839830955e+01 7.805609822298409028e+01 6.398699620964639223e+01 5.487948781633780726e+01 4.212311747184602240e+01 3.182539462567835997e+01 1.181816652301293935e+01 2.992667572546477217e+01 2.807139478835093627e+01 2.219906499656279308e+01 2.812846729376926191e+01 4.253682703539180210e+01 6.301088176636932303e+01 7.937173456526529947e+01 6.758516149136401907e+01 5.912792445608014447e+01 4.944068072097702782e+01
2.239863785106879432e-02 1.416453426158189366e+01 3.416453426158118134e+01 4.004126625799000294e+01 4.051547553284582648e+01 4.881008196895593443e+01 6.342568455135179306e+01 5.515761518822797171e+01 5.773393110710315312e+01 6.598313850811507564e+01 7.471837017263942471e+01 7.471837017263942471e+01 8.300010003578586293e+01 6.851351983453173489e+01 4.851022755928052277e+01 5.782131036289001713e+01 6.412000198137029372e+01 5.066576493050727947e+01 6.895440073787096935e+01 7.116159975176395847e+01 7.945132817548669379e+01 6.846338594931724231e+01 5.659215492229568412e+01 4.777810950747921481e+01 3.381883773900901247e+01 1.379945100885061926e+01 3.179506719377572566e+01 4.002477672226740424e+01 4.818654378879828215e+01 4.208088864103670801e+01 4.853353882771061478e+01 4.253682703539180210e+01 6.301088176686698716e+01 7.091579800482362828e+01 5.050064471817968581e+01 3.871299594688574075e+01 4.721792617968550587e+01
6.490672536223988931e-02 2.006490672536188313e+01 2.421334474295903050e+01 2.049651334050541251e+01 2.113641688943512165e+01 3.771401608641416914e+01 5.184967915370366853e+01 3.511332915182974546e+01 3.771621979929236090e+01 5.773393110710315312e+01 5.471442512202795427e+01 5.471442512202795427e+01 7.471837017263942471e+01 7.680079139274306499e+01 6.265406329945040653e+01 6.851351983453174910e+01 7.895678779494458865e+01 7.066940125430907926e+01 7.895678779494458865e+01 8.544297558924893110e+01 7.719633200169012355e+01 6.007978086905119852e+01 3.947438512027365221e+01 2.634465093008072500e+01 1.844595065679913404e+01 1.524775256007199786e+01 3.522163874950579299e+01 4.127907045665180163e+01 4.127910474346602143e+01 6.125806712937304610e+01 6.643363703872542203e+01 6.301088176664870133e+01 7.131668427653907827e+01 6.935344585344077473e+01 4.892295239431906850e+01 3.713367621133431840e+01 2.697413777473195395e+01
7.333276091007127906e-02 2.136175253429605458e+00 4.210078642940399796e+00 6.332433947774892324e+00 1.355066303100800518e+01 2.952746498851751511e+01 3.456783672323987844e+01 2.341692755147487048e+01 4.357927169751555141e+01 6.057344497686904816e+01 4.055757295441614474e+01 6.057344497686904816e+01 7.218554259228409364e+01 8.630371443121065056e+01 8.265949926966078465e+01 8.851971278439451396e+01 9.432325116965097322e+01 8.605631906088520111e+01 8.484884442224182521e+01 7.719633200169012355e+01 5.726053476034083189e+01 6.309553969228598191e+01 5.659011156268183385e+01 4.777816557103533057e+01 4.012736621923019698e+01 3.522494703072975852e+01 1.731128529655940440e+01 2.130704619910296316e+01 4.127910497545707358e+01 5.230470188199334558e+01 4.645230531882149450e+01 6.058125817347896458e+01 8.056252946734942100e+01 7.782564416651391070e+01 5.910514727041688587e+01 3.871241652951605516e+01 4.734578558323717346e+01
5.145395647001294037e-02 2.005076086970959892e+01 1.370879475981760720e+01 2.642990142745653159e+01 9.460949651453207210e+00 1.182276664571613090e+01 1.426135634429735077e+01 1.708651382772955074e+01 3.738200901645635099e+01 4.633121447624305489e+01 3.387220629331100952e+01 4.389501262662640357e+01 5.804961680196918650e+01 7.286136580905014171e+01 8.115104777702875083e+01 9.270118497142340175e+01 8.605631906088520111e+01 6.611181456177823179e+01 6.489990703482366996e+01 6.489990703482366996e+01 6.017705745222779967e+01 4.314384031898720906e+01 5.157870558703800867e+01 4.793591748216095993e+01 4.519516780821047774e+01 3.885346145596786016e+01 1.888190974998194349e+01 3.885348282323853653e+01 2.762072325284430718e+01 3.232639198308249462e+01 5.230470188257124420e+01 6.124067256974555562e+01 8.122229570213586669e+01 7.559689500833708564e+01 5.535424278635645834e+01 5.910514727041688587e+01 6.344222176766411536e+01
9.635555453094322986e-02 1.889804812081360552e+01 3.055913680286585077e+01 1.882373168288965459e+01 3.569203121849871962e+01 3.206824380684989251e+01 2.867306962031987538e+01 3.738200901645635099e+01 2.127363231707737157e+01 2.624790014258237747e+01 4.633121447624305489e+01 5.596120216215064858e+01 6.131044135672149764e+01 5.285511171331859259e+01 6.440924238601506602e+01 8.440749001709046695e+01 8.346753031497037512e+01 6.352451333037280534e+01 5.200306157016358100e+01 4.493900769497889058e+01 4.022871161795511341e+01 3.586945141700154949e+01 3.161276070738230359e+01 2.796888500432202918e+01 2.522705886712949663e+01 2.255898934477677287e+01 2.087944096286755880e+01 4.085038229049343528e+01 4.759576908010141949e+01 5.230470188215400640e+01 4.125923466826271380e+01 5.538832952117331132e+01 7.536947852943715986e+01 8.387000385689991333e+01 7.254591805637008406e+01 6.413380252835018780e+01 5.497199974043731885e+01
4.067814134485068372e-02 1.447792842574815531e+01 3.532237397543657664e+01 3.893742548816678095e+01 2.958389001401404883e+01 4.967823065298349405e+01 4.879906341014010707e+01 4.975503586070241369e+01 4.146033980307970523e+01 2.665385651471675743e+01 3.106940296665201728e+01 3.594109536787971138e+01 4.129567675752836919e+01 5.130702847941238787e+01 6.545719642393724769e+01 8.545307694933589460e+01 9.173398869168522651e+01 7.900468630001110171e+01 5.905743753716426170e+01 5.901369687451970947e+01 6.017705745222779967e+01 5.425158905019880962e+01 3.428181984892364653e+01 4.793658818943361410e+01 4.500632238265843910e+01 3.658926507265856287e+01 2.308476917465649692e+01 2.793822208210804803e+01 4.790825553234894585e+01 6.370592648927028279e+01 6.124067256979490281e+01 5.538832952117331132e+01 7.536947852943715986e+01 7.300223433092953940e+01 6.137949315247669091e+01 4.373989818726611389e+01 4.703007196484103503e+01
4.598823041778624804e-02 2.004598823041743216e+01 3.729509641396570885e+01 4.884172481668383625e+01 4.967760795318500300e+01 4.381067911442485041e+01 6.384375315529489114e+01 5.829308249176848733e+01 3.827088362274954392e+01 4.673326058497217161e+01 4.264668498730915047e+01 5.596120216215064858e+01 6.131044135672149764e+01 6.959545237956238850e+01 7.959772354073233203e+01 8.017900341058508218e+01 8.847134545244365711e+01 8.726824038503114878e+01 7.900462988593113778e+01 7.829660756880292638e+01 7.614940162291075865e+01 5.895834485142827219e+01 3.898929005086547050e+01 5.895834485142827219e+01 6.349356949680009166e+01 4.527485850813757651e+01 2.530328052059461896e+01 4.527489879803193418e+01 3.548514365334970222e+01 5.545177463166569254e+01 7.259852645136581373e+01 7.536947852943715986e+01 8.364732936835551413e+01 6.471796261190625899e+01 4.453244903128564403e+01 3.271640933717823430e+01 2.709610907138597113e+01
