MOVIE_S13_data/elevation_000907.asc
nrows	150
cellsize	150.0
xllcorner	0
ncols	150
yllcorner	0
NODATA_value	-9999
[rows 119 to 135 of 150, columns 111 to 147 of 150]
1.140199602016004405e+02 1.055710904436541853e+02 9.726405418215891530e+01 9.466594644759535981e+01 1.029709267100104455e+02 1.033813008243168667e+02 9.183610782565467900e+01 7.355452420906095767e+01 9.183610782565467900e+01 8.140148600545943225e+01 9.553722614146151670e+01 8.797115695114850098e+01 6.797217023111647904e+01 5.382824378630204620e+01 4.382668835920555495e+01 3.946763548722360326e+01 3.547568331387599017e+01 3.163352300703915176e+01 2.792096019707950916e+01 3.851841367860416909e+01 5.265670669751349209e+01 6.355142002739327012e+01 6.112660154914454580e+01 4.728805667850242855e+01 3.561590729234702479e+01 1.488025371047590895e+01 3.163636147777812013e+01 4.040328831929480913e+01 4.341594553759582453e+01 2.933215636483452826e+01 9.406933375438498501e+00 2.509559123546112502e+01 2.536591304553516579e+01 1.963351903361044393e+01 3.964219496633459983e+01 4.159298130474127930e+01 3.784813885689393942e+01
1.107825345222143767e+02 1.067077309170447847e+02 9.842367358809779887e+01 9.583293076831540702e+01 1.041148496696044816e+02 1.103415605846399359e+02 1.018346379115237568e+02 9.355476243585410145e+01 1.018346379115237568e+02 1.014002214257298249e+02 1.006586845629337006e+02 9.065094715464533692e+01 7.235797822930841505e+01 5.235583614941836572e+01 6.382899080551916171e+01 5.946405327580391287e+01 5.315553268904420747e+01 3.316913972624766416e+01 3.791117651089794549e+01 5.619043573478722209e+01 6.679499971642277956e+01 6.079743872719779318e+01 5.077213409119973875e+01 3.319501186134598925e+01 1.879331236651637482e+01 2.975700419881429681e+01 4.350615143691498332e+01 4.965431567502978538e+01 3.504878492157850189e+01 1.459542162872713078e+01 2.933215636483452826e+01 1.805256215996403313e+01 3.839572510959992968e+01 4.026768194810647117e+01 4.894396024480047913e+01 4.253332388843887912e+01 2.370212398868761383e+01
1.024980867869977033e+02 9.842367358809779887e+01 7.847224710237615852e+01 7.588482169618889372e+01 9.141711095157631917e+01 9.129533331997997436e+01 1.069322652727226455e+02 1.038098649548640964e+02 9.553111220209495968e+01 1.038098649548640964e+02 9.235690095241643860e+01 7.235805210389676745e+01 6.235880018140919390e+01 7.235797822930841505e+01 7.295285605031011755e+01 5.295285854541121751e+01 3.881660796265945379e+01 4.729835831231052623e+01 5.790252100449036732e+01 5.790252100449037442e+01 6.665244840912200175e+01 4.665685559920930814e+01 3.259769071746669766e+01 2.265819050890499753e+01 3.903783971692548960e+01 4.724666043743614807e+01 5.803807619635277604e+01 4.156252958352175142e+01 2.131595033323950616e+01 3.515108169104129843e+01 4.346191609325051530e+01 2.655561681478700820e+01 3.839620831982262672e+01 5.836192885006580866e+01 5.484313643364919955e+01 4.655873335951871894e+01 3.419055306646255588e+01
9.340237605685618405e+01 9.046505658952077056e+01 8.431588462569827414e+01 6.432437960008351752e+01 7.176355218393777591e+01 7.984264695358214681e+01 9.366231613966891700e+01 9.384108483398694034e+01 7.561389686034446811e+01 9.384108483398694034e+01 1.006594710647284074e+02 9.065094715464533692e+01 8.235730708519098187e+01 6.944239037126735070e+01 5.529970635545122093e+01 4.529924101856850172e+01 5.881072219088206054e+01 5.881072219088206054e+01 7.558213949286007960e+01 7.790200165757148909e+01 7.183070834322164444e+01 5.768411430103947879e+01 4.515773413663789881e+01 2.534241633799140558e+01 3.275811188289018361e+01 5.268441006390840897e+01 6.059418698752271126e+01 4.054670933521705933e+01 2.641393797222619710e+01 4.641319897378863146e+01 5.483595703814643230e+01 3.815722392605452740e+01 5.483595703814680888e+01 5.412423124399936825e+01 4.517981807214365375e+01 2.655872918071640498e+01 3.022879796453804246e+01
7.348050616351524411e+01 7.054317568531405414e+01 7.766574949040578701e+01 5.762527558945258477e+01 7.306645516333854573e+01 6.571915921342423417e+01 8.559460935033602880e+01 8.557250453121967837e+01 6.565530560777961000e+01 8.373196122762104210e+01 9.200003576943144878e+01 1.035141796389575433e+02 9.773016246510627525e+01 8.358627641818679876e+01 7.064540805262974743e+01 5.064375483093899533e+01 7.064540805262974743e+01 7.881112595532081855e+01 7.996658682530802764e+01 5.996076350351052042e+01 5.996076350351051332e+01 4.353752025851189700e+01 2.951344661056135266e+01 3.413208067190903705e+01 5.268441006390840897e+01 4.683099222772284520e+01 6.681581079026412340e+01 5.194896008971504386e+01 3.198948953752257296e+01 5.194896008971504386e+01 6.634241207002590102e+01 5.805024771276283246e+01 5.998191413063518951e+01 3.998187178553535404e+01 2.583973610115551622e+01 1.689546419115593423e+01 1.022879752448914914e+01
5.939356406177024894e+01 5.645208351554301629e+01 7.248306636506193001e+01 5.244634267414429729e+01 5.281314224758150999e+01 7.200058909181632316e+01 8.312297986438956343e+01 7.853071132071679017e+01 5.859223292146953810e+01 6.380237774440274734e+01 7.531040233362365655e+01 9.523602461628806282e+01 9.743514806535631578e+01 7.743563576636373114e+01 6.329519362502801982e+01 5.959054702444971241e+01 7.893130889687896001e+01 8.980033434752822075e+01 7.979990217903657879e+01 5.996076350351051332e+01 3.993150108427303024e+01 3.394068116128671875e+01 4.939690081709479585e+01 5.407767516369258942e+01 5.040625008188754208e+01 6.681581079026412340e+01 7.505864129967913811e+01 5.903662596113797889e+01 3.898967955926745077e+01 5.194896008971504386e+01 7.203188804415603386e+01 6.835282450995855186e+01 6.006855324570660315e+01 5.412423013563718399e+01 4.517981787876821897e+01 3.689546595862745448e+01 3.022879821243248699e+01
4.787537324642179470e+01 4.493316183338648528e+01 6.088569972407338327e+01 6.560096273694750835e+01 4.558531028082261827e+01 5.683195906088047167e+01 7.531121413734327064e+01 7.222561083874786902e+01 5.226161562589728504e+01 7.222561083874786902e+01 8.742577161205210245e+01 8.489057899382054018e+01 9.316111609685624728e+01 9.158119187781201731e+01 8.329335729831491619e+01 7.113718788660366954e+01 8.787593346046215004e+01 8.151127407545855874e+01 6.151484074298237203e+01 5.150389742056250242e+01 5.819219364047016541e+01 3.816186704080795522e+01 4.656413458461175736e+01 6.658233569285897602e+01 7.041364340658118692e+01 7.870185364338784950e+01 7.325339178722059330e+01 5.314784874289230032e+01 5.903662596113797889e+01 6.736518300941649784e+01 7.267837385742463141e+01 6.006855324554432229e+01 4.006855324605120927e+01 4.592641762211278689e+01 5.028836496915976539e+01 4.200409491901609726e+01 3.418507002789494464e+01
6.781355932797590924e+01 6.088569972407329089e+01 4.093694619163864701e+01 5.704656033550506322e+01 4.193748621348131422e+01 5.655137258479221174e+01 7.732778891230807972e+01 6.764555622600336449e+01 4.766867946540599377e+01 5.921654388905744781e+01 7.915980120708385925e+01 6.495440837306335879e+01 7.743990205395024873e+01 8.570713353765103193e+01 9.414274134613192757e+01 9.113433917325392031e+01 9.942395969327857586e+01 8.980033434752822075e+01 7.530879258474028859e+01 5.531059252337409760e+01 4.712645828619653088e+01 4.449922299872569909e+01 6.452485428530069100e+01 6.291175536038358018e+01 8.291454523226974516e+01 9.134634215983059846e+01 8.158251727594092984e+01 7.325339178722059330e+01 7.762100237859685592e+01 6.607399696176003090e+01 5.778972566646018549e+01 4.439410253421943509e+01 4.439410253371638504e+01 2.592641762232075919e+01 3.437941223852551786e+01 2.200409491955711161e+01 2.686498349521163220e+01
8.171154088353628708e+01 6.914471195043221030e+01 5.704656032687031342e+01 3.707952586912129078e+01 5.704654364897412933e+01 7.014306802147480369e+01 7.767552457580718794e+01 5.772417971769227307e+01 4.358912151264291168e+01 6.356779333284278266e+01 7.166755670252642574e+01 5.342311008530835181e+01 5.748977443922604635e+01 6.592169050522186069e+01 7.807428966438240536e+01 8.634048453822985891e+01 9.785473993612610855e+01 8.944882637316753460e+01 6.945179881715992565e+01 6.714456159733319396e+01 6.714456159733317975e+01 5.159459536580312289e+01 7.159664771064298350e+01 8.291454523226974516e+01 8.545865145718380518e+01 7.126962475741009939e+01 7.454411521938895646e+01 8.285432386408038496e+01 6.933673105033439299e+01 4.933673105019213523e+01 3.778972566640003095e+01 3.071865785453480058e+01 2.439410253419815433e+01 1.923012473925502164e+01 1.437941223852844708e+01 1.045708953576479949e+01 6.864983495229331822e+00
7.344884729938968349e+01 5.351407822628862476e+01 5.496485295876917121e+01 3.498312819244044647e+01 5.496485303693980740e+01 6.660232497578984123e+01 7.390507480324583867e+01 5.394642650730636291e+01 3.981861207195918695e+01 5.479878745539211593e+01 6.306670052356492562e+01 4.342951094502059561e+01 4.595328366622910465e+01 6.592169050522186069e+01 5.812751672769116595e+01 6.965068944319335742e+01 8.958114155785089849e+01 9.774022900956087767e+01 8.944882637316753460e+01 8.714468772956431053e+01 7.988284235865033622e+01 6.160046864675125988e+01 7.988284235865033622e+01 8.210809403373575321e+01 7.379694786448628463e+01 5.700181814961856475e+01 5.438123694074845815e+01 7.123023480340128799e+01 6.940259861858579882e+01 6.607399696176003090e+01 5.778972566646018549e+01 5.071865785457369213e+01 4.439410253422472863e+01 3.923012473924889321e+01 3.437941223852551786e+01 3.045708953575951128e+01 2.686498349521111351e+01
6.422369472544947655e+01 5.717218558331298794e+01 3.720314259937594414e+01 3.291938015164176790e+01 5.031159311263876788e+01 4.665033526380064899e+01 6.660232506118158824e+01 6.805893087993956669e+01 5.479878745539211593e+01 3.483266192288645868e+01 5.009272653575739298e+01 3.528134374683003927e+01 4.026770657573290890e+01 4.658376315330393425e+01 5.812751672769116595e+01 7.807428966438240536e+01 9.690300810767044482e+01 8.863249167005761819e+01 9.122566239261348642e+01 9.949480263429742877e+01 8.988180456199052060e+01 7.573471112020838802e+01 8.800007099334742122e+01 6.791382163645694447e+01 5.362541913750651901e+01 6.103935293153174513e+01 4.261110666442002781e+01 6.290307201757823918e+01 4.895081119881892562e+01 6.303258309341728705e+01 5.567755211295303752e+01 4.699439434473880084e+01 4.501926327721862719e+01 4.383242465475273519e+01 4.191554343048165521e+01 3.998231079289072198e+01 3.419732201564922036e+01
5.093531751882287040e+01 4.427890243680077020e+01 5.717218556642882277e+01 5.031159310610789248e+01 3.030217536548242308e+01 4.780058804806125039e+01 5.606625671028979241e+01 5.779955606985491556e+01 5.501003920949725057e+01 4.674143692654247673e+01 3.012511459005426673e+01 5.009272653603876790e+01 6.024160191958021926e+01 5.439612344176570957e+01 7.435383533927978306e+01 8.634048453824483715e+01 8.536779579355670933e+01 6.864762386343028311e+01 7.124078895282231372e+01 9.122566239261348642e+01 9.631330888077945929e+01 9.573556903715909527e+01 9.519755295496500480e+01 7.529641146977421329e+01 5.513388592544453815e+01 4.072223291561182634e+01 3.611816304972388281e+01 4.780123363696682048e+01 3.446915290557929978e+01 5.289200221460841078e+01 4.666154206661606452e+01 2.566283480211639301e+01 1.136639329401353926e+01 2.440071052064371671e+01 2.163963117634227373e+01 1.972095936750854506e+01 2.376799323682143239e+01
6.422375727557927405e+01 5.838744335938347518e+01 6.660232248584571835e+01 4.665033524065348303e+01 4.780058804806125039e+01 2.778276445654616467e+01 4.536409615178752830e+01 3.782014556282042150e+01 4.674138081505969211e+01 2.676506802655581652e+01 4.674121151396131779e+01 5.009272019386285280e+01 7.005384596656438134e+01 7.435383533927978306e+01 8.262026719171949196e+01 9.075858879384037436e+01 7.077326502904149663e+01 5.710554441334795683e+01 7.709422286218224940e+01 8.320634760984638945e+01 7.632676636245274437e+01 9.045957186193176369e+01 8.689495335675714216e+01 6.680568951478693407e+01 5.513388592544453815e+01 5.307032282221003783e+01 3.266322815808148761e+01 2.739075072496750352e+01 2.427033184188310955e+01 4.048939707500006335e+01 3.794947044513489232e+01 3.137158958274843812e+01 1.192033170020599187e+01 9.619016106811299593e+00 7.410380214877695160e+00 5.503454665520114197e+00 3.630283003934496655e+00
8.415380668195051328e+01 7.831386548632603706e+01 7.486456672275501489e+01 6.191764909579818976e+01 4.195310990123964956e+01 4.536409615178752830e+01 2.534270093755513997e+01 2.365094689325036725e+01 4.130395658041794604e+01 2.446575998134554553e+01 3.860175446176577196e+01 5.857012165796430736e+01 6.507064673553266232e+01 7.333390591835072314e+01 8.330777576130077478e+01 8.247452132440770356e+01 7.077329863996318693e+01 5.078164730756022749e+01 6.321731579568723447e+01 6.321726993684577423e+01 6.219304765373027521e+01 8.218068913359741146e+01 8.840096807447582705e+01 6.831885888456729106e+01 5.403601980777562375e+01 4.226278727109369271e+01 3.541714651993982699e+01 4.779709192568299869e+01 4.048939707500030494e+01 2.016331665895950209e+01 1.768075974452527177e+01 1.526383836801280935e+01 3.208458508429437472e+01 1.318760683479844253e+01 2.757830838083565439e+01 2.565536564357203630e+01 1.257077545541335439e+01
9.354816324125026483e+01 7.826603794341090747e+01 6.976392964835604005e+01 7.017940351933994236e+01 6.191764909579818976e+01 5.363194780271472695e+01 4.536409233938586993e+01 4.130424463648609645e+01 2.128673139382440382e+01 3.213895232053138784e+01 4.984071308367685305e+01 5.508921815568867686e+01 4.510778957584480509e+01 5.509741175881280384e+01 7.504388171225258475e+01 7.419624979547273824e+01 5.420503604659124619e+01 5.787303414068350804e+01 4.322261039951838768e+01 4.954704167002273607e+01 6.368518403942712780e+01 8.367270949883749154e+01 8.950579194426103413e+01 6.942653834734856844e+01 5.514972648002714806e+01 5.579336048968765027e+01 5.579336048968765027e+01 4.848390345557307057e+01 2.810183472739534594e+01 4.048939707500030494e+01 3.796734856299748628e+01 3.552307411345624644e+01 1.938263848394442235e+01 3.341773487837338763e+01 4.179910436999945489e+01 2.879656459490728082e+01 3.214170791400087523e+01
7.293969562415395558e+01 6.976392964835604005e+01 4.873628281838706755e+01 5.489513798248919585e+01 5.036188228558316382e+01 4.643618825397551575e+01 4.167084171868640396e+01 3.809139342727353750e+01 1.996225879072847320e+01 3.996028635410677765e+01 4.693241562981569359e+01 3.510921403465487600e+01 5.508921815568867686e+01 7.333390591835072314e+01 8.330777576130077478e+01 7.200972578917338751e+01 5.201807241464808129e+01 3.787739800145454439e+01 5.787331168260945446e+01 6.953937101894621264e+01 7.781839793849529485e+01 7.964147256709902933e+01 7.964147256709902933e+01 8.361555311068636342e+01 7.530761556471979645e+01 7.597522058965830638e+01 5.864704596606880216e+01 3.832076722009614400e+01 4.254269780546540858e+01 5.684806571328621061e+01 4.665973017034807668e+01 2.631478265039404363e+01 3.968147074140660635e+01 3.968147074140660635e+01 5.677080786725885986e+01 4.856334810146724124e+01 3.420571003448613823e+01
6.065108351612528992e+01 6.952621028577928541e+01 5.489513798248919585e+01 3.412115060682775436e+01 2.974266223008869403e+01 2.565476091150049243e+01 2.180564821451643809e+01 1.809836910196993287e+01 3.809115847134950172e+01 4.076277292080875725e+01 2.694126198254323157e+01 4.693241562981572912e+01 6.335446678217753913e+01 7.824978207539875541e+01 8.136672826022088145e+01 6.137651019580810186e+01 5.454080976767212974e+01 3.454406519327189784e+01 4.868508349194135576e+01 6.867778356008592766e+01 7.378782636362336689e+01 5.965374716765908403e+01 5.965374716765909113e+01 7.378782636362336689e+01 8.378230120215991406e+01 7.291916696601413150e+01 5.273533988406166628e+01 5.273533988406165918e+01 6.282725342503784560e+01 5.532547178271947530e+01 3.500250626810727539e+01 3.808248377104943927e+01 5.501514308763417205e+01 5.994558900324175710e+01 4.964072121928209924e+01 4.069644930928278370e+01 3.241217806181916927e+01
