MOVIE_S13_data/elevation_000002.asc
nrows	150
cellsize	150.0
xllcorner	0
ncols	150
yllcorner	0
NODATA_value	-9999
[rows 34 to 50 of 150, columns 74 to 110 of 150]
1.013773306302559831e+02 1.067145214667862660e+02 8.820348417915243999e+01 8.893697550344371905e+01 8.933586324016599178e+01 1.108123161860112447e+02 1.212768640986989936e+02 1.256388695343990065e+02 1.170907871870139303e+02 1.098568473395419716e+02 1.033615581792537057e+02 8.303371963405923850e+01 6.752384934656187454e+01 6.401130829264404554e+01 6.810809601471612496e+01 7.692454440435334106e+01 9.391089933744069640e+01 1.091509685074429683e+02 9.661158131453191800e+01 7.666265150647475934e+01 7.968772703089241816e+01 9.631289294340017193e+01 8.853368192336824904e+01 8.026309429762761738e+01 7.178885679004882547e+01 5.168906175927402558e+01 7.178885678996171293e+01 8.264488421153191666e+01 7.338184605032706997e+01 9.328192305905547244e+01 1.041529262784584091e+02 8.997746586188932838e+01 1.041529262868848065e+02 1.027385256981066277e+02 1.110756660694059121e+02 1.103198325188620572e+02 1.020274077376000861e+02
1.226780412527277235e+02 1.218435977020366607e+02 1.120214735237403119e+02 1.114137117099510164e+02 1.081833873269845867e+02 1.244847049593473827e+02 1.289106662964834413e+02 1.083879397684697494e+02 9.660845185572350147e+01 8.934183726943511772e+01 9.478753366395493174e+01 7.339526983574316432e+01 8.600320050225461443e+01 6.586259928592974688e+01 8.423374877416117101e+01 7.915939419897654261e+01 9.790177636454356502e+01 1.127603217941108085e+02 9.298223478038048029e+01 8.486273420920602462e+01 9.962620237169674908e+01 1.077571228684664106e+02 8.956609565250406035e+01 6.957446211772081313e+01 5.535931662691669430e+01 7.178885683207157342e+01 6.247157995504220196e+01 8.248820553794072907e+01 9.328192291105615652e+01 8.746735534217826569e+01 1.073195328939631992e+02 1.099729915964753815e+02 1.155786093525890976e+02 1.071141847763255157e+02 9.881871178997468519e+01 1.002857580354570644e+02 8.193918774762352086e+01
1.041449746488258512e+02 1.193104593307346022e+02 1.154286396586199004e+02 1.156858571697933229e+02 1.272346708214212043e+02 1.404764097426756280e+02 1.373823595953312804e+02 1.256388632359711153e+02 1.170907619570905922e+02 1.006902286477169923e+02 7.981349208478718538e+01 9.478753478421681677e+01 8.792032377718682312e+01 6.773239650868859485e+01 8.792032377154232847e+01 9.811544197031190606e+01 1.064861555459480655e+02 1.208226351733689086e+02 1.121519774703631782e+02 9.635841701402533488e+01 1.127439610871636404e+02 1.047521925672357526e+02 9.058492810244861460e+01 7.806878245646413461e+01 5.801108815671897645e+01 7.806878238133721482e+01 8.248820553826662660e+01 7.664687555264380592e+01 9.659053139635662433e+01 1.073195329333170775e+02 1.156053114135989262e+02 1.160809660438776518e+02 1.045049011624296753e+02 8.721136036714305817e+01 7.871418938345871652e+01 9.198329697191097409e+01 7.184561043729705432e+01
9.145888386415771265e+01 1.110090041441932129e+02 9.837455555770085880e+01 1.135100598731597046e+02 1.215442237996277441e+02 1.326852956432506119e+02 1.393112943050488184e+02 1.273506848183403264e+02 1.090712544694797685e+02 8.854197341760954032e+01 1.006902286477124591e+02 9.398562181897301571e+01 7.380121341746352925e+01 6.987065825032928501e+01 9.010352357595149897e+01 9.908214378166391612e+01 1.075734424375193896e+02 1.203349618141664621e+02 1.239946043215379632e+02 1.160554372178348643e+02 1.096397502990273409e+02 9.536509481607978955e+01 7.644440474889880477e+01 6.225603402447359969e+01 7.806878253415271729e+01 6.750845446604265021e+01 8.772965821452697810e+01 9.659053141348796601e+01 1.048858378183261522e+02 1.104170781637430707e+02 1.082469457261093737e+02 1.077932974307746292e+02 8.772551386894555492e+01 7.609194398242496504e+01 6.704187923170103147e+01 7.861106499888492749e+01 8.121925033887063705e+01
8.435098451772603312e+01 1.010181467895375675e+02 8.845891059643616927e+01 9.422355740804481172e+01 1.053980912455325978e+02 1.246863303812539669e+02 1.306877227981048577e+02 1.100140083392460042e+02 9.821631788871660262e+01 1.090712554128153471e+02 1.005247915605586968e+02 8.036971936483786294e+01 9.398562134868105034e+01 9.010352359133837297e+01 7.301288860351679944e+01 7.889015221728696758e+01 9.051001608804249088e+01 1.113296755901200044e+02 1.178919986876953629e+02 1.078421610222737002e+02 9.947935718161546959e+01 8.123603289087705548e+01 6.706343709248206153e+01 8.229356963350535636e+01 7.495935597245356519e+01 8.772965822142062109e+01 7.923544307850556834e+01 9.995703249073672225e+01 1.104169835281980454e+02 9.057730105395451403e+01 8.840723600187652664e+01 1.024385673625524760e+02 9.615779387358006147e+01 8.783624323323100214e+01 7.861106499851629792e+01 5.837129786496547723e+01 7.096115228781074791e+01
7.750059933712867632e+01 8.150450554020643779e+01 1.010181513549635781e+02 1.135502418745995925e+02 1.079040765264969508e+02 1.271815361879320534e+02 1.356658385202956367e+02 1.149503854574689257e+02 1.187517481890561442e+02 1.078971948077214051e+02 8.770704000266344735e+01 1.005247915194815533e+02 1.089521072905147747e+02 9.566282166048547708e+01 7.545945402772980515e+01 9.566282217509265706e+01 9.049070827209615686e+01 1.107533295134263511e+02 1.094511926924455167e+02 8.951918607632278224e+01 7.953031006787553281e+01 7.243509448930930716e+01 8.707557568371679224e+01 8.695678758985135914e+01 8.654655693099293501e+01 1.035745817743818691e+02 9.128829672272718199e+01 1.086902023606486836e+02 1.050773056747619734e+02 8.574887669497168474e+01 7.429414395491876633e+01 8.579138960810756487e+01 8.062831958781896446e+01 6.762799320948208504e+01 7.133627617005411992e+01 6.967970241488231409e+01 5.063954292030660298e+01
9.247559640279081350e+01 1.010181504426717538e+02 9.528912213847664248e+01 1.148492519481703908e+02 1.271815485550166613e+02 1.351898420459706074e+02 1.442894211578819466e+02 1.282989306077414540e+02 1.079411367014707679e+02 9.626363764630369246e+01 1.078971948078109477e+02 1.163469386378384058e+02 1.120314352334546015e+02 9.812814109030762211e+01 7.796190184677736568e+01 9.812813765679180733e+01 1.107533293246205943e+02 1.070049214510298015e+02 1.178925928202026512e+02 1.078213870524107847e+02 9.115934427712852539e+01 7.704302214605208121e+01 9.116301516454589660e+01 1.064998239314318340e+02 1.069563708770162123e+02 1.159929753524235707e+02 1.134166274737810625e+02 1.216109893336661685e+02 1.106333513025771964e+02 1.024385761031718829e+02 8.579139161907967548e+01 6.567404449700437397e+01 6.041821295686789028e+01 7.133627617558626355e+01 5.099599817671983715e+01 4.932560690488327992e+01 4.767945436907996992e+01
8.668736364307467568e+01 1.064496307473822583e+02 1.148492518886084213e+02 1.229375992845282042e+02 1.279240170650845556e+02 1.361277388074082921e+02 1.452819906439877968e+02 1.367967145740260833e+02 1.250162239050530957e+02 1.052964858551394656e+02 1.250162237896969941e+02 1.179176882821047769e+02 1.035199962002537433e+02 8.334722108858412071e+01 8.133902929641405422e+01 1.014907398553507534e+02 1.150234221169369704e+02 1.274203269077857215e+02 1.358771428270686386e+02 1.192482572667052949e+02 1.023190729010079991e+02 8.240271078270434657e+01 1.023190753999116822e+02 1.194490232421906626e+02 1.180074165640496204e+02 1.096481595270819298e+02 1.105782337762289558e+02 1.133160819689063885e+02 1.041365153238706682e+02 9.580922249877230001e+01 9.406959693659206323e+01 8.468298214882489106e+01 7.373312853199855965e+01 5.341211792448362417e+01 7.133627617010135680e+01 6.375634042657089395e+01 6.804356848505597100e+01
1.064496304118176511e+02 1.146187004998580790e+02 1.199534609085770711e+02 1.117484480440148644e+02 1.081130719119831554e+02 1.173536000677173377e+02 1.329912716136567212e+02 1.428618668793556594e+02 1.341361160830536221e+02 1.170294573088401933e+02 1.196135012360720964e+02 9.913169040055215930e+01 8.910060977680471694e+01 1.035199961754014737e+02 1.014907399080498038e+02 8.625559460688371871e+01 1.062189512934434390e+02 1.200472358606196792e+02 1.312840871767827196e+02 1.138047004598221577e+02 9.391102026348850984e+01 9.237644648154703475e+01 1.106435977922116649e+02 1.252932456213320052e+02 1.096481595284073620e+02 8.924502490514510100e+01 8.942949485506970575e+01 9.458201628920464543e+01 9.244560251444846699e+01 7.556649190173325792e+01 8.153714582995601745e+01 7.632797603020939903e+01 5.601539924281949112e+01 7.373312853208973650e+01 8.208364338421161222e+01 8.397996320437448503e+01 8.010507126458703908e+01
1.111475814658842722e+02 1.134370188442520231e+02 1.052088286417458818e+02 9.192658584736676630e+01 9.763938671538763003e+01 1.050873552076830748e+02 1.149436073822360953e+02 1.346701521755535680e+02 1.459379650580818861e+02 1.374160960917753016e+02 1.196135012459303084e+02 1.141778929875030002e+02 9.379313789449108185e+01 1.141780202635468413e+02 1.027056035048382938e+02 1.064748668492502759e+02 9.176760378752376823e+01 1.018360227455993936e+02 1.225416941284617423e+02 1.138047006306321833e+02 1.079433337817453236e+02 1.064073575890971881e+02 1.206385378246871056e+02 1.169084083348556788e+02 9.642394529869363851e+01 9.522096467530849395e+01 7.479573525104154896e+01 9.084696685137920724e+01 8.214576678066794102e+01 6.381709319212877318e+01 6.122708745746510317e+01 5.869751322743856292e+01 7.632797603012501497e+01 7.040342935087866749e+01 9.063110042065856931e+01 1.017624272101085694e+02 8.810201169381792852e+01
1.075045449620244256e+02 9.925587144786013027e+01 8.529723590993499727e+01 1.052088286415529979e+02 1.173535988704159934e+02 1.213860363337670520e+02 1.329912714016705308e+02 1.428618667632538006e+02 1.598984304561600709e+02 1.489026434128286951e+02 1.310157225603188067e+02 1.103939227614510799e+02 9.958303553713523115e+01 1.201028558969320841e+02 1.171787881238973341e+02 1.167414313889067046e+02 9.622475179521234168e+01 1.167411527050906415e+02 1.313095529887222312e+02 1.339161762713744679e+02 1.279552932687446543e+02 1.263983525289756642e+02 1.262288612680826674e+02 1.056718490371659840e+02 1.001829143036508754e+02 7.966186153641383783e+01 9.084696689846840911e+01 7.050554735604953294e+01 6.770611882471084186e+01 8.412207654553949965e+01 8.153714581756101154e+01 6.158174948277290639e+01 7.598169284709683780e+01 9.063110077644117268e+01 9.896306399690678290e+01 9.347328189867636183e+01 7.338300516967237286e+01
9.436354785947730761e+01 7.926983415458344950e+01 8.743554007604454625e+01 9.743215119202935171e+01 1.115663553734551812e+02 1.314469148964908527e+02 1.447361392991138018e+02 1.305580489786477756e+02 1.452282396719043618e+02 1.572350748248929904e+02 1.396287006329581288e+02 1.201229981622225580e+02 1.067682196800041652e+02 1.273857610461940197e+02 1.378938936495162295e+02 1.222127599595897323e+02 1.016043324634138685e+02 1.129216788412208956e+02 1.337385041721476000e+02 1.437059419243215928e+02 1.332748389843377197e+02 1.247242237619579868e+02 1.176254787641032635e+02 1.056718777776057578e+02 8.502642543657017882e+01 1.001157506051981017e+02 8.477834172489922082e+01 9.084696685277428685e+01 8.802917106192811048e+01 8.644512770458813122e+01 6.603437808562834732e+01 7.177215362594129999e+01 9.031261547772433573e+01 1.046435100951560173e+02 1.134973221212071479e+02 9.347328194803772305e+01 8.448863732530215032e+01
7.433390900023111669e+01 9.436354768535895232e+01 9.925587150982109108e+01 1.156491020323225740e+02 1.256122834172368954e+02 1.343564688126047884e+02 1.258099376775914493e+02 1.154898899360686784e+02 1.278244563979477846e+02 1.487554217392375335e+02 1.497813945527551880e+02 1.359979073839505190e+02 1.170497214389167766e+02 1.359949660979783630e+02 1.397078936352735923e+02 1.184719530597666051e+02 1.093287618948426001e+02 1.223017420116623697e+02 1.424656672085498315e+02 1.352114032568442781e+02 1.142386248995165232e+02 1.036843064063826603e+02 9.682413503039185798e+01 9.096080001295146644e+01 1.056718467121338847e+02 1.035937861887824880e+02 1.042250671372221547e+02 1.047402536872943131e+02 9.116472586548776746e+01 7.065939379204394299e+01 8.644512770651454048e+01 8.614441952737669794e+01 1.004527307927697137e+02 1.110127093829593719e+02 9.976273352875226408e+01 9.146790330659170820e+01 9.278808611366859793e+01
8.990578779259875830e+01 9.069534233608754903e+01 1.106851912364253110e+02 1.274186293990747743e+02 1.256676585252522358e+02 1.171355583180959883e+02 1.049127583136577613e+02 1.258099376747849902e+02 1.356674490457148750e+02 1.356548025909163186e+02 1.559335982902362900e+02 1.463959904783945660e+02 1.377280739327611059e+02 1.463424243124040061e+02 1.489331822943490238e+02 1.392149539701609058e+02 1.196865966974519893e+02 1.392145163545709181e+02 1.522396932263974350e+02 1.437029971512261852e+02 1.264605928926371661e+02 1.182950951790912200e+02 1.027882512062587494e+02 1.058198499770274452e+02 1.112441320289258613e+02 1.206632989478385554e+02 1.104173915584283634e+02 9.619110148177030339e+01 7.554985209061590012e+01 9.116472588539089372e+01 9.968569973973690423e+01 1.063985282371593257e+02 1.127391638750727054e+02 9.271135533793706429e+01 8.266847644731730327e+01 7.136440439022251780e+01 7.505346445636138242e+01
8.623150757778022069e+01 1.062544599176909941e+02 1.189245938868813823e+02 1.182509801145404822e+02 1.097430119567369360e+02 9.648539040453783855e+01 1.171355585582426926e+02 1.240483263640744269e+02 1.148949109688218613e+02 1.289830537003225004e+02 1.500384851450115207e+02 1.615074165409694729e+02 1.533340540531928866e+02 1.507387770173956199e+02 1.588182635740741659e+02 1.497272041558603917e+02 1.412658429184220665e+02 1.506133534999458163e+02 1.610024108519324386e+02 1.587412777248241298e+02 1.467828864952268191e+02 1.253512988677740623e+02 1.152901259893660750e+02 1.273917533367793880e+02 1.301029034894754943e+02 1.169671443371989881e+02 1.016903544846458516e+02 8.085193689016993801e+01 9.619110148233471591e+01 1.048099891792726055e+02 1.172787662030770122e+02 1.090403703879065063e+02 1.008824484186998802e+02 9.271135493868453636e+01 7.262559726589829268e+01 6.252104953416891675e+01 5.482774298414639702e+01
9.992436093288687005e+01 1.145037677364553872e+02 1.236726080185928964e+02 1.097430118411945159e+02 8.929107700415588056e+01 1.097430117330586654e+02 9.724051026548626453e+01 1.031131733393401930e+02 1.159058006625245412e+02 1.396107038020005007e+02 1.555523562355599552e+02 1.533377298594945444e+02 1.336189216916894225e+02 1.310578234388255510e+02 1.475283523205880272e+02 1.437712971413910452e+02 1.519548570053921424e+02 1.551388307724305378e+02 1.421873096634115825e+02 1.517684812950853654e+02 1.583996687411815003e+02 1.449654337284706571e+02 1.364153251217384195e+02 1.350467785527163471e+02 1.249238294965244478e+02 1.081271075994530975e+02 8.695077718367328146e+01 9.282214814149095616e+01 1.104417452720570196e+02 1.205581809237810660e+02 1.006087625464502935e+02 8.904062986021013160e+01 8.084267301514061899e+01 9.086911858251887963e+01 8.044289952058275617e+01 6.027841610135921258e+01 7.505346467867539673e+01
1.081864756561853085e+02 1.210147029057336852e+02 1.092308097523139594e+02 9.478901144940076051e+01 8.485112907713364905e+01 8.933829944039295867e+01 9.954743080910603226e+01 1.140694176919233769e+02 1.326106327083103054e+02 1.489471313609658694e+02 1.384613660403144024e+02 1.383598340095153674e+02 1.393892955870297783e+02 1.196537261190723740e+02 1.305646005776904985e+02 1.247367671061036560e+02 1.440807443866414701e+02 1.476969840533928675e+02 1.289196468158982043e+02 1.476969840533006675e+02 1.521005353565790301e+02 1.504368597352695360e+02 1.432484663178711060e+02 1.169509393516783859e+02 1.025700293168818149e+02 9.413761382774259800e+01 9.907175074638576007e+01 1.138107218949186716e+02 1.226392806174666674e+02 1.287793674125242092e+02 1.115518557036449465e+02 9.137602655277567010e+01 7.978291250059719175e+01 7.077909784730515241e+01 6.601520572163813938e+01 8.044289951993039267e+01 8.469362292412068882e+01
