MOVIE_S13_data/elevation_000452.asc
nrows	150
cellsize	150.0
xllcorner	0
ncols	150
yllcorner	0
NODATA_value	-9999
[rows 102 to 118 of 150, columns 111 to 147 of 150]
7.878673221120556036e+01 5.890145785788139676e+01 7.878673221134096138e+01 8.819073454614719765e+01 8.239109151320199942e+01 1.021923114139620026e+02 1.166712573020395070e+02 1.052570674520729455e+02 9.706830955407311023e+01 8.241488851270476346e+01 6.254711373284028753e+01 5.368850439109966999e+01 6.990725034367089563e+01 7.475249000732097215e+01 6.542560667548509912e+01 8.749324957674254222e+01 8.523833121243589517e+01 9.919724750229093502e+01 9.160861751593600388e+01 7.162239342008928134e+01 6.014335241188184256e+01 5.020245141716456061e+01 4.128754330975475995e+01 5.474300225557751531e+01 5.049276534467403366e+01 4.731470944765623443e+01 3.982020125611177264e+01 2.081454027188957312e+01 2.348827676490602911e+01 4.311759931657211098e+01 4.140964944163712858e+01 4.655707344439730377e+01 2.883939600206167597e+01 4.105746975286193390e+01 2.439840463732827303e+01 4.105748379435977569e+01 3.420800737234594635e+01
6.520426475041823267e+01 6.200940048924396564e+01 8.189181870108673422e+01 9.998202832246536786e+01 1.021923114139620026e+02 1.103476650553046738e+02 1.084828085551148575e+02 8.871231634236642094e+01 7.724891107498275744e+01 8.820480509959267579e+01 7.625822949226817116e+01 5.639459545485148340e+01 7.044450596491411432e+01 9.029379789545788526e+01 7.882467698004131762e+01 9.582358611217260602e+01 1.050014003303313359e+02 1.020585087849387662e+02 9.212676355225016778e+01 8.386994305159102225e+01 7.729157789796556699e+01 6.947750481249900645e+01 5.474300225557751531e+01 3.480762406569269274e+01 3.055372863014935092e+01 2.761674325304809585e+01 2.477054733073549286e+01 3.735742885055996254e+01 1.736794694511210935e+01 3.398841512465290293e+01 1.850686593831289173e+01 3.057897113258219690e+01 2.103556670702010933e+01 3.282324016610294848e+01 1.285385720490035411e+01 2.397858061667395901e+01 2.267416443298624529e+01
8.506858950388527774e+01 6.559607055126758723e+01 7.197620254838756182e+01 8.086138074529655739e+01 9.230289843456364451e+01 1.120830605995903682e+02 1.110449395277725273e+02 9.127899986269653709e+01 8.820480509959269000e+01 6.834109063643664683e+01 6.319892327081596761e+01 5.989029551093294401e+01 7.977303437320219359e+01 9.685034851973134096e+01 9.933473995838592430e+01 1.075510986499084112e+02 1.078745375840602634e+02 8.793137902751445267e+01 7.396729117273386578e+01 6.413484759071448593e+01 5.755543598370078229e+01 6.887605870953105125e+01 5.662145219025816800e+01 3.671323561060189888e+01 5.049276534467404076e+01 4.755648302190611076e+01 4.530826955443426129e+01 4.563970200930373977e+01 3.423375023799717809e+01 1.422114845875013955e+01 1.204432505584667190e+01 1.057725623126472314e+01 2.829135689321232405e+01 2.529416044447344447e+01 5.294600597624971705e+00 3.978697207705438998e+00 2.674041061598556812e+00
8.328402014510697882e+01 6.924400954615801140e+01 8.908105982966210945e+01 9.998202834315129905e+01 1.088248554925405926e+02 1.202233197729795791e+02 1.192351350414494107e+02 1.110449395277725273e+02 9.640011073069541681e+01 8.820480509959269000e+01 8.307601607895115592e+01 6.433712959664768505e+01 6.879412769848858034e+01 8.028368314709533138e+01 9.430275836981105897e+01 1.140643632041991538e+02 1.035790828827560972e+02 9.525818878841231196e+01 9.212676355225016778e+01 8.386994305159102225e+01 6.887605870953105125e+01 4.909875505845591448e+01 4.377098565522822327e+01 5.079926412871012786e+01 6.487352088532229288e+01 6.184137939673425421e+01 5.354102794616362360e+01 4.612073565582083745e+01 3.490540682922291893e+01 1.494222630000464846e+01 3.206662518103397019e+01 2.855312607116376356e+01 8.551777497197049271e+00 7.197206574242057009e+00 2.495242486268191939e+01 1.817844850791761147e+01 2.267211923335876378e+01
7.772321271667119902e+01 8.908105982966210945e+01 7.676337704412219409e+01 9.656559452377224773e+01 1.135717129162252519e+02 1.234417496782534158e+02 1.190231927308278870e+02 9.928092234944259076e+01 8.528578988761157120e+01 7.825785901390291599e+01 7.161745718344822365e+01 7.430104008086736656e+01 8.865515508475834849e+01 8.285623138269507137e+01 1.026549953334462515e+02 1.051124452695410980e+02 9.354844738649519797e+01 7.529969376623476762e+01 7.896214584234124345e+01 7.385482996432662617e+01 6.891887735227697931e+01 6.113137642088701540e+01 6.361822372108518664e+01 7.067745757113362970e+01 6.768072590922217557e+01 4.768417328200572314e+01 3.361842585872187783e+01 3.784723898047889179e+01 1.790913016190696538e+01 3.486970655924118745e+01 4.315511196085131473e+01 3.291629400164012509e+01 1.302389956472574895e+01 2.719634208554547783e+01 3.391519006194450014e+01 3.868734145811936997e+01 3.426502448662080980e+01
8.432967748992071222e+01 1.041215368174971445e+02 9.077187991283419422e+01 8.562504066766112487e+01 9.552506997829100044e+01 1.153083070641903021e+02 1.190231927308278870e+02 9.928092234944259076e+01 1.050632994681320156e+02 8.783674381824124566e+01 8.567167337706574415e+01 8.834393010728103945e+01 1.023269233473710642e+02 1.026549953334462515e+02 1.108445203738280895e+02 9.678536774715573188e+01 7.678655106945383579e+01 6.538974582238979849e+01 5.918159650520398429e+01 5.410065033444546856e+01 4.932022744006872728e+01 4.479479798488696929e+01 5.865012230652421010e+01 5.536455691643550381e+01 5.216878878471526804e+01 5.250154863506837444e+01 4.094086804345542419e+01 2.102675266851897362e+01 3.784723898047889179e+01 3.052728335921575109e+01 5.044326701695537452e+01 4.114330290840576509e+01 3.291640258596791568e+01 2.009202380219074513e+01 3.993010836995464530e+01 4.784649550394867390e+01 2.618916995226184596e+01
9.422831963505319663e+01 1.122791423810739673e+02 1.105528589140180458e+02 9.705809397964586083e+01 1.135717129162252519e+02 1.234417496782534158e+02 1.272169707891212767e+02 1.190231927308278870e+02 1.158071389179193460e+02 1.076173295808538199e+02 1.054566161058290703e+02 1.081204228580299116e+02 1.039935483027959151e+02 9.569544227451541474e+01 1.039935483027966967e+02 9.939263360238560097e+01 7.937643743901553250e+01 8.523904555481053080e+01 7.820101195119501369e+01 5.877864309182328384e+01 5.075743834769190244e+01 4.417937437096356490e+01 3.869797060264497190e+01 3.543829593766754726e+01 3.225719232746996568e+01 4.421537638519941993e+01 2.431394996692260335e+01 4.094086804345542419e+01 4.921969086912150004e+01 4.459333391519166412e+01 5.873938016663020534e+01 4.835939932270058250e+01 2.859117177217606809e+01 3.413792322187265427e+01 4.815818793165695411e+01 4.206933721409819782e+01 3.378506596663800821e+01
1.140147539999410071e+02 1.221514651560528080e+02 1.249644247438173039e+02 1.168347410049928499e+02 1.157927357511504454e+02 1.163237161733006673e+02 1.188447746058394756e+02 1.106291898516779639e+02 1.092545898698023734e+02 1.009727682062612786e+02 1.035733721589584349e+02 1.118515378887772016e+02 9.393196688776939141e+01 7.553509851069435399e+01 9.393196688776939141e+01 1.077204616144400973e+02 9.939263359917990215e+01 9.196774395630482957e+01 7.249864483077708144e+01 7.027186306960021511e+01 6.376705483041869371e+01 6.376705483052681700e+01 5.865012230652421010e+01 5.406146552141734674e+01 3.414870803411335487e+01 2.786432353404116569e+01 4.421385773460054480e+01 3.494085086712537702e+01 5.486560597513403081e+01 6.457090644800520352e+01 5.976897037949688496e+01 4.000701361655831079e+01 4.000701361655831079e+01 5.391398896553629072e+01 4.533207135043073066e+01 2.533207135043002367e+01 1.378506596663730477e+01
1.094282038167405489e+02 1.176262863810911625e+02 1.199344579791248862e+02 1.098974983483214629e+02 9.571042550421414319e+01 9.628300268231672021e+01 1.103780487753995772e+02 9.057559379530167121e+01 9.425833030561584280e+01 8.083726192434535562e+01 8.345499074425983110e+01 1.035733721589584349e+02 8.561527039260491279e+01 6.541210405474949141e+01 8.561527039260491279e+01 9.340091027936968260e+01 1.017043459656111395e+02 1.001726181500362429e+02 9.196774397438557003e+01 8.976843690360001915e+01 8.326957898945538261e+01 7.565053660929584112e+01 5.556876366361947817e+01 4.406661144952965259e+01 4.409728054741295722e+01 4.776449870597224390e+01 3.847983958140115845e+01 5.486560597513403081e+01 4.900378430420452958e+01 6.901729535330444776e+01 6.805513031666970392e+01 5.137040196725005359e+01 5.976897037949688496e+01 6.805513031666970392e+01 5.361634259789292400e+01 4.206933721410020866e+01 3.378506596663800821e+01
8.992809228241735298e+01 1.094282038167405489e+02 1.116399492545992587e+02 9.154564910937780553e+01 8.144113965658578991e+01 8.201900159919503608e+01 1.003824590039965869e+02 9.425833030561584280e+01 7.406525331044429095e+01 6.910781338588681422e+01 8.934752823412772216e+01 9.224518031725953904e+01 7.888088161331982917e+01 5.868170374886341278e+01 7.888088161331982917e+01 7.323993772468470809e+01 9.008379966031171193e+01 1.001625847667050664e+02 8.983129695422309169e+01 8.127257789680335520e+01 8.983129695422309169e+01 8.398216364241282861e+01 7.238244167573064658e+01 5.556876366361947817e+01 5.820366592815377516e+01 6.674174038675583631e+01 4.841338063996067120e+01 6.674174038675583631e+01 6.901729535330444776e+01 7.733995860282794865e+01 7.956589017715904788e+01 7.124162818604762037e+01 6.263955021744694562e+01 5.435610972596742130e+01 5.584910582592932116e+01 4.884651139498982531e+01 3.729950601119710996e+01
8.741261524785836912e+01 1.068777346347659289e+02 1.199344579791248862e+02 1.098974983483214629e+02 9.209311158213097315e+01 7.186005204624507314e+01 8.493934570567643050e+01 8.128931849052260361e+01 7.781117064099917968e+01 6.232458815649398787e+01 8.260095661804737688e+01 8.392572761049579810e+01 6.375387301985669097e+01 5.287897104141386961e+01 7.010816808814141154e+01 6.157772698052635008e+01 8.176096734721636494e+01 8.854579249536190844e+01 7.079181854120598416e+01 6.031105918560863444e+01 7.882953383882106380e+01 8.491103117562101943e+01 8.398216364397791267e+01 7.565053660929672219e+01 7.827269443857458953e+01 7.676585318771830657e+01 6.843907253806324320e+01 7.676585318771830657e+01 7.684946448302498823e+01 6.855640568373637223e+01 7.684946448302498823e+01 6.849797176509080998e+01 4.849835867215324470e+01 3.435623442871235511e+01 3.584925821032062743e+01 4.056224014752763196e+01 2.056224014752692497e+01
1.037771893281700670e+02 1.150670754212332412e+02 1.152896493083824652e+02 1.070139458227814941e+02 9.991541651313301031e+01 8.493934570567643050e+01 6.465532727653977929e+01 6.100879182276847246e+01 5.754002051879230351e+01 5.741272045047875849e+01 7.768339042370001835e+01 8.172276622592200113e+01 6.154577273745150023e+01 4.732444965642386592e+01 4.995994138258760842e+01 7.010816808814141154e+01 8.546075392920462832e+01 7.997223789081064638e+01 5.911232166370283636e+01 5.001587777552330039e+01 5.797159054463335792e+01 6.408074069389647320e+01 8.037342417432488162e+01 7.271521665041623805e+01 6.440230133875496676e+01 6.178617790872190341e+01 7.010504271086179529e+01 6.764818913493813568e+01 5.933524001648790147e+01 4.838789260633851796e+01 6.678677924440827951e+01 6.633520329559858908e+01 5.478863192101732693e+01 4.170707795423480491e+01 2.170712426980655962e+01 3.227900937178407048e+01 2.801500618758929662e+01
1.172105900745095113e+02 1.211620371207892362e+02 1.011536145254539463e+02 8.693627297756600569e+01 7.977466037217106987e+01 7.334137617260536501e+01 8.460306310025340792e+01 8.128931849052260361e+01 7.303312890825074533e+01 5.278871047822045171e+01 7.303312890825074533e+01 7.447712615386924995e+01 5.431601434595913247e+01 4.274140489361282391e+01 4.329227941304055349e+01 5.703488247910625830e+01 7.693151202196833083e+01 7.773884854057230598e+01 5.683257928292679395e+01 4.237599208126950145e+01 4.349021147334834581e+01 5.107230560375458595e+01 7.178792284871592244e+01 6.440230133875496676e+01 4.411319394461072108e+01 4.146845638231920361e+01 5.841420529751345470e+01 5.597560582642473292e+01 3.905631604895238951e+01 3.818310299962630694e+01 5.847214914503744865e+01 5.805185597200932079e+01 3.805199514922445303e+01 2.650498998172193055e+01 1.894570052161354567e+01 1.227903385494733968e+01 8.015019527835166357e+00
1.182972747888459253e+02 1.270083732242071619e+02 1.070139458227815084e+02 1.070139458227814941e+02 9.602746249539529799e+01 8.700373798972714212e+01 7.866976301896126245e+01 8.342823862088401654e+01 7.037490653888386305e+01 5.015129140134118302e+01 7.037490653888384884e+01 8.280947268787748783e+01 7.117706703032276039e+01 5.703597451946059493e+01 3.699564986716027448e+01 4.852866244635366400e+01 6.863060348694781965e+01 7.459739217924281718e+01 6.950306587586094054e+01 4.881277811108981979e+01 3.451134410562435306e+01 4.881280942695295266e+01 6.950596241248523199e+01 6.440230133875496676e+01 4.411319394461072108e+01 2.969886202176610368e+01 4.174507694885966913e+01 3.964979625200549407e+01 2.728873471182707533e+01 4.762719780495530841e+01 5.139190582243097793e+01 5.969229515866745572e+01 5.478863192101732693e+01 4.650493094221943124e+01 3.894566379686928315e+01 2.642116594927609796e+01 2.801500618758929662e+01
1.265271216388444770e+02 1.196716601278419887e+02 1.113968897864122880e+02 1.019518342481912043e+02 8.181553196176412257e+01 6.749127406536132412e+01 5.842975486235067706e+01 6.320519371700306266e+01 6.421408814337699766e+01 4.758236690796895374e+01 6.778553795570920215e+01 7.976642199566509817e+01 5.960995760782585506e+01 4.540900753609471963e+01 3.395147287530340918e+01 4.971924004832060717e+01 5.509890393837245171e+01 5.509698265497831926e+01 5.720482368459624212e+01 5.088011630101377136e+01 3.059030490623697318e+01 5.088011630101563298e+01 7.002850212885007863e+01 6.169138479026518951e+01 5.841420415584381942e+01 4.174507694885966913e+01 2.145519988380018717e+01 1.937276000172023771e+01 3.877609608097386484e+01 4.687505874775149550e+01 3.114163490510579990e+01 4.803653691894756150e+01 4.966974410733097756e+01 4.201275162657945828e+01 4.967065132425518925e+01 4.642053352520020582e+01 3.415418881323054734e+01
1.117783821337850867e+02 1.081008931739721532e+02 9.132918515820328764e+01 1.081008931739721532e+02 9.602746249539529799e+01 8.700373798972714212e+01 6.912864376608038697e+01 4.891953959474507485e+01 4.403840244048217301e+01 6.421408814337699766e+01 7.613958956170236547e+01 7.353788824005573588e+01 6.490169930504485762e+01 5.966693073706072425e+01 4.971923820623646151e+01 3.007169349694982330e+01 3.574744659845211459e+01 4.429414153247802943e+01 3.709370016941728920e+01 4.682385779764577194e+01 2.687600581012665302e+01 4.711223159949781802e+01 5.840228722890006452e+01 4.155022456141507092e+01 5.840228205428762465e+01 5.012479944647859753e+01 3.457152212787045187e+01 1.436247864322933943e+01 2.637570430147453848e+01 2.859137175842727174e+01 1.935990381905526547e+01 3.969894804530149202e+01 4.007355882794387725e+01 2.274842597613078254e+01 3.524546994046414028e+01 4.348420955545621069e+01 3.417868316899461689e+01
1.034600089499940623e+02 9.981079511729798526e+01 7.966369624376655167e+01 8.904171778555313210e+01 9.735264302238738310e+01 8.932499556144803421e+01 6.912849385088661336e+01 5.582811326877920521e+01 4.159147595994318181e+01 5.867521080477876438e+01 6.703056812202441961e+01 6.523175698518882371e+01 4.510292046473674787e+01 4.263772437275243021e+01 4.924642989886667976e+01 4.573134158400087301e+01 2.662378502620352805e+01 2.423692485123541118e+01 2.292679567584905342e+01 4.026718980202478804e+01 2.333510887931356592e+01 4.385221253484344572e+01 5.006288042362578494e+01 2.997622133772302178e+01 5.006288044520510283e+01 5.247382446654233235e+01 3.928525381165382413e+01 2.954426753643087977e+01 9.509811921804834256e+00 8.558979152502093513e+00 2.699780864300808503e+01 2.638012957523617175e+01 2.546977747558862859e+01 1.277876839924061869e+01 1.530610901201958107e+01 3.190950653754968158e+01 3.584131582583657405e+01
