MOVIE_S13_data/elevation_000371.asc
nrows	150
cellsize	150.0
xllcorner	0
ncols	150
yllcorner	0
NODATA_value	-9999
[rows 0 to 16 of 150, columns 111 to 147 of 150]
2.685791151154911724e-02 5.525790689732266309e-02 3.884972223143366016e-02 6.506161732042968493e-02 9.630811411938361433e-02 3.233120577317956379e-02 5.924318389914483979e-02 9.546854641286118409e-03 8.294521402378342290e-02 5.320363282275041711e-02 5.932880634034757433e-02 5.613034539302926007e-02 1.151422758422792139e-02 8.780238390647859825e-02 1.138712246984807663e-03 1.930634269457022489e-02 4.840176901645443230e-02 9.231827863399598433e-02 6.992822357175910997e-02 9.021741119345681736e-02 3.400184085134592277e-02 5.510003463054011230e-02 6.000302134656529396e-02 2.342684778988213257e-02 9.354401193897299294e-03 3.401672236087196349e-02 8.712543420425600260e-03 7.381784214984254966e-04 1.771529143580683613e-02 8.606502508694707787e-02 6.136863120672856470e-02 7.499905534955707276e-02 5.744714333121184180e-02 4.821317496663417995e-02 8.887210374095839971e-02 3.440918432965248824e-02 2.609784180149634855e-02
2.002685791151119332e+01 3.590791969541345718e+00 2.003884972223107752e+01 2.006506161732007598e+01 6.126535005674682566e+00 2.003233120577282378e+01 1.160624856769176283e+01 1.415168247837236137e+01 2.008294521402342880e+01 2.005320363282239526e+01 1.344977499406798893e+00 2.005612637668702192e+01 1.415364985643487827e+01 1.422993800811920906e+01 2.000113871224662887e+01 4.607612297659334999e+00 2.004840176901609894e+01 1.423445390236507180e+01 1.421206384730258421e+01 2.009021741119310178e+01 2.003400183956109615e+01 5.219077829573739002e+00 2.040298107299918229e+00 2.002342684778952631e+01 2.000935440119354070e+01 3.367350055694198652e+00 2.000871254342007077e+01 2.000073817842114465e+01 1.415985091516688144e+01 2.008606502508659020e+01 1.558177392840909192e+01 4.617013412273764494e+00 1.489114317733364778e+01 2.004821317496627842e+01 1.008887210374087218e+01 1.417654480806072748e+01 1.416823346553232099e+01
2.133266166680998666e+01 7.182900468614049849e+00 2.719959327453263853e+01 3.245109032601219923e+01 1.245109032601149579e+01 3.245109032601219923e+01 2.574838419142296431e+01 3.415168247837306836e+01 3.075434952687256995e+01 1.047993016662864285e+01 2.633290752208463203e+00 2.263389381990236160e+01 3.415365478305333369e+01 3.422993910411668850e+01 2.860090985138763386e+01 9.321549848020863394e+00 2.927349957887977183e+01 3.423445390240956954e+01 3.421206384728727556e+01 3.277836728867054461e+01 1.277836728975821678e+01 2.403037424292247692e+01 4.030372487719905195e+00 2.403037424345968276e+01 2.674796707460789591e+01 6.747967074608251181e+00 2.674796707460789591e+01 3.823650018988736576e+01 3.415985091516758843e+01 3.692923391988693993e+01 1.714581633464649713e+01 2.641482862627500694e+01 1.229331216607730859e+01 3.129298658152495705e+01 2.163587748753318252e+01 3.417654480806142914e+01 3.416823346553160690e+01
3.106227576726362472e+01 1.103192715003201307e+01 3.106227576726362472e+01 4.073536157347439968e+01 2.139536223601081133e+01 4.073536157347439968e+01 4.574838419142366774e+01 4.486356235302103812e+01 2.433787330293228734e+01 2.394503118651788753e+01 3.946321673209039815e+00 2.386440595915574292e+01 3.434964552350790967e+01 4.770678592602847345e+01 3.441668766751215713e+01 1.448472839986212435e+01 2.859193567691916726e+01 4.847888292066142668e+01 4.172263919788840525e+01 2.172263919975721791e+01 2.692050291348891733e+01 2.605068040886190417e+01 6.050677576824335269e+00 2.605068040887176295e+01 3.503223832206882093e+01 2.674796707460789591e+01 1.191194486955142828e+01 1.823650018988807631e+01 3.823650018988736576e+01 4.601146544579687969e+01 3.159793343235871532e+01 3.813263605937984835e+01 1.878718600977594022e+01 3.129298628041091135e+01 4.163587731975528072e+01 4.992013548889884333e+01 3.417218298619118855e+01
2.928235197286841540e+01 1.511457023147929490e+01 2.667739216847262540e+01 4.675762761488520880e+01 3.294236761980373274e+01 4.967963348347371522e+01 6.493418576931804864e+01 4.486356235302104523e+01 4.446905817755712320e+01 2.898677353381376420e+01 9.225132558820240192e+00 5.874949374865368945e+00 1.755634210072732415e+01 3.940752075782802422e+01 4.030463425685364598e+01 2.051062447417863055e+01 4.043013361356020852e+01 5.241308887228778701e+01 3.241308887625381630e+01 4.172263919788846920e+01 4.692050290923653932e+01 2.810263835969655943e+01 8.102634280994660543e+00 2.224476999438309832e+01 4.224478361383260250e+01 3.650025954696187114e+01 1.650025954696258523e+01 3.650025954696187114e+01 2.892694986638486299e+01 4.892694986638414889e+01 5.207190941101964654e+01 4.638268892170076896e+01 2.824383018654372179e+01 4.638267557350763326e+01 5.925806421114423728e+01 5.061274873761428950e+01 3.418878286131541699e+01
3.146008770955481282e+01 1.982957727954721960e+01 3.991250288417915471e+01 5.507174496848231371e+01 5.294236761980443617e+01 6.122663886726663662e+01 6.021487057907023654e+01 5.234856699463579588e+01 3.659265520801763216e+01 1.710822426600814339e+01 2.696630476027649692e+01 7.254650286481500565e+00 2.137533242267043576e+01 4.141131242297090154e+01 4.746554762521398629e+01 2.756639180083305973e+01 4.746554762521398629e+01 6.069735872981959801e+01 4.396009426004592058e+01 6.069735865234243022e+01 4.434135820273565542e+01 2.434133970356439036e+01 1.019920395443851469e+01 2.434133970356438681e+01 4.434135820220200941e+01 4.150025954696178587e+01 2.150025954696249642e+01 4.150025954696178587e+01 4.892694986638414889e+01 4.306908549011531306e+01 6.306908549011460252e+01 5.630316017793143146e+01 4.802144193221599267e+01 5.630316017793143146e+01 5.647061311385532889e+01 3.647061311385462545e+01 2.232847749012317706e+01
4.824363618463156200e+01 2.985096934861534379e+01 2.985096934861534379e+01 4.146129738911263729e+01 6.160265419137110854e+01 6.338569288239891364e+01 4.426889138975387539e+01 3.308916155613140830e+01 2.623460096470763858e+01 3.659206158293507372e+01 2.862004704336931127e+01 8.647566418657083531e+00 2.279148202758704755e+01 4.279085395740133180e+01 5.571591620197072103e+01 3.905807529922051202e+01 5.571591620197072103e+01 7.224436315196574299e+01 6.396009425066229426e+01 5.804505715513677444e+01 3.804500130988420636e+01 2.390286481185525957e+01 1.235585941850730052e+01 3.078047557583041893e+01 4.729414632775847593e+01 4.782481486729842857e+01 2.782481486729914266e+01 3.783019116551643890e+01 5.783019116551572836e+01 6.306908549011460252e+01 7.135335673757521135e+01 7.137066382288030297e+01 6.308637916974948467e+01 5.621425410966577374e+01 4.466722684336992444e+01 3.638294654459236455e+01 2.818634186639161854e+01
5.830291973711254627e+01 4.407603334928369065e+01 4.146129738911263729e+01 5.830291973714867027e+01 6.992192044542427709e+01 7.121596890950635839e+01 6.021487057907024365e+01 5.234856699463579588e+01 4.506765211934733628e+01 3.738671702885423542e+01 3.005670959531859410e+01 1.005422533707586474e+01 2.419970608610320895e+01 4.419994182016547768e+01 6.104835361677312022e+01 5.895036840413572321e+01 6.720812646816089853e+01 6.962924943714126869e+01 5.964175371877767162e+01 5.136455477518361334e+01 4.470582560217019363e+01 3.462437462482781569e+01 1.457868735377808100e+01 2.173425000283387831e+01 4.370942428280267222e+01 5.610908611476003927e+01 3.676908677729798569e+01 4.782481486729843567e+01 6.611446241297633719e+01 7.168823398702147642e+01 6.340390462525410697e+01 5.982365433975733993e+01 4.308637890215861432e+01 4.792995207271820135e+01 2.792995187243592525e+01 1.638294648864242120e+01 2.483594110485005402e+01
6.253567347124998577e+01 6.421307542336360541e+01 6.160265419137110854e+01 6.992192044542427709e+01 8.067515982237945593e+01 7.239805797398226161e+01 6.239649694458709916e+01 5.071288342087925827e+01 3.738757212561553445e+01 1.773014277809589601e+01 1.449961068593746205e+01 1.164489740045860700e+01 3.164875947810512358e+01 4.164720961609478422e+01 4.136982943135682689e+01 5.563158913838784514e+01 6.714098273522482430e+01 6.134876391133192186e+01 4.138034563903531193e+01 3.138836725647728443e+01 2.469804007924453515e+01 1.863237985791292672e+01 1.876507978242278796e+01 3.438659918512286140e+01 3.506365713412385787e+01 5.577706733798549976e+01 4.831609216109008997e+01 6.505335802475788398e+01 7.610908611475832686e+01 6.340390462525410697e+01 4.340390389899217638e+01 4.926176845991311382e+01 3.153937351836421854e+01 4.943426917429012235e+01 3.683411841976244006e+01 2.483594110485005402e+01 4.835941104849698746e+00
5.129299748497643918e+01 5.959756742300341159e+01 7.117103431336521169e+01 8.347921757773289642e+01 7.188588733287056698e+01 5.218122126216614731e+01 5.405532545031439184e+01 3.377760545962200212e+01 2.250630914054514520e+01 3.738757212561553445e+01 2.834493853255901996e+01 3.161930340767363035e+01 1.391647996360907769e+01 3.019057418350041289e+01 2.710773095524405463e+01 3.894884117411825741e+01 5.894445878613815637e+01 6.962924943714126869e+01 5.964175371877767162e+01 5.136455477518361334e+01 4.196535583629209043e+01 2.194032654481986455e+01 2.316553265986751242e+01 4.323433200439988866e+01 5.472656200328066234e+01 6.442153907510412125e+01 6.831609216108867599e+01 7.660036340854998116e+01 7.654805223716812179e+01 6.340390461876831552e+01 4.340390389899192058e+01 2.926176827503168809e+01 2.259510160836490300e+01 2.943426979857672521e+01 2.854984786189283597e+01 8.549847868390704875e+00 2.483594110485005402e+01
3.121600026874501310e+01 4.282194448536581177e+01 6.286467107638041085e+01 7.521601972553700932e+01 5.508146342055481881e+01 4.321838613069901669e+01 3.547336809242460731e+01 2.975960046689302985e+01 2.777069949420167205e+01 4.794263802731263979e+01 4.855312883460659634e+01 4.212091980590629703e+01 3.392068167138258872e+01 1.622592713391031793e+01 3.623702530657415366e+01 5.143546210661047269e+01 5.970911594572199732e+01 6.969842045873683389e+01 6.607850812722416833e+01 4.610475227313140323e+01 3.197578175555347357e+01 2.581617099899476742e+01 4.323433200440292268e+01 2.988743639169907595e+01 4.405367273385480331e+01 6.404071610568163919e+01 7.573398069764726870e+01 7.654805223716812179e+01 5.654805217107552551e+01 6.021812056464924012e+01 5.754605637446612576e+01 4.882862196517594811e+01 3.529213418073121034e+01 1.529213417496256078e+01 1.243499131781972800e+01 2.854984786768186567e+01 3.683411896588706469e+01
5.129299748497643918e+01 5.959756742300341159e+01 6.599578308362673340e+01 7.418652073309768014e+01 7.188588733287056698e+01 6.359132824448244747e+01 5.589107992161027028e+01 4.999699421437408375e+01 3.368014764208400180e+01 5.409916637703511100e+01 4.855661022634478741e+01 3.602479374585573879e+01 1.871666956126820125e+01 3.623701606937703446e+01 2.476025750740824805e+01 3.143493633550075828e+01 4.144440061677602216e+01 6.142652359644542059e+01 6.458658156110921311e+01 4.461418665855985211e+01 4.973104448233270602e+01 2.975776941486300586e+01 4.973104448233270602e+01 4.990774220159736529e+01 3.747426546593805341e+01 4.747104812244111827e+01 6.745410814571742719e+01 7.436025621868434143e+01 5.436025617582772895e+01 4.021812055206854097e+01 5.079003014289654061e+01 4.054439149301867928e+01 2.054439148935155757e+01 3.529213418073123165e+01 2.657712694154977129e+01 4.071926231290004949e+01 3.414863944250158312e+01
4.491476163971640290e+01 5.001251539409641111e+01 4.642035801976503251e+01 6.436160537950897265e+01 7.567327661264040728e+01 7.848828121793762591e+01 5.839256512672969990e+01 4.391986865618981994e+01 5.409916637703511100e+01 5.539559791570072633e+01 3.540306326133598702e+01 2.124752102708936619e+01 3.872782886510550782e+01 4.700410616024554855e+01 4.476861778743383269e+01 5.143546210661047269e+01 5.970911594572199732e+01 6.969842045873683389e+01 6.458658156110921311e+01 6.458658156110921311e+01 5.389283887591449229e+01 3.393367464211280549e+01 5.389283887591449229e+01 6.501477097619422807e+01 4.503336480275304865e+01 5.746257813407926562e+01 7.573398069764726870e+01 8.021812075038155854e+01 6.021812056463873120e+01 5.079003014289906304e+01 3.079003013624757656e+01 2.631789418124791879e+01 4.054439149302259437e+01 4.882866313334017860e+01 4.657712693635787105e+01 5.135151353311650979e+01 3.415353360882403422e+01
2.504579072813861274e+01 3.026900001099411597e+01 3.660798913432329016e+01 4.796545395334935336e+01 6.747646525020152808e+01 7.848828121793762591e+01 5.839256512672969990e+01 6.427846409704488906e+01 6.898207096108271230e+01 5.494447932887732122e+01 4.348065057547642454e+01 2.347121685025231841e+01 2.572397845084926615e+01 2.901655156609541919e+01 4.900283786828383370e+01 6.208970434857676679e+01 7.616459476741003698e+01 8.439188500526870484e+01 8.457567906951551606e+01 7.020289784410896061e+01 5.022723677071835624e+01 3.926797303303726494e+01 5.022713173739926162e+01 7.020010037401227976e+01 5.502096173670761203e+01 7.329341245612995692e+01 8.572867100244232574e+01 7.388404094115907128e+01 5.388404090383459533e+01 4.233703552004050152e+01 4.493216575998794582e+01 4.046002980498531088e+01 5.460216592779813283e+01 5.549360334415852236e+01 4.549362131896361205e+01 3.135151854445646080e+01 3.416653889287817947e+01
3.916510616397664535e+01 4.131285015785441317e+01 5.621177762580214932e+01 5.049020657210031260e+01 7.002487206173039169e+01 8.674742889341951013e+01 7.848828121793762591e+01 6.982666440428035060e+01 5.838696799429305884e+01 4.083221978731062762e+01 2.667732887179518286e+01 4.347903012236448461e+01 3.987579261126407459e+01 4.900283786828383370e+01 3.387600152524541386e+01 4.801481392974349660e+01 6.751378307162362091e+01 6.453204906867824775e+01 8.439188500526870484e+01 7.848833541073548759e+01 6.476559261449867222e+01 4.479647198488125781e+01 6.476474699458319151e+01 7.847522947273796490e+01 6.915262253378763546e+01 8.328694770846949780e+01 8.796199038909604440e+01 8.216831399469717212e+01 7.062130780180700640e+01 6.233703553579467638e+01 6.493216578266540751e+01 6.046002982262938019e+01 6.135150886745974930e+01 4.135151850597314649e+01 2.720938293712280043e+01 1.720938293715437695e+01 3.034937706699120596e+01
5.879565786822018225e+01 6.094142983267428804e+01 6.911711639845032096e+01 7.002487206173039169e+01 7.823300418691755453e+01 8.468852407003824112e+01 7.317608294660574586e+01 6.156812768637534106e+01 4.187399182699807909e+01 3.160560407721430209e+01 2.949469781975819416e+01 5.388893725001948098e+01 5.982505487239693309e+01 6.208970434857676679e+01 4.801481392974349660e+01 3.932837848317956286e+01 4.827262877184312373e+01 6.817639686525697584e+01 8.746784485253844821e+01 7.890098979898877474e+01 5.891075478210350269e+01 5.891075155230376481e+01 5.891075155230376481e+01 7.890042931238858159e+01 8.914611267329364352e+01 8.210262061627406638e+01 6.791072990569576007e+01 7.655456193865713033e+01 6.824947634384363937e+01 7.398588151742829666e+01 7.833886940408643795e+01 5.833889808642980768e+01 4.419676281165797604e+01 3.419676281311364363e+01 2.663747335296585206e+01 3.034943900968232100e+01 1.034943953145414142e+01
5.070429910613989222e+01 5.668483698397429293e+01 6.369456101825065275e+01 6.369456101825065275e+01 8.366413834024891116e+01 7.642172971799668346e+01 5.648891762379530945e+01 4.503067737246701796e+01 3.828793703441598950e+01 5.019771304650681998e+01 3.266701579043856185e+01 5.375053438665054273e+01 7.065404220893509546e+01 7.616459476741003698e+01 6.591329666696832135e+01 4.599894436404704834e+01 4.785733662699318103e+01 5.936888953078437936e+01 7.922870733091477291e+01 8.719260723539345292e+01 7.890098979898877474e+01 7.890042931238858159e+01 7.890042931238858159e+01 8.718910104504855951e+01 8.796199038911944967e+01 6.791072990569576007e+01 5.383284680300104696e+01 6.226503070733756573e+01 4.831742639505537085e+01 5.402282777977289641e+01 6.815925918869062627e+01 7.248092996998013859e+01 6.248096677488136663e+01 5.419675843674768601e+01 4.663747063067454235e+01 3.863369829592087257e+01 2.417730537547739544e+01
