MOVIE_S13_data/elevation_000300.asc
nrows	150
cellsize	150.0
xllcorner	0
ncols	150
yllcorner	0
NODATA_value	-9999
[rows 34 to 50 of 150, columns 37 to 73 of 150]
1.194815881267181936e+02 1.112154245204860104e+02 1.052362185779875716e+02 9.938464464830403244e+01 1.104285005844708820e+02 1.186953476869703792e+02 1.102056611765283662e+02 1.019688441757352564e+02 1.025402605460931653e+02 8.596121200854285860e+01 8.851973095100595401e+01 1.083126898423988536e+02 1.195553147363048510e+02 1.112445587722508549e+02 1.090473904976681041e+02 1.125440619778355824e+02 1.024262316953583678e+02 9.406677257477375065e+01 7.782768604604640927e+01 7.529804472616210376e+01 7.648962262479831509e+01 7.078211919668130747e+01 5.070386688434265920e+01 6.394913598131599031e+01 5.783136729454239600e+01 3.778320721920527347e+01 4.265645980570280216e+01 4.775544891039785256e+01 6.782065662139919482e+01 7.341237114293622312e+01 8.172832747907351347e+01 9.076627462871276464e+01 7.087339873112702548e+01 5.083130212835830264e+01 5.795066607465518160e+01 3.847742155807078746e+01 4.548903169442056793e+01
1.079285026782065131e+02 9.118242382309108507e+01 1.045417056631421815e+02 8.515980107699240875e+01 9.038806363931432486e+01 1.104285005844708820e+02 1.019688441757352564e+02 8.230919626592208260e+01 8.806737382296637406e+01 7.481752103508088680e+01 8.781714564270455980e+01 1.075343697702225683e+02 1.156387442402550789e+02 1.156387501802474276e+02 1.238881420468648713e+02 1.042055845289159066e+02 8.392802746967394967e+01 7.378860833900998273e+01 6.712695469985501973e+01 6.122054524228283157e+01 5.664421705148560449e+01 5.229315286284423792e+01 4.794118974211864526e+01 4.360908178178068795e+01 4.051494817350992150e+01 5.783136729451253899e+01 6.270975022008603617e+01 5.532835436208620905e+01 6.413410518116047854e+01 8.422408417903639588e+01 9.404520596270712929e+01 7.399183213772782608e+01 6.238600778388334334e+01 6.086739332984607387e+01 4.090608076156232897e+01 4.204349189117007057e+01 4.597430006300986349e+01
9.964936617516912065e+01 7.953767405003894453e+01 8.803787531286644708e+01 7.612321978020393942e+01 9.625777172260914938e+01 1.109179019790193905e+02 1.001843746865557705e+02 8.806737381760314065e+01 6.873722303245676812e+01 6.849382069451195321e+01 8.206044733239107813e+01 1.017150898772518559e+02 9.577401606267427780e+01 9.577401606643979903e+01 1.156387503013823590e+02 1.125444980340644605e+02 1.024262318251699639e+02 9.406677257477375065e+01 8.730737493452708975e+01 8.122274331138891057e+01 7.648962262479831509e+01 7.214434995809858719e+01 6.385617552488037063e+01 4.414176574657321339e+01 6.058594086612916385e+01 5.805260734961021996e+01 7.719147263882743459e+01 6.691668913899381721e+01 8.372921445114290862e+01 9.253869184105151646e+01 1.023382644627393034e+02 9.076627462871276464e+01 7.357170024407625419e+01 6.266085966319482026e+01 4.268962394555605755e+01 6.201496647561288000e+01 4.723830092411069614e+01
1.022469311076339977e+02 8.215225208007697688e+01 6.789367968098045480e+01 8.803786468674279320e+01 9.087084601367679682e+01 9.087084884995978484e+01 9.197921740419170078e+01 7.254915137184022456e+01 6.149052927998337736e+01 8.076126355418499259e+01 9.600600508450158088e+01 1.015922618745888997e+02 8.191752881034507539e+01 9.979201662496762992e+01 1.080203624759815426e+02 1.194708303209152405e+02 1.126807608600826143e+02 1.027301527810957680e+02 9.439085398799889504e+01 8.765408142205077979e+01 8.149584666622777718e+01 7.650199272447557064e+01 6.706864752929462270e+01 4.722848786955290024e+01 4.860081927720128903e+01 6.936945140260691289e+01 8.497905227819025242e+01 8.701519064315013452e+01 9.532833857521913501e+01 9.856334563316499953e+01 8.850590954041291525e+01 8.018618911354856493e+01 6.524307155593186280e+01 4.524134428710388534e+01 6.266085963843244144e+01 7.098550756833974162e+01 6.727752426967839483e+01
9.426003708748700660e+01 8.383753803310155206e+01 6.370949149808434697e+01 7.814442852035082865e+01 7.074865772664671226e+01 9.087084884995978484e+01 9.138519787136863215e+01 7.693292323858899806e+01 5.768905423689850664e+01 7.705260876847067664e+01 9.426465338000046756e+01 9.463619437466735462e+01 7.518675220384767499e+01 8.020897213401329395e+01 9.142210511244635995e+01 1.112255248143493844e+02 1.043545109034440657e+02 8.428613323819395475e+01 7.411420843364608402e+01 6.717503172957987090e+01 6.087006297678918543e+01 5.595947724941274970e+01 5.167188435618862741e+01 6.626342232459046500e+01 6.936003975037522196e+01 5.515607947113970511e+01 7.121759382169608443e+01 9.244995886871049606e+01 1.075777047730695557e+02 9.025616026252579616e+01 7.011621951551680354e+01 6.001502379841765134e+01 5.332718160363570092e+01 4.706205341415557797e+01 5.858113327239716739e+01 7.872546242298618324e+01 8.118230601944982538e+01
7.415659023384172599e+01 7.784564144573425892e+01 7.814445585395708349e+01 5.803741379557317259e+01 7.814445596807412642e+01 8.975826897930544135e+01 7.834469613509818942e+01 6.466284975397715584e+01 5.403450447559472991e+01 7.351881407248950495e+01 7.480714778588476577e+01 8.361268474505682491e+01 6.923473496118229775e+01 8.848574152043913443e+01 1.022640829611670625e+02 1.097912467710525419e+02 1.074074327668570135e+02 1.027301527810823245e+02 9.439085398799889504e+01 7.776283913207841181e+01 8.149584666622776297e+01 7.650199272447555643e+01 5.684619441662879069e+01 7.726656087445151400e+01 8.563910551705943419e+01 6.668251903315265849e+01 6.745013622754539995e+01 7.856777767952209501e+01 9.924015013263158380e+01 9.856376634040374540e+01 8.850599628535597674e+01 8.018618897790615563e+01 6.907317340159922026e+01 4.899822676659699994e+01 6.907317340159922026e+01 8.704643325062326653e+01 9.280017526765378477e+01
6.483575030330699462e+01 5.773686525145071613e+01 6.995833013946410972e+01 5.459535699259504327e+01 7.469612725094972916e+01 8.160686410135582491e+01 6.219823338729702300e+01 5.081482343431568438e+01 7.040128573630387621e+01 5.820057530389266276e+01 6.125203138988164397e+01 6.440870426758273481e+01 8.361268417330229852e+01 7.662869881449975651e+01 8.264428069897087425e+01 8.996770445952438422e+01 1.014387331336457976e+02 1.214482338413967284e+02 1.064449018758163135e+02 9.810582539915759526e+01 9.189845226039130921e+01 7.142498302614507111e+01 6.875124967516637753e+01 6.988827164836462202e+01 9.038443561937928905e+01 7.946548382364132124e+01 8.890396270442552407e+01 9.732120491814224295e+01 1.075779400710419935e+02 1.069906173763408361e+02 8.691343689140248330e+01 7.266279820421853231e+01 6.099917136649514759e+01 5.096480083244713910e+01 7.108521522794914915e+01 8.284841810935924400e+01 9.447283451734955406e+01
8.496098717594337302e+01 6.995833050824506927e+01 4.986374280077895804e+01 6.602163216966013692e+01 7.434135094542308764e+01 7.345408390633637907e+01 6.534130299631624439e+01 4.864945300058387545e+01 6.829175568001355145e+01 6.935434700772559324e+01 8.050611889306910030e+01 7.789650630908080586e+01 8.361268408504285787e+01 8.986989809220473546e+01 1.022640824767622689e+02 1.097912471721046188e+02 1.180212278315903092e+02 1.297362609972845746e+02 1.190311672948111692e+02 1.107073568134710086e+02 1.002534570868424169e+02 9.189845226039130921e+01 8.332173214652256377e+01 8.444421074229660462e+01 9.874380839500298634e+01 1.001086207277480895e+02 1.084429524282920454e+02 1.127031740377308466e+02 1.037310480438479487e+02 9.543000575840842714e+01 8.872614852685263998e+01 7.691144194528800426e+01 5.672879747757952629e+01 7.108521522794914915e+01 5.434347280615398290e+01 6.599875681514413372e+01 8.616106034245416367e+01
9.119030292347633804e+01 7.236304156830962597e+01 5.240122553775378833e+01 4.593649593527658226e+01 6.250762243026338183e+01 6.254273392083742777e+01 4.563195755716877500e+01 5.254793371290906379e+01 7.138793972310324421e+01 8.872810772596226059e+01 9.691529807043048095e+01 9.741275819601904118e+01 1.032173356745072539e+02 1.085727040953645144e+02 1.134495819591898851e+02 1.052014177748435628e+02 1.143713870109929616e+02 1.166671970387830868e+02 1.073684062722119705e+02 9.046335379742293981e+01 1.073684062722119705e+02 1.104364650301141779e+02 1.036144706359380336e+02 1.047254070811779911e+02 1.085943230259868955e+02 1.168163116233958618e+02 1.185809210939247436e+02 9.853941712793107399e+01 8.433082044305906777e+01 7.531843184621683918e+01 6.857877518521142690e+01 6.296103628896730697e+01 7.691143329488151892e+01 7.704531754481986638e+01 5.684539275423225035e+01 7.704534645256036640e+01 7.515202877182193220e+01
7.457097444185298230e+01 6.316712281010485697e+01 6.979571603210719388e+01 6.241563001102031905e+01 4.240554118611984080e+01 4.281066861713006233e+01 6.254273392083742777e+01 7.138793972310324421e+01 6.427991852286753272e+01 7.775486462569774915e+01 9.777673363565899933e+01 9.937167585675526027e+01 9.108083550180668908e+01 9.937167585675580028e+01 1.023617893905295091e+02 8.226260496346472451e+01 1.023617893905295091e+02 9.647246696726476500e+01 9.647246696726476500e+01 7.880012989068671914e+01 9.393151352547918975e+01 9.022211027070872547e+01 1.104364650301141779e+02 1.054189811398956635e+02 8.889866750890635672e+01 1.054189811398956635e+02 1.177270575056473660e+02 1.127031740377308466e+02 1.037310480438479487e+02 8.872614852685265419e+01 7.724800082453351990e+01 7.724800082453351990e+01 9.145345280801474530e+01 8.342698540597386625e+01 6.324648587652902165e+01 6.084884180188323199e+01 8.104473356462813172e+01
9.119030292347633804e+01 8.292300454155358125e+01 8.135583942197355611e+01 3.897660355520027764e+01 4.013724452212689187e+01 5.553589710407867841e+01 6.648284803316072100e+01 7.892745235858987485e+01 8.361913343713803215e+01 9.193932214750084597e+01 1.022939962343797760e+02 8.933847611087624330e+01 7.099350154751358843e+01 8.933847611087624330e+01 9.327782601766709547e+01 7.136344136467407395e+01 9.327782601766709547e+01 9.472306847525402418e+01 7.625724136418011767e+01 7.056298403209841297e+01 7.372248318788381027e+01 8.800858191162188859e+01 1.082307353566616541e+02 9.722303101133421421e+01 7.766254714066809584e+01 8.982986303335245282e+01 1.036263320343039425e+02 1.118387271622977153e+02 1.170913381833124731e+02 1.056591413169914944e+02 9.148240570907942981e+01 9.735864657162011326e+01 9.418190298609972899e+01 7.406129978932482061e+01 8.342698712369431746e+01 6.438227296561181845e+01 6.912421795457480300e+01
9.505388296267275905e+01 8.439650879630070790e+01 7.554984759425386187e+01 6.056548503781503001e+01 3.850835181427196829e+01 5.348492627152052847e+01 5.240566422348755538e+01 7.133941622058119947e+01 7.470893448242665613e+01 8.326007217472755428e+01 9.282630661845949760e+01 7.392229313673513502e+01 6.091326198826393323e+01 8.103716852466008902e+01 8.585035656162990847e+01 6.439094356682086584e+01 8.585035656162990847e+01 8.636485418904307210e+01 6.613462332678120958e+01 6.288012198153736421e+01 7.720930636067932085e+01 9.742153971390062850e+01 1.013563733021421598e+02 8.982986303335245282e+01 7.031036458106314058e+01 8.792880250261616482e+01 8.399203419837471074e+01 9.793667278599690462e+01 1.041511552589785765e+02 1.123683761166163464e+02 1.115451469577370460e+02 1.083732375595828046e+02 8.830365973758893006e+01 9.418190298609972899e+01 8.811819446102374798e+01 6.797100550385982842e+01 8.811819446102374798e+01
8.642827066622832888e+01 6.491027679193639699e+01 5.435773907908215108e+01 4.754158794802532384e+01 5.647634709506429829e+01 3.637792072581892455e+01 5.447247727640313997e+01 5.977638460386584285e+01 5.374899134619725061e+01 7.470893448242665613e+01 8.452787880640511275e+01 6.442123668752097387e+01 5.379094762790476381e+01 7.392229313673513502e+01 7.957712050604662579e+01 5.846490587010717377e+01 7.957712050604662579e+01 7.871854561779223047e+01 5.846938141423650137e+01 5.796795837086875736e+01 7.229443666614348274e+01 9.251935307938995834e+01 8.747504623371715127e+01 7.359371916528594681e+01 6.436452976670582871e+01 6.840984903158030761e+01 7.278451769207242705e+01 7.837763490578211645e+01 8.449923616516080926e+01 9.835409514160629385e+01 1.181464964162308320e+02 1.166659201207942829e+02 1.083732375595828046e+02 9.759299147408310660e+01 7.749391181918211657e+01 7.249906284091268560e+01 9.261661613072274690e+01
9.505388296267275905e+01 8.439650879630070790e+01 7.566927372908241978e+01 6.547824857095025664e+01 4.636391263029311460e+01 5.447069595163868883e+01 3.430148918362937138e+01 4.047055743339655010e+01 5.374898814051776696e+01 7.470876367430857101e+01 7.333992318005759614e+01 6.811087423155579756e+01 4.801118468362793124e+01 6.811087426239885190e+01 7.364822398263281400e+01 5.331963638277390061e+01 7.381578834747486439e+01 6.701806311184414255e+01 5.185873749454935222e+01 7.196882423050725208e+01 8.658252182539760611e+01 8.327869263604311811e+01 7.513156980164080778e+01 5.963958549142171961e+01 7.932946654782210771e+01 8.218479956338032366e+01 9.229046489338095682e+01 8.867940956952016052e+01 1.041511552589785765e+02 9.835409514160629385e+01 1.181464964162308320e+02 1.207447503461815899e+02 1.007089146075162063e+02 8.911286827663136023e+01 9.759299147408310660e+01 8.151463617197397582e+01 8.040865779526170343e+01
9.390737343819954219e+01 9.075126525469434569e+01 7.183571569634179355e+01 5.856403118220102755e+01 6.547824857095025664e+01 5.308484320157321434e+01 3.293737577715885578e+01 5.065519825746203253e+01 6.701910825893105539e+01 6.741317233008240351e+01 5.302954808551404398e+01 5.717554405310117005e+01 4.331446716244801820e+01 6.337333176443638649e+01 6.797471863115761437e+01 4.875070398722969145e+01 6.239980493404610229e+01 4.712778376567707994e+01 6.701806311184414255e+01 8.033831329076242866e+01 7.940309394207530147e+01 7.124842780909455087e+01 5.533135300759565212e+01 7.513156980164080778e+01 7.573345235605233938e+01 9.532989480900457124e+01 1.100008923549124233e+02 1.083578185175221194e+02 1.165771034177484466e+02 1.181464964162308320e+02 1.263826570916262568e+02 1.290298887422295877e+02 1.174678994674616774e+02 1.091770551890239886e+02 1.098940143549830140e+02 9.312254656483094095e+01 9.462251992191671945e+01
7.392422717488707917e+01 8.126892203652928970e+01 8.533154535724655432e+01 7.737595189211307911e+01 6.607371465259726051e+01 4.584429722280798813e+01 3.165889390859141983e+01 4.981898403957986687e+01 4.980075035463188726e+01 5.062064174495483826e+01 4.033835823537005894e+01 3.716292649715417440e+01 5.717554402207921527e+01 7.028127513223354583e+01 6.908087478052917163e+01 6.150854788906490711e+01 4.263248886970771423e+01 6.239980493404610229e+01 7.538065575425589770e+01 7.569018235716868048e+01 6.752508680949398467e+01 5.137122620322873701e+01 7.124842780909455087e+01 6.938638955886139570e+01 8.900166186203718155e+01 1.035143617515296341e+02 1.043104265953052021e+02 1.017342092919295027e+02 1.099856592077515103e+02 1.214604179108787037e+02 1.234679062179590261e+02 1.150904401857742840e+02 1.124295249953309792e+02 1.208251019765975656e+02 1.214646155776926264e+02 1.131764100973556424e+02 1.146731386184235646e+02
5.977237538003085149e+01 6.126642612656667808e+01 7.540346043687708288e+01 8.182694327728364669e+01 6.216314168080273106e+01 4.801776560835283192e+01 4.973317611379620473e+01 2.990230969471140909e+01 2.976155223284116502e+01 3.057880685514646046e+01 3.139448563547130888e+01 5.144074918993255352e+01 6.092545274974296632e+01 5.843540216804455412e+01 4.992674315124216378e+01 5.675505033681992018e+01 4.009451228158136615e+01 5.983670590037776549e+01 7.212381649522180282e+01 6.394797829216646079e+01 4.760858948474217556e+01 6.752508680949398467e+01 7.940309394207530147e+01 8.900166186203718155e+01 9.717099571322499685e+01 9.592875356329017222e+01 8.465366095378006150e+01 8.212182564510986538e+01 9.335311416665622630e+01 1.131829981445866480e+02 1.150904401857742840e+02 9.398954698517435702e+01 9.119515457059426922e+01 1.076301478501556375e+02 1.160983164091483246e+02 1.259724598365018835e+02 1.177283481745422620e+02
