MOVIE_S13_data/elevation_000008.asc
nrows	150
cellsize	150.0
xllcorner	0
ncols	150
yllcorner	0
NODATA_value	-9999
[rows 68 to 84 of 150, columns 74 to 110 of 150]
9.712588716735695016e+01 9.977085378312753505e+01 8.910356016411746793e+01 1.007947248661705544e+02 1.208805849782238937e+02 1.285867797952674891e+02 1.202380538213128887e+02 1.068868392513758891e+02 9.197368878943699144e+01 7.164844108970646630e+01 8.598010022897037175e+01 7.605844771625322664e+01 7.823594387333656641e+01 7.218845445670064009e+01 5.213079979522653673e+01 7.218845673985046574e+01 8.375989086663962269e+01 9.211923610785419214e+01 9.647273631637460767e+01 7.681630686750236237e+01 8.042332886318847329e+01 7.041099775294142660e+01 5.045782899507045727e+01 7.041099786078422085e+01 8.192524844327850531e+01 9.221531508705422198e+01 7.794431342133191265e+01 7.844643831954273594e+01 8.062371915528225941e+01 1.004949826274178974e+02 9.374713523086701628e+01 8.434713978041894222e+01 6.422164638679889492e+01 5.009914713416595333e+01 4.024875033852440964e+01 5.506277653564742280e+01 5.922270164008432403e+01
1.172448702539168153e+02 1.175661504508432813e+02 1.007947248661705544e+02 1.175661504509538560e+02 1.291367225565004162e+02 1.208716636516872427e+02 1.125184764127187407e+02 9.853834879560471904e+01 7.830470776222934148e+01 9.197368878943699144e+01 1.003296466764396655e+02 9.632565645323700210e+01 8.535875604956846985e+01 6.513236678102178701e+01 5.105352743956017036e+01 6.947475447861997111e+01 6.355765724635291747e+01 8.375989086663962269e+01 8.030584798045862271e+01 7.971186002052682795e+01 6.050622531970716977e+01 6.828398347478790242e+01 4.840313685602556859e+01 6.828398347478768926e+01 8.694268076768135245e+01 8.210408067414854827e+01 6.361642630998863268e+01 6.427831193661243958e+01 8.428951625139376347e+01 8.777847027761633569e+01 7.334715835100506354e+01 8.777847027761616516e+01 7.845244062859872258e+01 6.842803757915569918e+01 5.506277653564742280e+01 3.524621128581561180e+01 3.928991216069029946e+01
1.139901387893211648e+02 1.256919085888814465e+02 1.208805849782238511e+02 1.291367225563968759e+02 1.267885694418614975e+02 1.066076103437219587e+02 9.238972007341317294e+01 8.600618960395435408e+01 9.853834879560471904e+01 1.068868392513758891e+02 1.014934887997630426e+02 9.314435829130876243e+01 8.353086765955470128e+01 7.165172446029797015e+01 5.184219484240757936e+01 4.953443093329330793e+01 6.804961561682019067e+01 6.705578619790328787e+01 6.016905743632736403e+01 6.515800236565053183e+01 5.164828805789584720e+01 6.331366723436343591e+01 4.636958904829461403e+01 6.619990500342808559e+01 6.681835727043277018e+01 6.681835727262203761e+01 5.364921827427307477e+01 6.563131066724290008e+01 8.814420325352227792e+01 7.932217324306787987e+01 5.908130083209252348e+01 6.846750829849689524e+01 7.684153562541742133e+01 7.362183394009103665e+01 5.949123009421661834e+01 5.032162291691395239e+01 3.043295293982965788e+01
9.702854349260887545e+01 1.173585648750175068e+02 1.242981325140572437e+02 1.326095642325560959e+02 1.267885694418615969e+02 1.066076103437219587e+02 1.125184764127187407e+02 9.763659719476243026e+01 1.083304549481054266e+02 9.998757822163499043e+01 9.314435829536976996e+01 7.286804828167025505e+01 7.515047595871645569e+01 5.512335641886474491e+01 7.165172446029797015e+01 6.804961561682019067e+01 4.815953537410161545e+01 4.719143470592494793e+01 4.622139554634988912e+01 4.524949631212471957e+01 4.427494876818889935e+01 4.349872272036676435e+01 5.738479278974193676e+01 6.155634154268982172e+01 6.083480526427459978e+01 4.693798571348015258e+01 6.681835727285189819e+01 8.210407931229677558e+01 9.655892063773661960e+01 8.751431578403929734e+01 6.846750829848041064e+01 4.845410463974698700e+01 6.028199648452379478e+01 6.039414495027460106e+01 4.537681305096165119e+01 3.131934681862392011e+01 5.032992836374219792e+01
1.046887798518082917e+02 1.099546043494891450e+02 1.040133204514445424e+02 1.242981325140572437e+02 1.351357169596524841e+02 1.267885694418615969e+02 1.261389403024125073e+02 1.177871070549036006e+02 9.998757822173359955e+01 7.985199788531194542e+01 8.574957259367201345e+01 7.880684169751744150e+01 5.852820155439955130e+01 7.515047623659727094e+01 8.080135833797687894e+01 6.063453019449926273e+01 6.729422747017649442e+01 6.705578586963369503e+01 6.592047967675520681e+01 4.609429214550738862e+01 6.386550961478729960e+01 6.228229515042736608e+01 4.247023658541900204e+01 4.174363696061931250e+01 4.101667317526253242e+01 5.598652197750026716e+01 6.748144271801876926e+01 7.060511423722061863e+01 7.921303804038596752e+01 8.209560296325881268e+01 7.683984272587747455e+01 6.028199533406525745e+01 4.038068256048111238e+01 5.210867703104830184e+01 3.221186369607580957e+01 5.121732175748355331e+01 4.537681608496959029e+01
8.428831998145653870e+01 8.956015376589921573e+01 1.099546043494891450e+02 1.291352224723325719e+02 1.407695894988490295e+02 1.267293397472610792e+02 1.150951504666933403e+02 1.067452203569819602e+02 9.862412170609431428e+01 8.574957282265985725e+01 6.535307060244380750e+01 6.237801891416687283e+01 7.286804828141586654e+01 8.718072207565722920e+01 8.080135833797687894e+01 8.078691813763578011e+01 7.766014938858305072e+01 6.779143200711989437e+01 4.792001594170576340e+01 6.592047968915566969e+01 6.223330650498972716e+01 6.903482372435864534e+01 5.169535878571515042e+01 6.155634154665076352e+01 5.982942521047216644e+01 4.000217152895355355e+01 5.872811646980784417e+01 4.983180154860805544e+01 6.469051305868853774e+01 6.399829558411978780e+01 6.998269035335445665e+01 6.219736254064769554e+01 5.300437462929155430e+01 3.311073063963277008e+01 3.973767378023591590e+01 5.962289503038795857e+01 6.531762127848901400e+01
9.225716636768298429e+01 1.099546043494891450e+02 1.004981919271154851e+02 1.122713268036221450e+02 1.324827997339384069e+02 1.183751616534652840e+02 9.823151243891270212e+01 8.671668722935048379e+01 9.029529428758181098e+01 7.008934494258078018e+01 8.574957282265985725e+01 7.687336079898746277e+01 8.279048963989872334e+01 1.014933958639239791e+02 1.009843802910054649e+02 8.391622606699941400e+01 6.379359669351494944e+01 4.974787835999881480e+01 6.779232436703188114e+01 7.609148595585224939e+01 7.640564710179769747e+01 7.877600988742732113e+01 7.018153665657472118e+01 6.242602801587153039e+01 4.261346055330663063e+01 5.889376841324541090e+01 3.905523154880020797e+01 3.838659944981868932e+01 4.594499650380865319e+01 6.393349815482197585e+01 5.275719249257547716e+01 5.390850179284804966e+01 3.401984459454902066e+01 4.716211321262294831e+01 5.962290638067528192e+01 5.376533393769900471e+01 7.376436345753026558e+01
1.126187167396808348e+02 1.089043364512033634e+02 1.208137003969013961e+02 1.291352221564839624e+02 1.240070530787746037e+02 1.156484688911779415e+02 1.080456509519244293e+02 9.518174136427066401e+01 7.517578121248094192e+01 8.441786837859307013e+01 9.862412170609431428e+01 9.707570233793694570e+01 1.029753208897948156e+02 9.607146972287895892e+01 8.780387546943542532e+01 8.117198951767250037e+01 7.104336449986431035e+01 5.104732800914939617e+01 6.514520920390144454e+01 8.527994012515951283e+01 9.636056554719738187e+01 9.189953298045948316e+01 7.846501346469064231e+01 5.840202295237848773e+01 4.446192634354891737e+01 6.393690891111067742e+01 5.079999005858081773e+01 5.711022327695000911e+01 3.744330642367815187e+01 5.636462043250155318e+01 5.477336931362536632e+01 3.493525754248627635e+01 4.092738675814684512e+01 6.013848514395170497e+01 7.542170807148117717e+01 7.376436345753531043e+01 8.206799636030875433e+01
1.249829320032222881e+02 1.291458137340572705e+02 1.374446805339836715e+02 1.273181939273963366e+02 1.071056372546566990e+02 9.553330336078018092e+01 8.806892135724925197e+01 8.150749853383366883e+01 8.517566266226232585e+01 1.035096913640566356e+02 1.128303750335953879e+02 1.117549134367252037e+02 1.019434211786503965e+02 8.196818397065469242e+01 6.765940408329791467e+01 7.248060260224831097e+01 5.295191099838179838e+01 7.104336449986431035e+01 5.988975290604666668e+01 7.418864713002260203e+01 9.425841530178902872e+01 8.358019861975512299e+01 6.342071919475812081e+01 5.193116798011749324e+01 4.632769114489705231e+01 6.616441374513674134e+01 6.829149403283075515e+01 5.377541956221617880e+01 5.637595443125266570e+01 3.650564073388319741e+01 3.585434427525629530e+01 4.796411395888948448e+01 5.902873366162096147e+01 5.281058209943603288e+01 6.671053419381172489e+01 8.732394653489619429e+01 8.153868630660637962e+01
1.307645287181646552e+02 1.390419967479530499e+02 1.490710150642548797e+02 1.356673055830501369e+02 1.240070530800121418e+02 1.104478122564554354e+02 9.067628639683859149e+01 1.013867410870106056e+02 9.928695284372390972e+01 1.135369046194600458e+02 1.076485941619927615e+02 9.766885909035245561e+01 8.357039761536186973e+01 8.542627102420046015e+01 7.507100883347905551e+01 5.489230477787823759e+01 7.303990549384889164e+01 8.134326273082218961e+01 6.753278403958033493e+01 8.768282677162468985e+01 9.625419476362223747e+01 7.612730729622471415e+01 6.185981571295702963e+01 6.818760423492412315e+01 4.830737997540663287e+01 6.818760423492859957e+01 8.015303886553823531e+01 7.222308881818058524e+01 5.910491050457732598e+01 3.932435149903297145e+01 5.574011561443840179e+01 6.329212040128562222e+01 7.366006114658600268e+01 7.274806288506977126e+01 8.123043610001572290e+01 7.566910218586826886e+01 6.149921272244267811e+01
1.105498201671943548e+02 1.207046255936310644e+02 1.408244315552403805e+02 1.374581660177628635e+02 1.175574395384406046e+02 1.039574387699220210e+02 1.045721033741731816e+02 1.187736750306527682e+02 1.194337737447335570e+02 1.134697266658466930e+02 9.358686359236415342e+01 7.942164078758406731e+01 6.925036830359528039e+01 7.712163131018672857e+01 5.690162046467550283e+01 7.507100883347905551e+01 8.337111423536011046e+01 9.593786373024907732e+01 7.923102739258864347e+01 9.593786373024907732e+01 9.625439142649852897e+01 7.612730797506472413e+01 8.202239424102204168e+01 7.024918875348848246e+01 5.030560888308046685e+01 6.434746716889441132e+01 8.451370806237716238e+01 6.554723533503877775e+01 4.509695136863085452e+01 5.910491050599998175e+01 5.317162761966487494e+01 7.342912251958641434e+01 8.346163046367809102e+01 7.517038054701338012e+01 7.517038054701338012e+01 6.736863859955681733e+01 4.724285767584918716e+01
1.206571744458786100e+02 1.390419967479530499e+02 1.490710097230769406e+02 1.386653469660525673e+02 1.296401827760038827e+02 1.233862273501698894e+02 1.246330283286172858e+02 1.212063895916598568e+02 1.129776785412431792e+02 1.066536621407898338e+02 9.842038544910319331e+01 9.005725724986510272e+01 7.933209182274443094e+01 5.902269255759302524e+01 7.715763293498488906e+01 6.598574559061907507e+01 8.034018450276680312e+01 1.003336638082295593e+02 9.922819947804873664e+01 1.074638815067687005e+02 1.045590968219690922e+02 9.625439142649852897e+01 8.382954406619521137e+01 7.236450201262005066e+01 5.234360194100403163e+01 6.645674547588542680e+01 8.659938043174722111e+01 7.031451491890392447e+01 5.008879963849120998e+01 7.031451491890392447e+01 7.342912251958641434e+01 8.180868617711412583e+01 7.517038054701338012e+01 5.509293720431163877e+01 5.509293720431163877e+01 5.666467440778188802e+01 5.262454968043354597e+01
1.169581227682099751e+02 1.371160667420919879e+02 1.325650510998451068e+02 1.243396716604815282e+02 1.056741304022635859e+02 1.081060307654553014e+02 1.126541970416460146e+02 1.097408455793473365e+02 9.312165713807135603e+01 9.842038544908815823e+01 7.840827381259968831e+01 8.178399915893302818e+01 6.145533639942064497e+01 6.294000226206735960e+01 8.323854895510048379e+01 8.619613901182398763e+01 7.773598593881644092e+01 9.775370264777150453e+01 1.118948924326004430e+02 1.018822531942839049e+02 9.359103314224179826e+01 8.742117098876754255e+01 7.549708525538068216e+01 5.536840264107428311e+01 6.645727362032543795e+01 8.068016341319713547e+01 7.888212727908415900e+01 5.878901321924263357e+01 7.031451491890392447e+01 6.661990306598238476e+01 8.675365246204357561e+01 8.473173664234157343e+01 7.644685103350576583e+01 6.097348421050025991e+01 4.076337480574826344e+01 3.646405077104017778e+01 3.245615762316830910e+01
1.371160668005935577e+02 1.337637032269001907e+02 1.238833081921663819e+02 1.046518142125097768e+02 1.060426725701789650e+02 8.682443268612082932e+01 9.606807412730293549e+01 9.571111141937115008e+01 8.158412693241379543e+01 8.968435827572326957e+01 8.426968560477342862e+01 6.396289870441336944e+01 8.178399915893302818e+01 6.706989501353518790e+01 7.883801984046385769e+01 9.881364500845843679e+01 8.934346075352779337e+01 1.059970369256174223e+02 1.036161257054748006e+02 8.356531713406675976e+01 7.345454819470458574e+01 7.909912714175943904e+01 5.887884556491474797e+01 6.031071588715093412e+01 8.044984229772438766e+01 9.494168555732322545e+01 8.559924725708479798e+01 6.544898988410545826e+01 8.559924725708479798e+01 8.675365246204357561e+01 8.796293057887595523e+01 6.801649570229005803e+01 5.640994696048569068e+01 4.873215734683728328e+01 6.097348421050025991e+01 5.666467440778188802e+01 5.262454968043354597e+01
1.308774801716905927e+02 1.255336741982303579e+02 1.058177278979773064e+02 9.606777903608660552e+01 8.870021354464962826e+01 8.270789117007021218e+01 7.894914435775028494e+01 7.568233994425848721e+01 7.250495182389136062e+01 6.950955151099698526e+01 6.656559922116434791e+01 8.426968560506216477e+01 9.166370929285072577e+01 7.157829444619780190e+01 9.166370929285072577e+01 1.070435341021596400e+02 1.092441585594565510e+02 1.174987863807927368e+02 1.118683604006274379e+02 9.525657499094128866e+01 8.282783263871739621e+01 6.257572868033501834e+01 7.909912714175943904e+01 6.633475233156929107e+01 7.675767360370522852e+01 9.685102518755057588e+01 9.400062456593396121e+01 7.707002435221619407e+01 8.559924725708481219e+01 1.058200589068077448e+02 9.626354707651282183e+01 8.473173664234157343e+01 6.520434908560520171e+01 6.887361314481032082e+01 7.716241995878630178e+01 6.976332968721388283e+01 5.216579582453216801e+01
1.330728504722250989e+02 1.337637045658704835e+02 1.238833081921663535e+02 1.094793715544394672e+02 8.976338297519494347e+01 1.025087169433492988e+02 9.893309040530435539e+01 9.571111141937115008e+01 9.012780668281378382e+01 6.998525718302398957e+01 8.681223029588407769e+01 9.505478841518075228e+01 9.699860902931187923e+01 7.703724202268396937e+01 8.583585396185235084e+01 9.992057359748376655e+01 1.197667929758644192e+02 1.142237397385481188e+02 1.000628727545581143e+02 8.695536045895107691e+01 6.673468623199531180e+01 8.282783263871739621e+01 9.113979649834294605e+01 7.260744019493053258e+01 9.241819207897175659e+01 1.051628383613031019e+02 1.056810109212104152e+02 9.725038241967527597e+01 1.005965008112350461e+02 9.222782983656223621e+01 1.005965008112350461e+02 9.349744855180630054e+01 8.519996593980647503e+01 8.665027625652984966e+01 6.698882151957730002e+01 5.353167677705357619e+01 4.339245534053843301e+01
1.413442056268521867e+02 1.315169126711696777e+02 1.117353913449160814e+02 9.781113386567503198e+01 1.094793715544394672e+02 1.176825429060556161e+02 1.142600007516395095e+02 1.060353097601204411e+02 9.249186824407327379e+01 7.242990030999175133e+01 8.408480093097726638e+01 1.039767855963830243e+02 1.027391219006831165e+02 8.285340199124695459e+01 1.027391219006831165e+02 1.139613440271031521e+02 1.152462731227611386e+02 1.052391561422784463e+02 8.590200577056825182e+01 7.162841714274867400e+01 7.319758779877037114e+01 9.331799043641176183e+01 1.006849770749926307e+02 8.247002595529916391e+01 8.765373385127630002e+01 1.067787066235938198e+02 1.047825589409565907e+02 9.320074293219103367e+01 8.486354535348800709e+01 7.230714032462951479e+01 8.813450586840207279e+01 7.985937265638756344e+01 8.813450586840207279e+01 8.844504141064768987e+01 6.878275237488863070e+01 5.373501672142401731e+01 5.539663141428617621e+01
