MOVIE_S13_data/elevation_000051.asc
nrows	150
cellsize	150.0
xllcorner	0
ncols	150
yllcorner	0
NODATA_value	-9999
[rows 51 to 67 of 150, columns 74 to 110 of 150]
1.211397162138042916e+02 1.187264748255324207e+02 1.178963675187081890e+02 9.970410415523734571e+01 1.078763373408269501e+02 9.420715541365913737e+01 9.944371887574558855e+01 1.076186214277269215e+02 1.190603478252963754e+02 1.386914483021955959e+02 1.463593759339186704e+02 1.369679496447775762e+02 1.274626462256832582e+02 1.372183046436530560e+02 1.189330222271312607e+02 1.372183046436530560e+02 1.353544443453735369e+02 1.296930382956225287e+02 1.114665738181139574e+02 1.296930382956225287e+02 1.447116242368079497e+02 1.464438863913350133e+02 1.322550174164755106e+02 1.222676732550152394e+02 1.053138376709447641e+02 9.146720762658171111e+01 1.023497947964303307e+02 9.508834719453908235e+01 1.148449977069275860e+02 1.151087873573279836e+02 1.233976890200423071e+02 1.256662445521028673e+02 1.137614331459342196e+02 1.052650329458775644e+02 8.760643667404993096e+01 9.140040157333433513e+01 9.847326281700399875e+01
1.128497987007544339e+02 9.873160710661836958e+01 1.096626110489041110e+02 8.954413088693100065e+01 8.771601638384088062e+01 1.078763373410367308e+02 1.193246776611827045e+02 1.273834217393721531e+02 1.355507102112743212e+02 1.467814679193116660e+02 1.377466047350340830e+02 1.167280943265326840e+02 1.138179177914537377e+02 1.190022206906677837e+02 1.090952958725257389e+02 1.289091455088091891e+02 1.154580078526521163e+02 1.213982171311642730e+02 1.017115604154648736e+02 1.213982171311642730e+02 1.247087649021810023e+02 1.423693670140968095e+02 1.340320763987120358e+02 1.335633429397768168e+02 1.186589294051770764e+02 9.880273343569666622e+01 1.186589294051770764e+02 1.089945103319216315e+02 1.231370027418040394e+02 1.181754188326152786e+02 1.098128846592873060e+02 1.087018684927536327e+02 1.170636166313294808e+02 1.167594565436305345e+02 1.082816094771794582e+02 1.037563404351823095e+02 9.541229377181255700e+01
1.027512127733336769e+02 8.428669256955507194e+01 9.704617354557977649e+01 8.169317252291504872e+01 1.020585402965303388e+02 1.161077713721522429e+02 1.278150973893824158e+02 1.360559048397193749e+02 1.376248704062807064e+02 1.458819951898377099e+02 1.351787254913556922e+02 1.153383785825947996e+02 1.026146521547772892e+02 9.937720770532614267e+01 1.190022206906677837e+02 1.181540337140612849e+02 1.015991232050636768e+02 1.076868254874473507e+02 9.525718234408877549e+01 1.049632315496812822e+02 1.247087649021810023e+02 1.308439974660896894e+02 1.141380925244680213e+02 1.299116560648359098e+02 1.269653720867803486e+02 1.127907436166182293e+02 1.269653720867803486e+02 1.289693236987115483e+02 1.240742314642412509e+02 1.039056413949692086e+02 8.970116452425739340e+01 8.859491941390179193e+01 1.054412798433788367e+02 1.017807185272877462e+02 9.833918244682922705e+01 9.372477652078588051e+01 7.538279295607847530e+01
8.495587296729797799e+01 7.383218888448521966e+01 7.650148943515671363e+01 8.064348351331470610e+01 1.010478081737506528e+02 1.116025647679958439e+02 1.079588812090703556e+02 1.236296391116647442e+02 1.178326245008864674e+02 1.376248704062807064e+02 1.293278695612767422e+02 1.095437416885286837e+02 9.577685904327913136e+01 9.355718193490392309e+01 1.130850566381016051e+02 1.093691795490406378e+02 9.037388564017960846e+01 8.816179095383724018e+01 1.076868254874473507e+02 1.230977407100616290e+02 1.249816396848644757e+02 1.167126285664454599e+02 1.028346674647676053e+02 1.100944543033271970e+02 1.299116560648359098e+02 1.328259831224409879e+02 1.381996313615083238e+02 1.265365583401636940e+02 1.181661501097839562e+02 1.110394811827735282e+02 9.709311604532769024e+01 7.704764622248474382e+01 9.130648692104757913e+01 8.171328763554961938e+01 7.829306575513977862e+01 8.092790598382606504e+01 6.543544359900414520e+01
7.026661748799432416e+01 9.090400106191778207e+01 9.704334719150118360e+01 1.010476742568035746e+02 8.681014263511424645e+01 9.154971239219818813e+01 9.742694308554550275e+01 1.037888185073286706e+02 1.178326245008864674e+02 1.376248704062807064e+02 1.314921079750396871e+02 1.116636269070147165e+02 9.786674279526778264e+01 8.817115366189223380e+01 1.027174603517741218e+02 1.011784739980812589e+02 8.161201116084389184e+01 1.011784806429107277e+02 1.119120083806187296e+02 1.085509264409785999e+02 1.127312187256181062e+02 9.708612549818666082e+01 9.414915684009615404e+01 1.079348141262983631e+02 1.277241574241451048e+02 1.270000804361323645e+02 1.298253087298463981e+02 1.096310536263935660e+02 9.800888640754190817e+01 9.091780872498164001e+01 8.488382718147285289e+01 9.130648718940960862e+01 7.129744819814631285e+01 6.761135155963276588e+01 6.421311782907612553e+01 6.099750838484018800e+01 5.792914618739870747e+01
6.786595196805561159e+01 8.847315391699882525e+01 1.048359537159952453e+02 1.152384302947048695e+02 1.011667975124657204e+02 1.057854954197397177e+02 1.173554207360146364e+02 1.236296391116647442e+02 1.318573098453620105e+02 1.305197221070970102e+02 1.222191172364336325e+02 1.257336801128286368e+02 1.140185689449523210e+02 9.444447467971441768e+01 8.318189464422376034e+01 9.741288769976112860e+01 7.778843602657579481e+01 9.225926807846263955e+01 9.225926613980169577e+01 8.894451105219272335e+01 9.312390991307708532e+01 8.583774963688424009e+01 9.962174999779624329e+01 1.192859530895290163e+02 1.214178366503069952e+02 1.076396628204966959e+02 1.214178366503069952e+02 1.265365583401636940e+02 1.181661501097839562e+02 1.110394811827735282e+02 1.049725686648712752e+02 9.964549912596655190e+01 9.130648732921362409e+01 8.171328763552999419e+01 8.416443739767883869e+01 7.506290416882262662e+01 7.386789244109613151e+01
6.573059318518951955e+01 7.602941507685598310e+01 9.061217741593786457e+01 1.108012167189647954e+02 1.210898515018275390e+02 1.256462124818203989e+02 1.240540475262431670e+02 1.157832961391313233e+02 1.240540475262447018e+02 1.190757725133371849e+02 1.024878849602548172e+02 1.190757725133371849e+02 1.222657821539263239e+02 1.078865077961548735e+02 8.834072701324802779e+01 7.850314793897737786e+01 7.549766805552577864e+01 7.256474117522409983e+01 8.912585810166459055e+01 7.502518281806582934e+01 7.926241204228520587e+01 9.886675770345163983e+01 1.135933437065360323e+02 1.221756629336800586e+02 1.128245417728151665e+02 9.424345223197497035e+01 1.128245417728151665e+02 1.261922500507814107e+02 1.144095932459107416e+02 1.028039299465475267e+02 9.446591293081495166e+01 9.446581578115913658e+01 1.028022691660719801e+02 1.017807184366700142e+02 1.034297650089318523e+02 9.019228661813316705e+01 7.019906857123230282e+01
8.345500847125079247e+01 7.378993351600831829e+01 9.433584555039932695e+01 1.117124760529571859e+02 1.232791861580031849e+02 1.270162653854279284e+02 1.141780333965028262e+02 9.612046127730995693e+01 1.141780333965028262e+02 1.108272849703388232e+02 9.121282662362317240e+01 1.108272849703388232e+02 1.276498089132401219e+02 1.078865077961548877e+02 1.062895416267451623e+02 9.237645480823601929e+01 9.515761097184184791e+01 8.912586802813488873e+01 6.941206792405414205e+01 8.644031922062076490e+01 9.335990526654853738e+01 9.340574457892354587e+01 1.130986387008578475e+02 1.140696923666772591e+02 9.491971006545867340e+01 8.573481189947368364e+01 1.047832899896218493e+02 1.068415281304182685e+02 1.060556469807939663e+02 8.598164003592570737e+01 7.445432278272546966e+01 7.445432277183800807e+01 9.122971974865382094e+01 9.239916552269896499e+01 1.007313952354904387e+02 9.852521786229578993e+01 8.212711243842421993e+01
9.184596661840053855e+01 9.433584554218830931e+01 8.309401541418081649e+01 9.494664839794664601e+01 1.150200760191186902e+02 1.170706328693301259e+02 9.901704695271526191e+01 8.633721246539785454e+01 1.059518787082206757e+02 1.038925267172069340e+02 8.427863308861843450e+01 1.038925267172069340e+02 1.168539368979514990e+02 1.251212832154706547e+02 1.202026283711830956e+02 1.091008131930231855e+02 1.006511924858750575e+02 9.570183985892717260e+01 8.644031922055164330e+01 6.672409114556710108e+01 7.372615372390042410e+01 8.765718274187371151e+01 1.073950364378047055e+02 1.123936431821958450e+02 9.843379729290575142e+01 7.926766318362116692e+01 8.770708337298559343e+01 1.068415281304182685e+02 1.034375817273309366e+02 8.337633193126819720e+01 7.185806764956274151e+01 6.296158923500963311e+01 7.606920888456660634e+01 7.239912203176672278e+01 8.834850291085980700e+01 8.002965318945072681e+01 7.985103235008884326e+01
8.754922356799914951e+01 1.033618084173568548e+02 1.034306771784765857e+02 9.755967308473404387e+01 1.176045348863379303e+02 1.088314335987588777e+02 8.920265970037104353e+01 7.936874710501832908e+01 9.184250206967539043e+01 9.797871527684594639e+01 7.832375214962162602e+01 9.797871527684594639e+01 9.714896333339574142e+01 1.137016314423479741e+02 1.146551129007634415e+02 9.515732843420843778e+01 8.189961994344187701e+01 8.518834870617119748e+01 8.212449228350614305e+01 6.491115500983312359e+01 8.463101363390242682e+01 9.338544028453844703e+01 1.129639062488019761e+02 1.043498124353821765e+02 8.523077753361022246e+01 7.400783349941501399e+01 9.331143248819827818e+01 1.083886971361908707e+02 1.117888231584232699e+02 1.001894721911246506e+02 9.123029535500941734e+01 7.606920888456660634e+01 5.612421640172391335e+01 7.606907761107592592e+01 7.679234625162767713e+01 6.004886150316346516e+01 7.679530314545974079e+01
7.453074737514226911e+01 9.503707611703219982e+01 1.128903076272441837e+02 1.176045348863379303e+02 1.258652790211805979e+02 1.170706328693301259e+02 1.031847592476634645e+02 8.353937781498100890e+01 7.213557205627361668e+01 8.576081143260260831e+01 7.302606104782481111e+01 9.272567996080532282e+01 8.581916282755814507e+01 1.054772651060805941e+02 1.020377351383919518e+02 9.988397603892089194e+01 9.009336531141349269e+01 6.984253580766264236e+01 6.238989013951614027e+01 8.209328569229569439e+01 8.100108950858749779e+01 9.480669175536556281e+01 1.140777549035233704e+02 1.028517205935147132e+02 8.366739497455768060e+01 6.988020313556144458e+01 8.117752645853892091e+01 1.003632180755024308e+02 1.157195019899587720e+02 1.010031610316087693e+02 9.098456428805030782e+01 7.199798100023214431e+01 5.202019509474701664e+01 6.707967566289066497e+01 6.394861252430243326e+01 4.845564631722506022e+01 6.849360591032709067e+01
8.911635881629467804e+01 8.430480999758250960e+01 9.873945645371894386e+01 1.187765095242086915e+02 1.193954652158692369e+02 1.111401241530935806e+02 1.114015526969672436e+02 1.000270238050981959e+02 8.576081143260260831e+01 6.601375659366483717e+01 8.428175243441788211e+01 7.443572145945162788e+01 9.412740209317847473e+01 1.020376855221117296e+02 8.234576562547698586e+01 8.019128706814861118e+01 9.394557481734024407e+01 8.042227052400998843e+01 6.066949809342692390e+01 8.041402719048166148e+01 9.441255557266156018e+01 1.043558876415501260e+02 1.110862800507419053e+02 9.928928076000377700e+01 8.004670101549513106e+01 6.619795380966732523e+01 8.568272213513876068e+01 8.843949104194938116e+01 1.076482770986541482e+02 9.266875015854903097e+01 7.266629025023402733e+01 6.270658365396786138e+01 5.709588616088889523e+01 4.703468283191646293e+01 4.385428349840805140e+01 4.078739645210381326e+01 5.697152978181149763e+01
1.093309521234499613e+02 9.873945645371894386e+01 1.009341173848944919e+02 1.209558480793461541e+02 1.111401241530935806e+02 9.148728314990627553e+01 9.724346701015873862e+01 9.179102386782258804e+01 8.263852478177284411e+01 6.287180312971806018e+01 6.452560902590231251e+01 8.428175243441788211e+01 8.721935385949646502e+01 9.299480002098337650e+01 8.595913995902556337e+01 6.615510390307257182e+01 8.461194849578934907e+01 7.644253489613450370e+01 5.896011551670198969e+01 6.648338671426024860e+01 7.637315599308107039e+01 9.613277725498613790e+01 1.030411834532159361e+02 8.385557858527869257e+01 7.261734935942206448e+01 6.273718635526713427e+01 7.261734935942173763e+01 9.140469478318479446e+01 9.942020304693954813e+01 1.010031610316087693e+02 9.098456428805030782e+01 7.339193781017763740e+01 7.537420721889485264e+01 6.707977517610756024e+01 6.394925088694153459e+01 5.697152978181149763e+01 3.681033996348372739e+01
1.111800180973998948e+02 1.187765095242086915e+02 1.209558480793461541e+02 1.173805232838681576e+02 9.769713980971944522e+01 8.639962863921699920e+01 7.758440368391357822e+01 7.208327052910517807e+01 6.696085712531483125e+01 6.199482931890895543e+01 5.851779924465862592e+01 7.532184836611928347e+01 6.746650256608562302e+01 7.325177007973582022e+01 7.892518198900243931e+01 5.909548458644252378e+01 7.419112962400318168e+01 5.661739142699165939e+01 7.644233403702480700e+01 7.874142956814276317e+01 9.443815842922185766e+01 1.044866716868780685e+02 1.063007576212690424e+02 9.825587510870310837e+01 7.927366206449384833e+01 5.964915124766464771e+01 7.914853826912008117e+01 7.202599507955194724e+01 8.576885856057263879e+01 1.050108410276450428e+02 1.017339128727593618e+02 9.340082986204298265e+01 9.459353439708723954e+01 8.312700476480986822e+01 7.488914019962639657e+01 5.890904394810964106e+01 3.879869873689052184e+01
1.031738836025537864e+02 1.114831160497968199e+02 1.215429114680151343e+02 1.256659162492517652e+02 1.142477110814466954e+02 1.054413741828877278e+02 9.724346701015873862e+01 8.922170903800483188e+01 6.949829629085625982e+01 7.599755421070109662e+01 7.531884025633377178e+01 5.546835181032424344e+01 5.334891250396209017e+01 7.039287387305411414e+01 7.049934704730283386e+01 5.271973780629455320e+01 5.431645992488174102e+01 7.419115170592698405e+01 7.282932324564824000e+01 9.251983412010054053e+01 1.066240968276716217e+02 1.004852211799478141e+02 9.245315158014716417e+01 7.891071475118810952e+01 7.631516376828193415e+01 5.659575299767211476e+01 5.950463222230550286e+01 7.914852952029400512e+01 8.102670836935682530e+01 1.005118974285880995e+02 9.738697767309952269e+01 8.932988750927707144e+01 8.634019309848294199e+01 6.650638767750426439e+01 5.498225875361830361e+01 4.785618460107221495e+01 5.165208632958971435e+01
8.287952855200241231e+01 9.308951323772856767e+01 1.073954359668070424e+02 1.274123486980849407e+02 1.229243318282950952e+02 1.031664202676938231e+02 8.930176697188781532e+01 7.794105633625547114e+01 8.922170903800483188e+01 9.568781998647202158e+01 8.349580527604766189e+01 7.532184836523626359e+01 7.037749790225278446e+01 5.038895867892215819e+01 5.050713744556873053e+01 7.049933530735766851e+01 6.113670259515583894e+01 6.894146227638367463e+01 8.814111262117772583e+01 1.007104514724783115e+02 9.391750678777339090e+01 8.573591875185130107e+01 7.303584036016653158e+01 7.659898335822335014e+01 6.285708924067844094e+01 6.859883219214876249e+01 5.230168602326812533e+01 6.136916507449243596e+01 8.102673733099608455e+01 9.472880776914230694e+01 8.626169821551425798e+01 7.013571975614837584e+01 8.626169821551425798e+01 8.312700476480986822e+01 7.488914019962639657e+01 6.785099476825180886e+01 5.018779830388037055e+01
8.329314651983229112e+01 9.163697395378714816e+01 1.059575418358117957e+02 1.259855549038690583e+02 1.203435998255271642e+02 1.006151579217852259e+02 8.930176697188781532e+01 9.760751532876908243e+01 9.915748284311379734e+01 9.102847936037761656e+01 8.516362210621092288e+01 7.298948046300205306e+01 5.316300576617162932e+01 4.827913084691589063e+01 6.839359335913488280e+01 7.868143008757316181e+01 8.521731339068787747e+01 8.750155413667727089e+01 9.631582612609004457e+01 9.132922866410564211e+01 8.242189433313654945e+01 6.575912199322152674e+01 7.659898335815067583e+01 5.681227774003822617e+01 6.517512354333779001e+01 4.849354448162885234e+01 6.859883219215532790e+01 8.025365809657182581e+01 8.903826535105483231e+01 8.667700811399940619e+01 6.754895446064415410e+01 5.922752739791327059e+01 7.824812959013654279e+01 8.734258151637335743e+01 7.452389062043374679e+01 5.448179811898629765e+01 4.022811551178676837e+01
