MOVIE_S13_data/elevation_000198.asc
nrows	150
cellsize	150.0
xllcorner	0
ncols	150
yllcorner	0
NODATA_value	-9999
[rows 68 to 84 of 150, columns 37 to 73 of 150]
8.164267589852677531e+01 7.945802128015381527e+01 6.311282095098037104e+01 4.285820296840486066e+01 6.311282095098037104e+01 8.011624924517415991e+01 8.118108365713128194e+01 6.704933311027944853e+01 7.439593877122926813e+01 7.212116740767801559e+01 6.855742994759538078e+01 4.838182292542171581e+01 5.429107653974907066e+01 3.549278865926492443e+01 3.730914477752666158e+01 3.915112583592848239e+01 4.103752610499367393e+01 6.134014254946642808e+01 6.762506304171236593e+01 7.044951995654979271e+01 7.338022366685001430e+01 7.853923914543213414e+01 8.406279574036533120e+01 9.006191874039579659e+01 8.422625798642710038e+01 1.041503790757856507e+02 1.135809259882060331e+02 9.666746737593958017e+01 7.983573040517238439e+01 9.978512025124956608e+01 1.153955738166701650e+02 1.236898224946126703e+02 1.220052066703594988e+02 1.050888059945944661e+02 1.220052067834723886e+02 1.265661830516783652e+02 1.348289806212427493e+02
8.528485126407242944e+01 7.898015976750251355e+01 6.609516654480130171e+01 4.586791465452697736e+01 5.499926605625597631e+01 6.923089134503190678e+01 8.921541829280941727e+01 8.705443458990700378e+01 8.954604263977792300e+01 8.125704541886922527e+01 7.684311405271859030e+01 6.855742010110982676e+01 5.695513521419068326e+01 3.668183908837036000e+01 5.686714222166448707e+01 5.943355303009948898e+01 6.134016852233764183e+01 4.458879788233080887e+01 4.738734965332167093e+01 5.027890899468479091e+01 5.328833190638061978e+01 5.855845977816749581e+01 6.414733115996267543e+01 7.016508102270306324e+01 8.164229583224773990e+01 1.015633304331350502e+02 1.102133323328121435e+02 8.776927307006077683e+01 8.372242494411825930e+01 8.873349039317160702e+01 9.538708217430381353e+01 1.095334965971717764e+02 1.295478802406350667e+02 1.253189883446945601e+02 1.336757993601697478e+02 1.310237829681378230e+02 1.227062754988171918e+02
6.534766644091247656e+01 5.897855573205524138e+01 5.333801483018335432e+01 5.005559202251048134e+01 7.020833544238105617e+01 7.507840732898915803e+01 9.504405945156773328e+01 8.954699070695593832e+01 7.799094616320192586e+01 6.124118687815590079e+01 6.633367500390228599e+01 6.308701372986216427e+01 5.815474318362789319e+01 3.788129388430056110e+01 5.814889759137012959e+01 7.383296595887888714e+01 5.375558704049799275e+01 6.487106443332523042e+01 6.762506939597682276e+01 6.460047575875849191e+01 7.338022366685001430e+01 5.864745018893849959e+01 7.862714990794916048e+01 9.006191874039579659e+01 9.831756824713424692e+01 1.098215661544361410e+02 1.195677293821294995e+02 1.078312972033397870e+02 9.109344390856284690e+01 9.031107267292357221e+01 1.101617812606049966e+02 1.095334965971697585e+02 1.295478801955809161e+02 1.336367298095343870e+02 1.220797917390314353e+02 1.137772622040478296e+02 1.027403948823244519e+02
8.528485126407242944e+01 7.898015976750251355e+01 7.343271287355551635e+01 5.442256717733686600e+01 6.605763915495828087e+01 8.583449087541531242e+01 9.498524887767842984e+01 8.125706255862947103e+01 6.124118687866615574e+01 4.949759544921162302e+01 4.605968474919405509e+01 4.277784876920257773e+01 3.961202690994532105e+01 5.816040296079381733e+01 5.225396613400173607e+01 7.242068068885996013e+01 6.801894655209282803e+01 6.542508924476706511e+01 8.540675214678667260e+01 8.457036178577750718e+01 8.308138906175645388e+01 6.316142622254171357e+01 6.935893920608174312e+01 7.826185522372101389e+01 8.975132362400877639e+01 1.096843402775662213e+02 1.232127184528695096e+02 1.033973148456849174e+02 1.106803573080517538e+02 9.524118708608067152e+01 1.151353123899855575e+02 1.295478802196905406e+02 1.378461572381133351e+02 1.253189913395913209e+02 1.053281300944739343e+02 9.391056987231641529e+01 9.134113981109554459e+01
8.808917129642541965e+01 7.394972878277376083e+01 6.394438578598732192e+01 6.207333546423829773e+01 7.448688773200170488e+01 9.385235430125013067e+01 8.669031449833835268e+01 6.672727232355796900e+01 5.508952766280255275e+01 6.970089136686482334e+01 6.633367500389982752e+01 6.126790535147450356e+01 4.095093949390828669e+01 6.126790535161551787e+01 7.242115086412746905e+01 8.072487202976888909e+01 8.799683188197911932e+01 7.697240246288505716e+01 9.368462005619447552e+01 1.018553162231222160e+02 8.193646386262842896e+01 6.787609075574687267e+01 8.777056064556683168e+01 9.752473522462001654e+01 1.064333413466472535e+02 1.179422311512808790e+02 1.314954020209322039e+02 1.173675320892484706e+02 1.204660811535840139e+02 1.005201700232560995e+02 1.204660811535840139e+02 1.394502455615775602e+02 1.280553389468893783e+02 1.180675499527113317e+02 1.097723642582131163e+02 1.023072220325316124e+02 8.251900141758699192e+01
1.022521308516660383e+02 9.224572063827505986e+01 7.549568106156444003e+01 7.102980043180981795e+01 9.037515087469569153e+01 1.025450307099996792e+02 9.344253797201945133e+01 7.348999189610564997e+01 5.933864606237772676e+01 7.933395733980376008e+01 7.333862644634908179e+01 5.402698398931808299e+01 4.230595835658461112e+01 6.263012568507006250e+01 6.090739383093062997e+01 7.512541099407063427e+01 9.512449460364116760e+01 9.692828807939753233e+01 1.052143446896507299e+02 1.018553162231344800e+02 8.193646386262842896e+01 8.193646386262842896e+01 7.781480062208881066e+01 8.670686791875199617e+01 9.821255487106409987e+01 1.123175330427948211e+02 1.322480981447055228e+02 1.373242428027635356e+02 1.287571756152200351e+02 1.120148807448971553e+02 1.111589120587862283e+02 1.311537943471913366e+02 1.197389822353569286e+02 9.980574709561280144e+01 8.995066445453774406e+01 8.337414946057414511e+01 7.739683490992489112e+01
1.034244855021326543e+02 1.038015385804902593e+02 9.550893114426587260e+01 8.256161854013316770e+01 9.932189753875704241e+01 1.097790143355028079e+02 8.977099869271677335e+01 7.567123320766449979e+01 6.437794741961674561e+01 8.431929397986611718e+01 8.137754723704016158e+01 6.249719036765840485e+01 6.263021892264683288e+01 4.427380197093255987e+01 5.870785897680396204e+01 7.879533213219551158e+01 9.291530380825724933e+01 9.402534008376267138e+01 1.021899638571586593e+02 1.101134101168462252e+02 1.018553162231348352e+02 1.018553162231339826e+02 9.772632129495124786e+01 1.059844265356162936e+02 1.148998722934549193e+02 1.192229043752684703e+02 1.275917261357740671e+02 1.371302793132367981e+02 1.403076505004536330e+02 1.320106356043235962e+02 1.226980039617037050e+02 1.394502455615775602e+02 1.280553389468893783e+02 1.180675499527113175e+02 1.097723642582131163e+02 1.031651308960723128e+02 9.180875118601083784e+01
8.728999656645777350e+01 9.424833097419163153e+01 1.024030820836839268e+02 1.025952388960619146e+02 1.108847796371446606e+02 1.114560021148688804e+02 9.245724798006756373e+01 7.252341312933285167e+01 8.431929397986611718e+01 9.260927617808812329e+01 9.061012473252880284e+01 7.927492721866154568e+01 6.599672283727940680e+01 4.569342476939936404e+01 6.599689145755556297e+01 6.451444006029331035e+01 8.457865916823244845e+01 7.424710028764668834e+01 9.078233757877528376e+01 1.039287530238852497e+02 9.566567164497750753e+01 8.971713235772649853e+01 9.376112147022354293e+01 9.809140414234845196e+01 1.027843123883208136e+02 9.908982314635541400e+01 1.085641950714942965e+02 1.240613886003293658e+02 1.341731157956197933e+02 1.510074286674081350e+02 1.427046157216659310e+02 1.298321078153124404e+02 1.214963749415401963e+02 1.214962384294895372e+02 1.184309950503889439e+02 9.851268334299381024e+01 8.452250771446030342e+01
6.754713984117053371e+01 7.456718919230245035e+01 8.594767763548593109e+01 1.055872343028716500e+02 1.173079246419893025e+02 9.726428754910466523e+01 8.315881354326447195e+01 8.660155145077911243e+01 1.007606701487595728e+02 9.662328054637787034e+01 7.705392475004413200e+01 7.097268891937687840e+01 5.077322686268618668e+01 6.599689145755331765e+01 4.792230643985025296e+01 6.818369898105302696e+01 7.208056544456077575e+01 6.272011915583590991e+01 8.190925396648479762e+01 9.248064084530103912e+01 7.583134588013844279e+01 6.991147392432056051e+01 7.394970176824664065e+01 7.824755601678089079e+01 8.287398892304069875e+01 8.854209413340625190e+01 9.553986393482958306e+01 1.055728323184267907e+02 1.258020442832143004e+02 1.412960196733866951e+02 1.329716875624081922e+02 1.214963828742695284e+02 1.014813335359728086e+02 1.014813332958349008e+02 1.156553256075713705e+02 1.126237240703484161e+02 1.043466215385854809e+02
8.728999656645777350e+01 9.424833097419163153e+01 1.024030820836839268e+02 1.137556318551655608e+02 1.165598601683846312e+02 1.114560021148688804e+02 9.726428754910466523e+01 1.065941499582167040e+02 1.031814950303462126e+02 9.433678106615532499e+01 7.705392475004411779e+01 5.764548041480704654e+01 5.649264756156843248e+01 7.645395009693618249e+01 6.627825273487690083e+01 5.020638603990580151e+01 5.192417116294556934e+01 5.365677256445580667e+01 7.376416736479070835e+01 7.941489624450173324e+01 6.439503894957287855e+01 8.422416595722832255e+01 9.376112147022354293e+01 9.809140414234845196e+01 1.027843123883208136e+02 1.085641950714942965e+02 1.156874383008205172e+02 1.240613886003293658e+02 1.341731157956197933e+02 1.296997013405884047e+02 1.128909568631483893e+02 1.248454158845350008e+02 1.073435753784790023e+02 8.759432374428615731e+01 1.016106728978822105e+02 1.070679761301006181e+02 1.078831739510747667e+02
1.003141301546435500e+02 1.034840402054753099e+02 1.116551658352582450e+02 1.108037701057143209e+02 9.686897675826328680e+01 1.108037701057143209e+02 1.173079246419893025e+02 1.089477548648197143e+02 8.910077133894998269e+01 7.521205365080648164e+01 6.618396849720350872e+01 6.855291769401617330e+01 6.241473945607958740e+01 8.503797053958970764e+01 7.514624507636737860e+01 5.506639070957074722e+01 7.208056578528822911e+01 7.376416736479070835e+01 5.617241124714981027e+01 5.952131101770024912e+01 7.941489624450173324e+01 8.422416595722832255e+01 1.041647738139195383e+02 1.098457823593297888e+02 1.181925424819664272e+02 1.192741076934776601e+02 1.276286874048538351e+02 1.377051554761182786e+02 1.355844988911837845e+02 1.154935777156311758e+02 1.014782141632708345e+02 1.048989586905462943e+02 1.013567034025172120e+02 8.194739311586623387e+01 7.842893016633446734e+01 9.168017589106966625e+01 8.810383081258022742e+01
1.002476374667988068e+02 8.371254210620877245e+01 1.002476374667988068e+02 1.026363029815341150e+02 8.285595676003855203e+01 1.026363029815341150e+02 1.046437146828041023e+02 1.128173289098860721e+02 1.031814950303462126e+02 9.411578041001565964e+01 7.411089542473497715e+01 7.634049847901732733e+01 6.882777879067481308e+01 8.269037946224885616e+01 6.272570527360640824e+01 7.514624765327289424e+01 8.343274456112740722e+01 8.450586605253363359e+01 7.621600873378109497e+01 5.914725887451870534e+01 7.913241012674760100e+01 9.031286289695866287e+01 9.416135441054754551e+01 8.976080907243894558e+01 1.028518333328682814e+02 9.916101139373576245e+01 1.092045312821187224e+02 1.265541597100173021e+02 1.364468904664916238e+02 1.163526057947665180e+02 1.023248102780693216e+02 9.114191006027948561e+01 8.708396368928275422e+01 9.930722060665881656e+01 8.496819102749699937e+01 7.416100756045324260e+01 9.000574632487102633e+01
9.206896045558158903e+01 7.224709689596214446e+01 9.206896045558158903e+01 9.516003484598655859e+01 7.533230453145303329e+01 9.066611078935700618e+01 8.487639768721221856e+01 1.046437146828041023e+02 1.190797586478375649e+02 1.036257546122156157e+02 8.646726076289438367e+01 7.787130615672721490e+01 8.952507956044038906e+01 8.846049348595896333e+01 6.851567917926094253e+01 8.846049348595896333e+01 9.920734366036319329e+01 8.482331741901761291e+01 6.494586025238470484e+01 6.160051007475617268e+01 8.155891904238816892e+01 7.034168544663192790e+01 7.416406754676933133e+01 7.822097980311551169e+01 8.279176494303206368e+01 8.911571206769758646e+01 9.808737141083248900e+01 1.122982579079028085e+02 1.324429531766166122e+02 1.206851662724226060e+02 1.007971351180820960e+02 1.107411506952522871e+02 9.565062665633620043e+01 1.075311960366359898e+02 9.773743239786504944e+01 7.842681259811307370e+01 7.021825245041554808e+01
8.506087338620082505e+01 6.527253535043216459e+01 8.506087338620082505e+01 8.855079140780871683e+01 6.873371864489057259e+01 7.084877946214284350e+01 7.972209459460351866e+01 9.118457192898499386e+01 1.109064204030395331e+02 1.125995359795637825e+02 1.034210369716723363e+02 8.616766915596977583e+01 1.034210369716723363e+02 9.511015871445113135e+01 7.516116302897485468e+01 9.511015871445113135e+01 9.095158683374992847e+01 7.109372433670878877e+01 8.482331741901761291e+01 8.155891304633060201e+01 6.511592586014138817e+01 8.506815973632104999e+01 9.416135441054754551e+01 9.824971762547691867e+01 1.028518333328682814e+02 9.916101139373576245e+01 1.092058737336707566e+02 1.265541597100173021e+02 1.348892627227585308e+02 1.148016368814378723e+02 1.148016368814378723e+02 1.236974151932927555e+02 1.069398300116632470e+02 1.127793558133028284e+02 9.270106578907297035e+01 9.783833672899405087e+01 7.806603921957602665e+01
6.999262786015434301e+01 5.935666447517020572e+01 7.909446497807697085e+01 7.698476466730767243e+01 6.280871000112671254e+01 8.257571915346588298e+01 9.884686329854905296e+01 1.076915963576957864e+02 1.156602222590329205e+02 1.213887136681313592e+02 1.128572171629378289e+02 1.046655667748649421e+02 1.128572171629378147e+02 1.034189032382341793e+02 8.511559374045428683e+01 1.034189032382341793e+02 9.563088784535239029e+01 7.577829499520566969e+01 9.563088784232071760e+01 7.920369084780647029e+01 8.506815973632104999e+01 7.034191747831347641e+01 9.035671835394592222e+01 1.053625873341115948e+02 1.170710318394311003e+02 1.192741076934776601e+02 1.276286874048538351e+02 1.377595714012717565e+02 1.432113582072883844e+02 1.348892627227585308e+02 1.348892627227585308e+02 1.352584388328618274e+02 1.269344082674946748e+02 1.210943213538398169e+02 1.127793558133028284e+02 1.060915335325725977e+02 9.465017339140334229e+01
7.362018407048823576e+01 5.391546532530188784e+01 7.212996911173199521e+01 5.726449189723113875e+01 6.604795039354209507e+01 7.746638380551550540e+01 9.726161579951066471e+01 1.099621161499603375e+02 9.615116849310032876e+01 1.018652380466090932e+02 1.094517140342735928e+02 1.097155168851652718e+02 1.155817920233061926e+02 1.134293156030806955e+02 1.051047236884478480e+02 1.134293156030806955e+02 1.007545631225281255e+02 8.091065410265159130e+01 1.007545631225281255e+02 9.074009591455734380e+01 9.745636058846973526e+01 7.737553991634916883e+01 7.679581164591836284e+01 8.839131711970479444e+01 1.086714263283204502e+02 1.225856057913931494e+02 1.383662669085926780e+02 1.397231208982605608e+02 1.405802380539309979e+02 1.484551537904837630e+02 1.356934856182076885e+02 1.256644272314971431e+02 1.173484396495383493e+02 1.107150264622689519e+02 1.047249715937712153e+02 9.955645888121273401e+01 9.519548900551851034e+01
5.954214366560371019e+01 4.929437666018319675e+01 5.243179792637642578e+01 6.634176893370984374e+01 8.517335214316493364e+01 9.401837797029813260e+01 1.054375647891029928e+02 1.018652380466090790e+02 8.254851498578361202e+01 9.154001525678002338e+01 8.699553379737452019e+01 8.957408027920517668e+01 9.560238238708978997e+01 1.091493689260210544e+02 1.172789648572677663e+02 1.206555724769558111e+02 1.007545631225280260e+02 8.719988681103065176e+01 1.070232660561001552e+02 1.049243335505570514e+02 1.058119698517477758e+02 8.632085784620059599e+01 9.696269981753121669e+01 8.465460243414806030e+01 9.247632592991315903e+01 1.052034474883691075e+02 1.284091926274561501e+02 1.217015431726850920e+02 1.218638347228050236e+02 1.405802380539309979e+02 1.273623205521586357e+02 1.073349647969743472e+02 9.744835994431821291e+01 9.084838900159050468e+01 8.470749717351517916e+01 7.910175559057968542e+01 7.421721389125778501e+01
