MOVIE_S13_data/elevation_000166.asc
nrows	150
cellsize	150.0
xllcorner	0
ncols	150
yllcorner	0
NODATA_value	-9999
[rows 34 to 50 of 150, columns 37 to 73 of 150]
1.056290456013447283e+02 1.146493954945033238e+02 1.200410459343646039e+02 1.118904749344004443e+02 1.091695011507872977e+02 1.156585487230564411e+02 1.075750824014065756e+02 1.156585487230564411e+02 1.018322138333350040e+02 8.151489176466532172e+01 9.097214934418140331e+01 8.473428021816485511e+01 8.585922682731809630e+01 1.060779468754246437e+02 1.024696630921993972e+02 1.106840644843507846e+02 1.148271849899002888e+02 1.040720831222076583e+02 1.184457182479622617e+02 1.269872068421553308e+02 1.134946627746813164e+02 9.912528774075461513e+01 1.134946627746813164e+02 1.043350888174903446e+02 8.922452805031589662e+01 6.864318842335170245e+01 5.685275968337061414e+01 7.196117787824231016e+01 7.779001593919389279e+01 5.800420307785892504e+01 7.779054863292242317e+01 6.202710637475193778e+01 4.180982317823167449e+01 6.196513721830572052e+01 7.077255428853958108e+01 6.225405310535635550e+01 7.398172328227742867e+01
1.015075779891043766e+02 1.098075221487689817e+02 1.085393936157421280e+02 9.186786655484057462e+01 1.085393936157421280e+02 1.064892733779183516e+02 8.847080150457678371e+01 1.064892733779183516e+02 1.043880703768848690e+02 8.414529671567284197e+01 7.049159001009992664e+01 7.284119695229099989e+01 9.329050553035943949e+01 9.075859667453968882e+01 8.218550105854093601e+01 9.400326300142506852e+01 1.140349807352988449e+02 1.244186673066534468e+02 1.212078844238341304e+02 1.071116944570703993e+02 1.212078844238341304e+02 1.195264491305132992e+02 1.111152479896194620e+02 9.590511187739255661e+01 7.531416963157286659e+01 6.344307156857150432e+01 6.705033971767653611e+01 8.582413414040016164e+01 8.694106343452851604e+01 6.978834983974235229e+01 7.908195884220506855e+01 5.852135810926566251e+01 4.425626220677997225e+01 6.454342129252030702e+01 7.784286991456924909e+01 8.240904330693568625e+01 9.054590592309416763e+01
8.123727873850683068e+01 1.015075779891043766e+02 1.003304165496199545e+02 8.002775372557591993e+01 1.003304165496199545e+02 9.849996420439309475e+01 7.825738040614338331e+01 9.849996420439309475e+01 9.853658133170027611e+01 7.818423144774369860e+01 6.363513189240506307e+01 7.822452229043295802e+01 8.111350243117561831e+01 7.029826204848707505e+01 9.075859667453968882e+01 1.072679737086417902e+02 1.221921204071404645e+02 1.200085429079307318e+02 1.129330972551045988e+02 9.316304970343675507e+01 1.015188549792574122e+02 1.097586285928902754e+02 1.027120134721147053e+02 8.214853580793020171e+01 7.182186302472209150e+01 7.531416963157286659e+01 8.763343243513348568e+01 8.763343243513349989e+01 9.877512209897616913e+01 9.033180115511156316e+01 8.361970655822641163e+01 6.870369311594726014e+01 4.832260688187967901e+01 4.889126212335555266e+01 6.928237045863222932e+01 8.162454428342772417e+01 9.020924834297255757e+01
8.123727873752324058e+01 1.015075760303367218e+02 9.315234087347162983e+01 7.272669404463293574e+01 9.315233868839840170e+01 9.176789323295966483e+01 7.137412330187727605e+01 9.176789323295966483e+01 9.288707675692012344e+01 8.455903877039088457e+01 7.822452189192217986e+01 5.770769413967770589e+01 6.060116643695914007e+01 6.837239746800379692e+01 7.867680916547267600e+01 9.903382907151112136e+01 1.142448191436028821e+02 1.001865040871748675e+02 1.142448191436028821e+02 1.015188549792574122e+02 8.184607803033310347e+01 1.015188549792574122e+02 1.111152479896194620e+02 1.002105806460503601e+02 7.962582583011834458e+01 9.590511187739255661e+01 1.043350888174903446e+02 1.081286877531447317e+02 1.002177807046432605e+02 9.093184154019108689e+01 7.503473346500636865e+01 5.451981854577991982e+01 6.870369317022189648e+01 6.928237045863222932e+01 5.383056602211527064e+01 6.098867668425090471e+01 7.124210926545538314e+01
9.122660753820335344e+01 9.872265732735931465e+01 7.840763729953538075e+01 6.650789612572573617e+01 7.951337890185945412e+01 8.589088828944362319e+01 6.542248955641419172e+01 8.589088828945401133e+01 8.455903909042083910e+01 6.409461188015006883e+01 7.008850219663499104e+01 5.376131896818465350e+01 7.427605762390886923e+01 8.885531911849174946e+01 9.715947054339407885e+01 1.072679737086417902e+02 1.059922448571268916e+02 8.627994694957969557e+01 9.461134435924989816e+01 9.558728954980878711e+01 7.595678760713251165e+01 8.980567342940271658e+01 1.095453456001281864e+02 1.086240774154206008e+02 9.155448244599702434e+01 1.086240774154206008e+02 1.150779175312601836e+02 1.063651141434226020e+02 8.552096764064565093e+01 7.085306283827405593e+01 6.168471220308417458e+01 7.503473346500580021e+01 8.362005921613328496e+01 7.853047697346495681e+01 5.794593486705624485e+01 7.853047690000239811e+01 9.020924635456225360e+01
9.956037211114266938e+01 1.069466626778213794e+02 8.725520263495118911e+01 6.677229026545472834e+01 5.899756021498335912e+01 7.359098035417798656e+01 6.011461447631362631e+01 8.061330777484319299e+01 8.753766999546873251e+01 7.008850374207153777e+01 4.958604458590444608e+01 7.008850374208286382e+01 8.266240019786046389e+01 7.679930875953884595e+01 8.362966516165735698e+01 9.196773528837739775e+01 1.036623860977964711e+02 9.461134435924989816e+01 7.496629750339965881e+01 8.535058046332139270e+01 7.088704622003677969e+01 8.474877532195549179e+01 1.044485841616739634e+02 1.204003559675185784e+02 1.120350306849759932e+02 1.093403424046385481e+02 9.538516848105054180e+01 1.093403424046385481e+02 1.002177807151382041e+02 9.093184156709702393e+01 7.194571197123437400e+01 7.624417010504242853e+01 9.704332844074576769e+01 8.585116123186871562e+01 6.514513930369717798e+01 6.594070809088810847e+01 8.055952867263337680e+01
1.041499873154313747e+02 1.015769552296845859e+02 8.132294030927711503e+01 8.725520393321089330e+01 7.359098035419999917e+01 5.309007485721873110e+01 6.760618908884002565e+01 8.803720209919028150e+01 7.918038364223417602e+01 5.868738857977648848e+01 4.686445677790523945e+01 6.360906208054788635e+01 6.805734619193752621e+01 5.629758919338444656e+01 6.313859595530195179e+01 7.501645889469349981e+01 9.539552373036528365e+01 9.919521146807819889e+01 8.534835426851168450e+01 6.566442373931749898e+01 6.621004086114341192e+01 8.589148686112297071e+01 1.034436861729069790e+02 1.116871214803764616e+02 1.104036655312598185e+02 1.005496248250816649e+02 8.154165255850340088e+01 9.238256153843435925e+01 1.120559812732767000e+02 1.013157007362023592e+02 8.662156602897469782e+01 9.094256412144480350e+01 1.005666867545406689e+02 7.975579098293053448e+01 7.975579098293053448e+01 8.055952867263262362e+01 7.625077652171485454e+01
9.597631633943154839e+01 1.097878992396359052e+02 1.015769552296845859e+02 8.503058343657451701e+01 6.457977612585743543e+01 5.008740552762260023e+01 7.056967890642449959e+01 8.657141861086175538e+01 8.089102410556074574e+01 7.239221020544366070e+01 6.360777932212906904e+01 4.315761870500829644e+01 4.757713181382262491e+01 5.939870781825064228e+01 7.988526617810003927e+01 7.990546611856854042e+01 1.002004506039637022e+02 9.101933759481916297e+01 7.135339610551469036e+01 5.985595809436517101e+01 7.966766716056832820e+01 8.950900735038064227e+01 8.373707439477702508e+01 1.034436861729069790e+02 1.022145330330843365e+02 8.258859853418557861e+01 7.280004037271389450e+01 9.238256153843440188e+01 1.038294613302482077e+02 1.119770172800768080e+02 1.074650908531939990e+02 1.117718764012439721e+02 1.091191348766678573e+02 1.005666867545406689e+02 1.005666867545406689e+02 1.013726470479361410e+02 8.825351694481261688e+01
9.360501976059563845e+01 1.064805959527000141e+02 9.809505274473575298e+01 8.214183887405783935e+01 6.168165174466882661e+01 4.720273159817471509e+01 5.774144258999863411e+01 7.215294063204149211e+01 7.241203336554815451e+01 5.188943340045300090e+01 5.787139667203639704e+01 4.060303044202684219e+01 6.103515942520532178e+01 7.646648967184843571e+01 8.824151735905768135e+01 1.002004506039637022e+02 9.143922449594779778e+01 8.324010822485296046e+01 7.641054585446984504e+01 5.649690133702122097e+01 6.276335779335581577e+01 6.982234134338004594e+01 8.950900735038064227e+01 9.644769470328037642e+01 1.045444002556189531e+02 8.619002461722199371e+01 6.655482167416015216e+01 8.619002461721261454e+01 8.422164844485014612e+01 9.511187630215886202e+01 9.511237868115658500e+01 1.147910718484562835e+02 1.220420425549434356e+02 1.135180687099069843e+02 1.172102794295989412e+02 1.176242768480646674e+02 1.090918093216156564e+02
8.528662893385049415e+01 9.809505274473575298e+01 7.807450597150648264e+01 8.393838835832295331e+01 7.607849463039120508e+01 6.373613234257890525e+01 4.321261576835675555e+01 5.999042752562549907e+01 6.842011068705051002e+01 5.788048374919372918e+01 3.745320267186107088e+01 5.787744635526827608e+01 6.103360073367435490e+01 8.146686302465445806e+01 9.129679907947665640e+01 9.945683961745382362e+01 8.324010822485296046e+01 6.340939940054300905e+01 6.921767953944745955e+01 5.320114945625483927e+01 7.322181072262074508e+01 8.950900735038064227e+01 9.325907673367825623e+01 7.690111604463547224e+01 9.325907673367825623e+01 8.128122388145663990e+01 6.153985782192071952e+01 8.128095342528753520e+01 7.292714222462143425e+01 7.551853017917844113e+01 9.511237868115658500e+01 1.121924729694577820e+02 1.101913270832110072e+02 9.301383656229315022e+01 9.802390481805140610e+01 1.103651283139826660e+02 1.185131386654350791e+02
9.360501976059563845e+01 9.182454263408203587e+01 8.393838835832295331e+01 6.421271386846620999e+01 7.339457183488423198e+01 7.215294064699978094e+01 5.999042752562549907e+01 3.916273072910148301e+01 5.633821994035395164e+01 5.575079249357083455e+01 3.530926755008239581e+01 4.975878975031137230e+01 7.021676678214008405e+01 8.818549762593494279e+01 7.184780302182663547e+01 8.818549762593470120e+01 7.376313936327741771e+01 6.553831877688388374e+01 4.906499066982014057e+01 6.082589117501852627e+01 8.068072848109376594e+01 9.583918806793876399e+01 8.516247225297547629e+01 6.549616957659063132e+01 7.901092945856258609e+01 7.060368516715101350e+01 5.688394895336971757e+01 7.464980696595571885e+01 6.303228964310299176e+01 8.271936926314589300e+01 9.416951523733109752e+01 9.287443314399088479e+01 9.738993532540987985e+01 8.338755246026600787e+01 8.545590520138476620e+01 9.148651672722303374e+01 1.103661862666488815e+02
7.802850312197362825e+01 7.231399644902320745e+01 8.629013562718211006e+01 7.339457183488423198e+01 5.374336376539636007e+01 7.339457183488423198e+01 6.842011120048454131e+01 5.633821994036025416e+01 3.484223799113226505e+01 5.267961490532691471e+01 3.331971630367568338e+01 4.767318086738021066e+01 6.812878329844050995e+01 8.006791597012292527e+01 6.055500676065285148e+01 8.006791597012292527e+01 6.553831877688388374e+01 4.530547932539919032e+01 6.553831877688388374e+01 7.742300116305449365e+01 8.887135468061904930e+01 8.187248681386003568e+01 6.790578247285552038e+01 5.789686208076643226e+01 6.783102097072372771e+01 5.043266577423420216e+01 5.256264225252118649e+01 5.472140980418271994e+01 5.691896865980135090e+01 7.264596246792990542e+01 7.718124546109739015e+01 8.707336296110791807e+01 7.420329497566754640e+01 7.844693332894047444e+01 8.816795746971484959e+01 1.066405612799647713e+02 1.046550683994480124e+02
5.910334760163299705e+01 5.910334760163299705e+01 7.652747002424447942e+01 6.746950966727554544e+01 4.772628551882081638e+01 6.745423134343224092e+01 7.513840126550937271e+01 6.479416317079055432e+01 5.267961490535196845e+01 3.096441828369936999e+01 3.358858960068045718e+01 5.159823913212691338e+01 6.987159028971609587e+01 6.437676145532074656e+01 5.350888183738813808e+01 7.316906075876678983e+01 6.302874390565581564e+01 4.281654286087236017e+01 6.302873466857928264e+01 6.762140346213777775e+01 7.534068539915486440e+01 7.108029349488899129e+01 5.373649877566383282e+01 6.536584492025751558e+01 4.774819870407834088e+01 5.419223019637288985e+01 7.248651486730176430e+01 7.465327957213077070e+01 7.678398161598259719e+01 6.030071969138607813e+01 7.584670678779112052e+01 6.903514743594570291e+01 7.908352973135008313e+01 9.221678993421636505e+01 1.038799927248345512e+02 1.147199986167868104e+02 1.241538695465612108e+02
4.577615761948914752e+01 5.750509358653975056e+01 5.750509358653975056e+01 6.219339385587166902e+01 4.229716869808544288e+01 6.219339385587075242e+01 6.597061150520204365e+01 4.536757030992152551e+01 4.803846352737427594e+01 3.183006487316920641e+01 2.940306800456439262e+01 3.047282463174840927e+01 5.045168458788162980e+01 4.451561394417051076e+01 6.436752760448987942e+01 6.552831482553283138e+01 6.057765444663554177e+01 4.043069424807804069e+01 5.723253001293259246e+01 4.907954989721361017e+01 6.510395711907638372e+01 5.922485888760858330e+01 4.360308719594748794e+01 4.528374495563426194e+01 6.538822010307744392e+01 7.387280094687244514e+01 6.421922313368715152e+01 8.335813492049489071e+01 8.820559346767934983e+01 8.006282681199297713e+01 6.380178255480853267e+01 6.741289721340464780e+01 7.109568151294213578e+01 9.003132714947768989e+01 9.539488868728042803e+01 1.151489719393688773e+02 1.266035332881472470e+02
5.750509358653975056e+01 3.838693232465899996e+01 5.130266963415088810e+01 5.086173845825089757e+01 3.731276806702368276e+01 5.736759065661703261e+01 5.500149530388234353e+01 4.401485501888016216e+01 2.789114610596192279e+01 2.851596948404642262e+01 4.756244194583153018e+01 3.035414072610243963e+01 5.051803476235154733e+01 3.892646424318301257e+01 5.343492506534320796e+01 4.747611242616214611e+01 6.072261163855998234e+01 4.114425368116162929e+01 3.709481345907301630e+01 3.786507618674834674e+01 5.776675109011782894e+01 4.127452993519287361e+01 6.139373042669865299e+01 5.956950787629481425e+01 5.957070338558528988e+01 7.944928401619198155e+01 7.864304507047370407e+01 7.759046522713200034e+01 9.535121813620901321e+01 9.281771240072600904e+01 7.139701778937838128e+01 8.999045013591256748e+01 9.003132714947768989e+01 7.643154217862247890e+01 9.539500688547366281e+01 9.838195738855334582e+01 1.183253984040998716e+02
6.179814220971330485e+01 5.109145674297811013e+01 3.223678284421340834e+01 3.075922533852097018e+01 4.530218119808169774e+01 4.566321085068320684e+01 4.623490010856207988e+01 2.700818112573231033e+01 4.714984016862395322e+01 3.801256005273165073e+01 5.472899467435371434e+01 4.916895054963116962e+01 3.132709246114731272e+01 4.927666822001829416e+01 3.333003263644121716e+01 3.403593267703345049e+01 5.414589868546894280e+01 3.606170163223693947e+01 5.618276004060302142e+01 5.800225797296586450e+01 3.896414069440738359e+01 5.882675499816254217e+01 6.844639497748175927e+01 7.942453323486031991e+01 7.945959540411264754e+01 8.767333656755268123e+01 9.924990323240407974e+01 9.535121813620901321e+01 9.999114607448902348e+01 1.019621983666673231e+02 8.367003934758004391e+01 1.020960465925188743e+02 1.036050187443976824e+02 8.711180940427757946e+01 8.266311105851259811e+01 9.028480681988392575e+01 9.906543930952888388e+01
4.745445710513113369e+01 3.626713389450477365e+01 3.205010752968272669e+01 2.718713486601673424e+01 2.488416828711052986e+01 2.550447950913501671e+01 2.612450277696922996e+01 4.232918700786193256e+01 5.478226418423808752e+01 5.778228782450025847e+01 6.252589957039189983e+01 4.893013832405677022e+01 4.203878742195178120e+01 3.232699341628664058e+01 5.254526042207735514e+01 3.935048133656692215e+01 3.503576308726692901e+01 5.515163249592915662e+01 6.440529433583128593e+01 6.733401662941406585e+01 5.909961978003788374e+01 4.022040354691434061e+01 6.034750983839460758e+01 6.984206360133011060e+01 7.911459196863471277e+01 8.725816096351756812e+01 8.575669874076125154e+01 9.390926571519550237e+01 1.080446896378849289e+02 1.006627560605108300e+02 1.059539927643804873e+02 1.148081111908918643e+02 1.149836500332617533e+02 1.067100650693508044e+02 9.362288587268520246e+01 9.620258204716292028e+01 1.161391892071637244e+02
