MOVIE_S13_data/elevation_000271.asc
nrows	150
cellsize	150.0
xllcorner	0
ncols	150
yllcorner	0
NODATA_value	-9999
[rows 102 to 118 of 150, columns 111 to 147 of 150]
4.650241007094444967e+01 6.058509278138673437e+01 5.398161460662794298e+01 3.416808120265594795e+01 5.121998780389187544e+01 5.434788782120986639e+01 3.717875093432811440e+01 3.783139906028150534e+01 4.164791219908580189e+01 6.175459234147354692e+01 6.190334582313709433e+01 8.219420145338779093e+01 8.153796612582557657e+01 6.487083849661350143e+01 4.478055301300437918e+01 5.751418444092156079e+01 4.104141554619224053e+01 5.519428693241204087e+01 7.274217700272828324e+01 8.102861827193446231e+01 8.678623925527691085e+01 7.854494333031379938e+01 7.637286262471087639e+01 6.921220571333552130e+01 4.924387555662931248e+01 3.512421969333543359e+01 3.925977114766725862e+01 4.268782604761217669e+01 4.031835537399098257e+01 2.253974032437011488e+01 4.252618670018092928e+01 3.429570788487896493e+01 1.428492716902798954e+01 2.874697434305592836e+01 2.707065788222244507e+01 2.328838184074875883e+01 5.011857440726073420e+00
6.058551155033583768e+01 4.080183731585363205e+01 3.700091702179709330e+01 5.398181360569498821e+01 6.222125679946334742e+01 6.151103500159145909e+01 4.200876852812579187e+01 5.788505994390109777e+01 6.175459234147354692e+01 4.764216006962635674e+01 5.926786868809050191e+01 7.956489132340976766e+01 7.315790611651048891e+01 5.293057999897825994e+01 6.487083849661350143e+01 6.656457604989802235e+01 4.634491220777250220e+01 6.656457604989796550e+01 8.378401165016857988e+01 8.225721277531535236e+01 7.413539746070095759e+01 5.870450325062621033e+01 5.653488177544693372e+01 7.057324141368295045e+01 5.718203338120707002e+01 4.510834187273631102e+01 2.513106173854927405e+01 2.270583425858505677e+01 2.033231162362094580e+01 1.806764876038753798e+01 3.521759198744670982e+01 3.061436808820143085e+01 1.057863384700400644e+01 8.623051567193996902e+00 6.788988326255258166e+00 4.957221442702840264e+00 3.229708243768727005e+00
6.029009792434154491e+01 4.046571313595530484e+01 5.681303912517761034e+01 5.099408372164210590e+01 7.086124017739894043e+01 6.777668833161695261e+01 4.717402486755847946e+01 6.777668833161695261e+01 7.326649297232737013e+01 5.298636147109345984e+01 7.326649297232737013e+01 8.793140423693124319e+01 7.997117291399278827e+01 5.962901035121725357e+01 7.997117291399260353e+01 7.277947095882375095e+01 5.236466262925241466e+01 7.277947095882375095e+01 8.794048830654431015e+01 6.841714160255992283e+01 5.451547443193486231e+01 4.822547912361174838e+01 4.246869436140717369e+01 5.593612982774972409e+01 4.891200293882372563e+01 2.894423126687680181e+01 4.510834187273631102e+01 4.268782604761217669e+01 2.927382966894321115e+01 3.521759207959098603e+01 1.522378626665390833e+01 1.328444364620108509e+01 3.061436870248653719e+01 2.874697375312666026e+01 1.706411958600264001e+01 1.954260303888872130e+01 3.245204799825824438e+01
4.594133984935130144e+01 4.370830174078621866e+01 6.355245694366460896e+01 7.086124017630956473e+01 7.912119364698750701e+01 7.377451100640622883e+01 5.299744379135890426e+01 7.377451100640622883e+01 6.954411812747142108e+01 7.326649297232737013e+01 6.380990219199385649e+01 8.412579383384735365e+01 8.838351518438500420e+01 6.997262133524891681e+01 8.450845210943067798e+01 8.070786437155699389e+01 5.958786483413526724e+01 8.070786437156748150e+01 8.716036209109800836e+01 6.827956894315968839e+01 7.413539746070095759e+01 6.800007673754319626e+01 5.593612982774971698e+01 3.599036972175974114e+01 3.294251765950929212e+01 4.891200291430943992e+01 5.718203330862178291e+01 4.925356436733902399e+01 4.340200378039970275e+01 4.348101108473720444e+01 2.522335123171754034e+01 2.483650176697081591e+01 4.156722858771447449e+01 4.571562706800536802e+01 3.144795339838637460e+01 3.959203745131311081e+01 3.831052023622012825e+01
6.580660713833167108e+01 4.812594651056921435e+01 5.093373453312256061e+01 6.497935316516733906e+01 8.488773304672903919e+01 8.075262219921924611e+01 5.981828862078022979e+01 8.075262219921924611e+01 8.391115112071186388e+01 9.248312254507762020e+01 7.556384895113463074e+01 9.248312254507762020e+01 1.002271248582382128e+02 9.149644308374622881e+01 9.971405456822246549e+01 8.974664279212066731e+01 7.202762009592557035e+01 8.974664279173944692e+01 9.226923378457846070e+01 8.716036209109802257e+01 7.640262766277020035e+01 5.641838485263125591e+01 4.230558336230701144e+01 5.593612982774972409e+01 4.705685637498121565e+01 4.705685637498337570e+01 6.700164843906762258e+01 6.923483165673506790e+01 6.338048129576225875e+01 5.346681544703217526e+01 3.935715372351027952e+01 4.482825934817953595e+01 5.311380999174190976e+01 5.559865179817812475e+01 5.254392752897877727e+01 4.416835558709723131e+01 2.416835369747552420e+01
5.473726674971062067e+01 6.799540233313030058e+01 7.081038263110136199e+01 5.939916459749075983e+01 7.929324851582468625e+01 8.931193056666899110e+01 7.027210892388454511e+01 8.931193056666899110e+01 1.041165029775098958e+02 1.041556946886073405e+02 9.582162804943497747e+01 9.814483939576544458e+01 8.950506696919943295e+01 9.814483939576544458e+01 1.054924484191461573e+02 9.741437862424774607e+01 9.499533731875480669e+01 1.040112531388933519e+02 9.986232908593369473e+01 8.408421297225750379e+01 6.399725285386841023e+01 4.984885635698154260e+01 6.227163405484242986e+01 6.227163405484242986e+01 6.700164842227198392e+01 6.700164844521987106e+01 7.527216270074062265e+01 7.697988447226104824e+01 5.701596028927333748e+01 5.701596028927333037e+01 5.934072797338793492e+01 5.478718210532038313e+01 4.639316273282604897e+01 3.647385731873158932e+01 4.695360687302496672e+01 4.444358027894206487e+01 3.616259638258627263e+01
7.462447012474275709e+01 7.096860179255541823e+01 8.592853773643349768e+01 6.602267007445263403e+01 8.592853773685588692e+01 9.972515479917836956e+01 9.123313547455401817e+01 9.972515479917836956e+01 1.000946126698640768e+02 1.084068128959559942e+02 9.507098516202327687e+01 8.671571026653512604e+01 6.970617310940693301e+01 8.826513857240810523e+01 9.023734435031930445e+01 7.736345464909244640e+01 9.424384040833867004e+01 1.058789286546799673e+02 9.140865168302775601e+01 7.067017341036834921e+01 6.055267207592287093e+01 6.139259312603086727e+01 7.819988292188023138e+01 8.226247694732911953e+01 7.907248873094816588e+01 7.077964106444359516e+01 6.373323525006666301e+01 5.772658667074532701e+01 5.219905218927727475e+01 3.708205460824752464e+01 4.430627931328743330e+01 4.641207415692586125e+01 2.615745785962538505e+01 2.308968476886111176e+01 2.553120926507591548e+01 2.699031725126953418e+01 1.616733404219955261e+01
8.946922944733124439e+01 8.504346180310493253e+01 9.420636837904982031e+01 7.595990865545371662e+01 9.420636879729060809e+01 1.101425812822781580e+02 9.840635894143314033e+01 9.003343347839273747e+01 7.956268559016051256e+01 9.663124723344292022e+01 8.671571026653512604e+01 6.616726312035211777e+01 5.935196411159001428e+01 7.992124632927310302e+01 6.973749541520193418e+01 6.545775631285917484e+01 7.737889933870815184e+01 9.764863380546405836e+01 9.998756562640386392e+01 8.925217665500733233e+01 8.083510165834454142e+01 8.147540287209500320e+01 8.979519767283368026e+01 8.231733084313772508e+01 6.233346594447141342e+01 5.084939572709060940e+01 4.381143566493656039e+01 3.779677767091694562e+01 3.225759624747639265e+01 2.709942714738070535e+01 2.362195106980250259e+01 3.882473192520424732e+01 3.196055527168965682e+01 1.197760806670915024e+01 9.437652556865952391e+00 6.994263672174251489e+00 4.620700355991690600e+00
9.775139417332489700e+01 1.050089529344213588e+02 1.041856890370898441e+02 9.589716681935676945e+01 1.041856895872407875e+02 1.018635727074047566e+02 8.137112143099220418e+01 6.937121183999740026e+01 6.755473515807760521e+01 8.743644677628857664e+01 8.671571026653511183e+01 6.616726312035211777e+01 5.151154870694469423e+01 6.821614104233991327e+01 5.508717006925380844e+01 6.706063348261665169e+01 8.164816512708686957e+01 1.019703813669115249e+02 9.104482252780054807e+01 8.294754533233195559e+01 8.294754533233195559e+01 8.141750989220653878e+01 8.951018906187326252e+01 9.062070621218134647e+01 7.907248873094816588e+01 7.077964106444359516e+01 6.373323525006666301e+01 4.676294611834232029e+01 3.525264976975227427e+01 4.668670315592417097e+01 3.771290945990708821e+01 1.884600330579555205e+01 1.589889909382221944e+01 3.196055527168997656e+01 2.357760514606008329e+01 2.113497921280136183e+01 2.461832628784675236e+01
1.077367052989291523e+02 1.098873378600979009e+02 1.015481145630946429e+02 9.928051923030341186e+01 9.096560419244536888e+01 9.935737566585321190e+01 9.840635894143314033e+01 7.898954420059028791e+01 5.825065496630435291e+01 7.165740511476013808e+01 8.014134191687477937e+01 6.667503158422599085e+01 4.600153015001711765e+01 4.753797768935794466e+01 6.821614104233998432e+01 8.415321823537875900e+01 8.622066840955130829e+01 9.456466577040352206e+01 8.294754533233195559e+01 6.343224431378429529e+01 6.343224431378429529e+01 6.189797133284046993e+01 7.823754837807973672e+01 7.767902165859497643e+01 8.577501063088907074e+01 8.669351181920239924e+01 6.669988859088715571e+01 6.223502689646507235e+01 4.230667209523748795e+01 4.950400192148902079e+01 2.952487130731681475e+01 3.882470959598199300e+01 2.588956253024125331e+01 4.415751086334864084e+01 4.356502834589002049e+01 4.112635375601858811e+01 3.164650686629641285e+01
1.018716157784531902e+02 9.501397329925971746e+01 8.099180543425825363e+01 8.503863281165632770e+01 7.029082960684915804e+01 8.905837109911684024e+01 8.674259660204309341e+01 8.743644677628857664e+01 7.165740511476013808e+01 5.091529187682655078e+01 7.165740511476012387e+01 6.151891628800824208e+01 4.090002102884898960e+01 6.151742279487464771e+01 7.663730419667112415e+01 7.163263217850615661e+01 6.559006972323427931e+01 8.622066840955130829e+01 8.128319606284928511e+01 6.167552036105940516e+01 4.937744079406012077e+01 5.040114681566456056e+01 6.380585191051524419e+01 5.805939684775648857e+01 7.767902165859497643e+01 8.900373992978570925e+01 6.899525302487995759e+01 5.490071997282243643e+01 6.223502689646507235e+01 4.583655467477366585e+01 4.365075674573731135e+01 5.414851145774238006e+01 4.586847909001757273e+01 5.414929404314514017e+01 5.731726083289804308e+01 4.903338696691672993e+01 3.993077811375194131e+01
8.129868834087258733e+01 7.434623099862963613e+01 6.897187592756704078e+01 6.432124700778925330e+01 5.988538695198106154e+01 7.508415362493273904e+01 6.606161002745959365e+01 8.060638181048128104e+01 6.713118460951605471e+01 4.642104222163538196e+01 6.102419606690015996e+01 5.697962062632204550e+01 3.762715407620463992e+01 5.817260819789692050e+01 6.128730924347733122e+01 5.094228240102117411e+01 6.559006972296934634e+01 8.622066802690312670e+01 8.108097595090524123e+01 6.167552036105940516e+01 4.174816194740939324e+01 4.138191450809995331e+01 4.392383375640414300e+01 6.380585191051524419e+01 6.919580318027250598e+01 7.730576180297997269e+01 8.315098653080762858e+01 7.485560315804468701e+01 7.410476136408584580e+01 6.582227082794736361e+01 6.363498580868363064e+01 6.639798598670290630e+01 5.969184710469309607e+01 5.140739460444449804e+01 4.903338696691240983e+01 2.903340007115557952e+01 3.489126060928315098e+01
9.127978714099538138e+01 9.501397329925971746e+01 8.967758518365656073e+01 7.997436449578609086e+01 5.922879129728228520e+01 5.432412811987774859e+01 5.135895851610830931e+01 6.808612772792170631e+01 6.545197831330790450e+01 6.102419606686940057e+01 4.040052497985578128e+01 3.644788114795843370e+01 3.445525213895952987e+01 5.250386796265681255e+01 4.069158116866626074e+01 6.128743982466947671e+01 6.577746330897304006e+01 8.522342140744942185e+01 7.298127453211523630e+01 5.330578080870295565e+01 5.317846618330693076e+01 3.317142800098292099e+01 5.317846618332904995e+01 5.521270677923878623e+01 4.942071860596030319e+01 6.919580318027250598e+01 6.581506730536945327e+01 5.734269017086937481e+01 6.581506730536945327e+01 7.378871268462918920e+01 6.224163136061124391e+01 4.639796240908828651e+01 4.639796240908827940e+01 3.140738760039005228e+01 3.507745735287279842e+01 3.090716802486777226e+01 1.489126446698519501e+01
1.116291963080995373e+02 1.049359199628877093e+02 8.780125984300654807e+01 6.709324112219276515e+01 7.393557258740108296e+01 7.508475838964859861e+01 6.808612766855088694e+01 4.734494501780310571e+01 4.474289863377152443e+01 4.223776860081093787e+01 3.980256646407128329e+01 5.697962062632204550e+01 5.250758186105235126e+01 3.208131686201450350e+01 5.019674923464825866e+01 4.605748195241852017e+01 6.041043132496888290e+01 7.811094639375424720e+01 7.044534223423055153e+01 5.248267899619240495e+01 3.718874208245384949e+01 2.934490676942761667e+01 4.453536019487095388e+01 3.523722041996602172e+01 5.521270677923878623e+01 6.789238233136376266e+01 5.570251505360266719e+01 3.721245021605903958e+01 5.570251505360266719e+01 6.550426238995173378e+01 4.550425542112631661e+01 3.395725003683931220e+01 2.639796057665450135e+01 2.062445788475814368e+01 1.507745592250575584e+01 1.090716764136422334e+01 7.058165846766684126e+00
1.083760461393890893e+02 9.659529054824564298e+01 7.597146044213316429e+01 8.780125984300654807e+01 9.455329437272243354e+01 8.272506952129126034e+01 6.202247949859722809e+01 6.202247949859544462e+01 5.938631562919313467e+01 5.683722314802886189e+01 6.041505628609585443e+01 6.893480428343771393e+01 6.102826336481721370e+01 5.020266214422876772e+01 2.981846073890939053e+01 4.040912928754143962e+01 5.946073896812008996e+01 5.933300484175681788e+01 4.780293099377267652e+01 5.933061507424806535e+01 5.691630117883563855e+01 4.453536019487079045e+01 2.453903537440864113e+01 4.030893762859291485e+01 4.852196641479095263e+01 4.481896904894599487e+01 4.406628456920217474e+01 2.731293165915942822e+01 3.985892911930434934e+01 6.017190582574542645e+01 6.224163136061125101e+01 5.395725298270605919e+01 4.639796240908827940e+01 3.140738760039005228e+01 2.921959155074192438e+01 2.504930326827186349e+01 2.705816672264875677e+01
1.083760461393890751e+02 8.797117890397768747e+01 9.659529054824564298e+01 1.049359199628877093e+02 1.013557613848576295e+02 9.115492486760791735e+01 8.272506953390775664e+01 8.272506952062090591e+01 8.009578343015091662e+01 7.754658273970019877e+01 7.755343475097416217e+01 5.686227668323639506e+01 4.496224779244203518e+01 3.586607647520331454e+01 2.823989398173200982e+01 4.862341421718957690e+01 4.273545403756186545e+01 4.221301285369116130e+01 2.984531315170571020e+01 3.972825101358193933e+01 3.857819503868515909e+01 4.683592565032580524e+01 4.030893762826264748e+01 2.030587752907501553e+01 3.902523009203201099e+01 3.999946413682557278e+01 2.179320926667325153e+01 1.987153125092303085e+01 3.985891940029552671e+01 4.902446664103582208e+01 5.034134221809967613e+01 5.860487404849376247e+01 5.969184709365702446e+01 5.140739460444126507e+01 4.921959641893864301e+01 4.504930712270770243e+01 3.417868348163752046e+01
1.166398600172240805e+02 1.083760461393890751e+02 1.070416517152275020e+02 9.524746940341596257e+01 8.083620488198208420e+01 9.038759706445318898e+01 8.833642375972866034e+01 7.989538769976471144e+01 7.896354456079777151e+01 8.496829320989027678e+01 8.598657696367000369e+01 7.409667921814451574e+01 6.488560136735229378e+01 4.708628324790238651e+01 2.666267935341109308e+01 4.331535224173361343e+01 2.439957296079377613e+01 2.180398455382685086e+01 2.064539927033179723e+01 1.948614085344994962e+01 1.823733194090678111e+01 1.687327688030396899e+01 3.576541669974767501e+01 1.745794610828181348e+01 3.306763429181239644e+01 3.154987184321960214e+01 1.142136732697873214e+01 2.302223704880317001e+01 2.932721558122511851e+01 2.777385903105412623e+01 2.898037785270139466e+01 5.034134213746719411e+01 6.124139042827556523e+01 5.321262203246629952e+01 5.202798786463736036e+01 4.992150303015021251e+01 3.000037840829075009e+01
