MOVIE_S13_data/elevation_000646.asc
nrows	150
cellsize	150.0
xllcorner	0
ncols	150
yllcorner	0
NODATA_value	-9999
[rows 51 to 67 of 150, columns 74 to 110 of 150]
1.055356902231530540e+02 9.991310662995876157e+01 9.189490558152893129e+01 8.177410022982968485e+01 6.225407328267635165e+01 6.136518247007351334e+01 8.074500884339899187e+01 9.648078862204766892e+01 1.107286598789684575e+02 1.187546151238348386e+02 1.224578375885219685e+02 1.056330448884200024e+02 8.576131545151196178e+01 7.414098331789172391e+01 9.321354067386857878e+01 8.739289011595712964e+01 1.072658341926151024e+02 1.109772656027748070e+02 9.174363606642820912e+01 1.060815142657926202e+02 8.613925671233572245e+01 1.060815142658071153e+02 1.098351148458828561e+02 8.991843150210587510e+01 1.098351148458828561e+02 1.097926347927087107e+02 9.161563141522681519e+01 1.097926347927087107e+02 1.173301693532822298e+02 1.084541038510723752e+02 8.822364644598908967e+01 1.078054425243061019e+02 1.149147120680658531e+02 1.201715482116994878e+02 1.302915090700814176e+02 1.196340605419331808e+02 1.003775185960889758e+02
1.105301279228789184e+02 9.191520282267346431e+01 7.225239535361619403e+01 6.606949241663390637e+01 8.177410022982968485e+01 6.421632280388733705e+01 8.365036949148769452e+01 9.481098480803082396e+01 9.123356897419715494e+01 1.046071837470031909e+02 1.239437950131472803e+02 1.138140759733724678e+02 9.831796680716595915e+01 7.837752155204768201e+01 9.831796680716595915e+01 1.072658341926151024e+02 1.154468791214323460e+02 1.198723441044474214e+02 1.032694957043790396e+02 1.127237866581489527e+02 9.279696948112328414e+01 1.127237866581489527e+02 1.180458277236610627e+02 1.014364954361587223e+02 1.180458277236610627e+02 1.197339680465595251e+02 1.115208790538375752e+02 1.197339680465595251e+02 1.251026986407517114e+02 1.047489073097727896e+02 1.084838976100910770e+02 1.165782495608713845e+02 1.152857245426739752e+02 9.755633649849414724e+01 1.154166640281633534e+02 1.262080025032269788e+02 1.144909226955270469e+02
9.500570995423814225e+01 8.370068027857247728e+01 8.871674852573350734e+01 6.916801109869670938e+01 8.885879258255374680e+01 8.386383361827364524e+01 6.847680777537402719e+01 7.505487714584984360e+01 8.501478587243998675e+01 1.046071837470537531e+02 1.192709346270835198e+02 1.089216177452157268e+02 8.908400331565262320e+01 8.993560446663960306e+01 8.734640572890276644e+01 1.014034220803707882e+02 1.211741908178370153e+02 1.313266151558513855e+02 1.231367371449507431e+02 1.090835995057740035e+02 1.069102726832211800e+02 1.209273585431394480e+02 1.295045719957044525e+02 1.213078423162828585e+02 1.160314134998457121e+02 1.078031041420167782e+02 1.160314134998457121e+02 1.114212970985827695e+02 1.196616503423594082e+02 1.251026986407517114e+02 1.190656603814134371e+02 1.105773831647839245e+02 1.060476823332145386e+02 8.440339462460076447e+01 1.060488392109289038e+02 1.217309569446149879e+02 1.226285927499594948e+02
1.105301279228789184e+02 9.602433242813309278e+01 7.639230171248544821e+01 7.346246176278252449e+01 9.315635169385141978e+01 9.631034425859944292e+01 8.247542139076547585e+01 7.373766401356756717e+01 8.187703408231696756e+01 9.181055748969924934e+01 1.112605365206943162e+02 1.170975173249496635e+02 9.903121355665932413e+01 1.039810095680142297e+02 1.014034220803707882e+02 9.992523696691800694e+01 1.139268073281992315e+02 1.336451927789137244e+02 1.371062342644819125e+02 1.289207620544523252e+02 1.267588509414653544e+02 1.248471516198907096e+02 1.165910585052807988e+02 1.201367417151362247e+02 1.062666713139930579e+02 8.841255183522640948e+01 1.062666713139930579e+02 9.192814774164327218e+01 1.083394953170418660e+02 1.131493026325987898e+02 1.047157026712555137e+02 8.985701009350802337e+01 9.755605312652869543e+01 7.669109565188090016e+01 9.116260478859277328e+01 1.100841868717412524e+02 1.220737633651064726e+02
1.039547235081250420e+02 8.452931190142533069e+01 9.602433242813309278e+01 7.803006892432941299e+01 9.765969729125644960e+01 1.101452671264335095e+02 9.781671541110047485e+01 7.808083264253178868e+01 9.211607203924481269e+01 1.095622251831912877e+02 1.192709346270835198e+02 1.269783069521536731e+02 1.130359742841576889e+02 1.237406925114521243e+02 1.211741908178370153e+02 1.197021887126633999e+02 1.278683639773335585e+02 1.239799396556168034e+02 1.322888030120961673e+02 1.282387013882434417e+02 1.168019076695546090e+02 1.085689853459776941e+02 9.696678482798641596e+01 1.052609788150440124e+02 9.239660091284972054e+01 7.903444082339203192e+01 8.911654705213474870e+01 8.102711109636742037e+01 1.001669220700001972e+02 1.013066174874593344e+02 8.414076684256868077e+01 7.792574003333180599e+01 8.398536479117596798e+01 7.023846450810242459e+01 8.052442002644686170e+01 1.014572306342911645e+02 1.119953180410545457e+02
9.440275458583430179e+01 9.838445555822778488e+01 1.023905225765217892e+02 8.288483022902974540e+01 1.023905225765217892e+02 1.136888735513564228e+02 9.424952927116169121e+01 8.342858827854679760e+01 1.030646822803247886e+02 1.195959287220428422e+02 1.244614832555168675e+02 1.327706368592679951e+02 1.327566345063844437e+02 1.229802438270365741e+02 1.146611557826060164e+02 1.229802438270365741e+02 1.206750091726917873e+02 1.038409341276764337e+02 1.197810986814469345e+02 1.199679111796935445e+02 1.002243924839883675e+02 8.915219079063211893e+01 8.596561611133664371e+01 8.596561611133664371e+01 9.971532782546347562e+01 8.911654705213474870e+01 7.016378370866466696e+01 8.911654696994995106e+01 1.039759441337171211e+02 9.214627446915865505e+01 7.233913381067824844e+01 8.398528722095831256e+01 6.355961273381424803e+01 8.398533395394780143e+01 9.956988610035681120e+01 1.100825844900759876e+02 1.036479365381194810e+02
1.079971320470945955e+02 1.174025399388193023e+02 1.075556452034672503e+02 8.822952597276366760e+01 1.075556452034672503e+02 1.217107347796218022e+02 1.086931837008054913e+02 8.919548283931328569e+01 1.086931837008054913e+02 1.211605725828343765e+02 1.043319035010904372e+02 1.211605725828343765e+02 1.217144735486844809e+02 1.128686326951864061e+02 9.438028862682608633e+01 1.128686326951864061e+02 1.116168974693823515e+02 9.203074489000704261e+01 9.955239831584124488e+01 1.197810986814469345e+02 1.085689853459776941e+02 8.915219079063211893e+01 7.831597156305490159e+01 7.264900789371087342e+01 8.546303625930063674e+01 8.173332497414082809e+01 6.574079139079105971e+01 8.476848494245525956e+01 9.551431100282957232e+01 7.499926120445476840e+01 6.335282644340878022e+01 7.458386494020282953e+01 5.966747601032039938e+01 7.389443644113779897e+01 9.417022640192196548e+01 1.078709833983273114e+02 1.119953180410545457e+02
1.268079478305439665e+02 1.209304446476131147e+02 1.020156218796818592e+02 9.570643371460096205e+01 1.147555249235698369e+02 1.190000452545669845e+02 9.971767292102303770e+01 1.086931837008054913e+02 1.166954025044089462e+02 1.128396649656245643e+02 9.255067558949082240e+01 1.128396649656243511e+02 1.133842219554073836e+02 9.303696284488627555e+01 8.401623488452715094e+01 1.032778576803921027e+02 9.488112976359963113e+01 8.272961626764293896e+01 9.733350784194955452e+01 1.175829563556291930e+02 1.168019076695546090e+02 1.055139580219246227e+02 9.647834235115880119e+01 7.739927253913758420e+01 6.644519072785776359e+01 6.262297823318788659e+01 6.147883336809091759e+01 8.061630180096842935e+01 8.802009651457875350e+01 7.473594715619121587e+01 7.053266573743488266e+01 5.442244477845977713e+01 6.107671861320662998e+01 6.864006267412185025e+01 7.883110780934251238e+01 9.942551305677363871e+01 1.195751267631850965e+02
1.270428861727812944e+02 1.288064559519472709e+02 1.209304446476131147e+02 1.053695599336274000e+02 1.225981532854847273e+02 1.270114991523304866e+02 1.108917377684638268e+02 1.270114991523304866e+02 1.199521194972226112e+02 9.974909514880779682e+01 8.522696858860602731e+01 9.695101091726164100e+01 1.053302612076025753e+02 9.677075446041646956e+01 7.615556607890657403e+01 8.835463904607453856e+01 7.424255396827368259e+01 8.463491725306269586e+01 9.920346846271895913e+01 1.194288387714479001e+02 1.198731005002611170e+02 1.115630735988934532e+02 1.046178092606168804e+02 9.350399046290964122e+01 8.546258106816786437e+01 7.662564288605105389e+01 5.735161025319888495e+01 7.541845889788365298e+01 6.390267854154526361e+01 7.053260268748459794e+01 5.039129700825208857e+01 7.052828346681596372e+01 8.129995144400554352e+01 8.912830949463129571e+01 9.760377689415818736e+01 1.078708899166426818e+02 9.924509855843857054e+01
1.168700842787807375e+02 1.267623214809299839e+02 1.320207838725521867e+02 1.241414899135123449e+02 1.320207838725521867e+02 1.381324894622826207e+02 1.300761992622792036e+02 1.300928114361889527e+02 1.099903174338259078e+02 9.563089004585366126e+01 8.371795260896936952e+01 7.638466660335940617e+01 9.075002479012825063e+01 9.915903970263826750e+01 8.835463904607453856e+01 6.784083744153498685e+01 8.835463904607453856e+01 1.032778576803921027e+02 1.134740203685371682e+02 1.134818121012566223e+02 1.051627462838920479e+02 9.141317136165211821e+01 1.082543830827013522e+02 9.459524904576502990e+01 7.546370557534218904e+01 6.441468667297826300e+01 5.459059627677714843e+01 6.747562466091279987e+01 4.747752123467778773e+01 6.459807012858421160e+01 4.770648156281190921e+01 5.653741105846869885e+01 7.030502313583978946e+01 9.095709371816792554e+01 1.066516781207870537e+02 1.150235130760720068e+02 9.924509959655341618e+01
9.878284945394760541e+01 1.128250831976705939e+02 1.325514732402579909e+02 1.352988754920882286e+02 1.411715958980947505e+02 1.327114392576070543e+02 1.244061100389965162e+02 1.327114392576070543e+02 1.184866311125418861e+02 9.826589406746663258e+01 1.025737006398659616e+02 8.209449333589526532e+01 7.023762428162653748e+01 8.536320450980069552e+01 8.493567211198455880e+01 6.456750661168884164e+01 8.493567211198455880e+01 9.199111350956059141e+01 1.123782233280085450e+02 1.051627462838920479e+02 8.496544294507613415e+01 7.969662652234245570e+01 9.922362752316638534e+01 1.027140611999875830e+02 8.752299157768555915e+01 6.837369327414464237e+01 7.050375432671258125e+01 5.096200422964348320e+01 6.216219577061042401e+01 4.421514124355552156e+01 6.196879556767112263e+01 6.740065201477635526e+01 7.488317310156857332e+01 9.293844610502502235e+01 8.617549677687318876e+01 1.032463597386504830e+02 9.196269724068206131e+01
1.028957244944774629e+02 1.226882782189642853e+02 1.294230296106367746e+02 1.152396934186609343e+02 1.211148918229121136e+02 1.226696592168761413e+02 1.043089962096689902e+02 1.226696592168761413e+02 1.268028340806743017e+02 1.184866311125418861e+02 1.109318352340826124e+02 9.915903947380617467e+01 8.536320450917312996e+01 6.500958625370675747e+01 8.027479994577791444e+01 6.143998370700781209e+01 7.143552070984650015e+01 9.197569724043465555e+01 1.009556243406974403e+02 9.261577517556195005e+01 9.088109613133364917e+01 7.062250700054552510e+01 8.496544294507613415e+01 1.051627462838920479e+02 9.559626625866647487e+01 8.752301554164087349e+01 7.851204463820427293e+01 7.050375977374852710e+01 6.245028348337567792e+01 4.259313646984674051e+01 5.437499224976801315e+01 7.133648511429333894e+01 8.996827388892944555e+01 9.482974930990280882e+01 7.428021770409660007e+01 8.296547170711255603e+01 7.849170575741074174e+01
1.226882782189642853e+02 1.308444440630839551e+02 1.211148918229121136e+02 1.009729754486377118e+02 1.103485846535426163e+02 1.143575531243326537e+02 9.413946808263415278e+01 1.072093806065370529e+02 1.273329014970050110e+02 1.160175149801499259e+02 1.042859684766347499e+02 9.590141292813606810e+01 8.864329280332128747e+01 8.027479994577791444e+01 6.010095713449766208e+01 5.848957174990488994e+01 7.199678790391173777e+01 9.148443079283416068e+01 9.261577517556195005e+01 7.239157799932905846e+01 7.831510820819386254e+01 6.523883327926149889e+01 8.546676044084559010e+01 9.826984737699800121e+01 8.996861500506874165e+01 9.826984737585890173e+01 8.797088326937591773e+01 7.638409619411889651e+01 6.078355698409741592e+01 4.098652376654151652e+01 5.731862843187044376e+01 7.883076686306237946e+01 8.878729071680812979e+01 9.748252663241051152e+01 7.695231067133735792e+01 6.251931286869703541e+01 5.813549822036408443e+01
1.215973419617924947e+02 1.309482892622147574e+02 1.108814606862461858e+02 9.920652485599887882e+01 9.005090494578905691e+01 1.026767828394914233e+02 8.685285247945409992e+01 1.072093806065370529e+02 1.180932825212714761e+02 1.076768261729748275e+02 8.728121215280556555e+01 7.537234909247636949e+01 6.820600363765873908e+01 6.223092747218090182e+01 5.678242804644784769e+01 5.562003057892115265e+01 7.567648304587883956e+01 8.310260138165411092e+01 9.208634230291229983e+01 7.831510820819386254e+01 5.816077042445941458e+01 7.831510820819380569e+01 9.133845139637629984e+01 8.823146093617420149e+01 6.987700289215395344e+01 8.823146091583588202e+01 7.963735764004239570e+01 5.958918720668791025e+01 4.811618124063186031e+01 3.937547474949219151e+01 5.914185714980242636e+01 6.203451525307055903e+01 8.093089792710104291e+01 8.817509182656445432e+01 7.972950677669524566e+01 7.382167149954400998e+01 5.358627440336027803e+01
1.297547845119754300e+02 1.392545068355418891e+02 1.276712592498395793e+02 1.169714951136552230e+02 9.675571914531161610e+01 8.223467630561924580e+01 8.086530627391098847e+01 1.013329571095683548e+02 9.787162024799678761e+01 1.121416215014852611e+02 1.042859684766347499e+02 9.590141292814237772e+01 8.864329280333441829e+01 8.248121826746300655e+01 7.280754668073736013e+01 5.279409046041409681e+01 7.000335965591656873e+01 6.399825713665718752e+01 8.384319303124166822e+01 7.420112123537339244e+01 5.409678059219256596e+01 6.282302774372621457e+01 7.708073957629817130e+01 7.992280894860958540e+01 6.011842383545565838e+01 7.992280894860901697e+01 7.594331797401031281e+01 6.526046315187849700e+01 5.580966090265970792e+01 3.777320319838209173e+01 4.593383540986798863e+01 5.937526532241559352e+01 7.745334090321917131e+01 7.972950677670577591e+01 5.939908763781661349e+01 6.535372953920489181e+01 5.007925898761516947e+01
1.421069142443459157e+02 1.316670444964298099e+02 1.216180993339876579e+02 1.133022930753021598e+02 1.065542350970335548e+02 9.586274732820066902e+01 7.533560410813947783e+01 9.088418381711277050e+01 8.338155123877862707e+01 1.037944080009747267e+02 1.112349739812371752e+02 1.028709963749934388e+02 1.028709963749934388e+02 9.310829650773628430e+01 7.280754668073736013e+01 7.000335965591656873e+01 5.001048638957625769e+01 6.404549158828422151e+01 8.390104399957631642e+01 8.255812854339261264e+01 6.872941276971887703e+01 4.867594057207737990e+01 6.371604472032282018e+01 6.455876623774034329e+01 5.372708491691913224e+01 7.156150151944862614e+01 6.748974515690825626e+01 4.703321336446835232e+01 3.552465788029597604e+01 5.336833608386701400e+01 4.694067378922119360e+01 5.722521503085300765e+01 7.285431351691893553e+01 6.933080797643246740e+01 6.091421118689222425e+01 4.525295521573382018e+01 6.535372953922704653e+01
1.339558473954872113e+02 1.233602507267127351e+02 1.032443354238915703e+02 9.305811914049640166e+01 8.618573600267686174e+01 8.021119205901882765e+01 7.470020322410492497e+01 7.036448832357379501e+01 9.088418381711123573e+01 1.006467942964067106e+02 1.028709963749934388e+02 8.240163415583194251e+01 8.240163415583194251e+01 9.681830406853454463e+01 8.238585039069485561e+01 6.219026184457583639e+01 4.811651008276262331e+01 6.555996414806874384e+01 6.449378242329736111e+01 6.343521058978602412e+01 6.238118445321369165e+01 6.133168351340807334e+01 4.368388538009803312e+01 4.503978548323990339e+01 5.834545320965769122e+01 5.155556968970180520e+01 5.649274814939112588e+01 5.426131769451804132e+01 3.422134050958671736e+01 3.329079731539095377e+01 4.762481986533337164e+01 5.791802976462896879e+01 7.345899770088578862e+01 6.091421118689222425e+01 4.083406089036808595e+01 6.091421117693520415e+01 6.103292531604099480e+01
