MOVIE_S13_data/elevation_000213.asc
nrows	150
cellsize	150.0
xllcorner	0
ncols	150
yllcorner	0
NODATA_value	-9999
[rows 102 to 118 of 150, columns 111 to 147 of 150]
9.030299414907274524e+01 7.017877232637644624e+01 6.752797012693645229e+01 4.774164891822761803e+01 6.250223951402396949e+01 7.079153327353364489e+01 6.651091005022762204e+01 4.658365245930494325e+01 4.638085301551291195e+01 5.792931412933694446e+01 7.775942129533822822e+01 9.240567180571670747e+01 8.540573137706671503e+01 7.956512670751834548e+01 9.371144025660299803e+01 9.892634510764312950e+01 9.068978770750092622e+01 8.402636821606971296e+01 8.962879942258263100e+01 8.477514100948016562e+01 8.102247518940529858e+01 8.685542307529517814e+01 7.408994228659697967e+01 6.556581825650295059e+01 5.480840903171012712e+01 4.331513933884085077e+01 2.318420197705783536e+01 4.043817091963880728e+01 3.263246692882938049e+01 3.409935587638002374e+01 1.397657831129333061e+01 3.161246389046107197e+01 2.570180438461600403e+01 4.429038733190854771e+01 2.990391106126132925e+01 4.084987960251589811e+01 2.621192399918323446e+01
7.782436044751740667e+01 7.387143197967448316e+01 5.381144905229488984e+01 5.503592818204870696e+01 7.511844984334467767e+01 7.905055734452257354e+01 5.922363409195268247e+01 5.476929537386960334e+01 5.639308284731491483e+01 5.289701407270768385e+01 6.438501119315671417e+01 8.418261685649493131e+01 9.759689134820176548e+01 9.950619838275000006e+01 1.047824252006829653e+02 8.485242612821737396e+01 7.069952923320708749e+01 6.397867277661737262e+01 6.961655001280021793e+01 6.471187592246572251e+01 6.093614909818345637e+01 6.681929780117752671e+01 6.580080304161685945e+01 4.447993998967751850e+01 4.659081814026617963e+01 2.637058133909343027e+01 3.324915687234655337e+01 5.148681649067709287e+01 5.283728684164609746e+01 3.414345890836519004e+01 2.155046157197960710e+01 4.171273575728336880e+01 3.996687196982644963e+01 5.423607531578606711e+01 5.032720681052937550e+01 4.899394048923200984e+01 3.683081224913347995e+01
7.562584491104368567e+01 6.130795528877450096e+01 7.387152226518209375e+01 6.503549109489395619e+01 8.342505311827602554e+01 7.905055734452258775e+01 7.905055734452257354e+01 6.366912910362098188e+01 6.785966924108025466e+01 6.695275543290269127e+01 6.071947840793628615e+01 6.958045502931362591e+01 8.355687772743911523e+01 1.033935915581082270e+02 1.047824252006829511e+02 8.485242612821735975e+01 8.704067342880310321e+01 6.701353931677856224e+01 5.531709039314516474e+01 5.034529731979924350e+01 4.654038196128406213e+01 6.188999067168445123e+01 6.183185394287544057e+01 4.992928032954664275e+01 2.966826661837042067e+01 4.066524076352035877e+01 5.348336480741305365e+01 5.348362274489092272e+01 6.320711707668997548e+01 5.008872770751669634e+01 3.317536690104018504e+01 5.008872770751669634e+01 6.016932364078243722e+01 6.625069872435601326e+01 5.210982075878263942e+01 4.211025828702653229e+01 3.382625994942009839e+01
7.562584522052999603e+01 7.301203793975226120e+01 8.979511752958696036e+01 7.933148211028047569e+01 9.348263855592931293e+01 9.887765486568414985e+01 9.168668189679389968e+01 7.509307568426132207e+01 8.185062778783563431e+01 8.675420996502887760e+01 6.821259504997858869e+01 8.799530275398285539e+01 9.759689134820176548e+01 1.058592200486660744e+02 1.130002640870688708e+02 1.047824252006829511e+02 9.528308885330692135e+01 8.074392322173474668e+01 6.054129476167293689e+01 7.048386254927828531e+01 6.083807816687691172e+01 4.159443160948334395e+01 5.350625312623412100e+01 3.319916010670005591e+01 4.291311323964140456e+01 5.826274487832518645e+01 6.919154072108953812e+01 7.361575896964833987e+01 7.595526885154247054e+01 6.175722106194447747e+01 5.337720013965355292e+01 5.496017829470110172e+01 4.667704174022425434e+01 4.660418659535353214e+01 3.796840070479299811e+01 2.382626532106074535e+01 1.382626532111097184e+01
9.570033005525176861e+01 9.310764320175955788e+01 1.013727033097696761e+02 9.937266471360166520e+01 1.012540416730714981e+02 1.097908675078716954e+02 1.031345767819767616e+02 9.489872968633319772e+01 1.016823041043599289e+02 9.622356392187623442e+01 7.961862694524539563e+01 9.622356392187623442e+01 9.996795896400124093e+01 8.564330252986120229e+01 9.996795896400124093e+01 1.081998955716610453e+02 8.763347922784201671e+01 7.332259271531522415e+01 8.068678798010810738e+01 7.703218236305272626e+01 7.004123778818190260e+01 5.724910015512541150e+01 3.694725519800906000e+01 4.036396506168057385e+01 5.995993459974882711e+01 7.025148478731253476e+01 8.180964970011349635e+01 6.181549317555749923e+01 5.595839978174300455e+01 6.374620783858940598e+01 5.546026227365162953e+01 4.341155220377456914e+01 2.667193714173837549e+01 2.660836324961956834e+01 2.987243867596034264e+01 3.815281077633923701e+01 3.382625994942009839e+01
1.010172247673016841e+02 9.840751774653234918e+01 1.067771000855241681e+02 9.794901882647614855e+01 8.078438062932161756e+01 9.476537712090386378e+01 1.032855279608194650e+02 1.068585930691479291e+02 1.128214194798040211e+02 1.076792758779659067e+02 9.943805470798483270e+01 9.983674819031310221e+01 9.099877801977550007e+01 7.160491843406806822e+01 8.878953822819084962e+01 9.717543012921159118e+01 1.022103421768209017e+02 9.356526146787250298e+01 9.022418030902132102e+01 7.138195388987634260e+01 5.083325048980947258e+01 4.436727928675369981e+01 4.869311293955011877e+01 6.186950795066569242e+01 7.088660553778478857e+01 7.251300125287266951e+01 6.495409286636177626e+01 5.918107447055844972e+01 4.181802500848350235e+01 4.916806407728446970e+01 3.545927883416752735e+01 3.512708921486655100e+01 1.511320207400163440e+01 1.246323771247486434e+01 9.881045473985466288e+00 2.629687528133152341e+01 2.418409483764762768e+01
8.109388945302025320e+01 7.852666015219310225e+01 9.105555710439465145e+01 8.888960239309643896e+01 6.930062862877002772e+01 7.449367682883655561e+01 9.476537712090386378e+01 8.664472981760293635e+01 9.256523329000293643e+01 9.834729116981509378e+01 8.996067936782435481e+01 9.144596811345967069e+01 7.150230596237381064e+01 6.285804292411205552e+01 6.888731999470569178e+01 8.143041025991135484e+01 8.977732685193115003e+01 9.944964034624139515e+01 7.759037684013050296e+01 6.271015042352203750e+01 7.138193468129101404e+01 5.459229716338568039e+01 6.894274991388076046e+01 7.724893717281153727e+01 7.251126519246307112e+01 5.251364874163630958e+01 4.495554991313359494e+01 3.918412844160927477e+01 3.402125216172582611e+01 2.916868095901444491e+01 3.912944727202236095e+01 1.911758898541348017e+01 3.500341213626554548e+01 1.547045190549688165e+01 1.078430102025829740e+01 6.317553513329845494e+00 4.197573230086596219e+00
8.546471694478074710e+01 6.721597723423366233e+01 7.128072361440204929e+01 7.370576170854792508e+01 6.054319232297179099e+01 8.043112037820176852e+01 8.101570960525199894e+01 7.256087146479414685e+01 9.256523329000293643e+01 8.677424482698867791e+01 6.999923286030758618e+01 8.677424482698867791e+01 7.516203615648819891e+01 5.547155027432298624e+01 5.757859717728479154e+01 6.164327420612137587e+01 8.143041026013639794e+01 9.562092406688503843e+01 9.241780048145618309e+01 8.369253814368336464e+01 8.330535602821521479e+01 7.496097998079166302e+01 8.330319477898285641e+01 8.665293593968095820e+01 6.665642408161784260e+01 6.495409113958862690e+01 6.495407807643989884e+01 5.918095061855751737e+01 5.401787025003330456e+01 4.339478285666821478e+01 2.338850444390573102e+01 3.912944690169633333e+01 2.241865028944237892e+01 3.513670618361235398e+01 3.007163357131786796e+01 1.628481337241381510e+01 1.827734007789237580e+01
6.578314427624056293e+01 6.152032912035482326e+01 5.744054311179372974e+01 5.407645203455500393e+01 5.489197085586814495e+01 7.167084929737751509e+01 6.119227058763943461e+01 8.101569954474807389e+01 9.109745524166258690e+01 7.843593285328374520e+01 5.863267759555316161e+01 7.843593285329521336e+01 8.347785030269582762e+01 6.743879217578388818e+01 4.775670844127429149e+01 6.743879217578388818e+01 6.736240531307117863e+01 8.725319793310227112e+01 9.062472138633523855e+01 8.227630697224901724e+01 8.227593943459434911e+01 7.919477822294372515e+01 8.754570976089220835e+01 9.492638775343120017e+01 8.665373305557176309e+01 8.494840778993014396e+01 7.637867755386571389e+01 6.638000359249613780e+01 5.025441355160565848e+01 3.025533888733161447e+01 4.339478285666821478e+01 4.685674515965230569e+01 2.745105849347006810e+01 4.685674437534254366e+01 3.589771666137961148e+01 3.641813616734097536e+01 3.787036146670732251e+01
8.546471694478081815e+01 8.116984568052558302e+01 7.299468964668646720e+01 5.328253457456390407e+01 4.943966144001512220e+01 5.193343650115819798e+01 7.167084701526061963e+01 7.112500622883641199e+01 7.112501848715042740e+01 7.143442423732285818e+01 5.167187837954684682e+01 7.143442481213331519e+01 7.739137802531760713e+01 5.763456796489440137e+01 4.370488004396723625e+01 5.129192965371821344e+01 6.519607089787761822e+01 8.505437588899198431e+01 8.227630697224901724e+01 6.237094202320407987e+01 6.237094037797078272e+01 5.932224036685280311e+01 7.601901361678893920e+01 7.974043730644567063e+01 8.808165097956897682e+01 8.223903052598797103e+01 6.224003571690232661e+01 4.809857034091925954e+01 3.810062262382658815e+01 4.439711134775298973e+01 5.603662082341713813e+01 3.656316390766356506e+01 4.047339378518341135e+01 5.500482345337210432e+01 5.548613382814410500e+01 4.884650448189153593e+01 3.729950427584966377e+01
9.037612183538841748e+01 7.876997701121611328e+01 5.898760913485662627e+01 7.299468964668646720e+01 6.597315262269155767e+01 4.623062706497839258e+01 6.305382871464163941e+01 5.135775945896959627e+01 5.947139661063251737e+01 5.772052218702053494e+01 4.570302036973217241e+01 6.547577853520130020e+01 7.358933495455548268e+01 5.384338757050321078e+01 3.986752985194766552e+01 5.962679540860126792e+01 7.208290432417075522e+01 8.198915962038392991e+01 8.227630697224901724e+01 6.237094202320407987e+01 4.839884294694763156e+01 4.792120889263114947e+01 6.713189352570594792e+01 5.985208354339575010e+01 7.655687038210649575e+01 8.488746336379664115e+01 6.488918817366149483e+01 5.074753536534005605e+01 5.224050937621849755e+01 6.439519196802034173e+01 6.343488015673959524e+01 4.386092562744111234e+01 5.655287652029324619e+01 6.267240759314105247e+01 5.399094410434990010e+01 4.056224010662586466e+01 2.056224014752636009e+01
7.034186781722688409e+01 6.528920887219814517e+01 7.106783782975119834e+01 8.600985776749708123e+01 7.425303683923500842e+01 6.305382918172216478e+01 4.328251930420411497e+01 4.145224610341616511e+01 3.966233948270411958e+01 3.788931539126749470e+01 5.536413817645419044e+01 6.361291229317539830e+01 6.554814510848333953e+01 5.637839172555752754e+01 3.657329457465481681e+01 4.410788470273950423e+01 5.397003843609405038e+01 7.368364545716006830e+01 7.941539768686686784e+01 6.947183222137337566e+01 5.886624070738568548e+01 3.905669225240364995e+01 5.886624070738568548e+01 4.843834341832267398e+01 6.766451956415643565e+01 8.028006849547784896e+01 7.902747763474401665e+01 7.074654736481751627e+01 7.223944358864935111e+01 7.740833731241923488e+01 5.764688468971279178e+01 6.343488015609699460e+01 6.778874006133722219e+01 5.039137336697123715e+01 3.249048693972201107e+01 3.571975352674628823e+01 3.417765345701815249e+01
9.037612183538841748e+01 7.667646896967983139e+01 8.716807618610366148e+01 8.084647275478442907e+01 6.881491859691739421e+01 4.905638531865333363e+01 6.305383015677796266e+01 6.124139928084305495e+01 5.947139675371062140e+01 4.443583919109498481e+01 3.551166489367428625e+01 5.309663763765853872e+01 4.572155082324740505e+01 4.997793346360627709e+01 3.360422323771737751e+01 5.345282240796270656e+01 7.208290432422352012e+01 8.198915962038482519e+01 7.110685728361769975e+01 5.129074740764652773e+01 4.139494531644187703e+01 3.435811111198765389e+01 4.879759481281375599e+01 3.956967315402000196e+01 5.211248178703002765e+01 6.619627514125383527e+01 6.779185410650509880e+01 6.779185410650509880e+01 7.609033956824127642e+01 8.566030473402737755e+01 7.740833731241923488e+01 7.305336772445946281e+01 5.855809528944254794e+01 3.473756022448186798e+01 2.149799362677703485e+01 1.538017455069271122e+01 2.840158476501019535e+01
1.052582362049196263e+02 9.681906525857927193e+01 8.084647275478442907e+01 6.111105030759918577e+01 5.574282708428761168e+01 6.045310832371900744e+01 7.709500389864776082e+01 7.825544060161179516e+01 5.841372645691070886e+01 6.362630959504649297e+01 5.309669382924426628e+01 3.319981037873049701e+01 3.160999952561703807e+01 3.004133435417947240e+01 3.069003928210460685e+01 5.024587535940679572e+01 6.300701587504481438e+01 7.558944580849713191e+01 7.941539768682422107e+01 6.947183222137435621e+01 6.119880234563210308e+01 4.879759481281375599e+01 2.892115335158422695e+01 4.423762454249236953e+01 3.809321904387334712e+01 5.626034437199211169e+01 4.794619359709627560e+01 4.794619359709627560e+01 6.779185410650509880e+01 7.435517508353554206e+01 6.618388791229533297e+01 6.477263454158251932e+01 4.479611156406900108e+01 3.320582985813020827e+01 4.003752195639282263e+01 1.988348747553117946e+01 8.266932174773252484e+00
9.577395784353909391e+01 8.171336244900581391e+01 7.039095670960895745e+01 8.084647275478442907e+01 6.711593672286289802e+01 8.023745309459940245e+01 8.857608118176044343e+01 8.658288907868869444e+01 7.825540114048797591e+01 6.711032562049850014e+01 4.729224303285808872e+01 4.729189804967180777e+01 5.152859372802268467e+01 4.779740652465027040e+01 2.784144379032480998e+01 3.316284655598401798e+01 4.476716322169347961e+01 6.705453902618526740e+01 6.514509761669535237e+01 7.364930096687081118e+01 7.102472328075704411e+01 5.704575877081108359e+01 4.423762454249236953e+01 2.433285774470287421e+01 2.812910373389432550e+01 4.488099576168939819e+01 3.390736074139451972e+01 4.794619359709627560e+01 6.779185410650509880e+01 6.296381767964056309e+01 4.645216196631761107e+01 6.296381767964056309e+01 6.151739120378060477e+01 5.323918362304236496e+01 4.835267263882904842e+01 3.673018124732535483e+01 2.840158476501019535e+01
1.042932012089244864e+02 8.429352977809449499e+01 9.015129791868173470e+01 9.556430350901453608e+01 8.704555304967095708e+01 9.022287496356283043e+01 8.187308499092934255e+01 8.049250518322173775e+01 7.680633850638962201e+01 7.540211025106914633e+01 6.710966012835478978e+01 6.709115545404355885e+01 6.050792040011204875e+01 4.064048947092599207e+01 2.650623892659119463e+01 4.645937145111351896e+01 6.026251384290238633e+01 5.298302218715767964e+01 4.441213329068901317e+01 6.133697437384422813e+01 5.247564877263721428e+01 5.284261375328308930e+01 5.248330050605709118e+01 3.989404672500171500e+01 1.996763339016571237e+01 2.498214771700438064e+01 4.488099576168939819e+01 6.201826658266880798e+01 6.707510110982046569e+01 4.738469030385008551e+01 3.519447815282509850e+01 5.479177062580914992e+01 6.243499609375901116e+01 5.411039279582313810e+01 6.243499609375901116e+01 4.801546882969360297e+01 3.646846344590129263e+01
1.126572970249449668e+02 1.042932012089244864e+02 9.424134137823652679e+01 8.586559294587881652e+01 8.013021283853539956e+01 7.483383707594740031e+01 6.200493032698738460e+01 6.061109626807416362e+01 5.693159592291258519e+01 7.103542452818635411e+01 6.948501209118879274e+01 5.809311476032016230e+01 4.984770932223194961e+01 4.513911768006023095e+01 2.518415296778467294e+01 4.328484144342022688e+01 4.222230369648684700e+01 3.409663618090219472e+01 3.277016821569642957e+01 5.290383842321863028e+01 5.284261375328313903e+01 3.328759727060949558e+01 4.058629423444993023e+01 3.359695529890203147e+01 1.713849934564082744e+01 3.707602545719912968e+01 4.574526267695615189e+01 5.399882518350442240e+01 6.128993168593415675e+01 4.162494822421292895e+01 2.792315133551144868e+01 4.738469030385004999e+01 5.223390986308099571e+01 3.358196709703435090e+01 5.223390986308099571e+01 3.973119758223199938e+01 1.973119758223270992e+01
