MOVIE_S13_data/elevation_000214.asc
nrows	150
cellsize	150.0
xllcorner	0
ncols	150
yllcorner	0
NODATA_value	-9999
[rows 102 to 118 of 150, columns 74 to 110 of 150]
8.137596449785165476e+01 6.670346569311197982e+01 6.405362263491696240e+01 6.759194286738855340e+01 7.538714954512217048e+01 8.585854678629308978e+01 1.066646311832718794e+02 1.070592766249932879e+02 8.991261442082587507e+01 8.003844158903294215e+01 8.636531979131383707e+01 7.688879443517394918e+01 5.709699761809086027e+01 5.917192031902424532e+01 6.225145856886061324e+01 4.221326256808449529e+01 5.993900721813503907e+01 5.832821031447905114e+01 5.860318593749185112e+01 4.215811737616148491e+01 5.642624124033125099e+01 7.650263461565222656e+01 8.857218998985619862e+01 9.698385582314610076e+01 8.428850893405946465e+01 6.489510292952583370e+01 6.447654250883886107e+01 7.347060586349840605e+01 8.762379475505075277e+01 1.076482694644770248e+02 1.110192041107023613e+02 1.027372202241965908e+02 9.170853834421353667e+01 8.928177231260553981e+01 6.926648214149241767e+01 8.928177231260553981e+01 1.057881798479812829e+02
8.954777301551879987e+01 7.906721904032436044e+01 5.928460268532916899e+01 7.379911869545088621e+01 9.458941124751622453e+01 1.047680427668221199e+02 1.151099895278415914e+02 1.156563323978567297e+02 1.048415213645786679e+02 9.698609194731720606e+01 9.086519867492299340e+01 7.109957824586108188e+01 7.684997817248157048e+01 7.133176185764419586e+01 5.179916416147798941e+01 5.993900721813533750e+01 3.987330416832200797e+01 3.823615132106425563e+01 3.854376904088949374e+01 5.728273227593859929e+01 6.908105194355060519e+01 7.415244987217647576e+01 6.817959794953802088e+01 8.857218998985626968e+01 7.598285186085674070e+01 5.591543525397117520e+01 7.598285186085674070e+01 9.284059147573965731e+01 1.017987312970300451e+02 1.046411651569528374e+02 1.046411651569528374e+02 1.129412221244171661e+02 1.117132235581528334e+02 9.507191783957965470e+01 7.501426536770595987e+01 9.507191783957965470e+01 9.757526241955545743e+01
7.327600833123652535e+01 6.392238211812153992e+01 5.640915796896234724e+01 7.753364776839401884e+01 8.171204531846541386e+01 8.999286877216437119e+01 1.015273027425189269e+02 1.098735190216624034e+02 1.015826903729399504e+02 1.015826903729399504e+02 9.907874153472019430e+01 9.086519867492299340e+01 9.144299914341817725e+01 7.175535036479080020e+01 6.084088363289277623e+01 6.815469629503421345e+01 5.993900688592583492e+01 5.420795638481777701e+01 3.593248579717517543e+01 5.607410601898731528e+01 7.364602795643199329e+01 5.383050057341267092e+01 6.318851515826764853e+01 7.152481609078230917e+01 6.575366726404260476e+01 5.150279789380322626e+01 6.562267139548951889e+01 8.567424419249370260e+01 9.883446534406056116e+01 8.472770856370404147e+01 8.472770856370404147e+01 1.046411651569528374e+02 1.150736980206692266e+02 9.507191783957966891e+01 8.260519156915790973e+01 1.026470151137586555e+02 9.540499932022650853e+01
8.954774082879744412e+01 7.379453193457683824e+01 5.376895499517264909e+01 7.016847311348813321e+01 6.171799175860483189e+01 7.327382504332568658e+01 9.323886857703507758e+01 1.015826903729399504e+02 8.162388814873901310e+01 8.162388814873901310e+01 9.574870358520071534e+01 1.072790174155265248e+02 9.660650192676887116e+01 7.698466533177804649e+01 8.058533943543633882e+01 6.476985828446092341e+01 4.414490570476316122e+01 3.398741085899494152e+01 5.341661108688788318e+01 6.309565242861001622e+01 6.303639020765950818e+01 5.473231195008829530e+01 4.302380449598891232e+01 6.038757663759987082e+01 4.567572693973875886e+01 5.193585106290748854e+01 7.597374949771429442e+01 7.745805205431476281e+01 8.116700472006269251e+01 7.063419577011799788e+01 9.056022496300268187e+01 1.005593035274750093e+02 1.088493565127911182e+02 1.109239022763722460e+02 9.420247357311637870e+01 1.109239022763722460e+02 9.540499932856432963e+01
9.167219632765518611e+01 8.207372811860336981e+01 6.431385592952761954e+01 5.012586104236741846e+01 6.682803777188178174e+01 7.511170255828677966e+01 8.603051077794027890e+01 8.578193090311246749e+01 7.895472089278636929e+01 6.750032276588116531e+01 7.903563195703024746e+01 9.899081802243934192e+01 9.350558751609511887e+01 9.660650192676887116e+01 8.613062304836120120e+01 6.476985828723299221e+01 5.336268339035436981e+01 3.265248889654748865e+01 4.961010414527729750e+01 5.807811447815732464e+01 5.188985866658520507e+01 3.454636102915193163e+01 3.659409913570635098e+01 4.025516029617006097e+01 6.038761199792558898e+01 7.232947521386662970e+01 7.238051492753734806e+01 5.746776839589868047e+01 6.119368335314889862e+01 6.605762310079735755e+01 7.313507815794861244e+01 8.067488706422078337e+01 9.214124603769265320e+01 1.120585839090354767e+02 1.141824733815891193e+02 1.224599816356846560e+02 1.036186942615541682e+02
8.365367408439125541e+01 9.258554120706175183e+01 7.844969856830317667e+01 6.682723576217642858e+01 4.676486475645857865e+01 5.773212803991057029e+01 6.727871650863679065e+01 6.579791172506826058e+01 5.895295813012661057e+01 7.310705776712271131e+01 9.307222333754513954e+01 8.765634836390943008e+01 7.352911689763642755e+01 8.765634836390943008e+01 8.389206912509490621e+01 6.200505339859009268e+01 4.712755625456780706e+01 5.096664006177097406e+01 3.081719096599983843e+01 4.911175834889231595e+01 3.173065455230081611e+01 5.189023730248744215e+01 5.677171617766000367e+01 4.048044372120754986e+01 6.059768179266574606e+01 6.752657933273690105e+01 5.236722534696993847e+01 7.238051492753734806e+01 8.116700472006269251e+01 8.600493959339162586e+01 7.674050048638676458e+01 9.664358664000199894e+01 1.088493565127911182e+02 1.203762476538188935e+02 1.173718251324725941e+02 1.151837102607874925e+02 1.095318080952102520e+02
8.365367295937987535e+01 7.813387589607452810e+01 8.631733499864729708e+01 7.511170255828677966e+01 6.359456750314175366e+01 4.350291698378192962e+01 4.721421574003735344e+01 5.161430532142597372e+01 6.579791214607368488e+01 8.578197912492589694e+01 8.849655717034939073e+01 7.871192594894849037e+01 5.937160117796907599e+01 7.871192594894849037e+01 8.313550705537829799e+01 7.482808174683468394e+01 6.841561188492720191e+01 5.928495970085704414e+01 4.911206436814707388e+01 2.904161191683593302e+01 4.442777068206275004e+01 5.856149999051491051e+01 6.888117457608008465e+01 6.059768179266563948e+01 4.450229940584122090e+01 4.748479857022178408e+01 5.508548952252697006e+01 6.510938304500973572e+01 7.922778267123483431e+01 9.903420424103531161e+01 9.664358664000199894e+01 9.080756635078276418e+01 1.107329859725195718e+02 1.173718251324725941e+02 9.736964682584013531e+01 9.518164592892843245e+01 1.012448944424940152e+02
7.506652936572271528e+01 5.876647977998256778e+01 7.506652936572271528e+01 7.552379679838485060e+01 5.549622327959889390e+01 4.124492823712268574e+01 5.863682574792544955e+01 6.693080923864836507e+01 7.993001370575669284e+01 8.164070674676774786e+01 8.013020327986137659e+01 6.007648217758125497e+01 5.037839036100315582e+01 7.043202159516553706e+01 7.156280334016064160e+01 5.478828800868395632e+01 6.585827708176438477e+01 6.224626537710591379e+01 4.213777161326273557e+01 2.802285807400059525e+01 3.650685011584315021e+01 4.978258526100827197e+01 6.987552227986047626e+01 7.284922934218602109e+01 5.611938830558668201e+01 5.908071482440099942e+01 7.508725071735690904e+01 8.333489449530115678e+01 9.324486702125435045e+01 9.485447119458289933e+01 1.034384433100580480e+02 1.107329859725195718e+02 1.190458696538803309e+02 1.146529817610862949e+02 1.010401149340004139e+02 8.104375875673486007e+01 9.035161296268205433e+01
6.695161856307731796e+01 4.759015297572917547e+01 6.695161856307731796e+01 8.059155221520754253e+01 6.102296301511943710e+01 5.661231841876379889e+01 3.848892583424022718e+01 5.596824558472757616e+01 6.426711296689840935e+01 6.168782771299248679e+01 7.562622685775743037e+01 6.374748050672492639e+01 4.364779868772331639e+01 6.374748050672492639e+01 6.325810143760877224e+01 4.320139706428737014e+01 4.580484287575217905e+01 5.998430739360040320e+01 4.696251493453016224e+01 2.703238629132361481e+01 4.696251493602603233e+01 5.571662805029966847e+01 7.600414546952708861e+01 8.439111461569635253e+01 7.611797165365985052e+01 7.906384480791543012e+01 8.733500516309024420e+01 8.408758173693750848e+01 8.727048417368530409e+01 7.478432845908518800e+01 9.161264917939533348e+01 1.032227226382006506e+02 1.205093630723607134e+02 1.005067675249449621e+02 8.636374569650384103e+01 7.742688042997433229e+01 7.037646205526576182e+01
6.010598998765000545e+01 4.058780758813688294e+01 6.010598858474183714e+01 6.631800260601350772e+01 6.778914596038875118e+01 6.647707216790023210e+01 5.596824550208184945e+01 3.580174841543633590e+01 5.335391562081613159e+01 4.747120451639564465e+01 5.988452090826235974e+01 5.165461904778017299e+01 3.843198256084718878e+01 5.855730454807474672e+01 6.583034405599188688e+01 4.579655606460568151e+01 3.170930454112252406e+01 4.354656807768387239e+01 4.443789649840098122e+01 2.607253703526713196e+01 4.002260468834063545e+01 6.011055675729605952e+01 6.674507316085902175e+01 6.674543609424931390e+01 7.504892587093898726e+01 7.658399336551879344e+01 7.820230541580700390e+01 6.404103176100628048e+01 6.737719078264989037e+01 6.324192570245426737e+01 7.478396678789795260e+01 9.481492518185505958e+01 1.121205557879361123e+02 1.146529817610862949e+02 1.057071398380604847e+02 9.742038390672607306e+01 9.035161296268205433e+01
5.219728178100687899e+01 3.455763402331948697e+01 4.692228799230431235e+01 4.636603375243083036e+01 4.766407863556981539e+01 6.183926508847576287e+01 6.426711036485905026e+01 5.335391562081613159e+01 3.320020949870133364e+01 5.082327930370383484e+01 4.906764880952215435e+01 3.157436364963575670e+01 4.577109261678929641e+01 6.585043132019890777e+01 6.118827114379328691e+01 4.983874713749550978e+01 3.979860920554710901e+01 2.388502979572255924e+01 2.473163020538700962e+01 2.579953654100524219e+01 4.600642526477056293e+01 5.057457281731100807e+01 4.669146081464965903e+01 4.669146420642698558e+01 6.674508344035291429e+01 5.655019601087469994e+01 6.541204711803223404e+01 4.983705834968449722e+01 5.320187847007534998e+01 6.218620762002674951e+01 7.218581735215811079e+01 8.370899637455673314e+01 1.037432756622756926e+02 1.211836280805798367e+02 1.172236728972875710e+02 1.056745973858978260e+02 9.739195612394298962e+01
4.243144002089251643e+01 4.085155371650182587e+01 2.642181479331176774e+01 4.007923620544658405e+01 3.343249214956134807e+01 5.351041749781823142e+01 6.531519786485769430e+01 6.165781935748253062e+01 5.082484785059440924e+01 3.073347059218022537e+01 2.907459732021938947e+01 2.746695470084183199e+01 4.514708316075216032e+01 5.344341046361637382e+01 5.316525807465799147e+01 3.380730077080698948e+01 2.268559994251807765e+01 4.230675465624139520e+01 3.751870903331032281e+01 4.597714345424272153e+01 2.822258140204028720e+01 3.036011775930568035e+01 3.246360098647043912e+01 5.256336953557556768e+01 5.831816334612145170e+01 4.233648096970998864e+01 4.532860487863761279e+01 6.541204711803223404e+01 7.323913894842006300e+01 5.972842818598352466e+01 7.972778907028933304e+01 8.115998651956053322e+01 9.268886418517645609e+01 1.127813664864503664e+02 1.089452870444023773e+02 8.893433089351015042e+01 7.739534577146341121e+01
2.280900778641429483e+01 2.214164292842160719e+01 2.147319688504661528e+01 2.080906890783984764e+01 3.892150417717418520e+01 3.646340783686659393e+01 5.689939764969382452e+01 5.632372291929029018e+01 5.913252148934073915e+01 4.493892579650249530e+01 4.319703193951497155e+01 4.514708367804022515e+01 2.537872832489559016e+01 4.297070352168351093e+01 4.147716575655481108e+01 4.143576855103691514e+01 2.182476450269006207e+01 4.143829593697729052e+01 5.558186106418622785e+01 5.342277813356958660e+01 3.334959533706499002e+01 5.057445964997604904e+01 5.256329033423665464e+01 3.544046543616500600e+01 3.824888937297862412e+01 5.831855678827854916e+01 6.541204711803223404e+01 7.371532938003471713e+01 8.804498623559756254e+01 7.972778703952521084e+01 6.704251894806446899e+01 8.115998651956286380e+01 1.011809544274593691e+02 1.185580841159587777e+02 1.115414450327280917e+02 9.153104591727647232e+01 9.106847270426929697e+01
2.787015692492547458e+01 3.971045378982891094e+01 4.105512118775395436e+01 3.988524137051661711e+01 1.986913488601468458e+01 3.759007347719335712e+01 3.837613094117723023e+01 3.707170293655079263e+01 5.482797544305572757e+01 6.503472073929580688e+01 6.329741516180271077e+01 5.344345098205194233e+01 3.710994422901217860e+01 2.330929247349046207e+01 2.183529260700038677e+01 3.932620067890203330e+01 2.095535974860417383e+01 3.473020780695879495e+01 5.477703743568787331e+01 5.820898728783098619e+01 5.342906624689438644e+01 4.128001694079544848e+01 6.126906280010206274e+01 5.550606795118601866e+01 3.992311737453630371e+01 5.999671385856333217e+01 7.309709869081636668e+01 8.726296312253994358e+01 9.448159931787917287e+01 9.535500904167520275e+01 8.702399263658898576e+01 7.856893039131101375e+01 9.009032449117016483e+01 1.101624935257602402e+02 1.198181488545192224e+02 1.115414450327280917e+02 1.110711644055217420e+02
3.345988297940145628e+01 5.472643115429767846e+01 5.262870044229624256e+01 3.251440327416550247e+01 3.895843395763598238e+01 1.892544287131696379e+01 1.824852055653522953e+01 2.898569581707701204e+01 4.471825017549173964e+01 5.070558531523524692e+01 5.903628042399168407e+01 6.540743993668766620e+01 5.125868055589777583e+01 4.296776340265724770e+01 3.828301855436742329e+01 1.971349982798880873e+01 2.150352400899226168e+01 3.209256029921088782e+01 4.445017525111752832e+01 6.621839564760156804e+01 6.728804229306086881e+01 4.732771494079875652e+01 6.728800474185194957e+01 5.999570378225732981e+01 5.999671385856333217e+01 4.471951049680556167e+01 5.893158596023791063e+01 7.518586975924186788e+01 7.449417374729263486e+01 8.865303639667099844e+01 9.760074578873059181e+01 9.857382186608718655e+01 1.069362397258073543e+02 1.175327813880167298e+02 1.093043688094999339e+02 1.175328375203964129e+02 1.163013951193449742e+02
5.545747782374233736e+01 5.545747782371914525e+01 5.273486420773500782e+01 5.273486411011087682e+01 3.769655223608175021e+01 2.499718093544575837e+01 3.722473287437087208e+01 1.727453695491441366e+01 3.636536354478506183e+01 3.061618415685036965e+01 5.071167458889596702e+01 5.856651888113183446e+01 4.552911149557232307e+01 3.726182965979628392e+01 1.862037968125099141e+01 2.482173017513215640e+01 4.418931869458204886e+01 5.290852502643407007e+01 6.175668289641775743e+01 7.730334823232213637e+01 7.433311520372561176e+01 5.440663988773904691e+01 7.433311520372561176e+01 8.002218976439147013e+01 7.187938455836814455e+01 5.183806937223937439e+01 5.065729489122986706e+01 5.516281124344269671e+01 6.035410759740726405e+01 6.930640208735702856e+01 8.083017457433891195e+01 1.008263089273481370e+02 1.192424861773581597e+02 9.928983588723697551e+01 8.927530386672091822e+01 1.075422587399797720e+02 1.171760356561578931e+02
7.455626268662091150e+01 7.636254548499297812e+01 7.299132693862991061e+01 6.692717270381579908e+01 5.134324758200792616e+01 4.033513311888224706e+01 2.039243245181490849e+01 3.649752197613593552e+01 1.631546871975427848e+01 3.561386422853910005e+01 4.392498022857981255e+01 4.059861313206194922e+01 3.039569324890853252e+01 1.750831744733583051e+01 3.143675161831015785e+01 4.432451046283656382e+01 3.517145472942822693e+01 4.496546903564017583e+01 5.886426850671838196e+01 7.876870402322516895e+01 8.260354092025104933e+01 6.591814978627117227e+01 8.260354092025104933e+01 8.601364330919933820e+01 6.602478288968335107e+01 6.602478288968335107e+01 6.485059221700534238e+01 6.673867513723219247e+01 8.034838422680340386e+01 7.300380560975582966e+01 9.298663559951509683e+01 1.091707286269018056e+02 1.104011100968095320e+02 9.928983597611005507e+01 7.919861572985270470e+01 8.891858924543502951e+01 1.089409585789528450e+02
