MOVIE_S13_data/elevation_000946.asc
nrows	150
cellsize	150.0
xllcorner	0
ncols	150
yllcorner	0
NODATA_value	-9999
[rows 119 to 135 of 150, columns 111 to 147 of 150]
1.125973321177475697e+02 1.141483795926491922e+02 1.026012890905787174e+02 9.432337966226106118e+01 9.691950951406968784e+01 8.634579823201126203e+01 6.613600433466213246e+01 8.634579823201126203e+01 8.452756645843439287e+01 6.429026322513509228e+01 8.452756645843439287e+01 9.572782093426133088e+01 7.575121261233358894e+01 6.161213504042113698e+01 5.161251716058382044e+01 4.689828766234504087e+01 4.263413267356217773e+01 5.277648636878269173e+01 3.277626543646682222e+01 4.895987903513339035e+01 5.336759238182970932e+01 3.324367358277137896e+01 2.171597922823513827e+01 3.835666757375143021e+01 4.666545475565919787e+01 5.757676756284398323e+01 5.130107469066419412e+01 3.501688204800167625e+01 1.547547542678910837e+01 3.499370453872747788e+01 4.219574579099511880e+01 5.044155918575999920e+01 3.363097758453422159e+01 4.468361119594440112e+01 5.297265040667938507e+01 4.725344149317542986e+01 3.723624900226092649e+01
1.025672551300898903e+02 1.103940065460667057e+02 1.020984464721998961e+02 9.730575959474246872e+01 1.056029248404386323e+02 9.463667683859965507e+01 7.630500103578863502e+01 9.463667683859965507e+01 9.282175200769870571e+01 7.603823522423610370e+01 9.282175200769870571e+01 9.948381640159924189e+01 8.054735806255537511e+01 6.055651303918156003e+01 7.160718038256992202e+01 6.689369007678835999e+01 5.685692840474505516e+01 3.686054634453187617e+01 4.432513268400706608e+01 6.105052135477957620e+01 6.175664665078382853e+01 5.005301473466589357e+01 4.174171303046598780e+01 2.521146705715280589e+01 3.946115418478652259e+01 5.974038792001168474e+01 5.283553467541182158e+01 3.280059646781795379e+01 1.900635485613020492e+01 3.866869359391970562e+01 5.835537876423629911e+01 6.182494838793628844e+01 4.775042066846704358e+01 6.182494838761995481e+01 5.311063956301027389e+01 3.310880544266238701e+01 1.896665645961753555e+01
8.422884660210611685e+01 9.253646285660241233e+01 8.205040021864370203e+01 7.725471786040515099e+01 9.402981780312427418e+01 1.046626032508188899e+02 9.638659542823403115e+01 1.046626032508188899e+02 1.044006658061753541e+02 9.612420858549003810e+01 1.027573149990165149e+02 8.278909151825278911e+01 7.124577751265323400e+01 8.054735806255537511e+01 7.748206056504754713e+01 5.749124937584632278e+01 4.334950823888482319e+01 4.840765097205743928e+01 6.432055822137398593e+01 7.258606228286006967e+01 7.174715964669906043e+01 6.018608393928286660e+01 4.793211608573690086e+01 2.774571471123593724e+01 3.944104311084021219e+01 5.937038182043823298e+01 6.052159418644249200e+01 4.323783869785629719e+01 2.331575053657812546e+01 3.020238778171927407e+01 4.434740312714369281e+01 6.440001244147006787e+01 6.766470580401031043e+01 6.127396845887367505e+01 5.517720715567151757e+01 4.689291285915533791e+01 3.419055307444097025e+01
6.417215611242555440e+01 8.422884660210611685e+01 8.572928525189041693e+01 6.568050790176742737e+01 7.904635946851617234e+01 9.909276049348041226e+01 1.137959452407914682e+02 1.071079935888312491e+02 9.882079581838958404e+01 1.071079935888312491e+02 1.110014728503374926e+02 9.948381640159924189e+01 9.122865579715889339e+01 7.601604174223305677e+01 6.187730870226479851e+01 5.187768900165939812e+01 5.229392010870218854e+01 6.840273291809559453e+01 7.667276044495049803e+01 7.289369172146520270e+01 6.345336003908190747e+01 4.342771728809363196e+01 3.170223816304902797e+01 4.793211607075075165e+01 4.789233072996589868e+01 6.735249477619082370e+01 5.223139375301618514e+01 3.212119329029178516e+01 3.072398099609459621e+01 5.017239123018616453e+01 5.846520352517572405e+01 6.662932566173356008e+01 5.662931601421855277e+01 4.127396002016972432e+01 4.127395993616613623e+01 2.689291119960354592e+01 3.056297988558242551e+01
5.862016809477506740e+01 7.866612152697884142e+01 7.904635946851617234e+01 5.900631798240799242e+01 7.904635946851617234e+01 9.334587898845151699e+01 9.378441994204531795e+01 9.378441994204530374e+01 7.880976170001223124e+01 9.710305775674450501e+01 9.439150044377853987e+01 1.026788654331254946e+02 1.042422113700182535e+02 9.012912655612561252e+01 8.014057223203550961e+01 6.082169985858875094e+01 6.384024576576487675e+01 8.055638844841327284e+01 7.613941434665072450e+01 5.615040054249509893e+01 4.461656693663442752e+01 3.635105773852773581e+01 5.189156976961790235e+01 4.256875306292661776e+01 6.259725365024322485e+01 7.585913310926619602e+01 5.981708502473286160e+01 3.974723239725729940e+01 4.497047139730468501e+01 4.497047139730468501e+01 6.500424302021731648e+01 5.834502894349935787e+01 3.834502712697849347e+01 2.834502712693832649e+01 2.127395931507272664e+01 1.572695735282033702e+01 1.056297955787706933e+01
5.377026219591631673e+01 6.730437529788210327e+01 7.369030710512872417e+01 5.366161298235720523e+01 6.500573117172008608e+01 8.504620967469116977e+01 9.206888162388068508e+01 7.377933012643097754e+01 6.881521367502733710e+01 8.024592219298797602e+01 7.438663183390062272e+01 9.439150044377853987e+01 9.170995607893716794e+01 9.389528242133302172e+01 8.907444684769765786e+01 7.236705738903714291e+01 8.382804705202369178e+01 9.208883603830138043e+01 8.444485611405627878e+01 7.289369085286561756e+01 5.997757256739168241e+01 3.997203103971764193e+01 5.997757098655857533e+01 6.259725365025073529e+01 5.674077764837424098e+01 7.673603744169339791e+01 6.809889465053518620e+01 4.981640695078768744e+01 6.500424302021731648e+01 6.500424302021731648e+01 7.326794457920284742e+01 6.662932566173356008e+01 5.662931601421855277e+01 4.834502803523895409e+01 4.127395993616651992e+01 3.572695779825568962e+01 2.423842445915123989e+01
5.228161061414191835e+01 4.728527943304625580e+01 6.264713883159763697e+01 4.866470633066487039e+01 6.868341536097742051e+01 8.680841212996736544e+01 8.378187754145145050e+01 6.378470079093980871e+01 6.065541727832420094e+01 6.025125626016792779e+01 8.024592218701708646e+01 8.585716456944227559e+01 7.172944201098273709e+01 7.391518242764584556e+01 9.389528242133302172e+01 9.234782264376057981e+01 1.006008428381817481e+02 9.641808403916729731e+01 8.639916423820160674e+01 7.809190078521956480e+01 6.368300801171485404e+01 4.372862769404559913e+01 5.369321522948047942e+01 7.367280071234829109e+01 7.673603744169339791e+01 8.504187326697145011e+01 7.809791919589963527e+01 6.981776309867807129e+01 7.809791919589963527e+01 7.663015210676347522e+01 6.502189450050975950e+01 5.669398426383919087e+01 6.502189450050975950e+01 6.605802305872477120e+01 5.620669154248167843e+01 4.793211178181097409e+01 3.252237986869263153e+01
7.232083922264500586e+01 6.264741859448576378e+01 4.263630638739070378e+01 6.264742265903478113e+01 7.698430688049661796e+01 6.678265816660072574e+01 8.094038118699562290e+01 7.309293660078527921e+01 5.309413646720015834e+01 5.268958237488057250e+01 7.268865049444811177e+01 7.758159908989341602e+01 5.757120665354060662e+01 7.758159908989341602e+01 7.896772019286250099e+01 8.724414984446782739e+01 9.723628352268995911e+01 8.810348113832813510e+01 6.808032044199734401e+01 5.808899026398516696e+01 5.056486477300948224e+01 5.264066067547141614e+01 7.197693977629916162e+01 7.367280057501091051e+01 9.370239626599796168e+01 8.618337702924240773e+01 7.787470617658459560e+01 7.526003044994729407e+01 8.357459234604026221e+01 6.830265951877312602e+01 4.819584416866007359e+01 3.662882515986360232e+01 4.596870558124137318e+01 4.596870558124137318e+01 4.793211178181097409e+01 2.793423414721527820e+01 3.379147657998413479e+01
7.036843350448965850e+01 6.012540820057471791e+01 4.011508188746335435e+01 6.012543893465874589e+01 5.998738707448279683e+01 5.262975030171185864e+01 7.264806623800213004e+01 6.896063708818938665e+01 6.067510498677991393e+01 4.601495175162349227e+01 6.602229452332404946e+01 7.091146827777578210e+01 5.085666353995999600e+01 6.826844720379681064e+01 5.895121328653840465e+01 6.897426159311636695e+01 8.896117879260827976e+01 9.641809016070607186e+01 7.732041544927807308e+01 6.317614208722762470e+01 6.052758475121018478e+01 6.415751008198652983e+01 8.091949163629838893e+01 9.037178081878376190e+01 8.205199508537920394e+01 7.787470617658459560e+01 5.773813454849275217e+01 5.512661882488532683e+01 7.196075578886755864e+01 7.476345684845864525e+01 6.016519070014079773e+01 4.008832890696466933e+01 2.593418734770482814e+01 4.596870558124137318e+01 4.793211178181097409e+01 2.793423414721527820e+01 1.379212925146108581e+01
5.034892904354740750e+01 4.368371364990060357e+01 3.765149414713730636e+01 5.445654226075438231e+01 3.997769357481377739e+01 5.048061237777201882e+01 5.724691251381239709e+01 6.058051767029725454e+01 4.066313188978914184e+01 6.067510562976905675e+01 7.430732188176210684e+01 6.486471713603248190e+01 4.480671814279046572e+01 4.821803248762883953e+01 6.826844720379681064e+01 8.361337709560029907e+01 9.723628352268995911e+01 1.056787709578284193e+02 9.149959518501667333e+01 8.318833054304568009e+01 7.207095894117826163e+01 8.417158776061656056e+01 9.248354326874213882e+01 7.874471193433994642e+01 6.189142732089369048e+01 7.874468621318969497e+01 6.363599982851221881e+01 4.354162578534963757e+01 5.464952256334844094e+01 5.464952256334844805e+01 5.479942368359109395e+01 3.473856625162099476e+01 2.058885777657762262e+01 3.374560065312251567e+01 4.173295257835071226e+01 3.174694489289513655e+01 2.341757476622540324e+01
7.036845098448607416e+01 6.369527466586976061e+01 5.445654226917134366e+01 3.444689322228280304e+01 3.241536963598081655e+01 3.047228178249109476e+01 4.328173261903911850e+01 5.531631467575357419e+01 3.717869288432623165e+01 5.233013941625201682e+01 6.061542274057092072e+01 5.532833823991141031e+01 3.941319416526798847e+01 4.614891791614047634e+01 5.521771713341647114e+01 6.947059687206358092e+01 8.948019350860604959e+01 9.567795419269285162e+01 9.789391428928975358e+01 1.004165342891852077e+02 9.209813082674905615e+01 9.018548131724593020e+01 8.117435648906307222e+01 7.041228566281716894e+01 5.029557684122609373e+01 5.965945248372686649e+01 6.799185736493112131e+01 5.464952256334844094e+01 3.454724322675434678e+01 4.730920799673337740e+01 5.463006932444355357e+01 4.791860635080808350e+01 2.787494947346791818e+01 1.372887684380611617e+01 2.170109715557865471e+01 2.341576974122278898e+01 3.406033128525004727e+00
5.684161765311380066e+01 4.867598032399175878e+01 4.200919807787051496e+01 4.859395344808216066e+01 5.242444070883036034e+01 4.777058803549991950e+01 2.776269024469291580e+01 4.777054697160993868e+01 4.773662264557973600e+01 3.232523371476587926e+01 5.233014520656310253e+01 3.921911985012926749e+01 3.561634819878632641e+01 6.252270731881642973e+01 7.463388098118498704e+01 8.361337709560029907e+01 8.978650916749242583e+01 7.550772068824392136e+01 7.771199391065754014e+01 9.789391428928975358e+01 9.612748993984703816e+01 7.595268539817048747e+01 6.168986123123858079e+01 5.270996299359110537e+01 4.514005608153255622e+01 3.958939000050174428e+01 5.374111268593534874e+01 4.994960437710525269e+01 4.668950071062123186e+01 2.705013833051066996e+01 3.444975333306474141e+01 3.583390126516465557e+01 3.698651530950788668e+01 2.756830599255255265e+01 7.556741440893969930e+00 5.822521501845722369e+00 2.337977167496956099e+01
6.869180316695538124e+01 6.201986221930081200e+01 5.615543538412619284e+01 6.861005372868032737e+01 6.005090784483678590e+01 4.003537037178303137e+01 2.588938840070724723e+01 4.332464009684795059e+01 2.773566742324317858e+01 4.773662264300747182e+01 5.096667515654619507e+01 3.096063962286439519e+01 5.096667515670162629e+01 6.071482998619242721e+01 6.899249416434975046e+01 7.898679159491625512e+01 8.141544530358090981e+01 6.133430055411584192e+01 8.141544530358090981e+01 9.045055900646771363e+01 9.266305644771026095e+01 9.018548608457568605e+01 7.948037930339010870e+01 5.933004025202407661e+01 6.523193791696107269e+01 5.374111406891562126e+01 3.367833137403417965e+01 2.985386701927659203e+01 2.649166703466375949e+01 4.036043001255072227e+01 1.961662366200324570e+01 1.462689292952356368e+01 1.238919649229537967e+01 1.029108514899297155e+01 2.756830599329555653e+01 1.996660501778459818e+01 3.388483421350633051e+01
8.871976516986549655e+01 8.204377783556218162e+01 7.617784087959405781e+01 7.419983956311855877e+01 5.418520241089829881e+01 4.003534514028995517e+01 4.332473342661127447e+01 2.331800080586438284e+01 4.151683629565233247e+01 5.144068600210526654e+01 4.367950390654379333e+01 2.771555781244958894e+01 3.404221368262336256e+01 4.071281647044321517e+01 5.071864964956586164e+01 7.071101032281902121e+01 7.472173038709262016e+01 5.466726596740330280e+01 7.472173038709262016e+01 7.031168529871202111e+01 7.251253476290337119e+01 9.266305722703316405e+01 8.780378925238889565e+01 7.948037930339010870e+01 7.385432613355109766e+01 5.374111387318066591e+01 4.060234691489291947e+01 4.994960378532371692e+01 4.217323207080814740e+01 2.166542851423128013e+01 1.856769525966776513e+01 3.348870418847521080e+01 1.629407605851184115e+01 2.443593676710906593e+01 3.860132593948370783e+01 3.999601210996176093e+01 3.417017447914356865e+01
8.761836223497742537e+01 8.265246509513119122e+01 7.436771646243289524e+01 7.436771646243289524e+01 6.833424398671661493e+01 5.591552074135101691e+01 3.590972280166317177e+01 2.176568666713373190e+01 3.959980785430340688e+01 3.999609288996124690e+01 2.367454037904615305e+01 3.123527183019762532e+01 5.118728276779979325e+01 6.071482998619242721e+01 6.899249416434965099e+01 7.898679159488811763e+01 6.893250517151187751e+01 4.889233742655402892e+01 6.618074910561966817e+01 5.615127320118865129e+01 7.031168529871202111e+01 9.045055900646771363e+01 9.045516527279158936e+01 8.766253289863018949e+01 6.750911950244324089e+01 5.328629173886749726e+01 6.068335187001227382e+01 5.039749081298510447e+01 3.025225354078347095e+01 4.217323214946934939e+01 2.494757958028607447e+01 4.032424680310661813e+01 2.133905759932164869e+01 4.032410076658957365e+01 5.276369908379674456e+01 5.369143995975255024e+01 3.416730173230402556e+01
6.761321286697967992e+01 7.436771646243289524e+01 5.436350321053932078e+01 5.436350321053932078e+01 6.565015323891478261e+01 5.736474242769712362e+01 5.005560457286736664e+01 3.959962268543376496e+01 1.959637418846476820e+01 1.999215396869684369e+01 3.999125933661797916e+01 5.117674665616400631e+01 4.533264147631223295e+01 5.675573123166510925e+01 7.617245052764832280e+01 7.777257328046118801e+01 5.769635762774370136e+01 4.353949174736298744e+01 4.617127456671221353e+01 6.618074910561966817e+01 7.908547167185261628e+01 8.466200987391309241e+01 7.076295502067547716e+01 8.466200987391309241e+01 8.173868327405824630e+01 7.341191758430457526e+01 5.986699663692103002e+01 3.977914138135841426e+01 5.039749085868977119e+01 5.134354711084833411e+01 3.122222381935766577e+01 4.860606509064454883e+01 3.192914386512155644e+01 4.860613353399023140e+01 5.127213366001778638e+01 3.972546651530097250e+01 2.541215306307905664e+01
5.606400070448250972e+01 6.451884786111320125e+01 5.897089115831993666e+01 4.021895406235218218e+01 4.953020224179757491e+01 3.736105749206914339e+01 4.238505057332324810e+01 4.788596195730089988e+01 3.745542178405700895e+01 1.745214783580361129e+01 3.695281682362030296e+01 4.917948526292706646e+01 5.794096250116736257e+01 6.836807089620390343e+01 8.413291670884521523e+01 7.215634932792828238e+01 5.871684580476834014e+01 3.866388299768482284e+01 4.017416829726396088e+01 5.070598296987733278e+01 7.073738423538549114e+01 7.280003484434064376e+01 5.669038393100520068e+01 7.581660509012870364e+01 8.722234197214940821e+01 7.409841779276804630e+01 5.397214902124503766e+01 5.397214902124503766e+01 6.819741462187876380e+01 5.803682231874765307e+01 3.795699669504963936e+01 5.803682231874765307e+01 5.179305239884557466e+01 6.011441468087499373e+01 4.298926743411202267e+01 2.298944778264729649e+01 1.144244256005167060e+01
