MOVIE_S13_data/elevation_000746.asc
nrows	150
cellsize	150.0
xllcorner	0
ncols	150
yllcorner	0
NODATA_value	-9999
[rows 85 to 101 of 150, columns 74 to 110 of 150]
1.042261144993145479e+02 1.124647816345013496e+02 1.113507515001557096e+02 9.711605756727033167e+01 1.045214755265109261e+02 8.673039482267728317e+01 1.069085583982119942e+02 1.155370313668504423e+02 9.539011676711461973e+01 8.094061403234485397e+01 7.064737161925322084e+01 7.136233041170608260e+01 8.933602669375117955e+01 9.415299340670252093e+01 8.211825269459097854e+01 9.656026674653364239e+01 1.166886592002246061e+02 1.261631822415401416e+02 1.202431629227476009e+02 1.002802031544427024e+02 9.809517805649139177e+01 9.740503898448164932e+01 1.115189577395184131e+02 1.218416722290695020e+02 1.109025753402051322e+02 9.438832740916856778e+01 1.019278667169825781e+02 1.159140762941520677e+02 1.033425568611388741e+02 9.345823985940283762e+01 8.516006882048802140e+01 9.335942372755495455e+01 9.338485295920835938e+01 8.798573138621253520e+01 8.796422467120500244e+01 9.649727607635783500e+01 9.804335600297159203e+01
8.411449901441483235e+01 1.008908272206836472e+02 1.030119608683353221e+02 8.280762757895584514e+01 8.431789163447233193e+01 7.905323966694746218e+01 9.337709004797729051e+01 1.135374727705098366e+02 1.095830957523550353e+02 9.945644922523942455e+01 8.591682349101792227e+01 6.539196011445497447e+01 6.884803925468509078e+01 7.371633441194271086e+01 8.822216604600414769e+01 1.084712773912195729e+02 1.202725022770877814e+02 1.061715087761456289e+02 1.202725022770877814e+02 1.202431629227476151e+02 1.180625111819548749e+02 1.173740063842662238e+02 1.207137836755463098e+02 1.124884311733189719e+02 9.386588191045409246e+01 8.293926817757358094e+01 8.797602920133837756e+01 1.060364850179332592e+02 9.300840708071392271e+01 7.513519605525272027e+01 6.513200485357799607e+01 8.339694075592112199e+01 9.278039860947984607e+01 8.464069450092365798e+01 9.278039860947984607e+01 9.240642176088329052e+01 7.888583513419840187e+01
7.235994819752347951e+01 9.186857108469311584e+01 1.041215274019281054e+02 8.429151897746322675e+01 6.991468050055678418e+01 9.023538435217911058e+01 9.411808134493161049e+01 1.024391262314003939e+02 1.083641086240943707e+02 8.811277945651396237e+01 8.285715749706984923e+01 6.230369227512356645e+01 8.285715749706984923e+01 9.415299340670252093e+01 1.024786864367826382e+02 1.013847448022072371e+02 1.096774106954453316e+02 9.183267747766805655e+01 1.112790400148569887e+02 1.213271225991261275e+02 1.181853759222364175e+02 1.099706961794606883e+02 1.099706961794606883e+02 9.275350494519862821e+01 9.386588191045407825e+01 7.392945071961605663e+01 7.797281295283326585e+01 9.783970570846199166e+01 8.476766252527463053e+01 6.480487704504763258e+01 5.514251050045868396e+01 7.513519605524884071e+01 8.292787345207121064e+01 6.491324920702091106e+01 8.292787345207121064e+01 8.449694308593929293e+01 6.494052250192757469e+01
6.320025832700251556e+01 7.764013793479293213e+01 9.778036691878649833e+01 8.578971721722105315e+01 6.542694019231983305e+01 7.978417390664478148e+01 7.384687504500675459e+01 9.411808134384132529e+01 1.024849642507273302e+02 8.215962559381833330e+01 6.761324502963259420e+01 5.979964804877190687e+01 8.036468372984325015e+01 8.150779806763132740e+01 8.545768757110884906e+01 8.104063108863950049e+01 9.432732860978397582e+01 8.266644855076887666e+01 9.290685303054806354e+01 1.130847232391377304e+02 1.099706961794606883e+02 9.026405570418104674e+01 9.026405570418104674e+01 9.090164687840476176e+01 7.648260939827083860e+01 6.714771675877456403e+01 8.722040484264852012e+01 1.005830495792362171e+02 8.259142095152148499e+01 6.261805215852016460e+01 4.862130156664211000e+01 6.121927625957945196e+01 6.469458670252042509e+01 5.461208152783765257e+01 7.477697185382425005e+01 8.592707594946536176e+01 6.641276832890071091e+01
6.801468487987419564e+01 8.832595835805473428e+01 9.635524764054052582e+01 8.802049423925625149e+01 7.978417390664478148e+01 5.936848720826491643e+01 7.384687504500442401e+01 9.411808131058992899e+01 1.083641086240943707e+02 8.811277945651396237e+01 7.802108040904563779e+01 5.745886265820359284e+01 7.611149282447226483e+01 6.095927810504967681e+01 6.493345772726283371e+01 6.915457951971981743e+01 7.389165979133906603e+01 8.575441006156491142e+01 1.060381531266963435e+02 1.213271225991261275e+02 1.156206684057410854e+02 9.603599706498519595e+01 7.615074429876240458e+01 7.089833511600760119e+01 6.634096121849809435e+01 6.235737270535980059e+01 7.239369284625691137e+01 8.648837261044778302e+01 8.660114395183560987e+01 7.215200763296566322e+01 6.121927624451593175e+01 4.142678585190256513e+01 3.966903733978650592e+01 5.841427731631060993e+01 7.836909184128678874e+01 7.749477064151190575e+01 7.116746655864530169e+01
7.250339027689307159e+01 8.408324278802885487e+01 8.739192224311855739e+01 6.769992693422342711e+01 7.142882051218488471e+01 5.576351351523160105e+01 6.758162640385937436e+01 8.791323598637148962e+01 1.004661853467959816e+02 9.208953108106676666e+01 7.570765030779097060e+01 5.516329663793592886e+01 5.556536440764140394e+01 7.611149282494876900e+01 8.545768757110884906e+01 8.963906527325470108e+01 8.839736657061366998e+01 1.026520184169007592e+02 1.143096429796375730e+02 1.213447360575828924e+02 1.016443211013605747e+02 8.770639942108969933e+01 9.603599706498519595e+01 8.253855334547613154e+01 8.642877039082060264e+01 7.824505937528692812e+01 5.810828325809657713e+01 7.824505937528692812e+01 6.664720729342872119e+01 6.390234389003595084e+01 4.418590391917667404e+01 5.874681729296490573e+01 3.907167195943476656e+01 5.640348181110569925e+01 6.462865525917101195e+01 5.451632826872661752e+01 4.761920096009620806e+01
5.558482742806083365e+01 7.585118875455263776e+01 6.708713778175491882e+01 6.708713778175491882e+01 5.106609024514413875e+01 7.142882051218488471e+01 8.454453588387346485e+01 9.624721053838459284e+01 9.209021277075467538e+01 7.160953920210261003e+01 7.759884700518210821e+01 6.983312944027794344e+01 5.198267897414275041e+01 6.648105959025225786e+01 8.696073100177619608e+01 1.069502761171700485e+02 1.086434765002882443e+02 1.060273993087621420e+02 1.082064219321816552e+02 1.164301544941147171e+02 1.156206684057410854e+02 1.074144390498492783e+02 1.105242434726875587e+02 1.023258450986104009e+02 8.957405416674025389e+01 6.956476020543124150e+01 5.532560530336659355e+01 7.155820527062093106e+01 6.664720729342870698e+01 4.685371580314480866e+01 6.390234389003595084e+01 6.697914496222389857e+01 5.640348184373067397e+01 3.665420779855180200e+01 5.413803146094766561e+01 5.164737078828878936e+01 3.102254222753659008e+01
6.294832558080253193e+01 7.142164855001362866e+01 6.303239925774611407e+01 4.681481796211230773e+01 6.708713778175491882e+01 7.981109051497431039e+01 8.716714135593666413e+01 8.976023142613564687e+01 8.138355074908862719e+01 7.760926994044831417e+01 5.706705602296516133e+01 4.940210741280309747e+01 6.968424546230053807e+01 6.647939256558383647e+01 7.834683772441448468e+01 9.866737254129411383e+01 1.000697867833667800e+02 8.588446951270456964e+01 8.809333773465789363e+01 1.067092023943357191e+02 1.182050444489414218e+02 1.166719284282983011e+02 1.050478263819564120e+02 9.605341149407743728e+01 8.770168184374178111e+01 8.170783541650000359e+01 7.081775031107171969e+01 5.155352364513274210e+01 4.958231328803072557e+01 6.664720726887759383e+01 7.490240856851598039e+01 6.698428078219018289e+01 4.718941853134725761e+01 5.413803146104271491e+01 3.428138134102105994e+01 3.260137947253048907e+01 4.258203736469249634e+01
6.020528865013900344e+01 5.915150506562726207e+01 4.285423759899498464e+01 6.303239925774611407e+01 7.547617372325734664e+01 8.115323932586795763e+01 6.677617962410779739e+01 7.798673590254142596e+01 6.091322725167640328e+01 7.798670360971475191e+01 6.804116634519824913e+01 4.766691897979381309e+01 6.804116634519739648e+01 7.295218233594465573e+01 7.663416057249190771e+01 8.050770870318109473e+01 8.459941616437143352e+01 7.140735569189712351e+01 7.827229870092440933e+01 9.004609725152913313e+01 1.100309249565154630e+02 1.082633797819306949e+02 8.819880969671862658e+01 7.660498911573098724e+01 6.753992079913993507e+01 6.191496489362600641e+01 5.673028142734980150e+01 5.815248319826311274e+01 6.949135629433483530e+01 7.774752337918924638e+01 8.106911991984985377e+01 6.115014939067891220e+01 6.698428078219018289e+01 5.454231531178589876e+01 3.473747952066056399e+01 5.248092009852964424e+01 4.885095960256064274e+01
4.007787604646104995e+01 3.902028234629659664e+01 5.774581909456619400e+01 6.610169137780148674e+01 7.901936004172155492e+01 7.257389823644412274e+01 5.238804628691310938e+01 5.984917383998599405e+01 4.918998423833861722e+01 6.267421776835106328e+01 6.411454743701750658e+01 4.595907191448199569e+01 4.897525356034618937e+01 5.246095778256415798e+01 5.610436131882349997e+01 5.997838480700803387e+01 6.410473421318508258e+01 8.459935810267877798e+01 9.849266227663373741e+01 9.471899801284028797e+01 1.141820008246681226e+02 1.146313841004158718e+02 9.450220852197871579e+01 8.032341209078211364e+01 8.516960765650388510e+01 6.495831145801784601e+01 7.691786325418914316e+01 7.796435313537874379e+01 6.888056840498062172e+01 8.839554907480950874e+01 8.930020960950329822e+01 8.106911992207795947e+01 6.993305560824462930e+01 5.017169031810204416e+01 3.624662724201655806e+01 5.595539366021539252e+01 6.654571036673145557e+01
5.157609980414226669e+01 5.774417614354725714e+01 3.762324764679966904e+01 5.044572264393395500e+01 6.474692206890119905e+01 6.555185523623356403e+01 5.239868249771870978e+01 3.966191767861705841e+01 4.105105520332441671e+01 4.245818625913948807e+01 4.386683341190504137e+01 5.140167959919966023e+01 6.937332660765538606e+01 5.914952124732372596e+01 7.663416057249190771e+01 8.050770870318109473e+01 7.865323293571637464e+01 7.865323294670599807e+01 9.895479491507506964e+01 1.141820008246681226e+02 1.134863852462198395e+02 1.131536756001192288e+02 1.087792483328509547e+02 1.003979075492082131e+02 8.516960765650388510e+01 7.212716379473317829e+01 9.230275706412980696e+01 9.647298634779740212e+01 8.026784345594050762e+01 9.647298634779740212e+01 8.973523914934716572e+01 7.978253685468469314e+01 7.155515439233478503e+01 5.740305956728724368e+01 3.775645259348799954e+01 5.740415085635554249e+01 7.455501421369962145e+01
7.129916817066657586e+01 5.399027563988888545e+01 5.637857187662948633e+01 3.623528777838193093e+01 5.637074553109345487e+01 5.597945041893373030e+01 3.771952263029367458e+01 5.790231382368802571e+01 6.124717825956578565e+01 6.261693918593587682e+01 4.985836145852328372e+01 7.013901165251446912e+01 6.301052041888022615e+01 7.968521146923812637e+01 7.109213418691078346e+01 9.176661917869854790e+01 9.895478862417165544e+01 9.895479844045232198e+01 1.072336731920520378e+02 1.059778244797370235e+02 9.129214083743765684e+01 9.250987052096218122e+01 1.071148855759847578e+02 1.138180276074453161e+02 1.007049928548950959e+02 8.222224538651816772e+01 1.007049928548950959e+02 1.076528811849566978e+02 9.949820142466613504e+01 9.557687998221999237e+01 7.570608998895320951e+01 6.158474437910794563e+01 5.174552372682736490e+01 5.885292377693711074e+01 3.925988624232280699e+01 4.660911851869729361e+01 5.792866980676824085e+01
8.214723947946600902e+01 7.398934065222934464e+01 5.540948332249302410e+01 3.526209074628738449e+01 5.408466950603559553e+01 3.579189954095480175e+01 5.598102016368876832e+01 6.632704882785975542e+01 8.062577709604013876e+01 6.068206399636434867e+01 7.017902382869532119e+01 7.862772132387416946e+01 7.286096559445519460e+01 9.003499350976885296e+01 9.176661917869854790e+01 8.801309871068399104e+01 1.084678700004554628e+02 1.017810617385102034e+02 9.953619781858944293e+01 9.525755181510871239e+01 7.650962514817007332e+01 7.807046901655932913e+01 9.250987052096218122e+01 1.131536756001192288e+02 1.108135431045762971e+02 1.023832687417415599e+02 1.108135431045762971e+02 1.128006353411486629e+02 1.016928042017760276e+02 9.026223913213912908e+01 8.209735612134245741e+01 7.503180614884512067e+01 6.096652502571240717e+01 4.140164077565115974e+01 5.885678459832472953e+01 6.634125260804390223e+01 7.455591959633716215e+01
7.190970786144509930e+01 6.664623484659911412e+01 6.154927467183673429e+01 5.272849274695250443e+01 3.389180408861971472e+01 5.407622544454958557e+01 5.224486293379417390e+01 7.260222085888007371e+01 8.863257782026207110e+01 7.997061761265780433e+01 7.684214188083683439e+01 9.561074445213183992e+01 9.104939998344464414e+01 9.058040637583386001e+01 1.071341779856645360e+02 1.084678700004554628e+02 1.017810617385102034e+02 8.138156002814984902e+01 7.915559922176666419e+01 8.672880038703323180e+01 6.638817627433253676e+01 8.072014856197405663e+01 1.012349691753161522e+02 1.153986490902705810e+02 1.239378958716604018e+02 1.168571347549941919e+02 1.070707004311799153e+02 9.324048864464528208e+01 9.356640465163775389e+01 7.370278202066189976e+01 6.211603700454538313e+01 5.512043333292609049e+01 4.926854531344953614e+01 4.396513912350025777e+01 4.422019183397330266e+01 6.384343713872695503e+01 7.240559084283928826e+01
5.221559515169825971e+01 4.683406962295330089e+01 4.198510166996448589e+01 3.750525386456904897e+01 3.311045786977346950e+01 4.733811845581256250e+01 6.760218443297397073e+01 8.100663416133919270e+01 8.369367432422320974e+01 9.197666509013539837e+01 9.522926422586775175e+01 9.422950681328731548e+01 8.570272729710337956e+01 9.449036985498054264e+01 1.066326292003659120e+02 9.820210176675304581e+01 9.911416492029880487e+01 8.512493833842181346e+01 6.486115326278081739e+01 7.468086122525127735e+01 6.118046601529302819e+01 7.548025894921148904e+01 9.589371152796159947e+01 9.484880874998930267e+01 1.120623257830837218e+02 1.087624612181790127e+02 8.917691845897074643e+01 7.919517380747988966e+01 8.963502023409611752e+01 9.026202242357969396e+01 8.209735608309436827e+01 7.503180610113308546e+01 6.618707560887087027e+01 4.650693989417095509e+01 4.667545305015709545e+01 4.898846754408157977e+01 5.249549719584354790e+01
7.190970786144509930e+01 6.664623484659911412e+01 6.156105841999708161e+01 5.214199596465804376e+01 3.234341520265576975e+01 4.656739428393301949e+01 6.689842364674159114e+01 6.865626542126824461e+01 6.279396907320359134e+01 8.369367867244775994e+01 9.765223509506836308e+01 8.236386992883824121e+01 6.246710128799409034e+01 8.236386992883824121e+01 9.714856866899171450e+01 7.635100017135935957e+01 7.984678161928833617e+01 7.031465450859685973e+01 5.723903643505055783e+01 5.445851391762428761e+01 5.866283876779291973e+01 7.890075939435617158e+01 9.173599986942846840e+01 8.309912288610806286e+01 1.035341932380053578e+02 1.168571347549941919e+02 1.070707004311799153e+02 8.964787148348558787e+01 6.965905370434151678e+01 8.148757939783115489e+01 7.769261685875268597e+01 7.004085309555891570e+01 5.020535345727142840e+01 6.618767736132177504e+01 4.914456016334239052e+01 6.876159686561045703e+01 7.240555143063130572e+01
7.342284146363735431e+01 6.734720424532747529e+01 5.542256454943554189e+01 3.632034331918419667e+01 3.157882886833583314e+01 5.277005496984424582e+01 5.771165997591815255e+01 4.837035690966762047e+01 6.865626429616885673e+01 8.769197769304915369e+01 8.669839969914116296e+01 6.485342896567624393e+01 5.203646349861667630e+01 7.308287319432585605e+01 7.635084274588314202e+01 7.635084274588314202e+01 5.922301676595866127e+01 6.659504118099580694e+01 5.012856497930141586e+01 7.031465450924984850e+01 7.890075939362911583e+01 6.504090029853524868e+01 7.141710717939963615e+01 8.574357492454898022e+01 1.062029934428594800e+02 1.142457883204303926e+02 1.044483270553703278e+02 9.634317682235801783e+01 8.148757941980666430e+01 6.140640708115989810e+01 5.765087373454193909e+01 5.407006955624955680e+01 7.004085309555891570e+01 7.155209779776654955e+01 5.165462299000997604e+01 7.155091692405474646e+01 8.651405891331177145e+01
