MOVIE_S13_data/elevation_000215.asc
nrows	150
cellsize	150.0
xllcorner	0
ncols	150
yllcorner	0
NODATA_value	-9999
[rows 68 to 84 of 150, columns 37 to 73 of 150]
7.687223462659333961e+01 6.739590631154473499e+01 4.758876893587577683e+01 5.505692888323609679e+01 6.904296287050667047e+01 8.901753695053497495e+01 8.092296494623967362e+01 6.422068377947012152e+01 7.523411928478567745e+01 7.573684396190608936e+01 5.624351586068386410e+01 3.634083474275831094e+01 5.609661599210325278e+01 5.721139023350092145e+01 7.560209339230250691e+01 7.423961214018152077e+01 6.598037924854472180e+01 4.993235241683503034e+01 6.971978240695291618e+01 7.681266646427228295e+01 7.995966771823647434e+01 8.564861176892921435e+01 9.172527374314338999e+01 9.844196163095990926e+01 1.067309327231030949e+02 1.167696535861583698e+02 1.220372415522139704e+02 1.058729900622950453e+02 8.625705524923778000e+01 1.058729900622950453e+02 1.219662609541832552e+02 1.204919914866024300e+02 1.284241150565911482e+02 1.219546086318133007e+02 1.354927267029604820e+02 1.275813217492776062e+02 1.185887272092055156e+02
8.483060147868761192e+01 7.052689623887596326e+01 5.072477723612635714e+01 7.052689623887596326e+01 6.904296287050664205e+01 8.901753694907674230e+01 9.244583445941020727e+01 8.415423810492775658e+01 8.773048001412034580e+01 7.366567823398484904e+01 6.446786586028294153e+01 5.620781587350798958e+01 3.791395369838080853e+01 5.776448314116477434e+01 6.798233613725336966e+01 8.792682110406884988e+01 7.798857384223289557e+01 6.388592075656347902e+01 5.384616892649975028e+01 5.699467235008561516e+01 6.025674887101610722e+01 6.568567344957237708e+01 7.163614046246902944e+01 7.829189796751047936e+01 8.837586319933734558e+01 1.085080600625825298e+02 1.209613806798667355e+02 1.014735424979828480e+02 9.014471607995430702e+01 9.555153432748485898e+01 1.024825369736970799e+02 1.162795515606722461e+02 1.356951918972720250e+02 1.410877431144650132e+02 1.335008722255734028e+02 1.133605518385981981e+02 9.914461697958667230e+01
6.488276134592867095e+01 5.792007804273539051e+01 7.052689623297071364e+01 5.680723232712369253e+01 7.665073372085653602e+01 8.901753694907674230e+01 1.090722377849422315e+02 9.014703394608984865e+01 7.866725492960863164e+01 5.960087645384940203e+01 4.563425405209447661e+01 4.231323532304050872e+01 3.903368546315188325e+01 4.793569036410804785e+01 6.226466585154297206e+01 8.383971393983793519e+01 9.209122675802269953e+01 7.962930243068237246e+01 5.976282007171912625e+01 7.681266646427228295e+01 8.012502485673671515e+01 6.645334498958172276e+01 8.644783904429597499e+01 9.844196163095990926e+01 1.067309327231030949e+02 1.167696535861583698e+02 1.290203653317247188e+02 1.170830309258193154e+02 9.757601533917953418e+01 9.732528446444315762e+01 1.168334451787346069e+02 1.162795515606722461e+02 1.356951918972720250e+02 1.405305599278559043e+02 1.322292371082564273e+02 1.275813217492776062e+02 1.185887272092055156e+02
7.042807157768851312e+01 7.777797496473803562e+01 8.162695656816254086e+01 6.172206515925859094e+01 7.297970620530220742e+01 9.298493298091042902e+01 9.578805131573672327e+01 8.185618207230739074e+01 6.202743299580123448e+01 5.067344428293612424e+01 6.541195321848231004e+01 6.007436818617090069e+01 4.023744103451871723e+01 6.007460436533008874e+01 7.292083448530515000e+01 7.292092769454222889e+01 9.290362155841617664e+01 8.629055872813155759e+01 6.630678983590043174e+01 8.629055872813155759e+01 9.475165840238943815e+01 8.644783904429597499e+01 7.345278562450855020e+01 8.348707702098548111e+01 9.513931587188790218e+01 1.152120759041204678e+02 1.308292573301922062e+02 1.113891575176770203e+02 1.170830309258193154e+02 1.027538852392816722e+02 1.222371231151610829e+02 1.356951918972720250e+02 1.437681960654293789e+02 1.289104620447530749e+02 1.120672493530593385e+02 1.238784335945139361e+02 1.155527836684092620e+02
8.454634893754523262e+01 9.319441609464089993e+01 7.315898848491329431e+01 6.869628822666281565e+01 8.869897391796781960e+01 1.012880674560450132e+02 8.748545966402926410e+01 6.758295782473442159e+01 5.624279025452682390e+01 7.040804845529295619e+01 7.070820423327631943e+01 5.084957967632210796e+01 4.144718420214017840e+01 6.124073534749530978e+01 5.309793748098461208e+01 6.707762126938804670e+01 8.702791731525127261e+01 9.458946610856645520e+01 7.624281263631584693e+01 9.458946610856645520e+01 1.077757011207609992e+02 8.766469138282654683e+01 8.766469138282654683e+01 8.615979961401104958e+01 1.062805490445953467e+02 1.234547125004044403e+02 1.388941363565284064e+02 1.308292573301922062e+02 1.302930285420988525e+02 1.125202691819268921e+02 1.140272404069144869e+02 1.334520314567166963e+02 1.349691661846122201e+02 1.205887080503955247e+02 1.004450105224507155e+02 1.089587388601621853e+02 9.548473323849030692e+01
1.046186471996796143e+02 1.015017910352758150e+02 8.470304722768723593e+01 7.759763613392603077e+01 9.700909105396326026e+01 9.657680180614678989e+01 7.656946281476537308e+01 6.259630110692818761e+01 7.599474486956525254e+01 8.427337011565667524e+01 6.853639040080695111e+01 5.688125836966275273e+01 6.127846931459919944e+01 4.318943710925567814e+01 6.301030324250528025e+01 7.292092769454221468e+01 9.290362155841594927e+01 1.046235840802624182e+02 9.633830481994749562e+01 1.046235840803151973e+02 1.160378739405394697e+02 1.077757011207609992e+02 1.077757011207609992e+02 1.062805490445953467e+02 1.062805490445953467e+02 1.262694856012298885e+02 1.241956604263122870e+02 1.323733044655749893e+02 1.400132734015371057e+02 1.262813091726048356e+02 1.252674419620964983e+02 1.415147624082193545e+02 1.266579692416170673e+02 1.064724329076741469e+02 9.644039369811275719e+01 8.898974082185175405e+01 8.416682826535462425e+01
1.025137190782029677e+02 1.130912099264595838e+02 1.047938416798036485e+02 8.918356922652702679e+01 1.059864094056340349e+02 9.877297158548465461e+01 7.875636008287213485e+01 6.803073067237212967e+01 8.795565699062044018e+01 9.582379382973721249e+01 8.332724525479048339e+01 7.534914646591296616e+01 6.425789518876804607e+01 4.444536976577589371e+01 6.425845578039862005e+01 7.437662058629898354e+01 7.944631064603269976e+01 8.771969113430412790e+01 9.925046913788936820e+01 1.038549301309447088e+02 9.799098286225344623e+01 9.858447499302850758e+01 1.068483718104261015e+02 1.081557897829010386e+02 1.093607706445572489e+02 1.175824381698118515e+02 1.042612371853736306e+02 1.208966010570277092e+02 1.349373016066454340e+02 1.456490087689666382e+02 1.446323886259151266e+02 1.527237554535416848e+02 1.349691661846122201e+02 1.248940495137186701e+02 1.165652010746456710e+02 1.089587388601621853e+02 9.110132749099905425e+01
8.714671198678598785e+01 9.433520028565303051e+01 1.026932187186490495e+02 1.092866829863210683e+02 1.175786543751248985e+02 1.070791794130275036e+02 9.399071553527791423e+01 7.397469071067364155e+01 9.399071553527791423e+01 9.547931246343578948e+01 8.445635996899487452e+01 6.453080627811273473e+01 5.057334367613312764e+01 6.425845578039862005e+01 4.631665981237781438e+01 6.610565174127054888e+01 5.959973720176229506e+01 7.100594669179743335e+01 9.097620549570564208e+01 8.367093447191064115e+01 7.773937621479160498e+01 7.832654251010374935e+01 9.033264028206919249e+01 8.803461608467165433e+01 8.926447136750920208e+01 1.019677726850160582e+02 9.263358362168804661e+01 1.068559005074103538e+02 1.202473645860296472e+02 1.284318959245538281e+02 1.383441010776943472e+02 1.371658820382232307e+02 1.288402502129017648e+02 1.288402502129017648e+02 1.274922115304463262e+02 1.073735965362577076e+02 1.051720197138111104e+02
6.680245419815908292e+01 7.400308499521685235e+01 8.578276562879901235e+01 1.060180432911220407e+02 1.209062411357845406e+02 1.008143924393478699e+02 8.660534566625821640e+01 8.810543464736009867e+01 1.023037650029724972e+02 8.715754808576407697e+01 6.718406419632850657e+01 5.733408192737611131e+01 7.036686586803310206e+01 7.438666008984186817e+01 6.611709082563432105e+01 4.820834505582893570e+01 6.799526456740342439e+01 7.360363232841694980e+01 7.919177714889983122e+01 7.940011255102194809e+01 6.341264734543496218e+01 6.653855076832292070e+01 6.995714053150088318e+01 7.358970721524937630e+01 7.749067767666673490e+01 8.177921230748026460e+01 8.743875374008302970e+01 9.354635287692798329e+01 1.002638382460916233e+02 1.103081511565032287e+02 1.301865780155560515e+02 1.288402502129017648e+02 1.086658668597772817e+02 1.086658668597772817e+02 1.229158744490003272e+02 1.274922115304463262e+02 1.252933850521890662e+02
8.714671198678598785e+01 9.433520028565303051e+01 1.026932187186490495e+02 1.143597056144999158e+02 1.141132150075948175e+02 1.150040388811358412e+02 1.066991583748808523e+02 1.081990404732643611e+02 1.102666442878196307e+02 9.547931246344435863e+01 8.292002095829012376e+01 6.300415662410180317e+01 8.292002095829012376e+01 7.296070535569863580e+01 5.200280239180798247e+01 4.963372078007715515e+01 6.936014154947808663e+01 5.376689149799515377e+01 5.652354698947712563e+01 5.931431740031577959e+01 7.940011255102194809e+01 8.688855222078665008e+01 9.033264028206919249e+01 9.392797141545064221e+01 9.775816684723822902e+01 1.019677726850160582e+02 1.075439511627724727e+02 1.135861891393836771e+02 1.202473645860296472e+02 1.284318959245538281e+02 1.383441010776943472e+02 1.288402502129017648e+02 1.086658668597772817e+02 9.450772434086096041e+01 1.056005347783456187e+02 1.115178210412497180e+02 1.198523009435488262e+02
1.000908595999488000e+02 9.953775920616683948e+01 1.077982765467610307e+02 1.083174841606699488e+02 9.421664150758209644e+01 1.083174841606699488e+02 1.098014193724862650e+02 1.161799513790052316e+02 9.604863664538127921e+01 8.182293436220665228e+01 7.289392412546101241e+01 8.292002095829012376e+01 8.054121367304968260e+01 5.910029832888985624e+01 7.296021581521002020e+01 6.933915935344647608e+01 5.165374072031355013e+01 7.121261363381498199e+01 5.627680004335780239e+01 7.578529628358330683e+01 8.657047032211573878e+01 9.832498889554402410e+01 9.881887601666079490e+01 1.070669881771995335e+02 1.054696933070789981e+02 1.136984692794305118e+02 1.099690015706158164e+02 1.181814728866278585e+02 1.270862297584216094e+02 1.385213681863959607e+02 1.431472941651265387e+02 1.315121361470008310e+02 1.198179916965565326e+02 9.971147130036750639e+01 8.576921890325381526e+01 9.155343869381954391e+01 1.082988590783585607e+02
9.639162684107434131e+01 7.985780509316072084e+01 9.639162684107434131e+01 1.000442129633592714e+02 8.024259757168263718e+01 1.000442129633592714e+02 8.993629384747016786e+01 1.040167059402769638e+02 1.102666442878273187e+02 1.012719534408109041e+02 9.294611779111914984e+01 8.863332068434233690e+01 6.800241490601129613e+01 8.054121367304968260e+01 7.861870158985865942e+01 5.879180629783594725e+01 7.137288622754311973e+01 7.939583499871524452e+01 7.578529619953754093e+01 5.879919595211234196e+01 7.832757379916392892e+01 7.832728165929837871e+01 7.877220651537035678e+01 9.048462823101287711e+01 8.539044313066047209e+01 9.994178016239743556e+01 8.991455875417914001e+01 9.892691603351758545e+01 1.105111138997670963e+02 1.303647229571161574e+02 1.348317199279081819e+02 1.146470939440659151e+02 1.030015614945312876e+02 9.409314993284544926e+01 9.999139205106817485e+01 8.038474046194508560e+01 9.501129756733401166e+01
8.817553240138323645e+01 6.870480746259899263e+01 8.817553240138323645e+01 9.255990583711280806e+01 7.285992624870455359e+01 8.327324657258240848e+01 7.601981613372238655e+01 9.575465410349779916e+01 1.088871800265844314e+02 1.092336371704755322e+02 8.919020002835665650e+01 7.747381140404498012e+01 8.863332068434233690e+01 8.758316632155583648e+01 6.756361632896350500e+01 7.274590346019833476e+01 8.693662658015799138e+01 8.401317725283870175e+01 6.431488412956569789e+01 7.832757367944083171e+01 6.165414825335452775e+01 6.448202287745381511e+01 6.740676293987093004e+01 7.051376233244481284e+01 7.380778825936678800e+01 7.982687992125117660e+01 9.994178016239743556e+01 1.121049835227101568e+02 1.196544710150208601e+02 1.278353020024329680e+02 1.392670338125437013e+02 1.284204464501496830e+02 1.082459017754391368e+02 1.141548891033109072e+02 1.048963414241284084e+02 8.512625371053958645e+01 7.559890171030559713e+01
8.129159158196705448e+01 6.192840360361521590e+01 8.129159158196705448e+01 8.570739684027000749e+01 7.751158788959774881e+01 6.373451316807613409e+01 7.103478867510091277e+01 8.080668496527049172e+01 1.006125995229038637e+02 1.175037601510399128e+02 1.059447976340087081e+02 8.763538048432999972e+01 1.059447976340087081e+02 9.472064698824586060e+01 7.456407863584556139e+01 9.279689048356374315e+01 9.015521070010524340e+01 7.025032815197751290e+01 8.401317725200694042e+01 8.885298155133432374e+01 7.200793734124286516e+01 6.587307137140345503e+01 8.580720483761331252e+01 9.048462823101287711e+01 9.387687385732301948e+01 8.028960188691836208e+01 8.533274587376554621e+01 9.206671526127900052e+01 9.968040458437408802e+01 1.112651240014292426e+02 1.311145321567502720e+02 1.367466998590863341e+02 1.284204464501496830e+02 1.249806435556970285e+02 1.048963414241284227e+02 1.031591669412602528e+02 8.918008065738725065e+01
6.629271495871608977e+01 5.609427606156180701e+01 6.939400055381290144e+01 7.245905490507739444e+01 5.804457976858526536e+01 7.751158843502636842e+01 9.070964222154862000e+01 9.895922578811925518e+01 1.088871800265844314e+02 1.145239958918329961e+02 1.159585503845976433e+02 1.076877261976457589e+02 1.159585503845976433e+02 1.030810125904972239e+02 8.459825320000395266e+01 1.030810125904972239e+02 9.474781042086368643e+01 7.472687200805098939e+01 9.474781041715607444e+01 9.702309066188178122e+01 8.158047050666945665e+01 6.896934051934951526e+01 8.912052267463248256e+01 1.026172169230368070e+02 1.086470944970354964e+02 1.004024906076893728e+02 1.054255607688998140e+02 9.808139239168849599e+01 1.180631062176307609e+02 1.278353020024329680e+02 1.342844271913758405e+02 1.252936345707624923e+02 1.169884271163487313e+02 1.114153945857030266e+02 1.062548345317089229e+02 1.014445992559788436e+02 1.087834376863476535e+02
6.986488147757184208e+01 5.037909709512707224e+01 4.989466537756538855e+01 5.307394911348180244e+01 7.006811495007387691e+01 7.141332027040954245e+01 8.464384161402554696e+01 1.036892987809419964e+02 1.067773793845904606e+02 9.467769194809189059e+01 1.087538679508233344e+02 1.098759023102417274e+02 1.157075198893451500e+02 1.132914539084364094e+02 1.049088613708169362e+02 1.132209607091840553e+02 9.976695674239742573e+01 7.968794701984111839e+01 9.976695674239742573e+01 9.922157979469128009e+01 8.546650387118637582e+01 8.912052267463248256e+01 7.411690233434417507e+01 9.434283639256413778e+01 1.075937390551899995e+02 1.151612826457755148e+02 1.233600902425573054e+02 1.122528102577057467e+02 1.262514988118326755e+02 1.375973887140343663e+02 1.175051700495519640e+02 1.058530445400033244e+02 9.689457256727693846e+01 9.142863143948076754e+01 8.642204173221330166e+01 8.179342886880121455e+01 9.503495748289253697e+01
5.587160719589469693e+01 4.538924444611370745e+01 6.513889751630551928e+01 7.125990212990863881e+01 6.423574990968255349e+01 8.256363252986351142e+01 9.824710073747051808e+01 1.067773793845904606e+02 8.701723211931052049e+01 8.079603361599768618e+01 9.082798580844125524e+01 9.009638117139411406e+01 9.588966878433984675e+01 1.099163155946698964e+02 1.181374673163693672e+02 1.084068171295908485e+02 8.825852295198743036e+01 9.951807309085057796e+01 1.079146269802393334e+02 1.073963957200566455e+02 1.078820031734718015e+02 1.014769809204237134e+02 8.129857302596612101e+01 8.070649092015815995e+01 8.748799046570644578e+01 9.513944426944557620e+01 1.093419464929612559e+02 1.292104029099074296e+02 1.402501873659595617e+02 1.458604022718245403e+02 1.312134982750195888e+02 1.110962097167047773e+02 1.169884271163487313e+02 1.091449868554785780e+02 8.923937970087884253e+01 8.196403736834447784e+01 7.565973592247515001e+01
