MOVIE_S13_data/elevation_000121.asc
nrows	150
cellsize	150.0
xllcorner	0
ncols	150
yllcorner	0
NODATA_value	-9999
[rows 34 to 50 of 150, columns 74 to 110 of 150]
9.269813102207217526e+01 7.257642997920775940e+01 6.068591988410203442e+01 5.730146044803927197e+01 6.485918154256567902e+01 7.907746235936410528e+01 9.922918680734160546e+01 8.915926549639375764e+01 6.952825818540651426e+01 7.518006083807590301e+01 5.927435875141899402e+01 4.525983417112902174e+01 6.501832488401673515e+01 7.569887049631616094e+01 7.647922118812516601e+01 6.026547605562917909e+01 7.647922118812518022e+01 8.804124048668832359e+01 6.825775642971443347e+01 6.813256902174589413e+01 6.145001292794728442e+01 5.258725171900534434e+01 3.222622085043386875e+01 3.336797307314532901e+01 5.266862459315529321e+01 5.412700637488292443e+01 5.661654254545332776e+01 4.116273618191168993e+01 4.404280186631215344e+01 5.077884429020907930e+01 5.915429209235411179e+01 7.015854232941019575e+01 8.958114362951363319e+01 1.036090650873965302e+02 9.112593651811350526e+01 7.158118893230157198e+01 9.005721854589219788e+01
9.502237915859753059e+01 7.488014458182719579e+01 8.077966850111309327e+01 6.113757454543409864e+01 8.124447446710777854e+01 7.907746235936410528e+01 9.922918680734160546e+01 9.727807725307089015e+01 8.915926549639375764e+01 8.558562363034423015e+01 6.833389320928365862e+01 4.883204697113050230e+01 4.769505605829576211e+01 6.757000501972595430e+01 7.836960442587033526e+01 7.960588005515026566e+01 8.748712707428502711e+01 8.226529021610571135e+01 6.245564834551588262e+01 4.817595393383162161e+01 4.120782638926177555e+01 3.482646818413100220e+01 5.289793358880650942e+01 3.712407244726085054e+01 5.760238831086330435e+01 7.110610411698715438e+01 6.831831265208379023e+01 5.474246868612340933e+01 6.305889508796852283e+01 4.852038458628076256e+01 6.746296477258736957e+01 8.019097413940401964e+01 8.077573627969530889e+01 1.002465137695600532e+02 9.923186424378823745e+01 8.135102733816930254e+01 9.923186424378823745e+01
1.033562871093120918e+02 9.502237915859753059e+01 8.526966156801859142e+01 6.514372606346418593e+01 8.526966156801859142e+01 9.922918680734160546e+01 1.075609226814160024e+02 1.046480898306874110e+02 9.651618832775736223e+01 8.496091343588494738e+01 7.189376392476376054e+01 5.241674640282440834e+01 6.703106361971964589e+01 5.012725144086994078e+01 6.994870474819762762e+01 8.786151163369272865e+01 9.831993045519999441e+01 8.804118201371130681e+01 6.825775251472859395e+01 6.825772952637476010e+01 5.727370013177634434e+01 3.674803867991213480e+01 5.727370461292638026e+01 5.760238831086330435e+01 4.267361886805365145e+01 6.291910380390067559e+01 7.673862337556697355e+01 7.386160941366746613e+01 7.547772045074839298e+01 6.746296477258736957e+01 5.311544497055690073e+01 6.148488442005331223e+01 7.507269655717736612e+01 9.454409212455081502e+01 1.090112186755930992e+02 1.009008456980577932e+02 1.090112186755930992e+02
1.007044091893277482e+02 1.017241302862506416e+02 8.157160411212262829e+01 7.016633280889858781e+01 8.157160411212262829e+01 1.017241302862506416e+02 1.121492660567474928e+02 9.617671023421402765e+01 7.687006481298948302e+01 7.698805581147318833e+01 5.761309107103542715e+01 7.189380872765467245e+01 7.136542798671572996e+01 5.184715589713141526e+01 6.062884738031548437e+01 7.173138888760443876e+01 9.053753877114237980e+01 8.443417002939102645e+01 7.588293387965649117e+01 6.828503581342158668e+01 5.915019748076478123e+01 3.869317388582149420e+01 5.069248405386139922e+01 7.070141150315123468e+01 6.291910380390067559e+01 4.857602708266738745e+01 6.857593082864394773e+01 8.298841263652040823e+01 7.970642228608507196e+01 6.043769549026669807e+01 7.214860505928774614e+01 6.074227615162345018e+01 7.028889632712490254e+01 8.403669465813239015e+01 1.035319393222800670e+02 1.094946090402441712e+02 1.047691842209302564e+02
1.092819733558939106e+02 1.100540445621799108e+02 9.550708859434303122e+01 7.535601779883042184e+01 9.550708859434303122e+01 1.100540445621799108e+02 1.021961784566931328e+02 8.808442187990137029e+01 8.214623110365708669e+01 6.313463555807781091e+01 7.698805581147318833e+01 8.364221326148678770e+01 7.312765221948600924e+01 5.359495859519775962e+01 6.489116559663067108e+01 8.441162628919359179e+01 9.249383441261429084e+01 7.044378671269913639e+01 5.545805672408042142e+01 4.816531316987882150e+01 4.153140758601183791e+01 5.914796538509503421e+01 6.736012363763671829e+01 7.886626087431302778e+01 7.673862337556697355e+01 6.857593082864394773e+01 5.503850537144051458e+01 7.483665566827875182e+01 8.556076671493967467e+01 6.614410522429284356e+01 8.556076671493967467e+01 6.926535876229146993e+01 8.001780797324762773e+01 9.781613905913297913e+01 1.094946090402441712e+02 8.976511214646788517e+01 8.505213800935273127e+01
1.161728803965790036e+02 9.600597680048899463e+01 8.435475848874008875e+01 9.550708859434303122e+01 1.038452647744129820e+02 1.134531765125682767e+02 9.527140364370087866e+01 7.589952407695049885e+01 6.981576688518967444e+01 7.663374775017082641e+01 8.699384092205136199e+01 7.589097704639839037e+01 5.610778902355885833e+01 7.271434421263855086e+01 8.056085981002613039e+01 9.214587888818239492e+01 9.642278819074742557e+01 7.603251384182473771e+01 7.588325844250026364e+01 6.388505455127881305e+01 4.364390923994387350e+01 6.115643725083679527e+01 7.067406883189366340e+01 7.370704849751966492e+01 9.243310583297370897e+01 7.961482648677996110e+01 5.991392350485516261e+01 7.961482648677996110e+01 9.245925485717430092e+01 7.294739902019389888e+01 9.245925485717430092e+01 8.047179470293374948e+01 9.678684817058976364e+01 1.075567899851092051e+02 1.073334993457769855e+02 8.760810930027339793e+01 7.382086212171819284e+01
1.244861068240989255e+02 1.128591424297716657e+02 9.444327774602054149e+01 1.128591424297716657e+02 1.165257353265461688e+02 9.751057476118180034e+01 8.632283451153796250e+01 8.909936262193093626e+01 8.432018161887778263e+01 9.505508366289285505e+01 7.933109062886605045e+01 5.932200049065532710e+01 7.561983712162816573e+01 6.019198219700531638e+01 7.844792569829726858e+01 9.085722153686900526e+01 1.026490489462522646e+02 8.775074887468618101e+01 6.805228434889497180e+01 5.394827807307249401e+01 6.388505455107735287e+01 4.680927188215643042e+01 5.507727699542978428e+01 6.956884275782775262e+01 9.253841698449338082e+01 8.554184495215321249e+01 6.588414857700212224e+01 7.600664153833614023e+01 9.566940840494567055e+01 8.269876516336398709e+01 1.005284835120199602e+02 9.997950241476016231e+01 1.080425700885174933e+02 1.181354877794390745e+02 1.099929538768519421e+02 9.803486130396014175e+01 7.841661118123663243e+01
1.277064494888973769e+02 1.229311132699042588e+02 1.146157486072898593e+02 1.229311132699042588e+02 1.244519447555052096e+02 1.134531765125682767e+02 1.055473272554491473e+02 1.082422514546167918e+02 1.016823563733056375e+02 9.191682950406217856e+01 8.120977358937614099e+01 6.162911505643730692e+01 8.022431167962994891e+01 7.952954802686100777e+01 6.437305595713048945e+01 7.557315733496506027e+01 9.481630438623454893e+01 8.775074887441471105e+01 6.805228434889495759e+01 7.382183102944817676e+01 6.911505659589515460e+01 4.914022357198398794e+01 6.910931686099353044e+01 8.307368430162392769e+01 9.719693605853287011e+01 9.297369631035313375e+01 7.331086583575871884e+01 8.554184495215321249e+01 1.038267390206508907e+02 9.652460837556515116e+01 1.102801928907362594e+02 1.172420689301260524e+02 1.150979843246711454e+02 1.099929538768519421e+02 9.036538405755138115e+01 9.611416615941222119e+01 9.231592824475519876e+01
1.079830909610227963e+02 1.218843648146180669e+02 1.284642493842428337e+02 1.284642493842428337e+02 1.364505544441672384e+02 1.214810563598501005e+02 1.119060847986024498e+02 1.040036306141315663e+02 9.476652188231987850e+01 6.758650464060561092e+01 6.506883663013304897e+01 8.120977358937614099e+01 7.532983267513878900e+01 9.147990316192741034e+01 8.370627702109213431e+01 6.892427647401916602e+01 8.826490734677663852e+01 9.590583446670076739e+01 8.775074887441304838e+01 7.292834765662000507e+01 5.311390607314486800e+01 5.462284457408347293e+01 5.819896695265990871e+01 6.956875344231494296e+01 8.908223661449542874e+01 1.011283922193459688e+02 8.466010088307729120e+01 1.011283922193459688e+02 1.133745160259607161e+02 1.159691045501259055e+02 1.172420568307157538e+02 9.764508180738793897e+01 9.550153538041028867e+01 9.373051942816877613e+01 8.558577670445416175e+01 7.641735307192389826e+01 9.611416615941222119e+01
9.390893812640562999e+01 1.137599289260636937e+02 1.090555123260777464e+02 1.090555123260777464e+02 1.284642493842428337e+02 1.136083141509191989e+02 9.439894707734403312e+01 8.451985805358430071e+01 8.759416229886203098e+01 6.859039352536153444e+01 7.964602392385310736e+01 9.293878255057856563e+01 8.890893110915477848e+01 1.019938984375581299e+02 8.600539431839236215e+01 7.223960407941552830e+01 8.600539431839236215e+01 1.050455327918035238e+02 8.955969384628986063e+01 6.990736573956768041e+01 5.594066094593367211e+01 7.440098768701709275e+01 6.276429864085435639e+01 6.956875344231494296e+01 7.932295151965587365e+01 9.311200773513535012e+01 1.043302788607978613e+02 1.124898326284707650e+02 1.213727680223008321e+02 1.150336027259213409e+02 1.069050218894575437e+02 1.012412010720167785e+02 8.156239103811130065e+01 8.558577670445416175e+01 6.589046238691612700e+01 7.718766646227408046e+01 8.433617846745048041e+01
8.630250391646929131e+01 1.050685231263792332e+02 9.516919368980208560e+01 1.135813308816650249e+02 1.283125279083012060e+02 1.214810563598501005e+02 1.119060847986024498e+02 9.480843115852054837e+01 7.462518877305689102e+01 7.197052764768115196e+01 9.179401459488727255e+01 1.087805896843633775e+02 1.074759576920453981e+02 1.128484527793081185e+02 9.517020229217446570e+01 7.584779729873415022e+01 9.517020229217446570e+01 1.060247921107143156e+02 9.627707072631855567e+01 7.847169420869182943e+01 5.881363037931387794e+01 7.847169420869182943e+01 6.870221259070331143e+01 8.835450456523108187e+01 9.719693605849914775e+01 1.069725428064706279e+02 1.208330778778059198e+02 1.179213507732105199e+02 1.017924810358705798e+02 1.017924810358705798e+02 8.726023578738882236e+01 9.176337297745656940e+01 8.821735893120516891e+01 7.100427682105112126e+01 6.406096691476405169e+01 5.753879959575296965e+01 6.525578527655412131e+01
8.060904787806047977e+01 8.516292423454585503e+01 9.187896042478728020e+01 1.026206826539812482e+02 1.225983138854146404e+02 1.240890642784342930e+02 1.044883013911365595e+02 9.071182240494479743e+01 8.162079628105065865e+01 7.551084752681120449e+01 9.192195837153548155e+01 9.963573486529571710e+01 1.171848559154630038e+02 1.122526998251375403e+02 9.343645429721735240e+01 7.968655481703122234e+01 9.894760501587410317e+01 9.798744324268704986e+01 7.845407254262083541e+01 6.864903211135144545e+01 6.203186210306471793e+01 8.165498510988142300e+01 8.835450456523108187e+01 7.851971775374408935e+01 9.243127866060665099e+01 1.120903637682712457e+02 1.210656958740248399e+02 1.015451676921383068e+02 9.019216731648371876e+01 8.209344647897663094e+01 7.581914197359476759e+01 7.202000234413651469e+01 6.849013665289180608e+01 6.517992523713370190e+01 6.196635820683181350e+01 7.363166257107936019e+01 5.398784417971857152e+01
8.524713493292357214e+01 1.040852920203160750e+02 1.116524331266770531e+02 1.062325671123006856e+02 1.246386201458607417e+02 1.271531571230571700e+02 1.051135802288458621e+02 9.318977510501176198e+01 1.014978541359528919e+02 9.568403892523807031e+01 8.079401895222460439e+01 9.495046906623296934e+01 1.147885945684219138e+02 1.138313977173377367e+02 9.511990732978676988e+01 8.388809335773602527e+01 1.030283137051460756e+02 1.060247921107143156e+02 9.627707072631855567e+01 8.822075789265392132e+01 8.165498510988142300e+01 6.671717792630140309e+01 8.634753892542421738e+01 9.818929137671808860e+01 9.243127866060665099e+01 1.120903637682712457e+02 1.292192458860302793e+02 1.179213507732105199e+02 1.035963912485589162e+02 8.391892513063417880e+01 9.556309934525555150e+01 8.600502337346270565e+01 8.245282447981311691e+01 8.488284976320490216e+01 8.164370892670291369e+01 8.178056939084166288e+01 7.026277556846372363e+01
1.053942519521849448e+02 9.534860301477300482e+01 1.095842830852464829e+02 1.253034750931955301e+02 1.332285141220916955e+02 1.363207308722694791e+02 1.219814135341482171e+02 1.135506539801368433e+02 1.189124166505844613e+02 9.913526071241616933e+01 8.494394178489577030e+01 9.655471486793052804e+01 1.163657784882408066e+02 1.216180339078592709e+02 1.076230279947065327e+02 8.867853565931430637e+01 1.076230279947065327e+02 1.190390516373040128e+02 9.939026627393785418e+01 8.546649175473677928e+01 7.410942233266794688e+01 7.119664312829566200e+01 8.509415377504795686e+01 1.047738819949107096e+02 1.120903637682712457e+02 1.202597197325277989e+02 1.297971559724823294e+02 1.102417887297864922e+02 9.640594194350371993e+01 9.381025286867620139e+01 1.117209168562300903e+02 1.056652586883043483e+02 1.021341761866646891e+02 9.925779605606557254e+01 8.791539449937120310e+01 7.457651647234381187e+01 5.495468305439212742e+01
1.239191941678146378e+02 1.070540383963801787e+02 1.235912300182930323e+02 1.362823342461951199e+02 1.349946816544500905e+02 1.404696442340573128e+02 1.377775154873706640e+02 1.313244305539309948e+02 1.116993134118049369e+02 9.765227545744343729e+01 9.075342963139090102e+01 1.106802262781760220e+02 1.245209187162900264e+02 1.227675701911168034e+02 1.042193698064898086e+02 9.458284821222629546e+01 1.132519843266810113e+02 1.169578824138583286e+02 9.730795992308705422e+01 8.337834801655884576e+01 9.378371881348941486e+01 7.812680394948228013e+01 8.101365119288037420e+01 9.087047869177487769e+01 1.047829884280818078e+02 1.244218226511306682e+02 1.285094636379678548e+02 1.241109918290519119e+02 1.159694231865787799e+02 1.076595946232688448e+02 1.215165842608253683e+02 1.094600165209260183e+02 1.006866706553173003e+02 9.112108777958248140e+01 7.147421066463181205e+01 6.018181298970081627e+01 6.085397143246360230e+01
1.261075774981292597e+02 1.273630378461391928e+02 1.355544305366153139e+02 1.286543442072106416e+02 1.144370209551710786e+02 1.203100547725345848e+02 1.177566383161302070e+02 1.318836411659308965e+02 1.256042804655343730e+02 1.174473771411532681e+02 9.838843652986200539e+01 1.070715866547382689e+02 1.267368312680629998e+02 1.306242261744609721e+02 1.132519843266810113e+02 1.018024756683006302e+02 1.202089945270703595e+02 1.169578824138583286e+02 9.730795992308705422e+01 9.730795992308705422e+01 1.052622847308751943e+02 8.557516029511856459e+01 9.494535845021525233e+01 1.088587067825118453e+02 1.186967954037545923e+02 1.226257240081117317e+02 1.083708538783373143e+02 1.142693161132634572e+02 1.226257240081117317e+02 1.271989169345095405e+02 1.151732641848568335e+02 9.559806890961780823e+01 8.171626088518088693e+01 7.295295672657832142e+01 6.605809359920596080e+01 7.977797105908967978e+01 6.703897253010390500e+01
1.267807016974169727e+02 1.310960311736866970e+02 1.321452587945393020e+02 1.120804354028324781e+02 1.002012197805105700e+02 1.135917112001140765e+02 1.035628049259456702e+02 1.177566383161302070e+02 1.377775154873706640e+02 1.262942651112768999e+02 1.083611052432136717e+02 1.262942651112768999e+02 1.349067683564220204e+02 1.397554014870609649e+02 1.280221612083190337e+02 1.124319424277794894e+02 1.280221612083190337e+02 1.251306866575507968e+02 1.169578824138583286e+02 1.169578824138583286e+02 1.134175816204996607e+02 9.696152857808239389e+01 1.134175816204996607e+02 1.227720551148085235e+02 1.285094636379678548e+02 1.083708538783373143e+02 9.415843749924383133e+01 9.415843749924383133e+01 1.110040029567214646e+02 1.216992519268800663e+02 1.133645565256302490e+02 1.094600165209260183e+02 1.006866706553173003e+02 9.095955322694777578e+01 7.145589780627979337e+01 9.095955276631330833e+01 7.398548051674480064e+01
