MOVIE_S13_data/elevation_000362.asc
nrows	150
cellsize	150.0
xllcorner	0
ncols	150
yllcorner	0
NODATA_value	-9999
[rows 119 to 135 of 150, columns 0 to 36 of 150]
5.358388947715440193e-02 2.005358388947679771e+01 2.654309212746816371e+01 3.170706992153517234e+01 1.987203573420664782e+01 2.694310354607199898e+01 3.849010892986354548e+01 5.849010890887443992e+01 4.901382306023586466e+01 6.597157777023953429e+01 7.091814461980548856e+01 5.094458528568388544e+01 4.169373902465236625e+01 6.167383096409246690e+01 5.414914012016987499e+01 6.672395747604360849e+01 7.500360113235188919e+01 5.921189768054160396e+01 3.924058226657150072e+01 3.432199802068939931e+01 4.487434295584541388e+01 6.483275911445078066e+01 6.078199313716514496e+01 5.617544061509957487e+01 3.618858370363732746e+01 3.914676173265734604e+01 4.432005331880147025e+01 5.586420213353967767e+01 6.995145853070830810e+01 8.985245590932123605e+01 9.765626244095797404e+01 8.938383357537382778e+01 8.681351480091491624e+01 9.507549916569593051e+01 9.539657993532118496e+01 8.700241109043862764e+01 7.784426604907687874e+01
9.610063126937995470e-02 3.298663707371115805e+00 6.543092129986352923e+00 1.170706992492952914e+01 3.170706992153517234e+01 4.694310353720005935e+01 5.522737443294158055e+01 6.677437956797174934e+01 6.941096157924792465e+01 7.767069795679746846e+01 7.919992165410666018e+01 6.995101445278831420e+01 5.168538241024327107e+01 6.995101445278831420e+01 7.411757365417975052e+01 8.239947924457503348e+01 7.330800243145027650e+01 5.337309991608346138e+01 5.921189768054160396e+01 4.035395680652835182e+01 6.032789935087644295e+01 7.310187828379530117e+01 7.411510633308817830e+01 5.418840649082044791e+01 4.004426121421477802e+01 5.329000436042829847e+01 6.428174640214008662e+01 5.432188862414993480e+01 6.583387338063442940e+01 8.572677804042209004e+01 8.938383357537382778e+01 6.980818976787851682e+01 6.729026815250747973e+01 8.373222610441824543e+01 8.098666459094376080e+01 8.921135993728262292e+01 8.628855507842092720e+01
7.276759767036948545e-02 2.007276759767001550e+01 2.654309212746816371e+01 1.286764745032305690e+01 3.286763324232190087e+01 4.571218606596211487e+01 5.327145991445651418e+01 6.155506405275450277e+01 7.310157647510349932e+01 8.045717922546724310e+01 8.065614802852938681e+01 7.994082033311862290e+01 7.166227951794162720e+01 7.994082033311862290e+01 8.582533661451635965e+01 9.410828990402070815e+01 8.158111200727014989e+01 7.330800243145027650e+01 6.697774798993023637e+01 4.702820207276885611e+01 6.697774798993023637e+01 8.301544273770065274e+01 6.311368551437096386e+01 4.900158028089934703e+01 4.540137996425975331e+01 6.535859066491751435e+01 8.148949266331690922e+01 6.583387338063442940e+01 8.250756732432780893e+01 9.401071457094320749e+01 8.938383357537382778e+01 6.980818976787851682e+01 5.624630599755022331e+01 6.797346215043236839e+01 6.158073865196629981e+01 7.793120603309778005e+01 7.645379271428785728e+01
5.410910321759920122e-02 1.419624472716139607e+01 3.419624505103841017e+01 2.700978291715374979e+01 1.993871526218840984e+01 2.571221795408452238e+01 3.327150741425648306e+01 4.481851273164102167e+01 6.481840221244334543e+01 6.049470974320983885e+01 6.069303703647258175e+01 7.481455963627138317e+01 8.256070476150853210e+01 7.427675040469803491e+01 6.582259854352166428e+01 8.256070476150851789e+01 8.332076229120450250e+01 9.160366469709150294e+01 7.524104095735502540e+01 5.702170776758716642e+01 7.524104095735502540e+01 8.043279653144804797e+01 6.053149588769903744e+01 6.894277524755595721e+01 5.207437580264656418e+01 6.170520843659595300e+01 7.578132643416751080e+01 8.572677804042209004e+01 9.401071457094333539e+01 9.716550808542412199e+01 9.521630229904805276e+01 7.554176309300140701e+01 6.797346215043236839e+01 4.875955126801598283e+01 5.054725513706666362e+01 6.277703050610234925e+01 5.711193011012005627e+01
8.267786763791994120e-02 2.008267786763756391e+01 3.729485332709092660e+01 4.700972949323524119e+01 3.148572063407457833e+01 4.571218606596211487e+01 4.571218610144834571e+01 6.155506405275450277e+01 6.313322933132153736e+01 4.648922391085825012e+01 4.668466953198784353e+01 6.486914161288575542e+01 7.099987649445056093e+01 5.424257450327216645e+01 5.424257450327215224e+01 6.917697186522595132e+01 6.331842204742288516e+01 8.332076229120450250e+01 8.520552515428302343e+01 7.693378821227328501e+01 8.520552515428302343e+01 8.043279653144804797e+01 7.460311177216883038e+01 8.026173937075390086e+01 6.359451705648564257e+01 6.617447672024951544e+01 8.606644075890515921e+01 1.040006187195402987e+02 9.716550808542412199e+01 7.741357702371777805e+01 8.103812390682070088e+01 7.455702238267585358e+01 6.921895772757265775e+01 6.118031881139705064e+01 4.193712472791207091e+01 4.353919052212420127e+01 6.277703050610234925e+01
6.631016962878631682e-02 9.010582079628022711e+00 2.055758746342074161e+01 4.055758746342144860e+01 5.148566696104348495e+01 5.976919780884200151e+01 6.571186866890393219e+01 6.539271959386576327e+01 5.435449282268033500e+01 3.537242698554085507e+01 3.704999579081609085e+01 5.661238320222712161e+01 5.970471103449514061e+01 4.255007505479987628e+01 4.518560337537766713e+01 4.913415870457227186e+01 6.099452765630246631e+01 8.101226933971486233e+01 7.516921592846856015e+01 8.345207433429533239e+01 9.499721870758936859e+01 1.003654459400553520e+02 9.450690054165966103e+01 9.176042185350483749e+01 8.348375494491273230e+01 8.606644075890515921e+01 9.434900202125797364e+01 1.006923136628303723e+02 9.497978152001307706e+01 7.526330024147426911e+01 6.159481933438604528e+01 5.531035655695904296e+01 5.051338325737287249e+01 5.010636613726488520e+01 4.048199892117965248e+01 3.612779615998770311e+01 5.165596966167841231e+01
6.823395580091534685e-02 1.421036957953199042e+01 3.421036957953269564e+01 4.884185871088364195e+01 5.613969855247686525e+01 6.195537766401359647e+01 6.012526458617387703e+01 5.715190954569860793e+01 3.774307954541572485e+01 2.728139043538606501e+01 4.615584729353570026e+01 5.178266292997636810e+01 3.940595051166297935e+01 3.325837886805070553e+01 5.148934344943375407e+01 4.083098702899009425e+01 5.913563553164107134e+01 6.361974955396789255e+01 5.516495336752511491e+01 6.671750598625460782e+01 8.671446641495023755e+01 9.901173167898035388e+01 9.879486995287786044e+01 9.047264830034571048e+01 8.787195805601665199e+01 9.619104743714133576e+01 9.484154688768035157e+01 8.064816176764365707e+01 9.484154688768035157e+01 8.927393115961186254e+01 8.103812390682070088e+01 6.881991654952699378e+01 6.707979727679413884e+01 4.510615001405181346e+01 5.653915597351925015e+01 3.744465609008454976e+01 3.217501274257305965e+01
7.768263131119747256e-02 1.421981825513186237e+01 3.421981843096644127e+01 4.290717978158198775e+01 3.617582141295739717e+01 4.202310574946154276e+01 3.973180748283171226e+01 3.973180741391129800e+01 3.567992123118233394e+01 2.324652776342513505e+01 4.143005855012390271e+01 3.611692900828873576e+01 2.455232560116981233e+01 2.756304325932436683e+01 3.098776598473654076e+01 3.496121835863188210e+01 3.898915499358913905e+01 4.356618200840247823e+01 5.178051888974228945e+01 6.073308341172294433e+01 7.073279540645734187e+01 9.072902615810356508e+01 9.047264830034571048e+01 7.045026613854827247e+01 6.785417582823953353e+01 8.462256804571306645e+01 8.587963290870190747e+01 6.650148651960599011e+01 8.587963290870190747e+01 8.228964413045709136e+01 9.061476173304119186e+01 8.840762109383351230e+01 7.893582947756736701e+01 6.379041771211434053e+01 4.567049962117297213e+01 5.091305968508086721e+01 4.836308693448301455e+01
7.631010328431753718e-03 2.000763101017125578e+01 2.292884974542978682e+01 2.292628400913660869e+01 2.203510350880090485e+01 4.202310527354902092e+01 3.904199950357628524e+01 2.103269634544056288e+01 1.768577529350010025e+01 3.500510904684099955e+01 3.825802498332639345e+01 2.091255467623074438e+01 4.175637388890366708e+01 4.233030387460656385e+01 3.811503797792326509e+01 5.525844354435182026e+01 5.913563553164107134e+01 5.327223542083984853e+01 5.516495336752511491e+01 6.671750598625460782e+01 8.671446641495023755e+01 9.901173167898035388e+01 9.001466840528776459e+01 6.998807858958547001e+01 5.630819650898965989e+01 7.631468609823016891e+01 7.756687257028879401e+01 5.755832999250620219e+01 6.813475514468225924e+01 6.227260337618680097e+01 8.228900752289500531e+01 8.723678878794082436e+01 6.780481716146549331e+01 5.462474278062232003e+01 6.442990171705413616e+01 7.012175393776698229e+01 5.385588022843496958e+01
4.583726557775372884e-02 1.485468767075144081e+00 2.928844440049211517e+00 1.048813388829056947e+01 2.654337373919836551e+01 2.806950053521183008e+01 2.961514454517403649e+01 1.193298632462737174e+01 1.375882883156217495e+01 1.560103682047576612e+01 1.747978671485009627e+01 3.825802422145062565e+01 5.014397218926660571e+01 6.253376088210710293e+01 5.838048087946194187e+01 4.990028736609360038e+01 6.996464064773115865e+01 6.483853665945834166e+01 7.516921592846856015e+01 8.345207433429533239e+01 9.499721870758936859e+01 8.871397405397598845e+01 8.414101511898515184e+01 6.412574033170267285e+01 4.999180791182412520e+01 6.268647291212619876e+01 7.098438928127905001e+01 6.813475514468225924e+01 4.814113715588806741e+01 6.812482065814509724e+01 7.912458684835124245e+01 8.916790472749310936e+01 7.349630987903542234e+01 6.780481716146549331e+01 8.164777561427048624e+01 6.964522245355547625e+01 5.030730654097737187e+01
7.859053197723891993e-02 2.007852255153538579e+01 2.292884639296671523e+01 5.037029546828121873e+00 6.544586269716933913e+00 8.069571973042968693e+00 9.608033511507672486e+00 2.961514454517403649e+01 3.676292376164059306e+01 3.029011310175060245e+01 3.825802408352767969e+01 2.215301481436472031e+01 4.297277144157936846e+01 5.640118674434036450e+01 6.806449094719646098e+01 6.996464064773115865e+01 6.629356203856369234e+01 8.483760048257325082e+01 9.312043893876236211e+01 8.701586686290391981e+01 7.870298586521370510e+01 6.869199767645150700e+01 8.286476068565734465e+01 7.683247012187902669e+01 5.682700901455456233e+01 4.273089837710224970e+01 6.268647291212027994e+01 5.763967326788183243e+01 4.332518927184089108e+01 5.084591665404899885e+01 6.083836653364363656e+01 8.085054684221940136e+01 9.305323904237387467e+01 8.723678878794082436e+01 8.164593329855679826e+01 7.334395067713155925e+01 6.964522245355547625e+01
9.890458264248647158e-02 2.009596691792082623e+01 3.332663396287342294e+01 1.918175700613395662e+01 2.068578109964474265e+01 2.806950051951812242e+01 1.432177895352180741e+01 3.410519182298354224e+01 4.978356095592677377e+01 5.084999923846473280e+01 5.135010483242938761e+01 3.433154501816667903e+01 2.738515798888101216e+01 3.949534693534062058e+01 5.976758668946602882e+01 7.363738657387311548e+01 8.629906726417267748e+01 9.458222220827312299e+01 9.149713929060767725e+01 7.870298586521370510e+01 5.869855699112356007e+01 5.455913832448966616e+01 6.924474209449931550e+01 7.754851725799781548e+01 5.833180953865412022e+01 3.846506974061409068e+01 5.259677575347465961e+01 3.778576589979791578e+01 4.919434699846786430e+01 6.917620349514939448e+01 7.915190044511452072e+01 8.916790472749468677e+01 8.713778015089303608e+01 7.718774929136969831e+01 6.890327394330583388e+01 5.364373300795618604e+01 7.021408290069234681e+01
6.002193532796171876e-02 1.420215755906331623e+01 3.420215760734191690e+01 3.926360203698147444e+01 4.065600046201979723e+01 4.232035148687261739e+01 3.410519182459067622e+01 2.185876287991834488e+01 4.154643091303792346e+01 6.035308933379082674e+01 6.309124132495177406e+01 5.477690625581442418e+01 4.213711816088579809e+01 3.330201288390647818e+01 4.522108302623274056e+01 6.535047573111143038e+01 7.860603199505848693e+01 9.015131431021761443e+01 8.318030764702848501e+01 6.316726692145643085e+01 5.163429572752828278e+01 4.461899880275905161e+01 4.928121456366882569e+01 6.600843925701346393e+01 6.662478096183733101e+01 5.259677575344186096e+01 3.296119852654901905e+01 5.259677575348844414e+01 6.593189867558854189e+01 7.747910124148332045e+01 8.234371275545650803e+01 9.065826208168142841e+01 7.881170491085606500e+01 5.899484297575552461e+01 4.929308372866049126e+01 4.245211960593086076e+01 5.506940317848468425e+01
9.288278742204289506e-02 2.009288278742168643e+01 3.137534452083765402e+01 3.804201118750478372e+01 4.632628243496698417e+01 5.632628243496716181e+01 4.978357419341909917e+01 3.322574236158880012e+01 3.238878071759631183e+01 4.367164361477230727e+01 6.352450205693476448e+01 7.066525532779500907e+01 5.354702552510451596e+01 4.176824923926433542e+01 4.117727962840260858e+01 5.027499953007025368e+01 6.187126370169918488e+01 8.187062025748842586e+01 8.578019853361098512e+01 6.576281825471886577e+01 6.924474209449931550e+01 4.928121456366882569e+01 3.793464273157032807e+01 5.223165777732468484e+01 6.050271478349109344e+01 5.004044133782988979e+01 3.055311597142485525e+01 5.004044133783329329e+01 6.727247392864136089e+01 7.493423772940656136e+01 6.232915824530149251e+01 7.909295387018788404e+01 8.713778015089303608e+01 7.718774929136969831e+01 5.834066851161232137e+01 5.506940317848468425e+01 3.551313545678365102e+01
5.483986668867355668e-02 5.601841828940988144e+00 1.137534452083729697e+01 1.804201118750408028e+01 2.804201118750425792e+01 4.804201118750496136e+01 6.120678840674450072e+01 5.291270285129569118e+01 5.206244889116871377e+01 6.035308945737556030e+01 7.186158472314612311e+01 8.167690273849294158e+01 6.957584615631981251e+01 5.172255931650437333e+01 5.288408857439861777e+01 5.399435644259056488e+01 6.817217252481988510e+01 8.816703482598330766e+01 9.410021639896562817e+01 8.578019853361098512e+01 7.754851725799781548e+01 6.600843925701346393e+01 4.640348751752847534e+01 3.270825464012403927e+01 4.735079955297928933e+01 4.637331470290714464e+01 2.816714141256617765e+01 3.920631475149233580e+01 5.898447425459985993e+01 5.492420649018270495e+01 5.078171357548536236e+01 6.232915824530149251e+01 8.234371275545650803e+01 8.643346858583528558e+01 7.811880784806325551e+01 6.327359146262365641e+01 4.679029744959225923e+01
3.275272397204486569e-02 2.003275272397169005e+01 3.137534452083765402e+01 3.804201118750478372e+01 4.632628243496698417e+01 5.632628243496716181e+01 5.451945082749778493e+01 5.843616221387664922e+01 6.269673080654440156e+01 6.741018364880208935e+01 6.591648307341924351e+01 7.420352969314762959e+01 7.934013295680881583e+01 6.534295268941866652e+01 6.704607474647406207e+01 7.402853210393931249e+01 8.231020560185282875e+01 8.469159626045757250e+01 9.299033005236915983e+01 8.620817365336279181e+01 7.797585789106234699e+01 7.461137943407207729e+01 6.050271478378771661e+01 4.735079955297928933e+01 2.806302338033170685e+01 2.479077647908757598e+01 3.088660366958898962e+01 4.605142370165931709e+01 6.078484080059313754e+01 4.078203127960449592e+01 5.492420647238279230e+01 7.493423337556565400e+01 9.065826208182259904e+01 9.139837999217053266e+01 8.335790842414301949e+01 7.464538145030110172e+01 6.637887192009195303e+01
9.327661483462378056e-02 2.009327661483427008e+01 3.989045291620381306e+01 4.928565443462853324e+01 4.114218857158927989e+01 3.669985723024716151e+01 3.455668873925795737e+01 3.846477442561990756e+01 4.271289273368676476e+01 4.741269684342179147e+01 4.592036111568341994e+01 6.005596801932414053e+01 8.006501799950724774e+01 8.495457473863929465e+01 8.701847559753653627e+01 8.141634482797475414e+01 7.311478557410630685e+01 6.463997196209066942e+01 8.141634482797475414e+01 7.468605212806252780e+01 5.798514140570155462e+01 7.466476909962368325e+01 5.811462740968728724e+01 3.925577437319875429e+01 2.840654174145037913e+01 3.923331422729089724e+01 2.198960900275794828e+01 4.239953585395141999e+01 4.966475432178653904e+01 3.543762540388486570e+01 5.543910278191696506e+01 7.374171689146953668e+01 8.375312366466729941e+01 8.010322152049783995e+01 6.373100517269759990e+01 8.010322015334539003e+01 6.523007187858586065e+01
