MOVIE_S13_data/elevation_000246.asc
nrows	150
cellsize	150.0
xllcorner	0
ncols	150
yllcorner	0
NODATA_value	-9999
[rows 119 to 135 of 150, columns 37 to 73 of 150]
6.746900150543984864e+01 8.178181353211256521e+01 6.788364396264948653e+01 5.515272048655826609e+01 3.454972988698700931e+01 4.034797210363015552e+01 5.142591163385340280e+01 3.399682533799787620e+01 5.407350527377759875e+01 5.087518590036199129e+01 7.099694105040413206e+01 6.345574576870158268e+01 6.791270372919809972e+01 7.878822602128920494e+01 8.433747712393335405e+01 9.069187310183653494e+01 9.910736506706111015e+01 1.081805078360728061e+02 1.124180431160273628e+02 1.040479732226248188e+02 1.025078995740348944e+02 1.108761757731617479e+02 1.126327099805919687e+02 1.099340807584681556e+02 9.601661316802986335e+01 8.175143120052595691e+01 9.601661316802986335e+01 1.035232570345390286e+02 1.120027110284002418e+02 1.130291545068713077e+02 9.258327535084733029e+01 8.134262468589709272e+01 1.010518996816178259e+02 1.105684532414680916e+02 1.022236515374969628e+02 1.067846991863169279e+02 9.001328221216999736e+01
8.772245079710866378e+01 8.622879258756688614e+01 7.835708078905128104e+01 6.369308249807626510e+01 5.195226658825872335e+01 3.207115735364496345e+01 3.135632750928129298e+01 5.141904163509125425e+01 6.236008795716047359e+01 7.099851993934620964e+01 7.935662106942920957e+01 8.350579390980595917e+01 8.799240734447715795e+01 8.956080658682321882e+01 8.606594991828900731e+01 9.444831164662753054e+01 1.045683830833862658e+02 1.049614139807722637e+02 9.660122526816846289e+01 8.392858456640807674e+01 8.239475764062142105e+01 9.506344003060810621e+01 1.034216435154619944e+02 9.675392703192821386e+01 8.701932327370253972e+01 6.756468433313962407e+01 8.701932327370253972e+01 1.009486399187244530e+02 9.255084872694644105e+01 1.009486399187244530e+02 1.101669524608180666e+02 9.566243568730492086e+01 1.101669524608180666e+02 1.025771575690400965e+02 9.423291607735293951e+01 8.667441199162799137e+01 8.169666741343034744e+01
9.171167804036379323e+01 7.282542551739324210e+01 5.930109067830687763e+01 6.630501418163457572e+01 6.019151302589104091e+01 4.947462212363999612e+01 2.951328137051497436e+01 3.584854801329309737e+01 5.584521861431325362e+01 7.408177472293354526e+01 8.404214572448042020e+01 9.454934921075525267e+01 8.365083431995711294e+01 6.935984810073968276e+01 6.588087185339922769e+01 7.594449852728858730e+01 9.618740130928941312e+01 9.660122527780764301e+01 7.650618026233865976e+01 7.235172651736623095e+01 7.081945300986855329e+01 7.497322442049745916e+01 9.506344003060810621e+01 8.838813167264191861e+01 6.829390015440257855e+01 5.860720533550253464e+01 7.866828784469268498e+01 9.086591952794263705e+01 7.243040007420546544e+01 9.086591952794263705e+01 1.039369090601255152e+02 1.161979643133537081e+02 1.051900553356039012e+02 9.099070037821984158e+01 7.419624953390290045e+01 7.253422380518198054e+01 7.620986242083245088e+01
8.897662929309819901e+01 8.081173549470882733e+01 6.630501454843471265e+01 4.691261704808093924e+01 5.716334299477006908e+01 4.830313794024736040e+01 2.824995818116270740e+01 4.830941576139261429e+01 4.586898087258810364e+01 5.586996221116983463e+01 7.576933298437207043e+01 8.617159102471910614e+01 6.600046472246478402e+01 5.517693415031887838e+01 6.935984810073968276e+01 8.956080658682321882e+01 1.045683830833862658e+02 9.598550107064050962e+01 8.239188262968136200e+01 6.233503092967598747e+01 6.080384872282156294e+01 8.085751233719902586e+01 9.320244973770583385e+01 8.653097499683836702e+01 7.198126034162936548e+01 5.193733628310715034e+01 7.198126034162936548e+01 8.249062440057596746e+01 6.241021390655940593e+01 7.539112718591167095e+01 9.538081756053429672e+01 1.040747867684862484e+02 9.403895181697242833e+01 7.679134542069613190e+01 6.268673259179259816e+01 7.198604644238788808e+01 5.627520860827615223e+01
7.762711975546388032e+01 6.117612209504291343e+01 7.418635767267082315e+01 5.716335352806250114e+01 3.751451046719458304e+01 4.689165067005448861e+01 2.699528972234264046e+01 4.709006720775288812e+01 6.581964759431308210e+01 7.408177472293354526e+01 8.404214572448042020e+01 8.174651656065947236e+01 6.970193536546713631e+01 4.963453295310056745e+01 6.379685156283174052e+01 8.395806876873909630e+01 1.022071734915494119e+02 8.763667108555603136e+01 6.756684091390945923e+01 5.600570924092063763e+01 5.447554153879162442e+01 6.479138543370174830e+01 8.485738743142988483e+01 7.818024267865031618e+01 5.811589417759919485e+01 4.677325870537144681e+01 6.343601378424757797e+01 6.780976102647788650e+01 5.533271772992912929e+01 6.689613137915652885e+01 8.699550726298147652e+01 9.572571431265734532e+01 7.568915897214893107e+01 6.571539422744770320e+01 5.867977480374164401e+01 5.208283371866021838e+01 4.744436892676883133e+01
6.947510881270827099e+01 4.969356113661561380e+01 5.805422693692881353e+01 6.231215157643052294e+01 4.874080114770072214e+01 2.934206391404078573e+01 2.574956591121638283e+01 4.165167035617950120e+01 6.470045781187114642e+01 6.976106233129473821e+01 7.813059556437679021e+01 6.751090158229079918e+01 5.327528660392233206e+01 4.514613272134592847e+01 6.521472777287763734e+01 8.132587760754721273e+01 8.196932094927049661e+01 9.008933935731023723e+01 7.001263724867862948e+01 5.844908082381164860e+01 4.844487296199638138e+01 6.847356540747693998e+01 8.494726185272652685e+01 7.598025077590540377e+01 5.592319514548558601e+01 4.177337400518184296e+01 4.340702238689890891e+01 4.777134268298427600e+01 5.932610018777510419e+01 7.350166644683484662e+01 9.363525242158605977e+01 1.040747867684862484e+02 9.403895181697242833e+01 8.570743664240312398e+01 7.456961336657877837e+01 5.464592381240998265e+01 6.729481421427243504e+01
6.104342356025862415e+01 5.805422693692881353e+01 3.812834702909378137e+01 5.499016517429672746e+01 3.546896033134756010e+01 2.399994119947377413e+01 4.231824414394287004e+01 4.096531788881243585e+01 5.966490108311956675e+01 4.963082676362744650e+01 6.312182715605973016e+01 5.477821293252961965e+01 3.906644831987360078e+01 4.578395182001140284e+01 5.286752428981886709e+01 6.181527138242399388e+01 8.196932094927049661e+01 9.844137176253440202e+01 8.173376468593271227e+01 6.503867299068194541e+01 4.501519259536896556e+01 5.656642333098188402e+01 7.661198125303633333e+01 7.714556266285188713e+01 5.752855500289283697e+01 3.750833722539098858e+01 5.752855500289283697e+01 6.780130869162454132e+01 7.608733810833217603e+01 7.800841089985149779e+01 8.648151164639985211e+01 9.822670742108026332e+01 9.943656420404593632e+01 7.937684272845748978e+01 6.526519231377714902e+01 6.352469415222685001e+01 8.287866792033369734e+01
4.948897133506743984e+01 4.745075015663998386e+01 3.155903092504366114e+01 5.143548786400125294e+01 5.227106742822203955e+01 4.233830259609665347e+01 2.231191459316286085e+01 4.234628438959347108e+01 4.573008158395627021e+01 3.804971215478698099e+01 5.062809234716036855e+01 3.465975696498651359e+01 5.477821293252961965e+01 4.981392439165909281e+01 6.990059663368921861e+01 8.132587760754721273e+01 9.034905098834428827e+01 8.474130446089264979e+01 7.340212307098481404e+01 5.336268835313816794e+01 4.181265951251474888e+01 6.183235004222814268e+01 6.953296496546904848e+01 6.121382441521183182e+01 4.876877830434143846e+01 3.461819042598175145e+01 5.463860666922788312e+01 7.366371421973124711e+01 6.631649620021347857e+01 5.786926680059926298e+01 6.945696672028827834e+01 8.969568127879749397e+01 1.016260474281776993e+02 8.156864363450954158e+01 8.525219911994393840e+01 7.503599889208742013e+01 9.182937517906799485e+01
2.963398525101344561e+01 2.766876454014270692e+01 2.570810852079446107e+01 4.280558663210181436e+01 4.125255529103639418e+01 3.967653088877868583e+01 2.112991422034167499e+01 2.337431209265320220e+01 2.567839681122480044e+01 2.803332580800825014e+01 3.051479097652974914e+01 5.062809234715290785e+01 6.312182714782578330e+01 6.990059663368921861e+01 6.399570529438320676e+01 8.415626538938133194e+01 9.060544426692425191e+01 7.052468445268414143e+01 5.636102268298230911e+01 4.635700930590873270e+01 3.879683914512147425e+01 5.488852732803598400e+01 5.223714528800059753e+01 4.118874005643516512e+01 5.186191883259652258e+01 3.183741509230145894e+01 4.599045520874042126e+01 5.691247089765377609e+01 4.630782526538688160e+01 6.638321669820018656e+01 7.617546180485753382e+01 8.464607794164274424e+01 9.642911470794942375e+01 1.016260474281776993e+02 1.034150449896868196e+02 9.507420103440050241e+01 9.232594558027064124e+01
3.878812454689488476e+01 4.745075015663997675e+01 4.280558626247743348e+01 2.306138698854163849e+01 2.121244516583012896e+01 1.965157272992474802e+01 3.849081170878497460e+01 3.495357665511970424e+01 4.573008158395627021e+01 4.430953356064628679e+01 4.038940566147378064e+01 3.835370971694702291e+01 5.248074484501680814e+01 7.263926918644506259e+01 8.415626538938133194e+01 9.253235713503831050e+01 8.835449492786895576e+01 8.001850985905028324e+01 7.470735961231996214e+01 6.638361275693951313e+01 5.488852732803591294e+01 3.487103190112230067e+01 3.221530305309339326e+01 2.962500122626493138e+01 4.611147925635881961e+01 2.915588829880482891e+01 3.294686174513081767e+01 3.687593634983674207e+01 4.265170637472444781e+01 4.897709417580914248e+01 5.605241995321462412e+01 6.763226757740385153e+01 8.786665825234561567e+01 9.847397804882083960e+01 1.068063036282132998e+02 9.052141617069099766e+01 8.024905022156029588e+01
5.808177154872058878e+01 6.242545633536927596e+01 4.765886223511427033e+01 4.179831177071987014e+01 3.734936568248301825e+01 1.861000472235082981e+01 3.863265254603270904e+01 5.514946138468348380e+01 6.357003235072367886e+01 6.327456285366154276e+01 5.955269594623675999e+01 5.245221907155758601e+01 4.832125039007848244e+01 5.990064766480625025e+01 8.012593371990948299e+01 9.422238102720416464e+01 7.413507378300076311e+01 5.996245217540347028e+01 6.733394522623774492e+01 7.148837403475005203e+01 6.320125047540097540e+01 5.488852732803542978e+01 5.223714528800059043e+01 4.611197044185221472e+01 2.609000624291534010e+01 4.590510722107503483e+01 5.297935559681855722e+01 4.845247686671517329e+01 6.270777613394638195e+01 6.905716403571250339e+01 7.617546215509592855e+01 8.464608219504796693e+01 9.521563455296949030e+01 7.839898425776618751e+01 9.521563455296949030e+01 8.212489158567213110e+01 6.146677768485061932e+01
5.843175481125387449e+01 5.541479782191950676e+01 4.373205227220184810e+01 3.546278939150454335e+01 1.732950017409097754e+01 2.115273657441404964e+01 4.090922817736738892e+01 5.342993977507768477e+01 5.951674255628355326e+01 6.658962522413716556e+01 7.493843033394851716e+01 7.260289673005033251e+01 5.990064766368224269e+01 7.683345221310035811e+01 8.851583809121251534e+01 8.473297090134538223e+01 7.640180936171097414e+01 6.733394522624138290e+01 4.727064588950727142e+01 5.142622945237106080e+01 5.349607724503732697e+01 6.181799813526957621e+01 6.276887661321944734e+01 4.449317114403022089e+01 2.449890850770900386e+01 3.866232901116740095e+01 5.896613611747731909e+01 6.910962169898841978e+01 7.772542858580253267e+01 7.608591621112937275e+01 7.642776223168920069e+01 8.468262318788553955e+01 8.688435489673962309e+01 6.685270610355811982e+01 8.688435489673962309e+01 9.052141617069099766e+01 7.795165780179252124e+01
3.839683278568877256e+01 4.733315967272590541e+01 2.761259446686135277e+01 1.607732504164806642e+01 3.609107242069948995e+01 4.090922817734269046e+01 2.723884851621483705e+01 3.293049946596296707e+01 3.932910155813186037e+01 4.658449203623283807e+01 5.810239110470475765e+01 7.818340263914795685e+01 8.012590795800771559e+01 8.851583452126733675e+01 8.798664118302117743e+01 6.792111429050636673e+01 5.635733998969876524e+01 4.877945583012279229e+01 4.240806994673506836e+01 3.716168014684508591e+01 3.332295499666357586e+01 4.837209935323701870e+01 5.445587877691551881e+01 3.443566525717489668e+01 2.294788999750324621e+01 4.289720311226815852e+01 5.780464923965160295e+01 6.937577589004679623e+01 7.061321039951573653e+01 5.650859246707772598e+01 5.654382387273472688e+01 7.642776225260710987e+01 7.980227539017646166e+01 5.978622449809123651e+01 7.392675162730671445e+01 9.398704454454149015e+01 8.637166027812983771e+01
2.683995703572524150e+01 4.108397437912667272e+01 3.521162380139699621e+01 1.519138103235833448e+01 2.934462988396585104e+01 4.937580036708992282e+01 4.774441801220813630e+01 4.402959061073199365e+01 5.951674255628355326e+01 6.658962522413716556e+01 7.493843033394877295e+01 8.655357926003991054e+01 8.892317313510029919e+01 9.712342263742917225e+01 9.633106621115119594e+01 8.473297090134538223e+01 6.882571378413706498e+01 5.880598952366864296e+01 6.248653144908684709e+01 5.142622945237143028e+01 4.248042069557522638e+01 2.828460460574984481e+01 4.363743166351272862e+01 4.132959653754380014e+01 2.143080232037648614e+01 2.949234061179559419e+01 4.103242282787869755e+01 6.105768650746893655e+01 6.236769455673983487e+01 4.243523984853701592e+01 6.236769455673983487e+01 7.493521610687326984e+01 7.402423904410541411e+01 5.401549415742738347e+01 6.815390962180890710e+01 8.819646795101145642e+01 9.646356618988349396e+01
3.521722497437188082e+01 2.106750569084894309e+01 3.433367157134865266e+01 1.427786645675994848e+01 2.587094770386873677e+01 4.002618179212726091e+01 6.007398960829842594e+01 6.427350459151192297e+01 7.262052514235749356e+01 8.503615653795124274e+01 8.297270102593986962e+01 7.470936030974348796e+01 6.882180281291762469e+01 8.892317722241311628e+01 9.781121763947325576e+01 9.724432731779872086e+01 8.719755406100941286e+01 7.886306499411861637e+01 7.981582965269828378e+01 7.091987628117364295e+01 5.670014848837414689e+01 4.363743166351272862e+01 2.389063582198229341e+01 3.944589895954970871e+01 1.994439611151523550e+01 3.980320496229558813e+01 5.780465020134273857e+01 5.530094599128275235e+01 5.607863986860064642e+01 3.611357132369218448e+01 4.665990295553507394e+01 6.663866417709191126e+01 6.902211877052566535e+01 4.901706743551202550e+01 6.315522755431028656e+01 8.318604711368058702e+01 8.804753432651300216e+01
4.924773208028225469e+01 3.581834391481523738e+01 1.584386789767462211e+01 1.330583673726120075e+01 3.347104706466473800e+01 5.007445670654770709e+01 5.798293164157558266e+01 6.735445792789553821e+01 7.902895260785662401e+01 6.479989374682418202e+01 7.470936030974348796e+01 5.417195686439206526e+01 6.945010039374295729e+01 6.945010039374295729e+01 8.941326230112193230e+01 8.668781279188806366e+01 7.836630453843972077e+01 7.738239995781620451e+01 6.908146132064850065e+01 6.704342958967056632e+01 6.166867176108302573e+01 4.471099801900448512e+01 2.102629246545933128e+01 2.666959588139135917e+01 1.845519552711881062e+01 3.829038561308887267e+01 4.905336672712901702e+01 3.530123909871354471e+01 4.348184046805052816e+01 3.034495457039438904e+01 5.032607394852983163e+01 6.695549365090856497e+01 5.865037564526789993e+01 4.454584259311719308e+01 5.868435068345756633e+01 7.870717770641738298e+01 8.802054172159203915e+01
4.601633444192950861e+01 2.634683084663760511e+01 1.264316882739131387e+01 1.237247254091172444e+01 4.000803859966089249e+01 3.227649638337757665e+01 4.084777880066229727e+01 5.930114928000926966e+01 7.072695789235865504e+01 5.004421667655732620e+01 5.764604379291860425e+01 4.665458250830999276e+01 4.872726243963671777e+01 6.086107173374188051e+01 8.118293173713689725e+01 7.836630453843972077e+01 5.840981974829989554e+01 6.425493881468558754e+01 4.892576262893278027e+01 4.680090045939471111e+01 4.835700467464890551e+01 3.255506463283739294e+01 1.811621715497406626e+01 2.311482172442912741e+01 1.696278989446278729e+01 4.259011711737222328e+01 3.735641028671069108e+01 2.117836297743298957e+01 2.349708517366457983e+01 4.348183995649966960e+01 5.028225806835023093e+01 5.357010166983458532e+01 3.864917846034545335e+01 4.759150575718243203e+01 5.913464591628041234e+01 7.915723859085957770e+01 7.959891187849167693e+01
