MOVIE_S13_data/elevation_000464.asc
nrows	150
cellsize	150.0
xllcorner	0
ncols	150
yllcorner	0
NODATA_value	-9999
[rows 68 to 84 of 150, columns 74 to 110 of 150]
9.511854275058873043e+01 8.848047999391479834e+01 9.996150714048746977e+01 9.728753359635133791e+01 8.569335728132904251e+01 6.600421276113162605e+01 6.376348632572985764e+01 6.197447855131962768e+01 6.022155826244598131e+01 7.734914977689540194e+01 8.129798832383457352e+01 7.122469394731297143e+01 5.211477847726223445e+01 6.940795957878914635e+01 7.441751246078167981e+01 6.490711114868643961e+01 4.577422337442689582e+01 4.482201668031445507e+01 4.387478077510430552e+01 5.209546798718414351e+01 4.126253962870758585e+01 4.041375325388010253e+01 3.956224810277994663e+01 3.870989013538998336e+01 3.786426983948827285e+01 5.538491274580121626e+01 5.547347503124287726e+01 5.465873665776940982e+01 5.384512291565392417e+01 5.189157005996062821e+01 3.209743051716883855e+01 5.085483255058122865e+01 4.102448845630485863e+01 5.491618810278968255e+01 7.459562048162720771e+01 6.724164407713027458e+01 4.511780187630823491e+01
1.151851301621685764e+02 9.996150714048746977e+01 8.005010804469027619e+01 8.899989739799750055e+01 6.926313615482987984e+01 8.569335728132904251e+01 7.758002369609251048e+01 8.157075424162319166e+01 7.976114004542374403e+01 6.806861050711890471e+01 8.782778574288694529e+01 7.940945003649277112e+01 6.939163129006452380e+01 5.033463918296512674e+01 6.626190188249688617e+01 4.715260226412814859e+01 6.490727953555963836e+01 6.396674426061637320e+01 6.233978025262418043e+01 4.253960172849309629e+01 6.084902121749401260e+01 5.999559295078331900e+01 5.914570505069236361e+01 4.434437316818252128e+01 5.746525360332537957e+01 5.171445801878106607e+01 7.140718788018784835e+01 6.995713635391560103e+01 5.027665000625385971e+01 4.150299305178337761e+01 5.085486647882383693e+01 3.100617501221113415e+01 4.459155629301881874e+01 6.263380340792989642e+01 7.456672815720266101e+01 6.066932556134371879e+01 4.091037203389767996e+01
1.055200743627779616e+02 9.541076185368399365e+01 7.562058349684376424e+01 7.266036134859228923e+01 8.899693634744998860e+01 9.728366904300924034e+01 9.747985178178711863e+01 9.779206363024631798e+01 7.786350785552767206e+01 8.782778574288694529e+01 9.612009231502838702e+01 8.324808364657035042e+01 6.367529796723532343e+01 6.761092528832774917e+01 4.854108204824386519e+01 5.260358757562827492e+01 7.224183529980004437e+01 7.661922438200896579e+01 5.564972080391580533e+01 6.335693540886334318e+01 4.750536642040206914e+01 6.864070367783135396e+01 7.216536060213856274e+01 6.395673663582525137e+01 5.355002198660317703e+01 7.145925726733490535e+01 7.970100435894822510e+01 6.632015056909517625e+01 6.115628671267457861e+01 6.115605982787553785e+01 5.012615717952620287e+01 3.024029237930461278e+01 4.909594738602919506e+01 4.591653631596094698e+01 6.610493028169875629e+01 5.766951407768586080e+01 3.781386960727832047e+01
8.554981075899740972e+01 8.033411142709151420e+01 8.301842034708128892e+01 9.243570569125688507e+01 8.400258353759149088e+01 1.039553553180169843e+02 1.119694225962850425e+02 9.191960926788112829e+01 9.779206363024631798e+01 1.061049499078815899e+02 1.031721962418439489e+02 8.324849058018746462e+01 6.976665826075311827e+01 5.066869327369937537e+01 6.762271804449967760e+01 7.285028022871253484e+01 7.339053393126890512e+01 7.661922439098601956e+01 7.661922439098981386e+01 7.252120666018662121e+01 5.126706219444805868e+01 6.647191375544898051e+01 8.712549163358880833e+01 8.017357041676568485e+01 6.047090180742090837e+01 8.017357041676567064e+01 9.435770429829526051e+01 8.613665366318028305e+01 8.093079218763720917e+01 7.460454049995367143e+01 5.803832391204871044e+01 4.838775298703068017e+01 2.915992585495358469e+01 4.649701320651362835e+01 5.602985201783992153e+01 5.082522927820171788e+01 3.496844007428448720e+01
8.678233556960908857e+01 1.001253004444122325e+02 9.187226508998647034e+01 1.112480830153503746e+02 9.548208226680250732e+01 1.122658727759799575e+02 1.202902905478821225e+02 1.119694225962850425e+02 1.093478139447585988e+02 1.010198158203089775e+02 9.354122212022512883e+01 8.148024354400217817e+01 7.129577352526139578e+01 5.215434604200765278e+01 6.300887149309291146e+01 8.261185145583590383e+01 9.409247552938475678e+01 9.705278155183290778e+01 9.211391192779353787e+01 7.667360716839131385e+01 5.550043594880405351e+01 7.068272238929220919e+01 9.113688245270698474e+01 8.836691848865173426e+01 7.181839989792085532e+01 8.836691848865173426e+01 8.341880906972241405e+01 7.334736552768809759e+01 6.499190342108535390e+01 6.066705440749885270e+01 4.672975011371578091e+01 5.111097199846302885e+01 4.806700756602771207e+01 2.808578583275833296e+01 4.703956038908044945e+01 3.096517093320321123e+01 5.082522684896852638e+01
1.059614173457650423e+02 1.143388874775870079e+02 1.060160496962436270e+02 1.118951812462950244e+02 1.155301363203248286e+02 1.238449754173412884e+02 1.183362537972657975e+02 1.067322321048510219e+02 9.776990733230397268e+01 8.098784533368873895e+01 8.345955545478267368e+01 6.737095120546841542e+01 5.434457623738344978e+01 5.706908689780350130e+01 7.648451438179770889e+01 9.086595312868016094e+01 1.047080371826541807e+02 1.016392517211358637e+02 8.377729966196643829e+01 6.306665505906136104e+01 7.667360716839131385e+01 7.068272238929220919e+01 9.113688245270698474e+01 9.960689939131297876e+01 9.150584428605124288e+01 8.954687302976802243e+01 6.905612032422843072e+01 5.508511808467662973e+01 4.531365159903699436e+01 5.246437167688920766e+01 3.274687877424742055e+01 3.130488514355665686e+01 2.986786250254341368e+01 2.843748164469925044e+01 2.701743050498223297e+01 4.599420659552531987e+01 4.553290011935787618e+01
1.078405140178554831e+02 1.249872046346605714e+02 1.260886603694533932e+02 1.319673126234931431e+02 1.246578690317870013e+02 1.162754172461973923e+02 1.100059675473945191e+02 8.991232149114243555e+01 7.839087231399467726e+01 6.954180427095428740e+01 7.600491960808206215e+01 5.656722804917266245e+01 7.361857637797187692e+01 7.648489190302642271e+01 6.517448149115868716e+01 7.647225810919908895e+01 9.639552019426947993e+01 9.333216717364062731e+01 7.306323234110904252e+01 7.364738425803204791e+01 9.211391192779353787e+01 9.113688245270698474e+01 9.945511226579728259e+01 1.027433981717322524e+02 8.275958549046374912e+01 8.111497895380149714e+01 7.285509310247844894e+01 6.626630978302181063e+01 5.439407930178510497e+01 3.479122194180486360e+01 5.248703995949958312e+01 5.111492254999166818e+01 4.974781481121409854e+01 4.837508040343232096e+01 3.520082873144171032e+01 2.610400040832766422e+01 2.546376796672767284e+01
1.188113847175437314e+02 1.248974664302434547e+02 1.311092582826766773e+02 1.210226377791587709e+02 1.124956339578491082e+02 9.587611221542657347e+01 9.961945443509313236e+01 9.474446849712361995e+01 9.027480120742499992e+01 8.054919007359451655e+01 6.081684206658791680e+01 5.848400601574098090e+01 7.804421562716049721e+01 9.318082864600084747e+01 7.905087529471984453e+01 7.905087529471984453e+01 9.899652031601897306e+01 1.016392517211358637e+02 8.221412754840199000e+01 8.802053135652036531e+01 1.022135912750495095e+02 1.028549723038566697e+02 9.454176040275241633e+01 9.235030338135111094e+01 8.275958549046373491e+01 6.295060075770637553e+01 5.316535080308758410e+01 4.667444647516445855e+01 5.573710756113111842e+01 3.625355266539719423e+01 4.980137748360969852e+01 6.819280520434200810e+01 6.811713532666750837e+01 4.898013311875848785e+01 5.314548598046351913e+01 3.732695212231919868e+01 4.552037033311612646e+01
1.353499897908168634e+02 1.354375382568378541e+02 1.169596015907070807e+02 1.006262292523373816e+02 9.135275065353370394e+01 8.489706560513718614e+01 7.910384810896967167e+01 7.440283923987634296e+01 7.009547389366981918e+01 6.611859422459799873e+01 8.011658487153508190e+01 6.045632309917141356e+01 7.428556685448297969e+01 9.419391405958876362e+01 9.899652031601897306e+01 9.899652031601897306e+01 1.073107819972817225e+02 1.106228917644876191e+02 9.383889159187772577e+01 1.081189267144878556e+02 1.032215593416562314e+02 9.168248453186933489e+01 7.460960490757865671e+01 7.243382094103829161e+01 8.654749878688454601e+01 8.111497895244617951e+01 7.285509312408497351e+01 5.792726237534381539e+01 3.835372828391388822e+01 5.586384503158994619e+01 4.672328151355375780e+01 6.630537573571776022e+01 7.627856147357570649e+01 6.811713532682254879e+01 6.326743444367750868e+01 5.536113182238407404e+01 5.884896883164242354e+01
1.427556033187820788e+02 1.483032632200315675e+02 1.315598271090431695e+02 1.210226377792938024e+02 1.124956339578490372e+02 1.057036357609443797e+02 9.961945443509313236e+01 9.474446849712361995e+01 9.027480120742499992e+01 8.613080271146189659e+01 8.224462960644545717e+01 6.250997200111275021e+01 8.224462960644545717e+01 9.383618021587632541e+01 9.937969237548860235e+01 1.064672593960902844e+02 1.147617414294936822e+02 1.222021390521455544e+02 1.139216172248514027e+02 1.086678995821611267e+02 9.490394453890984039e+01 7.495671395387867619e+01 6.355702597305843682e+01 5.850301419339666609e+01 7.230809020700920087e+01 8.056656737072555075e+01 7.336722405788214019e+01 5.367257735504087179e+01 3.987912834801068129e+01 5.944100578942560986e+01 6.631158378155014077e+01 6.053371088666700217e+01 8.026060943720160878e+01 8.459439413429076637e+01 7.310310419318788888e+01 6.421510383734160143e+01 5.088572132131471903e+01
1.327115592830483024e+02 1.457276622202092256e+02 1.450209139995363046e+02 1.249201583639327851e+02 1.106818700259565986e+02 9.906266152163237848e+01 1.049572297250382320e+02 1.004696668555754542e+02 9.620099274691509095e+01 9.255535205731254678e+01 8.469970654971461954e+01 6.490668207233920839e+01 6.900599018922871153e+01 7.391578937029377983e+01 7.939313789296862467e+01 8.642059258656391307e+01 1.005911552857384237e+02 1.206534296332181242e+02 1.119336419191972141e+02 9.185556252078953321e+01 8.034124918308120300e+01 7.285288596104389569e+01 8.338740559105458772e+01 7.230809023996903306e+01 5.262923207814079518e+01 6.684994737998871983e+01 6.502969819609394619e+01 6.097322559937572350e+01 4.141115295425728959e+01 6.097322399534620985e+01 7.848169981773271786e+01 8.026059891457974516e+01 8.852886426183206936e+01 7.633573241864772285e+01 5.644659729221177003e+01 4.499677922432640997e+01 3.627039465010834363e+01
1.173009268825477989e+02 1.359712164321806256e+02 1.402323147399324341e+02 1.286189030853041402e+02 1.202924028079801104e+02 1.049572297250382320e+02 8.488823846619247604e+01 8.044781054276432997e+01 7.623299632437520756e+01 7.263856557646923306e+01 6.916987892766188395e+01 6.916987892766181290e+01 8.885612634909496421e+01 9.383618021587632541e+01 9.937969237548860235e+01 9.937969237548860235e+01 1.027872451110754923e+02 1.228414452105592858e+02 1.202666964312441706e+02 1.086678995821611267e+02 1.003415573737158013e+02 9.278215142842057617e+01 9.215336167519033950e+01 7.809679191117464825e+01 6.685015502267833654e+01 4.724323743445214774e+01 4.543948386845597298e+01 4.365811104740989634e+01 6.097118661061355027e+01 5.058276461989728290e+01 6.443434329412744432e+01 8.425362321490651141e+01 8.901915544164246796e+01 7.753250740513990991e+01 6.224587411235268775e+01 4.240839451072321253e+01 5.015312188604678312e+01
1.075920571642305674e+02 1.276287598298728483e+02 1.319132093241706229e+02 1.117853820132013567e+02 1.001515503154169124e+02 9.305067686175942754e+01 1.049572297250382320e+02 8.882168480658044984e+01 9.620099274691509095e+01 7.903940170293617484e+01 8.903452837789036778e+01 8.903448633824858405e+01 7.555377195109835498e+01 8.962976677046327723e+01 1.097018161684078308e+02 1.194232103791058108e+02 1.228414452105592858e+02 1.120538566702996803e+02 1.037209011487647246e+02 1.084608381698258910e+02 1.097935329033586811e+02 9.286423419508700761e+01 7.295853981775952946e+01 6.403962665487088657e+01 5.020331639161230441e+01 6.685015502267833654e+01 6.502942560492130042e+01 4.720468864236868001e+01 6.680847628152309881e+01 7.023923911598001268e+01 6.443434329004787742e+01 8.425361707577147286e+01 8.075899245395805792e+01 6.088272951878798267e+01 4.937822211052463217e+01 5.641951646813627264e+01 7.000050565687288895e+01
1.112675949346387938e+02 1.238474889798798984e+02 1.323420968760932510e+02 1.286189030853041402e+02 1.202924028079801104e+02 1.046611441599541763e+02 1.172280256011429032e+02 1.003956232069564010e+02 1.073532088528477288e+02 8.793532869234219618e+01 1.073532007170445297e+02 1.038293251605980601e+02 8.702920303821676384e+01 8.364775473723848620e+01 1.036915990275831376e+02 1.236288101735105300e+02 1.179407122119484512e+02 9.783086255201102688e+01 8.368583127945015576e+01 8.840084170363709859e+01 1.014700990919923527e+02 8.147773530777112683e+01 7.295853852982769183e+01 5.327040165503078839e+01 6.984557072692210511e+01 7.809688629772989543e+01 7.052785862229013958e+01 5.087359274634514605e+01 7.052783207344616301e+01 8.811845143444948292e+01 8.425361707577147286e+01 9.253027637376150949e+01 7.817315599386407143e+01 5.829511694633121976e+01 6.928342667992829718e+01 7.631194534498904147e+01 7.265867972071873737e+01
1.066854295658450980e+02 1.036327330032059422e+02 1.232549994236860726e+02 1.348746318291035493e+02 1.331205815582495973e+02 1.247969477331014616e+02 1.288406654821721986e+02 1.205148403649056945e+02 1.163334987195043908e+02 1.021135535410898427e+02 1.163334987195037371e+02 1.154198976826451570e+02 1.070919874919819534e+02 9.363858990770687285e+01 9.519274138695890031e+01 1.153012544678233411e+02 1.179407122119484512e+02 9.783086255201102688e+01 9.427627863800569230e+01 7.432954145050224781e+01 8.673712062867735995e+01 8.191739189880360072e+01 6.529606677625592681e+01 5.549639354529439572e+01 6.682480728293496952e+01 8.664744470253279474e+01 7.545915351441244923e+01 5.573397394592353749e+01 6.007222981134218287e+01 7.401636993049238811e+01 9.394434300299040785e+01 9.223215908691840070e+01 7.234972623927559710e+01 6.977503857725385217e+01 8.642932524365492952e+01 8.667415521850342941e+01 6.685327968642849328e+01
8.707737358599973732e+01 9.480880011392055451e+01 1.064124596651979147e+02 1.264943190319139745e+02 1.270155835173960810e+02 1.188157239542061063e+02 1.214199540845144298e+02 1.132536314221329121e+02 1.214199540845144298e+02 1.222287350697769028e+02 1.201022952581167829e+02 1.227059296880571395e+02 1.220728697518698453e+02 1.078511322208929073e+02 1.094083118627984135e+02 1.236288101735105300e+02 1.262768507885883764e+02 1.179407122119484512e+02 1.025978482066831106e+02 8.673712062867735995e+01 6.686487007907518887e+01 6.209597774053028019e+01 5.911330707775214677e+01 6.167455622970511087e+01 8.145084433565718030e+01 9.485826585947695833e+01 8.075023455540014083e+01 6.095282209436885523e+01 7.985313810812411361e+01 7.401636993049238811e+01 9.394434300299040785e+01 1.005089242480342762e+02 9.223215908691840070e+01 8.964519772891802063e+01 9.791908344947918863e+01 9.495162297093990844e+01 8.667415521850342941e+01
9.867368840808705954e+01 1.149000521224143796e+02 1.232549994236860726e+02 1.270155868067050733e+02 1.157602846401400996e+02 9.944584436559857465e+01 1.117218224062168304e+02 9.398949538625701905e+01 1.117218224062168304e+02 1.144916738049578555e+02 1.006663136134026075e+02 1.032237295519036024e+02 1.170783561998469651e+02 1.279727176588955899e+02 1.295280764271607552e+02 1.315258596746928106e+02 1.231901278727330009e+02 1.139955167492978632e+02 1.024090494456903428e+02 8.778042778109984567e+01 6.789790525118654330e+01 8.191739015078751152e+01 6.435321989556824462e+01 8.145720054684251465e+01 7.221090656901534999e+01 9.207501097045708605e+01 8.703362058731909201e+01 6.716380930836760399e+01 8.075023455540014083e+01 9.394434300299040785e+01 1.022444522821904229e+02 1.008373877368190819e+02 9.253613214775583629e+01 9.667215834186158929e+01 8.739282245978937169e+01 7.912316371342872401e+01 7.912316371342872401e+01
