MOVIE_S13_data/elevation_000396.asc
nrows	150
cellsize	150.0
xllcorner	0
ncols	150
yllcorner	0
NODATA_value	-9999
[rows 34 to 50 of 150, columns 37 to 73 of 150]
7.428416327507943606e+01 7.260897290445380747e+01 5.943260646229992972e+01 6.844886325297451890e+01 7.845913100466987089e+01 9.254355430935692084e+01 1.124639585734342830e+02 1.073786379105348772e+02 9.911876641967400303e+01 9.696248562410880822e+01 9.009185166546582479e+01 7.029141594924325886e+01 6.633482083574165244e+01 8.617471378682918726e+01 9.983342606583823908e+01 1.052113840069602873e+02 1.007028900118236550e+02 8.637944225467848014e+01 9.174625462517086305e+01 7.178686144145487447e+01 7.763283235659676507e+01 7.566747563479441396e+01 6.053831936549195802e+01 4.054430251442231281e+01 5.205937072612730532e+01 3.206521420608410722e+01 3.577619945376262933e+01 5.571672953956525731e+01 6.946371410935014978e+01 8.019517961444704213e+01 8.084224276972230427e+01 7.240515169649506788e+01 5.312260994292638117e+01 4.185588854517265389e+01 3.297192693135376373e+01 5.294804759274920514e+01 6.278646953370473938e+01
5.417745915815950752e+01 5.247959110846966269e+01 7.260897290445380747e+01 8.465136304802096845e+01 9.040902174766627297e+01 9.704483089982907984e+01 1.053020572368737220e+02 1.152604014780567496e+02 1.129237555698538955e+02 9.313476628383841671e+01 8.174472474441706993e+01 7.698289160876289827e+01 8.617471378682918726e+01 9.437779557908285710e+01 1.031583859437516395e+02 1.030350754128958215e+02 9.041197014186786873e+01 7.159577313951355393e+01 9.041197014991682579e+01 7.763283235659676507e+01 5.765618351359842109e+01 6.764450793509766413e+01 6.481598785797787343e+01 5.421565608297518679e+01 3.421908831614435798e+01 5.205937072612730532e+01 5.571672953956525731e+01 4.132433411993327610e+01 6.124047246305426029e+01 7.486708981887677794e+01 8.309090258830563869e+01 8.034636334752579501e+01 6.826563100005748197e+01 4.755198303448560182e+01 5.294267449693761307e+01 3.456960771885438533e+01 5.451249718086337026e+01
4.777080209028510183e+01 6.792910830732074601e+01 5.943260646229992972e+01 6.465324958543919820e+01 7.046390694681299749e+01 7.713740344334063082e+01 8.709395050873476407e+01 1.069957112909233530e+02 1.211591493204469003e+02 1.097204861232004447e+02 1.014987826170430480e+02 8.580950850498972216e+01 1.049457840633637034e+02 1.031583859437516395e+02 8.271212894749524480e+01 8.646408701353867343e+01 7.392068171434507917e+01 6.145002383349300601e+01 8.182120036097305160e+01 8.590520684190309453e+01 6.764450793509766413e+01 4.765677327271654917e+01 5.654028675594035747e+01 3.654305758134975690e+01 5.421565608297518679e+01 6.249196730516155895e+01 6.946371410935014978e+01 6.124047246305426029e+01 4.749666012236558998e+01 5.504511806142029684e+01 6.651198699370044665e+01 8.628037252967384063e+01 7.677984006324226129e+01 6.835214516238481508e+01 6.278038535351839755e+01 5.451249718088769214e+01 3.615858666547189415e+01
4.492876659237840187e+01 6.507829330266234535e+01 7.948787235494455672e+01 8.465136304802096845e+01 9.040902174766627297e+01 9.704483089982907984e+01 1.053020572368737220e+02 1.152604014780567496e+02 1.245231087536949133e+02 1.223334147349834353e+02 1.137958387584130833e+02 9.975847473715249691e+01 1.137958387584130833e+02 9.677353471676559593e+01 7.615463931031176514e+01 6.556573091983932500e+01 5.976808869612112574e+01 5.510767914417129276e+01 6.974830435484983582e+01 6.705186088934851796e+01 6.442735575979628493e+01 5.912170923840660208e+01 3.912605743211100418e+01 4.054494110298167442e+01 6.053891306379900783e+01 7.483720816622020777e+01 8.636832345165561264e+01 7.287703316938575426e+01 5.303949030194880976e+01 7.287703316938575426e+01 8.309090258830563869e+01 9.452866244662114070e+01 8.302942186786323475e+01 6.305869809547272808e+01 4.894077348736526289e+01 4.342490135136668528e+01 5.608806042027817540e+01
6.116410321711232712e+01 7.336837528745945747e+01 8.919766111198484282e+01 8.684613764138701697e+01 9.438084651070960263e+01 1.026392653049241659e+02 1.141436421461055772e+02 1.245231087536949133e+02 1.044437004541319141e+02 1.022444061398502555e+02 1.164277695387395397e+02 1.195818685044139897e+02 1.169301381244594324e+02 9.677353471676561014e+01 9.487456585768089212e+01 8.646408701353867343e+01 7.400960671416100922e+01 5.402246914243926312e+01 4.976050839785293078e+01 4.706422531138841236e+01 4.443749288539530085e+01 4.187522880494791622e+01 5.912170162667183604e+01 6.053891304073830071e+01 4.657711834851738075e+01 5.812297483713135904e+01 7.809866768730921649e+01 8.109809662212850867e+01 7.287703316938575426e+01 6.299112538997104593e+01 8.276294094880043417e+01 8.985010108982793042e+01 6.988545644222631381e+01 5.835017302053155674e+01 6.890798766319700519e+01 6.334894046077985053e+01 5.897162632605252952e+01
4.660522542964834969e+01 6.087838995031461309e+01 7.742425271830215650e+01 6.685930147936926460e+01 7.444588064120954130e+01 8.596378907651946122e+01 1.058787607909259521e+02 1.157266247673449868e+02 1.074278831856606757e+02 8.802062928044861678e+01 1.005283400441743851e+02 1.206088139477540295e+02 1.133615817467291720e+02 1.033763491846569877e+02 9.509119301914299172e+01 8.049241670399911186e+01 6.051105436402647797e+01 7.400855416641405782e+01 5.682951425065344608e+01 6.705186088934851796e+01 6.442735575979628493e+01 4.489194655801431111e+01 6.488144604433938412e+01 7.483715699599879656e+01 5.812297483713135904e+01 5.442157233463566968e+01 7.440309342312178842e+01 9.160183686307587436e+01 9.100112802386834687e+01 7.288204795868315955e+01 9.100112802386834687e+01 9.812953622724339198e+01 7.832350812825987418e+01 6.988545644222631381e+01 7.880399147775401048e+01 5.930024558798430689e+01 4.940332890922043418e+01
6.675174139762900438e+01 5.269805575571349010e+01 5.734689159234183364e+01 7.157602265466105962e+01 9.154312905382141707e+01 1.026392653049241517e+02 1.066559218676928111e+02 1.041330529502231883e+02 8.732828949318640355e+01 8.043421314565929947e+01 9.417401918728526766e+01 1.142588105898960436e+02 1.050633069170202134e+02 8.511907912126554265e+01 7.514337517541471811e+01 6.807331780607702854e+01 7.205656837051886043e+01 8.435620842012707499e+01 6.438994089717155589e+01 8.435620756222138539e+01 6.796554334985647472e+01 4.797831187308186429e+01 6.796554334985647472e+01 8.636832344499632086e+01 7.809866768737407483e+01 7.440309342312178842e+01 6.336525703214267935e+01 7.490161933921895354e+01 9.485022143384077253e+01 8.682346619224155404e+01 1.009107819662945928e+02 1.065775962383537916e+02 9.812953622754587002e+01 8.985010108982793042e+01 8.753237152491671225e+01 7.592763527370328802e+01 6.718367020953343172e+01
7.766104358075958203e+01 6.695948292989038464e+01 7.157602265466105962e+01 7.157602265466105962e+01 9.154312905383135046e+01 1.066559218676928111e+02 8.656644547757025521e+01 9.025293308252945224e+01 7.573885486391905886e+01 7.409255665564778326e+01 8.828779578314581045e+01 1.083846196046719683e+02 1.133615817467291720e+02 1.033763491846569877e+02 8.803857438555584736e+01 7.960739309973286026e+01 8.616943717776833012e+01 9.261988081193389633e+01 7.592916124160430513e+01 8.269662909797857253e+01 6.272475882977531825e+01 5.117986465815819486e+01 7.116586463563777443e+01 8.467558494921142653e+01 9.221552261676518469e+01 9.160183686307587436e+01 7.490161933921895354e+01 9.160183686307587436e+01 1.031232826732343000e+02 1.066954446909425798e+02 1.101661203326011247e+02 1.017725286942747260e+02 1.014866027967417637e+02 9.312164223451773637e+01 9.453542675644614235e+01 7.496641105981480280e+01 6.148409408705860812e+01
8.594560731655668917e+01 8.696236068599836244e+01 9.154312905378820631e+01 9.154312905382904830e+01 9.980253342301381281e+01 1.013547000227750914e+02 8.127395311896633245e+01 7.017532351539367141e+01 6.676793011940894473e+01 7.679822280413172564e+01 9.099856185953228760e+01 1.110940322393676780e+02 1.176733550017513608e+02 1.163066624291509754e+02 1.078467920120111359e+02 9.955578220590183491e+01 1.061308506783010870e+02 1.041347740034384088e+02 9.587001767833342569e+01 9.096863198513631232e+01 7.601269418402569045e+01 5.602870385223237548e+01 5.803830890835445189e+01 6.470667548776687283e+01 7.226672264862371264e+01 9.221552261701819475e+01 9.485022143384077253e+01 1.031232826732343000e+02 1.108398432189700316e+02 1.024402261100421043e+02 9.536792111189234333e+01 8.174617421797672989e+01 8.574038057041462935e+01 7.310922466109890649e+01 8.990158668221810956e+01 8.884720302916429091e+01 8.070109295240067127e+01
7.994535109534761830e+01 8.660644419964619090e+01 9.485885174912748141e+01 1.048193936839384151e+02 1.068107162000861052e+02 9.521879978172360381e+01 8.127395311896633245e+01 6.118995028918027401e+01 8.127395311896633245e+01 9.515401936793878690e+01 1.051931359558952437e+02 1.049938542867366635e+02 9.762530407516118203e+01 1.117697986792524176e+02 1.190459406872458601e+02 1.109122245798340316e+02 1.190459406872458601e+02 1.090211764129350911e+02 8.907294241513110933e+01 7.496995521416275210e+01 6.497447640642565148e+01 6.497447640642565148e+01 7.801928179554812459e+01 6.958380643462299986e+01 8.954235543156967481e+01 8.637467915643053118e+01 1.063165661152672214e+02 1.140847513639636475e+02 9.391584199415262901e+01 8.243672681879706943e+01 7.539256966782478742e+01 7.022018640283528157e+01 6.572779281759268599e+01 6.152722786825874834e+01 7.621148821276568697e+01 7.286465487517382655e+01 6.964140537402650466e+01
5.989631489433298128e+01 6.662316488675048731e+01 7.664672669834723706e+01 9.656616170094503104e+01 9.850453330184726042e+01 7.841643583410741769e+01 6.682667262589041002e+01 5.782168154354236123e+01 7.791480414593439718e+01 9.466081594226508855e+01 9.642956957845284194e+01 8.490882630306228407e+01 8.340784970877196258e+01 1.034972422419861573e+02 1.091043635987598748e+02 9.092691438741651666e+01 1.074791038925544342e+02 1.156312493489089661e+02 1.031919738748111541e+02 9.321398348795227662e+01 7.496995521416275210e+01 7.651300416233952717e+01 9.321398348761125874e+01 8.111301510848950613e+01 9.781598826669112157e+01 1.063165661152672214e+02 1.146037056625998218e+02 1.225156769453415961e+02 1.024402261100421185e+02 9.167412506961349550e+01 8.947982480124552751e+01 9.021030754672472085e+01 8.574038057041462935e+01 7.621148821276578644e+01 5.613048898282821142e+01 5.277329238480911044e+01 4.954014652687435216e+01
7.410301336555448870e+01 8.660644419964619090e+01 9.485885174912748141e+01 1.048193936839384151e+02 1.006419596166694816e+02 9.233507738668249942e+01 7.486071452727200892e+01 5.472965998349463490e+01 6.637030141094176372e+01 8.644146058494486340e+01 7.634232558416745462e+01 7.070289197762041056e+01 8.490882630306228407e+01 1.049938542867366635e+02 1.009195694836253097e+02 8.086452405361671936e+01 8.748264867212550655e+01 1.074791038925544342e+02 1.153734280919510837e+02 1.031919738748111541e+02 8.907294241513110933e+01 9.645811537481915821e+01 1.047359548630031441e+02 1.010570484500417194e+02 1.093393351833311016e+02 1.137095349902357384e+02 1.220650416042650477e+02 1.311183127620850541e+02 1.202200773553996811e+02 1.118034287139448963e+02 1.095830430816147043e+02 1.004568095963864209e+02 8.040210137434763737e+01 6.885035929890202056e+01 7.217624274213545732e+01 5.204434064753964861e+01 6.964140590543085807e+01
9.379862825845613372e+01 1.023042596981360930e+02 1.044405343090060256e+02 9.613645375389943126e+01 9.233507738668249942e+01 7.224583390235511615e+01 7.195488516556555680e+01 5.179528058226986786e+01 7.195488516556555680e+01 8.222574313474498808e+01 6.212760872532465584e+01 8.222574313474498808e+01 9.908594950477751695e+01 1.077309846247290466e+02 9.333947480649599981e+01 7.328774378967553105e+01 9.333947480649599981e+01 1.015247987028064216e+02 9.567743621332407145e+01 1.094803130837711933e+02 1.090211764129350911e+02 1.053836193122352825e+02 9.703728991271117366e+01 9.276624101214353857e+01 9.947416276888921516e+01 9.357767852937834618e+01 1.137095349902357384e+02 1.257530652999765977e+02 1.156247109900753998e+02 1.072193089310423346e+02 1.107157039658218594e+02 1.088428482550864942e+02 9.723196196147951298e+01 8.689389464715924305e+01 7.398495271583698241e+01 5.384406971903926831e+01 7.398495278370297967e+01
9.490057430101663272e+01 1.103377387751255299e+02 9.025408889498169174e+01 7.604885171034634084e+01 8.343193871616324486e+01 7.707701340386616096e+01 5.800988328014611284e+01 4.893806796169086226e+01 6.913192020540648741e+01 7.720151409796753228e+01 5.707658725468390770e+01 7.720151409796753228e+01 9.249689512517376500e+01 9.954698887768365978e+01 7.951182291548842329e+01 6.796848580492199687e+01 8.133545343857134924e+01 8.135057733977906480e+01 8.151188741125150727e+01 1.014462586723787894e+02 9.902235868145787379e+01 9.068043642193600817e+01 7.693515395869984275e+01 7.267872249426568487e+01 7.935039749865195802e+01 9.096533485492940940e+01 1.110974378557885984e+02 1.173328646212723640e+02 9.710575324081224835e+01 8.707761272669779373e+01 9.054536284443297234e+01 9.088073509333743516e+01 8.701437438063295815e+01 7.854123163551753350e+01 5.842122839126816558e+01 7.398316411637942736e+01 5.702034776745282585e+01
8.565275207642797284e+01 9.564682202055831794e+01 9.763572330500109331e+01 7.754853850244072078e+01 6.333590036904764986e+01 5.694940277563587472e+01 5.131528849796821135e+01 4.624239838151650162e+01 6.648029176063380419e+01 7.258478005542860956e+01 5.241894257551219738e+01 6.408663340576691780e+01 8.419343095916568132e+01 9.607027891498013616e+01 7.607320927312721892e+01 7.601822476159887287e+01 6.135206297289955302e+01 6.885863767271605695e+01 8.884761761858966622e+01 9.644693455771592028e+01 8.742800798163057152e+01 7.062211861897823439e+01 6.540918108572377321e+01 8.543131633512642509e+01 8.687087393292941329e+01 1.069989161699499221e+02 1.194502972813250636e+02 1.257530652999765977e+02 1.080861614991090249e+02 8.793714161903295690e+01 7.636161024713273093e+01 7.079053553023503298e+01 6.692189580628686940e+01 6.324619130439177184e+01 7.854123163528925033e+01 7.941005867075760705e+01 5.929851387374302618e+01
6.737932350396920356e+01 8.737960388664725997e+01 9.171765641466440400e+01 8.342724792113961030e+01 8.343193871616324486e+01 7.707700986468341853e+01 6.386752975906876628e+01 4.357533113428102922e+01 6.059711887271107145e+01 6.324606082243170135e+01 4.824847782599329094e+01 5.840306655632765853e+01 7.266954127689027132e+01 9.291440923965848242e+01 7.612373258232558726e+01 5.610744022972962597e+01 7.124983155216763464e+01 7.125424360808644053e+01 9.101297076129388586e+01 8.225940724478475374e+01 6.807187993174400731e+01 5.911841583813539813e+01 6.802006336260376429e+01 8.806342510587275285e+01 1.069989161699499221e+02 1.153505057348065037e+02 1.246223316933964895e+02 1.238535723073288040e+02 1.164926660809510679e+02 9.945256056839058090e+01 7.934984795469652852e+01 9.088073506920261480e+01 8.701437438063295815e+01 7.484857569522968390e+01 9.170419537302014135e+01 8.173120020366178551e+01 6.163249107653560799e+01
8.565275207642797284e+01 9.564682202055831794e+01 8.342724792113961030e+01 6.336294898912555595e+01 6.923964608655850839e+01 7.754022242371222262e+01 7.219669951811826536e+01 6.059711787112865267e+01 4.024762257943554289e+01 4.294318359852673694e+01 6.324606082242537042e+01 7.678861410914964836e+01 8.689678815283383528e+01 8.448255600507825136e+01 8.438132295176534114e+01 7.130560424592384550e+01 5.123357216222395749e+01 7.130560424592384550e+01 7.766125024573180724e+01 6.934628930805673974e+01 5.391446385197325242e+01 6.547750633679463306e+01 8.550140102773602280e+01 8.437205576413860797e+01 1.044881351287429254e+02 1.045384406523969858e+02 1.045384406523969858e+02 1.037706076723034982e+02 1.179689108401065027e+02 1.078412947319860109e+02 9.945255771274356960e+01 9.006542710639607208e+01 1.033328544213710529e+02 9.495371276982562847e+01 9.834014698261289311e+01 7.822369666545685618e+01 6.402378113333108445e+01
