MOVIE_S13_data/elevation_000475.asc
nrows	150
cellsize	150.0
xllcorner	0
ncols	150
yllcorner	0
NODATA_value	-9999
[rows 85 to 101 of 150, columns 111 to 147 of 150]
6.037777596874892083e+01 5.014371245220754503e+01 3.047212309906768013e+01 4.809124588346348617e+01 4.465907703119356853e+01 2.491608582789368143e+01 4.271296481945465473e+01 4.887134722003138165e+01 3.908110862613924041e+01 1.929185677917720909e+01 3.720551639664167709e+01 4.394942805203932323e+01 4.391059284697809062e+01 2.723958190986495609e+01 4.683331712781164669e+01 3.761143883536760057e+01 1.830071344364570152e+01 2.802606228615673345e+01 1.053271745805320059e+01 1.155625130013678792e+01 3.125705724718618583e+01 1.078137436001666138e+01 2.141781294899129051e+01 2.684058418281284730e+01 2.717476331329493533e+01 2.614365449803933572e+01 6.170679050845501834e+00 1.112071062962126611e+01 3.264017275676851426e+01 4.760276319004385925e+01 3.882274129905852078e+01 4.769156914873436648e+01 5.008976392260495203e+01 5.434071564053584780e+01 4.642196325447226712e+01 3.915128453176569678e+01 3.301586144543482959e+01
5.222792398468838115e+01 3.259330135067629897e+01 5.014371245220754503e+01 5.000564689408461305e+01 4.506105342583771289e+01 4.474944494287365160e+01 5.113730242599440601e+01 3.933350668890473401e+01 2.120084464055009121e+01 3.908113860232710834e+01 3.326570121699877802e+01 5.312097474946219222e+01 5.362175229876110905e+01 3.442193149312737432e+01 5.362163973769084180e+01 4.551058920098788718e+01 2.846804503516239748e+01 2.954692713395651893e+01 3.051445718736496104e+01 3.379727417461180750e+01 3.165869223968294577e+01 1.210553304953709386e+01 2.029627038564777664e+01 3.825867666285488866e+01 4.088043031091921620e+01 2.003947648458840902e+01 5.747632786783737124e+00 2.511953384401659761e+01 2.616837967332827120e+01 2.783794531017659324e+01 1.515972785136737322e+01 3.020174651549475087e+01 3.003082255774940279e+01 3.791647606213773258e+01 4.150893344208258640e+01 4.424142766149648764e+01 2.424089131482853432e+01
3.474132183404216789e+01 5.223994395335674312e+01 5.223994395335674312e+01 6.921324849363030296e+01 6.599877935588057198e+01 5.747187726258208329e+01 3.947130369033858699e+01 2.979907442514423366e+01 2.255564809487107780e+01 4.621129157587345304e+01 5.312096752271994404e+01 6.140156870567903979e+01 6.178678572501523547e+01 4.540532102362481481e+01 6.178677133821798151e+01 5.588344228495762422e+01 4.789925311417155740e+01 4.715676991580448174e+01 4.352776600619529290e+01 3.351056584243032432e+01 1.400053241438341267e+01 3.165869223969525237e+01 3.805679995588084097e+01 4.886835224906072028e+01 4.465148641109055916e+01 2.487889423548026002e+01 6.567650890276228282e+00 5.147627943078125767e+00 4.723503043741970053e+00 4.299104674127646852e+00 3.875232204293302729e+00 3.455097228242427487e+00 2.284018914646411602e+01 1.675016904377268645e+01 2.059554886281468100e+01 3.565369810519199945e+01 3.838321281431419862e+01
3.712923655496540221e+01 4.766411607549670038e+01 6.727688856304361309e+01 8.006297948184167979e+01 7.353880600763319819e+01 6.305610068785284028e+01 4.405439501328525154e+01 4.331059357263439580e+01 2.392216884707614710e+01 3.585192077507834796e+01 5.031832176450883765e+01 7.041114807721287150e+01 7.308832511651975494e+01 6.484567458208181279e+01 6.246214895614705398e+01 5.959372710694212572e+01 5.157198804001224346e+01 4.554746056167429202e+01 3.541051690616497183e+01 1.594252028756210571e+01 3.351056584243032432e+01 2.322107442931049093e+01 3.691832766057476078e+01 5.661310398401960242e+01 4.913118132735771582e+01 2.907352044841890759e+01 1.467104034913422694e+01 6.642843967016437645e+00 2.103370602553978230e+01 1.479738611720704888e+01 1.435292630311952244e+01 4.692711602635447399e+00 2.872704004400962408e+00 2.487767005466453796e+00 7.633131085027085483e+00 2.543686003559489706e+01 3.581059334024521235e+01
5.572000812340037612e+01 6.400696678252218419e+01 7.541883030317339376e+01 7.925586180895005839e+01 6.519604514621886437e+01 4.501513647737611024e+01 4.656796114708725298e+01 2.594074085968614085e+01 4.445494149119951288e+01 3.425987807597201851e+01 4.875915202952010929e+01 6.887174985689162554e+01 7.667919101421512096e+01 5.657325731875945962e+01 4.247234862788616283e+01 4.816923691145149888e+01 3.246606555034305330e+01 3.735788254124053509e+01 1.793227037784312117e+01 2.285248383300469044e+01 4.228845991924213621e+01 4.268679409176034056e+01 3.545810596632571077e+01 5.512562583251222748e+01 4.936363379873714052e+01 2.924329485819856700e+01 3.228697950065627964e+01 3.267086828777924268e+01 2.539422894559687194e+01 2.399835589539828007e+01 7.041711025483671449e+00 2.351374622460995667e+01 2.269477422858825122e+01 2.161098720769722803e+01 1.960178347424174072e+00 2.106298685391666226e+01 2.083200174992084897e+01
4.987966268890007626e+01 6.952348269648781809e+01 8.099665514500320285e+01 6.097534252454155279e+01 5.089858964002558395e+01 4.871063174014594921e+01 2.805670693353393830e+01 4.656796157328642494e+01 4.656796157328642494e+01 4.875915636117549923e+01 5.096085932175070354e+01 7.106531498508442724e+01 6.730363189534439528e+01 5.898468062800843370e+01 4.832722558956084669e+01 2.866725685119586231e+01 2.140615234572296544e+01 1.993953869965799441e+01 3.151755275443873217e+01 4.225970253001967336e+01 3.505866991055408732e+01 5.472918773576176221e+01 4.928952437869252634e+01 6.341532189017999599e+01 5.765887584662846876e+01 4.936363379873714052e+01 5.222543316276036762e+01 3.981173664907480259e+01 3.527207790983022306e+01 2.737261274629110375e+01 8.635988305402845455e+00 2.752805992022282666e+01 3.703634472343135542e+01 1.810391490077884669e+01 2.129116662785156322e+01 1.440804789812950348e+00 1.059585577128068001e+00
6.123276430754563648e+01 7.766998101397825849e+01 7.151861627659704368e+01 6.097534252454155279e+01 4.082218838425240648e+01 3.029903488229621189e+01 4.871601404222182907e+01 5.704882108152418141e+01 6.676905353308275437e+01 6.887208126004757958e+01 7.106531498508442724e+01 6.953618934858359069e+01 5.898411971353562677e+01 3.923744404792501683e+01 4.288094461303523985e+01 2.352836338321186815e+01 4.076940627594288458e+01 2.530194095923718933e+01 4.464114445314783097e+01 5.828730900883154931e+01 4.888689025320993409e+01 6.302130375956863162e+01 6.921522111370902053e+01 6.606048522102936715e+01 5.761395030638207970e+01 5.986574459941417814e+01 5.141008627180166002e+01 4.195894795840258240e+01 3.047949205420112406e+01 1.117015394706313458e+01 2.757846524860074666e+01 1.559807245461192160e+01 3.507160984736572118e+01 3.745435563487088615e+01 2.478525127149229235e+01 2.354737643133370195e+00 2.006632706564115409e+01
7.510644336836477919e+01 7.737652202414633962e+01 5.735749527693033656e+01 4.315138109202506200e+01 3.273491520447964120e+01 5.089967673215334543e+01 3.974964855062237490e+01 4.807156050104212142e+01 6.222785446366970774e+01 8.225397672540060512e+01 7.539111623875916735e+01 5.535230236801116632e+01 4.141908113218838139e+01 4.500518432032204430e+01 2.564684396919498255e+01 4.287713098242576137e+01 5.110425847163632085e+01 3.166859054576906729e+01 4.471691041994070304e+01 6.455481122132783867e+01 6.883374155355650714e+01 6.883266552137186522e+01 6.039562603430333354e+01 5.257384918072789048e+01 3.692095839449351047e+01 4.252452249543578944e+01 3.080804604266155167e+01 3.350531587453013316e+01 1.389711112282298267e+01 3.047970181385707278e+01 3.878936386528211244e+01 2.122683414862886053e+01 4.125640837825373097e+01 3.907328809289566607e+01 1.892777254042126955e+01 2.478778291699454783e+01 3.249439954819180087e+01
9.472870105934117646e+01 8.052032711000441623e+01 6.051186358596191184e+01 4.635631622841955846e+01 3.450074406544518268e+01 5.481805657862199865e+01 5.992462824504313801e+01 5.996184058767139646e+01 6.441798745509882451e+01 8.444694624367264169e+01 7.385136913556569027e+01 6.551497035032434724e+01 4.721996431489186818e+01 2.779399793079818792e+01 4.502039493329557018e+01 5.325635980785138202e+01 5.952726155046027401e+01 4.132081471562700870e+01 4.758260192705155589e+01 6.752008221488679851e+01 7.492650837379331108e+01 5.437968571686564445e+01 3.970035016844257569e+01 3.185254714850074720e+01 2.506627954439206363e+01 2.211414840420019701e+01 1.935230574256535618e+01 1.678925958441847754e+01 2.753675041720324401e+01 4.195997457229339034e+01 4.125641033106268907e+01 4.125641033106268196e+01 3.269324287898300696e+01 4.746355066812017043e+01 3.907412307956076347e+01 4.300974855655419304e+01 3.472550562648140016e+01
9.126230784867736645e+01 8.297067259533832839e+01 6.724029320844773849e+01 5.647068951181731933e+01 3.628599923339073996e+01 4.475085622464443702e+01 6.516484018932158051e+01 8.020871828565155681e+01 8.444694624367264169e+01 7.868376905132987531e+01 6.551497034921808904e+01 4.560136534030404221e+01 4.894862799416194576e+01 2.946757769558008277e+01 3.337824118588624600e+01 4.683912032920687807e+01 6.648994467098022199e+01 6.116158073948368923e+01 6.116158073948368923e+01 7.585570251968904643e+01 8.084113381917697438e+01 6.039378090147175016e+01 5.110738709046641759e+01 3.038611014744325445e+01 4.566684585571534427e+01 4.252528922324849958e+01 3.951583491352312905e+01 2.041401079026948651e+01 4.066363719324956350e+01 5.638125997817196122e+01 6.134084086213625397e+01 6.103582520353167240e+01 4.446133828010894007e+01 6.103582520353167240e+01 4.886763820217181120e+01 2.886764166274282317e+01 1.472550604118695716e+01
8.297067089399897100e+01 6.293537703018128582e+01 5.890001366333600430e+01 3.881029804290073315e+01 4.988287801897136831e+01 5.811086332401520593e+01 6.364221018131416940e+01 8.482297201157787470e+01 8.726206206956236144e+01 7.034111015570643133e+01 5.034554804430312203e+01 5.143392517207148273e+01 3.186467538007412870e+01 4.894862799416194576e+01 5.259471352497483565e+01 3.953306330843791017e+01 5.886769704951617399e+01 7.470265524798018930e+01 8.126380540294573507e+01 8.857161530740837918e+01 7.837923882298990463e+01 6.998537519835748810e+01 5.509972163395936207e+01 3.436274138245866538e+01 5.509956558441989927e+01 5.946083979496619065e+01 3.880241245922327664e+01 2.432904243636548358e+01 4.485310621716444501e+01 6.143761594979504537e+01 7.063850178691006931e+01 7.247052973037978063e+01 6.447115442325217316e+01 6.044816359461856337e+01 5.216389234862565871e+01 4.300974855655419304e+01 3.472550562648140016e+01
6.945828845893274206e+01 6.880357964736735710e+01 4.879148809913773022e+01 4.057730127395728204e+01 4.589131677799773712e+01 5.451572816287563228e+01 6.732686479440829430e+01 8.717326414366985432e+01 7.900094574503077638e+01 5.931758317350551835e+01 5.401480206085733471e+01 3.435942953220506979e+01 5.143392520754988340e+01 5.972636666948461226e+01 6.720778897927928597e+01 5.303358409864919309e+01 4.665943351081238433e+01 6.035322186006175116e+01 8.060812572512804763e+01 8.022837761739897644e+01 5.974322119325368874e+01 4.937666257979029893e+01 4.150887061825530822e+01 4.223675771170560722e+01 6.291556810557537460e+01 5.679117812294241929e+01 3.611382992234790379e+01 4.485310621716444501e+01 3.227657210943122124e+01 4.154274605044155066e+01 5.620426933564601057e+01 7.672297162629325840e+01 6.630602797235540891e+01 4.630602797235682289e+01 3.216389234862636926e+01 3.951478170795258649e+01 3.244371389608723177e+01
5.530671221587657982e+01 6.320713438261501693e+01 4.319656427260295573e+01 6.063447821773851842e+01 6.627826848617387157e+01 5.902787872041546535e+01 8.060253739442340759e+01 8.293678943537595671e+01 6.316025983287632783e+01 5.196550847897835013e+01 4.295365503326865309e+01 3.617354757228624607e+01 5.587033602190457060e+01 6.803184155983500148e+01 7.621763022567509438e+01 7.295249165991565121e+01 6.628574584985797458e+01 5.564596585298077258e+01 7.577436349421573425e+01 8.857161530740837918e+01 7.248328534768165810e+01 5.190683694936308257e+01 6.219506114852238454e+01 5.263181740636118633e+01 7.133721216963351708e+01 6.524081615772931286e+01 4.808291062601458776e+01 6.143761594979504537e+01 4.263925091968637560e+01 6.143761594979504537e+01 7.063850178691006931e+01 6.387337006868210665e+01 5.558909628522685153e+01 4.802980681917419048e+01 3.951478170795258649e+01 1.951478170795329703e+01 1.244371389608794587e+01
6.589173784223081043e+01 4.589189394195794591e+01 6.320713457043110850e+01 5.388802312266918904e+01 7.390856358687348404e+01 7.532952614432159066e+01 9.016519443845753301e+01 9.125298806134051688e+01 7.978417978760408857e+01 6.527258280777628840e+01 4.521199010285432962e+01 3.810169927412862023e+01 4.717498447645134974e+01 5.056873247599098420e+01 6.235272684038735491e+01 8.176752773003953223e+01 8.423099994547987990e+01 6.976773387422365147e+01 6.976773387422365147e+01 9.027565018695261756e+01 8.085545723158159603e+01 6.225872075452642207e+01 8.085545723158155340e+01 6.722834927941636352e+01 8.156753226831875736e+01 7.707801998558787204e+01 6.868689325102782561e+01 7.171878317581621332e+01 6.329988170449042428e+01 7.171878317581621332e+01 6.973123194640454869e+01 4.973123189344688910e+01 3.558909626970191198e+01 2.802980680951710468e+01 2.170525148918023461e+01 3.317722283874233113e+01 2.846317762962212683e+01
6.202292827450612123e+01 4.788769418772962183e+01 6.789218713717538378e+01 7.390856358687348404e+01 6.803627624356212777e+01 8.808551933324747552e+01 1.050008627326474056e+02 9.725784380597758627e+01 7.547700786067150602e+01 6.019547003167392063e+01 5.816442803821656327e+01 4.307394170962317048e+01 4.130649812534969101e+01 6.161492080148253336e+01 5.485667564314226752e+01 7.540521555153719646e+01 9.343345407053556073e+01 9.027565018695261756e+01 9.027565018695261756e+01 9.869426601673603727e+01 9.102635014022655469e+01 8.270784994083703623e+01 9.102635014022655469e+01 8.761478508294023015e+01 7.656294738096794106e+01 6.819630922882943480e+01 6.557289399022282339e+01 7.394076100233598936e+01 7.432638555474686370e+01 6.601963109506480976e+01 7.432638555474686370e+01 6.387337006868210665e+01 5.558909628522685153e+01 4.802980681917419048e+01 3.317722283874368827e+01 1.317722283495566415e+01 8.463177627045306295e+00
6.993483794415875821e+01 4.992102925704539729e+01 6.406433906988632998e+01 8.410739861211268931e+01 8.808551933324747552e+01 9.638761466172988435e+01 1.049037793516747143e+02 9.481420473219570511e+01 8.646958187357597581e+01 7.110898028125329517e+01 5.094976187325469397e+01 6.320188427782884588e+01 4.421056454880146447e+01 4.676656569208928715e+01 7.220483757152845783e+01 6.456693747161602914e+01 7.913460373243172796e+01 9.940223311534992945e+01 9.897091035469276221e+01 8.886564864551510823e+01 8.050548256449057760e+01 8.399500166611252894e+01 7.876067220631098564e+01 7.410901511797256092e+01 6.819630922882943480e+01 4.807428031950523462e+01 4.547243076415181662e+01 6.231861385023659494e+01 6.408418976862724037e+01 4.535708117632508873e+01 6.408418976862724037e+01 6.512096894557711835e+01 5.640778412257377283e+01 4.950715452001014683e+01 2.950715445365919365e+01 3.317722283874283562e+01 2.260531325077377218e+01
5.324769439114874814e+01 5.438657991450455853e+01 7.441283741439130495e+01 8.886476496120386059e+01 9.717089016160106496e+01 1.072032136592270035e+02 9.657301092636248541e+01 7.636615282078949463e+01 6.623916417810980306e+01 5.951715041169176601e+01 6.848713182825245838e+01 4.838764639880000828e+01 6.434092456615329070e+01 5.350364729116141405e+01 7.413996305979576107e+01 8.507085494011263904e+01 7.913460373243172796e+01 9.940223311534992945e+01 9.062205109518532709e+01 7.038891403379585654e+01 6.021581689389616088e+01 6.372253084099950371e+01 5.848456903796628836e+01 5.386644263825848356e+01 5.561886706936612512e+01 5.171539834381571410e+01 3.407018806044187897e+01 4.458802130974889621e+01 4.794632992829210849e+01 3.569860779900780301e+01 5.568835613569496701e+01 5.297961046567480281e+01 3.538083588160753123e+01 5.297961046567480281e+01 4.950715451742357942e+01 5.088956736875383058e+01 3.835013539628021562e+01
