MOVIE_S13_data/elevation_000797.asc
nrows	150
cellsize	150.0
xllcorner	0
ncols	150
yllcorner	0
NODATA_value	-9999
[rows 102 to 118 of 150, columns 0 to 36 of 150]
7.465892062736491364e-02 2.007465887214341649e+01 4.405595464454325594e+00 6.238983495423966907e+00 8.167444792880502291e+00 2.807305486399419792e+01 3.914719645331705067e+01 3.695973561369648053e+01 2.055299770283191663e+01 2.342211404746354475e+01 2.631959041206145855e+01 2.963381582457231289e+01 3.315893210620667730e+01 3.724392294054904795e+01 4.152094104178294742e+01 4.971213988150590524e+01 6.973335873773622495e+01 8.545337173144739040e+01 9.545297993023518757e+01 9.358787939546046175e+01 9.140964135702174076e+01 9.269639438935476505e+01 8.444535578361698924e+01 9.269639164037600665e+01 9.481862267923285970e+01 8.653678762664715407e+01 9.481862270303609819e+01 9.989305114745607739e+01 8.323438269224807584e+01 9.989305114745607739e+01 8.802208395813696029e+01 1.046370977664617357e+02 1.001491528403427793e+02 8.323431903851130187e+01 8.968155868312840084e+01 6.953498147307864485e+01 5.791741957086678383e+01
5.256003946987738984e-02 1.834301656388731994e+00 1.521916339627616388e+01 2.559324810487325053e+01 2.807305486397416061e+01 1.092904839097168512e+01 3.086458889126029348e+01 1.700620946165425451e+01 2.275036914159305468e+01 4.272628657040624489e+01 4.631734994021343965e+01 3.630223795200662096e+01 5.319618097600504569e+01 5.728757957248085830e+01 6.155990624418805623e+01 5.007589386561090095e+01 5.716146352640389949e+01 6.716981686394973394e+01 8.717254503236792118e+01 9.512205841693659636e+01 8.683309031421376289e+01 9.184349385886670802e+01 8.356240354245477420e+01 8.788412512890965900e+01 7.962018004928418691e+01 6.671658371716226554e+01 8.488305147514753912e+01 9.481862260736149040e+01 1.032226993433943676e+02 1.113858323403891006e+02 1.079533932864048751e+02 1.160997617080651167e+02 1.118186619804026520e+02 1.034339026215440924e+02 9.805730709974682213e+01 8.244153630375880937e+01 6.231665382344144177e+01
4.895353024219195603e-02 1.625348020117550618e+01 2.023230312573897294e+01 3.708053803151071293e+01 3.914483729894958230e+01 2.501213076250341061e+01 1.379525739681936614e+01 3.374393396052265359e+01 4.272628657040624489e+01 3.214666842802096625e+01 5.216125152043732527e+01 5.633240566062677601e+01 4.786849779685055495e+01 6.789378620850578727e+01 7.838108215518454358e+01 7.009743024285172908e+01 7.717117914461896078e+01 8.545337173144739040e+01 9.545297993023518757e+01 8.683309031421376289e+01 6.698715721856319760e+01 7.279989644330470355e+01 6.373594966286540142e+01 7.642291557447013872e+01 5.981000988542144370e+01 5.682395507204287100e+01 6.671658371716226554e+01 8.653678762654357115e+01 1.029738331329740930e+02 9.471932704402892966e+01 1.029738331329613601e+02 1.019144451560477052e+02 1.019144451560477052e+02 1.101772922840178381e+02 9.891702087077821659e+01 7.873875564362987234e+01 6.768887203793916285e+01
3.701814731466852859e-02 1.003701814715053153e+01 3.003691548686718349e+01 4.734551182515903633e+01 5.325658135985572983e+01 3.374317111798258395e+01 2.529756050047438620e+01 2.192453805123895805e+01 4.189819476817724819e+01 5.216125152043732527e+01 4.369745026862570114e+01 6.372301903679129964e+01 6.789421913876232395e+01 6.422243456866095812e+01 8.423283357962714035e+01 8.467536136572832106e+01 7.640549178032453881e+01 8.467536136572832106e+01 9.220143073957339652e+01 8.396801418668273698e+01 7.279989644330470355e+01 5.297268489569882632e+01 5.228801710111717682e+01 6.220095716492915727e+01 4.834333437381937415e+01 6.818277297248569369e+01 8.488305147514753912e+01 9.481862260736149040e+01 9.303550604497540633e+01 7.486399922272634910e+01 9.303550604496471976e+01 8.204202295551786506e+01 8.204202295551786506e+01 1.019144451560477052e+02 1.072988855789087523e+02 9.544364033389786073e+01 7.527990701294379505e+01
6.719129721006188161e-02 2.006719129720970685e+01 3.003699106195625745e+01 5.003671229208099192e+01 6.199589949742978945e+01 5.354925606163472196e+01 4.528078555427535434e+01 3.083867479843225823e+01 3.454309282674581283e+01 4.869071752807493425e+01 6.372301903679129964e+01 6.005034135672375584e+01 8.006456066631386648e+01 8.423284201733375198e+01 8.394011494523094541e+01 7.470767240963823497e+01 5.648247955129020426e+01 7.470767240963823497e+01 8.396801418668273698e+01 6.415003188942604595e+01 6.995451467257485945e+01 6.220054784636916168e+01 4.232114460050942029e+01 4.232114460040167359e+01 6.220095716492915727e+01 6.090001804754646031e+01 7.489184912868324773e+01 9.477210293547901188e+01 8.479166313337766780e+01 6.491296352854351426e+01 7.792680425840410408e+01 6.799108785735728588e+01 8.786252065945103595e+01 9.205737239264836091e+01 1.119565210845880330e+02 1.038267252261179863e+02 8.533790187903721858e+01
3.121663039542149631e-02 2.003121663039506473e+01 3.133978494717970165e+01 3.800645161389356019e+01 4.629072289811309560e+01 5.629072291829378827e+01 5.913656811528894508e+01 4.238282149156532341e+01 5.455455424834810430e+01 6.284501408091766450e+01 7.699931063371458606e+01 8.006456066631386648e+01 7.918261808020380954e+01 7.106360012623783007e+01 7.566867515453753867e+01 5.573375172947935852e+01 4.649761394982312623e+01 6.644398566580741772e+01 7.840837906528638257e+01 6.995458451485757223e+01 5.012301910151668238e+01 4.307129489200416117e+01 3.677536033936845428e+01 5.668728919969345270e+01 7.043632874191372650e+01 8.071464065698400248e+01 8.898120347569211219e+01 8.872455567105360785e+01 7.776348148750338396e+01 5.785242449546694843e+01 5.801651190151705606e+01 6.467377779985604036e+01 7.220350928952277059e+01 8.623545935063680190e+01 1.061127138176295404e+02 1.139385984842043058e+02 1.055493787887585455e+02
1.928029293696056565e-02 5.566282255189275219e+00 1.133978494708558316e+01 1.800645161375236825e+01 2.800645161375254588e+01 4.214858723748399427e+01 6.214858723844725574e+01 6.240580536366279318e+01 7.069494354163438743e+01 6.501721167684102909e+01 6.501744501773974605e+01 7.337646664019123932e+01 6.779965408735417043e+01 5.130016882912200771e+01 6.779965191306189354e+01 5.939187826678417537e+01 3.942906957455682715e+01 5.019532658330590635e+01 7.013972208507661321e+01 6.656654452167521185e+01 6.995451467257485945e+01 5.357745838591135623e+01 3.365271913731740483e+01 4.524942981204483772e+01 5.997046141631084026e+01 8.198787653626963845e+01 8.421661772647692601e+01 7.464852447410936520e+01 6.057249327712682430e+01 5.152984642302195084e+01 7.146705241587783064e+01 8.455331748767812883e+01 9.205737239264834670e+01 1.003082379313345598e+02 1.065563882357403713e+02 1.065563882357403713e+02 1.148418151657825916e+02
1.242802616660093618e-02 2.001242802616624417e+01 3.133978494705794304e+01 3.800645161389356019e+01 4.629072289811309560e+01 4.395716422516029809e+01 5.216943113685406530e+01 6.143425637398836869e+01 5.913475988374815273e+01 4.489595815895383879e+01 4.489595908083281728e+01 6.501742861517541883e+01 5.965317753227794384e+01 3.978009685437952214e+01 5.965317773021482139e+01 5.385519134921052142e+01 3.388299626345913396e+01 5.385480842477429775e+01 6.072653607104208362e+01 4.660606173298582888e+01 5.553558599533577933e+01 4.728372725858584147e+01 3.095691705403881855e+01 5.088779635059061945e+01 6.402063405861194667e+01 8.238737769712227532e+01 7.013308535098344976e+01 5.604955297548990956e+01 4.644961671183288132e+01 5.644437123726451944e+01 7.053866149302398014e+01 9.041949519520545664e+01 9.015007426585783890e+01 9.841158072876264384e+01 8.666514904922736662e+01 8.666514904922736662e+01 1.065563882357403713e+02
6.518940535573533590e-02 2.006518939275650126e+01 3.593904028691741814e+01 3.833192190077269146e+01 3.019499361642176183e+01 2.449451590258987821e+01 4.395716422516029809e+01 4.126447084428203738e+01 4.126447084428203027e+01 3.058408284190330306e+01 5.078933686836931827e+01 5.227416240577752404e+01 5.254081351329414673e+01 3.271016399925440510e+01 5.262698199039969893e+01 4.927326313184032358e+01 2.929452256915180897e+01 4.927300273983829726e+01 4.128626939774458293e+01 3.247462961271545367e+01 4.380361288440033718e+01 2.733600455718708488e+01 4.724841910260510502e+01 4.499103104241759610e+01 6.446502744206647151e+01 6.601772793601264766e+01 5.776601754585249893e+01 4.191962268373428202e+01 5.346169209822699031e+01 7.339014220460239812e+01 8.460470774447932740e+01 8.690938472158737227e+01 7.023733612492421230e+01 8.311493343249958343e+01 7.260118194377433554e+01 8.666514904922736662e+01 1.065563882357403713e+02
2.959841564326779612e-02 2.002959699673663607e+01 1.593903362634752696e+01 2.267820853309047280e+01 1.062341261968652084e+01 3.019497997315850668e+01 4.598775628016178274e+01 4.126447084428203027e+01 2.087696553527545973e+01 3.374373388789866368e+01 3.150285670556108997e+01 3.152478583364937492e+01 3.880023430394414419e+01 2.667745718898503071e+01 4.661760512688707792e+01 4.501365281712008226e+01 2.502703090245363882e+01 3.924782079668849377e+01 2.112923179362369552e+01 2.246985220786256932e+01 2.382495133457868519e+01 2.545509827909137357e+01 4.542391017446626478e+01 4.938023908892473202e+01 5.109226344717745860e+01 5.381083211461853466e+01 3.779331017241360513e+01 5.776601754585249893e+01 7.013308535098344976e+01 8.163464535564091307e+01 8.126330324059081534e+01 7.300372745491570470e+01 5.867868080965360633e+01 6.316257090792410622e+01 7.470940620601480475e+01 8.876780787478409707e+01 1.086702463979787581e+02
4.698265578524447872e-02 9.215215946784970358e-01 1.796897813743314920e+00 2.678203112221780202e+00 3.562086588704966417e+00 1.770430145749407203e+01 3.277231478848402446e+01 4.418504911232921728e+01 3.293477599190575944e+01 1.393015628114962112e+01 1.135966421419525041e+01 3.135729323455426254e+01 1.882933128596493333e+01 3.465749230439438122e+01 3.565085469944862950e+01 3.666245610887820305e+01 3.738028638209529220e+01 1.924254567687695783e+01 2.130023768633205350e+01 4.128032381462843148e+01 4.381165600996401821e+01 4.543810459290806847e+01 2.778093642012354181e+01 2.943584185433919131e+01 3.111334728465216415e+01 3.383345347079324483e+01 5.381083211870638650e+01 5.866434328078402416e+01 6.161215030755700184e+01 6.462626480850538258e+01 6.775417254786590604e+01 5.301400595020825079e+01 7.300373171415026263e+01 8.311493343249958343e+01 7.580511081001189666e+01 8.986233049535962891e+01 1.097707723342751933e+02
9.002763389687669371e-02 2.009002763389616320e+01 1.179688228811621187e+01 2.266700574071667162e+01 2.356223410384928485e+01 4.826997652772322844e+00 1.865776553868297682e+01 3.387556403748170908e+01 2.868584086502801611e+01 1.001152135104972629e+01 2.979466594357306519e+01 1.271442774307161905e+01 1.367363034509613584e+01 1.465092703194001977e+01 1.565403267360422923e+01 1.666091938901254110e+01 1.772368297807849657e+01 3.772882954865199423e+01 4.128098829917093582e+01 2.425596869186068716e+01 4.422306673626041373e+01 5.544898620935281741e+01 4.776916522389252151e+01 4.382376215423795429e+01 5.109226345092995558e+01 3.417956296069156252e+01 3.642898333478863293e+01 3.870812304081187705e+01 4.165772684799996739e+01 4.467377710406599078e+01 4.776034696673984570e+01 5.593076400308533636e+01 6.593258745074189164e+01 7.997235947761205921e+01 9.569337810712006842e+01 1.039611419935085763e+02 1.029029949128426011e+02
2.862646671724250469e-02 2.002087231160342640e+01 3.178807178450466608e+01 3.178024485598666971e+01 2.482715353565899719e+01 2.482715606364173411e+01 6.100857163369291847e+00 2.610072272869989263e+01 8.694191507161896482e+00 2.869430383470972501e+01 2.995082382115886688e+01 3.269728757351995796e+01 3.359837209739062303e+01 1.911633759904088947e+01 3.561686288477341833e+01 1.994905417521220414e+01 3.771137206524419838e+01 4.591083250504285473e+01 5.245264810309060266e+01 4.422345485735890946e+01 2.727392066451264085e+01 4.723021835054451856e+01 5.839121369368108105e+01 6.465906828822377861e+01 6.057376083466915162e+01 4.422230522748493087e+01 5.639054673404685047e+01 4.760792369750308950e+01 4.448248527937025187e+01 6.431885203731637546e+01 5.764675572835451334e+01 7.506604665621966888e+01 8.404253680896405854e+01 9.394719700193513745e+01 1.079220345262580878e+02 1.066948619393353113e+02 9.452397701750885517e+01
2.093865863459240181e-02 1.416307428236566857e+01 3.416307428236637378e+01 5.169359274699626638e+01 4.482733828425435973e+01 2.590597526946528717e+01 2.310697932191489556e+01 7.382539835593314059e+00 2.738277231561437475e+01 3.697826064269984414e+01 4.968264100758798918e+01 4.571372237136768035e+01 2.578810678847398563e+01 3.907260076049858810e+01 4.326536656768038114e+01 2.328868715985347038e+01 4.328095073705790696e+01 5.667182993418175840e+01 6.130755991335900745e+01 4.140237672477582720e+01 4.723021835054451856e+01 3.043620957936983373e+01 4.926064570720922831e+01 6.131196792598623091e+01 7.302499430611989339e+01 6.468441010513268452e+01 7.319796443213971315e+01 5.741687585097068336e+01 6.431885203731637546e+01 5.065103048610981773e+01 7.033484187234434160e+01 7.296733659290600826e+01 8.589234404771269737e+01 1.048917244986983093e+02 1.037055007515561016e+02 9.365943393101279923e+01 7.826552625916626482e+01
4.558729753488720976e-02 2.004558729753453150e+01 3.652123340989645328e+01 4.652123340989663092e+01 5.399164447372923092e+01 3.880272421135688887e+01 1.890874506438991176e+01 2.738277279174339540e+01 1.522727473228594697e+01 3.522751071516639598e+01 5.293942853596509934e+01 5.068789574989980196e+01 3.079120223659685962e+01 5.068789574847917123e+01 4.328149298256226274e+01 4.328149295963691401e+01 2.845749629019269022e+01 4.259466523695704865e+01 6.255696848953633804e+01 5.549506021178822834e+01 5.859971893159289635e+01 5.038192546222428803e+01 3.370118499054119354e+01 4.782094873964647519e+01 6.768556512024431981e+01 8.390259440358676102e+01 8.515844607948204725e+01 7.118724233400614310e+01 7.038678173236147018e+01 7.038678173236147018e+01 5.769897898952740434e+01 7.726557279119938926e+01 9.446249390252118872e+01 1.041417839438012010e+02 9.532291715957647682e+01 7.529093285931858759e+01 6.539084178799792824e+01
7.199635315621916165e-02 8.236962162433551171e+00 1.823696216243372703e+01 3.237909778616517542e+01 5.237909778616587886e+01 4.711486313625770350e+01 3.040728295167164319e+01 4.351153259984601362e+01 3.522751072917485260e+01 2.465572254261390839e+01 4.465549295605038793e+01 5.619505599287865749e+01 3.633870735462168255e+01 5.619505599287865749e+01 6.324166402260988917e+01 5.235974594477475819e+01 3.238047454559024629e+01 4.392339131191697987e+01 6.388402079365140906e+01 7.534227368019766402e+01 6.746320764033983153e+01 4.760777817486140151e+01 3.607404554995806478e+01 5.600449965860643431e+01 5.588815786273321606e+01 7.570818396499770131e+01 9.050311063907341236e+01 9.090662066802696017e+01 8.993718528953277769e+01 8.531320028885879481e+01 6.757222750370607400e+01 6.701461555093598577e+01 7.676461744275947297e+01 9.605025463972030764e+01 1.037055007515561016e+02 9.365943393101279923e+01 8.530692500944749668e+01
2.919883531702183437e-03 1.414505550726277683e+01 3.414505550726347849e+01 3.206234481402428571e+01 3.591130797467913993e+01 4.419552124737943899e+01 5.035548964274320838e+01 5.864138843094915643e+01 5.293944502148235642e+01 3.465601878443705886e+01 5.293944502148235642e+01 6.245395723356395479e+01 4.266157366294467579e+01 6.245395723356395479e+01 6.823799385822238150e+01 4.828558225622592204e+01 3.674430984620673257e+01 5.671846375704182464e+01 7.213573576614690808e+01 8.434001820001225269e+01 7.561693450667038974e+01 6.419370002142814258e+01 5.600449965860643431e+01 3.960910936323711695e+01 5.952520041860047684e+01 6.254073088797165525e+01 7.493756917230227543e+01 8.240466088426519775e+01 9.058985316209363248e+01 9.501606011548135200e+01 8.130304897957702792e+01 8.075244490631008887e+01 9.446249390252118872e+01 1.041417839438012010e+02 9.951406545062275200e+01 9.114843125380720323e+01 8.077342562603514864e+01
