MOVIE_S13_data/elevation_000736.asc
nrows	150
cellsize	150.0
xllcorner	0
ncols	150
yllcorner	0
NODATA_value	-9999
[rows 85 to 101 of 150, columns 37 to 73 of 150]
3.101502171375218353e+01 5.112440792809512402e+01 5.368209008522045167e+01 3.513680809028472396e+01 3.635262835592358499e+01 5.651303758284010570e+01 4.327892672653749173e+01 6.348551319290697137e+01 7.223127475268111652e+01 5.886976301060568062e+01 4.658807077150393638e+01 6.680578749101367464e+01 7.069890358809199427e+01 7.833894611806694286e+01 7.085551961604491567e+01 7.953927251457209024e+01 6.431318806966004331e+01 6.910530144357944948e+01 7.417042701569390317e+01 8.090585894470500250e+01 9.253548804613964762e+01 1.125343311011458809e+02 1.210547931152452890e+02 1.094332626880384112e+02 9.290051278793296774e+01 7.284426030470703495e+01 7.970225096960601263e+01 7.679794231842680574e+01 7.403177084198149771e+01 7.724654613626886146e+01 7.478880531457558334e+01 5.539410424450223758e+01 5.525772905924491596e+01 7.536232721177940164e+01 8.672611182935119700e+01 9.463934143128811627e+01 1.018143929550582101e+02
4.968392371397226270e+01 5.114302117284257321e+01 5.816741001261031130e+01 3.799830856289658243e+01 5.651303754857301698e+01 3.809618411860705578e+01 5.826815864722684069e+01 6.148218362934548509e+01 6.283197958070140032e+01 4.461360046261865619e+01 6.480654081102865405e+01 4.879818072006731455e+01 5.037558781068788250e+01 6.978948041003185665e+01 5.649207330577810637e+01 5.929277530682845310e+01 6.423903999460637237e+01 8.443831880169237536e+01 9.429395025909461481e+01 8.842767348328166577e+01 1.084563008025986335e+02 1.207675118784165988e+02 1.141816308332328589e+02 1.041427171946681227e+02 9.579915715316543867e+01 8.557700486345589752e+01 6.547410246627639197e+01 6.255820310487247582e+01 5.978766720335918450e+01 5.712907051701498062e+01 5.470141574692009101e+01 5.236525419934546477e+01 7.040715420101079758e+01 7.873467867767124062e+01 8.129427153651130311e+01 8.130548503644300240e+01 8.965229099711336858e+01
5.774774104505817718e+01 7.126778314011082216e+01 6.111695535640589583e+01 4.092340128190049597e+01 6.111595083868489553e+01 5.818094746048744526e+01 3.996216360212468999e+01 4.129097553172109514e+01 4.266293472952254717e+01 5.691490954320799744e+01 7.313156324886507775e+01 6.904007107834252110e+01 6.962937740890656357e+01 5.265256772549560793e+01 7.311537869489265518e+01 7.953927251579690960e+01 8.443831880169237536e+01 7.191096194234563654e+01 9.205026153271943201e+01 1.084563047575600763e+02 1.166971469352160398e+02 1.200597476299440700e+02 9.990900251251196096e+01 8.578729519493197131e+01 7.576591999884244899e+01 7.087245836130708199e+01 8.557700398563190447e+01 7.679794231886023681e+01 7.991209121145290339e+01 6.425029581793647537e+01 7.477849294717100292e+01 7.012330003646620469e+01 5.048509576498191365e+01 6.847391551384038166e+01 6.126718784319245970e+01 6.126781151358331812e+01 8.130076472214540217e+01
7.083681211260750388e+01 7.547385955533593460e+01 5.520237120508663509e+01 6.086728797520559198e+01 4.547173061981292363e+01 6.570583131769430452e+01 5.422720293377155087e+01 6.148218744383927259e+01 4.402832720621216112e+01 6.778725393348437933e+01 8.540551382646422951e+01 8.548031835195217809e+01 7.478542690381028990e+01 5.468900138304977787e+01 7.494002287126109252e+01 9.219124886975936306e+01 1.003247571684352693e+02 8.617973344598566143e+01 8.143809275577397955e+01 1.015142212442696064e+02 1.212897776093504092e+02 1.168503421455333893e+02 9.673430147620825892e+01 8.521705131223204432e+01 9.579915715318905711e+01 7.724685108041772708e+01 9.727330374983198169e+01 9.686484210802842654e+01 9.193826416924353850e+01 7.187332914004606721e+01 8.461160653432949630e+01 6.452851527304511592e+01 6.847391551201337734e+01 4.870340903760731521e+01 4.751349390572359965e+01 6.521114434194100795e+01 7.141679909937732873e+01
6.706432861937172163e+01 8.382166011645996662e+01 7.542164628852253827e+01 6.894878704570791683e+01 4.877974523749875146e+01 6.310906359421510103e+01 7.443480926609201731e+01 6.778725615987394804e+01 6.778725615996208376e+01 5.775221136885107143e+01 7.931081396398877814e+01 7.804144723040069209e+01 5.781356235403177379e+01 7.494002287039202770e+01 6.379496348367022307e+01 7.809782223787058797e+01 9.810082232659004831e+01 1.062229700580041225e+02 1.015142668492916016e+02 9.306369062525622837e+01 1.130579292459193255e+02 1.252449899757869360e+02 1.136055501358863040e+02 9.518792605317869970e+01 1.043478241384964775e+02 8.433805933727454374e+01 1.043478241384964775e+02 1.061295965981347251e+02 8.606002205233444613e+01 9.193826425310177797e+01 9.297653300355787565e+01 8.462735569451231754e+01 7.679370455157727804e+01 6.847317489566003701e+01 6.528063952811149306e+01 4.590833756978708635e+01 5.169924581770067817e+01
6.114551455040091099e+01 8.135360981784592127e+01 8.419536265640094541e+01 6.401532228618479792e+01 5.229389680556084841e+01 7.254441091639924366e+01 9.154764928638114441e+01 8.865747271173601973e+01 8.758585933968977599e+01 7.074571776162342474e+01 8.758585832057553944e+01 8.027027917468780061e+01 6.006853972446640455e+01 8.027027918233073933e+01 8.395656531978130488e+01 7.659859591137836787e+01 9.079947150322945504e+01 1.106646890846784714e+02 1.212909011467359477e+02 1.130579294892125972e+02 1.212928485089943251e+02 1.368865745703062657e+02 1.236784832232598461e+02 1.093511554311784124e+02 1.127149587024321420e+02 9.585082927266510922e+01 1.127149587024321420e+02 1.144982441988285018e+02 1.061295969192249657e+02 1.098843852539553296e+02 9.827944968530925962e+01 8.993796308191677724e+01 8.284349792246813138e+01 6.894786804011852155e+01 4.924793458834773929e+01 4.482978593039687354e+01 6.232097271123979709e+01
8.135360981784592127e+01 8.964825775912412098e+01 9.245691859541891233e+01 7.637048893122549487e+01 5.612478708244458403e+01 7.637048893122549487e+01 9.087091991622450848e+01 1.060273371951425503e+02 9.920384139205354757e+01 9.101095300487075690e+01 9.668422831274948237e+01 7.667753127038896821e+01 6.236763185801782328e+01 8.253736024666237370e+01 9.451710206702377093e+01 9.661785902308972140e+01 1.048059702417137942e+02 1.036481644538015701e+02 1.083298211662302890e+02 1.134417658329208507e+02 1.208931877258172420e+02 1.172987560563367708e+02 1.368865745703062657e+02 1.296097323959130279e+02 1.243494870002220694e+02 1.159549349810480550e+02 1.164878654351021510e+02 1.079711728806784521e+02 1.165004710006492132e+02 1.015215149082998352e+02 8.145821461289718002e+01 6.987194097076161370e+01 6.277550638535149119e+01 5.679209513481645644e+01 6.894747137648593593e+01 6.231618184819034667e+01 4.332946142178645488e+01
7.429225673869109414e+01 7.661952528925763772e+01 8.493659870520825450e+01 8.465868842664156091e+01 6.785490449822179926e+01 6.240289836262296319e+01 8.260498965637474100e+01 8.605870959835615963e+01 1.060273371952941091e+02 1.035204938422069176e+02 8.358888398435770739e+01 6.934076112180012785e+01 8.253736024666237370e+01 6.618603800808914173e+01 8.630004627794743044e+01 9.391973910451805807e+01 9.734860954879155770e+01 8.372721575862638588e+01 8.846712790909982971e+01 9.364327653553884545e+01 1.011787024440390752e+02 1.151532553485993446e+02 1.347506103180013781e+02 1.287614406733635519e+02 1.186495388768909720e+02 1.102617705737596054e+02 1.032993466466562040e+02 8.771643704196382885e+01 1.061515228593313651e+02 1.091736071126939436e+02 9.827944968530925962e+01 8.993796308191677724e+01 8.284355292879827459e+01 7.679280178096212239e+01 7.050987338620588218e+01 4.817339284927976450e+01 4.924243567574487201e+01
5.333799814557435326e+01 5.531210939986456054e+01 7.661952529684604940e+01 9.625158448684734935e+01 8.800299359477975258e+01 7.672949808258792359e+01 6.959018799523241228e+01 8.386880816994329280e+01 1.038563411574956916e+02 1.088314607284168574e+02 8.895884055258318313e+01 7.475126584870737645e+01 9.228740457504716233e+01 7.229821001538036285e+01 7.056360894587702148e+01 7.389100003529391358e+01 7.735502666672428518e+01 9.734860954879155770e+01 1.083298515024563784e+02 1.134418126856417786e+02 1.062119878623152402e+02 1.201507545896039773e+02 1.397205003262520790e+02 1.203628777980684106e+02 1.001606633494507861e+02 9.015638437137947392e+01 8.348296945816998971e+01 7.768425896921350216e+01 9.107772953553316597e+01 8.902289256353527946e+01 1.032968388670958859e+02 9.426836699379019535e+01 8.590810160001623785e+01 7.683941390430318563e+01 6.546978482615297423e+01 4.564421965014388860e+01 4.298332572641252369e+01
3.590828675069560916e+01 6.155290699748183414e+01 7.506757079410589029e+01 8.337696208630798367e+01 9.498833232479225330e+01 9.678968110057523688e+01 7.724897606574700148e+01 8.605870959841931267e+01 1.060273372258753142e+02 1.036920155837811421e+02 8.376246923802972333e+01 9.477939624214026537e+01 9.884077595611887546e+01 7.902254772395268390e+01 7.959017822817880017e+01 9.391973910451805807e+01 9.734860954879155770e+01 8.635405870148512975e+01 9.789256745538970961e+01 1.176508210768477198e+02 1.258826004097717117e+02 1.339855090150857961e+02 1.314984567938178373e+02 1.287614406733635519e+02 1.186495388768909720e+02 1.102617705737596054e+02 1.035599751729662472e+02 9.107772953553316597e+01 7.097525402382319726e+01 7.482304160588564912e+01 9.322983130232965721e+01 8.590810160001623785e+01 6.586522519945523868e+01 6.853191098947424109e+01 4.904465941589510436e+01 6.546978482614208872e+01 5.905708759360671678e+01
3.626681324676683715e+01 5.657740771075467023e+01 5.485480026839961454e+01 6.654640002596717352e+01 8.670770653336886369e+01 1.055203357329769034e+02 8.887756159084401020e+01 9.730256534679223535e+01 1.142281051319576903e+02 1.107089857291487505e+02 9.086160468140099056e+01 1.107089857291487505e+02 1.061612324097215350e+02 8.659468459212904179e+01 9.117286104162359095e+01 1.077239023423431377e+02 1.143883853576695344e+02 9.635670506977534444e+01 1.143883853576694918e+02 1.257688162882162146e+02 1.245449930399366139e+02 1.162841208646472211e+02 1.115381231699857807e+02 1.256445760449878719e+02 1.238542319294670477e+02 1.035827884605924538e+02 9.198996052067759877e+01 8.196712093091851159e+01 7.297963502921376744e+01 6.478734823079136618e+01 8.059148856338049427e+01 7.784622044372372329e+01 7.173564778269573594e+01 5.211684674964878639e+01 6.269017319988853387e+01 7.683941390419899164e+01 6.618000379992746218e+01
3.797083300641642012e+01 4.312529335064394331e+01 6.339772229002129933e+01 8.182054836164815015e+01 9.082672511929823145e+01 1.024106308539551407e+02 1.088113345043969105e+02 1.170021514719258278e+02 1.253597884517719905e+02 1.188364900480354152e+02 1.023740156370213015e+02 1.188364900480354152e+02 1.141863175473652348e+02 9.644301880820944461e+01 1.110076761199543824e+02 1.191424317821857954e+02 1.242502387746589534e+02 1.161300709897886492e+02 1.242502387746589250e+02 1.156080027428253771e+02 1.073396823060257645e+02 9.628374822696891044e+01 9.738696488672601959e+01 1.173843695336603048e+02 1.322681963163168177e+02 1.151564878332916777e+02 9.496744932245789528e+01 8.338914967736793926e+01 7.334449760266019780e+01 8.059148856338049427e+01 6.060320389128895613e+01 5.781189593070214272e+01 5.531956778269865538e+01 6.586522519940628229e+01 8.006679319935064143e+01 9.098865460849135900e+01 7.641373738876161781e+01
3.988054799408108408e+01 6.020898242650059018e+01 5.328819498974482372e+01 6.234669355505018018e+01 7.403597257554589817e+01 9.414803202888604972e+01 9.703358545652842793e+01 1.046316092411310166e+02 1.128676744916020596e+02 1.228212809340965350e+02 1.220920846956671397e+02 1.301837994153133025e+02 1.234599311063542899e+02 1.146606997339509064e+02 1.234599311063542899e+02 1.191644113302347421e+02 1.250136179262454021e+02 1.156491848972809180e+02 1.073623111224680571e+02 1.040536584224114875e+02 8.730575484538637454e+01 8.469320861055898320e+01 1.047369003383908534e+02 1.135182549793802167e+02 1.217963780040322064e+02 1.235652434246935343e+02 1.061757802164737257e+02 8.604624665105347958e+01 9.344474534587504877e+01 7.922350261106409164e+01 6.026625965807414786e+01 7.784622044372372329e+01 6.237257798586647795e+01 8.230434501668906933e+01 9.426833854130863699e+01 9.444915283744616374e+01 7.522557257857194202e+01
4.184174475054112463e+01 6.211625059394373949e+01 7.350724958266600595e+01 7.784405081087021472e+01 8.254144213369335148e+01 8.749294101376548838e+01 7.679538929852010654e+01 8.452835761737564724e+01 9.464678070363200391e+01 1.087982644034387505e+02 1.286581109428057346e+02 1.221991584373467958e+02 1.171748690217159634e+02 1.257005588721792435e+02 1.132914077700694833e+02 9.915207448221094921e+01 1.050135522376077262e+02 1.041138307999087687e+02 8.739345335639600876e+01 9.577308889370021916e+01 7.568939510897743617e+01 9.577308889370021916e+01 1.102393939874376088e+02 9.348766423930150893e+01 1.095240184305517204e+02 1.178059308912975780e+02 1.145696336990527726e+02 1.002499626429877679e+02 1.090298137611843003e+02 9.692135677312592179e+01 7.875450097568219121e+01 9.033966761030016812e+01 7.226052337016511729e+01 9.065598536060285539e+01 9.930902300327993260e+01 8.927063753465645846e+01 8.093391008268714870e+01
4.382524174607430467e+01 6.405379818746172305e+01 7.152306940475493491e+01 5.736163634525475885e+01 6.206588540768447615e+01 6.707728592020569636e+01 7.550412642599432900e+01 8.465251053623990174e+01 9.631962167739730774e+01 1.162708074519021295e+02 1.162884643778167799e+02 1.020646290421083364e+02 9.596738937888866872e+01 1.129746843343646816e+02 1.050135522376077262e+02 8.498430810216547115e+01 9.430747091319679498e+01 9.579303068495107709e+01 7.586073674160732594e+01 8.438149775238282757e+01 7.080430059711831348e+01 9.090207766858596017e+01 9.378012864542280624e+01 8.193278311375838996e+01 8.949454225595260937e+01 1.036584565755807290e+02 1.236847374117613185e+02 1.204819694986990868e+02 1.235301495410776909e+02 1.094546333195066268e+02 1.010221914311343454e+02 1.007167975972356260e+02 9.234816673244743868e+01 1.007167975972356260e+02 9.095163891020672509e+01 7.091618125516761495e+01 6.101266242080640012e+01
5.981512391287436259e+01 4.698651498930586712e+01 5.109786148930674443e+01 7.152306940518390377e+01 8.075864304827561568e+01 8.603642683183529982e+01 9.168008630796352065e+01 9.996888210031255539e+01 1.129782132758631690e+02 1.244676789060561788e+02 1.079618961659737977e+02 8.789284400905052053e+01 8.420540593701277032e+01 1.020401603911356716e+02 1.084673673310894486e+02 8.844224977510749852e+01 7.426084144858778302e+01 8.610146134691770214e+01 8.098261475115937458e+01 6.427535260490213886e+01 8.237575701314064247e+01 8.646760328176731036e+01 7.375395317541905627e+01 9.378012864542280624e+01 1.095240184305517204e+02 1.178059308912975780e+02 1.165242473240245005e+02 1.081484356132560123e+02 1.033483798113697532e+02 1.176370062279749931e+02 1.042596274451442753e+02 9.592810042243952751e+01 9.418533938895780011e+01 1.025111362084047357e+02 9.930902300327993260e+01 8.927063753465645846e+01 8.093391008268714870e+01
6.608316977637592515e+01 5.118458383814137846e+01 5.180389356511500409e+01 5.531974259121494697e+01 6.027273081285724743e+01 6.559569380432034791e+01 7.133203643989449461e+01 9.168022057979456463e+01 1.017623075822530865e+02 1.217152893358989729e+02 1.068524298481723918e+02 8.678953673170161665e+01 7.525216417122817347e+01 8.206961699597752613e+01 9.620252146272484595e+01 1.025923297616705270e+02 8.612346870470771876e+01 6.605753446537892160e+01 7.923536583692364843e+01 6.047924366481455394e+01 6.232062999218941712e+01 6.642173235368687756e+01 7.539786304960081509e+01 8.695967797521447551e+01 1.069846127160080016e+02 1.124474158724249406e+02 1.040866951764483019e+02 8.814070625482330001e+01 8.923828814404677701e+01 1.092594833255820959e+02 9.275707594058812333e+01 7.608424551889885379e+01 7.436432842816815025e+01 9.102025005010818859e+01 9.252554117533343003e+01 1.008418962244379316e+02 8.577171653839553755e+01
