MOVIE_S13_data/elevation_000759.asc
nrows	150
cellsize	150.0
xllcorner	0
ncols	150
yllcorner	0
NODATA_value	-9999
[rows 51 to 67 of 150, columns 74 to 110 of 150]
5.973389740499178657e+01 7.929544883255866239e+01 8.063919155904194724e+01 6.041649893147590689e+01 6.194520866494365663e+01 6.490770368898448339e+01 6.801061699781165260e+01 7.440593888511777720e+01 8.269811295660399253e+01 9.709265205623763961e+01 1.174220938595657344e+02 1.215970504623609969e+02 1.017890053016943739e+02 8.794530499589015449e+01 9.923465846113444400e+01 1.131545453682760893e+02 1.331297268924606101e+02 1.161812604841215659e+02 9.635263812912897663e+01 8.502912552274318614e+01 8.981500507766040187e+01 1.064065445849759897e+02 1.163031468222958722e+02 1.134895577544210994e+02 1.116586912214631724e+02 9.338727290256792912e+01 1.117337528293717526e+02 1.150105372955795531e+02 1.233108318965663557e+02 1.228670042539725529e+02 1.112708890316342121e+02 9.449988549486822365e+01 9.863752974225762671e+01 1.071012631644379951e+02 1.154111373799108549e+02 1.187226330936221075e+02 1.087852895179201909e+02
7.405612623517637871e+01 8.841404653410481274e+01 8.326330678609546965e+01 6.303201113766911590e+01 8.217275102279187138e+01 8.516833762771813099e+01 8.830475848990569432e+01 7.351155023872878758e+01 9.383648913299138883e+01 1.082277427627162609e+02 1.183795656984914473e+02 1.274744067971067096e+02 1.075906474072042442e+02 9.771658169640768676e+01 9.839372156113496715e+01 1.181517668511432788e+02 1.269194402159506581e+02 1.069685511867132135e+02 9.302301684687957106e+01 1.047332000298070938e+02 1.095717197712942834e+02 1.178613764794319252e+02 1.076523141499675802e+02 9.349063549440886334e+01 1.015364232779745066e+02 8.345984813031175520e+01 1.033922688563507108e+02 9.502172018664803943e+01 1.117661088689157367e+02 1.145100112391426279e+02 9.449988782265346288e+01 8.303183061955614619e+01 8.456825752160956711e+01 8.715002159601051801e+01 1.071012631644379951e+02 1.105332073202161354e+02 9.061558097618457452e+01
9.473221996541903422e+01 8.713851107825716724e+01 6.697219492010745512e+01 8.327617473136135118e+01 7.732891373156776638e+01 9.762525282491904477e+01 1.022370856879903016e+02 9.383651252680905941e+01 7.949645248679421172e+01 8.966674723265245461e+01 1.040610616929518528e+02 1.243395135694369884e+02 1.174647131180007165e+02 1.174647131180007165e+02 1.082009513676976695e+02 1.264687132305479622e+02 1.328126521213087301e+02 1.128120312926766502e+02 1.004464967682380205e+02 1.203256417766495474e+02 1.129085149558111851e+02 1.039757509623484992e+02 9.568170838932036304e+01 7.943699221811634459e+01 8.160988355163550523e+01 7.644826482544847579e+01 9.632568193978681848e+01 8.354522774651077555e+01 1.028276437448859753e+02 1.101134202962919062e+02 1.042638053504099815e+02 9.299360495831194839e+01 7.311638142063146972e+01 8.715002159601051801e+01 1.071012631644379951e+02 1.187226330936221075e+02 1.087852895179201909e+02
1.044780088575629833e+02 8.417446984215270334e+01 6.981998505568577684e+01 9.012123873768074134e+01 9.762698182417358339e+01 1.059826602636704820e+02 1.085053863103602083e+02 8.816827976190477045e+01 9.983361499395725502e+01 9.236355503481399865e+01 1.067535225572000286e+02 1.270143773829470035e+02 1.374841004762126317e+02 1.364596839482821622e+02 1.281025823345889307e+02 1.364596839482821622e+02 1.366969257866034013e+02 1.166462796573172511e+02 1.144580315721928656e+02 1.187616592936892204e+02 9.873107857937050369e+01 8.466069130687974109e+01 7.579194146157793455e+01 6.949830769943821451e+01 6.754890405987980273e+01 8.744623098805774930e+01 9.270626571457449927e+01 7.466551132395308343e+01 9.455716801040918540e+01 9.016183498152193465e+01 8.432230804067883412e+01 8.843340101954952104e+01 6.854287048260098913e+01 8.843340101954952104e+01 1.039739577891398596e+02 1.070114058446157657e+02 1.153127727315446549e+02
1.099016311509756747e+02 8.960829466677117239e+01 7.523174551293111278e+01 7.488110816900908162e+01 8.925717811497433729e+01 1.095516191708218514e+02 1.152818483475047913e+02 9.495246208693400547e+01 1.152818483475047913e+02 1.126877895430251186e+02 1.210626994873375537e+02 1.208385096442723494e+02 1.292811856435446032e+02 1.349493095450154101e+02 1.322447132896224673e+02 1.238038811425108463e+02 1.322447132896224957e+02 1.366969257866034013e+02 1.344913059109678102e+02 1.264188487217614068e+02 1.129085149557783581e+02 1.039757509621679930e+02 9.568170838932034883e+01 8.212782019089145535e+01 6.219301118956070695e+01 7.706411472492986547e+01 7.279043382842144183e+01 6.761803582311553384e+01 8.752544884118482571e+01 9.016303737568576082e+01 7.025296431519295481e+01 7.866823024621531601e+01 6.427416403555824331e+01 7.578036563956794680e+01 9.568411812418699469e+01 8.705060641996088577e+01 1.037747907785045385e+02
9.870550938608509739e+01 8.432154994774977297e+01 9.555207531009430966e+01 7.865147799593059119e+01 9.039549767209400954e+01 1.106955898042827329e+02 1.236515240348478528e+02 1.093505376672397205e+02 1.115684416521534104e+02 1.318046133492531169e+02 1.175105680228025022e+02 1.004491785153139745e+02 1.175105680228025022e+02 1.145450602377857052e+02 1.182893097492653709e+02 1.034041090827518303e+02 1.220480198855247238e+02 1.341112803594170373e+02 1.322975573252991808e+02 1.122220693571643295e+02 9.807993378538982654e+01 1.039442739903110606e+02 9.578980317834425762e+01 8.122225480760774019e+01 6.128051552075122999e+01 5.708931319695818729e+01 5.866198783486345292e+01 7.862364593490508469e+01 9.235990325943598123e+01 9.275150492441426309e+01 7.283474687187973018e+01 5.870661693536449377e+01 7.402724256020665905e+01 8.229406768503613989e+01 8.398532742471691392e+01 7.556549462947647555e+01 9.548703292116316277e+01
9.606856801252334321e+01 1.046377609822438046e+02 1.030395907879130561e+02 8.271826765857760222e+01 1.030395907879130561e+02 1.190207089321823872e+02 1.342465958102646368e+02 1.296012977395604366e+02 1.318046133492531169e+02 1.205039644511650891e+02 1.090667238283718774e+02 8.869793874978441295e+01 1.090667238283718774e+02 1.001333368662613736e+02 9.790383550171377181e+01 9.322800209395049365e+01 1.052855307962512086e+02 1.235440341234520503e+02 1.319807020320074571e+02 1.154975049869856178e+02 9.548672190916587965e+01 8.401330758426502143e+01 8.751419263535967730e+01 6.761733820349139990e+01 8.122225480760774019e+01 7.328912413641087653e+01 5.329746303271929264e+01 6.413746571772614402e+01 7.824826528397652226e+01 8.918297067489250196e+01 8.693489064716378323e+01 7.402724255790556640e+01 5.403868179357921520e+01 7.402724255726040781e+01 6.405126183013105390e+01 8.398532742471691392e+01 1.014218428457561743e+02
1.078110115658753330e+02 1.222822345122825283e+02 1.020372417183150588e+02 8.765119718218967648e+01 9.558544919097404602e+01 1.057591499701833584e+02 1.259735990124487444e+02 1.313712960438544428e+02 1.229309338815692598e+02 1.120629771942271731e+02 9.167477912432438814e+01 8.147114885607425094e+01 1.018652708015716399e+02 1.038746026711178132e+02 8.348656272468444683e+01 8.489956089078347645e+01 1.052855307962512086e+02 1.031466887033354709e+02 1.235440341234520503e+02 1.238139224466170418e+02 1.122493912535755953e+02 9.503087484207435409e+01 7.514360303880300762e+01 8.167882134036727848e+01 9.578980317834424341e+01 8.155629835831175001e+01 6.998006855770296397e+01 4.999142184949290879e+01 6.095435674824690153e+01 7.506919188008832577e+01 8.332114918525364544e+01 7.094293667850101315e+01 5.095365284725303923e+01 5.461166755364190806e+01 6.169707964181385051e+01 7.322124274669953081e+01 9.313732982852602049e+01
1.279990881346323306e+02 1.222822384993910418e+02 1.020372417201267154e+02 9.782566522383743290e+01 9.940000449834650453e+01 1.196694114202639980e+02 1.342465975018039614e+02 1.229309338815716472e+02 1.025381436104600255e+02 1.085110535935476435e+02 9.541608317887202872e+01 7.497990718043543268e+01 9.013948522539810426e+01 8.953980053732185240e+01 7.573716841518246667e+01 9.616864785352112222e+01 8.873216902879920553e+01 1.031466887033354709e+02 1.235440341234520503e+02 1.282146946325401302e+02 1.201158300065629447e+02 1.033203575937650243e+02 9.503087484207435409e+01 1.016020251572130064e+02 9.279908272774696343e+01 8.452714130193315611e+01 7.824868448692893708e+01 6.679963489998678483e+01 4.683586139101483070e+01 6.371914785174431017e+01 6.359677834058962986e+01 6.450429262495198657e+01 4.795760998544642462e+01 5.794837288604965408e+01 7.791049720326458328e+01 7.580307037020274663e+01 9.572740062312138321e+01
1.354791376303727475e+02 1.305686741341939694e+02 1.222822386169431041e+02 1.095766935454753650e+02 1.111459531688472850e+02 1.279642515187038896e+02 1.294120626860229208e+02 1.089960587922294053e+02 9.724574790534482815e+01 8.814214089563814980e+01 8.247098004381386716e+01 9.013948522539730845e+01 6.967380166791747342e+01 6.907095547054954920e+01 8.953979781406478367e+01 7.850775902467080414e+01 9.892655094374131863e+01 1.175636953676715137e+02 1.241137511953550217e+02 1.160002678637414562e+02 1.004196383961392485e+02 1.168674104406825762e+02 1.060002193196709612e+02 8.604841428682399851e+01 7.457324329072848457e+01 6.460516010444297308e+01 5.882292694415504997e+01 5.347355023731633850e+01 4.849988464940953747e+01 4.381037215205279267e+01 6.261256971611553723e+01 4.458165752202946663e+01 6.450429262495198657e+01 7.619876074146664280e+01 7.791049720326458328e+01 9.572740062312138321e+01 1.040149217978250533e+02
1.186080986028382966e+02 1.387610749861257489e+02 1.380207408649471006e+02 1.297621292950307748e+02 1.313126719198033641e+02 1.395671610671438430e+02 1.378486559361869013e+02 1.260696324830142316e+02 1.169547198433791380e+02 1.085110535935612006e+02 1.028617336583434394e+02 9.858677179851373751e+01 8.517582787216917950e+01 6.470037537573455211e+01 6.976119339423395616e+01 9.021994898785089845e+01 1.073702114745841101e+02 1.162673746227721097e+02 1.081332348130216729e+02 9.620867287394861478e+01 8.883488237520874975e+01 1.080027467147335329e+02 1.143013297464777622e+02 9.861589113422519404e+01 7.869139004451609765e+01 8.452714130193315611e+01 7.877616069835231372e+01 7.344343466503686102e+01 6.160779994829043460e+01 4.176847074294611417e+01 5.898017885035215357e+01 4.228511792334879971e+01 5.370643855659703547e+01 6.781870043191395325e+01 8.776297979396225912e+01 1.061451286713706423e+02 9.933067431054480778e+01
1.354791376303727475e+02 1.471184328450900409e+02 1.387487933129588384e+02 1.303381841942798189e+02 1.319185928760279580e+02 1.403245359319095940e+02 1.254218080559906525e+02 1.152286263573967062e+02 1.067849819368984896e+02 9.998960437919269850e+01 9.383542091497848503e+01 9.693705237679718323e+01 7.650197296672484981e+01 6.201268192923865996e+01 8.248726915184937525e+01 9.866786089028236972e+01 1.106879332894261267e+02 1.081332348130216729e+02 8.820041217130807354e+01 9.403860075487729375e+01 7.974495677872691601e+01 9.984049822346931080e+01 1.134599830098319870e+02 1.069067754109778861e+02 9.861589113422519404e+01 9.874296968092974680e+01 7.879784743335406461e+01 6.469775466569959121e+01 5.317572446043109125e+01 5.897950916201647686e+01 3.925599279996615110e+01 5.894256688978931891e+01 5.629582411986621082e+01 7.040366353371382502e+01 9.033195656831163944e+01 9.068218059490475014e+01 8.884072470865149285e+01
1.400252346148862159e+02 1.310866859359925911e+02 1.226565484148100182e+02 1.098583074794645853e+02 1.114451562552413861e+02 1.285345785492588391e+02 1.169788274215761419e+02 9.659113645222090838e+01 8.639884926378113050e+01 7.957848693738425538e+01 7.339504484098969783e+01 8.581804580217506384e+01 8.013867292516336249e+01 5.965768336081332990e+01 8.013867292516336249e+01 8.182362501792945864e+01 1.022440464867655407e+02 1.061982441077918367e+02 9.403860075487729375e+01 7.383473859635405745e+01 7.357267696954352232e+01 8.533538917717167749e+01 1.053190179590494608e+02 1.033154228421840770e+02 9.179784340900069139e+01 8.352580485824842071e+01 9.179784340823221100e+01 8.139519506073878574e+01 7.312617674719061256e+01 5.757488566539223740e+01 3.792241895512977123e+01 4.762787518415625954e+01 6.751399313515442202e+01 8.449937973300085048e+01 8.458676377821407755e+01 7.019353611727156306e+01 6.891217106945455839e+01
1.310864270219736341e+02 1.192821655211750027e+02 1.021720096951569161e+02 9.802882110346935463e+01 9.961367176418312397e+01 1.200982487317801315e+02 1.254218080559906525e+02 1.152286263573967062e+02 1.067849819368984896e+02 9.354427272707636121e+01 7.310259771093625147e+01 6.534796482698685338e+01 6.106490252185315626e+01 5.733181748543185563e+01 6.510209138244448468e+01 7.958888344520154590e+01 1.000125680746713499e+02 9.802202844928699221e+01 7.789599676973719511e+01 6.607831608751490649e+01 8.087078188927078770e+01 8.914644078196754151e+01 1.007530933242961595e+02 9.503125586276644299e+01 7.510323015894684318e+01 6.359100942378594823e+01 7.287020848807921425e+01 6.788121395591933549e+01 6.331078577177976996e+01 5.619553436643099786e+01 3.659982625344862583e+01 5.619553436679126435e+01 6.749947098014395408e+01 8.733624474945200689e+01 7.391511565571059350e+01 5.440278130213557972e+01 5.484193470683798211e+01
1.226565421889082046e+02 1.021720096950516989e+02 9.034905737382517543e+01 8.779233641633047114e+01 1.066570035463505519e+02 1.066570035463505519e+02 1.271138490651137261e+02 1.223916190304281884e+02 1.019949126973385916e+02 8.756936762084598058e+01 9.354427272707636121e+01 8.581804580217486489e+01 7.563627597430746619e+01 5.509310946116860919e+01 7.563627597430763672e+01 9.402311713889584155e+01 9.939810968533906532e+01 9.420545771164171356e+01 9.464330730414974369e+01 8.087078106616949924e+01 6.047069069461405633e+01 7.232508870204934226e+01 9.254454135295358697e+01 9.328946921737487230e+01 7.336567611001474631e+01 6.184911316192757624e+01 5.291423035944016107e+01 4.795917937286627364e+01 4.347710453975603428e+01 5.482969287200165809e+01 3.525058021897576310e+01 5.476475239122017058e+01 7.263297230583611963e+01 7.786607593456538723e+01 6.529865122739195726e+01 4.402209379813992740e+01 4.367773281575338729e+01
1.275432793458275427e+02 1.070735212391008986e+02 1.020967807863305694e+02 8.160623924623085657e+01 8.617045061326844291e+01 1.048806063201617746e+02 1.193470865180562868e+02 1.141689834684879372e+02 1.057154921649955952e+02 1.079689696684299207e+02 9.884210368869021579e+01 8.863244255196364918e+01 7.371203397558005577e+01 5.311841844964894932e+01 6.777421726701211924e+01 8.876775848903935184e+01 7.989742878909524393e+01 7.415760679648354881e+01 8.106425787820164430e+01 7.273910268912364074e+01 5.691307713457415218e+01 6.880380773818255591e+01 8.907672341330135168e+01 1.015717646764627915e+02 9.005667723846359252e+01 8.113666226570376239e+01 7.287020848807921425e+01 6.788121395591933549e+01 5.719018698169493575e+01 3.753688042849085349e+01 3.381722928491005575e+01 4.510129805787339308e+01 6.483449692558383504e+01 6.392108138015781549e+01 4.997664563221176337e+01 4.005836523892688916e+01 5.930242164071093214e+01
1.359594835095937526e+02 1.225612484083326734e+02 1.020967807863309105e+02 9.641372707972351463e+01 7.590383747902357925e+01 9.041412612428779028e+01 1.086640036939263751e+02 1.023517953617355687e+02 8.522290241245866582e+01 1.023517953617355687e+02 9.041519844061556910e+01 6.996431258151314125e+01 5.967690480957653421e+01 5.116968246708911749e+01 7.181646364997448018e+01 8.079853479070061439e+01 8.002942576170475775e+01 5.967513461126480934e+01 6.830839751535575033e+01 5.219471888277330862e+01 7.273911612058627441e+01 8.566748856499015119e+01 9.730237161035070415e+01 9.533983003663877298e+01 8.715225651759860170e+01 9.533983003663877298e+01 8.386558987048955771e+01 6.392704996842812193e+01 4.988109559094169754e+01 5.220911433665109769e+01 3.232770319342824195e+01 5.040955187618330768e+01 5.864378505954353216e+01 5.237738458498662197e+01 3.677039838655647230e+01 5.572889007921635596e+01 6.752834816453128042e+01
