MOVIE_S13_data/elevation_000554.asc
nrows	150
cellsize	150.0
xllcorner	0
ncols	150
yllcorner	0
NODATA_value	-9999
[rows 68 to 84 of 150, columns 37 to 73 of 150]
5.533049936123632051e+01 5.391493132808590616e+01 6.204563600022231640e+01 8.330484944718280360e+01 7.440337687774294295e+01 5.514903519848514435e+01 7.440337650620243437e+01 8.562047762567317477e+01 9.529448923462094001e+01 7.898262282834055270e+01 5.900342040049649484e+01 6.286065639881795164e+01 4.278490658490554210e+01 6.309555045803506346e+01 8.002800905305923607e+01 8.583711448458527116e+01 7.383674622505860441e+01 5.373264491016552569e+01 5.139281723346967823e+01 5.449319773640326758e+01 7.460502671802863972e+01 7.800612186348874388e+01 8.741481360739386730e+01 1.071331719222167322e+02 1.092108691915104970e+02 1.060974168365861630e+02 9.772437828624710221e+01 8.332026228985510841e+01 6.375858727530387426e+01 7.749358692823921047e+01 9.738710422651369925e+01 9.943442502997420718e+01 8.258879567198263771e+01 9.443442309846359706e+01 9.796785234342628712e+01 8.449910171584475904e+01 9.451757784844814125e+01
7.460903014409177558e+01 5.847789703583507048e+01 7.452848878365205110e+01 8.989254873243572774e+01 7.880855997882221686e+01 5.960681204770347108e+01 7.314805018031948691e+01 9.247423934348869068e+01 9.314091761814408699e+01 7.316453783167807501e+01 7.829630252553276648e+01 5.853489363468932538e+01 4.417908416169263575e+01 6.447973619025327707e+01 7.501990768716993330e+01 8.924883121555717480e+01 8.146610943798960136e+01 6.128087948529267237e+01 7.146408672750791879e+01 7.460502671802863972e+01 5.937692928056001307e+01 6.891350370916154588e+01 8.880913522330247645e+01 1.041070911907074645e+02 1.120441375063609968e+02 9.179294264937382763e+01 7.776869303881720441e+01 7.168739649772805933e+01 6.590663904733436596e+01 8.546610988053392077e+01 9.311649675365184464e+01 1.014748980807706573e+02 1.026770743514020552e+02 1.110567552253339727e+02 1.130955449201917986e+02 1.047022398352182506e+02 9.344484659104283253e+01
8.279160936501405388e+01 6.372476538625507203e+01 7.396964740286038875e+01 9.322689575175991195e+01 8.435797176294407507e+01 6.513424536596863845e+01 7.525807061856583857e+01 9.460642624407958579e+01 1.015304480172110573e+02 9.314091761814408699e+01 8.051458819186635196e+01 6.764867320569399567e+01 4.736336846450922167e+01 4.639048720478258758e+01 6.077125490099086136e+01 7.724448838508411086e+01 8.981021166296113734e+01 7.556005399937974687e+01 8.146610944117371389e+01 8.792567761321976150e+01 6.947380843117076665e+01 6.558128875603327401e+01 7.571216022042000304e+01 9.578608121189340352e+01 1.120441375063609968e+02 9.179294264937382763e+01 9.772437828625385237e+01 8.904580020713848398e+01 6.941265443552606484e+01 7.019533110409960841e+01 7.333019196763055447e+01 9.311649675002588822e+01 1.039359707084760487e+02 1.123168081039879382e+02 1.240309039419947084e+02 1.210286556804778826e+02 1.006101248331506497e+02
7.923986453869585489e+01 7.036899617229578041e+01 8.958576212319017884e+01 1.013268991149394367e+02 9.046280674539742961e+01 7.115762346440021702e+01 9.046280674539742961e+01 1.027162155373542305e+02 9.721234496179145879e+01 8.560034901240844363e+01 7.229606792142875804e+01 5.204604989920737523e+01 6.764879855960687394e+01 6.668077285510318575e+01 4.863428381166780667e+01 6.300962545306284568e+01 8.316788467447977951e+01 9.572458858888039401e+01 1.016193053444088719e+02 9.801733996733750587e+01 8.378833538830616590e+01 7.065950613641139455e+01 9.079957531549531780e+01 1.041070911907074645e+02 1.204018910238062432e+02 1.120441375063609968e+02 9.443241540175620230e+01 7.461209629175064606e+01 8.904580746368939970e+01 8.398214066123036048e+01 9.311649675365184464e+01 7.812939304785459171e+01 8.376183022242204856e+01 9.533734634081812942e+01 1.156819100346816498e+02 1.293735846353499426e+02 1.124231323510960152e+02
9.768011723485761877e+01 8.958576212319017884e+01 8.389119000646732616e+01 1.033336753592941193e+02 9.856462086004299294e+01 7.972383758831831813e+01 9.856462086004299294e+01 1.027864252057257346e+02 8.887799883665114464e+01 6.876887999053808187e+01 5.707193584373338524e+01 7.229606792142875804e+01 8.062866983042893310e+01 7.051144874636752036e+01 5.024184671784373535e+01 6.461122941244445883e+01 8.475576834001680027e+01 9.090987467660400512e+01 1.110154475681463850e+02 1.122463445463689737e+02 9.911483059696017506e+01 8.077943612995778722e+01 8.020626878860156239e+01 9.437109845305566580e+01 1.144318196262689185e+02 1.127102262485459505e+02 9.249961284340173506e+01 7.845497180104759138e+01 9.249961284340173506e+01 1.040628637551900795e+02 1.027335608891618648e+02 8.258950702589652337e+01 1.027335608891618648e+02 9.533734634081812942e+01 1.070822217304340853e+02 1.274293027229115580e+02 1.268780015997301547e+02
9.302742593189317688e+01 1.013642488442196026e+02 1.033336753592941193e+02 1.114690444632480677e+02 1.072780193531356758e+02 9.342565572848826605e+01 1.072780190077101707e+02 9.444838179537573808e+01 7.436408041136272118e+01 6.271674193513337769e+01 7.726799365768154360e+01 8.560034901240844363e+01 7.959623803938994513e+01 5.958293109959418388e+01 5.187219944808505545e+01 7.212878688420269668e+01 7.079824569259137945e+01 8.772974162305277446e+01 9.605770406364392500e+01 1.061016514002003674e+02 1.091427908141592269e+02 9.494310493595160949e+01 9.437109845305566580e+01 9.437109845305566580e+01 1.144318196262689185e+02 1.200352580797807178e+02 1.028962890144415780e+02 8.280500437839828010e+01 1.029054688696732001e+02 1.210279474395819506e+02 1.078030496475873292e+02 8.752509461388581258e+01 1.078030496475873292e+02 1.156819100346816498e+02 1.240309039419947084e+02 1.357237650304885790e+02 1.470424068579639822e+02
7.298411315338918826e+01 8.875588662992797140e+01 9.709602170526608234e+01 1.060963076106065728e+02 1.177299429849310997e+02 1.129725732293709939e+02 1.090549427500892392e+02 1.007093228399165525e+02 8.713737008475581547e+01 6.704046301035907618e+01 8.713738265026017871e+01 9.357937299144479937e+01 7.380423389775560850e+01 7.959623803937655850e+01 7.212878689857586778e+01 5.425898172983053058e+01 7.448879835948305583e+01 6.762782824501087475e+01 7.769307648710579883e+01 9.187625285252373430e+01 1.119864961959740128e+02 1.150071050138241020e+02 1.144318196262689185e+02 1.144318196262689185e+02 1.227671245492231265e+02 1.118776650291944037e+02 9.171380242261535898e+01 1.028814275285914448e+02 9.435642243990973554e+01 1.147683799800337425e+02 1.155066446357014769e+02 9.512484809598781510e+01 9.918977431006433676e+01 1.109754943724095426e+02 1.313079530718325145e+02 1.400521852470230328e+02 1.318557759303556054e+02
6.247467696536969584e+01 6.871937987986768803e+01 7.763490455702005022e+01 8.923347246424368961e+01 1.093907730272205612e+02 1.149489363176408716e+02 9.481108201988885753e+01 8.064094354430109490e+01 7.395415976228304089e+01 8.713738264889094864e+01 9.546878249969685726e+01 1.017995818179083614e+02 9.357937299144479937e+01 8.349203695507249279e+01 6.336018347596201039e+01 7.448879837660257408e+01 5.678746569414580136e+01 7.698481694371488970e+01 8.361807356010460524e+01 8.811737233118363122e+01 9.299570726946777199e+01 9.837903180588973839e+01 1.044783807932739279e+02 1.118974184016767879e+02 1.207143959676408969e+02 1.201456946862246866e+02 1.059761494551936778e+02 1.059750456671528553e+02 1.061070484724017575e+02 1.232833037624614718e+02 1.238615546664767635e+02 1.053120019704278292e+02 1.195690025684337030e+02 1.279037977697178405e+02 1.395825995560650199e+02 1.300769100091080475e+02 1.118378461872949430e+02
8.241978686157511902e+01 8.875588662992797140e+01 9.709602170526608234e+01 1.036903196960426072e+02 1.120320498073660787e+02 1.171566743460911226e+02 9.701286510970223276e+01 1.007093229699061823e+02 8.552742391531991473e+01 8.813121467845942902e+01 1.082363152248613716e+02 1.066851506238460985e+02 8.659270396471698916e+01 7.500556653561275766e+01 7.760981600200740615e+01 8.530145634715370306e+01 7.698285666441729802e+01 5.942491318288758606e+01 6.349493012754318499e+01 6.802589088144996765e+01 7.291744588649467573e+01 7.828043174076648825e+01 8.430661834065936944e+01 9.137409208319667187e+01 1.031158574951984122e+02 1.244086611112349772e+02 1.257352876301798830e+02 1.175316617877293055e+02 1.267745027417298900e+02 1.355166663790663790e+02 1.340066419084001552e+02 1.257012873009750820e+02 1.340066419084001552e+02 1.371320778676187615e+02 1.289187166385653143e+02 1.218468110588251960e+02 1.016404110395563833e+02
7.500101578402241387e+01 8.458339238513417513e+01 8.944767604485322465e+01 8.354817988048172595e+01 1.036903196960425788e+02 1.144122814901505478e+02 1.171566743460911226e+02 1.139688133240746595e+02 1.056207488529875178e+02 1.082363152248720581e+02 1.165841162701336060e+02 1.150242094441869227e+02 1.034170959368793348e+02 9.508477113651967727e+01 9.769297455683756937e+01 8.253964393960336565e+01 6.241226673299786398e+01 7.958851281513376819e+01 7.513181391810697107e+01 8.811737233118363122e+01 9.299570726946777199e+01 9.837903180588973839e+01 1.044783807932739279e+02 1.118974184016767879e+02 1.207143959676408969e+02 1.337724225387470653e+02 1.441937408939011789e+02 1.366721265768364901e+02 1.376076747965992411e+02 1.293882115187528257e+02 1.378825562707364156e+02 1.386685645254637222e+02 1.271298942120049702e+02 1.188801734739764271e+02 1.088416303093874973e+02 1.151113443857356202e+02 9.479475320470655220e+01
6.040998271364806271e+01 6.460033928186906849e+01 6.939172072286588389e+01 7.692905700311128214e+01 8.590990004471069597e+01 1.001645751791889438e+02 1.203280404134283117e+02 1.199215185165475503e+02 1.115831591725052903e+02 1.089549553100780628e+02 1.172969458180873943e+02 1.254607700718142667e+02 1.053155197443625610e+02 1.046698889960866552e+02 9.634108270953723263e+01 8.464695313620990191e+01 6.454320930398417033e+01 8.464695313620990191e+01 9.521045274265898684e+01 1.035640606381482627e+02 1.036807567521297102e+02 1.090412681552274989e+02 1.148480674070670347e+02 1.215631830886646156e+02 1.285307467287556449e+02 1.399699790974131588e+02 1.428115382569030487e+02 1.312616892729652704e+02 1.229986780723940996e+02 1.089338729599041784e+02 1.274952568764337713e+02 1.304578719602790216e+02 1.104047099472897600e+02 9.862993228593265371e+01 9.705017710393777008e+01 1.094765358283633390e+02 8.906634395962608153e+01
7.029902512680972393e+01 7.608666489500504326e+01 8.944767604485274148e+01 8.575117399662231321e+01 1.053990370770865184e+02 1.144122814901505478e+02 1.102049893609421218e+02 1.082727000557545978e+02 9.138785718129192048e+01 8.875977504399304507e+01 1.056466946348880498e+02 1.195599215702607125e+02 9.941529532018350324e+01 8.524807156423750598e+01 7.630383468421615589e+01 7.127720981008948797e+01 6.696750955721007870e+01 8.704667117127425513e+01 9.350235944075974714e+01 9.659188491985410963e+01 8.362921807944584884e+01 8.895905897787966410e+01 9.472345507723359503e+01 1.014057991506523138e+02 1.114964264347313616e+02 1.318349319268978661e+02 1.345803556618196808e+02 1.145203016400527645e+02 1.027612038789783924e+02 9.868742548118535751e+01 1.190735878315616816e+02 1.308099378534543575e+02 1.214776147542133629e+02 1.012700253611338894e+02 8.672600847729998463e+01 9.916256679296907350e+01 8.385660259824112472e+01
8.444946054923339318e+01 9.619013798568317952e+01 1.045329968066241975e+02 1.058952239926297807e+02 1.142356138809370805e+02 1.042944168957338036e+02 9.004496974311511792e+01 9.992339613151243327e+01 7.982700466154396679e+01 7.722761806841960208e+01 9.665979354001224522e+01 1.082726941524623356e+02 1.070734305037403971e+02 8.699504909490676141e+01 9.634108270953723263e+01 9.133177093290453286e+01 8.593689588806118707e+01 7.046112514754686629e+01 7.346655638232475383e+01 7.656667891804677595e+01 9.658439579356060278e+01 1.071203878395642874e+02 1.148480674070670347e+02 1.215631830886646156e+02 1.298282776459194565e+02 1.402023817434278783e+02 1.315452276227252355e+02 1.214922630378461861e+02 1.113145668991074189e+02 9.089949915665117430e+01 1.023246418885413505e+02 1.225534625553557504e+02 1.251832670648097405e+02 1.050365318580230536e+02 9.054280855907329340e+01 7.850888969948546503e+01 9.916256679296907350e+01
1.045847734968650542e+02 9.614768260998533833e+01 8.780036860789635966e+01 9.614768260998533833e+01 1.062237819466002549e+02 9.427056852367496731e+01 7.594269226585960553e+01 8.961179749646657910e+01 8.130166441774733244e+01 6.846779765561413456e+01 7.982700466153718821e+01 9.992339591955111189e+01 1.154095699339350602e+02 9.855931092976867092e+01 1.154095699339350602e+02 1.073511159805636623e+02 8.654990819703608906e+01 7.485395086821723964e+01 9.350235944075974714e+01 9.659188491985410963e+01 8.259120148891268798e+01 8.704909274228285199e+01 1.071235078043612816e+02 1.225719951312618576e+02 1.326489765097952898e+02 1.374290221888633425e+02 1.174570513121549595e+02 1.031111499067404651e+02 9.283785922779031807e+01 8.553317278100152521e+01 1.060366997473450681e+02 1.214922246684284062e+02 1.238605100089988582e+02 1.036714548647032927e+02 9.624169571816618429e+01 7.550671076068164211e+01 9.624169571816618429e+01
9.911133645428486716e+01 8.610674819285640069e+01 6.774763134678016741e+01 7.777399997733834880e+01 9.541598363874035726e+01 8.594619752309117189e+01 6.617082878395468981e+01 7.537581830609565259e+01 6.164785630001237848e+01 7.544867101419697519e+01 9.543199914487374258e+01 1.026589592198804013e+02 1.110076941614737791e+02 1.187039341326439370e+02 1.270345290535574065e+02 1.159434189639585355e+02 1.025046393401410114e+02 8.241759946313304397e+01 8.380284368799232197e+01 1.038985987366173589e+02 1.026396321735147836e+02 1.071235078043612816e+02 9.410672629448413318e+01 1.041469690431890172e+02 1.184311334533053923e+02 1.385993761282929881e+02 1.268632044264424792e+02 1.152189183943886661e+02 1.014476859723120725e+02 8.084244264381810297e+01 9.283785922778990596e+01 1.132089276578589505e+02 1.205905484118919304e+02 1.036714562242788418e+02 8.311559796700500158e+01 7.258733045752089197e+01 8.471909463269996365e+01
9.024254410357666245e+01 7.074782327093947742e+01 5.790097119769998102e+01 6.707845516120610796e+01 8.707463903769355795e+01 8.940682779706867223e+01 6.956398388114915576e+01 5.587997107408497044e+01 7.537581830609565259e+01 8.961163048784692364e+01 8.845107730931225376e+01 8.256597992935962793e+01 1.026589592198804013e+02 1.053444387595567235e+02 1.136925896059784264e+02 1.189766399919454614e+02 9.880264167208902393e+01 9.659619270950560121e+01 1.038985987366173589e+02 9.451147237366551224e+01 1.146781314211018810e+02 1.225719951312618576e+02 1.142426220056911603e+02 1.041469690431890314e+02 1.243382749681933319e+02 1.379158266865374003e+02 1.186100150270542599e+02 9.834064522889309501e+01 8.641885260712582806e+01 7.704736770882938401e+01 9.293031108397977391e+01 1.013198662272297526e+02 1.062365542699381535e+02 9.188955655157161573e+01 9.072956584080311870e+01 6.985462405807832909e+01 9.072956614146453092e+01
8.191167290323505767e+01 6.202291358358539952e+01 5.109142738844359144e+01 7.074763865708256105e+01 7.813657522500469099e+01 8.622003345519729578e+01 7.191611656920501616e+01 5.260101427502383586e+01 7.203230808965129484e+01 7.852810527993295864e+01 6.860513325055363509e+01 8.845107730931225376e+01 1.020308195319632603e+02 8.512720342698256104e+01 1.020308195319632603e+02 1.138923870839083605e+02 1.189766399919454614e+02 1.167688443858999250e+02 1.230029917844758387e+02 1.061411255414363666e+02 1.230029917844758387e+02 1.385993761282929881e+02 1.184311334533054065e+02 1.243382749681933319e+02 1.326489765097952898e+02 1.297119648524975446e+02 1.096564693058737561e+02 9.786632256539964203e+01 8.862975659437431375e+01 8.010165297545437113e+01 7.212319099777117515e+01 9.292721751325551338e+01 9.786380019423866372e+01 7.717833156965326680e+01 8.478082878183269600e+01 6.713761765682879457e+01 7.308446369224800776e+01
