MOVIE_S13_data/elevation_000038.asc
nrows	150
cellsize	150.0
xllcorner	0
ncols	150
yllcorner	0
NODATA_value	-9999
[rows 17 to 33 of 150, columns 74 to 110 of 150]
5.103912998167709247e+01 6.938116155730806156e+01 7.938631751286777671e+01 7.171580196250322103e+01 5.215504315375638100e+01 4.062531941673439206e+01 5.508432094547806201e+01 5.660079710085122429e+01 4.361844141561044097e+01 5.362684475812404372e+01 7.450890359036293376e+01 7.604651671869689267e+01 5.595134815461973687e+01 4.172148818858273245e+01 3.413068987881981542e+01 2.895319880234814391e+01 3.980750192043598190e+01 5.401766686275011153e+01 5.498412305436223591e+01 3.487790353405468835e+01 5.498412305436223591e+01 5.248780222153951769e+01 3.236650424145606308e+01 4.514054302837219979e+01 3.826411735732815345e+01 3.303271032783017347e+01 5.315139153599380251e+01 6.141039865325891611e+01 5.289214052330993354e+01 5.265400690877712719e+01 4.169897775981532817e+01 3.419775267012407483e+01 1.518431893814267220e+01 3.521027405111374264e+01 4.387376384762079340e+01 4.835980548731640027e+01 4.464214073406777317e+01
4.097931963769224950e+01 5.108746302084707480e+01 7.111041763047674635e+01 6.729197394971983215e+01 4.730398048559477786e+01 6.063362702319815156e+01 6.063362702319815867e+01 7.069649962114162633e+01 4.973494545279206847e+01 7.069649962114162633e+01 8.291446391434526220e+01 7.604651671869689267e+01 5.595134815461973687e+01 5.291319801515749077e+01 3.281136205066115963e+01 4.904464533373573687e+01 5.736616737661900345e+01 6.822783180506422696e+01 6.079141641390438622e+01 4.067436210753574954e+01 6.079141641390438622e+01 5.806608620016498179e+01 3.795329728613157272e+01 5.806608620016498179e+01 5.837589282190764095e+01 4.064386360178632174e+01 6.075000465501393165e+01 6.740874332160547056e+01 5.911338303452141218e+01 4.382380717445708740e+01 2.625298361814547121e+01 1.622855878967489573e+01 2.377337281550508408e+01 1.952138302979637885e+01 2.374070029253004677e+01 2.819004581557408784e+01 3.337310257867379448e+01
6.109894032566192834e+01 6.938116155730806156e+01 7.938631751286777671e+01 7.228824923680069503e+01 5.230314808847705166e+01 7.228824923680069503e+01 8.063230550092973203e+01 7.913342722764600978e+01 5.920470577560833192e+01 7.913342722764600978e+01 9.607755172325047965e+01 7.604651671869689267e+01 6.887727841855061683e+01 5.594481700857029693e+01 3.583533159163962267e+01 4.285503774823364864e+01 5.708432629418641824e+01 7.718388247899673615e+01 6.749807385773132751e+01 4.737810152625051074e+01 6.749807385773132751e+01 6.442532581007006343e+01 4.431564445600935898e+01 6.442532581007006343e+01 6.904273568135515404e+01 5.226148122333384549e+01 6.904273568135515404e+01 5.912105531155325622e+01 3.941389296886316629e+01 3.821458245667041353e+01 2.116568206104113159e+01 1.696868123559182706e+01 4.117934791646934656e+01 3.953981903675834531e+01 2.613880759437203238e+01 4.620787650192371387e+01 5.357623180487252057e+01
5.313873315250931029e+01 6.724563246833675123e+01 8.723348098736487088e+01 8.056952664016604615e+01 6.643440915452630691e+01 6.124010231029897255e+01 8.122638785669188621e+01 8.834996857159440253e+01 7.404890600271012602e+01 8.834996857159440253e+01 8.550165818587397837e+01 7.390462401148212734e+01 6.056070773023817821e+01 4.044050654006093737e+01 4.588518150989921196e+01 6.297135000187736154e+01 5.708432629418641113e+01 7.718388247899673615e+01 7.580849679150419718e+01 5.744725301856182398e+01 7.580849679150419718e+01 7.273140441819661817e+01 5.331689177115810452e+01 7.273140441819661817e+01 8.059208354680534114e+01 7.233958572904538187e+01 7.548074857318847819e+01 6.392413299803954629e+01 4.518192169006404413e+01 2.676410212881568285e+01 3.738463230027291218e+01 1.771760701033621288e+01 3.820224137458991720e+01 5.419188753688135307e+01 4.620787650192371387e+01 3.370989041152048316e+01 4.794523371905594900e+01
5.680168244646037579e+01 7.068520438551720986e+01 7.773042595794879617e+01 8.601675023429835676e+01 8.642066935539070016e+01 7.123379165660013257e+01 7.537256054853115472e+01 9.535877713584358162e+01 9.434521111828718176e+01 9.155300515860831467e+01 7.720025510777404065e+01 5.709484192899524402e+01 4.546566273044034290e+01 5.205925962344023361e+01 6.600445250724150981e+01 6.600445250724150981e+01 7.718388247899673615e+01 8.548575391595323936e+01 8.585059446356264345e+01 7.754889469690073156e+01 8.585059446356264345e+01 8.171013689306597882e+01 6.753785933921616902e+01 8.171013689306597882e+01 7.768577867627277556e+01 7.548786778371804473e+01 6.719858492711766473e+01 4.722086798929255735e+01 3.605635910906691066e+01 4.517447359305609922e+01 3.892122117647172530e+01 1.846767431928723013e+01 3.869246599096484118e+01 4.222923414231065209e+01 5.080102709512841130e+01 5.380196803104946213e+01 4.271768161670149766e+01
4.471819907474991140e+01 5.075920515710544123e+01 5.780353016263616439e+01 6.929086929615820623e+01 8.925907475463284868e+01 8.277163116897175144e+01 9.535877713584358162e+01 1.036452551922721455e+02 9.688097764016055180e+01 8.325673141544413625e+01 6.316967195122547452e+01 5.153725807463501241e+01 5.447388465034786265e+01 7.217390181307939656e+01 8.047999508408415181e+01 8.608501148599336261e+01 8.351664474715099118e+01 7.585698769209719217e+01 7.777811898392256751e+01 7.490808382845312963e+01 8.271197311804247931e+01 8.129334527912956787e+01 8.759424170622583006e+01 7.768577867627277556e+01 5.757614615287617710e+01 5.537557967548153215e+01 6.958596557051095033e+01 6.392111678106971340e+01 5.565819627029842565e+01 4.936523843440610904e+01 3.979860116147645499e+01 1.931542762119934764e+01 2.066591234722184112e+01 2.216018151431810779e+01 4.257961690645817043e+01 5.335849742318166022e+01 6.276934411077623110e+01
6.445379349184902651e+01 7.068520438551720986e+01 7.773042595794879617e+01 8.601675023429835676e+01 9.755590118132380439e+01 1.027582826962665195e+02 1.110474593205717753e+02 1.027533361863428070e+02 8.272143451959472316e+01 6.852098451523035294e+01 5.845158252842581703e+01 7.165946222654939390e+01 6.610173979262756916e+01 8.289086094074924915e+01 8.885192101672461717e+01 8.050098115858790493e+01 7.363623045186997729e+01 5.733908162115218232e+01 6.084870346245829609e+01 5.590528621475178284e+01 7.224502869662357796e+01 6.122026155872815423e+01 7.540436093379538818e+01 7.548786778371804473e+01 5.537557967548153215e+01 4.117252895019143466e+01 5.228011035462029810e+01 5.538942764353361525e+01 5.062022777080868963e+01 4.103213314726206562e+01 2.052430977193967365e+01 3.976471037701713840e+01 4.090680204998773917e+01 4.257961690645817043e+01 2.437956027032390338e+01 4.501109176624816399e+01 5.584812896221252743e+01
5.967438518899061961e+01 7.563162068210894518e+01 8.611806687416948591e+01 8.183782435990670479e+01 9.011960158543809030e+01 9.076359577766406517e+01 9.904116430455088960e+01 1.034443119083728817e+02 8.341348649053611553e+01 6.921468312222867780e+01 6.852098451523035294e+01 8.685420591429848969e+01 8.617914261005805088e+01 9.447364117890720081e+01 8.050098115858790493e+01 6.035562485272416922e+01 6.598842459959719520e+01 4.610264960022632152e+01 4.801454172255819941e+01 4.445778304712215601e+01 5.439361887944471619e+01 4.699241217129942783e+01 6.702375719071160631e+01 6.806282635155601213e+01 6.958596557051042453e+01 5.228011035462029810e+01 3.212100929820827844e+01 3.722632337605325148e+01 4.227267603160495213e+01 2.175680241837319073e+01 4.103122416418399609e+01 4.104002157372829629e+01 5.781985701276755663e+01 3.757075510627821302e+01 4.501109176624816399e+01 2.691779744334548141e+01 4.751845286598722851e+01
4.732758921908053651e+01 6.360094294248180091e+01 6.671239652827289035e+01 6.181918851956823602e+01 7.661143808078016093e+01 7.074942242588799957e+01 9.076359577766406517e+01 1.064471291997596154e+02 9.757242480547184016e+01 8.081275392031511728e+01 8.272143451959472316e+01 9.688097764117998167e+01 8.955230755865288472e+01 8.115088961312319782e+01 8.276038145666426260e+01 6.625588015324876778e+01 4.614716842710375033e+01 3.794347413295916027e+01 3.670862670295166907e+01 3.548559251054145136e+01 3.427636528294308960e+01 4.994252106219349230e+01 5.153874249993358347e+01 4.785605248576799653e+01 6.805616777809736107e+01 5.403492374264440912e+01 4.441573966838220144e+01 2.394808888477713893e+01 2.302079040273446253e+01 4.223125848043017783e+01 5.059259511578111557e+01 6.129784426746035564e+01 6.616531960416006086e+01 5.192900875362843038e+01 5.584845169310402468e+01 4.751853350941430421e+01 2.966116292859790349e+01
3.547221845329993783e+01 4.700107252947628211e+01 6.266525424373268294e+01 5.025026793948623549e+01 5.658986125389002098e+01 6.660371435215083125e+01 7.816081581019207647e+01 9.817347731833861246e+01 1.091348873676257654e+02 1.008473709685880806e+02 1.027533361863430486e+02 9.555899970999539050e+01 7.518285500283398903e+01 6.076060148693380114e+01 6.825450068313249119e+01 5.403248043868349981e+01 3.974071566100008113e+01 5.817745780893667273e+01 5.744683694649987160e+01 5.560386684768100451e+01 5.269858695431041440e+01 3.258054776896100435e+01 3.140765432714830041e+01 4.985647268126000142e+01 5.531853408918392034e+01 4.570326060109048427e+01 2.530514120350364848e+01 4.441573916181101112e+01 4.351779052306243045e+01 2.966096617829978044e+01 4.141198706656494011e+01 5.566691418647017287e+01 7.574697905295197131e+01 7.206410075157243966e+01 6.628037494803857044e+01 4.619361729099716740e+01 3.188068949815653852e+01
5.547871880246179899e+01 3.782305692270286812e+01 4.267134695670817734e+01 6.270950993106603732e+01 7.241867315869463084e+01 7.876081409707968817e+01 8.590230591308517205e+01 9.430494037959826414e+01 1.045490945540541787e+02 1.087580749127217814e+02 9.860754411015217613e+01 9.023650851553279040e+01 8.267199426843235699e+01 6.228319930271869254e+01 4.792989173515064749e+01 4.155841985275526440e+01 5.999246247981726299e+01 6.841127575071250533e+01 7.717296161403263000e+01 6.029905427928470374e+01 4.017540623982231551e+01 4.672840660127909729e+01 4.991121741510877285e+01 2.974286878451066940e+01 4.699455614259792213e+01 2.667755033290821132e+01 4.489634682465012361e+01 4.213088394525585301e+01 5.824930130721068622e+01 4.992560333634017411e+01 3.738820575950992264e+01 5.165269416864283158e+01 7.176549446013351030e+01 8.025888007629394849e+01 5.929160792829555504e+01 5.412489364529806579e+01 3.405836876396249835e+01
6.250819268097387038e+01 5.076531043517501729e+01 4.036520218262663207e+01 4.510832399886973576e+01 5.034238273232159600e+01 5.679099342898863512e+01 6.447783046506890514e+01 7.557425101699701031e+01 9.623036080917324853e+01 1.004249787709623263e+02 8.004803826010341083e+01 6.981536424968520294e+01 8.002593638260908904e+01 7.667625865113889461e+01 6.315624081951921909e+01 4.287452683837664580e+01 6.315624083730591565e+01 8.266621201734390922e+01 6.887778834785564186e+01 4.875943267597593689e+01 6.029908747240929756e+01 6.624829119818831202e+01 5.823363856177103770e+01 4.829108377731452606e+01 2.805578445588384540e+01 3.208229969888642330e+01 5.158982121813647836e+01 6.252830224494457667e+01 7.101232557458200745e+01 6.425429687108531596e+01 4.412221823938671150e+01 5.754360399385244307e+01 7.763891798947560119e+01 7.564650627487625911e+01 5.929161164958207308e+01 3.887889727515491956e+01 3.645021542302794870e+01
5.667753756195412507e+01 4.315786083410454665e+01 4.942097333031083650e+01 6.678368003150468724e+01 6.608700075291503140e+01 7.876081409707968817e+01 8.590230591308517205e+01 9.430494037959833520e+01 1.045490945540541787e+02 1.087580749127217814e+02 9.860754411015217613e+01 8.002593638260908904e+01 5.966973397475203456e+01 7.169666220064671336e+01 6.449451766487518967e+01 4.419984654990178541e+01 5.430555842370968378e+01 7.443643621865487603e+01 7.598229198514633254e+01 5.588772118957529500e+01 7.598229198514633254e+01 6.470777791584491467e+01 4.458348979478490293e+01 3.031987570624445283e+01 4.824100777947693075e+01 5.166457372935703773e+01 4.297926236311768378e+01 5.760073335622605128e+01 7.784086206592179735e+01 7.185814471165291195e+01 5.174025431833538136e+01 7.185814471165291195e+01 8.453308943457591340e+01 6.717010036126714567e+01 4.559397042906838493e+01 5.929154290085595136e+01 4.088938147415074553e+01
6.426505147705420029e+01 4.515457995800331048e+01 6.062998189403661797e+01 7.720003690740868763e+01 8.745817740705848564e+01 8.872286887006310963e+01 9.699364847986478821e+01 1.069745347953539607e+02 1.042081591817889432e+02 9.400503161769179883e+01 8.557008449091564728e+01 8.800510664000358929e+01 7.154674170182705950e+01 5.141144032567296307e+01 4.612690268401140514e+01 5.323801630935893314e+01 7.269902907838790895e+01 8.266621458981667558e+01 8.427803150232499263e+01 6.751019192929985024e+01 8.427803150232499263e+01 6.626517777993599623e+01 4.614120059532026374e+01 3.190715792866421197e+01 5.203537704825083665e+01 6.288689918924777089e+01 6.352892978535827950e+01 6.352892978535827950e+01 8.371224697689345362e+01 8.015527025569838315e+01 6.597974456246123509e+01 8.015527025569838315e+01 7.617277802659639008e+01 5.505962742556110356e+01 6.717010036126714567e+01 6.557846832367940237e+01 4.545286296501263479e+01
5.055190417773955858e+01 4.747991243498079683e+01 6.652532613720438803e+01 7.290958444121480397e+01 7.880015144574799990e+01 6.887743402199203047e+01 7.874432521161608634e+01 9.870141252851011870e+01 9.579081255958007546e+01 7.534935642225129016e+01 6.513760609191028550e+01 7.500831448561156378e+01 4.909308136678720302e+01 4.814251542953001461e+01 6.644017643566451170e+01 6.644017643254454697e+01 6.762685420235303013e+01 8.802461001951570552e+01 9.584612962518582435e+01 8.755539588483621571e+01 8.529888259293723252e+01 7.191437709549892077e+01 5.199428432131153954e+01 5.187003030453982433e+01 3.416555880256783695e+01 5.432412110963775120e+01 6.190641886101284541e+01 6.952001467700365822e+01 7.783843648254931225e+01 8.788749162605638787e+01 8.604985807688751720e+01 8.707798472773650644e+01 6.667621112392772886e+01 7.617277802659639008e+01 7.269633061836294985e+01 5.256397677342202712e+01 6.557846864123069963e+01
6.945212143954569228e+01 6.652517283718498220e+01 5.072803173627213624e+01 5.371212558261600378e+01 5.926335088860589195e+01 7.880015144610074174e+01 9.699364847986478821e+01 1.069745347953539607e+02 1.042081591817889432e+02 9.400503161769179883e+01 7.535384529141296639e+01 5.503399320256576033e+01 5.009653758293878667e+01 6.846822476302193650e+01 7.686381431036652145e+01 8.681165007726914951e+01 8.802461001845476574e+01 9.640831526069943891e+01 1.032018803389258466e+02 9.118646635216084917e+01 7.114463358533058113e+01 5.691133105722813212e+01 6.279194962139716552e+01 5.613637480743970087e+01 3.603767952144404063e+01 3.854522479994723483e+01 4.176046242968817523e+01 4.937639005995824704e+01 5.946447148009087158e+01 7.369642086780017110e+01 9.376910254483149743e+01 9.538337902000357360e+01 7.857864612156200224e+01 9.538337902000357360e+01 7.807127634883666190e+01 5.796007098959698567e+01 7.807127626834164857e+01
8.030907752232302244e+01 7.336547753398780003e+01 5.413964158524311898e+01 7.290958444121480397e+01 5.902021636469691401e+01 7.015357396641033461e+01 8.416198470205030446e+01 1.041314579182648856e+02 9.906294820040102422e+01 7.853103544888195131e+01 6.671967246270035901e+01 7.497798435283910123e+01 5.180886315480899640e+01 5.411491291040649543e+01 7.283087836486058109e+01 9.069111448203646830e+01 1.009859970025375446e+02 1.007773738842638949e+02 9.077534340205208707e+01 7.491256744216836694e+01 7.491256744216835273e+01 6.279948628566756952e+01 4.265614681106018935e+01 3.871684256427261062e+01 5.615812797328712236e+01 5.278503380787498145e+01 6.190641971555968581e+01 4.704819431598534152e+01 6.719801957115555524e+01 8.120820091748137770e+01 9.280318091561201754e+01 1.069769297726805775e+02 9.868829717913666855e+01 9.444217670822492039e+01 7.439200045300142961e+01 6.509326453181584782e+01 8.516918670105943079e+01
