MOVIE_S13_data/elevation_000722.asc
nrows	150
cellsize	150.0
xllcorner	0
ncols	150
yllcorner	0
NODATA_value	-9999
[rows 102 to 118 of 150, columns 74 to 110 of 150]
6.510591454504472608e+01 5.450640732202575123e+01 4.752654210456065442e+01 4.162223279067877257e+01 4.984677510510179133e+01 3.001859696966619140e+01 4.899658273811032672e+01 5.387274366712481566e+01 5.505750900511435475e+01 7.249915270761246688e+01 8.851118221483457660e+01 7.734042247326907216e+01 5.685789995975495970e+01 7.734042247326907216e+01 7.702077663157704990e+01 5.705815542367662374e+01 6.439530641474765105e+01 4.792913825527453042e+01 6.194708621810217863e+01 7.561761870438090227e+01 7.998807942610909549e+01 7.067070666369508558e+01 9.068751185543700899e+01 8.624668325491307996e+01 1.062270290858207602e+02 1.092668330478909979e+02 9.459448614586034410e+01 7.473992289496129615e+01 8.203735778171660797e+01 7.675102348565980037e+01 5.789443581516237458e+01 7.765830980921101911e+01 7.950520182618002707e+01 7.281822476324400384e+01 5.309711101774959019e+01 5.496055998297133272e+01 7.470664398718037091e+01
8.384399706125165608e+01 7.543205938332047822e+01 6.845684202955550290e+01 6.222321195989857756e+01 5.477611299663813327e+01 2.928278477143675218e+01 3.587012438646212331e+01 3.799903580197685216e+01 5.261348353708171288e+01 7.539203787648733623e+01 6.859370811050854400e+01 7.009875719071312972e+01 5.015174649922681738e+01 6.117818281989742246e+01 5.909754115525745988e+01 6.126493195501950595e+01 4.459707997048435857e+01 5.441954518509714234e+01 7.437106764439803896e+01 9.021744278444752752e+01 9.895539962649866084e+01 9.068751185543735005e+01 8.702146129808541275e+01 1.062270290858206891e+02 1.144839304868731062e+02 1.152636703972712553e+02 1.028440763647061971e+02 8.876902586264623096e+01 9.385808783739221894e+01 7.401749275393000005e+01 6.383380477059863978e+01 8.362582993591453828e+01 7.840038441685211978e+01 5.804396131984252349e+01 7.164390947157842504e+01 7.470664398718025723e+01 6.635251154122433093e+01
8.564532918929812411e+01 8.718816392008076832e+01 6.716058145429362014e+01 5.265040781801278058e+01 4.020004415366656048e+01 3.978189170228950644e+01 2.824924320660139898e+01 4.739441395655958900e+01 6.375487018823055507e+01 7.119477633584835985e+01 5.453771863090831573e+01 7.119477633584835985e+01 6.117818281989742246e+01 4.199797979498941913e+01 3.936555730575092582e+01 4.151906203340774226e+01 6.126493195501950595e+01 7.266819648820442978e+01 7.437106764439803896e+01 9.436575547518931728e+01 9.981916252883935670e+01 1.080494551812951016e+02 1.069995662068989333e+02 1.152574625522933047e+02 1.093175133891047892e+02 9.505140443655585614e+01 1.093175133891047892e+02 1.086583913686615261e+02 1.021067676099857948e+02 9.023971646793937396e+01 7.039805688715954091e+01 9.023971647832944143e+01 8.722124281383176481e+01 7.149573288694203654e+01 6.340161253035727640e+01 8.266213731772892004e+01 7.774807117765337239e+01
6.583987152080698024e+01 8.247708577978008293e+01 7.780989780538085654e+01 5.754298011006829228e+01 6.126236713902948594e+01 4.733118749188986385e+01 2.752333953284344048e+01 4.733118744467896022e+01 6.112352764522390913e+01 6.294842450852964788e+01 4.314155969415638481e+01 5.236319666414870255e+01 5.399311020209744783e+01 3.672619076974502406e+01 5.647089621219963362e+01 4.468273722589859887e+01 6.448367532504759936e+01 7.458528524964408746e+01 7.993085431780136219e+01 8.570640597218194046e+01 7.986071080394461319e+01 9.981916252883935670e+01 1.121757489210299639e+02 1.038334240031332456e+02 1.009714400733034125e+02 8.066194466952342168e+01 1.009714400733034125e+02 1.032551789329560563e+02 1.115985280474094168e+02 9.848636518186738442e+01 8.029886086104890808e+01 9.848636458207144528e+01 9.789442674062293293e+01 8.578940471583229055e+01 6.732889782645048626e+01 8.648464952028115249e+01 9.755295777619569719e+01
5.455227109532578567e+01 7.421064287297097906e+01 8.604211099320815492e+01 7.115589758108616536e+01 6.099117751450420855e+01 4.660903199930180563e+01 2.679834061851931537e+01 4.661030158640944876e+01 4.123070716103398325e+01 4.857074286939625551e+01 5.012239619166442139e+01 3.258723752581384048e+01 3.423150452783388431e+01 3.971040709600144680e+01 5.947481094631952914e+01 6.448367532504759936e+01 5.032711658219869122e+01 5.462133905198317052e+01 5.992956632742050260e+01 6.569930815793070167e+01 7.986071080394461319e+01 9.981916252883935670e+01 1.038334240031332456e+02 8.361854678853980261e+01 8.953934724384085087e+01 7.315734913196051536e+01 8.896138863543410480e+01 8.304070683648365048e+01 1.032551789329560563e+02 1.084334480182006359e+02 1.001805721402079854e+02 1.084334412785790107e+02 1.018569887719481102e+02 8.302979511217733943e+01 7.256690804794497751e+01 7.949437857633431292e+01 9.024307042954694680e+01
6.370280116243172586e+01 7.165591120798521274e+01 7.989298477925949271e+01 6.286133016644341609e+01 4.297800242788009228e+01 3.309929159929488662e+01 2.607429897671175212e+01 4.487883029726444306e+01 2.722411280982496962e+01 2.877006940882031216e+01 3.033022442101708194e+01 5.012402868616987206e+01 4.304647750393645111e+01 5.947433365030639152e+01 4.849355416572490896e+01 6.835883429257945920e+01 6.437682293366924569e+01 6.873122973304081995e+01 7.091894872100311886e+01 8.570640597218194046e+01 8.204580983229618596e+01 1.019941909490754171e+02 1.038334240031332456e+02 8.361854678853980261e+01 6.965020071533633939e+01 6.643356859983904883e+01 6.909179841908466813e+01 8.304070683648363627e+01 1.032551789329560563e+02 1.033189546044340119e+02 1.033189546156735616e+02 1.232947137014577095e+02 1.097763513714315877e+02 9.142621883272759931e+01 7.797850837895796872e+01 9.697814279187494435e+01 1.057628107003933877e+02
5.772493425657722099e+01 5.195453466619703420e+01 7.165591120798521274e+01 7.121281034610423433e+01 6.116694075501654027e+01 5.281938069210617215e+01 4.422376950822332731e+01 2.505578705801043071e+01 4.396404979277500757e+01 4.857074302828750945e+01 3.878443325817551823e+01 5.651187008853641913e+01 5.443221265091307970e+01 7.109691804059116294e+01 5.546722865475705078e+01 7.540948753318355102e+01 8.435670544376657176e+01 8.871822547271293047e+01 9.089861202742349633e+01 9.914142103409638196e+01 1.019941909490754171e+02 9.540420059140234343e+01 8.714071538555141672e+01 8.714071538555141672e+01 7.959477397958860934e+01 6.023515540747117569e+01 7.959477397958860934e+01 9.731961637335449211e+01 9.184471897180060296e+01 8.344499549956952933e+01 9.747327111915133457e+01 1.174316829945627632e+02 1.183489275906527638e+02 1.041791781492103155e+02 8.524479043363662356e+01 9.702265227454105911e+01 1.161461268366556538e+02
3.788781380192867232e+01 5.772493425654884902e+01 7.020642798590675682e+01 7.453275905889222486e+01 5.465570950049121279e+01 5.465445671370732583e+01 5.116957005015633797e+01 4.305587262574778151e+01 2.413407566715379104e+01 4.396412030268856341e+01 5.780164100271888827e+01 6.670516074902232617e+01 7.434181172081909494e+01 8.259386770474851858e+01 6.955508901121957877e+01 6.955508901121673659e+01 8.954325582809011053e+01 9.082247349825068738e+01 8.259313510803795566e+01 9.082247349835736827e+01 9.557744896697785464e+01 8.714071538555141672e+01 6.731322997833704846e+01 6.731322997833704846e+01 7.599978306166519815e+01 5.668925601178619900e+01 7.599978306166519815e+01 8.340957550393592612e+01 7.206255403911610813e+01 8.601923203945139562e+01 1.059086885313051170e+02 1.120181971782891566e+02 1.203125940919340451e+02 1.122055505309440377e+02 9.612854903325015243e+01 1.122055505309440377e+02 1.135067058409955081e+02
3.027714257152836907e+01 4.218988601721480336e+01 5.619815703833853604e+01 6.562426768832433766e+01 5.455921573396358326e+01 3.485853562341436884e+01 4.214968093509860125e+01 2.320923815672741952e+01 2.718616191801567439e+01 4.587051517927016420e+01 5.953629043100893625e+01 6.654849962637111105e+01 7.481312602838804082e+01 8.632383584456452752e+01 8.954325586776994328e+01 8.954325582809011053e+01 9.781203597446773301e+01 8.092926138020914095e+01 6.284024399269383565e+01 8.092926138019323901e+01 7.576199080172398226e+01 7.575537076528799219e+01 7.303401941176042556e+01 5.333024034844584094e+01 6.821580386091369519e+01 5.322921023333019974e+01 7.258613190352473055e+01 6.367692042062683555e+01 8.340957550393592612e+01 1.001063006848726928e+02 9.792268714045921740e+01 9.208413571422389055e+01 1.120181971782891566e+02 1.232970408831449873e+02 1.151765420380582725e+02 1.152087667553118848e+02 1.068810666346420817e+02
4.798972616510586420e+01 2.804578037130221446e+01 4.581366960951765321e+01 4.581366960951765321e+01 5.224357285433582376e+01 3.468626955451893679e+01 2.227615356091881438e+01 4.215068740594588803e+01 4.433095699708706405e+01 3.394512685493730686e+01 3.973665450841011193e+01 4.671497694169610071e+01 5.812847021768666878e+01 7.805047369924606926e+01 9.051785546293349682e+01 8.213935722856629695e+01 9.051785546293349682e+01 7.271668955036585658e+01 5.295279399633583495e+01 7.087085397426524480e+01 7.576199080172396805e+01 5.599008225570030817e+01 6.287359267290223386e+01 4.628430373452896873e+01 4.841654221991224460e+01 5.124231764225483943e+01 5.621492586557797466e+01 7.595133292541697756e+01 8.369944509150465706e+01 8.800810611545512074e+01 7.809352509045108093e+01 9.208413571422389055e+01 1.120181971782891566e+02 1.214444804758643670e+02 1.131031307169537570e+02 1.068810666346420817e+02 8.691444768274192256e+01
4.218988601721481047e+01 4.581366960945685918e+01 2.594012018170926837e+01 4.368300748356381291e+01 4.219879824146096325e+01 4.143902130399724371e+01 2.159428654970524164e+01 4.084844750360609567e+01 5.315440190676397947e+01 5.356647557953225203e+01 5.953629043379562091e+01 6.654849962637111105e+01 7.481312602838804082e+01 7.949577306477372929e+01 7.039500621725976259e+01 6.190134357895263406e+01 8.178779883640575576e+01 6.572907523856025591e+01 4.591970315765971122e+01 5.107280324756383294e+01 5.868196620447738354e+01 6.051960463598813789e+01 4.341171301111342729e+01 6.325875715875065453e+01 6.242079153899985045e+01 7.101847602010771254e+01 5.621533333003229416e+01 6.002740089862058426e+01 6.397271215979674253e+01 6.826334082929614056e+01 7.520641815668885499e+01 8.917614198173831142e+01 1.090927511450754679e+02 1.131031307169537570e+02 9.310495982187347863e+01 9.896228846571503368e+01 9.276253497638566614e+01
6.199177890974950600e+01 5.402620233196872590e+01 4.368300748356381291e+01 2.393842097286742643e+01 2.253158731399526360e+01 4.037733227635776956e+01 3.477833506294579280e+01 2.063159914502384495e+01 4.458368939346588178e+01 6.276566218839281674e+01 7.099356490603001646e+01 8.412249873026122771e+01 7.589859528103143305e+01 6.979695487169745149e+01 4.915289983503348736e+01 6.503978304487878859e+01 7.640516939712091471e+01 6.261356761060085319e+01 5.438091331934116113e+01 3.699344861765980141e+01 3.881062075238432385e+01 4.065119589391041899e+01 4.785954790606617593e+01 6.774363779623929815e+01 8.204045825659770230e+01 8.412436728941078457e+01 6.760580242715353450e+01 7.975409850516295762e+01 7.789302470363818998e+01 7.962211695279155776e+01 9.500958174743755080e+01 8.917614198173831142e+01 1.090927511450754679e+02 1.104975840327832231e+02 9.051786603029708544e+01 7.904998214034057469e+01 7.305699908749001281e+01
5.277242523121592654e+01 5.006131208638484509e+01 4.486618405468228588e+01 2.365743731338625011e+01 4.052148696046091203e+01 2.088794066488410905e+01 2.068277273300438068e+01 2.002018474299348227e+01 4.812587340650724599e+01 4.418432854969023538e+01 6.216588211788119622e+01 7.589860099236214808e+01 5.611837545654508119e+01 6.191181327741605145e+01 4.245368609792558345e+01 5.162178352298982986e+01 6.909069621337246758e+01 5.443809249674845319e+01 3.455185312403398967e+01 5.443811061148812769e+01 5.868196620447738354e+01 5.053275473532946194e+01 6.677840814073576325e+01 6.051935121764083902e+01 7.440498911527130588e+01 9.410468186607515406e+01 8.736669516519712886e+01 9.561819663313167439e+01 9.771738394073182121e+01 9.946358034751460764e+01 1.077414891055181982e+02 1.090927511450754679e+02 1.173843885678037395e+02 1.188352394295344538e+02 1.072747201488689797e+02 9.896228846571503368e+01 9.295850221190708851e+01
3.286203987265530202e+01 2.990747326596270383e+01 2.721979226263079710e+01 4.486599103784742937e+01 4.757581374781789663e+01 3.285273340422337895e+01 1.921304379276686092e+01 3.884049251642275635e+01 3.715299912751360267e+01 3.539674544055510097e+01 5.853093195628833456e+01 7.400904136104362863e+01 6.191188161550329028e+01 4.208718532631228726e+01 3.641986026361247042e+01 5.628022853313544260e+01 6.675607503555285405e+01 4.694605718027951013e+01 3.285706327041155816e+01 5.274817549249453918e+01 6.406561568121013295e+01 6.829368363918153761e+01 7.675285388109772100e+01 8.017489553469026475e+01 8.837717742564397838e+01 9.492459829562136520e+01 8.665838996781636183e+01 8.588550598168818340e+01 9.414889246633359221e+01 9.547675302317782098e+01 1.037653919464168979e+02 1.194917352039377079e+02 1.111776703064664957e+02 1.137659525992778100e+02 1.220894961679449437e+02 1.116530814745686087e+02 9.165838849435043301e+01
3.534453075711488168e+01 5.006131206515028964e+01 4.789956316020415983e+01 4.210441601556927793e+01 5.787975684952633770e+01 4.136895358634985342e+01 1.865273616118560440e+01 2.849255816582529732e+01 2.743177593128726599e+01 4.479339342834618520e+01 6.272917476323549124e+01 5.507964511799364260e+01 6.444257681666425697e+01 5.131513844777877864e+01 3.142532089275364626e+01 5.131513899888510366e+01 5.703504095604218094e+01 4.882223467218864243e+01 3.118642636234698529e+01 3.783493887290222091e+01 4.482086622896157735e+01 5.421675746499554549e+01 6.693084637934053660e+01 8.549805436790933300e+01 9.293693586017074892e+01 8.347335071161931808e+01 6.687465707915458779e+01 6.610649258531790906e+01 8.145036788369833403e+01 7.564044892785766194e+01 9.547675302317782098e+01 1.080104315529527668e+02 9.136839967707112464e+01 9.393136693796063241e+01 1.137659525992778100e+02 1.138510625110283030e+02 9.384318444746898535e+01
4.687950188553724473e+01 6.322900639797126843e+01 6.179278576675795165e+01 6.182196235948760688e+01 6.104780244926967470e+01 4.954614497468750756e+01 3.781430446912615650e+01 1.786043905242843977e+01 3.774774985704989660e+01 5.543769565272366862e+01 6.062393691381580396e+01 4.165627758790978419e+01 4.738696303055650816e+01 3.636863172880905637e+01 2.750848725624064883e+01 4.509317102173744019e+01 4.661740301033708533e+01 2.891760050072865695e+01 4.528148657118939013e+01 5.051468399505544227e+01 6.406561567300052218e+01 7.177264958074290746e+01 8.025284332614222649e+01 8.375222296838235536e+01 7.891641052733237416e+01 6.489588519449399939e+01 5.548379723830680632e+01 5.471477945842065793e+01 6.169599156322680500e+01 7.564044892785766194e+01 9.547675302317782098e+01 9.974078257613486187e+01 8.001613960235948753e+01 9.974078257613486187e+01 1.105776001291555559e+02 1.221898903670901859e+02 1.039279307697342603e+02
6.634087189058790557e+01 7.451389665496149917e+01 8.117002210996730582e+01 6.652915790898265413e+01 4.794480669500443071e+01 3.464965050024260762e+01 3.719277997047342410e+01 1.730204668437975002e+01 3.142472833032006108e+01 5.141459886723427530e+01 6.058099935877210385e+01 4.738681113940202039e+01 2.783795773997182366e+01 2.226536572782201517e+01 2.366659206740622778e+01 2.517964155223014089e+01 2.670596587672425315e+01 4.661740301033721323e+01 4.312034424843658797e+01 6.289070783159078104e+01 7.821671906412096575e+01 7.311405762481096815e+01 7.782044058121508101e+01 6.361256514345784296e+01 6.901934278602443840e+01 5.092327567236650765e+01 4.662238918512333896e+01 5.411696148729649991e+01 6.398742147219817866e+01 7.796925733432847494e+01 9.791121191891100750e+01 9.379357895179551008e+01 7.410238647091736652e+01 8.254762757506949811e+01 9.647913022149035100e+01 1.163442115131662717e+02 1.122496802935727516e+02
