MOVIE_S13_data/elevation_000455.asc
nrows	150
cellsize	150.0
xllcorner	0
ncols	150
yllcorner	0
NODATA_value	-9999
[rows 85 to 101 of 150, columns 0 to 36 of 150]
9.909797788131208263e-02 1.509635054336757776e+01 3.647771403729604600e+01 4.959823940364771744e+01 3.493794222027204199e+01 1.420560612780168519e+01 2.391296471754149877e+01 1.927426253099861242e+01 2.848391882501982053e+01 1.387647384251827098e+01 3.429575697433138970e+01 4.133124341046506345e+01 4.189106252618037018e+01 3.638609085936782606e+01 3.058556674726620628e+01 1.417651699183916136e+01 2.790326788277993586e+01 4.783673865899917388e+01 5.657182980970355146e+01 4.104809307618131697e+01 4.242279656616692307e+01 3.646661152285386009e+01 1.928646985865225716e+01 3.913986383802640745e+01 4.014623027269846034e+01 4.164028283473609093e+01 2.388664525526620608e+01 2.534423976286637270e+01 4.534699209136893217e+01 5.598116016189684530e+01 5.414682894662232115e+01 5.414682894662232115e+01 7.435656114942516126e+01 8.548123821363657271e+01 9.376187339294466483e+01 9.613161183301330937e+01 8.775646490810669320e+01
9.415221438935252041e-02 1.982780564237420862e+01 2.749698486488099292e+01 3.834756966413952739e+01 2.817679548649838850e+01 8.989835444792847241e+00 3.982785888616003689e+00 2.304376902230312751e+01 8.790204415589869313e+00 2.700215472285736951e+01 2.671274164417731711e+01 2.147735670158397170e+01 2.476354938074292278e+01 1.650394020245909132e+01 1.135928768242405695e+01 3.058555746942184328e+01 4.181701318801923151e+01 3.971450841426513279e+01 4.561131462838123696e+01 3.095996274508638280e+01 2.280704228952419044e+01 1.666766620093007134e+01 3.646661152285199847e+01 3.784633175064076482e+01 2.028422752868743828e+01 2.181937434632326855e+01 4.163692025303522115e+01 3.524963291959537059e+01 3.943103454146441322e+01 5.964028070515851709e+01 7.435656114942516126e+01 7.435656114942516126e+01 8.266900620950418954e+01 8.785666008391189052e+01 9.386551860952586424e+01 8.601318582419828829e+01 6.751238124994347345e+01
4.963357425232132331e-02 1.120298963564404815e+01 2.085418235151173150e+01 1.722254571517810717e+01 2.230570412376210498e+01 3.090368601085767164e+00 3.852148810221244446e+00 4.658516580751907554e+00 5.271106814058146739e+00 1.706553652859729908e+01 6.915091621052468440e+00 7.499316096389010866e+00 8.084276787973134759e+00 8.669924447226774689e+00 9.256552278116702226e+00 2.903658803116614351e+01 3.050111405631841777e+01 1.752432747136772306e+01 3.665124177668605654e+01 2.605957927475741087e+01 1.404217706575252045e+01 3.382413065437086885e+01 3.594700120542034227e+01 1.801042906103358021e+01 3.216271832593990609e+01 4.164028163184308085e+01 4.163999661056146806e+01 4.689721159744960488e+01 5.963679129137062063e+01 6.800038755134949042e+01 7.830076164717092979e+01 8.414685277370436722e+01 8.167783742280195725e+01 6.703297402325556220e+01 7.313209046112210387e+01 7.763442307902515438e+01 5.749500176341049951e+01
4.933116688397361227e-02 6.085666553045421256e-01 1.168020894169002011e+00 1.728132927780206440e+00 2.289125641233421771e+00 7.145763887186887153e+00 2.695530130694444892e+01 2.503964859211472671e+01 2.519381302207109030e+01 6.089342980714270048e+00 2.623522117370406903e+01 2.728522232178645268e+01 2.206245568072805341e+01 2.844917135896634264e+01 2.762895569575453791e+01 1.011789515804676398e+01 1.073752115923493733e+01 1.135925063418684822e+01 3.097938754800485484e+01 1.314304730872478899e+01 3.118592360036955569e+01 1.499735506303905908e+01 1.600015853677979294e+01 3.594700120562193746e+01 4.636841953926547433e+01 6.057375192721244161e+01 6.178634335541033096e+01 6.711506104909366854e+01 7.539023127935753621e+01 7.260735646489743544e+01 5.864035813241101636e+01 6.439875700102047063e+01 7.313209046112210387e+01 5.237880701824237661e+01 7.313209046112210387e+01 7.092128264048693609e+01 5.095066316423319819e+01
1.526490342185190564e-02 2.001524304613927541e+01 2.126521397335628905e+01 2.174844949615523149e+01 1.010801716972215480e+01 2.681002319648249355e+01 1.472114321233523349e+01 3.476785811697531869e+01 3.639365339959132228e+01 2.780754261865990529e+01 1.304408390241405868e+01 3.513507432371857675e+01 4.203053550491246426e+01 3.481332620237240150e+01 1.507960850633368466e+01 2.988896597682467160e+01 3.050111405834653411e+01 2.266737253502936156e+01 1.224360008011689693e+01 3.198623450644077337e+01 3.936990173742612598e+01 3.218188599050996146e+01 1.604929845014272516e+01 3.678886958611057167e+01 4.655467849944161429e+01 5.489528207446387853e+01 6.552095913912771152e+01 6.817943602003424530e+01 6.855337240840680124e+01 6.159913907614227213e+01 4.513977493876339508e+01 6.272865662062759640e+01 6.534898111629057382e+01 4.562471153449625660e+01 6.579469673394862639e+01 6.515580299195657688e+01 4.538510447638307710e+01
6.451982206334817838e-02 1.419789611579201605e+01 3.405635374111411551e+01 2.859536926549403901e+01 2.296900757696780460e+01 3.672129924648056232e+01 2.051320302614639601e+01 4.055429737070548413e+01 4.452143568926343420e+01 2.262933478552325539e+01 3.518836566484836226e+01 2.889988917053814887e+01 5.038392914989533722e+01 3.842062410938095240e+01 1.866241860559115651e+01 3.842062414129166825e+01 3.700276447546917069e+01 1.731761730763829377e+01 3.200475954982593407e+01 4.033696936081069140e+01 4.586770341609274482e+01 2.780694797236250793e+01 1.679177493464149151e+01 3.639752300079495484e+01 2.855064479810626565e+01 3.767114801428879645e+01 5.241934452240310094e+01 4.470656335957855276e+01 4.367268478882875371e+01 4.131815862612753421e+01 3.740589965985191867e+01 5.346888982813670310e+01 5.906675295092417599e+01 4.015654764276487043e+01 5.192437781408207798e+01 5.351225589693882512e+01 4.043330616477428663e+01
3.913075654229314186e-03 1.413570101526230971e+01 3.395906764053193427e+01 4.800788772209869393e+01 4.222261562226173481e+01 4.689035108259368911e+01 2.685444554275434470e+01 4.689035108262429929e+01 5.163669876270974868e+01 3.029508620635119698e+01 5.163669876270974868e+01 5.039064322745937829e+01 5.875965320613514109e+01 4.223635286519520804e+01 2.240899606434014757e+01 4.223635286288238433e+01 4.536352466413804052e+01 3.700276447601974894e+01 2.267372982113917246e+01 3.650994663978315202e+01 5.419837739008168853e+01 4.368138807622688091e+01 3.038177595559196575e+01 1.786254358300691081e+01 1.862225051404195852e+01 3.822050950460757690e+01 3.370109530022659072e+01 4.098699984942957286e+01 2.240724629864929440e+01 4.220196451236749624e+01 3.056341194895825453e+01 4.484443087512224224e+01 4.577706382196790713e+01 4.667327763819739772e+01 3.293588963467239239e+01 3.397867967844615578e+01 5.351225589693882512e+01
4.584400215457676980e-02 2.004584400215422235e+01 3.586300776904845833e+01 4.485783339430460614e+01 5.641665741917912413e+01 5.520639653205573438e+01 3.581533235308992857e+01 5.520639653269191882e+01 5.990285952914342715e+01 4.136359318843838651e+01 5.990285952914342715e+01 6.641252319506145341e+01 4.635052248945915920e+01 3.224536524846563879e+01 2.782904156221104230e+01 3.856350835433527635e+01 5.857863684310405006e+01 4.664726033251261583e+01 2.670240360223862552e+01 4.664726033251261583e+01 6.423152739266444655e+01 5.671728659621143720e+01 4.522350797115384324e+01 3.746436309953753607e+01 3.821602980800817306e+01 1.968699468168831501e+01 2.045859671778482181e+01 2.126561369741518348e+01 3.556910814171323665e+01 2.356033821821208463e+01 2.438333513077376580e+01 2.522134044814055187e+01 2.606834766401002668e+01 2.697831984448011156e+01 2.789814236055294572e+01 4.759654194593360899e+01 5.721091286199744275e+01
5.110194824248468631e-02 7.610394629946108047e+00 1.655477093349599471e+01 2.810343629162132473e+01 4.812160318003734716e+01 6.417188838300451437e+01 4.997678242375384627e+01 6.417188845046756285e+01 7.004232097652185018e+01 6.190980433698111085e+01 7.004232097652185018e+01 6.641252309070382864e+01 4.635052248944483466e+01 5.222654642138504499e+01 3.352829434912945317e+01 5.354379892018251752e+01 6.689350569192414753e+01 5.113157910436019904e+01 3.107686138695794043e+01 4.521393020563827747e+01 6.541375771727338417e+01 6.994005455831690199e+01 5.597358652020479042e+01 4.345404131710377982e+01 2.372701083548605183e+01 3.882063030193980069e+01 2.291450390126899350e+01 4.087939079218750038e+01 4.589328654579392008e+01 3.333929447499969712e+01 4.420749794686857115e+01 4.480151589102045051e+01 2.860755032490203220e+01 4.666808785645101665e+01 4.760047363161392298e+01 2.926917258436597535e+01 4.896648855140897183e+01
8.426844942499693569e-02 2.008426844942464129e+01 3.301233119891473677e+01 4.106942832942549160e+01 4.975148403271679598e+01 6.097361277979207017e+01 7.002872238789136361e+01 6.461061952248903140e+01 6.215142210917527166e+01 6.215142210917527166e+01 7.048922476745171650e+01 7.472331480697117456e+01 6.641252309070382864e+01 5.354379892018251752e+01 4.057440511099844827e+01 6.063699592741051703e+01 6.764944578402740660e+01 4.741927328177494871e+01 3.658851413967430943e+01 5.671314838746556575e+01 7.051854492150914666e+01 6.062988739039087704e+01 4.198237097360002679e+01 2.797271960422263248e+01 4.345404131710377982e+01 4.234960489041528575e+01 4.240612121842772098e+01 2.657065272462061856e+01 4.609607993756335986e+01 5.290617166030170182e+01 5.287974176787337655e+01 5.448696447423375844e+01 3.123824670577094764e+01 3.856583090346454412e+01 5.230425784837483150e+01 3.554390476883828853e+01 3.066013390920934256e+01
8.605372163575847333e-02 6.410601078766443806e+00 1.307713041664098164e+01 2.201413124412389166e+01 3.348512352163901795e+01 5.297763624727581089e+01 5.862582663899631541e+01 4.430446142222996997e+01 4.179532468139428403e+01 4.179532468139428403e+01 6.215142210917527166e+01 7.288033137784114501e+01 8.193817095120461147e+01 6.895562221704760475e+01 5.059411559011199699e+01 6.895562221704760475e+01 7.613490411811709180e+01 5.671314838746556575e+01 4.326749714041636707e+01 6.343597401099014377e+01 6.232693789487292690e+01 4.256478368489152331e+01 3.262912404332060134e+01 4.777535846855563051e+01 5.597358664593678412e+01 6.146596326102496022e+01 4.875124728906021687e+01 2.923983145643810388e+01 4.313198164078829677e+01 6.231735462769530898e+01 7.236784359890502571e+01 5.513651469303015062e+01 3.406131881565685404e+01 5.251793630869833862e+01 6.036122099264826346e+01 4.870522626073655204e+01 5.033627147692286741e+01
4.138936511288873743e-02 2.004138936511253277e+01 3.301225218874303380e+01 3.597372854111375062e+01 4.412087580367745687e+01 5.399177687311660634e+01 4.557684626104446579e+01 2.945599627941361476e+01 2.684681663232954563e+01 3.499316278608683461e+01 4.434372039062763804e+01 5.866237124213134990e+01 7.876359900310632156e+01 7.899786364872865363e+01 7.067987626470895179e+01 7.899786364872865363e+01 8.554934514779047561e+01 7.191023229471304035e+01 5.224169277890393914e+01 7.191023229471304035e+01 7.047703869652380604e+01 5.605604192763959048e+01 3.626008778920566300e+01 5.027867472929648329e+01 7.002357486052474655e+01 6.502080046175453276e+01 4.590455114121505886e+01 3.204170363757805973e+01 4.192239429935364114e+01 5.551832819130242314e+01 7.452326637247635688e+01 5.800434931015519879e+01 3.712619683388678027e+01 4.602255331096363022e+01 6.627056542847577703e+01 6.962350882181249290e+01 6.141538378092066353e+01
5.157706013992734845e-02 2.005157703466034036e+01 2.328727160436850951e+01 1.645026462392056743e+01 3.292780977402807707e+01 4.208162119568072512e+01 2.481797270628881336e+01 1.901430026348062086e+01 3.302674180382852853e+01 5.438547900155811021e+01 6.385626263566307870e+01 7.288033137784114501e+01 7.621985448917344286e+01 7.615758089921659746e+01 7.501962551793062062e+01 7.244395697479507135e+01 8.076982020444950194e+01 8.100644592080078610e+01 6.649593408272463080e+01 8.100644592080078610e+01 6.448041547373070159e+01 4.473677913355719227e+01 5.606182136905858471e+01 4.377858432054113536e+01 6.352542720890724581e+01 6.699587935597998012e+01 4.869427628939332209e+01 3.507967191295219322e+01 5.445887092612046843e+01 6.904445966862080297e+01 7.265645880964947878e+01 5.257914829000879564e+01 4.053462277895569343e+01 6.106480886823604237e+01 6.039504825154797629e+01 8.045532050418462688e+01 7.611008821330437968e+01
2.382929569487619859e-02 1.651406213237196940e+00 3.284399375092652562e+00 4.933988389226736437e+00 2.494531375984885813e+01 2.912074448605958565e+01 1.371827444954455011e+01 3.359170502613287113e+01 4.831273421233682086e+01 6.227379594584856903e+01 5.775330404843303711e+01 5.614363497059780173e+01 5.608115863545553026e+01 5.730787849656059763e+01 5.517259924766575097e+01 5.261626023400535956e+01 6.656605592650237213e+01 8.663446540387026573e+01 8.696893686895509745e+01 7.844281563747412633e+01 5.869700017365505573e+01 5.357734583579908616e+01 6.921738009818210458e+01 4.949987700675702484e+01 6.921738013093752784e+01 6.843471579195184518e+01 4.930981783251873907e+01 3.827512858484148950e+01 5.755621572180044154e+01 7.125836517547637072e+01 8.091823721860839669e+01 6.425864712707152648e+01 4.405904046449016676e+01 6.425864712707152648e+01 8.045532050418462688e+01 8.869502763517945709e+01 7.772855086737875752e+01
5.645186759752304773e-02 2.001084146304986078e+01 2.316627963928459977e+01 1.599389659044131839e+01 7.325988764264064201e+00 9.083485473952231715e+00 1.111222244765089329e+01 3.114910591483493718e+01 3.510330170067291533e+01 5.141898770436547750e+01 3.727705535802359549e+01 3.586757387857888091e+01 4.879208897085734264e+01 4.399143598116378229e+01 4.178637673883424952e+01 6.099643092408985723e+01 8.076982020444950194e+01 8.629147544034938733e+01 8.971804573335418809e+01 8.667172422353822014e+01 7.844281563727599860e+01 6.342170408160944817e+01 7.578975909163000324e+01 5.607262230048845453e+01 7.578975909163000324e+01 7.568148852489095191e+01 6.217412646690449662e+01 4.399644852897324654e+01 4.424605604397788738e+01 5.775155385531170538e+01 7.670093172474228993e+01 6.754792452353468946e+01 4.754003132229524198e+01 5.907784727167932459e+01 7.911826522158570185e+01 8.363757489479230856e+01 6.342783061501680919e+01
3.230056327165653496e-02 2.003230056327054953e+01 3.613888653925845063e+01 1.669772713523446583e+01 2.735488850983379194e+01 2.912074448605958565e+01 3.114910591483493718e+01 1.403303419946064601e+01 3.406159861646988674e+01 3.934262225943707136e+01 2.309925661667077890e+01 2.583382445790179816e+01 2.871766388826000593e+01 3.396859882043238343e+01 5.240581008866934098e+01 6.147359584797695931e+01 6.612285326039609856e+01 6.612285326039611277e+01 6.956413631005990794e+01 8.971804573335418809e+01 9.141965390041083594e+01 7.736872721160756328e+01 8.401683833237365207e+01 6.590404641366068006e+01 8.401681903727495637e+01 7.205542055941506874e+01 5.308975109994637620e+01 6.311491848659513693e+01 4.928624270410778507e+01 5.981700059411753045e+01 7.880682956318329957e+01 7.107627178486620778e+01 5.111692569996153424e+01 7.107627178486620778e+01 8.736926821312270874e+01 8.817310113991084108e+01 6.788960992409988648e+01
1.981640276397510572e-02 1.416195204316019129e+01 3.416196932812047038e+01 3.619396871159226237e+01 2.787328983376088942e+01 4.712168589889989079e+01 4.056387189222945011e+01 2.079471463499554318e+01 1.708276815081396549e+01 1.936710038629482256e+01 2.507865915364273235e+01 4.493826025512874622e+01 4.879208897085734264e+01 3.362093481998121547e+01 3.711086555043468849e+01 4.126818623689326415e+01 4.585721003715369193e+01 5.306862531583464460e+01 6.318761400188029143e+01 7.743261043270358357e+01 9.759241742021733046e+01 9.721192285538661793e+01 9.392305317330003334e+01 7.985769381055685301e+01 8.308527036338576011e+01 6.398101080924413964e+01 7.205542096713361389e+01 7.320692581420686906e+01 5.439761423208249624e+01 7.320692581420686906e+01 8.688789405825107792e+01 7.479020054132234918e+01 5.479008223241314113e+01 6.890383040185739105e+01 8.900115516516581238e+01 9.039362524917358144e+01 7.010803127811371382e+01
