MOVIE_S13_data/elevation_000416.asc
nrows	150
cellsize	150.0
xllcorner	0
ncols	150
yllcorner	0
NODATA_value	-9999
[rows 85 to 101 of 150, columns 111 to 147 of 150]
6.125987365419451436e+01 4.129377913218325347e+01 4.307127139386470560e+01 2.312315657281975945e+01 3.018059438547490814e+01 4.764111552460225596e+01 4.518973677942071276e+01 5.619199138277193128e+01 6.190703393349913597e+01 5.043971786853855832e+01 3.015922389539422710e+01 1.648811207462287953e+01 3.608608719696967881e+01 5.144345935289086924e+01 4.189277965890344291e+01 4.033783134871701748e+01 4.132009904850200144e+01 4.162631588977974673e+01 4.288547644034737516e+01 3.965827532599602279e+01 2.953934680844012206e+01 9.679084432988492637e+00 2.665957462667539701e+01 2.076910563183547254e+01 6.793844020969852515e+00 6.363794311402236836e+00 5.937489750286271573e+00 5.514703947066691647e+00 5.096442499259501879e+00 1.578026133250080676e+01 2.394707982858481898e+01 1.362850234033887808e+01 2.656352684065539194e+01 2.251106025957432166e+01 1.299545820505752047e+01 1.846990471741839102e+01 2.287293012402993853e+01
5.293322131525711427e+01 4.495762574168817594e+01 2.499432778561084945e+01 4.307127139442783914e+01 4.896305857747556445e+01 5.972241391175661818e+01 6.476786641316964221e+01 7.301260041330584727e+01 5.990715740377378040e+01 4.617473219911813231e+01 3.738554249060621970e+01 1.764801369640498407e+01 2.693406344298508870e+01 4.776391223570534095e+01 5.270585005837615711e+01 5.669224147835518579e+01 5.890108304092284897e+01 5.565988168887150067e+01 4.151046299769073045e+01 3.136878210545783574e+01 1.151640645578229183e+01 2.953933012316051432e+01 3.180878024926423464e+01 1.352283203579613868e+01 2.578800165766161001e+01 2.034399030475586301e+01 2.589409274376028236e+01 1.127681574713162505e+01 2.433041645564925659e+01 4.506572866638041575e+00 4.088562876381813815e+00 3.668992015420515784e+00 1.502672684165897721e+01 5.716870712074197058e+00 2.080134310654552898e+00 1.869805995401064536e+01 8.797677593662010409e+00
3.303269956448252742e+01 2.701941978971040825e+01 2.963236300254492761e+01 3.657152673734706383e+01 4.763067593810603029e+01 6.640439412417599385e+01 7.066133337734324016e+01 5.878077892213458000e+01 4.761655534745183616e+01 2.358065638713971524e+01 1.931703567878739136e+01 3.738554248933504454e+01 3.150903910432708344e+01 5.073538799692197188e+01 6.753097799501603049e+01 6.159704329384832278e+01 5.325366632794919042e+01 4.338647251000263338e+01 2.736104716353264621e+01 1.337098909873382979e+01 3.136878212865780924e+01 3.872639303771115493e+01 2.134268578532939742e+01 2.408054554703177530e+01 3.915323102730793181e+01 3.965135242450657671e+01 3.739971406286347388e+01 1.725655938431180303e+01 2.956121995851230366e+01 1.152957142706959992e+01 1.506406905012327258e+01 2.298107088874442638e+01 3.074456023304632080e+00 2.662605738306416114e+00 1.150072652741844692e+01 1.498650508995480912e+00 1.088431855755419786e+00
2.910069642203233542e+01 4.693298824678677050e+01 5.215273716323036979e+01 3.664448801289010760e+01 5.104682931638754440e+01 7.154623634451512260e+01 6.216927517541937931e+01 4.157678228603172244e+01 2.990403714563669269e+01 2.109120335375670408e+01 3.926190870708917657e+01 4.772557737601614747e+01 5.198008469964970857e+01 6.041788675993706903e+01 5.985627910911743044e+01 5.110440095145501971e+01 3.283718018093970414e+01 3.508569017833470838e+01 1.524510653070939625e+01 3.321526022541752354e+01 4.151046451064460285e+01 4.511367604466101966e+01 2.686896509085422124e+01 4.241737607560438050e+01 5.046358496445570552e+01 4.762009380338653131e+01 2.721003792038472469e+01 3.741506609774849323e+01 3.801747538354086942e+01 2.972507753579486689e+01 2.645900504102535322e+01 5.849180549759264380e+00 2.343032942514323125e+01 2.241716160671545310e+01 9.999431186781714942e+00 1.957105481354087928e+01 2.631059574126483724e+01
4.313209411805184601e+01 5.727387314716538924e+01 6.359104666792516980e+01 4.290949765127727034e+01 6.359104666792516980e+01 7.609078041959786276e+01 5.605959387302755914e+01 5.301270657698823641e+01 4.254883750104229989e+01 2.239917660847796199e+01 3.068145626692304617e+01 4.142063269616426169e+01 6.148705224532834279e+01 6.582401056486541790e+01 4.558522254086581427e+01 3.114152319180909956e+01 2.188975561426839178e+01 1.714305773109051501e+01 3.508264379026532964e+01 2.922504192162234915e+01 4.923545708762257078e+01 5.175935018021193201e+01 3.296254519299565544e+01 5.175935018021193201e+01 6.215660247170334429e+01 4.159887476565207720e+01 4.762009380496791522e+01 5.606664838211658264e+01 4.209815523788681446e+01 3.384862019429244384e+01 2.855530281378562663e+01 7.837731997567808584e+00 2.774139480689844106e+01 2.709561095042219137e+01 2.450912280047437974e+01 2.588363281543498218e+01 3.449267894582605720e+01
5.860406021656068987e+01 7.141395438289659126e+01 7.133746510371905458e+01 5.084236837116252872e+01 7.133746510371905458e+01 6.541057750589044417e+01 5.501270436375629913e+01 3.588007670199453969e+01 2.434482832260248486e+01 3.046843383866922395e+01 4.962266737542493189e+01 5.844811921604942739e+01 7.019570239778539644e+01 6.473320064130597018e+01 4.461361303089920227e+01 3.046406821965125644e+01 1.908148753256640617e+01 3.699136223088304831e+01 4.529001393621098259e+01 4.923532076106039312e+01 5.754962263957317958e+01 5.995840831367873847e+01 4.348878907372933611e+01 5.995840831367873847e+01 7.053444348826575094e+01 6.215660247170334429e+01 5.948030824570357566e+01 4.538745614791273653e+01 3.384862019468819483e+01 1.298787804211560015e+01 1.074993661481923901e+01 2.855530258613378436e+01 3.686954523299100117e+01 4.695760335458133028e+01 4.842612535364946780e+01 4.420662858642077708e+01 3.423083536195443344e+01
5.272796520756917715e+01 7.279050336257085974e+01 7.967098307186014949e+01 6.279427585503950837e+01 7.151848625100562629e+01 5.086424735757401550e+01 3.637580224231275139e+01 2.634103236913821533e+01 4.457729360031243715e+01 5.070473161410789231e+01 4.473089906331595955e+01 6.512683958992791133e+01 7.542893229887373252e+01 6.381517217289218991e+01 5.549576957680216793e+01 4.033667972887636211e+01 2.045849431138792340e+01 4.033712866078980852e+01 4.262863627418182233e+01 5.680561797326610218e+01 7.676091301945773182e+01 7.132076484082867296e+01 6.305714675521863199e+01 7.038571264020183094e+01 6.238687449963172327e+01 6.159749462419802057e+01 4.881319848323136767e+01 3.129460405012186897e+01 1.633734730863759310e+01 3.384862019468819483e+01 3.155885626966225033e+01 1.972429380530682863e+01 3.187373737669097196e+01 5.197641383490586264e+01 5.452367379040440198e+01 4.269180781098124555e+01 3.405883987693604098e+01
7.279050629337982059e+01 8.110330556584854378e+01 9.131418875913563227e+01 8.300767864675354701e+01 7.303013336372498543e+01 5.236578156392699412e+01 3.784732212988468802e+01 2.778597445050871073e+01 4.209968050538257245e+01 6.269799831070041307e+01 6.512683972874167182e+01 7.354383784136179258e+01 6.712754740786616026e+01 4.698108950990620514e+01 3.538010767124237077e+01 4.175155759946355261e+01 2.184030022175340946e+01 2.632562998939626908e+01 4.630269627666773857e+01 6.243360805366312150e+01 7.397540841291353786e+01 7.903809315209100816e+01 6.786790929378595649e+01 5.914142036417077719e+01 4.284294298338972595e+01 4.198721359664867947e+01 4.066433869016017155e+01 1.994738066542873867e+01 3.129460404999137779e+01 4.538743150094175860e+01 4.853428199444811497e+01 2.920182915342347485e+01 4.853428199444811497e+01 6.015255769909366279e+01 4.637410037338337787e+01 2.543301285813025814e+01 1.377198685952005697e+01
8.259606400059065834e+01 9.378351202624939731e+01 8.541327639331264265e+01 8.541327639331264265e+01 7.898895312605277752e+01 6.691404183900027647e+01 4.965219157692694552e+01 2.926854820027958226e+01 4.965217122598403421e+01 5.894685641246112340e+01 7.946433145695559119e+01 7.783593784782146940e+01 6.961175108773252873e+01 5.810868859713733059e+01 3.798913359416430069e+01 2.391200375811864021e+01 4.175320261567583202e+01 4.630269627666773857e+01 3.411571242379187652e+01 4.570388681967862254e+01 6.572961184644223920e+01 7.105147242172242272e+01 5.167684236617065352e+01 4.027232730230974056e+01 3.115268950462191455e+01 2.752990709951705739e+01 2.403981187714609646e+01 2.649017194522708252e+01 4.678234171474205993e+01 5.948025537205582935e+01 5.747506383627656135e+01 4.362824618389575448e+01 5.747506383627656135e+01 5.779692064225283588e+01 4.952140314708381652e+01 4.281017161184809794e+01 3.375397143979476056e+01
8.259606400059065834e+01 8.541327639331264265e+01 6.478913726523281014e+01 6.478913726523281014e+01 7.043078394502317963e+01 4.965657674492615570e+01 5.118705946010896923e+01 3.076926489943287635e+01 3.836931017426747559e+01 5.290726690194039605e+01 7.352777189496053722e+01 6.961175108773252873e+01 4.955577263579504432e+01 5.543003272103623402e+01 4.543048641881333793e+01 2.541982581513760309e+01 4.542976736946790339e+01 5.932679756009595451e+01 4.830780749182682854e+01 4.570388681967862254e+01 6.572961184644223920e+01 7.049135551231410091e+01 5.110214384451104053e+01 3.711217876133658677e+01 5.110318037770580446e+01 4.773093192864396173e+01 2.927889886475209025e+01 4.678234177860005616e+01 3.689963360703487183e+01 5.097761915427152246e+01 7.039572251267027525e+01 6.328252672318056682e+01 6.519975393667918695e+01 4.952140314708381652e+01 2.949304607204576101e+01 3.535921604329884360e+01 2.868651220568817450e+01
9.090005158348537861e+01 8.541327639331264265e+01 6.478913726523281014e+01 5.003673363383808237e+01 6.151215700851782486e+01 5.323713208308898004e+01 3.295607110033203924e+01 5.118705946003192508e+01 5.894686699480060810e+01 6.739616095730359291e+01 7.637010909441268325e+01 6.630538691759966241e+01 5.543003272103623402e+01 3.532467997601185772e+01 2.779184397913110516e+01 4.543019964752162565e+01 3.090389020958089716e+01 5.100593830310734944e+01 6.831491671557519396e+01 5.730283447031214905e+01 7.397540841291353786e+01 7.221514175163241589e+01 5.286519198429540722e+01 4.151099050423257353e+01 6.104344304465467275e+01 5.431649866745325284e+01 3.452507814335142200e+01 5.431649866745325284e+01 4.844384493728619390e+01 5.666504995016524049e+01 7.603548043404245504e+01 7.182644921014875194e+01 5.692810248787315430e+01 3.692667704967391984e+01 2.533815795964507345e+01 1.530438654785998942e+01 8.973129602245519365e+00
8.510995920290859829e+01 7.672239577891572537e+01 7.928299241055789537e+01 6.153084956564597974e+01 4.084098215765619955e+01 3.525543987778090838e+01 5.342752697388007022e+01 4.199752083750801290e+01 5.661452507939738865e+01 7.730490203372416147e+01 6.807334580709530769e+01 4.790277588648007168e+01 3.782523980393374785e+01 3.026432561518299025e+01 4.785455074208791615e+01 5.520644184224740769e+01 3.506016398714451299e+01 5.520657569615075744e+01 7.024384278618374822e+01 7.724080381427172881e+01 8.547778297307296214e+01 8.019745850871733239e+01 6.590265769648657113e+01 4.646579908915800416e+01 6.590265769648657113e+01 5.974767151253944775e+01 4.016529933367340988e+01 5.974767151253944775e+01 6.789542484747781259e+01 7.588196823335310626e+01 6.646097309703102951e+01 5.818176144968082042e+01 4.355024660204027498e+01 4.355024660204027498e+01 3.869647446205586760e+01 2.865245369937144559e+01 8.642179840556252657e+00
6.531441477574377075e+01 5.589688142260335724e+01 6.687055968011750906e+01 5.830912922537402210e+01 3.769961068303016560e+01 4.972498276993005106e+01 6.430654314317985154e+01 5.391455725150252931e+01 5.661452507939738865e+01 7.730490203372873736e+01 7.637010909441268325e+01 6.630538691759966241e+01 5.220450936845639944e+01 3.207813112009424827e+01 5.220450936845639944e+01 6.352868253581108604e+01 5.520657569615075744e+01 4.175385796848880204e+01 6.193293455998167474e+01 7.846087376642427103e+01 9.004398682589149416e+01 8.162409010379654717e+01 6.236934639201421504e+01 5.267366880462748213e+01 7.202073824439727900e+01 6.774825948433672806e+01 5.974767151253928432e+01 5.005182135465393856e+01 6.944352167042487167e+01 6.972209342704901758e+01 4.973365210603552811e+01 3.818458804789291605e+01 3.061724446440658554e+01 2.353763138620413642e+01 1.868288356148362084e+01 1.441693371049762362e+01 2.864489530821731478e+01
8.510995920290859829e+01 6.687082605923617962e+01 4.607576535546493801e+01 4.019032050639061282e+01 5.830912925659090007e+01 6.682311826038250047e+01 7.888809247550241821e+01 6.862800423546033812e+01 7.730490203372873736e+01 8.571729605892541315e+01 7.976358355685998447e+01 6.553791167401867312e+01 5.406698255159440691e+01 3.392126866617844883e+01 5.406619632011915400e+01 6.750499958588862626e+01 7.024384278618374822e+01 5.603547908016504664e+01 4.999624347613604414e+01 6.167127019722862968e+01 8.177482743305375834e+01 8.961907585914477181e+01 7.882614334888972962e+01 5.957755095645554633e+01 7.882614334888972962e+01 8.304582244517055756e+01 6.380926421004681970e+01 6.944352167042481483e+01 7.742676287814818181e+01 7.800111753400196335e+01 6.646097309728904179e+01 5.769211172563859691e+01 3.769249427059478563e+01 4.355024660204027498e+01 3.024085012023918040e+01 3.442956254520571946e+01 3.416911071925760979e+01
7.437178962843856311e+01 6.354604125549454352e+01 4.292785010990333916e+01 6.087499656167572226e+01 5.119797456721610018e+01 6.595317252790962925e+01 8.655540096299195341e+01 8.915776485220457914e+01 8.649651393030808322e+01 7.822079236756722764e+01 6.880780950962424924e+01 5.131223979117727652e+01 3.704600652693009266e+01 5.406698255159440691e+01 3.901230193474756192e+01 5.919285048371137492e+01 7.299499287849474172e+01 7.617065156284662919e+01 6.428522833470807996e+01 6.278202555051205991e+01 8.287757410178491568e+01 9.446736873466650763e+01 7.531085816115296439e+01 7.882614334888941698e+01 8.680197141927042992e+01 9.104426153949721368e+01 8.304582244517058598e+01 8.041712648123130691e+01 7.222699144659667070e+01 6.965298471163116290e+01 7.784726037919601538e+01 6.597181492890621257e+01 5.769211172563859691e+01 5.852777098806130596e+01 5.024707211783542249e+01 4.431407119475476009e+01 3.536979895904318028e+01
5.348559120835164293e+01 6.569717524309116641e+01 4.489214624542423593e+01 6.569717518022558522e+01 7.198742552365399661e+01 6.821457602118309183e+01 8.877468071504671343e+01 9.391799089912635168e+01 7.822079674320933407e+01 5.808611177888811739e+01 6.049264924676023014e+01 4.030127202509563489e+01 5.721719255541832894e+01 6.553791167401790574e+01 5.919285048371137492e+01 4.449333727407244510e+01 5.879467636016939025e+01 7.892109657537281464e+01 8.437038066566665862e+01 7.702056669035091829e+01 9.114532842532261725e+01 9.055419320548692497e+01 9.446736873466650763e+01 8.450742207018333829e+01 7.626679918350033915e+01 7.859532671663673398e+01 7.034532620819936710e+01 7.222699144659667070e+01 5.217161101950045321e+01 4.954857083372230164e+01 6.629436874988877548e+01 7.806623642746085068e+01 6.675578733914890961e+01 5.844095576526503777e+01 5.017193540492858972e+01 3.017193540431136611e+01 1.602979978058016286e+01
6.829838660684771412e+01 4.788201550991844613e+01 6.569717524309116641e+01 5.469208295961996669e+01 6.680315876766101724e+01 8.740760645545954333e+01 9.712797551503786053e+01 8.565826309511679426e+01 6.558092892046641964e+01 5.390023007136750266e+01 4.377924472797323574e+01 6.049266979651442000e+01 5.308228884549805571e+01 7.324418544612669280e+01 6.890028413582896860e+01 4.870640068332104988e+01 6.890028413582896860e+01 8.430368850315088025e+01 9.586338853570765650e+01 9.701764082938869649e+01 8.472286857141762084e+01 7.065312143349920859e+01 7.880048985797463956e+01 7.055925184651803761e+01 5.636453356256260605e+01 6.708086385068833124e+01 5.039076803283835915e+01 6.708086385068833124e+01 5.804569594732086557e+01 3.775131805382128647e+01 5.804569594732086557e+01 5.834642614765171231e+01 5.844095576526503777e+01 3.861880862850144069e+01 4.442458110718199293e+01 4.431407107480808349e+01 3.536979914296515659e+01
