MOVIE_S13_data/elevation_000298.asc
nrows	150
cellsize	150.0
xllcorner	0
ncols	150
yllcorner	0
NODATA_value	-9999
[rows 102 to 118 of 150, columns 37 to 73 of 150]
8.364278878161717046e+01 6.898621862094486801e+01 7.297704842091732758e+01 7.784977292013448391e+01 8.306694347244371102e+01 9.319839304484426634e+01 1.074340604608147487e+02 1.273495824128726355e+02 1.259237973619464270e+02 1.176477052820737299e+02 1.202288445875463907e+02 1.243914964650389265e+02 1.042879364771139450e+02 1.079770084704227457e+02 1.016582448276084421e+02 1.100000420164673471e+02 1.029190635683275019e+02 8.081376681872166046e+01 6.255616150131874065e+01 5.904917587284808889e+01 7.278847010785635518e+01 5.368222485983702796e+01 7.278848765899930129e+01 7.119362297700776310e+01 5.187343832058061111e+01 7.119362292508276369e+01 7.897297485328886069e+01 8.698740223965178586e+01 7.852947812163729679e+01 5.894637293324365146e+01 7.852947812163729679e+01 9.019815366325943273e+01 8.200633497977219122e+01 7.558859503486148412e+01 6.310546838049918250e+01 4.451191399688269001e+01 5.641758257337102833e+01
8.312720183204825730e+01 8.911673542365792855e+01 9.314682331010720873e+01 8.573816170322703556e+01 1.032351637218245912e+02 9.389261438787630709e+01 1.080589866545923172e+02 1.275567368251991098e+02 1.214494384076442941e+02 1.129712029043053860e+02 1.214494384076442941e+02 1.221770435859285726e+02 1.020951613394060757e+02 8.799532336286701195e+01 8.166477591908402189e+01 9.381616112691793319e+01 8.909980093211564167e+01 8.511071197545459199e+01 8.527219155663348715e+01 7.383120900541946696e+01 5.470279089852132159e+01 5.158143789357266940e+01 6.843639105841857884e+01 6.708795017751755552e+01 4.900613203362036074e+01 6.442173252226682223e+01 6.033479569815322208e+01 7.260167207572014547e+01 6.349322979355397223e+01 4.989705238370013518e+01 7.017815210525994019e+01 8.826734776885145095e+01 8.780665265503719752e+01 8.381143393708332212e+01 5.911000559761327366e+01 3.968482075844124779e+01 4.819025183691433512e+01
7.154906622188950394e+01 9.173415082711288449e+01 1.101591832512601172e+02 1.000186747533688276e+02 1.058953460784213831e+02 1.055131480694983992e+02 1.220592622718227602e+02 1.264714565614177104e+02 1.111762414588398684e+02 9.239244949978611032e+01 1.111762414588398684e+02 1.243914964650389265e+02 1.042879364771139450e+02 1.053632822753998255e+02 8.536308176507611734e+01 7.380633946934018752e+01 6.915434926121091053e+01 6.532883341777369424e+01 7.972676829648882801e+01 7.658702899114237539e+01 7.041699679706984227e+01 5.132351859262008986e+01 4.908199072227968429e+01 4.769521820241545385e+01 4.632516585455567082e+01 4.496446613957172644e+01 6.273267960646321484e+01 6.050422690087509636e+01 4.052958854803063105e+01 5.423613983561011764e+01 6.580802450124333802e+01 6.857742004138390257e+01 6.644361344625069421e+01 7.724777325425488073e+01 5.782011004223264194e+01 5.405018659757624988e+01 3.357049403501450513e+01
9.173415082711288449e+01 8.163495499230081975e+01 1.018333466619253755e+02 1.200828856929722122e+02 1.259273367607682275e+02 1.253396346870950424e+02 1.334743925165901146e+02 1.146691861026484673e+02 9.581419719099434928e+01 8.219014314251576536e+01 1.026818262020456842e+02 1.124189546340802792e+02 1.243914964650389265e+02 1.137164792269727371e+02 1.017531696640370171e+02 8.174640688767534868e+01 8.633220694699399189e+01 6.651589397152602601e+01 6.028312490840373528e+01 5.736443923397530398e+01 5.447870807527110060e+01 7.037438767182123911e+01 6.843639105456847460e+01 5.887828550844342601e+01 6.575290646634181257e+01 6.273556702472399138e+01 4.325092550217043907e+01 4.211452773085325418e+01 5.277540397280741757e+01 3.900086587193177223e+01 4.879026476166473003e+01 5.798278101631284187e+01 5.106120202854668833e+01 7.185156134816499218e+01 6.377417832505072681e+01 4.582789727709769068e+01 3.240607282883795648e+01
1.007303790486068635e+02 9.592948135458672709e+01 9.813632440437690718e+01 1.182832092757281686e+02 1.206657244328153809e+02 1.122713378550531900e+02 1.206657244328153809e+02 1.061608349993645533e+02 8.559972171112300998e+01 7.513203762226112303e+01 8.335465953013007834e+01 9.784905606812175449e+01 1.185148681808081506e+02 1.181411631927294366e+02 9.806999120369378886e+01 9.787194303914394311e+01 7.788453798334295186e+01 8.633220694698145792e+01 7.972676829648879959e+01 7.660900309374977724e+01 5.777413089730418250e+01 7.124053512767055452e+01 8.642816834136122850e+01 7.838633279841080537e+01 8.038259543793934370e+01 6.635678153471803853e+01 4.705955882059021178e+01 6.160147156672536539e+01 6.348855439692759717e+01 5.717364650244310553e+01 3.749672653209707107e+01 3.644409592169671441e+01 5.170632970384198046e+01 5.372567960876946813e+01 6.143925381067514024e+01 5.155548091616331163e+01 3.124364103745985588e+01
1.090723738889857088e+02 1.160865383573261340e+02 1.182832092757281686e+02 1.122727783191599116e+02 1.105211485151178294e+02 9.197253073815252833e+01 1.105211485151178294e+02 1.039017279745487059e+02 8.335465918428626253e+01 6.918819461722419817e+01 8.937275629944755906e+01 1.037525359181847620e+02 1.182995620798377558e+02 1.144689202063805595e+02 1.181412509015030565e+02 1.062089759646707705e+02 8.940920076905062785e+01 9.387391682832405593e+01 7.396203797393940249e+01 6.277793636419947632e+01 7.704338421395179637e+01 8.528417738732919418e+01 9.903515759864963286e+01 8.798047141847885655e+01 7.228012571183963075e+01 5.308629687218067517e+01 6.635678153471803853e+01 6.281069347074283371e+01 7.120516482164293848e+01 5.136306686219719353e+01 5.682081976148162283e+01 4.728591287769130957e+01 3.494950111503039381e+01 3.387777167136173517e+01 5.194871170695437712e+01 4.973980911555799622e+01 3.008413282585524939e+01
1.136203352483248494e+02 1.192957076330237527e+02 1.075878478179455726e+02 9.199566971421131711e+01 9.199566972742326243e+01 8.186940526915829253e+01 1.021219342300212105e+02 1.025453042644085571e+02 8.506449304366348940e+01 6.496073880424026470e+01 7.488859252164847646e+01 8.920550975652986381e+01 1.085501496424109149e+02 9.439209886830794005e+01 1.085501496424110002e+02 1.177991066922975421e+02 1.094322656635835358e+02 1.021591351038610327e+02 8.651149411859408644e+01 6.668693698359929556e+01 8.066461247529660739e+01 1.006271150794329969e+02 9.362880739676606368e+01 7.411031431796216395e+01 6.058594013944891543e+01 6.263831452660527077e+01 8.038259548049082071e+01 7.641023418780194731e+01 7.944597535395691068e+01 7.120397810855268972e+01 6.953711444417935184e+01 6.009988316479656589e+01 5.377922982379877226e+01 3.417709302576212593e+01 3.234898097565292829e+01 3.141177293940701887e+01 3.740421107712631965e+01
1.195126436850192420e+02 1.109034490369199517e+02 9.061742510604624101e+01 7.894841798898033858e+01 7.177902072033606373e+01 9.199566965003023711e+01 1.025453047381695342e+02 8.212243077437751992e+01 8.126180955832124653e+01 6.116411766007682616e+01 8.126185411327456620e+01 9.780136593443495485e+01 9.956538132455719392e+01 8.013794224281768663e+01 9.956538132455719392e+01 1.038490119508829537e+02 1.121158654342592484e+02 1.028128584974836457e+02 8.284784571478738258e+01 7.208743936746117242e+01 8.284784571995450619e+01 1.028128600895049516e+02 8.954614479862345888e+01 7.010815236577886367e+01 7.982714858220118970e+01 7.619283380429709496e+01 9.008726498234408098e+01 9.595579312484119328e+01 8.328250256375034155e+01 6.930110333750680240e+01 6.111613825684964496e+01 5.637015122717905768e+01 3.672608195670662212e+01 5.373298264642883737e+01 4.192727935761309510e+01 5.121963082236791109e+01 4.572557513422820819e+01
1.021053917657680330e+02 1.104455997383965382e+02 1.007060396726732137e+02 8.045809417004085162e+01 6.616126029000265873e+01 8.638855952395233828e+01 9.905374306161957065e+01 8.587009761569966315e+01 6.572342286085918772e+01 5.751712970119402968e+01 6.910291245399018578e+01 8.932385607687250229e+01 9.126802968018449747e+01 7.111210660245228610e+01 9.126802968018449747e+01 8.373121709590648720e+01 1.005278595828681034e+02 1.111068064168978538e+02 9.781385164657123710e+01 7.783823480066300249e+01 9.781385164657123710e+01 1.111068607657777818e+02 9.775516728183248460e+01 7.972013707643966995e+01 9.775516728183248460e+01 9.575321528388936088e+01 9.197590939436743440e+01 8.381248962535194380e+01 7.221907875746687466e+01 5.531969112188912163e+01 4.135973840153805980e+01 3.941896660547072884e+01 4.192408752069615474e+01 6.124250127199711358e+01 6.117191275431552810e+01 6.003709734684520782e+01 6.099954830542535689e+01
8.192550661754131625e+01 1.003622241154821779e+02 9.638923800832095878e+01 7.614743666207066042e+01 6.182189929602702705e+01 7.041722148663700409e+01 8.473624544202179720e+01 9.433355233874419810e+01 7.447453627960841516e+01 5.432856784564569352e+01 7.447453627960457823e+01 9.148158109291105688e+01 8.489416696868433121e+01 6.470091408610652195e+01 8.059376756753538018e+01 7.207252842888338762e+01 9.223399734416584295e+01 1.032248966831686658e+02 1.060991487110470501e+02 9.781385164657123710e+01 8.852871404513409459e+01 1.084762674258720523e+02 1.076188528295385396e+02 9.937215252080734729e+01 1.076188528295385396e+02 9.518469297590178257e+01 7.548745897874451316e+01 6.405597607049382702e+01 6.403639142341995694e+01 4.423024034931471249e+01 6.111613825739429018e+01 5.194775597639957709e+01 6.127765392990695403e+01 5.076645699689731828e+01 7.138806983100477055e+01 7.821800311943697182e+01 7.110616616510768040e+01
7.188086460222383778e+01 8.125306102613062365e+01 8.959728207646719511e+01 8.803532815784402032e+01 6.779115297891695491e+01 5.604885424566993635e+01 7.135020439651236757e+01 7.974285309621745910e+01 7.143571811631657908e+01 5.125108695191335073e+01 6.292503556762613925e+01 8.306152670948858940e+01 7.906487682297321840e+01 5.881861105048983518e+01 6.036055994937985503e+01 6.714027307252362675e+01 7.478814953953894928e+01 8.643432806508248234e+01 1.065483068133239186e+02 1.167753879142515814e+02 1.000356660423727817e+02 1.167753879142515814e+02 1.205821414281803783e+02 1.092176757930701427e+02 1.010490518391835195e+02 1.033512575109842118e+02 8.381248962535207170e+01 6.405597607049382702e+01 5.258481969235703701e+01 4.631114352770333653e+01 6.613803430571927322e+01 7.079608881178086222e+01 7.869915067846986290e+01 5.995152707647005741e+01 7.975815490267130770e+01 7.433690459740324741e+01 5.456799383478139021e+01
8.125306102613062365e+01 6.111098433310677791e+01 8.125306102613062365e+01 9.642753509107012633e+01 8.473678104871359551e+01 7.135020439651236757e+01 5.102275550709581609e+01 6.668676778457337662e+01 6.855075437889462364e+01 4.834613518403985211e+01 6.855075437915121483e+01 7.700309593558448285e+01 6.865761868723816974e+01 5.335911012712506363e+01 7.365383458871671962e+01 8.732051473993324464e+01 9.493549576855227201e+01 1.032248966831686658e+02 1.148086755278857538e+02 1.283240876930693730e+02 1.200063433389500318e+02 1.195034430259739366e+02 1.123925983943675959e+02 9.274499942276594311e+01 8.138491983248141537e+01 8.969595993173371085e+01 9.197590939508238250e+01 8.019097641869873883e+01 6.840378528644279754e+01 4.868054670390183958e+01 4.962051432953352759e+01 8.127027127504069881e+01 8.892512287316047548e+01 7.474015525718181152e+01 8.892554184826872188e+01 8.251715524711718786e+01 7.110680591727000888e+01
7.121514547855831267e+01 5.520109564154322612e+01 7.543854432575287206e+01 9.409613410932716704e+01 8.576238990605654067e+01 7.974285309621748752e+01 6.668676778457337662e+01 4.636536136239741523e+01 6.225227334127324497e+01 4.554447605838558388e+01 6.574755513931420126e+01 6.471165422776209653e+01 4.834452322173653016e+01 6.865761873809172755e+01 8.104934195147421860e+01 8.687548004643799970e+01 9.359223718795462332e+01 1.018846797135128526e+02 1.119235341569633277e+02 1.281628936624841515e+02 1.167942862707433420e+02 9.984547450655239231e+01 9.984547450655237810e+01 9.392057190835481606e+01 8.845877773050011683e+01 6.997716224809443020e+01 7.983656108991395683e+01 7.201960467763713325e+01 5.221494641057228847e+01 6.840378445680362063e+01 5.637531867371601635e+01 7.055956376183056022e+01 9.042146724176458861e+01 9.489078936637282879e+01 9.799493293752124146e+01 8.660545164855288647e+01 7.842892585447086162e+01
5.084655751827450132e+01 4.962747509226257137e+01 7.002985865727208648e+01 8.246334341356228492e+01 6.560173262010744111e+01 8.246334341356228492e+01 7.508383732375912700e+01 6.225227334226637055e+01 4.198444799890331325e+01 4.281877305323489225e+01 6.146343979069661145e+01 4.442306463021431284e+01 6.471165422776209653e+01 5.555056104387952587e+01 6.081983859214670929e+01 6.669314568754356287e+01 7.344196576340455351e+01 8.352936594772893386e+01 1.036551084281805117e+02 1.199559139844757141e+02 1.003156064666862477e+02 8.900379539901136638e+01 8.019479566892921696e+01 7.422779294406909401e+01 6.873168910571375534e+01 6.429583089687758957e+01 6.005868977303322254e+01 5.654040687711958668e+01 7.201960296150198815e+01 5.971549813761531311e+01 7.646782216545751965e+01 6.658419086225666206e+01 8.058726744524210517e+01 1.002651588192641441e+02 8.981121028575245191e+01 7.009651534457253774e+01 5.868539302204659691e+01
5.478092540579550729e+01 4.432770701886843767e+01 6.048621698897857613e+01 6.888021993236620233e+01 5.379822916551093925e+01 7.412262899497395097e+01 7.357833779287042830e+01 5.328803479216350070e+01 3.903989628191492045e+01 5.834230504732044409e+01 4.125029543694860479e+01 6.148350763851345846e+01 5.039511001780283550e+01 7.069891749452652618e+01 8.104934195894662707e+01 8.687548004643799970e+01 9.359223718795462332e+01 1.018846797135128526e+02 1.119235341569633277e+02 1.130565010470730130e+02 1.104239034140020976e+02 1.080061614259201264e+02 9.984547450655237810e+01 8.485105451848569658e+01 8.270058962775152622e+01 8.404766661418165086e+01 6.715361318071455798e+01 7.634029435851373080e+01 8.450614074294227862e+01 6.859120400878927626e+01 6.963526211611824124e+01 8.635124980838573094e+01 8.058728012709025279e+01 1.002667035860766021e+02 9.452635726667084271e+01 7.481111070200101665e+01 7.780164739025387632e+01
7.329817486000651172e+01 6.048621698897857613e+01 3.983130050055861915e+01 5.677648447473809057e+01 4.592849634182906726e+01 6.644053039188317200e+01 6.615453163619116594e+01 5.726395964871676370e+01 3.712201789884064596e+01 3.819648728685844219e+01 5.834230505065946915e+01 6.984390648497164023e+01 5.484314954032740985e+01 7.512471572543256570e+01 8.844009958856676690e+01 9.556270563242907201e+01 1.038497682441100238e+02 1.154301213611582000e+02 1.072554372415523289e+02 9.320996019064851623e+01 9.058498956738803543e+01 1.046257996483825963e+02 1.126851485442830665e+02 1.045113051571591427e+02 1.023602735428513029e+02 9.505006228914916733e+01 7.704804182539284341e+01 9.505006228914916733e+01 9.647775885752459146e+01 8.000398838591232220e+01 7.711497710670811045e+01 9.679478688656053009e+01 1.002667035860766021e+02 1.084324736938458784e+02 1.027168210024377970e+02 9.174233647448976114e+01 7.202722490273684741e+01
6.204711270306562199e+01 4.747477088248529498e+01 5.677648447473809057e+01 3.638850442839533628e+01 5.650360113603602485e+01 6.022194979182565788e+01 4.596909590661233125e+01 5.327071785155092698e+01 3.524164899839415455e+01 4.220526726105485693e+01 5.654135746399290952e+01 7.684938271576079671e+01 6.921358064966628376e+01 6.183949652771875094e+01 6.826581160305413221e+01 7.541691602792737115e+01 8.706228846753651851e+01 1.071744144468927544e+02 9.902287742439943941e+01 7.919308654559654315e+01 7.656716006637360294e+01 9.195100213829284996e+01 1.001787020785598088e+02 1.116377518573146403e+02 1.169805734291009003e+02 1.048956942237383316e+02 9.673125722943987626e+01 1.048956942303057218e+02 1.078429793108826686e+02 9.967507140489826156e+01 9.103858161739067612e+01 9.318721394264194657e+01 1.128466456968682223e+02 1.115373763736254773e+02 1.033408925009035926e+02 9.992896280637435780e+01 9.174233647448976114e+01
