MOVIE_S13_data/elevation_000941.asc
nrows	150
cellsize	150.0
xllcorner	0
ncols	150
yllcorner	0
NODATA_value	-9999
[rows 102 to 118 of 150, columns 111 to 147 of 150]
3.649651310125423720e+01 5.071821488202532180e+01 7.073367933522609974e+01 6.853204199105736905e+01 4.854696312962325777e+01 6.853204199105736905e+01 6.999689624511437103e+01 8.683684631034888923e+01 9.845469331415041836e+01 1.055440192275644051e+02 9.718867582757569323e+01 8.416126416907921737e+01 8.318703134162669244e+01 8.539223722748417345e+01 1.055632067738900730e+02 9.334740923792512035e+01 8.473192535653784319e+01 9.335134985979618705e+01 8.828079258883313685e+01 6.826211023664114919e+01 5.670746413795399121e+01 6.671523254096375410e+01 5.353960935438931301e+01 5.638397161146946246e+01 3.637725072415202021e+01 5.020960881379160412e+01 4.740854083526433982e+01 3.643228465456370913e+01 3.934389645891237564e+01 1.934135548737121724e+01 2.780251860984258272e+01 4.454548069356307849e+01 3.466438586367221575e+01 4.044388755532401092e+01 4.287767287667960403e+01 4.420799937332630947e+01 2.420799937331833362e+01
5.658086361851584201e+01 4.812422616625389082e+01 6.813282180427539458e+01 7.352943650072620585e+01 5.353995727343873057e+01 7.352943650072620585e+01 9.010571150983932398e+01 9.845469331415041836e+01 1.114759408162348109e+02 9.127069690005471614e+01 7.705183143810370439e+01 7.000310430142405949e+01 6.903709557968556965e+01 8.909367910651573652e+01 1.010672253830615972e+02 9.272594139731852181e+01 9.272602970974915593e+01 1.128910253718134129e+02 9.657400780963489240e+01 8.501572402567208542e+01 6.826211023664114919e+01 8.184611588771767288e+01 7.355364481410940414e+01 6.097423063677198485e+01 4.096569007952558650e+01 6.097417321849657412e+01 6.472759764880836997e+01 5.643943162252709556e+01 4.763226672176422483e+01 3.625743756686435404e+01 1.625528848879645949e+01 3.348363841570540700e+01 2.052768601262048520e+01 2.974397914490428363e+01 2.221335217308176269e+01 3.647502596283371901e+01 3.835013500095876537e+01
6.211179675370025421e+01 5.966440754102435307e+01 7.645500972840571308e+01 7.986515606913802401e+01 5.983001469331532007e+01 6.984116217627786227e+01 8.403629076988600843e+01 1.041940961638165248e+02 1.136849216486073715e+02 9.348122918208383680e+01 9.311279773141370697e+01 7.302136404423518456e+01 6.152694305271728581e+01 7.561943551018887888e+01 8.113028825927979426e+01 7.264128510525831928e+01 9.272562488037715411e+01 9.870093791207922607e+01 9.029551006677765201e+01 9.657400780963489240e+01 8.828079258883313685e+01 9.265599115169578681e+01 8.370376525738090834e+01 6.597694435324599738e+01 4.596608948734974831e+01 6.597694435324599738e+01 7.219336241438993795e+01 6.063868102885555800e+01 4.381802827828235536e+01 2.381459294935785920e+01 3.348362600122400323e+01 1.348178750771525181e+01 1.158347151621123494e+01 9.742322280414814628e+00 8.027336428989782391e+00 2.555504006981029264e+01 2.403912806112626299e+01
6.595404246287633043e+01 7.970090507557627291e+01 8.803891984545218463e+01 8.821247910527520730e+01 6.980534350878208727e+01 7.616937711955392842e+01 9.630948659690605496e+01 9.811808277688913904e+01 1.064632086209180102e+02 1.136849216486073715e+02 1.014645411072098682e+02 8.985266269588827015e+01 7.561943551018887888e+01 5.566123549573005391e+01 6.113668627680814893e+01 8.113028825927979426e+01 8.690920963081308059e+01 7.845304367384650845e+01 6.978123285124061681e+01 8.689260849802640507e+01 9.852067865752275111e+01 7.850040062751364189e+01 6.434656719732346630e+01 5.539717423549254960e+01 5.751740861711936503e+01 7.426823491675152411e+01 6.390110513729950270e+01 4.389141163382603850e+01 3.234281215272433485e+01 4.381802827828235536e+01 2.981258689960016639e+01 3.348363841414885655e+01 3.158514588541539325e+01 1.474232215757343667e+01 2.530190927834336279e+01 5.636879210321014355e+00 3.975969613246221890e+00
6.994336077195949031e+01 8.401452763396324031e+01 9.236698793276904951e+01 9.828446063903902541e+01 8.401677419363510069e+01 9.630948659690605496e+01 9.487091097357067326e+01 7.806799443845594055e+01 9.487091097357266278e+01 1.059947595841083654e+02 9.232645129774351744e+01 8.246582694848963513e+01 7.170531045908134615e+01 5.174782769747169198e+01 6.706530944421466245e+01 7.537639630020183290e+01 7.503224056279870524e+01 5.784084399750585703e+01 5.784084326405351817e+01 7.845135318391544388e+01 9.547219992072970740e+01 9.265599115169578681e+01 8.370376525738090834e+01 7.541204483859694108e+01 7.753288507301734001e+01 8.582459561749624299e+01 6.649802395745092554e+01 4.648754205816706531e+01 4.648754205817806451e+01 5.810728957177619947e+01 4.981792900259849688e+01 4.250158582237389027e+01 2.258680619867526573e+01 2.887373107569835895e+01 3.351337487567263906e+01 2.561936057191492111e+01 1.164229005803954742e+01
5.644109717453643782e+01 6.394247250820190942e+01 7.549431842162319128e+01 9.565357133364177855e+01 1.041929229757527509e+02 9.904434022526578474e+01 7.897886747318045764e+01 6.653030790882142753e+01 8.654215887741898428e+01 8.972089212887124177e+01 7.829066342337523565e+01 6.422423908299737150e+01 5.426376147587874499e+01 6.270919026316228440e+01 4.710311598667895083e+01 6.706532405632334815e+01 6.655186658817996204e+01 4.612757959484420667e+01 6.635503180270431756e+01 6.817028721557397830e+01 8.549356322227605176e+01 7.716595822957093276e+01 8.549356322227605176e+01 8.432599019243176031e+01 7.599015797073981560e+01 8.432599019243176031e+01 7.478981999954412174e+01 6.649802395745092554e+01 6.649802405410576966e+01 6.529947711361820950e+01 4.561340592769811053e+01 3.152833060119246156e+01 4.250159279580299909e+01 4.873277153883181256e+01 4.733462376136114358e+01 2.789078540328607758e+01 2.924628662099656040e+01
6.305271817098547871e+01 7.642796022291112479e+01 9.236698793276904951e+01 1.040092097595892113e+02 1.046039288585185574e+02 9.628858974970870577e+01 7.897848261062726749e+01 5.897230677585250902e+01 7.044779618185678771e+01 6.956757981389426959e+01 8.356643953535129299e+01 7.855172720635351880e+01 6.270921074410031792e+01 4.275053206931706029e+01 6.270921268373605528e+01 7.537562148488225944e+01 6.080583753472498643e+01 4.066412705060100308e+01 5.016417343051782041e+01 6.167238074022610306e+01 7.179001784511399364e+01 5.733310873482397341e+01 7.553733905758979006e+01 7.429646170264541638e+01 5.595819976350532698e+01 7.429646170264541638e+01 7.813847599667634825e+01 6.976131385920534456e+01 7.813847599665317034e+01 6.530086987886402028e+01 4.561341797391424535e+01 4.561340591394992572e+01 5.949668642473641711e+01 5.614755322824483841e+01 4.767135584337854937e+01 4.733307958813649918e+01 3.448455741897177518e+01
7.459689178716588742e+01 9.146624491534205958e+01 1.049064352342775805e+02 1.065012649978311430e+02 9.628891883276607189e+01 7.624667559061920485e+01 8.211721145413594058e+01 7.044779618185678771e+01 5.043928298345591088e+01 5.543964458693638875e+01 7.363615651644697380e+01 6.440332183301082125e+01 5.025454370310056618e+01 4.000271971893140943e+01 5.994208067293866549e+01 5.968916475969052726e+01 5.040387460661396801e+01 3.557585533246010101e+01 4.614232100832374783e+01 4.174691985297762642e+01 6.250182092783018106e+01 4.779340871780652122e+01 6.724953348219746374e+01 6.597417886712254642e+01 4.603579861554275254e+01 6.597417886712254642e+01 6.811720863227181155e+01 4.979405155890774637e+01 6.811173502914024880e+01 7.338463855730358887e+01 6.530086988113041002e+01 6.529946160366711183e+01 6.205262226243336698e+01 4.178906451688717283e+01 2.759189529735316881e+01 3.495571763698811196e+01 2.960014252993673978e+01
9.475232746051803190e+01 1.031043770319482036e+02 1.123887327562669753e+02 9.226046927485582216e+01 7.811367383010184540e+01 6.918011470765817705e+01 6.211256399234484604e+01 5.711110062733779813e+01 6.544683290204109483e+01 4.543853929348774301e+01 6.097143219593701247e+01 5.610559883195561071e+01 3.621958694740441587e+01 5.244503687034529094e+01 6.073653079590498294e+01 4.761307658712021151e+01 2.922066358849449941e+01 4.364525751658033670e+01 3.374638531955063314e+01 5.161829692649035906e+01 5.159481016789437291e+01 4.084221152715098668e+01 6.033432204056450132e+01 5.932805211659601952e+01 3.948335068902634504e+01 5.932805211659601952e+01 5.977764889775191648e+01 4.002872446621732649e+01 5.279311879788772188e+01 7.274678289861046210e+01 6.283362818219799095e+01 5.465318690661175793e+01 6.283362818218597567e+01 4.913328328361404118e+01 2.908317766472598720e+01 1.493502609828799343e+01 9.589795376205493938e+00
1.044741875077305906e+02 9.984400545654290227e+01 1.057589264889579681e+02 1.065012649978311430e+02 9.752432046026063972e+01 8.919274461123333708e+01 7.624668247146529154e+01 7.711608318575392218e+01 7.375408478762230402e+01 6.097143219593701247e+01 4.098452311376210133e+01 5.670899624518805382e+01 5.244501881275267152e+01 3.264759471542780034e+01 4.891832489078172586e+01 4.481154016673399099e+01 2.519968385513270448e+01 2.405902705391556751e+01 4.187312802914730270e+01 4.457402117125948848e+01 3.235925301818664224e+01 4.571734781214438925e+01 6.578425949948329787e+01 5.359938026099843711e+01 3.382019130651457317e+01 5.359938026099843711e+01 5.279504360122916040e+01 3.300514105416749544e+01 5.279501343600258423e+01 5.984391510789987478e+01 5.303175992134665506e+01 3.510975812005113283e+01 5.303175992134665506e+01 4.913328328360144326e+01 2.908317766472598720e+01 3.495571763698811196e+01 2.960014252993673978e+01
8.429169185499976891e+01 7.968540571197030431e+01 8.558972287793012867e+01 9.105701432109067639e+01 8.559746875522127141e+01 9.394820612364820533e+01 9.628992214240400926e+01 8.693952128947942981e+01 7.860071166872270965e+01 6.927294699806384415e+01 5.670899626317269338e+01 3.677741149704817758e+01 5.261022207466955791e+01 4.891832490364749475e+01 2.923003879660259585e+01 2.687499531195548030e+01 4.481154031085777234e+01 4.204323207205719370e+01 2.246098081641374478e+01 2.552921119937482430e+01 4.457490994889050739e+01 5.994211158580676369e+01 6.254874064445002801e+01 4.267009517592310175e+01 2.871111175863125808e+01 4.189864830563816867e+01 4.730635012064954026e+01 2.717462757191128020e+01 3.995532866811427652e+01 3.993768605718009468e+01 4.488146585095089591e+01 2.554133099649068939e+01 4.488147251333144538e+01 5.745759358413593532e+01 4.913328328360144326e+01 4.056224014752763196e+01 2.056224014752692497e+01
7.009416445411328311e+01 6.550619470303990965e+01 7.979210768070427662e+01 7.094357388215969706e+01 6.550843896952432033e+01 8.233771980175356475e+01 8.174200539897989870e+01 7.860071166872270965e+01 5.853617695172385282e+01 6.441294310895627007e+01 5.434894008047724157e+01 3.444840281625425860e+01 3.276551458274113315e+01 4.850180953410191620e+01 2.880339062116329174e+01 4.651801588155176859e+01 5.346181657032358459e+01 3.368406984668890658e+01 4.046880665772692254e+01 2.087570077399920621e+01 3.894116977399992408e+01 4.717870761332589069e+01 5.513170556350069518e+01 4.686116671627869579e+01 4.189864830563816867e+01 2.205402949478479968e+01 3.577446652829105034e+01 3.345248641136668510e+01 1.940614586549624221e+01 3.983695024568483234e+01 3.836912994975211433e+01 1.912559864453553615e+01 3.843475586817534406e+01 4.011192346030367162e+01 4.836329303104898969e+01 4.884651139498982531e+01 3.729950601119710996e+01
8.466183351960549430e+01 6.458343941397386345e+01 5.973375013309224357e+01 5.678392883694297666e+01 5.395265661222875764e+01 7.017636247681740258e+01 6.166364144290678695e+01 6.528935668742229836e+01 6.441294310896120123e+01 4.438786718380811891e+01 3.688228966871911041e+01 5.434894008047724157e+01 5.051826687165866048e+01 3.074678641163909276e+01 4.447180730381253966e+01 5.664517260840055002e+01 5.346143199418074943e+01 4.761484854492837826e+01 4.871344023213684693e+01 3.894116977399992408e+01 1.933251381164405203e+01 3.742361644420883238e+01 3.645422134212812892e+01 2.716197830713879569e+01 4.365095185848664272e+01 3.577446652829576834e+01 1.599501971287133628e+01 1.372268962159449579e+01 2.945645164163533636e+01 2.861900113431518378e+01 2.764831337809998502e+01 1.347202807984225714e+01 2.568965158191931053e+01 2.006011984884472810e+01 3.981491583704296033e+01 4.356211044697779045e+01 3.424365419195388682e+01
7.214532219257019108e+01 8.466183242722368618e+01 7.128998714382281321e+01 7.683466419373084477e+01 7.017636247681740258e+01 5.013237586678908997e+01 4.750067553812316135e+01 4.524793372740243314e+01 5.944871840843015320e+01 3.944461287798262106e+01 5.642706607823087239e+01 6.514249318760950302e+01 5.756690019251105639e+01 3.762990316515178790e+01 4.898766951672340042e+01 6.939378079106938912e+01 7.345163885537610327e+01 6.757806544338473032e+01 5.939285127710692080e+01 4.688167576970150918e+01 3.742366063905119233e+01 1.779694370543790072e+01 1.681460821231271652e+01 1.583345881439695546e+01 3.405337309183330774e+01 3.972947927099145460e+01 3.029817453335192567e+01 1.054239359012164279e+01 9.696596157291994089e+00 8.854447317780612892e+00 8.014527610807254732e+00 2.028867259876014728e+01 5.691029957142587747e+00 1.960969673178069783e+01 3.204560956846248843e+01 2.679529253441780412e+01 2.562022349853489445e+01
8.217728493254291777e+01 9.976202282826282897e+01 9.140621941404543804e+01 8.871009101426898269e+01 7.442165460684473999e+01 5.437103598567298235e+01 6.754445798419649805e+01 6.214015007208526242e+01 4.210940571603151028e+01 5.890865612856021727e+01 5.358460376294790706e+01 7.368561769251888904e+01 6.588074975708329362e+01 4.755554448378160970e+01 6.588074617047682580e+01 7.792275606124401577e+01 7.276016494175246407e+01 6.122609683424227001e+01 5.075677149333318994e+01 3.211492319605215329e+01 2.108882901814898503e+01 3.692522537200976274e+01 3.645409292006253565e+01 3.412828312461731883e+01 1.444991094025448497e+01 3.153274474144120276e+01 1.179885106963759611e+01 3.029817122338107183e+01 2.367883045383492302e+01 2.862449403621636179e+01 2.695391821230134966e+01 6.828790078995740309e+00 2.456734155545106546e+01 4.571244952072436973e+00 2.344793639247796690e+01 2.233793647096668167e+01 1.111853787197848220e+01
1.023570779668325343e+02 1.087022875918698475e+02 8.871009101426898269e+01 6.860589352736116098e+01 6.193527788300055192e+01 7.442165460684471157e+01 6.971703199625156344e+01 4.967048817195728816e+01 6.214015063015250462e+01 4.995603852184142113e+01 6.997895700801447560e+01 7.369657776559328966e+01 7.590362344113545134e+01 6.757827985241431179e+01 7.590313196101342896e+01 7.792590600511113053e+01 6.443920238708932402e+01 4.451210604954066952e+01 3.316817559007818517e+01 2.449028802552264494e+01 4.068857491005887539e+01 4.857333704131446694e+01 4.638632214094047157e+01 3.497910866173290856e+01 1.531975891572898085e+01 1.306539340805364269e+01 2.382879883319494496e+01 3.875993325837573877e+01 4.340493271795884311e+01 4.429741397969451100e+01 3.073261585422145714e+01 9.746431591871065336e+00 3.005395781995013849e+01 1.893047574761935437e+01 3.454953809288509703e+00 2.672293329143607732e+00 1.891424519715037667e+00
1.146342104049181216e+02 9.443472678560291911e+01 8.018834060266252095e+01 8.200869191556775206e+01 7.611020901053116461e+01 7.827290359022651955e+01 5.820760610853529471e+01 6.971703199625669356e+01 7.601623474391493573e+01 5.599284973773408325e+01 7.601623474460788543e+01 9.387983023401487515e+01 8.677352516643276203e+01 7.684352430864815631e+01 6.857312434845783855e+01 5.817714038694149536e+01 7.220415768124514955e+01 5.871177640709673540e+01 4.662970810438208957e+01 2.699179531855993730e+01 4.662970810435416524e+01 5.212344658694193100e+01 3.237857280567585150e+01 1.854255891370936027e+01 3.497910864330258107e+01 2.444919192359995819e+01 3.951845006972018126e+01 4.906497065127494750e+01 4.960606219989617216e+01 3.567205291258689925e+01 1.442673080769617755e+01 3.073261585422146780e+01 2.145236668757544507e+01 2.955304294173508595e+01 1.043085411659982142e+01 2.267404602425249749e+01 2.432747718830287553e+01
