MOVIE_S13_data/elevation_000431.asc
nrows	150
cellsize	150.0
xllcorner	0
ncols	150
yllcorner	0
NODATA_value	-9999
[rows 17 to 33 of 150, columns 74 to 110 of 150]
5.293084902192724428e+01 6.945915081307391858e+01 6.254737519124890355e+01 5.438563095455766216e+01 7.405363268942957689e+01 6.931441970918447737e+01 8.345467621159360760e+01 8.761567706022867696e+01 8.058808009986941556e+01 6.058666736509982087e+01 8.058808009986941556e+01 8.249681755514204440e+01 6.249488384654954132e+01 8.249681755514204440e+01 8.436680667883419460e+01 8.184837162956695522e+01 7.382151637575010739e+01 8.113747382824789156e+01 6.757377140365012735e+01 4.843494000199446958e+01 6.757377140365015578e+01 6.282215967203280371e+01 4.203461322796682964e+01 2.822503794479717953e+01 3.483901072438029445e+01 3.095544135333854641e+01 1.172933107721289048e+01 3.178270144922341345e+01 3.717593286471581138e+01 2.038743202917986608e+01 2.284262522840381138e+01 2.539348854109544362e+01 2.801323970293484322e+01 4.810375769135350765e+01 6.025218228249397612e+01 7.030721622116773517e+01 7.850673846042121795e+01
4.324848087963808752e+01 6.139422371036745574e+01 4.193755883362528181e+01 5.705591772362070202e+01 6.171948748537167262e+01 5.539587771645741299e+01 7.353439344283721368e+01 8.345468101771588465e+01 8.887211390902353969e+01 7.213355046303173879e+01 8.887211390902353969e+01 9.078071915266809810e+01 7.404221172628149361e+01 9.078071915266809810e+01 8.713737867754861099e+01 6.830590561565247754e+01 5.489353510543754311e+01 6.336923315220769126e+01 5.730647573492254310e+01 3.905964719766964066e+01 5.943794039096777482e+01 5.913278493410749803e+01 5.641276419105932405e+01 4.801327603049259807e+01 3.645803672468197476e+01 1.256390912500395274e+01 1.845512991617228948e+01 3.546860547177308121e+01 4.850460868069062315e+01 4.050749122882149322e+01 3.292103399533181118e+01 4.545998848808017812e+01 4.810375769135350765e+01 3.191710167957539568e+01 5.200621132939680535e+01 5.034556350590197127e+01 7.030721622116773517e+01
5.050244141183876678e+01 5.103438196033371810e+01 3.547216440675317983e+01 3.862414917614096765e+01 4.196803462872458113e+01 4.551070007700739950e+01 5.539587771645741299e+01 6.931441970919466655e+01 8.921877897374467636e+01 9.213718236083801116e+01 1.004200144921983622e+02 1.023285810880323226e+02 9.404602389634943904e+01 9.687174522312449199e+01 8.879077512738741973e+01 7.483659912725160268e+01 5.504869013768413311e+01 4.323003602676595847e+01 3.728243754034535584e+01 3.181291578608958304e+01 4.686734658085165961e+01 3.855256100276209708e+01 5.217578892777169131e+01 5.154196363614560283e+01 2.891737281058220077e+01 1.315456703644296255e+01 3.119253559291956179e+01 2.806475800407863730e+01 3.737744029200328555e+01 5.471299415714614156e+01 5.295112546145865906e+01 5.293090643184237365e+01 6.025218228249397612e+01 4.354657896657238325e+01 3.611691791599752577e+01 5.619219622251243607e+01 6.711010332336533679e+01
4.470318151115961314e+01 3.158873180570195061e+01 5.103438196033371810e+01 5.833426571382070591e+01 6.172118914375093368e+01 6.527007463953275135e+01 5.177822987394953458e+01 7.150970803564740663e+01 8.509037427536010512e+01 8.509037427536011933e+01 1.052373897628341695e+02 9.802580466655604141e+01 8.994560130458224023e+01 8.564808199606220285e+01 6.937949727198278538e+01 8.296590337455543818e+01 7.149457771299869080e+01 6.336923315220769126e+01 5.776608881082055547e+01 4.686734658085168093e+01 2.579435190080468487e+01 2.349364937074657078e+01 4.132975926623609553e+01 4.322509040450585616e+01 3.176171326174956633e+01 1.374452498023455149e+01 3.250010370805969018e+01 4.459913000689818574e+01 5.211794215635899263e+01 6.279997858146808909e+01 6.682130953556728059e+01 7.266210818026874563e+01 7.177734373954926639e+01 6.356228404369191765e+01 5.034556350590197127e+01 4.074748470561613090e+01 4.712526753079422548e+01
2.788430427218623819e+01 3.041870300007621353e+01 4.985777806245880583e+01 6.201889141358461188e+01 7.347698701668529964e+01 7.979912047420215515e+01 7.150936279001585660e+01 5.875116950790027204e+01 6.528221479264634297e+01 7.920835483038594305e+01 9.929082539355896131e+01 8.994560130458224023e+01 7.056538234707284118e+01 7.624171705884735672e+01 5.800074245574388954e+01 6.519833863851351907e+01 6.161406956684267300e+01 5.834094495829968707e+01 5.097496647781797918e+01 3.003013118972614848e+01 4.686695917889647944e+01 4.132900523212488508e+01 2.037426057582262828e+01 3.526793884913718813e+01 1.457410439579577677e+01 2.554353019805916958e+01 3.221021019405596775e+01 5.212637239193938399e+01 5.055899640636698678e+01 5.875498828381729055e+01 4.699917029368970134e+01 5.980991106645223709e+01 6.805751367130490337e+01 7.850673846040680814e+01 6.901111769262311668e+01 5.236189796346885572e+01 4.669601640583124436e+01
4.718760858483451415e+01 4.985777806245882715e+01 3.415446912727583850e+01 4.541049936544085597e+01 6.522151351563653066e+01 7.448028635801371422e+01 8.441965551573818516e+01 6.674798318229042593e+01 8.509036818788386825e+01 8.509037427534823905e+01 1.020789221132489359e+02 8.994560130458224023e+01 7.056538234707284118e+01 5.666816528452469726e+01 4.954781088079371187e+01 4.524197303533748027e+01 4.143717439717882201e+01 3.791749594188138417e+01 3.447936104031026616e+01 5.097411991577781976e+01 5.589380714106401626e+01 3.529822253697970069e+01 3.825946547262326192e+01 1.742924894434374394e+01 3.472947120080480232e+01 1.543647946924463454e+01 3.526680383447722278e+01 3.790606420372163399e+01 3.072203728484703689e+01 4.436138148846011120e+01 3.300501375559914408e+01 3.999686219514585162e+01 5.143412833880476143e+01 7.125144304899758652e+01 8.049738022882880273e+01 7.230381385405260630e+01 5.827685838160779497e+01
5.944926001873903232e+01 5.929509157027973032e+01 4.027461627573362790e+01 3.876796196827637431e+01 4.637278886864626060e+01 5.630274030008497732e+01 7.614520434399341298e+01 7.656429857026320462e+01 9.496184930754100151e+01 1.052373897625097356e+02 9.398749236306889543e+01 7.467030759177737309e+01 6.491915099532214128e+01 5.743469365754848610e+01 6.932142146313255182e+01 6.519833863838040600e+01 5.068451206031664924e+01 5.834094495829968707e+01 4.261344755039334586e+01 6.277034603443289740e+01 6.408699944849712438e+01 5.589210140568377483e+01 4.669721809319072747e+01 3.825948976641687693e+01 3.597321101659103704e+01 1.613960440792302009e+01 1.713849143952716503e+01 1.831927454281195722e+01 1.946837366690398952e+01 2.459383275457190976e+01 4.436222334567295178e+01 5.980991106645223709e+01 6.805751367130490337e+01 7.952595311026328773e+01 7.894013047440603259e+01 8.635130754643192574e+01 7.816997345489153304e+01
6.547872519542850966e+01 6.485191315700677706e+01 4.018819502678640276e+01 4.291571508978863392e+01 6.277453833701057562e+01 7.448028635812042353e+01 8.442386497969766879e+01 9.660923484623039315e+01 9.660919748051611577e+01 1.168999644659278800e+02 1.020789221174270978e+02 9.238851350856147349e+01 8.432889997741530408e+01 6.729912606335811631e+01 8.504701760357895068e+01 7.852709647890699785e+01 6.221481598068193364e+01 7.088481012178598917e+01 5.444322571815670386e+01 7.088481012178598917e+01 6.178665852551152682e+01 5.307071779674221546e+01 4.540204559632088177e+01 3.697207460553810421e+01 1.714111023125465039e+01 1.921335015649961520e+01 3.669419908586183965e+01 3.790615104783380218e+01 3.913023155135824283e+01 2.114558172448244378e+01 4.094060596131049579e+01 5.820488779342687025e+01 6.650739421424998454e+01 7.307133808531099817e+01 5.893966710045342694e+01 7.307133808531099817e+01 8.040626658022665652e+01
7.276913503412446005e+01 7.165583443321406776e+01 5.103763650986292788e+01 6.277453833701057562e+01 4.905434419868075935e+01 6.889863569923970488e+01 8.319898580420932888e+01 9.149406070058707030e+01 1.030254811700178266e+02 1.148710591224371598e+02 1.006639678194569285e+02 9.233967800272978366e+01 9.475366325383681954e+01 8.668628281195215379e+01 9.475366478102969836e+01 8.978090533091291547e+01 8.171429923869030176e+01 8.222782547287053490e+01 7.414663484645460301e+01 7.042144708488291371e+01 5.337200573126327185e+01 3.339363474135450360e+01 3.273645552104675005e+01 1.814871617611247601e+01 3.697479335622627872e+01 3.084149636628857039e+01 5.060794792331687830e+01 5.348044017977279196e+01 3.380550886430252433e+01 2.236990514276294562e+01 4.223077365397237060e+01 3.826202886643877576e+01 5.820488779342687025e+01 6.479573081659549416e+01 4.478541054066346305e+01 6.479573081659549416e+01 6.034674088438983119e+01
8.147654663151786281e+01 7.935756807398433921e+01 5.946202877810829079e+01 7.715810732355626556e+01 6.889863569925518050e+01 5.586937066654232353e+01 6.336057911788716979e+01 7.477938660341496302e+01 9.470037220957102875e+01 1.061993490610086752e+02 8.646021590718397931e+01 7.233931216600915093e+01 7.969032041227758612e+01 8.799634512775303108e+01 8.440624511031067811e+01 9.271808304006997048e+01 7.882534453810625052e+01 6.886818963512844505e+01 6.061886128386485240e+01 5.385498445914824828e+01 4.267052804853639714e+01 3.898633038152647146e+01 1.916281945521792451e+01 3.797888173701160497e+01 4.624023766639878374e+01 5.101081701675386171e+01 5.930306294510813814e+01 6.156728376239998823e+01 4.976668387420682649e+01 2.986508888920617366e+01 2.424380710894387647e+01 4.410315700990693699e+01 4.737920222016315108e+01 4.876981503436962839e+01 3.725024321650023751e+01 5.619749878226672735e+01 4.618658090499654634e+01
9.400574700375157988e+01 8.764907185936021961e+01 7.094874650854839615e+01 8.764907185936085909e+01 8.231210179249038106e+01 6.247824362675081034e+01 8.231210179252852299e+01 9.149406071500470716e+01 1.002766074135254399e+02 8.613610860989884088e+01 8.613610861009041741e+01 7.969032042361914137e+01 5.986220739776730682e+01 7.034325235992191949e+01 6.451817003263157346e+01 8.440624511356374171e+01 7.057546504250548480e+01 5.066225752522418446e+01 4.032723080971510399e+01 3.293653067950563695e+01 3.051798380237716657e+01 3.956089609616898883e+01 1.988380288029389220e+01 2.605148312334727478e+01 3.265007344332928341e+01 4.602069358627803553e+01 6.588895947287464594e+01 6.407510657612675686e+01 4.394359475005069271e+01 4.983796143016375879e+01 3.310029954834323007e+01 2.619958358054965331e+01 2.757735391222772847e+01 2.895692980148900730e+01 3.032115120177158829e+01 3.621377733090448459e+01 5.620431041915559689e+01
8.532486158644135799e+01 9.374263717349178648e+01 9.084717996844182153e+01 9.917422080058452138e+01 9.060531847783015280e+01 7.236360347428528428e+01 9.060531848063371285e+01 1.002766074135254399e+02 8.021211324423246936e+01 8.389401652625673478e+01 6.621106083696885491e+01 7.204697221432823540e+01 6.794811354189504016e+01 5.073849670949190482e+01 6.451817003263172978e+01 8.440624511637187766e+01 7.882534453810625052e+01 6.886818963512844505e+01 6.061886128386485240e+01 4.928147802390295595e+01 2.425322753782420548e+01 2.091315374599561494e+01 3.970118251384185015e+01 4.500278540317718523e+01 5.171168309846714806e+01 4.602069358734807025e+01 6.588896049004019062e+01 7.241172177550537015e+01 6.407510657612675686e+01 4.933109017082600189e+01 5.299598811430571743e+01 4.601918867472726760e+01 3.497657759822183721e+01 4.876981503436863363e+01 4.723210752455670303e+01 3.235016624257157503e+01 5.228679712641345390e+01
6.639925217319249384e+01 8.341136482833947241e+01 9.156884164356189615e+01 1.028650187007421550e+02 1.005832602490995527e+02 9.226092697163046807e+01 1.005857674452773267e+02 9.547187876349737223e+01 7.541843312322096438e+01 6.395832671631966093e+01 5.706008281811399740e+01 5.238953658329926810e+01 4.841060231064409436e+01 4.613722818007104109e+01 5.910467348540932164e+01 6.540603951505367775e+01 7.907142928198132381e+01 7.309151335511785419e+01 6.552244562433921260e+01 3.883434921309792998e+01 2.195445726051468682e+01 3.746668809893704832e+01 4.453403873836578697e+01 4.790081853296124592e+01 5.622067764180211924e+01 6.588896049004019062e+01 7.420932645594263022e+01 7.535410296505412475e+01 7.768871799356115559e+01 6.935472177479432787e+01 6.757545839785703379e+01 4.755572549578199215e+01 5.491473195344893554e+01 5.950887566973829479e+01 3.956610373850701023e+01 4.841155128586097334e+01 3.451544271582884704e+01
5.679865902439482994e+01 6.406031211267472258e+01 7.515656956850713755e+01 9.468681886861743635e+01 9.007395864378490558e+01 9.836448591283911469e+01 1.083480821367129892e+02 1.037985078877435541e+02 8.752258676905174184e+01 6.754793408022257495e+01 7.684568580028000895e+01 6.982582230865216388e+01 5.023733723380680516e+01 4.307848630285131719e+01 3.995951719056465379e+01 3.961139533233399135e+01 6.241006093535183652e+01 5.419847369993930641e+01 5.708330219281158691e+01 4.719419258090813685e+01 4.080689718439123936e+01 2.299642770267984204e+01 2.548082549092530158e+01 2.802285627089688447e+01 4.790081854636284220e+01 5.493546798524607766e+01 5.798603161903992742e+01 5.530995792733420302e+01 6.952629156038911162e+01 8.370977953075262690e+01 7.586909465326912994e+01 6.170565206416328152e+01 6.765423666847971162e+01 4.770225847973738098e+01 5.950887566974417098e+01 5.407182453448498194e+01 4.864738235351540396e+01
6.823798147541265280e+01 8.341136482833947241e+01 8.846092469910620082e+01 8.021437924191373270e+01 7.035479984006501297e+01 8.011020779958514026e+01 1.000377094880346647e+02 1.017139956167952448e+02 8.164431275513499031e+01 8.752258676905174184e+01 8.388083517239904552e+01 6.400404536115880205e+01 6.982582230865216388e+01 6.242207087028928214e+01 5.548586962049803617e+01 3.653922362235077514e+01 5.202975674143407758e+01 5.028065228262614283e+01 3.837758033839433125e+01 4.393700206386290574e+01 2.408229403278425451e+01 4.097839662890711310e+01 3.851340626874350193e+01 3.491790235064949144e+01 3.206091877672125889e+01 3.500348739695100875e+01 3.807270408432585640e+01 4.130440216528900521e+01 5.531020207885136841e+01 7.450801998281872329e+01 8.610877306821257093e+01 8.173949578401544613e+01 7.397201424636675426e+01 5.399344738582411196e+01 7.397201424637266598e+01 7.388518012244414024e+01 6.869127094539987866e+01
7.436243753276718849e+01 6.863077488306906560e+01 7.227162572805823970e+01 6.075856603905577202e+01 8.021437924191373270e+01 9.836448591283911469e+01 1.083480821799607980e+02 1.100429889749994317e+02 1.017139956167952448e+02 9.631420786147718616e+01 9.219105181392066584e+01 8.388083517240039555e+01 8.010522834504696732e+01 7.775782402634466450e+01 6.192580165823811456e+01 4.766548067035075320e+01 3.317575390317147566e+01 3.142273722638765321e+01 2.968386918055645296e+01 3.650986648468357032e+01 2.484810201233810290e+01 4.441823768926592919e+01 5.517734081496765697e+01 4.216704266002457757e+01 5.198197259582166652e+01 5.493546798524607766e+01 5.211772722291253501e+01 6.118545690036055618e+01 4.632186778977353470e+01 5.769174781230409366e+01 7.776396951383269140e+01 9.030234471742363667e+01 8.230113090178531365e+01 6.288356601065199669e+01 8.230113090178531365e+01 8.833543503397037000e+01 6.828065008747341835e+01
5.903163206179407041e+01 4.937933373324468533e+01 5.300605989665355366e+01 5.872376981534527118e+01 7.811972679695625743e+01 9.624004556683695455e+01 1.062115958181059625e+02 1.024951469054847593e+02 9.090761210705852591e+01 7.628687582811087964e+01 7.628687582811591028e+01 7.100059993074589215e+01 6.029233266327260310e+01 6.281010388879435169e+01 5.002944572960001324e+01 3.680452049780775070e+01 5.202975669276406023e+01 4.463749775217144844e+01 4.727345383886537178e+01 2.725313753805933459e+01 2.570193786726879637e+01 4.537473340636529429e+01 5.479305254532587810e+01 6.053907815563815120e+01 5.375749812271633488e+01 7.165266616616415263e+01 7.215337168030433190e+01 7.453594432263881231e+01 6.618031594025329412e+01 5.196042868995851904e+01 6.177571666340553236e+01 8.192250642453933551e+01 9.128127580215166859e+01 7.704435743275560355e+01 9.128128542591257144e+01 9.488532599800922185e+01 8.246380951510728607e+01
