MOVIE_S13_data/elevation_000301.asc
nrows	150
cellsize	150.0
xllcorner	0
ncols	150
yllcorner	0
NODATA_value	-9999
[rows 102 to 118 of 150, columns 37 to 73 of 150]
6.717784064184191095e+01 7.101200418221097266e+01 7.498122306437794293e+01 7.981304585502833504e+01 8.494973510067505629e+01 9.448761641920218324e+01 1.079535488155253802e+02 1.272134506746484419e+02 1.273353193488505042e+02 1.189556410098020365e+02 1.215965165386795945e+02 1.277820869687687519e+02 1.077670442386453828e+02 1.114398730125005983e+02 1.043316612741560050e+02 1.126197230953763437e+02 1.046356328187579123e+02 8.452193439342293857e+01 7.931908933241372495e+01 5.918621687343228643e+01 7.307074608805267246e+01 5.291109954866404763e+01 7.301383259432410000e+01 6.920218511700858244e+01 5.134124341680854542e+01 7.156606299598163901e+01 7.815559895871200524e+01 7.914521267277416428e+01 6.493259351826117154e+01 6.342592641033188272e+01 8.357920322376332933e+01 8.540491559292462398e+01 8.590024232927403602e+01 7.004948555563366597e+01 5.035702708222068225e+01 4.523537311955528395e+01 5.581683760352232326e+01
8.594216988507535859e+01 9.024301281775728967e+01 9.415731649898373234e+01 8.712983321479606502e+01 1.040411299421385820e+02 9.595893907489697483e+01 1.094342064060998183e+02 1.287156414690306576e+02 1.217646089404466778e+02 1.134452284830722988e+02 1.217646089404466778e+02 1.255965662753307441e+02 1.055759786646805622e+02 9.133481412331335036e+01 8.416035754567671745e+01 9.573058846468366312e+01 9.067426583699322862e+01 8.663114649222897867e+01 8.281635559208518771e+01 7.436272077844230921e+01 5.421492278645182950e+01 5.075699907506799491e+01 6.843432412004888477e+01 6.535671584224776609e+01 4.823526124500661183e+01 6.424011094889759477e+01 5.714523802886106552e+01 6.178160563392407312e+01 5.058262296752575082e+01 7.083144613530235745e+01 7.214418050129091853e+01 6.478133135786143271e+01 7.916844408944260181e+01 7.827450180218629328e+01 7.004917241474367984e+01 6.162517768989984290e+01 5.341354448741062555e+01
7.493007345297725408e+01 9.412833705394281480e+01 1.116965942885181704e+02 1.006283538531697275e+02 1.062499231540398483e+02 1.094342064060998183e+02 1.231275191827634075e+02 1.242158395488289386e+02 1.117226945033495724e+02 9.336178576218084402e+01 1.117226945033495724e+02 1.227168660874337860e+02 1.197146925834088194e+02 1.073619489584677353e+02 8.721584161098370203e+01 7.550529843159753796e+01 7.045873329314822797e+01 6.644460783132960557e+01 6.266123083290121798e+01 7.761220349932116847e+01 7.076102246252800398e+01 5.055120562258328221e+01 4.816045646350077902e+01 4.672023790532337273e+01 4.529486632856981743e+01 4.388629654739721531e+01 4.262704731920936752e+01 4.144351483317704776e+01 5.992165091460729087e+01 5.897481413071563594e+01 5.190515499074736994e+01 5.039337899832963785e+01 7.071141810832482122e+01 8.471462181905658895e+01 7.169997371125529639e+01 5.014738430584635864e+01 3.364260661266487062e+01
9.412833705394281480e+01 8.456100858779872453e+01 1.036956655200869051e+02 1.198215920020208785e+02 1.255060913871098620e+02 1.287156414690253143e+02 1.220776842890199276e+02 1.104767695583362439e+02 9.579584110987038059e+01 8.327551479522834654e+01 9.430089889069064668e+01 1.085088824194624522e+02 1.201109005322906995e+02 1.156450959182217133e+02 1.023247017933208980e+02 8.214502727710910790e+01 9.067411558839964414e+01 8.662593135709168735e+01 7.760775668583875131e+01 5.748414981671442092e+01 5.396261958503743017e+01 7.072274216836757432e+01 5.824647266615297525e+01 6.702862623126885921e+01 6.563206856081329477e+01 6.422503689126662607e+01 4.673461618157453046e+01 6.012205556549796626e+01 3.982009894035967079e+01 3.870743753947756716e+01 3.760475820064514352e+01 5.623265399198221104e+01 5.624084299515819652e+01 6.875197398310402264e+01 6.167021012418524606e+01 4.856755530633778051e+01 3.250106269765972655e+01
1.034101954876009017e+02 9.807668931561860859e+01 1.001712733144949681e+02 1.193774124884132419e+02 1.241279301165290292e+02 1.158179128177358450e+02 1.137575178067251613e+02 9.366136271768621668e+01 8.200494732818151533e+01 7.560515867309186433e+01 8.002710808557033317e+01 9.169187620332965594e+01 1.117910578386534581e+02 1.187117045477596520e+02 9.864180696678089078e+01 1.023244971007288200e+02 9.941116690667026035e+01 9.112827440922076505e+01 7.894615289444944040e+01 5.885277614020878190e+01 6.558750972930629075e+01 8.220962251138175247e+01 7.188050797123403868e+01 8.569151943349288558e+01 8.514566644393734407e+01 7.088945471203111026e+01 5.092821355017350271e+01 6.613685586883154599e+01 4.622558195885826393e+01 5.897481485313543459e+01 5.227749412750119973e+01 3.606633372947776195e+01 5.467019512077199295e+01 5.209010318960320518e+01 4.311302810549622677e+01 5.113862641245793128e+01 3.136087276050269779e+01
1.114112632615245104e+02 1.172610740795660575e+02 1.193774124884132419e+02 1.135534632669477162e+02 1.125154969180644002e+02 9.568339408895658948e+01 1.125154969180644002e+02 1.036549902680586257e+02 8.351092725168808784e+01 6.917915350390667584e+01 8.941098670853399710e+01 9.830576605288962355e+01 1.066327322844338710e+02 1.147105502573399320e+02 1.187117045477596520e+02 1.027756543896489774e+02 8.261187108003032620e+01 7.098612594894615313e+01 6.392657328984306275e+01 7.894598520049569856e+01 8.574783415491432947e+01 9.406701410073247871e+01 9.115137333089531069e+01 9.289684611960159089e+01 7.701986896073644573e+01 5.715505648130053373e+01 7.088945472739129627e+01 6.289792233427223778e+01 7.011366494214176726e+01 6.077780900273652520e+01 6.458925158458971794e+01 5.467196485106448023e+01 3.453855543778146142e+01 3.345709307426486134e+01 3.252780876190119130e+01 3.160062568063886701e+01 3.067312658283319493e+01
1.159559220618175317e+02 1.202892464635866787e+02 1.086617790090846682e+02 9.338455216439886897e+01 9.338455216439888318e+01 8.397203403838143743e+01 1.041932430096744326e+02 1.026949971321016335e+02 8.544319777368080793e+01 6.521802645295282730e+01 8.404219642414078351e+01 7.813403486635071715e+01 9.830576640311183212e+01 9.455933149389078096e+01 1.087960154720788211e+02 1.111601677679559401e+02 9.950852565150864848e+01 9.113015192312207091e+01 8.400598521497906290e+01 7.006824867960099823e+01 8.423729244723169529e+01 1.043308871031674130e+02 9.877794301931916721e+01 7.902369391089587225e+01 6.494963645040402866e+01 6.709323833445172625e+01 8.514568477587592099e+01 7.852688251352338966e+01 8.802246483594099402e+01 7.979840746208964219e+01 7.026510804159137535e+01 4.988117926650830469e+01 3.534117238862614840e+01 5.356946984627931840e+01 5.262735207201965437e+01 5.169039016800115860e+01 4.086121835531320556e+01
1.173045279757198784e+02 1.119746189948476882e+02 9.180788419923872823e+01 8.008221079929606390e+01 7.308532354766902017e+01 9.338455216439888318e+01 1.026949971321016335e+02 8.441764223735336259e+01 8.162099968932537308e+01 6.143235019420849596e+01 6.384483714716765945e+01 8.404219838298055834e+01 9.869056250163200161e+01 8.021347805147121335e+01 9.869056250163200161e+01 1.021739393231489004e+02 1.105090238927829063e+02 1.093715879287061767e+02 8.933525981788335457e+01 7.520244910239291869e+01 8.643634139761360302e+01 1.065244067021409791e+02 9.472405055162805354e+01 7.489510848338161964e+01 8.480957951750484369e+01 8.117199767933948351e+01 9.501889557935818686e+01 9.997511696663629266e+01 8.527367675302400585e+01 7.114378913712569386e+01 6.283970797103869188e+01 5.779673046226844235e+01 3.684584049921156890e+01 4.920142891641991412e+01 6.953812260022674252e+01 6.215421836745624518e+01 6.215412577218130963e+01
9.386308457921695947e+01 1.078447006582558316e+02 1.018358742845522613e+02 8.159677454173296951e+01 6.722950715710670977e+01 8.752466961129387357e+01 9.991974771779328535e+01 8.649406056108132645e+01 6.920836174522152362e+01 7.595595210586013479e+01 5.631002957558633426e+01 7.640831345105340233e+01 9.033748243604212291e+01 7.004378524371070114e+01 9.033748243604212291e+01 8.194442400276778926e+01 9.884757481990001793e+01 1.152133517982224049e+02 9.520171203437953977e+01 8.146888955914803887e+01 1.013388103706457457e+02 1.148106926508219203e+02 1.027423233566116778e+02 8.488684292421216071e+01 1.027423233566116778e+02 1.008873804084952468e+02 9.426235923771517378e+01 8.598154802919894735e+01 7.413459970582894698e+01 5.694405495844313236e+01 4.235467939836118489e+01 3.997751985794852203e+01 4.320228083802449248e+01 6.371160854101417925e+01 7.784672123776476838e+01 8.316025080697173166e+01 7.329667291512619443e+01
7.719990857151512387e+01 9.773797140205145695e+01 9.741934063839900659e+01 7.716293956723509950e+01 6.284441497914083641e+01 7.131742638218082675e+01 8.561858704998751080e+01 8.027141077561012139e+01 5.947933814520273899e+01 6.734683853073735804e+01 5.321668215284508818e+01 7.419330206874390399e+01 8.357291670527823157e+01 6.331605135094614667e+01 7.879533419429726848e+01 7.023100663447088721e+01 9.049442320735117562e+01 1.015644601800284477e+02 1.095915761931798897e+02 1.013388103706457457e+02 9.265217844373277956e+01 1.121855175338731954e+02 1.125078098727220066e+02 1.045612581790438043e+02 1.125078098727220066e+02 9.759112328348410870e+01 7.748274908876788913e+01 6.584713150190565045e+01 6.585373716393441157e+01 4.563510259129225233e+01 6.283970797331068070e+01 5.483872403424815190e+01 6.371160919087979124e+01 5.306107755016083161e+01 7.320981521370896417e+01 8.103902391942834527e+01 7.103490467123053520e+01
6.735482199452833640e+01 7.884076332108125484e+01 8.738571561756562289e+01 8.894775876595214470e+01 6.868630211504631689e+01 5.710023466438975248e+01 7.221240965188202665e+01 8.057720696034428443e+01 6.894950912953154898e+01 4.902745409352320394e+01 6.845676086681049810e+01 8.187060200365921503e+01 7.746524199537276445e+01 5.730513489662079252e+01 5.861586882231005546e+01 6.528448586283086286e+01 7.293399115948604106e+01 8.467318793133014765e+01 1.048881293981681608e+02 1.204072616845793959e+02 1.054093023689417947e+02 1.204072616845793959e+02 1.236267599437831421e+02 1.121339140038823672e+02 1.039053673729112006e+02 1.058385778570541191e+02 8.598154802919894735e+01 6.584713150190565045e+01 5.428638995706999992e+01 4.789711211158514459e+01 6.801007290122461768e+01 7.501754377358012960e+01 8.148737333463309085e+01 6.209897393716393310e+01 8.148737333525805582e+01 7.275772583350364187e+01 5.274286214480849111e+01
7.884076332108125484e+01 5.798533155793175098e+01 7.884076332108125484e+01 9.730013568090106446e+01 8.561858704676257048e+01 7.221240965188202665e+01 5.219350755816466148e+01 6.755810945460547146e+01 6.623846082586267414e+01 4.639891820990246885e+01 6.623846081724278179e+01 7.522184198344483264e+01 6.686776262228879375e+01 5.184954809966362888e+01 7.187383431358091457e+01 8.555075936712160001e+01 9.321702750063671772e+01 1.015644637002987594e+02 1.132177202018147000e+02 1.307852695718850953e+02 1.240881802876388633e+02 1.241506726184375822e+02 1.154212561433898259e+02 9.547515169860901096e+01 8.383128018255131053e+01 9.231558772982091909e+01 9.426235923771517378e+01 8.235676577583730307e+01 7.032613841113364117e+01 5.027052823500091705e+01 6.443117695510895260e+01 8.443419309815452323e+01 9.045402907760747269e+01 7.633110045742405703e+01 9.045402907760771427e+01 8.103927741674196739e+01 7.103490467123093310e+01
6.965207181331375352e+01 5.284632285642159388e+01 7.327084785903157638e+01 9.254166689118532929e+01 8.418810207507367238e+01 8.057720696034428443e+01 6.755810945460547146e+01 4.767336159549741836e+01 6.361064911122768706e+01 4.383605534020544070e+01 6.361064920371838838e+01 6.218058914201597531e+01 4.698177019039585645e+01 6.686776262228879375e+01 7.625201775163515094e+01 8.163933590053370892e+01 8.772799386851706060e+01 9.485036378584175054e+01 9.903517796051924904e+01 1.149883912057189832e+02 1.239809323691051617e+02 1.042771607145277954e+02 1.042771607145277954e+02 9.758571486703327480e+01 9.150819089694452657e+01 7.213610670724214913e+01 8.222584721853152701e+01 7.404860657906547772e+01 5.400250200211171148e+01 7.032613841113364117e+01 5.843371520054784440e+01 7.263467125611040842e+01 9.275958709282264181e+01 9.636425176964206685e+01 9.877527776891707845e+01 8.721745593807834496e+01 7.893782610019295021e+01
4.967098219490396360e+01 4.808628763102023385e+01 6.816578245740359421e+01 8.092219195269602494e+01 6.407988221282957397e+01 8.092219195269602494e+01 6.441405508230752730e+01 4.460669469539985954e+01 6.014228915369071871e+01 4.132414525196197275e+01 5.906300851370571792e+01 4.240366343304520313e+01 4.675173042025951986e+01 5.123710559775438611e+01 5.591227072964271372e+01 6.113353605293898596e+01 6.708966358684035924e+01 7.409893610964296329e+01 8.621546900100463517e+01 1.066458496905371192e+02 1.157822656165244695e+02 9.585483927404008853e+01 8.420282315313014010e+01 7.742884818797128332e+01 7.129935069334298703e+01 6.653500662372843522e+01 6.206048699138113278e+01 5.843938878637598577e+01 7.404860657906547772e+01 6.152297026458812468e+01 7.852952824694870060e+01 6.845446004931528705e+01 8.272677545237688435e+01 1.027949116011650119e+02 9.051258876314349777e+01 7.046451174536180417e+01 5.891879733592447366e+01
5.341365678050667753e+01 4.359564906437223897e+01 5.923717270067515983e+01 6.754948118060930540e+01 5.266700025034902666e+01 7.257861592468289302e+01 7.275390335011807963e+01 6.014228947062465380e+01 4.040503548557701663e+01 3.881217831660303119e+01 3.932938783873861155e+01 5.906300851378576766e+01 4.813603739009034399e+01 6.805410761584884938e+01 7.625201775163515094e+01 8.163933590053370892e+01 8.772799386851706060e+01 9.485036378584175054e+01 1.032418765354586583e+02 1.143581035440912643e+02 1.117122692992936521e+02 1.124985086935138270e+02 1.042771607145277954e+02 8.783139704673600079e+01 8.563319705153379857e+01 8.674492158338694026e+01 6.915521883317947527e+01 7.854417299414572540e+01 8.684866679614466989e+01 7.050918129516180954e+01 7.157751631448712715e+01 8.860459644458204309e+01 8.272677545237688435e+01 1.027949116011650119e+02 9.529459928647443689e+01 7.526172521406063254e+01 7.830073747036523457e+01
7.178120065351077983e+01 5.923717270067515983e+01 3.949511746465154260e+01 5.573953077245213450e+01 4.527699950999035394e+01 6.505241944022843370e+01 6.476311061198012453e+01 6.231342807900237091e+01 5.402594370681418923e+01 3.629706218317600985e+01 5.602682092083248477e+01 6.737949529029461360e+01 5.238942933512124256e+01 7.242657022781351372e+01 8.575966409611098129e+01 9.293136007486582173e+01 1.012792536139304502e+02 1.129334203086836794e+02 1.085049967196908511e+02 9.437632432476488020e+01 9.172876417449010944e+01 1.058581879297446307e+02 1.160883456884155578e+02 1.078680474197754791e+02 1.056916807173935950e+02 9.759965198085004090e+01 7.926758882216438451e+01 9.759965198085004090e+01 9.894799598557760589e+01 8.219066956234944143e+01 7.922705252012703170e+01 9.934559061252348044e+01 1.027949116011650119e+02 1.110259293597547838e+02 1.035492878278923712e+02 9.247141072393023364e+01 7.243105242078091521e+01
6.059219393205241033e+01 4.664513071795418853e+01 5.573953077245213450e+01 3.601557342699693720e+01 5.524947534415348827e+01 5.896263165836931819e+01 4.489950489515776866e+01 5.207749477054927212e+01 3.427429740091479715e+01 4.124354745977723979e+01 5.515392974490769262e+01 7.517526379854855634e+01 6.650388397792767137e+01 5.916373087495741601e+01 6.549246823406956253e+01 7.264674063812263682e+01 8.438665852919893950e+01 1.046036394540028027e+02 1.002288519579331023e+02 8.023569719610816264e+01 7.758634393831844989e+01 9.309921812748224568e+01 1.013766366500162093e+02 1.129158038792825920e+02 1.182530320626914602e+02 1.076257902450317232e+02 9.938402037108475895e+01 1.076257902450317232e+02 1.105067543891565549e+02 1.022769730297494277e+02 9.349654543607691437e+01 9.568410307552707650e+01 1.156373418517174940e+02 1.129509162832774791e+02 1.047534833393340250e+02 1.007306872368790778e+02 9.247141072393023364e+01
