MOVIE_S13_data/elevation_000626.asc
nrows	150
cellsize	150.0
xllcorner	0
ncols	150
yllcorner	0
NODATA_value	-9999
[rows 102 to 118 of 150, columns 111 to 147 of 150]
6.624220282621837441e+01 5.063553482603634848e+01 5.939518715214245503e+01 7.336505228034538106e+01 9.335497499325761339e+01 9.858058586693536540e+01 8.711642854830800786e+01 7.082501685965510774e+01 5.111017886946556388e+01 4.733805713558217576e+01 4.999662389553544273e+01 5.452449849161124718e+01 7.423070536786481455e+01 9.053818368545196904e+01 1.004761164181180533e+02 1.020123098152778880e+02 8.783227623159376662e+01 1.020123098152778880e+02 9.794725740595416141e+01 8.963692939552673522e+01 8.702876516815345553e+01 9.534150434861007284e+01 8.804054634335777507e+01 7.973009223273928114e+01 8.804054634335777507e+01 8.259780987940929720e+01 7.450014012336296787e+01 6.620333319201787958e+01 6.401152859342147394e+01 6.349836211190395119e+01 7.179622794883425740e+01 7.530436520728000005e+01 5.916132372452103994e+01 4.864352041296025675e+01 3.287969863570236129e+01 4.867288204679342556e+01 3.730574725669298886e+01
7.860813525469147578e+01 7.035401541338167419e+01 5.519071174601987195e+01 6.910458829823318183e+01 8.905320515702926798e+01 9.033794736373413059e+01 7.049925010530493807e+01 5.914350176251043223e+01 7.054138650752098272e+01 5.084307039452799870e+01 6.970979145554404965e+01 7.423070536786481455e+01 6.253584034839219186e+01 7.236739791013519607e+01 8.639347646231580313e+01 1.063224565803460280e+02 1.079426165789760006e+02 1.024146025535807496e+02 9.414740057697940756e+01 9.414740057697940756e+01 9.408237823127086585e+01 8.582357361081955105e+01 8.323239964293169635e+01 9.149319469499472746e+01 8.242175324296516692e+01 6.255543574850378974e+01 6.255543574850378263e+01 4.620309827463318442e+01 4.401692635601260406e+01 4.350519882490155510e+01 6.024646365599509323e+01 5.588932368980176335e+01 5.891268997015338726e+01 6.099587349258288782e+01 5.275816056005074728e+01 4.315870366991040896e+01 2.314528911298273428e+01
8.122686459113404567e+01 6.136964725690856426e+01 6.108117653897230070e+01 7.128445518243619006e+01 9.124558529541604912e+01 9.033794736373413059e+01 7.049925010530493807e+01 7.888407016120852688e+01 7.413679999174425461e+01 5.444390930293004516e+01 6.833449187474258224e+01 8.814481078353443877e+01 7.647554120461373373e+01 7.647554120461373373e+01 9.635796652133231532e+01 1.070390369739349836e+02 9.876948696400773997e+01 9.414740057697940756e+01 7.416644199136200655e+01 7.416644199136200655e+01 8.582357361081955105e+01 6.584970529286933072e+01 6.325755182230275153e+01 7.996604176207014802e+01 7.412035710096346008e+01 5.408932573296500834e+01 4.257469959882697452e+01 3.592254021677587161e+01 2.990454804927387400e+01 3.198433545967503022e+01 5.130919398994134895e+01 4.220211124389319224e+01 4.001052594717425848e+01 5.087193899857219037e+01 4.231936130909330984e+01 3.884964472029758298e+01 3.730827308440158419e+01
7.755176021776050277e+01 6.642475364856956332e+01 6.727986085036667419e+01 8.724709348472757142e+01 9.954835673042514088e+01 9.858058586693536540e+01 8.192230495143570579e+01 8.945225029112089032e+01 6.961967705518863170e+01 5.829364359336408796e+01 7.800190879463252713e+01 9.615822832037171963e+01 9.635796652133231532e+01 9.635796652133231532e+01 1.046008261662902470e+02 9.550395545399807418e+01 7.878397311389069557e+01 9.414740057697940756e+01 7.416644199136200655e+01 6.004355161434231292e+01 7.060234021765931800e+01 7.169991587666983435e+01 5.172284075827017347e+01 6.276589628539753818e+01 7.103475740347384715e+01 7.085508814731632299e+01 6.255543574850378263e+01 5.589519036527815388e+01 4.302401530161637311e+01 2.307828671875040527e+01 4.240586233505087677e+01 4.575725993844731931e+01 2.623642532171512798e+01 3.545963833864725956e+01 2.134139921012545571e+01 1.884314079688234855e+01 2.358950781957232579e+01
9.173469878904609232e+01 7.169507444712604638e+01 7.537576548213793615e+01 8.724709348472758563e+01 1.073055152062013491e+02 1.100730996970187761e+02 1.018339286880999595e+02 9.769867343618047073e+01 8.348392019357935112e+01 6.371824701544032621e+01 6.809238428405943466e+01 8.207613033292471982e+01 1.019990995037597372e+02 1.030693993389171794e+02 9.479839893059101996e+01 8.656913903443614799e+01 6.724958509627211356e+01 8.656913903443614799e+01 7.883943600200436208e+01 7.060234021765931800e+01 5.063096221222534155e+01 7.060234007207095885e+01 6.276589627317703446e+01 4.277631231225475972e+01 5.521054371216956014e+01 6.348236713421250244e+01 6.786493917714551571e+01 5.783129052747623433e+01 3.949036195947786609e+01 1.918569904061207865e+01 3.216144720917523614e+01 3.574412114814064267e+01 3.545963833209697924e+01 1.561103937966723798e+01 2.469867116000384399e+01 4.702193603358663765e+00 3.335021749352349740e+00
8.585475417821207600e+01 7.874737857640919003e+01 9.543709832035710861e+01 8.955968835103642789e+01 1.096264211799180686e+02 1.205728513430917701e+02 1.006540555895165312e+02 8.653808792701069308e+01 7.507554794570481249e+01 7.249581451808926147e+01 8.791143314038828294e+01 8.425557759513404221e+01 1.041781267672374724e+02 9.479839893059101996e+01 7.481378616691748107e+01 7.829495400579997977e+01 5.832127100335496550e+01 6.887926954160037951e+01 5.886494242476673122e+01 6.506327667075336763e+01 4.508609066858607406e+01 6.506327615899589034e+01 6.497071444141897700e+01 5.521054371216956014e+01 3.520218366361342532e+01 4.854109035215533652e+01 4.790791518679658623e+01 4.614264963531574892e+01 2.964061512308160218e+01 1.556119199612338733e+01 1.386656747469336715e+01 1.233309793490884765e+01 3.016994079198576273e+01 2.666751147867127258e+01 6.672852158499512853e+00 2.463832263292749047e+01 2.087031883233378693e+01
1.059301408145242789e+02 8.634456002404051844e+01 1.064288470233310306e+02 1.096264211799180686e+02 1.179254438741590008e+02 1.120964332155980401e+02 1.036812186826603011e+02 1.032178293252668624e+02 9.496997028784984707e+01 8.394078038853298551e+01 1.006235675583683928e+02 1.041781267838709368e+02 1.047906974166664895e+02 8.480610044451547935e+01 7.067483407364210279e+01 6.069137462759461954e+01 5.467383908830360895e+01 4.890974648652577628e+01 4.474077538217891004e+01 5.917538975723950756e+01 4.007722673278456682e+01 5.321186514177039584e+01 4.498051480044152584e+01 4.852239859658713073e+01 4.636254423255554968e+01 2.853199950053966916e+01 3.375882876783708753e+01 3.791116902366322705e+01 1.798550871959443498e+01 3.549252361648860443e+01 3.283138312131589487e+01 2.226581050716123045e+01 1.017663842118769679e+01 8.714093598018354925e+00 2.635463050267303942e+01 3.407889266014918661e+01 1.748333017887676988e+01
1.147269092541402387e+02 9.795975527043761133e+01 1.147269092541402387e+02 1.092464396745096309e+02 1.176095499349547140e+02 1.004788526206420158e+02 8.363929164678096129e+01 9.211000671061478329e+01 1.004788519721868596e+02 1.038927723441835411e+02 1.121329882030446896e+02 1.070110852313131602e+02 9.865794563968844955e+01 9.893201481133598918e+01 8.894159275291731603e+01 8.066714372601030902e+01 7.255327875766236900e+01 5.258169388799342414e+01 4.551772433984680077e+01 3.918521144991296978e+01 3.615532332514700187e+01 3.318833099821399912e+01 3.080338582451723184e+01 2.849273321895648081e+01 2.634772824160232574e+01 2.428436831701114684e+01 2.224768545034406486e+01 2.043552788616887383e+01 3.791878463314970560e+01 4.219305460678717168e+01 2.489208412128688863e+01 1.782040329848968341e+01 2.774839369383298049e+01 2.285384328505769602e+01 2.866370667203665690e+01 4.214815748138979501e+01 3.650127863900089409e+01
1.262945343906297921e+02 1.179978415047647644e+02 1.060503211420664513e+02 8.929533757229077651e+01 1.060503211420664513e+02 9.211000671193730227e+01 7.219935567097834905e+01 7.219935567097834905e+01 8.689355117306843113e+01 8.689355117306853060e+01 9.523916999634701597e+01 9.546340900216678449e+01 7.872517075503796491e+01 9.546340900216678449e+01 9.932478976134284210e+01 7.933562386354100227e+01 6.520940629730166904e+01 7.255284876759483836e+01 6.548970656360427256e+01 4.735608112542798409e+01 5.616162425025009952e+01 4.138326757494146335e+01 5.083550893425993422e+01 3.518018002624671681e+01 3.635784314192063960e+01 4.427585541826471882e+01 4.212808847726322625e+01 2.641645023276464954e+01 4.622036028270440511e+01 3.869400303792986762e+01 3.579697004573912267e+01 3.346101335534187626e+01 4.428967192289097454e+01 4.284139220687997351e+01 4.851120788210296553e+01 5.136634617221736221e+01 3.416717292568741016e+01
1.196276201248198845e+02 1.111906408589414212e+02 9.772766550516388406e+01 7.786551258487335758e+01 9.772766550514616313e+01 9.471511912531842370e+01 7.477395531907438908e+01 6.075225999851782177e+01 6.699611817335127739e+01 6.699611817335127739e+01 8.689355117306847376e+01 8.714975269433915628e+01 6.729715317322029478e+01 7.964617537847630047e+01 9.959873119959161158e+01 9.347308170594997989e+01 8.519031500474426366e+01 8.145082493205472929e+01 6.147861512957291552e+01 6.732872849561778139e+01 5.770681627627188703e+01 5.552165133914815698e+01 6.226049988440934158e+01 4.227202801374396302e+01 5.636724532334579862e+01 5.636724532334579862e+01 5.322017995500969079e+01 3.307324411415905985e+01 5.311893900525863188e+01 5.172963136419080143e+01 5.549867637576984691e+01 5.768485748341621644e+01 5.749649670268902923e+01 4.919011482524086176e+01 5.749649666129100467e+01 4.317308962543518192e+01 2.195057306220991222e+01
1.079500980419262817e+02 9.102364956164836940e+01 9.070533399570709321e+01 7.082459947759140562e+01 8.778158113886618708e+01 9.607549958573363824e+01 8.893379595164169871e+01 7.282394137076346396e+01 5.293943303795177258e+01 7.282394137076316554e+01 8.838226914689477098e+01 7.964617537847630047e+01 5.979297750645699239e+01 7.964617537847630047e+01 9.633029589837863682e+01 8.808269485230556484e+01 9.065785310563431665e+01 8.971025093986264665e+01 8.145109982118526659e+01 8.595390578409124771e+01 7.768375786296695651e+01 7.549916308917403285e+01 7.053345447142774560e+01 5.227247120505326450e+01 7.053345447142775981e+01 7.634893578787264801e+01 6.188037211655100833e+01 4.309682959405706981e+01 6.188037211655100833e+01 7.079947347177811423e+01 6.505949469560712828e+01 5.266414893298388478e+01 4.435200821735978849e+01 2.917084366374193394e+01 4.748186597792821573e+01 4.606809560343813814e+01 3.777931783799610344e+01
9.120594109595711529e+01 7.955614670551749157e+01 8.441849373226534681e+01 6.448165114810174714e+01 6.785906629351947572e+01 8.455618897186835170e+01 8.093024261245098216e+01 6.858454994978386310e+01 4.868401069067950715e+01 6.018215045745556324e+01 8.006244110904965794e+01 7.391505081063367300e+01 5.404161544517928917e+01 7.391505081063367300e+01 8.486663911833836949e+01 6.825018620088332000e+01 7.082285387341397609e+01 8.486663911833727525e+01 9.023530593291201285e+01 8.234050642084761762e+01 7.422088025994018778e+01 8.234050642084761762e+01 8.052071785164552864e+01 7.224852856376550392e+01 8.052071785164552864e+01 8.511687250133044813e+01 7.215343264397101564e+01 6.344008130311290472e+01 7.215343264397101564e+01 7.157236523405271100e+01 5.625113870335653843e+01 3.589261155121169367e+01 2.433439308331224638e+01 1.917040455980385971e+01 3.300271075638197971e+01 2.951948989538936274e+01 1.777583652993188323e+01
8.060326093730654406e+01 7.067511450616362367e+01 8.244365215631077604e+01 7.627931182996992732e+01 5.627162817991371924e+01 6.961008394666460219e+01 6.103594069959823543e+01 6.430225978761518491e+01 4.483528085424900667e+01 5.952120806030114863e+01 6.749893390503238777e+01 6.877677524194139380e+01 4.888782128851585895e+01 6.878375186381128970e+01 7.598023101582589334e+01 5.676534929662351203e+01 5.676534929662351203e+01 7.037776547410743433e+01 7.037776547410743433e+01 7.264618948235711571e+01 5.492083743613459745e+01 7.264618948235711571e+01 8.165001344851997089e+01 7.990726489858647597e+01 7.162473817974093038e+01 6.521253475831471746e+01 6.521253475831470325e+01 7.347588231448915508e+01 7.743505875954070916e+01 5.743111104603908501e+01 4.328140629738609846e+01 3.433506734565656870e+01 4.435200821735978138e+01 3.300271075638196550e+01 1.299826809728617683e+01 9.516714977127460173e+00 6.228735230967291869e+00
9.653585508972447826e+01 7.660647057762047041e+01 6.249112764781255436e+01 5.774881117142188458e+01 5.316359441141705844e+01 4.959032765023469125e+01 4.694670223714499713e+01 4.438643222389880805e+01 4.187781281850449489e+01 3.946740260158272662e+01 5.613669868542606878e+01 6.404916607419954744e+01 4.416998057556018153e+01 6.409349017572633045e+01 6.774757965092837253e+01 4.782947817456658868e+01 4.677474166307521131e+01 5.047243470582567682e+01 7.037776547410743433e+01 6.457085884803730380e+01 4.511833069693464893e+01 5.413502036675750162e+01 7.352610973084679813e+01 7.162473817974093038e+01 5.188633645249319670e+01 5.766758046861981768e+01 4.556602425260817313e+01 6.231996637232687419e+01 7.056695541690488938e+01 7.157236523405271100e+01 6.262597849103644876e+01 5.434195766072468814e+01 4.300702385428063934e+01 2.299839765848331652e+01 3.300271075638197971e+01 2.365944766568252788e+01 2.623030252005558083e+01
1.024252363202144522e+02 8.244365215634149990e+01 8.154316703376883879e+01 6.186344942768924682e+01 7.281161312927838480e+01 5.782459924832901521e+01 6.686284682290032322e+01 6.430225978761517069e+01 5.078537261839316841e+01 5.622295620804845839e+01 3.661577438810553531e+01 5.385341355121422424e+01 3.977916717049341599e+01 5.974346886217171004e+01 6.299973827476240729e+01 5.778852891116764567e+01 3.778826635463738626e+01 5.778852891274745218e+01 6.272633806133838164e+01 5.769335156460387992e+01 3.807362296203402252e+01 5.769335156460387992e+01 7.179219044172963038e+01 7.162473817974093038e+01 5.188633645249319670e+01 3.805489095703200064e+01 3.681995083603432306e+01 4.266537278885238038e+01 6.231996637232686709e+01 6.980205032432046153e+01 6.140472478030879699e+01 5.935408917721477451e+01 3.933310476064792027e+01 3.714353192944812321e+01 5.130234475444716225e+01 4.366688332242675585e+01 3.415418881323221711e+01
1.043545417413006220e+02 8.455707675335551698e+01 7.321147500524676843e+01 7.391082212896498049e+01 8.560143064499176546e+01 7.192868506748348523e+01 7.978348354491068051e+01 6.618043626692552550e+01 7.012465070307142412e+01 6.443541452118330426e+01 5.385287053794120027e+01 3.380984819648466555e+01 5.174607295932838724e+01 5.028261250518716707e+01 4.304225791049947247e+01 4.750675200450947955e+01 3.338386284939229398e+01 5.314405551159758545e+01 4.503586052312944332e+01 4.587630211711156392e+01 3.272938928674199843e+01 4.420849252638197413e+01 6.370753725572047443e+01 6.735328524081606361e+01 6.589680067553989318e+01 4.842206996798648078e+01 2.875946580771788774e+01 4.266537278885238749e+01 6.231996637232631286e+01 5.819189848779482332e+01 4.136310248859555116e+01 5.819189848779482332e+01 5.935408917721477451e+01 5.716274558207646805e+01 5.289516707942190266e+01 4.388775183316383988e+01 3.557450640032872968e+01
1.126832175717082407e+02 1.012007686652699050e+02 9.292447000123830492e+01 9.300002034929720196e+01 1.011002906974370887e+02 9.589572522012169031e+01 9.140481167180740840e+01 8.396129737938754545e+01 7.021340586737031231e+01 5.784940030448999693e+01 3.786915216160248576e+01 5.174607355208626558e+01 3.168012467626463646e+01 3.021623559938955950e+01 2.883199518470728151e+01 2.746886525774542420e+01 4.556797591816019377e+01 4.414894076431095016e+01 4.113697709564904414e+01 2.609288464919847783e+01 4.333197617609461361e+01 5.127306318064338342e+01 4.773423813882458688e+01 4.773297590325323370e+01 5.262772742272542814e+01 4.432213358267186720e+01 2.460741690288126549e+01 3.875169240724458319e+01 4.693862425628715584e+01 4.983368875519139607e+01 3.015840862926906851e+01 4.983368875519139607e+01 5.988694395762643552e+01 5.882694183976913394e+01 3.866045513408276690e+01 2.450829817624766349e+01 1.556383886176820042e+01
