MOVIE_S13_data/elevation_000462.asc
nrows	150
cellsize	150.0
xllcorner	0
ncols	150
yllcorner	0
NODATA_value	-9999
[rows 68 to 84 of 150, columns 37 to 73 of 150]
5.747192848511168251e+01 7.141667128551706867e+01 9.138759764170129074e+01 9.448129427852117601e+01 9.448129427852117601e+01 1.028215119274673270e+02 1.082357775196913536e+02 1.024027502584032732e+02 8.971919362952542087e+01 7.134610727212223935e+01 5.862207475059017270e+01 4.933711209865687408e+01 4.161647089520797493e+01 5.009502057859935320e+01 6.870300193837566383e+01 8.608630590330081134e+01 9.031823396821202721e+01 9.250283976209429682e+01 1.008115789773045350e+02 9.044235950254397949e+01 1.071971478680570300e+02 1.193871104657872166e+02 1.245014110172840844e+02 1.321747794002932608e+02 1.230852309383194694e+02 1.147401932652046668e+02 1.206673057032592595e+02 1.063821289410866768e+02 1.136203931972324455e+02 9.346378664695221516e+01 8.223461456613561893e+01 1.023585779385812629e+02 1.174805763533948380e+02 1.030475541111457858e+02 1.199044164359773958e+02 1.278294533883976385e+02 1.078222350449778872e+02
6.223436382144728185e+01 7.141667128551706867e+01 8.288777379533352985e+01 1.029985729435325510e+02 1.135520102176385109e+02 1.035983265805539162e+02 8.825980900243341409e+01 8.234495480475985119e+01 8.271127878731039118e+01 7.753748284886192721e+01 6.853739827139646934e+01 5.400217237139343496e+01 4.252662354563322822e+01 6.316589132652048733e+01 6.870300918226099895e+01 8.798899836491484905e+01 8.601811106929842765e+01 9.446627120247764253e+01 1.046487727258650580e+02 1.104306341050837972e+02 1.187562419925575625e+02 1.232365938069717686e+02 1.232365938069719107e+02 1.313172835288537499e+02 1.271297829175600640e+02 1.188066437166112053e+02 1.271297829175600640e+02 1.266185307557699673e+02 1.219406043006452478e+02 1.023585778968844835e+02 8.931905732562617573e+01 9.865700132626233199e+01 1.188287051072206708e+02 1.232265823811697061e+02 1.315339311729806582e+02 1.361067753226421644e+02 1.245596601074582992e+02
7.208505491067619175e+01 7.208505491067620596e+01 9.207688397086168663e+01 1.113463102109799081e+02 1.053269830139165748e+02 8.539874142736631768e+01 7.527239382974514115e+01 6.782238282325113232e+01 6.137917172197591498e+01 5.590682861922838498e+01 7.010502509462918397e+01 6.281549222529600485e+01 4.343981413329598951e+01 6.314975127100420593e+01 7.244677593315822151e+01 7.738128536302285454e+01 6.576295936566062039e+01 7.584830921856415387e+01 9.025235188397624597e+01 1.105176248735738227e+02 1.175902299303712795e+02 1.038631763318887664e+02 1.038631763318887664e+02 1.232365938069719107e+02 1.171477403453771018e+02 9.889630294602666538e+01 1.154207613425225816e+02 1.237305542979822945e+02 1.308236041556460236e+02 1.178213808548751871e+02 9.832969274946925964e+01 1.178213808548751871e+02 1.271411047544502679e+02 1.366324609246608759e+02 1.283610519604622766e+02 1.208010251335799126e+02 1.144650783131556011e+02
8.356187032379733637e+01 8.201070319723231705e+01 9.207688397086168663e+01 1.122643988774366051e+02 1.135520102176385109e+02 1.035983265805539162e+02 9.536286222064148888e+01 8.825980900243314409e+01 8.271127878731039118e+01 7.051958935289749775e+01 4.990535503768112591e+01 5.157740567763883632e+01 4.435734592046981106e+01 4.862474412762507825e+01 5.296124844840417722e+01 5.760088719184199135e+01 7.738128536308511229e+01 8.006715563876291242e+01 1.003849883787652573e+02 1.140371176698574942e+02 1.059800615768854612e+02 9.006722020488417968e+01 1.095375189355825825e+02 1.183473241612417723e+02 1.088514733313189140e+02 8.902675410498397923e+01 9.553362697995272868e+01 1.154207613425225816e+02 1.313344936677429189e+02 1.268358050726711355e+02 1.126129740419135743e+02 1.268358050726711355e+02 1.424725561616051266e+02 1.225158755348639090e+02 1.083591010715549032e+02 1.007650020473373900e+02 9.440528024043943844e+01
1.037086089263223698e+02 9.621323148560266247e+01 1.105164881436714239e+02 1.148577211150225423e+02 1.107941270029470928e+02 1.025686860409306149e+02 9.773010727025240385e+01 8.940804994459323041e+01 7.980384350790652093e+01 6.796245685638518808e+01 4.806699939472123617e+01 4.569834107887397323e+01 6.411475956824037326e+01 6.779033885783428559e+01 7.231770798114759202e+01 7.734676009386963358e+01 8.581189705920907329e+01 1.003849883787705721e+02 1.088653867569869504e+02 1.027695229026639225e+02 8.643725987750124773e+01 8.346399640776616025e+01 1.030474193586831291e+02 9.840975847293380241e+01 1.013584337763814460e+02 8.151686118984335394e+01 1.013584337763814460e+02 1.030688753242082640e+02 1.202508094084643773e+02 1.318036692776151710e+02 1.327777862982490547e+02 1.355218368284613177e+02 1.414245619650486390e+02 1.366324609246608759e+02 1.283610519604622766e+02 1.208010251335799126e+02 1.062757000455757321e+02
1.101703493687535200e+02 1.164589486207104301e+02 1.148577211150225423e+02 9.495019812258058778e+01 9.860329665695363133e+01 8.266036849475470660e+01 8.938794335001881564e+01 6.938055281153927467e+01 7.152115513560605109e+01 5.154811321652773870e+01 6.796242115574817433e+01 6.548696956096584643e+01 4.723242765242585506e+01 4.833257066917192901e+01 6.824248984503758209e+01 7.814715738893362129e+01 8.566096459779771521e+01 9.393904745762792174e+01 9.621100091266222876e+01 8.811270335343760962e+01 7.494407055013684271e+01 9.469701975353962098e+01 1.042484706407658308e+02 8.436355636026111426e+01 9.018705849767766836e+01 7.615452599899950314e+01 8.323219700235128471e+01 9.209665248097051915e+01 1.035050575283188721e+02 1.234755719444829793e+02 1.296343723770319230e+02 1.154129174811455414e+02 1.213026835956409428e+02 1.387229273605672688e+02 1.304975326935477824e+02 1.104992060517821386e+02 9.890930430772563398e+01
1.018597414007401341e+02 1.134228796793674547e+02 1.126788083613256362e+02 9.277302881166146165e+01 7.868704945513793803e+01 7.109708473093918712e+01 8.396542327416996443e+01 7.520396026570170989e+01 5.521669106975929253e+01 7.152113989151395401e+01 7.979841613006939838e+01 6.343595565367881051e+01 6.710558425724808274e+01 6.824248984507924831e+01 4.991172780508755125e+01 6.986345702424343074e+01 6.564705390947410990e+01 8.566096459706862731e+01 8.811270335087748151e+01 6.822821134338461491e+01 8.811270335134625498e+01 1.027695228679452839e+02 9.530201944813398995e+01 8.703864550724487970e+01 7.019961926866672286e+01 9.018705849767447091e+01 9.697313756445871036e+01 9.996438124445271001e+01 1.030580565537576518e+02 1.063560372493528376e+02 1.097998958434772447e+02 9.001706379916953438e+01 1.103454448460044830e+02 1.303863204958911979e+02 1.387719580490913245e+02 1.272296553794810876e+02 1.116392744873621723e+02
8.489070611974507585e+01 9.915679289955618003e+01 1.177504970982493120e+02 9.783547361239266138e+01 8.375750550013802354e+01 8.402673959843325235e+01 6.397524923690395582e+01 5.937171778510063547e+01 7.523925147794939505e+01 6.788463362391264866e+01 8.789477995932993792e+01 7.757520190437669783e+01 8.401304521164020400e+01 6.400250571872142302e+01 6.986345704099554155e+01 5.152403252815093992e+01 7.150899261317614730e+01 7.454419842942276375e+01 7.832661497482111201e+01 6.402649301002610116e+01 8.396650015075726969e+01 9.225592909135049524e+01 8.399109637026197106e+01 6.701654226956384264e+01 8.704630663384789102e+01 7.420748534958993048e+01 7.709128755672591637e+01 8.012271535835130010e+01 8.324886919799979523e+01 8.656815307578220597e+01 9.001643440371054794e+01 9.421483386236306501e+01 1.140230140489610307e+02 1.294025869203221930e+02 1.394580659221695100e+02 1.399084955189741493e+02 1.262475817227718835e+02
7.030494973941277692e+01 9.081465783565218430e+01 1.007859843358775009e+02 1.119014318047989747e+02 1.036684483918076864e+02 9.096933571855367973e+01 7.096841355453256028e+01 6.385819337951104302e+01 8.390437607971448131e+01 8.204692331646280934e+01 9.616990325256253413e+01 9.754657838610989984e+01 9.229180911637524787e+01 8.401304521164186667e+01 7.463941897124972513e+01 5.486214895033170080e+01 5.327257169402550829e+01 5.452080607810103174e+01 5.835185353613999837e+01 7.790059503007799435e+01 7.948073129700941308e+01 8.101729457392316647e+01 6.393688827086657511e+01 8.398886429067029269e+01 9.522414321488136579e+01 9.413287327764331280e+01 8.858693426294331630e+01 9.996438124445276685e+01 9.466665327000504249e+01 1.063560372493528376e+02 1.013792707802125932e+02 1.140230140489610307e+02 1.011489600064685135e+02 1.110168763610025593e+02 1.251914628227255690e+02 1.454029134426980931e+02 1.377828986068229824e+02
6.406728778953582548e+01 7.201274481739297073e+01 8.392719689522161275e+01 1.041139784247665432e+02 1.050908536755124061e+02 8.512079730038564662e+01 8.907077204595412923e+01 6.906140573101447444e+01 8.023894111740577273e+01 1.002136812730445286e+02 1.102927386751971426e+02 1.039007968787110485e+02 9.561125739518830358e+01 7.959130810960051861e+01 5.978375155736654278e+01 7.463941896970625578e+01 6.742248460280333688e+01 7.450015395982667599e+01 5.640906473504820440e+01 5.790430460464036599e+01 5.941529455809884297e+01 6.094272490760115346e+01 6.324359971790810420e+01 7.938843262066383488e+01 9.341899526389738639e+01 1.048890358793046573e+02 1.084289043157634183e+02 1.167220527833042354e+02 1.145209266127639154e+02 1.228326351487187367e+02 1.154129174811455414e+02 1.294025869203221930e+02 1.110168763610025593e+02 1.136692432417050327e+02 1.337887809008136344e+02 1.422615200258631205e+02 1.339842012203128547e+02
8.473112539042571711e+01 9.245913431059518928e+01 1.007859843358775009e+02 1.124168956285931102e+02 1.134052238175789711e+02 1.050908544375767661e+02 9.460578394733057905e+01 7.464901453539975762e+01 9.460578215294185611e+01 1.085182261618458739e+02 1.071683392366132637e+02 8.715088630003357650e+01 7.555939541951930494e+01 6.855254679991816147e+01 6.414722091169950602e+01 8.403931573021982615e+01 8.751081995824290516e+01 7.957144533263091546e+01 5.944953626720191409e+01 7.795985713245616466e+01 7.948073209229733038e+01 7.246785526090357621e+01 8.329269330205218580e+01 6.658446050582936948e+01 7.666451365503655779e+01 9.077033238996843068e+01 1.107050317270299047e+02 1.166496511457354046e+02 1.249607152997510298e+02 1.339949711314087040e+02 1.355218368284613177e+02 1.394580659221837493e+02 1.251914628227255690e+02 1.278705644684610547e+02 1.421311293346650757e+02 1.322395420266261112e+02 1.139150856094677096e+02
8.303257443409023608e+01 8.931963658412260543e+01 9.760284377291786484e+01 1.065366073701726890e+02 1.180898455769937101e+02 1.087098271063089499e+02 8.876369844796138864e+01 8.876369844796138864e+01 8.876369844797778796e+01 1.087098271818947097e+02 1.154565258254475282e+02 1.039007968787110485e+02 9.561125739518830358e+01 8.852185360598217301e+01 6.874036572178958693e+01 8.875736854562666167e+01 9.436806347750604118e+01 7.420889817367026353e+01 6.257880566045648152e+01 7.425469740044277955e+01 9.457241637869211104e+01 8.629073442714881992e+01 8.861855317439666635e+01 6.905877378108364439e+01 8.908218440580388631e+01 9.680303832757388705e+01 1.003707979574643900e+02 9.671220919089338963e+01 1.056731704904774318e+02 1.179734450907881751e+02 1.263002710719874955e+02 1.352850332116834693e+02 1.454029134426980931e+02 1.480766192768580538e+02 1.354582977373119945e+02 1.239496434148902040e+02 1.037877897519596218e+02
6.321743272010589010e+01 6.943820039986262316e+01 7.828556758517979119e+01 8.979030886401386624e+01 1.097976020066795115e+02 1.170309762041073753e+02 1.087098271063089499e+02 1.087098271063089499e+02 1.087098272076286776e+02 1.170309879167059677e+02 1.210917919456690441e+02 1.011095682162510911e+02 8.695226324034558729e+01 7.687173225201701143e+01 8.027820701138932691e+01 9.705365907795896874e+01 1.028182454158763335e+02 8.618505061137520329e+01 6.603394180780426836e+01 8.618505061137520329e+01 1.031936367991147989e+02 1.063671876488707539e+02 9.354457097623244977e+01 7.358814880267378555e+01 7.337820012107719947e+01 7.689519047355558712e+01 8.050635303537130483e+01 8.583350913443838692e+01 9.179397665570589027e+01 9.802216926919111017e+01 1.068727206154069904e+02 1.210480398536837612e+02 1.412126582482685819e+02 1.407873928823705967e+02 1.271663715678249815e+02 1.070545555329150318e+02 9.666884578467868039e+01
7.511624317281730612e+01 8.931963658412260543e+01 9.760284377291786484e+01 1.041264386439331275e+02 1.123066478018722307e+02 1.117607087249709394e+02 1.035840937073454029e+02 1.035840937073454029e+02 1.038139071556584270e+02 1.059744889424497529e+02 1.141498275523061920e+02 1.152481423692970992e+02 1.045263544202975226e+02 8.450037230045272452e+01 1.003401186041867135e+02 1.086270090447955994e+02 1.040952612366408800e+02 8.388099176481289021e+01 6.966544025933241358e+01 8.127487190213290091e+01 1.014493608291629272e+02 1.123138356513971132e+02 9.240105927522056106e+01 7.834045868963877979e+01 9.333752683811782447e+01 8.282713913575160802e+01 1.003707979574644611e+02 8.897711607674288814e+01 1.088406278259543143e+02 1.179734450908838426e+02 1.263002710719528778e+02 1.352850332116784671e+02 1.349126160745201446e+02 1.207524981435909126e+02 1.287745403053210396e+02 1.107451425390735693e+02 9.068619381878291108e+01
6.951796535439454772e+01 8.957674124743306265e+01 1.008451357540604789e+02 8.423179160397151577e+01 1.008451357540604789e+02 1.035840937073454029e+02 8.370745444710895811e+01 8.370745444710895811e+01 8.393906389899609621e+01 8.611620832335150055e+01 1.045926755408089264e+02 1.134596591121352844e+02 1.128101427800796301e+02 9.608813778531703065e+01 1.128101427800796301e+02 1.136899485106973486e+02 9.333654320614841993e+01 7.915321604414505430e+01 7.471629012481960785e+01 9.483005557947592479e+01 1.099287463333509578e+02 1.060238360971915057e+02 8.616198492704285172e+01 9.823337712083277040e+01 1.065101819113620394e+02 8.985455892414573498e+01 1.097420369785945837e+02 1.029815680059328855e+02 9.954401269619982884e+01 1.136282527306325960e+02 1.337310427669621617e+02 1.387506058635613897e+02 1.266205829316451457e+02 1.065331575001893754e+02 1.139161796044354418e+02 1.003718464594725788e+02 8.632326503554473618e+01
8.214921435336619027e+01 9.787294735817910407e+01 9.264025881997875445e+01 7.267732893048102483e+01 9.264025881997875445e+01 1.021772351715731162e+02 8.952918729923344188e+01 6.956040010914101401e+01 6.979272766179427379e+01 7.647217476335754327e+01 8.541979505145015139e+01 9.950865893300320408e+01 1.192507549688703534e+02 1.160531727063176106e+02 1.243466197217203586e+02 1.121543701720554509e+02 9.182653379263024362e+01 9.929791759961263153e+01 8.077293833884847629e+01 9.110408772916659359e+01 1.114087113113673411e+02 1.120205628171774919e+02 9.213167031668548645e+01 1.120205628171774919e+02 1.180465132463612861e+02 9.975251978074524573e+01 1.180465132463592113e+02 1.229856495062052915e+02 1.110233639635999481e+02 1.278383525932966052e+02 1.292159614257585645e+02 1.245809418342216333e+02 1.104112674876930384e+02 1.139161795549761962e+02 9.387401844132330098e+01 1.021027650781721832e+02 8.230353079466802058e+01
9.044886084830865514e+01 9.917702216581854202e+01 7.925976070830093079e+01 6.558868114237715474e+01 8.558229727137111809e+01 9.398224210093243869e+01 7.404099008601309606e+01 6.246651981433332423e+01 8.246915488214078493e+01 9.640431868910035007e+01 1.045926755408089264e+02 1.134596591121352844e+02 1.096578756070184397e+02 1.096578756070184397e+02 1.178506858909037049e+02 1.206679356034739641e+02 1.061295482508036088e+02 1.072864369538025926e+02 8.708438012263061978e+01 1.072864369538025926e+02 1.199133215637748862e+02 1.190813576492759580e+02 9.911041402390067390e+01 1.190813576492759580e+02 1.280518305040319262e+02 1.197315541764439928e+02 1.280518305040319262e+02 1.394389787539294616e+02 1.311176856427265704e+02 1.231096343253806538e+02 1.086483549823634576e+02 1.162865331603989461e+02 9.624190031156739167e+01 1.036091942224571483e+02 1.038950990247584798e+02 8.404317144088241776e+01 7.848059982759723141e+01
