MOVIE_S13_data/elevation_000812.asc
nrows	150
cellsize	150.0
xllcorner	0
ncols	150
yllcorner	0
NODATA_value	-9999
[rows 34 to 50 of 150, columns 0 to 36 of 150]
6.455108993161302877e-02 2.105792546565334877e+00 4.157749314073866387e+00 6.254319485567914505e+00 2.625473437903460905e+01 3.152706004646331195e+01 1.503488729234835297e+01 1.759576560282237168e+01 2.024504145205738226e+01 2.299251329662721943e+01 2.784354136916275735e+01 4.784306855311439222e+01 5.600357280227195389e+01 6.100344229034521248e+01 5.514561522164441243e+01 7.514548784563889683e+01 8.391815616839846825e+01 9.257692963697618893e+01 1.008781201027923373e+02 9.885814571520188565e+01 1.071577528438688773e+02 9.805827807213921687e+01 7.802307337798515618e+01 7.646687027914354928e+01 5.651321453523099336e+01 4.498681062361289662e+01 4.276255570805170692e+01 6.273373185298226673e+01 5.891595374861501000e+01 7.047533957579155128e+01 9.033689453754116983e+01 7.578713779982562926e+01 5.575563999439884100e+01 7.488082911476313086e+01 8.304087887537316703e+01 7.056341527235450428e+01 7.424267952211468469e+01
2.024332444148535439e-03 2.000202433244379208e+01 2.415800559832065630e+01 2.625397423573913258e+01 3.453819257966988943e+01 4.331957975747585721e+01 2.917756159243813840e+01 3.173838713293138980e+01 3.438751519261153788e+01 4.299247235141257306e+01 2.807283513394086683e+01 3.192189749097635953e+01 3.600425294906432327e+01 4.100396433805229890e+01 4.807468120380870147e+01 5.563375599069458843e+01 6.718065065353273724e+01 8.718072241188453120e+01 1.044459738943652667e+02 1.126695939471409389e+02 9.817784930505361274e+01 9.010035251895439501e+01 9.010035251895439501e+01 8.467058676911865689e+01 7.322279546276971018e+01 5.920329333287455142e+01 3.926023747396838814e+01 4.627952155522105926e+01 6.041125799887531400e+01 8.039943518816754420e+01 8.470639705023631905e+01 6.437405729902063456e+01 5.024358605818540013e+01 5.491748692270603982e+01 7.161038754775202619e+01 6.737794299547580579e+01 5.422870569071592683e+01
9.707512844716031930e-02 2.009707512844680366e+01 2.595450266292517583e+01 2.239178913596827414e+01 3.568217113580111999e+01 5.144941301034200620e+01 4.917743150720000500e+01 5.173808873347657311e+01 5.438711012599596728e+01 5.635657514642822008e+01 4.221462690433092746e+01 4.606347747218973865e+01 4.755071515524060288e+01 5.233354481915200296e+01 6.100344229034521248e+01 7.563367559838829379e+01 8.391815616839846825e+01 9.546532688705978842e+01 8.476448894173024939e+01 1.012773825334674171e+02 9.010035251895439501e+01 7.048422393640449002e+01 7.048422393640449002e+01 7.443209129152768355e+01 6.176851817542821266e+01 5.336603320895315505e+01 3.683739472197146370e+01 5.089408480909354893e+01 7.088459836531919223e+01 7.721326554286707733e+01 8.550514778741745658e+01 7.851973837840853321e+01 6.335953797506183349e+01 4.348163210866483297e+01 6.107026018946043422e+01 4.743129890781876412e+01 6.737794299547580579e+01
8.916398461424913935e-02 3.006463229585306429e+00 5.955296332887161093e+00 9.006366436030461387e+00 2.317158289989555087e+01 4.196229954119908001e+01 5.665745506378694074e+01 5.104714650277657029e+01 5.770736756100771458e+01 6.526210056753650690e+01 6.221416380394226309e+01 6.606309126849654945e+01 6.169253039248886239e+01 7.233332466889146417e+01 8.061778771256955167e+01 8.928798992100017529e+01 9.609405475144262709e+01 9.249019800688772364e+01 7.348986520928752952e+01 9.249019800688772364e+01 8.852293218125115004e+01 6.878173129455873891e+01 5.645658374688600389e+01 6.548885905119016115e+01 4.493945358661995471e+01 3.350893016150688908e+01 5.011091573322072179e+01 5.013618113820747624e+01 7.006856274297510367e+01 5.722946160265950510e+01 7.396164705672468642e+01 7.335786100001419641e+01 5.337483984006357218e+01 3.942335026321162417e+01 4.123048355958560762e+01 5.521404702870147219e+01 7.520840942631244275e+01
5.738623160518319517e-05 2.000005738623125140e+01 2.595450266292517583e+01 2.902875466518497305e+01 1.366630523340173298e+01 3.368240280004486209e+01 3.667638597211707463e+01 3.106963180505388422e+01 3.772670438616680144e+01 4.527415581058469485e+01 5.681110607737951312e+01 7.680637372833332677e+01 8.169251780746714076e+01 7.755504630796174581e+01 8.571737679788977005e+01 9.038501812374565247e+01 7.647289954523117217e+01 8.432060815451460201e+01 6.477519465446637525e+01 7.510681186986174396e+01 8.325186355608065014e+01 6.878173129455873891e+01 4.893865015927749340e+01 6.878173129455873891e+01 6.167845046805157239e+01 5.013289495429599896e+01 3.035610909983413208e+01 5.014323107279857794e+01 6.567561095837470475e+01 4.572892675020771236e+01 6.567561095838127017e+01 7.209237861870757058e+01 5.534300992532392627e+01 3.560092980398045626e+01 5.534251565872874323e+01 5.872745407120842742e+01 6.203055528894365978e+01
4.605142656856162087e-02 1.418818705029963745e+01 3.418818705030034266e+01 4.196229954112230587e+01 3.368239754749568959e+01 1.868260628284994596e+01 2.254237813528906642e+01 3.667638597211707463e+01 5.665745506378694074e+01 6.526210056753650690e+01 7.354539296972846785e+01 8.509034316731840875e+01 7.441350993806022984e+01 5.802867087095045662e+01 7.441350993806022984e+01 8.058846027450121596e+01 6.267616817379754934e+01 8.058846027450118754e+01 7.510681186986174396e+01 5.558686501819203585e+01 7.510681186986174396e+01 6.306582494431383878e+01 4.321129762852951472e+01 5.582869971911727447e+01 6.406143046506329597e+01 4.795785888570927114e+01 2.820198073339258826e+01 4.795785888570927114e+01 4.874929047631714241e+01 3.822325100078838034e+01 5.813647316198844806e+01 5.803022919775300892e+01 4.396802826721537372e+01 3.285719621747541908e+01 3.589628717457136275e+01 3.894111484986770222e+01 4.217617331504005307e+01
5.674351268809080251e-02 2.005674351268773492e+01 3.647225558154273273e+01 4.801941208253021642e+01 3.868233463561211494e+01 3.282959628092518045e+01 3.667638597211705331e+01 3.196839565667967165e+01 4.089982518565260250e+01 5.243363736864824176e+01 7.242589521188064339e+01 7.730615899239913347e+01 6.628148819310564477e+01 4.684549488997677713e+01 6.628148819310564477e+01 7.244798551210720916e+01 5.294499002872018423e+01 7.111743728694384004e+01 6.299840975456866943e+01 5.039780722365519949e+01 6.988988663222005471e+01 7.127012024759879694e+01 5.582869971911727447e+01 3.598478128300295253e+01 4.985289829074109491e+01 4.581479532785882469e+01 2.606977716718543547e+01 4.437757678105045756e+01 2.887934718096859754e+01 4.413832783028414752e+01 4.552839794732970802e+01 4.702427490912183572e+01 2.991968781836978408e+01 4.379040181044101132e+01 5.555545387423747883e+01 5.041959474693710774e+01 6.203055528894365978e+01
2.296829293879562237e-02 8.187934102216127386e+00 1.973493948604971138e+01 3.973494349362126599e+01 5.866695563155898441e+01 5.281209652449887670e+01 5.665745506316024205e+01 4.609236660299187349e+01 6.022743430708410983e+01 6.916597604826195322e+01 8.070958217788231082e+01 6.916677284722172203e+01 4.973987758701745321e+01 4.010397130999636062e+01 5.940982686123624035e+01 6.555263533223040895e+01 4.612198151007795133e+01 5.686298277351085062e+01 4.359645299202588831e+01 6.299840975456866943e+01 6.883922241626471816e+01 7.205700212880661581e+01 5.218147144596980525e+01 4.985289829074109491e+01 3.002877880723077553e+01 4.397982198886681005e+01 2.395874255981574663e+01 3.286755505990934978e+01 2.289854222837378828e+01 2.428333494279479510e+01 2.567471351257469081e+01 2.708193152855623254e+01 4.702427490912183572e+01 5.765755496939173241e+01 7.046711831069823972e+01 7.081047127665618746e+01 7.870827592023047714e+01
3.063233560239582431e-02 2.003063233560203926e+01 3.647219560357741841e+01 4.526016955719821766e+01 5.354510743348023283e+01 5.508421551345935541e+01 6.336898568724418368e+01 6.607946236213656732e+01 6.574228365852420097e+01 7.386609295626385574e+01 7.794560588174053350e+01 5.843676199037967223e+01 4.481014812523436319e+01 3.415070423919435427e+01 5.330477928922386610e+01 7.062956235176299913e+01 5.116067880470293971e+01 3.761650101546089786e+01 5.686298277351085062e+01 6.298223994796176584e+01 4.883222082668214625e+01 6.298258427190422282e+01 7.205700212880661581e+01 5.809635964169071798e+01 3.853933650299238423e+01 2.453739540673620212e+01 3.928182521403502392e+01 2.098831424116925604e+01 4.086362875342153700e+01 4.413832802641434228e+01 4.217645363814531123e+01 3.224903636211261215e+01 3.008429284857881925e+01 4.988508907822658500e+01 6.113911885751328867e+01 7.230812076353011264e+01 8.059965395860746185e+01
6.807557293158894574e-02 2.006807557293123523e+01 2.893017889268907794e+01 2.526010024408769183e+01 4.094206474337202906e+01 3.508419442435895519e+01 5.508421551345935541e+01 6.281428905165879684e+01 4.679481265268264423e+01 6.281428905165879684e+01 7.126104868634185152e+01 6.201670155063384016e+01 4.270210362401099502e+01 2.928710390552707210e+01 4.835921838082491320e+01 5.695665182446344232e+01 5.360973685726321492e+01 3.445887361394887449e+01 5.360973665146745049e+01 5.402990354994559397e+01 3.467648449582606673e+01 5.402993220497451432e+01 6.775932838377694623e+01 6.667723204618748412e+01 5.228840942534937142e+01 3.895045911955596551e+01 1.938070083220362960e+01 3.928182521403680738e+01 3.518841620288220895e+01 4.809421635985108878e+01 5.892157968654831990e+01 5.435914888408008494e+01 4.988508907822658500e+01 3.309243614641171405e+01 5.286607770489853664e+01 5.233568726468357113e+01 6.329316606613116392e+01
9.367352646185668485e-02 4.458031331181723900e+00 8.930167286181340813e+00 1.427539212442987449e+01 2.094205879109665958e+01 3.508419442435895519e+01 5.508421551285210427e+01 5.480295599625527814e+01 3.626534789945348081e+01 4.434100895383740237e+01 6.317111765214036723e+01 5.956496022360166620e+01 4.429302991227701369e+01 2.520508253985033065e+01 4.060670617051995634e+01 3.773242687039761023e+01 4.623552743157021183e+01 3.141774508849020719e+01 5.050305952192894665e+01 4.574057197834694932e+01 2.583295599529285980e+01 4.574057190932304451e+01 4.776541795452669703e+01 5.761557060454837398e+01 4.497644066639530536e+01 3.671752617795174700e+01 1.827690917515199232e+01 3.821838777679901966e+01 5.273461762287163168e+01 6.115997239250997808e+01 7.589437868205318694e+01 6.696237159741269807e+01 4.702720159542217004e+01 5.286607770489853664e+01 3.617562333242085515e+01 5.600069709896677494e+01 4.333591706770810958e+01
4.548348706971258593e-02 2.004548348706935812e+01 2.893018120025449136e+01 3.427542294487724917e+01 3.060534279848571160e+01 4.922659005580156588e+01 6.105669780254771695e+01 4.230017429169585341e+01 2.942190166195801382e+01 4.230017429169581789e+01 6.105669780117549550e+01 5.146745170406961734e+01 3.229788789962368156e+01 2.121840223845839191e+01 2.143366949336331473e+01 2.426588817483111882e+01 2.718124502391466280e+01 4.621231967805785246e+01 4.925131123546913159e+01 3.940277109475668738e+01 2.000764011678008458e+01 2.802614106883176959e+01 4.776512255699429232e+01 4.351919983282550675e+01 2.942270005046566439e+01 1.667850031581925307e+01 2.097779824200450349e+01 4.076628481703957618e+01 3.451045235595837823e+01 5.728695325195575805e+01 7.088673524133635340e+01 7.525103611960443573e+01 6.696237159741269807e+01 5.233568744292000474e+01 5.600068708468167955e+01 3.943864109479857660e+01 4.539431527858081239e+01
4.695337527364121244e-02 8.991225285311161386e+00 2.053823073000074473e+01 4.053846688209824123e+01 5.060636977909334178e+01 5.890010166942993663e+01 5.741565990564824773e+01 4.304541632387046235e+01 2.452627797818469801e+01 3.759668595357612730e+01 5.619981508154924654e+01 5.031031717303422823e+01 3.115037985860930192e+01 1.746509970621904984e+01 3.677219873464815691e+01 4.336307199638783771e+01 4.623552743034575485e+01 4.553285880529323038e+01 2.865847378588446404e+01 3.031515134031220526e+01 1.506962034058755329e+01 3.379591448053832181e+01 4.204523223007837629e+01 3.379855375465108125e+01 1.508691634164518725e+01 3.525688450672846841e+01 4.076626447261715214e+01 2.738882128106608604e+01 3.357400520960886325e+01 4.298991384191396747e+01 5.675407837800321431e+01 7.672065749407394719e+01 8.060004729207183516e+01 7.230813838162261220e+01 6.762664334205858552e+01 5.089565865282893498e+01 5.348700094311581665e+01
7.098462208137588936e-02 2.007098462208102063e+01 3.727629086832914140e+01 4.882327234560305840e+01 4.500014089519169147e+01 5.375699825759036088e+01 4.949054492286486351e+01 3.096748064876558360e+01 1.988527402867953953e+01 3.338867973181774573e+01 5.225275957518715586e+01 4.772006683346707945e+01 3.273176408979314544e+01 1.524527459318919576e+01 2.901370943341979114e+01 4.822344376443611935e+01 4.677739739831821453e+01 3.456666071386111128e+01 1.305516681842432547e+01 1.032074201254125256e+01 1.079217506002507143e+01 3.037284237418681698e+01 3.234643213413200868e+01 1.350712132311465830e+01 2.212503825321602946e+01 4.162735065082383557e+01 5.550834094396327600e+01 4.143734286490590790e+01 4.690213531226766719e+01 4.558895403028034110e+01 5.941182680858756981e+01 7.937938309245302548e+01 9.133389851174121077e+01 8.310064640574906036e+01 7.916951257813980192e+01 7.087764984977116001e+01 7.347394681310814235e+01
6.786455232800275850e-02 1.161436116312170519e+01 3.152232765896804878e+01 4.150438579045226817e+01 2.413385656490854103e+01 3.810625244301115799e+01 3.533258705317399517e+01 2.990342485078627277e+01 1.564071770507762160e+01 3.484309846997684446e+01 3.626817138444329913e+01 2.853217052648402685e+01 2.259322523896854662e+01 1.306230331297383174e+01 3.255269211832516163e+01 4.574107182730720922e+01 3.113326172542183912e+01 1.792070135751493964e+01 9.653162188972299163e+00 2.964704514104370858e+01 3.078952086776024899e+01 1.146133826675575129e+01 1.195958146728536953e+01 3.234689545699576030e+01 4.154530428544133969e+01 3.731662829884617594e+01 5.612449878790889812e+01 6.129755396231141873e+01 6.670120249126830458e+01 6.526018864040769074e+01 7.354425904934409175e+01 6.767241396026541622e+01 7.585989576999372730e+01 6.342160830547108219e+01 7.993875375210018319e+01 8.209198792439424608e+01 9.032390653524603863e+01
6.717327238284666324e-02 2.006714809486306095e+01 3.979050223921956331e+01 3.248018016614967252e+01 1.224405418533221734e+01 1.731810694608148893e+01 2.134453960762585467e+01 9.717361527596949600e+00 2.680923364014195087e+01 2.478564319535979976e+01 7.702723653354904165e+00 7.963874903407370809e+00 1.002562243182443069e+01 2.952513663313404280e+01 4.025608314768557960e+01 3.134810515162014966e+01 1.793163217420816125e+01 8.985490233195980281e+00 2.897831038037809748e+01 3.791433985493478076e+01 2.780082532035561371e+01 3.134574808693791681e+01 1.312741125471707981e+01 1.264728064129060847e+01 4.169475529424499882e+01 5.383005599571007593e+01 6.422235436823498844e+01 7.798098730844517945e+01 6.978768381144477928e+01 7.407936487370194811e+01 6.452487357379285982e+01 4.809530516844028369e+01 5.962719201135834624e+01 5.215316698587196953e+01 6.674383892926327633e+01 6.242732460204659617e+01 7.549140777882958275e+01
2.900726248362994752e-02 1.419442230930691728e+01 3.447668813843474567e+01 2.436633401644462182e+01 4.355360648215934383e+00 2.574594130253212043e+00 1.235094231221300909e+01 2.262730294703016654e+01 4.259997353786731722e+00 4.705738411994400572e+00 5.152752002456038483e+00 2.120738568851299277e+01 2.568016177638902775e+01 2.665368896702208801e+01 2.718080106197509238e+01 2.764721700466252940e+01 8.318102258175660069e+00 2.831200096031291125e+01 3.725858461023202750e+01 5.590576056510395375e+01 4.775794054103106134e+01 3.740718136988056841e+01 2.764094476095587538e+01 1.307734065322485151e+01 2.258079578103647833e+01 3.985872728629523465e+01 6.404226197937562404e+01 6.978768381144477928e+01 5.019009735664371163e+01 5.593009753436533060e+01 4.631665232323992853e+01 3.681954148728738119e+01 4.008140696232882050e+01 4.343032375019284075e+01 4.718595384801049164e+01 5.116838933469519901e+01 5.589503501568738386e+01
