MOVIE_S13_data/elevation_000195.asc
nrows	150
cellsize	150.0
xllcorner	0
ncols	150
yllcorner	0
NODATA_value	-9999
[rows 0 to 16 of 150, columns 0 to 36 of 150]
8.271705653423140625e-02 2.127631151761726416e-02 9.425194436011796739e-02 4.939197167322698090e-02 3.975871534419905817e-02 6.171646774684565184e-02 1.696294146011132625e-02 1.936121709489252440e-02 4.216450047424835645e-02 2.297044857093000214e-02 6.704298068806634203e-02 4.162315340452049650e-02 3.835349583220235004e-02 2.777463300387698203e-02 2.207885817162396139e-02 7.161913568127860341e-02 9.025521335945362045e-02 3.502399586135773735e-02 8.040414306008919487e-02 3.131346976591601466e-02 7.604099264847130613e-02 2.387740603804927586e-02 5.687112022313325910e-02 4.074439634684711570e-02 8.709178300582484655e-02 7.612946965408906586e-02 1.077918208624280109e-02 9.929772718869623455e-03 4.600412614040166881e-02 2.152795518990661267e-02 2.378824418737431057e-02 9.511189423522797837e-02 9.406546861214974686e-02 1.749038473908382007e-03 2.223905489293687143e-03 6.269637160239108220e-02 9.476101746191394060e-02
1.795629399984677299e-03 2.000179562939963063e+01 2.009425194435976181e+01 1.419152759540430253e+01 1.418189433907502384e+01 2.006171646774648920e+01 5.362187779708575519e+00 2.001936121709453786e+01 1.418430012420532371e+01 2.002297044857057529e+01 2.607045520691881446e+00 2.004162315340405698e+01 1.418048911956327807e+01 1.416991025673495308e+01 2.002207885817126964e+01 4.922331630164463512e+00 2.009025521335909659e+01 2.003502399586100324e+01 2.008040414305973442e+01 4.882025970492555267e+00 2.007604099264811737e+01 1.416601302976912535e+01 2.005002524345815473e+01 1.143380089186790682e+00 1.903594466739255253e+01 1.006210409836993769e+01 2.001073902618483658e+01 1.157598460005753971e+01 1.418813974987147652e+01 2.002152795518951223e+01 2.002378796629708191e+01 2.655849492893142205e+00 2.009406546861179521e+01 1.414388466220498408e+01 2.000222390548893969e+01 9.006968281601469783e+00 2.009476101746155763e+01
4.163169627051844027e-03 1.414629879335812745e+01 3.414629879335883089e+01 3.419152759540500597e+01 3.418189433907431152e+01 2.505132536569151824e+01 1.090918974196081770e+01 3.090918974196046065e+01 3.418430012420602537e+01 2.516794479625915315e+01 5.167783119349811827e+00 2.516794479625911762e+01 3.418048911956442737e+01 3.416991025673565474e+01 2.992123344766940818e+01 9.922331482481068221e+00 2.992123344766940818e+01 3.272667137600429044e+01 1.272667137601984777e+01 2.488202597048888620e+01 2.488202597048888265e+01 3.416601302976982879e+01 2.237762319302060376e+01 2.247695349935258324e+00 2.198513519346765932e+01 2.395056044497452064e+01 3.766194137988149748e+01 2.597721762454395034e+01 3.418813974987217819e+01 3.340277589738472130e+01 1.340280419949934476e+01 5.237838390364742303e+00 2.523782169486811355e+01 3.414388466220568574e+01 2.900696828160111451e+01 2.314910390533216855e+01 2.892403284613464010e+01
2.016265153036126551e-02 2.002016265153000774e+01 3.476438029372781102e+01 4.314776489001481252e+01 5.333559661315241129e+01 3.757585640862665599e+01 1.757585640862736653e+01 3.757585640862665599e+01 4.193663569389565993e+01 2.193618304553574561e+01 7.793911776544408809e+00 2.779418000008604039e+01 4.049490451474689934e+01 3.849319114555250820e+01 1.845020644791547326e+01 2.981569233641435801e+01 3.812797088064484541e+01 3.875689826754531708e+01 1.875689826757501422e+01 3.875689826754531708e+01 4.488202597039973085e+01 3.758353583146326571e+01 1.750550245938855198e+01 3.357095742385718840e+00 1.230138690568314708e+01 3.223738961914266099e+01 4.876745168993998192e+01 4.728730291519193685e+01 4.754484645060180270e+01 2.754493848769999786e+01 2.801131013206974174e+01 8.011339371490864281e+00 2.801131013061369757e+01 4.071244343242778996e+01 4.900696828160040042e+01 4.314910390533287199e+01 3.377355015633980173e+01
9.594114293757748102e-02 7.167008180833979836e+00 1.472630054013998802e+01 2.627569037908019922e+01 4.636836410512876228e+01 4.586012765608825958e+01 2.757585640862718890e+01 4.586012765608825958e+01 3.595932726217994713e+01 1.595888279531281562e+01 2.779418000008604039e+01 1.221117282407268689e+01 3.215109965798328773e+01 4.511950713840141702e+01 3.842683247942804314e+01 2.844694600246335980e+01 4.826324782265472635e+01 4.582796607938171007e+01 2.582796607944036538e+01 4.582796607938171007e+01 5.443747555979008723e+01 3.337612482296662364e+01 2.450293581751409278e+01 4.480407654989184252e+00 2.450099748403152233e+01 2.856878025817995947e+01 4.248919211413955566e+01 6.142343122326767713e+01 5.582863527167489082e+01 4.754484645060180270e+01 3.508217332897464757e+01 1.508240718330779728e+01 1.242860041448468778e+01 2.657073453037613930e+01 4.657060728745820910e+01 5.376143571138685218e+01 3.377355015633980173e+01
9.541454368626212448e-03 1.980130859366814633e+01 3.339524896478523175e+01 4.314776489001481252e+01 5.478777448300326824e+01 5.586012765608808195e+01 4.171799203235764253e+01 4.665013995527444024e+01 2.664946081340762518e+01 2.750605742123375208e+01 4.049490451476917485e+01 3.221173769404681764e+01 1.692521815425632070e+01 3.692746402308451081e+01 5.626663868432652293e+01 3.842940216212723925e+01 5.626663868432652293e+01 5.411223727035146425e+01 3.737497146323246966e+01 5.411223727035146425e+01 4.857706305933824353e+01 2.707981765094276128e+01 7.030739222222283757e+00 5.620971930706588182e+00 2.563415553802582281e+01 3.550599432865411131e+01 4.858838414385487425e+01 6.091757208478130536e+01 6.186882725540937855e+01 4.187350666371935404e+01 2.773151230958535152e+01 3.508217332897464757e+01 1.571658016059180518e+01 2.726358535721836063e+01 4.726347366437057929e+01 5.135050646736734592e+01 3.135319966989204232e+01
9.647730019007895452e-02 5.441702435840141128e+00 2.544950272272914304e+01 4.065641563572738448e+01 4.895801262311864122e+01 5.897633258117270572e+01 6.171799203235693199e+01 5.493289690358907507e+01 3.664988001752500679e+01 4.164895255242222305e+01 5.455569122926363690e+01 3.454994221078855787e+01 2.040677157208184767e+01 3.195423912452634596e+01 5.195957852186995751e+01 5.243108347696006177e+01 6.602214727462674659e+01 6.565924254239816094e+01 5.737497146301952711e+01 6.140431791752878610e+01 5.307943618086166992e+01 4.040877964743014417e+01 2.817917956587549355e+01 8.572297303748674935e+00 7.370976036247760099e+00 2.140811912505181880e+01 3.372037829462505698e+01 4.649344750950065475e+01 5.427603177812148516e+01 5.597838798966635210e+01 4.773000047302632254e+01 3.919807473923977170e+01 1.919813327970570072e+01 3.919807473923977170e+01 5.554699781045952989e+01 5.963144590558987090e+01 4.549434886506949027e+01
8.338298177320474514e-02 2.008338298177284997e+01 1.396985352091628485e+01 2.063688554234051864e+01 3.064024456788905937e+01 4.480053608628804085e+01 6.484897094255008199e+01 6.493221087056053875e+01 5.079310615310433263e+01 6.164858272913154735e+01 5.840597097314034158e+01 3.839933055389700911e+01 2.425577466024704876e+01 4.425913986393247512e+01 6.024524586776870194e+01 7.177605168474512709e+01 6.465559948712602534e+01 5.632893196380924650e+01 5.095603037425498627e+01 4.608547597710020938e+01 3.299310041779648373e+01 3.282343715603393264e+01 1.282834122466205073e+01 2.855362555476245490e+01 8.617746089171991031e+00 1.416059255767862801e+01 2.047790481653740002e+01 2.750007964630286139e+01 3.863898294597423444e+01 5.722853937060026652e+01 5.699151211487672697e+01 3.699174905180743878e+01 2.284961699640674482e+01 3.439662198711205576e+01 4.853874030738866452e+01 6.853821313629832446e+01 6.548852157422909670e+01
2.372884694381488524e-02 2.002372884694345956e+01 3.398323893794071182e+01 4.065641563572738448e+01 4.895801262311864122e+01 5.829182312376770625e+01 5.829182312596015691e+01 6.657746809508209651e+01 7.079115787874066257e+01 6.507534644529361856e+01 4.506722002883378764e+01 3.092249043704316236e+01 4.425913986393247512e+01 3.839933055389700911e+01 5.840597097314034158e+01 7.055786208417870853e+01 5.043511612989311743e+01 3.622537504284414211e+01 3.087422013946930832e+01 2.602193857940636690e+01 2.143475291729785326e+01 1.727213693143298912e+01 3.282343715603393264e+01 3.000795631981857525e+01 9.900950815607542310e+00 2.988017557289786552e+01 3.977743520054657012e+01 4.649343573585105105e+01 5.427665755842454587e+01 6.509958306103199277e+01 6.170547445913664575e+01 4.170579243769692823e+01 2.756366220431687353e+01 3.439662198711205576e+01 4.853874030738866452e+01 6.853821313629832446e+01 6.188644268888117494e+01
7.631710034972485901e-02 2.007631710034937100e+01 3.985367526479690525e+01 4.796102419466719624e+01 3.967571111704673115e+01 3.828952040739624607e+01 3.828952040739630291e+01 5.829182312603337834e+01 7.567765844195021430e+01 7.024165783922551043e+01 5.023261984920573298e+01 3.608658984845145312e+01 5.609313139146328098e+01 5.840597097314034158e+01 6.669105534071995578e+01 6.639243389142814067e+01 4.626543003619020311e+01 5.632893196380924650e+01 5.095603037425498627e+01 4.488425050647409620e+01 2.482435559716916273e+01 3.142156840766359949e+01 4.298916988807150119e+01 2.275728563075785971e+01 1.119332388480717100e+01 3.119305073056808908e+01 3.485221597078980693e+01 4.642432914408906441e+01 6.036747445574020787e+01 7.930316345475172568e+01 6.389314466654536062e+01 4.389357410154767081e+01 3.333716489617411582e+01 5.333702047191695783e+01 5.072650773666028812e+01 7.072582197676433680e+01 7.031692991681548222e+01
2.239863785106879432e-02 1.156940402164348392e+01 3.156940402163993298e+01 3.377781555829628957e+01 1.967497417434247353e+01 2.414711041620804366e+01 4.414805923426787615e+01 5.934422938311453066e+01 5.567337496990292323e+01 7.567765844195021430e+01 6.437887217969066000e+01 4.608836932124398089e+01 4.763612396838104246e+01 6.764561837138721501e+01 8.061409532020822155e+01 6.050162884814920261e+01 6.050162884814920261e+01 6.857795257312835702e+01 4.846469531319061730e+01 3.426368565454861681e+01 3.639060057938184656e+01 5.149972014712098201e+01 5.141559370656640482e+01 3.273464853143224218e+01 1.250021542443938749e+01 2.066797449981874024e+01 4.066041984615617366e+01 5.137489734651481399e+01 5.991220666773180170e+01 6.912382637071959834e+01 7.217566874055073356e+01 5.966139651570104974e+01 3.966172021512316803e+01 5.966152447828883965e+01 7.072582197676433680e+01 7.074440196216295362e+01 6.222703626173608171e+01
6.490672536223988931e-02 2.006490672536188313e+01 2.843245181364831353e+01 1.377729581815012772e+01 2.791954108733091999e+01 4.414805923426399659e+01 3.267515848497627928e+01 3.934187759789121230e+01 5.348512898831737772e+01 7.348934901953948895e+01 7.438228036090860940e+01 6.023772567968291725e+01 5.918901761819829233e+01 7.592965982387357826e+01 8.892540542743107324e+01 8.061409532020822155e+01 8.061409532020822155e+01 6.857795257312835702e+01 4.846469531319061730e+01 4.846469531319061730e+01 5.648679207773398048e+01 6.481097759653327728e+01 4.837375672019550876e+01 2.802514108638935397e+01 1.383041340556535559e+01 3.395127889046532488e+01 4.172362065346899129e+01 3.096336863498569869e+01 3.999933564611247050e+01 5.451071154067599167e+01 7.522623894063114847e+01 6.722069503820519287e+01 4.722100961874566138e+01 6.722069503820519287e+01 7.681791353069453976e+01 5.618329701001272980e+01 4.183255795646777386e+01
7.333276091007127906e-02 2.007333276067545924e+01 8.432070975486588793e+00 2.843245181364682495e+01 4.206297502963655432e+01 5.620640894193579129e+01 5.267677878804013858e+01 5.934422938311453066e+01 6.763000101428367827e+01 7.195134989880091325e+01 8.023561538403347981e+01 8.024558999876813914e+01 7.919754982990598080e+01 8.747899453908948431e+01 9.923375863928802687e+01 9.077482018886364301e+01 9.077482018886364301e+01 7.689684082708923540e+01 6.857795257312835702e+01 6.857795257312835702e+01 6.777775584842949286e+01 5.926540646907590570e+01 5.080197852231968625e+01 4.228564664310307819e+01 3.398420359730311446e+01 1.573296712977082557e+01 2.150700519575465108e+01 4.175279873431291122e+01 5.990835766999133938e+01 6.912331575786345184e+01 7.687620471609163531e+01 7.550336985212210550e+01 6.722069503820519287e+01 6.722069503820519287e+01 7.029102534280821146e+01 4.971875934643882999e+01 3.809852765926463292e+01
5.145395647001294037e-02 3.432070975384086342e+00 2.338509829916027982e+01 3.663396978436873042e+01 4.434179908301637596e+01 4.748432871875606054e+01 4.842897597031964807e+01 5.749038444249202229e+01 6.189753010615739726e+01 5.195166158106457743e+01 6.868873959641251759e+01 7.282130354277272488e+01 8.110557244831771584e+01 9.054913886462266248e+01 9.077482018886364301e+01 7.010203434105926590e+01 7.010203434105926590e+01 8.234645260138391620e+01 7.383667727108650070e+01 7.382272459017394795e+01 5.323556787153749070e+01 3.881971730091694894e+01 4.232355812171339693e+01 2.211951779936647355e+01 1.944687645133037535e+01 1.736595190685527612e+01 3.755208110939029353e+01 4.528608580204075196e+01 5.054682485308958206e+01 5.623034145866124334e+01 5.623034145866124334e+01 7.204674902710711137e+01 8.237545162703621315e+01 8.721887768229638027e+01 7.880880492437036366e+01 6.693284354766404931e+01 5.781463224965134629e+01
9.635555453094322986e-02 2.009635555453058942e+01 3.169320135129597205e+01 2.972503002789284210e+01 2.660486511439597379e+01 1.920209007521363986e+01 2.921016534477154636e+01 4.918544459962870974e+01 4.189990824827887650e+01 4.040715272657583057e+01 5.649147702676597760e+01 5.282143226657909452e+01 6.226488534915817041e+01 8.054913978074721115e+01 9.077482018886364301e+01 7.010203434105926590e+01 5.548592264264942742e+01 6.641253590878174862e+01 5.319543678974127232e+01 5.789550242293282167e+01 5.403155179540482322e+01 4.633441724843279275e+01 2.608057115831801198e+01 4.232355812171339693e+01 3.962024468554315604e+01 2.034737590969077914e+01 2.015288322780452646e+01 2.500404853842398367e+01 3.017212792178341019e+01 3.573831571190147116e+01 4.289158794820092879e+01 5.316146902996008095e+01 7.388962695871938990e+01 8.801830140746130837e+01 7.813494087082403894e+01 6.994543623413463251e+01 6.890914696648859206e+01
4.067814134485068372e-02 2.004067814134449677e+01 2.607354623365770152e+01 9.725030028228720980e+00 1.235115868542314921e+01 1.525865550210185972e+01 3.515568517985015973e+01 4.259791860533390206e+01 2.777574509198784725e+01 3.202610848568765078e+01 3.649321927824362177e+01 4.226521225470911958e+01 5.226490140608831325e+01 6.640700549226779970e+01 8.640700352462479827e+01 8.102957548286381950e+01 6.035795987545268559e+01 4.582401842091393718e+01 4.140125654097954566e+01 3.744939754559064937e+01 3.365559075806326916e+01 3.044795252913125694e+01 4.633438754019015704e+01 5.482718523901025520e+01 4.361977753484065090e+01 2.336250685774789204e+01 4.036904135419094075e+01 2.323896525100324340e+01 4.349427494344502776e+01 5.623034145866124334e+01 6.352554799433973187e+01 7.204674902710711137e+01 8.237545162703621315e+01 7.982693608627889148e+01 6.006393638199036644e+01 5.011367059998590179e+01 6.002955341706028491e+01
4.598823041778624804e-02 2.004598823041743216e+01 6.073546311527645791e+00 2.607354631143046575e+01 2.649329430915384975e+01 3.515568517986249475e+01 1.948047617710798463e+01 2.264709915737462254e+01 4.259791860533423602e+01 5.201973065104030525e+01 4.803855743829095815e+01 6.226488534915816331e+01 5.640702779268450229e+01 7.640700450844674663e+01 9.028648643389558970e+01 6.960923003851048918e+01 5.767449849948568641e+01 6.035780870705441714e+01 6.191945152277401831e+01 4.376395492473229609e+01 5.403154322592486380e+01 5.076878683663777281e+01 5.927508898708742180e+01 4.810974927509917620e+01 2.778052298376035623e+01 4.361977753484065090e+01 4.573445523957653336e+01 2.544762799088976379e+01 4.531277678933226127e+01 5.795215830568999849e+01 6.817313604747103284e+01 7.666324146516183191e+01 8.695831354039201244e+01 8.801830140746130837e+01 7.813494087082403894e+01 6.002955341706028491e+01 4.012661935273822422e+01
