MOVIE_S13_data/elevation_000344.asc
nrows	150
cellsize	150.0
xllcorner	0
ncols	150
yllcorner	0
NODATA_value	-9999
[rows 51 to 67 of 150, columns 74 to 110 of 150]
9.232602804276912423e+01 9.278878092192255167e+01 8.455074743613312194e+01 6.945920756264735019e+01 8.098402200990041422e+01 1.009179994758608103e+02 1.170337295185626800e+02 1.173830608462288012e+02 9.740267331462113987e+01 1.032547933317832189e+02 9.690844488019988034e+01 8.346904489228030855e+01 8.346948631887345016e+01 8.813857755331031285e+01 7.686493804475215086e+01 5.679803307310112359e+01 7.423006416826677878e+01 8.250536678667957347e+01 9.555307378273820973e+01 8.734821867486344615e+01 7.406764143404539880e+01 6.435435107485699291e+01 8.440953784185251152e+01 8.457350560881921808e+01 9.869955859208570814e+01 1.184778875852084639e+02 1.153399180292219199e+02 1.037276892273468007e+02 8.369365327461568427e+01 1.037276892273468007e+02 9.479782729956632181e+01 1.130655586603900247e+02 1.162455534357349194e+02 1.062681229065164104e+02 9.676279346378505863e+01 7.732321134949528130e+01 7.863869545570146613e+01
9.866346351611048249e+01 9.591997058753580063e+01 7.592781268563935271e+01 8.940951241331960375e+01 7.886936048882287764e+01 8.885773579513283948e+01 1.087608265334065720e+02 1.147950260167912973e+02 9.480675667143759711e+01 8.319858498629119481e+01 7.682313078334263423e+01 8.852572622929255886e+01 7.185963044619312257e+01 7.987287967539383260e+01 5.980604687601054081e+01 6.117502601573339405e+01 8.123906390677659317e+01 9.348978274900207452e+01 1.017056878625395768e+02 1.022760728653296241e+02 8.813296755323870002e+01 6.808168490964266084e+01 7.382897165981896137e+01 9.384534826195560697e+01 1.080082325185406091e+02 1.161736111209078786e+02 1.260420428875431895e+02 1.120099133848907371e+02 9.375033891009307752e+01 1.120099133848907371e+02 1.089176501250710345e+02 1.230565126960119926e+02 1.271977717811728894e+02 1.071348476412351403e+02 9.311106044564294848e+01 9.204239272686375273e+01 7.900534382348034512e+01
1.052698864694572052e+02 1.008221787468282429e+02 8.080540391477835271e+01 9.764472015790605042e+01 9.039625976709703536e+01 1.070720116175589567e+02 1.170337303558408024e+02 1.230522596831489750e+02 1.115210814857460093e+02 1.020727118231621233e+02 8.872587558702788613e+01 6.860584369069412958e+01 6.571265234525810683e+01 6.287998459809667651e+01 7.987231406782098020e+01 8.123891010290739700e+01 6.786157593566839807e+01 7.343584813269738731e+01 8.765265385644440244e+01 1.075818584867348449e+02 9.391482289978775100e+01 7.388589335429880123e+01 7.542617348935354471e+01 8.101245603156039010e+01 8.812761893399090241e+01 9.812990285548724501e+01 1.178865621816148632e+02 1.219964062714105921e+02 1.137050395446005950e+02 1.219964062714105921e+02 1.288599572301091882e+02 1.242091945036940217e+02 1.126232666044558073e+02 1.043065975905801110e+02 9.729898228662443671e+01 8.387534331177971580e+01 6.501391639443558290e+01
1.135335704312044953e+02 1.063416075259056868e+02 8.616556119750438825e+01 1.003915048171608220e+02 1.103016821151369982e+02 1.185765790094837229e+02 1.325997017084611684e+02 1.183579559849598013e+02 1.083063648504912351e+02 9.375988875086881080e+01 7.363252513847557168e+01 8.870203305936421145e+01 8.552948190942605322e+01 6.697044678066566803e+01 8.705150915611577034e+01 9.616007103575705628e+01 7.947335163117143964e+01 9.348978274900207452e+01 8.419589364507615414e+01 1.041622481540849492e+02 1.002318151508429480e+02 8.025573159293904268e+01 9.544154747154750851e+01 9.517857553543979066e+01 1.009793741786488255e+02 1.161736110079703224e+02 1.260420428673194380e+02 1.206072424168981172e+02 1.123418516154993512e+02 1.123418516154993512e+02 1.179139002178327615e+02 1.158864149325589494e+02 9.582958295388448278e+01 8.448606838508537464e+01 7.777637332467631381e+01 7.219614455624903826e+01 6.988878235362865610e+01
1.234795683004916924e+02 1.128097889671231115e+02 9.250300311256278007e+01 1.128097889671231115e+02 1.289784247813864795e+02 1.293588842290840546e+02 1.209878403799616393e+02 1.041162102614586189e+02 8.992776762262927548e+01 7.985506856630604489e+01 8.076150079466812315e+01 1.008239876928567469e+02 9.505239728068407601e+01 8.119026811718397596e+01 7.349183187149793639e+01 9.356372862846804139e+01 9.947684333633422682e+01 1.076746466230477353e+02 9.423483886733434645e+01 1.123450804000044485e+02 1.072642280835714246e+02 8.737356062702457393e+01 1.072642280835714246e+02 1.149837409356795774e+02 1.207520951617584899e+02 1.173891490318117263e+02 1.091210155226583822e+02 1.123418516154993512e+02 9.233730469594945589e+01 9.233730469594945589e+01 9.792083611676784471e+01 1.120482836649934626e+02 1.126232666044558073e+02 1.043065975905801110e+02 9.729898228662443671e+01 9.141269420883817531e+01 7.496883671717624509e+01
1.386444740431663263e+02 1.212497688554615110e+02 1.015422377689800157e+02 1.212497688554615110e+02 1.326117356194334889e+02 1.124785584828101435e+02 1.009303181496619857e+02 9.383914319194789755e+01 8.747583004534931206e+01 9.996576857595445631e+01 8.977258994009579851e+01 1.092584633290757381e+02 1.094128036028413078e+02 9.842607143494525701e+01 7.837811845587766868e+01 9.259311569311275036e+01 1.125080722955991348e+02 1.222499003884872053e+02 1.140896574408355235e+02 1.222499003884872053e+02 1.154310994742828882e+02 9.891612272599213895e+01 1.154310994742828882e+02 1.212555991382774323e+02 1.149345707957652110e+02 1.058444270866757648e+02 8.911047105976781779e+01 9.906138579239051012e+01 9.819650083412119557e+01 7.816733637980172489e+01 8.375700511255887193e+01 1.037766690152724038e+02 1.182731265545376687e+02 1.211072821475922723e+02 1.010340948395865013e+02 8.705375708247082400e+01 8.852970061024940662e+01
1.274895574535175768e+02 1.307527663283541983e+02 1.164515704029826964e+02 1.307654244827990624e+02 1.410045866192116932e+02 1.293588843988019050e+02 1.209878403799616393e+02 1.138964351284496104e+02 1.075365583165541778e+02 1.075537626591560070e+02 1.013712997591308067e+02 1.182701983841669033e+02 1.125080722955991348e+02 9.259311569311275036e+01 8.599753384836844816e+01 9.842607143494525701e+01 1.182978925157183880e+02 1.193227724018875620e+02 1.108078768463168302e+02 1.193227724018875620e+02 1.268247480533892997e+02 1.186679520754936590e+02 1.184826066403408618e+02 1.012667524214600405e+02 9.493307629865213926e+01 9.493307629865212505e+01 7.754210160117837347e+01 7.903767090642185167e+01 9.110315871699008028e+01 7.108386124871842071e+01 9.111512183054628622e+01 8.999678009707081117e+01 1.041349533258042470e+02 1.221472896966271975e+02 1.152300851742328973e+02 1.069133952820736795e+02 1.084118836566723161e+02
1.136643291407042113e+02 1.315022341652823172e+02 1.386669023928781428e+02 1.359430717208365991e+02 1.259417931391305672e+02 1.176265624756257893e+02 1.192673595751462727e+02 1.109507705320584421e+02 1.192481689037835793e+02 1.276707482701323357e+02 1.215235515180615380e+02 1.299287138784460183e+02 1.206905527392054438e+02 1.125080722955991348e+02 9.758388005163224932e+01 1.023399937748827142e+02 1.221650768456380689e+02 1.091358727146215415e+02 9.050986900935586732e+01 1.091358727146215415e+02 1.197603432093648479e+02 1.243434723980544732e+02 1.043640495560890002e+02 9.020501371501748622e+01 8.123790991156248253e+01 7.490114441972274051e+01 6.972927105937428394e+01 6.486906568913005344e+01 7.921081029126931128e+01 6.607439811055303380e+01 8.319121892792222184e+01 7.583066932065905519e+01 9.585695252930085530e+01 1.021595710403620672e+02 1.093036277574941835e+02 1.010595746489688764e+02 1.093036270868367552e+02
1.230079390064227169e+02 1.309072510011818338e+02 1.390645376965227342e+02 1.275642252957990195e+02 1.076925619393120854e+02 9.773733275982942814e+01 1.069942988009826621e+02 9.102206903001852822e+01 1.054358345739173473e+02 1.137078006038731814e+02 1.118744823622614888e+02 1.201513674548221502e+02 1.199212828960252324e+02 1.256155956925360186e+02 1.174444966289370740e+02 1.221650768456380689e+02 1.118032144787212445e+02 1.006588729278362848e+02 8.042148333877148048e+01 9.092905498735031244e+01 1.053446990983576370e+02 1.155197811105232262e+02 1.184826066403408618e+02 1.095404466012322899e+02 1.012667524214600263e+02 9.493307629865212505e+01 8.976085349435047078e+01 7.923618566138226527e+01 5.919556768376542522e+01 7.501125242627639977e+01 6.315447489159506489e+01 7.211874868310333397e+01 8.213850000200906720e+01 1.021595710433210229e+02 9.933790625694859955e+01 8.111631566106662206e+01 9.032805036179286162e+01
1.170064258418785244e+02 1.112460653332919236e+02 1.309004677964066445e+02 1.359386014820855166e+02 1.210572578736657618e+02 1.011692304259795065e+02 8.705380269075470778e+01 8.102026903547159975e+01 8.549538807925526385e+01 1.018639915623452481e+02 9.196164819431486137e+01 1.086429627580638453e+02 1.000332584231582871e+02 1.141224120626340266e+02 1.118493765927488539e+02 1.032735309689537644e+02 1.033168407958130359e+02 8.305570828209540934e+01 7.331333567418616326e+01 7.666765814627764541e+01 8.674030315079683362e+01 1.010415964805725508e+02 1.214502819081399849e+02 1.164579459020897048e+02 1.049117159140095197e+02 9.596033700596774452e+01 8.767676581348079878e+01 8.212075365847206854e+01 7.501125242627639977e+01 5.496205129322355987e+01 6.914416144088751537e+01 8.917566302954212176e+01 9.342251615057045910e+01 8.758367796260053240e+01 9.108794514733760650e+01 7.110470085736800172e+01 7.619767261381815615e+01
9.738097854270364451e+01 1.086989654858238765e+02 1.225799319946632409e+02 1.422959764900323307e+02 1.226923305353754614e+02 1.027927322644731447e+02 1.027927322644731447e+02 9.392321242246285351e+01 7.395153640855654942e+01 8.191672970354618144e+01 8.042595716640971659e+01 9.325247430210139044e+01 8.592672443667605364e+01 1.058583259268569492e+02 1.032735309689537644e+02 8.204153329394145544e+01 8.826024143481564010e+01 8.677369537263898280e+01 6.669531404194262336e+01 8.071979336113231795e+01 8.912951295421068210e+01 1.008113611348025955e+02 1.119882503770535607e+02 1.081885111558514723e+02 8.817557397847164680e+01 7.660497036540645865e+01 6.764427910149606760e+01 6.208394927757984760e+01 5.690194534017591366e+01 5.241290454258547982e+01 6.935231220369652760e+01 7.764494791845309862e+01 7.344790394623767327e+01 6.759267463401906184e+01 7.704430408611105463e+01 6.352935504539114220e+01 7.171125096340341543e+01
9.690677721265747380e+01 1.082246872132481599e+02 1.278805692543658949e+02 1.309647219248212480e+02 1.210136091749901510e+02 1.027927322644731447e+02 8.283523809215273559e+01 7.748990610256613820e+01 7.249448196861304439e+01 6.778424423892387551e+01 8.363844443047615584e+01 7.328394256567187881e+01 8.570507872757379175e+01 1.056445751518226075e+02 1.032735309689537644e+02 8.204153329394145544e+01 6.679151948688128471e+01 7.813976882743170904e+01 7.549195263343095519e+01 6.081369997940021932e+01 7.220454809223568304e+01 9.235255423134927355e+01 9.198431604505543646e+01 1.061495823092650284e+02 1.018339815719847081e+02 8.181265504086643148e+01 8.767676581348079878e+01 7.327221173569303403e+01 7.694726859291036192e+01 6.348317021914419911e+01 4.930415390167981116e+01 6.634696621303699260e+01 6.872661508588906543e+01 5.341717173478166814e+01 5.702039555647297675e+01 6.460207032389563153e+01 8.461028693445177851e+01
1.142147150614837585e+02 1.246979978166981056e+02 1.360629010079546219e+02 1.226709993913902821e+02 1.028187247017914387e+02 9.284060248235547874e+01 1.027927322644731447e+02 9.745886758651880655e+01 9.246662721553067854e+01 8.363844491320395491e+01 6.365565373729411647e+01 6.572577023308572564e+01 8.570507872753594825e+01 9.947231828989539792e+01 9.977128352733362249e+01 9.694545494334519731e+01 7.813978885295374255e+01 5.836203308007510060e+01 5.571392584426502737e+01 7.549231832223046013e+01 8.913059445211789011e+01 9.614089067161910407e+01 7.783182395123516528e+01 9.614089067161910407e+01 1.101080189710690291e+02 1.018339815719847081e+02 1.015788973029505797e+02 9.329942047181071985e+01 9.180534004763650557e+01 7.764471955688982518e+01 6.634696621303699260e+01 4.631663410652163293e+01 4.869960369823181878e+01 6.872661508588930701e+01 6.859603325760909343e+01 8.460943276140919522e+01 7.876208429443863679e+01
1.060622567536209999e+02 1.198580374561864375e+02 1.280195422414136033e+02 1.309647219248212480e+02 1.210136091749901510e+02 1.127448620465909670e+02 1.074580215728091162e+02 9.920106178491343485e+01 9.920106178491343485e+01 9.190358693839273485e+01 7.968109055966328924e+01 5.968335835587540572e+01 7.124130653441733330e+01 9.121004994033353341e+01 7.980973157962208120e+01 9.392693731432635218e+01 8.689414312453162381e+01 7.199595855405090106e+01 5.222765244754942415e+01 6.613806809806746401e+01 8.613795861898793760e+01 8.783783875681012887e+01 6.782047514973928060e+01 8.783783875681012887e+01 9.998627096676980841e+01 1.084478827182185654e+02 9.301009395509296951e+01 8.266727794568092236e+01 7.418931576799468530e+01 8.229671462464678200e+01 6.425865973176695434e+01 4.424695669847597657e+01 6.425865973176692592e+01 7.699931034769224425e+01 8.858485665589546443e+01 9.683807005121967393e+01 9.872909706347802228e+01
9.222593377437698337e+01 1.002361535834071162e+02 1.140955384793935963e+02 1.337699406397368023e+02 1.207770848527627692e+02 1.124907826630798127e+02 9.920106178491343485e+01 7.928961979569902496e+01 7.928961979569902496e+01 8.147929504859155259e+01 7.723789840620050029e+01 5.722808679118050890e+01 7.723789840620050029e+01 8.393252478870498123e+01 6.565846983122359859e+01 8.393252478876250677e+01 8.629874498121951376e+01 6.917191430271334696e+01 4.930862970897162256e+01 6.917191430271334696e+01 8.092734091916575778e+01 7.262894459551563386e+01 6.114564270185741890e+01 8.116538241721818281e+01 7.988596003760835629e+01 9.997038453472308106e+01 8.458526174192843428e+01 6.379759348590172152e+01 5.390827946166382389e+01 6.369458639702604330e+01 5.730190930574534747e+01 4.252714989793345524e+01 6.253632656332094797e+01 7.776010165959833387e+01 7.408530125723169135e+01 8.825140300275971583e+01 1.082576202094368654e+02
9.767173531958485455e+01 1.172937873442803038e+02 1.280195422414136033e+02 1.182650834866120846e+02 1.099318272768351932e+02 9.260533970780009838e+01 9.625438647986057106e+01 8.512154613113733603e+01 6.517296255255737947e+01 6.151403644423113803e+01 5.796444233037762928e+01 5.482525166837308461e+01 7.217644433488052869e+01 7.036246273118779015e+01 5.563304300615745035e+01 7.565588751996243388e+01 7.789967047418168988e+01 5.797632995161475122e+01 4.589518968954875788e+01 6.641737185649795094e+01 7.262894459551563386e+01 5.260587607805147314e+01 7.262894459551563386e+01 6.576355570107678261e+01 8.512561290743751385e+01 8.981068734979336909e+01 9.298507008716381961e+01 7.717874482107110623e+01 6.369447655662153096e+01 4.539305142256532832e+01 4.016178821795417520e+01 6.020633224756095103e+01 5.104375121921530223e+01 5.771835204586303547e+01 7.189379769046318813e+01 9.192261226288744069e+01 9.641638414366855159e+01
1.035804723046564675e+02 1.232078367939579238e+02 1.214368634385921979e+02 1.015333218438995715e+02 9.003776771613605945e+01 8.298280730890068924e+01 7.633125115217146117e+01 7.134083499566344244e+01 8.512154612574609303e+01 6.866760138616881193e+01 7.632727117763889169e+01 6.199973829153968552e+01 5.213996300107130111e+01 5.032324239381171793e+01 4.853885777026334836e+01 6.613041797804750388e+01 7.424546948441262373e+01 6.369331381687420901e+01 4.112247055510181326e+01 6.056670738042568303e+01 6.762317849191441610e+01 4.760271607264329674e+01 6.681710687518334169e+01 5.682785890438098164e+01 7.681335636727737892e+01 6.971595490097928405e+01 8.402577673245539813e+01 6.903065194258027759e+01 5.134201997022179853e+01 4.718387896384217584e+01 3.851188890191333059e+01 6.338716461750526321e+01 7.107951837944523277e+01 7.776010165959833387e+01 8.604720897919582967e+01 9.055571036045584776e+01 7.634434296460233327e+01
