MOVIE_S13_data/elevation_000141.asc
nrows	150
cellsize	150.0
xllcorner	0
ncols	150
yllcorner	0
NODATA_value	-9999
[rows 85 to 101 of 150, columns 111 to 147 of 150]
2.892755512324183087e+01 3.929433703676530598e+01 1.938862323220965322e+01 2.988717115508523392e+01 4.530722304629836827e+01 4.034787116883356362e+01 2.295117580215811870e+01 3.464539939224204090e+01 2.951602761493973404e+01 1.403123594316104850e+01 2.987794431761144764e+01 1.275138170263073256e+01 3.112127877830371148e+01 1.241466336994501063e+01 3.137241913663354254e+01 3.135372797174868964e+01 3.323076760220438786e+01 2.117067769228954432e+01 3.289800911684370277e+01 1.752831506537070538e+01 1.008513224367542982e+01 2.640144242455695789e+01 1.957848550074243832e+01 1.158964368921197163e+01 2.697917108117560403e+01 3.246455290650725090e+01 3.789870122519273110e+01 2.857094175958078353e+01 9.275351047851170705e+00 2.521341534892988889e+01 3.224856704296212939e+01 3.606615680327368523e+01 1.732389548983770666e+01 3.403060068850373909e+01 1.877017613253353190e+01 3.394323239787310342e+01 3.465384057128776618e+01
2.164805629328839842e+01 2.070579259419092466e+01 2.810691843946169399e+01 4.560804107033456489e+01 5.492651526531704320e+01 3.960258571296254360e+01 3.477487876507522202e+01 4.695445310425492380e+01 3.979018552453338486e+01 3.291950604666600100e+01 1.340700831193701603e+01 1.431677705980353643e+01 3.560704180942079233e+01 3.255165393885286562e+01 4.913230755390949867e+01 5.041027809306048368e+01 3.072730381405053990e+01 4.111066505086407830e+01 3.428038906990213519e+01 1.376744255467730937e+01 3.148752820371917949e+01 3.208729728148882998e+01 3.041601425211773346e+01 1.666004443991103656e+01 2.253330164635483968e+01 3.789727880876902333e+01 5.053202701972020350e+01 2.784652913172885036e+01 1.309575711496931483e+01 3.260542812673383395e+01 4.803718372659471214e+01 2.737790178208074465e+01 3.771599487483423019e+01 4.494626401570346985e+01 3.670907258100238124e+01 3.994040035017648904e+01 3.238156650267929137e+01
4.164101798395426357e+01 4.066492368880795993e+01 4.021225385803845143e+01 4.148614707237885568e+01 6.061388664356655198e+01 5.769969684134692756e+01 5.399493478736464169e+01 5.403578016111602267e+01 4.553671545235401652e+01 3.450222930702166479e+01 1.471206371202083396e+01 3.261862264758533314e+01 4.501510970217480434e+01 5.596218572588017537e+01 6.164644654361101317e+01 4.223290445397146442e+01 5.041027809306049079e+01 3.971950578199710691e+01 1.938081272013658918e+01 3.428094156329446918e+01 2.202525799208333268e+01 4.071702112750790548e+01 4.503352583557600042e+01 4.030230874251655848e+01 2.448949229349168277e+01 4.258144477984821918e+01 4.950326791632075185e+01 2.811846439367184303e+01 1.705478231916308829e+01 3.727943272324576895e+01 5.643815481270411283e+01 3.763908806273612129e+01 5.643815465291907429e+01 5.148617819354851832e+01 3.148830371750597834e+01 1.994130691562438074e+01 1.238201746394153524e+01
3.127031403432101442e+01 5.144904878341495902e+01 5.972260082169283635e+01 6.061388664050944186e+01 6.888322995832282913e+01 7.148363611187777167e+01 6.005601207248319895e+01 3.952263423213301508e+01 2.521729036755962028e+01 3.565280730213062554e+01 1.598084500297455257e+01 2.256303229519070541e+01 3.304267771338276560e+01 5.521575669423985744e+01 6.165708825853159425e+01 5.601586150517812968e+01 5.762545379568500437e+01 3.788516249520853307e+01 2.360410158199802311e+01 4.365398794843112995e+01 2.901423105142207959e+01 4.187416341232258077e+01 6.077528313438096319e+01 4.868632269233038556e+01 3.037170811639463963e+01 4.868632269233038556e+01 5.828266721000745321e+01 4.336754244784300738e+01 2.223223069910848082e+01 3.335324811207982521e+01 5.501857985366299175e+01 5.239175115579863018e+01 6.655248069337285699e+01 5.976202378991501263e+01 4.821934931322243756e+01 3.994040035017648904e+01 3.238167419512834755e+01
5.144833210041070259e+01 4.097981216229442225e+01 5.540251567450609826e+01 7.551925703786949384e+01 7.488722469305365337e+01 5.427418070675955164e+01 4.239761213828298025e+01 3.469785495664141450e+01 3.796644465247412370e+01 1.783246100010006430e+01 3.559421593214476331e+01 4.170901317356010196e+01 5.140274688630424293e+01 6.443057964409953797e+01 8.069204546286350421e+01 7.503692550615460277e+01 6.179109858324613924e+01 4.210971172953554742e+01 2.809680112523685480e+01 4.787319777978588320e+01 4.829559758730395203e+01 3.957721447812595272e+01 5.830345285730339810e+01 5.682131288840638206e+01 3.918516169109520320e+01 5.682131288840638206e+01 5.594203650760551483e+01 3.416237391662384226e+01 3.416237391662384226e+01 5.218343257183362738e+01 6.402817714243323621e+01 7.265448301758206640e+01 6.352273213040381705e+01 5.196154264034376524e+01 4.367143447127624967e+01 3.659985242984333098e+01 3.056938492459596546e+01
6.863855423177631110e+01 6.129457280445934941e+01 5.540251567450609826e+01 7.551925703786949384e+01 8.335640408234039000e+01 7.148363611187777167e+01 6.298627819875102318e+01 5.520393522187811897e+01 4.642833992907923601e+01 3.786048376318661468e+01 1.980264442149649184e+01 3.991657058295871252e+01 5.332902999770146835e+01 6.172972019921738251e+01 7.086782564703862874e+01 7.502241053221865741e+01 5.459665720707178593e+01 4.065244709612807839e+01 3.805858605282568874e+01 3.750123149305914438e+01 5.713761017334468306e+01 4.904147584541766491e+01 6.606738860643554290e+01 6.646684426267941603e+01 5.818748782633288386e+01 6.646684426267941603e+01 6.461614247174556169e+01 4.687107661449031326e+01 5.594203650760551483e+01 6.461614247174537695e+01 6.748603746318518404e+01 5.922065999004979631e+01 5.522191157818421914e+01 3.521748187286590337e+01 2.367046550839385688e+01 1.659939769263899123e+01 1.056917080104732598e+01
5.895795510100580117e+01 7.886888017782027305e+01 7.551925703786949384e+01 8.383223055781083133e+01 8.662207836481950096e+01 7.473936283691993765e+01 6.549720247197041090e+01 4.983541449468306439e+01 2.997528108298497429e+01 2.549380728181998990e+01 2.121788505224255417e+01 4.116890789050594179e+01 3.290329151106654137e+01 4.202687986162133882e+01 5.652066327564772052e+01 7.690657395470324786e+01 6.882926150992808800e+01 6.044454510823805293e+01 4.932721936294790055e+01 4.486411962506668516e+01 6.455471629456212668e+01 6.211751580396318673e+01 7.538628885048336770e+01 8.289001050510584889e+01 7.463190546509409273e+01 8.289001050510584889e+01 7.685842700366839608e+01 6.833319815831076482e+01 6.979722054330865433e+01 6.152466086837758752e+01 5.404375997554352296e+01 3.940933958126221626e+01 5.602380779120062471e+01 5.196201135568030338e+01 4.367143447127624967e+01 3.659985239640611354e+01 3.056938492459596546e+01
5.313405524835823712e+01 7.301809311117014545e+01 8.314060292055393120e+01 9.313046542790793580e+01 7.830642857551491431e+01 5.751548856281910815e+01 4.551308558314659791e+01 3.672572353304939696e+01 4.982379025861885680e+01 4.527727184833250362e+01 3.545047582222057514e+01 2.340377913506965868e+01 4.370577381538733164e+01 6.172972019921736830e+01 7.087071291560918951e+01 7.257696013994399209e+01 8.086147707796007467e+01 7.709003890672134673e+01 6.903112233745832782e+01 5.463017377868340674e+01 7.272610235030680315e+01 8.072573300360571125e+01 7.736154510087872893e+01 6.909787824525662359e+01 5.458501185442589332e+01 7.288268226141990169e+01 8.120840412890224513e+01 7.560439477252906215e+01 5.569264413067384822e+01 4.173205752321765516e+01 3.424420159557893584e+01 2.794444209217383701e+01 4.053872256530721074e+01 4.877374599586214288e+01 6.021899127196474666e+01 4.590549932412833556e+01 3.590549788557568434e+01
4.689625064834239510e+01 5.497299877790899103e+01 6.487486733962262520e+01 8.484795957102114983e+01 8.009084355250709564e+01 5.935756038995026529e+01 4.732596461792488896e+01 5.700534256247716058e+01 6.549720247197041090e+01 6.424778362310664193e+01 4.537903035945556951e+01 2.502298593978624197e+01 4.537903035945556951e+01 5.527675474226298746e+01 6.172937511551735668e+01 5.228298682229192451e+01 6.408130542818203423e+01 8.418224029799175412e+01 8.262309432046005497e+01 7.447993138783677125e+01 8.262309432046005497e+01 8.322894831200336796e+01 6.324365825469819669e+01 4.892273295801460620e+01 4.435057687130619541e+01 6.121666644904622956e+01 6.121666644904622956e+01 7.584459293781226563e+01 6.979722054330865433e+01 6.152466086837758752e+01 5.404375997554352296e+01 4.053872256530721074e+01 2.065028826012907714e+01 3.215698447159754636e+01 5.197330886708381570e+01 3.762122574475679926e+01 1.762122572607806248e+01
6.090434360855570617e+01 6.090434399799612208e+01 8.083535567824139889e+01 9.313046542790793580e+01 8.839160317651621313e+01 7.653850484364606643e+01 6.812047693742022147e+01 7.653850484364606643e+01 7.316368651462721573e+01 5.875779119779974025e+01 4.724287628444553633e+01 2.684043240423896393e+01 3.072165204881408940e+01 3.486980502327560316e+01 4.132486100353323621e+01 6.172937511551735668e+01 8.086147707796007467e+01 9.243808307557014814e+01 9.914189135748901549e+01 8.918107948257588191e+01 8.092833698027072842e+01 7.427509671090557219e+01 6.849558225798794808e+01 5.633827803260503231e+01 3.581178430032483817e+01 4.084938404611009588e+01 4.732085613143403435e+01 6.757332132984305417e+01 6.237103745716721903e+01 5.407767747397970481e+01 5.407763492233092251e+01 3.629140802634348972e+01 1.638646994329617357e+01 3.629140801170098740e+01 4.368483509674150156e+01 4.590550102497040541e+01 3.590549788557568434e+01
8.083532582095632790e+01 8.083535567824139889e+01 8.911428800892886670e+01 9.693949882176812594e+01 8.699901486381894244e+01 7.885063412135080796e+01 8.699901486381894244e+01 7.634357653199673166e+01 6.194600532158671058e+01 4.435188649101598912e+01 2.989937001862438137e+01 3.046868946811139978e+01 5.033693294211406055e+01 5.519380071748394556e+01 4.358381129097369922e+01 5.541392304847813222e+01 6.978919531484761762e+01 8.982030805855885092e+01 9.088821309455099140e+01 7.096846086599072123e+01 6.096861617217495422e+01 5.425427135984181604e+01 4.836613210691105991e+01 4.300675211095673944e+01 5.103840220639509084e+01 3.051082447128044706e+01 4.644831006802679951e+01 5.481456495224024650e+01 5.407767190328087281e+01 3.406831345385520393e+01 3.406831320308870659e+01 3.231033410123246341e+01 1.238648805598510094e+01 2.724382989772125896e+01 2.358419715074607481e+01 4.367848438513889420e+01 3.985534046690570875e+01
8.374903596888572110e+01 9.209739115738317139e+01 1.022112208366980468e+02 8.887770388070119054e+01 6.882356436200014116e+01 5.853580112408594971e+01 6.870182591103609582e+01 6.253631666677072332e+01 4.754843860876692219e+01 3.307543333859120338e+01 5.034243372619827994e+01 5.104972582660786173e+01 3.591118839116822414e+01 5.635522541510710681e+01 6.396930428906537003e+01 5.541392304847813222e+01 6.717946182134654975e+01 8.723557439751888865e+01 9.914189135748901549e+01 8.918107948257588191e+01 8.092833698027072842e+01 7.427509671090557219e+01 6.849558225798794808e+01 6.329818057775905515e+01 5.938239736725025608e+01 4.644831006802679951e+01 2.622552241193663747e+01 4.644389849571091133e+01 5.409043008801828734e+01 3.406852411418578441e+01 1.992244595982987576e+01 2.854055662853735953e+01 8.537487154798922617e+00 7.243794700092609951e+00 2.537730125510828927e+01 3.370674105281096189e+01 3.157109327529631670e+01
6.313702351334702456e+01 7.360499063666094344e+01 9.389308130111047035e+01 9.693949882176812594e+01 8.404423004786241336e+01 6.870182591103609582e+01 4.821926644328913625e+01 4.203991538224613578e+01 3.638274829424228329e+01 5.353817745314425736e+01 6.194601454185102085e+01 6.405294377472614542e+01 4.363646135266741766e+01 4.253779505299692687e+01 6.304958686851556848e+01 7.565617240276834821e+01 8.393205690484293768e+01 9.548963788604314118e+01 9.233300973633585329e+01 8.227396744987731836e+01 7.396571238835055340e+01 6.707611455013298496e+01 7.279679062829595182e+01 6.948133877550402815e+01 4.927203989349400359e+01 3.482660966202904262e+01 2.350526272470676048e+01 3.944805043188870997e+01 4.223527493090047358e+01 3.394891457871060680e+01 3.049735160666263667e+01 1.049395110697823341e+01 2.854055662853735953e+01 2.543307860010290611e+01 5.433079779242231844e+00 2.367896351794337662e+01 2.245498194257431734e+01
8.374903596888572110e+01 9.209739115738317139e+01 1.022112208366980468e+02 9.009513558012532997e+01 6.975431045055827894e+01 5.519946453470409864e+01 4.740500890926835353e+01 4.016665163974542452e+01 5.674725235611428076e+01 5.311104938743316239e+01 7.348512856425072926e+01 7.229308526021469561e+01 5.390853679652443731e+01 4.822352585468305364e+01 5.704584687018368072e+01 7.145827952020050589e+01 9.147730994151142170e+01 9.819914117688394128e+01 7.818878565364096289e+01 6.388174168425589983e+01 5.329691887369814651e+01 4.573501331827740302e+01 5.183736467824061833e+01 6.389575508440373142e+01 5.560990779273557649e+01 5.180390196145116022e+01 3.944805043188833338e+01 1.978664679322899644e+01 3.394909924931499035e+01 1.394503831180051101e+01 1.250912199446251627e+01 3.048994756103718018e+01 3.359799463716237966e+01 1.359804558943695163e+01 2.367896351794339083e+01 3.678963740628166335e+00 2.454983617903959914e+00
8.576523398113039320e+01 9.632760572450148118e+01 1.062120854315557210e+02 9.601773752208727331e+01 7.571200019607867659e+01 7.570457610231323997e+01 6.360180974618481287e+01 4.307763635867586771e+01 5.227477785216375850e+01 7.272574937908473203e+01 8.172693664568397764e+01 8.234792869087227984e+01 6.835662645278689808e+01 5.416940433861987714e+01 7.451199103041065541e+01 8.557059464376453661e+01 8.986209165560477174e+01 8.158283923296824014e+01 7.939626632535640738e+01 8.227396744987728994e+01 7.396571238835055340e+01 5.790503935108997524e+01 3.629803881662866161e+01 5.234014165947186115e+01 3.559020702903107036e+01 4.215191697138320137e+01 3.776320646261036273e+01 1.775653235970380450e+01 1.600241631335228831e+01 3.394907748643173306e+01 3.251289499580958875e+01 4.078562762654685514e+01 3.992268216418663940e+01 1.992260091291041491e+01 3.194174750289617393e+01 1.522590657298766637e+01 2.245498194442332363e+01
6.854574405122380654e+01 7.825455491412013487e+01 9.786690797017591592e+01 1.006051234322603989e+02 9.056683621212246749e+01 8.228637664886805680e+01 6.677151271689666601e+01 4.622948967274025733e+01 6.677151271689666601e+01 6.904413910609370930e+01 8.917800455706009188e+01 9.633923092895756213e+01 8.090170963357542178e+01 6.069564524002535677e+01 8.090170963357542178e+01 9.109243807442229013e+01 8.109566272842516810e+01 6.157995746226946920e+01 5.939120389191288041e+01 7.154791094666086337e+01 6.896621696085942688e+01 5.235829106589777382e+01 3.194620812140091815e+01 4.405153204019117652e+01 2.403784549862768927e+01 2.213952792909509881e+01 2.026635579437316892e+01 3.652880167118005517e+01 3.600693715701387987e+01 3.014702323363285430e+01 5.015402310886221215e+01 5.061324675925125405e+01 3.061305127524110503e+01 3.992269259215562727e+01 4.344670441462266552e+01 3.521044638272272920e+01 3.223608797260726533e+01
8.805462952852613512e+01 9.632760572450148118e+01 1.062120854315557210e+02 9.236019372490689250e+01 7.221255957282915006e+01 6.192877260233466785e+01 5.502919862635703652e+01 5.061432665141808940e+01 5.814294656057025179e+01 7.855835328467304635e+01 9.731093340527250746e+01 9.494554106238921065e+01 7.508456418807925559e+01 7.508456418807925559e+01 8.907174550578233152e+01 8.281406777290429488e+01 6.281728752581008735e+01 5.280024357790836831e+01 4.522492873566741167e+01 5.153315725976273853e+01 4.894728864407128555e+01 4.910848288750165835e+01 2.909060950476554197e+01 2.681136181641399929e+01 4.405153201357060055e+01 4.215191697138320137e+01 4.027758500843957279e+01 2.879387307943166974e+01 4.875428204251453934e+01 5.015402462220420432e+01 5.843928226051702524e+01 4.694305276057687593e+01 5.061324675925125405e+01 5.889809523987891993e+01 5.321482053132373125e+01 3.906491372008698448e+01 2.428543942273661216e+01
