MOVIE_S13_data/elevation_000013.asc
nrows	150
cellsize	150.0
xllcorner	0
ncols	150
yllcorner	0
NODATA_value	-9999
[rows 17 to 33 of 150, columns 0 to 36 of 150]
6.667419890256869042e-02 2.006667419890221282e+01 1.733698043943123324e+01 2.883994643170219874e+01 3.204250946675174561e+01 1.712251461827920807e+01 2.528748042755173486e+01 3.683448579691073377e+01 5.683447031969946295e+01 5.082686847704487576e+01 5.082686847704487576e+01 7.081119071592632963e+01 8.188412796089693302e+01 7.805553866601530899e+01 6.130879836138083760e+01 7.062796285915388239e+01 7.891257924261667256e+01 7.100080111464717447e+01 5.489000608262878700e+01 3.490981945225955485e+01 3.020985666411215220e+01 4.094157345406156168e+01 2.182072115963876158e+01 3.581159604348377457e+01 5.503675646284686707e+01 6.560589188313124964e+01 6.753706370406895587e+01 6.069908891380543281e+01 4.886329303127595836e+01 5.642831798205018856e+01 7.056710743014134835e+01 9.055411621657270871e+01 9.358711471369215928e+01 7.340623234484857562e+01 7.491510782502501797e+01 8.915676640863641467e+01 8.924983430822733510e+01
4.608085242692564615e-02 2.903223709569777267e+00 5.789975055517893487e+00 8.839946462169960384e+00 1.204250953827167514e+01 2.358951459457688671e+01 4.358878594629229752e+01 5.357167378177632600e+01 5.668014094339607567e+01 3.668622265398427373e+01 5.432407212243458616e+01 5.363352089636017439e+01 6.775882442862851462e+01 7.929344132405971379e+01 8.132945279459407573e+01 8.960908044719334953e+01 8.041423817307267541e+01 6.272467758589347397e+01 4.275010614702536316e+01 5.489000608262878700e+01 4.371483128655358996e+01 2.375311667753349099e+01 4.177518374978142646e+01 4.765270440059886425e+01 4.957087157247435272e+01 4.560067089954803521e+01 4.753419582704283641e+01 4.069028399034981192e+01 6.069908891380543281e+01 7.642116676805200370e+01 7.642116676805200370e+01 9.640888929815707797e+01 1.018992161367223162e+02 8.769850603224517727e+01 9.508797566097977949e+01 9.521029216920088345e+01 7.490742835980526593e+01
5.876900824735645928e-02 2.005876900824700115e+01 2.578997505524458589e+01 2.298208208574678224e+01 2.618464516162416089e+01 4.032457867423699582e+01 5.186669411164317012e+01 5.244532474696035962e+01 4.416819906546972163e+01 2.961227514224120938e+01 3.432914812978127372e+01 3.949330553852293235e+01 5.103951555176741550e+01 7.102463425539659170e+01 8.842339181049229069e+01 8.625262243534069739e+01 6.628573125997039028e+01 5.217392699779622944e+01 6.272467758589347397e+01 5.057194332785191904e+01 3.058019638739405366e+01 4.371475464110852727e+01 2.588978330768958713e+01 2.772665233910606375e+01 2.958061186021920719e+01 3.146148330947487182e+01 3.338852298950992292e+01 5.339290651640073548e+01 6.470292023055482389e+01 7.583343182528491866e+01 8.419181141768004295e+01 8.592072556757315738e+01 9.420871618366498979e+01 1.078034736559495457e+02 9.796129278172624311e+01 8.624730550602498624e+01 7.718292173208996587e+01
6.642187732006160639e-02 2.006642094102959462e+01 3.831734222419923697e+01 4.298208198225127319e+01 4.618464491872869360e+01 4.427903505789818439e+01 3.598302041967786380e+01 3.923576620424859840e+01 2.413256206904518564e+01 4.416819906546972163e+01 5.432407212243458616e+01 5.948622059206968515e+01 5.018319329238673276e+01 6.018106423590800347e+01 8.015729511406492236e+01 8.625262243534069739e+01 6.628573125997039028e+01 7.213389828602244336e+01 5.813468202976746113e+01 3.812555619393550188e+01 5.057194332785191904e+01 5.414648699585804792e+01 4.586157486491004676e+01 2.975336943554638580e+01 4.957135615475586121e+01 4.560067088659550905e+01 5.339290651640073548e+01 3.641653377271958192e+01 5.638851542382159465e+01 5.581610473539438999e+01 6.960561515976367275e+01 6.593887776942095513e+01 8.495302043640943168e+01 9.494630312624359192e+01 8.956944889081177053e+01 6.926799752655770703e+01 5.758320531864031722e+01
6.905422957280787921e-02 1.006903341862530432e+01 2.420952367348019152e+01 4.418284557203583773e+01 3.973977396846886734e+01 3.137387463447243974e+01 1.486126096988942891e+01 1.892237529030569831e+01 3.923576620424859840e+01 4.416819906546972163e+01 6.415636669834140093e+01 7.288788425682098193e+01 7.016917967498650910e+01 7.843822113825204667e+01 8.842339181049229069e+01 9.454274508617494632e+01 8.625262243534069739e+01 6.708415875871222056e+01 4.707252042973932049e+01 5.813468202976746113e+01 6.642100339247726026e+01 6.252547805075455045e+01 4.251281272195696204e+01 3.251565457029161621e+01 5.251915090463918290e+01 6.560588207873807676e+01 6.470534934093213053e+01 5.642448026573681830e+01 3.953996288034341688e+01 4.425988937696421743e+01 4.961363559644470911e+01 5.668940660065648984e+01 6.668102699022426805e+01 8.665842136995172496e+01 9.064202720302279204e+01 7.033870054762137158e+01 5.865116332080966544e+01
2.247884206357958492e-02 2.002247779320740761e+01 3.413048906902073298e+01 2.582160920260090720e+01 2.751070904443286835e+01 9.051817857626856423e+00 3.137387463447289093e+01 3.923576620424859840e+01 3.923576620424859840e+01 5.923561998659142347e+01 5.340438933655587306e+01 5.289247219627699792e+01 6.507250356593549157e+01 7.335496333464872976e+01 8.229710008417099232e+01 9.384097941205992299e+01 8.122927562851486982e+01 6.122505950988742995e+01 5.862886194825987474e+01 7.536919876964914522e+01 8.252871058352903333e+01 6.252548538317258675e+01 5.546974139367453915e+01 3.545786309535376546e+01 4.960887801707343669e+01 6.961911724468077978e+01 7.629967572796338970e+01 5.621940771478327292e+01 4.206190351127520444e+01 6.206477422179833781e+01 6.960561515976367275e+01 7.666972418745771733e+01 8.495302043640943168e+01 9.494630312624359192e+01 9.903246655958571409e+01 8.731828119635690655e+01 7.033870054762135737e+01
8.935793240062051002e-03 2.000893339045216024e+01 2.335167190070830756e+01 5.776904384021104732e+00 7.511124323069338082e+00 9.693303225429243497e+00 2.969285098375007337e+01 4.111880704377200146e+01 5.461684417048839180e+01 4.633392887745984723e+01 3.340610718960321890e+01 3.875131778206965549e+01 4.507580672493843821e+01 5.401958080698604903e+01 6.556436540646930666e+01 8.555761251624019792e+01 8.951333802945360674e+01 8.122927562851486982e+01 7.863430899832758314e+01 8.691832280121401766e+01 7.887327810360623914e+01 7.058955747551064519e+01 5.855834908474713529e+01 3.854188356745576272e+01 5.269799472861721767e+01 7.270649605162843443e+01 7.612239493282959302e+01 5.622392709894591434e+01 4.466968495009690088e+01 6.466563330267103993e+01 7.434373038757146901e+01 8.065698419940193276e+01 8.770058157387822462e+01 8.770067905523927720e+01 1.076612936903988498e+02 9.903246142485242842e+01 9.064202718609863041e+01
3.542675937824442400e-02 1.690638536582982132e+00 3.351548133657785034e+00 2.326732079695177191e+01 2.738184727202573399e+01 2.969285098375007337e+01 1.283600003070276152e+01 3.283548528967880031e+01 4.016213936350460045e+01 2.633504513491275389e+01 4.633392887745984723e+01 5.874899279619101833e+01 6.507250356593549157e+01 7.335496333464872976e+01 7.146329601965921086e+01 7.812641971033308153e+01 8.639881895299699011e+01 9.638780755374695275e+01 9.627562754443543724e+01 7.628031946977566236e+01 6.213638225468758947e+01 5.058031710405104775e+01 4.540890423580499657e+01 4.354627111040142751e+01 5.120397698320461188e+01 7.121345268620008540e+01 8.426352256127388785e+01 7.287091106386648676e+01 6.466563330267103993e+01 4.859965142133147964e+01 5.438014237514555305e+01 6.070219334400394473e+01 6.775894800623581204e+01 8.185704778259241721e+01 1.018084529271707908e+02 1.012520810160124398e+02 8.841922176923633003e+01
9.242822829079952451e-02 2.009242822829044428e+01 2.335167221808588067e+01 1.599853039427043910e+01 3.011212256798420128e+01 4.111688131975326854e+01 3.283548528964885804e+01 1.608042845331758386e+01 2.016291135780645760e+01 4.016213936350460045e+01 5.461684415304995355e+01 5.367636964719178394e+01 5.793964774864507916e+01 6.293850136179840860e+01 5.147088041341476128e+01 5.813704863831151926e+01 6.813468124660511194e+01 8.811815817406106532e+01 9.472912929654157210e+01 7.473353279346073919e+01 6.058900757213879729e+01 7.058955747777608281e+01 6.542319270782083152e+01 4.871805498779244914e+01 6.872924119547326427e+01 6.754345214534728825e+01 8.754308244873251965e+01 8.119965122485744757e+01 6.124575393021211767e+01 6.857969849522721972e+01 5.353031878854331893e+01 6.764625612543302680e+01 8.755231356566572742e+01 8.770067630169884865e+01 1.076612519936217893e+02 9.287299548598967647e+01 7.256384057990551639e+01
6.779948344387334846e-02 1.161465029225364987e+01 3.156789728658343108e+01 3.596364298034824714e+01 4.403707101706939397e+01 5.768840177357159149e+01 4.434965458295687313e+01 2.502469528135762999e+01 2.029679866662498355e+01 4.029553198658714308e+01 4.790365091960748600e+01 3.367908659945128136e+01 3.794309855514065788e+01 4.294308691585352022e+01 6.293850136179840860e+01 7.812641971033308153e+01 8.639881895299699011e+01 9.638780755374695275e+01 9.691627999745026045e+01 7.692088385806053452e+01 7.473353279346073919e+01 8.287166547229428204e+01 6.287125738722784263e+01 6.287125738700846966e+01 5.941883350068496839e+01 7.942067541840485490e+01 9.582697435866160163e+01 8.119965122485746178e+01 8.119965122485744757e+01 7.949275377549264476e+01 5.955967669333517023e+01 6.001720041790069615e+01 7.152206654184614365e+01 8.557371583246660407e+01 1.054476458623838369e+02 1.012520810160124398e+02 8.271841803294748274e+01
9.456690088683034068e-02 2.009456690088647335e+01 3.983774775244295085e+01 4.161933162463083846e+01 4.990360286162348302e+01 6.145060823819036244e+01 4.502056656565805781e+01 3.916614527403596213e+01 4.029553198660859437e+01 2.466115646588617238e+01 2.790558487504413421e+01 4.790365016279806554e+01 5.793964743090101166e+01 5.427137594513791896e+01 6.293850124160100989e+01 8.292397184175344194e+01 9.071288179006556618e+01 8.241179493931933564e+01 9.071288179006556618e+01 9.691627999745026045e+01 9.472912929654157210e+01 9.115503377770399140e+01 8.287166558549772333e+01 8.287166515403090727e+01 7.942067541840485490e+01 7.356399258450068146e+01 9.355995854653416188e+01 1.011564483353556483e+02 8.945198316762258628e+01 6.953352438336256114e+01 7.949275377549264476e+01 6.666783632631840817e+01 7.152206654179011025e+01 8.557371579286980534e+01 1.054476175994664118e+02 1.113665319794449573e+02 1.012520810160124398e+02
5.600688922766024203e-02 2.005600688922730512e+01 3.007232624084060291e+01 2.161933162463447999e+01 3.316633700842658783e+01 5.316633700841792631e+01 6.500185185397002385e+01 5.915243100119062802e+01 5.293921475318595071e+01 3.880298693644179764e+01 3.945245644217983738e+01 3.790552860524945089e+01 5.790177309634247393e+01 7.426158414918319295e+01 8.253491714217146580e+01 8.380064726671764674e+01 8.068987826566103649e+01 6.236354675021295435e+01 7.898567711274380088e+01 8.728735283552911994e+01 9.324494428590571715e+01 8.494407458696480262e+01 8.491919365724403690e+01 8.711138457395193768e+01 9.541236137143323504e+01 9.355995854653416188e+01 1.018437615863388288e+02 1.035412835037391091e+02 8.361600388405537387e+01 8.361600388405537387e+01 9.340731187387807211e+01 7.370236353062495027e+01 9.139464677838365958e+01 9.139464686338639865e+01 1.112794612776829410e+02 1.094711179008883306e+02 1.011115004483489059e+02
2.504255526148684366e-02 3.405659574175560422e+00 1.007232624084216788e+01 3.007232624084060291e+01 3.759715990952841480e+01 4.276113770447140894e+01 4.830813966672314308e+01 5.586742912690674956e+01 6.415170037035186112e+01 5.879849694989771791e+01 5.359316338286851789e+01 5.204650436910531397e+01 5.204650436910530686e+01 7.203764266220686352e+01 7.792808621593192697e+01 6.375406731034534857e+01 7.238767084476623381e+01 5.233737192318641718e+01 5.893735158295361742e+01 7.898567711274380088e+01 8.167187571636461030e+01 6.489683152942802735e+01 6.487157783071691597e+01 6.706476540051933455e+01 8.278607367334331002e+01 9.108664074252691023e+01 1.000489197750955412e+02 1.118053611635209705e+02 1.035412835037391091e+02 1.035412835037391091e+02 1.015649068342233079e+02 8.765512130418086656e+01 8.964443549011899393e+01 1.087558541502509684e+02 1.104208194355881858e+02 9.794573839856046504e+01 8.123981902825245527e+01
7.532853315450405152e-02 2.007532853315414911e+01 9.062513823667892154e+00 1.323280210480935182e+01 1.759715990952912534e+01 2.276113770447225804e+01 2.830813966672445048e+01 3.586742912690873197e+01 4.741443451070083626e+01 6.741443451069621062e+01 7.358349948199226276e+01 7.203764266220686352e+01 7.203764266220686352e+01 8.031155062776130649e+01 6.962557463996844831e+01 4.958039338678113239e+01 5.694788886577241982e+01 4.476644686775343729e+01 6.480937017919374910e+01 8.186936664997945456e+01 7.270554929931307697e+01 5.331786202529251284e+01 5.069109663044361014e+01 5.604930883985754519e+01 6.273670101975610436e+01 7.170770500620832877e+01 8.588026296445649166e+01 1.059162312068201146e+02 1.031955543498864216e+02 9.467290676082461687e+01 1.031955543498864216e+02 1.072943283605960687e+02 1.087558541502509684e+02 1.080886365571047776e+02 1.007081648856768652e+02 8.215385876100657470e+01 6.983586924677325669e+01
6.306811280081249527e-02 2.006306811280045821e+01 2.906251382366987102e+01 3.323280210480864127e+01 3.759715990952841480e+01 3.392709152808306783e+01 4.830813966672314308e+01 4.463807128527839296e+01 6.415170037035186112e+01 7.569870575137136370e+01 7.414144614609324435e+01 7.414144614609324435e+01 8.243116244557798211e+01 8.104799798821724721e+01 6.947566933249829901e+01 5.694788886577241982e+01 3.691885902628937544e+01 5.694788886577241982e+01 6.591131716337145008e+01 6.769435184462798816e+01 5.351933703927642938e+01 4.435793563008746077e+01 6.440229707938296144e+01 7.610294945548086787e+01 7.242495326809712708e+01 9.108664074252691023e+01 1.000489197750955412e+02 9.891878074199510706e+01 9.281616012521416792e+01 7.383819418638933030e+01 9.281616012521416792e+01 1.018234313542158276e+02 9.323215668160032976e+01 8.516213895810001588e+01 9.238766495257499400e+01 7.252128375139719196e+01 6.229713946248631373e+01
1.934550753332892059e-02 8.184311316810518377e+00 1.818431131681034074e+01 3.232644694054079082e+01 5.232644694053848866e+01 5.392709152807955775e+01 6.221136277096664458e+01 6.463807128527177781e+01 7.292234252577303266e+01 6.826141898063958990e+01 5.409167551570114085e+01 5.409167551570114085e+01 7.414144614609324435e+01 7.274585122532349146e+01 5.270169764592063189e+01 4.113865190488034784e+01 3.265322010236793204e+01 4.885123525502181963e+01 4.587206238237843792e+01 5.479521950710050504e+01 3.935776292304429802e+01 5.939120671705902765e+01 5.852987384722313635e+01 7.857958089045798999e+01 9.246815576524056723e+01 1.007688553846959394e+02 9.891878074199510706e+01 7.814597793490945321e+01 8.195785827372375820e+01 6.335391739427367952e+01 8.425555047360693095e+01 9.323215668160032976e+01 7.259604745124521230e+01 6.999450499733030995e+01 8.720973940273047731e+01 7.616683262640647456e+01 5.621283581722862976e+01
5.958918199688835460e-02 2.005958918199653240e+01 3.646858256298349943e+01 4.646858256227841366e+01 5.121780829600026408e+01 5.949924000585127715e+01 6.120771440188970303e+01 8.120539367285533672e+01 7.332305254032556263e+01 5.327044965014396638e+01 3.988311420621586478e+01 5.996411737210807757e+01 7.126924410676947730e+01 6.298175160438981379e+01 6.176595756303235873e+01 4.850229590390495105e+01 2.847967523652945587e+01 2.882846908924446439e+01 3.171760770973565968e+01 3.477014463175115822e+01 5.479521950710050504e+01 6.769435184462798816e+01 7.857958089045798999e+01 8.688122477401272192e+01 9.610286906188328260e+01 8.778769928830331537e+01 9.610286906188328260e+01 8.195785827372375820e+01 6.108823542251011673e+01 5.599491324912441570e+01 7.500138090098562316e+01 8.358774033867636888e+01 7.864022390751009084e+01 5.813471566795352885e+01 7.864022390751009084e+01 8.443446145001252034e+01 6.932266818497525662e+01
