MOVIE_S13_data/elevation_000311.asc
nrows	150
cellsize	150.0
xllcorner	0
ncols	150
yllcorner	0
NODATA_value	-9999
[rows 0 to 16 of 150, columns 0 to 36 of 150]
8.271705653423140625e-02 2.127631151761726416e-02 9.425194436011796739e-02 4.939197167322698090e-02 3.975871534419905817e-02 6.171646774684565184e-02 1.696294146011132625e-02 1.936121709489252440e-02 4.216450047424835645e-02 2.297044857093000214e-02 6.704298068806634203e-02 4.162315340452049650e-02 3.835349583220235004e-02 2.777463300387698203e-02 2.207885817162396139e-02 7.161913568127860341e-02 9.025521335945362045e-02 3.502399586135773735e-02 8.040414306008919487e-02 3.131346976591601466e-02 7.604099264847130613e-02 2.387740603804927586e-02 5.687112022313325910e-02 4.074439634684711570e-02 8.709178300582484655e-02 7.612946965408906586e-02 1.077918208624280109e-02 9.929772718869623455e-03 4.600412614040166881e-02 2.152795518990661267e-02 2.378824418737431057e-02 9.511189423522797837e-02 9.406546861214974686e-02 1.749038473908382007e-03 2.223905489293687143e-03 6.269637160239108220e-02 9.476101746191394060e-02
1.795629399984677299e-03 2.000179562939963063e+01 2.009425194435976181e+01 1.419152759540430253e+01 2.003975871534384368e+01 5.608718429999160371e+00 2.001696294145975585e+01 2.001936121709453786e+01 1.418430012420532371e+01 2.002297044857057529e+01 2.006704206612546315e+01 2.263845375626738488e+00 2.003835319424447192e+01 2.002777463300352068e+01 1.002207885817171018e+01 2.007161913568092260e+01 7.649544673544030893e+00 2.003502399586100324e+01 5.080404143060109234e+00 1.003131346976582883e+01 2.007604099264811737e+01 2.002387740603769473e+01 1.005687335576186037e+01 2.004074439623436277e+01 2.007672981394966527e+01 1.256692141856000866e+00 2.001077918208588713e+01 1.415206538487757015e+01 2.004600412614004767e+01 4.872240455916587720e+00 2.002377202367920717e+01 2.009511189423487210e+01 1.164107085240456563e+01 2.000174903847355168e+01 2.651288512964297794e+00 2.006269637160203700e+01 2.009476101746155763e+01
4.163169627051844027e-03 1.414629879335787699e+01 3.414629879335716822e+01 3.419152759540500597e+01 2.560871842999951653e+01 2.560871842999951653e+01 1.503680884581987698e+01 3.503680884582058042e+01 3.418430012420602537e+01 2.546640837892093145e+01 5.466408451728467455e+00 2.226384547935926861e+01 3.054814102128813857e+01 3.830635010563461407e+01 2.416421448190291343e+01 3.593381592100693211e+01 1.659381658354334732e+01 3.024438193800373398e+01 1.024438193800337693e+01 2.417344909349652937e+01 3.831558471722672010e+01 3.836207495315433391e+01 3.006065159611597082e+01 3.830418047898321987e+01 2.243870040591028570e+01 2.439316933834168477e+00 2.243958890755740399e+01 3.415204659761760553e+01 2.987226584784643890e+01 9.872240455916630353e+00 2.987226454653725938e+01 3.992534209986546045e+01 3.164107085240420858e+01 2.531783438694933963e+01 5.323899401463990877e+00 2.531783438694933963e+01 3.943252312000687709e+01
2.016265153036126551e-02 1.416229827526143659e+01 3.416229827526213825e+01 5.173830821060214902e+01 4.560871843000022352e+01 4.332108009336202059e+01 2.398108075581919252e+01 4.332108009317722974e+01 3.959540253519601549e+01 1.959540273299199242e+01 8.048397349200056894e+00 1.253747626359388079e+01 3.253747615094921031e+01 4.838102095285250215e+01 4.416421448190362042e+01 4.487808783100424392e+01 2.814082196733606622e+01 3.579138390025642025e+01 1.579138390025571681e+01 3.579138390025642025e+01 5.245772034095742242e+01 5.367366659734837953e+01 4.476098000068167693e+01 3.685027328314043160e+01 2.362840244013434798e+01 3.628193530389698829e+00 1.777475250367169579e+01 3.786137039915804792e+01 3.541929568141007678e+01 1.541924241816897023e+01 3.541929568141007678e+01 5.219466022243690873e+01 3.219820693061097927e+01 1.806679956746664573e+01 8.071098774466783254e+00 2.806096071692250149e+01 4.064135019015719053e+01
9.594114293757748102e-02 2.009594114293722100e+01 2.345403696342090072e+01 3.759617258704880527e+01 4.914317797085989525e+01 5.226535200342608789e+01 3.812321637955064091e+01 5.226535200340612874e+01 4.787965763840516331e+01 3.072100967183226672e+01 1.072100976832427754e+01 3.072100967183226672e+01 2.009676572377829373e+01 4.009676554266585669e+01 5.611210493878326844e+01 5.642509321479695927e+01 4.814082196733676966e+01 3.579138390025642735e+01 2.286245171212131666e+01 4.286245171212202365e+01 5.902848450667451630e+01 4.029985297808435263e+01 2.698186207149526794e+01 1.720170946930085165e+01 2.481650617138703652e+01 4.825562210568193677e+00 1.896452473649330273e+01 3.888693404598068071e+01 4.370560174598713132e+01 3.541930646817286288e+01 2.541924241887844360e+01 4.541924842398090334e+01 4.633803190828798080e+01 3.360438950703903771e+01 1.361726433451114282e+01 1.292121623524728591e+01 2.869180254911589856e+01
9.541454368626212448e-03 4.597856131779842315e+00 9.311901339690200174e+00 2.085890672348292085e+01 4.085890672348220676e+01 5.808744988096078998e+01 5.812321637955134435e+01 6.224373125266376405e+01 5.069674151943001306e+01 3.346822093544287213e+01 1.346822104729803549e+01 3.346822093544287213e+01 4.009676554159611328e+01 2.904103763377729663e+01 3.611210544564252700e+01 5.611210493878326844e+01 6.407565514772032600e+01 5.114672295958421699e+01 3.286245171212166838e+01 5.114672295958421699e+01 6.155238452316670106e+01 3.988178307941058165e+01 3.704352292560914606e+01 2.630177724276554585e+01 6.553299061730906594e+00 2.482579321376083570e+01 1.637265289585080197e+01 3.051668290322833244e+01 5.053397716683274155e+01 5.370611929781582461e+01 3.541924243445859588e+01 5.370414254360007789e+01 4.254369048965347844e+01 2.255481522317218079e+01 3.360439371173024625e+01 3.289887333245741274e+01 1.809203278411285609e+01
9.647730019007895452e-02 2.009647730018972211e+01 2.931190133969055722e+01 1.825617324968951749e+01 2.980317863348223639e+01 4.980317863348294338e+01 6.918955513785961386e+01 5.395949778205141456e+01 3.395949834108508014e+01 2.241249295729703661e+01 1.663049870746635861e+01 3.663049857460632097e+01 4.956465940098064493e+01 4.904103730611949175e+01 5.611210493878326844e+01 5.025424106745122543e+01 7.025423934348853550e+01 6.114672295958457227e+01 5.286245171212237182e+01 6.114672295958457227e+01 5.722714116425508024e+01 4.032666625498612945e+01 1.845489178512862694e+01 8.317623427300459227e+00 2.569735641084560385e+01 3.397196381364921081e+01 3.638131840743015744e+01 3.638131840743015744e+01 5.641204334208573101e+01 6.370724809340397599e+01 4.956138373308940714e+01 5.323323953443167511e+01 3.323492446209337459e+01 4.254369048965347844e+01 4.374904832969654933e+01 2.376395240437578593e+01 3.809641458514413159e+01
8.338298177320474514e-02 1.163038836556562039e+01 3.163038836556526334e+01 3.825617324969022093e+01 3.090528389036325763e+01 4.090528389036360579e+01 6.090528389036430923e+01 5.655462777538906494e+01 3.655462858058428566e+01 4.241249272101714496e+01 3.663049857460632097e+01 2.128040425721905038e+01 4.128040408411688844e+01 4.693725826533865586e+01 6.693725463848440427e+01 7.025423934348853550e+01 7.853844981236620981e+01 6.782524174143021867e+01 4.777096552203766322e+01 4.777096552203765611e+01 3.717469128278778356e+01 3.886411115045299880e+01 2.957959889885816906e+01 9.580012233507719799e+00 2.949874691270746752e+01 3.791242482632651445e+01 4.339903220513306792e+01 5.162400187055695966e+01 6.030119716874551727e+01 7.083817730004244595e+01 6.956210978155071700e+01 6.152014638218167164e+01 4.477727313032654166e+01 6.152014638217081455e+01 4.845560930894784235e+01 2.848736220196837010e+01 3.640914239362122373e+01
2.372884694381488524e-02 2.002372884694345956e+01 3.991465961302651522e+01 5.418463293942051706e+01 4.589868293139065969e+01 5.418463293942051706e+01 6.918955513785961386e+01 6.483885445827571914e+01 5.655462777538906494e+01 5.128040391101473006e+01 3.128040425721887274e+01 4.128040408411688844e+01 2.693725850671133060e+01 4.693725826533864876e+01 6.338646756958051753e+01 7.493345364047021917e+01 7.601203491814362678e+01 5.595859127677375966e+01 4.777096552203765611e+01 2.773267785140024344e+01 2.301807295968679767e+01 1.884762524703785047e+01 1.492525574084471174e+01 2.952005127281868369e+01 1.149128616450739493e+01 1.795747438494452197e+01 2.245662578813278998e+01 3.024560766559061165e+01 4.103509688377056364e+01 5.621021681748009513e+01 7.705299773771238847e+01 7.307102029158026824e+01 6.478430445598705489e+01 5.628567440701174007e+01 3.632284704314697876e+01 4.001556919387085998e+01 5.637912274422971848e+01
7.631710034972485901e-02 1.421845272408079985e+01 3.421845272408150151e+01 3.773341252158147086e+01 2.589793681551201843e+01 4.589868293139065969e+01 5.658995711734672796e+01 7.659471775896592760e+01 6.542253870136913463e+01 4.542253987994155295e+01 4.542253987994155295e+01 5.360392481131881937e+01 3.360392517337776042e+01 3.510222431598830184e+01 4.664922969976560552e+01 6.664922873471142850e+01 7.014652745420086433e+01 5.008175568999950400e+01 3.590308753236075745e+01 4.777096552203765611e+01 3.733115860620750226e+01 3.886411115043915743e+01 3.493252732389075277e+01 3.775302554829962531e+01 2.864446263169767448e+01 1.343252949187051293e+01 3.385343013972678250e+01 4.543129149522282262e+01 5.084809473326119900e+01 5.948847399235639699e+01 7.162089125402751222e+01 8.675322016816986093e+01 6.674753006042477921e+01 5.261752646934598232e+01 4.337363707570297322e+01 5.998491851510269157e+01 6.826833028030451089e+01
2.239863785106879432e-02 2.002239863785071350e+01 3.066218834054201281e+01 1.773297024276830669e+01 3.773341252158147086e+01 3.658841460139275625e+01 5.073101812553080947e+01 7.073468709250524000e+01 7.370676184402451270e+01 6.542253870136913463e+01 6.542253870136913463e+01 6.116321405150694090e+01 4.116321463356204191e+01 5.510222390809320103e+01 4.664922969976560552e+01 6.664922873471142850e+01 7.014652745420086433e+01 5.008175568999950400e+01 5.008175568999950400e+01 6.425934689413493572e+01 5.829471324115794317e+01 5.697719943256159070e+01 4.882097137686857735e+01 2.953778157215334943e+01 1.553601444215053462e+01 3.354148578248875623e+01 1.993897452862665176e+01 2.466225095354576879e+01 2.986890600746799151e+01 4.190265961639853742e+01 6.306778635080107165e+01 7.936770519460479534e+01 7.748978307733557358e+01 5.748957753730771003e+01 5.748957753730771003e+01 7.163275961434524675e+01 6.926866558319593992e+01
6.490672536223988931e-02 2.006490672536188313e+01 1.066190240869953065e+01 3.066218834054201281e+01 4.601896712860865790e+01 5.658995711734672796e+01 6.487653895202785748e+01 6.796115531388079489e+01 7.383250187201676340e+01 6.974924053924398493e+01 7.803424326844567815e+01 6.944745032450896360e+01 5.530535025529222537e+01 6.116321405150694090e+01 5.819623508320703564e+01 7.493345364047021917e+01 7.843716182948040228e+01 7.014652745420086433e+01 7.014652745420086433e+01 6.795867151416777574e+01 4.893821063943866534e+01 3.781208340095467690e+01 3.041128489566562010e+01 2.380715802843513274e+01 1.750385760640885735e+01 1.878516227957977591e+01 3.849872938940173128e+01 4.543129144724705526e+01 5.084809472579490119e+01 4.025612405330772958e+01 4.976654211171103981e+01 7.088414414854973700e+01 8.577594169138285451e+01 7.748978307733557358e+01 7.748978307733557358e+01 7.515522173021082608e+01 5.512030117270536067e+01
7.333276091007127906e-02 4.337347088022299069e+00 2.433734699624875120e+01 3.893606443950581308e+01 4.527479253162103845e+01 4.513504117219326872e+01 5.340333710114104804e+01 4.794287559246064490e+01 5.380609397517543613e+01 4.974837969202757648e+01 6.648658781907899140e+01 7.651475832234868335e+01 7.530534827486292215e+01 8.116320595027241325e+01 7.819623280069490079e+01 8.648042638767009294e+01 8.654059040893996269e+01 7.809506597774868908e+01 7.960830084045416299e+01 7.576846749532843717e+01 6.481496269144871292e+01 5.697719943467640036e+01 4.976865161248687031e+01 3.926530934105880277e+01 1.957642342782089528e+01 3.849872938940173128e+01 2.208828037278565759e+01 4.175378652824945647e+01 5.323669995037322167e+01 6.144006541326071869e+01 7.000699552140119408e+01 7.088414414854973700e+01 9.148063962955073691e+01 8.143745164411978976e+01 7.317593883140840205e+01 7.317593883140840205e+01 6.926866558319593992e+01
5.145395647001294037e-02 2.005145395646965767e+01 2.448100633172496643e+01 3.276026778379092264e+01 2.527077826581392728e+01 2.513742223563953004e+01 4.115171929741392631e+01 3.379896305014023028e+01 4.555238312500565456e+01 3.820135174730037875e+01 4.822904055915886801e+01 5.963421086637395518e+01 6.566457807863619678e+01 7.394956078634493224e+01 8.549736985783415832e+01 9.244466928986257415e+01 7.215129496503837458e+01 5.813392601191642939e+01 5.961376904614896688e+01 6.085180074492057400e+01 5.648995628289315363e+01 6.477505320401323274e+01 5.256014787691173495e+01 4.135605591357358435e+01 2.166670578565834049e+01 4.135605583838857058e+01 4.175378723879470755e+01 2.545724505695533324e+01 4.419741702190265187e+01 5.726561032823277486e+01 7.163272138028641223e+01 7.990902130055960129e+01 8.883792431306109449e+01 7.317593883140840205e+01 5.312319875026322791e+01 5.312319875026322791e+01 6.462542173102249876e+01
9.635555453094322986e-02 2.291640754324745899e+00 4.500271275821667416e+00 2.450022835014058131e+01 1.112858925495813978e+01 1.359041907454477283e+01 2.114970864348943280e+01 4.038836780398467141e+01 2.555223778716666061e+01 2.972252606824211085e+01 3.408688387260293950e+01 3.963388583006064181e+01 4.566411268750094621e+01 5.721112998560277418e+01 7.721220292329299184e+01 9.131635370634617743e+01 7.104032922138064521e+01 5.704572016537895962e+01 4.587523815106615643e+01 4.134443283333087038e+01 3.700453446226072884e+01 5.074393806558681064e+01 4.435192444700311398e+01 2.470670065144427241e+01 4.135605591357358435e+01 4.955881622786506568e+01 5.140243248824013023e+01 4.163152436865312467e+01 2.894835155937760618e+01 4.986745071278148345e+01 5.204874884882887187e+01 7.163272137983395282e+01 8.058660071716657569e+01 6.057870542295954408e+01 4.895798369418044871e+01 3.887078778881677010e+01 4.452867156534208704e+01
4.067814134485068372e-02 2.004067814134449677e+01 2.450025829326770577e+01 7.723563131923175007e+00 2.772356678910128380e+01 3.358487643847423954e+01 1.743942086914221079e+01 2.038825999224010133e+01 4.038836780394812820e+01 4.972270969493523296e+01 5.408711875526829260e+01 4.822904055915886801e+01 6.566457807863619678e+01 5.980630880309754360e+01 7.980769121567519164e+01 8.866073404197086916e+01 6.842744522607614499e+01 5.704572016537896673e+01 6.547053213073675693e+01 5.661946921881111194e+01 3.713283164577337914e+01 3.121352826108004663e+01 2.789875640392053668e+01 4.435192444700832937e+01 3.860873039077146984e+01 5.821722240798533221e+01 5.872083833650374629e+01 4.017334596012970138e+01 3.147047818505769357e+01 3.838941014606856328e+01 4.952895774475260993e+01 6.906239938992769112e+01 8.121630370527553566e+01 6.123490970303795677e+01 6.123490970303794967e+01 5.041487340905794667e+01 3.026684691877614952e+01
4.598823041778624804e-02 2.004598823041743216e+01 3.600797429205474032e+01 2.186569886802514873e+01 2.405349587808655798e+01 2.898642569961766924e+01 3.743951278491216073e+01 4.038836780398467141e+01 2.855322580105337948e+01 4.855340799268144281e+01 6.683845080367967739e+01 6.237135714719154578e+01 7.651475832234868335e+01 7.980769121567519164e+01 8.809281276959224272e+01 9.714435406591483968e+01 8.542072512464403644e+01 7.697903929752263252e+01 6.644255821683826468e+01 4.679638022078400184e+01 5.661892689439135751e+01 4.478727937546369731e+01 3.100592587439458470e+01 5.053953845818182344e+01 5.821722280135585237e+01 6.651656205603615035e+01 5.556731646139468950e+01 5.380403371056386419e+01 3.432343018197546769e+01 4.402487219391037598e+01 6.358319531225107113e+01 7.732765396975810290e+01 7.534296808362877584e+01 5.539116058304578161e+01 4.154787031051566970e+01 3.502419398511370474e+01 4.324212961430149704e+01
