MOVIE_S13_data/elevation_000630.asc
nrows	150
cellsize	150.0
xllcorner	0
ncols	150
yllcorner	0
NODATA_value	-9999
[rows 102 to 118 of 150, columns 0 to 36 of 150]
7.465892062736491364e-02 2.007465892062700874e+01 3.646905166145202770e+01 4.247409220559351439e+01 3.418985792892829068e+01 2.418985085971981874e+01 3.579906410475047807e+01 2.145586027241295568e+01 4.145594126138394842e+01 4.570340799733848769e+01 5.017555786069423363e+01 5.488962225146602947e+01 5.121950940058361823e+01 6.862746346441463174e+01 7.691189862126859111e+01 8.330220596778633535e+01 7.531584656699456559e+01 6.136756654018854817e+01 6.380402408264048830e+01 8.274458462607437070e+01 9.672863164083234722e+01 9.696352368706382663e+01 8.885749823489378230e+01 8.396210800656423601e+01 6.620776325715073085e+01 8.396210800656423601e+01 8.050971396321703821e+01 8.049970528029565742e+01 7.593396621254663614e+01 5.662242729503779515e+01 7.041237849341663946e+01 8.980598172843873783e+01 9.889954642930436535e+01 7.887385353840008406e+01 8.138269341224135189e+01 6.143313337690866405e+01 5.694102510056074351e+01
5.256003946987738984e-02 2.005256003461683179e+01 2.401930982251763425e+01 2.603960684435149275e+01 1.418985073730935120e+01 3.045382374338395692e+01 1.579900602269204946e+01 3.579906410475047807e+01 2.192371502072292344e+01 2.570335975085691871e+01 3.017549570616539611e+01 3.488954091629852172e+01 4.155620768111979402e+01 4.862727646038157303e+01 6.276947929103231161e+01 8.276988830396113883e+01 8.827745450563448060e+01 7.217689013914737473e+01 7.463975968497560132e+01 9.078117752497084325e+01 9.884860857444482463e+01 9.050621184343809489e+01 9.884860857444482463e+01 9.367228158095697665e+01 8.558310764155422135e+01 9.367228158095697665e+01 9.994934070691959960e+01 8.980598172843873783e+01 7.041237849341663946e+01 6.353963756817007180e+01 7.609263336931321930e+01 9.550817908383262989e+01 1.072118683929820406e+02 9.208975786938810870e+01 7.205867446101423468e+01 8.074956988609957875e+01 6.080295780801382222e+01
4.895353024219195603e-02 2.029248616195536759e+00 4.019322996615506405e+00 6.039628085719919603e+00 8.159623845732657088e+00 1.045378118443829507e+01 1.346889463021595823e+01 1.667145770631775648e+01 3.667148654677772157e+01 4.570340799733848769e+01 3.835247440281322184e+01 5.488962225146602947e+01 5.121950939232204547e+01 6.862746346441463174e+01 6.862746346441463174e+01 8.862790471420601079e+01 9.938520083267803784e+01 9.129402905736081664e+01 9.381598138884102411e+01 1.019171085795789224e+02 8.881279228876391585e+01 7.046303357305539805e+01 8.881279228876391585e+01 9.384469541103493384e+01 8.564708673862992327e+01 8.564708447548564152e+01 9.384460187540264542e+01 9.790413623381240882e+01 8.980598172843873783e+01 7.477654484052477812e+01 7.728511941866324264e+01 9.665386871300408700e+01 1.062691298918671947e+02 8.621646967174355325e+01 9.208975786938810870e+01 8.609740759034318103e+01 6.608763114099204472e+01
3.701814731466852859e-02 2.003701814731431341e+01 2.401930982756614696e+01 1.359891750535937938e+01 2.815962886892292616e+01 2.459592116207632273e+01 2.346891948679949280e+01 3.667148654677772157e+01 2.736189628191850431e+01 4.735779543132929348e+01 4.989950029503967244e+01 6.663699043446152359e+01 7.121975177308397065e+01 7.950417134585948986e+01 8.119415414823133403e+01 8.119415414823133403e+01 8.924476182405599900e+01 8.548825491164973300e+01 7.716395934191717743e+01 8.548825491164973300e+01 8.048462270824676068e+01 6.053846879976349982e+01 8.048462270824676068e+01 8.241371348817517628e+01 6.584463956227062909e+01 6.584463956225012282e+01 7.986327136622676903e+01 9.961044866395312170e+01 1.022451360187058782e+02 9.413429975417795958e+01 9.665386871300408700e+01 1.047771418388620930e+02 1.145825931700301652e+02 1.062691298918671947e+02 8.877719979748908941e+01 7.458965325098489529e+01 8.609740759034318103e+01
6.719129721006188161e-02 1.161419668100247726e+01 3.161419668074993794e+01 2.254317870538416813e+01 4.185641429643190747e+01 4.459605160278454861e+01 3.761483910119215324e+01 5.183149521348896371e+01 3.736181019453842822e+01 5.562880460229450819e+01 6.989973653058808623e+01 7.818415054563548949e+01 7.741972996034776600e+01 6.930935275006945062e+01 6.141907906732897970e+01 6.141907906732897970e+01 8.119415414823133403e+01 7.545799411502245846e+01 5.711839320619136373e+01 7.545799411502248688e+01 7.383590473875239013e+01 5.391711637134792312e+01 7.383590473875239013e+01 7.421413844505816826e+01 5.426719430383119658e+01 7.421413743547067554e+01 9.384446154035094878e+01 9.812976868517723972e+01 1.023641589564241627e+02 9.401381680729785728e+01 9.554637802208787889e+01 1.043406839331220368e+02 1.106900972077187646e+02 1.171479564513062712e+02 1.029625781243977372e+02 8.461910698373453954e+01 9.097173105369016355e+01
3.121663039542149631e-02 2.003121663039506473e+01 3.989846773040641636e+01 4.252887008107764899e+01 3.886681935501790974e+01 5.878189761267660174e+01 5.771315761532347466e+01 6.561935558490027631e+01 5.735378066812016584e+01 6.561935558490027631e+01 6.581864206575077958e+01 7.410882816062762402e+01 6.603599362428887787e+01 4.953538457062322209e+01 4.744413998148162648e+01 6.141907906732897970e+01 8.119415414823133403e+01 6.714117627405421729e+01 4.711657466409391049e+01 6.714117627405421729e+01 6.808584582582619760e+01 4.816338399094536271e+01 6.808584582582619760e+01 6.868185139596539557e+01 4.867737152303146075e+01 6.868185139596539557e+01 8.537803264865443964e+01 8.010042286819998480e+01 8.941334240480418316e+01 7.215694738772380390e+01 7.460783337409885974e+01 9.554637802208787889e+01 9.048914061042346191e+01 1.047727947251638767e+02 1.129949556210996633e+02 9.881572386206144643e+01 1.110275183212767445e+02
1.928029293696056565e-02 1.416141591666803556e+01 3.416141591666873722e+01 5.362366021590354137e+01 5.879402423673683842e+01 5.256557207398194720e+01 5.255859759403975318e+01 6.086597129893262803e+01 6.874317841709769539e+01 6.255049291099651043e+01 4.579680452300707572e+01 6.255049291099651043e+01 5.789284689871916356e+01 3.813778300081027339e+01 5.789284689871916356e+01 7.248991698213475843e+01 7.463860015366853418e+01 5.459595389197679793e+01 4.044752132036570913e+01 6.046630907073416239e+01 6.294188829902983429e+01 4.300479178187986662e+01 6.294188829902983429e+01 6.368073139620897649e+01 4.365636326644291643e+01 5.586058177014092507e+01 7.618787605026811605e+01 6.720084286648641125e+01 7.147204794922514282e+01 6.038666951827305951e+01 8.074059111331759198e+01 8.482132718637208768e+01 7.634085779477044298e+01 9.048914061042346191e+01 1.106900972077187646e+02 1.188545706367939943e+02 1.162225353068241986e+02
1.242802616660093618e-02 2.001242802260071230e+01 2.533939293387058811e+01 4.533939291261572180e+01 4.283137250882192149e+01 3.311419381343768720e+01 3.311407417580456070e+01 5.255778382348672295e+01 4.871848539409075585e+01 5.425902877077673736e+01 3.424306069541933795e+01 5.425902877077673736e+01 5.295408092424190727e+01 3.300940511854779658e+01 4.460007796633979638e+01 6.436575601907755129e+01 6.978255650879573579e+01 5.491409632093412796e+01 3.489633267492028068e+01 5.491409632093412796e+01 5.824266958421402052e+01 3.829025565234994133e+01 5.824266949829024753e+01 5.912092667082117003e+01 3.928624686209387562e+01 5.253302539422949025e+01 6.935533266344810954e+01 7.124512480888731147e+01 5.152268652641657809e+01 6.963024000423160942e+01 7.539767053045737555e+01 6.483073261145908361e+01 8.482132718637208768e+01 9.333425465267308141e+01 1.016811030786061423e+02 1.133295266852999674e+02 1.079057825641533981e+02
6.518940535573533590e-02 9.009461315354814204e+00 2.900946131285431306e+01 3.738048414621162863e+01 2.374318384961157236e+01 1.986169543788075131e+01 3.880797659018073631e+01 5.458398120830428013e+01 3.460201707246569924e+01 4.045517157812285802e+01 2.716907810270132018e+01 3.774812290372990731e+01 4.600916191472467176e+01 2.824621894786582033e+01 4.860168021668107485e+01 6.406244594894245381e+01 6.147011153040725162e+01 4.144681420270616456e+01 2.989081314971258507e+01 4.990965540943065548e+01 5.388869594144883735e+01 3.392238904805199695e+01 4.810604349514851918e+01 4.942616681368205178e+01 3.528323996878686586e+01 5.534552405679962561e+01 6.166674664624643754e+01 5.972793854302183547e+01 4.657918343543318684e+01 4.969391023126613049e+01 5.542410954005162438e+01 7.539767049919592523e+01 8.167455402006322629e+01 7.313906075632921500e+01 8.479683259410562357e+01 1.049965900675210833e+02 1.105105975106215936e+02
2.959841564326779612e-02 2.002959840853492679e+01 2.180403738993136997e+01 2.268982879958256405e+01 1.039481616576187584e+01 2.933398486856090415e+01 3.989915451081493103e+01 4.081078896657191990e+01 4.043133526552809798e+01 2.054847468736367588e+01 2.990015991467097933e+01 1.774568611927607265e+01 3.774803454737696740e+01 2.345166801533489931e+01 3.588303950562040257e+01 5.591433015120068006e+01 6.182626598418233499e+01 4.554004496891591458e+01 2.552573925658961329e+01 4.279315835158215009e+01 4.423029113932206968e+01 2.974581541425877873e+01 2.809468413703101675e+01 2.983260636001122990e+01 3.180731854802164094e+01 5.182340007036881246e+01 3.763825628181366056e+01 3.978019259352964809e+01 4.221339085751106524e+01 6.217069605125819010e+01 6.909642871872054570e+01 7.216317826764009169e+01 6.149787956530384037e+01 8.167455402028025446e+01 9.135927454572608042e+01 9.970990669503625270e+01 1.098022783789014483e+02
4.698265578524447872e-02 2.312282218694308167e+00 1.828663219927498584e+00 2.645517976486496003e+00 1.545851256633255133e+01 2.435989598921480948e+01 1.990367096534442126e+01 2.081462030586278189e+01 2.758954025736738913e+01 2.440336130113734470e+01 9.913385387581366004e+00 2.989622681865826337e+01 3.939928430969817441e+01 1.930505190894419343e+01 3.432642265307579521e+01 5.460457010504881481e+01 4.774691950291485654e+01 3.360135714046540301e+01 2.137100398096261245e+01 2.278496282014602059e+01 2.421334688102827926e+01 2.565749259826231921e+01 4.568270692015877898e+01 4.984729523971474663e+01 5.182340006773534924e+01 3.463946178353361205e+01 4.226747987353364522e+01 5.839348607169796423e+01 6.217069595761481082e+01 4.616818386224066728e+01 4.904292043870692908e+01 5.205315694173726371e+01 5.807536903476432144e+01 6.444098793665699532e+01 7.116567442626623574e+01 8.125674055797861683e+01 1.014618085334742688e+02
9.002763389687669371e-02 8.168407782734595779e-01 2.171521110184414027e+01 2.050754065692226291e+01 3.932516646271761118e+00 4.855200800017098750e+00 5.772692157214015296e+00 6.687560176924661093e+00 7.603877679533685097e+00 8.556182163381324202e+00 2.854254963020958868e+01 1.130767072594249001e+01 3.128178166270804894e+01 1.634776630462087255e+01 3.645102700849815847e+01 4.598202457544739730e+01 3.786069287808386008e+01 1.948386986799382115e+01 3.946535574389790924e+01 4.279315835106297072e+01 4.423029118449196773e+01 4.564903805660055980e+01 3.091720879025543312e+01 5.094159661639383785e+01 6.297826851736668630e+01 4.839479372488694509e+01 5.634274623657979930e+01 4.974541305533625035e+01 6.762664816995388151e+01 6.027136946843513954e+01 6.318960836715379514e+01 7.216317847190659052e+01 5.837160845630773309e+01 7.854143889130384082e+01 9.135927454572602358e+01 9.970990669491648362e+01 1.098022783802033047e+02
2.862646671724250469e-02 1.216559702765975892e+01 3.143203526409000048e+01 3.451176593688013128e+01 1.753770516170573401e+01 1.634791559651147708e+01 2.575641478805159323e+01 2.667137476030687182e+01 1.102413694151838364e+01 1.782926879256450192e+01 3.492491520729324606e+01 2.911647256489213120e+01 1.270640257626282654e+01 1.373401335626444641e+01 3.340901856089458732e+01 3.624427745349403551e+01 1.788644395708093526e+01 3.786069465027905068e+01 2.254827291536982870e+01 4.254957078487930033e+01 5.398905944807188462e+01 5.918074921463490057e+01 5.094159359292723366e+01 3.658091808999597561e+01 5.660536578403277019e+01 6.881484777315139922e+01 7.192679624336679467e+01 6.762403106540543263e+01 7.653765965443665209e+01 8.041507455771329660e+01 8.335675527007229846e+01 6.786876759037819795e+01 7.854143889130382661e+01 6.844584399441448852e+01 8.009917294188069548e+01 1.002999685982327662e+02 1.105173694498182329e+02
2.093865863459240181e-02 2.002093865863423616e+01 3.985600790504285840e+01 5.113782567526529022e+01 3.418234799199588991e+01 3.507258945650652038e+01 3.559581217013742815e+01 1.592051547577699111e+01 3.071431913173674744e+01 3.635270896580010458e+01 4.398389181685018201e+01 2.651674975957781655e+01 3.270729062074139648e+01 2.001257840085244410e+01 1.522117120266969614e+01 1.629616043601786757e+01 3.626786098651522394e+01 4.592349246106388705e+01 3.192889065512418867e+01 2.569729777849759600e+01 4.568485643290832598e+01 5.723554780352926485e+01 6.491566579398792669e+01 5.660536578403277019e+01 4.275747305388418340e+01 6.278643880844106917e+01 7.522845456863196034e+01 8.127659088690343481e+01 8.837639689825934397e+01 9.670612328339787211e+01 9.641113049057447881e+01 8.805938919179077118e+01 7.952155561553223606e+01 8.009917294188069548e+01 9.698828703872503354e+01 1.086400522077142909e+02 1.083208669253169205e+02
4.558729753488720976e-02 1.138954174703578914e+01 2.572542995115137998e+01 4.573454094376268841e+01 5.478282199642171690e+01 5.077861849810060590e+01 3.068120350163892951e+01 1.943157044931422917e+01 3.917746323112675100e+01 5.358903522266534480e+01 5.420865613309743480e+01 4.017840588076917641e+01 4.192769075004094503e+01 2.161069102937120334e+01 3.525030112900761026e+01 3.626906009138873799e+01 2.171725390300838754e+01 4.171053660531522667e+01 5.104573428564020077e+01 4.568485643290832598e+01 2.893274370961250952e+01 4.892860429298038127e+01 6.059623007939566719e+01 7.110087267364484376e+01 5.691274373603240377e+01 4.983309676053001880e+01 5.518215936182637904e+01 6.121719203827525746e+01 6.829511299530402368e+01 7.987139289545766019e+01 9.999444842537488398e+01 1.080632135482119764e+02 8.962135709337020728e+01 1.002999685982327378e+02 1.086400522076233983e+02 1.036168019385872441e+02 9.527066425508162695e+01
7.199635315621916165e-02 2.007199635315586406e+01 3.235770209542452136e+01 4.064197334288671470e+01 4.958624525288603024e+01 5.906282626276608738e+01 4.745562706419753596e+01 3.068120449161861529e+01 2.532735502112830162e+01 3.937311277103595586e+01 5.950761643996833072e+01 5.991831745355484884e+01 4.713662397476872457e+01 2.658740923013943203e+01 4.713662397476872457e+01 4.571231634172415426e+01 2.570341765967951986e+01 3.984731951739738065e+01 5.987167121828890970e+01 5.723562305185486565e+01 4.892861509716611579e+01 3.227786978529380946e+01 4.641649743623937496e+01 6.645912550806764330e+01 7.696679311349414832e+01 6.987085681591798902e+01 7.522845456863196034e+01 8.127659088690343481e+01 8.837639689825934397e+01 9.670612328339787211e+01 1.083203692425417586e+02 1.181493997599822023e+02 1.098232164071171155e+02 1.181493997599822023e+02 1.115106964627456136e+02 9.527066425508138536e+01 7.522977411970055073e+01
2.919883531702183437e-03 6.033146775087001146e+00 1.235770209542381437e+01 2.130197400542312991e+01 3.544410962915458185e+01 5.544410962915528529e+01 5.906656098483106376e+01 5.077913079485544756e+01 3.225112039492037042e+01 3.454113504063354867e+01 5.444399831691464442e+01 7.167322520763545413e+01 4.877040657237553489e+01 3.232953983342724769e+01 5.295716183499608576e+01 5.008020532033177119e+01 3.006402344869887244e+01 4.161728424720926967e+01 6.164077049643984196e+01 6.248209409852788809e+01 4.412909514184406845e+01 3.471164253032052471e+01 5.475335299426993885e+01 6.679005838625457159e+01 6.925609939143657812e+01 5.610385967002117269e+01 7.612240316262470685e+01 8.899489691887828258e+01 9.732588462331874268e+01 1.063186562439520060e+02 1.179446908302309254e+02 1.102466719969654037e+02 1.018890419499683162e+02 1.102466719969654037e+02 9.729861507835541090e+01 8.308653368842747966e+01 8.109961493933860766e+01
