MOVIE_S13_data/elevation_000465.asc
nrows	150
cellsize	150.0
xllcorner	0
ncols	150
yllcorner	0
NODATA_value	-9999
[rows 51 to 67 of 150, columns 111 to 147 of 150]
8.660979015489651545e+01 8.347958485835007991e+01 8.045832611100580323e+01 7.384855183228096109e+01 5.397300683721542924e+01 6.547399950619838194e+01 8.528840587270025253e+01 9.267009055306129994e+01 7.930980767715053048e+01 6.759533907498533267e+01 5.916567842764732887e+01 4.598228071218326818e+01 2.509399864654703194e+01 4.133336631159580321e+01 4.474928965882568832e+01 2.945468900994853456e+01 4.865574656387594388e+01 5.969552142775727788e+01 4.550498392830730410e+01 5.140685209464542282e+01 5.702416277812254464e+01 6.521359552032905071e+01 6.247313692500161153e+01 4.838535724342661126e+01 4.013314092011681566e+01 3.430277535427823210e+01 1.380454009318845543e+01 3.098889516889724050e+01 3.585575332781296254e+01 2.659873116879293775e+01 6.550508314051908698e+00 5.703805376908145597e+00 4.768799072048586218e+00 3.954703695222566040e+00 3.284902125245928506e+00 4.176167374115903108e+00 2.975433159106666992e+01
6.681263254341487823e+01 6.366786537815092117e+01 6.063069982129428581e+01 5.765605286573716626e+01 6.289155898655238275e+01 8.110524178269814399e+01 9.349773173220684441e+01 8.399804456801045660e+01 7.459377947961496602e+01 6.668923815346025208e+01 6.049121999085742374e+01 5.389037393178465862e+01 4.358353656747116389e+01 2.354283617197278033e+01 2.541198811474086483e+01 4.475639526198013840e+01 5.686660565789606636e+01 5.140684975244548127e+01 3.129446241547019270e+01 4.065642500078209309e+01 3.696114694374088572e+01 4.914436938125187737e+01 4.583495102279577793e+01 4.873442674017139353e+01 5.470518224589661571e+01 4.234298786631902090e+01 3.090597027073675918e+01 1.087335450409722348e+01 2.760225367724769185e+01 7.599236741377370485e+00 2.660581168314804046e+01 2.591080438419559329e+01 2.797522776199507888e+01 9.913694130876519850e+00 1.735818899879257060e+01 3.066930208075629594e+01 3.417994667779392870e+01
8.081619310694084390e+01 8.347958485835007991e+01 6.578245184282205571e+01 7.750259821725370557e+01 7.691590780900482116e+01 8.271294750818198338e+01 8.913764780140498090e+01 6.583476825319124259e+01 5.348962625805887683e+01 4.631571627946107128e+01 4.030644598596423123e+01 3.501471239413009329e+01 2.989210362999766701e+01 3.501650106260878914e+01 2.207450343287577255e+01 4.065813495974840208e+01 4.890760158591866258e+01 5.488232547262486349e+01 3.476282694467163026e+01 2.145575043257533565e+01 3.569555506850637272e+01 2.906375664595773500e+01 2.894992123715902466e+01 1.816621974633801884e+01 4.026571258833541833e+01 3.186556133105673894e+01 2.932834790524386293e+01 9.362370537060584752e+00 8.606214469824756463e+00 2.516401720463210978e+01 3.549867684248053479e+01 4.053039519798156221e+01 2.079490380514581815e+01 2.949188624241763179e+01 2.895984341960140895e+01 4.500936403339050429e+01 3.833855722144217992e+01
1.005967707229954016e+02 9.155362840364676913e+01 7.176888292984875761e+01 9.155362808814219022e+01 9.670824027010911550e+01 1.025140172115256263e+02 9.689679116267834047e+01 8.384463990239353848e+01 7.459377947961496602e+01 6.674343884126795956e+01 6.048758197547790871e+01 4.597128822528615899e+01 4.986054232215384019e+01 4.922877908062498165e+01 4.065632942533152772e+01 2.066788575025519847e+01 3.926365003740647097e+01 3.844015140115236306e+01 3.648629284617874191e+01 1.648636761319620092e+01 1.569682694975391790e+01 1.491065170904724724e+01 1.412873994536116484e+01 1.335033740117345147e+01 3.223362850473657915e+01 3.035422372721818718e+01 1.043068375018456528e+01 2.933122418700853018e+01 1.308095025266099043e+01 3.304642172400383515e+01 4.727123825879434094e+01 4.899383315470042533e+01 3.459479663239817882e+01 4.899372729336220544e+01 4.861160058785729632e+01 4.419642110069918317e+01 2.419642108550680959e+01
9.460154181991008215e+01 8.319254967399004386e+01 9.155362840364676913e+01 9.976501795570585784e+01 9.579650353093623494e+01 8.963019540930464757e+01 8.142876472819956746e+01 8.291130998960721854e+01 7.759202057463424751e+01 7.726095899747991780e+01 7.385909828270284549e+01 6.478847663967670201e+01 5.117185285823926932e+01 4.221596882321064470e+01 2.234601219809683315e+01 2.080260152724715184e+01 1.926839291833626788e+01 1.844291788763127116e+01 1.761998392232504784e+01 3.548123963781577572e+01 3.569512415211723777e+01 3.490192932173950169e+01 3.404916944545878721e+01 3.167033163211709024e+01 1.225589649162624539e+01 1.149987797293403347e+01 2.445419123790989602e+01 3.848070341196737587e+01 3.311749270801428224e+01 1.996238822096355037e+01 3.160075292533982605e+01 5.164673193911787052e+01 5.496792838674638659e+01 5.127578751001419022e+01 4.299154800122945375e+01 3.543225883414048383e+01 2.988525696600510528e+01
1.111983458025339075e+02 1.029750743513995133e+02 9.475895603315143489e+01 8.655059587013901989e+01 7.603551939284329819e+01 8.142876472819956746e+01 6.164036883825690438e+01 6.743595546457818557e+01 5.893316418781950716e+01 5.711358615213066514e+01 6.683910649628978717e+01 5.886378693434664910e+01 3.869505013433001039e+01 2.454618747823508684e+01 4.231993200788446785e+01 4.077428607282446649e+01 2.743443424139302778e+01 3.844024560332208296e+01 3.761900755392916551e+01 2.288310313917964933e+01 4.285418761972791657e+01 4.739311891669283483e+01 2.759129520512065170e+01 1.773599872170731118e+01 1.751349544426504679e+01 3.149569376274259369e+01 3.954507233470663863e+01 5.164406903944106375e+01 4.642450197381293009e+01 2.633261797653966596e+01 4.007318078201038247e+01 5.987797907046530810e+01 5.453855192817614039e+01 3.453855386704826458e+01 2.299154848327747303e+01 1.543225902309306186e+01 9.885257060840819676e+00
9.612817781153067642e+01 8.792089953579517214e+01 8.046058217966802317e+01 6.677967241190502534e+01 6.205085174785078550e+01 6.659035811008446615e+01 6.290178418440310537e+01 4.757934727282709986e+01 5.706064434378345140e+01 4.306070805227713549e+01 4.697165546539272896e+01 5.067681449612286571e+01 4.607568722710076514e+01 2.611925738350924320e+01 4.603911718838013911e+01 5.516316883661550463e+01 3.733431448286741272e+01 4.849755649154544557e+01 2.854459214709237358e+01 4.285716250814959238e+01 5.109237001284999735e+01 4.741646161723421926e+01 4.564663002943511572e+01 3.753114467058208703e+01 2.366014982354638718e+01 3.787474602656915579e+01 5.766637150980169224e+01 6.054570730149900015e+01 4.058066565231499823e+01 3.798063811140132628e+01 5.467381982719979305e+01 6.827695723788121995e+01 6.282271928831767127e+01 5.127578751001419022e+01 3.176219063495621597e+01 3.543225879870470152e+01 2.988525696600510528e+01
7.804794942656243961e+01 6.818275510986381960e+01 6.069577706037106424e+01 5.555882353344056668e+01 5.057219095849738011e+01 4.672692677955116380e+01 4.301370862829300279e+01 3.942057161483498362e+01 3.714056385287506146e+01 3.490458222098089891e+01 3.285396884608632462e+01 3.084620602945276957e+01 2.887791011716961975e+01 2.883934708077346798e+01 4.878980297964819357e+01 6.518791891931120119e+01 5.114756335397300546e+01 5.674112073071123064e+01 4.850292536965776691e+01 3.471576642808404500e+01 5.465688957668795922e+01 6.691519813208840617e+01 5.511424620016567388e+01 3.530055672281987711e+01 4.367480728588792260e+01 3.229076318221534336e+01 4.380264464356699250e+01 6.352310089481341748e+01 5.473002976892483673e+01 5.796805510569608089e+01 6.619083003160629630e+01 7.660038127615676729e+01 7.102764117333458671e+01 6.004645707751913619e+01 5.176218983574192123e+01 4.438220423862617281e+01 3.543793232829507645e+01
9.294869401178894464e+01 7.320325547959143364e+01 8.046058217966802317e+01 6.677967241190502534e+01 7.040770446470722277e+01 6.389099693150278370e+01 4.400953740955304738e+01 5.932980256749566905e+01 5.706091359347582426e+01 4.197471750934546719e+01 5.279103378055810936e+01 4.496585067261159452e+01 4.882608535957304241e+01 3.160969770420588532e+01 5.155491834552105246e+01 7.063335310181439297e+01 7.140941266953598188e+01 6.724074595422123934e+01 4.734392200350088586e+01 4.883040760386408152e+01 4.287386540757000830e+01 6.278615794575578235e+01 6.325278232503634968e+01 4.679272353461229983e+01 6.028084748371163215e+01 4.121988722055871079e+01 6.028089899413858177e+01 7.164945992470899228e+01 7.458600636323409105e+01 7.069381001323237967e+01 6.232853514463563016e+01 5.745848297754118761e+01 5.183795555554449663e+01 6.539258030411839684e+01 5.024006861436465954e+01 3.024006861436395255e+01 1.609793299063274929e+01
1.011637730222960556e+02 8.715433630391252962e+01 9.475895603315143489e+01 8.655059587013901989e+01 8.240631686764749020e+01 6.720090840108123587e+01 4.734178443884980680e+01 6.720090840108123587e+01 7.007213007791636983e+01 5.090159116195808764e+01 7.007212978525949154e+01 6.484784571597313629e+01 5.437369064552462561e+01 3.443594309099153605e+01 4.259829982380946944e+01 5.410540354785675987e+01 7.377021303146483433e+01 6.724074595422123934e+01 6.724074595422123934e+01 6.872280004966464162e+01 4.918781903689168900e+01 6.907472702258912989e+01 7.460855783952712272e+01 6.648165764089507945e+01 6.909679323015896557e+01 5.522800033579927970e+01 6.909682358246683975e+01 8.289919353676862102e+01 8.148447016893140926e+01 6.232853563778311923e+01 4.218331461620324063e+01 4.808371318366334890e+01 3.775611262648867950e+01 4.608331510154850719e+01 5.411007375446585144e+01 4.438220423885367438e+01 3.543793232829505513e+01
1.117251858909756095e+02 1.069375109754082445e+02 1.011519455563183243e+02 9.125818631405245185e+01 7.420500333114688374e+01 5.439522925167335643e+01 5.218506668309639451e+01 7.200889250067369574e+01 7.893803084347644017e+01 6.494378008127804947e+01 7.893803053837659434e+01 7.454470527223570286e+01 5.744850273198530033e+01 3.752162255861569662e+01 5.744850273198530033e+01 7.063335310181439297e+01 8.180926584011679381e+01 8.709733594924092870e+01 8.311067304574117998e+01 6.326084788706089768e+01 6.068428983214676009e+01 7.729627626466066204e+01 8.102144790033565869e+01 7.287086725938218024e+01 7.793210998556871516e+01 7.483288767407678677e+01 7.710776713247275893e+01 6.311153400097541777e+01 6.745351605267897810e+01 5.342253032008491687e+01 4.808371319229875240e+01 2.763222519679285938e+01 3.715193281420906146e+01 2.581742772112945516e+01 4.608331506519756715e+01 4.571747354640120875e+01 3.423949519909519523e+01
9.165563429009598906e+01 1.058217958398786465e+02 9.292183318666026537e+01 7.316816854978549145e+01 6.327948276253704307e+01 6.585242218295142891e+01 7.200889250067369574e+01 5.970768667723312717e+01 7.948341572818289080e+01 8.472449772666725210e+01 8.034523698554163218e+01 6.053598814915721960e+01 4.646050107952334685e+01 4.123629467115328850e+01 6.114562089104222764e+01 7.540739880911526427e+01 8.361605056419431037e+01 9.247452457927111880e+01 9.133170464226063245e+01 8.311067304574117998e+01 8.053627748735422642e+01 8.875685162590377786e+01 7.287086725938218024e+01 5.492308937696643056e+01 5.769566062298465425e+01 6.987926045617487603e+01 6.890720530179586945e+01 4.900722796660812719e+01 5.632135455178251959e+01 3.915521032462151396e+01 5.550082575995045175e+01 3.715193281420906857e+01 1.645486378997604859e+01 3.024785471597928321e+01 3.882470316053990445e+01 2.849175838949738804e+01 2.849177562966815813e+01
7.736233475550341154e+01 9.753386985862316294e+01 1.011519455563182817e+02 9.125818631405245185e+01 7.469434858742951633e+01 7.982384639670266324e+01 8.518455248597427953e+01 6.543523611617833069e+01 8.518455248597427953e+01 9.285732339701701221e+01 7.307397772610694631e+01 5.905607922848524538e+01 6.633798280305362027e+01 4.700809305411030437e+01 4.853432420073654185e+01 5.558682224117536919e+01 6.447420516954983327e+01 7.846022354483686456e+01 9.824616654513251035e+01 9.772973507468701371e+01 8.795961567802160630e+01 7.983242646905547701e+01 7.245190085266418123e+01 6.172213144661217399e+01 4.182371923120366830e+01 5.653354902637283175e+01 5.374625119184869249e+01 5.632135455178251959e+01 3.617176403039349708e+01 2.879340710607529985e+01 3.526833543490194245e+01 3.289159584236004719e+01 1.220450400842719141e+01 9.995275073225442952e+00 2.778315357863064960e+01 2.501230323525111388e+01 1.257268013193097289e+01
6.967318859309688150e+01 8.990974622358601209e+01 1.016096300223606903e+02 1.027174729048500268e+02 9.445969311804850577e+01 9.959553996308247292e+01 8.155702675773156329e+01 7.939704314444146860e+01 7.939704314444146860e+01 9.915683603066378282e+01 8.707526696850307246e+01 7.886838551855613844e+01 7.286349762106394223e+01 5.302848843623255704e+01 6.839958628404941976e+01 6.112198389815020505e+01 7.512910420401126999e+01 9.247452457927111880e+01 1.034418130943721508e+02 8.383625627568312666e+01 7.008453612542116673e+01 6.033398049329832702e+01 5.287941126375017120e+01 4.817604930547816622e+01 5.653354902637288859e+01 3.648661050765779379e+01 3.303611207902918068e+01 4.851066087055762210e+01 4.545428321350053125e+01 4.119429465081748276e+01 2.050544393393376552e+01 1.543927363655841667e+01 3.289159375547428965e+01 2.778315112801727693e+01 7.257033314678650981e+00 5.350756414337641154e+00 3.540030489189576635e+00
6.285023181744977450e+01 8.316422701342027324e+01 8.147760375839492042e+01 9.559369257929012065e+01 1.072603657353884898e+02 1.095564290964354939e+02 1.013252063332462143e+02 9.915683603066378282e+01 9.915683603066378282e+01 1.073846245860708422e+02 9.935770083198377733e+01 7.958046612292056921e+01 6.559369119537755921e+01 6.707031431333022908e+01 7.286349762106394223e+01 8.092406436144678139e+01 8.914452761596848518e+01 1.032017868876831557e+02 1.017754534639706208e+02 8.384617623424867361e+01 7.178320978994615587e+01 6.261351001885841328e+01 7.246288910608667777e+01 6.789735052583770880e+01 6.380494362156962751e+01 4.770584696633308397e+01 4.400630827498162034e+01 2.821194120660884153e+01 2.509620894305840011e+01 2.207968284264001824e+01 1.923370537443877737e+01 3.617651131588847591e+01 3.967394956611237689e+01 1.890581932842944823e+01 8.736653753737563477e+00 1.562941170504812582e+01 2.576887130395435221e+01
7.450231035777294153e+01 7.653865059003666715e+01 6.710123873260496907e+01 7.885566674740864812e+01 9.901057734640230024e+01 9.626101363829012314e+01 9.626102429812313233e+01 9.626102500925371430e+01 1.045490826486072109e+02 1.055297718124824513e+02 9.721595697601526354e+01 9.358353065587847652e+01 8.537308405608729345e+01 8.684947933190838398e+01 9.264883497212538543e+01 9.676618436640326593e+01 8.846071170403946837e+01 9.029584053064458260e+01 1.025115534130427335e+02 9.820743751244332032e+01 8.982348357734596789e+01 8.183599100451095865e+01 8.992613923713948054e+01 8.096317264033095285e+01 6.453344537261158109e+01 6.327280657325877655e+01 4.323043162691384111e+01 4.267677634624026695e+01 4.557188221241172243e+01 3.258381800456709243e+01 3.135038503247560371e+01 4.824421888652022261e+01 3.967394989360379043e+01 3.320515908026038687e+01 4.191953188835132948e+01 2.625307739337274171e+01 3.164383272502284683e+01
6.820047178819810085e+01 5.611341461733788805e+01 7.061014468376825448e+01 9.085132992989275635e+01 9.034212406717698229e+01 7.613551739909557625e+01 7.613551742467628003e+01 7.613551742535327094e+01 9.626102500925371430e+01 9.395530617487709435e+01 7.717823695497159520e+01 8.824670365771676472e+01 8.785068347141132961e+01 9.621284495469764408e+01 9.172373027273597756e+01 8.340860278202646327e+01 6.867720779161967926e+01 6.571400745640259800e+01 8.627491930854350244e+01 1.007592853121447405e+02 1.002514102046224735e+02 8.860843254147052050e+01 7.953710562469326817e+01 7.117314784729315136e+01 7.845732572934709026e+01 7.198765771686326786e+01 6.381637934374955989e+01 6.259490401048304875e+01 5.280884872600109503e+01 5.280884872600108793e+01 5.165933138758344967e+01 5.989924100687255049e+01 5.991696066564674794e+01 5.403278940294475063e+01 5.523999477992826712e+01 4.692799151272625835e+01 3.992381377016334909e+01
