MOVIE_S13_data/elevation_000970.asc
nrows	150
cellsize	150.0
xllcorner	0
ncols	150
yllcorner	0
NODATA_value	-9999
[rows 51 to 67 of 150, columns 74 to 110 of 150]
1.147172214962403274e+02 1.230786165874167892e+02 1.290518126436554383e+02 1.343963541271619135e+02 1.274994875950657445e+02 1.164500898265657582e+02 9.843320101444068371e+01 9.843320101444068371e+01 1.096739585141877598e+02 1.294668607869762695e+02 1.291081746375919579e+02 1.207956623543416868e+02 1.027164811144338472e+02 1.207956623543416868e+02 1.232388225275431637e+02 1.254181396578738514e+02 1.232035530396537411e+02 1.179821255184141933e+02 1.014054935551745018e+02 1.179821255184141933e+02 1.243862328054189561e+02 1.161102442697756487e+02 1.161102442697756487e+02 1.160064179395981370e+02 1.160452885220161789e+02 1.078050427868536332e+02 1.160452885220161789e+02 1.158620674951775129e+02 1.018317704610097252e+02 1.158620674951775129e+02 1.208962126282520302e+02 1.125473688175957534e+02 1.208953177968543287e+02 1.230147139033671948e+02 1.173320967895746207e+02 9.719650938490372027e+01 8.301806807985340697e+01
1.109952268939791367e+02 1.312781983016957383e+02 1.303428132986686876e+02 1.220647069383954175e+02 1.192370858487041261e+02 9.959478486528423957e+01 8.872771581997113799e+01 1.082363121730892459e+02 1.227467940326388600e+02 1.291081746375919579e+02 1.093245525706085317e+02 1.125578999518466361e+02 9.300037312575501858e+01 1.125578999518466361e+02 1.035338101643923778e+02 1.056839908909905290e+02 1.254181396578738514e+02 1.294183108660582491e+02 1.211357403576122920e+02 1.188550216660549381e+02 1.161102442697756487e+02 9.624009844971315886e+01 9.624009844971315886e+01 1.087514207727019908e+02 1.087514207727019908e+02 1.170154972406126319e+02 1.158047848460532947e+02 1.240806369750921050e+02 1.216023101299146276e+02 1.173323405384128790e+02 1.090766783374977535e+02 1.173323405384128790e+02 1.188780858860433796e+02 1.106190693172850104e+02 1.153762161892146025e+02 1.114465939970847899e+02 1.024567047551265944e+02
1.312781983016957383e+02 1.350906776574633170e+02 1.220647045737233043e+02 1.023854464062582252e+02 1.081493515840426340e+02 1.025131369072465901e+02 8.368950272884066521e+01 9.492525911365864033e+01 1.145016471659254620e+02 1.269229654769041389e+02 1.071691588567334605e+02 9.339297495340427702e+01 8.650779428149060379e+01 9.952841472291859759e+01 8.975155478387675601e+01 1.035338101643923352e+02 1.232388225268523456e+02 1.264044267711684739e+02 1.188550216660549381e+02 9.897109645210257156e+01 1.026198647142460061e+02 9.601019748132057430e+01 8.223195283889477025e+01 8.890341761630791950e+01 8.890341761630791950e+01 1.087514207727019908e+02 9.593246420523453821e+01 1.125891935621161934e+02 1.202663187784492749e+02 1.074097561491211223e+02 8.926703370415674499e+01 1.074097561491211223e+02 1.074156995725066821e+02 9.080108818321711794e+01 9.553649610603582687e+01 1.153762161892146025e+02 1.154739944181446276e+02
1.409081031569288598e+02 1.209432569675405773e+02 1.070394128021998057e+02 9.731424966086537154e+01 8.862492858109750671e+01 8.298818296770991765e+01 7.950807506708738970e+01 9.330446442391730955e+01 1.128858851901955518e+02 1.251418090089606352e+02 1.211947008652606996e+02 1.129549148615338083e+02 9.952841472291859759e+01 7.998140886324910070e+01 9.378828392478450837e+01 1.133863163353272228e+02 1.206730057451235609e+02 1.066518096379281104e+02 1.166722650875419447e+02 9.679916989573004571e+01 8.279086301508992563e+01 7.616649662940648113e+01 7.471902767306431770e+01 7.487060026454481942e+01 9.471676314780371797e+01 1.037043754920788956e+02 8.449293186457693139e+01 1.037043754920788956e+02 1.108748554231429182e+02 9.215586330597380993e+01 7.932763191911406864e+01 9.917185602082714979e+01 9.917715257473599877e+01 7.932867546286489357e+01 9.917715257473599877e+01 1.064236690114764343e+02 1.146767755628341092e+02
1.324409112204267558e+02 1.320662612588561444e+02 1.236508044420568666e+02 1.154050749296146705e+02 1.081493515840426340e+02 9.513339883829192445e+01 7.556155873887374241e+01 8.940225623587561188e+01 1.089696010369399346e+02 1.053934818493475944e+02 1.053934818493475802e+02 1.053934818493475944e+02 9.601766888758682228e+01 7.643874237682621242e+01 9.028133415238134774e+01 1.098664060019748234e+02 1.108375739807541862e+02 9.285420375919080982e+01 1.108375739807541862e+02 1.108740925146995693e+02 1.026198647142460061e+02 8.754881500790664006e+01 6.766467475393677944e+01 6.781679342712547509e+01 8.770008496303763934e+01 9.545941993071815546e+01 7.560926360596451445e+01 9.545941994720091373e+01 1.026281171426822567e+02 8.275522157873244566e+01 7.222377787552403561e+01 9.215586330597380993e+01 8.440351302853228788e+01 7.297328171290141086e+01 9.238281631245645542e+01 8.656690469723957904e+01 1.064236690114764343e+02
1.126030219760499449e+02 1.184134052113001871e+02 1.040973351198850878e+02 9.581947244393829521e+01 1.003427705431954990e+02 9.214872131989636728e+01 7.252775561061072551e+01 8.801225870313783162e+01 9.616361061342777816e+01 9.700744122064837427e+01 8.579640578385061644e+01 8.579640578385061644e+01 8.826412082435595607e+01 7.308358754970736015e+01 8.443820409122940873e+01 1.040052867878798537e+02 1.026457105046317082e+02 8.309542567505189936e+01 1.026457105046317082e+02 1.110231563820769907e+02 9.955318377809523156e+01 9.131317430386326350e+01 8.141243610335283165e+01 6.149171916093747114e+01 8.141243598730174824e+01 8.106694608642756350e+01 6.930389732583500972e+01 8.918224934882806565e+01 1.004557180718499865e+02 8.058071109386010278e+01 6.637330589245286205e+01 8.440351302678617174e+01 6.434021066641334130e+01 8.240752889597924025e+01 7.243224147950198244e+01 8.656690469723957904e+01 1.064236690114764343e+02
1.184134052113001871e+02 9.880459531984186583e+01 9.147276367526218621e+01 8.458798494063833573e+01 8.081694429154104853e+01 9.521313026619351660e+01 8.800555638820596016e+01 6.830496554284704303e+01 8.512224101630107498e+01 7.737406253418343738e+01 8.903770865423835801e+01 7.188135290946682687e+01 6.855978093224860004e+01 7.998455706703286694e+01 9.957421524911241306e+01 1.122049625258129453e+02 9.612894889477175298e+01 7.652805041292437238e+01 9.612894889477175298e+01 1.027681144235379094e+02 8.292757613860234756e+01 7.144900136414671010e+01 6.438654028637255067e+01 5.805921653143651895e+01 7.379300541426847815e+01 6.114643898620077778e+01 8.106694611444933685e+01 9.570958272906030118e+01 9.577116050954207083e+01 7.584490938881168631e+01 6.159554479086451551e+01 7.562512275198966449e+01 5.892775468481191581e+01 6.233379084526933411e+01 8.240752608321461992e+01 9.086202067490400225e+01 9.910152445318642833e+01
1.080840757109296106e+02 9.939254401920594262e+01 9.253381304895795267e+01 1.040973539965207095e+02 9.521504630411402559e+01 7.564420948736102446e+01 7.257503265155611416e+01 8.512224101630107498e+01 6.534606945466327943e+01 6.330573658822266481e+01 7.211480996923803843e+01 6.432110377450955241e+01 8.411008128019163621e+01 9.641997036627201112e+01 1.077587282849432313e+02 1.043276330652598602e+02 8.473090942097206835e+01 7.078706824719404267e+01 9.047065688734521416e+01 1.050597843012445907e+02 9.955318377809523156e+01 9.131317430386326350e+01 8.429012849180968203e+01 7.379300521719923722e+01 5.384039829818350853e+01 7.379300250036865805e+01 7.947678212339148729e+01 7.582854011069882461e+01 9.570958272906030118e+01 8.992886543121321097e+01 7.562512275198966449e+01 5.554962315726663746e+01 5.378863787838033517e+01 7.384804239955788319e+01 6.417356771466268128e+01 7.089630960997475029e+01 8.092693064865294161e+01
1.190112920651246213e+02 1.120750171742949135e+02 1.120750171742949135e+02 1.049820980106994739e+02 8.544799735548083675e+01 8.948395090493755788e+01 9.219951036214011708e+01 9.327480212084996936e+01 8.512224099187830006e+01 8.035187529208805302e+01 6.048382795920826283e+01 8.035173757936568961e+01 9.226556704619309812e+01 8.919178898447918868e+01 9.737566036894472177e+01 9.942845215418799398e+01 7.980101709608878480e+01 6.578146103972615322e+01 7.725380994181030303e+01 9.688223788281661086e+01 1.028161404925759541e+02 8.295703805493799621e+01 6.889005616274785382e+01 5.890162334736056948e+01 5.134164893631622562e+01 6.797271607231267865e+01 5.955115325887741307e+01 7.947678230465972149e+01 9.485079823563457069e+01 8.659906152385752875e+01 8.388817094962151089e+01 7.005718221415429525e+01 5.012186130470946921e+01 5.522266402989580314e+01 7.524766541503610995e+01 9.086202067490400225e+01 9.910152445318642833e+01
1.389216361121836769e+02 1.318822664664673141e+02 1.188746738032142218e+02 9.922760470114367592e+01 9.922760470114367592e+01 1.090511392521789134e+02 1.099069801944931868e+02 1.000900993827539764e+02 8.390012667678250580e+01 6.409350037902547115e+01 5.890346755458769223e+01 7.667256029214799185e+01 7.522130551788305297e+01 6.943916396740922892e+01 8.918814181306589717e+01 9.411627904910514530e+01 8.133514428598341794e+01 6.150267345302191302e+01 8.133514428598341794e+01 9.541789078751565967e+01 1.035931243350493816e+02 9.701469304041791020e+01 8.707113231311373625e+01 7.883184531509560600e+01 6.797271597836024171e+01 4.801836209890193885e+01 6.494724475142689357e+01 7.319558697089696864e+01 8.659906149645429707e+01 6.662180117988363293e+01 7.247300526808805898e+01 6.739321111068632320e+01 4.755417171717620306e+01 6.739320831962625391e+01 8.351054476797752102e+01 9.135611991266611653e+01 9.959859776170539192e+01
1.370825506120081627e+02 1.287576786113557432e+02 1.271354570305733063e+02 1.188746738032142218e+02 1.188746738032142218e+02 1.156012723438525427e+02 9.596572940195021317e+01 8.214065093577393384e+01 7.226272117940499129e+01 8.389973690162993591e+01 7.666890793444906649e+01 5.677554845946971795e+01 5.531819129699623971e+01 7.315560878359296737e+01 8.135720447684578005e+01 8.014138571993990467e+01 6.616649239129785087e+01 5.749292078461056832e+01 7.736865011939110559e+01 7.575622333609823045e+01 8.406622179172290998e+01 1.037342784838944141e+02 9.095658686184759745e+01 7.107298748418757839e+01 5.955115325893040534e+01 6.494724475112981565e+01 4.500816759061080319e+01 6.200738822998133770e+01 7.025684627865217635e+01 7.247300512740804379e+01 5.255204178489685773e+01 6.182479403494694026e+01 4.527334696246150259e+01 5.920297241948486544e+01 7.918378557659353589e+01 7.138152212272879638e+01 8.690221297214642959e+01
1.287576786113557432e+02 1.089203156840531364e+02 1.147305447646013050e+02 1.200249333622313515e+02 1.117693597827213949e+02 1.200249333622313515e+02 1.057835008729013850e+02 8.618992266808089653e+01 8.618992266808089653e+01 9.064906856057720574e+01 7.089793875288263791e+01 6.678998227285495659e+01 7.320042008196335814e+01 5.329062801373680713e+01 7.120444468846389441e+01 6.981688061013201718e+01 5.204663758430118747e+01 7.195628977082273536e+01 7.474194023724328417e+01 6.428643364131529836e+01 7.830891992214232289e+01 9.796557804794019830e+01 9.920166634064274547e+01 8.771817077314942424e+01 7.947678515804105359e+01 7.319558697089696864e+01 6.200738822998133770e+01 4.207718464838217187e+01 5.913071114718179189e+01 6.704399467453022510e+01 5.879294258476888047e+01 4.205949390600344628e+01 6.182480291181042986e+01 6.791878202967598099e+01 7.163314529504606298e+01 5.976107912842758196e+01 6.688137718133336307e+01
1.129894317879519150e+02 1.147305447646013050e+02 9.510336830719394641e+01 1.101739987471481044e+02 9.216228269282902374e+01 1.101739987471481044e+02 1.139902780134065665e+02 1.057835008729013850e+02 1.057835008729013850e+02 9.883510311304524976e+01 9.063544247169700441e+01 7.823711390549259193e+01 8.137946720352174168e+01 6.540917360264450053e+01 5.128909942135235411e+01 4.989674116282200345e+01 4.851232253510609382e+01 6.648677523309495996e+01 5.486120858753817231e+01 7.474194023724301417e+01 9.222875646572327923e+01 9.441721366682584460e+01 1.001588894070545166e+02 8.458713434018532951e+01 7.635457330196386749e+01 7.714214819881198082e+01 6.934194828923399712e+01 5.913071114714910692e+01 3.916287358662849982e+01 5.629260631633671608e+01 3.894231528292568356e+01 5.879294266275157099e+01 6.287359482849885950e+01 4.805564885029633615e+01 5.165800309993752393e+01 5.712708536355371791e+01 6.382801536005471377e+01
9.914126525373009713e+01 1.073121693582183553e+02 8.774196830981033202e+01 9.808668811120936937e+01 8.239821799423546622e+01 1.014420272720239780e+02 1.096414742959231745e+02 1.104059973917379978e+02 1.021906296037799819e+02 1.021906196757349932e+02 1.056427665959606799e+02 9.763153445494073424e+01 9.336743133827218344e+01 7.936480484138024849e+01 6.540789464955157939e+01 6.981688061013201718e+01 6.662747150571711074e+01 4.668936050414310301e+01 6.080846282351916443e+01 8.043802441891392618e+01 8.861239213490796374e+01 7.469941402048621626e+01 8.047462349141386539e+01 7.635556839577475330e+01 5.564285593259918272e+01 6.166444829987749188e+01 4.974707201233119491e+01 5.345860192933504607e+01 5.581776899569457129e+01 3.621949830828452122e+01 3.672637933929373588e+01 3.992374031989385230e+01 4.310357243707590413e+01 6.287359482849885950e+01 6.557705522488113559e+01 7.679764768677917175e+01 7.718254787284097063e+01
1.074577388351749789e+02 8.791269380071585715e+01 8.302273351404008395e+01 7.850639405729036469e+01 7.494659790068817529e+01 8.184139863882461441e+01 9.829452999662497348e+01 1.021906270122173055e+02 8.250670357401645560e+01 8.250670355601272377e+01 8.949150461476658336e+01 8.149576458693303493e+01 8.949150461452983052e+01 8.378036097649514602e+01 8.514837486412095302e+01 7.941621804679893160e+01 5.957888606560241129e+01 4.544016419498733939e+01 6.538854167311261278e+01 7.798996083003120816e+01 6.990857666467320541e+01 6.070804783333721133e+01 8.046957510212156706e+01 7.470251040675594822e+01 5.400367270192559488e+01 3.728859393867423222e+01 5.309808136709794013e+01 3.328508618987356726e+01 3.933003389719086584e+01 3.413809695618855500e+01 5.393040079926451114e+01 5.974767915197385548e+01 5.703045688167357241e+01 5.703101902662645983e+01 7.698299648734045775e+01 9.247338326805851239e+01 9.709450448354458274e+01
9.914126525373009713e+01 1.016824511606420600e+02 9.681410675839342161e+01 9.808668811120936937e+01 9.012614984892613279e+01 7.043295084603997225e+01 9.012610701428150151e+01 9.507350827752655675e+01 8.827198910717221736e+01 6.849660787162842723e+01 7.823181311569175023e+01 6.240443565944806892e+01 7.105369131331811161e+01 6.394541337526891311e+01 6.844484049902419542e+01 6.765273248715762122e+01 6.415845667486524917e+01 4.419896077032636583e+01 6.242639918855505243e+01 6.153226549372291743e+01 5.010314299761882495e+01 6.990204232826972941e+01 7.619136723828566460e+01 6.454165079498378077e+01 5.523606469295049237e+01 3.513188056268587189e+01 3.436649796572779536e+01 5.242238130600617296e+01 3.220679040464524689e+01 5.151561596842324064e+01 5.924873553765076650e+01 7.136300611690813867e+01 7.698017770654152514e+01 7.698302337068480483e+01 8.524331462784554958e+01 8.556896932275184042e+01 8.499934621534943346e+01
1.188182530173308606e+02 1.214005166656386052e+02 1.164710002893895791e+02 1.011040588886354499e+02 8.147263504938347012e+01 6.747607935158302439e+01 8.323319305268135793e+01 7.538935986240169029e+01 8.932810647247674751e+01 7.838429751142962232e+01 5.850004633832313772e+01 5.246958563183331847e+01 5.114725310934025515e+01 4.983227414582353276e+01 4.852659726330539769e+01 4.725838967691618109e+01 6.533592931586926511e+01 6.204147028928986174e+01 4.244925237533148987e+01 4.157334081696632921e+01 5.570671036346676175e+01 6.680478243065260813e+01 5.705618607104219819e+01 5.628444026761864905e+01 3.621367276740922847e+01 4.679119333428995731e+01 5.466308822970646730e+01 6.068998436739835967e+01 5.151561903347993621e+01 3.127264769594975746e+01 4.430373497768432145e+01 5.847813312739808822e+01 6.388494857051751552e+01 7.214980700247069478e+01 7.973320101914289637e+01 6.564073786416220457e+01 6.507061158980685889e+01
