MOVIE_S13_data/elevation_000283.asc
nrows	150
cellsize	150.0
xllcorner	0
ncols	150
yllcorner	0
NODATA_value	-9999
[rows 51 to 67 of 150, columns 74 to 110 of 150]
1.204876746160276326e+02 1.139256008671479350e+02 1.198617921524493681e+02 1.384069530473093437e+02 1.386162732222131524e+02 1.184033750069925901e+02 1.039250981377734888e+02 9.443795856574584491e+01 8.670258485104218948e+01 8.125906489778573416e+01 7.678138744520184389e+01 9.104727535948713069e+01 9.958549283600962099e+01 9.953996622814682382e+01 8.602381415550031818e+01 7.496011273381537876e+01 5.508490063709560758e+01 5.611815266470519248e+01 7.601123185116692582e+01 8.576562323623024042e+01 6.573431472172141810e+01 8.435845226088456172e+01 6.435183041155030992e+01 8.437170795536182766e+01 9.105609766372317893e+01 9.867279299761300138e+01 1.070577070325163049e+02 1.187277007237731397e+02 1.263689264893298372e+02 1.182217069419004076e+02 1.182217069419004076e+02 1.225924670290336422e+02 1.199179810512458175e+02 1.079816794432457812e+02 9.017681460114123126e+01 7.697614793717157511e+01 7.860919559336068119e+01
1.108678919686798849e+02 9.975082039796835431e+01 1.097445453788332657e+02 1.240195608725383636e+02 1.443662634503683080e+02 1.326686761437845519e+02 1.235776430033531881e+02 1.152009775049757394e+02 1.078600919018416988e+02 1.023972444450691484e+02 9.104727535948713069e+01 7.136369668487189699e+01 8.630012491694802179e+01 8.360370803158137676e+01 7.206306785435448603e+01 5.804817999983016108e+01 7.496011150158069825e+01 6.021928650781671877e+01 8.016736489904972984e+01 9.049854899104668959e+01 7.041844559887913135e+01 9.049854899104668959e+01 8.437173680117533081e+01 7.138428340681386430e+01 8.034401690921416161e+01 9.040610832842389755e+01 1.046600153976061023e+02 1.247816869807642775e+02 1.182217069419004076e+02 9.870280730817873405e+01 9.870280730817873405e+01 1.030692523796206075e+02 1.169121733635455058e+02 1.194664270795742880e+02 1.061429709182735621e+02 8.874119825397768579e+01 9.997388273926240743e+01
9.085981717923684187e+01 1.108678610783909733e+02 1.282724310339025635e+02 1.347592787791865874e+02 1.359745658426484169e+02 1.444082889215285377e+02 1.284165272487098264e+02 1.183288438186320803e+02 1.099820338660755823e+02 1.023475968556615641e+02 9.003107715628361518e+01 6.993932048369775600e+01 6.625739619665212388e+01 6.364140506927412844e+01 6.109886783735061755e+01 7.796227589272314162e+01 8.453441640094071374e+01 6.452206648699802827e+01 8.453441697177940739e+01 9.569265614704298173e+01 7.557596561482755249e+01 9.569265614704310963e+01 9.980625427172080322e+01 9.147481092351107179e+01 8.140630016475577690e+01 1.015433216822663383e+02 1.188708719334894823e+02 1.197638779304152337e+02 1.194523966940464419e+02 1.044197606495960997e+02 8.473143189102894723e+01 8.916578597793871097e+01 1.030692523796206075e+02 1.225924670290336422e+02 1.181745702691861482e+02 1.095915500043919764e+02 1.040973983433390657e+02
1.030200807284628866e+02 1.097803727005493926e+02 1.145018791054164353e+02 1.145018839616074899e+02 1.156780807467304442e+02 1.359745658426484169e+02 1.200798175259588447e+02 9.988425020730268500e+01 8.978321213766525943e+01 8.216204369793229034e+01 7.547129178126583327e+01 9.003107715628361518e+01 8.630012491694802179e+01 8.347350494656863873e+01 6.530527306929727160e+01 8.538206529624106622e+01 8.926590523030999691e+01 6.919190063404072077e+01 8.926590523030999691e+01 1.040004390012176714e+02 9.569265614704310963e+01 8.456036147784914192e+01 1.046988716989345960e+02 1.098695233284622361e+02 9.147029200016243067e+01 1.098695233284622361e+02 1.197638779304152337e+02 1.002580814362083856e+02 1.038374617846233861e+02 9.171711959960377669e+01 7.757705989852875916e+01 9.745888526188798551e+01 1.022667253204545261e+02 1.218880644258537416e+02 1.234112014233916170e+02 1.098443281045099411e+02 9.029394313189256138e+01
8.545316579815767000e+01 8.980384868034157364e+01 9.447084811242709179e+01 1.014818379155268104e+02 1.130518188923073524e+02 1.333309391187229949e+02 1.284165272487098264e+02 1.155212196256672286e+02 9.532474671613040584e+01 8.367281746742372661e+01 8.708558883767366865e+01 1.039733118886053802e+02 9.978041545726723882e+01 7.944993552618252863e+01 7.026407311131296751e+01 9.042145814652218405e+01 9.507739268056573678e+01 7.494580961778196126e+01 8.556679499069430506e+01 1.057250582989045284e+02 1.118180292275219188e+02 9.168201093540594115e+01 1.118180292275219188e+02 1.199323970844254745e+02 1.116163513643702743e+02 1.199323970844254745e+02 1.176301794416763471e+02 9.812433106908908087e+01 8.414487740576751662e+01 8.874755438695133591e+01 7.276904622293611169e+01 8.247878017448353205e+01 1.022667253204556772e+02 1.176996198407008762e+02 1.038080200732211296e+02 1.176996198407008762e+02 1.041855730196807315e+02
1.054212539051699764e+02 1.097805231842207263e+02 1.085799593311286344e+02 1.085799593311286202e+02 1.287986747198609692e+02 1.417654933407843600e+02 1.431171796490630754e+02 1.238621588892387138e+02 1.110020668590662893e+02 9.080345897011984846e+01 1.072766672752429002e+02 1.156300062063575211e+02 9.983106262798162334e+01 9.582924152416936181e+01 7.559516890312254134e+01 9.582924152416936181e+01 1.022091339175016032e+02 8.203752355628142823e+01 9.507739268056575099e+01 1.140643305421049831e+02 1.200939823647299818e+02 1.033248490400401920e+02 1.200939823647299818e+02 1.198266417300912252e+02 1.117574707086941714e+02 1.117574707086941714e+02 1.070454068381887538e+02 1.072038649204501581e+02 8.755685739546063928e+01 7.337859545138452688e+01 6.820278806844790154e+01 8.247878017448353205e+01 1.022667253204552367e+02 1.089005024260732029e+02 8.987436741122508010e+01 1.066933544020509146e+02 1.148381408232675938e+02
9.921654501757595312e+01 1.133903798547983541e+02 1.287986747198609692e+02 1.287986747198609692e+02 1.372257368780221327e+02 1.372782903443799114e+02 1.231661010393210489e+02 1.372782903443799114e+02 1.193479258836996166e+02 1.009046718589478218e+02 1.193479258836996166e+02 1.292575190697298524e+02 1.102690678926239656e+02 8.984806960404281995e+01 8.318527890413420778e+01 1.035438445271338850e+02 1.105534235473447779e+02 9.211718692520031482e+01 1.105534235473447779e+02 1.235760240344364718e+02 1.316629537617179437e+02 1.234199288107758008e+02 1.219380974188188986e+02 1.117574707086941714e+02 9.232959457804994940e+01 9.232959457804994940e+01 8.751477685494234038e+01 8.923888173549740088e+01 9.733876618843385131e+01 8.441172560050185325e+01 6.427081805165707351e+01 8.441172560050188167e+01 9.832844720374383485e+01 9.015576271417533860e+01 8.092947346099934691e+01 8.698334870481770054e+01 9.840976179558890635e+01
1.193213110756787358e+02 1.277272327210244498e+02 1.420640855872506165e+02 1.419418940909362163e+02 1.319863932448866422e+02 1.237270500691045356e+02 1.091590694291887900e+02 1.283862119322352271e+02 1.294348764518345263e+02 1.210994618591848280e+02 1.294348764518345263e+02 1.300893474598003650e+02 1.188471425663047540e+02 1.102690678926239656e+02 9.328836941072464128e+01 1.121313938527015068e+02 1.206365361705530432e+02 1.123010809098029767e+02 1.206365361705530432e+02 1.281309858829376651e+02 1.363472042018979096e+02 1.275292240106272459e+02 1.082132776649681034e+02 9.453005979913454837e+01 8.465585349643981772e+01 7.829215391794282652e+01 7.336904011127977299e+01 6.881258524477676985e+01 8.294499425521797775e+01 7.963660051847513444e+01 6.104583098589871071e+01 8.122851650381451805e+01 8.397367953990841727e+01 7.012351246198245747e+01 7.625097497919658451e+01 9.615792909826814139e+01 1.148381408454716421e+02
1.253289502302215652e+02 1.337440047093943178e+02 1.426522131774939623e+02 1.336706146806735092e+02 1.137834854575352637e+02 1.039157847260731984e+02 1.003481661593939691e+02 1.201321931226998032e+02 1.345511083924529316e+02 1.284100588096220292e+02 1.201571723430666765e+02 1.102249972263325475e+02 1.242903982344517715e+02 1.224369861221187819e+02 1.138160901524795321e+02 1.224369861221187819e+02 1.287355475477816924e+02 1.223774039755194707e+02 1.141844490104936796e+02 1.084076042903806041e+02 1.281309858829376651e+02 1.275785312173777584e+02 1.082636765906255505e+02 9.709503003904825391e+01 1.025149070552651835e+02 8.331475699074303520e+01 7.572104705720785489e+01 6.894717662875895314e+01 6.279654213893161341e+01 5.945528516310017153e+01 5.791732430936986731e+01 7.811550449418527364e+01 6.383688373744251976e+01 8.397367953990841727e+01 9.615792909826814139e+01 1.043106107463511592e+02 1.022597089120182261e+02
1.050768469805805836e+02 1.223409336316733089e+02 1.223409336316733089e+02 1.419418940909362163e+02 1.271634895862990078e+02 1.073277212847581836e+02 9.337075381253679041e+01 1.064557588177113132e+02 1.205034336050822787e+02 1.201571723430666765e+02 1.003419830175254077e+02 9.624830449511135555e+01 1.143760209135735266e+02 1.245667022626124378e+02 1.255611567184280375e+02 1.173812997235449700e+02 1.090694134344755355e+02 1.141844490104936796e+02 9.430967854298941688e+01 1.071576565243507275e+02 1.269501906011895471e+02 1.357129032782366664e+02 1.245068034084642505e+02 1.153356751040880965e+02 9.694076987828067615e+01 1.025148819174725361e+02 9.531655031356568486e+01 8.882600328188944161e+01 8.294499425521794933e+01 7.507166483966418014e+01 5.488966805439516605e+01 5.809591969416010215e+01 7.827813630163610981e+01 9.217372345629839003e+01 9.643253292432369506e+01 8.824577950935479009e+01 8.244101988863245367e+01
9.496541666594082187e+01 1.021098765259975352e+02 1.163975079940682349e+02 1.366896324129356515e+02 1.224881541609441769e+02 1.026753987940176955e+02 8.868760957507475950e+01 9.247607146136458312e+01 1.105942646897870247e+02 1.193174654957866210e+02 1.061457176004811060e+02 8.632383617481893623e+01 9.649857495278270392e+01 1.105326386076975780e+02 1.173812997235449700e+02 9.754814836672532863e+01 9.495880313080540702e+01 1.071576565243507275e+02 8.712345539369724179e+01 1.071576565243507275e+02 1.217566618663897060e+02 1.300247902745146575e+02 1.336798718136093100e+02 1.153356751040881107e+02 1.091542284186567571e+02 9.741768153566229671e+01 8.877596367342020756e+01 8.158884893504357194e+01 7.561312713022245191e+01 7.022801893389458883e+01 5.273171803356236609e+01 7.288421464550660289e+01 8.650639717607953116e+01 8.702952949196354382e+01 7.880720719913929884e+01 6.822354405354037965e+01 8.244101988863245367e+01
1.151881747966754972e+02 1.223409336316733089e+02 1.307563350376278777e+02 1.274970390815129946e+02 1.192467484738068606e+02 1.126591384782455378e+02 1.023708436426475146e+02 8.251566277532897686e+01 9.125834990912602507e+01 1.052879077024564083e+02 1.001691954797686606e+02 8.027622194632986918e+01 8.242886143498141394e+01 1.005964528998058256e+02 1.171780078032460324e+02 9.746805778253119001e+01 8.317897201811399555e+01 9.425018466652267080e+01 8.146966952070246748e+01 1.016011688751125632e+02 1.019016650538841731e+02 1.217566618663897060e+02 1.192076879011172394e+02 1.170930449347394529e+02 1.004948760971387003e+02 7.871201041370251517e+01 6.829432196231498153e+01 6.142547653944211561e+01 5.544539530020266227e+01 5.012201805431363510e+01 6.775824393633283194e+01 6.611362188058303957e+01 7.438223223139820561e+01 7.091750318045301071e+01 5.869232983343531629e+01 7.880720719913929884e+01 8.857526816997130936e+01
1.214178853703345737e+02 1.315492283325393146e+02 1.332978488407712518e+02 1.134265921355447375e+02 9.948391848712302021e+01 9.290427610126745606e+01 1.042356368576853782e+02 9.706432334564387077e+01 7.713040038353592820e+01 9.215693274232116039e+01 8.965486624799790150e+01 8.721114009161591696e+01 7.235787329914603561e+01 9.236652930820028473e+01 1.076719189490606823e+02 1.028864430153569174e+02 8.627594036976782377e+01 7.404117849001707441e+01 8.033695117918456674e+01 8.788636310420146458e+01 1.077170589798297726e+02 1.134784751765894697e+02 9.950437837727929491e+01 9.795314721630255406e+01 1.087824909501182162e+02 9.741777520040893990e+01 8.828106907158965555e+01 7.701623990344668869e+01 7.248799447006338426e+01 5.228009347411821039e+01 4.769732821280456392e+01 4.611122237436065774e+01 6.381757808239867558e+01 5.083588245599420929e+01 7.091750318045301071e+01 7.055041232513617899e+01 6.868495671043886830e+01
1.028934630881330605e+02 1.231337180600569781e+02 1.332978488407712518e+02 1.134265921355447375e+02 1.182227588672781593e+02 9.844198122274997331e+01 8.441386455390492927e+01 8.011050509793339813e+01 7.597830499710921970e+01 7.215149939487305630e+01 6.961180539921319621e+01 6.710413771023057450e+01 6.779664258581587433e+01 7.947257007285585928e+01 9.940722661267525950e+01 1.068274205713221647e+02 9.027935582150008997e+01 7.026914101351111697e+01 9.027935582150013261e+01 1.053328649313187384e+02 1.159632276641994366e+02 1.052753441249938930e+02 8.563170274334797227e+01 8.444640997023256546e+01 1.010250199492971177e+02 1.067704143891938458e+02 8.910964052034542249e+01 8.097180482685990910e+01 6.087540168165485710e+01 6.627028778080628513e+01 6.187650704913912847e+01 6.381757808239498075e+01 4.391126653862056628e+01 6.166348412424366643e+01 6.515746237484549397e+01 5.055792159156761301e+01 5.451871641577482563e+01
1.130135905740949767e+02 1.315492283325393146e+02 1.415674860274811522e+02 1.332978488407712518e+02 1.156480736758760770e+02 9.588115326860632592e+01 1.042356368576890020e+02 1.000096208030862499e+02 8.807000457792929637e+01 8.639910058360075595e+01 8.965294502897829432e+01 7.009803614868509669e+01 6.351181564834449489e+01 8.098176307624764547e+01 8.926928455510649485e+01 9.121038163509487617e+01 7.845969158607873339e+01 6.703749587682057154e+01 7.715989249250385740e+01 9.709656831995656034e+01 1.066856542428774333e+02 9.337796524816771182e+01 8.516829571629168072e+01 7.310995396517500922e+01 8.455070122740401928e+01 1.041908728195180629e+02 9.325624590117519119e+01 7.161633087737712344e+01 8.027859276367654218e+01 8.699961103900132287e+01 8.195802018153543145e+01 6.815343926250729112e+01 5.973022518529634795e+01 4.183589415535611522e+01 4.523601365506020500e+01 6.515746237484549397e+01 7.451069405702348547e+01
1.332908069234348147e+02 1.366841249101234723e+02 1.284027297350751269e+02 1.366841249101234723e+02 1.238892266113415843e+02 1.156480736758760770e+02 1.156480736758760912e+02 1.161274507288261617e+02 1.077675694713741024e+02 9.944769234444586914e+01 7.974008941560353492e+01 8.378847676457110083e+01 8.100476349425299816e+01 6.032322201700595343e+01 7.822865513553014694e+01 8.295375942418327497e+01 6.274159753199317180e+01 8.295375942418320392e+01 9.537221497113803537e+01 1.053328649384360745e+02 9.260530068510298918e+01 7.852494712640921648e+01 6.522100829084527618e+01 7.936946256618814743e+01 9.916791735319070256e+01 1.123906186067444963e+02 1.029626320981917900e+02 9.344950619264049863e+01 9.648052200788205823e+01 9.162954319150721005e+01 7.554419594145603867e+01 5.408333255919718852e+01 3.986333809313742904e+01 5.922898487991422911e+01 6.508496213564055211e+01 7.340390142472865875e+01 9.017200135701573060e+01
1.301050081737922142e+02 1.218385699834380347e+02 1.085571039959143036e+02 1.267397212986169421e+02 1.253095580775301841e+02 1.335808667846035860e+02 1.355209331135083914e+02 1.261080401942914762e+02 1.063894413724103600e+02 9.243452200925740669e+01 9.390778204579173405e+01 1.037081280824090612e+02 8.927023516364526756e+01 7.822865513553014694e+01 5.682209928257028508e+01 7.635328736310279396e+01 5.987747018790454945e+01 7.167711038818072211e+01 9.172616253785780316e+01 9.414529658088432029e+01 8.260477173556246555e+01 6.432040553803149407e+01 6.045685259134579326e+01 7.466710085211920500e+01 9.455802677025259584e+01 1.073473817526584639e+02 9.910253928195434980e+01 9.910236685431195269e+01 9.730812647934637027e+01 7.800660450116842526e+01 6.401557447044935145e+01 5.955985913725168501e+01 3.837807439475137983e+01 5.401589224958836155e+01 6.297033668321997624e+01 7.630300839140453206e+01 8.205705514117406096e+01
