MOVIE_S13_data/elevation_000131.asc
nrows	150
cellsize	150.0
xllcorner	0
ncols	150
yllcorner	0
NODATA_value	-9999
[rows 68 to 84 of 150, columns 37 to 73 of 150]
7.856445322502590045e+01 8.687111299186680924e+01 9.583771736231764748e+01 1.074203733579560662e+02 1.047489919210334506e+02 8.432859787498443893e+01 7.392593720893302134e+01 7.538070611288792122e+01 5.497975701432073237e+01 4.993299845249506319e+01 4.496901943147161518e+01 6.512378676978185865e+01 7.611562588418158271e+01 6.779608417817050281e+01 5.094898704512993959e+01 7.116598426265470323e+01 5.873370257531870209e+01 6.171529674917507435e+01 6.577546025866305968e+01 8.581893409892256841e+01 1.003512975123080082e+02 1.093566273399239464e+02 1.209584021293421756e+02 1.215148683351642376e+02 1.097490366044980306e+02 9.222693814979960791e+01 7.199268540577520525e+01 6.621350932274289391e+01 8.638581199537721034e+01 9.649696994664311944e+01 1.049191675628537297e+02 1.134197427474145314e+02 1.124681487297588660e+02 9.205808700058237548e+01 7.773630754137462873e+01 9.803605567662212650e+01 1.166252062511128713e+02
5.853564758334623264e+01 6.748282467403466001e+01 7.904877630245354680e+01 9.911480787981675178e+01 1.130609789861802028e+02 1.029025482244988439e+02 9.453879489800890212e+01 8.381075825675608826e+01 7.538070630953622242e+01 6.661362549851537551e+01 4.645823097729945772e+01 5.711515728201858622e+01 7.670832298160138407e+01 7.931760354520081080e+01 6.513573127821005926e+01 5.460220811664370899e+01 6.131028252512798105e+01 8.133436558152249063e+01 8.581893409892256841e+01 7.191273111672158791e+01 8.087927400360580066e+01 9.253997378458190326e+01 1.126606036945869249e+02 1.224003210304325080e+02 1.021243620661435330e+02 8.776334124104042189e+01 8.797041124666552037e+01 6.806254905228824725e+01 8.825148294684865391e+01 1.014452945907669914e+02 1.021249486990638360e+02 1.225110798489014741e+02 1.177438452338498820e+02 9.731116053386055853e+01 8.292502618181131879e+01 9.205808700058237548e+01 1.038446882742578907e+02
7.692937360030039429e+01 7.008982869447213204e+01 8.165895120552144704e+01 1.017277077356716859e+02 1.111143460081501644e+02 1.009442837765351157e+02 9.251338538291022928e+01 8.574947372277910063e+01 7.990753622877929274e+01 6.812773487248530557e+01 4.797114040994951978e+01 6.812773486709585313e+01 7.803326720171124009e+01 9.205778039090840537e+01 8.168866706742204542e+01 6.171827026158093332e+01 8.133436572281503629e+01 7.284099786353047534e+01 9.293652162945132034e+01 9.202603418268431312e+01 7.976904966778492678e+01 9.142903418689446937e+01 1.115573655602595977e+02 1.151542367171167456e+02 1.033923239512635348e+02 9.151223768252211244e+01 7.128876245288871871e+01 8.825238736669703599e+01 7.278195817233162757e+01 8.177310003752191392e+01 9.614518945107415959e+01 1.165613645752863903e+02 1.177438452338498820e+02 9.731116053386055853e+01 1.032957553246407940e+02 9.377800997223218360e+01 1.142252819062588713e+02
8.078464215582337715e+01 9.014100575068833621e+01 9.844848660282079322e+01 1.100315526304909355e+02 1.026777046339268935e+02 8.234906613189339453e+01 7.222165040251707069e+01 6.551240861428063056e+01 5.972066093681964816e+01 5.453544572920743860e+01 4.949814980059915825e+01 6.276653381052271641e+01 8.218842021971146039e+01 1.036623351664623129e+02 9.022942703157858091e+01 7.174635191292360048e+01 9.022947726637819699e+01 8.443099826387624773e+01 1.012562597530246222e+02 1.066573716899386000e+02 8.649406069065038594e+01 1.066573716899386000e+02 1.198559000587670482e+02 1.067351945684463885e+02 8.634358222471612976e+01 7.469823188505374389e+01 8.554771623138844916e+01 9.993843507756851352e+01 9.302332590166830073e+01 7.814055195062736914e+01 9.247241832788837712e+01 1.128870027625007424e+02 1.261366506041170936e+02 1.177438452338498820e+02 1.226282843023169562e+02 1.055983532185723988e+02 1.226282843023169562e+02
8.479200992615882626e+01 9.793433065752795130e+01 1.062403332912897582e+02 1.178327897285669650e+02 1.111143460081501644e+02 1.009442837765351157e+02 9.251338538291022928e+01 8.574947372277910063e+01 7.990616354740959082e+01 7.127103566242277566e+01 5.112056836423485606e+01 6.273240648810104858e+01 7.699925523625789481e+01 9.728528125131286686e+01 1.003382597333388730e+02 9.200059981439194701e+01 1.003383017441487084e+02 1.045552822548403782e+02 1.128639436185346909e+02 1.149602183740917951e+02 9.661236952184188453e+01 1.149602183740917951e+02 1.275065187137436311e+02 1.119357606779875880e+02 9.151928394742165551e+01 7.720221401172443620e+01 9.749913154749970090e+01 1.143291468672231872e+02 1.025251258131369099e+02 8.215805511585764975e+01 1.025251258131369099e+02 1.151637276438147666e+02 1.235653467970753780e+02 1.353146021997727075e+02 1.343771988210528718e+02 1.260098856502752369e+02 1.246225703387013795e+02
7.182865510401427400e+01 7.786838228245839844e+01 8.944806787594869490e+01 1.095294184349737634e+02 1.138184152790386889e+02 1.033135812284350550e+02 9.477192749200970923e+01 8.843013976746588867e+01 8.191491256411522670e+01 6.938372572368668045e+01 5.276848129024639888e+01 7.293044167301991365e+01 8.406467168255582578e+01 9.231795259672698251e+01 1.007171532038436936e+02 9.454834958192597583e+01 1.029621024509152534e+02 1.146954704911080540e+02 1.205857530497457617e+02 1.249949901207628358e+02 1.167023738580353438e+02 1.249949901207628358e+02 1.191454196522475684e+02 9.869957626716688992e+01 8.691761731411700964e+01 7.978979815681297794e+01 1.001271308416895920e+02 1.148654186254962895e+02 1.109547578514476811e+02 1.025251258131365120e+02 8.854804138423321547e+01 9.468507671012930871e+01 1.065349216054281243e+02 1.269508958965795244e+02 1.302762125993621680e+02 1.205612869210437310e+02 1.124844383663112382e+02
8.184882312719456365e+01 9.793544603529365133e+01 9.205362438763846455e+01 1.121354196285225129e+02 1.053578571642651838e+02 8.534378315121755065e+01 7.404961435581168416e+01 6.787380748438111766e+01 6.246778025285030367e+01 5.744354898073613214e+01 7.293033032069651256e+01 5.549573392151894780e+01 7.566213190309392189e+01 7.202225894527094852e+01 8.281943080857730877e+01 7.423412404724410862e+01 8.595470582012306693e+01 1.062874877173229322e+02 1.001961163480676760e+02 1.146086262353534693e+02 1.171922249853357272e+02 1.256435502417715071e+02 1.217223587035103520e+02 1.013569841016757493e+02 1.039152744245625968e+02 8.351918602020393223e+01 8.600462262788798284e+01 1.064307797981310415e+02 1.218761709904710244e+02 1.162286824182758949e+02 9.575228325132943041e+01 1.151637276438147666e+02 1.091920441640341295e+02 1.295806468909005957e+02 1.221706234367098602e+02 1.027982532959125592e+02 9.331388454628108775e+01
1.019209721753667708e+02 1.102270700109358756e+02 1.121354196285225129e+02 1.204359518939170073e+02 1.131404135548194176e+02 9.079622018250447013e+01 9.477192749200970923e+01 8.843013976746588867e+01 8.224768386976852241e+01 6.193346362857482035e+01 8.224763918111067085e+01 7.566217581459855523e+01 5.826698084636252872e+01 6.040341220830184454e+01 6.259991764101483369e+01 8.281993615195956693e+01 8.876845954790699977e+01 9.231326781389169867e+01 8.578449017592906500e+01 1.027750754825020607e+02 9.680329662771883648e+01 1.171922249853357272e+02 1.299773941395785641e+02 1.216568639770704863e+02 1.078524437564474852e+02 8.739827273695458132e+01 1.064307797981310415e+02 9.297009847460685705e+01 1.134581096592217477e+02 1.246266422845458663e+02 1.162286824182759233e+02 1.102602216634587649e+02 1.295806468909005957e+02 1.379386494301232631e+02 1.302762125993621680e+02 1.205612869210437310e+02 1.124844383663112382e+02
1.152469177024921265e+02 1.069868866504128988e+02 1.095686031152578153e+02 1.178352672773395255e+02 1.250246852526013868e+02 1.147710742379983060e+02 1.106705387685547777e+02 1.025835280604115241e+02 8.713496771914350347e+01 6.682065389773471509e+01 8.713496770412913861e+01 8.350506514085275001e+01 6.327436069183601575e+01 8.060044826078132019e+01 8.220065127178533260e+01 6.591040402541040066e+01 6.845274734950123730e+01 7.195109555219954700e+01 7.558269748850148062e+01 8.238344419743866354e+01 9.416092145042006223e+01 1.085681979901243039e+02 1.291223163505270577e+02 1.265880846233703068e+02 1.059708404481386594e+02 9.145096897482073928e+01 1.119538816858355972e+02 1.134581096592217477e+02 1.010076327666645000e+02 1.128810493366446224e+02 1.332576563076030425e+02 1.247109328267783468e+02 1.389930629056063651e+02 1.398301279992407160e+02 1.302623212918337856e+02 1.220685006432508857e+02 1.207987508950696878e+02
1.038143388022434976e+02 8.724293295277381333e+01 8.980333825561642414e+01 1.063912801758166893e+02 1.117698452958747026e+02 1.142062438746324489e+02 9.655667103295492382e+01 8.284064895578197252e+01 7.513702100874432688e+01 8.122076469725999459e+01 9.179508706587061795e+01 7.148876381309561623e+01 8.350506531231860663e+01 9.191842728074905722e+01 7.542508429278822746e+01 8.618750735516152872e+01 8.876845954790712767e+01 7.404556646986125656e+01 9.442467943618171944e+01 8.258090371186705170e+01 1.029695414868087937e+02 1.194000709613162172e+02 1.311710177589323791e+02 1.335615919514656298e+02 1.164341850950310260e+02 9.590285558602424487e+01 1.164341850950310260e+02 1.283047846625578359e+02 1.078700810381314170e+02 1.283047846625578359e+02 1.416167194091503347e+02 1.449465958997544419e+02 1.373709160247652505e+02 1.275373995233139368e+02 1.119793330767421367e+02 1.025161381126060292e+02 1.061040634879198734e+02
9.498237100137750133e+01 7.588520912271059160e+01 7.844527790384213972e+01 9.815712212793958713e+01 9.168864694668319260e+01 1.058901320936466703e+02 1.106705387685547777e+02 1.025513646555825886e+02 8.529984548492151930e+01 1.014131168652025394e+02 9.822566243723744606e+01 7.789039759833525522e+01 9.822566243723744606e+01 1.028981754740697028e+02 8.260965685819779480e+01 1.028981754740697028e+02 9.859283200365068467e+01 7.818904851967973002e+01 9.859283200365068467e+01 9.699970251267920673e+01 9.059069006676146785e+01 1.023382043153250578e+02 1.227338631059430156e+02 1.251704472538198161e+02 1.046820963980537158e+02 1.036826535003904581e+02 1.241823372665714800e+02 1.366747589114136758e+02 1.197261593299722477e+02 1.283047846625578359e+02 1.485448917418943893e+02 1.431226142653362672e+02 1.233564251361954973e+02 1.095575312204209268e+02 9.984630064848029463e+01 9.249326830843303071e+01 8.663373245531292355e+01
8.099898604603286856e+01 6.701608379378927793e+01 8.677648355893300902e+01 9.586764290473686856e+01 7.773904851293360707e+01 9.587756849357276678e+01 1.088590890496541732e+02 1.134602411584770607e+02 1.052248525015768337e+02 1.134931434586791283e+02 1.066373614145010293e+02 8.698793146617148864e+01 1.066373614145010293e+02 1.112471588354056991e+02 9.434753178579353516e+01 1.112471588354056991e+02 1.030497417650159662e+02 8.264386614875233761e+01 1.030497417650159662e+02 1.173820077033362566e+02 1.049832687106078168e+02 1.023382043153250578e+02 1.227338631059430156e+02 1.323852421667784540e+02 1.119787205354855217e+02 1.241823372665714800e+02 1.182249121178069657e+02 1.385648338575413163e+02 1.400234047964186175e+02 1.483675629935578115e+02 1.362872508309200441e+02 1.280710234892691233e+02 1.280710234892691233e+02 1.235560736718842207e+02 1.193516695571629782e+02 1.119793330767421367e+02 1.061040634879198734e+02
8.183638359384254102e+01 6.198457997151248833e+01 8.183570055760306161e+01 8.761536926118652957e+01 6.782515607399253099e+01 8.062098466069024028e+01 9.876002561962069137e+01 1.097032005977932982e+02 1.014692778442613275e+02 1.097032005977932982e+02 1.157247373377205548e+02 1.013654943159085065e+02 1.157247373377205548e+02 1.226515179041887507e+02 1.144432778404065374e+02 1.184809943502801417e+02 9.902892190967169483e+01 8.792465410334870057e+01 1.083207981120986005e+02 1.269827575362190544e+02 1.253837249809109267e+02 1.141000899791243626e+02 1.311710177589323791e+02 1.323852421667784540e+02 1.264533880610231762e+02 1.323852421667784540e+02 1.385648338575413163e+02 1.469275466676794508e+02 1.492703308846481889e+02 1.378348135863050459e+02 1.280710234892691233e+02 1.083908135001306050e+02 1.083908135001306050e+02 1.038849750741839273e+02 1.055440468660755045e+02 1.016824834295601505e+02 9.802675647158748973e+01
7.728206485900781786e+01 5.731720477750815945e+01 7.728206484238988594e+01 7.357680474042415142e+01 6.071363354615341734e+01 7.072880683190760465e+01 9.050274939066142110e+01 9.980596866849749915e+01 8.170960134906917460e+01 9.980596866849749915e+01 1.089822776289967976e+02 1.216858126873817980e+02 1.174139286503017416e+02 1.091663346403118169e+02 1.174139286503017416e+02 1.262816815639570649e+02 1.126847449929090175e+02 9.827003262142079620e+01 9.810738596801959943e+01 1.125378444923757826e+02 1.330107178080971266e+02 1.345278165276885147e+02 1.429482158141800880e+02 1.526154538369081592e+02 1.467060047989116356e+02 1.526154538369081592e+02 1.502901358727385457e+02 1.420840223767423822e+02 1.410246451451760663e+02 1.212591485589372269e+02 1.099352269103433741e+02 1.019359894371975344e+02 9.450288675611986378e+01 8.997180141610802195e+01 8.585385955030727700e+01 8.199579127099292464e+01 7.837128448243809942e+01
7.302555743631512541e+01 5.293405758919768545e+01 6.722565990944097791e+01 5.349792263404176396e+01 7.357680477356615256e+01 8.884581277584213410e+01 9.875449500732534602e+01 9.158943959666460444e+01 7.183140052213090598e+01 8.097510094381992474e+01 1.007503016725824949e+02 1.106507961209703268e+02 1.075012891412516467e+02 8.937675018507351865e+01 1.075012891412516467e+02 1.174139286503017416e+02 1.272203367638661007e+02 1.132301800364575826e+02 1.098781096595876505e+02 1.269827575362190544e+02 1.392501980219655024e+02 1.310456552767666381e+02 1.392501980219655024e+02 1.506484665036396109e+02 1.424396049505741928e+02 1.506484665036396109e+02 1.388585271189372747e+02 1.222885274867920344e+02 1.388585271189372747e+02 1.378348135863050459e+02 1.280710234892691233e+02 1.083908135001306050e+02 1.141550135507740578e+02 1.096465064600610759e+02 1.055440468660755045e+02 1.016824834295601505e+02 9.311288847430010662e+01
7.130786471143444771e+01 6.304383145914211184e+01 4.694044418136697772e+01 6.722565991197872393e+01 8.180051960523941545e+01 8.684742193671128518e+01 8.468519394849630544e+01 8.460391789038779109e+01 6.477478137154662363e+01 7.881396162360613289e+01 9.858210883531248214e+01 9.085497983192492200e+01 9.085497983193430116e+01 7.953295352652790484e+01 8.937675018507351865e+01 1.033487001764105173e+02 1.232113466639915629e+02 1.342558047367458016e+02 1.303586635688325828e+02 1.387832190170904880e+02 1.293464871829235960e+02 1.112382736491764774e+02 1.293464871829235960e+02 1.407482138439065125e+02 1.226463233390099248e+02 1.407482138439065125e+02 1.306550880732876863e+02 1.108520434981898148e+02 1.306550880732876863e+02 1.424564226302739769e+02 1.362872508309200441e+02 1.280710234892691233e+02 1.274278636619780798e+02 1.192311148504954303e+02 1.119423805397670861e+02 9.226271625366203466e+01 7.837128448243809942e+01
5.911134152199220182e+01 4.261294089870145285e+01 5.452041084576101326e+01 7.415952772147727501e+01 8.684827517579482503e+01 6.696762531132318941e+01 6.478923564263253354e+01 7.264742605377307427e+01 5.955202418957219379e+01 7.948405685657709796e+01 9.387956468823834655e+01 8.567367171951590876e+01 7.112514634443877526e+01 7.640309391562260544e+01 9.612620226331068807e+01 1.111543550085938108e+02 1.194057472273298259e+02 1.293472500082001773e+02 1.374193580223726485e+02 1.292132740037386327e+02 1.211419644629715151e+02 1.013107456953265881e+02 1.211419644629715151e+02 1.325429641447919380e+02 1.127377752648379499e+02 1.325429641447919380e+02 1.236536545196921537e+02 1.038541434440048050e+02 1.236536545196921537e+02 1.226584363868692833e+02 1.366611474956192183e+02 1.306038216808655363e+02 1.109057156310788770e+02 9.957338401730817168e+01 9.261270007464710829e+01 8.638065679826891596e+01 9.802675647158748973e+01
