MOVIE_S13_data/elevation_000192.asc
nrows	150
cellsize	150.0
xllcorner	0
ncols	150
yllcorner	0
NODATA_value	-9999
[rows 68 to 84 of 150, columns 37 to 73 of 150]
7.793956536247637246e+01 7.573235326218559749e+01 6.452635388100239311e+01 4.449218224488345896e+01 5.862565380521186142e+01 7.863704620706097614e+01 7.974201226481213212e+01 6.562504147054502823e+01 6.260383799624518275e+01 7.682420219991568899e+01 6.605675945288436424e+01 4.630318013240125907e+01 5.370737975534591158e+01 3.523225459605546916e+01 3.713451471059841680e+01 3.898443152989017335e+01 4.081390486932511408e+01 4.404083806258429235e+01 6.437481941168101685e+01 7.045772095123547274e+01 7.364077210720846267e+01 7.937132626016089887e+01 8.551670666551332545e+01 9.227616689623047819e+01 1.006958842080059924e+02 1.108475272695153677e+02 1.128190445825733548e+02 9.284586345127931395e+01 7.867836862398350206e+01 9.594320854574073110e+01 8.321153413889183525e+01 9.742080264219204366e+01 1.173779116080958715e+02 1.212681980348893092e+02 1.130292509481716365e+02 9.447978145250189641e+01 1.143164296236574557e+02
9.168772283078180863e+01 8.334732326460478191e+01 6.762350162177082780e+01 4.755416273787159298e+01 5.649283232797273513e+01 7.073024128210843742e+01 9.093621786024876030e+01 8.553684098842958861e+01 8.268283945130082202e+01 8.647079709512814816e+01 6.629883939236867718e+01 6.629883938196155668e+01 6.347020332778259899e+01 5.516100335308297531e+01 3.695161110733040744e+01 4.712589752982322011e+01 6.099246778925230927e+01 4.400476191650857061e+01 4.649243823556142985e+01 4.928236661374131700e+01 5.254182141775764592e+01 5.870951942486777142e+01 6.513478566695729910e+01 7.199778620407882102e+01 8.213434467362698399e+01 1.024179891188340008e+02 1.140356221254339033e+02 9.360822280106353332e+01 8.189990152299294834e+01 1.019949987675111771e+02 8.991731005405257804e+01 1.032661045254263854e+02 1.231964190589252865e+02 1.387373874992254343e+02 1.203086052146072547e+02 1.004348071015006099e+02 1.203086052146072547e+02
7.326858497597403641e+01 6.319068429395659336e+01 5.649278119369309792e+01 5.153326639992200597e+01 7.164590130841257576e+01 7.665296425692980620e+01 9.688810832710322529e+01 9.050584575862602321e+01 7.032621174969609967e+01 7.032621174969405331e+01 6.687327855363929530e+01 6.357270317186767983e+01 5.859857595265835073e+01 3.867484142168462569e+01 5.685211592465961417e+01 6.336645004361211164e+01 5.251734670183665088e+01 6.443401575211973409e+01 6.739933962980497029e+01 6.442698624406550323e+01 7.364077210720846267e+01 5.849367833420037499e+01 7.917432381400649888e+01 9.227616689623047819e+01 1.006958842080059924e+02 1.108475272695330744e+02 1.222464187023866202e+02 1.055319843787175529e+02 8.546492943360314598e+01 1.055319843787175529e+02 1.099405017611133815e+02 1.006714565385906184e+02 1.106553600665776287e+02 1.305135162437445899e+02 1.273412857563119331e+02 1.074498613524797719e+02 1.273412857563119331e+02
9.168772283078180863e+01 8.334732326460478191e+01 7.584757461865322625e+01 5.570095646334930706e+01 6.732599996778601792e+01 8.747109748753148040e+01 9.577802163784780021e+01 8.408278039255266378e+01 7.032621174969575861e+01 5.019284751915129306e+01 4.679713939756252472e+01 4.355791861165251788e+01 4.041288117769806121e+01 5.858775631238739834e+01 5.271437233901663433e+01 7.280516317663291659e+01 6.646411302909911001e+01 6.385098455898349101e+01 8.398561805869860564e+01 8.501720247235950012e+01 8.386726914529346288e+01 6.343279669416872224e+01 6.969905262001223889e+01 7.883069376935885941e+01 9.056766644010612310e+01 1.112903408054140186e+02 1.208946929574932767e+02 1.057315531367813861e+02 8.925587270457715761e+01 1.093751420413997266e+02 1.239521903079450453e+02 1.205844381551611377e+02 1.288088914856795668e+02 1.387373874992254343e+02 1.355866179349853553e+02 1.189317295284233609e+02 1.355866179349853553e+02
8.952845819479817635e+01 7.527257936834334373e+01 6.518960490814222908e+01 6.330519087135139955e+01 7.584757461861912020e+01 9.579672021692503847e+01 8.738564212071749182e+01 6.719017981034632214e+01 5.553495359746589344e+01 7.032621174967408706e+01 6.687327855171052704e+01 6.172975613096210168e+01 4.174790854958887110e+01 6.172868880656414348e+01 7.280283452086754892e+01 8.113875707079199628e+01 8.659672679750427449e+01 7.547525071305716438e+01 9.228994673766864310e+01 1.031974586846473727e+02 8.284034639867655869e+01 6.847718416964870869e+01 8.880280654244405980e+01 9.859115752837097091e+01 1.078428110780552203e+02 1.200201252310727114e+02 1.166470950133944342e+02 9.936682764471390783e+01 1.093751420413997266e+02 9.570687176003050922e+01 1.157499313652218120e+02 1.305670960710698694e+02 1.387430234137868297e+02 1.501358076146300959e+02 1.470767912801123600e+02 1.388289531981613152e+02 1.236188396037469914e+02
1.037734540785995137e+02 9.369687318991431368e+01 7.683203326047907922e+01 7.232428608540639914e+01 9.181365903551115082e+01 1.043455910547027941e+02 9.419800707014476870e+01 7.402552343823411718e+01 5.973167114286252399e+01 7.993390710061514426e+01 7.433862274035736561e+01 5.457297001948346349e+01 4.309249267240983983e+01 6.300778238674750042e+01 6.138839878638895442e+01 7.564067417766705148e+01 9.574987597548641816e+01 9.561114979083710352e+01 1.038903710306515649e+02 1.031974586870812232e+02 8.284034639867658711e+01 8.284034639867658711e+01 7.934036867485031053e+01 8.948102906134495527e+01 1.040505109618798230e+02 1.255027450683552388e+02 1.281574551258326551e+02 1.213847909648238215e+02 1.234363464177257015e+02 1.073510411288686299e+02 1.036484892216171545e+02 1.107473832988484048e+02 1.222241654205439971e+02 1.419634288426848059e+02 1.363444562609994932e+02 1.281112456147480998e+02 1.128877461070343031e+02
1.078485657698894045e+02 1.053318916599677380e+02 9.699147043447237593e+01 8.396485983614635984e+01 1.008270125511679254e+02 1.106620197157800760e+02 9.049780466551098357e+01 7.623239066440767431e+01 6.478832591904961191e+01 8.498243416143979800e+01 8.243513994867886652e+01 6.305122098448673285e+01 6.310498685794155449e+01 4.503630731259187314e+01 6.401375214623996612e+01 7.882355196340213865e+01 8.861948938996579272e+01 9.509715624594592498e+01 1.034413340345906960e+02 1.116707895635058918e+02 1.031974586872470070e+02 1.031974586866366508e+02 9.974038055251334356e+01 1.082805967016525557e+02 1.188043651431171952e+02 1.212137503092376960e+02 1.297000372720977737e+02 1.412229910411818707e+02 1.353977015980057104e+02 1.272211930163524300e+02 1.136609392517167834e+02 1.305669445803353881e+02 1.387426840040236868e+02 1.376694551882971496e+02 1.281112456147480998e+02 1.082004577598065538e+02 1.046447050062060242e+02
9.152009509544041066e+01 9.858104828044658063e+01 1.068179671224801837e+02 1.041228232545021939e+02 1.124601771175098435e+02 1.123568437652914440e+02 9.321531039900467874e+01 7.304896450148606846e+01 8.498243416143979800e+01 9.334163602489958578e+01 9.133405118780595444e+01 8.016279743693077364e+01 6.651698161687059496e+01 4.643096450313758083e+01 6.651698211950899520e+01 6.091158307560976937e+01 7.758368547827377881e+01 7.488097471211378320e+01 9.178161616615589935e+01 1.054981324803170111e+02 9.927651764825264991e+01 9.088025378479245830e+01 9.510477543936865175e+01 9.963714512390849620e+01 1.045589300292483870e+02 1.008243166984820647e+02 1.109829563969966273e+02 1.266984546114122878e+02 1.383900642856220031e+02 1.416346013060124847e+02 1.334585829964012191e+02 1.416331783590892144e+02 1.318141387353481377e+02 1.177186139848525528e+02 1.281112456147480998e+02 1.082004577598065680e+02 9.411832430029566865e+01
7.154079781360240986e+01 7.860965676541188429e+01 9.014372730331479033e+01 1.101066430750919380e+02 1.182425553862077123e+02 9.808062857824971559e+01 8.383595432290076133e+01 8.731266698202762200e+01 1.015769608174438616e+02 9.769649022252076520e+01 7.752800831104237034e+01 7.181239272007731245e+01 5.164806691450154119e+01 6.651669325475323546e+01 4.859539782847963352e+01 5.014769839631217252e+01 7.031911893767487243e+01 6.317404461522359327e+01 8.273316281816748585e+01 8.525982811905647907e+01 8.526068377263214870e+01 7.056054507928577380e+01 7.477941573307819567e+01 7.929320580505513760e+01 8.417878647832557704e+01 9.021661921164698583e+01 9.776106335803736158e+01 1.091210522823184732e+02 1.299511197296518503e+02 1.381283223553798223e+02 1.298343560730784816e+02 1.339843128592350752e+02 1.218372911325942312e+02 1.036020174590305487e+02 1.218372911325937764e+02 1.222724570104031727e+02 1.140321925037522135e+02
9.152009509544041066e+01 9.858104828044658063e+01 1.068179671224801837e+02 1.183214909674639301e+02 1.179030552766015347e+02 1.123568437652914440e+02 9.808062857824971559e+01 1.074655521901231623e+02 1.039085835003957357e+02 9.489710591295806807e+01 7.752800832326444436e+01 5.732025566095497737e+01 7.181239272203349344e+01 7.689723624273446489e+01 6.277877644581480610e+01 7.031907873341431525e+01 5.240132211918783156e+01 5.412150301888254234e+01 7.436429908530003274e+01 8.026961384399456279e+01 6.494161951161683533e+01 8.526068377263214870e+01 9.510477543936865175e+01 9.963714512390247080e+01 1.045589300294120250e+02 1.106904340452177422e+02 1.182773688665580210e+02 1.267005213465346145e+02 1.380751601791950804e+02 1.265814308581658310e+02 1.098440652478343651e+02 1.139489914734014349e+02 1.135816376892028359e+02 9.362946253655012185e+01 1.112304299902038309e+02 1.082797982164501889e+02 1.082797982164501889e+02
1.047010517686411930e+02 1.047616068390541386e+02 1.133089096557425535e+02 1.120451865379490073e+02 9.799823978575633987e+01 1.120451865379490073e+02 1.182425553862077123e+02 1.098194444182803267e+02 8.968397772144308533e+01 7.541179208756062735e+01 6.636219245889869001e+01 6.341214123063370067e+01 8.362129843887561265e+01 9.032578533233177609e+01 7.907961605335304967e+01 5.893843275187649766e+01 7.261920337794656177e+01 7.436972066704352358e+01 5.665757099010552622e+01 5.995707173090619335e+01 8.026970911548141885e+01 8.526068377263216291e+01 1.055059085318097374e+02 1.116120135930249546e+02 1.199863450397100166e+02 1.212173065942015739e+02 1.295889736986173659e+02 1.400369965067878013e+02 1.299071466388739680e+02 1.105318950045229514e+02 9.852114560596295689e+01 9.983131499772305517e+01 1.041989287229062882e+02 8.659644408323003972e+01 9.129198277976615827e+01 8.836282528900557054e+01 8.836282528900557054e+01
1.014804941363513393e+02 8.445832292316529788e+01 1.015307069432884504e+02 1.038282252647578616e+02 8.387098185172821729e+01 1.038282252647578616e+02 1.058624531930105945e+02 1.140747863519735006e+02 1.039085835003957357e+02 9.489710681326710073e+01 8.065745496308252882e+01 7.016402369482922552e+01 9.034993593959615055e+01 8.658894130372983966e+01 6.634234714681625178e+01 7.919593041550997725e+01 8.723040852632104247e+01 7.911667358840784914e+01 5.882731438979923411e+01 7.911667358848551146e+01 8.864964991882909828e+01 1.040856243335227163e+02 9.570681064955424233e+01 9.137415070983853127e+01 1.046986063644432932e+02 1.009861132057501436e+02 1.114448370012736689e+02 1.288648785874393070e+02 1.339842975667295946e+02 1.139489914369367511e+02 9.983131499758714256e+01 8.837911532442880969e+01 8.430008859786536846e+01 8.073237354890829920e+01 7.728846597291695275e+01 7.439605536940194952e+01 9.033900643966227051e+01
9.303950040478245853e+01 7.270611950468071427e+01 9.303950040478245853e+01 9.628509627543525085e+01 7.621641064568267154e+01 9.173536813364309239e+01 8.588373790525477602e+01 1.058624531930105945e+02 1.203917280918547306e+02 1.091367586634514595e+02 9.868167416188794050e+01 7.920765177605126439e+01 9.868167416188794050e+01 9.219957305854107688e+01 7.197015257882227957e+01 9.219957305854107688e+01 9.934374544674599861e+01 8.377530286383259295e+01 6.349411882920813355e+01 6.239454780477058193e+01 8.268084735852691836e+01 9.009142757039965943e+01 7.546025902628188931e+01 7.968510926831264385e+01 8.445727161119036452e+01 9.120614509078289700e+01 1.002602052227153990e+02 1.145710119175047765e+02 1.347912897799992606e+02 1.182759032579495937e+02 9.828871053958980042e+01 1.082782935369576478e+02 9.316083841096470053e+01 1.006056853335635708e+02 9.710943621026525818e+01 7.935595850741059110e+01 7.060760289467532402e+01
8.583149059611098153e+01 6.542812031133246364e+01 8.584662298460412444e+01 8.959553439885104353e+01 6.934593797326418496e+01 7.153854925447699031e+01 8.067168936176035743e+01 9.226377064708317732e+01 1.121911502698498566e+02 1.238116899223552139e+02 1.076879284207975616e+02 9.346897735301760690e+01 1.076879284207975616e+02 9.219957305854107688e+01 7.913111959029168929e+01 9.934694759230248451e+01 9.098568367699265025e+01 7.068325902908624414e+01 8.377530286384219949e+01 8.267716639480677543e+01 6.605265019548792793e+01 6.983155165442239820e+01 9.009142757039965943e+01 9.992767800967931180e+01 1.046986063644432932e+02 1.009861132057501436e+02 1.198192866316714031e+02 1.288648785874393070e+02 1.324573484580582772e+02 1.124020444843606441e+02 1.124058848240552351e+02 1.214429865503495591e+02 1.046875824976952316e+02 1.124289799076150587e+02 9.331600738516256399e+01 9.839746722174973570e+01 8.101808869981553585e+01
7.099207137960002001e+01 5.926272746141090408e+01 7.968577325956418633e+01 7.771669362757920396e+01 6.307814936264299632e+01 8.349005135341533901e+01 9.997926212861410988e+01 1.089085375507865194e+02 1.112985326115166913e+02 1.040266510112364813e+02 1.179319076060115492e+02 1.135966397650176702e+02 1.207396447702552962e+02 1.077013155063719267e+02 8.924056293150012209e+01 1.077013155063719267e+02 9.665687670229304729e+01 7.631146871327158010e+01 9.664440466658922446e+01 8.039610686096897041e+01 8.632926306075840728e+01 7.158689856792177864e+01 9.187658900191875944e+01 1.072232959487891577e+02 1.193827011546746206e+02 1.212173065942015739e+02 1.295889736986175933e+02 1.452200682681695980e+02 1.407863234887990700e+02 1.324572933327296766e+02 1.325460884048409298e+02 1.328382077238287309e+02 1.247850669236227077e+02 1.203178560809874114e+02 1.126544707402264862e+02 1.095655977927147404e+02 9.504674981587587013e+01
6.774652797168114660e+01 5.375499938020953294e+01 7.261237197047481118e+01 5.729940699916151914e+01 6.756506431232035936e+01 8.199735153137174848e+01 1.020421017487047379e+02 1.053980511024260522e+02 9.139617760026310123e+01 8.990535244376648905e+01 1.098215547422634302e+02 1.128181668109880178e+02 1.175250405435358658e+02 1.177978363493529770e+02 1.094533322531048043e+02 1.177978363493529770e+02 1.031591008606717281e+02 8.272048143952443411e+01 1.031545929931595538e+02 9.207834637878247008e+01 9.930563322275169469e+01 7.876793607549871012e+01 7.854622619520498006e+01 9.027517268258668537e+01 1.105547069519447376e+02 1.259870447763720023e+02 1.394554879006638544e+02 1.255941145936814962e+02 1.354099286464544036e+02 1.435349167917462410e+02 1.376170561563723425e+02 1.260874076100041634e+02 1.178282352895611638e+02 1.107754347517763307e+02 1.044707819529393049e+02 9.914462255833872462e+01 8.896008907487386352e+01
6.565592146112614103e+01 4.934668291949968477e+01 5.239905141894116980e+01 6.666821314546383803e+01 8.603093828188870873e+01 9.613026010863737270e+01 1.023768229092053446e+02 9.400443530650706236e+01 7.724730057621287926e+01 9.722544242147716886e+01 9.433164271822170122e+01 9.284044566597307835e+01 9.755112121176446749e+01 1.087445526675981142e+02 1.154100859640727208e+02 1.236328770857053030e+02 1.117517602205159619e+02 9.181203628812494344e+01 1.117490650219329638e+02 1.063351392918648770e+02 1.079350913392169105e+02 8.793918346817872589e+01 9.881743998770119219e+01 8.719610804673123994e+01 9.734103936800806878e+01 1.177594068302082917e+02 1.295269300565429091e+02 1.113628300367683863e+02 1.155310993539397373e+02 1.354099744878776903e+02 1.293487900999415956e+02 1.094024875401209016e+02 9.788729010268841080e+01 9.083977789186168650e+01 8.455088351701760985e+01 7.926465530340244925e+01 7.498153504701269867e+01
