MOVIE_S13_data/elevation_000394.asc
nrows	150
cellsize	150.0
xllcorner	0
ncols	150
yllcorner	0
NODATA_value	-9999
[rows 119 to 135 of 150, columns 37 to 73 of 150]
6.029345547378679981e+01 6.607857795249910282e+01 5.929931874505131617e+01 3.877432539509348430e+01 5.567097815596571309e+01 4.735586989756571086e+01 5.551736117810330740e+01 3.821765072410968855e+01 4.519738726203252810e+01 2.652130672751090756e+01 4.626650664548811420e+01 4.247107490922502393e+01 6.345919792878333965e+01 8.117335205610434912e+01 7.966076039386089747e+01 8.834350138424667875e+01 8.949950107682134615e+01 9.785187382726569183e+01 1.013602760864604733e+02 1.099547837125786884e+02 1.133996523473108198e+02 9.352482165529272606e+01 8.111588716721706760e+01 1.010648031850954851e+02 1.105508357095817189e+02 1.005714458271877305e+02 8.288490854537040775e+01 6.288831431097348457e+01 6.105286309633177666e+01 8.104266248626448998e+01 6.489654695214917979e+01 6.827871035133769340e+01 8.242937070645611186e+01 9.507738334249408751e+01 1.033237192598342773e+02 1.145510723215978857e+02 1.120880501069595283e+02
8.004513539371005493e+01 7.555808787674882865e+01 5.564524807152057662e+01 5.567097815597425381e+01 3.510945491722846867e+01 3.285520626771961616e+01 4.684229966025105085e+01 2.688724083763498740e+01 2.498608294479717173e+01 4.513106866533789940e+01 5.448442446480294876e+01 6.299390809816579662e+01 7.213412319908623260e+01 8.542488516276068822e+01 7.707987357172804366e+01 7.306966180423852109e+01 6.937713968993735136e+01 8.688112786265246257e+01 9.523358320671556498e+01 1.068690715931261082e+02 1.074841123575031929e+02 9.352482165529272606e+01 7.355479205655713315e+01 9.352482165529272606e+01 1.074841123575031929e+02 1.003884041118334096e+02 8.041341552584593444e+01 6.626813918679491167e+01 5.478274832001171291e+01 6.919151717927064738e+01 5.677954844344800023e+01 7.673334220719797827e+01 9.179111762828030407e+01 7.507472985573831181e+01 9.179111762828030407e+01 1.033237192598342915e+02 1.027433914262823436e+02
9.070937965473295606e+01 8.367680889031602476e+01 6.840588058090261825e+01 4.827023185950417883e+01 5.561418952604415011e+01 4.995447620578640624e+01 2.983826399719016820e+01 4.364361652971905414e+01 2.390579363138495239e+01 3.817516737666088744e+01 5.831938456131869231e+01 6.715401686628810296e+01 6.985813085145925072e+01 7.380029129939779864e+01 5.695056173043271031e+01 5.293165311235178905e+01 5.966519801210324658e+01 6.677317712169978847e+01 7.836806213834078960e+01 9.851019190614881893e+01 9.927718986775796850e+01 7.932878106055626688e+01 6.778133751315108668e+01 7.932878106055626688e+01 9.927718986775796850e+01 9.397180326909725068e+01 7.384399007727709829e+01 7.316657477578010571e+01 6.490188809253994862e+01 4.930098570715947659e+01 6.919151683376760786e+01 8.363454770855301490e+01 7.536684161026569484e+01 6.353610001403527008e+01 7.507472985573831181e+01 9.507738334249408751e+01 9.453362842369050156e+01
8.230799887402437776e+01 8.810707269163822275e+01 6.840588058090261825e+01 6.840588058087325862e+01 7.109434037713491250e+01 5.817842037796369681e+01 4.971441196013928021e+01 4.177653085920358933e+01 2.294512836862840999e+01 4.313586609114487658e+01 4.969703859587043127e+01 4.666723166663500422e+01 4.966978404703460370e+01 5.922216648593038002e+01 4.525111958679591595e+01 5.956265193333209851e+01 7.969134611104577459e+01 8.688112786265246257e+01 9.523358320671556498e+01 9.627759823377600412e+01 9.410283269248876081e+01 8.317655788491434521e+01 6.319495258584388608e+01 7.733366372108334019e+01 9.728255221874590575e+01 8.820057259924959681e+01 6.797287887713737575e+01 5.388630131515721899e+01 4.504461872389762078e+01 6.490074254622284400e+01 6.428710681580398045e+01 6.852682324087719223e+01 5.542493268998666167e+01 7.536684161026569484e+01 7.986137548379464590e+01 9.984721826620990726e+01 9.149937949144405991e+01
7.535281336603657110e+01 7.329997324384154922e+01 6.482962859451585302e+01 7.329997324384154922e+01 6.341148044843352238e+01 4.484071097066443912e+01 4.122368746751460833e+01 2.167110150046720918e+01 4.005277787186842176e+01 2.673622493396924327e+01 2.946779396946971019e+01 3.231004992988007274e+01 3.531609564952849922e+01 3.895910899399254390e+01 4.616486141057813342e+01 5.523574385960936439e+01 6.686366870339058721e+01 8.698026352557366181e+01 9.627759823377600412e+01 7.633566233211021768e+01 7.415145149398087199e+01 7.901010516405891337e+01 5.903043170830911635e+01 7.316438526650584606e+01 9.312292142256589500e+01 9.249263037301199120e+01 7.274420663479027382e+01 6.214994092357815703e+01 4.231177364427020393e+01 5.855162100174850792e+01 4.443436676220088799e+01 4.864079730020481662e+01 6.852682324502407596e+01 8.363459661550930946e+01 9.984721826620990726e+01 9.726929910816876657e+01 7.751441428910293041e+01
6.383925864962273522e+01 6.300013928144553432e+01 4.416764348421879305e+01 6.300013928144553432e+01 6.658514029405448298e+01 4.419481737882895089e+01 2.897023739699764988e+01 2.077564891510621337e+01 4.093983316490334801e+01 4.694366576771266608e+01 4.377690298327615892e+01 4.664376083633781889e+01 5.558281392506328444e+01 4.440773581876417353e+01 6.462364202657117573e+01 6.636344376115381749e+01 8.370980253417187100e+01 9.533191570513841384e+01 9.410283269036536069e+01 7.415145149398075830e+01 6.002204280912869905e+01 7.000855928127224104e+01 5.519414725900639951e+01 6.931761034808627642e+01 8.928189934845518394e+01 8.687688739507635205e+01 6.693883793943918192e+01 5.287738164576278876e+01 5.855611540727784359e+01 3.873929353586871116e+01 5.855611540011152982e+01 6.852682324218655197e+01 7.679274469286600890e+01 7.384197747485518448e+01 8.218295978907163146e+01 9.220896266839933730e+01 8.330048609104811419e+01
5.191544471600874999e+01 4.954439318117034219e+01 3.392643306151595084e+01 5.449863603936675105e+01 6.151294612883086899e+01 5.349989161089577294e+01 4.004198973637994641e+01 1.988790159068199515e+01 3.412212829173778061e+01 5.433380020069379412e+01 6.398951028684549414e+01 6.684862979759027724e+01 6.462364202655010104e+01 5.872450205221105790e+01 5.872450205221105790e+01 7.886542575900845975e+01 9.484505505527523894e+01 9.126687762373980206e+01 8.303251909431280353e+01 8.412714205332542861e+01 6.416045079876245438e+01 5.006389227455578350e+01 7.000855928127224104e+01 7.428460636500444991e+01 9.421944916348780907e+01 9.269112872541964521e+01 7.277855742136259209e+01 6.638816984833603385e+01 4.652048898433413626e+01 3.662892813215589882e+01 5.645550364897285078e+01 6.995141088753484837e+01 6.406417549142241796e+01 5.428637350800370598e+01 6.385114417172562895e+01 8.383281077798463343e+01 8.287647101855925769e+01
3.138153608749365731e+01 2.906239816881323179e+01 2.679405046222220221e+01 4.412749133382066447e+01 5.139501314295380041e+01 3.400543905127200617e+01 3.789923193266552204e+01 1.900360675665002219e+01 3.914815976041500534e+01 5.530400881455620521e+01 5.530400881556327874e+01 7.543892336875269677e+01 8.476519812614476734e+01 7.886542575900845975e+01 7.886542575900845975e+01 8.721228298468285800e+01 8.972618081896901288e+01 7.975653353685927982e+01 6.307240682877989002e+01 7.669481521359502096e+01 6.696702607675318575e+01 4.705438874336106636e+01 5.433911841934307319e+01 7.102133755256492975e+01 7.967486950951072799e+01 8.792225861558533495e+01 8.632203984466417523e+01 6.638816984833603385e+01 5.442133992549799615e+01 3.456046921591785548e+01 5.383933263425336690e+01 5.048265438247199910e+01 4.476604965108883505e+01 6.406417549142942391e+01 8.218295978907163146e+01 9.220896266839933730e+01 9.113221029822935293e+01
4.586801210506965276e+01 4.954439318117034219e+01 4.412749133382435218e+01 2.376584716592953228e+01 4.085527251904136392e+01 3.605816044518745400e+01 1.776686110396918394e+01 3.719323991655020478e+01 2.797723772400998143e+01 3.510610295349652432e+01 4.940423827832222514e+01 6.954731486146087605e+01 7.351974186790413057e+01 8.182130896102796669e+01 9.029195168240913461e+01 9.558939871351937256e+01 7.564888435689728396e+01 6.152776002209782291e+01 5.158174354730396516e+01 5.675750402276754869e+01 6.708617651489576872e+01 5.883802534187003630e+01 4.291822185195893269e+01 6.276907353045843507e+01 5.972646317853536146e+01 7.641137333014088995e+01 8.522556393746697267e+01 7.359168133771906639e+01 5.436102346502379845e+01 3.249826016469090462e+01 4.623305126115869257e+01 3.679626698063896839e+01 5.618607944123889553e+01 7.231795435780028924e+01 8.262528332267919495e+01 9.260360660308840863e+01 9.624341848147383871e+01
6.651523854239837874e+01 6.450156024970853252e+01 4.409493835892498481e+01 3.511604132116751487e+01 2.084815461963410144e+01 1.882658765827297742e+01 1.689733237140387345e+01 3.702227630942707037e+01 4.816230432766590042e+01 5.530372261645116083e+01 6.364570571125327803e+01 6.748231899387661770e+01 5.321139161295431563e+01 6.179471038141165451e+01 8.026962014925469191e+01 9.207838063203216450e+01 8.381657061183302915e+01 7.975653353685919456e+01 6.259700731632684523e+01 4.276436695154678347e+01 5.510097385454104568e+01 3.906338364111971373e+01 5.883527336310478972e+01 6.750528265574219233e+01 4.826522396276862992e+01 6.751077939372058268e+01 7.690993199200875097e+01 5.672848784064087369e+01 4.516020230793852619e+01 4.969370329136294373e+01 2.966183866855479323e+01 3.530088399752013117e+01 5.521736227895990368e+01 5.441783165165728064e+01 6.438064637729287654e+01 8.436057263019951336e+01 9.043466426146959236e+01
5.109532498124976030e+01 5.946247003640380058e+01 6.363074280364594415e+01 4.816918929016882345e+01 2.193070147898311717e+01 3.616223047179158101e+01 1.602897012402554466e+01 3.615730452845265575e+01 3.842684041365991021e+01 4.682944583581235776e+01 6.108404897689784718e+01 4.635742404750419610e+01 4.010165978082203964e+01 5.162257190883289582e+01 7.196684885399051268e+01 8.381657061183302915e+01 6.385311268616847258e+01 6.970027413666331029e+01 6.265868411431341656e+01 5.510003206787065722e+01 3.539560626098845830e+01 5.510097385454104568e+01 6.708199592851897819e+01 5.926148759296338397e+01 3.944126454152396377e+01 5.926148759296338397e+01 6.560764016664387555e+01 5.735422356910904540e+01 5.360998570936970964e+01 4.317609252544845333e+01 2.791304645628279246e+01 4.797619755202498482e+01 4.379915984769397141e+01 6.370545321164729557e+01 8.262528332267919495e+01 9.260360660308840863e+01 8.891279309074603532e+01
3.084623149384469798e+01 4.536791255150857438e+01 5.373983633557428163e+01 6.006654868339504105e+01 5.103889747299771074e+01 3.539942413774175378e+01 1.523540574421910598e+01 3.415798717330203260e+01 1.828330800288041402e+01 3.844156913366210659e+01 4.611712131794161706e+01 2.809444198120321445e+01 5.254476252544321113e+01 7.014135911336445872e+01 8.026962014925469191e+01 8.381657061182964696e+01 6.385311268616847258e+01 4.978361225727130090e+01 4.282513610801201764e+01 3.778031785211056359e+01 3.311864718329867685e+01 5.281028325881381846e+01 5.993755079918270212e+01 5.299373795761417227e+01 3.316604669190810029e+01 5.299373795761417227e+01 5.735422355119077764e+01 3.738507168761893240e+01 4.323390084809759770e+01 2.548703475568145294e+01 3.227896923503564608e+01 4.459963196598567947e+01 6.370545928869824337e+01 7.196681286004857725e+01 8.243675790834934958e+01 9.076629214678719393e+01 9.714319983540028147e+01
4.536801497401307159e+01 2.520282260618560954e+01 4.016138506453064139e+01 4.852988224729277533e+01 5.334463305995620885e+01 3.315139285535404667e+01 3.315146521986949324e+01 1.411481834898351373e+01 3.423466268574819793e+01 2.264955591787975564e+01 2.590051103029315271e+01 3.051402572586761508e+01 4.484543478483450940e+01 6.504729282257542877e+01 7.549245902305247569e+01 8.708175153787904321e+01 7.674901902819205191e+01 5.681812854991039785e+01 6.265896116873814492e+01 5.055121585133257867e+01 3.082960450249323969e+01 4.775488139923665898e+01 4.009466446111344595e+01 4.411742928657061213e+01 2.754013768083960656e+01 4.749447526454996193e+01 4.922706526398972926e+01 4.096149110834325313e+01 2.316452159997635007e+01 3.738507168761627497e+01 5.267280697916217491e+01 6.273850179251135728e+01 7.248324106446879966e+01 7.919893852869134321e+01 6.243217810811551516e+01 7.919893852869134321e+01 8.921358451284204705e+01
5.374002851259952251e+01 4.016138506454710466e+01 2.008864492256224210e+01 3.543019512609128441e+01 4.036539660105405147e+01 3.207119305885454708e+01 1.303512326867216053e+01 1.920038491143323611e+01 3.928313773938381104e+01 3.428863978272629254e+01 4.611481230752092131e+01 5.076242201132888709e+01 3.790629153995055844e+01 4.699577566987290567e+01 5.869389840606719133e+01 7.878745715136415129e+01 8.497410375125816984e+01 7.673771196269069605e+01 6.099842296690516008e+01 4.045941373299925914e+01 3.287359890684400909e+01 2.784731476332517985e+01 2.590395552522381095e+01 2.403387329034637787e+01 2.220268716771089146e+01 3.996875577739983498e+01 4.096144392937687684e+01 2.092181331405829425e+01 4.096149112684827998e+01 5.149635259775390494e+01 6.560763350789159176e+01 6.541491626697016670e+01 5.712323794952545342e+01 6.196083644632219034e+01 5.092735755601376724e+01 6.088788816653958946e+01 7.501269072731361121e+01
6.037333738540117878e+01 4.016138506422334586e+01 3.543019512609128441e+01 1.541092743664044207e+01 3.089449093502998878e+01 1.196209741097791657e+01 2.614952547002941685e+01 3.911024813349585827e+01 4.923307952122947739e+01 5.451004663436491171e+01 6.278800834548405874e+01 6.648101633623038254e+01 5.225515709649830143e+01 4.963257149823302683e+01 6.131551504551764253e+01 8.139320310338274567e+01 8.781446487512764065e+01 6.786287396800096872e+01 5.362388874116228976e+01 5.619644125304454008e+01 3.639922856297224740e+01 4.775488087467422815e+01 3.417775960459518103e+01 4.411742928657061213e+01 3.996880987266160190e+01 1.979286359483696245e+01 3.762339378670553458e+01 1.935509898370644066e+01 3.938214344512670095e+01 4.402951312884090385e+01 4.732384167042039280e+01 5.080888425498704208e+01 3.715565131486098949e+01 4.201471330196591936e+01 5.197891875169828069e+01 6.607938120886862521e+01 8.609818859481889319e+01
4.700778658857360881e+01 4.292173607847264805e+01 3.403759883928711361e+01 1.446514501266807073e+01 1.089432375935358976e+01 3.099587482414059281e+01 4.037763245353875163e+01 5.433626509943809424e+01 5.620932641709656963e+01 5.986263996264619891e+01 6.420389132851849467e+01 6.894003345626154555e+01 7.240496085290996575e+01 6.980134449846306666e+01 7.810472414119942641e+01 8.968756505419860048e+01 9.362871035177958845e+01 7.370655964923854242e+01 6.681803875429949358e+01 4.694684937934435709e+01 5.037148980660386854e+01 6.223801827494566652e+01 4.560393416802353528e+01 6.223803897845195365e+01 4.821669021024819557e+01 3.762330763800707700e+01 1.745698461843878846e+01 1.779707551507982544e+01 2.086374061068935148e+01 2.400398410956703898e+01 2.728522345520876868e+01 3.078873951674619036e+01 3.839025191171441520e+01 5.835476927072151909e+01 7.025867963593729826e+01 8.025621283637951819e+01 8.602152506116256347e+01
2.699030908802005868e+01 2.315642562526520365e+01 1.953149542326588417e+01 3.026337168869767424e+01 1.017622100990150003e+01 2.436007759829574937e+01 4.453711094726676833e+01 5.062324372769925418e+01 3.691635662886774583e+01 4.053112176234706965e+01 4.478922500545651531e+01 4.941241920557695266e+01 6.049506948799120920e+01 6.667026102652297936e+01 7.485715664270614411e+01 8.368468597833539491e+01 9.511397175181340913e+01 8.091671708903321303e+01 6.097817497651708152e+01 6.681803875429949358e+01 7.025911803129925204e+01 7.371391987352996011e+01 6.546486746536474755e+01 6.816883044658322888e+01 5.012274010785760936e+01 3.012604194389951218e+01 1.584362837944233959e+01 2.518044224815962551e+01 3.955426560528248103e+01 4.401232628310076933e+01 4.147158911293202976e+01 4.496041426076214975e+01 5.080889677155737871e+01 5.101607649356637353e+01 6.512067262921533484e+01 8.513554332066981090e+01 7.707726778712419957e+01
