MOVIE_S13_data/elevation_000054.asc
nrows	150
cellsize	150.0
xllcorner	0
ncols	150
yllcorner	0
NODATA_value	-9999
[rows 102 to 118 of 150, columns 111 to 147 of 150]
1.149362596884996464e+02 1.034320820688690645e+02 9.393301274323773953e+01 7.816018846932185227e+01 5.825906202821955304e+01 5.448122411464478887e+01 5.104851473842754928e+01 5.349766915809437506e+01 6.936922897866425330e+01 5.942672468377637074e+01 7.931173345110359207e+01 8.074066092628429203e+01 6.083869276850266061e+01 8.074066092628429203e+01 6.854537289182538018e+01 8.778949082640173174e+01 9.726920535024076742e+01 8.719704440919944943e+01 7.887187518068252245e+01 6.341924150411697525e+01 4.314882703496412120e+01 4.489268020484744426e+01 6.517133116133494752e+01 7.805487659959898394e+01 7.486827027970200277e+01 5.676738044006489758e+01 4.670012295306734273e+01 6.517522041538215660e+01 7.172886180389444633e+01 5.218902303337750226e+01 4.072607541998640812e+01 3.318187717710557649e+01 4.496638045549320850e+01 3.383095205872582056e+01 1.384771088742494172e+01 1.013380566385961146e+01 6.598271909177887196e+00
1.160903513091935935e+02 1.045786701078068432e+02 8.567706218268595819e+01 6.578928370044586416e+01 7.816018846932185227e+01 6.340189753961927721e+01 7.098264444782464011e+01 6.055735653515411343e+01 8.045688877138057649e+01 6.833515527030266412e+01 8.752437034479432043e+01 8.898724805121483428e+01 7.079553050231794487e+01 8.898724805121483428e+01 8.002982140193188343e+01 9.668941995626096286e+01 8.896291822157455442e+01 6.878083213979049049e+01 5.860472649233052778e+01 5.140715398091371924e+01 4.874351147299773146e+01 6.517133116133585702e+01 5.772429036099118349e+01 7.798589528066320042e+01 8.547354171405571321e+01 7.527958673781866139e+01 6.683463792706263007e+01 7.527958673781866139e+01 7.974774708404946466e+01 6.868767835973191893e+01 4.943338032811549709e+01 4.496638138846685706e+01 2.502238381449792470e+01 2.017210191122239493e+01 3.383095628843824443e+01 3.012338796544304742e+01 2.073848333836310331e+01
1.078211072080137569e+02 8.789260628420670685e+01 7.641290817993440498e+01 7.572663507139202466e+01 8.329460947515684666e+01 7.746552824743552890e+01 8.870588139961887464e+01 7.050969079787294902e+01 8.870588139961887464e+01 7.981104442899540174e+01 9.639890825820795328e+01 9.893662875263166256e+01 9.068579135025044025e+01 9.893662875263166256e+01 9.992722720518831636e+01 1.081828428226696133e+02 9.726920535024076742e+01 8.719704440919944943e+01 7.170635604425768861e+01 7.170635604425767440e+01 5.461188111692703018e+01 7.491181253560007747e+01 7.207939055445464760e+01 8.631512082580498202e+01 8.903490056873084768e+01 8.000834031324777129e+01 7.166862066453421676e+01 7.323129404038925827e+01 8.156838370801040128e+01 7.745052589362268236e+01 6.924295063180579746e+01 5.320457835744686292e+01 4.496638138846685706e+01 4.013631708421370803e+01 4.838821724229021726e+01 4.900125662970521034e+01 3.422607678351970861e+01
1.097553675037162435e+02 1.045786701078068432e+02 9.631538183510808437e+01 8.720519900812629999e+01 1.032030581055105074e+02 9.736725643129597074e+01 9.865770849487253713e+01 9.040408698654765374e+01 9.865770849487253713e+01 9.964053135281780271e+01 1.078428414849184520e+02 1.092027884206864883e+02 1.009268600472282884e+02 1.092027884206864883e+02 1.087345691543113304e+02 1.004587685463992557e+02 1.087345691543113304e+02 1.001898044474728664e+02 8.918476409476178901e+01 6.899976242470114585e+01 6.373159776977364999e+01 8.324586541733047795e+01 9.224545909689661016e+01 9.494303699596210322e+01 7.481728672665217061e+01 6.049041068571145985e+01 5.138277712851533607e+01 5.295660851838653116e+01 6.556818321164182350e+01 7.392156514410402224e+01 7.490241885399900923e+01 5.490249100416505712e+01 5.424239133478565833e+01 4.595822217684732180e+01 3.963366806146822086e+01 3.408666682183864793e+01 2.908666773155337282e+01
9.780156796197715607e+01 1.060848936294977989e+02 1.154015050872589256e+02 1.071325517825029721e+02 1.066225063173760077e+02 9.768917432676705914e+01 8.941197657106623353e+01 9.354900675982175073e+01 9.354900675982175073e+01 1.018271234323191408e+02 1.107481123001144425e+02 9.921756187270622718e+01 8.096030280564335158e+01 9.565066140962393604e+01 9.874940010439510729e+01 8.049224616835191171e+01 9.874940010439510729e+01 1.120326486604887748e+02 9.749196840995965374e+01 8.918476409476178901e+01 7.544903667630909183e+01 9.227073211554954923e+01 9.020787796100113098e+01 8.910098891792777920e+01 8.903490056873084768e+01 7.584935128687411066e+01 5.559264781372600339e+01 4.121212161937850738e+01 4.526803705936919897e+01 5.898194609567684665e+01 6.734799497484625874e+01 5.490249100416505712e+01 3.490249789725021401e+01 2.595822598725767705e+01 1.963367066692103080e+01 1.408666870466883658e+01 9.086668704668879215e+00
7.783049415165463358e+01 9.194766557642090277e+01 1.119341384939953059e+02 1.124740421334721674e+02 9.248949543377121074e+01 7.837283013260572773e+01 6.944056705920132799e+01 7.357644346324357798e+01 7.357644346324359219e+01 9.354900675982175073e+01 1.024720629394975191e+02 8.250414722468424600e+01 7.097579643845182318e+01 7.568198839945397083e+01 8.049142876982531902e+01 7.050735018227506146e+01 9.047550735737553396e+01 9.205458865807088387e+01 1.061811552037063535e+02 1.038759852903260708e+02 9.557861203246461912e+01 8.428223794087807619e+01 7.005341369198737311e+01 6.894006754979760387e+01 7.304120457024450275e+01 6.898497503482340676e+01 6.521672020079265053e+01 5.384788836603851081e+01 3.357350576945410836e+01 3.869627781182962423e+01 5.565098042419054281e+01 6.318661426868460040e+01 5.424239133478565122e+01 4.595822217684732180e+01 3.963366806146822086e+01 3.408664959571786568e+01 2.908666773155337282e+01
8.517036784193470567e+01 1.025974782621926806e+02 9.687013122510568053e+01 1.051389221225141455e+02 1.066225063173760077e+02 9.354900675982175073e+01 7.357644346324357798e+01 5.944703668550799591e+01 7.942627181513383050e+01 9.116018703240722232e+01 1.026942858866185873e+02 9.305909719963015903e+01 7.309128822399000569e+01 6.155515601123119040e+01 6.051485126998120734e+01 8.049142876982531902e+01 8.527616106233699611e+01 7.793645557171150529e+01 9.790602695782740739e+01 9.511448737452518287e+01 8.504970455759931269e+01 7.595651960519950308e+01 5.569033131019885019e+01 5.456966409590697964e+01 5.276005689314240499e+01 4.869230171776084148e+01 4.492534853602253975e+01 4.734368811765828156e+01 4.397507243238564456e+01 2.705895642980840421e+01 4.727001005130618694e+01 5.178172737750988119e+01 4.339892874046142879e+01 4.328454372135236383e+01 4.155281968497399703e+01 3.963313772489399156e+01 3.435574552441384810e+01
7.447623907285692724e+01 8.274435414165112945e+01 7.689984035596276613e+01 9.687013122510568053e+01 9.347250187155540857e+01 9.005931364072651490e+01 7.471712093410748423e+01 5.473199765359630220e+01 6.290538648066512195e+01 7.444162905098086469e+01 9.441582470956205952e+01 1.013334566864307646e+02 8.980363983986153187e+01 7.446826402778548015e+01 5.448381357012350179e+01 7.446826402778548015e+01 6.530294770698574780e+01 7.942694653947548034e+01 9.939741409265883476e+01 8.681020045722901557e+01 6.664698265045269920e+01 5.646828023271817187e+01 4.924332400621975125e+01 4.279796926017301217e+01 3.837837054954759708e+01 3.434817135149550893e+01 3.061974255571344372e+01 2.713199400602462674e+01 2.379624854551230229e+01 2.305627478844473544e+01 4.322788024449643984e+01 4.340223307730322233e+01 2.322628911353945824e+01 2.322145611406067189e+01 2.134322368752306431e+01 1.948766673799870830e+01 2.365746288066922531e+01
7.207212445494398878e+01 6.277333901153959772e+01 8.274900130753302108e+01 7.933893181766228508e+01 7.348884711233952771e+01 8.178303416736932263e+01 6.180430848175424074e+01 5.025831232994344333e+01 7.024831151471354929e+01 7.990082358126305451e+01 8.817600691027895721e+01 9.335881423547577640e+01 8.494427998357519982e+01 6.496899321888486156e+01 5.083078498803329381e+01 5.587791299917451937e+01 7.586069799190059371e+01 8.684913433006408923e+01 9.683516633537223584e+01 9.511448737452518287e+01 8.504970455759931269e+01 7.672859155384081475e+01 6.956548979178258207e+01 5.720668226314390381e+01 5.870026751751979788e+01 5.463588812392517724e+01 5.086855369702850282e+01 4.734368811765828156e+01 3.934575981498786490e+01 1.920672253022367570e+01 3.614140825335171314e+01 3.391986164052055130e+01 2.913294024477029609e+01 9.052239157374588174e+00 7.170797420097064112e+00 5.321796765972589327e+00 3.540055153221025375e+00
5.208230128584398955e+01 6.914006384069958244e+01 6.716073085032043366e+01 5.935696798678800690e+01 5.935704006204791483e+01 7.934095333587353593e+01 6.659865368871072633e+01 4.660660950718258988e+01 6.577154338260204725e+01 5.991900389320517206e+01 7.990082358123284223e+01 7.338215608805442969e+01 7.338215608805442969e+01 6.734000984144186930e+01 4.734862342989948303e+01 5.256560761928795245e+01 5.859624093441806281e+01 6.859040254297482875e+01 8.271175809302444293e+01 1.026831139041111953e+02 9.984716069424310092e+01 7.999112913502455058e+01 7.999112913502455058e+01 7.746107553888830921e+01 7.602566624187961963e+01 5.577671815788806953e+01 4.404005594943261315e+01 3.498785209103188265e+01 2.738553611280776678e+01 3.614140825335171314e+01 1.602444807814046612e+01 1.381581521680506697e+01 1.182574034015688724e+01 2.913294024896664780e+01 2.724387147490635996e+01 1.348853975576848185e+01 2.322939828583384880e+01
6.914067231495575072e+01 4.914755216844448427e+01 4.716707357409757151e+01 4.521586991062352467e+01 6.252706500353239960e+01 7.080651197095086502e+01 6.306457070557982547e+01 4.307257061986436497e+01 4.578079470192376732e+01 6.577154338094659636e+01 7.809384129686614529e+01 7.338215608805442969e+01 5.339709181796518322e+01 6.074249163238791738e+01 4.440061865081918313e+01 6.439244072267568697e+01 7.857581766178866189e+01 7.272645182403805109e+01 9.269743599856778360e+01 9.370607629591526688e+01 8.222621868823458158e+01 7.399961347401195155e+01 6.006406602245802162e+01 7.825902269904086950e+01 8.435578453612515659e+01 7.268842954415663371e+01 6.362901836228127195e+01 4.387829971816062624e+01 4.759709361140030381e+01 3.503886981785053223e+01 2.088909108676601889e+01 3.391986164121615133e+01 3.191943425697237657e+01 4.028515696330880047e+01 2.767480148052390021e+01 3.338650566082800708e+01 2.369726678639377582e+01
7.727500386411237798e+01 5.809459711042846664e+01 6.716073085092291706e+01 6.253776159804630197e+01 4.254497873777535943e+01 5.992381076520660343e+01 5.834337358444676624e+01 5.678245758485336125e+01 3.822640740788826008e+01 4.976832982208151179e+01 6.977813654319349723e+01 6.575533445769337959e+01 5.747812022409396349e+01 4.075180135590199626e+01 4.782021087586938535e+01 6.780631177165631129e+01 8.759015474232178633e+01 9.269743599856778360e+01 1.009718168360898858e+02 8.549243685421167527e+01 6.558628283729028396e+01 5.405636575710882141e+01 5.007274975256845551e+01 7.002759757874129320e+01 7.144936971168124273e+01 7.967668151256488329e+01 7.249784941822487383e+01 6.414382889489507988e+01 6.330431039246330016e+01 4.917159010516321160e+01 4.088477480819825871e+01 2.942875071723474178e+01 4.940094859965365970e+01 4.778890102595063638e+01 4.778887605273324368e+01 4.944525335258079934e+01 3.736443463444850011e+01
7.798454141250175553e+01 7.798454141250175553e+01 8.614166190424306535e+01 7.076517150625753061e+01 5.988257216921270754e+01 3.993282088911971073e+01 3.835389544526013594e+01 3.679465272931046371e+01 3.524960505957818668e+01 5.321303961071319577e+01 6.155919120160308466e+01 5.439386607374451188e+01 3.748986882769103346e+01 4.642835635174856179e+01 6.639320947437744280e+01 5.936540985501346057e+01 7.349360091529626970e+01 9.344352440283358874e+01 9.402886193389510083e+01 8.254920845356788561e+01 7.432324897869617075e+01 6.248537403614255936e+01 4.251778733616162498e+01 5.519424226646275145e+01 5.150230072412198012e+01 6.562861381461144106e+01 7.386589199056214738e+01 7.507783598093125477e+01 7.417515472792504738e+01 5.420417335303942252e+01 4.012436776806486449e+01 4.940094859965365970e+01 5.769383309854863029e+01 6.781803703819481655e+01 5.392944238897084830e+01 4.564442957999213490e+01 3.423483244880331711e+01
9.769276965737373075e+01 9.177642082453532169e+01 7.764885545000259981e+01 6.445146461105619551e+01 4.445855595425237539e+01 5.986561975468192998e+01 5.249083569352271894e+01 5.678245758485336125e+01 5.329906654160632939e+01 3.331454764608947983e+01 5.139592767603864587e+01 3.440839114323458148e+01 4.853996905605922052e+01 6.574829800557155579e+01 6.274781810576380536e+01 7.933679822064317477e+01 8.759015474232178633e+01 8.951876701401056380e+01 8.581655027496762500e+01 6.590956848312823979e+01 5.437735387547045462e+01 4.731017395053363117e+01 4.098918344344706810e+01 3.521912253514891944e+01 3.996399697722776523e+01 4.567023645345849303e+01 6.235235326356176699e+01 5.514340078602700146e+01 6.922398663290542231e+01 6.836948330910105653e+01 5.420417335303942252e+01 6.836948330910105653e+01 5.864084610231580541e+01 4.969662736354425903e+01 4.141246577738526469e+01 2.564434573480512114e+01 2.931441496967510218e+01
8.912291556572947115e+01 8.157471649599290231e+01 6.352129007546988504e+01 4.938197885484433414e+01 5.600508828187115284e+01 7.263377124746324398e+01 7.250649184055609453e+01 6.743171476431908218e+01 4.744513197551098926e+01 5.139793400322227512e+01 3.141362221834107160e+01 5.135848203439475412e+01 6.261651372378225489e+01 7.680266958299974078e+01 8.271078432204245701e+01 9.100048354011464369e+01 8.370263635849997286e+01 6.970463544204976358e+01 8.370263635849997286e+01 8.254920845356788561e+01 7.432324897869617075e+01 6.727131013653297487e+01 6.095904463327654099e+01 4.994851883073340559e+01 2.996921183547163992e+01 3.413045973427892932e+01 4.835486799770867350e+01 4.101674121056090883e+01 6.098206167549069789e+01 6.958384232764100830e+01 7.417515472792504738e+01 6.449884627666625647e+01 4.449887843425371869e+01 3.035674299703920198e+01 2.141247108705490731e+01 1.508791576671825929e+01 9.314413074822050831e+00
6.915225798079744379e+01 6.159769138524207222e+01 5.493077751666152864e+01 6.092857224738394706e+01 7.598942924664655152e+01 8.426548073999558142e+01 8.978447727400363476e+01 7.570832230360014137e+01 6.743171476431888323e+01 5.027013359372918444e+01 3.028455256868559431e+01 4.441797044557807084e+01 6.444332641305977916e+01 6.879345490991597956e+01 7.696262960334591696e+01 8.436912365835723904e+01 7.481795833869715295e+01 5.560681753868844623e+01 7.481795833869715295e+01 8.972670961359446551e+01 6.983641544288380487e+01 5.572294894371437834e+01 4.573033036952055852e+01 3.817543099339364687e+01 3.151212470012087863e+01 2.518907004835151042e+01 2.837414729046043504e+01 4.835488429862066084e+01 5.780142968786706348e+01 4.963817599311948925e+01 5.806820650023854569e+01 6.631253963864340051e+01 5.864084610231580541e+01 4.969662736354425903e+01 4.141246577738526469e+01 3.508791213611355175e+01 2.931441496967510218e+01
8.275096164132756371e+01 6.277490635637060734e+01 6.647353227541725573e+01 8.090803230042925520e+01 8.918414453077508597e+01 8.540541474384217224e+01 7.647795990251238152e+01 6.155118390804933881e+01 6.155118390804933171e+01 4.914939786150974044e+01 2.916149478097055336e+01 4.760719865664688655e+01 5.493850716742512219e+01 4.919959990651498316e+01 6.879345490991597956e+01 7.032599909193780263e+01 5.628287452551828096e+01 4.666867571591244257e+01 6.660795392344775223e+01 7.966248231548350134e+01 8.388687732889262350e+01 7.392942495588675911e+01 6.569254833470203891e+01 5.814753914139689073e+01 4.517255720046173906e+01 4.129062189096539726e+01 2.130375766542623595e+01 3.783741770480039435e+01 3.783741770480039435e+01 3.550834779540375763e+01 3.810121958058844882e+01 5.806820650023854569e+01 6.664663815696047777e+01 6.451103469544102609e+01 5.358581748794356514e+01 4.203881210415084269e+01 3.375454085668864934e+01
