MOVIE_S13_data/elevation_000804.asc
nrows	150
cellsize	150.0
xllcorner	0
ncols	150
yllcorner	0
NODATA_value	-9999
[rows 102 to 118 of 150, columns 37 to 73 of 150]
6.284757134791127697e+01 8.299737093353404305e+01 8.417416709513624085e+01 6.384378456731356266e+01 8.417412550239093605e+01 8.431058937788705521e+01 7.492272883484474733e+01 8.660132229303674478e+01 1.066880329486083525e+02 1.054260520600800390e+02 8.578622391734606367e+01 7.517526154808298600e+01 9.484583501155486829e+01 8.559773847130273339e+01 6.583949731308554476e+01 8.559773847130273339e+01 9.614902841086079377e+01 7.905090691336131670e+01 6.772351838506961030e+01 8.030991342519537568e+01 8.491921853019758260e+01 7.675691004369707571e+01 6.076274991911182610e+01 7.065493702124206266e+01 9.043680103991927410e+01 1.029951682326247777e+02 8.292305669925495692e+01 1.001615319748899111e+02 9.666092766269009928e+01 7.652488999419426818e+01 6.503877235351654917e+01 7.687179964249244790e+01 7.318479046898941931e+01 8.437277556458553818e+01 9.275631313119919241e+01 8.534905405868411776e+01 7.547471900731650862e+01
6.733073585014800244e+01 8.750947394056854023e+01 9.249636402598540030e+01 7.405699371753594562e+01 7.826020125552889795e+01 9.845174774048875577e+01 8.921261773553798946e+01 1.033756619686480320e+02 1.149482444976599993e+02 1.032739943312349311e+02 8.363934342828636659e+01 6.966428559475454563e+01 8.299026794767854653e+01 7.925196294488407034e+01 6.070242364322757567e+01 8.049618253729411776e+01 9.382718165955418499e+01 8.880738339871575704e+01 7.287647506081832205e+01 6.001382683129691742e+01 7.316496019855796362e+01 5.695546800010350807e+01 7.096492724455059431e+01 8.053229242211087069e+01 9.853899628088463203e+01 9.540862317473219889e+01 7.542789974065154013e+01 8.011942159959737353e+01 9.434033967374568874e+01 9.342525591475100555e+01 7.687179964249244790e+01 5.692201618793460227e+01 7.022187183055257265e+01 6.436037558408010284e+01 8.437277556458553818e+01 7.708956985951191143e+01 5.742021696056406199e+01
7.637311365930997908e+01 9.581065599091917306e+01 9.429134047277079844e+01 9.429134047277079844e+01 9.845175438912683319e+01 1.067326396181303352e+02 1.092825511834907104e+02 1.078809833483814344e+02 9.962378178710828536e+01 1.078809833483814344e+02 9.435590918917687020e+01 7.467004109805571943e+01 6.321022201369567739e+01 5.945036438389827538e+01 5.587804826823595761e+01 6.590599881217050893e+01 7.986659227978191211e+01 9.141687785129134625e+01 7.744120097425528115e+01 6.888424094981085943e+01 5.333251354982123615e+01 7.316495878804185793e+01 8.495225140877599301e+01 9.879462525542088258e+01 1.083344317986664009e+02 9.754153333605903242e+01 7.753303220027171960e+01 6.603425848645454721e+01 7.893433415951407994e+01 7.500424525504578810e+01 8.332972571225975855e+01 7.022187183055257265e+01 5.027248347694147412e+01 7.022187183054882098e+01 8.345796242058291625e+01 8.534905405868411776e+01 7.547471900731650862e+01
8.803557252314377024e+01 1.048000391259673592e+02 1.143422006416380583e+02 1.103126548949231847e+02 1.020148917934491806e+02 1.015319087476002693e+02 1.098289764619937614e+02 9.794759568974404829e+01 7.978512025407238184e+01 9.794759568974404829e+01 1.025223066162596126e+02 9.113602019331713677e+01 7.467002729688773854e+01 7.925196294488407034e+01 7.169176284353140716e+01 5.186008502410371790e+01 6.800911272421166132e+01 7.537373094363969983e+01 6.240944815928260425e+01 5.020847037922144551e+01 5.571127031591441892e+01 7.540353655102668995e+01 9.056481072821377154e+01 9.866660134219651468e+01 1.087294828941579681e+02 1.059356666204560753e+02 8.647681939070878343e+01 6.652127920456464949e+01 5.889473408931122123e+01 5.488433335495493992e+01 6.972049752147727020e+01 6.630947489079916579e+01 4.634665449861952879e+01 5.512136309671964796e+01 6.681762369317642936e+01 7.629908702083621108e+01 7.854728139423964706e+01
1.081075269620577330e+02 1.163658102439016204e+02 1.103126548949231847e+02 9.879107690836877964e+01 8.209066779618173371e+01 8.160991552251509518e+01 9.830859307495597932e+01 8.970445102059036913e+01 6.985950377364005703e+01 8.268820263528641590e+01 1.025478675450451220e+02 1.024811368781922738e+02 9.434859795530475424e+01 8.565983283672710513e+01 6.590599881217295319e+01 6.800911272421166132e+01 4.816479577671733381e+01 6.444619678738570201e+01 4.735009810792276852e+01 6.139950608017566935e+01 7.540353655537684574e+01 6.447453448810981058e+01 7.130785222491397235e+01 8.202694050057968411e+01 1.006846729562850271e+02 1.006531357129487247e+02 8.060479690554598164e+01 8.647681938782926636e+01 7.893433413496038042e+01 6.972049749949921704e+01 4.948787331125219424e+01 4.654413299491189804e+01 4.373993950153668919e+01 4.100024332584863629e+01 4.845302350537536995e+01 6.524144734118256395e+01 6.719701366891904115e+01
1.219635746915988932e+02 1.168710187740166191e+02 1.020148917934491806e+02 8.209066779618173371e+01 7.062148972922321377e+01 7.014098884515712484e+01 8.940120726806129881e+01 8.268820263528641590e+01 6.283004779490351410e+01 8.268820263528641590e+01 9.634263466639058038e+01 9.673979576780270406e+01 1.050285468521539514e+02 9.382718794277464269e+01 8.565983283672710513e+01 7.548772915107159065e+01 6.334033914842094504e+01 4.458348270518133916e+01 6.444619678738570201e+01 7.537373094363984194e+01 8.934795580710400031e+01 8.392691193274777106e+01 9.056481088911269239e+01 9.866660134219651468e+01 1.065496781095790055e+02 1.090542304796786652e+02 1.006531357129487247e+02 9.792883231032408275e+01 7.857134531733248650e+01 5.849270389780189561e+01 5.777563324306287029e+01 5.906528013831041335e+01 6.373781850520943948e+01 5.789235608071039962e+01 3.795370864795057742e+01 5.501982096820086099e+01 4.724784458422234934e+01
1.168710187740166191e+02 9.687691316195983404e+01 1.005458999030642957e+02 9.879107690836877964e+01 8.113533097294808272e+01 6.124821118595938430e+01 7.431410500954466158e+01 7.137963471306036922e+01 5.730504442459712067e+01 6.822536193997241583e+01 8.809251726436602326e+01 7.682526164178484862e+01 9.351460387955609121e+01 8.790579618057468281e+01 7.692302291436628536e+01 6.816684967857671040e+01 5.985676162841453163e+01 4.304872751154989885e+01 5.712307703616626497e+01 7.692293413503273314e+01 8.783271496246894117e+01 7.955549627862625073e+01 8.783271496246894117e+01 9.636111130936204461e+01 8.378482727658162332e+01 9.636124151458950848e+01 1.035055468342661413e+02 8.404666975851017696e+01 7.039089893320672786e+01 6.858937543808151815e+01 6.716425923640657913e+01 7.659224607303789867e+01 6.338621377945489144e+01 4.878515136977905797e+01 5.501982096820086099e+01 3.509332906663672702e+01 3.304032984825706620e+01
1.159044359983081165e+02 1.005458999030642957e+02 8.063192463155404255e+01 8.904856091942231444e+01 7.821493253550247005e+01 5.832453810191781685e+01 5.441155772644954425e+01 5.146693439779664914e+01 5.197182553651759207e+01 7.187189525806833501e+01 8.457861550336113510e+01 6.529054957323327812e+01 8.458937423832975355e+01 7.894207929817339675e+01 5.799929451475978226e+01 4.796937678482673562e+01 4.090607485684856925e+01 6.018723604160813068e+01 6.252868474477014615e+01 8.118436628761944007e+01 7.785118824272511517e+01 5.960069404196624276e+01 7.785118824272511517e+01 8.658702538614164723e+01 6.729358952265197047e+01 8.658749190543501584e+01 9.819261905457440776e+01 9.792883585024110005e+01 8.974604289972370452e+01 7.937200211909386383e+01 7.330045655984530129e+01 8.937325362463052159e+01 7.665162525014781636e+01 6.011106509506152662e+01 6.146345519726394713e+01 4.210552376500944405e+01 5.309082093009295988e+01
1.075970724698005654e+02 8.765334472077749695e+01 7.618741372856112548e+01 6.916585230413139129e+01 6.419564880685327068e+01 7.821493253549859048e+01 7.431410525281145851e+01 6.731546100874392380e+01 4.739081821122609028e+01 6.416128279193286232e+01 7.241819884323420808e+01 5.633696867533516439e+01 7.528703893672667391e+01 8.728301837627823545e+01 7.692302291436628536e+01 6.014215706619901880e+01 3.943419736606393400e+01 5.606345491826351690e+01 6.448486511871460891e+01 7.726310208431095816e+01 6.899271911709176663e+01 4.959871173754989826e+01 6.564817419766355044e+01 6.946693755893404898e+01 5.804248999118750874e+01 6.976589957851183499e+01 8.988961332213668243e+01 1.046334366736382862e+02 1.062601675330876816e+02 9.780907771673210505e+01 9.754989935123137457e+01 9.334003644816144174e+01 8.806292386392019012e+01 7.976517219189638297e+01 6.967900903648147448e+01 5.183339096431981829e+01 6.967900902066526214e+01
1.123877899924153354e+02 9.241803814283451857e+01 9.608255588525754831e+01 8.042236988308039258e+01 7.824603316747463566e+01 9.234718941947087956e+01 7.580215230601189091e+01 5.589909700128090009e+01 6.416509645973131626e+01 4.423649980774059287e+01 6.110819775404979737e+01 4.968043653657258574e+01 6.951917634817334601e+01 8.286423688341814398e+01 7.979031847715971537e+01 5.950629189740852354e+01 5.141859788162638267e+01 3.737401706225650599e+01 5.532163332033699277e+01 6.358382755643120987e+01 4.903719201905589387e+01 4.202355766511708879e+01 4.562597842333832432e+01 4.941745873439430881e+01 5.478832050367349638e+01 6.482788042807221984e+01 7.637642009599613857e+01 9.633956627923396354e+01 1.012803354702224965e+02 9.298839120290018911e+01 9.334003644816144174e+01 7.450296559597954626e+01 7.935968113104209465e+01 8.265723598384977322e+01 7.943910170967676265e+01 7.109351943028045184e+01 7.943910165101044640e+01
1.117533371364432071e+02 1.123877899924153354e+02 1.086367958690307489e+02 1.003430552904705308e+02 9.815721657332684913e+01 8.059945430759955798e+01 6.654108947497825000e+01 6.997232939693321896e+01 7.242165866224824811e+01 6.110819775404979737e+01 4.117844046466834840e+01 5.833284562531415673e+01 5.467744822621092737e+01 7.459749885842037997e+01 7.833703236701099115e+01 7.860724150393394893e+01 6.559332590225058368e+01 5.531995359820346181e+01 3.534572964614907420e+01 5.332551618271669724e+01 3.747936512047724733e+01 4.903719201905589387e+01 6.564817419766355044e+01 6.946693825606585904e+01 6.896866720568077369e+01 6.551856220136244247e+01 7.965422043709747868e+01 9.962313526571016098e+01 8.983664837464759501e+01 7.324914130999155759e+01 8.714524044179110263e+01 7.935968113117569089e+01 6.062526844207751253e+01 6.346004607308351808e+01 7.716682184620407270e+01 7.891412935316925825e+01 7.735341632693706515e+01
9.179147769367106946e+01 9.912834870218334515e+01 9.946664194232168654e+01 1.076960451394275111e+02 1.088256719457863539e+02 9.471256312669295596e+01 7.801800690407986849e+01 8.987658983934277046e+01 7.518859548860822883e+01 5.527590604878831471e+01 5.833284562531415673e+01 3.839858611932503152e+01 5.571685007747689156e+01 6.206941254425459675e+01 5.841334841934197897e+01 7.833703236701099115e+01 6.742411181251877395e+01 5.799550763773508777e+01 5.162330444110320826e+01 3.333840861425112223e+01 5.263293824302713375e+01 6.529592219856742474e+01 6.899271911013168790e+01 8.894448503482256285e+01 8.894930129712952294e+01 7.706520978343014860e+01 9.378729400701183749e+01 9.558091705800315196e+01 7.579750178527569915e+01 6.229046164484218906e+01 6.765245011725984625e+01 8.153116045185946348e+01 6.908277281784292256e+01 5.065916376117387188e+01 6.908277281823343685e+01 5.982135850891550177e+01 5.982135752033524057e+01
7.751467988335538450e+01 7.902192153171669986e+01 7.936847637492438423e+01 9.613136361832158627e+01 1.076960451394275111e+02 1.062301032167372057e+02 9.793737452895966555e+01 9.511968852594901591e+01 7.518859548860822883e+01 6.898131250813914050e+01 4.905985512316922126e+01 5.571685007747689156e+01 3.577353225737387987e+01 4.213408285676706555e+01 6.141192746049210882e+01 7.307137312525912876e+01 5.867307540862953630e+01 3.928348461214507381e+01 3.162978850125424657e+01 5.119144585473472375e+01 3.890237169444399257e+01 5.885040307254614333e+01 6.916736670670093190e+01 7.741837898850980082e+01 8.890596902835805793e+01 9.702918888700854438e+01 1.053238256084520827e+02 9.558091705800315196e+01 7.579750178527569915e+01 7.336175621906753008e+01 5.456266609381760446e+01 6.691372150215885029e+01 6.340775666017643886e+01 4.557307391446744305e+01 5.688516831107347116e+01 5.982135850891095430e+01 4.107356559349469194e+01
8.123207716685439550e+01 6.460233066120342471e+01 6.759858686834607511e+01 7.936847637492438423e+01 9.946664194232168654e+01 9.879657226023830674e+01 9.053006556525272686e+01 9.879657226023830674e+01 8.306229916101945321e+01 6.314877686492165765e+01 6.898131250813914050e+01 5.571685007747689156e+01 5.315425030826249042e+01 3.319646186697411139e+01 4.486833762573117212e+01 5.896985537549517176e+01 6.740334240936522292e+01 5.043223493825251325e+01 3.043876427254724959e+01 5.043523379487506730e+01 5.811705082030571390e+01 4.480497509002012890e+01 4.927126895102060899e+01 6.076722632592119311e+01 8.064217182665630901e+01 9.058653681788516110e+01 9.886647538060991280e+01 1.038757949640192919e+02 9.558091705800315196e+01 8.153116057575377340e+01 6.691372150215885029e+01 4.852066707690623559e+01 4.509120232126401362e+01 4.174639258050184054e+01 3.840857415945036735e+01 5.312309270356641377e+01 4.796421392130070416e+01
6.089868563643105404e+01 5.736707884701564808e+01 7.773077375505665998e+01 9.031382896873044785e+01 1.019198132094063567e+02 8.877224113283865847e+01 7.044348219206321460e+01 8.877224113283865847e+01 9.133662627432232739e+01 8.306229916101945321e+01 8.391445122207728957e+01 6.724773134455958257e+01 4.731653932198023682e+01 5.070809278426077071e+01 3.073379248251851692e+01 4.831327969971303560e+01 5.586684738148944263e+01 4.760445825160469013e+01 2.925437815421803478e+01 4.345074577909408475e+01 6.356725197567539709e+01 5.889467308866747430e+01 6.334525976165381422e+01 5.740545197028458091e+01 6.369823020719305617e+01 7.072378476643606859e+01 8.475208508310812761e+01 1.046721493249953880e+02 8.917297750455648497e+01 6.963548786587199402e+01 5.886181289179916121e+01 6.326168594669209710e+01 6.340775666023730395e+01 6.009827392707603622e+01 5.312309270358060331e+01 3.439269583178295875e+01 3.156092046771680160e+01
7.293100483522668753e+01 5.258485353167203158e+01 6.169607170436565013e+01 7.349107385696774486e+01 9.367133706318853115e+01 8.048677387865799915e+01 6.031535700784952070e+01 7.335510105091329081e+01 9.344194444434391755e+01 9.742997074876628005e+01 8.914071284849981680e+01 7.551237364150898657e+01 6.724773134455958257e+01 5.896985537549517176e+01 4.831327969971303560e+01 2.832506834608878776e+01 4.596729691633385073e+01 2.760068760686066369e+01 4.690070584017342270e+01 4.342803239349518662e+01 6.345507309133738971e+01 7.877833898740146878e+01 8.322317619184140369e+01 7.728188754672491712e+01 8.356399348357011547e+01 9.058653681788516110e+01 9.058653681788516110e+01 1.105423113268500828e+02 9.742978518413043787e+01 8.608281081930712730e+01 7.788943702748446185e+01 7.771683282494556977e+01 6.695486342039630756e+01 6.104055564726573380e+01 5.380186948302481653e+01 3.526314733269435209e+01 5.050611771919355419e+01
6.364632869922494507e+01 4.927351860263128458e+01 6.958611816536082983e+01 7.789773580583633361e+01 8.620740924856202980e+01 7.335510105091327659e+01 5.314895841403605203e+01 7.335510105091327659e+01 8.728656742312399786e+01 8.914071284849981680e+01 6.923512018278289304e+01 7.506533329103424990e+01 6.844022632616690771e+01 6.706565750066982901e+01 4.674669853340711256e+01 3.685600103609617406e+01 2.596342189040066017e+01 4.596806315948386867e+01 5.568923596253317498e+01 6.340977920034517723e+01 7.173785503814605136e+01 8.427134764832574376e+01 7.600492713441266801e+01 8.304169872494148308e+01 8.522273847979442962e+01 9.349893399683666928e+01 9.456880915569843182e+01 1.028569405841813875e+02 1.002498370060684749e+02 8.962039712845664496e+01 8.051511553541449473e+01 6.929069742373076224e+01 4.856767289823315537e+01 4.493270654040898648e+01 3.910719507209292090e+01 5.380186948301805927e+01 4.834156918435646588e+01
