MOVIE_S13_data/elevation_000782.asc
nrows	150
cellsize	150.0
xllcorner	0
ncols	150
yllcorner	0
NODATA_value	-9999
[rows 85 to 101 of 150, columns 111 to 147 of 150]
7.610064435232474978e+01 6.866699271857469000e+01 5.182247089708226895e+01 6.866079164920030564e+01 5.050595754001992077e+01 3.058022461714359252e+01 2.059354963544809891e+01 1.568906311271462961e+01 1.511612469880732412e+01 1.454243953847019100e+01 2.991618711061580171e+01 3.295783250284851817e+01 1.263266912726833624e+01 1.217372280374477889e+01 3.189803500101571743e+01 3.150627177647767851e+01 3.121566307020257369e+01 2.620839772102249654e+01 1.120798393189207154e+01 2.948311368564127477e+01 1.416279748089738888e+01 3.535942500486515172e+01 3.453687565699680562e+01 3.522458392909448577e+01 3.140765263216185232e+01 1.247414695600534529e+01 2.787054644136371451e+01 3.412063254573885018e+01 2.840546912946157576e+01 1.825471839926425943e+01 2.491716001561023219e+01 7.081583356503158733e+00 1.704527831755837397e+01 2.129344070161108604e+01 3.601514285609165711e+01 2.926805704471799885e+01 3.372864020535883611e+01
7.840095235244625371e+01 8.028798455932478362e+01 7.195071391549012674e+01 7.408503688955363486e+01 5.884698668184998382e+01 4.983193574778755419e+01 3.941387156374269551e+01 2.527815891169084850e+01 3.426245930076517254e+01 1.459319697867982768e+01 1.373958508219480557e+01 1.327879201362565453e+01 2.197691013806598193e+01 1.380825846051105898e+01 1.152158290375301952e+01 1.106528385670214298e+01 1.062005347521210474e+01 2.939917835312135352e+01 2.395148725733069384e+01 8.957455192213862105e+00 8.537995919944805223e+00 2.709823046470904728e+01 1.634008332024464849e+01 1.559992382971447356e+01 3.031066711662578328e+01 2.144732428802961621e+01 9.741980906377810001e+00 2.466902532273673287e+01 2.311487987549395839e+01 1.925312769818861014e+01 1.046024475722272307e+01 1.191507434554395140e+01 2.829919384745810174e+00 2.954733993911177414e+00 2.616581844809612534e+01 3.376266499668785315e+01 1.563485802516002288e+01
5.820011955172547857e+01 7.242383677277139498e+01 8.002617025494578229e+01 5.991158126018682140e+01 4.513707448576487735e+01 3.526406569289216009e+01 2.731274935593537734e+01 3.570139488378888615e+01 1.580853200040664497e+01 3.334906116415680799e+01 3.370156568657232299e+01 2.744838876847533626e+01 3.032417188992117474e+01 3.226004810962075453e+01 3.155069481203860349e+01 1.499455665463392506e+01 2.269981742542857717e+01 9.999832119671591357e+00 9.568140015936560161e+00 2.794166415392917102e+01 2.058412797597076249e+01 7.940838065640614118e+00 7.520904498245965186e+00 7.098910710616631370e+00 2.583615503866467833e+01 2.215707240019763091e+01 1.063346907842726985e+01 7.048891222922244459e+00 4.647084531942027752e+00 4.234990013220897964e+00 3.820680567213390777e+00 3.407440865966314902e+00 2.223301461972181770e+01 2.263266416525221203e+00 2.165331684124674538e+01 2.121357368566160417e+01 2.060104223498025533e+01
4.393287548244122576e+01 6.007522530788539683e+01 7.527332040953764647e+01 7.408503688955363486e+01 6.493091251560412047e+01 5.594656454414884195e+01 4.215677770524990819e+01 1.702481020696084713e+01 2.375726485871736671e+01 2.801783593839112640e+01 4.552201837221361558e+01 4.693964169352221916e+01 5.013030100797575983e+01 3.988909347098843483e+01 2.072911664076718452e+01 3.426883960132331453e+01 1.880709796766789310e+01 3.047788350995297435e+01 3.007685427389298383e+01 2.667614873802344988e+01 1.115394046459863198e+01 2.284050407523619697e+01 2.849154843708331697e+01 2.396868868899635174e+01 6.500706505800714297e+00 6.078045704348567391e+00 5.656000905920485877e+00 5.234635678143627402e+00 2.474185375182092272e+01 2.680389984283674920e+01 2.791069946477747976e+01 3.070934991064544306e+01 2.576611718299199794e+01 8.506134189764267717e+00 1.689373005363959956e+00 1.284981737369433219e+00 8.808382328644539516e-01
3.759755168652704782e+01 4.976889519099290027e+01 4.912117620867537937e+01 5.607199458501786893e+01 5.526286446844667921e+01 4.660058861171150113e+01 3.516449268599645706e+01 1.789259517016428092e+01 3.129706879865334201e+01 4.451626728624994200e+01 5.414731188815076024e+01 5.377636847938948250e+01 3.523347617405433141e+01 2.669223691631848538e+01 3.873602353860621861e+01 4.485508647909858837e+01 2.723624202581771669e+01 4.469072592259899324e+01 2.997798576385656588e+01 1.449649700855340306e+01 3.133965657203900079e+01 3.787607714770537370e+01 3.442414386698668949e+01 1.973712228338575514e+01 1.289366731852997816e+01 2.335494419913505482e+01 3.173193447590061211e+01 2.684295359754315058e+01 9.295509913426867499e+00 2.208399161923047060e+01 4.239480963690805027e+01 3.919912574093983437e+01 1.928598090188499015e+01 2.516734301630155102e+01 6.639444535814033266e+00 2.133808737400190125e+01 2.102351939453676266e+01
4.388046090577010006e+01 3.017191903736135572e+01 3.016796314686595437e+01 3.898296542073750715e+01 3.543890683361332350e+01 3.889617553622696278e+01 1.912986132741043832e+01 3.771068165781733228e+01 4.595631186525115197e+01 5.888713838191350902e+01 6.782792268197414387e+01 5.009357546103480985e+01 5.034559461823657500e+01 3.152359389522736777e+01 5.034559461823774029e+01 5.793700140284442313e+01 4.603181228082521415e+01 5.483524983094218186e+01 4.214150128022190955e+01 3.391602736888695091e+01 1.789962960443421025e+01 3.724503230375462692e+01 4.353535605713694423e+01 3.147098291562950934e+01 3.785143911940451744e+01 4.121771555284659172e+01 3.448499917323689345e+01 1.383711108251177713e+01 3.062251551936767413e+01 3.894674024517030375e+01 5.102385140796232577e+01 4.746145017228695195e+01 3.062692004633404608e+01 3.414973144759071033e+01 1.693558523911914193e+01 3.419521186065794893e+01 3.407775014240429812e+01
4.584872921105117172e+01 4.312044687258045883e+01 2.365325732006748183e+01 2.262202770716691802e+01 2.157938170850059478e+01 2.052714385093547378e+01 2.099529068800057630e+01 4.036666012966441741e+01 4.542769423004424567e+01 6.259021045234957370e+01 7.160075215244334856e+01 6.782792268197871977e+01 5.627610065940564965e+01 3.752219389445337328e+01 4.690948308447363502e+01 6.563453764713342764e+01 7.111182719383816675e+01 5.651520699923113256e+01 5.153117460733888322e+01 3.963404643241103997e+01 2.029542842595478902e+01 3.127917525192992443e+01 5.104701182412049576e+01 5.471946671939345919e+01 5.248576027443395020e+01 3.926562464495575000e+01 1.922207028003080964e+01 1.890242031652716648e+01 3.897289658725062367e+01 5.408852897808204574e+01 6.303779258386791184e+01 5.876671353318972280e+01 5.074274619372713602e+01 4.789457557770541740e+01 3.848849504654032927e+01 3.976576491302818539e+01 3.230705920508507489e+01
2.619318612197064056e+01 2.513840235151064562e+01 4.329369986146203075e+01 3.643133518359002210e+01 4.124428432676232603e+01 2.317686370751387059e+01 4.048157679632204520e+01 2.356768048037285723e+01 4.304122150697544669e+01 4.145708090541000956e+01 6.356444892424710247e+01 6.950226497645822121e+01 5.079764402110865973e+01 4.837018427429686795e+01 6.404591930925731447e+01 7.342210122402488537e+01 6.314462968511882224e+01 5.349323587020793980e+01 3.432707638075484624e+01 2.377486163354327786e+01 3.963404643241103997e+01 4.790667764573788645e+01 5.937793021699321372e+01 5.716009272944495478e+01 4.194721046461776126e+01 2.437280199578009743e+01 3.926562464495575000e+01 3.897289658725062367e+01 2.590155589857863561e+01 3.473773624644474722e+01 4.887784311714971608e+01 6.890639684910443918e+01 6.502535121394191719e+01 4.540021915385308660e+01 3.142770267293535369e+01 1.993323631028620113e+01 1.237899594612816578e+01
4.586328636844961437e+01 3.588081719916983303e+01 5.334296466153812588e+01 5.581475046485300595e+01 4.545761783579590087e+01 2.579689814328436981e+01 4.545114107712883111e+01 4.307673515943108811e+01 2.609819217977221939e+01 3.985119352395836501e+01 5.979788804687492387e+01 7.729419460108842088e+01 6.950226497645822121e+01 6.707578328165982384e+01 7.486057675199393202e+01 6.898701401275091882e+01 4.892521925730982701e+01 3.482101994582101412e+01 2.755987260892949919e+01 4.323028403197218239e+01 3.739488849040624530e+01 5.731817361372170438e+01 6.384390352943971436e+01 4.380640749749771601e+01 2.973805786099163839e+01 4.421389198503290885e+01 5.248579407158748467e+01 5.286445014862286484e+01 3.287458607961796986e+01 4.579696592952759460e+01 6.303779258527769258e+01 6.978604117676657381e+01 5.978603943637770612e+01 5.150177090782567291e+01 4.792645935118948586e+01 3.976748936455447847e+01 3.230705920508501805e+01
4.969045957432442862e+01 5.529993588919094094e+01 6.613754860592914042e+01 6.054709992246142036e+01 4.816319449640361938e+01 2.847609107490217895e+01 4.816337560367113468e+01 4.760496329662050385e+01 2.792467862817696655e+01 4.760496331590752561e+01 5.873234415945585596e+01 6.224695359932930927e+01 6.937709002646700185e+01 7.778072353081856249e+01 8.542939278175072104e+01 6.529166262172573454e+01 5.111790689430535650e+01 5.039163588104199221e+01 3.051832416138199378e+01 4.191507198917010157e+01 5.731817442769273185e+01 6.566750702717811805e+01 6.384390075238511741e+01 4.380640749624857477e+01 4.967525339299121612e+01 3.630195950833331864e+01 5.636190033532021459e+01 6.115984327757006866e+01 4.283309127995408971e+01 6.115984327757006866e+01 7.410613294317393240e+01 6.150177090655838441e+01 4.150177092443163929e+01 3.150177092443199456e+01 4.150177090941349434e+01 3.595476895345570512e+01 3.095476895725513344e+01
6.325156791656845456e+01 7.691832494658818575e+01 6.495435799824889500e+01 5.223506474934347210e+01 3.249712050128007945e+01 4.232256320791206150e+01 5.646190917116653907e+01 5.593414812996668672e+01 4.760496331590752561e+01 3.060557923533817615e+01 5.038871243512603826e+01 4.223678000838076230e+01 4.921001890268669854e+01 6.343018983137254452e+01 8.373417713154337605e+01 7.432725119434738303e+01 5.428301046597819379e+01 4.267792791138671760e+01 3.375336234069645514e+01 5.377609656216750977e+01 6.197083829969548674e+01 8.209285483169306019e+01 7.212673142117499481e+01 6.384390075238511741e+01 6.138781891939414948e+01 4.128414458309843837e+01 6.138781891939414948e+01 7.118307677130853506e+01 6.289580901729164708e+01 7.118307677130853506e+01 6.920370329382350860e+01 6.978603088573669311e+01 5.978603838504540846e+01 4.150177090941349434e+01 2.150177092443217219e+01 1.595476896217997975e+01 1.095476896218002238e+01
8.298706937737033229e+01 7.656657484177779338e+01 5.661450844113655734e+01 3.678573378115130055e+01 5.223506474934368526e+01 5.223501658413449178e+01 7.055558960835807625e+01 6.455945765799118874e+01 4.451920111248360001e+01 5.038885635794403584e+01 3.345950009529970970e+01 4.741302800366344883e+01 6.750604330984893409e+01 6.565120746719429690e+01 8.595536625676572839e+01 8.271952337504151842e+01 7.111036559316283956e+01 5.757538266641962110e+01 3.747145031545598926e+01 5.757538266641962110e+01 7.490811890038904153e+01 8.495785203301277022e+01 8.488477812057266192e+01 6.499569564758741080e+01 5.081011917657317412e+01 5.293987962714722784e+01 6.966476430592649649e+01 7.283471829644771844e+01 6.454756145761831476e+01 6.334502572725959624e+01 4.919907922683715640e+01 5.548698536132520331e+01 6.134649980164616068e+01 4.978601962613812759e+01 4.150177090941349434e+01 3.595476895345570512e+01 1.843023791924391119e+01
7.988793111502759814e+01 5.966932550504661492e+01 4.812256879624231232e+01 4.021088085266373469e+01 5.161406733742590802e+01 7.177949060860278507e+01 8.064013108742402380e+01 7.294664870109681942e+01 6.455945765799069136e+01 5.551872102193697600e+01 3.565720418147103032e+01 5.551872102193697600e+01 7.177473123537103561e+01 8.347189405635955950e+01 9.434995060934069500e+01 9.130028857892642691e+01 7.967284291734064539e+01 6.276287984311775858e+01 4.267178962686523391e+01 4.648820015801924654e+01 5.653292842009701502e+01 7.655727446990444207e+01 8.488477812057266192e+01 6.499569564758741080e+01 6.499569564758741080e+01 7.292791860223209710e+01 8.120322793566245423e+01 6.454756145137650947e+01 4.454402420212479541e+01 5.040292461062477258e+01 3.505641130490841562e+01 3.548475448756129680e+01 4.134327217480727512e+01 5.032292465426600359e+01 4.203933307418529353e+01 4.671450837073914641e+01 3.257237314499580805e+01
8.822395249543859563e+01 7.656657484177779338e+01 6.392447608808397064e+01 4.388292031294413675e+01 6.392447608808397064e+01 8.013121877097094625e+01 9.207277858534993698e+01 7.174339189703003683e+01 7.002238960930327494e+01 5.800533419326318096e+01 3.811242882265382548e+01 4.334125684010884072e+01 5.481981370668334108e+01 7.506783099691489269e+01 9.275641183669563361e+01 8.287384451965895948e+01 6.281877379609563405e+01 5.128534152231888044e+01 5.689280591086529171e+01 5.807601236409052348e+01 7.490811890038904153e+01 8.495787103355112890e+01 9.318847809361876955e+01 8.488477812057266192e+01 8.488477812057266192e+01 9.073714079824657119e+01 7.918554663213416234e+01 6.454756137128386229e+01 4.454402420211820868e+01 3.040163318744550480e+01 2.505640886396025380e+01 2.134250212318702822e+01 3.649237295235244005e+01 3.344114875415730381e+01 2.203996788638355042e+01 2.769241893288584677e+01 2.508864071283965202e+01
9.702895031856273533e+01 8.643238767007535728e+01 6.795485707464351322e+01 4.780295214184559427e+01 6.202172569789409806e+01 8.227870331173329532e+01 8.364534313552000810e+01 7.174245351566119666e+01 5.150993561333297066e+01 4.163698126002157807e+01 5.800533419326318096e+01 6.337763276384354327e+01 5.395543233273236439e+01 6.403592581657576943e+01 8.435895839309313260e+01 8.550101985301454022e+01 6.541074426816595633e+01 6.541074424978485524e+01 7.693448580748444954e+01 7.811409220224267358e+01 8.652056742893377361e+01 9.458084610871289044e+01 8.598700526850095116e+01 8.767733655152400729e+01 7.906389278587828073e+01 8.244981581245046698e+01 6.244162937555989146e+01 5.089317841003708054e+01 4.194869407965417452e+01 3.448449784554669151e+01 4.505735459900639484e+01 3.649237295219879229e+01 1.649178962961121897e+01 1.344181822296054740e+01 1.049297909986265154e+01 7.692418931806655813e+00 5.088640712190189319e+00
8.978156475452112772e+01 6.952793536497901528e+01 5.782158777488499624e+01 5.332059876130837495e+01 7.357142599468097899e+01 8.698289095282633809e+01 6.669680397837318253e+01 5.499621809642626857e+01 4.685515600540561110e+01 4.537928112462442698e+01 6.549596195814626753e+01 7.975764098994378060e+01 7.419744210483432312e+01 8.260218662479550744e+01 9.275641183669563361e+01 9.393550952175013435e+01 8.550102111828282148e+01 8.550099970610013145e+01 9.014014064511638935e+01 8.199564182227723563e+01 9.014014064511638935e+01 8.259563748335298783e+01 6.522320051577754896e+01 7.566033252136203657e+01 5.824180844065785578e+01 7.566033252136203657e+01 7.672948259888387668e+01 5.672289945907579778e+01 4.517505257606904934e+01 5.448628973141300236e+01 5.064292700766273470e+01 3.063476226318278250e+01 3.062163359069881707e+01 3.344114875415730381e+01 3.049269418531563147e+01 1.585740137689695040e+01 2.508864071283936781e+01
9.809473463683470129e+01 8.643238767007535728e+01 7.216175563546032379e+01 5.939453594172515238e+01 7.969105749995425469e+01 9.533810553106728491e+01 8.364534313552000810e+01 7.141119693982113859e+01 5.116724137474938061e+01 6.549596195814626753e+01 5.108141000993357750e+01 7.134578237937395784e+01 8.497829629403778995e+01 9.337698536286639239e+01 1.035327421963907994e+02 1.026463091533943555e+02 9.282644328400027689e+01 8.469814329972595601e+01 7.806022540348013194e+01 6.196839467705223825e+01 7.902800093246762003e+01 7.399901700511531999e+01 5.323897280360982620e+01 6.201319989698761503e+01 4.622553490587924330e+01 6.703290072563603985e+01 8.501689245560585562e+01 7.346592023090235557e+01 6.517867646270170212e+01 7.346591518544246924e+01 5.893027369205032073e+01 5.063320012937456482e+01 5.039872856857552108e+01 5.006721900435741190e+01 3.000614348117805008e+01 3.586900890238202777e+01 3.001691040552201528e+01
