MOVIE_S13_data/elevation_000673.asc
nrows	150
cellsize	150.0
xllcorner	0
ncols	150
yllcorner	0
NODATA_value	-9999
[rows 0 to 16 of 150, columns 111 to 147 of 150]
2.685791151154911724e-02 5.525790689732266309e-02 3.884972223143366016e-02 6.506161732042968493e-02 9.630811411938361433e-02 3.233120577317956379e-02 5.924318389914483979e-02 9.546854641286118409e-03 8.294521402378342290e-02 5.320363282275041711e-02 5.932880634034757433e-02 5.613034539302926007e-02 1.151422758422792139e-02 8.780238390647859825e-02 1.138712246984807663e-03 1.930634269457022489e-02 4.840176901645443230e-02 9.231827863399598433e-02 6.992822357175910997e-02 9.021741119345681736e-02 3.400184085134592277e-02 5.510003463054011230e-02 6.000302134656529396e-02 2.342684778988213257e-02 9.354401193897299294e-03 3.401672236087196349e-02 8.712543420425600260e-03 7.381784214984254966e-04 1.771529143580683613e-02 8.606502508694707787e-02 6.136863120672856470e-02 7.499905534955707276e-02 5.744714333121184180e-02 4.821317496663417995e-02 8.887210374095839971e-02 3.440918432965248824e-02 2.609784180149634855e-02
2.002685791151119332e+01 2.637246792728213940e+00 2.003884972223107752e+01 2.006506161732007598e+01 2.009630811411902940e+01 6.356886548421778471e+00 2.005924318389878991e+01 2.000954680349851245e+01 1.257385653053191499e+00 2.005307152472754950e+01 2.005932880631347004e+01 1.419826641132492284e+01 2.001151422758387355e+01 7.158870324457468293e+00 2.000113871224662887e+01 2.001930634269421461e+01 3.699885485717537392e+00 2.009231827863364117e+01 9.014207751706921457e+00 2.009021741119310178e+01 1.417613746458242119e+01 2.005510003463018620e+01 2.006000302134620839e+01 1.770834961111956041e+00 2.000935440119354070e+01 6.064243613916119102e+00 2.000871254342007077e+01 2.000073817842114465e+01 2.001771529143545081e+01 4.558200980086544618e+00 2.006136863120637415e+01 5.848484578945691403e+00 2.005744714333085810e+01 2.004821317496627842e+01 8.253837913018291061e+00 2.003440918432929863e+01 2.002609784180114261e+01
1.937876717809758631e+01 5.241024816712016587e+00 1.937876717809758631e+01 3.936467067519895835e+01 3.302900008558964373e+01 1.302355385954145817e+01 3.302900008558964373e+01 2.243427492605553653e+01 2.433856241288488320e+00 1.657608575317929933e+01 3.656993266655011610e+01 3.419844234792586946e+01 3.544969537928834313e+01 1.610315995256787502e+01 3.543914377074209199e+01 2.741302568830870356e+01 7.413792249257582512e+00 2.741302568830870356e+01 2.056194548823070534e+01 3.733502213015675864e+01 3.417613746458312818e+01 3.766695934035337245e+01 1.766708418946957693e+01 3.524950999726010892e+00 2.352491199827914059e+01 2.606424361391576383e+01 1.549233402973666962e+01 3.549233402973595730e+01 2.914652604224819754e+01 9.146515657497820584e+00 2.914652604224819754e+01 1.187847948036809242e+01 3.182470209097488123e+01 3.653810916048119140e+01 1.980084329681100996e+01 3.653810916048119140e+01 3.422752833737445144e+01
1.950485512938543309e+01 7.962678095398416644e+00 1.950485512884933925e+01 3.948202068425224809e+01 4.132469597109395210e+01 2.302366177175509776e+01 4.128786637833599116e+01 2.361920607785608084e+01 3.618553996806675332e+00 2.361920535581727520e+01 3.716363325163028009e+01 4.542359854849438250e+01 4.441410838318731180e+01 3.024702609595824754e+01 4.439850825653594057e+01 3.133475345835651638e+01 1.133611495199093611e+01 3.129880353732206544e+01 4.061013901524060543e+01 4.901024031190839025e+01 4.773762747368416370e+01 3.946369001115590436e+01 2.530663016143826738e+01 5.306692612475499615e+00 2.530663016143827093e+01 4.377660527719756089e+01 2.443660593973567074e+01 4.377660527719756089e+01 3.414653585749290698e+01 1.414651565749786322e+01 3.414653585749290698e+01 1.854326017540294558e+01 3.843167943572383649e+01 4.808511454427391385e+01 3.980084329681171340e+01 3.978981999960297600e+01 3.143346943114298497e+01
3.085728873288680418e+01 1.087996280154589357e+01 3.085728873288680418e+01 4.775899248062238911e+01 5.133386249006463231e+01 3.716895559200992238e+01 3.631913025004387663e+01 1.635642547613365139e+01 4.809536665157507329e+00 2.398739092794597383e+01 1.720362707249817191e+01 2.719532293752260088e+01 4.714918653418769168e+01 5.026906468441595877e+01 4.744394671361268223e+01 2.764674716885489758e+01 1.618682744908250726e+01 2.766107157598458599e+01 4.761517305676109402e+01 5.354966307432362527e+01 3.360518140953249144e+01 1.946481409215128622e+01 1.314025877332580805e+01 7.110031881810356502e+00 1.865703652720453931e+01 3.865682767198168790e+01 3.598361132352777503e+01 5.272087718719656380e+01 3.969355468081788274e+01 1.969351761975025283e+01 3.969355468081788274e+01 2.852105417304954216e+01 3.472069674745387147e+01 5.415969594900039397e+01 4.567386948612710995e+01 2.553490259474996549e+01 1.136732624729446250e+01
2.801797039516056032e+01 1.389500159657942113e+01 3.386202481643316275e+01 4.789154831656929900e+01 5.941242773879395855e+01 5.719462510457457682e+01 4.451810585430646228e+01 3.305844542552648591e+01 2.481009062596918469e+01 6.515142396002586267e+00 2.065801789387431597e+01 4.066352115288200508e+01 4.714704072053750394e+01 6.709018328136552611e+01 5.547682894549475208e+01 4.116546543295301319e+01 2.118682739389004510e+01 4.117118866409674638e+01 5.584405906073482839e+01 5.363364790474505384e+01 3.360880473982957994e+01 3.946369001115590436e+01 2.903441916303136594e+01 9.034532779109092360e+00 2.903441916303136594e+01 4.694023635182714571e+01 5.598361132352706449e+01 6.426788257098766621e+01 4.601814168071099687e+01 2.601807294008730764e+01 4.601814168071099687e+01 3.999007237144788718e+01 5.415969594900039397e+01 5.556541204872355166e+01 3.461676334216679862e+01 2.293851273942145141e+01 3.143346943114296010e+01
2.119245965903227713e+01 3.386202481643316275e+01 1.966657351168440115e+01 3.119177245790433517e+01 5.114008012469616915e+01 6.090119651276673096e+01 4.108016237590054232e+01 2.696152698773836320e+01 2.774582758143546002e+01 7.743732629670994072e+00 2.764016923201129572e+01 2.958559045166038715e+01 4.982448780596858740e+01 5.985861265864954817e+01 6.072857690241390571e+01 4.102898401092996039e+01 2.874222772657702407e+01 3.524659425068118423e+01 5.459803336456936762e+01 6.202893533960919115e+01 5.366506394702457072e+01 4.512800931163413054e+01 2.512845837201611232e+01 1.098633292500614189e+01 3.098619122154446259e+01 4.541031525171032968e+01 5.811775954129932842e+01 6.636224989429808829e+01 5.430342517242244327e+01 3.496234485159178718e+01 5.430342517242244327e+01 5.975166623532172849e+01 6.795684527479467363e+01 6.480689199963879332e+01 5.182419350405045577e+01 4.326728227747216948e+01 3.416351168084642609e+01
3.527038426867468246e+01 3.596159002540673555e+01 3.962292818890028911e+01 2.695967592615362207e+01 4.690646582053628322e+01 6.090119651293662173e+01 4.108016237590055653e+01 3.623605148448794466e+01 1.627183628130564585e+01 2.750679823872605922e+01 9.532587011692315926e+00 2.962275924591004284e+01 4.368550394973211581e+01 4.005142900710695386e+01 5.985955706326748071e+01 5.675310584890117838e+01 3.688106021559858760e+01 5.457253527703144158e+01 6.252006551277805357e+01 6.502656916164528411e+01 5.977626751750602097e+01 4.472839850526670347e+01 3.322221727752059195e+01 1.322240090250591216e+01 1.715846686591649117e+01 3.714882020729864820e+01 3.815750597741499206e+01 5.811775954129932842e+01 6.324915876883780896e+01 4.910448794930539407e+01 6.324915876883780896e+01 7.669765981929249676e+01 6.253838948910841111e+01 5.424606710259816111e+01 5.956124125142330428e+01 4.626883852016457155e+01 3.638931394572028921e+01
5.514174788427184382e+01 5.006631061630048407e+01 5.243802785956910384e+01 3.249369729442617682e+01 5.243802785956910384e+01 6.902936261365985615e+01 6.090119651292557279e+01 4.444395324472187525e+01 3.623571385056970229e+01 3.078607957946404028e+01 1.080774043786725080e+01 1.713215829270680857e+01 2.379718444785373421e+01 3.531022116244302111e+01 5.512837530152898324e+01 5.689695506074302500e+01 5.689696632807329024e+01 6.532841347320338343e+01 6.502657216243432003e+01 4.505161958610022310e+01 3.977865123055428143e+01 3.644543567351100677e+01 1.644569275860737889e+01 3.322221727752059195e+01 3.714882020729864820e+01 2.401840749983334788e+01 3.157764592416164717e+01 4.571336639315511974e+01 6.565498163843382429e+01 6.910565418145790773e+01 6.529221689778249527e+01 5.691265682694209715e+01 4.837911915892446757e+01 3.419102625963273567e+01 4.156214557630337936e+01 3.228393488140884671e+01 1.816701858798892033e+01
6.465643323932367537e+01 7.003162152248997074e+01 5.874640475382964411e+01 3.879756542918723028e+01 5.874640475382964411e+01 7.085735162941746523e+01 5.088864585485210768e+01 5.088864496365277290e+01 4.435065651696316280e+01 3.211810713103620429e+01 1.211518133894880478e+01 3.211803487491685161e+01 4.261911508505729529e+01 5.189893097973503444e+01 6.335473847546105475e+01 7.725099498886245897e+01 7.575536125601330184e+01 6.575753605350341502e+01 5.747633605535980195e+01 4.872046111527413359e+01 2.872329734765412468e+01 1.977902609194065420e+01 3.644543567351100677e+01 4.472839850525506478e+01 5.225987793585505869e+01 3.815750597741499206e+01 4.400372889207376659e+01 4.571336639315512684e+01 6.565498163843382429e+01 6.852810202361303027e+01 4.840948324776174161e+01 3.681168761645321297e+01 4.616825685572621296e+01 4.059136163594753555e+01 2.150555329696566176e+01 3.082308148191856390e+01 2.708631598354896752e+01
7.454698317778267835e+01 7.286761752791146307e+01 5.289720690564880101e+01 5.289720690564880101e+01 6.702289744666946092e+01 6.501465191702297375e+01 4.503746256173642593e+01 3.089350100655905962e+01 3.607527140130267185e+01 1.607577354860806196e+01 3.029920158053344537e+01 1.422924703540844504e+01 3.506414364195081390e+01 5.143645047481916777e+01 6.033977897297238258e+01 7.180701625236912378e+01 6.747533952411585290e+01 4.747733407929268878e+01 3.747735050411571223e+01 3.040628292071015082e+01 2.373961626384712886e+01 3.977867510874330037e+01 2.794399182024093165e+01 3.426854686805020123e+01 5.426768003493618409e+01 5.811775954129932842e+01 6.394856442302305055e+01 6.565498163843382429e+01 7.389378304674644937e+01 7.693796157821292070e+01 6.529221689778249527e+01 4.616825685572621296e+01 2.607918228494813917e+01 2.052170470086356246e+01 1.551800321356637902e+01 1.080301962517038561e+01 7.089012256424720881e+00
7.824355743848352063e+01 8.114858798769022030e+01 7.286761752791146307e+01 7.286761752791146307e+01 7.558860099726763337e+01 6.732806532373446373e+01 5.915778571298469046e+01 4.020079125360728511e+01 2.020147925746535833e+01 3.607527141652918345e+01 3.551410255094551616e+01 1.573680377149626075e+01 2.329478572828781324e+01 3.222663600745377721e+01 4.371915363148674771e+01 6.356575538333817832e+01 7.575538067265540576e+01 6.575747198387277592e+01 5.502717393237075072e+01 3.502805705620890109e+01 2.686309150161843462e+01 4.686257281464742874e+01 4.794339883129855906e+01 5.426768003493618409e+01 4.495897590263811594e+01 5.910066930185857359e+01 7.909597245467136872e+01 7.656034866078229584e+01 6.838465369088631007e+01 6.838465369088631007e+01 6.630243685839147361e+01 4.616825685572622007e+01 4.616771853396224401e+01 4.059657377637129372e+01 3.557691409853494235e+01 2.538211549556708135e+01 2.711601250822746323e+01
6.975213839060808141e+01 8.257574621487802347e+01 8.450728462307937150e+01 7.299036558441133593e+01 6.405942470465444671e+01 4.735121707397681234e+01 5.194630991282921428e+01 4.344505021880235063e+01 2.344595569468867424e+01 4.344504936930111683e+01 3.728235650257087030e+01 1.728445027722484895e+01 3.728235650257087030e+01 4.961340187011168723e+01 4.661897573366137237e+01 6.072401704643486653e+01 8.065486555786920064e+01 6.916753284119118916e+01 4.917006577590386485e+01 5.112643607308316973e+01 3.112710582869461362e+01 3.539111972875170409e+01 4.953312064154277294e+01 6.953049575070897959e+01 6.495715800343664625e+01 6.128809709019068208e+01 8.128260690257130250e+01 6.838465369088631007e+01 4.858533697069957213e+01 4.858533697069957213e+01 6.047857327027960395e+01 5.242202838842946022e+01 5.702632321580108510e+01 5.980102660752576327e+01 5.189543174935769088e+01 4.664084548204582603e+01 3.415353360883926825e+01
5.260220331504533675e+01 7.417815908569072292e+01 7.625229877059057060e+01 5.629670956939768445e+01 4.474812836242548286e+01 3.579902571459137306e+01 3.194900018766649197e+01 2.829699815659515849e+01 4.344505021880235063e+01 5.005780960627357246e+01 3.913995802584936001e+01 1.914140385439953818e+01 2.136693072697241647e+01 3.030966815617201959e+01 5.027852488053948576e+01 6.602689748604804265e+01 7.428876898175214194e+01 7.744778586321255887e+01 6.916753127803031020e+01 5.559839245957470411e+01 3.559924178309154286e+01 5.539021620508649590e+01 4.608154780886246016e+01 5.762835507962041248e+01 7.762434097769168773e+01 8.128260690257130250e+01 8.300886984530218626e+01 6.838465369088631007e+01 4.858533697069957213e+01 3.449144782646267515e+01 4.500688835438516122e+01 3.316698231519293216e+01 3.423757474734381390e+01 4.713859936813403806e+01 3.237416539483594846e+01 3.569948769108083297e+01 3.208832966542210130e+01
7.197849849454922833e+01 8.257574621487802347e+01 7.697126276341312234e+01 5.701617948001624114e+01 4.287391045719598992e+01 5.579442660917716523e+01 5.194630991282921428e+01 3.984758587190941626e+01 5.582725377570694292e+01 3.593751035277927741e+01 2.180216623980176394e+01 3.913842120134117408e+01 4.134817470482836654e+01 2.583898334611296121e+01 4.581494813955506373e+01 4.608652900820084852e+01 6.277525574966900024e+01 7.428878204619890369e+01 7.192579445623701417e+01 5.192889259767603249e+01 4.076321956410662750e+01 6.076207463538275277e+01 6.022321998331579351e+01 7.435972151343537462e+01 8.590265689267349103e+01 8.349485082838815231e+01 7.209867042292214023e+01 5.505367799745728519e+01 4.891407764402507041e+01 2.899124321285032835e+01 2.506975543201827250e+01 2.182545338927567968e+01 1.877549317786099792e+01 3.463239669013356803e+01 3.515677633337987373e+01 1.612838368973352843e+01 2.418548363879685681e+01
5.839154524341213204e+01 7.956678102684635689e+01 7.438528053407409857e+01 5.442444769484220757e+01 5.043791295855357504e+01 7.040940144031216619e+01 6.809950228602026812e+01 5.983513320279339354e+01 4.947754167173271611e+01 2.949098341134536128e+01 2.371782203981897652e+01 4.373047190572153653e+01 5.407747988372013026e+01 4.581494808423209975e+01 3.055251312061937341e+01 3.455141872306150930e+01 4.608652900820089116e+01 6.602689756605740001e+01 8.020499235325324605e+01 6.904292227151023553e+01 5.076320357243140080e+01 5.076320357243140080e+01 7.076094569833409764e+01 8.849622304355479230e+01 8.924814412316891321e+01 7.532077413472518401e+01 5.558002381829238203e+01 4.409004102846749618e+01 3.515909905623357190e+01 4.052178283425272554e+01 4.500688835438516122e+01 4.158509102900814725e+01 2.358947332192046886e+01 1.464980760798448323e+01 2.684454467679779199e+01 7.184473646605866293e+00 4.776756584924963356e+00
7.585825053505438120e+01 8.790849468380189080e+01 8.264322983740353834e+01 6.596086492727710038e+01 6.043731716993805492e+01 7.866768391288978535e+01 7.724358617925180681e+01 5.841311693862365928e+01 3.843256322378927337e+01 4.576946044218085063e+01 2.576978571182004174e+01 3.991097350543876132e+01 5.993562965358126604e+01 5.683327383331140226e+01 3.687445161118098724e+01 5.451432041143861085e+01 4.161760730487986137e+01 6.156776702211130470e+01 7.764732241275588365e+01 7.904043263221133486e+01 6.490478689320107719e+01 6.490478689319719763e+01 6.490478689319719763e+01 8.489896370910663848e+01 8.107052785315259769e+01 6.137807523095882090e+01 5.145462114471686732e+01 4.331326720726211477e+01 5.505367799745728519e+01 5.459044540085754704e+01 5.658122243836930210e+01 3.756566683850567046e+01 4.193897647663477102e+01 2.492957048338671910e+01 1.083595735000422700e+01 2.722424727370422204e+01 2.348596845021446455e+01
