MOVIE_S13_data/elevation_000303.asc
nrows	150
cellsize	150.0
xllcorner	0
ncols	150
yllcorner	0
NODATA_value	-9999
[rows 0 to 16 of 150, columns 0 to 36 of 150]
8.271705653423140625e-02 2.127631151761726416e-02 9.425194436011796739e-02 4.939197167322698090e-02 3.975871534419905817e-02 6.171646774684565184e-02 1.696294146011132625e-02 1.936121709489252440e-02 4.216450047424835645e-02 2.297044857093000214e-02 6.704298068806634203e-02 4.162315340452049650e-02 3.835349583220235004e-02 2.777463300387698203e-02 2.207885817162396139e-02 7.161913568127860341e-02 9.025521335945362045e-02 3.502399586135773735e-02 8.040414306008919487e-02 3.131346976591601466e-02 7.604099264847130613e-02 2.387740603804927586e-02 5.687112022313325910e-02 4.074439634684711570e-02 8.709178300582484655e-02 7.612946965408906586e-02 1.077918208624280109e-02 9.929772718869623455e-03 4.600412614040166881e-02 2.152795518990661267e-02 2.378824418737431057e-02 9.511189423522797837e-02 9.406546861214974686e-02 1.749038473908382007e-03 2.223905489293687143e-03 6.269637160239108220e-02 9.476101746191394060e-02
1.795629399984677299e-03 2.000179562939963063e+01 2.009425194435976181e+01 1.419152759540430253e+01 2.003975871534384368e+01 1.006171646774675921e+01 2.001696294145975585e+01 2.001936121709453786e+01 1.621388210341018166e+01 2.131156052372829901e+00 2.006162863720131639e+01 2.004162315340416356e+01 1.418048911966383052e+01 1.416991025673495308e+01 1.156908424196424079e+01 2.007161913568092260e+01 7.161323025224898942e+00 2.003502399586100324e+01 2.008040414305973442e+01 4.882025970492555267e+00 2.007604099264811737e+01 1.421470975315025242e+01 1.982590746133319115e+01 1.215184835376255101e+00 2.008709178300017939e+01 1.421826509338516509e+01 1.415291480581731776e+01 1.155693515651148751e+01 2.004600412614004767e+01 7.092595767055412281e+00 1.416592386791844937e+01 2.009511189423487210e+01 5.439290306860660174e+00 2.000174903847355168e+01 2.723879175248374640e+00 2.006269637065382838e+01 2.009476101746155763e+01
4.163169627051844027e-03 1.414629879335787699e+01 3.414629879335716822e+01 3.419152759540500597e+01 3.006171646774640394e+01 3.006171646774640394e+01 3.635493135245513940e+01 1.743422487814747868e+01 1.022929782183437020e+01 4.251836363572108368e+00 2.437426866547992788e+01 3.256364773722016537e+01 3.418048955639986275e+01 3.416991025673565474e+01 2.571121986569544404e+01 3.472061246649641220e+01 1.472061248540937761e+01 3.304699805598852436e+01 1.304699177976989510e+01 1.642903135213053645e+01 3.316623456533082503e+01 3.460407047979193607e+01 2.238527520285483519e+01 2.391655423611551701e+00 2.239452226371980359e+01 3.421826509339859257e+01 3.415291480581802119e+01 2.569907078024268898e+01 3.465188522724072584e+01 1.465188522724002418e+01 3.416592386791915459e+01 3.098629243328152683e+01 1.098629226911299916e+01 2.547109043897678760e+01 5.471090454222143684e+00 2.547109043897584613e+01 3.837311813944153016e+01
2.016265153036126551e-02 1.416229827526118612e+01 3.416229827526047558e+01 4.530234687601988242e+01 5.006171646774568984e+01 4.861110442359836981e+01 2.923239326026203955e+01 2.967987076524775958e+01 3.047368565001430341e+01 1.849124117678773516e+01 7.551434559851250228e+00 1.244628823274957163e+01 3.256474613247698358e+01 4.844898696007238215e+01 4.571121986569615103e+01 4.300488049025613435e+01 2.472061248540920175e+01 3.937156171511393410e+01 1.937154710010696590e+01 3.642894656600015679e+01 4.471224642749203326e+01 3.919805202796867860e+01 2.352414694195529776e+01 3.574280215589719312e+00 2.357732744289943483e+01 3.708355258291039291e+01 4.531287313463214872e+01 4.569907078024339597e+01 4.293615647470292629e+01 2.619889061103274486e+01 4.293615647470292629e+01 3.701651949352935134e+01 1.701651916066837700e+01 2.829951755332968588e+01 8.299517578968309550e+00 2.244165320260103869e+01 4.244165311703177679e+01
9.594114293757748102e-02 2.009594114293722100e+01 2.911650498076822302e+01 2.547882002565529547e+01 4.530234687601988242e+01 5.684910709421463793e+01 4.281333745631859955e+01 4.960051156241494397e+01 4.687992881191529904e+01 3.037539743952641658e+01 1.024413366147333981e+01 3.037539748356197578e+01 2.007759148732736065e+01 4.015225620231379366e+01 5.619188314602446610e+01 5.300487871681090724e+01 3.886274810909158361e+01 4.644267714059130725e+01 2.644261491197491765e+01 4.644260680511214900e+01 4.546733411887982612e+01 2.488074955942778743e+01 4.881738279904946687e+00 4.776746022874757358e+00 2.471745968370552404e+01 1.716775898544809209e+01 2.714949988882257159e+01 4.120998960454878102e+01 5.448316185849564874e+01 4.619889061103344829e+01 4.701652014124395151e+01 2.701651916066945702e+01 3.701651949352935134e+01 3.124835666299010128e+01 1.124835670206622673e+01 2.279536208585659907e+01 3.693749770874735816e+01
9.541454368626212448e-03 4.596968730264491931e+00 9.304551157745033052e+00 2.911650498076822302e+01 4.541147482224049270e+01 5.675153406490777996e+01 6.260815200567235905e+01 6.196920416587912683e+01 5.040674780806608624e+01 3.313871729569328295e+01 1.302144540421020835e+01 3.313871729569328295e+01 4.015225620231378656e+01 2.907551322574661512e+01 3.617127573092701454e+01 5.619188314602446610e+01 5.886274798011192644e+01 5.472833607522672139e+01 3.798962033739532984e+01 5.472819421151584152e+01 4.546734151963836013e+01 2.488074986850771353e+01 3.091042296160550151e+01 2.476700217909948876e+01 6.486176282948285632e+00 2.648507491248955148e+01 3.772607546237334475e+01 5.524675182193875145e+01 6.928351403932859398e+01 5.966563246726651926e+01 3.966562980249570103e+01 4.701651950676721725e+01 4.067628113053898176e+01 2.067644711705406735e+01 1.478389060799893429e+01 3.478389056053157447e+01 4.012911538146678936e+01
9.647730019007895452e-02 2.009647730018972211e+01 2.911650498076822302e+01 1.773178910149103871e+01 2.897421183602678951e+01 4.853387673611386788e+01 6.618207266591291216e+01 5.367466773900095234e+01 3.364708670101892807e+01 2.204745320237334738e+01 1.622164353654106250e+01 3.631589787536603353e+01 4.987846644258404183e+01 4.911352951267990363e+01 5.619188314602446610e+01 5.033052361425708909e+01 7.034245682156212354e+01 6.627634172422918368e+01 5.798977786228941511e+01 6.483622811069916736e+01 5.371990968194199922e+01 4.546734151963834591e+01 4.146500273452733865e+01 3.287596891374194286e+01 2.519079641100221423e+01 8.233178614468501522e+00 2.913126464143959282e+01 4.436574209472731667e+01 6.689718645377847395e+01 6.794996111834014130e+01 5.380776548506124612e+01 5.222307810273576223e+01 3.222345224122187801e+01 4.067628884173647918e+01 2.892602623152147245e+01 2.012911544624732940e+01 4.012911538146698831e+01
8.338298177320474514e-02 1.145606964192232446e+01 2.916365479134138639e+01 3.724109888077194341e+01 2.977949231530057261e+01 3.908408471821981323e+01 5.804855534277178464e+01 5.627150452072698528e+01 3.624657128174949605e+01 4.211173843463807742e+01 2.294567950261804867e+01 2.152307389479195621e+01 4.158421043063210476e+01 4.725135816877704542e+01 6.726595044518090560e+01 7.034245682156212354e+01 7.864526576953805659e+01 7.062501142881579597e+01 5.092130369957455827e+01 4.515755328909034461e+01 4.626632347055866035e+01 4.183858506884952533e+01 3.325820323593001859e+01 1.334361801450944895e+01 1.001045237559770662e+01 2.827403150763664286e+01 2.265387821808679547e+01 4.397148679789172121e+01 5.802768991615852201e+01 6.757392627686584774e+01 7.380777438228405174e+01 6.050404988603104073e+01 4.377045403409048419e+01 5.721029347057913128e+01 4.484316056939913864e+01 2.484316065415756469e+01 3.167612083003410461e+01
2.372884694381488524e-02 2.002372884694345956e+01 3.896026884301841875e+01 5.160785336815239077e+01 4.412774824678142238e+01 5.290503110746736581e+01 6.618207266591291216e+01 6.456692433438266221e+01 5.627150452072698528e+01 5.008249691801430714e+01 3.005301892490867388e+01 4.158421043063210476e+01 2.721496519063545350e+01 4.725135816877704542e+01 6.371697167053000044e+01 7.527287124648502470e+01 7.903662487834063199e+01 5.930964273374358697e+01 5.092130369957455827e+01 3.117189518398348014e+01 2.646487536396904972e+01 2.199462754755276350e+01 1.834347570226494994e+01 3.124278070304448107e+01 1.137112759909514992e+01 3.127950647889990776e+01 2.331335783807580597e+01 3.081410583096796785e+01 4.057309241500270502e+01 5.403517542853887790e+01 7.303859637527877169e+01 7.204852333626064365e+01 6.376957747294018475e+01 5.268780592022637421e+01 3.268780605968464670e+01 3.639016603794037508e+01 5.167612067677497834e+01
7.631710034972485901e-02 1.421845272408079985e+01 3.421845272408150151e+01 3.647893877873548973e+01 2.389730489173079064e+01 4.496101006933996302e+01 5.155050447210955156e+01 7.064500629281613442e+01 6.423306562027951827e+01 4.422113944624380366e+01 4.422113944624380366e+01 5.392435402331536665e+01 3.390536645970033902e+01 3.540615118250194371e+01 4.696681376655071460e+01 6.697517479418456787e+01 7.323130834530979882e+01 5.354310002660967882e+01 3.963724393143942137e+01 5.092130369660475964e+01 3.458426170330196214e+01 3.349488428512550087e+01 3.821559067711325497e+01 3.940573887737988912e+01 2.031048480426534653e+01 1.333699581114933963e+01 3.323484735827209136e+01 5.008712048654959403e+01 5.320880466286566701e+01 6.138547962822465820e+01 7.274761055967205436e+01 8.315987102723110524e+01 6.315987323339266624e+01 4.901773766807414034e+01 3.975887387154987351e+01 5.639016583742309763e+01 6.467443227898712621e+01
2.239863785106879432e-02 2.002239863785071350e+01 2.896789507749118897e+01 1.585628798769880454e+01 3.238637136801035865e+01 3.353906763269366564e+01 4.602585981460948972e+01 6.488817653153815002e+01 7.253018530295082655e+01 6.423306562027951827e+01 6.423306562027951827e+01 6.148721002685132930e+01 4.147777384010344548e+01 5.542334216883696740e+01 4.696681376655071460e+01 6.697517479418456787e+01 7.323130834530979882e+01 5.354310002660967882e+01 5.354310002660967882e+01 6.250726034340610227e+01 4.599791464990411782e+01 4.746659667626984458e+01 5.411766176235208547e+01 3.437198497490721394e+01 3.465195244528816687e+01 1.476193483042856869e+01 3.465195244528816687e+01 4.576683414492691071e+01 3.351956459732335247e+01 4.491618738693216528e+01 6.453673052565262935e+01 8.003988599198522991e+01 7.390100876418013343e+01 5.390100949302360789e+01 5.390100949302361499e+01 6.804313965290337762e+01 7.015357544332930217e+01
6.490672536223988931e-02 4.329760572274933494e+00 8.700584469295781886e+00 2.896789507749118897e+01 4.394097960850972839e+01 5.155050447210955156e+01 5.954544546943315453e+01 5.978156270255519189e+01 6.563944743253357217e+01 6.749902410313596590e+01 7.579135959408647238e+01 6.978230240719665289e+01 5.562686228661276289e+01 6.148721002685132930e+01 5.851822318742389939e+01 7.527287124648502470e+01 8.145346279287498703e+01 7.323130834530979882e+01 7.323130834530979882e+01 7.389701593999757279e+01 6.569179718791234279e+01 6.716556949935231557e+01 6.232072456188770104e+01 5.411766176235208547e+01 3.607936173877421027e+01 1.619785097904934545e+01 3.607936173294736903e+01 2.598689009526729521e+01 4.576683414492691071e+01 4.340073580174551182e+01 5.216932454451993806e+01 7.179392350187360705e+01 8.218526981278309052e+01 7.390100876418013343e+01 7.390100876418013343e+01 7.599483828846823030e+01 5.604507798687895814e+01
7.333276091007127906e-02 2.007333276090971452e+01 2.896763042885610773e+01 3.733019788640424963e+01 4.318306655566783547e+01 4.560842369929708440e+01 4.823455283496178225e+01 3.978155555134566157e+01 4.563942202192084352e+01 4.749717582220019807e+01 6.424030743914349273e+01 7.361722088267769948e+01 7.563534102155779237e+01 8.150140228607730819e+01 7.852758552759533472e+01 8.683186857121964408e+01 8.640377270344704641e+01 7.813361040541778380e+01 8.051288480792278790e+01 7.226512509235404025e+01 6.979309916319037654e+01 6.649709606408119100e+01 5.829753084273915675e+01 4.914994371767388515e+01 3.808635270383796723e+01 1.821815604696932311e+01 1.913079210991586265e+01 3.898226872857330250e+01 5.043292432563181649e+01 6.301744240392756069e+01 7.122644060781820485e+01 7.179392350187360705e+01 9.163324090685237877e+01 8.219658256116058226e+01 7.392249054310855172e+01 7.392249054310855172e+01 7.015357544332930217e+01
5.145395647001294037e-02 2.005145395646965767e+01 2.444783903507844158e+01 2.668390718262574879e+01 2.318306524169780047e+01 2.560842149329058870e+01 2.823455015122808476e+01 2.563941990794080539e+01 4.563942170021282863e+01 3.595016268494279643e+01 4.531835181940282808e+01 5.634126663815877123e+01 6.188906878197192896e+01 7.018700262436063042e+01 8.174077045447623391e+01 9.219732208676636276e+01 7.230823028969844302e+01 5.843441932339761280e+01 6.567474802900568420e+01 5.262363825768976966e+01 5.009980014768827061e+01 5.009980162067548548e+01 3.862178096901828894e+01 4.096588852106687284e+01 2.112005772395341197e+01 3.808635270383796723e+01 3.898226872867545012e+01 2.244118472609142501e+01 4.226040775796224125e+01 5.238449128528066012e+01 6.060035836478750326e+01 7.050299250365137027e+01 8.961083886924598119e+01 7.392249054310855172e+01 5.371064022664593551e+01 5.371064022664593551e+01 6.795361139390324468e+01
9.635555453094322986e-02 2.265660132717509434e+00 4.447839035077442382e+00 6.683907012577241069e+00 9.040929616532419999e+00 1.146628586689577034e+01 1.409241452409024475e+01 3.409240748609866500e+01 4.175375977284188878e+01 2.700589072944728386e+01 3.117617901058919827e+01 3.634015680554264804e+01 4.188715876804717908e+01 5.343417805933169973e+01 7.343828804499850094e+01 9.109466891727369386e+01 7.121711177887173960e+01 5.735545512947616942e+01 4.609147795386482471e+01 4.131379773764405172e+01 5.009979211025996193e+01 3.035268055445547830e+01 2.715118309522053863e+01 2.410144371031789490e+01 4.096588654329681845e+01 4.914994371767388515e+01 5.043304869804514112e+01 4.226322568404222579e+01 2.587090364659612263e+01 3.253318031252085518e+01 4.249411349885131273e+01 6.227488375393830466e+01 8.134874161782668978e+01 6.130074242388300831e+01 4.948708436153078338e+01 3.900778424715822013e+01 5.121134357715583718e+01
4.067814134485068372e-02 2.004067814133156489e+01 1.858997465880814204e+01 1.484887282185443169e+01 2.904093000262436419e+01 1.902557532708044974e+01 3.409241531593158925e+01 1.821809950912549070e+01 2.175363341505828885e+01 4.175376191137508641e+01 5.117698687254009826e+01 4.531833270712284900e+01 6.188427006875076586e+01 5.343417871260376728e+01 7.343954036927860329e+01 8.849902882720247987e+01 6.864987318031742802e+01 5.735545512947616942e+01 6.567474802900568420e+01 5.487292092069485960e+01 3.519282322573238986e+01 4.823443690254243421e+01 2.846462695244300534e+01 4.392031084182131195e+01 4.030459777850332159e+01 6.000839911253709147e+01 4.944551021685256131e+01 2.961593199674566179e+01 4.211972972149036565e+01 5.218525815434416160e+01 6.060035836478750326e+01 7.050299250365137027e+01 8.241483192855153561e+01 6.258897678016892741e+01 6.258897678016892741e+01 5.121134357715583718e+01 3.068624314149061405e+01
4.598823041778624804e-02 2.004598823041743216e+01 3.858997465877826016e+01 2.899100853629324703e+01 3.117880298501109237e+01 2.719054113635826297e+01 4.650245135538629171e+01 3.821804103499191996e+01 2.638306531367390306e+01 4.638203142907584464e+01 6.457584018983439478e+01 5.946055765563216511e+01 7.357254535769628490e+01 6.498134594221922100e+01 8.174261880012086579e+01 9.679776957891874645e+01 8.530643899403587227e+01 7.703911347128665454e+01 6.364344809631458588e+01 4.403198042691122538e+01 5.487293186827618285e+01 5.135391473368591875e+01 3.162452079554138606e+01 5.135393033510703731e+01 6.000839966409683512e+01 6.393104619131300836e+01 4.399022428099878113e+01 4.440013126448013026e+01 3.361071254558168420e+01 4.114684998390717396e+01 5.540620623307988524e+01 7.570579005373701875e+01 7.656374179948491587e+01 5.680043957819113842e+01 4.292705220791839338e+01 3.631873635335426798e+01 4.369586800924478354e+01
