MOVIE_S13_data/elevation_000174.asc
nrows	150
cellsize	150.0
xllcorner	0
ncols	150
yllcorner	0
NODATA_value	-9999
[rows 102 to 118 of 150, columns 37 to 73 of 150]
6.739355722485768752e+01 7.955147739415481567e+01 8.131421729113445451e+01 6.745851700681883756e+01 8.796855102185340058e+01 1.029531615223685890e+02 1.112831023289254659e+02 1.213187459664474375e+02 1.196387709082604118e+02 1.063696565262631140e+02 8.634221913965815531e+01 1.063696565262631140e+02 1.020363356762442351e+02 1.096299964084482923e+02 1.014756461882963521e+02 1.096339648139461502e+02 1.212679259241356391e+02 1.162607315374564365e+02 9.675789840019029953e+01 8.291683677587575119e+01 8.026451863414037291e+01 6.053851919392133141e+01 5.567157976409801279e+01 6.350024466280154201e+01 4.450713736581393931e+01 6.350025291427677843e+01 8.222007858007307846e+01 8.764955485286448322e+01 7.766723243122655163e+01 7.766723243122655163e+01 9.763187727287365192e+01 1.060476129233946949e+02 1.142979569331318572e+02 1.230981527558377024e+02 1.030733651336474423e+02 8.867920073283528382e+01 7.839869530218823002e+01
6.371771898707806514e+01 8.435955486771658229e+01 9.631100117753975098e+01 8.796855102185340058e+01 7.511583452342884470e+01 8.286635787896544514e+01 9.293365923838945264e+01 1.129726638063488764e+02 1.115368564386453158e+02 9.161752443186219352e+01 7.993225178917121809e+01 9.243776160688096866e+01 8.783635001222688743e+01 9.966167786870107648e+01 8.144087045541944292e+01 9.966277173905933751e+01 1.070766003829920976e+02 1.122141965067609561e+02 9.272926743712027076e+01 7.885241929266966565e+01 6.892658691386155567e+01 8.026451862003294480e+01 7.531855041131437645e+01 6.258119297588989127e+01 4.358300031940948571e+01 5.510747170485403501e+01 7.379553445074361662e+01 6.739663991325463144e+01 6.314242119870301906e+01 8.351474152136405849e+01 9.201842095766468788e+01 8.620733937632360266e+01 1.060476129233946949e+02 1.100028891272627902e+02 1.152048176355096416e+02 9.504894031365093099e+01 8.057479255911773919e+01
7.342285233331355698e+01 8.748686564440866675e+01 1.018490519693778680e+02 1.036884079040838742e+02 9.536106336884742518e+01 8.798386720507927805e+01 1.021749855799173758e+02 1.213187459562082182e+02 1.129031134331375483e+02 9.301316172184746733e+01 8.133554383639474850e+01 7.229115935041697583e+01 7.616230943585030388e+01 8.259492787105457978e+01 7.133229593002066338e+01 9.145792695261383187e+01 8.728739148914948487e+01 1.012164030189577915e+02 1.065525365101614881e+02 9.675906614808607742e+01 8.864434516167442268e+01 8.920873880948533952e+01 6.760847135276890185e+01 5.344970116869387056e+01 4.263741396887567703e+01 4.806893761695727818e+01 6.711946702263936970e+01 5.219040617736263243e+01 5.869150064677753420e+01 6.516535064627893803e+01 7.203296542251671042e+01 9.201842095766468788e+01 1.040100235820088983e+02 8.970336544865622841e+01 1.040100235820088983e+02 1.087020425397136876e+02 8.845295506532309560e+01
5.824690576864959013e+01 7.312467931943945132e+01 9.222245670244797111e+01 9.934413045009814880e+01 1.076559928400062347e+02 1.080554416858096687e+02 1.163936482080738415e+02 1.306123108210213388e+02 1.209999899488101107e+02 1.095744151696468975e+02 9.782347378822171891e+01 7.772633477644630773e+01 6.605764756828774864e+01 6.239140203016886943e+01 6.416178891974294629e+01 8.041577419724484344e+01 7.305452843218360215e+01 9.308351657983878624e+01 9.583212477169233523e+01 1.013602069212941359e+02 9.331048055086441195e+01 8.810105231691343874e+01 8.011490717145863982e+01 6.075608281512588604e+01 4.167787963965253084e+01 6.030133852583642806e+01 4.588058565598413452e+01 6.746590648787017130e+01 6.962027750231182210e+01 8.535660051042255247e+01 9.201840957955253941e+01 1.002525223419644504e+02 9.496013718025768924e+01 7.539176998668938268e+01 9.496013718025768924e+01 1.028291279992649265e+02 8.249814926106341773e+01
7.045491797829164682e+01 6.517273500976438072e+01 7.186650290192382329e+01 7.920099524865150897e+01 9.087967169196275563e+01 1.109067961429968392e+02 1.299578053183920190e+02 1.217999497563505429e+02 1.209183319617329602e+02 1.151139046441966940e+02 1.059999481285060909e+02 9.416215807744409005e+01 8.569511053379980581e+01 7.761560920813356290e+01 5.728144996777999864e+01 6.017555381394313940e+01 8.041607222481732720e+01 9.019008440509286118e+01 7.645952780301999496e+01 8.214019209950834011e+01 7.394808108065022623e+01 8.016363866227621315e+01 6.045735493354730750e+01 6.095391261237878666e+01 4.654367402111087415e+01 4.030361629638549914e+01 6.187429793013959056e+01 7.587268867255768612e+01 8.982864202762317518e+01 9.808346757704617858e+01 1.019059559613489654e+02 9.355036276894315961e+01 8.658966826822167207e+01 6.640453283302706211e+01 8.658966826822167207e+01 9.924401901693214256e+01 8.845295506532309560e+01
9.090402394905389372e+01 7.457122262034182825e+01 8.208072677404550177e+01 9.934413045009814880e+01 1.076559928400062347e+02 1.192299423843687691e+02 1.217999497563505429e+02 1.017418144198890531e+02 1.008157140860479331e+02 9.489320963946785525e+01 9.553525073447686111e+01 9.096813912791898815e+01 8.096367339624468684e+01 6.059754347151764620e+01 5.664204868949109795e+01 5.273802200176497479e+01 7.001308352254466172e+01 7.813326327425146189e+01 6.250261454379422332e+01 6.250271042027333124e+01 6.250261561035139124e+01 7.623706248321379064e+01 6.428546389876558464e+01 4.655141446063989008e+01 3.895721178822139308e+01 5.872462214521072355e+01 7.038302346047517233e+01 8.379100166059700427e+01 9.530736437784396742e+01 9.442274287050474868e+01 8.606279208700739503e+01 7.332281344384908550e+01 8.020656798280266742e+01 6.008085024683767017e+01 7.069040860012928817e+01 9.088820723060985074e+01 9.680118695481438351e+01
1.031756750014753550e+02 8.637209197568391517e+01 1.022689725933872040e+02 1.105899751526159491e+02 1.154300621696535956e+02 1.237338283384429047e+02 1.217999497563505429e+02 1.017418144198890531e+02 8.721372977418170080e+01 8.036456746515442262e+01 7.511119884751225584e+01 7.058939749369076821e+01 6.637127838816121539e+01 8.035574415441431029e+01 7.476084819535614656e+01 6.834793887431966652e+01 4.939152646788135570e+01 6.717253018988650126e+01 6.825211515829356301e+01 4.801306396010038213e+01 6.023375669385352182e+01 6.737987332862959988e+01 5.062898512872173740e+01 3.760932031032636047e+01 5.713356041334221658e+01 4.829686879286482792e+01 5.568944798351447645e+01 6.709571123337286735e+01 8.699081562670517087e+01 8.606279208700739503e+01 6.589784506539157860e+01 6.173606485539794875e+01 6.788732636984271096e+01 5.433330954954394088e+01 6.848339506743609206e+01 8.867293261656594439e+01 1.010226989423514539e+02
1.014835427872703235e+02 1.064493733873821242e+02 1.147684324593698193e+02 1.122053478270242834e+02 9.549493357584719888e+01 1.078329707796231958e+02 1.161239725625380999e+02 1.158498098691405289e+02 1.076167062419810918e+02 1.008157140860479331e+02 8.693048726715947794e+01 9.096829389357924356e+01 8.671893870856983710e+01 8.849977492037189108e+01 7.546623774350860003e+01 5.511210679961749292e+01 6.729362081391873573e+01 4.658273932586040189e+01 6.410558859840286061e+01 5.672987988917077473e+01 3.948635940196152916e+01 5.779656903125564327e+01 5.587682586705587795e+01 3.665124441029786340e+01 5.656143137543632093e+01 6.801315752438269158e+01 7.550301992205670842e+01 8.378619141248962876e+01 9.052561084720399265e+01 8.606279208700739503e+01 6.589784506539157860e+01 5.177439541038272353e+01 4.790444564017498408e+01 6.788732636984271096e+01 8.275858435645534428e+01 7.246713064857075892e+01 8.674491479546104244e+01
8.465463194329009866e+01 1.047777171258360909e+02 1.157186666453890211e+02 1.033047853753408276e+02 8.405928427476341369e+01 8.794592719720883167e+01 9.703753792945299494e+01 1.053080258003229801e+02 1.152680715907995506e+02 1.155292134003621101e+02 1.072895762236311725e+02 1.028690577358833593e+02 9.472398097716457244e+01 8.113248178565434898e+01 6.103297663775472159e+01 7.546623774350860003e+01 7.555897945804754556e+01 6.460866397246998361e+01 4.387386158395876379e+01 4.205048587493796930e+01 5.780297492084220323e+01 3.703230117430429402e+01 3.528535647577140821e+01 4.535171191605522267e+01 5.797254446258350669e+01 6.272025255041246794e+01 8.287124743181963993e+01 8.466714750519939514e+01 7.054576337087240745e+01 8.466708807962423577e+01 8.015900267447915439e+01 6.362696188342879111e+01 4.371833018968075635e+01 6.362696188342879111e+01 6.764452540113195766e+01 5.829121838331573002e+01 6.984963179109510634e+01
1.014835427872703235e+02 1.130937738549749270e+02 1.028192209770530070e+02 8.753402809260991546e+01 7.518386344955185052e+01 7.649347882669492549e+01 7.717830201705818638e+01 8.709681184731587678e+01 1.069782640201596422e+02 1.184885524558901864e+02 9.888028133896155225e+01 8.482887376335233398e+01 7.479606201795762388e+01 6.766074310367784506e+01 7.534999096087378234e+01 8.936503043750086306e+01 7.895312825068403129e+01 5.866699232345733606e+01 5.866699232345733606e+01 6.462497244246559092e+01 6.617944406836056714e+01 5.779458674345966074e+01 5.440763102650358007e+01 3.407806413338737173e+01 4.257652873161818974e+01 5.683520385289994437e+01 7.692992643849341050e+01 7.573357971760486862e+01 5.642259788799729137e+01 7.573357971760488283e+01 7.452823784462773915e+01 5.448284289736270836e+01 4.054800076137473042e+01 5.872201960373532614e+01 4.769319590851709023e+01 6.764452540113195766e+01 7.882373592784720984e+01
1.139837563320441518e+02 1.086191670723306828e+02 8.872761681052121219e+01 7.469904532316833468e+01 6.764430028805715267e+01 6.652613787675628032e+01 8.642232982031268307e+01 1.006440536540852548e+02 1.152680685897711470e+02 1.095908246748809063e+02 1.127355619886854470e+02 1.028690577358833593e+02 9.397942283767930860e+01 7.404565141420202679e+01 9.397942283767930860e+01 1.033800699141280290e+02 8.713858477381269552e+01 7.895312825068403129e+01 7.895312825068403129e+01 8.048784152938338821e+01 7.189081552894336369e+01 5.547186735597708207e+01 5.234155138654151784e+01 3.322891952303750429e+01 5.380715429858437915e+01 7.089023808903324664e+01 7.466109878285806190e+01 6.746424480370926346e+01 4.745316454472618517e+01 6.746424482137479117e+01 7.135878251047391529e+01 5.136691747088456594e+01 3.758716715625030957e+01 3.902532244968462294e+01 5.078592990314242428e+01 4.870168264126461821e+01 6.093201202624365465e+01
1.099166073958624139e+02 1.108056760487352079e+02 9.090116909097423559e+01 9.455371277732479030e+01 8.090411903206651800e+01 6.097297554603542835e+01 7.250258853526764824e+01 9.238082312136342011e+01 1.037275227227224406e+02 8.957676125188174865e+01 1.037275363720279415e+02 1.136510590959584306e+02 9.397942283757093662e+01 8.408231829034076554e+01 1.021104185014391703e+02 1.012815286570280620e+02 8.980632679591045076e+01 8.158383173230318164e+01 7.451998031312682258e+01 7.215263701534486529e+01 5.120689023881358537e+01 5.255683627739102093e+01 3.203414052798853362e+01 5.147862322980207495e+01 5.115598074618954172e+01 5.929583749105344737e+01 5.472455062218960364e+01 6.113350003459799353e+01 4.100019860867916321e+01 6.113615153904454758e+01 7.004911008913941828e+01 6.553679936231590375e+01 5.303615394038340725e+01 3.373678717248609615e+01 3.841968567121657685e+01 6.061849026088525960e+01 7.882373592784720984e+01
9.251489287501684089e+01 1.008807529277334964e+02 1.108056758193895917e+02 9.170247505261427534e+01 7.175755378223787773e+01 5.763471159199318095e+01 7.306509909103570521e+01 8.131826154965780518e+01 9.477455262318881068e+01 7.541576726954372134e+01 9.477456619412583905e+01 1.047839026411063088e+02 1.119703125538160435e+02 1.038765273712510009e+02 1.119703125538160435e+02 9.307305111976566536e+01 7.317313940185395893e+01 6.160424277529452297e+01 5.450757611005072079e+01 6.557016107467929089e+01 5.617388543636361220e+01 3.589712750233134386e+01 4.286110740023122645e+01 3.090478621421718586e+01 3.012162467614303196e+01 4.935850435046864249e+01 4.034378604944929947e+01 4.815936564043092005e+01 3.521198459320347496e+01 5.553594111274239253e+01 4.997970648999049104e+01 6.411072888133782044e+01 5.057770093185185090e+01 3.143539564608979475e+01 5.057770093185185090e+01 6.620953642779379322e+01 8.136889436374359263e+01
7.233343207104972805e+01 8.537966898064897237e+01 9.374392271356259698e+01 8.847635488365793321e+01 8.004504337073392151e+01 7.306205494546478008e+01 5.310062664153397094e+01 7.306509919766249084e+01 7.862418570726190126e+01 6.644502158213110476e+01 7.647322575443052983e+01 9.063311832901679566e+01 1.106474084233783799e+02 1.103271203228354551e+02 9.890893408657231589e+01 9.071030546759443780e+01 8.980632586096427872e+01 8.158383173215234763e+01 6.557016107467929089e+01 4.552553851792778516e+01 3.988971999754986797e+01 5.617388472898939256e+01 5.733022575071051818e+01 3.768262604228316093e+01 4.743417242049288518e+01 2.902305467216468315e+01 2.825215214208403935e+01 2.748407072805560247e+01 4.472964222932306910e+01 4.635361769633219353e+01 3.547417964359441811e+01 5.226764163502316762e+01 4.829888309702538152e+01 2.929208511972410633e+01 4.176811539116673089e+01 6.035889956875564621e+01 7.317885026699154594e+01
6.072980178354720948e+01 6.522768872897832182e+01 8.210221893888855504e+01 8.011656693357919323e+01 6.005859034928868567e+01 6.583747821413743395e+01 5.008693225858770859e+01 7.006016260016741626e+01 5.857775222048451269e+01 7.862418570829996156e+01 9.477456530164316462e+01 9.511334632594432037e+01 1.033812958944604787e+02 1.021520854608657061e+02 8.233195545310448438e+01 7.080015608129025395e+01 8.006849716437163522e+01 7.472386053549902840e+01 6.455071507131519581e+01 4.450263829469282939e+01 6.001078304184587608e+01 6.827332862337067354e+01 6.451685980075488658e+01 4.500193869992444462e+01 4.933709451352217457e+01 2.846496834788215580e+01 4.889969189948097750e+01 4.706617631882051711e+01 2.640784896684203886e+01 2.567349996469888751e+01 2.493987531332194152e+01 3.426753445230317396e+01 4.609586416633406003e+01 2.708781745026584531e+01 4.303897329603342570e+01 4.901349689680507282e+01 5.744512658485674450e+01
7.374491775764292356e+01 5.364714351383879887e+01 6.768521082237323583e+01 7.603557647431468069e+01 6.589188532055700875e+01 4.593010581731098085e+01 6.589188532055700875e+01 7.361266153679787294e+01 5.357072744418618981e+01 7.361266153679787294e+01 9.181848004625669546e+01 7.510870813072806129e+01 9.183906027292707108e+01 1.034068185518978140e+02 9.890891439995415624e+01 8.006849716133781669e+01 6.007545522737218135e+01 5.470761564676718791e+01 4.969270846150553922e+01 5.209610543719951181e+01 7.205481083587280011e+01 7.802062342982972609e+01 5.896149708152667301e+01 5.896128155241789415e+01 6.841200253431487965e+01 6.286392129568855580e+01 5.088466617893181621e+01 3.032539303279094867e+01 4.148968520364277168e+01 4.277568008281239287e+01 4.466228073499581797e+01 2.390650587482566536e+01 4.365548582239690489e+01 4.244664158038830237e+01 2.384629462565662195e+01 3.289048274003261696e+01 4.798223347965689811e+01
7.919131092184430543e+01 6.768521082237323583e+01 4.762762193856971749e+01 6.212223657754782380e+01 5.940662069411671098e+01 4.323292105537823460e+01 6.317541702349092247e+01 6.901479182799627665e+01 4.898635752286868694e+01 6.901006163538278315e+01 7.412700455646860576e+01 6.353211358248161389e+01 7.510872765337487067e+01 9.512295179557985136e+01 9.414498124521442435e+01 7.424380083941971975e+01 7.786453656623825736e+01 5.788583109874763011e+01 6.972049292231109519e+01 6.212671064603806315e+01 8.022348027343615229e+01 8.581303580239885775e+01 7.802062342982972609e+01 7.801596286444990369e+01 6.719034377675929193e+01 5.482167590740827023e+01 3.442980167245981704e+01 5.089883350306956800e+01 4.999054629941682037e+01 6.297914844028919390e+01 5.297204004941262667e+01 4.360842514848225449e+01 2.287948880205683366e+01 2.218992072149576344e+01 2.150698953335826502e+01 2.085782606683428142e+01 4.041302547524361444e+01
