MOVIE_S13_data/elevation_000916.asc
nrows	150
cellsize	150.0
xllcorner	0
ncols	150
yllcorner	0
NODATA_value	-9999
[rows 102 to 118 of 150, columns 74 to 110 of 150]
8.364813343140288282e+01 7.997775894173123845e+01 5.973014577523809265e+01 4.527882559937856399e+01 4.985551351473685600e+01 2.910880043452641175e+01 4.990954255106687754e+01 5.197910152103185055e+01 3.377442141850995228e+01 3.556495992980175203e+01 3.739644014205965306e+01 3.924911604097262341e+01 4.124425923970485997e+01 4.326529059753411843e+01 4.710859903881694066e+01 5.098712107217229317e+01 7.063226324524850952e+01 8.441879823993633636e+01 9.574251941232286356e+01 1.090153359588357773e+02 1.172528283383607715e+02 1.162882606950687290e+02 1.078952718833026267e+02 1.143103538174468667e+02 1.069613423167403994e+02 9.343171845182789070e+01 1.069613423167403994e+02 9.282646390163915839e+01 7.379865369604456760e+01 8.405015624071062064e+01 1.031728158734961198e+02 1.070623648721719121e+02 9.877297275454257885e+01 9.060148488147798673e+01 8.237452437006965056e+01 7.433254977009757170e+01 5.447830042900281455e+01
6.884896307945982130e+01 6.714531787301928034e+01 6.593790156082599196e+01 6.562878093293251425e+01 4.908697082809588608e+01 2.822481804885595835e+01 4.907750556025364119e+01 3.127583277639315895e+01 4.610189814083856419e+01 5.607720136339135308e+01 5.747049057593041255e+01 4.858227071908488881e+01 5.550967327924163897e+01 5.056318633440199761e+01 6.691968034071872751e+01 7.063226324524850952e+01 5.673629050607421931e+01 6.800518055042536503e+01 8.756380995673795553e+01 1.030144730852676673e+02 1.169915682175316789e+02 1.045325465997027550e+02 8.749275959937817504e+01 9.392394071394109289e+01 1.083036754792316714e+02 1.124425064893470392e+02 1.083298787839936068e+02 8.934215091777389262e+01 8.103478738141633642e+01 9.983268908967890809e+01 1.110424277919589287e+02 9.877297275454257885e+01 7.884379523454782657e+01 8.468091618668371723e+01 8.859666469321831528e+01 7.452679236108347993e+01 6.273859778984161295e+01
4.844826439611349400e+01 4.679979783876522248e+01 4.519230383635071036e+01 5.964622159505771748e+01 4.821920775713849139e+01 2.735054074300327542e+01 2.884098234675249017e+01 4.954240477909468865e+01 5.997630858171844892e+01 7.433166275856446248e+01 6.770641440006352241e+01 6.290875199944468932e+01 7.412890903259406628e+01 5.809338498029843123e+01 7.760730410284445213e+01 8.277959815568212321e+01 6.325569370070563480e+01 6.547064334370088545e+01 7.520361777655372748e+01 8.903737522790522974e+01 1.061826705309352974e+02 9.546580143722336231e+01 7.586100084783451791e+01 7.959733061768713469e+01 9.989498286788763437e+01 1.136387373964592911e+02 1.163674408311958786e+02 1.078203163096614787e+02 9.190973945744987361e+01 9.799636835826220249e+01 1.016507459065960290e+02 9.346308859681502668e+01 8.468091618668377407e+01 6.473672830765558217e+01 7.402029934371617514e+01 6.045692002506801543e+01 4.644265788453211741e+01
3.361698781717561957e+01 3.193390414060332105e+01 3.027974189392729798e+01 4.890956868965153603e+01 4.754345524971324011e+01 2.648611634391693315e+01 4.373317880088584531e+01 4.110266541271075624e+01 5.605183004308550920e+01 7.534813429688423980e+01 8.559364925700330673e+01 8.379912090329538898e+01 8.579825926990748997e+01 6.934621469971625629e+01 8.579825926990748997e+01 9.017712685223770563e+01 7.060510560468758001e+01 8.500981176725439070e+01 7.925543152476514308e+01 9.890211459172363107e+01 9.778028392231941268e+01 7.757086785029369480e+01 6.704115597982875840e+01 8.497345394170484667e+01 8.497345394170484667e+01 1.010054661964203149e+02 1.127442808260186524e+02 1.190320549367289260e+02 1.109095265411071551e+02 1.050290320235289414e+02 8.524638882460634193e+01 7.339953683745895319e+01 6.574649025313917150e+01 5.863723565594472831e+01 5.408182302729512969e+01 5.087052504333641423e+01 5.034157092720219850e+01
5.441911149270404735e+01 5.273855259679737628e+01 4.888403353551622388e+01 2.798697289334858596e+01 4.667577048356106673e+01 2.572997433050674232e+01 4.066135655193864551e+01 4.691453889613538308e+01 5.458632726874447627e+01 6.914273318807340729e+01 7.795846620397307447e+01 8.259838152500580577e+01 8.836339786643293337e+01 8.891436248746177284e+01 9.714849107021258590e+01 9.836424284680822439e+01 8.440968145883081775e+01 9.017712685223771985e+01 9.890211459172363107e+01 1.071082713819958059e+02 9.642571095166630357e+01 8.127936484593922728e+01 6.142089474325960907e+01 6.501461960973240650e+01 7.243362741870973309e+01 8.399017479838444444e+01 1.043446038854387581e+02 1.141530857329887567e+02 1.163730897462448297e+02 1.135320216148206924e+02 1.017073199016958824e+02 8.754607888279475958e+01 6.759998962047075111e+01 6.473672830765558217e+01 6.817985500109043073e+01 7.073524617627752775e+01 5.529902322148140570e+01
5.434082737666637541e+01 6.345192682270671725e+01 4.290029528922944735e+01 4.670227584847660296e+01 2.577668096801266984e+01 4.447599203648147181e+01 2.467221546896062279e+01 4.024846580695781029e+01 6.255888116471759730e+01 6.010809869420175744e+01 5.836173399191807931e+01 6.291288799920433661e+01 6.867863556190771135e+01 8.308507237414698920e+01 9.123464135583323298e+01 1.026084362824093574e+02 1.041009717412467666e+02 1.099067897509679881e+02 1.034313785345412811e+02 9.505368010016441360e+01 8.802665292095140614e+01 6.799778111161252525e+01 5.667859728511378137e+01 7.646297838730586705e+01 9.259296877282679361e+01 1.010054661964203149e+02 1.045432828773904106e+02 9.376761543781039165e+01 9.599981607282320795e+01 1.163730897462448297e+02 1.016285950657966453e+02 8.171290968745675798e+01 7.759086972397389559e+01 7.289098590409349754e+01 8.812037928596873826e+01 8.351786270545090929e+01 6.261992295684182608e+01
7.360964120383546572e+01 7.184126047210240529e+01 6.347011289226944086e+01 5.515558902259810736e+01 4.450479212799189099e+01 2.363333119445154651e+01 4.251633714179161672e+01 5.143800195646370099e+01 5.476492122826844877e+01 4.121711331116100752e+01 4.494988165362764221e+01 4.925942597734565709e+01 5.597902408861796175e+01 6.334568098494669641e+01 7.474844227324176416e+01 9.447312087393814295e+01 9.719642600579592795e+01 1.031280562135375050e+02 9.187724899732980077e+01 7.512965674635360358e+01 8.716366435566946791e+01 6.716003119647152175e+01 5.322234464152379019e+01 7.301895970043248951e+01 8.963183528358247543e+01 9.656918924922639746e+01 8.421325337077824713e+01 7.943607233726214645e+01 9.376761543781039165e+01 1.141530857329887567e+02 1.099167753451366565e+02 1.016285950657966453e+02 8.908311023326058375e+01 8.285258467134603677e+01 1.010948279530136347e+02 9.184414879882289995e+01 7.231780195061575967e+01
7.751798988550707747e+01 6.799817175957105064e+01 5.928721340071827228e+01 5.243034956929273704e+01 4.412077418519709227e+01 2.298103233166356318e+01 2.632473082519851104e+01 4.543136785533665289e+01 3.611488822703691426e+01 4.913092202631521843e+01 5.836173399191807931e+01 6.867863556190772556e+01 6.291288799920433661e+01 8.259838152500580577e+01 9.123464135583323298e+01 9.129354929737503710e+01 7.701678164495788792e+01 8.292726263631440986e+01 8.300689590885335178e+01 6.382672958783483352e+01 8.300689590885335178e+01 6.976441623261544578e+01 4.989953052208405637e+01 6.134945534878140450e+01 8.125946657178523935e+01 7.636681772643055410e+01 7.006789034811623651e+01 9.016778115154237128e+01 1.081465686162472224e+02 1.083314271632436601e+02 1.167223396429034494e+02 1.173023002985493974e+02 1.090007327814030162e+02 9.692904348862369091e+01 1.110718420952644152e+02 1.008746018289445630e+02 8.672013068679727610e+01
5.910916377735993876e+01 4.591868113331494783e+01 3.825809207900721987e+01 3.251014696037955787e+01 2.739288087644948533e+01 2.234276606220379335e+01 3.990970357822054382e+01 3.113746329891543851e+01 4.186353972530279322e+01 6.069864054163511469e+01 7.649561765325771034e+01 8.610892200071965874e+01 8.259838152500580577e+01 9.074812880094337686e+01 9.793906364230903705e+01 8.292726263631440986e+01 6.295030678202366659e+01 8.059307786927898576e+01 7.472978374763361842e+01 5.501255639739127901e+01 6.543499363726485285e+01 6.243818843132093832e+01 4.671329222786062729e+01 6.669919782081835535e+01 7.545775373847473588e+01 6.238232874047523069e+01 8.228395534940743516e+01 8.649328816862329461e+01 9.169691533547447193e+01 8.795839411408061892e+01 1.049324696731632116e+02 1.133382706429569566e+02 1.235276221455306001e+02 1.168950285949300820e+02 1.209408669075320688e+02 1.126580866716666094e+02 1.067232278260268998e+02
7.751822492809529308e+01 6.799973221006045776e+01 5.928721336930389896e+01 5.280823800217361708e+01 4.225158669120328625e+01 2.170983456394881372e+01 4.171992933470399834e+01 4.953368667661452207e+01 5.733913989534431010e+01 6.859370153015748883e+01 8.021442919586660025e+01 8.851612427315177456e+01 8.819846383462116535e+01 8.026822416027317786e+01 8.819846383434254733e+01 6.949793456256242052e+01 5.544046955856353520e+01 6.060721305441352058e+01 7.477620099280866839e+01 6.543499363726485285e+01 4.545741725212449325e+01 4.219171055601415077e+01 4.671329222786062729e+01 5.118480872473174514e+01 5.565494189276692083e+01 7.545775373847473588e+01 7.963404103486742258e+01 6.649531813273004843e+01 7.154335397838761423e+01 7.780340641121352974e+01 8.450202059903082841e+01 9.470778397207803323e+01 1.151571553742483474e+02 1.268227139636375824e+02 1.067909059413720740e+02 9.262416038434598420e+01 9.998751916289580777e+01
8.097834970162043078e+01 6.841736846655967952e+01 6.028990046566030259e+01 6.164800906207322839e+01 4.378307777394520173e+01 2.107684527516098782e+01 3.330341953525737608e+01 4.642624565063977116e+01 5.936380992980573268e+01 6.623821057869402296e+01 6.044907144826211010e+01 8.021442921111055568e+01 7.854424620402357959e+01 6.089221282085833309e+01 7.854424620402357959e+01 8.059307786927898576e+01 6.060721305441352058e+01 4.634855835238255395e+01 5.935013755009011049e+01 5.718227228748858693e+01 3.923742566857061576e+01 5.974582180722254066e+01 4.666443811483396331e+01 4.985159512989201147e+01 5.309026348264911377e+01 5.640291150807941278e+01 5.981625494703943247e+01 6.630581352496344039e+01 7.324189644779013975e+01 9.343885958757921628e+01 1.049324696731632116e+02 1.133382706429569566e+02 1.235276221455306001e+02 1.180029976943258134e+02 1.097165805350807375e+02 9.998751916289580777e+01 7.996420570628282576e+01
6.986407239066075192e+01 6.030628343645376077e+01 4.157892738283204892e+01 4.703381197887163268e+01 3.441817997757033254e+01 2.044382702706309374e+01 2.507253694589482862e+01 4.429791280260578645e+01 4.026203815671028252e+01 4.683050581801687429e+01 6.623821057869382400e+01 7.417097406243361490e+01 6.617649591459354497e+01 5.093656201123174299e+01 7.058021849056575547e+01 8.185650611120638587e+01 7.059307134859733424e+01 5.924746592707290915e+01 3.877724904154832331e+01 3.641671211942864517e+01 5.718227228748858693e+01 6.806051465125669608e+01 6.081300538674924638e+01 6.387265050762433560e+01 6.702919747580618548e+01 7.030624448565140483e+01 7.373208503252681112e+01 7.593181787493044510e+01 9.343885958757921628e+01 8.594566833778773685e+01 1.003640539465583288e+02 1.207427557680743746e+02 1.238856656009711372e+02 1.038475533343708435e+02 8.968299208002007106e+01 8.211933197215780922e+01 8.997586243458938782e+01
5.006912567963502880e+01 6.409014497835768509e+01 4.705995384658391600e+01 2.884189635292639053e+01 2.826411816225253659e+01 1.981700241569871679e+01 4.190903969192259382e+01 3.194868737732157271e+01 5.083784104572985285e+01 6.623821057869402296e+01 7.278267299669910528e+01 6.232992920532326053e+01 4.635858146078544451e+01 4.373297057144600331e+01 6.363513713864772825e+01 7.358185756465665861e+01 5.426683819168769674e+01 4.256715554201821305e+01 3.374736036393960603e+01 5.462623075582357757e+01 6.551288922851676944e+01 8.117479202659198734e+01 8.074830989876991794e+01 8.382738799255373863e+01 8.703009474704201409e+01 9.037486479932010752e+01 9.388262326024735671e+01 9.610704501050173576e+01 1.045092170081400553e+02 1.063328375183017158e+02 1.147300353306989678e+02 1.099898525085697116e+02 1.183883146462243445e+02 1.180029976943258134e+02 1.097165805350807375e+02 9.213196390216886300e+01 7.211635742953056649e+01
3.566241169459834026e+01 4.822535405357004379e+01 4.319642860709768684e+01 3.920317156013052085e+01 1.893085236774592772e+01 3.860889152545392022e+01 4.422161379791607061e+01 5.006431986585743488e+01 4.518052782676345913e+01 6.449580334617040478e+01 6.496171549092744613e+01 4.583679898837105071e+01 3.445773523874392197e+01 5.473461766990998001e+01 6.609632819410290949e+01 7.184957156396316691e+01 7.059307134859733424e+01 5.296931443463571298e+01 3.219484175564481632e+01 5.296931441170963950e+01 5.271461349680682673e+01 6.694923713635287754e+01 8.702859742231275675e+01 8.830974002109228138e+01 9.090885786768656374e+01 8.495131321307603400e+01 7.671063934696388742e+01 8.087397867629887571e+01 8.536341875632949439e+01 9.027941542737833913e+01 9.577198255884501066e+01 8.988274799761208556e+01 1.099898525085697116e+02 1.189653278895156632e+02 9.893039533930911489e+01 8.477095303391530479e+01 9.213196390216886300e+01
4.822535405396886432e+01 2.734973259973116200e+01 2.188943118079994576e+01 2.006665312911391297e+01 1.830735194472046956e+01 2.427714213415709210e+01 2.407950451390137303e+01 4.706052628511495328e+01 6.449580334588149810e+01 7.275678249321822477e+01 6.308040032641390837e+01 4.375815812715386244e+01 2.920342934339959129e+01 4.965796114849113252e+01 4.641570876189133088e+01 5.218002914225269961e+01 6.572009738923078714e+01 4.537949246025371508e+01 3.071698139235517644e+01 3.803439092428200752e+01 5.271461352040743265e+01 7.283037429042613553e+01 7.387070378941184856e+01 6.860035027456203238e+01 7.118284706139493778e+01 7.118284706139493778e+01 5.716694229638126501e+01 6.134618627249396638e+01 6.579440313439475574e+01 7.061542874318254803e+01 7.596825013241419811e+01 8.470051274812028907e+01 9.618100834036341951e+01 1.164057495975679757e+02 1.130864144453442321e+02 1.047984912226495453e+02 9.443481186526977922e+01
4.606506064452022997e+01 2.489975163600721686e+01 4.319898269913803546e+01 4.132257371164384097e+01 3.775303214753378001e+01 1.747716933159150088e+01 3.744757313345489536e+01 5.083203723572211175e+01 6.011587325145466565e+01 5.977608652839217029e+01 4.810657676914686931e+01 3.999408732556806001e+01 2.486343624839214073e+01 4.232108025487020342e+01 3.209021760861455164e+01 5.160880594453690406e+01 5.611201726012777868e+01 4.774962889135220934e+01 2.924976261453566195e+01 4.976847749778017516e+01 6.694484543476259830e+01 6.812295718662237221e+01 5.414152471260960198e+01 5.469852868081305530e+01 6.627219521241671885e+01 5.154023966548194835e+01 6.543111507513133063e+01 8.087397867629887571e+01 8.536341875632949439e+01 9.027941542737833913e+01 9.577198255884501066e+01 1.041355313219180942e+02 1.131237472813267289e+02 1.248125081196280206e+02 1.175666840048350110e+02 9.753020000291623148e+01 8.596952075471830312e+01
2.812661597196450458e+01 3.321865831108033262e+01 5.283876982019876323e+01 5.141088143091401008e+01 3.125797257074966140e+01 1.689198955125082335e+01 3.632530204616645619e+01 3.149302427969278284e+01 5.143249169930848552e+01 4.681149950108753899e+01 3.255670170495557869e+01 1.967843419020313434e+01 2.069864709384361134e+01 2.175846361220295933e+01 2.282613837805725865e+01 4.343549559511718883e+01 4.612548051801513793e+01 2.709170245884920547e+01 2.893772625658341013e+01 4.965083988923674951e+01 5.386946148378323329e+01 5.571201967179796810e+01 3.981477394387817981e+01 4.304417316051458897e+01 4.645347839676727375e+01 6.627219521241671885e+01 7.939443902973711431e+01 9.335776298434298326e+01 9.457654404974654483e+01 9.677027712061828879e+01 1.051164359149520351e+02 1.019463055024140061e+02 1.103282553046728225e+02 1.219894857337787641e+02 1.258452863772677972e+02 1.142857007706020909e+02 1.059986145727134925e+02
