MOVIE_S13_data/elevation_000057.asc
nrows	150
cellsize	150.0
xllcorner	0
ncols	150
yllcorner	0
NODATA_value	-9999
[rows 85 to 101 of 150, columns 111 to 147 of 150]
2.252385439899289210e+01 2.154445169062367427e+01 3.982246475232949479e+01 3.404332954950728407e+01 5.379670637362161756e+01 6.844983652415953657e+01 7.336004222993005897e+01 5.968377906581540060e+01 4.742814493587071922e+01 2.802632985480083860e+01 4.742813704309569545e+01 4.445804803534603877e+01 3.400737977038605209e+01 1.496662828544298485e+01 3.291695929758896000e+01 3.187357145154251725e+01 2.815060277269630262e+01 3.204270074257178891e+01 4.480036655195530670e+01 3.218061924490239534e+01 1.373988351778015193e+01 2.835634138523953496e+01 3.108331577171968974e+01 3.985219748188676192e+01 4.019001305805374358e+01 3.209996618231338061e+01 2.477272617248299014e+01 7.245388072061882845e+00 8.027285927415301003e+00 1.135609722618408313e+01 3.047753010854165368e+01 4.222945266719882795e+01 2.347324780384353460e+01 2.944550882426530336e+01 2.575696529515587230e+01 2.339527385005306215e+01 3.464507565314723792e+01
2.886963435789703070e+01 2.724473786895766025e+01 4.701790573180930721e+01 5.380420998274635025e+01 6.209970527211256552e+01 7.547898597795177977e+01 5.618676172242172839e+01 4.600750090889594901e+01 3.236251508329340965e+01 4.742814493587071922e+01 5.547800077121436146e+01 3.659912021208543820e+01 1.676287255727708825e+01 3.482593243257074533e+01 2.490683012621557069e+01 4.473648830896056694e+01 4.826123142426965273e+01 5.178356733036773818e+01 5.280016677170694805e+01 3.539326204425873357e+01 1.631097256811570873e+01 2.720388410643581878e+01 4.657394150758788953e+01 5.312278167008810215e+01 3.158504202915916181e+01 1.689642311912421135e+01 1.084292586185796026e+01 2.513113738802884001e+01 1.971322053105766869e+01 3.051240232899265692e+01 1.975549877831636536e+01 3.919992330077740661e+01 3.542291527306561250e+01 4.975025866477356118e+01 4.393861643956925889e+01 4.608272818400042325e+01 3.831150650459324680e+01
4.766177085433577787e+01 4.702005812438752486e+01 3.681521196294944076e+01 5.123899424102448563e+01 7.152261972013606339e+01 6.907056174125470704e+01 5.618676173808875518e+01 3.703675177006230257e+01 5.111464268487392815e+01 5.968377908213085448e+01 5.189687187574265437e+01 3.204677615985136896e+01 1.802391684906147162e+01 3.786073458783387480e+01 4.473696432896694830e+01 3.744495815974232755e+01 5.728475117736626032e+01 5.918835367450323304e+01 3.935729360605328253e+01 2.572321737072202552e+01 1.993498123313788639e+01 3.925783224704378682e+01 5.493082681642042786e+01 4.960327982378582590e+01 2.949954158138482541e+01 3.429238515146946042e+01 1.465727255754473290e+01 3.429238515146948174e+01 3.939731748312836146e+01 4.617829862863963086e+01 2.656981088961914850e+01 4.615045369154439214e+01 5.321830091836377363e+01 6.028396971304405838e+01 5.359703738429835340e+01 4.416937089749863077e+01 2.416937087584421917e+01
5.038184047665133392e+01 6.470896151156864562e+01 4.768200452608211037e+01 6.556978945059576347e+01 7.484707859345600411e+01 6.111483095121459996e+01 4.212307260888946558e+01 5.618344210657598836e+01 6.402613091789896771e+01 6.267279000752159845e+01 4.143521501728202594e+01 3.910434923258689821e+01 1.929685363428617251e+01 2.002690928382966362e+01 5.712115813353246097e+01 5.146061039157743977e+01 6.554243216733679844e+01 5.918835367450323304e+01 3.935729360605328253e+01 4.329081912640878471e+01 2.394929351726463906e+01 4.329081912640878471e+01 6.142933446396994412e+01 4.960327982362645116e+01 4.960327982378582590e+01 3.939318204787470279e+01 1.961456276646797647e+01 3.066790803942648935e+01 5.039752267621305037e+01 5.465591706699736818e+01 3.771933926383744762e+01 5.465591706699736818e+01 5.575554421380368098e+01 4.747120172574947361e+01 3.238386124734910965e+01 3.384411029534378912e+01 2.869265247141888509e+01
6.017763874970384563e+01 7.457477688022473217e+01 6.903931772374173192e+01 7.762523547676731539e+01 6.681189023427796769e+01 4.791783527483699601e+01 5.219272351041153257e+01 6.914427591159609676e+01 6.750251853713842820e+01 5.755931351929770301e+01 4.102021969584469474e+01 2.111699962876465619e+01 3.903785044363551293e+01 2.986661934120759199e+01 4.371829456571474282e+01 6.374465224513889439e+01 7.962425394422183444e+01 6.778408466663213972e+01 5.918835367450323304e+01 4.885818713970025584e+01 2.957225861279105317e+01 3.360155592760284549e+01 5.298008232527917016e+01 6.939312675312048384e+01 5.187755699577854074e+01 3.213802699631750670e+01 2.768604965716582811e+01 3.939318204787470279e+01 5.848697566382676882e+01 6.634042734896721072e+01 5.773345201053971465e+01 5.902103234803780651e+01 3.901613889141955127e+01 2.744233286531497740e+01 1.981256745628685678e+01 1.367308383381039505e+01 8.580649746137243739e+00
7.756541526046522961e+01 8.520335366415091016e+01 8.665388032937563878e+01 6.746397828449721601e+01 5.426732894623573600e+01 6.681189023428709106e+01 6.513156832751357683e+01 7.837022348468600796e+01 5.695690773511991978e+01 3.875793193820777560e+01 2.921710035035112796e+01 2.242448509600698259e+01 4.227828110232503889e+01 4.972116015602815509e+01 4.972368859855500034e+01 6.955935825346465151e+01 7.265759635837243025e+01 8.089266950970871051e+01 6.504964078023427021e+01 4.521924097361557671e+01 3.679997319843296566e+01 5.298008232527917016e+01 4.713796322741766431e+01 6.708420548433529973e+01 5.995587866366933127e+01 4.614146072511250907e+01 3.762327768419861229e+01 5.556263391233224525e+01 6.712402260969322754e+01 7.473998193080487340e+01 6.635648727620852583e+01 6.730402560577446991e+01 5.575554421380368098e+01 3.990100086194449602e+01 3.990100086194449602e+01 2.501721025885206373e+01 2.869265247141888509e+01
8.128884135949439838e+01 9.466252273930503236e+01 7.546316715791360252e+01 6.238136322755854479e+01 6.499893611195717824e+01 8.112610706274995209e+01 8.436925579011642640e+01 8.419655697505831426e+01 6.747282221951442693e+01 5.754732560342434056e+01 4.926281865359936063e+01 4.229125226809276938e+01 2.433733582445227128e+01 4.419758678389949580e+01 5.410539279668363832e+01 5.864175193844088341e+01 5.283619909159401118e+01 7.265759635837244446e+01 7.365585538149954914e+01 6.469258154476202094e+01 4.624683378673348244e+01 6.469258154510055192e+01 6.708420548433529973e+01 7.572070588847385864e+01 7.377029660222611085e+01 6.537399362437093941e+01 5.731653965121282823e+01 6.537399362437093941e+01 7.919388464987743248e+01 6.635648727620852583e+01 4.629368710403084464e+01 5.216994522487105712e+01 5.639682362657816128e+01 5.991341521700049810e+01 5.333145149165082444e+01 4.504649489642743276e+01 3.424067806443743223e+01
7.739354899160551327e+01 8.719205572863296538e+01 8.768664094058082981e+01 6.911444171173947382e+01 8.412957185197784327e+01 9.224176613114970280e+01 9.001800007617129040e+01 7.015543508530784322e+01 5.615322094453869539e+01 4.627548014948136768e+01 4.673327240073582090e+01 2.638906952822240370e+01 4.292461709193230490e+01 3.009558849295012095e+01 3.433125844357672207e+01 3.886834218808999708e+01 5.864175193844088341e+01 7.531661168896040692e+01 8.524378864891941987e+01 7.478089598137891869e+01 6.612329025449119513e+01 7.478089598137891869e+01 8.276942233788706460e+01 7.449006084985651910e+01 7.464788039149657095e+01 6.637071354566656112e+01 7.464788039149657095e+01 7.325577399114972366e+01 5.892195858979999201e+01 6.714847972904192375e+01 4.638982695469202611e+01 3.234291367440813048e+01 3.644516150476921013e+01 5.060394102492367097e+01 6.144184177699170846e+01 4.805817870670927761e+01 3.651117332278004568e+01
5.695517733376621550e+01 7.855162207459821389e+01 9.522946517599285698e+01 7.747382148449445083e+01 9.522946517599285698e+01 9.586241978706891587e+01 8.431482288398385094e+01 7.603152859131013486e+01 7.428076814577512721e+01 5.463975451987421650e+01 3.487166461052033384e+01 2.784889729845414053e+01 3.316617929577618185e+01 4.988953591014548294e+01 5.410539279668363832e+01 5.864175193844088341e+01 4.728391063586347798e+01 5.716549206324862809e+01 7.700438524659936945e+01 9.014479888086431458e+01 8.186304179100190481e+01 8.186304179100218903e+01 7.449006084985651910e+01 5.451680152986667593e+01 6.036683374229429688e+01 4.639873735981075953e+01 6.466030009128958511e+01 6.312520889101258348e+01 4.460220887291465175e+01 6.170138088623563988e+01 5.681775147759441325e+01 4.228886804430427304e+01 2.246353324886112901e+01 3.314145734064777571e+01 5.309018685912227653e+01 3.977390745896406088e+01 1.977390745896335744e+01
7.739354899160551327e+01 7.924359857870624069e+01 1.021507002594909181e+02 9.343778159746941014e+01 1.033159747691293262e+02 8.757729346445961482e+01 6.757960027831829564e+01 5.610093624645128330e+01 6.452455678845127807e+01 5.270560692846038364e+01 3.290398550948160761e+01 2.957656274769048466e+01 4.938773901332693583e+01 4.091119322738117603e+01 6.042432154930216370e+01 7.531661168539692142e+01 5.869772513784275958e+01 7.531661168896597758e+01 8.524378864902777764e+01 8.186304179100191902e+01 6.189140452363795220e+01 6.189140452363794509e+01 6.240565749056524680e+01 5.756175037176447518e+01 4.038417056592020771e+01 3.639637148311812354e+01 5.638472545273858572e+01 5.472764609606971220e+01 3.450654603726229652e+01 5.386313770740164131e+01 4.802415382555864198e+01 2.693314331104079073e+01 1.693227710367985495e+01 3.063608418080022133e+01 3.888287799463228822e+01 3.822704096765762216e+01 3.651117332202964860e+01
7.623131626941516004e+01 9.666798246476238887e+01 1.137987599126411737e+02 1.004619680386786058e+02 9.045142877386976465e+01 8.216419245003832827e+01 7.550514941019324056e+01 6.452455678845127807e+01 4.467456750875945914e+01 3.809822870253307059e+01 5.111067493901266801e+01 3.131335585626344198e+01 5.111088763770611365e+01 6.042432154930216370e+01 4.969753492650676208e+01 6.910247422217631197e+01 7.854208538622128799e+01 8.678194742792516081e+01 9.079962606698478567e+01 7.081681613923157670e+01 5.670450125933201946e+01 4.777808143705722443e+01 4.243371679906830707e+01 3.757712242928860746e+01 3.309680588494229170e+01 2.882573607632894053e+01 4.411482578995529025e+01 4.788401946317273428e+01 2.781686080820478679e+01 4.666665288222772290e+01 5.501481410842151121e+01 4.465409774794843401e+01 2.482963284280051042e+01 1.076412567247943564e+01 2.545844555338636894e+01 1.822692835429323921e+01 2.272398517726995593e+01
8.273562172689420890e+01 9.116066282929767794e+01 1.013436981069402378e+02 9.218048895170382195e+01 7.214789602746698449e+01 6.218706336154030367e+01 5.557521530605132654e+01 4.960999658518387889e+01 4.467456750875944493e+01 5.790787934628575329e+01 5.285315772189089500e+01 3.306477409394972256e+01 4.703470627225630096e+01 6.689975998571735261e+01 6.910247422217631197e+01 6.011068133321099793e+01 7.375413677991029715e+01 9.312603032358954636e+01 9.665686624368127866e+01 7.666964565990858205e+01 7.601810170262469057e+01 6.774096164785082408e+01 6.240565749056524680e+01 5.756175037176447518e+01 5.309305171332265871e+01 4.411482578995529025e+01 2.410678183193995849e+01 3.957574353618603880e+01 2.204209786381267477e+01 3.474464050975805662e+01 4.304313334052346818e+01 3.724218223990485654e+01 2.685019245991776415e+01 6.841824652225517944e+00 5.458395724493089851e+00 4.084790085006194005e+00 2.723962450126645063e+00
6.240928474689947336e+01 7.254172484883939376e+01 9.292957226268072191e+01 1.004619736727052128e+02 9.045142877386980729e+01 8.216419245003832827e+01 6.582919122328377171e+01 6.949604817362170195e+01 6.452453527235380193e+01 6.598073334502795717e+01 5.462278000162896774e+01 3.483780233696830209e+01 5.462267408919903744e+01 6.737620394250366473e+01 7.888348918815376010e+01 7.942803303443004381e+01 7.586844147318295484e+01 9.526639917469653085e+01 8.540588001621053138e+01 7.711877035969973804e+01 7.671002245369896855e+01 6.842683690849817424e+01 5.688456607824256395e+01 4.860482037147881584e+01 4.621331374037688988e+01 4.388718322681467754e+01 3.958444390440859451e+01 1.958317648861006077e+01 1.664107645293560367e+01 1.488822046322382242e+01 3.265242707778308784e+01 2.895794142299430263e+01 8.950009768311538494e+00 2.684566951679304125e+01 2.545844555338636894e+01 2.408482571434606712e+01 2.272398517726995948e+01
7.554912619579116040e+01 9.116066282929767794e+01 1.013436981069402378e+02 1.122199423699639311e+02 1.039161340266291091e+02 9.409128008458040426e+01 8.581169056264339190e+01 8.327070816084675187e+01 6.916164999108384848e+01 5.771441463858885612e+01 3.791829350375677166e+01 5.462268587679714216e+01 3.930128070265288898e+01 5.070000257210443095e+01 7.059390850110619908e+01 8.553984256378285522e+01 9.526639917469653085e+01 9.036635845581037074e+01 7.711877035969973804e+01 5.714429867145987174e+01 6.299468597832660066e+01 4.844723589470288516e+01 4.860482037147881584e+01 2.859604035713740799e+01 2.620318244912163408e+01 2.387664945563879471e+01 2.158753667550561772e+01 1.919588818379630624e+01 1.665403354480512732e+01 3.265244239577131680e+01 1.264512732126224570e+01 1.110666540800477797e+01 2.895803090870581542e+01 2.309768473025534874e+01 4.310678386474452850e+01 4.051418619433270152e+01 2.051418619433341206e+01
9.470875343020080095e+01 1.043078209464709118e+02 1.083805188538921982e+02 1.039161340266291091e+02 8.384410835149546415e+01 8.972306855956992422e+01 8.791238442527780705e+01 7.247668532379850603e+01 5.505259120282125451e+01 4.106855483358751258e+01 5.771441463858885612e+01 6.406964400306492280e+01 4.422363473838530012e+01 4.586896186516904805e+01 5.729932690449486188e+01 7.724119929941177531e+01 9.183787344574251676e+01 8.207657440064362220e+01 6.209610036680577849e+01 5.057558904542092648e+01 4.302259165636890259e+01 3.746800349246120732e+01 3.211066181923609264e+01 4.860482037147881584e+01 4.035872199378344050e+01 4.388718322681467754e+01 2.619348623694869715e+01 3.934003933844072520e+01 3.909937497993625044e+01 4.020822917568932553e+01 2.020637515067193846e+01 3.111437029158014411e+01 3.939930559203548199e+01 4.310710140768244258e+01 5.139336171731824976e+01 4.879845744179370826e+01 3.725145205800199477e+01
1.028671990298953318e+02 1.048121244921830169e+02 8.830882237736862805e+01 8.830882237736862805e+01 8.972306855959165262e+01 6.969418384800614774e+01 6.791979120441627060e+01 6.419615851363468551e+01 4.434767752161380372e+01 6.088807834829528787e+01 6.916164999108384848e+01 6.938484360367624504e+01 4.949726308272001774e+01 6.572775390406128793e+01 5.362253864633168376e+01 6.354715493041839380e+01 8.353292730149767920e+01 8.686132398441343128e+01 6.687289778800791851e+01 6.968137662588320325e+01 5.632800349001784213e+01 3.633714751542476762e+01 5.211356099836838496e+01 6.039249585679428378e+01 6.034754853716035683e+01 5.120355903130359820e+01 3.120282004772517936e+01 5.120355903130359820e+01 5.933421818457033936e+01 4.848638140227168947e+01 3.176217899706656311e+01 4.848638140227168947e+01 5.669377480751064979e+01 4.841870522828764933e+01 4.841870522828764933e+01 4.920149910493439904e+01 3.415659568244711863e+01
1.080999102125562530e+02 8.801367806141941230e+01 7.643127394739138936e+01 6.828412262974826774e+01 7.935350440442832110e+01 6.217547153387642567e+01 6.791979120441627060e+01 4.804101125734281652e+01 5.059147774552735655e+01 6.419615851363469972e+01 8.416745771946513344e+01 7.513785714107692115e+01 5.520883365425798672e+01 7.513785714107692115e+01 6.063185508770558130e+01 8.059976247621968071e+01 9.183787344574251676e+01 9.515204821507172994e+01 7.552461900720925314e+01 5.555178119734939912e+01 4.142656644584742764e+01 4.301296604095256981e+01 5.266239725186341047e+01 7.263808084703222789e+01 6.751965627078445209e+01 4.753659985560372547e+01 3.828322650950138950e+01 5.120355903130364794e+01 7.118831223643644535e+01 6.016963148342286871e+01 5.178414867391033738e+01 5.504530126861913431e+01 4.841870522828764933e+01 2.842233053138737020e+01 2.842233053138737020e+01 3.043057890459278525e+01 2.092191809410353542e+01
