MOVIE_S13_data/elevation_000070.asc
nrows	150
cellsize	150.0
xllcorner	0
ncols	150
yllcorner	0
NODATA_value	-9999
[rows 68 to 84 of 150, columns 0 to 36 of 150]
1.785472517327646447e-02 8.182821206513260393e+00 2.818331892219552515e+01 4.318257560717630383e+01 3.506476174244689759e+01 2.448609913669204730e+01 4.449887453697350281e+01 5.673720035112025784e+01 4.819141328225150289e+01 4.177985162484348791e+01 5.279107734836250643e+01 6.132724676929167629e+01 7.148309034790385397e+01 7.758587961218705686e+01 6.119475177146602363e+01 7.416909297060038853e+01 8.737507978909471262e+01 9.166792674491044579e+01 8.336620861267144278e+01 6.801092966237946769e+01 8.652603333653959794e+01 7.676986995152938675e+01 5.990498899345050887e+01 3.920353224465461039e+01 5.990446241380070802e+01 5.702473978882790107e+01 4.196852641761797287e+01 6.265484168455165559e+01 7.717729114363541498e+01 7.993057521403444809e+01 7.437217557964901005e+01 5.562248295164596357e+01 6.943960637843061079e+01 6.757354496664720500e+01 5.912465839624557162e+01 4.120337147161014713e+01 6.189517722053623316e+01
6.217744477647316192e-02 2.006217744477611831e+01 2.232515568274452278e+01 4.232743228035092642e+01 5.278141171949252453e+01 3.863533781591777938e+01 3.863533781592001048e+01 5.865470445825815915e+01 6.995442732203402159e+01 6.367029239155730380e+01 6.827593274510648769e+01 6.338375869406448260e+01 6.749703785119262989e+01 5.928646688999479153e+01 5.081443871323434536e+01 5.124462852905659105e+01 7.602349446966283608e+01 8.911144017733228395e+01 9.665227978277427212e+01 8.250368630601711573e+01 8.281857900533037764e+01 6.233304413412292178e+01 4.768850189438255427e+01 5.990498897848808468e+01 4.577586379895274149e+01 6.643936034676509905e+01 6.265484168455165559e+01 4.809916243698141614e+01 6.274342265531332430e+01 8.322424569973581754e+01 8.467162026277107145e+01 7.620219534220541391e+01 8.462610705351231388e+01 7.394488938024429103e+01 4.377582792445720372e+01 4.501490412678889896e+01 4.882364317103509421e+01
7.615112199268188331e-02 1.421828674583721330e+01 3.421828727334692388e+01 4.232743230937727219e+01 6.233226188379359911e+01 5.865470443296544545e+01 5.865470445825815915e+01 6.692749462204282906e+01 6.501968025667707707e+01 6.257886781346825700e+01 4.864379615693400893e+01 4.376535561938357688e+01 5.328079330138432823e+01 3.982586026646419697e+01 4.529478909740299031e+01 5.668530062255969426e+01 6.091445142116737799e+01 7.491213312420205739e+01 9.502383859968969659e+01 1.025756449885923587e+02 8.281857900533037764e+01 6.233304413412292178e+01 5.806629186510422613e+01 7.129983694391702898e+01 5.067858113894111227e+01 7.129983695096439078e+01 7.717729114363775977e+01 6.007341216667057182e+01 5.568724484635333027e+01 6.762095002381529696e+01 8.803963848680518822e+01 9.328586496722812171e+01 8.151780509604263614e+01 6.687191082913194862e+01 4.590998363201246946e+01 6.396106485182417600e+01 6.938390895927805957e+01
5.080276927167222401e-02 2.005080276927131777e+01 3.053677296067748870e+01 3.656699990860257543e+01 4.363806782237755755e+01 5.192234670788754869e+01 6.346935755921084166e+01 6.501968025667707707e+01 4.543939949580867221e+01 4.903244796915199544e+01 3.490767105859887920e+01 2.996583632534000330e+01 3.383101161534522561e+01 4.501387350084475969e+01 6.457361575984110402e+01 7.237790739842230892e+01 8.037237485799023773e+01 8.911144017733228395e+01 8.883562134311185332e+01 9.710817921934098251e+01 9.120669576893578778e+01 8.281857900533037764e+01 6.998039618605004364e+01 7.660924958557896502e+01 5.604598287357404018e+01 7.660924958557896502e+01 8.897722216220829239e+01 8.058378764343081002e+01 6.194120566809614559e+01 8.242786272015095506e+01 9.641070450971153605e+01 8.491106467334478225e+01 6.445999650901417510e+01 5.243533300105178085e+01 6.687191082913194862e+01 4.973993729039597866e+01 7.046274357377144781e+01
2.757019857663320014e-02 5.191547993519877835e+00 1.053677283176841151e+01 1.656699972332378934e+01 2.363806753518938919e+01 3.518507291908840529e+01 5.518507359833085246e+01 5.834792246441385544e+01 4.844316034780251812e+01 2.953115947729084567e+01 2.507871611616898022e+01 4.465079344659621796e+01 4.104190836272964304e+01 5.867655869746229769e+01 7.280393784440342131e+01 7.185947895321997692e+01 8.008809412746389000e+01 8.562451860104320644e+01 6.897907032521760584e+01 8.253652349141582079e+01 9.079734253527409749e+01 9.874043188403820182e+01 9.037446740822046820e+01 8.343391750294499332e+01 6.295991375084747688e+01 7.287191807669992727e+01 9.323846779971641752e+01 8.922683441326799425e+01 6.882991933391691930e+01 8.922683441326799425e+01 9.704275967000809544e+01 8.035577407060459620e+01 5.984361792393912083e+01 7.310363719576011476e+01 7.888612137590091322e+01 6.447322401613652687e+01 5.359596770598611215e+01
2.042370046829022814e-03 2.000204237004647467e+01 3.053677280224426127e+01 3.656699990773442721e+01 4.363806782207353052e+01 5.192234670788754869e+01 5.221744489765551123e+01 4.449801322822067817e+01 3.064810399201301294e+01 2.066998369549727599e+01 4.031120663447178032e+01 4.349356438387726342e+01 5.842408641185426177e+01 6.680507306433847248e+01 6.153029961618626231e+01 5.226631498786591123e+01 6.872990015088819860e+01 7.678702703518358419e+01 5.767791645039847026e+01 6.277671153517120928e+01 8.253652349141582079e+01 9.264355856060893757e+01 1.009203300718484257e+02 9.181406598953189757e+01 7.326179574279318274e+01 8.343391750294499332e+01 1.015982087197616011e+02 9.759208320707304551e+01 7.908473739390196044e+01 9.759208320707304551e+01 8.868061830332763407e+01 6.828900039177744929e+01 8.035576843671093172e+01 8.874241688651792970e+01 9.329901873566524273e+01 7.416946937064459178e+01 7.416946937064457757e+01
3.445835553305376733e-03 1.414558138857090519e+01 3.414552813826276179e+01 3.814287883076021046e+01 4.251807859416324220e+01 4.168792135005243438e+01 3.263742574367324778e+01 3.263746346753723770e+01 1.667098023603389478e+01 3.637067058834324484e+01 4.844316134116309058e+01 6.174577748889883821e+01 6.789258451081668966e+01 5.743787831801093802e+01 4.308826183537544097e+01 4.107174626252087535e+01 6.054736046346103251e+01 6.059460135694267535e+01 4.904271151306684828e+01 6.856422646218418038e+01 7.857407760588047552e+01 7.274630777887841759e+01 9.264355856060862493e+01 1.019606395039336491e+02 9.360603926309869394e+01 1.019606395146317652e+02 1.120455341205499735e+02 1.077140867382448448e+02 9.936893143263394279e+01 1.077140867382448448e+02 9.704322224917218875e+01 8.868061578697445668e+01 7.924486852948469107e+01 9.951594753299178819e+01 1.028683598561805042e+02 8.974955864204457612e+01 6.941287466138467721e+01
8.088694405094523643e-02 2.008082728317948806e+01 2.267016879210326508e+01 1.814271687069507166e+01 2.355338769442064972e+01 2.195964979109446702e+01 2.912184841074476793e+01 1.289132369425736613e+01 3.263746346753723770e+01 4.449801151118533227e+01 4.875932577610190322e+01 5.692009695686030568e+01 5.404460532164912223e+01 4.019461419681073977e+01 2.977570046198194831e+01 4.930310936185948378e+01 5.608282866944409051e+01 4.118873326253400791e+01 4.520564128570975981e+01 6.464877498838916381e+01 5.884556235482012454e+01 7.857407760587753387e+01 9.005323147432079622e+01 1.100247394660091231e+02 1.048910762975973796e+02 9.664631703402324092e+01 1.048910762975973796e+02 1.053419635930817293e+02 9.709415870789860037e+01 1.007848519089140922e+02 1.090316660727840343e+02 1.078566062422071781e+02 9.098303052329113427e+01 1.078566062422071781e+02 1.040490901030310340e+02 8.382649877532313099e+01 8.554421353894723268e+01
2.980189240634343456e-02 1.348562839197918972e+00 2.670200040108101192e+00 4.000580250583585240e+00 2.229012385988080069e+01 7.873015531770253261e+00 9.269876122251863748e+00 1.599290527678726370e+01 3.130126039514823688e+01 3.483355295600696167e+01 2.906530901285248802e+01 4.875932577687652980e+01 4.262600847066698151e+01 2.629132379346720327e+01 4.591187738112608230e+01 3.355709593734290053e+01 3.666832397610015448e+01 5.608282866944367129e+01 6.464877498838889380e+01 5.127045543144433282e+01 7.083591727977285757e+01 7.017075374627223994e+01 8.420620902894330584e+01 1.041691923614825157e+02 9.492474372269963112e+01 7.670203090851515526e+01 9.492474372269963112e+01 9.383310370772097997e+01 7.715112935276188466e+01 8.084752117084791223e+01 9.752553709838279872e+01 1.076807318122169477e+02 1.111720820703094148e+02 1.194967632879632475e+02 1.123831126450216118e+02 1.040490901030310340e+02 8.979791617803131487e+01
3.197269080214139303e-02 2.003197269080178700e+01 2.267020951272689544e+01 2.348024219175452743e+01 5.911854180843368667e+00 2.596454212699553565e+01 2.762341402952146652e+01 1.161925713074031385e+01 1.327018144629432150e+01 1.493465226045825389e+01 3.483355297373597637e+01 3.951246779983409851e+01 2.289647297397525350e+01 3.045901723424260865e+01 5.001900027140672478e+01 5.301325194943373731e+01 4.120059270828298281e+01 5.488827640781198625e+01 7.450991760917875695e+01 7.083591727977412233e+01 6.503556156447623948e+01 8.483921471424281435e+01 9.832878845111955002e+01 8.998009171519397853e+01 8.172503930537799022e+01 6.669331155595898508e+01 8.667402845872599926e+01 8.488794791907488957e+01 6.559751102207668794e+01 6.930355067658240387e+01 8.775297125026716571e+01 8.775306503929664359e+01 1.035378786287403727e+02 1.150370828165580548e+02 1.183541363331165854e+02 9.845872604244723902e+01 8.487329228280296434e+01
8.792919550159562780e-02 1.423006481923267152e+01 3.423006481923337674e+01 3.488448828201502749e+01 2.710028858866407475e+01 1.674078823191975829e+01 3.717149039134051236e+01 3.029010340318901839e+01 3.311650336914765802e+01 3.483322263507849215e+01 1.743498295617715854e+01 1.966655549745108544e+01 3.951246779983409851e+01 5.001900027140678873e+01 4.429420580730290169e+01 6.384000860349440387e+01 6.063841994485355258e+01 5.030021075375417183e+01 6.406470605730787327e+01 8.384769559663178029e+01 8.483921471424916660e+01 9.310626225164948266e+01 8.573751780752397167e+01 7.747669409541785512e+01 6.170931398247304145e+01 5.958275557069444517e+01 7.934870327012701807e+01 7.108066968615084136e+01 5.660258655156097518e+01 6.198943844297837558e+01 6.778458300906211775e+01 7.534863891109476697e+01 8.686990010832926146e+01 1.067923611876234133e+02 1.037804156294004088e+02 1.120940997157482002e+02 1.031875662150845443e+02
2.533091249361700895e-02 2.002533091249326347e+01 3.467376001530695362e+01 4.295803126276856432e+01 4.792552582696043117e+01 3.189438918938345324e+01 3.857017858705076918e+01 5.236896330302572977e+01 4.717292356811427823e+01 2.750323234590193522e+01 3.733808843040617376e+01 2.243510782019852456e+01 3.625225413366382554e+01 5.564788434044803012e+01 6.384002744360316228e+01 7.203973054504936613e+01 7.809074171775866091e+01 6.406463147546777748e+01 6.622416201215071396e+01 8.602230349611924964e+01 9.093783569280250845e+01 9.160013672284452468e+01 7.162657261173947632e+01 5.741899079422245933e+01 5.004684635515764768e+01 7.016895490217325460e+01 7.108515369351120228e+01 5.098070449360899659e+01 7.108515369351117386e+01 8.198859044023292597e+01 8.775297125026716571e+01 9.529012292057305444e+01 1.035378786287403727e+02 9.805864704513287222e+01 8.200319535951790328e+01 9.805864704513287222e+01 1.148219662277816298e+02
4.340274325774365338e-02 7.114470555123189044e+00 1.467376001530766771e+01 2.881589563903836648e+01 4.881589563903765594e+01 5.468695989044586980e+01 6.134672912270590928e+01 6.101913691062383549e+01 4.143763555120838760e+01 4.143763555120838760e+01 4.546510421930974388e+01 2.611992871771098024e+01 4.546510421930974388e+01 5.669285006947003325e+01 6.319818081808696064e+01 7.069596552035484649e+01 7.900896688940075308e+01 8.384165879530176824e+01 8.602230349611924964e+01 8.514372032269028523e+01 7.114090936447462354e+01 8.514372032269028523e+01 8.036700693606817936e+01 6.479108868268671984e+01 4.458768088694750986e+01 6.479108868268671984e+01 6.747428859574435478e+01 4.731420748732849546e+01 6.251122051745252151e+01 6.922351787863090067e+01 7.749609890923296973e+01 8.749862543534253234e+01 9.136959475059909153e+01 8.896330889212541138e+01 6.850896624608259344e+01 8.896330889212541138e+01 9.986485136149285324e+01
3.499897289517878152e-02 2.003499897289482234e+01 3.467376001530695362e+01 4.295803126276856432e+01 4.826481113268484791e+01 4.826481113268484791e+01 6.826470805698367883e+01 6.920912074248821000e+01 6.101913691062383549e+01 6.101913691062383549e+01 5.187572907632129215e+01 3.264526843779079002e+01 3.264526843722889282e+01 3.742153910823093810e+01 4.368218857223629925e+01 5.085869181424941843e+01 6.481559854696760681e+01 8.489242721923733370e+01 8.788452781555656657e+01 6.806345347749922325e+01 5.709231019669628893e+01 7.627308556493704828e+01 7.209771540486404717e+01 5.198165070998444293e+01 4.021825413380508962e+01 6.048165419503391149e+01 5.532563017006776107e+01 5.819600689495764101e+01 4.227107177773989832e+01 4.908662600679274135e+01 5.920720809290079956e+01 7.923982766436112968e+01 7.086917379894254054e+01 7.086917379894254054e+01 5.967067009321402793e+01 8.048405300272557383e+01 8.981885638754559409e+01
4.124372989540939227e-02 1.418337935362648494e+01 3.418337935362718838e+01 3.671781314701152610e+01 2.826482394660311570e+01 4.240695894098187324e+01 6.240691734027114990e+01 6.389995501551013746e+01 6.389995501551007351e+01 7.218300237251570195e+01 5.919971415518850932e+01 3.982806352450712239e+01 5.187502232916025235e+01 5.090974302391185802e+01 5.306268676400041784e+01 7.069596552035484649e+01 7.900896688940075308e+01 8.266943450519802639e+01 8.208438108966319646e+01 6.225579510348956802e+01 4.811649482131758049e+01 5.955804172827190968e+01 6.778355403111427790e+01 5.658733435700208503e+01 3.628241343305735711e+01 5.133638394542565919e+01 3.501269114475464050e+01 3.789937593341844746e+01 5.230243083749099497e+01 6.922351774042631689e+01 7.749609890923296973e+01 8.749862543534253234e+01 7.086917379894254054e+01 5.042935872143151244e+01 7.086902081946955434e+01 8.587453267331181905e+01 8.148297574064520177e+01
5.361688789861147886e-02 2.005361688789825791e+01 2.671781585965381467e+01 1.671781857229617430e+01 3.488809715130803824e+01 3.936022709250443086e+01 4.421093037657710312e+01 4.390009205612700782e+01 4.390009205612700782e+01 6.389995501551007351e+01 6.748119585619745919e+01 5.083903345575374999e+01 6.748119585619745919e+01 7.065450553151200097e+01 7.284522446178498001e+01 8.114622953910453873e+01 7.677883874198442982e+01 6.259021986132524518e+01 7.677883874198442982e+01 7.429133629516516635e+01 5.955804172827190968e+01 3.947423235624466287e+01 5.955804172827190968e+01 6.489433420927800000e+01 5.134013496788988817e+01 3.102693185730212022e+01 5.134194928172416894e+01 5.819600682908293976e+01 6.649899001141541532e+01 8.069546204867879169e+01 7.953130819596091783e+01 8.010494476172466705e+01 5.966841087912752073e+01 4.548698955197761506e+01 5.699416369555205364e+01 7.741174122761749743e+01 7.480857545011939180e+01
9.650549294000117240e-02 3.384485239047140492e+00 6.717818572380459763e+00 1.071781857238042512e+01 1.488810685352188479e+01 1.936024280852138446e+01 2.421095530924796080e+01 2.975795727150015324e+01 3.975795726659409013e+01 5.390008905223626812e+01 7.389965518827104063e+01 7.063023570946440088e+01 7.898720048191259480e+01 8.129643807319601478e+01 7.547762031770692204e+01 7.634320309608715149e+01 6.777349151776120095e+01 4.830143039276369876e+01 6.777349151776120095e+01 6.607697942122024415e+01 4.608840948390040637e+01 3.438387206807362162e+01 5.453708938526511218e+01 6.353735676403696431e+01 4.915132407155922323e+01 2.884186708290455314e+01 4.322969395547880112e+01 6.344740510791299215e+01 6.753163356610308199e+01 7.360778976472833790e+01 5.932700056533483490e+01 6.432100699499383722e+01 5.722439375958277452e+01 4.124418168965512876e+01 5.529610867882844616e+01 7.557404033512915476e+01 6.963251312490622524e+01
