MOVIE_S13_data/elevation_000402.asc
nrows	150
cellsize	150.0
xllcorner	0
ncols	150
yllcorner	0
NODATA_value	-9999
[rows 51 to 67 of 150, columns 74 to 110 of 150]
7.000908341238068999e+01 7.116579581771166829e+01 9.809160258428447321e+01 1.042689642816588389e+02 1.113563036596360547e+02 1.196754167000183458e+02 1.297193002849783738e+02 1.264493569488114844e+02 1.163917446680043639e+02 1.080227873721868264e+02 1.025585484172244293e+02 9.414043089363732975e+01 9.090171689185424952e+01 7.361232030134358695e+01 5.362119232752939979e+01 5.755758422905373095e+01 6.202262153770033848e+01 8.203952233393950166e+01 9.758351289254578376e+01 9.209571315323054819e+01 7.219513365498174551e+01 6.058288877635512648e+01 8.060610822288704469e+01 9.514118131334582529e+01 1.079342103330857157e+02 1.161780063283004978e+02 1.161295240837838918e+02 1.031525665218700709e+02 8.313394014488279993e+01 1.031525665218700709e+02 1.161189213950248984e+02 1.080599547610904523e+02 8.853643038513865804e+01 7.486796837792860515e+01 6.832544034715230907e+01 6.229019621599192646e+01 5.785338143965408619e+01
8.945450883344419424e+01 7.392743576887730228e+01 7.867273158018154788e+01 8.426275570901724166e+01 9.131028072068330914e+01 1.013109075154846010e+02 1.214016998037877357e+02 1.180434411884038326e+02 9.800213356359624584e+01 8.802993179820795433e+01 9.733615008957626458e+01 1.008647155352482088e+02 8.149526938491763417e+01 6.740450857381645733e+01 5.585714720358111407e+01 7.587518802908273585e+01 8.203952220975340026e+01 6.934622240205365529e+01 8.934034271683269424e+01 1.003245064528168768e+02 8.531629349799631257e+01 6.533317341981609161e+01 6.695902050653825199e+01 8.691733232758120664e+01 8.813976007877252528e+01 1.079342103330893110e+02 1.209340587235804350e+02 1.115386356828009724e+02 9.465338091002949739e+01 9.725295429312073736e+01 1.173954903772588239e+02 1.138384659910629892e+02 9.424963568294396055e+01 9.424442614487817593e+01 8.778832283080429022e+01 8.191939672567096409e+01 7.474309921389630063e+01
8.180666276416370408e+01 7.828771399810460707e+01 9.815380158807454336e+01 1.042689642816588389e+02 1.042689642816588389e+02 1.196754167000183458e+02 1.297193002849783738e+02 1.264493569488114844e+02 1.123740209206597456e+02 9.733615658243147095e+01 7.732829021069582609e+01 8.838836390487927019e+01 8.503230121146009424e+01 7.818467009609639717e+01 5.816917318125399561e+01 7.820867200933332697e+01 9.758351289254578376e+01 8.350810049209657393e+01 7.880380869804433530e+01 9.873688463095821533e+01 9.029324045770329121e+01 7.038602106242646528e+01 8.691733232758120664e+01 7.408103562741621317e+01 8.300164411126806385e+01 9.288899968857161582e+01 1.126802985809150357e+02 1.231877383113923372e+02 1.147626699791234159e+02 1.173954903772588239e+02 1.258243170724814775e+02 1.166606774904474264e+02 1.079087651836143777e+02 9.975825638005771623e+01 9.329880625759362545e+01 8.792551942332119097e+01 7.813255048813265091e+01
1.016924067377998568e+02 9.815380158807454336e+01 8.523310778852970770e+01 9.673894007932634054e+01 1.168062037683798735e+02 1.326587250866770091e+02 1.350589082980441447e+02 1.214992658003834123e+02 1.040193035029084001e+02 8.402796883166207920e+01 7.244569752846126676e+01 6.833725122975518218e+01 6.498747769673646246e+01 6.212448724978324321e+01 6.263768088395692502e+01 7.683255787209715493e+01 9.688168407505509094e+01 1.034206209948357866e+02 8.636730312831588208e+01 1.062529580309163322e+02 9.559114746952650421e+01 7.576884948624763183e+01 9.559114746952650421e+01 8.813963863629241757e+01 8.813976007877252528e+01 1.079342103331070746e+02 1.209340587235804350e+02 1.231560064816465285e+02 1.148382958311548379e+02 1.158892063583589760e+02 1.223972347572612023e+02 1.027071552277797934e+02 8.898470071879653176e+01 8.037990601266533019e+01 7.392514505884867049e+01 6.846990294379203590e+01 6.388009836882998371e+01
1.193075270559534857e+02 1.110059638339800330e+02 9.096405698081382241e+01 1.110059638339800330e+02 1.251239689307906247e+02 1.283257700167653752e+02 1.199089445790757509e+02 1.065113127184134072e+02 9.310346286026734219e+01 7.897039240114808933e+01 9.247730104900446690e+01 7.397752781907350084e+01 8.504651445319255743e+01 8.218069852970789668e+01 6.750623281110055984e+01 8.758657508806049918e+01 1.038890522795244635e+02 1.144893318266403099e+02 9.786203694264358433e+01 1.144893318266403099e+02 1.015502087991561382e+02 8.178708727190857530e+01 1.015502087991561382e+02 1.079213179174941786e+02 1.079342103331076572e+02 1.161780063598227315e+02 1.128642652654475711e+02 1.115700131048674564e+02 9.477623454527243041e+01 9.582753886519151365e+01 1.100177171700288596e+02 1.166606774904474264e+02 1.079087651836143777e+02 9.329880625759363966e+01 8.435475407247147928e+01 8.792551942332119097e+01 7.137905586751872988e+01
1.292517847890959217e+02 1.176988481633582779e+02 9.762019517522377043e+01 1.176988481633582779e+02 1.315633185186718777e+02 1.113773507248847068e+02 9.988095692649140744e+01 9.285292062746411546e+01 8.654332888414836589e+01 9.310346286026734219e+01 1.006665199972603801e+02 8.067149825759119608e+01 1.006665199972603801e+02 9.593280691759922263e+01 8.758657396194200828e+01 7.539401628772593256e+01 8.701487864072453249e+01 1.075631384261267272e+02 1.177151701439103135e+02 1.259603887713861354e+02 1.097929737803999899e+02 9.318626646381061107e+01 9.574888397782933680e+01 1.155612603991462919e+02 1.185893433059375042e+02 1.069880841716754105e+02 9.278760228523725573e+01 1.032554593472519002e+02 8.314679228979655079e+01 8.158796478533425045e+01 9.996628124992905384e+01 1.107975691528612145e+02 1.210268111128061292e+02 1.119738004268065481e+02 1.038136032258124857e+02 8.722824527664418781e+01 8.510371359090252952e+01
1.378107550778197776e+02 1.260185299299289738e+02 1.076433419562777942e+02 1.260185299299289738e+02 1.400184497175112313e+02 1.283257700167653752e+02 1.199089445790757509e+02 1.128279816377442870e+02 1.065113127184134072e+02 1.131130123981966022e+02 1.090114709179448766e+02 9.066809659536315280e+01 1.090114709179448766e+02 1.071238665692630718e+02 8.698431199208651776e+01 9.549628984955651845e+01 1.038893184385047732e+02 1.161623126501873031e+02 1.128504992179183404e+02 1.207869874488938251e+02 1.212499070903775902e+02 1.129755665050262223e+02 1.155623527578706984e+02 1.238672347716697715e+02 1.102624572890413930e+02 9.018064614424895353e+01 7.853129020785907244e+01 8.790434041025267220e+01 9.164571500858548347e+01 7.146628374522255456e+01 8.235626092600497827e+01 1.024795199933496832e+02 1.092892613887871249e+02 1.114815780691493643e+02 1.148849701006120085e+02 1.067145788772615589e+02 1.045658935270946301e+02
1.294185968097706336e+02 1.360682539385914254e+02 1.277543543704386195e+02 1.360682539385914254e+02 1.290087227923446846e+02 1.208786200807619196e+02 1.249189416325706219e+02 1.162932407204529000e+02 1.081603123878416568e+02 1.162932407204529000e+02 1.190437954630799027e+02 1.106649433991576785e+02 1.190437954630799027e+02 1.155516081851276340e+02 1.011908151549986030e+02 1.155516081851276340e+02 1.217270124546955969e+02 1.099672163348103453e+02 9.366595258449606831e+01 1.099672163348103453e+02 1.155105793018673097e+02 1.171628841653660231e+02 1.253710861885782606e+02 1.206934784926941262e+02 1.123773137675469229e+02 1.021325064269175869e+02 8.201084107845419169e+01 6.771102400791659193e+01 7.966041173447034396e+01 6.584662298835073102e+01 8.015271633775924442e+01 1.002837096530888061e+02 8.921664086349136369e+01 9.141315016297852480e+01 1.114815780691493643e+02 1.201993892429340605e+02 1.005519572623415456e+02
1.294185968097706336e+02 1.336645207883222497e+02 1.420452950698264374e+02 1.290087226962668296e+02 1.177369237511895648e+02 1.013985666945261812e+02 1.054305862500575017e+02 1.064554120586192880e+02 8.846765928471744189e+01 1.064554120586192880e+02 1.019221645138832031e+02 1.102353725605640307e+02 1.094221649221906461e+02 1.175845559506803539e+02 1.214475200472702738e+02 1.146431227151804109e+02 1.064450141847008524e+02 9.390539172211080654e+01 8.221507107193323804e+01 9.578765845614246643e+01 9.578765845614248065e+01 9.751244498445014131e+01 1.171628841653660231e+02 1.091024039680688276e+02 9.230126033678931208e+01 1.075553890263506389e+02 9.623100478590603757e+01 7.966041173447034396e+01 5.946450317325012236e+01 7.966041173447034396e+01 9.437697232175158035e+01 9.509577529916639094e+01 7.494887389045675263e+01 9.509577529916639094e+01 1.030158979880302184e+02 1.075343152388859380e+02 1.144804519029447789e+02
1.192185987812381569e+02 1.132349019649201125e+02 1.336645207883222497e+02 1.208786200806896716e+02 1.013985666945261812e+02 9.004087694241340500e+01 9.156251884089434157e+01 9.560489534699330250e+01 7.835907047527443581e+01 8.777856132685236901e+01 8.184383620139877280e+01 1.018573176098737605e+02 8.969396279639639147e+01 1.021141227423833158e+02 1.102809263209620099e+02 1.064450141847008524e+02 8.663311507079909290e+01 9.243588597307709165e+01 7.392353731568317698e+01 7.581354309377194056e+01 8.347699938007039577e+01 9.751244498445014131e+01 1.171628841653657815e+02 1.001091916638830384e+02 8.066336958728402351e+01 8.745576291734649033e+01 9.055724252313233080e+01 7.038657282198678899e+01 5.613860037421183335e+01 7.629442157848414752e+01 9.308572090144215849e+01 8.797276999617049853e+01 6.778410307489018294e+01 8.289807238973024539e+01 8.289807238973024539e+01 8.744614532675885243e+01 1.075343152388859380e+02
9.876827935566075212e+01 1.132349019649201125e+02 1.336645207883222497e+02 1.208786200806459448e+02 1.013985666945261812e+02 9.004087694241340500e+01 7.998909985702758263e+01 7.558558949837370733e+01 7.142270630767011141e+01 6.734007079450361744e+01 8.280364907357089521e+01 9.128976783542726992e+01 7.804665955339345373e+01 8.220941770624892797e+01 1.021141227423833158e+02 1.064450141847008524e+02 8.663311507079909290e+01 7.237828522803650344e+01 6.711545968425538433e+01 8.727066704837322675e+01 8.974658019288754929e+01 1.096150392804843960e+02 1.082424624369526356e+02 9.178710661702788798e+01 7.162357747336413638e+01 7.318612472325867202e+01 9.003800618470218353e+01 7.310750182392159502e+01 5.303116209543943427e+01 6.458084523554384759e+01 8.475513133299149615e+01 8.158855295679722985e+01 6.137069066932516392e+01 6.268637667385455359e+01 7.096250885307253498e+01 8.524696775404241578e+01 1.053410670928348338e+02
9.876827935566073791e+01 1.132349019649200983e+02 1.336645207883222497e+02 1.290087226384918040e+02 1.136673344067855851e+02 9.410735662640058763e+01 9.410735662640058763e+01 9.560489534699154035e+01 9.118627289317362283e+01 7.110560221658299440e+01 6.266626322359710599e+01 7.897641595552930482e+01 6.777398764895518468e+01 8.803937083381470075e+01 9.858913391400906789e+01 1.067674095560536074e+02 1.006381188929898087e+02 8.298064230564337151e+01 6.279265117664191820e+01 6.961535925635379840e+01 8.524046592272729583e+01 9.349370011107838252e+01 8.836690699410242189e+01 9.595086768200732763e+01 7.580465212328891766e+01 6.153697111988510215e+01 7.434089438124219384e+01 7.011469397407927318e+01 5.016700361562683952e+01 7.011469397407961424e+01 7.895944560222200437e+01 7.061303172387512461e+01 5.551939515179631002e+01 7.575215883974286157e+01 7.438147124060279225e+01 8.604123940776901236e+01 1.061305140164434277e+02
1.122481342421256443e+02 1.276400985173709017e+02 1.285570279549701240e+02 1.203156450371907624e+02 1.217824283644865346e+02 1.136673344067637714e+02 1.136673344061985347e+02 1.049909245243158580e+02 8.546819895583074356e+01 8.301532806184917490e+01 7.897641595552930482e+01 5.862751996855610770e+01 7.537920537001720334e+01 8.365284810555840522e+01 7.848165094914654105e+01 9.858913391400906789e+01 1.007507668799101879e+02 8.626093601246762432e+01 7.812381436605181761e+01 5.792356809739489876e+01 6.504720701782058256e+01 7.998366893335459338e+01 7.409990881722593770e+01 9.418832240346362994e+01 8.598262909394119902e+01 6.581855308330850107e+01 5.427337073621250596e+01 6.723548850007139777e+01 4.745288013728269050e+01 6.723548942179104415e+01 6.579259408582100832e+01 5.044769431306300334e+01 7.061303172387512461e+01 8.409106986835622877e+01 9.453196591330087983e+01 1.028469510353604335e+02 1.144411770112703692e+02
1.190649086859034185e+02 1.270241232079886089e+02 1.171490574062590184e+02 1.006133211023479532e+02 1.115044979105204419e+02 1.197204518936399325e+02 1.227827319257301895e+02 1.128304072688375186e+02 1.049909245239744990e+02 1.027915980611737155e+02 8.724179157192372713e+01 7.537920537001720334e+01 5.517439904667902084e+01 6.309552084414488604e+01 7.934615548327391821e+01 8.049768854607569324e+01 7.603413438686931158e+01 8.377004678831386286e+01 7.800070950709918804e+01 6.968862873945708714e+01 5.343319204325063509e+01 5.973945801362810215e+01 7.409990881722592349e+01 9.418832240346210938e+01 9.431112249989216423e+01 8.267907969769805732e+01 6.814792222047455539e+01 4.831674987594880122e+01 4.480989599283299896e+01 6.137680530890957442e+01 4.591752983691060308e+01 6.579259408580078627e+01 7.630363251441318084e+01 8.251913835192026170e+01 8.967224316277987839e+01 9.794178717719032079e+01 1.094846407283797447e+02
1.274871672390143260e+02 1.187877867837774062e+02 9.909321923572304058e+01 8.917807061210979214e+01 9.175561416066746290e+01 1.083038547084992018e+02 1.043411645230947613e+02 1.043411645231114306e+02 9.833167611773708927e+01 9.040441741729564740e+01 8.733875743129611635e+01 6.708797372240238133e+01 5.287011239774040661e+01 6.935748456976249088e+01 4.857796039800398091e+01 6.100363909880660174e+01 5.698520771827766396e+01 6.424067302748700570e+01 6.601035524544039390e+01 4.961408658158514839e+01 6.377899062873603242e+01 7.998363620780330052e+01 8.825736592239420020e+01 9.153469725575332916e+01 9.511205435400844976e+01 7.497097384100271711e+01 6.075453317402742215e+01 6.814791479979203359e+01 6.137680465180863365e+01 4.166127450939061561e+01 4.365636978015323422e+01 4.856164937652170011e+01 5.494898127301625124e+01 6.190463983921331703e+01 6.944020748959202649e+01 8.121053935229284093e+01 1.012311455272049585e+02
1.376832416268046018e+02 1.270241232079886089e+02 1.171490574062590184e+02 1.001024745613758569e+02 8.013124343258148485e+01 9.325239879709032209e+01 1.011986639845639218e+02 8.522194608140534910e+01 9.033397112713336696e+01 7.063655265692202079e+01 7.660316309088391051e+01 7.445409610367374853e+01 6.971784042275376692e+01 4.970175616998651691e+01 4.743481237442978937e+01 4.590972617796343513e+01 4.445967932401148204e+01 6.245800009742596615e+01 4.599300849088216836e+01 6.601035524544039390e+01 7.800028164797686259e+01 9.221889204577516352e+01 8.546756673485148781e+01 7.095959009630875869e+01 8.546756673485148781e+01 8.920273769371208061e+01 8.087015932679182129e+01 7.376584939891012027e+01 5.372729452259005711e+01 3.969230733328465277e+01 5.959646004787317253e+01 7.058014193329007924e+01 7.630362592902801566e+01 8.251913711357127568e+01 8.967224316277987839e+01 9.794178717719032079e+01 1.079240850529199491e+02
1.191965576899563644e+02 1.126459561434182319e+02 1.069637419274656480e+02 1.083038547395244109e+02 9.325239879709032209e+01 7.303008745270270197e+01 8.700213460879875527e+01 8.451975970027631035e+01 7.090656048771575115e+01 7.614567858358041974e+01 5.624120892888593204e+01 5.417083247363654408e+01 5.217154209586293945e+01 5.021107766839734410e+01 6.746060241881185959e+01 6.579797332200151061e+01 6.176429322431012992e+01 4.242478967354508512e+01 5.682586176642421805e+01 6.853763970871575850e+01 8.244626246106479073e+01 8.343543101911269844e+01 7.629432827540601636e+01 5.645924197590528593e+01 7.629432900043877908e+01 8.221205045828500602e+01 7.680206662112246363e+01 7.209019886070898053e+01 5.206748220042614150e+01 3.799060551602236302e+01 5.793198995899987835e+01 6.871968545183136712e+01 7.541586716720014749e+01 8.374044870819696484e+01 9.380102183075493372e+01 9.875480219903379009e+01 9.045186595839233235e+01
