MOVIE_S13_data/elevation_000709.asc
nrows	150
cellsize	150.0
xllcorner	0
ncols	150
yllcorner	0
NODATA_value	-9999
[rows 119 to 135 of 150, columns 74 to 110 of 150]
7.823585958544305186e+01 6.041462286772319601e+01 4.614163144676665240e+01 3.460351240859334609e+01 4.567084798112239952e+01 3.654098980488962667e+01 1.663954926334342588e+01 3.575591781602715713e+01 3.242136430814699111e+01 5.277117821870606207e+01 4.634700216957724450e+01 3.865204604758727669e+01 2.064153214290447380e+01 4.055698425442186306e+01 4.985637809031008771e+01 4.659473167128101068e+01 3.819398026649044908e+01 5.630340420699977244e+01 6.316338797022733331e+01 7.113217505425139109e+01 6.730342349335180074e+01 5.888855755799509950e+01 6.724067459632031785e+01 6.139785338061407316e+01 4.143026574665258721e+01 5.607780860910892784e+01 4.126633239754084315e+01 5.539033773594923815e+01 7.534923194484643716e+01 8.657390920288783320e+01 7.831259785466863832e+01 6.423506580287840961e+01 7.835257102176348099e+01 9.831663128907534599e+01 1.059827038557684062e+02 9.865773943607138108e+01 1.127385168186110036e+02
8.904860767005523314e+01 6.898230157724192679e+01 4.876077417290142790e+01 5.468352242368316496e+01 4.710845427370143312e+01 2.722976480211542949e+01 3.262321870706617233e+01 1.585626533987530529e+01 3.497097863350131774e+01 4.170264952008033532e+01 3.504047039926973639e+01 1.870926142640118783e+01 2.525858260902376173e+01 3.584763549202165933e+01 5.652982377530746305e+01 6.620458171873795550e+01 5.804988198576239000e+01 6.620459129905999873e+01 7.135659329000715445e+01 6.309213367319505039e+01 5.721553060040728411e+01 3.883809295124245153e+01 5.035937504129415032e+01 5.194314335977193053e+01 3.435404596264798016e+01 3.609704140862121591e+01 5.607783001131684131e+01 6.719461409711786359e+01 8.130372528926866948e+01 7.831259785466863832e+01 5.835732924962134405e+01 7.831259785466863832e+01 9.245900796525688747e+01 1.001258466740223838e+02 8.602662930825418641e+01 8.453572899752867897e+01 1.044949444372785763e+02
8.416984402623208439e+01 7.735883241200488669e+01 6.898230157724192679e+01 6.121265402549623502e+01 4.126630345008879175e+01 4.709209997424002125e+01 4.257798567279433399e+01 3.479033272242298835e+01 1.507000003960752821e+01 2.609339289887950741e+01 1.681645510486259809e+01 2.506190899615308609e+01 3.471505093123380448e+01 5.245005063687881375e+01 6.491174206177886674e+01 6.173373188599730810e+01 6.791202267113237667e+01 5.964584371108087879e+01 5.746037267655898972e+01 4.309464484708070842e+01 4.676425618221350078e+01 2.884440325877530853e+01 3.032061877098062652e+01 3.197514758088917830e+01 5.195824348365604095e+01 5.607783001131684131e+01 3.895868705752970840e+01 5.308550290496702218e+01 7.013754733261944807e+01 7.454140656363649953e+01 5.459150013748550379e+01 7.454140656363649953e+01 7.851427187151334408e+01 8.335623358707582042e+01 7.190125762986384927e+01 8.602662930825418641e+01 1.059827038557684062e+02
6.420493088009598637e+01 7.452101541016291719e+01 8.279196529732750776e+01 6.949673547726690970e+01 6.121265402549623502e+01 6.113935720765669402e+01 5.202094532406923122e+01 3.442055725177272762e+01 1.451006121101459279e+01 3.364173829430534823e+01 1.552486270202069818e+01 3.550372855942023875e+01 5.234944147535911441e+01 6.134297473017808500e+01 5.587133743069939840e+01 4.174272620530889810e+01 5.587096258767645907e+01 3.965020437793818786e+01 3.746217761738408569e+01 4.472634951124091884e+01 2.679871879385510880e+01 4.672813950056140442e+01 4.132410600145087898e+01 3.471476258591512476e+01 5.558432235279927625e+01 6.718914125588865716e+01 5.893102151799190835e+01 4.190992290319356073e+01 6.187466165276806151e+01 6.737541528684661785e+01 5.100965316631294399e+01 5.465066088611786910e+01 5.855864141475728957e+01 6.339231399861477456e+01 7.337149574319811052e+01 8.749682772251858864e+01 1.074499824323141297e+02
5.006531275809861370e+01 5.454173792668908760e+01 6.835991582430497715e+01 7.663907116960098165e+01 6.728186522324455154e+01 4.691492570220486158e+01 3.255712573948640198e+01 2.350509679638291871e+01 1.922061863576826468e+01 1.372136216777950146e+01 1.565489030205658416e+01 3.344515058433438526e+01 5.369476150058706310e+01 5.908568646162958515e+01 4.691550756467412242e+01 2.763373841930558328e+01 4.001532451435539883e+01 4.136956563882589677e+01 2.339196280484443236e+01 2.479536795058776022e+01 4.472640600424303159e+01 5.494824792909511757e+01 4.044443762239988160e+01 5.558200827979279524e+01 4.276705739978005738e+01 6.443152113464572039e+01 7.013752355017189188e+01 6.187465968676468719e+01 4.494301233889540015e+01 4.742303784458834315e+01 6.737541524782497504e+01 6.616343006230418666e+01 7.851427187151334408e+01 7.007551878911894505e+01 9.004182295832828231e+01 1.015939612530858938e+02 1.043540106750325265e+02
6.298597417688993971e+01 4.297916934191106009e+01 4.836137269460725463e+01 6.509475029037119498e+01 6.186363862317286788e+01 6.134345975212246316e+01 5.212537015757675363e+01 4.373155602363046768e+01 3.313314700294135662e+01 1.321216141744218220e+01 3.313314445919531437e+01 4.918524326911986577e+01 4.791787398237878648e+01 4.505191474840869859e+01 3.094739544690558475e+01 1.875308197943186528e+01 2.010256469279453739e+01 2.146127965853563779e+01 4.137001805896951367e+01 2.824643534545098689e+01 5.016166735655848186e+01 6.802666650885240074e+01 5.984420851229803873e+01 4.745256830285405414e+01 6.442185089453502655e+01 5.328538087957397806e+01 7.437171378639187935e+01 7.316300069186998201e+01 6.490062744637238268e+01 5.142218136857411537e+01 7.137324137357845188e+01 8.612610857899356631e+01 9.438323555769031259e+01 8.160540167030841019e+01 9.829682123200836941e+01 1.107489966605820939e+02 9.602805551244836124e+01
6.845895178722545893e+01 5.681182158250896919e+01 3.679836561169929610e+01 5.136744625135401066e+01 4.185810104076414007e+01 5.600506376016984689e+01 5.539742580066356226e+01 3.543408327251599843e+01 3.262742327989192859e+01 1.270577279159401130e+01 3.193171623415921445e+01 3.262083665677018018e+01 2.797818215819443211e+01 3.503660489193092076e+01 1.691994150486967641e+01 3.679597971201459927e+01 4.001532451435539883e+01 3.292204643350467563e+01 4.962505661415952574e+01 4.380141666274569445e+01 4.380141666274569445e+01 6.551667084165416099e+01 7.291794539624076776e+01 5.291969747344841579e+01 7.291794539624076776e+01 7.437171383797902990e+01 6.577762330778344335e+01 8.611145982464945803e+01 7.802484942805176615e+01 5.806999263368277298e+01 6.139453871032224441e+01 7.550671871994488527e+01 9.546356627199668310e+01 1.015661887547911846e+02 1.098121973461230851e+02 1.024303732115322418e+02 8.226920514432553944e+01
4.848454651715108099e+01 4.244034268517172137e+01 5.136744625135457909e+01 3.137239286334630606e+01 2.775901372125006006e+01 4.287776986343509833e+01 4.040948209883543996e+01 3.543408343593907261e+01 1.554355650334208860e+01 2.737716624877563376e+01 1.201372998654946755e+01 1.172364650247917872e+01 1.400562939324256284e+01 1.530091275948888274e+01 3.503660489193092076e+01 2.261324465974501408e+01 4.250638969528975508e+01 5.289703814591794639e+01 6.112489037411465631e+01 6.551667084165416099e+01 6.551667084165416099e+01 7.385973725848853633e+01 8.103636400778735549e+01 6.296787305876014074e+01 6.561703353277830786e+01 8.548105680011082086e+01 8.025913097653393891e+01 8.611145982464945803e+01 8.557004487668245929e+01 6.560758356842755745e+01 8.135194403683463804e+01 7.550671871994489948e+01 9.546356627199668310e+01 1.028048546029514227e+02 9.454902204746724692e+01 1.028048546029514227e+02 9.912213252598503743e+01
6.719099284784856252e+01 4.834663977745689323e+01 3.426770775549854164e+01 3.036857774713131519e+01 2.663396628425860158e+01 2.297673183266810071e+01 2.052769945661785300e+01 1.844778638760412548e+01 3.542921996716145827e+01 3.144991016498526548e+01 1.152632476489936764e+01 3.139634860944325467e+01 3.380779017108987716e+01 2.661038777247071252e+01 4.328292836827954204e+01 4.250638969528975508e+01 2.873020207944406934e+01 4.859877151225484226e+01 6.125228724982220285e+01 6.784106229545106714e+01 7.605393867160283605e+01 8.595950535434711526e+01 9.091834984385947394e+01 7.709842161230170632e+01 7.972655083687119770e+01 9.351086440395620514e+01 1.002402315012371758e+02 1.060366734471027854e+02 9.382229513129689735e+01 7.713353948290534845e+01 9.382229513129689735e+01 9.546356627199668310e+01 1.037043490536978396e+02 9.285546500089979816e+01 7.466373117784107194e+01 9.285546500089979816e+01 8.694285927164830241e+01
5.030109773098325121e+01 4.321979615647161665e+01 5.428776167751189519e+01 5.036107883538011976e+01 4.629418157041206427e+01 2.634949512102850377e+01 4.040948209799416446e+01 3.248096570003220052e+01 4.550984804909068515e+01 3.104325062326142159e+01 1.107473713963822881e+01 2.637499937998718735e+01 4.741812591624698570e+01 4.656799743008846804e+01 5.506747182336679458e+01 5.682763202676669323e+01 4.276568787986222731e+01 3.574844017590981338e+01 4.147863661731180684e+01 4.807473715856458796e+01 5.794233186289130799e+01 7.192862463259601213e+01 9.176919355719070381e+01 9.679705493946788408e+01 9.937366314132094658e+01 9.431448305447368341e+01 1.026309805786921459e+02 1.071026254376075002e+02 9.866680216864405395e+01 9.709461212120565676e+01 1.053358334170852260e+02 1.058346951410906058e+02 9.434462276952234561e+01 8.460637661265414522e+01 6.471923370775535034e+01 8.460637661265414522e+01 7.483616949023364384e+01
7.007258154403925232e+01 6.348900271786165206e+01 6.902603012060779974e+01 5.315691930318649838e+01 3.315300496972525934e+01 3.783922019358486466e+01 5.458923197675976979e+01 5.250750564986012137e+01 4.329664196066173076e+01 1.722566143073282774e+01 1.062323700518660097e+01 2.778128171975717819e+01 3.319526355909967918e+01 3.989023536536144121e+01 4.878594042290134070e+01 5.948014650981681228e+01 6.246318553640841742e+01 4.704179639949020952e+01 6.125228724982220285e+01 6.784106229545106714e+01 7.605393867160283605e+01 7.256333676035028191e+01 8.083742521152140625e+01 8.491499838732775629e+01 8.021525605375471457e+01 7.437516501107994316e+01 9.431448305447368341e+01 9.533800016827773049e+01 7.828529651269639089e+01 8.689953439169273963e+01 9.533800016827770207e+01 9.757836707723798497e+01 7.768988072309790027e+01 6.620948822495287800e+01 5.807629726200898546e+01 7.094102558954253368e+01 6.664388090976157741e+01
8.508125078230720817e+01 7.677329501365463216e+01 6.072956640450419030e+01 4.069934850098078272e+01 5.315691930318650549e+01 5.795888341978986347e+01 6.617319979075705305e+01 5.688361407831143168e+01 3.658866905997803798e+01 2.644155504098768006e+01 1.962489156350014241e+01 9.984941781527968629e+00 1.460881284269343539e+01 1.984759616248982894e+01 2.866056013618585752e+01 4.472176014216002926e+01 6.875607822843397798e+01 6.623189245664765679e+01 7.428473307262902381e+01 7.380382614569738564e+01 6.573463536962218257e+01 5.267309505347494536e+01 6.553226855702921227e+01 6.501643205469605391e+01 6.033706557650416613e+01 7.437516501107994316e+01 9.431448305447368341e+01 8.689953439169273963e+01 6.663865462585526700e+01 6.663865462585526700e+01 8.245607147719503871e+01 9.088661559806710954e+01 9.434462276952234561e+01 8.242403250226905698e+01 6.253234917132261472e+01 5.101892857824475414e+01 6.479433537307124880e+01
6.829903721813710149e+01 5.673631549338220026e+01 4.965490836294797816e+01 6.072956640450419030e+01 5.623146769199835404e+01 4.791483334848710030e+01 5.622984592565467921e+01 5.447413286704451707e+01 5.230235302033258904e+01 3.695033219035124716e+01 2.855682207319816968e+01 9.533967468631850295e+00 2.945152909264993468e+01 3.990366555332301601e+01 4.878594042290134070e+01 5.882392790492450274e+01 5.545670511821537474e+01 5.774066263372311880e+01 6.107485444833292831e+01 6.315507236775675182e+01 4.676701419799747583e+01 4.114421237023785949e+01 4.562450093036571985e+01 5.096771091511955376e+01 7.084458719763360079e+01 8.850307279488595213e+01 9.310031017593993852e+01 8.921926649561612521e+01 7.520190999634284879e+01 5.507267965374740015e+01 6.224527063168287810e+01 7.919383060977735056e+01 8.465272964108046949e+01 9.064509403360248996e+01 7.634834844691724243e+01 5.637914740320706386e+01 4.485186660998507335e+01
8.508125078230720817e+01 7.677329501365463216e+01 6.968915296701433704e+01 6.038525323196189731e+01 4.624137733937125461e+01 2.797641422449867221e+01 4.601362860997033977e+01 3.415452505856645615e+01 3.568275671171615926e+01 2.817605555392944439e+01 8.895017220932757596e+00 1.430237329116947187e+01 2.721918014824074916e+01 4.732207936459797537e+01 5.846173787150861045e+01 5.021721805358339452e+01 3.688285726116374974e+01 2.417293671586270776e+01 4.182630636962197457e+01 5.034584604677512942e+01 3.538570481137648471e+01 5.533255979082974818e+01 6.553226855702921227e+01 6.188082592240352398e+01 7.911440372209202110e+01 8.718188127151888978e+01 7.275884829442297530e+01 8.079064919906807063e+01 6.059852118989480374e+01 4.905671616454832673e+01 5.069548190294580081e+01 7.018186540699680620e+01 6.441989394515584877e+01 7.875048192897131116e+01 8.469641390395817382e+01 7.084619524646522848e+01 5.092040550103632768e+01
7.835657756493479553e+01 6.884908883120453993e+01 5.726625753266891650e+01 4.894806517825231396e+01 3.209750144678034900e+01 1.837866246794956737e+01 3.278688243072724617e+01 2.233133346186712842e+01 1.262316903538538959e+01 8.255513838835941698e+00 2.233402495497771412e+01 3.329630469763535672e+01 2.960386853365786308e+01 4.982612488114483540e+01 4.707274746683436462e+01 3.055840590075932894e+01 2.296752617965543308e+01 2.649657004803244931e+01 2.763619940956757759e+01 3.044775343031944459e+01 5.034584592184646112e+01 5.533255958074671810e+01 7.526314253423939249e+01 8.177932510615768535e+01 9.007048741816359438e+01 7.705421265801167863e+01 5.853650865463447417e+01 7.705420287476168539e+01 7.604667749165487578e+01 5.590166000045785211e+01 4.177161893319321706e+01 6.135982171359922432e+01 5.025235124889685778e+01 6.441989394550745374e+01 8.465273060308713582e+01 7.909557713286966418e+01 6.089390620479056082e+01
5.830279010141625662e+01 6.051967020568493183e+01 4.047706237305215637e+01 2.895688071838135969e+01 2.434382860407814064e+01 3.280311562285090332e+01 1.385189403988715640e+01 1.093141610234855499e+01 1.519794778602418361e+01 7.802667447175927862e+00 3.304365439320910269e+01 5.026381424338562454e+01 4.981803333871288686e+01 4.380574645300482928e+01 3.562199608970297504e+01 1.964675152354266174e+01 3.309776280276363281e+01 4.493134707643852011e+01 4.169571296163731944e+01 4.450769661685052370e+01 3.822512086338843318e+01 5.233364942119808916e+01 7.225024436802353023e+01 8.375387256869804276e+01 7.364004445196943038e+01 6.522227197850605762e+01 4.854410412722064905e+01 6.862655718390632842e+01 6.957511798710328321e+01 5.771331484882026785e+01 3.769539383769721752e+01 4.132528206451830499e+01 6.135982174076151097e+01 6.441989394502137145e+01 8.465272896916256684e+01 8.905040152037251744e+01 8.079848428814023009e+01
5.830279010141625662e+01 4.412675774718915278e+01 3.745309383952510984e+01 4.894806517825231396e+01 4.423609781307702349e+01 3.735214525552901677e+01 1.799195898167684504e+01 2.709063734336393736e+01 7.161748903998073956e+00 2.663317590525191036e+01 3.494473422303650523e+01 4.139256822895048771e+01 4.061020209172755102e+01 3.247266940799221402e+01 1.645217463190723706e+01 3.562199608970297504e+01 4.707972053117745759e+01 6.106167825961654216e+01 6.162168365589919716e+01 6.444038368280783402e+01 4.528619204382596308e+01 5.816708457544152822e+01 7.809054265479653623e+01 7.529689716868985272e+01 5.514764678832224831e+01 4.515677787031719248e+01 4.148744784911022521e+01 6.152429742792821088e+01 4.947144763195461081e+01 4.947175078576024987e+01 3.377627577716467044e+01 5.378747754965186090e+01 6.973856914651071293e+01 8.465272895946634435e+01 9.308099774985976183e+01 8.809007769637740637e+01 7.961027501596213085e+01
