MOVIE_S13_data/elevation_000721.asc
nrows	150
cellsize	150.0
xllcorner	0
ncols	150
yllcorner	0
NODATA_value	-9999
[rows 51 to 67 of 150, columns 74 to 110 of 150]
8.422907413783666186e+01 9.254275749284963126e+01 7.640498415570591817e+01 8.008293455719487497e+01 6.331708904488920098e+01 6.653377673183878471e+01 7.026588333451219626e+01 7.705101641493293130e+01 8.794516305724945937e+01 1.095417526139972750e+02 1.121380068215390651e+02 9.181782175755161290e+01 7.736405424306929035e+01 9.776946616786334232e+01 9.885815424571410404e+01 9.290894978701003026e+01 1.132208043352475499e+02 1.157341474237058065e+02 1.040142994437962471e+02 8.882443308585811792e+01 6.843900554305538719e+01 7.517601399130272455e+01 9.555779569399460627e+01 1.101665382479871624e+02 1.185279190865980610e+02 1.219581293464739815e+02 1.135823586378144796e+02 1.186998851510775097e+02 1.114732434105995651e+02 1.108069256760792740e+02 1.200605044475726828e+02 1.178757381377633919e+02 1.053729704442933865e+02 1.196580295527129039e+02 1.205466494733247345e+02 1.157048685400150703e+02 1.038620142213499378e+02
9.966762949473958599e+01 1.047590317512671589e+02 9.646449118942896916e+01 9.166116653267140180e+01 8.341739813472473486e+01 6.851576013426338818e+01 8.860426505675306430e+01 7.630426854017804317e+01 9.047717945097953418e+01 1.104982209337929220e+02 1.106271964368002045e+02 9.029733984182186646e+01 9.776946616786334232e+01 8.539369303737133521e+01 1.057563620723380780e+02 1.132208043352475499e+02 1.215750447073107523e+02 1.073685911293379149e+02 8.702650000993919832e+01 7.522514056622804901e+01 7.863284198936101177e+01 9.555779569399460627e+01 8.960488958949339633e+01 1.099293823470147942e+02 1.137134526109695400e+02 1.053402355279359170e+02 1.137134526109695400e+02 1.143566235752914935e+02 1.227493607046303481e+02 1.187036814073001239e+02 1.076531248742071085e+02 1.007589889653644661e+02 9.049103341973591341e+01 1.074276923025114172e+02 1.163955532256685217e+02 1.063676929779959295e+02 8.401082763301226919e+01
8.550739331420477640e+01 1.055232446427246487e+02 1.089381151763392381e+02 9.416698625857398497e+01 7.410865698843319649e+01 8.860426505675317799e+01 9.689416197723656410e+01 8.088914720385560031e+01 9.508271656716748055e+01 1.150882533867168291e+02 1.189853031195005144e+02 1.046995512647322641e+02 1.057563620723192059e+02 1.057563620723380780e+02 9.560976760199429236e+01 1.159029565426892532e+02 1.156523691502022615e+02 9.536133985660232781e+01 8.357409630524362854e+01 9.562407934567312395e+01 9.306846549721572615e+01 1.073990035895787969e+02 1.099293823470147942e+02 1.182910906265272928e+02 1.037146725395414535e+02 8.543263184257051535e+01 1.037146725395414535e+02 9.435004983624577335e+01 1.111553905922606020e+02 1.026011600879419632e+02 8.561286971445835547e+01 9.068133795891260718e+01 8.019649538777649411e+01 8.664535976200708944e+01 1.075082440032625470e+02 1.144972349327284036e+02 1.036940315852822465e+02
8.769702736121875830e+01 1.077123072954778848e+02 1.006613113769033845e+02 8.064689855122476558e+01 8.417007966653433471e+01 1.024533694553740730e+02 1.067287705580246211e+02 8.668351128825622709e+01 9.508271656716748055e+01 1.092334170461680998e+02 1.292230786855398890e+02 1.249377978041686248e+02 1.259920749320511959e+02 1.242497900644472111e+02 1.057893010080614715e+02 1.242497899164702915e+02 1.240019913478146094e+02 1.039373379254076752e+02 9.271214271329816370e+01 1.123094943387559255e+02 1.133747010230287913e+02 1.168340248131909789e+02 1.084555628748790639e+02 1.061964889424092036e+02 9.538643368525319488e+01 7.545882865651883264e+01 9.538643368525319488e+01 8.288614780907572310e+01 1.022158710999464688e+02 9.359811844857601670e+01 7.423855420555319995e+01 8.267319160841660164e+01 7.191994398987807813e+01 9.250447558131338610e+01 1.104658125895963110e+02 1.044605033053398415e+02 1.071848631202351783e+02
1.072395998957199197e+02 1.160197761110660650e+02 1.056562406126038383e+02 8.567652367068444619e+01 1.041652883745660034e+02 1.041652883745660034e+02 1.130522822189605279e+02 9.305558255976947635e+01 1.130522822189586947e+02 1.233906458683075584e+02 1.255988721958662921e+02 1.173143988871515262e+02 1.255988721904187742e+02 1.343461668479762920e+02 1.260166120773700555e+02 1.343461668431114902e+02 1.325216678981699090e+02 1.213727853242122592e+02 1.070951788120777053e+02 1.213727853242122592e+02 1.215787632457589780e+02 1.084555628748790639e+02 8.850144246513804092e+01 8.620413935917358117e+01 8.620419394065534391e+01 6.871717064510031037e+01 8.391306555946148649e+01 7.392865776986882054e+01 9.389747334905403875e+01 1.000867848062605674e+02 8.340037660757985805e+01 6.406095957308818356e+01 8.421044176477519727e+01 8.725888389078835417e+01 8.891229638046866057e+01 8.812436592004760882e+01 1.054124007061975163e+02
1.172447049984671139e+02 1.197626238879067557e+02 9.981318534394043240e+01 9.201867048352282552e+01 1.119632798896423367e+02 1.241434943606327153e+02 1.213472732686845035e+02 1.046191672464038902e+02 1.093871165105152130e+02 1.293603994442856333e+02 1.156543510158041670e+02 9.747151877118884045e+01 1.156543510166665953e+02 1.251177346925963860e+02 1.168286440609088430e+02 1.251177346925963860e+02 1.346535890618086171e+02 1.264043913215549964e+02 1.273193848524222318e+02 1.274645411766309593e+02 1.072566712732689069e+02 9.319076059219472086e+01 9.434586902053833057e+01 7.440263076561657840e+01 6.613217258743777904e+01 6.227417272310896124e+01 6.380387778453135894e+01 8.391306555946148649e+01 9.644758964589379957e+01 9.433765312336953457e+01 7.429519349234045933e+01 5.997944460503894959e+01 7.964123519733291801e+01 6.755223400759483354e+01 7.359845246306917943e+01 8.891229638046866057e+01 1.104658125895963110e+02
1.345324603497655573e+02 1.280739953770830653e+02 1.197626238879067557e+02 1.035354215224787708e+02 1.046323473773592525e+02 1.245780496017629417e+02 1.328879592957623004e+02 1.245721315045078654e+02 1.293603994442858323e+02 1.229398648002624554e+02 1.073929588291653232e+02 8.758949033968529818e+01 1.073929588291669717e+02 1.151688751307952714e+02 9.697811044770757860e+01 1.151688751307952714e+02 1.231844872393277086e+02 1.065601417887057352e+02 1.231844872393277086e+02 1.195364613137090544e+02 9.946102808509645854e+01 8.804093517257879853e+01 7.915798478812220651e+01 7.309444563455281241e+01 8.620419394065534391e+01 7.785067231771827778e+01 5.765904286790374300e+01 6.804854596170322623e+01 8.224806780379847737e+01 9.514271065659650617e+01 7.633807103367605862e+01 5.613514815729305241e+01 5.961183226486329545e+01 7.964123519733291801e+01 9.303585912829609583e+01 9.303585912829609583e+01 1.124887382151382980e+02
1.263286067557250618e+02 1.380836943898609093e+02 1.317950844614424000e+02 1.234759485270365644e+02 1.187148840233826377e+02 1.328996435789462396e+02 1.362231115191428614e+02 1.279284271803133777e+02 1.270378760736769124e+02 1.129724304498323164e+02 9.480824320598242139e+01 8.094727723454212764e+01 1.007901240560128713e+02 1.069025351641647319e+02 8.707681998376732224e+01 1.069033772543082250e+02 1.043594723868467185e+02 9.513928088827253760e+01 1.149473085118983420e+02 1.279692276459936977e+02 1.163308039110545877e+02 1.073847619189769063e+02 8.938378182973085018e+01 9.304862885704027065e+01 1.013670046193774255e+02 8.614565738976955345e+01 7.392117156260233912e+01 5.371777213832533704e+01 7.017540035094418727e+01 7.849642542707525195e+01 6.675851053112366174e+01 5.243787478692176052e+01 7.263833147203298779e+01 6.682849503184468176e+01 7.584741661417720593e+01 8.737271635567978478e+01 1.073494623497250586e+02
1.183389631746915001e+02 1.183389631558143407e+02 1.307449688722403209e+02 1.389553099442370296e+02 1.387329834595275884e+02 1.369490441798251368e+02 1.269670853160803148e+02 1.080097869964791784e+02 1.116649255734832309e+02 9.890698482760956267e+01 8.489173199328169517e+01 7.486052219033945221e+01 9.009921143030115331e+01 9.140348940486481411e+01 8.041438225615608815e+01 9.626541612637736023e+01 8.453316459931713212e+01 9.855463570332108247e+01 1.183735878355751083e+02 1.235996187035327694e+02 1.153229171318169932e+02 1.177376850236020971e+02 1.093533592183141678e+02 1.058147502044983668e+02 9.746815259686371746e+01 8.993115166850171249e+01 7.538978927108996686e+01 5.519046323538701415e+01 4.996517727024158972e+01 6.689686896392525739e+01 6.978746520057707414e+01 4.958329890874797741e+01 5.598590586027806637e+01 7.616467911215555375e+01 9.520663267912244976e+01 1.041597918508442149e+02 1.157411607972233725e+02
9.855224657845624847e+01 1.146613717847005915e+02 1.110466660861201973e+02 1.298117185307469299e+02 1.396684321831145326e+02 1.286475517606084225e+02 1.087158009715089406e+02 9.883530809675370676e+01 9.186174245695772811e+01 8.657002238012481143e+01 8.158138252663530920e+01 9.010652822474725099e+01 7.003884997326042594e+01 7.136684140223708539e+01 8.921941249373374205e+01 7.633630833074791155e+01 9.626541612637736023e+01 1.125843956004160731e+02 1.121064026971587140e+02 1.038476110607516745e+02 9.544710398432813747e+01 1.121064026971587140e+02 1.116114978641457469e+02 9.160978716983024128e+01 7.753090265132578907e+01 6.991334568584929343e+01 6.349075185460808513e+01 7.539129969361324868e+01 6.689686896392525739e+01 4.669048914454047150e+01 6.368207941346315692e+01 4.701955183028658780e+01 6.721668375343870139e+01 8.448070483828588806e+01 9.028998047141729444e+01 9.863050887909001574e+01 1.108744028943529116e+02
8.927200336954713578e+01 9.487915522763952936e+01 1.019337906418505639e+02 1.117894359279018488e+02 1.314551986636375318e+02 1.369490441798251368e+02 1.269670853160803148e+02 1.186816763660586815e+02 1.116649255734832309e+02 1.063723022599413213e+02 1.014223216459373305e+02 9.835084511811248831e+01 8.561928801105152331e+01 6.543597683452905756e+01 6.913367245145980178e+01 8.921941249373374205e+01 1.044867027156237214e+02 1.111236265421444074e+02 1.006138387296394399e+02 8.395548514044070032e+01 8.395548514044070032e+01 1.038476110607516745e+02 1.131715564388766211e+02 1.058147502044983668e+02 9.746815259686371746e+01 8.993257950311071625e+01 8.360182525544169607e+01 7.411814390079672421e+01 5.398200478465797403e+01 6.366672396486713126e+01 4.346962506434497442e+01 6.257183771575049747e+01 7.476527559123351807e+01 8.696159738927700289e+01 7.004762987534867591e+01 8.696159738927700289e+01 1.018391832499109881e+02
1.086696261236757977e+02 1.055548357114285949e+02 1.216223172932028262e+02 1.298117185307469299e+02 1.396684321831145326e+02 1.313492074209118812e+02 1.198429331757175902e+02 1.115726473933052034e+02 1.045589958073875891e+02 9.827969925326151213e+01 1.042169532986041389e+02 1.003966758654829761e+02 8.287266464813069433e+01 6.263753981083530675e+01 8.287266692048238781e+01 9.744910411940475115e+01 1.100043118659056063e+02 1.028632321327402224e+02 8.292459302324508030e+01 7.234216232427483817e+01 9.236288680590605793e+01 1.073574493365932199e+02 9.327004404090887135e+01 1.073574493365932199e+02 1.107779727738241036e+02 9.628065853040347122e+01 7.650208920756661257e+01 6.226573820209526389e+01 6.650741652635696255e+01 4.633023509322290323e+01 4.179685876759235441e+01 5.980640006612198789e+01 6.810436566200635866e+01 7.858307433076618054e+01 5.864191518491146837e+01 7.858352764792725509e+01 8.766876096409991703e+01
1.152682486968360394e+02 1.252816422507833636e+02 1.334819357803530977e+02 1.315996836601142377e+02 1.294193808581219685e+02 1.230581080016601732e+02 1.031647066796584937e+02 9.173504500417664076e+01 8.470211659270232474e+01 7.835338157331864295e+01 8.431594322792747676e+01 9.214392540905767248e+01 7.209151178454736453e+01 6.030540751069887051e+01 8.056666017595473761e+01 8.179991128986996785e+01 1.017465066439799983e+02 1.016582378832255529e+02 8.658340147148564370e+01 6.645317126328637869e+01 8.658340147148564370e+01 8.757503668550198483e+01 7.913886459896744441e+01 9.909906206640540915e+01 1.027266476026291286e+02 8.306545663587156980e+01 7.306346119313798226e+01 7.650208106381586504e+01 7.470305020062370716e+01 5.803572383166827819e+01 5.946516560439776811e+01 3.957760484428373360e+01 5.763585565546004830e+01 6.264962524361890672e+01 5.180621768853732334e+01 7.142262163746079295e+01 7.760404685861696805e+01
1.094963961214697719e+02 1.292027334643032930e+02 1.315996836601142377e+02 1.118265247815255634e+02 1.096707174482146598e+02 1.195450491531684492e+02 1.198429331757175902e+02 1.115726473933052034e+02 1.042169532986660698e+02 8.431594322792747676e+01 7.007497444075990245e+01 8.326091564552294244e+01 7.832917090786357051e+01 5.805741734123046882e+01 6.529066414928787765e+01 7.701966478590489373e+01 9.699013757932607405e+01 9.340147440404592771e+01 7.337409360599988872e+01 6.163626233737903704e+01 8.183866070913087754e+01 6.746560238460160974e+01 8.046527800550603615e+01 1.004666538796847419e+02 1.107779727738241036e+02 1.009801187313801449e+02 9.289604915894928183e+01 9.627907381832886813e+01 8.654590418072343994e+01 7.824239940187932518e+01 6.773019293440718513e+01 5.763900564006889482e+01 3.738672741361619245e+01 4.301384775595565202e+01 6.264962717042810425e+01 7.200637606939790203e+01 6.367485074680389801e+01
1.292027334643032930e+02 1.374111725453890074e+02 1.294193808581219685e+02 1.096707174482146598e+02 9.595961585501406432e+01 9.997550453412483762e+01 1.138801442083678523e+02 1.107287735436718492e+02 9.086927061300794151e+01 7.934487026072417848e+01 7.028939283409476957e+01 6.305471537347546018e+01 5.919500147165768311e+01 5.594657615964582931e+01 7.621570184192817976e+01 9.372049360099930482e+01 1.052423611397284589e+02 9.181358129283059100e+01 7.174955104986477750e+01 5.739020829334521778e+01 7.221788134005221593e+01 6.026336446881288822e+01 8.046527800550603615e+01 8.869254236967680072e+01 9.696362627144031876e+01 1.006117585691596048e+02 9.059267253614609672e+01 8.233239794792294219e+01 7.558389695958932464e+01 6.964618475706438971e+01 7.054418672391956591e+01 5.026849719004024308e+01 3.590462360210892712e+01 5.410988388856955567e+01 5.661946142673658500e+01 5.945588109144406275e+01 4.344138307772944785e+01
1.259723942769943505e+02 1.306614203897350137e+02 1.224117697033479573e+02 1.225293240757522994e+02 1.057072914483100305e+02 8.640274068134444008e+01 1.057072914483100305e+02 1.189972237621836229e+02 1.075140349747849200e+02 9.860616294669722492e+01 9.035527756031883939e+01 8.326091597896001417e+01 7.412510115155470203e+01 5.386875525189288538e+01 7.412510115219140516e+01 8.408012957511881780e+01 9.235659691843035546e+01 9.765371236365899676e+01 7.762616945009757785e+01 7.221788134005221593e+01 5.197537571087187303e+01 6.790216463907837863e+01 7.448164922498344254e+01 6.859530456065542126e+01 8.869254237238317273e+01 9.235359709850993681e+01 7.231321060611617213e+01 6.208578354631060847e+01 5.502181924391163648e+01 4.860085307636178698e+01 6.168909436688957726e+01 6.389766934788597297e+01 5.399385212699232994e+01 3.383162610367927670e+01 3.634259537570721221e+01 3.919979306262378316e+01 5.945588109144406275e+01
1.177799471249215060e+02 1.224117697033479573e+02 1.027886279304866832e+02 1.085361130875728435e+02 9.484548199723001005e+01 8.124473307815155465e+01 1.005479332357692925e+02 1.124180902636842916e+02 1.042552525815018640e+02 1.021170925671356997e+02 9.656541235178957550e+01 7.658312419027457452e+01 6.255573023296066992e+01 5.208164599709657949e+01 6.982810021501623510e+01 6.392471636284528813e+01 8.408012957502391771e+01 8.731123268069477206e+01 9.321729430062698896e+01 8.052259469672641501e+01 6.790216463907837863e+01 4.767688352966588639e+01 5.426621930933136184e+01 6.859530456067037107e+01 8.869254251251082621e+01 1.006123688352291623e+02 9.060490003743659315e+01 8.233323044476209418e+01 7.557798434895079254e+01 6.164326134099101040e+01 4.015510031593323248e+01 5.410914271940534093e+01 4.976835322573678866e+01 3.237676421843870145e+01 5.290254339133606720e+01 5.945588109144404854e+01 6.779469762515545028e+01
