MOVIE_S13_data/elevation_000009.asc
nrows	150
cellsize	150.0
xllcorner	0
ncols	150
yllcorner	0
NODATA_value	-9999
[rows 34 to 50 of 150, columns 111 to 147 of 150]
1.026597496700105836e+02 1.006234214794972814e+02 9.235072512209421802e+01 9.711522431531236066e+01 1.053965979967343571e+02 1.148243507510316164e+02 1.095378321357341065e+02 9.267332978456988712e+01 1.011970350969730390e+02 1.095378321357341065e+02 1.093818288722886081e+02 9.078985793766804591e+01 7.080715295893034522e+01 6.082712163859703480e+01 7.296508423605907012e+01 7.801609533248661421e+01 5.804906558254293003e+01 7.801609533248661421e+01 8.264262092748710131e+01 6.438523229522890290e+01 8.264262092748710131e+01 7.701325903398623041e+01 8.528811514675885519e+01 8.466715998623874384e+01 8.394483932720871167e+01 6.413327235570862683e+01 5.256530653327767055e+01 6.310619774879216237e+01 4.529838814439350614e+01 4.681143345394455935e+01 5.737799835366830337e+01 3.695168230858150338e+01 4.866818792703109864e+01 5.697576467574533865e+01 4.244386048899028907e+01 2.244386048898958208e+01 3.089685510519721845e+01
9.315615500760451084e+01 8.769614053909918994e+01 8.769614053909918994e+01 1.068173236830312760e+02 1.147865222680608497e+02 1.064481209106185275e+02 1.011970350969730390e+02 8.096063668608316277e+01 8.096063668608316277e+01 9.787124094716251932e+01 1.107681567616580480e+02 9.078985793766806012e+01 8.079850544829923820e+01 7.080715295893034522e+01 8.907375712607014862e+01 8.629141615018039602e+01 6.802565614418783468e+01 8.629141615018039602e+01 9.262791833702559074e+01 8.435130087066960414e+01 9.262791833702559074e+01 8.987958460213675949e+01 7.878338134050693498e+01 6.458762023183135170e+01 7.878338134050693498e+01 8.068577542960802873e+01 6.310619774879216237e+01 4.294361521187137498e+01 3.712121349590069030e+01 3.207757286987750689e+01 4.698575389028967209e+01 4.866818792703109864e+01 2.785521742733974193e+01 4.866818792703109864e+01 4.244386048899028907e+01 2.244386048898958208e+01 1.089685510519686140e+01
7.573822576182710975e+01 6.878901715791675997e+01 8.769614053909918994e+01 1.052076672502769981e+02 9.685775686308635102e+01 8.622742449692623268e+01 8.993799142486126641e+01 8.951354502701731519e+01 6.917388387585432952e+01 8.951354502701731519e+01 1.023717661948830084e+02 1.090519819585955759e+02 9.906409467899587185e+01 9.078985793766804591e+01 9.906409467899587185e+01 9.628129201604423315e+01 8.800653452078542216e+01 9.628129201604423315e+01 8.766816635615003861e+01 7.935440441374259990e+01 7.988111159409412210e+01 7.156690200846483663e+01 6.150443762645440415e+01 5.042389951827286154e+01 6.981532575846676991e+01 7.950910074274783312e+01 7.131228579749786434e+01 5.384891950302905883e+01 5.751410350397345894e+01 4.698575389028967209e+01 2.609805339237982480e+01 4.184355749545468228e+01 2.249197727022166049e+01 4.346494530210826923e+01 5.072813173647495688e+01 3.918112635266611221e+01 3.089685510519721845e+01
5.659885591091212120e+01 7.573822576182710975e+01 9.010459207771907586e+01 9.685775686308635102e+01 7.660214518647843818e+01 8.253487648947546518e+01 6.966270282408645187e+01 7.711477298572187067e+01 6.359964767963315779e+01 7.372323530117259338e+01 9.402138054664818867e+01 1.081615162389590665e+02 1.000235146797332675e+02 1.000235146797332675e+02 9.713737712133780633e+01 9.713737712133780633e+01 1.052788619676378801e+02 9.510326504847158446e+01 7.935440441374259990e+01 5.928422408176096781e+01 6.516264380136151146e+01 5.151998111538974712e+01 5.552379745930235089e+01 4.150831724401351863e+01 5.116270211866127937e+01 7.119699938443331177e+01 8.200417761094547586e+01 7.382230212158889060e+01 6.135857159587405363e+01 4.103233786712043241e+01 4.184355749545468228e+01 2.083345956877770178e+01 1.753397102458470158e+01 3.465743927168981031e+01 4.311037722086873458e+01 5.500785644484354009e+01 3.834426353160337442e+01
5.204524854247988941e+01 6.306493904779465254e+01 8.209940790163038571e+01 9.150949852010589325e+01 8.253487648947545097e+01 6.243321065576954254e+01 7.179008413902585062e+01 5.719161163020898186e+01 7.117755720768739991e+01 9.143968457813079453e+01 1.023717661948830084e+02 1.000235146797332675e+02 8.006444336409360574e+01 8.006444336409360574e+01 7.707421753030293132e+01 7.707421753030293132e+01 9.713737712133780633e+01 8.679157636172433854e+01 6.670453510702860456e+01 5.513096991662043678e+01 4.513995132580789971e+01 4.000678932470960092e+01 3.558584362383450639e+01 3.490805607302272051e+01 5.483906416564073538e+01 6.539583105332513924e+01 6.573653314180792506e+01 7.404557138839007280e+01 6.958714388839135268e+01 6.135857159587405363e+01 5.022463817407602704e+01 3.313439470953787946e+01 3.465743927168981031e+01 1.376000675764146841e+01 2.586500809755192520e+01 4.666811984533401869e+01 3.005999228414212610e+01
5.379803953909240732e+01 6.219966900485952976e+01 7.046753441431829401e+01 7.158822041846774198e+01 8.603067699831089499e+01 6.589143744047515838e+01 5.241760594433917220e+01 7.179008413902585062e+01 8.548468743710468232e+01 8.603962100746721831e+01 9.439865423624503649e+01 1.024591546697498217e+02 8.591032000625860121e+01 6.524588839721593558e+01 6.209806778895473656e+01 8.295058092248916637e+01 8.322470023448531151e+01 9.147682084962660554e+01 7.935440441374259990e+01 5.928422408176096781e+01 6.516264380136151146e+01 5.999280683442476914e+01 4.951227819024105514e+01 2.966117319394621532e+01 4.541730789926255341e+01 4.541730789926255341e+01 4.573993982953085435e+01 6.248984569398585620e+01 7.310863282703648736e+01 7.379926532487345980e+01 5.374049509921957934e+01 4.410743707827430171e+01 2.328421314042040891e+01 1.127513953651687117e+01 2.859246971491238298e+01 3.708084160425739384e+01 3.834426353160337442e+01
4.456137651923519627e+01 4.320910969750592301e+01 5.221617518982814943e+01 6.857748032696731855e+01 7.286998385797997457e+01 6.461805499014305099e+01 4.967450981107441521e+01 6.872702638816795684e+01 8.278817285769216028e+01 6.595889919070458518e+01 8.278817285769216028e+01 8.239993995547965255e+01 8.239993995547965255e+01 7.557810420173723287e+01 5.425106922340054894e+01 6.846909254229167630e+01 6.235711971512833429e+01 8.322470023448531151e+01 8.766816635615003861e+01 7.935440441374259990e+01 7.309740757476262729e+01 5.305339032061845472e+01 3.895855816448148801e+01 4.541730789926255341e+01 2.563553272843896025e+01 4.161030349262134820e+01 3.429888480555042918e+01 4.482331664964531370e+01 5.896597473834091119e+01 5.991238539527981288e+01 5.160255578962886602e+01 5.247146370190558429e+01 4.055572622054548049e+01 2.859246577876545459e+01 7.903792069944847398e+00 2.521402289193682833e+01 3.366909420101904971e+01
5.804420681073268895e+01 6.040376489553485584e+01 4.129190323682330899e+01 5.855757665209999629e+01 6.074484606389225405e+01 4.584197808663616058e+01 6.461805499014234044e+01 7.704375455582110988e+01 7.444601086103739362e+01 5.458565401198389822e+01 7.444601086103739362e+01 8.239993995547965255e+01 6.151609383650126262e+01 6.919183594739178034e+01 6.846909254229167630e+01 4.688385901607332329e+01 6.846909254229167630e+01 8.562644674275281886e+01 9.389550793882703772e+01 8.579368577948437746e+01 6.571910731244729220e+01 5.155840522369560119e+01 5.892414705213712978e+01 4.541730789926255341e+01 4.161030349262134820e+01 2.187719978463898229e+01 3.812195063117840732e+01 3.082691829281911922e+01 5.067494476413811810e+01 5.160255578962886602e+01 3.176164978737859101e+01 3.757291661055281651e+01 3.943374201114266953e+01 3.089403383050007434e+01 2.521402282416827489e+01 4.633541671156061525e+00 2.193397216777001901e+01
7.856465657629006216e+01 6.857748080302513927e+01 5.855757665209999629e+01 3.938922511949132144e+01 4.198804924402460159e+01 6.067545543648009243e+01 5.824862876986004068e+01 6.377225007146545721e+01 6.742431435863443312e+01 4.768973236156114837e+01 5.860292372087225488e+01 6.684846860141733771e+01 6.919183594739178034e+01 4.776525419599990130e+01 5.847854507169585503e+01 4.269390532764924728e+01 6.423587996707455261e+01 6.488956266299273068e+01 7.552975414532116361e+01 8.389591374119193290e+01 7.991171870209745975e+01 7.159881521598110510e+01 7.370233289284625755e+01 6.155096247965542489e+01 4.161030349262134820e+01 3.812195063117840732e+01 1.840315608269636272e+01 3.230455738292182843e+01 5.216637925233905548e+01 4.899403066890650393e+01 3.733516620260106578e+01 1.854932858187247646e+01 2.940135014585745310e+01 8.728409684136295255e+00 2.279854792824971099e+01 2.154162734148505720e+01 1.377424523843939985e+00
7.933847586656948181e+01 7.096094078619020706e+01 5.158116421357484427e+01 3.804884603794684494e+01 5.560864332467451732e+01 5.367003492995558389e+01 3.383705788154770033e+01 5.000638637496984273e+01 5.106124857579553833e+01 5.858336791514571473e+01 3.894463269411811979e+01 5.859006892085829321e+01 6.063609044952553973e+01 5.847853523460447178e+01 3.715941250027126586e+01 5.365229368181474712e+01 4.742146209956941050e+01 6.061570711234677589e+01 5.443810656141855731e+01 7.552975414532116361e+01 8.895530500194918488e+01 7.321987595339427912e+01 6.328209122437418443e+01 5.501281595749375697e+01 4.843252454046660205e+01 3.582968732463007910e+01 1.609975144716378637e+01 3.263073421876265456e+01 4.087514479371975540e+01 4.063433050912676237e+01 2.089695377228169804e+01 1.179745878658301628e+01 2.341307736797864436e+01 3.562266948976135161e+00 2.943282427829299497e+00 2.320469277510152750e+00 1.542534998203214158e+01
5.966631254031157283e+01 6.950239420344061614e+01 6.422762182821830379e+01 5.122491720898769074e+01 3.634863449432778992e+01 3.529999261521611231e+01 4.527192365478914127e+01 3.239069880999424100e+01 3.138078170532713074e+01 4.959982539574783544e+01 3.386728997934977059e+01 4.758651708630450372e+01 4.088771475027049718e+01 5.443444763782819251e+01 5.312487885166569868e+01 3.265585263343851352e+01 4.927287152894665923e+01 3.939520483855114463e+01 6.061570711234677589e+01 5.883052970562209794e+01 7.389291735378559167e+01 6.491405584904208581e+01 4.511157606594544944e+01 3.527194170641218562e+01 2.873309654748109665e+01 2.308274030532837884e+01 1.782972590048213135e+01 1.287128346180425886e+01 2.976373177088432342e+01 2.776449547251798933e+01 2.308332941889389645e+01 5.063784212334800472e+00 4.440597418134023755e+00 1.267654573655019590e+01 2.279856208862411648e+01 1.638161152468585513e+01 2.556634405469636206e+01
6.370899082298462446e+01 5.026301058155257095e+01 5.859506045999498980e+01 3.946943634199134010e+01 5.550044234708913393e+01 4.264984092240031543e+01 5.633939251645313107e+01 5.189625467485191024e+01 4.953987940097576370e+01 2.996302704509175285e+01 2.897996472090965980e+01 2.802246384003239044e+01 2.707045161712358805e+01 4.421548294243051203e+01 5.319250753450528890e+01 4.927287152894665923e+01 2.860399901658528066e+01 4.540018579521478870e+01 5.048908421310736827e+01 4.194786475647951107e+01 6.521437283972998955e+01 7.321987595339427912e+01 6.328209122437418443e+01 5.501281595749375697e+01 4.843252454046660205e+01 4.274376111785048238e+01 3.748961910900363392e+01 2.976373177088432342e+01 9.972302158116475468e+00 7.951627925950012887e+00 5.951195770290725662e+00 2.490330554618034142e+01 2.428496095892756657e+01 1.697004262218410275e+01 3.649189416158638721e+01 3.619670345467420702e+01 3.830700371610600286e+01
7.336911291274100222e+01 6.164794873022672306e+01 4.262407628922444047e+01 5.859506045998610801e+01 6.662603947989401831e+01 5.630903652159394568e+01 5.606379709521376498e+01 6.366205254260987800e+01 4.398486272604408498e+01 3.991253854347394281e+01 4.859954721777751274e+01 4.762489447402963805e+01 4.528497517663688399e+01 2.573099123155593304e+01 4.526987443455177385e+01 5.787320956541230998e+01 4.540018579521478870e+01 2.498841914037453904e+01 2.892268913579820122e+01 5.020655986146640970e+01 6.262373635959233553e+01 6.184016077315479976e+01 7.020632789558324305e+01 6.427349348149869002e+01 5.271221918044399501e+01 4.442054437816965873e+01 5.017853081562580542e+01 3.579730878508238590e+01 2.616167530416090514e+01 2.643884499769693619e+01 6.613191617659042620e+00 8.656614640670913019e+00 3.542611549511388347e+01 3.091013146881495999e+01 4.500835653761855326e+01 4.417927429332470979e+01 2.417523676316884007e+01
6.515449822566402815e+01 4.616174328146569650e+01 6.164794873022172084e+01 5.594595051107547334e+01 7.541379016355567444e+01 7.683732797897712885e+01 6.705071995694052589e+01 7.192781162781260207e+01 6.337905337179456922e+01 5.864667099177771803e+01 6.608711960123964957e+01 5.341622157935339033e+01 3.587991802763140470e+01 2.478726835677275275e+01 4.297942284270239810e+01 5.102529566456826160e+01 4.228374990562027591e+01 2.247983991648897018e+01 3.995000503679625581e+01 4.840950446665615914e+01 4.187689431494998615e+01 4.178730435706133761e+01 6.184016077315479976e+01 5.598568934225142613e+01 3.595427066756245438e+01 2.401037061061997946e+01 3.350852847659657385e+01 2.222971661362958784e+01 8.221425326554884450e+00 7.554998451620639877e+00 8.511630016119267950e+00 2.519837646384024055e+01 4.355724032356982178e+01 5.081642878661399010e+01 5.053212025838538324e+01 4.224784901091921085e+01 3.414402948156563156e+01
4.979216825050296791e+01 5.941634011814304728e+01 7.336910498366815148e+01 7.541379016355925557e+01 8.370618608116463122e+01 9.382875486407841947e+01 8.609407347722117265e+01 8.498870773261623413e+01 7.324266293813769835e+01 6.489284072931687319e+01 6.742392419928886227e+01 6.300474914056984943e+01 5.248138001946565367e+01 4.293588896167627667e+01 2.345489957038915563e+01 4.162087800857236175e+01 3.789712434296983901e+01 3.881652670566685970e+01 1.916061945242287834e+01 3.676727203872281535e+01 2.781526962964521132e+01 4.765573010372542484e+01 6.143840241572591765e+01 5.371241628621336162e+01 5.271221918044399501e+01 3.351084760064222934e+01 1.386690828371487427e+01 9.167873759432900727e+00 1.970583957972203493e+01 2.736942361370632781e+01 1.803327784253883692e+01 3.788930243673418374e+01 5.344000610814672569e+01 5.638998463465065925e+01 3.638998463464995581e+01 2.224784901091850386e+01 2.959873837024511900e+01
5.529657599632491838e+01 7.473229564271893821e+01 8.732182635921601843e+01 9.214314083797913213e+01 8.376724088217908104e+01 7.668556069316332469e+01 8.504166176518290854e+01 7.652402061358486662e+01 5.646414924721579354e+01 4.515086004971728073e+01 4.769452255056942391e+01 5.114250979477440495e+01 4.585649708500528732e+01 2.629132025107314163e+01 2.419999976960564325e+01 2.211846804949080081e+01 2.125407898529952888e+01 2.038788407475884767e+01 3.458211201244795063e+01 1.800810824741280314e+01 3.573575380897591458e+01 4.456741881110930592e+01 5.195283102557045396e+01 3.602163533442310239e+01 4.119502322565102048e+01 2.991473803460725378e+01 1.012719363222665514e+01 2.896867539219402232e+01 1.753956268654333783e+01 3.731892098013782544e+01 3.792593711917125177e+01 3.211324925007460962e+01 5.195900700658594928e+01 5.788300961771366815e+01 4.788300961771118835e+01 2.959873837024511900e+01 9.598738370244763729e+00
6.154403265968701220e+01 8.132642728167044766e+01 9.542968509221080353e+01 7.522973917999833304e+01 6.373722454679440119e+01 5.681336740332670132e+01 6.821202900326390761e+01 6.435002373549154697e+01 6.063978365076484778e+01 5.347366920498431853e+01 3.383371917061533907e+01 3.151081672341753048e+01 2.930977715006535789e+01 4.562250386911240696e+01 4.355967951328930354e+01 3.322760158542497777e+01 4.085583859602979828e+01 3.988646640971123958e+01 2.235212570468144833e+01 3.662189808042404593e+01 1.690166006783640640e+01 3.646042280455268525e+01 4.078515099493221641e+01 2.672569788477278507e+01 2.122621701140777617e+01 3.058648451673407109e+01 1.080639687898509926e+01 2.381683916485610908e+01 3.699499008063092020e+01 2.733867894347572047e+01 4.729939692107588911e+01 5.195900700658594928e+01 6.023901830856487294e+01 4.959873837024582599e+01 2.959873837024511900e+01 1.959873837024494136e+01 2.959873837024440846e+01
