MOVIE_S13_data/elevation_000725.asc
nrows	150
cellsize	150.0
xllcorner	0
ncols	150
yllcorner	0
NODATA_value	-9999
[rows 102 to 118 of 150, columns 74 to 110 of 150]
5.814218237763916619e+01 4.810047468351263689e+01 4.140645411367426476e+01 3.536166255772668876e+01 3.051763914270119216e+01 4.928531114778136413e+01 5.745687337555059315e+01 6.002273001102874161e+01 6.002273001102886241e+01 8.007070194457990908e+01 9.009970309835281910e+01 7.579227763926594719e+01 5.594764954655644118e+01 7.579227763926594719e+01 7.550627403796774217e+01 5.542448539925862150e+01 6.280543572028510368e+01 4.615202149126554332e+01 6.034465374857447273e+01 7.819382596940647545e+01 7.966556564326468504e+01 7.030404923048878629e+01 9.041568961582869690e+01 8.627158974692945037e+01 1.063496470238888350e+02 1.122418535995131492e+02 9.744062948822671899e+01 7.716815999052718666e+01 8.461919400642275946e+01 7.800761094694442477e+01 5.748540745302550192e+01 7.075191676782947070e+01 7.916133120589859118e+01 7.437003750739678765e+01 5.384329261429927982e+01 5.578296675156995121e+01 7.630332705948853800e+01
7.679977537916633423e+01 6.828554474769531168e+01 5.176488301136823367e+01 5.511489729249008462e+01 4.441802338732820488e+01 2.947710550736241686e+01 4.845207302502674196e+01 3.998176423438413707e+01 5.414999128037189280e+01 7.420077550278281819e+01 7.009232065088727381e+01 6.877614209202600648e+01 4.907955551985320142e+01 5.996756079200842038e+01 5.744978624779893295e+01 5.964649546804188418e+01 4.273365793492320819e+01 5.276413220897276801e+01 7.284673923159743936e+01 8.874242965500411628e+01 9.872171992815287922e+01 9.041568961582869690e+01 8.673143467553803987e+01 1.063496470238888350e+02 1.146423743040724474e+02 1.185361027879186224e+02 1.057469701704133200e+02 9.155501477216604655e+01 9.460656070137807205e+01 7.427708219507542253e+01 6.370062726468706416e+01 8.418339907950300471e+01 7.950007129272731277e+01 5.897993615140560308e+01 7.437003750739667396e+01 7.630332705948853800e+01 6.768073874506069387e+01
8.651741212995997898e+01 8.055159785663195748e+01 7.201861902203960142e+01 6.004738182747473729e+01 4.011829381977506870e+01 4.796933129873639245e+01 2.844420378125975901e+01 4.742063330626916695e+01 5.436200698263263575e+01 6.410011926376600400e+01 5.590613661298981896e+01 5.958858709014265287e+01 5.996755170624795994e+01 4.023590228103658006e+01 3.732352281844016062e+01 3.954377657990343664e+01 5.964649546804188418e+01 7.111614397510061281e+01 7.284673923159743936e+01 9.291396228404467195e+01 9.842193359561215971e+01 1.067022053871738336e+02 1.068087441824503969e+02 1.151007541818466819e+02 1.128234867648829152e+02 9.891071679943691208e+01 1.128234867648829152e+02 1.116497603586430643e+02 1.029285900380985197e+02 9.097717002608904124e+01 7.059585718633073270e+01 9.097717002608904124e+01 8.786280234394034494e+01 7.354856750395123299e+01 6.459443330989310539e+01 8.507386721318491141e+01 7.953807268490284343e+01
6.646908372415099109e+01 8.324287309373427490e+01 7.424062704341261565e+01 5.420784609851311586e+01 6.007529645449377398e+01 5.666881677032197473e+01 4.742063330655131637e+01 2.741726675279686631e+01 3.734544768786337698e+01 5.564792211626188845e+01 5.882719872976139186e+01 3.952692597585755152e+01 5.225910256720512592e+01 3.467588593265002572e+01 5.477390291742845818e+01 4.283684847097568849e+01 6.291383780788071789e+01 7.308698524915674000e+01 7.845226016325833029e+01 8.424520259194261484e+01 7.837300834010750350e+01 9.842193359561215971e+01 1.156303044778682505e+02 1.074570210032437245e+02 1.046588592720597433e+02 8.507727044236403913e+01 1.046588592720597433e+02 1.068957807536804836e+02 1.150677376833959471e+02 9.929940123946127528e+01 8.087994336727044242e+01 9.929940123946127528e+01 1.021770371809483180e+02 8.915753830627480170e+01 6.873918284082493813e+01 8.915753830627485854e+01 9.975322588537281376e+01
5.488499455860784337e+01 7.494250432806413187e+01 8.254772780580374558e+01 7.424062704340006746e+01 7.333190862975246205e+01 6.438665771407674754e+01 4.669474343731079813e+01 2.669317252489001646e+01 4.567566014136570374e+01 4.680598181940672475e+01 4.834939689066204949e+01 3.079316308245184075e+01 3.230353014188506222e+01 3.773583317873180931e+01 5.783347254467742005e+01 6.291383780788071789e+01 4.863972639804096332e+01 5.301382975947379350e+01 5.837723964883708305e+01 6.417786136833767330e+01 7.837300834010750350e+01 9.842193359561215971e+01 1.074570210032437245e+02 8.783396378482277100e+01 9.358142417648666367e+01 7.760428828151010805e+01 9.302034810900637751e+01 8.727295572378801580e+01 1.068957807536804836e+02 1.093733372596060178e+02 1.010743966849076259e+02 1.093733372596060178e+02 1.055888002376837989e+02 8.546469645669881743e+01 7.429111369067101123e+01 8.174922391078166584e+01 9.344378709837300789e+01
6.422131438675317838e+01 7.579288154262277999e+01 8.409362709640114986e+01 7.918709523444204024e+01 5.918076359331246294e+01 4.504455569061469333e+01 3.610288041763819677e+01 4.448391730154512658e+01 2.567449906648674940e+01 2.714931858659265274e+01 2.867762477753516848e+01 4.836357087858349502e+01 4.115392201869893540e+01 5.783056136506671407e+01 4.673492943745908690e+01 6.681238253121995285e+01 6.282933485600231904e+01 6.721053241113702370e+01 6.940585481630006370e+01 8.424520259194261484e+01 8.056681634022019978e+01 1.006121444889758578e+02 1.074570208886508595e+02 8.783396378478107636e+01 7.385184547695958202e+01 7.053154654002403845e+01 7.328419180903003394e+01 8.727295572378801580e+01 1.068957807536804694e+02 1.067150274753234811e+02 1.067150274753234811e+02 1.264567983470289363e+02 1.138726393857752441e+02 9.431089147231418224e+01 8.002348514340395980e+01 1.001666770176206001e+02 1.101907373951792692e+02
5.941878114025783475e+01 5.573878604976810891e+01 6.726629420926629166e+01 7.554853436495214680e+01 7.333191243704777662e+01 6.438666143504201500e+01 5.609702233733634813e+01 4.495651879347076374e+01 2.495299944840214934e+01 4.493786111022235019e+01 4.835222647506301286e+01 5.664294762876004796e+01 5.276064691560591768e+01 6.949738202099194950e+01 5.384007164419993785e+01 7.390717494129236798e+01 8.289579039098038038e+01 8.727399738934973072e+01 8.946613735199950668e+01 9.775354015274025699e+01 1.006121444889758578e+02 9.881015797876646900e+01 9.061573366541485086e+01 9.061573662014885144e+01 8.371663313046785504e+01 6.381647075115477463e+01 8.371663480615917763e+01 1.011703467035919743e+02 9.537682041842742819e+01 8.707667678604347827e+01 1.009449185288780910e+02 1.206453027502025463e+02 1.225831883040784902e+02 1.077293232404503840e+02 8.772044208128069442e+01 1.001666770176206001e+02 1.201600172429263580e+02
3.936875546511896573e+01 5.875656842034133831e+01 4.749555752730108082e+01 6.334684532367670329e+01 7.327903615584595798e+01 7.636258309163818581e+01 5.281164037782282605e+01 3.625596197188200165e+01 2.429548709609466073e+01 4.299351846744058037e+01 4.779151511558908538e+01 5.636015169895517118e+01 7.280028704771234516e+01 8.104402123573353833e+01 6.803250299153866365e+01 6.803250299153866365e+01 8.808988763688080326e+01 9.427979911048069539e+01 8.608221373378412977e+01 9.427979911048069539e+01 9.902144098060793453e+01 9.061573366541485086e+01 7.078563639177541233e+01 7.078563639366440441e+01 8.002126585222664801e+01 6.008206756452172215e+01 8.002126585222664801e+01 8.697172784617698937e+01 7.566513108659852094e+01 8.962154656237443362e+01 1.092712806168817110e+02 1.152905799572880312e+02 1.235097549956702920e+02 1.160069187801219073e+02 9.928986281619926046e+01 1.160069187801219073e+02 1.157829265484948849e+02
3.041956875517920267e+01 4.819829704061226039e+01 3.634435840088667646e+01 4.199697545929576847e+01 6.412579779774348765e+01 6.592183683660748272e+01 6.020476766312560812e+01 5.147994171652228346e+01 4.325729692366910228e+01 2.336295857597212944e+01 2.875452604990474725e+01 4.830930100448068032e+01 6.677873755940692035e+01 7.715215053919024513e+01 8.808988763688080326e+01 8.808988763688080326e+01 9.638481489070389330e+01 8.429331288051446336e+01 6.603375057673963511e+01 8.429331288051446336e+01 7.925428512492163691e+01 7.925191380963723020e+01 7.656330300540813028e+01 5.664580369755916678e+01 7.166057087863400454e+01 5.654566094177670266e+01 7.649647806165096142e+01 6.712450504735824097e+01 8.697172784617698937e+01 1.035477099638701191e+02 1.013956000155412482e+02 9.564011087476774264e+01 1.152905799572880312e+02 1.275399813955385326e+02 1.192578405742109737e+02 1.173805462244560971e+02 1.091858963407122758e+02
4.819828003382267667e+01 2.820945445566173859e+01 2.672014034372124058e+01 4.360344857382985140e+01 5.281022881519384526e+01 6.205869113603667131e+01 4.454204327301825828e+01 3.405318087747487965e+01 3.951516191499250397e+01 2.270071544684230602e+01 4.289662416675294310e+01 3.790168007454926169e+01 4.793728204042535879e+01 6.868633935646447242e+01 8.671033483032712752e+01 8.671033483033400557e+01 9.492120912926249332e+01 7.605798215526195349e+01 5.585681259785823016e+01 7.434789760628780186e+01 7.925428512492163691e+01 5.935968489777201995e+01 6.653687569318694273e+01 4.960109340349654872e+01 5.171758164520909418e+01 5.452505963326562721e+01 5.952187535779597738e+01 7.947018274032483021e+01 8.727174402951882826e+01 9.158313131932717965e+01 8.177066262311316791e+01 9.564011087476774264e+01 1.152905799572880312e+02 1.235007194427869450e+02 1.152859327613010265e+02 1.091858963407122758e+02 8.959707328974232610e+01
4.236938667697916117e+01 4.782056205829542250e+01 4.451582355743081365e+01 2.462480065668366791e+01 4.241920720363245323e+01 5.070607444738919867e+01 4.913888514155637921e+01 4.078800845233450190e+01 2.175388695581879617e+01 4.182549233797741550e+01 5.240650303368426677e+01 5.830177130420165099e+01 6.677873755940692035e+01 7.711978517402079092e+01 6.668590928980738397e+01 6.668590928980738397e+01 8.671033483033416189e+01 6.891044590802387404e+01 4.889225068561516707e+01 5.443627232215631295e+01 6.208442496980543268e+01 6.392135764735471781e+01 4.673932373711708266e+01 6.667238089472877505e+01 6.584391394338874193e+01 7.448314828552447864e+01 5.952187535779815875e+01 6.339012963115605714e+01 6.742475489569501690e+01 7.182587324091048231e+01 7.888940816210853768e+01 9.277645176730516141e+01 1.124051317918343074e+02 1.152859327613010265e+02 9.567739262708059300e+01 1.014206010632252912e+02 9.533450672590802810e+01
6.248949289826950348e+01 6.249236717880945946e+01 5.281454187437517334e+01 4.241920720362307407e+01 2.216754862000483683e+01 4.069736002444410161e+01 4.000765737436321956e+01 2.080290510255127145e+01 4.044652530822858694e+01 3.248883413911691065e+01 4.246396729935698033e+01 5.657539713530819370e+01 7.683097961751639104e+01 7.255092774126258348e+01 5.247497011842430226e+01 7.255092774126207189e+01 7.749438006852761873e+01 6.454013055103591512e+01 4.565664985395154218e+01 4.027165202148680834e+01 4.210652607970767036e+01 4.396716126668288638e+01 5.103444989284253097e+01 7.096944190345082859e+01 8.570322293937447000e+01 8.765329815273847203e+01 7.110434219457140159e+01 8.330234620092399211e+01 8.151025841305603592e+01 8.328841766356406140e+01 9.852555904052071867e+01 9.277645176730516141e+01 1.124051317918343074e+02 1.127280184646691907e+02 9.314299702297991246e+01 8.188945987977564300e+01 7.598056716509931618e+01
5.821115134761174659e+01 4.419754335462756245e+01 4.534201872971623004e+01 2.544612071518971064e+01 4.069736244795954860e+01 1.980262753624916883e+01 1.986984884020457898e+01 3.954861930128988945e+01 3.504429391627761703e+01 5.245294003034087638e+01 6.084076990554499531e+01 7.095174867143704489e+01 7.891614601880266378e+01 6.586108065218250829e+01 4.579846991324544803e+01 6.586108064870771273e+01 6.931485445501044751e+01 4.936622390191523380e+01 3.781632152524257862e+01 5.780089808270447094e+01 6.208442496980543268e+01 5.550572606952764687e+01 7.096944042772470596e+01 6.366820555819766270e+01 7.774775052084852689e+01 9.750020899340309199e+01 9.089826498936136545e+01 9.907038891908970868e+01 1.011812007453208366e+02 1.029139207459500227e+02 1.110977468420900749e+02 1.124051317918343074e+02 1.206163133043732216e+02 1.209351584091222236e+02 1.095890560349338756e+02 1.014206010632252912e+02 9.553174042386524434e+01
4.460792607829883138e+01 3.048069713896962440e+01 2.837480704442414847e+01 4.534201872966283275e+01 4.522991199405804963e+01 3.865524488417310067e+01 1.924113497818460061e+01 3.936676274974472278e+01 5.503093958788644358e+01 5.503715817863643878e+01 7.494380774276642398e+01 7.582612789084262772e+01 7.087017277110473401e+01 5.083171328585385140e+01 4.002396990851223535e+01 5.844659486174496266e+01 5.045452670514819715e+01 5.611788881837944842e+01 3.613135865638587774e+01 5.611788882049930294e+01 6.817260911720508432e+01 7.541731567801448932e+01 8.361368753208147098e+01 8.353311166235407370e+01 9.171784220268826004e+01 9.701114077093147614e+01 8.877621720813860406e+01 8.800316552994088681e+01 9.623742523568000706e+01 9.759536946301054172e+01 1.058365351147050859e+02 1.219302859966359449e+02 1.136862953930180566e+02 1.162752034021264649e+02 1.245154472683086766e+02 1.158320852040863542e+02 9.620137396112171757e+01
3.363958457339422381e+01 5.047993154942405880e+01 4.245238909317756537e+01 5.029748009484429616e+01 2.439235890227676862e+01 2.007778814219770780e+01 1.869313247545041889e+01 3.830240832896951986e+01 5.817355058546614544e+01 7.256690419975637951e+01 7.006927855485820089e+01 5.601087991175486991e+01 6.687970028417463197e+01 5.451841938393519627e+01 3.447877680092919661e+01 4.784661973590743855e+01 2.999733484832780661e+01 5.005265439546599282e+01 3.446514340226035955e+01 4.113197111429732189e+01 4.820369404338675423e+01 5.821549442087295034e+01 7.233179287714203554e+01 9.212716731388424307e+01 9.502950353667506533e+01 8.556956481851256058e+01 6.898511783420651966e+01 6.821668455647298401e+01 8.356580127446980555e+01 7.775456385653809832e+01 9.759536946301054172e+01 1.104145521897017801e+02 9.372261415592920741e+01 9.631365711109496885e+01 1.162752034021264649e+02 1.216265753882722436e+02 1.019510760919518617e+02
4.519082982678504834e+01 6.197219520793003511e+01 6.248838641704954711e+01 5.421980392796901072e+01 3.460216308287567699e+01 1.790358500396424191e+01 3.718929149206533680e+01 5.017820453674583092e+01 4.778585416398643559e+01 6.501058446406383950e+01 6.181463167393667391e+01 4.200997603474208830e+01 4.928897426118854952e+01 3.848610468465362544e+01 4.578907993922678799e+01 2.781661923553898674e+01 4.723120275305526405e+01 3.220273959062358671e+01 5.218917811305518484e+01 5.445233479758753248e+01 6.817260911720508432e+01 7.638543054964928558e+01 8.632289859617532102e+01 8.585105982049128670e+01 8.101779123692122653e+01 6.700607893716748720e+01 5.758550847068107714e+01 5.681576692932253536e+01 6.380537457016922076e+01 7.775456385653809832e+01 9.759536946300966065e+01 1.021602586567689457e+02 8.224295478151488226e+01 1.021602586567689457e+02 1.114866303220881889e+02 1.229960411677894285e+02 1.065683023306799839e+02
6.524432089608892227e+01 7.354962475836457259e+01 6.718832355483581864e+01 5.845284380633993493e+01 3.844474729662886858e+01 1.733364566301394305e+01 3.576392453905990010e+01 3.312356870678279108e+01 4.591633403453523954e+01 6.309435268186002332e+01 6.293030391106539412e+01 4.928897497242456893e+01 2.940246017502128950e+01 2.432217648660309450e+01 2.575955419407292624e+01 4.575457185646862257e+01 5.550189105606086315e+01 4.632421461356098291e+01 4.634607903137178653e+01 6.632371365256133799e+01 8.258093832341137386e+01 7.546363244461930719e+01 8.008756928867677516e+01 6.612262636061737453e+01 7.111037859428019203e+01 5.299539658242198925e+01 4.867097618921567204e+01 5.621721765910709223e+01 6.609402917343750516e+01 8.005287328326160434e+01 9.990640940569612383e+01 9.615496558497714830e+01 7.629708101130061948e+01 8.333151513731310445e+01 9.480387694638174878e+01 1.147550154953424766e+02 1.147554968612195836e+02
