MOVIE_S13_data/elevation_000573.asc
nrows	150
cellsize	150.0
xllcorner	0
ncols	150
yllcorner	0
NODATA_value	-9999
[rows 0 to 16 of 150, columns 111 to 147 of 150]
2.685791151154911724e-02 5.525790689732266309e-02 3.884972223143366016e-02 6.506161732042968493e-02 9.630811411938361433e-02 3.233120577317956379e-02 5.924318389914483979e-02 9.546854641286118409e-03 8.294521402378342290e-02 5.320363282275041711e-02 5.932880634034757433e-02 5.613034539302926007e-02 1.151422758422792139e-02 8.780238390647859825e-02 1.138712246984807663e-03 1.930634269457022489e-02 4.840176901645443230e-02 9.231827863399598433e-02 6.992822357175910997e-02 9.021741119345681736e-02 3.400184085134592277e-02 5.510003463054011230e-02 6.000302134656529396e-02 2.342684778988213257e-02 9.354401193897299294e-03 3.401672236087196349e-02 8.712543420425600260e-03 7.381784214984254966e-04 1.771529143580683613e-02 8.606502508694707787e-02 6.136863120672856470e-02 7.499905534955707276e-02 5.744714333121184180e-02 4.821317496663417995e-02 8.887210374095839971e-02 3.440918432965248824e-02 2.609784180149634855e-02
2.002674729383537766e+01 2.005525790689696564e+01 2.687914436361526604e+00 2.006506161732007598e+01 8.261273923396572627e+00 2.003233120577282378e+01 2.005924318389878991e+01 6.676213521307923671e+00 2.008294521402342880e+01 2.004234673755500395e+01 2.005932880622923165e+01 1.185946780339182549e+00 2.001151386785307906e+01 1.422993801668000380e+01 2.000113871215313921e+01 8.186121544812211326e+00 2.004840176901609894e+01 4.779299945566051200e+00 2.006992822357140227e+01 1.423235303492428194e+01 1.003400184085143287e+01 2.005510003459723123e+01 2.006000301773142880e+01 1.732142163223405751e+00 2.000935440119354070e+01 1.158102210614005223e+01 2.000871254342007077e+01 2.000073817842114465e+01 8.961987201434885364e+00 2.008606502508659020e+01 3.441985650120801932e+00 2.007499905534920259e+01 1.419958276706203648e+01 7.607502635151211834e+00 2.008887210374060217e+01 1.417654480806072748e+01 2.002609784180114261e+01
2.071513628846176402e+01 6.573057885790600352e+00 2.268746815985911169e+01 2.268755797573481559e+01 1.826127392339639499e+01 3.654554517085947651e+01 3.374725371134604757e+01 1.374728133317317713e+01 3.374725371134604757e+01 3.225445561597641131e+01 2.231494459765890781e+01 2.316874341695406958e+00 2.231494457254139263e+01 3.422994813167886718e+01 3.671210748716023886e+01 1.821865707551733848e+01 2.965629515533722227e+01 9.625551271578457246e+00 2.379811416266024438e+01 3.423235303492356962e+01 2.417613746458330581e+01 3.831827178374047804e+01 2.344712802070455027e+01 3.447128014648497718e+00 2.344712802072783830e+01 3.158101810345699789e+01 3.986521167950846944e+01 3.724625844889578019e+01 2.050899258522719748e+01 2.687195735297063948e+01 6.871957352970993860e+00 2.687195735297135002e+01 3.419958276706132239e+01 1.655177454515052560e+01 3.589177388261411750e+01 3.417654480806142914e+01 3.587360807010481523e+01
2.940152732028759530e+01 9.401485010536815068e+00 2.940099159239502313e+01 4.268358070233600898e+01 3.826127392339568445e+01 3.826127392339569155e+01 4.203101954364620951e+01 2.529428668565973481e+01 4.203101954364620951e+01 2.396549145237704792e+01 3.948687982422528719e+00 9.452584905393798920e+00 2.230456695317908355e+01 4.224001416692208721e+01 4.731546916371028288e+01 3.280498649173451042e+01 3.520306830978172741e+01 1.516342316440181115e+01 3.520306830978172741e+01 5.208347120899401972e+01 4.417613748168850663e+01 3.613553861637884523e+01 2.514256479861487037e+01 5.181347953696745279e+00 2.518134796337336923e+01 4.345909125239700188e+01 5.345500531667353528e+01 4.879326383268809053e+01 4.050899258522648694e+01 3.046406339350687986e+01 1.046406339350652281e+01 3.046406339350687986e+01 4.483604579261342593e+01 3.069391016888172885e+01 4.483604579261342593e+01 3.653360873264220743e+01 1.653360873264292152e+01
3.225080241455076191e+01 1.231878484049473066e+01 2.646091796902183191e+01 4.646008950461848741e+01 5.559125981679271433e+01 5.826127392339498101e+01 5.357643055145934596e+01 4.529415017660281251e+01 3.925028033132804950e+01 1.925074204672321798e+01 5.108875077715859803e+00 2.510479403756010441e+01 2.013940284266949021e+01 3.013559038110458133e+01 4.897218942456002821e+01 5.456911371905345476e+01 4.108693303613813441e+01 2.147594597992661036e+01 4.152732588092267463e+01 5.853337695838690991e+01 3.853917642620131545e+01 2.782254863820931590e+01 7.752645339829656201e+00 2.496968515696897128e+01 1.518146470206274401e+01 2.518230768831339716e+01 4.518613099148027601e+01 5.466017941797388602e+01 3.466017941797318258e+01 2.311317403418026117e+01 1.517810860141688067e+01 2.311317403418026117e+01 4.311317403418096461e+01 5.069391016888243229e+01 5.286354035119615702e+01 3.286354035119686756e+01 2.418878286131424815e+01
1.757104094999184696e+01 3.207304238220488202e+01 2.016361339709042255e+01 2.723561999867594707e+01 4.139819513311105226e+01 6.147217314491173568e+01 5.985584612263345150e+01 4.935763869128702908e+01 4.050955773008439564e+01 2.627661436771756698e+01 6.277202785151681397e+00 2.627654052635438120e+01 3.981133123509555105e+01 4.781080392670867951e+01 4.973788347633827556e+01 6.843494803329646459e+01 4.981197601966250232e+01 3.047003524046406397e+01 4.981197601966250943e+01 5.268112897769230329e+01 3.268138597082471364e+01 1.853809603575262344e+01 9.593794575626318988e+00 2.935783483968359775e+01 3.513187975146061603e+01 4.345909128574957947e+01 5.345507707113547013e+01 6.294445066543608647e+01 5.139744528164316506e+01 4.002882110214432743e+01 2.002882110214362399e+01 4.002882110214432743e+01 3.944310565273536184e+01 5.944310565273606528e+01 6.114781159865776061e+01 5.247305410877514475e+01 3.833091848504444243e+01
2.149336015427596536e+01 4.126700858330850963e+01 3.441116016897249352e+01 4.019179615663075111e+01 4.139819513311105226e+01 6.147217314491173568e+01 5.135252607778113543e+01 3.016243146260152486e+01 2.002097163187345430e+01 1.361902764935715027e+01 7.451628501024671891e+00 2.745621219947615543e+01 3.702957036418724357e+01 3.770081985533722957e+01 4.270960398877537756e+01 5.104275236889164802e+01 5.875714583314036332e+01 4.461497987989113057e+01 5.875714583854453821e+01 5.716275726196239049e+01 3.718425592524844348e+01 2.303948891814344080e+01 1.149211056713133239e+01 3.149000028084511982e+01 3.795700458829857382e+01 4.222623566852239918e+01 5.059541887792374126e+01 6.214676831694997361e+01 5.635875272069942810e+01 3.635875272069872466e+01 2.605904799369900360e+01 4.605904799369970704e+01 5.944310565273606528e+01 5.706007162136990019e+01 4.706007162136972255e+01 3.877580037390752210e+01 3.416351168084642609e+01
2.566363236627512023e+01 4.564418193349363406e+01 5.518889904461967433e+01 6.025669878833680571e+01 6.147217314491173568e+01 6.978576069399196058e+01 5.985584612263341597e+01 4.807973821314578089e+01 3.343259422017928983e+01 1.357481772493023797e+01 2.745604463575359944e+01 9.215989207876953415e+00 2.848721709029172544e+01 1.767081316742610753e+01 2.267446745501268168e+01 3.682753864169081481e+01 5.691016592446314348e+01 6.461504019108177488e+01 6.751303305092278606e+01 5.592628829122709533e+01 3.906745450616780602e+01 1.905141362022722262e+01 3.150258140744078617e+01 1.445710783377777808e+01 1.474325658641506998e+01 2.203191155169157867e+01 3.385185635075098531e+01 5.386592938657626917e+01 6.464302396816262331e+01 5.272571466036660581e+01 3.272571466036590238e+01 5.272571466036660581e+01 6.291793599763914813e+01 4.291793599763844469e+01 2.877580037390699630e+01 1.877580037390681866e+01 2.808535069741000711e+01
4.564418193349363406e+01 3.296591505401118383e+01 4.450028322250727086e+01 6.443465399890875744e+01 7.253611051213555072e+01 6.102278016542523176e+01 5.277542616730280400e+01 3.994771549012047984e+01 2.011380241321569073e+01 3.343232736428295482e+01 3.658626702020066546e+01 2.834355089770771841e+01 1.099797962937211082e+01 3.132270921937454844e+01 4.270960398877537756e+01 3.161921623601059039e+01 4.578980744228991995e+01 6.590672491994800453e+01 5.918532705495004365e+01 3.913142060980150205e+01 2.757972300011475397e+01 3.906745450616780602e+01 4.280770542253189603e+01 3.447757914765642084e+01 1.797044281559316303e+01 3.810294270351278101e+01 2.879064804153414769e+01 4.294197621390217279e+01 6.295611528684766967e+01 6.100998590782880626e+01 4.272571466036625054e+01 6.100998590782880626e+01 5.793021088635242677e+01 4.964593963889023343e+01 4.222748632114156209e+01 2.222748632114085510e+01 8.085350697409651843e+00
5.893918920630930813e+01 3.899417005718484575e+01 5.893918920630930813e+01 7.270559296033060548e+01 6.430618353746577043e+01 4.433432592259416793e+01 3.278372969726082431e+01 2.728892130260312143e+01 3.994771549012046563e+01 4.403595415241594679e+01 3.576314326095751284e+01 3.222820453054971068e+01 1.231147216296710845e+01 2.646072253289631604e+01 4.648388824338435654e+01 5.168191615495814517e+01 4.318249357857219195e+01 6.329234331179363693e+01 6.179259765164270846e+01 4.173141416631507639e+01 4.173141416631507639e+01 5.409595400477751781e+01 4.185563487487143419e+01 2.182174093027078143e+01 3.810294270343395340e+01 4.643845839173067702e+01 3.379506297380439150e+01 4.794458917905797080e+01 6.795995732253048516e+01 7.100998590783015629e+01 5.686785028409769893e+01 6.119294502268315483e+01 4.119294502268245139e+01 2.964593963888952644e+01 2.257487182702392658e+01 1.625031650668705652e+01 2.808535069741000711e+01
5.310334985852810519e+01 5.051885216164348691e+01 6.720549902263913111e+01 7.837909036753737269e+01 5.847699466643722843e+01 4.433432592259416793e+01 5.277542616730280400e+01 4.722857276508209168e+01 4.588708274005786336e+01 3.576158099028302217e+01 1.576181108185739710e+01 1.420720417560597504e+01 3.231589257822889039e+01 2.646015517747745349e+01 3.800478989770022054e+01 5.799346520400340665e+01 5.477774310090949683e+01 7.164572251468081276e+01 7.012116241613914269e+01 6.179259765164270846e+01 6.179259765164270846e+01 4.574820265734629743e+01 2.570999622158056397e+01 4.185561823689229755e+01 5.019668395139972006e+01 6.088400765929278435e+01 4.086707933318783148e+01 4.644991550577339012e+01 6.060766774748309160e+01 8.061147739731582362e+01 7.686785028409912002e+01 6.947721627014635715e+01 5.793021088635242677e+01 4.964593963889023343e+01 4.257487182702463002e+01 3.625031650668775995e+01 3.585006452641895436e+01
7.302815170755330598e+01 7.044158351774999005e+01 7.871758246032898398e+01 8.418871258802950308e+01 6.430618353746578464e+01 6.430618353746577043e+01 6.268519192247120486e+01 4.783839219531398612e+01 3.624859818179161408e+01 1.799553740911538924e+01 3.576448136829954905e+01 3.421257579920604996e+01 1.802727980496135629e+01 3.216878841670197176e+01 5.216638385829937619e+01 6.624943652123592130e+01 7.492350350292959149e+01 8.328290690853712874e+01 8.091426127437775051e+01 7.188224971768008231e+01 6.350211168875236467e+01 4.858291480587640621e+01 2.853845241003804745e+01 4.009023482344934308e+01 6.018413885853083656e+01 6.916260086729295153e+01 4.981677163598580194e+01 6.646664794435427837e+01 7.474077948267868976e+01 8.299478225311480628e+01 8.958565153315076657e+01 6.958565154305951239e+01 5.544351591933852319e+01 5.911358430024963440e+01 5.170792890268813835e+01 3.170792890268743136e+01 1.756579327895622811e+01
8.278025609838232413e+01 8.414752500215872999e+01 9.247275399994731515e+01 7.640970460432728828e+01 6.640394147231823752e+01 5.811227447595089757e+01 5.144619537500005890e+01 3.440007577043173370e+01 2.026436953453692169e+01 3.799077149109905349e+01 4.624915544421405400e+01 4.079874210693392200e+01 2.080474245216897344e+01 4.079874210693392200e+01 5.320952791609403931e+01 6.215438480832346357e+01 7.370656276986063915e+01 8.684896019751056429e+01 6.658801776062023237e+01 5.235253290225013956e+01 4.339399409676887132e+01 3.706732761838520673e+01 3.196842722343311749e+01 5.202208951602171538e+01 6.855758650946830812e+01 7.810956895917088616e+01 6.397921412286113707e+01 7.810956895917088616e+01 7.713691767650767872e+01 6.299478226169760120e+01 7.713691767650767872e+01 7.325571992268685051e+01 5.325571992451691727e+01 3.911358430078546888e+01 4.842313462403868840e+01 4.585006452641913199e+01 3.585006452641895436e+01
6.998468525830989506e+01 6.411824495469095098e+01 8.414752500215872999e+01 6.811541619393446467e+01 4.810913275796730204e+01 3.811403717309831052e+01 3.145299696819923341e+01 2.542841043535234391e+01 4.025648425710994616e+01 2.283779557343420308e+01 4.263224558225802241e+01 4.903770396483910332e+01 4.079874210562189063e+01 2.493113852781306505e+01 3.386826532457527605e+01 4.540962147182160180e+01 6.541737808765822138e+01 7.674938812984223091e+01 8.091426127437775051e+01 7.188224971768008231e+01 6.350211168327073352e+01 5.556914399142050343e+01 3.550397380933607394e+01 5.556914399142050343e+01 7.064687141045563123e+01 8.074412083133623241e+01 8.398095941344396920e+01 7.990837470351907257e+01 5.990837472657981522e+01 4.885264663797028106e+01 6.819264583257660206e+01 6.602109533141077691e+01 5.773682390274034759e+01 4.842313462403868840e+01 2.842313462428811732e+01 4.842313462403868840e+01 3.416652002214833317e+01
5.013640986112026354e+01 6.411824495469095098e+01 8.414752500215872999e+01 7.640970460432728828e+01 6.640394147231823752e+01 5.811227447595089757e+01 5.013032190485859019e+01 3.013803452485486645e+01 5.012964303086150863e+01 4.282582113350080988e+01 2.544051409941251052e+01 4.542771495507241752e+01 5.320952824230402456e+01 4.492268281071594771e+01 2.951580993220431992e+01 3.845289136502162819e+01 4.844923170670794832e+01 6.259679620777805553e+01 8.261492747579116269e+01 7.885452635362565843e+01 5.864423344455246223e+01 4.445127223658781190e+01 5.556914399142050343e+01 4.217130696433340376e+01 5.218478668399009024e+01 6.641680210224673431e+01 8.667857616356805295e+01 7.358381939047491471e+01 5.358381940668335375e+01 3.990837472797144159e+01 5.990837472657981522e+01 5.773682390274034759e+01 3.773682390200823988e+01 4.239290773255852685e+01 2.239290773273273771e+01 4.239290773255852685e+01 3.423139180324167796e+01
5.156853249956975560e+01 6.557133506909418941e+01 8.561108188274522490e+01 8.962390423905097236e+01 7.961142137438082500e+01 6.944092798268997058e+01 4.943331724057106413e+01 3.529701715875781787e+01 5.529298718184477934e+01 4.728424066981740737e+01 2.729541664094741904e+01 3.878269351086080263e+01 5.814570688056736003e+01 5.779740993094862489e+01 4.364999441719250228e+01 3.476305974733852366e+01 5.476138126760485392e+01 6.922434911302008231e+01 8.077920644543993944e+01 8.479427198590410342e+01 6.456369118307286215e+01 5.341042464638986331e+01 6.938973645548668401e+01 4.924660068023027293e+01 5.635324749004595191e+01 7.654768913290742205e+01 8.003305622317090240e+01 7.003305630844920415e+01 5.358381940668334664e+01 3.358381940763490547e+01 4.602452994685874188e+01 5.430880111364223950e+01 4.359468827849140382e+01 2.359468827827679149e+01 1.704768289448415786e+01 3.704768289322007746e+01 3.418830629132835952e+01
6.557133506909418941e+01 6.297605185833818098e+01 8.300395804671505573e+01 8.132289209485590220e+01 6.130432611856157621e+01 5.130401413409059330e+01 4.423587156726132719e+01 5.529341135525796602e+01 4.999224526405367897e+01 3.000063840297008255e+01 4.728387562572673630e+01 5.520731791057951199e+01 6.614181614790192043e+01 7.194482544470467644e+01 6.305020000764851318e+01 4.370204317657784543e+01 4.093084348571133546e+01 5.247570193035456754e+01 7.248992477497895948e+01 8.740280482118944860e+01 8.198059434881868413e+01 6.502414020846279641e+01 6.938973645548668401e+01 6.345989429986163799e+01 6.938973645548668401e+01 7.654768913290742205e+01 7.174878521369549844e+01 5.174878521691152145e+01 4.174878521691187672e+01 3.358381940763490547e+01 2.602452994745062753e+01 4.025102725513343671e+01 3.700659883258655469e+01 3.204768289518524682e+01 1.204768289448406904e+01 2.627418019989867304e+01 2.417761052917767017e+01
