MOVIE_S13_data/elevation_000436.asc
nrows	150
cellsize	150.0
xllcorner	0
ncols	150
yllcorner	0
NODATA_value	-9999
[rows 68 to 84 of 150, columns 37 to 73 of 150]
5.109845439481424023e+01 6.491409257340392003e+01 8.460631955854097441e+01 9.353882218344581645e+01 1.018308630178431997e+02 9.387102196302555512e+01 8.189647742993619772e+01 7.187735838836049140e+01 5.905574763048556974e+01 3.933380741404527470e+01 5.909238305208121034e+01 7.535228977037964171e+01 7.788797799152668233e+01 8.618534291174823636e+01 8.703700777806182032e+01 8.809240250954211149e+01 9.638939700487905782e+01 9.689772649181381325e+01 1.051884516707451382e+02 1.076601356618137686e+02 1.159327384216297219e+02 1.148991812254547682e+02 1.065656328246933100e+02 1.148991812254547682e+02 1.187700190341895023e+02 1.104609428216587617e+02 1.023177173393596320e+02 8.974177578233424413e+01 1.078693322087552247e+02 1.153612112494697328e+02 9.672493846388788086e+01 1.153612112494697328e+02 1.179830302254640060e+02 1.029951732458912801e+02 1.215774618749861418e+02 1.252366026066952855e+02 1.051987481942967122e+02
5.699461238409378439e+01 6.706343025381043788e+01 8.678176621271852298e+01 1.016763554026004641e+02 9.169099145540039331e+01 8.338848559823701123e+01 7.683148299354154176e+01 6.425484107898499531e+01 4.471185401068110821e+01 4.022935574817348225e+01 4.186064391428170950e+01 5.538832945808536579e+01 6.956526159771163975e+01 8.959089781159460131e+01 9.939828246396122324e+01 9.109979150867700071e+01 8.897671619224678352e+01 9.655338452397589322e+01 1.048504290247523727e+02 1.164139870837395847e+02 1.250899707654903921e+02 1.167605060855887871e+02 1.250899707654903921e+02 1.275824262904284723e+02 1.188332028428954175e+02 1.188332028428954175e+02 1.177836220270884553e+02 1.095549647828251381e+02 1.177836220270917806e+02 1.255537272832541049e+02 1.171767236105160208e+02 1.255537272832541049e+02 1.317404529931988009e+02 1.233794293803093467e+02 1.317404529931988009e+02 1.336592834765696978e+02 1.220403186018952795e+02
6.315273567932950982e+01 8.280446009697099896e+01 9.505339114993236649e+01 9.334349003259686128e+01 7.343348116387724644e+01 6.371747778415036123e+01 5.723946372830678087e+01 5.160212585053845658e+01 6.425484107898499531e+01 6.000130159630482041e+01 4.154079148290276180e+01 5.547153183889428618e+01 7.543033467467560627e+01 9.200033643551142859e+01 8.781503852696106094e+01 7.102524525212393769e+01 6.889424147867292447e+01 7.650740435180193799e+01 8.808917022817246334e+01 1.081157162751187570e+02 1.139003646523829190e+02 9.663705096287277740e+01 1.150303444969964914e+02 1.188332028428954175e+02 9.804337981106924360e+01 9.804337981106924360e+01 1.128129030507487869e+02 1.197649561618436991e+02 1.114501178335151366e+02 1.105885924770026918e+02 1.189043611625994146e+02 1.305069558565218415e+02 1.426051548377422762e+02 1.345147868407605074e+02 1.426051548377422762e+02 1.286029612058851228e+02 1.185805989061225176e+02
7.442622017671760659e+01 7.551335182880649199e+01 9.535070187384262397e+01 1.016763554026004641e+02 9.169099145540039331e+01 8.338848559823701123e+01 7.683148299354154176e+01 6.285509308019069863e+01 7.176843642544810109e+01 5.320807445762630294e+01 4.247654149694245973e+01 6.225409858837083021e+01 6.370006444326135409e+01 8.028390854719070546e+01 7.257363491229996555e+01 5.938366186104797606e+01 7.363209068537561564e+01 9.369966398745472702e+01 1.048504290247523727e+02 1.080182201288414632e+02 9.380803573919691019e+01 8.664456849193408061e+01 1.066987785242308178e+02 1.129834439633587522e+02 1.041325779974228567e+02 8.379610440287871143e+01 1.041325779974228567e+02 1.081764236324006561e+02 9.137919636018000347e+01 9.052128871989873460e+01 1.020865191640882443e+02 1.222026406072816087e+02 1.327355162242668598e+02 1.146896012719460600e+02 1.327355162242668598e+02 1.201993791674843095e+02 1.002554398232027495e+02
9.424934331485570738e+01 8.949152923707207208e+01 1.036541147058652115e+02 1.076776225879831230e+02 1.025885608017244977e+02 9.456364437064728179e+01 9.084783242887695565e+01 8.255516494671894634e+01 7.599764717425156846e+01 6.457931357804559980e+01 4.486913021713922944e+01 4.390572837624217328e+01 6.370019007445164760e+01 6.033403830790732769e+01 5.251414713868089024e+01 7.251362433618660930e+01 8.706072742176684187e+01 9.668318842105695410e+01 1.031151637068008995e+02 9.800527169122449322e+01 7.969732516920056753e+01 7.912796157520241991e+01 9.911899959775738012e+01 9.290760589578992779e+01 9.770162038395962156e+01 7.752314289365068589e+01 9.742910391250202906e+01 9.202877271511397339e+01 7.988157146161826461e+01 9.986216591800129549e+01 1.189041751648790921e+02 1.203077671875324910e+02 1.146528869645393911e+02 1.046457795853326900e+02 1.246021940563532695e+02 1.286029612058851228e+02 1.185805989061225176e+02
1.073477421013172659e+02 1.094959959178192435e+02 1.076776225879831230e+02 8.742121656863585599e+01 9.100330045295720538e+01 7.490580902659701223e+01 7.935003141809087879e+01 7.556925105736337400e+01 6.825302517923449841e+01 4.831036034392748491e+01 6.469396712331550248e+01 6.362835902194663618e+01 4.532439673568792671e+01 4.632747780217258082e+01 6.620009828955105036e+01 6.670969521422406956e+01 6.863054231149413908e+01 8.303299079832825669e+01 8.308285539843686252e+01 8.969513389861957364e+01 6.975381849126317491e+01 8.969513389861957364e+01 9.878768272645270088e+01 7.880176664303418477e+01 8.465550593488774211e+01 7.202821343972172485e+01 8.835834922420457360e+01 7.211361103849505128e+01 7.464661497167479354e+01 9.457675976045098309e+01 1.009844351848624200e+02 1.002553231328506342e+02 9.461840790420183112e+01 1.146528869645393911e+02 1.292912611728515628e+02 1.379076429895091280e+02 1.239408349633547459e+02
9.903728202121672552e+01 1.149031437681170615e+02 1.054647792274924001e+02 8.520412938313661755e+01 7.096510951127667965e+01 6.338256116657012740e+01 5.934310386702603779e+01 5.553238732273580780e+01 5.195007588908347174e+01 6.825302342116876275e+01 7.653585708917313468e+01 5.929766045785736139e+01 6.515843015348310985e+01 6.409208759865532556e+01 4.779381188002000869e+01 4.884321447973531605e+01 6.684987867488347035e+01 6.303726931939449685e+01 8.308285539843686252e+01 8.485865450194341975e+01 6.488523337573924721e+01 8.485865435549932556e+01 9.023672738230207813e+01 8.194050862368604271e+01 6.470443187170371857e+01 6.670544394272624800e+01 6.889187824864707466e+01 8.878390230570097685e+01 9.457511873528882518e+01 7.831845929429327668e+01 8.098773067377769053e+01 8.611318092972247484e+01 1.061285690820751313e+02 1.146892092997738359e+02 1.087887662467125836e+02 1.293263920235928026e+02 1.323572928481595454e+02
8.639877467413309375e+01 1.006509592211469908e+02 1.053665888851106160e+02 8.531748087902049349e+01 7.123247930742913070e+01 8.336185143630595462e+01 7.935003141809087879e+01 7.556925105736337400e+01 5.586533946504207648e+01 7.589974154654720451e+01 8.758659893613874203e+01 7.343700813748093026e+01 8.191876201983782835e+01 6.192092436821145185e+01 6.773158529018697038e+01 6.882633430158010412e+01 5.035635556224255538e+01 7.039407833353740784e+01 7.337671743292570170e+01 7.469151416271958510e+01 6.034605705948236221e+01 7.741545260763631120e+01 7.927894401671723301e+01 6.193446472894098775e+01 8.194050864178443305e+01 7.818467600227600656e+01 8.879567250536736367e+01 8.294014431222998951e+01 1.029755442501962222e+02 9.250825764467735723e+01 1.003632616255321892e+02 8.560173773650994633e+01 8.994178137421671693e+01 9.451640951831062409e+01 1.146892092999397477e+02 1.317083222822594450e+02 1.407723571780115321e+02
7.202915748782432104e+01 9.231990729292998310e+01 1.056242197618393419e+02 9.750951364201701210e+01 7.752459876766124580e+01 9.750951364201701210e+01 9.409443222823585984e+01 7.413691128890420146e+01 5.998228662057826455e+01 7.155134671896031762e+01 9.149783844485367013e+01 9.344107043978064553e+01 9.034952114623659725e+01 8.204331059186424113e+01 7.521179691861209449e+01 5.506471160120735675e+01 5.488336401492164640e+01 5.199882894413535439e+01 5.327996508202835457e+01 5.457902208416321344e+01 5.590119218479876650e+01 5.730931337383797342e+01 5.920853717269773853e+01 7.927894414983170179e+01 9.023676695334690123e+01 9.816214414609370920e+01 1.064849486427959846e+02 1.029984962995031168e+02 1.114039843532872140e+02 1.132806814059750735e+02 1.049311553990863359e+02 9.073984212861617493e+01 1.100546793849326974e+02 1.146892092999397477e+02 1.030748010692305456e+02 1.121093621161881941e+02 1.238259606914888025e+02
6.685966070237768122e+01 7.700926498613897309e+01 9.730982630085763674e+01 1.058420504940675073e+02 8.641749751196691420e+01 1.058420504940675073e+02 8.890105265631996190e+01 6.895887200387633698e+01 6.709134971606445674e+01 8.703210152868710736e+01 9.978888636862964745e+01 1.019198378963121598e+02 9.344637460417069974e+01 8.019156730101653352e+01 6.018437592847303108e+01 7.521179691861209449e+01 7.443545321976952778e+01 5.492726089765169206e+01 7.337671743292570170e+01 6.882875404442141587e+01 7.601797781553487710e+01 7.741545244145994786e+01 6.039399913458402835e+01 8.042502117407920537e+01 9.186507901896810324e+01 1.014688531746779319e+02 1.097798049149996586e+02 1.083865031008160287e+02 1.167060940309659429e+02 1.324857800465013327e+02 1.191753053464736638e+02 1.023527901312070725e+02 1.007814531621557848e+02 1.211517098150528824e+02 1.233231226185798164e+02 1.196028856275152492e+02 1.398762789510440712e+02
8.715954564349831912e+01 9.550730547921737923e+01 1.056242197618393419e+02 1.148254263758623779e+02 1.005778451267773903e+02 1.148254263758623779e+02 9.595264656575974982e+01 7.600849178398019035e+01 7.600847082982632230e+01 9.529553868153688256e+01 1.052480858029562967e+02 8.496938812512676975e+01 7.336037849850370662e+01 6.574168423999904576e+01 8.032825110117065037e+01 8.863316254287848039e+01 7.799669707060242274e+01 5.792803035730187133e+01 7.799669707060242274e+01 8.884546891124358581e+01 9.304176960407397701e+01 7.309293827801884902e+01 8.042502117409239304e+01 6.361947174440963693e+01 8.358127332370614226e+01 8.150247132836530284e+01 9.330639189802964495e+01 8.837003681933794041e+01 1.051379536206577114e+02 1.167061231224584503e+02 1.311936440841340357e+02 1.227332393057077837e+02 1.151633213605349368e+02 1.151633213605349368e+02 1.356089584387083278e+02 1.398762789510440712e+02 1.423270186554553618e+02
9.153665347271490305e+01 9.830168399050535299e+01 1.066099678335553875e+02 1.166783043872426191e+02 1.207397938747007515e+02 1.101163048432391349e+02 9.008586721440971701e+01 9.008585630333405447e+01 8.749238243089571654e+01 1.042036097173100728e+02 1.136139184205654828e+02 1.019198378963121598e+02 9.037023126458728939e+01 7.038440129032161963e+01 9.037023126458728939e+01 9.213645248059687276e+01 7.213981861117599692e+01 7.799669706913775258e+01 6.264274155551576229e+01 8.264777222887020969e+01 1.013389872266941154e+02 8.718409394625683717e+01 9.186507902300610340e+01 8.358127332365656059e+01 6.691808977305967687e+01 7.004179075593103221e+01 7.339819686434610446e+01 7.689773355401753463e+01 8.837003681933815358e+01 1.083865033522421868e+02 1.192333045229925119e+02 1.292976388438615913e+02 1.356089584387083278e+02 1.356089584387083278e+02 1.440623875184460019e+02 1.390808751683107687e+02 1.223721486882888172e+02
7.123221741437754417e+01 7.800659243298535728e+01 8.820074464645610135e+01 1.025317100873633649e+02 1.225762616901466657e+02 1.184485462614941156e+02 1.101163048432391349e+02 1.101159529115644347e+02 1.074636891969620365e+02 1.157326511400709279e+02 1.135384575328395158e+02 9.343633128549383571e+01 8.190607076213144921e+01 7.670253556358142077e+01 9.669120287372891198e+01 1.004481221972520899e+02 9.213645248059555115e+01 7.757490189618040688e+01 6.606020398078291578e+01 7.757490189618040688e+01 9.756075583450561339e+01 1.071834500387874698e+02 1.049067645952998902e+02 9.029766889269443197e+01 7.039727283533110835e+01 8.408888206399645071e+01 9.330639193420984157e+01 9.682999101124482877e+01 8.274195436533887005e+01 9.086378569645778214e+01 1.008573122344132429e+02 1.150567512346538876e+02 1.351984272249054584e+02 1.392505086575389441e+02 1.474970354782381605e+02 1.308060691082678488e+02 1.108412899808555494e+02
8.287881284850666930e+01 9.830168399050535299e+01 1.066099678335553875e+02 1.094450810475826046e+02 1.176634022770738710e+02 1.129308776851914757e+02 1.047015322743370689e+02 1.047015322743370689e+02 1.023918421794059554e+02 1.106291456338747707e+02 1.218697656028416247e+02 1.102618646507678335e+02 1.019324895326507061e+02 8.373667614784039870e+01 1.037762688031063192e+02 1.176480238435344461e+02 9.756075583350583713e+01 8.979020540215392998e+01 6.985030106305059405e+01 8.979020540215405788e+01 1.058817860803739848e+02 1.119819278210821381e+02 9.660081730824718704e+01 7.666851187702418713e+01 7.637673406740442772e+01 9.630681412987294721e+01 1.123823795567502373e+02 1.093984551560770342e+02 8.936857420945615615e+01 9.338828764206165545e+01 1.075519950819877977e+02 1.276543091730310380e+02 1.359886545179199970e+02 1.192853179279057940e+02 1.359886545179199970e+02 1.237474537553253668e+02 1.037260195793698045e+02
8.287881284850666930e+01 1.031052861604785846e+02 1.061005756650050103e+02 8.934038478297296137e+01 1.061005756650050103e+02 1.047015322743370689e+02 8.454217264567364509e+01 8.454217264567364509e+01 8.220242381377723007e+01 9.748491954777874469e+01 1.057430137942404542e+02 1.157646516031701083e+02 1.121103846007809040e+02 9.371755427314131737e+01 1.121103846007809040e+02 1.134209229934350986e+02 9.332998028087409637e+01 7.922257327148597028e+01 7.482406317712336374e+01 8.890253302298785343e+01 1.089657713843883755e+02 1.036667513112357284e+02 8.368127189346049022e+01 9.660081730824971658e+01 9.044210975341856340e+01 8.699420019527590853e+01 1.070007818474236387e+02 1.169866229043764321e+02 9.691021813573529187e+01 1.134398265617124508e+02 1.097508693997942828e+02 1.298538036152337156e+02 1.277246696464647755e+02 1.077336202862945811e+02 1.170394796879829187e+02 1.177107642165578341e+02 9.760536915952255299e+01
9.025985982047909317e+01 9.533548860373952039e+01 8.703022922610772127e+01 7.761883520210186305e+01 9.783762923733409878e+01 1.029430450204092153e+02 8.278509532945355431e+01 7.017597902929838938e+01 7.046590283077692618e+01 7.723658905812749254e+01 8.741917939001173465e+01 1.075506597055456695e+02 1.221697575332367336e+02 1.138349833330714347e+02 1.221697575332367336e+02 1.119177584583351717e+02 9.183211345294526495e+01 9.921448116021177555e+01 8.109906091619873791e+01 9.109566037151041940e+01 1.111675431764358137e+02 1.092210482983191611e+02 8.919474572537286861e+01 1.092210482983193742e+02 1.104654629748181094e+02 9.696853400430107683e+01 1.153175894354810964e+02 1.253131003559925460e+02 1.084851922046958350e+02 1.253131003559925460e+02 1.298538036152337156e+02 1.266663833341821714e+02 1.158740182407132835e+02 1.075870424764657116e+02 9.698712566150723546e+01 1.123373713644746061e+02 9.215925758043439942e+01
9.859372988421006312e+01 8.703022922610772127e+01 6.678191529706298013e+01 7.839631915505347592e+01 8.292560476285865434e+01 9.124133442185518561e+01 8.278509532943728289e+01 6.254339078281713427e+01 8.278509532943756710e+01 9.748491954777787782e+01 1.057430137938793138e+02 1.157646516031701083e+02 1.185103690692193226e+02 1.153349410778235153e+02 1.235890375988031167e+02 1.202474179995445951e+02 1.060201116895711380e+02 1.086936537496180506e+02 8.861732861360351876e+01 1.011055162064661914e+02 1.194959135149089491e+02 1.155665978970075685e+02 9.550020797052108890e+01 1.155665979973863671e+02 1.253530210825811366e+02 1.170330296905461012e+02 1.253530210826238118e+02 1.369226396680714402e+02 1.285997932086531250e+02 1.366960086298037425e+02 1.284102925462408678e+02 1.183844682590552395e+02 9.832611438919234104e+01 8.746701500700135057e+01 1.075870424764657116e+02 1.081815020736049746e+02 9.988211237843827917e+01
