MOVIE_S13_data/elevation_000372.asc
nrows	150
cellsize	150.0
xllcorner	0
ncols	150
yllcorner	0
NODATA_value	-9999
[rows 17 to 33 of 150, columns 0 to 36 of 150]
6.667419890256869042e-02 2.006667419172754663e+01 3.050177926675115359e+01 4.205902611927350421e+01 4.139435806377618832e+01 4.955932162064092950e+01 5.658874585837914140e+01 6.186514363191147936e+01 6.411109322153538415e+01 7.241972237249066779e+01 7.220800709440251808e+01 6.396590040622363915e+01 6.011386199235107597e+01 6.838006511927505926e+01 7.776830960828630168e+01 7.043039792127889598e+01 8.453763564549568343e+01 7.418201602324663213e+01 5.429290552374442314e+01 5.170624044274235587e+01 6.835162382012001103e+01 6.137879811774499217e+01 4.135665561496941933e+01 3.886916308773551521e+01 5.041303157542747471e+01 7.043436802141063424e+01 6.699089151376999496e+01 4.707275166496584973e+01 6.699089151376999496e+01 7.229546972136363081e+01 6.493819373453243315e+01 7.909635942300675993e+01 8.141141058838414324e+01 6.143538579782405407e+01 4.987701041307922623e+01 5.918713647880336737e+01 4.699743583089878740e+01
4.608085242692564615e-02 6.712747545451192011e+00 1.378381611654373273e+01 2.378388330918469862e+01 3.792774156983582401e+01 5.794008490104152287e+01 5.826430260708710307e+01 4.996739461912602565e+01 4.410888283588965209e+01 6.411109322153245671e+01 6.068842533545812756e+01 4.399090987725116264e+01 4.012545158726414485e+01 5.684517062860188474e+01 5.779980937453908751e+01 5.630897062810865350e+01 7.627792049526391338e+01 8.241034379869273607e+01 7.418201602324663213e+01 6.580224526967835175e+01 7.571042950118358306e+01 5.585988285811711762e+01 6.137879811930417162e+01 5.887504403482555659e+01 4.461612509564260876e+01 6.463603059834645137e+01 7.232246542291944991e+01 5.237354252261887666e+01 6.331852560861719326e+01 8.333104594049372338e+01 8.495557021020110255e+01 8.857313499662006961e+01 8.031476460118346949e+01 7.813870786592323725e+01 5.918708446981870708e+01 3.911264516493950794e+01 4.831764045966047405e+01
5.876900824735645928e-02 2.005876900824700115e+01 3.378655226664866973e+01 4.207523150506435172e+01 5.207910201667620953e+01 4.829195738937272608e+01 4.001282275573184677e+01 3.005825089233710301e+01 4.996739461912602565e+01 5.001618922400457734e+01 5.175400911535280812e+01 3.243085543411169880e+01 2.855820313009082767e+01 4.857354825119104191e+01 4.367019510931774562e+01 6.364844768287846222e+01 7.095008193811462149e+01 7.800976520556351090e+01 8.627024167140925215e+01 8.562899575025819843e+01 8.393945901553713895e+01 7.544936745923114074e+01 6.222987786691175671e+01 5.165346596629887443e+01 5.356146353135913785e+01 7.293138341183177431e+01 7.809562954818130720e+01 5.809680237740645481e+01 7.809562954818130720e+01 9.163199717507356468e+01 8.410582481663645638e+01 7.584296876604301474e+01 6.032675663556370438e+01 7.474712219066616115e+01 6.033050140874570388e+01 5.006938164135599578e+01 2.994633919739576200e+01
6.642187732006160639e-02 1.421821451179906859e+01 3.439991471339126861e+01 3.902566705507965139e+01 4.048031091666591408e+01 4.001282275573183966e+01 2.011806407679667430e+01 3.197910774251666766e+01 3.391405409543990856e+01 3.000692457299448179e+01 3.895588138222198893e+01 2.346901383924861761e+01 4.348966640362637293e+01 3.422987865550820885e+01 3.940573937371561186e+01 4.495786030006218681e+01 5.098363695534960272e+01 5.804196555979427785e+01 6.956909559916550734e+01 8.953993431285421423e+01 9.364970417782490131e+01 7.356570911357866294e+01 5.944624838812819689e+01 7.168492212421996612e+01 6.513473534458039182e+01 8.188949283380320310e+01 8.478089779840399842e+01 6.472509304773586791e+01 8.478089779840399842e+01 8.737935169523423440e+01 6.739775195235935712e+01 5.585086495366699921e+01 4.877884053939227016e+01 5.475617085411408169e+01 5.215870112532480363e+01 3.196344985946847217e+01 5.021126845025897723e+01
6.905422957280787921e-02 1.998024532483376348e+01 2.352692014548962263e+01 1.902675648817750087e+01 2.048154602560972748e+01 2.785960619832811602e+01 2.598939402954390232e+01 1.196532352723597903e+01 1.389879985159532794e+01 1.585061284962348971e+01 1.893692576669752725e+01 3.895588135688349496e+01 4.492945757954561259e+01 5.320576607048951701e+01 5.939070505195278571e+01 6.492997226492322227e+01 7.095008193811462149e+01 7.800976520556351090e+01 8.627024167140925215e+01 9.779232808519489595e+01 9.955482561622999071e+01 7.947864563307354047e+01 6.649657018452535340e+01 8.657877845917684567e+01 8.515322252090351185e+01 9.344856565418197647e+01 9.308666775152168782e+01 7.473593388627153900e+01 9.308666775152168782e+01 9.563269001003600067e+01 8.410582481663645638e+01 7.584296970484611222e+01 6.061142839549338390e+01 4.058719669120319651e+01 3.550806310560432877e+01 5.215870112532480363e+01 3.441832722607578177e+01
2.247884206357958492e-02 2.002247884206322581e+01 3.445105759124597267e+00 4.884737260621991872e+00 6.339523195528613542e+00 7.860095038068030782e+00 9.394025015766121811e+00 1.234286466043015018e+01 3.234436320667625608e+01 3.586750250271903440e+01 1.953343397939648085e+01 2.218350625142058163e+01 2.490752235580016816e+01 4.492945758558032310e+01 5.724733389909342662e+01 6.835243358308791528e+01 7.662153992032145311e+01 8.677652771242021856e+01 8.650387942862690238e+01 9.476982945788357426e+01 9.759590385212848673e+01 9.489049538143922291e+01 8.069789609505033923e+01 8.289471532925260533e+01 1.029709795675407236e+02 1.038701582982307485e+02 1.031230173641962153e+02 9.482586171053651469e+01 1.031230173641962153e+02 9.615738803403486656e+01 8.204167063523082959e+01 7.205171548212456401e+01 5.961146403135547445e+01 3.958093855195958355e+01 5.560535899935916859e+01 6.240873526023048612e+01 5.415706236119822137e+01
8.935793240062051002e-03 1.419627024957260009e+00 2.123075536610520686e+01 2.486244436045905815e+01 1.188652531658167533e+01 2.785960619863620735e+01 2.939530332546665647e+01 3.234435854527755794e+01 1.665621999457384916e+01 3.665807398466488110e+01 3.955904485498619749e+01 3.634707956248357874e+01 4.492945758558201419e+01 2.895635894136847099e+01 4.897353857342960026e+01 4.838127713822021292e+01 6.509249826185134680e+01 6.680776685919884983e+01 6.652968553460588907e+01 8.128740079202840718e+01 7.762214836919683592e+01 9.759590385212848673e+01 1.007764844213720039e+02 1.029709795675407236e+02 9.795976872942634373e+01 8.368492602978413686e+01 9.795976872942634373e+01 1.054659280961440544e+02 9.394925601173513030e+01 8.569481770648361874e+01 6.792595323642652261e+01 5.378581050518721440e+01 4.378156011106917589e+01 5.961146403135547445e+01 6.788350338420826802e+01 6.938896415652881444e+01 5.290137613923788962e+01
3.542675937824442400e-02 2.003542675937788786e+01 1.554061251205269301e+01 3.505632751196468888e+01 3.189237440637897691e+01 2.041465992644952010e+01 4.043969074225691429e+01 3.978186852103897309e+01 1.977979194313267541e+01 3.978187449293793065e+01 5.277959008967506804e+01 5.634664735926259027e+01 5.724708039242730706e+01 4.312004991103906093e+01 3.328287065980011050e+01 3.682999995125946668e+01 4.683639520507811227e+01 6.680776685919884983e+01 5.500488670965036420e+01 6.131563277016520175e+01 7.284407145523226745e+01 9.282120315861025972e+01 1.013857876560915372e+02 9.301987169754238494e+01 8.892917604533036524e+01 6.940252722642911465e+01 8.892917604533036524e+01 9.722251450682142604e+01 7.725595795438712798e+01 6.570885330959808357e+01 5.863678018424880634e+01 5.231403354008163120e+01 4.750204421549979372e+01 6.749426556286375956e+01 8.303856888061054065e+01 6.401410869429327022e+01 4.995251145689722705e+01
9.242822829079952451e-02 2.003183990257405256e+01 3.526315989743785906e+01 4.315550602357254917e+01 4.865436461161269222e+01 3.196489076626318138e+01 3.306851858861605820e+01 4.806529324244647228e+01 3.978187449293793065e+01 2.449441917231057886e+01 4.449638244978732615e+01 5.785949384548079877e+01 7.137323908692125940e+01 5.960740486330697507e+01 3.962349769144028500e+01 5.682207767809125443e+01 4.287051146381218558e+01 4.745884786721354942e+01 6.742499947443657504e+01 8.128740079202840718e+01 8.955545525321444700e+01 1.010846046529849644e+02 8.972748683092439137e+01 7.282889936656410157e+01 8.056578136818200164e+01 6.038349103539733420e+01 7.824493646856801377e+01 8.660774188435460985e+01 9.394925601173513030e+01 8.569481770648361874e+01 7.862871222968824725e+01 7.134195659552760560e+01 5.134876847952644852e+01 7.134195659552760560e+01 8.416482958467034337e+01 6.425284925610236542e+01 6.581354027837875265e+01
6.779948344387334846e-02 2.006779948344351894e+01 3.819814251295954932e+01 4.648241376042174267e+01 6.034916213123741358e+01 5.201648308783627073e+01 4.723633238816950097e+01 5.312370318812236292e+01 5.277959008967506804e+01 4.449638244978733326e+01 2.957578674751880143e+01 4.371993704349846865e+01 6.371580811963328728e+01 6.666785662441682803e+01 4.669790286158961123e+01 6.666785662442234184e+01 5.699570640918118158e+01 6.157587472825667874e+01 7.569446330873195450e+01 8.713739529825814145e+01 9.545803397769522292e+01 9.688580041022920852e+01 8.136260838705170784e+01 6.118621875207913519e+01 6.971376440002553920e+01 5.368377093728357607e+01 5.807735989860332637e+01 6.971253113325661843e+01 8.990041891198924873e+01 9.551203791008018129e+01 7.554296469744242870e+01 6.399582044095478039e+01 5.593332961707415052e+01 7.592936116775216249e+01 9.227883316113739909e+01 8.416481472101534678e+01 6.901556265497647757e+01
9.456690088683034068e-02 2.009456690088647335e+01 1.819814251295884233e+01 3.819814251295954932e+01 5.172550785373822890e+01 6.000977910119983250e+01 6.733707362008793496e+01 7.323660601150093896e+01 6.496938162699326824e+01 4.497470936003954023e+01 3.342618834634215119e+01 5.342545221130919231e+01 6.955116881220251912e+01 7.493683770799378863e+01 5.822767128196377939e+01 7.493683770799596289e+01 7.696456667129378104e+01 8.154603576465936499e+01 8.390518170803740361e+01 6.715944084327917096e+01 8.390518170803740361e+01 8.265496268972833604e+01 6.842412496922753462e+01 6.971376440002553920e+01 4.957917258262877169e+01 4.734197359522104875e+01 6.746491334766268722e+01 8.660774188435460985e+01 9.826371312196923213e+01 1.037571195148115635e+02 9.223873904373793664e+01 7.492948682930486370e+01 6.078400214377255395e+01 7.492948690004757850e+01 9.490039354519426240e+01 8.591780046904433732e+01 6.521687303838092475e+01
5.600688922766024203e-02 4.056006889227643519e+00 2.405600688922799790e+01 3.539557623518399510e+01 3.172550785373893945e+01 4.809246979340571215e+01 5.637674104086731575e+01 6.637674104086596572e+01 7.325257768182078166e+01 6.009072733895831675e+01 4.009490195601097895e+01 4.127289314518258578e+01 5.541230116317846921e+01 7.540590955084726943e+01 7.819736421486985023e+01 8.646445734754107093e+01 8.787024462202765562e+01 7.963388603461308435e+01 7.558385892736393430e+01 5.562655263408646533e+01 6.491949538197067682e+01 7.319627626301785028e+01 5.419351323867361714e+01 6.008928457823786573e+01 4.289207085730393487e+01 4.273918668066512794e+01 6.284839435672312646e+01 7.371186941077289134e+01 8.125265392397457731e+01 9.046019101540558438e+01 1.031462538886461004e+02 8.709891835929393267e+01 6.711300079407025976e+01 8.077881629584652501e+01 1.007364166888200145e+02 9.432701348895500360e+01 8.126998840812208869e+01
2.504255526148684366e-02 2.002504255526113042e+01 1.054486373445808844e+01 1.539557623518470564e+01 2.142580312673987208e+01 2.809246979340642270e+01 3.809246979340606742e+01 5.223460541713652105e+01 7.223460541713509997e+01 6.764737900706646201e+01 4.765435794891104138e+01 6.126829347953845684e+01 5.127181893939986423e+01 6.126788046477228988e+01 7.540418943973104149e+01 9.540282975847907210e+01 7.963606613371085530e+01 5.958342128588630970e+01 6.538480678630467935e+01 6.491944399879537286e+01 4.452586220493105174e+01 6.491949520961158271e+01 6.008928457823786573e+01 3.998145082026976382e+01 3.652822999280839156e+01 4.172793843531846392e+01 4.729222446074717112e+01 5.333824571249524382e+01 6.045613931448431089e+01 7.504618693361604187e+01 9.666266410271592235e+01 9.416040705509357167e+01 7.418750088680518218e+01 9.416040705509357167e+01 1.061090531216860882e+02 8.568709284036137319e+01 7.087143029460520438e+01
7.532853315450405152e-02 2.007532853315414911e+01 3.054486373445773140e+01 3.539557623518399510e+01 4.142580312673916154e+01 4.809246979340571215e+01 5.637674104086731575e+01 6.058986774236944228e+01 6.887413898941711921e+01 7.593068760163831143e+01 5.919724099845436882e+01 7.593068760163821196e+01 6.540830950258951759e+01 7.954847722300216617e+01 8.954646757807654467e+01 8.962715482835326952e+01 6.963485734364680013e+01 5.541967360982428659e+01 4.538743234298362950e+01 5.648338386840165981e+01 3.779540422847248493e+01 5.071728647083082819e+01 4.868411937690841285e+01 3.237115104742522931e+01 5.248925627024474494e+01 6.184051078238628918e+01 6.723180307452969373e+01 7.355914663511005358e+01 8.052973607324715033e+01 8.129481593161716546e+01 1.027700835316428680e+02 1.024073526079300649e+02 8.572814621024741655e+01 1.024073526079300649e+02 1.061090531216860882e+02 8.568709284036137319e+01 9.166854652163902983e+01
6.306811280081249527e-02 1.420520373653188706e+01 3.420520373653258872e+01 3.291701971578534369e+01 3.656850343248638779e+01 4.041750522708382931e+01 4.644773211863899576e+01 4.058986774237015283e+01 6.058986774236944228e+01 7.367627527563075773e+01 7.919048219231481767e+01 8.747505808545696482e+01 8.540350959910517759e+01 7.941691670176602713e+01 7.110457410211803619e+01 7.941691670176602713e+01 8.372986797836938422e+01 7.067416833916817609e+01 5.060547008145207570e+01 3.645025334746373602e+01 4.864901202592516682e+01 2.904791602534361061e+01 2.862317986839573791e+01 4.868411937690841285e+01 5.791277391946012187e+01 4.811869817792960191e+01 5.575122772935880988e+01 6.600199645749346189e+01 7.958975231018492025e+01 9.865037596133252862e+01 9.981846244831029935e+01 1.081048242034803906e+02 1.056790895804904267e+02 1.139143028852442967e+02 1.143676756186435881e+02 1.061090531216860882e+02 9.946431325431332482e+01
1.934550753332892059e-02 2.001934550753297515e+01 2.791701971578574515e+01 1.291701971578605779e+01 1.656850343248710189e+01 2.041750522708453985e+01 2.644773211863970630e+01 3.539200402863854578e+01 4.539200402863819050e+01 5.953413965236864414e+01 7.953413965236723016e+01 8.497597020587488714e+01 7.337564928009879850e+01 6.506008652801203596e+01 5.099695586710061690e+01 6.936894318814186988e+01 7.341946000286354490e+01 6.182531406756266534e+01 5.350877888872596344e+01 4.891338854375251088e+01 2.895476249388086387e+01 2.627969845432960483e+01 4.629597021196606477e+01 3.174930930524858042e+01 3.796568626770717003e+01 5.791277391946012187e+01 7.537436151912248761e+01 8.271384044287196957e+01 9.266351287901673572e+01 8.558647695554940071e+01 7.969139554569727579e+01 9.981846244823404390e+01 9.760540028877677798e+01 1.058779346993095061e+02 1.174219877572209469e+02 1.137331360858586180e+02 9.355397333391047709e+01
5.958918199688835460e-02 2.005958918199653240e+01 7.917019715786100420e+00 2.205915533951679919e+01 3.656850343248638779e+01 4.041750522708382931e+01 2.826215063261176041e+01 3.826215063261140870e+01 4.980915601640351298e+01 6.395129164013396661e+01 8.395129164013255263e+01 7.666991381724579924e+01 5.656110308519342311e+01 4.496815560683234025e+01 4.096750127983669643e+01 6.105076498460933010e+01 6.510505109134125235e+01 4.501971845801288907e+01 3.345918513539664474e+01 4.193314053809864816e+01 2.403666431584801799e+01 2.909422639538951572e+01 5.221918007454019772e+01 5.186277704325841142e+01 3.521093465209159490e+01 5.533504857300978585e+01 6.726073987072265936e+01 8.301812883970968926e+01 7.483159420798162387e+01 6.520876184024922395e+01 8.558647695554940071e+01 8.600822738935113421e+01 7.751850760245842764e+01 8.914494819632847111e+01 1.091625927745566429e+02 1.219476737580012724e+02 1.137331360858586180e+02
