MOVIE_S13_data/elevation_000981.asc
nrows	150
cellsize	150.0
xllcorner	0
ncols	150
yllcorner	0
NODATA_value	-9999
[rows 0 to 16 of 150, columns 37 to 73 of 150]
8.884754177262699226e-02 6.929726548558100274e-02 7.395023591448830758e-02 4.828361932999872264e-02 4.897713358561925356e-02 8.568734790590110117e-02 1.075183056328203948e-02 6.823539046102447547e-02 7.194897206013613211e-02 1.557559815681563986e-02 7.704183385687686514e-02 1.685416958384493638e-02 9.680445094065920353e-02 7.639902522890137937e-02 4.559330980047965332e-02 5.839666421669215124e-02 9.739037529851846120e-02 3.670263267501718690e-02 2.041064012308905357e-02 6.895211126444661387e-02 9.031524355919069713e-02 1.560024811392830661e-02 7.641644294168103979e-02 3.888124420523987601e-02 6.873285589001959517e-02 4.772367030474261584e-02 9.504926490987847254e-02 5.760415539182907330e-02 9.666222459857021221e-02 9.627991409191682948e-02 1.286757495974483190e-02 9.381044340810595905e-02 7.584058927755046864e-02 1.435327048224320848e-02 5.777975670406795827e-02 2.716720951219454838e-02 4.735230246529398453e-03
2.008884754175411302e+01 1.281975390667247305e+00 2.007395023591413263e+01 2.004828361932964498e+01 1.003087896667123680e+01 2.008568734790554444e+01 2.001075183056292772e+01 4.238523671602503207e+00 2.007194897203771333e+01 1.415771122188789022e+01 2.007704183385652286e+01 5.180831964527044420e+00 2.009680445094030432e+01 8.241364834506091697e+00 2.004559330980012533e+01 1.420053665778090490e+01 2.009700371437650546e+01 2.003670230348521741e+01 1.433458328021354689e+01 5.561776483985426678e-01 2.753845579034278623e-01 2.001560024811357152e+01 2.007641644294132632e+01 2.003888124420488381e+01 1.161573823968243424e+01 2.004772367030438573e+01 3.110162710687521148e+00 2.005760415539147345e+01 1.423879784832964646e+01 2.009627991409156067e+01 1.544327079967569460e+01 6.771701944179908672e+00 1.974156436874310749e+00 2.001435080605697436e+01 2.005777975350880737e+01 2.002716720951183760e+01 1.414687085397766708e+01
2.249776727631681439e+01 2.496888869128823796e+00 2.249776813706338174e+01 3.308114966604300378e+01 2.387312465389405247e+01 3.782363218900914603e+01 2.850253799714409197e+01 8.502537998714675638e+00 2.264467362244500492e+01 3.415771122190541575e+01 3.052605680277513045e+01 1.052605680277548572e+01 3.052605680277513045e+01 1.824136483450591584e+01 3.652563608196698652e+01 3.420145053337351015e+01 3.523358817535584819e+01 1.533875988876173579e+01 1.245627901725234299e+00 2.068073970382548410e+01 2.550697163927876332e+01 1.589115386121203954e+01 3.654911826508006811e+01 3.990000948710565609e+01 3.161573823968207719e+01 2.616013411733998240e+01 6.160134117339627124e+00 2.616013411733998240e+01 3.423879784833034989e+01 3.610045697394940589e+01 1.706870337414247274e+01 2.709453509628261969e+01 2.197076455908933212e+01 4.683285048981105092e+00 1.362152648121350573e+01 3.348412950063926985e+01 3.414687085832281355e+01
8.526861831150794657e+00 2.149020792519183942e+01 4.303904674941041897e+00 2.481006689632607376e+01 3.566486034990510490e+01 5.060119960619602608e+01 3.321658320358326932e+01 1.321658320662495179e+01 3.321658320357738603e+01 5.092894396750372721e+01 3.655628369432994162e+01 1.655628369433065217e+01 3.655628369432994162e+01 3.238350045823636947e+01 4.652563608196680889e+01 4.519256975659627074e+01 3.691040542100158461e+01 2.165235908209630722e+01 1.733577938199500457e+00 2.165194873738496995e+01 3.562935615041788395e+01 3.654911826508006811e+01 3.047621821704247580e+01 5.121039592398814477e+01 4.308993627883690891e+01 2.964168723645319758e+01 9.641687236453554632e+00 1.685039050418096807e+01 3.681454113956293384e+01 4.464812492147412826e+01 3.049010553671220691e+01 4.464812492147412826e+01 2.665068217384120430e+01 6.653913655153067985e+00 2.665068217331661415e+01 2.972426208791072710e+01 4.901920251422004782e+01
2.259917743097042830e+01 3.058184124164227313e+01 2.182468522022501745e+01 6.129646533299137445e+00 2.731057209661444674e+01 4.568896135524671820e+01 3.898999040072813926e+01 1.899008589851638007e+01 2.954673895649451865e+01 4.955049423673496989e+01 4.362735150619528923e+01 2.362735150619600333e+01 4.362735150619528923e+01 5.238350045823565893e+01 4.986983049071871221e+01 3.690622320157265790e+01 1.700569746140265082e+01 2.213909327645556857e+01 2.222780280202711456e+00 2.422231835906897945e+00 1.930166130998801677e+01 3.867007601961642393e+01 4.524313922290084378e+01 4.635267041519080777e+01 2.635267041518945064e+01 1.480566503139673173e+01 2.964168723645319758e+01 3.681454113956279883e+01 3.098463108591456461e+01 5.088918905849606489e+01 5.048503423089076847e+01 4.471150046791687060e+01 2.865145374395965305e+01 8.653832111707218999e+00 2.865145374395965305e+01 4.137935409927754193e+01 5.700076130774246508e+01
4.230715681696546682e+01 3.663828488470215206e+01 2.717702374567924295e+01 7.428786138230194069e+00 1.742645833407162570e+01 3.740923614506525752e+01 4.531437040388723858e+01 2.531464121841083781e+01 4.531437040388723858e+01 5.783988923434982610e+01 5.191162275365689993e+01 3.517435688998811116e+01 5.191162275365689993e+01 4.639777580083801922e+01 3.086970239728993448e+01 3.071055021705683430e+01 2.272429442410629008e+01 2.918412357394221335e+00 6.958373036764793795e+00 2.614944921070746275e+01 3.563490539352648057e+01 4.690317696801707825e+01 6.561662798191437673e+01 5.463694167094628540e+01 4.308993628077335813e+01 3.480566503139743872e+01 2.070334327759251636e+01 4.070334327759180582e+01 5.088918905849606489e+01 5.907333511522518421e+01 5.411010052711174723e+01 3.645360966863039920e+01 1.649576490121517125e+01 2.680903594072028895e+01 1.175800024811645983e+01 3.255092889527968936e+01 4.845572043019604536e+01
3.127518851133848798e+01 2.928603093475436481e+01 9.297863390701902375e+00 2.741784719449290364e+01 3.569665369337394623e+01 4.568896617572563201e+01 5.359761797049092991e+01 3.945810856960386559e+01 3.945600793284360464e+01 5.942566040268553706e+01 6.345862813744900421e+01 5.517435688998740062e+01 4.996180996056126133e+01 3.129909214969250897e+01 2.175876310655290879e+01 1.371323285174062256e+01 3.615733997744947192e+00 2.283182176137959729e+01 2.683120050083978114e+01 1.423950844955166417e+01 2.827410511502219137e+01 4.807483158877363394e+01 5.816195340221884180e+01 6.808261280672950022e+01 5.661470646610368362e+01 3.661470646610439417e+01 2.506770108231228988e+01 3.661470646610439417e+01 5.661470646610368362e+01 5.994058471171445035e+01 4.001720381936105753e+01 2.591430034952718486e+01 3.645360966863038499e+01 3.360768449630862875e+01 1.399353158475495817e+01 2.031428196107862050e+01 4.022008280014871673e+01
2.542262457227560901e+01 1.128793773136396084e+01 2.928577100780760389e+01 1.519520696814650762e+01 2.932691535936404392e+01 4.930898576514434950e+01 5.993322428174447936e+01 5.949492292913557634e+01 5.942566040268553706e+01 6.763432681363052268e+01 6.260126902229460910e+01 5.437753382748240227e+01 4.404786995138590555e+01 2.432474019212482119e+01 1.446031918061717292e+01 4.314728414987460958e+00 2.352683039513423680e+01 3.177175107765846107e+01 4.228980509106894203e+01 3.407360362676399745e+01 2.312976220363599822e+01 3.013482015712741457e+01 4.002275065164323564e+01 5.982489948772989408e+01 6.489897771174024399e+01 5.041292592055997090e+01 3.041292592056068500e+01 5.041292592055997090e+01 6.489897771174024399e+01 5.994058471171445035e+01 4.001720381936105753e+01 4.585262697856892089e+01 5.118409694487987593e+01 3.637649311178374489e+01 1.641801399228151936e+01 3.637649311178378753e+01 3.097381881871814002e+01
3.269931978504866521e+01 1.271287864344019347e+01 3.269923427374100555e+01 3.517952828869834292e+01 2.168185727175181299e+01 3.167149481373252584e+01 4.579714602755858976e+01 6.578801233019970596e+01 6.808815673861205653e+01 5.815895396397656469e+01 4.993580523884059374e+01 3.445005955857411095e+01 4.021887904237473776e+01 2.347729898014418737e+01 5.078876041531162677e+00 5.552683726751396875e+00 2.545191980399308207e+01 3.545188593938536314e+01 4.147228359074701132e+01 4.953363807321365186e+01 4.292735528638429088e+01 4.992382506968652933e+01 5.816195340221884180e+01 6.808261280672950022e+01 6.306203656123304313e+01 4.306203656123375367e+01 4.455506154429113508e+01 4.455506154429113508e+01 6.455506154428971399e+01 6.820299723486232324e+01 5.994058471171445035e+01 5.118409694487998252e+01 3.124931011849498930e+01 2.493728823900327995e+01 1.913840082991573155e+01 3.909180788491710246e+01 5.083785877795727970e+01
1.475575083747300198e+01 1.717691402770467946e+01 3.947427228815273281e+01 4.994119400429894284e+01 4.166191500977051021e+01 2.983895797959870322e+01 4.981854881075932440e+01 6.878382327117149941e+01 5.986748019395336939e+01 4.000413028372781099e+01 2.995748164553809900e+01 2.257982841892420467e+01 3.302671579456252715e+01 1.631775565047732002e+01 5.620008623887873256e+00 2.545295692862921655e+01 7.313573517895686216e+00 2.720230580873171178e+01 2.181265538660351666e+01 3.832653500956381265e+01 4.049440804908170577e+01 4.713026471810400153e+01 5.539682437634397161e+01 6.432065230745261886e+01 7.134630780650229553e+01 5.720417218496420730e+01 6.455506154428971399e+01 6.455506154428971399e+01 7.283933278932815369e+01 7.423250815404118441e+01 5.425879176149931027e+01 4.275337476262452441e+01 5.118409694487998252e+01 4.185804083424805810e+01 2.191045135754464823e+01 3.189090616130001266e+01 5.182517550719610000e+01
3.472921417938937338e+01 4.097817236190910961e+01 5.319804655029538765e+01 6.390784521497333515e+01 5.809923257754859804e+01 4.396376121688246030e+01 4.051505343533031578e+01 6.050204539978916074e+01 6.808815673861205653e+01 5.815895396397656469e+01 4.624217652393760147e+01 2.605653862547592681e+01 1.333444448880020339e+01 8.741487619008813326e+00 6.161775733262619958e+00 2.580387504585765512e+01 2.720309772019356842e+01 9.088185509930916339e+00 1.035039147578460650e+01 3.022310246600585160e+01 2.062309443899897232e+01 2.722269470803887614e+01 3.610103059772092138e+01 5.020257246989703503e+01 7.017753163842336050e+01 7.720417218496230305e+01 8.053172555920299658e+01 7.223836557301444827e+01 8.053172555920299658e+01 8.251703099709308731e+01 7.098065313764294615e+01 6.270067761808996920e+01 6.034792179730889217e+01 4.479810814491023052e+01 2.485760147216839044e+01 4.479810814491023052e+01 5.182517550719610000e+01
1.908086171084877236e+01 3.866517530868994612e+01 3.617631174763491231e+01 5.563075896346584415e+01 6.777801895992102743e+01 6.395325642471053840e+01 5.205059120247942417e+01 6.878382327117149941e+01 7.964242397939298712e+01 7.120522904280183241e+01 5.447471483984364227e+01 4.287304298192223229e+01 3.435995994200982295e+01 2.842806910265163367e+01 2.262001732592480252e+01 6.935160256626097919e+00 2.848950382751572619e+01 2.314294488784021198e+01 3.022310246644884302e+01 1.216004670902382578e+01 3.202125145424265185e+01 4.213092306365957285e+01 5.539682437634396450e+01 6.432065230745261886e+01 7.614649071696584315e+01 7.268427747166332153e+01 6.443932005709284283e+01 5.246638845509119164e+01 7.060913046790103920e+01 8.206640010954625097e+01 7.771881901275862958e+01 5.773794109433020338e+01 4.364510628994776908e+01 3.214659035052586233e+01 2.863388656394679543e+01 4.856467268251193303e+01 6.247442902559331657e+01
3.907349067405515086e+01 2.135825875773487681e+01 4.134627376308277036e+01 3.950997941029018534e+01 5.363530504717438419e+01 7.363481113017843427e+01 7.204694653223486966e+01 8.032804574808415055e+01 7.120522904280193188e+01 5.036158634533136080e+01 5.646654794679062661e+01 5.238290634799496814e+01 3.640790556521314159e+01 2.552617483234273976e+01 2.039874224755938670e+01 7.482680835147935028e+00 2.856770464706912449e+01 4.303335744291302944e+01 4.027369257078844811e+01 3.202125145545770835e+01 1.402591964952743453e+01 3.387635093543588738e+01 4.265996965989140222e+01 5.405017379321306237e+01 5.633201667749248287e+01 5.633225656647393720e+01 4.470196029563979323e+01 4.261534267960340827e+01 5.398685164552086491e+01 7.377667587531294657e+01 7.300504705786958937e+01 5.303315047580873198e+01 4.153519150677787053e+01 5.207489678193806526e+01 4.856467268251193303e+01 3.427672947276969495e+01 4.576831626242596940e+01
2.378861062337456644e+01 4.134621351104156872e+01 2.952534782141084690e+01 4.950150220928352951e+01 5.363530504717438419e+01 7.363481113029844494e+01 7.983296061035065350e+01 6.945811014305661502e+01 6.093871663318929421e+01 5.396726166764068466e+01 3.558669394432737221e+01 5.514729298805094970e+01 4.492274704945248232e+01 2.554203824644800491e+01 1.422943080994703280e+01 8.030963036880949701e+00 3.312774995383347942e+01 5.031645567954507925e+01 4.795051461408688454e+01 2.804664146081328369e+01 3.387635093297166122e+01 1.592118527769782510e+01 2.492682755783116733e+01 4.349240856114459319e+01 5.465079862525157495e+01 3.657038965689937271e+01 3.326622933162912688e+01 4.317865478496185005e+01 5.710185884299317394e+01 7.684097296663280474e+01 8.129016032324534535e+01 6.975428435940884242e+01 5.303315047580865382e+01 6.975428435940884242e+01 5.865517044257391888e+01 3.872994962874416558e+01 5.021737822799838824e+01
2.551983934660366771e+01 4.549485706048434963e+01 4.950150211851291715e+01 5.778378866737647002e+01 7.363481113029124003e+01 8.192073297643314334e+01 7.138898113290777303e+01 5.048845213347071592e+01 4.002627576518332830e+01 3.309925992447058718e+01 2.709207189852618569e+01 4.126054586416663028e+01 4.268885882284597955e+01 2.656470826257849183e+01 2.519519821815482885e+01 8.580806120652008318e+00 1.927105707681187496e+01 4.142112106117125592e+01 5.621520562969339352e+01 4.795051461398799120e+01 3.576400396006304305e+01 3.576398326937056282e+01 1.784554184773269370e+01 3.767921784691641562e+01 4.111852092828851823e+01 2.665818984842613304e+01 4.645135176998522297e+01 6.121468051436454516e+01 7.106096108081045770e+01 7.720440333187181636e+01 8.304480230553038211e+01 8.129015102466507869e+01 7.300504698690383520e+01 7.277627302921814589e+01 5.280601837865731341e+01 5.865517044257391888e+01 4.762384668214703964e+01
2.726886097141154153e+01 3.392476587329752391e+01 4.146597357721921639e+01 5.145009315431506280e+01 6.558889855426669158e+01 8.557373448344826272e+01 7.983296061035065350e+01 6.945811014305661502e+01 6.093871663318929421e+01 5.396726166764068466e+01 4.132529780633180394e+01 2.044302141430603825e+01 3.513825070770797510e+01 3.054263107751155104e+01 9.360127320702490650e+00 2.248976742202703605e+01 3.316252780651457499e+01 4.763211005490748562e+01 5.754447355557397259e+01 6.395556131352280715e+01 4.827301999885601447e+01 2.838710887658835702e+01 3.079339613128700393e+01 1.980925648103253778e+01 2.125982069443425715e+01 2.271900953616602692e+01 4.260456861605123180e+01 5.314408588104839026e+01 6.965235611028084861e+01 5.722356450204170386e+01 6.307581670150693753e+01 7.729322914773548803e+01 8.554659930844270832e+01 8.106179376123633062e+01 7.277627308495485181e+01 6.391022765872092748e+01 5.758482059419947063e+01
4.723975804391239564e+01 5.389420452419768282e+01 6.144576381728405323e+01 6.971659622898845043e+01 7.970687844574290182e+01 8.042322605497277266e+01 7.113766416501401579e+01 6.259690656126541342e+01 5.601051130385518917e+01 5.001101729447889710e+01 4.524958185185052884e+01 3.514192818495946113e+01 1.447201528976748719e+01 1.222093958631559651e+01 9.911713550836777742e+00 2.851214083319219128e+01 2.188078261314334227e+01 3.119897002357273053e+01 4.971816124411804338e+01 6.090905058332505462e+01 4.092973196808966208e+01 4.652662004574830235e+01 2.673573526720816673e+01 3.965894206972282632e+01 4.111901945020913729e+01 4.260548461964289402e+01 2.495984565823819779e+01 4.487503046350084190e+01 4.966000329232393540e+01 4.307343716671298495e+01 4.974502756452807262e+01 5.731246793733667744e+01 7.144956166474129589e+01 9.140109043917863119e+01 9.219383045173522362e+01 8.390697302248089784e+01 7.171443249755959926e+01
