MOVIE_S13_data/elevation_000153.asc
nrows	150
cellsize	150.0
xllcorner	0
ncols	150
yllcorner	0
NODATA_value	-9999
[rows 0 to 16 of 150, columns 37 to 73 of 150]
8.884754177262699226e-02 6.929726548558100274e-02 7.395023591448830758e-02 4.828361932999872264e-02 4.897713358561925356e-02 8.568734790590110117e-02 1.075183056328203948e-02 6.823539046102447547e-02 7.194897206013613211e-02 1.557559815681563986e-02 7.704183385687686514e-02 1.685416958384493638e-02 9.680445094065920353e-02 7.639902522890137937e-02 4.559330980047965332e-02 5.839666421669215124e-02 9.739037529851846120e-02 3.670263267501718690e-02 2.041064012308905357e-02 6.895211126444661387e-02 9.031524355919069713e-02 1.560024811392830661e-02 7.641644294168103979e-02 3.888124420523987601e-02 6.873285589001959517e-02 4.772367030474261584e-02 9.504926490987847254e-02 5.760415539182907330e-02 9.666222459857021221e-02 9.627991409191682948e-02 1.286757495974483190e-02 9.381044340810595905e-02 7.584058927755046864e-02 1.435327048224320848e-02 5.777975670406795827e-02 2.716720951219454838e-02 4.735230246529398453e-03
4.560938280686829494e+00 2.006929726548522552e+01 9.018222145913567189e+00 1.419041924306107383e+01 2.004897161229815694e+01 1.163269273129179915e+01 2.001074609384520642e+01 8.125604641200881995e-01 2.006814763610229235e+01 1.517360989945319361e+01 2.007704183031892953e+01 6.683520836253627806e+00 2.009680445094030432e+01 1.007639902522881492e+01 2.004559330980012533e+01 6.382951984553478120e+00 2.009739037529816486e+01 1.417883825640609174e+01 2.002041064012273353e+01 4.239240392405960733e+00 2.009031524355883391e+01 1.415773587184500393e+01 2.007641644294132632e+01 2.760536513964332528e+00 2.006873285588966382e+01 1.418985929403581814e+01 2.009504926490952315e+01 4.421961960111658207e+00 2.009666221229670313e+01 1.009627990761444671e+01 2.001270485257014897e+01 1.953107049133197393e+01 2.007448374615617581e+01 7.495678925760590472e-01 2.002659316575284265e+01 2.002716720604259848e+01 9.813514417975165216e+00
9.205798250853376885e+00 2.931171824813448268e+01 1.901822214591339133e+01 3.419041924306177549e+01 3.991620471090712385e+01 3.163268259060689402e+01 2.155832058908807625e+01 1.557414228362339337e+00 2.155810937221358969e+01 3.370633115521552980e+01 3.375459340712096434e+01 1.375458864830682870e+01 3.375472507447046411e+01 2.162340440902112704e+01 3.304961865122091069e+01 1.304961865122020370e+01 3.304961865122091069e+01 3.417883825640679873e+01 2.264539034325431643e+01 8.503254719518206883e+00 2.850325472593729614e+01 3.415773587204493822e+01 2.550775486224352662e+01 5.507747792938125109e+00 2.550775486230042688e+01 3.418985929403652335e+01 2.889406073278192011e+01 8.894097915111197850e+00 2.889391655150636851e+01 3.009627885752415466e+01 3.009631389332171381e+01 3.508128243531548662e+01 1.851529977375813019e+01 1.033156010732898977e+01 1.794271287976336282e+00 2.364473908100508126e+01 2.275305446511869434e+01
1.446012991959644012e+01 3.444271656678153448e+01 3.316035776964384496e+01 4.730249339331356850e+01 4.498801862714233124e+01 3.650132525487877189e+01 2.259369140218946370e+01 5.471222260859006425e+00 2.590302924328684586e+00 3.484244346042093810e+01 4.203981996603382498e+01 2.530159497993389550e+01 4.203981996595486237e+01 3.576554003275158067e+01 4.133388989868310404e+01 2.304961865122038134e+01 4.133388989868310404e+01 5.092966358066525601e+01 3.321729993995551666e+01 1.321729992742856474e+01 3.321729993995551666e+01 3.964990712562290298e+01 1.964988359360412673e+01 2.550775486210711307e+01 9.724118006496000888e+00 2.972413355289853243e+01 3.717610039364774366e+01 2.044110220340735395e+01 1.673874332078903393e+01 3.673897183415132872e+01 5.009685616309361222e+01 3.964528046316968357e+01 2.376377944556760013e+01 2.228671043236087002e+01 2.533998009647262961e+00 2.254128573109809253e+01 3.657102182596381112e+01
2.028148764219221434e+01 4.018973155901743155e+01 5.316035776964313442e+01 5.083976635343555017e+01 3.084727991942251180e+01 1.677436274568354690e+01 1.578672227993211230e+01 3.564467172902455072e+00 2.117597336654866069e+01 3.386941310319981824e+01 4.537263881502069296e+01 4.530191552510240172e+01 5.358748704730350454e+01 5.576554003275025195e+01 5.133388989868328167e+01 4.304961865122108833e+01 5.133388989868328167e+01 5.560979354937355623e+01 3.838127759000069972e+01 1.838127772237187685e+01 3.838127774490005351e+01 4.793434623210232814e+01 3.964990712550928009e+01 2.277408941748391769e+01 1.277408941314812019e+01 3.277411240676494941e+01 4.871141805723665641e+01 4.043808865559606147e+01 2.340540998829382602e+01 3.673877298351208509e+01 5.673885535941598590e+01 4.712018979744718905e+01 3.836081907089022280e+01 2.613016191468369698e+01 1.399133294742996014e+01 3.583725733402077562e+00 3.027397750141575727e+01
2.692494324986499876e+01 4.682212571359363551e+01 5.762106761704662006e+01 4.749826388421075052e+01 3.909342037955866545e+01 2.413413404885025315e+01 4.480401172365060525e+00 2.308946402930811104e+01 2.656769762240281096e+01 1.812877321423785659e+01 3.458904508945248324e+01 4.318888382519288172e+01 5.144446090341742917e+01 5.971349963692970420e+01 5.395606000341527420e+01 5.395605857456500587e+01 6.212455642224077934e+01 4.732554977313166944e+01 2.732554963237087975e+01 3.838127736503355436e+01 4.666554657187688804e+01 5.910423369176447750e+01 3.910402955465087160e+01 3.606210260089972053e+01 1.606206915925532286e+01 3.020422018675427367e+01 5.020631460037037641e+01 5.047654673069663289e+01 3.047647780782138938e+01 5.047708756592243873e+01 5.729507961366660140e+01 4.596618414495006988e+01 3.363583399971359711e+01 1.474936860886632495e+01 4.637086301025320267e+00 2.275208689342335688e+01 3.270447464122534598e+01
3.683842627935651137e+01 5.511709429692168527e+01 4.919738879731045955e+01 2.898945496308041214e+01 1.897627855649293238e+01 1.192081550730999240e+01 5.437414319375879934e+00 5.734860102671619941e+00 6.663162831858066681e+00 7.642268950217425250e+00 2.760452711085039468e+01 2.322693064612953506e+01 4.318888373951030957e+01 4.003373518535200049e+01 3.426691991596309350e+01 3.426691991557146366e+01 5.395605856128953093e+01 5.560983787595623795e+01 4.146768525964785113e+01 4.146768525495814828e+01 6.146768286385155733e+01 6.738934282219911154e+01 4.848796743762859762e+01 2.848789419004154055e+01 1.954362227836934096e+01 3.368575921437985699e+01 5.368589297615918809e+01 5.876441122556333596e+01 4.202348885504238751e+01 5.876441122556333596e+01 4.904657517325824045e+01 2.954546227678751080e+01 1.860046506961500157e+01 1.956177413014110655e+01 5.383998426568391338e+00 9.867834216493708510e+00 1.427710414787242499e+01
5.680582514783079517e+01 6.511402978873273639e+01 5.762106761656283282e+01 4.749826388314340164e+01 3.631483591925746879e+01 2.638850393324053201e+01 6.457279434592264167e+00 2.555435002726887816e+01 2.072826006552154965e+01 2.760452714217153058e+01 9.090652604870285813e+00 2.907365136450106391e+01 3.162221914078559948e+01 3.269793733231517052e+01 2.033528672632701273e+01 3.927249176250073504e+01 4.868504832685888317e+01 5.765845601500033268e+01 6.146769108943648519e+01 6.146768291531865458e+01 6.975182190665965720e+01 6.481816334332908980e+01 4.481783966641459216e+01 4.354367289116251527e+01 2.354362227836941202e+01 3.768575973193541984e+01 5.768592628737246741e+01 7.031393922589265344e+01 6.202491815838400413e+01 5.584359865411265389e+01 4.754011684446288655e+01 4.005856104074323554e+01 2.611983078525259216e+01 6.455324003003337197e+00 2.506634427663908937e+01 2.877961735645391883e+01 3.371290752526803658e+01
5.816615772950408569e+01 4.919403583336299590e+01 4.087768001530519513e+01 3.800983127939590389e+01 2.800782667341239573e+01 8.010288537086900362e+00 2.638850487977332548e+01 3.469294594542211740e+01 4.069354724994796157e+01 3.701029297028684084e+01 2.292835687095880104e+01 1.057552996008664437e+01 1.163402619321400522e+01 1.271426431389575029e+01 1.379918864262613099e+01 1.892876345482813960e+01 2.931076416460720679e+01 4.937824620671658948e+01 5.437698797413818141e+01 6.142716116477132005e+01 6.970996077999782869e+01 7.310370333542594778e+01 5.987379276661066996e+01 3.987356219994570239e+01 2.888884711661799187e+01 3.768575973193541273e+01 5.182791593470696512e+01 7.182841432929949121e+01 6.153372843094848577e+01 4.181938823981734288e+01 2.799064631394056946e+01 2.063061028454370671e+01 1.447978131188614803e+01 2.494622935223639004e+01 7.542281479329218108e+00 2.736882017076430529e+01 3.791630117138060285e+01
4.135599464093726851e+01 2.979381709302939285e+01 2.084695593008541792e+01 2.969930376679576511e+01 9.699388840925884381e+00 1.184260931728406341e+01 3.186116313044843551e+01 4.250363643630038979e+01 5.082356692496041717e+01 4.954505829576724096e+01 3.830215380273975256e+01 2.471522949592358387e+01 1.740904519940159290e+01 3.269712731475921430e+01 3.378162804027004285e+01 1.537321025190708745e+01 3.534604266086092395e+01 4.547821946615207622e+01 3.447873800404431677e+01 4.148626007636483592e+01 5.298782946896847079e+01 7.295550264626614023e+01 6.815910231185323198e+01 5.443594466273736288e+01 3.443584907887327518e+01 5.443594466273736288e+01 6.597111649620346441e+01 7.281498810459348192e+01 6.453242726304462451e+01 5.584359865410699086e+01 4.754011684446245312e+01 4.004685700613873678e+01 3.377176905597535495e+01 2.777684413103880345e+01 8.334272503450126379e+00 1.038849875401464296e+01 2.961256653994299981e+01
5.325763291317470305e+01 4.917171024387360490e+01 3.143426441218269574e+01 1.141629420998429190e+01 2.971465133340603160e+01 3.186155466331968356e+01 1.761695100739418152e+01 2.246829767496528163e+01 4.250449729467504767e+01 5.902304032314547300e+01 5.291774245477487426e+01 4.344936983208573622e+01 2.344081692901585257e+01 4.344634943999969323e+01 3.642989244653459480e+01 1.648950711601576558e+01 3.130786885548555176e+01 2.561046674568239467e+01 4.547822006153459284e+01 6.142716116477132005e+01 6.970996077999782869e+01 8.124652326851615669e+01 7.076621841516171685e+01 5.076579939046716561e+01 4.199513854085765985e+01 6.199529220099451976e+01 7.863949264084571666e+01 5.868908945827555357e+01 4.459086129378755459e+01 5.192027354837347275e+01 4.616953692884680294e+01 4.325416588643337690e+01 2.335114334247620604e+01 9.535968877151026035e+00 2.798085726182229038e+01 2.961256653994299981e+01 1.315034328187817714e+01
3.327228157988974999e+01 4.373518317615529583e+01 3.267568279536421016e+01 1.265738288927806998e+01 3.254381113321307595e+01 4.575615626311039108e+01 2.656271852358768015e+01 4.250449729467504767e+01 3.063446432698277277e+01 4.480416117126709707e+01 6.491199275880727271e+01 5.056241697784043510e+01 3.051521869827333333e+01 5.056105243924113068e+01 4.469280531099887810e+01 3.646141176274516482e+01 1.807988365475657844e+01 3.805251371732757093e+01 5.374230823159922465e+01 5.704528619263887634e+01 6.403605220462688408e+01 7.220587363986582830e+01 7.905200508475471111e+01 7.028054996075317717e+01 5.354214546240575601e+01 7.028054996075317717e+01 7.753877154766773572e+01 5.759070469718160012e+01 4.349211062705657582e+01 3.200285300647469455e+01 2.632434137785001482e+01 3.866756186050457700e+01 2.993931441371641355e+01 1.037537641382725084e+01 2.993931311359810721e+01 4.083609414914357671e+01 3.251567284363205346e+01
4.383785534820206209e+01 2.385844754347116137e+01 3.213480295161918576e+01 1.390562931444004491e+01 2.544543967075814805e+01 4.521586489259865260e+01 3.812119207537467958e+01 5.493667222338984146e+01 4.480416117126707576e+01 4.219766038002782693e+01 6.229928990664050303e+01 5.881716613730937127e+01 4.208740300441711923e+01 5.857093860840503652e+01 4.024450829891237191e+01 2.012550414023137080e+01 1.998501527260382105e+01 3.992551384198552000e+01 4.817286147917833006e+01 3.720666843755785891e+01 4.426317999307092776e+01 5.571605332906082708e+01 7.540138202652087784e+01 8.182834088627430447e+01 7.354250538782433466e+01 7.174532215157481119e+01 6.350425246738419816e+01 5.685419744487328586e+01 6.019277487368619717e+01 5.190016259980655633e+01 3.866480894408991986e+01 1.899146937219195408e+01 3.036312660548540876e+01 1.120959763676653331e+01 2.474777141149065685e+01 4.342446649244576662e+01 4.390875725609746638e+01
5.026409582244929908e+01 3.571672943124196564e+01 1.569512675566861049e+01 3.392484475094326513e+01 4.206205788480402674e+01 5.332522167792151180e+01 5.820764533003942631e+01 6.653763794010703236e+01 6.491199275744510544e+01 5.378919993699544477e+01 7.063083543119219598e+01 7.035899540253026885e+01 6.213950144677637155e+01 5.468991680339985351e+01 3.545002879495462622e+01 2.157296463455272573e+01 3.992755902622036501e+01 2.271704454720065769e+01 2.826449826980997670e+01 4.817318661682033820e+01 6.403605220462688408e+01 7.220587363986582830e+01 8.358216621331453666e+01 8.752492019442388482e+01 6.764363798545136319e+01 5.354177420899235784e+01 4.355408739985156075e+01 3.689916262300064886e+01 4.834534200702452722e+01 4.300701344467473319e+01 3.940318368801139570e+01 3.189832992333272799e+01 1.239336100957053510e+01 3.075593941826331346e+01 2.157161443419391489e+01 4.126310861909562533e+01 5.552159577010862535e+01
4.195952629967331404e+01 2.189640928069180248e+01 3.571399294171740735e+01 1.762910473968441849e+01 3.765208339073355859e+01 4.749777192095708500e+01 5.236275236338638450e+01 6.069216703145061587e+01 7.229939191011986566e+01 7.392428899366676376e+01 8.224984520897713480e+01 7.614807842056092113e+01 6.622724509813558313e+01 5.641352848193567837e+01 3.694647698115387868e+01 2.301746051372274593e+01 4.286655756843939002e+01 4.265316607533610238e+01 2.566503732630551582e+01 3.978438434979130278e+01 5.960962909559586365e+01 7.736214923209149674e+01 7.736214923410398114e+01 8.546038345678563530e+01 8.170117311014682571e+01 7.174532215157481119e+01 6.350425246738419816e+01 4.834534200702452722e+01 2.841727184023982034e+01 2.317606261217076380e+01 1.972913177996609946e+01 1.647553306544093843e+01 1.323985572135529409e+01 3.277376771828433277e+01 4.126829744632067332e+01 3.545277175425378147e+01 5.531426818575692295e+01
2.884836824384230169e+01 4.034110030562620608e+01 3.291201584288037907e+01 1.900295847111189573e+01 3.900817031145697200e+01 2.745452735725136506e+01 3.230392413269042606e+01 4.386761362764186600e+01 6.396732768508651645e+01 8.129829327991946286e+01 8.189588195931251846e+01 6.214837985542752108e+01 4.808772435132721057e+01 3.800753861979512038e+01 4.398421361617133840e+01 2.445371630216546421e+01 4.434515971709782178e+01 4.553740888515230267e+01 2.778536706552225155e+01 4.770365732073399556e+01 5.896670412778675541e+01 5.783508738705690888e+01 5.783508738705697994e+01 7.736214923428181578e+01 7.850853044374441936e+01 5.860041662915252658e+01 4.707305703954526166e+01 3.814223505579466433e+01 3.061829933115192048e+01 4.301925316154164136e+01 3.945290937478554838e+01 2.778770766750708887e+01 1.410943213656875450e+01 3.354786103821493981e+01 4.333718237734634471e+01 5.531421023598112896e+01 6.359139896751582199e+01
4.900099828174671046e+01 5.600515143875815482e+01 4.662260700610264763e+01 3.886181920247226884e+01 2.096873594297229815e+01 4.099518315811648961e+01 5.236275236338638450e+01 4.125632987138097718e+01 5.284126851214335829e+01 7.296849863641897116e+01 7.332391318500941679e+01 6.508944517853547040e+01 5.695135301161735697e+01 4.647787589982892342e+01 2.647252468739499420e+01 4.434516017841205837e+01 5.261111043912390528e+01 5.526423696018007803e+01 4.770365732073398135e+01 3.087354412183910313e+01 5.077443080217545202e+01 4.383662765196667976e+01 6.355443138530501557e+01 7.877909330660355636e+01 8.673868393893579309e+01 7.525128335989916195e+01 6.634094217115139713e+01 4.689611661920892516e+01 4.471380908250211661e+01 5.880500473991978083e+01 5.488565712928611617e+01 4.114076824583323599e+01 3.335367956995343519e+01 1.532738786822958943e+01 2.909246226439806193e+01 4.959355260127566112e+01 4.747059367088723292e+01
