MOVIE_S13_data/elevation_000476.asc
nrows	150
cellsize	150.0
xllcorner	0
ncols	150
yllcorner	0
NODATA_value	-9999
[rows 17 to 33 of 150, columns 74 to 110 of 150]
7.513982473550866814e+01 8.416958396554478838e+01 7.580790240944250513e+01 6.726043045378574448e+01 8.416960037611958967e+01 9.418110643823594330e+01 8.458687685997891492e+01 7.631413206025577267e+01 6.900534085314836830e+01 4.904552372273695937e+01 6.315415005972202778e+01 8.313136502267123262e+01 9.412615572510345885e+01 8.294344369049704824e+01 7.421656771737380609e+01 6.618239865217368845e+01 5.687228499469434695e+01 7.318649973763362482e+01 7.350182369837651208e+01 8.196133431492881982e+01 7.184188925335661224e+01 5.249213008958956550e+01 3.906169996991912541e+01 3.980745563907297679e+01 1.971293172050550879e+01 3.142210689698077530e+01 1.108741713912974802e+01 2.972690888484683214e+01 3.995101090696966395e+01 5.256709176659995819e+01 5.907988076878066153e+01 6.046603226730191949e+01 6.858200787172881974e+01 6.864291400419141098e+01 5.461260243040226214e+01 5.461260243039945550e+01 7.446406947778081076e+01
6.679811879952188747e+01 7.203436541012581529e+01 5.557955582647338844e+01 5.557955582679824147e+01 7.580790376203151482e+01 7.397525152964807660e+01 9.418110643823594330e+01 8.163879919466344859e+01 6.166354765264308924e+01 6.900534085314836830e+01 5.970870243301376945e+01 7.968096338457507954e+01 8.616992175004355659e+01 6.673421729983694206e+01 5.534663875762907992e+01 4.647887662634271777e+01 4.543217929070169703e+01 6.159012924924702759e+01 6.616833802280173416e+01 7.600254092992700805e+01 7.405439592939850968e+01 5.725507386181612191e+01 5.779693483189240055e+01 3.965930917021640312e+01 1.613222442000131096e+01 1.190816414421848357e+01 3.149155011251431802e+01 3.891145312598590067e+01 4.187968136942605213e+01 4.373162757881791407e+01 4.208560239638036649e+01 4.077044631881096848e+01 5.472272976215104734e+01 7.433159492005027857e+01 7.446406952226968201e+01 7.446406947830750767e+01 8.267322190974421403e+01
6.612076478217925057e+01 5.184501170043985496e+01 4.398367449600946344e+01 5.030407438120548136e+01 5.743065652747221606e+01 7.176321033886769385e+01 9.197496080467487900e+01 8.991914232704995413e+01 7.578273630734430810e+01 8.796135528666000880e+01 7.123194386370722953e+01 8.796135528666000880e+01 8.235468743999076935e+01 7.342829361848419012e+01 6.514422254885214159e+01 5.633063763925827772e+01 3.650477817630199695e+01 4.285320742368800495e+01 4.412080994176162818e+01 6.090236256917190616e+01 6.098821774465476864e+01 5.715007487658782992e+01 4.816343611782598089e+01 3.317246952847504105e+01 1.277171817914778096e+01 3.229872566454892535e+01 1.597306859820524139e+01 1.887785421374112360e+01 2.187314160865714641e+01 2.493145041308149246e+01 2.813112795107321418e+01 4.800946842838153117e+01 5.705566687928045866e+01 6.124195194101827866e+01 6.586296371065654398e+01 7.110205983640096861e+01 7.851163769399106229e+01
5.219697001343788401e+01 3.770602619557886470e+01 5.775853525121301857e+01 7.052277670421337064e+01 7.768309499065235002e+01 8.604272137300777956e+01 8.832503215903156502e+01 9.667598850720230530e+01 9.577658563933923119e+01 9.950294190791521487e+01 9.122253868715122849e+01 8.818283794125758845e+01 6.820642646254664498e+01 5.412695167072450175e+01 4.519527952582741648e+01 5.513520171477119192e+01 4.891172620463231624e+01 2.910194727889167154e+01 3.167352247622863004e+01 4.877457634741050896e+01 3.970603902873456548e+01 4.849170381233066252e+01 2.966031052432849791e+01 2.021803114011227365e+01 1.339298531782024071e+01 1.903147324539475349e+01 3.600596857514688054e+01 3.056250212823328383e+01 4.188188560698821306e+01 3.909131885888566416e+01 4.800946842838153117e+01 3.333796610536628435e+01 3.735827028368651526e+01 4.160653451232971634e+01 4.625767116113213007e+01 5.149915711749044789e+01 5.890773736283712481e+01
3.222209880549496575e+01 5.219697001343788401e+01 6.612191551488469088e+01 7.831249857376259627e+01 7.664587772046886016e+01 7.402104765821158594e+01 6.809614328199744193e+01 8.832503215903156502e+01 9.407832849768831807e+01 1.024230146401870769e+02 9.617983186993824063e+01 8.786201044355208012e+01 8.235468743999076935e+01 6.927544994050073512e+01 4.932697924489759345e+01 3.513509871911453786e+01 2.926513688360456200e+01 2.577453149053512860e+01 2.235181460747491400e+01 1.995108717523231689e+01 1.954765249135691718e+01 3.633771280380499746e+01 3.464699588727514623e+01 1.429136293122041046e+01 2.991277748647722490e+01 3.650397701874458534e+01 4.504943282517950820e+01 5.046803405173428558e+01 5.862044961222058248e+01 5.883740235094139592e+01 6.123655723343433266e+01 4.481421468717585554e+01 5.705455838365074328e+01 5.550209322437189030e+01 6.012430425599175265e+01 6.536516117071107601e+01 6.750862832455217699e+01
4.703948053885369518e+01 5.259089829876992894e+01 4.977049123914142825e+01 5.893538748105191871e+01 5.640970869343026806e+01 5.378324245479655019e+01 7.262225448147131601e+01 7.979180181233923008e+01 7.387412870006251353e+01 9.407832849768831807e+01 8.786201044355208012e+01 6.789682070607601361e+01 7.374448939250663670e+01 6.773798957050372849e+01 5.553916140584931327e+01 3.542570217017900802e+01 4.938491581786485085e+01 4.602727091225295197e+01 3.949144613612673282e+01 2.223218629961141346e+01 1.683907547061162902e+01 1.609489609778207253e+01 1.534722232851404655e+01 3.307367901642903263e+01 1.606663229320447073e+01 1.731250446723536029e+01 3.725243280083948605e+01 4.664230374059733464e+01 6.045373848772773329e+01 5.266371002682090818e+01 6.061624628981501672e+01 6.445604248110737444e+01 7.255202118223171226e+01 7.509919670085150756e+01 7.971731319594900356e+01 8.495215840106992289e+01 8.709099648976670949e+01
4.833212163131103267e+01 3.261546596919212249e+01 3.566003579723263783e+01 3.886816475796697290e+01 4.221404031163661585e+01 4.718071316776320856e+01 5.235300245550944709e+01 5.951325966956068214e+01 7.387412870006251353e+01 9.407832849768833228e+01 8.526472731820146578e+01 6.531108991561620769e+01 5.382358360768803607e+01 4.779745469759458132e+01 4.220239447729955629e+01 5.553916140584931327e+01 6.232399078245653357e+01 4.586257758831364839e+01 3.081632259311498956e+01 1.792585119533642768e+01 3.704060023383721756e+01 3.633771277865203331e+01 2.716253802911676374e+01 4.340282705692492016e+01 3.801291894753720868e+01 2.637026997391259187e+01 1.906064352271348383e+01 3.892201626830961914e+01 4.182484259072658972e+01 3.328189333737746836e+01 5.097398532652168512e+01 5.858907295410635641e+01 6.668415014021913123e+01 7.520018609788489528e+01 7.520018609788489528e+01 8.333345647351541174e+01 9.634899225441985493e+01
2.840323943232955983e+01 4.833212188506389140e+01 5.568005415056270380e+01 5.893538748105191871e+01 6.233674537621272549e+01 5.164014397184050864e+01 7.187603545755935386e+01 6.518019576993245323e+01 7.951625852334362321e+01 9.970104506827377122e+01 9.357841234634156535e+01 8.203721643600351854e+01 7.374293326584098907e+01 5.854658733971363205e+01 6.220733932121420651e+01 6.722348096986712562e+01 5.900728172119180925e+01 5.135200136158675832e+01 3.307152602702691269e+01 1.868662977316296292e+01 3.891098906787818379e+01 5.152194471853479740e+01 4.721338938495418347e+01 5.541536907319590455e+01 4.250793170254696207e+01 4.610297027381911050e+01 3.318446975881395389e+01 2.079081838523120496e+01 2.203907607716167050e+01 2.328829929004602306e+01 4.305304033702930155e+01 3.910882461667047494e+01 5.858907295418670458e+01 5.571474415484323828e+01 5.571474415484323828e+01 7.520018609788489528e+01 8.348903898573834681e+01
4.833212188506389140e+01 3.378058415514117030e+01 5.377350603206456725e+01 6.948008977494622229e+01 7.953430336950901847e+01 5.927242929907905022e+01 7.953430336950901847e+01 8.542824562555064460e+01 9.377993659451003339e+01 9.209410804059208999e+01 8.389419044574501072e+01 9.208812423576016215e+01 8.678047721593171104e+01 7.849476288643202793e+01 7.303191503811308394e+01 5.319808921223368259e+01 3.957068096058426221e+01 4.632892770686977002e+01 1.962867106546292106e+01 2.018172421323681931e+01 2.483005874056613749e+01 3.118545987093619942e+01 5.186997037059258986e+01 7.031164337249251162e+01 6.214064305247124764e+01 6.075370657726016077e+01 4.568516566988028416e+01 2.599539828073498171e+01 4.182484259072658972e+01 4.305304033817827758e+01 2.508183771033085208e+01 4.481445725546239345e+01 5.228461439073382166e+01 4.203879243342643690e+01 6.142189796554336567e+01 7.776778212497789866e+01 6.389833453485179149e+01
6.012566898060672571e+01 4.003836599468261426e+01 4.101272407706672141e+01 6.111314039203064397e+01 7.809333706307002387e+01 7.953430202690631745e+01 7.582718983373769106e+01 9.602905385416129036e+01 9.497452710743728233e+01 8.217234378474226730e+01 6.404055495984997037e+01 8.217234378474226730e+01 8.040796473972177694e+01 7.221432639596366698e+01 7.221432639596366698e+01 6.143093797239055931e+01 4.671449700205869959e+01 2.754633468943728758e+01 2.035657857758154421e+01 3.371440954463371042e+01 4.427069249378011051e+01 5.155206896501243818e+01 4.589990355295717706e+01 6.628298674207474050e+01 6.562814255211628733e+01 4.618824300103926817e+01 3.491132761191091305e+01 3.998170951101653259e+01 5.377065952345297717e+01 4.901266652827390402e+01 2.981389882640260325e+01 2.697413608466975177e+01 3.279431021079108888e+01 5.228461439073382166e+01 6.952410031417221603e+01 6.963631902029501930e+01 5.018363980068117058e+01
6.726154806815367238e+01 4.707823409802683301e+01 6.111314039203064397e+01 4.952647100462100127e+01 6.972643343435932195e+01 8.976579812323176100e+01 9.602905385416129036e+01 9.547084055150233439e+01 8.402889692768290786e+01 6.694328634775186515e+01 5.410096684176682658e+01 7.396711170992418261e+01 7.221432639596366698e+01 5.236838791689873318e+01 5.236838791689874029e+01 5.321662151878047808e+01 3.319048011310763258e+01 2.148380185757413940e+01 4.059816177255109437e+01 4.884971248035640912e+01 6.192538110118751149e+01 7.004231768936220703e+01 6.628298671117322272e+01 7.455804547318480502e+01 7.374102494549512699e+01 6.249264881906693603e+01 4.366584304275973238e+01 5.946042932367503653e+01 5.601486703609741369e+01 3.683999131954974615e+01 4.901266662488504267e+01 4.665138432205207408e+01 2.893727157982769427e+01 4.855966594047297491e+01 5.854300194119544187e+01 6.477314796265581265e+01 4.543630001538011953e+01
7.563037842095779695e+01 5.714109271718844241e+01 7.563037842095779695e+01 6.380162406927819063e+01 6.117416137034673795e+01 7.549249240101275404e+01 9.569290252870376889e+01 8.727805789949560733e+01 6.744416070447584843e+01 5.596247830893025821e+01 4.710102301047336226e+01 5.992794730324622776e+01 5.670637690109685991e+01 5.363298927094600543e+01 3.826313051711513680e+01 4.797272755184664561e+01 4.240304837546210592e+01 2.226912714578786989e+01 4.240304819767960964e+01 5.361254940380976564e+01 5.386644400430699164e+01 5.023099919838409733e+01 7.004231761561166536e+01 7.632353148840624613e+01 8.450354865830310302e+01 7.119960775305293055e+01 5.485644945391813110e+01 6.475088070892998360e+01 4.521692148512141074e+01 5.601486703609741369e+01 5.601239846945170342e+01 5.662630797569832453e+01 4.855966594046240203e+01 3.092704093759462580e+01 5.047157132693354242e+01 5.438616806547344851e+01 4.105413812576151145e+01
8.574250455031381080e+01 7.738200341911871760e+01 8.574250455031381080e+01 8.403018847714247386e+01 8.140905526746735177e+01 8.976593117972755920e+01 9.805052061120953510e+01 8.743952661080601274e+01 7.965019764422160620e+01 6.460536238447441804e+01 4.476991070864630728e+01 4.007302871663063826e+01 3.679227796814387830e+01 3.364493252391554989e+01 3.059948603625807451e+01 2.788274691478448375e+01 3.829196378543239376e+01 2.304872420871342342e+01 2.293620168324286368e+01 4.539465935949582587e+01 3.414087002342991894e+01 5.386644389384823484e+01 6.229456239790285821e+01 5.648357354266644137e+01 7.632353152662788887e+01 8.247476621832723254e+01 7.434262723033641862e+01 7.175440609729149344e+01 5.194774383049224298e+01 7.175363678145204460e+01 7.568431427165062075e+01 6.444997022504222173e+01 5.283496611194865267e+01 3.350773023680350349e+01 3.332338656776427399e+01 3.502907153993932354e+01 5.438442775622684167e+01
8.821525997120632212e+01 7.987700488169586777e+01 7.773050247187180162e+01 8.536601145088404508e+01 9.361348941549751146e+01 1.035411108894506356e+02 8.968074760868545070e+01 6.970937263708380272e+01 5.974889254283940687e+01 5.224760300478819630e+01 5.878863802676528394e+01 5.411543269648684173e+01 5.089379203835535748e+01 5.363298927094600543e+01 4.224406306994892191e+01 4.426656663195842611e+01 2.413813915362770501e+01 4.315866823430613408e+01 4.539462374987223825e+01 2.921320403516771691e+01 4.939948124456440581e+01 3.896481072538439605e+01 4.246488470001843041e+01 5.131569771133334257e+01 6.126287894320949334e+01 7.273833701564686294e+01 9.249958292134527937e+01 7.998675318110485932e+01 6.335410535054964498e+01 7.997512767901753250e+01 7.007418028397074750e+01 5.069044461476644159e+01 3.718224281661319708e+01 5.283367563944892709e+01 4.707763529029261207e+01 5.438565461666392054e+01 3.764795007683706274e+01
7.206171844129720228e+01 5.960019857222209083e+01 5.744502494847348828e+01 6.513799188577814903e+01 7.530399140063614993e+01 9.531484197735377961e+01 9.808091183519714207e+01 7.890529129048027812e+01 6.481762751471714523e+01 7.212163219181080365e+01 7.864817721744189782e+01 7.396059889837661672e+01 7.073919810917186624e+01 7.034264028593368323e+01 6.213942643665721732e+01 4.508680378237608721e+01 2.495039348042822169e+01 4.508680158446537689e+01 5.567356199341382705e+01 3.599960507180743718e+01 5.567361821301073377e+01 5.873304755117754894e+01 6.229456269166132643e+01 4.887331776519873472e+01 6.874024491302803597e+01 8.470375285419147815e+01 1.006616082899607392e+02 9.146213630697700125e+01 8.322992609221154225e+01 8.523775396059527054e+01 7.390109091298798205e+01 5.894630486418598991e+01 3.981914569465183007e+01 5.894629304256289259e+01 6.646789588214039668e+01 6.500868625940806567e+01 4.872134834335211195e+01
5.179907173341945992e+01 4.793659057417116287e+01 5.504643659001933287e+01 6.942563496469736606e+01 8.964230474469736976e+01 1.035411108894506356e+02 1.075323737354192559e+02 9.303997519121890036e+01 8.473568527809622708e+01 8.436033275023906697e+01 7.605546176911755651e+01 7.679320690539645966e+01 6.850490946003814940e+01 7.117210926091165391e+01 6.272667484592178511e+01 4.590925315695537279e+01 2.576885837013741565e+01 4.590925307604465644e+01 6.293783230741603063e+01 4.985719184176091545e+01 4.985719170975569625e+01 6.971571611631441101e+01 7.693024816271275768e+01 6.035845499350831034e+01 5.667593298520682055e+01 7.652613428537814855e+01 9.459127346740071118e+01 1.044528815206053594e+02 9.249983275833831442e+01 7.707245357029636068e+01 5.748883202629846068e+01 4.647812918220278533e+01 5.852963055395599667e+01 4.433475670746907582e+01 6.380472134521784966e+01 7.628480034301853152e+01 6.811754700000422247e+01
4.183312525027326245e+01 4.779418111234917887e+01 6.803234576111432830e+01 6.791246570297609253e+01 7.962834282995230240e+01 9.977582097485638712e+01 9.705219880428595047e+01 8.550093406780437988e+01 7.719403257004503871e+01 7.055772913156867787e+01 5.615717556843496538e+01 6.059698287930190475e+01 4.862134214295677026e+01 5.382832269031569439e+01 4.285472049087491087e+01 4.078967386576039189e+01 2.659513475902783242e+01 2.789270015338433595e+01 5.659868777128064465e+01 6.971577793925402489e+01 6.971571563386785897e+01 7.791638814261725088e+01 8.836309427405181793e+01 8.018998287227628907e+01 7.073392304112061879e+01 6.662500714607851648e+01 7.655951905390467971e+01 9.629499964036619986e+01 8.434696168561237073e+01 6.467698189230900141e+01 5.495395096130742729e+01 6.576539426652796294e+01 6.675413420064751335e+01 4.757077045265280901e+01 6.114463659495216774e+01 8.075946687896637854e+01 8.044007573537186317e+01
