MOVIE_S13_data/elevation_000808.asc
nrows	150
cellsize	150.0
xllcorner	0
ncols	150
yllcorner	0
NODATA_value	-9999
[rows 85 to 101 of 150, columns 37 to 73 of 150]
3.644973587476382448e+01 5.719821087776383450e+01 6.618567377221671677e+01 6.295925444676185379e+01 4.893470992096618488e+01 3.638137937356847118e+01 3.765159433859405169e+01 3.893058190492859438e+01 4.022014411864162042e+01 4.329928824935065990e+01 6.330303243256116730e+01 4.640043647752249711e+01 4.815306863465169585e+01 4.991664379082413205e+01 5.186232242470875775e+01 5.403616560426453219e+01 5.635744498896006860e+01 6.010151580903949053e+01 8.018421369529433207e+01 7.101859880981415074e+01 7.519873452951031823e+01 8.935797666523272653e+01 1.091782576194722481e+02 1.221080227537339482e+02 1.285780375284598165e+02 1.183554281377875412e+02 1.099491353524510089e+02 9.717380393735020050e+01 7.608227657268568578e+01 6.965848613620659080e+01 6.398041417843192136e+01 7.923079515465393285e+01 7.701420404789902818e+01 5.930950441646083959e+01 6.938241723823689711e+01 8.369122271447069750e+01 1.041480769738626577e+02
4.987169600754833709e+01 5.093625209091023009e+01 4.615391755112199945e+01 5.314532332623672062e+01 3.467677113744670692e+01 5.480859966861510912e+01 5.190111843003145253e+01 5.901278518761910163e+01 5.995594003423396146e+01 4.226191985039726262e+01 4.376356690972306751e+01 4.606463676506206184e+01 6.600633458955185517e+01 7.027270805969035905e+01 7.235332982494708176e+01 6.861298633019902127e+01 7.663406073032142274e+01 6.184492528170933667e+01 8.190105820544634696e+01 9.100032320009745490e+01 8.935797666523272653e+01 8.523348859292762825e+01 9.417407648059385394e+01 1.081623028715169568e+02 1.278423105048965880e+02 1.228758946746952319e+02 1.023240124408304439e+02 8.744689523206807280e+01 9.717380373409319816e+01 8.038836341887201797e+01 7.932395062135738328e+01 5.946518572537662095e+01 5.668887012403529013e+01 7.701449426823404565e+01 8.795126208557347525e+01 9.810692079275159472e+01 9.800171496790511583e+01
2.952484358425114408e+01 3.060347890322637099e+01 3.172567773100960054e+01 3.295877802901697606e+01 5.314532326503869797e+01 6.306592292325881743e+01 7.185408746548077374e+01 7.048507632055691374e+01 5.052845052704982720e+01 6.229028392015369775e+01 5.578367140396923674e+01 6.590333258658334614e+01 4.934584490922055267e+01 6.923602514730431778e+01 8.077886306210415057e+01 8.875083120726249319e+01 8.575013022233387971e+01 6.574976533015501445e+01 8.575013022462104573e+01 9.997962550738756704e+01 1.091782576194722481e+02 1.050929165104863756e+02 1.132745333277443649e+02 1.221080227537339624e+02 1.304622559597540032e+02 1.250938497353280923e+02 1.045789685397280380e+02 1.083435193809821016e+02 1.097623148749938053e+02 1.012628037732685158e+02 8.784529335520363702e+01 7.522718429787563821e+01 5.482633264358940295e+01 7.304855663702660706e+01 8.146977613607657531e+01 8.955888368202678862e+01 8.102130788492532076e+01
4.840291779837257025e+01 5.092543374727181771e+01 5.202090376483042888e+01 3.538983684636520621e+01 5.536656948624865038e+01 5.965617490058522066e+01 7.977183765776221946e+01 7.684931934795245922e+01 5.688471981664635990e+01 7.656006713131016284e+01 7.349868599882722719e+01 7.702849480257970072e+01 6.923602514730431778e+01 5.267493335040476410e+01 7.250666198596442769e+01 8.426121637693339039e+01 9.397082653400252639e+01 8.575013022876329671e+01 7.179586181743385964e+01 9.177366432432508248e+01 1.072389356274430128e+02 1.160938812960938407e+02 1.274836425058637985e+02 1.244594554394562493e+02 1.102138067233145051e+02 1.244594554394562493e+02 1.250938497353280923e+02 1.247660957067337506e+02 1.041932269723017299e+02 8.945797531602629249e+01 9.326767257328440053e+01 7.798181688584439542e+01 5.812664073423810862e+01 5.251408310559018133e+01 7.093620515553445216e+01 7.450269296518817441e+01 6.092958733933028270e+01
4.225143278905127886e+01 6.251753663405889938e+01 6.369734078107683217e+01 5.536656948691567237e+01 3.908395867235295640e+01 5.373438583338866437e+01 7.395263839819605778e+01 8.505159310854443788e+01 7.103699648985229942e+01 7.103699648985229942e+01 9.088150802087000102e+01 8.880250958973357456e+01 6.889494683348273441e+01 7.254805266465054103e+01 5.614940545932604010e+01 7.020137698159690842e+01 9.012370243995239605e+01 9.997962544384215278e+01 8.337211171709222413e+01 7.912374842508529582e+01 8.809208442611466694e+01 9.958453924978252303e+01 1.192929472661255232e+02 1.153462191531764773e+02 9.564087191951773548e+01 1.117856018621969270e+02 1.131581310455093927e+02 1.072138634621178710e+02 1.079684197571205999e+02 8.717842395186811189e+01 7.293675919018994591e+01 6.653539951616124881e+01 7.798128464668864979e+01 7.093595652795464446e+01 5.032069959615986932e+01 5.467168831351639824e+01 7.450269296518817441e+01
6.197439150345031322e+01 7.065523777588532539e+01 7.451049957151185765e+01 5.439658320638011446e+01 4.213927089776908730e+01 6.289818667285084786e+01 7.590899986025677038e+01 8.704263589535514711e+01 9.088150802086568092e+01 9.088150802086981628e+01 9.906618973339732293e+01 9.701910113658259149e+01 8.750646356967787654e+01 6.755820132860668537e+01 5.867826459581236520e+01 7.274922716997288319e+01 9.267492685855874868e+01 1.114371150020684098e+02 1.032503986167711929e+02 9.068252202196113387e+01 9.177651515314072128e+01 1.115646417295365893e+02 1.214068741734274965e+02 1.009970734886871213e+02 8.641474323067258467e+01 9.127551998334405425e+01 9.271686359510276532e+01 8.671200963646413129e+01 1.011467090691890860e+02 1.017855001087779527e+02 9.326767257328440053e+01 8.649070146268672943e+01 8.832745687635835452e+01 6.950529085796735274e+01 4.888048346431641278e+01 6.950529085794858020e+01 8.299087263337482057e+01
5.136118206320808355e+01 7.129793350181712697e+01 8.271830389023743635e+01 7.115681592325172744e+01 5.439658373799669278e+01 4.759117092792293136e+01 5.954916019371836455e+01 7.885756643920346676e+01 8.639933833794967200e+01 9.458625016977813971e+01 1.044867209167364024e+02 1.037329902540841715e+02 8.385963491685660642e+01 8.132317155905248285e+01 6.139138042865045719e+01 7.289516978494383181e+01 8.702204332503133344e+01 1.068722562597898218e+02 1.186611714059982177e+02 1.104790792555521080e+02 1.057942704512359740e+02 1.197482965653248073e+02 1.235468011266274573e+02 1.031758064426922772e+02 8.860099163351483753e+01 7.679558215781264607e+01 8.980191553295085782e+01 7.231743940652225433e+01 9.271686359510276532e+01 9.124657201855957567e+01 8.877742854303214415e+01 8.641060834594154016e+01 7.990283207968415979e+01 5.947449853558946131e+01 4.745731992070268035e+01 6.810840687734102517e+01 8.696303276210782940e+01
5.141781289466926808e+01 6.802469793609650139e+01 7.630833201989979386e+01 8.272657415753495513e+01 7.451159225472507330e+01 6.800052525449376617e+01 5.355697892653341086e+01 6.001198866370039298e+01 6.661433846709778095e+01 7.648396091692976029e+01 9.631471575897433013e+01 1.119309014230554311e+02 9.947279698923753699e+01 8.420344762531746596e+01 6.424830967893460354e+01 8.420344762531757965e+01 9.555880905528339042e+01 1.021919906442687562e+02 1.103783175784855359e+02 1.192246766580721840e+02 1.254955503295382186e+02 1.256035538690607467e+02 1.154153977406312634e+02 1.070419116266107125e+02 1.001752868058885468e+02 8.980191553295085782e+01 6.945714012464567588e+01 6.473439506225057016e+01 7.938410629442925881e+01 7.088549330975135376e+01 6.841727135510366509e+01 6.603551107190699554e+01 6.967733275168031071e+01 6.672551175522467304e+01 4.605547851601076559e+01 5.808066559237582993e+01 7.853459123001367459e+01
5.297488739057264695e+01 4.791385448742207132e+01 6.216026619908171114e+01 8.218270464647648055e+01 9.272556637380331779e+01 7.286934465072569367e+01 5.886026123894581730e+01 7.868509734476484141e+01 8.639933833794971463e+01 9.458625017184235162e+01 1.044867209231049827e+02 1.075885147416635022e+02 9.126291736710028601e+01 7.129572166311739068e+01 8.420344762531757965e+01 6.956810148381615022e+01 7.560193745940397037e+01 8.229244587731258775e+01 9.125003296686780629e+01 1.052741928507366254e+02 1.249742990179470041e+02 1.172967265289598089e+02 9.678709672426172972e+01 8.644203716444405927e+01 7.962794299668716747e+01 7.380438448530105688e+01 6.825626027526013218e+01 6.365745954400274087e+01 5.910417746930119876e+01 5.649340982639915154e+01 5.392958914832280470e+01 5.146139203202285017e+01 4.906470871527057653e+01 4.671325444591339249e+01 4.467443933439832193e+01 6.375617745027704331e+01 7.221409714741888308e+01
3.505619333155805606e+01 5.530548649312545706e+01 6.850454563082105608e+01 7.522328150128200264e+01 8.352147572282018473e+01 8.690359232362159503e+01 7.286934465072569367e+01 6.876241982158742871e+01 7.760568127914788761e+01 8.911154099168321352e+01 1.089793273669246361e+02 9.939548515410955076e+01 7.947484377734147643e+01 9.126291736710028601e+01 9.619205214509835855e+01 7.624065331033516202e+01 8.027295589003254861e+01 9.438956578029161903e+01 1.103783175784855359e+02 1.192246766580721840e+02 1.316558374304263168e+02 1.256035538690607467e+02 1.154153977406312634e+02 1.070419116266107125e+02 1.001752868058885468e+02 8.104194359907351952e+01 8.679727511963345421e+01 6.649547617884142880e+01 7.938410629442925881e+01 7.684911519128824864e+01 6.578168889396461338e+01 7.200323889600123550e+01 5.291692293032519956e+01 6.737275648787877458e+01 6.375540057433103414e+01 4.306951091594392267e+01 6.216724576357999155e+01
3.674548922155813813e+01 4.242118695082576352e+01 4.831684754633707257e+01 5.506707388991198115e+01 6.933131472678093132e+01 8.944774759733407166e+01 9.272556637412191094e+01 8.860777486794184199e+01 9.682532910692970063e+01 1.057139414136391480e+02 1.171679034022762522e+02 1.060133750424358681e+02 8.615970537745691615e+01 1.060133750424358681e+02 1.037064468942306235e+02 8.382522713485720089e+01 9.181589067207542598e+01 1.083782271933452108e+02 1.223668886063988452e+02 1.257038400173772885e+02 1.114324299776464215e+02 1.257038400173772885e+02 1.293337977057113903e+02 1.182124822356494320e+02 9.778968120528811880e+01 1.015373350213921952e+02 9.245390412717057416e+01 7.205863819421857386e+01 9.245390412717057416e+01 9.455174709081927631e+01 8.612698621373797891e+01 7.776479665396392704e+01 5.737793032406236904e+01 7.776476252087827845e+01 7.221246969624171186e+01 6.216724711547779947e+01 4.149145890300160744e+01
3.853935582421107142e+01 5.877330821072362710e+01 6.822856301948209534e+01 7.522328150125312618e+01 7.153464984547703409e+01 9.163581021869104859e+01 1.034366416513111488e+02 9.800150099236358869e+01 1.044758039473674955e+02 1.125251901365370202e+02 1.222040817295604569e+02 1.141969587333536396e+02 9.613925199986678649e+01 1.141969587333536396e+02 1.118913861178226483e+02 9.382185946791366860e+01 1.116175234166382069e+02 1.198045491826739237e+02 1.278811600905614654e+02 1.173557288818671651e+02 9.706407378785660001e+01 1.173557288818671651e+02 1.091014620594802977e+02 1.233798891885891891e+02 1.182124822356494320e+02 1.069513292024541613e+02 8.644887404150011889e+01 8.110896561921158820e+01 1.008845918977070255e+02 1.025054533334046880e+02 8.495524252506262997e+01 6.461759038422761137e+01 7.776479665396392704e+01 7.776479665396392704e+01 7.667304337021131744e+01 5.615975373739723153e+01 5.615754095865118956e+01
5.834336279686225879e+01 4.114463590398907655e+01 5.294763606248052668e+01 7.454976223647008737e+01 9.163581021869104859e+01 9.632422279331993309e+01 8.395848041657650640e+01 7.844715948332576261e+01 8.505289508235583185e+01 9.482804221037483217e+01 1.141235656843601163e+02 1.240730464860955635e+02 1.158874980850049354e+02 1.240730464860955635e+02 1.217739383975134615e+02 1.135910343205476067e+02 1.217739383975134615e+02 1.276963841714412666e+02 1.076517490643775972e+02 1.076517490643775972e+02 8.940755970722037205e+01 1.096862041577744264e+02 9.474811412934383270e+01 1.048877450501814224e+02 1.251282546097317123e+02 1.153203097539138184e+02 1.069513292024541613e+02 9.136890826566428814e+01 1.085616799479033432e+02 8.809243552009880318e+01 7.366685681045701983e+01 7.631788435594347675e+01 9.338588837989198055e+01 9.815178517650409162e+01 8.510858144378616430e+01 7.667158151193099513e+01 7.660523858396042840e+01
4.382452173857630129e+01 6.135574014431205114e+01 6.988910966155346216e+01 8.301114125754550344e+01 9.055927468298082772e+01 7.673251935842431237e+01 6.996546699729307761e+01 8.966350175718538651e+01 1.044758039473674955e+02 1.125251901365370202e+02 1.222040817295604569e+02 1.218539702263014703e+02 1.301779448301970206e+02 1.184792983427965822e+02 1.101394099765669665e+02 1.184792983427965822e+02 1.270997434942154030e+02 1.193525205826350799e+02 9.908618982525820229e+01 8.739480761187762425e+01 8.268629784911601632e+01 1.029266560075896422e+02 8.463698329369874784e+01 1.048877450501814224e+02 1.058161279339392706e+02 1.141808660441369341e+02 1.202366012333519762e+02 1.059430334196621573e+02 1.085616799479033432e+02 8.809243552009880318e+01 8.809243552009880318e+01 9.076455853704455023e+01 1.007153617906676715e+02 9.064883315132016151e+01 8.230790680188090391e+01 7.557552690798165429e+01 6.943746588772961559e+01
6.389485320791108336e+01 4.678996707875479899e+01 6.638670554363110909e+01 7.339845233168993843e+01 7.642625943414739709e+01 6.270542261465580935e+01 7.673251935842431237e+01 9.632422279331993309e+01 1.076309212417249057e+02 1.195923834361154832e+02 1.185377763104912958e+02 1.016654714369098116e+02 1.185377763104912958e+02 1.083773085699716887e+02 8.990655645543016306e+01 1.083773085699716887e+02 1.068782006439146954e+02 1.068782006439146812e+02 1.083894491955318671e+02 9.682395840449288471e+01 7.661347900541764488e+01 9.043284365399397018e+01 7.751304749305673170e+01 9.412855377546449631e+01 8.557265567423208097e+01 9.988534647963750501e+01 1.201343009563852604e+02 1.262656707933901714e+02 1.169184711467105018e+02 1.085616799479033432e+02 1.085616799479033432e+02 1.112141090349460200e+02 9.237289446394301251e+01 7.224291913981967639e+01 6.211076712018360269e+01 5.521788156348696930e+01 4.889656390561743393e+01
6.941899273620362010e+01 5.028514077796243242e+01 5.050848918616147643e+01 5.351815419669569707e+01 5.657162665853103789e+01 6.319900652028133692e+01 7.024748793840356598e+01 7.846732169250277877e+01 9.029290448226723242e+01 1.110664139302732849e+02 1.101981350157116992e+02 8.996429038835827896e+01 1.101981350157116992e+02 1.000229832159985648e+02 7.975326593797112196e+01 1.000229832159985648e+02 1.068782006439146812e+02 8.663177581224486801e+01 8.814326810773788168e+01 1.024464564012008054e+02 9.043284365399397018e+01 7.022803300936928395e+01 7.078439098580639666e+01 7.391589960366852097e+01 9.412855377546449631e+01 1.141808660441369341e+02 1.158580093876117019e+02 1.217529254495117073e+02 1.116549093932360677e+02 1.016100787735104092e+02 9.322657137088727097e+01 1.016100787735104092e+02 1.007153617917383031e+02 9.064883315132016151e+01 8.230790680188090391e+01 6.572418278176566275e+01 6.943746568800061425e+01
5.539206608572452240e+01 7.035954140583653782e+01 7.043487313495757007e+01 5.836571851124114119e+01 7.642580727705768595e+01 6.545283954572910545e+01 8.386627803304398299e+01 9.670105673151641668e+01 1.075562900216247755e+02 1.161817815465438031e+02 1.030443906429733545e+02 8.278696984250665025e+01 1.030443906429733545e+02 9.326641078998939349e+01 7.296153671234603166e+01 9.326641078998939349e+01 1.080267998089806696e+02 9.407323725522121549e+01 7.385750806449995309e+01 9.407323725522121549e+01 9.880662195292190120e+01 8.460021722169426539e+01 6.438266171953685557e+01 7.867696086016178469e+01 9.890022306311608702e+01 1.099156094919747488e+02 9.565162413003544373e+01 1.015699373487115906e+02 1.030027244279724670e+02 8.313365375871765650e+01 7.305648227234384251e+01 9.151485791689073324e+01 9.099033684454185789e+01 9.934314994346840422e+01 9.430186871433129170e+01 8.595968097989354817e+01 7.475991146332998483e+01
