MOVIE_S13_data/elevation_000193.asc
nrows	150
cellsize	150.0
xllcorner	0
ncols	150
yllcorner	0
NODATA_value	-9999
[rows 51 to 67 of 150, columns 37 to 73 of 150]
3.551219675737179671e+01 4.260281512757804023e+01 2.339657319330536467e+01 4.261556116827453167e+01 5.390089212270243735e+01 6.487987460645686610e+01 5.722407258395367080e+01 6.497072313604220994e+01 6.326181077291676758e+01 4.400227868380725482e+01 6.050594654885387058e+01 4.109876799269378012e+01 6.007569947447251479e+01 7.228492916370532839e+01 6.632334021628584253e+01 4.686678330887814070e+01 6.016298970899239862e+01 3.895250733310644620e+01 3.886481574856361476e+01 3.970948563817900379e+01 4.067074264460792676e+01 6.015450362338353330e+01 4.716215884888105592e+01 5.648955549681257082e+01 7.616901362679924148e+01 7.279984820248418487e+01 6.712731213661693630e+01 7.279984820248418487e+01 8.714707556567762481e+01 7.051653812023575085e+01 7.492796038147533011e+01 9.156759023093310645e+01 1.072922122262852298e+02 1.155377028723608817e+02 1.295390430153871080e+02 1.317369572155317314e+02 1.262858659721620427e+02
5.479868828170046413e+01 4.744900512948455429e+01 3.824289543939698177e+01 2.252005443245945315e+01 4.441706141193007085e+01 5.843595772488427542e+01 6.692968933013492006e+01 7.718136661524877695e+01 6.894266946600360768e+01 4.982686002070953180e+01 6.825413600937591241e+01 6.069814563487364012e+01 4.837372081568491922e+01 6.865190372728147850e+01 7.091885299301723933e+01 5.141992332862432846e+01 6.967495105118464949e+01 5.012453153965657293e+01 5.840817889846829303e+01 5.922404231903550453e+01 5.035544225915826644e+01 4.202478381342821478e+01 4.298551148947350953e+01 6.241628014118547441e+01 6.473638347819988326e+01 6.571948395303886059e+01 5.401207428933142296e+01 7.279984341562020234e+01 7.333739254008463604e+01 5.921346887491242228e+01 6.353678865097595718e+01 8.332164894442685465e+01 8.744915511629147886e+01 1.063394805704204629e+02 1.162661907288008649e+02 1.204458394309617262e+02 1.062160189995156259e+02
4.088492700308952266e+01 4.088492361938011044e+01 2.166536034636794739e+01 2.598291462805639540e+01 3.080851905342689889e+01 3.777191111278226288e+01 4.815484161553161613e+01 6.874251758328955475e+01 7.536003280619738121e+01 5.617261860941113127e+01 7.536000089341281694e+01 7.494390458353480255e+01 5.407569558223492123e+01 7.494390636125706351e+01 7.581688180354194628e+01 5.622476656144317531e+01 7.581688180354194628e+01 6.390607876079732108e+01 6.969180291700629937e+01 7.485861226127768475e+01 5.615279562917227452e+01 6.147589322890562613e+01 5.946337793072896005e+01 4.435344645433606559e+01 4.534985159491948536e+01 4.634605055621041458e+01 4.734056629050589748e+01 6.670775720777412232e+01 5.381632363425692489e+01 7.333708778941893058e+01 8.332164894442685465e+01 7.125565243067799770e+01 7.826464734573269766e+01 8.818921445734450515e+01 1.080209337136057712e+02 1.120943410804275118e+02 9.259239541953752450e+01
4.001863317979228896e+01 2.081627331754170029e+01 3.471539410988165031e+01 4.775464930470893421e+01 5.154362143383053763e+01 5.843595772488427542e+01 6.692968981058878342e+01 7.729134407072758961e+01 8.325822615418178430e+01 6.567036420470611802e+01 8.347258385701758243e+01 8.251143468649068780e+01 6.110723143721025252e+01 8.251143553192456181e+01 8.128051337361260664e+01 6.158110959747925506e+01 8.128051337361260664e+01 8.365977664307560246e+01 8.952885564803585794e+01 8.361794159664123072e+01 7.539626734301458555e+01 6.921686315090157393e+01 4.981222616535365688e+01 6.375764576117484239e+01 5.898604881447537451e+01 5.996664871626440885e+01 6.670786160678812848e+01 4.875208662779987634e+01 6.767314959639702465e+01 7.761166655790259483e+01 8.775400118501271152e+01 9.087124361001471584e+01 9.810507408547506714e+01 1.063394805704204629e+02 1.162661907288008649e+02 1.121433168261874584e+02 9.976022766177467815e+01
1.996400517454368284e+01 4.000530352440041071e+01 4.869738088728752246e+01 6.089266728380595595e+01 7.070002281789766130e+01 6.810673993687071004e+01 7.639096487949213099e+01 8.793292006304031361e+01 9.323043554182211778e+01 8.506584258824611311e+01 9.326725508409879239e+01 9.120612750395787316e+01 7.341648803626516440e+01 9.120612750395787316e+01 8.950386039524823900e+01 7.291156303130561867e+01 7.291156303130561867e+01 9.271271214421429363e+01 1.027403251293030451e+02 9.122382257672612127e+01 7.573653959217783438e+01 5.617751026834912409e+01 5.940171219983486850e+01 7.743509659411775203e+01 7.861891941154692631e+01 7.970321689443808566e+01 7.626592797788691769e+01 6.810329032173929420e+01 5.021244426312127729e+01 5.976781988273577895e+01 7.363160219816889196e+01 9.356051474604390705e+01 1.080659440248695660e+02 1.108816241738009296e+02 1.026425043585593215e+02 9.807762411458274698e+01 8.401496514899487522e+01
3.893006680728326785e+01 4.802271554542140564e+01 6.212994174690479099e+01 6.485585938729533950e+01 5.072639735354368895e+01 4.813584229464396458e+01 5.966101922927600754e+01 7.964380897671316006e+01 9.273959660106686442e+01 8.440976931255904958e+01 8.440976931255904958e+01 9.273959660106686442e+01 9.493536485708114014e+01 1.034791632782812911e+02 1.009508523084738982e+02 9.271271214421429363e+01 8.433065114255177264e+01 1.009508523084738982e+02 9.443036315420545179e+01 7.453077025402974698e+01 6.321020261913982807e+01 7.573653959217783438e+01 7.321444542005099265e+01 8.729788201896280952e+01 9.084010893250106733e+01 7.739166547122843554e+01 5.791910555315897113e+01 5.451958780531636961e+01 5.124705602717657626e+01 7.067575906435078537e+01 8.048178022812940924e+01 7.964492218345448293e+01 9.338934181992615891e+01 9.506045375735179448e+01 8.274325477315635169e+01 8.639464130331201375e+01 6.989857181522835106e+01
2.019130242867948866e+01 3.414680959571725793e+01 4.930467752017192140e+01 4.902833842359193284e+01 3.660588103763831214e+01 4.813584229464396458e+01 6.810673993687071004e+01 8.418170959614128890e+01 7.585893973499351262e+01 6.435629640747032454e+01 6.435629640747032454e+01 7.851409893145088859e+01 9.864317670591164244e+01 9.901223081273498394e+01 9.682124502624886020e+01 9.926420956528241391e+01 1.041628204085562146e+02 1.124170949974422484e+02 9.553265200874784568e+01 7.562402043786876504e+01 7.299841754973186880e+01 9.122382257672612127e+01 9.307686731389009083e+01 9.691641761323681692e+01 8.261587911216028601e+01 6.306840235312503040e+01 7.739166547122843554e+01 7.390554291186994362e+01 6.488420843383289593e+01 5.278681203231055719e+01 7.214501618830341556e+01 6.622188260322785425e+01 8.374363133007210536e+01 7.512887989722408122e+01 8.317457121492502381e+01 6.641356483823648205e+01 8.639484602649217493e+01
3.999344205148219089e+01 2.126042870072852153e+01 4.108244030728297247e+01 2.906083631062172756e+01 4.902833842359193284e+01 6.485585938738097411e+01 7.639096487949213099e+01 7.264635249285056773e+01 5.592597069228965267e+01 5.294158142851729565e+01 7.283189133261922166e+01 9.273959660106686442e+01 9.901223081273498394e+01 7.897172882576153086e+01 7.677898840671554126e+01 7.922775856494604341e+01 9.339756846458867301e+01 1.034184975495737433e+02 1.038443276159484725e+02 8.966992459611243760e+01 8.702560623546717977e+01 1.011916275717020000e+02 1.041427198454127847e+02 8.866389871879133011e+01 6.906573802104124127e+01 7.429342621108581568e+01 9.084010893422646404e+01 9.293468810683336301e+01 8.051484137160410626e+01 7.227133351459509925e+01 5.433393047248486596e+01 6.020405839200353881e+01 7.588255510438193596e+01 6.103413622159723673e+01 6.318088321004258745e+01 8.317457121492502381e+01 8.056578128644690651e+01
3.741911014775846667e+01 4.108241983035610900e+01 2.231592045044005701e+01 4.217954169747540760e+01 5.143587301872504725e+01 6.485558570213289897e+01 6.651808123559889907e+01 5.824406446847222441e+01 4.456308560336312752e+01 5.439433064555104380e+01 6.842668947531497281e+01 8.850311626264590359e+01 9.754780966530935871e+01 8.264922946029462025e+01 6.254797677300899039e+01 6.500704097099783496e+01 7.507502991044394491e+01 8.925333240350019537e+01 1.092750867270647035e+02 1.096865280408286765e+02 1.070282266839200389e+02 1.099769192944531824e+02 9.001602828175413151e+01 7.614797275600156468e+01 8.029654449099419367e+01 9.398456119682759891e+01 1.022556314003386291e+02 1.069679936782743965e+02 8.701046803074981995e+01 7.547273030224934587e+01 5.585844249965380470e+01 5.657840618570988767e+01 5.815829748397916177e+01 7.793198341159119025e+01 8.317457121489843530e+01 9.142005878254123274e+01 1.004674531778601505e+02
5.738187268837207711e+01 5.045432154518535128e+01 4.217922458939911934e+01 2.338172553719702051e+01 3.739851775092714092e+01 5.251343464935501260e+01 5.824406446783258673e+01 3.844895982544986168e+01 5.824406446847222441e+01 7.264635249285056773e+01 8.262871471023075287e+01 8.821624607797077999e+01 7.991195834353270300e+01 6.917219272092631854e+01 5.501424416971082820e+01 7.505167008151519781e+01 8.084026063031988940e+01 8.689834793291319670e+01 9.398247161094110425e+01 1.023040161251273332e+02 1.138855465130395999e+02 1.099704551539755357e+02 9.001598766777527771e+01 8.349422352596084806e+01 1.000939171564252774e+02 1.083824339855435426e+02 1.115078176653829871e+02 9.153678978904173391e+01 8.701046803074981995e+01 6.714791533775195376e+01 5.739939049128298620e+01 7.678983351147091696e+01 7.793198341159119025e+01 6.221526934945070764e+01 8.219077565529225637e+01 9.004378089045610523e+01 9.381746740502975968e+01
6.914790191677712983e+01 5.145325002774596612e+01 3.147599793093310794e+01 4.329757550152720569e+01 2.447195759734094267e+01 4.443343339557623040e+01 4.906119724221330358e+01 3.452841769161842223e+01 5.436192505119760909e+01 6.933669354951706509e+01 7.773880955641259050e+01 7.991195834353437988e+01 5.990513622312632691e+01 6.576499875220127933e+01 5.055791776944914773e+01 5.542224411319114097e+01 6.073106761013074362e+01 6.680651558225602571e+01 7.394920956060538231e+01 8.552574698108958273e+01 1.055401898225092623e+02 1.182316355389211111e+02 1.099714046490707915e+02 9.335850684153434997e+01 1.033772931842625411e+02 1.234235555980280168e+02 1.056382946407361345e+02 8.569575522959983971e+01 7.163328701681406585e+01 7.872276350250926669e+01 5.897783321974674919e+01 7.872276350250926669e+01 9.052010430581314893e+01 8.219075610760941686e+01 6.665607746305946080e+01 7.005393348981760937e+01 7.384899531807137407e+01
5.501567753014954576e+01 4.089744779274562347e+01 5.145325002774596612e+01 5.271092275647746561e+01 4.443343341083323850e+01 2.558536654756844086e+01 2.917183933016433173e+01 4.906119724276063465e+01 5.478821878639144671e+01 4.876204322766221111e+01 6.933669354951706509e+01 6.983865469209069943e+01 6.156315997204642088e+01 4.605675731293274566e+01 6.576499875220127933e+01 7.546573618935586580e+01 8.084026063031988940e+01 8.689834793291319670e+01 9.398247161094110425e+01 1.023040161251273332e+02 1.026974085437189501e+02 1.110647694578589579e+02 1.216566919312969475e+02 1.133974073611813367e+02 1.216819818202697547e+02 1.219859645554008267e+02 1.019642396682126986e+02 8.787531886330216935e+01 8.158520580388480425e+01 6.175472818768082561e+01 6.184716762854502292e+01 7.584016232640982480e+01 9.573253404048014659e+01 9.500178593557417628e+01 7.821498421776877308e+01 7.900079296393705874e+01 9.381746740502975968e+01
5.501567753014954576e+01 6.086697596095277163e+01 6.015466189896414306e+01 4.869860240124328499e+01 2.870169513426660046e+01 4.557561011651955596e+01 2.684027129730744221e+01 4.684285521270201968e+01 3.570514299987321039e+01 5.478821878639144671e+01 6.737746910832679248e+01 5.919839200871518869e+01 4.199510930376022344e+01 6.156315997204642088e+01 7.406069115262390312e+01 8.012301133065420800e+01 8.842671027265862449e+01 9.844234496762125275e+01 1.126252384378865230e+02 9.944617362975066044e+01 8.260909924438914231e+01 9.944617362975066044e+01 1.071963483627159093e+02 1.155658269937172946e+02 1.301544541667298915e+02 1.185914325444252739e+02 1.102864445840500025e+02 9.781515541737036301e+01 7.789313320811230312e+01 6.385336216489771743e+01 6.486263971032661857e+01 8.471844824452631428e+01 9.743517251038942106e+01 1.065835168158456128e+02 9.820765223646445463e+01 9.050283535766227772e+01 1.073552347347744558e+02
7.499326013831428384e+01 6.343751509989365189e+01 5.187815338396428189e+01 3.189445446294831754e+01 4.869860240124328499e+01 5.492228255261597525e+01 4.604741005529955089e+01 2.811134109208183673e+01 2.901839550762523601e+01 4.902280640011728963e+01 5.787892367013699157e+01 4.461475959605459707e+01 3.921412552806237528e+01 6.454716172307114164e+01 6.943281371815604075e+01 6.012348289921577305e+01 7.011385212483978080e+01 8.425945149735599671e+01 9.391381129092268054e+01 8.561735196775956069e+01 7.105791642557515786e+01 9.109425774039594614e+01 8.717317147899666452e+01 1.039565113832579755e+02 1.218368632015990443e+02 1.018309513073145922e+02 9.034891364705052297e+01 9.962938602627026796e+01 8.591265414957580049e+01 6.601095032319943812e+01 8.471844824453651768e+01 6.934644976146772422e+01 8.919442119775149536e+01 9.743622736924933747e+01 1.056495408572086205e+02 1.105546887393649058e+02 1.189816704933019054e+02
6.757512150992953082e+01 5.516077846085215697e+01 3.519396114827264199e+01 5.187825386087033763e+01 6.015503141464353831e+01 6.245290109373168974e+01 4.231830535112646174e+01 4.811633100930881568e+01 4.902280639949049146e+01 3.031635451974800688e+01 5.031700999871728186e+01 3.528554243904022769e+01 5.502571967415185838e+01 6.127575411159402563e+01 4.945679333506230080e+01 6.357306586536353876e+01 8.357949645645427950e+01 8.874618579081582936e+01 8.045212003950751978e+01 6.561268872268715313e+01 6.349294650853764210e+01 8.349804635566172806e+01 7.563449980307102294e+01 9.563432632564943958e+01 1.099530754006009232e+02 1.185914325444252739e+02 9.962938602627026796e+01 7.972406671769458342e+01 8.810993496996644581e+01 6.821118076163446631e+01 8.812561668685913219e+01 8.919442119775149536e+01 7.410359809278332932e+01 7.767934691137625691e+01 9.743622736924933747e+01 1.090734455298805443e+02 1.160240434411381329e+02
4.761227370845043794e+01 4.185764951140296830e+01 5.516077846085213565e+01 3.912121020884245581e+01 5.907380404746029257e+01 7.083345005949064443e+01 6.248046526815246438e+01 5.780008103528459884e+01 3.886618719132400912e+01 4.934787790737222224e+01 3.163609831701042907e+01 3.257279104503297162e+01 5.257281498676312737e+01 4.130923267580637770e+01 6.127575411159402563e+01 7.767145859671633445e+01 7.500868810120439889e+01 7.715359661448671602e+01 6.046165358740886120e+01 5.409462405380858741e+01 5.891185160991563663e+01 6.407893588480635572e+01 7.164910624444225107e+01 8.164418091907413100e+01 1.016433565127669851e+02 1.159342824175416808e+02 9.596494418376079238e+01 9.183004574894739847e+01 7.190947099261597941e+01 7.266554232228016019e+01 9.257560928684203816e+01 1.021318380909451520e+02 8.811140194565916772e+01 9.743622736924933747e+01 8.318318601444036631e+01 8.942449729887708543e+01 9.636478377573287446e+01
5.814592733568030525e+01 5.596111593246772031e+01 6.189491532285477859e+01 4.194664623577905616e+01 5.345272558373603999e+01 7.343400492680768821e+01 7.153120525436290222e+01 5.151229928220901400e+01 4.885842314234895412e+01 5.948681503913358881e+01 5.163072210093503855e+01 5.257238263522979338e+01 3.399052178802561031e+01 5.398366372777275046e+01 5.707982174836885747e+01 5.906968072564714589e+01 5.519984163579181313e+01 6.422098895720378664e+01 4.902506914235842572e+01 6.891061885216211635e+01 7.892054291368661723e+01 8.408657736448614628e+01 9.164376871592052964e+01 9.994436977270987654e+01 1.099530754006009232e+02 1.242432529531748600e+02 1.089592303487138025e+02 8.901883960490512493e+01 7.495151573529615519e+01 7.736495224105041757e+01 9.726643337894593344e+01 1.128236784996906863e+02 1.078962843416949227e+02 1.110523379574502627e+02 9.454652478780351998e+01 9.157682999404750035e+01 1.110505136964565338e+02
