MOVIE_S13_data/elevation_000586.asc
nrows	150
cellsize	150.0
xllcorner	0
ncols	150
yllcorner	0
NODATA_value	-9999
[rows 34 to 50 of 150, columns 37 to 73 of 150]
7.673478987377251315e+01 9.672256340746555736e+01 1.020086560215339375e+02 8.785752326735770623e+01 8.378999327035161571e+01 1.005360431277133415e+02 1.094834170560442033e+02 1.210435457636444738e+02 1.184501044893179085e+02 1.125225637310245190e+02 1.093452810411691161e+02 9.033862783504835647e+01 7.018099414604547803e+01 6.370720979549652441e+01 7.656740848029522795e+01 5.699910183797493346e+01 6.829078405516467853e+01 5.898561109350290366e+01 7.359202667311973300e+01 8.382280312748389406e+01 7.755462136816818486e+01 5.755424137111394600e+01 4.341670872491468458e+01 3.190750959976492851e+01 5.186780641793149726e+01 4.926017379645547578e+01 6.925021357326237137e+01 8.094743287986220537e+01 8.772581078965249901e+01 7.923605280670048501e+01 7.091575199623653702e+01 6.224485558152466069e+01 4.045138567563429177e+01 5.069489597727315555e+01 3.236836811139149006e+01 2.828028942489995501e+01 4.827895994714769756e+01
9.087070993527848373e+01 1.035566041260997849e+02 9.201701058327752492e+01 7.374801515402451457e+01 7.228160873110140017e+01 8.118933636531076559e+01 9.272712906912425979e+01 1.127613672408396042e+02 1.227709523063055883e+02 1.151828752279533745e+02 9.520488518088558294e+01 8.100536878267560326e+01 8.396422436538918532e+01 7.808034811253878615e+01 8.420706978639346119e+01 6.391153340630756929e+01 8.420706980492823845e+01 7.968549316157098872e+01 8.750954143287795262e+01 7.928479980945412819e+01 7.221956191447095819e+01 6.620376574258857261e+01 5.375032135896790209e+01 3.374274199218435655e+01 3.509732876877019692e+01 5.511511042090423018e+01 5.266926712294710455e+01 6.678965627789058601e+01 8.680620333902218988e+01 8.965193891128916448e+01 6.943919298482913405e+01 5.462350247999314945e+01 6.106156116618181073e+01 4.093418347295067861e+01 5.244829079707465525e+01 4.827900479878128692e+01 2.965427649724547976e+01
9.240631428878700149e+01 9.526872750637691922e+01 7.529048800015276299e+01 6.378905842869664156e+01 8.373428554957094150e+01 1.005360431277133415e+02 1.003308517412938841e+02 9.446570265540746902e+01 1.086183274808565500e+02 1.202551908572724102e+02 1.093452810411691161e+02 9.520488518088558294e+01 1.040289690650471215e+02 9.816915821434568556e+01 9.259597884164332982e+01 7.412055842350424939e+01 9.259222460185181092e+01 9.076034369320994699e+01 7.082841844665733788e+01 5.936113479668456705e+01 5.231020473504975854e+01 4.628553979882878622e+01 5.561642174225323032e+01 3.562089186615601477e+01 5.511512114508564508e+01 3.851023911980106362e+01 5.852218034201843722e+01 7.102375418121883399e+01 9.104664226772702307e+01 9.551938624457186222e+01 7.535936920028845520e+01 7.120644796728855397e+01 5.098539734084060626e+01 6.109592265406438116e+01 6.404076460579098296e+01 4.378477348963124172e+01 4.971761592789930262e+01
7.933592000381355547e+01 8.158383945044663221e+01 7.938188016695963256e+01 5.942682417513597670e+01 7.938188016696008731e+01 9.447738705133976111e+01 8.033644662182292961e+01 8.033644662182292961e+01 9.195509399470653022e+01 1.073162194976018355e+02 1.173297215031116139e+02 1.151828752279533745e+02 1.213770483498637702e+02 1.130700810037571529e+02 1.027608491164121176e+02 9.431510558212639239e+01 1.026980340867938253e+02 9.890921827147742817e+01 8.751628926827154942e+01 7.928479978184127219e+01 7.221956191447095819e+01 5.837726447132566676e+01 3.836018890126496927e+01 5.565222053488586340e+01 6.104008313516866480e+01 4.105484928645006448e+01 5.105641208914624229e+01 7.102375418121883399e+01 8.890559007563894056e+01 9.720509189994099586e+01 8.544156233790653232e+01 6.531007053304644216e+01 7.120644796728855397e+01 7.952236406158553450e+01 7.237669502860667592e+01 6.404076460579098296e+01 5.942127865006862208e+01
5.934465673522522877e+01 6.160389435198613484e+01 6.976796169358773625e+01 5.533161895519995710e+01 7.530857141957341128e+01 7.988565803606853422e+01 6.624814200048275836e+01 7.199347967946681592e+01 7.902734333725840088e+01 8.900726081702727299e+01 1.090437703949373542e+02 1.215312900100595783e+02 1.015149774972471732e+02 9.305605464376465363e+01 1.049683665420895551e+02 1.017900980577438474e+02 9.348470646977980891e+01 9.468121257444268224e+01 8.637357926397358199e+01 8.694546205188005672e+01 7.174902777804300058e+01 6.045027574161112938e+01 4.045887902798138924e+01 6.045027573884130589e+01 6.368298265013277160e+01 4.372952885488776076e+01 6.368298265446521356e+01 7.473360637860571387e+01 6.886337852556410155e+01 8.890559007563894056e+01 9.373465759618761695e+01 8.544156233790653232e+01 8.825244543305127820e+01 7.666972494240653191e+01 6.838482913057504220e+01 6.373875135196106356e+01 5.445619521511225258e+01
4.512013288613244555e+01 4.740480610467204770e+01 4.974478829962914972e+01 5.272276583461839294e+01 5.575732171595450382e+01 5.993754663840068275e+01 7.988565803606853422e+01 9.195509399470653022e+01 9.902551560598226388e+01 1.073162194976018355e+02 1.173297215031116139e+02 1.151526700160828653e+02 1.015149774972471732e+02 8.143557968916164214e+01 8.490593889693634821e+01 8.617097953776435304e+01 7.340414941311620112e+01 7.796040914774398800e+01 6.632168560097140642e+01 6.692637226596285416e+01 6.345750176316261815e+01 4.350982101722841122e+01 6.045027574161112938e+01 6.873871784859363743e+01 7.197213268528605568e+01 5.523850250746586710e+01 4.773342591785587530e+01 5.475576191193903242e+01 6.886337852556410155e+01 8.890559007563894056e+01 1.024191852941450520e+02 9.244519044092866977e+01 8.000169864404520581e+01 5.988069042183514767e+01 4.813352242195499997e+01 4.342362070410644748e+01 5.541950944910725241e+01
6.208296816853328437e+01 6.745588478373335306e+01 6.976796169358794941e+01 7.271576922251016128e+01 7.572618927375043540e+01 6.225083716198539463e+01 6.855526010060110309e+01 7.851087041666210098e+01 9.003828659863903283e+01 1.100616845706343554e+02 1.209839846810977662e+02 1.010020042774241915e+02 8.680683463740348316e+01 7.778768708343609717e+01 7.068273250723999013e+01 6.609699494036462397e+01 6.184805644796760049e+01 5.795080776655414212e+01 5.481758912040186971e+01 6.692636802435814047e+01 4.699922330750685262e+01 4.809781122252969254e+01 6.216823437806483810e+01 8.218270360663142071e+01 8.351663061411930755e+01 7.521835705701960251e+01 6.767037183861752681e+01 5.217582513744750372e+01 6.626493932290055966e+01 8.629945175438837168e+01 9.419788602190824633e+01 7.420846770922887004e+01 6.412105960447777875e+01 5.645917401263347557e+01 6.838482913058554402e+01 5.747195578423293938e+01 3.709790797896286563e+01
4.961969035000762318e+01 5.673664824320889011e+01 7.087049454062126586e+01 9.084803836550490530e+01 8.925166690392553903e+01 6.929804852882740818e+01 8.850596495619775794e+01 8.264832800341493169e+01 1.026477407906152735e+02 1.183324793747239312e+02 1.211488148855624303e+02 1.151526700160828653e+02 1.061889298184020589e+02 9.788896170478739123e+01 9.078208790716209364e+01 8.617097857435874175e+01 6.686787623940324465e+01 7.208331878811929982e+01 7.053707212663950088e+01 5.059633812601510527e+01 6.692636888367280790e+01 6.803033669326245558e+01 5.534459175073398995e+01 6.685355381325362600e+01 8.690149748733395541e+01 8.959563028943495056e+01 6.954575900328141813e+01 5.543441998670583359e+01 6.539386368825144302e+01 8.544259699390522655e+01 1.024191852941450520e+02 9.244519044092866977e+01 7.294300238524181168e+01 7.661284999807089946e+01 7.313402810309959534e+01 5.292311973198281549e+01 3.846428255507888139e+01
6.380357139190492433e+01 6.598905981678296939e+01 6.938014642352611361e+01 8.935496817114865564e+01 9.753234207419870927e+01 7.925505979660147204e+01 9.753234207419870927e+01 1.026477407906152735e+02 1.109242192601330004e+02 1.152588998186625275e+02 1.011185189685777033e+02 1.152588998186625275e+02 1.221679587062312464e+02 1.139090087450433657e+02 1.069889724260722232e+02 8.693445309271068311e+01 7.444095036016403810e+01 9.214894178827827886e+01 7.883953613884489187e+01 7.053707354867086110e+01 5.837695677688576268e+01 7.838478841627529903e+01 6.133578484590481850e+01 8.136621319415462494e+01 9.520844671425562922e+01 9.325834393005094114e+01 7.319683510357934608e+01 5.905627817138948643e+01 7.907271499801910863e+01 8.544259699390522655e+01 1.054840987297902188e+02 1.012350966543074833e+02 9.295900566888973060e+01 9.168555372505142032e+01 7.171783335246595925e+01 6.022561927958757622e+01 3.985475658378675945e+01
8.378490999417984142e+01 8.011627907383649472e+01 8.349692640892853035e+01 9.763896353327139366e+01 1.075285196796554885e+02 9.924845132938797576e+01 1.075285196796554885e+02 1.181904627500070433e+02 1.081722980742355986e+02 9.988846305242125823e+01 8.691249284095489713e+01 1.062949788654979812e+02 1.106078390072904938e+02 9.385156407833011372e+01 1.106078390072904938e+02 1.028294269027629895e+02 8.449831318988883311e+01 1.028294269027629895e+02 9.476146583270566737e+01 7.470421415649816765e+01 6.541956295340092709e+01 8.547570567920647022e+01 8.136621319415462494e+01 7.133163025272362745e+01 9.140079613558560823e+01 9.459485097664503428e+01 7.451974616869274826e+01 6.295631790754463708e+01 7.712710402304674062e+01 9.719373380890196756e+01 1.081588855884669158e+02 9.823041452769103898e+01 9.004583955276578422e+01 8.336562143762664334e+01 7.172086926853049249e+01 5.150795708607699197e+01 4.126184118128093559e+01
1.004156176159297189e+02 1.001084457319554417e+02 1.034975320424482987e+02 1.039861404694730425e+02 1.039861404694730425e+02 1.123045910170186659e+02 1.240737670676384425e+02 1.040603046314133309e+02 8.985481404088112356e+01 7.984893264625344500e+01 7.797771739897132193e+01 9.800844386571017708e+01 1.023288376674605047e+02 8.227428755695954976e+01 1.023288376674605047e+02 1.128550458977877611e+02 1.045533246658232542e+02 1.128550458977877611e+02 1.030690502036195255e+02 9.378361831725888464e+01 7.543874153771132285e+01 9.378361831725888464e+01 9.970643952981272662e+01 8.137129409648234457e+01 9.970643952981272662e+01 1.028909811650490695e+02 8.749396339159567049e+01 6.741640034339401666e+01 7.900988250065542218e+01 9.908343341638212110e+01 1.000147503726206111e+02 8.007692873291087210e+01 7.000518520734830474e+01 6.327632849100976387e+01 5.742754655167998834e+01 6.302706424657155537e+01 4.269215818917955829e+01
1.032284899612072735e+02 9.490983716267088255e+01 9.542403544543192595e+01 8.390622429846000330e+01 8.390622429846000330e+01 1.039861404694730425e+02 1.197464165178810731e+02 1.162528946212937768e+02 9.621064098407850906e+01 9.092651260734821506e+01 7.096666373363125047e+01 8.461465418797897087e+01 9.289899512172213747e+01 7.523698119626179448e+01 9.294208847757448666e+01 1.012258642013418211e+02 1.127826896491902602e+02 1.192181926675236667e+02 1.107301996012680121e+02 1.038167645833940327e+02 9.551266982070158917e+01 1.038167645833940327e+02 1.097342635459739597e+02 1.014302981746887440e+02 1.097342635459739597e+02 1.038676612362335447e+02 8.381405877529770976e+01 7.319839929591874750e+01 9.329549527967019174e+01 1.073760690696172020e+02 1.081588855884669158e+02 9.823041452769103898e+01 9.004583955276578422e+01 8.336562143762664334e+01 6.967058697710190529e+01 4.943692607902065106e+01 4.413324001145291220e+01
9.165237333672260434e+01 7.487291102827013844e+01 7.538758700500318355e+01 6.977966248469742538e+01 7.975301289531067539e+01 9.132314777754483259e+01 1.114315966092376300e+02 1.245122255307485375e+02 1.059720150663455200e+02 9.596701568721537967e+01 8.461465418797897087e+01 6.471986608075697234e+01 8.461465418797897087e+01 6.863592029356232160e+01 7.297118282940546408e+01 8.447436425554994344e+01 1.045092148771010301e+02 1.073695096097922459e+02 9.019496505212195814e+01 1.039659391598441260e+02 9.546964394260430709e+01 1.013889900310166468e+02 1.082415672938506646e+02 1.167329292998745700e+02 1.269969010329107846e+02 1.121627414955597146e+02 9.964726897613915924e+01 7.956119691335710797e+01 9.964726897612735002e+01 1.143083900472782801e+02 1.056309556052733996e+02 9.739642860876926989e+01 9.443463682213139521e+01 8.038778352409330807e+01 6.821125713193637807e+01 4.805582609068873978e+01 4.594078013104666525e+01
8.027158576436207227e+01 6.336711809800375761e+01 6.129264850832247191e+01 7.279248182646013277e+01 8.693448087837346350e+01 1.070209826508479125e+02 1.006306547820911277e+02 1.089114590575655228e+02 9.768780787941216204e+01 7.767360343934490174e+01 6.775441084709709116e+01 6.076304950971582031e+01 7.581587169148255612e+01 6.238261952657335030e+01 8.226719038628348812e+01 1.012258642013410821e+02 1.043381367260844286e+02 9.584859647155766993e+01 7.842060878386762113e+01 8.801526658163838590e+01 7.505499077881997039e+01 8.088377368558815306e+01 8.768383550534878168e+01 9.796600497555516540e+01 1.185171296121460358e+02 1.137875803564595145e+02 9.379016022623194715e+01 9.379016022623194715e+01 1.079361248557455752e+02 9.441252609772551807e+01 9.441252609776277893e+01 7.749860151592289981e+01 8.114888996163692525e+01 6.630973892854019880e+01 5.207375675943602289e+01 6.821125713193646334e+01 6.622483808808766526e+01
6.035813422450444676e+01 5.447312975125354484e+01 7.440871029021658956e+01 7.962241929716105915e+01 8.792589969961473173e+01 9.736592362641185616e+01 8.063078844401482570e+01 9.736592362641185616e+01 1.059720150663455200e+02 9.596701568721537967e+01 8.768070565937533445e+01 7.581587169147216798e+01 5.594434073438906552e+01 6.739470443886929729e+01 8.145901171726596601e+01 1.014496020038691029e+02 9.584859647155761309e+01 7.546173216047741050e+01 6.941061181555444648e+01 6.772707015944769182e+01 8.801526658163838590e+01 1.013889900310166468e+02 1.082415672938506646e+02 1.167329292998745700e+02 1.269969010328890988e+02 1.220820895277073816e+02 1.137875803564595145e+02 1.137875803564593866e+02 1.059172792583598408e+02 8.599046225567025203e+01 7.451064480839326620e+01 6.700498893936727995e+01 6.122545353281953595e+01 5.632235556604750570e+01 7.214817431883585641e+01 8.039499195020655975e+01 7.705139967941975954e+01
7.033932682474902265e+01 5.045127985228950962e+01 6.551577649416374527e+01 5.967261372696378174e+01 7.962241929753473357e+01 8.908372656804618828e+01 6.912582491586111644e+01 8.154034878770818295e+01 1.015237807805228982e+02 9.957677792137879180e+01 7.959947807361596972e+01 7.322875365862772412e+01 5.333964735941289348e+01 7.322875365862748254e+01 7.880710988503048497e+01 8.707937181667104198e+01 9.584859647155644780e+01 7.546173216047741050e+01 6.119185927453138163e+01 8.143290647006276117e+01 9.650116438632672100e+01 9.717751417586892160e+01 1.032120112483322316e+02 1.040640204987646200e+02 1.125747919346714667e+02 1.242794997099352940e+02 1.160760401464414855e+02 1.204612142212015442e+02 1.141438797707235722e+02 1.009676672315419665e+02 8.105929471730009084e+01 8.627224867688073573e+01 6.636275816411465200e+01 7.631750342049751623e+01 6.286387812729448399e+01 8.277873675782169016e+01 8.757323066752974228e+01
7.253020828444687140e+01 6.551577344708307749e+01 4.577293054721202026e+01 5.967261371171404249e+01 7.962240573695929413e+01 8.154034878770816874e+01 6.159133405027090902e+01 8.154034878770816874e+01 9.502772721366537212e+01 9.371763101350819625e+01 7.375154765026589132e+01 5.970597856817082061e+01 5.078523436578010575e+01 6.731183716249266524e+01 5.889671348273546414e+01 7.296086872646120014e+01 9.292118457895330152e+01 7.790939242017587674e+01 5.762987526018666529e+01 7.306166060155457842e+01 7.776102319279243602e+01 7.679775083181922923e+01 8.276684531631430275e+01 8.375225255727954732e+01 1.040640204987646200e+02 1.127883895825142702e+02 9.613214331962544179e+01 1.005372766572262719e+02 1.146094952624870729e+02 1.092000198486411051e+02 1.009676672315418813e+02 9.451028545786465429e+01 7.526909268603883163e+01 8.760192178156498244e+01 6.771542047677206710e+01 8.760192178156498244e+01 8.964352410059055387e+01
