MOVIE_S13_data/elevation_000771.asc
nrows	150
cellsize	150.0
xllcorner	0
ncols	150
yllcorner	0
NODATA_value	-9999
[rows 34 to 50 of 150, columns 111 to 147 of 150]
6.533547889819504917e+01 8.561844121081452386e+01 8.271190660651012649e+01 9.105672211922217230e+01 1.011618179544088179e+02 9.239113437434828313e+01 7.563680543371428655e+01 9.239113437434828313e+01 9.778404445325095651e+01 7.777853861773152744e+01 6.363134363313452013e+01 5.656046960178471039e+01 5.156220834752556925e+01 4.730021746251404124e+01 4.345302031316647629e+01 5.402944311290571733e+01 3.403478195759057456e+01 3.117929905359929421e+01 4.850128338613432533e+01 5.678535518040769858e+01 5.035417295540903382e+01 4.206723973032614339e+01 4.068034361406335364e+01 2.329847484263498103e+01 3.800309452744995298e+01 2.653149672507698043e+01 4.652290574777229182e+01 4.934024342261118790e+01 4.106738312236326749e+01 2.959761207772870151e+01 4.373923427044034895e+01 6.372789044704681771e+01 6.571725933094580796e+01 4.571725933094722905e+01 3.157512370721677897e+01 2.002811832342446863e+01 3.186315251414699290e+01
6.533542908683145356e+01 6.842184637921999979e+01 6.250271134566876441e+01 8.271190660651012649e+01 9.078224600498161578e+01 9.668099973876850584e+01 9.568540444345461538e+01 1.039499115399348312e+02 9.778404445325095651e+01 7.777853861773152744e+01 8.363801561588807942e+01 6.789253847407417197e+01 7.156355907686980800e+01 5.884459299471485849e+01 6.345044032379859544e+01 5.491542308584111964e+01 3.492354118691420695e+01 5.117306238796371787e+01 4.531567183432045454e+01 6.531405410296216019e+01 6.087637643623764916e+01 4.087814512452626303e+01 2.933341962657317836e+01 4.330021980714494134e+01 5.158368538500592848e+01 3.653301541663226715e+01 3.918157410795770801e+01 5.918127829636463133e+01 5.787253440093562773e+01 4.114500815967722502e+01 4.373923427044034895e+01 6.372789044704681771e+01 6.312212909100817626e+01 4.312212909100888680e+01 3.157512370721678252e+01 3.186315251414699290e+01 1.186315251414734995e+01
5.759403600045590110e+01 4.816534637577633760e+01 6.842184759524614890e+01 8.483253556950792529e+01 7.055031478247745724e+01 7.647611024104904232e+01 9.009937696227908077e+01 9.843180902093513396e+01 1.060676949818582386e+02 9.778404445325095651e+01 9.618233447996841790e+01 8.789772759455448181e+01 8.713381184627017717e+01 7.884854227238754731e+01 7.174658297730981360e+01 5.175608149610783926e+01 3.761898808384276549e+01 5.761117562071983400e+01 6.531405410294024705e+01 7.359909377211873505e+01 6.917560906653888253e+01 5.404194751800349650e+01 3.404776217664606008e+01 5.404139948313866881e+01 6.481766063326648464e+01 5.067254413384017653e+01 5.332169055418807346e+01 6.746946798987001159e+01 6.941282043920716660e+01 6.113500777918591922e+01 6.372789044704681771e+01 7.200583453143093493e+01 7.140640033841856393e+01 5.985939495464781146e+01 5.157512370721607198e+01 4.014742376160460680e+01 2.479208470228158134e+01
3.725482652205064937e+01 5.759429709880668469e+01 6.464203732128196123e+01 6.929568848377878965e+01 5.621894872466124582e+01 6.262072423726927894e+01 6.980149870661907130e+01 8.156004857482830062e+01 1.017643164707944123e+02 1.059018722995385389e+02 9.591921482824533030e+01 8.765213588509939768e+01 8.058549249663111880e+01 7.426317873915448331e+01 6.955054003257745876e+01 6.073343982988765788e+01 4.074119419755828631e+01 3.761897945186739634e+01 6.069804620119904826e+01 8.068510289722095763e+01 6.346809810606635693e+01 4.347221310215184076e+01 4.818483903006777069e+01 4.818483958699679448e+01 6.818233355626564673e+01 7.067748151119450029e+01 7.332757177676425897e+01 6.595918053898287781e+01 7.423082049477457645e+01 6.442500650717978772e+01 5.620655971917327065e+01 5.620656765923450848e+01 6.180974541749671403e+01 5.822370474668870344e+01 5.464584590225939564e+01 3.464584591435180982e+01 2.050371029062225503e+01
5.759429625558415466e+01 4.135477363213394852e+01 4.437738877103438284e+01 4.905523580757348157e+01 6.929568848377878965e+01 8.290454892801109565e+01 9.009937696227908077e+01 9.843180902093513396e+01 1.100716019412433440e+02 9.763761863951636144e+01 7.766665313068237708e+01 6.766465004424746610e+01 6.059258094078754908e+01 5.426914601893748369e+01 4.955717308655139419e+01 4.538899215440752499e+01 5.487848921938783775e+01 6.655211957137026957e+01 5.810354077852424126e+01 7.809309282231721738e+01 7.102672235533933076e+01 5.102848233798078326e+01 6.818225826586849792e+01 6.818236355157112882e+01 7.646998799744936548e+01 8.125116402488983169e+01 6.269378851492407279e+01 4.597144769877807846e+01 6.269362762610541751e+01 5.620655058027743678e+01 3.633379378027110818e+01 3.633379378925803138e+01 4.212066424192872205e+01 3.822370429776765377e+01 3.822370429776765377e+01 4.026927026322595538e+01 3.724097584614851542e+01
7.001667424144486063e+01 5.573085091870662211e+01 6.464203732128196123e+01 5.025507655776164029e+01 5.609416213640901816e+01 6.505410076184452350e+01 7.496465882283598603e+01 8.898104962231734305e+01 1.091214732796628084e+02 1.059018722995385389e+02 9.591921482824533030e+01 8.690307585722787564e+01 6.691764371557283653e+01 7.426317873915448331e+01 6.110182173900960123e+01 5.093332803592856095e+01 7.092683632390534854e+01 8.314080309966155369e+01 6.964882341008900823e+01 8.636415168920700580e+01 7.931388524439476839e+01 6.257277730605395050e+01 7.931388524439476839e+01 8.252578735865814963e+01 7.425743377779021159e+01 6.127621577730578650e+01 5.441925012516387739e+01 3.442497740090478686e+01 4.864739936567153933e+01 5.691056483019505663e+01 4.215411232288249721e+01 2.220778446161769892e+01 3.319322894566534643e+01 3.072370430337588942e+01 1.822370426494741480e+01 2.026927021525967731e+01 2.407517789393754271e+01
7.102315441499887072e+01 7.595437030251784449e+01 7.630782110204921764e+01 5.635276798427572942e+01 7.602907162608853753e+01 6.872481903688029092e+01 8.861950107845247260e+01 1.032501954968948752e+02 1.027166320116679259e+02 1.002600500420978307e+02 1.024583457890777822e+02 9.517111105659851944e+01 8.105544427649699912e+01 8.109170385100946987e+01 7.799544516205880029e+01 5.800240018963401667e+01 6.725988012300268792e+01 8.724292040957175232e+01 8.962817934003088283e+01 9.789601965340557399e+01 9.086354126761965233e+01 8.257502605486084235e+01 8.837569977722236558e+01 6.840945652363451757e+01 5.427556170742968789e+01 4.760933677884191439e+01 4.128489423762101751e+01 4.864739847760330349e+01 2.865147615942576920e+01 4.330301405239404744e+01 3.611727328522121638e+01 1.612084966209389947e+01 1.326370680495109156e+01 1.072370426494726026e+01 8.223704264947238940e+00 6.127134591503383909e+00 4.075177887333067517e+00
7.939430486167367462e+01 9.261155242033989055e+01 7.265548886638005399e+01 6.531781113565689623e+01 8.461892242324975655e+01 8.275054186516619836e+01 9.696119092956119800e+01 9.679246083416087743e+01 8.256809980480936417e+01 8.010527754931715094e+01 8.231144936091833131e+01 1.024583457890777822e+02 1.010205073271897760e+02 1.010592645710182040e+02 8.626654076129278792e+01 6.800296695116378487e+01 8.626654076129278792e+01 9.551171813430882196e+01 8.800469226030877223e+01 7.964656153170386688e+01 7.701650282420462190e+01 8.538046974656469956e+01 9.055847040636859901e+01 7.059385939715082259e+01 7.425743377779021159e+01 5.761022434833100903e+01 6.127621479487855538e+01 4.933216516454967859e+01 2.933647798358289194e+01 2.330625138880847658e+01 2.029113794317871466e+01 3.611882573777406691e+01 3.326370686967798918e+01 1.439583826343086237e+01 2.822370428135738507e+01 2.612713460261074516e+01 1.562218327112568517e+01
8.013948161087857613e+01 8.851227523721141210e+01 9.261155242026038081e+01 7.677912286219203963e+01 9.354521938120862501e+01 1.027884220081828204e+02 1.027166320116705549e+02 8.256809980480936417e+01 6.841221922134859312e+01 6.597376245350221780e+01 8.567466213676694053e+01 9.802852917688448997e+01 1.054412380749019604e+02 9.712589637486350114e+01 9.625522095693577285e+01 8.798792337295373045e+01 9.625522095693577285e+01 8.928760054785090006e+01 7.964656153170386688e+01 5.934209316615370966e+01 5.670410463544197910e+01 7.246784789686975614e+01 8.083904248677005455e+01 9.055847040636859901e+01 8.585652500388782471e+01 7.758800814211902264e+01 5.932798487306632751e+01 3.933635645310749851e+01 4.933217301820700840e+01 3.485311219044438502e+01 4.028908556134344110e+01 4.106250465375434544e+01 2.106250493009741476e+01 3.439583817553324252e+01 4.268010318471780806e+01 4.390640042515134667e+01 3.562218317226533060e+01
5.988330983973353483e+01 8.013948161087857613e+01 9.805398003738220325e+01 9.674199621589301046e+01 1.051121340899027103e+02 1.074237900068967946e+02 1.085939969208069016e+02 8.846946825724080554e+01 7.844084373929543119e+01 5.885886340384928417e+01 5.503113556497645220e+01 8.957683630286426535e+01 9.378023003815948755e+01 7.687771849838928517e+01 9.378023003815948755e+01 9.466276117684130043e+01 8.297031273400949658e+01 7.460086075351621560e+01 6.065386174996294955e+01 6.065386174996294244e+01 4.500880793632762078e+01 5.217545055124062969e+01 7.246784789686975614e+01 7.269495371140780549e+01 8.106431707696668809e+01 7.345659816063732706e+01 5.347572169467402148e+01 5.347572169467402148e+01 6.312079521990017383e+01 5.484636260742492198e+01 4.922746998202482871e+01 2.922747073937453166e+01 3.260951031387941867e+01 4.934675818618387666e+01 5.452028979354648186e+01 4.297324277503256695e+01 3.468891950031969174e+01
8.013948161087857613e+01 6.942879306346902979e+01 8.376724694907618129e+01 1.039933492552997762e+02 1.014749454914817477e+02 8.723051916265379191e+01 9.452249213747852252e+01 8.617558127234730136e+01 7.402492605531683978e+01 5.446202502673047263e+01 7.402492605531683978e+01 9.311601301892848426e+01 8.543560542728167206e+01 6.511785296044301674e+01 8.543560542728167206e+01 8.631949013923093617e+01 6.602222864810335068e+01 5.428280357547274093e+01 4.712689975398691899e+01 4.041959773708117609e+01 3.790792346956172310e+01 5.811895612724352134e+01 6.936328046495762578e+01 5.240274791592018744e+01 6.936328046495762578e+01 8.172508002374567582e+01 7.345659816063732706e+01 7.345659816063732706e+01 7.279769047527958037e+01 5.279769676885938878e+01 3.865556115519461855e+01 4.922746998202482871e+01 5.260950966006964080e+01 6.089375115777063741e+01 4.623592601987623141e+01 2.623592447403699524e+01 1.468891909023524711e+01
9.478766696381262591e+01 8.376724694907919400e+01 8.598089395932558432e+01 1.062009052615950111e+02 9.314499133108310502e+01 7.286703757288606198e+01 8.032008732897773484e+01 6.598234533225499376e+01 6.989348817017065585e+01 5.045131193839824846e+01 6.994832842476900225e+01 7.324845180811274759e+01 7.825219515339605891e+01 5.792363230111838135e+01 7.182373913628735806e+01 9.208838159682920832e+01 8.297031273400949658e+01 7.460086075351621560e+01 6.351056267967387470e+01 5.271733043881891945e+01 3.258697747377462406e+01 5.271733043881891945e+01 6.097924323293174353e+01 4.075068542282385664e+01 5.786557432615406071e+01 6.624681348924487168e+01 7.793831130131498242e+01 8.544679041198394032e+01 6.544680733644516124e+01 5.130467179442876358e+01 5.865555930178156530e+01 6.225935400798948649e+01 5.071478816928792099e+01 4.243360179882179750e+01 3.758829890941111529e+01 4.297323049930886185e+01 3.419766989997226148e+01
1.018556339924032415e+02 1.039933492873038006e+02 1.062009052615950111e+02 1.047601308123989270e+02 8.454475788147209414e+01 7.017447112922997121e+01 6.021764145373826693e+01 5.475899301733877422e+01 5.062211780929503391e+01 4.656171731442235995e+01 5.287498100254632760e+01 6.973532874527668923e+01 6.440720627338806992e+01 5.151272739884560536e+01 6.587857515106693995e+01 8.617663465993872762e+01 8.604384860356938702e+01 7.434027137897393800e+01 5.512248425118439599e+01 3.495701326894444350e+01 2.898703563371595493e+01 4.466561567608713545e+01 5.303325882953778603e+01 3.320609305626513930e+01 3.769039717899662634e+01 4.930010733287742397e+01 6.956621983424703615e+01 7.204630575799036762e+01 7.958877918112152372e+01 7.130466675565421042e+01 7.120086513944750095e+01 5.397999080691256779e+01 3.398105840094449803e+01 2.243405475586956044e+01 1.758334225496141556e+01 3.109448483008068109e+01 2.724548360024766325e+01
8.781730815018219971e+01 1.077362582483916071e+02 1.188341618510905704e+02 1.105591868503950508e+02 9.880271941543952607e+01 8.868110516486316897e+01 7.081002174178256325e+01 7.451701106652542705e+01 6.637705592031211665e+01 4.483752553075996161e+01 4.111085057026882339e+01 5.765289946970410284e+01 4.414428586233621132e+01 6.440720627338806992e+01 7.349112534338239300e+01 8.185999559122666369e+01 7.767857434287508056e+01 5.737605623805237798e+01 4.568755538935310057e+01 5.512000286449399056e+01 4.464977042111039651e+01 2.472552554443377559e+01 4.063710911902874301e+01 2.623840699487636030e+01 4.621743036929438375e+01 6.119871250878507851e+01 6.610845082400780370e+01 5.181414497989106849e+01 6.193022536894084595e+01 7.029515607339499184e+01 6.292340392623662382e+01 4.292532424056466311e+01 3.137832669359773519e+01 4.242923658179985580e+01 3.108426480612102338e+01 1.109448540966956998e+01 7.245483615072097372e+00
9.000075899916750188e+01 1.098950763635740060e+02 1.072280186868578369e+02 9.040503321702932737e+01 1.072280186868578369e+02 9.934666413421122400e+01 9.101122204349731248e+01 8.199562016796569708e+01 5.990763478413846599e+01 6.637705592031211665e+01 5.171155165396812237e+01 3.745497276674087317e+01 5.449852752804629574e+01 5.914787753143277627e+01 5.320670975924505086e+01 7.349112534338239300e+01 8.177749491737409926e+01 7.434027137897393800e+01 6.595691004982839445e+01 6.116766656647017442e+01 4.096285442347044636e+01 4.063710911902874301e+01 2.083308517432095286e+01 2.139930982851467434e+01 3.273153996732761328e+01 5.282178009035396116e+01 5.603652777090330517e+01 3.762075046225078268e+01 4.177789946841167534e+01 6.193022536894084595e+01 6.551780881272699730e+01 4.552040254749389447e+01 4.552040254749389447e+01 4.523915562016951952e+01 2.523668948181972027e+01 3.109448538320259559e+01 2.724548360024766325e+01
1.098950763635740060e+02 1.155126121531548193e+02 9.892318082488222331e+01 7.864547154537058304e+01 9.892318082488222331e+01 9.989964593526951830e+01 9.157057886397609536e+01 9.065991595865283159e+01 8.199562016796569708e+01 8.036829762618727102e+01 6.214641596545994418e+01 4.190886649614882487e+01 3.433350621169935835e+01 3.893756573841489654e+01 5.914787753143277627e+01 6.151677836028495960e+01 6.151677836028496671e+01 7.486648439547545308e+01 6.644886022309708551e+01 6.644886022206850384e+01 6.116958498410676981e+01 4.898929641420651393e+01 3.679003542393294168e+01 1.714066304782948791e+01 3.359217412232226962e+01 4.123761311324074796e+01 3.953553321957355848e+01 2.772916830647609743e+01 4.177789946841167534e+01 6.193022536894083885e+01 7.379444526360208556e+01 6.551780881272699730e+01 6.551780881272699730e+01 5.354170826779036219e+01 4.524092968780642821e+01 4.134074902462510437e+01 3.304688805049385536e+01
1.095904465287504337e+02 9.539851423606174308e+01 9.175392795564620485e+01 7.142069892198705361e+01 9.175392795564620485e+01 8.820449440874661207e+01 7.125249223096736273e+01 8.820449440883263037e+01 8.930745712930892921e+01 6.904710623497035726e+01 5.468760969689630969e+01 6.054462657998588782e+01 4.033124369766787254e+01 3.137659474018051142e+01 4.873054830235325596e+01 4.129997352529955634e+01 6.151677836028495960e+01 6.644886022309708551e+01 4.621143060610257436e+01 4.621143060610248199e+01 6.051925147520947235e+01 5.639298578500840620e+01 4.189324298239561273e+01 2.749044829895908748e+01 1.410929341562994921e+01 3.033366173815376854e+01 1.981662010720471656e+01 3.953553321957355848e+01 4.383939895146642840e+01 5.055428206448087991e+01 6.033155443449967237e+01 6.228110517225016451e+01 5.634525005784634288e+01 5.723031780813681024e+01 3.719775514675478689e+01 2.302861919525856749e+01 1.302199273965011983e+01
