MOVIE_S13_data/elevation_000388.asc
nrows	150
cellsize	150.0
xllcorner	0
ncols	150
yllcorner	0
NODATA_value	-9999
[rows 68 to 84 of 150, columns 0 to 36 of 150]
1.785472517327646447e-02 2.001785472517292064e+01 3.373922304481175161e+01 2.541281067939625515e+01 7.860703993773226372e+00 9.550690708525779726e+00 1.126494276628369029e+01 3.123944267204967673e+01 2.525467034970120039e+01 4.426527396219636046e+01 3.555489677785351432e+01 4.367425583679864332e+01 3.493528641543367286e+01 4.839480811294992435e+01 3.357921051605048035e+01 3.743988598389465494e+01 4.153225324185544309e+01 4.600855981912513215e+01 5.154873943920307511e+01 5.908284534013346700e+01 6.904143377242263568e+01 8.898218345339238056e+01 8.569249528112851522e+01 8.008727598467342546e+01 9.372641679399748682e+01 8.749411151298409095e+01 6.848340226971085087e+01 6.459335546001423722e+01 6.604215921328400896e+01 8.499309516830352607e+01 8.340366427230226520e+01 6.338881274433087043e+01 6.550819389730007458e+01 8.225415081069900225e+01 6.695238215116874869e+01 8.697595511628861686e+01 7.127374700169291089e+01
6.217744477647316192e-02 2.006217744477611831e+01 2.319491820188600428e+01 5.512003068484878199e+00 2.279152777154471110e+01 2.953718559710359770e+01 3.125096515660894880e+01 1.376212729823367020e+01 3.375016957050648614e+01 3.707930566638909653e+01 2.140602410922714327e+01 2.366638049145969092e+01 2.597427039258642623e+01 2.840157059688752739e+01 4.836047081355586386e+01 5.739913835956578936e+01 6.149220309868473322e+01 6.595160658313649549e+01 7.147936851189318475e+01 7.901180861290757207e+01 8.728084289451628308e+01 9.725630698342595792e+01 1.049514661631697123e+02 9.922469172670592741e+01 1.054706350090524865e+02 9.560973731716889290e+01 8.749411151298409095e+01 7.540737551280126638e+01 7.687228845423634027e+01 9.308390783366675691e+01 9.097526204275123973e+01 7.094269731473178808e+01 8.552566525717348611e+01 9.380715212978175543e+01 7.590254966253965563e+01 9.525658172451427674e+01 7.643744907547122125e+01
7.615112199268188331e-02 1.633149010315726235e+00 3.194886629201783901e+00 9.326872819041509999e+00 2.874643373807688462e+01 4.782537213066406423e+01 4.144225255521573814e+01 3.006334666495900265e+01 1.636062387960634013e+01 1.827129022991823248e+01 3.827092598129926415e+01 4.367425539025811787e+01 4.598488226730184891e+01 4.841143471806250176e+01 3.326505148422150882e+01 3.786700105925746840e+01 4.272750120160262810e+01 4.789247018352239849e+01 6.783333330315939236e+01 7.267141270846012446e+01 8.677538476042562365e+01 1.067514772448411406e+02 1.037087126611430534e+02 9.532827220612348640e+01 8.514867829083870276e+01 9.948457339418445144e+01 1.027433029206804207e+02 9.457578291894795086e+01 9.608244889479740891e+01 1.042592039932542747e+02 9.925309075432356565e+01 8.511336056106651426e+01 9.097526204275125394e+01 9.593452831397574698e+01 9.007752392935178420e+01 9.063247379173910190e+01 7.055767731977164203e+01
5.080276927167222401e-02 2.005080276927131777e+01 1.474189085997338111e+01 2.874615272157782897e+01 1.958654121940856641e+01 4.017748061750812383e+01 4.685740823313711445e+01 2.699921805227549143e+01 3.635764732128674837e+01 3.827092829558947784e+01 2.403630010826192631e+01 3.819112798510435169e+01 5.818682027238964594e+01 5.859954356265832587e+01 3.862530593712477867e+01 5.784431249987679280e+01 6.268462458506903090e+01 6.199277080796444039e+01 5.639925507564406360e+01 6.790249382211602835e+01 8.784974222259022270e+01 1.069105917860707820e+02 9.532827220612348640e+01 7.494002354108084774e+01 7.070798217592552248e+01 8.404401232574421954e+01 9.235633225957106163e+01 1.027154523395749095e+02 1.046938185171632512e+02 9.633782913185470420e+01 1.046938185171632512e+02 1.051271441011290193e+02 1.109727366312780816e+02 1.159167543260332991e+02 1.100745877342136083e+02 9.897758525470199231e+01 9.063247379173910190e+01
2.757019857663320014e-02 2.002757019857627796e+01 3.474005249944261919e+01 4.301197064281047489e+01 3.407110641372352688e+01 4.017748061750812383e+01 4.687931397116443577e+01 4.103395190513415969e+01 5.516595640082925200e+01 5.037525404677634100e+01 3.036586857948649509e+01 3.257303256323771734e+01 5.257778648183730041e+01 6.686505320824463183e+01 5.016958449179690405e+01 4.862649839015172404e+01 6.857258931734970986e+01 8.193369849094669632e+01 6.790249382211602835e+01 8.460380624901608826e+01 9.612600743053791064e+01 8.668975986753619623e+01 8.668975986753618201e+01 7.899362707997258326e+01 6.045103878863419311e+01 6.386066880378938038e+01 7.405565822444266644e+01 9.423205181056978574e+01 9.463211751877932443e+01 7.623503049224852646e+01 9.463211751877932443e+01 9.709856050560097174e+01 1.054535056446290184e+02 1.067238086697285837e+02 9.836151078178249918e+01 1.031853170196010296e+02 1.038019759770604225e+02
2.042370046829022814e-03 1.000204237004674113e+01 2.154904775383905147e+01 4.154904775383833737e+01 5.491957203721020164e+01 6.090781372210338418e+01 6.686518469305252665e+01 6.099126758412072036e+01 6.105929913772323658e+01 4.107128065760556268e+01 5.037525429764794893e+01 5.257778648183730041e+01 4.258513788243884335e+01 6.257043508123570064e+01 6.427287069523836749e+01 6.273091281417661946e+01 6.273091281417661946e+01 8.267564395830616775e+01 8.784974222259022270e+01 9.612600743053791064e+01 1.010114407974373165e+02 8.075752539039099531e+01 6.632770645471258320e+01 5.856678102410997866e+01 5.359251325604981275e+01 7.407436034496775790e+01 9.210141942478995247e+01 1.020963899249329785e+02 8.628642981205160822e+01 6.624064992103525640e+01 8.628642981205082663e+01 7.699667474873623974e+01 9.383605308023751945e+01 9.509910865591535867e+01 7.824922522296172644e+01 8.305585156544363201e+01 1.031853170196010296e+02
3.445835553305376733e-03 1.414558145928413069e+01 3.414558145928342014e+01 4.983331900129994807e+01 6.076294278991314712e+01 6.312028774570457301e+01 5.483917897579794243e+01 6.312225002482931302e+01 6.933520622906716824e+01 5.261739748194661814e+01 6.933520622906716824e+01 7.084644134778190505e+01 5.258385670943508217e+01 7.084644134778190505e+01 8.421942945641120559e+01 8.267564395830618196e+01 8.267564395830616775e+01 9.094918731138592705e+01 9.823661003857110074e+01 8.990998330247649051e+01 9.096587948000097867e+01 9.504998493837133822e+01 8.378114483139484037e+01 6.339267492665645420e+01 4.888891191901467437e+01 6.936431950373649613e+01 8.268795389095363646e+01 9.109778231335775445e+01 7.960450318171280060e+01 5.958387970203098405e+01 7.960450318171101003e+01 6.544559121349067254e+01 8.485820074947612568e+01 8.674967638190146602e+01 6.670057113213152888e+01 8.674967730037866431e+01 9.118377410090377566e+01
8.088694405094523643e-02 1.422302256778202079e+01 3.422302256778272778e+01 4.076296608684180711e+01 4.076296500367259057e+01 4.329225123568040345e+01 3.483929545772365799e+01 4.898142896673396507e+01 6.898135566327526647e+01 7.259115300665729364e+01 8.086878818806778213e+01 8.083458054741326748e+01 7.255701345303634753e+01 8.083458054741326748e+01 9.612084277387870657e+01 8.763415735587048516e+01 8.705196721251205361e+01 9.553703005044602037e+01 8.655751220375101695e+01 6.962877968721795696e+01 7.069302327066341718e+01 8.499188540016933757e+01 8.016334401254465547e+01 5.976535832096281098e+01 4.528765897531710038e+01 6.573979000748093426e+01 6.319284394495165458e+01 8.307433475733230921e+01 7.382504700404392395e+01 5.381194774281391346e+01 6.651729639673264671e+01 5.650721506195740318e+01 7.652737773147839562e+01 8.040957582497044598e+01 6.038508128305490175e+01 8.040959290114687974e+01 7.111000448986230538e+01
2.980189240634343456e-02 2.002980189240598818e+01 2.704905972240969092e+01 2.076296647939010498e+01 3.512732468085859239e+01 2.329229009338721923e+01 3.329229009462994782e+01 4.743442720156172498e+01 6.743452159397125456e+01 6.351182068222199462e+01 7.167416792409203197e+01 6.653771778228632172e+01 7.470580245112311957e+01 8.617789725656635369e+01 7.772656208531640232e+01 6.739235605779830962e+01 6.681730656549201797e+01 8.381225203511863242e+01 7.820062493571741413e+01 5.782385674930424102e+01 5.624137929579573836e+01 7.482704648569550443e+01 7.932990404267047779e+01 6.232696940349713799e+01 4.191027205560814650e+01 4.879958333068254461e+01 6.059280436386013946e+01 8.079285394823355659e+01 8.215197796447851886e+01 6.651729639673307304e+01 4.652940063688330241e+01 6.117572967673343953e+01 6.949471559759699346e+01 6.754719973114136167e+01 5.484046612714328006e+01 7.485579105026694435e+01 6.356460140278608151e+01
3.197269080214139303e-02 3.513525809916105747e+00 7.049059715848858154e+00 1.076296647938992734e+01 1.512732428410981278e+01 2.926945990903632122e+01 4.926946125953718791e+01 6.157763721601764928e+01 6.025032659622799969e+01 4.369158576830668039e+01 5.254989609399906669e+01 4.675595064265397127e+01 6.653771778228632172e+01 7.450050242654683075e+01 5.757423839800429732e+01 5.581099551361465672e+01 5.523770761775263338e+01 7.477618768906603464e+01 8.082945137533218372e+01 6.047416781674079544e+01 4.602071122786360746e+01 5.898144916865793874e+01 5.898144916865793874e+01 5.901113704414965611e+01 3.863573134484381910e+01 5.901113704414965611e+01 7.469460454335229826e+01 8.904303387860724683e+01 8.656099301699990178e+01 6.651601592170632671e+01 6.117249808339682460e+01 4.127384040786400021e+01 6.069050708551956319e+01 4.755665338505328066e+01 5.093277612625149686e+01 5.540633549270675218e+01 6.694425744591933380e+01
8.792919550159562780e-02 2.008792919550123912e+01 2.704905972240969092e+01 2.230997186319092407e+01 3.512732468085859239e+01 2.926945990903632122e+01 4.926946125953981692e+01 6.000521563252731738e+01 5.030492087689216874e+01 3.199459123484352574e+01 3.248607733624505300e+01 4.675595064265397838e+01 6.653771778229665301e+01 6.548710511202715168e+01 4.599763745661949343e+01 4.578595092015684997e+01 4.627098390150644036e+01 6.045527537769221738e+01 8.063670046898673149e+01 7.482704648569550443e+01 5.898144916865793874e+01 3.861250243956313000e+01 5.254022264840028811e+01 5.218573310992871939e+01 3.575934185372477714e+01 4.589718741918432698e+01 6.630354218359896379e+01 7.500351477042725890e+01 6.668692257019964131e+01 6.338764026431871912e+01 5.510076695356262633e+01 3.786663191216486268e+01 4.080006520868518294e+01 4.479181414181525867e+01 6.476819509298417188e+01 6.694425744591933380e+01 8.374990632581624084e+01
2.533091249361700895e-02 1.416746653622469232e+01 3.416746653622539753e+01 4.230997250944623289e+01 5.059427359691473924e+01 4.926946125954075484e+01 5.755378178838394376e+01 5.215722829079697220e+01 3.391643399617428400e+01 2.309560976404516808e+01 4.309172122726155152e+01 6.073087654609236097e+01 6.488739841481834958e+01 5.710531371699295278e+01 3.703138416374733310e+01 3.681975404754959413e+01 5.099908106023504217e+01 7.112308544494482021e+01 7.596649037694251660e+01 7.870280061696824703e+01 5.834640996369582666e+01 4.392512949965413327e+01 3.224046341345417943e+01 3.189008020452264702e+01 4.357140014120367510e+01 6.395313077737517204e+01 7.469460454335229826e+01 6.668690724467447239e+01 4.677880652894617697e+01 5.260974806002408144e+01 3.539712557989840036e+01 5.510227407807603583e+01 4.198788936906161950e+01 6.190323283434821633e+01 7.308507157316297764e+01 8.699470145237440022e+01 9.534408901189082997e+01
4.340274325774365338e-02 2.004340274325738847e+01 3.587855957963071063e+01 4.587855971974657621e+01 5.429367034645511580e+01 4.632388163793435609e+01 5.429367034645511580e+01 5.279219124322221290e+01 3.797506694638857283e+01 1.861470202040361244e+01 3.822829589541430551e+01 5.387482906497075419e+01 4.396520350995141513e+01 4.483277406599484749e+01 2.996412626213220776e+01 4.151842816473799758e+01 6.160522599587972081e+01 6.967682481517755377e+01 5.482647894834411062e+01 6.527380940863251624e+01 5.385466919865571356e+01 4.544352239441328578e+01 2.822263223463290416e+01 4.251805910140932809e+01 6.060027786977799735e+01 7.234846496430624541e+01 8.338475099652417555e+01 6.668643407159372316e+01 4.677880444321944253e+01 3.296682517872267937e+01 5.260974803155759361e+01 6.339520953827384631e+01 6.190323283434821633e+01 4.632989515120249990e+01 6.631782876805492322e+01 7.450768253602235802e+01 7.828892147989536454e+01
3.499897289517878152e-02 7.594288433079755762e+00 1.759428843307993162e+01 3.759428843311144419e+01 4.472721069714138054e+01 2.723563638654610841e+01 4.472719118853525089e+01 3.719754178876232942e+01 2.359071525606813324e+01 1.495104007763741016e+01 2.675844127157501973e+01 4.563410088035556811e+01 2.657264213898371352e+01 2.484164317457033633e+01 4.483277406599484749e+01 5.837317487495712953e+01 7.000123005377909635e+01 6.101824494141948918e+01 4.070034185195095944e+01 4.816807473316095667e+01 3.655602501418552208e+01 2.520151115421927912e+01 3.948743466689552406e+01 5.689380772205119996e+01 7.126955634269310735e+01 7.155419641725499957e+01 6.923689257536200614e+01 5.508712079760893943e+01 5.091285733656342671e+01 3.128892341160520374e+01 4.509140428652126786e+01 6.496708975398448160e+01 7.463659475266958054e+01 6.631780810124713810e+01 5.095947499511966328e+01 5.449686663862396330e+01 5.828048569349491714e+01
4.124372989540939227e-02 2.004124372989505432e+01 3.587855968406089602e+01 4.587855972573589725e+01 3.677918747429502844e+01 1.742544426635977572e+01 3.181463446344338308e+01 2.573718114637928522e+01 1.003443681045817826e+01 2.865660876963373838e+01 4.135043355236374651e+01 4.534338306429177834e+01 3.700099102384163530e+01 2.137779046496186197e+01 3.560063139811596500e+01 5.568278022995752252e+01 5.848479339442246783e+01 5.266796610216294283e+01 4.816675828604010690e+01 2.907716948532645063e+01 2.225743990762072499e+01 4.250650271256916568e+01 5.385466919865584146e+01 6.822190373041618727e+01 7.155419641725499957e+01 5.161942727514499296e+01 5.527752538331174748e+01 4.112830974102235615e+01 4.693005244189429703e+01 2.962083942902853195e+01 3.831004782141041431e+01 4.965659999103999667e+01 6.960320312610932092e+01 7.097023531165447707e+01 6.509875350408501049e+01 6.863271579257201438e+01 7.240861797094686381e+01
5.361688789861147886e-02 1.438686953919848044e+01 3.487430697494107790e+01 3.083112555346269801e+01 2.312615074859290942e+01 1.038012980971446630e+01 2.233997668722486907e+01 5.158359326137904155e+00 1.211244485377995517e+01 1.024455899385794844e+01 3.331330891771621339e+01 3.699994980697650959e+01 1.690752120687896820e+01 3.700099102382248617e+01 4.983266505120510459e+01 4.540042754625219601e+01 3.902029681307558917e+01 3.336955403903203177e+01 4.715261337618862569e+01 4.053209847607320171e+01 2.033772588727215691e+01 4.053202299915582785e+01 5.553183459694051294e+01 6.312545472882185038e+01 6.936188199207292371e+01 4.944359412536761056e+01 3.554077494164835116e+01 4.472778848836547638e+01 2.729403397928911446e+01 3.380049346004361865e+01 5.347566357476300425e+01 6.638563640042768554e+01 7.792967726816638674e+01 9.104097245478577349e+01 8.514525082891903196e+01 8.869110692655128503e+01 9.248522996206877167e+01
9.650549294000117240e-02 2.009650545771376784e+01 3.012616630433907261e+01 2.044104297414826732e+01 3.126250884589077295e+00 3.716569943139078624e+00 4.309725303499513771e+00 2.046348976291765709e+01 6.020184102432695639e+00 6.630238740885451065e+00 2.624962122515600882e+01 3.397367956957486967e+01 1.394239792486973961e+01 2.989108615717741202e+01 3.064533786346808242e+01 2.531453628644910481e+01 3.184134915434876589e+01 1.993119597371109464e+01 3.901994781364091125e+01 3.860664312754413174e+01 1.862593507236268664e+01 3.792293377931014930e+01 3.601423971016669867e+01 5.551837267045740276e+01 6.098582208627257728e+01 5.042697521623665580e+01 4.260099310871222400e+01 2.506211765869741370e+01 3.893405067284171395e+01 5.347566357473846210e+01 4.508855787604426979e+01 5.651459834707753771e+01 7.059449790257475854e+01 9.052349045643667580e+01 9.206834652328964808e+01 8.376917963845865245e+01 9.206834652328964808e+01
