MOVIE_S13_data/elevation_000304.asc
nrows	150
cellsize	150.0
xllcorner	0
ncols	150
yllcorner	0
NODATA_value	-9999
[rows 17 to 33 of 150, columns 111 to 147 of 150]
5.634043677757271240e+01 7.039894928249881900e+01 8.461151461786602113e+01 9.264867314879583660e+01 7.700074049655707142e+01 7.276857386924980631e+01 8.623397860575651919e+01 7.897839611439790986e+01 6.884589579628101319e+01 5.231676352886709935e+01 3.228431656171296993e+01 4.643959181689842097e+01 6.650551118430300335e+01 7.210459888606447976e+01 5.991359906054396589e+01 3.988788304046507704e+01 5.991359906054396589e+01 6.173315269317851062e+01 7.825280919192883289e+01 8.985841982035307751e+01 9.821571359959683889e+01 9.268889782730971660e+01 8.437735510659651084e+01 8.558194856109653870e+01 6.560755564864371081e+01 5.151432573158282224e+01 4.157697700589194767e+01 3.351136964367222504e+01 2.999257201389481509e+01 4.501544428726727176e+01 4.501544428727890335e+01 5.491303718720465810e+01 6.317381271615028027e+01 5.636475408981556257e+01 4.636475408981538493e+01 3.808048284235318448e+01 3.141381617568605478e+01
4.233506997882106759e+01 6.215873238998819517e+01 7.440302070517287802e+01 8.854443433518960660e+01 9.466990258437468242e+01 9.142341803525343380e+01 8.444510822185584686e+01 6.171010071846382061e+01 4.914249353177686430e+01 4.154424315590014061e+01 3.487513045278677026e+01 5.491906058318957662e+01 6.865021322412984262e+01 7.872855082140799254e+01 6.595536265392055952e+01 4.591709974266114358e+01 5.623116316055629937e+01 7.629855982599571007e+01 9.016017660265644906e+01 9.574271197727480853e+01 8.743566029720038557e+01 8.105461817067673280e+01 6.419084914371592276e+01 8.105461817067673280e+01 7.973532061612164057e+01 6.975769218877742617e+01 5.335824806916129859e+01 5.249613638030122331e+01 3.270408546749974477e+01 2.554886339268195528e+01 4.095638157834734017e+01 3.517534609002111523e+01 5.491301523598530565e+01 4.808048284235336212e+01 2.808048284235265868e+01 1.808048284235248104e+01 1.141381617568569773e+01
3.642535360177584636e+01 4.631312466447523235e+01 6.032643139952504185e+01 7.959326410105374805e+01 8.954377669637686665e+01 1.036611788549593456e+02 9.251346993086733050e+01 7.915252916753486545e+01 6.981152198065225889e+01 5.922298729072725365e+01 3.923778509153254390e+01 4.021797752558470762e+01 5.022270738891741360e+01 7.035279459175441730e+01 7.353645807497152020e+01 5.347876492542017957e+01 6.595536265392055952e+01 8.463945667308246357e+01 9.591778893488091740e+01 7.577400391861253581e+01 6.723707894907650484e+01 7.272267045492947091e+01 5.262017518400521965e+01 6.725748911096479787e+01 7.558700428384311465e+01 8.157458030870667187e+01 6.658088474103276155e+01 4.666204258667396232e+01 5.249613638030122331e+01 4.095638157834734017e+01 2.192426419122019965e+01 3.517534393331993670e+01 5.491247201614275752e+01 5.636475408981556257e+01 4.636475408981538493e+01 3.808048284235318448e+01 3.141381617568605478e+01
5.623120912997307386e+01 4.449898478848057692e+01 5.147849248414639334e+01 6.140232703932583291e+01 8.130086100074012734e+01 9.556513308368870696e+01 7.647998417300462393e+01 7.990426781465959039e+01 5.999962230019828979e+01 4.589443684907054433e+01 5.926397570120925451e+01 4.447838977857906428e+01 6.457791801695505285e+01 7.872855082140793570e+01 8.187562140677114542e+01 6.504468490613740528e+01 8.187562140677114542e+01 9.439876485007015106e+01 9.004312669319689633e+01 6.986353974221285057e+01 5.560481600675603886e+01 6.512464142368412467e+01 4.517979593820673756e+01 4.727839040576483143e+01 6.209890721729071572e+01 7.041856008628413122e+01 7.485445247379908551e+01 6.658088474103276155e+01 5.745244878673148747e+01 3.605047344295789458e+01 1.969756663166397814e+01 3.493224870891867795e+01 4.307948755686806663e+01 4.748899934637753972e+01 5.570533560922977756e+01 4.476056752188157617e+01 2.472819256114824071e+01
6.865480160746095351e+01 5.592233799582297138e+01 7.135147894201043073e+01 7.959327374881685557e+01 8.954478451098411540e+01 9.455696938392341622e+01 7.469567122317043584e+01 6.073022601004234389e+01 5.371149528061586409e+01 6.000913352570689341e+01 6.908633204799416205e+01 4.894967032566481180e+01 6.053818911655838519e+01 8.076331242890071849e+01 9.348724997084535460e+01 8.513643594677398596e+01 8.798886653627624810e+01 7.968445736157649151e+01 8.798886653627624810e+01 7.733636956780641469e+01 5.716324373752183874e+01 4.572459676603148893e+01 4.069443746647900895e+01 3.593607697593542838e+01 4.220595363548981993e+01 5.890081161425877099e+01 7.041855975879047946e+01 6.361961968276205681e+01 4.409019762585005253e+01 3.117524984588159853e+01 2.284713374723117596e+01 1.660083871204688677e+01 3.178843783080490581e+01 2.825859639787009669e+01 4.062210430412407902e+01 3.240113712451032768e+01 3.825492722747733154e+01
8.012335085737795737e+01 7.580394660221949721e+01 8.404439715987992088e+01 9.171535235382059170e+01 9.171512984739025853e+01 9.987113630315776902e+01 8.877408827032974159e+01 8.051289621639014626e+01 6.364481809754893504e+01 8.005001115521832844e+01 7.430812255558033996e+01 5.411882854933666209e+01 7.430812255558033996e+01 8.916840812185326115e+01 8.766366598552245648e+01 7.936665806142639212e+01 7.796553311521719820e+01 5.963859840777751486e+01 7.796553311521719820e+01 8.566444773796256129e+01 7.402753759745490925e+01 5.978109732286174705e+01 6.053446519310976015e+01 5.061370511186129306e+01 3.081479947916223949e+01 4.220595363548981993e+01 6.209890721684170956e+01 6.560695964904695643e+01 5.799263832119351747e+01 4.950897222236557838e+01 4.160262578752732310e+01 2.617947540035151732e+01 1.356243030805032390e+01 2.990724155509872517e+01 3.057235189666718966e+01 1.407654700858694596e+01 2.209507844557130696e+01
9.229791343134364467e+01 8.650265109840957223e+01 8.586311445859509206e+01 7.185718405680003684e+01 7.185718371525440773e+01 9.171524977485805152e+01 1.051066342995132885e+02 9.190294016838231528e+01 7.772033217340528211e+01 8.704474318808813393e+01 6.904151339543257393e+01 6.053927328171611322e+01 8.143873967065199793e+01 9.508022361501858200e+01 7.936665806142639212e+01 5.932662208097708145e+01 6.519621272442827831e+01 4.960949225097871107e+01 6.966152788467690016e+01 8.472943846257840050e+01 8.078214536645526778e+01 7.995275846269314002e+01 6.413756514739895920e+01 4.744334274845562760e+01 2.760811870054683226e+01 4.744334274845562760e+01 5.974148480667267336e+01 4.560201409131228445e+01 5.974148477283448955e+01 6.369753976496665615e+01 5.355748408237718650e+01 3.463717581414201874e+01 1.137113901254459236e+01 1.705067001789182868e+01 2.310504965713184333e+01 3.105889061837673104e+00 2.095736517558922429e+00
7.244181949156332223e+01 6.661776515026424761e+01 6.829405857251703083e+01 5.777666563291260360e+01 7.767350688905234790e+01 8.572785259488584586e+01 8.545143815335087822e+01 9.930963202526048406e+01 9.775804707942739924e+01 9.159856640064381850e+01 7.118584329785582554e+01 7.243318370357599179e+01 8.998349786585511367e+01 8.678397570583767617e+01 6.675162460236087725e+01 5.517413118407174721e+01 4.514659160296739771e+01 4.251981560549786110e+01 6.256665052745671574e+01 6.481374704287559041e+01 6.077446705759999901e+01 7.489169230577245173e+01 5.583814094242249126e+01 3.598722588470269557e+01 2.450634502985467833e+01 4.438270108999434882e+01 5.079048929336761375e+01 3.143640305628413145e+01 4.368392995872562068e+01 4.368393384569020554e+01 4.974164147520803425e+01 3.188061316261926592e+01 9.144560778976170923e+00 2.454648124070558524e+01 4.547388966846916958e+00 2.310504220708286027e+01 1.623733488189624552e+01
7.176780891134470153e+01 5.256527312308000432e+01 4.844636910254580187e+01 6.829405857251552447e+01 7.848973762942114263e+01 6.587540806415177030e+01 7.141406962628846600e+01 9.120831181901016294e+01 1.096759440373885042e+02 1.053322147910338060e+02 9.344043368031978503e+01 9.251284909321017835e+01 1.008944681997650861e+02 8.847277414287965769e+01 7.690054209788429773e+01 6.793168113442983724e+01 5.622974140826128320e+01 3.618161607287606074e+01 4.479790289173867990e+01 6.154582424741496283e+01 4.660967370341342786e+01 6.490418776052788985e+01 5.553989491453540239e+01 3.565893014196712585e+01 2.156392340987751410e+01 3.761887410292351319e+01 3.622178243239509499e+01 2.244442378858585840e+01 2.362460092124071309e+01 3.240036740933844328e+01 3.722817003153243576e+01 2.137905418202134555e+01 7.164840952764524040e+00 5.998359902680987510e+00 2.441797506899824199e+01 3.273810859918044258e+01 3.623681645133851248e+01
5.933385872044087961e+01 4.375337755920536154e+01 6.355279071573789906e+01 5.426484968535677922e+01 5.859295329836854904e+01 7.848973762942227950e+01 9.120831181901016294e+01 8.204232259808460981e+01 9.342986541432493652e+01 1.127441220842896996e+02 1.100127110358648537e+02 9.845196921480260244e+01 9.015596944127867118e+01 8.017536316721458434e+01 6.012687408645086862e+01 4.853913998649932182e+01 3.956894662097760573e+01 5.326831742499530264e+01 3.322621184173200248e+01 5.041469856412807360e+01 3.659263742504032990e+01 4.655123435422418510e+01 4.984350019600241666e+01 3.923745142875623060e+01 1.915136806355279120e+01 1.751861419703666556e+01 1.611257582343795036e+01 1.481544592660873505e+01 1.354502157741117685e+01 1.229226737209019404e+01 2.892694012620704314e+01 8.826210017193483637e+00 2.725766526774886600e+01 2.020799044876555683e+01 2.243453136648856017e+01 4.269821599733398187e+01 3.423263396858578034e+01
3.955710037016956448e+01 5.933385872044087961e+01 7.176798881620483428e+01 7.415269844092264862e+01 7.848973762942227950e+01 7.848973762942227950e+01 9.827077523780083368e+01 1.016648933758680045e+02 1.096759440373885042e+02 1.205876974862405149e+02 1.017141520531792338e+02 8.169479252620836007e+01 7.011881957481007532e+01 7.858751557208015015e+01 7.340752906488674512e+01 6.216416646526386103e+01 4.209385469111435185e+01 6.156727751231480994e+01 5.041475259003129850e+01 3.037574459954954520e+01 2.840764616037252210e+01 2.650917164849910179e+01 4.154674627613961491e+01 2.148104508652664890e+01 3.923745142875623060e+01 3.761887410292351319e+01 1.963485142846262121e+01 3.424358104836028360e+01 3.365419113219158476e+01 3.063197138163510047e+01 1.053035112178561405e+01 1.459084457180703964e+01 3.385406558147879963e+01 4.028235538121309389e+01 4.272207559268287014e+01 4.566963571111649145e+01 3.412263020906436850e+01
5.529383633581625190e+01 6.715862100582134531e+01 7.704511472981259601e+01 8.141374870847678835e+01 7.315500744286622137e+01 7.799988544600694240e+01 8.402437389357082509e+01 9.067953168523142438e+01 9.892393107315700718e+01 1.088853455451112922e+02 9.910989230975542341e+01 7.908831211055158406e+01 6.750874703893201456e+01 5.852551409614110156e+01 5.333692401478377576e+01 4.860342768713790207e+01 4.518756764144835358e+01 6.527660144532438835e+01 5.871198805005553112e+01 5.004468619938026563e+01 4.844723054351595692e+01 4.389339148246146749e+01 2.384364703125458007e+01 4.153756801912924601e+01 4.983716174319226866e+01 4.325692682003083434e+01 2.320557278900118803e+01 4.302647044409321353e+01 3.822363413104719854e+01 1.814039037968955981e+01 3.063295090179621738e+01 3.385406558147879963e+01 2.386819391314988437e+01 4.383993709361589453e+01 5.481307995187648174e+01 3.738536432201789950e+01 1.738536432104721996e+01
4.817046293032583293e+01 5.886798878023752479e+01 5.710988387016560353e+01 6.684710982939155599e+01 5.320786907474207794e+01 5.802399134226400434e+01 6.404339816291980014e+01 7.071406163326371086e+01 8.071021065179654386e+01 1.006488527186661486e+02 1.074071822574897510e+02 9.584605193213414509e+01 8.688500931081880196e+01 7.858751557208015015e+01 7.340752906488674512e+01 6.846981026775567614e+01 4.836017251154918029e+01 6.846981026775567614e+01 7.349140144888777115e+01 6.308642873597457168e+01 4.921319215569787531e+01 2.921275151265538383e+01 4.389339148251524847e+01 5.217639850450882477e+01 6.175483651730419865e+01 4.697697122679726789e+01 2.694428495707478888e+01 4.697697030713126054e+01 4.401294107540662282e+01 2.395821915379990230e+01 4.401294106609972800e+01 5.217968422081178659e+01 3.369941779180443575e+01 5.217968885875535534e+01 4.652880861397155599e+01 2.652880861375184551e+01 1.652880861375166788e+01
3.593649499300582306e+01 3.949481246413119351e+01 4.313283730224970469e+01 4.696956837567303467e+01 6.100167806916039126e+01 7.799978217481836396e+01 7.433791013645871715e+01 9.067953144187724490e+01 9.892393107315700718e+01 1.088853455451112922e+02 1.132983644031654364e+02 9.328546216463008989e+01 9.328546216463008989e+01 8.724647136679946868e+01 8.188733005344374760e+01 7.183562498467250634e+01 5.167609869449421467e+01 6.274538962592804836e+01 6.593751044176329401e+01 4.662763054121726469e+01 3.524633201897157875e+01 4.075957011718833201e+01 5.750637358064351190e+01 6.763068097568721271e+01 4.760685315631216952e+01 3.345416323297008887e+01 3.452594038570303070e+01 5.454254397873985738e+01 5.068891234307207583e+01 3.066105908174497685e+01 5.068891234401076673e+01 6.228688471952352046e+01 5.398045639542736751e+01 6.228688471952352046e+01 5.481307995187648174e+01 4.481307991982218653e+01 3.652880861386155686e+01
5.571726152585345204e+01 4.059288379417473891e+01 6.038151719476279311e+01 6.684701731438904915e+01 7.510443813310374139e+01 8.919047969469441739e+01 9.429340054903873636e+01 1.025337669368933575e+02 1.046119930347079929e+02 1.128252198437992604e+02 1.074351112684837943e+02 8.742448560299365568e+01 7.325639557581693850e+01 6.719440068491655893e+01 6.180361409583493071e+01 5.674329674656571854e+01 7.183562498467250634e+01 7.650404661046357546e+01 6.013023474381667199e+01 4.228104014708158331e+01 5.518985846211994328e+01 6.076105426864644699e+01 6.905996174888817052e+01 6.103587760965782394e+01 4.102294770864305917e+01 5.347170134815440434e+01 4.867743176413220141e+01 5.086716609191878291e+01 5.897297794453233877e+01 4.068443583657240481e+01 5.897297827921043023e+01 7.469672495372341814e+01 6.883589586482852951e+01 7.028954952027771697e+01 5.857511081374229178e+01 5.028709964772032492e+01 3.987766158983251330e+01
6.862931783950482156e+01 6.038151555340664345e+01 4.549055812494991358e+01 6.534268055666716180e+01 7.474431968953507521e+01 7.921309624470841015e+01 8.420802749720130009e+01 9.052078606801063643e+01 8.468401703219839760e+01 1.046119930347079929e+02 1.074351112684837943e+02 8.742448560299365568e+01 9.328546216463008989e+01 8.724647136679946868e+01 6.949595466563684454e+01 6.313877014499684037e+01 8.321509123086123338e+01 8.201961818268205207e+01 6.210703690117252052e+01 4.927870309481115640e+01 5.628207812731730542e+01 7.616973137327786958e+01 7.520373459073157107e+01 5.516735905980860366e+01 4.809490948085784368e+01 6.811352806076376964e+01 6.870219196448306320e+01 6.502183130819621226e+01 6.897681482443347534e+01 6.069348178402339045e+01 6.897609520211440781e+01 5.468807135744359016e+01 4.882799493949416103e+01 5.028692514890656184e+01 4.702571135496419430e+01 3.028616368256171398e+01 3.159339034237126498e+01
6.904479666743704058e+01 7.359898283456445256e+01 6.534449019570155315e+01 5.074581656771773197e+01 5.478345858327609363e+01 5.923289089266928897e+01 6.422830248722992508e+01 7.055809066550366992e+01 8.209567680178606963e+01 1.020296993553330935e+02 1.157352161851158456e+02 1.074351112684837943e+02 1.058952528562883799e+02 8.587546517060124529e+01 8.954916466002580933e+01 7.025933017403163205e+01 9.030083223824628647e+01 8.321637711544435945e+01 6.328545315982344732e+01 6.070418232933463543e+01 7.616973137327786958e+01 8.444843525862276579e+01 8.352080645023937677e+01 7.520373459073157107e+01 6.223980863827675591e+01 6.223980863868474245e+01 8.229394115112127395e+01 8.507789473606490560e+01 7.156056824650761428e+01 6.309656967013673068e+01 6.766842534610860582e+01 5.468815839757092334e+01 3.468465865420351690e+01 4.313909323057489331e+01 3.028616365740873917e+01 1.873913683378307482e+01 2.873925790708494432e+01
