MOVIE_S13_data/elevation_000095.asc
nrows	150
cellsize	150.0
xllcorner	0
ncols	150
yllcorner	0
NODATA_value	-9999
[rows 68 to 84 of 150, columns 74 to 110 of 150]
1.119785734813262934e+02 1.261845678957389509e+02 1.124426379041976105e+02 9.567261602452749969e+01 9.672113082942526319e+01 1.109193825452026800e+02 1.153188634661591152e+02 1.131175295037532322e+02 9.480229151905606955e+01 7.529253711041280894e+01 6.416388963031214132e+01 7.363081565370546855e+01 6.765800857709912464e+01 6.311996102604719994e+01 4.557480697544446713e+01 5.905148602811009795e+01 7.868870074493612776e+01 9.706053280913877757e+01 1.030347316832262123e+02 8.303374746640142234e+01 6.881307058961493794e+01 5.977502006404768053e+01 5.271370568666665690e+01 4.906732499834971151e+01 6.906814885272501670e+01 8.205621258240404359e+01 8.384194279181183163e+01 7.003312160679224974e+01 5.053435832427106789e+01 6.052357673874677602e+01 8.030765788364989533e+01 8.683547915832903641e+01 7.524672984755432026e+01 5.676791773248021400e+01 3.913954470223393400e+01 4.807495089365016838e+01 2.924040813674057304e+01
1.201526011183931786e+02 1.208061119489806288e+02 1.041332295037382210e+02 8.416886392019627294e+01 8.262803888222764215e+01 1.009110574884022355e+02 1.105148663808740679e+02 1.028388286415129471e+02 9.455948842767493545e+01 9.171658327368248820e+01 7.378670290126046893e+01 5.328792866347352941e+01 4.482859063462909432e+01 4.395239910520801629e+01 6.247490703594344552e+01 5.759446055801058151e+01 7.138635240203039700e+01 9.122582107365424520e+01 9.832897798512242105e+01 9.717281646882761947e+01 8.820467738091555532e+01 7.991236624863266513e+01 6.590574093041772130e+01 4.602670132930074232e+01 6.590574093041820447e+01 8.343088757736585137e+01 7.551420818657801703e+01 5.583481612009095585e+01 4.490278246889385372e+01 5.837405607630862647e+01 7.818138699396597247e+01 8.804192753998353282e+01 6.504507362940002224e+01 4.818221890971373256e+01 3.762125072938339088e+01 3.198760860324959054e+01 2.797831403300261854e+01
1.288401122870938309e+02 1.125121833300976846e+02 9.251084910731607636e+01 8.100687259417588848e+01 7.267396309053758330e+01 9.051799612139247131e+01 9.051794647217506906e+01 9.455948842767493545e+01 7.475647234297963450e+01 8.055664146624057764e+01 7.916297358638301773e+01 7.043007425497283691e+01 6.196644367225926686e+01 4.278677166636890661e+01 6.196644758773825146e+01 7.718044502721244271e+01 8.546297294062016192e+01 9.252491072896771129e+01 7.837117304051608357e+01 9.252491072896771129e+01 8.834301814982781309e+01 6.876450772159233793e+01 5.482341353293796260e+01 4.344820893363741021e+01 5.487720611328149545e+01 7.495674437619096864e+01 7.368732099614359754e+01 5.411194231485715989e+01 4.060648819733860648e+01 5.411774833469157642e+01 7.380330822957608916e+01 7.383107594301810650e+01 7.096074021791926612e+01 6.378798829699317707e+01 4.615699891576979752e+01 2.633909825328666443e+01 4.530073917366123482e+01
1.185401365815870065e+02 1.102268451967142511e+02 1.009667140247717896e+02 8.100689298094542323e+01 6.696455196334035520e+01 7.060930595442653157e+01 8.870536558152657847e+01 8.684837473748005721e+01 8.055664146624057764e+01 6.093619411723226875e+01 6.899023708560527268e+01 5.319246302770052637e+01 6.082101469908981528e+01 4.162568398340164322e+01 6.082185290997387028e+01 7.207323119216836460e+01 8.030195349342548639e+01 8.421667877119294587e+01 6.444164016015545826e+01 7.279955490587524025e+01 8.105996352861603782e+01 7.709969863589748229e+01 5.541036156583362526e+01 4.086098446359387992e+01 5.722682513975681218e+01 6.560303783788104681e+01 7.170132835809462790e+01 5.599665644436902312e+01 3.656669697850036727e+01 5.585487837351201534e+01 7.132359029680286255e+01 7.096074021660228937e+01 5.296346196518612714e+01 5.898209240340964499e+01 5.021811023585348721e+01 2.521407756787543164e+01 3.309328328148533416e+01
1.043525742781344974e+02 9.024238858299204935e+01 9.758753647749061599e+01 9.513507566201923282e+01 8.056355356541767776e+01 6.078343264778043675e+01 7.511208279989259040e+01 6.699201802151890206e+01 7.055467813412738565e+01 6.840296166704563063e+01 5.057862673620113014e+01 4.421191138483342087e+01 4.234979679973968558e+01 4.043849995761038940e+01 5.830532123532764643e+01 5.260251602554401984e+01 7.207319037509155635e+01 8.352663963996249663e+01 7.279955490587524025e+01 5.324565787499942360e+01 6.405478630866127787e+01 6.799870940246688633e+01 6.906010045709447809e+01 5.749059613640246624e+01 3.721802006031595056e+01 5.754183091267440631e+01 6.348530765273945065e+01 4.410576337974808325e+01 3.260392990061740193e+01 4.407574619559704843e+01 6.296614324632422921e+01 5.804210161305233839e+01 5.898209097019863378e+01 4.094683819002774072e+01 4.967356913429044596e+01 4.334766250882480421e+01 2.367037260196255843e+01
1.026671705500838527e+02 9.691090630925327787e+01 7.764090803953145326e+01 8.692561679643618788e+01 8.322108728184969095e+01 7.515527762276825285e+01 5.554560528254196328e+01 5.323878952136760034e+01 5.107009726414117523e+01 4.899795059567938438e+01 4.697569536911863963e+01 6.343359998517630771e+01 6.154250884308051184e+01 5.829497593584409287e+01 3.896429431093797291e+01 5.694051396895726214e+01 6.507959954728434582e+01 6.384867261455006826e+01 6.384867263156904471e+01 6.405468109166501733e+01 4.473959766599352861e+01 4.370266695613000252e+01 6.170301351021596759e+01 5.308040728510115258e+01 3.489182047225491345e+01 5.400072584768025052e+01 6.412962725368372219e+01 4.834489621472700804e+01 2.902988300922638132e+01 4.758481786368971456e+01 4.759217200754482491e+01 3.782239901385702296e+01 4.367957594712304115e+01 4.343339619143068120e+01 3.121743645744881235e+01 3.913538110280551763e+01 2.264886176062024248e+01
8.272688629712000363e+01 7.696820680633287282e+01 7.182194493449703998e+01 6.701846048837073511e+01 6.338299439480345399e+01 6.001092847667453611e+01 7.517970112361228985e+01 6.186725306115022249e+01 6.068703055437921279e+01 6.840296166704565906e+01 6.629818848253384544e+01 6.053211964910521203e+01 7.206915363379413009e+01 5.260251234983655166e+01 5.694110972869810894e+01 3.746021015814701371e+01 5.557548750576661689e+01 5.485336810684592024e+01 4.441855137918440022e+01 5.341338583298055909e+01 5.269241240493068545e+01 3.719204041418137052e+01 5.188665477192474640e+01 3.196572559943982839e+01 4.942868788552866022e+01 4.368029630599150437e+01 5.374738539715966112e+01 4.599734920384316439e+01 2.568643073809235844e+01 3.833809415062786741e+01 3.597114140662890236e+01 2.325272140873321902e+01 2.262744303872631590e+01 2.200357713975607155e+01 4.120321188403399049e+01 3.176625438335527107e+01 2.164442858222556509e+01
1.026671705500838527e+02 9.691090630950073148e+01 9.176172343918203467e+01 7.849417354218510923e+01 7.738736608390780702e+01 7.394057474573303068e+01 8.805596215895828038e+01 7.169214171894141430e+01 8.042232571387543771e+01 8.042232571387543771e+01 8.021861791938235342e+01 8.021861791938235342e+01 8.028079388213711809e+01 7.207066299861946845e+01 6.506925899254233059e+01 5.557254769993033250e+01 3.592735897892678310e+01 3.511681267906364923e+01 3.430996023204818357e+01 3.350382649481682051e+01 3.268954554870376228e+01 3.186578056087547495e+01 4.603843688081353491e+01 3.084588537778445172e+01 2.915764632935842116e+01 4.591676946819159610e+01 4.691178478688824072e+01 2.661498589986011609e+01 4.539303126801235777e+01 2.477861414743140500e+01 2.414425764889032777e+01 4.337401065352035801e+01 4.172988664585698615e+01 2.734371988691782107e+01 2.112510955037618743e+01 2.050712073805794589e+01 2.061558980383690454e+01
1.116232346312331600e+02 1.034338413206845360e+02 1.067412420418515495e+02 9.844318247231022667e+01 9.733178041204425313e+01 9.390225507041465391e+01 9.986329707668289757e+01 9.158742699787570984e+01 9.986329707668289757e+01 1.003547364490982403e+02 1.001308117823447077e+02 8.848933938468353233e+01 6.872461316487434146e+01 5.500314979215080768e+01 5.707356515514133122e+01 3.761500380425291468e+01 5.352946786207198926e+01 4.397268093588358084e+01 5.413361809823599913e+01 4.771430870573611571e+01 4.766179033370173812e+01 4.980549896103436680e+01 3.074009605557840885e+01 3.006533728465419131e+01 4.849420687138427155e+01 2.820987482798861379e+01 2.754595152462107421e+01 4.657138322040736256e+01 3.414164125038288944e+01 4.858351185555270746e+01 5.052998554082072502e+01 5.172835111330499558e+01 3.655399413502475170e+01 4.549050440577065046e+01 3.541979875170245862e+01 3.990343769627514803e+01 1.963312782039891147e+01
9.630220061181665869e+01 8.457785119329579970e+01 9.848201571735339144e+01 1.066010330074825987e+02 1.086969575430492938e+02 1.003455725700908943e+02 1.003455725700900842e+02 1.030071924499578557e+02 1.087062801403466068e+02 9.540253386486965326e+01 8.709479250031870379e+01 8.908846296001918574e+01 7.235273505034780328e+01 5.288045032709563742e+01 3.926379059100028712e+01 5.707969245553435655e+01 6.442200711125180135e+01 5.689291882007709944e+01 6.255418635681070327e+01 6.736540509989359293e+01 6.850951367413759385e+01 5.394280306961180571e+01 3.341174845804374627e+01 5.376654309004851484e+01 5.495737114626513886e+01 3.633170339762611434e+01 3.315244488686700208e+01 5.317086505807382224e+01 5.478043447925522713e+01 4.459932900047340354e+01 6.496155632200407126e+01 5.989816796805269661e+01 4.296806664646075546e+01 5.947638473802036430e+01 5.682821705773326926e+01 4.884623198323300386e+01 3.902012025456981803e+01
7.752784927673191362e+01 7.363024516991916357e+01 7.959823596837910031e+01 9.557718727855902330e+01 1.003455725700908943e+02 8.028175810125728162e+01 8.028175810125728162e+01 8.328673882156951436e+01 8.906272596123697838e+01 8.709479250031870379e+01 6.723189882669775841e+01 7.304960568966319556e+01 6.120430873689770124e+01 5.965283022437881044e+01 4.040987700019270079e+01 5.393412468950914729e+01 7.325585434853357469e+01 7.610125710778096675e+01 8.210964254862389566e+01 8.046939428098427527e+01 6.920116526341146823e+01 5.644211108177711367e+01 3.608301960702363687e+01 5.644211276559236978e+01 6.301429463352870641e+01 4.565645493234477925e+01 5.319633947747273339e+01 4.186706627253010993e+01 6.161760765652990557e+01 5.381165085018493954e+01 7.327094821671175850e+01 6.765435215397702962e+01 5.252255485044735650e+01 6.765435215397702962e+01 6.475988959650852905e+01 4.716212512628280251e+01 2.716396550934651088e+01
9.630220061181665869e+01 8.757946039596549781e+01 6.847360650288577233e+01 8.356435073905551292e+01 9.123614704940261788e+01 8.615803074498411718e+01 6.621747794935345155e+01 6.929603049137057269e+01 7.656117006138502745e+01 8.466777267309153387e+01 7.301601643324966062e+01 5.358828408193288340e+01 6.120430872559737878e+01 4.201352589469001941e+01 5.965283022437878913e+01 4.789619824101492185e+01 6.723864991813113079e+01 8.426260504870661805e+01 8.655768905271158076e+01 7.240107747526083415e+01 5.234047215260000740e+01 4.081202807625177087e+01 4.015270100110708995e+01 6.041609031316372835e+01 7.251261568204671448e+01 5.868315831017969231e+01 6.818932877849805152e+01 4.847309416563463458e+01 6.818932877849805152e+01 6.551242180575565044e+01 8.227039251796377073e+01 7.809374807165671939e+01 7.004322318867504293e+01 6.798217077165163857e+01 4.814944155359992095e+01 3.665578623299025907e+01 4.716212512628278830e+01
1.030293978488497686e+02 8.637743856443769630e+01 8.061212257201417231e+01 6.391639527039792767e+01 7.837483864123643684e+01 7.866539167691607304e+01 5.931901331746372819e+01 7.115014415978575357e+01 5.688374757243679625e+01 6.806056054311382297e+01 6.969846189975518769e+01 5.407514204441517336e+01 4.358349397488850485e+01 5.548291240441038497e+01 6.935283624941160951e+01 6.723864991834810212e+01 5.641261281301036234e+01 7.599865341755756276e+01 7.814936931223353156e+01 5.746227784376666392e+01 4.575419308731346035e+01 6.109924062750101115e+01 4.420008829782857873e+01 6.457512770261351420e+01 7.941019284871531170e+01 7.808364766451197170e+01 7.641819645725139765e+01 5.827310684029443877e+01 7.641819645725139765e+01 8.555170471831040402e+01 9.383168213428834292e+01 8.965351806011439351e+01 8.134519367598984729e+01 7.621940362591750784e+01 6.475988959650852905e+01 4.814944155359992095e+01 5.238827839896438832e+01
9.358336139669637532e+01 8.651557911971403314e+01 8.130138456302238126e+01 7.724783584716324469e+01 5.963530511104591625e+01 7.135749906051239577e+01 5.318512689168376539e+01 5.151943242055663319e+01 4.980709634161348731e+01 4.815325691960825338e+01 4.660474730235359431e+01 4.515424443924301556e+01 5.344601725275793314e+01 7.035025728536666634e+01 8.316576484390084545e+01 8.426260504870670331e+01 6.506882863381028415e+01 8.426260504870671753e+01 8.471076000788100657e+01 6.405687854163456052e+01 4.946633278149820967e+01 7.010626036527499139e+01 6.457512770261351420e+01 5.028747560266635475e+01 6.490560449505640861e+01 8.555094800178461867e+01 8.631611224186116260e+01 7.809361294754586424e+01 8.631611224186116260e+01 8.802517201743269482e+01 8.582477824927205745e+01 7.807091973353416847e+01 6.128206226437833948e+01 7.807091973353416847e+01 7.621940362592415852e+01 6.798217077165163857e+01 7.229348561039918764e+01
8.430835047005965066e+01 6.745196975945151507e+01 6.449148559212405019e+01 7.554939247262848312e+01 5.754890712395265950e+01 5.553710437256292209e+01 7.282108367236688196e+01 7.122247704056077566e+01 6.965382276917237903e+01 6.606700030894879205e+01 4.734883796639774545e+01 5.852585293832595426e+01 6.728920733380685704e+01 7.198709028438392465e+01 9.251848639828658349e+01 9.314078856739909895e+01 7.900472316210495194e+01 9.316327854215208504e+01 8.891437308013820484e+01 6.832095887389144195e+01 5.354975130784313819e+01 7.435263024711778712e+01 7.651486157552469081e+01 5.570236966560005953e+01 6.717219574554044925e+01 8.777286582546183524e+01 9.685608471045384249e+01 8.862310067300705896e+01 8.802475152894761834e+01 6.795649592113767312e+01 6.576171826776263174e+01 6.976173935470912113e+01 4.986950537807076245e+01 6.976173935470912113e+01 7.585326735432836642e+01 6.756379010551989950e+01 6.625710824012924149e+01
7.195134696858374923e+01 8.715874861038125232e+01 8.068703157430279305e+01 6.044036801077758270e+01 7.785798334597578219e+01 7.620916890420640755e+01 8.412744530539301024e+01 8.010119801757628011e+01 6.903775463505625964e+01 4.989080598400539657e+01 6.606700030921429345e+01 5.182131082985151238e+01 7.095681477039246943e+01 8.074785289850056813e+01 8.074603540591071749e+01 1.007714343419350200e+02 9.895280606752193364e+01 9.913448489546154008e+01 7.881021502563662295e+01 6.677014466991292352e+01 5.889239476133604967e+01 7.973387810787912144e+01 8.251350053295436737e+01 6.173360563189388017e+01 8.251350053295436737e+01 9.612760778309223042e+01 8.862662219831599941e+01 6.853443467023117819e+01 7.442507973674288735e+01 6.924899281315963151e+01 5.173033899810770464e+01 6.014395246690828145e+01 4.300392676821079618e+01 6.272877242614699611e+01 6.756379004989604198e+01 4.759542610045160416e+01 5.344371410891751850e+01
9.357547919943876025e+01 9.765656315972918833e+01 8.391669990923607259e+01 6.350130408220267242e+01 8.391669990910185106e+01 9.406860941738089821e+01 7.431575283727903525e+01 6.045798398508586047e+01 5.269524049327545612e+01 6.903778053522648861e+01 7.725876157623282836e+01 7.095692278645149997e+01 5.689653518849028302e+01 6.109333032467019109e+01 8.074929647947848821e+01 8.828277900091424613e+01 1.084098716164543674e+02 1.074335738943466652e+02 9.574813656886200874e+01 8.547803708400130063e+01 6.476717736117612390e+01 8.547803708400130063e+01 8.937291311258296389e+01 6.879467537369730223e+01 8.937291311258296389e+01 9.574511650724755896e+01 7.566038680852889797e+01 6.140919490601134356e+01 5.437877745571461929e+01 4.935482674744578446e+01 4.481203468277045232e+01 4.047384466221644317e+01 3.680457061987593192e+01 5.208909167055612244e+01 6.030246853582666233e+01 5.342953579945044140e+01 3.345094254840819303e+01
