MOVIE_S13_data/elevation_000509.asc
nrows	150
cellsize	150.0
xllcorner	0
ncols	150
yllcorner	0
NODATA_value	-9999
[rows 17 to 33 of 150, columns 111 to 147 of 150]
7.084054360340847722e+01 7.302487506714078336e+01 9.300646336429247185e+01 9.687874682817579242e+01 7.682728469008237937e+01 7.682728469008236516e+01 6.666243597651735797e+01 5.834705092289121353e+01 5.554141788496799137e+01 4.942725987488826433e+01 2.941844748992909331e+01 4.356404083539601402e+01 6.357324587277952332e+01 7.791311422554998956e+01 6.960305248246079657e+01 7.230460149717207230e+01 5.398193875418688492e+01 5.663223247463659504e+01 7.666119326356631802e+01 8.490140732876763252e+01 8.490140732876763252e+01 9.318839754336417514e+01 9.765734034845172573e+01 9.358078148341327562e+01 8.529091603469458960e+01 9.358078148341327562e+01 8.104840832572620002e+01 6.535918459345391796e+01 4.535918346144323010e+01 4.535918346138460322e+01 4.019520566757374525e+01 5.433701958332546411e+01 5.046191339410947307e+01 4.737585313712423130e+01 4.725900878383323089e+01 3.897474110376349188e+01 3.420494695618778280e+01
9.081717965683913008e+01 9.300646336429247185e+01 9.474896069309649249e+01 8.472754821080157228e+01 7.641801194129148200e+01 5.680704940612075404e+01 5.840203969517595795e+01 3.837738051633930780e+01 3.551957846318184409e+01 3.274795079576750112e+01 3.306597700047273491e+01 5.303692206364409145e+01 6.342819933183906755e+01 7.170115651302825199e+01 8.168942508638977529e+01 8.232559850328942730e+01 6.813201905322766549e+01 7.078520291235552975e+01 8.498381437851895726e+01 8.868431738408801834e+01 8.048110525898225376e+01 7.785733196435293735e+01 7.785733196435295156e+01 8.428185794933388308e+01 9.272697663756871123e+01 9.377000298599175210e+01 8.552194868420650664e+01 7.364351913328869159e+01 6.535918459348202703e+01 6.535918445728040638e+01 6.019520937250851489e+01 6.324309338896425459e+01 5.429884181839209134e+01 4.601451583125585643e+01 3.968996003371957215e+01 3.414295781748343472e+01 2.914295766963323331e+01
8.393149496723292202e+01 9.227362851421572998e+01 8.643189808268439833e+01 6.640412579990339736e+01 5.640498632579964067e+01 4.932784392168892396e+01 4.264838970863947765e+01 5.840203969517595795e+01 5.554141788496799137e+01 3.733580301059834028e+01 5.303693439522609054e+01 3.851030275299694239e+01 4.351650351862024024e+01 5.350458070801639110e+01 6.756061812982700587e+01 8.749962240232402166e+01 8.818565716688672751e+01 9.084708886183268817e+01 9.448124302675498143e+01 7.468205832047910064e+01 6.065090886419677219e+01 5.802144373121895171e+01 6.997946526249720023e+01 6.405522023722379288e+01 8.428185794933388308e+01 8.235647910168600561e+01 6.581269339069372393e+01 7.464046851911133729e+01 6.646434208970917723e+01 7.464046867384499251e+01 6.910093154584690467e+01 4.910092234338551265e+01 3.495878670579323000e+01 2.601451479579375459e+01 1.968995947545688452e+01 1.414295751320449490e+01 9.142957513204452269e+00
6.406626306566835183e+01 8.393149496723292202e+01 9.474896069309649249e+01 8.472754821080157228e+01 6.811827516453952569e+01 4.810312238152869213e+01 5.680704940612075404e+01 7.097204040582576567e+01 6.207304788821851815e+01 4.205562182067738064e+01 6.207304788821851815e+01 5.846874558044954995e+01 4.794050791262619526e+01 5.293589578156080933e+01 6.183269452239120056e+01 7.328611869486431374e+01 9.326370701746654390e+01 9.237641407721768871e+01 8.246542070637210031e+01 7.426006140795740862e+01 6.764745304823804872e+01 4.812109484499071499e+01 4.997232715810010717e+01 6.996770693286509868e+01 7.214672071454194224e+01 7.414280483495197416e+01 5.464745167529223835e+01 6.288715744026730903e+01 4.713449110216035365e+01 6.090798165351841220e+01 6.904864335790981045e+01 6.324318915045565603e+01 5.429884181839209134e+01 4.601451583125585643e+01 3.968996003371957215e+01 3.414295781748343472e+01 2.914295766963323331e+01
6.150016131975248612e+01 8.133808584407205444e+01 9.989706157423114519e+01 8.987044624751227673e+01 7.212041761570608855e+01 5.210970535987286212e+01 7.212041761570608855e+01 8.513703140553077731e+01 6.723977091061568956e+01 4.722913869040520041e+01 6.723977091061568956e+01 7.489077517578054710e+01 5.499771582323732844e+01 6.699270469363685265e+01 8.111891879882767853e+01 9.003832107158430631e+01 1.015956311250889570e+02 8.417623122197667840e+01 6.434389159393816726e+01 5.442223632879927209e+01 4.783009018462580286e+01 4.184374922736877522e+01 4.247526000202482521e+01 6.239880485128953325e+01 5.221083146952108933e+01 6.631665753419167686e+01 6.288715744026730903e+01 4.363603056738729435e+01 3.761728805634331252e+01 4.165989491654681842e+01 5.482120218459486694e+01 6.292433307209978466e+01 6.465758774206095438e+01 5.311058235826984486e+01 4.482631111080823416e+01 3.726702165062382477e+01 3.094246633028753379e+01
7.730975099951503182e+01 8.967039589767497887e+01 9.157645936764103567e+01 7.153751081474369755e+01 6.153900253207028470e+01 5.765931287221195589e+01 7.180108811871849639e+01 9.184061926173059476e+01 7.301459054308718066e+01 5.301002852711339131e+01 7.301459054308718066e+01 8.318478098846611601e+01 6.493299251410881823e+01 8.318478098846611601e+01 9.524513290401861809e+01 9.346291790763208951e+01 9.932738820961053250e+01 9.237641407721768871e+01 8.246542070637210031e+01 7.426006140795740862e+01 6.567782134904160785e+01 4.578188364194937066e+01 3.576356507215496805e+01 5.102375341810756737e+01 3.805082373987517741e+01 5.563277561887155542e+01 6.390098933382188306e+01 6.288715744026730903e+01 4.979509359454547024e+01 3.058549267590661458e+01 3.559419499846242019e+01 5.176685092539518962e+01 5.637331649460034555e+01 3.637331649460105609e+01 2.482631111080894826e+01 1.726702165062453531e+01 1.094246633028788906e+01
8.562508847758705599e+01 9.944819353159761022e+01 9.989706157423114519e+01 8.987044624751227673e+01 7.568467745998864871e+01 6.472745364155369430e+01 7.767053089870763927e+01 9.772254527711604055e+01 7.968336988888316341e+01 5.967703185149521516e+01 7.968336988888316341e+01 9.316701556994576094e+01 8.484855783745237545e+01 9.316701556994576094e+01 8.760689471961502761e+01 7.345217913809105426e+01 7.931318882713699736e+01 8.495598125091044039e+01 9.325184381473157202e+01 8.564662264655062529e+01 6.567782134904160785e+01 5.514869328546527782e+01 4.105920297742353853e+01 3.085729262570579934e+01 2.770645747684865512e+01 3.552170597012015207e+01 5.231559682651442245e+01 6.276949401726907496e+01 5.733619139861298208e+01 3.808067391396340184e+01 2.437929055102054932e+01 3.855133291915954885e+01 4.659108851566067244e+01 4.419627062500439507e+01 4.482631111080823416e+01 3.726702165062382477e+01 3.094246633028753379e+01
9.362094364481542641e+01 7.954905374840723198e+01 9.362096816955032352e+01 1.040562150350359758e+02 9.306546817532790783e+01 7.887472259588322743e+01 7.887472259588322743e+01 9.893190361775721442e+01 8.799565593125204543e+01 6.966940841987056388e+01 8.799565593125204543e+01 1.003253255921860330e+02 9.202746380644890678e+01 9.324815000212126392e+01 7.931318882713699736e+01 5.931023281791823365e+01 6.862115909725019947e+01 6.494999159312143888e+01 7.782425310631779780e+01 8.611766876886579780e+01 8.336414814479444146e+01 6.925642071512982056e+01 5.928719843570178227e+01 4.260077696840738781e+01 4.402167602401714674e+01 2.352054698835944535e+01 3.430051937027334930e+01 4.853500669377118015e+01 5.641464674101259646e+01 5.176685092539467803e+01 3.855133291915954885e+01 1.904495488013212068e+01 3.374360470535378909e+01 2.477243574023991712e+01 3.684784590997396947e+01 3.285688160466072105e+01 3.458649642774280863e+01
7.393865068888864300e+01 6.556492202363679667e+01 8.537737681581572247e+01 9.670125856091803485e+01 1.049203319751074872e+02 9.893190361775721442e+01 9.893190361775721442e+01 1.072562137547725456e+02 9.801861351230708408e+01 8.969733135789567768e+01 9.801861351230708408e+01 9.202746380644890678e+01 7.201662323192668680e+01 7.787766273896137648e+01 6.494533909167134311e+01 6.862115909725019947e+01 4.863498982170815310e+01 6.368339524419253195e+01 5.782606013411004398e+01 7.782425310631779780e+01 9.233352242939831456e+01 8.406661899694171325e+01 7.079912609421306513e+01 6.252975322204112985e+01 5.231604018829050773e+01 3.430051937027334930e+01 1.982615365492853954e+01 3.663832222644771264e+01 3.649546831763229449e+01 4.210322926510487207e+01 4.630700607229862698e+01 3.374360470535378909e+01 1.407191301488304624e+01 1.068506331311935931e+01 2.537167248159488153e+01 1.014700712621112189e+01 2.218107572589477172e+01
5.417836263304540267e+01 7.393865061484144974e+01 8.264283155240784140e+01 7.681964044231706623e+01 9.670125856091803485e+01 1.093226942318024015e+02 1.009827398919655366e+02 1.036049516571519149e+02 1.119392600446236088e+02 1.074480013983745152e+02 9.914766740840155990e+01 9.202746380644890678e+01 7.201662323192668680e+01 5.787405495141598522e+01 5.081362854228046189e+01 6.228083376538095450e+01 4.310587739645587391e+01 4.370988272696560983e+01 6.332213319777984140e+01 7.160998197715193214e+01 8.406661899694171325e+01 6.406564788050911829e+01 6.992379669019597088e+01 7.819958515495379459e+01 6.276949401726907496e+01 4.853500669377118015e+01 3.663832222644771264e+01 1.659641567465879319e+01 3.649059319105325727e+01 2.358530272275179840e+01 2.876867797789590853e+01 2.771008013797151293e+01 2.665637388363879268e+01 2.544879656703954396e+01 6.098420893223179817e+00 2.965024120163838539e+00 2.004573478786513263e+00
5.034667649815251877e+01 5.631348865903207468e+01 6.286813879334288657e+01 7.681964044231706623e+01 9.670125856091803485e+01 9.770049998285750803e+01 8.085424863037788157e+01 8.346173992109117989e+01 1.036049516571519149e+02 9.914766740840155990e+01 7.913523577078682081e+01 8.499674128941200024e+01 7.896335947425635027e+01 7.361636166622504618e+01 6.228083376538095450e+01 4.231145623324067628e+01 3.889488857157706292e+01 3.557059955703186915e+01 4.334901227298006887e+01 6.007235330976079979e+01 7.227984754468204187e+01 6.992379669019597088e+01 4.992962488080532779e+01 5.992671078550065289e+01 5.674384931927868791e+01 4.845787779611836044e+01 3.425750281622912752e+01 1.439300176037828827e+01 2.983176487639833141e+01 9.612982613621399608e+00 8.549690630442778883e+00 7.496224872168162356e+00 6.450642166702239777e+00 5.422379336465098731e+00 4.401897073786917858e+00 2.314294405260368137e+01 2.141178703859660359e+01
7.010193959873839731e+01 7.605253478426674008e+01 8.264283156829395693e+01 8.357018092603114212e+01 8.537791293486023392e+01 8.925498421346154032e+01 6.941812934464115870e+01 8.936155004370692723e+01 1.016388512840000402e+02 9.914766740840155990e+01 7.913523577078682081e+01 6.498627759158740957e+01 5.895672562877165035e+01 5.361710734156868341e+01 4.877772916288170535e+01 6.228083376538095450e+01 5.885611377244229914e+01 5.179064647003739452e+01 3.182788706712124238e+01 4.531569246097391357e+01 6.296472930401710499e+01 5.926723409040459245e+01 5.098925793416653818e+01 3.994195828274521176e+01 4.845787775175825374e+01 2.844486561450952067e+01 3.256928951600325206e+01 1.238798947242507076e+01 1.114125949071149080e+01 2.982439726537883118e+01 2.876867817094298019e+01 2.770997641896952146e+01 1.322276496229380349e+01 1.711780211770092208e+01 2.561141007323299235e+01 3.333399937997544527e+01 2.752267749538022557e+01
6.357326147962938734e+01 7.554931335666864811e+01 7.706267847551534089e+01 6.305879559767771525e+01 6.621807291267624862e+01 7.629139259686041896e+01 6.351554137690440172e+01 7.334142290312681212e+01 9.331976637354827631e+01 1.050127877073686875e+02 8.499674128941200024e+01 8.499674128941200024e+01 7.896335947425635027e+01 7.361636166622504618e+01 6.876583001833381559e+01 7.414138055919183046e+01 6.584663878364951017e+01 4.932146664802925784e+01 2.934495244075762344e+01 3.969970571673521675e+01 4.152301687025082799e+01 5.098925773458552868e+01 3.100424599671940840e+01 4.564446555657070093e+01 3.736684014522352726e+01 3.430654097955865467e+01 1.416915369988737439e+01 3.256928951346982615e+01 3.134500543218171131e+01 2.025486451253748044e+01 4.031688479902690148e+01 4.046445185021722324e+01 2.040394075898943527e+01 3.722850111473423595e+01 4.551184843334963404e+01 4.265300883675260479e+01 3.421796231555636325e+01
5.535538880176834198e+01 5.579649783629225368e+01 6.428810704151771915e+01 4.900770005188454093e+01 5.237527490922566642e+01 5.658832997568601542e+01 6.639252834315580287e+01 8.622920188334008174e+01 1.016388512840000402e+02 9.944177670077587550e+01 8.942668385973530576e+01 8.112914186300469055e+01 7.404266516928939268e+01 7.924956074174821197e+01 7.564924233388242669e+01 6.584663878364951017e+01 4.583378237442521197e+01 5.169541223045884237e+01 4.587937255406690440e+01 2.588372330176417790e+01 2.419486031163778961e+01 4.183811900854193055e+01 2.565149008634136507e+01 3.736590954555304478e+01 1.730474793241268827e+01 1.600598314099402231e+01 2.030957439685458255e+01 4.018759091730137101e+01 4.859800834491903032e+01 4.031688671843973282e+01 3.186389808485526842e+01 4.873594416647163285e+01 3.046413550866742526e+01 4.873594806629043319e+01 4.625595148088463304e+01 2.555574496501654380e+01 1.378335804609467807e+01
3.910602710273419547e+01 4.174049335262865412e+01 4.447369060805644381e+01 6.421852898681713384e+01 7.207708754088859848e+01 6.164972010526101798e+01 8.142173392029172874e+01 8.622920188334008174e+01 1.062443504931198675e+02 9.114346727397185077e+01 7.111481645232541382e+01 6.108555892274868881e+01 5.399056321839654515e+01 5.920383554841895801e+01 5.560303327445606669e+01 5.803849335145433486e+01 5.169541230577437574e+01 3.169799198226897019e+01 2.927012985930081257e+01 4.587933061393755452e+01 4.183790205392105577e+01 2.182786031311522734e+01 2.046482836622812584e+01 1.914571186908040801e+01 3.014216257021369216e+01 3.609653251201817881e+01 4.018815581472593124e+01 3.031746935062744797e+01 5.007567257935153293e+01 6.014878853843477202e+01 4.186828108518684388e+01 5.872912909270092285e+01 5.046476834817417512e+01 5.872914559189332095e+01 5.473220340100661474e+01 4.282096412272377961e+01 3.430468167666732882e+01
5.898486454894290887e+01 6.159151305485952577e+01 6.428810704151771915e+01 5.296173682102000413e+01 7.270790607672364558e+01 8.142149986671090289e+01 7.300659245705460876e+01 8.705130064661445033e+01 1.070789791198325105e+02 9.944177670077587550e+01 8.942668385973530576e+01 7.924956079463768788e+01 5.920383554842489104e+01 4.502746281940179784e+01 4.143963922677794898e+01 3.801641086062943486e+01 3.534780713608445524e+01 5.169541230577437574e+01 4.926563730654638107e+01 4.519453276838933675e+01 2.519690453323323354e+01 4.183821083125987172e+01 4.048567115064366817e+01 3.918157031569788984e+01 2.973724017016008503e+01 4.962792468057758555e+01 5.833097973813116255e+01 4.020917134437162588e+01 5.833097973813116255e+01 7.014673005102615377e+01 6.185948663650785306e+01 7.014673005102615377e+01 6.346808270156943621e+01 5.192107731777733193e+01 4.363680607031572833e+01 3.656573825845037362e+01 3.053551136689556245e+01
4.560138122964905705e+01 6.543733920494534573e+01 8.094214861473668066e+01 7.270790765126206168e+01 6.349554128842939349e+01 8.328677357320728447e+01 8.705129944169442524e+01 1.012151083180140461e+02 1.050160777852108396e+02 9.500306845146255341e+01 8.670580282413126838e+01 7.216537907328192603e+01 5.211102035680333699e+01 6.460882933426786678e+01 4.450152934201905452e+01 5.803849335145433486e+01 4.948988633102398893e+01 6.365385270527166739e+01 6.173519228749068333e+01 4.174664763955246372e+01 2.761023369837062091e+01 4.760115714382320107e+01 5.984355442480092790e+01 5.799720808509047743e+01 4.118203582714876632e+01 5.799721094815223665e+01 6.832827521023260431e+01 5.997932551353078168e+01 6.817257359609840250e+01 6.877420059822784992e+01 6.051264858276653769e+01 6.578821849858016435e+01 5.518381145410783262e+01 3.518381145410854316e+01 2.363680607031643888e+01 1.656573825845108772e+01 1.053551136689591949e+01
