MOVIE_S13_data/elevation_000762.asc
nrows	150
cellsize	150.0
xllcorner	0
ncols	150
yllcorner	0
NODATA_value	-9999
[rows 102 to 118 of 150, columns 74 to 110 of 150]
5.225977927273852686e+01 4.556669065606406832e+01 3.975852191412320735e+01 4.995114978124009042e+01 3.181449412612988326e+01 4.485714966318664665e+01 5.686817457202608495e+01 5.748039039619364843e+01 6.227131961558799134e+01 7.675496153715513969e+01 6.835353846970927805e+01 6.434992312996895691e+01 4.455097255951669410e+01 6.434992312996895691e+01 7.008721744182464874e+01 6.186883621696862434e+01 6.412949465824830497e+01 4.759784241342925526e+01 6.740866907459519553e+01 6.643271632587634201e+01 7.898041482581332673e+01 7.749164105662467250e+01 7.404917569000259903e+01 8.556885644193326357e+01 1.054464981983124829e+02 1.072884663023809964e+02 8.735247225754157796e+01 7.728117721018759312e+01 7.008972225819462665e+01 6.480030863041326938e+01 7.846701192177280859e+01 7.512323020747113844e+01 7.185651396845682370e+01 5.191274406783693962e+01 5.767658799263577407e+01 6.388523372397124689e+01 7.070855747066944730e+01
7.214708299104012212e+01 6.551617829713914887e+01 4.976104071068782986e+01 5.951918122219698404e+01 5.065136541005466597e+01 3.075400763124492443e+01 3.734735524418546504e+01 4.597422994845990019e+01 6.578391651583888233e+01 6.831279221866269324e+01 4.777477375666612858e+01 5.350107851928327563e+01 3.983398611608667750e+01 5.691160408528219250e+01 5.872794457898817910e+01 4.200428537891034608e+01 4.429163760814039819e+01 6.412955666733242310e+01 7.562850215225827810e+01 8.632367090827651168e+01 9.453725174456370439e+01 9.739750968180554480e+01 8.815353305014419050e+01 1.021719173482086944e+02 1.136263350070637870e+02 1.155412871639667429e+02 1.055750360769938965e+02 8.657067369115102906e+01 8.438325834729521091e+01 7.916402537431252995e+01 9.328166590824946525e+01 8.101829485518618412e+01 6.071437327645444526e+01 7.236096377498722632e+01 5.618462729376590659e+01 7.656495740326302268e+01 9.084963845441872365e+01
8.596181111512279927e+01 7.778571552043673876e+01 6.377646165033938530e+01 6.149714382481394637e+01 4.153540624700679018e+01 3.001124990941908877e+01 4.885869790555754122e+01 4.684822855637679595e+01 6.352524668232434379e+01 5.943056156130193557e+01 5.090378403402181107e+01 3.358681625841833096e+01 3.523517675148384853e+01 3.701898625010391441e+01 3.882798247724481655e+01 4.238431598705311387e+01 6.227814212631966484e+01 7.234772230161131290e+01 8.566208602716970688e+01 9.967390747403084106e+01 9.730053272953327337e+01 1.054862167408151805e+02 1.080126590238745479e+02 1.095158159011378700e+02 1.012230766452293551e+02 1.095158159011378700e+02 1.147994806662920695e+02 1.065421595140363706e+02 1.043640940252836771e+02 9.920771471728660629e+01 9.109044621929119501e+01 7.094672135123792600e+01 8.101903554640546190e+01 7.959528765667796790e+01 5.926721700381380487e+01 7.370468683045486102e+01 9.381645606187210262e+01
6.608775059036899790e+01 8.273183830956911322e+01 8.357825417542701985e+01 6.987089230717623423e+01 5.602600222177751732e+01 3.646755611698119992e+01 2.896393349065330014e+01 4.784092974524402564e+01 5.605390374815451082e+01 4.899863955430330265e+01 3.130512440554788256e+01 5.118580293173972251e+01 5.150971967793069695e+01 5.691160408518378944e+01 4.535579271642772881e+01 6.208658059632429627e+01 4.766960704708609597e+01 5.763102825218448544e+01 7.165026458030854428e+01 8.474942107667786217e+01 7.745548273448146404e+01 9.150168149862606981e+01 1.113001980173731056e+02 9.953028286546422976e+01 8.127246340798940594e+01 9.953028286546422976e+01 1.149416763619848894e+02 1.086449774122428096e+02 1.169219006203722273e+02 1.037387870744538958e+02 8.374072374196714463e+01 9.109114567745292845e+01 9.695047041472622595e+01 7.688393055690859512e+01 6.248929592172574843e+01 8.276123274221323811e+01 9.504332664731256841e+01
5.466205439983918524e+01 7.448751692126528212e+01 8.228706691753603764e+01 6.235480297934436322e+01 4.869473234565578679e+01 4.738049376530865686e+01 4.783861747773575956e+01 2.792559399325862302e+01 4.680650115097213870e+01 2.908387034943238802e+01 4.899863965086296247e+01 4.617814776333637639e+01 6.538687767251262528e+01 5.561673111134631853e+01 6.531493780571227603e+01 7.314802524170167430e+01 5.833782078889863953e+01 5.398798391358116788e+01 5.895073593549723512e+01 6.491570206663371323e+01 7.893837939378578028e+01 9.877851671903142972e+01 1.041600453257493939e+02 8.420760062139841295e+01 7.133516391810235291e+01 9.124777002660937342e+01 9.495942057098464772e+01 8.866158192473584165e+01 1.053846738249626753e+02 1.120034660339794073e+02 9.790305829018186046e+01 1.063617522424633819e+02 8.639704246969428425e+01 7.212737310241391242e+01 6.896983773303919918e+01 6.931432689717058793e+01 7.542449241204344901e+01
6.389036145133618305e+01 6.689947744513729333e+01 7.513337822567235946e+01 7.645418178547365073e+01 6.792560547847163832e+01 6.448865039029188040e+01 5.605373361067509563e+01 4.680651272372350036e+01 2.688906527652502021e+01 4.559541073627163144e+01 5.662034084492288599e+01 6.693107940012184542e+01 7.518885829847418734e+01 6.787719554307746250e+01 6.859163540492019706e+01 8.588313354492984786e+01 7.297581786226328404e+01 6.543307569738145446e+01 7.876932978998189583e+01 7.512994055618339928e+01 8.474942107667786217e+01 1.045688300442737813e+02 9.830462167340382962e+01 7.836842331259872196e+01 6.433972561725649086e+01 7.504240265426942358e+01 8.558261422830788945e+01 7.714576935853364148e+01 9.710755864820794159e+01 1.098483781498116656e+02 1.178276179015715854e+02 1.048759010176741100e+02 8.490401398343372819e+01 9.224457057771704172e+01 7.575151836932438698e+01 8.912802555798039350e+01 8.194710472572150195e+01
5.069507651319287334e+01 4.705321335339404953e+01 6.234696662405345080e+01 7.057947066261361613e+01 7.088179533544095534e+01 5.162665512519079414e+01 5.162665171469915748e+01 4.522491335216243158e+01 2.622580306028986286e+01 4.614611719130636658e+01 4.817861531044688661e+01 6.213050946970736987e+01 8.185788631932950921e+01 8.613871712216678134e+01 8.626805935421418781e+01 9.416640312651226452e+01 9.298853619892393851e+01 8.526416754004910104e+01 9.346276236137866533e+01 9.496275485576364872e+01 1.031519947839478846e+02 9.294243370499906121e+01 8.014743233533005196e+01 7.189429932129165479e+01 5.886342329925246730e+01 7.854711999776687037e+01 6.568323151065024490e+01 7.268615882327638644e+01 8.159180831249777555e+01 9.571657346857924153e+01 1.157041321188884950e+02 1.131292706307845464e+02 9.904618278998174219e+01 1.035538516768651363e+02 8.293307913353162064e+01 1.035538516766977608e+02 9.576803107116447222e+01
3.079233313566207286e+01 4.830745999319480433e+01 4.249228641545675345e+01 6.234696233042588176e+01 6.512731191763532479e+01 4.603449936088323824e+01 3.273864201168499477e+01 2.530001861807216557e+01 4.077472737447471474e+01 3.198543541937756629e+01 5.185692069577967089e+01 6.342764059192673898e+01 6.915369606501975852e+01 7.577663058981862321e+01 8.399251720289396417e+01 9.392697090871604360e+01 9.932337572782704171e+01 9.010541004181520464e+01 8.182941366088586221e+01 9.010541004181520464e+01 9.316143590474739256e+01 8.447301438316272026e+01 6.488566873139097879e+01 5.207563969348563404e+01 7.189370855479995726e+01 5.871558450275637853e+01 7.854711999776687037e+01 9.263591989769396662e+01 1.009128661948591485e+02 1.098483781498116656e+02 1.171019239311408171e+02 1.192910050703521989e+02 1.189500858277823596e+02 1.120255790306092223e+02 9.482499012978072983e+01 1.120255790306092223e+02 1.152858274863117742e+02
4.830755377201025169e+01 2.839840146415111377e+01 4.598506849371615601e+01 5.421389011795653090e+01 6.598850626246934326e+01 5.965831829918961660e+01 4.457687890354557680e+01 2.464999428293802808e+01 4.457425650068896772e+01 5.185671729533361685e+01 3.862910396712147332e+01 4.360039446465813739e+01 4.931805805230978734e+01 5.590782701542202204e+01 6.582809257763328503e+01 8.572516860200389033e+01 8.522308493429055432e+01 7.112279414075405271e+01 6.196269548004060823e+01 8.015545788800112348e+01 7.324147515956437360e+01 7.297194127235670180e+01 5.985466764515317095e+01 4.801715522080525744e+01 5.233304029177481453e+01 7.211292025535529149e+01 7.893338301890037201e+01 8.262473427477574717e+01 8.262473427477576138e+01 1.025978348841830865e+02 9.710617405190964746e+01 9.929311180890918820e+01 1.192910050703521989e+02 1.238922300272568435e+02 1.154776982962995646e+02 1.163342221628043092e+02 1.080348933937328866e+02
5.653507310351241699e+01 4.598516676701844119e+01 2.607154411150127160e+01 3.788818857191434830e+01 5.193834732024274814e+01 5.124198898671206592e+01 4.301989098210174234e+01 2.400383152192539882e+01 4.392945411346384788e+01 6.140241275867229831e+01 5.847082906010827230e+01 5.761074574420078420e+01 6.915369606501975852e+01 7.577663058981862321e+01 8.399251720289396417e+01 9.392697090871604360e+01 7.695588815006217942e+01 5.711761259156686776e+01 5.208733158713366151e+01 7.189605457046322101e+01 7.004199533549414980e+01 5.342811781240048674e+01 4.496221051305082739e+01 6.475236955427997998e+01 5.249509075748593290e+01 5.573099928979249285e+01 5.909821380946785041e+01 6.274617628546697290e+01 8.262473427477574717e+01 9.296784618444648629e+01 8.297289877226675969e+01 9.710617405190964746e+01 1.171019239311408171e+02 1.220184287030571966e+02 1.137164127789823027e+02 1.047828528444417202e+02 8.803926150237484194e+01
6.584634636436130961e+01 4.598516676701844119e+01 4.370826626326000763e+01 2.379462764532653907e+01 4.147590333910456195e+01 4.211302694785401002e+01 2.309895123661021543e+01 2.821644476891519204e+01 3.300985980153055976e+01 4.733235154678281020e+01 6.728900847049128231e+01 7.747086702418309301e+01 7.972655697827325127e+01 7.146488809263976805e+01 7.146488809263976805e+01 9.138270231881008954e+01 7.844256707821598695e+01 5.859617856234113020e+01 4.459444070555195339e+01 5.717388119778161837e+01 5.906668643401268781e+01 4.198133995205456870e+01 6.180222796162906462e+01 7.299712063829346675e+01 7.227994160523152800e+01 6.969860406505850392e+01 7.050907353646958597e+01 8.262473427477574717e+01 6.856818060973694173e+01 7.300178245657113507e+01 8.451889960083289566e+01 9.865236737803859057e+01 1.186492607802459531e+02 1.137164127789823027e+02 9.370659520984071378e+01 9.649040993864052496e+01 7.652494323219028161e+01
5.814518932970135268e+01 5.887465060115992799e+01 4.797630384385649904e+01 3.706520144933070782e+01 2.155048279578154791e+01 2.219598836505708306e+01 4.211302669852360481e+01 4.969849480147701115e+01 5.316022274826146088e+01 4.733235154678281731e+01 6.728900847049128231e+01 8.231800145598063523e+01 7.084170167276721486e+01 5.163017754645947122e+01 6.517713791793534028e+01 7.342849786439661841e+01 7.444375738770114026e+01 6.290641076224808614e+01 5.467471436031942034e+01 3.730353540155594061e+01 3.921477132298273460e+01 5.906668643401268781e+01 5.133555332534147198e+01 6.531275543181546084e+01 8.519615809652889027e+01 8.961398111158617041e+01 8.458899020054840889e+01 9.678601600469376365e+01 8.850325987845430120e+01 9.296662497099701739e+01 8.451889956814115124e+01 9.605857045565036856e+01 1.160530867461958877e+02 1.137164127789823027e+02 9.370659520984071378e+01 7.959352084402578953e+01 7.206451936023623261e+01
3.826933209253761703e+01 3.898886315417770021e+01 4.063716940119385868e+01 2.069184217224013622e+01 3.979482059685401651e+01 3.563579844675493291e+01 3.601621995095314333e+01 4.990195257744647961e+01 6.980636633198020036e+01 6.728900847049128231e+01 7.549383479531088881e+01 7.405222833831422236e+01 5.420692285189460335e+01 4.275293712380680944e+01 4.533470365737834129e+01 6.195925432082278661e+01 6.616195058706993848e+01 4.630013905024832610e+01 3.479063418977159472e+01 5.468030166872534181e+01 5.906668629161012518e+01 6.730356189921930365e+01 7.113646923924736143e+01 6.383142816839637845e+01 7.786276140134938828e+01 9.781516807408857517e+01 1.045696971776599327e+02 9.998796804545430916e+01 9.150772687481929779e+01 9.998420132036262942e+01 1.045092369535235974e+02 1.127979234954948566e+02 1.243463688178487700e+02 1.154370440986601523e+02 9.542283941392047097e+01 8.389627397450524882e+01 7.393055379641987201e+01
2.673894213911787077e+01 2.487712009946776348e+01 2.311151885154167829e+01 2.222894558518097696e+01 1.987711961894706647e+01 3.196649477731505584e+01 4.948511639418246233e+01 6.395443049219604603e+01 5.940052939350695738e+01 5.940052939350696448e+01 7.926387863450197813e+01 7.340994381156461657e+01 6.520009272686338875e+01 5.372110315622531118e+01 3.383449605358484291e+01 5.372110315524177082e+01 6.647553129781243797e+01 4.711054992330747382e+01 3.306351004350126743e+01 5.275728758859523992e+01 6.323621792383777063e+01 7.185894283838131003e+01 8.089600096929120809e+01 8.370668601480296900e+01 9.198658546871105557e+01 9.491474665168576053e+01 9.390548516454454386e+01 8.545648410127348882e+01 7.136157291360494526e+01 8.813094898402252397e+01 9.577272151684447010e+01 1.042709679901664401e+02 1.160853690005483543e+02 1.237397252729907535e+02 1.080278129262848381e+02 8.803259085084073376e+01 9.388905580540733808e+01
4.667031348881956632e+01 3.898880980724966605e+01 4.299193525936648541e+01 3.924610088675982666e+01 1.931526941982134105e+01 3.845515084402305206e+01 4.277111817192638910e+01 4.875119073347594423e+01 3.968868683489167637e+01 5.358319423333799847e+01 7.344481883405683220e+01 6.520009272686338875e+01 4.536068935431515570e+01 4.889635380243805685e+01 2.898577868510460576e+01 4.586238881268530321e+01 4.731640097876747575e+01 4.897764890942436011e+01 3.136308868823057239e+01 3.713542361154014060e+01 4.344733500632720791e+01 5.231832577857485944e+01 6.638137126498484974e+01 8.674745523754698695e+01 8.905656311184097262e+01 7.471588292837624579e+01 8.227254007519114509e+01 6.541070548981328159e+01 6.145520166732407574e+01 6.804175790365155763e+01 7.555449181927350821e+01 8.714611490849053155e+01 1.075568852923105538e+02 1.253750651427764780e+02 1.163270254463272835e+02 1.080278129262848381e+02 1.041804657738077680e+02
5.761652691207162746e+01 5.886947531911645370e+01 4.594995612670869178e+01 3.191192311409904647e+01 3.024230082392582020e+01 1.852664254213496164e+01 2.404579864041114945e+01 2.973838975814207686e+01 4.886410634831155164e+01 6.763103725358209317e+01 6.258511276867749729e+01 5.434144109751408536e+01 5.049788377854446964e+01 3.127721432773823551e+01 2.438893942700831019e+01 2.593655152160896904e+01 2.749543438157451192e+01 2.906508912437044145e+01 4.058284547651594210e+01 5.703894341768026521e+01 6.338847252786965925e+01 7.185894833284849881e+01 8.089600096929120809e+01 8.692257311004442499e+01 7.901591198770935875e+01 6.065731312223349647e+01 6.826101133849395808e+01 5.400617313486458926e+01 6.282602618527187843e+01 7.429293439751330652e+01 9.448798552916478855e+01 1.042709679901664401e+02 1.150531991164051675e+02 1.047313330906067677e+02 1.193107032155897826e+02 1.168388182329199907e+02 9.682420563492587462e+01
6.121229790325114806e+01 7.405404635191823104e+01 6.000230101291602836e+01 5.156210338802141990e+01 3.789934934853594228e+01 1.797191216481409626e+01 3.711764102968989221e+01 4.236483366851103227e+01 5.079114001488350993e+01 6.254294058360552100e+01 5.434144109751408536e+01 3.444287013699167943e+01 4.027102663540695460e+01 2.230563571605307871e+01 4.227836066377108182e+01 4.004073738766780366e+01 4.741299338821902865e+01 3.904550527939066029e+01 4.894714946500618424e+01 6.040399797453191155e+01 8.014784434646736599e+01 8.038882942683375177e+01 8.110500693600933175e+01 6.684259452630170983e+01 7.064465313145214509e+01 5.078081126946016610e+01 4.841515350629608605e+01 6.826101133849395808e+01 8.227254007519114509e+01 9.126607233432051203e+01 1.029758053774926054e+02 1.090588269159578942e+02 9.453675209821844305e+01 9.031401838846041130e+01 1.005458803042959062e+02 1.211007459442328695e+02 1.109831969543538008e+02
