MOVIE_S13_data/elevation_000005.asc
nrows	150
cellsize	150.0
xllcorner	0
ncols	150
yllcorner	0
NODATA_value	-9999
[rows 68 to 84 of 150, columns 37 to 73 of 150]
8.887632995462324459e+01 1.004141037663715110e+02 9.746168190851977897e+01 8.633732608370996786e+01 7.772770588781871481e+01 6.076263237835688358e+01 4.067796496484400137e+01 6.054092817634609958e+01 6.311750548659106386e+01 8.369832311156807236e+01 8.444984466749666296e+01 6.589860465674475165e+01 7.795749489619238659e+01 9.459765079957051626e+01 8.925320989080859135e+01 9.006206187555376630e+01 8.942284177293862513e+01 7.036143758154638306e+01 8.388164656522064888e+01 1.028004704162046608e+02 9.384940901290822524e+01 7.395313743643205839e+01 6.199032777682972295e+01 6.852556726779535268e+01 4.753586010019891006e+01 6.019507496719855766e+01 7.084754427840897506e+01 7.968601655238897763e+01 8.802990948441167518e+01 9.875161184645101287e+01 9.801972911586707937e+01 1.061973671132523549e+02 1.117178744616609976e+02 1.035948868944309567e+02 1.021157666995339781e+02 8.558511088932525013e+01 9.156154413889147747e+01
7.215295260447901171e+01 9.217953460590830161e+01 8.866614462955307374e+01 6.742694635288407312e+01 5.721272755057606219e+01 5.008689406438467273e+01 5.225756832256031004e+01 4.285731490287565748e+01 5.771238913401333548e+01 8.023807322032979528e+01 9.459569590633260816e+01 8.617834063273627976e+01 9.459569590633260816e+01 1.097745922925214472e+02 1.070620402260112769e+02 9.658200691655559922e+01 7.791110424674207025e+01 8.942284177910002541e+01 9.730065786897998237e+01 9.744120976591116801e+01 7.760547085951547785e+01 7.760016549542295650e+01 7.060005691151863516e+01 5.014626843791929645e+01 4.856035621170871508e+01 6.805908958206683224e+01 5.837224787537353166e+01 6.158654525105339417e+01 7.878987248882279459e+01 8.405332033060514618e+01 7.826824439413512380e+01 9.801972911586707937e+01 1.062145266568371937e+02 1.143930565213862423e+02 1.135202322312927805e+02 1.053822601914737618e+02 1.112617845056074799e+02
8.187124363131945870e+01 9.354198866268143320e+01 9.760706974619691323e+01 8.633625491830021303e+01 7.639669906705968572e+01 5.681475208269534249e+01 6.458837043748229689e+01 4.442635923918604846e+01 6.306512163792902470e+01 7.589011571938993939e+01 8.206574743151443840e+01 8.947322050108606106e+01 9.891642541121048282e+01 1.152728073615002842e+02 1.048587226835488480e+02 8.674201363825403632e+01 9.658200691655559922e+01 1.043539412314261909e+02 9.761395020444055604e+01 8.946207484171716828e+01 7.760552975071502146e+01 5.697740120705520184e+01 5.377023097848386612e+01 7.059950584361571657e+01 6.841703759176081689e+01 5.000993343693820492e+01 5.105054676054400176e+01 5.209261560124456025e+01 7.199027272316416770e+01 6.422590004794432161e+01 8.404959829178405073e+01 9.223491153025469202e+01 8.644436534806825989e+01 1.062145266568371937e+02 1.016227592986214319e+02 1.098111337395704368e+02 1.049504049815555788e+02
6.495461841772763023e+01 8.521591184601078339e+01 9.970845333635246277e+01 8.130571326144999489e+01 6.791114766569269534e+01 6.719020833259030212e+01 4.686405650633661679e+01 6.465974309047993529e+01 5.063727876423768492e+01 5.529454306346529080e+01 6.096815173027572143e+01 6.729969132624792394e+01 8.077348607694844418e+01 1.058517783404056019e+02 1.008847970220071630e+02 9.722370437540448052e+01 1.124857035195134500e+02 1.033983416644022668e+02 8.368948411491086858e+01 6.958840701794382255e+01 6.180679423111057957e+01 7.760552975071502146e+01 6.878675569499452536e+01 8.287271941942704245e+01 7.547425272524105822e+01 5.555250619389062905e+01 7.072161788273099603e+01 7.197631182618108880e+01 5.358080822900800655e+01 7.243789684255789041e+01 8.147866237439561132e+01 7.237252278041695774e+01 9.223491153025469202e+01 9.839970988348028413e+01 8.185896805352639660e+01 9.349452447868257821e+01 8.513041554480157913e+01
7.488036957167417995e+01 8.324686201844203026e+01 1.012159170857626549e+02 8.495460884632315413e+01 8.683743397843716139e+01 6.901740958448553442e+01 4.867066551662919238e+01 6.901740958448553442e+01 7.114263463038348334e+01 7.602943563136368255e+01 7.220799807052627273e+01 8.629951045215747740e+01 8.449069210145523812e+01 1.097847390624843342e+02 1.124946305947998582e+02 1.151607556590441561e+02 1.228908152023106624e+02 1.091457512713993907e+02 8.946207484171716828e+01 8.532244170233325065e+01 6.537797147803468079e+01 8.532244170233325065e+01 8.883331114213427782e+01 8.609041821220894519e+01 6.623276802476024727e+01 6.737927026206556036e+01 8.228418878904776079e+01 8.156324433201551471e+01 7.346968194958778042e+01 5.509462350455429203e+01 6.172906579992802989e+01 8.067437486757353327e+01 8.323314217941862125e+01 8.586927478301373640e+01 7.054796122928979685e+01 7.379896513331338781e+01 9.349452447868257821e+01
5.442900818232524784e+01 7.041086703798710289e+01 9.256850912475960058e+01 1.025416432518121326e+02 8.521030061759221041e+01 6.492669703648792279e+01 5.051533386086799027e+01 6.071615838938894427e+01 7.246233183243616338e+01 9.270779510298036996e+01 9.303296929899715906e+01 1.015890733347491448e+02 1.091493379186080261e+02 1.211373386953167710e+02 1.292431953246814089e+02 1.220393376669432683e+02 1.120772975827101448e+02 1.038431359349882968e+02 9.053600471398283389e+01 7.068824366871557174e+01 8.532244170233325065e+01 8.532244170233325065e+01 9.999245642513021437e+01 8.033200543978799146e+01 8.609041821220894519e+01 8.824519046253087140e+01 9.473960276446753426e+01 8.572833174436921411e+01 7.617651270028208899e+01 5.631156359241453657e+01 5.849004918196539649e+01 6.101015578766625680e+01 6.358275755402815577e+01 6.621680895078118567e+01 8.586927478301373640e+01 9.349452447868257821e+01 7.919903833349006561e+01
7.160349363309506998e+01 6.434129058026475434e+01 7.859275147580426335e+01 9.876934478350223401e+01 8.448492689646322162e+01 6.419929377004606863e+01 5.242867507056005394e+01 7.277306603509745742e+01 8.394539795914445790e+01 1.010734723771765573e+02 9.672966849871319539e+01 1.050961084183855405e+02 1.193739573571988331e+02 1.286578619250993825e+02 1.278119671961091939e+02 1.079231332122141822e+02 9.400705090318855639e+01 8.412062429870680091e+01 7.659053898015150708e+01 8.220117335811232806e+01 9.869041039614864985e+01 1.050430668082115346e+02 1.080619760251531716e+02 9.999245642513021437e+01 9.934268036457413587e+01 9.112325407553242940e+01 8.647948018003161508e+01 7.557608284845177593e+01 5.803703985385671871e+01 7.617651270016968112e+01 6.654167431969467827e+01 8.067437486757353327e+01 8.323314217941862125e+01 7.742356137923214021e+01 7.544411603631296259e+01 9.506337395137290969e+01 9.897882060340862154e+01
7.393638023545682358e+01 8.450233883438590965e+01 7.859275147580426335e+01 9.876934478350223401e+01 9.285256673673991656e+01 7.277301093388666686e+01 7.277306603509745742e+01 5.524121583710979877e+01 7.556473259049442959e+01 8.393686025879532053e+01 7.650246269462928694e+01 9.081828739137543494e+01 9.985047731552349148e+01 1.198831400150262141e+02 1.320850585252223937e+02 1.207458873213700485e+02 1.038141665978048707e+02 8.412058758799497582e+01 9.637069936633372436e+01 1.019215960823608356e+02 1.100663012019537632e+02 1.192432377827301337e+02 1.150288680816616704e+02 9.522515467545429146e+01 8.124952591002652014e+01 7.139144181315052151e+01 7.384482590005691804e+01 5.977712850722365090e+01 7.789002883216069506e+01 7.425518641591020241e+01 8.618033705573908776e+01 8.043169679847441955e+01 9.988259273271262373e+01 9.108526285382552601e+01 9.506322805520450459e+01 8.677076914153074938e+01 1.063912827851622467e+02
7.631590902349662997e+01 8.852342344182166300e+01 9.876934478350223401e+01 1.070650535844954021e+02 1.013936729657464184e+02 8.640398794135634830e+01 6.612559801601484821e+01 7.556473259049442959e+01 5.820291371883461551e+01 6.363756181832838621e+01 7.133580997893119502e+01 7.964472987610869836e+01 9.131693104519878545e+01 1.114838109627543474e+02 1.239017007059188842e+02 1.043078669623078696e+02 9.296756768962085005e+01 1.038141665978048707e+02 1.119618343038474251e+02 1.209363671671584655e+02 1.127766155087605568e+02 9.955599869795513257e+01 1.134845547241887687e+02 1.092381551197187548e+02 9.927606863710815333e+01 8.138340988806217524e+01 6.152611992726726697e+01 7.962650954205588505e+01 8.781710415352907262e+01 9.406327488989421681e+01 1.022431511647730957e+02 9.993740255522332916e+01 1.065073057863069437e+02 1.114425625673797242e+02 1.145246103615091471e+02 1.063912827851622467e+02 1.063912827851622467e+02
5.988219897695977068e+01 8.018787929100231793e+01 9.260822616777105054e+01 1.042421394886969921e+02 9.919007592673463591e+01 7.897349572818004049e+01 8.509655107754548453e+01 6.480217176669394519e+01 7.851142000201980409e+01 6.191471601465730856e+01 8.221818482594574107e+01 8.231295293074910546e+01 9.660643891774954284e+01 1.167873438274532845e+02 1.215507392041802461e+02 1.207458327540952183e+02 1.043078669766260447e+02 1.207458873216304482e+02 1.266690636920930757e+02 1.070221750566587957e+02 9.305423809490855547e+01 8.554240341572312900e+01 9.688809939286390716e+01 9.421679416688022002e+01 9.648812432844029274e+01 7.684347956213645148e+01 6.278459411594732131e+01 8.264931684847749693e+01 8.639001977047267644e+01 9.456045347427838976e+01 1.025202238112864563e+02 1.106783873374878340e+02 1.096966406380249026e+02 1.015381965442026200e+02 1.053408072494705010e+02 1.093644662486510555e+02 1.175170381627925451e+02
8.018787929100231793e+01 6.400636635420700316e+01 7.574498814065896113e+01 9.594962681984333130e+01 1.075553529042483802e+02 9.327692012276632738e+01 9.001410433201206729e+01 6.974114973558262420e+01 9.001340393663140560e+01 8.221818482628715685e+01 6.572167447313168509e+01 8.602051771220257592e+01 9.556447267620600883e+01 1.013835124795882621e+02 1.013836924546125005e+02 1.175557767986562823e+02 1.239017865331779262e+02 1.320864438363085185e+02 1.324420594409706666e+02 1.127766155087605426e+02 1.094812555481077680e+02 9.688809939286390716e+01 7.707690472091175593e+01 7.439221680817712468e+01 9.050331624182857126e+01 8.481912011160252973e+01 6.503253063869807704e+01 6.495667658827804303e+01 6.650903555158201641e+01 8.639084995794223687e+01 8.280297760101470317e+01 9.371872395532682276e+01 9.642521286173580108e+01 8.173569589257812140e+01 8.558186242068259730e+01 8.965264335475113455e+01 1.093644662486510555e+02
8.733857840334705713e+01 6.707882731470621707e+01 8.733857840334873401e+01 1.004069482998179694e+02 1.104598779117804241e+02 1.134656968651000142e+02 9.542027235265049967e+01 7.519212401674282376e+01 9.542027235265049967e+01 8.231295293087059406e+01 8.602051771220257592e+01 6.988157778320450575e+01 7.534110526232032612e+01 8.122462620434055225e+01 8.887245351613404409e+01 1.005176021711318555e+02 1.208745092693072252e+02 1.321313464102566684e+02 1.207774627804810024e+02 1.126216840473631891e+02 1.013164531959862558e+02 8.151189110311597119e+01 9.688809939286362294e+01 9.050335840780114438e+01 7.065548816548056266e+01 6.829217003084882265e+01 8.482057935578963281e+01 7.903874482072568242e+01 8.639084995794230792e+01 6.875056566270518488e+01 7.126898975266747982e+01 7.388619032296506361e+01 7.655496480979290652e+01 9.642521286173580108e+01 1.053408072494705010e+02 1.093644662486510555e+02 9.610547612441308729e+01
8.143252526034396510e+01 8.733857840334705713e+01 7.187401567236580036e+01 8.202589911420589885e+01 9.631725575236794157e+01 1.163635599967331444e+02 1.015024489543534543e+02 8.133000107222851227e+01 1.015024489543534543e+02 9.660643891864006605e+01 9.368433663100874753e+01 7.343801749453405137e+01 9.368433663100755382e+01 1.013835124795887026e+02 1.090792589194122542e+02 1.175557798022643965e+02 1.293104134540910479e+02 1.239551843307008170e+02 1.043251354985362553e+02 9.289719408282535085e+01 8.625788999397765622e+01 1.013164531959862558e+02 1.094812555431130505e+02 9.621019885493080892e+01 7.665465727552390263e+01 8.807257502865152787e+01 9.624115864922546848e+01 9.881131460993820781e+01 9.678507169738249161e+01 8.863314427367801329e+01 7.171783602756704568e+01 9.157269388436567681e+01 9.108636022996536497e+01 8.246275036302590422e+01 9.644009674739778859e+01 1.161417532120350984e+02 1.157322241683895072e+02
1.015970520012950260e+02 9.732226651399660966e+01 7.712171372943841163e+01 7.929271847925855354e+01 9.947785903089776127e+01 1.159468859393140860e+02 1.086222705367957246e+02 8.848417314428053260e+01 1.086222705367905803e+02 1.167873440373562204e+02 9.789530898875624132e+01 7.770033854604919554e+01 8.430223515565697312e+01 9.332526564122768775e+01 1.049295208760745624e+02 1.251523112377475968e+02 1.425682378229660117e+02 1.228933915222029754e+02 1.090180186861142602e+02 1.099981280502879599e+02 9.024095140453866293e+01 1.099981280502879599e+02 1.074058089618947491e+02 8.802580795702618843e+01 9.054310053255599655e+01 1.042662300725580877e+02 1.084205237563717503e+02 1.029814224689452260e+02 9.428394927593183183e+01 7.486007136382697524e+01 9.157269388436563418e+01 8.343257811553426961e+01 1.024762428493424409e+02 9.643999048637164151e+01 8.908634019967452389e+01 1.088455238196689123e+02 1.247832153958736257e+02
1.137061398376214640e+02 9.364007501098245712e+01 8.354252162993218178e+01 9.947785903089776127e+01 8.757270935232129716e+01 1.076910813500855113e+02 1.169942404481372478e+02 1.027065711181749492e+02 1.086216299044180289e+02 1.165372404805497979e+02 9.639109230027192154e+01 8.214816768043867512e+01 1.022908339622726714e+02 1.128375952957683097e+02 1.218778919576273694e+02 1.336176415865928675e+02 1.441403743873332814e+02 1.327963828503478680e+02 1.169523412087367262e+02 9.728196671207817303e+01 9.913244679353978484e+01 1.181498179199942768e+02 1.155202676962547201e+02 9.925637532768233484e+01 1.098917844841347033e+02 1.084205237563717503e+02 8.892958979688393129e+01 8.344670189560056883e+01 7.830219982861284223e+01 8.086526041209613425e+01 1.008343403630483124e+02 1.032784629270068706e+02 9.969716598314136036e+01 1.161414987423094090e+02 1.030386416197216874e+02 9.655110466585466611e+01 1.079672047608890466e+02
1.219428190867709532e+02 1.103872810936486957e+02 9.029980053003713181e+01 1.103872810936486957e+02 9.661420323623811157e+01 1.018333923256977300e+02 1.218349383630551728e+02 1.229040323041462557e+02 1.288334638045748477e+02 1.165408700121019479e+02 9.639115847945905102e+01 9.117222704340035477e+01 9.223124290827162497e+01 1.012033686125455318e+02 1.128088611856902475e+02 1.330628615489755475e+02 1.359610209294310152e+02 1.163521351400137149e+02 1.050395118321529679e+02 1.169523412087367262e+02 1.105012520417126183e+02 1.269448822467503817e+02 1.268575177985060947e+02 1.185718055101300621e+02 1.078727395287942414e+02 9.815438908647321625e+01 1.084205237562332087e+02 1.006484901524166702e+02 8.106731638923616856e+01 1.006317448359097568e+02 9.065453930459096910e+01 1.106500555400289301e+02 1.192134069447105276e+02 1.273295796601222776e+02 1.228645775818842480e+02 1.040149399983308030e+02 1.164336454375467440e+02
1.245147626237761500e+02 1.185834554213311947e+02 1.003925794843454327e+02 1.185834554213311947e+02 1.066742562073813758e+02 1.218348193623278490e+02 1.300743228820089428e+02 1.392477328968854522e+02 1.365879129304614423e+02 1.249560927453451598e+02 1.165401124181561840e+02 1.012033650521036492e+02 1.123505467368163835e+02 1.207295146057472266e+02 1.297622369902002504e+02 1.414614693805846457e+02 1.385173678963867019e+02 1.188911761943145962e+02 1.163521258827320963e+02 1.327946123552800373e+02 1.301094434034867220e+02 1.382893089751078435e+02 1.427770277799526468e+02 1.236200426954555951e+02 1.254911175001295334e+02 1.093590019476140327e+02 1.178214457542805889e+02 1.007924980251177800e+02 8.387016871458176581e+01 1.033778004265376751e+02 1.106500555400608334e+02 1.028127047577071949e+02 1.146476520100160315e+02 1.350030044844416750e+02 1.328112949801043214e+02 1.140724258125442390e+02 1.328112951750258333e+02
