MOVIE_S13_data/elevation_000869.asc
nrows	150
cellsize	150.0
xllcorner	0
ncols	150
yllcorner	0
NODATA_value	-9999
[rows 119 to 135 of 150, columns 0 to 36 of 150]
5.358388947715440193e-02 1.419571951320823011e+01 3.419571951320893533e+01 4.294022139455004350e+01 4.879743010045310569e+01 3.880133708304262541e+01 5.553544340228041420e+01 5.787594971456644544e+01 6.615566982777592386e+01 6.416741871853609780e+01 7.243841316908056172e+01 6.751578304423036059e+01 5.339256275778408423e+01 5.557805724632699196e+01 6.534406804271834801e+01 4.600824220393356967e+01 6.107838390490645253e+01 4.111741873016125481e+01 5.186704805994383349e+01 7.189476012472152888e+01 8.437159471393513854e+01 7.283603578491013764e+01 6.047970405377165548e+01 4.049533659379923023e+01 4.141242611640394244e+01 4.506213404694265279e+01 5.006064471086850887e+01 6.005211257827344440e+01 7.415832581167666149e+01 9.408092635486576683e+01 1.056156252068577999e+02 9.151353299327875845e+01 1.056156252068577999e+02 9.356081372061652246e+01 8.351293243743501193e+01 7.418954006234800147e+01 5.420371279524658803e+01
9.610063126937995470e-02 2.009610063126902446e+01 2.581666180077132111e+01 2.294022139449232256e+01 2.879803028598053416e+01 2.725433199689458874e+01 4.215892604987830339e+01 3.787635538829285053e+01 5.167434078907337636e+01 5.799878779197536005e+01 6.506966826840732665e+01 7.334825806418848515e+01 7.336990347702324300e+01 6.970531569959214835e+01 7.428640982812923710e+01 5.751019961159288130e+01 6.774652238797050074e+01 4.774210865081006006e+01 6.107837690763302874e+01 8.020714181147116051e+01 8.402162059938963523e+01 6.404760982471238151e+01 4.991893183158256164e+01 4.603983972914435441e+01 6.139214014394094221e+01 6.503644267609766416e+01 5.358632393355453871e+01 5.948131994144196710e+01 6.840946364747802022e+01 7.991722309978331396e+01 9.983284907834641331e+01 1.114975434309749005e+02 1.143433345733709672e+02 9.427273021656003493e+01 9.427273021656003493e+01 8.250417713069214187e+01 7.077986614285990186e+01
7.276759767036948545e-02 2.929910454813232423e+00 5.816661800761373513e+00 8.798085770761119306e+00 2.879775477165977549e+01 1.831006008734554058e+01 2.215906188194297854e+01 2.632935016308440268e+01 3.167457500133279780e+01 3.799913032166639226e+01 4.507019813325842961e+01 5.661720183357726910e+01 7.661595214295886080e+01 8.967544919921279245e+01 8.586028292117038063e+01 7.755520104518464564e+01 6.405775461361901080e+01 5.925356858209086397e+01 7.606608464057774199e+01 8.945508268510280914e+01 8.142944082033270092e+01 6.145616064260565992e+01 5.497975671728767111e+01 6.602166536837496835e+01 7.429951728833734137e+01 7.985746242198052869e+01 5.990590677895720972e+01 7.942378439350817132e+01 7.942378439350817132e+01 9.659891481523806078e+01 1.081075797081846162e+02 1.087894729984992779e+02 9.980090523617246845e+01 9.149032184445201210e+01 7.415931846087066504e+01 8.005041623942150864e+01 6.248114402741797591e+01
5.410910321759920122e-02 2.005410910321724316e+01 2.581666180077132111e+01 2.879797403855625504e+01 1.338640044817231534e+01 3.338629994213881957e+01 3.630119523518151681e+01 4.047148256678887890e+01 4.265926206120664688e+01 5.167434078732614466e+01 6.506966826840732665e+01 7.334825813365617364e+01 8.489097944051277977e+01 8.825854060400546075e+01 9.047238818186983167e+01 9.246999217836143714e+01 8.415965676345631152e+01 7.934811303996981735e+01 8.766516472807451521e+01 9.774267779697268566e+01 7.776312447403724093e+01 8.142944082033270092e+01 6.391514473287563192e+01 6.910472241350242939e+01 8.907799024004079058e+01 8.812148086026070359e+01 7.143041576835722140e+01 7.401759217936982793e+01 9.395615541877273813e+01 1.076280674669577593e+02 1.146912379403692910e+02 9.460943847498036519e+01 8.036452632373782023e+01 7.136173625676968868e+01 8.005041623942150864e+01 5.998284612386424186e+01 5.249668324344811765e+01
8.267786763791994120e-02 1.422481349159333774e+01 3.422481436008499145e+01 4.167084799953693874e+01 3.338661693835299360e+01 4.167387483170239904e+01 5.630073922593075508e+01 6.047090762038133960e+01 6.265843428652597424e+01 7.093663580458466811e+01 7.994706039891553928e+01 7.897435456659673036e+01 7.749225666639567578e+01 6.811666769237393737e+01 7.031761609356725273e+01 9.047238818186983167e+01 9.191080833105264958e+01 8.352213899754974591e+01 8.265800955875097600e+01 9.104516245478214387e+01 9.774267779697268566e+01 9.216912109491907756e+01 7.544370341755428910e+01 8.907799024004079058e+01 9.736413612421269193e+01 9.963661569769332971e+01 9.136902226319021736e+01 9.395615541877273813e+01 1.022253052043017760e+02 1.079126409162589653e+02 1.070203697955442834e+02 1.087894729984992779e+02 9.565507817373506327e+01 7.553207503307356774e+01 6.133227760082903046e+01 5.635448713420001354e+01 5.156136756106939600e+01
6.631016962878631682e-02 2.006630981041955408e+01 3.827289699121949695e+01 5.209497727819348256e+01 4.647557823354028272e+01 4.647541511698127437e+01 5.470150233937781081e+01 6.853695744887026819e+01 6.023964452276932491e+01 6.853695744887026819e+01 7.311632465243191348e+01 5.887988761010419125e+01 5.740523321681384061e+01 5.394677178882613333e+01 7.401608568239322494e+01 7.290488730621473223e+01 7.792651702896543497e+01 6.341196626801956882e+01 6.255317856427637224e+01 7.674337210537260034e+01 9.693720751521691170e+01 1.037079524392860179e+02 9.541837065352801517e+01 9.759234872589432541e+01 8.931483963255021763e+01 9.759234872589432541e+01 1.058323227488947538e+02 9.624576068516569194e+01 8.798235731091129708e+01 8.798235731091131129e+01 8.708792597392738344e+01 1.011957182336203118e+02 9.574243273622009553e+01 7.554143451142138588e+01 8.079586984200415145e+01 6.754446068888061916e+01 6.042960221922658803e+01
6.823395580091534685e-02 1.006804212527423026e+01 2.419666563963065897e+01 4.061938771981904495e+01 2.660350593400302444e+01 2.660350548683478067e+01 4.647541511698127437e+01 5.853060708171286564e+01 4.023472418203833456e+01 5.853060708171286564e+01 6.307846224318712558e+01 4.472496223051167874e+01 4.325254960591913544e+01 6.328858617134317655e+01 6.705397665724781575e+01 5.283652776803653239e+01 5.783999813788873468e+01 5.185431449136746096e+01 7.191152535870554630e+01 8.265800955875097600e+01 1.028820803737762475e+02 1.013832149150535713e+02 9.310362279925125506e+01 8.761078854053187115e+01 6.936023315032858250e+01 8.761078854053187115e+01 9.171506674532601266e+01 7.759781074175725735e+01 6.819152349842732974e+01 8.038183932684630406e+01 7.309193837463527643e+01 9.292600360365909751e+01 1.040893974706838776e+02 9.571488120442599268e+01 9.428133858603283102e+01 8.687640442918429073e+01 7.190245502748506112e+01
7.768263131119747256e-02 2.007690470935241223e+01 2.289061204510940684e+01 2.434562181452533736e+01 1.247854039467144460e+01 3.242367409946422185e+01 3.526032499074134563e+01 4.080768856811983625e+01 3.023427795056851153e+01 5.023718435286995287e+01 5.474519147399199426e+01 3.472409128549995927e+01 5.474519147399199426e+01 6.071112580210697018e+01 5.238146968577522955e+01 3.868788526231249136e+01 4.368804682593494704e+01 6.372320331065336063e+01 7.521304299624340217e+01 8.358439129112974797e+01 9.522904742102829800e+01 8.985424266548042738e+01 7.314311564489221951e+01 7.933753639143947112e+01 5.937639479096615958e+01 7.933753639143947112e+01 8.306082424296984357e+01 6.383199759362430115e+01 5.937820247527913864e+01 6.062277149052735581e+01 7.456953410022300943e+01 9.441398543361226814e+01 1.018420011392900335e+02 9.355655393217020332e+01 9.985679864528525229e+01 9.979066765426858865e+01 9.162125580868675456e+01
7.631010328431753718e-03 1.447262511825822218e+00 2.890638184799889654e+00 4.345424119706511767e+00 5.811895269920050566e+00 2.581213053860782480e+01 1.525908891261303424e+01 2.080609432077743648e+01 4.080768856811983625e+01 5.852722120163103625e+01 5.015203608135649205e+01 3.013575925183659621e+01 4.397488091570780711e+01 4.660270950941868762e+01 3.236325722527509186e+01 5.238146968577522955e+01 5.876654301601408292e+01 6.362540810322555274e+01 5.514267062202498693e+01 6.670558167260472260e+01 8.683445128613809061e+01 8.157941862052069837e+01 6.161589679459923730e+01 7.005347392035194787e+01 5.270979851480621647e+01 7.268382252461508131e+01 7.881566901021260207e+01 5.732657816235514758e+01 5.108831126906994058e+01 7.106732542218890103e+01 7.560569633247334309e+01 9.558321215403198323e+01 9.029539767245981352e+01 7.355871438330468948e+01 7.985766637183567696e+01 9.400014640317570525e+01 9.507104736861505501e+01
4.583726557775372884e-02 2.004583705953004369e+01 2.289080322279125923e+01 2.434562912492738462e+01 2.581241706176737338e+01 7.956120339595649682e+00 2.795670492953150443e+01 3.849088123261034156e+01 4.906960855291755763e+01 5.014960456960001522e+01 4.914593650433173622e+01 4.083040789697925277e+01 2.396361865222142740e+01 2.658974732590016288e+01 3.030365441962437245e+01 3.415265860021246880e+01 3.874099291443045701e+01 4.359179412820440547e+01 5.514267062202498693e+01 6.931252840527389480e+01 8.945814534652565442e+01 8.416975503218746724e+01 6.420631883355851244e+01 5.006502367016241095e+01 4.666121672421941469e+01 6.666142768878901848e+01 6.980209323150099010e+01 5.885374702211035469e+01 4.661130888055346588e+01 5.559759644271532864e+01 7.560569633247334309e+01 9.213437911006755598e+01 8.135194378276504779e+01 6.201371323233187383e+01 6.571790555074633744e+01 8.571527659688229051e+01 1.033631724447635349e+02
7.859053197723891993e-02 9.022862441976474912e+00 2.316499806570717368e+01 4.316499806570646314e+01 3.624246067006582450e+01 2.209838712124281912e+01 1.023533186878842827e+01 3.023598764680764006e+01 3.424730511920655829e+01 3.012520316174720136e+01 3.777899346394208635e+01 2.082092184230929632e+01 4.083040129508444238e+01 3.813739954850107239e+01 5.031957211479006986e+01 5.417236674326186829e+01 4.570108996123823886e+01 6.362540810320640361e+01 5.624655070631548170e+01 7.042006073106422548e+01 9.057274400529563252e+01 8.456391723657765169e+01 7.302847349122384912e+01 6.111436721549267759e+01 4.105364443736400659e+01 6.111436721549267759e+01 5.680053379448170858e+01 4.147217992885218507e+01 6.152765447933536791e+01 7.493793605284413673e+01 8.388236533078173807e+01 8.384960683864646569e+01 6.385121326595189117e+01 5.306840616142617506e+01 7.306782865262354676e+01 8.373974104694748632e+01 9.528626909039546433e+01
9.890458264248647158e-02 2.009890458264213109e+01 2.902286244197611964e+01 4.902286244197540555e+01 5.038652542023541514e+01 3.842461626351884973e+01 2.434764591719449101e+01 1.256028464366483632e+01 1.422119424073969896e+01 1.598209605339118511e+01 1.777095043539192076e+01 3.777898699832513074e+01 4.914569882123577571e+01 5.816653972876289203e+01 6.650626841460415051e+01 7.409693623434445442e+01 6.574434602957444440e+01 6.205394143575927757e+01 7.632264500294935772e+01 8.469615931784167628e+01 9.390457263648524133e+01 7.628368859820163550e+01 5.630796610388142653e+01 4.472207080000458745e+01 3.702732770606621671e+01 5.229235863900301950e+01 3.663936159022960481e+01 5.680053379448170858e+01 6.980209323145670908e+01 7.688558432027019762e+01 6.860111184941411011e+01 7.688558432028517586e+01 6.752098686249431125e+01 4.751860165365781796e+01 5.545556211114581657e+01 6.700316708321128090e+01 8.700128485379727294e+01
6.002193532796171876e-02 2.006002193532760813e+01 3.189661237087313950e+01 3.896768018273813539e+01 4.725195143019973898e+01 5.198795350008194305e+01 4.064724844810452709e+01 3.256025935129609650e+01 1.956641924322876491e+01 3.597939835917206608e+01 3.777847394265891268e+01 2.255186498105852166e+01 4.256242986124591710e+01 5.588924026603758932e+01 7.265498252164074700e+01 7.265498252164074700e+01 8.102076955498833399e+01 8.216476341489780566e+01 9.054797252186368439e+01 8.806098477859022466e+01 7.393782966845016347e+01 7.957659606398566154e+01 7.302847349122384912e+01 6.475028469943751475e+01 5.229195079200385976e+01 3.198819176666067321e+01 5.229235863900301950e+01 6.508044101435997675e+01 8.060408909878574946e+01 6.688460968323417433e+01 4.859855638297926816e+01 6.688460968323417433e+01 6.280637945546975232e+01 4.280121000039741119e+01 5.694861636158771745e+01 7.694827056188820791e+01 8.127800838790928140e+01
9.288278742204289506e-02 5.866385479318275031e+00 1.189661237087349477e+01 1.896768018273884593e+01 3.051468556653115627e+01 5.051468556653044573e+01 5.363461672628773158e+01 3.370604104000205581e+01 3.954294482517253329e+01 2.956635535242365265e+01 4.951951205433145020e+01 4.256242986124591710e+01 2.755186665950214220e+01 4.756595092849381956e+01 5.258683062997671698e+01 5.258683062997672408e+01 7.265498252164074700e+01 8.847345762892572907e+01 9.502914982537814126e+01 7.978595328557889843e+01 5.980902242567454152e+01 5.957856043921352551e+01 5.957856282483705002e+01 6.785886196268344861e+01 4.999336018020324701e+01 2.965206234668547225e+01 4.999322982746352295e+01 5.230841589283739523e+01 7.233142640892204156e+01 5.859983411619664651e+01 3.859280131841885719e+01 5.859983411619664651e+01 5.895638279877970689e+01 3.894908701523031880e+01 5.895638279877970689e+01 6.713679422319829371e+01 6.127931152775186519e+01
5.483986668867355668e-02 2.005483986668831875e+01 3.189661237087313950e+01 3.896768018273813539e+01 4.725195143019973898e+01 5.879895681399204932e+01 6.177632285462607342e+01 5.363468195549130257e+01 5.768044306114918385e+01 3.956530138687917741e+01 5.768044306114918385e+01 5.464469265241999807e+01 3.462298750045499673e+01 3.372402763808729986e+01 3.843813310355706392e+01 4.843961518973808467e+01 5.999580915212919052e+01 8.009256423150381465e+01 8.675272469875467607e+01 6.678598858456449250e+01 6.715143285017805397e+01 4.711549498844633632e+01 3.944479735061441517e+01 5.135897992792289557e+01 4.773321680210394646e+01 2.742895638205234121e+01 3.577556016534841632e+01 5.598286150415763274e+01 6.498372316266009818e+01 5.193067703335264440e+01 3.192175719564296799e+01 4.848105683371819907e+01 5.113143019124029820e+01 3.529470185302889007e+01 4.046276240521769552e+01 4.713404035361381261e+01 5.868432882886403945e+01
3.275272397204486569e-02 1.417538920926991608e+01 3.419876459814274483e+01 4.755186879835576974e+01 5.603309937115174222e+01 6.187606263843775878e+01 6.157227990530478934e+01 6.982092117453595392e+01 6.758794302606276005e+01 5.947380657597133080e+01 6.758794302606276005e+01 4.877006968229321870e+01 4.877006968229321870e+01 4.787059812117015412e+01 5.258683062997671698e+01 5.109127898684510427e+01 6.525734747831060645e+01 8.538453122906172155e+01 8.197771246470883000e+01 6.201104725182679545e+01 5.044961631468570573e+01 4.372032483158853466e+01 3.727444937145135384e+01 3.111500292454556416e+01 4.558096881767092867e+01 2.538492863456766813e+01 4.558096920205888836e+01 6.426740495179511470e+01 5.084740740816383919e+01 3.670319414074126740e+01 2.588910533899278477e+01 2.847159680344650567e+01 3.112167474416662216e+01 4.527223415332485246e+01 6.046920770392677724e+01 5.461116674844809182e+01 7.461177610119118242e+01
9.327661483462378056e-02 2.008282634310618420e+01 1.913852944796322220e+01 3.917362461400497153e+01 3.604704309161247977e+01 4.190082344671333914e+01 4.158927870921449710e+01 5.158077930726265237e+01 5.983952826781598588e+01 7.136325665639918725e+01 7.718590428824455785e+01 6.293490506351297853e+01 6.882728710072849765e+01 6.792487375877243494e+01 7.265498252164074700e+01 7.115246311271782531e+01 7.951549669141823529e+01 8.459011741409409524e+01 9.025246262771435113e+01 7.872295308022837901e+01 7.044995292923232455e+01 6.210647304453444661e+01 4.199975670008389272e+01 4.629798518087450532e+01 2.613093293950018037e+01 2.341926800875208770e+01 4.347538700970488179e+01 5.670989004561327818e+01 3.670320118690704447e+01 2.255555200206912403e+01 4.256305583937952264e+01 4.848105683371819907e+01 3.868624191691649372e+01 5.869311566837354377e+01 7.356085707283953923e+01 7.461177610119118242e+01 8.289622485058318091e+01
