MOVIE_S13_data/elevation_000983.asc
nrows	150
cellsize	150.0
xllcorner	0
ncols	150
yllcorner	0
NODATA_value	-9999
[rows 0 to 16 of 150, columns 37 to 73 of 150]
8.884754177262699226e-02 6.929726548558100274e-02 7.395023591448830758e-02 4.828361932999872264e-02 4.897713358561925356e-02 8.568734790590110117e-02 1.075183056328203948e-02 6.823539046102447547e-02 7.194897206013613211e-02 1.557559815681563986e-02 7.704183385687686514e-02 1.685416958384493638e-02 9.680445094065920353e-02 7.639902522890137937e-02 4.559330980047965332e-02 5.839666421669215124e-02 9.739037529851846120e-02 3.670263267501718690e-02 2.041064012308905357e-02 6.895211126444661387e-02 9.031524355919069713e-02 1.560024811392830661e-02 7.641644294168103979e-02 3.888124420523987601e-02 6.873285589001959517e-02 4.772367030474261584e-02 9.504926490987847254e-02 5.760415539182907330e-02 9.666222459857021221e-02 9.627991409191682948e-02 1.286757495974483190e-02 9.381044340810595905e-02 7.584058927755046864e-02 1.435327048224320848e-02 5.777975670406795827e-02 2.716720951219454838e-02 4.735230246529398453e-03
8.182057083482575877e+00 1.293277388209791212e+00 2.007395023591413263e+01 2.004828361932964498e+01 1.159598221226377568e+01 2.008568734790554444e+01 2.001075183056292772e+01 4.238523671602503207e+00 2.007194897205977924e+01 1.415771122188789022e+01 2.007704183385652286e+01 5.180831964527044420e+00 2.009680445094030432e+01 8.241364834506091697e+00 2.004559330980012533e+01 1.679070212860647970e+01 1.555162863248983918e+01 2.003663247764011857e+01 5.067529139121189630e-01 1.986499446965927262e+01 1.958872456537498508e+01 1.426495435080444629e+01 1.402318527925038438e+01 1.433917281497586593e+01 1.942613951260099014e+01 2.004772367030438573e+01 3.043888388516907462e+00 2.005760415539147345e+01 1.423879784832964646e+01 1.423841553814066963e+01 2.001286756600194749e+01 8.258776252685295916e+00 2.007573054937608248e+01 1.904175635528381205e+00 2.005777975670371305e+01 2.002716720951183760e+01 1.414687085397760491e+01
6.614752735971556774e+00 2.519626988179574312e+00 2.253250209226008138e+01 3.214802390244372532e+01 3.159468120862121765e+01 3.987538868231725786e+01 2.850253799871432037e+01 8.502537998714675638e+00 2.264467362244537441e+01 3.415771122188859721e+01 3.052605680277513045e+01 1.052605680277548572e+01 3.052605680277513045e+01 1.824136483450591584e+01 3.652563608196698652e+01 3.888451872910268037e+01 3.059812232178146374e+01 2.099556374664116021e+01 9.938352145314096608e-01 1.180101192401926902e+00 3.395033198318796508e+01 3.494358060844280089e+01 3.385439650062203043e+01 3.534816242936341979e+01 2.806371649749920039e+01 7.824775117616373343e+00 9.367639290850739542e+00 2.901756293877263104e+01 3.423879784833034989e+01 3.423841661646815027e+01 2.240091187624577529e+01 2.825877618506575217e+01 2.380260294550861033e+01 3.802491627033383281e+00 1.534950027397973038e+01 3.534979716005611294e+01 3.414687085397830657e+01
2.601093016847030270e+01 2.253250209028495021e+01 4.343358149355808884e+00 2.221465167896517201e+01 2.591324011165698238e+01 4.555677187253292004e+01 3.321658320662424302e+01 1.321658320662495179e+01 3.321658320662424302e+01 5.092894486990626746e+01 3.655628369432994162e+01 1.655628369433065217e+01 3.655628369432994162e+01 3.238350045823636947e+01 4.652563608196680889e+01 4.022847077249645054e+01 2.531815201347252042e+01 1.684232803129292577e+00 1.103629426132481228e+01 8.669600641626191262e+00 2.688284336453508416e+01 4.393816806599807734e+01 5.353758227150407123e+01 4.529026544250308461e+01 2.541028177382532860e+01 1.130625542954162199e+01 2.901753948682837958e+01 2.000032314411606649e+01 3.937234323376186040e+01 5.068513669060236992e+01 3.654304749601388380e+01 3.988941471923439508e+01 1.988724327006423920e+01 5.745063351747919711e+00 2.574526925706696545e+01 4.363492771742962617e+01 4.443879276993742167e+01
4.090982620145145177e+01 3.263773142389726445e+01 2.435557288246978658e+01 6.189865683006438246e+00 2.034231428905765426e+01 4.033358398602804584e+01 3.899008589852039819e+01 1.899008589852110873e+01 2.954651482517976291e+01 4.954651482518947603e+01 4.362735150619528923e+01 2.362735150619600333e+01 4.362735150619528923e+01 5.238350045823565893e+01 4.379327700479247909e+01 2.990835575724582895e+01 1.420063602930895996e+01 2.173239362861197677e+00 2.168758588635821738e+01 2.632995414506028098e+01 1.754155353201286260e+01 2.644664901810918067e+01 4.541823572629462547e+01 4.633775147882271028e+01 2.647139935086061868e+01 1.495745283313667784e+01 3.486789962755763383e+01 3.937234323376186040e+01 3.378446491064737955e+01 5.286267486631562207e+01 5.654304558774479261e+01 4.186491505007706593e+01 2.186750001667223486e+01 7.725358437701276948e+00 2.772565727020039006e+01 3.907971774468444437e+01 5.270540424734538476e+01
4.775993748438704500e+01 2.807531480601231877e+01 8.076055785161928569e+00 2.619560774809428949e+01 2.231137487594156354e+01 4.167310770060494463e+01 4.531462091072033616e+01 2.531464121885797880e+01 4.531464467766674886e+01 5.783078607926104553e+01 5.191162275365689993e+01 3.517435688998811116e+01 5.191162275365689993e+01 5.234428629055805970e+01 2.924023138179862613e+01 1.306218499947338252e+01 2.869518268340328859e+00 2.202062375216092249e+01 9.028823183158181109e+00 2.897137367336195979e+01 3.587551212608830298e+01 4.396140128630486998e+01 5.363947232260814246e+01 5.458913584264686847e+01 4.311011820154571694e+01 3.486790773562180590e+01 2.085076105922463796e+01 4.072996523724025764e+01 5.286267486631562207e+01 6.083259149492153028e+01 5.360423176003234147e+01 3.589073465854596634e+01 1.589032451446385430e+01 2.772565726658869778e+01 1.079321839309078612e+01 3.079370445259802125e+01 4.224551384458926861e+01
2.776731666698325185e+01 2.940991761681222627e+01 9.416536010878951757e+00 2.336029772682803696e+01 4.001918925728625709e+01 4.972170321536437854e+01 5.359871435961363062e+01 3.945677687093835573e+01 3.945677687094852359e+01 5.945678858317170068e+01 6.345862813744900421e+01 5.517435688998740062e+01 5.031706757056361567e+01 4.152577391248234306e+01 3.166286424607708838e+01 2.295650256684837842e+01 3.362774561490608161e+00 2.335488989186681863e+01 2.897785810786806948e+01 1.657789223345749718e+01 3.066690697538179933e+01 5.049816756095567172e+01 6.049575915523183056e+01 7.034688411339242009e+01 5.652396678577784428e+01 3.667268826998542153e+01 2.520716432796956852e+01 3.667268826998542153e+01 5.652396678577784428e+01 5.946257376454411059e+01 3.946080020066899863e+01 2.531842255691432797e+01 3.589073465854596634e+01 3.907618113674302407e+01 3.079328194837926347e+01 1.395549605325924070e+01 3.395632844078691903e+01
3.118194647405789866e+01 1.145532738498031122e+01 2.941004885096606358e+01 1.493016058414639602e+01 2.913331125399144383e+01 4.914415526496758702e+01 5.945443839705615829e+01 5.945678857279765595e+01 5.945678858317170068e+01 6.774124814565091413e+01 6.906228530705401170e+01 5.636733007547766761e+01 3.555725571408260777e+01 2.122877287245384537e+01 1.377512419330980542e+01 1.286173525157737174e+01 3.856487221065017401e+00 7.975920217741237828e+00 3.237653699665490592e+01 3.647534872141887519e+01 2.549632186270686418e+01 3.253657752584324214e+01 4.248369507246668064e+01 6.225550608235906935e+01 6.478932259222237633e+01 5.036392320477400375e+01 3.052903290824464477e+01 5.036392320477400375e+01 6.478932259222237633e+01 5.946257376454411059e+01 3.946080020066899863e+01 4.531918404177018544e+01 5.226563758401918847e+01 3.741177342793867666e+01 1.741096975558837912e+01 3.395623962311087496e+01 2.338360202345097960e+01
1.353171007368138667e+01 2.443014376015573674e+01 3.886088064530334663e+01 3.499435176463813235e+01 2.103031614901859569e+01 3.110651628399026336e+01 4.528987690800098420e+01 6.532425891119059713e+01 7.205377105062852650e+01 6.179478375521459554e+01 5.326323370994298045e+01 3.998955202029639366e+01 5.031556188190741352e+01 4.159834556910971060e+01 2.517951532217760047e+01 4.556201629219389204e+00 2.253777189488647181e+01 2.709633662809952170e+01 3.794749506555243812e+01 5.092955159029556711e+01 4.535756803181590158e+01 5.236960057741291763e+01 6.049575915523183056e+01 7.034688411339242009e+01 6.293190289614654631e+01 4.306018219040791450e+01 4.454125860926025382e+01 4.454125860926025382e+01 6.442107904041299093e+01 6.774766331939569852e+01 5.946257376454411059e+01 5.226563758401918847e+01 3.226356369560306803e+01 2.593900105794751454e+01 2.013262502535969034e+01 4.013355050677719049e+01 4.339187714656346628e+01
1.500880413956812376e+01 3.488419808980933112e+01 4.499463593183046584e+01 4.943192913812674050e+01 3.772847407829243593e+01 2.865608781177941822e+01 4.871296005104396443e+01 6.702692000039999698e+01 6.348949430803266836e+01 4.303697311185319307e+01 3.271950080382350023e+01 2.537956014979935659e+01 3.720737326065208350e+01 3.466379966899561538e+01 2.514979583476010916e+01 5.052652660693595976e+00 2.379238987856851040e+01 2.736625499546625306e+01 2.297194952565343584e+01 3.706102118815799429e+01 3.914257175562239155e+01 4.579912279633225580e+01 5.404313361112539127e+01 6.295517517793962270e+01 7.120692685052701165e+01 5.708913938952105838e+01 6.442107904041299093e+01 6.442107904041299093e+01 7.269738132965164823e+01 7.536664367874830361e+01 5.535895501785692829e+01 4.381082861619937319e+01 5.226563758401918847e+01 4.290719947888430852e+01 2.290612600653875219e+01 3.290614739988291149e+01 5.290825155788578371e+01
1.652533276928351924e+01 3.064387942051538616e+01 5.063462913414970501e+01 6.645064426039432703e+01 5.701014299332275215e+01 4.024546807842992280e+01 3.869590380989907885e+01 5.873003493182426382e+01 7.205377105062852650e+01 6.179478375521459554e+01 4.909654624145309043e+01 2.850389458403169840e+01 1.691501366985788835e+01 1.919317987885695587e+01 2.333618158048430757e+01 5.594597740856205093e+00 6.163037061941229133e+00 7.263085587182547265e+00 8.720154278602400666e+00 2.882199367042334615e+01 1.917155014000820401e+01 2.583041359394657377e+01 3.477282522471089266e+01 4.888889961278022867e+01 6.879610445572528477e+01 7.703758179558035124e+01 7.914310530373494146e+01 7.096228905203463455e+01 7.914310530373494146e+01 8.365388903883747673e+01 7.210253059598436209e+01 6.381515774739457925e+01 6.097618384031968475e+01 4.585622304744455846e+01 2.585496512990818729e+01 4.585622304744455846e+01 5.290825155788579082e+01
1.814683507131282880e+01 3.812469980430645222e+01 4.608911503130178033e+01 6.607738310436964468e+01 6.857750357488288273e+01 6.027991153063011609e+01 4.871222768147102045e+01 6.702692000039999698e+01 7.283861097741190349e+01 6.460676981678510344e+01 5.762777091189702361e+01 4.573799818936504380e+01 3.299328637467917247e+01 1.067482174100183023e+01 6.361884468570259799e+00 2.525866903167273492e+01 1.627259332348739207e+01 2.755064357856373292e+01 2.882206372712053266e+01 1.069676026840349969e+01 3.062657782574632037e+01 4.074299119656316748e+01 5.404141024700347629e+01 6.295517517793962270e+01 7.481824603443907051e+01 7.137689282190019924e+01 6.320263060342860939e+01 5.127064221155515611e+01 6.928870147330889040e+01 8.066827891333670664e+01 7.512269321701911906e+01 5.511686029139571019e+01 4.097357514038534987e+01 3.341425770782802829e+01 2.956887189741354049e+01 4.957041670867015881e+01 6.340130850152275599e+01
1.978423014760037191e+01 2.609637492646215051e+01 4.608946800677984612e+01 5.762752699415442947e+01 7.758554415957051731e+01 7.704261918425399358e+01 6.874788394167526917e+01 7.704442487142176788e+01 6.460676981678510344e+01 4.470449037837372686e+01 5.053373306481479688e+01 4.237814290343182932e+01 2.140046240569129310e+01 7.136575591146807618e+00 2.511328090782683731e+01 2.226541742400410229e+01 3.033028891294417306e+01 4.483645581435691696e+01 3.887979615245298248e+01 3.062657782574632037e+01 1.254730087812768247e+01 3.248593798488029449e+01 4.264244436489037327e+01 5.674039741421875505e+01 5.509317110959950980e+01 5.509317110960000008e+01 4.345273148723798329e+01 4.135330217310518464e+01 5.279412068617024545e+01 7.248500024656884477e+01 7.730906544490511578e+01 5.730523285926920352e+01 4.606371433382739866e+01 5.341607673061563588e+01 4.957041670867015881e+01 3.511587431372569057e+01 4.666310932871574835e+01
2.149295052645605963e+01 4.148131852554919874e+01 3.763978078906124836e+01 5.177666471483527744e+01 7.177135217270581791e+01 7.822736768741069113e+01 6.822409447932746218e+01 5.994044664123384791e+01 5.329640166076951147e+01 4.754860547248971869e+01 3.061457888939165528e+01 3.926964482778383569e+01 2.754136966851379853e+01 7.684924448266412078e+00 2.759368261545854395e+01 4.068152809631561695e+01 4.813277770802645250e+01 5.700653739094398276e+01 4.660722002213548620e+01 2.664318065206154174e+01 3.249051240368098803e+01 1.440645706872760101e+01 2.854544938755913819e+01 4.457405828080569421e+01 5.337066321875808939e+01 3.527333527671878244e+01 3.194976074026696011e+01 4.192048435486071156e+01 5.591133467279442470e+01 7.560527999565925938e+01 8.557711823792060102e+01 7.434381615704660362e+01 5.761197503477571047e+01 6.666761901944973090e+01 4.666310983294034997e+01 5.511769135544082587e+01 4.267518506259193600e+01
2.322864533724493796e+01 3.561031984021797570e+01 5.242576096392240714e+01 6.590018824420222643e+01 7.846816688173475995e+01 6.991457465858360365e+01 4.997860044194491991e+01 4.001543088047986885e+01 3.338784231824211446e+01 2.762078139787248787e+01 2.233403256360512401e+01 3.079191815456555759e+01 1.107212304245018863e+01 8.233786906553259399e+00 2.707404037412758768e+01 2.531539950799490413e+01 3.942932464904557577e+01 5.962111458711196832e+01 5.484335289814012526e+01 4.660722002213548620e+01 3.439191266694638927e+01 3.439191266694633953e+01 1.632819879192485502e+01 3.632529329264986728e+01 3.977908590704715408e+01 2.528435536329718047e+01 4.518323841067629587e+01 5.997400648765211884e+01 6.985228419161657598e+01 7.579023713616238922e+01 8.158985579244047415e+01 8.588707902287040952e+01 7.761705800624660867e+01 7.495363391125899000e+01 5.821128303155393269e+01 6.871027876593051076e+01 4.870547271918804455e+01
2.499277852617288076e+01 3.157820324696633563e+01 3.910962001626457862e+01 4.943372232955996992e+01 7.010988292534470645e+01 7.821758706149466889e+01 6.822409447932746218e+01 5.994044664123384791e+01 5.329640166076951147e+01 4.754860547248971869e+01 3.635173149759526723e+01 1.613019694398109039e+01 2.900901785710123804e+01 2.815233212818704800e+01 9.019230536800376896e+00 2.906246746587883933e+01 4.115381409388214706e+01 4.968459850134020428e+01 5.988048905367938346e+01 6.256263678731659894e+01 4.699730002177965815e+01 2.703176490805639531e+01 3.632149975924921392e+01 1.831942664583217706e+01 1.979564418042513907e+01 2.128184296411564702e+01 4.126653656420539562e+01 5.178699004562208330e+01 6.827061511529207394e+01 5.589518731573441812e+01 6.172231249609361470e+01 7.588836781580955915e+01 8.408379520648998096e+01 8.650395045771884384e+01 7.821917856049206819e+01 6.503843384683878526e+01 5.870620791316083142e+01
4.500882126325206656e+01 5.198217253369252688e+01 5.969197937486489991e+01 6.821757427080902403e+01 7.847310199363148797e+01 8.006534769686922459e+01 7.116799621385597163e+01 6.302118380800498443e+01 5.659383263999231417e+01 5.070733364439004731e+01 4.459334677104143196e+01 3.580919348792620838e+01 1.548312677002147275e+01 1.242034442184478138e+01 9.575550783024594281e+00 2.832528404370041741e+01 2.105471511070967239e+01 3.105356368210383167e+01 5.126455009100343574e+01 5.960230087446485214e+01 3.967204457303994758e+01 4.536985147650493388e+01 2.540053911740869808e+01 3.830970610436311574e+01 3.977908590704810621e+01 4.126745740492079761e+01 2.356327339753652339e+01 4.354488703890569923e+01 4.834542859318342067e+01 4.177088206943745519e+01 4.843386026012274215e+01 5.598747834372706222e+01 7.008432208105270433e+01 8.990057374529328627e+01 9.333330310668347352e+01 8.504820110628654106e+01 7.285286785358982797e+01
