MOVIE_S13_data/elevation_000536.asc
nrows	150
cellsize	150.0
xllcorner	0
ncols	150
yllcorner	0
NODATA_value	-9999
[rows 0 to 16 of 150, columns 0 to 36 of 150]
8.271705653423140625e-02 2.127631151761726416e-02 9.425194436011796739e-02 4.939197167322698090e-02 3.975871534419905817e-02 6.171646774684565184e-02 1.696294146011132625e-02 1.936121709489252440e-02 4.216450047424835645e-02 2.297044857093000214e-02 6.704298068806634203e-02 4.162315340452049650e-02 3.835349583220235004e-02 2.777463300387698203e-02 2.207885817162396139e-02 7.161913568127860341e-02 9.025521335945362045e-02 3.502399586135773735e-02 8.040414306008919487e-02 3.131346976591601466e-02 7.604099264847130613e-02 2.387740603804927586e-02 5.687112022313325910e-02 4.074439634684711570e-02 8.709178300582484655e-02 7.612946965408906586e-02 1.077918208624280109e-02 9.929772718869623455e-03 4.600412614040166881e-02 2.152795518990661267e-02 2.378824418737431057e-02 9.511189423522797837e-02 9.406546861214974686e-02 1.749038473908382007e-03 2.223905489293687143e-03 6.269637160239108220e-02 9.476101746191394060e-02
1.795629399984677299e-03 2.000179562939963063e+01 2.009425194435976181e+01 1.004939197167331422e+01 2.003975871534384368e+01 2.006171646774648920e+01 8.961234851459346729e+00 2.001936121709453786e+01 4.042168969209638973e+00 2.002297044857057529e+01 2.006704298068770953e+01 7.600912613589097866e+00 2.003835349583184566e+01 1.416991025673470261e+01 2.002207885817126964e+01 2.496975386044603784e+00 2.009025521334690367e+01 1.003533148692370425e+01 2.008040263593201047e+01 1.417344909350229365e+01 1.421817672169437863e+01 2.002385463851499736e+01 1.249971092766921643e+00 2.004074439634649352e+01 2.008709178300546938e+01 8.241095278931421575e+00 2.001077918208588713e+01 1.415206539644994521e+01 2.004600412614004767e+01 3.613633898093575159e+00 2.002378824418702052e+01 1.423724751796630272e+01 2.009406546861179521e+01 1.000174903847382168e+01 2.000222390548893969e+01 2.372097448360899197e+00 2.009476101746155763e+01
4.163169627051844027e-03 2.000416316962669683e+01 3.724870580899033712e+01 2.419152759540451569e+01 3.833366321913621988e+01 3.724550609892224884e+01 2.050824023525206741e+01 2.816135143276073904e+01 8.124706921085294908e+00 2.816135143276073904e+01 3.588518387143363952e+01 1.760091261358927639e+01 3.588518387112559083e+01 3.416991025668309589e+01 2.494066124592900735e+01 4.940364273170698262e+00 1.647966207884244483e+01 3.004429188648615678e+01 3.005106809978813232e+01 3.417344913807045259e+01 3.421823169598479097e+01 2.244564220408332034e+01 2.445199702101317651e+00 2.244564402199471687e+01 3.652536652639231818e+01 2.238323090266262483e+01 2.824109527893177685e+01 3.415206539645065220e+01 2.725023327062208622e+01 7.265116018735222170e+00 2.725023327062208622e+01 3.423724751796700616e+01 3.000174903847346641e+01 3.000174903847346641e+01 2.469705024995221976e+01 4.697050223237295263e+00 1.883918584703717158e+01
2.016265153036126551e-02 8.964434561529440515e+00 2.310657018526064377e+01 4.310657018526134721e+01 5.247579884286741958e+01 4.879251148271497129e+01 4.050824023525277084e+01 3.264834420133462345e+01 1.248963536025451582e+01 2.409073929606698883e+01 4.430729701498416517e+01 3.174304823732047964e+01 4.588518388950499372e+01 4.065810493824859861e+01 2.747997052522298489e+01 7.480366813174389229e+00 2.731771208896229908e+01 3.620204586709436967e+01 5.008384352752883473e+01 5.240449479116929865e+01 3.255236767328005243e+01 2.364757530269512031e+01 3.646883238353539447e+00 2.358450776499817891e+01 3.384316578258054875e+01 4.238323090266332827e+01 4.824109527893248384e+01 4.722015313243820600e+01 2.725023327062208622e+01 1.542735066153713674e+01 1.375368938322887047e+01 3.373207867685253802e+01 5.000174903847275232e+01 4.122964321620467842e+01 2.122964306575469706e+01 7.087507441906092609e+00 2.122964306575469706e+01
9.594114293757748102e-02 2.009594114293722100e+01 3.724870580899033712e+01 4.408983449886696349e+01 5.232321908425860357e+01 5.983274656780178447e+01 3.953800064216600418e+01 2.521073075309255529e+01 1.852898732501991930e+01 3.880352894822424759e+01 5.265550515827370504e+01 5.174304823737198689e+01 4.651575609662205579e+01 2.654418733870466696e+01 1.240402646100852735e+01 1.140268951634845251e+01 3.140377235614614904e+01 4.559562145106545472e+01 6.332235902054214449e+01 4.662042717107946288e+01 2.672523027815308083e+01 1.259113231031929203e+01 2.344161178868297313e+01 5.390966119141419099e+00 1.698712540302338425e+01 3.169641906016469690e+01 5.402962024799278140e+01 4.840239190813723269e+01 2.945640843327742076e+01 3.530977611817976225e+01 1.860372483449191705e+01 3.857608834411083620e+01 5.187530394651655286e+01 3.187530356712892043e+01 1.773316794296768961e+01 9.568202133690283162e+00 1.851247404368959693e+01
9.541454368626212448e-03 2.000954145436827147e+01 2.784041536251583437e+01 2.417301738311831016e+01 4.304533653500935486e+01 4.999055166444836118e+01 5.381777451501242382e+01 4.548219410132666951e+01 2.865381061763591575e+01 3.132064689367200572e+01 5.167976723618752288e+01 6.019114295669314174e+01 4.025119490390331833e+01 2.611766233183500319e+01 1.611793325077261230e+01 3.140377356107650897e+01 1.730036838482420336e+01 3.730497282945697890e+01 5.209027879431106811e+01 4.663305304646809191e+01 2.672543012832307951e+01 3.254226882035052881e+01 2.661655704990750593e+01 6.636111731871022101e+00 2.663648172184916518e+01 4.234453637419489525e+01 5.196327351044764953e+01 5.701121500217987403e+01 4.895776810603464924e+01 4.373113864069747336e+01 2.376571469315591045e+01 4.373113864069747336e+01 5.406310014557659116e+01 3.406309956687966434e+01 3.231541351074311308e+01 1.231541341266408729e+01 3.231541351074311308e+01
9.647730019007895452e-02 3.945476552029809625e+00 7.867766966108315607e+00 2.774520676244160455e+01 2.327660973576583103e+01 3.030406104544000101e+01 4.992625689210041884e+01 5.795814296514217290e+01 4.366307294059887312e+01 4.572949271645796188e+01 6.005696526865181539e+01 6.600413170893051529e+01 5.434495237142543544e+01 4.018522209662136646e+01 2.020041629424192209e+01 4.018521890314601563e+01 3.730497282506777168e+01 2.378923679090344123e+01 4.379603545919778185e+01 5.485130205002860038e+01 4.662689619906695526e+01 3.114688562798750482e+01 8.450548211972845891e+00 2.120959821459605621e+01 1.508804216601005521e+01 2.475737649101273163e+01 3.815527741670031503e+01 5.750781160241723455e+01 5.784468221116660658e+01 3.788511748066550666e+01 3.082932130058958364e+01 5.078737684975309463e+01 6.234738552078822948e+01 4.514384081323110109e+01 2.514384053741047964e+01 1.514384053741030201e+01 2.669084592120773181e+01
8.338298177320474514e-02 2.008338298177284997e+01 2.784041536251583437e+01 1.435483383611775388e+01 2.843576432022562273e+01 4.787270406076466145e+01 4.268725938510852558e+01 5.606595405467797377e+01 6.577352572737623859e+01 6.604500068156144721e+01 6.600413170893051529e+01 4.607337497882642907e+01 4.666678482831427033e+01 2.668926679661780099e+01 4.018522209662136646e+01 4.844589912787677122e+01 4.879829194103007950e+01 2.878926588388901209e+01 4.879829199063489398e+01 5.721848312991979668e+01 3.730346943464488163e+01 2.971484618154325474e+01 9.738860570497513081e+00 2.916838170241812378e+01 3.429043996878216660e+01 2.868153081848108954e+01 4.212485053703190374e+01 6.160872249434183345e+01 6.611939180864379750e+01 5.784468221116660658e+01 3.975556331043920721e+01 5.905989909267640314e+01 6.514384443336507502e+01 4.514384081323110820e+01 3.822990773108858775e+01 1.822990753665219188e+01 3.822990773108858775e+01
2.372884694381488524e-02 1.157073423073622997e+01 3.157073423073587293e+01 2.791595569112131514e+01 2.849986265208695002e+01 4.852564445994934772e+01 6.164861362184774407e+01 6.927710219627536503e+01 8.131174012750068414e+01 8.224887137284025584e+01 6.235320978237530909e+01 5.449710394565198612e+01 3.453362895763414997e+01 3.823366133903193997e+01 5.492329249991064444e+01 5.880643848244569227e+01 3.879014549328393713e+01 3.879014549328393713e+01 5.709387409128272850e+01 5.139981800021853076e+01 3.146457067884571757e+01 1.735261817478789936e+01 1.103526493003292508e+01 3.100965410934433564e+01 4.117462692712791039e+01 4.783154450955757397e+01 5.015130526039128256e+01 5.843612094298023152e+01 6.738321775457364993e+01 6.798767748943136269e+01 5.386365308524526796e+01 6.798767748943136269e+01 6.359164253056503924e+01 5.530734353853430463e+01 4.143247087964787312e+01 2.143247061275398835e+01 3.557460623735839533e+01
7.631710034972485901e-02 2.007631710034937100e+01 3.985500547819712125e+01 4.649483866900160223e+01 4.849821504219906387e+01 5.698553358321675688e+01 6.517863206276906851e+01 6.370733011871661233e+01 7.190221702856963759e+01 8.586973824970550595e+01 8.224887137284025584e+01 6.274876435315961487e+01 4.452932863654717721e+01 5.818664573367779980e+01 6.643743307233698658e+01 5.293998255541789177e+01 5.293998255543287712e+01 5.293998255542469877e+01 6.710451566965011239e+01 5.139981800021853076e+01 3.146457067884571757e+01 3.730346943464488163e+01 3.100965410934433564e+01 1.292083578144360168e+01 3.289261114860038759e+01 4.072355482186237907e+01 3.015224813251904479e+01 3.909001338390805813e+01 5.324152040309344613e+01 7.324388846353598126e+01 7.383218776242898684e+01 6.944948067181907447e+01 4.944947853698757001e+01 3.530734290983697576e+01 2.927711601828148957e+01 2.569648493986627358e+01 3.724349032367948809e+01
2.239863785106879432e-02 2.002239863785071350e+01 3.912748819706580150e+01 4.693557439645866225e+01 5.880733897169886859e+01 5.944867953674381056e+01 4.552055159483447255e+01 4.405526063650493995e+01 5.793469580743364133e+01 6.796360955062888820e+01 7.616904963469970369e+01 7.271330444498572376e+01 6.446487925400577979e+01 7.271330444498572376e+01 8.126903900886223653e+01 6.709995669121410344e+01 7.296931604579906150e+01 7.296931596343895876e+01 7.353473727479462241e+01 5.962659738118630770e+01 5.139981800021853076e+01 4.954937510621012819e+01 3.626821485323984717e+01 1.629946360502172809e+01 1.498885557320359396e+01 2.074957024691806495e+01 4.072355482186237907e+01 5.843160035965840393e+01 6.738321775457364993e+01 7.613456619262488800e+01 8.437532675733673670e+01 6.795645526027395533e+01 4.795645355095825124e+01 5.530734353853430463e+01 4.927711645741943869e+01 3.041053014777667229e+01 5.041053083934024670e+01
6.490672536223988931e-02 2.006490672536188313e+01 1.917827730674420650e+01 3.071671565373841162e+01 5.061681715670363957e+01 5.127827005878166489e+01 3.165842196581173340e+01 5.127827005878166489e+01 5.805867756978226879e+01 4.825918889742647622e+01 6.477489676669208052e+01 6.802441604438816114e+01 7.622825298318011278e+01 7.658168861141253103e+01 8.480707652594539070e+01 8.713920248181533168e+01 7.922902567234072535e+01 6.767777689090490867e+01 5.353065832752670872e+01 5.479695718046767894e+01 5.052915975404270910e+01 4.126181990927174326e+01 2.128647248551026649e+01 3.626642724355125580e+01 1.650447738646190743e+01 3.646901773378623091e+01 3.863550319607973194e+01 5.862255744268999536e+01 6.199550930518972081e+01 5.613892018324938959e+01 7.613456619262488800e+01 7.624077612533086779e+01 6.209858920283908645e+01 6.674046538911110815e+01 4.674046179911891841e+01 3.644075703933215493e+01 5.041053083934024670e+01
7.333276091007127906e-02 7.632616528915796117e+00 2.532808723855290012e+01 2.940849081872029558e+01 3.439193835576698177e+01 3.768063786320283270e+01 2.577726452813647029e+01 4.536266327985878632e+01 3.827542300637581718e+01 3.679542619863568831e+01 5.194267354445261020e+01 4.832838439455201041e+01 6.266521718160955601e+01 5.690082598721778595e+01 7.658168861141253103e+01 8.775847716882297789e+01 7.093995004278600902e+01 5.093436026587714593e+01 3.937033973204914616e+01 3.477921287199930589e+01 3.052139155040336504e+01 2.661179101268354685e+01 4.126181990884419548e+01 4.474775351273303414e+01 3.647167508146586812e+01 1.867122270226983360e+01 3.863539355452432744e+01 5.198667904339386325e+01 4.197698157245633865e+01 5.613885369649018031e+01 7.612976119698859634e+01 8.567340866301262281e+01 8.209859494269814206e+01 7.502482545765646194e+01 6.276531462548932438e+01 4.276531235966913869e+01 6.276531462548932438e+01
5.145395647001294037e-02 1.930523769987927807e+01 5.389135363682505009e+00 1.569018710042150033e+01 1.963987061483956964e+01 1.811389765500847915e+01 3.640045139412537623e+01 3.921513222286943545e+01 2.405347912991589254e+01 2.805312402537884964e+01 3.211553527721831358e+01 3.749060419790075827e+01 4.301044030246458760e+01 5.690082598721502904e+01 7.658168858194096629e+01 7.946685688331545805e+01 5.946948777057895086e+01 4.791287049780195417e+01 5.938971739979042042e+01 5.479695718046767894e+01 4.466787842717904056e+01 4.660531358116767109e+01 3.252359891376737266e+01 4.188735339070363040e+01 2.192689996853394518e+01 2.076195463992647205e+01 4.073020409610192871e+01 3.196792061139606744e+01 5.198079416329827751e+01 6.718931256289721432e+01 7.585710000302077560e+01 6.575277491738675906e+01 7.985733651142251688e+01 7.909525578811063440e+01 5.909524409906381237e+01 5.431231774371849497e+01 7.104967300972344901e+01
9.635555453094322986e-02 2.265660132717270070e+00 2.234495829516215437e+01 8.591797394336870397e+00 1.088792908300692197e+01 1.354505229716227710e+01 1.628346706608360606e+01 1.911429094022619068e+01 2.589844273883364068e+01 4.587347711064512623e+01 5.194267354445261020e+01 4.470625802089230660e+01 6.266521718044642597e+01 5.690082598721502904e+01 7.658168858194096629e+01 8.206164165173606762e+01 6.206427833966400698e+01 6.206427833963738294e+01 7.620954226417282484e+01 7.296880095953119394e+01 6.007070517325821157e+01 4.008518595419462116e+01 4.521637595399432286e+01 2.524231242102419870e+01 4.188153368240067920e+01 2.086213713633837230e+01 2.372278205604053980e+01 2.595859517958285068e+01 4.000614065533525121e+01 4.811110155758996854e+01 5.896376076702844671e+01 5.164579086490524418e+01 7.158739345594685233e+01 8.540340357753250089e+01 7.909525578811063440e+01 7.431232680764685483e+01 8.259680194606841042e+01
4.067814134485068372e-02 1.979534883859106031e+01 3.091635240170207055e+01 3.343198254067877428e+01 3.099820565256889182e+01 2.781964454437333600e+01 3.640045139414677067e+01 2.741292195889995398e+01 4.587347666952651792e+01 3.751509297837567658e+01 5.729124216991382923e+01 5.607247578739424654e+01 7.259043995981434705e+01 7.658168858194096629e+01 8.480707252227885817e+01 9.035481460918047958e+01 8.206164164667292482e+01 8.206164147601138836e+01 8.008810348933120338e+01 6.015714361789915898e+01 4.862264540772758181e+01 6.007070517349458783e+01 4.791145110479430969e+01 2.792421231389709391e+01 4.791144861163745361e+01 5.197283731545903862e+01 3.373637465784838696e+01 4.595027981802449091e+01 2.939564442776149278e+01 3.397577386548208978e+01 3.898305766603884592e+01 4.566615973607255086e+01 5.721160774804066307e+01 7.712913434203790075e+01 8.305627072220282514e+01 7.322264964610685922e+01 6.502343275497290165e+01
4.598823041778624804e-02 2.004598823041743216e+01 3.138717884576406547e+01 3.805384550352736284e+01 4.621881129114410669e+01 4.776968679195056211e+01 5.554548386580736974e+01 4.157219878945510061e+01 4.735745191558769562e+01 4.896533992738164187e+01 6.547895902781894506e+01 7.576331163961259563e+01 8.398614955669870596e+01 8.552368255586966939e+01 7.736636861661678211e+01 8.552368255586966939e+01 8.799624085936029871e+01 9.611441795982166525e+01 8.835781939642411942e+01 7.611538297989956448e+01 5.618116939666982290e+01 6.480920920442297017e+01 4.483433191254376737e+01 3.068566057368344957e+01 5.068483801796600119e+01 6.203394076255489864e+01 4.788728101111194491e+01 5.769833459005639043e+01 4.940841126296382413e+01 3.360337287316684751e+01 5.362837805540419822e+01 6.562974500140207113e+01 5.979595341677086395e+01 7.971376376507672035e+01 7.480427537384832704e+01 5.524259013609736257e+01 4.555070269944499017e+01
