MOVIE_S13_data/elevation_000777.asc
nrows	150
cellsize	150.0
xllcorner	0
ncols	150
yllcorner	0
NODATA_value	-9999
[rows 68 to 84 of 150, columns 111 to 147 of 150]
7.950934304119499529e+01 7.908750511291054863e+01 6.450875865918622765e+01 6.461252517238457926e+01 8.205709103162251949e+01 8.915669929106302050e+01 7.611962490286943250e+01 5.586880876069307789e+01 7.611962490286943250e+01 7.254113856131151294e+01 8.048465097752344377e+01 9.944637025719090673e+01 1.114224371990356133e+02 9.170325428094686515e+01 8.587730097113957584e+01 1.001066308566260830e+02 9.389390436178995003e+01 8.494742045674058772e+01 7.666154194702065183e+01 6.948350878489360127e+01 4.947849420412318722e+01 5.362165729054308372e+01 5.582890464949395692e+01 5.234687093603936603e+01 4.901315691098694316e+01 4.540441440929755146e+01 2.540281902826691507e+01 4.032400410210293984e+01 3.557650206332191090e+01 1.557560206236591327e+01 3.292731812139350467e+01 3.107824527137902493e+01 2.359223813053278462e+01 2.784383975827594782e+01 1.350037544136658774e+01 3.350078931596750209e+01 3.419951597586732106e+01
7.208642649108729472e+01 6.394819290656699451e+01 5.064034776944486538e+01 5.234447053199261291e+01 7.333078294191254543e+01 8.082419647611695268e+01 6.066014050161115989e+01 4.976945809917175012e+01 6.969145805111159575e+01 6.137250560728912774e+01 7.300433291493892796e+01 9.266742808010755539e+01 9.199557183131224747e+01 9.181642790398973375e+01 7.140815669777582286e+01 9.181642790398973375e+01 1.014573038519009884e+02 9.628075231340349660e+01 7.627702082424005425e+01 6.213066755294327947e+01 6.948350878489360127e+01 7.362670973833363064e+01 6.981527689698333461e+01 6.314821058125576059e+01 5.099347624737481510e+01 3.114592125604338335e+01 3.344124627716443143e+01 4.843002137089576564e+01 4.386189251342764095e+01 3.292731812139350467e+01 1.292653734823341516e+01 1.107753669414930187e+01 9.449959776606968731e+00 7.843521118801956682e+00 2.574565112297407055e+01 2.429610949642731299e+01 2.286015285186184443e+01
6.107400712436221824e+01 4.457165030971899000e+01 4.064129920300810284e+01 5.489117192333451811e+01 7.527589873726914504e+01 7.742876245151047954e+01 6.436031371529763589e+01 4.417297868045904607e+01 6.184977507120846241e+01 5.311994088010095538e+01 7.044803292750428625e+01 9.472121022820765290e+01 7.858514323727551698e+01 8.298544111835974491e+01 6.422290825882356557e+01 8.461180769034706373e+01 8.118921018433152881e+01 1.014573038519009884e+02 9.042172703695173652e+01 8.213597812838115431e+01 8.396690226473890561e+01 6.395348174003589037e+01 4.981407799978693163e+01 4.319398733967499027e+01 3.724138941354546262e+01 5.099347628121000042e+01 4.691483298547602487e+01 6.247308902097992700e+01 4.989609106530367910e+01 3.611734649318884749e+01 1.615753958504343046e+01 3.107824527137902493e+01 2.945046185700832098e+01 1.987246473793345913e+01 5.746951445358111421e+00 4.295998945138082448e+00 2.860082627902599928e+00
5.311196686771371134e+01 3.306666373966033490e+01 5.311196686995408811e+01 6.930584787446130690e+01 7.046587614485487450e+01 6.216818526416845003e+01 4.908271908893886604e+01 3.955746470422729288e+01 4.444298077468126706e+01 5.627631319951267841e+01 7.704400231611485594e+01 8.934183896565390626e+01 8.102304346195120388e+01 6.339232309129059928e+01 5.779200499871745222e+01 6.455212916721421834e+01 8.490847467040755703e+01 9.312758878643010974e+01 9.534264381853373038e+01 9.662093618856566479e+01 7.661315179440047984e+01 6.245921038726162777e+01 6.780992354898799590e+01 4.783295727785027651e+01 5.713178593638398439e+01 6.541449253436695699e+01 6.896260839965775347e+01 5.635762056385545549e+01 4.164894421131912594e+01 2.170448500336084763e+01 3.032216017325633217e+01 4.436726224100592475e+01 4.700621393847907825e+01 3.399521350988131729e+01 1.729514476379495136e+01 1.844977938312678489e+01 2.286015295412492776e+01
4.514566260449693402e+01 2.869094295311179721e+01 4.831919169464649855e+01 6.107726370239710434e+01 5.890152960428021345e+01 4.213912791172712247e+01 3.489211478426558699e+01 4.888390817730551419e+01 6.501797738850925157e+01 7.392271932367614795e+01 8.554407256713287211e+01 8.102304346195120388e+01 6.075168882139792004e+01 5.466237933324492104e+01 5.165247801593893939e+01 7.203399134492408962e+01 8.710898585172587616e+01 7.275773656558385483e+01 7.498895703352695818e+01 9.534264381853373038e+01 9.076002243565167760e+01 8.247329616693308196e+01 7.609747937193300515e+01 5.935295343040252192e+01 7.609747937193300515e+01 7.304814817980881969e+01 6.415957461554972951e+01 4.811154746967150686e+01 2.819246645896135561e+01 3.323940099076596510e+01 4.989609106530367910e+01 5.915412824437142092e+01 5.449762549453731708e+01 4.539277068346633115e+01 3.729194083187302056e+01 3.863887259096877358e+01 3.416041966970735189e+01
2.514482839387309454e+01 2.451677095196525258e+01 3.325596730239619347e+01 4.952225773947250786e+01 4.662015270775700770e+01 3.057333129655966886e+01 4.473842852813096016e+01 6.325573953656092385e+01 7.618410944308200783e+01 8.371316244142572316e+01 9.201309477257221658e+01 8.101542029155098135e+01 6.667825355181884106e+01 4.645294196544062970e+01 4.684085429978058102e+01 6.723350797728980410e+01 7.872392814930185523e+01 5.831330308374865723e+01 7.458711524578559704e+01 8.298087894131009534e+01 8.303053995035138257e+01 9.139704368572135706e+01 8.764949346854830026e+01 7.936235957652547768e+01 7.883764821223763875e+01 5.896166161690171492e+01 4.494001056678911965e+01 3.602922923335199101e+01 3.971387192305709135e+01 5.313659388481795531e+01 6.138750737747096053e+01 5.481256549567942926e+01 3.397784764652671896e+01 3.692788003077715331e+01 3.355015310158778874e+01 2.983634531109982646e+01 2.630084028240550253e+01
4.514557976660658056e+01 4.364010033336791849e+01 2.363765429959513753e+01 3.789889580175984918e+01 2.661171233222972887e+01 4.662015270775700770e+01 5.890152960428018503e+01 7.306462896188618572e+01 8.045927061344654874e+01 6.371212100487323227e+01 8.045927061344654874e+01 7.270058938479265009e+01 5.233320752431803413e+01 4.055832979092892288e+01 6.094363661644359098e+01 7.561386548183017453e+01 7.150768245324739780e+01 5.106448141235655669e+01 5.415507661153468888e+01 6.860490834386818904e+01 6.262961608666485347e+01 8.303053995035138257e+01 9.405248374219758034e+01 8.577650721841264669e+01 8.359133817372237729e+01 7.304814817980881969e+01 6.415957461554972951e+01 4.494001056678911965e+01 5.958298559908619296e+01 6.784010860743450166e+01 5.833592601013474166e+01 4.996577414307002130e+01 3.748041033018535018e+01 1.747012301146893520e+01 1.354780042859682254e+01 9.833893675400153356e+00 6.298359770044046790e+00
5.843180795498867752e+01 5.191901608042136473e+01 4.276610152571531387e+01 2.275849480401425851e+01 4.193761783602293747e+01 4.731563368645015544e+01 5.572207236328442548e+01 6.740843590488054815e+01 7.216555578395923476e+01 5.214680464675140570e+01 7.216555578395923476e+01 7.205781303541081684e+01 5.168334428404304504e+01 3.726859254571776603e+01 5.317578731717954099e+01 6.164894577114274199e+01 7.991006515973153057e+01 6.279067224020804616e+01 4.230654493939456273e+01 4.814689533267605981e+01 6.860490834386818904e+01 7.304266965774193920e+01 8.144971908294945706e+01 6.580770179391556951e+01 6.362464645033961830e+01 7.775276159901123663e+01 7.304814817980881969e+01 5.896166161690171492e+01 7.304814817980881969e+01 6.992449023653662721e+01 5.001254706621959656e+01 2.998916603627710131e+01 2.395897066517746410e+01 3.748041033018535018e+01 3.355015310158778874e+01 2.983634477687659370e+01 1.446332025355208373e+01
5.712228804215852307e+01 4.577622095268762337e+01 2.577764409194791639e+01 4.191893711942162071e+01 2.193138815241556472e+01 2.841340364435035681e+01 3.879603161618047835e+01 5.903717380882439159e+01 5.613697956862876737e+01 4.507308482035690389e+01 6.508785844395652020e+01 6.912254019346221412e+01 5.731212930934542982e+01 4.889475838349572001e+01 3.281051550863753619e+01 5.318633977575043303e+01 7.212578745441194883e+01 5.168170825162250281e+01 3.719315416953724451e+01 5.766964041500467886e+01 5.858798621954040442e+01 5.260173509616361542e+01 7.304266965774193920e+01 6.947275505825717801e+01 4.953487469642724506e+01 6.947275505825717801e+01 8.110119951121153292e+01 7.883764821223763875e+01 7.579988966280816953e+01 5.570183441164115834e+01 4.153842103038115141e+01 5.001254706621959656e+01 3.151824412847280499e+01 5.154016024985625677e+01 4.861470765430503604e+01 2.860579872843256766e+01 3.446627691108475489e+01
4.885015210529086715e+01 2.884480989494227998e+01 4.578096524237316345e+01 4.136316097685103443e+01 2.134663776120236633e+01 4.136656078485475518e+01 5.556268607477770871e+01 4.912438402036104890e+01 3.630222851969210041e+01 4.767801594347020000e+01 6.769213877028393256e+01 6.069852156461745096e+01 4.027310601878888008e+01 2.857670080927330858e+01 4.890590240092336671e+01 5.684985085480916922e+01 6.530575330477867624e+01 5.372893879971191211e+01 3.328588935826288520e+01 4.836033100184867095e+01 3.813315475459882720e+01 5.858798621954040442e+01 7.648114085178060861e+01 5.652435789844627578e+01 4.289598408321310785e+01 5.286373659518487500e+01 7.281281412614140436e+01 8.500543332479809067e+01 7.683372414140517037e+01 6.992449023653662721e+01 6.158841850604609647e+01 5.985797677839502029e+01 4.306805039660899581e+01 5.985777851632415292e+01 5.691167159801812403e+01 4.861471519229439053e+01 3.156990304484423504e+01
3.198638018604984623e+01 4.885015210529086715e+01 5.493004427105382348e+01 3.492980899020144392e+01 2.076126683867724054e+01 3.997417854505129498e+01 4.302984736552500777e+01 2.972566980386497448e+01 4.912438402036104890e+01 6.442935660633621353e+01 7.598607216522076158e+01 6.053603240163247534e+01 4.011862295738895057e+01 2.579576056933051476e+01 4.240567302306292419e+01 3.643106451095449216e+01 5.684508201787934212e+01 5.224773380198551109e+01 4.380355286912106294e+01 2.798188825929122103e+01 4.836033100184867095e+01 6.702130400440685776e+01 7.156102546123517527e+01 5.652446052945324340e+01 3.659512290056085959e+01 5.652446052945324340e+01 7.161719604902279457e+01 7.355405626698274091e+01 5.695540268093681391e+01 7.355405626698274091e+01 7.304992259611978511e+01 7.144600029042155143e+01 6.311393212386023777e+01 6.205296980102422566e+01 4.202706964665716782e+01 4.202706964665716782e+01 3.985417429230548692e+01
3.208625840376659966e+01 6.023878940346207855e+01 5.513554325967162839e+01 3.587628131861433189e+01 3.072310070409993443e+01 1.993422346760651820e+01 2.393298071112960912e+01 4.302984733228122138e+01 5.739795792457103119e+01 7.531869029248738912e+01 7.345394710035479591e+01 5.302897684114741139e+01 3.859476241910741834e+01 4.240567276991045986e+01 2.213274900259941091e+01 3.890368878120505514e+01 4.736315351040649801e+01 3.961233755589343986e+01 2.348595827506307288e+01 3.517123897748486172e+01 5.559551198434884611e+01 7.156102546123517527e+01 5.160924334387033952e+01 5.182711151019410778e+01 3.189241943526213419e+01 4.340150281424219258e+01 6.333670703121147483e+01 6.535696989516586086e+01 4.529144668153330855e+01 6.247932578740057608e+01 5.313066648018541827e+01 6.716140539588523950e+01 6.371213765542881902e+01 5.220898471848849454e+01 4.202706964665716782e+01 2.201822540715646070e+01 2.937236541778477772e+01
6.348982189378925511e+01 7.437510034242886547e+01 6.339381210179692516e+01 4.991677855337434977e+01 2.870544539717790755e+01 1.935536199300652882e+01 3.940329738674007132e+01 5.120524639526463773e+01 4.643907427617681805e+01 6.094468428736856680e+01 7.123172484154065387e+01 6.743852671278682465e+01 5.901129880796674598e+01 5.084564088535340431e+01 3.894008278922380129e+01 1.868794800382585564e+01 3.559812354325208617e+01 1.934126346007145258e+01 3.961233755589343986e+01 5.224771327732278792e+01 6.402870753474448406e+01 6.937527700356996263e+01 4.942805856378954132e+01 3.533122521451301878e+01 2.772333289673309764e+01 4.183072916524747598e+01 6.176885098297960042e+01 5.777291498807078796e+01 3.753577087267060364e+01 4.233202639462243155e+01 3.874725811813638643e+01 5.711677073262905679e+01 5.546042880066491421e+01 3.553528252672737864e+01 2.399859701625298314e+01 1.643983305580589516e+01 9.368803684204985771e+00
7.769152917920507662e+01 7.538263179104629330e+01 6.657599175340806141e+01 5.219871556930610268e+01 3.883366179214377922e+01 1.877788201177007110e+01 3.803710146381723689e+01 4.235774559593493649e+01 3.232525973571933520e+01 4.216041865636866959e+01 5.677139081109461216e+01 7.727415846296247537e+01 7.192998174009478873e+01 6.151070979954075568e+01 4.737717886736610495e+01 3.559814822958936276e+01 1.529320594349000118e+01 3.559814799485500458e+01 4.793351364814192550e+01 6.141312671065905704e+01 5.302668461640777764e+01 6.144278627575509688e+01 5.785874506777837922e+01 3.791804233219728104e+01 2.379241397105399258e+01 4.375853894182385773e+01 5.840371355396592179e+01 6.247932578740057608e+01 4.233202639462243155e+01 2.780837324978179836e+01 2.838690904589893194e+01 4.871510027339910209e+01 6.165302033021935557e+01 5.220898471848849454e+01 4.395664023576441082e+01 2.942236834129035827e+01 2.937236541778320742e+01
7.033488393132445538e+01 5.538706077499875846e+01 5.538706077726893540e+01 3.832052939964437144e+01 2.417737034866350498e+01 3.452775671622130460e+01 1.797218720008788395e+01 2.301730148560792344e+01 4.239346177440655339e+01 5.881261157962969577e+01 5.550870550126709446e+01 6.383750040103056733e+01 6.403623050488323543e+01 4.574999923545664160e+01 3.528063748401132216e+01 3.380654404815350489e+01 1.341396237376248202e+01 3.174977716833593888e+01 4.134958469449962593e+01 5.127029907606873138e+01 3.273757053071766876e+01 5.127029907606873138e+01 5.194730815562601833e+01 3.200025737109277202e+01 2.044467784860026427e+01 3.017078185925650047e+01 4.428724760391190785e+01 5.358759716541805318e+01 4.567456971681806266e+01 4.053962693338435486e+01 2.004133953971575366e+01 3.446298236090332523e+01 4.694171798378894778e+01 5.517729237640396889e+01 5.819947501737064499e+01 4.196671391334284351e+01 2.158667992181431572e+01
5.618523714404119573e+01 4.207451179490757198e+01 3.543415127182521474e+01 3.009541470994113865e+01 4.416883141992213524e+01 4.562153994768483045e+01 3.724268597162563310e+01 1.717010618344558281e+01 3.058849160958101265e+01 4.102518221324039871e+01 3.503185752403290110e+01 5.550872169549535329e+01 5.896766086803631168e+01 5.524195668841929319e+01 3.667265698578515298e+01 2.341827400873825482e+01 2.768012719542862143e+01 1.122178295751721855e+01 2.899815843471397514e+01 3.283796991083310246e+01 2.279574080395191160e+01 4.287799585154220239e+01 6.022095128869366931e+01 4.869970511677429670e+01 3.601667380291323894e+01 1.600469964257085209e+01 3.471649286153628111e+01 3.933441385109156130e+01 2.090346911092595406e+01 3.608584531910967286e+01 1.595072093833954163e+01 3.083675790873158107e+01 2.703963879084794542e+01 3.823040760495685930e+01 4.675789547042327143e+01 5.010375333676853415e+01 3.419085135019303578e+01
5.618523714404119573e+01 6.204333526866854243e+01 5.538706077726893540e+01 3.715322725037146512e+01 5.711031879144550771e+01 5.357893958679899526e+01 3.357001255317613442e+01 3.644533048517127582e+01 1.637550385581366896e+01 2.151006135929270258e+01 4.100540593704614167e+01 5.145577543337511628e+01 3.761261734496591203e+01 4.000580599569405393e+01 4.627684908717683498e+01 3.868611127192215093e+01 3.032529123877249688e+01 1.023163000293618552e+01 9.773616665196970033e+00 9.933802343614697605e+00 3.280678032467154992e+01 4.550248314366455560e+01 5.435468162595297770e+01 4.726838114063205154e+01 2.725344701460421248e+01 1.307416128362443963e+01 2.915011530623594638e+01 2.942852949450660560e+01 9.254111063626938360e+00 2.451911312168915558e+01 2.693704881085837499e+01 1.043302792236567278e+01 2.948759285230590876e+01 1.823739722243858452e+01 3.490587023244064113e+01 3.631841043844132599e+01 3.609128925042247005e+01
