MOVIE_S13_data/elevation_000902.asc
nrows	150
cellsize	150.0
xllcorner	0
ncols	150
yllcorner	0
NODATA_value	-9999
[rows 85 to 101 of 150, columns 0 to 36 of 150]
9.909797788131208263e-02 7.658387438065889619e+00 1.765838743806606814e+01 3.765838743811784894e+01 4.406037737965792900e+01 2.556941979667014309e+01 4.405942390088886640e+01 3.669953837201895652e+01 3.305775358261279706e+01 5.372167028157733171e+01 3.550573977077456789e+01 3.237396742083129197e+01 3.355355785490109355e+01 2.885425328354812180e+01 1.301719621463266741e+01 2.863418733636942903e+01 5.022324396919169232e+01 6.081238662723450261e+01 4.419630900691928588e+01 2.405151488956942885e+01 4.419630915000596616e+01 5.743805424342971833e+01 6.736784502989821988e+01 7.502664535292376513e+01 6.644168327463034984e+01 4.800440059278972882e+01 2.786363669608717331e+01 4.800399307735612098e+01 6.347563526630226960e+01 7.512523386946155313e+01 7.718580658996008026e+01 6.891199033670606866e+01 7.718385673476510078e+01 6.326457156381985669e+01 8.153392073021372255e+01 8.133187450989326805e+01 6.322911836747144321e+01
9.415221438935252041e-02 2.009415221438899835e+01 3.594265864229116403e+01 4.594265871178474470e+01 3.789477722066266807e+01 1.985246460167567051e+01 3.359217252361908379e+01 2.136917402398728782e+01 4.267634004027389238e+01 4.029410297762311899e+01 3.920086799944573386e+01 1.921670709560904200e+01 1.295085154876226419e+01 8.624489868136047122e+00 2.863561844918505983e+01 3.213142317565094430e+01 4.275247115783774632e+01 4.159823647060052565e+01 4.116461226567523113e+01 2.111613412358523689e+01 3.277464489518059310e+01 4.696924771216813355e+01 6.681330317409579322e+01 6.683033744820454558e+01 4.598248730479949131e+01 4.621267526397961944e+01 2.602905072696463051e+01 3.465387283410441910e+01 4.658966159890978531e+01 6.684881634936687078e+01 6.715969430920165451e+01 4.883063598013531248e+01 6.715930258502585559e+01 5.320092735788848870e+01 6.509979347576002340e+01 8.511887302719364357e+01 6.947641268200300146e+01
4.963357425232132331e-02 1.994527888539742122e+01 3.602951835395874980e+01 2.822042378713984334e+01 2.560881325137324893e+01 1.718886235364952952e+01 1.164902289135092239e+01 2.661383245119485252e+01 2.547868332631591670e+01 2.007072375563287636e+01 2.656969524564412310e+01 2.715489765731484795e+01 7.783034203173968102e+00 2.799322190423149692e+01 9.481311020488154995e+00 2.363138078510467466e+01 3.101745314943081411e+01 1.610627239345155459e+01 3.440827557146493376e+01 1.838943147047525173e+01 3.845626199586870797e+01 5.148278199684382628e+01 5.880595457229713929e+01 5.904246461439434768e+01 4.810289144801167538e+01 3.096524600614690925e+01 2.423374125363430664e+01 4.443630702452378500e+01 6.177382011613078561e+01 5.435411940885119009e+01 5.883380991847143804e+01 3.905386272055795160e+01 5.694095591089081410e+01 4.511477541730424434e+01 5.921910623131727647e+01 7.929702837736793697e+01 7.825740812184990602e+01
4.933116688397361227e-02 2.004932788874021554e+01 2.778755488681169084e+01 1.165567291790602411e+01 9.455139970014419859e+00 1.988313455806514440e+01 2.395330156244912700e+01 4.626011595813064758e+00 5.199848195572450926e+00 5.774762108689952989e+00 6.350994847356346895e+00 6.940039758223602639e+00 2.714482217016506738e+01 3.470354486164997354e+01 2.980182243058763092e+01 1.033979113197995758e+01 1.094780352289729564e+01 1.155740686375471604e+01 2.069716078118819169e+01 1.571056054830239113e+01 3.686350919805243365e+01 3.443726835276177667e+01 5.009917906072530513e+01 4.687391319734271633e+01 3.000419473308021878e+01 2.170700960217013531e+01 4.201758970943975413e+01 5.274448220935835252e+01 5.166708030954887221e+01 3.783857846955918092e+01 4.618961935252684015e+01 3.227707799730055882e+01 3.721464720141259619e+01 5.694095591089081410e+01 7.335539646198672870e+01 7.293858231467690700e+01 6.461555178071601802e+01
1.526490342185190564e-02 2.001526490336377861e+01 2.134896782101950663e+01 2.138791499026320153e+00 2.698469508773522207e+00 3.260582425520110128e+00 3.823395685297327429e+00 1.969347521227058451e+01 2.503745111000296930e+01 2.597289540879469882e+01 2.656687930062798841e+01 8.312070601682009396e+00 1.094200308973604940e+01 1.434252282332222883e+01 3.470862822293915428e+01 3.248429836745988553e+01 2.530127468845826044e+01 3.178800272649854719e+01 1.242281745375934321e+01 1.303632524606471499e+01 2.185559955744748351e+01 3.280723300395546715e+01 3.537015213067754615e+01 3.726682788588730233e+01 1.924818039122975222e+01 3.881204952599934899e+01 4.845946174478640245e+01 4.889801299554223135e+01 3.943161925140333324e+01 2.944979795174052484e+01 2.663059912456898815e+01 4.372295578550456696e+01 5.057938177488779274e+01 5.582153161991425350e+01 6.422271358275791897e+01 6.461577535982516451e+01 4.442341421926811762e+01
6.451982206334817838e-02 2.006450625616077588e+01 1.348836154015259359e+00 2.134905822938931408e+01 1.042856176664362344e+01 2.356936686505091316e+01 2.404123241862527038e+01 1.084536098458819176e+01 2.308568565809207840e+01 3.839007487007434349e+01 3.416781108449288240e+01 1.317758543625947709e+01 3.144897710543933655e+01 3.470862822293917560e+01 1.933239546438975154e+01 3.953890186650200178e+01 4.554785434745086548e+01 4.019775395786425776e+01 2.404312100033257948e+01 3.084681003805218680e+01 1.393133837081548698e+01 1.456666214337592891e+01 1.520443064172595093e+01 1.685144269505176595e+01 3.726682788597923235e+01 1.798021552961193947e+01 3.853012785322356848e+01 3.994122962083795869e+01 2.099525153943868716e+01 2.180702720151007412e+01 2.262172623093194801e+01 2.345322835735268896e+01 4.277131639658025364e+01 3.694958071850224002e+01 5.225795766561667222e+01 5.733496588154333296e+01 4.899194164559266795e+01
3.913075654229314186e-03 5.601127559994596439e-01 9.488208035385317984e+00 2.728262684722878362e+01 3.141330875927162936e+01 2.371559127619240215e+01 4.003891811670776946e+01 3.181040730368132685e+01 1.905165841929745696e+01 3.812870252770402146e+01 3.048633938125932019e+01 3.418474359351503011e+01 2.075985584797338390e+01 4.089720523359775228e+01 3.953890186650329497e+01 2.443286248582283449e+01 4.457424832613522625e+01 5.081130979382386670e+01 4.299414670376826564e+01 3.045586101875296237e+01 3.612429060295961136e+01 3.544018053332779772e+01 2.903443523693091777e+01 1.619250577466357299e+01 1.692840479434067902e+01 3.011655929234809292e+01 1.904570673741001485e+01 1.984999764246026999e+01 3.993565082790463805e+01 3.778860192106154159e+01 3.702254171813414985e+01 4.372492938522854899e+01 2.462970490061578133e+01 2.546145195078833368e+01 4.568065817992347633e+01 4.765400999170974927e+01 2.881319312886002493e+01
4.584400215457676980e-02 1.818643610468720340e+01 2.828915457334947448e+01 2.345352507727043800e+01 4.305157730196656729e+01 3.821352178180159598e+01 4.402329476235286165e+01 4.457869636793872559e+01 2.529908819510812634e+01 4.457869636793703449e+01 4.469398899139684289e+01 4.591588722182138582e+01 2.584118052270147103e+01 4.591588722182137872e+01 5.284041949070473265e+01 3.870761256572088627e+01 2.995520664664059751e+01 5.004087477784268856e+01 5.759718500896589433e+01 4.970695470751658007e+01 5.218058014022977176e+01 4.015470732054498626e+01 1.982922752732478955e+01 3.660843337817463095e+01 1.804514526147622533e+01 4.086360190869541498e+01 3.919550530018065615e+01 2.124626897577694251e+01 4.157645449577398011e+01 5.944995458625169249e+01 5.751309481207763952e+01 4.535232819876220844e+01 4.524909943511605803e+01 3.263934239892268607e+01 2.663626807971987631e+01 2.746706766107524444e+01 2.913731856458182889e+01
5.110194824248468631e-02 2.005108897191675155e+01 3.813001019009357861e+01 4.326324543538666489e+01 5.169151531580288150e+01 5.804932748630836414e+01 6.382511536911219707e+01 5.281042862516425629e+01 3.472054759837850924e+01 5.281042862516425629e+01 6.471765631835923216e+01 5.149648853516058722e+01 3.137534435199457405e+01 5.149648853516057301e+01 6.697322582141394776e+01 4.819980684777581104e+01 3.400338166071814072e+01 4.819980684777582525e+01 6.817446257001299159e+01 6.379265533004299016e+01 4.382403601096126522e+01 2.357875598755768820e+01 4.015470732054139802e+01 4.830984564974988871e+01 3.873509166491033540e+01 4.085027468655949434e+01 4.391355244803526858e+01 2.325738861772084576e+01 4.391157780452977732e+01 5.546602833632329066e+01 6.982617443761962761e+01 6.704965678252536065e+01 5.920381156847138016e+01 3.937097064988292061e+01 4.683456001190289442e+01 3.753882288152096436e+01 4.928058959560702590e+01
8.426844942499693569e-02 1.014843773274867900e+01 2.456248999430910374e+01 4.484479858157019549e+01 5.122194729335234342e+01 5.336508536869192199e+01 6.149247792325252959e+01 6.270411308321834554e+01 5.443684513749900589e+01 6.270411308321834554e+01 6.312244709011516619e+01 4.298569618624375011e+01 4.298569618624375011e+01 5.987881087752013798e+01 7.639092681771320770e+01 5.852531690638890893e+01 3.851220060372541099e+01 5.852531690638890893e+01 6.712733898032891489e+01 4.693993049999695444e+01 3.528536291746616627e+01 4.366552825613301536e+01 2.763816574564814132e+01 4.795520461964563452e+01 6.044868268224808361e+01 5.569480039566123963e+01 5.220116801179568711e+01 4.391355892458324917e+01 2.709683405059663386e+01 4.140227739876542756e+01 5.817603261800408632e+01 6.650572488971899077e+01 6.787294699186556102e+01 5.360120115331210400e+01 6.542404597014375156e+01 5.161087796367122138e+01 5.337279161783769865e+01
8.605372163575847333e-02 2.008605372163540181e+01 2.906295797230892930e+01 3.304211456571285055e+01 3.150211867491985984e+01 3.366241546039780985e+01 4.787662890637799507e+01 5.409777199339300324e+01 6.149331311963808133e+01 6.960715575995453719e+01 7.153333604776368304e+01 5.458295213902801635e+01 6.312244709011516619e+01 7.153333604776368304e+01 8.224483925501920112e+01 6.337350408158016535e+01 4.338391626550165370e+01 6.337350408158016535e+01 7.541931561788277349e+01 6.379265533004387123e+01 5.298678260735606216e+01 3.284864444784643922e+01 3.227117460838120877e+01 4.660419216131465703e+01 6.755006827303093075e+01 7.492381504409812010e+01 6.129072683375910913e+01 4.139510383823447626e+01 4.722239689765279991e+01 3.097458471951517467e+01 3.834004329474667827e+01 4.968362477996269888e+01 6.977687768663589907e+01 7.383533730548855090e+01 7.923721395360031750e+01 6.415313109189872876e+01 4.398517877123434516e+01
4.138936511288873743e-02 1.963438005309674139e+01 9.146360585238090479e+00 1.314633159869339352e+01 1.741022127420119148e+01 2.257335942605360657e+01 2.811645821134233358e+01 3.442479018861461526e+01 4.192655048884299163e+01 5.578272303399091214e+01 7.527989715356090983e+01 7.478761412878925796e+01 8.322737113364793515e+01 8.553367183317291733e+01 6.562628736236122506e+01 5.408469315994702242e+01 5.095358585221328696e+01 7.092015960958501353e+01 7.267445814576096552e+01 5.260694315053915915e+01 3.831129018238925710e+01 5.298678260735606216e+01 3.728648687035735065e+01 5.748615071736415416e+01 7.395276927712899351e+01 8.537172548671290429e+01 6.961429952295711132e+01 6.129072683385105336e+01 4.328480597016082498e+01 3.364161694130013558e+01 5.327988539710233340e+01 6.650572488971899077e+01 7.811125724585420471e+01 8.926537779073933621e+01 7.840679784817122311e+01 5.824907434401374928e+01 6.415313109189906982e+01
5.157706013992734845e-02 3.703060771966493636e+00 2.377838171108809107e+01 3.304211456571285055e+01 3.727792275342216044e+01 4.239614362538785031e+01 4.787662890637799507e+01 5.409777199339300324e+01 6.149331311963808133e+01 6.960715575995453719e+01 7.618048764718672317e+01 7.514053886878848232e+01 8.337498255832787208e+01 9.370994411374604738e+01 8.224483925501920112e+01 7.404013805008843008e+01 6.095412298755366010e+01 7.913241274818504678e+01 7.677968524203079426e+01 5.674600406338258551e+01 4.241511872255499327e+01 6.261373342847931411e+01 5.157630698064221519e+01 4.551730970016237876e+01 5.722829737474582856e+01 7.729733773508445438e+01 7.971224917335158011e+01 5.958076946693168452e+01 5.625318519964383057e+01 3.632551839166002594e+01 4.320376855370421509e+01 5.072552679036328982e+01 6.080607576370402967e+01 8.094604979638420161e+01 8.670769889911755968e+01 7.840679557991302318e+01 7.443053952959425601e+01
2.382929569487619859e-02 2.002382929569303371e+01 3.250674759442634354e+01 4.776843903586378559e+01 3.946487866444163473e+01 4.227470109707616075e+01 4.122778367911837449e+01 4.951798987994300916e+01 6.104397773390147819e+01 7.035515685780310946e+01 5.629418849021410409e+01 5.525148770350586602e+01 7.189361386197749937e+01 8.172468021367660640e+01 8.392165573499465836e+01 8.907444954834180351e+01 8.088619623161636696e+01 8.907444954834180351e+01 8.126803271837299292e+01 6.128851495608296318e+01 4.693242557054764319e+01 6.714038022382059978e+01 7.175377561817145988e+01 6.574632547527785675e+01 5.722977444200155617e+01 7.737588526812716339e+01 8.804508246577506725e+01 7.562899631776664933e+01 5.938572256653703363e+01 3.932769662112989550e+01 5.938572206852794721e+01 7.087606269463046260e+01 7.920349506516296856e+01 8.926537779073933621e+01 9.005734830334766627e+01 7.849488202116280888e+01 6.610455999769210678e+01
5.645186759752304773e-02 1.418457600452687828e+01 3.400319946130515092e+01 3.615943388618106979e+01 1.942987438594974492e+01 2.357620909128749531e+01 2.128460701286014611e+01 3.281118871018678362e+01 5.275856989270645414e+01 6.039553774836552691e+01 4.218510001652942520e+01 4.372919435994491977e+01 6.365758982458633142e+01 6.170186596087383890e+01 6.389065543450319495e+01 8.392165573499465836e+01 8.360408373624856893e+01 9.188909551122381458e+01 7.889850329809419804e+01 5.866896526907563469e+01 6.122530659162848110e+01 5.710022068646966176e+01 7.718053976117158754e+01 8.562959584789862788e+01 7.152605742984617621e+01 8.562959584789862788e+01 8.154018517313519965e+01 6.140137439254875318e+01 4.712263437841952651e+01 4.325887993995159064e+01 6.341743323206735994e+01 7.888336153172657816e+01 7.957444112063706143e+01 9.962587840900850722e+01 8.176917476524432971e+01 6.173802256651983100e+01 5.086367146836126807e+01
3.230056327165653496e-02 2.002960132917236891e+01 2.351996364565150799e+01 2.529452079259644748e+01 7.878042470592857782e+00 9.743052086016650293e+00 2.974107284304635712e+01 4.079672549731059661e+01 5.255862129522949289e+01 4.434497091724899320e+01 3.219170777902973413e+01 5.215192533855824308e+01 5.688488463227048442e+01 4.758310369579751153e+01 6.756641247708107301e+01 6.949739521008103793e+01 6.365421350236947262e+01 8.360408373624856893e+01 8.671017501729102150e+01 7.021264646917775565e+01 8.036896670209269189e+01 7.139995178499290773e+01 7.139995178499290773e+01 9.113611365175307810e+01 9.150247126784761065e+01 8.897992116390126682e+01 6.889248350198342052e+01 5.721735740262212033e+01 6.729989550514974894e+01 5.085357892231446186e+01 5.035927988104929653e+01 5.941569214740493976e+01 7.369965601276275891e+01 9.375742766959501751e+01 8.910876911566452918e+01 6.900973327888600295e+01 5.498834855933246502e+01
1.981640276397510572e-02 1.767224516086049135e+00 3.521340554700094660e+00 5.296053573532072178e+00 2.529452082497756393e+01 2.974107284283545383e+01 1.251655303626520244e+01 3.251316797350691701e+01 3.746527370677186042e+01 2.434823850455873639e+01 4.418272810808555562e+01 5.681555961085427242e+01 3.690517495881220356e+01 5.419951365811633792e+01 5.797859429149189481e+01 4.954624677681359657e+01 6.815765765065143000e+01 7.411815034100898458e+01 8.232121706644332448e+01 8.937186765428303659e+01 9.600030884993732627e+01 9.113611365175307810e+01 9.113611365175307810e+01 9.914403346618988166e+01 1.084564243038132219e+02 9.729321020513872043e+01 8.569865801883260303e+01 6.889248350198342052e+01 7.937501287109441250e+01 5.991027385984006060e+01 6.204764301377676361e+01 6.204764301377676361e+01 8.218614267833362419e+01 9.409744241698544442e+01 7.402440307227142569e+01 6.236969983580151222e+01 7.489660458016693667e+01
