MOVIE_S13_data/elevation_000249.asc
nrows	150
cellsize	150.0
xllcorner	0
ncols	150
yllcorner	0
NODATA_value	-9999
[rows 0 to 16 of 150, columns 0 to 36 of 150]
8.271705653423140625e-02 2.127631151761726416e-02 9.425194436011796739e-02 4.939197167322698090e-02 3.975871534419905817e-02 6.171646774684565184e-02 1.696294146011132625e-02 1.936121709489252440e-02 4.216450047424835645e-02 2.297044857093000214e-02 6.704298068806634203e-02 4.162315340452049650e-02 3.835349583220235004e-02 2.777463300387698203e-02 2.207885817162396139e-02 7.161913568127860341e-02 9.025521335945362045e-02 3.502399586135773735e-02 8.040414306008919487e-02 3.131346976591601466e-02 7.604099264847130613e-02 2.387740603804927586e-02 5.687112022313325910e-02 4.074439634684711570e-02 8.709178300582484655e-02 7.612946965408906586e-02 1.077918208624280109e-02 9.929772718869623455e-03 4.600412614040166881e-02 2.152795518990661267e-02 2.378824418737431057e-02 9.511189423522797837e-02 9.406546861214974686e-02 1.749038473908382007e-03 2.223905489293687143e-03 6.269637160239108220e-02 9.476101746191394060e-02
1.795629399984677299e-03 2.000179562939963063e+01 2.009425194435976181e+01 1.419152759540430253e+01 1.158676409913681660e+01 2.006171646774648920e+01 1.001696294146002408e+01 5.364586055343402826e+00 2.004216450047389131e+01 1.416510607230200591e+01 2.006704298068770953e+01 2.223802055764449115e+00 2.003835349583184566e+01 2.002777463300352068e+01 2.002207885817126964e+01 6.738285802347974141e+00 2.009025521335909659e+01 2.003502399586100324e+01 5.080404143060109234e+00 2.003131346976556060e+01 2.007604099264811737e+01 8.968149316021959194e+00 2.005687112022277674e+01 2.004037332773072677e+01 1.221187737253309091e+00 2.007612583446674748e+01 2.001077814810813749e+01 8.954201682717949140e+00 2.004600412614004767e+01 1.416366357892098193e+01 2.002378824418702052e+01 3.297674970336977207e+00 2.009406546861179521e+01 2.000174903847355168e+01 1.000222390548938023e+01 2.006269637160203700e+01 5.439985855710424367e+00
4.163169627051844027e-03 1.414629879335787699e+01 3.414629879335716822e+01 3.419152759540500597e+01 2.572889972286801807e+01 3.830123418892091536e+01 2.415909856519072463e+01 1.091158801759574182e+01 3.091158801759609887e+01 3.416510607230271290e+01 2.441914823979552907e+01 4.419087255558265426e+00 1.856122711735197583e+01 3.856142086091060861e+01 3.380935361421421703e+01 1.380935361421351182e+01 3.380935361421421703e+01 3.024438193800373398e+01 1.024438193800337693e+01 3.024438193800373398e+01 3.725194865692209589e+01 2.051515468194740066e+01 2.916240078673122937e+01 9.065064956912436855e+00 2.067209734767165941e+01 2.865177610306878897e+00 2.313620672342160489e+01 2.309633731018765701e+01 2.895420191995036419e+01 3.416366357892168537e+01 2.654210354829765350e+01 6.542103392952241414e+00 2.654210354829765350e+01 3.828649515295228412e+01 2.414435952922058348e+01 3.098698781796311863e+01 1.098698781796276336e+01
2.016265153036126551e-02 1.416229827526118612e+01 3.416229827526047558e+01 4.301056966244858870e+01 4.572889972286872506e+01 5.244336981265161768e+01 3.694181490915182309e+01 1.694181490915111965e+01 3.694181490915182309e+01 4.081172309466911230e+01 2.081140584395116733e+01 6.669263057410322659e+00 2.666936314080417247e+01 3.815802361539041243e+01 4.209362486167641748e+01 2.535635899800623250e+01 4.209362486167641748e+01 3.601788462990044337e+01 1.601788462989973638e+01 3.601788462990044337e+01 4.879862848567214684e+01 4.051509933072567549e+01 3.474560198152226320e+01 1.509291928824081630e+01 2.397964646648447840e+01 4.031601297346482760e+00 2.402945321398017242e+01 4.309634369484073346e+01 4.895420581329938869e+01 4.146972643376662404e+01 2.146972579567743011e+01 9.922720411866336576e+00 2.992272068157313925e+01 4.423708085527731981e+01 4.414435952922129047e+01 3.731154313830033686e+01 1.731154313829963343e+01
9.594114293757748102e-02 7.167008954803082865e+00 1.472629841498769387e+01 2.627330379878041455e+01 4.627330379878112154e+01 4.959092554982556322e+01 2.959092554982485979e+01 3.108395053288232290e+01 4.522608615661201270e+01 4.157468215161095060e+01 2.936623173133895648e+01 9.366062507263313464e+00 1.299381837790655680e+01 1.815779617354980147e+01 3.815802389228460356e+01 4.535635899800693949e+01 5.364063024546913283e+01 4.268455129656722846e+01 2.268455129656652147e+01 4.268455129656722846e+01 5.789136646126581809e+01 3.887151692404474090e+01 2.504889041663389193e+01 3.474537180300006867e+01 2.520171078959091915e+01 5.204022060867576016e+00 1.934547288832395040e+01 3.934380927491301350e+01 5.643676872633974284e+01 4.975401827164733959e+01 3.699345226716615542e+01 1.699378822371255282e+01 1.595294730342155809e+01 3.009508237282549103e+01 5.009503180821469925e+01 4.559581438576253731e+01 2.625581504829894897e+01
9.541454368626212448e-03 2.000954145436827147e+01 3.472629841498839909e+01 4.301056966245059954e+01 5.455757504624331489e+01 5.787519679728776367e+01 4.373306117355630818e+01 5.108395053288302989e+01 4.743148480810000933e+01 2.743054480297706732e+01 1.328838521002702855e+01 2.936623173133895648e+01 2.299381890343904189e+01 3.815802361539041243e+01 2.668582505294100216e+01 4.082801521163065672e+01 6.082935719937839281e+01 5.096882254402942181e+01 3.268455129656687319e+01 5.096882254402942181e+01 5.789136646126581809e+01 3.887151692404474090e+01 4.444230181486380360e+01 3.843006364189777457e+01 2.007318441130622944e+01 6.384584733069481821e+00 2.638051471277224991e+01 2.818859355642763376e+01 4.580148223910518368e+01 5.332214139571399869e+01 3.332366312897749339e+01 2.854079262596097166e+01 3.595293193906295670e+01 2.281289070911815742e+01 4.281286732359500036e+01 5.454008629576185285e+01 4.039795067203039736e+01
9.647730019007895452e-02 2.009647730018972211e+01 3.188711256522536885e+01 3.855377923189222855e+01 4.683805048332818899e+01 5.683805048550238581e+01 6.373306117355701161e+01 6.446595219266502852e+01 5.446364363459757385e+01 3.617555297318678953e+01 1.617513655597520739e+01 3.617555297318678953e+01 3.713599812318324211e+01 5.127962055476771042e+01 4.082801521163065672e+01 3.823284526006237627e+01 5.823405182179335071e+01 6.096882254402977708e+01 5.268455129656757663e+01 6.096882254402776624e+01 6.576622008982550938e+01 5.789136646126581809e+01 5.373758376731721143e+01 3.410480903526404717e+01 2.959644762564586884e+01 9.629014193825653933e+00 8.191600538879999505e+00 1.765212645498988309e+01 3.186970880962838137e+01 5.154866257087908821e+01 5.332214139571399869e+01 4.268286577423260297e+01 4.858636052501248059e+01 2.858639340099539439e+01 3.914281789079021934e+01 5.914271463036723731e+01 6.039795067203110079e+01
8.338298177320474514e-02 5.856885673669436798e+00 1.188711256522465654e+01 1.855377923189120537e+01 2.855377923189138301e+01 4.269591485562283140e+01 6.269591485562965261e+01 5.617678502157690446e+01 3.617515135694606698e+01 2.617513775711026724e+01 1.946311630208242960e+01 3.946371619776559925e+01 5.260398514290714900e+01 6.542324298635217872e+01 6.082935719937839281e+01 4.977994769474715042e+01 6.652398810394349482e+01 7.600930539517499085e+01 6.447809834925156736e+01 5.620828872002128662e+01 5.148738846552627990e+01 4.711388394274572988e+01 4.318279199449775518e+01 3.437189315629218100e+01 1.434323109132816576e+01 2.948664590206352898e+01 9.490697718024270202e+00 2.948570261754884214e+01 4.549761151491876632e+01 5.318968266792800392e+01 6.166981553084853118e+01 6.268042895777899304e+01 5.491090064110516522e+01 3.491094872114658187e+01 5.491090064110516522e+01 6.742666952828516003e+01 6.681545647969338120e+01
2.372884694381488524e-02 1.157073423073622997e+01 3.157073423073248364e+01 3.855377923189222855e+01 4.683805048332818899e+01 5.360889496301543033e+01 6.194646389100017103e+01 6.446595219266502852e+01 5.446364363459757385e+01 4.617596818926154612e+01 3.946371619776559925e+01 2.431382880286459880e+01 4.431480130556608543e+01 5.777696447477035946e+01 6.609306305754404320e+01 6.978300466620827081e+01 7.807959129014163580e+01 6.774376770376666457e+01 4.776373201427663417e+01 3.617912908416369078e+01 3.144540665562004378e+01 2.706911490600800008e+01 2.314109736422030750e+01 1.942467390666949001e+01 3.437189315628238973e+01 3.079233291764706237e+01 1.079790768658920719e+01 3.079233291477566681e+01 2.651058284461433345e+01 3.310751878550934890e+01 4.449577113733817413e+01 6.507453485237880386e+01 6.319492577691485735e+01 4.385522060414685086e+01 6.319492577691485735e+01 7.580237510299554060e+01 5.573444496002237258e+01
7.631710034972485901e-02 2.007631710034937100e+01 3.985500546495516971e+01 4.725004129590956126e+01 4.094276725705350373e+01 3.358198862031381537e+01 4.773159266563644110e+01 6.779795787951434249e+01 6.655603148068807684e+01 4.655141065724979654e+01 3.500428672984313749e+01 4.431480130556602148e+01 3.021150705710258677e+01 3.777079773438220656e+01 4.931807600304067307e+01 6.933687869688006344e+01 7.925526093375158609e+01 5.930269625588738336e+01 4.515940619357137109e+01 5.035769656391704530e+01 5.148738846552627990e+01 3.865413348763826207e+01 4.318279199449775518e+01 3.946115188134361773e+01 4.236834915527580137e+01 3.211026203872644658e+01 1.211317121947855391e+01 1.775945755942663951e+01 3.708951945357984670e+01 5.319290276004775819e+01 6.166981553084853118e+01 7.351797157446468134e+01 7.213906164300975377e+01 5.799734734856954788e+01 7.213906164300975377e+01 8.393161410425099689e+01 7.242016800519928665e+01
2.239863785106879432e-02 2.002239863785071350e+01 2.850417320029960777e+01 2.723032720276628993e+01 2.093217111643059880e+01 2.987649745946277591e+01 4.142489741409913506e+01 6.146671823182803251e+01 7.485144732952991831e+01 6.329800573800688568e+01 4.914677283883228398e+01 5.537825276447120615e+01 3.537548489657309148e+01 5.537783793945840927e+01 6.609287420579420314e+01 7.767542291004983213e+01 7.925548894036478487e+01 5.930269849754770917e+01 5.671347581573266439e+01 7.033286765113207650e+01 6.694085334657086150e+01 5.867011797409946894e+01 5.159456418258277921e+01 4.327707391073075627e+01 3.400173659301088236e+01 1.415776281687342220e+01 1.603236444163746910e+01 3.580552708782239790e+01 4.537726980790746723e+01 5.169727102525671114e+01 5.779529681096393290e+01 6.633213677335538705e+01 7.561946928469265572e+01 7.799708087103661569e+01 8.172842156241404155e+01 7.020250004192730842e+01 6.127069028168000386e+01
6.490672536223988931e-02 4.235195006503799320e+00 8.499209333618905404e+00 1.308752401115494202e+01 3.309396570323205822e+01 4.926148492072692875e+01 5.822656274095081130e+01 6.981799719832628170e+01 7.026111084359833114e+01 7.244731153593556883e+01 6.915264886472958494e+01 5.537825276447239986e+01 4.951795258088851170e+01 4.537551104270146851e+01 5.692296897893428564e+01 7.694089490915541774e+01 8.751635860395234090e+01 7.925582570032456431e+01 7.666721773852741251e+01 8.493064510340943229e+01 6.746246749356176053e+01 4.744659571195879977e+01 3.330052974071689675e+01 2.329506780683900757e+01 1.622393043620631303e+01 3.415649825812914742e+01 3.602199330943862066e+01 2.193299559887898553e+01 2.630475460123521358e+01 3.148176339192039919e+01 3.706870339067309317e+01 4.625034516129920803e+01 5.834789724624691587e+01 7.913925474145715100e+01 7.346605025287465196e+01 5.349579502185787305e+01 4.195763757222340473e+01
7.333276091007127906e-02 2.003831992289912378e+01 2.848916740551210935e+01 3.309396570323205822e+01 4.140434688858165657e+01 5.634065015776355523e+01 7.048300417674823848e+01 6.440533043982972572e+01 5.027200241814357184e+01 5.245869775471130225e+01 7.244731153593556883e+01 7.539327757207512093e+01 6.952626894725858619e+01 5.692301132025839649e+01 7.369673911865034199e+01 8.527019332944477981e+01 8.939536276982921947e+01 8.360186648213844762e+01 7.816458382179293096e+01 7.463617419595517788e+01 6.646811558265844155e+01 6.159990385090855369e+01 5.159456418258277921e+01 3.772398768315034090e+01 1.772166645776425398e+01 3.772376541851214427e+01 4.896591322409015845e+01 4.195328267517710685e+01 4.176705469132450332e+01 4.161738066969613214e+01 5.444474403828431974e+01 5.200854489437192996e+01 7.340526021925306566e+01 8.753509140236461405e+01 8.102362884628396955e+01 6.104024604316109048e+01 4.690276912116369346e+01
5.145395647001294037e-02 2.392276900392628747e+00 2.239228597172910540e+01 3.391401047774651545e+01 2.805611076495846135e+01 4.219828917425131465e+01 5.162003524724937620e+01 5.612667672607130953e+01 3.613703691789200434e+01 5.612667672608021263e+01 7.042985329285752982e+01 7.226681417883766301e+01 7.564575243750604727e+01 7.695079117641604682e+01 8.532810232123755156e+01 8.923440883086766462e+01 6.973933600971426472e+01 6.399728787922587969e+01 5.855591482414118332e+01 5.951921154344774578e+01 4.676889552674594341e+01 5.999349058055408079e+01 5.007374493957279782e+01 3.978720971264392858e+01 1.978352254975735036e+01 2.086350364537401347e+01 4.080053624898471298e+01 5.217876249797379273e+01 6.357139769064212231e+01 5.958365886804794087e+01 6.675311951842229519e+01 7.278639389058000120e+01 8.191115180342515600e+01 7.840690689318617501e+01 7.028912509916106899e+01 6.470726511217098675e+01 4.471569383000646525e+01
9.635555453094322986e-02 2.009635555409519725e+01 5.749002333579399604e+00 1.391396815359729899e+01 3.193079539561497171e+01 3.461781222747000442e+01 3.162547690484918306e+01 4.052538210488914672e+01 2.947730596566836070e+01 4.216481667571790837e+01 5.228095486579937301e+01 5.228095486579937301e+01 5.568084719073844013e+01 7.564575243750604727e+01 8.913378603389094224e+01 8.104400782712387752e+01 6.146356423960369142e+01 5.012445359000912504e+01 4.459088360282567010e+01 3.973245258562328530e+01 3.525132109794571988e+01 4.665843941707867515e+01 4.110671651240020452e+01 2.274877698177599683e+01 3.978720971264392858e+01 4.080053624898471298e+01 2.408782796524243963e+01 4.376443795925861480e+01 5.538518435393794448e+01 6.710818748047692850e+01 8.005026356098422013e+01 8.842031936305299666e+01 8.316138088657672256e+01 7.028912509916106899e+01 5.042366784001346502e+01 5.624212555984625794e+01 5.166586635865332511e+01
4.067814134485068372e-02 2.004067814134449677e+01 2.569314152826494180e+01 9.312485559078423236e+00 1.193861196026998250e+01 1.463538430812604929e+01 1.749235443133209955e+01 2.054162404064380709e+01 2.419069176954605283e+01 2.803501616878354952e+01 3.229251237905823757e+01 3.935706687459655484e+01 4.935516591620832116e+01 6.089804409054169554e+01 8.087484225806046823e+01 8.360186648213844762e+01 6.399728787922587969e+01 6.973931791806748492e+01 6.429916097663949870e+01 5.951921154344774578e+01 4.998604980731386149e+01 2.958496688542094333e+01 2.580074291908253414e+01 4.275280264763375015e+01 5.103160454802887358e+01 5.226947914952076246e+01 3.818345926586463435e+01 2.744726739627726175e+01 3.894883807855812563e+01 5.883085735402977434e+01 5.910292368953462017e+01 8.005026356098422013e+01 7.506496548964312865e+01 5.522677824658951806e+01 4.523648986841183017e+01 3.629467416240652256e+01 3.170611742534418553e+01
4.598823041778624804e-02 2.003311401110659062e+01 3.748595707228543006e+01 2.118978942747119376e+01 3.193079539561856706e+01 2.452383122775143676e+01 2.883816767509284062e+01 3.988649897911813014e+01 3.831918041144095355e+01 4.216481667571789416e+01 5.228095486579937301e+01 4.171365471842290162e+01 5.065618089225302612e+01 6.219859867023978239e+01 8.217960126993760639e+01 9.181133593981286367e+01 8.360186648213844762e+01 7.660641469895173827e+01 5.641617018418243390e+01 4.218517296668272110e+01 3.550855342933372327e+01 2.972781176461794317e+01 4.587414959543114179e+01 3.997799083270208342e+01 6.010873604631667178e+01 6.635549903320617204e+01 4.986550212851074093e+01 3.006182430566529007e+01 3.644209173008699310e+01 4.379542203876220441e+01 5.905128597088601339e+01 7.994144838866142777e+01 8.316138088657672256e+01 6.687725973750957564e+01 4.698074555991675538e+01 5.624212555984625794e+01 5.166586627283991362e+01
