MOVIE_S13_data/elevation_000459.asc
nrows	150
cellsize	150.0
xllcorner	0
ncols	150
yllcorner	0
NODATA_value	-9999
[rows 85 to 101 of 150, columns 0 to 36 of 150]
9.909797788131208263e-02 2.009909778288715287e+01 3.223941718312176619e+01 4.031491516625384719e+01 3.324251085899516767e+01 1.539093940605326161e+01 2.680725819163352242e+01 3.255142900021610330e+01 2.193059399081801075e+01 1.318897450568733909e+01 2.740057749321072222e+01 4.729998627221117857e+01 4.241213979666786571e+01 4.430115652032689866e+01 2.914455209168414740e+01 1.423882911260947637e+01 3.077532108828938462e+01 1.626973254144656167e+01 2.948630411477246582e+01 4.907327013867271859e+01 6.100841325326061337e+01 5.522418303711798870e+01 4.196270490822477939e+01 2.203330617655622348e+01 3.992299225948945463e+01 2.231204920291201788e+01 4.212889695148190583e+01 4.579712507390852494e+01 3.156764484160686024e+01 5.257626025609073395e+01 5.368909868115371609e+01 5.368909876663978054e+01 7.354121901354119473e+01 8.825576625270448972e+01 9.649463224291510244e+01 9.546553115247976962e+01 9.495468539112727058e+01
9.415221438935252041e-02 7.395374056085901593e+00 1.641419463527750366e+01 3.260986745327178937e+01 2.287609377076458017e+01 9.040129276382877777e+00 3.899765069231976966e+00 1.842583926693563967e+01 8.555704107847585504e+00 2.777312810384445285e+01 2.877609673982543725e+01 2.781378997653332874e+01 2.230940840625367372e+01 2.875213865890656351e+01 2.933322937765430893e+01 2.706024966731233761e+01 1.073619617920921954e+01 1.136639809837562254e+01 3.139551267237457211e+01 4.051119617365696257e+01 4.183149512888815735e+01 3.628530452237826154e+01 4.020203155726047584e+01 1.989783106883998798e+01 2.002943740765946856e+01 3.999647338382373363e+01 5.033036226784023626e+01 6.115068807169753740e+01 4.159549788127741010e+01 6.122941699546083782e+01 7.354120319931720928e+01 7.354121901354119473e+01 8.178412127404320131e+01 8.602633777929523262e+01 9.177811607825788087e+01 9.173474357028121062e+01 7.497479712565527166e+01
4.963357425232132331e-02 1.002120945207897762e+01 1.893925991130932118e+01 2.173622218118680038e+01 2.174162432889841767e+01 3.096116194580487591e+00 1.918203412204148250e+01 4.707199456202254773e+00 7.925683168107503285e+00 2.540412758328550424e+01 6.900658219058977139e+00 7.471928978041272984e+00 8.050666176243433725e+00 8.649811606657380025e+00 9.258144195827879841e+00 9.870502887305715234e+00 2.992588669437467530e+01 3.139554043369265557e+01 1.226515366618066061e+01 3.227886852864254053e+01 3.381223595417938554e+01 2.328893050012968047e+01 3.779745677143613847e+01 1.799085119134645083e+01 3.790782462202845693e+01 3.501275021148249778e+01 5.410599870492804087e+01 7.196480423272723215e+01 6.356105840592734069e+01 7.198856558403112160e+01 8.022802143898589122e+01 8.643099761934749381e+01 8.016082995690057089e+01 6.617122334738742495e+01 7.198665172325829076e+01 8.341937833051505891e+01 6.342962453801224143e+01
4.933116688397361227e-02 6.098830215552343281e-01 1.170655175648632751e+00 1.732089789711673600e+00 2.294189217206573428e+00 2.237073511623157174e+01 2.871690931476320685e+01 2.473927050840899966e+01 5.521878984040341720e+00 6.093772890319091751e+00 2.254097474071573615e+01 2.689425375738024115e+01 1.144663578006538529e+01 2.868300255498362006e+01 2.930795288825611067e+01 1.607542280344538810e+01 3.607094841923993300e+01 3.505141080851240787e+01 1.573027774533767342e+01 1.318337693595840143e+01 1.383572373709557191e+01 1.449117313065985080e+01 3.444912685559913257e+01 1.697303210908099658e+01 3.670693100230145944e+01 5.242190548875949219e+01 6.229449709431442983e+01 6.883885458988321204e+01 7.372451555729089989e+01 7.370264864906646096e+01 5.913809857747607168e+01 6.531519396891113161e+01 7.198665169523931695e+01 5.200791794289571612e+01 7.198665169523931695e+01 7.635195578089710011e+01 5.635534938133633176e+01
1.526490342185190564e-02 2.001519848568748827e+01 2.197508998593808371e+01 2.179297132624499866e+01 1.098782709081889486e+01 9.384814945759737626e+00 2.946708793265360171e+01 3.696793516628738985e+01 2.401418240314574959e+01 2.612737750349007015e+01 1.321581405864433023e+01 3.059902225141382814e+01 3.130717921811720927e+01 1.638603286497933453e+01 3.622201616708957062e+01 3.874547439275986704e+01 3.987677565043680517e+01 2.061159448295867591e+01 3.505159066817965652e+01 2.736698673623697076e+01 3.381223866400361544e+01 3.316992664547351666e+01 1.542448055995548728e+01 1.621450846594567352e+01 2.184968962213424959e+01 4.349331040069331067e+01 6.279571253366359684e+01 4.869112263968719390e+01 5.439355860458430669e+01 6.516132293881732096e+01 4.487408791610221215e+01 6.526134754623350887e+01 6.492310260224989804e+01 4.501033619645483697e+01 6.492310260224989804e+01 7.032276647686009596e+01 5.033424035936020857e+01
6.451982206334817838e-02 2.006451982206169404e+01 3.828668983467792941e+01 3.808185946979563852e+01 2.976428192419171026e+01 2.095492267281411003e+01 1.796619435258507025e+01 3.802686345545602364e+01 3.876150628634766804e+01 2.170178109748129103e+01 3.425865103807822720e+01 3.305911302617706582e+01 3.609027399883013487e+01 3.625632014589461960e+01 2.168042996530864741e+01 4.143896669291498824e+01 4.354627742426083614e+01 2.408625029921782712e+01 4.354627742426083614e+01 4.719970692656298183e+01 4.683993678742561428e+01 2.624972596673622860e+01 3.534813927869528527e+01 3.511346253019519992e+01 1.733265615917776969e+01 3.719132519439379081e+01 4.557407456583639771e+01 3.429088493202182519e+01 5.449268863349552561e+01 5.791404689851132304e+01 3.836028835103056167e+01 4.914453504010202778e+01 5.116012070213259477e+01 3.913738852519674083e+01 5.891917752474849124e+01 5.792513651023572407e+01 4.502466879189898208e+01
3.913075654229314186e-03 1.000405503729834145e+01 2.415564119124688247e+01 4.431008663274407411e+01 4.952637718802115785e+01 4.105045273040763476e+01 2.468060227077751989e+01 4.469518503806060750e+01 4.773941590866490259e+01 2.811995069212994736e+01 4.773941590866490259e+01 5.350071373022656473e+01 5.520897725742747042e+01 4.523175561962759161e+01 2.552384624927405099e+01 4.523175561962759161e+01 5.176504082525734418e+01 4.354627742426083614e+01 2.956464248228605740e+01 4.762572426137132453e+01 5.555653397324623199e+01 3.841183675502618655e+01 5.299483537946597522e+01 4.529838380513174911e+01 3.718373073118910099e+01 1.844805555430081156e+01 3.288388141409584620e+01 2.691674495824804225e+01 4.693774641058743669e+01 5.097551037788004180e+01 4.345434218719211827e+01 3.019555275655339344e+01 3.154297083657166212e+01 5.116012151956719833e+01 5.792513626964079521e+01 3.805838500839195149e+01 5.792513556298517585e+01
4.584400215457676980e-02 2.004584400215422235e+01 3.589466265588795579e+01 4.483893456588928217e+01 5.638593994968199752e+01 5.289868082306239216e+01 3.366950558264218785e+01 5.289868082306239216e+01 5.614305245003779987e+01 3.767375642786309697e+01 5.614305245003779987e+01 6.894310577057321154e+01 4.933049618919842771e+01 3.538861470043337221e+01 3.100417851558702154e+01 4.162651880105593705e+01 6.127321986416651356e+01 5.337438209155743607e+01 3.368741593335363405e+01 5.337438209155743607e+01 6.928492905130673307e+01 6.117255716617206218e+01 6.044070005439167659e+01 4.264121466431367935e+01 3.610834150185727509e+01 2.120726627487120908e+01 1.960491986317517998e+01 2.042008176260997132e+01 4.009718745853445654e+01 4.207522605813334593e+01 2.371881483012183978e+01 2.463109208439409770e+01 4.422424080944070113e+01 5.000255874181052462e+01 5.348022645521727014e+01 3.370868916974615814e+01 5.024068007830364024e+01
5.110194824248468631e-02 7.610391408427061855e+00 1.655466331842637828e+01 2.810166870221909718e+01 4.810166870221980417e+01 6.179169932602503224e+01 4.780833547351261359e+01 6.179169932602503224e+01 6.624424585950364985e+01 5.780507538946677215e+01 6.624424585950364985e+01 6.894310577057319733e+01 4.933049618919842771e+01 5.507489653881887648e+01 3.668241436083200568e+01 5.637781411886650318e+01 6.929096384278153664e+01 5.790174244049686791e+01 3.816739317643285290e+01 5.208125153870881974e+01 7.195365051526277966e+01 6.879795952342880128e+01 5.721976763237817920e+01 4.465138774950094103e+01 2.509278130647473404e+01 4.147862765132584428e+01 3.940858501031717509e+01 3.846836897576206837e+01 2.157715694851152577e+01 2.243177449490974595e+01 4.218829877264657569e+01 4.435873751302479207e+01 2.596327346774392097e+01 3.884832240834172978e+01 4.744981393675486459e+01 2.956987978903853076e+01 3.053223202463510333e+01
8.426844942499693569e-02 2.008426844942464129e+01 3.221689843657499353e+01 4.026409889982222978e+01 4.906432972903224510e+01 6.115089558169925965e+01 6.763403045558250426e+01 6.340448838114352981e+01 6.148216704279905542e+01 6.148482998608693606e+01 6.984384906607709809e+01 7.692006723791088518e+01 6.894310577057319733e+01 5.637781411886651028e+01 4.364766412648791061e+01 6.334016433785362210e+01 7.413624118024114296e+01 5.425312210912607469e+01 4.381628359484295743e+01 6.361798080626704177e+01 7.198052467525283760e+01 6.047583689253466588e+01 4.043727719474895821e+01 2.917612366989919437e+01 4.465138774950094103e+01 4.464860914887898957e+01 4.521350943809333245e+01 2.547638217506074554e+01 4.135264822364396053e+01 3.439057333915811654e+01 2.598511130413155001e+01 4.571448019250795625e+01 4.574018359598126438e+01 2.729675688010407342e+01 2.823832208391000265e+01 4.788070740360615218e+01 5.018568292624878069e+01
8.605372163575847333e-02 5.860567319509025985e+00 1.189958784711379991e+01 1.920329994428523435e+01 3.154497650011800403e+01 5.265611412608618735e+01 5.772768472413434893e+01 4.383790201854764490e+01 4.153517985644889166e+01 4.153545792406346493e+01 6.148482998608693606e+01 7.220197597404926171e+01 8.385577763105315796e+01 7.135200968902330487e+01 5.353475602822358326e+01 7.135200968902330487e+01 8.240232011372832233e+01 6.361798080626704177e+01 5.076440446168739840e+01 7.064778208594384523e+01 6.365794338080403492e+01 4.355398644136175079e+01 3.366814288108437836e+01 4.890656948542100935e+01 5.721978996241703186e+01 6.462676201933146558e+01 4.800452896182373053e+01 2.826904060215100145e+01 4.800452896174237338e+01 5.142434134459961825e+01 4.571448045925590975e+01 2.961605164607701113e+01 4.935185636590105673e+01 5.007992843777178393e+01 4.792793731754901643e+01 4.791658071199023539e+01 5.762162350645721176e+01
4.138936511288873743e-02 2.004138936511253277e+01 3.220053486380194840e+01 3.962441478215595225e+01 4.803363683909829263e+01 5.621514762508340368e+01 4.790587788052476981e+01 3.013385655946454378e+01 2.777919468610783937e+01 3.506882863283438923e+01 4.376986316994850057e+01 5.789449072955415687e+01 7.815540296720837432e+01 8.109658928952174506e+01 7.314557264748364673e+01 8.109658928952174506e+01 9.182007422927553364e+01 7.891539180489807848e+01 6.067259924854265307e+01 7.891539180489807848e+01 7.198052467525280917e+01 5.763319162343986335e+01 3.854158988229296057e+01 3.991326154119887804e+01 6.613255846372642566e+01 6.499622578434872366e+01 4.504230405848816332e+01 3.112769231142307902e+01 4.246537549242779619e+01 6.239037795759605132e+01 5.766120113475214026e+01 4.935185636590259861e+01 3.333700248598771765e+01 4.132433072522091777e+01 6.127549821051128021e+01 6.772737697600412332e+01 6.571949703714648194e+01
5.157706013992734845e-02 2.000222785861225105e+01 2.874674270137187904e+01 3.435663693790921513e+01 4.383046387580488101e+01 4.257881993515685792e+01 2.860934872268539664e+01 2.055719799686119131e+01 3.164371005203659593e+01 5.135265772201071144e+01 6.321095245886972691e+01 7.220197597404926171e+01 7.183036267833703903e+01 7.768960655663408943e+01 7.737701448906261703e+01 7.478065804732798938e+01 8.306924590538821462e+01 8.889053432734071691e+01 7.477147023483101407e+01 7.969655090125611707e+01 5.975185564820274209e+01 4.609557153708150423e+01 5.763319162343986335e+01 4.462616304858451599e+01 6.462502554404069599e+01 6.811899129931107666e+01 4.812353556123777309e+01 3.417266658259332957e+01 5.398006895400402527e+01 7.075368141569288127e+01 6.757355615861092701e+01 4.752803037772569184e+01 3.614272681931974063e+01 5.600026645296921401e+01 5.538589119410972472e+01 7.549426734655560267e+01 7.951846987613345163e+01
2.382929569487619859e-02 1.690495962357152271e+00 1.487786115869207748e+01 2.562149898769633083e+01 2.334531959944042967e+01 3.002774897721895897e+01 1.529516254727743885e+01 3.436608104465376812e+01 4.823688510706947596e+01 5.968448253757954092e+01 5.750153856117532314e+01 6.014702268002947960e+01 5.184169485958948087e+01 5.769622375232731315e+01 5.737905053127693122e+01 5.478527552339929230e+01 6.892002582391589272e+01 8.892947584517011705e+01 9.474911152419014115e+01 7.969487787586271565e+01 5.975184550731531630e+01 5.460251861971000409e+01 7.050396167282526960e+01 5.013872953381081032e+01 7.050396167282526960e+01 6.879834584274912856e+01 4.878973631109249709e+01 3.737823762925219029e+01 5.724636974353708041e+01 7.192655254812638077e+01 7.594973381636140175e+01 5.904444890103189891e+01 3.911042537352455639e+01 5.904444890103189891e+01 7.549426734655560267e+01 8.388091699290346526e+01 8.401044753518702635e+01
5.645186759752304773e-02 2.005645186759716836e+01 4.080958021834778293e+00 5.783482686312418686e+00 7.511256833520795873e+00 1.396491761579141233e+01 1.212360773733675856e+01 3.139171371634844832e+01 4.254134246438695044e+01 4.081840237959570317e+01 3.752557142329352757e+01 4.017182049055760018e+01 3.772715438958439194e+01 5.430323142806703629e+01 4.326151128875179808e+01 6.323631856458821687e+01 8.306924590538821462e+01 8.633699629006333964e+01 8.974027631322395848e+01 8.799293253178737473e+01 7.969487787586271565e+01 6.446140918888140448e+01 7.729327507380060069e+01 5.692533487087479216e+01 7.729327507380060069e+01 7.718450090596249424e+01 6.300629742195970096e+01 4.305332264805919351e+01 4.359928852528490495e+01 5.767208604734744881e+01 7.776719644386631103e+01 6.221310434266632683e+01 4.220298552142904924e+01 5.370034415704466113e+01 7.384175101255023321e+01 8.978699403450113437e+01 7.019341356213432448e+01
3.230056327165653496e-02 2.003230054441012697e+01 2.468129019872225882e+01 1.992585736087396953e+01 2.345117984557535351e+01 9.886487300161876490e+00 3.068543921127966456e+01 1.466898189860165758e+01 3.427083165545403887e+01 2.086241423036727838e+01 2.339795043221813131e+01 2.604471206240080150e+01 2.879413700095562945e+01 3.433762893039424569e+01 5.430331318334265944e+01 6.174607760777693954e+01 6.632969570436539186e+01 6.632969570436540607e+01 6.972746133370291943e+01 8.974027631322395848e+01 9.280531040653951891e+01 7.863445168600937052e+01 8.561584066678531713e+01 6.719499931345708887e+01 8.561584066678531713e+01 7.245512521981633824e+01 5.241113458943122083e+01 6.300629742195970096e+01 4.855018291805686914e+01 6.856034782305211195e+01 7.989576187385721084e+01 5.969694150860269133e+01 4.553348688150078516e+01 6.561303542469782712e+01 8.223944115992861725e+01 9.463109248085068259e+01 7.509105184926437460e+01
1.981640276397510572e-02 1.416195202649505092e+01 3.416195202649575435e+01 3.991205736414431016e+01 4.070347280346138064e+01 3.906809233134624293e+01 4.137378453979751214e+01 3.425324846279499980e+01 1.741691631298026977e+01 3.726276092568292597e+01 4.337637787900472830e+01 4.602250088025459718e+01 4.876582552705729512e+01 3.371550797887105233e+01 3.742354368423740141e+01 4.177650627480321077e+01 4.635016762555227388e+01 5.340237657022767337e+01 6.339384589061465647e+01 7.754381554029495760e+01 9.755828090842527445e+01 9.868681082966264739e+01 9.569053333788941984e+01 8.151371652952779812e+01 8.409125197166322607e+01 6.393688923415302838e+01 7.245512521981633824e+01 7.392016843423277805e+01 5.386556095939324962e+01 7.392016843423277805e+01 8.354794835031553646e+01 6.330905190360263646e+01 4.909954434604625817e+01 6.330905191377637919e+01 8.354796122613799980e+01 9.902231107711739355e+01 8.040462142336376417e+01
