MOVIE_S13_data/elevation_000519.asc
nrows	150
cellsize	150.0
xllcorner	0
ncols	150
yllcorner	0
NODATA_value	-9999
[rows 85 to 101 of 150, columns 37 to 73 of 150]
6.840908990349625185e+01 8.241187480186873415e+01 1.025023173870107485e+02 1.021210094403528217e+02 8.190441303744269419e+01 8.782571648292177713e+01 7.783046315639894885e+01 5.788852782049810486e+01 7.478157220980131115e+01 6.185641137004498802e+01 7.178996793244864705e+01 8.598238682177873216e+01 1.062246176797562640e+02 9.957856085106901389e+01 1.166217166923918569e+02 1.264046123819946530e+02 1.180228616632077490e+02 1.264046123819946530e+02 1.254466663586459987e+02 1.172354850895850547e+02 1.254466663586460129e+02 1.432242319332635248e+02 1.350419795085287546e+02 1.286748086450846245e+02 1.204004413270680516e+02 1.286748086450846245e+02 1.208405705202408313e+02 1.118994281827360453e+02 9.354329317350659778e+01 7.310059620299095684e+01 8.918489537559477753e+01 8.174835744318832553e+01 1.019813869144706331e+02 9.434017558867246578e+01 9.665381526593056094e+01 8.379686012103981341e+01 6.311797841110740137e+01
7.307668486962040788e+01 9.303159192768217167e+01 9.447124645615332383e+01 8.608497829442397631e+01 8.782571703134352958e+01 6.775167496805899248e+01 6.074922224554691041e+01 5.448942211930099688e+01 5.485770746132694597e+01 7.478155240503588175e+01 9.021667638922728827e+01 1.002949434092763994e+02 9.649482398856208931e+01 8.792937275213840564e+01 1.081955336612421519e+02 1.162605980808256163e+02 9.771300717875489283e+01 1.162605980808256163e+02 1.201401657678447634e+02 1.223592973116414555e+02 1.307310210660528469e+02 1.405483557961071597e+02 1.316012455563760852e+02 1.186896099696333380e+02 1.004324018654582602e+02 1.186896099696332811e+02 1.190755858750761575e+02 1.136140870553380324e+02 9.354329311619470388e+01 8.918489542140176241e+01 6.862357904805233488e+01 8.519071161625781485e+01 8.250409930707616013e+01 7.391834140200812442e+01 8.650674885262243663e+01 8.161578117027229951e+01 6.088925804100878736e+01
6.867129845763737706e+01 8.577868514860979587e+01 8.283886638305239103e+01 6.597785078293738081e+01 8.283886638305239103e+01 8.782563518163813399e+01 8.072828865090838235e+01 7.021072457580517323e+01 5.029302921518236502e+01 6.434517398285979084e+01 8.437142625275126306e+01 8.792880802309615262e+01 7.640568190662128245e+01 9.055224882153095223e+01 1.108415932026478430e+02 1.078679344209771500e+02 8.761593655593979690e+01 1.008741112596209604e+02 9.983545752946869811e+01 1.020570341835683053e+02 1.118968411367752793e+02 1.320062669505053634e+02 1.231588585134136054e+02 1.033275671178979422e+02 9.036611330627681582e+01 1.104164215962627793e+02 9.901562514001815885e+01 9.901562514001814463e+01 1.073159026788256796e+02 9.751151388211623328e+01 8.519056608697975719e+01 6.455444834090329209e+01 6.183277982717243759e+01 5.919327065650813324e+01 7.631289408589279333e+01 8.408363270942170686e+01 7.567172218298271957e+01
5.121879065322108460e+01 7.935269563695577233e+01 7.447612281303706538e+01 5.448721631130901955e+01 7.444319891145218548e+01 7.327114852114581822e+01 7.270249988760521376e+01 6.442871083960366718e+01 4.786936828354912166e+01 6.779535059076656012e+01 8.038534012315101052e+01 6.797066380709318878e+01 8.792880802309615262e+01 1.049081163293822385e+02 1.123140333156564310e+02 1.007077719094995416e+02 8.049590839581904333e+01 8.066133125042982499e+01 8.554447964458096010e+01 9.161809420317959507e+01 1.033041468559822249e+02 1.236346798112918890e+02 1.148849831109882160e+02 9.486695140674652293e+01 8.313666000699927849e+01 9.569612155215118321e+01 9.826403508746982141e+01 7.869138174026534216e+01 9.826403594710062350e+01 1.000160289292134479e+02 9.354368380223529300e+01 7.924288579244732489e+01 7.653852525686544084e+01 7.632506597142612748e+01 5.555907458553927114e+01 7.284239535600842430e+01 5.488661170405789846e+01
6.645850494683237741e+01 7.538114743004406648e+01 6.740136694831750219e+01 4.744948900212880005e+01 5.847095600013201988e+01 5.375024928629756715e+01 6.160311973066421842e+01 4.449034664554797303e+01 6.240774455737351900e+01 7.313154220259139038e+01 6.051161629640768069e+01 7.451103449791749256e+01 9.456716843311451726e+01 1.066001196823972492e+02 9.652283524537409676e+01 8.370203875202413712e+01 7.414215777782212058e+01 8.173931844315873718e+01 1.019582616941415125e+02 1.118968411367752793e+02 1.059440772075130894e+02 1.262680845484055396e+02 1.199124287511744456e+02 9.991410227930816745e+01 8.562076661375965614e+01 7.530066197537864525e+01 8.940194607877154453e+01 6.938896467764816123e+01 7.965765591582442084e+01 7.965770283513990080e+01 9.904438384766135073e+01 9.955003338657104450e+01 9.690626908648079052e+01 8.473854750773185174e+01 7.284239068434924036e+01 5.201464937295442326e+01 7.284239535603677496e+01
6.999449711709186772e+01 5.582303193352888826e+01 5.571407829679063894e+01 5.684440584262231511e+01 3.854750686844947438e+01 3.970847689419671411e+01 4.166771781474686520e+01 6.160739871770915244e+01 5.002738100293507983e+01 5.409104284486394221e+01 7.393745367333542617e+01 8.873926008914384056e+01 1.026393539765913943e+02 9.809904968843454753e+01 8.008451323593386917e+01 6.950016059040284233e+01 8.962584539382062587e+01 1.019582616941415125e+02 9.601662592857405798e+01 1.163026393420553859e+02 1.262680845484055396e+02 1.346332737709426510e+02 1.264288847766905803e+02 1.140507816807065637e+02 1.039992534640930444e+02 8.940194607877154453e+01 6.883668045895551302e+01 7.965765591343644303e+01 5.893027902962402464e+01 7.019436447087285558e+01 8.462205025831782734e+01 9.580444401592097847e+01 9.067587673330173459e+01 8.228906971091618061e+01 7.130295127170083447e+01 5.046464482146167541e+01 7.130295127170083447e+01
6.206993989891928010e+01 5.248025822953770358e+01 3.584172278471098849e+01 3.694885494784185909e+01 5.684960693157799483e+01 5.964157181610187308e+01 4.178757911477063658e+01 6.105969390301009270e+01 7.054023658028620503e+01 7.393745366497405769e+01 8.226342846156218513e+01 8.906925944852252996e+01 8.244987354849824612e+01 9.094377000374448983e+01 8.257787131021690641e+01 6.654596535983158390e+01 7.806326279945265867e+01 9.822966077624738546e+01 1.163026393420553859e+02 1.246834189314789256e+02 1.317046951511355815e+02 1.201801876677609613e+02 1.119089989810885157e+02 9.812028580268568589e+01 9.812028580269004863e+01 9.248414495504187016e+01 8.346526525753058934e+01 6.278465300076349820e+01 7.620309176984112298e+01 5.543284923637681061e+01 6.687276598089896140e+01 8.133860499841036074e+01 8.228906972313663459e+01 6.163891356696830570e+01 6.768720420091032963e+01 4.894196729408320579e+01 5.503487460866691805e+01
4.827634835430646376e+01 3.430571097514047096e+01 5.412091194256665716e+01 5.492211808323419575e+01 6.504450768948289863e+01 6.319031053642212470e+01 4.326955383273361377e+01 6.319406360600889627e+01 7.362214865459964130e+01 8.682753208408058754e+01 8.035460817030671876e+01 6.902305360368815457e+01 6.831874322240079778e+01 7.873361006203144541e+01 6.260255676568842631e+01 8.257787131021692062e+01 9.496261709002664020e+01 1.066335932547838183e+02 1.113249672512530850e+02 1.197186534984527100e+02 1.234293287344203947e+02 1.034755322817034937e+02 9.189643569347504126e+01 8.469387865549046523e+01 7.779889098152131055e+01 7.199372675227705543e+01 6.802560134344734877e+01 8.346526525793410656e+01 7.620309177235793641e+01 7.289830791376746788e+01 5.208820944143051435e+01 6.968723972306969472e+01 6.750426382052557983e+01 6.563679033778268490e+01 4.687777549812726363e+01 6.657258705022998413e+01 7.565961586427323482e+01
5.145659550187280473e+01 3.325218501040297525e+01 4.203608410711567700e+01 5.379203993977788656e+01 7.422976737703427830e+01 7.148820418949991051e+01 6.319406360600889627e+01 4.539944702685866673e+01 6.206658482891133133e+01 7.553624592706233898e+01 5.960262080243352045e+01 5.501757949302258766e+01 5.690413460953399039e+01 5.882508785570205134e+01 7.873360816658058070e+01 8.619443685674282563e+01 9.038306073380742589e+01 9.477463436084396164e+01 9.105700708678199362e+01 1.083897925260761497e+02 1.201043398829498869e+02 1.201801876677609613e+02 1.119089989810891126e+02 1.011176562433535793e+02 8.087027753919524287e+01 8.657910896102013965e+01 8.268100159814412109e+01 9.695081853196946042e+01 9.662244716620237739e+01 7.895452258874627205e+01 5.823224813437432346e+01 4.886297852909575568e+01 4.670575214561282706e+01 4.487501745910287099e+01 6.401125237620597375e+01 6.289233135146645282e+01 7.074318187165104632e+01
3.180143950207829562e+01 5.132131864331627469e+01 6.120397133863023953e+01 7.047551243277013100e+01 8.268194640245948790e+01 7.942998101128134181e+01 5.947165807604842058e+01 6.531731548684203403e+01 4.758229183613639890e+01 6.749338053755724331e+01 5.237308124519837094e+01 7.227037088461791825e+01 7.679054250192145048e+01 7.872625368664597545e+01 6.287537803750506527e+01 6.615947612946551715e+01 7.029502543214994148e+01 7.464402613428654831e+01 7.980443541216683911e+01 9.140967629093989899e+01 1.117049993969479971e+02 1.259555200047016825e+02 1.059852301639103445e+02 9.178521469315754189e+01 9.525102743565848584e+01 1.067401629378217365e+02 1.029300818714958865e+02 1.099015725740050442e+02 8.971458337918730308e+01 7.520742033709916541e+01 7.298444534815112661e+01 5.217823300034870471e+01 6.730332789979148345e+01 5.394381702355693875e+01 4.331057048652709796e+01 4.222862353800780966e+01 5.941254349073253849e+01
4.965644159757790987e+01 3.522239856724788609e+01 5.504937374469673728e+01 6.721968238588819133e+01 8.137262638174283325e+01 8.777264509573912221e+01 7.942998100990519106e+01 7.552394503960050542e+01 6.145921130269392307e+01 4.980557163659814535e+01 6.970782852083128489e+01 6.859427103494230948e+01 8.863385964797025451e+01 8.919818355789851694e+01 6.913170688756635229e+01 8.619443421611582323e+01 7.506319221269306752e+01 9.477623977302894787e+01 9.998748913840370278e+01 8.926632412463600019e+01 1.095486864138704703e+02 1.296832599393843566e+02 1.201084523643165056e+02 1.033938736958078408e+02 1.152809510762998855e+02 1.196284591730134821e+02 1.096145795149635944e+02 1.013339939294427410e+02 9.459044390722266371e+01 8.870377655822156271e+01 7.699384133652910123e+01 5.623058942012622197e+01 7.670352656809579628e+01 6.925932861584060163e+01 5.004371118782140826e+01 6.132177741650058778e+01 4.070732009542146557e+01
5.473777013038220218e+01 4.508319008517470650e+01 3.900948516225087559e+01 5.306673838869664905e+01 7.129633901484150726e+01 8.024099413365068756e+01 9.182930514153724744e+01 8.840216020839879718e+01 7.284523836518702922e+01 5.300110889753938181e+01 6.290815304588727486e+01 8.287827921835081213e+01 9.702057945092175828e+01 9.632617580208700758e+01 7.617738358851805458e+01 9.632616572148317857e+01 8.262627228375980337e+01 9.519976999260831008e+01 1.154706349901691027e+02 1.095486864138704703e+02 1.009464997700811324e+02 1.212994918973818983e+02 1.316398058987090849e+02 1.233643559294671519e+02 1.254822759199205962e+02 1.055146857893555108e+02 9.130493032424094224e+01 8.110334386278260865e+01 7.419843003576922058e+01 6.817612217397102370e+01 6.257589761821692775e+01 7.699384377381247191e+01 8.536588535026514535e+01 7.737108653039618389e+01 5.735816807971963982e+01 6.956927839997794649e+01 5.924005695641552194e+01
6.501545881194324750e+01 6.501550536687909698e+01 5.891644264187622326e+01 4.305242244739360302e+01 5.195550224931076144e+01 6.344384812429703402e+01 8.347124388522072991e+01 9.053713424159191447e+01 7.048365580547032039e+01 5.645820522357330873e+01 7.635718365303218036e+01 8.287827921835081213e+01 1.030374939801208285e+02 1.047253829599507640e+02 8.776362705540361731e+01 1.047252341038048087e+02 9.689073152326923832e+01 9.689073183855335003e+01 1.172018934998732220e+02 1.296832599393843566e+02 1.212994918973818983e+02 1.296832599393843566e+02 1.402348081367369730e+02 1.202930431836510508e+02 1.202930431836510508e+02 1.132527579646977074e+02 1.096145795149569295e+02 1.013339939294427410e+02 9.459044390722266371e+01 7.949010988540496214e+01 7.459945934655985411e+01 9.158270380234290542e+01 9.233383204620763252e+01 7.148135473951538188e+01 7.758890393810690966e+01 6.219502115823350863e+01 4.157038223463064952e+01
8.505844677194642145e+01 7.711893429557702007e+01 5.713082238580054195e+01 6.298520476260272716e+01 4.774742426655953409e+01 6.182252144544199979e+01 8.183620481046881423e+01 9.164660739178853532e+01 7.157431729637232820e+01 6.012908472379935887e+01 8.005786530194767181e+01 9.365783960924140672e+01 1.020428413569526356e+02 1.110858747325541458e+02 1.080229396175347603e+02 1.164282882934911498e+02 1.172017783746345430e+02 1.172018934998732220e+02 1.255884133379946661e+02 1.222109197588657565e+02 1.138175113218694605e+02 1.222109197588657565e+02 1.343856042276721041e+02 1.144557132706467826e+02 1.003801095044136957e+02 9.328837799272167786e+01 1.043244158155029169e+02 1.125873242155485059e+02 1.081014942905292315e+02 9.980264840581665453e+01 9.499003380842900413e+01 1.032994093122235455e+02 1.007752285945461921e+02 9.233383204620763252e+01 7.852654212724937111e+01 5.787480625454271888e+01 4.326090519336950280e+01
7.861508132632137347e+01 8.546186784757340149e+01 7.711893425783399891e+01 7.115527907372644734e+01 5.121655955023965134e+01 6.528623646298639471e+01 8.532440136301656253e+01 1.000243075683324889e+02 8.840964754606784481e+01 7.003036255685630351e+01 6.653879049626679887e+01 7.355533628359401632e+01 8.248929230873237373e+01 9.674764259861194660e+01 1.170476741367565694e+02 1.205407250519852624e+02 1.121504908017706441e+02 1.205407250519852624e+02 1.241026278080272363e+02 1.121587856649327790e+02 9.377919102599985024e+01 1.082980799512080097e+02 1.166721008315906545e+02 1.285567769308407833e+02 1.202930431836510508e+02 1.043244158155029169e+02 8.421011167228712679e+01 9.672192345006507708e+01 9.238806942050103999e+01 8.858932378172571021e+01 8.495684655342341784e+01 9.330486664799740026e+01 9.138077816520694796e+01 9.117187046133628314e+01 7.668440371602737571e+01 6.567757103720090583e+01 4.498066453837896717e+01
8.444178121437097673e+01 8.959827471552534917e+01 6.951913221364772255e+01 5.803369935476967356e+01 7.115527907967094734e+01 5.969067166135074132e+01 7.378609890310558228e+01 9.390173920961630927e+01 9.008536804661156339e+01 9.008536804661156339e+01 7.648305054686203164e+01 7.803415379526150275e+01 9.818411955403698244e+01 1.110858747325541458e+02 1.178601341689868036e+02 1.094810635110512891e+02 9.213303578816673678e+01 1.104970901938421406e+02 1.152079386661597482e+02 9.568013099394165977e+01 8.391285411338631661e+01 8.834735089885387538e+01 1.024014409406723729e+02 1.225338258228611323e+02 1.198097375972395042e+02 9.986535810205094776e+01 8.561584258644779766e+01 7.639434620902369488e+01 7.193119809531236797e+01 6.804092953661955789e+01 6.434454944698086365e+01 8.002956511227930037e+01 7.091983282880565298e+01 7.389280551625378735e+01 6.219693697071855354e+01 4.750106266064052107e+01 5.963408540353619003e+01
8.301783604020842233e+01 9.796948463203997903e+01 8.355779338183911875e+01 6.353899031428873911e+01 8.355779338183911875e+01 6.963717413153345603e+01 7.378609890310558228e+01 9.390173920961630927e+01 1.103074531674673864e+02 1.050049953916765446e+02 9.068465156663859261e+01 8.962324952162077807e+01 1.065711415575590877e+02 1.180133072960395282e+02 9.795026466656615582e+01 8.950913406054665700e+01 8.227569435303362866e+01 1.021417632949686976e+02 1.068437363110221128e+02 8.692169645509427767e+01 7.591756681978267807e+01 9.568013099394164556e+01 1.070375281817152597e+02 1.186117419971969440e+02 1.256509035828196232e+02 1.057069316096338696e+02 1.050031951492305211e+02 8.649367282274117485e+01 9.238806942050103999e+01 8.858932378172571021e+01 6.868907542741463601e+01 5.935465785581021692e+01 5.620930518686294874e+01 5.316658566841974931e+01 5.019692103931230776e+01 5.406185758026480670e+01 7.478340259302153470e+01
