MOVIE_S13_data/elevation_000147.asc
nrows	150
cellsize	150.0
xllcorner	0
ncols	150
yllcorner	0
NODATA_value	-9999
[rows 85 to 101 of 150, columns 111 to 147 of 150]
3.855971545364042896e+01 1.913181858238495892e+01 1.827590793480602471e+01 1.743492583706081689e+01 1.654429691765303900e+01 3.276523465263750268e+01 3.489690028941302558e+01 2.468852394244717630e+01 1.438980305271763704e+01 1.394409956008575691e+01 1.349651262600258228e+01 1.996388020911690830e+01 1.221387710953989192e+01 1.176761007311437091e+01 1.136970393071126573e+01 1.944243915445746396e+01 3.037230286052569284e+01 2.987706740563449159e+01 3.000174439783324232e+01 1.387793043425020123e+01 1.327173444358507126e+01 2.525848273417678769e+01 3.067556654282311257e+01 2.723581936074579346e+01 1.208789352256671457e+01 6.425777910114460312e+00 1.734456296087736860e+01 3.089338901016203920e+01 3.830542527592157853e+01 1.988895977562025763e+01 3.361427379218456934e+01 2.257781260915831467e+01 3.348676505498031730e+01 1.544510907045785864e+01 3.091011072931230075e+01 3.650650891166377932e+01 3.358611573134422201e+01
2.043607126007259467e+01 3.854251369089396206e+01 3.276362989048212881e+01 2.168296096808991891e+01 2.422141258969064026e+01 3.393470399094857726e+01 4.694732450839692461e+01 3.854833958977514641e+01 1.443494900287744187e+01 3.331205189132645472e+01 2.558362976284335488e+01 1.285196628658480478e+01 3.243924900608261197e+01 3.785206665408864524e+01 3.528334191461459568e+01 3.275371613485317823e+01 3.866580313356085696e+01 3.731722442263387052e+01 1.849324077403298361e+01 1.831011416987276874e+01 3.475057898206653562e+01 4.532351978090227362e+01 3.597113486943068494e+01 1.828307493890594415e+01 3.095116240078503722e+01 3.507298566925176431e+01 3.236262089498854522e+01 4.571976609174029704e+01 2.691284876261776660e+01 3.979272069283502589e+01 4.791137981514908262e+01 2.935697306055259759e+01 4.346527723912988961e+01 3.516716111822498192e+01 4.348881221843285516e+01 3.993017717249924914e+01 3.237741402542468450e+01
3.991467183628825666e+01 4.809702635252819647e+01 4.269931707662048126e+01 2.565223228930920030e+01 3.474921987701553405e+01 4.784527026339439715e+01 6.024794848001174330e+01 5.433806505878087023e+01 4.568744263662295424e+01 4.727872954397589211e+01 3.429444619269700212e+01 1.420431525889860325e+01 2.871657900665242025e+01 4.881720432393353093e+01 5.821412855960665667e+01 5.326434420299710837e+01 5.882304834486267708e+01 4.089033398519026008e+01 2.189384101927302240e+01 3.704045813701106482e+01 2.570427114100172261e+01 4.475541164251819026e+01 4.391716314090496098e+01 2.819077342836097699e+01 2.551912803137792451e+01 4.385590990087564478e+01 5.573217679727532925e+01 4.984708558151377389e+01 3.183990901951785446e+01 5.121930963352184563e+01 5.611179781228284469e+01 3.635754053380833994e+01 5.611179781228284469e+01 5.146282084319873462e+01 3.148769605875972744e+01 1.994130099400008760e+01 1.238201731853516918e+01
3.289211720317942422e+01 5.275270738992121977e+01 4.796065609541618358e+01 2.973076155976582058e+01 4.796065765861901298e+01 6.094133699485710309e+01 7.013055899805020488e+01 6.184559287757537049e+01 5.437934847396736160e+01 4.781121056489431709e+01 3.598271019909690693e+01 1.555350504213910412e+01 3.598270937590617535e+01 5.007132831723601640e+01 5.824084316138340967e+01 6.812428842871959489e+01 5.847091628495559235e+01 3.901746192251013667e+01 2.559067411925370550e+01 4.471524676636452256e+01 3.168785450847522966e+01 5.079883399051828974e+01 5.476676714179125582e+01 4.663438871400400387e+01 3.204675277282237289e+01 4.470880951993205343e+01 6.585536094530645812e+01 5.659770253797662320e+01 3.720563114137321747e+01 5.659770253797662320e+01 6.427025147950762118e+01 4.774375432046225143e+01 6.427025147950762118e+01 5.970517772693018799e+01 4.818543945224181613e+01 3.993017717249924914e+01 3.237741402542468450e+01
4.689704289662908820e+01 5.275256835292861979e+01 5.403712860889909564e+01 3.482201981095956000e+01 5.403714392926233501e+01 7.335644083929749115e+01 5.341906726424482343e+01 4.209176693356829446e+01 3.467586253299244703e+01 2.792536829555568190e+01 3.277069609461680244e+01 1.692012205373974254e+01 2.327091456670244440e+01 3.021879173531626250e+01 4.022516660314175141e+01 5.992403513172624230e+01 6.274358771218762598e+01 4.316238246414138047e+01 2.973130173726976011e+01 4.889771427732976150e+01 5.079883399051828974e+01 4.178830085149361651e+01 6.114591282180879261e+01 5.881453262372730251e+01 4.107056164575129742e+01 5.881453262372730251e+01 6.788474459002949857e+01 4.833501428870744121e+01 4.833501428870744121e+01 6.472642232340808732e+01 7.567184796553482329e+01 6.754275780208277524e+01 6.477292563208605713e+01 5.322604289072340578e+01 4.428133172091834524e+01 3.599743557804558236e+01 3.022393962040400339e+01
6.688986817642394556e+01 7.274953799886867500e+01 6.230109214052287570e+01 4.306530268004900108e+01 6.231795600356417708e+01 8.165977405686754764e+01 7.013055900634192596e+01 5.781730086185056905e+01 4.962802861417964095e+01 3.943684654428007974e+01 1.897687800271337011e+01 3.738423727003385721e+01 4.345369675930442099e+01 5.007161527785503097e+01 5.825915844842592861e+01 6.812922134777114991e+01 6.274409194958151659e+01 4.316238505075956056e+01 3.919071544956877773e+01 3.864827193682208417e+01 5.803822653092066730e+01 5.129313034530058246e+01 6.943198502622581714e+01 6.851903259412620173e+01 6.020270283394180666e+01 6.851903259412620173e+01 7.603482110050285314e+01 5.956154828260452661e+01 6.788474459002949857e+01 7.603482110050285314e+01 6.960828763497558214e+01 6.132297236137393526e+01 5.648872796153119680e+01 3.648872593445303636e+01 2.494172056465026088e+01 1.599744865469460109e+01 1.022394596279839263e+01
5.711581382470915003e+01 7.712362542153526590e+01 7.122629735601142897e+01 5.704664264844605270e+01 7.123250147874996685e+01 7.489081350671868620e+01 6.501384580823193460e+01 4.962825444573042688e+01 2.982451504342546400e+01 2.512787795118768841e+01 2.052162811669769837e+01 4.032476403080345051e+01 4.763585173628289482e+01 4.461152928866271594e+01 5.877878288838905974e+01 7.934450028180408765e+01 7.115866224200443924e+01 6.274425605110114645e+01 5.019552695925866459e+01 4.578393099862557136e+01 6.548424553142695004e+01 6.511705490172577981e+01 7.935245406512349575e+01 8.626367616901934809e+01 7.796239692394438237e+01 8.626367616901934809e+01 8.739969822358480656e+01 7.925444218665701612e+01 7.194513792992167112e+01 6.365977279368483721e+01 5.610058884984167094e+01 4.132325998835878522e+01 5.635890260066366153e+01 5.232687673948782248e+01 3.232737205570976613e+01 3.599743557804558236e+01 3.022393962040400339e+01
5.125268599699182914e+01 7.127065654431133623e+01 8.219492978740508704e+01 7.708492724446372790e+01 8.066980214498970270e+01 6.086786639869228566e+01 4.695290450340650068e+01 3.714132453515740195e+01 4.962802874192669833e+01 4.519985034854265393e+01 3.511258389875846575e+01 2.294392604022716142e+01 2.827010900745693434e+01 4.851820715319830413e+01 6.344878441991670570e+01 7.086129700511033036e+01 7.907372552170136260e+01 7.857027413995685095e+01 7.009187500544956606e+01 5.540866260805389487e+01 7.393936729897680493e+01 8.519823131276891104e+01 8.071182537782216571e+01 7.240124950889011757e+01 5.780756011712831111e+01 7.620291985575755689e+01 7.906417077612924516e+01 7.780188226660786199e+01 5.780191924943511594e+01 4.366005196368341501e+01 3.610090352680656167e+01 2.977670118035978319e+01 3.635931461650260133e+01 5.050148465344263826e+01 5.232691014842961863e+01 4.890545501240535486e+01 3.989280114128045085e+01
4.492460629311929665e+01 5.394106516493219772e+01 6.548950714637217629e+01 8.542810408140854861e+01 7.962993128287858724e+01 5.983078841420965688e+01 4.847339075501088246e+01 5.102850300418069196e+01 6.501384573687828095e+01 6.321769577818731278e+01 4.486750788077622332e+01 2.476685202771259142e+01 4.443396353704941504e+01 3.726527077855374159e+01 4.381988673012383373e+01 5.120777532331314319e+01 6.252801165377054815e+01 8.224595415423991085e+01 8.407414622460392195e+01 7.555982845480001231e+01 8.407414622460392195e+01 8.662401369702307363e+01 6.650998768773118286e+01 5.230590295658537769e+01 4.781596096880102209e+01 6.601921155668355823e+01 5.881117785274440735e+01 7.311050063868766813e+01 7.194513792992167112e+01 6.365977279368483721e+01 5.610058884984167094e+01 4.221705831612639770e+01 2.221868409764675789e+01 4.221705362675098172e+01 4.304661028689003643e+01 2.890721238897825529e+01 3.160890375068680314e+01
5.654412277268374254e+01 5.913543313493227060e+01 7.910204424551059788e+01 9.371429765706076864e+01 8.787343389543779892e+01 7.642507181764213442e+01 6.819889081792867103e+01 7.076902504817168449e+01 6.927244109754060730e+01 4.948836248547450367e+01 4.655596697979950704e+01 2.659295572386497497e+01 3.175699756747213343e+01 3.690221704416636328e+01 5.069697184078349039e+01 7.017039732857240608e+01 7.907372552170136260e+01 9.048857957659174645e+01 9.735776423654199618e+01 8.731900002230651126e+01 7.902206850539184302e+01 7.228460406680839867e+01 6.645485229249491965e+01 5.969183641375113325e+01 3.979725927030479937e+01 4.603510812843626354e+01 4.466331124319505363e+01 6.305430111925380032e+01 7.119352246234039683e+01 6.204465239390662390e+01 5.188685772914318761e+01 3.188765461379783517e+01 1.774907383957910767e+01 3.197284279236266968e+01 3.304492567515074342e+01 1.477020825785062641e+01 3.296875907254418792e+01
7.651194658518417668e+01 7.910204424551059788e+01 8.738849174555811317e+01 9.991579360377211572e+01 8.845899939771659604e+01 7.959052927028557178e+01 7.136427649084659208e+01 7.412722251872376944e+01 6.060798052132395242e+01 4.948836248547465999e+01 2.970827338614285651e+01 3.026426486135976290e+01 5.004456697550561728e+01 5.641505425411504859e+01 4.522910578279378768e+01 5.647620518411299173e+01 7.026463028212124584e+01 8.991511113297427471e+01 8.908028577671643689e+01 6.896385123406722073e+01 5.880967518964134655e+01 5.208975152955704857e+01 4.637176230038367208e+01 4.133444489683818546e+01 3.661919601846990702e+01 3.212735740387392269e+01 3.484377931937826389e+01 5.468781838925551853e+01 5.876261230596937679e+01 4.039487906613024393e+01 5.642912388589056150e+01 4.601375466411332837e+01 3.197282167744089065e+01 1.198219082803325541e+01 2.476449732273786353e+01 4.779528401155424433e+00 2.292613948125936219e+01
8.300867227944203819e+01 9.129330972751667161e+01 1.028374561063628505e+02 9.165705166894818490e+01 7.185249371085870962e+01 6.041443443386810941e+01 5.160667922078666692e+01 6.145153470264261131e+01 4.667829018923869455e+01 3.281501277485082113e+01 4.948836248547465999e+01 5.008975004066886072e+01 3.553919811291266484e+01 5.533417361937217294e+01 6.473643673293176448e+01 5.647620518411299173e+01 6.772718042650816983e+01 8.734849291936362192e+01 9.735776423654199618e+01 8.731900002230651126e+01 7.902206850539184302e+01 7.228460406680839867e+01 6.645485229249491965e+01 6.126942075383949060e+01 5.643447892427743540e+01 4.716473419912467335e+01 2.739997093983625476e+01 4.692427723640560089e+01 4.863088215451723073e+01 2.847629335281250462e+01 4.575341844403683211e+01 3.800110545792428240e+01 2.975599048621570830e+01 2.653207849444638811e+01 6.547942989803685165e+00 2.302937822260630440e+01 3.036634627235103689e+00
6.302937496682010021e+01 7.456018796055423081e+01 9.454951648251702068e+01 8.604865704437261797e+01 7.774943828390009060e+01 7.063204606319941092e+01 6.148547785581659753e+01 4.184426315074843217e+01 3.596169979216463730e+01 5.248854856719434991e+01 6.071218213710056233e+01 6.286727677240264711e+01 4.360563515884005170e+01 4.165289961867629387e+01 6.169531469028262904e+01 7.602012286975977418e+01 8.420262469812843165e+01 9.556899990267861256e+01 9.053093298488947482e+01 8.038603536613219092e+01 7.194161418012660647e+01 6.523555643724841957e+01 7.089935348655667724e+01 6.983694548250723244e+01 4.981562866412252788e+01 3.582987617343300002e+01 2.443153490501752145e+01 4.026331337898853491e+01 4.059663632048571458e+01 2.082238011855287496e+01 3.308425854233193775e+01 2.975830994292892484e+01 9.779023677179358387e+00 8.428678293971341162e+00 2.635455847158577214e+01 3.130189830567103115e+01 2.130386456545343421e+01
8.300867227944203819e+01 9.129330972751667161e+01 8.931973071611059822e+01 6.927939636509367460e+01 5.761841306941354190e+01 5.060088133351298012e+01 4.920468324616822287e+01 3.942267280332012547e+01 5.559225080318488210e+01 5.195718604149095654e+01 7.176643417469449560e+01 7.111365821756128014e+01 5.407085388469150189e+01 4.679242747142395586e+01 5.624923522063168235e+01 7.007060901421790788e+01 8.993941062967724065e+01 9.646940605890857512e+01 7.607219383492699194e+01 6.183682938222318626e+01 5.182344095149203156e+01 4.515377609409596005e+01 5.077720111902949185e+01 5.159458077312474700e+01 5.834494984047863397e+01 5.248600716084246898e+01 4.026331337829626733e+01 2.044591318764926058e+01 3.449273997043782458e+01 1.451590907732666835e+01 1.310784392862215064e+01 1.170986053787980019e+01 2.975806395420811512e+01 2.255340482373262034e+01 2.255550803430156392e+01 4.256016977681170488e+01 2.769796564666458139e+01
8.848975810743311854e+01 9.678138713624315415e+01 9.761773559099130182e+01 8.604865704437101215e+01 7.774943828390009060e+01 6.789596241617346095e+01 4.255880846059782385e+01 4.698509074171129640e+01 5.122851049697487014e+01 7.074934911445815544e+01 8.004188558341196824e+01 8.111228952535850567e+01 6.679230073761438291e+01 5.226003538810817872e+01 7.285134280947399077e+01 8.399257951544963419e+01 9.056413906418407578e+01 8.229575362062367105e+01 8.011233854002875887e+01 8.038603536613219092e+01 7.194161418012660647e+01 5.667265562818928970e+01 3.662765449983058375e+01 3.147552158009742840e+01 3.872437436590085014e+01 4.270833474244164307e+01 3.831325062043568863e+01 1.833939003236920229e+01 1.657450655549165575e+01 3.284285329346682403e+01 3.308425809393227013e+01 1.836081362881331813e+01 3.835908001096531450e+01 4.254875945137210635e+01 4.257219450267574956e+01 5.087106951594289939e+01 3.435397905193759271e+01
6.848005186450014037e+01 8.002061857867144568e+01 1.000602909617389997e+02 9.863902327333136100e+01 8.867159345514461677e+01 7.793382266444716322e+01 6.372732376614033001e+01 4.586141212835801895e+01 6.484229270380545529e+01 6.709816457873344575e+01 8.699525725517374042e+01 9.514385185960230729e+01 7.934307617328754247e+01 5.951988739341296508e+01 5.806239951910102093e+01 8.734006482735500754e+01 8.189256962292115816e+01 6.237747178275649418e+01 6.020050299747668276e+01 7.226630239880684314e+01 6.968487664285775907e+01 5.797831914044186163e+01 4.969572631296080090e+01 4.460820152444535580e+01 2.464444899148185542e+01 2.274238018658796889e+01 2.086478513436567539e+01 3.830920574238081144e+01 3.655120410362958694e+01 2.917367936241838677e+01 4.662800156389687345e+01 3.249877978700752834e+01 3.249877255577226975e+01 5.250752919956757836e+01 5.271571539455484867e+01 4.116832712620666257e+01 3.222387948490108300e+01
8.652863824518935587e+01 9.678138713624315415e+01 1.083446069787668762e+02 9.034498968453175394e+01 7.044687441156784757e+01 6.074538882707709320e+01 5.416125145417799303e+01 4.917743486212766868e+01 5.646656277554071579e+01 7.628375256105296387e+01 9.528887386156387151e+01 9.343403915777520297e+01 7.350640819821548178e+01 7.350105754072706077e+01 8.430271293628440787e+01 8.361124304938510932e+01 6.505830969999237823e+01 5.428561031952377647e+01 4.632228746242191875e+01 5.228964052179987476e+01 4.970460845598102395e+01 4.985787550320802097e+01 2.990828119483378700e+01 2.765085486992697028e+01 4.460820067679453871e+01 4.270833452595510948e+01 4.083420973684192745e+01 2.978276126895397269e+01 4.977480764100512545e+01 4.064712011094475486e+01 5.731914941314172296e+01 5.250902669119015087e+01 5.250754782245676466e+01 6.079021140434767290e+01 4.443068593927597476e+01 2.443051113032479549e+01 1.288350502210673554e+01
