MOVIE_S13_data/elevation_000748.asc
nrows	150
cellsize	150.0
xllcorner	0
ncols	150
yllcorner	0
NODATA_value	-9999
[rows 119 to 135 of 150, columns 111 to 147 of 150]
1.170509984938151575e+02 1.069249398584899922e+02 9.853685484537582795e+01 9.180346848816611782e+01 7.690489504459831949e+01 7.470013453969363582e+01 7.641919160768892993e+01 6.666237545402748310e+01 6.895460873554915793e+01 6.141964058502738766e+01 4.137329013658163746e+01 5.294031414581866102e+01 7.300254887770648793e+01 6.365257277306690753e+01 5.784530011611033729e+01 7.195997019890462809e+01 6.807853326881073031e+01 5.382310342218870147e+01 4.185539445785162371e+01 2.197205927801089587e+01 3.838452475073637515e+01 2.367489014976226258e+01 2.817454008308299862e+01 3.411823696697413766e+01 3.315361465670047636e+01 3.078968281385879280e+01 1.086526003596977397e+01 1.000447620556679063e+01 2.266367952186955037e+01 1.942869901798803411e+01 2.710291230986180366e+01 1.411552194687550355e+01 3.406818033438597837e+01 2.917316176694611940e+01 1.031011837921686514e+01 2.238827743560004890e+01 2.159000371862275358e+01
1.086635301078608222e+02 8.841017958289093315e+01 7.833669577374659809e+01 7.164723897285006160e+01 6.586598161624880277e+01 6.051968120496602666e+01 5.635006807566763598e+01 5.250025053117538931e+01 4.890434871240925219e+01 4.546731058278795956e+01 5.537657876487548947e+01 6.951556503652203389e+01 8.135344530175780164e+01 8.360590670915547662e+01 7.767256918188977011e+01 7.215206141764529946e+01 5.788853155028894548e+01 3.956767364121376573e+01 2.550031287932936763e+01 4.185539445790215751e+01 5.011553222520892348e+01 3.182265353585720646e+01 4.632736616036864774e+01 4.864957350649012113e+01 2.023756877812065369e+01 1.401180538963274103e+01 3.083953086755178674e+01 2.880140987783911655e+01 8.792836091310283209e+00 7.941571020296858130e+00 7.093379452369881655e+00 1.786660367385062997e+01 2.510950970589298592e+01 2.317990251338622443e+01 3.177298047984701945e+00 2.386110275855446439e+00 1.596773237891586650e+00
1.170509984938151575e+02 1.069249398584899922e+02 9.853685484537582795e+01 9.180346848816611782e+01 8.598486621990828382e+01 7.208841476768958501e+01 7.051854698202264160e+01 7.255688698315201179e+01 6.895460873555357750e+01 5.102297400053230092e+01 7.091068293251117893e+01 8.244909533967982895e+01 8.505771703374824710e+01 7.499375293968512324e+01 6.664613718467936110e+01 5.993255803847887364e+01 4.362500167722009792e+01 2.942414104681272491e+01 3.244598768411248813e+01 5.259993559752978598e+01 6.008316618375890528e+01 4.333632186016117060e+01 5.999689278071526388e+01 4.981676334647595894e+01 3.205413474848756294e+01 1.629491023567801022e+01 3.629525938069922830e+01 3.674283517529576670e+01 2.029958830600578068e+01 2.795128784969264402e+01 2.591981259274368909e+01 5.912815704538274986e+00 5.106992737409187022e+00 4.305065797082833434e+00 2.299630189986742224e+01 2.238834165845558388e+01 2.159941419853413791e+01
1.061496918871592925e+02 9.785393463544480142e+01 9.679793551311836097e+01 1.050931818655377867e+02 1.006266879470880866e+02 9.224565786072795959e+01 9.066460788971846796e+01 8.534457677119013397e+01 6.519644421422333380e+01 6.519644421422333380e+01 6.369497179170753753e+01 8.383600087906204124e+01 7.669974636173034810e+01 5.659252800762828883e+01 4.650539974607904981e+01 3.973136838908150992e+01 3.363546675785611484e+01 4.953406239556731805e+01 4.144087338607787530e+01 6.085299473922781743e+01 7.169330826453753502e+01 6.340593458735845900e+01 6.193448815135563734e+01 5.035734510932138619e+01 3.862817659633910949e+01 1.862308892933091897e+01 3.276626746472118867e+01 4.768448604677872282e+01 3.970793744589111185e+01 4.096073639259466148e+01 2.839399219800800012e+01 9.095832216510913781e+00 1.520621555159217131e+01 2.430775549435962191e+01 1.695453390284970396e+01 3.695440752528841699e+01 3.416740721453103902e+01
9.461052517712784038e+01 7.788462139067222267e+01 7.683285039517123494e+01 9.355594985481847914e+01 9.765681569340799228e+01 8.936781912067127109e+01 9.765681569340799228e+01 9.371885358257995335e+01 8.534457677119013397e+01 8.534457677119013397e+01 7.791712271046023375e+01 9.220992255456216924e+01 8.505771703374824710e+01 7.499375293968512324e+01 6.664613718467936110e+01 5.741730256311149816e+01 3.719178454523041921e+01 5.730481956557910195e+01 5.311272439128271827e+01 7.001374011407669684e+01 7.757857280258457422e+01 6.926606670673521648e+01 5.361717511697590766e+01 3.360028976271119916e+01 2.205453247592191346e+01 3.862817659633913081e+01 4.692318658524008157e+01 6.104891871583715357e+01 4.699777965649143852e+01 3.325135132336038879e+01 1.362980595452891741e+01 2.866855385862225347e+01 3.523604300847058823e+01 3.528864819831797917e+01 3.109798550269070105e+01 4.525408809371905505e+01 3.424471447846115524e+01
7.788462139067222267e+01 6.639442548349560980e+01 6.534425135008594054e+01 8.444883592790849036e+01 8.767657654343581441e+01 6.942843657017282055e+01 8.767657654343581441e+01 9.568239121480232257e+01 9.154113657533983428e+01 9.983112720311164878e+01 9.812543682773434739e+01 9.355941843101838629e+01 7.340172544654885201e+01 5.920311521819575518e+01 5.098890702519379658e+01 4.333052260112665977e+01 4.487972840877741021e+01 6.505974725059726893e+01 7.332445497882099517e+01 8.175513479022407637e+01 6.926606670673521648e+01 4.923354593737833085e+01 5.510093542646264098e+01 4.457933316788003708e+01 2.457413135369587209e+01 3.871584627206541285e+01 5.873504275441784017e+01 5.288214840196496880e+01 3.277874622155391648e+01 1.876891332599793927e+01 3.325135132857827358e+01 2.589477392140710776e+01 4.591025010347733826e+01 5.529721668212194885e+01 5.110940374222005289e+01 4.554443172567624032e+01 2.558218982253866614e+01
7.237691018982594926e+01 6.348122221362775974e+01 5.643676485244726138e+01 6.451373997120683157e+01 7.862282295325884718e+01 5.947535752941740128e+01 7.939812784542195345e+01 7.571850200034303668e+01 7.159044296946247243e+01 8.830191614319460314e+01 9.983112720311164878e+01 9.577110772877871625e+01 7.560527839799703997e+01 7.138570561130087810e+01 5.127601733243189841e+01 6.349803692313008696e+01 5.915453492499578658e+01 6.136108850632125211e+01 8.155958179049976309e+01 8.084346061795376670e+01 6.079082614448476818e+01 4.663610648359566113e+01 3.508763079394732642e+01 2.842204516418711790e+01 4.457933316788003708e+01 3.871584627206541285e+01 5.873504275455790236e+01 5.707525895940936067e+01 3.696580716728213645e+01 2.276679267058943879e+01 4.285572923125221223e+01 4.591029473604667288e+01 4.591029473604667288e+01 6.212724459740805827e+01 5.069201818104755120e+01 4.251902808746346807e+01 2.559166700351370594e+01
9.168576254362596956e+01 8.340291948876824790e+01 7.035259439332023135e+01 5.041607044888829847e+01 6.502433424451454869e+01 5.242204200122696278e+01 7.235436485018757935e+01 6.163344764762582173e+01 6.009309511069800180e+01 7.159044296946247243e+01 9.154113657533983428e+01 1.041464039707660021e+02 9.153304727350929682e+01 7.138570561130087810e+01 5.798632271176652608e+01 7.808539706106816425e+01 7.934293731626510748e+01 8.155958179049963519e+01 8.032554398729300260e+01 7.201063337513761553e+01 6.596985583368876860e+01 5.284957966288023101e+01 3.283832964189208070e+01 4.842983390666657328e+01 4.842983390666657328e+01 5.873504275456241430e+01 6.704202908947003436e+01 6.207577489442740415e+01 4.201201716815437948e+01 2.773685673505817917e+01 3.916501439515799632e+01 5.926569300059710343e+01 6.601684134901904599e+01 5.399671952743789660e+01 3.411677479981068473e+01 2.257678815843589248e+01 1.501791137337590776e+01
7.565863930229052414e+01 8.392500142340880132e+01 7.862282295325884718e+01 6.502433424451454869e+01 4.506987780972275459e+01 4.610008504747974456e+01 6.321856469043197535e+01 5.011808453970026989e+01 6.009309511069799470e+01 7.417675394438886372e+01 9.413571486113583831e+01 1.052301269670801815e+02 9.693789282081178271e+01 8.644625843929668463e+01 6.695916093078690778e+01 8.644625843929668463e+01 9.257056245813936357e+01 7.249336959422305426e+01 6.092513524493084276e+01 5.197564082814619724e+01 4.594463110127570360e+01 4.039736751623656374e+01 3.800193091593687456e+01 4.175651071605727083e+01 6.147951829977638027e+01 7.677296737222079059e+01 6.892262841757377601e+01 4.887792535710732267e+01 3.727945472422803164e+01 3.940781374137070259e+01 5.620182445415495920e+01 6.759334102515340703e+01 6.095578539233854798e+01 5.172199268467012701e+01 4.354870726960283633e+01 4.251902808746346807e+01 3.498811652324892663e+01
5.584122449288599199e+01 7.399588686895728529e+01 8.354658952387742943e+01 7.329224777629330845e+01 6.003572013581632660e+01 4.006276306020459543e+01 4.325711412519457610e+01 6.321856469043197535e+01 7.832859182251652896e+01 8.830191614319460314e+01 9.454670697087470899e+01 8.626164096197086906e+01 7.696445450546617906e+01 9.369071450581479610e+01 8.117204803178982786e+01 8.708671117389414462e+01 1.008910639097498461e+02 8.929775375232075874e+01 7.201063337513761553e+01 7.201063337513761553e+01 6.577854757604767144e+01 4.584486897518076631e+01 5.795991556347021145e+01 5.159430521852443974e+01 5.565552790418129803e+01 7.553987489995286353e+01 7.724300431086069807e+01 5.734981370978734105e+01 4.887792535710732267e+01 5.947346477695613487e+01 6.778797799294289916e+01 6.684996084304340513e+01 4.669833423531339633e+01 3.255107925343882869e+01 2.355753049055591219e+01 3.412508285492883431e+01 2.879008760344044049e+01
4.588918491887351792e+01 6.367318204187819930e+01 6.367318204187819930e+01 7.116422745393512628e+01 5.121547240928490652e+01 3.707516645051855875e+01 5.705832748563685897e+01 7.148653880608667066e+01 6.987543779486455264e+01 7.814969865235822510e+01 8.070785343577610149e+01 6.631273465147863533e+01 6.545928211117012552e+01 8.540622283280463023e+01 1.013659711484308730e+02 1.072937226251586509e+02 1.022456926667737349e+02 9.392731679568265690e+01 9.208081889866694780e+01 8.202600934242568087e+01 6.212701387092329242e+01 5.290926908687155361e+01 7.281698969660112652e+01 6.271796820335084988e+01 7.553987489995286353e+01 8.410103814131915101e+01 8.573283890582587219e+01 7.724300431086069807e+01 6.892262841757377601e+01 6.909868550912143803e+01 6.066476976262861598e+01 6.066455747626851291e+01 5.975554429860042660e+01 4.894454691446534866e+01 3.392702783733660965e+01 1.392775360558711384e+01 8.685232353587178267e+00
3.832743253191689803e+01 4.379326774575814341e+01 6.197538685592444097e+01 5.960840995325986569e+01 5.133824381730834574e+01 3.468004780489292926e+01 5.466988290822585128e+01 6.662432190706613255e+01 4.991840653305352760e+01 6.234745686342222371e+01 6.075998661866707096e+01 5.480148398351665406e+01 7.474413453356953596e+01 9.369071450581479610e+01 9.734715398433380074e+01 9.170580340816063369e+01 9.067944736675264039e+01 7.391429344185796424e+01 9.067944736675264039e+01 9.028692930074326739e+01 8.106863636701562825e+01 6.287566924001490065e+01 8.106863636701562825e+01 8.218652565463972337e+01 9.054291578106797544e+01 8.268117947296916270e+01 7.434641311010288689e+01 7.305106169340835720e+01 6.468144000321873932e+01 6.066476976262861598e+01 3.989264811545490375e+01 3.989263808179287452e+01 5.422381055359933555e+01 4.915521586927459197e+01 2.957706339121202532e+01 2.170622396583237546e+01 2.879008760344044049e+01
5.373322489381892098e+01 3.379047660683029619e+01 4.961935003542071598e+01 4.809433702808541966e+01 3.134145884059369891e+01 5.133818781750715488e+01 6.146544823512385847e+01 5.319371840644923566e+01 3.837049754901071452e+01 4.237637463131968474e+01 4.664428057079461354e+01 5.817305124422455265e+01 7.811753406408863043e+01 9.168829719641782106e+01 7.780444941254151558e+01 7.182018453649266121e+01 7.182018453649266121e+01 6.263067084061343337e+01 8.237279237505364904e+01 9.091300423779567552e+01 9.101870048539063873e+01 8.275831015318748030e+01 9.101870048539063873e+01 8.747854576926557968e+01 7.844441014788257860e+01 7.010835387256437912e+01 5.393281525544662003e+01 5.767878025734245284e+01 4.408526468626243400e+01 6.122582458331773125e+01 4.597666168559246103e+01 2.522244414118631894e+01 4.526708258383408889e+01 5.719724918162914662e+01 4.840155282523024738e+01 3.937591152058084276e+01 2.338058090085717922e+01
6.197538685861891139e+01 4.961935003542071598e+01 2.965942936724199441e+01 2.809422558451043628e+01 4.809433702808541966e+01 5.675455051490522607e+01 4.848080445528654536e+01 3.319851879251517346e+01 4.734575328825290796e+01 6.234745686342222371e+01 5.817305124416904505e+01 7.487409234447545714e+01 8.639626121142691773e+01 8.200352249563064788e+01 6.429561773565542637e+01 7.182018453649266121e+01 5.232417392044371951e+01 6.772377365774394775e+01 7.526182070091748244e+01 7.103927869169615406e+01 7.795491468851938066e+01 8.620544170824705077e+01 9.337749932100348360e+01 7.328213529284988681e+01 5.891010051483483068e+01 4.964050965997941489e+01 4.299994714354289016e+01 3.693842923380108090e+01 3.203913452619493540e+01 4.667106764326332069e+01 3.933712534304394381e+01 1.883432307338973644e+01 3.547744056018656522e+01 4.399693850827731012e+01 5.196848122837158002e+01 4.997407777689177522e+01 3.768891418562191831e+01
5.638494464101894721e+01 4.230708283123208702e+01 4.584414874654459737e+01 2.584378053307596090e+01 4.342761592252576008e+01 4.406196500936635374e+01 2.847933230319830500e+01 4.848080445528520244e+01 6.146590343794968447e+01 7.558609752048394625e+01 7.811752851721239210e+01 8.639599660922768010e+01 8.815107036556635478e+01 7.391199639727472004e+01 5.481926757811236683e+01 6.760368586316282347e+01 4.668197493941912057e+01 5.018717661179965717e+01 6.605889453651387555e+01 5.706336754173999282e+01 5.815203796984475559e+01 7.213250383545721434e+01 9.201145793569027376e+01 8.747854576926557968e+01 7.844441014788257860e+01 7.010835387256437912e+01 6.363585322203793737e+01 5.767878025734245284e+01 4.667106764326332069e+01 2.599048344528831223e+01 2.298039649512474725e+01 3.556434244348595541e+01 1.514753493966206577e+01 3.189536801091129803e+01 3.180586979956704496e+01 4.687179160415863777e+01 3.417022133003649031e+01
7.045016342528379027e+01 6.220200124654224538e+01 5.411652743830973833e+01 4.342759264917516049e+01 2.342787389825493349e+01 2.406093701788390149e+01 4.404737483984784774e+01 5.660318101258690149e+01 6.349543563929832857e+01 6.090620154394616748e+01 6.917773456096725226e+01 8.070274535256044146e+01 7.829944760360294254e+01 6.045630737071412142e+01 4.756359299909976102e+01 6.679649067854846578e+01 5.907081409063194855e+01 3.919069614636300258e+01 5.735405495293342426e+01 4.564736583815012239e+01 5.962799502240726213e+01 7.943890344395433090e+01 8.762601672060556268e+01 9.590780579712649967e+01 8.689386341041208084e+01 7.678051783335088487e+01 6.843367867644359137e+01 5.378611342408287044e+01 3.304236858529232279e+01 4.062830022460624235e+01 4.358818817119124134e+01 3.810281193758781626e+01 1.762479367832835919e+01 1.158332391383935267e+01 2.641056918869368886e+01 2.272203865298042658e+01 2.498269343592885505e+01
5.974458655453196343e+01 6.485232520325156713e+01 5.658081452508393028e+01 5.170113966676455419e+01 4.104568136155621261e+01 2.104693994507388766e+01 3.511009937515162704e+01 5.442215514623294581e+01 4.352236900240735196e+01 4.092897562029316560e+01 5.247234963308764577e+01 7.242705750593488290e+01 7.013809602350089278e+01 5.077451871815239315e+01 4.105012207713956940e+01 5.363873358534847569e+01 5.460151265187743519e+01 3.470887845388655535e+01 3.751478778952035498e+01 5.735405495293342426e+01 7.365957815638427064e+01 7.867617520307256029e+01 6.763051941655423605e+01 8.436365197330073329e+01 7.857835489456722655e+01 5.828900245832003435e+01 4.791984190944916122e+01 4.093342162418806396e+01 5.378611342408287044e+01 6.125959869964654558e+01 4.842176191393823359e+01 2.778386196123736696e+01 3.810276220402012370e+01 2.867094087975061356e+01 8.380724460495232009e+00 6.224068814113455694e+00 4.138924615099174531e+00
