MOVIE_S13_data/elevation_000061.asc
nrows	150
cellsize	150.0
xllcorner	0
ncols	150
yllcorner	0
NODATA_value	-9999
[rows 85 to 101 of 150, columns 111 to 147 of 150]
2.262648104061449672e+01 2.164665515435133258e+01 2.554122780979260199e+01 3.459656112298044661e+01 5.447644061953721462e+01 5.177530594676589004e+01 6.614281662581420562e+01 6.717921935655421350e+01 5.308213227667621936e+01 3.546350448904608044e+01 5.308213227336220541e+01 4.774947754543627809e+01 3.774332058904958842e+01 1.772982788669221321e+01 3.601736044030468520e+01 4.339469012173740481e+01 4.952455637972458646e+01 5.778532774588219212e+01 5.840313112052209732e+01 4.881233677285830908e+01 3.683648975989687102e+01 1.724580329460390971e+01 3.304624507493127084e+01 3.061627897753610839e+01 3.014368002985027317e+01 2.867449817126809108e+01 1.958221424331351201e+01 8.454028754226388997e+00 2.321946155721689919e+01 3.017560209939944826e+01 1.653545713134487016e+01 3.191749185921709397e+01 2.147204354979866281e+01 5.708638569723474276e+00 1.319875750787140767e+01 2.544393965303381933e+01 3.379774040811652469e+01
4.176172538150991187e+01 2.578950475904727568e+01 4.500929652062541919e+01 5.384258893403066537e+01 6.284460540225360603e+01 7.222211381058600921e+01 7.437020976148056661e+01 5.951441799714127256e+01 4.198115951268147228e+01 5.308213227667621936e+01 4.954137860657258585e+01 3.952307800316162201e+01 1.954377636897389081e+01 3.774332058904958842e+01 2.564332576967476029e+01 4.561092994350210716e+01 6.300182383429849864e+01 6.391648820207936410e+01 4.488655714667252283e+01 3.128317417322557503e+01 2.141622495110137336e+01 3.683648976107694750e+01 3.338526751807457060e+01 4.989450692478897054e+01 5.084436148762637231e+01 3.335832778345483263e+01 1.272864323596061631e+01 2.993225427867798416e+01 3.949597422686443338e+01 4.471554378115149575e+01 2.451558780152027950e+01 3.499413537974415078e+01 1.535111210704804208e+01 2.656688463351539298e+01 2.468407300892743095e+01 3.228258103066667672e+01 3.424204923780406773e+01
5.212024412380191762e+01 4.579246544956399845e+01 3.208543720666665422e+01 4.258631731931966158e+01 5.992028262468161870e+01 8.193609052355037647e+01 6.705864252277153525e+01 4.951016187997561957e+01 5.951441799714130099e+01 5.238793603923476638e+01 4.045791761067283687e+01 2.137764290626368080e+01 3.952314295642882769e+01 4.774975635666169893e+01 4.561092994350210716e+01 3.457964287607729403e+01 5.463444690696969275e+01 6.457669959316378083e+01 4.554192515186798573e+01 3.195037309555601368e+01 2.488920008796868188e+01 4.421061794002331169e+01 5.305578825409031651e+01 6.050129980381838379e+01 5.508187739833694252e+01 3.757975727298203594e+01 1.631281377325433724e+01 3.134544156901131373e+01 5.263371002078971372e+01 5.265780059483233799e+01 3.395940936638719165e+01 4.322190996125205231e+01 2.682308713271930500e+01 4.324140480809306553e+01 4.477935869953073933e+01 5.141715986957864004e+01 3.416937322194689841e+01
6.579873275105731523e+01 5.765609662751428743e+01 3.727985391334470222e+01 5.765609662751428743e+01 7.217368022656854976e+01 7.633502734952129742e+01 5.916132932408157785e+01 6.705864252277153525e+01 6.174785568335228447e+01 4.463115476427623207e+01 2.322601379875084504e+01 3.842440541022456557e+01 4.055831097704589894e+01 5.906126761061597108e+01 6.300182316947663708e+01 4.350626977570436793e+01 6.300182392713485768e+01 6.458547164344423663e+01 4.554206863677623573e+01 4.773793852290687312e+01 2.845228464773427746e+01 4.064776393617207617e+01 5.764834195661870808e+01 6.166976155737663134e+01 3.885728398661193950e+01 2.536013775333864473e+01 2.369564669929259182e+01 3.368748988706433067e+01 5.489836108312098872e+01 6.113886780648796559e+01 4.523159187638155743e+01 5.511120886193332069e+01 4.672064444615178047e+01 4.885678472332723032e+01 4.071438485158459031e+01 3.469192288563154136e+01 2.914933109456516291e+01
6.838140335143953052e+01 6.367447151222442159e+01 4.312236486001906854e+01 5.786414426096685304e+01 7.957109615520521118e+01 7.581853768922699999e+01 7.131234938276519131e+01 6.842127646577834810e+01 4.697751009833137914e+01 3.267082880192746330e+01 2.453437752864170918e+01 4.401212226793671789e+01 5.323902164373132706e+01 6.233730867615564364e+01 7.162041540526615790e+01 5.784145148188301988e+01 7.245649402846328258e+01 7.263507460946213712e+01 6.458547164251807260e+01 5.213330097531014928e+01 3.297436034168820385e+01 3.809175696709373682e+01 5.398153380954725833e+01 6.873336617000585136e+01 5.571310784581843478e+01 3.521664250296208820e+01 3.340358086773684221e+01 4.517322860920426564e+01 6.332032553786500273e+01 7.211326483779269836e+01 6.415493608398895731e+01 6.035788261334811722e+01 4.043739672500871762e+01 2.889526810009083846e+01 2.073050118900837901e+01 1.470027986294994982e+01 9.153278219510955438e+00
7.679210376339855770e+01 7.222354357729061292e+01 5.461193746572350705e+01 5.868004632393388675e+01 8.174503767424623391e+01 9.182018663731605557e+01 8.899253985593480820e+01 7.370649176558247007e+01 5.292190293286535763e+01 5.059712123199039979e+01 4.441533297639399791e+01 2.641054319996099053e+01 3.634152024507988443e+01 5.030926073246881458e+01 7.000703681200812412e+01 7.891056726517390985e+01 8.202527146001584413e+01 6.289138924400817388e+01 4.962014322796339627e+01 4.009417854207968901e+01 4.658074607829169622e+01 5.673609207644921071e+01 4.989550601472434010e+01 6.850709361274982712e+01 6.519221014410582882e+01 4.782672388742239633e+01 4.587651211494039671e+01 6.311159949775146316e+01 7.434390467003886727e+01 7.573719873386718859e+01 6.747874563889324406e+01 6.855836843357613475e+01 5.707802980737088205e+01 4.071438485159105625e+01 4.071438485159105625e+01 2.548169190330423106e+01 2.914952272837728842e+01
8.517377278984679378e+01 8.300528117932526584e+01 7.460100290069833306e+01 8.120352838209247182e+01 9.175637020354972151e+01 8.620767494677268417e+01 7.724943436584699441e+01 6.990457561062663672e+01 6.381207243755952874e+01 5.846792185004252218e+01 4.759615162168050517e+01 2.774935037474300614e+01 4.759615162087022355e+01 6.098466929240071011e+01 6.647902297269367011e+01 7.274283593495556488e+01 8.090745201419146326e+01 7.653234364178742055e+01 6.572156499897887727e+01 4.687375407727158461e+01 5.905785743057950299e+01 7.355096352220341771e+01 6.295997275936786508e+01 7.648575986384298631e+01 7.717275516975877281e+01 6.883848665681415468e+01 6.674145005811230646e+01 7.500197371901791144e+01 8.536603700820410268e+01 6.747874563889324406e+01 4.763062884480578418e+01 5.344400766001133718e+01 5.755468724184948570e+01 6.065676668103993308e+01 5.374008806700782515e+01 4.546949836280371926e+01 3.424067806443743223e+01
6.919138258607927128e+01 7.721946585353985881e+01 8.577411127569601490e+01 9.699612112020142263e+01 9.020692498756909572e+01 6.851937887312016073e+01 5.688968877710509275e+01 4.988098507552169991e+01 4.390342801015088270e+01 3.859630634457366227e+01 3.377700861665935861e+01 2.909381128602101541e+01 4.893714696566814126e+01 4.116542912579072322e+01 4.666884868869241387e+01 5.293491967514418661e+01 6.694979568420363591e+01 8.672847938394004075e+01 7.373197751712908143e+01 5.625051316311782301e+01 7.373196354474413283e+01 8.623342122444299207e+01 8.189902800910802227e+01 7.885454817190831989e+01 7.572877601474156961e+01 6.741205593978985178e+01 7.572877601474156961e+01 7.962374409532513653e+01 6.592216891464211415e+01 6.747874563889324406e+01 4.763062884480578418e+01 3.355363812188818429e+01 3.767669324593061475e+01 5.173835944878668869e+01 5.185152257780134732e+01 4.365694967946198091e+01 3.982453351284296872e+01
5.023121092537382282e+01 5.872194716757299915e+01 6.950792311258848599e+01 8.879909983460001399e+01 9.904956762217582877e+01 8.631705224171251700e+01 7.723986033607040724e+01 6.990251352271690166e+01 6.381219462861069047e+01 5.846799768542897624e+01 5.048117815223324101e+01 3.064073395203875094e+01 3.391279034977848283e+01 5.374770614056922113e+01 6.647902297269367011e+01 7.274283593495556488e+01 6.694979567784922381e+01 8.672846733915707773e+01 8.329291732048342567e+01 7.519261692828811761e+01 8.329291606035626216e+01 8.351248775784604561e+01 7.885454817190831989e+01 5.882509860542538860e+01 6.250057108301078301e+01 4.740355515649819296e+01 6.571429814100618216e+01 6.982545536869855596e+01 5.190999848483946977e+01 6.982545536869778857e+01 5.790521220618916232e+01 4.349882289094976784e+01 2.356254589397870092e+01 4.349858508665462153e+01 4.062461638569690336e+01 2.436233013411171200e+01 3.128705023769708049e+01
6.359774213129693266e+01 6.218857616056003224e+01 7.553638781853896944e+01 9.501494902809206167e+01 1.064256429045763497e+02 8.833681405189324209e+01 7.474543499479889874e+01 6.313698450449135890e+01 5.301158378096403112e+01 4.569053173772032750e+01 5.203472162665175205e+01 3.219653239066791173e+01 5.203472154442793141e+01 4.072600586400658784e+01 6.054585979857575495e+01 7.620460661338806574e+01 8.672846926434762338e+01 9.486526794063166790e+01 9.437775752938787832e+01 8.434848209022888454e+01 7.602196445134502767e+01 6.348722564594587681e+01 6.380332091261995231e+01 5.880149883054689042e+01 4.249301214943631777e+01 3.740294706246945111e+01 5.740780554814404013e+01 6.176357225579456411e+01 4.192285538366388664e+01 6.176357225579456411e+01 4.966473699090448690e+01 2.975634484682101544e+01 1.821547950915364567e+01 3.169496117748418484e+01 3.190189074696190374e+01 1.301864703915471289e+01 2.240331240257743417e+01
8.269562523505496188e+01 8.124152630905982164e+01 8.937971105576146158e+01 1.026714049575511041e+02 9.285011185788734167e+01 8.473541897185890548e+01 7.815343063069271068e+01 7.219449493024586673e+01 6.105232379667782538e+01 4.148886863026862670e+01 3.741487956651687341e+01 3.393199062907967800e+01 5.376778284479417636e+01 6.054585979857575495e+01 4.822355535400944859e+01 6.803320239710109263e+01 8.504678048732978368e+01 9.643993572034153772e+01 8.603278812716844470e+01 6.601114809338108103e+01 5.601353875932940696e+01 4.934467888420409309e+01 4.379603281050095376e+01 3.879556390963625034e+01 3.420822545020050853e+01 2.984671494175848494e+01 4.499597576156440226e+01 5.318532969258241394e+01 3.525820764131039908e+01 5.196360416492560574e+01 4.397330815921973368e+01 4.635750507609416360e+01 3.169496117748418484e+01 1.171650293317965108e+01 2.409739383902804732e+01 4.283092946421658276e+00 3.098056717103412350e+00
8.644073763680172817e+01 9.494928179008101665e+01 1.053573140981788043e+02 9.457824478933844148e+01 7.489259315437955422e+01 6.498945394836039213e+01 5.841598028121225639e+01 5.252530612579307245e+01 4.783430441696336288e+01 6.107165121533420660e+01 5.551396070093812796e+01 3.568119276440474863e+01 4.971382879357334161e+01 6.951936108617124432e+01 6.803320239710109263e+01 5.708530807492964243e+01 6.853251886293649875e+01 8.830708604028022535e+01 9.437772176477076869e+01 8.434781774189167436e+01 7.602196459393117323e+01 6.935248912348333761e+01 6.380332091261995231e+01 5.880149883054689042e+01 5.421182254549111690e+01 4.499597576156440226e+01 2.500161101876798853e+01 4.040786370648308434e+01 2.893805340764380674e+01 4.067434499300005513e+01 2.419178120863075065e+01 3.111264106368391680e+01 2.746292243829183732e+01 7.449381568997379688e+00 6.095765463793254568e+00 2.409733268689251773e+01 2.274820429016821777e+01
6.515956389218811751e+01 7.591895320272003289e+01 9.696252207628378983e+01 1.026714049575511041e+02 9.285011185788734167e+01 8.473541897185890548e+01 6.858702084191327231e+01 7.220236543728404399e+01 6.742962994760350171e+01 6.856149584914597028e+01 5.728749412840964794e+01 3.745886807732414781e+01 5.728334583381903400e+01 6.993601676853162985e+01 8.136684702834666894e+01 7.689023435732494249e+01 7.110288938015017379e+01 9.086212109139245285e+01 9.197700979364974216e+01 8.043985073185025669e+01 7.151405681246362178e+01 6.323659070306932506e+01 5.798000789147280187e+01 4.970882747635161536e+01 4.728777698088981651e+01 4.491825726994657231e+01 4.040786353003777265e+01 2.041964250321277774e+01 3.649050456500247464e+01 3.251907710842396426e+01 1.264794365370970475e+01 1.110056170914040230e+01 9.566750753839501797e+00 1.651594972978936582e+01 2.605974415538043942e+01 3.434470824248250409e+01 3.644981016181689171e+01
7.891670649856833109e+01 9.494928179008101665e+01 1.053573140981788043e+02 1.143855587319565643e+02 1.062883147003895488e+02 9.639950794956419600e+01 8.828880413101281022e+01 8.570244200559022829e+01 7.172955447199160517e+01 6.038239938890847469e+01 4.056533650285002324e+01 5.728749412840964794e+01 4.196203609244104626e+01 5.340607428501050435e+01 7.320489026424061763e+01 8.795392151579655149e+01 9.086212109139245285e+01 9.899067163524263435e+01 8.367945623484020246e+01 6.371685701049830186e+01 5.221401199596789411e+01 4.329363023273747757e+01 4.970882747635162957e+01 2.974421834787398566e+01 2.732173777215423272e+01 2.495190143421649864e+01 4.139538057243278502e+01 3.523816478419627884e+01 1.649873227942088860e+01 1.487831833937958415e+01 3.265059408569017307e+01 3.111240372830192769e+01 2.372906815753819387e+01 2.442019799952092995e+01 4.298631422745395980e+01 3.973617183514754458e+01 1.973488370327545738e+01
9.848845723879745151e+01 1.082282254028030479e+02 1.106430612857003837e+02 1.062883147003895488e+02 8.662717939270773115e+01 9.238579259850148162e+01 9.054274409544117930e+01 7.528126996388260750e+01 5.775666693839287547e+01 4.375001830451098073e+01 6.038239938890847469e+01 6.672380585124732022e+01 4.692472798208893892e+01 4.857412512639845659e+01 6.000663958529793973e+01 7.980400799103632892e+01 9.417369429153275462e+01 9.528176720220436380e+01 7.482337945327877549e+01 6.107987898021738715e+01 6.447546860234849930e+01 5.326511046790335513e+01 3.330539774370519979e+01 4.970882747635162957e+01 4.728775741930319043e+01 3.576811742944374117e+01 2.164709894307210192e+01 1.937060063252878450e+01 3.608894418204670984e+01 3.487392878285711362e+01 2.556556772101356501e+01 4.556296584327173349e+01 4.372848569284681730e+01 4.376775241414910766e+01 5.203905023111043704e+01 4.802671197533357628e+01 3.647662144915653215e+01
1.059480800968048726e+02 1.071639849620714955e+02 9.100541276655719969e+01 9.100541276616850439e+01 9.238579121250238302e+01 7.260834181004454990e+01 7.078416221705002442e+01 6.710850569912931007e+01 4.731503421370355511e+01 4.947224159637200103e+01 6.926805130764664398e+01 7.201564341459889818e+01 5.221540030607621219e+01 6.837399201273726135e+01 5.633762829078772683e+01 6.624611368612404760e+01 8.603757596386316209e+01 8.988243909362709871e+01 6.990662375908189574e+01 6.470143337231250769e+01 4.579026918121189027e+01 3.726455091258765151e+01 5.326511046790340487e+01 6.153662931190792307e+01 6.399954978384636206e+01 4.619959670769225113e+01 2.622153830643161143e+01 3.981734196062435416e+01 4.808797844600678673e+01 5.385579079118872414e+01 3.710692022247152977e+01 5.385579079118872414e+01 6.121495409201838100e+01 5.293443550137094178e+01 5.062676613759686717e+01 4.477007841296788371e+01 3.415659568244711863e+01
1.103866277857291749e+02 9.076985253408686560e+01 7.932909953232153555e+01 7.120984895732212294e+01 8.215256568248452140e+01 6.510305211616172016e+01 7.078416221705002442e+01 5.099014609362875206e+01 6.710850569912857111e+01 5.572554671096929013e+01 7.553112512381119359e+01 7.773436843768085680e+01 5.792412384869414410e+01 7.773436843768085680e+01 6.333980170134028498e+01 8.314351470310293735e+01 9.417369429153275462e+01 8.401673602550881981e+01 6.406202389172098322e+01 4.999236281289865502e+01 4.185016985591804684e+01 5.721589566490781920e+01 4.988709741290907829e+01 6.982683140861504967e+01 6.251651089146886164e+01 4.253245508058481761e+01 3.288100830714906664e+01 4.253245691337185264e+01 6.251664761786923918e+01 6.541080223718735454e+01 5.711431792587848832e+01 5.800092088690961134e+01 5.293443550137094178e+01 3.293592339977740124e+01 3.062858480450728749e+01 2.477098662337056112e+01 2.697722561547729114e+01
