MOVIE_S13_data/elevation_000525.asc
nrows	150
cellsize	150.0
xllcorner	0
ncols	150
yllcorner	0
NODATA_value	-9999
[rows 119 to 135 of 150, columns 0 to 36 of 150]
5.358388947715440193e-02 4.767629097387491299e+00 9.618341598114193758e+00 2.961834159811455081e+01 3.121172414878725121e+01 4.275872953258017617e+01 6.275872953258087961e+01 5.924166142761661291e+01 4.005989791912493558e+01 4.444630094678601040e+01 6.551873078707951947e+01 7.110335152292090299e+01 5.264404838152635335e+01 7.110335152292090299e+01 7.481311948542746393e+01 5.827014015065662278e+01 6.535681797175050178e+01 4.716765776159459733e+01 4.296658937996171801e+01 3.980953784552760055e+01 5.130322453370740732e+01 7.118723526532458834e+01 8.210671080234291708e+01 6.806745293563007237e+01 8.110962633115190101e+01 8.167163955439058043e+01 6.177436564367589966e+01 6.230674622939977070e+01 6.982603026031304694e+01 7.979333041938969018e+01 9.965832803740619283e+01 1.066846159051431613e+02 8.689815523294379318e+01 7.586591804450488041e+01 8.991108664283487428e+01 9.817518042834704772e+01 1.036969184275318980e+02
9.610063126937995470e-02 2.009610063126902446e+01 2.961834159811455081e+01 2.594827321666900488e+01 4.594827321666971187e+01 5.949599539625140210e+01 7.104300078004617092e+01 6.973251624421074268e+01 5.503601462619978690e+01 6.551873078707951947e+01 7.403702190844711595e+01 8.119907964441034665e+01 7.298486378473828040e+01 8.119907964441034665e+01 8.622608699150056566e+01 7.804265050535752835e+01 6.705529286377107212e+01 6.705529286377108633e+01 5.291917618900279763e+01 5.970719648992682949e+01 4.644707005226490537e+01 5.793685492006184745e+01 7.781242604053379353e+01 8.794595274095767934e+01 9.230326741052488160e+01 7.241331295985671090e+01 8.167163955439058043e+01 6.893658334732216986e+01 8.883832662399316860e+01 9.791423748855899589e+01 1.078248906526466442e+02 9.842204165230805302e+01 7.846208487331628589e+01 6.696175673673648987e+01 6.996852965077131614e+01 8.360469606816006660e+01 9.186797762822193647e+01
7.276759767036948545e-02 9.017039507669604603e+00 2.056404489146232351e+01 4.056404489146302694e+01 5.423254446413190522e+01 6.281980324723161857e+01 6.281980324723161857e+01 7.110407449604313967e+01 7.600144694795936573e+01 8.275761642035263321e+01 7.448964920115406585e+01 7.707782738280084800e+01 8.535046172880858251e+01 8.684693616184576115e+01 7.857440318897801035e+01 8.684693616184580378e+01 8.696337960384431653e+01 8.105357108790930454e+01 6.697019226600721709e+01 7.164783906514789180e+01 5.177747057592599589e+01 7.164783906514789180e+01 8.607001780469256857e+01 1.005020091384485141e+02 1.004860809870512242e+02 8.237966564887906884e+01 9.702873105591943670e+01 8.302668391275909698e+01 8.302668391275911119e+01 1.028688732771209686e+02 1.129519880308042730e+02 9.299126480181229226e+01 7.887727795540116915e+01 6.737613334893949002e+01 5.846680692149893588e+01 6.366877666176061012e+01 7.663630398484515638e+01
5.410910321759920122e-02 2.005410910321724316e+01 3.730131075513250494e+01 4.884831613892522739e+01 5.696193887163803282e+01 4.281980324723091513e+01 4.281980324723091513e+01 6.281980324723161857e+01 7.745321616642043239e+01 7.129701919529044574e+01 5.468500107139350774e+01 5.725435678560781128e+01 7.388027802630777785e+01 7.686552496476900842e+01 5.861524198878964853e+01 7.197047954220087718e+01 8.024159924458886906e+01 9.177031467340134441e+01 8.687524811438301242e+01 7.989921191718113391e+01 6.324553908629687982e+01 6.239607226024694597e+01 7.230980839081080092e+01 9.223405982591275176e+01 1.103888083603180519e+02 1.022268691721706375e+02 1.103888083603473831e+02 1.028688732771209544e+02 1.028688732771209686e+02 1.110307781990967158e+02 1.051238882589308048e+02 9.686170973982642352e+01 9.557811139012810031e+01 8.619365796823566939e+01 6.625470266539667819e+01 5.214287731152709426e+01 5.669268117689261999e+01
8.267786763791994120e-02 1.422481349136874407e+01 3.422481349136803175e+01 4.840057038134622047e+01 4.111837816331549078e+01 2.867766762349946319e+01 3.762193953349893860e+01 4.916894491729186001e+01 6.916894491729327399e+01 6.244941609927946047e+01 4.331843994307708812e+01 4.588050068066987563e+01 6.563274132576809450e+01 6.702823519601658120e+01 4.868753172512713689e+01 5.204708982531722938e+01 6.353084448305895648e+01 8.349923543165854767e+01 9.326432964960643801e+01 9.138854663914561627e+01 8.312559428647578841e+01 8.227193410836171950e+01 9.053456097583057272e+01 1.005020091384628103e+02 1.172368183880068955e+02 1.119297620944491740e+02 1.036665883838167019e+02 1.049828055937061038e+02 9.670666499706295838e+01 1.049828055937061038e+02 9.686170976614310746e+01 7.690884612270940579e+01 8.275290453537675717e+01 9.101635009654380326e+01 8.035570204121722782e+01 6.666449258086883844e+01 4.667305199475982391e+01
6.631016962878631682e-02 1.420844579335986246e+01 3.420844579336056768e+01 2.840057038134551348e+01 2.111837816331478734e+01 4.111837816331549078e+01 5.696193887163803282e+01 6.590621078195263749e+01 6.820746994881933745e+01 4.843861685960295915e+01 3.455556580344489248e+01 5.422877987317870918e+01 6.122404347355655574e+01 4.715289822087826366e+01 4.064188547662133288e+01 6.046770512598826741e+01 7.328690854891326012e+01 7.328690854891326012e+01 7.328690854891326012e+01 9.110965873369110568e+01 8.915700651645568087e+01 9.742778444638278756e+01 1.031026584064850766e+02 8.896849842494167149e+01 9.982108012180698609e+01 1.003928874387356984e+02 8.367030596150378585e+01 9.498351537910583886e+01 7.670054192252140979e+01 9.498351537910583886e+01 9.686170961458503825e+01 7.690884612269017850e+01 6.281971829620965053e+01 7.335631037837018198e+01 6.820633751018246471e+01 6.328532232852588635e+01 4.325831212480267851e+01
6.823395580091534685e-02 2.006823395580056157e+01 2.860158050812223962e+01 1.425843475761431201e+01 2.425843475761448786e+01 3.840057038134593626e+01 5.840057038134663969e+01 6.365746840257235561e+01 6.325453417584495952e+01 4.352862183071368207e+01 2.966217361170055966e+01 4.395312256342004531e+01 4.639560638322958397e+01 3.323831984762482250e+01 5.244463420759498717e+01 5.573857124311535927e+01 5.334903078308018110e+01 5.334903078308018110e+01 6.286056603946608590e+01 7.502566188102019851e+01 6.917226727845464040e+01 8.915700651645568087e+01 9.310161657982308725e+01 7.481544042822258689e+01 7.981790542031117752e+01 9.144905724229700184e+01 7.211001301219843640e+01 8.670360249077519654e+01 6.668363673077476506e+01 8.670360339117399917e+01 9.743253121532218586e+01 7.747914756557214844e+01 6.338926242753324658e+01 5.341055126235787043e+01 4.822709137763825282e+01 4.402104532983018004e+01 3.997000830940553584e+01
7.768263131119747256e-02 2.007768263131084296e+01 8.601580508121882573e+00 2.274371613185308405e+01 4.254270600545103065e+01 5.254270600565613591e+01 5.773906874849811999e+01 4.355313551737359745e+01 4.966145171678553538e+01 4.480108635292373975e+01 2.514860805713327707e+01 2.425325766705972441e+01 2.670367228142434257e+01 2.966870487114010402e+01 3.272486064546161089e+01 3.597494902999279986e+01 3.936921932102334409e+01 4.398849841459963272e+01 4.877511726409856152e+01 5.505887425440661787e+01 6.657968259933170430e+01 8.656308413964387682e+01 8.481984535095914168e+01 6.479596067359807421e+01 6.565406956312125430e+01 8.240053021513618603e+01 6.314592836151308575e+01 7.246807515292445601e+01 5.999834151501814716e+01 8.003028062190611536e+01 9.762511707975005493e+01 9.158680720898128413e+01 8.081820475259928571e+01 6.087707346715729528e+01 6.820633747740637887e+01 6.404036529445531301e+01 4.648341367677603841e+01
7.631010328431753718e-03 3.437602713178615765e+00 2.343760271317897192e+01 3.688585175585691900e+01 5.102798738629000752e+01 5.523008956679414183e+01 4.663383556765525384e+01 2.872653659573287399e+01 2.990439077080293018e+01 3.767485782914916825e+01 2.083197945409646223e+01 4.055120206808344818e+01 4.639560638322958397e+01 4.355381944455952237e+01 4.405162907511088122e+01 5.573857124311535927e+01 5.076546450496451257e+01 5.186228700108938483e+01 6.871160923469579984e+01 6.504557143355948767e+01 8.330002586241396045e+01 9.483535637878037505e+01 8.567669964512009528e+01 6.565406956312125430e+01 5.407249719034312108e+01 6.679740961307476255e+01 7.246573272680247157e+01 5.242026675019301507e+01 5.394589733917071328e+01 7.399042360529179518e+01 7.762101929595927174e+01 8.980961252763081859e+01 8.907991583815504555e+01 7.497544459716999654e+01 8.278859426748425676e+01 6.283313174067072282e+01 5.282101454698243259e+01
4.583726557775372884e-02 2.004583726557739709e+01 2.343760271317765742e+01 4.343760271314892663e+01 4.140206672957714318e+01 4.701594588306977585e+01 2.774840078908860264e+01 1.864840394474638430e+01 1.593624427273787170e+01 1.793671826359310018e+01 3.767485782914916825e+01 3.476045540442019188e+01 5.453130119976606949e+01 6.339416797084876976e+01 6.390969243266141575e+01 7.217654503766311791e+01 6.484458243735606686e+01 6.335394370878033499e+01 8.006801782021150871e+01 8.502360683092834392e+01 9.329482863792357250e+01 9.297052068598061680e+01 9.395819514318350230e+01 7.836511314819499319e+01 5.832923946484981315e+01 4.673819851203812448e+01 6.044565645440772528e+01 4.606752133360407697e+01 6.612831480322768130e+01 6.712802451944294546e+01 6.345298304027263470e+01 6.979385406116787749e+01 8.980961252763081859e+01 9.492387572711554355e+01 9.105256715081954155e+01 8.107339775232811974e+01 7.281080793557120501e+01
7.859053197723891993e-02 1.999604071271887307e+01 3.642241876374082210e+01 3.544377537998447991e+01 2.160996265083369750e+01 2.885864343957624101e+01 3.032624263205275028e+01 1.314188530842695712e+01 3.296323067851374589e+01 3.767449421199358284e+01 4.588710532686280885e+01 5.453130119976606949e+01 6.277974866244212393e+01 7.306667350040547149e+01 7.048697934376022545e+01 7.875791348770482614e+01 8.481934048095986611e+01 8.332733617479441079e+01 9.159902287339696159e+01 9.882616261685735992e+01 7.882051342125950555e+01 7.295938850453420343e+01 8.710392179489622322e+01 8.664778808551653810e+01 7.461821397589029914e+01 5.458328784367320452e+01 4.038603936918063653e+01 6.045410752502923657e+01 5.980414270111570829e+01 4.707074862804146420e+01 5.342179529976142049e+01 6.345403581702769458e+01 7.762076879562771126e+01 9.762411486381120085e+01 1.045193469256005443e+02 9.301632810160526788e+01 8.476890559069853737e+01
9.890458264248647158e-02 1.340153579400345940e+01 2.699431481168382874e+01 2.535255551072308933e+01 7.544291986796117122e+00 9.006835497552431846e+00 1.048125104234091687e+01 1.302115589778624205e+01 1.560259612286433040e+01 3.539998598871856217e+01 3.910096852508915788e+01 5.890680309147801097e+01 6.724175352645664816e+01 5.315171041670676289e+01 5.057045703634111078e+01 6.204792888540747242e+01 7.616222409456754860e+01 9.614506291614550548e+01 9.597363623651385467e+01 8.442109336068052983e+01 7.613634145274797049e+01 5.879132574276719936e+01 7.882051342125950555e+01 8.555907861595551367e+01 7.179610113498380031e+01 5.174398373522041794e+01 3.754824320501459312e+01 5.375394851510971250e+01 3.973790873477913976e+01 5.980414270111570829e+01 7.346681728054637972e+01 8.175092630025238805e+01 9.175838707405875994e+01 9.286400712433663784e+01 9.627915214516816889e+01 7.634282030518214412e+01 6.485411420244382441e+01
6.002193532796171876e-02 1.467217024791606317e+00 1.886395993280006067e+01 5.497714560241996118e+00 2.537447717116075552e+01 2.885767290129296825e+01 1.785482846976978166e+01 3.273328195007204044e+01 3.539998101429318922e+01 1.934310405026716850e+01 3.910097444889613882e+01 4.674544002429363587e+01 5.054033757496018353e+01 3.917608999609344522e+01 5.898828658609181730e+01 6.874532473170494029e+01 7.701875577448430477e+01 8.700467354028133116e+01 8.769365469682180958e+01 6.767580095909735860e+01 5.610179744061177587e+01 5.120779211163872446e+01 7.125019205555527435e+01 6.554878229713025917e+01 7.968203723962992058e+01 6.591024424039694907e+01 5.375394250979579169e+01 3.368972821116702931e+01 5.375394853512604243e+01 5.393327245565096462e+01 6.811415180638198308e+01 8.813307057693997137e+01 8.693100713282449021e+01 7.267625167788993679e+01 8.693120085505134398e+01 9.301632810160526788e+01 8.476890559069853737e+01
9.288278742204289506e-02 2.009250126190768526e+01 3.472235854280528500e+00 2.365486294863120875e+01 3.360266290709214587e+01 4.482177595239217993e+01 2.704560852038321528e+01 4.488746908965413240e+01 4.731369856729266132e+01 3.075206458059880532e+01 2.336239824763754669e+01 2.703697626457975645e+01 3.082147147314089963e+01 3.605089891516425382e+01 4.224841050829336098e+01 4.882199026673269771e+01 5.876023286601618167e+01 7.873041659739382681e+01 8.941448155177063484e+01 7.940592682793956669e+01 6.456939207424977667e+01 4.451658012871624237e+01 5.769133432067412315e+01 5.137151612926209054e+01 6.823678596208564784e+01 5.670532290231487593e+01 4.843309077901347592e+01 3.145058211768920486e+01 4.303673544449149801e+01 6.323530961486799384e+01 8.226007321327723787e+01 7.614216688184953341e+01 6.779314488761173152e+01 5.839205581960823110e+01 7.267628931419432092e+01 9.286813851502516570e+01 8.624200383505979062e+01
5.483986668867355668e-02 2.005483986668831875e+01 2.473254866559067722e+01 3.400632660928187079e+01 5.032178476777531273e+01 5.464772742384742799e+01 4.622906720275523895e+01 5.466283002873498020e+01 5.873309020617640641e+01 5.050364718082737880e+01 3.728913256722241698e+01 3.012414585556197011e+01 3.890232448915022445e+01 5.582525710199314517e+01 5.582525710199315228e+01 6.874532473170494029e+01 7.701875577448430477e+01 8.700467354028133116e+01 8.113197515753689970e+01 6.110601389138025041e+01 5.107635858881720026e+01 4.397921094241365836e+01 3.763329242145547227e+01 4.133797442411886180e+01 5.999654587026058294e+01 3.995537937444036203e+01 2.837999164576303457e+01 4.843293767603546485e+01 5.979930457006751254e+01 7.137244523763271786e+01 6.727406270539091793e+01 5.988090746879254311e+01 4.762099578537761602e+01 5.925708006022313867e+01 7.945363278444003186e+01 9.342512099851778373e+01 7.815343831369661132e+01
3.275272397204486569e-02 6.697556695397398840e+00 1.375255928691227680e+01 2.260641733124694497e+01 3.641864701774328239e+01 5.603417929752147586e+01 5.787604696253946912e+01 6.341966574248615274e+01 6.926695212341672914e+01 6.533383250834987166e+01 5.581572806448683366e+01 3.603763427719025003e+01 5.581572806448683366e+01 5.287707432171106348e+01 7.279606766694324449e+01 8.402212627453359062e+01 8.627205182823315965e+01 8.845850137036548233e+01 8.941448155177063484e+01 7.940592682793956669e+01 7.111899452445858572e+01 6.403285263298590735e+01 5.242383445679968901e+01 3.236871894131823524e+01 4.769686759376926943e+01 4.634263470149484476e+01 2.629401198367231274e+01 4.631999767665814716e+01 6.229466746268397515e+01 6.125981264489580980e+01 4.708207584337060325e+01 3.973367418940064510e+01 5.396791069889588499e+01 7.414660533633781370e+01 8.779126489223217789e+01 8.536566248375397947e+01 6.588092200743039939e+01
9.327661483462378056e-02 2.009327661483427008e+01 3.340494137269756436e+01 4.154006765299109105e+01 5.032178476777531273e+01 5.187596208214606008e+01 3.788552860265486544e+01 4.343228345510246413e+01 4.928662264323241260e+01 6.462451989089223048e+01 6.283627181917538707e+01 4.297917543294684606e+01 6.283627181917538707e+01 7.279606766694324449e+01 8.106678853486371850e+01 8.029799973196527674e+01 6.628277423857403505e+01 6.846943631113855133e+01 8.845850137036548233e+01 8.165652212593255399e+01 6.162940107532048728e+01 5.004948633861670970e+01 4.107438485858715183e+01 3.398328761932918241e+01 2.764882984083745754e+01 4.360464512827282135e+01 2.424160977644722337e+01 3.549901003967213597e+01 4.948313356772894167e+01 4.768219904795695641e+01 3.284914694787792655e+01 3.989954517918614130e+01 4.796550094243831097e+01 5.985969551522934040e+01 8.319190200951948100e+01 8.310080674584477833e+01 6.515456206039743847e+01
