MOVIE_S13_data/elevation_000091.asc
nrows	150
cellsize	150.0
xllcorner	0
ncols	150
yllcorner	0
NODATA_value	-9999
[rows 17 to 33 of 150, columns 37 to 73 of 150]
3.307256206277847355e+01 2.929706997250066891e+01 2.578338248425705714e+01 3.991614096715543525e+01 5.992134426123548963e+01 6.825581300929822248e+01 6.383767147897471261e+01 4.968701974613788508e+01 4.554318546803309431e+01 5.709367870168221515e+01 7.711324405309750318e+01 6.276050820770975491e+01 4.275633685773674841e+01 3.276402469423865682e+01 2.461046721977751162e+01 4.241974405533007086e+01 3.656159782747496223e+01 5.656256026802163461e+01 4.577408257622099796e+01 4.358369020953667672e+01 4.470946291934995998e+01 2.790625410054422062e+01 4.489056137571358107e+01 4.353386168525306488e+01 6.363496016443094305e+01 7.818878910625470269e+01 6.634059684129655921e+01 4.916676368271662767e+01 6.207629140402502088e+01 5.376102802305345563e+01 3.190769812332429112e+01 1.739450765910900643e+01 3.567511172711681411e+01 2.103189363510276166e+01 4.099800547985015697e+01 5.079742102455047359e+01 4.716305293695097589e+01
5.307291426235001097e+01 4.752911114911071166e+01 2.753520153517880686e+01 3.252906946667601318e+01 5.252912517107849055e+01 6.586720234476902647e+01 7.415571583346320494e+01 6.970129087131044798e+01 5.709367870168221515e+01 7.384325813875032907e+01 8.539875864061775701e+01 7.105177835725206137e+01 5.620955372199790645e+01 3.617236800195205859e+01 2.618239267735381048e+01 4.617107238432687666e+01 5.656256026386849811e+01 6.485138476594482881e+01 5.993300142926733542e+01 6.361049994357257731e+01 5.601881061573566001e+01 4.772564213980582082e+01 3.097305400739428904e+01 5.085423506750782252e+01 5.917545536844748710e+01 7.914221712694833855e+01 7.818878910625470269e+01 6.965789879745427982e+01 6.279144939573594542e+01 5.227436966075137548e+01 3.241511562916158340e+01 1.836042528868394896e+01 3.829435874521015393e+01 4.099798697558733096e+01 2.669271691307222483e+01 3.086654112480602663e+01 3.603388510881557494e+01
6.753442328653682125e+01 4.941859084341933084e+01 2.942221834419502358e+01 4.941859084341933084e+01 4.008447190240845259e+01 4.585719344624698834e+01 6.000380609726600767e+01 8.002269308705845674e+01 7.711324405303089691e+01 8.539875863156993319e+01 8.269851917884608383e+01 7.628487679784497288e+01 5.619549202159439005e+01 4.777680149148013555e+01 2.778502007206848390e+01 4.720576024372515178e+01 6.092929330947563926e+01 6.938762123942008486e+01 7.997345892419262725e+01 7.514598310474447374e+01 5.505766033814055049e+01 4.075690478270021089e+01 3.323195405976928640e+01 3.918162621154924352e+01 5.917545536852439625e+01 7.764827552266100952e+01 8.440248166939791474e+01 6.043107235360985641e+01 4.359070550662659826e+01 3.310709981230138510e+01 2.594738438624945687e+01 3.837882571154671751e+01 1.976048248395085594e+01 3.977732974128977617e+01 4.663992828026362503e+01 4.240872439217688594e+01 5.593616906439276448e+01
6.133785450887013013e+01 4.133049677165686120e+01 3.133501454293410049e+01 5.133416172911207553e+01 6.009081033274478756e+01 6.586720234476902647e+01 5.740674241057013916e+01 7.742440554258521956e+01 8.790977419813341953e+01 7.790440692869343309e+01 6.256347684797227515e+01 6.254748607943353278e+01 5.699556442254339572e+01 4.936083054279756510e+01 2.940467647203579205e+01 3.494751046375622394e+01 4.124488344875882717e+01 5.516165199136054298e+01 7.515936720847311392e+01 7.514598310474447374e+01 5.505766033814055049e+01 5.603167887805609837e+01 3.586477494243238340e+01 5.603167879916659899e+01 4.978085085150899403e+01 6.085898614639580018e+01 7.986523817710612150e+01 7.454621384847115451e+01 6.279144939573594542e+01 5.371653994929541653e+01 3.499512027692617266e+01 4.077115745933166835e+01 2.075445177916956396e+01 4.044017740340530764e+01 5.110579684993564342e+01 6.225438967487724540e+01 7.039038375895334809e+01
6.133785384626725801e+01 5.330500432496307184e+01 3.330313588512925094e+01 4.744387220211586964e+01 6.745502898680143744e+01 8.571079823834281797e+01 7.155941433257399353e+01 8.571079823834912759e+01 7.962592485057352576e+01 5.961032202020171411e+01 4.960098808690479188e+01 4.253269529962069839e+01 3.699129693540420050e+01 3.182915052583051718e+01 4.940349906666232727e+01 4.889314528323380671e+01 6.097898284420653425e+01 5.516165199136054298e+01 7.515936720847311392e+01 8.343120004421265890e+01 7.514598310474447374e+01 5.883645085400077335e+01 3.861095250353528741e+01 5.883645085400077335e+01 6.943976489888470383e+01 7.764827552266100952e+01 8.797582832141942788e+01 8.686144467473665998e+01 6.638998833733541005e+01 5.176975497346409583e+01 5.516723700539123598e+01 4.394849774647206431e+01 2.435433978313480097e+01 2.222522921821067854e+01 4.275630740138502972e+01 6.148776795942072937e+01 6.956339780790275995e+01
6.868514083241130663e+01 5.531546060028711764e+01 3.531137810868791149e+01 5.531549350082446637e+01 6.673704370127147456e+01 7.527634302203568950e+01 8.590717722747868379e+01 9.986218214411069027e+01 8.790977419813341953e+01 7.790440692869343309e+01 6.961812343538758796e+01 6.254748607943353278e+01 5.365565486448586796e+01 3.365523300377455485e+01 4.181447018194941023e+01 6.182463538961349059e+01 7.687897517742034381e+01 7.515936720847311392e+01 8.361359048747959832e+01 8.775189148752070878e+01 7.947218743808950592e+01 6.423749816603678653e+01 4.402862959459915970e+01 4.345199202227767188e+01 5.779491755615549664e+01 7.785136686574337261e+01 8.543452658380310538e+01 7.581279942305772579e+01 6.779814026053576015e+01 6.096819862358630360e+01 4.935519001239070747e+01 2.961210750415412818e+01 4.319136914854189513e+01 2.326993399771777860e+01 4.318565106393010211e+01 4.184773979941821409e+01 5.330671659569235743e+01
4.933489301715889752e+01 4.039030301159282743e+01 5.531539318822930795e+01 3.884586572702502139e+01 4.699440085858762473e+01 5.839136016899249171e+01 7.778235461254965344e+01 9.077466224079006452e+01 9.804464692601251841e+01 8.806630853934242964e+01 7.981536916095143397e+01 7.273961617655990608e+01 5.554548513916123653e+01 3.554540143151386644e+01 5.554548513916122943e+01 5.595977124571896155e+01 6.751981820361723408e+01 8.754621194116968752e+01 9.360523525378246745e+01 7.361808735516207491e+01 5.946305442588362666e+01 5.271582190867196260e+01 6.423749816603678653e+01 4.706523450059758318e+01 6.137147857467464718e+01 8.139021248657567753e+01 7.737610802562765855e+01 5.822017249544375517e+01 4.848014807415455607e+01 4.147221187662686503e+01 3.516057325517252963e+01 4.935519001239070747e+01 4.469709474534102611e+01 2.431878688592333404e+01 2.730515817381941091e+01 3.032271740280699035e+01 3.352768820265951888e+01
4.628790841101613296e+01 6.039726701731187575e+01 5.885214410673216179e+01 5.885213617063695324e+01 4.269478011899089864e+01 5.266953318361875347e+01 6.377910850827797873e+01 8.251084846779988879e+01 8.980911999969450221e+01 6.982164397325888672e+01 5.980286910556949209e+01 5.272078165792937199e+01 5.746121529846085707e+01 3.746040108254924661e+01 5.746121573940089888e+01 7.030574147693826603e+01 7.860007439639717575e+01 9.582425044293182737e+01 9.579344848279073688e+01 7.580406772364960943e+01 7.947218743808950592e+01 7.280247643402093161e+01 5.877102815958640036e+01 5.133200081987154562e+01 6.297654236139244688e+01 8.296434278974516019e+01 8.543452658380310538e+01 7.581279942305772579e+01 6.243529504484665438e+01 4.297675138354232871e+01 5.480302628830140321e+01 6.282878943222191026e+01 4.549986026338594769e+01 2.544169566267945370e+01 4.541561235422446430e+01 4.997937298944763995e+01 5.330668448629322143e+01
5.128804420141550224e+01 7.130114342402374916e+01 7.886779160327694171e+01 6.554154243634238242e+01 4.555187741609495333e+01 5.449684407769419181e+01 6.449706218434286598e+01 8.438945870977116215e+01 9.804464692601251841e+01 8.806630853934242964e+01 7.273961617655992029e+01 6.456696145271583021e+01 4.455508878110531867e+01 3.940070697350287077e+01 5.940505914418589128e+01 5.027353092775564392e+01 7.030574147701456411e+01 8.482209330182666918e+01 9.311216977860142663e+01 9.579344848279073688e+01 9.143733351358503114e+01 7.145057621888481947e+01 7.601644242130026896e+01 5.600011001070861738e+01 7.601644242130026896e+01 9.124403071697113887e+01 9.178299741424731906e+01 7.249655229531624911e+01 5.890452474330739108e+01 4.996659831298005372e+01 6.925465172749127873e+01 6.614975001550074296e+01 4.662998145745737588e+01 2.656932499468717879e+01 4.662997717867123271e+01 6.349551737462471124e+01 7.152952165156280273e+01
6.129097788983460759e+01 7.958962776604857936e+01 8.621640104608604815e+01 7.038910573817483396e+01 5.040207827257135875e+01 5.120805543239018931e+01 7.117300352202894942e+01 8.439942237920132584e+01 1.042919203243185819e+02 1.009406007044688636e+02 8.683854845015146395e+01 7.273719796302349039e+01 6.283344604172015835e+01 4.282332867905292773e+01 4.320651525064289444e+01 6.322346420660895916e+01 5.844900952840330888e+01 6.478458408278541469e+01 7.895131740108162433e+01 9.899540010305845783e+01 9.143733351358503114e+01 9.143733351358503114e+01 8.155318592799500266e+01 6.159017331551468288e+01 7.235043909842150356e+01 9.232828660345808203e+01 9.249001217456439861e+01 7.323999475842144591e+01 6.221046008889425138e+01 6.925465172749127873e+01 7.205913339602872725e+01 5.190240435315983092e+01 3.771422371341829205e+01 2.770194138434940001e+01 4.397144588369059903e+01 4.349588519112942464e+01 6.002550776703322555e+01
7.544546607372718938e+01 8.959749281007597688e+01 7.794199030166524267e+01 5.795893606723181080e+01 7.038910573875874377e+01 5.537761022279973133e+01 6.949821013339945353e+01 8.942361624961827715e+01 9.935154567433285422e+01 8.933935684597096838e+01 7.877759544017983728e+01 5.939567091251887376e+01 4.789658695120247955e+01 6.283797947651244442e+01 4.648839722153526566e+01 6.651597824505097378e+01 7.848567652494736535e+01 8.482209330182666918e+01 7.895131740108162433e+01 9.899540010305845783e+01 1.114359253267935372e+02 9.222843550575854010e+01 7.225687228661135464e+01 7.311096415390846914e+01 8.983247498661309294e+01 1.006085071070052379e+02 1.006544077957662608e+02 8.946252053920004244e+01 7.839849281234994294e+01 7.001295249961475520e+01 7.052402897230921042e+01 5.975838656618066835e+01 4.926093701264326086e+01 2.919150854840236420e+01 3.004363068234511758e+01 3.160337448801520210e+01 5.184809226619371003e+01
9.547287416075293720e+01 8.102294035502418978e+01 6.689494059087388678e+01 7.794199030166524267e+01 7.979430177207670738e+01 5.984823969921253450e+01 7.137493717805614324e+01 9.129536756959538479e+01 9.106049567531506739e+01 7.103279921411336773e+01 6.101980966150966879e+01 5.344700483779226374e+01 6.792309187721325259e+01 6.990263804601499942e+01 4.986688846529533947e+01 6.990263804601499942e+01 7.516496037784266093e+01 9.520387744351842230e+01 9.899540010305845783e+01 1.072730221561211579e+02 1.063794789188788741e+02 8.636688140231356670e+01 9.222843550575854010e+01 9.308547533577929300e+01 1.013686110068635600e+02 9.321120914382456135e+01 8.481493635747187909e+01 8.102423471485936091e+01 6.675304046341518927e+01 4.987298473360237949e+01 5.038051067194984967e+01 5.139466185716209878e+01 3.131730169194539215e+01 4.926116705069426871e+01 5.002820940722562426e+01 5.184809226509508306e+01 3.398679077911923940e+01
1.092812593342960099e+02 9.515209984466008564e+01 7.582750341964160157e+01 9.515209984466008564e+01 8.494102583140089280e+01 6.500784926211332504e+01 8.494102583140089280e+01 9.952675832055939509e+01 9.935154567433285422e+01 8.933935684597096838e+01 7.820745874688155652e+01 5.816964889453129928e+01 7.820745874688155652e+01 7.820051770257495605e+01 6.403323374192999040e+01 5.512663393328249128e+01 7.516496037784266093e+01 9.059818387699719722e+01 9.889329783546195074e+01 1.104630228981162787e+02 1.146568274330066686e+02 1.063794789188788741e+02 1.026253001457896943e+02 9.422711627405873003e+01 9.575481989399322913e+01 8.481493635747187909e+01 6.458624568295455504e+01 6.987696263931383100e+01 5.248189035922059986e+01 3.830730939650817390e+01 3.620786093741430278e+01 3.415231562620061112e+01 3.363755314003489616e+01 5.372832365048743952e+01 6.547942026061384979e+01 6.293129489028569168e+01 4.329499765740806794e+01
1.176460151234382749e+02 1.040892482881738204e+02 8.996303636380382329e+01 1.040892482881738204e+02 8.494102583140089280e+01 7.315580288876442694e+01 7.911072527711802138e+01 9.901661650226208167e+01 1.013586849972997328e+02 8.130363248667659093e+01 6.973584741905605711e+01 6.484866830487560208e+01 8.488685396788457638e+01 9.236780166316754048e+01 8.094872840096802236e+01 6.091316825047748296e+01 6.298765308660397721e+01 7.055817714788338435e+01 8.212310003032304451e+01 1.021753637107573383e+02 1.049778352700415809e+02 9.657769962932613339e+01 8.940103104372622056e+01 7.394948230480508755e+01 7.767049746885922445e+01 6.710558903914643736e+01 6.883343396642187884e+01 5.036929757937709695e+01 4.141532574608128670e+01 5.838513737423516403e+01 5.628040911369904364e+01 4.416620342781049402e+01 5.372832365033320201e+01 3.699417818803814839e+01 5.710004018505723877e+01 7.201259941578067014e+01 5.770774600162989998e+01
9.735009071766023681e+01 1.081391946841577294e+02 1.099609340339178374e+02 1.130595105670229543e+02 1.013017843083866012e+02 8.312226316698328787e+01 9.901661650226208167e+01 1.072427533904304511e+02 1.096461585957777061e+02 9.807537076430973855e+01 8.977989503167935936e+01 7.241692234850437160e+01 9.246389889292474606e+01 9.251991724530594752e+01 7.247803026293838968e+01 7.092853846119449202e+01 7.455208081387921482e+01 8.302377329452629340e+01 9.889329783546195074e+01 1.082992490524663225e+02 8.799692990815769633e+01 7.627901553650151811e+01 6.911883962545455518e+01 6.303974662013796149e+01 5.747194807321038468e+01 5.287881065641893485e+01 4.870736314849982307e+01 4.470585924331741268e+01 6.150341332049902832e+01 6.987715405985586870e+01 7.265317678860033368e+01 5.836224081477659809e+01 5.953743182524015509e+01 3.942091269538324383e+01 5.362077386887082753e+01 7.382150770840608800e+01 7.791940871479997099e+01
8.268924615902854214e+01 8.763563195149839657e+01 1.081391946841577294e+02 1.110816824488198193e+02 1.112444945730502752e+02 1.030209907586331894e+02 1.112444945730502752e+02 1.224201192965960558e+02 1.141908816468547627e+02 1.120209804733279526e+02 1.007595552477854852e+02 8.398483419385874527e+01 1.007595552477854852e+02 1.008136319202714475e+02 8.404529854501521413e+01 8.249410272123429877e+01 9.459632043613981978e+01 1.028888599167629536e+02 1.113502911628664833e+02 1.166929270438395747e+02 1.049778352700415809e+02 9.657769962932613339e+01 8.940103104372622056e+01 8.328572023821953962e+01 7.767049746885922445e+01 7.303663243613569023e+01 6.771202054404426462e+01 4.759390975675274404e+01 6.179112703991138744e+01 8.200632194308981582e+01 8.694411256822317569e+01 7.028811666516737944e+01 5.011200948378800746e+01 4.192232169528993069e+01 6.205125540015058050e+01 8.077954596440388002e+01 9.092322265884763510e+01
7.062468460189580810e+01 9.139810581610423412e+01 9.439190871898364321e+01 9.064096766851682219e+01 1.110816824488198193e+02 1.100207350786937894e+02 1.017958425432493925e+02 1.100207350786937894e+02 9.433801601277112070e+01 9.216556950589142616e+01 1.062069094062688066e+02 1.040465166721808146e+02 1.123324008904994429e+02 1.123820707165745745e+02 1.040964616772898523e+02 1.025457317693776957e+02 1.108329151344604639e+02 1.155022268416135347e+02 1.073388283179078968e+02 1.155022268416135347e+02 1.201300091873372082e+02 1.084157331979231316e+02 1.000170385494197660e+02 9.283953951260569681e+01 8.672039943815535423e+01 8.109852440293893494e+01 7.074801033493933744e+01 5.060953232744208208e+01 6.482102812428253458e+01 8.505701117184814564e+01 8.462782457561355898e+01 6.434841516820280560e+01 6.474054393131112306e+01 4.459480785360882749e+01 5.217912713048026774e+01 6.223257235162743228e+01 8.251378276781403542e+01
