MOVIE_S13_data/elevation_000380.asc
nrows	150
cellsize	150.0
xllcorner	0
ncols	150
yllcorner	0
NODATA_value	-9999
[rows 34 to 50 of 150, columns 111 to 147 of 150]
6.143749876081176353e+01 6.124103594008728635e+01 6.504548066830653852e+01 5.078886209224356918e+01 5.614286220929727023e+01 6.281793058386815432e+01 7.039214248910533911e+01 8.460787122529968940e+01 1.046992389832935260e+02 1.021013588887571615e+02 8.793251495590091338e+01 1.021013588887571615e+02 1.120076137183014140e+02 1.039205105670974376e+02 1.019194893903617753e+02 8.223560224130724805e+01 1.019194893903617753e+02 8.478229647049667506e+01 6.655282973488984055e+01 7.897938165711491365e+01 6.074572134150256630e+01 7.897938165711491365e+01 8.658172538633127147e+01 7.834900352660508815e+01 6.579898683869328124e+01 7.432450695153394804e+01 5.448899956373714559e+01 4.293760791648669795e+01 3.581715382988394936e+01 2.912767535427932941e+01 2.380016057944031260e+01 2.022299239750778099e+01 1.698303198080122911e+01 1.396791853567083486e+01 1.101907941261383250e+01 8.190652287869177428e+00 2.430550883843925547e+01
5.795500493657424101e+01 7.669472227559170108e+01 7.756529406796128967e+01 5.746605205466111954e+01 7.620282809240100619e+01 7.620282809240100619e+01 9.049249659700608106e+01 9.879588671151581991e+01 1.042212445671549403e+02 9.381562894512947537e+01 7.366123917368705065e+01 9.381562894512947537e+01 9.405834646368899143e+01 1.023679652459734655e+02 1.100355655762693488e+02 9.615459335771384985e+01 1.100355655762693488e+02 9.475233118893666528e+01 8.066771277543664098e+01 8.895170161935753583e+01 8.070061976285023775e+01 8.895170161935753583e+01 1.029752787962409002e+02 9.395430946413543438e+01 8.572979470668643387e+01 8.253350666068838848e+01 7.108438458145639061e+01 6.287247142167665004e+01 5.105133186342541052e+01 3.107854306670389377e+01 4.375830055659150020e+01 4.017203288573571029e+01 3.697618120987888091e+01 3.179853330732887784e+01 1.180599434973651718e+01 7.956992555141432000e+00 4.305508838440356811e+00
6.717578518719034264e+01 7.983882102840354378e+01 8.556569859241001552e+01 7.165941935337727386e+01 7.165941935337727386e+01 9.182333690171746809e+01 1.045784244871911852e+02 1.101204173408823266e+02 9.592297092731810437e+01 7.579355052619091282e+01 6.606033975858780138e+01 8.619940005624489743e+01 7.383245626680928808e+01 8.238092331392073220e+01 1.025505950017324608e+02 1.158376850924067298e+02 1.100089762702756531e+02 1.078088676602680067e+02 1.005985279373216628e+02 1.027366828003317636e+02 9.447232344100282830e+01 9.447232344100282830e+01 8.301172078962720491e+01 8.301172078962719070e+01 9.127916511308295355e+01 7.992354127920089013e+01 6.006730261146989847e+01 4.855557472952393994e+01 3.960780669241832896e+01 5.105133186342541052e+01 5.929065938191570950e+01 5.213208795448902322e+01 3.756900811541736118e+01 1.757949701263145670e+01 3.179853330729849148e+01 2.209850437094098297e+01 2.430550883825168285e+01
5.415783729250391332e+01 6.833421313504400985e+01 8.823021100703032005e+01 9.182333690171746809e+01 9.182333690171746809e+01 1.001641760362293638e+02 1.042129905725536929e+02 9.001046799757139638e+01 9.372512361610378662e+01 7.358989651720446545e+01 5.954988579437394947e+01 7.243901432210030578e+01 6.203723368624593348e+01 7.595626123181015998e+01 9.660713198669988344e+01 1.100089762702756531e+02 8.987374765743246030e+01 8.767013172533880550e+01 1.018962948818936525e+02 9.447232344100282830e+01 7.451728024741279910e+01 7.451728024741279910e+01 8.301172078962719070e+01 6.308921832077930958e+01 8.301172078962719070e+01 8.814287627790557167e+01 7.668107132479093480e+01 6.778700836835551513e+01 5.115035653690024731e+01 6.778700836835551513e+01 5.800013968014457788e+01 3.804356879315380269e+01 2.390405125873015990e+01 3.756900811541736118e+01 4.582010690561289579e+01 4.208006298612269802e+01 3.728853677523616028e+01
6.234934911745296660e+01 6.271384275511354645e+01 7.169133373273027132e+01 8.322269328380131981e+01 1.029369623689430000e+02 1.034582757998250315e+02 9.414884726446808827e+01 7.574729465263129669e+01 9.414884726446808827e+01 8.780850776016393411e+01 7.243901432210030578e+01 5.305699595141128100e+01 5.447861247719578870e+01 8.191842103851431034e+01 9.404406111925793255e+01 1.078088678221588594e+02 8.767013172536773880e+01 7.344828734454067387e+01 8.408381003278304888e+01 9.241362794091897115e+01 8.036197707994480766e+01 6.048052020009237140e+01 7.098976842687045519e+01 5.564998542812549687e+01 7.548172264296403000e+01 8.128884656193807245e+01 8.347685887915336878e+01 7.926460033772751501e+01 7.104356139149966509e+01 7.091766441861201997e+01 5.204313739970023533e+01 3.206895866226672354e+01 4.388871307672340549e+01 4.022817328503487744e+01 6.017624733289105876e+01 4.055126960797763758e+01 2.055126957793452647e+01
7.132778553856006454e+01 7.429054058371568203e+01 8.267165626966288983e+01 9.971112810565841755e+01 1.110864654641675742e+02 9.514490189666919662e+01 7.500750457872931065e+01 6.568231971328820862e+01 8.582391522177029231e+01 8.125255784520994951e+01 6.864251184529226180e+01 4.905301028255900775e+01 5.610204142670295369e+01 6.569340144523360436e+01 8.572450063215327987e+01 1.035001093822971825e+02 9.517766057024154236e+01 8.408381003278304888e+01 6.401201287426744102e+01 8.408381003278304888e+01 8.862698152387223161e+01 7.098976842687045519e+01 5.122681070288800953e+01 4.913865603215766242e+01 6.887114357135124010e+01 6.130914719311902417e+01 6.349417480172913741e+01 8.347685887915336878e+01 7.419485528009059294e+01 5.429509328669865909e+01 4.275785249114965580e+01 4.620503800965342123e+01 6.027425594340973447e+01 6.017624733289105876e+01 6.544915069771558080e+01 4.883554714829425336e+01 3.414392261858205302e+01
8.286248175982130704e+01 9.412047320872301270e+01 1.022751670347681454e+02 1.105959451635019235e+02 1.026847486110954719e+02 9.261807787730199948e+01 7.870278583778818415e+01 5.869684102670006354e+01 7.085580868551130607e+01 6.128882139979830868e+01 6.369588025199035997e+01 4.574167606458487967e+01 6.507708187651800813e+01 8.402058926595060484e+01 9.404406111925793255e+01 9.517766057024154236e+01 7.507609529095405776e+01 7.871939660101189418e+01 5.871576499198592813e+01 7.871939660101189418e+01 8.689637942524299774e+01 6.698130308456708804e+01 5.302885554618673325e+01 4.323944557151533985e+01 5.775279438199549276e+01 4.723533585861223116e+01 6.716106560588420393e+01 7.802405605344287665e+01 8.238554214225572991e+01 7.091766441861201997e+01 6.270572233639628479e+01 6.613755612563343789e+01 6.004311129711908990e+01 5.175883911267501958e+01 4.957104311439165656e+01 3.716489314611864359e+01 3.716489315585016584e+01
1.025806977587395181e+02 1.075944079407987601e+02 1.033757683710033035e+02 1.115113048794725330e+02 9.437048834197770475e+01 7.421190405174542093e+01 6.415550479766781677e+01 5.719811581916641074e+01 5.117277219873341210e+01 4.767544363422850751e+01 4.442985490536190696e+01 4.281115703479413526e+01 5.618965491511801957e+01 7.596273933647223942e+01 9.336004421089903360e+01 8.503766597337157407e+01 8.096370744879327219e+01 6.096894141061497407e+01 5.397538741653356453e+01 6.798921320276295432e+01 8.805997527087775723e+01 8.107118278150531410e+01 7.115672290733229488e+01 5.775279438199549276e+01 3.803059712926577873e+01 3.970380077269054198e+01 5.961300925985850085e+01 5.821475352036243578e+01 7.802405605344287665e+01 7.390848220665301938e+01 6.236147624107855592e+01 5.407720415572124040e+01 4.700613634194939294e+01 3.175883910323854309e+01 2.957104310838824190e+01 3.116489315892834355e+01 1.716489315754434841e+01
1.021452350595065894e+02 8.853505307638369004e+01 8.448935674067530499e+01 1.004796407468053872e+02 1.026847486110954719e+02 9.261807787730199948e+01 8.429119619686157705e+01 7.717215423073682246e+01 6.238156611744243207e+01 6.713606410133854752e+01 5.902318213994445273e+01 3.995898443441866021e+01 5.902318274560912670e+01 7.639886939877578698e+01 8.503766597337157407e+01 6.502687552990497011e+01 7.088790035389338584e+01 6.941972389426747725e+01 4.968715736476665512e+01 6.941972389426747725e+01 8.401734830696817369e+01 8.034619797024653565e+01 6.005850341572958229e+01 4.864760171225387353e+01 4.023207287779926133e+01 3.295394391470593831e+01 4.197207653291925311e+01 6.184982826461978789e+01 6.806967764055484338e+01 6.562420954687866015e+01 4.562420953412286195e+01 3.407720415032994055e+01 2.700613633846421990e+01 2.097590944690884029e+01 1.542890748465645068e+01 1.116489315754420453e+01 7.164893157544169888e+00
8.610313471683890896e+01 7.560687950186948569e+01 7.402731062558794406e+01 8.586562944179847534e+01 9.799695648160776784e+01 1.047427576718764755e+02 9.764645033361871640e+01 9.075806794000776279e+01 8.243183948600315603e+01 7.272319365837800831e+01 5.687833344518798384e+01 3.783390752263151313e+01 4.864946011501570666e+01 6.811918396698810341e+01 8.274525135604575610e+01 6.282887116235468028e+01 5.114739101242911090e+01 6.101181989524035743e+01 4.619687369797083676e+01 5.581146081538670956e+01 7.569949574651931812e+01 8.867260306254051727e+01 7.699094579856736686e+01 6.837709890844153904e+01 5.016023589991434051e+01 3.013790823556254139e+01 4.640971029886006249e+01 5.173673121341526837e+01 4.806598526920204506e+01 6.806967764055484338e+01 6.236147624107855592e+01 5.407720415572124040e+01 4.700613634194939294e+01 4.097590944934322721e+01 2.697591286844917136e+01 3.116489315892834355e+01 2.716489315865149123e+01
8.969789963079588802e+01 8.407083924704664923e+01 6.580774947063763136e+01 6.706174455799660450e+01 7.718742333115544341e+01 9.211213233730443051e+01 8.021820298651181247e+01 8.248240071381721350e+01 7.847434652360084328e+01 5.866429236967818639e+01 4.513438517553068863e+01 3.573535317641996301e+01 4.909720324356388943e+01 6.856931757043977882e+01 7.629020654360708420e+01 6.282887116231832891e+01 4.341839543857663131e+01 4.168736217244286735e+01 5.265914711551398142e+01 7.242178310184525003e+01 8.401734830696817369e+01 7.931782188283665391e+01 6.779457797444678135e+01 5.953306192463044511e+01 5.844176549779268726e+01 4.640971029886006249e+01 2.638746970015946758e+01 3.171837176794203117e+01 5.106849532585009399e+01 6.262000190748899087e+01 7.271422748939521341e+01 6.423578541630378425e+01 6.423578541630378425e+01 5.526018479192276800e+01 4.697591287261144544e+01 4.435514524556987226e+01 3.541087333557055672e+01
7.082923212323105133e+01 6.518513255585227739e+01 7.688081178292151208e+01 5.826130143825449181e+01 6.568081341771612358e+01 8.369315100028150312e+01 8.248239745748853124e+01 6.379626647631017278e+01 7.140693614662038158e+01 6.652822829857140619e+01 4.711631388374841833e+01 3.369718976215870043e+01 5.280192075798026963e+01 7.015132664304810817e+01 6.800272335669396284e+01 4.840979307924556707e+01 3.751451599523190339e+01 5.669073978689649351e+01 6.926913673911523972e+01 8.072833450572596803e+01 7.772233296515663881e+01 7.106410281920513228e+01 5.109175412564733421e+01 3.952887259642314888e+01 4.798363783106974267e+01 5.469276111661356765e+01 4.278424870979466021e+01 2.276671085644067816e+01 3.432447842111915293e+01 5.434049639337207083e+01 6.423578541630378425e+01 4.371935543868717389e+01 4.371935543868717389e+01 5.821679146404119365e+01 5.021300962183887862e+01 3.021300962183817163e+01 1.607087399810696837e+01
8.389854386174168610e+01 6.510813804136850536e+01 5.768441923070555077e+01 5.377171386423820110e+01 6.765771936744714310e+01 7.690817610374564595e+01 8.789307069608287293e+01 7.140693614662038158e+01 5.241293282264972930e+01 6.453651138374955565e+01 4.516926627611066181e+01 3.169857781496001081e+01 4.250469678398443563e+01 5.631122088014068083e+01 5.876203891473967644e+01 5.060504357058694325e+01 3.493486772317142197e+01 4.586520456737002860e+01 6.536081317860234208e+01 7.186995255339736843e+01 5.774444246320071983e+01 7.186995255339736843e+01 5.953306192463469415e+01 3.952887259642314888e+01 2.794226526909020691e+01 3.943802330417576485e+01 3.719987608717811156e+01 2.041283678557298842e+01 3.196525897987423548e+01 5.198159264502285737e+01 6.356928700576738578e+01 4.972847865339208084e+01 2.933762994269980950e+01 4.972847865339208084e+01 5.601777467025112855e+01 4.435514524556786142e+01 3.541087333556854588e+01
7.702204493646031835e+01 8.260375293934860963e+01 6.858477245972295577e+01 6.900018576627805089e+01 4.991120709184783522e+01 6.098613691470396958e+01 7.994757978488742367e+01 6.497275189167851295e+01 4.595328120359734925e+01 5.675926488507285939e+01 4.959554087995646654e+01 3.033666157528444884e+01 2.892005365463732858e+01 4.658228808653465336e+01 4.861477420347559786e+01 3.139495063237775341e+01 5.060503645290256713e+01 6.229544810724502923e+01 7.363191379912147738e+01 6.295274442215843180e+01 4.367126448890842028e+01 6.295274442215843180e+01 6.779457797353693138e+01 5.091742307424544833e+01 3.907116431124536859e+01 1.939791676198205295e+01 1.719698250220386271e+01 3.719987551012061289e+01 4.871013752113035622e+01 6.026245302157871464e+01 5.508242628531091611e+01 3.464058881286179314e+01 2.297432900299144976e+01 3.579921312937287325e+01 3.578164631210140101e+01 4.586477565654602984e+01 2.570057976939524025e+01
9.573134278912579020e+01 9.011096301400444020e+01 8.248939642393033012e+01 6.482366186741116110e+01 4.740074542870828367e+01 6.289572202271551760e+01 6.131819988759607298e+01 6.368090759376185872e+01 5.661504369363776590e+01 3.768146659969780643e+01 3.236141969296421195e+01 4.959554087995442018e+01 4.659343229241428475e+01 2.730030319993981180e+01 2.802090481474763095e+01 3.850556110636285467e+01 4.400678604826737228e+01 6.086887574493059816e+01 6.661772877941405113e+01 5.468529403670556377e+01 3.462250213540797006e+01 5.468529403670556377e+01 6.126159694080109119e+01 4.244869175373256809e+01 2.396719580399366123e+01 1.406761489993553127e+01 3.405673324670606661e+01 4.548534805196508302e+01 5.348152125365379561e+01 4.517571195199101908e+01 4.389373843766291117e+01 5.128236075997048715e+01 3.579921312900314945e+01 1.565603573229144452e+01 2.938775768593995963e+01 3.778049537152616466e+01 3.829674046465764548e+01
9.000494506071844114e+01 8.386175234625952157e+01 6.611164869659701537e+01 6.444773462113964513e+01 6.289559305656499077e+01 4.397524837173200041e+01 4.244626441191080346e+01 5.541417133135038853e+01 3.815249858599059252e+01 5.168350658281644172e+01 3.385636463226228443e+01 5.351478918412812646e+01 5.309315778358833171e+01 4.398362524933784101e+01 2.567544883447560622e+01 3.769621592860687542e+01 5.440109258230993561e+01 6.855989172207328863e+01 5.834779519392287739e+01 3.833396915347216094e+01 2.791572852055475451e+01 4.111949984624027365e+01 4.111943656707769179e+01 4.899762126506642090e+01 3.195507994826780518e+01 1.207691690646722904e+01 3.183709638305199618e+01 4.457141770943675141e+01 4.517557447967272566e+01 2.527335419425797625e+01 2.491534686038431801e+01 3.593873555879471837e+01 2.823935452141293823e+01 2.367509586178390535e+01 9.331299634511729835e+00 2.928691329997416304e+01 3.099701195209177129e+01
7.076042429936018152e+01 7.611749683841328817e+01 6.799528418755181747e+01 4.894853885391983539e+01 4.685947334876343717e+01 6.289568007987778486e+01 5.931596687367270704e+01 4.028286958364288495e+01 5.513201740550006491e+01 3.599714679150073238e+01 5.366483518993626234e+01 6.311769500633691621e+01 4.855632613486451987e+01 2.420985686567833639e+01 3.650597827894090841e+01 4.520677081707437139e+01 5.578777055043786959e+01 6.592165971372047295e+01 6.661772877941399429e+01 5.661790966493709476e+01 4.111163647379054709e+01 2.065229381568491718e+01 4.111153208105354651e+01 3.614339299354415402e+01 1.243643792699167605e+01 1.010463976918166473e+01 1.554852690937579851e+01 3.487982977145290420e+01 4.460053852088064019e+01 2.479895625784410740e+01 1.231060419266745676e+01 2.487959093671734578e+01 1.753930782583522330e+01 3.558467910685868318e+00 1.931340472071802949e+01 2.159305673341964038e+01 2.131300940320051396e+01
