MOVIE_S13_data/elevation_000944.asc
nrows	150
cellsize	150.0
xllcorner	0
ncols	150
yllcorner	0
NODATA_value	-9999
[rows 0 to 16 of 150, columns 74 to 110 of 150]
5.749081722927729468e-03 3.629681375060200832e-02 8.741799938168597073e-02 7.263291526386228721e-03 5.857399189406291978e-02 8.731330962161718001e-02 3.630618544195033520e-02 7.185593038516514819e-02 5.935038074533013908e-02 7.614202185280467827e-02 4.815685309663852998e-02 9.814354592594957960e-02 3.991452038036677474e-02 2.124123546757742537e-02 1.214974992080066797e-02 2.570154219468600079e-02 1.179868983328052900e-02 9.409614575768115996e-02 1.331318630972126021e-02 8.404654718125811885e-02 7.702286428117921524e-02 4.695555662739317460e-02 5.087377137750126975e-03 2.024096763385865513e-02 9.357472153847064267e-02 4.140087719974334945e-02 7.813061968023242432e-02 1.247740392222477374e-02 4.721527198231234915e-03 3.602233847268464934e-02 3.505096355572021732e-02 2.053645245529352181e-02 6.405041132120847802e-02 5.773034302272540830e-02 5.600267519745975170e-02 3.156087784290764059e-02 4.109390628380502758e-02
2.000574908172257338e+01 2.003629681375024774e+01 3.867062729473966787e+00 2.000726329152603000e+01 1.420062158519286832e+01 6.753979976286167641e+00 2.003630618544159603e+01 1.421399155411624093e+01 1.155948043086153376e+01 2.007614202185244778e+01 2.004815653959388655e+01 9.777425401930349702e-01 2.003990767963524178e+01 1.983531179399243882e+01 1.418169288584241272e+01 2.002570154219433007e+01 5.795077646996334764e+00 1.708193897368640535e+01 1.156031857010213670e+01 2.008404654718090399e+01 2.659011761752795522e+00 2.004644977751328128e+01 2.000508649779933634e+01 1.002024097855395546e+01 2.009357472153811486e+01 5.588402839452058402e+00 2.007813061967987878e+01 1.466895223862607978e+01 2.000472152719787644e+01 6.160198956334926867e-01 1.924538470397793333e+01 1.839320919403332866e+01 1.999024907804824380e+01 1.129457171453539033e+01 2.005600267519710300e+01 8.975832787842144000e+00 1.418322953001488074e+01
2.816970103952421667e+01 2.771606452407184307e+01 7.716064524071488684e+00 2.771606452407113252e+01 3.419385163859787014e+01 2.089611196325034825e+01 1.830098506935916447e+01 3.421399155411694437e+01 2.547071129861931382e+01 3.213666962064336730e+01 1.307163624719181527e+01 3.316364088698608548e+00 2.146685537050428305e+00 3.059564457969148421e+01 3.453670671664910685e+01 3.261653127603282343e+01 1.187583114857881483e+01 3.081380349512643235e+01 2.570245419383283547e+01 2.526280307139571235e+01 5.262789981369283332e+00 2.526275780452248654e+01 3.829802606345418781e+01 2.416239187996415083e+01 3.136190553134872161e+01 1.136190553134836634e+01 3.136190553134872161e+01 3.499042703317012837e+01 2.132190403383171429e+01 1.196211181293331816e+00 2.100723118045306137e+01 2.761332198099628954e+01 3.646674995524380591e+01 2.577780550388344949e+01 3.726013196252336712e+01 2.052283817164438062e+01 3.418322953001558773e+01
4.816970103952492366e+01 3.271606452407223742e+01 1.271606452407153220e+01 1.771606452407166543e+01 3.771606452407237242e+01 4.089578022399919632e+01 2.830098342653272780e+01 4.658345334457415987e+01 4.497171360829688780e+01 3.974090615039693830e+01 2.895448650931006895e+01 2.149720557875157567e+01 2.979477213180987683e+00 1.741057715088347990e+01 3.897417219360313823e+01 4.001369656540695985e+01 1.909814786307775236e+01 4.001369656540695985e+01 4.570245419383212493e+01 2.793541750960962133e+01 7.935402400493538622e+00 1.610036820977225958e+01 3.610039374261971545e+01 4.416446287247657665e+01 3.802857219801585842e+01 1.802857219801515143e+01 3.802857219801585842e+01 3.338783606048380648e+01 1.466459638067568783e+01 1.854302736768961779e+01 2.019376817148978542e+00 1.193353683422308542e+01 3.188047895630042206e+01 4.738478824910172449e+01 4.880721317086018018e+01 4.052283991253784734e+01 4.507615066128126813e+01
4.904599614262704677e+01 2.904599614262634333e+01 1.874629141562691004e+01 3.771606452407237242e+01 3.036517516474540557e+01 5.036517516474611256e+01 4.244306340717492532e+01 5.658246816037547688e+01 5.307291699419477737e+01 3.667141128208547229e+01 2.466419952019971973e+01 1.387024300891765982e+01 3.874409700463458783e+00 2.423855779255889686e+01 4.039889893265894472e+01 4.861281763505169806e+01 3.113553901934522727e+01 4.861281763505169806e+01 4.496434920454007766e+01 2.496428955783883907e+01 1.082215374644169259e+01 3.082217140433241553e+01 3.024250418688689024e+01 5.024259015493609581e+01 4.631284344547977128e+01 2.802857219801532906e+01 4.631284344547977128e+01 4.155322321611855330e+01 3.167304229013864258e+01 2.389965962076414030e+01 2.602401177873467919e+00 1.348211866820420113e+01 2.846700766445413677e+01 3.753400900540643903e+01 3.753400900727733358e+01 5.731015043923270014e+01 4.839629398710773245e+01
5.733026739091815216e+01 4.507084673596448710e+01 2.507084673596378011e+01 4.507084673596448710e+01 4.450731078847685751e+01 5.864944641237371314e+01 6.244166141871829012e+01 6.419206666109988646e+01 5.231428434525713556e+01 4.298290000630046848e+01 3.175036319976918264e+01 2.483036417531599938e+01 4.816134043624399119e+00 1.196276088918352265e+01 2.615870497020484819e+01 4.632495088385935134e+01 5.214148531212774174e+01 6.067035629838035504e+01 5.281277953665765068e+01 3.383728798479960886e+01 1.383726719221935575e+01 3.383728798479960886e+01 5.024259015493609581e+01 5.852788539193585393e+01 5.631284344548037524e+01 4.802857219801603605e+01 5.631284344548583221e+01 4.737962930131016748e+01 2.908334579858047064e+01 1.653422406438198422e+01 6.471595564470089101e+00 3.436986140189656425e+00 2.642512891069596037e+01 1.759375358989520066e+01 3.753400900727746858e+01 5.621008180488087191e+01 5.765566586043547659e+01
5.708974114740333050e+01 5.335511798399987526e+01 3.401511864596325552e+01 5.335511798399987526e+01 6.450731078847827860e+01 6.912402371496879994e+01 6.085942787001607712e+01 5.602640586689101099e+01 3.509756009484207340e+01 2.245585552148898856e+01 2.624765731578080263e+01 6.148753114542953924e+00 2.489631027862041890e+01 3.203476657932278471e+01 2.836279893874693769e+01 4.261187268598347799e+01 6.274538540319589686e+01 5.607482782220864692e+01 3.607472233571855469e+01 2.452771687047200544e+01 1.726723889506959253e+01 3.726726399182748395e+01 5.080445592848617764e+01 6.235193630407245990e+01 7.252242276052474779e+01 6.260776695577475692e+01 5.437566973852857188e+01 4.466683580319147495e+01 3.018981946505057223e+01 1.186960804229821065e+01 2.371804346760310622e+01 4.027955657678901957e+00 9.378978173613276681e+00 2.942429526754170155e+01 2.831115849722565514e+01 3.976814359053460635e+01 5.933520075975317809e+01
4.878909223413197083e+01 6.229938989426486984e+01 4.815725426969470391e+01 6.229938989426486984e+01 6.702660401092606435e+01 5.752320574602305925e+01 4.070793908636596825e+01 5.752320511080662158e+01 5.231428434713483711e+01 3.262785099444069914e+01 1.243965106653415020e+01 7.076116890112333913e+00 2.714461919874310425e+01 1.669640903007480759e+01 3.678701874928211879e+01 5.289903130006088361e+01 6.110565085025539389e+01 6.436033141538460711e+01 5.281277976056841794e+01 4.452776153556845884e+01 2.881424428995516251e+01 2.251949620945858754e+01 3.406650161360007445e+01 5.406658209321128794e+01 6.427179817781367888e+01 4.447954129917717125e+01 3.468650451118283229e+01 3.650410298721993740e+01 1.756125241847553653e+01 3.001465895705885600e+01 2.002784273900755352e+01 4.623145836279832999e+00 2.466687213231290343e+01 3.447239069100570674e+01 4.808260014760988810e+01 5.621008180488087191e+01 6.734045444990867679e+01
4.172153422425529357e+01 6.170221808294879651e+01 6.815725426969612499e+01 6.702660401092606435e+01 4.693374145426739119e+01 4.922470442140291169e+01 2.905116455518407292e+01 3.914094845269563905e+01 3.683435333666943734e+01 3.457336338059418779e+01 2.912067891279978937e+01 9.217035916982455390e+00 8.523709175962265405e+00 2.859497652204097307e+01 2.566524915270820983e+01 3.277671843832879972e+01 4.443279589900885185e+01 6.446412393215395298e+01 6.881485147613844333e+01 4.881430364327544424e+01 4.660202187861115419e+01 2.660197911409728988e+01 3.814898452936797213e+01 5.814908564135111391e+01 7.252242276052740522e+01 5.522382494810026543e+01 3.552615213811420602e+01 2.441233156938923088e+01 3.650410298670075093e+01 3.825945891294358603e+01 2.197513184833165667e+01 2.224442311780361337e+01 5.467165181582473110e+00 2.662714408956471601e+01 3.800420625504930427e+01 4.362262542558048750e+01 5.001026102366816417e+01
4.172166173783908505e+01 6.169481370719371682e+01 7.439800135317477725e+01 6.282160895819865232e+01 5.062085043236361770e+01 3.044819065360792010e+01 2.147475672134436309e+01 1.903251830824901702e+01 1.673823491892215642e+01 1.448642963662401861e+01 1.228872229980081876e+01 2.928836821259501733e+01 9.562210811499847196e+00 2.963331180696118494e+01 4.578471935965000483e+01 5.289903130006088361e+01 6.110565085025539389e+01 7.260821915086147271e+01 6.781540501055934556e+01 4.781518395814218536e+01 3.367304692596390225e+01 4.074411544205547386e+01 5.488705504669959367e+01 6.643461535408124519e+01 7.591320178050989398e+01 6.345741555961552649e+01 5.205452229315491053e+01 4.385136823798789152e+01 5.205452091992211194e+01 4.154065323338858207e+01 2.924123211852774773e+01 9.271916308871569257e+00 6.064787916317927241e+00 2.573866615336665831e+01 1.829606420575254688e+01 2.416694696169091827e+01 3.085058645307643488e+01
6.168190373753242994e+01 6.994828415881214312e+01 6.615509179908052317e+01 4.604174692324746587e+01 3.435604106156294790e+01 2.535949381350019394e+01 4.159958787408434233e+01 2.660224249503703930e+01 3.683435333667164002e+01 2.867640707112715148e+01 3.236853166700990414e+01 3.067691602823547470e+01 1.060258103056400891e+01 3.067692143335424149e+01 4.395829325884930938e+01 4.027792572089435907e+01 5.449396907148862113e+01 7.449928282325114992e+01 7.000330314148385469e+01 5.000298661380922027e+01 3.999760224630965411e+01 5.999769899371921866e+01 6.902999697742353646e+01 7.135676471327606407e+01 5.632369795598449969e+01 5.632369796941373608e+01 5.073920872390367975e+01 4.640583632101562728e+01 4.250864678746192027e+01 3.394475139039460743e+01 1.397764157954358843e+01 2.691968791631315128e+01 6.673663108516643128e+00 1.061010921349826042e+01 3.056281946045283249e+01 4.359791791542645711e+01 5.000435130287269203e+01
6.849203516209328768e+01 7.931726024278847831e+01 5.891247878536937321e+01 4.476016428201799613e+01 3.627020058795564950e+01 2.832229014082587781e+01 4.856236448324789734e+01 3.560857853332603185e+01 5.505985483223599886e+01 4.880987527963097250e+01 4.087420724977902609e+01 2.096693677742166884e+01 1.164725120725650420e+01 3.103315759734234902e+01 2.385757880978999168e+01 3.807869616093461218e+01 5.816501254455061343e+01 6.967602217745849202e+01 7.828977730976609450e+01 6.706881971840120116e+01 4.706867005835565010e+01 6.706881971840120116e+01 7.707818144313900177e+01 5.743914319234505683e+01 4.376681682985655186e+01 3.697845974342330777e+01 3.135955240890347895e+01 2.691329946855895372e+01 2.286700975299143934e+01 1.900685845704086674e+01 3.394475138979942130e+01 2.750392705804934224e+01 7.290585576901229103e+00 2.742058111116910624e+01 1.969418634383739430e+01 2.684062084155369021e+01 3.556582340823050004e+01
7.070327472252026269e+01 8.521144426270097938e+01 6.488890089659415139e+01 5.312695537384917799e+01 3.307790535784214114e+01 4.856236396542450962e+01 5.684172039720893821e+01 4.728870579164119903e+01 6.405568937025589094e+01 5.728373852523636600e+01 3.758400717865840335e+01 2.432859373293636551e+01 3.172553160609935219e+01 1.314769773775930517e+01 3.323156045074006215e+01 4.261452825785931964e+01 4.122172114338245308e+01 5.544887166042048676e+01 6.552112286101389316e+01 7.535478386594772360e+01 5.861567590482132317e+01 7.535478386594772360e+01 7.707818142344174817e+01 5.743914319234331600e+01 6.303043632031184984e+01 4.359548251676469732e+01 5.073920872390367975e+01 3.820290870759018276e+01 4.250864678746192027e+01 3.041399767250641872e+01 4.690268050221856555e+01 2.811717690138195991e+01 7.908350344113864061e+00 2.811271507538997838e+01 3.934238448500872209e+01 4.618765553893683773e+01 5.391048839055796549e+01
7.905193484098087708e+01 8.841588666852152301e+01 7.696895980588291764e+01 6.135860736705988927e+01 5.312695510201238847e+01 3.806743656782163043e+01 5.804511394736150720e+01 6.738240668141497736e+01 7.562347828885613410e+01 6.360014966995657204e+01 4.391730614639115515e+01 4.391730459695196487e+01 3.430974869638738767e+01 1.422241501583267187e+01 1.830582576586614607e+01 2.247659696154036624e+01 2.695392183257858321e+01 3.703249435799788358e+01 5.133540926451441067e+01 7.141742528987138883e+01 7.861602890959460410e+01 8.690306010899679734e+01 8.527440858257325829e+01 7.707818142344174817e+01 7.118192520004819812e+01 5.728540609964247210e+01 6.560653101933597497e+01 5.745495990715679824e+01 5.728623729089388661e+01 4.787361043976144970e+01 4.340678163352176000e+01 2.874111733706329375e+01 8.526905090513483998e+00 2.874122149938627757e+01 4.418200560094721396e+01 4.463641480101841097e+01 6.454940738205110051e+01
8.782895075912330185e+01 8.021546924341073748e+01 6.037675442609999976e+01 4.885871679794530564e+01 4.426587728219042361e+01 4.441838263863181879e+01 6.434714903646433015e+01 7.245582798756559839e+01 6.241276838109875769e+01 5.411916003825866284e+01 4.739072255767101183e+01 4.542490369971272912e+01 3.543119888792343630e+01 1.533963000309161728e+01 3.542417571722209857e+01 4.261194470619213348e+01 4.712489496822123414e+01 3.554181311541043442e+01 4.566892086696778819e+01 5.734165050937220087e+01 7.735933845412488097e+01 8.836866598567526410e+01 8.004106831417209378e+01 8.004106831417210799e+01 8.505536910388393324e+01 6.769282489183451901e+01 5.925963622220729832e+01 6.765844281731469323e+01 6.635606983167214423e+01 4.310169767600321222e+01 2.610412224525508051e+01 1.281096451477309195e+01 9.146170135602854856e+00 2.082900231987722606e+01 2.470372015410697131e+01 4.181775669929068329e+01 4.744588223839406993e+01
9.055251048662150026e+01 7.074873851435997096e+01 5.669470122944794355e+01 6.876158191826307586e+01 6.419555158646993220e+01 5.149161383207431442e+01 7.137807707177316274e+01 6.418862893904974953e+01 4.404969213290589636e+01 3.393384862334139740e+01 2.722895220573064989e+01 3.710331467588791554e+01 1.700675427063714551e+01 1.899110542987055084e+01 3.910226806858017312e+01 5.287397285518484580e+01 6.404200190226505640e+01 5.573552089881788163e+01 4.984970395151220401e+01 6.994513999864848586e+01 8.564562126061042591e+01 8.004106831417209378e+01 5.984877325453032881e+01 5.984877325453032881e+01 7.410871961770789085e+01 5.752480989417470880e+01 3.920476721037092460e+01 5.752475898972382140e+01 5.840141732008297737e+01 5.008001866726012707e+01 4.340170828426143146e+01 3.479377736880143601e+01 2.936807488401978716e+01 1.002556512215064544e+01 3.025938034808045529e+01 2.105901907220276925e+01 2.716858265505154080e+01
9.635091210137322548e+01 7.654912903204559882e+01 6.374041923321875203e+01 8.355444464987012054e+01 7.958322041033201799e+01 6.146247287677476123e+01 7.958322041033201799e+01 7.245595397672234128e+01 6.241276838998909682e+01 5.411916003873497516e+01 3.879376777721559222e+01 1.868473012055296678e+01 3.710619670915330914e+01 3.910235385888287141e+01 2.443704380543346133e+01 4.458642865657680687e+01 5.572286389049777711e+01 6.401148291794439160e+01 6.994513999864848586e+01 7.823429985301801537e+01 8.908040360714493033e+01 7.742892331948753792e+01 6.576295940879475665e+01 4.566286125788282391e+01 5.628768231059361682e+01 4.920510578986331751e+01 2.927017100345137379e+01 4.540307355323887606e+01 5.007974746877334127e+01 3.003192571555639034e+01 3.590361501908483177e+01 3.735873841889265634e+01 3.089337535919814925e+01 1.064883988676967341e+01 1.406845307665049916e+01 3.424263799646946183e+01 4.744588223839406993e+01
