MOVIE_S13_data/elevation_000448.asc
nrows	150
cellsize	150.0
xllcorner	0
ncols	150
yllcorner	0
NODATA_value	-9999
[rows 34 to 50 of 150, columns 37 to 73 of 150]
5.282467517718173156e+01 7.265926382099566183e+01 8.853188405650881521e+01 9.522504817778734321e+01 1.034616676495016634e+02 1.094382570179075458e+02 1.050785617162378429e+02 8.861413019963654847e+01 6.847873391771331342e+01 8.861413019963654847e+01 8.670442287947322768e+01 6.628754229363893558e+01 8.670442287947322768e+01 1.004497992664142316e+02 1.046444941849995871e+02 9.622593432598540630e+01 9.622593488998136024e+01 8.522437017311870022e+01 7.099795551698865381e+01 5.948109277073162104e+01 6.467356198030289249e+01 7.891543014026652259e+01 6.229841245565465613e+01 4.236028877915669000e+01 5.022550505420574751e+01 3.026304960837195424e+01 4.825288268249057921e+01 5.655256822027889285e+01 5.991922301605308832e+01 3.993040351236223984e+01 4.726088702589320434e+01 4.826266561836456503e+01 2.983132984180128489e+01 3.089446315355749917e+01 3.196420514181283323e+01 5.189997743480469694e+01 3.792505059849356286e+01
5.011620231110813251e+01 6.947347624499569463e+01 7.932156863411273662e+01 7.574734316936429934e+01 8.963329744920838493e+01 8.963329744920839914e+01 1.048179188321281714e+02 9.572901026210203668e+01 7.560509050410877308e+01 9.572901026210203668e+01 9.333362963990957439e+01 7.278074325923913079e+01 9.333362963990957439e+01 1.087763507015119728e+02 9.622593432136788749e+01 7.593855888013338529e+01 7.593855888024334888e+01 9.029153501063346710e+01 8.476450673271160952e+01 6.467356198030289249e+01 5.060940367704862553e+01 6.350514715503651786e+01 6.281070441466503951e+01 5.232935061774789887e+01 3.238763397788385845e+01 3.460455674607311494e+01 5.444439011994496980e+01 6.910655116162298839e+01 6.834967485420847311e+01 5.403710498431380671e+01 5.788899683146026831e+01 3.783882352245567660e+01 4.976649945182352042e+01 5.083212250522941389e+01 5.191274484524777932e+01 3.355009846097185289e+01 5.349437440333994687e+01
6.834728768536447774e+01 5.592246906563693187e+01 6.016192363021763612e+01 6.508993911954034672e+01 7.031431337513215851e+01 7.698394240601301419e+01 9.655145944319623652e+01 1.040391231230172622e+02 8.723760898777059936e+01 1.040391231230172622e+02 1.017186085693177802e+02 8.215960662218031985e+01 1.017186085693177802e+02 1.003549889263020560e+02 8.006065416801646961e+01 6.836567992071667277e+01 6.160919376112919110e+01 7.492756127844644709e+01 7.095684819403058441e+01 6.720546413637133298e+01 6.350514715503651786e+01 4.358938902872291266e+01 5.450006661002031194e+01 3.456428181321025050e+01 5.232935061774789887e+01 5.444439011994496980e+01 4.110647150824734553e+01 6.082096795313925952e+01 7.488871138743608924e+01 7.433788550086481450e+01 6.418874977976682317e+01 4.408369213254174213e+01 6.418874977976682317e+01 6.979717899656080249e+01 4.982889088459685922e+01 5.348814417564580737e+01 3.527777885488444554e+01
7.736634419160380105e+01 7.514059132369737881e+01 7.932156863411798042e+01 8.427517532082732998e+01 8.963329744920838493e+01 9.655145944319623652e+01 9.072371886914133654e+01 1.106208697750715118e+02 1.073284801165664959e+02 1.156304532575692008e+02 1.115435097335757888e+02 9.855140739558099483e+01 1.115434331237546672e+02 1.014750971201154215e+02 8.117793041475704285e+01 8.663366335491846826e+01 6.635809979988131602e+01 5.468081690675239059e+01 5.075502599898267420e+01 4.704713303089449283e+01 5.229527496626449334e+01 3.911119266057706767e+01 3.712269632576878564e+01 3.757663295252956459e+01 5.743229355120231361e+01 6.910655116164751632e+01 5.499822053763674745e+01 4.889929649313854298e+01 5.548587680404860123e+01 7.488871138743608924e+01 7.253682116607059527e+01 5.280407659733187131e+01 7.253682116607059527e+01 7.812313573018374768e+01 6.664848413816699235e+01 5.643588083491050611e+01 3.651521165502223454e+01
7.024914540391641538e+01 7.554794012876602949e+01 8.127785712538901919e+01 8.758210838514646923e+01 9.468351885759793163e+01 1.031224264570457194e+02 1.106208697750715118e+02 1.189121187951151768e+02 1.213500466079281637e+02 1.132335087294640914e+02 1.163710039215647640e+02 1.215206630917568020e+02 1.218103266564031344e+02 1.014751107101415215e+02 1.014751107101415215e+02 9.504743904248709896e+01 8.333506534215548811e+01 6.635809979988131602e+01 7.095684819403058441e+01 6.438551127328759094e+01 4.196924554939526786e+01 5.042144357640899699e+01 5.704362198312117727e+01 4.065881491512084978e+01 6.051941937435766050e+01 7.345917637927837518e+01 7.487832373391822216e+01 6.009119731528834052e+01 7.488871138743608924e+01 6.781992416367295107e+01 8.149150855381245151e+01 6.640337945572586875e+01 8.149731075145325576e+01 7.251090296925366374e+01 5.252376147429811226e+01 3.846915079607731514e+01 5.643350025435942996e+01
5.041395489443597455e+01 5.574402348123093276e+01 6.145518115076531984e+01 6.767833180481233057e+01 7.463845728914355959e+01 8.612397004618341612e+01 1.065560596086848761e+02 1.173269099379714646e+02 1.092046054527036176e+02 9.396238069833620443e+01 9.790584112858543619e+01 1.163710039215647640e+02 1.186251714696572321e+02 1.102017094637039207e+02 1.082420196962227550e+02 9.982529972793375350e+01 9.504743904248692843e+01 8.663366335491846826e+01 7.818601196150044075e+01 5.832020578999118499e+01 4.445138557800072476e+01 6.234655727283874427e+01 6.876544896352640990e+01 6.051941937435766050e+01 4.522998311604360566e+01 5.922230857963905493e+01 7.927824749618855549e+01 7.989095990295402316e+01 8.821255630569793027e+01 7.833502156563460517e+01 9.487496723450355773e+01 8.728905439873486216e+01 8.251980677812426279e+01 7.413722811846167815e+01 5.975713840508057473e+01 3.986047838987672520e+01 5.975681290784631727e+01
4.869301571242451843e+01 5.423624326244823379e+01 6.020933397296285250e+01 8.014133970840926224e+01 9.468351885759793163e+01 1.031224264570457194e+02 1.150501302193758164e+02 1.092046054527036176e+02 8.979722406557505110e+01 8.294447431109426816e+01 1.021073177731046115e+02 1.144002866088772947e+02 1.102017094637039207e+02 8.989133388514487422e+01 9.584010516365910348e+01 7.959157589742135031e+01 8.330453340088453729e+01 7.871039899987550825e+01 7.481584762497121233e+01 6.673582753697030512e+01 4.717474356054218276e+01 5.092695717603105976e+01 7.767464743514406678e+01 6.852386385871015761e+01 4.863516623886965817e+01 6.852386385871015761e+01 7.916278975244641458e+01 8.762834935848901807e+01 9.942718507244468640e+01 9.537564466240141314e+01 1.053108662148348174e+02 8.840442288132969395e+01 6.822756255066364872e+01 5.413165270242340199e+01 4.753405740077188568e+01 4.125789639897320171e+01 6.114978097789800415e+01
6.739548506626366020e+01 7.409686256050837017e+01 8.014133970840926224e+01 7.007916714778711764e+01 8.165957171344533094e+01 1.030705606788934006e+02 1.129342701371193982e+02 1.061127580698029078e+02 9.548151446879140281e+01 7.610028818780824622e+01 8.679318885029773867e+01 1.062763327199519523e+02 1.102017094637039207e+02 8.989133388514487422e+01 7.561044166538071920e+01 6.854535372114429492e+01 6.327916581384247507e+01 5.885200554254894456e+01 5.515075265740925659e+01 5.158458419151361340e+01 6.673582718374166234e+01 5.361814879349355323e+01 7.334508343307783207e+01 7.518748479929267603e+01 5.519662197527711811e+01 5.457439163272072591e+01 5.896551942751825237e+01 7.052605801432639510e+01 9.096078471238961072e+01 1.092752757097018304e+02 1.049660842221130821e+02 8.468227443326428272e+01 7.043207593097851316e+01 7.411624323025630190e+01 6.258506955891136414e+01 4.269479889037588549e+01 5.672541530171464075e+01
5.648571841256834603e+01 6.817053399229581601e+01 8.819173445350108409e+01 8.162164480806737288e+01 9.911773830050847778e+01 1.115333723226785168e+02 1.057073269227510224e+02 8.725149199193033667e+01 9.036841236465627958e+01 7.085237442407424169e+01 9.036841236465627958e+01 1.023194626053439151e+02 1.136245305259660654e+02 1.030209073136815050e+02 8.275088777526275408e+01 8.868783904328175538e+01 7.280623411918848831e+01 7.871039899987550825e+01 6.012352064275035701e+01 7.109949399692578709e+01 7.870321348014805096e+01 5.865492505116394284e+01 7.870321386990123358e+01 8.281312864956149156e+01 6.263757143494540713e+01 7.460984800544707696e+01 7.916278975244641458e+01 6.677812859021308611e+01 7.894190192002599815e+01 1.006930748361064047e+02 9.290893048747489047e+01 8.453644973651434213e+01 7.853786400351299335e+01 6.792858071353617788e+01 4.781688693744553831e+01 4.427604284884780839e+01 6.415921012508211163e+01
6.696260710117395831e+01 8.492331487942038848e+01 9.648102411556045865e+01 1.024418927210208068e+02 1.115258120965883819e+02 1.177773484765429828e+02 1.066034083000987920e+02 9.292347649612223393e+01 7.350454301025639836e+01 6.643428835968393287e+01 7.459713681563246723e+01 8.593288261293523078e+01 1.054919915259600600e+02 1.114417120735291036e+02 1.030209073136815050e+02 1.013739661156825207e+02 8.702484175598236504e+01 8.666584069086127329e+01 6.660604752905825876e+01 8.666584069086127329e+01 8.478122020112027712e+01 6.462275372686013952e+01 8.478122020112027712e+01 9.125665660131771517e+01 7.684490926873689887e+01 8.281312864972385057e+01 9.420611852145198384e+01 7.355080691957421379e+01 9.420611852145198384e+01 9.872096697664440512e+01 7.866103031993753802e+01 6.464139158736972490e+01 5.867797259320535375e+01 5.319899997257938651e+01 6.601328004400174621e+01 6.415921012508211163e+01 4.653113909724584119e+01
8.776453056608130510e+01 9.615643746894058097e+01 9.950449732000984682e+01 9.980487187972012464e+01 1.079523114524598384e+02 1.097502252287448101e+02 9.030233009691318102e+01 7.899807919719413007e+01 7.018852500391879801e+01 6.211164023292933223e+01 8.180188972790199387e+01 9.817559607323303794e+01 1.007091027650236583e+02 1.088722382799150807e+02 1.105479948485401138e+02 1.023627620367939670e+02 1.073034682035188183e+02 9.506594363436998663e+01 7.655992345139908650e+01 9.506594363436998663e+01 9.318333671378842098e+01 7.622835378437474674e+01 7.885048956227949191e+01 9.909927054419159731e+01 9.722168482252061494e+01 1.031993383627970360e+02 1.026970261789512335e+02 8.389445156008224558e+01 1.026970261789512335e+02 9.609369656074355248e+01 7.607595786556458961e+01 8.150647821957591077e+01 6.162672079634388211e+01 7.302972117235830751e+01 7.917480468902068935e+01 7.475296441600148967e+01 6.641806946136397016e+01
1.052549808617590230e+02 8.586031702083505479e+01 8.015253140787515918e+01 8.018938540530307080e+01 9.654043875335212022e+01 1.082397788479854341e+02 1.001799175374232647e+02 9.259452845218697803e+01 7.295302522918284183e+01 5.897304544975114027e+01 7.039968328842020640e+01 9.005237610791948555e+01 8.102752173186912898e+01 9.750468035072448458e+01 9.918659966352556978e+01 8.271837387914089845e+01 9.918659966352556978e+01 1.051872221543109447e+02 9.677175793032337481e+01 1.051872221543109447e+02 1.048805429369518691e+02 9.646465300069483817e+01 9.909927054419159731e+01 1.075161838652972222e+02 1.058854129545011062e+02 1.141418637661761579e+02 1.129804957055142864e+02 1.045177854828217647e+02 1.129804957055142864e+02 1.045219637674407664e+02 8.755224235533340504e+01 8.814880226630495486e+01 6.822183012611820629e+01 8.814880226630495486e+01 8.545420879233473954e+01 6.536240633183020066e+01 5.132200766193560071e+01
9.599715308756245236e+01 8.516269090051706314e+01 6.617781316191907592e+01 6.875783866810107270e+01 8.847063325411085088e+01 1.001799175374232647e+02 8.053972579166959633e+01 8.629220477019676139e+01 7.581183834326395754e+01 5.603285072399672373e+01 7.581183834326395754e+01 7.795270796630947530e+01 6.961228570213981470e+01 8.934593665745448732e+01 9.102106924590752612e+01 7.127006550152032105e+01 9.102106924590752612e+01 1.048186736578194740e+02 9.666465350643737509e+01 8.843763673898587285e+01 9.666465742345589263e+01 1.030755905148150191e+02 9.488130158620663224e+01 8.973166454306824846e+01 8.610119243384875176e+01 1.007874914795011136e+02 1.073715210502895587e+02 1.156325181375648725e+02 1.255695098751949246e+02 1.162293397572312585e+02 1.077615399905950824e+02 9.653976522071418742e+01 7.812398777577064379e+01 9.653976522071418742e+01 8.727523153638091458e+01 6.716135686750114075e+01 5.310950643477155353e+01
8.790707088806324521e+01 6.818426506409291221e+01 5.729413925682197117e+01 7.709370944845018414e+01 8.948918001334344297e+01 1.001799175374232647e+02 8.053972579166959633e+01 6.654237523154012024e+01 7.300033756901862603e+01 5.313649489801336046e+01 6.908551423800204816e+01 5.812506012298651825e+01 7.217571023680278586e+01 9.189961423468307089e+01 8.403803490445896784e+01 6.416565266333910245e+01 8.403803490445896784e+01 8.503223671704610354e+01 8.672680520780664892e+01 6.855618391107911691e+01 8.672680565517205764e+01 9.166413241622187513e+01 7.508987954349279903e+01 6.989730878809498904e+01 7.506825652223974998e+01 8.104717008465543415e+01 8.761943298263712165e+01 9.746345290610334189e+01 1.172795891944756335e+02 1.295036276257210659e+02 1.211025977773208950e+02 1.066116883483587401e+02 9.817361675683915223e+01 1.066116883483587401e+02 8.912891299611128204e+01 6.899276066753351699e+01 5.492383241585270781e+01
8.576228370719400118e+01 6.602153632349512691e+01 5.197738786598576866e+01 6.158123632955155813e+01 7.559532324281710203e+01 9.528998776425136441e+01 9.438966792511341453e+01 7.698204483284116861e+01 5.718646759625817566e+01 6.854118165042181943e+01 4.891968187977938243e+01 6.328567139506784400e+01 8.300249471580347915e+01 9.198339593281006898e+01 7.804628621497494123e+01 5.810013270136425234e+01 7.462319564018375218e+01 7.098135011441742392e+01 7.849691031427167331e+01 5.852101836738930274e+01 7.463402695718905022e+01 7.792595325261585515e+01 6.350780768672270682e+01 8.345957905290940460e+01 9.483556059664034876e+01 9.483555353646018204e+01 1.073715202366556980e+02 1.156325181375648725e+02 1.255695098751949246e+02 1.211025977773208950e+02 1.008161267166286734e+02 1.067578965239607953e+02 9.960045697102837892e+01 9.454469008440293010e+01 9.101686610884718220e+01 7.085902486758757846e+01 5.676733475037563892e+01
8.195026619370621290e+01 6.737711685151036534e+01 4.751996402694658173e+01 5.900778425429660246e+01 7.303418635584793606e+01 9.276752094667635617e+01 9.096825012421126644e+01 7.955844572404797077e+01 6.854110370955397968e+01 4.890483581144081882e+01 4.594258337111019586e+01 6.662016508062590958e+01 8.496394707979906968e+01 8.390523890998467493e+01 6.411513075287435015e+01 5.256415245180884455e+01 5.473378476263714987e+01 6.520085779766121448e+01 6.770976429831794974e+01 5.155043420689528944e+01 5.465215055283096035e+01 5.790194749207744707e+01 6.504562423226764167e+01 7.402467332973834857e+01 8.546879113922821603e+01 1.052415628106588912e+02 1.229275537047697213e+02 1.352268381504739807e+02 1.303606224345704163e+02 1.211025977773208808e+02 1.008161267166286592e+02 8.651360034871551363e+01 7.937738942452664048e+01 7.433952148589453657e+01 8.780962409692872939e+01 7.880743354248227206e+01 5.877530317282250394e+01
7.380115200699789568e+01 6.369015673040665604e+01 4.381099834739504217e+01 5.788892185198636042e+01 7.769557665240084532e+01 8.159483706441774586e+01 8.279344235790583184e+01 6.296304171188208443e+01 5.148106780192369314e+01 4.441724022959553508e+01 4.293434276408022754e+01 5.622179985463650809e+01 7.659140751626307519e+01 8.334425241666417605e+01 7.921894522758948654e+01 6.561723823563467306e+01 4.596591496557005740e+01 4.549583868698236699e+01 4.795461479728741949e+01 6.770976429791052453e+01 6.088701853774800554e+01 7.792595325276704443e+01 8.497043894817431919e+01 9.319115786987376282e+01 1.020551668695898542e+02 1.134980340320382481e+02 1.154058727272179112e+02 1.154058741001330475e+02 1.105649367395910190e+02 1.245896916349550878e+02 1.124152412474689839e+02 9.215328822883633109e+01 9.960045697102837892e+01 8.780963388490019383e+01 6.764777246016112144e+01 6.388610505211750024e+01 6.125707916300861200e+01
