MOVIE_S13_data/elevation_000384.asc
nrows	150
cellsize	150.0
xllcorner	0
ncols	150
yllcorner	0
NODATA_value	-9999
[rows 102 to 118 of 150, columns 111 to 147 of 150]
4.887400609926358186e+01 6.897910905489747790e+01 7.409724685103891773e+01 6.820466314593947743e+01 8.832320183702375971e+01 8.917648958200659592e+01 9.751429110577768711e+01 9.066097818885586435e+01 8.215898428182205748e+01 7.532586236965957482e+01 5.823707392627663637e+01 4.408359814846424740e+01 5.968708328678879127e+01 4.546747151892626704e+01 6.571209277973837004e+01 6.772637765798079101e+01 5.519259179045022279e+01 6.682544435405654326e+01 8.697635670438459954e+01 9.263456942529620619e+01 8.086118370392952670e+01 6.592586281125062442e+01 5.662560001253568487e+01 5.436549369026964484e+01 6.040171599831352012e+01 6.400710822383551601e+01 4.341922315095689555e+01 4.609323958400642596e+01 6.059185257027292693e+01 5.069524623890805515e+01 3.006550662859041978e+01 5.069524623890805515e+01 6.200546018920329772e+01 4.925512709203253792e+01 3.028016686208068009e+01 4.925512709203253792e+01 3.420799937331715768e+01
6.897910905461893094e+01 5.263447109307509209e+01 6.685561452440903452e+01 8.695516290019236294e+01 8.832320183702375971e+01 1.084495355689397513e+02 9.434534038294145830e+01 7.471491430561110292e+01 6.161595671179517097e+01 5.495511786189878478e+01 4.896447116687868828e+01 6.426227372875135302e+01 7.019044957259377782e+01 4.987375741487166181e+01 7.019044957259377782e+01 8.364882929579492554e+01 6.944304533950622726e+01 6.596131911661530012e+01 8.611460814112965068e+01 8.432039214881163502e+01 6.379622148022661321e+01 5.177408449061000795e+01 4.525635575656823306e+01 3.982535821722867553e+01 5.419771061699509573e+01 6.266344385952877616e+01 5.211908566924363129e+01 3.166394556559977858e+01 4.376929739037807821e+01 3.852242506851419535e+01 2.498664900664982014e+01 4.544803918447476576e+01 5.407079469595495880e+01 3.491614635572869929e+01 2.443498726143886657e+01 4.366191286368479751e+01 3.991521779103169365e+01
7.547640324675609236e+01 5.537008134966911399e+01 6.959172892113512887e+01 8.968326112317234333e+01 1.047879382647920181e+02 1.156311549326786832e+02 1.019307813471147739e+02 7.915488278052085036e+01 8.166003254427432978e+01 6.234787422929544221e+01 5.356808773619871999e+01 7.361082368989691815e+01 7.553842535256953283e+01 5.511813724622729183e+01 6.646906419257108212e+01 8.674871564994839446e+01 8.958409441841020282e+01 7.604943521994391631e+01 9.439620653333031441e+01 8.694629618864006204e+01 6.647479190474770405e+01 7.247075668841030449e+01 6.592589235883593801e+01 5.419771659407485487e+01 3.376169459994773803e+01 5.419771659407485487e+01 6.058863611402117044e+01 4.376929739037807821e+01 2.344760346459204925e+01 1.827031549890522300e+01 3.364341962998638991e+01 3.198076316110131145e+01 3.967352851458116447e+01 3.205590796055214753e+01 1.899075903912319419e+01 3.843107574255195402e+01 3.163094654357998792e+01
7.243454290972907472e+01 5.821566782459672851e+01 7.831645320603946914e+01 7.683119481756489222e+01 8.830200370528628184e+01 1.072111232781260100e+02 1.133884334059140429e+02 1.027667992838908333e+02 8.663676069613298125e+01 7.418486708767237303e+01 5.841511952454430912e+01 7.858408141745033504e+01 8.185965568968993011e+01 6.130087001036010719e+01 7.553842535256954704e+01 9.509381742827821427e+01 1.044303889544279826e+02 9.617978106231548452e+01 1.044303889544279826e+02 9.524793444909130358e+01 8.694629618864006204e+01 7.727741526753972323e+01 6.543972799806279284e+01 5.026479599082149718e+01 2.991585727759981950e+01 4.492101341770640488e+01 4.266541042435763131e+01 4.050426297120203145e+01 3.838108478420404879e+01 3.364197363510137251e+01 1.348099754452923804e+01 1.182095484684159103e+01 2.948384269815576531e+01 1.238608297094689448e+01 2.567690137202018263e+01 2.500392363700576936e+01 3.273654450207425270e+01
8.249776962142081516e+01 6.241373652374445413e+01 6.415192032414708478e+01 8.422354804271577677e+01 1.001113040943970134e+02 1.091045578257469373e+02 1.132870799708986596e+02 9.293157158505661641e+01 7.857114123075821510e+01 6.845706989196403924e+01 6.738976728703768515e+01 8.696106045542346408e+01 8.893151429066874414e+01 6.822060216623822271e+01 8.893151429066874414e+01 1.041697581017350700e+02 1.039694360368716133e+02 9.597766668127654555e+01 8.997233504645966207e+01 8.166194692151435675e+01 7.945702381156229421e+01 6.886876630604756144e+01 4.828112172268081537e+01 3.651759832238249714e+01 2.753663973221794592e+01 2.466311878316331274e+01 2.243100988760739867e+01 2.028947182820707340e+01 1.818399904183889149e+01 1.622473426845025557e+01 3.364051955793144799e+01 2.960621534091928808e+01 9.497194720586369598e+00 7.916718301227580135e+00 6.434449598065548948e+00 4.972214401473547873e+00 2.282882237494342448e+01
6.877734412002497777e+01 8.250644563132932774e+01 7.835235777158366943e+01 7.175214463902767648e+01 8.072506168517767833e+01 9.229120956503626871e+01 1.123631852418756125e+02 1.072815730366100979e+02 9.710155215907597892e+01 8.277606142547566037e+01 7.906978438772581796e+01 9.601230004824336106e+01 9.733685281932231703e+01 7.892863805719704828e+01 9.733685281932231703e+01 1.036754203848724813e+02 9.479698181242314092e+01 7.625039782755000317e+01 7.987041911116679671e+01 6.126604845153088519e+01 5.902619069160122223e+01 6.095973681161039792e+01 5.229076331283954460e+01 3.193487293841126018e+01 4.783030898519691476e+01 4.492101341770640488e+01 3.139382949586548222e+01 4.050426297120203145e+01 2.396121234485666918e+01 3.640736647609316634e+01 3.974487259460865118e+01 1.950701985261596150e+01 2.962779137091565573e+01 2.799996527796854906e+01 1.795606755271731814e+01 2.295326250855372763e+01 2.921242489667328357e+00
7.457919989445117892e+01 9.465081462892550235e+01 9.839785522255533579e+01 8.333202267589160783e+01 8.593187571413518810e+01 1.059789081667734081e+02 1.207140862174233007e+02 1.124712686999200315e+02 1.040382872786270099e+02 1.030568176766744131e+02 9.934824850780675831e+01 1.077009068458230843e+02 1.086893203446905858e+02 1.002175929407755888e+02 1.076574196812558739e+02 9.383676443429318681e+01 7.827341827586680267e+01 6.745486947078200046e+01 5.983492153571820893e+01 6.494117473325796652e+01 4.450099151011279730e+01 4.048247533313057289e+01 3.677081484322540916e+01 4.202819549673805000e+01 6.074872018839219834e+01 4.801488992426214963e+01 5.178431094898028419e+01 5.037986600642985024e+01 2.999390217011934467e+01 5.037986600619334610e+01 3.974545342482191046e+01 3.376514481479924257e+01 3.974509693322411863e+01 4.561867318568806695e+01 3.761274588544735309e+01 3.129961500140959529e+01 2.295532270340794412e+01
8.355125944759593892e+01 1.029824707899049088e+02 1.116874147527572489e+02 1.033757900875294524e+02 1.059789081667734081e+02 1.142908731097919883e+02 1.124712686999200457e+02 1.007175639911624643e+02 8.368068957611603764e+01 9.385948842737154507e+01 1.022922618335539937e+02 1.017422977627249878e+02 1.101718662044719821e+02 1.002129085389249497e+02 9.146879824220798127e+01 9.974115163825408104e+01 9.479698181242314092e+01 8.701359535814778212e+01 7.099314536435463197e+01 5.145641707937870279e+01 6.497288801453636609e+01 5.495717373938877870e+01 4.692581610064000586e+01 6.255333112894099656e+01 6.255333112894100367e+01 6.256031667746614744e+01 6.491980626471078608e+01 4.435722555535536316e+01 4.168839399322868644e+01 5.885189086947644910e+01 6.016726138061250140e+01 5.418481627039845705e+01 6.016334883572390879e+01 5.365678145313172109e+01 3.365871806287464807e+01 1.951665783013535460e+01 7.969654190868728172e+00
9.513349298833178125e+01 1.119689259988051333e+02 1.173939607508997796e+02 1.089643063989008596e+02 1.126809221474854183e+02 1.042470544274441266e+02 1.040382872786270099e+02 8.368068957611603764e+01 7.203954006222772932e+01 7.359915836783591203e+01 8.737048983959449799e+01 8.141749208201271415e+01 1.017422977627249878e+02 8.916381815532623989e+01 7.006031038770655073e+01 8.680983755212893982e+01 9.525676530595164593e+01 9.934454060358294214e+01 8.040186518334219556e+01 7.193870810512817116e+01 8.010705986560300573e+01 7.545086687564844397e+01 6.147660854007484232e+01 7.587594623385555792e+01 8.301188675469056477e+01 8.303192227325023111e+01 7.334655618359751372e+01 6.491980626471078608e+01 6.225263757274419874e+01 7.069295215445808367e+01 7.254479577925347655e+01 6.254806491656246692e+01 5.426843525459064921e+01 4.670965823188608113e+01 3.429380975266081322e+01 1.429420951108950000e+01 2.796938084703888094e+01
1.152377301210512996e+02 1.235836566957934224e+02 1.056244223959583195e+02 8.856459727317751174e+01 1.009253308288411404e+02 8.388572179211534774e+01 1.009253308288411404e+02 9.319464331684250169e+01 8.216218141362796246e+01 6.201514591691176292e+01 6.717285358600572920e+01 8.737048983959449799e+01 9.102179715700506790e+01 8.040252741366981581e+01 5.961743568690199879e+01 6.632081906923210113e+01 8.680983755212893982e+01 8.063826793961790429e+01 7.997688610701185041e+01 8.800865442779100078e+01 8.507938461290828513e+01 8.615164686324203558e+01 8.194456214775368608e+01 8.805834951476251149e+01 7.990018932475598490e+01 7.732985655372870326e+01 8.549529664602485468e+01 8.250054651282907514e+01 7.429025314251812517e+01 8.250054651282907514e+01 6.426709946075054347e+01 4.426977104843082600e+01 3.426979103672514526e+01 2.671050212727093154e+01 2.136527731420686749e+01 2.843631695229912282e+01 3.164650686629641285e+01
1.169765963033827916e+02 1.082773155426521612e+02 9.653775829065742187e+01 7.688986749031133172e+01 9.249143354937754680e+01 7.224457748774293009e+01 9.249143354937754680e+01 7.889838063573036209e+01 6.460211795461810880e+01 5.646705460159204648e+01 7.657439914193545860e+01 9.449880004360234409e+01 8.256533895217707197e+01 6.207848833385507703e+01 5.191655451873143079e+01 6.529300676205261311e+01 7.373272327035471108e+01 8.000290579666122426e+01 6.047109244279248941e+01 6.862024643718784489e+01 6.543031779948836402e+01 6.651918950381207196e+01 8.035083706627388267e+01 7.990018932475598490e+01 6.001830123203102829e+01 5.743156303036091970e+01 7.403832537339687292e+01 7.254627552062673601e+01 5.434561643140936127e+01 7.254627552062673601e+01 7.254479577925347655e+01 6.084997510750319094e+01 4.085254720575236576e+01 4.670965823188608113e+01 4.136465893416622208e+01 4.843504831279665268e+01 3.993077811375766117e+01
1.120784963038774009e+02 9.984127913363276718e+01 7.952139046907498710e+01 6.790950773974810772e+01 7.907583634047999510e+01 6.515682921163056562e+01 8.386965155065804822e+01 7.051180665368811162e+01 5.043837792790468910e+01 7.051180665368811162e+01 7.425477034136190468e+01 7.425477034136191890e+01 9.102179715700437157e+01 8.078879218759183800e+01 6.529300676205261311e+01 4.504055934101639735e+01 5.932055421630711578e+01 7.971173548686876131e+01 6.862024643718784489e+01 4.885817926369561803e+01 5.135106632390415626e+01 5.244925455238114154e+01 7.226940313303332175e+01 7.940862432553859662e+01 5.953319667661933323e+01 4.589273887195856361e+01 6.584157143159808356e+01 6.431793478696378941e+01 4.434753940935900829e+01 5.433273709816144503e+01 6.257651675899144550e+01 6.912820943484260283e+01 6.084997510750319094e+01 5.315303965355419535e+01 4.486876840609259176e+01 3.730947894590817526e+01 3.098492362557188784e+01
1.036401852950958045e+02 8.327389723027137336e+01 7.320117613722280225e+01 6.562542127105450618e+01 5.895479850488582230e+01 5.848488036859895089e+01 6.370131549651544844e+01 6.671828519877361430e+01 4.666003076417584339e+01 6.153926617349441841e+01 5.414981883088285741e+01 7.425473108930690103e+01 7.397342739613708318e+01 6.384465427299223705e+01 5.544830587840827718e+01 4.089078202303146270e+01 5.510379793562786688e+01 7.542880411582598299e+01 7.670623332888123969e+01 5.973404051747044008e+01 3.984839226607497409e+01 5.973404051160655825e+01 6.796657397822448843e+01 7.361298426899679725e+01 5.370115770052416337e+01 3.956425644059149249e+01 5.224421539007980897e+01 5.442587773898486603e+01 4.617150180746719457e+01 3.434187496516621962e+01 5.433273709816138819e+01 6.818339805615241289e+01 5.901090402982304539e+01 3.901090402982375593e+01 2.486876840609330230e+01 1.730947894590888936e+01 1.098492362557224311e+01
1.120784963038774009e+02 1.018945326367240369e+02 9.345704126268358891e+01 8.580104387519280351e+01 7.286634925498759685e+01 5.278352161237266671e+01 4.954105983234140353e+01 4.679525903073438542e+01 4.412291894291318073e+01 4.149514583713217064e+01 5.862996582133727941e+01 6.698736522998930809e+01 6.555047556103438922e+01 4.534802490902109895e+01 3.535887116728150659e+01 5.051110405256230251e+01 5.888014344591491778e+01 6.376202554052682103e+01 5.768137427688360930e+01 4.949759298158114973e+01 3.546934807389013855e+01 5.538359494280142314e+01 4.792990446273476834e+01 6.209371786747972521e+01 5.863427189569461717e+01 5.224421382390403323e+01 3.225519249809296696e+01 4.558340231660025665e+01 2.617415509369108761e+01 4.032032286375470420e+01 6.029749736924940606e+01 4.827368497268665237e+01 6.231043324130602912e+01 5.315303965355419535e+01 4.486876840609259176e+01 3.730947894590817526e+01 3.098492362557188784e+01
1.163311085537636984e+02 1.012232536902440216e+02 8.089724935224565172e+01 6.666391689772187590e+01 6.062873244104716264e+01 6.695172405840197882e+01 6.370131549655521752e+01 6.095058426962201281e+01 6.417181525703769296e+01 5.863095674331103169e+01 3.858832882250449359e+01 5.863071012491192846e+01 7.395763264780320867e+01 6.271878209694498452e+01 4.521234224816295466e+01 3.050305258194890712e+01 4.915828412843114847e+01 4.402706908677973985e+01 4.405843479381446315e+01 2.955157294278782132e+01 4.949759298152338260e+01 5.207744494563864635e+01 3.377182268367158002e+01 5.200509357324300197e+01 3.829378771592153186e+01 5.257935911903729220e+01 4.558340231660025665e+01 2.558752738254812087e+01 2.132426177156818170e+01 3.685061592583600998e+01 4.511569485970754556e+01 3.413733414113968223e+01 5.234973853092071039e+01 4.589668452860088621e+01 5.019207145832830719e+01 4.317458018912770257e+01 3.453347144496724042e+01
1.078990758732496431e+02 8.750442385029012371e+01 7.740110729876131757e+01 8.685059818841818924e+01 8.076408443668832149e+01 8.714551719048944278e+01 8.386965172018041415e+01 8.109931743643126367e+01 7.083672648361974211e+01 5.074160947310050318e+01 3.658128665407512159e+01 5.384266644604100094e+01 6.218675142076328655e+01 6.816687690504808472e+01 4.437001632019664754e+01 2.730720188654393255e+01 3.842320777001860677e+01 4.154990046682235061e+01 2.409858030520708638e+01 3.940683113009349370e+01 3.834609019703692212e+01 3.728039486264404445e+01 2.377417951371485216e+01 3.517420736020972782e+01 2.412728331040311858e+01 3.357882101122959284e+01 4.193041433816556918e+01 4.558340215277656426e+01 3.685061592583598156e+01 1.682990691653968085e+01 3.258278488546596208e+01 2.412751775665719833e+01 3.905928226579050033e+01 2.521520216002941339e+01 3.077457193247909117e+01 3.534177477732819028e+01 1.871746147571214181e+01
1.163310573035008986e+02 1.061392390517476514e+02 9.770174811088969591e+01 9.741170564797053544e+01 8.900695853124466339e+01 8.779656451570326681e+01 7.939988523457240888e+01 8.120721427085507571e+01 7.282404152471470127e+01 6.498862659695265620e+01 5.384690597558714131e+01 3.378963381884550898e+01 5.384690597558714131e+01 5.448859196226475632e+01 2.758832003897762064e+01 2.430058855190981149e+01 2.294919456383167145e+01 2.172020247032491014e+01 2.049831114388473807e+01 1.942699439341006595e+01 1.835879834321816872e+01 1.729453078151452061e+01 1.623269174863088082e+01 1.517760615354921150e+01 1.411570509302322662e+01 1.306836550550698384e+01 3.139986752979748985e+01 3.068371786908280541e+01 2.968220522927277827e+01 2.868281259980068398e+01 1.247865089095001956e+01 3.256876998028122472e+01 3.060811635405388742e+01 1.246762560857495394e+01 2.363091191488871701e+01 2.259317033169222810e+01 2.054766755808765666e+01
