MOVIE_S13_data/elevation_000667.asc
nrows	150
cellsize	150.0
xllcorner	0
ncols	150
yllcorner	0
NODATA_value	-9999
[rows 119 to 135 of 150, columns 111 to 147 of 150]
1.190174959735487050e+02 1.088921802044282003e+02 1.005305513169937797e+02 9.375900739139333950e+01 8.789696140768795374e+01 8.281775744359843827e+01 6.955330411553087799e+01 6.679570645812364660e+01 6.231540541848858794e+01 4.143964033250675527e+01 3.841387961524318229e+01 5.542326724864035015e+01 6.391875530121671289e+01 5.969526929820835193e+01 3.896220406558955318e+01 4.051331669044854067e+01 3.917977313823866581e+01 5.403298169897178127e+01 4.863894610254754269e+01 3.833621277224956003e+01 1.793745582842034736e+01 1.681507747090487115e+01 1.574845067818447575e+01 1.470453618329075773e+01 1.366798455107334220e+01 1.265808311053646307e+01 3.143553931467012319e+01 2.454902698184434939e+01 2.955806927669365436e+01 2.897209806503884622e+01 1.207817813410741969e+01 2.671874455466975817e+01 2.584133565135088162e+01 1.478521472488196942e+01 3.477933378835388112e+01 4.914047670925739908e+01 3.830079071135568114e+01
1.106823244284397134e+02 9.037877820554790276e+01 8.021591954019255866e+01 7.345228449761823697e+01 6.758014549188708031e+01 6.245553560251460112e+01 5.769863529729266816e+01 6.679570645812363239e+01 4.602140516412272575e+01 6.231540541848858794e+01 5.930521141790195117e+01 4.895426961238631947e+01 6.965615322341757576e+01 5.969535765054498455e+01 5.969535765054497745e+01 6.123478457113986906e+01 6.056997173051092176e+01 5.438386515975373925e+01 4.199495922973459727e+01 2.148411073170980856e+01 2.041028697965339234e+01 3.720382557319656058e+01 2.743881701038504062e+01 2.896401847562712462e+01 3.493172285841432512e+01 3.140305020110690748e+01 1.125406295442186710e+01 1.033681742499878276e+01 9.423042628518887298e+00 8.511184059446311068e+00 7.607335604191309386e+00 6.721861063526855418e+00 5.838391273764556466e+00 2.448033702713085447e+01 2.093608959441648310e+01 4.091082983221447478e+01 3.416479074141337691e+01
1.190174959735487050e+02 1.088921802044282003e+02 1.005305513169937797e+02 9.375900739139333950e+01 8.195117225554879781e+01 8.281775744359843827e+01 7.211664322113719550e+01 5.150867225948324801e+01 5.308286253365330509e+01 7.365146337979547297e+01 7.811825935902979268e+01 5.940868834138025534e+01 7.811825935902979268e+01 8.027880243323143361e+01 7.726923452815135818e+01 6.882566077074707778e+01 5.839810153040529883e+01 4.568299918797416836e+01 2.517566342610624375e+01 4.199495922973459727e+01 2.408956435516636674e+01 4.586682725630442548e+01 4.187417991749580182e+01 4.890312497004561720e+01 4.936957820788641982e+01 2.795603853989397081e+01 1.371497558444140097e+01 3.047772744202914552e+01 2.894862295194407764e+01 1.553669447017165162e+01 2.650684309732077892e+01 2.672050927530959896e+01 2.460485082055760131e+01 4.603677236048207000e+00 2.338690792152943487e+01 2.254150547109511038e+01 2.170088351309032859e+01
1.063190036926297779e+02 9.796031713924195117e+01 9.532744213165555891e+01 1.036932726525002835e+02 1.022513662832277532e+02 8.652447992407336130e+01 6.614872185432417950e+01 7.211664322113719550e+01 6.095909505561072450e+01 8.136364652542913234e+01 8.835086352707764945e+01 7.990361810545472565e+01 8.835086352707764945e+01 8.660705663854328407e+01 6.882566077074707778e+01 4.815480511781471762e+01 4.988053662363688545e+01 2.911000601510426833e+01 4.585751596184309875e+01 5.035142502740882975e+01 2.896231598627533188e+01 5.035142502740882975e+01 6.174695867036365371e+01 6.176571503271031105e+01 5.339977409839147526e+01 3.629107742965231864e+01 1.623360650050925358e+01 3.525284365980753165e+01 4.092226770590451679e+01 2.440266159556077241e+01 3.571946548338869576e+01 3.878557101402297747e+01 1.875825438492681130e+01 2.338749264530218142e+01 3.382227263712441090e+00 2.539877973451750481e+00 1.699953919337287012e+00
9.796031713924195117e+01 7.763707346092877515e+01 7.499692694971790274e+01 9.197803857677925521e+01 1.017720409063853282e+02 9.490611372263843748e+01 8.652447992407336130e+01 8.974914198358524686e+01 7.277548561870725052e+01 8.974914198358524686e+01 9.851471246934436010e+01 8.677091724940385120e+01 7.761336048728378501e+01 6.917060007997703508e+01 5.764542704219333302e+01 5.420915856563034652e+01 3.337927720551099497e+01 4.111712955137273440e+01 5.839810153040529883e+01 5.501345560450800320e+01 3.416422103735536098e+01 5.501345560450800320e+01 6.523030886298288067e+01 4.501948460782281813e+01 3.275629223230837539e+01 2.528235493289649227e+01 1.879868538653716925e+01 3.860158490380967322e+01 5.194694813866225047e+01 3.848522801643214564e+01 4.883708187851847526e+01 4.705229386495832955e+01 3.879005844723514684e+01 2.660084466726024388e+01 6.703328091975974345e+00 2.254138049695939117e+01 2.170106943572524116e+01
9.141718346150651087e+01 8.305676130714505234e+01 6.334745037569645376e+01 7.311994257399283015e+01 9.340448758387817918e+01 9.431798483873811278e+01 8.603202339448429825e+01 9.431798483873811278e+01 9.309552387772481552e+01 1.014592326892197036e+02 9.012307550173864001e+01 6.974840653675387614e+01 5.781218007882782217e+01 4.833339927833254279e+01 4.278944375862987926e+01 3.805280316304553878e+01 5.420915856563034652e+01 6.185157330805395759e+01 7.032020864780450609e+01 5.400778825365966895e+01 3.942935902309491780e+01 6.000339140865839482e+01 7.331865361697688854e+01 6.158406520170343867e+01 5.319860971222842494e+01 4.153256055134540503e+01 2.159250821476357984e+01 3.561854741823726300e+01 5.580133066089647542e+01 5.940454924119917024e+01 5.595951495991711511e+01 4.758525630442074572e+01 3.334989290082726399e+01 1.259133918246566175e+01 2.660105080573953629e+01 3.498457043125309696e+01 3.421027158012885394e+01
7.450688108738491167e+01 6.288008655937775870e+01 5.664869717326457277e+01 7.681067240360923165e+01 8.897859531797854515e+01 8.431631308137833969e+01 6.602898514741380609e+01 8.431631308137833969e+01 9.543811971054394405e+01 8.722728389745992672e+01 9.563110850464238410e+01 8.203141706739975803e+01 6.108185571039619788e+01 6.917060007997703508e+01 5.764542704219333302e+01 4.332561750290057745e+01 5.513712351567497905e+01 7.572082326314570366e+01 8.291963488961894768e+01 6.568459915989585340e+01 4.520071330624588057e+01 6.568459915989585340e+01 7.029195119208660003e+01 5.103777105057368146e+01 4.410782470744739214e+01 2.626697606526044382e+01 2.896104831268716850e+01 3.557770358706394376e+01 5.504255661143039902e+01 6.301800441543430509e+01 4.184704101440187429e+01 2.744870353967947452e+01 2.038299491236305983e+01 3.335009697833112341e+01 4.169462780035757277e+01 4.885647050252946144e+01 3.730946511813520772e+01
7.664762762145178954e+01 7.140775271017008663e+01 5.128917103952422707e+01 6.432824132105797332e+01 7.793669080593619469e+01 7.603050427094905217e+01 5.601210994429174406e+01 7.603050427094905217e+01 7.343563423953123959e+01 6.709569397243592448e+01 8.710899466581626882e+01 9.046351647718861955e+01 7.472916888452201079e+01 8.660705663854328407e+01 6.944592926630825502e+01 4.878202151735366954e+01 6.944592926630825502e+01 8.414332657519706515e+01 8.612706609379723943e+01 6.568459915989585340e+01 5.245000269978577023e+01 7.292284031317520032e+01 6.585584675343839933e+01 4.570032313114705858e+01 3.125742318326836511e+01 4.640866062071184217e+01 3.717666273734405280e+01 5.550622017121852991e+01 6.361367981295946095e+01 6.184724472680268548e+01 4.168056999977817867e+01 4.084083814282055869e+01 3.496015988842169975e+01 4.917359026923815435e+01 5.888328779836965765e+01 4.057219925465086163e+01 2.057219925465015820e+01
7.020779005669783146e+01 5.500373473953169423e+01 4.725352809225496031e+01 5.400963201285301096e+01 6.888537706495056057e+01 6.935770616206325201e+01 4.937682137614990552e+01 6.430036840519734653e+01 5.328761595263450346e+01 7.305922103834441828e+01 8.550326136382017239e+01 9.903432315819483733e+01 9.626412661812662463e+01 8.237495581365044472e+01 6.193236990445840462e+01 6.080193076329661039e+01 6.346174282278539636e+01 8.389303333803047735e+01 8.738326357139891343e+01 6.693313688196344913e+01 7.292284031317520032e+01 8.136862681507116690e+01 7.074379265883126777e+01 5.560165024383594812e+01 3.521440010762253081e+01 4.710069304893203679e+01 5.744484414387537896e+01 5.157884303984201324e+01 7.160662356613477186e+01 7.027732704432165178e+01 6.184801504788395476e+01 6.093333389707080272e+01 5.503805134054272941e+01 5.449422637506408051e+01 4.554995446502546486e+01 3.059901655087448802e+01 3.059901655087448802e+01
8.560311819005278267e+01 7.543481342791385202e+01 6.110972485369231322e+01 4.234035040848350206e+01 5.754570830543853788e+01 6.333324272440915337e+01 4.350107777334665826e+01 4.453696588278585011e+01 6.362705813627130880e+01 6.694109023386110380e+01 8.003602258641059564e+01 9.898080280888848392e+01 1.000430203875031907e+02 9.077761188055717412e+01 7.641879811274618817e+01 7.529654929921163387e+01 8.389303333803047735e+01 9.229351218393421163e+01 9.580411674817899836e+01 8.738326357139891343e+01 8.876035110114118254e+01 7.887438302488617126e+01 6.253965014973624648e+01 4.230915730377206074e+01 4.710070013921621523e+01 6.385221044155082382e+01 6.721417372845954219e+01 7.160662356613477186e+01 7.979322573798430085e+01 7.118513944341795252e+01 6.288750507700120096e+01 6.288750507700120096e+01 6.035209075127238521e+01 4.035209075127168177e+01 2.620995512754023338e+01 1.726568321754091784e+01 1.059901655087413275e+01
7.519270208032087055e+01 6.679030935186253259e+01 6.850099124149294028e+01 5.362055749791742443e+01 3.772736317553426488e+01 5.322107639368762477e+01 3.814118326821244409e+01 5.783278982944643332e+01 5.646141082127726918e+01 7.428983875414876081e+01 8.013118818821493505e+01 8.570477559855682159e+01 8.004944401591505709e+01 9.419353046391026396e+01 9.675439251480651137e+01 9.563604891828437360e+01 9.957446055027737941e+01 9.128561304576261648e+01 9.865364234630537510e+01 9.453980062420497177e+01 7.483493330613310945e+01 6.079861083989671755e+01 5.070752272662861060e+01 5.670857965224662678e+01 6.721542750131837352e+01 7.541739941723639618e+01 8.702797518452678105e+01 7.698647448003575278e+01 6.869107178057551266e+01 6.288750507700120096e+01 4.287761571493146562e+01 4.287761571493146562e+01 5.703137757917474460e+01 5.449422637497374922e+01 4.554995446502546486e+01 3.726568321754162127e+01 3.059901655087448802e+01
6.350394184942725673e+01 4.673686179909476124e+01 6.353304634173080245e+01 6.522000999531279319e+01 5.322107639368762477e+01 3.317772536243143122e+01 3.831482914137960449e+01 6.051221608006838437e+01 7.429189023544077486e+01 7.400399921643135315e+01 5.993467380522135102e+01 6.572869440218659065e+01 6.593546153810183341e+01 8.590542695498209014e+01 8.972909228200252585e+01 9.558987764772322748e+01 8.802284367838744572e+01 7.127889351002210105e+01 7.864530482327111827e+01 9.279403923007122046e+01 8.468736696516903351e+01 6.490975450733628804e+01 6.490975174082163335e+01 7.656405287943157134e+01 7.868083562234248518e+01 7.036941027466025389e+01 7.121063357146151418e+01 6.291097062860327327e+01 4.868009274973917400e+01 5.235217582088120025e+01 4.873837661828914491e+01 2.873473964837361549e+01 3.930857171840835207e+01 4.759128110400196476e+01 4.320828467793769789e+01 4.114867813978752054e+01 3.419328689065724092e+01
5.518209023887607856e+01 3.519315979529191907e+01 5.107145906808926838e+01 5.934702022247017084e+01 5.082466904143461051e+01 3.086116446305985406e+01 4.766426029473914383e+01 6.451977833668428275e+01 6.714394308066185602e+01 5.887115661462930660e+01 4.575434223774993114e+01 5.330883883913971033e+01 7.327531185255510593e+01 8.387027941310138601e+01 6.972278116216298827e+01 7.558249402263622585e+01 7.907608862265678340e+01 5.973072003465164670e+01 6.450048076848862877e+01 8.279075570402967799e+01 9.283901154243598342e+01 8.468736696516903351e+01 8.468722222734547245e+01 8.458007028052713849e+01 6.448316216995741001e+01 5.032913704302525559e+01 5.768745076316736942e+01 4.290144254553480607e+01 4.718682962900337685e+01 3.234857704354440244e+01 4.002509535109103922e+01 3.673665819154990686e+01 1.930663922288882972e+01 3.129748604724911232e+01 2.324297258009656630e+01 2.110094438758953217e+01 3.414352188605715099e+01
3.966365135732313973e+01 5.103751716756084278e+01 3.107094941299092739e+01 4.709351858626891385e+01 4.562307062727191465e+01 2.868719729700480414e+01 4.865567178620080568e+01 6.097214847084349998e+01 5.270204890237916118e+01 3.889567793834883958e+01 5.887115661462930660e+01 5.987983387604369767e+01 7.984909280882934013e+01 7.558249402263622585e+01 5.557937777119281009e+01 6.489037863967745068e+01 7.078866374869706135e+01 5.078660577673451826e+01 5.450017471564282090e+01 6.633690798550424006e+01 8.634232191343387797e+01 8.716656886767790979e+01 8.935583531092767373e+01 8.341900297364300343e+01 6.337473652579639349e+01 4.922632299111223375e+01 3.767878636139838733e+01 3.135422938891910505e+01 2.718394109709620210e+01 2.340429636635357369e+01 2.002367934740570732e+01 1.673569960129614032e+01 1.353313652519428523e+01 1.129706854769447766e+01 9.101783347900651577e+00 6.957558278225043580e+00 2.397624677477516641e+01
5.964453981488599510e+01 5.462814262876723603e+01 3.466749471587979770e+01 2.711571166308545244e+01 2.564557806824223363e+01 4.562307044862016880e+01 5.562905832901321901e+01 4.735991843250064903e+01 3.272422673692883421e+01 4.426617694646107282e+01 6.422566429723615045e+01 7.984909280882934013e+01 8.813362540663271716e+01 7.685360331324156391e+01 6.489037863967745068e+01 4.488979090630277824e+01 6.371686833386647919e+01 4.371657311604560903e+01 4.633597684644340120e+01 6.633690798550424006e+01 8.130760878767172528e+01 6.715885220114884646e+01 6.934735155751231162e+01 8.935583531092767373e+01 7.291963465176036152e+01 5.290230660544612107e+01 4.135430349120881033e+01 5.135844680372000681e+01 3.873106986266412122e+01 4.340629448872982010e+01 3.897726786124160725e+01 1.897644706680564397e+01 3.353373422111661029e+01 3.129748604724911587e+01 2.910171676806146834e+01 2.397431760517322985e+01 3.976134308225311109e+00
6.715895161841545757e+01 4.730575815122317351e+01 4.709553213257726156e+01 4.351390205056239324e+01 2.352749512109779317e+01 4.124172640172071880e+01 4.236256815761896632e+01 2.737972387603249302e+01 4.735991843250064903e+01 6.097214847084349998e+01 7.249756395416052612e+01 7.549281139817958319e+01 8.373022296296026923e+01 6.856636722661350802e+01 4.856490769684364750e+01 3.856734811842544275e+01 5.149517445833845386e+01 3.739436642454186455e+01 5.153372817143130646e+01 7.153586925807007901e+01 7.301897673671606981e+01 5.301571892846261846e+01 7.301897673671606981e+01 8.275409264046541580e+01 8.122379008080656604e+01 6.966159286859014799e+01 5.290230660544612107e+01 6.703203246614803845e+01 5.873757473087874104e+01 4.487527141680418907e+01 2.487412538278685048e+01 3.897726786124153620e+01 4.726356407998367359e+01 4.811846970664900169e+01 2.811831430029419110e+01 1.397613496890553009e+01 2.397624442297582448e+01
6.708130827198458235e+01 6.715814323312987710e+01 6.704109797009598992e+01 5.163313492966141638e+01 4.101920502461766205e+01 2.124663834179541411e+01 2.237821357272600764e+01 4.234720800410183728e+01 4.910407172663894215e+01 5.485632696133630759e+01 6.148461291680636265e+01 5.568222712140740072e+01 7.549281139817958319e+01 7.685360331324153549e+01 6.685203906260285578e+01 5.149517445833845386e+01 3.150151504227653376e+01 5.149517445548375605e+01 5.841744826181467687e+01 6.670354756394080198e+01 6.635122413396493357e+01 4.634973816471926256e+01 5.446155595272981742e+01 6.860508927339691354e+01 8.861347639018212874e+01 8.122379008080656604e+01 7.291963465176036152e+01 7.043851207660388525e+01 5.272068216897721982e+01 3.271877527087729476e+01 4.487528881647894252e+01 3.556461643018246832e+01 5.556702699300113579e+01 4.811936588804699255e+01 2.811832047961751258e+01 3.397649104892645511e+01 2.901126275209880490e+01
