MOVIE_S13_data/elevation_000075.asc
nrows	150
cellsize	150.0
xllcorner	0
ncols	150
yllcorner	0
NODATA_value	-9999
[rows 85 to 101 of 150, columns 111 to 147 of 150]
2.229456607134537904e+01 2.132594176846023615e+01 3.971951465095966682e+01 4.590029824790138946e+01 5.497838505347036886e+01 6.731911121888794014e+01 7.114202684806996047e+01 6.530498253630955219e+01 6.881505102048552658e+01 4.880211639632378962e+01 3.734445072882438410e+01 1.750268130485666163e+01 3.555985302197623099e+01 2.259564964902481066e+01 4.236518635700773672e+01 5.815733717967064820e+01 6.290617997701887276e+01 6.015582059645612389e+01 5.943556550392393234e+01 4.379676422180183692e+01 1.804408005762898171e+01 2.022225322718530904e+01 3.765826057027125984e+01 3.834765823412200092e+01 1.951045990146831599e+01 3.894343280551494502e+01 3.993761691113889611e+01 3.110364546511792483e+01 1.600904123481000241e+01 3.676524161671162716e+01 3.555384398171813842e+01 1.562840888021990260e+01 3.555384398112083488e+01 4.891961730101340322e+01 4.725804274308579522e+01 4.161284066921668057e+01 3.334779568836271579e+01
4.207311516370080540e+01 2.488152386327830712e+01 4.466475183475205313e+01 5.635707600082159985e+01 6.341653029109509276e+01 7.167243388828852346e+01 8.317426294597879632e+01 7.264631649519809287e+01 6.119816138048697240e+01 5.297656551094305399e+01 3.854787835089340575e+01 1.874290815921804665e+01 3.854311897160864930e+01 3.657145468478756811e+01 3.034562196524783317e+01 4.429945565450279332e+01 6.394163737129798619e+01 6.658504516294867415e+01 4.512223297581168424e+01 3.063675287426939065e+01 2.090221694813761744e+01 3.768354841548475775e+01 3.004368237257940422e+01 4.795754984324830872e+01 4.011605306693453343e+01 5.180086973801545724e+01 4.280387496127144686e+01 2.182830395276048563e+01 3.676524024157591697e+01 4.367195610799715411e+01 2.378675559571862053e+01 3.555384398171813842e+01 2.972065862459890084e+01 4.963639918271624651e+01 4.371457714772612491e+01 2.466541286139882772e+01 1.371317989598980880e+01
5.280105767151837171e+01 4.466761906726902254e+01 3.022434542646516320e+01 3.645534672835209022e+01 4.347883744311606335e+01 5.500065064599347409e+01 7.491283568149617622e+01 6.443488430297853142e+01 4.460417796792442857e+01 3.318023516412533525e+01 3.902783285547757686e+01 1.998907844977355808e+01 3.977802276344547749e+01 5.629836408506494649e+01 5.005251748182811866e+01 4.020960607151885569e+01 5.917085748993557104e+01 7.040708062194217121e+01 5.808051066757858649e+01 4.384793316755584414e+01 2.388877271866924801e+01 4.379595849371033722e+01 4.022404570611399066e+01 5.654003821959447862e+01 6.445679087750373526e+01 4.519337868304214112e+01 2.828543697439831917e+01 4.284975466854275084e+01 5.170780817365201187e+01 4.996917805394016199e+01 3.005602489470985006e+01 4.996917805395101198e+01 4.963639918272055951e+01 5.792604487481455777e+01 5.194919604853630091e+01 4.161284066921566449e+01 3.334506036541869634e+01
6.528143850925542324e+01 5.504486878419938733e+01 3.514206499391615068e+01 5.504486878419938733e+01 6.341653029109509276e+01 7.167243388829081141e+01 6.980780246099372732e+01 6.158678580905595368e+01 5.455166180258274977e+01 4.156510111178076983e+01 2.178594411785874385e+01 3.978210574846859515e+01 3.055540485267025375e+01 5.037504105333156446e+01 6.762819601138509995e+01 5.004630931931997395e+01 6.762819601138509995e+01 6.202038471495955463e+01 4.120311932160052493e+01 2.949394826388530788e+01 2.926660423476392481e+01 4.944359642753359196e+01 5.964854997845389306e+01 6.782285732321126659e+01 7.082459888426676287e+01 4.917735670890956357e+01 3.376119426881201946e+01 4.564652389204931637e+01 6.730484466189479065e+01 5.751513683482009753e+01 3.755040649709631850e+01 5.751513683482009753e+01 5.834795541263840590e+01 5.007105657396699883e+01 4.251252689416345021e+01 3.673386680493175760e+01 3.139456903694237866e+01
5.790224516921475129e+01 6.329739681460419831e+01 4.402677743763774032e+01 4.576902046331095875e+01 6.569661739024415681e+01 7.306353922802919953e+01 5.318521920042769580e+01 4.168845024319415415e+01 3.469136205831870257e+01 2.875791552793814887e+01 2.307444723468903192e+01 4.284615678928560101e+01 4.044455402153224099e+01 5.858641696616029293e+01 7.693179268621359768e+01 6.907724074960727023e+01 7.693179268621359768e+01 6.879948500755122609e+01 4.848701731192803521e+01 3.407159588583311205e+01 4.944440812871869184e+01 3.825573678536195388e+01 5.849623338997027844e+01 7.838176088887297510e+01 7.045875626060434627e+01 4.914204606809549603e+01 4.192438922855158978e+01 6.384562537145383487e+01 7.590751968262225091e+01 6.581814104966584011e+01 4.905274801380432592e+01 6.161540545614207076e+01 4.162000665191388293e+01 3.007306676390609823e+01 2.251377781259112609e+01 1.674027514046631282e+01 1.139505030570465038e+01
6.584671890157164853e+01 7.220958220661434268e+01 5.554642329160456171e+01 5.574524494630474436e+01 7.394808032563578593e+01 8.127568855217008092e+01 6.980780246099372732e+01 6.158678580905595368e+01 5.455166180243279683e+01 4.416639288853026102e+01 2.439814692897578752e+01 3.811343474315872015e+01 5.709532503693901617e+01 5.666178336998433451e+01 7.646125326539691969e+01 8.566901239473594387e+01 8.703105968856154107e+01 6.451496967005405736e+01 4.877107440718592102e+01 3.993282202524328284e+01 6.032235153205948563e+01 5.259863775570718047e+01 4.997362253417051647e+01 7.013833632556173825e+01 7.880695139688131690e+01 6.978158448586029294e+01 5.758578213957919445e+01 5.994291137489638288e+01 8.121071126815263597e+01 7.738455131185021685e+01 6.907497494102905478e+01 6.988853294623351076e+01 5.834795541263840590e+01 4.251252689416345731e+01 4.251252689416345021e+01 2.846609462027179660e+01 1.432398235495302963e+01
7.806826762629673055e+01 8.370546135855296654e+01 7.545006459147967348e+01 6.982330187520884124e+01 8.390354156959779175e+01 7.627087502625380466e+01 6.806740056356373714e+01 6.177105868596427030e+01 5.624859883431546592e+01 4.549924989015954679e+01 2.572864362190065535e+01 4.547069436201582704e+01 6.326205999615223874e+01 7.646125326539691969e+01 7.040316281562773781e+01 6.861128445942857468e+01 8.433999537584995210e+01 7.836290327704786307e+01 6.751998166376924360e+01 4.716200936535092580e+01 6.032235153205947853e+01 7.273428875560061613e+01 6.427861605858421967e+01 7.838176088887297510e+01 7.905073038232593774e+01 7.979658686207662299e+01 7.895822380017510511e+01 8.121071126815263597e+01 7.576238946165496202e+01 8.399542541744271773e+01 7.345870602210301570e+01 6.517187817503035774e+01 6.517187817503035774e+01 6.250534824271922218e+01 5.674792845629737315e+01 4.260701153828459553e+01 3.260745067426915966e+01
6.938828748268753088e+01 7.763393925446013100e+01 8.755996981050149941e+01 8.971003050132932799e+01 8.208973904654935438e+01 6.225915778772485965e+01 4.815661930324846196e+01 4.185811456287354559e+01 3.636502072447800771e+01 4.684626022280319546e+01 2.706307283516436257e+01 3.775331684866897319e+01 5.623216966027300145e+01 6.275136092049544345e+01 5.074878802850362547e+01 5.733247293093558739e+01 7.133377723346049493e+01 9.111009031235930422e+01 7.580538366212559254e+01 5.740446339619715843e+01 7.580538366212559254e+01 8.873608056806848765e+01 8.428495246581151434e+01 7.314657734745588868e+01 5.892724308740306327e+01 5.786259700592975008e+01 7.210971767566547896e+01 7.254836888160824060e+01 5.595597784785717721e+01 7.254836888160824060e+01 6.517187817503035774e+01 4.516866102042473585e+01 4.516866102042473585e+01 5.931368352126392551e+01 6.554306933945731828e+01 4.721657394148228803e+01 2.714305132816659594e+01
4.996932175161212086e+01 5.948491574473456467e+01 7.343605440525465156e+01 9.342833978184168586e+01 8.208973904654935438e+01 6.225915778772485965e+01 6.806740056356373714e+01 6.171955052977563128e+01 4.898860161852929451e+01 2.918014093667635933e+01 4.684635945289050341e+01 3.144374470882958050e+01 5.122981805637846975e+01 4.299938731145547877e+01 6.275136092049544345e+01 7.712612522740172949e+01 7.133377723346049493e+01 9.111009031235930422e+01 8.586918112886084486e+01 7.763549993134138560e+01 8.586918112883923015e+01 8.154493015942841794e+01 7.905073038232593774e+01 5.892724308740306327e+01 4.469861971125774858e+01 4.316438394035741055e+01 6.153274727528958010e+01 6.432715238474834507e+01 4.444200944918730301e+01 6.432715238474834507e+01 6.354635355311679490e+01 5.102746767946167950e+01 3.102244857327624672e+01 5.102746767946167950e+01 5.744455090525991636e+01 3.757842468581002038e+01 2.715962936314557652e+01
6.938828748268753088e+01 6.209372815493627940e+01 7.608768656320063428e+01 9.607033130544304811e+01 9.028259226478277810e+01 8.208973904654935438e+01 7.594919150840172506e+01 5.621698884049146017e+01 4.217352166973462602e+01 3.075542529178907714e+01 5.058676169200710149e+01 5.122981797423178563e+01 3.601442501934050000e+01 4.054411822288285805e+01 6.037121631206862560e+01 7.560629359632892488e+01 9.111009031235930422e+01 9.931578969199686924e+01 9.254805696339707310e+01 8.253052781995442899e+01 7.423460765296027830e+01 6.149697675972031163e+01 6.149697675972032584e+01 5.648092416689184603e+01 5.187956308089439261e+01 3.311590111991060326e+01 5.320345499811511303e+01 5.729669267744880301e+01 3.736717784678111087e+01 5.729669267744880301e+01 5.525974044928859286e+01 3.525567925779175482e+01 2.469671929249646780e+01 4.470132517838849395e+01 4.380121997944773682e+01 3.561486080433704160e+01 2.127270196967852556e+01
7.326383207918364349e+01 8.194046770216174025e+01 9.020623413014908465e+01 9.654839678999883290e+01 8.510495012186898123e+01 7.689107776844427633e+01 7.089632216403107634e+01 6.535472168847623209e+01 5.463877288068463400e+01 3.476261248533272408e+01 3.323261493375304099e+01 5.309978250824750035e+01 5.582256805341340566e+01 6.037121631206862560e+01 4.754692887246847732e+01 6.738505201054111637e+01 8.406651114749317344e+01 9.551895309087201724e+01 8.425500949477189749e+01 6.421420581114851700e+01 5.417310576062531879e+01 4.748032280055902277e+01 4.143276638840632131e+01 3.642405619028828312e+01 3.183140090351745854e+01 2.756550306635105585e+01 4.287391855652365535e+01 4.346086834078896288e+01 3.133308863948511558e+01 5.128771786407175881e+01 5.307164146569608221e+01 3.306738049651453082e+01 1.892269659482380462e+01 3.225856078686964423e+01 3.235382354137256300e+01 1.565992472059673446e+01 2.274302776470590004e+01
7.467756544343322389e+01 8.283570838759086996e+01 9.419193662631184338e+01 8.832919945008467266e+01 6.851779155432836887e+01 5.700872271872535890e+01 5.097548501598263471e+01 4.543588422524369008e+01 4.087184911333211090e+01 5.464657526065683157e+01 3.500317040288313564e+01 4.906531238128666672e+01 6.899212286753062529e+01 7.560629359632892488e+01 6.738505201054111637e+01 5.600714388550216682e+01 6.746631402074569905e+01 8.728613492834034560e+01 9.254805696339707310e+01 8.253052781995442899e+01 7.423460765296027830e+01 6.754744035551524917e+01 6.149697675972032584e+01 5.648092416689184603e+01 5.187956308089439261e+01 4.287391855652365535e+01 2.285064286782023757e+01 2.348562570580654452e+01 3.668703487597302626e+01 3.505802955725083336e+01 3.344509683579028092e+01 3.189170261609115187e+01 3.225856077388356624e+01 1.225580356281163397e+01 2.411415632064231573e+01 4.112981489540072921e+00 2.742604069884994278e+00
5.498157985844268580e+01 6.637497203885999397e+01 8.601912292841957708e+01 9.089798830615627878e+01 7.108922545677739890e+01 7.689107776844427633e+01 6.172598478470712990e+01 6.537127602653441727e+01 6.079674968587357142e+01 5.671074748776273822e+01 3.680164970827422621e+01 5.666810402295382687e+01 6.916168724287315683e+01 8.072683698221995030e+01 8.406651114749317344e+01 7.584315599205038438e+01 7.003766620799970610e+01 8.985884816492395544e+01 9.096713197200642753e+01 7.939437715348353208e+01 7.043110750914807738e+01 6.212866296838151214e+01 6.627943443041883143e+01 6.369260774588880025e+01 6.375602620341394555e+01 4.959664198544871994e+01 3.833502108398290176e+01 1.832137830469599749e+01 1.667738683705563218e+01 1.504980929209600049e+01 1.343816312829429727e+01 1.188586199416850597e+01 2.970810962456755178e+01 2.608557588824296047e+01 6.083640045906697935e+00 2.411415632122556474e+01 2.274345792171114766e+01
7.467756544437530408e+01 6.745703300345061848e+01 8.710236778656512513e+01 9.912067478696053513e+01 9.089798830615627878e+01 8.981130498146423236e+01 8.159096201650228863e+01 7.157288274114701210e+01 5.997660258057315730e+01 4.007896136713421953e+01 5.671074748776273822e+01 4.107629279277582413e+01 5.259980691383848495e+01 7.250984021848169903e+01 8.278438225833116348e+01 9.424059510539557039e+01 8.985884816492395544e+01 9.809535608698664078e+01 8.266399334982413905e+01 6.261978774829029248e+01 5.105002979513612615e+01 4.209094986142824268e+01 4.624049244093025379e+01 4.365503564827315586e+01 4.702047006881366542e+01 3.543725776748806311e+01 2.128639891381392957e+01 3.833502108398290176e+01 3.668703487597291257e+01 3.505802955230783624e+01 1.976295871558259876e+01 2.970810398981315714e+01 9.703683048794182753e+00 8.191825153925888614e+00 2.022654446483694812e+01 3.436446225755079098e+01 3.156991428433407876e+01
8.776477255674627997e+01 8.134168569412135241e+01 9.527731812433601988e+01 1.110764726847520762e+02 1.043627726040277821e+02 9.037018369828480502e+01 8.216679999793844047e+01 6.340244357124628749e+01 4.346241828182166955e+01 5.955013358585398464e+01 6.823153042124774004e+01 6.101477722564455064e+01 4.570564672476104562e+01 5.465051517030535422e+01 6.617871924537053019e+01 8.601999166950456299e+01 1.012450674009982095e+02 9.603533756705949997e+01 7.599147980232626765e+01 6.181870597884646656e+01 6.483686937279037465e+01 5.210980823805752493e+01 3.207935989807036492e+01 2.949654359027473305e+01 2.699611091894714576e+01 2.455251232614375567e+01 2.706073895854137845e+01 4.705412658219562161e+01 4.977926389275773289e+01 2.976622525702182998e+01 3.977274577326652860e+01 3.733521956453035529e+01 2.100247121420844110e+01 1.976073946902380740e+01 3.646786359291132840e+01 4.846643120056055665e+01 3.985418553179533063e+01
9.434593760442201926e+01 1.010098846226629092e+02 1.044177799515561844e+02 9.131015411141014226e+01 9.131015411141012805e+01 7.637759479254182793e+01 6.233535961763018918e+01 6.585727575563900871e+01 4.591412481270914725e+01 6.585727575563900871e+01 8.067494118721721463e+01 6.137968809718515928e+01 4.987723935021040234e+01 5.570523521419734436e+01 6.326184277225330987e+01 7.321456289566356190e+01 9.301892422972167651e+01 8.969386714658715221e+01 6.964956089256320126e+01 6.549675379390569674e+01 4.545717141313127740e+01 3.649986668760243447e+01 3.964629773260107726e+01 4.952388813717636395e+01 4.702047006881366542e+01 3.211493676770806616e+01 3.338852248818665203e+01 5.334243422681380764e+01 4.977925698180330727e+01 4.391814591910665655e+01 4.977926389275773289e+01 4.782422416025632828e+01 3.971616246496829206e+01 3.983703557256782091e+01 4.816573993780762919e+01 5.257302348102894740e+01 3.415659568244711863e+01
1.025373251711149862e+02 1.044177799515561844e+02 8.507230388025496381e+01 8.862226488291963733e+01 7.157328436505189018e+01 7.776135739545108549e+01 6.962429582121639271e+01 4.969046999535299847e+01 5.347739817814724717e+01 7.338291225831902409e+01 8.849920179066160131e+01 7.409243027661435121e+01 5.450057260830784855e+01 7.455375735426777339e+01 8.311674356269259079e+01 9.133478749309713862e+01 1.012450674009982095e+02 8.382315982094755213e+01 6.377866398878962428e+01 4.960851141769551731e+01 4.142966740816119398e+01 5.653478043867534808e+01 4.860473689598347846e+01 6.798531750201881607e+01 6.051047966499664454e+01 4.106824808236510194e+01 4.046662779487995465e+01 6.038451552656029264e+01 6.978882370166589055e+01 6.392925439541482291e+01 6.978893471312281349e+01 5.680617138640163688e+01 4.852183601263064361e+01 5.680617139159828355e+01 5.257302348102894740e+01 3.257302281660296472e+01 3.624309131997290478e+01
