MOVIE_S13_data/elevation_000047.asc
nrows	150
cellsize	150.0
xllcorner	0
ncols	150
yllcorner	0
NODATA_value	-9999
[rows 51 to 67 of 150, columns 37 to 73 of 150]
4.672875811576285798e+01 4.657419440530014043e+01 3.383103189590075033e+01 5.371881235292148205e+01 4.397970086471720208e+01 2.389532635312314568e+01 4.392974342219957862e+01 5.465925791685246793e+01 4.648480191910962844e+01 2.723963164197824582e+01 4.720273605399378170e+01 5.625923708172717852e+01 6.982224296600864477e+01 7.789243137861654986e+01 5.783482933018014904e+01 5.354838436475264274e+01 7.221724236874361225e+01 6.920394911353925238e+01 5.100638213002475396e+01 3.769933162753341094e+01 5.747706929367738127e+01 5.665653785538037823e+01 6.702369226184092099e+01 7.440525401075875322e+01 8.272635246195321201e+01 9.547418660684230929e+01 9.388968223867037466e+01 1.021140934077122751e+02 1.015253583841468554e+02 1.097293362087500412e+02 1.014637395152928860e+02 8.731712736955130083e+01 8.731712736955130083e+01 1.074053242283462168e+02 1.098307644850545159e+02 9.163892212333404075e+01 1.098307644850545159e+02
6.171793206145589750e+01 4.199624942919903958e+01 5.375982237275876940e+01 5.139965611575657789e+01 3.185279522276517739e+01 2.439082556156830606e+01 4.445168654609689440e+01 4.566208262127413775e+01 2.640828257791858391e+01 4.648481410761331034e+01 5.471381774945671594e+01 6.300011060163209464e+01 7.464612904840549845e+01 8.680060941670150498e+01 7.835165596272923949e+01 6.554504636828234254e+01 7.823367617812851904e+01 5.839986443511995873e+01 4.448656387874434870e+01 5.719927913017954779e+01 3.876222988817951176e+01 3.951543367978079857e+01 5.858381520363123229e+01 5.451240595375363540e+01 7.444277057167907685e+01 7.542349660161393388e+01 7.388566873819907244e+01 9.058988729389572825e+01 8.158510666236801967e+01 9.823950261001702700e+01 1.081716337535545733e+02 1.074053242283462168e+02 1.074053242283462168e+02 1.156103516610343291e+02 1.197802134488840267e+02 1.115726999959234007e+02 1.197802134488736812e+02
5.336373044497351970e+01 5.344402343192850680e+01 6.973363810772495697e+01 5.933997699848171692e+01 4.125819296846126605e+01 3.157375648217348285e+01 2.509327439492976808e+01 2.558982050906553596e+01 4.327985321196026547e+01 3.118387179142489174e+01 3.461337574663137673e+01 4.621224664466100052e+01 6.635506523275067536e+01 8.011857578313029649e+01 9.372902650863521501e+01 8.562195498131008264e+01 7.200342274566905587e+01 5.217287721944165213e+01 6.422597313784241635e+01 5.849558985534400790e+01 5.852679916491278789e+01 5.927087917240241666e+01 4.058380386791480277e+01 6.032658041744294053e+01 6.653403467261541948e+01 6.128563246456208446e+01 6.230464889962638608e+01 7.735607504258965150e+01 7.000073241547485736e+01 8.826975852544644852e+01 8.826975852544644852e+01 1.035502692807858551e+02 1.134883603909103726e+02 1.280233091517319224e+02 1.197984250025736088e+02 1.189159731134062525e+02 1.159906277675141553e+02
6.439942080878442709e+01 7.302030143798148742e+01 8.097180985533501030e+01 6.926103349928959574e+01 6.015558197491557024e+01 4.452804703724457625e+01 4.516627285080399901e+01 2.754954832099041440e+01 2.700149638910951211e+01 4.703168176708719983e+01 5.472560392010732500e+01 4.006664411220499744e+01 5.169293073006133454e+01 7.183795320099972059e+01 8.616878946111299342e+01 9.193509370030160710e+01 7.200342280549395468e+01 5.871864994681359207e+01 7.864580898343606918e+01 7.829648199045070101e+01 7.089273217376567970e+01 5.228032302475888571e+01 4.134236398901322218e+01 5.856219294022584165e+01 4.681646955882396810e+01 4.996110971584288762e+01 5.337229028320499680e+01 5.728709300543377481e+01 6.266287596083148514e+01 6.824292662122151398e+01 7.534764140564024615e+01 8.537919392683504327e+01 1.052950041785189512e+02 1.197984250025736088e+02 1.000085186145609697e+02 9.912474314010590604e+01 9.912474106413444019e+01
8.141854698457972006e+01 9.031797307380357154e+01 8.608767052655844054e+01 7.791082640953612781e+01 7.300198093386546816e+01 6.348204031119566082e+01 5.102090773366257537e+01 3.073283973125748147e+01 4.416837877361808040e+01 2.841698396273146088e+01 4.986600808192035572e+01 6.020715393584193009e+01 4.612596150279118490e+01 5.777801956183794374e+01 7.790685749977672003e+01 9.304026652005356368e+01 8.688866287164670155e+01 6.760005237128773103e+01 8.688866287164670155e+01 9.293931750582697759e+01 7.883536497014591760e+01 6.857732658761771916e+01 6.107621538279897067e+01 4.242043575188977655e+01 6.214119644432710032e+01 6.974309671668174815e+01 7.342022384930496059e+01 7.149741490987830161e+01 7.368801211318810829e+01 8.826975852544644852e+01 9.533709905267700435e+01 1.035502692807858551e+02 1.134883603909103726e+02 1.197984250025736088e+02 1.000085186145609697e+02 8.581136220415915261e+01 7.906377651952054464e+01
8.983869321541855868e+01 8.608805183820020090e+01 7.468665484825044132e+01 5.816047152983614410e+01 6.302912971478959037e+01 5.526441473215118805e+01 3.527528010300898131e+01 5.102006209740063980e+01 4.927131236469879383e+01 2.942936008740551657e+01 4.361465402298041028e+01 6.382785135834423329e+01 6.628546749783347991e+01 5.304280354532008346e+01 6.470844080203259807e+01 8.479726858298727166e+01 9.580916871401720414e+01 8.174516762811063586e+01 9.580916871401720414e+01 8.479952077692499302e+01 6.482371083871370843e+01 5.378528879448971622e+01 6.259669339226338991e+01 4.320705776484828675e+01 6.291750086623550686e+01 7.464104119758422939e+01 8.293895998024770222e+01 9.150013179231588367e+01 9.367708342284483081e+01 1.018974907345762944e+02 1.082464189464349147e+02 1.164308422168058428e+02 1.116562053685377407e+02 1.198408021209397276e+02 1.138571141909392850e+02 1.057167421987771974e+02 9.143000645824774608e+01
9.138034376083481902e+01 7.791082119876516288e+01 5.816047153069188624e+01 4.671402521010685405e+01 4.318237624979701650e+01 3.979836255487126095e+01 5.526441473286764960e+01 5.510882057534086442e+01 3.088818295344440301e+01 4.071691689555880345e+01 4.708565600042300048e+01 6.549204243572678763e+01 8.147384710495140325e+01 6.732160552393440867e+01 6.208184775837603553e+01 7.373470592519045397e+01 9.374706977448259693e+01 1.016734069841762107e+02 9.685878996025918752e+01 8.056225123309039304e+01 6.058196303434198171e+01 6.709497346486323011e+01 4.791815100902427105e+01 4.399504066318726814e+01 5.975617969879030511e+01 5.483215333647773093e+01 6.464351510866896433e+01 7.878029780680525107e+01 9.886073989635811188e+01 1.049797486050184290e+02 8.838150587108246725e+01 1.049797486050184290e+02 9.181757636103726838e+01 1.063688901495914791e+02 9.813263965329571192e+01 9.443048920027389670e+01 8.652176443655032756e+01
8.360151725833065939e+01 6.394381521814587188e+01 5.257780073750999605e+01 6.650796863474080567e+01 6.302912971478959037e+01 5.131143862512929132e+01 6.789444243707771420e+01 5.205622982258147857e+01 3.192587500394589028e+01 5.121985859071329372e+01 5.956652619092506740e+01 6.723925788278722848e+01 7.557051961987242805e+01 8.738821189954323643e+01 7.111675027617117451e+01 9.044216773453449321e+01 1.019686113623897086e+02 1.026844225741390630e+02 8.297740205201127139e+01 6.869498374809720076e+01 8.056225123309039304e+01 7.556384881567784362e+01 6.117771340835702176e+01 6.369727232536538963e+01 4.513067784367451196e+01 6.482094701579480045e+01 8.293895992164048891e+01 9.294535755892520967e+01 9.937454486018695832e+01 9.677740603495168159e+01 7.678999976079857959e+01 8.609368798807497569e+01 8.024968155744916487e+01 9.813265045415997179e+01 7.808093954721957175e+01 8.395389506370418076e+01 6.649953284319043689e+01
6.915581328251259663e+01 5.953647258509597151e+01 7.226724867429108201e+01 7.226724867429108201e+01 7.933502275916188751e+01 7.114044946480845510e+01 7.193622574722461138e+01 5.197688988627416506e+01 5.189629891186510235e+01 3.340770950930237859e+01 4.345190434071233199e+01 4.702869537395071831e+01 6.131133487734638265e+01 8.155054887309447054e+01 8.273128871360000858e+01 9.937969588568705603e+01 1.114159771494033606e+02 9.191600411315690167e+01 8.039806703567946045e+01 8.874945472596009211e+01 9.685878996025918752e+01 8.921120527302130654e+01 7.760450875244121960e+01 6.466381879317536630e+01 4.593776863021663814e+01 6.562160734766001724e+01 7.459154897432537723e+01 7.929925562940371719e+01 7.932719057066699975e+01 9.243799621689002777e+01 8.609368798802033496e+01 6.600900286335648559e+01 8.609368798807497569e+01 8.978035255495740330e+01 8.151978150946020207e+01 6.380927919211988097e+01 8.167092233906271304e+01
8.501787170443788000e+01 6.542169333192583736e+01 8.501787170443788000e+01 9.196550296355231069e+01 8.523933713202964668e+01 7.672324272686526569e+01 6.846970307121064536e+01 6.427729401906515250e+01 5.455559233072412439e+01 3.446278228065895632e+01 3.801761617347327871e+01 6.418530012748499303e+01 6.723926341081538283e+01 8.741435647529579001e+01 1.026590238590503787e+02 1.108653978404455103e+02 1.194596589296433393e+02 1.082150089376859938e+02 1.001576624677360314e+02 1.062421849235696385e+02 8.624719948946292902e+01 8.292836221585756107e+01 6.999580003640608084e+01 5.019924855588827484e+01 6.562156705301994464e+01 4.711457571404395139e+01 6.285749341609281515e+01 5.921899445726850075e+01 7.522762378901866498e+01 7.361079562050804270e+01 7.490844689399244771e+01 6.080226818341650841e+01 7.751484180605963559e+01 7.915385642054712889e+01 6.137603638558891106e+01 7.987738319716244462e+01 7.055045393949757226e+01
9.196867160315156298e+01 7.230884063094678993e+01 9.196867160315156298e+01 9.137514578634602458e+01 7.083041127394724867e+01 5.572616709349302511e+01 4.721124210078343708e+01 5.608970965532010666e+01 3.598701663204924017e+01 5.456543768830260888e+01 6.097246914631321602e+01 6.808896523200461104e+01 7.336347475580690514e+01 7.819280506062857228e+01 8.641200466578575856e+01 9.530606059738377667e+01 1.067591008210198567e+02 1.133860128351156646e+02 1.018687752970770362e+02 9.290166320793805710e+01 8.463235454715405126e+01 6.614022897799684131e+01 5.466970812204973384e+01 6.999580003640608084e+01 7.507662438322596188e+01 6.679842088370607200e+01 4.828294753219127955e+01 4.947917149671636849e+01 6.570571363318276781e+01 7.192140028316264022e+01 5.438001201514840233e+01 5.584090759074613430e+01 5.740657631498899605e+01 5.901461194514996578e+01 7.915385642054712889e+01 8.135339328945066484e+01 9.063020921771372684e+01
1.001102517996820751e+02 8.364836297195422787e+01 1.001102517996820751e+02 9.724186235074466822e+01 7.684782469495156931e+01 7.269049780026377050e+01 5.844851541518243465e+01 3.757920364468253638e+01 5.034280564522543244e+01 4.138920718618373229e+01 4.526064573556107717e+01 4.927887869428217016e+01 5.348137910860742039e+01 5.828096608976881754e+01 6.718058621514299489e+01 7.870499626898205747e+01 9.857222998830867766e+01 1.051771040321345652e+02 8.517465762049285161e+01 7.351227706136688766e+01 6.448570267719719595e+01 5.991035817386163131e+01 6.614022897799684131e+01 8.292836051643170947e+01 7.019400802808702622e+01 4.985521131537375084e+01 6.716657722312776002e+01 6.920581638509413835e+01 5.116978681160575348e+01 5.236229890690749045e+01 5.465589981391464391e+01 7.456495115959191367e+01 7.751483843909701932e+01 7.328135730562999584e+01 8.742132817977780235e+01 1.009747068616590724e+02 1.061594569571762037e+02
1.114672751312990613e+02 1.033344245606938898e+02 9.994632134510918320e+01 8.813960189232528819e+01 7.876765185341719189e+01 6.409365412103136350e+01 4.293439422770387637e+01 5.785418561265612425e+01 3.927521514108088496e+01 5.902302528254317338e+01 6.513227673975832488e+01 6.912459772114887357e+01 6.494841114124770343e+01 7.819280506062857228e+01 6.823445332238767946e+01 7.975733413356512358e+01 9.961733168353104872e+01 1.077544865862193149e+02 8.777758811751324686e+01 7.351227706136690188e+01 8.463235454715405126e+01 6.698976262415699523e+01 8.624719946134892723e+01 9.451045698272385209e+01 7.860617728886339250e+01 6.937505283330847305e+01 5.141717732294407739e+01 7.119594008548000375e+01 7.258110002998699883e+01 6.646348711365935458e+01 7.370271326077367746e+01 5.807637710075905346e+01 7.807257681237672386e+01 8.985706821228443175e+01 1.015610926988547078e+02 1.008973362111668308e+02 1.090104534330744741e+02
9.350575241031268092e+01 1.079823824263992265e+02 9.169679993791935146e+01 7.102588314959656657e+01 5.850289365205564707e+01 4.886913153580750446e+01 6.409365412103136350e+01 6.021582366299158195e+01 4.047579479866617902e+01 6.021580863218326130e+01 7.587355996777817779e+01 8.427276873333666174e+01 8.485866568466198601e+01 9.306692147428871920e+01 7.975733413356512358e+01 9.635363229662277718e+01 1.078033843541471128e+02 1.077544865862192722e+02 8.777758811751324686e+01 8.517465762049286582e+01 9.539272632771353244e+01 7.602368420618370237e+01 9.539272632771353244e+01 9.969010891646541950e+01 8.647880378892544684e+01 6.651246082102825596e+01 5.251979311584098298e+01 5.941590983619213517e+01 7.971243128935890354e+01 8.702892451536482099e+01 8.569276255774501294e+01 7.807255251775953298e+01 6.169311411387700161e+01 8.169420401257906406e+01 8.843408068464361804e+01 8.119119894900184420e+01 9.516993492383986109e+01
8.525057953939834476e+01 9.981833578768524262e+01 7.963866931682531458e+01 6.737219201027947690e+01 5.645154252195666089e+01 7.025488215179598228e+01 7.276893590828318281e+01 5.308938933427397444e+01 4.168137533750199708e+01 6.131596646050904553e+01 5.590782578196398589e+01 6.993138002634273676e+01 9.011884151534646037e+01 9.393641450118292369e+01 9.961733168353090662e+01 1.078033843529504026e+02 1.098788980756870188e+02 1.159599624760957965e+02 1.077544865862192296e+02 9.935930066518341164e+01 9.611812208709299910e+01 9.611812208709299910e+01 1.043504298078585322e+02 9.154521231207945675e+01 7.160428521167787608e+01 7.355114343586824077e+01 5.364487224658353881e+01 7.263558482557726848e+01 7.089738372929342347e+01 8.213813562921909295e+01 1.007560067893499678e+02 8.985726227564975943e+01 8.169420401258210518e+01 6.550841739599998448e+01 6.852220572154620015e+01 8.843408068469572925e+01 9.960002372068177579e+01
8.265645918413535753e+01 1.016200455867802077e+02 8.164512907842551215e+01 6.675663011113950063e+01 7.776989596442841446e+01 8.614430208817132950e+01 8.090665542933393795e+01 6.956665577341911444e+01 6.141452061209211166e+01 4.341063923048279349e+01 6.283269172634951616e+01 7.151464903040590571e+01 7.552583836210395418e+01 7.399359603197945034e+01 8.467134112157700088e+01 9.002148777728511675e+01 9.002148777728513096e+01 1.048773284356293232e+02 1.137444160148737780e+02 1.192225238238477942e+02 1.160270357090929707e+02 1.143075638697495151e+02 9.490496296108510421e+01 9.490496293840345743e+01 7.526403148499684903e+01 5.526961158456914092e+01 7.355438046055351720e+01 8.132539515286495657e+01 8.998906645820672168e+01 9.773994634737697140e+01 1.085043370794607540e+02 9.942187717719664874e+01 7.968499452214162204e+01 7.373487230474810872e+01 8.843408068434773384e+01 7.327237840478169062e+01 7.995164129473602088e+01
9.091564393601511540e+01 1.031197714129564389e+02 8.370850771568697724e+01 8.164512907842551215e+01 9.567913562587698095e+01 9.235269583999648546e+01 8.257142752526405616e+01 6.836305436564164495e+01 5.030835481394061759e+01 4.465272444060286006e+01 5.620995440119305897e+01 5.192095864570114827e+01 5.586084629944420499e+01 6.001339693738867709e+01 6.472940972401138993e+01 7.000307202263110185e+01 7.669637329105336221e+01 8.570422305334656699e+01 9.978540721253465051e+01 1.195246842017621844e+02 1.238484963163826365e+02 1.086593335236119486e+02 8.920771613218119001e+01 7.513133625182284447e+01 7.648329596354484750e+01 5.644340117851821503e+01 7.648715445577997230e+01 8.752445009008434340e+01 9.353578918751541948e+01 1.005417421183140902e+02 1.086474514129962188e+02 1.075407659241190430e+02 9.942187717725104790e+01 8.268638440620445351e+01 9.934618620203184491e+01 7.962502570087016807e+01 8.038308564369236819e+01
