MOVIE_S13_data/elevation_000966.asc
nrows	150
cellsize	150.0
xllcorner	0
ncols	150
yllcorner	0
NODATA_value	-9999
[rows 17 to 33 of 150, columns 74 to 110 of 150]
9.606292665436230038e+01 7.616843614588414368e+01 7.399581670755478058e+01 7.635188858921988242e+01 8.000016744677324709e+01 6.337297914375863428e+01 4.904745990589024984e+01 3.880862724330487623e+01 3.195332689389525171e+01 4.366676240088540339e+01 3.895751573462743522e+01 1.855407165445567941e+01 3.298214502935621795e+01 5.338333673149993075e+01 5.854572656317337476e+01 4.605479247140522858e+01 5.191509945911865032e+01 5.870396784069325236e+01 6.898105527093740363e+01 9.005773808233729483e+01 8.652721856268125578e+01 6.823926373649568689e+01 5.915885055029882977e+01 6.442527811996426124e+01 4.551566483834577070e+01 5.900349686384667791e+01 5.088876390333628308e+01 3.134058635638445267e+01 4.339070975695692312e+01 2.390311171988389560e+01 3.996127850952133542e+01 4.744558481880199707e+01 3.977577090806992999e+01 3.150334066321341098e+01 1.188066440619296849e+01 1.338645338043979294e+01 3.448945115589967259e+01
9.978557776025246540e+01 9.606292665436230038e+01 9.387789691045990992e+01 9.623314680226992834e+01 9.187059181498359806e+01 7.762178547937105577e+01 6.751923578895089406e+01 5.915714309953238370e+01 5.237430448078986700e+01 4.972730834885805962e+01 2.741417509401233588e+01 1.968438527327906229e+01 4.011586507015537251e+01 5.023049681305082004e+01 6.305389724074215252e+01 6.533974450640495490e+01 6.117658935107645846e+01 7.552042052393967708e+01 8.259360346839902434e+01 9.810243205606639094e+01 9.441611139740582814e+01 8.414943249940658632e+01 6.667080192916840531e+01 7.232312760681745090e+01 6.415605265274447788e+01 4.464998975463065989e+01 3.885182879041435200e+01 4.700689096928461908e+01 2.743652092716914126e+01 4.339071067366701584e+01 5.146802170282969513e+01 4.050951753483771256e+01 2.652845435982494848e+01 1.273622281611777218e+01 3.150913674852573720e+01 3.448847687925661631e+01 2.028674973357574629e+01
9.978557776025246540e+01 1.012806808439864881e+02 8.974355871472333490e+01 8.147688468449565846e+01 8.407212483542092230e+01 8.411484249429194904e+01 7.583414654271749100e+01 7.583414576467954760e+01 6.761069082932543495e+01 5.276090708468768753e+01 4.192423265731280679e+01 2.160736944623752009e+01 2.168420310420660968e+01 3.588834925048583102e+01 4.389188638788049701e+01 6.366505882309385811e+01 7.874068653764345527e+01 8.619915684457677685e+01 8.561176856157520376e+01 9.564804478313793368e+01 9.557270584270304425e+01 7.986174339043363091e+01 8.415964166048152606e+01 7.448835232626063885e+01 5.420721859281315602e+01 6.468638940350064104e+01 5.865394679452198545e+01 4.343698647714919758e+01 4.125501714532701669e+01 5.506733741842937491e+01 5.067360350166921990e+01 2.869398207501666320e+01 1.359320553059599135e+01 3.230633469298986427e+01 4.046987871315160135e+01 4.865819170680896377e+01 3.241859860566559348e+01
1.080358042963820964e+02 9.302835907663401827e+01 7.302061852711956647e+01 6.142074305274578450e+01 6.402612994744123398e+01 7.583414654271749100e+01 5.570117743412879463e+01 5.570117743379371689e+01 5.614586332492506671e+01 3.893531784155289444e+01 2.439205357890375936e+01 4.207738107623306689e+01 4.203616610630766814e+01 2.370786995127303598e+01 4.409717724871330091e+01 5.719539516880188046e+01 6.936390778649472111e+01 7.781832804284479721e+01 6.320758242631634261e+01 8.091534998954698210e+01 9.321024815979862410e+01 9.361217691992411005e+01 9.516436298687109741e+01 7.082913138898506134e+01 6.753661258802044642e+01 8.278996451092166353e+01 7.092912789918921135e+01 6.288462450075341792e+01 6.039952049577588866e+01 6.018822058266767527e+01 4.147263816910970036e+01 2.880433374952967185e+01 3.137365923858437000e+01 1.446677140011618867e+01 2.870961076555626335e+01 4.986336222816818520e+01 4.650826129666592124e+01
1.007897181830274604e+02 9.561961926702194603e+01 7.561877221137029892e+01 6.142074305274577739e+01 4.974199059494377195e+01 6.166926980594916330e+01 5.790057245928436203e+01 4.128432667736242223e+01 4.778249387665021430e+01 2.727417397181005398e+01 4.489657274706988943e+01 4.671644749713886569e+01 2.598150342446023231e+01 4.331759328660010766e+01 2.828407804710924722e+01 4.881390216868908993e+01 4.895492474005037309e+01 6.161565627907371123e+01 5.090978133849719001e+01 6.169969977865897448e+01 7.928306146038933377e+01 1.025664652078949928e+02 1.051131690544590498e+02 9.337758830535973686e+01 8.663280305219386435e+01 8.383481552261375214e+01 7.399856297303625752e+01 6.582705547191449114e+01 5.930607497180650256e+01 5.334003968771939697e+01 4.869476237072942126e+01 3.872975102668310399e+01 1.893162007505565470e+01 1.509489517523020119e+01 2.914665968431022236e+01 4.927320476315432529e+01 6.683791449160365516e+01
9.252359876702227837e+01 9.488777981946398654e+01 8.487348192635727173e+01 7.659210248494206041e+01 6.166926980594916330e+01 4.137423679149908651e+01 3.752429958537430110e+01 3.385570188074440523e+01 3.025053943770067377e+01 4.778249550522873790e+01 5.614588093171003180e+01 4.810331385245916636e+01 2.758796454925511554e+01 4.799984897688060670e+01 4.881092576973514952e+01 3.321865943642671937e+01 3.689510903639802564e+01 4.096176133996155500e+01 6.161565627907371123e+01 7.627135359556304195e+01 8.508888902892456940e+01 9.615529330679933651e+01 9.966904569195598640e+01 9.140025002876332394e+01 9.140025002876332394e+01 7.564039699022090701e+01 5.601371405130107206e+01 4.626411400980158106e+01 3.971721514352360316e+01 3.374671774309485528e+01 2.904895004213627629e+01 2.468797418710856206e+01 3.568018797041581536e+01 1.574417696543043732e+01 2.983062398811662774e+01 4.996686058614509562e+01 6.077551995992475042e+01
9.401578340711715498e+01 8.660855343323461852e+01 6.657823631230489525e+01 5.650983815205708538e+01 4.974199060657542759e+01 5.577918921496846139e+01 5.790057245928436203e+01 5.349828384712093055e+01 3.304141980502945586e+01 4.757439167066212349e+01 6.779982472070729216e+01 4.980547516204461544e+01 2.920391125886239791e+01 3.365053979647498750e+01 5.428753675320027838e+01 5.387582516251080733e+01 5.758099520062646093e+01 6.161565627907376808e+01 4.889160572488002998e+01 5.577405807740672117e+01 6.594309639544540858e+01 8.687392775095089803e+01 9.140025002876332394e+01 7.170657089293558784e+01 7.170657089293558784e+01 8.383481243187469545e+01 7.399856297303625752e+01 6.582705547191449114e+01 4.979960042562544231e+01 4.770060372750369737e+01 4.876463528084074994e+01 3.838294043440996717e+01 2.972779046843925244e+01 1.640458018148158814e+01 3.636864561163613274e+01 4.433726051603964891e+01 4.210300550705601808e+01
9.056785981144051334e+01 9.488604895913340442e+01 8.488185808972194479e+01 7.659327821441733875e+01 6.402618719158233773e+01 7.588914223149856753e+01 6.899491910205838963e+01 5.635614764288083478e+01 3.594693360346785482e+01 5.044554450484076824e+01 7.062560586214041791e+01 5.165226082443240330e+01 3.097544359665001323e+01 5.165073802752226584e+01 4.047867464595907450e+01 6.091579095869033722e+01 7.621990240711780018e+01 7.795069822956980943e+01 6.073937127542905756e+01 7.627135359588702102e+01 8.508888902892456940e+01 9.543840690580809394e+01 8.849259812118557988e+01 6.916672307017088883e+01 5.825399379496420238e+01 6.929307529222387529e+01 7.590994443868301289e+01 7.759280786116217143e+01 6.941891379360488656e+01 6.772683003500112875e+01 6.401392627247574296e+01 5.592281061097649086e+01 4.465898653646945604e+01 3.636864564043396797e+01 1.735606976511564170e+01 3.084830619000693019e+01 2.209593829916520491e+01
9.883196835231662192e+01 1.063414362759138783e+02 9.480435060902574662e+01 8.653844151300096144e+01 8.407525710771656691e+01 7.363277909477751848e+01 6.068772191287997941e+01 4.037085599797129731e+01 5.044554450484326935e+01 6.467961142864638191e+01 6.790432598437618594e+01 4.757408306093243766e+01 3.280747093983903540e+01 5.352867333823957097e+01 6.091579095869033722e+01 4.786106470353490039e+01 6.220337261570071519e+01 8.209651570853586122e+01 8.147690184888996612e+01 9.055614175491783158e+01 9.486977684465780669e+01 9.279522156858480741e+01 9.680590438299356038e+01 8.568780829244572317e+01 6.929307547372847864e+01 5.054943534650632131e+01 5.670402643036791801e+01 6.293533308840324736e+01 6.313618180749540443e+01 6.290619956947798386e+01 6.256038760908236185e+01 6.488904051953043961e+01 5.126038928791897575e+01 4.294556860396567544e+01 3.512940652280934017e+01 1.831990897876233504e+01 3.833760666225963121e+01
1.088182483852271787e+02 9.809012694602726867e+01 7.808238755292653366e+01 6.648332223818869124e+01 7.495952378260697913e+01 6.533272955988971376e+01 4.510697433318765803e+01 5.472235448729625062e+01 6.899491910207201784e+01 7.891368024012474791e+01 6.977186661718940286e+01 4.949756719234171243e+01 3.472396795733132535e+01 4.958926935658594459e+01 7.058472311496643670e+01 6.803429506968097940e+01 5.657618806486297558e+01 7.074458480868460697e+01 9.043316298010613252e+01 9.486977684465780669e+01 7.512910056806423142e+01 7.298266335215232914e+01 8.460960964721896005e+01 7.621210842104370897e+01 7.293780288380503407e+01 6.232951807684310097e+01 4.384859053747857160e+01 3.950720448507150451e+01 4.318664133637400937e+01 4.509207971052092745e+01 4.338054469575877903e+01 4.726933354498194717e+01 3.762917964172420682e+01 2.375328931369232421e+01 3.571335007041616194e+01 1.903067892358503599e+01 3.679439380653347769e+01
1.136913404102929661e+02 1.021977595698182597e+02 9.220041794196461638e+01 7.495952378260697913e+01 5.484811220731128145e+01 5.030514742224181646e+01 5.665017053066225117e+01 7.292815113262254556e+01 8.240229730436060152e+01 7.954789218100651738e+01 7.126789255652413146e+01 5.737809403343967318e+01 3.673092774608395672e+01 5.145664154233551102e+01 7.167215117470520624e+01 8.467589215244902334e+01 7.075006554830606831e+01 6.926772540670626199e+01 8.906440427823795858e+01 9.279522156858480741e+01 7.298266335215232914e+01 5.948086105225700493e+01 7.015453279063548564e+01 5.745298785570125943e+01 5.287358399576724111e+01 5.998849802664607012e+01 5.715528776169396963e+01 4.671039077495443337e+01 3.341611660990613331e+01 3.152812967557355250e+01 2.967069299760359868e+01 2.791451667504042788e+01 2.617674305162401893e+01 4.134708479718042895e+01 2.137209820812450189e+01 3.219771483206317697e+01 2.015729708564713007e+01
1.053949296226158907e+02 9.394537226742575342e+01 7.392100733831595960e+01 6.386746257418089812e+01 7.495952378260697913e+01 5.671755840143534755e+01 7.560021116571267896e+01 8.416329322582340922e+01 9.110180525217255365e+01 7.126819869933780183e+01 5.113757515107410967e+01 4.491585481291686222e+01 3.880066221318009667e+01 5.934618299584935386e+01 7.167136761780527365e+01 8.322438743791666127e+01 9.053140321535407509e+01 8.330865275949300042e+01 9.714136090215339436e+01 9.867488621753864209e+01 7.878235184352107012e+01 7.015453279085846816e+01 5.123742573466026329e+01 4.610607591698681773e+01 4.358685048719379296e+01 4.111219094411062258e+01 3.864382487038581360e+01 3.643196325856651896e+01 5.257026029287478508e+01 5.074296663036653854e+01 3.564527481598693726e+01 4.726717185681975764e+01 3.751331472259234801e+01 5.035046525901385905e+01 4.260125090271536408e+01 3.636033195023209430e+01 2.095875984290100291e+01
1.053949296226159191e+02 1.021977595702051644e+02 9.220041794329701190e+01 7.547270183097934648e+01 8.342286717981586719e+01 6.343719529062053653e+01 8.342286717981588140e+01 9.438360807957224097e+01 7.438106582500921604e+01 6.280061369466608312e+01 7.126789255652413146e+01 6.231846571199797324e+01 4.193613630383874380e+01 4.316028804837208810e+01 5.495513333710502479e+01 7.491606512716555244e+01 9.341138535523559483e+01 1.029600176564415221e+02 9.891750770620913613e+01 8.892249740242814937e+01 8.057268438846480763e+01 6.913102611567016709e+01 5.030674307296612113e+01 6.491557356306172721e+01 6.241887509253329824e+01 4.585838181191603979e+01 5.760205529747468489e+01 4.989203643200829674e+01 4.989203643200828253e+01 5.119683007214512571e+01 5.470681897023182927e+01 4.667542643625108667e+01 5.679341865844035198e+01 6.504921463664733494e+01 6.208699090390764042e+01 4.037553020650762647e+01 2.176541593818051012e+01
9.816698763369733172e+01 1.064840337958363392e+02 1.037408349734188562e+02 9.549043130088726627e+01 9.165431024922753522e+01 7.346553095239229947e+01 9.165431024923830705e+01 1.026374090812299329e+02 9.110180525217255365e+01 7.936941184318439468e+01 6.662975966806489225e+01 4.641228048554491892e+01 6.231937871112926075e+01 4.636234556506630611e+01 6.645478208172319512e+01 6.520395275011388492e+01 7.924190183183577574e+01 9.926259150567297240e+01 9.051691606982680582e+01 7.102475832615024842e+01 6.144958243011298293e+01 5.461480525493247029e+01 6.919132008130588929e+01 7.375525749067378456e+01 5.462635730472342743e+01 6.473780746525639529e+01 6.118170293704974938e+01 6.893991569542825459e+01 6.075192282501540575e+01 6.461012006589845669e+01 7.375891693418559214e+01 5.752756620359780726e+01 7.375891693418616057e+01 6.172475437179913627e+01 5.095164461374744747e+01 4.276717031595219964e+01 2.264326370252390319e+01
7.799688277486154675e+01 9.485420309100035752e+01 1.064840337952665408e+02 1.121635386518091053e+02 1.016020839675816347e+02 9.338020340723937807e+01 1.016020839673413718e+02 9.548198880994871729e+01 8.718922238012073933e+01 7.107317818817593036e+01 5.095474517421978078e+01 6.662975966806428119e+01 7.472982725775823099e+01 6.062031598159859413e+01 5.107622817036673979e+01 7.103322539862709561e+01 8.869841582406490943e+01 1.002419787939066538e+02 9.864340404769740189e+01 8.875497809756247136e+01 7.738957462787963948e+01 5.805727709761243460e+01 7.738957462787963948e+01 8.200500684024463283e+01 6.298092854767314464e+01 8.200500684024463283e+01 7.474850700658200253e+01 8.841661119319476825e+01 8.012492196166039093e+01 8.410519092430469357e+01 8.495689260113445584e+01 7.676862685464199387e+01 6.801267857884184309e+01 4.778556360952855897e+01 3.385872974233152632e+01 2.388816960483678642e+01 4.277015354311190976e+01
6.621741725992305305e+01 7.799688277486154675e+01 9.816698763369730329e+01 9.213588686471257461e+01 1.006020014895539845e+02 1.088641338975221231e+02 9.875275975769818615e+01 7.872412550451220170e+01 6.716527916461816972e+01 5.957473800388308405e+01 5.486681928071057968e+01 7.493537318877044129e+01 8.883933852794697827e+01 7.517732187004872912e+01 5.530293316268443959e+01 6.053272001785179413e+01 7.196613970410763272e+01 9.191527668773571236e+01 9.909036560379365710e+01 6.927386120397726188e+01 6.670652115370609181e+01 6.288469403095087529e+01 8.243829188413393183e+01 9.080317307162950158e+01 7.662578083140105889e+01 9.080317307162950158e+01 9.459243205455824466e+01 9.349790779180995060e+01 8.503361842985749774e+01 8.534267162637294746e+01 7.687643466080554333e+01 6.752920100789923197e+01 5.890194561912485227e+01 5.618468424331943822e+01 3.852061927012346843e+01 2.477300333190460080e+01 4.548303444087189717e+01
7.694757804059086936e+01 9.480727974906160682e+01 9.192752350793981009e+01 7.783474123687247470e+01 8.045910121612689636e+01 1.006020014895539845e+02 1.070432043263636217e+02 9.548198880995381899e+01 7.962088323510657517e+01 7.962088323510657517e+01 6.308375688718631125e+01 6.140364785092451427e+01 8.143411482685034741e+01 7.950299766175444915e+01 5.968026100829763436e+01 7.950299766175444915e+01 7.454642806627410323e+01 9.452370523768566102e+01 9.910076539456460409e+01 7.894605382701867313e+01 8.666405860684736240e+01 6.888799066495660384e+01 7.875802703590250076e+01 9.881359257706526478e+01 9.658558700523269636e+01 9.220766728500056786e+01 8.372438648726237886e+01 8.503361842985749774e+01 6.454339907742043181e+01 7.054484537774943931e+01 5.652739671226269991e+01 5.753705794544857355e+01 4.094882694910333498e+01 5.312007688244292325e+01 4.575219881454243875e+01 2.566054972413606805e+01 3.162744462733425976e+01
