MOVIE_S13_data/elevation_000322.asc
nrows	150
cellsize	150.0
xllcorner	0
ncols	150
yllcorner	0
NODATA_value	-9999
[rows 34 to 50 of 150, columns 37 to 73 of 150]
1.227261762585946485e+02 1.144802090588518126e+02 1.177059534894310389e+02 1.094700445791813905e+02 1.142135506715462014e+02 1.155125956574377568e+02 1.141936135923166802e+02 1.146475637274992039e+02 1.064181588155636575e+02 9.473361044979856160e+01 9.689037600214786039e+01 1.166535740453283267e+02 1.140075317891161433e+02 1.057326885126308014e+02 1.140075317891161433e+02 1.082005458749935940e+02 9.998294893264042571e+01 9.247996678691878003e+01 7.676551970753719445e+01 7.458590911650111366e+01 7.583101752623434777e+01 7.178161752628143688e+01 5.183473225978551824e+01 6.472942298808993655e+01 5.755282974735268908e+01 3.757868676188039814e+01 4.258922954799600546e+01 4.766593593592052969e+01 6.760788771887750670e+01 7.566107889398151087e+01 8.390098504137843349e+01 8.669954693026627979e+01 7.674164842851699575e+01 6.849847194523147209e+01 5.505965499762594106e+01 3.509232238617956767e+01 5.505965499762594106e+01
1.112974781798099855e+02 9.473169754124603514e+01 1.062987892939134724e+02 8.976422179826737135e+01 9.446984499526305967e+01 1.142135506715462014e+02 1.233609215162463215e+02 1.064181588155636575e+02 8.672988895188976244e+01 8.087075816578925469e+01 9.249644968512909315e+01 1.122269671078700526e+02 1.125290929021441855e+02 1.147016960748651684e+02 1.139915763944882485e+02 9.418038544771081888e+01 8.013192408370306907e+01 7.256410873165927455e+01 6.621309160420295825e+01 6.042553159505844462e+01 5.585196849798830954e+01 6.966520256833196356e+01 6.472942298808993655e+01 4.481434707808652718e+01 4.022383475802397612e+01 5.167413906169380056e+01 6.252361314014534344e+01 5.520749838102072005e+01 6.395209849307681083e+01 8.387428581666675598e+01 9.253371859039992842e+01 7.263413805254482725e+01 5.853435667708112078e+01 4.856381187055626469e+01 5.642371852860534887e+01 3.642807003305706104e+01 4.026812242390452923e+01
1.030784006180676045e+02 8.339798956020257492e+01 9.171590999604677563e+01 7.843148721137836787e+01 9.114152952675303254e+01 1.108720821580580633e+02 1.093589680498906063e+02 9.535701458353499049e+01 9.249644968512907894e+01 7.281592663186947334e+01 9.249644968512907894e+01 1.067875876029557531e+02 9.280112007028010623e+01 9.495588584394252507e+01 1.147016960748651684e+02 1.082005458749935940e+02 9.998294893264042571e+01 9.247996678691878003e+01 8.618201948579554994e+01 8.041748654186267231e+01 6.966535154136850849e+01 4.973061939096996298e+01 4.690210635296065789e+01 4.411615342856817534e+01 4.325096334838701040e+01 6.314106288401892186e+01 7.912893761749403154e+01 6.673056935610388507e+01 8.340792739874100903e+01 9.210929862214777586e+01 9.157344412345081253e+01 8.366467994587698342e+01 7.674164835147011843e+01 5.853115569889472880e+01 3.854909169272032443e+01 5.642423508403268784e+01 4.352821722442848795e+01
1.032084687904168732e+02 9.171590999604677563e+01 7.199975352832797171e+01 7.141943986641581432e+01 8.537321816570197086e+01 1.050674650465932842e+02 1.011446877699813172e+02 8.144924305030484390e+01 8.741494766852635223e+01 6.766183517937159309e+01 8.741496048313399569e+01 9.857930953366916071e+01 7.893549524482011748e+01 9.857930953366916071e+01 1.076680242781273051e+02 1.175455381968643422e+02 1.106899115831961637e+02 9.922885160152161177e+01 9.100661430159145482e+01 7.543264416556358753e+01 5.545415647111739332e+01 6.966535154136850849e+01 6.681752953440943088e+01 6.402881257792955694e+01 4.632356975586628067e+01 6.623391931920288300e+01 8.078971147191543878e+01 8.667650038598013396e+01 9.491360249970094287e+01 9.698622765418109282e+01 7.814671421367403070e+01 6.478501840861895289e+01 7.476472214597635002e+01 6.282098420893655799e+01 4.328986292268948688e+01 4.086101539579917130e+01 6.104396423336026345e+01
9.500561866886538098e+01 7.525120600262374637e+01 6.532380961843229272e+01 6.585978731418349241e+01 7.990009602443984704e+01 9.960526374192410515e+01 1.003651243569721174e+02 8.062739239530674240e+01 6.894330158930813468e+01 6.294485137995897617e+01 8.166494073525227293e+01 8.527758385284457177e+01 7.234086618065347807e+01 7.981049526474153311e+01 8.960770990405104897e+01 1.093064580803137318e+02 1.024681843158305696e+02 8.261616271666044042e+01 7.107778320911835124e+01 6.439328837868436040e+01 6.121384576361597851e+01 8.120302243024117672e+01 7.270806546564708128e+01 5.275340688444301662e+01 6.623391931920288300e+01 5.258991652865441324e+01 6.670251115872829928e+01 8.664637468521711128e+01 1.001394161389717823e+02 9.698622765306774340e+01 7.814671421367403070e+01 7.476472214618564749e+01 5.562311757060572859e+01 5.033661374423087409e+01 6.217890971853110926e+01 4.250712221839376070e+01 6.243145895117023514e+01
8.092803691145516609e+01 7.887620826864367984e+01 5.896882970700796278e+01 7.887620826864367984e+01 9.385786746271705283e+01 9.316565999661875708e+01 8.497219208385652678e+01 8.062739239530731084e+01 6.080865969212517541e+01 5.837773963873524252e+01 6.183733158491481419e+01 6.549032257563391113e+01 7.951070096583161728e+01 9.920007073128870445e+01 1.076680242781273051e+02 1.175455381968643422e+02 1.072098571579780923e+02 8.736501856970615165e+01 9.059929455588567748e+01 7.066679134213356406e+01 8.120302243024117672e+01 7.977105800264223490e+01 5.979389832912501390e+01 7.270806546564708128e+01 8.009411382828386650e+01 6.011821443860318226e+01 6.198919629577988388e+01 7.199813014453346227e+01 9.191528899168341127e+01 1.050001736972338051e+02 9.698622765306082272e+01 8.264396886617019788e+01 7.476472214610663514e+01 6.964891313503552794e+01 6.407322988174355771e+01 4.416838965459735533e+01 6.404480271948358450e+01
6.862361412580727915e+01 6.106881870351337938e+01 5.550876697139391069e+01 7.541077847241149357e+01 9.169344873775010285e+01 8.497219208385652678e+01 6.519234354761343297e+01 7.098572705303617170e+01 5.454082720495163272e+01 7.436017643094564278e+01 8.166494073525227293e+01 7.543722750179537684e+01 7.804264598717986701e+01 9.194826233438310226e+01 1.116786868923442739e+02 1.170435030049331004e+02 1.154351489092384924e+02 1.046346768551240984e+02 8.478564885444986032e+01 8.478564885444986032e+01 9.882190228622854988e+01 8.510705046403570861e+01 6.514159485509280501e+01 8.510705046403570861e+01 8.832949274912151338e+01 7.012924334542900340e+01 7.354246367885767199e+01 9.018996905998309899e+01 1.001394161389717823e+02 1.195512467789675810e+02 9.990500444110723777e+01 8.594853620042314901e+01 8.782569834943534204e+01 7.965268480548908769e+01 6.732675618767090953e+01 4.745954094955395419e+01 4.690872938255877500e+01
8.840451449523327199e+01 7.204672453286323730e+01 5.218295130005020610e+01 6.366301079043030597e+01 8.349909048308353476e+01 7.598750707345585909e+01 6.779273774979033362e+01 5.117374944882545407e+01 7.095647649478590324e+01 6.857087596873473956e+01 8.835580253903391679e+01 8.679575338810602148e+01 9.772716989172033664e+01 1.059336747793560818e+02 1.117485222006258425e+02 9.773707980620254432e+01 1.090319753089156904e+02 1.128581557180068131e+02 1.046346768551240984e+02 1.046346768551240984e+02 9.916063235312927304e+01 7.928586624565232910e+01 8.510705046403570861e+01 7.670257772097203031e+01 9.658777373647465936e+01 8.166590040109875304e+01 9.345078320651374781e+01 1.016750488710070641e+02 1.085496781924594245e+02 1.004414948029081671e+02 9.348514792322062306e+01 8.723789421018969392e+01 6.974146113843092110e+01 5.977762661602307759e+01 5.227513401214759625e+01 6.732822280571122064e+01 4.887454100336692875e+01
8.686758606107051151e+01 6.923756278228849226e+01 4.940202323675423202e+01 6.534749346395045677e+01 7.299851341276304595e+01 6.480107033563281504e+01 4.794826112920441830e+01 6.779273774979033362e+01 7.916941427450976221e+01 8.835111661159990604e+01 9.658062595499113456e+01 1.064862588092996845e+02 1.147160605967351046e+02 1.057377518971175050e+02 9.736397258048617687e+01 8.543751328994589755e+01 8.908605260277056459e+01 1.007865602761502686e+02 1.152218662023375089e+02 1.210871670243942617e+02 1.073839123702130962e+02 9.916063235312927304e+01 9.658777373647465936e+01 9.658777373647465936e+01 1.048094869515316248e+02 1.015241501483477435e+02 1.097480149230796087e+02 1.117553031161301220e+02 9.215921229053437003e+01 8.076597459925667977e+01 7.373010884574311774e+01 6.741227787526500492e+01 6.257060311064308422e+01 5.788297059876472161e+01 7.213983149898200509e+01 7.085760155178722641e+01 5.106622497266225480e+01
6.881678781973731418e+01 5.895305826875035393e+01 5.205110147015415123e+01 4.551364376332230677e+01 6.188285782842196170e+01 4.490151413375354394e+01 6.480107033563281504e+01 5.857645472781878482e+01 6.849763188248239487e+01 8.247620040153150001e+01 1.022046838251361720e+02 9.956681139043453754e+01 1.053627468901259050e+02 9.748294123298623504e+01 7.754415715438533141e+01 8.326354326489304469e+01 7.279812686331500515e+01 9.253846507142714017e+01 9.533275158473350075e+01 1.011581383844331867e+02 1.091949248690351340e+02 1.174800436549710128e+02 1.164222969852416725e+02 1.149979002179122745e+02 1.066977289877808772e+02 1.092919976162948359e+02 1.175955912776580590e+02 1.198574269940850598e+02 1.085496781924594245e+02 1.004414948029081671e+02 8.147188305092581118e+01 8.723805604817465564e+01 7.045195162770518493e+01 7.774928988589626044e+01 7.462932171841065099e+01 5.479905506140227089e+01 5.509945544943167306e+01
8.686758606107051151e+01 7.868202865254843914e+01 6.868565698931232077e+01 4.880858225231245484e+01 4.195710193244025987e+01 6.188285782842196170e+01 7.299851341276303174e+01 7.837608564813062628e+01 8.656690155947603671e+01 9.644931329601254788e+01 9.380907434779847165e+01 7.984507818862428508e+01 8.562144010083302703e+01 9.826894247487443579e+01 8.326354325572766868e+01 6.339921010405422663e+01 7.746482758315436001e+01 9.726288130809217591e+01 8.138187905081525741e+01 9.516525379934846285e+01 8.935397376665072500e+01 1.091949248690351340e+02 1.109564113004622072e+02 1.026706455803546021e+02 8.686273323336560281e+01 8.942794152122768025e+01 1.092919976162948359e+02 1.187808501041181870e+02 1.218886316454629366e+02 1.092701492311418434e+02 9.541894419862158827e+01 9.004156784326116281e+01 8.436657028162201755e+01 9.260746125794547368e+01 7.168685763851202353e+01 5.748450348380973196e+01 7.494031166298319135e+01
8.923133258592145012e+01 8.105321481524774185e+01 7.322873176238404369e+01 6.026107031030364425e+01 4.040401827904776866e+01 5.815029124037135233e+01 6.369972117074192397e+01 7.181971571859324399e+01 8.725030533641458419e+01 9.543592405838097648e+01 8.562144009716541859e+01 6.584286191649897546e+01 8.562144003959294025e+01 9.002376972584077919e+01 7.020513395886709418e+01 5.862723835851619469e+01 7.858147503736879003e+01 9.231392634230626015e+01 7.253359446078920314e+01 7.538544627633592654e+01 8.709018119237417466e+01 1.069309397937060169e+02 1.026706455797336872e+02 8.285964156204298092e+01 7.549447319520747612e+01 9.524598884960283840e+01 9.060070486768715625e+01 1.019006756455725480e+02 1.019006756455725480e+02 1.168289283831875593e+02 1.150161370791998792e+02 1.093935081720527336e+02 1.037422239230047296e+02 9.545205339618108553e+01 8.007614760201984438e+01 6.025039017231106442e+01 8.007614760201984438e+01
7.272870934014055422e+01 6.134248094461695189e+01 5.383106742384137533e+01 4.799213034687885937e+01 5.814952535153121715e+01 3.831705753130959380e+01 4.401414695721778259e+01 6.369972117515027321e+01 6.777769150998376801e+01 8.725030533641458419e+01 7.862865669595213092e+01 5.877686148542481703e+01 7.862865669595213092e+01 9.150750805456783610e+01 7.442072906706094670e+01 5.437259359842639128e+01 7.442072906706094670e+01 8.483766362676114170e+01 6.498553448389876053e+01 6.725649537463588956e+01 8.709018119237417466e+01 9.484850038419848772e+01 8.659063355964676134e+01 8.143181505747611482e+01 6.886106175441635457e+01 8.866215029806835446e+01 7.669137657412468911e+01 8.214395748896902205e+01 8.866792949876341368e+01 1.026492590819796646e+02 1.226831460417686657e+02 1.139084679715673474e+02 1.041760555171193374e+02 8.735445499321127727e+01 6.774032210718442570e+01 6.364492795593091046e+01 8.347734991438315433e+01
8.923133258592145012e+01 7.360325767520974694e+01 7.360029966565940640e+01 6.783128611477673076e+01 5.671771624208121665e+01 3.687718895031586896e+01 5.671771624206914453e+01 5.391784833108977892e+01 6.777769150998376801e+01 8.725030533641456998e+01 7.264311523005410720e+01 5.273762301707228062e+01 6.348386438108478558e+01 8.331161826905010059e+01 7.048896622212812701e+01 5.040800492905103170e+01 7.048896622212812701e+01 7.233270571787501524e+01 5.825452688331332496e+01 7.241415327462803475e+01 9.223753462398119041e+01 8.461571148830763889e+01 6.823275624398937111e+01 6.152257403066670349e+01 6.548141743775065038e+01 6.967464254356015374e+01 7.956745916036902599e+01 9.349260763959890141e+01 1.085170487189770796e+02 1.026492590819796646e+02 1.226831460417686657e+02 1.057478037985355996e+02 8.638104859618891851e+01 7.658833850281492062e+01 8.735445499321127727e+01 7.356873443446160366e+01 6.894764980344842797e+01
9.940183682459792180e+01 9.331823848881762729e+01 8.247313410411977941e+01 6.933396746151179002e+01 4.948257043266542610e+01 3.538980124476137235e+01 5.529690997417297638e+01 7.348108535033249211e+01 7.798260887905027516e+01 6.977986074955789775e+01 6.712232501205001256e+01 4.717667110536112318e+01 6.712232501205001256e+01 7.962008659264888877e+01 6.676002532380761068e+01 4.678324179543784567e+01 6.676002532374019438e+01 5.227698621673314250e+01 7.233270571787501524e+01 8.644895514565929773e+01 8.151163544927786120e+01 7.326838907860816619e+01 5.717680386863240471e+01 7.714792202221688910e+01 7.952610016593230569e+01 8.944562036920879677e+01 9.769092725795819376e+01 1.076029810949984835e+02 1.217133545503982077e+02 1.226831460417686657e+02 1.310085976843953688e+02 1.139084679715673474e+02 1.041760555171193374e+02 8.787524316842775818e+01 9.338599549650896847e+01 9.338597660565335445e+01 7.782846452145896876e+01
7.969673336618312476e+01 8.546822389595457992e+01 7.423715876107137035e+01 5.438220668544548175e+01 4.290300222057912549e+01 3.385100275237824974e+01 5.191165364016719508e+01 6.013357181805675111e+01 6.580346614752616574e+01 4.820174625492893483e+01 5.639827975398785753e+01 4.262394157985424670e+01 6.254647677827756524e+01 5.970971955546682608e+01 5.970972007073872589e+01 4.347421646550869667e+01 4.689634107386991957e+01 6.687423025096569518e+01 8.057001045749414914e+01 7.780650587281941455e+01 6.955927700383259094e+01 5.329420926780885281e+01 7.326838907860816619e+01 7.133420285315135345e+01 9.118348168801693987e+01 1.075942027287612746e+02 1.064339298580083977e+02 1.038431638505148555e+02 1.121313945216953556e+02 1.236673547527283006e+02 1.299591503077541574e+02 1.216352844372311210e+02 1.154219525162885276e+02 1.072510582511271053e+02 1.131718883970563923e+02 1.058276027892412117e+02 8.927459661035905469e+01
6.581808369897932209e+01 6.581808369877424525e+01 7.974171347533733467e+01 7.099008796005887234e+01 6.207895783248736166e+01 4.608841694167126946e+01 3.173421003550012287e+01 4.995185205379546289e+01 4.990734546036580355e+01 3.581205452891499164e+01 3.684300769198343062e+01 5.639810461033470546e+01 6.459135912641819743e+01 5.635870342130120747e+01 4.016476782224624031e+01 5.970971991789502198e+01 6.687417750227255908e+01 7.202454108143118106e+01 7.409965155792646385e+01 6.600773679344278833e+01 4.962630700988892585e+01 6.955927700383259094e+01 8.151163544927786120e+01 9.118348168801693987e+01 9.943887880619985253e+01 1.006007505714697317e+02 8.647605775953772422e+01 8.388720070952477670e+01 9.541013849365884880e+01 1.153628907187386403e+02 1.183910568009750648e+02 1.016232239193418110e+02 1.126804748583848834e+02 1.144479347337348543e+02 1.227605732344180325e+02 1.172496849460523691e+02 1.090537689203121516e+02
