MOVIE_S13_data/elevation_000823.asc
nrows	150
cellsize	150.0
xllcorner	0
ncols	150
yllcorner	0
NODATA_value	-9999
[rows 102 to 118 of 150, columns 111 to 147 of 150]
5.487430436305233883e+01 5.129460693970078466e+01 6.904771390695928801e+01 5.952940308204278352e+01 7.403983216273717005e+01 8.530383124921148408e+01 9.364038857226313439e+01 1.049053478113937956e+02 8.493098339937246521e+01 7.347543470144758260e+01 7.690347102519817213e+01 8.273737060344063821e+01 1.019604844373111376e+02 1.025665516161903241e+02 9.420801854895528038e+01 9.455612947003895385e+01 7.455737605649316890e+01 6.301014604452476675e+01 5.593904541761660454e+01 5.395347586788906113e+01 6.240633291471336008e+01 5.862670990877124666e+01 4.083352496007644561e+01 5.188918793394889661e+01 5.381367399953889930e+01 4.324184607062796459e+01 6.324169159471644974e+01 6.265296948363064899e+01 4.265259790844500998e+01 4.005744411328213062e+01 5.679498765164258600e+01 5.370853140075190169e+01 6.199294494435997649e+01 6.173308377652494272e+01 4.624322640543058327e+01 2.624322640542987983e+01 1.469622102163716093e+01
7.537031664883636495e+01 5.587741809415189920e+01 7.639497553789129825e+01 7.139608313344140811e+01 8.832073828507267876e+01 1.026016443734871473e+02 1.125622179257750872e+02 1.131926582231418053e+02 1.016548777906923107e+02 8.752067385549267442e+01 9.682165008720092203e+01 1.026784573635036679e+02 9.682087016820166525e+01 9.081318994746693818e+01 7.377681276543134459e+01 9.081291520101184744e+01 9.128939624448287304e+01 8.300936453193162379e+01 6.699460287686881088e+01 4.699476194517215788e+01 4.240644722874620243e+01 3.862680249625041284e+01 3.497531877924836152e+01 3.188925177997887417e+01 3.381375268160220315e+01 5.381367399953889930e+01 6.020882901312140945e+01 5.192440545638978477e+01 4.851057111656623988e+01 2.851042598819209317e+01 3.956623430318509804e+01 3.370830304250977605e+01 5.370853140056552633e+01 6.053208140083783206e+01 5.452749765330307241e+01 4.298049226934244160e+01 3.469622102163786792e+01
7.267015901889664065e+01 6.121466439297213213e+01 8.167879006642255035e+01 9.170085580792097346e+01 9.999702315421156129e+01 1.066197932621456914e+02 9.241074402390921705e+01 1.066197932621456914e+02 1.055217914411301194e+02 1.075022538642006538e+02 1.009165843100933984e+02 9.075253092660321386e+01 7.633101326492337080e+01 8.241205638996903815e+01 6.180158850420146166e+01 8.241205638996903815e+01 9.378503142770149736e+01 7.378618975776562650e+01 5.964392472057057404e+01 6.113696223927784246e+01 6.240633291471336008e+01 4.391959262838383182e+01 5.497524320550710542e+01 4.804019863234587717e+01 2.804024998537409274e+01 4.470687389959310565e+01 4.239760669387138847e+01 3.192421899472201119e+01 3.840662580669201986e+01 3.647314570059401717e+01 1.956615377327890926e+01 3.289372511170375191e+01 4.054320076497608483e+01 4.054320076929010952e+01 5.286884462239493132e+01 4.459419079879495484e+01 3.422760857601079465e+01
8.732798666009669830e+01 6.695951867642808963e+01 8.142216894388052140e+01 1.015858918874890264e+02 1.033937406401889660e+02 9.508398309334607745e+01 7.816217279728380163e+01 9.762070351638737975e+01 8.537369491289649659e+01 9.959082877060374983e+01 8.936690966864944130e+01 7.173174442795765060e+01 6.113113544956377154e+01 7.512515469116004851e+01 5.444966367129414664e+01 7.512515469116004851e+01 8.920209340442789880e+01 8.792676516417695609e+01 7.964353454641712915e+01 8.113623473358855165e+01 7.058604631504123006e+01 5.058626458873057885e+01 6.218217761900665863e+01 4.218239913727565238e+01 4.470687389959310565e+01 2.470691665204070020e+01 2.239751557528215642e+01 2.037721048617769881e+01 1.840655192984907984e+01 1.647307895175772074e+01 1.456615377326650318e+01 1.289366975325230769e+01 2.054478890706768368e+01 3.882349057827684646e+01 4.459419363496683530e+01 2.459511954905764597e+01 2.978618342677906483e+01
7.991207061661523881e+01 7.879575709819766871e+01 9.564169348357403067e+01 1.093287688267428734e+02 8.918359964947417495e+01 7.495949456763250396e+01 6.920598680185574381e+01 7.855988548810947236e+01 7.117067604979490625e+01 9.127493575801503312e+01 8.090289405880602658e+01 5.911639834229402624e+01 4.893211576584824485e+01 6.137724921998866989e+01 4.831329697018148295e+01 6.017993067111868299e+01 8.079115489828085117e+01 9.667453407069960747e+01 9.737451665342562990e+01 7.737768184583660513e+01 6.323546949043562648e+01 6.472850257427103315e+01 7.046479652280882533e+01 6.218217761900665863e+01 4.872179099692123572e+01 2.872207089826139281e+01 4.238316802337094913e+01 4.037729241890320253e+01 3.254869936394050001e+01 3.647314570290432556e+01 1.956615377327890926e+01 3.054484054574495744e+01 1.054478887519347374e+01 2.825818684968252370e+01 2.670583749210981139e+01 2.516732932901360442e+01 1.045298861535010282e+01
1.000889925670795577e+02 9.898322899257131269e+01 1.072636704373080505e+02 1.082208114994047179e+02 8.807192271667679506e+01 7.385171691146757667e+01 6.230192405426793556e+01 5.852779291697188313e+01 7.855988548810947236e+01 9.329406679858381324e+01 7.594111983764469187e+01 5.372440716550700301e+01 4.009558990281387025e+01 4.112497337993885793e+01 6.137724921998866989e+01 7.156800676926938820e+01 6.780998131472962598e+01 7.995250261483690224e+01 8.836751565957611376e+01 9.151536197021302144e+01 8.323461915871230588e+01 8.472740785620239024e+01 7.441039595527459483e+01 5.441066061235061824e+01 4.026905179935816648e+01 4.872179099692123572e+01 3.725009846178459583e+01 5.723976649703563879e+01 5.254891127216668423e+01 4.473024013489933282e+01 2.473013156859524386e+01 3.882923020744962628e+01 2.825818684968252370e+01 8.258141073293336021e+00 6.705840021880656643e+00 5.167378483419124535e+00 3.646806640879719730e+00
1.167339050986251863e+02 1.051163986531361161e+02 9.680424869763228912e+01 8.967861253245266084e+01 8.361750413036786256e+01 9.067755921875186687e+01 7.338762142692945645e+01 5.335982064940345282e+01 6.490528583385160744e+01 8.497470733049854630e+01 8.444229332083578754e+01 7.049068868424214429e+01 5.190066407474871113e+01 3.661182023050837842e+01 5.660374177635866744e+01 5.112972923972316863e+01 5.336445927624595953e+01 5.941476604258438243e+01 7.995250261483690224e+01 7.901443820326878154e+01 8.746309602698084973e+01 8.645435957337575417e+01 7.807664786178089855e+01 6.856255461958929232e+01 5.441066061235061824e+01 6.390126918812530477e+01 4.391676112682097965e+01 6.390126918812530477e+01 6.798995264884860035e+01 5.027728376161596913e+01 3.027713353825328824e+01 5.027728376161596913e+01 3.457564040989147003e+01 1.458269637859976697e+01 2.670583749210980429e+01 1.930951407044406665e+01 2.364700510353521778e+01
1.084527659669029447e+02 8.827694222368272392e+01 7.664990608696588481e+01 6.957619014906666166e+01 6.355674474400669993e+01 7.574902693278745858e+01 6.973106200590598291e+01 4.970058871569413839e+01 6.385352989766267484e+01 8.392067973491005262e+01 7.793195017442727135e+01 5.740116468852897214e+01 4.312910851581781913e+01 3.337802929990021994e+01 4.893058724816104643e+01 3.706597031277214427e+01 4.506466135745078816e+01 6.543012981437415476e+01 7.562483526599589823e+01 5.846539772055535877e+01 7.562483526599589823e+01 7.471126388559565612e+01 5.768976713763707664e+01 7.471126388559565612e+01 7.441039595527459483e+01 7.213195633344524538e+01 5.391657298809477794e+01 7.213195633344524538e+01 5.970550567666727915e+01 3.970522672467406267e+01 5.027728376161596913e+01 4.870286899415039272e+01 2.872395073154658718e+01 2.612952819693911621e+01 4.283848419199559743e+01 3.930950625088611616e+01 3.418946711183684783e+01
1.069756513318770885e+02 1.051163986531362866e+02 9.680424869763230333e+01 8.967861253245266084e+01 7.574902693278745858e+01 5.571903640324028828e+01 5.086113655729567284e+01 4.626446582569255384e+01 6.244082009420660739e+01 7.075080753754588159e+01 7.880977119411981846e+01 7.187882057787898304e+01 6.171356391158796129e+01 4.893058700727869592e+01 2.907827268670301990e+01 4.545990256123268836e+01 5.374615750012736015e+01 6.444748066540358877e+01 5.622938050171663349e+01 4.671900491536941047e+01 6.715044414898565606e+01 6.630627678775972811e+01 4.598147894117190759e+01 6.630627678775972811e+01 8.243599895675735922e+01 8.209428028872940786e+01 7.388596538815581027e+01 8.209428028872940786e+01 6.798995264884862877e+01 4.970525215859331780e+01 6.798995264884834455e+01 5.695301765251905124e+01 4.870286899415039272e+01 4.611324425599845966e+01 5.436595865557033136e+01 5.112580243087241172e+01 3.416717292568843334e+01
8.665414266232758678e+01 9.130897486748318670e+01 8.786367532590442408e+01 8.787584837602666710e+01 7.947678159302250833e+01 7.574881077146520170e+01 7.089103752410628090e+01 6.244082009420660739e+01 4.241119205249111701e+01 5.875306694625852799e+01 5.875303043527350155e+01 6.693614219291964673e+01 5.704141501137802805e+01 4.676670338794279758e+01 2.664012852815060128e+01 2.534127263362802651e+01 4.348614075847458338e+01 4.756355562690763605e+01 3.595302710616746822e+01 5.622938050171663349e+01 6.499368426152521749e+01 5.912037559597573022e+01 3.887008191792398293e+01 5.912037559597573022e+01 6.146343294204471164e+01 6.938266731108896579e+01 6.050497844605347808e+01 6.938266731108896579e+01 7.799018740952784867e+01 6.970575919474119075e+01 7.799018740952769235e+01 6.453180889988051661e+01 5.453142255855320997e+01 4.624694760274152117e+01 3.958027769557750730e+01 3.355004903626699075e+01 2.284147061382489952e+01
8.049352007114295304e+01 7.091261344768680885e+01 6.747232177253430052e+01 7.014676138303788377e+01 5.911559540033980653e+01 6.538119945230960184e+01 6.308959807537816289e+01 7.075080742704609804e+01 5.875306694625852799e+01 3.872725575891146832e+01 5.521297000947520672e+01 4.689817327013288661e+01 4.862780753180171445e+01 2.848879408214305187e+01 4.676670951627861683e+01 4.380950355123263051e+01 2.370037181265639248e+01 2.741492882546197052e+01 4.756295957236081762e+01 5.332694883936174790e+01 4.502933025072095319e+01 4.509623358785089664e+01 3.282652001712613554e+01 5.301468232101174038e+01 4.670408506905967982e+01 5.875201160350636798e+01 3.931466108656757541e+01 5.875202176202975579e+01 7.104761546040343489e+01 7.859312842966272683e+01 7.058162981485479293e+01 5.624696222809510715e+01 3.624694104460856181e+01 2.624694104451594967e+01 1.958027437784916458e+01 1.355004748629378675e+01 8.699334985567084289e+00
6.009418994631751332e+01 5.652076063735931655e+01 5.311414603142426216e+01 4.985337244037954463e+01 4.745591495235527901e+01 4.514232528634576624e+01 4.287537853112066699e+01 5.989344914591578828e+01 5.782280460593979399e+01 5.521297076365952705e+01 3.519133856030752128e+01 3.274796886518657146e+01 3.035764501413357763e+01 4.862764928587976243e+01 5.704066912417894741e+01 5.221191607693715753e+01 4.217098335844287504e+01 2.207023286498206360e+01 4.057890129215285668e+01 3.355068887132034661e+01 3.835697810159319943e+01 2.497585143366920946e+01 4.509623272450907194e+01 4.822902889994628595e+01 3.488406401771090515e+01 4.106525518081298287e+01 2.916747746003995090e+01 4.092968481480772880e+01 6.217691223947596058e+01 6.762566062424677682e+01 5.172842853599162538e+01 6.453172485250652812e+01 5.453142255855320997e+01 4.624694760274152117e+01 2.987997920331123680e+01 3.355004903626723944e+01 2.869933577036951533e+01
8.049359746123070636e+01 7.549101636557561790e+01 5.514069968214507611e+01 7.014676138303788377e+01 6.772123747857567366e+01 6.538119945230960184e+01 4.526648279626876814e+01 3.971130364487020614e+01 3.765902993243208385e+01 3.596862600590053916e+01 3.429023949546751027e+01 3.262936243563882499e+01 5.051036104870354393e+01 4.814625198583836152e+01 6.513395083632508431e+01 5.253203242823753527e+01 3.210377171463107260e+01 4.039997452733906869e+01 2.050109647623925824e+01 1.940133738895142201e+01 1.830795154624395238e+01 3.687671441706688569e+01 3.591780956619026455e+01 2.894539321387009068e+01 3.418843086631262196e+01 2.061775344938375554e+01 4.106525518081298287e+01 5.875202176202975579e+01 6.661405976230395254e+01 5.911871096183866570e+01 4.071619968371756215e+01 5.911871096183866570e+01 6.832749361063179094e+01 5.816438506580568912e+01 4.987998711330293844e+01 4.058397411886419803e+01 2.058397411886349104e+01
8.126046522466975830e+01 6.086238316481357913e+01 7.549101636557561790e+01 8.390090290121587202e+01 7.380409934380904247e+01 5.348097712253532876e+01 6.160424815640830332e+01 4.134081557496688930e+01 5.782280460595125504e+01 5.611865650984128706e+01 4.802769411637909514e+01 5.405307706669475465e+01 4.299080509733781952e+01 6.307432230325274247e+01 6.776599868497326895e+01 4.670537491471048952e+01 4.648947970069030333e+01 4.891122521339245566e+01 3.467437853211620791e+01 3.954714634914210336e+01 3.687692610848213093e+01 1.680565639144510470e+01 1.584924040232647968e+01 1.489614786245100220e+01 1.394746315680347415e+01 3.272639658479553759e+01 4.110729208414075941e+01 5.386845793820192085e+01 4.758381122207285330e+01 5.120874845078908777e+01 3.196429666455059149e+01 4.129385688868014626e+01 6.036748060147628792e+01 6.726136827334724444e+01 5.925014826142503921e+01 4.886824536632639138e+01 3.732123998253367603e+01
6.746193130172707697e+01 7.263541103227299800e+01 8.966053284217375108e+01 8.399498168036858203e+01 6.361321700724955974e+01 6.783649462542109632e+01 7.015731111281954213e+01 5.547845377299618974e+01 4.540748177214175030e+01 6.650863102415137007e+01 6.724860696693090745e+01 7.340282577603286995e+01 5.400180730541934082e+01 7.488802450075658612e+01 7.678053777525985879e+01 6.805001338354976781e+01 6.708554550783523496e+01 6.327649613395495010e+01 5.171999364602520188e+01 4.007217413019844088e+01 1.998951851399170110e+01 3.666594712519031418e+01 3.591781222498166670e+01 3.490550083519675439e+01 1.866817252390180926e+01 1.263518125120616453e+01 2.550225967915321590e+01 3.975257502940191756e+01 3.390924646377277440e+01 3.744153317802318526e+01 2.534131137350184204e+01 4.479393205407629353e+01 5.450707556263139253e+01 5.925014826142503921e+01 3.952889959626772054e+01 4.530511959682620216e+01 3.415418881323221711e+01
7.580978390105332210e+01 9.304250836050138673e+01 1.014061294527510881e+02 9.238254056705055461e+01 7.272493535391515707e+01 8.821117158982306705e+01 8.483616845004658558e+01 7.011081068934068128e+01 4.881169944919963655e+01 7.011081068934085181e+01 8.614495959601288178e+01 8.631107599275212294e+01 7.715930772789496928e+01 8.631107599275212294e+01 8.038829210098077738e+01 7.202482422207933155e+01 6.943998807222263281e+01 5.513448529968645317e+01 4.335421416386584781e+01 2.325593140458677155e+01 4.007217413019844088e+01 4.825152579028936373e+01 4.772113895324734045e+01 2.808848631947132546e+01 3.844445072990448864e+01 3.121458893152941982e+01 1.134247621119252436e+01 3.011073393635681583e+01 3.744133615096213674e+01 1.779534642167718062e+01 3.122875808647355456e+01 3.509138776155709394e+01 3.511430585332860232e+01 5.079891369033006043e+01 4.530511959682620216e+01 2.542264275130967732e+01 3.468302289471105837e+01
9.621962837326610440e+01 9.027559152827666367e+01 1.105698027396848317e+02 1.014736973481424087e+02 8.452089908248449035e+01 9.196639564837531111e+01 7.149476545148233697e+01 5.661709818266707117e+01 7.011081068934065286e+01 5.686540320606938792e+01 7.173408723214062377e+01 9.220264014951447962e+01 8.686514938198043012e+01 7.671333849748874911e+01 6.833390428033544595e+01 5.172544800777540530e+01 5.545045294776343781e+01 4.082898154500077226e+01 2.663630884569776214e+01 4.335421416386584781e+01 5.172830191372900543e+01 6.136712255915224290e+01 4.206878747176082811e+01 4.206878747140676467e+01 5.519280233783930356e+01 3.927584868973062271e+01 3.011230577576778700e+01 1.005799044695520728e+01 2.892230167673277563e+01 2.802475978432055470e+01 1.146990071117978971e+01 1.620794531105953595e+01 2.264788265045136839e+01 4.251139116262100259e+01 3.817768541396918636e+01 3.468302289471105837e+01 1.473449756879312034e+01
