MOVIE_S13_data/elevation_000535.asc
nrows	150
cellsize	150.0
xllcorner	0
ncols	150
yllcorner	0
NODATA_value	-9999
[rows 17 to 33 of 150, columns 74 to 110 of 150]
4.448780581464720996e+01 5.402343582622531670e+01 6.749756219413418989e+01 9.176894553286170719e+01 8.987327148790922138e+01 6.974998995139758051e+01 5.555845941291286039e+01 4.400032724117281191e+01 6.404759195083683210e+01 7.557171936948635960e+01 6.139109360375204005e+01 5.989322126197325247e+01 7.995763665584297541e+01 9.663477608899543725e+01 7.685048558946243702e+01 6.850711849395327135e+01 6.808738904172101059e+01 4.869709721695183191e+01 6.706244654029761421e+01 7.519075745315950599e+01 7.157535218757553253e+01 5.132757114497480444e+01 3.691046563288832516e+01 4.638178953702695395e+01 3.331940612506863175e+01 1.294639370924975452e+01 1.096047803542577803e+01 3.009850512566497827e+01 2.531916845838663832e+01 3.942875287558331365e+01 3.014706542803473965e+01 4.173496469428036448e+01 6.201639896085179515e+01 6.233386735154860503e+01 4.554849255530420749e+01 4.816258796027176459e+01 6.824425747386442254e+01
6.544601194971447455e+01 7.421817029750421568e+01 8.434874764399867786e+01 9.622042659333946801e+01 8.597926427984933184e+01 6.559966248014403334e+01 5.400807647728716177e+01 6.404759195083683210e+01 5.156250950916102482e+01 7.163384289758498369e+01 8.145537697304149560e+01 7.408127172653504999e+01 8.825589078473996096e+01 9.773465989241323371e+01 9.648876471161879920e+01 8.824773699502725322e+01 7.626555724660200042e+01 5.828501378870041805e+01 7.626555724660200042e+01 8.801196544843860181e+01 6.788130765414959455e+01 5.354535130965029310e+01 5.725800890837211199e+01 4.687071208817522461e+01 3.179736948237870564e+01 1.181113005398416327e+01 3.094756089570973856e+01 3.866583285722139607e+01 4.577650563730545485e+01 5.433785506693867973e+01 5.030690742749506228e+01 5.866492596882562793e+01 7.034487152120269116e+01 7.391406298923180884e+01 6.564996100214767694e+01 6.824425747386442254e+01 7.650514674282555916e+01
7.865459093786236622e+01 7.658976551775865005e+01 7.488348543708637806e+01 9.162400816007648530e+01 9.435845810689752966e+01 8.251077818319821233e+01 6.559314396576390038e+01 7.833275420677755108e+01 5.823602027919991997e+01 6.794205659290598476e+01 8.806040819280144660e+01 9.414443656563160800e+01 9.194593682567796122e+01 7.786835049132567121e+01 8.711567084691093044e+01 8.934992270446527129e+01 8.609944301529198185e+01 7.788976429474641350e+01 8.609944301168722802e+01 7.718650170954214218e+01 6.711717390428484009e+01 5.881604472863470079e+01 5.203726112854070607e+01 3.850457467732850603e+01 1.837310771642395224e+01 3.175671071171766613e+01 1.266431532562639894e+01 2.784699902046384778e+01 3.675137465809216053e+01 4.516658664133363033e+01 5.498696191976869585e+01 6.346209509978353935e+01 6.728506723284490931e+01 6.849844987519556128e+01 7.698096715756122421e+01 7.724208420387326157e+01 8.573036867231252245e+01
5.964945251286067673e+01 5.792608964462024801e+01 7.659010920344645967e+01 7.802247567157951380e+01 8.650999379830838620e+01 9.418221932423773524e+01 8.579327683536071447e+01 8.666484786471522739e+01 6.720527297322182392e+01 8.666484786471522739e+01 9.638653785747030156e+01 9.773465989241323371e+01 7.786835049132567121e+01 6.372369926689692221e+01 6.717599919944463238e+01 6.938352908133747121e+01 7.304743057774609838e+01 7.752306649238215641e+01 8.336005176061320299e+01 6.892261205933571944e+01 4.871023030909316986e+01 3.848337102964996603e+01 3.170132644407566502e+01 2.589227500411575633e+01 3.850180340238619436e+01 3.723811967728987327e+01 1.326685150033740257e+01 1.581864896411451582e+01 1.828700468211491170e+01 3.686385243191119798e+01 3.480839082028452225e+01 5.176321982693949053e+01 4.682544028965750016e+01 4.802900036805366568e+01 6.086480415730088112e+01 5.681043856809351666e+01 7.134513495332774369e+01
4.591972656931019969e+01 6.494942162866662727e+01 7.482429290455205262e+01 5.845488925191224183e+01 7.510167940460544855e+01 8.498378514381896309e+01 9.889609340757834843e+01 9.566442051440812122e+01 8.143549304979173087e+01 9.566442051440812122e+01 1.022254067150315961e+02 9.395476203949604610e+01 9.194593682567796122e+01 7.301619381035433776e+01 5.286327155647074960e+01 5.507556034172771575e+01 5.286210987459657673e+01 5.742189205629555460e+01 6.330921901838990351e+01 7.718445427777017187e+01 6.711717390428484009e+01 5.881604472863470079e+01 5.203726112854070607e+01 4.616256119449891315e+01 4.837685417655610820e+01 2.820640049830226559e+01 1.388837280410768571e+01 3.370456729011718267e+01 3.686420006877610689e+01 2.166925228286280358e+01 2.405126366234993895e+01 4.333679471456201782e+01 3.254741949388765931e+01 3.624207717619230351e+01 4.036553171472577617e+01 4.495872734335279119e+01 5.090947510496848594e+01
5.493185991238777888e+01 5.820570021404924432e+01 6.162400557614652996e+01 4.691850445482256760e+01 5.691488948761462296e+01 7.100905104678014368e+01 8.661671543583517519e+01 9.649260010165095025e+01 1.015779279051310340e+02 1.056119545610115722e+02 9.395476203949604610e+01 7.409926837664345101e+01 7.991480782668642746e+01 7.457083435513752079e+01 6.442295888798052772e+01 4.405626171245985745e+01 3.828364360137576483e+01 4.292300857030834749e+01 6.253575834416871970e+01 7.278215722103301744e+01 6.782403018514621351e+01 5.949663200890318393e+01 5.949663149467278345e+01 5.896894829075017697e+01 5.080635739643178539e+01 3.485014338702796266e+01 1.451310711550201127e+01 3.279900739023945988e+01 4.773314302883456861e+01 4.058174024416141634e+01 4.333679471291762297e+01 2.781589641638272425e+01 3.563160304687446711e+01 5.597393441208014053e+01 5.487383217714894812e+01 6.544586809606877864e+01 6.169391246499290560e+01
3.503082828664209813e+01 3.829348898747812058e+01 4.169396988097033585e+01 6.161665448042894866e+01 5.340385509791102692e+01 5.857518359546595832e+01 6.855938003199305797e+01 8.257711085046082644e+01 1.022832788042209984e+02 9.733466128232366543e+01 7.752382136598770046e+01 6.754791904631868249e+01 5.991949001214154436e+01 5.446473925257640758e+01 4.946856249412092410e+01 4.470432647551620420e+01 5.419244241470143919e+01 3.370784771969438509e+01 4.413829051987222840e+01 5.846022387045257318e+01 5.949663200890318393e+01 3.991675641674381581e+01 3.991675641659611529e+01 5.015873076793618424e+01 3.097639152018430408e+01 3.549462828029469819e+01 1.513881269841336952e+01 3.412046944325118147e+01 4.503952273123248773e+01 5.456910436167595435e+01 5.611210053903557338e+01 4.766921240818550842e+01 4.766921240818551553e+01 4.998159625855007704e+01 7.044071845265816023e+01 8.381430298465323858e+01 8.214015619191830808e+01
5.130543503478674694e+01 5.820570021404924432e+01 6.162400557614652996e+01 6.982349267495992251e+01 6.494281266310515832e+01 7.845414692245456934e+01 6.855938003199305797e+01 8.001642328390173020e+01 9.973130755234289779e+01 1.056119545610115722e+02 9.568129983447545328e+01 8.742924132415564031e+01 7.991480782668642746e+01 7.457083435513750658e+01 6.969139185492169020e+01 6.505432671071464767e+01 5.419116898610108990e+01 5.009555894600745063e+01 2.973081797651124347e+01 4.624701469547500210e+01 5.395090655996025930e+01 4.443353512929354565e+01 2.752109172501159406e+01 3.832408188945171190e+01 3.404753950426636067e+01 1.618262301573535211e+01 3.322035782899900624e+01 1.676834994966801418e+01 3.719516422886217555e+01 3.415976205086759876e+01 4.851898758497429043e+01 6.290435998403572881e+01 6.808438476640718306e+01 7.044071845265816023e+01 7.892535635485067758e+01 9.561455437628710285e+01 8.983116632078568387e+01
3.635332377321358166e+01 5.628975232482147817e+01 6.985644705631871432e+01 8.392453006574208985e+01 8.476681513177649663e+01 9.291780770849281623e+01 8.001642328390173020e+01 9.649260010165095025e+01 1.078594806882723987e+02 9.833647354473521318e+01 8.946413181358632016e+01 8.125981931380644596e+01 8.279484155132549006e+01 9.099769043632070975e+01 7.702537247347427751e+01 6.871730514584432115e+01 7.438399293187313788e+01 5.846022387045257318e+01 4.624701469547500210e+01 2.598826252482579946e+01 4.247071554763552825e+01 2.667707334269288211e+01 2.912295819193737145e+01 1.796654144693518873e+01 1.722439073836464374e+01 3.479474129155709505e+01 4.385884713008530866e+01 3.719484982759981051e+01 1.840893541927664145e+01 1.958658260856013911e+01 3.416022621597961972e+01 5.028587442885917369e+01 5.814792008882813690e+01 6.644150532942569498e+01 7.981174346438344003e+01 7.580242438979112762e+01 6.999152923014720784e+01
5.628975232482147817e+01 4.166750682565935193e+01 5.578836404689529616e+01 7.292175587779824752e+01 8.113682885329023975e+01 9.106588398281016339e+01 9.973130755234289779e+01 1.078594806882723987e+02 1.041300937886768594e+02 8.434928584466545942e+01 7.027966549494333037e+01 6.127947909476079502e+01 6.283262222187484269e+01 7.782502006552157070e+01 6.533566784519621251e+01 4.846185082036650726e+01 6.532807334758329887e+01 6.641226348960955761e+01 4.623127935610241934e+01 4.254431941063274536e+01 2.232395779512177114e+01 1.978904096868854268e+01 1.902965063514263377e+01 3.567224847337344329e+01 3.873494084612598698e+01 2.553779638454147971e+01 4.643511184681462112e+01 3.891589377691401097e+01 3.891605778256999315e+01 4.014463468811420910e+01 2.131195952577233399e+01 4.190744555721787634e+01 3.776447369554755795e+01 5.814792008882813690e+01 5.978076413555433533e+01 7.390179585727058509e+01 5.574644944070455210e+01
6.985644702956368235e+01 5.319777853901872078e+01 4.797461963572626331e+01 5.297554370007672730e+01 6.298227513137550204e+01 7.705989834042486564e+01 9.686690618887546123e+01 1.105657020794465808e+02 1.023695518071744885e+02 9.833647354473521318e+01 8.536735393357437829e+01 6.543018522180958030e+01 5.110063615360268585e+01 5.777061676196337459e+01 5.701749837647996344e+01 3.655466229068125017e+01 5.337136216354952722e+01 6.170038321891060207e+01 5.608834884332308945e+01 3.557563182996973694e+01 2.094589160324988697e+01 4.035336306718927801e+01 4.384574685768632918e+01 5.082601873339356047e+01 5.306613528604233210e+01 3.209904049161834649e+01 5.306647796147525753e+01 5.927326732960597155e+01 4.939696180051285523e+01 2.888541234125074197e+01 4.190743388024115035e+01 2.314317487970751586e+01 4.373464692018698230e+01 5.282405074280298152e+01 4.537172896278708123e+01 6.564770214716065766e+01 4.655857222741590107e+01
8.134922820636037955e+01 7.313233201709115860e+01 5.952319228724015687e+01 7.292175587779824752e+01 6.298227513137550204e+01 7.448750387568483688e+01 9.429996828322289559e+01 1.023695518071744885e+02 8.259018742771367272e+01 8.838342912689813602e+01 9.179703683058833974e+01 7.670371872411766390e+01 6.363982278095154044e+01 4.328689441940954907e+01 4.046006029402638404e+01 5.337016389136532979e+01 3.290398899855260595e+01 4.996060230491030296e+01 4.765639938826559785e+01 4.239433101743048127e+01 2.177965513224445004e+01 4.239666449360716882e+01 4.968510617764090398e+01 7.091896437270148112e+01 6.100246381368811655e+01 4.001015883675363938e+01 6.100246381368811655e+01 5.772540956648173704e+01 3.732413403698921428e+01 4.939696180051285523e+01 5.210285058446346795e+01 4.373464685731294566e+01 2.503021982962251357e+01 3.235828950924488367e+01 5.282405074280298152e+01 6.277821022942935514e+01 4.240884465725940800e+01
7.187518577696278044e+01 8.000988177219616659e+01 7.942622293628042485e+01 8.763528283639870153e+01 7.448750387568483688e+01 9.106588398281016339e+01 1.025032744091083003e+02 1.021563059970568190e+02 8.838342912689813602e+01 6.850945997158115119e+01 7.194615796262631591e+01 6.848302312988050744e+01 4.825078906511495092e+01 6.364656401836744948e+01 6.087594844314567410e+01 4.591393026771928021e+01 4.996060266355681989e+01 2.949666920110238877e+01 2.716677893000347410e+01 3.986608893879110838e+01 2.262971999794297062e+01 2.814207556611846428e+01 4.330172945856334366e+01 6.530120946171524565e+01 6.943987140150599657e+01 5.493491452783543139e+01 6.943987140150599657e+01 6.416271490648766473e+01 4.384432196136119586e+01 6.403397001854577297e+01 5.954405715086799944e+01 3.916370658959733930e+01 2.726267759668552060e+01 2.745476374436732314e+01 4.796450645826234904e+01 5.382128831701876948e+01 3.849886736767613371e+01
5.195604677904421465e+01 7.187526895125169801e+01 8.367348652551497423e+01 9.190766030798685904e+01 9.429996828322289559e+01 1.025032744091083003e+02 1.079348145089802387e+02 8.817846275710124360e+01 7.415452276763431883e+01 6.413929880777095605e+01 5.774099885626839068e+01 5.356968098843709214e+01 6.848302312988050744e+01 7.672327109590085570e+01 6.253070603841639041e+01 6.620504157452479888e+01 5.799778366813562513e+01 4.132871025401212961e+01 4.445567411163787597e+01 2.386421602138662124e+01 4.324629605975489710e+01 4.924149655320339036e+01 5.701250257785058295e+01 6.334497473657640398e+01 7.163795529925252481e+01 7.565382943070022748e+01 7.836428971378920494e+01 5.828023001424728022e+01 5.828022841315240754e+01 7.230983651956327662e+01 6.783802165433128550e+01 5.000966024161884604e+01 2.952809814076778139e+01 4.796450645335700358e+01 2.988152628215450335e+01 3.335294530759711762e+01 5.382128831700221383e+01
5.778997035068463362e+01 7.564673710003884821e+01 6.394058814587896222e+01 8.046592686064424527e+01 9.425454570190690617e+01 9.479636992297939457e+01 1.029245256420385175e+02 9.658144524322439395e+01 7.678289638353852808e+01 7.411939541264943898e+01 7.776034577053972896e+01 6.370546559936551034e+01 8.189468578550901157e+01 9.077590970502296841e+01 8.255395985398283187e+01 7.567741238857493613e+01 6.940516532015266193e+01 6.107698145491896469e+01 4.515411390186668683e+01 2.481435169494045923e+01 3.811327558450297204e+01 3.295325816695707033e+01 3.782272528503420261e+01 4.301944852311115852e+01 5.744401154510249086e+01 7.759116010449729117e+01 8.660154454521409662e+01 7.836428971378920494e+01 7.836424723088410360e+01 7.563333077040965691e+01 6.358410721147476607e+01 5.227025810025995867e+01 3.179967382076412008e+01 5.227025809934541911e+01 5.036150687628776268e+01 3.266418181779398822e+01 3.467237806146304280e+01
6.480433377903196401e+01 5.587734918347720026e+01 5.244834639031027734e+01 6.650072890952175442e+01 8.095747121176883354e+01 7.522521167727778391e+01 9.479636992297939457e+01 1.047743304784003442e+02 9.079354289438603587e+01 8.816742312342164212e+01 9.184270063388234462e+01 8.364236178775951203e+01 9.184270063388233041e+01 7.372479708184681613e+01 6.548217896567852847e+01 5.564078481073464388e+01 5.779106928428767276e+01 6.594162132122924902e+01 5.369388777260336809e+01 4.537428286963888269e+01 2.616337818535905058e+01 4.667818297147386630e+01 5.809694643487310373e+01 6.334497473657640398e+01 5.265060530961596896e+01 6.703082401607522911e+01 8.700892920685328136e+01 8.484804615079262646e+01 7.481122468435388839e+01 6.609363350531926073e+01 4.903420479015945688e+01 3.512362967906842925e+01 5.227025810025995867e+01 5.227025806055188895e+01 6.145269335924761833e+01 4.455173368087163510e+01 5.514149639136789460e+01
5.650634782440187820e+01 4.167960324063918875e+01 6.161098168612193859e+01 7.288883950537419310e+01 6.124713559601645585e+01 7.011962298963067042e+01 8.148137440412477872e+01 1.009871249128021731e+02 1.105546775914813367e+02 1.079469657908924063e+02 1.002200177032753885e+02 8.878497403221342665e+01 7.989722661848790608e+01 6.548217896567852847e+01 4.522478501064321676e+01 4.114336618983934102e+01 3.736370273769696837e+01 5.275784286029013970e+01 4.794006732362019818e+01 2.753544863181098989e+01 4.623236739267132833e+01 3.805153952144539886e+01 5.254336547160264104e+01 7.269541603468208280e+01 6.703082401607522911e+01 6.703082401607522911e+01 8.700892920685328136e+01 7.666198397763697869e+01 5.645962806888246632e+01 4.608455050868147396e+01 3.873494834859214109e+01 4.293039325652161864e+01 6.328295215855661127e+01 7.245124585313418208e+01 7.311264594861178523e+01 6.485838469131103068e+01 6.291684557445800152e+01
