MOVIE_S13_data/elevation_000818.asc
nrows	150
cellsize	150.0
xllcorner	0
ncols	150
yllcorner	0
NODATA_value	-9999
[rows 17 to 33 of 150, columns 74 to 110 of 150]
8.588539890222483564e+01 7.185527947820935424e+01 7.872459661215664539e+01 7.050130503864306775e+01 7.636827118638460377e+01 5.642815463699967182e+01 4.227590586594291011e+01 4.706961097804808247e+01 2.704861346683160050e+01 4.318753196686981255e+01 2.565164065461451059e+01 4.565731720410892081e+01 5.786334155597068474e+01 6.380191959111359523e+01 5.804869101381365937e+01 7.802605580716124223e+01 8.361584088681215121e+01 6.368700366603307117e+01 5.222636890303571988e+01 6.216814418009540333e+01 5.309848777016135557e+01 3.300827412351586077e+01 3.038892504743552792e+01 4.381972060052981988e+01 2.367134806142399484e+01 4.088077841658708422e+01 4.919451614896138381e+01 3.440535846943465259e+01 5.257527679430698697e+01 4.996196858147862230e+01 2.997296568145590356e+01 3.582760861365547811e+01 3.061324767761645660e+01 1.144499747414735680e+01 1.579010343985012277e+01 3.584933410343869298e+01 4.252780578846812887e+01
8.603767489374942556e+01 9.171259108046099584e+01 9.326934076966401221e+01 7.348813887004463652e+01 6.193309935876762751e+01 5.297354136678139014e+01 6.226847957958691637e+01 5.034369589591437943e+01 3.033539550447970612e+01 4.735967299363757377e+01 2.737278326072527790e+01 3.253391458678071757e+01 3.787407667071540374e+01 4.389955338568936583e+01 5.545183013122370852e+01 7.544023884054898588e+01 8.374645236463670983e+01 6.376945187740059851e+01 4.973729653040980025e+01 4.209383794035219495e+01 3.709237962462659510e+01 5.309849688584701966e+01 4.689193161552556433e+01 2.674610322120837935e+01 4.381920252400857407e+01 3.793757680747221173e+01 5.802054788404737451e+01 4.845639253441711247e+01 6.251273517310656302e+01 5.830272357485974055e+01 4.996196856692595389e+01 4.124325430718194241e+01 2.465615966192561004e+01 1.208232384418088046e+01 3.194297540817666103e+01 3.330120287204312035e+01 5.350286011273487929e+01
7.197000246949455970e+01 9.180620395472863038e+01 1.013399952708650744e+02 8.996952250898517889e+01 8.110362705775979464e+01 6.864245338672785124e+01 5.519839178330300200e+01 3.518215971658673169e+01 5.034369589591437943e+01 4.920583547875246921e+01 2.921355457916076048e+01 4.920583547875246921e+01 5.786334155597068474e+01 6.389992569154779289e+01 7.214291446705517785e+01 8.365805930953125369e+01 8.374645236463670983e+01 6.376945187740059851e+01 6.156049594761737609e+01 4.188855413114399795e+01 5.715093756715468487e+01 6.544961420571443966e+01 5.117937076756874859e+01 3.106951583578554121e+01 4.530788299824568099e+01 5.802052243501665174e+01 6.632261559230731507e+01 6.830340866207095019e+01 6.405039989663289646e+01 5.573476309781229077e+01 4.667268523784781564e+01 3.519193978566522674e+01 1.521198176137004232e+01 2.986425731395933170e+01 1.302538907418998271e+01 3.410544638781394156e+01 4.345288134873322861e+01
7.197000246949455970e+01 9.180620395472863038e+01 9.263687491728872203e+01 8.109454268485015405e+01 7.284349818763591600e+01 6.036980677288719477e+01 4.034100264286343673e+01 5.519839178330300200e+01 6.346256109161208769e+01 4.521324094638999469e+01 3.107788490665950221e+01 5.101990128680274239e+01 4.446793700891552703e+01 5.341428590179205571e+01 6.497371704778306878e+01 8.493136751453835132e+01 9.204784061759559677e+01 8.374645236463670983e+01 6.546826005037857499e+01 4.516835285996642568e+01 6.546826004522257847e+01 6.754606291830181419e+01 4.750104064988451569e+01 3.629285384417062943e+01 5.636092426908806630e+01 7.365246552316324369e+01 7.507980534909560788e+01 6.670662908771510047e+01 5.573476309768865633e+01 3.589845578522713510e+01 3.840737191723951582e+01 1.843945970270188539e+01 3.519172463871018408e+01 3.368027710062631996e+01 1.369429279013512613e+01 3.378810763570800901e+01 2.369261996770477552e+01
7.197000246949455970e+01 9.180620395472863038e+01 8.442663913062787628e+01 6.436405050613461754e+01 5.278179338042246371e+01 4.611139001703200790e+01 6.036980677288719477e+01 6.036980677288719477e+01 7.341419475586114629e+01 5.932995155834088052e+01 5.107033865865791000e+01 3.378507232304755092e+01 5.377902996349091325e+01 7.270885658763117476e+01 8.163211886854313093e+01 9.312471611091756074e+01 9.190774591515227598e+01 7.149904527142236077e+01 5.936104762989809558e+01 4.904843010264877989e+01 7.014021761252827503e+01 7.584612218009259266e+01 6.240333916988934249e+01 4.236291612386189342e+01 5.636092427026501639e+01 7.639620418101783628e+01 6.670662908771510047e+01 4.687383613622926504e+01 5.268272670185068307e+01 4.170837568341423918e+01 2.176545594880787604e+01 3.840737191723670207e+01 4.435263440494876619e+01 3.448223589192564731e+01 1.436544758309079839e+01 1.799084557027287801e+01 2.766661396387976524e+01
9.180620395472863038e+01 1.001053473180041067e+02 8.919694974998837722e+01 6.916814381944649881e+01 7.151726349773772995e+01 5.145823732739506795e+01 7.151726349773772995e+01 8.039502225439352401e+01 7.589159640714726152e+01 6.764334817717440274e+01 5.577881426110074869e+01 3.578300776469266253e+01 4.992086695106277006e+01 6.992115010473374070e+01 8.338040114927157731e+01 9.488636816861873058e+01 1.002346084398559185e+02 8.322710174118967075e+01 6.253492107976901337e+01 5.493654210866095156e+01 7.597532653543413517e+01 7.396656744318846677e+01 5.393846861971691453e+01 5.653685943572858719e+01 7.070218404419044589e+01 7.532464378780139214e+01 6.695035841892430994e+01 5.268272670185068307e+01 3.288326889646311457e+01 2.529827194290353987e+01 4.170837566404989616e+01 4.995636779401752392e+01 3.659026962926859028e+01 1.533534871120886578e+01 3.193902566241796137e+01 3.715827326050975188e+01 4.572021317668828289e+01
9.699356289850905455e+01 1.024115311712839116e+02 9.738630651065726340e+01 8.569500194190301556e+01 6.564465195038604861e+01 5.903120021118645866e+01 7.910411043056768676e+01 8.440581504659975565e+01 6.764334817720741455e+01 4.763244610667275225e+01 4.263518531485363638e+01 3.803010014635226810e+01 4.618853596877517731e+01 5.513808672365556873e+01 6.670262139716506056e+01 8.667910284866536585e+01 9.974588669807306474e+01 7.951458954050971784e+01 8.220262737752865689e+01 6.154900701885404146e+01 8.220262737760594973e+01 8.226745012721050898e+01 6.549985457634242891e+01 7.656627410291966385e+01 7.979298041781824224e+01 6.695035842715947183e+01 4.713458580178630797e+01 4.898295176781302729e+01 2.914097372865508717e+01 4.519913011863704355e+01 5.346850315370497952e+01 5.032235022982473538e+01 3.025819153749594292e+01 1.602331969793794642e+01 2.170268303590920667e+01 3.930887336070843219e+01 4.663930266814882941e+01
9.649332467828412518e+01 8.219519086571690991e+01 9.649332467828412518e+01 9.389925401841745156e+01 8.569500194190301556e+01 6.907368057025335872e+01 8.733699479935316390e+01 7.617437294452808771e+01 5.616734643648567982e+01 6.764334817717440274e+01 6.083096562587024181e+01 4.082620840951534547e+01 4.419523609206044767e+01 6.420402487452312812e+01 6.703276112806911158e+01 8.117598412676140640e+01 1.010667425813872313e+02 9.974588669807306474e+01 8.937705264451561504e+01 6.908471370081397822e+01 8.937705254453689463e+01 9.383538920560640406e+01 8.553231244170267189e+01 8.561330567688575854e+01 6.549957147950500769e+01 5.153272255468985463e+01 5.293849121829045856e+01 3.316079427611840913e+01 4.898295182959950722e+01 4.898295182949639326e+01 6.136227644992059282e+01 4.116628048702540354e+01 2.680672641051458172e+01 1.671400936715550145e+01 1.959527333716028252e+01 2.284855468751190344e+01 2.640285082319913457e+01
8.747790031162503510e+01 6.798404960666009345e+01 8.747790031162503510e+01 1.005616735663979142e+02 9.732553302541725770e+01 8.329526686404645375e+01 8.770555177217799780e+01 6.773296417152582194e+01 7.032925235066333869e+01 7.783435271769630504e+01 5.783163303452799653e+01 4.367918404773975283e+01 6.369029398171920775e+01 5.068398612874351272e+01 7.069715765245975092e+01 8.593153492696005458e+01 9.414003303741785089e+01 1.040845762438708277e+02 9.769313731869279138e+01 8.087839462562462245e+01 9.769313731869279138e+01 9.396847192831054940e+01 8.548167088497783084e+01 7.786994668093429084e+01 7.054686058574482388e+01 5.734900349715550760e+01 3.762459295459857600e+01 4.457959942564261269e+01 6.122961364140470408e+01 6.886319914202164227e+01 6.735215661470613213e+01 5.502310115135519197e+01 3.758330360600568554e+01 1.742569769811633051e+01 3.758524324384863746e+01 4.339908339328638220e+01 4.663956685940204494e+01
7.525130439728960141e+01 5.909326354968354877e+01 7.204723021920014503e+01 8.939040981875830028e+01 1.010504182855167983e+02 1.032317933923533104e+02 9.590838066190383415e+01 7.929243241885215809e+01 9.028574235594281561e+01 8.081804449508365451e+01 6.081668395740788213e+01 4.665786737757984781e+01 6.667494682593611799e+01 6.484479691575371874e+01 5.885881430781047641e+01 6.594261785363882211e+01 7.596154174048918151e+01 9.590154595215697952e+01 1.092935938081481027e+02 1.009864353963970132e+02 9.723298049098914930e+01 7.687911519790530690e+01 6.534294165529884424e+01 5.789929991790685904e+01 6.220156596252473946e+01 4.249036404657784516e+01 5.734900349715512391e+01 6.435694975489377612e+01 7.271642428809774117e+01 7.271777300123916632e+01 5.456811183967801782e+01 4.112671764686272269e+01 3.800400884143828506e+01 1.813978976003801336e+01 2.979462259218805542e+01 4.986467603194120812e+01 5.965907616083406850e+01
5.583347257299959665e+01 5.215989779590697140e+01 6.095681393886682997e+01 7.248934714542701840e+01 9.267206038861263551e+01 1.023547749347200835e+02 1.073716892681086108e+02 9.919808653389178232e+01 9.238950868063918165e+01 7.272752150456571485e+01 6.013630410966612772e+01 4.978682254470881219e+01 6.999967676404446593e+01 8.482600631491519039e+01 7.886441522321702280e+01 7.886448935397949356e+01 9.414131269198745144e+01 1.040847131710404199e+02 1.090432304734799231e+02 1.173438979866145786e+02 1.057583840787696658e+02 9.396847192831054940e+01 8.264392377034799608e+01 6.257873613577510952e+01 4.867839914748509500e+01 4.940699897992821832e+01 6.220153243201415449e+01 8.223999835355523658e+01 7.497686049313266210e+01 6.534064768027012349e+01 5.737551257561326423e+01 4.670044801094083908e+01 2.710165913948861061e+01 1.885758331708308688e+01 3.927918176029073294e+01 5.799176021999801378e+01 7.082207026697440710e+01
4.713185404843154913e+01 6.690540554951775221e+01 5.957854896398336564e+01 6.619484671707731138e+01 7.377064184676964942e+01 8.541695878909602868e+01 1.056631407951846739e+02 1.018967996383989600e+02 8.201432791022897106e+01 7.014626205034151951e+01 6.073441546524114187e+01 5.454676163790150412e+01 5.773704965043756232e+01 6.681015811721358943e+01 7.844966774024938161e+01 9.843481915268758087e+01 1.069621919274892150e+02 1.056504800404773334e+02 8.870827690727729475e+01 1.025846031582101148e+02 1.109257293221082250e+02 9.435717405220557907e+01 7.406922944225793515e+01 5.999630669538372274e+01 6.257873613513096700e+01 6.919907737233127420e+01 6.073290773875602611e+01 8.076408016454271888e+01 6.702949035781907128e+01 4.772153479340740034e+01 3.774730607756397660e+01 3.060137309589651977e+01 2.497939031306966484e+01 1.958048081501501514e+01 3.972291969774758513e+01 4.282920814548729993e+01 5.700685734847527186e+01
5.658295745785000719e+01 7.523386351610672307e+01 6.954034891434415044e+01 8.633784972862480345e+01 9.397400216390717276e+01 1.023547749347200835e+02 1.140401395466156345e+02 1.098250274796660051e+02 9.366310965329951443e+01 7.334391587009716318e+01 6.170494379582040523e+01 7.469211226395803749e+01 6.681015811721358943e+01 7.791355214289964692e+01 9.513009491836926657e+01 1.066378874096025271e+02 1.056659603450540317e+02 9.656485717218620835e+01 7.689516509684214896e+01 8.220994305647973022e+01 1.025846031582101148e+02 1.005655849941200302e+02 8.846902310075506648e+01 7.406922944225793515e+01 8.264392361340013338e+01 8.922371018534754228e+01 7.481833990222071407e+01 8.922371018534754228e+01 7.497686049320456902e+01 6.534064768027012349e+01 4.687759995978873917e+01 4.997602395417159471e+01 4.055118716472116347e+01 2.031189202967640384e+01 2.856860747465367112e+01 4.863156814542124806e+01 6.164722333041049751e+01
7.071112009263552522e+01 8.483928272742096510e+01 8.970668186854051385e+01 8.970668186854052806e+01 1.099450644426021313e+02 1.064257851796171224e+02 1.148238246004558789e+02 1.169239883954716674e+02 1.021885450036150331e+02 8.762656691169765111e+01 6.752977975202344396e+01 8.762656691169765111e+01 7.844966774024938161e+01 9.513009491836926657e+01 1.061183445261730753e+02 1.116692230643096764e+02 9.135539540452325014e+01 7.689516557834706134e+01 6.778152024342969639e+01 8.096646286894248590e+01 8.393864034529293860e+01 8.020181980855728909e+01 1.005655849941200302e+02 9.435717405220557907e+01 9.425807275437514932e+01 9.202965836240470310e+01 9.511836694418835236e+01 8.967985657812376132e+01 8.129614838375526631e+01 7.424077711413814029e+01 6.626850611859508433e+01 5.113057535378082719e+01 3.083212332725116767e+01 2.104746808467379537e+01 4.119523496723770961e+01 4.889503412292764750e+01 4.073055936642290220e+01
8.067311485592638576e+01 7.775126887998855807e+01 8.609140096234655459e+01 9.770062252390025037e+01 1.031427694951943579e+02 8.621119993523295477e+01 1.031427694951943579e+02 9.674597808389520992e+01 1.110165712271773089e+02 9.435738935558315177e+01 7.423088581207018422e+01 9.435738027776174874e+01 9.843481915268758087e+01 1.066378874096025271e+02 1.106943276775121063e+02 1.022248065758584659e+02 1.056659603450540317e+02 9.274173348222974766e+01 7.234636650714342920e+01 6.061639484847510317e+01 6.357264061491068219e+01 8.133235209529310339e+01 8.973182143536109834e+01 9.425807275437514932e+01 7.387772030697470882e+01 7.164790827474446644e+01 8.604074575537181602e+01 7.797645783068522007e+01 6.101250139057150079e+01 7.797645783068522007e+01 6.894856962393706112e+01 4.931626066630142446e+01 3.700006220367189513e+01 4.112176913360417529e+01 2.209468898054374364e+01 4.176056524547313842e+01 2.627234873494516165e+01
6.709771841403737369e+01 5.782030098328269219e+01 6.926395338717732386e+01 8.934515745310207535e+01 9.475488894721516431e+01 7.456733399082749258e+01 8.989758942665187647e+01 8.248319298004395250e+01 1.026559804733038277e+02 1.027573710729805754e+02 8.427827920746121038e+01 1.027573697153571430e+02 1.097167630040591035e+02 1.012440497023661976e+02 9.882389800778257438e+01 8.161783337130859195e+01 9.882389858432225083e+01 1.011168389568701684e+02 8.937134276343158490e+01 7.483068837991761768e+01 5.454247417948069199e+01 6.099797705903737466e+01 7.800127859027209354e+01 8.760188112465051802e+01 7.761758466297057169e+01 5.739240853805697640e+01 7.761758466297057169e+01 6.958537933209322546e+01 4.938088156836593612e+01 5.878562096553899607e+01 6.383496716686087069e+01 6.413117090295573064e+01 5.598459278760348212e+01 5.007712539918400552e+01 4.183513103921188048e+01 2.314609703401393404e+01 4.344236575719479987e+01
4.733796493429857577e+01 6.709764353468398212e+01 8.609140096234655459e+01 8.493845843038413079e+01 8.712471037677934760e+01 6.694572955124840519e+01 6.972982276222133180e+01 8.398128886485538658e+01 1.039393039439750197e+02 1.130141587377140411e+02 1.045236777802343084e+02 1.130218515976840052e+02 1.012438614154907981e+02 8.062974498832771530e+01 8.666703226824841977e+01 6.979148502161417866e+01 7.847096918725917192e+01 8.534745600320840708e+01 9.384756564815783975e+01 8.324082147130090448e+01 6.959229519430805055e+01 4.948741833765369336e+01 5.897189252382982261e+01 7.328681505865503709e+01 7.087585925377709373e+01 5.074143310230454773e+01 7.087585928799944668e+01 7.604197594748417544e+01 5.878562100298630355e+01 3.863684628399324339e+01 4.385290188759557140e+01 4.881174419412980825e+01 5.658346234753398818e+01 5.231683365996052970e+01 4.406899523893471127e+01 2.393828949608801082e+01 3.522471794944347323e+01
