MOVIE_S13_data/elevation_000159.asc
nrows	150
cellsize	150.0
xllcorner	0
ncols	150
yllcorner	0
NODATA_value	-9999
[rows 119 to 135 of 150, columns 74 to 110 of 150]
3.999486453547618936e+01 3.853773344915303767e+01 1.832334634522107919e+01 2.617649641542681493e+01 4.370033815550569756e+01 5.068495140494668050e+01 3.106941187033288188e+01 2.531464366223877249e+01 3.861953173498076097e+01 3.504485052061397710e+01 1.594268420631503780e+01 3.607274253248773022e+01 4.544944739230614772e+01 5.248414570976393634e+01 6.080751986125257957e+01 6.579330017952661080e+01 6.533487394517325697e+01 6.537555436903832629e+01 7.371525312215770498e+01 8.120051855481339942e+01 7.673483725297479907e+01 6.844661588565533350e+01 6.262304517443306651e+01 8.250596087892733976e+01 1.022702249251331352e+02 9.899637352226226028e+01 9.063553497097862532e+01 9.899639338565953040e+01 1.083285822667808276e+02 8.817028628869242368e+01 7.402266823532470141e+01 8.552437851477814945e+01 8.783995282418767658e+01 6.783733577644673574e+01 7.436348945125375565e+01 8.329262888190160652e+01 9.749847075295072329e+01
1.984853507462691979e+01 1.921078985336759715e+01 3.658350165282878663e+01 1.745416952108755027e+01 3.641551405325051860e+01 4.495548706101167369e+01 5.067488855220783250e+01 3.861357962078979966e+01 1.908578892328718624e+01 1.487583787151427650e+01 3.504485028694317350e+01 4.438716394841883783e+01 5.005971833024421613e+01 5.819884378534635516e+01 5.854853867524831657e+01 6.169031418588483717e+01 6.510203638686820682e+01 6.887813505028991301e+01 7.533688198456385976e+01 6.105012543446950701e+01 7.406264636777183341e+01 8.246553878519637237e+01 8.250596060780777918e+01 9.084673786835993781e+01 9.095516229643376960e+01 8.264869931051471497e+01 9.095516229643376960e+01 9.468605501375022016e+01 1.030505543230961081e+02 9.973004301908569857e+01 7.963893575800928204e+01 6.552780486920981673e+01 7.822270956791182073e+01 6.285648708835906007e+01 8.283940840656875082e+01 9.867153268160228663e+01 1.117731752373736640e+02
3.895199410533731310e+01 2.360976498359281806e+01 4.328110054048735122e+01 3.678769470144250420e+01 1.659122327730081992e+01 3.594383186184053613e+01 3.534659533302546208e+01 3.468464272892330769e+01 3.346709416632877065e+01 1.413518619734517046e+01 3.428082692570264811e+01 4.616276731697093538e+01 3.010080998715839939e+01 4.147072752123608552e+01 3.868718807383363156e+01 4.185423706074880812e+01 4.520844804044219956e+01 4.889689869395430577e+01 5.878512451913821479e+01 4.694726560257802817e+01 5.395081109684593201e+01 6.553657201071703753e+01 8.570947773251725721e+01 9.023181023295379077e+01 8.098301674359657909e+01 6.274967532287183758e+01 8.098301674359657909e+01 7.472679973935873932e+01 9.148192292576497664e+01 9.200086244610599806e+01 8.366696920296423912e+01 7.822270956791182073e+01 5.823976604902519227e+01 5.877732845291936314e+01 7.029515008585437386e+01 9.032446875329965508e+01 1.014035289961369273e+02
3.018669127113856376e+01 4.401748460305156385e+01 4.067470124966221334e+01 2.056413258935766564e+01 3.594407941724601585e+01 1.575233931483444394e+01 1.516202409823292463e+01 1.457240318637119714e+01 1.398352765534735020e+01 1.339565831481364455e+01 2.548575178201361524e+01 3.445949530293168550e+01 1.810340066374923040e+01 2.116393873084644639e+01 2.445603916730519600e+01 2.786434839068473934e+01 3.137868188047174201e+01 3.509598006038339690e+01 3.901354279656177937e+01 5.878512451913821479e+01 7.406264636777198973e+01 8.246553878519637237e+01 9.414470627187012042e+01 8.192601047601071684e+01 6.199981572613094727e+01 5.277900686098529093e+01 7.269918731669329759e+01 6.325142478933654644e+01 8.255191858624529289e+01 8.366696918189406063e+01 6.365065433060785693e+01 6.951329720586865335e+01 5.351545871587509140e+01 7.351271005025434135e+01 8.708578844486238779e+01 9.460498382962767039e+01 9.228833947126295811e+01
5.004032789118721780e+01 5.831477248210179454e+01 4.346520061695942871e+01 2.343257757893426430e+01 4.213152513976129399e+01 1.792175632503860072e+01 3.535007480511031730e+01 3.088187222831875189e+01 3.434140936606064543e+01 3.282297989719443621e+01 1.274576400076689886e+01 1.463027296656038523e+01 3.457025724744887896e+01 3.566128420036769597e+01 3.868615113049563803e+01 4.185423706074880812e+01 4.264516139952920071e+01 5.474926732623416115e+01 5.290783551431648135e+01 4.945947906645323400e+01 6.097808895231943183e+01 8.112708507373505995e+01 8.758956345649065156e+01 7.606527584112491525e+01 6.565633997534779098e+01 4.570355307301564096e+01 6.565633997534779098e+01 5.433645875080354415e+01 7.425749911721266017e+01 8.366696846271021570e+01 6.365065433042752119e+01 4.950066115985461579e+01 6.951329720586865335e+01 8.182963117802403019e+01 7.917050841819174423e+01 7.426627811912814536e+01 7.478098192955695822e+01
6.558036516692487794e+01 6.050754531693140592e+01 4.044774454211039938e+01 2.635229621287402679e+01 4.614272066191577437e+01 4.426685016845736698e+01 5.263261118051968879e+01 5.287268838178441399e+01 4.013769614710475508e+01 2.257219575667287614e+01 1.229366691200856998e+01 2.392143402537661956e+01 4.212435524794262420e+01 5.569796887125977491e+01 5.851399982118822152e+01 6.169031418588483717e+01 6.249607612595394812e+01 7.086088275975953366e+01 7.297415534423849692e+01 6.358797317343563549e+01 7.788556778062350361e+01 8.955000273953521628e+01 7.928817569877917038e+01 5.936093914976885344e+01 4.783649395504475876e+01 4.035484373451016893e+01 5.829453106156010023e+01 4.726939724159641543e+01 6.721424138674858284e+01 8.106113589188177571e+01 6.104543035962828412e+01 4.688963601625108879e+01 6.334118498152196963e+01 7.084573815215169645e+01 5.897655766254370491e+01 6.002749065054482003e+01 5.463857019339930332e+01
7.406033799934051842e+01 6.242492460381560448e+01 4.929618010599246958e+01 2.935231435691465407e+01 4.081433044806754395e+01 6.088260220950206758e+01 5.820324309609341640e+01 4.603705507235022054e+01 3.383816631720738144e+01 3.146554231922635125e+01 1.184218572713774087e+01 3.195632902106327222e+01 4.297104473294746896e+01 6.177217229047399627e+01 5.976931113206762802e+01 6.196831372612044930e+01 7.029753585658781390e+01 7.272393969168155081e+01 8.105928007145372760e+01 8.375260378391438110e+01 8.264768289248723931e+01 7.436587934814328094e+01 8.264768289248723931e+01 6.927128021169278327e+01 4.932593050389458256e+01 3.518795468053500741e+01 3.832245449145343485e+01 5.245476348364219632e+01 7.239297499155337334e+01 7.648744337939420745e+01 7.521841615601870501e+01 6.334118497950416327e+01 4.332171251997271355e+01 5.805009551007879764e+01 4.479244381399848152e+01 4.845051783827913994e+01 6.002745998996189059e+01
6.569618853129418312e+01 4.555951223396042593e+01 3.409880940253873405e+01 3.927056960529297669e+01 5.763693716300267056e+01 6.924281892595101340e+01 4.956999173342279619e+01 2.919198740064704367e+01 2.217643516242382873e+01 2.340498050348969272e+01 1.139101300495431701e+01 2.688923307053079625e+01 4.816849472546083888e+01 5.392151556490470909e+01 3.974516717908764463e+01 4.193367089746065091e+01 5.631152660469984284e+01 5.262292093624049016e+01 7.223111964405860874e+01 8.385337347554390419e+01 7.267670909900385823e+01 5.444551015486533174e+01 7.267670909900385823e+01 6.511238725084960777e+01 4.515686888093710394e+01 3.100247297027028637e+01 5.100170476408013087e+01 6.656922904024163756e+01 7.648744307839324108e+01 5.622213136156449309e+01 5.994088467901713102e+01 6.692177107023417193e+01 5.841754756608167298e+01 3.986912431134772561e+01 5.994775475229678818e+01 6.856326394289405357e+01 7.694582801111715753e+01
5.342097709719062237e+01 3.927683840540327509e+01 5.407027305044412202e+01 5.340937389719631057e+01 6.768183723981363187e+01 5.468439830206549601e+01 4.607126116376234393e+01 3.412017934066664537e+01 1.432055717019627750e+01 1.075385710205873480e+01 3.050313503529693548e+01 4.124977043318095582e+01 4.763850032854463734e+01 3.958345029140385662e+01 2.562197382285496516e+01 3.079605175036195774e+01 3.631838272447532745e+01 4.383351466480718983e+01 5.538478192729836991e+01 7.551658088206013986e+01 6.440569475150429923e+01 4.445362063556850529e+01 6.440569475150429923e+01 6.203315733010588673e+01 4.206812623357251368e+01 2.788315661353462005e+01 4.791574845514681869e+01 6.477700659814000517e+01 7.100823354416542088e+01 5.967662379997701549e+01 3.950563178023850242e+01 5.343486800627849220e+01 5.515308896318617826e+01 3.791161431168510632e+01 5.204247950833011771e+01 7.197473858139406389e+01 7.911714138425089970e+01
4.571298513156568788e+01 4.678684620027596708e+01 6.696568863399384952e+01 7.359562721307851518e+01 6.076878760997696816e+01 3.998331649985213687e+01 2.515299585089229950e+01 2.015176275304505893e+01 3.085425412058662076e+01 1.030724408958426963e+01 2.673849280318567168e+01 3.540237377619260428e+01 3.421035545926936550e+01 1.954275225778789249e+01 3.958344762867092470e+01 5.076642504209172557e+01 5.631152660469984284e+01 6.389348133625701109e+01 7.223111964405860874e+01 7.437343838633078974e+01 5.775500337952575336e+01 3.777678228989170606e+01 5.775500337952575336e+01 5.954873052976586223e+01 4.483386653954377010e+01 2.487978672505009925e+01 3.651492222368864304e+01 5.650115106810153520e+01 5.757242426160527771e+01 4.352357350976495098e+01 3.175432248090759657e+01 3.345743789952973657e+01 3.518061957500808745e+01 3.925820932978025013e+01 5.918010246384571360e+01 7.027956943458434580e+01 5.935573181165023016e+01
6.588273361242879389e+01 5.684680965251720153e+01 7.533290684220766309e+01 7.005050673087164625e+01 4.929920054799487872e+01 3.456951075175240362e+01 4.607126116376146285e+01 3.481897662955459083e+01 3.622941252566508297e+01 1.879099209330057363e+01 9.676744166258181679e+00 2.913043005547051223e+01 1.414638943436532337e+01 3.422393100669735588e+01 3.958343207451120804e+01 5.961342475087283077e+01 6.240655077746038870e+01 7.030696062621592546e+01 7.571822333763654456e+01 6.419610652406184670e+01 4.614342079074339864e+01 3.197533942263071793e+01 5.198778722430282784e+01 4.791660854307048112e+01 3.330189789525850586e+01 2.201016634534380856e+01 4.214978304366896111e+01 4.565647320350243632e+01 4.712243423920099872e+01 2.940326115267395934e+01 4.940980603686291062e+01 4.759402837017307064e+01 4.930922389158946118e+01 5.917900974823263027e+01 4.543085168062102497e+01 5.043726342260892892e+01 7.027957035714078415e+01
8.118375925209045363e+01 7.116038371024451692e+01 8.544328911530841708e+01 7.005009967743752952e+01 4.929919949400836998e+01 4.929928991505424563e+01 6.397028420957458650e+01 5.626690569827290744e+01 4.615736745651418715e+01 3.598077380993187546e+01 2.289650732981272796e+01 9.047598652154555054e+00 2.678824257338956727e+01 3.123270373960090396e+01 4.008776447261253395e+01 4.844623150016839475e+01 4.266374359352571588e+01 6.240654645711269666e+01 6.744163334888527572e+01 4.749491638763562662e+01 3.593334365266997565e+01 2.691794827956633540e+01 4.093432949238906815e+01 3.860995395819817588e+01 2.015725318952658540e+01 4.032994546190634111e+01 2.410461669699428455e+01 2.559095707571639267e+01 2.708419969021518980e+01 4.712243423920099872e+01 5.768178247064152941e+01 6.759764171940196320e+01 6.918923965245997465e+01 7.350203345773213925e+01 5.695134774155359025e+01 6.448640811882610535e+01 7.851536800422655915e+01
8.953797727823658192e+01 9.138681274546009092e+01 9.156409786199961331e+01 7.868841923704097496e+01 7.004984381122861237e+01 7.005557992132754919e+01 6.476580546361878987e+01 6.441612322566599858e+01 5.622096575312730948e+01 4.853611082898461859e+01 3.668494648097371424e+01 2.847909213434046194e+01 8.423652026874469456e+00 1.001249587139646735e+01 3.125354564789600076e+01 2.853599178487295163e+01 4.266374309391598274e+01 6.240632227627378370e+01 5.570307637001997847e+01 5.992743459371048687e+01 5.165161834925388717e+01 4.093432961453449082e+01 2.077742035123075226e+01 1.841578737098247842e+01 3.860997060589438235e+01 2.593238888969522904e+01 4.420078050362347710e+01 4.565647320350243632e+01 4.592680510254080417e+01 3.229256705477487088e+01 5.229431999998229941e+01 5.783759960678233369e+01 7.778775718745197310e+01 8.499223351802493198e+01 7.674577404754275278e+01 8.424397291909632202e+01 8.794965448684166631e+01
8.821674730054635916e+01 7.976219951846738354e+01 7.102226484088167524e+01 8.550235181510983296e+01 7.078017207559375379e+01 5.843359868885904262e+01 4.347238464127621427e+01 5.622096575312730948e+01 3.510913331879881127e+01 4.130481935553292061e+01 4.243012215324952763e+01 2.219851068603757582e+01 7.983318164572104081e+00 2.801382688136125765e+01 1.880207119904341440e+01 3.906530175233648094e+01 5.648343928909695677e+01 4.982837827700292621e+01 3.567943310635684639e+01 4.676955109995499527e+01 3.159401949827007883e+01 3.527527709965850278e+01 1.670036963378937500e+01 3.690326442136607454e+01 3.860997064731236605e+01 4.600878050367264649e+01 3.189893875354000485e+01 4.606476001728127301e+01 5.973893876237750789e+01 5.229431999998229941e+01 3.785096052672363243e+01 5.783760779951321496e+01 7.099323138117345877e+01 7.803082869787240838e+01 8.631078766937557134e+01 9.782260767858167583e+01 7.963744984608388222e+01
7.375541192826658232e+01 5.905446181256608185e+01 5.629212406617010345e+01 7.517497675447040706e+01 6.193819779238111778e+01 4.070522676711317445e+01 2.830822334661563389e+01 3.823061860761252717e+01 3.537154553549384417e+01 2.008724428906244697e+01 3.012644679467718589e+01 2.718144990665438243e+01 7.537354847665745261e+00 2.709313161393531644e+01 3.834203107132668720e+01 4.651721696322605482e+01 3.986670986138137351e+01 3.180963529240409571e+01 2.141253820595965607e+01 2.669070865564361483e+01 3.367280366361021038e+01 1.507418243948617054e+01 3.527527709965850278e+01 4.519673266458126193e+01 5.862713150815575602e+01 5.637785297111069127e+01 3.639523456602358920e+01 5.637785297115444649e+01 7.430080260151133587e+01 6.610799862562086560e+01 4.785939610351483964e+01 4.471745592953875104e+01 5.105149222429561462e+01 5.812538193797724517e+01 6.961875861076111960e+01 8.952155257657548759e+01 8.795809042814110512e+01
7.863034830932669195e+01 5.790658199732178701e+01 4.571755931524306504e+01 5.874790786540446419e+01 6.369276657306354394e+01 4.275557174599290278e+01 3.823061860761252717e+01 1.702786892206897562e+01 1.429852247224792450e+01 1.170436441079949219e+01 9.293317775037962747e+00 6.901785194536697254e+00 2.156594908064250049e+01 3.038073178261542751e+01 4.257596055610680708e+01 3.707243249504896454e+01 2.798399002054263818e+01 1.024631134764429241e+01 1.131418256463541461e+01 1.239359836845847873e+01 1.348926714482887412e+01 3.241971375081034523e+01 2.521995167369151503e+01 3.943708682150571576e+01 5.937664034593513662e+01 6.122006559528853842e+01 4.125511148428438446e+01 5.538224268424690422e+01 7.531381684185768677e+01 6.781581949486499639e+01 6.781581949486499639e+01 5.626581673189794941e+01 6.102997206003364994e+01 7.803082529947610624e+01 8.631078766937557134e+01 8.914218923886627977e+01 7.753637461395909725e+01
8.708840687229346145e+01 7.347434408821122531e+01 5.264801825649556122e+01 3.756113211020221598e+01 5.168564928033708838e+01 4.278335601857492065e+01 2.142539039165795245e+01 3.823061860761252717e+01 2.637858325091709943e+01 2.643799737104964009e+01 2.935895374152897475e+01 6.626562112679203587e+00 6.312795428688675159e+00 2.180555218082941948e+01 2.320943459948428966e+01 2.735695727059816207e+01 8.686350604210010928e+00 2.593849352704445010e+01 3.123724676153353386e+01 3.257636717536584570e+01 1.990294526199560110e+01 3.905830175908137392e+01 4.527489832881413889e+01 3.943708682150571576e+01 5.937664034593513662e+01 6.752640064629198946e+01 4.758401819696697288e+01 5.756181574789980004e+01 7.749741076778299487e+01 8.775995101500377871e+01 8.447176464754967640e+01 7.619085729473835045e+01 8.095961544556925560e+01 8.924899528964553497e+01 8.811339238930999329e+01 8.083866731676593531e+01 6.072299280944114486e+01
