MOVIE_S13_data/elevation_000503.asc
nrows	150
cellsize	150.0
xllcorner	0
ncols	150
yllcorner	0
NODATA_value	-9999
[rows 34 to 50 of 150, columns 111 to 147 of 150]
4.575615286478312527e+01 6.602478697867982760e+01 7.833966210912788597e+01 8.008199029933372515e+01 1.002100259816885313e+02 9.268426721661091960e+01 9.377160100792414710e+01 1.076198783901086813e+02 1.184556732727961332e+02 1.049068778765543755e+02 9.333408350485230187e+01 7.607554170882413302e+01 7.607554170882413302e+01 7.073902777236369843e+01 5.073456463248685822e+01 7.073902777236369843e+01 6.994052511151558349e+01 7.506969676112778700e+01 5.511349925263747451e+01 4.112130909222876340e+01 5.249991298304284015e+01 3.648390291556272302e+01 5.627367431976958301e+01 6.847798249505967760e+01 6.724752857930651828e+01 7.553838274332950675e+01 7.974283542092167920e+01 6.820373482251949326e+01 5.992984181832215995e+01 4.774847761989063599e+01 4.240320524887530951e+01 4.554310214755926012e+01 5.966003899544755740e+01 5.190695459254472865e+01 4.363268600288805033e+01 3.656307331758039680e+01 3.051373306181805489e+01
6.602478697867982760e+01 5.148057578392567990e+01 7.176094028379765177e+01 8.869896255318430178e+01 9.875082749245379432e+01 1.123370902752472631e+02 1.134125620704773070e+02 1.068606896895375229e+02 1.044165550931650586e+02 9.037743691353398390e+01 1.024684836561977050e+02 9.610454051202506776e+01 8.488808825776200706e+01 6.487829502447449670e+01 5.780870386190552068e+01 7.781085674254723017e+01 8.401536940414280252e+01 6.403608755120801277e+01 5.252399742799587301e+01 5.511349925263896665e+01 6.451167506971448518e+01 5.627367431976958301e+01 4.043195372773320884e+01 6.023410446777862148e+01 7.891702635992095338e+01 8.890639967813324063e+01 7.147537235628877283e+01 5.147792686419256114e+01 3.993077588707087244e+01 3.360621660866822680e+01 2.826099115975279474e+01 3.140105253973310084e+01 4.967133346025085672e+01 4.591634704498909514e+01 4.103560307815746455e+01 4.938583619116065648e+01 3.414675835030084272e+01
6.061475233360285841e+01 6.586397790321596801e+01 6.019286708646434647e+01 7.031986004393860412e+01 9.040095813037453354e+01 1.036147932043581932e+02 9.537785721121245786e+01 8.697184042227657130e+01 9.443843995832673954e+01 7.619418359194779100e+01 8.253327061826897193e+01 1.024684836561977050e+02 9.319974191729981783e+01 8.488808825776200706e+01 6.675095382375286590e+01 8.611579007801317687e+01 9.219809042171431201e+01 8.070100089378793484e+01 7.248032564813554757e+01 7.506969676803848301e+01 7.670248309491535110e+01 6.312716433882040690e+01 4.329334514830693337e+01 5.069478039649393253e+01 6.065218522568579829e+01 8.071060346952276632e+01 7.625508362300715248e+01 5.626082744849161088e+01 5.992984181832215995e+01 5.360558187645911943e+01 4.140077538195764362e+01 2.140104755531431024e+01 3.562735125695081706e+01 2.592063979673881491e+01 2.100077108749722399e+01 3.774351228280541193e+01 3.422020293354859888e+01
8.077839575800254579e+01 8.599746683980222883e+01 7.031986004393860412e+01 8.869896255318430178e+01 9.875082749245379432e+01 9.537785721121245786e+01 7.533703752331079784e+01 7.272217524211632167e+01 8.619145037066304837e+01 6.598653509530235795e+01 8.619145037066304837e+01 1.013356250555515032e+02 1.095686703055849023e+02 9.507154861715652316e+01 8.089055546718380185e+01 9.507154861715652316e+01 1.018470820444443774e+02 9.371295275311553041e+01 8.617594628083030273e+01 7.982990750615866204e+01 6.845923179021966121e+01 4.850846222391502494e+01 4.947275672036850125e+01 6.944199053805095900e+01 7.891702635992095338e+01 8.890639967813324063e+01 8.451804969048627925e+01 7.430944870423708437e+01 6.603214270979439959e+01 6.163755266123314414e+01 4.749752930307809606e+01 3.562735125970387173e+01 1.562754486045151125e+01 1.177854306585367716e+01 9.453590290977270882e+00 2.627079684213028088e+01 2.417487924823005230e+01
9.986344788160415931e+01 9.875082749245379432e+01 9.040095813037453354e+01 9.875082749245379432e+01 1.014316902994966654e+02 9.537785721121581162e+01 7.533703752331079784e+01 6.093139749468075195e+01 7.213939624633698600e+01 5.980523202680802086e+01 8.009943919890932307e+01 8.138038091452959577e+01 1.013356250555515032e+02 1.064465580796250777e+02 1.009249923095464396e+02 1.076416451799247938e+02 8.794349944380772399e+01 7.377190799756463946e+01 6.610800963312391332e+01 5.971828426859244132e+01 5.418539330955331934e+01 6.845923179021966121e+01 6.944199053805995447e+01 6.010505185101942516e+01 8.016389113452031268e+01 8.602683456003997264e+01 7.448442160743741169e+01 6.554215042462784879e+01 4.603295505642368823e+01 4.970287436948525084e+01 3.335750594492304799e+01 1.921532923177688801e+01 1.609185399399495608e+01 3.177832655083088653e+01 1.443632701371185867e+01 6.271361154274322836e+00 4.174791480830477575e+00
1.014360935292350092e+02 9.314784334854397230e+01 9.242362850841691113e+01 9.466606649045593258e+01 8.132813460862061561e+01 9.542657683991899376e+01 8.813023927781361522e+01 7.213939624633698600e+01 5.182320205458065487e+01 5.871933541346722052e+01 6.705411600458577936e+01 8.722513660320176143e+01 9.560418536014799429e+01 8.654355024862388746e+01 1.006117252921582264e+02 1.121028786857088875e+02 1.018470820444443774e+02 9.371295275311553041e+01 8.617594628083030273e+01 7.982990750615866204e+01 6.050384976099206824e+01 8.061010208267123289e+01 8.836238856769341510e+01 7.172894798316058029e+01 8.836238856769341510e+01 7.775284091202411219e+01 5.775381242567219431e+01 4.620647721487145532e+01 3.726216906402628837e+01 2.970287717484146128e+01 2.392937444033494643e+01 3.921532807737270332e+01 3.609337681540073106e+01 2.708543793002698052e+01 2.627098824537962685e+01 2.041351160812372711e+01 2.417487925677680849e+01
9.047798629797632941e+01 7.339410051880018671e+01 7.142793775995339445e+01 8.126845554815946571e+01 6.668407525007073389e+01 8.590288205902649565e+01 7.985187535178314988e+01 5.959240871260483630e+01 4.787993015001406860e+01 6.223146203169044810e+01 8.245564703626141068e+01 7.553792266031247493e+01 7.553771359736312263e+01 7.229338832575665208e+01 8.395541849581397287e+01 1.038716450230653976e+02 1.040656289262428658e+02 1.071704952020644726e+02 8.744841030951084804e+01 7.327916757091524858e+01 7.477505432823284082e+01 8.880620636911967836e+01 9.983776510440118557e+01 9.168623775875519755e+01 8.493082231256413195e+01 6.494985361447352545e+01 5.340800478405170537e+01 4.340933913054334425e+01 3.674277109930619645e+01 3.041822990407152361e+01 3.546480244397697135e+01 5.205500061502296205e+01 5.533712074306829010e+01 3.863240868137116024e+01 4.626718250519785869e+01 4.041394613056102969e+01 3.989985102359453606e+01
7.086021982719607593e+01 6.387376574010416874e+01 5.724125157678004427e+01 7.008695305109299056e+01 5.748489133428639519e+01 7.773072790203981697e+01 8.185783704575705144e+01 6.490843984675917966e+01 4.467175583613282441e+01 6.490843984675917966e+01 6.813810266384993497e+01 5.527295619614669420e+01 6.140096805768587274e+01 7.577144036567852936e+01 9.580795289853429608e+01 9.829135495927216937e+01 8.432965569301468634e+01 9.829135495927216937e+01 1.013678446291861661e+02 9.322487523540301879e+01 9.469715350853104496e+01 8.972345249340862949e+01 8.972345249340862949e+01 9.770761731510067705e+01 9.319819660350130164e+01 7.753277359538613211e+01 5.754800007699141418e+01 6.110108330717280722e+01 4.110837545643151003e+01 5.041453144841003819e+01 5.518702822094655858e+01 6.326354757609007606e+01 6.686174555301327871e+01 5.862305571060186793e+01 5.671495315177331520e+01 4.843074933465238985e+01 3.161557977960459809e+01
9.047798629797632941e+01 8.062886637678819568e+01 6.156020154516522780e+01 5.017267383941895531e+01 5.033705309471721279e+01 7.040471137709303662e+01 7.351225624650105317e+01 5.322592660254003505e+01 4.158398320632185374e+01 6.177909065308283232e+01 4.790027296077013119e+01 5.958989894246394670e+01 7.981493405855748335e+01 8.990840061165452823e+01 9.202465871189754409e+01 8.384163482447628724e+01 7.034363085823162010e+01 8.945350860154513839e+01 1.008603946564234946e+02 9.770709833836221492e+01 8.416027624110107297e+01 7.061293516710134099e+01 7.061293516710134099e+01 8.972345249340862949e+01 8.931285419031813433e+01 8.580239741678798282e+01 7.753277359538613211e+01 6.937542588497076679e+01 5.265347011625064511e+01 6.937542588497076679e+01 6.588445312529752584e+01 5.759878762585140066e+01 5.541091364205101399e+01 5.114689607333112065e+01 4.843074839639030671e+01 2.843074811142688318e+01 3.428861315218500749e+01
9.596057131325176215e+01 8.546762199079162770e+01 7.635345397778711174e+01 6.400885522632374602e+01 4.399373672061592089e+01 6.051213611677586357e+01 6.895702882576834725e+01 5.883607810374069658e+01 3.866521704035938001e+01 4.170931327211967954e+01 6.189257282557892381e+01 7.645633405948294126e+01 8.809068229390048543e+01 8.502199002645903647e+01 7.683150163742725169e+01 6.401398397014330044e+01 6.142257355950309972e+01 7.291934426790255941e+01 9.267795350224525919e+01 8.947237121078244115e+01 7.061291394543964373e+01 5.700818408034218265e+01 6.762177497056534037e+01 7.557117484672033925e+01 7.014589033669123808e+01 7.786729595459814846e+01 8.586481294717400203e+01 8.091186886566561043e+01 7.264073752731697198e+01 6.176663871757732238e+01 5.348242639011166943e+01 3.759869630047894162e+01 3.541089918617863930e+01 3.114688484645312272e+01 3.315574914184137612e+01 2.950426476674006437e+01 1.428861247989221006e+01
7.415273370913762108e+01 7.580328450775860460e+01 6.819762264341923697e+01 4.816863283361747960e+01 6.082408764140364354e+01 4.081058003600995221e+01 5.773608021576347937e+01 5.576961265663819489e+01 3.580473254013222117e+01 5.595171289354850330e+01 6.549699667757670341e+01 7.374300018659519651e+01 7.930362474968174524e+01 7.108901112719949822e+01 5.693212766487234688e+01 5.244936105039288066e+01 6.659081603091983936e+01 8.640458727123522920e+01 9.249785212295290648e+01 7.363029686154490605e+01 6.263695939978143201e+01 5.474820357561653594e+01 4.828290755654160193e+01 6.003855692961878532e+01 5.650529624117498884e+01 5.861056159044685643e+01 7.473831142291770391e+01 8.437624710640122316e+01 6.762454834765527778e+01 4.762456767456274065e+01 3.348243215685879193e+01 2.681576549019235856e+01 2.126876352793997071e+01 1.700474920082768548e+01 1.315574740623011252e+01 9.504263689528974268e+00 6.123646670614878218e+00
5.911415352831532033e+01 5.576091507619334919e+01 5.254492500821456957e+01 6.819762264243766481e+01 6.907528496559922360e+01 5.773608021566697346e+01 3.772275140195463194e+01 3.558766535258695995e+01 3.347502681764964905e+01 5.129114525358580323e+01 4.545308398813307349e+01 6.545854254579067799e+01 6.779605283504399438e+01 5.113739729754105667e+01 4.534266231450776985e+01 5.538573187279244792e+01 6.950130847990092775e+01 8.929741405766355911e+01 1.004017858052030476e+02 8.947237121078244115e+01 7.646104248457029939e+01 5.796701815696878413e+01 4.431365054051452290e+01 4.056522629634482513e+01 5.760621457225408903e+01 4.735375770955222663e+01 5.711604839334402328e+01 7.638278197814059922e+01 6.762454834765536305e+01 4.762456767456274065e+01 4.681576164569425202e+01 4.681576164569424492e+01 3.281576891268218787e+01 3.114688484514342548e+01 3.315574914184137612e+01 2.105126907348474674e+01 2.612364729597147317e+01
7.915523608866794802e+01 7.580328450775860460e+01 7.258353843587731546e+01 8.082831753769495720e+01 6.833256463698029393e+01 6.018196929538051165e+01 5.714585903742328554e+01 4.991197138884994899e+01 3.327266592086825625e+01 3.126766907739353840e+01 4.901980482972474107e+01 5.767095699717574320e+01 5.464067821454684548e+01 3.954961384766581745e+01 5.113739508556352575e+01 7.108713300596295426e+01 8.349109989670051846e+01 8.081018257538053717e+01 8.670835461577090086e+01 9.216991563897643402e+01 8.035855222183549529e+01 7.153342539567816516e+01 5.544956875830606435e+01 3.589263209068275984e+01 3.806652297136597696e+01 5.193977966947406344e+01 7.128443428994660280e+01 8.437624710597732758e+01 7.590870976057610164e+01 6.762454834765537726e+01 6.681572408509740058e+01 6.110026706935683194e+01 5.281577853502472664e+01 5.114689381057664264e+01 4.933561274858567458e+01 4.105127162180725264e+01 3.417519697160209091e+01
9.114978636988803373e+01 8.302852899764343420e+01 7.561162009450808341e+01 6.907994662710628120e+01 6.018196929538107298e+01 4.033625489520566987e+01 3.822667369084009437e+01 3.615007097013234016e+01 5.318903894998407367e+01 4.957141197965317758e+01 2.954566725656757598e+01 4.956853454590739716e+01 3.461492276385371269e+01 5.464067821454684548e+01 6.779605283504399438e+01 7.928882664211772635e+01 7.499576405316174998e+01 6.081021239301416870e+01 6.666806803590043273e+01 8.392000177382942638e+01 6.392970597186976534e+01 5.247183034135345991e+01 5.194223693693723476e+01 3.231625356905459512e+01 3.255517218663532475e+01 5.216354474094187310e+01 6.629768253410786372e+01 7.236685658571730073e+01 6.404020781090621028e+01 6.404020781090704872e+01 6.559010772077573392e+01 6.819223059011353882e+01 6.348307177110021371e+01 5.193606638680174825e+01 4.365179513910079123e+01 3.658072732723518783e+01 3.055050043567946361e+01
7.731370707995323244e+01 6.340624817368200183e+01 5.574330810210526721e+01 4.919573249877739585e+01 4.340502929336745552e+01 6.018196929538107298e+01 5.231701925112004403e+01 5.025182219722098864e+01 6.419564471450853205e+01 4.836760217423545072e+01 2.833998412581280135e+01 2.989112464371816813e+01 4.991796556686165331e+01 5.665942402063451766e+01 6.490128748665131297e+01 7.640684297444077799e+01 6.666806803590043273e+01 4.664030235738342611e+01 6.666806803590043273e+01 8.212631732094560277e+01 7.095180037442729315e+01 5.964633606713105252e+01 3.997086922811306664e+01 4.711731876580915213e+01 2.740309582864847471e+01 3.886234297606048216e+01 5.837924884441122941e+01 6.404020781090632397e+01 4.404086955971768447e+01 4.404086955971768447e+01 4.558566734582856128e+01 4.817871596781785115e+01 5.519880052289371264e+01 3.519880052289300920e+01 2.365179513910008424e+01 1.658072732723448439e+01 1.055050043567910656e+01
9.114978707046016382e+01 8.302852899764343420e+01 7.270598462031166775e+01 6.099649079090492876e+01 4.576316261361350968e+01 6.677648549126715238e+01 7.203515910330692407e+01 6.999521768660417820e+01 7.113548584521987550e+01 5.220964675254140985e+01 3.284904516654282958e+01 2.664217762780145904e+01 4.510572285932579462e+01 3.664784008340659938e+01 4.822410282207781052e+01 6.818332923322331851e+01 5.958718357425317436e+01 3.954144061243147945e+01 5.958718357425317436e+01 7.410914653887346049e+01 5.475445267989208986e+01 4.346310694548015618e+01 3.599734904486656006e+01 2.936591841447781448e+01 2.465834208873917888e+01 4.110310105421343962e+01 4.919555961133806221e+01 5.986001551476687155e+01 4.989854011424741032e+01 2.992726456359325837e+01 3.147094371432945792e+01 3.406104375996975620e+01 5.404053868531212856e+01 5.193606638680168430e+01 4.365179513910079123e+01 3.658072732723518783e+01 3.055050043567946361e+01
8.087302599825558502e+01 7.780311055223363326e+01 7.459171856425876967e+01 6.766722066615736253e+01 4.817329816268138387e+01 5.981719663673148801e+01 8.014150771600121459e+01 7.450641968625519951e+01 5.420689704183930502e+01 4.295438361294325347e+01 5.205583512225877030e+01 4.510579261435675136e+01 2.507812222683993042e+01 4.356143375643889470e+01 5.182421479515375751e+01 6.447672170318691087e+01 5.354316466077403902e+01 3.349509909283908371e+01 5.354316466077403902e+01 6.733289237841515273e+01 7.095180037442729315e+01 6.293470882930775900e+01 5.557513508464134588e+01 4.790611484829555167e+01 3.532358827505575505e+01 2.133117156197116770e+01 3.278489971322814256e+01 4.030261008513269161e+01 3.134323475527647673e+01 3.988991806577295307e+01 1.994219516366774414e+01 3.991290233892028994e+01 5.422065582747077883e+01 4.806480186981920610e+01 4.887980245343080554e+01 4.430892003443167937e+01 2.419534867727852756e+01
