MOVIE_S13_data/elevation_000871.asc
nrows	150
cellsize	150.0
xllcorner	0
ncols	150
yllcorner	0
NODATA_value	-9999
[rows 51 to 67 of 150, columns 111 to 147 of 150]
9.087458669718527915e+01 9.672748006567121593e+01 7.895148501992215984e+01 8.480733120962625549e+01 7.572594575003803641e+01 5.575076296951765897e+01 5.264490547483043770e+01 4.967790216126967096e+01 6.559960247982353110e+01 5.717523049712019656e+01 7.099465770116378849e+01 7.926703539298628698e+01 6.331901647729277727e+01 4.334256958450357899e+01 2.919242554526052658e+01 4.911720002842599087e+01 5.918012708221659324e+01 6.786925400620580717e+01 6.127332246278822936e+01 5.299020072616814758e+01 4.574122445104011803e+01 3.746523545003573474e+01 2.151021099781087287e+01 3.560345406064473650e+01 5.557433314978032968e+01 5.551869809507310549e+01 4.534358499145186272e+01 3.298963085883767832e+01 1.302325329415829458e+01 2.769169050599386139e+01 7.692275746294515493e+00 6.884483354574982172e+00 2.434543075755953723e+01 3.381508655479348135e+01 3.088758131661433737e+01 2.158113666322438817e+01 1.582464127341761673e+00
9.087458515638360268e+01 7.673287239997809195e+01 6.965712220690819834e+01 6.480541358609816882e+01 6.073031498600673928e+01 7.572594575003803641e+01 7.260634631079049939e+01 5.378482156339459408e+01 4.565226776654632346e+01 4.307690351978473586e+01 5.103382504168480693e+01 6.521589226344835311e+01 6.074008137284775444e+01 5.053087063703371484e+01 3.052804397720644047e+01 3.760474775841640849e+01 5.174318087755698770e+01 7.223227746805291360e+01 7.449823358125144068e+01 6.461123782450506781e+01 4.585711457666948832e+01 2.591560235206535623e+01 4.145277888568579527e+01 3.560345401369911400e+01 5.557429832236228151e+01 4.727851314641677050e+01 2.733161033989059518e+01 1.733698620574095628e+01 3.300892973629884608e+01 3.187837243182801217e+01 1.259055817068347061e+01 2.688413097313461009e+01 3.490017510581102300e+01 4.617435966657669866e+01 2.948176523015201766e+01 9.431199070896839842e+00 1.522768788635997694e+01
9.449188837708291544e+01 8.035243634130938517e+01 8.965826656041201659e+01 8.480733120962625549e+01 6.828346211875202698e+01 8.639261796244471725e+01 6.640382550919470361e+01 6.559960247943921274e+01 6.559960247914546017e+01 5.947028209396449938e+01 3.951781186832047865e+01 4.797718590484797829e+01 5.246856958036890006e+01 3.247193973715646820e+01 5.053088981560131288e+01 5.718740492110302398e+01 5.146555766052652103e+01 7.100116618491935583e+01 6.642889341046816298e+01 4.653415162311805631e+01 3.655695780489623559e+01 2.943403383725796019e+01 4.940423036007816648e+01 5.557429832236228151e+01 6.385211019328914972e+01 5.551869824492967354e+01 4.057317908118055527e+01 2.062525622952729876e+01 4.057317908118055527e+01 3.713921814190705817e+01 1.759335623802570936e+01 3.713921814190705817e+01 5.286068945093119709e+01 3.269532849463023894e+01 1.840836975855909330e+01 2.948178443090028367e+01 3.363579354141478461e+01
1.085690468896188179e+02 9.189860305193028012e+01 1.024224336210009056e+02 8.242904452319123720e+01 8.242898616337861029e+01 8.639261796244471725e+01 8.639261796244471725e+01 8.557725566534767836e+01 7.439702024036758132e+01 6.462979362307255826e+01 4.839604249333481079e+01 3.610633129482716441e+01 3.459435086418705652e+01 3.591548005540133914e+01 5.561024429811238434e+01 6.933654528035940245e+01 7.100116618461483142e+01 7.930838780560958412e+01 7.449823358125144068e+01 6.461143766433495728e+01 5.301890381130347407e+01 3.306025097496719667e+01 4.717222952181479201e+01 6.722270995395412285e+01 6.948410428125562532e+01 4.964136592616896593e+01 3.557587240020347963e+01 2.405501632724674721e+01 4.397700664037959939e+01 4.331160512508229488e+01 2.315870933629284423e+01 4.331160512508229488e+01 5.286075556864692970e+01 3.269532858582763879e+01 3.860166151853157857e+01 4.691431278370247782e+01 3.730403236925944555e+01
1.200699518947687210e+02 1.118621977107268464e+02 1.106917015214159932e+02 1.024229180181658165e+02 1.024204070564790641e+02 1.063734009132300145e+02 1.000541926552065206e+02 8.016911741933030555e+01 6.617860986847169613e+01 4.638424615277909879e+01 3.889196810614231481e+01 5.608088325428593635e+01 4.871961912825780416e+01 5.561024430110808936e+01 4.082487448009871400e+01 5.506905459640837819e+01 7.532916180760173575e+01 8.566673973419980825e+01 7.668854624748610149e+01 5.660847514921149326e+01 4.245410670811641296e+01 3.788001496955954650e+01 5.202335519883420289e+01 7.208945369468615638e+01 6.858697342709112377e+01 6.039686917127072974e+01 4.765375735840387250e+01 2.776729002987661588e+01 4.765268382531564839e+01 5.109463045111461099e+01 3.007770455995128600e+01 5.109706141820387160e+01 6.113367668440493219e+01 5.286076132420377149e+01 5.470895578496000411e+01 3.470899366037644995e+01 2.056685815923267313e+01
1.130852090584964316e+02 1.147566738846685297e+02 1.064878754939362864e+02 1.055572519286060498e+02 9.724659066325311585e+01 9.531070401899251010e+01 9.126485863859053893e+01 8.016899689785027761e+01 6.038348592871965081e+01 6.092574290397205772e+01 4.095041919519450602e+01 6.092576689036917514e+01 6.869470193251794399e+01 6.933654647665711934e+01 5.506905459640837819e+01 4.688216212244956438e+01 5.720561191526533662e+01 7.740649169631960547e+01 7.518467586829621041e+01 5.511230173586134384e+01 6.248979180718814064e+01 4.321181367380061999e+01 6.325820202215098220e+01 7.847801343707486410e+01 6.039686917127072974e+01 4.057926001492526069e+01 3.505455907939381888e+01 3.378985584886403615e+01 5.256864200545815891e+01 5.992955923767307524e+01 4.240567938727378561e+01 5.995383463065565621e+01 6.617237434034798582e+01 4.617228174659882711e+01 4.551235720964920972e+01 3.722800467110785405e+01 3.090344597657646020e+01
1.048620586663061403e+02 1.064878754939362864e+02 8.649842164054589944e+01 9.235319712198838715e+01 7.724512482458725060e+01 7.537021294154037321e+01 7.129544383878686631e+01 7.350130515400536524e+01 7.002574134016586527e+01 6.301998132691902299e+01 4.304239420192355681e+01 6.301998397786269379e+01 7.662829625599816552e+01 8.360403852235982924e+01 7.239183514400153285e+01 5.204870179116550588e+01 7.239183514400153285e+01 8.566673973419980825e+01 8.356809737973765095e+01 6.928425971936955818e+01 6.904740981593374727e+01 4.899300574712265188e+01 6.904740981593374727e+01 7.029181076165464503e+01 5.050192758088687128e+01 6.039686917127072974e+01 5.490045332740088213e+01 4.044541500841870629e+01 6.030286894233999817e+01 7.275743501891473386e+01 6.446117770731009955e+01 7.032765099800917596e+01 6.031444414273887134e+01 4.031440628083485933e+01 2.617227019620807482e+01 1.722799828604474115e+01 1.090344296570786931e+01
1.057526877743515996e+02 1.038941650474440337e+02 8.390462223203203962e+01 7.236975267914537824e+01 6.571399813125204048e+01 6.125210987543483299e+01 5.718000609500820985e+01 5.353572914907209679e+01 5.005681433078237319e+01 4.672309264570247933e+01 6.301998397787348694e+01 4.838536648396964068e+01 6.835785645019286960e+01 8.239244714016024318e+01 7.998808742545237749e+01 5.989029299262619332e+01 6.392167363864354712e+01 7.554237216051110693e+01 9.546411387751727773e+01 8.942954055868003138e+01 7.573290735589273481e+01 5.567641473601585744e+01 7.573290735589273481e+01 7.847801343707503463e+01 6.193112787951824316e+01 7.847801343707503463e+01 6.845817640337322985e+01 4.936766850340112711e+01 6.715305173564607344e+01 7.671615829158248800e+01 6.434320772406600497e+01 4.993067174025612331e+01 5.851619560546743770e+01 5.021038151828585683e+01 4.551228762850661269e+01 3.722800467110785405e+01 3.090344547611089254e+01
1.139741554827362364e+02 1.121646597800165495e+02 9.723098410897345900e+01 7.724496219060576152e+01 8.569204897437404611e+01 8.122445638833896453e+01 6.870363168118353769e+01 7.350130515429027867e+01 7.002574325074331796e+01 5.098656869626621102e+01 7.095483623695977826e+01 6.835785645037859126e+01 5.415399006280027550e+01 7.412217489420093841e+01 8.823895514181307931e+01 7.001942959612460982e+01 8.396229093447760761e+01 9.221188823514219735e+01 1.037121531784618043e+02 8.996570544587343932e+01 6.983748935650481826e+01 7.573290735589273481e+01 8.411478582155322670e+01 8.989367583823484154e+01 8.171271597163865863e+01 7.661032011768293160e+01 7.728706468707567012e+01 6.338808338493809913e+01 7.728706468707567012e+01 6.809677271305095303e+01 4.731653967631739732e+01 3.563329311490632989e+01 4.500486983470904079e+01 3.014431246818067578e+01 3.476364046613143444e+01 3.110273162981421180e+01 3.940143408661878510e+01
1.080899399942990158e+02 1.165158485309303416e+02 1.055037050510943004e+02 9.137625762851115496e+01 1.055037050510943004e+02 9.694793922677855846e+01 8.868017320289926886e+01 7.761092955741077049e+01 5.764264959605779381e+01 7.095483623695977826e+01 7.922522603387560025e+01 6.121186844231755231e+01 7.412217489420093841e+01 6.827171424138403211e+01 8.824643634836176886e+01 8.412712774730657372e+01 9.820354454168736424e+01 9.611935817899075118e+01 1.044276016151939643e+02 9.839208228660160671e+01 8.996570544587343932e+01 8.419531115762032414e+01 7.592115019745136806e+01 8.419531115762032414e+01 7.083886039704516691e+01 5.679559228930293813e+01 7.083886039704516691e+01 8.305924058256978526e+01 8.017662386692607868e+01 6.858161644686595082e+01 6.026789260558588524e+01 4.500505286327810239e+01 2.491280788799745594e+01 1.858672675467415303e+01 1.473762449289389487e+01 1.108611409748204935e+01 2.616926242160647931e+01
8.819679574452757720e+01 9.718406461103184313e+01 1.054486580393569284e+02 1.113655441820902894e+02 1.108217040898395140e+02 9.084515918089425668e+01 7.671585365020564495e+01 6.518617773863813625e+01 7.761092955741077049e+01 8.588109034950876719e+01 7.119404384320954193e+01 6.875667965196861076e+01 8.873363556765609417e+01 8.824643634836176886e+01 9.651318016229988928e+01 1.040306869047703486e+02 9.286926042187585040e+01 7.611556341857267682e+01 9.286926042187585040e+01 9.839960939480967284e+01 8.347642680259122017e+01 7.425993833433156510e+01 5.609383316976403222e+01 7.425993833433156510e+01 6.203230038181208528e+01 4.299007239794144652e+01 6.203230038181208528e+01 7.563671519483007444e+01 7.186971094084233869e+01 5.177477212399398354e+01 4.017517480086782911e+01 3.308689031056120911e+01 2.675520334921951005e+01 3.862567592820407469e+01 3.476364019917424741e+01 2.616926165009089189e+01 6.162444447675060388e+00
8.638888804561842960e+01 7.698813854229040032e+01 8.872104513885747679e+01 1.087447642027444488e+02 1.082312383226331605e+02 8.825188572134806009e+01 7.671585365020564495e+01 7.671585365020564495e+01 9.342941229181468543e+01 9.872430203410301885e+01 7.874296910120914106e+01 8.873363556765609417e+01 8.288170215038698529e+01 1.028614525897314991e+02 1.055108793835529326e+02 9.395628411298439175e+01 8.457016188924930589e+01 6.461213019478621788e+01 8.457016188924930589e+01 7.842277579055330250e+01 7.520861553601059768e+01 5.542300010593989157e+01 4.633927838735819904e+01 6.600749168360775343e+01 5.382972695392510332e+01 3.433031723864245777e+01 5.382972695392510332e+01 5.586750914815161195e+01 6.439204993156920409e+01 6.858161644686595082e+01 6.026789260558588524e+01 5.316404409949394250e+01 4.681509060884329188e+01 4.928200549635221961e+01 2.926270677316159308e+01 1.771071088641903657e+01 2.616926127836238791e+01
6.599787851604958178e+01 8.638888804562520818e+01 1.054486580393569284e+02 1.169890038636610115e+02 1.164869987275970260e+02 1.049600621117418342e+02 9.669615372004678022e+01 9.669615372004678022e+01 1.049600621117418342e+02 1.069871812235142130e+02 9.028011663944639054e+01 1.069871812235142130e+02 1.028614525897314991e+02 1.111209863756882754e+02 9.720982128561833235e+01 7.720801678628411935e+01 6.570075905575397712e+01 5.762181718244251272e+01 7.024800956728142864e+01 6.438078086418003920e+01 6.803122796315282983e+01 5.905372818580702443e+01 3.950296218645270585e+01 5.138528685223827353e+01 4.766347218101422811e+01 2.814052585056775868e+01 3.629591973318228071e+01 5.586673469350912313e+01 4.473591640243348166e+01 5.868052457430577817e+01 6.882366151576042057e+01 6.071089940935642915e+01 6.071089940935642915e+01 5.757333957736271657e+01 4.601559311156594134e+01 3.772385862126046163e+01 3.415760123386373692e+01
8.638888596659703012e+01 9.469130971861781632e+01 1.047299279514891595e+02 1.162697992493785506e+02 1.047683938918245445e+02 9.649436119631317865e+01 1.047683938918245445e+02 1.038353594865819360e+02 9.556073129537756472e+01 1.038353594865819360e+02 1.102592737974693904e+02 1.185133508064657661e+02 1.144845875225769873e+02 1.003185735945667574e+02 9.201595702197826654e+01 9.395628411298439175e+01 8.427226520714178548e+01 6.440864437548870569e+01 5.047530533124667329e+01 6.383289720574588699e+01 4.833835237984185795e+01 5.558048585711673439e+01 5.138269256441717658e+01 3.189007307113150347e+01 4.202768302138531453e+01 2.241169639369897482e+01 3.970569937907678337e+01 3.811055520604315916e+01 3.091459821356277970e+01 5.049306441492495878e+01 6.071089940935642915e+01 4.159525825157898282e+01 4.159525825157898282e+01 5.290890791922645064e+01 4.472458953188264985e+01 5.219101516647391747e+01 3.989865621406563889e+01
6.848551108731423653e+01 7.626336499351684495e+01 8.800300287216026618e+01 1.080299225135251220e+02 9.474863233061331869e+01 7.642822850860528661e+01 9.474863233061331869e+01 9.380612258474252485e+01 7.546839379291402850e+01 8.951891740625764271e+01 9.780397842579125722e+01 1.093693741997496005e+02 1.052320921424622071e+02 8.615255966655628583e+01 7.202565493544649655e+01 7.937297988032693752e+01 7.404628210951968015e+01 6.960531944401071769e+01 6.383289720574588699e+01 4.420694235417480655e+01 4.011772980711467795e+01 3.610400082888443052e+01 5.054877637456231554e+01 4.449278128082408301e+01 2.492748701268320843e+01 3.971582226571910468e+01 2.005541786280820560e+01 1.842238438219240493e+01 3.588841331330959861e+01 4.404123429641186505e+01 5.331565069011847413e+01 4.719409991996235476e+01 2.820564336175538500e+01 4.087763877531801882e+01 2.472941512634651673e+01 3.270405071915532602e+01 3.161500739075914268e+01
8.883097929198487464e+01 9.646737506754394076e+01 1.047299279514891595e+02 9.837716732914614681e+01 8.646129485245933211e+01 6.635106215008821096e+01 8.646129485245933211e+01 8.551456254414580371e+01 6.537462542700870927e+01 6.939848757198289775e+01 8.104005588021060191e+01 1.011012576460084347e+02 9.692602393152689899e+01 7.692216887301923123e+01 6.694571996433271011e+01 5.944230181907355615e+01 5.418564541228686693e+01 4.983425433772275426e+01 4.581462991798687057e+01 5.980454814097846850e+01 5.659400370914056566e+01 5.054128692379333643e+01 3.108487183501773288e+01 2.764852820541558387e+01 4.449278123818966435e+01 4.785009538567017984e+01 3.398134143466833024e+01 3.588841968492091183e+01 1.616494914116698212e+01 3.119024320030793618e+01 2.950925595135344537e+01 4.022235965436825467e+01 2.137061630984161553e+01 3.146840646670057851e+01 1.357145280762122219e+01 2.467368908568796115e+01 2.789015270917940015e+01
1.020219836385470558e+02 9.643411969751564072e+01 8.825257284188684537e+01 9.009312560954245441e+01 7.000927870755828053e+01 5.964868813363649025e+01 7.975788395166897260e+01 7.790238182522817567e+01 5.777401693231382040e+01 7.790238182522817567e+01 8.716790233212287831e+01 9.548791381914817578e+01 1.052320921424622071e+02 9.522302278311529733e+01 8.692409640227302248e+01 7.038066838191255670e+01 7.404569404360638885e+01 6.960125873525072393e+01 5.980534875878688439e+01 4.028102926610857537e+01 3.712713837623234525e+01 3.402909978118832157e+01 3.134314309803579235e+01 4.716055126498613959e+01 3.478849542758280933e+01 5.426019134676860745e+01 5.353178139032867477e+01 4.404128215298351279e+01 3.369692295186528952e+01 1.394265663576864966e+01 1.254917853411051709e+01 3.040324525835497127e+01 2.907286039150812229e+01 1.209751090510053118e+01 6.075678018818761572e+00 4.820766409311866063e+00 1.912327761882558264e+01
