MOVIE_S13_data/elevation_000125.asc
nrows	150
cellsize	150.0
xllcorner	0
ncols	150
yllcorner	0
NODATA_value	-9999
[rows 17 to 33 of 150, columns 37 to 73 of 150]
4.557046808200932730e+01 2.560550953618134429e+01 4.328162570252472818e+01 4.684262461082755635e+01 3.628645903395871386e+01 5.625667442941750807e+01 6.403783279179366161e+01 4.932547344221454466e+01 5.042589244955535577e+01 7.037393139974621192e+01 6.818481744172761694e+01 4.831482292124685074e+01 3.663635795770614578e+01 4.294502250749998495e+01 2.247632814864575224e+01 3.391339890511896016e+01 5.242989570237229913e+01 5.715378158873286907e+01 3.748869502220932759e+01 5.502623984481499519e+01 4.661212223121292197e+01 2.934136896778754178e+01 4.980855942270268599e+01 4.385723271163380588e+01 5.818329309686036055e+01 7.852455013058573741e+01 8.445494257641196612e+01 7.614815912887850402e+01 7.614815912887850402e+01 7.940993064678175983e+01 5.964590376403447181e+01 4.557416394091282541e+01 4.921862969706808855e+01 4.297872173517296801e+01 3.472557116330531812e+01 1.601239298032144021e+01 3.606973261569250866e+01
3.051303399921586745e+01 4.557046807265869859e+01 2.823220431117440299e+01 4.820431120394912483e+01 5.625667442941750807e+01 4.782691251845142943e+01 6.777194334765152917e+01 6.344224935547010347e+01 6.453992098712622294e+01 7.863348406909132393e+01 6.976183847628958290e+01 6.154485857519456005e+01 4.512271978901221559e+01 2.464089606001023469e+01 4.299881604184775341e+01 5.039027536539942531e+01 6.066598416058980803e+01 6.624839831107929911e+01 5.188870232503400359e+01 6.624839831107929911e+01 5.593362751382719011e+01 3.561907484017970660e+01 3.294677126316895510e+01 5.329892349798440421e+01 6.447886533694227751e+01 7.388358295168396239e+01 8.366701558784295401e+01 8.708817699827426395e+01 7.573964179296191901e+01 6.764292507925839004e+01 6.167680092756313570e+01 4.921863162705297867e+01 2.930839087555893485e+01 2.504319469052681058e+01 2.094925331339333496e+01 1.693631047822220026e+01 2.228808119642571484e+01
5.048795631964944874e+01 5.008341276213019455e+01 3.010828649307978466e+01 4.423691580140413038e+01 6.419810092608605601e+01 5.935288831726627023e+01 7.602689711081350765e+01 8.336093527271043513e+01 8.445847846091926669e+01 7.556594779886125934e+01 5.573781968669550224e+01 4.159509599869525687e+01 4.663818925204400045e+01 2.622498924179439328e+01 3.168433344448504130e+01 5.170448957845254512e+01 6.591410288014226637e+01 7.407280801610360754e+01 7.221810730115230115e+01 7.624547474932843727e+01 5.593362751382719011e+01 4.332124557051274394e+01 5.329892349798440421e+01 3.679169787266530989e+01 4.462174113434302569e+01 5.536055933320399447e+01 7.526015803221774547e+01 7.905315586603964562e+01 5.929005641724796050e+01 4.785552981540780593e+01 4.188945984589616955e+01 3.658282440384576262e+01 4.921862649452720717e+01 4.499890032741279100e+01 3.795525979275228678e+01 1.790573816843853194e+01 3.796164735642063448e+01
6.399342798409610111e+01 5.199690783344875200e+01 3.201942938373706227e+01 5.199690790969639664e+01 6.368318175556279925e+01 7.927258639501701509e+01 8.753026157169706778e+01 8.991139504838413643e+01 7.975087881891053598e+01 7.132151815028559838e+01 6.461240658415319160e+01 4.892784576603099111e+01 2.861089526225937618e+01 4.665631861877319864e+01 5.170448957845253091e+01 4.005279243995470040e+01 4.639748770883839768e+01 6.019618133520215508e+01 7.971838662252177699e+01 7.798383938078049482e+01 5.763809964885294335e+01 5.763809964885294335e+01 6.546701313609725048e+01 5.706325584419835906e+01 4.090867878711230787e+01 5.513822476005215378e+01 7.540590666267000586e+01 8.159401953027696663e+01 6.186419254769846532e+01 6.764292507925839004e+01 6.167680092756313570e+01 5.596811942233101433e+01 4.752800881296237634e+01 4.356710528221382361e+01 3.891937891580317910e+01 1.888123493789617413e+01 2.189639036519244186e+01
6.934636743232024969e+01 4.939472721442430725e+01 3.525634007821938098e+01 3.544163456103673582e+01 5.542382997539385769e+01 7.508163429515776954e+01 8.658318660788275167e+01 8.146992095705419956e+01 6.117311534351706115e+01 5.119418345188861963e+01 4.452486606315807904e+01 5.056132938489975004e+01 3.033760365242811829e+01 5.056297603082221315e+01 6.140897455110705039e+01 5.974240726431048643e+01 6.591410288014226637e+01 6.019618133520215508e+01 7.971838662252177699e+01 8.636810534343710799e+01 7.798383938078049482e+01 7.798383938083999567e+01 7.911655223746998900e+01 6.404709245402392526e+01 4.388592093519973503e+01 5.810260914982325886e+01 7.839834466832537885e+01 8.961509103822537270e+01 8.159401953027696663e+01 7.606976011398144522e+01 6.367737430672924148e+01 4.832069865481152959e+01 2.751736038470984269e+01 4.041266664681190690e+01 2.034828592202582342e+01 3.894877825148937944e+01 3.072687875513914690e+01
7.186278824332370618e+01 5.861633962716919655e+01 3.863234188357635190e+01 3.791804952938741735e+01 4.686874493076123116e+01 5.841025219177868166e+01 7.832965717083182255e+01 8.991139504838413643e+01 7.975087881891053598e+01 7.132151815028559838e+01 5.604802269804236659e+01 3.590020670177857909e+01 5.014163140210136049e+01 3.305305243353051736e+01 4.735021538821300879e+01 6.749805671982763045e+01 7.992149714334900068e+01 7.971838662252177699e+01 8.794943469700511685e+01 1.012036730611975486e+02 8.087268203497879426e+01 6.642626389467207559e+01 5.877597909816957866e+01 5.242825513631088086e+01 4.748644867800919656e+01 5.908118984256362438e+01 7.940877000086054238e+01 9.102405791045941896e+01 8.031031938040939622e+01 6.729434438577419542e+01 4.571473819050533649e+01 3.372564269633727463e+01 4.299314930827454617e+01 2.182953094804454963e+01 3.386087833516308621e+01 4.690556782352626186e+01 4.548818154261790170e+01
6.360932616936594997e+01 4.363608300326104228e+01 5.861633066478893284e+01 4.052071347361021481e+01 6.050423710546105127e+01 7.260052361579160163e+01 8.151332073509632892e+01 9.300724062624756527e+01 8.811920018222797069e+01 7.805693636690682524e+01 6.118228345245778144e+01 4.115552637897115318e+01 5.428203339690141149e+01 3.498282312627777912e+01 5.499398226265755341e+01 6.504948537503715045e+01 5.997668736637218245e+01 7.403983836569398136e+01 9.417930089306717889e+01 1.034080101505945777e+02 8.310110480228692609e+01 8.682749143831543392e+01 7.911655223746998900e+01 7.156759778638691216e+01 5.132876661371611959e+01 7.156759778638691216e+01 8.779260856001937441e+01 8.241576020665084457e+01 6.072102924462744511e+01 4.980647935177018581e+01 4.118935409388066660e+01 5.483484272308955809e+01 4.297291950925276183e+01 2.291826460161945533e+01 4.278459568891431530e+01 5.764615045405782467e+01 5.975092354866419697e+01
4.898971052280978000e+01 6.360975545870439873e+01 6.875906061011885129e+01 5.466539617661913297e+01 4.437510470607064406e+01 5.332858157903639551e+01 6.485300186115718191e+01 8.475114674901620049e+01 7.978328510843505228e+01 5.965882027062131954e+01 4.969586379000343612e+01 5.530058922078905681e+01 6.294573652138210917e+01 5.499398226266114165e+01 3.772567044640177158e+01 4.592748523586816134e+01 6.577603661461020579e+01 8.209970086017797541e+01 9.041674791542803291e+01 9.912758028562519996e+01 1.034080101505945777e+02 9.054324692577770861e+01 7.013887796763251004e+01 5.841157588878419915e+01 5.951926663841404519e+01 7.156759778638691216e+01 9.190657300011051234e+01 9.102405791045941896e+01 7.430470802930837237e+01 5.256459717532918319e+01 6.268412997703791234e+01 5.408744433751036240e+01 3.402988395573633085e+01 2.401235895200644421e+01 4.394776989579818860e+01 5.419156953046658742e+01 6.441936218849731688e+01
6.052765871437031109e+01 7.719278186156512334e+01 8.285299586581142250e+01 6.949922557559445124e+01 4.954872042629438766e+01 4.938457308254618283e+01 6.933584631901614159e+01 8.649200971364983559e+01 8.811920018222797069e+01 7.805693636690682524e+01 5.965882027062131954e+01 7.537730432171272810e+01 7.166087788154266036e+01 5.185674917558536379e+01 5.765724416578828482e+01 4.060560501352532725e+01 6.048234230343762619e+01 6.140758722259379709e+01 7.059095547693020478e+01 8.503257372346608634e+01 9.506971817150710535e+01 9.888332689878571102e+01 8.465697979080007940e+01 6.423911525378777299e+01 7.987971672890439834e+01 7.391088747958806948e+01 9.428974525409313401e+01 8.946869970587850673e+01 6.802357701716034910e+01 7.430470802913303885e+01 7.418979216806094712e+01 5.408622880055500559e+01 5.187092196675925493e+01 4.368605664435187919e+01 2.557738834857805799e+01 4.566880342141916316e+01 4.436525727714614931e+01
8.043696399858511370e+01 8.869001613325863786e+01 7.762936954180423754e+01 5.771466802377316441e+01 6.949922669179750301e+01 5.386214273616507597e+01 5.832824765998240224e+01 7.241572190822920163e+01 9.230508217011164618e+01 8.811920018748205052e+01 7.978328510843682864e+01 8.811920017819316797e+01 7.987226334018825469e+01 7.166087787785626517e+01 6.278908241403966883e+01 4.294508954024880154e+01 4.547366289758443969e+01 4.960101992506859148e+01 5.600379435304230213e+01 6.668426675366052336e+01 8.101632349889587204e+01 1.009001153819262271e+02 9.111963522947910121e+01 7.068292431037870927e+01 9.111963522947910121e+01 9.428974525409313401e+01 1.026239458678687413e+02 9.800253148977749618e+01 8.946869970587850673e+01 8.214565027863841351e+01 7.076052206497068653e+01 6.246942778152268261e+01 5.535144175906762598e+01 4.699406634907821001e+01 2.700408854337958786e+01 2.806813655403411900e+01 4.804434613680128052e+01
8.880363657578431003e+01 9.752896096750485810e+01 7.762936954180422333e+01 6.477160662499838395e+01 7.835987736961317296e+01 5.845063401938467962e+01 7.824118053879821844e+01 7.093158492420728578e+01 9.081923503079032400e+01 1.015434561046996009e+02 9.009109431119297540e+01 8.186634628353854737e+01 7.639500606097206514e+01 6.611315240225533785e+01 4.630702995975088498e+01 6.278908241840237991e+01 5.923071266286127212e+01 6.141207105141500477e+01 7.676200236863903115e+01 7.088202654300499717e+01 9.095751975332331085e+01 1.054756828941867326e+02 8.517316558468256460e+01 8.517316558468257881e+01 9.946752184572075350e+01 9.517352997064180897e+01 8.690348725953109010e+01 9.256584763986369069e+01 8.437201678316262132e+01 7.397533298068049135e+01 5.398822159024627609e+01 4.241162020798103072e+01 3.534000940747947084e+01 2.902813796411592762e+01 4.702818727561513157e+01 4.804434613544486865e+01 3.060654154217736789e+01
9.706159713154215751e+01 9.614037854908656300e+01 7.625840122100716201e+01 8.466151358669790739e+01 8.318373747211226998e+01 6.329445275229231527e+01 8.318373745759433291e+01 8.498953221293103866e+01 9.908067539537071866e+01 9.330726382107114603e+01 7.349101336086296499e+01 6.213914863357508267e+01 5.666829497240139801e+01 5.154466010429853640e+01 4.946634014564813242e+01 6.923934229189815426e+01 7.989270151436166145e+01 8.214987668370260110e+01 9.051243637258725983e+01 9.095751975332278505e+01 9.918312088914467495e+01 1.137618781067589850e+02 1.054756828941867326e+02 1.054756828941867326e+02 1.010228665136075819e+02 8.105504888020320209e+01 6.687336090731584193e+01 7.422994363070391444e+01 6.465808796110289336e+01 8.101029623671534807e+01 7.076234227650880371e+01 6.247357623104521451e+01 5.052304110024032724e+01 3.049649037951369124e+01 5.052308178882860545e+01 5.891422615338719737e+01 5.058113817073799368e+01
1.070146653157263330e+02 1.044077599322130254e+02 8.772710125070092602e+01 9.465886170457909543e+01 7.478336351078189637e+01 7.033804686732246125e+01 9.020927895032299659e+01 1.048933826177597552e+02 1.065259478894602978e+02 8.662690358822835890e+01 7.264526974753952970e+01 7.935807619598168117e+01 5.962394303087581449e+01 7.130159116528010088e+01 6.923801161563680751e+01 5.409344177890648098e+01 7.382705616582393304e+01 8.397409023908787162e+01 9.221409787169694994e+01 1.037930709355448755e+02 1.142608270871610472e+02 1.028941661281284041e+02 9.474513382310466625e+01 9.729920454501909433e+01 9.332987742942650300e+01 8.969645433278070357e+01 7.423532304073901855e+01 5.417546194486610034e+01 5.311322243491363082e+01 6.207991584535078289e+01 7.026162185321379638e+01 6.234443600122032336e+01 5.201162808461051412e+01 3.197330648940618403e+01 4.279799756132349131e+01 6.124887474431130840e+01 6.151031186834146780e+01
1.159395378385405451e+02 1.159157121371617620e+02 1.076331290677642016e+02 1.029237351092533999e+02 8.624910274558465062e+01 8.438317728835286857e+01 8.438317728835286857e+01 1.042747325984156390e+02 1.065259478894602978e+02 8.662690358822835890e+01 8.925117052592472078e+01 6.946498186604769387e+01 7.935807619598945450e+01 8.757064359681781696e+01 8.079828095148300804e+01 6.107661399926357859e+01 5.947693871008559086e+01 6.439513355094562996e+01 7.574286069825997458e+01 9.557007799472548015e+01 1.061197903262224003e+02 8.641830734353401056e+01 7.486184896133289612e+01 7.745256898227087561e+01 7.342879952912596764e+01 6.975797437089077846e+01 6.758689778467480380e+01 4.740448628363004957e+01 4.414922044942550627e+01 4.199664619459573345e+01 5.907280853848924806e+01 5.409175543607875625e+01 3.411397200091661830e+01 5.200966487282141770e+01 4.625845693375013923e+01 6.580662066429846391e+01 7.226432480228008615e+01
9.575325117475200898e+01 1.027773714779751515e+02 1.111593367785362148e+02 1.144275297698845293e+02 1.061468060822693076e+02 1.042747325984156390e+02 1.042747325984156390e+02 1.125527288298574859e+02 1.147563309524707904e+02 1.065259478894602978e+02 9.748514473418325110e+01 7.931927479177623752e+01 9.748514473418325110e+01 9.333276614136349281e+01 7.351904684800331324e+01 8.080196124445593853e+01 6.569372783663547466e+01 8.412283025840102368e+01 7.364987349719851295e+01 8.763711642220189901e+01 1.075268140194746991e+02 9.896239211632449440e+01 8.326551395526752231e+01 6.322639565102175396e+01 5.921175482444231619e+01 5.555625369353847987e+01 5.212472107844469349e+01 4.901286038985658422e+01 6.423436489784033654e+01 5.908304357628988157e+01 3.900661967262187346e+01 3.696492758661020162e+01 3.646453609940128615e+01 5.653259217996532726e+01 6.623086934199902487e+01 7.455623867472044708e+01 8.063736280296637915e+01
8.157064327873285947e+01 8.267545650216020192e+01 9.686228956115726874e+01 1.170576424641045890e+02 1.223336307500876217e+02 1.122186028049889046e+02 1.038390392877035282e+02 1.122186028049889046e+02 1.168650242416175900e+02 1.109418940269330136e+02 1.074203889102007423e+02 9.918306626007667148e+01 1.074203889102007423e+02 1.015705007973683394e+02 8.750511346650341693e+01 9.203679254161090739e+01 7.223232667259881623e+01 9.203679254161090739e+01 8.246952156899486397e+01 1.016875021081347370e+02 1.022099375884207575e+02 8.245992327287351031e+01 7.085367305002880300e+01 8.326551395550634993e+01 7.342879952912082331e+01 7.559781994523001458e+01 7.216071968816716264e+01 5.249875499236213017e+01 7.253398577879444531e+01 5.908438455326291461e+01 5.908476792436265868e+01 5.704203846441710368e+01 3.885522992397122977e+01 5.893268862281085774e+01 6.312006513180021727e+01 8.321613047122679063e+01 8.966900199292528839e+01
6.993486424284178327e+01 8.417320031901380162e+01 1.042849797992632688e+02 1.172811875287206504e+02 1.118731142984458842e+02 9.370227261001811314e+01 8.356550593233259860e+01 1.020882032546638243e+02 9.661045423146978806e+01 9.067417749985550302e+01 1.049927784663503161e+02 1.069289110440193866e+02 9.854818677763681478e+01 1.069289606394509207e+02 1.074026384497473430e+02 1.002728894469556735e+02 8.208981147916925636e+01 1.002728894469556735e+02 9.394257506619553055e+01 1.105753433383140560e+02 1.103474159357574536e+02 9.741753098353049722e+01 7.758672256778406506e+01 9.741753097138204964e+01 9.332987738006934819e+01 9.022001106827273986e+01 7.613356818714588314e+01 5.609291660920431610e+01 7.613356818703348949e+01 7.917605350005068487e+01 7.743114672636313855e+01 5.732531738128569998e+01 4.313217301179492580e+01 4.303816024869009738e+01 6.312009396033355557e+01 7.386710625182763579e+01 9.395137228002451479e+01
