MOVIE_S13_data/elevation_000733.asc
nrows	150
cellsize	150.0
xllcorner	0
ncols	150
yllcorner	0
NODATA_value	-9999
[rows 68 to 84 of 150, columns 37 to 73 of 150]
5.201246678770141330e+01 7.224634712435747019e+01 7.950280228517522119e+01 7.153090174784856003e+01 5.419104626580845263e+01 3.460033765787442661e+01 5.419104626580860185e+01 5.878003935218519871e+01 5.287121164984747423e+01 7.304514953475168682e+01 7.725688247738519010e+01 5.970138555461848284e+01 3.941969605187470904e+01 5.970613434700137390e+01 7.562533766875920094e+01 6.502961062011294757e+01 4.511332816171368165e+01 6.569783405602561288e+01 7.190088251894017901e+01 6.360093620153971727e+01 4.547134117961378763e+01 6.569268626004090095e+01 6.622444217740518013e+01 6.994487312658176847e+01 9.119420516730860982e+01 9.468608939706396654e+01 1.029112887316294973e+02 1.151871170126794226e+02 1.231930391836653200e+02 1.215090235642734484e+02 1.134909768442083333e+02 1.178292957616584857e+02 1.053334415262995947e+02 8.576879154833933683e+01 8.645348187347619273e+01 1.059972393261397912e+02 1.212643609016745927e+02
5.558784779878515536e+01 7.590512433283116422e+01 7.747961794886953157e+01 5.729776458378482573e+01 4.304517651702935410e+01 5.419036258630910652e+01 3.778446771733889875e+01 5.785374097233916046e+01 7.304515642262393271e+01 8.138848734336345103e+01 7.684236028781354833e+01 5.654653802104372318e+01 4.218240387453829499e+01 5.654334731276072290e+01 7.676655988620647975e+01 7.437503564529046685e+01 5.428231317705380121e+01 7.437503564529046685e+01 7.991407387233627446e+01 5.980286345121528058e+01 6.569268627745421441e+01 4.763363767193614251e+01 5.620763004653589689e+01 7.359083658105400616e+01 7.836435334692764343e+01 7.469612687745224378e+01 8.973471785700753856e+01 9.638594644493898045e+01 1.045922675389392253e+02 1.144951746046162668e+02 1.270973889464283815e+02 1.079710294737102032e+02 9.424950846442068553e+01 1.053334414344229373e+02 9.093171745829268104e+01 1.047258752841508453e+02 1.238807358333988731e+02
5.929195315741750250e+01 7.893171418819930807e+01 7.747692011550761038e+01 5.729774739061894451e+01 5.729774879231474927e+01 6.050754220312157372e+01 4.028287038961840949e+01 5.459456218413581041e+01 7.478326129737513384e+01 8.985501889633324879e+01 7.703760352542040835e+01 5.681559255822340759e+01 4.509160366732420044e+01 5.944270828136171758e+01 7.965386848702796385e+01 8.365965625759940849e+01 6.881125287300932314e+01 8.365965625760192381e+01 8.819296125207802106e+01 7.991408160164310459e+01 7.611399688182221723e+01 6.782716510108822661e+01 4.985310649412416950e+01 5.390727249673599175e+01 5.821499789766773603e+01 6.382502918313532803e+01 6.967676953620102154e+01 7.643226068114459792e+01 8.648552364621464505e+01 1.062863692436633869e+02 1.238007352953149365e+02 1.046664142125586068e+02 1.135730104638577984e+02 1.156763790375824215e+02 9.642211744395726214e+01 1.047258752967235580e+02 1.238807487236368701e+02
5.379301988440474958e+01 7.563519698344376252e+01 8.576016119928786452e+01 7.747690313380037708e+01 7.747688660754950263e+01 6.326280582781960504e+01 4.300635120041901160e+01 5.130807850876301757e+01 6.143343017754401103e+01 8.158726518403742034e+01 8.539079370057629603e+01 6.845052647774714671e+01 4.820045842101750111e+01 5.990795547611223526e+01 7.421827579551039378e+01 9.436766576094045433e+01 8.978929206548029640e+01 9.620509297892155587e+01 8.797636251684366471e+01 8.162373319125440219e+01 7.240970955756760929e+01 5.226359018241457477e+01 7.001914225094101596e+01 7.406849631167419545e+01 7.836435334552776055e+01 7.469612687745052426e+01 8.973471785672089140e+01 9.638594644493898045e+01 1.045922675389392253e+02 1.144951746046162668e+02 1.317859777292558476e+02 1.157372553775240220e+02 1.317859777292558476e+02 1.214443363403941447e+02 1.023141862917956644e+02 1.214443363403941447e+02 1.238807491137229420e+02
6.030091868753583384e+01 8.023426321028904340e+01 9.752581064563186430e+01 8.600591893133244525e+01 7.017716069859356764e+01 4.998596255231309726e+01 4.679199406736458400e+01 6.701883609916934859e+01 7.980646983875779199e+01 8.985501889633324879e+01 8.600981701279081904e+01 6.581885240682724714e+01 5.150028685482664770e+01 6.055756094000556544e+01 7.225166502872617968e+01 9.241450802282248844e+01 1.020494564895298595e+02 8.214709612551605744e+01 6.788769041125543424e+01 6.149679516623243103e+01 5.567809155033662449e+01 7.241008491424692295e+01 5.570267647477479045e+01 7.583818083090127971e+01 8.759992962142716522e+01 9.468608939567550919e+01 1.029112883412235959e+02 1.101549437743834829e+02 1.146803247169200262e+02 1.168417793208825941e+02 1.250694595365370247e+02 1.348156537059229834e+02 1.428579583566709346e+02 1.294118887144494749e+02 1.133960683149782511e+02 1.158613733671895858e+02 1.349228012685539397e+02
6.904706428637599913e+01 8.877439795667238798e+01 8.932637391861317155e+01 6.930795405348270322e+01 5.764424911420329067e+01 7.017716069859356764e+01 5.071067029138319526e+01 7.090529306377764840e+01 8.819733858081458777e+01 9.976392014740062564e+01 8.708443322244556839e+01 6.688977813671820627e+01 5.520096525530478004e+01 7.542504367250920438e+01 8.912250321380021489e+01 1.007616598682321438e+02 1.020494564969887108e+02 8.214709612551641271e+01 8.797636251679833208e+01 7.848040033238150670e+01 5.834656097876751346e+01 7.848040033238150670e+01 7.583818083090127971e+01 5.920930661022490682e+01 7.934300845318728079e+01 9.123307236808086884e+01 1.043710656667174987e+02 9.037435300885438494e+01 9.495464650730869494e+01 9.711161044353320904e+01 1.126651750248973656e+02 1.208748118847696844e+02 1.296957562785742653e+02 1.404611703524963389e+02 1.324384749195784252e+02 1.349228012685539397e+02 1.429624040886527041e+02
8.327457683453704362e+01 9.794918087668365558e+01 8.738211018862777735e+01 6.774792768731886383e+01 7.776873382072909635e+01 7.611529774641667245e+01 5.593703637689316821e+01 5.975750727388321337e+01 7.143169722928813314e+01 9.152479842133654131e+01 9.543061396492551296e+01 7.994737337715248771e+01 5.972290010318079823e+01 6.800508683411186439e+01 7.969042764252232303e+01 9.980773650807634567e+01 1.102630895241864266e+02 1.020494564972196088e+02 9.390032012298732411e+01 8.122035210404017391e+01 6.108590082125685683e+01 8.122035210404017391e+01 8.759992969616290281e+01 7.934300845348664666e+01 6.285732098957740277e+01 8.298812276836970625e+01 9.027345695981210838e+01 7.617874221396706957e+01 8.083723381751885029e+01 8.666460178136679815e+01 9.298313134698884141e+01 1.018014808804589251e+02 1.156622210882782724e+02 1.354368923648102054e+02 1.421625958029868571e+02 1.338476429957314338e+02 1.421625958029868571e+02
1.042029595946085010e+02 1.016881346315970376e+02 8.193916914911640959e+01 8.193916914911640959e+01 8.434419545825114994e+01 6.418759491870056877e+01 7.611529774641667245e+01 7.992404103925420600e+01 7.404661496008411348e+01 9.411340279143605869e+01 9.270268729877447811e+01 7.253476516738470536e+01 6.533633447578364439e+01 8.555503078099762604e+01 9.654012330547961085e+01 1.081646952771215808e+02 1.100240416103687551e+02 9.855318506630939623e+01 8.566475761242524811e+01 6.554185581641171154e+01 6.872627974169533616e+01 7.755509071394266130e+01 9.752889506380608964e+01 9.057220843885839656e+01 7.050643825955501143e+01 6.685715140270463053e+01 7.018734560206544870e+01 9.027345695981107099e+01 1.007321638913996225e+02 1.064411663219865716e+02 1.126651750248973656e+02 1.208748118847696844e+02 1.296957562785742653e+02 1.380940584047257857e+02 1.297696236625641006e+02 1.136065768580631641e+02 1.320665184831634633e+02
1.098842989334780924e+02 1.098083553737662754e+02 1.016881346315970376e+02 1.016881346315970376e+02 9.260358841248664419e+01 7.430714462162832490e+01 7.697734361519074753e+01 9.702077368998490670e+01 9.411340279143873033e+01 1.023480622151840862e+02 9.270268729877447811e+01 9.270268729877447811e+01 7.704449030764118334e+01 7.548039021260449033e+01 8.715499225820474294e+01 1.072062982731779499e+02 1.018190787132038224e+02 8.192629576312351958e+01 7.025091123884268995e+01 8.566475761217489548e+01 7.778113388325567712e+01 9.703813312826349602e+01 1.057495517401779637e+02 9.879156155123156680e+01 8.061754073352136629e+01 8.113735733102885206e+01 7.550196884278764742e+01 7.883674183443196171e+01 8.556668119163373376e+01 9.311990950070264716e+01 1.029872980174068147e+02 1.168718988577950171e+02 1.366692708425214846e+02 1.297696236625641006e+02 1.095028610280849506e+02 1.034251227551830539e+02 1.214957524638009687e+02
1.076913397916584785e+02 1.105735444482664178e+02 1.023000737850590980e+02 1.078873249395648060e+02 1.026102457975316753e+02 8.854826734568052871e+01 9.119434981989856226e+01 1.052454860117621536e+02 1.071340779641223548e+02 1.154101482912014518e+02 1.127982290030102206e+02 1.055256209588203546e+02 9.718064526753821042e+01 8.715499225820474294e+01 1.039713087573619532e+02 1.155728502931494432e+02 1.009729677011576712e+02 8.106923530427201285e+01 9.033397512217091219e+01 7.611482750804330522e+01 9.610449508612626346e+01 9.194146333656803449e+01 1.117261938432484101e+02 1.005268761441955121e+02 1.005268761441954410e+02 1.010557538150831078e+02 8.190353092819621850e+01 9.877527686152912167e+01 1.053795746964767659e+02 1.128288564399277618e+02 1.210427467223138933e+02 1.309175995182180259e+02 1.314105303247735606e+02 1.230376198105462038e+02 1.154388583710256881e+02 9.505827179537897109e+01 1.011632735462485897e+02
1.053828588479815664e+02 9.711379673461725304e+01 8.241253420374836480e+01 8.800128259956996146e+01 1.020876728584716915e+02 1.084633031830536822e+02 1.110870052172816145e+02 1.039411847191878877e+02 8.731703966324857902e+01 1.039411847191878877e+02 1.137453813168541643e+02 1.055046890307366283e+02 1.102333419775351331e+02 1.072062982753119798e+02 1.155728510124097426e+02 1.171043803644086410e+02 9.734751543728428658e+01 9.518728132195461455e+01 1.003479322923041650e+02 8.044444492147449921e+01 1.003479329883177655e+02 1.117261938432484101e+02 1.199465757555341128e+02 1.203024287248082373e+02 1.157405391652182800e+02 9.600333942447181812e+01 9.600333942447181812e+01 9.816140737253995496e+01 1.179039496787203660e+02 1.212704334515689197e+02 1.128802141015302567e+02 1.212704334515689339e+02 1.230376198105462038e+02 1.026960690460184651e+02 1.086539713250983255e+02 1.071185187428672236e+02 8.661697543948847056e+01
9.185964032853894423e+01 7.719649355649139011e+01 7.088477612248297532e+01 7.390635794686313886e+01 8.904044298689949244e+01 9.730255724876670342e+01 1.068628386529164089e+02 9.569270556657167504e+01 7.584316622894979787e+01 9.569270556657167504e+01 1.023462541951048195e+02 8.582333635544750905e+01 9.052513059273204021e+01 1.102333419775351331e+02 1.058950012084854961e+02 1.141405742282282034e+02 1.171043803637403329e+02 1.149408524026698473e+02 1.085443292603550276e+02 9.047815807646045982e+01 8.805634417656854396e+01 1.078166123259012750e+02 1.253172835735778250e+02 1.352024395381945681e+02 1.239671239778786855e+02 1.157405391652182800e+02 1.157405391652182800e+02 1.179039496787203660e+02 1.177771413035631838e+02 1.093757175527732244e+02 9.244099131649578283e+01 1.110776864358012830e+02 1.230376198105462038e+02 1.026960690460184651e+02 8.815682539555437813e+01 9.899152407009448496e+01 8.139032907927352767e+01
7.192367279447937278e+01 8.085138678837651582e+01 6.085288991471571762e+01 6.388792436135017283e+01 6.908748091589356477e+01 8.904044298689949244e+01 9.860298165481293609e+01 7.871590374311962535e+01 6.872217996015318420e+01 8.867483363204074465e+01 9.414165476564247115e+01 7.437701569873695462e+01 9.414165476564247115e+01 9.195529433183178014e+01 8.618127868801636282e+01 1.058950012084854961e+02 1.204128483043587750e+02 1.209992767504557776e+02 1.184250466283985048e+02 1.044453898773589913e+02 9.949842608136752631e+01 9.741696110817629517e+01 1.072429962755258828e+02 1.269391671830252619e+02 1.354425793991657088e+02 1.237352109130743116e+02 1.146284973158870457e+02 1.062208946405528280e+02 1.093757175527732244e+02 8.887034340989178816e+01 8.206508429570294538e+01 1.026606027090130056e+02 1.141025645239757438e+02 1.170532996853898453e+02 9.899152407059777659e+01 7.832394886743090012e+01 9.055402200458175344e+01
6.031816483304499599e+01 7.033388448908323198e+01 5.407733970152973768e+01 5.483554406195554520e+01 7.493156820173327048e+01 8.869988879092500156e+01 9.712812427323626707e+01 8.236525053527205387e+01 6.226235383638157828e+01 8.236525053527205387e+01 8.789152710738576957e+01 6.799840659077503346e+01 8.386332513495345609e+01 7.213409878519709650e+01 8.106033059053244472e+01 9.244367302805677866e+01 1.121428033405433951e+02 1.011196806728960382e+02 1.152201405119226791e+02 1.241533163571879754e+02 1.133913685231074595e+02 1.113095633448508153e+02 1.253172835735778250e+02 1.352024395381945681e+02 1.270755839211160065e+02 1.067655003775018088e+02 9.493725394713744947e+01 8.568038422839693169e+01 9.595063943447487986e+01 9.077256106110273493e+01 7.414517330717453092e+01 8.511691486444051691e+01 1.056875040548092386e+02 1.139327252305137961e+02 1.051017593760150959e+02 8.452814728122315557e+01 6.974319127156951481e+01
7.033388448908323198e+01 5.011024746961262366e+01 4.754189432210216637e+01 4.861549866442094725e+01 6.040551409677991046e+01 8.043835507284694586e+01 8.887962546700693167e+01 6.889158749023661699e+01 5.708379609960506684e+01 7.733952636054945629e+01 8.214887786474237430e+01 6.208917389143213938e+01 6.385042508998154176e+01 8.386332513495344188e+01 1.001609264414791625e+02 1.089944802510262605e+02 1.052930108984050008e+02 8.714198681893256548e+01 1.052930108907996640e+02 1.167610045989301710e+02 1.331531695975248226e+02 1.310489018240632220e+02 1.251195711808589976e+02 1.167396245020724734e+02 1.167396245020724734e+02 1.206246696287959708e+02 1.002546556910522071e+02 8.568038422839691748e+01 7.523832594098641380e+01 7.000277611043968307e+01 6.810138681820622253e+01 8.889168612486948007e+01 9.344857702183325898e+01 9.344857708109627481e+01 9.291510597986783182e+01 8.441707934396390556e+01 6.709334773022281695e+01
7.208728894028018885e+01 6.171049665671886686e+01 4.123218085135116695e+01 6.171049670192659420e+01 7.714875869250965934e+01 7.220100772242349763e+01 7.534648364596051806e+01 6.703134633903397344e+01 5.252267340313985500e+01 7.291936363781245234e+01 7.678769646843932151e+01 5.653841680580963214e+01 7.678769646843988994e+01 9.207027816094230843e+01 1.005215216222494092e+02 9.641522091590255172e+01 8.817694828480746594e+01 7.721897716856683758e+01 8.867027161138864244e+01 1.084783086875183784e+02 1.160461305163015169e+02 1.243524581006811047e+02 1.167396245020724734e+02 9.633368467470866392e+01 9.633368467470866392e+01 1.107266279277838237e+02 1.146284973158870457e+02 1.043937937825273679e+02 9.595063943447487986e+01 8.384929941088174132e+01 6.309106469293342911e+01 7.908701374381411142e+01 7.275330551126786816e+01 7.881481090805611700e+01 8.108809683195134710e+01 6.362759021974189722e+01 8.441707933933248853e+01
5.167404515601481307e+01 5.851231769859313658e+01 3.794979032059773516e+01 5.851232108005822141e+01 6.585451084059302218e+01 5.177252091249246746e+01 6.153390207228546416e+01 4.646180108857942770e+01 6.703134633900511119e+01 8.120036699289923376e+01 7.326274932997351641e+01 5.288334890761893803e+01 7.326274932997483802e+01 9.000883449703731287e+01 8.064127510825056788e+01 8.064127510826014600e+01 6.823943110487880404e+01 8.817694828478327906e+01 9.606143089258050338e+01 1.020223442996209542e+02 9.621350185285095336e+01 1.160461305163015169e+02 1.141047453094481199e+02 9.367641979339023806e+01 8.171024769062780990e+01 9.390045030056985809e+01 1.023501896664754867e+02 9.771620735409898373e+01 9.497754849503795072e+01 9.234855106840129224e+01 7.908703369913175152e+01 5.845429925438979524e+01 7.572320091946706100e+01 5.819129264118968337e+01 6.037747641597099602e+01 8.108809683195134710e+01 8.063045652261237706e+01
