MOVIE_S13_data/elevation_000202.asc
nrows	150
cellsize	150.0
xllcorner	0
ncols	150
yllcorner	0
NODATA_value	-9999
[rows 17 to 33 of 150, columns 74 to 110 of 150]
4.644440038737499066e+01 6.642702572219015167e+01 7.794026022829280009e+01 6.975185740713189375e+01 7.794026022829280009e+01 8.780678472664837386e+01 8.200178638698366740e+01 8.602672104985865076e+01 7.201369683728053417e+01 8.602672104985865076e+01 9.114471211763466840e+01 8.049698810729495335e+01 6.909978510767246007e+01 5.671062188748273769e+01 3.702544824226015407e+01 3.417260597358904306e+01 3.182272569372925730e+01 3.275466297030146734e+01 5.202848961844198072e+01 5.335215742984536291e+01 5.335215742984536291e+01 5.218939215722787850e+01 3.233005459815953486e+01 5.218939215722787850e+01 6.597800379385384417e+01 5.168593816861124424e+01 3.074972708862448201e+01 1.740692648394480457e+01 1.023882726331077819e+01 1.344130432874963432e+01 1.435203241768111582e+01 1.687025093381123142e+01 1.953275150953381001e+01 2.225787083271113787e+01 3.987855912172692285e+01 5.258475292233100618e+01 6.140367554244411252e+01
3.807673420413049570e+01 5.813013821465870024e+01 6.998164632795405282e+01 7.823536340023895264e+01 8.652671159346701302e+01 8.225912485372526817e+01 8.225912485372526817e+01 9.054627640053098503e+01 9.181438562109832446e+01 9.114471211763466840e+01 7.133350721033451691e+01 7.231810914471904539e+01 5.255151035573268814e+01 4.118410667408920034e+01 5.671062188748273769e+01 4.549187176578046632e+01 4.570593552591729747e+01 5.202848961844198072e+01 3.887346330507094905e+01 5.860600277512752143e+01 7.311342137097561533e+01 5.705634622452945592e+01 3.698938053001558046e+01 5.705634622452945592e+01 6.842965053367336736e+01 5.791989762532588770e+01 3.889379830658056392e+01 1.864004694017848962e+01 3.022291256717871022e+01 1.100116235207842763e+01 3.084831632164414472e+01 3.685775199332228169e+01 3.947315288511949660e+01 4.212404449986686217e+01 2.688107167787636342e+01 4.372089713478490580e+01 5.470861342052012333e+01
4.175687091451209199e+01 4.161538342461687989e+01 6.167805743173397559e+01 5.815586514524244421e+01 7.636230910152468709e+01 6.217834180251874443e+01 6.217834180251874443e+01 8.225912485372526817e+01 9.652493622360276504e+01 9.174237986611896645e+01 7.496893104676550479e+01 5.516607136336020289e+01 4.632978571007904378e+01 4.738798724361853232e+01 6.716987994037866372e+01 5.944314174169341669e+01 6.544929398502864615e+01 6.363508414673739821e+01 4.351875866029799056e+01 5.773124624033552266e+01 7.788820969042517106e+01 6.243024521522751513e+01 4.232295636090501034e+01 6.243024521522751513e+01 5.971149576759127342e+01 3.870358033332316694e+01 2.858161762950726725e+01 3.889142543900062066e+01 3.159510364895622203e+01 1.158243189109231608e+01 3.158521252347237152e+01 4.634363366569566978e+01 5.463415087956086325e+01 5.478693271573033741e+01 3.843498449061593902e+01 3.199481435875224733e+01 3.619849186963249821e+01
2.527122597557308481e+01 4.529695270229301940e+01 4.176446637845123178e+01 5.514506134171158180e+01 5.858727360106622228e+01 4.796546193150752657e+01 6.805986698668132817e+01 6.817656250917836758e+01 8.824424779792235540e+01 8.351591884349841166e+01 6.371540435383892031e+01 5.227965911973912227e+01 6.611282695365494533e+01 5.437285028076770033e+01 7.416864944010443139e+01 7.924156959320173144e+01 7.529496057061119529e+01 5.509946219448726623e+01 5.244584600933904284e+01 7.193902785075604811e+01 7.240573648105396387e+01 5.245475394940110192e+01 5.659811733875540796e+01 7.066151504055997634e+01 6.842965053367336736e+01 5.791989762532588770e+01 4.920753805045721663e+01 3.966758293516326006e+01 1.711757393550418271e+01 1.217981616052633598e+01 2.422848189571830702e+01 2.748672981001687177e+01 4.707409326178719056e+01 6.607410900215805327e+01 5.805020397624440420e+01 5.342228856889044408e+01 4.348143988562728168e+01
4.529693850429841717e+01 2.901614415710425732e+01 3.176078973743133460e+01 3.508965761166602704e+01 3.851589950492245151e+01 4.278144490792020349e+01 5.175939872464450531e+01 7.185905137252920838e+01 8.854477173109827959e+01 9.075529802645654343e+01 7.095155725197685115e+01 5.694791913364785074e+01 7.675193863458660815e+01 7.416922108436304484e+01 6.689745164035134906e+01 8.668218540126852645e+01 8.355660965160078035e+01 6.683927332803129673e+01 6.421859211836209624e+01 8.095414288454836083e+01 8.061912332844073603e+01 6.144014244686093917e+01 7.651024743210072643e+01 7.533468440556474377e+01 6.693230474299782884e+01 5.976209628794214268e+01 5.363453913205025714e+01 4.820303504510134474e+01 3.072489721195107748e+01 3.217942358641703038e+01 1.303143595613801153e+01 3.304030902164127781e+01 4.412538785837823951e+01 6.356491253995669410e+01 6.511772349943487370e+01 7.088065814717565161e+01 5.467949506524573167e+01
5.735816051041335584e+01 4.317083510324140860e+01 4.592169192108221409e+01 4.070566498400123834e+01 5.858727360106622228e+01 6.287021344356845987e+01 5.010903660399793580e+01 6.016469659634751821e+01 8.025545303426527255e+01 8.927473067240289595e+01 6.947445792035404111e+01 7.675193863458660815e+01 6.685405697322184437e+01 8.664982029595131507e+01 8.088640585948451189e+01 9.488901575288849699e+01 9.508986568656260374e+01 8.684564415043141139e+01 8.425593088443926604e+01 9.249996502610552795e+01 8.948892818046260800e+01 7.291574229702699483e+01 7.865947838952928350e+01 5.834741780455397731e+01 4.665189265863384804e+01 3.943928832039148347e+01 3.330199969017612460e+01 4.565942206167744644e+01 5.141818044288849165e+01 3.363659239981834759e+01 1.363239769901577247e+01 2.500666225901164452e+01 4.283139547597943420e+01 4.876323540015228986e+01 4.508764808242348465e+01 6.511772350127357356e+01 7.392891395026644830e+01
5.775183540476255217e+01 6.324203772996791173e+01 6.600000631877396984e+01 4.738609630094902769e+01 6.747697788077215364e+01 7.656601064728124584e+01 5.646677675636352234e+01 7.656601064728124584e+01 8.854477173109827959e+01 9.750781112894456726e+01 8.346574360852729058e+01 9.487935278826321905e+01 7.674596598294964167e+01 9.487935278826321905e+01 1.006744349755681185e+02 1.028172784196198535e+02 9.274132596369346970e+01 8.438720404863246927e+01 8.525004825379963336e+01 9.360463233310805720e+01 1.009227351224926394e+02 9.269889960573740950e+01 8.705416478518647239e+01 7.533468440556474377e+01 6.693230474299782884e+01 5.976209628794214268e+01 4.565946081854652761e+01 2.562771202596137243e+01 3.878012207254482036e+01 3.430393207938361400e+01 1.429663020739724288e+01 1.482379963490365604e+01 3.516852196018686527e+01 2.872671079042373066e+01 4.876323540025246928e+01 6.098598227476419709e+01 6.929248548168691002e+01
5.775183540476255928e+01 7.813142368378024116e+01 7.577953356134572971e+01 6.159568067994653262e+01 6.159568067994653262e+01 8.167568534735214314e+01 7.068984941615661910e+01 6.919035108766813380e+01 8.339380311940649904e+01 1.034145524656354667e+02 1.032988660260558902e+02 1.047968313466885775e+02 9.655367460895296006e+01 1.047968313466885775e+02 1.087456306629755574e+02 8.853736207961243565e+01 7.431818118562459574e+01 6.429086042813399615e+01 6.514995939564030891e+01 8.198806075067849974e+01 9.304682455952274722e+01 8.713810896549686902e+01 7.904995993075564797e+01 7.834073850283193963e+01 7.036288314115768117e+01 6.649457932990164011e+01 5.375759555798218514e+01 3.877069839037078225e+01 1.941426953743523498e+01 1.523558895132868329e+01 3.430358191029493753e+01 3.516852114252421302e+01 1.680170721764010366e+01 3.719514252135772381e+01 4.681525350478329983e+01 4.094554569215549833e+01 6.098598222542312186e+01
6.879959545424814849e+01 7.192194063651682256e+01 8.024160874356442719e+01 8.167568534735214314e+01 8.167568534735214314e+01 8.996338644274480600e+01 9.075231878615329606e+01 8.925774483848073260e+01 9.753658743039973444e+01 1.047678482047689386e+02 1.025785068683248511e+02 1.011949377882339718e+02 1.011949377882339718e+02 1.094781667009953310e+02 1.018712074023885776e+02 9.351182941522638714e+01 8.786626419958560064e+01 6.775472229792791268e+01 5.353448031625999448e+01 6.457886333561226877e+01 8.469599354638381783e+01 7.904995993075564797e+01 6.031917455124442995e+01 6.580529457195342502e+01 5.159994038880251566e+01 5.302559412334368005e+01 3.944225357103246665e+01 3.570877858945819838e+01 1.618809439621480450e+01 3.524895906737418727e+01 4.354916192650443207e+01 3.719513759298226319e+01 3.719514252135772381e+01 1.916769137566332759e+01 2.679185052881291895e+01 4.681525354918447590e+01 5.920238288478509503e+01
5.583923906051304442e+01 5.162822197518057976e+01 6.501248843593555193e+01 7.025324129049369049e+01 7.608714426018404708e+01 8.280261311643351974e+01 9.110344522823766056e+01 1.011376816508436747e+02 1.047678482047689386e+02 8.490006262690576477e+01 8.273336037582595281e+01 8.137442350444831618e+01 8.137442350444831618e+01 1.011949377882339718e+02 9.351182941522638714e+01 7.338204702993981243e+01 7.927792378678066143e+01 6.827042551121094505e+01 4.812672450621610665e+01 6.173494590348408195e+01 6.854392166106877937e+01 7.688689420200975633e+01 6.580529457195342502e+01 4.697969013299247365e+01 4.048029423396029358e+01 4.507721513028062787e+01 2.547304310365554159e+01 2.111683829735106954e+01 1.686329883044225042e+01 3.150626721789020479e+01 5.377934118576299483e+01 5.723001300436738603e+01 4.754824620631305976e+01 3.924711847507013118e+01 2.138180419922487729e+01 4.134240001223220418e+01 3.914856130889882735e+01
3.528455843460120889e+01 3.972646013402487597e+01 4.461746916540192842e+01 4.995630146008513606e+01 5.587791156032268702e+01 6.265620654768522257e+01 7.275657517702853738e+01 9.284865105583850209e+01 9.998249216800822126e+01 8.017368013744955135e+01 6.899731215372705151e+01 6.766405015863502115e+01 8.492337493040987795e+01 9.315182624347802687e+01 9.351182941522638714e+01 7.338204702993981243e+01 5.919425098059099355e+01 5.281277715839284070e+01 4.696971375036253704e+01 4.156891611904096351e+01 4.840090012767752370e+01 6.525753581899991218e+01 7.372864175837075607e+01 6.580529457195342502e+01 5.205814723778595976e+01 3.274177616267405000e+01 4.507719522792369560e+01 3.754645297689658889e+01 1.754902239703298505e+01 3.683908864680696382e+01 4.939053371284808946e+01 6.120652173814966801e+01 5.551893372502912172e+01 3.547067232540764081e+01 4.134221862148989146e+01 2.347884982819446620e+01 2.496703589421667147e+01
3.500460039165583481e+01 5.556405948418206009e+01 6.501259396100952870e+01 7.025324129049369049e+01 7.608714426018404708e+01 8.280261311643351974e+01 9.110344522823766056e+01 1.011376816508436747e+02 1.082667689429739255e+02 9.679781346426923960e+01 7.980348872193876275e+01 6.036372820740479028e+01 6.540787654205828971e+01 7.951074953768400633e+01 8.771079005456751077e+01 8.762662721616422346e+01 7.927792378678066143e+01 7.292690880186628988e+01 6.712045914242872868e+01 5.691434275647285546e+01 3.675950077136430849e+01 5.251619566044271181e+01 6.084165513473750764e+01 5.871743650029944206e+01 4.977726580818028168e+01 4.960796293535943136e+01 4.535100039292845508e+01 1.853760529278466507e+01 2.307594684565226473e+01 2.139251487958622633e+01 3.242216879655772743e+01 5.282144074579494486e+01 6.382735462888944511e+01 5.551892645931599191e+01 5.179107942613494941e+01 3.500351787420603955e+01 4.502462112131630789e+01
5.556405948419937602e+01 3.925919997131322958e+01 5.974588679035824867e+01 7.282935498756016557e+01 8.708783024301359887e+01 8.791893953125951100e+01 9.621154583304128494e+01 1.077830316303603126e+02 1.024124347445122396e+02 9.414069762182028001e+01 8.800652304068822218e+01 7.365609668252533027e+01 5.414103301799074330e+01 5.999545998389907453e+01 7.639605393357537366e+01 8.544126463184767317e+01 8.882169907098348460e+01 8.763520359817344740e+01 7.933605737680832704e+01 6.525753581899991218e+01 5.251619566044271181e+01 3.235951448856858548e+01 5.250431614176950745e+01 4.792285045703379609e+01 2.736533708885517768e+01 3.217395595956576670e+01 3.928213676371822061e+01 1.923621052750540628e+01 3.851705608258924229e+01 4.104113067053464903e+01 2.657248444669831855e+01 4.116401429709731019e+01 6.140046062706112906e+01 7.269946428913362979e+01 6.337460165562070813e+01 5.506867550253198829e+01 4.987693785139827440e+01
6.653530181773227525e+01 4.616705673561033052e+01 4.408484575788151716e+01 5.857087973210668963e+01 7.630300510551734305e+01 6.779955092848562970e+01 7.943879586106612578e+01 9.950303121248552429e+01 9.414069762182028001e+01 7.417665549655342261e+01 8.002398805515009883e+01 8.182540620715793978e+01 6.824359186049275650e+01 4.859099910185462790e+01 5.767037111467851673e+01 7.155581516474097725e+01 6.920021482898188481e+01 7.933602487329177677e+01 5.913262551177678716e+01 6.505004663834117196e+01 4.957601132130540833e+01 2.914092009702650188e+01 4.544750561726630878e+01 4.170887336894401898e+01 2.161515411741760317e+01 2.091866467120551931e+01 2.022109119736699512e+01 3.843860982065766052e+01 4.739154669451493618e+01 5.545627771099420755e+01 3.852896681594084072e+01 3.394399902919895595e+01 4.421533581226729837e+01 6.434981319812777656e+01 7.628620636475874051e+01 5.626438717061437700e+01 5.248139470252623795e+01
5.911099960551021582e+01 6.062205052035867681e+01 6.448998514247939795e+01 4.925876629039122179e+01 5.609516300057489246e+01 7.630300510551734305e+01 8.496274397696011249e+01 1.050102189126259020e+02 9.154853659582576597e+01 7.158743298908180464e+01 6.003825490971436807e+01 7.108609647647710972e+01 7.639605393357474838e+01 6.340545797195198219e+01 4.364274137401031339e+01 5.892645509283271821e+01 5.532256065536260792e+01 6.573995253335492350e+01 6.504936853709658351e+01 4.471248857494084206e+01 5.416569865617079671e+01 4.543758068008405360e+01 2.300694969329111217e+01 2.260486670214257288e+01 4.170625346131193822e+01 3.247765321110549053e+01 3.176749818336756093e+01 3.020963709547732279e+01 5.032019836044309358e+01 6.713669011135996811e+01 5.878885648523179697e+01 4.021513372655554974e+01 6.035497112760347704e+01 7.269946428913362979e+01 7.041629293036100989e+01 5.040247587196078882e+01 3.615521872170936746e+01
7.342387930588117229e+01 8.081115329757180632e+01 7.789082603092072077e+01 6.956705777483722386e+01 5.574725487361569520e+01 6.482836173877538499e+01 7.908551233073589515e+01 9.915163632647571035e+01 9.982074750632634164e+01 8.829454512053280268e+01 7.108391919767005618e+01 5.100240585827932449e+01 7.108391919766972933e+01 7.127557542990446393e+01 5.889534246410901375e+01 3.908643040022646176e+01 5.471962740708621453e+01 4.604299339706949468e+01 4.918088637803082719e+01 4.798295250142366086e+01 3.389927738662819223e+01 3.139187638811726089e+01 2.357934141042085230e+01 4.272648402291849834e+01 4.272586930354416523e+01 4.671914208249943812e+01 4.600459852978391950e+01 4.442902959728347412e+01 4.442903089239061387e+01 6.454916059861378130e+01 6.705997072974329853e+01 4.694497192332375590e+01 6.705997072974329853e+01 7.954319009115774008e+01 5.959106746360231455e+01 4.799803460037314551e+01 3.894529393250239480e+01
9.352287312985444601e+01 9.963612098943386286e+01 7.957193460946047026e+01 6.531678051384791672e+01 7.595837450550327219e+01 7.006849856781529695e+01 9.017779287472197325e+01 9.360168667027056699e+01 8.199912813480113982e+01 7.367741664971272542e+01 6.571578652197499082e+01 4.557984050067690163e+01 5.924264902303608693e+01 6.302394791670585761e+01 5.347036139909172192e+01 5.376156452771707706e+01 3.477689886480645498e+01 3.175215983791316887e+01 2.895708198903374253e+01 2.787560726546135470e+01 4.481396679662902471e+01 2.467465994170655108e+01 4.378222613807071895e+01 5.213567422357000680e+01 6.288219992444994233e+01 6.687672383851089819e+01 6.616369432472363599e+01 6.454901915832846271e+01 6.454916059861378130e+01 7.289433898442469228e+01 7.541219733214273901e+01 5.698541237348210586e+01 7.541219733214273901e+01 8.789149570614286233e+01 7.633789425675918494e+01 6.290705906560392435e+01 4.276873524515727354e+01
