MOVIE_S13_data/elevation_000346.asc
nrows	150
cellsize	150.0
xllcorner	0
ncols	150
yllcorner	0
NODATA_value	-9999
[rows 17 to 33 of 150, columns 111 to 147 of 150]
5.311038170207378784e+01 4.276632012540519412e+01 5.414197841834621983e+01 7.352752849638932275e+01 8.664639210236305189e+01 6.643676852245660314e+01 5.218444542697781685e+01 5.693521983202311532e+01 6.456508960679872189e+01 4.455579150635790597e+01 5.471304243914885745e+01 3.479301517795188659e+01 4.880801985746761318e+01 6.896903638006048709e+01 6.539872948702571875e+01 4.534289906610757726e+01 5.048788835488617366e+01 6.050651982861715084e+01 7.472729218693521602e+01 9.479069768507216054e+01 9.074825283002142839e+01 8.246658035317828706e+01 8.193417701802893305e+01 6.779706855614813321e+01 8.193417721333203474e+01 7.096580911279730230e+01 5.096127161438595721e+01 3.941420627179841318e+01 3.470016105426477537e+01 3.852803068072012849e+01 5.678253651279081282e+01 6.829310778070370702e+01 6.559744102556119572e+01 5.406484107029402253e+01 4.576279154821853723e+01 3.878385887001159915e+01 2.507564901037744320e+01
3.342723417534954677e+01 5.311038170207378784e+01 7.031423062590408790e+01 6.791868499432830220e+01 7.622999277712646915e+01 8.069353769929379894e+01 7.235597214525276399e+01 7.711950044736649090e+01 7.290768396559950304e+01 5.340622001421239418e+01 5.783949177890605142e+01 3.782046941116467309e+01 5.192267632478004202e+01 7.212394789431569109e+01 7.145602354453620819e+01 5.136520225172319698e+01 7.056166459127081225e+01 7.884569265845028951e+01 8.885238690961753605e+01 8.813736458641452032e+01 8.246658035317943813e+01 6.247309570294968495e+01 6.832905177745314518e+01 5.365748636837823682e+01 7.299230246922958543e+01 7.926053516296447299e+01 6.770740919787095891e+01 5.941618400307559256e+01 4.852907435500070221e+01 2.852802705282953610e+01 4.007495096305054716e+01 6.005478277996687808e+01 5.725698803527642156e+01 3.734845572751233789e+01 2.602338905940045066e+01 1.904889418857753824e+01 1.305471637406824748e+01
4.391476650368586121e+01 4.762951693459810798e+01 5.161321417506250953e+01 4.794863281645710629e+01 6.246025853705835829e+01 7.077129893595433430e+01 7.972475603613001738e+01 9.008326778673509239e+01 6.988703793942624998e+01 7.359190839221142255e+01 6.114316481634167388e+01 4.104771244812088327e+01 5.521695931409605151e+01 7.545029051327324510e+01 7.906516605808158715e+01 5.893326727679159660e+01 7.145602354453622240e+01 9.159773024526957386e+01 8.813736458641452032e+01 6.814512519411668734e+01 7.181376947751479634e+01 6.832905177745314518e+01 4.833272576579174284e+01 4.471354993923744559e+01 6.471058573922148582e+01 7.724960641611315282e+01 6.542843058636019293e+01 4.542720995822208607e+01 3.388019303613824462e+01 2.493592101229606683e+01 4.034778938025895911e+01 4.752395869329361489e+01 5.580107800687605391e+01 5.406484107029402253e+01 4.576279154821853723e+01 3.878385887001159915e+01 3.283354313371775390e+01
2.398242624979605608e+01 2.753025575087749388e+01 3.155455776542463298e+01 3.701061794378369996e+01 4.255474889174566044e+01 5.141507640703758142e+01 6.290954303450515539e+01 8.298958797445244784e+01 9.008275727654414311e+01 8.127667266536046498e+01 6.465436503851547911e+01 4.448406244729961401e+01 5.872212900564389315e+01 7.897604972427259895e+01 8.740486676966042978e+01 7.054491776780292867e+01 8.740486676966042978e+01 8.842527297918991280e+01 8.595078607459734599e+01 6.595802547150964301e+01 5.181812015106603297e+01 6.112564533385067733e+01 5.557907593919423306e+01 3.764083302878000126e+01 4.897119412550500783e+01 6.896776218609923603e+01 7.371724592511924357e+01 6.216788710447227118e+01 5.322253275432065323e+01 4.034778938017959149e+01 2.034760633488543391e+01 2.753024964495071814e+01 4.426859126532911404e+01 5.581633825876357236e+01 4.810563222499438041e+01 2.810510900594674055e+01 1.655810334071346546e+01
3.813214376380518189e+01 3.919773933816375688e+01 5.161321417506250953e+01 4.370367821680121523e+01 6.246016817002790589e+01 5.659606135669055504e+01 7.661801348869452966e+01 9.133288032176011484e+01 8.723893117563200406e+01 6.699910694451557447e+01 5.266296070537759988e+01 4.981283231677693379e+01 6.093923302174992074e+01 8.118480683572443013e+01 9.903651099881125219e+01 9.070404166915311350e+01 8.237728569509611987e+01 6.802527172145271095e+01 8.237728569509611987e+01 7.526420601748482397e+01 5.526926174582591500e+01 4.112720497841225864e+01 3.557725607819266145e+01 3.263682478411981691e+01 5.264063275964022637e+01 6.617036234331932576e+01 7.374219676947558355e+01 6.135218385493958948e+01 5.306918390928020557e+01 4.863349646653966118e+01 3.598335584376778229e+01 1.598324853016566038e+01 2.753025463758353908e+01 4.753050683524365638e+01 5.639360648332967685e+01 4.484434336486144446e+01 3.589869383889971743e+01
5.810366393450547662e+01 5.914753933038787892e+01 6.744650867008982686e+01 5.467400077241251921e+01 7.245236209219277157e+01 7.661802565161445955e+01 8.495264325086854740e+01 9.541680657041807478e+01 7.521998759009861146e+01 6.349701376115643114e+01 7.292720878155252251e+01 5.540577184731663607e+01 7.569489952882692307e+01 8.951733932290635209e+01 8.820540694058705355e+01 7.628673972761190214e+01 6.782317312322413727e+01 5.276599979280116770e+01 7.301337490532911545e+01 8.071152450493154618e+01 6.940754101901789852e+01 6.112564533385067733e+01 4.827544398653792257e+01 2.826650129260165656e+01 3.788577516248540888e+01 5.202806873067604698e+01 5.374647350310318927e+01 5.306918390928335327e+01 3.307074520993468525e+01 3.892811602546027672e+01 3.318204955701082071e+01 1.318268836210961759e+01 3.317356523637416643e+01 3.722524617387089307e+01 4.562374108814632478e+01 5.200895826626215523e+01 3.419270028769440728e+01
6.215136712680891407e+01 7.185665705652556312e+01 8.231526945511058102e+01 7.556871531321156965e+01 8.394879158722086743e+01 9.131035128248372246e+01 9.965688227878723637e+01 1.037149362526231755e+02 8.375619692101548708e+01 8.375620493241096653e+01 8.245333278274927125e+01 6.217803174028563973e+01 7.569489952882692307e+01 9.588841373961824388e+01 7.986116171274773023e+01 5.901075385475827062e+01 4.654124015746296550e+01 4.296860591891319814e+01 6.137562391223227820e+01 6.025276852907371961e+01 6.035970670396530124e+01 5.906009355381087289e+01 5.655827164381816630e+01 4.374431023007574026e+01 2.373225357557360837e+01 3.374212454943273087e+01 5.374647350309592042e+01 5.306918390935026508e+01 3.307074520993468525e+01 1.892867824948849531e+01 2.891441956220865706e+01 1.046103309235050816e+01 2.669975817385106609e+01 1.718689244240475134e+01 3.395356265432388199e+01 3.207372584107122293e+01 3.208005969768291976e+01
4.570603395833337856e+01 5.745015120603434866e+01 7.497270583517638443e+01 8.188130081640231595e+01 7.510600615586115225e+01 7.146416269439336588e+01 8.393139615878106952e+01 1.039569802261325862e+02 1.038995073242637233e+02 9.672986101827780203e+01 7.653980245386354397e+01 7.653980245386354397e+01 9.078293490360911733e+01 8.417583607059700057e+01 7.589894000919272798e+01 7.628673297088235472e+01 5.644750144266019021e+01 3.640061196821220335e+01 4.485181986420037958e+01 4.882449954131990211e+01 3.837982716938630290e+01 3.905702701413117950e+01 5.319988421920753296e+01 4.085581283506911632e+01 2.084778372470455210e+01 3.685435833541895079e+01 3.552535299329371554e+01 4.384589516690063249e+01 3.889551778676999305e+01 2.892876771095169985e+01 8.928678661976690023e+00 7.764233642497517351e+00 6.699741051672813974e+00 5.639743171666450117e+00 2.415122436736106337e+01 2.311274866457125299e+01 1.208405722418043915e+01
6.412699998946405344e+01 7.185665705652563418e+01 7.615520728598306732e+01 6.212321256098101685e+01 5.539956377196872950e+01 6.419722418429331867e+01 7.808833929249517780e+01 9.803778329108584444e+01 1.176243147050795415e+02 1.050260673533547759e+02 9.672986101827780203e+01 9.672986101827780203e+01 8.434032295455659778e+01 6.437061182109700042e+01 5.593128964161856942e+01 6.029419180985378546e+01 5.310048648311106234e+01 3.313501515362381156e+01 3.085574699297367118e+01 2.883209809151985681e+01 2.683735053411211879e+01 2.489991414705106720e+01 4.223120873608494463e+01 4.062997658741674201e+01 3.681075870241969028e+01 1.685718907721753013e+01 1.550564813141267706e+01 3.358276531074237425e+01 3.061010290099336828e+01 1.061000406881349889e+01 2.892876513237422387e+01 2.190637222639744763e+01 2.669927496036743975e+01 2.414548237287801058e+01 4.151097316536870530e+00 3.112749053234536323e+00 2.084060053487255093e+00
7.550609757265442568e+01 7.005124029762419013e+01 6.182222211229701259e+01 4.818282768801021376e+01 6.791023094791705716e+01 6.783233230085241416e+01 7.765016389027390176e+01 8.907929020243845741e+01 1.092260933294784451e+02 1.072351133441787852e+02 9.569907974292210895e+01 8.676685571104263772e+01 7.848952182783823162e+01 6.437061181447131730e+01 4.440031392007693967e+01 4.032703624353855076e+01 3.641593319624779213e+01 5.310048651365352157e+01 4.497674029271035323e+01 4.882452054808020137e+01 4.684870483531270224e+01 4.223120359588724426e+01 2.221325876381803610e+01 2.062512876011017227e+01 1.905863620478960030e+01 3.684909778870351715e+01 3.354895376415209540e+01 1.360539457493627324e+01 1.236060090891365348e+01 1.484301852088105100e+01 3.448893358377730323e+01 4.190655682210221045e+01 3.569665253381398173e+01 1.569810145568833271e+01 2.414674641712307235e+01 1.205702078051492343e+01 2.208409556239431026e+01
6.445999935363521161e+01 5.624253316342211662e+01 4.209504269162618328e+01 6.182222211229701259e+01 7.615534617579957910e+01 8.068284453461643579e+01 8.898803654901089999e+01 9.018103269338070049e+01 9.849832226499388810e+01 9.894842299104372785e+01 7.897771736549837840e+01 6.745290722906503333e+01 5.852390827700126863e+01 5.146191689194989038e+01 6.437061178700206199e+01 5.928421302839701212e+01 3.932453029320055293e+01 5.928421304545244652e+01 6.495372346626744786e+01 5.947031974846539271e+01 4.608598925791922341e+01 2.653208196605996250e+01 3.936028451864186906e+01 3.522357700666658076e+01 3.906847167111948949e+01 3.849112568099202747e+01 1.852066420288332438e+01 3.359816821965662825e+01 2.649439104968906022e+01 3.448893360715846512e+01 2.129275290617248118e+01 4.170616448030898482e+01 4.396961374621597685e+01 2.724508888205524215e+01 3.204908427458344988e+01 2.619953247286323261e+01 3.154717347817475570e+01
5.113885591425076882e+01 3.653369039306645050e+01 5.624253315786835827e+01 6.102055884820581610e+01 6.500125019287408179e+01 6.072025975239381523e+01 7.385915936391390346e+01 7.019090203950311491e+01 8.792368031795749062e+01 9.948055129192371737e+01 9.448703652674471698e+01 7.451813830151401419e+01 6.299198637421557123e+01 7.143061148569496766e+01 7.507148899769138950e+01 6.228645641495686647e+01 4.233145025004366602e+01 6.122703556848298945e+01 6.815096500969478654e+01 4.356812417405068771e+01 3.107067632765260612e+01 4.517851284096317954e+01 5.265246078411283293e+01 5.589337743509025813e+01 4.377375341986374480e+01 2.376819366057717886e+01 3.852735061242700709e+01 4.685185123923012895e+01 4.648594985838083460e+01 4.722214429413317305e+01 2.658323767844195729e+01 4.722214429413317305e+01 5.550539787712701667e+01 4.724170261275184401e+01 5.199467722700335059e+01 4.622108277686049860e+01 3.983144472563600402e+01
3.133952204131060881e+01 3.367249418062954192e+01 3.738858771125369884e+01 4.116158370083240925e+01 4.509779347248751691e+01 4.922505072996398212e+01 5.391145704114209991e+01 5.966316153013459456e+01 7.117211601989177439e+01 9.116069733744406278e+01 1.027715780224017408e+02 9.123715955662544275e+01 8.295798776098759220e+01 8.090631423387843313e+01 6.096363190636177620e+01 4.685264690508527963e+01 6.228645641502496488e+01 7.055265508602775526e+01 7.579823754731776830e+01 6.050267528392603822e+01 5.116395449888101865e+01 3.607984658676010525e+01 5.561226732400258754e+01 6.182011374677603754e+01 4.177011817923377635e+01 2.761836364911067676e+01 4.044640064410043578e+01 5.945274045693343368e+01 5.890903236939761456e+01 3.866674844066876204e+01 4.130888703235333992e+01 4.352335991982518948e+01 6.367984742838311263e+01 5.340573519644086531e+01 4.469561813542384243e+01 3.677222377711574808e+01 3.063133898588789350e+01
5.113885591555457921e+01 5.345592818768724186e+01 3.791195806139912605e+01 4.413120793345753157e+01 6.401685406560268632e+01 6.915744083674697151e+01 7.385915936391390346e+01 7.962028453303778974e+01 7.117211601989177439e+01 9.116069733744700443e+01 1.070028747087237093e+02 8.703730333755736126e+01 8.703730333755730442e+01 7.345234024833405329e+01 5.350944551719212683e+01 5.169702168960975541e+01 6.580139049601832824e+01 8.574282332697089259e+01 7.301352557441424551e+01 5.500199199582132081e+01 4.162685952919512289e+01 4.751051818480328848e+01 6.359041190946609845e+01 6.785154255352976804e+01 5.209804254204009766e+01 3.240666753953286872e+01 3.637818259518998332e+01 6.257652094657112940e+01 6.717619644741630225e+01 5.047210659138355737e+01 6.149801017332314501e+01 6.367984742838311263e+01 5.783305215605178518e+01 3.614092598216284813e+01 2.381067637369978840e+01 1.657075159070074122e+01 1.053068979736022470e+01
5.264968254160994121e+01 6.123780675391506634e+01 4.137846808600822612e+01 6.123780675391506634e+01 5.404686917373521027e+01 6.294983513720983126e+01 7.446181562951220201e+01 9.446454216460313091e+01 8.269283186036371092e+01 9.948055129335836000e+01 1.011487917397268603e+02 8.119213345610816646e+01 6.709909459427002787e+01 6.079532977172072350e+01 7.345234024833405329e+01 5.703307721727810531e+01 7.697063827448111795e+01 8.239299983802229121e+01 6.671813725191057642e+01 4.761365896015789190e+01 6.095789595372352210e+01 6.672323796752291969e+01 7.468389760311966086e+01 5.958575912910691841e+01 3.977537189697494568e+01 5.209804254204009766e+01 4.856589494655677441e+01 6.674067446450453645e+01 7.870031377159925512e+01 7.043408731200860018e+01 6.986847786747252087e+01 6.188429072677478615e+01 6.652933554077512213e+01 5.340573519644086531e+01 4.469561813542384243e+01 3.677222377711574808e+01 3.063133898588789350e+01
5.529893244545809239e+01 6.426692561948442517e+01 4.503276862228415922e+01 6.493620449745240819e+01 7.398683895747019790e+01 8.228283169457333202e+01 9.122386499177605401e+01 1.027879684604069013e+02 1.027280166949718421e+02 1.110623644911257770e+02 1.033344395935547340e+02 8.337460554565203097e+01 8.703730333755734705e+01 7.076086953291931536e+01 8.272520280064249221e+01 6.279080653115235577e+01 8.272520280064249221e+01 7.442521064987953139e+01 5.554696586212576648e+01 5.728076547640397820e+01 6.117991437190430304e+01 8.008859004026690798e+01 7.368284992856992233e+01 5.374655292996438050e+01 4.719836188433537671e+01 6.711350954563198457e+01 6.827234151716197630e+01 7.617521613267108194e+01 6.793851033694562602e+01 6.576674697456094520e+01 5.925024217824260120e+01 4.278290587892817598e+01 5.925024217824260120e+01 5.828269543880771408e+01 5.641667777740855882e+01 4.811355577220253110e+01 3.942261922636102867e+01
4.960476514338145648e+01 6.958614857717203961e+01 6.493620449745240819e+01 5.063798941720946090e+01 7.057533834882288204e+01 8.417671155622474544e+01 9.124357472909333922e+01 9.124357472909335343e+01 1.113125619907272608e+02 1.103532887613179696e+02 1.020300242145846283e+02 1.033344395935547340e+02 9.898251941653093411e+01 8.485701473898221536e+01 8.937158085335443047e+01 6.943244669521858725e+01 8.937158085335443047e+01 8.069458257865093742e+01 6.188667451067181702e+01 6.815450604543374880e+01 8.008859004026690798e+01 8.810492595203565713e+01 8.195653217709532612e+01 7.368284992856992233e+01 5.713173512324168257e+01 7.539357581964451072e+01 7.448246282232774718e+01 6.624839173169672790e+01 4.809454042513268490e+01 4.592424143515826529e+01 4.759040181270295022e+01 3.147872995073260327e+01 3.992303295352433423e+01 3.917596137880026674e+01 4.813059084733409776e+01 2.814016820167196187e+01 3.114203303916290722e+01
