MOVIE_S13_data/elevation_000161.asc
nrows	150
cellsize	150.0
xllcorner	0
ncols	150
yllcorner	0
NODATA_value	-9999
[rows 34 to 50 of 150, columns 0 to 36 of 150]
6.455108993161302877e-02 2.006455108993125691e+01 3.463238160449659375e+01 4.291665285639705729e+01 5.310443411389938007e+01 4.482204813020853607e+01 3.425160708207743454e+01 4.425100916835425835e+01 5.839059835790028075e+01 7.838440460428650169e+01 7.563461348291194497e+01 5.728399964017673796e+01 7.563461348291194497e+01 6.104908390709930899e+01 4.130762679547810734e+01 6.104908390696589038e+01 6.512954662515491577e+01 4.530053564705102076e+01 3.402484200242123080e+01 2.530264753571225000e+01 4.326686002168992928e+01 2.735844078803384960e+01 4.115710733485773432e+01 6.088121777312005634e+01 7.467843912889229330e+01 6.907602055156502274e+01 7.572189095441750339e+01 8.399603177971474111e+01 9.398378707582870106e+01 1.041319418402326988e+02 8.968513058680385086e+01 1.041319418402326988e+02 1.000403244756385845e+02 8.503876121666380072e+01 6.461053000229783549e+01 6.633363666248418156e+01 8.077938839470307641e+01
2.024332444148535439e-03 7.073092144309653939e+00 1.463238160449426495e+01 2.617938698828698563e+01 4.617938698829666322e+01 6.253084763267140289e+01 5.424882889704555566e+01 6.253084763267140289e+01 7.252842326306716814e+01 7.985621719926622575e+01 6.733559287612378341e+01 4.706105203356960232e+01 6.733559287612378341e+01 5.406942480999035894e+01 3.441794885996526432e+01 5.406941827308513382e+01 5.561392985631929520e+01 4.740098012650305748e+01 4.229261833884460486e+01 2.266180550112985870e+01 2.367291163781493424e+01 4.326684999835644874e+01 5.513223413909432225e+01 6.740957258845790534e+01 5.477182826932204307e+01 4.920347721127240703e+01 5.578427974586016802e+01 6.573414908097235809e+01 8.570963282786252080e+01 9.567248529818375857e+01 7.520180512876051182e+01 9.567248529818375857e+01 9.157544695838500104e+01 7.111779240942877323e+01 5.940471061465324709e+01 7.976421459772801370e+01 9.524471392230708489e+01
9.707512844716031930e-02 1.423921075217823606e+01 3.423921075217894128e+01 4.291665286215039998e+01 5.446365825297604601e+01 6.573813674536054918e+01 6.573813674536054918e+01 7.408004851657513257e+01 7.393274411430770954e+01 5.972243627653899267e+01 6.057741259527249866e+01 4.011571030733810517e+01 6.057741259527249866e+01 4.814426005864500979e+01 2.853122473540944171e+01 4.073077530835034565e+01 4.420216272061448848e+01 2.777009027938431629e+01 3.754935280343811854e+01 2.005380385626377304e+01 2.308027553379854524e+01 4.267004366479715571e+01 5.012570855819458870e+01 4.758783215364052666e+01 4.086007961169526936e+01 6.060233959964845241e+01 7.572189095441750339e+01 8.399603177971474111e+01 9.398378707582870106e+01 8.793529545580716444e+01 6.749761915403252033e+01 8.793529545580716444e+01 9.086699657772237515e+01 7.043180319321054128e+01 5.610722466039145218e+01 7.187569924733367088e+01 7.829550924213292262e+01
8.916398461424913935e-02 8.254129846401578874e+00 1.825413776614824002e+01 3.239753941744019983e+01 5.243865491033246684e+01 4.595827325588501111e+01 4.595827325588501111e+01 6.573813674536054918e+01 6.379671408149062017e+01 4.526372184610649896e+01 5.467062793326410741e+01 3.404980175598733894e+01 5.467062793325789016e+01 5.635814904966353822e+01 4.073120838232961916e+01 2.109413101533472812e+01 3.395751714777478014e+01 1.636759292955480305e+01 1.788557877431251342e+01 3.754935280338842318e+01 2.962202545550869814e+01 2.742493040528315973e+01 3.055320582987532418e+01 3.378683147342233895e+01 3.914930967421273778e+01 5.886034236746134951e+01 7.601058345560055329e+01 8.598730281160000288e+01 9.593165612352294147e+01 7.548308771503172920e+01 6.109765022070058649e+01 8.147233473632174139e+01 8.828848125981005523e+01 6.791030883919943051e+01 6.791030883903589199e+01 5.163534057855187598e+01 5.796985089560451598e+01
5.738623160518319517e-05 2.000005738623125140e+01 3.654791744952160570e+01 4.657390484777366879e+01 5.175166114100818504e+01 3.258781904108351313e+01 4.497665390280636188e+01 6.460862827559907373e+01 5.544160301198733976e+01 3.486354963282912678e+01 4.934635350862146908e+01 2.864187451700387044e+01 4.934635350860126835e+01 5.230450244125794512e+01 4.023060931273744245e+01 3.203860560952151104e+01 1.424078011507414665e+01 3.399624495041631178e+01 3.754934752669740305e+01 3.432969974175549055e+01 3.657085877546432329e+01 4.699159812495570065e+01 5.012570856256769503e+01 4.246666542813063927e+01 5.886034234673988408e+01 4.788318491553872747e+01 5.776887916911074683e+01 7.771321940191567990e+01 9.046654633533843537e+01 7.004590341347964966e+01 5.572418606610153091e+01 6.906317338242897108e+01 7.275008589814359539e+01 6.431438867958809169e+01 4.772825174169986440e+01 5.513421812242597042e+01 7.458883983612190605e+01
4.605142656856162087e-02 1.159306007423582230e+01 2.573548495821253113e+01 4.575014287296192350e+01 4.497665390280457132e+01 2.628777743443644610e+01 4.497665390280398867e+01 5.903855421184256613e+01 4.766382991096408261e+01 2.699263235208897171e+01 3.791933393154683785e+01 2.376305976709086210e+01 4.446626100998341968e+01 3.835906752060312641e+01 2.441363262472058793e+01 1.227760907384871025e+01 2.526158340216198184e+01 2.231182085250049596e+01 4.184146503838091746e+01 5.018861525077310404e+01 5.505771395518761580e+01 4.805865539184961932e+01 6.710108669796748870e+01 5.640012986037505271e+01 6.223351940586622533e+01 5.930971411764072343e+01 7.601058345560055329e+01 8.598730281160000288e+01 8.525284523065411690e+01 7.679869585629460005e+01 6.906317338242897108e+01 4.886326072370233220e+01 6.267540012862456678e+01 4.418834456580083980e+01 6.431438867958803485e+01 7.458696190816355909e+01 6.866594773806302499e+01
5.674351268809080251e-02 1.419887913917528799e+01 3.419888344333379138e+01 4.165102585166770410e+01 3.366007133242636229e+01 2.139896430639434399e+01 3.174282130742676600e+01 5.079095756979253196e+01 4.123514453333959295e+01 3.276609163439585615e+01 1.730636474294244920e+01 3.791933393154683785e+01 3.649187027131686989e+01 2.831060258580964728e+01 1.035551268027306904e+01 2.441363256815218463e+01 3.926756935802103499e+01 4.184146534705347875e+01 3.144932850034111738e+01 4.271430098945633347e+01 6.257841994818391385e+01 6.136718114427074511e+01 7.527201415532928763e+01 7.631706319449702391e+01 8.216556489823470599e+01 7.925846731842554505e+01 8.753248058521049302e+01 9.122265223712048510e+01 7.082409750027863993e+01 5.650847028235174463e+01 6.508412865926048596e+01 6.267540012862456678e+01 4.257115925567966030e+01 4.176324913601945354e+01 5.591573275786218034e+01 7.619632051667632311e+01 8.888799408738083230e+01
2.296829293879562237e-02 2.002260682437787054e+01 3.039675146708514220e+01 2.824668906027369530e+01 1.540388039897142392e+01 3.366194475142852838e+01 4.788236521558884817e+01 4.733643247038456536e+01 2.673201891804368913e+01 1.228126458748481475e+01 2.800636843601756709e+01 3.108798702568666883e+01 2.646359006277281267e+01 8.494092574552420061e+00 2.635385877975267022e+01 3.835855859071516960e+01 5.230353933767078445e+01 5.937017852969775333e+01 4.271430019441262971e+01 5.937017852969775333e+01 7.087423772870435812e+01 8.094421511857214568e+01 7.796343848262807796e+01 6.968383746591298689e+01 6.968383746591298689e+01 8.967969911610960310e+01 1.004345596331377948e+02 9.198175154196020742e+01 8.525284523065411690e+01 6.508412865926048596e+01 4.494103861599536742e+01 5.558858495016448131e+01 3.842767456866501163e+01 5.848337612291570053e+01 7.028273978770864971e+01 7.944898906299762587e+01 7.944898906299762587e+01
3.063233560239582431e-02 9.220821118483147671e+00 1.760338391199505992e+01 9.747777210625356403e+00 2.824294347228719815e+01 3.958119553425824222e+01 3.782075728002066484e+01 3.502959414225051660e+01 3.553961426845778249e+01 2.719326917744592720e+01 7.635534743396589441e+00 9.196011397384763697e+00 6.663507075324594631e+00 2.644060913685144243e+01 3.636833026525542323e+01 4.812608705687708976e+01 4.449176461891373435e+01 5.278050507898416299e+01 6.257738407355736143e+01 7.086103482462000613e+01 7.604374153802886838e+01 6.776444929657824900e+01 6.968383746591298689e+01 4.968799837691328491e+01 6.968383746591298689e+01 8.195067492402438347e+01 8.862695748341164403e+01 7.151195928051915018e+01 7.291861113816955253e+01 6.125550058520231289e+01 5.286170500175955311e+01 3.555019155991051605e+01 5.558858495016448131e+01 6.072917261604629857e+01 6.620406832391125818e+01 5.850693058104080535e+01 7.944898906299762587e+01
6.807557293158894574e-02 4.418583803830805068e-01 4.240180917325904630e+00 2.281474272527172431e+01 2.372212629465980527e+01 2.277552892992538247e+01 7.372952551433443524e+00 1.800832278703412115e+01 1.856110824430081507e+01 3.949691591080003672e+00 4.377521928726745948e+00 4.796334329813751296e+00 2.095099441788242345e+01 1.498596964228193684e+01 3.255918911625434475e+01 2.598235057946163806e+01 2.471153316847214398e+01 4.449176461891373435e+01 5.200732734019884873e+01 6.027885289791470314e+01 6.450467410248279521e+01 4.777891421337540123e+01 5.360941267994749637e+01 4.215267531133643075e+01 5.367370040037869217e+01 7.367233723216182284e+01 8.003952067986308805e+01 5.973644106317714630e+01 6.448899021726869307e+01 4.434994146991248698e+01 3.282917872981233387e+01 5.031667557704110294e+01 5.363415553011041936e+01 4.004435455018525403e+01 4.500049586603569196e+01 5.307000592302550501e+01 6.381707294132188224e+01
9.367352646185668485e-02 2.004246157338646839e+01 9.730718695754123626e-01 1.349050625186691166e+00 1.726655294698573817e+00 2.108997761093504675e+00 2.502530884747165452e+00 2.912028423881326322e+00 3.337239314571791127e+00 7.917535078777085289e+00 1.989629382582329953e+01 2.472150305274128002e+01 5.389564081835691134e+00 5.799164441985980467e+00 2.580156033654371228e+01 6.875693067305736150e+00 3.000093122277598923e+01 3.774238681246613680e+01 3.195228723988625319e+01 5.200732734019884873e+01 5.557708865391305153e+01 3.627317007929473647e+01 3.366586923930780273e+01 4.256775112837798503e+01 5.408980063949324801e+01 7.408863954944308716e+01 7.917504429858072967e+01 5.427462257232500065e+01 4.839177177263725582e+01 4.174682027188488576e+01 4.993090121376573620e+01 3.028634820872892774e+01 3.403395276875176023e+01 5.363415553011041936e+01 6.620406832391125818e+01 7.418686698485412023e+01 8.271139732908075359e+01
4.548348706971258593e-02 2.004491351574895930e+01 4.364849738115845312e+00 3.525523788202967967e+00 1.555031896645926182e+01 7.390727473981643314e+00 2.244664342410080593e+01 2.307782627851760893e+01 6.743740392262833616e+00 9.252150935275990307e+00 1.648959096480898978e+01 3.123689373589057894e+01 2.674630508748982649e+01 9.448803689590036470e+00 6.368005026635141341e+00 6.769479004251942378e+00 1.274694587936846979e+01 1.770004102956507808e+01 3.781343158042860608e+01 5.042738893950889434e+01 4.215638555811123922e+01 2.737108216620135082e+01 4.145492712283824943e+01 5.360941267994750348e+01 7.082270353508687322e+01 8.236669891615423467e+01 7.540307346628360108e+01 6.646513089416836806e+01 5.805161333725969541e+01 5.181509590995685244e+01 4.633638214427541868e+01 2.851024516757175675e+01 4.860496724456556450e+01 6.223169882393567320e+01 7.864026111885125658e+01 8.904783584222192871e+01 8.073734351527541264e+01
4.695337527364121244e-02 1.999219798008943982e+01 2.623614232209851949e+01 2.210183042889470784e+01 2.044381752547570485e+01 2.270459746816571922e+01 1.391853328820455893e+01 1.656427528419474982e+01 3.444297068079224289e+01 3.437410674691729184e+01 2.616449319754277525e+01 3.230679633722075295e+01 3.231312975327673342e+01 1.224386222124247325e+01 2.636908700730073463e+01 2.677212354241970971e+01 7.335630327137533158e+00 2.029253500539134691e+01 3.896003632133638206e+01 3.745786611940570054e+01 2.222225667125998072e+01 3.631223406873036197e+01 5.557708865393468756e+01 6.969925018503123226e+01 8.187326395718153549e+01 8.121071094624291220e+01 6.100755606590632851e+01 4.715258677763390693e+01 3.834317388025266382e+01 3.202984608880429818e+01 2.625271462629264718e+01 4.633636070513546912e+01 3.922985813064227045e+01 4.930404273900698087e+01 6.995152274374603962e+01 8.073734351527541264e+01 6.124071287721753265e+01
7.098462208137588936e-02 2.007098462208102063e+01 3.357059289148494230e+01 4.153963303725339529e+01 3.963515257190932317e+01 3.786249120697696213e+01 2.021244383609434792e+01 3.706049140007439746e+01 2.653533287107101657e+01 4.539992850322150986e+01 4.405764074288571663e+01 4.969414541487064696e+01 3.682812860216127149e+01 1.687819450909976027e+01 3.500722405054968789e+01 1.559993114692277416e+01 7.737184943869818810e+00 2.434062135437413232e+01 3.275198930157443300e+01 1.751514043146364230e+01 3.745786611940570054e+01 5.042738893951449342e+01 6.454254381029861065e+01 6.751578346246523665e+01 7.587279500576381963e+01 7.758628380709028249e+01 7.536459710245001986e+01 6.635840966243725347e+01 5.802938022835026288e+01 4.480006616279551679e+01 2.472930628131865305e+01 4.480174870999493209e+01 5.951070739739655124e+01 6.801730858740224051e+01 7.851777591080697505e+01 7.607759945984922467e+01 6.695917306038191441e+01
6.786455232800275850e-02 6.733869396360845805e+00 1.379873947077196483e+01 2.521864217901449123e+01 4.350334914871162084e+01 4.759640258211017283e+01 3.006658446390600048e+01 4.774500245853804614e+01 3.772483189274247195e+01 3.876091395811386775e+01 5.658089295387831186e+01 5.746040728747362181e+01 4.165067250665752852e+01 2.176681462372776821e+01 3.281030088733069050e+01 1.483080419585031251e+01 8.140523112426203411e+00 2.813502435722221762e+01 1.304335477882762007e+01 3.300634571179516996e+01 4.572652517364026892e+01 5.675959505673293393e+01 5.300836447609295732e+01 4.699919477690868064e+01 6.751578346246523665e+01 5.652069140155538918e+01 7.128403088257991271e+01 7.086433717483718908e+01 5.917278648405724795e+01 4.328408309091828698e+01 2.322389502547857987e+01 4.328408309051704350e+01 6.216039958127426246e+01 7.057313913129195271e+01 7.123868135413363234e+01 5.784091437508899958e+01 7.123868135413297864e+01
6.717327238284666324e-02 2.006717327238249027e+01 3.357059289148494230e+01 4.153963303725339529e+01 5.189116002873875289e+01 5.912143634726389507e+01 5.182649298825127460e+01 5.882480040626323614e+01 5.063042700307497768e+01 5.141989911194902874e+01 6.386121107675836583e+01 4.918130505394272234e+01 2.925712414265878181e+01 4.165067250665752852e+01 3.281030088733069050e+01 3.278880271328980456e+01 2.815379362885575532e+01 8.715861310628715941e+00 2.872149055409612828e+01 3.757950915807158054e+01 5.077909016270157139e+01 3.653707134314084470e+01 3.248280938963604569e+01 5.300836447609295732e+01 6.076173358993457896e+01 4.152247980541863370e+01 6.076173358993457896e+01 6.243414182471130403e+01 4.224223274542012518e+01 3.066946834284943790e+01 2.174723791287568275e+01 4.178015887037491183e+01 4.198686016872017746e+01 6.216039958161247370e+01 6.337357113752363347e+01 4.507651036573483339e+01 5.287326808600301575e+01
2.900726248362994752e-02 1.417114288621470486e+01 3.417114288621540652e+01 4.635137101797559467e+01 4.163793241750178709e+01 4.919663251970220585e+01 5.747762399004675871e+01 6.747564872558236004e+01 6.923754038953592271e+01 6.830094509420715099e+01 5.917233814539735448e+01 3.919027196248807599e+01 4.332726268940977121e+01 5.746042514792662814e+01 5.267057191858097553e+01 4.481540158393757167e+01 3.158106217016095485e+01 1.077553282701522264e+01 9.304201974763561367e+00 2.923279098879643456e+01 3.451702790463605197e+01 2.256673453494251191e+01 4.246011140614621837e+01 5.801411380129106732e+01 5.210657018642164218e+01 3.118019882552435362e+01 5.210657018642164218e+01 5.999510638272460739e+01 5.175268636656393539e+01 4.030709226221821950e+01 2.033106881407961808e+01 2.777079831863975201e+01 4.183299356980693062e+01 6.215805999222536116e+01 6.986068570935812261e+01 5.287118923399943782e+01 3.478911738028890710e+01
