MOVIE_S13_data/elevation_000423.asc
nrows	150
cellsize	150.0
xllcorner	0
ncols	150
yllcorner	0
NODATA_value	-9999
[rows 68 to 84 of 150, columns 74 to 110 of 150]
9.564608500083343756e+01 8.809287713004481191e+01 8.227024102258218363e+01 7.749693221910787599e+01 7.296807942258588753e+01 6.855356345614637803e+01 6.543156681910340922e+01 6.291530058736648101e+01 6.066737956671570231e+01 5.851576639334697205e+01 5.639638666998563110e+01 5.431186013534711776e+01 5.226504378713699595e+01 6.967132712314315768e+01 6.618057258002319543e+01 4.595161960706438009e+01 4.454804821425620531e+01 4.354555332173000437e+01 4.254634676266346816e+01 6.131539992346118595e+01 5.881708163020417146e+01 3.876779055552489694e+01 5.674334693019096676e+01 5.668994868361316009e+01 4.735475021966658460e+01 5.659942974178531472e+01 4.991078046765738208e+01 5.478391677438526131e+01 5.468247985166635061e+01 3.683589307661914347e+01 5.644345875223066855e+01 4.915965741865358041e+01 5.929911368801734994e+01 7.939928279597697269e+01 7.909795087276187076e+01 6.485318711911463652e+01 6.638157108866090539e+01
1.043355508705461858e+02 1.079857588909038100e+02 1.022431785711108745e+02 9.518040072471843871e+01 7.511855549845050461e+01 8.867147863849727685e+01 7.056907001056794115e+01 8.306993756689651320e+01 7.496898243595890676e+01 7.871718339571118861e+01 7.662204031483261701e+01 7.455744419629569109e+01 7.252287712756364613e+01 7.708316521084526585e+01 6.674390135411088920e+01 4.659082467443415965e+01 6.476074093301630796e+01 6.342561708214775251e+01 5.600469444678692810e+01 4.113670477236028944e+01 4.015312374100908954e+01 5.762751801341527624e+01 3.749111638406709801e+01 3.662169156104459233e+01 3.575029436894779167e+01 3.487652663018688060e+01 5.378790867131641562e+01 5.069603364958925340e+01 3.468387077556376141e+01 5.467418852219534386e+01 6.507225542384594519e+01 6.934777534234760310e+01 7.760473156794709837e+01 8.761640383819606370e+01 7.076989097735982170e+01 5.049138435557375715e+01 5.794582546355242414e+01
1.242273220365098183e+02 1.198970946654383027e+02 1.022430411753909425e+02 8.226687735237923960e+01 9.518040072471843871e+01 7.960465992172150607e+01 9.066577994738482005e+01 9.066577994738482005e+01 9.502891610698392810e+01 9.098295970290034518e+01 7.088823739984043470e+01 6.451681166917789767e+01 5.870207925212373112e+01 6.873507314014634062e+01 4.866243797435202367e+01 6.674534505165065923e+01 7.504237378211405485e+01 6.919029844615639036e+01 5.314734641431417828e+01 6.132442525379938303e+01 6.038191109633697096e+01 6.049504953998161483e+01 4.076048238573358162e+01 5.675445338281272001e+01 5.565084859125595784e+01 5.037541366206896498e+01 3.363592979282002915e+01 3.276541458402763851e+01 3.312594227462960106e+01 4.720582983398583821e+01 6.731672719399772120e+01 6.439424202575267486e+01 7.265993407094063627e+01 7.855360389128142629e+01 7.211097806602778348e+01 5.199923768431265358e+01 3.776272323831054223e+01
1.231033746168119052e+02 1.032114727615276877e+02 9.172983480273029500e+01 9.124826035969188354e+01 1.062616329749693875e+02 8.631997612496390104e+01 1.062616329749693875e+02 1.106379422312114826e+02 1.016709889545925307e+02 8.167551715476756158e+01 9.098295970290034518e+01 8.462845056027492774e+01 7.093251660536748204e+01 5.077299221983223987e+01 6.882430037567459635e+01 7.712738712164224353e+01 9.156284416987550401e+01 7.147975222026545339e+01 7.336061590874359695e+01 7.951465474917547738e+01 6.537896798687405919e+01 4.555149062713466179e+01 6.049642116782874268e+01 6.878305767100223989e+01 5.427701665806921483e+01 4.065675177974539167e+01 4.016787694949830012e+01 5.174466207447083121e+01 3.152720941338925797e+01 5.068931003960866377e+01 4.994187348301600338e+01 4.433144636470618849e+01 6.397032979938213515e+01 5.847069506639979863e+01 6.866679742532420505e+01 5.498735707521988303e+01 3.485740641503664250e+01
1.314084709873382621e+02 1.198970946654383027e+02 1.032114727615276877e+02 1.011991055214320312e+02 1.145354058431959885e+02 9.631503765743902079e+01 1.145354058431959885e+02 1.157493395326003309e+02 9.583954520933852450e+01 1.016709889545925307e+02 9.784780492245485561e+01 7.951257502145475087e+01 5.939055441394432222e+01 7.093241462594421876e+01 5.307001729693708825e+01 7.318583547755639529e+01 8.378761342879067797e+01 9.226262797990547426e+01 8.550765483367135289e+01 6.536625758951755927e+01 5.120694925198901615e+01 5.241035450727416389e+01 7.210078972624221194e+01 8.130684053358916685e+01 6.879845172372419881e+01 6.048128762467779040e+01 4.787138976900511267e+01 5.063095650831985495e+01 4.913771612873240713e+01 3.043263976933641857e+01 2.966127703523205028e+01 4.154077335944068494e+01 4.816180145300761239e+01 4.433578053630779436e+01 4.840939299665488704e+01 4.838710598430662202e+01 3.205950972658605025e+01
1.299523155945561257e+02 1.314084709873382621e+02 1.231033746168119052e+02 1.126414844069450396e+02 1.245004560982266923e+02 1.162082282924997685e+02 1.245004560982266923e+02 1.240345551576017300e+02 1.157493395326003309e+02 1.037040053955240353e+02 8.369899172946294641e+01 6.946682546838665928e+01 7.951257502145475087e+01 8.151236234712969519e+01 7.321245977132690541e+01 5.540109502404782660e+01 7.552142918510899960e+01 9.229633163999189094e+01 7.217372295968638696e+01 5.777251683674620608e+01 6.991704345709581503e+01 6.126503971847368746e+01 8.085918626184670188e+01 8.863735413573307653e+01 6.992656575804784325e+01 5.652208218948549501e+01 6.735434578460082378e+01 6.804615334274902239e+01 5.718241581392493345e+01 3.804164216075322713e+01 4.889873353360466268e+01 2.857789254988693983e+01 2.782678341812756528e+01 4.443509132854171639e+01 4.644869822666468195e+01 2.810947375133731896e+01 4.810183906077757143e+01
1.382582037665141002e+02 1.424102035509092445e+02 1.409242504987385587e+02 1.325999059227644636e+02 1.396831285070765603e+02 1.313718178617976946e+02 1.201322691985020015e+02 1.118709514473311941e+02 1.184074698311166998e+02 1.058879632224237213e+02 8.588832203672903631e+01 8.955832457452258666e+01 9.206552454950593756e+01 7.198363708325969412e+01 5.776493697690791862e+01 7.552097549007424959e+01 8.382933065312414556e+01 9.447641810405251306e+01 7.437967808044624007e+01 6.363832194044667290e+01 8.348743453915717794e+01 7.267395315244830556e+01 8.961006412968067991e+01 8.863735413573307653e+01 6.992656575804784325e+01 6.751157372231109832e+01 8.325099923514595446e+01 7.122581720407650607e+01 5.162435486090604542e+01 5.736549026004681195e+01 5.558514148529786780e+01 3.797615653157313176e+01 4.711032673789865299e+01 2.679421374596689986e+01 2.607568360851944078e+01 2.540834973048647072e+01 2.956222395567299799e+01
1.259945176767269146e+02 1.223051764661290974e+02 1.424102035509092445e+02 1.455571120907626721e+02 1.254960766059075468e+02 1.114618265590849120e+02 1.118709348246599689e+02 9.205021877740914249e+01 9.856880923990527776e+01 1.126271256964793537e+02 1.058879632224237213e+02 1.044367744090506989e+02 9.026288258173434542e+01 7.953991649932943631e+01 5.944661194054991427e+01 7.104500576815101454e+01 9.114398993371979429e+01 1.027396921715496063e+02 9.038903683567365022e+01 7.015977875280070464e+01 9.038903683567365022e+01 9.227720050790706807e+01 1.005360080339863345e+02 9.657543271224410830e+01 8.863735413573307653e+01 8.619194778779615262e+01 9.410959660791090187e+01 7.949708668481166285e+01 7.122581720407650607e+01 7.400016245542148852e+01 5.944622593366766239e+01 4.894975353376999294e+01 2.879916677647709378e+01 2.718094562196985819e+01 4.645176422127949678e+01 4.488430151176920191e+01 2.448614926335095987e+01
1.059308370579577030e+02 1.174931661311891276e+02 1.376075798544335669e+02 1.514485761421344137e+02 1.313718178617976946e+02 1.207294922680082578e+02 1.009211887079645891e+02 1.043794183974126923e+02 8.443976074334234738e+01 1.043794183974126213e+02 1.072581854525921301e+02 9.286835490120347458e+01 7.608899075441796356e+01 6.186505874344929623e+01 7.953991649932943631e+01 8.783613615770512695e+01 9.941853241666815677e+01 1.045319575897129312e+02 8.453084724778280190e+01 8.453084724778280190e+01 9.867016835395878616e+01 1.008570841532688718e+02 8.932935539578933515e+01 8.108217288470316930e+01 8.577430679102964461e+01 9.400853386580534732e+01 8.744144873642557059e+01 7.585201265446657715e+01 6.756263080106587893e+01 6.196324938264290694e+01 4.554055292066538385e+01 3.118167309959668998e+01 4.335656408585089139e+01 5.554741034393649812e+01 5.556725585434625714e+01 5.322522571218176068e+01 4.398103365355568428e+01
1.193066241371371916e+02 1.343070546020805409e+02 1.459069217654086685e+02 1.414489921456297452e+02 1.331371513898305921e+02 1.290170964493219685e+02 1.139714127994556350e+02 9.410081180179818716e+01 7.987176344713758169e+01 9.400864409130851129e+01 8.725083480980593720e+01 8.457922815450126564e+01 6.444427848160022165e+01 8.196893915843294565e+01 6.973179377447529248e+01 8.986636951037726817e+01 1.070955307848700073e+02 1.128094894601347562e+02 1.045319575897129312e+02 1.045319575897129312e+02 1.038077585599338732e+02 9.264167393705440645e+01 7.262003080423617973e+01 6.092588653764963169e+01 6.567267387657049937e+01 8.244042433547190285e+01 7.918674228165731677e+01 5.905350797595065870e+01 4.739030470797675321e+01 5.363868526908046164e+01 3.346952582198597526e+01 5.142947356163669781e+01 5.975846088333994288e+01 7.184073989473412780e+01 7.520398600866303696e+01 6.044055434228145884e+01 4.662248544715535559e+01
1.371988824007497669e+02 1.476858808573580006e+02 1.462961320868214727e+02 1.331371513898305921e+02 1.132101131330867503e+02 1.190466075095233123e+02 1.115653471826493188e+02 1.049587149751739332e+02 9.400864409116971387e+01 7.383180449075568674e+01 8.725083094872005063e+01 6.708047357982250958e+01 8.457922814904443953e+01 9.286835480990302472e+01 8.986636951037726817e+01 7.878397612393557381e+01 9.299731871107799464e+01 1.129188976773542805e+02 1.152364363876520059e+02 9.544138572670823351e+01 8.392347930022125979e+01 7.631863163219709634e+01 6.957771841317664041e+01 7.416862370853887398e+01 5.395479429174466901e+01 7.416862145663817785e+01 7.679889104385267729e+01 6.659015508863028288e+01 5.591658655264154731e+01 3.576019671893821084e+01 5.365594199882786342e+01 4.775090159208136953e+01 6.791475372174353708e+01 7.719021414730056563e+01 6.611085557855278694e+01 5.213014859007633817e+01 3.152241798014719265e+01
1.389165907521060888e+02 1.504652650994559053e+02 1.379804962038315921e+02 1.180036427770427991e+02 1.190466075095233123e+02 9.925307652520189095e+01 9.174543677994509494e+01 8.503052324206851154e+01 7.887768837384749077e+01 9.029378798410526485e+01 7.008882649155924582e+01 7.147439846277521269e+01 9.135071415213118939e+01 1.061979762923181738e+02 1.070955307848700073e+02 9.299731871107799464e+01 9.517609677709674543e+01 1.151000706177165966e+02 1.234258252112281724e+02 1.120012256320834609e+02 1.038077585599338732e+02 9.629220742836828606e+01 8.963434882964460826e+01 7.004249377793242104e+01 4.982220238574846860e+01 6.443439054374387354e+01 5.663765589982389059e+01 5.827508406231982008e+01 3.812299895268039052e+01 5.591658655264154731e+01 5.001730708615552601e+01 6.791605875530785852e+01 7.621323099145696744e+01 6.912377964668229424e+01 4.953040663430739698e+01 3.788829303030467344e+01 5.213014859007633817e+01
1.472126135567908989e+02 1.421415989629896615e+02 1.220927405638263963e+02 1.106722639358366536e+02 1.018789516543785396e+02 9.563109440912774062e+01 9.009193486092466685e+01 8.532718201584870599e+01 9.895013938064376191e+01 9.408839444061294444e+01 7.393144882933273720e+01 9.135071415218639856e+01 7.818835888702876957e+01 9.211585551269088512e+01 1.119730454489009617e+02 1.129188976773542805e+02 1.151000706177165966e+02 1.150207578034546287e+02 1.054267295647453722e+02 9.724716741889143634e+01 9.481815645706639373e+01 8.690492860236450667e+01 8.817382793298334320e+01 7.584966412870362262e+01 6.443439347420387264e+01 4.423710047236649956e+01 4.236314466713707816e+01 4.052067798329498061e+01 5.236905014071665221e+01 6.658534194652324345e+01 6.434756472184808729e+01 7.868454527780755825e+01 8.189506209941711745e+01 6.543743428795076511e+01 4.528673361457185820e+01 5.219363317528733148e+01 6.638352077393523132e+01
1.315199503982994429e+02 1.397950430036722764e+02 1.388822304616410861e+02 1.299614557677760445e+02 1.154111542764271974e+02 1.062803425716506354e+02 1.099251527316334318e+02 1.052504191651290313e+02 1.124188403942253558e+02 9.802515298580105707e+01 7.795086722707485194e+01 9.802515260532150876e+01 9.793189178828465913e+01 8.592586985243185893e+01 9.982658484891507555e+01 1.198119510041510409e+02 1.121547956239356409e+02 1.022585407625306146e+02 8.701734480799727578e+01 7.730398345645497216e+01 8.090685930123349578e+01 6.740464900242528756e+01 6.756548156313765219e+01 6.755453881142834405e+01 4.733368593962847370e+01 6.443439347420387264e+01 6.254274365578975647e+01 4.489449292903997701e+01 6.509050088535320810e+01 8.069243050859901700e+01 8.488372887630357866e+01 8.777245548852698676e+01 6.779686537709503114e+01 5.353692980523354805e+01 6.543743428795076511e+01 7.231214323236390840e+01 6.331897542772352239e+01
1.114756696984511279e+02 1.226019735804791111e+02 1.308857443818154991e+02 1.436496464829235720e+02 1.344360696869883043e+02 1.261425971586040191e+02 1.257064512937097476e+02 1.182059673084643663e+02 1.041739248098709680e+02 8.424880942334249312e+01 9.802515298580105707e+01 1.062736209923110380e+02 1.139783226954837545e+02 9.466520679961237761e+01 9.982658484891507555e+01 1.198119510041510409e+02 1.039982259670876061e+02 8.416395994053617358e+01 7.410179609597273043e+01 6.693943060637545273e+01 6.080922567648768506e+01 5.571785090316458877e+01 5.309433994479849872e+01 5.056308880443209119e+01 6.165638818850012370e+01 7.584966373246953708e+01 7.223388088293346243e+01 5.203006359626220245e+01 5.350768934635423335e+01 6.781386384923720811e+01 8.772430469323558100e+01 8.777238041061147555e+01 6.779686525424985177e+01 6.519531511637966048e+01 8.189506209941711745e+01 7.750141209654267982e+01 5.744441781200117703e+01
9.984969708539020417e+01 1.025160788035483819e+02 1.167350390606504362e+02 1.367660064678413789e+02 1.398440079835774839e+02 1.198505309877560023e+02 1.058599108675108766e+02 9.840918749636705343e+01 9.212949410784077031e+01 1.041739248098709680e+02 9.836297330507227343e+01 1.182028027430482382e+02 1.145914498873696772e+02 1.087080737154478953e+02 1.198119510041510409e+02 1.281300749606983516e+02 1.121547956239356409e+02 1.022585407625306146e+02 9.408109295380829451e+01 8.050171895127350297e+01 6.033017709215071278e+01 7.593449268619475845e+01 7.332262126879426489e+01 5.619368122728610615e+01 7.639776649340093684e+01 9.004293774910597392e+01 8.050804470475448227e+01 6.110099246273770746e+01 6.520768792825917615e+01 6.631885345960699851e+01 8.637844638404195052e+01 9.599244990504591613e+01 8.777238041061147555e+01 8.519356089316808323e+01 9.341621848680314599e+01 8.577001667867097012e+01 7.750141209654267982e+01
8.972785604078336519e+01 1.040172143789512091e+02 1.240973103191531663e+02 1.424255373667338063e+02 1.456681556398640396e+02 1.257011029799593160e+02 1.257064512937097618e+02 1.182059673084642384e+02 1.119461734656473908e+02 1.202007777010843625e+02 1.182028027430482382e+02 1.264749423384843539e+02 1.346830806461993006e+02 1.287951764341659384e+02 1.272777368514524028e+02 1.158718369996137625e+02 1.076879842259215394e+02 1.006767433002671766e+02 9.437795301931758729e+01 8.381176254725097863e+01 6.367774735605465253e+01 8.380500299573525069e+01 8.466055382588039890e+01 6.791182728250629452e+01 6.704731416245428477e+01 8.713518523461958409e+01 8.948332692808891409e+01 7.278353462853404210e+01 7.945197694996127780e+01 8.055270867616327735e+01 9.458842051389078165e+01 9.673487934782059483e+01 8.850213615851677673e+01 9.673487934782059483e+01 8.841556019825472390e+01 8.015207976460638406e+01 8.015207976460638406e+01
