MOVIE_S13_data/elevation_000750.asc
nrows	150
cellsize	150.0
xllcorner	0
ncols	150
yllcorner	0
NODATA_value	-9999
[rows 119 to 135 of 150, columns 0 to 36 of 150]
5.358388947715440193e-02 2.005358388947679771e+01 3.098973675677488160e+01 3.731593935560064068e+01 4.487897214457480288e+01 5.317022225600585017e+01 5.652439082190137043e+01 4.691522581519804902e+01 3.496618882502044556e+01 2.706626712274701774e+01 4.709643918057017942e+01 5.823644498935124858e+01 6.984403737132302581e+01 7.389412009082889199e+01 6.385103447667167131e+01 4.366055593213324926e+01 4.220620370856083525e+01 5.230388977022776231e+01 7.248203459871987775e+01 7.468149665015626226e+01 5.428638666304469496e+01 3.978082686490382969e+01 6.025997686768521788e+01 7.107534874514327328e+01 5.674878756987745021e+01 4.886830279482252593e+01 5.423325952115841631e+01 6.453850121901965053e+01 7.881552283663612002e+01 9.882699584769906664e+01 1.044682835813555783e+02 9.619025179625279520e+01 9.633453007175927496e+01 8.805772076098629952e+01 8.044984545666781628e+01 6.045638994980212999e+01 6.831356317788396382e+01
9.610063126937995470e-02 5.441325470729710290e+00 1.098832746702533925e+01 1.731288372659942354e+01 2.487219478347707735e+01 3.901641182858782031e+01 5.903203572908599028e+01 5.994467097251233412e+01 5.389198091475443420e+01 3.859711182762985260e+01 3.646834082447815462e+01 4.806905657088766759e+01 6.819348083724344178e+01 7.811932557072003647e+01 5.794091479362961650e+01 6.385103447667167131e+01 4.890381675826688479e+01 6.913161118879982325e+01 8.080718449111887480e+01 7.317664767392957970e+01 5.275359786922984995e+01 6.025997686768521788e+01 4.603540121427496956e+01 6.660918411297103603e+01 7.707713891204379308e+01 6.079493599908627743e+01 7.460762439953226988e+01 6.523754528464802149e+01 7.950633584466201853e+01 9.951787920350483319e+01 9.619025179625279520e+01 7.621251851273389377e+01 8.206386111873983680e+01 6.807031052900505586e+01 7.225403626640043342e+01 6.833159766344967068e+01 5.045440101942595845e+01
7.276759767036948545e-02 2.007276759767001550e+01 3.098973675677488160e+01 3.731593935560064068e+01 4.487897214457488815e+01 5.315135572125210217e+01 6.163919211170659196e+01 6.985804834434847521e+01 6.697997715913113836e+01 5.870673625976652232e+01 4.650655350970169621e+01 6.485491095138054618e+01 7.643543745325281691e+01 8.643510086965456196e+01 7.811932557072003647e+01 7.745916083205253244e+01 6.322982313619927197e+01 6.322982313619927197e+01 8.337978794763914436e+01 8.150854838860102802e+01 6.727238172600492305e+01 7.170473459488822243e+01 5.082949450603918962e+01 6.485832660694715912e+01 8.250396411954396569e+01 8.102930357162058783e+01 8.934053337554608731e+01 7.691049838942831229e+01 9.367276376446478992e+01 1.037379731693451674e+02 8.376857945093578905e+01 6.963248383876714342e+01 6.206791709949633429e+01 5.651829604441192600e+01 5.225344528908317443e+01 4.833113244718268220e+01 4.461834935349894948e+01
5.410910321759920122e-02 1.419624472694867379e+01 3.419624472694938078e+01 5.264915838847458218e+01 5.725026726019196133e+01 4.898142791098941728e+01 4.179914104708489475e+01 5.582848516485740475e+01 7.567377080845737680e+01 7.488996085484629361e+01 6.664272462985171330e+01 7.488996085484629361e+01 8.060987826992226246e+01 7.232662009492160848e+01 6.754498442415832926e+01 7.582789332279429573e+01 8.337978794763942858e+01 8.337978794763930068e+01 9.168849852734221884e+01 9.574471505327002774e+01 8.343230590464830243e+01 6.292532484574775253e+01 7.170473459488822243e+01 6.122568265341951133e+01 7.122024656179803515e+01 8.468100041931360522e+01 1.037432743957293724e+02 9.692017114330612060e+01 1.052370162598642622e+02 1.059232440969337006e+02 8.595284247745253481e+01 8.961747945487380207e+01 7.285093637916124010e+01 7.066454938826532839e+01 6.639929352182244315e+01 6.833159766344967068e+01 6.461760451141674366e+01
8.267786763791994120e-02 2.008267786763756391e+01 2.429311474176209984e+01 3.501265892560841309e+01 4.019571494807582468e+01 2.919703827622128856e+01 4.909226880597480402e+01 6.559115892630198630e+01 7.387529516752547920e+01 7.323877325023816809e+01 7.530783993033784895e+01 6.679004121562094554e+01 6.798965480480811152e+01 5.234557513949752661e+01 4.756955558285672225e+01 6.155507262693524950e+01 6.787707725681285353e+01 7.617610726670729093e+01 8.512689734711669587e+01 9.670131762142673892e+01 9.181749397940527047e+01 7.484653533772366529e+01 8.990182137069051294e+01 8.225050756777943661e+01 8.913019817370107489e+01 9.829782507408583569e+01 1.021788426029716419e+02 9.390554607292332889e+01 9.649739622204509715e+01 1.047706002854232423e+02 1.059232440969337006e+02 1.011125760176322927e+02 9.283447522833752430e+01 9.064942551000130777e+01 8.638863560456810831e+01 7.682742699372636253e+01 6.300453803959975119e+01
6.631016962878631682e-02 2.005233827532020641e+01 9.162362386945464010e+00 1.454111928227867168e+01 2.012049164799019607e+01 4.019571494807582468e+01 5.731015724089292718e+01 4.559116495903879240e+01 6.232834736265339615e+01 5.511177487234197514e+01 6.025514410835207713e+01 4.298936363888334711e+01 4.911593233748496345e+01 4.969241746515396585e+01 3.603298405756639511e+01 4.157859466752443467e+01 4.789666525383062634e+01 5.682201383498120606e+01 6.834989388084257200e+01 8.839230001672967774e+01 1.035257235313407733e+02 9.516068661013201790e+01 9.973487689097474629e+01 9.141591886485844043e+01 9.402778140838103127e+01 1.023433030204671184e+02 9.060419614440564828e+01 7.382686482595133270e+01 7.643779200182805766e+01 9.649739622204509715e+01 9.199097151300877329e+01 1.002719950505509274e+02 1.037597606937428480e+02 9.223942381737576568e+01 8.331161636194056541e+01 6.855500305603499100e+01 4.854249052618695259e+01
6.823395580091534685e-02 2.842667872887571168e+00 2.370492206926191514e+01 3.501265892560840598e+01 4.019571494807582468e+01 4.842245325191760230e+01 4.249715311549115171e+01 3.404415957815961491e+01 5.404415702551168010e+01 4.199724234264048306e+01 4.990959793872969641e+01 3.057899590031016501e+01 4.405643761652588353e+01 2.970828390266123620e+01 4.969241746515396585e+01 6.155507262693524950e+01 6.787707725681285353e+01 7.600251757810094944e+01 7.565612873835439700e+01 8.393418706805722707e+01 9.547376906726476875e+01 9.561370100954414397e+01 8.728252751252259145e+01 7.115615214706545544e+01 7.379201972080581129e+01 9.402778140838103127e+01 8.231311405001137871e+01 6.207767731251242793e+01 7.326355163012249250e+01 7.776566883134591990e+01 7.187335553173868163e+01 9.199097151300877329e+01 9.548460484794009062e+01 7.554081368167487653e+01 6.400721774676817688e+01 5.504686231030300547e+01 6.270457799749804906e+01
7.768263131119747256e-02 1.506254059882624619e+00 2.150625449965027869e+01 3.182118938992892154e+01 4.596328866072925479e+01 4.249715311549115171e+01 2.249715419451325360e+01 4.249715311502057347e+01 5.037426958666259225e+01 3.078397619553724240e+01 3.823817656477668692e+01 2.157046187909193335e+01 2.405116358806266064e+01 2.733920318175838915e+01 4.734487008722059898e+01 5.584795988504983910e+01 5.984774407589917189e+01 6.400047856952714653e+01 5.566101819765918179e+01 6.720768132420047891e+01 8.719885585462681377e+01 8.728252751252259145e+01 6.698001825754808181e+01 5.934158243643925346e+01 7.971893709662165861e+01 9.611283912747671820e+01 8.450845893137326925e+01 7.326316070652116252e+01 5.293275647739383771e+01 5.748398030494254130e+01 7.187335553173868163e+01 9.199097151300877329e+01 9.981564075656336854e+01 7.986864813690444009e+01 6.575164197539704958e+01 6.400721774676817688e+01 8.267917857800236447e+01
7.631010328431753718e-03 2.000762445707984938e+01 3.536946390149858566e+00 1.767908201315547245e+01 2.706079509593061871e+01 2.859472504202714660e+01 1.617259887417638353e+01 3.176994833806330121e+01 3.341393816187897414e+01 3.507182706869034661e+01 1.823712603046017122e+01 3.822339837518047290e+01 4.405333285864310255e+01 4.734487008722019397e+01 3.219049924630362369e+01 3.584290009038029012e+01 3.984458610034293713e+01 4.411090495473531092e+01 6.411441297175363729e+01 8.056556295915790145e+01 9.056657061071668124e+01 8.728252751252259145e+01 6.698001825754808181e+01 5.252756599439860707e+01 7.292648554322748566e+01 8.784862534178760995e+01 6.768733323004396141e+01 5.593396754030173668e+01 4.729704257658048050e+01 6.762482074687427769e+01 7.822010180095094256e+01 8.727882645788457694e+01 9.892678106003531013e+01 9.398021918436745636e+01 7.728153976752099652e+01 7.554081368167487653e+01 9.223942381737576568e+01
4.583726557775372884e-02 2.004583726557739709e+01 2.353679253365205071e+01 5.594324389644426354e+00 7.060795539857965153e+00 8.594725517552719296e+00 1.014237198262100570e+01 1.176994890016333883e+01 1.341393877321692507e+01 1.507484837029173796e+01 3.507574851845463826e+01 4.196169016892681469e+01 5.024411185094727017e+01 6.048081269205314214e+01 4.633731345088111908e+01 4.739440863918095204e+01 5.984774407589917189e+01 6.411441297175363729e+01 5.227889950266867913e+01 6.227944929425382981e+01 8.227996957412591428e+01 7.973248422750647535e+01 5.937488973863522546e+01 4.760282520793195715e+01 6.169079030635847261e+01 7.008698431905014559e+01 7.514408268152567416e+01 6.307625718419836858e+01 4.309081172969447238e+01 4.953190297065746961e+01 5.863685267971329296e+01 7.039981575435808736e+01 9.060304720476004547e+01 1.055006038576546672e+02 9.722625506500527592e+01 9.548460484794009062e+01 1.037597606937428480e+02
7.859053197723891993e-02 2.007859051896105029e+01 3.387770284474343185e+01 2.559432399751368692e+01 1.240602037810649882e+01 2.859472504178265595e+01 2.014237198261998785e+01 3.176994833922146100e+01 3.339546907818178312e+01 2.662048165721472515e+01 1.875714684188626435e+01 2.195970991799604377e+01 4.196296231084775030e+01 5.510706893085922786e+01 6.634080664584719500e+01 6.739572563910023462e+01 7.567721500413212254e+01 8.056556295915790145e+01 6.227944929425382981e+01 8.056556295915790145e+01 9.056657061071668124e+01 8.808310139468952116e+01 7.608275006528728568e+01 5.572944538508232171e+01 4.137227059835738174e+01 5.616078965248578925e+01 6.288262418672548648e+01 4.906474932576092129e+01 3.942360047602957707e+01 6.023322579256915077e+01 7.822010180095094256e+01 8.081936014630619525e+01 8.917318771306072733e+01 9.442510331580997729e+01 8.608292407846320771e+01 8.346024054688326999e+01 9.180707885857761141e+01
9.890458264248647158e-02 2.009890458264213109e+01 3.650925899206819736e+01 3.795302151044030836e+01 1.795302234035888844e+01 3.795302151040781524e+01 4.014237095180592263e+01 4.014237095180711634e+01 4.652577832663313018e+01 4.331821372753536536e+01 2.334546152075549230e+01 4.196296231084775030e+01 2.681042242694394417e+01 4.681471620594927430e+01 6.027381072463889211e+01 7.398673893344542307e+01 8.228457410961740948e+01 9.056657061071668124e+01 8.227996957412591428e+01 9.056657061071668124e+01 9.785916322174905702e+01 7.766867227557843023e+01 7.766867329513671336e+01 7.008698554632321986e+01 5.616078965248578925e+01 3.590960461231726697e+01 5.101698348403810002e+01 3.499763120873816291e+01 5.492220311353997886e+01 6.827192046563230576e+01 7.746069139387260805e+01 6.048356245643117290e+01 7.746069874182157378e+01 8.608292407846320771e+01 6.577609742778179225e+01 6.313217988109374090e+01 8.010060037179577819e+01
6.002193532796171876e-02 8.224987744605293472e+00 1.977199312839801237e+01 3.977199312839871936e+01 3.795302151044193550e+01 2.738111275617871243e+01 4.738111118613851147e+01 6.014235781022630078e+01 6.621719904773311782e+01 4.819886557767005542e+01 2.819617406583596164e+01 4.819886557767005542e+01 4.681471620594927430e+01 3.197440043206078286e+01 5.198018846442193563e+01 5.396532657106008202e+01 7.049321883296173041e+01 7.879170471730732572e+01 8.880739994860194031e+01 9.238035046901323710e+01 8.405323564399589031e+01 7.766867329513671336e+01 5.733276643236124670e+01 6.480711680853168843e+01 6.456083354598278845e+01 5.101698348403810002e+01 3.082595985988485410e+01 5.100361272305553229e+01 5.998229726718896160e+01 6.839075292762176161e+01 6.907848181479786831e+01 4.872213605694525285e+01 6.907848186661738055e+01 7.101064762211845505e+01 6.340579789271448874e+01 5.134889676106957523e+01 6.313217988109374090e+01
9.288278742204289506e-02 2.009288278742168643e+01 3.650925899206819736e+01 4.805626437586091271e+01 5.566532156410965371e+01 4.152324836761867743e+01 4.152324836761867743e+01 6.152324304913025088e+01 6.231887393045872159e+01 4.233848072073699598e+01 3.452073291119320686e+01 5.452443161806639438e+01 6.027381072463889211e+01 5.198018846442193563e+01 3.763125794325964080e+01 4.340478395861650540e+01 5.047607829736732299e+01 6.047873588321718330e+01 8.050770178270626332e+01 8.405323564399519398e+01 6.374871816084630183e+01 6.969577364293930088e+01 6.325508449005639733e+01 4.447230652451083444e+01 6.480711680853168843e+01 4.881283847943871024e+01 2.860495717762609047e+01 4.558699198311059320e+01 3.972705363351768426e+01 5.999852967637303891e+01 6.188142675175195961e+01 4.157382295724597299e+01 5.279959024781776122e+01 5.067091131243969926e+01 4.307325066456606066e+01 5.480014048228365198e+01 7.516134453162902673e+01
5.483986668867355668e-02 2.005483986668831875e+01 3.377048720250498093e+01 4.205475845007158142e+01 5.360176383393724819e+01 6.152324304913025088e+01 6.152324304913025088e+01 6.980739476060068682e+01 7.054360018033437996e+01 6.231778331577681485e+01 5.452443161806639438e+01 4.521165319833618668e+01 6.521858821907306947e+01 6.431000033180421838e+01 4.429797191903256959e+01 6.341609092662027081e+01 6.341609092662027081e+01 7.879170471730732572e+01 8.880739994860194031e+01 8.405323564396610436e+01 6.374871816084630893e+01 4.932852621868880050e+01 4.292911839339643620e+01 3.735030489152210720e+01 5.150683358278830326e+01 5.721543162736398358e+01 4.566207118967520273e+01 2.552205431851110973e+01 3.972657505511248388e+01 5.999162647166300388e+01 5.667516159964234390e+01 4.827936775903651068e+01 3.258454075576832309e+01 3.636874892867406572e+01 5.662828214999837684e+01 7.180069846213753237e+01 8.352934853675456850e+01
3.275272397204486569e-02 6.699419390638739813e+00 1.377048720250427749e+01 2.531749258629699639e+01 4.531749258629770338e+01 4.986491520378876174e+01 5.814918628555673052e+01 6.101466430239718619e+01 6.101466430239717909e+01 6.929893527814390097e+01 7.350094899765353773e+01 5.935807285459244298e+01 6.521858821907306947e+01 7.260693566416631484e+01 5.584708808507220823e+01 6.063481471346332796e+01 8.066270104343645642e+01 9.174282112308254966e+01 8.757843740327666637e+01 7.923118699280632882e+01 7.806453430645564140e+01 6.969577364293930088e+01 6.325508449005639733e+01 5.150683358278830326e+01 3.130845821270496643e+01 5.150683358278830326e+01 4.357360589964750375e+01 2.345152209900222573e+01 4.357360589964750375e+01 5.255250048998987467e+01 4.416281822246654087e+01 2.811247599735878211e+01 4.827936776686056675e+01 5.662828214999837684e+01 4.915125225806637843e+01 6.949445027517565165e+01 8.473286387161139999e+01
9.327661483462378056e-02 2.009327661483427008e+01 3.377048720250498093e+01 4.205475845004920643e+01 3.460400305693152490e+01 2.986491520451419746e+01 4.240039272497521239e+01 4.101466430409040242e+01 4.101466430409039532e+01 6.101466430239717909e+01 7.148135497578233810e+01 7.936712389449830596e+01 8.522296577539601969e+01 8.416952012710537190e+01 7.587055345083855684e+01 8.066270104343645642e+01 7.940391914459395650e+01 8.768053469168195591e+01 7.923118699280637145e+01 5.890038374219297168e+01 6.485513814732799176e+01 5.807549789110350957e+01 5.284075281580911110e+01 4.754588048536746214e+01 2.738875216168443671e+01 4.754588048536746214e+01 4.151986349677422794e+01 2.141370360950475060e+01 4.151986349677422794e+01 4.025267909887450912e+01 2.403414511413344812e+01 4.416281822246654087e+01 4.233783841427810302e+01 6.262348851110287740e+01 6.354566942633651649e+01 7.787540627764917645e+01 8.530395692874419922e+01
