MOVIE_S13_data/elevation_000895.asc
nrows	150
cellsize	150.0
xllcorner	0
ncols	150
yllcorner	0
NODATA_value	-9999
[rows 34 to 50 of 150, columns 74 to 110 of 150]
4.032274228102573232e+01 6.063064070279789064e+01 7.764670209921908395e+01 7.460350969771428709e+01 7.212242969634770873e+01 6.938759997800499946e+01 8.744723769462301277e+01 8.360456459976234100e+01 9.970483787703031453e+01 1.071031314380567210e+02 1.154652366446244542e+02 1.162852617259659098e+02 1.169471889526648454e+02 9.689100266342919099e+01 9.301627835589050619e+01 9.301627835974912273e+01 8.265293945611280435e+01 1.009531409844830563e+02 1.087404543081013628e+02 9.661893787297256608e+01 7.663284603556999741e+01 6.245012406657391324e+01 5.230250394861583629e+01 5.815271288953376683e+01 7.150853763856231637e+01 7.150771460759740705e+01 7.602868802571646256e+01 8.430637849494763714e+01 7.168032501979688220e+01 6.334732918745110197e+01 4.630022581303274620e+01 2.569499125143215679e+01 4.447801973795797892e+01 4.878570857242364411e+01 7.012540305583515021e+01 7.063700728758547598e+01 7.894595087586509408e+01
4.149497257020790641e+01 6.177060202666321942e+01 6.960149480885972650e+01 5.397967397254338806e+01 5.752035816600690055e+01 6.181044530153427985e+01 6.636226388427613188e+01 7.213052243976130740e+01 7.854773326400685107e+01 8.617759725321448627e+01 9.845292106588489389e+01 1.189195385545231858e+02 1.121471638125890848e+02 9.209732057308994513e+01 8.058245757904390416e+01 7.306320813721156071e+01 7.270203918633868057e+01 8.872638829657880422e+01 8.872638829657880422e+01 9.615073436114070660e+01 9.076721241650604100e+01 8.075560981865818633e+01 6.664699332674710774e+01 4.639613046937232355e+01 5.132658163793863793e+01 6.972820814249597277e+01 5.589522817883605654e+01 7.271524525280618434e+01 6.334627168728113844e+01 4.297946279612408205e+01 4.739128093225134108e+01 2.671879580244001318e+01 2.782938061166698063e+01 4.829807774124542874e+01 5.783056307833121679e+01 5.038824110555535896e+01 6.475616212225540380e+01
4.267488019429818991e+01 6.291654038327095577e+01 4.911317814809748938e+01 6.960149480946556366e+01 7.827189840315199376e+01 8.273249422024913713e+01 8.129627560953726118e+01 9.332573081778515700e+01 9.970483787703031453e+01 1.071031314380567210e+02 1.154652366446244542e+02 1.272019982625942447e+02 1.204566006993665610e+02 1.049863946836095892e+02 8.497439644100069245e+01 7.347733918962178734e+01 6.453824275012772205e+01 6.876043776231281868e+01 8.702929407234560699e+01 7.612491820736059367e+01 7.612488242067468036e+01 7.761769066436902165e+01 7.493275378812455756e+01 6.141751168063611743e+01 4.110185173825719573e+01 5.669617770460448725e+01 4.412229882433294392e+01 5.399088380480662863e+01 5.885417760708437385e+01 4.891847324461021174e+01 2.822400593543334324e+01 4.739128093483538606e+01 4.829807902689233856e+01 3.001967994601986334e+01 3.728653564582470636e+01 5.783056309890412905e+01 7.655594715365943159e+01
4.892049275162995770e+01 4.439431282723950289e+01 6.483806027913027492e+01 7.686081075466150025e+01 8.688706333854332797e+01 9.540985391091045642e+01 1.022969737820794620e+02 1.010197717212872419e+02 1.095049679866498309e+02 1.102414723086642567e+02 1.187078229560714107e+02 1.199675301728666881e+02 1.116572374115618800e+02 1.132945835764822107e+02 1.017329155321621528e+02 9.279772603567681699e+01 7.874341302944809229e+01 5.869107148136127705e+01 7.373032744985266618e+01 7.612491814931685497e+01 5.598693790637470613e+01 5.749366473420659673e+01 6.185027550458907086e+01 6.031692063472419818e+01 5.663474024527510409e+01 3.628109834102431108e+01 3.485930182183128778e+01 3.344484910762113117e+01 5.051415037029811117e+01 2.980684351885864203e+01 4.893538103849010668e+01 5.730739552594947384e+01 5.193022018045475363e+01 3.161116671814657764e+01 3.946543659826605221e+01 4.798197362758191531e+01 5.819887987588483469e+01
6.521790398276218070e+01 4.586928999101864690e+01 4.817364720855649551e+01 6.837960802929221416e+01 6.641018005538417412e+01 7.950749383432490447e+01 8.420058921750046466e+01 8.042056420877516132e+01 9.563815847448863394e+01 8.958926782878245376e+01 1.102414723086642567e+02 1.116572374120062960e+02 9.161251325498571418e+01 9.748347702152746308e+01 1.057900208367654642e+02 9.735199640124511689e+01 8.702903086033553848e+01 7.373031796199660448e+01 5.357475924142006818e+01 6.891222576245769460e+01 6.338857193418036928e+01 4.309705325034662593e+01 4.154714021042722294e+01 4.000207250377108181e+01 3.846569603045850982e+01 5.669617814300794834e+01 5.533516616852664782e+01 5.209133735030222567e+01 3.144491025420832386e+01 4.782824558895070055e+01 5.839324913388522731e+01 6.558004831410318047e+01 4.532542106856237041e+01 3.325790978342893567e+01 5.393397635067790929e+01 5.944327896456205451e+01 6.251361902845872009e+01
6.688312068145309297e+01 4.733645564757159008e+01 6.748451981836420543e+01 5.200421882177580812e+01 5.477737873916243672e+01 5.913935790330862119e+01 6.374385098757658596e+01 6.914976862764001453e+01 7.503543397706013707e+01 8.958926782878245376e+01 1.102414723086642567e+02 1.104459406746524337e+02 9.042638756011159273e+01 7.752301374910189224e+01 9.748347702981821783e+01 8.905873095601454281e+01 6.905438164591548400e+01 7.272524331961732003e+01 6.891222595247711524e+01 4.866691772077273015e+01 4.534910935711422297e+01 6.338857260167515051e+01 6.185027488133003004e+01 5.179310235805581186e+01 5.885000831217596584e+01 6.625500257506594437e+01 5.496226993266861172e+01 3.445831587598222256e+01 5.209138509893836044e+01 4.625767046257116277e+01 6.650466517807244315e+01 7.381254708253827346e+01 6.219520629435310610e+01 5.393288291766981501e+01 3.573524770398122286e+01 3.890149520063444299e+01 4.214728604164433534e+01
5.259600677081240860e+01 4.880173217609107184e+01 6.898744871877339335e+01 6.625896888511546479e+01 7.506280409876801230e+01 6.032783050921280221e+01 8.071802998532004381e+01 8.968140823533268247e+01 9.563782877714380959e+01 9.184992853864218887e+01 1.124938487173417343e+02 1.061025013514114761e+02 9.042638756011159273e+01 7.049806800840602250e+01 8.229068517041501707e+01 7.844818242294229549e+01 7.272525049483886050e+01 5.254321791746174597e+01 5.024336623350623654e+01 4.796525216364172906e+01 6.562800229458323997e+01 6.562800392986569875e+01 8.027962062264981569e+01 7.197788886167671762e+01 7.252876200824978525e+01 5.792175187236603051e+01 3.752684084469636616e+01 5.496254972244443593e+01 4.903652188040612714e+01 6.667521756096226682e+01 7.498265163375849340e+01 7.581744400545505869e+01 5.572011189604498327e+01 4.657242356867829614e+01 3.796632919535910844e+01 5.856190176546896708e+01 5.662360778640027092e+01
7.055203047030842356e+01 5.038884558217890230e+01 7.055804995920229317e+01 8.671259110593966568e+01 8.489587752004203480e+01 6.442875513745929084e+01 8.489034787801595883e+01 9.745125363209579916e+01 1.059453512107180160e+02 1.124938487173417343e+02 1.119696038933325042e+02 9.192532900709832688e+01 7.783422366375883428e+01 6.789629823438075107e+01 6.232445528251734856e+01 5.840524034617214255e+01 5.595037846651807456e+01 7.272507519484099703e+01 5.267530775207864480e+01 6.822156407826339830e+01 7.652316378380881190e+01 8.570253712258833900e+01 8.669506161364326147e+01 6.666088858467603018e+01 5.236053373444255499e+01 4.589133674561792731e+01 3.970094612433261005e+01 6.004250404334999303e+01 6.338363646616559066e+01 7.758150704782221396e+01 9.214658122316726008e+01 7.214755408265911285e+01 6.842734713955381665e+01 4.822956393414756349e+01 4.033862347040212626e+01 6.079366475172262341e+01 7.673336405528820592e+01
7.216937204542766437e+01 5.198688967516353188e+01 7.216937366849759883e+01 9.147263371795544629e+01 9.340857939342735961e+01 7.886201084060328981e+01 7.118881775767094666e+01 7.685287519073972362e+01 9.141798129276412510e+01 1.120729051390405573e+02 1.119696038933325184e+02 9.192532900709834109e+01 7.783422366375884849e+01 8.291128648846070348e+01 6.295167838811200767e+01 7.844818243715305073e+01 7.020197614391508978e+01 7.615478231297326772e+01 5.605229514785692402e+01 7.615483506940368841e+01 8.944412873329035563e+01 9.935048557887589027e+01 7.934011028901930729e+01 6.516430870073187975e+01 7.252876200877162205e+01 6.232715609669286039e+01 4.202070805308536450e+01 5.642888580210163241e+01 7.656683204333674553e+01 9.177937762947786382e+01 1.003681330100785658e+02 8.111471545064105726e+01 6.105437317098826355e+01 6.313936079808270563e+01 4.282503714059329525e+01 6.313936079809631963e+01 6.376364880828758430e+01
5.432676484025512309e+01 7.216618872248098171e+01 6.271144250678807452e+01 7.440055141729307309e+01 9.481494234545235145e+01 9.946292015687637900e+01 8.143246131342897343e+01 9.746766842244673512e+01 8.785035650781964023e+01 1.085115304215523366e+02 1.119696038933325042e+02 9.192532900709834109e+01 9.779616119730911805e+01 8.614287361444014834e+01 6.622203268323769976e+01 8.614287361444014834e+01 9.017723039079805858e+01 8.444241937679898058e+01 7.615483506940368841e+01 6.115140929770868183e+01 7.530706034561634965e+01 9.527728092264179338e+01 9.349462236139306981e+01 8.520110470521704826e+01 6.580398139967807936e+01 4.553332581343791219e+01 6.232620940806079801e+01 5.380667543180517498e+01 6.809638280372591623e+01 8.813759019055312649e+01 1.011336730289670385e+02 8.111471545064105726e+01 8.111471545064105726e+01 6.552186232284896050e+01 4.530566651077064222e+01 5.210530324143585545e+01 7.223014186356215305e+01
5.599061639890749831e+01 7.622175224522196402e+01 8.302868809109283177e+01 9.147263371800052312e+01 1.032506648699836660e+02 1.105586485102794683e+02 1.020663669958218946e+02 1.105586485102794683e+02 9.817986424685705060e+01 1.169900810829203834e+02 1.202796736957245542e+02 1.119696038933325042e+02 1.038252173042626652e+02 8.950757591518214440e+01 6.960172865808372933e+01 8.106203647464080575e+01 1.010443973339821326e+02 8.731089091063046226e+01 6.736675121488465834e+01 7.117936241469151071e+01 7.749013203105559455e+01 9.746999796599406807e+01 9.248513513925379925e+01 7.248071809196756021e+01 5.825031282664060228e+01 4.805274382857432869e+01 6.829489493544737400e+01 7.396627918595423523e+01 7.396631670463406749e+01 9.400322553770027412e+01 9.952833261556537536e+01 7.952362465976621309e+01 6.536103879457465382e+01 6.810290034634306267e+01 4.794107255649905852e+01 6.810338148930256352e+01 8.052905104275457404e+01
5.817823332921584978e+01 5.969388285876599554e+01 7.999132878230810206e+01 8.387463980160367782e+01 1.043281723946229391e+02 1.101727030606564739e+02 1.186120601300493860e+02 1.272777302768549532e+02 1.188431965962477221e+02 1.272777302768549532e+02 1.203700028321529913e+02 1.120572191649337270e+02 9.551897001003085563e+01 7.558143133045955153e+01 7.661265474954552701e+01 9.656004248033053727e+01 1.093536054030732174e+02 9.188439626863188892e+01 7.194894858182158259e+01 9.113262913112937724e+01 9.113262913112937724e+01 1.057877280236993727e+02 1.002205993056809490e+02 8.663199286529547294e+01 7.659748905625446014e+01 6.829509305623135162e+01 5.186043557842950236e+01 7.204287354665552812e+01 8.600922702782342810e+01 9.755402835069713774e+01 1.054025257679040948e+02 8.538286796436329951e+01 7.271997088609904836e+01 5.259658452364291747e+01 5.247879390755451823e+01 7.260337451509940365e+01 8.777564211886603118e+01
6.040552016999497909e+01 7.999132878229882238e+01 6.351038474359126695e+01 8.387463986493025914e+01 9.568999216958673060e+01 8.969105689857708796e+01 1.101727030606564739e+02 1.150149793818038830e+02 1.354224850004287930e+02 1.262607399083982642e+02 1.061739282395432156e+02 9.198668427301740280e+01 8.445331864088630880e+01 8.218493416711324073e+01 9.656004248151292302e+01 8.919396462920994395e+01 1.092352888615146753e+02 9.672485011365274943e+01 7.676714763470495484e+01 9.672485011365274943e+01 1.111571865639551930e+02 1.060774049134661823e+02 8.606260933850577999e+01 7.196107851382409137e+01 6.193904489174067152e+01 5.714537541135321419e+01 7.204287354665555654e+01 5.764572255860783656e+01 6.927515592834498648e+01 8.925830179897322125e+01 1.024924108974729791e+02 9.046770421488227498e+01 7.047164689965948980e+01 5.623770888535749179e+01 7.260337451509940365e+01 5.942885763036225910e+01 7.103448975175273006e+01
8.072176476851421967e+01 8.918732114611161421e+01 8.387463986493025914e+01 6.754165887938894741e+01 7.523275978287409771e+01 9.568999216958673060e+01 9.453384383362556775e+01 1.098878936157412056e+02 1.167239186765472567e+02 1.251556453912662477e+02 1.203700028321529913e+02 1.120572191649337270e+02 9.859052735592673855e+01 8.921799374462536036e+01 1.092784194598530263e+02 1.033542767807016673e+02 1.175472543982837124e+02 1.020704373914949485e+02 8.206908126671167736e+01 1.020704373914949485e+02 1.178415826863314919e+02 1.078189165810787244e+02 9.009118690979812527e+01 7.013291196383418935e+01 8.194325528250067237e+01 6.326306190522382167e+01 8.325647530323774959e+01 7.772102715131048001e+01 6.421820851921854967e+01 7.422048335554650578e+01 9.419128877244753539e+01 9.430140506380233489e+01 8.011577153770912219e+01 6.007465868450866253e+01 8.011577340705122197e+01 7.948130837924864522e+01 6.801930215365888444e+01
7.804528261900738073e+01 9.871221653585855904e+01 9.363012279626971690e+01 7.317857893949076242e+01 7.287784071572556854e+01 7.782628527157676501e+01 8.349330413953153140e+01 8.939449576345791115e+01 9.621584349412916026e+01 1.080633060364750833e+02 1.285545355552224578e+02 1.269779563729580900e+02 1.175925058520321471e+02 9.923172477247537415e+01 1.175925058520321471e+02 1.234333079874935919e+02 1.127967159986085335e+02 9.272968620715772659e+01 9.619167206403001558e+01 1.020704373914949628e+02 1.095343966555493296e+02 8.949320201196026403e+01 7.952541990933774230e+01 9.009118690979812527e+01 8.990851902708608634e+01 6.995238785554110450e+01 8.990851902708608634e+01 8.953919148191516797e+01 6.958378986842838287e+01 8.953919148191516797e+01 1.024924108974729791e+02 8.600440730964210445e+01 6.603508379016192009e+01 8.011576811754960659e+01 8.840738079531131177e+01 9.630371280669797329e+01 7.955181483828481248e+01
9.859034029382993936e+01 1.073505447244193505e+02 9.980186107721392830e+01 7.933252089431304910e+01 9.332848827097025435e+01 8.201009293053273552e+01 1.024852624504385545e+02 1.098878936157412056e+02 1.167239186765472567e+02 1.167239186765472709e+02 1.369476152481706208e+02 1.336984297772322066e+02 1.276343504686751800e+02 1.193251141472304937e+02 1.276343504686751800e+02 1.291942950036710442e+02 1.091114442139823524e+02 1.069140222863312601e+02 1.162630323750696277e+02 1.221438532508020955e+02 1.178415826863314919e+02 1.078189165810787244e+02 9.951379933375483233e+01 1.078189165810787244e+02 9.820540661322868914e+01 7.991321432935642122e+01 9.820540661322868914e+01 9.660014574416415201e+01 7.662875118119211493e+01 8.586660792859946412e+01 1.058803143319077265e+02 9.430165920229245557e+01 8.600440520802109745e+01 7.270700859399856597e+01 8.419534601380080119e+01 1.042066074854219977e+02 9.367134692384396999e+01
9.168049607937682310e+01 1.122990314235365048e+02 1.066302282230937379e+02 8.614512678790185873e+01 1.066302282230937379e+02 1.024852624504385545e+02 9.294647784340132546e+01 1.047824683470593641e+02 1.252639216458691465e+02 1.371467003243124338e+02 1.279175333728825734e+02 1.138676765024220714e+02 1.279175333728825734e+02 1.307599269652521343e+02 1.225131938723619953e+02 1.307599269652521343e+02 1.291942950036710442e+02 1.269987949420753210e+02 1.256758620489691083e+02 1.173368642801386272e+02 1.151372981660050385e+02 1.099571337532420330e+02 1.096367642867073755e+02 1.179690991223893519e+02 1.082097387718929866e+02 9.990382372481583673e+01 1.082097387718929866e+02 1.049049854595371443e+02 8.658525774789217166e+01 1.049049854595371443e+02 1.141863210461964684e+02 9.943172218859970712e+01 8.529600935939861017e+01 7.933458699808818437e+01 9.931235701499038271e+01 1.125272464146470099e+02 1.137252529348912589e+02
