MOVIE_S13_data/elevation_000132.asc
nrows	150
cellsize	150.0
xllcorner	0
ncols	150
yllcorner	0
NODATA_value	-9999
[rows 0 to 16 of 150, columns 37 to 73 of 150]
8.884754177262699226e-02 6.929726548558100274e-02 7.395023591448830758e-02 4.828361932999872264e-02 4.897713358561925356e-02 8.568734790590110117e-02 1.075183056328203948e-02 6.823539046102447547e-02 7.194897206013613211e-02 1.557559815681563986e-02 7.704183385687686514e-02 1.685416958384493638e-02 9.680445094065920353e-02 7.639902522890137937e-02 4.559330980047965332e-02 5.839666421669215124e-02 9.739037529851846120e-02 3.670263267501718690e-02 2.041064012308905357e-02 6.895211126444661387e-02 9.031524355919069713e-02 1.560024811392830661e-02 7.641644294168103979e-02 3.888124420523987601e-02 6.873285589001959517e-02 4.772367030474261584e-02 9.504926490987847254e-02 5.760415539182907330e-02 9.666222459857021221e-02 9.627991409191682948e-02 1.286757495974483190e-02 9.381044340810595905e-02 7.584058927755046864e-02 1.435327048224320848e-02 5.777975670406795827e-02 2.716720951219454838e-02 4.735230246529398453e-03
4.352861868884818186e+00 5.616299227737895805e+00 2.007395023591413263e+01 1.419041924306107383e+01 2.004897713220458044e+01 8.321138546581064332e+00 2.001075183056292772e+01 1.592742779137040188e+01 1.975899072643261256e+00 7.624210676491891547e-01 1.968797340078568325e+01 2.001685416958348895e+01 8.591511870104884707e+00 2.007639902522854669e+01 2.004559330980012533e+01 7.129464476082198132e+00 1.423952599902959371e+01 1.158370801646743153e+01 2.002041064012273353e+01 4.541088066264044265e+00 2.009031524355883391e+01 1.415773587184500393e+01 2.007641644271921066e+01 2.786095725345347773e+00 2.006873285588966382e+01 2.004772367030438573e+01 1.009504926490996546e+01 2.005760415539147345e+01 4.266950505740084054e+00 2.009627991409156067e+01 1.415500319869082091e+01 1.164081481386160632e+01 2.007584058813284855e+01 7.413958604134183616e+00 9.388876021196164601e+00 7.735605817343715884e-01 2.000339944147872728e+01
8.717219673604628127e+00 1.138980191963420374e+01 3.138980191963237587e+01 3.419041924381583186e+01 2.869677476862980470e+01 2.275858792473339776e+01 3.594676495591596677e+01 2.467230348405674079e+01 1.709382713977953472e+01 1.564843797624327237e+00 2.388402150194494311e+01 3.580754533611911228e+01 1.979328527969633100e+01 3.648805024033270428e+01 3.468875393626751702e+01 1.468875393626681003e+01 3.423952599903029892e+01 2.572584364019813208e+01 2.912940274367567639e+01 9.129402743675319343e+00 2.912940274367567639e+01 3.415773587237789854e+01 2.554704289343218804e+01 5.559625249273430825e+00 2.554704289345777113e+01 3.837932051237086029e+01 2.423718488864116694e+01 2.853096483285428775e+01 8.530964832852330204e+00 2.853096483285428775e+01 3.415500319869152435e+01 2.578287994947106654e+01 3.417188567202095584e+01 1.654532687371617428e+01 2.097442319577167424e+01 1.520474306989372026e+00 1.411948864078072852e+01
1.330553435101582416e+01 3.138980191963237587e+01 2.081789233545500650e+01 4.081789233527565841e+01 4.891742695122396611e+01 4.303282599849255519e+01 4.307585699742725183e+01 2.998035846139232419e+01 2.104937363133768713e+01 2.415461522698933550e+00 9.973528040802593253e+00 3.545080679785571931e+01 3.892316488873890279e+01 4.736757269106759338e+01 4.297302518372971036e+01 2.623575932005952893e+01 4.297302518372971036e+01 4.572584364019741798e+01 3.412940274367606719e+01 1.412940274367536198e+01 3.412940274367606719e+01 4.251502132856157345e+01 2.254712169846166603e+01 8.416896514729703682e+00 2.839558409406549799e+01 4.778307332157368137e+01 4.423718488864187037e+01 3.311927951026726902e+01 1.311927951026360617e+01 2.466628489405632507e+01 4.466628489406564029e+01 4.577971782395719913e+01 4.298598143294249496e+01 3.498560012559057242e+01 2.246402256984406876e+01 2.269480672207613736e+00 1.506411759954374752e+01
1.815624685174239872e+01 3.815624684864978633e+01 4.081789233545291040e+01 3.236489771924792791e+01 5.236489771918834180e+01 5.007407730866982121e+01 3.507882658147713073e+01 1.521040921859071382e+01 3.582715919495327306e+00 2.261285856989467291e+01 2.991419712647558171e+01 3.859620757186389284e+01 4.680681086621824250e+01 3.935476180324371143e+01 4.742671222789253704e+01 4.623575932006023237e+01 5.452003056752243282e+01 5.412940274367677773e+01 3.412940274367607429e+01 2.015962963523073981e+01 4.015962963523144680e+01 4.288533501496623757e+01 2.293291838694756635e+01 1.139868130827170845e+01 1.955899796244908728e+01 3.366628834951065841e+01 5.362237813574769518e+01 3.846450434851911382e+01 1.846450434851218603e+01 3.846450434851911382e+01 5.295055615402296212e+01 5.103947892202795344e+01 4.104999688548770820e+01 2.931175397902363500e+01 2.190427857703297221e+01 3.020600139688524699e+00 1.178864485730657918e+01
2.350147168999079383e+01 4.350147168488089022e+01 6.064916886829715992e+01 4.650703334297937630e+01 6.064916886829715992e+01 4.180601724901956828e+01 2.209686100006453557e+01 2.001464952412302623e+01 4.371840579006757821e+00 2.396115195797179709e+01 2.663342008777500780e+01 2.493348045746079933e+01 2.865366645344646201e+01 1.970693235951252120e+01 3.763419268909435544e+01 4.524214410036579892e+01 5.341958731598046484e+01 6.015962963523215024e+01 4.015962963523144680e+01 2.771891909541541921e+01 4.771891909541612620e+01 5.115855073441371559e+01 3.472860468143200308e+01 1.477995705232734025e+01 3.472860468143200308e+01 3.951129172190904626e+01 5.947410127486623566e+01 4.513117101513910967e+01 2.513117101517873664e+01 3.846450434854673261e+01 5.846450434944841135e+01 4.377250494627311639e+01 2.287658196371869224e+01 2.429900015017310722e+01 4.089768900618602210e+00 2.323157140761801998e+01 3.025532550617404581e+01
3.057253950185614499e+01 3.983140330846400445e+01 5.983140328106060934e+01 6.650703334287408097e+01 5.578163723075497415e+01 4.430565406967829034e+01 2.599008704331377828e+01 6.036553871569116936e+00 2.434509387079042497e+01 5.771151578283263639e+00 6.752959966377593659e+00 7.739746715709671321e+00 8.729896032631312863e+00 9.723751989585707634e+00 2.964632974528755938e+01 2.533130166313337028e+01 4.521892513268091562e+01 5.775350198608360586e+01 5.600319034287831954e+01 4.186105471914687115e+01 4.771891909541612620e+01 5.232071765285055420e+01 3.240813816424560656e+01 1.831571331726224727e+01 3.824039766554173525e+01 5.250323602308503013e+01 6.400854207647469707e+01 5.269046047529935350e+01 3.269046047536301813e+01 5.269046047529935350e+01 5.753992314687520349e+01 4.067622988278790075e+01 2.235998152749293411e+01 9.313323323646693908e+00 4.847573322113850836e+00 2.502594460196442938e+01 2.249464136345804022e+01
4.057253950185579328e+01 5.885680862233420640e+01 6.811567181517270342e+01 6.368376411614326571e+01 4.753770184721867764e+01 2.767141194255291836e+01 1.615451247620897490e+01 7.213076791161128654e+00 2.716235763664305125e+01 2.583965413087399554e+01 1.672636130732058035e+01 2.756839677630039986e+01 2.865647772097132773e+01 2.964632974528756293e+01 1.114348701894819449e+01 2.744693047359669791e+01 2.989933072254681790e+01 4.916809713502577495e+01 5.721674407748615465e+01 6.186105471914757459e+01 6.771891909541754728e+01 5.168844334445490318e+01 3.228197662243594834e+01 3.240813816424560656e+01 2.433694314710872675e+01 3.582641281769846842e+01 5.573789951442436319e+01 6.097473168420679457e+01 4.683259609909347176e+01 6.097473168420679457e+01 4.920394359907369619e+01 2.894054903945035306e+01 1.753723603744115422e+01 2.169164995000247131e+01 2.507998748826544499e+01 5.938746361362345461e+00 2.592590289430847861e+01
6.057253945289324548e+01 6.885680569505510107e+01 6.372564176837780536e+01 5.535156388669165750e+01 3.534183279973035496e+01 3.828694510735788725e+01 2.834892214767971197e+01 8.402151690752772240e+00 2.000656908066248008e+01 3.992301448717424961e+01 3.074639267681113708e+01 4.421760376625411482e+01 4.098903409691564548e+01 2.113035381071611951e+01 3.105969395384185816e+01 1.259087040015359449e+01 2.756703016274369489e+01 3.819121388876680356e+01 3.734739373697134823e+01 4.925332196546176533e+01 5.603406780586443858e+01 5.969421109309367068e+01 5.019007953316336312e+01 5.232071765285056841e+01 4.424199731012802062e+01 3.137753539550064730e+01 4.285473111604640195e+01 6.278393827865446042e+01 6.683259609887609543e+01 6.472237210649450390e+01 4.449276221503048134e+01 3.008391339712045465e+01 3.193707587904017942e+01 3.658779972463037922e+01 3.355196769390008882e+01 2.529799889941365265e+01 7.039078342420325818e+00
6.927559996098905515e+01 5.812961362269584242e+01 4.447245841931736976e+01 5.403564110210811577e+01 3.900842546364339825e+01 1.904573360034407870e+01 1.010478829320363303e+01 2.834892214767971197e+01 3.654973439596530937e+01 4.845607824669663444e+01 5.104862931717830321e+01 5.497979650333837753e+01 3.519387056002981495e+01 3.519387056002981495e+01 4.070365067628345912e+01 2.669238664827214436e+01 1.405356857262139414e+01 1.852322816730060850e+01 2.323216037406963252e+01 2.925804635080429250e+01 3.593039276628662293e+01 4.783776330274989874e+01 6.476148576209126873e+01 6.124008855195685896e+01 4.131552176521755371e+01 4.285473111604640195e+01 5.954513626803073834e+01 7.105981254206714937e+01 7.356990841901873068e+01 6.534829154124120976e+01 5.875568255933070816e+01 5.041781849817338212e+01 5.365676252968102489e+01 4.870069242174713509e+01 3.545834321382510268e+01 2.794036373255785222e+01 7.831837135208514766e+00
6.122824290340579978e+01 4.197362707539501514e+01 3.065910429809168747e+01 3.971271803896683394e+01 2.601208105184505115e+01 1.189748629737519003e+01 3.004738952865256962e+01 1.659326799572825806e+01 3.650911427095329742e+01 5.177490685262750247e+01 6.170508485257073517e+01 6.317350637378985567e+01 5.497979650360464632e+01 5.497979650383551586e+01 5.471491470391936929e+01 3.501233705822129849e+01 1.511807400067333340e+01 3.501233705803769425e+01 4.316699171391705647e+01 3.952224379239299878e+01 5.603406780586443858e+01 5.036383312899902620e+01 7.018154126894792455e+01 6.951524350177898270e+01 5.021016927442903466e+01 6.278393827865527754e+01 7.105981254296411009e+01 7.940579689786564188e+01 5.952548216939489834e+01 4.550601183458452681e+01 5.279893197260663129e+01 6.101846355374216557e+01 4.736660859683816938e+01 3.546978912700738107e+01 1.578094807789491760e+01 9.050064710191225714e+00 2.668347419680783261e+01
5.816493415554395341e+01 5.111479245934091153e+01 3.971379681769116132e+01 2.003150976404380046e+01 1.370848386223698334e+01 3.183548833805691913e+01 4.007312224165195147e+01 3.650911427095329742e+01 2.365816509042123883e+01 3.361830004397325666e+01 5.345676347550007534e+01 7.205226455476858405e+01 6.218913347815334447e+01 5.400541494245693031e+01 4.743173177998920664e+01 3.607490254837305343e+01 1.618698023651001705e+01 3.607490254836978494e+01 5.388346457171313375e+01 5.938426020587688470e+01 6.759632895043894507e+01 7.045425461142718859e+01 7.867840520536606164e+01 7.844336341115594280e+01 6.431087940946439119e+01 7.844336341115594280e+01 7.352818977917442567e+01 6.530471958060627458e+01 6.683238186927377456e+01 4.698608669852378483e+01 3.323835333943515735e+01 4.405116842673506028e+01 3.843234898196392635e+01 2.070112844723336565e+01 1.027878613336536340e+01 2.928729934895953946e+01 2.542150712177275196e+01
3.822412214869930125e+01 3.118317249353405174e+01 2.516367180745282539e+01 3.495068964781207654e+01 1.501889705387133311e+01 2.912936020462215936e+01 4.901783293260322694e+01 4.981338796075651487e+01 2.996738809784237034e+01 4.981338796075651487e+01 6.170508485257073517e+01 6.385571280217091328e+01 4.415511708274290470e+01 3.428436560350095164e+01 2.766154248427665863e+01 3.714221652722495293e+01 1.726030333541416439e+01 2.706292017193891297e+01 4.026058343978374410e+01 5.922057897118120451e+01 7.817018534423480958e+01 8.132314557606825645e+01 7.873844372190295360e+01 8.695354729893900014e+01 8.429291009049627803e+01 7.604444632634120183e+01 6.530471958060627458e+01 4.541291379249000926e+01 5.123908881778344693e+01 4.616257417973454125e+01 4.263924876073216552e+01 2.502115470889258475e+01 3.264302275271757026e+01 1.394171257026872723e+01 1.115029913029019681e+01 3.511069220609277863e+01 4.488591753316634936e+01
5.816493415554395341e+01 5.111244195536505686e+01 3.753513341710876006e+01 1.700413946652540886e+01 1.894103483425432088e+01 3.859905597486093853e+01 5.220112103838243911e+01 5.805562829827944427e+01 4.400206733965320183e+01 4.400206733965320183e+01 6.384315701952235855e+01 7.205226455476858405e+01 6.218913347815334447e+01 5.400541494245693031e+01 3.900170349821497240e+01 1.916159136436606403e+01 1.908481196621326248e+01 3.892628696394336174e+01 4.958078479026031715e+01 5.023857497959359364e+01 6.420438016191417319e+01 6.157229532397138172e+01 5.900111138409137368e+01 7.554201312240181210e+01 8.188825248419331615e+01 6.199779955079046800e+01 4.789852471817520296e+01 3.799516340106287515e+01 3.157783216784197933e+01 2.686452608554500898e+01 2.370071964600117198e+01 2.073656717759716628e+01 1.772557323226428849e+01 3.194070489951946357e+01 1.206908748482235971e+01 3.261723701201959358e+01 4.390205552512691156e+01
5.774689526274877949e+01 4.861087850211708883e+01 3.829646450219046017e+01 1.845886977582455302e+01 3.821223281413107742e+01 2.471137401491467145e+01 4.427882415855989962e+01 5.837405378983816462e+01 6.384315701952235855e+01 6.384315701952235855e+01 7.210918925690558012e+01 7.230914920402076973e+01 6.244911540774305081e+01 5.426770101667672463e+01 4.037548256610551789e+01 2.054696109019214489e+01 3.895699605843812918e+01 2.169637806397660285e+01 4.155395782215714462e+01 3.625912598224361716e+01 5.124716025859452628e+01 4.762651494754939563e+01 4.763348879596251351e+01 6.155931782673356878e+01 8.130634980063719297e+01 7.194302601749177484e+01 5.202810670683538774e+01 5.422164497342426159e+01 3.448103372791787535e+01 4.616257417973454125e+01 3.687626715746800699e+01 3.939131781287560585e+01 2.817170653875787067e+01 3.288388135977558591e+01 1.299057099550955741e+01 3.037528749523233884e+01 2.354653205031793206e+01
3.826226254725223441e+01 4.045148808752296077e+01 2.054373157001980843e+01 3.837414302864909388e+01 4.661059381156155723e+01 4.427882415855989962e+01 3.101680961401410030e+01 5.041153716131635321e+01 6.562902173723493604e+01 7.667336103953897464e+01 7.807214132838194587e+01 5.833335176211996753e+01 4.442076216371479802e+01 3.455044504949229633e+01 4.174944506177263293e+01 2.193857763305392439e+01 4.098694695815266442e+01 4.155269704539227149e+01 2.435223972582257446e+01 2.630914478887165942e+01 3.145976691279629733e+01 3.775210717459911791e+01 5.748828918977243063e+01 7.554201312240181210e+01 8.248032153669583977e+01 8.015861391396775559e+01 7.194302601749177484e+01 6.051026495551118956e+01 4.062390247286918310e+01 6.051026495551118956e+01 5.655231710703916548e+01 5.567718841644228434e+01 4.743296999873941644e+01 4.148454302434578977e+01 3.337041028362433792e+01 1.429424037817926063e+01 3.485664030233418487e+01
4.800457890500049274e+01 2.835022331777039994e+01 2.203003089303855688e+01 4.192935017327825875e+01 5.266187145749940868e+01 5.837405378983816462e+01 4.481208567449629498e+01 3.848341732604959020e+01 4.962036520272808815e+01 6.864083959058849871e+01 7.812531968928018955e+01 6.674459329948838615e+01 5.856742158139967103e+01 4.372853630989308726e+01 2.392993935531771754e+01 4.175517291052378965e+01 4.966324625615804678e+01 5.118912894922006274e+01 3.140162899828548504e+01 4.613807739047499723e+01 2.940667656415598330e+01 4.921254432526473721e+01 6.054240889399670067e+01 6.635493356779713281e+01 6.273083532258750239e+01 8.248032153669583977e+01 7.458841481431721832e+01 5.467890435087282697e+01 5.467890435087282697e+01 6.873970512930043242e+01 6.996885797882980285e+01 6.175830185126243776e+01 5.161905439922207961e+01 4.265774992902851181e+01 3.378630932916775009e+01 1.522262867505431672e+01 3.577152569131430226e+01
