MOVIE_S13_data/elevation_000123.asc
nrows	150
cellsize	150.0
xllcorner	0
ncols	150
yllcorner	0
NODATA_value	-9999
[rows 85 to 101 of 150, columns 74 to 110 of 150]
9.252471591591063316e+01 8.291219546009627095e+01 6.261404967747289874e+01 7.853575383068020699e+01 6.644411214223339357e+01 8.486035240952844561e+01 8.855711712102704780e+01 6.834521573019374330e+01 5.375466514477851376e+01 7.426204515346287849e+01 8.899820294406956123e+01 8.950952257874503459e+01 7.271945969432783841e+01 8.573471137087787497e+01 7.387012963371388707e+01 8.807486556297104130e+01 1.080316144168313457e+02 1.072998771476444091e+02 9.071358456186929686e+01 1.016509199728781283e+02 8.365205290840570740e+01 1.016509199728781283e+02 9.800745166384503193e+01 8.155984824111760645e+01 9.800745166384503193e+01 9.493826448190598910e+01 7.493421422707383783e+01 6.333966656393223360e+01 5.425939464772947218e+01 4.879156146182188536e+01 4.351743768904688636e+01 3.945742728364668039e+01 5.459515354030968837e+01 3.756129362514044345e+01 4.827490529602115998e+01 5.126298382807006249e+01 4.153375717880564366e+01
7.248655809075717116e+01 6.764182873004304497e+01 8.291219546509141480e+01 7.443916381045559660e+01 8.666056274461328712e+01 8.666056274461328712e+01 9.128819053902789449e+01 7.114444913108708590e+01 5.659826018578593931e+01 6.034734130056367007e+01 8.069725200471195592e+01 9.590053731660019309e+01 9.281731178769659607e+01 1.010929525188860509e+02 8.288921779539559509e+01 8.807486556297104130e+01 1.080316144168313457e+02 1.187427263767308716e+02 1.104836039781470021e+02 1.114948272420678279e+02 1.032625805801495318e+02 1.114948272420678279e+02 1.035277753053103709e+02 1.011226997069639708e+02 1.093546195092512932e+02 1.032670183681626526e+02 9.170019951351559939e+01 8.273181153582197567e+01 7.442262166098544185e+01 6.011332378252992470e+01 6.380725613471751245e+01 5.459515354030968837e+01 3.432881175420980924e+01 3.114694363776616015e+01 2.804156961255008085e+01 4.288767785121780207e+01 2.273964536546308324e+01
9.252471591978162735e+01 7.294379850669407972e+01 9.297326208231201861e+01 8.451606157529946017e+01 1.027548498037566134e+02 1.066629492586877603e+02 9.410095066553732579e+01 7.401382549516927156e+01 5.952418511562508741e+01 7.989720823995442345e+01 6.744152713920691156e+01 8.176151945517730724e+01 1.017553660857721809e+02 1.111178791351918420e+02 9.441194920739165752e+01 1.080316144168313457e+02 1.163075196811534227e+02 1.124129622081230337e+02 1.040711685263034951e+02 1.040711685263034951e+02 1.013801346921312216e+02 9.308165833479083062e+01 8.365268285096236411e+01 9.201572685959048670e+01 1.004322103558699837e+02 9.686894961470908072e+01 8.859287956318001989e+01 9.686894961470908072e+01 8.856119458018224577e+01 8.024337024627450887e+01 6.892011349030053680e+01 4.867437452147755295e+01 4.865096909967351735e+01 4.983056786539106753e+01 4.435441262262835238e+01 2.414162366348252320e+01 4.293217751057440523e+01
9.850082592016080696e+01 7.857091107782254369e+01 9.850082592016350702e+01 9.861527022061645198e+01 1.127299743146605664e+02 1.102212497422392232e+02 9.609557588285998975e+01 8.285700083999346077e+01 6.256568517031057297e+01 8.285699922800644401e+01 8.761758147300540145e+01 7.576915096323044452e+01 8.994724704386118219e+01 1.099017628942629017e+02 1.143628744080480004e+02 1.226432659211120750e+02 1.172078114651699963e+02 1.040711685263034951e+02 8.420440882662092008e+01 8.420440882662092008e+01 8.561731321046858056e+01 7.332149528553470930e+01 6.970757267425572934e+01 7.284910498661582778e+01 8.917145474318733989e+01 8.693670613017548021e+01 6.877632273347062153e+01 8.693670613017548021e+01 8.660481935734726733e+01 7.834601828873908858e+01 7.726277502896212468e+01 6.890759928821286451e+01 6.859721160340157553e+01 6.284553640414403475e+01 4.040336957838679410e+01 2.521103767554084385e+01 4.543752711875690409e+01
1.047878561880566224e+02 8.490652082775457643e+01 1.047878561880566224e+02 1.185604643514932377e+02 1.070866278513621950e+02 9.881096125554367404e+01 8.196990202348089838e+01 6.766381397472557069e+01 8.285700083999346077e+01 7.175725752208424524e+01 9.183688175601587034e+01 8.994724704386118219e+01 8.650665454237802976e+01 9.801566219122655355e+01 1.179814613743063632e+02 1.230806929452084404e+02 1.029500771530780554e+02 8.890047599126970113e+01 7.908393643903798420e+01 7.031930853438834106e+01 6.589636155348534885e+01 6.189326854630989772e+01 5.819159396754289304e+01 6.203654574813431566e+01 8.064406597448434866e+01 7.868460114786498139e+01 5.875696859962472018e+01 6.872078487891830889e+01 7.508339494924227608e+01 5.838320972296723710e+01 7.508339546997308389e+01 6.947236104404045420e+01 7.251914340865342012e+01 5.231340682848842505e+01 3.795875772843992735e+01 2.629024544183996781e+01 4.652703949316658338e+01
1.130607519909710987e+02 9.378351611861062054e+01 1.130607519909710987e+02 1.164858726983045472e+02 9.881096125554479670e+01 7.887337917537088572e+01 7.345857596273008028e+01 8.781882042813627720e+01 8.415447614504512330e+01 7.892900826394681246e+01 9.889643218501578303e+01 1.099017628942629017e+02 1.006033384592090272e+02 1.147425512708990567e+02 1.262823977326997067e+02 1.248457388972438196e+02 1.047011587422382490e+02 9.062995585625563422e+01 8.079906933598731200e+01 9.002324802245422575e+01 7.725690190283752656e+01 8.167312287907186885e+01 7.325255792814138545e+01 5.322037394566230972e+01 6.893214205365063663e+01 6.669999161874530103e+01 6.450647638572841913e+01 4.856468471335581683e+01 6.030921056482474540e+01 4.664402108628542010e+01 5.690676782772025177e+01 4.935653252046374462e+01 5.379541650652286933e+01 5.762652029291792388e+01 4.762529903310208823e+01 2.738105869245904955e+01 3.375581657333777486e+01
1.219759999787167999e+02 1.052459856185842995e+02 1.197215318066855900e+02 9.975747347187855496e+01 8.828813669715739820e+01 9.881096125553560228e+01 7.985402152101227102e+01 9.978521513060282189e+01 9.827578525263724885e+01 9.305500862552740671e+01 9.305500862552740671e+01 1.129988761658983236e+02 1.205794340904165551e+02 1.226820496665885543e+02 1.144254871536283531e+02 1.226820799805065434e+02 1.189664244103662298e+02 1.089479698756206574e+02 1.006156627608695544e+02 1.053536091346448984e+02 9.703784744277920993e+01 9.698553317668560680e+01 8.149711280250596701e+01 6.893214205365063663e+01 4.875804113074568136e+01 4.647552355380664579e+01 4.424631384383270927e+01 4.207134986633568019e+01 4.003644700719190297e+01 3.832370827589248563e+01 3.666417151239058114e+01 3.502314235309825818e+01 3.339668008487004158e+01 4.925976861924477390e+01 2.900946043517532402e+01 4.762529903312951518e+01 3.375590427817206773e+01
1.335180085217124883e+02 1.252260497388201514e+02 1.280267596270547870e+02 1.164858726983045472e+02 9.975747347187855496e+01 9.394644096704693936e+01 9.136536809022361183e+01 1.080624125508052202e+02 1.182403904382267683e+02 1.129988761658983236e+02 1.129988761658983236e+02 1.212940890507776430e+02 1.233529297378299958e+02 1.127305855674301398e+02 9.453506508030240241e+01 1.104264541391625016e+02 1.186805426706341677e+02 1.282873874404338039e+02 1.116119004958964354e+02 1.001035785003394381e+02 9.123544089923896649e+01 7.718015556534936650e+01 7.371725974817999827e+01 5.369970005173308891e+01 6.839048649428414706e+01 6.669999161874530103e+01 6.450647648994925021e+01 4.484565715445128831e+01 6.030921056478931064e+01 5.858347832735127980e+01 5.690491593868177489e+01 3.878624833794287952e+01 3.483722028639535040e+01 3.110615503345657373e+01 3.085868288033824314e+01 5.184705753852257715e+01 3.865392193450978908e+01
1.310620165877105308e+02 1.393942798222110184e+02 1.378989262487379222e+02 1.280267610164157475e+02 1.197215318193090354e+02 1.054308982578484546e+02 1.112869400871720984e+02 1.195816703889943398e+02 1.148647295888635682e+02 1.066715629349211980e+02 1.092720151766677503e+02 1.150883411316935820e+02 1.092816333228169299e+02 9.521039088069255740e+01 8.457113991642482631e+01 9.052274306768377699e+01 1.104264541391625016e+02 1.081698220594407047e+02 1.032824881158926758e+02 8.342238381113358514e+01 7.206006507708002573e+01 6.320102273322232378e+01 5.889523527905689093e+01 7.371725974817999827e+01 8.139395911565320318e+01 8.175876758102846509e+01 6.848822164581864058e+01 4.832191639379054493e+01 6.848822164580764138e+01 6.503120492448761070e+01 4.492353982751479435e+01 5.053194354490295837e+01 4.915888313161635637e+01 5.130850443765198321e+01 3.271863300455363088e+01 5.305887716371253759e+01 5.894638402048192916e+01
1.109162437754401651e+02 1.293257763190684670e+02 1.177582294862085917e+02 1.319927248709915943e+02 1.337324064679772277e+02 1.254246751493102607e+02 1.234320265385192243e+02 1.121550556902746791e+02 1.033552580186700993e+02 8.680953821255161529e+01 8.939211465601482587e+01 9.521480270920017119e+01 9.932351716840209122e+01 8.111585170526473121e+01 7.641301246434217376e+01 9.052274250009196521e+01 1.104264055949574299e+02 1.081698220594406905e+02 8.824947107712030459e+01 7.841194800985533675e+01 7.097881826301733099e+01 7.040400086274233615e+01 7.876390755221166273e+01 8.700909334139366536e+01 8.733765302726705215e+01 7.357494311484501281e+01 5.355196451394336776e+01 6.848822164581864058e+01 7.149990588779314749e+01 5.156203048818342438e+01 6.503120492448763912e+01 6.474160127029456646e+01 6.914237665714728109e+01 5.495834300540710160e+01 3.458884122053967047e+01 4.898233653674162724e+01 6.938568501472094852e+01
1.008507625375744823e+02 1.109199463714378169e+02 1.035177738476851061e+02 1.236573029901314840e+02 1.226012532969445203e+02 1.139818676860946454e+02 1.153721097613950803e+02 9.570947634312304331e+01 8.421770100086844479e+01 7.528304547896594556e+01 7.528305974796732869e+01 9.454084688078337706e+01 9.107723317543629094e+01 7.111898809921194697e+01 7.086259600660980595e+01 9.082450511901919299e+01 1.032601082302617925e+02 1.115175282837520854e+02 1.065227885792560016e+02 9.820964656828047623e+01 7.977359127682564122e+01 8.026716869392257081e+01 9.846491257800842334e+01 9.051583049479272347e+01 7.072270031270089419e+01 5.920970947886204527e+01 7.357494311484504124e+01 8.182130944931019201e+01 7.629875826853348997e+01 5.651258302099425634e+01 7.629875826853348997e+01 8.437837420153454104e+01 7.132226467836871109e+01 5.091923727605551164e+01 3.648965185367069353e+01 4.826228932113147607e+01 6.868783925341412555e+01
1.040259749791885753e+02 9.081998587227070630e+01 1.050210323927535399e+02 1.251454218034044317e+02 1.139754319612454765e+02 9.497695889602547936e+01 1.004902179682064798e+02 1.084297817229181788e+02 1.003814529100446293e+02 8.046876482758912630e+01 6.633072619320846286e+01 7.998807734383667878e+01 8.353426998679150017e+01 6.354639054744171744e+01 8.353426998679150017e+01 9.261305832602153032e+01 8.334130176948615087e+01 9.742991857361376162e+01 1.173354311705488442e+02 1.079061450492910552e+02 9.115352928537599553e+01 9.424681119507334870e+01 1.084175891915822945e+02 9.880027482071777456e+01 8.340794968293931788e+01 6.361265140464014678e+01 8.340794968293931788e+01 9.219799065488308543e+01 7.272548733063842974e+01 6.260336949760619518e+01 8.221054373674746785e+01 8.717626081297959217e+01 7.703098565706267209e+01 5.889021282095828980e+01 3.844687066918398699e+01 5.889020360998081571e+01 7.707058936794891224e+01
8.397596757337301199e+01 9.552374009809351207e+01 1.156402438153589003e+02 1.206382261246046994e+02 1.097358055592027313e+02 1.003728007992802844e+02 8.157706124001056480e+01 1.004699746854486335e+02 9.677353157064825950e+01 9.454084688083636934e+01 7.998807734383667878e+01 5.998696284116763877e+01 7.409186355522511747e+01 5.953110934681515687e+01 7.953669408519580486e+01 7.265945743390606992e+01 9.261305832602153032e+01 1.032601082302618067e+02 1.231771811074200826e+02 1.194637402977738105e+02 1.111100986083837512e+02 1.142319957661125045e+02 1.179828506516538482e+02 9.796414479851131318e+01 8.806336210147179600e+01 6.831211995928568115e+01 8.806336210147179600e+01 1.002834453386258389e+02 8.221054373674746785e+01 7.011845318851847253e+01 8.955800289836707861e+01 7.881871245933945147e+01 5.848146824617737138e+01 4.819199943471009107e+01 4.044149604005103527e+01 6.091765465938710378e+01 7.509791016363416816e+01
8.962567083315376237e+01 1.097086062657071608e+02 1.239809137697000665e+02 1.125909285662517476e+02 9.394355988945672209e+01 8.301456035482854645e+01 7.501957976197438427e+01 8.737873970919355315e+01 7.766335163484876603e+01 8.056390118815069457e+01 7.303749673022797140e+01 7.068327134391687139e+01 5.406879454538451313e+01 5.893639811419674857e+01 6.411921130708613248e+01 8.410481431787555096e+01 1.008679156778989352e+02 1.023345100551183720e+02 1.103935215449868110e+02 1.129752380185130818e+02 1.047689670556368213e+02 1.073307488765799036e+02 1.120826767333706186e+02 9.211605739029491247e+01 7.816257940443226460e+01 7.576309319466007253e+01 9.553731568371449612e+01 1.097333077079329939e+02 9.762255510199166508e+01 8.138847595895427389e+01 9.762255510199166508e+01 8.717643882950635259e+01 7.703064806175670753e+01 6.304323444585117642e+01 4.254459085283405528e+01 4.848430098187180448e+01 5.471310011323177491e+01
1.050500624567457351e+02 1.180497092118598488e+02 1.165001834126939144e+02 1.082419024619916854e+02 1.097320543274139482e+02 9.833342499499958933e+01 7.935935349896377033e+01 6.798038226282670848e+01 6.370875536159054775e+01 7.200956143739678339e+01 5.302359524799799573e+01 5.066483000064111764e+01 7.068325212331340879e+01 7.894454655040124180e+01 8.410481431398733321e+01 9.236274374388234776e+01 9.362693080895223829e+01 8.288563546509476510e+01 9.916347407859613838e+01 1.015706198158053297e+02 8.503974271062212154e+01 8.759899805950087170e+01 1.015706198158053155e+02 1.062774054173307121e+02 9.211605739029491247e+01 8.969795592228000203e+01 9.187464050178540731e+01 1.118343513368542830e+02 1.088224129994792833e+02 1.007177842345063681e+02 8.761092091319682140e+01 7.926080936298907886e+01 7.527611761193901430e+01 6.645949770490955189e+01 4.596214189982069342e+01 4.697503375748092225e+01 5.351068143208959782e+01
1.133770030193104787e+02 1.144300359582896363e+02 1.048696017818175790e+02 8.799582423406042153e+01 1.048696017818175790e+02 1.062065923536132743e+02 9.524625287444781918e+01 8.139749861538452080e+01 6.792055787320227012e+01 5.803468308927697450e+01 6.829339765734594891e+01 4.832055612265214961e+01 6.562759397932717320e+01 7.390276612354338681e+01 8.165221394446402314e+01 8.785690965656927176e+01 7.402739020067183162e+01 7.146816515824201588e+01 9.110569707513296578e+01 9.271544278150958007e+01 7.356809130341588343e+01 7.356809130341586922e+01 8.861575755516543040e+01 9.681312708384494670e+01 1.120826767333706186e+02 1.096347772153454656e+02 1.118343513368542830e+02 1.163020301577788160e+02 1.079553178511595490e+02 9.384643721319834242e+01 7.926081236714310307e+01 5.894277786497497829e+01 5.489490302079217088e+01 5.105165256957530318e+01 6.645949818914360208e+01 5.062968059697149670e+01 7.107589562321690835e+01
1.084716381990445768e+02 9.425186894692022577e+01 9.655345942098657019e+01 7.615453970198350930e+01 9.655345942098657019e+01 1.077996641540838993e+02 1.074781499220485728e+02 9.535260660437791103e+01 8.712828654918671134e+01 7.856590953758113471e+01 7.294653064169268930e+01 5.272177052689302457e+01 4.564941220866977289e+01 6.305945894243868821e+01 6.166640246010646820e+01 7.227358023994464986e+01 5.993969042135944392e+01 7.146816515824201588e+01 9.110569707513296578e+01 8.451890206269730754e+01 6.460189125684220812e+01 6.354357490141560305e+01 6.873847555284848454e+01 8.861575755516543040e+01 9.592361880397071161e+01 9.592361880397071161e+01 1.043084131633649037e+02 1.079553178511595490e+02 8.783943233409002005e+01 8.550491419646921543e+01 6.527171177131073421e+01 7.926081236714310307e+01 7.527611800436984879e+01 6.291980664098534959e+01 7.479833163101109506e+01 5.440970992766386161e+01 7.479833163101109506e+01
