MOVIE_S13_data/elevation_000906.asc
nrows	150
cellsize	150.0
xllcorner	0
ncols	150
yllcorner	0
NODATA_value	-9999
[rows 51 to 67 of 150, columns 0 to 36 of 150]
5.807744572918605019e-02 2.005601694767796417e+01 1.109186751741666255e+00 2.110670364135004462e+01 2.522739741844085515e+01 4.349134631655939387e+00 3.646855518061260959e+00 2.043528637209236720e+01 2.403003063006212869e+01 5.849865062435664953e+00 5.829502225888152367e+00 6.301949233795204108e+00 6.773189631726785009e+00 7.243355030821736484e+00 2.723501575791037155e+01 2.838824197534216154e+01 2.887059039135567318e+01 2.564743526102922644e+01 1.025462226677654698e+01 1.116394604976165539e+01 2.752847221109304243e+01 3.333824841865985178e+01 5.508352598568082215e+01 5.550384835891856028e+01 6.303924067549296950e+01 5.935463431173474902e+01 5.279766597643935455e+01 3.230890648368880846e+01 5.278260058979487468e+01 5.122491335634180132e+01 3.107796221423474137e+01 4.822698563883766809e+01 5.065328014237280030e+01 3.420765414531763327e+01 4.848216909736479607e+01 6.650700726075402258e+01 5.925617621312509442e+01
2.324776005098762310e-02 2.002277484879420655e+01 7.543977580776632053e+00 1.742947969569067057e+00 2.167207077214280275e+01 3.013254530524417607e+00 2.261034324420155528e+01 4.278806416188652761e+00 4.727473826436535909e+00 5.180378624710857416e+00 2.454695786504662891e+01 2.620276322597321084e+01 2.676016471179752898e+01 1.879576194150079260e+01 7.909781416949278388e+00 8.381923003868152477e+00 8.861203408072201526e+00 9.341552969549828944e+00 9.876465792233794616e+00 2.983396918888115934e+01 3.780416940084663224e+01 4.249926082293156071e+01 4.282934878150724245e+01 3.808894061399420394e+01 5.389330224211320797e+01 3.863133199118654204e+01 3.944181254011483162e+01 2.608496977288040242e+01 4.658108143090925779e+01 4.278312404170954864e+01 2.573968533338414488e+01 2.805014767352786720e+01 3.049858727548404147e+01 5.065328014237280030e+01 6.254441277190829851e+01 7.660665644725081336e+01 7.900898315671975070e+01
4.715739422561300576e-02 2.004641600181805572e+01 2.367947455596889128e+01 4.578285879429539129e+00 2.377511762896067804e+00 2.219181059430148295e+01 3.068118199023255954e+01 2.368610511717571043e+01 2.488380321654250338e+01 7.141057315976464537e+00 2.153687518361528674e+01 4.042395224865359182e+01 3.278109763266612475e+01 1.561015436410511903e+01 2.791229607075832675e+01 1.119179521815028977e+01 2.320636372107986034e+01 2.742723737412642748e+01 2.983488312667342157e+01 1.062423624743160566e+01 3.061019648097610002e+01 2.422853776391807301e+01 2.399721848169380678e+01 4.090202760752938360e+01 3.197459437825104445e+01 3.375389458233522788e+01 1.892203059338862303e+01 3.655238962449227813e+01 4.275137002213177340e+01 2.293866127123284926e+01 3.981701704601682223e+01 4.792658774130293153e+01 5.065328008946271154e+01 4.329707245390592618e+01 5.749995600836653864e+01 7.734195290259772548e+01 7.783359686845419390e+01
2.739267172789772165e-03 2.000273926717243356e+01 3.216990782532472792e+01 2.392782641242858332e+01 1.653427590164640293e+01 1.307139034637563668e+01 3.332226234670782361e+01 3.436977344440990834e+01 1.422352478659300345e+01 2.824026400144632376e+01 3.563596767738443560e+01 4.258708694416991136e+01 2.416453294336718116e+01 3.276517150654795074e+01 1.520213876207451165e+01 3.346524485133841154e+01 3.988460440138062779e+01 4.836937915761979667e+01 3.698702467038113895e+01 1.408612138812649661e+01 1.138744632263064993e+01 1.203454155071368703e+01 3.093249582138276921e+01 3.316704088177823451e+01 1.410005267380246430e+01 1.466882197760163464e+01 1.523964235271842149e+01 3.524637892222390434e+01 4.252338680091562395e+01 3.806397182962886916e+01 2.027109462391719674e+01 3.754198723397697535e+01 5.849275136846914336e+01 6.331154234561782346e+01 7.149897917798270441e+01 7.059316672950193094e+01 5.737126742473260776e+01
3.885706364290004988e-02 8.982052347203740794e+00 2.050180385787071202e+01 3.979903429474368437e+01 3.688434231127167351e+01 2.312947357251048075e+01 4.202681866547950307e+01 2.880525632521446511e+01 3.491514747083189008e+01 2.348911964761379778e+01 4.414732859096559281e+01 3.916225864886150987e+01 3.701320071284433766e+01 4.376961456903673309e+01 3.541320216439321200e+01 1.940936747084900915e+01 3.981353805520542011e+01 5.882330298110276345e+01 4.859000431821841204e+01 3.401635002707935485e+01 1.450631792284689148e+01 1.197243326093557769e+01 1.269537317330925497e+01 1.329765422967587618e+01 3.035644771517134544e+01 3.446493375228597245e+01 3.506691880474860312e+01 1.605706378937954071e+01 3.389298533320484808e+01 1.770352621817261962e+01 1.828678981571759010e+01 3.395241938978598029e+01 4.638526767122108652e+01 5.775945725301106393e+01 6.459446662900492697e+01 5.016879717496584590e+01 4.296648693579156486e+01
8.953482861371392376e-02 2.008953482861335971e+01 3.702398660721043910e+01 4.799883468084735227e+01 5.272128021073506687e+01 4.426100397436331946e+01 5.283991677675124521e+01 4.066443539905797877e+01 5.152595452348526806e+01 3.063908755672704132e+01 5.152595452348221272e+01 5.305398752409703178e+01 5.672905649782624238e+01 4.489088668533911886e+01 2.440455820879468618e+01 3.974141278227117624e+01 3.035773298282762056e+01 5.066556044600288544e+01 5.159827708736092688e+01 3.163419878737040847e+01 1.747196189978778946e+01 3.703086720197526915e+01 2.716467201001048437e+01 3.331397636711342614e+01 1.884037297618116469e+01 3.555436181396721906e+01 4.137645961639794479e+01 2.185964891705175361e+01 1.687898901568819809e+01 3.238831637253336737e+01 3.813721122211225634e+01 1.914723157766398387e+01 3.201623967788869152e+01 4.752553374293652411e+01 4.988411511650134855e+01 3.584546975854421902e+01 5.615095651602941018e+01
9.187093222904008094e-03 2.000918709322255040e+01 3.726650500070590510e+01 4.881351038449645330e+01 5.165622008513743424e+01 5.994724315250744695e+01 6.959332673266419533e+01 6.136780460741295684e+01 6.003233010871348796e+01 4.260975281157837458e+01 6.003233010871348796e+01 7.308123813603762642e+01 6.270269102284289886e+01 4.261744847750781418e+01 2.813768174315431025e+01 4.847614128607666117e+01 4.216714257105636676e+01 5.885722907802221471e+01 5.483589569307604705e+01 3.487787425415858422e+01 2.073902068879239380e+01 4.072344339455075612e+01 4.904460297527243995e+01 4.263824184635966219e+01 2.291365600152201409e+01 4.238816964045688707e+01 5.401692905230173380e+01 3.569847936889442508e+01 3.119713872554638456e+01 4.359491061010513135e+01 4.606298664856900160e+01 3.822534929227979461e+01 2.001054428656420470e+01 4.023841210674865465e+01 2.966146641450398747e+01 4.391755425610019614e+01 6.428866726640632123e+01
3.796184324593150639e-02 8.982233753245010277e+00 2.052923913703732239e+01 4.052923913703661185e+01 3.164795249740110705e+01 4.839410612117508492e+01 6.517467749192631743e+01 5.675435439889621136e+01 6.523058902161547223e+01 6.365044333032778212e+01 7.191965047201479422e+01 7.654382506676078890e+01 5.657354891728370916e+01 4.236682587848802939e+01 3.216024671826671977e+01 5.239485703744023937e+01 6.218932183508761824e+01 7.028156305284890948e+01 5.825741035292841019e+01 3.830672299145278004e+01 2.416921747332717985e+01 3.830672299145548720e+01 5.825741038656116189e+01 4.693597403629139109e+01 2.724960514929590261e+01 4.693597403629139109e+01 6.276830958461685839e+01 5.956770477993440949e+01 5.598772116680348887e+01 4.705254663102184765e+01 4.066038762448905430e+01 3.641741870081218480e+01 2.062226936802334265e+01 2.400669528827778976e+01 3.067357930046297909e+01 3.776825614116731344e+01 4.680847841039961565e+01
4.395987957356582015e-02 2.004395987957321168e+01 2.566740693915451033e+01 2.855495036727207392e+01 2.010013612438099173e+01 4.010444140733977036e+01 5.335049523227258561e+01 3.640624868221156163e+01 5.157992772540585946e+01 5.791403718487183738e+01 6.622942552010421480e+01 7.781410261674692208e+01 7.067282987399558181e+01 5.819527551861585835e+01 3.810203648950068356e+01 4.179122257220146963e+01 6.185123988653497662e+01 7.191904351029525344e+01 5.200198795101663052e+01 3.788346270248938197e+01 2.788396037757533108e+01 4.201868300742950879e+01 6.196051572973172483e+01 5.526174051145112287e+01 3.856380010000042802e+01 3.468055326660765303e+01 4.849896611821682768e+01 6.858721275823120322e+01 6.284312165472527312e+01 6.068237709078911735e+01 4.663324824700414695e+01 2.968872288004626725e+01 2.124496581273491458e+01 4.118942748464080239e+01 5.030891172184587390e+01 5.806415447583500367e+01 6.645100600308525429e+01
9.219213016743980915e-02 2.865693111293591055e+00 5.666253279349706240e+00 8.553004625300074437e+00 2.855495036727186431e+01 3.657699510276373189e+01 4.023103079328355847e+01 2.639492241270416528e+01 3.155894884207597428e+01 3.788382434438588575e+01 4.943755564458155760e+01 6.949312630500600108e+01 7.232905194927863590e+01 5.234087363348609045e+01 4.635282312542697269e+01 6.185123988653497662e+01 5.340482027060098602e+01 7.338926365280414643e+01 6.610209752390642279e+01 5.211672794733382119e+01 3.214860853792792739e+01 4.369092255063529961e+01 6.362659216656808070e+01 6.678161534643197683e+01 5.837257631816675740e+01 4.155550890575178613e+01 5.438267733692917716e+01 7.457702564695260605e+01 7.824291038992268454e+01 5.858060014240638225e+01 3.699954636271338160e+01 2.384374616258104140e+01 4.125428749763400305e+01 2.218186339669112428e+01 4.194924356204418103e+01 5.112488959224839391e+01 6.016419872192271612e+01
6.125500002357084361e-02 2.006125500002321616e+01 2.566740693915451033e+01 2.855495036727203484e+01 1.314131931528230979e+01 1.657129105482298925e+01 2.022277494675951459e+01 4.023103079328356557e+01 5.157992772540585946e+01 5.157992772540585946e+01 5.203824213288225309e+01 7.209946128910976881e+01 8.056403992045011364e+01 7.232905194927863590e+01 5.637887847128694574e+01 7.460943923583383253e+01 6.496345609093964413e+01 8.162230622747701148e+01 6.838864091582463800e+01 4.845969895993518151e+01 3.749447898262818768e+01 5.745008909365265026e+01 7.189643909277030787e+01 7.577633681444618219e+01 5.544242333068188344e+01 5.544242333068188344e+01 6.983964167525471112e+01 7.387588700598627156e+01 6.555298870147146317e+01 5.684279401223021466e+01 4.578531488351929823e+01 2.571878178036230977e+01 4.493549270150949582e+01 4.218521444229437378e+01 2.311745339381302600e+01 4.311946193443678510e+01 4.474899952116255974e+01
2.429154079289581880e-02 1.002429154079280949e+01 2.416642716452350825e+01 4.143667700287920042e+01 2.728434338497821443e+01 3.071480769052294590e+01 3.436702924103835244e+01 3.436702924103835244e+01 5.438798287049094426e+01 7.163743636295620831e+01 7.209946128910976881e+01 8.042060890731893608e+01 8.721614765565503546e+01 8.458006399730872715e+01 7.635183978982595931e+01 8.458006399730872715e+01 8.489913082971007441e+01 9.311521276198651265e+01 7.666718462424550751e+01 5.745008927235613072e+01 4.505236488022561758e+01 5.379544140198786550e+01 7.371140651120116161e+01 8.423686001982758853e+01 7.577633681444618219e+01 7.577633681444501690e+01 7.936114015851505599e+01 6.555298870147210266e+01 4.540846404524231872e+01 4.851309238011734948e+01 2.843139046075603105e+01 4.578531488350910195e+01 5.300594133711657463e+01 4.934062221504929369e+01 2.751010630144855895e+01 2.405491699530389837e+01 2.472365020326814644e+01
7.850618591932342905e-02 2.007850618591896819e+01 3.830856278830459871e+01 5.245069841154613499e+01 4.729449784082779473e+01 5.072956745857029404e+01 5.438798287049086611e+01 5.438798287049094426e+01 6.269149309335848841e+01 7.931660211358746437e+01 7.126538809896283055e+01 6.729059098195378397e+01 6.729087872822015015e+01 8.246733164660001592e+01 8.172268181303419965e+01 7.349363062357126353e+01 7.607751065351912700e+01 8.430316295877608468e+01 8.566734288978116751e+01 7.325114467514360683e+01 5.503506943788836026e+01 7.325114467514360683e+01 8.199672889496498840e+01 8.799897200191804814e+01 7.969324422845757283e+01 8.370901848137508239e+01 6.951243199674847517e+01 5.222115193986976323e+01 4.365744978718997515e+01 3.120829360007305553e+01 4.851309238012269986e+01 5.684279397010654122e+01 6.722577147558594390e+01 4.615005455912161381e+01 3.789409164668006014e+01 2.870615647130427206e+01 4.470960185676008791e+01
9.417149753052862782e-02 2.009417149753017284e+01 3.382588178148924385e+01 4.211632693253511661e+01 5.366809441270169145e+01 6.697584949737128568e+01 7.288578695646297945e+01 6.488852354641390718e+01 7.320129301667931543e+01 7.126538809896283055e+01 5.141237356567597772e+01 4.726906887546444125e+01 6.553550370474641795e+01 6.252550382638892756e+01 6.252550382638892756e+01 5.350594299126849052e+01 5.610347447959904343e+01 7.607751087837122839e+01 8.727912351336185282e+01 8.321384287518232270e+01 7.493144837343777453e+01 8.321384618591275739e+01 9.389544071929375946e+01 7.381050182646558255e+01 5.961797707626664788e+01 6.699653046100051768e+01 5.471393423764894237e+01 4.279843114767802348e+01 3.414311795726581522e+01 5.130865871327028316e+01 4.540846404524231872e+01 6.555298870146478407e+01 7.495132195491974869e+01 6.441853819815325721e+01 5.308957560873828641e+01 3.343925815002945257e+01 5.215290613108123807e+01
8.741516297042903338e-02 6.754081829638007406e+00 1.382514964172253080e+01 2.537215845901727818e+01 4.537396968842198675e+01 4.681732328733928483e+01 5.268445764734267556e+01 4.468802539489396253e+01 6.156080025454680538e+01 6.320524297405284386e+01 5.494676059636205423e+01 3.725065801086177686e+01 5.727919660217882125e+01 6.078202132806814006e+01 4.251241449618403578e+01 4.193955434790150605e+01 6.195373390855790063e+01 6.735799923718207083e+01 6.735799899011720981e+01 7.837570718253302005e+01 8.659730375920049994e+01 9.575745299037599523e+01 9.780075599153099120e+01 7.772583574801679163e+01 6.699653046100051768e+01 4.693574315302802802e+01 4.185762239151307540e+01 3.721316691651762909e+01 5.427231761961051859e+01 6.260805451579374648e+01 6.555298870146478407e+01 7.387588699172869156e+01 8.463468200998283919e+01 7.362475708386452311e+01 5.805953446500554804e+01 3.848287099934466937e+01 5.096784686114876450e+01
1.471144819077007185e-02 2.001471144819041470e+01 3.382543158815916229e+01 4.211167089575106814e+01 3.998724925943785280e+01 3.295789183245642562e+01 4.399221770948765453e+01 3.202724328326909387e+01 5.262920905134225791e+01 5.165822969865264014e+01 3.492095239098899384e+01 3.121266519555382146e+01 5.124036500158483420e+01 5.251728323013586675e+01 3.249948074807368670e+01 5.053219467807173260e+01 5.386863893404633785e+01 4.734833996950379031e+01 6.207111112508695783e+01 5.840673689911643152e+01 6.762257934646885360e+01 8.478577431104655204e+01 9.626528401564523563e+01 7.772583574801679163e+01 5.765314355695808501e+01 6.699653046100051768e+01 6.198133347529513060e+01 5.737575895875186660e+01 4.076868000547322168e+01 5.089612778632850620e+01 6.576161270039673923e+01 8.774578181739224192e+01 7.681398410397552823e+01 5.766598384399267729e+01 4.645484331726917304e+01 5.805953440440730162e+01 5.322568111314556916e+01
5.840874074216552414e-02 2.005840874074181102e+01 3.748690089608081166e+01 2.994989521333982196e+01 2.013262621784772932e+01 3.998724925944516428e+01 2.843172885050217502e+01 2.216032083416305198e+01 4.412816266874621363e+01 4.338483311025106559e+01 2.335978591798682302e+01 4.338483311025106559e+01 5.214846821431262924e+01 4.387770068966654691e+01 2.749304160361778315e+01 3.051193830010956276e+01 3.384997338215460871e+01 3.733606034125968165e+01 4.205458388357690325e+01 4.760647748901980947e+01 5.656980700883188007e+01 6.814634274205091913e+01 8.806382241594594973e+01 8.603329371622976396e+01 7.772583574801679163e+01 8.603329371601539322e+01 7.787533387953565978e+01 5.769437164804265450e+01 4.338643724755624476e+01 6.360523210361517954e+01 7.995856005219275175e+01 8.834931094425846254e+01 7.047450653663992171e+01 5.743501720161830804e+01 6.575888099943033183e+01 5.702936859320397645e+01 3.708459389733934586e+01
