MOVIE_S13_data/elevation_000037.asc
nrows	150
cellsize	150.0
xllcorner	0
ncols	150
yllcorner	0
NODATA_value	-9999
[rows 51 to 67 of 150, columns 0 to 36 of 150]
5.807744572918605019e-02 2.005807744572883067e+01 3.237802997194380339e+01 4.066230121940600384e+01 4.960657312940531938e+01 4.955114357004126191e+01 4.379875792102320275e+01 6.343863101990098130e+01 6.602569189930156313e+01 4.820080482939294342e+01 3.786285461544863296e+01 4.246328106433858807e+01 4.599060861063861694e+01 2.376507517168795047e+01 8.520056908803857354e+00 2.085775004738630400e+01 1.067396301215468668e+01 2.450292291719221183e+01 4.478234307238814438e+01 4.501233995895439222e+01 3.191783256178478112e+01 1.237795425139774785e+01 2.210601598548904789e+01 4.148805558814265737e+01 4.648153581636576348e+01 3.923309331666460054e+01 5.895436007877316342e+01 5.776265847172420109e+01 4.953386517750094953e+01 3.457407173665408351e+01 5.423332574272698281e+01 6.787161914621795233e+01 6.358060152131945131e+01 4.455658571427458980e+01 6.358060152131945131e+01 5.589232914637516814e+01 6.437848501024299708e+01
2.324776005098762310e-02 6.053474651606286727e+00 1.237802997194309995e+01 2.132230188194241549e+01 3.546443750567386388e+01 5.546443750567456732e+01 6.343863101990098130e+01 7.160536366890890747e+01 7.378315491150974026e+01 6.428160838780603115e+01 4.869795790397805035e+01 6.125813331880595314e+01 5.132707959778571194e+01 2.990889753651251581e+01 2.949332189717077313e+01 9.039317279277160111e+00 9.409699297346563185e+00 2.921621539877994422e+01 3.464752520345120956e+01 3.588981141021837118e+01 2.350770903407741486e+01 1.197897401659591843e+01 3.093967445754307377e+01 4.053799991831103000e+01 5.950068236796573018e+01 5.895436007877316342e+01 5.895436007877316342e+01 6.826990667705446469e+01 4.841918355041490685e+01 5.423332574274449769e+01 3.985357590210490031e+01 5.961047169855964256e+01 7.237873885201099711e+01 5.838116816371663020e+01 7.237873887551830876e+01 7.622654815392672845e+01 6.995621432146077723e+01
4.715739422561300576e-02 2.004715739422525900e+01 3.237802997194380339e+01 4.066230121940399300e+01 4.960657312940531938e+01 5.711711236437146511e+01 6.552480177019209862e+01 6.852194462289786259e+01 7.072839069687252334e+01 7.503273548755832678e+01 6.719560453981864612e+01 6.152782160533163847e+01 4.960529171682738792e+01 3.542661364253876854e+01 1.411090408947402608e+01 2.998551569514268778e+01 2.613251052775494188e+01 9.934886078163616574e+00 2.474575708194516466e+01 2.704375257381506970e+01 1.141035936907752202e+01 3.166017061687964329e+01 2.201627802105140574e+01 3.397018967193709216e+01 4.871199573485760936e+01 6.914837984286138806e+01 7.880796674206392538e+01 7.653990491456484335e+01 6.826990667704716031e+01 5.781467103464979118e+01 4.383515707836373565e+01 6.365648288654787734e+01 7.897227234829340148e+01 7.813141273552477628e+01 8.311041443169716558e+01 6.321293708655746002e+01 5.181569801227636418e+01
2.739267172789772165e-03 1.414487489090386596e+01 3.414487489090456762e+01 4.821869686138663980e+01 4.223807449610565357e+01 3.607402854375172296e+01 5.711664674862776536e+01 4.800915654826761880e+01 5.026146160869365076e+01 7.072839069687252334e+01 6.739397279365655891e+01 5.321949745346935856e+01 3.232372235302097607e+01 1.972047435280918748e+01 3.542661364253876854e+01 4.205751944328503100e+01 2.510473921401694852e+01 1.422518572292304206e+01 1.046011415223695806e+01 1.083393942808000432e+01 3.067287627128886029e+01 3.963300034695772212e+01 4.272874588718008226e+01 3.894480311168016584e+01 5.361470561646698485e+01 7.396661833160335675e+01 6.692926550523209528e+01 7.522648653059030721e+01 8.603775666432539992e+01 7.192621379196630471e+01 5.523104153886414736e+01 5.078803866508329179e+01 7.069446873091324335e+01 8.790652864218462526e+01 9.137450363978359746e+01 7.316167575927576650e+01 5.334263851522538147e+01
3.885706364290004988e-02 2.003885706364254560e+01 3.272664530758569867e+01 3.365777051293772359e+01 2.071553240081737002e+01 3.738333668717799441e+01 4.351606140870461559e+01 3.301490974312502402e+01 4.800915654826761880e+01 6.852194462289786259e+01 5.913833730665095345e+01 3.861609541140533253e+01 2.772992144398397230e+01 2.747455558550810295e+01 4.863757241020628186e+01 5.114592063693580570e+01 3.442169183790895914e+01 3.225569890730158562e+01 3.241312044719843044e+01 1.187254311567283160e+01 1.211576988699529167e+01 3.181174559451253359e+01 4.146450287440611504e+01 5.565412608317826226e+01 6.264106668607740858e+01 5.437841950477866959e+01 4.708463554352736935e+01 6.107528653958620168e+01 8.106202091808323473e+01 8.344417904556233623e+01 7.516584980554073070e+01 6.225007924972564410e+01 5.965392932007033977e+01 6.962458496450736334e+01 8.962832051788170418e+01 8.141788641936173576e+01 6.474880119843733439e+01
8.953482861371392376e-02 2.008886195184587109e+01 1.750290611592922119e+01 2.814408784843907796e+01 1.276114270052005928e+01 1.624815523403843187e+01 2.227749417632862006e+01 3.740662295356656841e+01 5.826555058558275135e+01 7.540527451675859538e+01 6.739397279365655891e+01 5.542748121268761707e+01 3.471372499777416465e+01 4.863757241020628186e+01 4.112630395612929135e+01 6.156265685687605327e+01 5.563832278837055867e+01 5.818026203696076948e+01 4.728836602758395458e+01 3.628207664506243191e+01 2.008851848158257170e+01 1.345025744902533482e+01 2.748954624937586644e+01 4.298872906102730695e+01 5.437808334905216867e+01 3.467030557753778908e+01 4.780898842109551339e+01 6.764798349536941657e+01 7.235070396885421928e+01 8.071568406902630954e+01 9.050887906236182801e+01 8.222971928166536770e+01 7.117172686511489132e+01 8.790652864337754124e+01 8.962832051772541320e+01 9.291785465643077657e+01 8.465387612905755077e+01
9.187093222904008094e-03 2.756398372196678714e+00 5.530098520639473492e+00 8.418820360741220199e+00 2.917907240149445514e+01 3.738501515429751976e+01 2.304450471676842227e+01 4.427196938306736484e+01 5.881896655645501681e+01 5.509127890705532593e+01 7.540527451675859538e+01 6.259734367998487414e+01 4.231791019678173882e+01 6.259734367998487414e+01 5.570024669307424858e+01 6.980989616352407268e+01 6.164040712445530090e+01 4.290873721755247061e+01 4.469520507560384459e+01 3.709396298210808851e+01 1.735431715090260241e+01 3.329044693972890201e+01 1.489937547875620005e+01 3.472605162339222318e+01 4.063495673432313282e+01 2.816230976789271523e+01 4.201321503014682435e+01 6.180122314596491861e+01 5.245607967698063590e+01 6.789169079306667243e+01 7.623303213628986441e+01 8.779735925760702742e+01 9.117582307018562915e+01 9.945183412952786739e+01 1.096233213452479873e+02 1.024258549923424084e+02 8.250008448402769545e+01
3.796184324593150639e-02 2.003773303175942644e+01 2.681118458680751360e+01 2.917991755766224315e+01 3.778390166706021347e+01 5.277129162133955020e+01 3.817042734250899372e+01 3.116601950362113271e+01 3.800013841551454163e+01 5.019718223245634903e+01 7.059654296898767711e+01 7.082905451216826975e+01 5.415727808942397559e+01 7.082905451216826975e+01 7.571576698252040671e+01 6.972959155779106766e+01 4.968954462994714305e+01 4.469520507560384459e+01 2.483142120604645342e+01 2.169846119797313122e+01 2.350652443305340711e+01 4.296449243356715897e+01 3.472700616305284171e+01 1.634865166394658331e+01 2.102991322459990187e+01 4.063500123185895063e+01 5.604754809205184074e+01 5.272771017174229513e+01 4.093346274167662102e+01 4.801589918276152247e+01 5.947065860419041172e+01 7.939503468916745987e+01 8.094802627345420376e+01 8.933244854761022680e+01 9.788763415263427703e+01 9.688563536665313336e+01 8.691931900835865576e+01
4.395987957356582015e-02 2.004395987957321168e+01 2.994290463089452103e+01 3.548990659314721086e+01 4.377417784060940420e+01 5.377417784060958184e+01 5.900239492877287972e+01 4.351658619903840020e+01 5.881896655645501681e+01 6.717546121216165034e+01 7.888874105028254746e+01 8.233087886491306051e+01 7.412668768629798421e+01 7.780607867317023363e+01 6.950720374103103438e+01 6.193301522651051982e+01 4.968954462994714305e+01 2.971218641257392790e+01 4.469520507560384459e+01 4.149336191244369587e+01 3.004115083991095148e+01 5.004607670211542114e+01 4.441550468852239675e+01 3.614874723684755509e+01 1.783368897740078296e+01 3.735434737851285547e+01 5.264243870071923936e+01 3.278628265957699028e+01 5.272462752393105490e+01 6.789169079306667243e+01 7.623303213628986441e+01 7.407503225177039496e+01 6.081836944936257083e+01 6.932616348740889123e+01 8.933244851152041122e+01 8.863895716739598640e+01 6.869663639109039366e+01
9.219213016743980915e-02 4.942904630894121354e+00 9.942904630894163986e+00 1.548990659314650387e+01 2.548990659314668150e+01 3.963204221687813344e+01 5.963204221687883688e+01 6.414569869510278011e+01 7.247311346057333026e+01 7.099777458355303850e+01 7.099777458355303850e+01 9.081678871443924095e+01 8.106743132883916303e+01 6.104452979969605053e+01 4.946778454848799100e+01 4.187800024103381702e+01 3.520667749258497281e+01 4.968954462994714305e+01 5.799074703753699112e+01 4.636628072737347139e+01 4.156846580507240674e+01 5.835083513764111984e+01 4.679632205850610660e+01 2.821550678177505489e+01 1.888557126455100743e+01 3.864407925700443514e+01 4.189376224975790564e+01 2.790088414126760341e+01 4.760436173260150383e+01 6.266277895763381167e+01 6.619681588939788242e+01 5.398944276976907730e+01 4.927165118320210269e+01 6.081836944936257083e+01 8.094802627343884183e+01 9.688563529846550182e+01 8.691931877178632249e+01
6.125500002357084361e-02 2.006125500002321616e+01 2.994290463089452103e+01 3.548990659314721086e+01 2.813901723382024400e+01 4.228115285755169594e+01 6.228115285755239938e+01 6.791628503678501261e+01 5.975327401706219632e+01 5.152172829665391163e+01 6.520895358545769227e+01 8.497322474730516717e+01 8.936983685568722535e+01 7.780607867321484150e+01 6.469943843429726371e+01 4.464993151169525731e+01 4.522376725941722952e+01 5.157041320505140902e+01 7.161144047796412337e+01 6.055004005507881715e+01 6.162674184599521965e+01 6.992895731210006716e+01 5.554750676755654126e+01 4.052845496390427371e+01 2.063554843572796571e+01 2.074465278043286887e+01 2.205253342882147294e+01 2.335672737211600847e+01 3.617721493374755681e+01 4.903914297577940573e+01 4.613538895175904031e+01 3.983034588922465247e+01 5.987237572491809345e+01 6.815869538613669931e+01 7.484805347762345207e+01 8.322822149620863286e+01 9.332706278136615197e+01
2.429154079289581880e-02 2.002429154079253948e+01 3.007850618591887937e+01 5.007850618591816527e+01 4.813901723382095099e+01 5.642328848128314434e+01 5.925975493841208674e+01 5.116170125708838157e+01 4.054193329212517938e+01 5.975327401706219632e+01 7.058799120336091448e+01 7.645769682253822452e+01 7.876219129770812799e+01 8.706665071797623057e+01 7.227183422310042715e+01 5.223715813697437227e+01 6.527225320328597036e+01 6.527225320328597036e+01 7.991244763548192509e+01 8.058917855793146146e+01 7.371928055330491247e+01 6.545919195162778692e+01 5.636238087744944636e+01 3.627467369381232487e+01 2.237614419707483648e+01 4.043371927056227833e+01 3.589483153970058282e+01 4.308376285767919001e+01 2.527149499998015258e+01 2.856487024330533586e+01 3.200693864084082207e+01 3.697744761915024725e+01 4.234271625243987103e+01 4.813008325878760729e+01 5.477997920317135794e+01 6.476322620210373771e+01 8.493288075316402796e+01
7.850618591932342905e-02 1.007850618591923642e+01 3.007850618591887937e+01 4.021631433528838784e+01 4.025115311507713045e+01 4.853970870436817364e+01 4.392531378807448306e+01 3.201601962357349151e+01 5.116170125708838157e+01 6.207196270490958057e+01 5.061613414300493474e+01 5.646575564319413587e+01 5.873957201197816147e+01 7.876219129770812799e+01 8.057143896975304642e+01 6.380933857008441379e+01 8.057143896975304642e+01 8.530287413708279587e+01 8.148807521675702503e+01 7.644350227252519403e+01 6.212449086406233079e+01 4.526556166500090939e+01 5.062252210315322998e+01 4.390862043313544660e+01 2.411203446977176412e+01 4.390337122753571464e+01 5.517778498228218353e+01 5.317718690707700802e+01 4.508906163895397157e+01 2.737755324418966296e+01 4.724966722987976908e+01 5.702253482692285047e+01 6.237693308372921308e+01 6.815869538613669931e+01 7.484805347762345207e+01 8.322822149620863286e+01 9.332706279009435946e+01
9.417149753052862782e-02 2.009417149753017284e+01 2.407782507029415342e+01 2.024956249565209987e+01 2.025041818332024590e+01 4.025249733292840659e+01 2.466248009310969636e+01 4.392531378807448306e+01 5.626577515904535431e+01 4.216691334250910472e+01 3.660468655995411069e+01 4.466936489078749872e+01 6.460406142365198434e+01 7.241995866339107124e+01 8.072626831245159451e+01 8.383181826453584051e+01 9.213557764898469316e+01 8.148807521675702503e+01 6.135367194810533675e+01 6.504840376580088446e+01 4.789447515447957926e+01 3.289090760937964575e+01 2.913476024069163373e+01 2.631824453327843827e+01 2.638921399067673335e+01 4.626791151319341822e+01 5.803953104503722926e+01 5.990809829827045263e+01 3.989336140826386412e+01 4.724966722998645707e+01 2.954644289498295961e+01 4.950196144118192620e+01 6.010208284420443903e+01 7.427959851607842268e+01 7.885727228054041404e+01 8.720437350081756733e+01 8.826196312901655006e+01
8.741516297042903338e-02 2.077489543390411253e+00 4.077489543390419691e+00 6.108181873657666294e+00 2.610876139652853567e+01 3.295980906942338606e+01 1.985527000852647461e+01 3.925339037789524355e+01 4.279222915272763572e+01 2.817791480933432169e+01 3.346475145681060326e+01 3.915564803560583584e+01 4.539627664672850216e+01 5.240885774911417627e+01 6.394339478446899960e+01 8.399916025880021664e+01 8.829468636359747791e+01 6.814707901071716378e+01 5.392407283740431012e+01 4.489749042856144712e+01 3.833429357142916416e+01 5.381349756580999610e+01 5.062252210315322998e+01 3.707773440765195261e+01 4.626790927523910568e+01 2.969484690400211591e+01 4.969873840457609049e+01 6.822724750641083347e+01 5.404034651260272426e+01 5.781165889767237331e+01 4.950196147070576558e+01 3.176931842009494389e+01 4.592457178616519542e+01 6.251339948876692176e+01 5.884019800240058373e+01 7.407181947437075564e+01 6.819406952059404148e+01
1.471144819077007185e-02 2.001471144740673935e+01 2.407782506803237865e+01 2.610876140404250023e+01 9.123295319435328565e+00 1.338693189293678998e+01 3.295980907072605959e+01 3.783319352011567105e+01 2.295608662227992269e+01 4.279222915272763572e+01 5.329748954276425366e+01 5.903663658941228931e+01 6.534496608564438702e+01 7.241995866339107124e+01 8.072626831245159451e+01 9.230473833029208208e+01 9.419264586384799998e+01 7.404817657968852984e+01 6.521368239277641976e+01 4.506357863123152896e+01 4.860518012345067262e+01 6.701732735184383216e+01 6.613723238107667157e+01 5.190321661329863190e+01 5.218921821290508234e+01 3.211145626427094157e+01 4.629229065129050014e+01 6.642566220289202761e+01 7.407410423987558090e+01 7.248478101111498972e+01 5.343411041809123674e+01 3.337828387501146210e+01 3.785845318773297663e+01 4.249127435402668596e+01 4.807875635181068219e+01 5.411083773209384162e+01 6.559990781045526376e+01
5.840874074216552414e-02 2.005840874074030111e+01 3.367555637660423429e+01 3.741149432810195208e+01 2.817410156032294921e+01 1.268673356381074235e+01 1.526860690106294527e+01 1.796497156661270012e+01 2.427170151244725105e+01 3.088468960127202223e+01 3.786850026012079695e+01 4.930134473551473206e+01 6.340203174346326165e+01 8.343850949749450763e+01 8.478885052897203423e+01 9.308618139467596109e+01 9.369595705451548895e+01 7.354897652004002850e+01 5.931685191874912988e+01 5.067552137925724054e+01 6.284866964352889340e+01 7.708726504812973701e+01 8.020994329757749597e+01 6.813862301875832372e+01 5.476625072581986586e+01 3.464020375988271638e+01 5.476625072581986586e+01 6.880784948987566452e+01 7.832228802633696318e+01 5.830553839421067863e+01 4.414889711077145762e+01 3.514012172659828792e+01 5.521549736687752130e+01 6.251339957226254285e+01 6.805335703016467619e+01 7.407181947437075564e+01 8.241217268227096326e+01
