MOVIE_S13_data/elevation_000790.asc
nrows	150
cellsize	150.0
xllcorner	0
ncols	150
yllcorner	0
NODATA_value	-9999
[rows 85 to 101 of 150, columns 37 to 73 of 150]
4.333496302755789031e+01 5.026505883472934499e+01 5.122392826203138583e+01 3.265662143343009660e+01 3.382607007921843945e+01 3.713406723857853819e+01 5.147454142719666237e+01 3.819728772888672808e+01 3.950248498077545634e+01 4.084153238447564149e+01 4.233527744650738356e+01 6.225465176355388763e+01 7.267286737587464529e+01 7.977666119837488168e+01 6.294385486858554657e+01 7.352377160228682840e+01 5.752051113361228118e+01 7.738197685909867118e+01 6.639460313716189432e+01 6.997126100609595767e+01 7.377146452982341884e+01 8.382401712366876723e+01 1.042966614391310003e+02 1.216825544444394041e+02 1.235037835714274763e+02 1.033401086767307078e+02 1.033401086767307078e+02 8.927264278745485626e+01 6.919168177265159159e+01 6.588915031648745924e+01 6.272737933212932404e+01 7.755947020132914815e+01 5.777038037855809449e+01 7.755947021153345133e+01 9.098206225309624529e+01 8.727913451261159139e+01 1.074582012520035050e+02
2.913223574294388740e+01 3.012866474175051579e+01 3.113499117043198083e+01 5.128396870190908885e+01 5.397414390855036714e+01 3.538719485017278288e+01 3.649532890513018657e+01 5.688750690317784375e+01 4.493071204411499764e+01 6.078300980295450273e+01 6.225465176355236707e+01 4.443508065764644499e+01 6.433016899573986791e+01 6.847098116418996483e+01 5.155195423983116143e+01 5.368627645803948667e+01 5.723366590419644240e+01 7.709009058151357863e+01 8.647057805458616997e+01 9.015574351518498020e+01 8.805164972471560247e+01 9.029327500610899904e+01 1.042966614391310145e+02 1.249041901096772733e+02 1.209763232947004354e+02 1.126568378738699181e+02 9.642713415155304801e+01 7.619117671357537347e+01 8.927264278745485626e+01 8.587779372148671087e+01 7.818368355886804011e+01 5.838346824730960094e+01 5.603385165186249850e+01 7.577514793246913882e+01 7.091834300434791771e+01 9.098206225309624529e+01 1.038765386604979142e+02
4.655649128338347253e+01 3.903961443717501822e+01 3.965612093171325370e+01 3.580561509333967507e+01 5.590898589404304886e+01 6.521979432777177976e+01 5.967101166424934888e+01 6.566487295694982151e+01 5.046873893364037400e+01 7.021583966909534524e+01 7.254932777920160447e+01 6.389063518228777383e+01 4.655449198935362176e+01 4.860828948130190241e+01 6.847098118491777541e+01 7.352377158163142212e+01 7.709009058098772016e+01 6.246166773515073345e+01 8.242570321795601274e+01 9.684330831860367539e+01 1.085665991017346528e+02 1.108218531369857800e+02 1.193289446322800700e+02 1.242806490432400750e+02 1.041476175203042800e+02 9.241162515951729972e+01 8.521359947063524487e+01 8.786146194575371737e+01 1.047842201689018680e+02 9.458685984164992533e+01 7.449715381475346021e+01 7.400943256339756715e+01 5.432165649281137831e+01 5.957208399042367120e+01 7.519563076362909726e+01 8.354099975586272819e+01 8.742147806994641712e+01
6.411828682668300416e+01 6.154388837679773161e+01 4.962301713890741439e+01 5.590928859841242371e+01 4.065447427819597692e+01 5.487080093979560047e+01 7.546899549345613423e+01 7.602977096332547546e+01 5.642692905813188275e+01 7.621552843579006264e+01 7.904874618095408323e+01 5.909694299337574819e+01 6.643311204626893129e+01 4.977694127812365110e+01 6.111689204491516136e+01 8.098635282851293482e+01 8.242570321470066119e+01 8.242570321795601274e+01 6.823333444972313089e+01 8.836103915720195801e+01 1.032715250831148808e+02 1.117896111317528351e+02 1.220788142581020566e+02 1.325864128853194472e+02 1.209763232947004354e+02 1.126568378738699181e+02 1.054990742754285122e+02 1.081280599851653506e+02 1.164591963509718511e+02 1.029301888984842321e+02 9.035011490533361211e+01 7.033655794943678075e+01 7.190016989078729637e+01 5.228777553049310001e+01 5.594951589540540482e+01 7.519557582734881862e+01 6.743990115676130870e+01
7.821101935416645290e+01 7.892460041979244068e+01 7.028392299969389967e+01 6.440101395177718757e+01 4.423201049915461880e+01 5.844833052194588419e+01 7.877206302058965548e+01 8.324953172168247306e+01 6.335436603231725883e+01 8.324953172168247306e+01 8.748634937953717383e+01 7.314509997718481316e+01 7.182590703405786314e+01 5.211135056943984978e+01 7.182590703405786314e+01 8.943725556056041626e+01 1.027889067063095041e+02 9.684327234161679598e+01 7.974600572650514607e+01 7.523379176531163637e+01 8.281733571243233882e+01 9.297655304351266636e+01 1.135664971227171662e+02 1.206276789385834434e+02 1.122969165810650907e+02 1.122969165810650907e+02 1.181975673483065634e+02 1.102321790620359963e+02 1.018779302015241370e+02 1.102321790620359963e+02 9.868566716185256382e+01 8.635748978790992680e+01 7.052547618286278919e+01 5.098663803748594603e+01 7.052406081865987630e+01 6.146125476251749831e+01 8.093861308004331079e+01
7.085942107189666217e+01 8.249705993931144121e+01 8.004147492028629074e+01 5.969465025585169116e+01 4.806448506268186804e+01 6.829423022312089131e+01 8.351413318442619982e+01 9.167088056108890726e+01 7.471923779590532888e+01 9.167088057843119486e+01 1.018275987818894492e+02 8.907445652597681374e+01 7.418439030693171787e+01 5.448569480653380026e+01 6.573806134338565244e+01 7.974033516312964309e+01 1.001640073155951853e+02 1.086385884685458905e+02 1.001293915706658879e+02 8.687438282918941468e+01 8.800052475685151876e+01 1.085151586185504868e+02 1.220788142581020566e+02 1.122969165810650907e+02 9.201345230404390918e+01 9.201345230404390918e+01 9.795434144482830163e+01 1.001180482434049708e+02 8.162509711138839918e+01 1.001180482434049708e+02 9.221970083980488653e+01 7.215420579675824797e+01 5.826152664997530906e+01 4.969593244387349529e+01 6.918982887134890802e+01 8.093861245976843577e+01 8.933659099693720407e+01
5.399078291718736011e+01 7.414268206395034611e+01 8.849032631333187737e+01 7.673454076311728045e+01 5.969465025585169116e+01 5.475075857531354728e+01 6.909158182240410895e+01 8.948940546885610559e+01 9.490212992604240583e+01 1.033657841587608033e+02 9.645757718065519271e+01 8.060677303361624979e+01 6.081162493356049481e+01 5.739108516407151228e+01 7.709764482465648427e+01 9.094767023328721223e+01 1.011642001271243885e+02 1.157989575813580103e+02 1.158934140181301302e+02 1.073787974944779506e+02 1.024751582859474297e+02 1.170276218996234832e+02 1.239590173178511066e+02 1.037596663187511581e+02 8.937355094597045024e+01 7.771202287330203262e+01 8.969044949297772007e+01 9.175151365645628232e+01 7.164663450496180985e+01 9.175151365645628232e+01 8.784387624050194177e+01 8.635914658107442676e+01 6.787852900036372716e+01 4.842178841492538055e+01 6.783770463957030472e+01 8.388276070179030341e+01 9.065672580782442935e+01
6.180050669135059138e+01 7.087094041242460207e+01 8.247999391945118930e+01 8.849032629853728338e+01 8.004147492028630495e+01 6.909158182240412316e+01 6.300824491345342437e+01 7.740157457981032962e+01 9.782877520182444187e+01 1.024522083985983869e+02 8.192417503087007447e+01 6.786287384204584328e+01 8.060677303361624979e+01 6.223162886822537843e+01 6.256253890479739255e+01 7.226692106397335635e+01 8.652836069392610341e+01 1.008081745354580647e+02 1.094942405063684703e+02 1.189195267718815359e+02 1.230969834179369258e+02 1.240280679206672971e+02 1.139129251353193837e+02 1.055645739703964523e+02 9.877586400195376370e+01 8.969044929128703814e+01 6.963113693384360658e+01 8.236582422202714326e+01 6.505468769477658952e+01 7.610776217667606147e+01 6.779022258110495613e+01 7.128881111626094480e+01 6.663324814905686821e+01 4.714837461371764249e+01 5.887564996813842555e+01 7.249130953241957798e+01 7.208377452951984310e+01
4.117736379128935909e+01 5.285455824789828227e+01 7.368539439326265494e+01 9.098312252667714972e+01 9.559347841607487339e+01 8.948940546892644932e+01 7.068796488323455662e+01 8.338456312134026405e+01 1.038095119544852736e+02 9.707494254114564569e+01 7.664120386851958244e+01 8.793669679985401899e+01 8.723024118464171295e+01 6.717903018905695944e+01 8.243112825602622706e+01 6.848972524936060324e+01 7.387467562135807952e+01 7.988066358921031451e+01 8.911419909656707716e+01 1.040832737870164095e+02 1.252021341548313558e+02 1.157102584108214103e+02 9.541891253776449844e+01 8.519846073230016259e+01 7.847957299214677107e+01 7.276319208059638299e+01 6.752768164952932750e+01 6.245611162321601029e+01 5.890975475856832588e+01 5.610308441578899874e+01 5.365177587968968709e+01 5.142235145696555776e+01 4.940261697578735323e+01 4.743237017212181428e+01 4.534281120950588218e+01 6.325521274220347578e+01 5.242526769017468524e+01
5.378369347717946169e+01 6.519776380685860317e+01 7.052431646832039291e+01 7.052431646832039291e+01 7.509925805452209602e+01 9.559347841607487339e+01 8.511102392106266734e+01 8.511102392106266734e+01 1.055564016027632164e+02 1.043721957646984322e+02 8.373244681105994403e+01 1.043721957646984322e+02 9.287207530600653627e+01 7.253027031187220075e+01 9.287206880813579346e+01 7.589033950856600086e+01 9.445067073885962827e+01 9.504469181892437746e+01 1.094942545857171012e+02 1.189195267718815359e+02 1.290350682095979948e+02 1.240281982093107018e+02 1.139129251353193837e+02 1.055645739703964523e+02 9.877586403364510659e+01 9.291682813337538960e+01 8.532491118396784202e+01 6.535633260966065450e+01 7.884625062013813590e+01 7.023118691379596612e+01 7.366380172005973748e+01 7.128881111644241741e+01 6.897938201232342692e+01 5.060125473190920786e+01 6.325491420568256729e+01 4.383851463739058829e+01 6.171881098670297661e+01
5.151918588814732658e+01 4.527461217411211436e+01 5.023921719122729002e+01 5.844180323399820765e+01 7.285684994446681628e+01 9.335294624174682099e+01 1.055564016027632164e+02 1.055564016027632164e+02 1.139881252117860697e+02 1.129187314435066867e+02 9.560202255969255702e+01 1.129187314435066867e+02 9.938834379383793305e+01 7.878224747337168310e+01 9.938834379383793305e+01 9.040311124538898468e+01 9.045382188465401896e+01 1.118390783247891704e+02 1.265416375300850120e+02 1.228782372986981244e+02 1.084271358541606247e+02 1.228782372986981244e+02 1.259242348626640364e+02 1.225246395685594223e+02 1.023162675267939790e+02 8.795953147811150075e+01 7.790235273606671740e+01 7.102799014931217414e+01 9.112699368639644604e+01 9.029506987662763606e+01 9.102666095218781095e+01 7.602876410003109697e+01 5.621962996349571284e+01 7.018736912636903469e+01 7.149200457084342020e+01 6.177897141280833893e+01 4.235301138166000356e+01
3.862472142895908434e+01 6.080728030682438856e+01 7.052431646832036449e+01 6.300956615953427331e+01 7.745223090156314072e+01 9.794830613109988349e+01 1.052533034749194627e+02 1.004403850188484739e+02 1.081612808650525750e+02 1.165797834653962752e+02 1.163524751583260581e+02 1.248654933782027427e+02 1.079585086330263550e+02 8.790382208454411739e+01 1.079585086330263550e+02 1.114386272775383588e+02 1.118390783247891704e+02 1.205425088483866176e+02 1.195893182475648047e+02 1.144630643211714869e+02 9.364526188781650262e+01 1.144630643211714869e+02 1.052917838841994609e+02 1.197696934775388939e+02 1.165753269348088708e+02 1.054615261125846217e+02 8.518943613292159966e+01 7.992090077013938298e+01 9.949926712036238996e+01 1.000295690268836495e+02 8.267845199282889723e+01 6.272938831443544672e+01 7.602876410003109697e+01 7.602876410002130569e+01 7.570149477324515885e+01 5.601348856415043542e+01 5.601045633887726183e+01
4.047060693848065682e+01 5.461090269730433988e+01 7.491896580075740530e+01 8.345539234858435407e+01 9.192465999873952853e+01 9.925197823182196544e+01 8.483004710989395392e+01 8.001524230406712945e+01 8.773371055736524227e+01 1.021832724168720290e+02 1.225934699366311236e+02 1.287820209477995093e+02 1.172363230681151265e+02 1.025931352170528186e+02 1.172363230681151265e+02 1.191326674558069101e+02 1.169089961931932891e+02 1.158070211652503332e+02 1.018832165563405709e+02 1.065946755091677574e+02 8.588525155284952461e+01 1.065946755091677574e+02 9.059443647898939389e+01 1.009646626711410562e+02 1.215865511801271737e+02 1.138090981078029955e+02 1.054615261125846217e+02 9.004002120015144328e+01 1.059720112006605035e+02 8.575096256293436170e+01 7.155987394572363769e+01 7.261568638698830114e+01 9.102666095218781095e+01 9.612026645191323837e+01 8.400650844185398114e+01 7.569960724997314117e+01 7.561684221603147193e+01
4.231101393275508116e+01 6.241787934841891428e+01 6.888197512866430827e+01 7.732928898318436950e+01 9.153431750067323946e+01 8.308751705666372800e+01 7.037513594850859988e+01 9.081188040529858085e+01 1.081612808650525750e+02 1.165797834653962752e+02 1.230012964883366493e+02 1.090108160144945941e+02 1.230012964883366493e+02 1.233771112491781281e+02 1.191326674558069101e+02 9.866814792519770094e+01 9.642335053137365719e+01 1.063467377422376217e+02 8.805917361671698984e+01 1.000457811914239699e+02 7.950354753164015165e+01 9.165945002624586380e+01 8.040546952958953852e+01 9.968567138575996012e+01 1.081808184497330814e+02 1.174089918859582582e+02 1.186792876383842810e+02 1.044319410661899923e+02 1.059720112006605035e+02 8.575096256293436170e+01 8.575096256293436170e+01 8.681896392022665054e+01 1.010959572976766765e+02 9.561903911363106090e+01 8.602760800344276504e+01 7.725160299063837499e+01 7.016217523080740648e+01
4.518166773982885331e+01 4.573880165821014288e+01 4.861929655659287874e+01 6.888197512868516981e+01 7.645610188859784273e+01 6.264812279590066879e+01 7.710357209244270393e+01 9.753403814578032893e+01 1.100781432415431453e+02 1.218470360789850560e+02 1.141317227966674750e+02 9.495324174795396743e+01 1.141317227966674750e+02 1.312013824633050092e+02 1.116750056755900289e+02 1.024234572287358702e+02 8.212074722240532765e+01 9.157120224777635542e+01 7.813199317082512607e+01 9.815922089848548637e+01 9.155076310442952092e+01 7.136149856047094886e+01 7.285566089873618978e+01 7.915726112746418153e+01 8.822694518442416722e+01 1.028996759269372916e+02 1.235771764651341158e+02 1.246231384939658398e+02 1.143081754908328946e+02 1.059720112006605035e+02 1.059720112006605035e+02 1.070388027489801885e+02 1.020521905274628978e+02 8.066638448611189460e+01 6.528827078483872981e+01 5.598331971114539130e+01 4.939556928820083215e+01
6.537514867496426518e+01 6.592634707492301516e+01 5.256952879284190772e+01 5.292161929848735724e+01 5.605879011701951242e+01 7.645518164432152730e+01 8.873195665483284245e+01 8.122525213491218210e+01 9.301925378975674619e+01 1.134407201151690714e+02 1.059251818574136337e+02 8.602696484056032489e+01 1.059251818574136337e+02 1.174012164294538678e+02 1.075280484812331707e+02 9.239900876967334398e+01 8.131313750093168835e+01 7.155831309751739866e+01 7.068876063237973995e+01 9.055772186541935298e+01 8.541213101588500933e+01 6.628257513564305725e+01 8.641456567977371606e+01 9.968567138575996012e+01 1.081808184497330814e+02 1.174089918859582582e+02 1.194129053822246931e+02 1.194129053822004778e+02 1.275163453534008511e+02 1.173489141326015215e+02 1.092121371039063860e+02 1.130341977670896085e+02 1.048704457856208592e+02 9.561903911363106090e+01 8.602760800344276504e+01 6.812845712283535704e+01 5.339387386132621316e+01
7.358848747276658742e+01 7.788215229081144741e+01 5.759670186561378813e+01 7.327056134277974309e+01 7.645610188859784273e+01 6.282985708873933817e+01 6.829127699076292402e+01 8.275035574263925753e+01 1.031743162263037021e+02 1.136893510499582192e+02 9.963281314245593023e+01 7.971124855337301085e+01 9.838511838272985699e+01 1.004387000540591828e+02 8.360726028355242079e+01 1.004387000516675101e+02 9.995248275359982415e+01 8.409164935997239354e+01 6.417749305376619873e+01 8.349891484173615197e+01 8.304517179473745614e+01 6.303984351275236264e+01 7.445117545447675411e+01 8.877141487195223135e+01 1.093538930317771900e+02 1.135065038350344651e+02 9.949666229675651152e+01 9.949666229675651152e+01 1.194129053822002362e+02 1.058019241644917372e+02 8.906468064569611442e+01 1.014300123119818977e+02 8.460986452144963721e+01 1.014300123119818977e+02 9.826076844133157806e+01 8.319461278209098509e+01 6.533472327648161126e+01
