MOVIE_S13_data/elevation_000831.asc
nrows	150
cellsize	150.0
xllcorner	0
ncols	150
yllcorner	0
NODATA_value	-9999
[rows 102 to 118 of 150, columns 111 to 147 of 150]
4.349323735512118816e+01 6.072883683207024319e+01 6.918150472602850698e+01 8.099354665220440097e+01 9.105622803903207796e+01 8.265524021641452634e+01 7.406274434892077352e+01 9.439280785346917924e+01 9.185216453841390205e+01 9.185216453842990347e+01 8.057930194232473298e+01 9.336857138371935605e+01 1.017691048045212767e+02 1.022741128342892409e+02 9.396494572909918475e+01 1.022741128342892409e+02 8.513930983284222975e+01 7.094371147047662873e+01 6.333375377344444956e+01 5.663288729984690661e+01 6.883095935319467173e+01 5.917030244764142566e+01 3.912093311990037137e+01 4.113992249520622835e+01 6.113658765468172618e+01 5.003738901021279872e+01 6.915919433864186772e+01 6.311999730053481983e+01 4.307240883923618213e+01 4.047205949407693737e+01 5.724875318328399487e+01 5.634780424204186744e+01 6.465103536816344842e+01 6.184683568374246931e+01 4.933076373767767819e+01 2.984678242634808498e+01 1.578789399473796173e+01
6.409271792258880396e+01 4.935882351439986593e+01 5.860960831519926728e+01 7.044748029313721815e+01 9.077944119211264251e+01 1.027799972757208309e+02 9.439280785346765867e+01 1.027799976957035568e+02 1.121596484550166934e+02 1.092841896180152190e+02 1.008865230074792834e+02 9.885675086173398540e+01 1.047328296011860260e+02 9.224345999841497701e+01 7.390314227442955541e+01 9.224345999842896049e+01 9.912709943829385395e+01 9.094927527441460313e+01 7.702419826601008879e+01 5.695494367532526070e+01 4.876170558580604819e+01 4.467291732933214377e+01 5.450948415199060548e+01 3.446962544614590485e+01 5.030243349535177799e+01 4.108375702184487466e+01 5.571711595273950479e+01 6.318151701716637803e+01 4.894421155311336236e+01 2.891586795299365775e+01 3.998726399979523194e+01 3.631029158101926413e+01 4.541063850135967073e+01 4.188142601023631784e+01 5.045113297252354556e+01 4.386557091766363214e+01 3.567856974828475103e+01
7.460350480068916568e+01 5.411744865937983917e+01 7.460350480068923673e+01 8.744872175357073729e+01 9.917784336068672246e+01 1.066539384420910750e+02 9.840643779448683404e+01 1.066539384420910750e+02 1.017028957221878329e+02 1.100234166667618325e+02 9.297808982542990464e+01 7.879363207289230786e+01 8.466998351300803449e+01 8.393404400144626720e+01 6.390152305367281826e+01 7.685147829834053823e+01 9.690580266723767977e+01 9.115487024113325276e+01 7.117108228846862517e+01 6.883095938847894502e+01 6.883095938847894502e+01 6.473434013129670461e+01 6.227643586044506918e+01 5.041853360414793883e+01 3.038681086199174430e+01 4.651005542560760375e+01 3.604704928925547591e+01 4.647358304933135287e+01 3.870840336299193041e+01 3.674564144538310728e+01 1.997040761286967836e+01 3.302832890766948992e+01 2.538776115065010686e+01 2.120469904007416417e+01 3.815968103866044459e+01 3.998579483465907458e+01 3.422607678351970861e+01
8.075496048766927970e+01 6.035289005945814722e+01 6.712275915937050286e+01 8.152857189595883369e+01 1.018345897819932162e+02 9.675658916934980880e+01 7.866000729590797391e+01 9.675658916934980880e+01 8.181022120650017371e+01 9.850542785158502568e+01 8.466998351382527233e+01 6.463307294064371433e+01 7.395980430576757669e+01 7.685147829834053823e+01 5.683212626193451200e+01 7.685147829834053823e+01 9.061229122072971620e+01 9.933584510542547719e+01 9.115487024113325276e+01 8.881541007105650465e+01 7.642731377200151144e+01 5.641495021467626003e+01 4.223937691549235041e+01 3.668879491134380544e+01 3.152375176402984280e+01 2.667284323375567467e+01 2.451618343365771224e+01 3.864497467957300358e+01 1.869208073709025086e+01 1.673091937745575919e+01 1.480641847827148183e+01 1.301756409587298968e+01 1.124285107693543928e+01 9.631205148859656617e+00 2.726451930146200908e+01 1.998297056613845157e+01 3.402397960577765446e+01
7.217112960363546392e+01 7.217112960363546392e+01 8.747606683588267629e+01 9.587596925929736358e+01 1.025170928623363693e+02 8.274091380537180385e+01 6.865153797434773253e+01 7.916090655755758121e+01 7.051712917962986182e+01 9.013092731007208158e+01 9.069490576338961318e+01 7.395980430595969324e+01 5.393681595667612783e+01 6.500525169358857625e+01 5.127753643655440641e+01 6.227170170642973801e+01 8.230629832692588366e+01 9.677337713806842601e+01 9.635430446385694836e+01 7.646549674260947427e+01 6.229398870690931034e+01 5.226048051386268867e+01 6.227643586044506918e+01 5.671915559501645987e+01 5.154724132786800794e+01 3.334032156100968081e+01 4.155677992722527847e+01 2.153475719624396589e+01 3.867044539750154541e+01 3.106491250794155690e+01 3.481893542924791518e+01 1.714054046980537294e+01 3.119009212378908202e+01 2.662680521129330913e+01 7.388116532480279552e+00 5.840470067411628996e+00 2.355057204898861656e+01
8.390084296718445955e+01 9.248069153704894063e+01 1.008780937907520610e+02 1.026200414210862988e+02 9.674127673989394793e+01 9.319451265091052505e+01 7.334799658468909911e+01 5.898580424297038860e+01 6.741002240813222102e+01 8.603130015527983687e+01 8.238935040699503531e+01 6.235185995463584874e+01 6.500525169358857625e+01 4.497346467615292198e+01 4.591782601007904674e+01 6.594811868602580773e+01 6.846728259074410516e+01 7.692391038750979249e+01 8.521746242941475202e+01 9.049304416786989691e+01 8.052317634124369761e+01 7.229239128331757058e+01 8.052317199647147561e+01 6.964496533426743952e+01 4.968523727503703213e+01 4.229140793236788198e+01 4.999523330952271749e+01 3.048267253824625200e+01 4.885321837022690517e+01 5.214411972077324009e+01 4.135992491699431639e+01 2.140458611552033119e+01 4.032695127647468070e+01 3.445371389316085953e+01 1.738354229722327560e+01 2.367815900437091869e+01 3.677517785667967054e+00
1.042009826441072988e+02 1.051335981586206003e+02 9.682248038261029421e+01 8.255676099825444680e+01 7.668134220237263321e+01 7.738814358069240029e+01 7.267114857448690657e+01 5.434027177699515221e+01 7.280944192891747946e+01 8.999123028035002392e+01 8.019568361130545497e+01 6.016069593198891141e+01 4.599627129085811816e+01 3.940907017846200233e+01 5.944943359891620815e+01 6.748638223675293091e+01 5.430507673164208882e+01 5.690388992839270799e+01 7.692391038750979249e+01 7.301741186537071826e+01 8.144402780318561952e+01 8.299137198573131968e+01 7.469232513686888808e+01 7.782211196148030297e+01 6.224637406889266344e+01 5.644264384420856828e+01 5.087486590536804698e+01 5.098276005203027950e+01 5.905764557527982106e+01 4.913618675399773394e+01 2.924971849859714723e+01 3.034956855459741476e+01 4.806403383117497441e+01 3.706937629763393716e+01 3.722510908702068377e+01 1.998309142237583913e+01 2.155182416209892438e+01
1.110256333781498483e+02 9.093934178339773666e+01 7.675290563741123151e+01 6.919649471371965888e+01 6.253879181711913304e+01 5.737562864642679727e+01 5.265308662609957224e+01 5.017220539268096502e+01 6.310784151664165620e+01 8.414126704516100119e+01 8.606945767665884262e+01 6.602880796227179871e+01 5.601253962656498686e+01 3.597057992592205267e+01 5.178659369478953778e+01 4.743276359886778692e+01 4.269720043410534061e+01 6.276761816137464223e+01 6.963377377648087929e+01 5.251493170510875075e+01 6.963377377648087929e+01 7.150389113974914324e+01 5.485290548307965253e+01 7.150389113974914324e+01 8.196596241399215899e+01 7.625781828967974718e+01 7.196864768359715470e+01 6.933528824926447953e+01 4.968690168683323094e+01 3.819068092918274715e+01 4.913618675399773394e+01 4.444631672233118280e+01 5.019717263798480644e+01 5.624115129932577162e+01 4.794182947287816887e+01 3.981360049694313119e+01 2.969040488768455077e+01
1.079734951094573603e+02 1.051335981586206003e+02 9.682248038261029421e+01 8.923689414052178392e+01 8.255676099825444680e+01 7.738814358069240029e+01 6.634088156456172669e+01 4.630841028630108980e+01 6.634088156455710816e+01 8.597432222998710927e+01 7.105788045044047863e+01 6.301716347956923414e+01 6.402105599459477503e+01 5.155724339274441803e+01 3.174460000003751148e+01 3.321565518565603270e+01 5.273997825447755616e+01 6.048215023810746516e+01 5.817913311999211601e+01 4.055950715738438817e+01 6.116786361219062229e+01 6.323803085918772382e+01 4.345760941465967875e+01 6.323803085918772382e+01 6.861720950319832468e+01 7.692458475660809825e+01 7.579898386386000197e+01 7.742162783167209739e+01 6.609897329655827036e+01 4.815729419456052085e+01 6.609897329655827036e+01 6.408096698480946429e+01 6.974986786055806931e+01 5.127905779088057869e+01 4.299478659156248739e+01 3.667023127134232396e+01 3.450071565151846897e+01
8.791466439086227069e+01 9.121483442451071255e+01 9.708828000590388285e+01 8.600494347852634291e+01 7.769710708839886593e+01 7.764897535841093656e+01 6.350786230761622875e+01 4.347051512985922272e+01 5.764181059576292654e+01 6.949548018648445691e+01 5.997753772035100184e+01 4.344282141848410816e+01 5.056705187803811441e+01 4.920715922113780039e+01 4.769505979544396723e+01 2.765205159444447958e+01 3.998617612649904629e+01 3.929567460205252161e+01 4.468144018781981686e+01 3.273067891957728648e+01 5.323630922187894043e+01 5.624459579011089971e+01 3.630406244749930522e+01 5.624459579011089971e+01 4.857531934472334001e+01 6.535104561629982811e+01 5.576843582593526349e+01 6.993517144061175372e+01 7.591160343049830317e+01 6.782527976204549702e+01 7.591160343049830317e+01 7.437306846904762381e+01 6.282606314143084347e+01 4.299478659156249449e+01 2.299478659160238436e+01 1.667023127126573812e+01 2.850526546198826594e+01
8.106790829450679325e+01 7.123398044440432386e+01 7.708623708127922214e+01 7.769862667059821604e+01 5.767278775883966091e+01 5.767138525456363141e+01 6.078112540938642638e+01 4.074229854174124910e+01 5.699412946125177371e+01 4.946265958952929509e+01 5.193690375291522798e+01 3.190199926287798249e+01 3.053149868909862263e+01 2.916995050748866802e+01 2.781756854739552054e+01 4.412057996505181734e+01 2.407850078806876226e+01 2.292962501545490639e+01 4.000222786052440682e+01 2.627041575405235108e+01 3.844985331732667078e+01 4.210268193546192350e+01 2.950574020990670121e+01 5.023229877038237134e+01 3.700570964107583194e+01 5.638746334510505420e+01 4.160461196082416535e+01 5.991880607912840162e+01 7.148475537233450439e+01 7.732429252160042665e+01 6.901832596315411195e+01 6.608879735896346119e+01 4.608879735918660003e+01 3.454179197539449575e+01 3.606455492213905245e+01 1.606455492217303416e+01 8.505265461988621212e+00
6.115955222836911531e+01 5.716193313214097316e+01 7.194180392262680357e+01 6.938048885499958374e+01 6.353727898040246913e+01 4.347707497280882905e+01 4.127608528082534889e+01 3.910326995701039721e+01 3.695676597623666737e+01 3.529429660160196391e+01 3.387121434021111099e+01 5.193497134208865162e+01 5.056723915777969580e+01 4.920685080235099917e+01 4.594715383174017376e+01 2.590966286105127026e+01 4.380071053286255278e+01 4.137105304196079203e+01 2.130723066669128229e+01 2.017606096049749098e+01 1.909362940431939393e+01 1.910318568611515389e+01 4.210264046523788295e+01 4.808371078171676061e+01 2.804724414773837182e+01 4.217672278157523635e+01 3.158786271278869862e+01 4.315408121307572031e+01 6.318449388785598586e+01 6.575359107932702329e+01 4.898197802194485462e+01 6.575359107932702329e+01 6.282606314143084347e+01 5.020669054578774393e+01 3.020669054590373648e+01 3.606455492213905245e+01 2.850526546198826594e+01
8.106790829450679325e+01 7.194180392262680357e+01 5.193729374583664082e+01 4.931951165786570357e+01 4.679628874378685310e+01 5.440834098882185543e+01 6.131624341505546738e+01 5.914257814255149981e+01 3.934035861904116160e+01 5.532922601751067759e+01 5.390624073305254882e+01 4.458138083870554169e+01 6.461455523663123302e+01 5.380862778696474891e+01 3.377271517466263617e+01 4.595005681315560508e+01 4.226353141665489943e+01 4.963723674040319622e+01 3.290078341568015929e+01 4.024825113848483227e+01 3.759981894272561931e+01 1.758945534791565635e+01 3.623630701184101355e+01 3.527931830618093301e+01 2.097804067978026055e+01 2.215591309419583155e+01 3.630945019518873096e+01 5.633891174532742951e+01 6.113701736506082085e+01 5.745033508571997771e+01 3.741558099277212079e+01 5.745033508571997771e+01 7.237397882623498901e+01 5.849096168573363030e+01 5.020669054578774393e+01 4.058397411886419803e+01 2.058397411886349104e+01
7.736443401415716892e+01 5.744041883200298315e+01 7.194180392209700869e+01 6.353193049767536849e+01 6.689223087275371427e+01 5.725577640227321297e+01 7.712776558289662887e+01 6.227060132404378834e+01 4.223293039837080443e+01 6.227050186528781239e+01 6.461426249784294384e+01 5.874654913016195223e+01 7.291904735889735889e+01 5.984891387715403255e+01 3.981555553314235851e+01 5.984891309556414285e+01 5.639991917188444148e+01 6.113670166426295083e+01 5.290896296251834485e+01 4.077236939220316714e+01 2.073938071949991269e+01 3.623631036041613385e+01 1.623253635348709167e+01 1.527863198660631738e+01 1.432725811611865829e+01 3.281473707963449726e+01 4.123161765732765360e+01 4.494838264536478789e+01 4.120710528920492521e+01 5.036697984645576298e+01 3.033438433553047986e+01 4.403211692051691273e+01 6.119326784263387964e+01 5.327377574671601934e+01 6.119326784232401906e+01 4.886824536632639138e+01 3.732123998253367603e+01
6.358703321191571689e+01 6.892477435333270819e+01 8.565553005850198076e+01 8.350015776189674455e+01 7.347351939799180798e+01 7.126118510548437257e+01 7.941862297967982443e+01 5.939119633652826025e+01 4.522309324819776322e+01 6.525709379059132687e+01 8.465247384773005024e+01 7.878132167053043133e+01 6.664778197317417607e+01 5.248686950431937959e+01 5.398187681578821184e+01 6.814668630081673939e+01 7.634874372190368774e+01 6.887714331717906191e+01 5.469550840529890223e+01 4.304602204462251791e+01 2.299842321003363210e+01 4.285773992982309721e+01 2.760269886339254697e+01 3.527931830624360288e+01 3.301144982416204954e+01 1.301473325376193202e+01 3.170839336178136492e+01 2.492531964967816904e+01 2.709790246768601563e+01 3.646374567890044460e+01 2.400808878538655122e+01 4.403211692051691983e+01 5.166512061043497539e+01 3.424359776336520156e+01 5.166512060922768512e+01 5.061799698178540297e+01 3.415418881323221711e+01
7.168144387823434727e+01 8.889322351013792911e+01 9.719804455171545499e+01 1.020460779802426572e+02 9.369724895301719414e+01 9.148513510420492878e+01 8.272300600728483744e+01 6.838475830624322782e+01 4.835793428991873100e+01 6.251881072325431887e+01 8.254640115399352851e+01 9.498325205669209481e+01 8.081569403354788506e+01 7.251722884130792579e+01 7.401320306958182016e+01 7.892959765229957725e+01 7.237033142078223591e+01 5.821014549853212827e+01 4.051387349342100919e+01 2.633260424294086377e+01 4.304602204462251791e+01 4.285773993118610292e+01 4.099727597891445896e+01 4.725064727251523777e+01 2.716746512141567393e+01 3.170839336178138979e+01 1.171222487396639700e+01 1.079343141397539441e+01 2.908936431933551958e+01 1.645652212498465516e+01 3.646372196764541229e+01 4.094983142476474569e+01 4.375868675504037952e+01 2.456466620725590033e+01 3.416163055262865811e+01 3.321881159036108500e+01 3.451989814767279086e+01
9.167732823501086159e+01 8.579973344736524155e+01 1.058670972854781525e+02 1.082655540368875080e+02 9.667977404294364874e+01 8.836979815711033837e+01 7.441940122391088153e+01 5.440475492223152543e+01 6.838475830624322782e+01 5.593430576043358826e+01 7.008000504440134648e+01 9.012130904665947639e+01 8.993491019554541310e+01 7.991374553497483646e+01 7.160939538730063703e+01 5.887966385554660320e+01 5.887925941290443177e+01 4.403281770794806249e+01 2.984739147680479121e+01 4.638870550829674499e+01 4.638870554099040078e+01 6.262747700656868943e+01 5.983816779780575956e+01 5.559533527629382377e+01 4.727618402205766301e+01 3.333504778828152126e+01 1.358676374145133536e+01 2.960226791788756628e+01 9.605068352131384657e+00 2.843487936949405892e+01 2.761393281504324904e+01 2.093291648537810801e+01 3.475028710354921913e+01 3.416167648078022978e+01 1.486549267750598702e+01 3.062951581595405415e+01 2.805778980764885233e+01
