MOVIE_S13_data/elevation_000265.asc
nrows	150
cellsize	150.0
xllcorner	0
ncols	150
yllcorner	0
NODATA_value	-9999
[rows 51 to 67 of 150, columns 74 to 110 of 150]
1.032491471578522493e+02 1.134128782532171442e+02 1.134128782532171442e+02 1.299827956307755130e+02 1.415528715674198281e+02 1.258504116470108158e+02 1.055226087956097132e+02 9.384056159185132628e+01 8.479526761106006916e+01 7.770163069259147903e+01 7.303318080530618772e+01 6.875499620370268872e+01 8.297109593016756435e+01 8.030455547815230943e+01 7.771735257427404520e+01 7.139247908577253554e+01 5.343791582031856535e+01 7.212734674260677536e+01 7.714397212984803787e+01 9.667418639091557964e+01 7.927239480566566954e+01 5.941617755107128573e+01 5.966492306584460437e+01 6.493536799456613551e+01 8.484375472631852233e+01 1.009639679065951725e+02 1.092461619053803759e+02 1.208067991319191776e+02 1.190182721541556532e+02 1.185354203943686571e+02 1.102183616822571253e+02 1.150172489130437441e+02 1.175490896602005506e+02 1.060726758070471476e+02 8.894308709120051049e+01 7.759478624133429037e+01 8.341766150450746409e+01
9.294624652505437723e+01 9.294624652505437723e+01 1.013639154085430931e+02 1.132120892373873318e+02 1.333548768555939716e+02 1.343549636409697428e+02 1.225842040653823801e+02 1.134946662189381925e+02 1.050475251913693455e+02 9.788727085669421513e+01 9.312946984248479509e+01 8.297371664024782945e+01 6.318041986426432999e+01 6.069149997871284086e+01 5.836872976166095839e+01 5.614830350212902488e+01 7.219057848548565914e+01 5.797277731119597632e+01 7.141148197811361342e+01 9.144068202709296145e+01 8.459236321925027369e+01 6.468689019116521877e+01 7.952343135011767572e+01 6.740389987236346769e+01 7.626981924879470398e+01 8.782590653088780641e+01 1.078818544197518605e+02 1.190182721541556532e+02 9.895533496543859542e+01 1.026369525362004680e+02 9.015983849436068454e+01 9.495631862200205831e+01 1.150172489130437441e+02 1.170825350186504323e+02 1.057282448731908033e+02 9.165671386549992405e+01 8.599762283979750066e+01
8.372141237880148879e+01 9.828899021899410116e+01 1.186750274768278217e+02 1.299827956307755130e+02 1.344104547125308216e+02 1.426605327518567492e+02 1.273689762545096755e+02 1.171963338934967425e+02 1.087405670097992214e+02 1.010827507761263462e+02 8.841196282785512039e+01 6.843057044494466368e+01 8.297371664024782945e+01 8.030476551243117456e+01 6.167340763027823414e+01 7.522916515954386796e+01 8.111946512178367641e+01 6.155320782834814963e+01 7.528606030782093228e+01 9.527335850054808475e+01 9.036164646374156462e+01 7.037629362903778940e+01 9.036161817950636532e+01 7.626981927463228317e+01 8.734423753939670121e+01 1.045831371643662777e+02 1.161439162018942852e+02 1.177680626698591198e+02 1.026369525362004680e+02 8.260331497116487753e+01 7.861705814910769163e+01 9.746428955931132521e+01 9.746428955931133942e+01 1.175209434375297377e+02 1.197997758808816542e+02 1.022272793753213449e+02 8.235009076899156355e+01
9.774718309943985162e+01 1.083911566252304794e+02 1.133054342924760363e+02 1.201174309868578405e+02 1.141970667123637497e+02 1.344104547125308216e+02 1.188847353493195982e+02 9.859639867027878779e+01 8.847988966966758539e+01 8.086741209594325142e+01 7.422675498531376093e+01 8.841196282785512039e+01 9.681650023818286854e+01 8.572065288125774885e+01 6.586074395433077200e+01 8.572065288125774885e+01 8.546787499772861452e+01 6.563902726131800591e+01 7.699190276237636965e+01 9.704553606608153871e+01 9.704935621561475045e+01 7.698622695999524979e+01 9.704935621561475045e+01 8.782591525116673381e+01 1.046023521178934459e+02 1.156577334574147216e+02 1.177680626698591198e+02 9.770911029508235401e+01 1.007426245393351252e+02 9.107052649517974885e+01 7.110205544622075990e+01 7.745979534623646146e+01 9.159122663556648547e+01 1.116431177224866786e+02 1.147897411101604774e+02 1.104891248690236978e+02 1.012782337625886697e+02
8.343835419824850419e+01 8.793859308823157050e+01 9.280276123394749277e+01 9.968144090371251309e+01 1.115557442489453308e+02 1.318129125700906741e+02 1.273689762545096755e+02 1.151008083029462625e+02 9.481781719360230909e+01 8.316269348375443826e+01 8.841195508662792690e+01 1.027676983127417998e+02 9.647172015987564464e+01 7.635831501050340364e+01 7.200950403080011597e+01 9.206172049853586259e+01 9.046415319736242111e+01 7.047904039882736527e+01 9.046415319736242111e+01 1.053433000502003978e+02 1.053455891000633358e+02 8.700852160882180897e+01 1.053455891000633358e+02 1.078864152175288353e+02 1.161763814963382231e+02 1.278126647366439101e+02 1.077222536137225859e+02 1.013899966388617884e+02 8.136642021401750924e+01 7.246335100976907029e+01 6.598848617242684611e+01 8.591468944039014843e+01 1.016010365297311608e+02 1.089177122765857177e+02 9.464381999663729061e+01 1.089177122765857177e+02 1.112171411728331094e+02
1.040129290257650894e+02 1.084729079084306846e+02 1.073543350840545401e+02 1.058287140892441727e+02 1.261710695179672825e+02 1.400694860958277275e+02 1.369110319477025826e+02 1.235743230860809092e+02 1.118345287157625876e+02 9.218517729847327757e+01 1.086662630791563942e+02 1.107940079591854925e+02 9.053923430919093107e+01 9.647172015987564464e+01 7.901971810565672172e+01 9.919462845880782709e+01 9.806201905554837595e+01 7.795995549995966201e+01 8.196584445178328338e+01 9.358002554321754474e+01 1.136747580620933178e+02 1.012275912846857437e+02 1.153744643246019308e+02 1.178491699350469304e+02 1.096720615295924688e+02 1.178491699350469304e+02 1.077222536137225859e+02 8.766655883566932062e+01 7.768613646821533791e+01 8.175978884158865867e+01 6.185534724342510060e+01 7.331684532353740735e+01 9.329306416996384144e+01 9.992775322749545808e+01 8.048896560981950188e+01 9.517435074647855231e+01 1.022704331141761855e+02
9.982028688554417784e+01 1.142887193628909728e+02 1.276726587124750836e+02 1.202796035678896374e+02 1.344550841623713211e+02 1.312346890515461268e+02 1.173639945826439401e+02 1.312346890515461268e+02 1.209218683203160083e+02 1.064949916153295675e+02 1.209218683203160083e+02 1.192557786854844437e+02 1.107940079591854925e+02 1.076281077614713979e+02 8.906881663162087648e+01 1.076281077614713979e+02 1.063622561155879396e+02 8.799932634886256722e+01 1.020730588330268063e+02 1.103655554408321109e+02 1.219458580826323413e+02 1.212437581371382294e+02 1.193815893126575247e+02 1.079036337370215932e+02 8.971894558240691708e+01 1.079036337370215932e+02 1.027571365875381559e+02 9.919223713851287982e+01 7.917804383099962706e+01 6.511201456888977646e+01 5.848635251479117869e+01 7.421264169001101152e+01 7.682433911234322466e+01 8.089107268451134303e+01 7.158689728580550593e+01 7.515640766105677528e+01 8.219968126594709190e+01
1.201803922622746796e+02 1.284392570958749786e+02 1.425897948288587997e+02 1.403943265169039591e+02 1.283687035426527814e+02 1.202383794443624936e+02 1.037350335980278402e+02 1.144337477385143416e+02 1.339267371600302567e+02 1.268459455518524805e+02 1.201872022296233524e+02 1.120802698522969365e+02 1.201872022296233524e+02 1.177785211296973245e+02 1.093204402859948061e+02 1.177785211296973245e+02 1.164052758882651517e+02 1.081247117622344405e+02 1.164052758882651517e+02 1.213958683689794213e+02 1.296280990645997235e+02 1.292873030532528560e+02 1.112097980383948652e+02 9.126645498161408909e+01 7.972732213751089603e+01 9.263568531155154062e+01 8.280573874277351365e+01 9.688321202081124284e+01 9.331738521939189468e+01 8.115909600729486328e+01 7.294527764720531593e+01 5.425157325218448534e+01 5.688644550513957654e+01 6.096822834119480206e+01 6.627534716284148431e+01 8.622205444473355840e+01 1.022704331141761855e+02
1.219938481717882723e+02 1.303091134118066066e+02 1.342951028407115928e+02 1.340291962645765693e+02 1.145260365347970861e+02 1.008986952099360366e+02 9.515317238226315055e+01 1.144337477065307667e+02 1.235228468305696765e+02 1.162901024079439907e+02 1.081944076851153653e+02 9.272781024354104318e+01 1.104788410893141446e+02 1.220146230010270614e+02 1.259914695081787244e+02 1.176739123641675206e+02 1.178339245866279867e+02 1.158019798747231022e+02 1.077275333400588124e+02 1.020659235960206104e+02 1.213958683689794213e+02 1.211498830882481315e+02 1.012697129884702747e+02 9.126645498161408909e+01 9.263568531134016837e+01 7.269285223132091289e+01 6.872924788568003862e+01 8.342065940387790590e+01 8.018967535248081901e+01 7.300900556360269889e+01 5.304169740659243359e+01 5.128866324540107513e+01 7.129478755347329866e+01 8.089107268451056143e+01 8.622205444473355840e+01 9.456149626659447449e+01 1.036898321695069569e+02
1.014566325814019052e+02 1.177466246306340594e+02 1.140274389168922795e+02 1.342951028407115928e+02 1.191653942677013021e+02 9.983829651740376221e+01 8.868947559245721379e+01 9.607528761259874273e+01 1.097990721034955470e+02 1.081944076851052046e+02 8.876368658213084473e+01 8.293249000408266625e+01 9.445481302984123317e+01 1.132207632058086091e+02 1.176739123641675206e+02 9.771518038557616137e+01 9.772399434518484895e+01 1.075462577326749454e+02 8.866193076970630216e+01 1.009103415382409992e+02 1.200820356013919223e+02 1.292873026451987357e+02 1.193815873827332865e+02 1.051773551315211819e+02 8.529818559460287020e+01 9.263568531143128837e+01 8.342065940386011391e+01 6.352626428458272301e+01 6.034203237981717649e+01 5.729090056088586635e+01 6.897135178538019318e+01 4.892664204087660096e+01 6.313383802985463689e+01 8.309382803407324047e+01 9.783038787973865169e+01 8.952506164510168674e+01 8.365782158599031959e+01
9.045208244196618352e+01 9.710968474612440104e+01 1.091406252391745682e+02 1.295026384243211623e+02 1.272914170994598635e+02 1.160837379985179609e+02 1.017394925847789295e+02 8.229371779210947579e+01 9.623939699147490501e+01 1.042980005377111752e+02 9.445481302974420146e+01 7.472298177530605301e+01 8.559747247120452585e+01 1.051272820543419755e+02 1.176739123641675206e+02 9.771518038557616137e+01 8.366519462444492206e+01 9.417625165856465230e+01 8.175984218894959099e+01 1.009003183189032455e+02 1.127134605913047949e+02 1.211299392503346013e+02 1.243482590803287309e+02 1.050784516659254990e+02 1.051773551316447879e+02 9.603635464450634629e+01 7.608918903106196296e+01 7.757840576808362698e+01 7.439647334238092924e+01 7.720365172510327056e+01 6.720748766068390978e+01 4.710941727358149933e+01 6.135797308087319379e+01 8.132946518060494157e+01 8.010801553951313281e+01 6.954849016593887256e+01 8.365782158599031959e+01
1.112206512189574141e+02 1.177466246306340594e+02 1.260788549884487537e+02 1.377645049446540781e+02 1.243719442826019730e+02 1.162604839787378097e+02 1.097990721034955470e+02 9.623939699147490501e+01 7.660149076740681551e+01 9.623939699147490501e+01 8.918125930354069908e+01 6.919489746347854009e+01 8.918125930354069908e+01 1.044580989061478391e+02 1.161391089233489851e+02 1.048965602717787675e+02 9.417625165856465230e+01 7.415991713360281778e+01 7.595359800439278786e+01 9.400201898780613874e+01 9.458112837457825606e+01 1.130644663617058683e+02 1.133474686308031494e+02 1.112775913885020600e+02 1.159457063538498289e+02 9.603635464451332382e+01 9.603635464452050030e+01 9.752510736610283004e+01 9.433451538965758232e+01 7.959174525173463621e+01 5.960413882476724012e+01 4.531139564709526013e+01 6.545837317869487038e+01 7.195643542998172393e+01 6.014080367486398160e+01 8.010801553976820344e+01 8.596298842754904967e+01
9.791933328414179982e+01 1.185293536209928220e+02 1.308140096590422274e+02 1.210940274990910268e+02 1.129962801795817029e+02 9.690648259625406524e+01 1.004580080226693042e+02 9.265402224858119951e+01 7.284982405900061053e+01 8.770297269792413886e+01 8.471217258076316625e+01 6.449573771280056178e+01 7.638059020575487068e+01 9.624989243466229993e+01 1.080547042891576979e+02 8.860060131858695343e+01 7.710923068974791761e+01 6.818226518482447318e+01 7.387075941096576059e+01 8.141431718139033080e+01 1.002309569148521433e+02 1.076477619870270672e+02 9.360480348732515665e+01 9.108350841200089576e+01 1.051853381925906916e+02 1.024609737064169650e+02 9.245478187030460049e+01 8.415525867519293968e+01 7.750673263707520277e+01 7.149028738175123010e+01 6.373097333904168238e+01 4.353051594930291657e+01 6.373097333904168238e+01 5.192263956093793809e+01 7.195643543051197355e+01 6.798440034411198951e+01 6.598739651569447062e+01
1.135368703461606401e+02 1.268607973550984269e+02 1.226708118933761540e+02 1.033217484657871665e+02 9.372101753429387827e+01 8.723960551126124585e+01 8.098038995007041763e+01 7.634286274413153706e+01 7.174371242862163456e+01 6.764438838899695838e+01 8.066626029096980233e+01 6.027722578215053062e+01 7.748258591479410029e+01 8.593505160193848269e+01 9.719618680637461239e+01 8.820201099553098345e+01 8.004641161225126211e+01 6.414226926163188125e+01 8.424558916183538315e+01 9.882779017614635109e+01 1.079796862926830840e+02 9.937047616497520153e+01 7.971582229993849467e+01 7.710959180387196454e+01 9.513170907709491075e+01 9.415132804791771548e+01 7.415918930248115259e+01 6.420968056084926445e+01 5.755244115345784905e+01 5.146960128151229696e+01 4.651048044233782264e+01 4.176269992477424609e+01 4.445920124211941271e+01 6.464112749030954319e+01 6.270533132534067278e+01 4.788230441553346139e+01 5.181363914303167917e+01
1.098006375999343192e+02 1.301611996271451801e+02 1.308140096590422274e+02 1.210940274990910268e+02 1.129962801795817029e+02 9.690648259625406524e+01 1.004580080226693042e+02 8.589472849728957726e+01 9.159640628985060573e+01 7.827110055773539443e+01 6.379317898390093688e+01 7.776742142625839449e+01 5.730092163845932163e+01 6.905896421422315257e+01 8.313647044044438417e+01 7.604831159301750176e+01 5.967488833688029359e+01 8.004641161225126211e+01 9.246968870005645158e+01 1.050905705737024505e+02 9.393032859842899995e+01 8.579079684143655982e+01 8.693538126415907641e+01 6.712526937460908982e+01 8.693538126417179512e+01 1.024609737154403319e+02 9.245478187030511208e+01 8.415525867519123437e+01 6.782479662712793811e+01 7.149028738175123010e+01 6.663451276425085723e+01 5.974578259655950774e+01 3.942981281255104165e+01 5.764730683088754404e+01 4.247323334752845625e+01 6.270533132534067278e+01 7.183811192846150107e+01
1.301611996271451801e+02 1.289658973516619369e+02 1.208123099149699868e+02 1.289658973516619369e+02 1.243719442826019730e+02 1.162604839787378097e+02 1.053614741458447099e+02 1.053614741458447099e+02 1.060507455898782183e+02 9.067876013647041589e+01 7.076485871786070447e+01 8.594586371748087572e+01 7.492955998869426537e+01 5.441988416617135726e+01 7.217650074874350707e+01 5.557438375444169054e+01 7.604831159301750176e+01 7.448140663483840740e+01 9.409124903233880843e+01 9.702682188314108203e+01 7.751454908425613155e+01 6.601302351569771076e+01 7.438732568907535381e+01 6.152831101930353697e+01 8.143372428058533785e+01 9.838490845510754923e+01 1.067546666156160313e+02 9.610049591818599879e+01 8.779985089668197418e+01 8.898482016544973305e+01 6.916263146090879843e+01 4.882259642503719732e+01 5.764730683088754404e+01 3.731053323726185766e+01 5.572296797714171390e+01 6.384192437155527955e+01 7.507294825640991576e+01
1.228981356829054903e+02 1.190814279944133602e+02 1.010092681178143579e+02 1.190817362964760662e+02 1.188050205914468904e+02 1.269813211761698426e+02 1.248024657331493188e+02 1.167436812979614444e+02 9.734122230298262934e+01 8.350442064114027119e+01 8.496521066015768042e+01 9.484488609721147157e+01 7.492955983183247781e+01 7.217652099771555640e+01 5.164064070046651267e+01 7.217649886756180422e+01 8.424532273184051689e+01 9.409124903233880843e+01 1.021474881920888862e+02 8.927779617481088792e+01 7.806935955896510393e+01 6.890902149912541574e+01 5.439577184880741356e+01 7.438732568907796860e+01 8.960893680517982318e+01 7.830740262799839968e+01 9.514111972816991170e+01 1.029064706636150532e+02 9.489169553778462785e+01 7.476638836095514762e+01 6.020983717851611772e+01 6.916263188277507368e+01 6.595793023454383786e+01 5.572296797704174764e+01 3.540050698676130025e+01 4.718875417175492260e+01 6.701136641300979591e+01
