MOVIE_S13_data/elevation_000223.asc
nrows	150
cellsize	150.0
xllcorner	0
ncols	150
yllcorner	0
NODATA_value	-9999
[rows 68 to 84 of 150, columns 37 to 73 of 150]
8.037138150082569155e+01 6.530507497448313359e+01 4.534156175567976987e+01 5.691158289372415169e+01 7.095398565725515994e+01 9.081382655668352299e+01 7.700682181330327580e+01 6.036187150904247289e+01 7.700682181150146732e+01 5.778432516853464307e+01 3.614069394574342198e+01 5.225184909687698820e+01 5.393685494366560818e+01 7.252620213316811260e+01 7.287341119641473597e+01 8.106528627211304183e+01 7.207322249063277297e+01 5.231605726781396015e+01 7.207841937643553365e+01 7.945257156094857010e+01 8.312126240887567974e+01 7.855435451830990701e+01 9.177507169677731724e+01 1.000110610489704470e+02 1.139185553199791485e+02 1.221893654880196465e+02 1.219163572929634256e+02 1.050801708810434860e+02 8.446622637312887605e+01 1.050801708810434860e+02 1.219546574313581431e+02 1.230393429778877277e+02 1.313897321783291261e+02 1.243640998731211766e+02 1.386091517840023926e+02 1.312782919069086347e+02 1.222436037462400691e+02
7.212471726265827954e+01 5.224221420157164886e+01 4.929351706704829894e+01 6.921126713937240993e+01 8.331170411904462014e+01 9.323965196079269901e+01 8.849013888203998590e+01 8.022024181536190213e+01 8.349394644315904657e+01 6.541129621752261869e+01 5.618674633113676720e+01 3.768883358103476411e+01 5.753253807634968808e+01 6.992906428784594652e+01 7.799270510236694065e+01 8.665366814811692109e+01 8.027750793886131930e+01 6.375949285868811955e+01 5.668894170494559148e+01 5.996318058172661836e+01 6.356917334393606467e+01 6.733687759488148572e+01 7.218997265112686534e+01 9.177507169677730303e+01 9.399265964467541323e+01 1.139185553199791485e+02 1.209824732293756853e+02 1.005711350834494198e+02 8.860892777999895031e+01 9.424323153032422340e+01 1.015615817600318707e+02 1.160225308037165632e+02 1.362760779895249357e+02 1.445602098403314244e+02 1.371747308435695913e+02 1.170426789652359361e+02 1.027080993698391040e+02
6.039783452182922474e+01 6.631444771401960736e+01 6.921126713938008379e+01 5.522032636244419734e+01 6.515917505220710382e+01 8.496555529106977644e+01 9.909878555059678717e+01 8.820311417142526977e+01 7.447364892804711189e+01 5.599732610895340201e+01 4.203528222353892119e+01 3.878529083311499193e+01 5.763221356157367126e+01 5.043518294223091658e+01 5.926529256800325385e+01 7.855820084413286963e+01 9.167325808746196003e+01 8.344228408561529875e+01 6.653782182275985235e+01 6.872687009365077415e+01 8.313231927241919550e+01 8.109960767191783759e+01 7.954272924515605325e+01 8.010124709522048647e+01 9.399265964467541323e+01 1.139185553199794327e+02 1.293373049162463815e+02 1.164353342374131017e+02 9.596500988565399837e+01 9.676392226267758190e+01 1.172224934988983449e+02 1.160225308037165632e+02 1.362760779895249357e+02 1.419955013931688939e+02 1.336549124191264468e+02 1.312782919069086347e+02 1.222436037462400691e+02
7.029919727919089212e+01 8.615194880802499711e+01 7.986381429610052862e+01 6.006693239991277267e+01 7.986381429609659222e+01 9.323965197496980295e+01 9.075817994412923895e+01 7.147148797557387923e+01 6.074418368466889717e+01 4.690483459682941003e+01 6.167067257371823530e+01 5.862525765109490550e+01 4.043915928653159142e+01 6.026411702863016728e+01 7.161874278166179408e+01 7.855820084413288384e+01 9.797998300689178564e+01 9.441212074629494566e+01 8.038292819390407828e+01 7.999100919135025833e+01 9.658089831507274425e+01 1.008309940113511516e+02 8.911082693779923147e+01 9.982881936675623535e+01 9.399265964475374346e+01 1.139185556304085054e+02 1.307880156166745280e+02 1.104902589537032753e+02 1.104902589537032753e+02 1.029994451049666395e+02 1.233620498280653379e+02 1.362760779895249357e+02 1.445901800485489161e+02 1.303624368990759876e+02 1.135004292377529254e+02 1.253068604021127328e+02 1.169549814738859936e+02
8.428891809391801360e+01 9.131218497815014246e+01 7.148302529295816043e+01 6.706942462950331674e+01 8.686129835955385659e+01 9.676930512845733290e+01 8.258405443842268312e+01 6.333652472227842622e+01 5.215453195912395756e+01 6.639860679911566876e+01 7.171032602768269726e+01 5.223512954810188091e+01 5.824378852271223650e+01 4.214357155057396653e+01 6.293846097093717162e+01 7.605613893076801446e+01 8.427508813912750441e+01 9.558002320806397734e+01 1.001761273979234801e+02 9.976261248296465567e+01 1.080262288214783268e+02 1.162751057572871929e+02 1.070084351653154187e+02 1.162726583462652883e+02 1.139185555931465643e+02 1.221893920258895179e+02 1.391159084793644638e+02 1.307880156166745280e+02 1.307880156166745280e+02 1.148012221575907859e+02 1.148012221575907859e+02 1.350563579033544954e+02 1.364276576276726018e+02 1.220187161289825895e+02 1.017637775085959504e+02 1.103245218640830387e+02 9.665940206134119705e+01
1.042348351335774339e+02 9.960345563711068451e+01 8.288741643519163915e+01 7.588269315987383834e+01 9.514130915283526235e+01 8.854788335559906898e+01 6.922286896465621453e+01 5.821052725686260487e+01 7.147148797557147759e+01 7.956333607811913566e+01 6.823352552817705430e+01 7.074009311868377381e+01 5.551264089795958512e+01 4.336264739785956124e+01 4.552232327941018752e+01 5.644183972012998396e+01 6.788870072414690071e+01 8.736919848506506980e+01 1.045178047381131421e+02 9.634604327110496058e+01 9.891660670681220324e+01 1.070821131449316255e+02 1.168867888926696850e+02 1.136308501931543873e+02 1.052121681287531345e+02 1.136330017089134827e+02 1.255697037201084640e+02 1.340224691546288796e+02 1.433732016645900558e+02 1.350563579033544954e+02 1.265272562425888196e+02 1.433732016645900842e+02 1.280899422776848553e+02 1.079008854222972360e+02 9.770014132124009620e+01 8.997572735452614268e+01 8.489560152632853374e+01
1.011525709404313318e+02 1.111358167905070218e+02 1.028206328288354996e+02 8.729743288021640524e+01 1.040479432765313419e+02 9.326364567279425444e+01 7.382319123774433933e+01 6.334558566499890020e+01 8.251339312007721105e+01 9.516518609365989789e+01 8.718031418793613341e+01 8.061343542269523255e+01 7.028290396451056665e+01 6.314133370351394348e+01 4.510080307800447486e+01 5.913336819452737814e+01 7.865592892971041294e+01 9.510889949786400166e+01 8.689077072442344729e+01 7.682178372194772464e+01 7.933978986606217632e+01 9.891660670681220324e+01 9.392957852548379094e+01 1.035912310046979172e+02 8.523942492532667359e+01 1.035931253346496277e+02 1.052516075295812072e+02 1.222771519194608345e+02 1.280922214614020902e+02 1.365478982618528505e+02 1.467073274434205814e+02 1.549951848527258562e+02 1.364276576276726018e+02 1.263419205917802799e+02 1.179954138499910954e+02 1.103245218640830387e+02 9.210330170532026273e+01
8.591278322110825627e+01 9.287983147626671609e+01 1.012368816395234887e+02 1.072802769346015310e+02 1.156040860362255955e+02 1.015064655065756227e+02 8.807975374405501157e+01 6.879731491609449279e+01 8.807975374405501157e+01 9.932593149052613057e+01 8.799586522385281739e+01 6.887789537640512094e+01 5.556628238383337504e+01 5.085504284563577926e+01 4.634728149955812881e+01 6.608627606349992334e+01 7.602799939704065935e+01 7.614763760446651020e+01 6.753613590024291113e+01 6.582383419244300171e+01 8.109087998649098949e+01 8.400466173662863412e+01 7.886893181299899425e+01 9.024816923435290050e+01 7.562930687146794639e+01 9.522570022211465357e+01 9.366820635639922443e+01 1.114822865716495386e+02 1.077492888910294511e+02 1.271031599834679469e+02 1.372942944949624859e+02 1.447683551080656912e+02 1.365102154582160949e+02 1.365102154582160949e+02 1.289180681347615973e+02 1.087081657698970076e+02 1.064944592378806192e+02
6.635189057840959492e+01 7.317404321196104888e+01 8.443467220419277908e+01 1.044161335809253757e+02 1.146223897898994011e+02 9.467267428285876463e+01 8.085267817001380308e+01 7.977951373596984297e+01 9.630672619454036010e+01 9.109284120766979242e+01 7.197246692141675339e+01 6.279278964031460220e+01 7.447512721773762223e+01 7.005450520764519240e+01 6.608627606349992334e+01 4.820585008603605814e+01 6.790484540481018882e+01 5.375939530987336212e+01 5.633155434984941934e+01 5.897478291821632723e+01 6.185283185671415396e+01 6.478062187849734244e+01 6.775851774202804734e+01 7.088554130396089192e+01 9.024809609755024553e+01 8.122243554429086032e+01 8.605342150564842996e+01 9.131139835805183225e+01 9.837457360688067354e+01 1.084694132107140803e+02 1.288328524633588188e+02 1.365102154582160949e+02 1.165204483932751032e+02 1.165204483932750890e+02 1.306444017506703688e+02 1.289180681347615973e+02 1.267144313460702421e+02
8.591278322110825627e+01 9.287983147626671609e+01 1.012368816395234887e+02 1.128286914601770548e+02 1.165639942769637116e+02 1.088093136782689925e+02 1.005158106721285662e+02 9.941809245260708394e+01 1.077088161650678728e+02 9.932593149052613057e+01 8.766175953317710423e+01 6.889171281716271267e+01 7.233928301146825390e+01 6.542921163201732782e+01 5.470564792750892025e+01 6.790484431130659004e+01 5.016702434671957889e+01 6.519089700807322174e+01 7.363036827850662291e+01 7.828790871822739916e+01 8.109923851615124590e+01 8.400466173662863412e+01 8.702109568373457194e+01 9.024820719793724777e+01 9.856805978075244923e+01 1.010818978293171995e+02 1.060913899372067419e+02 1.114822865716495386e+02 1.186511328370364993e+02 1.271031599834679469e+02 1.372942944949624859e+02 1.365102154582160949e+02 1.165204483932750890e+02 1.021998922036680852e+02 1.133525919689677721e+02 1.170805300887987386e+02 1.253675221163776854e+02
9.878277066862781908e+01 1.047788231831610233e+02 1.130309179066508278e+02 1.107530438235190928e+02 9.672043807659794368e+01 1.107530438235190928e+02 1.085911997092771060e+02 1.168122959390852031e+02 1.103138877792231511e+02 9.048063442107022070e+01 7.946176995042264934e+01 8.766175953317710423e+01 8.131832939335168930e+01 6.183740588091998802e+01 7.428497231909146592e+01 7.463174307142753605e+01 5.519401541743824424e+01 5.266203820954385861e+01 5.467832950642775813e+01 7.418840261713947370e+01 8.511406934300784144e+01 9.565057506629258910e+01 9.585389172514180700e+01 1.040968853121264033e+02 1.086686472852431820e+02 1.034571817407231578e+02 1.105140687702225364e+02 1.188529676728588242e+02 1.278530052411897771e+02 1.394954764311438566e+02 1.448185686144051374e+02 1.332975948553769001e+02 1.250375299710905921e+02 1.133525919688591017e+02 9.301939512978499636e+01 9.680986477077480856e+01 1.137089073253842599e+02
1.015716253530433306e+02 8.496149833703741194e+01 1.015716253530433306e+02 1.025324811248286778e+02 8.283584678549780733e+01 1.025324811248286778e+02 8.882627499924544168e+01 1.053870507335097528e+02 1.186179653134452536e+02 1.071309480784171626e+02 9.886315361398750667e+01 8.929082409032039891e+01 6.977551777597847149e+01 8.132373364961166828e+01 8.218994968714693528e+01 6.292144624114065010e+01 7.463174317738605623e+01 7.223505400823013645e+01 5.791712829531581974e+01 5.755960394200194941e+01 7.697650579689263850e+01 7.615983165683499578e+01 7.638179315585263396e+01 8.943235140102235903e+01 8.880823931944385663e+01 8.370831074464665278e+01 9.055417807971677746e+01 9.939238749818075291e+01 1.109773626707027319e+02 1.311698166875547713e+02 1.365660587881281174e+02 1.165980615647914220e+02 1.049092136242973652e+02 9.767260825321207562e+01 9.115155584838271352e+01 8.485917336344147088e+01 9.998894358528848159e+01
9.333728534863334403e+01 7.374786375587011378e+01 9.333728534863334403e+01 9.508785310670803881e+01 7.559345783683090758e+01 8.589810704640063932e+01 7.763925034448872964e+01 9.717991510742774608e+01 1.102370851276759538e+02 1.126975012635815290e+02 9.273251000239717712e+01 7.887454698547244902e+01 8.929082409032039891e+01 9.184227798789724773e+01 7.253968608465140733e+01 7.651083975969450535e+01 9.032852728125611463e+01 8.098586553607466954e+01 6.165895530251309964e+01 7.697640536613667450e+01 6.048003432861827378e+01 6.258823203294075199e+01 6.537978637319156405e+01 7.015848761804193146e+01 7.519742669624397990e+01 9.462521813550296201e+01 1.015148909114672335e+02 1.078158594564714718e+02 1.149180617543965468e+02 1.232650835820678310e+02 1.333516898680453551e+02 1.332974908709263389e+02 1.250375175244509620e+02 1.179210881376466631e+02 1.101952141563665322e+02 8.978267312569241199e+01 7.930804096780970269e+01
8.641137892475076399e+01 6.697372475702709949e+01 7.771859571631823371e+01 7.689117948910707412e+01 8.022681833662880990e+01 6.656544498067891880e+01 7.367489350293564598e+01 8.220966816906496888e+01 9.617755819756314395e+01 1.160717172827816626e+02 1.068796390773648000e+02 8.862339473116098532e+01 1.068796390773648000e+02 1.000684493132162487e+02 8.107480132866851363e+01 9.590053389621027691e+01 8.644374819111284580e+01 6.714723315567110262e+01 8.098586955551884614e+01 8.796323393314807504e+01 7.161534014639619272e+01 6.985566443665831571e+01 6.766739266793216245e+01 7.039628855230203897e+01 7.402720430556188091e+01 7.778383367148794036e+01 8.180909070432754504e+01 8.789044738918103405e+01 9.483000012951048063e+01 1.048224590521510322e+02 1.250136644566421040e+02 1.386222372287600990e+02 1.303419196370324187e+02 1.303007619003558659e+02 1.101952144241231935e+02 1.083516507770468564e+02 9.998893519527200624e+01
7.351719301190092892e+01 7.711005019639554803e+01 5.839218885761014377e+01 5.750463613609937141e+01 6.091676462196357278e+01 6.662295443622519997e+01 8.733363921321944190e+01 1.013740376756319392e+02 1.102370851276759538e+02 1.210870257431173229e+02 1.168643106560792262e+02 1.085368463817748932e+02 1.168643106560792262e+02 1.088681531271770382e+02 9.219296376364951584e+01 1.007732837028970181e+02 7.298220274383825767e+01 7.363863705511661806e+01 9.102598163908680817e+01 9.924297000440238037e+01 9.100741156235797291e+01 7.760951049270890678e+01 7.126659544722591022e+01 8.967787896991896446e+01 9.340764688538259009e+01 9.147260726884796611e+01 1.015148909114672335e+02 9.094968646141377633e+01 1.109370016553934875e+02 1.232650835820678310e+02 1.333516898680453551e+02 1.303419215001482314e+02 1.102473969295353271e+02 1.161329503634322862e+02 1.105128852743736729e+02 1.052725487146273196e+02 1.136082511410436098e+02
7.656716643412292456e+01 5.774998634143442189e+01 5.279372156342677158e+01 6.068670307863307301e+01 7.997083180898124510e+01 7.936143861957206980e+01 8.708231997605659558e+01 1.089267442105978603e+02 1.132652356893885610e+02 1.010669910128732596e+02 1.152028273120047430e+02 1.189192351582960754e+02 1.210892404228315229e+02 1.203998238547529382e+02 1.119898313879292999e+02 9.720965721464642684e+01 7.745807915626937756e+01 8.302126627827220773e+01 9.912259404112278105e+01 1.097090796990052866e+02 8.982977083583908495e+01 9.430795413632296231e+01 7.489338447581590685e+01 9.430795413971527807e+01 1.119396749331673107e+02 1.114150047024320287e+02 1.192789676165753150e+02 1.050325814329453635e+02 1.050325814329342506e+02 1.251915330344044008e+02 1.379043535972998029e+02 1.178960674041881873e+02 1.035867152324271530e+02 9.586951809265137570e+01 9.021714954026413125e+01 8.498799868357006915e+01 9.851103159755363947e+01
5.933548662479095981e+01 4.905727036399955665e+01 6.845196643472341691e+01 7.211526253842667700e+01 7.429033851058598259e+01 9.368475794711446270e+01 1.076930479551363931e+02 1.132652356893885610e+02 9.329480600985525030e+01 8.698817295288327500e+01 1.052274247145191879e+02 9.891103865820585384e+01 1.011001547956519317e+02 1.210892405566484911e+02 1.136277742780252424e+02 9.351976962973270702e+01 8.349992076412756603e+01 1.019606261720231970e+02 1.102308670337102257e+02 1.097090796990052866e+02 1.097090796990052866e+02 9.937234070652068851e+01 7.975805587452671830e+01 8.386698690556785607e+01 9.256625264422073940e+01 1.040460769736627213e+02 1.241934238730200519e+02 1.251915331360166874e+02 1.251915330344044008e+02 1.335253538002162088e+02 1.400859133433659736e+02 1.200863751111472766e+02 1.237563587566260139e+02 1.147432427099253260e+02 9.448314317839300713e+01 8.539824860494417180e+01 7.829866929386786012e+01
