MOVIE_S13_data/elevation_000829.asc
nrows	150
cellsize	150.0
xllcorner	0
ncols	150
yllcorner	0
NODATA_value	-9999
[rows 102 to 118 of 150, columns 111 to 147 of 150]
4.463323907980088734e+01 6.170287263215490725e+01 7.009248500167385032e+01 8.180686502288945405e+01 8.695588924008525566e+01 7.853321180438052806e+01 7.003254505963518284e+01 9.021949387667183373e+01 9.571120745063740287e+01 9.571933095598325281e+01 8.451354331983462487e+01 9.722966862246799735e+01 1.054934298928296528e+02 1.017627716438529148e+02 9.345674584612721958e+01 1.017627716438133376e+02 8.524433944956683717e+01 7.107406000317871531e+01 6.340093041672259488e+01 5.652267282282118543e+01 6.279594679938505664e+01 4.205241113258480823e+01 3.793101011956646573e+01 4.099676024543767028e+01 5.625318596398734883e+01 4.770669053001368809e+01 6.792791584012297790e+01 6.011124784607676474e+01 4.166659604243862702e+01 3.931152388738102132e+01 5.488699030609188867e+01 5.186734667821822597e+01 5.976026572005736170e+01 6.273635356286059306e+01 4.624322640543058327e+01 2.624322640542987983e+01 1.469622102163716093e+01
6.507392768095563440e+01 5.046166150443212217e+01 5.963235261816502941e+01 7.135465884412026583e+01 9.157746323534686894e+01 9.820490321207924467e+01 9.021867917543445969e+01 9.880189168326771210e+01 1.157012565965079602e+02 1.126607047040270828e+02 1.045824134056040009e+02 9.958793452816928493e+01 1.032278172435864718e+02 9.171602379691555029e+01 7.334633340732658269e+01 9.171604355660923602e+01 9.937510806284547016e+01 9.109642648972156564e+01 7.714147992049964841e+01 5.685213188777731119e+01 4.829964898783203608e+01 6.279594679938505664e+01 5.389264813040821878e+01 3.311011541581220285e+01 3.570910166832888422e+01 5.625318596398734883e+01 6.161926491048028964e+01 5.318581081346126638e+01 4.706890947909951706e+01 2.863156670450278440e+01 3.882347912540697621e+01 3.342266188620285305e+01 5.186574674020744879e+01 5.741942663364680044e+01 5.452749765289278372e+01 4.298049226910006126e+01 3.469622102163786792e+01
7.549604690055116407e+01 5.518782043821592964e+01 7.549605823060308296e+01 8.826230302212486833e+01 9.992777132007240937e+01 1.046806299242174987e+02 9.644647379292383960e+01 1.046806299242174987e+02 1.000653349763497459e+02 1.083132759908729668e+02 9.290034565668328526e+01 7.839843186570396938e+01 8.389824260314850335e+01 8.323923832053836236e+01 6.333422946086484018e+01 7.625808861711517750e+01 9.623366234404876707e+01 9.132548773830086475e+01 7.126627151356035483e+01 6.885838827151435737e+01 6.885838827151437158e+01 6.915905382689346936e+01 6.188007865960908305e+01 4.956216453074507911e+01 2.885384193042762746e+01 4.568314026452975440e+01 4.343264225703194370e+01 3.259062422756259991e+01 3.921778995817809488e+01 3.666790833596719068e+01 1.990298853234065746e+01 3.310549491833613445e+01 4.139400834719945266e+01 3.742139765843482024e+01 3.742139765843481314e+01 4.000617320594162862e+01 3.422607679225131960e+01
8.159781871349494509e+01 6.136050724778460363e+01 6.806220101694557911e+01 8.236722729729089565e+01 1.025816993396197603e+02 9.482301147827234900e+01 7.679896809439181027e+01 9.482301147827234900e+01 8.038957442598790237e+01 9.691346949870467142e+01 8.431521265581703517e+01 6.407912949234938083e+01 7.334332220662204804e+01 7.625808861521414883e+01 5.628683521059278405e+01 7.625808861711517750e+01 8.999738878772853923e+01 9.960663558890246350e+01 9.132548773830086475e+01 8.899973850146704990e+01 6.915905382689346936e+01 4.857100312274852172e+01 4.109648662772575989e+01 3.529298974166976421e+01 2.998380406408319132e+01 2.506538769733154481e+01 2.293076996229414988e+01 2.083530784668729652e+01 1.879821569786811963e+01 1.683356296013182885e+01 1.489831033063679833e+01 1.310864755135902016e+01 3.062129206535719916e+01 2.900775190217419564e+01 1.742172377348082790e+01 2.000679605416099704e+01 3.376449911600619913e+01
7.305420617512372417e+01 7.305420617508455905e+01 8.828777073732675262e+01 9.663891267416452990e+01 1.005390302910620619e+02 8.085832665164585364e+01 6.696831685341410889e+01 7.735755701315407862e+01 6.905026477409769825e+01 8.870552928735220632e+01 9.010202413486540252e+01 7.344134188409844910e+01 5.342708083253505436e+01 6.447317666824049809e+01 5.078633130599170897e+01 6.173051199566994285e+01 8.171312525437160446e+01 9.610655394653551298e+01 9.611135762886512168e+01 7.608836096479201672e+01 6.172401763355983206e+01 6.188007869473680955e+01 6.188007869473680245e+01 5.611574738418013908e+01 5.055148343726092719e+01 3.069475411268171783e+01 4.343264225703194370e+01 4.129517404050625373e+01 2.784887164154681827e+01 3.721548547474183266e+01 3.614877215488349549e+01 3.062129206535719916e+01 1.060805293878556199e+01 9.006642180578001700e+00 7.420471215025056466e+00 5.863441831082107036e+00 2.287374227465211618e+01
8.472048877689695701e+01 9.326861022274424329e+01 1.016165377927201519e+02 1.009044721341537638e+02 9.510252126417039165e+01 9.126158410542269905e+01 7.159832041993361429e+01 5.764098203848269009e+01 7.159832041993361429e+01 9.126158410542269905e+01 8.180753070466053600e+01 6.182339685900062420e+01 6.447317666823367688e+01 4.458400008787431545e+01 4.551330806842751997e+01 6.539799950600179557e+01 6.782935913928015736e+01 7.627863233699920897e+01 8.456243751305068201e+01 9.023590758977798032e+01 8.195296090802338540e+01 8.218303576233648755e+01 7.947903773648174308e+01 5.946836605686616650e+01 4.518139360297990237e+01 3.796760714180985019e+01 5.824500644010301187e+01 5.686749294084938811e+01 3.971394047617751255e+01 5.264562290965774594e+01 3.681384056940357397e+01 1.679439162944102648e+01 1.943285533350615424e+01 2.900775190216796062e+01 2.742156071595783828e+01 2.368895872156294402e+01 3.687709804576356554e+00
1.049455618834252704e+02 1.033948904014223160e+02 9.516471954039846537e+01 8.119831264963447381e+01 7.543900086742894473e+01 7.611549402828705979e+01 7.146774781111993491e+01 5.331864710846782884e+01 6.729099230500877127e+01 8.697071522572157676e+01 7.961725618973308372e+01 5.963908200346217114e+01 4.561165375370877229e+01 3.914101667708572307e+01 5.894899019730363676e+01 6.687776268042398442e+01 5.375338733444903738e+01 5.633637628740051184e+01 7.627863233699920897e+01 7.309476963124335214e+01 8.140342101011050602e+01 8.237503500133783518e+01 7.415988262560408373e+01 7.365391743684592996e+01 5.827234700087188912e+01 5.240509349256493010e+01 5.827234700087188912e+01 6.870169359668580000e+01 6.030189968745576579e+01 4.436858471285260208e+01 2.438061070651590967e+01 2.572730257307764390e+01 3.808026597116822387e+01 3.808026595026480976e+01 3.783136967923973515e+01 1.783098029823934638e+01 2.155681841313465341e+01
1.091264391885572707e+02 8.938158590808014026e+01 7.553521912829006624e+01 6.810400642550052908e+01 6.151264077736287561e+01 5.639677682392517255e+01 5.173658642705574096e+01 4.929050586788787314e+01 6.325752369342561110e+01 8.295361439087308497e+01 8.548217404461988167e+01 6.549055374688940390e+01 5.555110375029815373e+01 3.578051078486208780e+01 5.138096020148881848e+01 4.700687005197964652e+01 4.234211693426922096e+01 6.217732785216946212e+01 6.988377526075754531e+01 5.318616690657444934e+01 6.988377526075754531e+01 7.092835441528944784e+01 5.433650831689710969e+01 7.092835441528944784e+01 7.832091587132289590e+01 7.243714999450767777e+01 7.832091587132289590e+01 6.483318276939745317e+01 4.485525613270379353e+01 3.333008144643000747e+01 4.436858471285260208e+01 3.980567360071784577e+01 4.566371792208565239e+01 5.888760557206706636e+01 4.611541858207503708e+01 3.783136967923973515e+01 2.876053301882144808e+01
1.071167851915625562e+02 1.033948904014223160e+02 9.516471954039846537e+01 8.774546576170141066e+01 8.119831264963447381e+01 7.611549402822248567e+01 6.522820672519328866e+01 4.550939442987765204e+01 6.522585271621201741e+01 8.058539743511720133e+01 6.966622631203217964e+01 6.172659886537425677e+01 6.370539697881095265e+01 5.138096020148881848e+01 3.163888449982394491e+01 3.307674969188339276e+01 5.281913935859257947e+01 5.922385359671046245e+01 5.103661418766758828e+01 4.183725372598016889e+01 6.160053248896644362e+01 6.271485213222540978e+01 4.304824771005289819e+01 6.271485213222540978e+01 6.882869373840910043e+01 7.702852579646933862e+01 7.510794708722426094e+01 7.311609951896235771e+01 6.157865851944010416e+01 4.331090529897299746e+01 6.157865851944010416e+01 5.980628822424432656e+01 6.567310401555725718e+01 5.121057302234119391e+01 4.297445907725663261e+01 3.670930105888617589e+01 3.615257992758885308e+01
8.735121491408675354e+01 9.058891192198711906e+01 9.639224690210923541e+01 8.548552513480316861e+01 7.728896175295128046e+01 7.728887704444855444e+01 6.244519902869262040e+01 4.274107274380943267e+01 5.280424118502473618e+01 6.671962401680266908e+01 5.906556846197950250e+01 4.294459943942207758e+01 5.004895277183931768e+01 4.873139303828269675e+01 4.730633354275716584e+01 2.760435003408382570e+01 4.381278337423983515e+01 4.269342363503049143e+01 3.135316163569217451e+01 5.103642791782016275e+01 5.766791979387920009e+01 5.576165745730963152e+01 3.619322369394767236e+01 5.576165745730963152e+01 4.902059663031221248e+01 6.559433659495179825e+01 5.524608848515573101e+01 6.930328960336791511e+01 7.156962451049805907e+01 6.328693759673053876e+01 7.156962451049805907e+01 7.418490451552511900e+01 6.271119280719049982e+01 4.297446535527740963e+01 2.299477095519576153e+01 1.667022768977329505e+01 2.850526546198826594e+01
8.061223262171601789e+01 7.090617628987594401e+01 7.667111608421853930e+01 7.728883729316285667e+01 5.757376259427170595e+01 5.757376201041397934e+01 6.118443620276055839e+01 5.857657593211741442e+01 3.890797849034388634e+01 5.489118569803866166e+01 5.137582535372240500e+01 3.173569219704755184e+01 3.040208683214135732e+01 2.907282848168694400e+01 4.585324913960180737e+01 4.124641637013829154e+01 2.405698746526878651e+01 2.291405734008678152e+01 3.822257971403846000e+01 4.003378843976705781e+01 3.488912279887203738e+01 4.843206136576124976e+01 3.031035683740438103e+01 4.986155260353994834e+01 3.766395054596847558e+01 5.676374562000609814e+01 4.129927297156245203e+01 5.940237457295776125e+01 7.084030628352516601e+01 7.662011191604668170e+01 6.836542343164562396e+01 6.599086705727214053e+01 4.608016537430826531e+01 3.454054260855284753e+01 3.604722716217844436e+01 1.606455394588418883e+01 8.505265461988621212e+00
6.090664994432523116e+01 5.693437832713203761e+01 7.157511230726028373e+01 6.904292521020744289e+01 6.334760024608475959e+01 4.363846810505292950e+01 4.149452190061264645e+01 3.938960605293680572e+01 3.730837113990894949e+01 3.524833037652712164e+01 3.364376690678960813e+01 4.999429802133192169e+01 5.004895277183931768e+01 4.670307821223963174e+01 2.719547020550373873e+01 2.588361242240529236e+01 4.207533464114221999e+01 4.113076886742389604e+01 2.133047137616264166e+01 2.022249374936035693e+01 1.911949567938292915e+01 3.742066722250230271e+01 2.483703628271328157e+01 4.450361987361019089e+01 2.886022915040230430e+01 4.188501222140842373e+01 3.146080302025302444e+01 4.282320987983607807e+01 6.259885881089325466e+01 6.515538722038265007e+01 4.853738637018446411e+01 6.515538722038265007e+01 6.271119280719049982e+01 5.015293520014127893e+01 3.020445158597904722e+01 3.604722716217844436e+01 2.850526546198826594e+01
8.061223253915032672e+01 7.157511230726044005e+01 5.181852767322184405e+01 4.929498340857452376e+01 4.685849216550970908e+01 6.320771671285378801e+01 6.115407251530729127e+01 5.906121814949801063e+01 5.696419926256955080e+01 3.751677216269081327e+01 5.328298481430388733e+01 4.236625963676384288e+01 6.181929346912164647e+01 5.588057382914114868e+01 3.929115233695251419e+01 4.708580383828690685e+01 3.731531123573653730e+01 4.931377171864267694e+01 3.277094098991499038e+01 3.943189207024508391e+01 3.036412572268553944e+01 1.756897949385205493e+01 3.602323347310569801e+01 3.505254389965669759e+01 2.136392236199459660e+01 2.213085556250021568e+01 3.610190842818330026e+01 5.584588018522067188e+01 6.042805741873653602e+01 5.691770089670913535e+01 3.718321897181198210e+01 5.691770089670913535e+01 7.173410357585518682e+01 5.834020691646034606e+01 5.015293520014127893e+01 4.058397411886419803e+01 2.058397411886349104e+01
7.694851075894287362e+01 5.721170877698742885e+01 7.130488859339337182e+01 6.328195104622069778e+01 6.659391010979078374e+01 5.741462061105455916e+01 7.711546465060810363e+01 6.123763088549253553e+01 4.154868447365675621e+01 5.717611132014757658e+01 5.717611132014715025e+01 6.181929346939024583e+01 5.267479886926501109e+01 6.972350907410017840e+01 6.276547497945733767e+01 5.350983704355529369e+01 5.145362736678649185e+01 6.067013514187777190e+01 5.250823706381412137e+01 4.234847567238949750e+01 2.067281022287786030e+01 3.033245540151026631e+01 1.621084377023166567e+01 1.525713756949638444e+01 1.430672792153782247e+01 3.278306253231995981e+01 4.100471499524009289e+01 4.461744456237577339e+01 4.073420126304069555e+01 4.994050790056008537e+01 3.022602233031275887e+01 4.370623715039097590e+01 5.687834872021648636e+01 4.878784225705083344e+01 5.687790835413984070e+01 4.886824536632639138e+01 3.732123998253367603e+01
6.333694906299975003e+01 6.863214742526285761e+01 8.476186884193025151e+01 8.311161444151861133e+01 7.351779928684430843e+01 7.136570269815506151e+01 7.811151117970483426e+01 5.840356183026778325e+01 4.446546852200727784e+01 6.417588655143683241e+01 7.688518690252789156e+01 7.993967789235668420e+01 6.222352604385348229e+01 7.993967789235668420e+01 8.124160000739888687e+01 7.314807234321838791e+01 7.162161255154796891e+01 6.690143515819924858e+01 5.320327417712051954e+01 4.202997364742289221e+01 2.289154242461630773e+01 4.090171934697217182e+01 2.762015148420082156e+01 3.508453377213392343e+01 3.283675551703104389e+01 1.299491053465718338e+01 3.154649200306155876e+01 2.484552600324026272e+01 2.690656692336614952e+01 3.624555755134201007e+01 2.396712879249314909e+01 4.370624017050958088e+01 4.731442738500281564e+01 2.982871379898497111e+01 4.731271121993741247e+01 4.603395092203522410e+01 3.415418881323221711e+01
7.139870751934844861e+01 8.830877699806363523e+01 9.653566287584959582e+01 1.014931134847917065e+02 9.322790172296707567e+01 9.106220419192220561e+01 8.138780498477568415e+01 6.725694350992810655e+01 4.752855322389743975e+01 6.725694350992810655e+01 8.264248639242346428e+01 8.962896307563275400e+01 8.147245642753509287e+01 8.962896307563286769e+01 8.094950750937313444e+01 7.270414851262846412e+01 7.024510852440508302e+01 5.650390463896456339e+01 3.950511642374809895e+01 2.612693974372287897e+01 4.202997366105606147e+01 4.159701652797406979e+01 4.145736980708223030e+01 4.686782679089368031e+01 2.706345149436885222e+01 3.154650473311327730e+01 1.169434584132080701e+01 1.077769348422914319e+01 2.728227417439307345e+01 1.644503120162489651e+01 3.624555755134201007e+01 4.067098382493114883e+01 3.930816930549503496e+01 2.036382119875014141e+01 2.987492645830836935e+01 2.448634536613745638e+01 3.532060044712167013e+01
9.104442816473881805e+01 8.526198424100707030e+01 1.050044827090739403e+02 1.065118781951234581e+02 9.511579287278944150e+01 8.690888815849129401e+01 7.320555774449618980e+01 5.347623668741118763e+01 6.725694350992810655e+01 5.473587857290803527e+01 6.869453516289598838e+01 8.837462298281202777e+01 8.726234215190746113e+01 7.731120506301914475e+01 6.905936223491005421e+01 5.303955030641829893e+01 5.664807130933812118e+01 4.276269699876691277e+01 2.955879409844457939e+01 3.299024086067054640e+01 4.480168019434653814e+01 5.993533444742743654e+01 6.177625170626812690e+01 5.512040058026652645e+01 4.688657185540060368e+01 3.327057707148694732e+01 1.379290325134172335e+01 2.945780300420224762e+01 9.591073101227983955e+00 2.829931192350835545e+01 2.748520180878676555e+01 2.087477916500247588e+01 3.386403113158809219e+01 2.964831669783631796e+01 1.073103983038410547e+01 1.163765740515603397e+01 2.154942633167176780e+01
