MOVIE_S9_data/elevation_000654.asc
nrows	100
cellsize	150.0
xllcorner	0
ncols	100
yllcorner	0
NODATA_value	-9999
[rows 68 to 84 of 100, columns 0 to 36 of 100]
5.009162696260269221e-02 1.419222725069367819e+01 3.419222725069437985e+01 3.299090673590140455e+01 3.735526454061088941e+01 4.194357921795796784e+01 5.022785041740382184e+01 6.203128829921153198e+01 7.031793219172155318e+01 6.548179618079903719e+01 5.721680780055891802e+01 3.884093391233482606e+01 5.144300373397543069e+01 6.393387990878191829e+01 7.224085906416371472e+01 8.223242668955492718e+01 6.946837476725329452e+01 5.145571633867519523e+01 3.705733428146218955e+01 5.717249183341088781e+01 5.717249183341088781e+01 7.707553479496995408e+01 7.269302188281203314e+01 6.260463312362944777e+01 5.418301221027149239e+01 3.950077273302112246e+01 1.957495529525611033e+01 3.950077273264746225e+01 3.987168769690465808e+01 5.982632717787506493e+01 7.015263075165698581e+01 6.508030853036862595e+01 4.533680458797943658e+01 3.139164884965917679e+01 2.246992980743931767e+01 1.957549965541265635e+01 3.910042974703173257e+01
4.695337527364121244e-02 2.004695337527328647e+01 2.709322848966874631e+01 1.299090673588286826e+01 1.735526454060264001e+01 2.194357921801379518e+01 4.194357921795796784e+01 5.527637136996810341e+01 6.356064253512398921e+01 7.510764786204636323e+01 6.628631936243512257e+01 4.640693741585366183e+01 6.628631936243512257e+01 7.967632804732721752e+01 7.918068378081687797e+01 7.086159710229148345e+01 6.807404756012513758e+01 4.726993389746095175e+01 3.185750512198640294e+01 3.636071635355247622e+01 5.512468340676094414e+01 7.010158978507624283e+01 7.126501236535946759e+01 6.339165657257404973e+01 5.170429960197245123e+01 3.176353669010740433e+01 1.761866345852050486e+01 2.582680951125180613e+01 4.572385052717977061e+01 5.782935707992128727e+01 5.077574069282281499e+01 6.437919543479671347e+01 5.930960293541950534e+01 4.937118236211350109e+01 3.895801411585172502e+01 1.919992138958610539e+01 3.902230049703702264e+01
7.614146464036156137e-02 3.557694583754311246e+00 7.093228489687033900e+00 1.709322848968685804e+01 3.709322848928682248e+01 4.194357921792366994e+01 2.950286867819820813e+01 3.527637137009426027e+01 4.682337675388636455e+01 6.682337675358789397e+01 7.455790496447093574e+01 6.046993029007621345e+01 7.455790496447093574e+01 8.004151637719988344e+01 6.748824127540385120e+01 5.054016579572578394e+01 6.748824127540385120e+01 6.125434910500788277e+01 4.676660409348167491e+01 2.513698945810695662e+01 4.676660409348167491e+01 4.983677651804629960e+01 6.012221083797254551e+01 4.397083376516745545e+01 4.701064981267462883e+01 3.522093122610576188e+01 1.569581310779319772e+01 2.469327505301363956e+01 3.996668056098901900e+01 3.796634798001813493e+01 3.682185857151037567e+01 5.645015388755155072e+01 4.983055170538148815e+01 4.156505388643599019e+01 3.813356728567237752e+01 1.882259420567922348e+01 3.275894904772958682e+01
2.352828262072655108e-02 2.002352828262037221e+01 2.709322848966874631e+01 2.709322848965846120e+01 3.709322848899425651e+01 5.709322847299581127e+01 4.950286867810847014e+01 5.527637136996810341e+01 4.792548201076733250e+01 6.206761763449778613e+01 8.206761763332670512e+01 8.032832474496255770e+01 7.793499117379982977e+01 6.623416251358722207e+01 5.140645462225025852e+01 3.869704360767066476e+01 5.912901326712729855e+01 5.536820674876151571e+01 4.288181062417249478e+01 2.119155442111472709e+01 2.854227332339991108e+01 4.605591854352437053e+01 5.134930677026308388e+01 3.258288115079925973e+01 3.797197604299805107e+01 1.962595528310305681e+01 1.378658410472146123e+01 1.415507558850272041e+01 1.882684722109503639e+01 2.442317936017833802e+01 4.402082168703904586e+01 5.795757971099997263e+01 3.629700658874164532e+01 2.150394420827512576e+01 1.828572116039473272e+01 2.901965857229113865e+01 2.928752465673690253e+01
6.786455232800275850e-02 1.421000017605907750e+01 3.421000017605977916e+01 4.709322848896626112e+01 4.631620402350463905e+01 4.979801024263812792e+01 5.091683471827407459e+01 5.920429364621803359e+01 6.792548201042410483e+01 7.620975310910809242e+01 7.413340226308056913e+01 8.243755925311424448e+01 6.961240953669457099e+01 4.927393138851074639e+01 3.743051008524058432e+01 3.098749911604805973e+01 4.494941393812670327e+01 3.498645223443505614e+01 4.935415167744281462e+01 3.754238932191892530e+01 1.630376583545650249e+01 3.320661006608060717e+01 4.116073674292525908e+01 2.365347589428326458e+01 3.291422603657455426e+01 1.328018503268245176e+01 3.306353593159243331e+01 3.408899528324744210e+01 1.468673056771475771e+01 3.467335622363722791e+01 4.049942425195710882e+01 5.451472157683027575e+01 4.740692698418017414e+01 3.775078249569121169e+01 1.790091926310513060e+01 3.748583627883726876e+01 4.877976924293530203e+01
3.257643153035955086e-02 2.003257643153000345e+01 2.588499713186516971e+01 2.897110559646042205e+01 2.631571477962831551e+01 2.979727333594026106e+01 3.091603824552002422e+01 4.765566137286740656e+01 5.920429302803599114e+01 5.998569010282126612e+01 5.412551584949110861e+01 7.413340226308056913e+01 7.222823605025625682e+01 5.192260084869690218e+01 5.786998370293331817e+01 3.897749686673584790e+01 2.458758080230998289e+01 2.065094076199993012e+01 3.571291588499786229e+01 3.757172795246713548e+01 1.377829373412643044e+01 1.542378919851165620e+01 3.173997304708846556e+01 3.146002797052723210e+01 1.277870663110461535e+01 3.266649477605326979e+01 4.050783883294273124e+01 4.219111303778590383e+01 3.477664669033222822e+01 1.523039073648296693e+01 3.516921572082172531e+01 3.475313105225308874e+01 3.003858630620470294e+01 3.688246243212208242e+01 1.751086534314025300e+01 3.739544204859538468e+01 4.793154841791166376e+01
1.880098487986705744e-02 2.936100814837764528e+00 5.884939937935719456e+00 8.971006937177584462e+00 1.217357001327935428e+01 1.565512313239334219e+01 1.936902989593444602e+01 3.091603824552002422e+01 5.091683471677607997e+01 3.998308321535878207e+01 5.153016882514791064e+01 7.154045528511034036e+01 8.054572417858997824e+01 7.222823605025625682e+01 6.772702136986652022e+01 5.335225911830121248e+01 4.494941393812670327e+01 3.571291588499786229e+01 1.553919332743361359e+01 2.319554105282194101e+01 1.123169415974669860e+01 1.158124057288157260e+01 1.193098594262253620e+01 1.228152645856857283e+01 3.232021559583150605e+01 2.026499110212453658e+01 4.005947725182395658e+01 5.486800220770836489e+01 3.934108061334082151e+01 1.936579310406646925e+01 1.578301647847093747e+01 1.617743969136046189e+01 1.657211877505465836e+01 1.696449016593383163e+01 2.666946510346058474e+01 1.993653443497905897e+01 3.975406906548122521e+01
2.900726248362994752e-02 2.002900726248327601e+01 2.002707868961541848e+01 2.897110559646042205e+01 2.372057646662869601e+01 3.565535354863570916e+01 3.936936949008944708e+01 2.569358521678594798e+01 3.103881005772637991e+01 5.103991312020578874e+01 6.828153755130264813e+01 7.985522913042760251e+01 9.705091546440345951e+01 8.336878296491197204e+01 7.150100436158923856e+01 6.294844985645902824e+01 5.533768621466565918e+01 3.616966060668060834e+01 1.522889530968270044e+01 1.073964251152453997e+01 2.854094265188448176e+01 3.363600439662140928e+01 3.109925971622943663e+01 1.265271674221459719e+01 2.692299582560326954e+01 4.012444961398652765e+01 2.846195102079788697e+01 4.802789883137149474e+01 4.233585509395771851e+01 2.242687847236699739e+01 3.581180255682034641e+01 3.616226702388384950e+01 3.114217317846078359e+01 2.022819935994026608e+01 3.931655831119966393e+01 2.366749372284736452e+01 2.264462678535722873e+01
5.081304048347550645e-02 1.419294866421455126e+01 3.419294866421525825e+01 4.831224435680943685e+01 4.372093460721092129e+01 5.200676073416863687e+01 5.398215740938908880e+01 4.569425044058652219e+01 4.202367975908673259e+01 5.103991148142907264e+01 7.104663729797401572e+01 6.876816996409921501e+01 8.292424305993552025e+01 7.476411787231106132e+01 5.429878100639132299e+01 4.281226283131839949e+01 3.510953291039781732e+01 4.332384136745380943e+01 3.184989314920004944e+01 1.039199427695904809e+01 2.694463856485825914e+01 3.543771894640080689e+01 4.255878679367035744e+01 3.593172945396376861e+01 4.393147647683161949e+01 4.615236925727676010e+01 4.808685060500597785e+01 3.837250603666029747e+01 5.056680356251303010e+01 4.233954338527827588e+01 3.027903226421483396e+01 5.001397794980985623e+01 4.579173928070565580e+01 2.848937635363172305e+01 4.686115272798265607e+01 2.743514787582366665e+01 4.242895003012198885e+01
4.469920835086939326e-02 2.004469920835051511e+01 2.845763155755799900e+01 3.304601805238784351e+01 3.804613290331142395e+01 4.471293375781187507e+01 5.227246790695522094e+01 6.056028974126614628e+01 6.202631952154428774e+01 7.031614966366565511e+01 7.286399092011720313e+01 5.443832440002235984e+01 7.286399092011720313e+01 7.495042299606780034e+01 7.150099038139251206e+01 5.748307216272827702e+01 3.725093648390935641e+01 2.515683008063230375e+01 3.336467387179347099e+01 1.004272463331651011e+01 2.037340835284944873e+01 2.085337023191359407e+01 3.940914639266285491e+01 4.846004252582184080e+01 5.652260713678289505e+01 6.480847663045598495e+01 6.497922506305475565e+01 4.582004684669181671e+01 6.497922506305729939e+01 4.653668458174783495e+01 5.017886415668687050e+01 4.095425197574947873e+01 5.655700537712161236e+01 4.008864955152481002e+01 5.106714509021741577e+01 3.130453885225662347e+01 5.106714509021741577e+01
2.324776005098762310e-02 4.193536041192501784e+00 8.457550368304747934e+00 1.304586504571602390e+01 1.804586504571627970e+01 2.471253171270488380e+01 3.227182119335886057e+01 4.641400928407671245e+01 6.641603789670166691e+01 7.778937012665328155e+01 6.454364363484314993e+01 4.414092690873286529e+01 6.454364378089960042e+01 5.470656123966379880e+01 6.898508809359606175e+01 6.599263466990292670e+01 4.967240803311767650e+01 2.905530799980281387e+01 1.674810094830784024e+01 2.233891741104102024e+01 9.548387716248633694e+00 2.944757171798389450e+01 3.368267973445626495e+01 3.038802095387170255e+01 4.586273404098064788e+01 5.404999277145706316e+01 6.549041011997645967e+01 5.703707138366287666e+01 7.268531392102431710e+01 6.054093520695006703e+01 6.907572804939333366e+01 4.981729138420460856e+01 6.791908305432210113e+01 5.975409330416553644e+01 5.518615737012910927e+01 3.543206801465575495e+01 5.518615737012910927e+01
8.699724428260374731e-02 2.008699724428224798e+01 2.845763155755799900e+01 3.304601805238784351e+01 3.218801358864815398e+01 3.437601876301909698e+01 5.227246790695522094e+01 6.056033720722248859e+01 6.926180342899485254e+01 6.947185268927665902e+01 4.915682337180535910e+01 3.718649029603175649e+01 4.968024521363577151e+01 4.013978857473700401e+01 5.470656124051586744e+01 7.495042475652789449e+01 5.817877092169345588e+01 4.628916697144371284e+01 3.749472078218470728e+01 1.843822730425053180e+01 9.198225492442313467e+00 2.233574518300095946e+01 1.603976461918160368e+01 2.206099393239386330e+01 2.801190579675997228e+01 3.787591199537216369e+01 5.708514673548137353e+01 7.582840876240118178e+01 8.348100317105790680e+01 8.049281266411665570e+01 7.798213125697913028e+01 6.378227265468186147e+01 7.798213125853405359e+01 6.504044003812646224e+01 4.533187356379941235e+01 4.116021567686261307e+01 6.087826909437813327e+01
2.249585233037712170e-02 1.156950123612279313e+01 2.571163685985349190e+01 4.571163685985278136e+01 5.218888400277125328e+01 5.438210035267334774e+01 6.268323200659654759e+01 6.325093988155349933e+01 4.890313747482296947e+01 5.486608366671774917e+01 5.214534024471591778e+01 4.370879245542214875e+01 2.899441741589292221e+01 4.968024521363577151e+01 6.898508793758553281e+01 6.809128831209092425e+01 6.689236011950498551e+01 4.779255895209942651e+01 3.340237296149592083e+01 3.691058925350992581e+01 2.512471542822079229e+01 8.696025030843401282e+00 2.833182380445377291e+01 3.676733399238418087e+01 4.586273404098019313e+01 5.404999234670727049e+01 5.732636363426061621e+01 5.937179323780546980e+01 6.763248411307861829e+01 6.969301592217117047e+01 7.794496587393909692e+01 8.376171531069616094e+01 7.751076172938911668e+01 5.779345187969251185e+01 6.504044003812646224e+01 4.741362767073505324e+01 6.710533311657894728e+01
2.739267172789772165e-03 2.000273926717243356e+01 3.382101092687178578e+01 4.210522075047717294e+01 5.365203840436604565e+01 6.173237990842493161e+01 5.334320041185672778e+01 5.334616240949096522e+01 3.429819398554146659e+01 3.429819404765810020e+01 3.818084081498400906e+01 2.302482467239205022e+01 4.370463190032828749e+01 5.806753582706103600e+01 5.172516904865320697e+01 4.804690612159394902e+01 6.809128831255878822e+01 6.125733440628684434e+01 4.832356013183920851e+01 4.023921490650117505e+01 3.375221399940363654e+01 2.479466559475475051e+01 8.177264274013055001e+00 2.875125382693503084e+01 5.055769750077080715e+01 5.139618747454797187e+01 3.718965304620777346e+01 3.933470989137119744e+01 5.344892523038453191e+01 4.979814915698566580e+01 6.921150063084645865e+01 8.068541902467569571e+01 8.573992766928090248e+01 7.171464458141166176e+01 7.406714536164369633e+01 5.437616677031247292e+01 7.406714536164369633e+01
8.327778614586213435e-02 6.749944452812499662e+00 1.382101226467791300e+01 2.536801764830673989e+01 4.536801103357252885e+01 5.334472361019334841e+01 3.265467849148918589e+01 3.265469224865767472e+01 4.032228263141140445e+01 1.966388888490613240e+01 1.753121850343882571e+01 3.818084081498309956e+01 4.921595074185525931e+01 4.088860035948220428e+01 3.145177468344661875e+01 4.584695471213390761e+01 6.591643382343305291e+01 5.453965850402600068e+01 3.435811369238439994e+01 2.003963220590319239e+01 2.739356584358218782e+01 7.706121650320189254e+00 7.897801958167557146e+00 2.362617143021254407e+01 3.798291947346226038e+01 3.703525900467914056e+01 2.283142177642625725e+01 2.802983922910344106e+01 3.356544079021571747e+01 4.107519850918595949e+01 5.255974659190530218e+01 7.244571544058520374e+01 8.399820188876815052e+01 9.150382635713962998e+01 8.228700034675109976e+01 6.572387029467795116e+01 8.228700034675109976e+01
6.510866554257997707e-02 2.006510866554222616e+01 3.382101092687178578e+01 4.210522075047717294e+01 4.830196539345480744e+01 4.819761564035797363e+01 3.871504754275426308e+01 1.767319136998711215e+01 2.846968181118893781e+01 1.217233775954430897e+01 3.301849508206843353e+01 4.664268459175363546e+01 4.088860035946002824e+01 2.055895579450145760e+01 4.088860035942101234e+01 5.396043456362564683e+01 5.097294863668365394e+01 4.266754636586632898e+01 3.516240609218681357e+01 2.675788002402979160e+01 7.230825918766535132e+00 2.412949608914957622e+01 2.252290715974585922e+01 9.656567077061712467e+00 2.884605311732254407e+01 1.674674428215385191e+01 3.703525900467914056e+01 4.552494955074530480e+01 5.344892521523806295e+01 6.096702920697578776e+01 6.921150063084645865e+01 5.614176540244514513e+01 7.009695164799630618e+01 7.447393042065398561e+01 8.254258325211857539e+01 8.546427105388028167e+01 9.371386979135313311e+01
8.953482861371392376e-02 1.423167046261319513e+01 3.423168036179819751e+01 4.340429625035974937e+01 3.016580772561718504e+01 3.217433463031080265e+01 4.189975762057891728e+01 2.845693670295356981e+01 6.961927076092302435e+00 2.773400241049417758e+01 3.384096122953956609e+01 3.952355667365463887e+01 3.484393516262763768e+01 1.402774785719946848e+01 3.494980697828074767e+01 3.291669439605314551e+01 3.299680986170001518e+01 2.268468003245681075e+01 2.642816325665343413e+01 6.757464176400508116e+00 2.646878900325875961e+01 3.340647899681600563e+01 2.768313816030722663e+01 2.993815480501390880e+01 1.117941281664030129e+01 3.146160466151492940e+01 4.537801861751977839e+01 5.935544217025555724e+01 5.455977164086077380e+01 5.653045952555910958e+01 5.011976930514635598e+01 4.198018149562408752e+01 6.110856263456462045e+01 5.613794736369037963e+01 7.447393042065398561e+01 8.575132170153904099e+01 7.749258983940868006e+01
