MOVIE_S9_data/elevation_000637.asc
nrows	100
cellsize	150.0
xllcorner	0
ncols	100
yllcorner	0
NODATA_value	-9999
[rows 17 to 33 of 100, columns 0 to 36 of 100]
5.222468517465790605e-02 2.005222468517430201e+01 2.553839662370877761e+01 2.839555211229918896e+01 1.383883154798198412e+01 3.383887428274729103e+01 2.995721752250630132e+01 4.409939621855057368e+01 6.410082665750121578e+01 5.833098061036277215e+01 3.871472135601032249e+01 2.931205094001302314e+01 2.688097769688156902e+01 4.597225020794612504e+01 5.001065762960097061e+01 2.927721312011741261e+01 5.001065762960080008e+01 4.324251224915141734e+01 5.780331020803540554e+01 3.877292012890154638e+01 1.739178604099726044e+01 3.877292012953240175e+01 5.309807176852894628e+01 5.838513075462792301e+01 4.295562570814353620e+01 5.838513075462792301e+01 6.734999198114876151e+01 4.749471871374526444e+01 2.727203786844123812e+01 1.901321619721630896e+01 3.331900746621848697e+01 5.353059296889135510e+01 6.880307310373723340e+01 5.728089089477172990e+01 3.710105535572093061e+01 4.535157497846243047e+01 5.699484869545080556e+01
7.333276091007127906e-02 2.007333276090971452e+01 3.651266980050885991e+01 3.783888496643862709e+01 1.783883154798205339e+01 3.783888496643862709e+01 4.995767956068823423e+01 4.995767956068823423e+01 6.996056064690061760e+01 6.655510078793857076e+01 5.671192690789834501e+01 4.022115402565505349e+01 3.339847670424684623e+01 5.285703980181076389e+01 5.690262604668782842e+01 3.622672079543517043e+01 5.690262604668782842e+01 6.388801813943937447e+01 5.841755520996022710e+01 3.739603233559010675e+01 2.213250663541957408e+01 2.298564416044793290e+01 4.445640949285568411e+01 6.509791581634725333e+01 6.095963508711715662e+01 6.902989199498884432e+01 6.177575079452656581e+01 4.157932155274000507e+01 4.133546571410503390e+01 2.111637657309249860e+01 3.015680131311463441e+01 4.027912203398616242e+01 6.047363606515228440e+01 6.203364165129771379e+01 4.186942791616306891e+01 6.203364165083272042e+01 7.389355074727933470e+01
6.343274376862209629e-02 8.228398553045954245e+00 1.977540393683867492e+01 3.977540393683938191e+01 3.783888496643862709e+01 2.401096554648344394e+01 4.401104280849742167e+01 5.959899376651229375e+01 7.290789248666877143e+01 8.119366528390455073e+01 6.808887728947145490e+01 5.986317479145267839e+01 4.191093669243411313e+01 6.110910924631698293e+01 6.539782888813844863e+01 4.659423603412777481e+01 6.539782888267272654e+01 6.309948772268888462e+01 4.221727217324802695e+01 2.985809949081423653e+01 4.355309383646856958e+01 2.787635373373469250e+01 3.548818226797683906e+01 4.772664716435320287e+01 6.857303704973628555e+01 8.346952894419459312e+01 7.012010739112317026e+01 6.177575079400353530e+01 4.351541871928947103e+01 2.330018919647032050e+01 3.233536913345057684e+01 5.255850151828289540e+01 6.880307340522898585e+01 6.785407737749159196e+01 4.769149657764840100e+01 5.832766563740268140e+01 7.852334390953384968e+01
3.497053469895897854e-02 2.003497053469860489e+01 3.651266980050885991e+01 4.805967518430157526e+01 5.229582247550461460e+01 3.555797153950274492e+01 3.131393298187652974e+01 5.131405467963969613e+01 5.290732815292311386e+01 6.704959699802667217e+01 8.705106890773774353e+01 7.004985426375762358e+01 5.589801978646009673e+01 7.004985426375762358e+01 7.568185533490637340e+01 6.721101605926671141e+01 7.568185529457785776e+01 7.161205828400514406e+01 5.709261353388490079e+01 3.613660501607964193e+01 5.396282356207755271e+01 3.292146115218236702e+01 5.396282356204349639e+01 6.509791601942647787e+01 7.708231781171002694e+01 7.513243439972386284e+01 5.497285420536115197e+01 4.329594753845372423e+01 4.579037542013688267e+01 2.556993428078573416e+01 4.575927320198029236e+01 4.884772944798395855e+01 6.892499612025730471e+01 7.499292614795125189e+01 5.480121264612201060e+01 6.785407737723814137e+01 8.688256619180450002e+01
9.635555453094322986e-02 2.009635555453058942e+01 3.731699363316929663e+01 4.886399901697148351e+01 6.384323149975780609e+01 5.555815290194459521e+01 4.545607850356503832e+01 4.025820503427261343e+01 5.440036720053506514e+01 7.440102734962479758e+01 8.971488649017638295e+01 8.146296120538001162e+01 7.602304210781286997e+01 7.840754481088677608e+01 7.590406549922899160e+01 8.414165877741540100e+01 8.157007047605267758e+01 6.083114539671929322e+01 4.608929616727295553e+01 5.709261353388490079e+01 5.917576713226879548e+01 3.832399285150453494e+01 5.309101030025127699e+01 7.386566959989025349e+01 8.337800864152833924e+01 7.331120199206047516e+01 6.497751513574077364e+01 4.921161354840991464e+01 2.897129604179634654e+01 4.579037545506748330e+01 3.836148549701599819e+01 5.857096776152443596e+01 7.711103357078694387e+01 8.335916604463614021e+01 6.487509886322951047e+01 8.335916604463614021e+01 9.641602260712508610e+01
8.845047570523793812e-02 9.032722385704474277e+00 2.057972776949719318e+01 4.057972776949790017e+01 5.043637048138410250e+01 5.872064172884839905e+01 6.545646021197698872e+01 6.025842492999592537e+01 6.854363075203445987e+01 7.101000851434517358e+01 7.930341184860256476e+01 6.150089424480485434e+01 6.516400178382005492e+01 5.853214451994056589e+01 5.594391395495377850e+01 6.748164612501652471e+01 8.740930432572942266e+01 7.540412471528244964e+01 5.651042542826031223e+01 7.540412471511164938e+01 6.574778029053842943e+01 4.496524989779841519e+01 5.917576713226769414e+01 7.988590115514421086e+01 7.505036080895983730e+01 5.490478012232208016e+01 4.480240170664546895e+01 3.803547950884735940e+01 3.171489082597977927e+01 5.196764891892359373e+01 5.857172626568336682e+01 5.857172626568337392e+01 7.872481419676098824e+01 9.346843806934002430e+01 8.511075343267297910e+01 9.346843806934002430e+01 8.899866742288848798e+01
8.023991185656004221e-02 2.008023991185620361e+01 2.910643886282818471e+01 3.410643886282787207e+01 3.043637048138339551e+01 4.750206199503175952e+01 5.578633324249536685e+01 6.733333862629002908e+01 6.757901440122502379e+01 5.058462056093787851e+01 6.757901440122502379e+01 6.449413105075556985e+01 4.518196560729911226e+01 4.440305877255381972e+01 5.594391395495377850e+01 7.590406549922899160e+01 9.563536732923303418e+01 8.573743197780592595e+01 7.730044640707255610e+01 8.573743197772482461e+01 7.426103264837259132e+01 5.695675594747903148e+01 5.966488855805467040e+01 8.043318000954806735e+01 8.337800908559414381e+01 7.331120201316286966e+01 6.497751513577470917e+01 5.687474428476237875e+01 3.664138470093551803e+01 3.657027000452543319e+01 5.680457232315243488e+01 7.053841172536965587e+01 7.765818517822222589e+01 8.599709619722653997e+01 9.762899329245593094e+01 9.495338269725291980e+01 7.466907895793087846e+01
4.598823041778624804e-02 4.518124185417346617e+00 9.106438862828541758e+00 1.410643886282858439e+01 2.043099418316545623e+01 2.750206199503105609e+01 3.904906737882397749e+01 5.904906737882468093e+01 5.921740528114295188e+01 3.872933095124594871e+01 5.921740528114295188e+01 5.622776353990794718e+01 3.624672858613318738e+01 5.622776353990794718e+01 7.012743281313754551e+01 8.414165877741540100e+01 8.585140280272982238e+01 7.754004354153509837e+01 8.014115272067176932e+01 8.845398034349182126e+01 8.619921764556650601e+01 7.775654286844513763e+01 8.043318000954806735e+01 8.885717673873664069e+01 8.514037890677934683e+01 6.498795013481955607e+01 5.336601613014352807e+01 4.432832202333337790e+01 5.687506126810532692e+01 4.137357766050860164e+01 4.399833503628620690e+01 5.040083607714345248e+01 5.752042482212628016e+01 6.913678066858194882e+01 8.929864021431407650e+01 9.631546818832323709e+01 8.297349967552378303e+01
7.340434288523949025e-02 2.007340434288488495e+01 2.910643886282889881e+01 3.410643886282928605e+01 4.043099418316616322e+01 4.750206199503175952e+01 5.578633324249536685e+01 6.588702782303819561e+01 4.561153799731187775e+01 3.185461040928727883e+01 5.197377713508085861e+01 5.186856997304480643e+01 3.188793484238140152e+01 4.187699952798631386e+01 5.600968738223675558e+01 7.598438348331916359e+01 7.425989339761028418e+01 5.745811941151492164e+01 6.006580645171203514e+01 8.014115272067176932e+01 8.932155341820205763e+01 8.099498516406156057e+01 8.932155341820471506e+01 9.682849641753831804e+01 9.347418636053981800e+01 8.184472928186643514e+01 6.449877644327432336e+01 5.258176059496936006e+01 6.644937901967509220e+01 4.630375072277716697e+01 6.417035115787801658e+01 6.047375826847522973e+01 7.765818517822222589e+01 8.599709619722653997e+01 9.035954620712583107e+01 7.601135052394386094e+01 7.457720237301944621e+01
3.515918393995972474e-02 1.417729514056652640e+01 3.417742974253886956e+01 3.793192743194941841e+01 3.893934854908017229e+01 3.902819998595894191e+01 4.732490123561922246e+01 5.792823572480249794e+01 4.561153801189453105e+01 2.594729497095817905e+01 3.817915290951333418e+01 4.649611034940365073e+01 2.804180469304012036e+01 4.802400368523302632e+01 6.412652003547437118e+01 6.599210667051239909e+01 5.764756234076542540e+01 4.561944004265183139e+01 6.006580645171203514e+01 8.014115272067176932e+01 7.929448645551443065e+01 6.096072523931135834e+01 7.675975339713663459e+01 7.675975339713659196e+01 9.266297318537311867e+01 9.297397691157831900e+01 8.105990034696502278e+01 6.264548938460038841e+01 7.164530177836482494e+01 5.152157946734726579e+01 6.574311333908283927e+01 8.061830335961447247e+01 8.895242351832806094e+01 9.631546818832323709e+01 7.601135052394386094e+01 6.169510242777104025e+01 7.025933273639290633e+01
4.608085242692564615e-02 2.004608085242657012e+01 2.997683283810722088e+01 1.787965239081285418e+01 1.899102572249038801e+01 1.899497504265526615e+01 3.903092894073089525e+01 4.944683910550939743e+01 2.921579782506789158e+01 3.284457757739971839e+01 1.880026388981041308e+01 3.817915290621316871e+01 2.432688827346352411e+01 3.586758913374359992e+01 5.585210703019389911e+01 5.764756234076542540e+01 3.661157441391323886e+01 5.764756234076542540e+01 7.425989339761028418e+01 7.261480392884770652e+01 6.430356799470625617e+01 5.095499358074349061e+01 5.673067051971262487e+01 6.429605178122126574e+01 7.585488076421499670e+01 9.591435657291485484e+01 9.113107612606788166e+01 7.689075269997979944e+01 7.771565805614726230e+01 5.758256393896387948e+01 7.771565805614760336e+01 9.422761270865152028e+01 9.275946552983306503e+01 8.435613645410018080e+01 7.793119840541031351e+01 7.025933273639290633e+01 5.009572621521522251e+01
1.610643649003322755e-02 2.001526273317533011e+01 2.654405949130644427e+00 3.731939136101297905e+00 4.805516283575947512e+00 2.486095230065298978e+01 3.475292019120865206e+01 3.929579681942764324e+01 3.086695747263043543e+01 1.282570903746201019e+01 1.412651289624077222e+01 3.414423342574750819e+01 2.083970086573778957e+01 4.081574642316474666e+01 5.438689674601291557e+01 4.591895112408952428e+01 3.102486877609025129e+01 4.655598358774955159e+01 6.726369495344702898e+01 6.430356799470625617e+01 4.429244971871555236e+01 6.430356799470622775e+01 7.675975339713629353e+01 8.433301281495701573e+01 9.266297325227949955e+01 1.042588418042721230e+02 1.053713995623411250e+02 9.197438805729476030e+01 7.180949870745800467e+01 6.919227048046067807e+01 8.605589922569754435e+01 9.872471236284324902e+01 7.840447744071148861e+01 6.403869839476233494e+01 5.768354883078461626e+01 5.234464305396929262e+01 4.717118846875739280e+01
2.022278438842990689e-02 1.112939513804737102e+00 5.755993830420407242e+00 2.246932519419300434e+01 2.486095230065298978e+01 6.371202046022848009e+00 2.646455008965360278e+01 2.924364847334375384e+01 1.099560913430052445e+01 3.103593462234773170e+01 3.414423342574750819e+01 1.604579478764427947e+01 3.605629736215518477e+01 3.967302664528084222e+01 4.121915483422174020e+01 2.508442131163878486e+01 4.560248402404408097e+01 5.991720368935838792e+01 6.360031859058013026e+01 6.013096137000881924e+01 4.013257318478193980e+01 5.426529373441308479e+01 7.429193468173336612e+01 9.118981519347354947e+01 8.286215760155049281e+01 8.546476741986309378e+01 9.379674962467110788e+01 1.003022997598521471e+02 9.197438805729386502e+01 8.935882201083558130e+01 9.769008209897006623e+01 9.872471236284324902e+01 7.840447744071148861e+01 8.435613645410018080e+01 7.197990574141458353e+01 7.045723058069529543e+01 5.030887983312280909e+01
6.642187732006160639e-02 1.945118262898046879e+01 1.331796359428948051e+01 2.968720783038192934e+01 3.335389056916976358e+01 1.494293567329885342e+01 7.999773620508785932e+00 9.170127059866242547e+00 2.924364847334267736e+01 3.931917813224855962e+01 4.344189793532387966e+01 3.028609611085665776e+01 1.816123742409580188e+01 1.966963539108940040e+01 2.122684134338884121e+01 2.293074023239961789e+01 4.281384662343450742e+01 4.714174534659100146e+01 4.325349722784289952e+01 5.103456679498922455e+01 3.629959271811905808e+01 5.628226968542808351e+01 7.370186928066947019e+01 7.961388780637047091e+01 6.283458370326033560e+01 6.543168393232632241e+01 8.546476809176080280e+01 9.511894524515503235e+01 1.002978124769736326e+02 1.024998973406708700e+02 1.108575684455347954e+02 1.071144536189545420e+02 9.872471236284324902e+01 1.006947077822594565e+02 8.980598735920951015e+01 7.373183655493673427e+01 5.354580963311614283e+01
1.591255364720534082e-02 2.001591255364684940e+01 3.107167475529337963e+01 3.957707481814400552e+01 3.448649668503922783e+01 3.393992649075731549e+01 2.808412286168923799e+01 1.446595167161419937e+01 1.380305337717939196e+01 3.377836628136263641e+01 4.679690830124095413e+01 4.485640879398741987e+01 3.816282271292355688e+01 2.634385559571754598e+01 4.121675088657146802e+01 4.281384666397905647e+01 2.534665443880758318e+01 2.723604877650214817e+01 2.913909929128895371e+01 3.108309237941241321e+01 5.069424285319483658e+01 5.677755523153593487e+01 5.368246798768259254e+01 6.234717262944278815e+01 5.128181266154508933e+01 7.129923405925839575e+01 8.926614797444825911e+01 7.507353649934822215e+01 8.024002684236987193e+01 8.243235329425918678e+01 1.015400113566959561e+02 1.115889864521422652e+02 1.107810729074279976e+02 9.049547904748503413e+01 8.140038525328360208e+01 6.111131248066971722e+01 5.812002497841719162e+01
6.189296070378335485e-02 1.006189278312058377e+01 2.160888653007263827e+01 4.160499624747908598e+01 5.591856080084347980e+01 4.236811131444233069e+01 2.221524315426759699e+01 3.377489945770343382e+01 3.377836628136263641e+01 1.856934027681115396e+01 3.855963279398322641e+01 5.240291227005633345e+01 5.454495429314131627e+01 4.631740126547213521e+01 3.787916904365271620e+01 5.349076800260222342e+01 4.523485521304868229e+01 3.117396211779398740e+01 4.906868960933606161e+01 5.092362654694056801e+01 3.443610537803121474e+01 3.686579017455085250e+01 3.955129136689859592e+01 4.234295262878564614e+01 6.234626271308670198e+01 7.059514104477064222e+01 7.444878137985553224e+01 6.092299488485182479e+01 6.609101021521485109e+01 7.316501723460343953e+01 8.316619271628276522e+01 1.032284002674790457e+02 1.048506647006037298e+02 8.454936645957944563e+01 7.015823106191433567e+01 8.140038525328360208e+01 6.298516797930251698e+01
2.247884206357958492e-02 1.416461446579440420e+01 3.416461446579369010e+01 4.986817251433534182e+01 6.272477138328750357e+01 4.236811131444233069e+01 2.976915065686264938e+01 5.025285408143896149e+01 4.684972385056717314e+01 2.748510492255671878e+01 2.408480959702357893e+01 4.411497365537256599e+01 5.844276670006788521e+01 6.603295753730634488e+01 5.200595363120806525e+01 5.784141550672047316e+01 5.537333125388123989e+01 3.540096152053022394e+01 5.537333125388123989e+01 6.285725426925347392e+01 5.456784539849984839e+01 4.317186314898724930e+01 5.954537153958368378e+01 6.234717262944278815e+01 4.698611236699620264e+01 5.057726210466488226e+01 5.442840431274686352e+01 6.858082243729506899e+01 8.611481623915926775e+01 9.319729649188091969e+01 1.015400113566959561e+02 1.115889864521422652e+02 1.048506647006037156e+02 8.454936645957944563e+01 9.049547904748503413e+01 8.944676561694170402e+01 6.909003628014180265e+01
