MOVIE_S9_data/elevation_000173.asc
nrows	100
cellsize	150.0
xllcorner	0
ncols	100
yllcorner	0
NODATA_value	-9999
[rows 51 to 67 of 100, columns 0 to 36 of 100]
6.455108993161302877e-02 5.228528884874812377e+00 2.522823061782547782e+01 3.910269858597292369e+01 4.617338216561422826e+01 5.445146891525761390e+01 6.599346806264709642e+01 5.630488787322541810e+01 3.801990558169853074e+01 4.848630644972548254e+01 4.020152160200959202e+01 2.982327222950164014e+01 4.443375971119773027e+01 4.664244977095967926e+01 3.394488864781484949e+01 4.809339447630185305e+01 6.821410956184843144e+01 7.495672357497630856e+01 6.081501660544907395e+01 7.910570788648615803e+01 9.325111210293445652e+01 1.052682278380414260e+02 9.697393567347387489e+01 9.438754810980690024e+01 1.026734899261223291e+02 9.396857879011633941e+01 7.385255793134913915e+01 7.149607652098464428e+01 6.558932023195640681e+01 7.979794041304296570e+01 8.284578574450766553e+01 7.727596107425353011e+01 6.876548046072488773e+01 6.980512644898560382e+01 6.392736292462921455e+01 4.264033401757675534e+01 2.757331196537450069e+01
3.995603441288197999e-02 7.111023846123991632e+00 1.467031329858015631e+01 2.467031192977578158e+01 3.881233082881664131e+01 5.881011865395706195e+01 6.317936325244455276e+01 4.802042235073837162e+01 2.801977860960040445e+01 3.732962894181830649e+01 2.020113507170282219e+01 2.226397756428393038e+01 2.443328214270408694e+01 2.664191266502414734e+01 4.664244596918498331e+01 5.276636600779371378e+01 5.673192121595765514e+01 5.495668737236339041e+01 5.081426291339480628e+01 6.495748503959443099e+01 7.905920596228864383e+01 8.734209610753728725e+01 9.734098460134880781e+01 1.083954076994673414e+02 1.002050521491178898e+02 9.845497017198127310e+01 7.974440403039186265e+01 5.954021040098239581e+01 5.126633695538298952e+01 6.323731992679857683e+01 7.027142526114138832e+01 7.857485909260078927e+01 7.864772869058072047e+01 8.048346085598171840e+01 6.593527905758628549e+01 4.329362534858514522e+01 2.722463687361050333e+01
4.804567899273937126e-02 2.004804567899238421e+01 3.466988251514124642e+01 4.295288898043703796e+01 5.295196239343898270e+01 5.087542681173529502e+01 4.501735417044366727e+01 3.489526088131952974e+01 3.489526656776688185e+01 1.732930243720451458e+01 3.732961925651503776e+01 4.226439753352546802e+01 4.443375971119773027e+01 4.664244844397570944e+01 3.020539591994901940e+01 3.280917420629522496e+01 3.673149776267452893e+01 4.081398528827705263e+01 4.636102921890034168e+01 5.239142500703808025e+01 5.905856664058973848e+01 6.905985716813974307e+01 8.905855475643758723e+01 1.002050521491178898e+02 8.013104865956168510e+01 7.838283932556539924e+01 7.838283932556539924e+01 7.361851002930110610e+01 6.323731992679857683e+01 4.298504623262391533e+01 5.004055819979174657e+01 6.692581367579455787e+01 5.753661758570486739e+01 6.406082653060803977e+01 5.407030172431829840e+01 3.903142236634240447e+01 2.687669494169412232e+01
9.707512844716031930e-02 2.009596451337753464e+01 3.000241591744698511e+01 4.998404196279005163e+01 4.492593276327348661e+01 3.087478292165248561e+01 2.501675093971299901e+01 3.251326696422968610e+01 1.489497995940315178e+01 3.489526656777663760e+01 2.267452735572737410e+01 3.681683322079747711e+01 5.681778534631442312e+01 5.020579955508183190e+01 5.020580090596316580e+01 4.175351112434483980e+01 3.835618162101077644e+01 5.835656063250960557e+01 6.636182758043284480e+01 7.239232618838909161e+01 7.905920596228864383e+01 8.734209610753728725e+01 9.734098460134880781e+01 1.002050521491178898e+02 8.013104865956168510e+01 6.582946168725767677e+01 5.816950200640032165e+01 5.339122211869872103e+01 4.896867886692809435e+01 5.859112970417945121e+01 3.826864775223187110e+01 5.425836199390020909e+01 4.295482083245566685e+01 4.333404372736494281e+01 5.396445458254767402e+01 4.595055160573205200e+01 2.652928997673359746e+01
5.001202446392439237e-03 1.000500077467256688e+01 3.000426819507611853e+01 4.492593276283751891e+01 2.492537328007020392e+01 2.859554432453836270e+01 1.087455078166336442e+01 1.251301462270145848e+01 3.251326696422968610e+01 4.317977074186727293e+01 2.667452758801166013e+01 4.667508377648110240e+01 6.099004302440279446e+01 7.020568352008362467e+01 7.003633635121714462e+01 5.330099048322409772e+01 5.835656063250960557e+01 4.425389783905966823e+01 6.425438150359629219e+01 7.688803050060182898e+01 8.355442595561136443e+01 9.183439766724991671e+01 1.018308902660674846e+02 1.016008993380591932e+02 8.154011593010982040e+01 6.986472445045170332e+01 7.838283932556539924e+01 7.361851002930110610e+01 6.920455393625350382e+01 6.037926797848987093e+01 4.007851944175115477e+01 3.362737854489117950e+01 3.044708530190650819e+01 3.045030278494612119e+01 4.547349280920569470e+01 2.603472452157172867e+01 3.972190873104156594e+01
5.279685921607564503e-02 2.005168624414645251e+01 3.326469597693071734e+01 2.498243115416949678e+01 2.646351337468474796e+01 8.595339252470585834e+00 2.859554320160324536e+01 3.251326672941861773e+01 2.665522319648185956e+01 4.665583569441838563e+01 4.667508377842976586e+01 3.270475933925303025e+01 5.270554865877562634e+01 6.806143391001673137e+01 8.158201713384470111e+01 7.330078592038094598e+01 7.253667975813590374e+01 5.580148012657343770e+01 5.111402738056352035e+01 5.688786571146390969e+01 6.355523959058285755e+01 7.355653944724735993e+01 9.355231246397548261e+01 1.097844678016641637e+02 9.825375943484232266e+01 9.001880063732482995e+01 9.115407294786596992e+01 7.101863748238817209e+01 5.932845760624608999e+01 5.026356286787659400e+01 6.037926797833690529e+01 5.399172653050524673e+01 4.782752565734273276e+01 2.650466149893452794e+01 2.553438875572343392e+01 4.542866208716925058e+01 5.400017093917806221e+01
5.738623160518319517e-05 2.000005738623125140e+01 2.289179636222888448e+01 4.976743796420123545e+00 6.463332088914462759e+00 2.646351338153724342e+01 1.566640736475167017e+01 3.566682986629699315e+01 4.665583568788599678e+01 5.494029546481476700e+01 5.270554865877562634e+01 5.270554865877562634e+01 3.977587036756101213e+01 5.977702452796535226e+01 7.749001777088523113e+01 8.643466518953981392e+01 8.408225947511100173e+01 7.580125951964164699e+01 6.111484505074336226e+01 7.688803050060182898e+01 8.355442595561136443e+01 9.183439766724991671e+01 1.018308902660674846e+02 1.069862089300544170e+02 9.852654823387246097e+01 9.852654823387246097e+01 9.938217158202229484e+01 8.780280727433319043e+01 7.879842729001173041e+01 7.049497302911377972e+01 6.047662876302913304e+01 3.943658143747728673e+01 2.863867871670957399e+01 2.502886441642977999e+01 4.495880979659008858e+01 5.374331217769449864e+01 6.640431421681113022e+01
4.532054705376769438e-02 1.466658656091171853e+00 2.891599655849367512e+00 2.288107424992801597e+01 2.646224682167542142e+01 3.474796048571387530e+01 2.101163310358004210e+01 4.101228898650973065e+01 5.872866763297548687e+01 6.767805025201882074e+01 7.270661559298662269e+01 6.806143391001673137e+01 5.132336043668355074e+01 4.920426618827963239e+01 5.814920647944595089e+01 7.229293326352451743e+01 9.229328981071941485e+01 8.939442998123774942e+01 8.111411542560229293e+01 8.939442998123774942e+01 8.818578540906747776e+01 9.657253308042727724e+01 1.051300912327604209e+02 9.852654823387246097e+01 7.762039366708138743e+01 7.762039366708138743e+01 8.867129228924170548e+01 8.421567820996932596e+01 7.573874457808645388e+01 7.558038651456681123e+01 6.973351182984974628e+01 5.688466227455869273e+01 4.460321822659697233e+01 2.467297562330092120e+01 4.458366161404745753e+01 5.012323545438697181e+01 5.312050940346249206e+01
9.001595176218035732e-02 2.009001595176182420e+01 1.701023059587183894e+01 1.289166782411191470e+01 3.289411429597621606e+01 4.929786820750489085e+01 3.515395739118059026e+01 3.043975789239081564e+01 3.938416562318863612e+01 5.352730725370421538e+01 7.353401788440903886e+01 7.960899646205955094e+01 7.132494443171653131e+01 6.920587186887986775e+01 7.749001777088523113e+01 8.643466518953981392e+01 9.002221340065156596e+01 8.962472179564369412e+01 8.124796478102936703e+01 8.221468255956304461e+01 6.803619665682417406e+01 7.655241491890032535e+01 9.500578057454667658e+01 9.852654823387246097e+01 7.762039366708138743e+01 6.308235104654524150e+01 6.792836525336012699e+01 7.573874451418666354e+01 5.549609924698773256e+01 5.548513932747940203e+01 6.985573865068184318e+01 5.990830885544527717e+01 3.856315964179648148e+01 2.431547799857108316e+01 4.413280622307663492e+01 3.036558717868222956e+01 3.335090366671764173e+01
5.674351268809080251e-02 1.999801498199159155e+01 3.668161182156504907e+01 2.703425102974845018e+01 2.703541522389027918e+01 4.703826504144407039e+01 5.515555258068848588e+01 5.044124389878763282e+01 5.872866763297548687e+01 6.767272504733648475e+01 6.838220516040844643e+01 6.207048119532512942e+01 6.207048119532512942e+01 8.208849980338744956e+01 8.668737189803309207e+01 7.828306747394081810e+01 6.968941621812331277e+01 7.804324073130720762e+01 6.125600274408439816e+01 6.221491648383281614e+01 5.666574962401114135e+01 6.648630283187499401e+01 8.661852700592575616e+01 9.520296778593872489e+01 8.484608560054221016e+01 7.400382797017587677e+01 5.379798961961799364e+01 7.400382797017587677e+01 6.142503249030127677e+01 4.149630964175285897e+01 5.204074425826902939e+01 4.931552395357891072e+01 4.335592411724348239e+01 2.395642895509110915e+01 2.628690886385127001e+01 4.572734375997956136e+01 5.293883099345374177e+01
9.518805923843161321e-02 1.423732368296925621e+01 3.423732368296854389e+01 4.702304994259402804e+01 4.703826504128855390e+01 5.530186799482357429e+01 5.341236312335352210e+01 5.341236312335354341e+01 6.226743741898492601e+01 6.838099452247854515e+01 4.861954538591409403e+01 4.242782135411789568e+01 6.049141264060276058e+01 6.931408302091263351e+01 7.828306747394081810e+01 5.791937511844875530e+01 5.527411874522867663e+01 6.920194638196004178e+01 5.008461313626190758e+01 4.851385650170423958e+01 6.807271234530973913e+01 8.492262252067573058e+01 9.500578057454667658e+01 8.665867952767275995e+01 6.590928128496231864e+01 5.596357875028599693e+01 4.861832220899095347e+01 6.257780538386268177e+01 5.895136113730272598e+01 5.204074419227570303e+01 3.208350025169566067e+01 2.955709974932971917e+01 2.717465401601942077e+01 2.670039570080157532e+01 2.345217778377559981e+01 2.659415106492004099e+01 3.942147619407302273e+01
9.062254805971975413e-02 1.423275817179054492e+01 3.423275816990258846e+01 4.351958598774714204e+01 3.538510369050546700e+01 4.352027312318182339e+01 3.149561979513828547e+01 3.149561979513828547e+01 5.341236312335354341e+01 5.306390295716732197e+01 4.487937500522263434e+01 3.275556158566259057e+01 4.140530241684009383e+01 5.518141136446898543e+01 7.511615854980587415e+01 6.387501436146328615e+01 4.374464318990267486e+01 5.524852552841253583e+01 4.166120282923625240e+01 6.093082798228754626e+01 6.988374060180088065e+01 7.823078266311341622e+01 8.982926326732581401e+01 9.520296778593872489e+01 8.484608560054221016e+01 7.077557192553111065e+01 5.069522608590000345e+01 4.271495290439735726e+01 3.907898338818549888e+01 3.611836758908771117e+01 5.204074456718175412e+01 4.920782593704961272e+01 4.292823569057370747e+01 3.817653073690478038e+01 2.309708278947229942e+01 3.529014727389284900e+01 4.634836811103615162e+01
3.063233560239582431e-02 2.003063233560203926e+01 2.277518065780426326e+01 2.414554575051133867e+01 1.552404608580343393e+01 3.366154686400042095e+01 1.665180355089947994e+01 3.781499904876244500e+01 4.370286842348452439e+01 3.870563187991162124e+01 2.535009626205166811e+01 3.913868850033329494e+01 5.874132717874281440e+01 6.931408302091263351e+01 6.733874518732157810e+01 5.802675702154071757e+01 3.752214287808745041e+01 3.606888888402148297e+01 4.055469576238120766e+01 4.522620078634065521e+01 5.023060674943437931e+01 6.141890399543795809e+01 8.144692244497709055e+01 9.907174775573038517e+01 8.534772835122046786e+01 6.473958710098831659e+01 6.678479066330089609e+01 4.681338552465159353e+01 5.895136126717599723e+01 5.012730040055630809e+01 6.443877589168356224e+01 5.495216416136464233e+01 2.925771529783938618e+01 2.743885767484875515e+01 2.274141128062142769e+01 4.568615141292200832e+01 4.978103977101756072e+01
5.666595628964066211e-02 1.414354422893900676e+00 2.775182057773441180e+00 4.145559477428498951e+00 5.525690596113213005e+00 2.552582338355195546e+01 9.557006424161954783e+00 2.973130744872063502e+01 2.605832472514993370e+01 1.906930422603606345e+01 3.870563187991162124e+01 5.308075922711827133e+01 5.431370781815093096e+01 5.612588585098584559e+01 4.766269539196179750e+01 4.766269539196179750e+01 3.184513788303695137e+01 5.130852110644623565e+01 5.977996492729490541e+01 6.463121964094636951e+01 6.988374060180088065e+01 6.056807153202800720e+01 7.048014984986374998e+01 9.068228340461917014e+01 9.387818364881923117e+01 8.534772835122046786e+01 7.286678443744396816e+01 5.269509312174621840e+01 7.286678443744396816e+01 7.025081494613361599e+01 7.109878971072333798e+01 5.974397322938339983e+01 4.453134539498581290e+01 2.223794079388965628e+01 3.629597276222106927e+01 3.296710702665629356e+01 5.210511751979962725e+01
2.110006612196471329e-02 2.002088609695078247e+01 2.277517860612623224e+01 2.414555699135931732e+01 2.491948075370325455e+01 7.515764976533199970e+00 2.485606970501079971e+01 1.165357597417877322e+01 1.317856138514986419e+01 3.291915620318009417e+01 3.695595733904984570e+01 3.864643036790511132e+01 3.468704790358385992e+01 3.650431069076466173e+01 4.416251500809122632e+01 2.809763252145632251e+01 4.766269539196179750e+01 5.952328465561083704e+01 7.120081485794668197e+01 7.956831628520667721e+01 8.345051577327046743e+01 8.058121662724140322e+01 8.896309137363168418e+01 9.907174775573038517e+01 1.006664532529523512e+02 7.982892744448325573e+01 6.527402374437312460e+01 6.681062581271575596e+01 8.141073375804620582e+01 7.702382991522921429e+01 5.757652420271472238e+01 4.201805669015728029e+01 3.121811663629843281e+01 2.188197308135319474e+01 2.549267247690073646e+01 2.512789607714260143e+01 5.633351171087575437e+01
9.367352646185668485e-02 1.423581168975529110e+01 3.423626523258510446e+01 4.014249325113436129e+01 2.016486884960793802e+01 2.170456681757276129e+01 3.389738360838672548e+01 1.831237584657534612e+01 3.292585760247313686e+01 1.553557608431708026e+01 1.722586788212224107e+01 1.893453523075478273e+01 2.075256749754046837e+01 2.260115296218704728e+01 2.448481320548198781e+01 2.788611436866833415e+01 4.749726244835045463e+01 5.592689997138807456e+01 5.136815433706472334e+01 6.424933414680721455e+01 6.329167184052749917e+01 7.496862766124090172e+01 8.169919283579704938e+01 9.010295293129806282e+01 1.002614175137031935e+02 9.446560881220760564e+01 8.593209745018035051e+01 8.748764473903089822e+01 8.289663178141903188e+01 7.490661348475353520e+01 7.109918539614541544e+01 6.183606003420195663e+01 4.984024816121650758e+01 3.626891722881497060e+01 2.137912842784957235e+01 4.059232447813585054e+01 4.859079249775943765e+01
3.648181865326004941e-02 1.417861753387993140e+01 3.417866959574318741e+01 4.844112764881202082e+01 3.430535519036062908e+01 4.191617550932588188e+01 3.416205072770305406e+01 2.717404584814213209e+01 4.318068904252424289e+01 2.953937486983733862e+01 3.696232902951980037e+01 2.427001735863756338e+01 4.043523115082860642e+01 4.225133699763195949e+01 2.972977779798631914e+01 4.291954171033920318e+01 3.287071266381991563e+01 3.646017792665586654e+01 4.025420459978175813e+01 4.463903496010637895e+01 4.940915500458927312e+01 5.497186852991936235e+01 6.150749731212874849e+01 7.152894074305504546e+01 9.186944492853888278e+01 9.411186500825819223e+01 8.454355888173786582e+01 7.658970592927475707e+01 7.013718411818690868e+01 5.543907278737206923e+01 5.901143129822273892e+01 5.486894757211717177e+01 4.591972009777126829e+01 2.616180361112122199e+01 2.858672130974415992e+01 2.087939616440289825e+01 3.974513405618424855e+01
