MOVIE_S9_data/elevation_000377.asc
nrows	100
cellsize	150.0
xllcorner	0
ncols	100
yllcorner	0
NODATA_value	-9999
[rows 34 to 50 of 100, columns 0 to 36 of 100]
2.064481644892168788e-02 5.794147508345203867e+00 1.182437439990052930e+01 1.889544221176613092e+01 3.044244759555884983e+01 5.044244759555955682e+01 5.349084350111927932e+01 3.437446176214598381e+01 5.349084312207804004e+01 5.801960951016588552e+01 3.891376511175701580e+01 5.552697833148808826e+01 4.758894984213457491e+01 4.010556412231701273e+01 2.023781615396038447e+01 4.010556412231819934e+01 5.007849583720263098e+01 5.832771519611353739e+01 7.501292526322536958e+01 7.171072194453773818e+01 6.021374003800606545e+01 4.095136776387708011e+01 3.817988830279995227e+01 4.971443708346232171e+01 6.961383405799053037e+01 8.632376533148070052e+01 8.522530377138234314e+01 8.373161503935364181e+01 8.373161122585818816e+01 1.037749945879365754e+02 9.451311855289840480e+01 8.623393437820843133e+01 7.521481074370227304e+01 8.364045860200225491e+01 1.034390679422764094e+02 1.098003111839700523e+02 9.807010248321893187e+01
2.905961989428186565e-02 2.002905961989392836e+01 3.182437439990088635e+01 3.889544221176683436e+01 4.717971345922903481e+01 4.882372842986126926e+01 4.012848885880349314e+01 2.403810446184553484e+01 4.476548048796013290e+01 4.864787971898807228e+01 2.676250584880979488e+01 4.609568072725392085e+01 2.924402067540508554e+01 3.323014397439213496e+01 1.728767274199877235e+01 3.136485762550393019e+01 5.126006801709199578e+01 4.751274578420801475e+01 6.126300122115751634e+01 6.347277638972577307e+01 4.354896142913937496e+01 3.200034419786367579e+01 5.196975652450465333e+01 6.636374165326624563e+01 7.785006272087284174e+01 7.941919986289074984e+01 6.528955267006395502e+01 6.380447808807579690e+01 8.373162826417291171e+01 8.745737890097234413e+01 7.918636209833681505e+01 6.645070616241410733e+01 6.394813675474137682e+01 7.521481074370170461e+01 9.515010699447027775e+01 9.140016478644348297e+01 9.733363451765745822e+01
3.542675937824442400e-02 1.417756238310932027e+01 3.417756238745853636e+01 4.513430030245682900e+01 4.181659655736877568e+01 3.682953187727412825e+01 1.944406708634118530e+01 1.676286415916245787e+01 3.742811161536889131e+01 3.993593906419191342e+01 1.802842320873378767e+01 2.951216998251944545e+01 2.055704716752492800e+01 1.327452630595445804e+01 3.323014397438869594e+01 4.520985706927550041e+01 5.137843298094482236e+01 3.350132505028747687e+01 5.144783225366516177e+01 5.204835492731455560e+01 4.379603490211357553e+01 2.846613688187539637e+01 3.846812199587147063e+01 5.258228532583881787e+01 7.248320524602488035e+01 7.112859897959413047e+01 5.121422889225553376e+01 7.112859897959414468e+01 8.745737889024178457e+01 7.601699592557469032e+01 5.943427815520973923e+01 5.528332572336926631e+01 7.481208394302730369e+01 9.190348754392618957e+01 8.538851800058323249e+01 7.101147759501492374e+01 7.698318492212814590e+01
3.411803931810562102e-02 1.474355753169936456e+01 3.646527677933741529e+01 2.412956914544229647e+01 1.860881984654978893e+01 2.408534424842473243e+01 8.550862159458057832e+00 2.818176514603556981e+01 3.935873678990985525e+01 3.820293927286223123e+01 2.820934383717485616e+01 8.682514047970967042e+00 9.437408325667009379e+00 2.942854243423283833e+01 3.790814162213658989e+01 3.522198726636703014e+01 3.364389899449307109e+01 2.352717991296294286e+01 4.336238048221982666e+01 3.953819807280427767e+01 2.382498991897158191e+01 3.536282217708441067e+01 5.527957631627865709e+01 6.665142243287041879e+01 6.557697164709939841e+01 5.730060899636010419e+01 4.517788543849184890e+01 6.512419222476242453e+01 7.918636209833420025e+01 5.943427815520973923e+01 4.810943205857040539e+01 6.778249111671625826e+01 8.011146926165312721e+01 7.156969951902645732e+01 6.804296615942679693e+01 5.699224864382524203e+01 6.678489976585998988e+01
3.327314952832965272e-02 1.995255568366239984e+01 2.805530506917012801e+01 1.935802088441612057e+01 3.126148974362915389e+00 3.769772180441754106e+00 4.411321678937114577e+00 2.445547539652321944e+01 2.002734644970410116e+01 2.669086230704671081e+01 7.623993630271288069e+00 2.364194397864112318e+01 2.921148915546426039e+01 1.054682052482474219e+01 2.972292430765913807e+01 1.276294761690012436e+01 1.354664030660219787e+01 3.294307514676394533e+01 3.537448153295058972e+01 1.957383321668069343e+01 3.953819807280427767e+01 5.201266888595898763e+01 6.344754047714479839e+01 5.909163240263014671e+01 5.081409676385244012e+01 3.730783201743608402e+01 5.146103407191647960e+01 7.139858997744576641e+01 7.779888840481888224e+01 5.800492946523142024e+01 4.389312772705606136e+01 5.852129287738731023e+01 6.633712348911163303e+01 5.073905445404444947e+01 4.859636964393856573e+01 5.395958626544926773e+01 7.375838826194592457e+01
6.779948344387334846e-02 1.990173888676974201e+01 1.567730766662397190e+00 2.213641069521796734e+00 1.575010521091566140e+01 2.277672369735497426e+01 2.388724714788558856e+01 5.328518897222974893e+00 5.991147904522276413e+00 6.661260100222901492e+00 2.357826099354807070e+01 1.003141055052537745e+01 2.982834191698061233e+01 3.053608083109535087e+01 1.165483027076787259e+01 2.379213749681579415e+01 3.252778112025571033e+01 1.466422880777794902e+01 1.545791017866948636e+01 3.540766393822678282e+01 4.483030737851721881e+01 5.382975368269299565e+01 5.198359996436038699e+01 4.491194525802890070e+01 3.079892413973379561e+01 5.081409676385244012e+01 6.557697164709939841e+01 6.714679465058115682e+01 7.548216634881576681e+01 7.203507084640938274e+01 5.852129184635145975e+01 3.820889272206694898e+01 5.778190657922802842e+01 4.289314568325108468e+01 6.253765568762415228e+01 7.375838826194592457e+01 6.300258001008791098e+01
9.516927588586144779e-03 6.540079202856954321e-01 5.274253087120342798e+00 2.149092293920252317e+01 1.595373571202615359e+01 3.300803976799632267e+01 2.891307760628795975e+01 9.125287692248512883e+00 2.600890835180649319e+01 1.338725246287565973e+01 2.535054321735042038e+01 2.982131671531120531e+01 1.245119379681741201e+01 3.219899004669365894e+01 3.203733951505763855e+01 3.582045259159865225e+01 3.361391322231239798e+01 2.619609317035352092e+01 3.541992472150632665e+01 1.662793751556641553e+01 3.658885112777263515e+01 3.300993010253811377e+01 3.741007992154359130e+01 2.490269648503564071e+01 4.491194525802890070e+01 5.189486935274109669e+01 5.290193219872342212e+01 4.707518756836678619e+01 6.714149554531080355e+01 6.008319091193337869e+01 5.181792004598966628e+01 3.456838598189299461e+01 3.736097369881941432e+01 4.216146413252297265e+01 5.646299969414199893e+01 7.632589070197553838e+01 8.335048057850352166e+01
1.945935296826603253e-02 2.001945935185835879e+01 1.267865978814176309e+01 2.918628070999825752e+01 2.878527256770195919e+01 3.480016708447327289e+01 1.492688035137321378e+01 2.909331624892926271e+01 3.712027039186096999e+01 3.827175197303628096e+01 3.195820735512924315e+01 4.028810384876803852e+01 3.220847091719679156e+01 1.489700918177621247e+01 2.887966143556668186e+01 4.847674767076740210e+01 5.254269946825207427e+01 4.037799984625740990e+01 4.457028770022916575e+01 3.491909187263713221e+01 1.780242989755975103e+01 1.863836206939477336e+01 1.947680548195042149e+01 3.944254141590929663e+01 4.153650977504915431e+01 3.201173946432124495e+01 3.298254526120862096e+01 5.294721292998971762e+01 6.361349573109400524e+01 5.096505538977771010e+01 3.177317512909086261e+01 5.181793853761185886e+01 5.778190657922914397e+01 6.228070577636714233e+01 4.945027129560831014e+01 6.929790340328366938e+01 8.306635866663950196e+01
5.600688922766024203e-02 1.889564249673409790e+01 3.061517670509170941e+01 4.076221582437865720e+01 4.665553135471414237e+01 3.484518390543559008e+01 3.484518390545294864e+01 2.141783858730060075e+01 3.552546072423545098e+01 5.521966667426798381e+01 5.129251754815108910e+01 5.019077485479036227e+01 3.060550013266044900e+01 1.664330064809580279e+01 3.060550013266044900e+01 5.019077485479035516e+01 6.300670989703181846e+01 6.060571467385111788e+01 5.397682121944577460e+01 3.426878613961089570e+01 2.774624174460093329e+01 3.805655067032190431e+01 3.596937864455524192e+01 2.069541037792991744e+01 2.156642328891200222e+01 2.243949121931924751e+01 4.241273315496500373e+01 5.193358662528082448e+01 4.158506873036154161e+01 4.435506603001761050e+01 2.993354051826896267e+01 4.970662284091056904e+01 6.231254203691911897e+01 7.058001471672082516e+01 6.929790340328366938e+01 5.725022003786992286e+01 6.318884078039439345e+01
8.215197286175310309e-02 1.422428759659282882e+01 3.422428759683250377e+01 4.001262158216731990e+01 4.829689282963489205e+01 5.452892398617149183e+01 4.625392891722544420e+01 2.641325363601567133e+01 4.050909226464194290e+01 6.012319147750676507e+01 6.556168940808687751e+01 5.423881085258119583e+01 3.809594772745552405e+01 1.842225297342766055e+01 2.651545685826023302e+01 3.528202950677699334e+01 4.907002422531954977e+01 6.871989383449374600e+01 6.193981092376644426e+01 4.702140632598407421e+01 4.768588678302020867e+01 4.940057052778003310e+01 2.960560511718636079e+01 4.066317151929384011e+01 4.153649821750486382e+01 4.241273123213658636e+01 2.368802858513828369e+01 4.366598606195571364e+01 2.626649439742193692e+01 2.719072478062433973e+01 2.822801739239106666e+01 4.807938400593653228e+01 4.236416054385157537e+01 5.647815284818135240e+01 7.640993535019717342e+01 7.707306152188918702e+01 8.306635866663950196e+01
2.613274238814250472e-02 2.002613274238778729e+01 3.058453116634650115e+01 2.001262158216661291e+01 3.415475720589806485e+01 5.415475720589876829e+01 5.250593713090390224e+01 3.273535122559921007e+01 4.625392891722545130e+01 6.576187248128201190e+01 5.737837029149812196e+01 3.782641452759741441e+01 2.653346551485099880e+01 2.025936930599240426e+01 3.990611275757473209e+01 5.077281170963384227e+01 6.300670975944647267e+01 6.150756516986132283e+01 6.971871837152319529e+01 6.588609853536644323e+01 6.216437207048147684e+01 4.220574519368098265e+01 4.369593046320341045e+01 5.777428463925331670e+01 5.036335800237171156e+01 3.045262512741073735e+01 3.200745786294780260e+01 2.496424124810247847e+01 4.492816899508723338e+01 4.717797045259363387e+01 4.821978454538204062e+01 2.970332984330194392e+01 4.969784791287673187e+01 6.365360946364415895e+01 7.194486605226164500e+01 8.344220683892503132e+01 8.831530640167822810e+01
7.532853315450405152e-02 5.239306328097703691e+00 1.058453116634614410e+01 3.058453116634650115e+01 3.415475720589806485e+01 5.415475720589876829e+01 6.050443227923803136e+01 4.424524887308795940e+01 4.679818087509748636e+01 6.628567969439167484e+01 5.993085242992606254e+01 4.035699254037110251e+01 4.608995399412148686e+01 3.417492376460710801e+01 2.302404532249576263e+01 4.262719733149419454e+01 4.793317491797770202e+01 4.192719428673910897e+01 5.837287639572290487e+01 6.964370519694422512e+01 7.037815532155354958e+01 5.632098269299088145e+01 6.365370448534113024e+01 5.782914601161921553e+01 3.794373082885505966e+01 5.036337701031610692e+01 5.091324830268921886e+01 3.909657407361745385e+01 3.225887937590037780e+01 5.223733559436618634e+01 5.071476767972947641e+01 3.075787828474787133e+01 4.807493007496194082e+01 4.380530862137161563e+01 5.527958851266863149e+01 7.515736375229161581e+01 6.830529337093646802e+01
6.101047412966256744e-02 2.006101047412930782e+01 3.058453116634578706e+01 3.886880241376672274e+01 5.415475720589876829e+01 6.243902845337264296e+01 7.172160955634709012e+01 6.379024714382428840e+01 6.628567969439167484e+01 7.421068368337850529e+01 6.812062916479136732e+01 5.993085242992606254e+01 6.190548943265135762e+01 4.680419281046352609e+01 2.735346974302251155e+01 2.616801390558961771e+01 2.841229918957730760e+01 3.070506575864555288e+01 5.020283277071470707e+01 4.996512789681302991e+01 6.964370243763876545e+01 7.627157186105056041e+01 7.575520364034603915e+01 5.710447085222244823e+01 4.426130642093377077e+01 6.410393687796377549e+01 6.732783804718295073e+01 5.777406378740975157e+01 3.781255093948774260e+01 5.777406478422396674e+01 5.898714742342179562e+01 5.075327677549174865e+01 3.226178744093987660e+01 5.225676212428879808e+01 7.009943175463995146e+01 6.422090527238613333e+01 5.423626373724948024e+01
6.842009524227352091e-02 1.161539561178356905e+01 2.575649251236289672e+01 4.573629150786790376e+01 4.772409749605374429e+01 4.772409749605374429e+01 5.600896013978674404e+01 6.771465824039110259e+01 5.942338918373321377e+01 6.771465824039110259e+01 7.772240200274377742e+01 7.031842511253104533e+01 5.078095697580447876e+01 3.710523094285151302e+01 3.326433606538164867e+01 4.572001790933180843e+01 4.219671429302459131e+01 5.020283277071470707e+01 3.408075939444231039e+01 5.357621524292905235e+01 6.578177150124216155e+01 7.319877920376832492e+01 8.037693566655174493e+01 7.109683784386751881e+01 5.131792707124157715e+01 7.109683784386751881e+01 6.773688998170699449e+01 4.781205429076749880e+01 5.777410190418377312e+01 6.602515790277378471e+01 6.463344975885190991e+01 4.666616648288223956e+01 3.333831272077727448e+01 5.333175953212357001e+01 5.021537474663218603e+01 4.425791534336657662e+01 5.835323753115170575e+01
1.934550753332892059e-02 2.001934550753297515e+01 3.861555196830683911e+01 3.035774632550290875e+01 2.772236956424586296e+01 2.772236956424586296e+01 4.772409749605374429e+01 4.999102611948469388e+01 3.941432552770226749e+01 4.941622808779600717e+01 6.943055027967049853e+01 7.031842511253104533e+01 5.078095697580447876e+01 5.650334890583561531e+01 3.939718619406135502e+01 5.877760721799375432e+01 6.178221595875882599e+01 5.880053329657624772e+01 3.925292511743771229e+01 3.803348557019747034e+01 5.757318687493851428e+01 5.455603777382456343e+01 7.203668723772734950e+01 7.933237517874927391e+01 6.273009043283683184e+01 7.933237517874927391e+01 7.599156424594184500e+01 5.777856338702986250e+01 7.599156424594184500e+01 8.218948833149850941e+01 6.991612516281077205e+01 5.663756444242229549e+01 3.709683201737793468e+01 3.493819028860607290e+01 3.607399577333627150e+01 5.601663358503231649e+01 5.882352294130238590e+01
4.364784840791047227e-02 2.004364784840755576e+01 2.591815872945673149e+01 1.033559005758175964e+01 1.358001848062922789e+01 3.358074004002379098e+01 4.291812623560602447e+01 2.998584423730810045e+01 4.999102611948469388e+01 6.771465824039110259e+01 7.772240200274377742e+01 7.855465310470259510e+01 7.031842511253104533e+01 6.564906863061121101e+01 4.621364078451725987e+01 6.564906863061121101e+01 6.718597668214881935e+01 4.752036884909639980e+01 5.880053329555597941e+01 5.757318585890069329e+01 4.214841024488804067e+01 5.122513394043316737e+01 6.688560459771059641e+01 8.041652000864856120e+01 8.252602735438310333e+01 9.078625736630733911e+01 8.596437502482314130e+01 7.769687025076096631e+01 8.596110472062203200e+01 7.391372022205962367e+01 5.384901245876044840e+01 4.254609501317751352e+01 5.671252477955020055e+01 5.492209231423588989e+01 5.570388220833618931e+01 3.772768619224314079e+01 3.891599966488170992e+01
5.219006137575642884e-02 2.969489891333641385e+00 5.918329014431571444e+00 2.582471285999740473e+01 3.356949286603007465e+01 1.883227586462300707e+01 2.291475899288026241e+01 4.291812623560602447e+01 4.412984608481237103e+01 5.827830467139241222e+01 7.829536687262680061e+01 8.557584845490357850e+01 8.732414703924307275e+01 7.386700635814590044e+01 5.735066826054254108e+01 7.386700635814590044e+01 7.376804745467877922e+01 5.402183522516509839e+01 7.376804737209749874e+01 6.176518456989648342e+01 6.176518474381738599e+01 4.726539706299821120e+01 5.644576675925232934e+01 7.255559265100261257e+01 8.343682588890868601e+01 9.044172588545416147e+01 9.871775479815408971e+01 9.060841883338035530e+01 7.062084428689595939e+01 5.896522023159764814e+01 4.896055431831305071e+01 6.233145369709026795e+01 7.062700348819855378e+01 6.835498131024033341e+01 4.842498303014760097e+01 5.769754946602983381e+01 5.885186993714214765e+01
