MOVIE_S9_data/elevation_000709.asc
nrows	100
cellsize	150.0
xllcorner	0
ncols	100
yllcorner	0
NODATA_value	-9999
[rows 0 to 16 of 100, columns 37 to 73 of 100]
7.939538377711747330e+01 8.896010837556995909e+01 8.316264144873500186e+01 8.896010837556995909e+01 8.319011158743401779e+01 7.500858008718130066e+01 7.987023298233289381e+01 8.469768468141073470e+01 8.569906088376828279e+01 7.728058644110151931e+01 8.545876738561014463e+01 8.409306150825156578e+01 9.222218932709913020e+01 9.841066354241128522e+01 1.066430534174061080e+02 1.050713329697738345e+02 9.684095173368757514e+01 1.015848801098714489e+02 1.098207252102412070e+02 1.117164524602446534e+02 1.199666479487436419e+02 1.185332954955438538e+02 1.071658396198763512e+02 9.900725396367010944e+01 1.071658396198763512e+02 1.059303882372735046e+02 1.001615295955628682e+02 1.001615295955628682e+02 1.083295413521297235e+02 1.138307129472944723e+02 1.138307129472944723e+02 1.220052307046084650e+02 1.168249177729773720e+02 1.088135504025589029e+02 1.087949021231187601e+02 1.038276982402916389e+02 1.080197892544249498e+02
6.946266114855490059e+01 6.917863870025409767e+01 6.338627510557062550e+01 6.917863870025409767e+01 7.177781109693721362e+01 5.523579859440248896e+01 6.032310614940729465e+01 6.583092613469591470e+01 7.429867866909847862e+01 5.615021889609317185e+01 7.018004302095435776e+01 6.437468273555037968e+01 8.085349236741812717e+01 7.863615177488308916e+01 9.520928370065654178e+01 9.331051788191356877e+01 7.707574738392409586e+01 8.179866813363557299e+01 9.769334320186499099e+01 9.188478116040434429e+01 1.117164524602446534e+02 1.103777555036615752e+02 9.068320238116577059e+01 7.916148545497274824e+01 8.839931304158031367e+01 8.613189605134208193e+01 8.032063156220129940e+01 8.032063156220129940e+01 1.001615295955628682e+02 9.416734797138416013e+01 9.416734797138416013e+01 1.138307129472944723e+02 1.088135504025589029e+02 9.125448297372490458e+01 9.419987973699799966e+01 8.513056231653106920e+01 8.986275356500138400e+01
6.124010186062261596e+01 6.917863870025409767e+01 4.932926708093626189e+01 6.917863870025409767e+01 6.290493253091706549e+01 4.371930542622504845e+01 4.630905858352003435e+01 6.604832704605762217e+01 6.589567867249435551e+01 4.595230536550594280e+01 6.129091689159418621e+01 5.291517235345261838e+01 7.270865021584951648e+01 6.725050198041546423e+01 8.636793936183875076e+01 7.355227189764789841e+01 6.569507501174840058e+01 7.096371199150249254e+01 7.792958884556188082e+01 9.188478116040434429e+01 1.117164524602446534e+02 1.004719149052965719e+02 9.215566652139173698e+01 8.839775252983017140e+01 6.837236047132172700e+01 7.944313538389506846e+01 6.606591798608155841e+01 8.446566845231828324e+01 9.001777940828914382e+01 8.010894458469601886e+01 9.992661423188225456e+01 1.008718688355154995e+02 1.079248926555707584e+02 9.336708325188183721e+01 7.949341765286202133e+01 7.625493048177057176e+01 9.496799815185464411e+01
6.277705428053844372e+01 6.256218149381479776e+01 4.265941440938647133e+01 5.407561309409684469e+01 5.467634453736890521e+01 3.477029887047911672e+01 5.134873469111778377e+01 5.334162895433264850e+01 5.549249194115220973e+01 3.885115346264199587e+01 4.136317438653782830e+01 6.129089970544752930e+01 6.786901437636691981e+01 5.841165176688883065e+01 7.386442345872760029e+01 5.959927865597839514e+01 7.933932816208736938e+01 9.070580086733123437e+01 8.490718500284238246e+01 1.047048969420966387e+02 1.050240029859261313e+02 9.215051829019076024e+01 7.215130544729272799e+01 7.799503173898847308e+01 7.944313538389506846e+01 5.934025461038674365e+01 5.934025461038676497e+01 6.437594142886800341e+01 6.999935868243778714e+01 9.001777940828914382e+01 9.550318889877544848e+01 7.943717354291175070e+01 9.550318889877544848e+01 9.392111281778306875e+01 8.348808155566210587e+01 6.982845069554835504e+01 8.079155134219769252e+01
7.099888541764002525e+01 6.812317377915019279e+01 4.825692294008872096e+01 3.414272487193747452e+01 4.655516902008847779e+01 2.947354235551842905e+01 3.140957021037438324e+01 3.338738347249552874e+01 3.553436256390463654e+01 4.187897781912176498e+01 6.126959857232082385e+01 4.523565818176771103e+01 4.802466880379044056e+01 5.089192777732549189e+01 5.409344861380463243e+01 7.386442349806382879e+01 8.754362452853260379e+01 1.007930177881696210e+02 1.047048974407696420e+02 1.129461506790573253e+02 9.687676614736615477e+01 7.700936812594615333e+01 6.692411174735336488e+01 5.791203160190954691e+01 6.943143758139527222e+01 5.378167419929327053e+01 7.386767275881481964e+01 8.446566845231828324e+01 9.001777940828914382e+01 9.819480424067013757e+01 8.674002510566120350e+01 6.655164133639924273e+01 8.674002510566120350e+01 8.471934668843611860e+01 6.380300979542719375e+01 7.592185324503776656e+01 7.767050106243982555e+01
6.440941522813690767e+01 5.618492471197565408e+01 5.266742045558734731e+01 4.443470136262670422e+01 2.692784290382993007e+01 4.679943626432859816e+01 4.868645047207377274e+01 3.916183060320729226e+01 5.548696478746623484e+01 6.170390692130268917e+01 5.186653070132527432e+01 6.511710361472023578e+01 6.786901863913766420e+01 6.491225030812066166e+01 6.807945768117815533e+01 6.399359239821843914e+01 7.281572499677758969e+01 8.676746282496606000e+01 1.065762937706068243e+02 1.070331877747928360e+02 1.050224288294862163e+02 8.994930585176966531e+01 6.996532274971357879e+01 5.833143083337284196e+01 4.935647881742709586e+01 6.573547647603646737e+01 7.399808793274648622e+01 7.860042273115921319e+01 8.682823929577111244e+01 9.176991418513665622e+01 7.213495996739889904e+01 5.899218079112883117e+01 7.846398762517769399e+01 9.147593961084089642e+01 7.795031712206044006e+01 5.849142533376924291e+01 7.304261792368370720e+01
5.618492471197565408e+01 3.628837529754682834e+01 4.211593969881977984e+01 2.460305169227558864e+01 4.374504429956029838e+01 3.957412921441623155e+01 5.939472663868884439e+01 5.903391192965161594e+01 4.809622266235617616e+01 6.772303642142574631e+01 7.140808713098900284e+01 6.322267792386837471e+01 8.235781430504546563e+01 8.466785812960088720e+01 8.783056581208499836e+01 8.373525412129723122e+01 9.194587233541066951e+01 1.007930177881696210e+02 1.013138357737106219e+02 8.723702444849961068e+01 9.931243240865825328e+01 9.813852762772287974e+01 8.663678940882515178e+01 7.726841726427804247e+01 5.725489073579758781e+01 4.563993439109603401e+01 6.223729109285483929e+01 5.855976117724043206e+01 7.504416015949813357e+01 8.310156267754929615e+01 7.213495996739889904e+01 5.279224732897954198e+01 7.134631944219015054e+01 8.570046480368044683e+01 8.614124881833868130e+01 7.304261792109525686e+01 5.362639118797843452e+01
4.810804643640204858e+01 3.987536788729860859e+01 2.230703666936213025e+01 3.370181142223720627e+01 5.244381742798036328e+01 5.963793372640063239e+01 5.965934805820567988e+01 7.450216324158679981e+01 5.509501102916216553e+01 7.450216324158679981e+01 9.022614317205511725e+01 8.211226771431027771e+01 8.205776313352306772e+01 1.002418047034471158e+02 9.176317897681784075e+01 8.349551071157024751e+01 8.608235254507542322e+01 9.435183042127717101e+01 9.151096640832031426e+01 7.359072142507045555e+01 7.971684681965476216e+01 9.931260535655873412e+01 9.692712980367177522e+01 8.540489386364907887e+01 7.394884118195685119e+01 5.636282146667288373e+01 4.203852145710680333e+01 5.891663338120412874e+01 5.519633697798889216e+01 6.916549903519097597e+01 6.090980838379858398e+01 4.763847405034353955e+01 5.888544965122739683e+01 7.793360423170436491e+01 7.679285590462306743e+01 8.081758786360110491e+01 6.848591056687790513e+01
3.766998260511480368e+01 2.006810694601446698e+01 3.987536783357815295e+01 5.034889526284177208e+01 5.350338735769661014e+01 7.312630298163065845e+01 7.948663619818465520e+01 8.258231694823979296e+01 6.882442464479126443e+01 7.375187708049922719e+01 8.790783874626016825e+01 8.035323229012533375e+01 8.928242431196139250e+01 8.776226429765388559e+01 7.951979291102431091e+01 6.386366844221877415e+01 6.639467365154955303e+01 8.608235254487152588e+01 8.331283414698712875e+01 6.404651905345798468e+01 7.469668129551482139e+01 8.282617889061411631e+01 7.732996742415323865e+01 9.130216784032313626e+01 8.465203022272442013e+01 7.050742584469871588e+01 5.891663338120449112e+01 3.856383948356013036e+01 5.571893734177916713e+01 5.522085969873957367e+01 4.104634976315451667e+01 5.996133803321138345e+01 5.845163126283955535e+01 5.894445184834718532e+01 5.660371828059002297e+01 7.452245616244472615e+01 6.903277446311138021e+01
1.785381347147091802e+01 3.766998260511480368e+01 4.810804643640214096e+01 6.287284470002143166e+01 6.030431996653101123e+01 6.852614582195758430e+01 7.996374399006823808e+01 8.708645354155002849e+01 8.820943676557979529e+01 9.200410449000459323e+01 7.725479868734599620e+01 5.847680476879651223e+01 7.725479868734599620e+01 7.951979291102645675e+01 6.006694247095605732e+01 5.297152876958008960e+01 7.216106129267210179e+01 8.504453417008583926e+01 7.550596934665618676e+01 6.741721726692908589e+01 5.543702255715049176e+01 7.469668921480203494e+01 6.356839279710484192e+01 8.149679763984227066e+01 8.240127982006161744e+01 7.421553073467555350e+01 6.714014854184581793e+01 5.571456527780141244e+01 3.559378556177717456e+01 3.492036126673175289e+01 5.168426472528927462e+01 5.673637956326222564e+01 3.794385612715856126e+01 3.873901865974270464e+01 5.510286659201721449e+01 6.060284763967681698e+01 6.147160832676600251e+01
3.453781906535050439e+01 4.389383701385727221e+01 5.708402888423444210e+01 4.329361459419801861e+01 4.077357382394561114e+01 5.194746459520570170e+01 7.171999670230488277e+01 6.666116923979971887e+01 8.099222283272779066e+01 7.785142482864091562e+01 6.808766499443937903e+01 4.896790030584285347e+01 6.838833779330380480e+01 7.951979477908638216e+01 6.006694247169376411e+01 4.675520242073194765e+01 5.754914795700565833e+01 7.683119905767115654e+01 6.741722015959032888e+01 4.800338048349730258e+01 6.741722220588970060e+01 7.331911809510255296e+01 5.373075441159039656e+01 7.331911809510255296e+01 7.421553073467555350e+01 5.440557851655734822e+01 6.015813957224937525e+01 5.264658300857875162e+01 3.382162053557050285e+01 5.418088108810911052e+01 3.603329944350633696e+01 3.681900725328901558e+01 5.575853693024835422e+01 5.856876497647203905e+01 3.985969547952528558e+01 4.064679892687820484e+01 4.142913994998932736e+01
1.615092895414228380e+01 3.586530005510018526e+01 4.123017286573627871e+01 2.969234444346023594e+01 4.329361459426493042e+01 6.287284505852458238e+01 7.068339401987820736e+01 5.183445179409886094e+01 7.068339401987820736e+01 6.981842227248003496e+01 5.184526619080493504e+01 4.276000868390613618e+01 6.157842626785896556e+01 7.633513764478691144e+01 6.127368904557499008e+01 4.237286508635078519e+01 6.127368904557498297e+01 7.633510395192963927e+01 6.296338369814287717e+01 4.337465599954548878e+01 6.296338369814287717e+01 6.639358583067733832e+01 4.669315774200011049e+01 6.639358583067733832e+01 6.916148584954194689e+01 5.911538849101148685e+01 4.023558478243806746e+01 3.278540706797032556e+01 5.314305178203160551e+01 4.966619285427614017e+01 5.770598717354661744e+01 5.707999721103165314e+01 4.431149834834936740e+01 6.364934823427419985e+01 6.043286863866474334e+01 5.903553556373768174e+01 5.138544701630080880e+01
3.595144738687044139e+01 1.663983929324746569e+01 2.174928920312616754e+01 4.103326715529476587e+01 5.439828702492225432e+01 6.807476524386157735e+01 6.223902413467042294e+01 4.135803916422905502e+01 5.756803831282369543e+01 6.604257903274283592e+01 5.569439926974528277e+01 3.706863888184290090e+01 5.569439927732434370e+01 6.821227274151405595e+01 4.921470205409896437e+01 3.820712284006089732e+01 4.921470205409606535e+01 6.821227166660905539e+01 5.878705474135105646e+01 3.900656566757122334e+01 5.878705474135105646e+01 6.045368335294642748e+01 4.060948725384815106e+01 6.045368335294642748e+01 6.074452879902688096e+01 4.230383096610397331e+01 3.176501618955202844e+01 5.203107094701270796e+01 6.096142562858334202e+01 6.765877685309921219e+01 7.046695056079987296e+01 7.188253713967273484e+01 5.555454419204713901e+01 5.382880723551026136e+01 7.353961530029687310e+01 7.640344226544878836e+01 7.036825165817447214e+01
3.064204797541269443e+01 3.644026332612719443e+01 1.712949582884308342e+01 2.791676790525957585e+01 4.302650467227554287e+01 4.664725292493780984e+01 5.485648107243997629e+01 3.417663778325265866e+01 3.685276441048799256e+01 4.918645068976925216e+01 4.551864543575963040e+01 3.261593326608338828e+01 4.571199944245974933e+01 6.456239063938144795e+01 5.370895665230953142e+01 3.453240721405511238e+01 5.370895469539774325e+01 6.939018311893690338e+01 5.483095846084619751e+01 3.487953350929814178e+01 4.953585628707681821e+01 5.444525495726458075e+01 3.514095771469444429e+01 4.871233624571902254e+01 5.540885486698665829e+01 5.231455657639318702e+01 3.106199380250453501e+01 3.882628158171729638e+01 4.675419645710726968e+01 5.611728763100332174e+01 6.972408489692496403e+01 8.205952280360777706e+01 7.426647627673334284e+01 6.537876913431286141e+01 6.793552251821679988e+01 8.707606072788330209e+01 8.190857639041117011e+01
5.054370708176528382e+01 4.488972496531417988e+01 3.579585878631724682e+01 1.762049080316122840e+01 2.167661827375993866e+01 4.446666499036470555e+01 5.387558757192837788e+01 4.415422173278692952e+01 2.536944924482329711e+01 2.897875983763250929e+01 2.735198130554283935e+01 4.320911142189964238e+01 5.360921154440978142e+01 4.874058690587899179e+01 4.613346202989183809e+01 3.104527648448331689e+01 4.228203563252703390e+01 6.114090470463996496e+01 6.243990953401399935e+01 4.930358629310660490e+01 2.942011360901884842e+01 4.500261931568367402e+01 4.122372866836627026e+01 2.795593015983314089e+01 4.625192858419141118e+01 4.970447332071493207e+01 3.037357378489610937e+01 4.589515847091274736e+01 5.996076341890042727e+01 7.418463250477019244e+01 8.509257738706222085e+01 9.690203086818746669e+01 9.223737468583630061e+01 8.452313919991243552e+01 8.707606072788330209e+01 9.479643989525455083e+01 9.009773708529959890e+01
5.727812961099826339e+01 4.304768438323661428e+01 2.321804069440764806e+01 3.622357585436171945e+01 1.811594593823220123e+01 3.757299388454800493e+01 3.859502772160639239e+01 2.117808126866606599e+01 2.016688370202549407e+01 2.325659401908248824e+01 3.743865521117218265e+01 4.044069324752994277e+01 4.111438260972300185e+01 2.814554321922041424e+01 2.651845716782863249e+01 4.449031752118436600e+01 5.355854402701467620e+01 4.974665253547030375e+01 5.320950494392916852e+01 4.496917069101510123e+01 2.590089391378658945e+01 2.649756819440334965e+01 2.709528625470553820e+01 4.548608212000521434e+01 2.883458730758694699e+01 2.946296796979228461e+01 4.933348096167176777e+01 3.345905454246993571e+01 5.312470283389394865e+01 6.500622047384983659e+01 7.610600884021322088e+01 8.431766450428841608e+01 8.624955439145263369e+01 9.036215303249230146e+01 8.889293896108227955e+01 9.707467852245802931e+01 1.040967964152057164e+02
4.062961840110560985e+01 2.915511283525270869e+01 4.304768438323661428e+01 4.584691204495342731e+01 3.374004074223170591e+01 1.861374463749358199e+01 3.648669012409705914e+01 1.963702022728889318e+01 3.602842685241694198e+01 2.069598234624800526e+01 2.107006244797594263e+01 2.144475089953663982e+01 2.182069988887457512e+01 2.219686081442930004e+01 3.842372426620250536e+01 4.399297488000686940e+01 4.290582340450270493e+01 3.301118766260853477e+01 4.422844134973741603e+01 2.506812857877391565e+01 4.511973654391451305e+01 4.650236929041597733e+01 3.035744438166571513e+01 4.799045785227878724e+01 4.889883862055073394e+01 3.709545853998066889e+01 5.632627209940114454e+01 5.372326313551839405e+01 3.665455257383320742e+01 5.679001540588076580e+01 5.629395999744301093e+01 6.848652441013244641e+01 6.657969265479347598e+01 7.067806739579609143e+01 6.920849359980624627e+01 8.312849639132573998e+01 1.028095343925097467e+02
