MOVIE_S9_data/elevation_000010.asc
nrows	100
cellsize	150.0
xllcorner	0
ncols	100
yllcorner	0
NODATA_value	-9999
[rows 68 to 84 of 100, columns 0 to 36 of 100]
5.009162696260269221e-02 1.419222725069367819e+01 3.419222725069437985e+01 5.255438417517240879e+01 4.949320435395522821e+01 4.107706332643033420e+01 3.046849274506506333e+01 4.413464495521134268e+01 3.041384167913873782e+01 9.381645698377250042e+00 3.041384674364360308e+01 3.925839965697479528e+01 4.468957354802900284e+01 5.044236543429902042e+01 5.868616975333885222e+01 7.457915519058487064e+01 6.040491585497365890e+01 5.662207828778770846e+01 7.351068359058025692e+01 8.363139884015529901e+01 7.959521706947350594e+01 8.012393975452850725e+01 7.201883091048759411e+01 6.290471043755027125e+01 4.643778550850113618e+01 3.655674977640838819e+01 3.481059440197397237e+01 1.660055873203862120e+01 3.586365575561618613e+01 3.897644812575720863e+01 2.683362785858554389e+01 3.226276662687499908e+01 4.346329283030119939e+01 5.732526738653601939e+01 7.712343418805313888e+01 6.792461778969763486e+01 5.381728703290738025e+01
4.695337527364121244e-02 1.418908899900471710e+01 3.418908899900542053e+01 4.328166141317955606e+01 5.156586495468434350e+01 5.700880737687801769e+01 5.337737031201926641e+01 4.748508819530522373e+01 2.660172803827515153e+01 3.041384738695997214e+01 1.298887948998667419e+01 1.807469127910790263e+01 2.365472883500482126e+01 2.970037930658221725e+01 5.044236543429768460e+01 6.872950708354760252e+01 8.069053471236992436e+01 7.706788153787641704e+01 8.516209705040934352e+01 7.386761947269243933e+01 6.002101716240232321e+01 7.201883094797740625e+01 5.286654918370463463e+01 5.783199741651142034e+01 5.723501791119174698e+01 4.913484694408384001e+01 4.357202998390323501e+01 3.489220999802761725e+01 1.717522422095849777e+01 2.059682678282716140e+01 3.872520974926511172e+01 4.752503783412120697e+01 5.995648104472449802e+01 6.270284937231320299e+01 6.340657141042280642e+01 5.514943393836754382e+01 3.972134205427892084e+01
7.614146464036156137e-02 2.007614146464000626e+01 2.765217441536657716e+01 2.328166309570848469e+01 4.001880254325269703e+01 3.700886075789820495e+01 5.700880971335459435e+01 5.593754780716361097e+01 4.531783810996576989e+01 2.436971832963534013e+01 3.412059588300502355e+01 1.772768582157976880e+01 3.891962562598391884e+01 5.044236543429789776e+01 4.032265573565731387e+01 5.476087554682527525e+01 7.456740994261348021e+01 8.414105126166373338e+01 7.283368159428556510e+01 6.408226862978402494e+01 4.619047020594648956e+01 5.587426444016017513e+01 4.786187492309640135e+01 3.990818388597489275e+01 4.734797384667088238e+01 3.113613450518037951e+01 3.947221063735830171e+01 3.897363819245455119e+01 3.665190397780022380e+01 1.789374110980228849e+01 1.972433897257615598e+01 3.932462967992469771e+01 5.027681289363113848e+01 4.277231955545181563e+01 5.109228342156371383e+01 3.527463201919331937e+01 5.514943393836754382e+01
2.352828262072655108e-02 3.803173012712991241e+00 7.652174807310480276e+00 1.173465771194907603e+01 2.067892962194803985e+01 4.067892371875199586e+01 5.542275886742367419e+01 6.542266291455906924e+01 5.363322598599316393e+01 3.506305520551964605e+01 4.730947542939728123e+01 3.891962562598548203e+01 2.288526115206291678e+01 3.529724088469809828e+01 5.578562735613005685e+01 5.476087554680658087e+01 7.456740976711179769e+01 7.602611020285024779e+01 5.644377576600515312e+01 4.515928863139941996e+01 3.647988696112698648e+01 4.718503339215509129e+01 2.936337806102221393e+01 4.499955058587124057e+01 4.007157443264451047e+01 2.044862165224885331e+01 1.986369364851584152e+01 1.928206512504879910e+01 1.870553737524512172e+01 2.707388461759889609e+01 3.927200505957346621e+01 2.239530486990908642e+01 4.206330283173375051e+01 2.880776757759967310e+01 3.126423707618573644e+01 5.109228342156371383e+01 4.781115555320585031e+01
6.786455232800275850e-02 2.006786455232764865e+01 2.765217441536657716e+01 3.173465700386974220e+01 1.957930311747629659e+01 2.713859257766070954e+01 3.713859257764297439e+01 5.713858570551279570e+01 6.378977417500202307e+01 4.971655227815387690e+01 6.200753679978522115e+01 4.178704775978017949e+01 2.681456552543410510e+01 4.770949187990792950e+01 6.399253816859317823e+01 7.456740976712211477e+01 8.269812995408445033e+01 7.209189527759794203e+01 6.045116332656483848e+01 5.206564106504651335e+01 4.738884482258870889e+01 2.823119576213579762e+01 2.297335357502659292e+01 3.406724334785050701e+01 2.128420036223757705e+01 3.577872187955383509e+01 3.945316131886124111e+01 2.339376404349491523e+01 3.797019871861091644e+01 4.460567423380933860e+01 4.651846450720415049e+01 2.686227411158587941e+01 2.542651985090598643e+01 4.515804919390975414e+01 5.109228342148438884e+01 3.934759206103218787e+01 5.973422370667478276e+01
3.257643153035955086e-02 8.976848341529438002e+00 2.311898396526013855e+01 4.311898396525942445e+01 3.372143873535958392e+01 3.590923466835457134e+01 5.542275886742368129e+01 6.542266291456013505e+01 7.397091537297210095e+01 6.971045581271745561e+01 6.371889169194904667e+01 4.361382812369991768e+01 3.146525154818318626e+01 4.026049269392707686e+01 5.212934299411876538e+01 7.199944976333816271e+01 8.204313397265082131e+01 6.365993166076192011e+01 4.357804433818861867e+01 3.186376014519922606e+01 2.600939046984937875e+01 2.382605595658782249e+01 4.189003503998468148e+01 2.212807486330810747e+01 4.092279344639548100e+01 2.954779178310107923e+01 4.907122016848193624e+01 4.294497470748237333e+01 2.956322173619411586e+01 4.912254412107107271e+01 5.129594112942764639e+01 3.161922775861556545e+01 4.515804910245348225e+01 3.343751461258320035e+01 5.324977455823036365e+01 5.973422389216712247e+01 4.901267601290092557e+01
1.880098487986705744e-02 2.001880098487951187e+01 2.897684834152908095e+01 4.897684834152836686e+01 5.372143432397922425e+01 5.590922796413376972e+01 6.419335139268301305e+01 6.811293583759101011e+01 5.397093280103530333e+01 6.811293583759101011e+01 7.186943945276532020e+01 5.691461128469943276e+01 3.653558363530164144e+01 5.691460156099672218e+01 6.870128701536506810e+01 8.013438859961001981e+01 7.357741907763090694e+01 5.297826831207608933e+01 4.283465418165327776e+01 4.442334665312900910e+01 2.468393302523226396e+01 4.273773265958092793e+01 4.781660400405722555e+01 4.734619156396111350e+01 5.270969971530543319e+01 3.598788558826480255e+01 5.560396828360317301e+01 5.373119624771715053e+01 3.418077939348847138e+01 5.373119742193954096e+01 5.638236116134382314e+01 3.668818304512971906e+01 5.638236067686136010e+01 4.484125485253972698e+01 4.399155198409190604e+01 5.806352124067083764e+01 6.947972730930200669e+01
2.900726248362994752e-02 1.417114288621445439e+01 3.417114288621374385e+01 4.282408080493911484e+01 4.282408080493405578e+01 6.282403697060154002e+01 6.315647324933127038e+01 5.487224041225638160e+01 3.982879719133345020e+01 5.795559170333093135e+01 6.623979774451419189e+01 6.271411314451155761e+01 4.262404163465672013e+01 5.327528402079770586e+01 6.736189293629067265e+01 8.697965227345422079e+01 8.204313529315038522e+01 7.176728040604982084e+01 6.222004705740633312e+01 4.480789223768718443e+01 2.529064015908409502e+01 3.038679074603179942e+01 4.377063544303334908e+01 6.246304483427328336e+01 6.391500294466218435e+01 4.723638808021377855e+01 5.192940612133649836e+01 5.877461045536298911e+01 3.924452463316888640e+01 5.877464215476868503e+01 6.207716118492141533e+01 4.235588541082137937e+01 6.207715943582643092e+01 5.888032284512881631e+01 5.547535047337110825e+01 7.226636831325890853e+01 8.647014288478194999e+01
5.081304048347550645e-02 2.005081304048312063e+01 3.127707802610464327e+01 2.282408541723736306e+01 3.696622092917051106e+01 5.696620556350080022e+01 5.160948387015031358e+01 3.487224120500118119e+01 3.088452528133115749e+01 3.795559309319688168e+01 5.795559170333093135e+01 7.085679831881714108e+01 5.437014731590957695e+01 5.437014731637670906e+01 7.411219330575295317e+01 8.639809725291023312e+01 7.603373886670884474e+01 6.811416025315827483e+01 5.765506027080875384e+01 4.343509649687790386e+01 4.443371534270416845e+01 2.615430629998778400e+01 4.489488933939554016e+01 6.159560872276604471e+01 7.577852024574382028e+01 6.777401178820201721e+01 6.603988915893917522e+01 6.439847026653143303e+01 4.492072564811948610e+01 6.439863177814642370e+01 6.866439436438376731e+01 4.892121150342263292e+01 6.866438926588270419e+01 7.856772925139462416e+01 7.567546824843381614e+01 8.441183143623402430e+01 9.051798470471138103e+01
4.469920835086939326e-02 2.004464923690192890e+01 1.127708003422103111e+01 3.127707808389832422e+01 4.263236232901473954e+01 4.571181385718883661e+01 3.742755744724166078e+01 2.332523582114648164e+01 3.487224120500118119e+01 5.487224041225694293e+01 5.209772871579435360e+01 7.209772397437235725e+01 6.837953862669964167e+01 6.583605321833624657e+01 8.223120730666846612e+01 7.866927665761136268e+01 6.015781575359648770e+01 4.935070285077985375e+01 4.105155460575684145e+01 5.127949667800655220e+01 4.626430514758379786e+01 2.676850776362893569e+01 3.673413952823540995e+01 5.550929782287615666e+01 7.253082128745620594e+01 8.079883404831169003e+01 8.622999227599481742e+01 7.084957094018970736e+01 5.150841062715591789e+01 7.085043375281571798e+01 7.697862971433767143e+01 5.878003811118220767e+01 7.697652841556299563e+01 9.138143500301934807e+01 8.327436962648003771e+01 8.061340474370837228e+01 7.237625766466466359e+01
2.324776005098762310e-02 1.848989618401543300e+00 2.184898968077604664e+01 2.650993165344040747e+01 2.263236232048165775e+01 3.208233272134771852e+01 1.742755757495049096e+01 3.742755744724165368e+01 5.160948387015045569e+01 6.315647325202789375e+01 7.209772397437741631e+01 8.038186679077546160e+01 8.795200886417643460e+01 8.541763683676616381e+01 9.354232456379197913e+01 8.158429249933477934e+01 7.267634096882804329e+01 6.811416025365491578e+01 5.204576138193473867e+01 3.223901100842847001e+01 2.765866896005752906e+01 4.628020231596674705e+01 3.266588713274059330e+01 5.207628604689652718e+01 5.261150325274966377e+01 7.253082129258250177e+01 9.166233020793625030e+01 7.877827858211345813e+01 6.134092738919629539e+01 7.878149566445810592e+01 8.699632256648989426e+01 7.858159006457908902e+01 8.693393249966852920e+01 8.001577462798209694e+01 6.355116238787498872e+01 6.137524145578770174e+01 8.060308132855834629e+01
8.699724428260374731e-02 2.008699717121508499e+01 4.558131464315939851e+00 6.509931610213014253e+00 8.490226696166379483e+00 1.208233273670190933e+01 3.208233272397333735e+01 4.571181695601054429e+01 5.478677946288097900e+01 6.307104684129821237e+01 6.383372034685952201e+01 7.211798500980198412e+01 7.417894559390194331e+01 8.246320681856157364e+01 8.825508717069827469e+01 6.666892371157544517e+01 5.169991857637180033e+01 5.896786124484073355e+01 4.806041008553446403e+01 2.856554416184573597e+01 4.716911744165629727e+01 5.534620964125499398e+01 5.207628601431569848e+01 3.888698899308747059e+01 5.844573642668683533e+01 6.330283832215771156e+01 8.342718446582692593e+01 8.831670299417758940e+01 8.038181890281654773e+01 8.833409924753473774e+01 9.061706050408220392e+01 8.265333251809006754e+01 8.539862756605867844e+01 7.177229012713344503e+01 5.198837142128106592e+01 6.770719006360839387e+01 6.855139984654853436e+01
2.249585233037712170e-02 2.002249585233002094e+01 1.610513684812024948e+01 2.650993165344040747e+01 2.849022673488091328e+01 1.194570039849184973e+01 3.194570044525492492e+01 3.931745123992769209e+01 3.478677925575230034e+01 4.750378831036204019e+01 4.383371983498601310e+01 5.784901323989303989e+01 5.417894469315798034e+01 7.320434700577115450e+01 8.320434422148825604e+01 7.333609613307748987e+01 5.302851265392117597e+01 3.918536217520453846e+01 4.172107506975073221e+01 2.921191779742472860e+01 3.955580821120189228e+01 5.753954318780851906e+01 6.670513655501258654e+01 5.844573642212711206e+01 4.706685854830452342e+01 5.692109153160588875e+01 7.117824503353358523e+01 9.134782025890662283e+01 9.261593335193580856e+01 9.644664144699321184e+01 7.694055201473989314e+01 6.328864918887300206e+01 7.132977391921617993e+01 5.935307000358026386e+01 4.688793543722723456e+01 4.770210526952497077e+01 4.852455042652442785e+01
2.739267172789772165e-03 2.000273926717243356e+01 3.610513695950415780e+01 4.438940775520960358e+01 3.194570044525492847e+01 3.194570044525492492e+01 1.553780643902737957e+01 1.931745116911971749e+01 2.323977387188346455e+01 2.750378819899574978e+01 3.250378819899592031e+01 3.784901303724459609e+01 4.492008084911032029e+01 5.492008084922777300e+01 7.492008147595369394e+01 7.645734823478731812e+01 5.681427526193141375e+01 4.958964036884872684e+01 3.013553111473387247e+01 4.869291274628569255e+01 5.574242294338065307e+01 6.410381693457529195e+01 7.379729498908889695e+01 7.402705904127974179e+01 6.700256615072682109e+01 7.532031874344755806e+01 8.538902905632123463e+01 8.677722688494014847e+01 7.266605340545019942e+01 8.677724083062796012e+01 9.074389515662201688e+01 7.147575031645168053e+01 5.197602860316757045e+01 4.576282633329475402e+01 6.569600581908260040e+01 6.770719049627716402e+01 6.271150236637434006e+01
8.327778614586213435e-02 1.008327778614594905e+01 2.422541340987715230e+01 4.422541340987785929e+01 5.194570079476579849e+01 3.553780649598580510e+01 3.553780649598579799e+01 2.070178423397069167e+01 4.070178431038813471e+01 4.750378831036204019e+01 5.250378834748431700e+01 5.784901323989303989e+01 6.492008116259070505e+01 7.320434700577121134e+01 8.320434422144239761e+01 7.057976634664099436e+01 5.111244342012279418e+01 3.878044016905045765e+01 3.079429427531038854e+01 5.022663618433121258e+01 5.107493947395359868e+01 5.546179912456651806e+01 6.301357411828425370e+01 6.210956262507145453e+01 7.070723265820097936e+01 7.851487015779426315e+01 8.655310515945933503e+01 7.766348322393635328e+01 5.796583319542141766e+01 7.766347756592189455e+01 9.065637114667086394e+01 7.955164982321068123e+01 6.487971771646887476e+01 4.498829100435816741e+01 5.903407811626619406e+01 7.899234001194977850e+01 8.265015959681279867e+01
6.510866554257997707e-02 2.006510866554222616e+01 3.836754903360885294e+01 4.205459900830189213e+01 5.033887025576349572e+01 5.553780690867375824e+01 4.898605311200856960e+01 3.224878961782452791e+01 2.647528692586705290e+01 4.647528703310064202e+01 5.819442310055800505e+01 6.526549103138953001e+01 7.354975571734283335e+01 8.354975231072204167e+01 8.580619571293257764e+01 6.589308177404052458e+01 5.748619771474410101e+01 3.806130768709783041e+01 4.993250614325368986e+01 3.173685950107104858e+01 4.192361278456339591e+01 5.160783359157675676e+01 5.100261133422719695e+01 4.307369043229166294e+01 5.799197181531534540e+01 5.894404091730013562e+01 7.522264933804645182e+01 6.910918344640195699e+01 4.876491766847037468e+01 6.915026825717582426e+01 8.158634351106324800e+01 6.283369157310497144e+01 6.293422815944239090e+01 4.422527643863240598e+01 5.562351514039784206e+01 6.978852989048422728e+01 8.964224366821261469e+01
8.953482861371392376e-02 2.008953482861335971e+01 3.136414933180508058e+01 2.205459900830260267e+01 3.360160439209552408e+01 5.360160439209481353e+01 6.053305686109793982e+01 5.224878979848497806e+01 4.647528703310064202e+01 3.264742092435094634e+01 3.819442288660343365e+01 4.526549069846915785e+01 5.526549069863904151e+01 7.526549136414014640e+01 7.997928615124547491e+01 6.005838487864302522e+01 4.617719103594073005e+01 5.748619771474410101e+01 5.812386584489318153e+01 4.753885871086647086e+01 3.267898535969747797e+01 3.334748334600876518e+01 3.401313339410005199e+01 3.467472817616803127e+01 5.401419047703071641e+01 4.765273732138049922e+01 5.691804830269320092e+01 5.757568821187644659e+01 4.346716772768721881e+01 6.268738701723393092e+01 7.369806417813389032e+01 5.443010922317741063e+01 4.316869728696048014e+01 6.207381353511105715e+01 5.406994903832095645e+01 6.822618831609707968e+01 8.804953073680822229e+01
