MOVIE_S9_data/elevation_000454.asc
nrows	100
cellsize	150.0
xllcorner	0
ncols	100
yllcorner	0
NODATA_value	-9999
[rows 34 to 50 of 100, columns 0 to 36 of 100]
2.064481644892168788e-02 3.144120054221049898e+00 6.306397714389442299e+00 9.594377460496616550e+00 1.330828422403768663e+01 1.730828422403775591e+01 2.202232943194815462e+01 3.202232943194850634e+01 4.616446505567995473e+01 6.616446505568137582e+01 7.685114179945904311e+01 7.396609762998485849e+01 5.333997960302896502e+01 3.892508796021042627e+01 5.589785381625141980e+01 6.158251003220173203e+01 5.554036833837702858e+01 7.616953045521323418e+01 9.111210590329699244e+01 8.973817261697091396e+01 8.122431078414287242e+01 8.122431078414287242e+01 7.125918930845789134e+01 5.085494373025983350e+01 7.125918930845789134e+01 7.361877440543494799e+01 5.385478922935654822e+01 6.303300259718461263e+01 5.035170537318063566e+01 6.473895782176649050e+01 7.907862910032208958e+01 8.683623719528789309e+01 9.531556920594751148e+01 9.752436884896692959e+01 8.915403919394323395e+01 8.626275582778151829e+01 6.610230321821399002e+01
2.905961989428186565e-02 2.002905961989392836e+01 2.630639771438979935e+01 2.373651308422781980e+01 2.745041984776888810e+01 2.885528960783047481e+01 4.202232943194886161e+01 5.030660067978728733e+01 6.030660067999394158e+01 7.077023112054395426e+01 5.628447827100578138e+01 6.384486152915627599e+01 5.370656409393600228e+01 3.334984609799720090e+01 3.550243834396875542e+01 4.108625032759079687e+01 5.017443579632332273e+01 6.208308579652704395e+01 8.273553043160366371e+01 8.122431078414287242e+01 6.071150563817349166e+01 6.071150563817349877e+01 6.510707778908050614e+01 4.478614743476006765e+01 6.510707778907823240e+01 6.514355587165309203e+01 4.482906571273807828e+01 4.274618868129354610e+01 4.776703083461831767e+01 5.296917628141404322e+01 5.858885567521689808e+01 6.631153540730673512e+01 7.817275228582305147e+01 9.867077766691998875e+01 1.027531643313237595e+02 8.255662108945800526e+01 7.371020108246763414e+01
3.542675937824442400e-02 1.417756238310932027e+01 3.417756238311002193e+01 4.373651308422852679e+01 4.745041984776959509e+01 4.885528960783118180e+01 5.713956085582354660e+01 6.060328244651872609e+01 6.891260486856907619e+01 6.230831455210771708e+01 4.182514420911176245e+01 4.335166377375920632e+01 4.845006924947482929e+01 2.814025491257609701e+01 4.845000026872227750e+01 6.158243009913089594e+01 7.006306048801252473e+01 7.926105807086709376e+01 8.463371846599177672e+01 8.122431078414287242e+01 6.071150563817349877e+01 4.634993490722485632e+01 5.711722384867786673e+01 3.942223461760537617e+01 5.967608070576188339e+01 5.391541888585370401e+01 3.773189793669165226e+01 4.442180485503799048e+01 6.473104625719736305e+01 7.339578843056386859e+01 7.907862910032208958e+01 7.531605815906588930e+01 9.531556920594751148e+01 1.071423634316234796e+02 1.111281510657464793e+02 1.022635828019162858e+02 8.535001168544415862e+01
3.411803931810562102e-02 1.417625366304918089e+01 3.417625366304988432e+01 5.146820380433054254e+01 5.971224279437112870e+01 5.933077314436327754e+01 5.102153634074831956e+01 4.063328913422948574e+01 5.736762256453710762e+01 6.384364167541354362e+01 4.335165672229649658e+01 2.900107557382606771e+01 4.025149414416874549e+01 2.458815549723567884e+01 3.892802059281139293e+01 5.936953097220128228e+01 7.802910933583311248e+01 7.232350036820757566e+01 6.516955462478017580e+01 7.895496958765176032e+01 6.914602985627645637e+01 4.850910538504459879e+01 3.686961363407273495e+01 3.440948789852216549e+01 5.002928315290800754e+01 3.372246528233013407e+01 5.391541888585370401e+01 6.473104625719736305e+01 5.609458851113063105e+01 6.786839873345334695e+01 8.835881330671529099e+01 9.582014990993529580e+01 1.042947988526975109e+02 1.114505136608800484e+02 1.030973277896395928e+02 1.114505136608800484e+02 1.055558519824500507e+02
3.327314952832965272e-02 2.003327314952797522e+01 3.735440921199114683e+01 3.150828407529613528e+01 5.146820380433054254e+01 4.779425396060085518e+01 3.107218773631577591e+01 2.913525672021452095e+01 4.843976458421690978e+01 5.652322244037261356e+01 4.806117067870199833e+01 4.025165270878357404e+01 1.985579584004284115e+01 4.025158215708139409e+01 4.491493804193226680e+01 6.537712486357185071e+01 5.848718003705381108e+01 5.275598850255133243e+01 5.129076577853412289e+01 7.087047622374502964e+01 7.764369740665759423e+01 6.559985210877050577e+01 4.971268784557038600e+01 2.954633026061738477e+01 2.986352859792519254e+01 5.002928314417840738e+01 6.236406412995836490e+01 7.439958731741194242e+01 7.652866693703545309e+01 8.501084048977408258e+01 9.683737589071149898e+01 1.025489600585105165e+02 1.041682542667748521e+02 9.577291356384208143e+01 8.344363503406457028e+01 1.015137110751869471e+02 1.128991307041705738e+02
6.779948344387334846e-02 2.006779895689904336e+01 1.739636289634218258e+01 3.735403502744210869e+01 3.943894250527893774e+01 3.172232647714648124e+01 1.960927301595552308e+01 2.016264625961118284e+01 4.015690260509911980e+01 4.806117067870194148e+01 2.764586887347258326e+01 3.362537233225428679e+01 1.697102540402872606e+01 2.723698609093688816e+01 4.161293793818004616e+01 6.208657167100451346e+01 5.848718003705380397e+01 3.873851287083019912e+01 5.275598850253376781e+01 7.232350030763313953e+01 7.020612791540082753e+01 6.204880991767299037e+01 4.625189974119104619e+01 2.609350141916837273e+01 3.215335791006668131e+01 3.849603910956054875e+01 4.559973894590771692e+01 5.571043475652160737e+01 7.014029885883107340e+01 9.062494994740403342e+01 1.025489600585105165e+02 8.248262875061756461e+01 8.616486915385291923e+01 7.601969114430052343e+01 7.389607336149697403e+01 8.678466140941915796e+01 1.025892150190776988e+02
9.516927588586144779e-03 6.848540737908525244e+00 2.575451654285388869e+01 2.236411470464842921e+01 2.175991725212256611e+01 1.337575132695435265e+01 1.060997123688093424e+01 3.073151977398133994e+01 4.843976458308785027e+01 5.197588786313510667e+01 3.362537233225427968e+01 1.313395826664488553e+01 3.362537233225410915e+01 4.588055253711043235e+01 5.607705760910382509e+01 6.385296678891560163e+01 5.300988523611378156e+01 3.317795628300260802e+01 4.725788221195148253e+01 6.689644894785739382e+01 5.915050187922391700e+01 4.260053041202640856e+01 4.425183792013714879e+01 2.409552083421599278e+01 4.427478902110730274e+01 5.873911246090911220e+01 6.592527450444029569e+01 7.439958731741194242e+01 8.462102426064507199e+01 9.518743097589761248e+01 8.677016342787659653e+01 8.567784062325453931e+01 6.651546411983940743e+01 6.491531109722978954e+01 8.436838528255712788e+01 1.015137110751869471e+02 9.487482034087980765e+01
1.945935296826603253e-02 1.993895075266737749e+01 1.587675279659675365e+00 2.219608739508839523e+00 2.846858425908637358e+00 3.469899736145216629e+00 2.349737222187417629e+01 3.270519352707152194e+01 4.442028136384050896e+01 4.333543225756435646e+01 2.281405735049258254e+01 1.063497890267872670e+01 3.110305362264176310e+01 3.793038707701679613e+01 4.659865165029936662e+01 4.989425708041336804e+01 3.593554737191137605e+01 2.827742902520039081e+01 4.819993594544032334e+01 5.811040399074394713e+01 5.104798326548674936e+01 3.104520982563599318e+01 3.946226206283733973e+01 2.210819878933970628e+01 3.640394777990236008e+01 5.681769705512119373e+01 6.760773752043908758e+01 7.588915704938297324e+01 8.941302348553064405e+01 8.365557499335776015e+01 6.694026803141350968e+01 7.181008155087738487e+01 5.789527816545507477e+01 7.737738807915680184e+01 9.267665149299666894e+01 9.857374076857107070e+01 8.584103393481312594e+01
5.600688922766024203e-02 6.900499091021418119e-01 4.683820442359653669e+00 2.109799426870132066e+01 2.283604179853605132e+01 2.349607732132615112e+01 4.365180834248528541e+00 2.441406035786483031e+01 2.221824745550792812e+01 2.702428744585656162e+01 2.233099254018677016e+01 8.243468652189788415e+00 2.859879329044261453e+01 1.752072001120564693e+01 3.658194941759821717e+01 3.600755244436139435e+01 2.164674116580353669e+01 4.173387359332192403e+01 4.945786732075747949e+01 3.701805887606122525e+01 4.016187206733258108e+01 3.482561078033018021e+01 1.936064866869230983e+01 3.961055181661125602e+01 5.098647061881817422e+01 5.355483316440425767e+01 4.773392958940265629e+01 6.760773752043908758e+01 6.946223392559613785e+01 7.481165419327642496e+01 5.568864181896184107e+01 5.227716056148692303e+01 7.181008155087738487e+01 8.567784062325453931e+01 8.854863013531388560e+01 9.004960444445237044e+01 6.940939554776900877e+01
8.215197286175310309e-02 2.008209534767372517e+01 7.090275498610083105e+00 1.554582107933592283e+01 3.390229367902166047e+01 2.441163074328379423e+01 2.441398356581920126e+01 5.279128435973773570e+00 5.937798976371959192e+00 6.612184398730335921e+00 7.288754317824220230e+00 2.673272238900363362e+01 9.232790983998926393e+00 9.930775280644624559e+00 3.026099663557053177e+01 1.565882556968233175e+01 3.250028874334747542e+01 3.362408170213581826e+01 1.414920841903258442e+01 2.968826256775674111e+01 1.616002960398545341e+01 1.684312199374102192e+01 3.566479860886978770e+01 4.436366731973850364e+01 4.600257274423967857e+01 3.369007240352735266e+01 4.071076743648095686e+01 4.959980645289184054e+01 6.946223392559613785e+01 6.654134592556322048e+01 4.691642989611354153e+01 6.194661797860119634e+01 6.896293005691670430e+01 7.728230646777518587e+01 6.866688341778581162e+01 8.292156313565115511e+01 7.319694445067639776e+01
2.613274238814250472e-02 1.646484521497767517e+01 3.173587366650950869e+01 3.330459807927416449e+01 3.728201676188533753e+01 4.440257806315540279e+01 2.948249500916635668e+01 1.118252089458590959e+01 9.829810753195392437e+00 2.628291952387144903e+01 1.802292751930110626e+01 3.466978291732380768e+01 2.955280730091853059e+01 2.596512301743457485e+01 1.092029200345996287e+01 1.162879909887418428e+01 1.235122412870879849e+01 1.307745490580259329e+01 1.751355142766400164e+01 1.517842708203990654e+01 2.604849887911473161e+01 3.514170743795510532e+01 1.795736304443897069e+01 3.130551350403820976e+01 2.614216767518861317e+01 4.604666112832904901e+01 6.057948611428721364e+01 6.884514709387987352e+01 7.774563039718010771e+01 7.478705431752977972e+01 6.193777330418142668e+01 4.222677591634797523e+01 4.921859057538988935e+01 6.316080492765106413e+01 5.499568110582734448e+01 7.449011220951643963e+01 6.858700620649899804e+01
7.532853315450405152e-02 2.007532853315414911e+01 3.361374580392471501e+01 4.208613704151959212e+01 5.211122400449539782e+01 3.982741342658896144e+01 2.055402626266385013e+01 2.948247707218864377e+01 2.728914697137189549e+01 1.488452074146674242e+01 3.006661073659850203e+01 4.516280995692287092e+01 3.794991578519193354e+01 1.776030768330816301e+01 3.126587972004944760e+01 3.198535410230577014e+01 3.217110105086300820e+01 1.546284101198712513e+01 3.444546284340689368e+01 3.509201772399676855e+01 3.852399348380311750e+01 3.001086675607861309e+01 3.807601333906563923e+01 1.915437348811796525e+01 3.929693527199579961e+01 4.878304272662653318e+01 5.597496832569326131e+01 6.457556644033944337e+01 7.797419802901525543e+01 8.083631695871393674e+01 7.020164576494977382e+01 5.756353034228580867e+01 3.774787155891184653e+01 4.368051284846021787e+01 6.316080492765106413e+01 8.241995417997921436e+01 6.435345917483012101e+01
6.101047412966256744e-02 6.412706707564685082e+00 1.319000196908351086e+01 2.376270128242238755e+01 4.496435245671585790e+01 4.823140231407131040e+01 3.136389426004406644e+01 4.810188960805133718e+01 3.678068771063374953e+01 1.839642547598725741e+01 2.858756561377111183e+01 4.796839048459595034e+01 4.296489735906861540e+01 2.290545363737873785e+01 4.296489735906757801e+01 3.918208852986013113e+01 1.906443981881923833e+01 3.573475323188086605e+01 2.993111121474013103e+01 4.974657317576911453e+01 4.857345449044645136e+01 4.307766114036376592e+01 4.745185903315301346e+01 3.883008259318800270e+01 2.042703650720816455e+01 4.049982638851771810e+01 3.596195748390540103e+01 5.597156095091168027e+01 6.008206266609263935e+01 5.964051673575792023e+01 6.064879596774567716e+01 5.419243696705850510e+01 3.475086468953197283e+01 5.462624768370650941e+01 7.135488475268456909e+01 6.800856796287978057e+01 6.006086507964899823e+01
6.842009524227352091e-02 2.006842009524191894e+01 3.360248864343071062e+01 4.208746979917827247e+01 5.361910492482260793e+01 5.986826151780728367e+01 5.138923766511371838e+01 5.269108603806387237e+01 3.320542580379617448e+01 2.299486748886317855e+01 4.207221539206557281e+01 5.612892344790755317e+01 4.850073493895865084e+01 2.854098872650380869e+01 4.850073486489961283e+01 4.164417783707380494e+01 2.164206722301813102e+01 4.164417815003669432e+01 4.974696862463795810e+01 5.782757443448938517e+01 6.744071923621058318e+01 6.184193256056817489e+01 5.722434617357151154e+01 3.699096401858945171e+01 4.027247612945118505e+01 2.172412119804346986e+01 4.178078483461263204e+01 5.092489791689506973e+01 4.777782712460199832e+01 5.586559506760727345e+01 3.783969068192022434e+01 4.840701600126857329e+01 3.211679876055128346e+01 5.202725927224592795e+01 5.701693741255534320e+01 4.799847841038837970e+01 5.484670606723226882e+01
1.934550753332892059e-02 1.416146860969855759e+01 3.415972630184035808e+01 4.152490275833100242e+01 4.950672427109172702e+01 5.727557242397670478e+01 6.555217987280293812e+01 6.085631732021150953e+01 5.023412556788467498e+01 3.224543710290470244e+01 3.375816826440962615e+01 5.342941497387420924e+01 5.479995142317814327e+01 3.488007987774565777e+01 5.479995138586637182e+01 4.973963636661007826e+01 3.588965188521132177e+01 2.540106084000172260e+01 4.527212065903661653e+01 5.292080913463819059e+01 5.656366069882650294e+01 6.459274530025960814e+01 6.567952381061556366e+01 5.585207404519068319e+01 3.595964441341457984e+01 4.178060504505994999e+01 2.302767665374631179e+01 3.293210202502336870e+01 4.521362846076308273e+01 4.612695529256117766e+01 2.753924706227509489e+01 2.847812669883240488e+01 4.840280253172657865e+01 5.092089625616171134e+01 3.271623076499547267e+01 3.394903390764899598e+01 3.519088637989112556e+01
4.364784840791047227e-02 2.004364784840755576e+01 2.741646017388143974e+01 2.155828947978776711e+01 4.152490275833100242e+01 3.728315844617556252e+01 5.727557242397670478e+01 6.927862602526398916e+01 6.007246597616159534e+01 4.610760536211331839e+01 4.506994912928718833e+01 6.160085391663984922e+01 6.305416567789912108e+01 4.379664250711183371e+01 6.305416567789912108e+01 6.358963836500291933e+01 5.073997926825875027e+01 3.100813696741642644e+01 2.967288355537867872e+01 3.322714128474623863e+01 3.694630399678109001e+01 5.656366069653170570e+01 7.020600218343686549e+01 6.413373190991060824e+01 5.586844450033111542e+01 4.730260919342600090e+01 2.720451327299576505e+01 2.434152670152408504e+01 2.526506634256189088e+01 2.621186343798297003e+01 4.587712479565804102e+01 4.829804941402335317e+01 2.991210445228635706e+01 3.098638159056717356e+01 3.336944585795325224e+01 5.261423189757719143e+01 4.205845137944240975e+01
5.219006137575642884e-02 3.703673778076808087e+00 7.417580541615732770e+00 1.497686940470683759e+01 2.314182387874030766e+01 4.313880092798483190e+01 5.295922759964117432e+01 4.929152649928648344e+01 6.927862602526398916e+01 6.588064190619836324e+01 6.484865767964845418e+01 7.300549121721948609e+01 7.196029439833726826e+01 5.787411770037853387e+01 7.196029439833726826e+01 7.434048180613874024e+01 5.664925212691726841e+01 3.705005099419395975e+01 3.546533742556631097e+01 5.292080913463819059e+01 5.656366069882650294e+01 4.270671727732705847e+01 6.218717644544055645e+01 7.047483477109136629e+01 5.033302329840332590e+01 3.540572823848383877e+01 4.729866261741864264e+01 3.837249942002613778e+01 4.521447332684415699e+01 2.768942268742033619e+01 4.910864013220439972e+01 5.304327176963932544e+01 3.315822833525436408e+01 5.091883098494723470e+01 4.889668242944512144e+01 3.679686402397216938e+01 5.580114796008648881e+01
