MOVIE_S9_data/elevation_000176.asc
nrows	100
cellsize	150.0
xllcorner	0
ncols	100
yllcorner	0
NODATA_value	-9999
[rows 0 to 16 of 100, columns 0 to 36 of 100]
8.271705653423140625e-02 2.008271705653387684e+01 2.544754248865707069e+01 2.822104346982095890e+01 3.127101487646612554e+01 3.443329253664022360e+01 3.772127228275455479e+01 4.164359498552886407e+01 4.741709767744702475e+01 5.374165299781896721e+01 6.081272080974517280e+01 6.909699208804772752e+01 8.064399749323568756e+01 9.321069446318068685e+01 8.490465707390593764e+01 8.750489852980155092e+01 9.581193599953145679e+01 8.618716783332926923e+01 7.787247308384708333e+01 7.526878427694789764e+01 8.358299797653971552e+01 8.121671838647571917e+01 8.953201550942758047e+01 9.012902187433849122e+01 8.185566547273509741e+01 9.012902187433824963e+01 9.176190297722166633e+01 8.593634586649612572e+01 8.040379734748569263e+01 8.040379734748569263e+01 8.864738935615275750e+01 8.953161798454965492e+01 8.123518422930943927e+01 8.382741804264635732e+01 9.212778034706911967e+01 1.072118406167385558e+02 9.568166431521919435e+01
7.813061968023242432e-02 2.750743038804470242e+00 5.447542488657426851e+00 8.221043469783596791e+00 1.127101487643571609e+01 1.443329253660412270e+01 1.772127228271132537e+01 2.164359498547507243e+01 2.741709767737143011e+01 3.374165299770841386e+01 4.081272080957413806e+01 5.235972619336705947e+01 7.235972619377177750e+01 8.164631840310509858e+01 6.488387392233842377e+01 6.748070080667891091e+01 8.750489852980155092e+01 7.787247308384708333e+01 5.783856398087157658e+01 5.524207814980109532e+01 6.704316600333642384e+01 6.117228837923464368e+01 8.121671838647571917e+01 8.016308237719796637e+01 6.194108827704729947e+01 8.016308237719793794e+01 7.191205162212922630e+01 6.610299874340158510e+01 6.057344335467051621e+01 6.057344335467051621e+01 8.040379734748569263e+01 7.800416417004123559e+01 6.129523810550446683e+01 6.388054799301328757e+01 8.382741804264635732e+01 9.892313022681319978e+01 7.896879203368533240e+01
2.526786264046545702e-02 2.002526786264010994e+01 2.544754248865707069e+01 1.578033292996807546e+01 3.127101487560821269e+01 3.443329253664022360e+01 3.772127228275455479e+01 2.772127228271150301e+01 2.980856079475247711e+01 4.980856079484333776e+01 6.081272080974517280e+01 6.909699208804772752e+01 7.222429583585558532e+01 6.393387184960457148e+01 5.338025070135624617e+01 7.022663909544148453e+01 7.852256954822567536e+01 7.690297911168948986e+01 6.370636010345816658e+01 4.378636297233678931e+01 4.708955611616561754e+01 6.117228837923464368e+01 8.121671838647571917e+01 7.189837687489121265e+01 5.197506442987737074e+01 6.193672065238433788e+01 7.019697636543908459e+01 5.205634427462502600e+01 4.650513520543329093e+01 6.638161956583635970e+01 7.905226341914017496e+01 6.972285096710396601e+01 4.978448800001665120e+01 6.972285096710396601e+01 8.275499961016642203e+01 9.248705003821473269e+01 8.999263230594128515e+01
4.163169627051844027e-03 2.000416316962669683e+01 3.650807628167389396e+01 3.578033293021764649e+01 2.842944357064136796e+01 4.842944357019506896e+01 5.528056174303533510e+01 3.528056174289631031e+01 4.980856079484333776e+01 3.923665121057344152e+01 5.337878683430488991e+01 7.337878683489144294e+01 6.393387184960457148e+01 4.407726295530708427e+01 5.614546906300432738e+01 5.031285746148724769e+01 7.022663909544148453e+01 6.859321556789899432e+01 4.862811790833239911e+01 3.727430107302934204e+01 5.706636105975104556e+01 6.278904208151122646e+01 8.281974466503385202e+01 7.343892270241923370e+01 5.351652435283590137e+01 4.199026470794014898e+01 5.439766329633094699e+01 5.253861720821397086e+01 3.943949774602787528e+01 5.096110512379834034e+01 7.081943080461847728e+01 6.371120834021803603e+01 4.375953300448410488e+01 5.451687058825678633e+01 7.446602825840666640e+01 7.257191820177543207e+01 8.666648044041856735e+01
5.883922493566802470e-02 8.223805034212999132e+00 1.977081041800571981e+01 3.977081041800642680e+01 4.257157919437182159e+01 5.671371473352511572e+01 6.356483301649188888e+01 4.682756712668923171e+01 6.356483301649188888e+01 5.337878683430488991e+01 5.337878683430488991e+01 7.337878683489144294e+01 6.763170837559189863e+01 4.773695829829519255e+01 3.645866304438184358e+01 5.046237768583650762e+01 5.871059622811566214e+01 6.694711246899426271e+01 5.284667969242877206e+01 3.318390077677766214e+01 4.290431730334628213e+01 6.278904208151122646e+01 7.162966317221558654e+01 8.170501698610320318e+01 6.590895055179167628e+01 4.597081616481367661e+01 3.443393056522538842e+01 3.258212613369539667e+01 5.253861720821397086e+01 6.449062007999366131e+01 5.631524718141478303e+01 5.152271856266679606e+01 3.821293723131815057e+01 5.817760922834117565e+01 7.668913074293051579e+01 5.844627392296516888e+01 7.668913074293051579e+01
1.256007409845548775e-02 2.001256007409810067e+01 3.650807628167590480e+01 4.805508166546862014e+01 6.257157919328481199e+01 6.208599134482660276e+01 7.037026472116180287e+01 6.682756712701814195e+01 7.511183841831434904e+01 7.337878683489144294e+01 7.337878683489144294e+01 8.166305814237979632e+01 7.592573230223801772e+01 5.614546906300433449e+01 4.465690627494998211e+01 3.096598631045420902e+01 4.542843107863668450e+01 5.295213043914376527e+01 3.895714842124962729e+01 2.961013971975581427e+01 3.538654569111982795e+01 4.343064222669612207e+01 5.492786642186639057e+01 7.486170562809510898e+01 7.417109632587812484e+01 6.265838015952144957e+01 4.808461234570294351e+01 2.813021850441923988e+01 4.808461234570294351e+01 5.359868172101256789e+01 3.715755132795930393e+01 3.155862580233521797e+01 4.308814452577880871e+01 6.304648677872265949e+01 6.842559959570475314e+01 4.840689637875716045e+01 6.842559959570475314e+01
9.594114293757748102e-02 1.009594114293766509e+01 2.423807676666886834e+01 4.423807676666957178e+01 5.053898594451894155e+01 4.208599131622152356e+01 5.225127779039669917e+01 6.053555028303230046e+01 7.208255653295299226e+01 7.562812596286985922e+01 6.718430269416489864e+01 7.562812596286985922e+01 8.438867822764079563e+01 7.276428618128103665e+01 5.871059622811566214e+01 4.542843107863668450e+01 2.611415226473834394e+01 4.067366535112828529e+01 2.540950425811913860e+01 4.473070874363964577e+01 5.533008356592668520e+01 5.390619332837233912e+01 7.162966253715734410e+01 8.315221683457156132e+01 7.143427172397828429e+01 6.207596326659328412e+01 4.504430745355345067e+01 2.511734172166337586e+01 4.084691410560623126e+01 4.062401552731297727e+01 2.584211614820628000e+01 4.577734087657968587e+01 5.979446148640262493e+01 7.131984856624514180e+01 6.175269852338890786e+01 4.171380322014529440e+01 6.175269852338890786e+01
7.711341127313005306e-02 2.007711341127277649e+01 3.838021239040056543e+01 4.468112219450073042e+01 3.053898593241901693e+01 3.053898593241901338e+01 3.225127778012648605e+01 4.379828316391940746e+01 6.379828318821844135e+01 6.531867885839271537e+01 4.646860613143046947e+01 6.531867885839271537e+01 7.482809488843187751e+01 7.864663637512956029e+01 6.715431458062538184e+01 4.752583125310432166e+01 2.814054971336482680e+01 2.147367640711422609e+01 4.067366535112828529e+01 5.295213044512208711e+01 6.821841032436032037e+01 7.710328816919574990e+01 8.109057905579460623e+01 7.895027151076250505e+01 5.724990656684933299e+01 4.258447691750944841e+01 3.359009465690779450e+01 2.692944120296358435e+01 2.097609317973590493e+01 2.078305450830492518e+01 3.950283673573160570e+01 4.946816500238131908e+01 6.125265955035666110e+01 6.929147852868725010e+01 5.596796772458967695e+01 3.593393698551886928e+01 5.596796772459367020e+01
2.297228869525369793e-03 2.000229722886917116e+01 2.690706602132296865e+01 3.049917206499033284e+01 1.639685030868582061e+01 2.156082810362913449e+01 4.156082810840970865e+01 6.053555028303230046e+01 6.909600502984886816e+01 5.682645441279768761e+01 3.585708045147092093e+01 4.560005684584928076e+01 6.637680489543932083e+01 7.038371909318135522e+01 5.049606439903894284e+01 3.919820469016653419e+01 3.864246516513346563e+01 1.946505956964870165e+01 3.864246517291049088e+01 3.974208065362865483e+01 5.839714619581651078e+01 7.781960499408872067e+01 6.786060592810045478e+01 7.808862092636501018e+01 7.143427172397828429e+01 6.207596326659328412e+01 5.372578563056940482e+01 4.676657381241047773e+01 3.705673687007102046e+01 1.734408787807809560e+01 2.105998729042305584e+01 4.045501618038043290e+01 4.167406506715600756e+01 5.219585529504411880e+01 4.391320683944016423e+01 3.073090828192000501e+01 5.079520323060380349e+01
9.647730019007895452e-02 3.477094319104138354e+00 6.907066021954300972e+00 1.049917206248982993e+01 3.049917206499033284e+01 3.570296372736362400e+01 3.570296372736362400e+01 5.570296374367340775e+01 6.061437178542449544e+01 3.963507829723642573e+01 2.803963547447452953e+01 4.941266115015231719e+01 5.698021686782557538e+01 6.548660362408062952e+01 6.715431458062538184e+01 5.040013053383650998e+01 3.095035032507073680e+01 1.750986929133204129e+01 2.443886162145235375e+01 3.561891557672269215e+01 5.524455913095956561e+01 7.060253069028986772e+01 5.398104539347190212e+01 7.060253069028986772e+01 6.560395817080366498e+01 5.344961025165834911e+01 4.447769907384534349e+01 3.745888234859965138e+01 2.754908185710869262e+01 1.529384664761114898e+01 1.571497083018783769e+01 2.553272275702239824e+01 4.416073902473464585e+01 4.391306078922173839e+01 2.364312486814475989e+01 4.391307330702505141e+01 5.082977945332439873e+01
3.582433992925927735e-02 2.003582433992890444e+01 2.690706602132296865e+01 2.049917206248965229e+01 3.878344237490141921e+01 5.570296374367340775e+01 5.570296374367340775e+01 6.398723653668005795e+01 5.835748140390155214e+01 3.732440490461360838e+01 2.167998988252265136e+01 4.348484011532424631e+01 3.584947614654194581e+01 5.338675341373850358e+01 5.982475784517636441e+01 4.016442199606237295e+01 2.658372458973578745e+01 1.571703467080236472e+01 2.907582899718268621e+01 4.847385765033127569e+01 6.349867003552654410e+01 6.373562510818443627e+01 4.551760198900564092e+01 6.330284990623538022e+01 5.613217711418838718e+01 3.443093447453765776e+01 2.462532182736834585e+01 1.921122235479838736e+01 1.470835488381948331e+01 3.448827198779936509e+01 3.548430371727145172e+01 1.630786475050402373e+01 3.607479935760842693e+01 3.711097643333545903e+01 1.980171465248887230e+01 3.958874501152259029e+01 4.032094579890345898e+01
1.813270376062421294e-02 1.416026832749169984e+01 3.416026832749240327e+01 4.049917204256695413e+01 4.049917202724189025e+01 6.049917135393020118e+01 6.102730276147748611e+01 5.276971598634226268e+01 5.365434315162024603e+01 3.237720649226902481e+01 1.647198010392866863e+01 3.221868940883992849e+01 2.302291060832965641e+01 4.478036625537389170e+01 5.328159435623246054e+01 4.660687708517389183e+01 2.726475716377648695e+01 1.405259734021039009e+01 2.486153951861080458e+01 3.913927806206864801e+01 6.091310990989049401e+01 5.778817137070152654e+01 3.906118351747868189e+01 5.778817137817169680e+01 6.413079641633096628e+01 5.338530003098458820e+01 4.431823918604117551e+01 3.407599348845036502e+01 1.429449221492190070e+01 3.407842661967012532e+01 4.194745691047468483e+01 2.179825733054581605e+01 1.689746615014094999e+01 1.731256470765780975e+01 1.772627318074876257e+01 3.727738771825012520e+01 2.046528202799264307e+01
2.372884694381488524e-02 2.002372884694345956e+01 3.381948314885448781e+01 4.210363431817859237e+01 5.365026801620498276e+01 6.102728550327545776e+01 4.953813984292588657e+01 3.288471603932048026e+01 4.953813984292588657e+01 4.727901117933627972e+01 3.221868940846219687e+01 9.483145837778515386e+00 2.689807347455891673e+01 3.494433929921355997e+01 3.254141456880302030e+01 3.271173535596244619e+01 2.874697912539650702e+01 1.250509817617357555e+01 2.552042797882519665e+01 4.479406947192178023e+01 5.373229902475863895e+01 4.512242369753236915e+01 3.335039465412556581e+01 4.689820520437708495e+01 6.513671117715705350e+01 5.503435119963834410e+01 4.676249336097767895e+01 3.367799605240804084e+01 1.388122123800334506e+01 3.366070185158658745e+01 4.323924353836422085e+01 4.222621557322580088e+01 3.620756695363317590e+01 2.847562898274345500e+01 3.746250051935523828e+01 1.831180281286063050e+01 3.810740992546398331e+01
8.175220331382776484e-02 6.748418869980465473e+00 1.381948668184587881e+01 2.536649206475355811e+01 4.536647459398387383e+01 5.276971580470741685e+01 3.288471603932013210e+01 2.131878941345593859e+01 3.187500849576433737e+01 3.243076711499551834e+01 2.688098839077619928e+01 5.001077035218477462e+00 5.369207443888315723e+00 2.336538148046592056e+01 2.615175967670030133e+01 1.375741723461222499e+01 1.042187255073929997e+01 2.869983534064504127e+01 3.089644417199388116e+01 5.033832679614588557e+01 4.585160586605461930e+01 2.638185888381511646e+01 4.585160897479952524e+01 6.021735735640888976e+01 5.973904095504387612e+01 4.675917237144869887e+01 2.686661332711322103e+01 3.269179959212611664e+01 1.346945337012211397e+01 1.825314614655744805e+01 2.332815342030966477e+01 4.324414492189952597e+01 5.428715760187828465e+01 4.748373198709011689e+01 4.227412174905219899e+01 1.945405287875223621e+01 1.891193824920771505e+01
9.124702163186203252e-02 2.009124702163150644e+01 3.381948314885448781e+01 4.210363431817859237e+01 4.270399303601413266e+01 3.414325348238934765e+01 3.685011058800463957e+01 3.187492207230281593e+01 1.192980383270687383e+01 1.093689349598727034e+01 4.479284830893091041e+00 6.367693657893919834e+00 1.600313879120441740e+01 5.886821952202438979e+00 8.297338344614656691e+00 8.359067151061356782e+00 2.075556949601354617e+01 1.814649011588578631e+01 3.422252388963978120e+01 4.401273033685495051e+01 3.627972557492778805e+01 2.223990573172130070e+01 3.598067202844475787e+01 5.559098553869925041e+01 4.546592069119493829e+01 3.033787616064489612e+01 3.205400072100903941e+01 1.289201690479493756e+01 2.696372251104237705e+01 3.771268186362361519e+01 4.324414492189969650e+01 3.179966090892256858e+01 5.175104689208671260e+01 5.495923820138040128e+01 3.491937209226905026e+01 4.228494640385046210e+01 3.035353683907960232e+01
2.239863785106879432e-02 1.155624699109787734e+01 3.097855589216738892e+01 3.563617071352842913e+01 2.644006841593900603e+01 1.388838268423046962e+01 1.684026124208723374e+01 2.306623132645588825e+01 2.185757701977370360e+01 3.954598822021406779e+00 2.108123573498055592e+01 1.004970548019172050e+01 1.952073616291354696e+01 2.570292327840301638e+01 6.409231343004234915e+00 6.782747917523381354e+00 7.167795835279423322e+00 7.551899155802248131e+00 2.741177801677029890e+01 3.263901562071867346e+01 1.703461687242403144e+01 3.616170486588700328e+01 4.907497756459580529e+01 4.852484595649347199e+01 3.712516082410031260e+01 1.457864577397555728e+01 1.231975074812324245e+01 3.210455571218147242e+01 2.338794911971108803e+01 4.312498293508605229e+01 5.839964031983138426e+01 3.845385955072337225e+01 5.839964031983138426e+01 6.321307305705874313e+01 4.911614943604926964e+01 5.884237333018228355e+01 5.043277793141293586e+01
1.766589122093755945e-02 2.001766585055386471e+01 3.948173954414267683e+01 2.633791235781640339e+01 8.297099692990869357e+00 2.332746025173163762e+00 2.698138297862920254e+00 3.063775027802575490e+00 3.430319064531499595e+00 2.228666743480817658e+01 2.672735365951283981e+01 2.013821525821885317e+01 2.888591376841418068e+01 3.461519626782261838e+01 3.909883712597034133e+01 3.086233823528343123e+01 2.945122841711287265e+01 2.719813188042218854e+01 8.091374913680517977e+00 1.996562039707845670e+01 1.358506893475859201e+01 3.285116618959521162e+01 3.446715697756731345e+01 2.590880627051253526e+01 2.901486049207135665e+01 3.114354305662850209e+01 1.191569636901358464e+01 3.171494132365089769e+01 4.315674917264964705e+01 3.732886641316729737e+01 5.722656863328486310e+01 5.256724615539545198e+01 5.256724615373014586e+01 7.248028299611884506e+01 6.906594763161017170e+01 7.387267280365074384e+01 5.568688553345276659e+01
