MOVIE_S9_data/elevation_000193.asc
nrows	100
cellsize	150.0
xllcorner	0
ncols	100
yllcorner	0
NODATA_value	-9999
[rows 34 to 50 of 100, columns 0 to 36 of 100]
2.064481644892168788e-02 1.416278044017999704e+01 3.416278044018070403e+01 4.405474108516241216e+01 5.233901233262461261e+01 4.405318565250122020e+01 2.348613771317825183e+01 3.840752292594321915e+01 6.073152121768674050e+01 5.094749337235064246e+01 6.005578803181695235e+01 4.045122975878916805e+01 4.282377846154678736e+01 6.219928732095813473e+01 6.397390764193279011e+01 5.569913754047749421e+01 4.066193995217290080e+01 6.071153673657892824e+01 6.705504024523726514e+01 8.198024939738718331e+01 8.391494229377646263e+01 7.673856325804322864e+01 5.669149433511569924e+01 7.333096067120975192e+01 6.598836784883395978e+01 8.596579496943090248e+01 8.600232961607241577e+01 8.896172719275334373e+01 9.718343172871725244e+01 9.856521211125701143e+01 1.067826872387317110e+02 1.133325228005622876e+02 1.018689070939270920e+02 9.363119619877402044e+01 8.181059526143599214e+01 6.180799298522625662e+01 6.845656425428674652e+01
2.905961989428186565e-02 2.002905961989392836e+01 3.513609724314183325e+01 4.747338788735253701e+01 3.987799317489361073e+01 3.780453774363758868e+01 1.739127373030172663e+01 3.312824967864853676e+01 5.576375638301254156e+01 4.015232376338096287e+01 4.631908305859218444e+01 3.301995839481084261e+01 4.689847706877038291e+01 6.652147682995344269e+01 5.569913754047749421e+01 3.566576661638335111e+01 5.569913754047749421e+01 6.897985509934024151e+01 8.702401156366914847e+01 7.804006918351004174e+01 6.392956247934845493e+01 6.965085406888518094e+01 4.958257522626541913e+01 5.327845349415127885e+01 7.333096067120975192e+01 7.553656352723173484e+01 7.187724481496501028e+01 6.900353058847660748e+01 8.451038270466213476e+01 7.868868174761043122e+01 9.856521211125701143e+01 1.050766893260175152e+02 8.525251371195140848e+01 7.375161514167552923e+01 6.817311615483292542e+01 7.079978890834462391e+01 8.840152130979414835e+01
3.542675937824442400e-02 1.138340529614937857e+01 3.012826066820345616e+01 3.514688778114965828e+01 1.656529441419055715e+01 2.544590534400903437e+01 1.220400876508439580e+01 3.236597730357490832e+01 4.950488935753022446e+01 4.631908305859218444e+01 2.660103143130885783e+01 4.631908242619768146e+01 6.079266864207819054e+01 5.620846530836214328e+01 4.792855958317134935e+01 3.238341780667673930e+01 4.653743193548545776e+01 6.657285555004128241e+01 6.863396086559795606e+01 6.036211206466697377e+01 4.973367904231641745e+01 6.330470708268010327e+01 4.324008344252547431e+01 6.330470708268056512e+01 7.483251791095769079e+01 5.548173289135761621e+01 7.075391278246661386e+01 5.738402432888771187e+01 6.450908761864980079e+01 7.868868174761043122e+01 9.856521211125701143e+01 1.050766893260175152e+02 8.525251371195140848e+01 9.363119619877402044e+01 7.636534037330925173e+01 9.071852472285858937e+01 8.707519109055404272e+01
3.411803931810562102e-02 2.003411756442979552e+01 2.197932133833808166e+01 2.236837964595065387e+01 4.341359627215244821e+00 5.333942963467933396e+00 2.534870559415396229e+01 2.192879190180268978e+01 3.590903335607139724e+01 4.257375875549941213e+01 2.277023138749573050e+01 4.257375875549941213e+01 5.208209264908417424e+01 4.380092039734216058e+01 2.791910515081357502e+01 3.946104997466043329e+01 5.949539276941979438e+01 6.846567466978429195e+01 5.707543909146692584e+01 4.032150874032435439e+01 3.971114893163409221e+01 5.288065058153055986e+01 3.887527148181747094e+01 5.789207776341616807e+01 6.138468914650410824e+01 4.649378241530457245e+01 5.067788019429158197e+01 7.075391278381228233e+01 6.900353058847660748e+01 8.056708010231218964e+01 1.004290283741638063e+02 1.133325228005622876e+02 9.668369623351070175e+01 1.044668634108863898e+02 8.784502019242492565e+01 1.044668634108863898e+02 1.069295003493341056e+02
3.327314952832965272e-02 9.988822486988688798e-01 1.965618737744651900e+00 2.946199413437554870e+00 1.976907227774916009e+01 2.496118324127603572e+01 6.775442945320820698e+00 7.801421379376527021e+00 2.780284891833533578e+01 3.754743535588861647e+01 1.912665830182893245e+01 3.900078809707474647e+01 3.987794300968985084e+01 2.379894871052891503e+01 4.380092428867297372e+01 5.620856975042953252e+01 6.776264566119296262e+01 5.431474325526392732e+01 4.016378319460494595e+01 2.878666871881392453e+01 3.077961341262473383e+01 3.285664161079572665e+01 3.532851570687738985e+01 3.784190842064210614e+01 4.132116425634347223e+01 6.138468914650410824e+01 7.075391278368115877e+01 7.900983778803772850e+01 8.896172719277986118e+01 9.718343174860288514e+01 1.086470186618745686e+02 1.248185140950462113e+02 1.165417311041688748e+02 1.159342389485109237e+02 1.076733229973753936e+02 1.073872149731380290e+02 9.608114514934760564e+01
6.779948344387334846e-02 1.953966902214782664e+01 8.290218113665920541e+00 2.296035725085959101e+01 2.898996770416760071e+01 3.380525398129608305e+01 1.831800235515234121e+01 2.780281577463303933e+01 9.263966877472491035e+00 2.926389841669147884e+01 1.559397018840117433e+01 3.552641960064486426e+01 1.987928756049554835e+01 3.987794300968842975e+01 5.203586008168739596e+01 5.262211111171504285e+01 5.160390545171997445e+01 4.335855685449404717e+01 2.603412976144752733e+01 4.603071264179759936e+01 4.492307948391704997e+01 4.440600888339817942e+01 5.536599386695353076e+01 5.789207776341616807e+01 4.328642124255615897e+01 6.335369804343364564e+01 7.428905763017937147e+01 7.984678006275494511e+01 8.739521599376304550e+01 8.739521599376303129e+01 1.072401558130921586e+02 1.197192003233772795e+02 1.112601039680192372e+02 1.197192003233772795e+02 1.131759359142054535e+02 9.922123905876269134e+01 7.969311290873540088e+01
9.516927588586144779e-03 1.989589661524367870e+01 2.824288650522625232e+01 1.828862833951135514e+01 3.821932304606543340e+01 4.611310946755791917e+01 3.822423630941361239e+01 2.191083317763623839e+01 2.926315180409520167e+01 1.074443586450598076e+01 1.339352570012051480e+01 1.606615040540062367e+01 3.497272235436598464e+01 3.627973760074151244e+01 3.759514990260306178e+01 3.301957880183490346e+01 4.074014090528646648e+01 2.336581590354557392e+01 4.335855685449404717e+01 4.603071262867960911e+01 6.496425297694324286e+01 6.445722643769835258e+01 7.272380356011458957e+01 7.162404251767482322e+01 6.335369804343364564e+01 4.920025946991572141e+01 5.422384174958277470e+01 5.980812879041631192e+01 6.742393173281126906e+01 8.158001403723477551e+01 1.014343554251522050e+02 1.095449243379738107e+02 9.094200215160824996e+01 1.095449243379738107e+02 9.928063970353603906e+01 8.538534349281256652e+01 9.608114514932334771e+01
1.945935296826603253e-02 1.416995111061234525e+01 3.428173329884207021e+01 3.240221354377005980e+01 3.240221356937360753e+01 5.226361795229596652e+01 3.825798958392460491e+01 4.192223448103052164e+01 3.619002162916476806e+01 1.696471906008407515e+01 1.248852990132300000e+01 1.373128443348096539e+01 1.497887575880459821e+01 1.628635745347227726e+01 1.760231208631581623e+01 1.892688745392011640e+01 2.075251130781181885e+01 4.074455320839302175e+01 5.164248096313266956e+01 6.605036589633455435e+01 6.853800095728097119e+01 7.084709119738641903e+01 7.844591931730496981e+01 8.801481198702498432e+01 7.753151836582307510e+01 5.819498785968630017e+01 7.428905763017937147e+01 7.401326976163673521e+01 7.984678006275494511e+01 9.561609690687889440e+01 1.051958290922668766e+02 9.923670089073571887e+01 8.093398519072678710e+01 1.011010530598137933e+02 8.954159026917020014e+01 7.173444811410065824e+01 8.954159026914376796e+01
5.600688922766024203e-02 1.419814251295873575e+01 3.419814251295944274e+01 5.226361126267324408e+01 5.226361795738640836e+01 6.045589887555482278e+01 5.244965587147066799e+01 4.682316016397385283e+01 2.708736100340232511e+01 3.631112104448428113e+01 2.403298429395715630e+01 3.372558534293772681e+01 1.934223172699750037e+01 3.627954765201663889e+01 3.759514990204119300e+01 3.891963727115128791e+01 2.151018644473202457e+01 4.140445030945395644e+01 4.675492549186261471e+01 4.926581440633124487e+01 4.904870855382070971e+01 5.212874080756659367e+01 7.084709119739446237e+01 6.815777277869416650e+01 8.219368459132813598e+01 6.980329002756658952e+01 8.647418602702133228e+01 9.393011875144782152e+01 9.973947359237958210e+01 1.026200192314396418e+02 8.500482725153656816e+01 7.910979217220176452e+01 7.392212979594725653e+01 9.397091783637337414e+01 8.143270346070521271e+01 6.212131928231129763e+01 7.177701137203746384e+01
8.215197286175310309e-02 2.008215197286139642e+01 3.984645145500476815e+01 3.835342647186188714e+01 4.663769840593117522e+01 6.077983472148790156e+01 7.259100995773873422e+01 5.514788702527325626e+01 3.671232542255785347e+01 5.260169119856601583e+01 4.419495493450668278e+01 3.566254355902666617e+01 3.933562223051639251e+01 2.640388391680583524e+01 4.640814491195725111e+01 4.967399607830980557e+01 3.546858719959708139e+01 2.401770942669536879e+01 2.623937812333098307e+01 2.871330243596100829e+01 3.808313123077491014e+01 5.552103523688439424e+01 6.245788804322049970e+01 5.402768108380023904e+01 6.815777277869416650e+01 8.801481198702502695e+01 8.975258564992769550e+01 1.096007810015559585e+02 1.085224607397900769e+02 8.827447640495033454e+01 7.414723634360693438e+01 6.507356465853676752e+01 8.500482725153823083e+01 9.184152481010312385e+01 7.344696763412110840e+01 6.167438680324876543e+01 5.238594841890657960e+01
2.613274238814250472e-02 2.002613274187294223e+01 1.984645144968914465e+01 1.835342646663047006e+01 3.249556209037447019e+01 5.187787688891941684e+01 6.016215005734829191e+01 6.523063046809681964e+01 5.693399490538976693e+01 6.523063046809681964e+01 6.392046898533222787e+01 5.567029571338630944e+01 5.175850027802999165e+01 3.173930360069886092e+01 5.175850027802993480e+01 6.386644199332388183e+01 5.108711928473813657e+01 3.067323228028356397e+01 3.031719662449911112e+01 4.926581437528859908e+01 3.272633620135879085e+01 3.559869480183310486e+01 4.241979216573280809e+01 6.245788804318301146e+01 7.831597653324466535e+01 9.236242691026620832e+01 9.253135295892072065e+01 1.007437802349868008e+02 9.407136361725551410e+01 8.251818061785645853e+01 7.419013040890654054e+01 6.010491224043794034e+01 7.747252388573541282e+01 9.922892365712165486e+01 8.859673158128082093e+01 7.979877852968590446e+01 6.330630644650918271e+01
7.532853315450405152e-02 2.875888701210529419e+00 5.704315825956731700e+00 2.570431582786986979e+01 3.773574124818998854e+01 3.187787686487988736e+01 5.187787688891941684e+01 6.578616720554381914e+01 6.427797205167495065e+01 7.256229448704633000e+01 8.093928348660544714e+01 6.810780110941088594e+01 4.808407876533883751e+01 3.880415519555300108e+01 5.884346686332674636e+01 6.272805433236984385e+01 4.257436186583941407e+01 5.109231456165357343e+01 3.511104533364127178e+01 5.539945390885283416e+01 5.367957644493929337e+01 5.577852275078085142e+01 4.004492258798844517e+01 5.011764994039089771e+01 6.426952527622809441e+01 7.851724420327269627e+01 7.271241029211164175e+01 9.253135295892072065e+01 8.568963141392360683e+01 6.577191108775883777e+01 5.434897676083315332e+01 7.419013024165009540e+01 8.836637578353425226e+01 9.357115513879878677e+01 8.533464391738434074e+01 9.068096096520179117e+01 8.269099673046706300e+01
6.101047412966256744e-02 2.006101047412930782e+01 2.570431582786986979e+01 1.017645178095635039e+01 1.773574124114102801e+01 3.773574124818998854e+01 3.750185528797080536e+01 4.794803555267519357e+01 4.427796607437473142e+01 6.093925900026765419e+01 6.093925900026766129e+01 7.636408968548673215e+01 6.711410529222072796e+01 4.882365141014784626e+01 6.711410529222072796e+01 7.099144863577191700e+01 5.426898724074647617e+01 6.078014113130802087e+01 4.064745303948848942e+01 5.172323424623855459e+01 7.175675558987303759e+01 6.834636285062596528e+01 6.010473245838696954e+01 4.481060851540176060e+01 5.150904246044913748e+01 5.860561647713301170e+01 7.271241025542764191e+01 9.253132792089625980e+01 8.466237765411185023e+01 6.475736419635286722e+01 5.077247720173744483e+01 6.475736381686608922e+01 8.466219760644551684e+01 8.256395488888510670e+01 6.661855128932980108e+01 8.248906693437378124e+01 7.303742654178715554e+01
6.842009524227352091e-02 2.006842009524191894e+01 3.846052627667030777e+01 3.017639320911988676e+01 1.534042957589961809e+01 1.918943137049718928e+01 2.335971965163875907e+01 2.794803432905007412e+01 3.427258964938705788e+01 4.093925631605395665e+01 5.248626170375142408e+01 7.248626804543006585e+01 7.711748668737043033e+01 6.886328231650561804e+01 7.711748668737043033e+01 8.252824044701755213e+01 7.428335487184430974e+01 6.656936571950089387e+01 4.651490347314663865e+01 6.656936571950089387e+01 7.999982466877200693e+01 8.471065955058007546e+01 6.482129644482539277e+01 5.240473971098325023e+01 5.170302887534294456e+01 6.326901542091334818e+01 8.314563575629577485e+01 9.091485534569073934e+01 7.939068164297097496e+01 6.725381041445852759e+01 4.745806728054628820e+01 6.143492704280234307e+01 8.130163452411805736e+01 7.452849049315632612e+01 5.635530721013900290e+01 6.481266412523471843e+01 6.532090481696845075e+01
1.934550753332892059e-02 1.416148113126440400e+01 3.416148113126510566e+01 4.362397032159573484e+01 3.534043016775348178e+01 3.073643675457643809e+01 4.335972044112666879e+01 4.209016997143385908e+01 4.794803555267118611e+01 6.093925900026765419e+01 6.922356844010812438e+01 8.077060202188381766e+01 8.665473211814865806e+01 8.344015370294629008e+01 7.520645541638532450e+01 8.344015370294629008e+01 8.285636727949098201e+01 6.290894564854636428e+01 6.072353527795262806e+01 6.072353527795262806e+01 8.068244885482025097e+01 8.493021717280299754e+01 6.506430162666944739e+01 7.236590914181732614e+01 5.727187320986600838e+01 7.719575251140608430e+01 9.135625571553435975e+01 8.254866930529827584e+01 6.268682040797327204e+01 5.131581219714540509e+01 4.431687808820188934e+01 6.008045521627948204e+01 6.834419021311747144e+01 6.794109018975643721e+01 6.481266412523471843e+01 4.672803990146794462e+01 5.672258614083542483e+01
4.364784840791047227e-02 2.004364784840755576e+01 3.137269469691914381e+01 3.803936134085399345e+01 4.632362721795667682e+01 5.073643828925978028e+01 5.902070363237983486e+01 6.209017408546663574e+01 6.794804789304291148e+01 7.167484869815189086e+01 6.585861558304588925e+01 7.167484869815189086e+01 6.678403508663092225e+01 7.349921932392639690e+01 5.532294526000450929e+01 7.349921932392639690e+01 8.497691367484009106e+01 8.285636727949098201e+01 8.068244885482025097e+01 8.068244885482025097e+01 8.891086494877117730e+01 9.314134359153106857e+01 7.912915923796981588e+01 8.421695875340063253e+01 6.435799689482836072e+01 7.355836210545409415e+01 9.338029985231017349e+01 8.735525065897319053e+01 6.742395658741493492e+01 6.668771393624636801e+01 4.767869697329931000e+01 4.030607304977340988e+01 5.641892933563437396e+01 4.816258382309608521e+01 5.156835364429359458e+01 5.672395889079591313e+01 3.833446947517378334e+01
5.219006137575642884e-02 5.599192023628023485e+00 1.137269471552423106e+01 1.803936138219077989e+01 2.803936138219060226e+01 4.218149700570182858e+01 6.218149653553415135e+01 6.579127222811717957e+01 5.756235261400337322e+01 5.178172470804917538e+01 4.595088559157944275e+01 5.178172470804917538e+01 5.270325469518495254e+01 5.635511454709656931e+01 4.534226085793903849e+01 5.686241906579141414e+01 7.674243000601258302e+01 8.745812552221310909e+01 7.935975041914441874e+01 8.745812552221310909e+01 8.505363071296608268e+01 9.314927218647029861e+01 9.893520831221114520e+01 9.242421395011565721e+01 7.432017470655075897e+01 9.242421395011565721e+01 1.015941011987223561e+02 9.573753206896418533e+01 8.053238865268764357e+01 6.095306190205247532e+01 6.668744467831511713e+01 5.062225016282526013e+01 3.666091402012303035e+01 3.422204420815956638e+01 3.189024851797629623e+01 4.824874125901166622e+01 4.600328043552335799e+01
