MOVIE_S9_data/elevation_000845.asc
nrows	100
cellsize	150.0
xllcorner	0
ncols	100
yllcorner	0
NODATA_value	-9999
[rows 17 to 33 of 100, columns 37 to 73 of 100]
4.373899269689848524e+01 2.784584641570118535e+01 4.791300839317252525e+01 6.399128533503455429e+01 6.876163639946949502e+01 7.707540702091448281e+01 7.957934277201383111e+01 7.128050979498804907e+01 7.634568439512695193e+01 6.806133504843796800e+01 5.550973970824081505e+01 3.538283810919576666e+01 3.503943476159590631e+01 5.516655102336874705e+01 5.500040493447875889e+01 7.499803532847414544e+01 9.077240643927569863e+01 9.470424797468990619e+01 7.484892135923089995e+01 6.086704309803377555e+01 5.094251674432980792e+01 5.393703473730382569e+01 7.053983028551307655e+01 6.804693220875473969e+01 5.855310608020326413e+01 5.032363718908037953e+01 3.088486330920675016e+01 3.862323816577636393e+01 5.833434680075723833e+01 6.387083630367605736e+01 6.026877924269781772e+01 5.784295630339371286e+01 7.698438553812628982e+01 7.283265683071780927e+01 6.821132465391671929e+01 7.927500839035307934e+01 6.794375110591865052e+01
4.912939575426462824e+01 2.903123895415572164e+01 3.610124735526923700e+01 4.375494023978412628e+01 5.808813466665369418e+01 7.824275231350388538e+01 8.848216481011482415e+01 6.855298578111826657e+01 5.704214392323177663e+01 4.803699738095151162e+01 4.087653417949007206e+01 5.550973970824081505e+01 5.516655102336874705e+01 3.854403527972660015e+01 5.867003848512054986e+01 6.267153071015467702e+01 7.956518105307871735e+01 9.086735675753277519e+01 8.477658466696034623e+01 6.496224042701366841e+01 6.496224042701366841e+01 7.375497540846004085e+01 8.199406487452789349e+01 7.834541500058674046e+01 5.853958764367165912e+01 5.405665748529467862e+01 3.410572087292659660e+01 3.163897108992459195e+01 4.946697134921534911e+01 4.405990536750611142e+01 6.389846372526286444e+01 4.895589249788302766e+01 6.420578699149821489e+01 5.887765842664468607e+01 5.424869541730155476e+01 5.954561386079130614e+01 7.927500839035307934e+01
3.449907063119594852e+01 3.024326371832763627e+01 5.037034207850852141e+01 6.387308378210687465e+01 6.399128550319414188e+01 8.416202960919196130e+01 9.680826401679026105e+01 8.527309498049639558e+01 6.806133504738323836e+01 4.803699738095151162e+01 6.098166257171354232e+01 6.926851264158302968e+01 6.446440495097958490e+01 4.439212137055159957e+01 4.263429930601265738e+01 5.167999348405874827e+01 6.318279329833951863e+01 8.268810620267983325e+01 9.303627003526048611e+01 8.477658466696034623e+01 8.477658466696034623e+01 8.761419613736553913e+01 7.705283214058003693e+01 6.909402387242067789e+01 5.853970293205841813e+01 3.868787688026144167e+01 5.405667548626333740e+01 5.175911047942198451e+01 3.240042130045074487e+01 5.248099339705770916e+01 5.744930569342450610e+01 4.137716347531137728e+01 4.434818047423520682e+01 4.741207058464156887e+01 6.722676644738793073e+01 7.856135227372499230e+01 8.403095943545991986e+01
5.169502975636796549e+01 3.152141905742798755e+01 4.482932497458180165e+01 6.283714222902251834e+01 7.139934509792325912e+01 7.970693071922698891e+01 8.967570802545590425e+01 8.748678946042319637e+01 6.755759980873177994e+01 5.343900896538933409e+01 7.339472431415946119e+01 7.387401057330087895e+01 5.391322274179755425e+01 6.446433421884630377e+01 6.272997947399249341e+01 4.717321826281813912e+01 6.720771582735910954e+01 7.659895841116640725e+01 9.657201750974286369e+01 1.018706300969295597e+02 9.356413080279786243e+01 7.948219521492046624e+01 6.246020919208407918e+01 5.230766275912859697e+01 4.366948998315025676e+01 4.984841257792898972e+01 6.201834909699202569e+01 3.573872016844006794e+01 3.293862976778311236e+01 5.295917027791971066e+01 3.749270993778031169e+01 5.744935567262815113e+01 6.420578699149821489e+01 6.722676644738795915e+01 5.371860345908402934e+01 5.883923884332482146e+01 6.431001035717974901e+01
3.508855668438543773e+01 3.303856665848291385e+01 5.317691342080048855e+01 6.139796101435829456e+01 5.145426592850639480e+01 6.147974789196380385e+01 8.131894230388284939e+01 8.748678946042319637e+01 6.755759980873177994e+01 6.239343999918233408e+01 8.168336348804373870e+01 8.139841741807038034e+01 6.149070814353817127e+01 7.404579096906950042e+01 5.410960883233304486e+01 5.301892037922565493e+01 5.667712446323991315e+01 7.076177640780549893e+01 9.069116236972045897e+01 9.356413080279786243e+01 7.365913913571827720e+01 7.296917011108475037e+01 5.352550403600066176e+01 4.931210812429027612e+01 6.145627944317627112e+01 6.799377069686218533e+01 7.081249861859799921e+01 5.946822084467625302e+01 5.296569238954605652e+01 3.369162623066340956e+01 5.236554293533325222e+01 6.222218543338683361e+01 7.494084744345003912e+01 7.741287605171110897e+01 7.346912448252810179e+01 6.984170659321593178e+01 8.403095943545991986e+01
5.526389118476404150e+01 5.323007931121222924e+01 3.522048210598199347e+01 4.132461172913527747e+01 6.142680551321483762e+01 7.970693071922698891e+01 8.967570802545590425e+01 9.580913142861808751e+01 8.748678946042319637e+01 7.386180908825090796e+01 9.060446292440765603e+01 8.970530665636745482e+01 7.143139123883850061e+01 7.917884784020564837e+01 5.929836140314917259e+01 5.907975135464506167e+01 7.659895841116640725e+01 7.293871107881051330e+01 9.288519137253396707e+01 9.356413080279786243e+01 7.365913913571827720e+01 5.992915790216597571e+01 7.296917011108475037e+01 7.307950984429081132e+01 7.716987623375321448e+01 8.272640905279155277e+01 6.870306125254148810e+01 5.706619275828269622e+01 3.709938378917627944e+01 5.371507246977808592e+01 3.446807910452240975e+01 4.839906660252133008e+01 6.097398940211920859e+01 5.779617470399257684e+01 7.745972714696161177e+01 8.960928317381099362e+01 9.785175558410325891e+01
6.727955204255532351e+01 6.378664184334488851e+01 5.542862891229693645e+01 3.751123397891603872e+01 5.182665797333405777e+01 7.196103610300730224e+01 8.667668471259496243e+01 8.889489977502324791e+01 9.719717878839081493e+01 9.381483492143995306e+01 1.021551828197252263e+02 9.969964286490831284e+01 8.549001383796311870e+01 8.468711769695559610e+01 6.482676828935092317e+01 7.896000689616839452e+01 6.844881086042688878e+01 8.833395261659782705e+01 1.012178118242117364e+02 8.884288209565272609e+01 6.900067552450494190e+01 7.948917621554410573e+01 8.776488461632389715e+01 9.003220426855665437e+01 8.178463657670363318e+01 7.227021729965527186e+01 5.467971345217809898e+01 4.056262597478622922e+01 5.706619275828269622e+01 6.269846309414066354e+01 5.447018438001255447e+01 3.523835257068812155e+01 4.344131697250320912e+01 5.485278268948209046e+01 7.429144291418536739e+01 8.978676098681300743e+01 8.160544413958028542e+01
8.148707986715525919e+01 7.359288174361986989e+01 5.346901217716252575e+01 3.915128559525202689e+01 5.936329122764021093e+01 5.812472387272134711e+01 7.826253431462802723e+01 6.895930682385470334e+01 8.566911464917792784e+01 9.050431113128280458e+01 9.897407038194229756e+01 1.139092718918534359e+02 9.881376430025889590e+01 7.883566908301561682e+01 7.230616646661864877e+01 9.221009589366038028e+01 7.592665230595883941e+01 9.587294117897845069e+01 1.030066282170881067e+02 8.297606635814487674e+01 8.297606635814489096e+01 9.714698916223339609e+01 9.412231166448586350e+01 8.178463657670363318e+01 6.200240588262671082e+01 6.405089331982388501e+01 4.418240249652821916e+01 6.048240702468969232e+01 6.870306125254130336e+01 7.704789956063672207e+01 6.306690399733093244e+01 5.451094014786731634e+01 3.600619182468430068e+01 5.605185222283066082e+01 6.333296103759091267e+01 7.216903865972368237e+01 6.252414838828085664e+01
8.216405993062015511e+01 6.206390307980597498e+01 4.781089203400321708e+01 5.936329122764021093e+01 4.160965435800462586e+01 6.181334909300105096e+01 6.650305955432591531e+01 5.742411281072445917e+01 7.610273646004526427e+01 7.023721729504629252e+01 9.050431113128280458e+01 1.026649538689147647e+02 1.071638432214363661e+02 9.881376430025889590e+01 8.633370246889474231e+01 8.852520750075230183e+01 8.584070685293234249e+01 1.042192218710716247e+02 1.113179119663218160e+02 1.030066282170881067e+02 1.030066282170881067e+02 9.991548328631584752e+01 8.004611235837147376e+01 6.608194807778355084e+01 6.779648710592519478e+01 4.797666776533965560e+01 5.825386969466217124e+01 7.227021729970330455e+01 8.300551716640418931e+01 6.342811136767514313e+01 4.907339043682787150e+01 5.446921571947264340e+01 3.656840067377761017e+01 3.629362841105622550e+01 3.902397485399791321e+01 6.032322818329517844e+01 5.282131898639184442e+01
7.954487495935923391e+01 5.946387532695461431e+01 6.206390310289837942e+01 6.620861874329973773e+01 4.604915704355974526e+01 4.434971358158271215e+01 4.633621992550602187e+01 4.835524097767378748e+01 5.603804992604037238e+01 7.617331164473588956e+01 9.400587424075236243e+01 8.235761209216538248e+01 9.543487525438254693e+01 1.039018351959157656e+02 1.063969645975695499e+02 1.026913187167647976e+02 9.999083131575203254e+01 1.142707655007858278e+02 1.213015419377090751e+02 1.112406142443530257e+02 1.029489964597085105e+02 9.873675167287269971e+01 8.470248028221077163e+01 7.187647965176070386e+01 5.209798196890514532e+01 6.200240588262671082e+01 7.601730507547014781e+01 8.628656490474415364e+01 8.847988394261670919e+01 6.916221092670289750e+01 5.842141167539539737e+01 3.738289094649162081e+01 5.335627734049941751e+01 4.313944160678659046e+01 5.458057798021025064e+01 4.156708269555212354e+01 6.192658360180938359e+01
8.794316502554129045e+01 7.102727215457740328e+01 8.216406567048892384e+01 7.081836472214385481e+01 5.072496291280901204e+01 5.449623888066756194e+01 6.650305955432591531e+01 6.849774275079670360e+01 5.143505191725876102e+01 7.152666781252270312e+01 7.387402324253200447e+01 6.828917154722711302e+01 7.526994216827387163e+01 8.680151566499591809e+01 1.072282637734907098e+02 1.228851979345969738e+02 1.201836654593088696e+02 1.154463044206864168e+02 1.012825560914775451e+02 1.029489964597085105e+02 8.305071845832456745e+01 8.887878915099480537e+01 7.066820889154888619e+01 5.671964117547533135e+01 6.352136011542044258e+01 8.010212987113472138e+01 9.003220426831369139e+01 9.177046351047428629e+01 8.358767949098407257e+01 7.546191545469666551e+01 5.794479893471689280e+01 3.797032179388677520e+01 5.778589016616614060e+01 5.910948451689959882e+01 6.441667742858273016e+01 6.193141885704980609e+01 4.393813486433318616e+01
9.961340481523980372e+01 9.118013677003666828e+01 7.789181092706346021e+01 5.788510589997025590e+01 7.081837253013507905e+01 6.868153156455218777e+01 8.295272773405403655e+01 7.988965806788328905e+01 7.152666781252270312e+01 5.458646353712742183e+01 5.981303200425949029e+01 7.977050588207359283e+01 9.543487525438254693e+01 1.039018351959157656e+02 1.156993105599604803e+02 1.313276103416194474e+02 1.112754735337985750e+02 9.714335415919347838e+01 8.720232026365917477e+01 9.717415077851025274e+01 8.887878915099480537e+01 6.909885918290930817e+01 6.166333860748222406e+01 7.646784341020644149e+01 8.328978519005711689e+01 9.154116891109191556e+01 8.610003608747911130e+01 7.210998343901346175e+01 7.555836033734493640e+01 5.587830403641373778e+01 5.802144348665426321e+01 3.952627085713292132e+01 3.887368623704288240e+01 5.313926180693661649e+01 7.377446800599740584e+01 7.209685073072171235e+01 5.580798004086556574e+01
9.869014769487209549e+01 9.750256409957432879e+01 7.732206122241180424e+01 6.324866614461356562e+01 8.323279366739262741e+01 8.879885257232743356e+01 9.518173260978676353e+01 7.502596729519137853e+01 6.096939142884730956e+01 7.461752819217414867e+01 5.877356541041836380e+01 7.873532360157857113e+01 9.139005818262914715e+01 9.854860967747430323e+01 1.070282881111869386e+02 1.161834105114993179e+02 1.254565203126834518e+02 1.086938419182455675e+02 8.874115157672297016e+01 7.731613587061710291e+01 7.224108517673562346e+01 6.773551237039167461e+01 7.559313598445483251e+01 8.964984183582600963e+01 9.721425047026458799e+01 9.153773643740031218e+01 7.786153686920849282e+01 5.820890114401199611e+01 6.537297833383114209e+01 6.155483332428823928e+01 4.174807052813871877e+01 5.937351201082939411e+01 3.951415370676263450e+01 5.798581837162129204e+01 7.056374274860571916e+01 8.333670577076730979e+01 7.519675439100271319e+01
1.071331101092604996e+02 9.973134723575302019e+01 7.952482836752430728e+01 7.075155880987784940e+01 9.081670672497421037e+01 1.047142969798288021e+02 8.800333182104627383e+01 6.799538469502851967e+01 8.092945427583175899e+01 8.237391855841019606e+01 6.244451320359193858e+01 6.605471266599840874e+01 7.133023822459897190e+01 7.830116846086586690e+01 8.723237536548276694e+01 1.016736994635164137e+02 1.222611891234703023e+02 1.169952253917183640e+02 1.054605480581068093e+02 9.717415077851025274e+01 8.363172922415186861e+01 8.750308311855707188e+01 9.542815430112430874e+01 9.152300680311064696e+01 7.775658633773433337e+01 8.338361821836348042e+01 6.401404749828061824e+01 6.340926649479438737e+01 4.564646989145700928e+01 4.401865546379332272e+01 6.158954884678722408e+01 5.566012410391518728e+01 5.465175796252569995e+01 4.042426835576935673e+01 6.260217223471335757e+01 7.603312673547380030e+01 8.444428501990546465e+01
1.188886263750249697e+02 1.081617239006862832e+02 9.924281236447971821e+01 8.224323062207987789e+01 9.924281236447897925e+01 9.624448839541337009e+01 7.605785989783112200e+01 8.205654989535430843e+01 9.241748605108122661e+01 7.233035106573916551e+01 8.237391855841019606e+01 6.886383453830089252e+01 8.886226674399844683e+01 8.542068630434232546e+01 1.058013967300376521e+02 1.161834104780419921e+02 1.185800985175916225e+02 1.157640853490962201e+02 1.075244386801991823e+02 1.118367608684220897e+02 1.035420794245955278e+02 1.041080427271074313e+02 9.567938731229814664e+01 8.178625727237741216e+01 6.396211112990233261e+01 7.190836590756009628e+01 6.772655593228222415e+01 4.800517605190230341e+01 6.504181845986211385e+01 5.659578883087016266e+01 7.191646510456145336e+01 6.321611645005894076e+01 5.132886945068463547e+01 4.107000398630264471e+01 6.097322039173163688e+01 5.612694900513310614e+01 7.594832384517513901e+01
1.062844533221910979e+02 1.179581654174976535e+02 1.109707889348899954e+02 1.025282928802668181e+02 1.064562466658844073e+02 8.603273012494223337e+01 9.624448839541337009e+01 1.023601333985272248e+02 1.008739683852769815e+02 8.119036406214280532e+01 9.373952327697018916e+01 7.363007942829446506e+01 9.373952327697018916e+01 1.058013967300376521e+02 1.142723289140094067e+02 1.185800985393541538e+02 9.886549004373584637e+01 1.024831881165286518e+02 8.793556136061168615e+01 9.229514091006387844e+01 9.964694816290544566e+01 9.462507576645774066e+01 7.638875122211069879e+01 6.800405117851603620e+01 5.408996284040993174e+01 5.224782645710635620e+01 5.042810409709868225e+01 6.733777590554322501e+01 6.414525898710978424e+01 7.796788526656241913e+01 8.468365064512909157e+01 7.696979818305879917e+01 6.647158729356475249e+01 4.625827258184381918e+01 4.199490090177134505e+01 5.996226501041090273e+01 7.040534866722090612e+01
8.936352702968092387e+01 1.095248198898479473e+02 1.092574909291817704e+02 1.153724780778408388e+02 1.149315851626859200e+02 1.064562466658844073e+02 1.004345066957506560e+02 1.209940129708653700e+02 1.099771491125851668e+02 9.282754421742917827e+01 9.985706177272884077e+01 7.956748194174201672e+01 8.998626271063469062e+01 1.104396176688720885e+02 1.226749061041560225e+02 1.029329258763187624e+02 9.161360138362762484e+01 8.287821471538448748e+01 7.726196285595418090e+01 7.207348041083301382e+01 8.536853488002576285e+01 7.556081252198902121e+01 7.638875122211069879e+01 5.680348283266104659e+01 7.372353377606891911e+01 7.190836590756009628e+01 5.556855647103633800e+01 7.514037686168528296e+01 8.369121843648265724e+01 9.176549994888169692e+01 9.195033404194923321e+01 7.400454251800671557e+01 5.420413778727760246e+01 6.100733792934309463e+01 6.189116784124505699e+01 4.292458394701416324e+01 5.186692881255453358e+01
