MOVIE_S9_data/elevation_000386.asc
nrows	100
cellsize	150.0
xllcorner	0
ncols	100
yllcorner	0
NODATA_value	-9999
[rows 34 to 50 of 100, columns 37 to 73 of 100]
8.774523008956182935e+01 6.807840097845084415e+01 7.383868186065821249e+01 6.562289732571672118e+01 4.586973434455293130e+01 6.562289706631047181e+01 7.712339597403351377e+01 8.535476723167917612e+01 9.523275346408171060e+01 8.604190736621097813e+01 7.707116890880844551e+01 6.363539821153700160e+01 4.384197572074138094e+01 5.587176369689350963e+01 3.925698536921004234e+01 5.894434587268499115e+01 7.040146425992102763e+01 7.930273136788865429e+01 6.482551235520710975e+01 4.535937425881304819e+01 5.842815291913883868e+01 5.683722760626223902e+01 4.326262301529619947e+01 3.462036278945770817e+01 3.530715249547638734e+01 5.490157237782663202e+01 5.118238606050272921e+01 5.299733233489654083e+01 5.434692179892644504e+01 6.427283018304521534e+01 4.794369656416635195e+01 6.762290763524821102e+01 6.988051617075016964e+01 7.087907017533221676e+01 6.433796368531534426e+01 7.462545360190517840e+01 5.816656020802198412e+01
9.605813908999118667e+01 8.774523008956182935e+01 7.762559812827166184e+01 5.742896649229333406e+01 6.562289732571672118e+01 5.039483950799291989e+01 5.739914087917237140e+01 6.731266226952098464e+01 8.693460380359691442e+01 9.936865177873859523e+01 8.366576796527701276e+01 6.363539600160876830e+01 5.034447228088039594e+01 6.723374269708143913e+01 5.894681132868863926e+01 4.236357441432052440e+01 6.210853569888072911e+01 7.231477823450185838e+01 5.284847109442610957e+01 5.905454169483773796e+01 7.302600115506007228e+01 7.028552231868158628e+01 6.078296901012475217e+01 5.430658227661879778e+01 4.098254606954215262e+01 3.629457607484186354e+01 3.756510649477339570e+01 3.879938477351601733e+01 5.605470784344976209e+01 4.298774257176167168e+01 4.461814465938542895e+01 6.414967814395417633e+01 4.936919105422671805e+01 5.115008295268708594e+01 5.296980252567826142e+01 5.484226787953389248e+01 5.821257772573360256e+01
9.252121121531124004e+01 9.640940848462028612e+01 7.484688205267583783e+01 7.762559812827166184e+01 5.959645109968543863e+01 5.412374689685856310e+01 7.380998862890780288e+01 8.536215271557533413e+01 9.523534077013901822e+01 9.105770814325099138e+01 7.095545130798194577e+01 6.094059965510239607e+01 7.028085707136592930e+01 6.541514111191989400e+01 4.557550863283573506e+01 5.624921829680940988e+01 7.040966831919027413e+01 7.822619038978973549e+01 5.862025428955389117e+01 7.822619038978973549e+01 8.699746061528222185e+01 8.824638173155673826e+01 6.939205181619551865e+01 4.967297642411791259e+01 6.048022368924919334e+01 5.588911144679527609e+01 3.741508960301864306e+01 5.697140007446906651e+01 4.084527419470135357e+01 5.379253378527022988e+01 6.337100322283223619e+01 4.689696819762643543e+01 6.490387149837928860e+01 7.064130096385746072e+01 7.273016450180963943e+01 6.622665231165878197e+01 7.780342553592664956e+01
7.832606045047327825e+01 9.842087155342261440e+01 9.534834072892226686e+01 8.460796995327760328e+01 7.078675301895016503e+01 5.876373261372864931e+01 6.548669200702160254e+01 7.675781577319713733e+01 9.636928468225553956e+01 9.936927221322559944e+01 8.932313864750432231e+01 8.100657375274256822e+01 6.883575098177497864e+01 4.889033938071548846e+01 6.541514111193349379e+01 7.372740035210753717e+01 8.457011799917937367e+01 8.520682758697657277e+01 6.546260399044119538e+01 8.520682758697657277e+01 9.405030790289181652e+01 7.416526532743907296e+01 6.016352517029549318e+01 6.939205160158202546e+01 5.814796606833548509e+01 3.853392540610160211e+01 5.677893504802491975e+01 4.748619205783082009e+01 6.111789975761012528e+01 5.645553416342637121e+01 7.237030369028835253e+01 6.569245831556862925e+01 5.394663707968132371e+01 6.187336894710443147e+01 8.088183731459197645e+01 8.609273369274050935e+01 9.434735713279746960e+01
8.929779949144787565e+01 9.745645359568543142e+01 9.409526866283911772e+01 7.670780563873397284e+01 6.590587325279045672e+01 7.930045324333302403e+01 8.503026351825545248e+01 9.333231824426708556e+01 1.047669392942304256e+02 1.001352811104151925e+02 9.182439142760331663e+01 8.422087669880606597e+01 7.129931903474859212e+01 5.128519755963123572e+01 7.129931903454418318e+01 7.544300802272449857e+01 9.554936056430254609e+01 9.345870206759728660e+01 7.680472673292780428e+01 9.345870206759728660e+01 9.989421887925050214e+01 7.998945945360594578e+01 7.998945945360594578e+01 7.148211230515457260e+01 5.531023079454658387e+01 3.932344655010262358e+01 5.884923612949842209e+01 5.498784587979123728e+01 7.379779098544273097e+01 7.540803545709161426e+01 8.235688429745292183e+01 6.565861479746959617e+01 7.330824759004795510e+01 7.333868962864146113e+01 7.535752921624181511e+01 9.421869684835658632e+01 1.110711761834229065e+02
6.938173422537784063e+01 8.302480509386587926e+01 1.006549076173139383e+02 9.204354534731893978e+01 7.726180792141644815e+01 7.577135598039532738e+01 8.940074422320800807e+01 1.090377635184989629e+02 1.034287254624842234e+02 8.332942932606979980e+01 7.170738236518914732e+01 6.409808557031036003e+01 5.853703261493421195e+01 7.129931903460399667e+01 5.535573037967667887e+01 7.544300802279396123e+01 9.204070714217336047e+01 1.003513556770870707e+02 9.668431079876613410e+01 1.049482454862986884e+02 9.978969496520826965e+01 9.134560244462927869e+01 8.307195250300365785e+01 6.912934279289227391e+01 4.044110073328050703e+01 4.676672229907113376e+01 6.108933797341301641e+01 7.379794848685639863e+01 6.905120603091918952e+01 8.631892734608653939e+01 9.215777970377524753e+01 8.430811085147064432e+01 8.503009716369885496e+01 9.281911508611598549e+01 9.421869684835658632e+01 1.021888220157620566e+02 1.084013164581437962e+02
8.929779949144787565e+01 9.745645359568543142e+01 1.102041206886186586e+02 1.049839053230608101e+02 9.666325663241556754e+01 9.515229401250756780e+01 8.940074422320800807e+01 1.090377635184989629e+02 1.117296037801820177e+02 1.001352811104151925e+02 8.053208958886318669e+01 8.422087669880606597e+01 7.863981860501615984e+01 6.487719080319689624e+01 5.932383477722203224e+01 6.480689642004482209e+01 7.192393508041318739e+01 8.615550338445653722e+01 1.062488458713824855e+02 9.685113391209398515e+01 8.688467479327867693e+01 7.160598960582565553e+01 6.321218931183597078e+01 6.923861362932584029e+01 5.876549302956000531e+01 4.155231865355516163e+01 6.061915958830780227e+01 7.020111265075379947e+01 8.694415365319758848e+01 9.371981814257428312e+01 8.943168020064496204e+01 9.771394072337596981e+01 1.063961301626021907e+02 1.066962030562958290e+02 1.017423342189891997e+02 9.283979682463031224e+01 9.261480124179924189e+01
8.933135399675597910e+01 9.764107550865948326e+01 1.092355245243028037e+02 1.109117162689233993e+02 1.027447669154797154e+02 1.109117162689233993e+02 1.090377635184989629e+02 1.175063248553176152e+02 1.261403623961830505e+02 1.089374454255350173e+02 1.006340971078077615e+02 9.653879892121443618e+01 7.643258983615048408e+01 7.941381320337634975e+01 7.946657558983858394e+01 6.524760873114611570e+01 8.540162050998043242e+01 8.835441985331185322e+01 1.084428046229147071e+02 8.856873818056773473e+01 6.866173060276256024e+01 5.879016927269699266e+01 5.197076561002538853e+01 6.237743872868232842e+01 4.329279618695235854e+01 4.486705262272563033e+01 4.293025336947427917e+01 6.200187505164107904e+01 7.161847309092746627e+01 7.258068888207409941e+01 6.942919735567200235e+01 8.943168022106905823e+01 9.892660260727973309e+01 8.765314731077882016e+01 9.273113950852929577e+01 7.074728241866273493e+01 7.073351038387431799e+01
6.911963867812308138e+01 8.083504058726192909e+01 1.009375339526391997e+02 1.009167582470553981e+02 8.264170588917251337e+01 1.009167582470553981e+02 9.716092624206112305e+01 1.053931273281562966e+02 1.062509012975124563e+02 1.062509012975124421e+02 1.144977782216196687e+02 1.048455496287296995e+02 8.804776045944005602e+01 9.856790306561060788e+01 7.013160810176800908e+01 7.033957748024566570e+01 8.131929248235692853e+01 1.013994574936579625e+02 1.167394747799356622e+02 9.685113391209398515e+01 8.688467479327867693e+01 7.861517948853983739e+01 6.418454124010737871e+01 4.498682421715913193e+01 5.662008058244000352e+01 6.875008373339127843e+01 6.200187505046306313e+01 4.427186661999302686e+01 6.340375666869358895e+01 5.525022750205296518e+01 7.528778889927778550e+01 7.992783213875641479e+01 8.817410697194981140e+01 7.407722375160437878e+01 7.995280742487852876e+01 7.582688621990936895e+01 5.567575872136929149e+01
8.933135399675597910e+01 9.764107550865948326e+01 9.112657444092198489e+01 8.277854516908088556e+01 7.283293416465987491e+01 9.269323640232612149e+01 7.744122225254088221e+01 9.398180986582816843e+01 1.056150995565572686e+02 8.640828191663855762e+01 1.056150995565572686e+02 1.164343099169095836e+02 1.081377731645089142e+02 9.737903535028658553e+01 7.684995454228553058e+01 8.981150660137858210e+01 9.811873110473526083e+01 1.097022367785557151e+02 1.065946612569256473e+02 9.822632948315600743e+01 9.793706752244227687e+01 8.436191166231976979e+01 6.550445498799047073e+01 4.620979554369288422e+01 6.551343926612723578e+01 8.454480366904850541e+01 7.160978701819630032e+01 5.762828471563420152e+01 4.559065673739263502e+01 6.482460014084936972e+01 6.736418524200578872e+01 6.006717059940189074e+01 6.957308200558414057e+01 7.079006124251176857e+01 6.024013336983639277e+01 5.390372292127116793e+01 6.653127895413429371e+01
8.707017357103579513e+01 9.529124792106506447e+01 8.278355701800251154e+01 6.343611771698933666e+01 7.517004442950792509e+01 7.446055164528232240e+01 6.617725167242531370e+01 8.577574983537191144e+01 9.737701105917560085e+01 7.761072468700744764e+01 9.737701105917560085e+01 1.048749856203009614e+02 1.131207938435737361e+02 1.056896974648419274e+02 9.737903535020652157e+01 8.625345745715794976e+01 1.063798169376664475e+02 1.082048970068574505e+02 9.802646485897201956e+01 7.784479406078142461e+01 8.266623865425606255e+01 7.083208282640539721e+01 5.695654824130161131e+01 4.743566847330398417e+01 6.166920582843415133e+01 8.052953790151372004e+01 8.555685052225835818e+01 7.302618996039490185e+01 6.480576495365679079e+01 4.691325629292092003e+01 4.789367582211153263e+01 4.888340627268253513e+01 4.989423376850570691e+01 5.101905773185237791e+01 5.217826699477126340e+01 6.575478824102461317e+01 7.653579786261988716e+01
6.734906481821977309e+01 8.707017357103579513e+01 9.101926140719508851e+01 7.519103689617712405e+01 5.606749097887902877e+01 5.487458872027207235e+01 7.446055164528232240e+01 8.135787396691935669e+01 8.441013788413133057e+01 7.112956359735326828e+01 7.761072468700744764e+01 8.503721547932940439e+01 9.647603550787886206e+01 1.163481670028060933e+02 1.134819729533190156e+02 9.339404223446787512e+01 1.134819729533190156e+02 9.995639590350793924e+01 8.091003534804755759e+01 7.178087608874275816e+01 6.334392225842279345e+01 7.259325900721930225e+01 6.824181644814110825e+01 4.869860920442216923e+01 4.929455413557660393e+01 8.075405787439271421e+01 9.312663599321943764e+01 8.314529111737455480e+01 6.969595810483565401e+01 5.005553983791096329e+01 6.736402160221494739e+01 6.846180930159962941e+01 5.263523517848317823e+01 7.077981966493635468e+01 7.201817473721710883e+01 7.033494181610649321e+01 7.948319547342346425e+01
7.312524381060630674e+01 8.086960649070228158e+01 7.410593160406321545e+01 6.760797707827993008e+01 5.113775958612639982e+01 7.080744061316406146e+01 5.891441579920221727e+01 6.183639475450672762e+01 6.486611281678943897e+01 6.940930105308541442e+01 8.323690475049727411e+01 1.030371263390732111e+02 1.131207938435737361e+02 1.246039784735905300e+02 1.217732896959138174e+02 1.050053969676695260e+02 1.217732896959138174e+02 1.082048970068574505e+02 9.608278930237038651e+01 7.477914407915146455e+01 6.301971088180526692e+01 5.496247876446024350e+01 5.055810671753633301e+01 5.727467585352399482e+01 6.808316440503936917e+01 8.665388869089552770e+01 8.485091264726963800e+01 6.495757194212463048e+01 5.507447968029423180e+01 6.966379103225133917e+01 7.794809278100444772e+01 7.540097396101263882e+01 5.550918232867658020e+01 7.539879688977732997e+01 8.819614085272530701e+01 8.858372419220317795e+01 8.094512044460418565e+01
6.148090762915932572e+01 6.588697941567848204e+01 5.845012048657414994e+01 4.790318812822217609e+01 6.761656580932557858e+01 7.896998244154821123e+01 7.268912534504035250e+01 7.558827659331653592e+01 7.862770351802663527e+01 8.903625538479487034e+01 7.674797348665602215e+01 9.650292535827335882e+01 1.146712816515145335e+02 1.246162161586630361e+02 1.333414244907473005e+02 1.250611910868251471e+02 1.190154655916982307e+02 1.107123111184810824e+02 1.049803956321184444e+02 9.373470902228463331e+01 8.315429027960752251e+01 7.109253520494915790e+01 5.198210782728086343e+01 7.172555904979776642e+01 7.116763805842855106e+01 9.031148672756259543e+01 9.312663599321943764e+01 7.904850925262894634e+01 5.917330381024478214e+01 7.904850925262894634e+01 8.952271468420700273e+01 6.956863477351876668e+01 7.540123410369977819e+01 6.007578507202270401e+01 7.996395499094610670e+01 9.937219549455065248e+01 7.939510283381146394e+01
4.729720012447081956e+01 6.021086265869714538e+01 6.244838608407932412e+01 4.570446131599224771e+01 6.042115708494662130e+01 8.142028795539613384e+01 9.235041467949881167e+01 9.528691419570344578e+01 9.837016935431374520e+01 1.047402858072505438e+02 8.811508660631494649e+01 8.658218362985658700e+01 9.648769364481981370e+01 1.163596405285605044e+02 1.276607636087206004e+02 1.160711315891295783e+02 1.077633909399635712e+02 9.066779400655380527e+01 9.434603143024517635e+01 8.936289675047795811e+01 8.740354416717131869e+01 6.748551021152482576e+01 5.345565669161175748e+01 7.331923174582937008e+01 9.031163859878758160e+01 9.798945565906885236e+01 9.500438874812658696e+01 7.506754818485973146e+01 6.361368983167788826e+01 8.349384893659130569e+01 9.789997475551497530e+01 8.952518074643712964e+01 8.332312022299930732e+01 6.345000497898590908e+01 8.332312022299930732e+01 9.466597552532907400e+01 7.469067633454902477e+01
4.003606109721896900e+01 4.133623771740661113e+01 4.264351193058200096e+01 4.429245318168794654e+01 6.237812962044919374e+01 7.424878238348333070e+01 8.597817739310035279e+01 9.583588967223971622e+01 1.040554053491900248e+02 1.162099766303213499e+02 1.079609261762962262e+02 1.064236670866901875e+02 1.146712816515145335e+02 1.246162161586630361e+02 1.193627389607137417e+02 9.927207885410101085e+01 8.770269379324236070e+01 8.066998845809760610e+01 7.441349271117648811e+01 6.947246227635294247e+01 8.273267761516582652e+01 7.487735721178147230e+01 5.497934684767656677e+01 7.487780083924899088e+01 8.603839804959933701e+01 1.001466463526795110e+02 1.032906993325534444e+02 8.863013949907708877e+01 6.873737275672675651e+01 8.277749027266456494e+01 1.027597019812603492e+02 9.836201022943524208e+01 7.839767632247423990e+01 6.696598026393229475e+01 8.683510414033176517e+01 1.029268535944861327e+02 8.355816762096671368e+01
4.315212984582271361e+01 6.115610661123453440e+01 6.244857031354071353e+01 6.407928740460839379e+01 4.663918213428249970e+01 5.808088672914337991e+01 7.778723280042757438e+01 7.610128803383645391e+01 9.583588967223971622e+01 9.735277227195854266e+01 9.094550694540885161e+01 9.655042810838089906e+01 1.030090825458400872e+02 1.112295382775568697e+02 1.210587516268947894e+02 1.160711315891295783e+02 1.077633909399635712e+02 1.006708634460754581e+02 9.434603143024517635e+01 8.273275192576959114e+01 6.285730913901439010e+01 5.849605237357374676e+01 7.487780083924899088e+01 5.786202898786723381e+01 7.193007973679233658e+01 8.074639042903741881e+01 1.007092724929282497e+02 9.527710905096139982e+01 7.533618967584121151e+01 8.863014165909272890e+01 1.086227403837096688e+02 1.066829032411904166e+02 9.066354302735419424e+01 7.077297442734226252e+01 8.221002727013662081e+01 1.022112603030054032e+02 9.525065724921870469e+01
