MOVIE_S9_data/elevation_000053.asc
nrows	100
cellsize	150.0
xllcorner	0
ncols	100
yllcorner	0
NODATA_value	-9999
[rows 51 to 67 of 100, columns 37 to 73 of 100]
5.510435675990181892e+01 4.099449330313106543e+01 5.606521643428805390e+01 3.971002698676164044e+01 5.971329056344353603e+01 7.200152562472236184e+01 6.628983563161719417e+01 6.344663954525025673e+01 6.137321556725835592e+01 5.172368532859288592e+01 3.522261775584007637e+01 5.528188597506720470e+01 5.953335273522078097e+01 5.752241517246063296e+01 7.609772233587763424e+01 6.782206876159618503e+01 5.986510110471378709e+01 4.417543911932440182e+01 6.051517479295783630e+01 7.664967950819634268e+01 8.143142804903156673e+01 6.133153258787515938e+01 8.143142804903156673e+01 7.773098408440476703e+01 6.644251997444001745e+01 5.540024882424988562e+01 4.010032625508987536e+01 6.028616764438137210e+01 6.959339593207313612e+01 7.701424387809606742e+01 8.545957891213323876e+01 9.391740653586390408e+01 8.551899965695240269e+01 7.957040822551479664e+01 9.988017752187184328e+01 1.147144307483252987e+02 1.232281766813536166e+02
5.666439818543042151e+01 3.663151531480463774e+01 3.602448443160319869e+01 5.606521643428805390e+01 6.816173543806837642e+01 6.069833093381160438e+01 4.599072676197172882e+01 4.290589550506636840e+01 4.827643606675370336e+01 3.105665627145929264e+01 4.711133201243215751e+01 5.545247670448064525e+01 4.617233184530522294e+01 5.746664443935828359e+01 6.233468536017466022e+01 5.607075473211996552e+01 4.016042697111309678e+01 5.984086500293324917e+01 6.567182865411983528e+01 5.436857830346409060e+01 6.623355954789042244e+01 5.418092254819683973e+01 6.484177363696684893e+01 6.966774027740164854e+01 5.049253659287859364e+01 3.909138735746407178e+01 5.136279141449333707e+01 4.496684849254628347e+01 6.521791247590033436e+01 7.681885761191244910e+01 8.396841379004627015e+01 9.236057376218926152e+01 1.014284390450912383e+02 9.988017781613059753e+01 1.082647310096996023e+02 1.194634980371268114e+02 1.112180956901756730e+02
4.357243593611669752e+01 3.236275848686447176e+01 5.249487272053571019e+01 6.448077684136667642e+01 6.955055033960942978e+01 5.198320788893919797e+01 3.315647323117421053e+01 2.838801243051553769e+01 2.880830008651546237e+01 2.922618832008795664e+01 4.800137464306050106e+01 4.992145658514931483e+01 3.828378603596860330e+01 3.835959490316165699e+01 5.158987522412319038e+01 3.637440310651796693e+01 5.267236758375939587e+01 5.296979210217818235e+01 5.336709728290949784e+01 3.572346632832152125e+01 5.738468663394139213e+01 6.484177363696684893e+01 4.466796212187404080e+01 5.661817936311446431e+01 5.736921927185561998e+01 3.837497156509168406e+01 5.843836588856888170e+01 6.521791247590033436e+01 5.022395151415351222e+01 5.663722194890618766e+01 6.374641516591579915e+01 7.275333123555402892e+01 8.445514642301873209e+01 9.883063521098655713e+01 1.191120644837638309e+02 1.112180956901756730e+02 9.119057743764888357e+01
2.912566878183558927e+01 4.947694749267599690e+01 6.088983176035250722e+01 6.732106348105787674e+01 5.536085454137333528e+01 4.181080640784036007e+01 2.779032737779894191e+01 4.809456963605225610e+01 4.779253822034235100e+01 3.936959790945316229e+01 2.981679601815275049e+01 3.023284559451528608e+01 3.064809975135946729e+01 3.982869786372778975e+01 4.824274230879524339e+01 3.962405552322024960e+01 3.261713053926138883e+01 3.302097177465340394e+01 3.342088997745236156e+01 3.381654249882959817e+01 5.374913444002694973e+01 5.517284404145972587e+01 5.529528364478137803e+01 3.667528299182597351e+01 3.736464667472867518e+01 5.711942753132789363e+01 5.251771004985577918e+01 7.276973883857426983e+01 6.451326856776658758e+01 5.717549234118325785e+01 6.538624045326115208e+01 7.440232679002927796e+01 8.611126650348712985e+01 1.064251815090116082e+02 1.215943490906120985e+02 1.016768769803247068e+02 8.757179044652562538e+01
2.695905486902090331e+01 4.748095041433622754e+01 5.417515280733442040e+01 4.768099394258611312e+01 4.127006464103760663e+01 2.718892449520016186e+01 3.279498834878069857e+01 5.455419013932284145e+01 5.810751126491072682e+01 3.839688230629919730e+01 5.058392086082426431e+01 3.441014624254902543e+01 4.709532263141883845e+01 3.123088122466076655e+01 3.164014769363502211e+01 3.204667753156183352e+01 4.908983908830060017e+01 5.225320214622785642e+01 5.043944589493739983e+01 5.363746858143733931e+01 3.436738800963645701e+01 3.508605810631227229e+01 3.574807110150133838e+01 5.556961104895056991e+01 5.674033539692717198e+01 6.557301031451450513e+01 7.275468343846682728e+01 8.115972441326758258e+01 8.473768860679969350e+01 6.723708883072646358e+01 6.880000474623967932e+01 8.905350611232040592e+01 1.030813592453126830e+02 1.147889914147141326e+02 1.105317645361237027e+02 1.053318012118386804e+02 8.538972596586100394e+01
4.152896315788898818e+01 4.981752037528050181e+01 3.384387851054453478e+01 2.616098934115992947e+01 2.658277789401428493e+01 3.519207211211712405e+01 5.372036043693515239e+01 5.669487392187880204e+01 6.592738810561991158e+01 4.497574198212499397e+01 5.838832949432616459e+01 3.847242164089779237e+01 5.704655671628489699e+01 5.571511108047342020e+01 5.085545827254082951e+01 3.522119620729553446e+01 4.575112293970179422e+01 5.733603168050959198e+01 6.884277996855387016e+01 6.236188744023426977e+01 5.416033927040548690e+01 3.499505147136816419e+01 5.404892578878620668e+01 6.323450539581403262e+01 6.941093109340668832e+01 7.506823317329347844e+01 8.368725739524315088e+01 9.274688773358249705e+01 9.587293561223218319e+01 8.153746833084086632e+01 8.047306113876341271e+01 9.744146005723060000e+01 1.088540101760376331e+02 1.006387580807614484e+02 9.074575162539909456e+01 1.047517486305170280e+02 9.947585170496004991e+01
2.446825178463109296e+01 4.114065774806158515e+01 2.558272059883799443e+01 4.087003995775491205e+01 2.769303655886746185e+01 4.558005659865072801e+01 6.452753086762987778e+01 7.884879352740165359e+01 7.421809403401503857e+01 5.290312393435211646e+01 6.676115280893755255e+01 5.841737327796108303e+01 4.486781161345496116e+01 6.491124057285939841e+01 6.540886896291861774e+01 5.654146119700442341e+01 4.230325146800730352e+01 5.448524824615937234e+01 7.383121452628456893e+01 6.834797278186637470e+01 4.927202493716920628e+01 3.543170534453759757e+01 3.996142258441120276e+01 4.473982486874583486e+01 4.977229221611213461e+01 5.533765179114244148e+01 6.409782110526859356e+01 7.544245974301865942e+01 9.603566474891050575e+01 1.018374471274886162e+02 1.007746119219736727e+02 1.091479236613716779e+02 1.006387580807614484e+02 8.086680556685890053e+01 7.677481212745938421e+01 9.486040787144823128e+01 9.440931700272923877e+01
2.543655739305956587e+01 2.501856552895058527e+01 3.977064502563337101e+01 4.435150927539191201e+01 2.908688552727622678e+01 4.934843942247514548e+01 5.990309926359493176e+01 7.399431162355350011e+01 8.282371568882210511e+01 6.829436059120159541e+01 7.438419394838544463e+01 7.341929634673658711e+01 5.897754307693591613e+01 5.232856239338822490e+01 7.259118414918457063e+01 7.013219734326149535e+01 4.943526631041908104e+01 7.013219734325991794e+01 8.308662390958237154e+01 6.908263181216378257e+01 5.596302580179644082e+01 3.586325052700831861e+01 5.370713856370961992e+01 6.370766274397507800e+01 6.966228585268031281e+01 7.518027707575002694e+01 6.924110677497232302e+01 8.951870256513107904e+01 1.046851771052184858e+02 1.089762227446274920e+02 1.029383927362600701e+02 1.112491924176302831e+02 1.006387580807614484e+02 8.086680556685890053e+01 6.691479013017638522e+01 7.859779517055110887e+01 8.206540925933224173e+01
3.056998380835218754e+01 4.803209225389315407e+01 5.453386686022671626e+01 4.471031778932601952e+01 4.934844117695134003e+01 3.158645338030126837e+01 4.582460802455118198e+01 6.225356798106668066e+01 7.377463655089651695e+01 8.938775675167769919e+01 9.465567617050591309e+01 8.832232322856282281e+01 7.850044060098483101e+01 5.803003270477134379e+01 7.850044060098483101e+01 7.892943757652152215e+01 6.131242942278942820e+01 7.892943757652152215e+01 7.357370600837585073e+01 6.058866856146286040e+01 4.114935270347297802e+01 4.934092915585787864e+01 3.646832996833941820e+01 5.902173410161414324e+01 7.392315990798368830e+01 8.426346803951271625e+01 8.951870256513107904e+01 9.813340801551406400e+01 1.030729276499093743e+02 8.886481939367585881e+01 8.281762851084687327e+01 9.964205505747192149e+01 9.088124593345015967e+01 8.252922298318999594e+01 7.859779517055110887e+01 5.889544362205777617e+01 7.141790796552244558e+01
3.609293971255910094e+01 5.851201328582167349e+01 7.088622772456351129e+01 6.295099615339731258e+01 4.799941618526758447e+01 5.164980624128049413e+01 3.408171175876051961e+01 4.559431782194275939e+01 6.547802625059128445e+01 7.418412934039093898e+01 8.280860834233256185e+01 9.334564311447361717e+01 8.540348213031960256e+01 6.469197813299834365e+01 8.540524404068364106e+01 9.108337536148674474e+01 8.218022437811099223e+01 7.991745799151618712e+01 6.556059669859394035e+01 4.686442584275631873e+01 5.773653844269122004e+01 5.550949181526687681e+01 3.689384815184219946e+01 4.489198375664707186e+01 5.501666004206229132e+01 6.954137992274920066e+01 9.040222710565817010e+01 1.048057663007867433e+02 8.471296470882826668e+01 7.467061636166471317e+01 7.125548893643124870e+01 9.066543466812605345e+01 8.182565699814018956e+01 6.290601904716080384e+01 6.841914789878609326e+01 6.818058650665173559e+01 5.165100069471650102e+01
5.851201328925228751e+01 4.603404043538635193e+01 6.860673996341581926e+01 7.618126250020804946e+01 6.789427894441645606e+01 5.568290571837518144e+01 3.580270284475381715e+01 4.152007631280255140e+01 4.756104035759977222e+01 5.422111951249934947e+01 6.408838182348317503e+01 8.452164976782977135e+01 9.393654211513099028e+01 7.500089964404970999e+01 9.393654211513099028e+01 9.853750729399870067e+01 8.722369767441404065e+01 7.183838504327584928e+01 5.300502000923020773e+01 6.556059325481776057e+01 6.758843806122111175e+01 5.724336358174856798e+01 3.731873509104139686e+01 5.727973087752388892e+01 7.261864467272080503e+01 7.261892037826133617e+01 9.267500783539779263e+01 9.892052106915168963e+01 7.882800217620210503e+01 6.472822841309016439e+01 6.239118506245534235e+01 8.234779775408196656e+01 7.405802988918075869e+01 5.409874445667965404e+01 4.842569044635524733e+01 4.924048567621166939e+01 5.017587374094539143e+01
7.724920121486677260e+01 6.860673996341581926e+01 5.940606693639512770e+01 8.117490208929947926e+01 7.151989949536823588e+01 5.163892237425048393e+01 3.756676272471416667e+01 5.746192575393055790e+01 6.747748405645899084e+01 7.418412739863589422e+01 8.277528623352959869e+01 9.304380502384276497e+01 1.042927888666715006e+02 9.580958843731762897e+01 1.042927888666715006e+02 9.040651479792128953e+01 7.082444667902437629e+01 5.988625199535801613e+01 7.183838504327584928e+01 7.384089240478928673e+01 5.315116158628256926e+01 4.049811381953192324e+01 3.774217379617913082e+01 5.771811751752128572e+01 5.244752605458359795e+01 6.544337606237182570e+01 7.396440737581185942e+01 8.657456556513790247e+01 8.944881682893600328e+01 6.942815300079405461e+01 5.538895425183556398e+01 6.914983454090119608e+01 6.619427993195186843e+01 4.728114523734858210e+01 6.730490200505933274e+01 5.817282945874712397e+01 7.055939521708491213e+01
8.197206483335280325e+01 8.955722539906693669e+01 7.512309150891871923e+01 8.955721191860290276e+01 7.695036599400557975e+01 5.927365485998854666e+01 3.933938824051637084e+01 5.927365465055288496e+01 6.654375693596350061e+01 7.132386892147734159e+01 7.637353057882852170e+01 8.256822755266885849e+01 8.962874375533598936e+01 9.795178330724559146e+01 1.053654999272136763e+02 8.574025243977403932e+01 7.190191510951970599e+01 7.082444667902437629e+01 8.722369767441404065e+01 8.220197047863752005e+01 7.034202741174124185e+01 6.188848348200994565e+01 5.702542803718739606e+01 3.833764580461987492e+01 5.836303612502121041e+01 4.461965863407993993e+01 5.781517365024922128e+01 7.522935316364457492e+01 8.358279105374580809e+01 8.359670872406633180e+01 6.914983454089721704e+01 4.918415771105475898e+01 4.614867141230663350e+01 6.619427993193455961e+01 7.561202558250330696e+01 6.942843191750623077e+01 8.569594917341238727e+01
7.232007644184832884e+01 8.388615719032137008e+01 9.578526526936774133e+01 8.273360162993880351e+01 6.281904489109086143e+01 4.877205554498604556e+01 5.927347921766895666e+01 4.202219650064972711e+01 4.667237640160821854e+01 5.159048130706051438e+01 5.689207447597155465e+01 6.276364129524684898e+01 6.965858821300240322e+01 8.113199358532031624e+01 1.012355203371870402e+02 9.961928015353140609e+01 9.148835434638088770e+01 9.040651479792128953e+01 9.853750729399870067e+01 8.809044890637832737e+01 7.386923622663273648e+01 6.190533562179600580e+01 4.168994264445956333e+01 5.351008403461550955e+01 3.894052915172740370e+01 3.936665668434010001e+01 5.500376763471565056e+01 5.569498569195172166e+01 7.356120517407174475e+01 7.233511895344261688e+01 6.402899552373989422e+01 4.502973332271582763e+01 4.823956119631444039e+01 6.798519447306635755e+01 8.089068418553787865e+01 8.876481600088388291e+01 9.691887595637187758e+01
5.555516103125273730e+01 7.564688736330094798e+01 8.907876528629576285e+01 8.281173807080378424e+01 6.282311608616539189e+01 6.865187941185047293e+01 6.411680193430306929e+01 4.416190671924327660e+01 6.411683350337381171e+01 7.132386892147734159e+01 7.659692012138725659e+01 8.256822755266885849e+01 8.962874375533598936e+01 9.795178330724559146e+01 1.095557217315559768e+02 1.056350479367390562e+02 9.558346336099164375e+01 8.728604089884697714e+01 8.057738531245996683e+01 7.477910108208108397e+01 5.964777809374245976e+01 4.526906188846682255e+01 6.190518741147840842e+01 5.504994989605480527e+01 5.309519446954590904e+01 5.946729261648752640e+01 3.997142076994587967e+01 4.820261417962092310e+01 6.554635248216382593e+01 6.297701943897159538e+01 4.397777810992008796e+01 6.402899552307054876e+01 6.798519447304801133e+01 5.283741137187948311e+01 7.253273898559328359e+01 8.575957570968252242e+01 1.000688073736661892e+02
4.922416575388479032e+01 6.083594717931222817e+01 8.088865644710337222e+01 9.118059043196019786e+01 8.281173787599952618e+01 7.348282181826211001e+01 5.399783219291451530e+01 4.637886016981789084e+01 6.627948538058623740e+01 7.779339246072468939e+01 9.037353511139026807e+01 9.077873434571992561e+01 9.911994982871748050e+01 1.010088210565722875e+02 1.093458115041730281e+02 9.736720832167928563e+01 7.720487347601459760e+01 6.716007414047882662e+01 6.049154429550471690e+01 5.466499930023647380e+01 4.918297135573877910e+01 6.554749914110904285e+01 6.554540993940517524e+01 6.910503137406865903e+01 7.325885305002707071e+01 6.531989360090389596e+01 4.052150266420561309e+01 4.094943790231923941e+01 6.092513940829671526e+01 4.294902465852163687e+01 6.297701943802292845e+01 5.816932341550766949e+01 7.817549540942451358e+01 7.253273898559328359e+01 5.753189993209709741e+01 7.145034404569886988e+01 9.138427053375677644e+01
5.743236884697041233e+01 5.574474651256690549e+01 6.995851058920789001e+01 8.980092344189715448e+01 8.763918364429244434e+01 6.779282910339611590e+01 7.345257415929106060e+01 6.047386022658024274e+01 4.976200239733516639e+01 6.952705052725926294e+01 7.040919415715849539e+01 7.076944070139657583e+01 8.676291532171178744e+01 8.086206795818178250e+01 1.010088210565722875e+02 1.056350479367390562e+02 9.558346336099164375e+01 8.728604089884697714e+01 8.057737645204997534e+01 7.258779472706895319e+01 5.244770086212591309e+01 7.258781114457499939e+01 8.565882628978100399e+01 8.903488853038999196e+01 7.458799642504030203e+01 6.224953900941156348e+01 4.107445521882915784e+01 5.692305006571145043e+01 4.194049917968285968e+01 6.006625916645757002e+01 7.087018345177548895e+01 7.817549541122561152e+01 8.650281818102030229e+01 8.575957566062267290e+01 6.882621508541903665e+01 6.292478433475116617e+01 7.260408908608630441e+01
