MOVIE_S9_data/elevation_000138.asc
nrows	100
cellsize	150.0
xllcorner	0
ncols	100
yllcorner	0
NODATA_value	-9999
[rows 0 to 16 of 100, columns 37 to 73 of 100]
8.614990560966622013e+01 8.614990560966376165e+01 9.449047075554665298e+01 8.949004281081462864e+01 8.111471147906235046e+01 8.786641525703760180e+01 8.976547223782638696e+01 9.814020201359807061e+01 9.983406599193814657e+01 1.082016794699788562e+02 1.193270856564372906e+02 1.195306579426511888e+02 1.112458033885586985e+02 1.112458033885586985e+02 1.143747690263298011e+02 1.165611095508436108e+02 1.248484247572627481e+02 1.123428205090454242e+02 1.039891880603828724e+02 1.075134620202003504e+02 9.915356924021396878e+01 1.002687356005040442e+02 1.086270384724691240e+02 1.229090183970064345e+02 1.040604731678776886e+02 9.569186757064903759e+01 9.569186757064903759e+01 9.569187257109065570e+01 1.040606691834340722e+02 1.134491930640396902e+02 1.050967450735583668e+02 1.077187799766605707e+02 1.160679786389768395e+02 1.159568678046626928e+02 1.076036473893265679e+02 1.049791454946550573e+02 1.133361978417408835e+02
6.596894702169883828e+01 6.596894702169883828e+01 8.284660744456813575e+01 7.783592318597297322e+01 6.094339632859678346e+01 6.765144132379289488e+01 6.952609381886153983e+01 8.330017676645248059e+01 7.958426995886790678e+01 9.842845692130579494e+01 9.911528924882939862e+01 1.112458033885586985e+02 9.120488700588195741e+01 9.120488700588195741e+01 9.434994245518228695e+01 9.654139168933842541e+01 1.057141752460702264e+02 9.735150367794190629e+01 8.372421354871249832e+01 8.744290565952209704e+01 7.887010492806609818e+01 7.998931785274891126e+01 9.434505854793185620e+01 1.082579363485313877e+02 9.569186757064903759e+01 7.543017426713993245e+01 7.543017426713993245e+01 7.543017427007748665e+01 9.569186990986180774e+01 1.017641133641669029e+02 8.482696498321560341e+01 8.746045651869503956e+01 1.077187799766605707e+02 1.076036473893265679e+02 8.730375287390981498e+01 8.466272360774446781e+01 1.016261215820968573e+02
6.596894702169883828e+01 5.439958003522072261e+01 6.715936368646141830e+01 6.420362500199026101e+01 4.941961865626615946e+01 5.346944074514952661e+01 5.791991055453573978e+01 6.308353248824611370e+01 6.979467748808559691e+01 7.885122989468052879e+01 9.911528924882939862e+01 1.095317076212796508e+02 8.945715732041561807e+01 7.692051802254421489e+01 8.008885099291471477e+01 1.002150783657869653e+02 9.735150367801672644e+01 7.708381502919336015e+01 8.302008359513727953e+01 6.718502177035816203e+01 6.718502177035816203e+01 8.744290565951450844e+01 1.023049265371726477e+02 8.799182885203373417e+01 9.602334992072333364e+01 8.136467872477072660e+01 6.116555145656943182e+01 7.543017491052566470e+01 9.569208996381492227e+01 9.339390336280852978e+01 7.309330913240383154e+01 9.339398208406259982e+01 1.065638428765143431e+02 1.063414144591373116e+02 9.324945432010370894e+01 7.289958651546774604e+01 8.681362687390073063e+01
8.284660745466854337e+01 6.715936368646141830e+01 4.714780417394278800e+01 4.422346136480241796e+01 6.420362500199026101e+01 7.357227010733093664e+01 7.808026165940624708e+01 8.330017676645248059e+01 9.005292640563600060e+01 9.842845692130579494e+01 1.074824407769687866e+02 1.036710489893583684e+02 8.356957061703764111e+01 6.926423313983197261e+01 8.356957061703764111e+01 1.036710489893583684e+02 9.735150368642679553e+01 7.708381502919370121e+01 6.281210074675482247e+01 5.822397563366234863e+01 7.838330456822077963e+01 9.076556885180411882e+01 9.217581692365878610e+01 7.365547815678242216e+01 8.764852155964121039e+01 6.741418707303571978e+01 5.583134540357821152e+01 7.003865415059149768e+01 9.027689972393953610e+01 8.727303212262847865e+01 6.700633535767245519e+01 7.793292264241966905e+01 9.820060038543684300e+01 9.796991981425510687e+01 7.766876186802662119e+01 6.653389472320927212e+01 8.681423183560897883e+01
7.579049583682298419e+01 7.550161655835999852e+01 6.067159770272215269e+01 4.073891264785901001e+01 6.067159770272215269e+01 6.691850450224902147e+01 7.271668220207725142e+01 7.943607399009874825e+01 8.781023052311037702e+01 9.792033645925427265e+01 1.096348768916636942e+02 9.800851355586210900e+01 8.505070000803326025e+01 6.486997786874454164e+01 8.505070000803287655e+01 9.360254089971081726e+01 1.015032281662142566e+02 9.139899517178113797e+01 7.349394912455639428e+01 5.340299726508257550e+01 6.221496501272810775e+01 7.649026693226755924e+01 8.379155623314250079e+01 6.359543025019591767e+01 7.402731071498723736e+01 6.566670753524712723e+01 5.138179139694256037e+01 6.554590849244310391e+01 8.575144285762119978e+01 8.165206165580704578e+01 6.148438833714482854e+01 7.571440036287714292e+01 9.598701188353884106e+01 9.575287063059734294e+01 7.544649364434211236e+01 6.121728544073248202e+01 7.516740337993952892e+01
5.567566479483105724e+01 6.630827354868019086e+01 5.795910283672132124e+01 3.806063711068657085e+01 5.795910283672125729e+01 4.690481134875172131e+01 5.263120546724672977e+01 5.927789862603436433e+01 6.932463859540712292e+01 8.954750938479033096e+01 1.013128053046533381e+02 8.115621915543245279e+01 6.949599646063076364e+01 6.077999190193997237e+01 7.980591411976179472e+01 7.409116954593419280e+01 9.360253531038553376e+01 9.025726362147179316e+01 8.015806454311960749e+01 6.812441637956828799e+01 4.810220097688819152e+01 6.812441637956828799e+01 7.615813876774586788e+01 5.609125947722908734e+01 6.566670734424020850e+01 4.565311823782661804e+01 6.566670753524712723e+01 7.983554705202963930e+01 7.960387207661466391e+01 7.124627591862289933e+01 5.714748132016256932e+01 7.121447547546259216e+01 9.145392848479404790e+01 9.610827645263979946e+01 8.978725076566517771e+01 7.516740337993952892e+01 5.507792488969179345e+01
6.630827354868019086e+01 4.630222468748100084e+01 4.059818379420057965e+01 3.544974693815979094e+01 3.943373135047797007e+01 5.935403951651905174e+01 7.271668220207725142e+01 7.943607399009874825e+01 8.781023052311037702e+01 9.792033645925427265e+01 1.047434193793126411e+02 9.474576643549291077e+01 7.725765794503614359e+01 5.678817509473914527e+01 5.995769426841668803e+01 7.179083441156167567e+01 9.164858970570456620e+01 8.188028182303364133e+01 6.169241501010782969e+01 5.171663945953361718e+01 4.471645519485403497e+01 6.038289241522256390e+01 6.872386454766322572e+01 6.668587687478077441e+01 4.682039186744533055e+01 4.199697125664886954e+01 6.194987548081093820e+01 8.080628506757975060e+01 7.124627590313977521e+01 5.171022732101656771e+01 7.124627508359151307e+01 7.678986887790252069e+01 8.509634600650257141e+01 7.563419555099865477e+01 8.038303276998800584e+01 7.579088265075442621e+01 6.777043400989933275e+01
6.972046417088367321e+01 5.808558291810653884e+01 4.977498492825397847e+01 3.285018947862748462e+01 5.271393679450545733e+01 5.935403951651905174e+01 7.946394381399719009e+01 7.906547963066017815e+01 8.746739513750253536e+01 9.762619312522947723e+01 9.650650920813521338e+01 7.646578665287391630e+01 6.639788168676267333e+01 7.191006041980796226e+01 5.181249171415562671e+01 6.598663339429207042e+01 8.621044754858435510e+01 9.025726362147521797e+01 8.015806454313923268e+01 7.178634841657071775e+01 6.038289241522256390e+01 4.048737964623207830e+01 5.629559045030699593e+01 5.682761959639893945e+01 5.072986379157033099e+01 3.849793292197118433e+01 5.248549212820176280e+01 6.757003265645175816e+01 6.755430900104013858e+01 4.866321365996569881e+01 6.273849510040043498e+01 5.750343047789785800e+01 7.662982204667115127e+01 6.088771303575087757e+01 5.964938585081058164e+01 6.532899204834879470e+01 4.743173913940137254e+01
5.557235029628309064e+01 4.142423642168238729e+01 2.989885861246563437e+01 3.341409469292378986e+01 5.314990347650130786e+01 6.228468384785554690e+01 6.828111152674696882e+01 5.888977434181733628e+01 6.889277338278498064e+01 8.923818587854719908e+01 1.047434193867625112e+02 8.656334208415610476e+01 6.640112889830922427e+01 5.482613515069657240e+01 4.882226864272497835e+01 6.296432676901548575e+01 8.315771497590274919e+01 8.909330211783887421e+01 8.578251084313399133e+01 6.602214330338098591e+01 6.296070778468775586e+01 5.154814108104735482e+01 3.648255722768852394e+01 3.706654018066500100e+01 3.765039508984176564e+01 5.749812132079259186e+01 3.936575796739791855e+01 5.925456819215143867e+01 6.078546517717019526e+01 5.437263067186435705e+01 4.484931251678463582e+01 6.242822507777121643e+01 6.381922555842822931e+01 5.115775861153628767e+01 4.499511151260855257e+01 4.568646370040652016e+01 5.776037693169042342e+01
4.481308499288590497e+01 2.738155986387705099e+01 4.725973197836667339e+01 5.312881768685437578e+01 3.859064018044515620e+01 4.251385558986969926e+01 4.839321083336540852e+01 6.235974571890174190e+01 8.257655316781911381e+01 9.762619312136887118e+01 1.000234535922474493e+02 9.489330207459164512e+01 7.758405932357423751e+01 5.743675817953940310e+01 4.593890273220637965e+01 6.235739526711282821e+01 6.890597350291788814e+01 6.890597350291788814e+01 7.052268583062011942e+01 6.092577633716692276e+01 4.618559424735362740e+01 3.567246315578478288e+01 5.546639434387912360e+01 5.551341774051090994e+01 4.027839310176136678e+01 6.007036088116479533e+01 5.436260469409229046e+01 4.023754428131156402e+01 4.085595296968941881e+01 4.147680680931178898e+01 4.210123226464841650e+01 4.274340120316088587e+01 4.338979183936478989e+01 4.404276333977436764e+01 6.449342832133076797e+01 6.613324899206796204e+01 4.693884141812145572e+01
2.491988199313408714e+01 3.195300822640954763e+01 5.184379972905647094e+01 6.656830820966443696e+01 5.247555732310122778e+01 6.228468384785554690e+01 5.083564165476804675e+01 6.224404679214627123e+01 8.247739848697526099e+01 1.000234535922474493e+02 7.973063677035916896e+01 8.345443803978622554e+01 8.595499019576686806e+01 7.421831144048438489e+01 6.227367929950099779e+01 4.240570107008068845e+01 4.886289222636953156e+01 6.722281398759032811e+01 6.181940184630088453e+01 4.292708974349008599e+01 3.485988844145499144e+01 4.287274369087504056e+01 6.291953586370166107e+01 7.006344109938147824e+01 6.110515005377813935e+01 4.401088243920132470e+01 6.302285297052097235e+01 6.015014809116338057e+01 6.031307421503421295e+01 5.110899143051096161e+01 4.908985990572855229e+01 6.314980064995874898e+01 6.381975716110586916e+01 5.068443759600903320e+01 6.994740709983484805e+01 7.558703066991883190e+01 6.727817092388791309e+01
4.252363459586220529e+01 5.184465217088251165e+01 4.449914128841298577e+01 6.448450774791463402e+01 7.246564414339734128e+01 7.918633018864915130e+01 6.068835842152761728e+01 7.079566743935737350e+01 9.087477674776165770e+01 9.780067521074089143e+01 7.751203203455574453e+01 6.332568132771209690e+01 7.269516500574327722e+01 8.101337428092936932e+01 7.067794918679348370e+01 5.888443286464373472e+01 3.900452801686850535e+01 5.561629789517349565e+01 6.135107726611125400e+01 5.315548750748803286e+01 3.428537524892408328e+01 5.409293281479756388e+01 5.715482692314977697e+01 7.751995899015712155e+01 6.414029702295475488e+01 6.414029700956216118e+01 4.794586435117842171e+01 6.852853592387148751e+01 7.816883481205802298e+01 6.539439162276723039e+01 6.343089215722076091e+01 6.025019874148134136e+01 7.828993081644135543e+01 5.918204834058979458e+01 7.840593787671153336e+01 8.116057600665294558e+01 5.192728261051840377e+01
3.510964741657813448e+01 5.505046459154372940e+01 6.448450774791463402e+01 6.448450774791463402e+01 8.459346588470441475e+01 8.930320688379720195e+01 8.090297645718717945e+01 8.930320688379720195e+01 9.944318199528800051e+01 9.427189733198011368e+01 8.524023735792421519e+01 7.269516500574327722e+01 5.272859826895584945e+01 6.417850784424533117e+01 7.251613076409316250e+01 6.722537704071153541e+01 5.561634695463751399e+01 3.580506566193110984e+01 5.242361198892342600e+01 3.347026068476138505e+01 5.148980097147186541e+01 6.197198123936659897e+01 7.753508828491210636e+01 8.592100562494636051e+01 8.481591406722264992e+01 7.174812074872957623e+01 5.088283524347565390e+01 7.174812074872957623e+01 8.545534170971214394e+01 8.712274029688587973e+01 8.246081165773195210e+01 6.822327296563128129e+01 8.734245404132255430e+01 7.367868978275352276e+01 8.783103691083128695e+01 8.626124405825667907e+01 6.830826375820115004e+01
3.940279405556594128e+01 4.524385100881094957e+01 5.938387988206895329e+01 7.946550649365921970e+01 8.007041859646371051e+01 7.745111166527620128e+01 8.581012543505963208e+01 9.746186826149615001e+01 1.002321623353055173e+02 7.993040603516845977e+01 6.571128076179134325e+01 5.684244905355336641e+01 5.026040059415980465e+01 4.432059844679709926e+01 5.856103867935903651e+01 6.687197964609775624e+01 5.994920268180852929e+01 5.163847326299234908e+01 3.265126745973728362e+01 3.647755573646590932e+01 5.597787782480178720e+01 6.785930292428101041e+01 7.484786862049391232e+01 8.319528600261783424e+01 9.241882715280395644e+01 7.174811536200324724e+01 6.014693456725491671e+01 5.595794684729938240e+01 7.701151177048734553e+01 9.101285276634047250e+01 9.593057721994111375e+01 7.934326283476829644e+01 9.593070861750125289e+01 9.567005193276247610e+01 9.647291633894316476e+01 8.071144017251323532e+01 6.061607584616718469e+01
2.892085485361837627e+01 4.305638093515547382e+01 6.306893353773627098e+01 7.418908932396747957e+01 5.994919315113228464e+01 5.734451668042665773e+01 6.892104372259242950e+01 8.910340117098959922e+01 1.029425873710400481e+02 9.427189733197853627e+01 8.524023735792465573e+01 7.685842425817301660e+01 7.018643252329982829e+01 5.856103867935903651e+01 3.877520899296025192e+01 5.345166031126181139e+01 5.085554852261929426e+01 3.186055016371152249e+01 5.163894994293737994e+01 5.600435229199502629e+01 4.212788659884865439e+01 4.729836177465012526e+01 5.423370489136252104e+01 6.890457946060651295e+01 8.919626750348125199e+01 8.113367752445027747e+01 7.510889344540781565e+01 7.701151177051413299e+01 6.160354622581630935e+01 8.263145709100632530e+01 1.019451926274909255e+02 9.910998969028082684e+01 1.073754681865083569e+02 1.054893678391569694e+02 8.833772454291644749e+01 6.816394576268088201e+01 8.071107422965039291e+01
4.865371124428779837e+01 4.891792188359875126e+01 6.895356181932032769e+01 6.584256363828653491e+01 4.585462556865793715e+01 6.584256363828653491e+01 7.844099845019135842e+01 9.700712348935284979e+01 8.272196326035857794e+01 9.700712348933902263e+01 8.469781257995643386e+01 7.309361192364623605e+01 6.475248813426726713e+01 6.687413285578051614e+01 5.345176581709076657e+01 3.372182084383328515e+01 3.106573049698236133e+01 4.500889072227759868e+01 5.994614552328733481e+01 7.085494962080505843e+01 5.214309967908149446e+01 6.797648009119771473e+01 6.797648009119771473e+01 6.890457942627635646e+01 8.919623802973514159e+01 1.015488454771280118e+02 9.567879295844410592e+01 8.755675072302589967e+01 6.666049956390271802e+01 7.302179194163360876e+01 8.512682382362515909e+01 1.053319909543345005e+02 1.113891724407726400e+02 9.152320384438351653e+01 7.720804340870090243e+01 8.833772454291644749e+01 8.264523791285994037e+01
4.258876727162148512e+01 5.553546946101868542e+01 6.155082530725672285e+01 5.323692331407725931e+01 4.014345859939867012e+01 5.005584267730384340e+01 7.008924252596352744e+01 8.797141630637833032e+01 6.843370852081807243e+01 8.797141630636298260e+01 7.633508041810644329e+01 5.627344209914157602e+01 4.439579753668153472e+01 5.299954723743961438e+01 4.931399385315064876e+01 3.026617454535491447e+01 4.246402663635398511e+01 5.774962396312235313e+01 7.329588182233347027e+01 8.109329993185301078e+01 7.273154675622539855e+01 8.109355586865275711e+01 8.832794443397622786e+01 8.919623802973514159e+01 9.748600929873016696e+01 1.093716138557382322e+02 8.931640501663993348e+01 7.732076781222086481e+01 7.424496775334266374e+01 9.366653523053540198e+01 1.019451930153052643e+02 1.135479159025567810e+02 1.113892103402077112e+02 9.152320391017029522e+01 9.734182247843266111e+01 1.054893678391569694e+02 8.678397027993815982e+01
