MOVIE_S9_data/elevation_000038.asc
nrows	100
cellsize	150.0
xllcorner	0
ncols	100
yllcorner	0
NODATA_value	-9999
[rows 0 to 16 of 100, columns 37 to 73 of 100]
9.220031428468809054e+01 8.390646161461491204e+01 8.496100133045283087e+01 9.325594391187250665e+01 1.017374012612342966e+02 9.333006770938371233e+01 9.108988278563899144e+01 9.253071625203030237e+01 1.009406136042212268e+02 1.026371038298795497e+02 9.423973203764941786e+01 9.042885371766404035e+01 9.667505309978821515e+01 1.035250824300805021e+02 1.118610448295080175e+02 1.219775815140004340e+02 1.112680970389444752e+02 1.011573569156482932e+02 9.278406620349403511e+01 8.567609214810217111e+01 8.829930617915675839e+01 9.666307776102127036e+01 1.032907727260035813e+02 9.723996002795925619e+01 1.032907727260035813e+02 1.003166961447238492e+02 9.566580632495872294e+01 8.706292190658373897e+01 9.566580632495872294e+01 9.802228354246966546e+01 1.065778426664877117e+02 1.155464524554203933e+02 1.056091831308179394e+02 9.737687967640897568e+01 1.056091831308179394e+02 1.056769788421506320e+02 9.988024112904113849e+01
7.239361443453049105e+01 6.396562535893255586e+01 6.501629572869157414e+01 7.757845754701482122e+01 8.586442748868658725e+01 7.266136149604777472e+01 7.039181649488099879e+01 7.184402339510384650e+01 8.906198039302145730e+01 9.074269123422769212e+01 7.350186218039924313e+01 6.961940726705353200e+01 7.595875338353270934e+01 8.297499443920347062e+01 9.336369474709199778e+01 1.136864701130688644e+02 1.028975269840341582e+02 8.267060542295401149e+01 7.267967958323146149e+01 6.561808193496523245e+01 6.821889829553498430e+01 8.505079012058922672e+01 8.248746533571772943e+01 7.637678195535423242e+01 8.248746533571772943e+01 7.945326436328484476e+01 7.945326436328484476e+01 6.622301840464166389e+01 8.321373682647616477e+01 7.707983593767607999e+01 9.802228354246966546e+01 1.071430307764019290e+02 8.755331643846628253e+01 7.772975320052354675e+01 9.575231615115474426e+01 8.599003583990797495e+01 8.023652442500254267e+01
6.396562535893255586e+01 5.256302288246857302e+01 5.360428838395934292e+01 5.770401476687281672e+01 7.757845754528683813e+01 7.645413975399532092e+01 5.587170416727054345e+01 5.995412710404296774e+01 8.058724856244073464e+01 7.599795035619708017e+01 6.147556946509954656e+01 7.350186218039924313e+01 9.423973203764941786e+01 1.035250824300805021e+02 1.118610448295080175e+02 1.219775815140004340e+02 1.112680970389444752e+02 1.011573569156482932e+02 9.092082770099814581e+01 7.081785203014590024e+01 5.662212318460902338e+01 7.670587728211030765e+01 8.248746533571771522e+01 6.174015817021326313e+01 8.248746533571771522e+01 7.769617109899522234e+01 5.873995456691604033e+01 5.597641124670795421e+01 6.243514821886292765e+01 7.707983593767607999e+01 9.802228354247027653e+01 9.890846730167868373e+01 7.924075097481133412e+01 6.799327224292838423e+01 7.921288798850216040e+01 8.599003583990796074e+01 6.633139068847130204e+01
8.067354955866228750e+01 6.352510428316375624e+01 4.384383606105524223e+01 5.770401476686866715e+01 7.757845749415275804e+01 6.867471033389658430e+01 4.841045040221015938e+01 6.651692024496479405e+01 7.016965956761077905e+01 5.539183065951487350e+01 7.599795035619708017e+01 9.074269123422769212e+01 1.026371038298795497e+02 9.877229597220508595e+01 1.003166822835503211e+02 1.061644704445529754e+02 9.874736925240689800e+01 8.868475822161609301e+01 8.033268388766242651e+01 7.197209104410148939e+01 5.181483139459827214e+01 7.197209104410148939e+01 7.557169628054953137e+01 5.491363305034697362e+01 6.676306852215218157e+01 6.302167953718218030e+01 4.849551891319853070e+01 6.909660982231100945e+01 8.321373682647616477e+01 9.182883930208177503e+01 9.440192697593715820e+01 1.025218117262268862e+02 9.052214478935208319e+01 7.093393741443610168e+01 5.954041890000616633e+01 7.246528804140820057e+01 7.413757752244322319e+01
7.223535753928273095e+01 5.932904376736200192e+01 3.967771204136899854e+01 5.870600501698942253e+01 6.654897212804628737e+01 5.975290621684259662e+01 4.340287227100574796e+01 4.635660451185735553e+01 4.983206774025950381e+01 5.982835764868944750e+01 7.445454527328492134e+01 9.513244364793004593e+01 9.293423920687359896e+01 7.883048588514240862e+01 8.037161259294560978e+01 8.621338825408537332e+01 9.037936050817685896e+01 7.028600726714795144e+01 6.026714359644699215e+01 5.350975695679382937e+01 4.734017562535970569e+01 6.259233682913448860e+01 7.094106352545475147e+01 6.676306852215218157e+01 4.615924153092480253e+01 4.241478696060834608e+01 6.302167953718218030e+01 7.769619781380141887e+01 8.742684936973000731e+01 8.580767838069230891e+01 7.518392555097034347e+01 9.136065276553932790e+01 9.873071677440435678e+01 8.738272912029614758e+01 7.246528804140820057e+01 5.248887231623277927e+01 6.274683635787080505e+01
5.592292068544738015e+01 5.538907490061749428e+01 3.571503908069760769e+01 5.144112735618438137e+01 5.583969847719957613e+01 3.980941552282396145e+01 5.975290622113343630e+01 6.651692024496479405e+01 5.565501384686222508e+01 7.620363150516095629e+01 8.899139158651354364e+01 9.371611157725560304e+01 8.296342045717516100e+01 6.473250499929876867e+01 6.627491597219108144e+01 8.621338825408537332e+01 9.874736925240689800e+01 8.868475822161609301e+01 8.033268388766242651e+01 7.364417045725731725e+01 6.259233682913448860e+01 4.229376886300410376e+01 5.793552596266321331e+01 5.987101401047809901e+01 5.448357461245205968e+01 3.838413975083154384e+01 5.881257940830786168e+01 6.801538667042750319e+01 6.804065800745489412e+01 6.695086799899517871e+01 6.454397936144167147e+01 8.330639071358318404e+01 8.536644321676017455e+01 7.721032437345488120e+01 7.269151548287108255e+01 6.448482160918017314e+01 4.588364914335561195e+01
3.621357510406515701e+01 4.895461471925235486e+01 3.184880451140947955e+01 3.406541520229194475e+01 3.631056915393982365e+01 5.622230224912375718e+01 6.821295327148621368e+01 8.469787496831781937e+01 7.014525466428156619e+01 7.014525466428159461e+01 9.082984704248656271e+01 8.545320188797938954e+01 6.548578881226546855e+01 5.468378235555297806e+01 7.470190591490374743e+01 8.022220328273925816e+01 8.848638252657219994e+01 8.405622902389441720e+01 7.578775697655120780e+01 7.558592653958685048e+01 7.094106352545475147e+01 5.793552596266321331e+01 3.762852438497362328e+01 4.189934025794654104e+01 3.399398875534137687e+01 5.431791521741712359e+01 5.007747799553318657e+01 4.822968976024560561e+01 6.796322255394872514e+01 5.426633190117445338e+01 6.816236353320162777e+01 7.534999016407205374e+01 7.701864464154007806e+01 5.714925875747969997e+01 6.284451452007242267e+01 4.423335770052982951e+01 6.447754829023963907e+01
4.649663948536784375e+01 2.913778488254717303e+01 4.895461472878321985e+01 5.445526648051441043e+01 4.286051211950446316e+01 5.028759303990852914e+01 6.187648613778871720e+01 8.239814018972280962e+01 9.082984704130824127e+01 9.082984704247625984e+01 9.925049778984016768e+01 8.423940576299278860e+01 6.914987738168741771e+01 4.903612022249960489e+01 6.607646291879228784e+01 6.021710541023691832e+01 8.022220328273925816e+01 7.578775697655120780e+01 5.571194527739567803e+01 5.558818163285477709e+01 5.903092312460724855e+01 5.215971113105427293e+01 5.169746764798334482e+01 3.324017510629811767e+01 5.213646954834998581e+01 3.477047181770971918e+01 3.532558408700157315e+01 5.509860736440894868e+01 6.096976493354882365e+01 4.861230598186560314e+01 5.250483572396139920e+01 6.676833773246615067e+01 6.893837962609558190e+01 5.825264737468467047e+01 4.250154941660011332e+01 6.284451446399995689e+01 5.607517621316436873e+01
2.665674437234473615e+01 3.662472636974193563e+01 5.636855262695814872e+01 7.136981976925385140e+01 5.690780216098001887e+01 5.538720677068702969e+01 7.582406386285245503e+01 9.084842527586977212e+01 9.238713741096552212e+01 8.412542571623305321e+01 9.238701503311888530e+01 7.597488929359005283e+01 5.594221492486812508e+01 4.421260436047866449e+01 4.590779105430048901e+01 6.607646291879228784e+01 7.765666611320969537e+01 6.973431574879298012e+01 6.159201435428001759e+01 4.130969895473212716e+01 4.489086772680975912e+01 3.198085155618536390e+01 3.250250979847827182e+01 4.677396831372313812e+01 6.028347686925244631e+01 5.503057003087217680e+01 5.027366649242002694e+01 3.612536550788383494e+01 5.029564928740725094e+01 4.320787276047637704e+01 4.475051812137928664e+01 5.877211038482916194e+01 5.985394261761253176e+01 3.942446629488800625e+01 6.120873272520451991e+01 7.105328710553415306e+01 7.599562761488566309e+01
4.412531847225513815e+01 4.286794372920650176e+01 5.636855262695814162e+01 7.621657049686581331e+01 7.736187208045599562e+01 7.582406386285245503e+01 7.582406386285245503e+01 9.637058648596294574e+01 8.240807431114512838e+01 6.416275553647467689e+01 8.240674655870928689e+01 8.045968238857417987e+01 7.268712597839869716e+01 5.845342148623358014e+01 3.820352637628583636e+01 5.346824192371651918e+01 6.155306517019516832e+01 5.070720548672274219e+01 5.882219179411159615e+01 5.030786518012220654e+01 3.123697884054372054e+01 5.138398012101977486e+01 3.573230691049645458e+01 5.703255872590995779e+01 7.383457778033772456e+01 6.505409982526938961e+01 4.876438015138499082e+01 5.661487446081095243e+01 3.693821259160766601e+01 3.752538722546384520e+01 3.811936934021946399e+01 3.871913130622969845e+01 3.932174791048903728e+01 4.003089057029509235e+01 6.055893855664005798e+01 6.978457466311719770e+01 8.383678889245614130e+01
5.234154340947858230e+01 6.264248410288175251e+01 7.089294948762903914e+01 7.217552951646652559e+01 6.802712629396862098e+01 7.631452887506407023e+01 8.632947337146742939e+01 8.995389126015929548e+01 7.414408455270205422e+01 5.408277762594297400e+01 6.411342876703167803e+01 6.043968289846676356e+01 8.045968032186910079e+01 6.674977778768258929e+01 5.346824192371651918e+01 3.327005381120029881e+01 4.878226932055556375e+01 3.917697511174829827e+01 4.982692754982009831e+01 3.048502363883518740e+01 5.061307305619970975e+01 4.546491150669506709e+01 5.709309784592997516e+01 4.828606368199462651e+01 6.917549337858945080e+01 6.499891768631005107e+01 6.229229170961788498e+01 4.221010586775102524e+01 5.998827443190914721e+01 5.993773086670074690e+01 4.726819454993350433e+01 5.925235971760232445e+01 5.397260633959950837e+01 6.055990861655468649e+01 4.103967931123583668e+01 5.570245443589648460e+01 7.076539634085604291e+01
6.404679853391286315e+01 6.791920460678069560e+01 6.625514969003434373e+01 5.205012161047375940e+01 4.786230793001872996e+01 5.800293270501272502e+01 7.805131988292446010e+01 8.169322428842080797e+01 6.172009586536150749e+01 5.161687349310741979e+01 4.391109013519057669e+01 5.772487505488189896e+01 6.602457985019384523e+01 6.956914932244190197e+01 5.579584037690942466e+01 4.548502260705644318e+01 2.864831089206051118e+01 2.917569166017110049e+01 2.972194752500069015e+01 4.984198188050454803e+01 5.061280047025383766e+01 6.567237229369136742e+01 6.567237237390671112e+01 6.327143912759810718e+01 6.925069061849040963e+01 8.222892798017230120e+01 6.810246820155366265e+01 4.613186404787437311e+01 6.810248756849156848e+01 7.746816671972338497e+01 6.023905703314658666e+01 7.742039825213576876e+01 7.390419006282006364e+01 5.807590564708751657e+01 6.054777430284460848e+01 4.205732666924581054e+01 5.410463499508434637e+01
6.197398452873454744e+01 4.773546898304726227e+01 5.026795174248770337e+01 3.763390507088792702e+01 5.794471711199365416e+01 7.631452887506407023e+01 8.632947337146742939e+01 8.995389126015929548e+01 7.997173716901185969e+01 7.170665678396767362e+01 5.772488331260764483e+01 3.748682649814210777e+01 5.200070086914933398e+01 5.560090261401455791e+01 4.141219395347869181e+01 2.791011779890184741e+01 4.805448839640187941e+01 4.936297132359563733e+01 3.106190131127624099e+01 5.104518546071108887e+01 6.218843527542176020e+01 7.905257555516134005e+01 8.571175758779692444e+01 8.379405755735326977e+01 8.976979986154483981e+01 8.555917053487034707e+01 6.417919553916060238e+01 5.448695338154387002e+01 5.393385832420680970e+01 7.571593485725114192e+01 8.103214056024533818e+01 8.940344996755324303e+01 8.668035300686796063e+01 7.832779732670049100e+01 7.047273405171347349e+01 6.256293370702657342e+01 4.308329305484305394e+01
5.184823245067459396e+01 3.333403269269815894e+01 2.993586797041527703e+01 5.026795174248770337e+01 6.625514969003434373e+01 7.306040262493655746e+01 8.132109683858058702e+01 7.705464552341076967e+01 6.877460960458530792e+01 6.862436859677536916e+01 6.602462533207702222e+01 5.200070086914933398e+01 3.180846428578406204e+01 4.660388254615665460e+01 2.717315949534226860e+01 4.719411167841732890e+01 5.630166076717830492e+01 5.940289232279654641e+01 5.104518970695065860e+01 3.338436302443549408e+01 5.384211664146264553e+01 6.407965101109950012e+01 6.853108993637495416e+01 7.560452308777111341e+01 8.391008987685157194e+01 9.395172356302592220e+01 8.488692142839707344e+01 6.458218245478069264e+01 7.584999289533269007e+01 6.281668519677884888e+01 7.551581359088378065e+01 9.620583159273842000e+01 1.020658848118883242e+02 9.384115414313079384e+01 8.131717938019755820e+01 6.702254034673880767e+01 4.689940616288925668e+01
3.791359818442091267e+01 2.339892631314508620e+01 4.349059048513022674e+01 5.860580030804202067e+01 5.905482456659031953e+01 5.325352418594827242e+01 7.306040262493655746e+01 6.877460960458530792e+01 4.854592188797298746e+01 4.847522720646550454e+01 5.252845414936328439e+01 4.538253854260684506e+01 4.588752172563214060e+01 2.644326907376762392e+01 4.647579596435382143e+01 3.573800634348521044e+01 5.594046945969633811e+01 7.498644563837837040e+01 6.218910766959682235e+01 5.384211664146264553e+01 3.625893264627568868e+01 5.119065214600260560e+01 4.845655635399099737e+01 5.560158720308969293e+01 6.712514451373002089e+01 8.718756886102602266e+01 9.427736158677875267e+01 7.719961331531723658e+01 9.124148872804106247e+01 7.030156659210069847e+01 9.124148872804106247e+01 1.044477878651643863e+02 9.384115414313079384e+01 7.401445346866186981e+01 7.305980654649575001e+01 5.258914383929424474e+01 6.702254076855358278e+01
1.538362804985442445e+01 3.790910771708125537e+01 5.165911537057906600e+01 4.970445074289204967e+01 3.921968635449162122e+01 5.325352418594827242e+01 7.306040262493655746e+01 6.672746666082875322e+01 5.440496797679384855e+01 3.414139546918207202e+01 3.972562464364791879e+01 2.522219882680302661e+01 2.572560259660393456e+01 4.588670989293876090e+01 5.489413902731115513e+01 5.004823950431977408e+01 4.656036703772785046e+01 6.671197829977880644e+01 7.101513610472274252e+01 5.078371541693411473e+01 5.670251908964335286e+01 3.930516001196309617e+01 5.971198048040078277e+01 7.560452308777111341e+01 8.391008987685157194e+01 9.548993935678957712e+01 1.060592650852267269e+02 9.782452845390716334e+01 9.952839899322702877e+01 8.104181637144024819e+01 9.952839899322702877e+01 1.083439448983512818e+02 9.691923778755725039e+01 7.982155964765790657e+01 5.953980344270762970e+01 7.305980654649575001e+01 8.131732900903233485e+01
1.558611751342964524e+01 3.468624303412288157e+01 4.165719881370466737e+01 2.973824178935922546e+01 4.970445074289204967e+01 6.728731051226436932e+01 7.282381382377826640e+01 5.237345464549698448e+01 3.733719228622619113e+01 2.922299291943652477e+01 2.451093239615872577e+01 4.462570101847446580e+01 4.355042488544052759e+01 3.846375002437619628e+01 5.273574856916409459e+01 7.016562689009550979e+01 5.824784967585273421e+01 7.498644563837837040e+01 7.935265118562155351e+01 7.100710625009399735e+01 6.196288005392826648e+01 4.158003900172966638e+01 5.605937173039836097e+01 7.621520991418263691e+01 9.235361577411308076e+01 9.423778063432136776e+01 9.623087227055131621e+01 1.044780478567913349e+02 1.096390467579569332e+02 1.014411610846416920e+02 1.096390467579569332e+02 1.001052611851551291e+02 8.035924201615914342e+01 6.884115736115563777e+01 7.982155964765790657e+01 8.789415709259351672e+01 7.910497385709473406e+01
