MOVIE_S9_data/elevation_000318.asc
nrows	100
cellsize	150.0
xllcorner	0
ncols	100
yllcorner	0
NODATA_value	-9999
[rows 17 to 33 of 100, columns 0 to 36 of 100]
5.222468517465790605e-02 2.005118504188517292e+01 3.959354361222463581e+01 4.680153880515994302e+01 2.793908686273236697e+01 2.999059678281056662e+01 1.016435779741997614e+01 2.326051763889212154e+01 2.361501171813102573e+01 2.392057836764493217e+01 2.241097829407871345e+01 4.836891358925621276e+00 2.196496333707990090e+01 1.786007498778877078e+01 2.630276799923240816e+01 7.023416278793053635e+00 2.456400467786079389e+01 8.134777287037129767e+00 8.528644914289607470e+00 8.923833798116607596e+00 2.700651673185834056e+01 2.940203272693020864e+01 3.024061087963053041e+01 3.319564936083627060e+01 3.118060949396732795e+01 1.243055977110929433e+01 3.233537277132595733e+01 4.274007557762036669e+01 5.567839831969954645e+01 5.656305830923790978e+01 3.662622712293607918e+01 4.024174650301688416e+01 2.561931827124798389e+01 3.692364082897464783e+01 5.679579987320939694e+01 6.990608891378217038e+01 4.989079036472675455e+01
7.333276091007127906e-02 1.161958734556747785e+01 3.147756918717443142e+01 3.740028296265059993e+01 3.344778893990693547e+01 1.405865823987943664e+01 1.313368680118411191e+01 3.165316806731988120e+00 3.541230248045246221e+00 3.917376378990827579e+00 4.298317041144320783e+00 2.426579938288897509e+01 3.032459714944799600e+01 2.644085095555679388e+01 3.075911830412945136e+01 8.543438530495983230e+00 7.578338297812967639e+00 1.811494178298774571e+01 2.649318797523967461e+01 2.244750668923168391e+01 1.214902568313921094e+01 3.183694170652499267e+01 4.291904553695724189e+01 4.866364234097517993e+01 2.874751334247731904e+01 3.233537277135943810e+01 1.477596277263470803e+01 3.460228860335990220e+01 4.513263493079706024e+01 5.932308513958357565e+01 5.672194192085450481e+01 4.533148524313194372e+01 4.533148524326059459e+01 3.150042772044998429e+01 5.130134675097372110e+01 6.648998039077345368e+01 6.990608891378217038e+01
6.343274376862209629e-02 2.001746775968417680e+01 2.638613527366510425e+01 1.708798101535271741e+01 2.170851474472672038e+01 2.188182650649233807e+01 2.635423182672886444e+00 2.234279039590720473e+01 2.334196371175604412e+01 2.378438629311898467e+01 5.224482420732702970e+00 2.074827253714184039e+01 4.137489210725868105e+01 3.594263840152613199e+01 3.278579032475224864e+01 3.349012292511075373e+01 2.798237379264834956e+01 1.473023357539074674e+01 2.304474771079195250e+01 3.388608475875852832e+01 3.183694171582549259e+01 1.547199150271218393e+01 3.508251885666413017e+01 4.651517481327010017e+01 4.876086965666203810e+01 4.284129006674371709e+01 3.460228860335428180e+01 1.725958738772836298e+01 3.111448583753227837e+01 4.749068215142902005e+01 5.765108013619740035e+01 6.531563083371223399e+01 5.130134675097372110e+01 5.130134675097372110e+01 3.820277371985874737e+01 5.813963310415898178e+01 7.505901712332611453e+01
3.497053469895897854e-02 1.213254431638371855e+01 1.635478134235063763e+01 1.363910845232668922e+00 1.735726749544623138e+00 2.107787637938239644e+00 2.197621793542533553e+01 9.709330359143953260e+00 2.936738056439398648e+01 2.758766370875177998e+01 7.644210717685751888e+00 2.778553815068566379e+01 3.968526810888796064e+01 5.008363845705854089e+01 5.299685801504605820e+01 4.151545713617122146e+01 2.310499717195811797e+01 3.283683724786607883e+01 3.198497527336861523e+01 4.845974497905979916e+01 4.317171103423892475e+01 3.508331332975770778e+01 1.891732278305499548e+01 3.842965009023640022e+01 5.689693517041285986e+01 5.130374259899301848e+01 3.242549931900533977e+01 3.688360114196758133e+01 1.964621491245904750e+01 2.960492780816825586e+01 4.358000347548557585e+01 6.334040613115071494e+01 7.136159747045262236e+01 5.813963310415898178e+01 5.813963310415898178e+01 4.663873746667582765e+01 6.668916348472586719e+01
9.635555453094322986e-02 4.673623224963833200e-01 8.384310188995622859e-01 1.005300548842505926e+01 6.489609701786085871e+00 4.623642821080959919e+00 2.427440710375791610e+01 1.505873053368066650e+01 3.492476861741000249e+01 3.570489570251190514e+01 2.778553815352632128e+01 1.146821638280367139e+01 3.143005452159190227e+01 4.348355228306328968e+01 5.498066113842653380e+01 4.989306837312733478e+01 3.571620598216485121e+01 3.571620598216485121e+01 5.151774911006071278e+01 5.347420995582341874e+01 3.420364638419671621e+01 2.295179432335467595e+01 2.553250997566332714e+01 2.943921760897839235e+01 4.875364670609967988e+01 5.953171577600438269e+01 4.900348867806366115e+01 3.009865345221140487e+01 2.134493180381888422e+01 3.166735861977283406e+01 5.092654295410952869e+01 6.406855420862554240e+01 7.403962789440770109e+01 7.826430193097296240e+01 7.379811141954290576e+01 5.369097025229803677e+01 7.379811141954290576e+01
8.845047570523793812e-02 1.898484340002751480e+01 5.873792857247035037e+00 1.049247917360970916e+01 2.726071298025722101e+01 2.428205763466081990e+01 1.318464935528606752e+01 3.328592605756917067e+01 2.321272986244506953e+01 4.310551768695019348e+01 3.968527610581875109e+01 3.143005452159190227e+01 1.529681228991304032e+01 2.681767610274522085e+01 4.672397037872707415e+01 5.905181034986494382e+01 5.551770990753692558e+01 4.948456016453596362e+01 6.406993075952092909e+01 6.165276736100118882e+01 4.522852647918603708e+01 2.590768110744598118e+01 3.243689313449856826e+01 4.875364670134940326e+01 4.519124459911983394e+01 6.460451834077572641e+01 5.500876526147953882e+01 3.976740457536262596e+01 2.307609082722586535e+01 3.700801621375605777e+01 3.644366700834006423e+01 4.583717261869852422e+01 5.968369448042332692e+01 7.991667263976293611e+01 8.218169941366890896e+01 6.527251962875465097e+01 8.218169941366890896e+01
8.023991185656004221e-02 2.008023991185620361e+01 3.043149974232057886e+01 3.335638886160186445e+01 4.421083947706531347e+01 4.163934036853768106e+01 2.484549864216199211e+01 2.745118682809698285e+01 4.310551768695019348e+01 3.259521872327628955e+01 5.245083278613810762e+01 4.348635471982026957e+01 3.523143863436963841e+01 1.938554826579592572e+01 3.088244257771061996e+01 5.078805539267803226e+01 6.492936680107922598e+01 7.008302184091184017e+01 6.898707110401949194e+01 4.957306465862688327e+01 3.855237732752971880e+01 2.890712702867581285e+01 4.816538328992177753e+01 4.270094242880698943e+01 6.199653647598715622e+01 7.288720585964941279e+01 5.771922148138027353e+01 3.798745410902507302e+01 4.266575020054880696e+01 2.558626230033518922e+01 4.520171607647616696e+01 6.279782135065138249e+01 6.279782135065138249e+01 8.300087082605449496e+01 9.384730785905642847e+01 8.544428638805563025e+01 8.672744860264852207e+01
4.598823041778624804e-02 7.434146248530091761e+00 1.504488733210634344e+01 2.535120410469553676e+01 4.385376989931896219e+01 5.322537732447347736e+01 4.484083282664677483e+01 4.165274732869434615e+01 5.606504807675280233e+01 4.010816148637548650e+01 5.992641238611641796e+01 5.337739715381041350e+01 3.346265011290554270e+01 2.423285527737169076e+01 2.527321342536099635e+01 3.673826007752028033e+01 5.666371920095927095e+01 7.158201737486864147e+01 7.732050957488864640e+01 6.244774343699521069e+01 4.317952532048349923e+01 3.211478558325912047e+01 5.132323252062275287e+01 5.373583750016194216e+01 6.199653647598715622e+01 8.177874676807111598e+01 6.593819449854372294e+01 5.604071033800322965e+01 4.091269375769630301e+01 2.741736672198653224e+01 4.705967270100156696e+01 4.288370160645695250e+01 6.118387686240006218e+01 7.537911204211474114e+01 7.876220064624072847e+01 8.721520781028392832e+01 7.841659611836990962e+01
7.340434288523949025e-02 2.007340434288488495e+01 3.378634747409810757e+01 4.189575657180162693e+01 5.194928288831608398e+01 4.901684445689100755e+01 5.730111164806594104e+01 6.212540957145218101e+01 6.802348500965659639e+01 5.158712290288876545e+01 6.802348500965659639e+01 5.337739715381042060e+01 4.909010177274910092e+01 2.920387773596342740e+01 4.515975001230931696e+01 3.189285143814344181e+01 4.335721137062564168e+01 6.331697311612594348e+01 7.945433641737714936e+01 7.071074664979076374e+01 5.471278168975553768e+01 3.553859609865001090e+01 5.471278168975553768e+01 7.328086079682127263e+01 8.165594102159977297e+01 8.087289895885290036e+01 6.923052547067912599e+01 6.052434673908919649e+01 5.002114698446354168e+01 3.048398816390337274e+01 3.071986332379631790e+01 3.311187075117622669e+01 4.698872222891461092e+01 6.229625895761974164e+01 5.859562302060346184e+01 7.830415238419824675e+01 8.672744860264852207e+01
3.515918393995972474e-02 2.003515918393960504e+01 3.987735748368023536e+01 5.237714363341012813e+01 4.409317613410416214e+01 2.901684458501337360e+01 4.563559239235684828e+01 5.646367576559860879e+01 6.520373394848475357e+01 7.131809366971776853e+01 7.936289750884979810e+01 7.333775604478948651e+01 5.441173734960189279e+01 3.450000028375170302e+01 5.441173734959934194e+01 4.076519565362081465e+01 4.124665545415532364e+01 5.120193791753514745e+01 7.119539888607033618e+01 7.569577332827076077e+01 5.827091920684965487e+01 3.910976230416366661e+01 4.860562180653519704e+01 6.214039427013187833e+01 8.192857224498598612e+01 7.245258307736806103e+01 5.235502451792027045e+01 4.089861942656951044e+01 3.500595191436660514e+01 5.018118190714120175e+01 4.457307244291590109e+01 5.284076348809977475e+01 3.675563508183440575e+01 4.238461423619129675e+01 4.982089943715828895e+01 6.133390231797984171e+01 8.154614684297601457e+01
4.608085242692564615e-02 1.159308623621934053e+01 3.159308623621898349e+01 4.083035401537630804e+01 2.409318494568868374e+01 1.746983920122371003e+01 2.899316247880198105e+01 4.803025289522452823e+01 4.542193505047840318e+01 5.952234927838827616e+01 7.940087443191571026e+01 7.072567073644786717e+01 5.074526448868424922e+01 4.150981573635833399e+01 6.146803258752913024e+01 5.071862926866880628e+01 5.274810827253065781e+01 6.946560513536572046e+01 7.945433641737714936e+01 6.737504886360432010e+01 4.806227341232613526e+01 4.419956161129329075e+01 6.340334664415027532e+01 7.626297392508585915e+01 8.787404310258548890e+01 6.763967544837333890e+01 5.345894908076103746e+01 5.876250163373178026e+01 3.890296053790277142e+01 5.876250163373178026e+01 6.450945704040428552e+01 5.365380694471051726e+01 3.968867687885995821e+01 5.105997751979789001e+01 6.987660202554305044e+01 7.830415238419824675e+01 9.001189309137538430e+01
1.610643649003322755e-02 2.001610643648967880e+01 2.529541615571259783e+01 2.801707142547241958e+01 1.254617956205048479e+01 3.254617956205118645e+01 2.312670544129564476e+01 3.129153342490360146e+01 5.142589103496751335e+01 7.029457007888521503e+01 7.860998978457722330e+01 7.898697873399089531e+01 6.973888463732784260e+01 5.146696786912914234e+01 6.973888463732784260e+01 6.225829853186505858e+01 7.274234821459633338e+01 8.099897192603766882e+01 8.135334792810380122e+01 6.158504781218137225e+01 6.158504781218137225e+01 6.340334664415027532e+01 5.226236602122119734e+01 6.584880046569334411e+01 8.577593680813242827e+01 8.198999879820540571e+01 7.356618452127027297e+01 6.301444138995739053e+01 4.307107614753714842e+01 6.301444138995739053e+01 8.219289917703727610e+01 6.277328840508693020e+01 4.284894154883124884e+01 6.277328840508693020e+01 7.112660575804028440e+01 9.143164049831820250e+01 9.957470405485273091e+01
2.022278438842990689e-02 2.646351441582875719e+00 5.295416155712952211e+00 8.017071425472062529e+00 1.434162674580887575e+01 3.434162674581043007e+01 4.315658140825913591e+01 2.998696253135798173e+01 5.001964898833959694e+01 5.021867737429184331e+01 6.441088009401208581e+01 8.449905423716469954e+01 7.973212774824673943e+01 7.146909730592918208e+01 7.973212774824673943e+01 8.225867924662112785e+01 9.050119273519220542e+01 8.739982185071511367e+01 8.980649884438696517e+01 8.135334792810380122e+01 8.135334792810380122e+01 8.005819473112191531e+01 6.329968499023917161e+01 6.584880046569334411e+01 8.577593680813242827e+01 9.008729327910742768e+01 6.980102021480124108e+01 5.561753745823703099e+01 4.833326010385444960e+01 6.836929767394329360e+01 8.043828099376074192e+01 6.023705937118823783e+01 4.615412776754115498e+01 6.615386019618732405e+01 8.016503801474965485e+01 9.188658010186227898e+01 1.017845733305779135e+02
6.642187732006160639e-02 2.006642187731970495e+01 2.529541615571259783e+01 1.956407680926437465e+01 3.434162674580344543e+01 2.503207642230604080e+01 4.503207642230920982e+01 5.001964898833959694e+01 3.754845546614919272e+01 4.911292584681273610e+01 6.330373628328189994e+01 8.339233558822131442e+01 8.313615629927144823e+01 7.553483841507255647e+01 6.726777379763916542e+01 7.553483841507349439e+01 8.154714476185020544e+01 6.739073852215317117e+01 7.926214616828424653e+01 7.926214616828424653e+01 8.755366263307554675e+01 9.161985622222344716e+01 8.314031889871796466e+01 8.577593680813242827e+01 9.426758899655051493e+01 9.608075177562440672e+01 7.574273203033446578e+01 7.417589277434647954e+01 5.406125730858897072e+01 7.417589277434647954e+01 8.043828099376074192e+01 6.023705937118823783e+01 6.615386019618732405e+01 5.162776236705169453e+01 6.317478298987874297e+01 8.341408269387117969e+01 9.800394857571784257e+01
1.591255364720534082e-02 1.415804817737828003e+01 3.415804817737983967e+01 3.956407680922092851e+01 4.784834799675891759e+01 4.503207642230920982e+01 3.917421204603748919e+01 5.917421204604814022e+01 5.171698808131132807e+01 5.391301842091578322e+01 7.399134870523444363e+01 6.680310173500835447e+01 6.313233148753128177e+01 6.540752493144543678e+01 4.689047025717319883e+01 6.540752493144543678e+01 7.154214878471277927e+01 5.324874275713804650e+01 5.925953135614003742e+01 5.925953135614003742e+01 7.926214616828424653e+01 8.437075690917968984e+01 7.608432334428478327e+01 7.608432334428478327e+01 8.437075690917968984e+01 9.591770575752265415e+01 8.850910783512938451e+01 6.823888070375981840e+01 6.823888070375981840e+01 7.045213599558145745e+01 8.889977624351186591e+01 8.043828099376074192e+01 6.317478298987874297e+01 7.172891756156158749e+01 5.916492518304969650e+01 6.921262799098605001e+01 8.352512264433755718e+01
6.189296070378335485e-02 1.420402858443460836e+01 3.420402858443389960e+01 4.518707019472392261e+01 5.347134144218612306e+01 6.248663466188055082e+01 5.917421204604814022e+01 6.745848330051073560e+01 7.179417737187198156e+01 7.399134870523444363e+01 6.094657086583811889e+01 4.680139716820452378e+01 4.898932749945916498e+01 5.707912202740619989e+01 3.631465653995373799e+01 5.707912202740619989e+01 6.324964563985476929e+01 4.325807458831023666e+01 4.512503603405063046e+01 5.925953135614003742e+01 7.926214616828424653e+01 7.282416938872522394e+01 5.608750921367815323e+01 5.608750921367815323e+01 6.763357299306440495e+01 8.762826300509198063e+01 9.699170028035737801e+01 8.850910783512938451e+01 8.850910783512938451e+01 9.074471036608099439e+01 9.923046852440150190e+01 9.188658010186215108e+01 7.324264964839306913e+01 8.782467956332791914e+01 7.936311617592255629e+01 6.991008341312834773e+01 8.422795171058082531e+01
2.247884206357958492e-02 2.002247884206322581e+01 2.885713857616876155e+01 2.518707019472321917e+01 3.420236341441764694e+01 4.759798654662011330e+01 5.588225779408231375e+01 6.742926317787623702e+01 6.979020354376507385e+01 5.824111259186258849e+01 4.995444104151172837e+01 3.265854646371855807e+01 5.265976080053146546e+01 5.015763353158874338e+01 2.958537321138737752e+01 5.015763353158874338e+01 5.569260391769502405e+01 3.571966641078377336e+01 5.569331181985025125e+01 6.225972403131946464e+01 7.068543365699177627e+01 6.453915732304410824e+01 4.454427245442218464e+01 6.453915732304410824e+01 7.622131231505861138e+01 8.776791794047232997e+01 9.349659955608802875e+01 8.509319931349321564e+01 8.509319931349321564e+01 9.349659955608802875e+01 1.051959346891911053e+02 1.020832842532825140e+02 9.358551573934920498e+01 1.020832842532825140e+02 9.871003996362516375e+01 8.422795171058082531e+01 9.871003996362516375e+01
