MOVIE_S9_data/elevation_000605.asc
nrows	100
cellsize	150.0
xllcorner	0
ncols	100
yllcorner	0
NODATA_value	-9999
[rows 0 to 16 of 100, columns 0 to 36 of 100]
8.271705653423140625e-02 1.422485268026505167e+01 3.422485267388399421e+01 4.453149043306057564e+01 4.741788015483385976e+01 5.081849947421324032e+01 4.253643464361241655e+01 2.940061039556097100e+01 3.440257135261575883e+01 5.439136754377843630e+01 6.825884739117022093e+01 7.654391342190240266e+01 8.548824077036314861e+01 9.963295524011728332e+01 8.720180319396246205e+01 7.923090528260077292e+01 8.720180319395790036e+01 9.366619995569749335e+01 8.782741063111917867e+01 8.387977844046460518e+01 8.387977844046460518e+01 9.214159270334330643e+01 8.967602155532851782e+01 8.142835355771950390e+01 8.399581554001503036e+01 9.225297440620680334e+01 9.715266017834392187e+01 8.836190343713235507e+01 9.715266017834392187e+01 8.936040439186446349e+01 8.122627805696293990e+01 7.872624860073183584e+01 8.683658400775048847e+01 9.587789425075990835e+01 8.768354990328089116e+01 8.516280069276373865e+01 9.333427269006446636e+01
7.813061968023242432e-02 2.007813061967987878e+01 3.753550736432845270e+01 2.453274061585161547e+01 2.742038518994065655e+01 3.636416569158416934e+01 2.253599736148582267e+01 4.253643464361236681e+01 5.439136754377840788e+01 4.224338024347887455e+01 4.826759615937032066e+01 5.720379377188103831e+01 7.134352628889413950e+01 8.671174305224960221e+01 7.815830446503183282e+01 6.162292608645364567e+01 7.815830446503058226e+01 7.392111066831714083e+01 6.816093262129595587e+01 6.428319010596825933e+01 6.428319010596825933e+01 8.387977844046460518e+01 7.833023648393589156e+01 6.188463739912975825e+01 6.440749856166489451e+01 8.399581554001503036e+01 8.659110602830129721e+01 6.728007394088754722e+01 8.659110602830129721e+01 8.122627805696293990e+01 6.216719267261142789e+01 5.971390956144402651e+01 7.576379853223794214e+01 8.768354990328089116e+01 6.856762734888766886e+01 6.611673828810661746e+01 8.221963933692387627e+01
2.526786264046545702e-02 2.002526786264010994e+01 2.406460314932943234e+01 1.038698830871224388e+01 1.327387365985296519e+01 1.636038851703887786e+01 2.107674744764630503e+01 4.107866222169199233e+01 5.666177279887096319e+01 6.223125835247855520e+01 6.825884739117022093e+01 6.825884739117022093e+01 8.548824077036314861e+01 7.878284552451508205e+01 6.112846805694705665e+01 5.329001596331590918e+01 7.042691568452727324e+01 7.392111066831714083e+01 5.448497491356711464e+01 5.064741160364913952e+01 6.682403734710507592e+01 7.499380945341097515e+01 7.014478377259209196e+01 5.077695877634929644e+01 7.014478377259209196e+01 7.598973804131726695e+01 6.721344897175494282e+01 5.660590925449987054e+01 7.782098868900992272e+01 8.035541140611118749e+01 6.774946953847458531e+01 4.866932716924257107e+01 6.774946953847458531e+01 7.502249030263094198e+01 6.702825636963564193e+01 5.528022631796373076e+01 6.367670288375522603e+01
4.163169627051844027e-03 2.000416316962669683e+01 6.464612612222413013e+00 2.646461261225465478e+01 2.482517980864815499e+01 3.636416569721116332e+01 4.107866222169199233e+01 2.838505433653265442e+01 4.837965987696760095e+01 6.608585453755335948e+01 7.608303457340117859e+01 8.826041877764973265e+01 8.128908369183790228e+01 7.317898881439080583e+01 6.436810668383601808e+01 4.720547253609257865e+01 5.923648593378700866e+01 7.675693509555944161e+01 6.269965245830610456e+01 4.329971298600287355e+01 4.741079413023345523e+01 6.373309026684641765e+01 6.430516481642817439e+01 4.492333234699548683e+01 6.430516481642817439e+01 6.721344897175494282e+01 4.586620854184445761e+01 6.556512122643822238e+01 7.434940094184707959e+01 7.229124178471600715e+01 5.313156371297795744e+01 4.270991945929694111e+01 6.199659015799221606e+01 6.702821758140707686e+01 4.800979209626147792e+01 6.702825636963564193e+01 7.512583170010503864e+01
5.883922493566802470e-02 2.684967882130124828e+00 2.268496788214150683e+01 3.474888387584612559e+01 4.482362164176633001e+01 5.310609276981364246e+01 5.666177279899269337e+01 4.252455697020779013e+01 3.781360931509681222e+01 4.780673937509155991e+01 6.779831099016912788e+01 8.128908370928610339e+01 7.022732881982690856e+01 5.419342859566510384e+01 5.993673360175178289e+01 4.255880741952607593e+01 5.502418137465546977e+01 6.507712915534195020e+01 6.682403734585429333e+01 4.741079413023345523e+01 3.595710262385044587e+01 4.994082015005242425e+01 5.222076894425478599e+01 3.959660704553443367e+01 5.912515220010900663e+01 6.105103146742265352e+01 3.974566933426098814e+01 4.427179427079801854e+01 6.207026943334858515e+01 7.019121814375765211e+01 5.103740947345416856e+01 3.712872375238972467e+01 5.303486497978332181e+01 5.679013431084431573e+01 4.347068630497664543e+01 6.266514989985584094e+01 6.695806970994253504e+01
1.256007409845548775e-02 4.863272574824728522e+00 2.486259900362327713e+01 3.771048938040465259e+01 4.403306376901357311e+01 5.158817639226396778e+01 5.984306530861483253e+01 6.251512872355726813e+01 5.194645228042985252e+01 6.608585453755335948e+01 7.608303457340117859e+01 7.317898881440099501e+01 5.419342859566510384e+01 4.329872546971606084e+01 5.322394310393280392e+01 4.686836795611392859e+01 3.607403235954085119e+01 5.609802260868973889e+01 7.499380867751267488e+01 6.373309020489234200e+01 4.994082015005242425e+01 2.985558753341287286e+01 3.230384274927823895e+01 4.650868999168184814e+01 6.593661836152695344e+01 6.984079833086836686e+01 5.327141317665665099e+01 3.210797616749253081e+01 5.327141317664956688e+01 6.584475638144833454e+01 5.216953179561686227e+01 3.245047505411165645e+01 3.335436610359155907e+01 3.727731083082504426e+01 4.975561804652060971e+01 6.705672680389307061e+01 5.994999467434763574e+01
9.594114293757748102e-02 2.009594109450165789e+01 1.216623999272822410e+01 1.771324190634255658e+01 2.403779686954303685e+01 3.159708129125639786e+01 4.573759855616762593e+01 6.569785023980305994e+01 7.194033580539050377e+01 6.986486010939468372e+01 6.157551518255925771e+01 6.986486010939468372e+01 7.022732881982690856e+01 5.329919429014883292e+01 3.398962723393434260e+01 2.967322890886114450e+01 4.835969475321736155e+01 6.237201525481650322e+01 7.143628344599065372e+01 5.205117678012710059e+01 4.607541533189878891e+01 2.569932029069823542e+01 4.607541387949714107e+01 6.033861001319614559e+01 6.650522140587426634e+01 5.836293977709835445e+01 4.875935324575603858e+01 2.769668579076157755e+01 4.875935315332495890e+01 5.206132100509400118e+01 3.827823836342012953e+01 2.797369595654893715e+01 4.786648083604701043e+01 5.679013431084431573e+01 6.394386364647716903e+01 6.096802986879676922e+01 5.393204741063225782e+01
7.711341127313005306e-02 2.007711341127277649e+01 3.216458115556026343e+01 3.771048938040465259e+01 4.403306376901357311e+01 5.158817639226396778e+01 5.984306530861483253e+01 6.965268723439474741e+01 6.159078133402866229e+01 5.926761671814046650e+01 3.989132945403382990e+01 5.926761671814046650e+01 7.088979287365927462e+01 5.190161107486629533e+01 4.535921521228404174e+01 2.471294303747254517e+01 4.535921521228404174e+01 6.086481945860253262e+01 6.574561598622676684e+01 4.637875433195483055e+01 3.217885497256789051e+01 2.273457909112087449e+01 3.741779062389715449e+01 5.723602870783640384e+01 5.830633213521758051e+01 3.953114210543493812e+01 4.351623746167644669e+01 2.352908595606347575e+01 3.963543219015873831e+01 4.032171269979706096e+01 2.399313179560458664e+01 4.400215205809769259e+01 5.589715485949545837e+01 5.663806191815215385e+01 4.810902017985439727e+01 4.262759129557473869e+01 4.845776188469019274e+01
2.297228869525369793e-03 2.000229722886917116e+01 3.060567993338136361e+01 3.663590682493617123e+01 4.370697463680152595e+01 5.199124588426312954e+01 6.353825126805523382e+01 6.159078133402866229e+01 4.091175221079839019e+01 4.696460785851990494e+01 2.879991945789249996e+01 5.073330126123278205e+01 5.422445167994170845e+01 5.190161107462852641e+01 3.227984278567863896e+01 2.058781982157393387e+01 3.382351710239070286e+01 5.260599754659526894e+01 5.253274162532780167e+01 4.473422631142314287e+01 3.711337869576141202e+01 2.004639216407302627e+01 4.055642110761115049e+01 5.423881543605235578e+01 5.766155961181801359e+01 3.727492617691923726e+01 2.548469135695387422e+01 3.688361419625882576e+01 1.815628171782308087e+01 2.023186085494306852e+01 4.026997677089268990e+01 5.154315116050378265e+01 5.025114911412679675e+01 4.084433921326396444e+01 3.041816574350264801e+01 3.082541715888253719e+01 4.055951755362521283e+01
9.647730019007895452e-02 5.260455095133278469e+00 1.060567993338171888e+01 1.663590682493688533e+01 2.370697463680223649e+01 3.525398002059434077e+01 5.525398002059363023e+01 5.345086560098018680e+01 4.696453968092438203e+01 2.578445087237212263e+01 2.122051651299087638e+01 4.171408245827241501e+01 3.071232440190654955e+01 3.714849144979110918e+01 3.666963926265214013e+01 1.703883923996499661e+01 3.641315401331631563e+01 3.548604997317967502e+01 3.145061282994966589e+01 2.901582742481655330e+01 1.637754384236806260e+01 3.389470004296342154e+01 3.975618615703164238e+01 3.272069385255093721e+01 3.784019430839656195e+01 3.666935876911922065e+01 1.634732100638031937e+01 1.668977161970695988e+01 1.703090364303656301e+01 3.569068766230309819e+01 4.433163755887812840e+01 4.732568547997116326e+01 2.098589282424504532e+01 1.931200584793181463e+01 1.965608503127958429e+01 1.999964969713966312e+01 2.034313302981080085e+01
3.582433992925927735e-02 2.003582433992890444e+01 3.060567993338136361e+01 3.663590682493617123e+01 4.370697463680152595e+01 5.199124588426312954e+01 5.342916898782304003e+01 3.077846515488174006e+01 3.468950732999008579e+01 3.104129287215520350e+01 1.469189627918105501e+01 2.859696046485014875e+01 1.943987371675595455e+01 2.163158990736774001e+01 2.471057736459076182e+01 3.370736367890295782e+01 1.269134153101492224e+01 1.264713801879251420e+01 2.064961899531707346e+01 1.358374319428211763e+01 1.391458676481300571e+01 1.939921747671095531e+01 2.866198794510794912e+01 1.518198217100164094e+01 1.551968247308925974e+01 1.586144552781650674e+01 2.828578706908847096e+01 3.660973466520164266e+01 3.718562424905078956e+01 1.751606873631949668e+01 3.557734848576307485e+01 3.847643783026382636e+01 1.882444722149458727e+01 3.181041564174315539e+01 3.967695754066210867e+01 4.086851210165342252e+01 4.037308621043397494e+01
1.813270376062421294e-02 2.001813270376026921e+01 3.661464887497790244e+01 4.841090725172624332e+01 4.886605251387578619e+01 3.840675200528419708e+01 3.378401666952204607e+01 2.931305222927142040e+01 9.320226771797750942e+00 9.644477554040198797e+00 9.968688784929028657e+00 1.029351312863219547e+01 1.680575617450626780e+01 2.626494708496558772e+01 3.022502920538003579e+01 3.139810239318661900e+01 1.218899237673872804e+01 2.647173123984175191e+01 1.311296081020168991e+01 1.518728799064123436e+01 2.472443775035546665e+01 1.438047529392228263e+01 1.471046510878489677e+01 2.055281539412880676e+01 2.639812750136925956e+01 2.202195757132904674e+01 2.925447455952573961e+01 4.581795305425971776e+01 4.213266879229137629e+01 2.024384405219265659e+01 1.799767248190869395e+01 1.833730072983970771e+01 3.391981239106127077e+01 2.669258688757500053e+01 3.229742671275919008e+01 4.937615284016376904e+01 5.214608422892337813e+01
2.372884694381488524e-02 8.382809643778553976e+00 2.054883229666266686e+01 3.995651180087926235e+01 3.441058078708069701e+01 1.154392523778211022e+01 8.538687906679193418e+00 8.861817271542157926e+00 1.262267400370237169e+01 2.115414117244408487e+01 2.566100394718633737e+01 2.925822850433150535e+01 1.075275936800991872e+01 1.107726169088888213e+01 1.140162077859078948e+01 1.172758485327710609e+01 2.637794940256806342e+01 3.617579781309655829e+01 3.655591934397862985e+01 3.512030660550864525e+01 3.614383657102424507e+01 1.756880482874122862e+01 3.430134485380478537e+01 2.169793982225997908e+01 3.194634617148492950e+01 2.906234369967724263e+01 4.283224219470721295e+01 5.331460541819865995e+01 4.584404753403092769e+01 3.225624636835017611e+01 3.826526610817387564e+01 1.953431301611110982e+01 3.425801689773343384e+01 4.385846699834026197e+01 4.937613229570148832e+01 4.165724227641222654e+01 5.684992868249903353e+01
8.175220331382776484e-02 2.008175220331347077e+01 3.660538385922257731e+01 3.343038160070218368e+01 1.716756490155338355e+01 8.081792214063648672e+00 1.824801646409131806e+01 2.462685769832288329e+01 2.574313235238018649e+01 1.710374722291747673e+01 2.246027828986565922e+01 3.423416732585478428e+01 3.575054821544382833e+01 2.583856627224296076e+01 3.186254516293089978e+01 1.173783429548157287e+01 1.633122554709570906e+01 2.003923268018068171e+01 2.372449607053036758e+01 4.193080143247308200e+01 4.079358854636680576e+01 2.104685907061903549e+01 4.085845868757697019e+01 4.648545601035798569e+01 4.534024187483136359e+01 4.220679754478930334e+01 3.946219334657279632e+01 5.438508126292399680e+01 5.449302984122656568e+01 4.287878527679199436e+01 2.280624934232274370e+01 4.043882277895981048e+01 2.419778310014012490e+01 3.900751896406651298e+01 6.050597608950766215e+01 5.131166165481099739e+01 6.595067884874339370e+01
9.124702163186203252e-02 2.000491492033076923e+01 3.075842443131401893e+01 2.484765206481780453e+01 7.625568165369728924e+00 2.215580526842240516e+01 1.619370116897749057e+01 3.274545033586625919e+01 2.247947785868613124e+01 3.459344569845589490e+01 3.840542940549104145e+01 3.288569735498575852e+01 4.985826904742681620e+01 4.666724619120969209e+01 4.737388335818302210e+01 3.561379796395608821e+01 1.819249518855180625e+01 3.800436171004957231e+01 4.197396214420189153e+01 2.910099099033107706e+01 4.718318741992737131e+01 4.093683583117950775e+01 2.613395150655608390e+01 4.541210164819395345e+01 5.815252316693649703e+01 6.010544060834154578e+01 4.966617757919166820e+01 6.158454486092349356e+01 5.960879264958850854e+01 4.684246600807164640e+01 2.552592456536413934e+01 4.634616132517901832e+01 2.805497500809887157e+01 4.794754957491402791e+01 6.196706629016212275e+01 6.876184637786553822e+01 7.627999990014916420e+01
2.239863785106879432e-02 2.002239863785071350e+01 1.306847232868294562e+01 7.168893235679747455e+00 2.716376504850446594e+01 3.351606607671021010e+01 2.330061529801056253e+01 3.900688007553397796e+01 3.909217597405100264e+01 2.893846926544096476e+01 4.662926155388279881e+01 5.114289519692555785e+01 5.925786451251929776e+01 5.626456155516300583e+01 3.606655454122909532e+01 2.453954419673498677e+01 3.843127827882494074e+01 3.643978953172752000e+01 4.997037993417410462e+01 4.722965316117858947e+01 3.486256736879136753e+01 5.282495616681486439e+01 4.541210164819395345e+01 3.110001546911610859e+01 5.008616971244821059e+01 6.328196898891167166e+01 6.582145528618984542e+01 6.336572803248674290e+01 4.210498320027965491e+01 2.965920560726799593e+01 4.684751011128297193e+01 5.476323109124220423e+01 4.794754957493898218e+01 3.379746001879026096e+01 4.518766520293873867e+01 5.936789156009031387e+01 8.090163731029635130e+01
1.766589122093755945e-02 2.001140222294707272e+01 2.702147701686211434e+01 6.844473197639353579e+00 2.198707488642980223e+01 4.237792421062663806e+01 3.394936820883451389e+01 4.688935338225981297e+01 5.434808413774491243e+01 4.118802483227115374e+01 3.881015628395839201e+01 4.929752564237869450e+01 6.811391243362766090e+01 6.575880688596072332e+01 4.941152419450443034e+01 2.946820647639551538e+01 4.941150931946016556e+01 5.820764131304718347e+01 6.508316136357443327e+01 5.746862953225942050e+01 3.905920080501120850e+01 5.746862953225942050e+01 5.815252316693783285e+01 5.008616971244821059e+01 3.613948989510575416e+01 4.945618841254302112e+01 6.897501956129424627e+01 7.176991319509417622e+01 5.426013855691590493e+01 3.276485234262105450e+01 4.530828753902954276e+01 6.648859445824237469e+01 5.867964797372008690e+01 3.893703445222478621e+01 4.627534487329374713e+01 5.772762484212109513e+01 7.876078563254542075e+01
