MOVIE_S9_data/elevation_000612.asc
nrows	100
cellsize	150.0
xllcorner	0
ncols	100
yllcorner	0
NODATA_value	-9999
[rows 0 to 16 of 100, columns 0 to 36 of 100]
8.271705653423140625e-02 1.422485268026505700e+01 3.422485268026434824e+01 4.489924260675203271e+01 4.790842458588985409e+01 5.132194131231592849e+01 4.307987792776456359e+01 3.029542038441900331e+01 4.261397156146242793e+01 5.878312398442049869e+01 7.015598577768193422e+01 7.861386741573612369e+01 8.883007440215519068e+01 9.901028008117911838e+01 8.870455424124915567e+01 8.016701141525348362e+01 8.870455424124915567e+01 9.124476371058558755e+01 8.538319583589900219e+01 8.054261013332170194e+01 8.054261013332170194e+01 8.883328063214781878e+01 7.703146215470449931e+01 6.874890564638462820e+01 7.135020824339895285e+01 7.962883440816031566e+01 8.132812961228681559e+01 7.313990823584032341e+01 8.132812961228681559e+01 8.662843830599715034e+01 7.867708300867641924e+01 8.214521252982635247e+01 9.014310162431301876e+01 9.351539192698534464e+01 8.550746923511229625e+01 8.550746923511229625e+01 8.368830992923038536e+01
7.813061968023242432e-02 2.007813061967987878e+01 3.902361170848551097e+01 2.485733109578924172e+01 2.785455526178210661e+01 3.691552664041774534e+01 2.318383209896106933e+01 4.307987792776793867e+01 3.801255273690477310e+01 4.379188049321889764e+01 5.011968756320055007e+01 5.993428793528373433e+01 8.037768365444883045e+01 8.835041408007502639e+01 6.981819547809820392e+01 5.946937954094283185e+01 7.836835910136916539e+01 7.121907881259764395e+01 6.535210944250671616e+01 6.053380655404545507e+01 6.053380655404545507e+01 8.054261013332170194e+01 6.555184564447435491e+01 4.891225926181144246e+01 5.147485688078857180e+01 7.135020824339895285e+01 7.142589307956835398e+01 5.332037520749334902e+01 7.142589307956835398e+01 7.579585911859419411e+01 6.009414669856695213e+01 6.352149799693868459e+01 7.927487745403092845e+01 8.550746923511229625e+01 6.585460409595212639e+01 6.585460409595212639e+01 6.398992356922673963e+01
2.526786264046545702e-02 2.002526786264010994e+01 2.666529175841959187e+01 1.068294747349286666e+01 1.366657622790957838e+01 1.683359773492100331e+01 2.201473576970063917e+01 4.209670881301315859e+01 5.782437304868138028e+01 6.347721970169477856e+01 7.015598577768193422e+01 7.861386741573612369e+01 8.883006683952933713e+01 7.981974725347889432e+01 5.914206837903120828e+01 4.917308849671618987e+01 6.981819547809820392e+01 7.121907881259762974e+01 5.135146350742656551e+01 4.662615557110537168e+01 5.582775880424363635e+01 6.407884771535161406e+01 5.729621251643182944e+01 3.802373006817298062e+01 5.729621251643182944e+01 6.670594614506028108e+01 5.875741518652364448e+01 4.369443147911713510e+01 6.322957190597603017e+01 6.736127985283100372e+01 4.912337753355186720e+01 5.263526336116951398e+01 6.570042006638162491e+01 7.356288103000485989e+01 7.161079502546733977e+01 5.171490883824719020e+01 4.984312300002972052e+01
4.163169627051844027e-03 2.000416316962669683e+01 6.641002389223994662e+00 2.666529183739920583e+01 2.785455526201531384e+01 2.843182276784640550e+01 4.209670875296851733e+01 3.021743190197745577e+01 5.027899704586226903e+01 6.901474207450876008e+01 8.070121460729885143e+01 8.138259788590275434e+01 7.279479482341933760e+01 7.279479462958509828e+01 6.293649315097086117e+01 4.236561548995371851e+01 6.293649315097086117e+01 7.368279900877288924e+01 5.974850576800118063e+01 4.017146436751277605e+01 3.636655496561581913e+01 5.582775880424363635e+01 5.148534042010594902e+01 3.272336798792434109e+01 5.148534042010594902e+01 5.578088679573595243e+01 3.964562865327062724e+01 3.721129288105925070e+01 5.643167880474942422e+01 5.952949436533625516e+01 4.027481280008065312e+01 5.225190879456391713e+01 4.668135303205059472e+01 6.570042006638097121e+01 7.968497591294720905e+01 6.223178431629040119e+01 4.246418817795031231e+01
5.883922493566802470e-02 2.755641538771316679e+00 2.276426545900945442e+01 3.495705322655579295e+01 4.790842521623096673e+01 4.850448106670795312e+01 5.679910884092556245e+01 4.440985005142618292e+01 4.031884126554604109e+01 5.207532000891234958e+01 7.237227406815411257e+01 7.279479482662354428e+01 5.213032867774089851e+01 5.213032867772425050e+01 5.762511537777155013e+01 3.722272033524252066e+01 4.461595120737286635e+01 5.914937510766834805e+01 6.386943631012373146e+01 4.419850171800140259e+01 3.061845814364200180e+01 4.425647993832877347e+01 4.647099236715445159e+01 2.808743112470746439e+01 4.647099236715445159e+01 4.162735723652058084e+01 2.928012010684560451e+01 4.210612519095187878e+01 6.127231580771313446e+01 6.736127985283100372e+01 5.225190879456391713e+01 3.264289018667155062e+01 4.668135303206780407e+01 6.570042020109663383e+01 7.441143061575569106e+01 7.036162538325409344e+01 5.581832923399494462e+01
1.256007409845548775e-02 4.868277936240691162e+00 2.495791571856695867e+01 3.823791390443765437e+01 4.490439101659662668e+01 5.333860523847259572e+01 6.352621972965855690e+01 6.444837131939110009e+01 5.578258043870495442e+01 6.901471362560725709e+01 7.562473149320119603e+01 7.295848768278536056e+01 5.213929170848540906e+01 3.784039896985694185e+01 4.908044578378232359e+01 5.062715161114702767e+01 3.066501477978539114e+01 4.461595120737286635e+01 6.513947315208125133e+01 5.817056704925057886e+01 4.425647993832877347e+01 2.494706967388080798e+01 4.201232385082300169e+01 2.371066294913932637e+01 3.607734399685619309e+01 2.330212230998287382e+01 4.162735723652058084e+01 5.592087266452523409e+01 5.193934745563771571e+01 5.683467948657418134e+01 4.749894383582311264e+01 2.847517987976487319e+01 4.816314576867376474e+01 5.798055640128344379e+01 5.469030712789738402e+01 5.480118529958877360e+01 5.484803591637618325e+01
9.594114293757748102e-02 2.009594112788082754e+01 1.223056933888317488e+01 1.786716820702896413e+01 2.436108737413963965e+01 3.376646378024393869e+01 5.067780662147722381e+01 7.236797541648799381e+01 7.751038324517284650e+01 6.907303581127509062e+01 5.384782816228982938e+01 6.907303581127509062e+01 6.675645909315839788e+01 4.908044578378232359e+01 2.933485029849926207e+01 4.133224336480455463e+01 2.702036923907380128e+01 4.058866275641534571e+01 6.095012677794404254e+01 5.423794745459674260e+01 3.476655388936287494e+01 2.111936276536287238e+01 3.547337370878334895e+01 3.514915244632896929e+01 1.697799795696530012e+01 3.606498524527425786e+01 4.890314051756711677e+01 4.365453178253602573e+01 2.975777499993498765e+01 3.580526856260756574e+01 3.908112513035150926e+01 2.462119422759282727e+01 4.423081382451787391e+01 3.790621870143642980e+01 4.918706064073393236e+01 3.532989206521062897e+01 3.533852507349168093e+01
7.711341127313005306e-02 2.007711341127277649e+01 3.247644566599336002e+01 3.823791390443765437e+01 4.490439101659662668e+01 5.333860523847259572e+01 6.310851031924757848e+01 6.064288673472346147e+01 7.076283863761405257e+01 5.935963220889203029e+01 3.823395718377983599e+01 5.935963220889203029e+01 5.676398286626672274e+01 4.565165036240222918e+01 3.732751054903452115e+01 2.235098134088082844e+01 4.133224332801004408e+01 5.503800793831970850e+01 6.283426732285197147e+01 5.459529486383335239e+01 4.861497487532653139e+01 3.547338505595683955e+01 1.587331041784411667e+01 2.526248398732298384e+01 1.150702877002004954e+01 3.066969312235917045e+01 3.279145115051409931e+01 2.859466339958099468e+01 1.644038849077954723e+01 3.341472906891824124e+01 1.939882195588427294e+01 3.444854995396229924e+01 3.443389885187531974e+01 2.632216372950994554e+01 3.975669390672604919e+01 3.752698948018178271e+01 2.197710200713905238e+01
2.297228869525369793e-03 2.000229722886917116e+01 3.333906131905848014e+01 4.205831917188886138e+01 5.362239524301578086e+01 6.789974232307454827e+01 6.130824303250341956e+01 4.446670267848370628e+01 6.130824303250341956e+01 5.043188287131895464e+01 2.836158573719085751e+01 5.043188287131895464e+01 4.841664397837065792e+01 2.903436485205882889e+01 1.858211345928373603e+01 3.722161442454765279e+01 4.900169066070483836e+01 6.231733456926230730e+01 5.459529486383438979e+01 3.461377824686750415e+01 4.043525374819122931e+01 3.516096513207746455e+01 1.168262985218011707e+01 1.113897680177405825e+01 1.206951847953919454e+01 1.185398240521107027e+01 1.214931143157736493e+01 1.249543650380474702e+01 1.285431625041935888e+01 3.091359001812995899e+01 2.121563257494877064e+01 1.421707398424374347e+01 1.457928196832211576e+01 2.857059142925523787e+01 3.441954371634601983e+01 1.873819541666454214e+01 3.765035910978320999e+01
9.647730019007895452e-02 6.421076565115892087e+00 1.308874273467115579e+01 2.313614858712660904e+01 4.433106137287008863e+01 4.882097093897806417e+01 4.897479421961347867e+01 3.240067706759769095e+01 4.330224009044140132e+01 3.452843645309704357e+01 2.158133884482782960e+01 4.345538785741195653e+01 4.978413810129151074e+01 2.916211198073967381e+01 1.596588975149804668e+01 3.415514184001953879e+01 3.612491565919566483e+01 5.483849055949018947e+01 5.619732895597258704e+01 4.033183350087001884e+01 2.017073402998510545e+01 2.391204735285202787e+01 1.064961608711011465e+01 3.061731902545161432e+01 3.265511359173530792e+01 2.191644419957703249e+01 2.534609945683964938e+01 3.101827367283586057e+01 1.594287865980535024e+01 1.335352930532649296e+01 1.371003300165613581e+01 3.140745089128719414e+01 3.388137607434848775e+01 1.509619556043699795e+01 1.546354709231001756e+01 2.837482258081788089e+01 3.622884583431475392e+01
3.582433992925927735e-02 2.003582433992890444e+01 3.333906131905848014e+01 4.205831917188886138e+01 5.275275139093442789e+01 4.704191281875073827e+01 2.864317906448570739e+01 2.345707643096751838e+01 3.447463589674158868e+01 1.368372226333780617e+01 3.452401538082938970e+01 4.022717564918490751e+01 3.490711734773746144e+01 2.930996185410549870e+01 1.344330343398912042e+01 2.058726516068401935e+01 3.679752699997208509e+01 5.683918064551299665e+01 4.544307965719305287e+01 2.806541014414125712e+01 1.234887987241158136e+01 1.016125108964633306e+01 1.695695149986443795e+01 3.642768110114302260e+01 4.780434506865842792e+01 3.627984604520745648e+01 3.945698942994731340e+01 3.749161905152001850e+01 2.175468893030447148e+01 1.513079400139332975e+01 1.581964388978633806e+01 3.138483686473346523e+01 4.051901644095543276e+01 2.515716102816445243e+01 3.557499607971499245e+01 1.598956676876838756e+01 1.636065143518755249e+01
1.813270376062421294e-02 1.416026832749169984e+01 3.416026832749240327e+01 4.890997757438106674e+01 4.059422082834504408e+01 3.805982170107989049e+01 1.847385137405416700e+01 1.501002897603972919e+01 2.697101473964455209e+01 9.709919625878274729e+00 2.677817038154663720e+01 2.283784506391064184e+01 1.092588135443798691e+01 1.037038768448756088e+01 2.610751341323375385e+01 3.409347967149245306e+01 4.288829356933204195e+01 4.402318438517430366e+01 3.637430502238643015e+01 2.359324359195943188e+01 2.534201432425968292e+01 9.824449993768705980e+00 3.096975720935349230e+01 2.747223089190431367e+01 4.671385386903234860e+01 5.565552725194735473e+01 4.819102186637142182e+01 3.106237109022367804e+01 3.680535504680712933e+01 1.729015986292974105e+01 3.634749425305422932e+01 4.365290838456717637e+01 5.082678373171710717e+01 3.981132863378297770e+01 3.521468335431429608e+01 3.997607058849278872e+01 1.968547734999502552e+01
2.372884694381488524e-02 1.416586496554838703e+01 3.416602656058493892e+01 4.002689826027597064e+01 1.868719567858723352e+01 2.527444999932529868e+01 1.236945842037766496e+01 6.376618404677448559e+00 5.198911718209111577e+00 5.519718598738559301e+00 5.840083510199199246e+00 6.159873368834743346e+00 7.901697936611374651e+00 1.935436096161457442e+01 2.595045737555416210e+01 2.823668359658993054e+01 2.805658041986936269e+01 2.305072186094227504e+01 2.722746266360851308e+01 2.891896779584537214e+01 9.352468066366633082e+00 9.947194162274486828e+00 3.706548989897675028e+01 4.671383427883845485e+01 4.105533990746896933e+01 6.037474631303653894e+01 4.901069638460773348e+01 4.339840980161835660e+01 4.648591822287303899e+01 3.806608213383103134e+01 2.029529633292795765e+01 4.108060451195166252e+01 5.457327450550714332e+01 6.085783669180728594e+01 5.171215660045533014e+01 4.067608519832765523e+01 3.652433291544680571e+01
8.175220331382776484e-02 1.684089286803464347e+01 3.692952125167947486e+01 2.831728560094824232e+01 6.429957342250675723e+00 4.069097543926458727e+00 4.411617565752952608e+00 4.741668455267795679e+00 1.893895978449076622e+01 2.355839872307342375e+01 1.111773072622621150e+01 2.522473859659691797e+01 6.616225285584445892e+00 6.940124439145342272e+00 7.264340277353814379e+00 7.588337643937493660e+00 7.912166420898461006e+00 8.234648573061839727e+00 8.557007853363909788e+00 8.881923134939690101e+00 2.539477176690455451e+01 1.347200020784928931e+01 3.347910965427932695e+01 4.596458184955426418e+01 6.037477611654722409e+01 6.855660735799989425e+01 6.829255134094809421e+01 6.256110925055096317e+01 5.603239844541110415e+01 4.377537317918289972e+01 2.290599871534417531e+01 2.534289696894504473e+01 4.622126615557577622e+01 5.997161116451218987e+01 6.978740374129424140e+01 6.697100897794544494e+01 6.571916573358060987e+01
9.124702163186203252e-02 2.009124696248766639e+01 2.610544106829719979e+01 1.720166173676729571e+01 3.559066279222041551e+00 1.782170376644951304e+01 2.054994789281865408e+01 7.225635733004613925e+00 1.458530538634410334e+01 3.074155744325731021e+01 2.748150422588219044e+01 1.333566222194064466e+01 3.152512301698832431e+01 2.865226224197948923e+01 1.817232850336452543e+01 1.180621117441000933e+01 2.432087074497483670e+01 2.792753688665754908e+01 2.038154801704708774e+01 1.003223177994352966e+01 2.983887956084777571e+01 3.347910965427932695e+01 1.803173387388384441e+01 3.779091688326276000e+01 5.048783023208729759e+01 6.186834456234722524e+01 7.359117074729240926e+01 5.364059671043261801e+01 3.906589941621777484e+01 2.676783956608782233e+01 4.377537317917951043e+01 4.621865676220532748e+01 3.090132856425726970e+01 5.167674257590638121e+01 6.582542634304843432e+01 7.732268471788448494e+01 8.119865207906825333e+01
2.239863785106879432e-02 2.002238489027541490e+01 6.568075509044416727e+00 3.010818002953751904e+00 2.281349925976818938e+01 1.703905895718692776e+01 2.907697865830123618e+01 2.578586607914843043e+01 2.157040101544465216e+01 3.608973894520138259e+01 3.713621949034975955e+01 1.764639097979741322e+01 3.756379982748608626e+01 4.428829613470222881e+01 3.389462874528367564e+01 1.605233983000340814e+01 3.358720898362701490e+01 4.216696973259738712e+01 2.548616193818556397e+01 2.985923434189572845e+01 1.490411575399828337e+01 3.484427387119517050e+01 3.779091688340191979e+01 2.260456888053623103e+01 3.399185469245649927e+01 5.367787195721594173e+01 6.577054129891637047e+01 6.229552025900954249e+01 4.202461887176669109e+01 2.970649243328767497e+01 5.059210988637108386e+01 5.995060145043001398e+01 5.167674257590638121e+01 3.711395929486534584e+01 4.914344642875612834e+01 6.911570570380079914e+01 8.261485980476848567e+01
1.766589122093755945e-02 2.000901876501362509e+01 2.029771682886732265e+01 2.608823725903962387e+00 2.245441729583988888e+01 3.320217328359044728e+01 3.541692070152952709e+01 4.162467904028665799e+01 3.450291622120154500e+01 4.537837124464316219e+01 3.137621839055585582e+01 3.761691285849144606e+01 2.539061301201873633e+01 4.522968176482010705e+01 3.892530357726247559e+01 2.032208952868504070e+01 3.892530357726247559e+01 5.381769758763413591e+01 4.558017090037422747e+01 3.845877068482291605e+01 1.866135629627900983e+01 3.845877068482292316e+01 5.048784682273554836e+01 4.231214489833497794e+01 2.762211314437049126e+01 3.748589406591010231e+01 5.741232957010765148e+01 7.053461551770891447e+01 5.361771976825706787e+01 3.287619802657735590e+01 4.774302398366836542e+01 6.780049000622730659e+01 6.583407300067709400e+01 5.758671916891088216e+01 4.437964208397533383e+01 5.458105321627728301e+01 7.438219503599101756e+01
