MOVIE_S9_data/elevation_000455.asc
nrows	100
cellsize	150.0
xllcorner	0
ncols	100
yllcorner	0
NODATA_value	-9999
[rows 34 to 50 of 100, columns 37 to 73 of 100]
8.684761416362873376e+01 9.009023184519676875e+01 7.015032059604641290e+01 7.019782610262865319e+01 5.126309562143989496e+01 7.019782610247828813e+01 7.590155582411827595e+01 7.006355212376618624e+01 8.999574353469772348e+01 9.489450988835598366e+01 7.504018279514207279e+01 6.364664899505235240e+01 7.200875692923249005e+01 8.020801197166241536e+01 7.247772660306421244e+01 6.140995136192189818e+01 4.192398633257747775e+01 5.773208512008690718e+01 3.993362805736006038e+01 4.994788810566752346e+01 4.180680213271792667e+01 6.098561139726471225e+01 6.447277018986505936e+01 4.741823255717852703e+01 6.587505092647397476e+01 7.404821842667334408e+01 6.696068201189403624e+01 4.975184585409155602e+01 6.852032669229549811e+01 7.838323798152757149e+01 8.352685839741077700e+01 7.486096904628595894e+01 5.797742814269890488e+01 5.933497551714210516e+01 7.906995023792146071e+01 8.810019133002947456e+01 6.797462168622047329e+01
9.388973927086176730e+01 9.837810263509901176e+01 8.796064001456771564e+01 6.785094056736603818e+01 5.442213996870493276e+01 6.182423767720398189e+01 8.163636061258989685e+01 8.999574353469772348e+01 9.828480912464219443e+01 1.030814697943679192e+02 9.163366231452742738e+01 8.343160879651011896e+01 8.946786833125321436e+01 7.547654637712928150e+01 6.429205188863782894e+01 4.485122096855143781e+01 6.140995135483733947e+01 6.732857198184936465e+01 5.277030777757400415e+01 4.086376066465135892e+01 5.770787944753458731e+01 4.274910672000152800e+01 5.369035056631594927e+01 4.463032213298733808e+01 6.342576279933160777e+01 6.461281413306080879e+01 4.813917999221768440e+01 6.688017152792065190e+01 6.288454467256106284e+01 8.249050215828933119e+01 9.171471354987487246e+01 7.170524253649313096e+01 7.168794468033320300e+01 7.896256912385435101e+01 6.142158164560611056e+01 8.134909489702168628e+01 6.603039439607590566e+01
1.020736997358881837e+02 9.815640393683509046e+01 7.787831840825631957e+01 6.635587485124447937e+01 5.820445070529751774e+01 7.798333304081768347e+01 7.572211050506842867e+01 9.001662259280995215e+01 1.101536570537591473e+02 1.050339550308737415e+02 8.516092213268510136e+01 8.342724668446402347e+01 7.519912734611783378e+01 6.148449098991225270e+01 4.782737229602727780e+01 5.852184603256697670e+01 7.247772645553739324e+01 7.935976569449093176e+01 6.996328025124714145e+01 6.365385155614831092e+01 4.638362870933491422e+01 6.188185393446430993e+01 4.368996090931541687e+01 6.289342465586726405e+01 4.559295302897152879e+01 4.666887347941356978e+01 6.539984268881376295e+01 7.505893964684987907e+01 8.248481644659828760e+01 9.080111135056455396e+01 1.000047582974234786e+02 9.176351021099587513e+01 9.165735797682911823e+01 8.132235399983740365e+01 8.119385856078653774e+01 6.362897579624345212e+01 8.367999524279414914e+01
1.119790819720312669e+02 1.064313564840637412e+02 9.477462750206575492e+01 8.366451469640568916e+01 6.338626703725478961e+01 6.853120914918935114e+01 8.883750443343150494e+01 1.041961425334881284e+02 1.092954138654781531e+02 9.936770500996740907e+01 8.516092213268511557e+01 6.523733982820002097e+01 5.549829186224627620e+01 5.090204357957617987e+01 5.893055665574139823e+01 7.547671931913787091e+01 8.643360717356132739e+01 9.632024467633586085e+01 7.632012303906192585e+01 6.204124755094801458e+01 5.036970907702214362e+01 7.053660080321503756e+01 6.923974226778000229e+01 5.890959077863482207e+01 6.433894459618863948e+01 4.674589856972443869e+01 5.027810687445418125e+01 6.902598941502790808e+01 8.263430242063859055e+01 9.913111251594209250e+01 1.012922253398639896e+02 1.094298174881896273e+02 1.091933075862324642e+02 9.638819376726893040e+01 7.632111471363280941e+01 8.368121072636073166e+01 7.434784799964960200e+01
9.831075066870069179e+01 1.067534623229356185e+02 1.040135910516386986e+02 8.366284883990637411e+01 6.997927769269053044e+01 8.883750443343150494e+01 8.288985406276033530e+01 1.031964026225593614e+02 1.011215162869651465e+02 8.121561285196889912e+01 7.119750602477753887e+01 6.418749811191328547e+01 7.297408021326876337e+01 5.336331061288783673e+01 7.297408021326876337e+01 7.867422967176658233e+01 9.854404995570362757e+01 9.145654285113062087e+01 7.140642152242891427e+01 5.709821869148409945e+01 7.055205029166171471e+01 7.883367661802856219e+01 8.623982975745096269e+01 7.808403164094275439e+01 6.622307855682247180e+01 4.756918298672328405e+01 6.622243004079307127e+01 5.528541640605079266e+01 7.444416729983211667e+01 7.921772063086450544e+01 8.139991024427504840e+01 9.834769017847094119e+01 1.064675646664280464e+02 1.047807634369997345e+02 9.055178599187061650e+01 1.026104587350392165e+02 8.597903344319099972e+01
7.797776747914791429e+01 9.657801842799582914e+01 1.073959576234204150e+02 8.689654120999094289e+01 8.042305320051170270e+01 9.905483018533419681e+01 1.031964026225593614e+02 1.114495748965472188e+02 1.092954138654781531e+02 9.936770500996740907e+01 9.116856456946294429e+01 8.410772910735997243e+01 7.560996466817202588e+01 5.588481157925563281e+01 7.560996466872580868e+01 8.846606798390378401e+01 1.025411003232976128e+02 9.145654295240638021e+01 7.140642152245290220e+01 7.727896609599912381e+01 6.616584363591996976e+01 8.626967102675882870e+01 9.233920391035213981e+01 8.270296945935419330e+01 6.702888238031175661e+01 4.838630497403452324e+01 6.702885549705824531e+01 7.444413292344563615e+01 6.088283645524544596e+01 6.519500252322447409e+01 7.083945799140479949e+01 7.840899682243195912e+01 8.998565931572841237e+01 1.097062797848548001e+02 1.107329223179000763e+02 1.141001367596679756e+02 1.059047880428584421e+02
6.794056334930616003e+01 8.814284905861799757e+01 9.888084656175091425e+01 1.073959576234204150e+02 9.636039300300828359e+01 1.101302243016785098e+02 1.143239393899224154e+02 1.132787645820630757e+02 1.215188400975919905e+02 1.099496483243200231e+02 9.698940160050847226e+01 7.704969058069198695e+01 6.295298170595571463e+01 7.560996466872580868e+01 6.033727724722695029e+01 7.439102532239867571e+01 9.361855368855358961e+01 9.966695933132730545e+01 9.145654295240638021e+01 9.335188936107626034e+01 7.332035092091810213e+01 9.335188936107626034e+01 8.423935259657912411e+01 6.508620550354638112e+01 5.589891942045964157e+01 4.919991358909262402e+01 6.783725976916302614e+01 7.732133087397984639e+01 8.049571177791266052e+01 8.505021807757505314e+01 9.081505501588291907e+01 8.717481458546934903e+01 1.064675646664280464e+02 1.177562555685979646e+02 1.105456398311835926e+02 1.024296177659072526e+02 9.727657394711320649e+01
6.125272665917530901e+01 6.950353876280787802e+01 8.433443837459974191e+01 1.065787463087474833e+02 1.190618667619635147e+02 1.083972716454118626e+02 9.423249446639239579e+01 9.317730244126441619e+01 1.099484558002790919e+02 1.017777047877714836e+02 8.187474434706724935e+01 7.184398803918402621e+01 7.704969058069198695e+01 8.846606798390378401e+01 7.439102532240841015e+01 6.539717811892218435e+01 8.540152035371605166e+01 9.926156695134557140e+01 1.091906848180888829e+02 9.335188936107626034e+01 8.752803755720472623e+01 1.015535175739587856e+02 9.233944788818614313e+01 8.270312712425577217e+01 6.942481125422791877e+01 5.291723719508851076e+01 5.035120895734871027e+01 6.911710292475760298e+01 6.722594131722122768e+01 8.088741962817864817e+01 1.007149863614322101e+02 1.070122674723006924e+02 1.151165976067110250e+02 1.060133461993255111e+02 9.798355467537223262e+01 8.271994284238651574e+01 8.633673557965568079e+01
5.519030360349505315e+01 6.940673345140479000e+01 8.963333384212003807e+01 1.022150187391994933e+02 1.115836708896231357e+02 9.832883864418562325e+01 7.991944264105377727e+01 8.148632276136063979e+01 1.016731800039678859e+02 1.099496483243200231e+02 1.000236708325816863e+02 8.187474434706724935e+01 9.698940160051039072e+01 1.025411106453992289e+02 9.361856465767739621e+01 8.540152089841227223e+01 7.104643279545506118e+01 8.110695374426003923e+01 1.010192164144102236e+02 1.131922021934715161e+02 1.074119113712340976e+02 9.744947505624828921e+01 8.923024076251529380e+01 8.106438532439413791e+01 7.075453301884469681e+01 5.224911575240996342e+01 5.129819000903956550e+01 5.402148816475207838e+01 7.080405426556312420e+01 8.807628779509410322e+01 8.821678021449486096e+01 9.656795402668130635e+01 1.034536919752310951e+02 9.747455803250082340e+01 7.833309867682629601e+01 8.360190519512092067e+01 6.633097904312478477e+01
5.080549813569884776e+01 6.500476473038645508e+01 8.514207518438603017e+01 8.547243195072641697e+01 1.016978005890302796e+02 9.001829254085605214e+01 6.976724744809700951e+01 9.001829254085605214e+01 1.045665510656768618e+02 1.136014285925654548e+02 1.099496483243200231e+02 1.017777047877714836e+02 1.099496483243200231e+02 1.150044806697700466e+02 9.522633053239952972e+01 8.110695374426005344e+01 7.712143404832821147e+01 9.708117280504045254e+01 1.091906848180888829e+02 1.056479530628365069e+02 1.026341542920111181e+02 8.911458451463269625e+01 6.927813736649081022e+01 7.286330925583477836e+01 5.405087550486906878e+01 7.063565643092223922e+01 7.136500489590466145e+01 5.256871950507078850e+01 7.160686907042263272e+01 6.829364538523728356e+01 6.829856905296557557e+01 8.821636094560375341e+01 8.355891753257597543e+01 8.860606861367931231e+01 7.513099281104159388e+01 6.365846195168114718e+01 8.344318646546101093e+01
4.687110320718318235e+01 6.106208786615061967e+01 8.115993956863314907e+01 7.477969453582568349e+01 9.368553161155602993e+01 8.460597307934074252e+01 6.431427902260845997e+01 7.602456511241454962e+01 9.627563866825836669e+01 9.351039737616581249e+01 1.136014285925654548e+02 1.101843126593100664e+02 1.184296614890089785e+02 1.150044806697700466e+02 9.522633053239952972e+01 1.010192165883097601e+02 8.383243434145266804e+01 1.037055421076416906e+02 1.056479530628365069e+02 8.569517345647336981e+01 8.266056588536172001e+01 8.235906263580901054e+01 7.257657566710315677e+01 5.589763718798562309e+01 7.286345872922414912e+01 8.096194130907427677e+01 7.938605133141928150e+01 6.900999710707749557e+01 5.386553501041002079e+01 5.482120011539895899e+01 7.411867573049192970e+01 7.672497373401596121e+01 6.938422229495742499e+01 7.917693483770641194e+01 6.115721656097509396e+01 6.302885328517486130e+01 7.934821072618065330e+01
4.321135705630693025e+01 5.739580478653855522e+01 7.752491939450702318e+01 6.654265329430133136e+01 8.606242229551010325e+01 7.988532846677169630e+01 5.914254618571462885e+01 7.988532846677169630e+01 7.695670487150418637e+01 9.341270132303512241e+01 1.017111371221393625e+02 9.006055578778362758e+01 1.068480225844950837e+02 1.231550819287945018e+02 1.150044806697700466e+02 1.111858271926841724e+02 9.139485312179618859e+01 1.111858271926841724e+02 1.009114654093226022e+02 8.089781114827120234e+01 6.926854418761219279e+01 6.277534261898986756e+01 5.788024759254452789e+01 7.504446364603603570e+01 7.504446364603604991e+01 9.492198228302719087e+01 8.799185069672239479e+01 6.778174246197359309e+01 7.307014127876418286e+01 7.058404600700670528e+01 5.621411993316831968e+01 5.721728357982757274e+01 5.821931360354555807e+01 5.941437467494007052e+01 7.917712796697053079e+01 8.436536105542135999e+01 6.581945248754007594e+01
3.982224302712548081e+01 5.987609436730895140e+01 7.929989844138498256e+01 5.953831810418535753e+01 7.929990989116591038e+01 7.546295242524122671e+01 5.460692997127548409e+01 7.450557753614870649e+01 6.663352123902156166e+01 7.312737143315629851e+01 8.578224496951736455e+01 7.835319208756125420e+01 9.680572080231175391e+01 1.050947632949996233e+02 1.140856907324644141e+02 1.193372484583883306e+02 1.054144250968110725e+02 1.193372484583883306e+02 1.090954328367828481e+02 9.758380198730118593e+01 8.935657673423651204e+01 8.266056588536173422e+01 7.732602311858151722e+01 6.007749129382310826e+01 7.977778096691609733e+01 9.069426791958962042e+01 9.604855276713308854e+01 8.815634153726549016e+01 8.334481343078286386e+01 6.352743944768999285e+01 7.563172096392361254e+01 7.088184746540896697e+01 7.784408500993049529e+01 6.098475758697614424e+01 7.950658906755982969e+01 9.431003293359732709e+01 8.942331477932236794e+01
3.652300616553299051e+01 5.664283566898362920e+01 6.690445508968815602e+01 5.351283540968342578e+01 7.342083929371480622e+01 6.759968041667893601e+01 5.064806249191427412e+01 5.363553881025974590e+01 5.707787090411034114e+01 6.107046035788291505e+01 6.537582337449681802e+01 7.093216738036274194e+01 7.658933774112040282e+01 8.565388175277462324e+01 9.734550973334503965e+01 1.174147012180121692e+02 1.251192244064494474e+02 1.226615467732598290e+02 1.144972158805781390e+02 1.124473223865182803e+02 1.042681564704237331e+02 9.418939590944194151e+01 8.228433695464076436e+01 6.238916558230268805e+01 6.336090993660677384e+01 7.818227809563963149e+01 9.314656032011151865e+01 9.275753248690770647e+01 7.279014006493841293e+01 8.334481343078286386e+01 9.157783419990795437e+01 9.085279050261257794e+01 8.294842366820638802e+01 6.302287813974691488e+01 7.452251225407523805e+01 8.865359993459422583e+01 1.084675336098025724e+02
5.664252914590381494e+01 3.842867143004454533e+01 5.855121437479910185e+01 4.794374625305267301e+01 6.455591787498164535e+01 4.756673825311317927e+01 6.759967789584131026e+01 7.450557753000825301e+01 7.793436385621637896e+01 8.170096065051322398e+01 8.578224496951736455e+01 8.207863476633353628e+01 9.680572080231175391e+01 9.091128349637168071e+01 1.110361512888703146e+02 1.256347072622235004e+02 1.223657525363660881e+02 1.135228862413272708e+02 9.467028433335180182e+01 9.830859402129188140e+01 8.431693247877988995e+01 8.594697134647259418e+01 6.588589658346739952e+01 8.228433695464076436e+01 8.324377078374870109e+01 6.688867455387160987e+01 8.690206939144427167e+01 1.002979818020341014e+02 8.034782814052243793e+01 1.002979818020341014e+02 1.090895491958173267e+02 9.764767416737123540e+01 8.559958838495444411e+01 6.558368491176186410e+01 6.898137784411484574e+01 8.897747958168648097e+01 1.036243262336187883e+02
6.689615185408747777e+01 5.855121425258464285e+01 4.035494169707175871e+01 6.047865225014382418e+01 4.440966956671680776e+01 4.622301576842114201e+01 6.638028156133951541e+01 7.734051483166612684e+01 8.178500038106238890e+01 9.012395166526194146e+01 1.002165120021426361e+02 1.022614205798502383e+02 1.105327217839863465e+02 1.110361512888703146e+02 1.192782430936275375e+02 1.281454632360492951e+02 1.084326782897201156e+02 9.440215399970884391e+01 8.543447675050414603e+01 7.826431775994049644e+01 7.262315721764662158e+01 6.972417100483080787e+01 7.657434804726639754e+01 9.329077654626824767e+01 8.955815438981140630e+01 6.950515240612699586e+01 8.955815438981230159e+01 1.084971929020351240e+02 9.448327103526013104e+01 1.084971929020351240e+02 1.009168953987290678e+02 8.106012249176257001e+01 6.943163300248784253e+01 8.559958838500507738e+01 8.897747958168648097e+01 7.552296359963486339e+01 9.543923148579231963e+01
6.844869833800457570e+01 6.879972075013647270e+01 6.041989260861121380e+01 4.236481357668532155e+01 6.249933118063029269e+01 6.638094020391038441e+01 4.882023809899419575e+01 6.899141667063636874e+01 6.155797677105336163e+01 7.167044058800730966e+01 9.189956017411766709e+01 1.094163927438952300e+02 1.040208683430299175e+02 1.114474933071114435e+02 1.198174694690027025e+02 1.300483379749917674e+02 1.223657525363660881e+02 1.135228862413272708e+02 9.792664213967893261e+01 7.787492897655761226e+01 9.274931206728166444e+01 7.983633812776318450e+01 9.503821581583008538e+01 1.034133681934361562e+02 9.228630936792944794e+01 7.223854646106730115e+01 8.648122052729681286e+01 1.063010335799446011e+02 1.143359353964567049e+02 1.077526444764669122e+02 8.795456754028415958e+01 7.381272620447134614e+01 7.846512920584456197e+01 9.761999148445472940e+01 1.036243262336187456e+02 8.448255765591054001e+01 8.448255765590381827e+01
