MOVIE_S9_data/elevation_000586.asc
nrows	100
cellsize	150.0
xllcorner	0
ncols	100
yllcorner	0
NODATA_value	-9999
[rows 68 to 84 of 100, columns 0 to 36 of 100]
5.009162696260269221e-02 1.419222725069342772e+01 3.419222725069271718e+01 4.438225488331555368e+01 5.266652613077775413e+01 5.206900960516963295e+01 3.809770418184751861e+01 3.396808066042187590e+01 5.384704333894095640e+01 6.348250005544401375e+01 5.514036145106440756e+01 3.919667929930575667e+01 5.146054613809550204e+01 7.151778283207870857e+01 8.273795570124782728e+01 8.831567657875793032e+01 8.066046131179417955e+01 8.620905050903243705e+01 9.206769843158940603e+01 7.857755408477305537e+01 5.975450202739048677e+01 4.704504441655156910e+01 5.977972927650050394e+01 7.947131499011983635e+01 8.179284845549805993e+01 6.505819638543161432e+01 5.172237124400713526e+01 3.263528072352278997e+01 4.168471777382483623e+01 5.561782657974941202e+01 6.884305218368378121e+01 5.611198717454775675e+01 3.616207535911118498e+01 5.214604732333079795e+01 6.047144604906645071e+01 6.564728275881579123e+01 5.334468389207169281e+01
4.695337527364121244e-02 2.004695337527328647e+01 3.024011925958400582e+01 2.438225488331485025e+01 4.438225488331555368e+01 5.453973022891146627e+01 5.793379953895539103e+01 4.806749729476827326e+01 4.806749729476827326e+01 6.780010178314257985e+01 6.730140389834102166e+01 5.037423772823380830e+01 5.891226667865905142e+01 7.917593634170323469e+01 7.878355001045581218e+01 7.030782610393573862e+01 5.879576086113462452e+01 7.449178166752379582e+01 8.280802263205478653e+01 7.049372448882252229e+01 5.079232728878631775e+01 3.975227369200042915e+01 5.975450198059525775e+01 7.589279744476802136e+01 6.182195572377437287e+01 6.919559457944701819e+01 5.999962917323231437e+01 4.739999639501456841e+01 2.848693539595763724e+01 4.341277225171995724e+01 5.157337207588881256e+01 6.448556560611987720e+01 5.214604732333079795e+01 3.215200232558045457e+01 4.829819175162809586e+01 4.570213740876469899e+01 3.730999886918745290e+01
7.614146464036156137e-02 5.076141464640381962e+00 1.024011925958364877e+01 1.731118707144925040e+01 2.625545898144856594e+01 4.039759460518001788e+01 6.039759460518072132e+01 6.780010178314257985e+01 6.780010178314257985e+01 7.586997544562107976e+01 7.897942111404401544e+01 7.057543112318694511e+01 6.995648164658294377e+01 7.803584668600370833e+01 7.030792023341349761e+01 4.880172881821167152e+01 4.367406099788881590e+01 6.195202180519351742e+01 6.195201879256342181e+01 6.836013502115231688e+01 4.862827221967877733e+01 3.392827770936526122e+01 5.440760103202885745e+01 6.768450263990375504e+01 4.784191603458490505e+01 4.931859982534725617e+01 6.337387688809498343e+01 5.561549372284856929e+01 4.341274385743393083e+01 2.450903406467601897e+01 3.774989929248389586e+01 5.708415695085420793e+01 6.047143291989447533e+01 4.829818999850808581e+01 2.835765720620850772e+01 2.579707977389396945e+01 2.326527528318219140e+01
2.352828262072655108e-02 2.002352828262037221e+01 3.024011925958400582e+01 3.731118707144995739e+01 4.559545831891215073e+01 5.453973022891146627e+01 6.336707328613402979e+01 7.161640357539802437e+01 7.451104122811877062e+01 6.644505442881840906e+01 7.451104122811877062e+01 6.675327110012349863e+01 5.039929351615813147e+01 6.675043812430045875e+01 7.506289270217065734e+01 5.333714952314483071e+01 3.258184964491261582e+01 4.007348213016424410e+01 6.195200198425060734e+01 6.368444341198098613e+01 4.405081373439065118e+01 2.892021287928446682e+01 4.396625065385572384e+01 5.225387360737919096e+01 5.514043679921362440e+01 3.581795708728185446e+01 4.650120889756945530e+01 4.204272377319011866e+01 3.711990624555364349e+01 2.175286484602902348e+01 3.512781762635240312e+01 5.437700325351451625e+01 6.262626880219124814e+01 5.661766386656034911e+01 4.829819175175643409e+01 4.570215234940409488e+01 3.968204370153524252e+01
6.786455232800275850e-02 1.161486993612041729e+01 2.575700555985111606e+01 4.575700555985040552e+01 5.751232161966144218e+01 4.925404668729581914e+01 4.340823966392477473e+01 6.336707328613402979e+01 6.483795094268511150e+01 4.715141028467984796e+01 6.483795094268518255e+01 5.851656353975951674e+01 3.844933576387157359e+01 4.904926683871686066e+01 6.698783673560217267e+01 4.811481526219395732e+01 2.612636461803141330e+01 4.811481520775250686e+01 6.236062244253302111e+01 5.485650069541419782e+01 5.584932319212056484e+01 4.395517544679873367e+01 2.227996344575043253e+01 3.832967224608213286e+01 4.673880390152336872e+01 4.650120889366490928e+01 2.748972864152559836e+01 2.230793038519391658e+01 1.791754182062319600e+01 3.612433960814669121e+01 4.514701523317722831e+01 4.567769117535591050e+01 3.620972237656521742e+01 3.975217508997241112e+01 4.005474252558010306e+01 4.670820019435094395e+01 4.725896006863827381e+01
3.257643153035955086e-02 2.002342075598946636e+01 2.997245585638169274e+01 3.460652027525031116e+01 3.980641056768067187e+01 2.921258398820733859e+01 4.340823966392477473e+01 6.336707328613402979e+01 5.679823235674910364e+01 3.725771675001660554e+01 5.679823235674910364e+01 5.076757963474864965e+01 2.957149304966590009e+01 5.076757963474864965e+01 6.190376933275105387e+01 3.706899555107133892e+01 2.177025607823915010e+01 4.229433727197552884e+01 5.209013276379405255e+01 3.642288978321175108e+01 4.533350214649452425e+01 5.111805367433416336e+01 3.832967224608213286e+01 1.624566366351107050e+01 3.307776735081944963e+01 4.099680055166621884e+01 4.383571972581510323e+01 3.085838678296335402e+01 1.527452040986653969e+01 2.611709050908372731e+01 3.350981781985502295e+01 2.886557601024250275e+01 1.455866741489768756e+01 1.490454145357790949e+01 2.037180218517254460e+01 3.399101255012543277e+01 3.615005193946829110e+01
1.880098487986705744e-02 2.001880098487951187e+01 9.916545787947624646e+00 1.450858120880076640e+01 1.969588037470284192e+01 3.134180201473113669e+01 5.136928088707998796e+01 6.246589465728791879e+01 5.027797702599930574e+01 3.056775722459610023e+01 5.028472715450495656e+01 4.477746825466130076e+01 2.316903885519334949e+01 3.769562127396357454e+01 5.724188649688915120e+01 3.848199640285918122e+01 1.820195529744244212e+01 3.848199388130213805e+01 4.434908888071769439e+01 2.594644149854850923e+01 4.190634201689906746e+01 4.049225420994766722e+01 3.332332266636278462e+01 1.164406837925659666e+01 1.130218078890952604e+01 3.077345793032561616e+01 3.194203579857359898e+01 2.474704506847178820e+01 1.302630729909291496e+01 1.337592774703515275e+01 1.372369629200053964e+01 1.406998370013640631e+01 1.883710080259001529e+01 2.811429796902637079e+01 1.539715503100493521e+01 1.575057654568209919e+01 1.610766578886461176e+01
2.900726248362994752e-02 3.742914026024675156e+00 1.129093452555399857e+01 3.111146441171848664e+01 3.118576233149147825e+01 4.747082876406833662e+01 5.962608683994305636e+01 5.440025415150430632e+01 3.478912421636655949e+01 2.478577781265023106e+01 3.799051116734339928e+01 3.922319677963795215e+01 1.823662569128247313e+01 3.922293928771081539e+01 4.704151373610746845e+01 3.359623409903906577e+01 1.486418169950932011e+01 3.180448811224396266e+01 3.495674948482253797e+01 1.827765629377523382e+01 2.847669225433457285e+01 1.006269382869060713e+01 1.040424565751309416e+01 1.076700802593136608e+01 2.010994807919723826e+01 1.182346060833823032e+01 1.218213933396029702e+01 1.253425355197265212e+01 3.241143285458699808e+01 1.944451522620716588e+01 2.720622374942284338e+01 2.813170916972986646e+01 3.338827113012548153e+01 1.946245533220124813e+01 3.626849049982192241e+01 3.573144115103747254e+01 3.311781408859584985e+01
5.081304048347550645e-02 2.005081304048312063e+01 3.111146441171846178e+01 2.511576463461049968e+01 4.295252521316231054e+01 5.695233859977748381e+01 6.483422657201600714e+01 6.246845358631108525e+01 5.266895456755507610e+01 3.799051116734278111e+01 1.821636134046263322e+01 3.188807543610845130e+01 1.441845032973158247e+01 2.991838228511182507e+01 3.618136592732115275e+01 2.363135073364016137e+01 1.148027192107315742e+01 1.719128029356204124e+01 2.426099211637164643e+01 1.082304010673185068e+01 9.569037247392934376e+00 1.056735611637538241e+01 2.430964044831202742e+01 2.890334636102475940e+01 3.326730299069869545e+01 2.789442683925011579e+01 3.203093473962437798e+01 1.502116496078400054e+01 3.458979928706449414e+01 4.472875946179941309e+01 3.913658448386448185e+01 3.943228393708758972e+01 2.443923295093933490e+01 3.796650176268573773e+01 2.637450449604002500e+01 4.613274180418354575e+01 4.532598420490306523e+01
4.469920835086939326e-02 1.418683483208194396e+01 3.418683483208264562e+01 4.435729868385811869e+01 5.240126471654970430e+01 5.899460451819388140e+01 4.521202761865838937e+01 4.675125502054093118e+01 3.804706244311772423e+01 3.745830696699716356e+01 3.158423084092865096e+01 1.223873755760244464e+01 1.069440033901733145e+01 1.400734146403773295e+01 2.664231290544052655e+01 1.199449071098080921e+01 7.985262334030110765e+00 8.336410368907110069e+00 8.688680927735742188e+00 9.040878855827486404e+00 2.589301276026033349e+01 1.365326253586928829e+01 1.626808642136393246e+01 2.101838492268102954e+01 3.819513203203398888e+01 4.937177826361492805e+01 4.176595601485326625e+01 2.196329030138313243e+01 3.771401647315715167e+01 5.937618232453633027e+01 4.757054673262823741e+01 2.985060745060677689e+01 4.266979049387170164e+01 4.990018721478966768e+01 4.035598978394064318e+01 3.506120824471270936e+01 5.518552654000014712e+01
2.324776005098762310e-02 8.188213569328464558e+00 1.818821356966248359e+01 3.233035015482072083e+01 5.233063175305736081e+01 4.903654282338720094e+01 3.064905059135173104e+01 3.570067285876575625e+01 1.874256874935479189e+01 1.934651835700944744e+01 2.456351639297146505e+01 2.087990382036996095e+01 6.481061689726794306e+00 6.812484460947841214e+00 7.150823663052904067e+00 7.493740667116772336e+00 2.713053286602468361e+01 3.047574884153211627e+01 2.662217726961081254e+01 1.202644906463806862e+01 1.041849005101395420e+01 3.047876313620960431e+01 3.670908080863036105e+01 3.821376515591073542e+01 2.779216550786813400e+01 4.445552761057281543e+01 5.025381293859216214e+01 3.350557313905293455e+01 5.025419546023309181e+01 5.633931680861347502e+01 3.880240776508464506e+01 4.757086293715493497e+01 3.750774127034218708e+01 5.505157152487635130e+01 6.025754259531230872e+01 4.226770070149171943e+01 6.225198568431883928e+01
8.699724428260374731e-02 2.008699724428089084e+01 3.647298396923358865e+01 4.647382637320633592e+01 5.718963085633019006e+01 4.082376278192821673e+01 2.054569365657130220e+01 2.730548771461895186e+01 6.337731507777626838e+00 5.379693835415108261e+00 5.700359106029337930e+00 6.021265718641150677e+00 2.424308507474523111e+01 1.002172115091376803e+01 1.218794516591701971e+01 1.143755780349896867e+01 1.844777169134145112e+01 3.741208270421485338e+01 3.944855872965268162e+01 3.365733317590927243e+01 2.967432930055891305e+01 1.175423399596177276e+01 2.829091523153457999e+01 4.999790311696605016e+01 4.445552761057281543e+01 3.497716517122309909e+01 4.158754697086706642e+01 5.351353333687235647e+01 6.181599410064091416e+01 6.364701306839046424e+01 4.602010816359515388e+01 6.086423769056770539e+01 4.342626509462564144e+01 6.086423763688969757e+01 7.001015573279184423e+01 5.259613680489679410e+01 7.001666799192298640e+01
2.249585233037712170e-02 1.002249603894871832e+01 2.416477552777603677e+01 4.417430933793210812e+01 4.893549840080392954e+01 2.777964399645257032e+01 2.353628512289737884e+01 1.084981516931935630e+01 4.926054794568726081e+00 2.494229605733391963e+01 2.470790361155810189e+01 7.787793175447847993e+00 2.628105036198754618e+01 1.339918135225238061e+01 3.201933822827238174e+01 3.047096826731125674e+01 3.742942466081183994e+01 3.397689940215281723e+01 5.195606538798892871e+01 4.828336829752708326e+01 3.275888221845949033e+01 1.268755507202754806e+01 2.690120259901216926e+01 4.697904615655833993e+01 5.962916557788734195e+01 4.623082945924485898e+01 5.918261936517527033e+01 5.379766655273348874e+01 7.249844446941743570e+01 7.140863198363874176e+01 5.613245405090894025e+01 6.841944290440531518e+01 5.205707332521823361e+01 6.841943054867269325e+01 7.954603467001054184e+01 7.190953515244071070e+01 7.954647273221358716e+01
2.739267172789772165e-03 2.000273926704120342e+01 3.831499024909290085e+01 4.532649058196037117e+01 3.693232875075503330e+01 3.087166746807158901e+01 1.153376613446065768e+01 4.471372204389624905e+00 2.449347809782197771e+01 2.491748828001079374e+01 1.755813400530278656e+01 2.851076093618857499e+01 3.573099675111765805e+01 3.318544390365588725e+01 1.821448522384651980e+01 3.769498794595928359e+01 5.043586437269168243e+01 5.200473756472155173e+01 5.294918464770238131e+01 3.213723587282006378e+01 2.104964679192194055e+01 1.362058793164266746e+01 3.373918619963033194e+01 4.339842802582751347e+01 4.776470062444632703e+01 5.578316937747013782e+01 7.084074269129850165e+01 7.249844644464172916e+01 8.074796411843310295e+01 8.194773852569339567e+01 7.418172294435780145e+01 7.736832759243458213e+01 6.967140214388562924e+01 7.736831424146046743e+01 7.945940308532367169e+01 8.165167686995117435e+01 8.988838567621256459e+01
8.327778614586213435e-02 1.422541341300404660e+01 3.422541885278571527e+01 3.359654617327780812e+01 1.687666791246174824e+01 2.320322675214037034e+01 4.004966666506006412e+00 9.174542064721388002e+00 3.099770196237123798e+01 4.453931685987899414e+01 3.190751971577023482e+01 3.036757541896933432e+01 5.103116438378975062e+01 3.769498794585246060e+01 3.769498794595929070e+01 2.323369437969429896e+01 3.684254831816452480e+01 5.611033331021655357e+01 6.232235343269002925e+01 4.920560358960047864e+01 4.026993084290052849e+01 2.264873574430367853e+01 1.496978710251084088e+01 3.451501696089372473e+01 2.694412960230669540e+01 4.620146527161400485e+01 6.808061473565605581e+01 6.016930926310413241e+01 6.851147545523581073e+01 8.420674908891493260e+01 7.597085205090138516e+01 8.420674908891493260e+01 7.901213659324490379e+01 7.071706485116740737e+01 5.916307304054411276e+01 6.138956337316997747e+01 7.565803565494057636e+01
6.510866554257997707e-02 1.420882524242368383e+01 3.426321207460168239e+01 2.533033116670508633e+01 5.199239910438055112e+00 3.534132193199971184e+00 2.349477537345171640e+01 7.203380308479832905e+00 2.727654607171052348e+01 3.880397622877023167e+01 5.257417764852009157e+01 5.103116438469761817e+01 5.103116438469761817e+01 5.703932880492222068e+01 4.607969592829051919e+01 2.695401322715153114e+01 4.607969592829054761e+01 6.076344798529647306e+01 7.192065029876236792e+01 5.692564384578453485e+01 3.682386850574077641e+01 3.511573178698018438e+01 3.511573051222704578e+01 1.634803929949935863e+01 3.474633298635851020e+01 5.203293400372712796e+01 5.832115890919277490e+01 4.056147250667150672e+01 5.838324764898602837e+01 7.424735271242303725e+01 5.603732223154649006e+01 7.424735271242303725e+01 6.734002527982427466e+01 5.042141306503860676e+01 4.484857361217016347e+01 4.982528670467236509e+01 5.524296456503601860e+01
8.953482861371392376e-02 1.741553445791049270e+01 3.732454519779777513e+01 3.280566541730600960e+01 2.116912015291022087e+01 3.548198346566665773e+00 3.178977846160992993e+00 2.721374189893991513e+01 1.062563992723663731e+01 3.058046201071759995e+01 4.223923149526823551e+01 5.631343665347531413e+01 7.163277071080813130e+01 5.969753695885874123e+01 4.043900148318842014e+01 3.547128067773829230e+01 3.376167588642453410e+01 4.459119767377084997e+01 6.381151048223560451e+01 6.524203126561361898e+01 5.692564384578453485e+01 5.520253528707875290e+01 3.749206000051730570e+01 1.734464759807045198e+01 3.733882393555946066e+01 4.048811582351808624e+01 4.175621929078482708e+01 3.037335098717386472e+01 5.007529337923469370e+01 6.039632495986587912e+01 4.610263255435920371e+01 5.536631220372571249e+01 5.381565442473344518e+01 3.892294069643402565e+01 5.305934997574149747e+01 7.020187840172224014e+01 7.565803565494057636e+01
