MOVIE_S9_data/elevation_000577.asc
nrows	100
cellsize	150.0
xllcorner	0
ncols	100
yllcorner	0
NODATA_value	-9999
[rows 34 to 50 of 100, columns 37 to 73 of 100]
8.157104413765624429e+01 9.784583181760699233e+01 1.081974389035162432e+02 1.006546584792586998e+02 8.072257710360024419e+01 6.926049926170510673e+01 6.056523100722053243e+01 5.349338127365525963e+01 7.281197934809846117e+01 8.469054222121270925e+01 1.046245815425881460e+02 9.974174970730098266e+01 9.611211960943613519e+01 8.095088882510333406e+01 7.780603807686220819e+01 6.368569864515463053e+01 6.552595051043296337e+01 4.517726258177876986e+01 4.315959448482040273e+01 6.078004097259866256e+01 6.714876513721965523e+01 5.889104908103526270e+01 3.938102801287525523e+01 4.995574898370020378e+01 6.693594091167652493e+01 8.958199842417528203e+01 8.382200544486582316e+01 8.534087477824458290e+01 6.507214585653998995e+01 6.879152691392189922e+01 5.047766754445396487e+01 7.077730200638215763e+01 8.117751970129873484e+01 8.040155444188445699e+01 6.596165962710001907e+01 7.209690080367808207e+01 7.887748763616315273e+01
6.886034429044350702e+01 7.891869081591221402e+01 9.967008102889508336e+01 1.089207585498058819e+02 9.740889918020261007e+01 8.850759737846780695e+01 7.582177211221301150e+01 5.631608572104356369e+01 5.631193426309037875e+01 7.885323899071815390e+01 9.878303884795708711e+01 1.019931253116913012e+02 8.202375482960583497e+01 6.783520354978004718e+01 6.195002470635964897e+01 5.035798960696183713e+01 4.818724499064883560e+01 6.552598786551514820e+01 5.763074803918073741e+01 7.185876721682861046e+01 7.218083167344025242e+01 5.613511898533674582e+01 3.999834778662524570e+01 6.038131168338962595e+01 6.962787880393514683e+01 7.417362404830383582e+01 6.353111675548422710e+01 6.667214731881568923e+01 6.683331715195089373e+01 4.844121350780901025e+01 6.879152691392182817e+01 6.483940699743621394e+01 8.511264866892688019e+01 9.459413952410199045e+01 7.613244696604259332e+01 7.683377295102916094e+01 9.118413618356717620e+01
8.051946980953766797e+01 9.784583781127594193e+01 1.081974391114950862e+02 1.094573119357269064e+02 8.951823362964798037e+01 8.224463238689040168e+01 6.244804735628547832e+01 7.582177211221301150e+01 6.324517350444693875e+01 7.721856896183420815e+01 9.714699366155252847e+01 1.052239824984250447e+02 8.794255667469238347e+01 6.784760517375366362e+01 5.354653537745748793e+01 7.058884396035952591e+01 6.846620148100063830e+01 6.846619081082013736e+01 7.780760535809979217e+01 8.025241240802105835e+01 6.599325713493024637e+01 4.561955816539116171e+01 6.040768707990027053e+01 4.088222981663091105e+01 6.129406287257906882e+01 6.279381973295072328e+01 5.185648607553270040e+01 4.500470424863726038e+01 4.642173151362242578e+01 6.683331715195089373e+01 7.715979462757690044e+01 8.511264866892688019e+01 9.344576613418489330e+01 1.046911744609590471e+02 9.048523492474085117e+01 8.855874102301297057e+01 1.053857861438966381e+02
1.012811442621894855e+02 1.097992692738984459e+02 1.233993976106602588e+02 1.092938155429379492e+02 8.951823362964798037e+01 6.959865611253567863e+01 7.640800764399415357e+01 8.935444051238900443e+01 6.943534500316813762e+01 8.305546941894304780e+01 1.029882229524618253e+02 9.697825574223978151e+01 7.692207255385270059e+01 7.604554907141928766e+01 5.588765713896562204e+01 6.755397577527540420e+01 8.764523369894857296e+01 8.854814814733883566e+01 8.734903282442090244e+01 7.195977569760114534e+01 5.172632682636310619e+01 6.599325713493024637e+01 6.930702042021596299e+01 6.002809870514602153e+01 4.176943227324801455e+01 4.240014464022033991e+01 4.303419532132465974e+01 6.344743883869341516e+01 6.261156109389328606e+01 6.445579122904307212e+01 8.311023384909857725e+01 8.381561575671410935e+01 8.381561575671410935e+01 1.043636243986947107e+02 1.106483425571236268e+02 1.087391816089484706e+02 1.169947300530643588e+02
1.116222382468803289e+02 1.033288534589201646e+02 1.116221880361234895e+02 9.518814941717812417e+01 8.109254474557533854e+01 7.849792196860906301e+01 9.633549099967299867e+01 9.640341491695765797e+01 7.646590626557016890e+01 9.640341491695765797e+01 1.053769617367124170e+02 9.382127081570892813e+01 8.060245074246164165e+01 6.047971630516650521e+01 5.947442316082265279e+01 7.960398709201285783e+01 9.591259575890072142e+01 9.629993750403808406e+01 7.906819383626981335e+01 5.896255115882134845e+01 6.347463677327542086e+01 8.025241240802105835e+01 7.652344301719237762e+01 5.629944053597776588e+01 6.218243087409685188e+01 6.281270139726405688e+01 4.918522890205579756e+01 4.405674362014248402e+01 4.482911457263499955e+01 6.520340645789802636e+01 7.169349134488365394e+01 6.281948025794282842e+01 7.774840260047157869e+01 9.846316404440428016e+01 1.030210690309567951e+02 1.030210694409376799e+02 1.108060565980580492e+02
1.015364296443920153e+02 8.309535358420380646e+01 1.015364296443920153e+02 1.092938155429379492e+02 1.010279383441292964e+02 9.259475889579499608e+01 9.843385276407592244e+01 1.046673077857098093e+02 8.797904162274781470e+01 1.046673077851827145e+02 9.712803177332078519e+01 7.707141535312997860e+01 6.545804628027634919e+01 8.060245074246164165e+01 6.317034830296033476e+01 8.327448330954145206e+01 1.021817981401512867e+02 8.216367190803610754e+01 6.799469159738798396e+01 7.060281111441375401e+01 8.355069102287015426e+01 9.182736539977540247e+01 8.490715421766874726e+01 7.659914953761112599e+01 7.885098153067251303e+01 6.743447696354938614e+01 4.715728712779435483e+01 6.444768343950563860e+01 6.520343691497349425e+01 4.593685940917718824e+01 5.188480122840891795e+01 7.169349134655344358e+01 8.175583393217388561e+01 8.960138128628611298e+01 8.425165109306306022e+01 8.425165109348938586e+01 1.030210694399354168e+02
8.608012251389376956e+01 7.303981606755525036e+01 9.321210313427702943e+01 9.646328129020992037e+01 1.047632899281448147e+02 1.125306730735631646e+02 1.183754725703262096e+02 1.161805383814253503e+02 1.079113233993055161e+02 1.051801919113766672e+02 8.513920009149813950e+01 7.094506085974380483e+01 8.554833888409055476e+01 8.706893996190997598e+01 6.699056263634668085e+01 8.119774428493549578e+01 1.012432601926078490e+02 9.629993750403808406e+01 7.696129172983204114e+01 9.063212168708314209e+01 9.890221682822932792e+01 9.396122967532036796e+01 8.569507274012768505e+01 7.860819691819386890e+01 7.055815312929311744e+01 5.031042285052372875e+01 6.153905142540972406e+01 7.573942874634821010e+01 7.457092471961448155e+01 6.627443585309276841e+01 4.706224864298771138e+01 6.734938452364905004e+01 6.245058145487703882e+01 8.164913175249702704e+01 7.060041877740414407e+01 8.974899492841167614e+01 1.027687345170017608e+02
8.016527317218915982e+01 6.600727574198396042e+01 8.608012251389375535e+01 7.629844870421247549e+01 9.063142670650660193e+01 9.736369192483913082e+01 1.056662309624065585e+02 1.157361098422996832e+02 1.222867292227176534e+02 1.123047918077915170e+02 9.510248344795856212e+01 7.504893833955794946e+01 9.510248344795850528e+01 9.116308813118381238e+01 7.110594023904194216e+01 9.116308813118381238e+01 1.060982800895306468e+02 1.052435834244699464e+02 9.111571556591793808e+01 1.052435834244699464e+02 9.463533790589653449e+01 7.464429864320220531e+01 6.565066605178360248e+01 5.846580329483310123e+01 5.364312157658817171e+01 5.942764652130539815e+01 7.885179528786439107e+01 8.993980546452661429e+01 8.371120229312447236e+01 6.366453972371329684e+01 6.717500608829453768e+01 4.819464744807061152e+01 6.754259349200690110e+01 7.469223835170186021e+01 6.356185834674380430e+01 7.715641504714986354e+01 8.993261042124959204e+01
8.071542836418716149e+01 6.073545735703802961e+01 7.773512650073847396e+01 6.477892248842830725e+01 7.050389841716683748e+01 7.716689626984141626e+01 8.725419127550117082e+01 1.074731925741772329e+02 1.140890704791514310e+02 9.405354668082182457e+01 8.401640590646344720e+01 8.923317017256204053e+01 8.450197881413581058e+01 9.942728125350096491e+01 8.529327507956537602e+01 7.779562900406590131e+01 9.197971942935568279e+01 1.120112458988161706e+02 1.111344470038623626e+02 1.109507387435149752e+02 9.096853524294361648e+01 8.862268568081033493e+01 6.859391886473909494e+01 7.655710886267915782e+01 5.637948316147478067e+01 7.655704949064833897e+01 7.369980333816920393e+01 9.372240566495648295e+01 9.196075778777603205e+01 7.915268116809572518e+01 5.908270652361793651e+01 6.842795678260850423e+01 4.933310243056109101e+01 5.499349339731450925e+01 7.149631429622239409e+01 7.250455124519437788e+01 6.822644601149353605e+01
6.723899138926131513e+01 5.581387331456947010e+01 5.780048473500004746e+01 7.773512650073847396e+01 9.063142670650660193e+01 9.736369192483913082e+01 1.056662309624065585e+02 1.157361098422996832e+02 1.222867292227176534e+02 1.123047918077915170e+02 9.560787133259383097e+01 1.092264874492762914e+02 9.159610463083976128e+01 1.116353030470045695e+02 1.053340704089959843e+02 9.784681769474281054e+01 8.565635804698726474e+01 9.985659197650124952e+01 1.198554391147688705e+02 1.191864588606310633e+02 1.012657100587853449e+02 8.127533328506811472e+01 8.862268568081033493e+01 7.932210748807243306e+01 5.919364536466331828e+01 7.932208558899250761e+01 9.372240405953721165e+01 1.019706431561147468e+02 9.329528010344586164e+01 7.329608411863621598e+01 7.915371288011746742e+01 7.529167152138391828e+01 5.081863539490596793e+01 5.068082010059803366e+01 5.162445179420880947e+01 5.255775392781162481e+01 5.347928526955956130e+01
6.539625559141143185e+01 5.138780931846940803e+01 7.126747466679698562e+01 8.159857760060468479e+01 8.159857760060468479e+01 1.017221913299765959e+02 1.099525805537144976e+02 1.073381816459603186e+02 1.156490960973915634e+02 1.238239629908437394e+02 1.156325788632606191e+02 1.198214514619844664e+02 1.016462177040704091e+02 1.198214514619844664e+02 1.198554391147688705e+02 9.985659197650124952e+01 9.985659197650124952e+01 9.985659197650124952e+01 1.198554391147688705e+02 1.212165424750672145e+02 1.012657100587853591e+02 1.012657100587853449e+02 9.496191057097117039e+01 8.216144186552948270e+01 6.208240729024592497e+01 8.216193732909505343e+01 9.284878003824476878e+01 1.128204126146200679e+02 1.015331665231125555e+02 9.329528016445117089e+01 8.691405502165386565e+01 6.670269497056388275e+01 5.228315672783325851e+01 7.078236382258391757e+01 7.160731018946555082e+01 7.250702691897870977e+01 7.342543128260091123e+01
6.440492841870226925e+01 4.833180432036225227e+01 5.462411781795173482e+01 6.160630110673722015e+01 7.570115247236802247e+01 9.583622132827343876e+01 8.975452517428885812e+01 8.712898864740836302e+01 1.040058109870901433e+02 1.114357568228270736e+02 1.197366950466955871e+02 1.297618168787560649e+02 1.216246358307367075e+02 1.297618168787560649e+02 1.280310215585548974e+02 1.198554391147688705e+02 1.198554391147688705e+02 1.198554391147688705e+02 1.280310215585548974e+02 1.227190307564109020e+02 1.111861800471145756e+02 1.022537359457004555e+02 8.669566881404611536e+01 6.667916754120413714e+01 8.216038954426468877e+01 7.285548858194619015e+01 8.699501774954697453e+01 1.069811843443061861e+02 1.053920171274350679e+02 9.363394571374483633e+01 7.347590166037679182e+01 5.910776549567925997e+01 7.262228790801484024e+01 5.446717336363094120e+01 7.482179360465242723e+01 8.565529726457663173e+01 9.080879751279866241e+01
4.443048233664909930e+01 6.440492841870226925e+01 7.453024046051960738e+01 8.159857760060468479e+01 8.991544572892999554e+01 8.968922548352200863e+01 7.550243726605521033e+01 7.550243726605521033e+01 9.567039862814125684e+01 9.120640431431736772e+01 1.069158945550885704e+02 1.152304697456479516e+02 1.268556112887589506e+02 1.204111522697258607e+02 1.120967081842026403e+02 1.204111522697258607e+02 1.184971383116559025e+02 1.101827166855536717e+02 1.184971383116559025e+02 1.144790498249692376e+02 9.446943123893949235e+01 8.293931161450949219e+01 7.401557735554098372e+01 7.107955544319298724e+01 9.105375797085794431e+01 9.284880322601580360e+01 1.011091590155559743e+02 1.113363289155877283e+02 9.116335116635841018e+01 7.693173443532160150e+01 6.683654973481128536e+01 7.938005616084315363e+01 7.819762613837806953e+01 5.789910112600616543e+01 5.697655463583696900e+01 7.731423808622915317e+01 8.817874238178669088e+01
6.069576795514345946e+01 6.955561283676408380e+01 8.058459213334322158e+01 8.094227551446374491e+01 7.261709558286671040e+01 6.960311626892560355e+01 6.399783121019954280e+01 8.402642070673486785e+01 9.149767561332511434e+01 7.952683396861492326e+01 8.666560127811727909e+01 9.837994632050590837e+01 1.185762166889175120e+02 1.103624339370671237e+02 9.198908476869934248e+01 1.103624339370671237e+02 1.084438255364380552e+02 9.006207576467215858e+01 1.084438255364380552e+02 1.207665669436410241e+02 1.007780509065178336e+02 8.663968526500440248e+01 8.553823890887686332e+01 9.105425218299880896e+01 7.774249487871939834e+01 9.185139982724966501e+01 1.118598676224965374e+02 1.113363289155877425e+02 9.116335116635841018e+01 7.693173443532160150e+01 8.700180699385191474e+01 8.315172988510398966e+01 6.298136592446978455e+01 7.819763544750848894e+01 7.731423793530036903e+01 5.955016691252316008e+01 7.983895203065667090e+01
4.120208590178171448e+01 6.126201152995250965e+01 6.061113589669803048e+01 6.868302281525760122e+01 5.275443312711956878e+01 5.560245152579410899e+01 7.548620145022381678e+01 8.413732946271437640e+01 7.134053752464593856e+01 9.149767561332511434e+01 1.069158945550885704e+02 1.152304697456479516e+02 1.152654905807689119e+02 1.020428964764509914e+02 8.182870449985122718e+01 1.020428964764509914e+02 1.001223962251129507e+02 7.988103898976899586e+01 1.001223962251129507e+02 1.133488967861297283e+02 1.148857682974154670e+02 1.066325517079351641e+02 9.967460712802865430e+01 1.034852670308520004e+02 8.349017128039787394e+01 9.404092772785384113e+01 1.140450053304910938e+02 1.113363289155877425e+02 9.116335116635841018e+01 9.707187955238228483e+01 8.840721802604701907e+01 6.834273504884163231e+01 8.315172988510398966e+01 9.144924101421226226e+01 8.813905422852465676e+01 7.982723458020662122e+01 6.217189119752336524e+01
6.121596031144102312e+01 4.432391530048503370e+01 4.655194270858867611e+01 4.881249636314331752e+01 6.868161897094829271e+01 7.548583908946920928e+01 6.050959123042797927e+01 6.409657573643490025e+01 7.822429053434971991e+01 9.841266823839531241e+01 1.097461244105402756e+02 1.213878389419270292e+02 1.069478566349666409e+02 8.678154725217585508e+01 7.495457951782007910e+01 8.732280656252949314e+01 8.537664288749239461e+01 7.298268106185872739e+01 8.484324257088729837e+01 1.050302531231443766e+02 1.091002102442573545e+02 1.174188293296965213e+02 1.196672392935187901e+02 1.105458023548131337e+02 9.053634896492418704e+01 1.035149827850045909e+02 1.222877486632241357e+02 1.196206830885116972e+02 1.113363289155877425e+02 1.047584106333231091e+02 8.473161405417422998e+01 8.840613051635148167e+01 7.428689948628286288e+01 9.428581487688153118e+01 8.510528779753997242e+01 6.493585841106811074e+01 8.240773670308540488e+01
6.769645977552711713e+01 5.844175862678941513e+01 6.646142902720036716e+01 5.629792973799879263e+01 5.524302557596767116e+01 7.513766616386398312e+01 8.047838321668409378e+01 8.413732946263316137e+01 7.298727056102238464e+01 8.118551858444956792e+01 9.287157860888548555e+01 1.130917992845737388e+02 1.041313658011490162e+02 9.578878521113961142e+01 8.732280656252949314e+01 6.675625758285772804e+01 6.475219520955339192e+01 8.282178027875339410e+01 8.753807303446936317e+01 9.263937079550080966e+01 8.893988155059254552e+01 1.061676059128635359e+02 1.144818294141960564e+02 1.187753231807295435e+02 1.005467824481271322e+02 1.187753231807295435e+02 1.321341704331823053e+02 1.346695677727356610e+02 1.239537082714914931e+02 1.129594975985289551e+02 1.007368288999114299e+02 8.077386949724274245e+01 9.428574180851548192e+01 1.025150551949429172e+02 8.702766897069085417e+01 6.689808065231650858e+01 8.702719619792530636e+01
