MOVIE_S9_data/elevation_000863.asc
nrows	100
cellsize	150.0
xllcorner	0
ncols	100
yllcorner	0
NODATA_value	-9999
[rows 34 to 50 of 100, columns 0 to 36 of 100]
2.064481644892168788e-02 8.185610625727889555e+00 1.973261602771705725e+01 3.973265650808874483e+01 5.409140043737280479e+01 6.234640126811498817e+01 5.529829500243430829e+01 3.681020322400674161e+01 5.529829500243430829e+01 5.729021944651000098e+01 3.735658038125126978e+01 5.729021944651000098e+01 5.920878236425096475e+01 4.042509786858416732e+01 5.920878236425096475e+01 4.942063109372478635e+01 4.788108561052416690e+01 6.196071253703820503e+01 8.193253857806902829e+01 8.520245953673948236e+01 7.933626475748879159e+01 8.418171395925081413e+01 8.951539589610504777e+01 8.666660009823254995e+01 9.232118669454008852e+01 8.573066915708400870e+01 6.600104781115534536e+01 5.224585934036640822e+01 6.520620356239192006e+01 6.106537481267934453e+01 4.987556924343824249e+01 4.249947651428794870e+01 4.634334653441781882e+01 6.648832875698913369e+01 7.742462501246154716e+01 8.300304610644849390e+01 9.152200271115954422e+01
2.905961989428186565e-02 2.002905961989392836e+01 3.646998744730712616e+01 4.801743487035162161e+01 5.012795186668876823e+01 5.841081824369077680e+01 6.540976815107812570e+01 5.702644344871698934e+01 6.540976815107812570e+01 6.560348975946585881e+01 4.727425470874209168e+01 6.560348975946585881e+01 6.546023017465483917e+01 4.670588674344288194e+01 6.546023017465483917e+01 6.350364807544548995e+01 6.196071253703820503e+01 6.414435651998820731e+01 8.412201388639373079e+01 8.738653768342248895e+01 7.922387386152749400e+01 8.738653764424461201e+01 8.060641007794181689e+01 6.635497370740135636e+01 7.218784845394128524e+01 8.568278608130145813e+01 8.009103698536750926e+01 6.520713799329739402e+01 4.549384545662726964e+01 4.132831814614413446e+01 3.844065975180367900e+01 5.835633222203605186e+01 6.648832875698913369e+01 7.490980671193342744e+01 9.098086754142191523e+01 9.268615052562067547e+01 1.010846205302966609e+02
3.542675937824442400e-02 2.003542675937788786e+01 2.972897406077629512e+01 3.399295465677406725e+01 3.012842947664459814e+01 4.490568259952953412e+01 5.197658625338082317e+01 6.025940298696571062e+01 7.180509795826546338e+01 7.562808128004296293e+01 6.730618418427785343e+01 7.562808128004296293e+01 7.351628697639903010e+01 5.595587657662137104e+01 7.351628697639903010e+01 8.347994728169327061e+01 8.193253857806902829e+01 8.412201388639373079e+01 8.342492933729755578e+01 7.526175086944827797e+01 5.953501230305750624e+01 7.753953619847588641e+01 7.217511159992078262e+01 5.236248888810992241e+01 6.947599845494917759e+01 6.583360605196503457e+01 8.568278608414802022e+01 7.350546616489295104e+01 6.520620356239192006e+01 5.553033506644793960e+01 3.574835157486492676e+01 4.966684251649202508e+01 6.970299019721704781e+01 7.076143924132044560e+01 7.076143924132044560e+01 7.241419829119470819e+01 9.268615052562067547e+01
3.411803931810562102e-02 2.003411803931775026e+01 9.729098544181065122e+00 1.399311287127295422e+01 1.858142754857896506e+01 2.490598286392827987e+01 3.197705056236388543e+01 4.352403655572354779e+01 6.352298386713199818e+01 7.259846351320047120e+01 7.259846351320051383e+01 8.059867254199704689e+01 8.312039433299679558e+01 7.496458377268848494e+01 8.312039433299679558e+01 8.276736838740535518e+01 7.730043060947522804e+01 8.590326335666290447e+01 7.526175086944827797e+01 5.556264657994697842e+01 4.966824617784323692e+01 6.781618929791527250e+01 6.466264725883880260e+01 4.488668673433787148e+01 4.970798201616081258e+01 6.947569683941321728e+01 7.723070365309766316e+01 6.884337138890916208e+01 6.742029210837185360e+01 4.744495662544763803e+01 3.355722309416642446e+01 5.329559685040150185e+01 6.344814792322802077e+01 5.073321480168527131e+01 5.826870594519198931e+01 7.241419822377871185e+01 9.268614672936939769e+01
3.327314952832965272e-02 3.955595852292002501e+00 2.395550730438511522e+01 3.399295465677418093e+01 3.272354344467828469e+01 3.491130207101071647e+01 5.197658625337705729e+01 6.025940298650358784e+01 6.685706646516436535e+01 5.311546038833174066e+01 5.311546038833174066e+01 7.259846351320051383e+01 7.920084326731536351e+01 7.055899187761566793e+01 7.055899187761566793e+01 6.162198961993716040e+01 5.609109566360687182e+01 7.373249686095066124e+01 7.526175086944827797e+01 5.556264657994697842e+01 4.157683310979212621e+01 4.808691482556876196e+01 5.805721152700086662e+01 3.825959022309879032e+01 5.805251018737566682e+01 7.531638679800251168e+01 6.564114560895212946e+01 4.884268709030247635e+01 5.672671886479262326e+01 4.842754831739957666e+01 3.139116839705282658e+01 5.111982136326710702e+01 4.349233271677734791e+01 6.344814792322803498e+01 6.485288360988677425e+01 8.501177968402744511e+01 8.622194978057399339e+01
6.779948344387334846e-02 7.138867275798133072e+00 2.713997799199170302e+01 4.691392719252136345e+01 5.272290980141622896e+01 5.491049434042681554e+01 6.319306456563312935e+01 7.160608197137544551e+01 5.882189988572708472e+01 3.908839202820079350e+01 5.224406393321834230e+01 7.177088288521660786e+01 7.055899187761566793e+01 4.942307945075695130e+01 4.942307945075695130e+01 4.668143773450034217e+01 4.394327951262742715e+01 6.431231920750052211e+01 7.902256365243164282e+01 6.949378795862234881e+01 5.386548553062855405e+01 3.404558577880334269e+01 4.725914430850124859e+01 3.355242428527013487e+01 4.759822234548489206e+01 6.326799970603892831e+01 5.722034706575768581e+01 3.743830805345873358e+01 4.594915668011381626e+01 2.868107611911306520e+01 4.842677954243111316e+01 3.714913316192123460e+01 5.697362218456572691e+01 7.180590776971764910e+01 8.500998942691664695e+01 9.334740676670735127e+01 7.750242993944436876e+01
9.516927588586144779e-03 1.999724433718337480e+01 1.868579439837660061e+01 3.282564914867269579e+01 5.278724080458745505e+01 4.774480474984032696e+01 5.608516146426983084e+01 6.358603405242522655e+01 4.394116554803258623e+01 3.237085211901313642e+01 4.521782251432755118e+01 5.332665837793918229e+01 6.468985287077964585e+01 5.561364452442915507e+01 3.474044856493605238e+01 3.474044856533963355e+01 3.474044856533963355e+01 5.561367062678743167e+01 5.921912997138039714e+01 6.119764617272716833e+01 5.256577853536403921e+01 4.725914430850124859e+01 2.736688965200734103e+01 4.291603693811391196e+01 5.109297455642803243e+01 4.341475156066081098e+01 4.342976999431459006e+01 3.758611044644712962e+01 2.599935661925009001e+01 2.728812088152168869e+01 4.722676792909166466e+01 5.692596965079237492e+01 6.526402424216641407e+01 6.791486239012735382e+01 6.678150887432821037e+01 7.513509978439206805e+01 6.864078421833279720e+01
1.945935296826603253e-02 2.001945935296791035e+01 3.867160331294735442e+01 4.691392545939607572e+01 4.448241834295562569e+01 2.766436132482566990e+01 4.448241839335242531e+01 5.607421629508757377e+01 6.031192711387927829e+01 4.521782251432646405e+01 2.498713776672190079e+01 3.685582453174015427e+01 5.664052418493809427e+01 5.999014604617655522e+01 3.904088806639465759e+01 2.459615191550713931e+01 4.517705959606348642e+01 6.180180796374943952e+01 4.521733906753124899e+01 5.248294845561841271e+01 3.227844653186757995e+01 3.826214665391815828e+01 3.899234143071262082e+01 2.295214471337760287e+01 4.095448776067807728e+01 4.196347770175587755e+01 2.343989791742653850e+01 2.449967163671870551e+01 4.446901441416071776e+01 4.722676728027535376e+01 2.911522248143880987e+01 4.904165128459391809e+01 5.241948718964314935e+01 4.796100383503210907e+01 4.686493537197620185e+01 5.678476078159046381e+01 5.844767597520488067e+01
5.600688922766024203e-02 1.419814251297116137e+01 3.419814259456624939e+01 3.514412472791006081e+01 2.688460288701618950e+01 1.649389230904249715e+01 2.766435965491924520e+01 4.774344045428853889e+01 5.369018116806179819e+01 4.099943313820166679e+01 2.013383622231512504e+01 4.099943313820674007e+01 4.945004798462486661e+01 4.401781884363992958e+01 3.539979388603605059e+01 2.049045828040813788e+01 4.097597928358820951e+01 5.358668383752097242e+01 3.372186594840115248e+01 4.211772588185061039e+01 3.649132225106138350e+01 1.801415174466824354e+01 1.895180133857486027e+01 1.990369813258767806e+01 2.091815535855411667e+01 2.194142615966188004e+01 4.196683287308111687e+01 4.344322571453046322e+01 4.437804900581227940e+01 5.733306884491146604e+01 4.904165311307585284e+01 3.095491612215964494e+01 3.241882867381171707e+01 3.389061308801942829e+01 3.537873191223039271e+01 3.688796223842736310e+01 3.856217291104123035e+01
8.215197286175310309e-02 2.008215193522870123e+01 2.135296083663087430e+01 2.201502249353014662e+01 7.827869239259531042e+00 2.108523590653053859e+01 4.086440970047014787e+01 4.783845964272558859e+01 3.369156048083898725e+01 3.690735290702626514e+01 1.516554136313414602e+01 3.109775097425963608e+01 2.674796175389163722e+01 3.023159937641598560e+01 1.505541238909724022e+01 3.539979388552880835e+01 4.958576563627254785e+01 4.732448549084474365e+01 4.211770607988652415e+01 2.213032258857108303e+01 1.671119189195582422e+01 3.638327922599981434e+01 3.899870175217332502e+01 4.004444639686430207e+01 3.513155165126865853e+01 4.194173250670952768e+01 2.755460643313987390e+01 4.748704556751272321e+01 6.150044699988372088e+01 7.243947420015113892e+01 5.914362870971025643e+01 4.503877419562854101e+01 3.512830987625977031e+01 5.377488400987196115e+01 5.528500271029409419e+01 5.678476666892387215e+01 4.202686366251455752e+01
2.613274238814250472e-02 6.880361347219600132e-01 1.350302313498382478e+00 2.013660442720166088e+00 2.678115952758345575e+00 2.268075634659953366e+01 3.191948850179854702e+01 3.953270384360217804e+01 1.955045131768646272e+01 2.690414218244410449e+01 2.746108663203137112e+01 8.597243389867269769e+00 9.324441787587899100e+00 1.004917621419020080e+01 3.003982360115618988e+01 3.177448146076538293e+01 3.252884289061359624e+01 2.743439790031575853e+01 3.418781923359062347e+01 1.543884249506183437e+01 3.546980459584542444e+01 2.572597796733441555e+01 3.391695830762223096e+01 5.340137693978491740e+01 5.508224656293873522e+01 5.575409295014287636e+01 4.750897343089805247e+01 3.359812910862703461e+01 4.767625138520119066e+01 6.764518054300015137e+01 7.315799712679782374e+01 6.009058985839855893e+01 4.028675998578513173e+01 4.028675998570322037e+01 6.009214833629535946e+01 6.517197485874611118e+01 4.574674764645560288e+01
7.532853315450405152e-02 2.001084738183362788e+01 2.134635194378039813e+01 2.201540548649224860e+01 2.268075445850314864e+01 3.626740400905814621e+00 2.362986635646937472e+01 2.525784175398965914e+01 2.524515894147542738e+01 6.898593452858268193e+00 7.585840689680045656e+00 1.260478602046854490e+01 1.660580891290341654e+01 2.796296267414838965e+01 1.108785184545783054e+01 1.182069276408988934e+01 1.255631328114223955e+01 1.329677512529064209e+01 1.418315451545876726e+01 3.418793436186065549e+01 4.374038397192368421e+01 4.569286955157193830e+01 4.549414962364391357e+01 4.782619644135212411e+01 6.686105331177923006e+01 6.764517551619135816e+01 4.767625138098796356e+01 3.893424405911449071e+01 5.298811549877466831e+01 7.299123792116748177e+01 7.962243471833781427e+01 5.977079002843715472e+01 4.580293934002194334e+01 4.405242197081792455e+01 6.382931365703693416e+01 7.359461346853223063e+01 6.517229740437558405e+01
6.101047412966256744e-02 9.005261648921299766e+00 2.055077087922950341e+01 4.045743379864018152e+01 3.173201281631391879e+01 2.303125157703279058e+01 4.578045904531371946e+00 5.253787295630891307e+00 5.930693105374191809e+00 2.593561086212081435e+01 2.399039417033888810e+01 1.106401170288090086e+01 2.225966902864943009e+01 3.589398760712181513e+01 2.517587891440786052e+01 2.302190128895270149e+01 3.252884206291725633e+01 3.328547698469272831e+01 1.523310259950913093e+01 3.502499094592801043e+01 5.258102263237537244e+01 6.085863838564988271e+01 6.483303191325451564e+01 6.686105331177923006e+01 7.461670300266276001e+01 6.764517551619135816e+01 6.548832300559405439e+01 4.556403710716806188e+01 5.884689437278539259e+01 7.890941404742568466e+01 7.493254567450601655e+01 5.510993218195731913e+01 6.558807748919964808e+01 6.382931365703693416e+01 4.965478280510782838e+01 6.941893202608542879e+01 7.944924719653539569e+01
6.842009524227352091e-02 2.006842009524191894e+01 3.717140629178177846e+01 4.853975721563080725e+01 3.610577589586655023e+01 1.612565781358506456e+01 2.458172451597086550e+01 2.525784212488949976e+01 1.085818277514061592e+01 3.006208281147539196e+01 3.777724508717410146e+01 3.076263552905113130e+01 1.460683791730803627e+01 3.439745518145721093e+01 4.514156863877080639e+01 3.658399646294098062e+01 4.567941448417331429e+01 2.622927814084852471e+01 1.659143702041351531e+01 3.642820154723560933e+01 3.261650629119367295e+01 5.258098249591915874e+01 6.878620015947042532e+01 6.761663085105227822e+01 7.592187037247461490e+01 8.779686645272778378e+01 7.384572049517971948e+01 5.960895176575264287e+01 5.960895176575264998e+01 7.968238079104536098e+01 8.319350047990542407e+01 6.392970940644210032e+01 8.319350047990542407e+01 7.763944978170401612e+01 6.360564852146600145e+01 5.588326800458148114e+01 7.567777412211133026e+01
1.934550753332892059e-02 1.156635076009133201e+01 2.570847275397230902e+01 4.570746671886958268e+01 4.439401431895250738e+01 3.026022522550476168e+01 4.439387596133835245e+01 3.521770130782171293e+01 1.592770729673889640e+01 3.521770101997360314e+01 5.124229987957087928e+01 3.114265424495027901e+01 1.715666057216638407e+01 3.702970415188316622e+01 5.632907984892121078e+01 5.605165505395220293e+01 5.025450909727832283e+01 3.089476040033023452e+01 3.642819819932863368e+01 1.851784765567334645e+01 3.846304498120606752e+01 4.055540065658789928e+01 5.355028693310926968e+01 4.772381650929303021e+01 6.761663085105227822e+01 7.192851216258745239e+01 8.020679434168827981e+01 7.968238079104536098e+01 7.968238079104536098e+01 8.808248922460690267e+01 9.210250508248581980e+01 7.798055897122362978e+01 9.210250508248581980e+01 9.167325104194186736e+01 8.076055012617867135e+01 6.095846017741317269e+01 7.202518503856127552e+01
4.364784840791047227e-02 2.004364784840755576e+01 3.304341204837997026e+01 4.132768329584217071e+01 5.132768329584241229e+01 5.023911469232803739e+01 4.932037208313139587e+01 2.942878987655951661e+01 2.304483845301847111e+01 4.284208429169742516e+01 5.400779947268943459e+01 3.387465864274786043e+01 1.981080523238175317e+01 2.786193064232848116e+01 3.947298821179363415e+01 5.961954023972493388e+01 5.891164823385991411e+01 5.066934359343940741e+01 4.673709034407274032e+01 3.846394119554870628e+01 2.049366088925514262e+01 4.055436300974572106e+01 3.362837999933712041e+01 5.355028693310926968e+01 5.787283904709606475e+01 5.205078861437661431e+01 7.192851216258745239e+01 7.638252654914420248e+01 7.813184759885427866e+01 8.641085665639347724e+01 8.786562524340735081e+01 9.610059971544677637e+01 1.062244410861083708e+02 9.477949108497740838e+01 7.495371464613701562e+01 6.752744323388603220e+01 8.737464951325675599e+01
5.219006137575642884e-02 6.376745381712542127e+00 1.304341204837926682e+01 2.304341204837944446e+01 3.718554767211089285e+01 5.718554767211159628e+01 5.762731743125478090e+01 4.932037319967754030e+01 3.287030196851784325e+01 5.121016330548427220e+01 5.592570763495759678e+01 4.157932072488296882e+01 2.273631158427704690e+01 4.279556539403233728e+01 5.632955666374101611e+01 6.795886865844380509e+01 7.055859131168259069e+01 5.906531233135898873e+01 4.556704711802562002e+01 2.552100319519235327e+01 4.055553607778890779e+01 2.278842037176157831e+01 4.290158374024839105e+01 5.353587232843496224e+01 3.804093863636289541e+01 5.787283904709606475e+01 7.059827538244536527e+01 5.654392645049813382e+01 5.830275640402123116e+01 7.163022617095343492e+01 6.797301259443010224e+01 8.493666374851900969e+01 9.325317032554204388e+01 1.029298651786219096e+02 9.477949108497740838e+01 7.745644152877638078e+01 8.374542598123535697e+01
