MOVIE_S9_data/elevation_000579.asc
nrows	100
cellsize	150.0
xllcorner	0
ncols	100
yllcorner	0
NODATA_value	-9999
[rows 51 to 67 of 100, columns 37 to 73 of 100]
7.428816098964087189e+01 8.013617109241835124e+01 7.313215394647846779e+01 7.313215394654756096e+01 7.962967687637917891e+01 6.745282185357389437e+01 8.702863882852484778e+01 1.027453761430668493e+02 9.449955630306170917e+01 9.449955630306170917e+01 1.108354345207858813e+02 1.086186846017765788e+02 9.561854436946892122e+01 7.543760925863469424e+01 8.113501649325884557e+01 7.997049029854031232e+01 6.005872603699103962e+01 6.272945429890548752e+01 6.728391548249624066e+01 7.224577575073158187e+01 7.852080949932772569e+01 8.555885088815719541e+01 9.715962802595488768e+01 1.173120130854780285e+02 1.132755095723587289e+02 1.274601203577687869e+02 1.228551379855543360e+02 1.236009273597935589e+02 1.034889236574284013e+02 9.174383048797614038e+01 8.395288545085630005e+01 9.689390376501141589e+01 1.052602032880882632e+02 9.510586509795254528e+01 7.498200348054881204e+01 8.243919386339658217e+01 6.512383795167400535e+01
6.516945438948069125e+01 8.475945891579380032e+01 8.443449621637645919e+01 9.279792259830846035e+01 9.525298190424770439e+01 7.869706044908126330e+01 7.718357103502596317e+01 8.848040981091531876e+01 1.083391463361023881e+02 1.143692980841812954e+02 1.145488271918780327e+02 9.438767550202740608e+01 8.019169401441848777e+01 7.023243487777507710e+01 6.134828432379324425e+01 7.277786752084863053e+01 5.659999493143029525e+01 7.650567454987169924e+01 8.723087487684662733e+01 9.222590860467032314e+01 9.856417836428825296e+01 1.056770281465493753e+02 1.139909719816905209e+02 1.256028816482037342e+02 1.333278387519975183e+02 1.168160391758526231e+02 1.022670997187180149e+02 1.168160391587958742e+02 1.203117462646006430e+02 1.119892566051296683e+02 1.043372047730492937e+02 9.579995530123913738e+01 1.159993044296537903e+02 1.036119920028723271e+02 8.926276562341656984e+01 8.968189571619687683e+01 6.945604590358973951e+01
7.492942420214640720e+01 9.296752960434412216e+01 1.042225745728626549e+02 1.124945947924496750e+02 1.066748849342636163e+02 9.840978617390912575e+01 9.105014456319625538e+01 9.687369945751980538e+01 1.166255122144666672e+02 1.102271220327537264e+02 1.007625003581452461e+02 9.245676277472601612e+01 9.186463601699874459e+01 7.773937247588203547e+01 6.945767677322803024e+01 5.285672303512540537e+01 7.277786752084863053e+01 8.479643297913564481e+01 9.529253835061514621e+01 9.977449994635448149e+01 1.051422538026639302e+02 1.051422538026639302e+02 1.134524682093249481e+02 1.255059170991653588e+02 1.193772324020913231e+02 1.076806275626074125e+02 8.792733139970241041e+01 1.076806272807644120e+02 1.088106889385920226e+02 1.173060487602845257e+02 1.243198408295232440e+02 1.101140511645841968e+02 1.243198398349921945e+02 1.179612184026214265e+02 1.086075220956597036e+02 8.841706491630650078e+01 7.406224041944201986e+01
8.878061366317948000e+01 1.028328899062894806e+02 1.059858062301468493e+02 9.786384815875223353e+01 9.586726623280867443e+01 1.039622198301463669e+02 1.109330046438840327e+02 1.167928301930928541e+02 1.072846693618568139e+02 9.725701254643016114e+01 8.188631332152353082e+01 7.246413580244750108e+01 7.613285120576777842e+01 6.361410675751894672e+01 4.948809012703836885e+01 6.945767677322803024e+01 8.106358375927953830e+01 7.707476455712043162e+01 7.528060687475395696e+01 7.973055834512136641e+01 8.505795793581923192e+01 8.505795793581923192e+01 1.051422538026639302e+02 1.046911903742387864e+02 9.860803258872094545e+01 9.918751589707662220e+01 7.904189973323752838e+01 9.918751589212322983e+01 8.848396079562840555e+01 1.055394806054614065e+02 1.173060492134959816e+02 1.302075626801852479e+02 1.264046766005116780e+02 1.186936265133299599e+02 9.853683987730624949e+01 8.422649453207871773e+01 8.124990881134354481e+01
1.086133689116223309e+02 9.874373159173080694e+01 9.062804477269931169e+01 7.832075330135030811e+01 7.644773847428476188e+01 9.136728250018447284e+01 9.940379402589998392e+01 1.096589841031118908e+02 9.897054069373301388e+01 7.892217282745816931e+01 6.897753839563763734e+01 6.195573592176933175e+01 5.620510169600100880e+01 5.147182211363163162e+01 4.718007275558393587e+01 6.719656633913140809e+01 7.154888921346910990e+01 5.715093766376346451e+01 6.121682995993083409e+01 6.565857622154496198e+01 7.096298348416550539e+01 8.505795793581923192e+01 1.051422538026639302e+02 1.046911903742387864e+02 8.428698608554633154e+01 9.281691270174195552e+01 7.281598738451899067e+01 8.703373457598176799e+01 7.699242220549807314e+01 8.848396079562840555e+01 1.088106889402680224e+02 1.136647651857459635e+02 1.062611079740934770e+02 1.204687815421388990e+02 1.128222079868071290e+02 9.436799209016243140e+01 9.034691836205530535e+01
1.002156209044409678e+02 9.062804477269931169e+01 7.103274834170881036e+01 6.696351849193789008e+01 6.514300064735171247e+01 7.208787558911110693e+01 8.308387146349359398e+01 1.017335518667966312e+02 1.072846693618568139e+02 9.725701254643016114e+01 8.894635676059567686e+01 8.188631332152353082e+01 7.613285120809715067e+01 6.495865432303021691e+01 4.490638722335297217e+01 4.795914399813585050e+01 5.159347433063314980e+01 7.154888921346910990e+01 8.114196589939321314e+01 7.713544349871425254e+01 9.094051199986114398e+01 8.505795793581923192e+01 1.051422538026639302e+02 1.131277868000320552e+02 9.374520146975602586e+01 7.369550501725410641e+01 6.712362662219832998e+01 6.712362205906507029e+01 8.703373457706361194e+01 1.010217905642953724e+02 1.040889855024226875e+02 9.335146893878655305e+01 9.182769275012793742e+01 1.121610226265185020e+02 1.229151538017553520e+02 1.086013287444979341e+02 1.019982332724323726e+02
8.058782656198094685e+01 9.062804477269931169e+01 7.103274834170881036e+01 5.704425342440474367e+01 7.677207778698533502e+01 9.136728250018447284e+01 9.940379402589998392e+01 1.071587387509370899e+02 9.397066746340122734e+01 8.517743529790752177e+01 7.708979134757331053e+01 7.093708037964016455e+01 6.552606196791829518e+01 6.052144430126461572e+01 4.290084138891518251e+01 6.296337917180670019e+01 7.154888921346795883e+01 7.983406684082980576e+01 9.219553221939624166e+01 9.716585829034110589e+01 1.054801706541065585e+02 1.051422538026639302e+02 1.134524682093249481e+02 1.117320806138080371e+02 9.267091013797619325e+01 9.282834371176869581e+01 8.103060979023079824e+01 6.114136313157383285e+01 7.257416723233062328e+01 9.258232514673893832e+01 8.339152712656309063e+01 7.841155622045145890e+01 9.930109566126967025e+01 1.082438736973105051e+02 1.165538717089210934e+02 1.287859242821621990e+02 1.221389645092348673e+02
6.916174882902751619e+01 7.749714526925629343e+01 7.276643557840623089e+01 5.296672448281874779e+01 6.700686408039283037e+01 8.667127120236759197e+01 9.869268719931515932e+01 9.876899954267619819e+01 7.684787747011220915e+01 6.427641231811574585e+01 5.694593271106612065e+01 5.089195784858185334e+01 4.549562439519436907e+01 4.047804136232420547e+01 5.823561264110543334e+01 6.652230949285846862e+01 6.758027334810857667e+01 6.391241883838728910e+01 8.390035436713705508e+01 9.450432137383457132e+01 1.062309789356488068e+02 9.787555050835327108e+01 1.062309789356511942e+02 1.066950241899449310e+02 8.708457659261388528e+01 7.312652460657774611e+01 7.779029505035921943e+01 5.789949736896907240e+01 7.780215001207237435e+01 8.945367233152586550e+01 6.761283993498325628e+01 8.945367233152607866e+01 1.049116010125790837e+02 8.803624905552617008e+01 1.049116010125790837e+02 1.160876183154729659e+02 1.228009466874057409e+02
7.172619177860929085e+01 5.765697851585489531e+01 6.862435296014886887e+01 4.918234441491357245e+01 6.904164604604622468e+01 7.076653645494177169e+01 8.648931889331687728e+01 9.806261598725525630e+01 9.390918547974060004e+01 8.517037916968557454e+01 7.708966422115750561e+01 7.093694118162159157e+01 6.430591730447754628e+01 4.532335849206469902e+01 3.825946761682313024e+01 5.603452610268459466e+01 4.758245250768739254e+01 6.758027334810903142e+01 6.656427177319358179e+01 8.053429657368073435e+01 9.619841594706055332e+01 7.785460564802248484e+01 9.619841594706055332e+01 1.088010905989316228e+02 8.886099100859287603e+01 8.148985200955286246e+01 6.168965548473238414e+01 5.477180624060581948e+01 7.469168624009819268e+01 8.355874672385104418e+01 6.168422028133296209e+01 8.046876964155997314e+01 8.483034997756378459e+01 7.623120389321475443e+01 9.592894899833066802e+01 9.592894906613966555e+01 1.026609615716075155e+02
7.182622087655184373e+01 6.862435296014885466e+01 4.870144049385025653e+01 4.551657958690734063e+01 5.087735846337865553e+01 5.843683368425702440e+01 6.992407076944611788e+01 8.971135830937932099e+01 9.982199687968194723e+01 9.744502658263181161e+01 9.203371328535097007e+01 7.132086695739340598e+01 5.707639412697695747e+01 5.756102924321124448e+01 5.603448957686922682e+01 3.621180139850152813e+01 5.420815432607484041e+01 5.987267606205710990e+01 5.263247401586824736e+01 7.233132048810583115e+01 8.786507807818786375e+01 6.803109801533467760e+01 8.344461833949375773e+01 9.175690338736100671e+01 8.886099100859286182e+01 6.871752766040130211e+01 6.926885669823143132e+01 5.171594137470059138e+01 7.088937268369704725e+01 7.289253222794715725e+01 5.697037116751078401e+01 6.045368719217392339e+01 6.437278839613297521e+01 6.983313780542995630e+01 7.563512760928846035e+01 8.246492405520409363e+01 9.070994693459481084e+01
7.182619231444088825e+01 5.193528399016179975e+01 4.312747245784260741e+01 4.190106306750343634e+01 6.186921881094757936e+01 7.826676938032305486e+01 8.648931889331687728e+01 9.386869606131456578e+01 7.976635234603600111e+01 7.706953114712266029e+01 9.124525473426743361e+01 8.585624512620036342e+01 7.738732680810612408e+01 7.753109544374675011e+01 6.243021801746098731e+01 3.484637817884394906e+01 3.743263572946127482e+01 4.044127516477730921e+01 5.410329303953015057e+01 7.380119880156674128e+01 8.085270717800671036e+01 6.106199789652667675e+01 6.362547902773237496e+01 8.027229748422915634e+01 7.724338508404568415e+01 7.439527710815772821e+01 5.479446362037445795e+01 4.896576762499377367e+01 5.094752621449090668e+01 5.296134469601872752e+01 5.565510179452299155e+01 7.527340089237472398e+01 8.195439516950717973e+01 8.492563532965745310e+01 8.860224304589694100e+01 9.242894249759284264e+01 9.650543671780879151e+01
6.816888299022869546e+01 5.776053459367955867e+01 3.774064304579081863e+01 5.776118780349083437e+01 5.605908860052953457e+01 7.012081844374306172e+01 8.983891066022437144e+01 8.579025021314741650e+01 6.510684864955567264e+01 6.234502549301631547e+01 8.107826077457451674e+01 8.025724490403818834e+01 7.198706405796367847e+01 7.360221175978408326e+01 6.493913494890338711e+01 5.252538502611466953e+01 3.288601980493193366e+01 5.252565901770113754e+01 5.987166195121618273e+01 7.957711127325060829e+01 8.603956041002291499e+01 6.618749865532460319e+01 5.218114366002125593e+01 6.538307935150365324e+01 5.729599508423603282e+01 6.457564827969628141e+01 4.670461005904384422e+01 5.117607211358625108e+01 7.088936321684907682e+01 7.289253222794715725e+01 7.527340089400871648e+01 5.950994467796752474e+01 6.231061730654804620e+01 6.521610570153680442e+01 6.880363816938675825e+01 7.254483798147496998e+01 7.653477515994130442e+01
5.462796008238421308e+01 5.204722069127603845e+01 3.529317554945716751e+01 4.950359743665075030e+01 6.942310775638205200e+01 8.405058160860305350e+01 9.576934996812624945e+01 8.770159431063719069e+01 7.270554728481268114e+01 5.178906772703378891e+01 7.270554728481268114e+01 7.198706405797166497e+01 5.208104267925435948e+01 5.790916436546548596e+01 4.618217405367185791e+01 4.912253152106942622e+01 3.150527668109184987e+01 4.529148982751613772e+01 6.518052940146088758e+01 6.619003021613670512e+01 7.447380224652563641e+01 7.993619829623061435e+01 6.537033827699329436e+01 4.553439335018212120e+01 4.320469563587955975e+01 4.462642332802149525e+01 6.457564827969633825e+01 7.112209369412161664e+01 5.784175070009685271e+01 7.776226514883379082e+01 8.738285432421913868e+01 7.330185511208350135e+01 7.612085884447952822e+01 8.492573297419419021e+01 7.315500239408494565e+01 9.242893989529694920e+01 9.060628425184168577e+01
3.457071553021509658e+01 3.197708279360702832e+01 5.189093025632415390e+01 5.167848059671091931e+01 6.576119633537743425e+01 8.544304917319509229e+01 8.770159431063719069e+01 6.753509767780201400e+01 6.690544585604254735e+01 4.582627423670034972e+01 5.920969095469979493e+01 5.497272481144139533e+01 5.791116988592233383e+01 3.809459401299087489e+01 4.731997376943117928e+01 2.958572096617553981e+01 4.912617389950565894e+01 5.937191904348350135e+01 6.063838706707407766e+01 4.628839954399884249e+01 6.297001879655493184e+01 6.718613749188614293e+01 5.880773258573176321e+01 4.121871286227334252e+01 6.112610215445710793e+01 5.345033696731768913e+01 6.424471542852036521e+01 8.388927950635206798e+01 7.191239154627305652e+01 6.536801809024107968e+01 8.529332216082228513e+01 9.316304298193905709e+01 9.603779768806569450e+01 9.972013553120264362e+01 7.969865796845347461e+01 9.304631547480030918e+01 1.107472506076531005e+02
4.976397953555823506e+01 2.967960848542008989e+01 4.388950641152553089e+01 6.359233741612752766e+01 7.085190487274361715e+01 7.902782593713178017e+01 8.770159431063719069e+01 6.753509767780201400e+01 5.268761194747871457e+01 4.485605740816463083e+01 3.764174697298064132e+01 3.345278148348574376e+01 4.899386808079332667e+01 4.608041513987231497e+01 2.769689088133297972e+01 2.874272543919828848e+01 4.840218236673462116e+01 5.758161507722856953e+01 3.985132586947165123e+01 3.488178820131482638e+01 5.469994504061411789e+01 5.749108095993826595e+01 3.934774664860125171e+01 5.922347923746620069e+01 6.689359565543215069e+01 7.244534891395846898e+01 6.890065099498727363e+01 8.821744620123830316e+01 9.188510933830464467e+01 7.942750158526976634e+01 7.424336706329113156e+01 8.834814886170823911e+01 1.084400262520637597e+02 1.073291718346989967e+02 8.719753204310784156e+01 1.073291718346989967e+02 1.214276318885945898e+02
4.789298781799192994e+01 2.779797810097319299e+01 4.789308801738876298e+01 5.669823562609099810e+01 5.083559386678453507e+01 7.085190487274361715e+01 8.758572226684353268e+01 7.311477461993629845e+01 6.164555748999120510e+01 5.467432053421794791e+01 5.744552008526135012e+01 4.901152901471778023e+01 2.878802390688910862e+01 2.652220571818335415e+01 4.612655719309145042e+01 4.840218236850426337e+01 3.022277202867224588e+01 4.994453333929083527e+01 3.329068682789979761e+01 3.488072783380137309e+01 3.649517243760588769e+01 3.763939007045028262e+01 4.761739771050188352e+01 4.375141027319560294e+01 4.696910663531109975e+01 6.689359581084181627e+01 7.999929484793543111e+01 9.662771930816255406e+01 9.805945742720409442e+01 9.945466574877549704e+01 9.423292350257825944e+01 8.574328519422114425e+01 1.058299847805599541e+02 1.156400416950288559e+02 1.014267812500805519e+02 1.156400416950288559e+02 1.203198561115692655e+02
4.359525689598063991e+01 2.593735126764747534e+01 3.099682666051907631e+01 3.644212051448010925e+01 4.584247115105945625e+01 5.881448472965728058e+01 8.018494041909499970e+01 8.216250909925427948e+01 7.047316942433975839e+01 5.363672388799412261e+01 4.313432761436817486e+01 5.091823885347949386e+01 4.517136204369552388e+01 2.570357676239061817e+01 4.530225436938544448e+01 5.810152421788002641e+01 4.971385115575829161e+01 3.172897435925945331e+01 5.150156463595683931e+01 6.129208928464852590e+01 5.610754036435730541e+01 4.129175107632366348e+01 5.302364317264960647e+01 6.213504844637517976e+01 6.689359524743372276e+01 5.180926658307149779e+01 7.172350906806602211e+01 8.172879742504051137e+01 7.805856534311443795e+01 9.805945742720409442e+01 1.141350143026315180e+02 9.993846302982720431e+01 1.141350143026315180e+02 1.147939729275875891e+02 1.215786515663433107e+02 1.144732158861754101e+02 1.002468583862987401e+02
