MOVIE_S9_data/elevation_000424.asc
nrows	100
cellsize	150.0
xllcorner	0
ncols	100
yllcorner	0
NODATA_value	-9999
[rows 17 to 33 of 100, columns 37 to 73 of 100]
3.703740921211614534e+01 4.287122312217515940e+01 4.935836543919892705e+01 5.866932989379250785e+01 7.060376978732625730e+01 9.069858856339767783e+01 9.503581513849459839e+01 7.524370019317413494e+01 7.524370022158535676e+01 8.924966952136001908e+01 8.019581997329709111e+01 6.039422848196949900e+01 6.619398035149353632e+01 6.463013013894529024e+01 5.640941818763556626e+01 3.736872566171101084e+01 4.089942686943485484e+01 5.265230274727600346e+01 7.272473311279929931e+01 7.765619518400346522e+01 9.168661721589185731e+01 9.525036383598785505e+01 7.828556669172141369e+01 6.434094629764305751e+01 7.158848050886967940e+01 5.463579018555966371e+01 6.290832935858539798e+01 7.424157983376818493e+01 9.379164208107656009e+01 1.110407030224969134e+02 1.132179633475376335e+02 1.112452213783307542e+02 9.721210517845013044e+01 1.112452213779243664e+02 9.778119190300400021e+01 7.789279719016515457e+01 6.989847512037141541e+01
3.958009887528413628e+01 6.017759140948828644e+01 6.996137949788162302e+01 6.996137949847167192e+01 8.735990318232033758e+01 9.891992541228928815e+01 9.246667149125478602e+01 7.267627196692146185e+01 6.120612100187392457e+01 7.258319537989896730e+01 7.958981587426472970e+01 6.617384727177930870e+01 4.642325821903012439e+01 5.569796204304756060e+01 3.664589200494722121e+01 4.023371452247896229e+01 6.355498316050702101e+01 7.199425558547218884e+01 7.922303351833829765e+01 9.021919735669661122e+01 1.035047510504078048e+02 1.062187793692695976e+02 9.225217303049549855e+01 8.405974182551024398e+01 7.671448039854526257e+01 5.691613911502058443e+01 7.671448039854526257e+01 9.063555224516184694e+01 9.172136564356121369e+01 9.116703153024786843e+01 9.334027055200527911e+01 1.132179633475376335e+02 1.171176497722452865e+02 1.140850333643762866e+02 9.411698715057899278e+01 9.340505362834380776e+01 7.359755786070179795e+01
5.415263309450082119e+01 4.985169691893077726e+01 6.186553041038859391e+01 8.230315254844667550e+01 9.838732805901544509e+01 1.057780856426130782e+02 1.006836213058000595e+02 8.402801755701534603e+01 6.420500406265873039e+01 5.269861857359567381e+01 5.973867000948968808e+01 6.585212440458903416e+01 4.859445522999925515e+01 3.593836612554923704e+01 5.569784735003582199e+01 4.143773595001143661e+01 6.140091587255010808e+01 7.078679248564192505e+01 6.281541652028115408e+01 8.085118029015369245e+01 9.919795345069248071e+01 1.074064288229489392e+02 9.923783941811898046e+01 7.965236597134992280e+01 6.587627622085673806e+01 5.922367775124096312e+01 7.891818572048218527e+01 8.479420847656956539e+01 7.212840642008680447e+01 7.728234613806611719e+01 8.859158274829330537e+01 1.026264644686180247e+02 1.225347666405977094e+02 1.223244379088520333e+02 1.088588312066714394e+02 8.884985971356891810e+01 7.741234993302396106e+01
7.472312748626352175e+01 6.186553041038859391e+01 7.885870997342303212e+01 9.058227034132990241e+01 9.297658330563972129e+01 8.553713323128147294e+01 9.975927430664589224e+01 9.223912171012233330e+01 7.958981587426472970e+01 5.973867000948968808e+01 4.569200620584632588e+01 5.956209757335269472e+01 5.510059225171213626e+01 3.544383425488701533e+01 5.519633830295838806e+01 6.140090832940699528e+01 4.665643478765703378e+01 5.063578418846084617e+01 5.646370547627313385e+01 7.641460163830251417e+01 7.948716718694625172e+01 9.919795345069248071e+01 9.777299986137191468e+01 7.819188956514159372e+01 8.538565637340018100e+01 7.884462141751635045e+01 6.270542738740162747e+01 6.527944131671371508e+01 8.479420847837178599e+01 9.698789514325379457e+01 9.116703153024786843e+01 1.026264644686179821e+02 1.167081523563811487e+02 1.366014578682711260e+02 1.171035129344042076e+02 1.016694709098549794e+02 8.167649623193743480e+01
7.512476694550467471e+01 8.230315254935391067e+01 9.058227039831467664e+01 8.682414085202714205e+01 7.238753696356674538e+01 7.083543766563805377e+01 9.146557093248009096e+01 8.483231291047205502e+01 7.661783788962969766e+01 7.377034686062214064e+01 5.956464048559612934e+01 3.978240980993950870e+01 5.398954715426225448e+01 3.494955771813038581e+01 4.630328335686008501e+01 6.615919996500876721e+01 6.090501521353208148e+01 6.492671314732264420e+01 6.231850518885558188e+01 6.548068894638120696e+01 7.693278962030005630e+01 9.663594472420099635e+01 1.059130487145526729e+02 9.202572064381584482e+01 9.360519867867901667e+01 7.397596406816407466e+01 8.227486287095433681e+01 8.479420847837178599e+01 6.962475762815398639e+01 8.916311886863896063e+01 1.012353477526889662e+02 1.094804307833152279e+02 1.183815920547702802e+02 1.298786045397378075e+02 1.179867785455199964e+02 9.800223904716870038e+01 8.697233356518802339e+01
7.021287682725916568e+01 8.798504811619423549e+01 7.946991588617557056e+01 7.841792902056592141e+01 5.726759792953273376e+01 7.841792902062188375e+01 9.247074745385850747e+01 7.661783788962969766e+01 5.678795548607946131e+01 6.259599357194751690e+01 6.089470650759928816e+01 5.017756318651662895e+01 3.424777164509259819e+01 4.063931801986798575e+01 6.010396717132264399e+01 7.437465828405328239e+01 8.091158162439541002e+01 8.493427550079474031e+01 7.134799596431835766e+01 8.526032282107885862e+01 9.344679800494762389e+01 1.048397785119630754e+02 1.164143747069393129e+02 1.116481592951409993e+02 1.018194678314416990e+02 8.524476799273172389e+01 9.971638151851826137e+01 7.997303494427498549e+01 8.916311886863896063e+01 7.458981711997148523e+01 8.143721698265022724e+01 9.023364861649179147e+01 1.017167903851599533e+02 1.216366396645386487e+02 1.262196354478626290e+02 1.070301474454871880e+02 1.011830006820110128e+02
6.925993828722339174e+01 7.944034991556031855e+01 5.827279234238690009e+01 6.445984354032840713e+01 5.059902483612847135e+01 6.320034827879348427e+01 8.411703185639210290e+01 7.626820950025279444e+01 5.652685124925557147e+01 4.277704314489102444e+01 5.258874792610061633e+01 3.354521719827587845e+01 5.328857747260379796e+01 5.983744770809898483e+01 6.973161315445685204e+01 8.427491458081850340e+01 9.273922214388602470e+01 9.948034784390901564e+01 8.545217163027879792e+01 9.948034784390901564e+01 1.022838085371237753e+02 9.960839988059714756e+01 9.583134322964049545e+01 1.164143747069393129e+02 1.132543192481097378e+02 1.050276041055752501e+02 9.606762093520177359e+01 9.389329100223190494e+01 1.024696273331488925e+02 8.585027733332782418e+01 8.123016374987496135e+01 1.010252140335792461e+02 1.154510728101645611e+02 1.236922564752035356e+02 1.325955131550186081e+02 1.269610678557650090e+02 1.211464085830088777e+02
7.664225448297995058e+01 7.490106534216424450e+01 6.446004076416633666e+01 4.303870351458287047e+01 6.446004076416646456e+01 8.052266471262430514e+01 7.833279672726978049e+01 7.317268228186614465e+01 5.343442982806850949e+01 4.161580137538847879e+01 3.283648232511286125e+01 5.250856095086961517e+01 5.404675289164452323e+01 6.323432604209625651e+01 7.118913791562609106e+01 6.358448497367326269e+01 7.821607420463713822e+01 9.890224918924900521e+01 1.052789105687109839e+02 9.615277172368456604e+01 8.157555682814448517e+01 7.888001852865241403e+01 9.960839988059714756e+01 1.090371731445956272e+02 1.174556454167781254e+02 1.241960572609551861e+02 1.159515043078568226e+02 1.137745656178631890e+02 1.139443779631461808e+02 1.056917662963670921e+02 9.261216869402063878e+01 8.925010345849707960e+01 9.552078012888767944e+01 1.044409434536943309e+02 1.185364179258093884e+02 1.384140943964078190e+02 1.358827572012913265e+02
6.764303430542013018e+01 5.427233984192072569e+01 5.432700801179485239e+01 3.920253920405097148e+01 6.008630050078094342e+01 7.187434439467884317e+01 5.707904489651481583e+01 6.426124257936820072e+01 6.083502676361595718e+01 5.251702985333405138e+01 3.233466020344975789e+01 3.673031526301510041e+01 4.112967075669777728e+01 4.562122939320197901e+01 5.132286845242251871e+01 6.244678228982991186e+01 8.313141778938161508e+01 9.857546595066439465e+01 9.007808496376802054e+01 8.764086332718652272e+01 6.701361290043909946e+01 8.737185410707093070e+01 9.433798215396610942e+01 8.824937788973500119e+01 1.090371731445956272e+02 1.141057907281049637e+02 1.058789507163290580e+02 1.069709569368675659e+02 1.151990996502926947e+02 1.207115640270866521e+02 1.125058777130061998e+02 1.091485608795026110e+02 1.154510728101645611e+02 1.236922564752035356e+02 1.325955131550186081e+02 1.390379229114663531e+02 1.307763852221412151e+02
5.985327589438460905e+01 5.389207652099935331e+01 3.463175446403943880e+01 5.324038230784147174e+01 6.346505784164793340e+01 6.210652081591035056e+01 4.242916949916077840e+01 4.748590408596135148e+01 3.865537114056493806e+01 5.084766425268254153e+01 3.183478930491842007e+01 5.062684956547719395e+01 6.082036826645818195e+01 6.490687190418863395e+01 5.895481140233898287e+01 7.927641709181953900e+01 9.160435757057408068e+01 9.007808496376802054e+01 6.942734174978066619e+01 7.547580440061555862e+01 6.081775032733963826e+01 6.675160866225181167e+01 7.356083047361254046e+01 9.433798215352736349e+01 1.104366233556942660e+02 1.022229384557497411e+02 8.621204873609461572e+01 8.729100041419000888e+01 1.011628478787951622e+02 1.209929725966079417e+02 1.240849488026633907e+02 1.158587391354043064e+02 1.240849488026635612e+02 1.228567103395065061e+02 1.310947230748670052e+02 1.307763861407101444e+02 1.108486714576717986e+02
5.153217871414872064e+01 4.637242010323922159e+01 3.183696933516969807e+01 4.170133637726623732e+01 5.594615547433819813e+01 5.508742255279683775e+01 3.213047515652157671e+01 3.035042823282358526e+01 3.073779737159302172e+01 3.112552776387093445e+01 4.841480223231918956e+01 5.901393960195688493e+01 6.312522878926252901e+01 8.297023552179958017e+01 7.927641709181953900e+01 8.775583420112401711e+01 9.014062540664924938e+01 8.162478553627437350e+01 7.547580440061538809e+01 5.476081753669162566e+01 7.547580440061555862e+01 8.730938168536349053e+01 9.404711472583753107e+01 1.027063461967891129e+02 1.022229384555782161e+02 8.262217271636568228e+01 7.504097523432535866e+01 9.452425956391796547e+01 1.071681084627347929e+02 1.153956132291924490e+02 1.142049395935984109e+02 9.614006276300419529e+01 1.142049395935984109e+02 1.031282074451983419e+02 1.196774408788239157e+02 1.290839539455561180e+02 1.091674805240304238e+02
2.727780179190657961e+01 2.763896148172175771e+01 3.459800874130483805e+01 4.530155744989878741e+01 4.832319347795554165e+01 4.891449602898747173e+01 2.980490510999453235e+01 4.919859440341645040e+01 5.025443520783080942e+01 3.430224646452415271e+01 3.197825637719823177e+01 4.333439809936054132e+01 6.074396226800438825e+01 6.955083212994802011e+01 7.777278375212071637e+01 8.659518773953176662e+01 8.162478553627440192e+01 6.091760034017453762e+01 6.698259446482654766e+01 5.103054219880014131e+01 6.148261674055632398e+01 7.612944602069670452e+01 9.714256616488239615e+01 9.587256296858375038e+01 8.770987315520318361e+01 8.148983742468860214e+01 6.892257022875315897e+01 8.836310408571426933e+01 8.749087360136496727e+01 1.071681084627347929e+02 1.059994009492043290e+02 8.631791011179963391e+01 1.059994009492043290e+02 9.183034791693140164e+01 1.108714168814214247e+02 1.227859566954055595e+02 1.028870045385903182e+02
3.341101662199057643e+01 4.425287475167385765e+01 2.815479593325541785e+01 2.852153314732101919e+01 2.889092917587141685e+01 2.926675156888449791e+01 4.873667174989105888e+01 4.171573412243242984e+01 5.975951256805596756e+01 5.564386648431625559e+01 5.169915680813203807e+01 3.282431193910047540e+01 5.253204442981171951e+01 4.973021368620484850e+01 6.674090196244883089e+01 6.674090292852493178e+01 7.127408603106536589e+01 6.272808992563360420e+01 4.635811850687924363e+01 5.822745369267541093e+01 7.894130765929494942e+01 9.078153907896017927e+01 9.132595260162003115e+01 8.317778195521745488e+01 6.821661183416235019e+01 6.199167480222083526e+01 6.766672183552427100e+01 7.379175726379691014e+01 8.495062522916195746e+01 1.045970994199223725e+02 9.943890400340276869e+01 7.978134961917719181e+01 9.943890400340276869e+01 8.311887419948413935e+01 1.026849203321688151e+02 1.134473530939967247e+02 1.028870065448346480e+02
4.805660783041832929e+01 4.062105695208136780e+01 5.115000182908376303e+01 4.720473104028849320e+01 4.831832867435234391e+01 2.919782393253090547e+01 5.044751321964322699e+01 5.310174828478022135e+01 6.808562260313681236e+01 6.826566610475273933e+01 4.894510042597755017e+01 5.236243058693264629e+01 3.366287794588088644e+01 5.336733439662486234e+01 4.692319092315430851e+01 6.674090249453645640e+01 6.272808992563360420e+01 4.265371121950958866e+01 6.272808992563360420e+01 7.552630802560963730e+01 8.745641153521761169e+01 8.710339928321505454e+01 7.896346979405697653e+01 6.363682035438122853e+01 5.684371913605340865e+01 7.074037252290563060e+01 8.709963675575146169e+01 9.325420225725983414e+01 1.014432434152151643e+02 1.128214668678322283e+02 9.376425684573150932e+01 7.411900885183649734e+01 9.376425684573150932e+01 7.623607405217852317e+01 8.566115973248814441e+01 1.052559837638462454e+02 1.111343149473675993e+02
5.782154123398052548e+01 5.219300110466056708e+01 6.366146240793775490e+01 5.312278720581988267e+01 3.354957338360762975e+01 5.034081485161529201e+01 5.951454048239066452e+01 7.259677843432137934e+01 7.951809064485343015e+01 7.592758133505300577e+01 6.009111123221162387e+01 4.610080169042620923e+01 5.320671621265634599e+01 3.449661904491690478e+01 5.420704691120117502e+01 6.266162542865667717e+01 5.802469139376598406e+01 4.020177818753862198e+01 5.993408193972162223e+01 6.872345547723662662e+01 7.667313314111100908e+01 7.577329226702029530e+01 5.936141912536525211e+01 5.219130162600201572e+01 7.189580251475051398e+01 8.458206819680408728e+01 9.842376387070265764e+01 9.690779547264057214e+01 9.473846895853239403e+01 1.005496214300215456e+02 8.869187562490014898e+01 6.903145116938250681e+01 8.194840567005526566e+01 6.970734504365569251e+01 8.741114864153419717e+01 1.040766898810363585e+02 9.766061517338312115e+01
6.415625115766181352e+01 6.983061934060891929e+01 7.331294385234487265e+01 5.786737808524583215e+01 3.799264419083186084e+01 3.724152913039650059e+01 5.709030908974989416e+01 7.037921498439554568e+01 7.872279694188485166e+01 8.731177847535252567e+01 7.453363160685482569e+01 6.614148318769504442e+01 6.014030053336269788e+01 4.058113319169987676e+01 3.533428740667554990e+01 3.597255531234738157e+01 3.665769459794485385e+01 3.739869697967608175e+01 5.599365458889803904e+01 5.030194012773021228e+01 6.647447516395723710e+01 6.365628823119202906e+01 4.788774836395000278e+01 6.764622056352509105e+01 8.002191155764681696e+01 9.603292156164546611e+01 9.690779547264057214e+01 7.710521290643916359e+01 7.494030718550745007e+01 8.073905451379816611e+01 8.678056056474395064e+01 8.194840567005468301e+01 6.220711301402461402e+01 7.618779700073602612e+01 9.585398186047575564e+01 9.969988687802000982e+01 8.043741723195836357e+01
7.156197986789770482e+01 8.155730857689832192e+01 6.496304870279929844e+01 4.489345375268553084e+01 5.786737808524583215e+01 4.090252619357133312e+01 4.273841594416386869e+01 5.019590574727661192e+01 6.182428485317530686e+01 8.206564950716760620e+01 8.359117970037414125e+01 6.407935580503983886e+01 5.026123277331174677e+01 5.926890613712230049e+01 3.980516492641623927e+01 3.706788811148220475e+01 4.965818543636529370e+01 5.586104827457390343e+01 3.848670259275046135e+01 3.922422914490701373e+01 5.895553710315977725e+01 4.379278768458275550e+01 5.948574254516024951e+01 6.931269496517469975e+01 7.654308405871272214e+01 7.658219132359863579e+01 9.428043749164274345e+01 8.073904933057019662e+01 6.085961684506556679e+01 7.136790076158061424e+01 6.694495458626968798e+01 7.415706133435593017e+01 5.882973914462191090e+01 7.867229718837896257e+01 9.032558732451627748e+01 9.824461295814680284e+01 8.917466225685569725e+01
