MOVIE_S9_data/elevation_000319.asc
nrows	100
cellsize	150.0
xllcorner	0
ncols	100
yllcorner	0
NODATA_value	-9999
[rows 0 to 16 of 100, columns 37 to 73 of 100]
1.033836886345324899e+02 9.967500931340580905e+01 1.080616300585326428e+02 1.029659744733862681e+02 9.457534743460891491e+01 9.457534743460891491e+01 1.005208910808364777e+02 9.741882030753548349e+01 8.902162860812916279e+01 9.356215156815119371e+01 1.019576110035683314e+02 1.124085662598171496e+02 1.207685612062561944e+02 1.210007810165734412e+02 1.092935101980597494e+02 1.009057928839199150e+02 9.375778965872932247e+01 9.639323996086980628e+01 1.047768251055090758e+02 1.142220187730944048e+02 1.068473380754975182e+02 9.764489051952921272e+01 9.208653139987028169e+01 8.894169656494894127e+01 9.731170766103633696e+01 9.979020315449791667e+01 1.055290236567102369e+02 1.048091581285897576e+02 9.658509554179704537e+01 9.970709121684234333e+01 9.970709121684234333e+01 1.079144661713939399e+02 1.126171390126291527e+02 1.042257139843434999e+02 1.042257139843434999e+02 1.061270933796067055e+02 1.061270933796067055e+02
8.307881385236272820e+01 7.937461545497492921e+01 9.635020538811829738e+01 9.457534743460891491e+01 7.426647130767302940e+01 7.426647130767302940e+01 8.021480340697493716e+01 8.570328489140766237e+01 6.872150611043784352e+01 7.325636044098025934e+01 9.024068185019248745e+01 9.206521862833888292e+01 1.090505044187202799e+02 1.126288202538105736e+02 9.232394123063946267e+01 8.068818667805049927e+01 7.359950420174222074e+01 7.621396232019154127e+01 9.311612401914891279e+01 9.397447243815696538e+01 9.830251445056634907e+01 7.723220398999414726e+01 7.595056279623599949e+01 7.225024255746538415e+01 8.780343917472279713e+01 8.059352700533365521e+01 8.621610327318181533e+01 9.314494285457233502e+01 7.623778245726920488e+01 7.938180826093592657e+01 7.938180826093592657e+01 9.970709121684234333e+01 1.042257139843434999e+02 8.388140789221894522e+01 8.388140789221895943e+01 8.578192505152658498e+01 8.578192505152658498e+01
6.874426700822881742e+01 6.767466259386831950e+01 8.728220255097247104e+01 9.457534743461511084e+01 7.426647130767302940e+01 5.993201796031274853e+01 7.156619463314376617e+01 7.156619178311255780e+01 5.702450359646167755e+01 6.154741690827766121e+01 8.183860496376819071e+01 8.033889488819009728e+01 9.470755158529748030e+01 1.150418490436456835e+02 1.092935101980597494e+02 1.009057928839199150e+02 8.474273040452212058e+01 6.458961375182140330e+01 7.379361437472873320e+01 9.397447243815696538e+01 1.068473380754975182e+02 8.654522979199711585e+01 6.458342850224556742e+01 6.403484138489275779e+01 7.517915771096400590e+01 6.710023242913973718e+01 8.621610327318181533e+01 8.407483111861184000e+01 6.446544206399789800e+01 6.495849423576413528e+01 7.938180826093592657e+01 9.970709121684234333e+01 9.587579354567124312e+01 8.746751617373122656e+01 6.951729772601441937e+01 7.141423954660497486e+01 8.578192505152658498e+01
7.888512049657265379e+01 5.861004009568941342e+01 7.294275857363938087e+01 9.323125124344454662e+01 8.625802020761281597e+01 7.156619463314376617e+01 5.134062168040436092e+01 5.134062168040436092e+01 7.156619141499957948e+01 8.183855803460510003e+01 6.950314837718663341e+01 8.120875241327345861e+01 1.015345906705973960e+02 1.092244558307612863e+02 9.754889006282364505e+01 8.917091423748095735e+01 7.970445120294657215e+01 5.948555011781822088e+01 7.970445120294657215e+01 8.695803350219151184e+01 9.208518409230349278e+01 8.552378220914796714e+01 6.817892827891496665e+01 5.554195762511992029e+01 5.576961724596255010e+01 7.434883872810672756e+01 8.241185315510092835e+01 7.569087776682694368e+01 5.544331494125575688e+01 7.572939441979519870e+01 9.098332697418389614e+01 9.044268791802072371e+01 8.203136047643155848e+01 6.712732944218402054e+01 6.181050225728806424e+01 7.356617860581697244e+01 9.389688807052081643e+01
6.553461850161305335e+01 5.385742130109797188e+01 6.813518785996879501e+01 7.653038592015703045e+01 7.785750709780259626e+01 5.759801333120923061e+01 4.602362738366423400e+01 6.616068291801437340e+01 7.566456258394008216e+01 8.405819379485245690e+01 8.979946248122664088e+01 9.819856156685803228e+01 1.099197960482850220e+02 1.008444714661836485e+02 8.062527724100759485e+01 6.899176323336850203e+01 6.131936330225276066e+01 5.520411285051424244e+01 7.548851889030309792e+01 6.648985560630470104e+01 7.013731449453787548e+01 9.148562175530446439e+01 7.946786128964109253e+01 6.016191773573748236e+01 4.866388439773142949e+01 5.503466810854853719e+01 7.121558361359237210e+01 7.094875004747657954e+01 5.061107776890128918e+01 6.233990848640119253e+01 8.266320648387953440e+01 7.869348732071630081e+01 6.166314156902166843e+01 5.532333453889407338e+01 6.712732944218402054e+01 8.746751617373122656e+01 1.023040619108543581e+02
8.250349834119354853e+01 6.813518785878376605e+01 4.795343093197134721e+01 6.274138643590497111e+01 7.112984851295172462e+01 6.322339213249495060e+01 4.313846496122945240e+01 5.916562500435241390e+01 5.545736452419559015e+01 7.226703349906368601e+01 8.066004433653787942e+01 9.079580444001851447e+01 1.045329741481421166e+02 9.855967039777982563e+01 9.754889006282364505e+01 8.572805815628808546e+01 6.550986642864985754e+01 5.110591652114158734e+01 6.664081926048098126e+01 5.177426077895409406e+01 7.145362891657458704e+01 7.982840141662300937e+01 8.748977357202616645e+01 7.633822031673608421e+01 6.328324144900636838e+01 4.349899286588975400e+01 5.865470211540587542e+01 6.628934711529160495e+01 4.567119925349643239e+01 6.069971690579073709e+01 6.921581859005505066e+01 6.544819282767805646e+01 4.980710013234964606e+01 7.027176380732515781e+01 8.413928222196081208e+01 9.587579354560762113e+01 9.526806867708720006e+01
7.592457837821559963e+01 7.653038578371860012e+01 6.274138643590499242e+01 4.264084295452542506e+01 5.779297469995610470e+01 6.616857746783048810e+01 5.916546324545289082e+01 3.913275905581527780e+01 4.540637261345363385e+01 5.205078003844678136e+01 6.212754563341334091e+01 8.240657750394649383e+01 8.414488656854388182e+01 7.817408760779807153e+01 9.258254208508172667e+01 8.737602818760839796e+01 6.717056313996741324e+01 5.543020402511059075e+01 4.631523139710828474e+01 4.339253229961619240e+01 5.119159964668386920e+01 6.813747617099153331e+01 7.131111402823901813e+01 6.030518563499179407e+01 5.438885622869807435e+01 5.410088314504322682e+01 3.883880686978208274e+01 5.633513980951722999e+01 5.711090794822561634e+01 3.900281896540575843e+01 6.028005973967615461e+01 4.456891598868391924e+01 6.544819282430819385e+01 7.027176379924870275e+01 9.062414811902580425e+01 9.255131610882324367e+01 8.414240713632580082e+01
6.790973409517488335e+01 8.157825666434943912e+01 7.112984851293735744e+01 5.779297469995610470e+01 3.774661214833049172e+01 5.318687774918679168e+01 5.322061604495688414e+01 3.665823670387066358e+01 5.668106706342064172e+01 7.226703349906368601e+01 8.066004433653787942e+01 9.079580444001851447e+01 8.414488656854388182e+01 6.374686593327005113e+01 8.414488656854388182e+01 9.575199762757743827e+01 8.408367585900585084e+01 7.493449384292135562e+01 5.807547638681084123e+01 5.975534086360633523e+01 3.957418544006134908e+01 5.608726604384605707e+01 5.942018087455001307e+01 4.025826067645218131e+01 3.438735989467991772e+01 3.502934158331818537e+01 3.567235926069623986e+01 3.632928361652069071e+01 3.698786026652902592e+01 3.765970595682124156e+01 3.845308282975442182e+01 6.077951463956508604e+01 7.387900412790231996e+01 8.615253883078648300e+01 9.115266694591110763e+01 8.078595568653682335e+01 6.373646386020352850e+01
5.480304261793759935e+01 7.096120979054718703e+01 8.193761211188666493e+01 6.566500020281840477e+01 5.310728594697955884e+01 3.316618970903365238e+01 3.320497764452225908e+01 3.921797296236272956e+01 5.930650606863578389e+01 7.805117581292208229e+01 8.876253642349087158e+01 9.021404394386784986e+01 7.693309721155129921e+01 5.650728178709773175e+01 7.693309721155129921e+01 8.117731887044151051e+01 8.956295134426989080e+01 8.649015649175855458e+01 7.825561256301874380e+01 6.813747630447350900e+01 5.608726604384605707e+01 3.602163115695568507e+01 5.070233394738942678e+01 3.347755572087033471e+01 5.345883985978117892e+01 4.387358154973613011e+01 5.610811322594836525e+01 5.048839210311882653e+01 5.116826343857886883e+01 5.781305886522659421e+01 3.860464413945144457e+01 5.882973780183861834e+01 6.829633029420212154e+01 6.395003119198513275e+01 7.574079601569447107e+01 6.233102238305014708e+01 5.190301363256137535e+01
4.466406235211280773e+01 5.505102721328607629e+01 7.387186671143913941e+01 6.158183515044814271e+01 4.344943229004738328e+01 3.005751004705287954e+01 5.005485325100543292e+01 5.930649187113424858e+01 4.919673416646108421e+01 5.930005728691912026e+01 8.009401781424840294e+01 8.177565627117630243e+01 6.137088358203327942e+01 5.036975525582526103e+01 7.077448213882703953e+01 6.091320773764266505e+01 7.786674249463625586e+01 7.294303630978497210e+01 6.423607455219878659e+01 5.779342504547945225e+01 5.101467585661112736e+01 5.164142887381527203e+01 3.256629889723080140e+01 5.253119460008528563e+01 6.182801068890555740e+01 5.541698339356727843e+01 7.181818647401836131e+01 7.092504950597134439e+01 7.159118081056006133e+01 6.355704683748968620e+01 4.077323174398494388e+01 3.959492487372497038e+01 5.985664879177667785e+01 4.484126293085495973e+01 6.684055884955913029e+01 4.795313234954630133e+01 6.475974972999509305e+01
5.296200918806341917e+01 6.135263471247568390e+01 6.665325913518805123e+01 5.827549328779349480e+01 4.826288153265746672e+01 2.829087443392201706e+01 4.826288153265746672e+01 6.456688700007174475e+01 6.954906466370253781e+01 7.805117581292208229e+01 8.790984984887239762e+01 8.118979821921665518e+01 5.968680023042787752e+01 4.479171147869475078e+01 5.865486037335359981e+01 4.922934892108613525e+01 6.881080350032767967e+01 6.459094541606651774e+01 4.448251713835969667e+01 4.274954885763100521e+01 3.106410853979321018e+01 3.168688523542367363e+01 5.164142998943970753e+01 4.029149282222651607e+01 6.043027500846083910e+01 7.503044672645950186e+01 8.315461830549541844e+01 8.430064098571523346e+01 6.366121728219663822e+01 5.081865886614312444e+01 6.354961003523010277e+01 5.930842792157183396e+01 4.060166911366234643e+01 4.131362474871630752e+01 6.041867021751441769e+01 5.115300546485598687e+01 4.413537770548617800e+01
3.269244067137159959e+01 4.967221235201260754e+01 5.828190652989708553e+01 3.819860805823128658e+01 4.405905074443140279e+01 2.654009023941919665e+01 3.646986408267314062e+01 5.573062371372484591e+01 6.983891996087744758e+01 6.211854217667459466e+01 7.041880675694439162e+01 7.666583003996731804e+01 7.335359532247731806e+01 5.865350656304322996e+01 3.850784904412417120e+01 4.028425019838465460e+01 5.580797518515580435e+01 4.869215962199247372e+01 4.924660161219734533e+01 3.018208335270931286e+01 5.013084371952991347e+01 3.823268653365484226e+01 5.767806535415584079e+01 6.043027500846083910e+01 4.924689276374301983e+01 6.355489072403707951e+01 8.377704062216750458e+01 9.274441145947675125e+01 7.980588437219999776e+01 5.899404241561336448e+01 7.965484822380658159e+01 6.097162880593694467e+01 6.089144773807456090e+01 5.690621919648583571e+01 4.232993694280924757e+01 4.307165797816816166e+01 6.214891542326309803e+01
2.212523244527928767e+01 4.126284121847897524e+01 4.999960905485565377e+01 4.169055017299402977e+01 2.409706405380459060e+01 4.300691448665475036e+01 5.431041371370597659e+01 6.456691040985785435e+01 6.029152054752042034e+01 4.222218863274039080e+01 6.001048110198544094e+01 6.103258547094523578e+01 6.842900049985389899e+01 6.698726811326666564e+01 5.281267399387550654e+01 3.280145078496228450e+01 4.119788832179802540e+01 2.873943606099802395e+01 2.929984128839007695e+01 4.922368196609638602e+01 5.846283181506949944e+01 5.902208393363527250e+01 6.774194498482879112e+01 7.785131654720122185e+01 6.947782129902864767e+01 6.204502968580611366e+01 7.634663871308667638e+01 9.656297321594084337e+01 8.830507120012300959e+01 7.107493838705829603e+01 8.830507120012300959e+01 8.172227437626524704e+01 6.745057976132819988e+01 4.706211387523163836e+01 6.267479861332735425e+01 6.343094228909718169e+01 5.170143099587527047e+01
1.704073789263096828e+01 3.693521074844842644e+01 3.935612842038310077e+01 2.168970789869377924e+01 4.169055017299402977e+01 5.213798330559280458e+01 5.535703177204354120e+01 4.646725505682243096e+01 4.277486002601627035e+01 3.247653295207549462e+01 5.176314692191057532e+01 4.828532374861721621e+01 4.714945550763948035e+01 5.878648337105586563e+01 5.460189504082275391e+01 3.993258317071065733e+01 2.794381895366360169e+01 4.790502615883882953e+01 4.656081749379294621e+01 3.106193547921856535e+01 5.102109731077315047e+01 6.065840835530760700e+01 7.161068807576903339e+01 7.872798250698578215e+01 8.752163985267488044e+01 8.226786599823712720e+01 9.063887123603529972e+01 1.039701421517534783e+02 1.001921044812145993e+02 9.173295601990238879e+01 9.190088098198455668e+01 7.149119995439566821e+01 5.969048604293024596e+01 5.053621608288280953e+01 7.101099756028695253e+01 7.971725064206624722e+01 7.160359220790451218e+01
3.471544175633751905e+01 1.767013816228227086e+01 1.931513620184776059e+01 3.935808690232667573e+01 5.002080003635861516e+01 6.019186225106696497e+01 4.454152282579996580e+01 2.756574786104312125e+01 2.241255200467024977e+01 4.033434894029267070e+01 4.373953357940077069e+01 4.430545673185049083e+01 3.252808154126807949e+01 4.543451150421806517e+01 4.098726098871239287e+01 4.647183559546670040e+01 2.738439931262598037e+01 4.735605606511476395e+01 5.843304073058172321e+01 5.102109731077315757e+01 3.282320891836320698e+01 4.591844007669805450e+01 5.867874760967414005e+01 5.750859642246533099e+01 7.888711906541334429e+01 8.008051622213946530e+01 8.845038603102993591e+01 8.375376011724496550e+01 9.066619983827426665e+01 9.903994167739368493e+01 1.002756527616813429e+02 8.852444911116930371e+01 7.718410525771220421e+01 5.671022323882063176e+01 5.777561244782133798e+01 7.824967004369159440e+01 9.022456540835396765e+01
2.673416937180947528e+01 3.782734894632793043e+01 1.832779262392323005e+01 3.848795797258694051e+01 4.747294408469279858e+01 4.898382294836316930e+01 3.415119820014967189e+01 2.162171376728082350e+01 4.134548757606437874e+01 2.320793800419289710e+01 2.377101309857158995e+01 2.433486809131953166e+01 2.489943614781686776e+01 2.546451684609523625e+01 2.602805731845658599e+01 2.658887509128357962e+01 4.466293202123702599e+01 4.362948298468521813e+01 6.366626980044733131e+01 6.117799146045029346e+01 4.689946555516533522e+01 3.459784453001390148e+01 4.271061502624283435e+01 6.319640096026869003e+01 6.416760335293142248e+01 5.984677264026732502e+01 7.317907553176036117e+01 6.947170081107694273e+01 7.048990772419321615e+01 8.212185591229562931e+01 1.023379906998323321e+02 9.167813424811784273e+01 7.118048187645734970e+01 6.586068518482321110e+01 7.824967004369159440e+01 6.580003958460518731e+01 8.628423091333463901e+01
3.430516549936933046e+01 4.608158955010264890e+01 3.142369644166604203e+01 1.898810271249009318e+01 3.915029659755826685e+01 4.030451870143389215e+01 2.083723190963239347e+01 4.100981428193408362e+01 4.953615654034599913e+01 4.409008895675757600e+01 3.794646961103717331e+01 3.437270891479953860e+01 4.491360372044968585e+01 3.957397598093717050e+01 4.656413145123111974e+01 2.986541761069786105e+01 3.717193036809574380e+01 5.733772393244317556e+01 7.201276261997148254e+01 7.545646826648021488e+01 6.300028840016062048e+01 4.453062841233103342e+01 3.641707677597689496e+01 5.650649713960301312e+01 4.391428549326742115e+01 4.810760881107206188e+01 5.289706124270899323e+01 5.879282082881368154e+01 7.048990772419321615e+01 9.066619983827426665e+01 1.107116943402398590e+02 1.001320545525860553e+02 9.167813424811784273e+01 7.608163688321991458e+01 9.475092871021229257e+01 8.628423091333463901e+01 7.543368536693799342e+01
