MOVIE_S9_data/elevation_000261.asc
nrows	100
cellsize	150.0
xllcorner	0
ncols	100
yllcorner	0
NODATA_value	-9999
[rows 17 to 33 of 100, columns 37 to 73 of 100]
3.846097941356666894e+01 4.866129609711646964e+01 5.669919336639925689e+01 3.529162034399190162e+01 5.375120452183247011e+01 5.561172261940563999e+01 3.526175930536236791e+01 3.577727385414048911e+01 2.317029418902657056e+01 2.371644193160873471e+01 3.747355445632290838e+01 5.274844522715392259e+01 5.774227963835495814e+01 3.758284510455383298e+01 5.772808133085206350e+01 5.723699971866120961e+01 6.526996335278937522e+01 5.489843661360915661e+01 7.175444261950470093e+01 7.924926973584774714e+01 6.351010762533497456e+01 4.951388636197723514e+01 5.934685676720484793e+01 4.139080098854280010e+01 6.157038081496396131e+01 7.229046596341203212e+01 7.942336736126445373e+01 8.609152395072298702e+01 9.438978088620464746e+01 1.044139633362113813e+02 1.129206318487496361e+02 1.046821002162798635e+02 1.072767057626878540e+02 1.155071511228351397e+02 1.172825282998812355e+02 1.162349558313017326e+02 1.244918605992171479e+02
3.662668062185527873e+01 4.066814330281687262e+01 3.971929930336219172e+01 2.795071071634517423e+01 4.453723958446761344e+01 4.936229280770883321e+01 4.179747479744382588e+01 2.239881567696080111e+01 4.252809552050226927e+01 2.827478765552511319e+01 4.922125221581448784e+01 6.404374630366305610e+01 6.595513387370750991e+01 5.190043113386608553e+01 4.479210346322555125e+01 6.482501824353262521e+01 8.079646928872774936e+01 7.508761355471234822e+01 8.338336658383038014e+01 9.180825119027782932e+01 7.820771334945219166e+01 5.956339127947725842e+01 5.972521196967205270e+01 6.155897624815391111e+01 4.384609862281559600e+01 6.399902719943825957e+01 8.259559306519280142e+01 9.089793793122140642e+01 9.111215661975238334e+01 9.354688827856953992e+01 1.013614239714161016e+02 8.460647103167012517e+01 8.721569681999697821e+01 1.072767057626878540e+02 1.196598498427415365e+02 1.278180922628539236e+02 1.328882779588599874e+02
1.827238302139070214e+01 1.877035914391135307e+01 1.926424733277364965e+01 3.584953076003165506e+01 4.027000826362106523e+01 4.101604170655977555e+01 2.167898946635086688e+01 4.175185113241876422e+01 2.439069203896831084e+01 2.580865080383080468e+01 4.597645162530430696e+01 5.635330949676243506e+01 6.653299907418815451e+01 7.184586445247968811e+01 6.482501824353262521e+01 5.272105842140627630e+01 6.426421819499084620e+01 7.830750439239396599e+01 9.799295154498415172e+01 9.492451985947340631e+01 7.535464117773804560e+01 7.789557814588506801e+01 5.952198876500897029e+01 5.258249847880114203e+01 4.560367116016126943e+01 6.572317950038035406e+01 6.257304995970890360e+01 8.259559170919602877e+01 7.104807732375115847e+01 7.347031816586824959e+01 8.759263482057407657e+01 7.300184548747651547e+01 9.309143030186423573e+01 1.091857622771823912e+02 9.969979379714111190e+01 1.163388449834739617e+02 1.246574369476395532e+02
2.860953335696000011e+01 2.452507705067392152e+01 3.797412985144758579e+01 1.995631810280017504e+01 2.044241712796188182e+01 2.095627337658238076e+01 2.669156024984584619e+01 4.854540378616995611e+01 4.454322676756855515e+01 4.597645176263872457e+01 2.783368472815810790e+01 4.802070917374973646e+01 4.639917840931485671e+01 6.653301040405774813e+01 8.079634784845029571e+01 6.684120919992759013e+01 6.535934774988308504e+01 7.939574112600644185e+01 9.907175986626673136e+01 1.031618793143230022e+02 9.142883394115398232e+01 7.229009051664566243e+01 7.789569868229476413e+01 6.963116850413716463e+01 5.003965472146307292e+01 4.840056875536219394e+01 6.843751471483567173e+01 7.357122681931033981e+01 5.694424589608373566e+01 5.934635936216400154e+01 7.932231850278090235e+01 6.666940550782364028e+01 8.085909357685517307e+01 9.741729265952625383e+01 8.808321651200908775e+01 1.081359061117741476e+02 1.242414775630108608e+02
3.939817642504236517e+01 3.022970897305716065e+01 4.533205605644408109e+01 4.056281946664371674e+01 4.021553004663596909e+01 2.197559561776759907e+01 2.449744142769259625e+01 4.473990035103621210e+01 5.736952311127120652e+01 5.635341523109604367e+01 4.802084041862365638e+01 2.988924875759914457e+01 5.009373098146446779e+01 6.812541951953163277e+01 7.644643779461610222e+01 8.662752930618867708e+01 8.515871338291618997e+01 9.328535376214482255e+01 9.585113241790480743e+01 1.039939649695078430e+02 9.958758277222915467e+01 9.142883394115398232e+01 7.652752014449397677e+01 5.645020298276403992e+01 6.964105569118977712e+01 6.843731436615368580e+01 5.126325222755905031e+01 5.360389161036731309e+01 7.357122681953384813e+01 7.935060939776693090e+01 6.290650362011503915e+01 8.295220850731024598e+01 7.098364862752242743e+01 7.733006655988391742e+01 9.741729265953905781e+01 1.163388449834739617e+02 1.324733252590793882e+02
5.189946705757099465e+01 3.577611498351446073e+01 5.255006383035873085e+01 4.427882764586766484e+01 2.401775004613277531e+01 4.200115681865637640e+01 4.473990035103621210e+01 2.871959447224192985e+01 4.896090966871348371e+01 6.168922902059714630e+01 5.145367033463761430e+01 3.136478127385073122e+01 5.157996559103465728e+01 4.787201634793495941e+01 6.807063806344817181e+01 8.160098762110196446e+01 9.353506542004909363e+01 8.524575908594245277e+01 7.589892670519282092e+01 9.252421362760206591e+01 1.038435353148234697e+02 8.352378141205876716e+01 6.900306277548429534e+01 6.251650192865769640e+01 8.300726661670955764e+01 6.757340048372992669e+01 7.125004693879139950e+01 5.728663267514819069e+01 7.727716031082633208e+01 9.126195363930945348e+01 8.296970361627374757e+01 8.304294512604869283e+01 9.101760205062458908e+01 7.607944227725270991e+01 9.617424186048991430e+01 1.127291066398356634e+02 1.209423914291685520e+02
4.760344639293463587e+01 4.757500584885517014e+01 6.010012655889212851e+01 4.596148428868556124e+01 2.570827883774230571e+01 4.596148433871721295e+01 5.736952311127120652e+01 4.896090966807418710e+01 3.319696265160297344e+01 5.343017027081876336e+01 5.983403725124505712e+01 5.157996559103465728e+01 3.348683118674600223e+01 5.197259118219574958e+01 5.281613278340154238e+01 7.308335994844237860e+01 8.196056272147453114e+01 6.518343978388807614e+01 6.432381508961924510e+01 7.849599897555557959e+01 9.843051818509449902e+01 9.783854014119150122e+01 8.947529953813668158e+01 6.971191415727716389e+01 9.027874681413881319e+01 8.173249578550786509e+01 7.727716031082633208e+01 7.727716031082633208e+01 6.411035842363249060e+01 7.827005697832508702e+01 9.834753673452757994e+01 1.035440780936791043e+02 1.006679986714680552e+02 8.057130726397198828e+01 8.555958724619499378e+01 9.267936511326978177e+01 1.068907712027915409e+02
6.540847263744022655e+01 6.505802664900778609e+01 5.948434098957497440e+01 4.763649503849885747e+01 2.746331323763986987e+01 4.174319171287261554e+01 6.186418785566706902e+01 6.184499742766917763e+01 4.750958439909255304e+01 3.803857319436990281e+01 5.826527584514366964e+01 6.203503856812711348e+01 5.371187209206394897e+01 3.566604184818987022e+01 5.301147600839825458e+01 6.562602249171406754e+01 7.366160559954045084e+01 5.359046903381283755e+01 7.366277363633318487e+01 7.285526723579690156e+01 8.718349545095239250e+01 1.077340649377762958e+02 9.863196462901666450e+01 8.010173225625528914e+01 9.863196462901666450e+01 1.017966898181231414e+02 9.733516800854688711e+01 9.245185760315040113e+01 7.566347359572571918e+01 7.305009769722666135e+01 8.725235003959262770e+01 1.073237313264927906e+02 1.070196841725388026e+02 8.693389100812071035e+01 9.063678738475623220e+01 1.106992099582009814e+02 1.090746328684282531e+02
7.788852916300315599e+01 6.374371876304568474e+01 5.147716248464900701e+01 3.130608516683792431e+01 2.964675921015243532e+01 4.392057340450933367e+01 6.403713378258311195e+01 7.618041059523855552e+01 6.668751599372770045e+01 5.826527584514366964e+01 4.320029117920410044e+01 6.339464561659774944e+01 6.421257627959521130e+01 5.000684609929170676e+01 3.790845706471831988e+01 5.812676760684311006e+01 6.208778860858900117e+01 4.816556913570215670e+01 5.642307347986512411e+01 7.065329243700580264e+01 9.125740561951212726e+01 1.007828134084669642e+02 1.087664852352637581e+02 1.004557613720224083e+02 1.087664852352637581e+02 1.100950469715306923e+02 1.122956890398440635e+02 1.040341292894538299e+02 9.574426493512271463e+01 8.464431810960758185e+01 8.725235003959262770e+01 1.073237313264927906e+02 1.141079097414753676e+02 9.405938027597561302e+01 1.106992099582009814e+02 1.033612806282335868e+02 1.233260195088627285e+02
5.963949433817159473e+01 4.959890836319529939e+01 3.529124908779790815e+01 5.147716248464900701e+01 3.183408686155556211e+01 4.614232287266346333e+01 6.624793513061142392e+01 8.086410725495314011e+01 8.144614607696841801e+01 6.121305897319126643e+01 4.697418249243875721e+01 6.713919298154948478e+01 7.841830645989873005e+01 6.578165569844226468e+01 3.946095830610208566e+01 4.013348455639282264e+01 4.179762414909816215e+01 6.209052008021807012e+01 7.307086384440330562e+01 8.161141560227653713e+01 8.995450961391021849e+01 8.062259087562674154e+01 9.211826158158268640e+01 9.257952005861032774e+01 1.009138820949769126e+02 8.995032300376047374e+01 9.215462124459453719e+01 1.122956890398440635e+02 1.130014379459821470e+02 1.047243105536226579e+02 1.073237313264927906e+02 1.155970344610141609e+02 1.223162948899057056e+02 1.041285795621045622e+02 1.223162948899057056e+02 1.175146137505779649e+02 1.315060244161998355e+02
4.859977890649347643e+01 3.952562734062554739e+01 5.546628537958243754e+01 5.429301762277466992e+01 3.407737639683544728e+01 4.085493973164836490e+01 5.254163455884194178e+01 7.257646137228849170e+01 8.368336973416968760e+01 6.342097410259039236e+01 6.713919298154873161e+01 5.320930126231382928e+01 7.335686314200569313e+01 6.735826446980837545e+01 6.735826446980848914e+01 6.040429917036581031e+01 5.679028064288900168e+01 4.440428330836930115e+01 6.471164861133065926e+01 6.141496815187527858e+01 7.238413891092461938e+01 6.633857582098723071e+01 7.194111420129941337e+01 7.240604927400632107e+01 8.420880245748388404e+01 7.568643269843471444e+01 9.271484922308907528e+01 9.733866638788632031e+01 1.031573374466041315e+02 1.095316744030473188e+02 1.178530648525007365e+02 1.268502140762248303e+02 1.322634867038578932e+02 1.240872399208461729e+02 1.322634867038578932e+02 1.373559941069671879e+02 1.364816028721500629e+02
4.432874868573374272e+01 5.965679834880840104e+01 6.791540011849721736e+01 5.672953134655512741e+01 3.651354722199487668e+01 5.647240365272037366e+01 5.362095298006642707e+01 6.509380881566853816e+01 8.447201959364562640e+01 8.368336973416953128e+01 7.201778289889254836e+01 5.781975486838548761e+01 7.798251575568589544e+01 8.818645185092609040e+01 8.442538327593933900e+01 7.013877095054770905e+01 5.018641471700829015e+01 5.696434184644435561e+01 4.732556443131124269e+01 4.972304029133438519e+01 5.217289632349332607e+01 5.466500991968476342e+01 5.764295264163904875e+01 6.072563133260312185e+01 6.401146252533847303e+01 6.823796743985479907e+01 7.255272189003719063e+01 7.718391463312583767e+01 8.300086963414483421e+01 8.937425104730131409e+01 9.839873008084106232e+01 1.126507166788562273e+02 1.327525780402693556e+02 1.327168289415947413e+02 1.245496056198682453e+02 1.327168289416595144e+02 1.266335706449687564e+02
6.436914952431499160e+01 4.975238422697227492e+01 6.968029453283310204e+01 5.921891999569185572e+01 3.901879876570832550e+01 5.921892004443159863e+01 7.092379767637531529e+01 8.131956798356429772e+01 9.251368781696496058e+01 1.009459494723403878e+02 8.320208504619641587e+01 6.298676943578661991e+01 8.320208504619641587e+01 8.764997479054451901e+01 6.770624934290586339e+01 5.624669351644438819e+01 7.013877095054770905e+01 7.400123877549756912e+01 6.166775153808362830e+01 5.332934806521191717e+01 7.238413891092457675e+01 7.487136988650581770e+01 6.204819218375069312e+01 8.093236127063008212e+01 7.830390533873386971e+01 7.679812993428978984e+01 9.271484922308907528e+01 9.143783942419648270e+01 9.364243414949517330e+01 1.095316744030473188e+02 1.178530648520696644e+02 1.268502140762248303e+02 1.262468502086065740e+02 1.180529892250397523e+02 1.045592035472702435e+02 1.227616050123537406e+02 1.184821284451573149e+02
7.356229867508443476e+01 5.370846949897244116e+01 7.356229882010843824e+01 6.751000670917805735e+01 5.921892004442064206e+01 4.272274563704375794e+01 6.287204804875606357e+01 7.872994100278398832e+01 8.767557159942326450e+01 9.922739592769269734e+01 8.906352538628657101e+01 6.875888739985609277e+01 8.906352538628657101e+01 9.595987947805188867e+01 8.095844837888668621e+01 6.107275594315517253e+01 8.095844837888668621e+01 9.020819297306579188e+01 7.785227212233323257e+01 5.764777314378161321e+01 7.785227212232528871e+01 8.764147122482815178e+01 6.745680540039576556e+01 8.764147122483068131e+01 9.846448516598834999e+01 8.844563264550494353e+01 1.052919016499876790e+02 1.115845228728436780e+02 1.137850138195528160e+02 1.221016356350214522e+02 1.213732818551666242e+02 1.131608249207201595e+02 1.147193299938272304e+02 9.801030768323872167e+01 9.447928345335633082e+01 1.145544045835693510e+02 1.111666976985884645e+02
5.987359448506668258e+01 7.231597011640374717e+01 8.125420280315481136e+01 7.828138476660757306e+01 6.590605418726602238e+01 4.580895944272291587e+01 5.040457044930241892e+01 5.938796332200347905e+01 7.093344106668034499e+01 9.095385330978852778e+01 9.587202165254369390e+01 7.544615425728211733e+01 9.587229883497946048e+01 9.729927298470556707e+01 7.728593185441937408e+01 6.703500153610015388e+01 8.696867795976326931e+01 9.061469793360299718e+01 7.043553091733531346e+01 6.305479589569041110e+01 8.324954615738479902e+01 9.597960784876558193e+01 8.764147122483068131e+01 7.698312015353347704e+01 9.714665066129984439e+01 1.085927006839847024e+02 1.169141080770135090e+02 1.183265890022148170e+02 1.101555639055555815e+02 1.183265890022148170e+02 1.098451560060760102e+02 9.313525583553953879e+01 1.057870076906322936e+02 8.647284672487421631e+01 8.695534981913665717e+01 1.069667220049919223e+02 1.153272327457745376e+02
6.443208910159800951e+01 8.375614401217080740e+01 8.218022828218884968e+01 6.341710348985077417e+01 5.030083186781832438e+01 6.590605418726850928e+01 7.044759760172263441e+01 6.199035245983938580e+01 7.353890255380999008e+01 9.355903486834354510e+01 9.587223875047554600e+01 8.981991557732837350e+01 9.587232036897098908e+01 1.056153270098760686e+02 9.363803319388041757e+01 7.362996749152840437e+01 9.363803319388048862e+01 9.061469793360228664e+01 9.061469793360299718e+01 7.069922730156176272e+01 7.583699655212494406e+01 9.010446574197182201e+01 1.054778517262582227e+02 9.124671132113199690e+01 9.124671132113199690e+01 1.113903642335116615e+02 1.183265890022148170e+02 1.083990000085151024e+02 9.024712700910266960e+01 1.083990000085151024e+02 1.009514917590098548e+02 8.172092024108009412e+01 9.094120898733476110e+01 7.775708558330865117e+01 9.167243759345903698e+01 1.116825734362477647e+02 1.090854709341932676e+02
7.069417209710493921e+01 9.041144080460665577e+01 8.571038854920848848e+01 6.542577289308003685e+01 5.361988186580600768e+01 7.363764674161031110e+01 8.783501210777011181e+01 8.200040761980248760e+01 9.027852057341419822e+01 1.018270963732098551e+02 1.165865715036812560e+02 1.104842639873161403e+02 1.165876686513807954e+02 1.100461855403622877e+02 8.995038510499674089e+01 8.775260654456978671e+01 1.019586576545908088e+02 1.107577231360802017e+02 9.921134919411726116e+01 7.973097115582501715e+01 9.600475923475977424e+01 1.043365533561893130e+02 1.185686409631137508e+02 1.113903642335116615e+02 1.113903642335116615e+02 1.197089921439717699e+02 1.101555639055555815e+02 9.024712700910266960e+01 8.041967045608484455e+01 9.212504967204577611e+01 8.775844275496780256e+01 7.311779933863091685e+01 7.141481424516837251e+01 8.253993502016457740e+01 1.024175626506421395e+02 1.162251958848832771e+02 9.508368494086751355e+01
