MOVIE_S9_data/elevation_000882.asc
nrows	100
cellsize	150.0
xllcorner	0
ncols	100
yllcorner	0
NODATA_value	-9999
[rows 0 to 16 of 100, columns 37 to 73 of 100]
8.410253954253876429e+01 8.670510904042124878e+01 9.497504981237858601e+01 1.003104302804802188e+02 8.927186103959434149e+01 8.136285109841074359e+01 8.384233889723502386e+01 8.649492294084760147e+01 8.649492294084760147e+01 9.440134141244359967e+01 9.956087751628739113e+01 9.118417059206915098e+01 9.178326196126457148e+01 8.340230157018979185e+01 9.178326196126457148e+01 1.023539161649643034e+02 9.475271866919166541e+01 9.409088229160927597e+01 9.568796240946291221e+01 1.034803964653336976e+02 1.029681249289685780e+02 9.457051476164434689e+01 1.029681249289685780e+02 1.028639111625846994e+02 1.112494558791618999e+02 1.154355691984600298e+02 1.093775012991033719e+02 1.154355691984600298e+02 1.007780448393898638e+02 9.275977411215276902e+01 9.275980787311294762e+01 9.447415419477968612e+01 8.645856156887111865e+01 9.447415419538246795e+01 9.667281083552457233e+01 9.667281083552457233e+01 1.047122061438542886e+02
6.401923501271375017e+01 6.662657047716493253e+01 8.670510904042124878e+01 9.241574915519009892e+01 7.327156814996899925e+01 6.176397325136388616e+01 6.433339687226515480e+01 6.708537317912585252e+01 6.708537317912585252e+01 8.649492294084760147e+01 8.793581517826832794e+01 7.108540656009490988e+01 8.172168560679131133e+01 6.332482648256734592e+01 8.172168560679131133e+01 9.211303037408741545e+01 7.759333572839875615e+01 7.615527474868233071e+01 7.757378594920390924e+01 9.290406701041052884e+01 9.265723321989595718e+01 7.380451913870703606e+01 9.265723321989595718e+01 8.230109226205391337e+01 9.943133592075123772e+01 9.450855196699176020e+01 8.834963149539284188e+01 9.450855196699176020e+01 9.275977411215113477e+01 7.329392366797411285e+01 7.329392370799881462e+01 8.475372452207280105e+01 6.698062725271653051e+01 8.475372452494234210e+01 7.738012033206322826e+01 7.738012033206322826e+01 9.667281083552457233e+01
5.241066656383044631e+01 6.662657047716491832e+01 8.670510904042123457e+01 8.803517915992600251e+01 7.704879381638694724e+01 6.920984717089555716e+01 4.987607444672055834e+01 5.273565138113608697e+01 6.708537317911492437e+01 8.649492285970389105e+01 7.958014376782462307e+01 5.975937348761374324e+01 6.813661671109147733e+01 5.363943347530238981e+01 6.320527149714402526e+01 8.462773130735888572e+01 8.140849257330506816e+01 6.333511190516052380e+01 6.702830473858506366e+01 8.522973775398402552e+01 8.418751695017564884e+01 6.327367722360882141e+01 7.900436829471735223e+01 7.022884054308251223e+01 9.099196213506571951e+01 9.450855196699176020e+01 7.339569194953504905e+01 9.450855196699176020e+01 8.976615740992238557e+01 7.899534372950681416e+01 5.919768616920150350e+01 7.671959441079346220e+01 5.698653205509125996e+01 7.469043325603747974e+01 6.347088123301064400e+01 7.486821960249913843e+01 9.418113608206058984e+01
5.805405787056937328e+01 7.814359143030115717e+01 7.969587174804630081e+01 8.025515083362314783e+01 6.112412362862325921e+01 4.937393632179138336e+01 4.293415900281363662e+01 6.332587533905099519e+01 7.468639434961626478e+01 8.600281790514614499e+01 7.958014376725201089e+01 5.975937348761374324e+01 4.884139383364590969e+01 4.663652480517770016e+01 6.590854189678528030e+01 7.980158228498908102e+01 7.472113550290646344e+01 5.613732773212350935e+01 7.413822684030202481e+01 8.615603087466662657e+01 7.619940820584297114e+01 5.605154011248865942e+01 5.829648511333542160e+01 7.293607919301889808e+01 9.365451414443847966e+01 8.747093196117296543e+01 6.638602625817782155e+01 8.747093196117296543e+01 8.176261351178943926e+01 6.212708162955867408e+01 5.201553698385878732e+01 6.409885888788917896e+01 4.978819289382537505e+01 5.490031346461390882e+01 7.469043325603747974e+01 9.104616323795876554e+01 1.022072938072448949e+02
6.820197194432073218e+01 7.445015791326902388e+01 6.125403514024301188e+01 7.445014737232857271e+01 7.704879381638694724e+01 5.876092229812246615e+01 3.837181713148580542e+01 4.644027695549488044e+01 5.828336483106591004e+01 7.805054241253344571e+01 8.793581431247538660e+01 7.643283090052221951e+01 6.025937495722731541e+01 4.135572345977013953e+01 5.203919603729070786e+01 7.148833806560826076e+01 7.013209315336273164e+01 5.124027904722304072e+01 6.955694037778486916e+01 7.890849989734211078e+01 6.074646065315235433e+01 4.978839577712427200e+01 7.017449723775943937e+01 8.750946710553920127e+01 8.210140593970405121e+01 7.342562616536120856e+01 6.032772048003357668e+01 8.138424396944191130e+01 8.976616284573717053e+01 7.602300054386482486e+01 5.795286023651956242e+01 4.395377130849391278e+01 6.409885888788933528e+01 7.469043325603747974e+01 8.273190282214088143e+01 8.974589633093529528e+01 9.388036436296032150e+01
7.649956789158403581e+01 6.639675744423090009e+01 4.890311914721502262e+01 6.639675744423090009e+01 7.367133408152965046e+01 5.497971038850035796e+01 3.472758879034268631e+01 5.497971033747130321e+01 7.468441996799828075e+01 7.643418333175375778e+01 8.448312497911001628e+01 7.264313537320897751e+01 5.672713566156436116e+01 3.783983375488924139e+01 5.672713566156436116e+01 6.781357696803061685e+01 6.000305921267514009e+01 4.668338296422819411e+01 6.585206451123724491e+01 6.908086420815743622e+01 6.064753409447293109e+01 4.598075377115057449e+01 6.602474348839923834e+01 7.528796309187760016e+01 6.660475753233406238e+01 5.240229710843887290e+01 7.342562616536120856e+01 8.283438328051835242e+01 7.437939226367217316e+01 7.658464718936313886e+01 6.098819313328579028e+01 4.078918393672673659e+01 6.099929730101004566e+01 6.650478556654434215e+01 6.945418605417678748e+01 6.962653534195189309e+01 7.968929592410252383e+01
7.116118314541478185e+01 5.873053439738406212e+01 4.136697855308469229e+01 5.872981074965345272e+01 5.435359770242418165e+01 5.168496179401202539e+01 3.172184171951643705e+01 5.169437975878460634e+01 6.230348361793620171e+01 5.645610914464598551e+01 7.643378346289856040e+01 6.440297934979608385e+01 4.529246436894690930e+01 3.438583815443948311e+01 5.336948456047559830e+01 5.453630690754402366e+01 4.049025412664546764e+01 6.000305921267514009e+01 6.414071665024798108e+01 5.576502142497754022e+01 4.087793118777806001e+01 6.064753409447293109e+01 6.922967065752058602e+01 6.054366564038372900e+01 4.560851931993067865e+01 6.660475753233406238e+01 8.210140593970405121e+01 7.437939226367217316e+01 5.452967939854296731e+01 6.029404358168683586e+01 4.853904559287801135e+01 3.770731839647391581e+01 5.598979469815488130e+01 4.684071582846347326e+01 4.943701469299475093e+01 6.962653263674285142e+01 7.136733265072462018e+01
6.304330902127905034e+01 4.662156529380492032e+01 3.594524362375659621e+01 4.684951274444500058e+01 4.074031390678683096e+01 4.473860232723964714e+01 2.899525314961777767e+01 3.480817726678925794e+01 4.186387317171562472e+01 6.230720025431990194e+01 6.808563540254085922e+01 5.980112326409906132e+01 5.023327600029566753e+01 3.113091953521923472e+01 5.022617514684963425e+01 3.477259241572746618e+01 5.453621075607413360e+01 5.959149685472687707e+01 5.129366235161371179e+01 3.637591337463860697e+01 5.576502142497754022e+01 6.908086420812654183e+01 6.054366564038372900e+01 3.957282956224355530e+01 6.054366564038372900e+01 7.528796309187760016e+01 8.434930776902686489e+01 6.925734157382427725e+01 5.849874919566536136e+01 4.079998652643966039e+01 3.378919729589800625e+01 3.463192524447283915e+01 3.551810523437160327e+01 3.641108024851265412e+01 5.689152558713101371e+01 6.636276388494569289e+01 6.408828438984987486e+01
4.389006059913729274e+01 4.346858130922178276e+01 4.007341768346738320e+01 2.894973833241332528e+01 4.414907527325723180e+01 2.568362276818728773e+01 4.426927635341885292e+01 5.433024171675205594e+01 6.229420686910193439e+01 6.370220687250563429e+01 5.977544868589244942e+01 4.192600572244698753e+01 4.626686048308083343e+01 2.803455117673511765e+01 4.571360579930806267e+01 3.098900708668515591e+01 5.083368477429474552e+01 5.128810728998588075e+01 3.240620421228096859e+01 5.099213635500537833e+01 6.257398293399108269e+01 6.002758114678839263e+01 5.133581800745587032e+01 3.570622409207978620e+01 5.624027432753158706e+01 7.254035816759343902e+01 6.847841509669014215e+01 5.416514736891021187e+01 3.735329759154058848e+01 3.261391263851119504e+01 5.315505990489043597e+01 5.538675286995724178e+01 5.602959283309817096e+01 5.685730040464998325e+01 3.768399963566356803e+01 5.807937938787756593e+01 4.024225602421638825e+01
3.543234951615373518e+01 2.588086145303334362e+01 2.205602348579413530e+01 3.676661279906966229e+01 3.805009010284683058e+01 2.343151022954418394e+01 3.554997902649938624e+01 5.178186322206987313e+01 5.757802048058369593e+01 4.358211880466352284e+01 5.361450741210863669e+01 4.318457315684403142e+01 2.996054001324407778e+01 2.510872072711028125e+01 2.595330362585781714e+01 4.263499562028734857e+01 4.352597562747823901e+01 4.468960874758155910e+01 2.980018469584501162e+01 4.345012024579898480e+01 5.825707499583846527e+01 5.111372630309698195e+01 3.044160667814498211e+01 4.742658993422373470e+01 4.593968472436424832e+01 6.088165371607934873e+01 4.841779335448227783e+01 5.845663814713785911e+01 5.119012161236150860e+01 3.180689158490937274e+01 4.640857933257575496e+01 6.665357107957647997e+01 6.992612318050198894e+01 5.057279498576617272e+01 4.416841922975864776e+01 3.896056124951937960e+01 5.190015107768170566e+01
2.589763909708003453e+01 1.701585725794473092e+01 1.737674465749450547e+01 1.774218789312372380e+01 2.014250578649237866e+01 3.555016672218178542e+01 3.805738463855851705e+01 3.931012532877412724e+01 3.992459358582109985e+01 3.087688010697831231e+01 2.361286267659778915e+01 2.152427078697978757e+01 2.192488522384843108e+01 2.231836301274745082e+01 2.270494025773377800e+01 2.308250416608492372e+01 2.344984550114682875e+01 2.607702583592999446e+01 4.035360814740351998e+01 3.168031311259310101e+01 5.075742499474239366e+01 4.687064466271024088e+01 2.715041859328765383e+01 2.681862766281912158e+01 4.382082266776111368e+01 4.810376518483747077e+01 3.595037920979859791e+01 5.035184370608932625e+01 3.068824119422827224e+01 5.105413867462640098e+01 4.704139758057436183e+01 6.758258154732756395e+01 6.992634726036736481e+01 6.308613721615122216e+01 6.548181552070106193e+01 5.936716437597351614e+01 4.716879982644574909e+01
1.651005007526052992e+01 3.641132786402504706e+01 3.885501087818990840e+01 3.773856346645704463e+01 1.827306205921995286e+01 1.865242533231081978e+01 1.903585785445698875e+01 1.942361695568586555e+01 1.981538332807019387e+01 2.378757010109393732e+01 2.095120119085857624e+01 3.036722606359215959e+01 2.560727548065021963e+01 4.418747302235657060e+01 3.737083541346905236e+01 4.196068575914432586e+01 3.371190105648078372e+01 2.396733429624021383e+01 2.433639920567554071e+01 2.471230321527069052e+01 4.236313714023101795e+01 4.380996756763981637e+01 2.623744100827060421e+01 4.567294590219746908e+01 2.740231990400920026e+01 2.791258277256991605e+01 2.820082577273703706e+01 4.863232851001675527e+01 2.991575389024486142e+01 5.058110326246462307e+01 6.687461792430956109e+01 7.583611775842960867e+01 8.986166754826369640e+01 8.367380410945338554e+01 7.965646659494407800e+01 6.047614288136269778e+01 5.494830479286560632e+01
3.283058300952852449e+01 1.792388187935475941e+01 3.311347325534473640e+01 4.622843438999758092e+01 4.316558259241851658e+01 4.055814190051576418e+01 3.001314851439716591e+01 3.334859129641323960e+01 3.167179209822923625e+01 2.037550971901404040e+01 4.002455189194200358e+01 2.563256353005136035e+01 3.702681253830296271e+01 5.634223360418680215e+01 6.032131861524622707e+01 5.233996345529348559e+01 3.119587090652368033e+01 4.890709165436053496e+01 4.660256100482800434e+01 3.234176540839156644e+01 2.526210481502356231e+01 2.566000394261267559e+01 4.593062701333530384e+01 5.397013553221430016e+01 4.869021935835252179e+01 2.749026978294659074e+01 4.862407037049887037e+01 2.883617897180744194e+01 4.926174643184921820e+01 4.531516767451198291e+01 5.792925320164594893e+01 7.233609938845778231e+01 7.221856646675287550e+01 8.044438935424929582e+01 8.802204349767274039e+01 7.965646616444867334e+01 6.821545725641227875e+01
4.395786602529642551e+01 3.809886841454751760e+01 1.938659809573515602e+01 3.375942811576196334e+01 5.389246567241543318e+01 6.218039090797959290e+01 5.029704972926505491e+01 5.256644873605653601e+01 4.025384315671197299e+01 4.394423924070230925e+01 2.344307299685346280e+01 4.256281710580199729e+01 3.451712487217253766e+01 4.543266730143995602e+01 6.601604101877825315e+01 5.861367420316736343e+01 3.700731697251213603e+01 5.861367533917300676e+01 5.574771829222538599e+01 3.431786697476773185e+01 4.613952135324393566e+01 3.426826179870625566e+01 3.081312545085278387e+01 5.158322101330814036e+01 6.586747323528857123e+01 6.291547031332198969e+01 5.591967933570143146e+01 3.935196111436296462e+01 2.955388566104738857e+01 3.006417354145410670e+01 4.456627738540624506e+01 5.761600729499101448e+01 5.394434485711280303e+01 6.754192338773253823e+01 7.535346090912510419e+01 8.417700673243867016e+01 8.839372735861401509e+01
5.695095866718649091e+01 4.072870895772612698e+01 2.044138960565193130e+01 3.485589646500827143e+01 5.491983822459729936e+01 6.534723613993341473e+01 7.319333230175246285e+01 6.963179469117811493e+01 6.098625325861505075e+01 4.656435140809864492e+01 2.585340545556621805e+01 4.668446615702325175e+01 5.401630290690050629e+01 6.254077861652725545e+01 7.486598683402917231e+01 6.565502733125562429e+01 4.419626780809588240e+01 6.586322470651931837e+01 6.409422994500043558e+01 4.214863533117759431e+01 6.297337753833998164e+01 5.590376207767925365e+01 5.161373029890756925e+01 3.641682059761935619e+01 4.846650929947914932e+01 6.969778549954084212e+01 5.732021335120601435e+01 5.668262478631057633e+01 5.002719837953756610e+01 5.056400907204387352e+01 3.079589101631180981e+01 4.641554169429395671e+01 4.378496680861974966e+01 4.946225520738566672e+01 5.617567033120140962e+01 6.970881661745899294e+01 8.990029341811901986e+01
4.307297202343180942e+01 2.878919041653811917e+01 2.151222903784395157e+01 4.183144354839173928e+01 5.101680170740642950e+01 4.602781302280472886e+01 6.542685380805157536e+01 7.439715131523705338e+01 5.433378491662453769e+01 4.013182196029720217e+01 2.828718078463721497e+01 4.864065829826936493e+01 4.781200490253225155e+01 6.207772865954649433e+01 8.229327911819886765e+01 7.437288882434609150e+01 5.531728405465157294e+01 7.437288882434609150e+01 7.301481027569818139e+01 5.502729919874869324e+01 7.301480833766589740e+01 6.471618590044704433e+01 4.350107385025986417e+01 4.846650511556083529e+01 6.607562296766938914e+01 7.824437666163477445e+01 7.663281622431260587e+01 6.847659300644646407e+01 6.024525761641756105e+01 5.278579062630647911e+01 3.131877999942459212e+01 3.646248243662048338e+01 5.513206166517083062e+01 6.754192300397539839e+01 7.535345414272700282e+01 8.413117949211269320e+01 8.005695329241596880e+01
4.307297202339531594e+01 4.175162321139563204e+01 4.183144354837435941e+01 2.306818927162188615e+01 3.160002892350632209e+01 5.107395790215304032e+01 6.158597174472215841e+01 7.032494350846380371e+01 6.137610378727841010e+01 4.123959445485620279e+01 4.864065833297577512e+01 3.146487103512120598e+01 4.298939493016559510e+01 5.724359705899691875e+01 7.745833662850058943e+01 8.479474513559495108e+01 7.640916535838715618e+01 8.479474513559495108e+01 8.542435726732543344e+01 7.687642715467436005e+01 7.341788534267686828e+01 5.210316181310256667e+01 5.573386740436176723e+01 6.969675023484761311e+01 7.822411724973105152e+01 8.425952364834552100e+01 6.470283540021181068e+01 6.033841397183883970e+01 4.062872268568217748e+01 5.236904178692638112e+01 3.185026690993573695e+01 5.186041572892047924e+01 6.090733456571069837e+01 6.141905662380056441e+01 6.616649067331273670e+01 7.097782160948636943e+01 6.517228429767502007e+01
