MOVIE_S9_data/elevation_000551.asc
nrows	100
cellsize	150.0
xllcorner	0
ncols	100
yllcorner	0
NODATA_value	-9999
[rows 0 to 16 of 100, columns 0 to 36 of 100]
8.271705653423140625e-02 2.008271705653387684e+01 3.744230478506558057e+01 4.573241876437099052e+01 4.390603719698825813e+01 5.220515749236367498e+01 5.151315354765974064e+01 5.983148363964264860e+01 5.729621319214402320e+01 6.561875607851405334e+01 7.720915131091732064e+01 8.947746067677701376e+01 8.354959958594480440e+01 8.354959959048520091e+01 8.354959959048520091e+01 9.190811820387877162e+01 1.074262602524812280e+02 1.015183154947815041e+02 8.417600146588333132e+01 7.590223682246381998e+01 7.332275813789421193e+01 8.157857102082282097e+01 8.322686832861249684e+01 7.496739879382256788e+01 7.753118227150228847e+01 8.580446311541309967e+01 9.644793491787537221e+01 8.826980694815880213e+01 9.644793491787537221e+01 8.778007654112194302e+01 7.955486719537179852e+01 7.697272164536832406e+01 8.520066170197938504e+01 8.883042823647615194e+01 8.063860094322517114e+01 8.883042823647615194e+01 8.598910620465166232e+01
7.813061968023242432e-02 2.007813061967987878e+01 1.743851232511532956e+01 2.901786198750022194e+01 2.389555461641495526e+01 3.594783722777287949e+01 3.148832608511987630e+01 4.572992682692921562e+01 3.726281755425906539e+01 4.881860090715061773e+01 6.887684694301290733e+01 6.918271081964697089e+01 6.323175064532478729e+01 6.323175064532506440e+01 6.323175064532506440e+01 8.354959959048520091e+01 8.715002892287168379e+01 8.119848975672336167e+01 7.590231676538603267e+01 5.623847219873677972e+01 5.370698073179565313e+01 7.020143538977472986e+01 7.194969364265055844e+01 5.560354460792002840e+01 5.809492417000708286e+01 7.753118227150228847e+01 8.651600930776017151e+01 6.835620712126409160e+01 8.651600930776017151e+01 7.955486719537179852e+01 5.973260053466451325e+01 5.716790949845447045e+01 7.375633853789321392e+01 7.890451008887774265e+01 6.075569210979816859e+01 7.890451008887774265e+01 7.605887753179284516e+01
2.526786264046545702e-02 2.942567692598383466e+00 5.891406815697243893e+00 9.014882053495764325e+00 1.234821538739833358e+01 1.594032143751931052e+01 1.994032158855343084e+01 2.571383463975391592e+01 3.571485642484498158e+01 4.986933700870461195e+01 6.992994353063036783e+01 6.854669527743691049e+01 4.903594761397014423e+01 4.903594761397014423e+01 6.323175064532506440e+01 8.354959959048520091e+01 8.636388427230178877e+01 6.654599640382832604e+01 7.590224317108886964e+01 5.623847221795473672e+01 4.283051431224898664e+01 6.199765800106573721e+01 6.378767236704305077e+01 4.480421211650758551e+01 5.778457514074681711e+01 7.717092393965774022e+01 7.831300703471148950e+01 5.829223945282701891e+01 7.831300703471148950e+01 7.847650869696566645e+01 6.553840802109769470e+01 4.578588141118181909e+01 6.553840802109769470e+01 7.069714652651165920e+01 5.077095617158145302e+01 6.073405134904653835e+01 6.784835867495634432e+01
4.163169627051844027e-03 2.000416316962669683e+01 2.589310982349990198e+01 2.056207773553166973e+01 3.235297969248000527e+01 2.594056139695243246e+01 3.995181402175020224e+01 2.994099388059360578e+01 4.409848003180096043e+01 6.406596374745986111e+01 7.446318131062477619e+01 5.425353648648417249e+01 4.032336457801358165e+01 6.017280441018255033e+01 7.756993442460186827e+01 8.068217880711782186e+01 7.218614113126734821e+01 5.686798360823897269e+01 7.022600956437349851e+01 5.076469787930534494e+01 3.758602194583316702e+01 4.957106602505364634e+01 5.094131842122509113e+01 3.904354478034300513e+01 5.215113704580694787e+01 7.138489779233978538e+01 7.163941784075002772e+01 5.151484332271893152e+01 7.163941784075002772e+01 7.025940048453186648e+01 5.046316573305256270e+01 3.979930075736643857e+01 5.958279716413384364e+01 6.028386308966869223e+01 6.073405130166201360e+01 4.078065574645060565e+01 5.222590307581481284e+01
5.883922493566802470e-02 2.005883922493531202e+01 3.984383670535176236e+01 4.056867808460965108e+01 4.886271498262667734e+01 4.595765189806458295e+01 4.595360789135585833e+01 3.994602466803890906e+01 5.834399612489115583e+01 7.261568375939901898e+01 6.994416734820300974e+01 4.984842934363803835e+01 3.606166438926879891e+01 4.984842934363803835e+01 6.994416734820300974e+01 6.842168737490705155e+01 5.065410186798709447e+01 4.829636858531726062e+01 6.997291877596494203e+01 6.421611717892626814e+01 4.957106602505195525e+01 3.090410873260899649e+01 3.237847521868170020e+01 4.538240550540441376e+01 6.436172137465078436e+01 6.646690053924442054e+01 5.818446468763311685e+01 4.560185326645117954e+01 6.582995358309398171e+01 6.808876903275998416e+01 4.829978257961612087e+01 3.425871138380952630e+01 4.782279083551102872e+01 4.032314546498718499e+01 4.789979859838059184e+01 4.965964733249212770e+01 3.226312281944618121e+01
1.256007409845548775e-02 1.155956545789087109e+01 3.155956545789051404e+01 4.087176313819817608e+01 4.915603438565977967e+01 5.915603438565960204e+01 6.598037474223340837e+01 5.416758398601957936e+01 6.862201510179606601e+01 7.231874903822529177e+01 7.057165857716670132e+01 5.179980066366893965e+01 3.222302366982855659e+01 4.594894334769422528e+01 6.592501974740488890e+01 5.975454442706655556e+01 3.730925111763186663e+01 5.975454442706655556e+01 7.112257642056505347e+01 5.608523788529733878e+01 3.718158240595563768e+01 2.639577402183288868e+01 4.517120730563818398e+01 5.895069344965889968e+01 5.988150180313936488e+01 5.155826484949552935e+01 3.776111673476118824e+01 5.818446468763214341e+01 6.963373245966330671e+01 6.120347228424063957e+01 6.230295154437919791e+01 4.782279075067365426e+01 2.787922799824877274e+01 2.609363508722119462e+01 2.786636358205382180e+01 2.966457152550592014e+01 4.965993905021876742e+01
9.594114293757748102e-02 2.009594114293722100e+01 3.018131346170174467e+01 2.087176313819888662e+01 3.087176313819870899e+01 4.501389876192916262e+01 6.501389876192774864e+01 7.480633367962579428e+01 7.221941196833282106e+01 5.243876418034572140e+01 5.612924932697156066e+01 4.234434024645499761e+01 2.856497766629982138e+01 4.234434024645499761e+01 6.221555548500268173e+01 5.414323422596122271e+01 3.157482624317642461e+01 4.033901709559805226e+01 5.573079675808978095e+01 5.570628098456295163e+01 3.675821767344662305e+01 2.337906463064281937e+01 3.675821767471823165e+01 5.570628363040363240e+01 5.155826484949552935e+01 3.069897775834108344e+01 5.155826484949552935e+01 6.646690053924442054e+01 6.120347233348429228e+01 4.069176050417345181e+01 4.669936487074317455e+01 4.151668254806435243e+01 2.361511527417106038e+01 4.373352821942052771e+01 3.946476054802048594e+01 4.965990500959930642e+01 4.381905874220690578e+01
7.711341127313005306e-02 3.856758141365394632e+00 1.018131346170209994e+01 3.018131346170174467e+01 4.106192638531332761e+01 4.813299419717868233e+01 5.641726544464028592e+01 6.641726544463892878e+01 6.766479562896118694e+01 4.768464334085189904e+01 3.641364020945836444e+01 3.021667826734080720e+01 2.507215060924256633e+01 4.480319675835063009e+01 6.123111395178109007e+01 6.292201816158819838e+01 4.682109045110787093e+01 2.448841543775847640e+01 4.682109045110775014e+01 5.652324852794826171e+01 3.957582046017652999e+01 2.054200179157196970e+01 3.957582064568889280e+01 5.473441599875929597e+01 4.730038538402472881e+01 2.569964207495041109e+01 4.131454097141320148e+01 6.175149214720720892e+01 6.110367603650606583e+01 4.068632235749856108e+01 2.758360361972283670e+01 2.136401819453349304e+01 4.151668290873812595e+01 5.199610194892512283e+01 5.942466266097186889e+01 6.765897876023640833e+01 6.376107143954393308e+01
2.297228869525369793e-03 2.000229722886917116e+01 1.071670154706568923e+01 1.571670154706564659e+01 2.106192638531404171e+01 2.813299419717939287e+01 3.813299419717903760e+01 5.813299419717832706e+01 7.596843817428288048e+01 6.442162728570414743e+01 5.612924932697156066e+01 4.151468906685254723e+01 2.161861601331649041e+01 3.317009377300480111e+01 5.291361822254863512e+01 5.572090245923239848e+01 4.235456258992711298e+01 2.041780835036297503e+01 4.235456236670514585e+01 4.778405930582250249e+01 3.078629760698194318e+01 1.789337686873166078e+01 2.769918543897498964e+01 4.106699049311142602e+01 3.734352684204318251e+01 2.030873186517396078e+01 4.078109826172922681e+01 5.546013605858012596e+01 5.600596384197220345e+01 5.516177116676568204e+01 3.998605676242140561e+01 1.985315815340307211e+01 3.990294812546282088e+01 5.900450276403150696e+01 6.323865251305871027e+01 5.490380309420070404e+01 5.300241818189646636e+01
9.647730019007895452e-02 8.261443109467411006e+00 2.826144310946776628e+01 3.571670154706493605e+01 4.106192638531332761e+01 3.739185800386798775e+01 5.641726544464028592e+01 6.641726544463892878e+01 6.557772136980425159e+01 6.272063816183296581e+01 4.280803599806962012e+01 2.887198817326079237e+01 1.879219155981156675e+01 3.504958653873390517e+01 4.331261896504957321e+01 3.591999069414604406e+01 3.566520384835773427e+01 1.677880721834065270e+01 3.820891191627328709e+01 3.912200985479871918e+01 2.224077759966733581e+01 3.057064631482978712e+01 1.444198268991378420e+01 3.261942215833334302e+01 1.252776110165952872e+01 3.733089480631431201e+01 4.429418047725258134e+01 3.140369004799001118e+01 3.506960394027823469e+01 4.463287640894233732e+01 3.636653539586909289e+01 1.837561936725530742e+01 3.217800787889134995e+01 4.491276801209309610e+01 5.090487514464770413e+01 3.484408130903263157e+01 3.269479553628178792e+01
3.582433992925927735e-02 2.003582433992890444e+01 2.240357873319861071e+01 3.654571435693006265e+01 5.654571435693076609e+01 5.739185800386727720e+01 6.567612925132787893e+01 5.952629252438099172e+01 4.494314659661372957e+01 5.952624270942548890e+01 5.693952257340615830e+01 4.701623504754888927e+01 3.504958653531063817e+01 1.509588818442298752e+01 3.504861136905409325e+01 3.155571530003551572e+01 1.834553881258179331e+01 1.372373633485791089e+01 3.507929344291231644e+01 3.039536061695791602e+01 9.866554749016477999e+00 1.370532546548392894e+01 2.557202373322375166e+01 1.113986403578917717e+01 1.147403152393661330e+01 3.173617895924792975e+01 3.222807315667677841e+01 1.568839306641670284e+01 3.414952738739653171e+01 3.633909792841718911e+01 1.633954622438533022e+01 3.442028907515062741e+01 3.482536296928951458e+01 2.519223466604907813e+01 3.384248134383943096e+01 3.486189497924209491e+01 1.857220068929840906e+01
1.813270376062421294e-02 1.416026832749169984e+01 3.416026832749240327e+01 5.068784998066151104e+01 5.582391675151613697e+01 6.410818812781798215e+01 6.557772136980064204e+01 4.494314659661372957e+01 3.046501840130970251e+01 4.001748043707512181e+01 4.854198999281638294e+01 4.658723635278887087e+01 2.671528969407797405e+01 1.240376281496504518e+01 2.880825739722785528e+01 1.158753516461668553e+01 1.036396770725153971e+01 2.160214060891411592e+01 2.871455638392160381e+01 9.394854652925992866e+00 2.044914132055295397e+01 1.033694284352702653e+01 1.066923144080548980e+01 1.493562682594022384e+01 1.852367280557236029e+01 1.194040831755023291e+01 1.226440810915073776e+01 1.258277982220417357e+01 3.220020879541416292e+01 3.519069415273423829e+01 1.615227242696602161e+01 1.436934876780291503e+01 1.470856087869386286e+01 1.505300925045577465e+01 1.540248376039147615e+01 1.575567657768970342e+01 1.611061208592909466e+01
2.372884694381488524e-02 1.416586447067463972e+01 3.416586447067393095e+01 4.168178112732049101e+01 3.582391675085948890e+01 5.582391675151613697e+01 5.769779673787947161e+01 4.918096395306845636e+01 4.001748043642517416e+01 1.966047717120175164e+01 3.133722481519276926e+01 3.965354482622617383e+01 3.946048698122734066e+01 2.817728871164610638e+01 8.433683121981079722e+00 7.949568876697977515e+00 8.272538114421912780e+00 8.596424053143994826e+00 8.923547814683960411e+00 1.977610870462071091e+01 3.226085250665622794e+01 3.660722770462287201e+01 3.114382277051666392e+01 1.456794016760474619e+01 2.320737266975703150e+01 3.087130432677281178e+01 3.180248241956252642e+01 3.235415340445612742e+01 1.302645819024835028e+01 3.258482445050225351e+01 1.391123270819685231e+01 2.005662478744138966e+01 3.461221746067525373e+01 3.505517204111279739e+01 3.313512080484758116e+01 2.464669093942114131e+01 3.615108244955384720e+01
8.175220331382776484e-02 2.008175220331347077e+01 3.168178112722408457e+01 2.168178112712803696e+01 3.582391675085948890e+01 5.582391675151613697e+01 4.918096395377586560e+01 2.896684737015207745e+01 3.469689326257065431e+01 2.867075755175920904e+01 1.125640931103370868e+01 2.578590642037555369e+01 2.653951642632699048e+01 2.627371232736277662e+01 7.488876597943098901e+00 2.669890414773521314e+01 2.491621295019909965e+01 2.779152518181747666e+01 1.368404348167599061e+01 1.431971137321154863e+01 2.651343595470737569e+01 4.520127621953559327e+01 3.800940164069502458e+01 1.781842013871407104e+01 3.704383730134168218e+01 3.769371791657124504e+01 4.797592990325732387e+01 3.315762637487272713e+01 1.364297605507218414e+01 1.346629161570090716e+01 2.716470584828841695e+01 3.979624243879481327e+01 2.961153865333098523e+01 4.900663089968850272e+01 4.985873234682615163e+01 4.509505043176675088e+01 4.321464943522240532e+01
9.124702163186203252e-02 2.009124702163150644e+01 1.168178112712786110e+01 1.984674693640526755e+01 3.139375232019798645e+01 5.139375232055601117e+01 4.533704339996609178e+01 2.448456037680013608e+01 1.456505935402788943e+01 5.706190636980379871e+00 6.041407726354799834e+00 6.372946474337798151e+00 6.701277879916388791e+00 7.028212085790539021e+00 2.686069768702465410e+01 2.669874601462411690e+01 4.230284273331458422e+01 3.789719088147568726e+01 1.900253928925039304e+01 1.825535537524567076e+01 3.618959937631476720e+01 5.109285258218155690e+01 4.242616738363956586e+01 2.228391641774354781e+01 4.242419284588692108e+01 5.159699657202614276e+01 4.305643075172650924e+01 2.292674432930494532e+01 1.675913112052122500e+01 3.355614338968896249e+01 4.196881676671215899e+01 5.048502413002295697e+01 4.918085847261654919e+01 4.131497861116648096e+01 6.029793744050493842e+01 5.896005642753867448e+01 4.280781520432350362e+01
2.239863785106879432e-02 4.610713315262324308e+00 2.461071331532498263e+01 3.984674693656559441e+01 4.813101823772340282e+01 5.967802364336069587e+01 5.324056490643107509e+01 2.787606413877155376e+01 5.253003282933138784e+00 1.117490860668231001e+01 2.447537570893772241e+01 2.617434136985039927e+01 2.641323997075958374e+01 9.687906521538691251e+00 2.866671044292404957e+01 4.474074491302256718e+01 4.585167752246052686e+01 2.704118867189639630e+01 3.835610587800562143e+01 3.618959980905717799e+01 2.442130919290884350e+01 4.295838166590469598e+01 4.702021645803198879e+01 2.752931705530139794e+01 4.702021642653579647e+01 5.586369595812001165e+01 3.580777591825481210e+01 4.324983247744013681e+01 3.699138577227311231e+01 2.164616748553827108e+01 3.584325343091882843e+01 5.880149315407121691e+01 6.782761882338039072e+01 5.319502694996549508e+01 6.074793019822634932e+01 4.063512819803961662e+01 3.232384208845680007e+01
1.766589122093755945e-02 2.001766589122058093e+01 3.289498450374944838e+01 4.968493931540348996e+01 4.903680499166751616e+01 4.075604373408557990e+01 4.902603664824923158e+01 3.725746348466128666e+01 4.998300717000881299e+00 5.235535412338178318e+00 2.024158562324273092e+01 3.741559242805286090e+01 3.668617027815970744e+01 2.866855341985431949e+01 2.280851095240838333e+01 4.336919961763370424e+01 5.232295068966780605e+01 3.298206193119432328e+01 5.232295213867855921e+01 4.845184752777088022e+01 2.942192356297615774e+01 4.845184752777088022e+01 5.190906919800511332e+01 3.297462368903148189e+01 5.190906919800511332e+01 6.388172678294895235e+01 5.010290106653980047e+01 6.057155378668843326e+01 4.576950557458672364e+01 2.535378488469266145e+01 4.576951005659960714e+01 6.595751560975681116e+01 7.846210454354043407e+01 7.108346373156081199e+01 5.475655633652802123e+01 4.084220814262011601e+01 2.125269243187342383e+01
