MOVIE_S9_data/elevation_000620.asc
nrows	100
cellsize	150.0
xllcorner	0
ncols	100
yllcorner	0
NODATA_value	-9999
[rows 17 to 33 of 100, columns 0 to 36 of 100]
5.222468517465790605e-02 2.005222449729744483e+01 2.677394348710955896e+01 1.177368198657449305e+01 3.177402978182176341e+01 4.290052385554660219e+01 3.462466614141632704e+01 4.859919882981088790e+01 6.859273070922859006e+01 7.764558303050777965e+01 5.611057212794383275e+01 4.198938419398859168e+01 3.703390500408021069e+01 5.728067102353855233e+01 5.591296495608050776e+01 3.566718828605601743e+01 4.634510304005522840e+01 6.663578552245050446e+01 6.763489300439131569e+01 4.838300077760388973e+01 5.402174946015738755e+01 3.664105811100510834e+01 5.582100944719064017e+01 5.622181292079196879e+01 3.707184262258766694e+01 5.622178314231462792e+01 6.168687331180363742e+01 4.220887062567523174e+01 2.817976538762350458e+01 4.428037604554549489e+01 3.855599299076458664e+01 5.810026533871758403e+01 5.737262427374356832e+01 3.810796016177735623e+01 5.737262427374356832e+01 6.963019755504409147e+01 8.094603421461061998e+01
7.333276091007127906e-02 2.007333275929379113e+01 3.651265280878665465e+01 3.177402978143821244e+01 1.702295403790147432e+01 3.702747305172358949e+01 5.086167309958364058e+01 5.116710375559830482e+01 6.555209244143519243e+01 8.491218760724656534e+01 7.120460451584018813e+01 6.257115546171463905e+01 4.713640089587462256e+01 6.576685950771528155e+01 6.231937094497337171e+01 4.206053640432860163e+01 6.231937094497337171e+01 7.513693808887956038e+01 7.575688829506680122e+01 6.763489300439131569e+01 6.008904090920795937e+01 4.100182395085074916e+01 6.008904090920795937e+01 6.084449079046122932e+01 4.178470166060945701e+01 6.084449079046122932e+01 6.430989793544517852e+01 4.485819360295225522e+01 3.096506560052339552e+01 5.055546550934032268e+01 5.810026496848771416e+01 6.615318541680430542e+01 6.391090337714557990e+01 4.429606606693943860e+01 5.373136980075713609e+01 7.357434870215988099e+01 8.812079947197945273e+01
6.343274376862209629e-02 8.228398553045954245e+00 1.977540393683867492e+01 3.977540392448155160e+01 3.702747305172358949e+01 2.257070292197610328e+01 4.257592142538032931e+01 5.735182037152216594e+01 6.846122542752443962e+01 7.674617179043045212e+01 8.829476530796513600e+01 7.595619566429084557e+01 6.742494115120258869e+01 7.595619566429084557e+01 7.079998044307892258e+01 5.636589497152871076e+01 5.636589497152871076e+01 7.669233338332571748e+01 7.883722137815607311e+01 5.937329623528113132e+01 4.845117199333064661e+01 5.195317396934046883e+01 6.816856246368826078e+01 6.594157854609858305e+01 4.687002249418306832e+01 6.594157854609858305e+01 6.703374311242157546e+01 4.758370345216025044e+01 3.382059670086169234e+01 5.328048817443578855e+01 6.486879636082910849e+01 7.292682080162914815e+01 7.219988824263225524e+01 5.289227731884842854e+01 7.219988824263225524e+01 8.186701881348437837e+01 8.645796278841358173e+01
3.497053469895897854e-02 2.003497053469860489e+01 3.651266946000205138e+01 4.805965331660430451e+01 5.086166118922177048e+01 3.412120270639156416e+01 2.906167634525278132e+01 4.906626579149894241e+01 4.845779204373826587e+01 6.000604504941397010e+01 8.001118400093182004e+01 7.855141070827355065e+01 7.688859831888160556e+01 6.861569616561800444e+01 7.688859831888181873e+01 7.669233338332571748e+01 7.669233338332571748e+01 8.523406591462902782e+01 8.702462426220721170e+01 6.759971895743056791e+01 5.556242358591379826e+01 7.120284183087693464e+01 7.935552572098767143e+01 7.173291997131713060e+01 5.252521343102532114e+01 7.173291997131713060e+01 6.703374311323160839e+01 4.758370345216027175e+01 5.328048817453971253e+01 3.812324637134250338e+01 4.540331583967463303e+01 5.662251708192192012e+01 7.613342334765404473e+01 6.433311245698541825e+01 8.112918131144196821e+01 9.235910660172612552e+01 7.231341535056701275e+01
9.635555453094322986e-02 2.009635555453058942e+01 3.731699467032303374e+01 4.886400050928351391e+01 6.241087147106166810e+01 5.412528159116844506e+01 4.061182709389947121e+01 3.690884434271450232e+01 4.845779204403228846e+01 6.846123278222529507e+01 7.274067372824845279e+01 5.864419181864738562e+01 6.703673305460486631e+01 4.902331537605655143e+01 6.330147083367933192e+01 6.706461989240931132e+01 6.713977867106537190e+01 8.740239584378490179e+01 9.537877762491960709e+01 8.309419129655914560e+01 6.508850295483748027e+01 8.309419129655914560e+01 8.560416617800218830e+01 6.598726166549172945e+01 6.346116242826075649e+01 7.989650449403008281e+01 7.508560320452620829e+01 6.703374311323214840e+01 6.083985613380396984e+01 4.143358898985815131e+01 6.083985613380465196e+01 7.292682110508148696e+01 8.417512700330311759e+01 8.442551057516890012e+01 9.271675475794755528e+01 9.654526233641939825e+01 7.670697756507647114e+01
8.845047570523793812e-02 9.032722385704474277e+00 2.057972776949719318e+01 4.057972778907355860e+01 5.738238344062759921e+01 6.890070731554843064e+01 6.061524382622492624e+01 5.105325190289173065e+01 6.519761935983423484e+01 7.674639188445263471e+01 6.447486161371107016e+01 4.485549940563901572e+01 5.206648152365333004e+01 3.967194803452328955e+01 3.998128194235901844e+01 4.685834834933955051e+01 6.118464157200733666e+01 8.151675142140243224e+01 8.821182548473080942e+01 9.294182924616269759e+01 8.473926342081655605e+01 9.294182924618930031e+01 9.380574732257046833e+01 8.560416617800218830e+01 8.303235090907760707e+01 9.123521326944721466e+01 8.441558791536991180e+01 6.495228990560455884e+01 5.366942154162094880e+01 4.582368583700749554e+01 5.175557447436032987e+01 6.048950347401083150e+01 7.179727454551793642e+01 9.119221382675753773e+01 1.024271170942841280e+02 8.243964190568378569e+01 6.822480704273806396e+01
8.023991185656004221e-02 2.008023991185620361e+01 2.961074594369238255e+01 2.909810640104041468e+01 4.128052611668653071e+01 4.956480102876742677e+01 5.850907823560125820e+01 7.105704167891151712e+01 6.961589209693610769e+01 6.138903970409690913e+01 6.467803669837827840e+01 5.206648127510109703e+01 3.269799285433195735e+01 3.198106740506987578e+01 4.068983836165462264e+01 5.774555976261008539e+01 7.550672343701612022e+01 8.238844173523914094e+01 6.828255863879954290e+01 8.238844173523914094e+01 8.159987830648761076e+01 8.987892902537265627e+01 1.014119742773756911e+02 9.627909344024814686e+01 8.800880798493902546e+01 9.278761524997418064e+01 9.245503002756399269e+01 8.122708339024536883e+01 6.421354608990699830e+01 5.036176717156168081e+01 6.992175899134493022e+01 7.932208335264438404e+01 8.803168629844140014e+01 9.923177366280708611e+01 1.007014509048626252e+02 9.654526233641939825e+01 8.829383792142046161e+01
4.598823041778624804e-02 4.760033438328123090e+00 9.610745939054824660e+00 1.495597077730335833e+01 2.128052609764023018e+01 3.022479800763954572e+01 4.436693363144747337e+01 6.436693400427635936e+01 5.822956485318176334e+01 4.172625456155638801e+01 5.645156282711219831e+01 3.699564690357932761e+01 2.577182197635457683e+01 4.521868453132975674e+01 5.760726585644695064e+01 6.578081329639059049e+01 7.836049100426795633e+01 7.010281764946010696e+01 5.431945146180907358e+01 7.096853479467398529e+01 6.171045581533335422e+01 7.316189822953975863e+01 9.312637344822523744e+01 8.468804871624385555e+01 6.788694828065855802e+01 7.270649211377259746e+01 9.278761524997418064e+01 9.174643608845785536e+01 7.582604681913102240e+01 5.624701077771730695e+01 6.634849032357401200e+01 8.582098127680032462e+01 1.046314561286503277e+02 9.493840534481886095e+01 8.119199503027464004e+01 9.095490759152772853e+01 8.371403796736809966e+01
7.340434288523949025e-02 2.007340434288488495e+01 2.961074594369238255e+01 3.495597078659541523e+01 4.128052611564496033e+01 4.956480102876742677e+01 5.850907856658993467e+01 6.395608761632465900e+01 4.427111573766287478e+01 3.044348649873528245e+01 3.956368684954680504e+01 4.183342007638050575e+01 2.230346026117961244e+01 3.360725124063158376e+01 4.728594933382316157e+01 6.695163167029399176e+01 6.693203706223914651e+01 5.036660110196200435e+01 4.559479759437842716e+01 5.121008915929850502e+01 7.096853479467398529e+01 8.987892902537265627e+01 8.302623242787080926e+01 7.492201688965091932e+01 5.609808696453526977e+01 7.639144686807691187e+01 9.044690392508965715e+01 9.870250224843547926e+01 8.318839887014483736e+01 6.369500642960853298e+01 7.584807429708423854e+01 9.386891661914346230e+01 9.665843198059558006e+01 7.714134523777623542e+01 6.731140926949025527e+01 7.137714927710872814e+01 7.557516995569086760e+01
3.515918393995972474e-02 8.979431093939195918e+00 1.897943109393937178e+01 3.312156671767082372e+01 5.312156671767681360e+01 5.584871611351487530e+01 6.400394075589673548e+01 5.367590743208875637e+01 4.484638643504859346e+01 3.781839926688021336e+01 1.999195172929819719e+01 3.447994728382971630e+01 1.906884825218948265e+01 3.295147939899249678e+01 5.244998981811472305e+01 6.147555274785640478e+01 5.327237617201329556e+01 3.910929880497943145e+01 5.870810775818878824e+01 7.096853479467398529e+01 7.923224689306559299e+01 8.232144964887758931e+01 7.227596524568467373e+01 5.570572224746319989e+01 4.940766738224974830e+01 6.963924929160339161e+01 7.033476244578851322e+01 9.044690392508965715e+01 9.120728674547838466e+01 7.501845202967989223e+01 9.120728674547838466e+01 1.035984706903745405e+02 1.044638468979325552e+02 9.095355282104094385e+01 7.137713871797785714e+01 5.737583104706286008e+01 6.937183471014213865e+01
4.608085242692564615e-02 1.418821647615800075e+01 3.418821647615870774e+01 4.726370234533725778e+01 5.278872185187332633e+01 3.653237872860218971e+01 5.278872190337163062e+01 4.548618744096106070e+01 2.621410698144664408e+01 1.816332306091743476e+01 1.341476603572706949e+01 1.466394659452232041e+01 1.603516243259383600e+01 3.584046266956671900e+01 4.595778509890000407e+01 5.327237617201329556e+01 3.367150783164650107e+01 5.327237617148355042e+01 5.870810775641426460e+01 7.851910994355404227e+01 7.800138288136848530e+01 6.811148277572984000e+01 5.390151590258309966e+01 4.453645827229627940e+01 6.440722315010997079e+01 5.591595322742946905e+01 7.622547230089259074e+01 9.079418123129994456e+01 9.900370326746909200e+01 9.434875380178822013e+01 1.023759306054302414e+02 1.041737521088925860e+02 9.430762290710129037e+01 8.616427671467943128e+01 7.953596498962656369e+01 6.937183471014213865e+01 4.950791012013536374e+01
1.610643649003322755e-02 1.415824206022110943e+01 3.415824206022181642e+01 3.707243825046838026e+01 4.083396658474156027e+01 2.448209223560796133e+01 3.392318807664994296e+01 3.803227272540307524e+01 2.984657448508342625e+01 1.168099793901651751e+01 3.153044803776705152e+01 3.447994728699293887e+01 3.584046266956671900e+01 1.798451181171392932e+01 3.777703800048984561e+01 4.792651406140569748e+01 3.011121509725620982e+01 4.398952134277879367e+01 6.366370489477823469e+01 6.408399731648634656e+01 6.388031540622007043e+01 4.976485675632005012e+01 4.033804260151801913e+01 5.978851370216166572e+01 7.274474555816910026e+01 7.622547230088133574e+01 6.428079364807427964e+01 7.073430165190872287e+01 7.976759753512487805e+01 9.133994582803913431e+01 1.112793092728752953e+02 9.603379699875452502e+01 7.631751007265255282e+01 6.628854964606992439e+01 5.957193273798831257e+01 5.376119909183451284e+01 4.818353721256115563e+01
2.022278438842990689e-02 2.002022278438807490e+01 2.211998653934665526e+01 1.763540385677715605e+01 4.272249545892006672e+00 3.027422089355633972e+01 1.483304266081383638e+01 2.817665084012968535e+01 9.985273711667653984e+00 2.984657448652685829e+01 2.574982881513120248e+01 4.548609736396925740e+01 4.594603680179059779e+01 2.944327026494242716e+01 1.996648519635153107e+01 3.974583408358950010e+01 2.669198030906220964e+01 4.638340942660409638e+01 4.833749861694204952e+01 4.440376339363854186e+01 5.202895925734834037e+01 3.636887442873648979e+01 5.559350936459181014e+01 6.809892450147064835e+01 7.393586257042646537e+01 8.222690436951310744e+01 8.445609074355472501e+01 9.079418123129994456e+01 9.816877671421130458e+01 1.078542174810229142e+02 1.195298157016786860e+02 1.041910079793290151e+02 9.429900775552769687e+01 8.616459203263150357e+01 7.953637336944177605e+01 7.120787600092768344e+01 5.118145470842834044e+01
6.642187732006160639e-02 1.092400229405216860e+00 2.119731223280246990e+00 3.151152469539042489e+00 4.198463698787211484e+00 2.202606334127819210e+01 7.214428971324906570e+00 8.307164201214757071e+00 2.817665084897630123e+01 3.803227775439577840e+01 4.548609736396925740e+01 5.367849627175310445e+01 4.896879275809826026e+01 4.755103120672870176e+01 3.363723545697629191e+01 2.198180139415469370e+01 4.174217528820557277e+01 2.685293488753115909e+01 2.869049989669095524e+01 3.054593970365561972e+01 3.242740297690851037e+01 3.499566311614709946e+01 5.458142746779751775e+01 6.139371443445142518e+01 5.410498513996432735e+01 6.808315953268986220e+01 8.806553762066431545e+01 9.665846652374590064e+01 9.880524523200540443e+01 1.008249740909678991e+02 1.094385725168747285e+02 1.196736613344078393e+02 1.008951607221064108e+02 1.009006458709989431e+02 8.917232325373235824e+01 7.429259425362897673e+01 5.428173113895377355e+01
1.591255364720534082e-02 2.001588286068657752e+01 2.211998325666753118e+01 1.729343446893918923e+01 2.419033773085309846e+01 5.680085572596835775e+00 2.572827709603913249e+01 2.806261545865458729e+01 1.256738619641880916e+01 3.240651871055180777e+01 4.501229028189170123e+01 5.896144279887185746e+01 6.835689168604373833e+01 5.983254200058649275e+01 4.778244991810349518e+01 2.945058253744071664e+01 2.426059208087675856e+01 4.391399814683303049e+01 4.832786292059106614e+01 5.016797045430283930e+01 4.626091804701973587e+01 5.458142733442751648e+01 3.869692598917025350e+01 4.177411173051830673e+01 6.139371443444350263e+01 7.009778972942581277e+01 6.820401903036395197e+01 7.896318709144340175e+01 7.825984871968245216e+01 8.046202037475987368e+01 9.987855462449796562e+01 1.102019519286247373e+02 1.004252541702525008e+02 8.166446454882436967e+01 8.110855426853581207e+01 6.118955509823395289e+01 5.878194891837096492e+01
6.189296070378335485e-02 1.420402874024281381e+01 3.420410040915835026e+01 3.729427512378072151e+01 3.032951599720719216e+01 9.841561569475404170e+00 3.032952155306882247e+01 4.044505743596391056e+01 3.240651871055180777e+01 1.703788057378462284e+01 3.106313776491147394e+01 5.002623346118832615e+01 6.140481767648557820e+01 7.047198432501480170e+01 6.031126890723934508e+01 4.940861056118006900e+01 3.821653504943089530e+01 2.932066506410755125e+01 4.320248477595905001e+01 6.286452788993003082e+01 6.595520603031185658e+01 6.336066895341829763e+01 4.371155963427322177e+01 6.139371428423268640e+01 4.669089970846849980e+01 5.028625508589085058e+01 5.417650801014676887e+01 5.893452962182273325e+01 6.404469625508764352e+01 7.110558086157531932e+01 8.119759369578434871e+01 1.018679048992231486e+02 1.025436461777253072e+02 8.314390073587738073e+01 6.909028734438291508e+01 8.110871748530740888e+01 6.398957300090612677e+01
2.247884206357958492e-02 1.416461446579493533e+01 3.416461447450627986e+01 4.744469008447144631e+01 2.648423603566896034e+01 3.033055066860975302e+01 1.692608650547373017e+01 3.766169554530382868e+01 4.501221185899575516e+01 2.698239677820031801e+01 2.210974185255876634e+01 3.353309235254314302e+01 5.320104342991530189e+01 5.073091500081315530e+01 7.047198432501480170e+01 6.609821641331652131e+01 4.747209229989880441e+01 3.363692062121513260e+01 3.982205206285350840e+01 5.367225124866186547e+01 7.342030918233331249e+01 5.971230910291765070e+01 6.336066921695455534e+01 5.288671039940984286e+01 6.641182395261500915e+01 6.423359977228136586e+01 6.820401903036395197e+01 7.039998777421216403e+01 8.418277977074222918e+01 9.139808894257066640e+01 9.987855462449796562e+01 1.105237181709800467e+02 1.025440459957596886e+02 8.314390186334256327e+01 8.882612080778659447e+01 8.919649716722746291e+01 6.938195366261653874e+01
