MOVIE_S9_data/elevation_000641.asc
nrows	100
cellsize	150.0
xllcorner	0
ncols	100
yllcorner	0
NODATA_value	-9999
[rows 34 to 50 of 100, columns 0 to 36 of 100]
2.064481644892168788e-02 2.002064481644856642e+01 3.606050641547368230e+01 4.542900688244140639e+01 5.821497807597496887e+01 5.614541312870686340e+01 3.959931572207651840e+01 5.614541312870686340e+01 6.578913698303088609e+01 4.911096163771549783e+01 5.477195630339394228e+01 4.146751703925357191e+01 5.558146341766038745e+01 7.535646187702866428e+01 7.205985033970713971e+01 6.930553329826724962e+01 5.889859044760585505e+01 3.899493661070683714e+01 5.030834074800566214e+01 7.026791728501264345e+01 7.197389279918508009e+01 5.200506055977218267e+01 7.197389279918508009e+01 5.791629004639519707e+01 6.395991132389587364e+01 6.757845948751109688e+01 7.219670990736300098e+01 8.612077041156142343e+01 9.440092588503809168e+01 1.030606336160272036e+02 9.476384040930268782e+01 1.030606336160272036e+02 1.152026368944729597e+02 1.070036359233281615e+02 1.044676826850608791e+02 8.445030357541769206e+01 8.183671798528845898e+01
2.905961989428186565e-02 7.590696089112993761e+00 1.656551344308378759e+01 2.834735665428999596e+01 4.935240572421420779e+01 6.280241550929004291e+01 5.932137116751309236e+01 6.756053178615944432e+01 7.729537593943170748e+01 6.906275690274188150e+01 6.963766352822396755e+01 6.141947309603520466e+01 4.962227180243761637e+01 6.373569767895652660e+01 8.356629455270049789e+01 7.541269555220888776e+01 5.532212983552149410e+01 4.500858684925486841e+01 6.500779473523472518e+01 7.849321505762283380e+01 8.026524025136738771e+01 6.197159703733912295e+01 8.026524025136738771e+01 7.202149418597966246e+01 8.390982054757907349e+01 8.751192702625827735e+01 9.079723527319053744e+01 9.288880574345374441e+01 8.581881988933309913e+01 8.846796412924386743e+01 7.504667163025955290e+01 9.185561081502797265e+01 1.001425902342105161e+02 1.116571747682514939e+02 1.126709552555390701e+02 1.044676826850608791e+02 1.018924274104645491e+02
3.542675937824442400e-02 2.003542675937788786e+01 2.750725067803892188e+01 3.563075658565104220e+01 3.674646836925204951e+01 4.567463676429768071e+01 5.120539045473927331e+01 5.751198218338388557e+01 6.579349305302791606e+01 7.476910891847329310e+01 8.556156249284026671e+01 6.589286987894028869e+01 6.373571903224654278e+01 6.373571903224654278e+01 8.356673536239203770e+01 8.380788606738416036e+01 7.325626780378955516e+01 5.500467974203110799e+01 5.915402367559567409e+01 7.914004821844221738e+01 9.027036595008362951e+01 8.197618856103088092e+01 9.027036595008362951e+01 9.200924947378916841e+01 9.451917598455275993e+01 8.626126262158068414e+01 8.408921646714284748e+01 8.030921101306741150e+01 6.193445978133935625e+01 7.438323897878493085e+01 6.533589721382685411e+01 7.219703878554209098e+01 8.345231805970823302e+01 1.033347221942322989e+02 1.122671884771009729e+02 1.038766621994496546e+02 1.038766621994496546e+02
3.411803931810562102e-02 3.748024091310087513e+00 7.527658815735380315e+00 1.750753430537790578e+01 3.717720840987632869e+01 2.573353377476957604e+01 3.127001268963734759e+01 3.757678578240175682e+01 4.648987210093007150e+01 6.058967683087650613e+01 8.071996220597010563e+01 8.547672877003847702e+01 8.356673536239203770e+01 8.356673536239203770e+01 9.169433196396883545e+01 8.858801665022251370e+01 8.323912958078925328e+01 6.917142607479730998e+01 7.914004821844221738e+01 8.735946736639522214e+01 9.494118197168941720e+01 9.114766809404642345e+01 9.948110145518579372e+01 9.098140776415698383e+01 8.274026327704295625e+01 6.648912379974527198e+01 6.433005425436643065e+01 6.596662390531837161e+01 5.303767974099800853e+01 5.766481163373457264e+01 7.722952198746887120e+01 9.185561081502797265e+01 1.001425902342105161e+02 1.045259567254495323e+02 1.038766621994496546e+02 8.354406960419180450e+01 8.354406960419180450e+01
3.327314952832965272e-02 2.003327314901540390e+01 2.750725067784470212e+01 1.385154256533631489e+01 1.843847904080711331e+01 3.839127639701284522e+01 5.120539045473927331e+01 5.751198218338388557e+01 6.579349305302791606e+01 7.476910891847329310e+01 8.094188050696918424e+01 8.964314497425799289e+01 8.571435650678591855e+01 7.735114688423091422e+01 7.210732380311725365e+01 6.840337260875026004e+01 8.858801665022251370e+01 8.910867021862242154e+01 9.255876570547690108e+01 8.908753914821832609e+01 7.489803263401384470e+01 7.113710780841672943e+01 8.790971450397380238e+01 8.274026327704295625e+01 6.299477442567904717e+01 6.877809421239979315e+01 5.045356288778536680e+01 4.745031212838701151e+01 5.684106120038721599e+01 7.237785788514977980e+01 7.705581536735920167e+01 9.653494993463456808e+01 9.860868510978026791e+01 8.427965737852431971e+01 9.860868510978026791e+01 8.949934809623940168e+01 6.917822568897877034e+01
6.779948344387334846e-02 2.006779948344351894e+01 2.750306842120293283e+01 3.150306842117637629e+01 3.839127639686922322e+01 4.664553068712753259e+01 6.510160914060213599e+01 6.348400470977932741e+01 7.176827597978612516e+01 7.758596050801436661e+01 6.037951856767708847e+01 7.758596050801436661e+01 7.735114688423091422e+01 5.725878139522141907e+01 5.206404941155342669e+01 7.099738303164770059e+01 7.935149647820126972e+01 8.671292529639930535e+01 7.253587937402811292e+01 7.909480748597717081e+01 6.082382586442518146e+01 5.970506329239437804e+01 7.899062066005190275e+01 8.274026327704295625e+01 6.299477442567904717e+01 4.919891528366638767e+01 4.271967884646114300e+01 6.208965961477099427e+01 7.355699977359195429e+01 7.320146045971846149e+01 8.973701989110050192e+01 9.936218990731626377e+01 8.960388165877012057e+01 7.013299632244390125e+01 8.960388165877012057e+01 9.268569108318898486e+01 8.041146587989366878e+01
9.516927588586144779e-03 3.723423691129616131e+00 7.503068421221872342e+00 1.150306842122183859e+01 3.150306842118012085e+01 3.681733804343576821e+01 4.934186908622005774e+01 4.348400471010231882e+01 6.348400470977998822e+01 6.901154419559782127e+01 4.885699980070969417e+01 6.901154419559782127e+01 7.005926649409424556e+01 6.172538990473396581e+01 4.324309755829666813e+01 5.099077703311966303e+01 7.099738303164770059e+01 7.840044700158202318e+01 5.848495013366146367e+01 6.580478083426629610e+01 5.094951039156007511e+01 5.097877083010101984e+01 7.069970983024013833e+01 8.472179525800787303e+01 6.497205551924460565e+01 5.898874595658243436e+01 3.988945318274436858e+01 5.898874595658243436e+01 7.218402388015543636e+01 8.178077936342813814e+01 9.483075040832724767e+01 9.097091108637894763e+01 7.088734667246184529e+01 6.125604084036871200e+01 8.123110369417646837e+01 7.843964872151097723e+01 6.419360635983299801e+01
1.945935296826603253e-02 2.001945935296791035e+01 2.750306842120293283e+01 3.150306842118782669e+01 1.767520241970540695e+01 2.267520241970531814e+01 2.934186908637186875e+01 4.348400471010231882e+01 6.348400470936603313e+01 6.181407285778709593e+01 4.191087388876213993e+01 6.181407285789404682e+01 5.854965238378446202e+01 4.186658478749793488e+01 3.707855775041812763e+01 4.840715135415562287e+01 6.838450918002308754e+01 7.344266286429213153e+01 6.513940420948367205e+01 4.604994795437273325e+01 4.298711033802805304e+01 4.421075114017222774e+01 6.372730498105779873e+01 7.890702990832268426e+01 5.920014537673262822e+01 4.555481886161080496e+01 3.744874358373854051e+01 4.427405334262078895e+01 5.301087611194903815e+01 6.524008671765818690e+01 8.672730892565398619e+01 8.759535370336539017e+01 7.457274940957385923e+01 5.465016840017323574e+01 7.395687395550483245e+01 6.562075173332010536e+01 5.010250452593189152e+01
5.600688922766024203e-02 1.419814251295873575e+01 3.419814251295944274e+01 4.595947363482800085e+01 2.922220780349771729e+01 4.267520241963152472e+01 3.900513403825926417e+01 5.762614029419362538e+01 6.735237448195556453e+01 4.735799553581782817e+01 3.602263677077930737e+01 4.857992958391299254e+01 5.025990342451344617e+01 3.057294434300563779e+01 4.443249396901796899e+01 6.432851436547161939e+01 7.673657589379195088e+01 6.195378587980272300e+01 4.530077653468751464e+01 4.990391571791022329e+01 3.573029841381866589e+01 5.524537849576077519e+01 7.080966895250136872e+01 7.290589809413810940e+01 6.762088136429396457e+01 4.822799640875790317e+01 3.526741860267618733e+01 5.390804341089121010e+01 6.405980611892825038e+01 7.225132063512033653e+01 8.210077146236730528e+01 7.923071661731420079e+01 5.926571471648700395e+01 4.938711864916312066e+01 6.280442490003394340e+01 4.575907954025515068e+01 6.562075173331986377e+01
8.215197286175310309e-02 1.422428759659282882e+01 3.422428759659353403e+01 4.916848731870064881e+01 4.922220780337068646e+01 5.750647899632109983e+01 5.900513403789023670e+01 6.728940523505458771e+01 7.574178168934061262e+01 6.004255123429070551e+01 4.018870814728067131e+01 2.883499288342811084e+01 4.248416273777943530e+01 2.664766482596550645e+01 4.058854651371898825e+01 6.042658199192445068e+01 6.417632236803299861e+01 5.299646885826811626e+01 3.403295917618488886e+01 3.043572371372567176e+01 4.990391571791022329e+01 5.912388863736863698e+01 4.745088604564217150e+01 5.050113079026548490e+01 6.395109209365914893e+01 5.162433290543167175e+01 3.309985497168332103e+01 3.868201568907685584e+01 4.471126208363732957e+01 5.424240368514860933e+01 7.387720922653022626e+01 8.759535370336539017e+01 7.690498979363366061e+01 5.696377968280120285e+01 4.310070734146725613e+01 4.290487094879814123e+01 5.267552589577302768e+01
2.613274238814250472e-02 2.002613274238778729e+01 2.088413082833675816e+01 3.502626653850354899e+01 5.502627752636794156e+01 6.131071138268212195e+01 6.280378549754762929e+01 5.440575661357108572e+01 6.280405702401054668e+01 6.839070624214592442e+01 5.687189924593126023e+01 4.248411906863723431e+01 2.261623950688736429e+01 2.287294637191309121e+01 3.692746764023833350e+01 5.674053468384128962e+01 5.610633254176877216e+01 3.656961616400001702e+01 2.535261603064374114e+01 4.489665369426367647e+01 5.617869179957590120e+01 4.769774297916225692e+01 2.919210218277932967e+01 4.948430723280616661e+01 4.611352908229086722e+01 4.663827550306734082e+01 3.103479471014359348e+01 4.953653613335544748e+01 6.405980611990079865e+01 7.225132063512033653e+01 8.210075143025862587e+01 7.492035674510712795e+01 6.351776860472369890e+01 5.551776719497310353e+01 3.920790833383907170e+01 5.867812810836260695e+01 7.091225062930006118e+01
7.532853315450405152e-02 6.741995199821199769e+00 1.828900058369788084e+01 3.828900288478376979e+01 5.527287218092844512e+01 4.081737822635127344e+01 5.254890906847793275e+01 3.379932133456036070e+01 5.254911183849241496e+01 5.669355043091371016e+01 5.244743739627318035e+01 3.261869388326811503e+01 1.855672592054880354e+01 1.935500270027527492e+01 3.341394351235551596e+01 5.324860517961626982e+01 5.597915588261825093e+01 3.608933247365710884e+01 2.223019409795497126e+01 4.185129381782415692e+01 4.657804133824006954e+01 2.720936587911126026e+01 2.160340061494425257e+01 4.079745527352947931e+01 4.283949095102963156e+01 2.807905820324359780e+01 4.663952498725529949e+01 5.758738156881439352e+01 5.936626604260567319e+01 6.761413539165070574e+01 6.428716285988967627e+01 6.171459615791429343e+01 4.779266449417848150e+01 3.626761664565553644e+01 5.551774802201732939e+01 5.972665487960916408e+01 6.152080602174486756e+01
6.101047412966256744e-02 2.006100634588432641e+01 3.502617842079479971e+01 4.657334376641143336e+01 4.681974498523984352e+01 2.615556522534338413e+01 3.375057549623982567e+01 2.340372821628623612e+01 4.398682853315658292e+01 3.687668581270617807e+01 3.964521185297112993e+01 3.127621799390336577e+01 1.496200127891627574e+01 3.460216987995447369e+01 3.922086081715077910e+01 5.909573621874022820e+01 5.474308987963659945e+01 3.851815115349712926e+01 1.923554602792269108e+01 3.830859813196200747e+01 3.810630352421225098e+01 2.021191974982866313e+01 3.891391657992207342e+01 2.300799794187935277e+01 2.511130548419358988e+01 4.382069011817127802e+01 4.612743051092223112e+01 4.706869507688787024e+01 3.997826394100799519e+01 4.930510350790239471e+01 4.472474593606327886e+01 5.175608755327501598e+01 3.448517829395630940e+01 5.361765832829981093e+01 3.853937620907563399e+01 4.017791908537112988e+01 4.186168315291227060e+01
6.842009524227352091e-02 1.588327768720584210e+01 3.777811055464663070e+01 4.122725698348730106e+01 4.171424530103213613e+01 3.373509145035004764e+01 1.383061762869436961e+01 3.364840268860233863e+01 4.233972925262415998e+01 2.283938678188115645e+01 2.850485240357307504e+01 1.179035182436996188e+01 3.078176863592075563e+01 4.105768646229187624e+01 4.700085375220542971e+01 4.685066620253186187e+01 4.191455967495883783e+01 1.781384097637651820e+01 1.631268213905481090e+01 3.040363568559791219e+01 1.883674177750159373e+01 3.753325105882481694e+01 4.676364704145670004e+01 4.232786346777044884e+01 2.459650650643324354e+01 2.572083407263984256e+01 2.684361942907128196e+01 2.797829982245157865e+01 2.911045992620391942e+01 3.026343703230141102e+01 3.140927348931826657e+01 3.269609746200323031e+01 5.175609936259326815e+01 6.185319338184361015e+01 5.215256557235373691e+01 5.972667536887685458e+01 6.152083176485646732e+01
1.934550753332892059e-02 2.001933771616856461e+01 2.421597111266705227e+01 2.269745341407893235e+01 1.864199584790726760e+01 2.428759896582281996e+01 9.839916657191853488e+00 2.781186405483569146e+01 2.683782370258621697e+01 2.714933722767039725e+01 8.745193636493834077e+00 9.477365739414686630e+00 2.936155487889761773e+01 3.127583599272290726e+01 2.644569163989107352e+01 2.709665738360101273e+01 3.369613649550416312e+01 1.510009054890400648e+01 3.488890258781565024e+01 1.757057509678203289e+01 3.747049576213603217e+01 2.234811885842950119e+01 3.914077852938422808e+01 5.397077428488702111e+01 4.787147310443635462e+01 4.479715594612886065e+01 3.349925071016689060e+01 4.702510829258233116e+01 3.455691326638313399e+01 4.930253639836164581e+01 4.917471302225278151e+01 3.381563281393329845e+01 4.841475623033147713e+01 7.108496014401815444e+01 7.199570194167129955e+01 7.794970916466829181e+01 5.800457127851028361e+01
4.364784840791047227e-02 7.516401774048874218e-01 1.965600554982987802e+01 2.240696506073502903e+01 3.477753780238849401e+00 4.196192923510676742e+00 9.645626904787683031e+00 2.122241905313877908e+01 6.988499586873256675e+00 7.715906465154122706e+00 2.756804440594630989e+01 2.855167659826322080e+01 1.058433196662760167e+01 1.139613801816391536e+01 1.221785906338894634e+01 1.304696886058816929e+01 1.387810192828397859e+01 3.369613649128844912e+01 4.310797412605609225e+01 4.139410410390068051e+01 4.413145773074509037e+01 2.485761012463300190e+01 4.413106107009498658e+01 5.583567827423678409e+01 6.540185756202488676e+01 4.664847575262139401e+01 4.417034116274768252e+01 5.954507115429382935e+01 4.026273949595443469e+01 6.015622742895446606e+01 5.587051718533238187e+01 3.584950222336289016e+01 5.436850442799829608e+01 6.807527854239440046e+01 7.822283223023636367e+01 8.629790589096813846e+01 7.474410543233283022e+01
5.219006137575642884e-02 2.004691224211727274e+01 1.754780549265510636e+00 2.465002819914233534e+00 2.089865265536993277e+01 2.383205487178830850e+01 5.226847718067772597e+00 5.955403191736024837e+00 2.601706304243496959e+01 1.602905165508293095e+01 3.395078729514486326e+01 1.587152666960426650e+01 3.047780842300367254e+01 3.127643150811665862e+01 2.629118832431205277e+01 3.288239581705256853e+01 1.667142036131965099e+01 3.597770482290449934e+01 4.774042777209532318e+01 5.831844208405981078e+01 5.225634958342308778e+01 4.413145969622032538e+01 2.849116080441571341e+01 4.199184792324398785e+01 6.147421934740572169e+01 5.995744244279993040e+01 5.731405324822720360e+01 6.714441343859353140e+01 4.716772922383299260e+01 6.753357071220777641e+01 6.441770837755829859e+01 5.615269434417289318e+01 3.989049449566790173e+01 5.015542995199248821e+01 6.415387877606734435e+01 8.398530796609820470e+01 7.639969386674907526e+01
