MOVIE_S9_data/elevation_000801.asc
nrows	100
cellsize	150.0
xllcorner	0
ncols	100
yllcorner	0
NODATA_value	-9999
[rows 51 to 67 of 100, columns 37 to 73 of 100]
9.452561804851185912e+01 1.027447926727536327e+02 1.092412656797609287e+02 1.009608094180647697e+02 1.009608094180647697e+02 1.092412656797609287e+02 9.113366895693880565e+01 7.078334433225495559e+01 5.945399354282339743e+01 8.001207754073757883e+01 9.259160895076844611e+01 1.040425567971537930e+02 8.379894790811080441e+01 7.279938328787198998e+01 7.011042331543180239e+01 7.197757074687871182e+01 6.440765968053950985e+01 4.443123541739709736e+01 6.319267634243619369e+01 7.652884468946373886e+01 8.447451417892357028e+01 8.131777855000088095e+01 6.145122938513596722e+01 8.131777855000088095e+01 7.561625689147510343e+01 6.096291345397246886e+01 6.850906114789611934e+01 7.843285884750207515e+01 9.821590574770689841e+01 1.098995476371271991e+02 9.327042298240654361e+01 9.190151094328489023e+01 9.190151094328490444e+01 1.117163359342212487e+02 1.167764775589843680e+02 9.694964800885439615e+01 1.005879390206664539e+02
1.100996334310470957e+02 1.076964665222164825e+02 9.772716857806867097e+01 8.103760293175602669e+01 8.103760293175602669e+01 9.772716857806867097e+01 8.997245434056040381e+01 7.451769848011512920e+01 5.399675712640839009e+01 6.382562133222118206e+01 7.833810273540593982e+01 9.854692576532562498e+01 1.023629193860004278e+02 9.366086292243319633e+01 8.905027735205939621e+01 8.131985001434753713e+01 6.244467527299448761e+01 4.245516782870161876e+01 5.978468585032097593e+01 6.750009801692496580e+01 6.479409645485856117e+01 6.490600699937246532e+01 5.437910001031755769e+01 7.085652083177672012e+01 5.570485240146295070e+01 6.723277995438361643e+01 8.706829935958268152e+01 9.652920146494084008e+01 1.064264198842698192e+02 1.016514601887897271e+02 8.191702781394675981e+01 7.800128037851571605e+01 9.619634870265240068e+01 1.031718208845522611e+02 1.114265313072226320e+02 1.167764775589843680e+02 1.048425942812841924e+02
1.052107656505319540e+02 9.941724777783564093e+01 7.949903380231221206e+01 6.954482843275810922e+01 6.954482843275810922e+01 8.881513011279047021e+01 8.162984465010764268e+01 6.115705088669862732e+01 4.936790818305874495e+01 6.980987165973979813e+01 8.874759216288158825e+01 9.018724107558685432e+01 9.850245061235200694e+01 9.857675149886496513e+01 7.874207710189635634e+01 6.469823000194914187e+01 5.317508378841274919e+01 5.978436846398911797e+01 3.977723169095700229e+01 5.822120133450460600e+01 6.119867658747138961e+01 4.492819686211884544e+01 4.789075963327641006e+01 5.091532583653725652e+01 7.085652083177589589e+01 8.382662629787979824e+01 9.527468685124475201e+01 1.073876786709344486e+02 9.900227097884052796e+01 9.079631555337637394e+01 8.468081435715296834e+01 7.054022800306940155e+01 7.650034566801579672e+01 8.344220615735426350e+01 9.478205039590156389e+01 1.146324605039701225e+02 1.083397474034933765e+02
9.479807940595104299e+01 1.076964665222164825e+02 9.772716857806867097e+01 8.055263677244496989e+01 6.061123392499329299e+01 8.055263677244496989e+01 8.039593776522731616e+01 5.996163496076247412e+01 4.557585346708653162e+01 5.996163496076247412e+01 7.581388225181851226e+01 6.986024209015876352e+01 9.018724107558685432e+01 8.876265214659684943e+01 8.053744546367541091e+01 8.131985001434753713e+01 7.308921518872459444e+01 5.794204743760401044e+01 3.793496014458032306e+01 5.768812632459476930e+01 4.122771460671824428e+01 5.542086290220482425e+01 6.784783745271903399e+01 6.499816198882351159e+01 6.504614014965756041e+01 8.494797606526832112e+01 9.686179914097903065e+01 8.864203802575282509e+01 7.939662096831614235e+01 7.105124561710236719e+01 6.491086059421121490e+01 8.468081435715556893e+01 9.619634870265240068e+01 1.031718208845522611e+02 1.114265313072226320e+02 1.229095245427330951e+02 1.120820137122083366e+02
8.636039394282835246e+01 9.262669701400477607e+01 8.435889574447863026e+01 7.597776520378833709e+01 5.601166172376424157e+01 7.597776520378833709e+01 7.913041320874067708e+01 6.240059382789552700e+01 4.208686889247718454e+01 4.818672616947309706e+01 5.535566948268613174e+01 7.581388225181851226e+01 8.876265214581253815e+01 7.729994065613377074e+01 6.068485792622464459e+01 7.316091603013651934e+01 7.455716536194677246e+01 5.611350874295736446e+01 3.611707943653577502e+01 3.768568849971151735e+01 5.768812632459603407e+01 6.945623553654570514e+01 8.382966948517888284e+01 8.439212491285714179e+01 8.492797836332134409e+01 9.317907052981212246e+01 8.864203802575282509e+01 6.886421636578036498e+01 7.465700621288809202e+01 5.956789666231092184e+01 7.939709006351743881e+01 8.954522220515187314e+01 9.548326327447830408e+01 1.024562808713352524e+02 1.107098984772541712e+02 1.221899202258794901e+02 1.135493854352576477e+02
7.920346299315134786e+01 8.435889574447863026e+01 6.441230933718019003e+01 7.025452923435456398e+01 5.173140128540822502e+01 7.172097763901700773e+01 7.074460431364549606e+01 5.034510451953969579e+01 3.869997819860566324e+01 5.299380270845622931e+01 7.338739506244297672e+01 8.418134635125531418e+01 8.053744546367516932e+01 6.068485792622464459e+01 4.917707758933563156e+01 5.329489220364821733e+01 5.970487072793050487e+01 4.644693775021691806e+01 3.431783639433993471e+01 5.430280399051066098e+01 5.403187346795181867e+01 6.812835863950347459e+01 8.792500505983963421e+01 9.060347754113223573e+01 8.484173678580803823e+01 8.976781694179346971e+01 7.920709505682046370e+01 7.099765233510090923e+01 5.478164344030590627e+01 5.950102545238743090e+01 6.450041772609215229e+01 6.982401422890794151e+01 7.578900905780162134e+01 8.273360875905230216e+01 9.406972470569411371e+01 1.139125296438662929e+02 1.217968887931273798e+02
7.282627341059357207e+01 8.205813562488287971e+01 6.209112855928861308e+01 5.025836301455093746e+01 4.763163766820467515e+01 6.764062245228868164e+01 7.050330557319135494e+01 5.013503780648611041e+01 3.587276366140685724e+01 5.610076531433072944e+01 7.256737108332133346e+01 8.095858442684873069e+01 7.833970189910469628e+01 7.011057363325785730e+01 5.912631314707339669e+01 3.917893327010708049e+01 4.823853835303798121e+01 3.230522823316650260e+01 3.764035543499679903e+01 6.013447594706948252e+01 7.088753142957439479e+01 6.961514750546591301e+01 7.785047880785857899e+01 7.084957849347301817e+01 6.505383676240313662e+01 7.572913105403112866e+01 6.172582687557085990e+01 5.109572202010780728e+01 6.262458107927734119e+01 7.933080878206716591e+01 8.427450766940769711e+01 8.954522220515160313e+01 9.548326327447830408e+01 1.024562808713352524e+02 1.107098984772541712e+02 1.124144799591606159e+02 1.206533200696396904e+02
6.832424985196969658e+01 7.621573594311063005e+01 5.624052461771469069e+01 4.206784129771602920e+01 5.743866716294658659e+01 6.571508683273683005e+01 6.773153540803899375e+01 4.739026186751349456e+01 3.317026989194572906e+01 5.334808294956190622e+01 5.230272490676777153e+01 7.256737108332133346e+01 7.011057363325906522e+01 5.019066938220825591e+01 5.602507425668271424e+01 4.973320433295861420e+01 3.104084476050850228e+01 5.099935932859267496e+01 3.397781758809698971e+01 5.391089421493009581e+01 5.103711787816875756e+01 4.967837994329153162e+01 5.938035562608199314e+01 6.066558625653561876e+01 5.094866637859022518e+01 6.423442014278606393e+01 4.760957392468340288e+01 6.172581236462605148e+01 7.918966556180421890e+01 8.243413792837424126e+01 1.022162469207086559e+02 1.034793862154576374e+02 9.493520506987466945e+01 1.034793862165763159e+02 9.989448916258018585e+01 9.261863635839057451e+01 1.065878312293374819e+02
5.825604888487951882e+01 7.832308423281639875e+01 6.836700429803049417e+01 4.893646411805380581e+01 3.742763051620747206e+01 5.317229981484345558e+01 6.145059234703211359e+01 5.069860629405599894e+01 3.059337196791171110e+01 3.809280374301715000e+01 5.230363621381734163e+01 7.260356961267189035e+01 6.956810582761471551e+01 5.602494791112532369e+01 3.606172663828731118e+01 2.981309308562185123e+01 4.973320433150360742e+01 5.924170732012909468e+01 5.395303562721302626e+01 3.566625765528679182e+01 3.687873496827808850e+01 3.810174866028128093e+01 3.938003300455914513e+01 4.067141563273646909e+01 4.197749606774776510e+01 4.428780209739792895e+01 6.423535367447595945e+01 7.574536396263907534e+01 8.974896911327327587e+01 9.826359381830361883e+01 9.279617596102870891e+01 9.350302530358882791e+01 7.526197640708110725e+01 9.350302530405016910e+01 8.022757977829667198e+01 9.246109612142920753e+01 1.122308890794769951e+02
6.019910361371942997e+01 7.553778814290383536e+01 7.639584356293467238e+01 6.543497906191059599e+01 5.317228749351325234e+01 3.321329230950114209e+01 5.317229549786360820e+01 4.824517234698360113e+01 2.822653862282259141e+01 4.824496585066893317e+01 5.388687292277577967e+01 6.207361971218005436e+01 5.548871774826918823e+01 4.140441166666250439e+01 2.860935467106216024e+01 4.847457669856065365e+01 4.240018515493368056e+01 6.235144584300970649e+01 6.320992954873586456e+01 4.323727526870730742e+01 5.687621052045475523e+01 4.297162938478094674e+01 5.937904111775353755e+01 5.483650234236727528e+01 6.196094431811691550e+01 4.426539662057331981e+01 6.422749361903319709e+01 6.822168251799314476e+01 7.629304712567983415e+01 8.186361527689484774e+01 7.559923249075337992e+01 7.729273087599121084e+01 6.660507574040920531e+01 8.377872235790286481e+01 7.277945639144770951e+01 8.668180896417727865e+01 1.064135295573151865e+02
4.722290858432744898e+01 6.138034169050652622e+01 7.294067502729269847e+01 6.186531953509628323e+01 4.187008285736208535e+01 3.042509044586015676e+01 4.649202387028857686e+01 4.571904943413803579e+01 2.591984213275432580e+01 4.377777979287119337e+01 2.793723881040385137e+01 4.997652095322499832e+01 4.422964347489885029e+01 2.742556542574909528e+01 4.723344265189568603e+01 4.482231132416227126e+01 6.235134161142832454e+01 6.235144584305979976e+01 7.145782560224250801e+01 5.325348861648726739e+01 6.793286655382547679e+01 4.799081129750266683e+01 6.793276213339551362e+01 7.474185051215690123e+01 7.245468350467464802e+01 5.840530380696771573e+01 4.658464453639487601e+01 4.828488398751677124e+01 6.813681953589080820e+01 7.238274691889512269e+01 6.537041697766507298e+01 5.744409270871248196e+01 5.956891507603790359e+01 6.460912298360382522e+01 7.865528196394282645e+01 9.835808835724832022e+01 9.476230024150791564e+01
3.298404991906549810e+01 4.462374726907965083e+01 6.465019249442944727e+01 7.014065081653166089e+01 5.859857521989969342e+01 4.649204509589063150e+01 2.669044057070250986e+01 3.444714011854414792e+01 2.362159556871505828e+01 2.404022960188335034e+01 2.445751060179870962e+01 4.423533629703167946e+01 2.624188781157113581e+01 4.601214843430859958e+01 5.546279696197966302e+01 6.477248800689740449e+01 7.304109697599008655e+01 8.223092874312153810e+01 8.141410810285375987e+01 6.735278802375113116e+01 6.793286655384538619e+01 6.793286655384538619e+01 5.694244887888655171e+01 7.682430122816482765e+01 8.650295633724537936e+01 7.282494474770591353e+01 5.291696753042181456e+01 6.822168251799315897e+01 5.073031371933968359e+01 5.248529532243063045e+01 5.450700324138400532e+01 7.485304802629991627e+01 7.942839308442771085e+01 6.312287503490076546e+01 8.292975077842950782e+01 8.960583661226446850e+01 7.512569603879884994e+01
3.077319803690377142e+01 4.787485378218860888e+01 5.616827530940057045e+01 6.742985151121058607e+01 6.257514312376016363e+01 4.918911792761717550e+01 4.167372687230638917e+01 2.303683411934389369e+01 4.130183215938206587e+01 3.875966797795974372e+01 4.357232620512903054e+01 2.504586417257129938e+01 4.418416575284941672e+01 4.190320459542346754e+01 5.215800976988232662e+01 6.054901328654422343e+01 6.933385991247078550e+01 8.254638910459256351e+01 9.081099594133412722e+01 8.722314453149316194e+01 8.778329011959715444e+01 8.504188622812579013e+01 6.844686367764749946e+01 7.101923616092760483e+01 9.083896804395031666e+01 7.984247545222909537e+01 5.998944561708395184e+01 7.887940649133601312e+01 6.488249643703561276e+01 7.240345895400214715e+01 5.774307582860687660e+01 7.759580770231704605e+01 9.112333625347066857e+01 8.292975077842818621e+01 6.679697483979714434e+01 6.992972253361166679e+01 7.617252279362269007e+01
4.787485377788731711e+01 2.792809451925003827e+01 3.913139606447170138e+01 5.323500510838663757e+01 4.855374302349031979e+01 2.467761096638353280e+01 2.245738465252451022e+01 4.223422881909864657e+01 4.983322863831511285e+01 4.876481056957909033e+01 3.598107004572192125e+01 3.478754524482741317e+01 2.571680898438430063e+01 2.618914320154757647e+01 3.728259065940816441e+01 4.126528166651914376e+01 6.108990737947954131e+01 6.263752144292678281e+01 7.930922314093211867e+01 8.019650174638856299e+01 8.845273565094504420e+01 9.649075824195183770e+01 8.826809374079130066e+01 9.083896804395031666e+01 9.906453629532400385e+01 8.804214680423088168e+01 6.994830131262861528e+01 8.804214680422779793e+01 8.503072826524051209e+01 8.089523125011442062e+01 6.159585849805214508e+01 8.141757580363666591e+01 9.607223775764161644e+01 9.472469851386819073e+01 8.653168202162508749e+01 7.382157772357192016e+01 9.348492900994277477e+01
5.616866570666240932e+01 3.913139660804919373e+01 2.525871187368151638e+01 4.224015238169180009e+01 3.988678893577064599e+01 2.187721042777340230e+01 2.566038873337889115e+01 4.518967175098781297e+01 5.860019877469527216e+01 6.006735350304495569e+01 5.154047395403287624e+01 5.189462309979847277e+01 4.577069424053723168e+01 4.597088237517926501e+01 2.685106998996855054e+01 4.665308247189304325e+01 5.844838663884388552e+01 5.113465889715817525e+01 6.609515804914650516e+01 6.025419024206441776e+01 8.019650174638856299e+01 9.087589480329214098e+01 8.262119598149394051e+01 9.087589480329214098e+01 9.857972525817268661e+01 9.793805486995668730e+01 8.973665391162366234e+01 9.793817450155034976e+01 9.543461606984550372e+01 7.563108916405646198e+01 8.141757580363666591e+01 6.806452798530294501e+01 8.783050583835773750e+01 1.015301920842036196e+02 8.182209839586460021e+01 9.348509298948901858e+01 1.017088050378021080e+02
6.743502999255848351e+01 5.327530658848488088e+01 4.224275872620568606e+01 2.264079111303317049e+01 2.130060640135131322e+01 4.102366739786887706e+01 4.527305085353353320e+01 3.127578295479224835e+01 5.095090440286746514e+01 6.566519904925742424e+01 7.354911725055698923e+01 6.825719294023554085e+01 4.925842830015731977e+01 2.758588040801622299e+01 2.731710236792853053e+01 4.561415855249996554e+01 3.851800479503101826e+01 5.667604458091545894e+01 4.611420118061283091e+01 6.025419024206441776e+01 8.019650174638857720e+01 8.092349326056130110e+01 6.272625232346631208e+01 8.092349326056130110e+01 7.867194375296865871e+01 9.132711751383646970e+01 9.350710433759165596e+01 1.017700280305292608e+02 1.037468411727788720e+02 9.546623302176824666e+01 9.276641324470887184e+01 7.302278361929573691e+01 9.276641324470887184e+01 1.097518805048280370e+02 1.015301920842036196e+02 9.161718040513045480e+01 1.114432037632767418e+02
5.003569500667447301e+01 4.818254843716420766e+01 3.992887890264767492e+01 2.072446528435140678e+01 4.036311439358398445e+01 4.924435996675552474e+01 5.917833314257475053e+01 5.095090553239537456e+01 3.759050223387183820e+01 5.736746056711864838e+01 7.509683714223737638e+01 6.961586959702788135e+01 4.967981430481207639e+01 3.559227169878423780e+01 4.670348266920367308e+01 2.797159205243686841e+01 4.772467211487029459e+01 3.668565054300565009e+01 5.667604454951641202e+01 7.435340083170972036e+01 7.027813709550555643e+01 6.202860398969981048e+01 5.275852790152326577e+01 6.919087215011056458e+01 6.461469150629670821e+01 7.143404951769946365e+01 7.360932695843811757e+01 8.980437533523983973e+01 9.806385839987012787e+01 1.080245199495650894e+02 9.824575920850929833e+01 7.848969638000959037e+01 9.824575920850929833e+01 1.180177688049376741e+02 1.196700773278022467e+02 1.056123734165197590e+02 1.077905650059011009e+02
