MOVIE_S9_data/elevation_000349.asc
nrows	100
cellsize	150.0
xllcorner	0
ncols	100
yllcorner	0
NODATA_value	-9999
[rows 68 to 84 of 100, columns 37 to 73 of 100]
7.087370789326122633e+01 9.189918278204292790e+01 8.666285589563184999e+01 1.061853445109509266e+02 1.204430650588411567e+02 1.075942938296634424e+02 9.900719060487428180e+01 8.666233671935621885e+01 1.069702402647960326e+02 1.175433283450705488e+02 1.216839788091012622e+02 1.014344699091488593e+02 8.720376238787993373e+01 7.532631071202298756e+01 9.055477178651663905e+01 9.901529777646020136e+01 8.851987246464771886e+01 6.855112193192060488e+01 8.387058286892293779e+01 8.371062199445816532e+01 6.679418917164974800e+01 7.344720793585933905e+01 9.342338253274090221e+01 1.128516604695692251e+02 1.214320894241339346e+02 1.070249376528080063e+02 1.190752999942514094e+02 1.268596882381174424e+02 1.167709610399287357e+02 9.679928750986941566e+01 8.525492451953765283e+01 8.737534656243295217e+01 1.001433602791205004e+02 1.086244335939426549e+02 1.021524656047071744e+02 9.340862313319516375e+01 9.324799062783155534e+01
8.081984122453110331e+01 9.639817452644922469e+01 9.797928998872976081e+01 1.142875666309747089e+02 1.134347922786312353e+02 9.302838362818184237e+01 7.882155939542700196e+01 9.227438494298870353e+01 8.854548800351182081e+01 1.088902559083488342e+02 1.210887327982684099e+02 1.093114368815327424e+02 1.007889573119306164e+02 9.055477178651663905e+01 6.991696494903888492e+01 9.055477178638697922e+01 9.697850810872823502e+01 8.387058286892293779e+01 6.389517593360859138e+01 6.373122716367573304e+01 8.371062199445816532e+01 9.342316646416462333e+01 8.491658639718855284e+01 9.645025794998733204e+01 1.167829911384273203e+02 1.271617973890404159e+02 1.185249409633515398e+02 1.034130068205760580e+02 1.184819845719869988e+02 1.137498394158374282e+02 9.586407044630551866e+01 7.583973251636103896e+01 8.008015361173336544e+01 9.697128008868386928e+01 1.115677413933142503e+02 9.143098583311581251e+01 9.081675948322546787e+01
9.584527369290708521e+01 1.137902726851969106e+02 1.115236351956727248e+02 1.204175172139458994e+02 1.097627625866454508e+02 1.008252056823490790e+02 9.227897197322826628e+01 7.216449163558525015e+01 8.633132201114372606e+01 1.066378699976685169e+02 1.124785603867554755e+02 9.223688570094068950e+01 8.049929152714990721e+01 7.309030753407131442e+01 6.657649412232908048e+01 8.288929681981792896e+01 8.020904653910359627e+01 7.838924806005189794e+01 6.073115402358198622e+01 6.532316571906082459e+01 8.528833196868589539e+01 1.008335526340524524e+02 1.050438821587206917e+02 1.136305607841613750e+02 1.254832164650396606e+02 1.220370213359274487e+02 1.084801416896601438e+02 8.822946283383284083e+01 1.084258023630993080e+02 1.080250939919424980e+02 1.042974993726892734e+02 8.855986250889745293e+01 6.855371330013225872e+01 8.855514126596260382e+01 1.056528562703517196e+02 8.555206707265919874e+01 7.147947909586797266e+01
1.255431736100613165e+02 1.310485347546221817e+02 1.306700681991793545e+02 1.117251174175304129e+02 9.031267905093120874e+01 8.010767292022393349e+01 7.340144820073560084e+01 6.820863124914674813e+01 8.833437248826527366e+01 1.020863495491673376e+02 1.138983126494044029e+02 1.093114368815327140e+02 1.007889573119306164e+02 9.361040518979699243e+01 8.288928713676307325e+01 6.280347279264561422e+01 6.038755555717518320e+01 5.843315699428762855e+01 7.838917249755371586e+01 8.528830243816932466e+01 7.237476571319534457e+01 9.235099585164842040e+01 1.076789795689796989e+02 1.162946520847603011e+02 1.265743338630643962e+02 1.131731556468854620e+02 9.272476603002512263e+01 7.919899815436752988e+01 9.961672764434452176e+01 8.828848294266227015e+01 8.839702060492062685e+01 8.428809715853505224e+01 6.429657208032743654e+01 8.429762548453227566e+01 1.003180732788924701e+02 9.823317965270352659e+01 7.819311438792310298e+01
1.264646800616204132e+02 1.167810208598696562e+02 1.273224155353957627e+02 1.208740205277026831e+02 1.097608267496490413e+02 1.007413290133201400e+02 8.453135728936081250e+01 6.437060970105095237e+01 7.338985288954030750e+01 8.496934323351003115e+01 1.052595941170887386e+02 1.183418632544924805e+02 1.042541777768376079e+02 9.576554529080854650e+01 9.138256173929468673e+01 8.282636192458970470e+01 7.650230739723940587e+01 5.683987819616208981e+01 6.677857109771069588e+01 8.675630746127320947e+01 9.235099545344650096e+01 8.047605230467867443e+01 8.749678159011845935e+01 9.749900308754985190e+01 1.178589560504095317e+02 1.044862143907889589e+02 8.411478825934827341e+01 7.253301353922728367e+01 8.595122610405613273e+01 8.201018642009009341e+01 6.837163937929996393e+01 7.505144771081187116e+01 6.030249049550206308e+01 7.183094018330073993e+01 9.186911748885943041e+01 8.964779341446549665e+01 7.758284856864132450e+01
1.043014796764715584e+02 1.007808059475008520e+02 1.195017997689229077e+02 1.136468420255150420e+02 1.015482562903283537e+02 9.273329814583406971e+01 8.003215513164852268e+01 6.135734226610479425e+01 7.560317541660305096e+01 9.579269850238617323e+01 1.118180450512030433e+02 9.642809193291532210e+01 9.576554951125126536e+01 7.576336464971315365e+01 8.162186499345168045e+01 8.184263689873033343e+01 7.347924483083225766e+01 5.550365419290608315e+01 7.539458916372538511e+01 8.675630790250718860e+01 1.069730705718601627e+02 1.005434950439280897e+02 1.005434950439286439e+02 1.162946520847603011e+02 1.265743338630643962e+02 1.094333961577984127e+02 8.896958710082900268e+01 8.595122610405613273e+01 6.587682005795372220e+01 6.203239598419573753e+01 5.838640957761775496e+01 5.506299768764352365e+01 7.159405795775727199e+01 7.995464239484776670e+01 8.024682427366566628e+01 8.126006223847340948e+01 6.009462553034058629e+01
8.789646559479089660e+01 1.017838692969806544e+02 1.216346780375479852e+02 1.047604948761366188e+02 8.406421474061781396e+01 7.235150444007719273e+01 6.520975293576836407e+01 5.852442730243029700e+01 7.272653421645910043e+01 9.291271869196624777e+01 1.006886425533612908e+02 8.033933679392822569e+01 9.581696295588410806e+01 7.576266455318861404e+01 6.171899600667200048e+01 7.168192265594279888e+01 5.364423080081232342e+01 5.702304233708401426e+01 7.676770067903174777e+01 8.705768983783244153e+01 9.551261988697950756e+01 1.073080403423073648e+02 1.209939919822431875e+02 1.228980100804100459e+02 1.316221036679077940e+02 1.181676176136182477e+02 1.002487621203630397e+02 8.002899277758393737e+01 8.002899277758393737e+01 8.207210626713830948e+01 7.839990995362582282e+01 7.159405788155069672e+01 5.162844378158539627e+01 6.823953619756905198e+01 6.025900534082708759e+01 7.445196056035564425e+01 7.757749556466859531e+01
1.076017012655824630e+02 1.157176497260656589e+02 1.069685007843071247e+02 9.804786604924302651e+01 1.015301493585333645e+02 9.278320443489091929e+01 7.606118260431213685e+01 5.605728581564779489e+01 7.260242409365574190e+01 8.101472100438047619e+01 9.143000520558547350e+01 6.893457502439518692e+01 8.790951838454213885e+01 8.510641497261516975e+01 6.573524284586839883e+01 5.193604331323874135e+01 7.168179882361177135e+01 7.676769649653327576e+01 6.222513836909054419e+01 6.647555922097089365e+01 7.850714940424533950e+01 9.875223311023648876e+01 1.085262041842500764e+02 1.025732072662669054e+02 1.228980100804100459e+02 1.288601947501943812e+02 1.088350302955666251e+02 1.002487621203630397e+02 1.002487621203630397e+02 1.008501277874744204e+02 9.184002305136658606e+01 7.400474732879960982e+01 5.403413476100901391e+01 4.831102356311630075e+01 4.621981527029154080e+01 6.317776572913976452e+01 6.959338561504016241e+01
1.141966210861720583e+02 1.082738475675493390e+02 9.500659422863367354e+01 7.761471169496871880e+01 9.490726508315533749e+01 9.026224617195032351e+01 7.015318068739934176e+01 7.260171705361680949e+01 5.281609752604231289e+01 6.930237874303354317e+01 7.232374381346390635e+01 6.076884014012647128e+01 7.767026519648568694e+01 7.948362688503834761e+01 7.044938866216708107e+01 5.078042557761268228e+01 7.044752848635469888e+01 8.238571664946638862e+01 8.266947123031570754e+01 8.113295507074550983e+01 7.444015272515927961e+01 8.131996196022157619e+01 8.843764258832092651e+01 1.085262041842500764e+02 1.168356227229001973e+02 1.143596406865932238e+02 9.985908662299210903e+01 1.143596406865932238e+02 1.066420805194969432e+02 8.648869284195480134e+01 7.235769715526923562e+01 6.343340269480378879e+01 7.400358017927581500e+01 5.979102633058117533e+01 6.317776587888963036e+01 4.333683077257866501e+01 6.031277162393007529e+01
1.088556452612988465e+02 9.660931489887092027e+01 7.865692078069609749e+01 6.613667291306440177e+01 8.621649136844538930e+01 9.871392468209000981e+01 9.028675006490799149e+01 8.101273809507438273e+01 6.930237874303354317e+01 4.976898404363429052e+01 5.192071656196389995e+01 7.194376083418070777e+01 7.948362688495110717e+01 6.248892648631525759e+01 6.756561318364308022e+01 4.964106115300726429e+01 5.422795925337575795e+01 7.403271839181117286e+01 9.025996883260177128e+01 1.013611700156288720e+02 8.881840094049421452e+01 9.472336758499784537e+01 1.085262041842500764e+02 1.110357785803389987e+02 9.657718245261442291e+01 1.058071836133555479e+02 8.570143697166008678e+01 9.419912537751422121e+01 1.026599780122064800e+02 1.008501277874761115e+02 9.184003010026292202e+01 8.343210183795071089e+01 8.813359906771199803e+01 7.977042757671294737e+01 7.053813367629794584e+01 5.828342561436033264e+01 4.051102220670962595e+01
1.000075421571784204e+02 7.902827759003741903e+01 6.751099937805868478e+01 5.870781034307967161e+01 7.133586585857830187e+01 7.978138634330079526e+01 9.397694503635398178e+01 9.486715344823980445e+01 7.768659432565056022e+01 6.613820047762239085e+01 4.680918763408983096e+01 6.374550605817137239e+01 6.484182816888831269e+01 6.594628733584750080e+01 4.808714471193506057e+01 6.721435124575825171e+01 7.401023800091671490e+01 6.192291168152319614e+01 7.597331382545564793e+01 9.603081548171589077e+01 1.089792181435193186e+02 1.149925430369078896e+02 1.152706033397120251e+02 1.009247018415016584e+02 8.243733487182117869e+01 9.664260146552426534e+01 9.419912537751422121e+01 7.419582264559453222e+01 9.419912537751422121e+01 9.663672196413700988e+01 8.820249181013315365e+01 8.892967169920508752e+01 8.051843541689954975e+01 8.067930566386598912e+01 7.228605593554124198e+01 5.966558512702948747e+01 3.986694396634756998e+01
1.010197832202573807e+02 8.896747953941655851e+01 8.033335919307656070e+01 7.133706728299345912e+01 5.165280270036328858e+01 6.546892527641246318e+01 8.408868007383951237e+01 7.478288822123766977e+01 7.478288822123658974e+01 6.408515324043275996e+01 4.485574554746908404e+01 4.441338394500971276e+01 4.548785047209461396e+01 4.655342423200917068e+01 6.594628733580330504e+01 6.208996374055742251e+01 8.295079749743368325e+01 8.184802004691395894e+01 7.184605375104382574e+01 8.333677841159176580e+01 1.034795584176199412e+02 1.144670546912281424e+02 1.043379736363756507e+02 8.657880034329134844e+01 7.247424821669410733e+01 7.660537588897526007e+01 8.816790267480119780e+01 6.819588691684410264e+01 8.033423359206562964e+01 8.503326624327669947e+01 6.821417619521201914e+01 7.730730345255909697e+01 6.046076426666409276e+01 7.233017303472641402e+01 5.231292071562133827e+01 5.811303750640327337e+01 3.922329015155390408e+01
9.204204816500006814e+01 7.181203283463450759e+01 6.040292082008947006e+01 5.354181407544601967e+01 4.751736912770628152e+01 5.635402804814206945e+01 7.043711062642471177e+01 7.246535507387343955e+01 5.508412776263425314e+01 6.085376268661337207e+01 4.287959505913606506e+01 6.220787583615983607e+01 6.484182546267898317e+01 5.120634862628537576e+01 6.910092887550852936e+01 8.231647812389118712e+01 9.170247199236922597e+01 1.003210800586109315e+02 8.593740575728695319e+01 1.003326508813753719e+02 1.120580684322090974e+02 1.059168008654887245e+02 8.581768708693074643e+01 7.585419806238411411e+01 6.881412648478992367e+01 6.250985953673521323e+01 7.631303162967439846e+01 8.033423359206562964e+01 6.038702871755749868e+01 7.666223240921121374e+01 5.674895678175245450e+01 6.516399802460659885e+01 4.912420319343826947e+01 5.668030575462100984e+01 5.720854623897855618e+01 3.831590895948769315e+01 5.398260775098234632e+01
9.242654891906461501e+01 8.895593560149423240e+01 8.033337803048443959e+01 7.327446372215200654e+01 6.213997630107152048e+01 4.276392005046196232e+01 5.764289779195479468e+01 5.282367121668998067e+01 5.951382942463420989e+01 4.151794789618862325e+01 5.507484055805440448e+01 7.039111219193303270e+01 6.705881523472619676e+01 7.075379582882182206e+01 5.984073567481505762e+01 6.962355216463126339e+01 8.340423864053609293e+01 1.030630836862404323e+02 1.061248427514094175e+02 1.098613077942739125e+02 1.110137454762887472e+02 1.144670546912281424e+02 1.043379736363756507e+02 9.586724397620972127e+01 8.879156373727776952e+01 7.631303162967439846e+01 5.636072955979790322e+01 7.534743237340749999e+01 5.541387085710658766e+01 7.534743237343541011e+01 6.516391194997683556e+01 4.538326850753146147e+01 4.806340538081158087e+01 3.689153481248477817e+01 3.741389792304062212e+01 5.716710447559164976e+01 5.942987336974663748e+01
8.425722028005428399e+01 9.097680533317036122e+01 7.890803355457880741e+01 7.024592439457333626e+01 6.267757401120603333e+01 5.506669685282248139e+01 3.825381508643364725e+01 3.920444951143191759e+01 4.015886208944085212e+01 5.951056387873522624e+01 6.905677785233245913e+01 8.276729394661221306e+01 8.086940263394843953e+01 7.941853753972361574e+01 7.375558480228795588e+01 8.772013089118837570e+01 9.745158905690736617e+01 1.063472172133077152e+02 9.761104531021048558e+01 8.864323076582125793e+01 8.982221581572663638e+01 1.047692199958737405e+02 1.058963360250930776e+02 9.425959291704032239e+01 8.584130981352335255e+01 7.224028502425501586e+01 5.231156985560172501e+01 6.671306153981518605e+01 5.086151391723171855e+01 7.077435972950696907e+01 6.438682607288455984e+01 4.648591043703699910e+01 3.615529408569561554e+01 5.593845472901676885e+01 4.878362653303360474e+01 3.871927031387264861e+01 3.964754777282047371e+01
9.268622480430101973e+01 8.215258849241028827e+01 6.185796251218088315e+01 5.065082027464941916e+01 4.342411473655351273e+01 3.696807074801778725e+01 5.569400749096911341e+01 5.857659876840804003e+01 5.373242946672258569e+01 5.229845286913985802e+01 6.608801881112768228e+01 8.602089901747604017e+01 1.004427927513856105e+02 9.920378256175375498e+01 9.451984323795629450e+01 9.945248420957867097e+01 9.069488032676295575e+01 9.761104531021048558e+01 7.603466547569387046e+01 7.320095509113176035e+01 7.440726591396990841e+01 9.602907114958944135e+01 9.741403147496197334e+01 7.737082792343699111e+01 6.586601674788764171e+01 5.882017175969577494e+01 5.253651315748044937e+01 4.683145075102858357e+01 4.654225678747783235e+01 6.622150401155703037e+01 6.098797329418780322e+01 5.468173072050756645e+01 3.563769529195920427e+01 5.541670795164791485e+01 6.450946643635505495e+01 5.271078269813497030e+01 5.359554638213895572e+01
8.126077148972352404e+01 8.413497236097019538e+01 7.545494585433657164e+01 7.006349342048892481e+01 5.752798725658275458e+01 4.546388336789727447e+01 3.570247505280036648e+01 6.117514538858775097e+01 7.310437013746005164e+01 7.192338248015705915e+01 8.029508972635345287e+01 9.172122305389501662e+01 1.002985297818349579e+02 1.005615630247190353e+02 9.174929782815262058e+01 8.707129691475462607e+01 6.912489292742866098e+01 8.297843445788613792e+01 7.407679004707156878e+01 6.045322802909637261e+01 8.234661506834372346e+01 8.711099794421133424e+01 8.974554020685972944e+01 9.425959291704032239e+01 8.584130981352335255e+01 7.877646589764987084e+01 7.246590984188141249e+01 6.226742917176447634e+01 4.243607525618937615e+01 6.076880896360287210e+01 4.257283566654751894e+01 3.490976052672772312e+01 5.140141036141393016e+01 4.490420459581946488e+01 6.470847605745856868e+01 7.305119950437301668e+01 7.336370819075749239e+01
