MOVIE_S9_data/elevation_000594.asc
nrows	100
cellsize	150.0
xllcorner	0
ncols	100
yllcorner	0
NODATA_value	-9999
[rows 17 to 33 of 100, columns 37 to 73 of 100]
7.292929301232503292e+01 6.503795101547100899e+01 4.565443050733374974e+01 4.917877988936036360e+01 4.496789865144355502e+01 2.531910191983480374e+01 4.502983135320737773e+01 5.644033677697702700e+01 5.655091708956580021e+01 7.571099032559908437e+01 8.482593684668731271e+01 8.181370955637009956e+01 6.723676331713440391e+01 8.157095053996643230e+01 7.159145012771389815e+01 5.310763466072915406e+01 7.179899131718893557e+01 5.620448421309576048e+01 6.904033620776068858e+01 8.803868657791900887e+01 8.543063553238984298e+01 6.586200340799514663e+01 5.235230602170901193e+01 4.483251528757791249e+01 6.006100918585769222e+01 5.805056664883677087e+01 3.955168850316459839e+01 5.184854794933864497e+01 4.878000503785513331e+01 5.961809247090656783e+01 7.324375659779738612e+01 9.300297591587877832e+01 1.066280559939329891e+02 9.841362674056630055e+01 1.066280559939329891e+02 1.165438945825234072e+02 1.030978411785821578e+02
5.355025487251112537e+01 5.922624370586078868e+01 4.922256994217101322e+01 2.981876019338444905e+01 2.772074763217742799e+01 2.572259724140846515e+01 3.671140631253138054e+01 3.751275724170537984e+01 5.097005654104471972e+01 7.002631909306406044e+01 6.427945525114401448e+01 7.311641891692603679e+01 5.284058631422663410e+01 7.311636864398795410e+01 6.781733087991199227e+01 4.910647078627213347e+01 6.242015093040622276e+01 5.031562589894419091e+01 6.349860356937344363e+01 8.241926782625635894e+01 7.887262244104061892e+01 7.970688212651150195e+01 7.158702669714558908e+01 6.006100907225711438e+01 4.094010634563662876e+01 3.862202075071230922e+01 5.805056701783153272e+01 6.576621335784281541e+01 6.782285691142453743e+01 6.067709226124368627e+01 7.432981380696502072e+01 9.409659619629323402e+01 9.548463260718703793e+01 9.290682004770718549e+01 1.011200160122253209e+02 1.125815948269688676e+02 1.228744376637949642e+02
4.856132219094753566e+01 3.986019840948631554e+01 3.385730729990272891e+01 4.922338257479784573e+01 4.652414763851479762e+01 4.538205471230484989e+01 2.628164572380577368e+01 4.589752403583609919e+01 6.245364780022185158e+01 7.029737827490963298e+01 4.981952328358743642e+01 5.581749527730062255e+01 4.512209814609824576e+01 6.290736758649137528e+01 6.584328657352170922e+01 5.834965016040857222e+01 4.353623818756217645e+01 6.242015085308896971e+01 7.693970022364572969e+01 7.268788302782411392e+01 5.806928123573204914e+01 7.214484342283495266e+01 6.739906155881311633e+01 6.814635129419110626e+01 5.743655034507952450e+01 3.798385893010392067e+01 5.179131716748683090e+01 7.106543594936471209e+01 8.492106428986221545e+01 8.011937032654394386e+01 8.831710568648767889e+01 8.966918910315709468e+01 7.564344773358182294e+01 7.307133295683588869e+01 8.450657509287808011e+01 1.043817680540183659e+02 1.114009836256032884e+02
5.839200159123264910e+01 3.900833681040226963e+01 5.338716134910673361e+01 6.146685048067094215e+01 5.591900969222792384e+01 4.035018232434288166e+01 2.666951305001495598e+01 3.700525762083633907e+01 5.537726393886523368e+01 6.988600112193365987e+01 5.578073873469800503e+01 3.550464978009708972e+01 4.984657818198067503e+01 5.067300106966322915e+01 5.764339928043848715e+01 3.919033711218114036e+01 5.497995010989587428e+01 6.273947629539688364e+01 6.577184770805671121e+01 6.303128874440125173e+01 4.376379077815425234e+01 5.532655497584997306e+01 4.893337512324524852e+01 5.541865555338068816e+01 5.600158592508697808e+01 3.734063224417349147e+01 5.682659058041703304e+01 6.752252102471308604e+01 6.555631764548259355e+01 8.492106433617321670e+01 8.295025467677592701e+01 8.085397512447546831e+01 6.174810669594176460e+01 8.145479623599626962e+01 9.820929317411365389e+01 1.055649704117680159e+02 9.153791383081188826e+01
4.447305603856541723e+01 5.839200159123264910e+01 6.648343539010051018e+01 6.494118253199501112e+01 4.568677541239446072e+01 3.167977512328864975e+01 2.705015014725368161e+01 4.476867035049428978e+01 4.326227891309824258e+01 6.198906621739463674e+01 5.051269849676857149e+01 3.067018040501561416e+01 3.023831964759387247e+01 4.897582512308604663e+01 5.102151102878202238e+01 5.174665300532588930e+01 3.490069550404931675e+01 5.127391410892633417e+01 4.690448142124597553e+01 5.300358454269783692e+01 3.385806076913971197e+01 3.443902275689619330e+01 3.511576308453709316e+01 3.579830480929243208e+01 3.645335998632369012e+01 5.251430478720709516e+01 4.024274505783572664e+01 4.997780579295891101e+01 6.442256982943877119e+01 6.684193900390367560e+01 6.395876963286551131e+01 5.314967958185583541e+01 5.638465473544092532e+01 7.580808326216315152e+01 7.833691817583502370e+01 8.797192101508206008e+01 7.744972935668420178e+01
5.804122036004407192e+01 7.185250256505723598e+01 7.303444695993280789e+01 5.929705716797527515e+01 4.887706274099868153e+01 2.936988389443060754e+01 4.651576353033804168e+01 2.758898827620431504e+01 4.715864760531881927e+01 5.532195698377800142e+01 4.875400345400620949e+01 2.970269662975121250e+01 4.913407028803936072e+01 3.077630380916981423e+01 3.116148639770658946e+01 3.155290059572196881e+01 3.194729197473248661e+01 3.234698577920259766e+01 3.274939434860214504e+01 3.315813112064019208e+01 3.368442863824925837e+01 5.074002883320358848e+01 5.471345707582285200e+01 5.541882223837551891e+01 4.750497357935784493e+01 6.289470486829119267e+01 5.954361247196722218e+01 4.323054848648457238e+01 4.537485430231510719e+01 4.785187442308744465e+01 5.030171801376886265e+01 5.351212639893330447e+01 7.186513950331638512e+01 6.107261058351964778e+01 6.446432868635821478e+01 6.815109903416482950e+01 8.797192101507734208e+01
7.747745398752334722e+01 7.488963646732230472e+01 6.168209462626067818e+01 4.555965188728688986e+01 3.170940434444617040e+01 4.879172664701071938e+01 5.506499979124859578e+01 4.692255697670411507e+01 2.811790835453531301e+01 4.740196812341561383e+01 2.916524260943872093e+01 4.802002342436573912e+01 5.253499107791486722e+01 3.540493489860585896e+01 3.395711680672260968e+01 4.741364147123628925e+01 5.123565168210485865e+01 4.574667644722971005e+01 3.677797072844734316e+01 4.846433413734283846e+01 5.344714029463055027e+01 3.445392943811992836e+01 4.475473768438777711e+01 6.121807446284535104e+01 6.518029273690909520e+01 7.295051740278994146e+01 6.239364070570286458e+01 5.674554489100862043e+01 6.439919751166030437e+01 5.111072202989240054e+01 6.929380716783622063e+01 7.186513952645880465e+01 6.468911968660427192e+01 8.062042167110801927e+01 8.415740205454878264e+01 8.797192101508233009e+01 7.558809498910326852e+01
7.533362282504562302e+01 5.612392826289228509e+01 4.799648986300082498e+01 3.418886379448320412e+01 5.122693052117480761e+01 4.305776133372987147e+01 6.238787961622303868e+01 4.870762040601152876e+01 2.864898900618409527e+01 2.863219853564850226e+01 4.796995667941475716e+01 5.622388718300911847e+01 6.013900288388864368e+01 5.307803983355893251e+01 4.335777309872644736e+01 4.077090426696329217e+01 5.296707980444309527e+01 6.240723980464155574e+01 6.807118406485881223e+01 6.609127395005958761e+01 5.923868589273838836e+01 4.978075584119861219e+01 3.528365765535911436e+01 4.108247890847495398e+01 5.572147712399910802e+01 7.690382112239271351e+01 8.182633594863550286e+01 7.619631694488951723e+01 7.748931790084886018e+01 5.814993061948036512e+01 5.814993061948036512e+01 7.748931790084843385e+01 8.421334182688970316e+01 8.057817911801126343e+01 1.003879610133926548e+02 1.037088053920412705e+02 9.549664601019047439e+01
6.981551110562709539e+01 5.051161489639675040e+01 3.676962597070473748e+01 5.367187645701763898e+01 6.174200477151244115e+01 5.420118825671421092e+01 7.055246455978894460e+01 5.729035163646212681e+01 4.868890466284598517e+01 3.034971355911644508e+01 4.978053997082511017e+01 6.294236756683716294e+01 7.076213933416524071e+01 7.271320276151735129e+01 6.360359984310206727e+01 4.832609826860590374e+01 6.550296335638326184e+01 7.496304114984388889e+01 7.693428432554937046e+01 6.848455745666680627e+01 5.554643339640207955e+01 3.613426522988558531e+01 5.497916103870314686e+01 6.189350985770398239e+01 5.133126892698570032e+01 6.072694913551742246e+01 7.318655386802143425e+01 9.417344948479404820e+01 8.567545658887567583e+01 6.765619261562629561e+01 7.748931790084843385e+01 6.622386299829452128e+01 7.748543234325229889e+01 9.730892566357267981e+01 1.085918076861496360e+02 1.150087345813329023e+02 1.066976932499810573e+02
6.516889372103985067e+01 5.795880598534233741e+01 3.864537933993231178e+01 4.603704702508632352e+01 6.520206615348671164e+01 7.363644930735657113e+01 8.183317744211450417e+01 6.374708390924087809e+01 5.018490428512874502e+01 3.210496647668085757e+01 5.166150253521641389e+01 4.386440376480563685e+01 6.302550532928565019e+01 7.763268642362130834e+01 7.538106843497504883e+01 5.927076012527949445e+01 7.538076612659030218e+01 8.250213179282962983e+01 6.319940573933190109e+01 4.967783413447136809e+01 4.099346149236844639e+01 3.673008060587540768e+01 4.845604688618804801e+01 6.511007369960175595e+01 7.251997441796366672e+01 8.108213430765518126e+01 9.049222701359076382e+01 1.024315600851934818e+02 9.553051929789714336e+01 8.151434616760329277e+01 9.334899219875957499e+01 7.354510512874421124e+01 9.334899219875957499e+01 1.055150046835579758e+02 1.131876478434026012e+02 1.066976932519923622e+02 8.734535504991201549e+01
4.613360354116596085e+01 4.140862299053377882e+01 5.795880598534233741e+01 6.520206615348678270e+01 5.950317963997868986e+01 7.896039526482313420e+01 7.594697372899349830e+01 5.712165603121808033e+01 3.498880270572057327e+01 4.711964425741091134e+01 3.764216949982282046e+01 5.702849245635589881e+01 5.064362719843386174e+01 6.412856653446161204e+01 8.331929261820472732e+01 7.835795157992860993e+01 8.649553708830988796e+01 8.064510209628217297e+01 6.079032280160011936e+01 5.695841699356223842e+01 3.755325372879281787e+01 5.601749647046118952e+01 6.254006810428163732e+01 6.701708771909017059e+01 7.113807281370954172e+01 7.917229488728175113e+01 9.033674823864824077e+01 9.480448965260433170e+01 1.028647299436443205e+02 1.013444297796470437e+02 1.015590109551881568e+02 8.753398743629153955e+01 1.015590109551881568e+02 1.076071517477873130e+02 9.347097398227795395e+01 9.347097398227791132e+01 8.616490280784942968e+01
4.443805970925861004e+01 6.059413932927812851e+01 6.059413932922167589e+01 8.003436235310938685e+01 7.896039526482313420e+01 8.715047556883378377e+01 6.766179698925886044e+01 4.829824175724155566e+01 3.707287550908764473e+01 5.567981363662059380e+01 4.891804984684186763e+01 6.533489547264046848e+01 6.411414687226476872e+01 5.913102729442881866e+01 7.018236724343890387e+01 8.870008726462840798e+01 9.056399609836392983e+01 7.743799825248416369e+01 6.088873508081162811e+01 4.242733516199555766e+01 3.812530782470906132e+01 4.725017656012656175e+01 4.439297215995705415e+01 4.820866269983196872e+01 5.218771449561196363e+01 6.298953427069483979e+01 8.226918518526343860e+01 7.523594421128025544e+01 8.907230856862348389e+01 1.086431989675292726e+02 1.106872490357265377e+02 1.073876555615739079e+02 1.018422203367779417e+02 8.786196563896092471e+01 9.180619513494384876e+01 7.381362888452167681e+01 6.658357169663393904e+01
4.681911200785025784e+01 5.133633106727115347e+01 6.225629937541329184e+01 7.602319448474480623e+01 9.583654018124970264e+01 8.874717283830023007e+01 7.230562267616606675e+01 5.284597317211111545e+01 3.922012042515328289e+01 5.854557255233542890e+01 6.902042030320480137e+01 7.792569095577061944e+01 8.313298137941951893e+01 6.768311297870373267e+01 8.589419318238552137e+01 9.662392199237862656e+01 8.180477153569560755e+01 6.071192580207259937e+01 4.976076763139763415e+01 6.072279876816466526e+01 5.742983019106509346e+01 3.892927350786281693e+01 5.818778197790161499e+01 6.709779700921224332e+01 7.113807353985488646e+01 5.896709496786406390e+01 6.415157148316158953e+01 8.350658467440649702e+01 1.028647299436443205e+02 1.049184265325067429e+02 9.093352839789726261e+01 1.049184265325067429e+02 9.364519675444579150e+01 7.400506506485398006e+01 8.122368681749320274e+01 6.418173662973343596e+01 8.364745180191805218e+01
6.586427411569493984e+01 7.052759252214100627e+01 5.974299020481676337e+01 7.345447801757876505e+01 9.325022843401241346e+01 8.035958184958457196e+01 6.066520379259399220e+01 6.089412744992911541e+01 4.166958370951581259e+01 4.590830422747148987e+01 6.492362152872712500e+01 7.988858313606498029e+01 8.840823878021700466e+01 7.876800793462797401e+01 9.423763552138154864e+01 9.567469094041022970e+01 7.539617546321115071e+01 6.166720123748803672e+01 6.883164510260085933e+01 7.254138838307548554e+01 5.862876083002277028e+01 3.950246193255009786e+01 5.753943355485851185e+01 6.726477581808342165e+01 7.415733015464917344e+01 7.813846986684370677e+01 8.350658467440649702e+01 7.777496437838243537e+01 9.734394012744041902e+01 9.671925921905283019e+01 7.706216818580682570e+01 8.537023241952327623e+01 8.707881874048774762e+01 7.892380584060551030e+01 6.191290222089494932e+01 8.122368681749348696e+01 9.182710497708170294e+01
7.743686480708207398e+01 8.746614112107678807e+01 6.833415183559054640e+01 8.746614112107678807e+01 9.177195246873623091e+01 8.022393787434120327e+01 6.427919962231446505e+01 4.513096708484041386e+01 6.089423799314464958e+01 6.492362152872712500e+01 5.304348448304808272e+01 5.973895735968238796e+01 8.020145614750214236e+01 9.740130382971655365e+01 1.049100998584179223e+02 1.019345022386950887e+02 8.985552725919562533e+01 8.133561513336309190e+01 7.944728978780088369e+01 6.042886590007530145e+01 4.827220877923610942e+01 4.007784854449588607e+01 5.075378280720828172e+01 4.876120147494585666e+01 5.459093326688194736e+01 6.817569258075887717e+01 8.859828071179755682e+01 9.734394012744041902e+01 1.053956864232459765e+02 9.927856380308463713e+01 7.960737127789313661e+01 6.594746881524945081e+01 7.668474222509023264e+01 5.979323792290463757e+01 7.892380559701562959e+01 7.546797698251445752e+01 9.511919962681967888e+01
9.090559405743658772e+01 9.631421352080572262e+01 8.226532650492949017e+01 9.631421352080572262e+01 8.335236812987342603e+01 6.348520917025496146e+01 5.249849552424016252e+01 4.794226821568608443e+01 6.710451902015309145e+01 8.067914891465709104e+01 6.246954569025947279e+01 7.988858313514981546e+01 7.712129822628476461e+01 9.981567393219756923e+01 9.561659070111824121e+01 8.085352933682753473e+01 9.561659070111824121e+01 8.585232979094223538e+01 7.761185294217919761e+01 7.327703478424818684e+01 6.487754361902563005e+01 5.794143269228549542e+01 4.090038035360082347e+01 5.831384909936139849e+01 7.415733015496023484e+01 6.666303181033259762e+01 8.099116028160489122e+01 1.016883033301291022e+02 1.027044239632232490e+02 9.515850368766423628e+01 8.685555727411205851e+01 7.646323655255515916e+01 5.774003189534969493e+01 7.668474222509023264e+01 8.707881446236162049e+01 9.511919960674636343e+01 1.033181598851036256e+02
7.684830262180767591e+01 9.673117349046309243e+01 1.021372007684678636e+02 9.608319417415744113e+01 7.587257395405141835e+01 6.197198954847478802e+01 7.000824280261602439e+01 5.074712090799997100e+01 7.000824280261602439e+01 8.444533531988666653e+01 8.213968102454442999e+01 8.213968102454444420e+01 9.934004251044665068e+01 9.489773682902057317e+01 8.636905273449845311e+01 6.674968392344416657e+01 8.636905183652056905e+01 7.763267410502513144e+01 5.852485692203917012e+01 6.407952442246015323e+01 6.074337314068713312e+01 4.173301163269879055e+01 6.006498298857452767e+01 6.948992337922680917e+01 8.723740505985789184e+01 8.705321312932962030e+01 9.552622194766516373e+01 9.697114483117967154e+01 8.303312107243951345e+01 8.691250765684507940e+01 6.745001643691621496e+01 7.310594359216291593e+01 5.635542962619338425e+01 7.518703660779043219e+01 8.446795095312747037e+01 9.049553078334392353e+01 9.709651128536452802e+01
