MOVIE_S9_data/elevation_000170.asc
nrows	100
cellsize	150.0
xllcorner	0
ncols	100
yllcorner	0
NODATA_value	-9999
[rows 34 to 50 of 100, columns 37 to 73 of 100]
7.493208423751376301e+01 6.913908112038635068e+01 8.891763092975259042e+01 8.036474942562604440e+01 6.098489278868429864e+01 7.149070834630173010e+01 9.112353745480754696e+01 8.642544407370773740e+01 6.631584489362519719e+01 7.637064448366638203e+01 7.860264467650962672e+01 5.856566126948001028e+01 7.752265352745845917e+01 8.239446742508124544e+01 7.046085814884071397e+01 7.757459764960375992e+01 8.924545718603664568e+01 1.094059321547800039e+02 1.121776763990988712e+02 9.238894426112790370e+01 8.069797580351202271e+01 8.331577384324016577e+01 9.178392521537848836e+01 1.000003796784018419e+02 1.029751893322583101e+02 1.025792110427248076e+02 9.409255803911783289e+01 1.018871326558800234e+02 9.353044049138023297e+01 9.516448396445369440e+01 7.554310650386723580e+01 9.516448396496713258e+01 1.021753391895874614e+02 1.127485392084875997e+02 1.110206989493404990e+02 9.233218207421707291e+01 1.110206989493404990e+02
8.291006924515572507e+01 8.891763092975259042e+01 9.716006714592543858e+01 8.603463793347614796e+01 6.679590450071844998e+01 8.603463793347614796e+01 9.934160960880888069e+01 9.478546076242349727e+01 7.634478967792401249e+01 9.478546076242349727e+01 8.571671848074662137e+01 6.559507924420377378e+01 7.490489146778728013e+01 9.505575980190039331e+01 8.209854450504775514e+01 9.776627650458527796e+01 1.061296878385123676e+02 1.177780839286124177e+02 1.203370016446866799e+02 1.089272549960627856e+02 1.007526465723197759e+02 1.033172711011496148e+02 9.454077809362074447e+01 8.612666457216290894e+01 9.454077926860257719e+01 9.080107530936457749e+01 7.384785413789695951e+01 9.020284576644500873e+01 7.326870962203996385e+01 8.562758594471277718e+01 6.473064828360249123e+01 8.435864435203497180e+01 7.873590584399671854e+01 1.016638896846141193e+02 1.025155682788162324e+02 8.215593809135816628e+01 9.291463422909914982e+01
7.248318474942296064e+01 8.359552322498977617e+01 1.031868207263396471e+02 9.384893525390992863e+01 7.722927728230227729e+01 8.087976928587866610e+01 1.012369967237463726e+02 1.048709986736266018e+02 9.650609846949139126e+01 1.048709986736266018e+02 9.407855811770031096e+01 7.562825251247781466e+01 9.407855811770031096e+01 1.034221151944636148e+02 1.022781278736100319e+02 1.106449272429685351e+02 1.049984152930491490e+02 1.133529605586957416e+02 1.058874938373036798e+02 9.756584988440978634e+01 1.058874938373036798e+02 9.754150848839171317e+01 8.445685382576237998e+01 6.601914342931456758e+01 8.445685382575979361e+01 8.177403551858617448e+01 6.234850044996092322e+01 8.118809286959567828e+01 6.169799362632901563e+01 6.784172026372714015e+01 5.746428418169443830e+01 6.349166021410982097e+01 7.532832725058131018e+01 9.585145237366882043e+01 1.109425556624097595e+02 9.291463422909914982e+01 7.259027818622325867e+01
8.332717976025496398e+01 1.000601835213430206e+02 1.114191192363106353e+02 1.027450018793998794e+02 9.252436090450805750e+01 1.011089602613018741e+02 1.095851707829652781e+02 1.036426899387738132e+02 9.581016876471784371e+01 1.016672456556076014e+02 1.041693653232561019e+02 9.580518444901522912e+01 1.041693653232561019e+02 1.021367914933281895e+02 1.107968933426350020e+02 1.016601347156000799e+02 8.471150359188273171e+01 1.016601347156000799e+02 9.582633157802355583e+01 7.743022959668340377e+01 9.582633157802355583e+01 8.896809958441164667e+01 6.902282682427230043e+01 5.613227348686665152e+01 7.607290397927054926e+01 7.341958965904304080e+01 5.383965741989609910e+01 6.362628603894616930e+01 5.292424449920866181e+01 5.127870269221551780e+01 7.084760436070979495e+01 8.438340934179846897e+01 9.315536006945679048e+01 1.043802603788095382e+02 1.023897448960769907e+02 8.748007380338204086e+01 6.723481333500723167e+01
1.022210085997955673e+02 1.080427784616303768e+02 1.001297221586691677e+02 1.091536455612239820e+02 1.044408371175344854e+02 9.679514936448653373e+01 1.055322397151916221e+02 9.291186126969147097e+01 7.735763518229305191e+01 8.315358113327445722e+01 9.635721201549516479e+01 1.002426732271883623e+02 9.154092119044609888e+01 8.094505088756389455e+01 9.860992969315553580e+01 9.328576136135450270e+01 7.294810370406916888e+01 9.328576136135450270e+01 8.749803974054657374e+01 6.719721131262647873e+01 8.749803974054657374e+01 8.057519466782490269e+01 6.056562954861595927e+01 4.912217864772248532e+01 6.150691172901540682e+01 5.973874821949591762e+01 5.835986493896261607e+01 4.121730764607797681e+01 4.567061901412103708e+01 6.545570882457982975e+01 7.866165803928976175e+01 8.841146035663631153e+01 9.881178179623675817e+01 1.023106111879338016e+02 9.424845159254567761e+01 7.399106455901687696e+01 6.242259354168411534e+01
1.018945857150421119e+02 9.594020422227775668e+01 7.606024804205424061e+01 9.594020422227775668e+01 9.370795309433472653e+01 7.419183158476054984e+01 9.370795309433472653e+01 8.450166272320458916e+01 6.631646885346073361e+01 6.984740111603363744e+01 8.857610792725311910e+01 8.810945384544271519e+01 7.052247680466413726e+01 6.891009898274194256e+01 8.921801857652319256e+01 8.609531353989601143e+01 6.580653725741288440e+01 8.609531353989601143e+01 8.073109693123988961e+01 6.036345655173994373e+01 8.072866309008236385e+01 8.709659610503668148e+01 6.712596673441066741e+01 5.307403313568327263e+01 4.202954824777270204e+01 4.009738748856607771e+01 4.051355772352072648e+01 4.093324446860273724e+01 6.053549955568286833e+01 6.783587242451534394e+01 6.321659495307395105e+01 7.537333318514424718e+01 8.681955949446884802e+01 7.809483251486823008e+01 9.239289327368315696e+01 7.825122606497293987e+01 5.821972198198531601e+01
8.095243411014709523e+01 8.670527755155502803e+01 6.438841082109095737e+01 8.670527756079937376e+01 8.494654699125048580e+01 6.259986575285391552e+01 8.494654699125048580e+01 7.673103371287253083e+01 5.734935757226941178e+01 7.673103371287253083e+01 9.014981074707397113e+01 7.884208691856161977e+01 5.880346644398313316e+01 5.987045203063151178e+01 8.051398962198092590e+01 7.997801732312710499e+01 5.980976833396761805e+01 7.997801732312710499e+01 7.485089105004520604e+01 5.464830200699034179e+01 6.745899116604365986e+01 7.582536093010035927e+01 6.682710843831260661e+01 5.857593401429077318e+01 3.950984883872437337e+01 5.915336634168628649e+01 6.014204127205815809e+01 6.055643977322520044e+01 4.153065739643558629e+01 5.016531012793745248e+01 6.377998602395857830e+01 7.379738517958146815e+01 7.512478215140635029e+01 6.197648501652152930e+01 8.096164440622507641e+01 7.378036844121430704e+01 5.430609040179611924e+01
6.622007170476199178e+01 7.860795838821954362e+01 5.731091076762555048e+01 7.860795838824407156e+01 7.735066555727560456e+01 5.508247524968943054e+01 7.735066555727560456e+01 7.155106287961754674e+01 5.195437785917890494e+01 6.315264299253342983e+01 8.230181011191812956e+01 7.019222073766677283e+01 5.004543407723199522e+01 6.314610277151740547e+01 7.170087611516891002e+01 7.458782605108534369e+01 5.459006294717411123e+01 7.458782605108534369e+01 8.321350841576234814e+01 6.747337620052657314e+01 4.779721172505740157e+01 6.108960327093809184e+01 5.800426241882232148e+01 3.892605359075774629e+01 5.857983630437044553e+01 4.928543069809988708e+01 6.903000549881335246e+01 6.110836328251351546e+01 6.110576828975408148e+01 4.213399800160608066e+01 4.413312987434604651e+01 6.333253312983556071e+01 6.380584899377333841e+01 5.324823086804727268e+01 7.218726393505184546e+01 6.687759853418444322e+01 6.650458639155003482e+01
5.713591523350886092e+01 7.230001782045769687e+01 5.147918225117808078e+01 7.230001782045769687e+01 7.082642736218240032e+01 4.869466995014310129e+01 7.082642736218240032e+01 6.674077152533519097e+01 4.697635275457428605e+01 6.674076408521129622e+01 7.716402845716284276e+01 7.642766342042506267e+01 6.286864103950527038e+01 4.345713634601458608e+01 6.314610277151740547e+01 6.347178025255588096e+01 4.992321693521495263e+01 6.973765607734968341e+01 8.027735447074962849e+01 7.169020462665612570e+01 6.083817897564272670e+01 4.188671472545002672e+01 3.834161672493414130e+01 5.800712156203948666e+01 6.679919182977899084e+01 5.801289210360422999e+01 7.728340883097085623e+01 8.081426767952477519e+01 6.958323472166217982e+01 6.148791580652186184e+01 4.274262981596122302e+01 4.354582528911698347e+01 4.433689645502319365e+01 5.811672957360052294e+01 6.535244008626965240e+01 4.725172337715586224e+01 4.800460829180568112e+01
4.903007434756440830e+01 6.274858033554412629e+01 4.638269414273164415e+01 6.681213037238632069e+01 6.504302319554076917e+01 4.312645638384688596e+01 6.504302319554076917e+01 6.252689915288831202e+01 4.274547207991469833e+01 5.693772681344295705e+01 5.701274447925717226e+01 6.922255629175002412e+01 5.139542285376261788e+01 3.923328873395043814e+01 5.780965468156582432e+01 4.388039715405503927e+01 6.347178025255588096e+01 7.810402697495675284e+01 7.170534398124047470e+01 5.352713154002743323e+01 4.889307134471900440e+01 3.775552271965139539e+01 4.470888861782758994e+01 5.785717467334489328e+01 7.739832159576366166e+01 6.946058600810962957e+01 8.622961335494964885e+01 7.823583359069635890e+01 5.742554240799435661e+01 4.346653855142044875e+01 6.002066099092127871e+01 6.138358243629989630e+01 6.377931156451207784e+01 4.543070585189312993e+01 4.619094911803528447e+01 6.578164419535055174e+01 4.943638956767739501e+01
5.409357032937610654e+01 4.267972567453471555e+01 4.163795257608456524e+01 6.176584800562135058e+01 5.982504596970828459e+01 3.819353071125188137e+01 5.962713951021629555e+01 6.289651285494363719e+01 5.557926770929564242e+01 3.703356838084269498e+01 5.256550319650467173e+01 5.222523749988051378e+01 5.241289840194200877e+01 3.337991489011684365e+01 3.818344912664151281e+01 5.780957524426236915e+01 7.065268708038335888e+01 6.912934699018585150e+01 6.083825017594033824e+01 4.858920814118277320e+01 3.717057457996320835e+01 5.685943975579265697e+01 6.414654851633501664e+01 5.590158370697115231e+01 7.540874038266699131e+01 8.954586470618411909e+01 9.779854100469071909e+01 7.794135882987561104e+01 5.770175815107930362e+01 4.397683078129666256e+01 6.270325592908637446e+01 7.334075837024484201e+01 7.509620941637624014e+01 6.025448703173371001e+01 5.992862838756455091e+01 6.580098652528815251e+01 7.238775471959314700e+01
7.130792061152038741e+01 5.707224986895451480e+01 3.711444286916029967e+01 5.292876350354072912e+01 5.505502842645906014e+01 3.368378570039179465e+01 5.056945791147290947e+01 4.723097456129605831e+01 4.746228587883987871e+01 3.545697683378998732e+01 3.193883753703964246e+01 3.235607927510054793e+01 3.277230675562711326e+01 3.319065718280599953e+01 5.285870294448686479e+01 6.084459439734256136e+01 7.154567409465111893e+01 6.085222944240845777e+01 4.075986681851802018e+01 3.658547311005037983e+01 5.628480970063565536e+01 4.596385879059610602e+01 6.567499235368811128e+01 7.540964182716784592e+01 7.178824009188056721e+01 9.152303170008441668e+01 9.046608633322594528e+01 7.686982676025073147e+01 6.260659050351567601e+01 4.448098978718421392e+01 4.919260145873162315e+01 5.450571055754448935e+01 7.441198396958640160e+01 8.266287400137056807e+01 8.034806120448274669e+01 8.603494863662669445e+01 9.055462000082096097e+01
5.913260694335819068e+01 6.539345835884763858e+01 5.291353245888080892e+01 3.295295472502401424e+01 4.894257804233844666e+01 2.938918889570416937e+01 3.456024430928997049e+01 4.253598931413461059e+01 3.093759730036568101e+01 3.135176957396785369e+01 4.511101471018058362e+01 5.126192596861490358e+01 3.922301982991441349e+01 5.222096464798278959e+01 3.377624338065552934e+01 4.751182695891738206e+01 5.670507655964090077e+01 5.490754669568320878e+01 5.531628214441057878e+01 3.617165480687817336e+01 5.588613361009880265e+01 6.567499158678735682e+01 5.641190827763985283e+01 7.631208356127883974e+01 9.152303170008441668e+01 9.366340603432971079e+01 7.396867532980181181e+01 6.011668808432820299e+01 4.518000553069384750e+01 5.738468056866074818e+01 5.205640389800112189e+01 6.883302936500442115e+01 6.224283317920559000e+01 8.180647239180933639e+01 9.731128466248316045e+01 1.054480382084915959e+02 9.961170391755429421e+01
3.877260735688386006e+01 4.765513285608899707e+01 4.784053208698009030e+01 4.464894478658119681e+01 2.883142855631749768e+01 4.097874049225173820e+01 2.995328457405980060e+01 3.035413819413312453e+01 5.062386779870313092e+01 5.148973199864126826e+01 5.109262225803611557e+01 5.139649375762010663e+01 6.099665107831708610e+01 5.981431250911019504e+01 5.084045973449322275e+01 3.435798383716771554e+01 3.476824886467433373e+01 3.517786121867413840e+01 3.558698313113532663e+01 4.543877588491275787e+01 5.476249396929316759e+01 7.450469471993393711e+01 7.631208356127883974e+01 7.043391704771191542e+01 9.050323288021964174e+01 8.797822846601508218e+01 6.816747180390154881e+01 5.420221233118228810e+01 4.566524258462754915e+01 6.493757087189959520e+01 6.108593424382558368e+01 7.686899231994638626e+01 8.180647239180933639e+01 7.045390302396718596e+01 7.733017263329375623e+01 8.889534895746001553e+01 1.088085948300414572e+02
2.713321723051979362e+01 2.751504690375533357e+01 2.789840494271831517e+01 2.828332149419540542e+01 4.705657236207405703e+01 3.721724325121748223e+01 4.677294416586077830e+01 4.855517746203456397e+01 3.305545787945037262e+01 5.347126519847035553e+01 6.244268627969470487e+01 6.808413960027502299e+01 7.528975896522327105e+01 6.638493148091188800e+01 4.804632971918935880e+01 4.038608560702600414e+01 4.023713678722555898e+01 5.466075678301904617e+01 3.785111071793637194e+01 3.971117924830566892e+01 5.943824178213791498e+01 7.211973828396688191e+01 8.362145490464725128e+01 9.050323288021964174e+01 9.883069323100217218e+01 8.845879065277762265e+01 6.894414869065461460e+01 6.057468811905676631e+01 4.614352733636690829e+01 4.946042310072827775e+01 7.820737203802364945e+01 8.766761534840948400e+01 9.841418503699641462e+01 9.024607978490872995e+01 9.731128466248316045e+01 1.054554653568220317e+02 1.168802556886008972e+02
2.991851254530758553e+01 4.717539586604363677e+01 4.773510988410564693e+01 3.402640467643384881e+01 5.105848360448328549e+01 5.439057343436022052e+01 4.571511291911800612e+01 5.738426622789356202e+01 5.347126519851014592e+01 3.575302388126144137e+01 5.617513599623221410e+01 6.733360837919272512e+01 7.849009821417146782e+01 7.638159148589545566e+01 5.930599385243804988e+01 6.143216159944422827e+01 4.633400085031868798e+01 6.431574565083369066e+01 4.891317299663163709e+01 5.943824178213791498e+01 4.415646909102132156e+01 5.543997350221012255e+01 7.531202546102441886e+01 8.406360753127532348e+01 9.410806975819340892e+01 8.518892095851255419e+01 6.345415783526608777e+01 4.681035843239894945e+01 4.986041597064243547e+01 5.825447647231983694e+01 7.683068781658208479e+01 8.998044746324498533e+01 9.820495256308899457e+01 1.004122792864594089e+02 1.047956282266255812e+02 1.069916879236093337e+02 1.153180535910323101e+02
4.885498788985648844e+01 3.472906026444797334e+01 5.395319634445758084e+01 5.399880351437645487e+01 6.076417678172321502e+01 6.076139289754765116e+01 5.936269547088941323e+01 6.244912599551591370e+01 6.457543954946666531e+01 5.617513599623273279e+01 3.847099135677862591e+01 5.894349311552001325e+01 5.817511330335037911e+01 7.849009821417146782e+01 8.243636780711831591e+01 7.799916173115023810e+01 6.310730394076499294e+01 7.475480969049409907e+01 5.998918377485944120e+01 7.212333481754285458e+01 6.383950166630514644e+01 4.896398502149484955e+01 5.582724481173354292e+01 6.569804034208993926e+01 8.577513243054943359e+01 9.140074994767763883e+01 6.589262025539946421e+01 4.727834685277603199e+01 6.241802833951845031e+01 7.091091815303930446e+01 8.313045727672914609e+01 7.000162926574830635e+01 8.220554551423778378e+01 8.033908989222385344e+01 8.470859991090948427e+01 8.690619826451128915e+01 9.596181570489407875e+01
