MOVIE_S9_data/elevation_000344.asc
nrows	100
cellsize	150.0
xllcorner	0
ncols	100
yllcorner	0
NODATA_value	-9999
[rows 17 to 33 of 100, columns 0 to 36 of 100]
5.222468517465790605e-02 2.005222468471365005e+01 3.545150195230898049e+01 2.049106844525162785e+01 2.110996032190864735e+00 2.113252823952758597e+00 4.897731186300227080e+00 1.654563681416455978e+01 2.246640088189089113e+01 2.069698310174406686e+01 7.878987333412779570e+00 1.634602531435291795e+01 3.547901602096218454e+01 3.656166675830597512e+01 1.716821477627193104e+01 2.618958165556377438e+01 2.643019923261907778e+01 6.954572123281583806e+00 2.698496199351896863e+01 7.926177907836583714e+00 8.271556098916050814e+00 8.619012603469290212e+00 8.968744342795080371e+00 9.320005313559860838e+00 1.271861389936439402e+01 1.206280281370283092e+01 3.227737864055382744e+01 3.979355465069279063e+01 3.339467431789596219e+01 1.265974816790080837e+01 1.303324758126871608e+01 1.340496409728446991e+01 1.377525254725234127e+01 2.075194012202549132e+01 3.090859740611876916e+01 1.519597937623560924e+01 1.841718586773884780e+01
7.333276091007127906e-02 1.421546838464124640e+01 3.421546838984738770e+01 3.671928196700398672e+01 2.929916903847712817e+01 2.754541988009906817e+01 2.584423163978332738e+01 8.623153747918189893e+00 1.146774197613740753e+01 2.921398734429820365e+01 2.656743231782217407e+01 3.445926386737497182e+01 3.593107902198325831e+01 3.363250302444199491e+01 3.750791210469378711e+01 4.263272232346747614e+01 2.832641781136592130e+01 7.030401437002017140e+00 7.438328534346431375e+00 1.407989283938468006e+01 2.796412337896888189e+01 3.010970063671997821e+01 3.025702880206885226e+01 1.352552551996786789e+01 3.338111225541194926e+01 3.227969914974453047e+01 1.434266933855993287e+01 3.455915623983937479e+01 4.414214565612996211e+01 4.231413174814584721e+01 3.774525765446045966e+01 2.961746963587265569e+01 3.380587984033026316e+01 2.309454405037840630e+01 3.308620883576002569e+01 3.799364518786248368e+01 1.989636431562737684e+01
6.343274376862209629e-02 1.161043812756189730e+01 2.575257375247864289e+01 4.575257600290623827e+01 5.332460885809469175e+01 3.200271403961064465e+01 1.639745077600868584e+01 2.865451693483774065e+01 2.985526357810829623e+01 1.554897187071462028e+01 3.452767888389514184e+01 4.810277234633804966e+01 5.533458561537990761e+01 4.818334014076739180e+01 4.940808504474768625e+01 2.866075070977748851e+01 1.446611879119586597e+01 2.834182834699731046e+01 2.748812437789021956e+01 1.031092704399621240e+01 2.889803488889936389e+01 3.964927898856021216e+01 4.305892204510463017e+01 3.387716993721172543e+01 4.279151119730255459e+01 2.595482245684575417e+01 3.455915896423795175e+01 1.673732808201055988e+01 3.665612816883365355e+01 4.761590318715102654e+01 5.098045214236140765e+01 5.370281947677126766e+01 5.247081043976934467e+01 3.661055491653178251e+01 4.460010286889835385e+01 4.530985977586627911e+01 2.394758514384717785e+01
3.497053469895897854e-02 1.417710615842978328e+01 3.417710615842906918e+01 4.809291938818268619e+01 5.963994701884473670e+01 4.602853174204716424e+01 2.381918848185241799e+01 4.602853174204716424e+01 4.281711745135301328e+01 2.867597220706839778e+01 2.014229390560133126e+01 3.977496669234408699e+01 5.458129491019632695e+01 6.870433473294166049e+01 5.766060973777813814e+01 4.026512708911070604e+01 2.003053154365213473e+01 4.026512708911080551e+01 3.730411481526252260e+01 2.897835145260106771e+01 1.301642811507070618e+01 3.183719639671890889e+01 4.948858046239247699e+01 5.833805350355212482e+01 4.203558978138487134e+01 3.986931143048605009e+01 4.524579755829669381e+01 3.690381397133462116e+01 1.917951229338027019e+01 3.927467604143659230e+01 3.114669158061789034e+01 3.858249813768247805e+01 5.828678327180718099e+01 5.852244669868853322e+01 5.394202671821051354e+01 3.250291085543813807e+01 4.553291363117094193e+01
9.635555453094322986e-02 2.009635555453058942e+01 1.980862892824758958e+01 3.135563431207259200e+01 5.135563494927664152e+01 5.486644916663350102e+01 3.983135770722844882e+01 4.614386076348323940e+01 5.695826269563759325e+01 3.977416833118585515e+01 2.963392527955005562e+01 2.613656501726408621e+01 4.630336629997164266e+01 6.273763869199802912e+01 4.927082808615941900e+01 2.924535713093428058e+01 4.026556778577390361e+01 4.877665541163869278e+01 4.790707122635724602e+01 2.812872795319823283e+01 1.486381559693921695e+01 2.206160667235063855e+01 3.230633920940901760e+01 5.186918255581080217e+01 5.603863316827026608e+01 5.972583988211726336e+01 6.315416544296743950e+01 4.531423244759722024e+01 2.529563201283357898e+01 2.173386176756092425e+01 4.177049940559879104e+01 5.828678327180718099e+01 5.244997909032264971e+01 7.237807508766307762e+01 6.027926212687090413e+01 3.926103007439603942e+01 6.027926212687090413e+01
8.845047570523793812e-02 7.159518287570743489e+00 2.130165391132447894e+01 4.130165399109836244e+01 5.171278637759579055e+01 5.999705598053214572e+01 6.138359125441502329e+01 6.743384858718918906e+01 6.820551012035960525e+01 5.780673687646034153e+01 4.354911761632911293e+01 3.607326532071635228e+01 3.428121170885202673e+01 5.456379037354246009e+01 5.787283036838076811e+01 4.331330294661557900e+01 4.331267465552330975e+01 6.181786061210502226e+01 4.177066055972474601e+01 2.779025243561456193e+01 1.681190720185415799e+01 3.617229794349302097e+01 4.991052484380873011e+01 6.042874140917339076e+01 7.613202829784684411e+01 6.908286929954877564e+01 4.885262731174397999e+01 3.470239829904092943e+01 4.361194038175911913e+01 2.360877124953369233e+01 3.772537960922468159e+01 5.782335523648455222e+01 7.237807508766307762e+01 8.069651720218101332e+01 6.756053863586296870e+01 4.696597865506920755e+01 6.756053863586296870e+01
8.023991185656004221e-02 4.344254238968750848e+00 2.434425423975887881e+01 3.538285476570440125e+01 3.171278638575645203e+01 4.748091277634204488e+01 5.576518289873332179e+01 6.470945429108262203e+01 7.625645854707622107e+01 6.976254560514247771e+01 5.517460277840520178e+01 5.629246977926044337e+01 4.477512477196993501e+01 4.707775754029164261e+01 6.644726843747176304e+01 6.367597914548778704e+01 5.490446112998004224e+01 6.416415472307910761e+01 4.415690684407189792e+01 3.012712010075184210e+01 1.891969087766168300e+01 3.853352626350802979e+01 5.357054970921505088e+01 6.189834744957216373e+01 7.192507562807897159e+01 6.908286929954877564e+01 4.885262731174397999e+01 5.477792795425992267e+01 4.548327593026021987e+01 2.550287983211662279e+01 4.548327593031483218e+01 6.348456540808299309e+01 6.348456540808341231e+01 8.375439710463692222e+01 7.574153461458334391e+01 5.909747963051501074e+01 7.574153461458334391e+01
4.598823041778624804e-02 2.004598822648678791e+01 1.066880955930545483e+01 1.538285476721573097e+01 2.115635745911188792e+01 2.748091277944853417e+01 3.642518468944737720e+01 4.797219007323948148e+01 6.797219005995108887e+01 7.438555608703555322e+01 7.368182543098097881e+01 7.367904175312908421e+01 6.079591897590972849e+01 6.026594044837741393e+01 7.453474441535458084e+01 8.444412024545873408e+01 7.558023088808359091e+01 6.709272572834446180e+01 4.706971799500224307e+01 4.133107269599228317e+01 2.154943227221616198e+01 2.618509844479429916e+01 3.363863179873256826e+01 4.356520567553312873e+01 6.357611558372060045e+01 7.745570357419080665e+01 6.908286929954877564e+01 6.161863997890615963e+01 4.148007607944376929e+01 2.741017886395568581e+01 4.737859420804802824e+01 4.330310090300360315e+01 6.176528955639737006e+01 7.605784273843022447e+01 7.931511903595698243e+01 7.912129223094932229e+01 8.722423409218679069e+01
7.340434288523949025e-02 2.007340434288488495e+01 3.066880955815027576e+01 3.538285476570440125e+01 4.115635745698756409e+01 4.748091277634204488e+01 5.576518289873332179e+01 5.616585195621512128e+01 6.024779804916865089e+01 5.439174692837866587e+01 6.852768492322378791e+01 7.938050714086706705e+01 8.331926801859900422e+01 7.833859735276220704e+01 8.418417046905912571e+01 7.411558013560882330e+01 6.575632259266542690e+01 5.907792838670700775e+01 4.706971793729322684e+01 2.719046750900784559e+01 2.552021444429733066e+01 4.538620002103338891e+01 3.759978950007859311e+01 5.756183442759581936e+01 7.192507562807897159e+01 8.599492067295120989e+01 6.569147755369108665e+01 5.137926939386208147e+01 5.049870080552309304e+01 3.052025987280848440e+01 3.087427428733295542e+01 3.338719161697326854e+01 4.747290117972259083e+01 6.493913555080290223e+01 5.898505380630769679e+01 7.337862973834369029e+01 9.364707201111947654e+01
3.515918393995972474e-02 1.417729480767103567e+01 3.417729480767174266e+01 2.832164938718795000e+01 3.087053161123391476e+01 3.446255413424464820e+01 3.817635481967565880e+01 3.616797916804059554e+01 4.025042788767456159e+01 4.025042788767456159e+01 5.110722577662026822e+01 6.573582668061106915e+01 7.401503603092000105e+01 8.555674174016988331e+01 7.580670336505845341e+01 5.570594417225699857e+01 4.572114119168904267e+01 3.909998852342692288e+01 3.360539964873404273e+01 4.706971799500224307e+01 4.538620002103338891e+01 3.161746479187773673e+01 5.153194071700723100e+01 5.168665106565912026e+01 7.174578178141217677e+01 8.059934764136062313e+01 6.029803611215129422e+01 5.509687449298633055e+01 3.505392037446102904e+01 5.049870396171197484e+01 4.233422297035568249e+01 5.339400973458796074e+01 3.721715332691033495e+01 4.471591354169133581e+01 6.493959205011387326e+01 6.886840688606410765e+01 8.915712953379053829e+01
4.608085242692564615e-02 2.004608085242657012e+01 2.474669129760810904e+01 8.310175582331845945e+00 1.087091318098974391e+01 1.446301922152521158e+01 1.817692598506618396e+01 2.202592777966231807e+01 2.610841068427410860e+01 3.110841068241885665e+01 3.817947798256477654e+01 4.573875981916368261e+01 5.728545869046093486e+01 7.727924408716847893e+01 8.418425743063278333e+01 7.411558013560882330e+01 6.575632259266542690e+01 5.319654646250285168e+01 4.353046166905125602e+01 6.186233742174239580e+01 5.610882689254827227e+01 3.615864257727643150e+01 5.610882689254827227e+01 7.174578178141217677e+01 8.010399567101207197e+01 7.466242565987187163e+01 5.434811114639941110e+01 4.015402378019309992e+01 4.916516325728589720e+01 6.348144771401450726e+01 5.655086809985159135e+01 6.567425557125415025e+01 5.135757330506344687e+01 4.152785719785808283e+01 4.857870273391966265e+01 6.291152529138315685e+01 8.324959122139367196e+01
1.610643649003322755e-02 2.373129040445187243e+00 4.746692356832884485e+00 2.472486760949118434e+01 3.086604190345260434e+01 1.631422372046532132e+01 2.131422372005537724e+01 4.131351540527177235e+01 4.610752200207863893e+01 5.110722577662026822e+01 4.525036312246046322e+01 6.524694302924923761e+01 7.401503603092000105e+01 8.534870095235122278e+01 8.534869944526556651e+01 9.352326359477189044e+01 8.164285836157880283e+01 7.188837319018239214e+01 5.765475978831161541e+01 7.029133894086660916e+01 5.023423805361500882e+01 4.609222262428979633e+01 4.609222262428979633e+01 6.023394787865046140e+01 8.034873000308274982e+01 7.873234978334539846e+01 5.838272916089448472e+01 4.411820037316022081e+01 6.434299504691610139e+01 7.779773213125373843e+01 7.682866088951504935e+01 7.999093783744483233e+01 6.521772335711986557e+01 4.498071965443266862e+01 6.521772335711986557e+01 6.513963289041909377e+01 8.545954853284315789e+01
2.022278438842990689e-02 2.002022278438807490e+01 2.474669129760810904e+01 1.888893449439136063e+01 3.888692440989488830e+01 2.263877903456617702e+01 4.131351540526799937e+01 2.915886879491958084e+01 4.915770390233674192e+01 6.638093865555062223e+01 6.524694302924923761e+01 7.352619320116529877e+01 7.940006845619325304e+01 6.527683096241108274e+01 6.527683096212295766e+01 8.534870025232876856e+01 8.960852237575389267e+01 8.125510944989569850e+01 7.775407243299326865e+01 7.864886815935412301e+01 7.029133894086660916e+01 5.762852839769047364e+01 6.023394787865046140e+01 6.243269151029618058e+01 8.255623835852223635e+01 7.873234978439072052e+01 5.838272916089449893e+01 6.434299504691658456e+01 5.119650853158836412e+01 6.556894979020061953e+01 8.593165229734354682e+01 8.331527608557912856e+01 6.296350383431065723e+01 4.862210356126836075e+01 6.031447139902196852e+01 8.068577714143881963e+01 9.378600716337687970e+01
6.642187732006160639e-02 2.006642187731970495e+01 3.830016153771821763e+01 3.889115644687764473e+01 4.717265475233472927e+01 2.930544556989971028e+01 4.930422046731550267e+01 4.915770390233674192e+01 3.810313185242861778e+01 4.964994631786272805e+01 6.379043353976588548e+01 8.378071006316260139e+01 7.115574557136982037e+01 5.051648477360647149e+01 7.115574557136976352e+01 8.383202428346523050e+01 7.808246132909972914e+01 6.137555406728164087e+01 7.808246132909972914e+01 8.338891653629003997e+01 8.610095444103333762e+01 7.773241618870967784e+01 8.034873000308274982e+01 8.255623835852223635e+01 8.745987788899377335e+01 8.709592537110320620e+01 7.873234978442869192e+01 6.556894979020061953e+01 6.291825378115240142e+01 6.291825378115240142e+01 8.330107402710005715e+01 8.746872239437033159e+01 6.712099271577058346e+01 5.271902872224522696e+01 7.308070923289591292e+01 8.902877957448468749e+01 1.014278460948626019e+02
1.591255364720534082e-02 1.001591255830939176e+01 2.415805145273764509e+01 4.415829578450498616e+01 5.758439290016029588e+01 4.344739193880075590e+01 4.344739193880075590e+01 6.344385533335063343e+01 5.224477407042976296e+01 5.443213163153669143e+01 7.442581318399354018e+01 7.698376092265711179e+01 6.462903827753054031e+01 4.349748550116916590e+01 5.505655574056235224e+01 6.944429001292759551e+01 6.977764279837342087e+01 4.995938606143507599e+01 6.712820177631058982e+01 6.347368952884368554e+01 8.338891653629003997e+01 8.854836629504475809e+01 8.026506145439412876e+01 8.166481363147667594e+01 6.756943237718382989e+01 8.166481363147667594e+01 9.427158381653640618e+01 8.000243605067876729e+01 7.736319449369690915e+01 7.471961415793767003e+01 9.164992070872864360e+01 8.397706530681962533e+01 6.359184923920496146e+01 7.308070923289591292e+01 6.100599594105823797e+01 7.282791865517074825e+01 9.313577615863250969e+01
6.189296070378335485e-02 2.006189296070342820e+01 3.257164265087124733e+01 4.710720236413177986e+01 5.539616295314016980e+01 6.344385533335063343e+01 6.344385533335063343e+01 7.172139386151999929e+01 7.223931853120438973e+01 7.442581318399354018e+01 7.119105131539794229e+01 5.711819689838458913e+01 5.852888446697752300e+01 3.704502610768012971e+01 3.974453888676664803e+01 5.894384230290315685e+01 6.228704583483495583e+01 4.244806163131132593e+01 4.728903084795778256e+01 6.712820177631058982e+01 7.909261076926610201e+01 7.082453219453840632e+01 6.037712950224437236e+01 6.402663301374056459e+01 5.352145818499704433e+01 6.756943237718382989e+01 8.745987788899377335e+01 1.002460465742845059e+02 9.763638332837973621e+01 9.502356620993272429e+01 1.033301044665543174e+02 9.230702835560813924e+01 7.383080729393600450e+01 8.975197461021787149e+01 7.547423368258674259e+01 7.395314047842680338e+01 9.424425987734747423e+01
2.247884206357958492e-02 4.286493169175806806e+00 2.428661698294493476e+01 2.710538738115491597e+01 4.215204183842023156e+01 4.922378774325125761e+01 5.751523963828645236e+01 6.906848276021938204e+01 7.490358713753157360e+01 6.664269674846099178e+01 6.125610782564766765e+01 4.309078766415348127e+01 6.125610782564766765e+01 5.040874929975810659e+01 2.887023487543618572e+01 5.040874929975810659e+01 5.567405110032706261e+01 3.576479167507169166e+01 4.986028872003183920e+01 6.970971508725025956e+01 7.082453219453840632e+01 5.083287250659551404e+01 5.668829406202028309e+01 4.392976412136039244e+01 6.402663301374056459e+01 7.339520898677145055e+01 9.332567815616771156e+01 8.828348181684199858e+01 8.678808411576079607e+01 9.509568692797282097e+01 1.092704634451954888e+02 1.024120091949384914e+02 9.412332337395888260e+01 1.024120091949384914e+02 9.574372132661014234e+01 8.836114210845559569e+01 1.025334999141477397e+02
