MOVIE_S9_data/elevation_000585.asc
nrows	100
cellsize	150.0
xllcorner	0
ncols	100
yllcorner	0
NODATA_value	-9999
[rows 68 to 84 of 100, columns 37 to 73 of 100]
3.212061676810093758e+01 2.397756768220764556e+01 4.358054712200461012e+01 5.594107675763213905e+01 6.414804588198110480e+01 7.297569240962694437e+01 7.502058561527394431e+01 5.847151144524723776e+01 7.502058625156880112e+01 7.017969313575071055e+01 5.823302899698454382e+01 3.839539848509510023e+01 4.420570401599817956e+01 2.537746554924638076e+01 3.830726827365114673e+01 3.809326808393991826e+01 5.785491647506681545e+01 4.674008403124904731e+01 5.617642565290162082e+01 6.094973841089861821e+01 4.335889739144413113e+01 6.246627287636960091e+01 7.669287670830216541e+01 8.799013733989770003e+01 7.776634931538202977e+01 6.128207116808829369e+01 5.544202197602910331e+01 6.395215275239421970e+01 8.364148845239674301e+01 9.788190570363676102e+01 1.068441354994886439e+02 1.184182399275382096e+02 1.096887785399155604e+02 9.533684829858033538e+01 1.096887785399155604e+02 1.031783825107536074e+02 8.366937079381392550e+01
3.973342768468423714e+01 2.238490388209347159e+01 3.409976130795574534e+01 5.347667277787276419e+01 6.593776867369396655e+01 6.366847013913059783e+01 5.546575686371101455e+01 4.714436003949936804e+01 5.726602965117139377e+01 6.173392517810322033e+01 4.617092685596654178e+01 4.386867060405304386e+01 2.418038405868614049e+01 4.420570591136197436e+01 4.146907902612655050e+01 5.778256446109063660e+01 5.420531007332584750e+01 6.741280265237627134e+01 6.741280265236835589e+01 7.057403106264138160e+01 5.432924585729008982e+01 4.955713969836862276e+01 6.871440776469734146e+01 8.402905547644958517e+01 8.913881899273891918e+01 8.086250631117175658e+01 6.261115345632642004e+01 6.288682695572020265e+01 6.971070908106754871e+01 7.850307643077070452e+01 9.263040297044247495e+01 1.127419824359273122e+02 1.012588167790174651e+02 8.128932502567465690e+01 1.012588167790174651e+02 1.046478208814024669e+02 8.512033065939267829e+01
2.017790345253066064e+01 3.972071458281367029e+01 5.001325564103403565e+01 6.139790087658052187e+01 4.616622986305636545e+01 4.616633710260563817e+01 3.572764963615072276e+01 5.141521886171535272e+01 3.617976278887941533e+01 5.072697556394432894e+01 4.299410386136801066e+01 3.213593893690458714e+01 2.333214986961579740e+01 4.600346933817119321e+01 6.126713680345871182e+01 6.956425116107757844e+01 7.409540746657955879e+01 8.240603264113134685e+01 8.800406957831806665e+01 8.178127506430594451e+01 7.358216833629001030e+01 6.871440776469734146e+01 5.642069775043510305e+01 7.578539568245966507e+01 9.461499986208387725e+01 9.055479015362652717e+01 7.127138040487261605e+01 8.254782950826263743e+01 7.888278109774830682e+01 9.788190570363676102e+01 1.068441354994886439e+02 9.894581912475779006e+01 9.371105835218658342e+01 7.384113841793406152e+01 8.434428826752088071e+01 9.267951649383691404e+01 9.897980845776818626e+01
1.863602424738354202e+01 3.744533879965495515e+01 4.186794101765725884e+01 4.059868456346980281e+01 4.575652898603047447e+01 2.584827104439482071e+01 3.862561903114039552e+01 3.900908365056250915e+01 2.456797602081550735e+01 4.279051192569262696e+01 4.108169495458699316e+01 2.213743168675433282e+01 4.127533377205597276e+01 5.325342171685862525e+01 5.681059006429774882e+01 6.191440767522453825e+01 6.762172012302274027e+01 7.424588775568278720e+01 8.261188149876629438e+01 9.267403445910441917e+01 8.977304968545018937e+01 6.999151968863884576e+01 7.578539568245966507e+01 6.660722362481081404e+01 8.632497956083611257e+01 9.947289077686136238e+01 8.528158609879909591e+01 9.947289077686136238e+01 9.885542481683515348e+01 1.071717510050741993e+02 9.894581912475779006e+01 7.898053695836421184e+01 8.264423449861750726e+01 8.434428161035832261e+01 6.454737514196216353e+01 8.434428826751897645e+01 9.098954391773790462e+01
1.733561673840602779e+01 3.435427401769683087e+01 2.186483257041196993e+01 2.162957803150222347e+01 3.740940618452609101e+01 1.990838022000114904e+01 1.858340498918757078e+01 1.895405657990669113e+01 1.932299925501886761e+01 3.789318895504028006e+01 2.096984047143068608e+01 3.871862005319816546e+01 4.977849168176491190e+01 4.649966459489142778e+01 3.697344592926746998e+01 4.214740706602503195e+01 4.785100985450888800e+01 5.437338485770293062e+01 6.421396809273939255e+01 8.427780741862612501e+01 9.806659126426042405e+01 8.977304968545018937e+01 9.461499986187013178e+01 8.632497956083609836e+01 8.632497956083611257e+01 1.063252518626752590e+02 1.053445018025276880e+02 1.015123737032827762e+02 9.323312754140194158e+01 1.015123737032827762e+02 9.673945922132446640e+01 7.680580125443030681e+01 6.284038408667213105e+01 7.205861632133132844e+01 5.926931478122227048e+01 7.905334815288696859e+01 8.283294323793192859e+01
2.866174686285652484e+01 3.251359163292978849e+01 1.693038463612418099e+01 1.730722989310137550e+01 1.768198541798048851e+01 1.805650851387866851e+01 3.806125606155584506e+01 3.900016710800706932e+01 3.938840653761784694e+01 1.984452611546567269e+01 3.841298198759093907e+01 4.791518119483446725e+01 4.393955703630017950e+01 3.023661448453517409e+01 5.003163000889044554e+01 6.191440767522453825e+01 6.762172012302274027e+01 7.424588775568278720e+01 8.261188149876754494e+01 9.267403445910795767e+01 9.841863248989507440e+01 1.068911160299945351e+02 9.377664068809448850e+01 8.547906551576710399e+01 9.377664068798773656e+01 9.939768727571025408e+01 9.111295965685314968e+01 9.147926572553154756e+01 7.313445895350375281e+01 9.147926572553154756e+01 9.691310088658183020e+01 8.540030546985698834e+01 7.205863118705966031e+01 5.231376735164006675e+01 7.205863118705966031e+01 8.528514639472103909e+01 7.401547596155572251e+01
1.601458937605239541e+01 1.639369731098451055e+01 3.620053870683771891e+01 4.003206733431557041e+01 3.768621015865946333e+01 1.817348658999378586e+01 2.857536106831965839e+01 4.845231859829375054e+01 4.803993788793418673e+01 3.410242349762110337e+01 2.044470935632942243e+01 4.048218516281585977e+01 2.489834933984486653e+01 4.393947886644185985e+01 5.826258485084343874e+01 6.884477750349527980e+01 6.064727789947683334e+01 6.884480262151821250e+01 7.869174712557376949e+01 9.517519204484928252e+01 7.819308040115380720e+01 9.517519204484928252e+01 8.400437311371780424e+01 6.613649401102028946e+01 8.400437311371780424e+01 8.775052048952139216e+01 7.086807170045571524e+01 8.318379324745282588e+01 6.270804154752025994e+01 8.318379324745282588e+01 8.855659301509818704e+01 6.871262801360202843e+01 5.732909366979652077e+01 4.857260149610605282e+01 6.825873037022095957e+01 7.714627621803450097e+01 5.767985490153541406e+01
3.773965005455120547e+01 1.861580667214082041e+01 3.936263159879857199e+01 4.614404984209333094e+01 2.633626153373880641e+01 3.981434794482299822e+01 4.794341976826851237e+01 4.481390409028557542e+01 6.195278410426258375e+01 4.743659741198976576e+01 3.385725659540904786e+01 2.105920532063261419e+01 2.150305989558288289e+01 4.157341920892777409e+01 5.024755169729088067e+01 5.084514351219041117e+01 4.104300933617454206e+01 5.084038219443262108e+01 7.045417360452103139e+01 8.674140454695145763e+01 6.675704482551294916e+01 8.674140454695145763e+01 7.580777976339366830e+01 5.643275740974434029e+01 7.580777976339366830e+01 7.942456814550983779e+01 5.847606549836422118e+01 6.732994450307620582e+01 5.518460232934026521e+01 7.635853837354730445e+01 8.074325128805482166e+01 8.245915953339179794e+01 6.488117796611531674e+01 4.523056413104812634e+01 6.488117796611531674e+01 6.918319754250981646e+01 6.080722616710093575e+01
4.336450918963969059e+01 2.147725390518654365e+01 4.340516776804764731e+01 4.624796639337836979e+01 4.045797577495044806e+01 3.419611349871319561e+01 5.406817917431946796e+01 6.465679682386782190e+01 7.284093851239373407e+01 5.537436569508278694e+01 3.567155029061695615e+01 3.536246301948646220e+01 4.164550479246980075e+01 2.215123473627307504e+01 4.165366559918830092e+01 3.109835446201777742e+01 4.472418556953348201e+01 6.327268459034191039e+01 7.869174712557376949e+01 7.967586640860133684e+01 5.982693278530362591e+01 7.967586640860133684e+01 6.934943897884389230e+01 4.991938525437712570e+01 6.934943897884389230e+01 7.580853746471120758e+01 6.732994447622363055e+01 4.493432395537207924e+01 6.732994450307620582e+01 7.481578405264725973e+01 5.964358920144350407e+01 6.688952641287403367e+01 5.557590998783975778e+01 4.194339444933335415e+01 5.729950695273408456e+01 5.780822157733943811e+01 4.112183013078329452e+01
4.770249698120955628e+01 2.532895755327912113e+01 4.770249698120955628e+01 6.600168690111206615e+01 6.029580507270822665e+01 4.416002339250800190e+01 4.484317589279840632e+01 5.884092679839578466e+01 7.872955244045336087e+01 6.430963185393306958e+01 5.576257461201478094e+01 5.523250669763020682e+01 5.052720702051841073e+01 4.227755813177147814e+01 2.281010684385250897e+01 3.349411983320013775e+01 4.556859556882034923e+01 6.523237247424725638e+01 7.424863880461795418e+01 6.593793983208620091e+01 5.392420654663464319e+01 7.369118774340600453e+01 6.374046560474899792e+01 4.435820780908845506e+01 5.641466109108705496e+01 5.640681432652633731e+01 5.911419078581545250e+01 3.960642276793048211e+01 5.835008283101488757e+01 5.755188231951946420e+01 4.473084912034824612e+01 4.977327996188142123e+01 6.108901180991905022e+01 4.671809389183578531e+01 3.726476226654149571e+01 3.793066664841948921e+01 5.625990496075961289e+01
5.227935859708023258e+01 2.979864053755778386e+01 4.593671843609594418e+01 6.759184649498071451e+01 7.220631997638670896e+01 5.815668520393595742e+01 5.626807678445889138e+01 7.289973878044266087e+01 8.482959757372455556e+01 6.509848128666642708e+01 6.509848128659314170e+01 5.798567787250067340e+01 4.978116563412363149e+01 4.480888485991818726e+01 2.327980164646931982e+01 3.768359780005182103e+01 4.631636749771905670e+01 6.427638052509465183e+01 5.916835099542019094e+01 4.620136640132129457e+01 6.593793983208620091e+01 6.178150531597235329e+01 5.303051778130091520e+01 5.045514663822793011e+01 3.756512360968243058e+01 5.640659091958245597e+01 4.654684473293627889e+01 5.245645996087599627e+01 3.275510195952618631e+01 3.332863893403152389e+01 3.391624426979689133e+01 5.035196029829165809e+01 5.435451315623609503e+01 3.633647765544295538e+01 5.638634947072448966e+01 5.738207305100924316e+01 3.890060902334595738e+01
5.755685740608669931e+01 4.014690241112579372e+01 3.852735367782272391e+01 5.444512521522435833e+01 7.558012588529291520e+01 7.802621464803893048e+01 7.613003439100326375e+01 8.437388827255657020e+01 7.901026827706729705e+01 5.933603043839684688e+01 4.540787057567673202e+01 4.978121778558911359e+01 2.955551784514058866e+01 4.346213953807664865e+01 2.374884248199551351e+01 3.206628632963030157e+01 5.009076138443715109e+01 5.292301599256861522e+01 3.934074499085921417e+01 5.916789774460407614e+01 6.205800403479396010e+01 5.261668345886059228e+01 3.426701091436817848e+01 3.281708862654298287e+01 4.910933283862708265e+01 5.111978613736590660e+01 4.904136289115734826e+01 3.196743533709368990e+01 4.232341209529866433e+01 4.691737847995993604e+01 5.166444531759184855e+01 3.477279730668027469e+01 3.541733740557155130e+01 5.336339895976272629e+01 6.329845761511600699e+01 6.751818874310406215e+01 5.421136342593790403e+01
7.041065851262192155e+01 5.335967039687307079e+01 4.670660912698676270e+01 5.677242125916294668e+01 7.782381284342967831e+01 8.916776728749339043e+01 8.090399584058633309e+01 7.433701907992383440e+01 6.935817793406684473e+01 6.117643760843709799e+01 5.373010189215921883e+01 3.358245655901303195e+01 4.607536407625671160e+01 2.628802196209774777e+01 2.421542706338665241e+01 4.430737302075061734e+01 5.217944324311246618e+01 3.292442788797109188e+01 4.700988538342596001e+01 4.746142375499773891e+01 4.213513397316941678e+01 4.847645852457236515e+01 2.910026006693939493e+01 2.962241611288320442e+01 3.014906621268055531e+01 3.067670891930296762e+01 3.120595136047011664e+01 4.821263488918435058e+01 3.736952607087758338e+01 4.612720386380466664e+01 5.369237762092954114e+01 5.302989113338306737e+01 3.577423123668185667e+01 3.750541507628828697e+01 5.046732600057666218e+01 6.621059691527420910e+01 7.671130817249907352e+01
8.349620344058857313e+01 7.494173899440505693e+01 5.520528059343761385e+01 7.618167827273342141e+01 8.627392957447830213e+01 8.090399584058633309e+01 6.120306555859909992e+01 5.473332664119790536e+01 6.117643754957791202e+01 4.158175022795002462e+01 3.821189343148459017e+01 4.384509439131638686e+01 5.461040656253453562e+01 4.614033109234734553e+01 4.437827281381478883e+01 2.487784515711135924e+01 4.502821098556221813e+01 4.222108423588517212e+01 2.680397763849806836e+01 2.732358817384587013e+01 2.784320111958019339e+01 2.836321081943519573e+01 4.844083968826686970e+01 4.740879618070105295e+01 5.087156602959650087e+01 5.070177431128223589e+01 3.521146347320939896e+01 5.472602888551526235e+01 4.135384167763952945e+01 5.959075121921075890e+01 6.613260410804851119e+01 7.273804138451153278e+01 5.744871162853907265e+01 5.773082759160216426e+01 3.984594999181131669e+01 5.394947381467639502e+01 7.401677662984177175e+01
8.131844186229885452e+01 8.461205602218082333e+01 6.753083865173648803e+01 8.461205602218082333e+01 9.495027553373139995e+01 7.508583629079980426e+01 8.090399584058633309e+01 6.597797656774434927e+01 4.647403315214486952e+01 6.117643749722576274e+01 4.971919649811036379e+01 6.269237872062993233e+01 5.690415728992044109e+01 4.679766435152119186e+01 2.672565796710110320e+01 4.233941816969246474e+01 2.557956172996482280e+01 2.607375693739577116e+01 2.775056823662121985e+01 4.743572202920084635e+01 4.797542526423578835e+01 3.213113927014597948e+01 5.427206088542256879e+01 6.820267640196138359e+01 6.238795168695011029e+01 4.227026432569228120e+01 5.495152862646572345e+01 6.311607366481757708e+01 4.541145323081919827e+01 6.506122966799928520e+01 7.886007496287284368e+01 8.582688370107224785e+01 6.890483248975269248e+01 4.890091103494445690e+01 4.140375433785443704e+01 6.123216809058892807e+01 7.187119681470788635e+01
6.724417439868845747e+01 8.714159528842303359e+01 8.799894495908000636e+01 9.639635284490064748e+01 1.032496982842385194e+02 9.495027553373139995e+01 8.631467405996158959e+01 7.034741165327601209e+01 5.080670374234962594e+01 7.034741150928336140e+01 6.353087542665276288e+01 6.022093376595189795e+01 4.027719419799664280e+01 2.857776208050688638e+01 4.686042750552594782e+01 5.318767459671317255e+01 4.539878158571291067e+01 3.329809040274550824e+01 4.718799684832259800e+01 3.014170971844315261e+01 5.025054696525100439e+01 5.540696321393841117e+01 6.376518824481322412e+01 7.792807632157365560e+01 6.821548773025017454e+01 4.817643955262217048e+01 6.821548773025017454e+01 7.314441010185412040e+01 6.506122980336864714e+01 5.144240515203417630e+01 7.075649114824082631e+01 8.323802261827931659e+01 6.296783356475093285e+01 6.877316984365930352e+01 6.110378804206803949e+01 4.357038218029981635e+01 5.491651730131529519e+01
6.313019712504955550e+01 7.199726131583248900e+01 8.349950483844064308e+01 1.034376361856616455e+02 1.062139466249666810e+02 9.624012072083431235e+01 7.806051440814502484e+01 5.839588367413158210e+01 6.201713978856916754e+01 7.857138998805851315e+01 8.324971830500933834e+01 6.847612786538671514e+01 5.696128368094864669e+01 4.870593844875180878e+01 3.046059488872504417e+01 5.057784106545244640e+01 5.964928849969172120e+01 4.190064234018445433e+01 5.771575088705451151e+01 5.025074623820297859e+01 3.258371741063004379e+01 4.090016509928927491e+01 5.083986367059386424e+01 6.936377580388142405e+01 7.645046285392312768e+01 5.986726617080632451e+01 6.089079912962874630e+01 8.081951317380942612e+01 7.504340411225072671e+01 5.587116319792443875e+01 7.504340411225072671e+01 9.158462132006509648e+01 8.323802258815194932e+01 6.547496416800017016e+01 4.572309486390028610e+01 6.316216798603121418e+01 7.177082715004338809e+01
