MOVIE_S9_data/elevation_000233.asc
nrows	100
cellsize	150.0
xllcorner	0
ncols	100
yllcorner	0
NODATA_value	-9999
[rows 51 to 67 of 100, columns 0 to 36 of 100]
6.455108993161302877e-02 1.461411681470768054e+00 2.861691765498775020e+00 1.699266492443916476e+01 3.306558011736972702e+01 3.177177159190244637e+01 2.634911963172194760e+01 2.620879070779085040e+01 3.362369387902047180e+01 2.431836047966383774e+01 4.430927678104086453e+01 5.398543443963201582e+01 3.396812311359214220e+01 3.764528114690081395e+01 5.766553111763977313e+01 7.518531509688493486e+01 6.102221316903592907e+01 6.257384176088523731e+01 6.476390568590016983e+01 8.462581919038099443e+01 8.905312635927396059e+01 8.079246201286298401e+01 8.905655634805108889e+01 9.907869745186536647e+01 9.085474210757605817e+01 7.754358144046067025e+01 8.749103122078240347e+01 1.056572677761944306e+02 1.151026087336554866e+02 1.068292061493122560e+02 1.025103843013933584e+02 8.573747524856426594e+01 8.812896375383209602e+01 8.812896375383208181e+01 7.935565161968206382e+01 6.746391066840627104e+01 4.763370474189065362e+01
3.995603441288197999e-02 2.002136100091845350e+01 2.286015142408187018e+01 4.881996854603188218e+00 2.488258939224671451e+01 2.544195280326383468e+01 1.055740049977402251e+01 1.210035897679741090e+01 1.366184749796575915e+01 3.362367967113043221e+01 3.761710822606882942e+01 4.161770105405544484e+01 2.770821712809891935e+01 4.278185932681241610e+01 6.180820237530281958e+01 6.320156663586193702e+01 4.681157667041314596e+01 4.837809680677694502e+01 6.562784163021169093e+01 6.462042376665222321e+01 7.603354534874509341e+01 8.236190293485002201e+01 8.992815277799498119e+01 9.823536744347032368e+01 1.056572677761944306e+02 9.743848100110419352e+01 1.056572677761944306e+02 1.155782210255322155e+02 1.243035746870255025e+02 1.158128047443847208e+02 1.140819798482802980e+02 1.058080686082780204e+02 1.081767244523892373e+02 9.047843642738070002e+01 7.049448950894667121e+01 5.906231828633931968e+01 6.415887444852258170e+01
4.804567899273937126e-02 2.004804567899238421e+01 3.313845895316219270e+01 2.488257036290981361e+01 6.928574894989782962e+00 8.407017436898916785e+00 2.171246095947779864e+01 3.124936445673038321e+01 3.362365662906945118e+01 1.594642287641766032e+01 1.765793398929287150e+01 2.168316879103073092e+01 4.161770109450483091e+01 5.595056411316872413e+01 5.916588199699469897e+01 3.486740817385729940e+01 3.671572279024302787e+01 4.103027546012703652e+01 4.557922230110843742e+01 5.046520639279206932e+01 5.602279314659126186e+01 6.234987913127521608e+01 6.990973733565191139e+01 8.405824834590725914e+01 1.040993556677750149e+02 1.050700326933095994e+02 9.674873085603971390e+01 1.050700326933095994e+02 1.124131072082000173e+02 9.517799656074517145e+01 1.124131072082000173e+02 1.035049011783812176e+02 9.501731490789941859e+01 9.876878041967280808e+01 8.722584949128574294e+01 7.894069929455163503e+01 7.241714811311484823e+01
9.707512844716031930e-02 1.423921075409960402e+01 3.423921225107587674e+01 3.450636163258901234e+01 1.448787525977272672e+01 2.840122340550921010e+01 1.976096089680753209e+01 3.899178716773248254e+01 4.089959510529681808e+01 2.092304577415201905e+01 3.761712466562116219e+01 2.035624265892057849e+01 4.033356028568409357e+01 4.523695871269460156e+01 4.742225610546898196e+01 3.193624757127243896e+01 5.201947421374969593e+01 6.114496441894331724e+01 6.562784164488654426e+01 7.048356126531169252e+01 7.603354535396968572e+01 8.236190293485002201e+01 8.992815277799498119e+01 9.823536744347032368e+01 1.043334664144470310e+02 9.504335323193328122e+01 7.671030053361715773e+01 9.504335323193328122e+01 1.038992926848841591e+02 8.341589210339583360e+01 9.295045452888773241e+01 9.501731490789941859e+01 7.472424812612747758e+01 8.066794977543696632e+01 8.330110733876034601e+01 7.957130021839330425e+01 8.336932170916257689e+01
5.001202446392439237e-03 2.000500120244603863e+01 3.728134001667620367e+01 4.287521904444047749e+01 2.863599816600086001e+01 3.450985015676099721e+01 3.096874445621593352e+01 4.738630146328075909e+01 4.624682798288957741e+01 2.623853042755069609e+01 4.624682798288218066e+01 4.033357238494368602e+01 2.308919942654382851e+01 2.521064676348931144e+01 2.737356686803682138e+01 3.046138420316934159e+01 3.367525475213180641e+01 5.372791759044108062e+01 6.674678800616877083e+01 7.087742116094662492e+01 7.622548979289706494e+01 8.452677130272567751e+01 9.982899821607054491e+01 1.081425803376638868e+02 9.601557665218440718e+01 7.599913738087906268e+01 6.676847598263699979e+01 8.672951569482850687e+01 9.897878154382576099e+01 9.295045452888773241e+01 7.267448481609420696e+01 8.388276521138109842e+01 7.851524480639703540e+01 6.062894497581856257e+01 6.321548129676047267e+01 5.953396669523777263e+01 7.377088020243337496e+01
5.279685921607564503e-02 8.997068769215310624e+00 2.313920439294600939e+01 4.313920439294529530e+01 4.872165923054451753e+01 5.457628368207011249e+01 5.055594338657375886e+01 5.881933391227077124e+01 5.227914267005419902e+01 3.225591597891731510e+01 5.228683952852828298e+01 4.795015688010246180e+01 2.791951239721437616e+01 4.523698916777508572e+01 4.155380777568916528e+01 4.465002248348782388e+01 5.372791759044108062e+01 3.841318343068339658e+01 5.845083808563875749e+01 5.086492396335385280e+01 5.621484929118512497e+01 7.622548979289706494e+01 7.979266603801403335e+01 9.982899821607054491e+01 9.381940948734768426e+01 7.381226567408639028e+01 5.977689411325822988e+01 7.068916182974622586e+01 9.066595823387078212e+01 8.367808319937563510e+01 8.388276521138109842e+01 6.379934283941283724e+01 5.853274700237260930e+01 5.374707361049076582e+01 4.919669135119966086e+01 4.549021962708315669e+01 6.050063581024463133e+01
5.738623160518319517e-05 2.000005738623125140e+01 3.728134001667620367e+01 4.785673994569419420e+01 3.969781934583472349e+01 4.594784669432906554e+01 5.418408678381679522e+01 6.568834609850449624e+01 5.936900353749030046e+01 3.933761875264085006e+01 5.936900353749030046e+01 5.312505538805861249e+01 3.308275983319030900e+01 5.312505538805861249e+01 6.159004596241633323e+01 6.468086892153957024e+01 6.674425167936304604e+01 4.844198744095876918e+01 4.377996305557652335e+01 6.380193492249923537e+01 7.622548979289706494e+01 6.564506753248616633e+01 7.979266603801403335e+01 9.982899821607054491e+01 8.847227538469502406e+01 6.850739385860921971e+01 5.449255603592734332e+01 6.822529754487456444e+01 7.650222878068807120e+01 6.374361374694860416e+01 7.786248349081947140e+01 8.388276521138109842e+01 7.851524480639703540e+01 7.366877721171084659e+01 6.909842496008518253e+01 6.050063581024463133e+01 4.055725753262861843e+01
4.532054705376769438e-02 2.004532054705341082e+01 2.771866447472482875e+01 3.177411233603069718e+01 1.964578724309826185e+01 2.597032842862773094e+01 3.751576623901366503e+01 5.746665005307146146e+01 6.766562280629743498e+01 5.090735093432572711e+01 6.766562280629743498e+01 6.142247153692220962e+01 4.466047155580644556e+01 4.311067731285421445e+01 5.467849902480514857e+01 7.469728484595084694e+01 6.845963210925116016e+01 6.845964246231388017e+01 5.135348539447441851e+01 6.012867126877133472e+01 8.014608387229979769e+01 8.566117186286054164e+01 9.396762318784763579e+01 1.038378847744126716e+02 8.378947944260634983e+01 8.264576198662977902e+01 6.822529754487456444e+01 4.836658893290152150e+01 6.260840653482107854e+01 4.969905554216691002e+01 6.714390439369090302e+01 7.541031409923897399e+01 7.491272760601444247e+01 8.320231355728415679e+01 7.143686530482315789e+01 5.145441539096493955e+01 3.734662437198259255e+01
9.001595176218035732e-02 3.869660681854460993e+00 7.718662476451982890e+00 1.180114538109064881e+01 1.996610374782335029e+01 3.993616034677965132e+01 4.010772214690756954e+01 5.422554497482958880e+01 7.410134154745472301e+01 7.092783595141189323e+01 7.922712019212509915e+01 7.298654093760035266e+01 6.468789193537801907e+01 5.467849902480514857e+01 7.143752435266401335e+01 8.299954154616251856e+01 8.848437608844830038e+01 7.966490406421718262e+01 6.135897911134547655e+01 7.966490406421718262e+01 8.844952319513933503e+01 1.018386573204410155e+02 9.917260299217612385e+01 9.795439615587386584e+01 7.792217883008552803e+01 6.385641589947083929e+01 5.637968832098258076e+01 4.936855428968114978e+01 4.270022535776188732e+01 3.967976741569594168e+01 4.723216546527395820e+01 6.390977636481148494e+01 5.499863136103034122e+01 7.168820851587744869e+01 6.578514639796135555e+01 4.582853156332676292e+01 3.431551641585759427e+01
5.674351268809080251e-02 1.160374889648050534e+01 2.771866447472482875e+01 3.180114900446438142e+01 3.179420095907167010e+01 3.410369003133973820e+01 5.401699156208594133e+01 6.825852978005308103e+01 6.672691723613594661e+01 5.840237024462151538e+01 6.672390234254137908e+01 6.683896524428570274e+01 7.516504914639808987e+01 7.469728484595084694e+01 8.299954154616251856e+01 9.607580288929221979e+01 8.772572775825025815e+01 8.967674686897520075e+01 8.137286334909424568e+01 8.967674686898422465e+01 9.592569628994506559e+01 8.170774749001358828e+01 7.904090107445600211e+01 9.326158360335861630e+01 9.209801230638572633e+01 8.378947944260634983e+01 7.323270873804121095e+01 5.335645932539998171e+01 5.678112587830835167e+01 5.564849411988516437e+01 3.563975780115995207e+01 5.190051441112571950e+01 4.347109257513462666e+01 6.341531877830477271e+01 7.415898259648737678e+01 6.259026199983102856e+01 5.018907002543610218e+01
9.518805923843161321e-02 2.009518805923807605e+01 3.160374889648014829e+01 5.160374889647943775e+01 5.175735779660387692e+01 5.401699179066176271e+01 6.215877397123458792e+01 6.243292461710794328e+01 5.670094972595838101e+01 3.837682212728179110e+01 5.669094473242839172e+01 4.680134210742527756e+01 6.358561423651949696e+01 7.361183920027018246e+01 8.950126220430982471e+01 8.452514465633190355e+01 6.778258402521159098e+01 8.452514465633190355e+01 8.866073755731763129e+01 9.697391175313551059e+01 8.760395446789081575e+01 6.750737766835689513e+01 6.485018654284201034e+01 7.489376329608597871e+01 9.499805167958842844e+01 8.734334466398381380e+01 6.738789196380669466e+01 7.323270873763519262e+01 7.667670637653458243e+01 6.391357816410513237e+01 5.190051441112571950e+01 3.195648051752754171e+01 4.864366731431976376e+01 5.691096200202041899e+01 6.393080699744935202e+01 5.935838317799883868e+01 5.851146601607231901e+01
9.062254805971975413e-02 1.424604818062000966e+01 3.446376375192803465e+01 5.358303443519974962e+01 6.518110678986430173e+01 6.140496888926117691e+01 5.659448965244781249e+01 4.243318103734551272e+01 4.838939116725190104e+01 2.837392434654829287e+01 4.631611910444386382e+01 3.524839637068558318e+01 4.525339271840168465e+01 6.528708354629161192e+01 6.816823165157491360e+01 6.816823165157491360e+01 5.644082330148738436e+01 7.461319621455268702e+01 6.879451407238259719e+01 8.866073755731763129e+01 8.944730377245369368e+01 7.489376329608597871e+01 5.472464040488162595e+01 7.489376329608597871e+01 8.944730377245369368e+01 9.565184508646061090e+01 8.734334466398381380e+01 8.691207667002554160e+01 6.695420963800968650e+01 5.289238357828875081e+01 4.135370574028803503e+01 4.864366731431976376e+01 2.889954269266325326e+01 4.550123094606195195e+01 4.436266191965955130e+01 3.901285111462656374e+01 4.167270011671634222e+01
3.063233560239582431e-02 1.157955609382174345e+01 2.573211264304149282e+01 3.820110563395247993e+01 5.184452123632257070e+01 4.090961105638844231e+01 4.817540622418607654e+01 2.830405646463152536e+01 3.565391345174715099e+01 2.130553137291461496e+01 2.630275860618827366e+01 4.631619828953424900e+01 6.358561421992195761e+01 7.361183909209891851e+01 6.759625567486871489e+01 4.895508304024016155e+01 4.815461905401568998e+01 5.470876114800532974e+01 6.879451407238259719e+01 8.866073755731763129e+01 8.112441564537698468e+01 6.099611952837676654e+01 4.907250402797394884e+01 6.099611952837676654e+01 8.112441564537698468e+01 8.842287935765875773e+01 8.023990148114289411e+01 8.842287935765875773e+01 7.538939676664040235e+01 5.547277673864712710e+01 6.130621968653057507e+01 5.544365695326290933e+01 3.556064481040380798e+01 2.598241271704739930e+01 4.239203949066549626e+01 2.676847629021470354e+01 2.197390563569819832e+01
5.666595628964066211e-02 2.005666595628928661e+01 3.069598864365788415e+01 2.475049804196209990e+01 4.322255365575055919e+01 2.649823435930426996e+01 3.108996014038891786e+01 2.960692978244567186e+01 1.564497606090428228e+01 3.565391344196237355e+01 4.631619540477961294e+01 4.631619792110450362e+01 6.635914087310413834e+01 6.386940961046045118e+01 5.555389616433177480e+01 4.108499316797001910e+01 5.523308876198461093e+01 7.461319621455268702e+01 8.288421291275901126e+01 7.826256688885733581e+01 6.986998645269746078e+01 6.504496487753010570e+01 4.426807735381070330e+01 5.912259144527060784e+01 7.934283913912909725e+01 7.880141366391573854e+01 6.120926480966134164e+01 7.880141366391573854e+01 8.367937503481056183e+01 7.538939676664040235e+01 7.538717025191094478e+01 5.544365695326291643e+01 5.159784711957632908e+01 4.211038458857914435e+01 2.310227538584337381e+01 2.148601398766479420e+01 4.090136641854880395e+01
2.110006612196471329e-02 1.991962193475361431e+01 1.142350606077397046e+01 2.504271050143589505e+01 2.676883033478367580e+01 1.696201935406573469e+01 1.106794675752892942e+01 1.293608137001726988e+01 3.294977347445053795e+01 1.887339907579049125e+01 3.887809628681890217e+01 4.473185705431446024e+01 4.771426089795881609e+01 5.076741081956872392e+01 3.553059138624966806e+01 5.555389616433177480e+01 6.942791363031606977e+01 8.362273849864753572e+01 8.561368618728572244e+01 6.986949779735046206e+01 4.918959513482609935e+01 5.524132776839977765e+01 3.975573510161682833e+01 5.492110038714960751e+01 7.529878960035740931e+01 7.072458314540205038e+01 5.192171520190846934e+01 6.407676543110234491e+01 8.323739077604288639e+01 7.804763493462174040e+01 5.744265252541850231e+01 5.744265252541850231e+01 4.392449484303141105e+01 2.245033547251964023e+01 2.100171458064111008e+01 4.067067466736555303e+01 4.919495264312269001e+01
9.367352646185668485e-02 1.726666688317306964e+00 3.365130529355384592e+00 5.049435444074215518e+00 6.758162205716210735e+00 8.485993101768185554e+00 2.849546491239108903e+01 2.708533308101526416e+01 4.121046638349109514e+01 2.301027930197203730e+01 2.229618343218577436e+01 2.476897245172220963e+01 2.770766199673568764e+01 3.074663356932834191e+01 5.076741081956872392e+01 4.818930513337577537e+01 6.234488162921297771e+01 8.242626989474651111e+01 7.734809369519507527e+01 5.706995710092176211e+01 4.482938299723858933e+01 3.370009649780393346e+01 5.524132776839977765e+01 5.937699099206589182e+01 7.982207174372662450e+01 6.407676543110234491e+01 4.499165391835099115e+01 6.407676543110234491e+01 7.580502735527606717e+01 7.115993184759965118e+01 4.919514241099379603e+01 3.677979988140327805e+01 3.056582573213705345e+01 4.016002938681330647e+01 2.066607998702860982e+01 3.632711774264043214e+01 5.815561655113842221e+01
3.648181865326004941e-02 2.003648176719735829e+01 2.342044657794213691e+01 1.919446061645039237e+01 2.676883053455637551e+01 1.515953756226695681e+01 3.515704159785905603e+01 4.700807683513104251e+01 5.065366226949920758e+01 3.002644578895008109e+01 4.217587262795947822e+01 4.473185708431866203e+01 3.256643316781742215e+01 4.075410568706425352e+01 5.907830267886782138e+01 6.822658407945162651e+01 7.655487966632921371e+01 7.934304831408259417e+01 7.098361070625890079e+01 6.661449383745993202e+01 4.568388808395410905e+01 3.015319049572806165e+01 3.815594732951156232e+01 5.570114740903733974e+01 6.628333709701692555e+01 5.878350788055056597e+01 3.920084301501103141e+01 4.953206841945174688e+01 6.558032576494795762e+01 7.953441110100567357e+01 6.595507844316738044e+01 5.744265252541850231e+01 4.459180685780526687e+01 2.532812155428653966e+01 2.033015122754815351e+01 3.457128575729723963e+01 5.298105614361559645e+01
