MOVIE_S9_data/elevation_000909.asc
nrows	100
cellsize	150.0
xllcorner	0
ncols	100
yllcorner	0
NODATA_value	-9999
[rows 0 to 16 of 100, columns 37 to 73 of 100]
9.026392388912792342e+01 9.109503545529015867e+01 9.933615602524521648e+01 1.020535782581563069e+02 9.387544847180269869e+01 9.727890558880014282e+01 8.908334148955826493e+01 9.727890558880014282e+01 9.631896667187517380e+01 1.044903795549250560e+02 1.085852921019149164e+02 9.864669816615773357e+01 9.041329637160056620e+01 9.864669798253997612e+01 9.812416443102267749e+01 1.063593187451458562e+02 1.075369222014148960e+02 1.017200854502827951e+02 1.017272585527292676e+02 1.099576448588565114e+02 1.143145954371447885e+02 1.062277210013203756e+02 1.143145954371447885e+02 1.084470322431903497e+02 1.166290349797367583e+02 1.235689135003147925e+02 1.175461825928108084e+02 1.235689135003147925e+02 1.087494042169748383e+02 1.005168064569017332e+02 1.005168064569017332e+02 1.028090678686108106e+02 9.457615536254746758e+01 1.028090678686108106e+02 1.052881179625279060e+02 1.075836761021071339e+02 1.158154683952912762e+02
7.023121413760337362e+01 7.108590514724443210e+01 9.109503545529015867e+01 9.051104062944115469e+01 7.378025073092980790e+01 8.723782083133013998e+01 6.887842909889640453e+01 8.214162074204978126e+01 7.626917181789221445e+01 9.631896665408061153e+01 9.726742811061308203e+01 8.043154731030298876e+01 7.044979827367235714e+01 8.404330541455088621e+01 7.821082265751353191e+01 9.812416443102267749e+01 8.766796415682857457e+01 8.184738493696225703e+01 8.185650241085379264e+01 9.848540149437779689e+01 1.046377541552715513e+02 8.694435507363067472e+01 1.046377541552715513e+02 8.908268822227596218e+01 1.053832860074786311e+02 1.028556549151333428e+02 9.677063911262200691e+01 1.028556549151333428e+02 1.005168064569017332e+02 8.059118073548727068e+01 8.059118073548727068e+01 9.284114454529458271e+01 7.461552316355300718e+01 8.537393828368092841e+01 8.537393828368094262e+01 8.770348369897159557e+01 1.075836761021071339e+02
5.680075495515868766e+01 7.108590514724443210e+01 9.109503545529015867e+01 8.146902676443464486e+01 6.191768218119845102e+01 7.898088529422732051e+01 5.855223189277286622e+01 6.178318684077624567e+01 8.214162074204978126e+01 9.726742813492259643e+01 7.732960646685664585e+01 8.043154724986290205e+01 6.034612287319338009e+01 6.400106517255184713e+01 8.404330542688903449e+01 9.606618115957491000e+01 8.698124850003615904e+01 6.769870765800307311e+01 7.030609650343791373e+01 9.025487214520828161e+01 9.658603803747547545e+01 7.766164276098136554e+01 8.713071399582149468e+01 7.830372526120744681e+01 9.726702301003493289e+01 1.028556549151333428e+02 8.213891667651365935e+01 1.028556549151333428e+02 1.005334732405726612e+02 8.642726138990445861e+01 6.637954595325716411e+01 7.640340367158086110e+01 6.452855231434519112e+01 6.531521309743328629e+01 7.355723557289383052e+01 9.352625724255665318e+01 1.043087722470277328e+02
7.694644372882578409e+01 8.521103058624480298e+01 8.748406064656452941e+01 6.724139310557428928e+01 5.266959825251368699e+01 6.400197105006138543e+01 5.073196185098002786e+01 7.125958007705843045e+01 7.935031649665620535e+01 8.761043088665546463e+01 8.098826491888367229e+01 6.091273138701700418e+01 5.317469857278104683e+01 7.148026711774086550e+01 6.780753074495426347e+01 8.782206993640144788e+01 7.873744115851793879e+01 5.867536896793031787e+01 7.289897572092534972e+01 9.283274360074358356e+01 8.903533732142622625e+01 8.109882097115031740e+01 6.859494767116532898e+01 8.713071399582149468e+01 1.053832860074782474e+02 9.595007550226010551e+01 7.546847645394035453e+01 9.595007550226010551e+01 9.229197631443253158e+01 7.228970681560248579e+01 7.596019165784294103e+01 5.626501788552123884e+01 5.626501788552123884e+01 7.054203740922615395e+01 9.055399359760275502e+01 9.101912384377165210e+01 8.484530921590241803e+01
6.547658775556666910e+01 8.723590384942896492e+01 8.938074151388538269e+01 8.146902061837859321e+01 6.400197105006138543e+01 4.347643549695322918e+01 6.400197078913174664e+01 6.494735276581091910e+01 5.898144987842886877e+01 7.935031649339613580e+01 8.247734049194467332e+01 6.241536653395930045e+01 4.812439792826239682e+01 5.133197207043674837e+01 7.076414282321674420e+01 7.348795840133789170e+01 7.372192311082346805e+01 5.362771416746055309e+01 6.787017132693860333e+01 8.784930163057219943e+01 8.111776559016864496e+01 6.268068438142692855e+01 8.111776559058688463e+01 9.514817410069278480e+01 9.089540232365685313e+01 8.239855718970579801e+01 6.982667184961938744e+01 9.003754714026941031e+01 9.011366039491018398e+01 7.009763295232599489e+01 5.584093560403400858e+01 4.990119168902538860e+01 7.003508692355211451e+01 8.466800317229613881e+01 8.746669123029499815e+01 7.027693414990955034e+01 6.424251561584429737e+01
7.807698885576274961e+01 8.451438991843876636e+01 7.118946795091584079e+01 7.470997907934987836e+01 5.426890595674431239e+01 3.978857255887948696e+01 5.529070374878059368e+01 4.446250817944431333e+01 5.898144987842380971e+01 7.935031643644227017e+01 8.107934872322451270e+01 7.336080302805980580e+01 6.246967564644199911e+01 4.232234989964140226e+01 5.748263515720345396e+01 5.342492256961141095e+01 6.316777135576192848e+01 4.912682424025390304e+01 6.922872139564974248e+01 8.014282986044717916e+01 7.227964293814189034e+01 5.881612955312515822e+01 7.735431214818937917e+01 8.455569997398205828e+01 7.611972903505686361e+01 6.254314854535071788e+01 7.642053609037768069e+01 9.683012205093321256e+01 9.594421587458947442e+01 7.596019165784294103e+01 6.647588345998534010e+01 4.638965438444874678e+01 6.647588345998534010e+01 8.247143035526870847e+01 6.834608428558286164e+01 6.883431923033212740e+01 4.995945337161218447e+01
8.546563999067475947e+01 7.563014036456003453e+01 5.776828173226792273e+01 7.563014036456003453e+01 6.858828505879338877e+01 5.528917942276359554e+01 3.493771219516135318e+01 5.529070439866482900e+01 7.329592319292027014e+01 8.045681076113768881e+01 7.049813511233891461e+01 5.516078237074101054e+01 6.970245539551228831e+01 5.748263515720345396e+01 3.739452835424834376e+01 3.922569456708519908e+01 4.307656776565896450e+01 6.316777135576192848e+01 7.543830934851921199e+01 6.758969499675980330e+01 5.341000914668179433e+01 6.299548854053868752e+01 8.094169761751756198e+01 7.611972903505686361e+01 5.648163436487374867e+01 7.611972903505686361e+01 9.089433352948627487e+01 9.691954499581157734e+01 8.918411255521118619e+01 8.093938858695122462e+01 6.344777049195432994e+01 4.341997786813089988e+01 6.344777049195432994e+01 7.442542057183074178e+01 5.362034084367073916e+01 5.444100574490143885e+01 4.110096941762160583e+01
7.727817350759870862e+01 5.787815503925962446e+01 4.780682065382764989e+01 5.963198974707932365e+01 5.661031056142651607e+01 4.822491325807082063e+01 3.204318250748944763e+01 5.061379631168320259e+01 6.979358276442542319e+01 5.889966516067992330e+01 5.852924192507867218e+01 4.435205472893837708e+01 6.244139656186052889e+01 5.411775183196238714e+01 3.406011347577558723e+01 5.411773422031105696e+01 6.316762209985396481e+01 7.144310008393708245e+01 6.758914943197402181e+01 4.836993730344812548e+01 6.758969499675980330e+01 7.882678776516736718e+01 8.644571334095923021e+01 7.219211179968390013e+01 5.260867602788999875e+01 7.219211179968391434e+01 9.096241872970026066e+01 7.672470140670461092e+01 8.093938858695122462e+01 6.092288979205000743e+01 6.052641669115872958e+01 4.055174447215521383e+01 5.649317927771741665e+01 5.742757618281872567e+01 5.797861514741334332e+01 3.975442916298251106e+01 5.937867113797106100e+01
8.546563999052001748e+01 7.581580908381489792e+01 5.963198974707932365e+01 3.956299082824047275e+01 4.823398479356688995e+01 2.802400322385148712e+01 4.431593028862652517e+01 4.671320801168436532e+01 4.285640289115623602e+01 4.592180789167080235e+01 3.604492663981505274e+01 3.588489161217081147e+01 5.525280636187286376e+01 5.169679001173475541e+01 3.165007432333876025e+01 4.582182293678798146e+01 6.587988670332917707e+01 7.863939495903717614e+01 6.444640217947480210e+01 4.496408101210035113e+01 6.444640217947480210e+01 8.267149765048434062e+01 7.182907911439716031e+01 5.966267650411796097e+01 4.890859229888254589e+01 6.849119173690230866e+01 8.263953925204610584e+01 6.246411020032115147e+01 6.987944844523960342e+01 6.678443035994482102e+01 4.677178630809439142e+01 5.486573266762242440e+01 3.656821239014941938e+01 3.749441300874988059e+01 3.842789142294940774e+01 5.835022615917083044e+01 4.794610406996615382e+01
7.829104432713212702e+01 6.992209195840142399e+01 6.781219344952212680e+01 5.256059854361753736e+01 3.246206639766102597e+01 4.431538344905762727e+01 2.411802156365183691e+01 4.086297876504869464e+01 2.084073638204413115e+01 2.127017265000884905e+01 2.705368300833938022e+01 3.777522458221790203e+01 5.037728213522566278e+01 4.610747467182038406e+01 2.930508964949568096e+01 4.347232389915899375e+01 6.352175594325686347e+01 6.507593390286967860e+01 5.151665516447040716e+01 4.161758674765628996e+01 5.581922962695388435e+01 6.720356634996382184e+01 5.892965011937977948e+01 4.388914335641128872e+01 6.351720822992662363e+01 7.684692320700744972e+01 7.324714499676440482e+01 6.435222518065423003e+01 5.006568478702903491e+01 5.930027223436937334e+01 5.513512996847809688e+01 3.534066711655572135e+01 5.524034771440716440e+01 5.742757617779775359e+01 4.897953738001611868e+01 6.562261472470669332e+01 5.402348816000741039e+01
6.655206454713052722e+01 4.953653375420496729e+01 6.655202543361757250e+01 6.080439332687781473e+01 4.605876866998794128e+01 2.594428891243812174e+01 3.263934043873315716e+01 2.023199991949885757e+01 3.167168542132225184e+01 3.634374830912440757e+01 2.187465852923055820e+01 4.089757244902280320e+01 2.292669850767025963e+01 2.607028575337661280e+01 4.610748291706087088e+01 5.763313960457477236e+01 6.103961927071348015e+01 5.305236317433064386e+01 3.698093217382741926e+01 5.347538136855244773e+01 6.258932093033491384e+01 5.461914504318691144e+01 3.926917059577400693e+01 5.892965011925048202e+01 7.182907897523621443e+01 7.866302484272286222e+01 6.104158728922941179e+01 4.409632046517449311e+01 5.139631426880683307e+01 4.014554974817929889e+01 5.313274242067223696e+01 3.450412515025688265e+01 4.876780572115804802e+01 6.900747823846168671e+01 6.728978323603926981e+01 7.566486581002486389e+01 6.063327793647368225e+01
5.802655205238128389e+01 3.786687960748011506e+01 4.726383130819026945e+01 4.534379123205889783e+01 3.893542784664230538e+01 3.867999936260729754e+01 1.963018140510325438e+01 3.822156194119705219e+01 4.329888551078222036e+01 4.505424150315312204e+01 2.771009189845462117e+01 2.247448369626557607e+01 2.289597714009138585e+01 4.027463836811910625e+01 5.119174433440763039e+01 5.684052009304243569e+01 4.982891461155183777e+01 3.272344244482106035e+01 5.199330796286680823e+01 5.473550326549938916e+01 5.050290558610846858e+01 3.495956845337884289e+01 5.461914502750975942e+01 6.720025469700588872e+01 6.777793456725248689e+01 6.286239960221965362e+01 4.994052302214385008e+01 3.159023800605939414e+01 3.168858646354912523e+01 4.033694644729182954e+01 3.335703392659403477e+01 5.282796889515977767e+01 6.249278335589388433e+01 7.382640473187484531e+01 8.186018704840284954e+01 8.873912494608158852e+01 7.479094886401945530e+01
5.557708701109183380e+01 4.726192741118493501e+01 2.714335903702511033e+01 3.123831170810977653e+01 1.861969099592829480e+01 1.903555671772795677e+01 3.914567573716944082e+01 2.762473566405719794e+01 4.107479746672118637e+01 5.297338140852670563e+01 4.317234930309841445e+01 4.298245286758964312e+01 4.292093435957669101e+01 2.349792254288365001e+01 4.354642927993813828e+01 4.678109907090783537e+01 3.314775165872326568e+01 4.670538563667188470e+01 2.912706029347823034e+01 2.940893451828136662e+01 3.091462328196835330e+01 5.049356823989987220e+01 5.130606001592030196e+01 5.048905277173957273e+01 4.428134771125501601e+01 5.002201798306585800e+01 4.278116024821595431e+01 3.114124364748008134e+01 5.073725610293438848e+01 3.224927053937238952e+01 3.987783315481406277e+01 5.917521428939704009e+01 6.228523887956559690e+01 5.408142264172248304e+01 7.289584157901695960e+01 8.255066656368178712e+01 9.457828642826603982e+01
3.691246396666248586e+01 3.739144778008652281e+01 3.732613624632112703e+01 1.803679444315643821e+01 3.836485160674155992e+01 2.421793936198226405e+01 4.309331851292976978e+01 3.395429578281324012e+01 5.316755618289582230e+01 6.474170466602468821e+01 6.622982703886357569e+01 5.910409765072650856e+01 4.558376108043037789e+01 2.392173239961809017e+01 3.092197399505811717e+01 4.047285084600773075e+01 4.342941368808309477e+01 2.632132765828800558e+01 2.674526376550465656e+01 2.717434864062312982e+01 4.450402841617331973e+01 4.767376319529087425e+01 2.885096996392764268e+01 2.928630474754780977e+01 2.971677506919525413e+01 3.014423472838164386e+01 3.056401017342854587e+01 5.014211201744173252e+01 5.872808820284611642e+01 5.042364881887419159e+01 3.290899802644362637e+01 5.280830221049144058e+01 3.495508657498168503e+01 5.421706172412577729e+01 5.542565664137374881e+01 7.030526961900152116e+01 8.030231075698458199e+01
1.666250415656449491e+01 1.706099604833767813e+01 1.746225625476116505e+01 2.456191993851304645e+01 4.474106496355155116e+01 4.310084229010965373e+01 3.943502830226563560e+01 5.359278717588250629e+01 4.446489626198751921e+01 6.402779167602821531e+01 6.193009613190090334e+01 4.197331997322996244e+01 2.936803685437116584e+01 4.558509701164738459e+01 2.452276279316316376e+01 3.167505796361508885e+01 2.572192415077453020e+01 3.985831061961182087e+01 4.408231463990691879e+01 3.521986492028666760e+01 2.778817821841062496e+01 2.823014015220402229e+01 4.254265941278381291e+01 4.680800857771101420e+01 3.303788148133112657e+01 4.888855985828909922e+01 3.460728900566598298e+01 4.806626316712221580e+01 6.804507708573679281e+01 5.661287941367875476e+01 3.777549933599031817e+01 3.357919694570544067e+01 3.406298111381904192e+01 5.197086193282112987e+01 4.100709227736255258e+01 6.105860783390013324e+01 6.035131194708703362e+01
3.643871084374072211e+01 2.628569885075792456e+01 1.758840017182462745e+01 4.277898807231095191e+01 3.630408011549235425e+01 5.626618133333878546e+01 6.005751811664956108e+01 6.862531781783202689e+01 5.419310243648223491e+01 7.221573248309758242e+01 7.013416016344424975e+01 5.483510824724849186e+01 3.382680770977414397e+01 5.437301474698119108e+01 5.123111344592308569e+01 2.512240794953936174e+01 4.559317858589773209e+01 3.815977714300831281e+01 4.895352082998632426e+01 3.076145415629743241e+01 4.752860055382293325e+01 3.975477525489249331e+01 4.993409119395224849e+01 5.516812876009360878e+01 3.650153528661958546e+01 5.388296621905129058e+01 5.612653061537785248e+01 6.520712695965445960e+01 6.497101083740972172e+01 4.544396475805489644e+01 5.668095366882558039e+01 4.504579468555413513e+01 5.315508070948626340e+01 3.476838623022937469e+01 3.527775274958870000e+01 5.156017395216981214e+01 4.610642916752595966e+01
1.746887940410292117e+01 3.780297180741593621e+01 4.301902266992613022e+01 5.125346319054192890e+01 5.626612519660814371e+01 5.263149842756212138e+01 7.243866564086131632e+01 8.207263615877320717e+01 7.386248091557411044e+01 8.207263615877322138e+01 7.276697230886721002e+01 5.313217149408593798e+01 3.849179320076132882e+01 5.888307150548816793e+01 6.224945375205535925e+01 3.839849102905691325e+01 5.820864043995400294e+01 4.749191404561602781e+01 4.968659710960672271e+01 5.023940015907048462e+01 3.375949856086806733e+01 5.332804459902522609e+01 6.327203985242402950e+01 6.411971434719662000e+01 5.610105517569546407e+01 4.206757337862036650e+01 6.106483979798414197e+01 7.477496602100342216e+01 7.154060155891095008e+01 5.171074105147779676e+01 7.149365755341091244e+01 5.917157164838333472e+01 5.511241537283255099e+01 5.574762957757254611e+01 5.537856588613643538e+01 3.601557613055849316e+01 5.613898266776385526e+01
