MOVIE_S9_data/elevation_000156.asc
nrows	100
cellsize	150.0
xllcorner	0
ncols	100
yllcorner	0
NODATA_value	-9999
[rows 68 to 84 of 100, columns 0 to 36 of 100]
5.009162696260269221e-02 1.525905081939853325e+01 2.328749223738647700e+01 4.082863727657664299e+01 4.876474068916895277e+01 3.444186990577060925e+01 3.444186990577060925e+01 5.459805388487509248e+01 4.988889461368290057e+01 4.988889461368290057e+01 3.956338029279563528e+01 5.872304299418521367e+01 5.587432029007563727e+01 5.573445527625676021e+01 4.172639041841846108e+01 3.208937398642761707e+01 5.193057815130043764e+01 6.188595298071635398e+01 6.056103236302227799e+01 7.158689924164299612e+01 7.918054749177152019e+01 8.755186842579482231e+01 9.766546447231895911e+01 8.877466970458620210e+01 8.056657667725507110e+01 8.877466970458620210e+01 7.971878507665616098e+01 6.565423358587946723e+01 7.971874817343983466e+01 8.194262253709307231e+01 6.904397369803088225e+01 5.784120762218523737e+01 4.328059004062550486e+01 2.648304691384161202e+01 3.160623138762671758e+01 2.138103094164411289e+01 3.143703941167471783e+01
4.695337527364121244e-02 7.944038764651224938e+00 2.688766563574857571e+01 4.829741535325779722e+01 6.088642618079479263e+01 5.459805388487509248e+01 5.459805388487509248e+01 6.308761147256736734e+01 6.935998400329671654e+01 6.660837572682765995e+01 5.313486092634801139e+01 5.292891784598860028e+01 7.098327344930947902e+01 6.893650277191311204e+01 5.197313946183088262e+01 3.747557689034176320e+01 4.827373125639314111e+01 6.820168090111873482e+01 8.063500550209700179e+01 8.291380359133772515e+01 7.502174924599938777e+01 8.291447339541751660e+01 9.030902475607034319e+01 7.881601011714558069e+01 6.060732680135510009e+01 7.881601011714558069e+01 7.077073474836923594e+01 5.142288548562887485e+01 7.077073474788240048e+01 7.127655556225377609e+01 6.302167816459658667e+01 6.640243342161541307e+01 4.940164067592195352e+01 2.362072682815845326e+01 2.443778338190815091e+01 2.106718854886748105e+01 4.278704858990287363e+01
7.614146464036156137e-02 1.861486402586948330e+01 3.451305618724257585e+01 3.241648582228372533e+01 4.665146055219487664e+01 4.611522980171161379e+01 5.450806496046338623e+01 5.474042820119348818e+01 5.707437081491730169e+01 6.608188905562003868e+01 7.183783540602713913e+01 7.097491943800173431e+01 7.492951669209679721e+01 8.127675803295299772e+01 6.395880187417639462e+01 4.415171353778709573e+01 5.730672919740544557e+01 7.653352962246715663e+01 8.195110123893418574e+01 7.368623304907927718e+01 5.681702782394422968e+01 7.368623336076294095e+01 8.210247551619782769e+01 6.215700325883307897e+01 5.051218960225736510e+01 6.160924518519072279e+01 6.251484798841318735e+01 4.238980643893097522e+01 6.251484798841318735e+01 6.302169407377787280e+01 4.303437119829519730e+01 4.885779165266653479e+01 3.837521718144257221e+01 3.221170872448603006e+01 2.061589695146971479e+01 3.187613423170402172e+01 5.025811092754084797e+01
2.352828262072655108e-02 2.002352828262037221e+01 2.547038906471252773e+01 1.821973157583076386e+01 3.127943214940190586e+01 2.590120983180786496e+01 3.788496659836166458e+01 3.528421377639559608e+01 3.663571823424639717e+01 5.021569042770924085e+01 5.750722536287570819e+01 6.512010728597326192e+01 7.383147490321590567e+01 8.575903847219895226e+01 7.231491387427570317e+01 5.312501689581763742e+01 7.231491387427570317e+01 8.576151747005987147e+01 7.401489973470177119e+01 5.577392535710439603e+01 4.792375912025633511e+01 5.911998925504305191e+01 7.747155074561457866e+01 7.582354568365471437e+01 6.160924518519072279e+01 4.148441146490860376e+01 5.615075050229534526e+01 3.608731535003082769e+01 5.615075050229534526e+01 6.769921586794666268e+01 4.888809384488266119e+01 2.937687554348973151e+01 3.224059455015781595e+01 2.015765800801864671e+01 2.370817281786930053e+01 4.234891468344239485e+01 5.863862455627489823e+01
6.786455232800275850e-02 2.740477011281775788e+00 5.437277102533335515e+00 8.210783770816705740e+00 1.119224826102841952e+01 1.431592423751438226e+01 1.769737921062742814e+01 2.135171102363885964e+01 2.607713294819417982e+01 3.095279137331781172e+01 3.676294835211805179e+01 4.332085309032787279e+01 5.401160298295292250e+01 7.841593816917000481e+01 8.131958198290963935e+01 6.778369444861172610e+01 8.131958198275758321e+01 7.453575066114964898e+01 6.677515306263371997e+01 5.911599392963267974e+01 4.110860499605042406e+01 5.911843582024322075e+01 6.993453498210834596e+01 6.762099177760784130e+01 4.753925941266027166e+01 3.597088707541059449e+01 4.934214892394989960e+01 3.073405287888228088e+01 5.058615442962340580e+01 4.847967116781467212e+01 4.599932883719093013e+01 3.802975925580938821e+01 1.969615414627382677e+01 3.802166986952197192e+01 2.489845011415041753e+01 4.423694404470494135e+01 5.850398627695489751e+01
3.257643153035955086e-02 2.003257643153000345e+01 2.547038906471252773e+01 2.237786463270752435e+01 2.537512163543519250e+01 2.852088783922667048e+01 2.930503484741056397e+01 4.162185536140300002e+01 3.405422170591619135e+01 4.964441486066875342e+01 4.889535963228646409e+01 6.513700933010365191e+01 7.517625916693772581e+01 8.764490217231676183e+01 8.424759298035313293e+01 8.717199170447410950e+01 7.785151275992600972e+01 6.075311982133943900e+01 4.913080960686335885e+01 4.244474091449228581e+01 3.634384806706736981e+01 4.406434096210305995e+01 5.700981491033224557e+01 6.762385709211440599e+01 6.429955577608663475e+01 4.934214892394989960e+01 2.954862525284898211e+01 2.604863301726498648e+01 4.122440736828269081e+01 3.849862765692687816e+01 2.937724626143870665e+01 1.923276697232434529e+01 3.787548195934638073e+01 4.651205706804947937e+01 4.423694404470494135e+01 3.036357357294724935e+01 5.022555753512230581e+01
1.880098487986705744e-02 1.416093662675737441e+01 3.416095308619065207e+01 4.248256504861696214e+01 4.553369866868234084e+01 4.874591085428487247e+01 4.960537133289752632e+01 5.803615441818995890e+01 4.562937609533022254e+01 6.230371932287243908e+01 7.216667040585839743e+01 8.279115754644251979e+01 9.041347534738672209e+01 6.521042230536447448e+01 5.705851393889842171e+01 7.369272705378612898e+01 8.074817411376304221e+01 7.453574293230900594e+01 6.677515280527886432e+01 6.028843424834721532e+01 4.938222941882503392e+01 3.103804407015147504e+01 4.171797295468533662e+01 5.986007817080965054e+01 6.352635461295057695e+01 4.346685855607618976e+01 4.934214892394989960e+01 4.122440736828269081e+01 2.222516201104947342e+01 1.919857120905631831e+01 1.876885640323401816e+01 3.743838806320675872e+01 3.090827745463707998e+01 5.058492163910407413e+01 5.850398627695489751e+01 5.022555753512230581e+01 3.704080119582294373e+01
2.900726248362994752e-02 2.002900041686624988e+01 2.813341629992121185e+01 3.249788486033418167e+01 3.721209412013342899e+01 4.237633623668917693e+01 4.904364740166901981e+01 5.733534721473123597e+01 6.553186388475879198e+01 7.380731450908311331e+01 8.274794024089959521e+01 7.330477657042474959e+01 8.274794024089959521e+01 6.554645472631118253e+01 3.969270083365940849e+01 4.334307493543798984e+01 6.199372131383749718e+01 6.327171832791600536e+01 5.465110357141442421e+01 5.905915603534467095e+01 4.087010605126516083e+01 2.771255656249640253e+01 4.087050323631838467e+01 5.908657996476019036e+01 7.178026247987968134e+01 6.352635461295057695e+01 5.527019184660083795e+01 3.573967059250159650e+01 4.071735832576030845e+01 3.709809116058980294e+01 1.844048326440102414e+01 3.727548755705176120e+01 5.052808285199649418e+01 5.059501222500666984e+01 7.072399037801223187e+01 6.537637154152966446e+01 5.710883704434296959e+01
5.081304048347550645e-02 4.050813040483492777e+00 8.133295945122158699e+00 1.249765374984204414e+01 1.721169895775279457e+01 2.237567675271621326e+01 2.904234342442579120e+01 3.904234746718044136e+01 5.318505869705735734e+01 7.320764435330744391e+01 7.155771646539069764e+01 5.039539332460636700e+01 7.155771646539069764e+01 6.953293235203305755e+01 4.352549551284191409e+01 2.688361265675395728e+01 5.136468110942041676e+01 5.203984169538128413e+01 3.593480450106923030e+01 5.195068967656371228e+01 4.322295844157424227e+01 2.452030840462714423e+01 3.558100919435005949e+01 4.945021975458796248e+01 7.003778825800389995e+01 6.664229289629020059e+01 6.352551545449753689e+01 5.012618284500639021e+01 2.259868619132515022e+01 2.775653311957313818e+01 1.811384525714205651e+01 3.379421344192442689e+01 5.476570113877051682e+01 5.833207607249521232e+01 5.833207607249526916e+01 7.866601130543661213e+01 7.355736134699741058e+01
4.469920835086939326e-02 2.004469920835051511e+01 2.813342070204737766e+01 3.249788486033418167e+01 3.721209412013342899e+01 4.237633623668917693e+01 3.870575791197316562e+01 4.904364740166901981e+01 6.735155553779588899e+01 7.605735673677688169e+01 5.234639729863296509e+01 3.785360294743005483e+01 5.145811364013258782e+01 6.091074188573920623e+01 4.415034260926520915e+01 2.138482288399712061e+01 3.626735191261465019e+01 4.240233853313939960e+01 2.657223877424767977e+01 4.135243985739088401e+01 3.637102633279376107e+01 2.130018086859908877e+01 4.037849188075146856e+01 4.991875195458899128e+01 5.889265458920877450e+01 4.554081235973245612e+01 6.038403507450068020e+01 5.603051269072511076e+01 1.888026685761727919e+01 1.765011208653508490e+01 2.964530410353617285e+01 3.681909401000267934e+01 4.600299637479244552e+01 3.971214002578906133e+01 5.833207607249531179e+01 7.471768715777749037e+01 8.283198798856506073e+01
2.324776005098762310e-02 6.689914426717625595e+00 1.376098223858303804e+01 2.270525414858203916e+01 3.425225953237414700e+01 5.425225953237343646e+01 5.870853684259542860e+01 6.700089660905662470e+01 7.735328135855237974e+01 8.479930966834038486e+01 6.556307962042517090e+01 4.113196320954863694e+01 2.733836813320239401e+01 4.293725153064561084e+01 3.770066400483332103e+01 3.567754674930415604e+01 1.466287207550746530e+01 2.953407160438710122e+01 2.005552421366771298e+01 3.057791369201819620e+01 1.634044193874554551e+01 3.538471212546343025e+01 3.510062381266104836e+01 2.614934830786913622e+01 3.841573208556571473e+01 2.984447215261420894e+01 5.172129290140304647e+01 5.801711078669519850e+01 4.100011891318786184e+01 1.731902279220305729e+01 2.411352113514362117e+01 3.463502324580519343e+01 2.823405210234252749e+01 4.111831054769920968e+01 6.043181107292214449e+01 5.467117080859118516e+01 7.133539718172117716e+01
8.699724428260374731e-02 2.008699724428224798e+01 3.376098223858232927e+01 4.204525348604393287e+01 5.098952539604293577e+01 6.253653077983504005e+01 6.166973326843913839e+01 6.995624156959621587e+01 8.451851900776260607e+01 7.667576487141329267e+01 7.468957450382308139e+01 6.004183047379834903e+01 3.585974842121074602e+01 1.968590964097707285e+01 1.554332673055156988e+01 2.320015917136269223e+01 1.168509629720808007e+01 1.197494979391763259e+01 2.462772154709626804e+01 1.605969451110273383e+01 3.000542311134704221e+01 1.087280878126056471e+01 1.129618744459315849e+01 1.174811949674652389e+01 1.290214218106576816e+01 3.841448107549394564e+01 5.484834690991436190e+01 5.586916114738117756e+01 3.686246905865277768e+01 2.997331180954658336e+01 1.684664189460280070e+01 1.655781599946898197e+01 3.921049073036596866e+01 5.471273644513814105e+01 5.469334511538837518e+01 4.316329545517849198e+01 5.463321588916379312e+01
2.249585233037712170e-02 1.156950123612279313e+01 2.571163685985349190e+01 4.571163685985278136e+01 5.223888607386291483e+01 4.752346247657477818e+01 4.166388525758217298e+01 6.166973326843913839e+01 7.667576487141329267e+01 5.904109573159114888e+01 6.420617073866390001e+01 5.903874701024186322e+01 4.928541472526179490e+01 3.989673794274413865e+01 3.125862928369421923e+01 1.114845527603891640e+01 1.971616372788487226e+01 9.325154568498515317e+00 9.648348696065022878e+00 9.978960355957113393e+00 1.032530525300565927e+01 1.437183937923624555e+01 1.747572089373228366e+01 2.127980135358126645e+01 1.239242211814289263e+01 2.473682825809396491e+01 4.598592315532467012e+01 4.547468336387840537e+01 3.683313777760313457e+01 3.468281168703762063e+01 1.651130389891558892e+01 1.999837372065400842e+01 3.924465903397677380e+01 4.736274586294889133e+01 3.516478743597740930e+01 5.469355557045196292e+01 5.948367466824299044e+01
2.739267172789772165e-03 1.414487489090386596e+01 3.414487489090456762e+01 4.637329406473262594e+01 3.222113199720703136e+01 2.749975536701947476e+01 3.906773073567536869e+01 5.907420684222985585e+01 7.429845562837091677e+01 5.681810543493875798e+01 4.706776509870852010e+01 4.172497292135584246e+01 3.681294807447057593e+01 4.615141828071838148e+01 3.816475638351776212e+01 1.137691960084379872e+01 8.873949073136717658e+00 2.793378017099584554e+01 3.135733896645812635e+01 3.108891828930295276e+01 2.472283544719931569e+01 2.546474099233210353e+01 3.156787774121077916e+01 3.175229487929565764e+01 1.283247161699389238e+01 2.861949510630961768e+01 4.558151151504813470e+01 3.773560788479314709e+01 2.029130330664402138e+01 1.604299440265128851e+01 2.594709945936533657e+01 3.392287319398698742e+01 2.482138196853741974e+01 2.844844321183487779e+01 4.152710933828635831e+01 6.145121586178915862e+01 7.942616943817901642e+01
8.327778614586213435e-02 2.008327778614550851e+01 2.705357136400751727e+01 3.075863058321604626e+01 1.802230813980935764e+01 3.222113199720703136e+01 5.223888607386291483e+01 6.736056438213466890e+01 8.210185484136856360e+01 7.177980736967685971e+01 6.420617073866390001e+01 5.903874701024186322e+01 4.801098884514431120e+01 2.993292108261957907e+01 4.177857000527496467e+01 3.281936646802638080e+01 1.876462143651410486e+01 8.426243341294807010e+00 2.771925895180495658e+01 3.492123440227191367e+01 4.280021890538056084e+01 4.296041230658347132e+01 3.699790098372584879e+01 1.679903641450493978e+01 1.324811956633542742e+01 3.259882632650165135e+01 3.384724465893491896e+01 2.079114102492978233e+01 3.439213630823225287e+01 1.571879848215137976e+01 3.474087571471005731e+01 4.642720362376895338e+01 3.517784295344019085e+01 4.736274584600590032e+01 4.152710934353927996e+01 6.145122474611530095e+01 6.953532544900328105e+01
6.510866554257997707e-02 3.496848823059169664e+00 6.986557897545600859e+00 1.065880034858848369e+01 1.709317338468369485e+01 3.736120829229156470e+01 5.715720780180240723e+01 6.880551044232721836e+01 7.667032210534550529e+01 6.854599446760893500e+01 7.149964036452699645e+01 5.303883481151633106e+01 4.048666194346908753e+01 2.991797401101804255e+01 2.342009116592590345e+01 3.749124397228127492e+01 3.011111955156025033e+01 1.038449761677008532e+01 7.977850054363754495e+00 2.739718253859923180e+01 2.933336429279680502e+01 3.706728374516929847e+01 4.186858900546427265e+01 3.187463872487170136e+01 1.653503132575018952e+01 1.378440890034024591e+01 1.414050830372794998e+01 1.604475235604738614e+01 2.239961593613567459e+01 1.539772168353921700e+01 2.276377660958285887e+01 4.325875395546616176e+01 5.471808950414659733e+01 6.306842722072585161e+01 6.145122404681089279e+01 6.978791766152679088e+01 6.119060929745161559e+01
8.953482861371392376e-02 2.008953482861335971e+01 2.705357136400751727e+01 2.228589763376696808e+01 3.736060081647359965e+01 2.828347869726905017e+01 4.027311260352465894e+01 6.050617392874770673e+01 6.528886836381978753e+01 4.879156790751684980e+01 6.528886836381978753e+01 6.084128930905825428e+01 4.279002858154200339e+01 4.807712043965716475e+01 3.755072844504437768e+01 1.788283694359005338e+01 1.445962594464338480e+01 2.987545822391514960e+01 2.727740060701963287e+01 7.531325107055016232e+00 7.855777319910703049e+00 2.433373243832174282e+01 4.569430394747313073e+01 4.071011381696533959e+01 2.634664273775808496e+01 2.140001832364096046e+01 3.264623954845114895e+01 1.461559332724324101e+01 1.494289922339849674e+01 3.517744348006004884e+01 3.568440933104616875e+01 3.581542662017827183e+01 5.018922818988870915e+01 7.025874787417302514e+01 6.402699751728781052e+01 7.017728291690279718e+01 5.758799196287756672e+01
