MOVIE_S9_data/elevation_000919.asc
nrows	100
cellsize	150.0
xllcorner	0
ncols	100
yllcorner	0
NODATA_value	-9999
[rows 34 to 50 of 100, columns 37 to 73 of 100]
1.169923696439766587e+02 1.120188845573023997e+02 1.026781110398101049e+02 9.429896932573522861e+01 1.026781110398101049e+02 9.941646074392610899e+01 8.507978323501099283e+01 7.204708648942579430e+01 9.220760176778088635e+01 9.108659601862485999e+01 7.098689807246189787e+01 8.160840795539101578e+01 7.557138801071356227e+01 5.565404877037112641e+01 5.514121054697780266e+01 5.801237998033237631e+01 6.228832577843053997e+01 8.247938554497643793e+01 9.397735656874311871e+01 9.941548827186379356e+01 9.569546616989092058e+01 1.149899921012711701e+02 1.251122631458300845e+02 1.276396076044440946e+02 1.080622162823188432e+02 9.673772861005406298e+01 8.923726583307902160e+01 1.015680644387546891e+02 9.777356325676026927e+01 7.795349782435270924e+01 8.046519162339606623e+01 9.836386002435114051e+01 1.065433285255402609e+02 1.101175044175967912e+02 1.112594487490812156e+02 9.142488351590530726e+01 8.553472461596784626e+01
1.021938508014710152e+02 1.122515919678920966e+02 1.063406480045090490e+02 1.063479771515726782e+02 1.147015083685842143e+02 1.135166843698693526e+02 1.005293161588307811e+02 8.219092117109049411e+01 1.005293161588307811e+02 9.868685517488712833e+01 7.859862759423539558e+01 9.192154231846173218e+01 7.183900036955307655e+01 6.037902721391328953e+01 7.529430454859856070e+01 7.817463332418854804e+01 6.380118096975687081e+01 7.806469398745895205e+01 9.835561225680868347e+01 1.161749147642493654e+02 1.159683141557948147e+02 1.243620320425120269e+02 1.337339102696742543e+02 1.358097132633280353e+02 1.244818450553239728e+02 1.056059994658955361e+02 1.034409107479571048e+02 1.084425270118833566e+02 8.824432812999505416e+01 8.716296078597159180e+01 1.008083258180577673e+02 1.008083258180577673e+02 1.173503316904039906e+02 1.092109489079329165e+02 1.030980313496654617e+02 8.287954125799508631e+01 7.102077362437610475e+01
9.213102603257881640e+01 9.209129773010344877e+01 8.618902359143982039e+01 8.619533263680828838e+01 1.030639108788242737e+02 1.187625234867469572e+02 1.105589174153127630e+02 1.022242823644712075e+02 1.105589174153127630e+02 1.070492035907370081e+02 8.866572800335644899e+01 1.003616385495754031e+02 8.583027610073975211e+01 6.570370154309816257e+01 8.583027610073975211e+01 8.028486020288853808e+01 8.400776635204945819e+01 7.068675500459785610e+01 9.096216547255606599e+01 9.591061248136084316e+01 1.161748166420611170e+02 1.278156402803322180e+02 1.135441996154084450e+02 1.278158225508485373e+02 1.335431467319647538e+02 1.253639078017002504e+02 1.232117095182801449e+02 1.166536272423718401e+02 9.740581928585881144e+01 9.896260712063873655e+01 1.156029393447228983e+02 1.207824532068383832e+02 1.092109495621191826e+02 8.912630289770888226e+01 8.339526201917816195e+01 7.805817660832933313e+01 9.142488385585826904e+01
8.378742611130454065e+01 9.144330728808388642e+01 7.198685776052961671e+01 7.459936158824793040e+01 9.471284241610183585e+01 9.858612443041002393e+01 1.013337523626709356e+02 1.089572644723922110e+02 1.173162702754338369e+02 1.171034602458566098e+02 1.028265001477727765e+02 1.002712582502259124e+02 7.984862544043488697e+01 7.322286270214279114e+01 9.361960545482823193e+01 9.463624022192101393e+01 9.936213711127855674e+01 8.237539827911722057e+01 7.930306327159149760e+01 9.105415377788797571e+01 1.113431056433675082e+02 1.188028931603174669e+02 9.931585982368318355e+01 1.188028931603174243e+02 1.285456235385839818e+02 1.319412282033986514e+02 1.235943546607612973e+02 1.255552629162170177e+02 1.090258418778587099e+02 1.188987574188929699e+02 1.270830704094195482e+02 1.197689912369686596e+02 1.000167039256847517e+02 1.034427040929502368e+02 1.036269533261255162e+02 9.840315468104873275e+01 9.706019372031312287e+01
7.256891104568590833e+01 7.522358132052686130e+01 6.301849967338446135e+01 8.258462714923035719e+01 7.846265699686776429e+01 9.184189930883128739e+01 8.119849138148218515e+01 8.878734731318057527e+01 1.030398424639713113e+02 1.232431849394070866e+02 1.229182141440454217e+02 1.087536327327370742e+02 1.002712582502259124e+02 8.335342516888985642e+01 1.021294778723084846e+02 1.149049199756358917e+02 1.110812536641466721e+02 1.026919076207993555e+02 9.105415377788797571e+01 1.080203513326927833e+02 1.197253036074925490e+02 1.104499381119813108e+02 9.034406705445699970e+01 1.000521563634301714e+02 1.201924783568719448e+02 1.203276747460566583e+02 1.034939481323750385e+02 1.203276747460566583e+02 1.287716725964249918e+02 1.369588765814093279e+02 1.356963477947922172e+02 1.161893995357726652e+02 1.140563924965966578e+02 1.231250365881573146e+02 1.146385871758642025e+02 9.459302608786244093e+01 8.015683638277660350e+01
5.257944592920643601e+01 5.518126026524348049e+01 5.832560801969639641e+01 6.250229993490265201e+01 6.688144158320397992e+01 7.174594314456987831e+01 9.184189930883128739e+01 1.089572644723922110e+02 1.173162702754338369e+02 1.209669491384008211e+02 1.125836899656710699e+02 1.209669491383998832e+02 1.123984420816563699e+02 1.039407567681983409e+02 1.123984420816569241e+02 1.292084215485839138e+02 1.208774839537985457e+02 1.186753251056276213e+02 1.113431056395032925e+02 1.197252982127948115e+02 1.184867813802335377e+02 1.037479743104432544e+02 8.366551791838767826e+01 1.037479743104432544e+02 1.172151376423388456e+02 1.088822298936861586e+02 9.195551099647501303e+01 1.095901271536204575e+02 1.162752246127710976e+02 1.246193585920785125e+02 1.346848293175669085e+02 1.356963477947922172e+02 1.335604245923702535e+02 1.269636706853494275e+02 1.154837055068677500e+02 1.064962235773522252e+02 9.246641328592708931e+01
6.668501353744896676e+01 6.933654045424557921e+01 7.250776778441229453e+01 6.590170612144736140e+01 8.598974745361452676e+01 9.183981078015141009e+01 8.593951866367459047e+01 1.060918082026310714e+02 1.209669491383994000e+02 1.108967945859143214e+02 9.248425085176435800e+01 1.081055858264818710e+02 1.083081299616031146e+02 1.168629168147973729e+02 1.207266281809887403e+02 1.123938010486862424e+02 1.007535295846440420e+02 9.855250706883875011e+01 1.127799820134415398e+02 1.184867813867182775e+02 9.835363662900937243e+01 9.856270334508938902e+01 7.849410723375893895e+01 9.856270334508938902e+01 1.056378000313451793e+02 8.885656791547201294e+01 8.380651366215494136e+01 8.956921262093999303e+01 9.621993223531912065e+01 1.062153788942568866e+02 1.204240631418998362e+02 1.406055040551850368e+02 1.352264193238881376e+02 1.187724040048799878e+02 9.884361373315063304e+01 8.706279217999336595e+01 7.784976951467675121e+01
8.677389620971668194e+01 8.943615522221175240e+01 9.261546061373172734e+01 8.598974745361452676e+01 7.445450289955776668e+01 9.456480099223375646e+01 1.060916625501512698e+02 1.144498636782224992e+02 1.125836899656710699e+02 9.248425085176435800e+01 8.247680703705692906e+01 8.809551792587525654e+01 8.810523643677731798e+01 1.082968468488546705e+02 1.090847020727847081e+02 9.220984959270352022e+01 1.044463440166382782e+02 8.417885173918529063e+01 1.044463440166382782e+02 1.211950277444943964e+02 1.020481375332372522e+02 8.196379656141536429e+01 7.376690481886569728e+01 9.383248761266916915e+01 9.732040855986382155e+01 7.731943147176714604e+01 9.732040855986382155e+01 1.095901271536204575e+02 1.162752246127710976e+02 1.246193585920785125e+02 1.237900986489083408e+02 1.321440910820270176e+02 1.270333237625185774e+02 1.072651483727852337e+02 9.562765197806471917e+01 8.537796287355698155e+01 9.234702700099450112e+01
8.328118796697641812e+01 9.162441268807202732e+01 1.016863290843872676e+02 1.029173503720134732e+02 8.865988425510887794e+01 8.604670046061991684e+01 1.002872187446948971e+02 1.204774804109110562e+02 1.209669491383994000e+02 1.108967945859143214e+02 9.398197568134473556e+01 7.394157851693820760e+01 9.392018405569805850e+01 9.449801524288858445e+01 1.007405912422643013e+02 8.030124267680021433e+01 8.893992784593298495e+01 7.716857659478051801e+01 9.769050756350617348e+01 1.010145789243960763e+02 1.035506768954718808e+02 8.346178467641726684e+01 6.927163095569812867e+01 8.934568498085263855e+01 9.339789423435891536e+01 7.338626146246200221e+01 8.753187376726353364e+01 1.075597204031787726e+02 1.179205051757747640e+02 1.095820752541471705e+02 1.036969192695228656e+02 1.237900986489083408e+02 1.270333237625185774e+02 1.072651483727852337e+02 9.562765197806471917e+01 9.978869928446572146e+01 1.124366234954618875e+02
6.320222560377865051e+01 7.322693190527429863e+01 8.743191376871564557e+01 1.075878268485556077e+02 1.088206274029121516e+02 1.002872187446948971e+02 1.145563771367011014e+02 1.226747441383930095e+02 1.110962025618992328e+02 1.027737941638278443e+02 8.949850862701228493e+01 6.946590271421179352e+01 8.339742311377213468e+01 7.442723640282730457e+01 8.859926341732321475e+01 8.893992751193937352e+01 6.809312895010056366e+01 8.893992018253061360e+01 8.058151852650551916e+01 9.761367448866630525e+01 9.982025958630995888e+01 7.973526773157783509e+01 6.553878481038481141e+01 8.561802564575224039e+01 8.482525584917466688e+01 6.971944551817465197e+01 8.387949252521600840e+01 1.039032245708535100e+02 1.080277961625539689e+02 8.965080301415044062e+01 1.020487661757738351e+02 1.220983520463383485e+02 1.352264193238881376e+02 1.238112782589035703e+02 1.072651483727852337e+02 1.197113452171368095e+02 1.118869106233590145e+02
8.328118796703415683e+01 7.106457323724444564e+01 9.116536854492713360e+01 1.006568529761264159e+02 1.208371339934215030e+02 1.204774804109110562e+02 1.145652390364211186e+02 1.143580891602404535e+02 9.428817655605730863e+01 8.273109787186083963e+01 7.565456834639738304e+01 6.898226915909799573e+01 6.345692882365774778e+01 6.035048718378939014e+01 7.604116315193157050e+01 8.407690717376873124e+01 6.367282644209041109e+01 7.820024041683097948e+01 6.860606769975831298e+01 8.921756109672294599e+01 9.866211019644410385e+01 8.212267757411497371e+01 6.206038984302733752e+01 8.011061912789918438e+01 6.478279076191682861e+01 8.482525584415871833e+01 8.863497715496262686e+01 9.041728252409964739e+01 8.809579655007334509e+01 8.217119453973533894e+01 9.618895950981857368e+01 1.161966975940616180e+02 1.351418806046224859e+02 1.352264193238881376e+02 1.270333237625185774e+02 1.177728690159279665e+02 9.785405241098035845e+01
9.951519562926239360e+01 9.116536854492713360e+01 8.052237396164379390e+01 9.474657553047168790e+01 1.149255249428139649e+02 1.086941767105373913e+02 9.445981366210634178e+01 1.087014637598670674e+02 1.110962025618992328e+02 1.027737941638278443e+02 8.901042990841649782e+01 8.900878160546552920e+01 7.498721650419315665e+01 7.604118267662960307e+01 5.621360845772120030e+01 7.201889437884793210e+01 7.327764417489059667e+01 5.814615017350474346e+01 7.820025401368405937e+01 9.761358098486110180e+01 9.032238218911777494e+01 7.024724777292203726e+01 5.871666699101193387e+01 6.009146133258907696e+01 7.967227779468497317e+01 8.240909625515992332e+01 6.704401896924962045e+01 7.049091033496344494e+01 7.404151154525668233e+01 9.393377300619610537e+01 1.067079263923944836e+02 1.067077416206093119e+02 1.221218323634570169e+02 1.321890221647203703e+02 1.342731277511076371e+02 1.244451049417282604e+02 1.118869106233590145e+02
1.035469674572980381e+02 1.090116064630715726e+02 9.474657553047168790e+01 1.090116064630715726e+02 1.129029176355103061e+02 9.962441325347364796e+01 8.026742984714769591e+01 9.969046339127636713e+01 1.149821267415721735e+02 1.066679695344808181e+02 1.090769349732842954e+02 1.032854215743912079e+02 9.501027942274423310e+01 8.434119607077458625e+01 7.201889437884793210e+01 5.230465103071957600e+01 5.388639836011091688e+01 7.101952339393818647e+01 8.540379944797010126e+01 9.250105039583655753e+01 8.970471645613807254e+01 6.964980279509543948e+01 5.558181196341595864e+01 5.703067861427219043e+01 5.963109604616425230e+01 6.232519998495408942e+01 6.836123115863946964e+01 8.778001159585151925e+01 9.393377300619610537e+01 8.131825225315547812e+01 8.681214106789867913e+01 9.379160506807032505e+01 1.037147094608590976e+02 1.238294853444833876e+02 1.261437079394783325e+02 1.064752814544345370e+02 9.638127876780870906e+01
8.928996818203555108e+01 1.094516961974954228e+02 1.149255249428139649e+02 1.039970948813044203e+02 9.569634375460789499e+01 8.466784800880795103e+01 7.130103152076239326e+01 9.136262152067126863e+01 1.033800413613263061e+02 8.656293760776539159e+01 1.033800413613263061e+02 1.008003187291010079e+02 9.131588341558069999e+01 8.389984761409816372e+01 6.348852189762072840e+01 4.960675272557986659e+01 6.637903857727434342e+01 7.465089862211799243e+01 8.114904569040784565e+01 7.281171527410870681e+01 7.922900315707011032e+01 7.095189816628837320e+01 5.345081754026172405e+01 7.329870125626901256e+01 7.967227779468497317e+01 7.651742440894460628e+01 7.850681828633373982e+01 7.768850403438071339e+01 9.677967612676206954e+01 1.011898386678493864e+02 1.067079265920501285e+02 1.137720974026710934e+02 1.221218323634570169e+02 1.321890221647203703e+02 1.342731277511076371e+02 1.244451049417282604e+02 1.130800320006654829e+02
9.195848344228377869e+01 1.121256996392661449e+02 1.058766079743870279e+02 9.569634375460789499e+01 7.564496357899119516e+01 8.151787686027978452e+01 6.464477201589868116e+01 8.467364702310446489e+01 9.506032393952568782e+01 7.497685421155765084e+01 9.506032393952568782e+01 8.788842453228470220e+01 6.901000616115192088e+01 8.470005730171389757e+01 7.498584015672832948e+01 6.637892264699908651e+01 4.668299113429601022e+01 6.441681456207427914e+01 6.021325111898596560e+01 5.890163442826521845e+01 6.879667858274069658e+01 5.125786163077264490e+01 5.286284483353483665e+01 8.057119420005298593e+01 9.686171808995662502e+01 9.663286207067909572e+01 9.232834618204879007e+01 9.677967611695045491e+01 8.876192869778019201e+01 1.020953265957070926e+02 1.213405526306660249e+02 1.255565779524150969e+02 1.283549045839154417e+02 1.200412762639817146e+02 1.283549045839154417e+02 1.327282522037073704e+02 1.130800320006654971e+02
1.062173927561125168e+02 1.117581627117878753e+02 9.170157945623107310e+01 7.751420446298688205e+01 6.856123150126474286e+01 6.153275778847380906e+01 5.915688327534866175e+01 7.911732372864757679e+01 8.795879231368688522e+01 6.791124212284169914e+01 8.795974512232511699e+01 7.842874307418048829e+01 5.704853874340972908e+01 7.801743143852429796e+01 7.952589490453689791e+01 6.437158560888963166e+01 4.458978458428369862e+01 4.463339446835097135e+01 4.614467897930928331e+01 4.765675710282771860e+01 4.915176699326780607e+01 6.879667858274834202e+01 5.676902504047976805e+01 6.841330998184126599e+01 8.852633040516811036e+01 9.842333577061975802e+01 1.118534115703240985e+02 1.158198256923970177e+02 1.077321227958787802e+02 1.158198256923970177e+02 1.196431371533451795e+02 1.054124917440441891e+02 1.184091420317332393e+02 1.002240400050380487e+02 1.184091420317332393e+02 1.298751650102280450e+02 1.300380215230688350e+02
1.193778202198779042e+02 1.106502602369003796e+02 1.058766079743870279e+02 9.690762847310872985e+01 8.860410150858979250e+01 7.396421186227796341e+01 5.411379418499022620e+01 7.395436853295493052e+01 7.407605182441925251e+01 6.193049189838851021e+01 8.191478197362476976e+01 7.044599610257164102e+01 5.014590728124784391e+01 6.130490983502913593e+01 6.011525605192222343e+01 6.072824103770478388e+01 4.252413739859640884e+01 5.655977064656544684e+01 6.586268141983286739e+01 6.731994963116967767e+01 5.644133465288539497e+01 7.624507887114280891e+01 7.104808620793818363e+01 6.394680498281302761e+01 7.000956221667492230e+01 9.008785799948796580e+01 1.091709663656959037e+02 1.207943785487982211e+02 1.184390220423603353e+02 1.101250279202506164e+02 1.095861952444108880e+02 9.119780986611824858e+01 1.011018738186594561e+02 9.100199765164131804e+01 1.014756402919669682e+02 1.215502472779981389e+02 1.333186713571571715e+02
