MOVIE_S9_data/elevation_000404.asc
nrows	100
cellsize	150.0
xllcorner	0
ncols	100
yllcorner	0
NODATA_value	-9999
[rows 17 to 33 of 100, columns 37 to 73 of 100]
9.454712645132003956e+01 8.080537712870706457e+01 6.060054244978003624e+01 7.165089527509603329e+01 9.125168934160508627e+01 9.109574580024614932e+01 7.120466519561497876e+01 5.701793196620945281e+01 6.808067815134890566e+01 7.634006132352185148e+01 7.328134338399424053e+01 5.151783614775516185e+01 4.044504379797363214e+01 3.516678005278294705e+01 5.501201470430013529e+01 4.329297044784154735e+01 4.917448862604950222e+01 5.623539859727875267e+01 6.713448475925652303e+01 8.802608913323952322e+01 9.586826283189793685e+01 7.613890797537625588e+01 6.204091646058702025e+01 5.635549755968540353e+01 7.641131218528070690e+01 8.770913229457690363e+01 1.007551675204798869e+02 1.089716826759326409e+02 1.081661750371418123e+02 1.125654311893073611e+02 1.147372819977491929e+02 1.229854829724953760e+02 1.239572071625448331e+02 1.156494681194740224e+02 1.133832423989204017e+02 9.352389466076442659e+01 7.944106856460605570e+01
8.660329660347187541e+01 6.675262179379687666e+01 5.457337088107245648e+01 7.524771307405357845e+01 9.027688773154767432e+01 9.214417319882728918e+01 7.225619505051191993e+01 5.808010731663409842e+01 4.794732961963799767e+01 6.136956197411186054e+01 6.959867188741237953e+01 6.204733478530675939e+01 5.383525039398907097e+01 3.469477175551423898e+01 5.159266835902467818e+01 6.271769094584080761e+01 7.046538454564149845e+01 7.758028694601497932e+01 8.584322542611258200e+01 9.607537550934389969e+01 9.122437257424142842e+01 7.148152429651403850e+01 8.191750485858469233e+01 7.641131218528070690e+01 5.956660622541598826e+01 7.950523958271504910e+01 9.088102782371377941e+01 9.990504646594773419e+01 8.849567665668025995e+01 9.289135957595428295e+01 9.503907304564435776e+01 1.123067551959455983e+02 1.237132887163255646e+02 1.270575948820068817e+02 1.070864144015934443e+02 9.311539526434425795e+01 8.318099577343888029e+01
8.479269714291781668e+01 6.467722959482163958e+01 4.996689375609397388e+01 6.200539669589227998e+01 8.226689531464504057e+01 9.632148632601854388e+01 8.632676178303428571e+01 7.634006132352185148e+01 6.136956197411186054e+01 4.105187350167073390e+01 5.524175459856322590e+01 5.305708570611791686e+01 3.403725736029612392e+01 3.723109508330163209e+01 3.970069309819267289e+01 5.985975346630755212e+01 7.027260923773134493e+01 7.689017868478687490e+01 8.431953015423492559e+01 9.229767594542830977e+01 9.940784409805553423e+01 8.034050340412758828e+01 9.940784409805553423e+01 8.770913229457690363e+01 7.950523958271504910e+01 6.283550549953357489e+01 8.268195429726277723e+01 8.314448992562304852e+01 7.451455861893717270e+01 7.899098967915044511e+01 8.448579332682550103e+01 9.577310185744242688e+01 1.154543367501005378e+02 1.327970794728511521e+02 1.212399865700761836e+02 1.071530984396179917e+02 8.735839044334250048e+01
7.855605040409621154e+01 6.662007956434605660e+01 4.625898414650632162e+01 5.638179431804648800e+01 6.844799418631505716e+01 8.834714473872350027e+01 8.302655194506228042e+01 6.308331493392251588e+01 5.143385471630507766e+01 4.225700465365411418e+01 3.538107631250279894e+01 3.338563974058202888e+01 5.314355905561986759e+01 5.954175408069262687e+01 5.985812959728892935e+01 4.553031921625395029e+01 5.023894599529344873e+01 5.703747036902680634e+01 6.466331381629025543e+01 7.611962963432345930e+01 9.552080260984484994e+01 9.169974818146420148e+01 1.082260181174404323e+02 9.663920720723847069e+01 7.690067196756002943e+01 8.268194167337760803e+01 6.623872414929344643e+01 6.871696178138883226e+01 8.849750827575461187e+01 9.865376173795563375e+01 1.040913704868401481e+02 9.493617664142168167e+01 1.046951776063275901e+02 1.245139579153103000e+02 1.257969969524280174e+02 1.058469949913525738e+02 9.191338147499553202e+01
5.843568133615378457e+01 5.843568133615458038e+01 4.301870088158292305e+01 5.713860800062515466e+01 7.745042559533150950e+01 8.501183114529568741e+01 9.126999585198919362e+01 7.976221283109670424e+01 7.080271478296769772e+01 6.239145433156491549e+01 5.265952865027471574e+01 3.293154703753482693e+01 5.265807035221524757e+01 6.993951577315588963e+01 7.370891297476215698e+01 5.728607193947193821e+01 7.027260897399327177e+01 6.107828883419858812e+01 7.513817391794106015e+01 9.229767594542830977e+01 1.034588769071136767e+02 1.114084074072568171e+02 1.196274578435638176e+02 1.048614536026940840e+02 9.663920696141823896e+01 8.240471859603700011e+01 8.602495969373967455e+01 8.849750827575461187e+01 7.334096819760944186e+01 9.308386087684564814e+01 1.067846642220853113e+02 1.146045677608189379e+02 1.228615567858126809e+02 1.327970794728635724e+02 1.257969969550847651e+02 1.058469949913527017e+02 1.116902152818449139e+02
5.419911409283467663e+01 3.874106031193748123e+01 5.819840436206384027e+01 7.109396891045956579e+01 7.905086792069117507e+01 6.481056655814447254e+01 7.224696380760615000e+01 7.712034620847974509e+01 7.516327806044083104e+01 6.708093930586188947e+01 5.219082213596693975e+01 3.247771572697103437e+01 4.218413394335802735e+01 5.631966692319085865e+01 7.613494051825624354e+01 7.713672049684750220e+01 8.515376753934459941e+01 7.259639787307675363e+01 8.883185456382135214e+01 1.025256273343567130e+02 1.110505539470523075e+02 1.088946332470928837e+02 1.073760769929895531e+02 1.157576515343450154e+02 1.103629967951132329e+02 1.021331791721951703e+02 1.027919855380939254e+02 8.322851187662548966e+01 9.308386087684564814e+01 7.884634829029047864e+01 8.869906542146938477e+01 1.000405059933819274e+02 1.140226009581718358e+02 1.339984534728225469e+02 1.341352349366027568e+02 1.257969969550847651e+02 1.173745073216891086e+02
3.475247854368659262e+01 5.352033184180151437e+01 6.616221200499289523e+01 6.555880116862743989e+01 7.072474328454043757e+01 5.054101595220424059e+01 5.204763617140201859e+01 5.768071112132688683e+01 6.284792415798471410e+01 4.732399244651576709e+01 5.102188031239667509e+01 3.202357004969979926e+01 4.584233481159319012e+01 6.575895874676207598e+01 7.841363940445121727e+01 8.452189497121528916e+01 9.276282259956229836e+01 9.207905468716809594e+01 1.000326962723254240e+02 1.015072117607113000e+02 9.066296293577630649e+01 8.849843543424078973e+01 8.697348285598468465e+01 1.014180410021540979e+02 1.217600482871716281e+02 1.166358231150169900e+02 9.707777171635852653e+01 9.698761985556278375e+01 1.067706625994343739e+02 9.024891830950922156e+01 8.582522287477686973e+01 1.055276406841552443e+02 1.205690752248974746e+02 1.288659353089900321e+02 1.388694779489616451e+02 1.458184829257113222e+02 1.374733056380958658e+02
4.930875564622908769e+01 5.637288868320592883e+01 4.927928299993754990e+01 4.563143262226142127e+01 6.554815397714195058e+01 5.795756114456993657e+01 3.785877483237302243e+01 4.935199034609344437e+01 4.394981732390110807e+01 5.034033376373373869e+01 3.138247691783683990e+01 3.778835344746427438e+01 3.842946731896982726e+01 4.990678479969276538e+01 7.015585690455866086e+01 6.457882253864326572e+01 7.870095681481093663e+01 9.857488281414156006e+01 1.015072117607113000e+02 8.117489216786299266e+01 7.632015210364011182e+01 7.417894267875533387e+01 9.447234346320298926e+01 1.081554113412343128e+02 1.165005179952335226e+02 1.248017722940936807e+02 1.166279096757781986e+02 1.158313875874733156e+02 1.176296144067874252e+02 1.103878556368264157e+02 9.715919889207671645e+01 9.419205922921194940e+01 1.007245985561794157e+02 1.105789754272417298e+02 1.305592677387810170e+02 1.452297233338813101e+02 1.369203907173133246e+02
3.879510892081885487e+01 4.587160426103508826e+01 3.113778394754374901e+01 4.927744609955507826e+01 6.175012029788211976e+01 5.269169576706131863e+01 3.071158402378166130e+01 3.002781062032725146e+01 3.038417855618780550e+01 3.073807562432968155e+01 4.965034010240673723e+01 5.703800583846866346e+01 5.841204366495115607e+01 4.647593647202497635e+01 5.289245874943163983e+01 7.300775673380155695e+01 9.276282259956232679e+01 1.001119249334458488e+02 8.643713492928318942e+01 7.806205625457846509e+01 6.495275648760120646e+01 8.490594259119009735e+01 9.374158076202692769e+01 8.777117665037107486e+01 1.081554113412343128e+02 1.120116554870240151e+02 1.034748419210390438e+02 1.097120908587463219e+02 1.203852617452176901e+02 1.252819126045541793e+02 1.169776808045439793e+02 1.139542514492430172e+02 1.205691073193548135e+02 1.288671974101521016e+02 1.388696973004269353e+02 1.336437305994913629e+02 1.168499529710326925e+02
2.574716084805596594e+01 2.612889315132630230e+01 2.652377357731920071e+01 4.631889422502568010e+01 5.282302536791155489e+01 3.205026070855951303e+01 2.951820356962403125e+01 4.909812586441657345e+01 4.953830205055034952e+01 3.579317613848940027e+01 3.151658055132330105e+01 5.075841380616358123e+01 6.005165125016957717e+01 6.664673633177453382e+01 7.300775673380155695e+01 8.125675275625877703e+01 9.418297086742182955e+01 7.985895082062134520e+01 7.806205625457846509e+01 5.843404431195433091e+01 6.175123563402088678e+01 6.727629779047710201e+01 7.345444348488183550e+01 8.777053303587811683e+01 1.081144624529501357e+02 1.011864060935668590e+02 8.388624686213955783e+01 8.759736023134237826e+01 1.107152794448900011e+02 1.287718056513272984e+02 1.225262449014567352e+02 1.142049880773033976e+02 1.225262449014567352e+02 1.212511944975208280e+02 1.295800625954266252e+02 1.253327180817446447e+02 1.054006433299588110e+02
4.656674247253554455e+01 4.598455488670008151e+01 3.265659105341152468e+01 2.710243986981834396e+01 4.670163293250848824e+01 4.864137518865788223e+01 2.915153299073458015e+01 4.873487283444782747e+01 6.158457604177245770e+01 4.767567454663652171e+01 5.115330121886912451e+01 3.229035107256559911e+01 5.196830951926295938e+01 6.096770198016272957e+01 6.778085225497049748e+01 7.606733298428954981e+01 8.579090959907206582e+01 6.585736744449835101e+01 7.318383059038542626e+01 5.425159320815489394e+01 7.377887291734457165e+01 8.732713939829783101e+01 9.374158076202692769e+01 1.021358473228022063e+02 1.000987609712145598e+02 9.175383449610909281e+01 7.267197312801172870e+01 9.264947839120688400e+01 1.015361788143844990e+02 1.156061007940231065e+02 1.126112173729199384e+02 9.448231209713816270e+01 1.126112173729199384e+02 1.013392176406567984e+02 1.180507859213868471e+02 1.276199531327680461e+02 1.138249293582932751e+02
5.677871490345265215e+01 5.236580069646564795e+01 3.256092262691281292e+01 4.644442865911957341e+01 2.768180402444797394e+01 4.735904009854849050e+01 2.877839081031422808e+01 4.254067143856854472e+01 6.233035621100455614e+01 6.783649806237913538e+01 6.023646672905150723e+01 5.196835267202391861e+01 3.306317097333980115e+01 5.256279184765327273e+01 4.775116201057479515e+01 6.779348348190181639e+01 8.125437368430033303e+01 7.318383059038522731e+01 5.360384980431221891e+01 5.098728411684308526e+01 6.064555707628488079e+01 7.449581225987266464e+01 9.466451903649132760e+01 9.472529667173584755e+01 8.643922541689347838e+01 7.194005015828845728e+01 6.654911194707347022e+01 8.626835228274926237e+01 8.773038583629903542e+01 1.074027930596021463e+02 1.043436500872207660e+02 8.478810909995257816e+01 1.043436500872207660e+02 9.007630407796135330e+01 1.092044780225618013e+02 1.193219800379950044e+02 9.947337234378153425e+01
5.833418039040692094e+01 3.836571443893762989e+01 5.236597590494581311e+01 4.816056609948542899e+01 2.868184673582211985e+01 2.823859630514889218e+01 3.265490579198515775e+01 3.740218775650363625e+01 5.730858007061758741e+01 7.661890100922572344e+01 6.437741209316376967e+01 4.433240302925617016e+01 5.278699581379044758e+01 3.384015526228492377e+01 5.361107243525176358e+01 6.124670141935703782e+01 6.091204145480590881e+01 6.245060811029276238e+01 4.666818007695888326e+01 6.626126199572017583e+01 7.883310566062539237e+01 8.876323072780994039e+01 9.257408946660240190e+01 8.331297730285865555e+01 6.677062154514472070e+01 6.077415428957539234e+01 8.027935772347747445e+01 7.525277499888514399e+01 8.924502782830080605e+01 1.091424970312984470e+02 9.782513642479798932e+01 7.830861358924212823e+01 9.782513642479798932e+01 8.138937556065329204e+01 1.009544247823779273e+02 1.163758484947465632e+02 1.080870516234521688e+02
4.541520824383088950e+01 4.993494216609795444e+01 6.669188387390356354e+01 5.642109844488860659e+01 4.815859139511169928e+01 3.020645847094855085e+01 4.957100018188825885e+01 5.728706176607747835e+01 4.888875763833357269e+01 6.856053004658085115e+01 7.272192860130489578e+01 5.588737188334820161e+01 6.186705864797840349e+01 4.774761615707224394e+01 3.462361170556280854e+01 4.250174922250890575e+01 6.090725274500050546e+01 4.282430037570885872e+01 6.218113627646521024e+01 7.318150870216591386e+01 8.623246874716545562e+01 8.500808161984821254e+01 7.861748984088224290e+01 6.467951416378652141e+01 5.561528863833571990e+01 6.931043691282708608e+01 8.855822104557489638e+01 9.507273020088985049e+01 1.033316960830594411e+02 1.057174798429071387e+02 8.640126181709754860e+01 7.271082417768781170e+01 8.531438455526831888e+01 7.452842584818230875e+01 9.403713518712588382e+01 1.080870518901367063e+02 8.823567200438274938e+01
5.707519926914596908e+01 7.000822142843881579e+01 7.825307764493031470e+01 6.623671598455510434e+01 4.609960389652987800e+01 3.287850774786102903e+01 3.123827843342618493e+01 6.556192247189747491e+01 6.284590326118449610e+01 7.668157979647277500e+01 8.453766259603875710e+01 7.609001669408361579e+01 7.590512126134207449e+01 6.199052667032054131e+01 5.050880129454954215e+01 3.541456044270132963e+01 5.527248286384375575e+01 4.021343797416816557e+01 5.601385188945580751e+01 6.584934021524425418e+01 6.420017532731898768e+01 6.507172421358407632e+01 6.621032231430638149e+01 5.089709636079972910e+01 6.215139342803481526e+01 8.171317980959008764e+01 9.733568336146947786e+01 1.069258169043632876e+02 1.064154097991964250e+02 1.014793415240397110e+02 1.003898980943808539e+02 8.531438455526784992e+01 6.590884722411229291e+01 7.957523045271146600e+01 9.901217599404743908e+01 1.103872352369826189e+02 9.404988681372320514e+01
7.708149016519780616e+01 8.531132599357967194e+01 7.679018689712499679e+01 5.971832771946012741e+01 3.932947134344971829e+01 3.397254141094359170e+01 5.424165361354745585e+01 6.690908940564972340e+01 7.710054658825252716e+01 8.965156117074045028e+01 8.649790673088602944e+01 7.809373804346232362e+01 7.080567513557839732e+01 6.452393082353481191e+01 5.605029994478464062e+01 3.597685422032159153e+01 5.085772473169077301e+01 3.767380138066722850e+01 5.625812667003601319e+01 5.888247554758269331e+01 4.704045475212060268e+01 6.206984134825151500e+01 4.656431347209660743e+01 6.053966049981966790e+01 7.859626490407453048e+01 8.995191007543222383e+01 9.986297025279247919e+01 8.511003814662942091e+01 8.563423936971699391e+01 7.971688272367141792e+01 8.671971603427799380e+01 8.179896035388897246e+01 6.247151158694530437e+01 7.611542293445084795e+01 9.576674541520819162e+01 9.635482092384091857e+01 8.231165465775859502e+01
8.935083529832910187e+01 8.274091679913456687e+01 6.251979281871699357e+01 4.809775362275788524e+01 5.960473295166942620e+01 4.093982776960409353e+01 3.798845810183307492e+01 4.712114189073975012e+01 6.385358332683001237e+01 8.845246608169466640e+01 7.281091409524962899e+01 5.852779101539567108e+01 5.081420719571446654e+01 4.437176222227297728e+01 3.852892355201761632e+01 5.608365619927979395e+01 3.682195532894019863e+01 5.599213240015060933e+01 3.855649577506550685e+01 3.918357129199053190e+01 3.981330592358643372e+01 4.252288402141186907e+01 6.223389977515542881e+01 7.437067762756993261e+01 8.936515384449704413e+01 9.166665201212104819e+01 8.958715531510956964e+01 6.980233769843673031e+01 7.727519283388664917e+01 6.556944323293959087e+01 6.699654184483921426e+01 7.412280270915243818e+01 5.919507048733872523e+01 7.854014870126682979e+01 9.745489034653071769e+01 8.811524811885598751e+01 6.849285011181686400e+01
