MOVIE_S9_data/elevation_000166.asc
nrows	100
cellsize	150.0
xllcorner	0
ncols	100
yllcorner	0
NODATA_value	-9999
[rows 34 to 50 of 100, columns 0 to 36 of 100]
2.064481644892168788e-02 2.002064481644856642e+01 3.647171589900815292e+01 4.647171590038356470e+01 5.293184087140484451e+01 4.288815482322199557e+01 2.426433886947928897e+01 3.720111536293783416e+01 5.661787571732464386e+01 6.227811967112645419e+01 5.342961300723450790e+01 3.304205573732385659e+01 5.342961300723450790e+01 7.124245676488045831e+01 5.776355736763417781e+01 4.340585860381261796e+01 3.328275411341881806e+01 4.099871027524655176e+01 5.031092544600532790e+01 6.194341173554297342e+01 8.186957224504106989e+01 8.070504585132032105e+01 6.067170771449752209e+01 7.068837678349410680e+01 6.482258370967169014e+01 8.025805118200466381e+01 8.025805118200467803e+01 9.348777638248819244e+01 9.089210356276193181e+01 9.917456982234290308e+01 1.107220306179835916e+02 1.083531128793867992e+02 9.684607834952811345e+01 8.858790735037850084e+01 7.440152927907907099e+01 5.426425907544938099e+01 6.945682351035732438e+01
2.905961989428186565e-02 2.002853378861249212e+01 3.984778483320842213e+01 4.745252723468127698e+01 3.377456720514179267e+01 3.791072772837485871e+01 1.947823499448371365e+01 3.791072772843249084e+01 5.488448875834973961e+01 4.200401362384209136e+01 4.200401362384209136e+01 2.799052901181934772e+01 4.848490406181269918e+01 6.488645590483173464e+01 4.938890454368297611e+01 2.821195684737667619e+01 4.938816708561409285e+01 6.139665472376069033e+01 6.967222290194001744e+01 7.862634373614078243e+01 9.013586322990687449e+01 8.484965396804354043e+01 6.482258370966954431e+01 5.060318739378138986e+01 6.630086634372197807e+01 6.022330877587107523e+01 7.461632115153693690e+01 7.347605172621165082e+01 7.087868362590604931e+01 8.243664375465156979e+01 1.024424764611699175e+02 1.000914224543359552e+02 8.016674982864563503e+01 6.864092473482698153e+01 6.255610121292450998e+01 5.949912645075509943e+01 6.036795674948908896e+01
3.542675937824442400e-02 1.158243104251909728e+01 3.158148016463278296e+01 3.937298400317115465e+01 2.073467578680810774e+01 2.759171866828090103e+01 1.494814163646485028e+01 2.790928790268123549e+01 4.461906589398600431e+01 3.630088324508633946e+01 2.144108461258179688e+01 4.200401362384209136e+01 5.682686836415582832e+01 5.038433762228947188e+01 3.586029006177719936e+01 2.509491535189260247e+01 4.016664900866288690e+01 6.076864350985331242e+01 7.470930841590349303e+01 6.641025298556868961e+01 7.470930841590349303e+01 7.688563156283159117e+01 6.566707943372283296e+01 4.551628482736809644e+01 4.615812239636511549e+01 5.015149348524872863e+01 5.456461426413647331e+01 5.930772035560092093e+01 6.639771419467106739e+01 8.055438925775220582e+01 1.005612806801299683e+02 1.011900471497341982e+02 8.126431457082341581e+01 8.725555328063040861e+01 6.736256403322900610e+01 7.945288094553879432e+01 8.330787964703651483e+01
3.411803931810562102e-02 2.003359641435548255e+01 2.206163326353165033e+01 2.304944291063128858e+01 2.356681713800809064e+01 8.809018692021748365e+00 2.590595058223252423e+01 1.745980453216197503e+01 3.099053019022762712e+01 1.577474796497291187e+01 3.630088324508633946e+01 5.037886686274816128e+01 4.645573839650479897e+01 3.797606452122879261e+01 2.119856925086728339e+01 4.172934344336859169e+01 4.619511572487079576e+01 6.662243569454460612e+01 6.463858117771981426e+01 4.622499032950430120e+01 6.463858117771981426e+01 5.678515869248514747e+01 5.678515869248514747e+01 4.067327746755796625e+01 6.091749159771889310e+01 6.953131228714912027e+01 7.461632115153693690e+01 7.933735017481392049e+01 8.641427208490358680e+01 8.055438925775220582e+01 1.005612806801299683e+02 1.094519900488359241e+02 9.534995448349782521e+01 9.325342965853825206e+01 7.336072417408227864e+01 9.325342965853825206e+01 9.481339891805643560e+01
3.327314952832965272e-02 1.012677363277114218e+00 1.993258038968035439e+00 2.977393701578283203e+00 3.965123298227875015e+00 4.966375646916919351e+00 6.006125446283593128e+00 7.050112562914690351e+00 1.054635412338721423e+01 3.099052939769505954e+01 3.492210593738805358e+01 3.347513747188829569e+01 3.467297323072123305e+01 1.767708339136665785e+01 3.797606437911384347e+01 4.971188229854230656e+01 6.033472212801849111e+01 6.886257561552143613e+01 5.631761755701611349e+01 3.593519845634209275e+01 5.128684705384871734e+01 5.350520190826112810e+01 3.643356206006144049e+01 4.058841444822715516e+01 4.487825105292508709e+01 4.943628674261979938e+01 6.953131228724346613e+01 8.490459169529667349e+01 9.645836558024303997e+01 1.005612806801299683e+02 1.088413283904815074e+02 1.235540256141725592e+02 1.073423837777405936e+02 8.741759378271238745e+01 8.483395411148013920e+01 1.015117216540221108e+02 1.036555828054161594e+02
6.779948344387334846e-02 1.728641967235442678e+01 2.185255584299862974e+01 2.252589646592227624e+01 1.062155532087830245e+01 2.646831677820742001e+01 2.637778016325610508e+01 2.744177900904437450e+01 8.604736533438282819e+00 2.902921084251886441e+01 1.180481197756119727e+01 1.296572574807889211e+01 1.413303017048087540e+01 1.544836205149942465e+01 3.602345576541573990e+01 3.303255523435100827e+01 4.741640690395542634e+01 5.453925430201498159e+01 4.021533497451016359e+01 2.852326022686514762e+01 3.076416854761339792e+01 3.305358013187435517e+01 4.759473190847144508e+01 6.083434475370281547e+01 5.916528980924199033e+01 6.953131228724346613e+01 5.657386067225682069e+01 6.815751495863089815e+01 8.817518518578042119e+01 9.361894068672830826e+01 1.136176135724927150e+02 1.277063748072685030e+02 1.156058495253318767e+02 1.073423837777405936e+02 1.047546471423615486e+02 1.130176792681262725e+02 1.112884665797799784e+02
9.516927588586144779e-03 8.172878198181592779e+00 2.799000191070588883e+01 3.789901258152644914e+01 2.458340785034729592e+01 2.312389206685113763e+01 4.299635990573464284e+01 3.744038221909225683e+01 2.896719193159444217e+01 1.016886691582489455e+01 2.521410125049880691e+01 3.298921262786794273e+01 3.467296515996969219e+01 3.602337262258651407e+01 1.732713944361833214e+01 1.867263104246066518e+01 3.932718433642467915e+01 4.330509900216404162e+01 2.550973393805551126e+01 4.617018969578759169e+01 4.534435507174196545e+01 4.496697017757200143e+01 6.182837130974083095e+01 7.607275438605536522e+01 7.921573067994046369e+01 8.490459169529667349e+01 7.661797789158651995e+01 6.603569668870719056e+01 7.360747545757315891e+01 8.776031676148897986e+01 1.077629100238845581e+02 1.136374172137005303e+02 9.956845962013261442e+01 1.136374172137005303e+02 1.168629136475752262e+02 1.055230480289902175e+02 9.163869934267431461e+01
1.945935296826603253e-02 2.000725970612428739e+01 2.223304681699851670e+01 3.612988281439363192e+01 4.445101474553617749e+01 3.716362614340809500e+01 5.142927858121852580e+01 3.496664535176242339e+01 2.034402554905160088e+01 3.062944630901578691e+01 1.708159568438208709e+01 3.133220555947210073e+01 5.110943592494054855e+01 3.789802970453271058e+01 3.795027952593178355e+01 3.847766556036900454e+01 2.061867251691336023e+01 2.261001786636751731e+01 4.330509900216404162e+01 5.453935731037301338e+01 6.533427099285361805e+01 6.518833083345255375e+01 7.349265534486633555e+01 8.204050215916409172e+01 7.685265333050519132e+01 8.391088901756297957e+01 9.218362017663028496e+01 8.605531777724820586e+01 9.361894068672829405e+01 1.019007293795127822e+02 1.021473739899997923e+02 9.390048734387059426e+01 8.549267419311013327e+01 1.053857736980821329e+02 1.087428588447051396e+02 8.908602913031155879e+01 7.773572054929243791e+01
5.600688922766024203e-02 1.421470258077622439e+01 3.443490983693538965e+01 4.983481615018296651e+01 6.336695516914699056e+01 5.805123162758349764e+01 6.451510092850597289e+01 4.936178589421714236e+01 3.067379043264940819e+01 4.547556815958192544e+01 3.718645673514079419e+01 2.536350416820945242e+01 4.527646623777066281e+01 5.798145898516818164e+01 5.308504585938293729e+01 3.264423845761388776e+01 4.130442933241218384e+01 2.348827344213319535e+01 4.416390891030814458e+01 4.964786805695153760e+01 5.198194273507589003e+01 6.030377345420672697e+01 7.453433266042145533e+01 6.205264120912816850e+01 5.684945288995395885e+01 6.394718374743678879e+01 7.806496721863412347e+01 9.802419270910972671e+01 1.098269361842736060e+02 9.835150742392775669e+01 9.011575492527055076e+01 7.393059656347554665e+01 8.448659055028925025e+01 9.274178151449174834e+01 1.084612141141616632e+02 9.711768133361881894e+01 8.688619968885139144e+01
8.215197286175310309e-02 1.996712040627540929e+01 3.068652324910154405e+01 4.222106450202829819e+01 5.046832908249838567e+01 5.373718457282205918e+01 6.140610362037431003e+01 5.958275112146225183e+01 5.120162156284922617e+01 5.958283266831006131e+01 5.276504406349906162e+01 3.298559516084183940e+01 4.167691325776916500e+01 6.164038694090869086e+01 6.142622995072098036e+01 4.455330146065433894e+01 4.885136049892661703e+01 2.830841713320613451e+01 2.674507159736883821e+01 2.908965764307924573e+01 3.149722709923120334e+01 4.607321455318664505e+01 6.031111198544477503e+01 4.781025138398423735e+01 6.790695013997988383e+01 8.391088901756297957e+01 8.391088901756297957e+01 1.038779676701521595e+02 1.015873135885169489e+02 8.171799114176731393e+01 7.019358006209323264e+01 7.861368190517222843e+01 6.442111627842332666e+01 8.448659055028925025e+01 1.003344999359402010e+02 8.067534692129716234e+01 6.932131609522321014e+01
2.613274238814250472e-02 2.451324279726063260e+00 2.244316223761196838e+01 2.225698616222965498e+01 4.029392340188856991e+01 3.447325252215244973e+01 5.402205121193578208e+01 5.349830130375745085e+01 6.170895705110221030e+01 6.714567327421737275e+01 6.098530578803134006e+01 4.443631434998322050e+01 6.098530678950545791e+01 7.033543820304002736e+01 7.306682870216073411e+01 6.476535633351643639e+01 4.791988943261215184e+01 3.340779435509088557e+01 4.736362344137383928e+01 4.372408149062883354e+01 5.198236513384370028e+01 3.502628831795247066e+01 4.007103727427212903e+01 6.031111198544477503e+01 7.005591374596450294e+01 7.712315211273394766e+01 8.539386558120978066e+01 9.537322382484653360e+01 9.839182743654832564e+01 9.016368744382981504e+01 7.861368190517222843e+01 5.852993290835757989e+01 5.873869260966637995e+01 7.306679211570533994e+01 9.308225595780692174e+01 9.711768133361881894e+01 8.575473446062234473e+01
7.532853315450405152e-02 2.003773747072365197e+01 5.956706928877586016e+00 2.591996965030442723e+01 2.041822013663901814e+01 3.538443552796415759e+01 3.862906365662656327e+01 3.359661799678968919e+01 5.022954483699950856e+01 4.726013901239361559e+01 6.714567294373381401e+01 6.420246329622277415e+01 7.240270248225895955e+01 8.297011160389777729e+01 9.109289497492734711e+01 7.622781494744276642e+01 5.920404950448016024e+01 3.897795017138696494e+01 5.920404950448016024e+01 6.394915392597130932e+01 5.171427991582834949e+01 5.540217858861070965e+01 3.923633792798727882e+01 4.455375032558077919e+01 4.999976651705546971e+01 5.713398341911621259e+01 6.714733628098511531e+01 8.709896794448263790e+01 9.016368744382981504e+01 7.022731206419429384e+01 7.191913527623526647e+01 5.152548429326731849e+01 7.191916957503404717e+01 8.650826931574142975e+01 8.749585131802577109e+01 1.060907846152078378e+02 9.388918378340379434e+01
6.101047412966256744e-02 2.006101047412930782e+01 2.592048515221005189e+01 9.630019526564684185e+00 1.229218620655164429e+01 1.547639005605180884e+01 1.873957797753071830e+01 2.213748430914175458e+01 3.100635349363684412e+01 5.090920266601804656e+01 5.722966672572054847e+01 6.273776001008141634e+01 6.901360349115277870e+01 6.323264402379994920e+01 8.297011117323641827e+01 7.549978692921864365e+01 5.554167832774364655e+01 4.624111183020968951e+01 6.629371553427596098e+01 8.009083110804999706e+01 7.181144590557931906e+01 6.300662758829962229e+01 4.283420072884128160e+01 6.300662758829962229e+01 7.005591374596450294e+01 6.639119161100448707e+01 8.539386558120978066e+01 9.537322382484653360e+01 9.517973682899149424e+01 7.606615082456015386e+01 5.581180476984190619e+01 4.743756881542535808e+01 6.810736326675606733e+01 6.938510042419474644e+01 8.072417614067917668e+01 8.977810109328605392e+01 8.347597342456400327e+01
6.842009524227352091e-02 1.161542544696507662e+01 3.161528885779263476e+01 2.372878784205311575e+01 3.221990391740290249e+01 2.167808368775745720e+01 3.862906365662656327e+01 4.200837797221196013e+01 2.795954351641570312e+01 3.236070841960198408e+01 3.728865609625655964e+01 4.287328120691613265e+01 4.917867719720479869e+01 6.323264397705008122e+01 8.297005708424632076e+01 8.375563829893923184e+01 7.454095797808767543e+01 5.634391813132602067e+01 7.454095797808767543e+01 8.567503660290599043e+01 6.570493813573001773e+01 5.150857493072332005e+01 6.300662758829962229e+01 4.963191924228389240e+01 6.969398176130748368e+01 8.636205729561945077e+01 9.463610118847668673e+01 8.867519472167165873e+01 8.044320623936356185e+01 6.693668690835912116e+01 6.437178407181622219e+01 4.342705158350982941e+01 5.406254179362872492e+01 6.370836843005960759e+01 5.804787387374226881e+01 8.045327630127326302e+01 7.519844121953539684e+01
1.934550753332892059e-02 2.001934550753297515e+01 3.989159267581714374e+01 4.368033701003765401e+01 4.986111441950050249e+01 4.162116331077609033e+01 3.319482029994307482e+01 5.313177148933214511e+01 4.196374064011844496e+01 4.633329356159964618e+01 5.002650548648163920e+01 6.273775517929365009e+01 6.896926509076382672e+01 7.715070497342493638e+01 7.288449734409435621e+01 8.126343752572878998e+01 8.449324954086321782e+01 7.624351293722597234e+01 8.449324954086321782e+01 8.223034102949870316e+01 6.225681924740212025e+01 7.155404455580280398e+01 7.524147573301812031e+01 5.523970176768795426e+01 6.602889707646306761e+01 8.600173847295423002e+01 9.192851098506008611e+01 7.203562949109577573e+01 6.041375415243531677e+01 5.304678416284429687e+01 4.618723002346426654e+01 4.007342630505906556e+01 5.542629961134519334e+01 4.229725281190618347e+01 6.033387269658772567e+01 6.895841599977816827e+01 6.057283968742031988e+01
4.364784840791047227e-02 2.004364784840755576e+01 3.056139269456789265e+01 3.659161958612362042e+01 4.366268739798921672e+01 5.194695864545141717e+01 5.313177181634904400e+01 4.948140800440145171e+01 6.182850490981023484e+01 6.617006196965338916e+01 6.871242298576142105e+01 7.609327314877860715e+01 6.829160245800051143e+01 6.988810855172731351e+01 5.341702288827976020e+01 6.988827099751297567e+01 7.902912357395683784e+01 8.774775329181125016e+01 9.852959953961756412e+01 7.856716627186386859e+01 7.638434003316716314e+01 8.590791961801896548e+01 6.595283034155751523e+01 6.680748357353620293e+01 8.351211083184759332e+01 9.427578164393965210e+01 1.001547966391204199e+02 8.867519472167165873e+01 8.044335049956217176e+01 7.336177270151527807e+01 6.630978129855525083e+01 4.573343021749398929e+01 3.610671512309333764e+01 3.363366618254465124e+01 5.122446314043766336e+01 5.374242737842800466e+01 3.972873073446804426e+01
5.219006137575642884e-02 5.216167856319001039e+00 1.056139269456753560e+01 1.659161958612291343e+01 2.366268739798851328e+01 3.520969278178143469e+01 5.520969278178213813e+01 6.937402815503646991e+01 7.758511381730338030e+01 7.191980555026185584e+01 6.356996254210204000e+01 6.239899640958331162e+01 4.624100085972857244e+01 6.132498135342880374e+01 4.245813485987459757e+01 6.158821117564441749e+01 5.875654967049083410e+01 7.591214397492443311e+01 9.255941458655128429e+01 9.852959953961756412e+01 9.634383592048918388e+01 9.418157247665190823e+01 7.593229165635636946e+01 8.676252327818939136e+01 9.503659890875972849e+01 9.858690851478054640e+01 9.065761446515261923e+01 9.065615071152622306e+01 8.660064195901426842e+01 8.156291893816330685e+01 6.259800490322701449e+01 6.548602921202602545e+01 5.120764250597184031e+01 5.122446502597143336e+01 3.036536663285787796e+01 3.454107710690337996e+01 2.778698389353669640e+01
