MOVIE_S9_data/elevation_000511.asc
nrows	100
cellsize	150.0
xllcorner	0
ncols	100
yllcorner	0
NODATA_value	-9999
[rows 51 to 67 of 100, columns 37 to 73 of 100]
5.858782457862969295e+01 7.878948736000688768e+01 9.090300255426603826e+01 8.279130526714514815e+01 6.909982921246837861e+01 6.314820082810302893e+01 7.703687011667527429e+01 5.675130261975635904e+01 7.706428485298883402e+01 8.775926531916006468e+01 9.613101959252928452e+01 9.720800896768375310e+01 8.678774388670962026e+01 1.060907086901248988e+02 1.244869214816241936e+02 1.360447930916895700e+02 1.360957948590492776e+02 1.237151780202064941e+02 1.042999734587161953e+02 1.099865552166526612e+02 9.443811909011340333e+01 9.228753828937226444e+01 8.789567635068826235e+01 1.018853442346570262e+02 8.545136777708033549e+01 9.276281976287593523e+01 1.126503068698161627e+02 1.118233535239493648e+02 1.035259053366811770e+02 8.862317953570615714e+01 6.871090597071437855e+01 6.740857763769646738e+01 8.731413153133100025e+01 1.041919422300500173e+02 9.628216755355927603e+01 7.632345084459170437e+01 8.365916982628542087e+01
6.743770804605701130e+01 7.641584197229823872e+01 8.465909536032532401e+01 9.619719696708327206e+01 9.001842927405016326e+01 8.469518942186755339e+01 7.917495467731515646e+01 5.923236408337341175e+01 7.948508398028953081e+01 8.634205156829766281e+01 8.929252701062908670e+01 7.745699726959658449e+01 9.720800896768375310e+01 1.065864031567431454e+02 1.135483215173137239e+02 1.215546647751952918e+02 1.327268807249015481e+02 1.318729799851044220e+02 1.237151780202064941e+02 1.223782015114352077e+02 1.141473075221159093e+02 1.119782790416947194e+02 1.076287892138896467e+02 1.135533530443189960e+02 9.684992216178427782e+01 1.126503068698161485e+02 1.151083200843193453e+02 9.504704021794874791e+01 8.351590393772082166e+01 7.649347779753964005e+01 8.276769653503133384e+01 8.731413153265246763e+01 7.628278893761753920e+01 9.623867516273332967e+01 1.045752553565990155e+02 9.041515637740326383e+01 9.092036839320896036e+01
5.220531229676278429e+01 5.614737297884929035e+01 6.793473543013827509e+01 8.800124896109112171e+01 1.024888081428885158e+02 9.573128756985521193e+01 7.578642847819938311e+01 6.490844317658880414e+01 6.333590188833848345e+01 6.627897622666574762e+01 6.929511163270338159e+01 7.485508780411514351e+01 8.063909121285412596e+01 8.671207304839961694e+01 9.385704278600394446e+01 1.053606523052479957e+02 1.247328856587442658e+02 1.231403452021150429e+02 1.186443828415579134e+02 1.102135991452091872e+02 1.186443828415579134e+02 1.173490126598741909e+02 1.090031899253495311e+02 1.173490126598741909e+02 1.167952491534577746e+02 1.250770157440372117e+02 1.233984796351409869e+02 1.118233535239493648e+02 1.035259053366811770e+02 8.643882657835141003e+01 1.027595660100775206e+02 1.033123690659938489e+02 8.330494135785849608e+01 1.033123690659993770e+02 1.187353543357911008e+02 9.985748274874954689e+01 7.987350330074741578e+01
6.400561461304194211e+01 7.641584197229823872e+01 6.263584079631660018e+01 7.435186758861500778e+01 9.431375064573285272e+01 1.038338197926018722e+02 9.080895765268465425e+01 7.076316677722628867e+01 8.347413318084647926e+01 8.634205432071443909e+01 7.826545257693716451e+01 7.711920715805241855e+01 9.693074071877907727e+01 1.065864031567431454e+02 1.135483215173137239e+02 1.215546647751952918e+02 1.169770233886809052e+02 1.022477703279637495e+02 1.085221758475091320e+02 9.001445802104569793e+01 1.085221758488352890e+02 1.073732400897279007e+02 8.913326693217324248e+01 1.073732400897279007e+02 1.180988119048305549e+02 1.132025512820302424e+02 1.046990079461712781e+02 1.095646449115863561e+02 1.147580519233098926e+02 1.064637215803749939e+02 1.147580520818207361e+02 1.116083973769678295e+02 9.743765481107951132e+01 1.033123690659993912e+02 1.140435473408629008e+02 9.398142239799551589e+01 8.982900435458353172e+01
7.830356879811506587e+01 9.100195026272305654e+01 7.435186758861500778e+01 7.094982376867791629e+01 8.256512791849471000e+01 1.024191013636201006e+02 9.712688585094086591e+01 7.715345313014883288e+01 9.712688585094035432e+01 9.821362316610648691e+01 9.244011802663662536e+01 9.693074071877907727e+01 8.594171210920075055e+01 9.687684005537563792e+01 1.129770331545321511e+02 1.270789696823826063e+02 1.043087514528551623e+02 8.721818143974505233e+01 9.562769712000896050e+01 7.985293358322553559e+01 1.001140285831274213e+02 9.906822842876131574e+01 7.919275678170374988e+01 9.831147604931295803e+01 9.828995616968087745e+01 1.016722015131596919e+02 8.505517748767927344e+01 8.971089917641154443e+01 1.095282949461608411e+02 1.158310005255422936e+02 1.094803616411712568e+02 1.177462964620736727e+02 1.174951838952934509e+02 1.233591635996289426e+02 1.223330404324535436e+02 1.140435473408629008e+02 1.013981908755533539e+02
9.822850204518826445e+01 1.024888081428885158e+02 9.431375064573285272e+01 7.809053212387202336e+01 9.799298367904208362e+01 1.105743838763966238e+02 1.046150081629155579e+02 8.480328484490100038e+01 1.046150081629155579e+02 1.178341437709882769e+02 1.121520975762509806e+02 1.133949586761240056e+02 9.562771250920518185e+01 1.133949586761250288e+02 1.234766868432649431e+02 1.208699169987592512e+02 1.107176189316703017e+02 8.963918024417547770e+01 7.489971018558547655e+01 7.255606138183350140e+01 9.295064974877952579e+01 9.204118803830360207e+01 7.203253341326549730e+01 7.838185160340503899e+01 9.831109267309001609e+01 9.332326519621094008e+01 7.377968982427384503e+01 9.332260050122934558e+01 1.098109737448662884e+02 9.613540882770509199e+01 8.974970501942166834e+01 1.063167358667958098e+02 1.106210422755536342e+02 1.121595447428548340e+02 1.204357269987658441e+02 1.297598844102936653e+02 1.214804709493388089e+02
9.566210025620310375e+01 1.040802714758627729e+02 1.061560266445607681e+02 9.799298367904204099e+01 9.220600216162074503e+01 1.119639929436031451e+02 1.126366319471107573e+02 9.638954033022824319e+01 1.067044002939126415e+02 9.852450600326456254e+01 1.067045971898176049e+02 1.221418901012128657e+02 1.143528443181297831e+02 1.220560183433502175e+02 1.132666506843739427e+02 9.789527856066052891e+01 1.097217979084113466e+02 1.035293992216841303e+02 8.650131463066699666e+01 6.597533012508824868e+01 8.055453792441934979e+01 8.571389586977980457e+01 6.553273427352962699e+01 8.571389588522534098e+01 1.008594991765525748e+02 8.713267025728883652e+01 6.735906834294547707e+01 8.713267025728883652e+01 1.002368022446693487e+02 8.218176906071825272e+01 7.830666756056818656e+01 9.287053020871206854e+01 9.089654933888172650e+01 9.244709203805170716e+01 1.055460342603989119e+02 1.117721145304107324e+02 1.187620039944056742e+02
7.551571413324874982e+01 8.961314402886516461e+01 9.801306649757775347e+01 1.097179396997570251e+02 1.119639929436031451e+02 1.201060511275008906e+02 1.238454671236097084e+02 1.158512061803781137e+02 9.684509513410185377e+01 7.881908980917725671e+01 9.684509513410185377e+01 1.096003498910189791e+02 1.069754347955816343e+02 1.151685664404368907e+02 1.028690034228050223e+02 8.283176359515226750e+01 1.023131970330067873e+02 1.001382892298281746e+02 8.475181007133951994e+01 8.055451562175662161e+01 6.011207176707093680e+01 7.497455545935271459e+01 6.067471900953449193e+01 7.248535578278105618e+01 9.253959486747706364e+01 8.163841515307885288e+01 6.164352296099130513e+01 8.163841515307885288e+01 9.205178237021124232e+01 7.213020855261663655e+01 6.923413392828049950e+01 7.299622736640920095e+01 7.691176797916148189e+01 8.109245632429566797e+01 8.588921315489838548e+01 9.208351998220412327e+01 9.899161103555123020e+01
6.579798395032132419e+01 6.968676082179339915e+01 8.104697285085360647e+01 1.013147514711949526e+02 1.012232583735197977e+02 1.096256749700903441e+02 1.057887973472333840e+02 9.760560470766165508e+01 8.867178086810332616e+01 6.884137874162294679e+01 8.166066958498014117e+01 9.769733749607654261e+01 8.728259265587850280e+01 1.037840740194962024e+02 9.412415412025789863e+01 7.392783520594763047e+01 9.412411260160743609e+01 1.035159968181346670e+02 8.428330955686655557e+01 7.142388015455109951e+01 6.256524313025701645e+01 5.465275645789609626e+01 7.474527875357570394e+01 8.851762183625065461e+01 7.847987052207247416e+01 7.018096046788744502e+01 5.650705507989638932e+01 7.663716695636058773e+01 8.452609720515235381e+01 6.434047819491387088e+01 8.452609732301117162e+01 9.287053020869906561e+01 9.667371956456663895e+01 9.499668172170773062e+01 9.975135827040774927e+01 1.019109654315468561e+02 1.187620039944023631e+02
5.852471534067471737e+01 7.546040541130903989e+01 8.091337884066236086e+01 8.689524544122578220e+01 8.096038816281358663e+01 1.012232583735197835e+02 9.438155386167649397e+01 7.784687143593146175e+01 8.166066958498014117e+01 6.169650579237869437e+01 7.790283401783956663e+01 7.790283401783956663e+01 7.585211919958766202e+01 9.560576464568060828e+01 8.743145386097982907e+01 6.753816906346766302e+01 8.609240140126821927e+01 1.045215783477893297e+02 8.887947802570170097e+01 8.851498573094005451e+01 7.227431036106689533e+01 5.205611659670034186e+01 6.869989043658958394e+01 7.597552742039691509e+01 6.766906082679440715e+01 4.992990952240464253e+01 5.171979937361913215e+01 7.203935806244555806e+01 7.757487395980476208e+01 6.127842570775032982e+01 7.156302403068350770e+01 8.574060971545196708e+01 1.055317666761926745e+02 1.147372314330681888e+02 1.195356196249933305e+02 1.217202357279435034e+02 1.300295141779962762e+02
5.350863835058944318e+01 5.588395889337576961e+01 6.125235611493113197e+01 6.705563838119734044e+01 7.834778379744605559e+01 9.857129518450274475e+01 8.619789473438223126e+01 6.630481999049625585e+01 7.556459901136692281e+01 5.583580807139682634e+01 5.787597307476053032e+01 6.428446992149956429e+01 7.841823043125980064e+01 9.816181109120675785e+01 8.184726048662859910e+01 6.195665538924016857e+01 8.180392100314178094e+01 9.591586311031132084e+01 1.005017247201882924e+02 9.216202395608938502e+01 8.054195460472705292e+01 6.869989043658958394e+01 4.847359175033575696e+01 6.520492472016664465e+01 4.742462967480791747e+01 6.766906080232374165e+01 7.203935805741220122e+01 5.449538057890666209e+01 5.723756894841773857e+01 7.757487217048942796e+01 8.979404688209439200e+01 9.976501141951263207e+01 1.129381478447655240e+02 1.163251327173436778e+02 1.080691153026075426e+02 1.163251327173445162e+02 1.277880910533864665e+02
4.873571486350753190e+01 6.831211292324887552e+01 7.879028398252442855e+01 8.689524544122622274e+01 9.529303156099516059e+01 1.069835232315722919e+02 9.438155386167649397e+01 7.556459901136692281e+01 5.550187242468577864e+01 5.018686454537822783e+01 7.033339188442356260e+01 8.355209986999079774e+01 9.238083683463966622e+01 9.165989116967244854e+01 7.682763654186118174e+01 5.688685209467714543e+01 6.854655490645626514e+01 8.794608439877819706e+01 9.216202395608938502e+01 6.999831448523610788e+01 7.566535067558986327e+01 6.816238537670930953e+01 6.321959677289446944e+01 4.495915955105515138e+01 5.667290139674501148e+01 7.597552311674303382e+01 8.311537260582673525e+01 7.483280409735361616e+01 5.866558977740539405e+01 7.897757908610564925e+01 8.695576052268498302e+01 8.494122220314734761e+01 9.485802426564229961e+01 9.926648607954669501e+01 8.838583797911742579e+01 9.970969218730081707e+01 1.194882996390992957e+02
5.978056588231704893e+01 5.064964866073485439e+01 6.046472003622260871e+01 7.472726749247313194e+01 9.631863971041707373e+01 8.736086869578140579e+01 7.855694748392389215e+01 7.772892886329194084e+01 6.659227491900364271e+01 4.636808966295099310e+01 5.614581829986499173e+01 6.955809082770190344e+01 8.814984611858469066e+01 8.363825492060408351e+01 6.415270746250251932e+01 5.245756416467990846e+01 6.669237755641358945e+01 8.607660774065698206e+01 8.942453901972852748e+01 7.594836348856991037e+01 5.432851060365047147e+01 4.831691089881726242e+01 4.296121677047726450e+01 6.321959677289451207e+01 7.351793320928331354e+01 7.685988533760763630e+01 9.685240272199843048e+01 8.723210073654696828e+01 7.897757902528692853e+01 6.307241557445987468e+01 6.686351910953047195e+01 7.077473660672683309e+01 7.504268455904370683e+01 7.955124549592032679e+01 9.926648607954669501e+01 1.044302761328213194e+02 1.242600928642089571e+02
4.003850593501375243e+01 5.978095712672244844e+01 7.879177812165524131e+01 8.922094837660715427e+01 9.526463130156805903e+01 7.858050248529362136e+01 5.809293703545152709e+01 5.801767577425276556e+01 5.954974648916961399e+01 4.327808703328702933e+01 6.067858650474983762e+01 8.276569843491411405e+01 8.856125644967286803e+01 7.338950199705286082e+01 6.323396116013547186e+01 4.855358812897829068e+01 6.853250466629167192e+01 8.359644373635751435e+01 6.973132049240045660e+01 8.312115595924001354e+01 7.566535067558986327e+01 6.185088654188322010e+01 4.159082358860025863e+01 6.185007002257263053e+01 7.359804046447753478e+01 8.071828868617143371e+01 8.891438026814846296e+01 1.003876130668199806e+02 9.152086557161112523e+01 7.332590844153058640e+01 7.332590844153060061e+01 8.494122220315686889e+01 9.485802426577153312e+01 9.093827243466586197e+01 9.348805945983322374e+01 1.132168419940366846e+02 1.325738089861731908e+02
5.631547481159662993e+01 6.800706309277252615e+01 8.003953848264917781e+01 8.996477920767878800e+01 8.903425374997560482e+01 7.011491594382260928e+01 6.392492234550457653e+01 4.360824227655140817e+01 3.914855867366766518e+01 5.954974648917348645e+01 6.318423127242152049e+01 8.159697717865918776e+01 8.023156495193673265e+01 5.558601860410854556e+01 4.323421701019871932e+01 5.723576656530523366e+01 6.619441459467243760e+01 7.549758642413105747e+01 5.590729439629669884e+01 7.549758650853377162e+01 7.747331653192043177e+01 6.050018983327417033e+01 4.022966192727879786e+01 6.047810593088474462e+01 5.338829129669236551e+01 6.057918555273675310e+01 7.228405413030573357e+01 9.223966753173911570e+01 1.014720176991906158e+02 8.745767549679442254e+01 8.232104391668706000e+01 9.324896337215623987e+01 1.129381572087664978e+02 1.048333106745973282e+02 1.132168419940366846e+02 1.214918444565456213e+02 1.269853823323014126e+02
4.469517869544159083e+01 5.216003556966845878e+01 6.189195912111868125e+01 8.161468802302668735e+01 8.506832003011128052e+01 6.551911983630795078e+01 5.385649559657768037e+01 5.675565778192971322e+01 3.638083870901411387e+01 5.675565778192757449e+01 7.154701609826376796e+01 7.930599820930962096e+01 7.593681495738970000e+01 6.750765378748346279e+01 5.877311122925865305e+01 3.839528375795948989e+01 5.413446526290932326e+01 5.825163103408917209e+01 4.802461120072948120e+01 6.783505217190287340e+01 5.731037597642925618e+01 5.731037597654814419e+01 3.887973104462317053e+01 4.431099572076794857e+01 6.457042135875722977e+01 8.071828868610607799e+01 8.891437970061633678e+01 9.330339095035888874e+01 1.015131839933223432e+02 1.072303690991489162e+02 9.373885899672515620e+01 1.103288707431260462e+02 1.213242296036672769e+02 1.246689587498133989e+02 1.244231033475717396e+02 1.327055221216056964e+02 1.187755234616978726e+02
6.434776347399659358e+01 6.434776386651041946e+01 8.003953848061986776e+01 8.996477920748789359e+01 9.291583237393250272e+01 8.173117131615470043e+01 6.790135646840700190e+01 4.831334501936963477e+01 3.406900995700411983e+01 5.428933266980000383e+01 5.192917829576341404e+01 7.154293848234806319e+01 6.417014008732550678e+01 4.726642257516911627e+01 6.415708474056636135e+01 5.413424780227348521e+01 3.383624724036446452e+01 3.819113903530692511e+01 5.321118741951253384e+01 5.434682875299395022e+01 5.548673066871181447e+01 3.703636273568413628e+01 5.728593681795524617e+01 6.456631750482728194e+01 7.295029417762755486e+01 9.155330468704194402e+01 8.332289025792663040e+01 7.334238955566198115e+01 8.749636804318143390e+01 1.073227844782915810e+02 1.134974825530942724e+02 1.217742858134985227e+02 1.252259915189351034e+02 1.213525962067555071e+02 1.048966465426021557e+02 1.213525962067555071e+02 1.069990013759362029e+02
