MOVIE_S9_data/elevation_000567.asc
nrows	100
cellsize	150.0
xllcorner	0
ncols	100
yllcorner	0
NODATA_value	-9999
[rows 51 to 67 of 100, columns 37 to 73 of 100]
7.277052206478818164e+01 6.984720341519442854e+01 6.397217752815073766e+01 6.137070230902551771e+01 8.080342426367201369e+01 6.893408294527345959e+01 8.899205848882077419e+01 9.802175107578563029e+01 1.063462690401738513e+02 9.664716693991151431e+01 1.108513674981251427e+02 1.091766029042691883e+02 9.649813505595943752e+01 7.617537744866463356e+01 8.201852282906473590e+01 6.390324064254380687e+01 7.428219638367235689e+01 6.164178338089310216e+01 6.604735989965195131e+01 7.099005732969946791e+01 7.801324424818383818e+01 8.597941299417546190e+01 9.816368441691562907e+01 1.189899540136878358e+02 1.216736608027553501e+02 1.357751964568510346e+02 1.175398484099611096e+02 9.758115672655729611e+01 8.602593131856620801e+01 7.886753081408477328e+01 8.996823187374755548e+01 7.190984085639273360e+01 8.317644501009884550e+01 1.032411487515775690e+02 8.880385986541803334e+01 8.044569915537003624e+01 6.280601912758358196e+01
8.484022162581830173e+01 8.991434423450603219e+01 8.403077771440423760e+01 7.139428091523917885e+01 8.974967697929990607e+01 8.310801666330877424e+01 7.895255018051652485e+01 9.053280093510028337e+01 1.106410968571150448e+02 1.167230264588895778e+02 1.150197055335569587e+02 9.513579801833655836e+01 8.098689279785224926e+01 7.091894205684452857e+01 6.195589029002608328e+01 7.346281769591972477e+01 5.710200911929558742e+01 6.929372406716882438e+01 7.969890877049377309e+01 8.504348177625350047e+01 9.903375402762399915e+01 1.069659011793823566e+02 1.155051131914444795e+02 1.274690187354709821e+02 1.416462918663154937e+02 1.287692042189102324e+02 1.204402514442959955e+02 1.142910210688767876e+02 1.060166902329391689e+02 9.894888819439090355e+01 8.369843804718597369e+01 7.910969567517098255e+01 9.916361144913695114e+01 1.115174390088776306e+02 1.034763807981916557e+02 8.328572309288067288e+01 8.328572309464107093e+01
7.746476481772258182e+01 9.753160692702149959e+01 9.978857779374226311e+01 9.145836748716857301e+01 9.978857697710697039e+01 1.031973920576603234e+02 9.314020020405288847e+01 9.903156679570003007e+01 1.189850087424595984e+02 1.112255376133294504e+02 1.017281936336111414e+02 9.339254750354238865e+01 9.270985251163276075e+01 7.851057673500858414e+01 7.019836184563025938e+01 5.350173143446021129e+01 7.346281727052443955e+01 8.405979370410329921e+01 9.337745327601739120e+01 1.030981888024238202e+02 1.141058360781903787e+02 1.098967831640063082e+02 1.182486475147949818e+02 1.291950311198180543e+02 1.233360104721901251e+02 1.170397453486906585e+02 1.000380150424243340e+02 1.170397453486906585e+02 1.199400501091699454e+02 1.001474512932831686e+02 9.778528101181524335e+01 9.331688798648016814e+01 9.331688798647593330e+01 1.132788505366258107e+02 1.046542038880203478e+02 8.452170571527234699e+01 7.277455390194583629e+01
9.164469338925496800e+01 1.058647601616402625e+02 1.059856580411451574e+02 9.778046191965859180e+01 9.567301556134292184e+01 1.038671633530685199e+02 1.132545839270973147e+02 1.191555494718281949e+02 1.082696667447241623e+02 9.822477272050664965e+01 8.278939424010091841e+01 7.330951370567274239e+01 7.699481855096273364e+01 6.433096709041005568e+01 5.024686514309714624e+01 7.020310109450953462e+01 8.178756713212476370e+01 7.884700707581451695e+01 8.357874046223436437e+01 8.860255587069305250e+01 9.570158516234161539e+01 8.982174162948065543e+01 1.098967831640063082e+02 1.090556468813256430e+02 1.031405266063705568e+02 1.086610147656005978e+02 8.811443374606164980e+01 9.767840524492666532e+01 1.061070051880498681e+02 1.199321186590658357e+02 1.177486803139198486e+02 1.132788505871894529e+02 1.132788505366258107e+02 1.215547645002111636e+02 1.129507767135845739e+02 9.842096358729223482e+01 7.825244644075087308e+01
1.117438734369598166e+02 9.876461940663961059e+01 9.060395981122871945e+01 7.837096449389152042e+01 7.630361969085785745e+01 9.091718723798783230e+01 9.908397873868452166e+01 1.088718789663970483e+02 9.993052947829427524e+01 7.985842664678396829e+01 6.979826627471575762e+01 6.271639707895544547e+01 5.697880005975416395e+01 5.228600048551614066e+01 4.799125813770213256e+01 6.798574154015118154e+01 7.251054025612046416e+01 5.880933960749773348e+01 6.350369587640896896e+01 6.850729423685844210e+01 7.562249815447493972e+01 8.982174162948065543e+01 1.098967831640063082e+02 1.090556468813256430e+02 8.869213140122477057e+01 9.729876573724224897e+01 9.767840524492666532e+01 7.724361598446354549e+01 9.145322124455849178e+01 1.121695740112982378e+02 1.230769465874854092e+02 1.150600839849561794e+02 1.175696767740814721e+02 1.255875756545715234e+02 1.111325086724223326e+02 9.103379114795721705e+01 8.730562713079305581e+01
9.709380238145551800e+01 9.060395983364101369e+01 7.129959072147903498e+01 6.733303539949483252e+01 6.527601488513631978e+01 7.163589469951023148e+01 8.118756055947528694e+01 1.006468141758116275e+02 1.082696615616735016e+02 9.822477272050664965e+01 8.989447804619138083e+01 8.278939423005276410e+01 7.699481907292582150e+01 6.579106188850090575e+01 4.573105490110885540e+01 6.579106188770082042e+01 5.250566834242786740e+01 6.248393511912426135e+01 7.665546203956311899e+01 8.860255587069305250e+01 8.122423892517859656e+01 9.541237108710679138e+01 1.155101108706477220e+02 1.045724101851593701e+02 9.620982266002656047e+01 7.704885885169107951e+01 9.202078078541866546e+01 7.185862037689703641e+01 8.616594429659090792e+01 1.075230132810256976e+02 1.079056708740015580e+02 9.549243732608405821e+01 9.804366002189580342e+01 1.175696767740814721e+02 1.194204879936965114e+02 1.052565064460185766e+02 9.892685008785504408e+01
7.544252415617283702e+01 8.952375067897334304e+01 7.695370932269641173e+01 5.773043048459736326e+01 7.695370941429398215e+01 9.091718719188523323e+01 9.908397873868452166e+01 1.088718676312627025e+02 1.069424001652152469e+02 1.153976736246832075e+02 1.028255619100697942e+02 9.450871913463006990e+01 8.177920578714666533e+01 6.383340565924618915e+01 4.369793841555097202e+01 4.700746279869787969e+01 6.706590374964480361e+01 8.083090654274701592e+01 9.086519840776720969e+01 1.050749347759715278e+02 1.012988627831833242e+02 1.096398826795689274e+02 1.105493743956351125e+02 9.027018585278688079e+01 7.608637452226805920e+01 7.016922468781027078e+01 8.712687308279821252e+01 6.723490545609344338e+01 8.712687308279821252e+01 1.025478650437525943e+02 8.863140282388812352e+01 8.401235945479058387e+01 1.037626979190488328e+02 1.134180665228819862e+02 1.216169912133849920e+02 1.253184329399409194e+02 1.190063839720206857e+02
6.358817958387925984e+01 7.224619524584993258e+01 6.212199490271726887e+01 5.371528836751058833e+01 6.738251156333414826e+01 8.666347068000624176e+01 1.023465996741906423e+02 1.035825897400214330e+02 8.645666421200122898e+01 1.035825897400214330e+02 9.123875275393430684e+01 7.444379173052963949e+01 7.345922742327179833e+01 5.341525849744797938e+01 4.167101460993720963e+01 6.188683655005427653e+01 7.537970677713622081e+01 7.881649492788613998e+01 7.881649492788613998e+01 9.890728898722974805e+01 1.152041916139439195e+02 1.069306525720365073e+02 1.152041916135033830e+02 9.772368111511153188e+01 7.758379922863004197e+01 6.380205355051836591e+01 7.673712694694937397e+01 6.299098342747890200e+01 8.267591798976383188e+01 9.445229907984442264e+01 7.469035814908527016e+01 8.868945964382560021e+01 1.083650242040596368e+02 9.351675167464291860e+01 1.101451164600686639e+02 1.154002258045720168e+02 1.211891628722380148e+02
6.412654156091251423e+01 5.296604014369916769e+01 4.826633192352692703e+01 6.777303683835329196e+01 7.482777587758538118e+01 7.482777587758538118e+01 9.254838763821055636e+01 9.511495532415678156e+01 7.481420484818775662e+01 9.511495532415678156e+01 8.292422789660244575e+01 6.287396135593843383e+01 7.134820111286222755e+01 6.019036247255622385e+01 3.990834826714774408e+01 6.019036245660829110e+01 6.878799210015921517e+01 5.875948927593966431e+01 7.293586614714807581e+01 9.301358868562572013e+01 1.052791979346207683e+02 8.713207027959585105e+01 1.052791979322045108e+02 9.493998210739843557e+01 7.661046840342287112e+01 6.576104040467261314e+01 5.724229819817342246e+01 7.673712694694937397e+01 8.857535999461285314e+01 8.952185535130131200e+01 6.983893192492041635e+01 8.952185535141761363e+01 1.019280370045742501e+02 8.197381376195329494e+01 1.019280370045742501e+02 9.550758659784511906e+01 1.013340057257980220e+02
6.546186082336417655e+01 5.447940487153106659e+01 4.460378416418660663e+01 6.430230047889857303e+01 5.559542463158362580e+01 6.522426874158101384e+01 8.443128301358997589e+01 8.793755619733175877e+01 6.780688185065002926e+01 7.935380784643845686e+01 8.777221793816363515e+01 7.134820111286222755e+01 5.128335018100305831e+01 5.850113588940811127e+01 3.816852410510007587e+01 5.850603287018495280e+01 4.868361373958552463e+01 6.878799210191291991e+01 7.881649492788613998e+01 9.890728898722974805e+01 9.703136142581605839e+01 7.741118290962340609e+01 9.703136142581605839e+01 1.026142025500448511e+02 9.197660171696074372e+01 7.376838334407197806e+01 5.440541821565769709e+01 7.081923258770906671e+01 6.893854319851666901e+01 7.883191736938151450e+01 6.543130382524876154e+01 8.173260615289603948e+01 8.445293203437802276e+01 7.451981420954339796e+01 9.281109393953822462e+01 8.134599821303817180e+01 8.952334291766773333e+01
7.165303762545985933e+01 6.124063141068469918e+01 4.159066716073508729e+01 4.629635558147020902e+01 6.576155855477919943e+01 8.288785275733339120e+01 9.254838763821055636e+01 9.639049999663566837e+01 7.935380784643845686e+01 5.940308576665192675e+01 7.935380784438554258e+01 7.348250975292819476e+01 5.341028713244261183e+01 4.166609847858650539e+01 3.645679429249686621e+01 3.993780169263538227e+01 6.021041709319445090e+01 6.962414479287380686e+01 8.706094938992876564e+01 9.533675243647580544e+01 9.049130192041847920e+01 7.099203726189269048e+01 8.217678753320781482e+01 9.035316947326364811e+01 8.833731440314785743e+01 7.100249720100562456e+01 5.158519854797247461e+01 5.131571812177762126e+01 5.525063735712915047e+01 5.937122933781019896e+01 7.796540152665707524e+01 6.219450897486879626e+01 6.483452328230596606e+01 6.777272693412724891e+01 7.292519901799978754e+01 9.281109404289425413e+01 1.007350356831409357e+02
5.192460490915274107e+01 5.840440337095482448e+01 3.865280863650900756e+01 5.840440337095482448e+01 6.222731966172845119e+01 7.581431154884882062e+01 9.518248515179523395e+01 9.240992656791200943e+01 7.436612733947816878e+01 5.445729463716967444e+01 7.436612733947816878e+01 8.186880260922951891e+01 7.021547732574332201e+01 5.601378365794575842e+01 5.458425749559891216e+01 3.418463460377980567e+01 4.109080061720518984e+01 6.133102911656784073e+01 6.705382302589774213e+01 8.706094938992876564e+01 9.301336555745514545e+01 8.217678753320781482e+01 6.280773461342142383e+01 7.510114780087569386e+01 7.054624458657703201e+01 6.055886808079064565e+01 4.877489411991213331e+01 6.836761448636028149e+01 5.412767420008879071e+01 5.632554475891901546e+01 5.851471809841294913e+01 6.268558605172410836e+01 6.731458677790391221e+01 8.701748299040737322e+01 7.181840660159396350e+01 7.501488652197461704e+01 7.930498841511455055e+01
3.772765676417645153e+01 5.285821391571535344e+01 3.614676267842080648e+01 5.579211360219784410e+01 6.902402871878831547e+01 7.763973500880173617e+01 8.829282292853467595e+01 8.064913028999910694e+01 6.392280619329878277e+01 4.986328035154071614e+01 6.392280619329878277e+01 8.398445772365705864e+01 8.437306016053548774e+01 7.164456371306130222e+01 5.310646148552814338e+01 3.270706600495387306e+01 5.310646151468701248e+01 5.285187074925507744e+01 7.291377466586627065e+01 8.756325515773262680e+01 7.444866981904304737e+01 8.223592246152070118e+01 7.510420939875558588e+01 5.577027817106284147e+01 5.113245614123935212e+01 4.661320669118693871e+01 6.630265087650130340e+01 7.653880223863936294e+01 7.361877460413182916e+01 6.056501104713161965e+01 7.797239195272167933e+01 7.386064226421223111e+01 8.701748299040717427e+01 7.464432967356529502e+01 9.201300339069142353e+01 9.625992152180621986e+01 1.007350356831409357e+02
5.285821391571538896e+01 3.285291918070031869e+01 4.922775881373534901e+01 4.601959581821517986e+01 5.274864329285703946e+01 6.966664549207075652e+01 8.064913028999910694e+01 6.196705923736922017e+01 6.541077485779277367e+01 4.571526723236874545e+01 6.572942170446322052e+01 7.700343617331799351e+01 6.889855289059312327e+01 6.331760781534438109e+01 4.308308123041102533e+01 3.126292223498749934e+01 5.163422832818682195e+01 6.682663666127149327e+01 6.569590149218537078e+01 7.386000385583504624e+01 6.101409753579464734e+01 6.260903496050956107e+01 7.645270807932845969e+01 7.115438552824876695e+01 6.298825165973988760e+01 4.515812015350850572e+01 5.917685798857139901e+01 7.878963525974940296e+01 8.485416620379596964e+01 6.521551219133634447e+01 8.485416620379596964e+01 9.368373544070995251e+01 1.019046860268674379e+02 9.453560251128222092e+01 8.272012360027601119e+01 9.427972296857313950e+01 1.141717365953332290e+02
4.810948210142800718e+01 3.098209044727567019e+01 4.015924308307225488e+01 5.793595036798610209e+01 6.902402871884315516e+01 7.763973500891670199e+01 7.827365945921019375e+01 5.950732492135265517e+01 4.810835586383345941e+01 4.176238909735875637e+01 6.195947903063589024e+01 6.889855289059312327e+01 4.805541970568980048e+01 5.416023207437059028e+01 4.885476250075713978e+01 2.986161254002924537e+01 5.018286550400149792e+01 4.691186164656360091e+01 4.550578127404990170e+01 6.129333960666873082e+01 5.121044513050184577e+01 4.862302447845832631e+01 5.977804888277601236e+01 6.106560951698899942e+01 4.311242130660981786e+01 6.297462970030114349e+01 6.491937943183340565e+01 8.456822846178501152e+01 9.308362178012292532e+01 7.903533997978925640e+01 7.347597571583331444e+01 9.331248008812252692e+01 1.115015224630388957e+02 1.097380807833964980e+02 8.979483091563218977e+01 1.097380807833964980e+02 1.223502367360198804e+02
2.843403187557915857e+01 4.810948210142765902e+01 4.935681606332104110e+01 5.758120260882101604e+01 7.642906019974790865e+01 8.761688532022128584e+01 8.590795192421236948e+01 6.944815039625881070e+01 4.966313099897664785e+01 3.793904072487870849e+01 5.364210809977031857e+01 6.180777541635402628e+01 5.415359792020272778e+01 3.006188105166457802e+01 2.867594218376721571e+01 4.632519117223824878e+01 3.137563624654920602e+01 3.250772941178393438e+01 3.366231849090510764e+01 5.308380289438415645e+01 5.653906580624426681e+01 3.838296693493620637e+01 3.972297262505189508e+01 4.107524015825122632e+01 4.532765341998997144e+01 6.485354401550904413e+01 7.542145509368202738e+01 8.364692004581982587e+01 9.351087133237253113e+01 9.890205539088523778e+01 9.331248008812252692e+01 8.334731481116936891e+01 1.032776453650756423e+02 1.179223863321457770e+02 1.013649370328050310e+02 1.179223863321457770e+02 1.204164657440088746e+02
2.670318339803273489e+01 4.065947474144205387e+01 6.011271380304983580e+01 7.430975004461799927e+01 7.789043604514681363e+01 6.971995196071659961e+01 8.246846217703726722e+01 7.758723264772993389e+01 6.618758236320601895e+01 4.782620992257949410e+01 3.348061191283804305e+01 4.952608373630422278e+01 4.747874513363708360e+01 2.749241125836688582e+01 4.754696776187071805e+01 5.312688506290135138e+01 3.540209573843824131e+01 5.271093268247722818e+01 5.389186157866669191e+01 3.533695195181473991e+01 3.653471661265628967e+01 5.672806063060513537e+01 5.977948594278207395e+01 5.148268956487479642e+01 6.471681724459631369e+01 5.150338373353775268e+01 5.618556392387189646e+01 6.561140395626935629e+01 7.937878644587188148e+01 9.936359781577277772e+01 1.115015224630388957e+02 9.487248779916885155e+01 1.115015224630388957e+02 1.293453366370913216e+02 1.211760078562432454e+02 1.142702797567499573e+02 1.000729343326703003e+02
