MOVIE_S9_data/elevation_000394.asc
nrows	100
cellsize	150.0
xllcorner	0
ncols	100
yllcorner	0
NODATA_value	-9999
[rows 0 to 16 of 100, columns 37 to 73 of 100]
1.248477173934383302e+02 1.166720894077512014e+02 1.248477173934383302e+02 1.172801204165261737e+02 1.091209611308013905e+02 1.065647097133908545e+02 1.147240242887369561e+02 1.134313127514102177e+02 1.052704103952570733e+02 1.078278755144955880e+02 1.159882029741640395e+02 1.213768563977165513e+02 1.099884151942015933e+02 1.012186635748412584e+02 9.304090049311642474e+01 1.012186635748412584e+02 9.717579787015471027e+01 9.717579787015471027e+01 1.053803142363808263e+02 1.083988963829254999e+02 1.026085366142771846e+02 1.000608825240026079e+02 1.082755260903091994e+02 1.196554402051997954e+02 1.205827293396985738e+02 1.088795621196824328e+02 1.005505639836166836e+02 1.005505639836166836e+02 1.088795621197183578e+02 1.115843512624084894e+02 1.115843512624084894e+02 1.198317363507369038e+02 1.170308891029662419e+02 1.089400740158289977e+02 1.149651477038708691e+02 1.149651477038708691e+02 1.206751658967688599e+02
1.149835077788599875e+02 9.694751935538259602e+01 1.149835077788599875e+02 1.091209611308013905e+02 8.932790763236300791e+01 8.675082628387403361e+01 1.033040140244445269e+02 9.897061837607370194e+01 8.544347225867680606e+01 8.802244645878909068e+01 1.078278755144955880e+02 1.130836515423235369e+02 9.348098648341716910e+01 8.225602556307309499e+01 7.344643252119553267e+01 8.380397970865780621e+01 7.758830298609208853e+01 7.758830298609208853e+01 9.717579787015471027e+01 8.878434262365692575e+01 8.305817398386540162e+01 8.052934248302366882e+01 9.178045728876003295e+01 1.113721537494754728e+02 1.123456779541850068e+02 9.191594127609526765e+01 7.984923161933818392e+01 7.984923161933818392e+01 9.702797932133725567e+01 9.114774580377071800e+01 9.114774580377071800e+01 1.115843512624084894e+02 1.056417409692864595e+02 8.913328757047922579e+01 9.527492934669639624e+01 9.527492934669639624e+01 1.010420607804690150e+02
1.068098043815669200e+02 8.700917169517239813e+01 1.068098043815669200e+02 1.091209611308013905e+02 8.932790763236300791e+01 7.524169245997416056e+01 8.664682025483210737e+01 7.911506123711644989e+01 7.393863381028448600e+01 8.802244645878909068e+01 1.078278755144955880e+02 1.125525715999306868e+02 1.043068310488855985e+02 9.765145283153485423e+01 7.806816853656532373e+01 6.393801051591132278e+01 6.344228812980668408e+01 8.332476064874420274e+01 9.839249889448629460e+01 8.878434262365692575e+01 6.909835409411931550e+01 8.878434262365090035e+01 9.951404432112511245e+01 1.108492589908883446e+02 1.106246881399914344e+02 9.881449809742403545e+01 8.859864417051663565e+01 6.785714006212047877e+01 8.859864417051663565e+01 7.640923622364348944e+01 8.930045769485572293e+01 1.097613326743878446e+02 9.671463554195143786e+01 7.741175490645690616e+01 8.103774723968035687e+01 8.103774723968035687e+01 1.010420607804690150e+02
1.002095934861021789e+02 8.035857226466654879e+01 9.791792906428085530e+01 1.061094408884620606e+02 1.006811747613373598e+02 8.083360027908567247e+01 6.683901774690596653e+01 6.514879561936930941e+01 8.493061924227734494e+01 9.670119771853930501e+01 1.081420726074506575e+02 1.012358019899399153e+02 8.483226051881791818e+01 1.012358019899399153e+02 9.196125322362603072e+01 7.629534913190387613e+01 5.602527021907000204e+01 7.051522547513528139e+01 8.520114402490433747e+01 7.703011964350295671e+01 6.342006913858372030e+01 7.170543783947275074e+01 8.308376696707745168e+01 1.026190565556020431e+02 1.023067984206152659e+02 8.169574877082401088e+01 6.974238564371164273e+01 6.223531169312749967e+01 8.047503356336979152e+01 6.860300347813172550e+01 8.930045769485572293e+01 9.464309898952659239e+01 8.643281163299593572e+01 6.828476341347673895e+01 6.927335325585917758e+01 8.949256497274096489e+01 1.020385016754271845e+02
9.422428538638529005e+01 7.437002575993835762e+01 7.805427961015966787e+01 9.145756284540026115e+01 9.964211782610573209e+01 9.484290571756747568e+01 7.964370451795291217e+01 6.000718740922757632e+01 6.868570077168355681e+01 8.011776691859662947e+01 9.997143786971375334e+01 9.306318251099867211e+01 7.353286789191925266e+01 9.306318251099867211e+01 8.637921880342578618e+01 6.649647269928452431e+01 5.176657684830917106e+01 7.231999403885065192e+01 7.141463722875809594e+01 5.678328908532627395e+01 6.867463033963235830e+01 8.844393029341138401e+01 9.951404430419832181e+01 9.983575295616179801e+01 9.167135372198475807e+01 9.194139380450062049e+01 7.128844204930010164e+01 5.691054042648649869e+01 5.995587570114173559e+01 7.442534170140572769e+01 9.508028156663493746e+01 8.306696281443954888e+01 6.628747216758951311e+01 6.074190558731506684e+01 7.498068238928118490e+01 9.509170361043670994e+01 9.384683241303103785e+01
9.081454980613892758e+01 8.509912050483146118e+01 6.665871114271698161e+01 7.165012375257791177e+01 8.821443409891337240e+01 8.499600688205970300e+01 7.641548096958022995e+01 5.685788283383958941e+01 7.641548096958022995e+01 9.289641785949767439e+01 9.971477204592494559e+01 8.615817355806966304e+01 6.640010412237208470e+01 8.615817355806966304e+01 8.274918321411379907e+01 6.269323041888350900e+01 4.775622602805528061e+01 6.626052063505632361e+01 5.079823647120915098e+01 6.296221470890049687e+01 8.296086111439029764e+01 9.661868136725830425e+01 1.007713449528212806e+02 8.861003664337999908e+01 7.233847599417501328e+01 8.861003664121791701e+01 7.298249815874392254e+01 5.271529655378650148e+01 7.298241641539306102e+01 8.585443028186170977e+01 9.275182319134495401e+01 7.478486730078940070e+01 5.505677197901248121e+01 7.480189446972727296e+01 8.911642968294538036e+01 8.797620536662716972e+01 9.622986891955454780e+01
8.267656414821239252e+01 9.421584615834152032e+01 7.966579785361678034e+01 6.038071904818390578e+01 7.446894445232534565e+01 6.530148980882435694e+01 7.332315317038236913e+01 5.380548616847277543e+01 6.499042969315142670e+01 8.470586513074964330e+01 9.153943422439775190e+01 7.190050209855162677e+01 6.014299643045691113e+01 7.287678376182185502e+01 8.049094833925839509e+01 6.490037609624405945e+01 4.393959389176536234e+01 4.533056939155525811e+01 6.626052063505632361e+01 7.963532272865670336e+01 9.113806570501780868e+01 9.266217399110750819e+01 8.429933180107973101e+01 7.331085684853327678e+01 6.146393705824138465e+01 8.050947543925410343e+01 6.977797134441055960e+01 4.957365925615263080e+01 6.542054780938975966e+01 6.542020071007189586e+01 7.637284592034200159e+01 6.525454571590154274e+01 5.175277660611985908e+01 6.634167693231708540e+01 7.365589489038086413e+01 6.788273195051650077e+01 8.797620508518537008e+01
8.257366870249029489e+01 9.833646170823043065e+01 7.852438108849420928e+01 6.461068375204848735e+01 5.493603668970350640e+01 5.154182634254808448e+01 6.646854439658808644e+01 5.088644818499396649e+01 6.464731487209515137e+01 8.433475067043269746e+01 8.911197125208602188e+01 8.691111206782875342e+01 6.706357443232832338e+01 5.237671626391987445e+01 6.648033497030679939e+01 6.012945046737385724e+01 4.029527992974457362e+01 6.139439234424096981e+01 6.626052063505632361e+01 8.631381770502964912e+01 8.742969111072858368e+01 8.101659807559440196e+01 6.413645523247734559e+01 7.331085684811070280e+01 5.429639754414473174e+01 7.331085684809239922e+01 7.820219381568500694e+01 6.540185286178689239e+01 4.523163503791101903e+01 6.137027195468046159e+01 5.604249907089464244e+01 6.311429351201271487e+01 6.363144444072058548e+01 4.738479347633569461e+01 5.413644530115967513e+01 7.376797307254722114e+01 7.471396513611907153e+01
7.658196377895757223e+01 8.485833564434669540e+01 9.251841206875404566e+01 8.265154010055299239e+01 7.446894445232534565e+01 6.646854445672306611e+01 4.685703667713756460e+01 6.646854445672306611e+01 7.858419223015339128e+01 8.333795021091235355e+01 6.940328824696661059e+01 8.333795014268240209e+01 8.107412975898506602e+01 6.653504311306761565e+01 4.567895702586289275e+01 4.137814194304249327e+01 3.789695083668394915e+01 5.895618772049554934e+01 7.679924493720344003e+01 8.147130010350765872e+01 6.719655309965098411e+01 7.202905613622563408e+01 5.259531325230940269e+01 6.781186629209280170e+01 4.868454970195435294e+01 6.780399576461206834e+01 8.011159093958904975e+01 6.791709296568815546e+01 4.313553645173779216e+01 4.123023265019411099e+01 4.190682724165215234e+01 4.733188332351974026e+01 4.838299098990110281e+01 4.442740090748083759e+01 6.379313736624099818e+01 7.251956910722853422e+01 6.257163362161277576e+01
5.676349291027395338e+01 7.658118030141736199e+01 8.949562852819528302e+01 9.375152491920917441e+01 7.827589947268791093e+01 5.863827821742434310e+01 4.468572570444313641e+01 6.157543746860452671e+01 6.973239358835139967e+01 7.103999607110672798e+01 5.553357490215849168e+01 7.454543458798072209e+01 8.830113276222066077e+01 7.478958236950613525e+01 6.212629701368972235e+01 5.369818466346583818e+01 3.563087030384977538e+01 4.779749057984008687e+01 6.852536654038948427e+01 7.311826070544101697e+01 5.334748662151562115e+01 6.062539783070312893e+01 4.361411609224143859e+01 5.669751898860266692e+01 4.349564877063377111e+01 6.259087409959345649e+01 6.414947229070094181e+01 5.345828986333771837e+01 4.029765881141285888e+01 5.892174827070440557e+01 6.181496220534434372e+01 4.285309919736624096e+01 4.351387078222271043e+01 6.358504462655959344e+01 4.532837456291135680e+01 6.465640132315061805e+01 4.704004157420609999e+01
5.161446499568666013e+01 6.152618352398084056e+01 8.129700954822702386e+01 8.557077091785174616e+01 6.585865952083013042e+01 5.609932323987251834e+01 6.156991990990394470e+01 4.173341661852622764e+01 5.891230931778209623e+01 5.132229700738749045e+01 4.666673894616420881e+01 6.062741037944267930e+01 7.368304034439481143e+01 6.509983780489042715e+01 5.367704234464831359e+01 3.302664958509253523e+01 5.369818323028915330e+01 5.950216839948393499e+01 6.801094341257666542e+01 7.388683722766211304e+01 5.416146177666448125e+01 4.200213577511374297e+01 3.589627846442924408e+01 3.645402023092658794e+01 5.386443383335627288e+01 5.782668697521440748e+01 3.875123997864906045e+01 3.938198297174098172e+01 5.881782266212231036e+01 6.742263488682182526e+01 7.399522070956749076e+01 7.430307246408378319e+01 7.383049516812616275e+01 7.016190714891300217e+01 5.505268695617743901e+01 4.618954150009456328e+01 4.810758220677924157e+01
5.528489541463987678e+01 7.508856781440564987e+01 8.949562852819528302e+01 9.375152491921562614e+01 8.388990778424053474e+01 7.082852924746073597e+01 5.119975745819436241e+01 5.891230931778209623e+01 3.895966161218929358e+01 3.711899648164508392e+01 5.465650996456310651e+01 6.283442598072254981e+01 6.486583828354910963e+01 4.491729433129584947e+01 4.943418831917525580e+01 3.126496767908602337e+01 5.132175862668299970e+01 3.887520740555611809e+01 5.717895967334858653e+01 6.256193242513423769e+01 5.443333104676513301e+01 3.512700470678446152e+01 5.524117400217726015e+01 5.583489697222648829e+01 3.727759504508294697e+01 3.787478648961015892e+01 4.605140631238178628e+01 5.250742753737294066e+01 4.630926760566085676e+01 5.137340431354239456e+01 7.035447261736885594e+01 8.651265751139730753e+01 8.696240559350944466e+01 6.870126487860217424e+01 4.911290384085260996e+01 6.552646934477142793e+01 7.331242466662914126e+01
6.928563704497990727e+01 8.334277463640424344e+01 9.748591754976034451e+01 9.617079307361525764e+01 7.640102894772248021e+01 6.251028749383213778e+01 7.082852924746073597e+01 6.476078790243701633e+01 4.604324605717147278e+01 5.465701772535356184e+01 3.468915217668221374e+01 5.226211551145632228e+01 5.613232781826295792e+01 4.252552089960273207e+01 3.056887960045007091e+01 4.292200829643204685e+01 3.198071115225675243e+01 3.248327684720583619e+01 5.221426923390215080e+01 5.361301209597397843e+01 3.437926558765356333e+01 5.444477206092656729e+01 6.342081126298135985e+01 6.677793362012718603e+01 5.203862358120997555e+01 5.632262590261319701e+01 4.468216339366963297e+01 6.436109246665013472e+01 5.764828708396306922e+01 7.025513028055144105e+01 5.931873457393369620e+01 7.855842408874029559e+01 7.874565997615455615e+01 5.865990648498818416e+01 6.870078534618888000e+01 5.235473370053998821e+01 7.224580653476579073e+01
8.911162668737307513e+01 9.159105259194382143e+01 7.748045772978694856e+01 9.159105259194382143e+01 9.037404165606702122e+01 7.640102894772248021e+01 7.842208074197840517e+01 5.910209512874854454e+01 5.910209513094564926e+01 6.283577170291292902e+01 4.674887389961105555e+01 3.246633022474166808e+01 3.115726966043065715e+01 2.986131384797376498e+01 4.609434396508193998e+01 5.478806739121335312e+01 5.182791608526748206e+01 5.081338770784284975e+01 3.318669608198483445e+01 3.368074229938128639e+01 4.193583924114160055e+01 3.662801979859477086e+01 5.677966057872836103e+01 6.743380731163244945e+01 7.362508351139162244e+01 7.244165220600024213e+01 6.767094299038618033e+01 5.228794361865843854e+01 7.116962209422489138e+01 8.058903328406134392e+01 6.602711025790677013e+01 8.541202720017543015e+01 7.505415982656479912e+01 7.284540936155693203e+01 7.808532530306473518e+01 5.790883029106284852e+01 5.619709176441679688e+01
9.580982409482660955e+01 8.260763127635928527e+01 6.318298005379032389e+01 8.260763127635928527e+01 9.193007752283845946e+01 9.617079307361525764e+01 8.678779702419868158e+01 7.842208074197840517e+01 7.842208478618395873e+01 7.442737711823424718e+01 5.710160483554159327e+01 4.125993969744085632e+01 3.220088626058107195e+01 2.937531889862232148e+01 4.759202251348602175e+01 7.013289175027217937e+01 6.486960869687834474e+01 4.668025865477033420e+01 5.320674040469572219e+01 3.904401903764061643e+01 5.854500575247863736e+01 5.677966209723280855e+01 3.902853390192209559e+01 5.328686720021615741e+01 7.337685041362846050e+01 8.791094362777946003e+01 8.306834291432511463e+01 6.469176855790431091e+01 6.468408455252152578e+01 8.696370929846456477e+01 7.471931929387643834e+01 9.335386453587022970e+01 8.933466630783124174e+01 9.302640595631393694e+01 8.453331281464116387e+01 6.420758064263273468e+01 5.913665113941784313e+01
8.676171134338105162e+01 6.721649012116336053e+01 5.414386158910172497e+01 6.350011601996538246e+01 8.364683820484107457e+01 8.983220839129916158e+01 8.160893459936174565e+01 8.160893501523831617e+01 8.138999177946580232e+01 6.174427826181107548e+01 4.601394291274541359e+01 4.752999391906167403e+01 2.868735831570097261e+01 3.135815698423898112e+01 5.650591996126215122e+01 7.143759426392900025e+01 7.227010595820594574e+01 6.491573092783335142e+01 4.960815002909085081e+01 6.072376507161327197e+01 6.808708532362021515e+01 5.473202059497359073e+01 4.078904611112532308e+01 6.078778061630464435e+01 5.962686651247879155e+01 7.967511413432194445e+01 9.578706544433457282e+01 8.718696986663066184e+01 7.795916651132223762e+01 9.537390294986084882e+01 8.598379029416085473e+01 1.019718813545532186e+02 1.093068743229154194e+02 9.544385457530988504e+01 7.508738193391762650e+01 8.450222959758683317e+01 7.882537752500886086e+01
7.845108161807941372e+01 5.829233757509617675e+01 4.703076429141917458e+01 6.719710842398929174e+01 8.194886024320329909e+01 8.160893459936174565e+01 6.151556127837621801e+01 6.151556127847717903e+01 7.567387102323606030e+01 7.548095079163169885e+01 6.070024276355228920e+01 2.796729435799705499e+01 3.387069451174610890e+01 4.746853894794387685e+01 4.711281398685127897e+01 6.094497166575179392e+01 7.293544746390054456e+01 7.918731860471547179e+01 6.421032676114040783e+01 7.046832397685473381e+01 8.194601117368910081e+01 6.914768820082201728e+01 6.086054678084109781e+01 4.332981455017048233e+01 6.331126580629054956e+01 7.944521142170148664e+01 7.944521142170177086e+01 9.948765905824554068e+01 9.926414349516497282e+01 1.073882938934633131e+02 1.050984820336325498e+02 1.130020325784545605e+02 1.099816229157380576e+02 8.953169525336386414e+01 9.544385457530988504e+01 9.942878346116543753e+01 8.680626629453549015e+01
