MOVIE_S9_data/elevation_000042.asc
nrows	100
cellsize	150.0
xllcorner	0
ncols	100
yllcorner	0
NODATA_value	-9999
[rows 0 to 16 of 100, columns 0 to 36 of 100]
8.271705653423140625e-02 1.422485268026530747e+01 3.422485268026601091e+01 4.079088665907424627e+01 4.922804025037298459e+01 4.717291337254312111e+01 5.242710799086544426e+01 6.285822180669744341e+01 6.122680558233352599e+01 7.028710169003625197e+01 8.416025245432285828e+01 8.883633334760004630e+01 9.836297939161715931e+01 9.045294129162364527e+01 8.168569793011347713e+01 8.588324211585525347e+01 8.433350867698192133e+01 9.289578508359448961e+01 9.096589547134887255e+01 8.496369359370611107e+01 8.496369359370611107e+01 9.344458182325037399e+01 1.055844828968341602e+02 1.013494404818748365e+02 8.999466917934087462e+01 8.181557170960229541e+01 8.436253225270642986e+01 8.960395035956145193e+01 8.142662830399295615e+01 8.076091299898101283e+01 8.491764343798216430e+01 8.939616426888402145e+01 9.445079284510870821e+01 9.662190978045653367e+01 1.048570683624410123e+02 1.172325404215889790e+02 1.046128913228627511e+02
7.813061968023242432e-02 2.007813061967987878e+01 2.595288156353849374e+01 2.046950812409301435e+01 3.238573672639066814e+01 2.710711953723165379e+01 4.009698199152484932e+01 3.907965299241326562e+01 4.020610570042298093e+01 5.053677889884629337e+01 6.762576597945859191e+01 6.171889938146313170e+01 8.810993743823462410e+01 7.828453859555909844e+01 6.064656370155865517e+01 6.514849295700072673e+01 6.360169808566173089e+01 8.093652414598879830e+01 7.053329765304449950e+01 6.455603194400883638e+01 6.455603194400883638e+01 8.496369359370611107e+01 8.506648074373342183e+01 9.312561601162198599e+01 7.353604464466909008e+01 6.233223320480244212e+01 6.485250683559279139e+01 7.831144606224162885e+01 6.194307691294157081e+01 6.127027530781954567e+01 6.542084947755317614e+01 6.987474455044080912e+01 7.487430054812672608e+01 7.700910580252113391e+01 9.569417720367965785e+01 9.729345350562016392e+01 9.613708838554023828e+01
2.526786264046545702e-02 2.886425506851629574e+00 5.786299627807052204e+00 8.793015751019304105e+00 1.199572787011891961e+01 1.543673454473500861e+01 1.917730609619528792e+01 2.322879177929191741e+01 2.843098681853658505e+01 3.437158409994479769e+01 4.220543047946911486e+01 6.829613757513889993e+01 8.189233135384858997e+01 6.030693461064267069e+01 4.895030107519563956e+01 5.063895924014609307e+01 5.176839063109942884e+01 6.991465814454001304e+01 6.147081162440736080e+01 5.026896284786973013e+01 7.053329765304449950e+01 8.774030601633737092e+01 7.061038082338295396e+01 8.774030601633737092e+01 8.436253225270642986e+01 6.485250683559279139e+01 5.107775701622800568e+01 6.225667912709839413e+01 5.068515218255329557e+01 4.746799751284386559e+01 5.165495229200586635e+01 5.614691797290924313e+01 6.118245256091256579e+01 6.803362711731539036e+01 7.767723092656811446e+01 9.729345350562016392e+01 8.783046407535977096e+01
4.163169627051844027e-03 2.000416316962669683e+01 2.595288156353849374e+01 2.905833329159858280e+01 2.373052674276351581e+01 3.603573307225104827e+01 3.356103721046014954e+01 3.484001618978706460e+01 4.515139770848463030e+01 5.834951307124160280e+01 6.493757358042277872e+01 7.449270325984899443e+01 8.905133224721880936e+01 7.391202910741112930e+01 5.330150828633335180e+01 3.896937122361996586e+01 5.933819007104050769e+01 6.147081162440736080e+01 4.129398139343154384e+01 6.147081162440736080e+01 7.683958485795297122e+01 6.837706138112862675e+01 5.889971505088418979e+01 7.926019649394105215e+01 7.531311831988624306e+01 6.717838593640740896e+01 6.225667912709839413e+01 4.270543817603857661e+01 4.190235414824800841e+01 4.885391563181025987e+01 6.835514607930993236e+01 7.559243600758406956e+01 8.060812239006654067e+01 8.748534221609418182e+01 9.569417720367965785e+01 8.724982907238445762e+01 7.890712554421597247e+01
5.883922493566802470e-02 2.005883922493531202e+01 3.135778412843566798e+01 3.805541185679009430e+01 4.420897343911384780e+01 5.271698548552488006e+01 5.379736662918610079e+01 5.587243653105191044e+01 6.836823727740353718e+01 7.616623394371792699e+01 7.506442296038399320e+01 7.973628732904235505e+01 8.565608111336952391e+01 6.302565074686093993e+01 4.650620193366513178e+01 3.449191974758779367e+01 5.480276201174235950e+01 4.935211170013739945e+01 3.611796433314320609e+01 5.626117646015243423e+01 6.837706135593126078e+01 4.813702154305402559e+01 6.837706138112862675e+01 8.242694826653632845e+01 6.717618638117794205e+01 4.764075196206614748e+01 5.336257723889200122e+01 3.744528870625979522e+01 5.703139018958908935e+01 6.835514607930993236e+01 6.119443578459195265e+01 7.493260356655537180e+01 9.454521459870086630e+01 9.490984145296827990e+01 8.320897926686031099e+01 7.484962362277481418e+01 5.853570986091725814e+01
1.256007409845548775e-02 5.559562780950489724e+00 1.133307916586058894e+01 1.799995544445826923e+01 2.694817183795183979e+01 3.853745836315260931e+01 5.898671314802930254e+01 7.668756071059033275e+01 7.001864902893028386e+01 6.709161440771647733e+01 6.178725491959004756e+01 7.499740042784485183e+01 8.087438636423321725e+01 5.865369370043075747e+01 4.243518244500833703e+01 3.048674088216553812e+01 4.546233698426570413e+01 2.923962176160276982e+01 4.935211170013739945e+01 5.040210180445455990e+01 5.490432777998433522e+01 4.234733061796421794e+01 6.253426515537341146e+01 7.435293836771130316e+01 5.489255457054353826e+01 4.358984533625261548e+01 3.377148231103542741e+01 5.336257723889200122e+01 5.703139018958909645e+01 7.657275451852426329e+01 8.067700434109673324e+01 8.885054074811800717e+01 8.373541485704382126e+01 8.659870440715498319e+01 6.624869954637732405e+01 5.446691319036589363e+01 4.679010856886036152e+01
9.594114293757748102e-02 2.009594114293722100e+01 3.135778412843566798e+01 3.805541185679016536e+01 4.640512890567885051e+01 5.553573950632109302e+01 6.717658211552016212e+01 6.701948520532141629e+01 5.330236207594549569e+01 5.077044925546549337e+01 6.231032949540493604e+01 7.830741185591431019e+01 7.034961956540706751e+01 6.094922334762652838e+01 5.920603043323892223e+01 4.546233698426570413e+01 2.529177770612671949e+01 2.472981139689559527e+01 4.433661851631429585e+01 3.028516103351388011e+01 3.476975167373826991e+01 4.897247954296888395e+01 6.922374094845500281e+01 7.105814763371503773e+01 6.289956504023095363e+01 5.098665248339596445e+01 3.139970612202930411e+01 4.767587905008272742e+01 5.420297822444921820e+01 6.231805459139743419e+01 7.210164836216274864e+01 7.775399014431043554e+01 6.340199339414085244e+01 7.775399014431043554e+01 8.320897926686031099e+01 7.322910464325373425e+01 5.287355105290512114e+01
7.711341127313005306e-02 7.148193958770136192e+00 1.470805414048566462e+01 2.472101960587874458e+01 3.902331317598631699e+01 5.987426848133253543e+01 6.908909293929066564e+01 5.988659069734817564e+01 4.243633970602074612e+01 5.991970071829128841e+01 7.417697751074827295e+01 7.272412830664586636e+01 5.703455732261250688e+01 3.899413968581255574e+01 5.627529955797527350e+01 4.567556687813117833e+01 3.729758530418363449e+01 2.024530074406672853e+01 2.420965951796835114e+01 4.433661844220330295e+01 5.490432775508483587e+01 6.332629102472504457e+01 7.079246946760143544e+01 6.290014334736378032e+01 4.332297217018818714e+01 4.905599335633468172e+01 4.459658143525184926e+01 2.807978652096734606e+01 3.462180898451501321e+01 4.443406398242142785e+01 6.397208366644433397e+01 6.869197337365143596e+01 4.909737695440824012e+01 6.869197337365902456e+01 6.953918837768172523e+01 6.116783959267710458e+01 5.771218165111783804e+01
2.297228869525369793e-03 2.000229722886917116e+01 3.480296657760506918e+01 4.325531489805320717e+01 5.357584983190798766e+01 6.120554779188280747e+01 5.766271366279149646e+01 4.477742000999295158e+01 3.770933783931592842e+01 4.977528178803054715e+01 6.863379093639009909e+01 6.253568327970909024e+01 3.956390312255783925e+01 2.663395115198755647e+01 3.737109589438080803e+01 3.214356513951993577e+01 1.692327708001699449e+01 3.659219895220439156e+01 4.433661424696826003e+01 5.273067593773986061e+01 5.826633946281819476e+01 6.357620452477270589e+01 5.122386035203153654e+01 5.122373508647719831e+01 4.905214700154877505e+01 2.943072734156508830e+01 2.493457886055884742e+01 4.459665466989788740e+01 5.420297822444921820e+01 6.231805459139685155e+01 7.210084709517468582e+01 6.029663106455407018e+01 4.024364976735576960e+01 6.029690562909220830e+01 6.116771008533905984e+01 4.115170536085686592e+01 4.701285860189593535e+01
9.647730019007895452e-02 8.350523939331203849e+00 1.885308513115161944e+01 3.556032809363718883e+01 5.817609579248216534e+01 4.378592562853096126e+01 4.520633893186246866e+01 3.177538606039711766e+01 5.012433864558042274e+01 6.272646233519927250e+01 6.131759156168996583e+01 5.752946827969929444e+01 3.872734310654938383e+01 3.737099023876678672e+01 1.659930349024446272e+01 1.362326052212103100e+01 3.419357062708855466e+01 4.132191909815765740e+01 4.958947768747345464e+01 5.317973098096857854e+01 4.048038722567630998e+01 4.568977149400593163e+01 5.122373444803292841e+01 3.158055649790060571e+01 3.880026960805045633e+01 2.180694462250104948e+01 4.163238325480246260e+01 3.886645022508725589e+01 5.843063128741351164e+01 7.449304656519615264e+01 6.621757058501313509e+01 5.395403148400297511e+01 3.405338858678730674e+01 5.395547626668690100e+01 5.302278658932587518e+01 4.470507770415252935e+01 2.716235299520664270e+01
3.582433992925927735e-02 2.003582433992890444e+01 3.709694378074321719e+01 4.835787752262975658e+01 4.852312313782604036e+01 4.065974623917851005e+01 2.650812571313873889e+01 4.519573217347753058e+01 5.780622813620146161e+01 5.575352975700833014e+01 4.242172856798062952e+01 5.574971057058512969e+01 3.996144655867163920e+01 1.982081534924955335e+01 1.035296954992450580e+01 3.025458134512324548e+01 2.965729605820249759e+01 1.220776103293126802e+01 2.917586736858008223e+01 3.620636815140410647e+01 2.750322095148788293e+01 4.568745290758717914e+01 4.419929232318420986e+01 3.605643548790917663e+01 1.873150926975187502e+01 3.880026960805044922e+01 4.974876933025830539e+01 5.843062079580849399e+01 6.655387238509484860e+01 6.293688861514313260e+01 4.618635620055702873e+01 4.843390721124369946e+01 2.853678965805814727e+01 4.843515847964967946e+01 4.243048437275636076e+01 2.473710623502461203e+01 3.885185926612197704e+01
1.813270376062421294e-02 2.001813270368496589e+01 3.985488327112722118e+01 4.357153141357350989e+01 3.633007616676272278e+01 2.170689348782133621e+01 4.065974623917851005e+01 5.290556289312519311e+01 4.850010129933322389e+01 4.734661501236483616e+01 2.913962770627785304e+01 4.734631414231580493e+01 4.747306512126368006e+01 3.011588018487248064e+01 1.397898165029480033e+01 7.354212467669831277e+00 7.196577134573172607e+00 7.553618239235321496e+00 2.305305486929799130e+01 1.706576518189294944e+01 3.476349747572704985e+01 4.074790721149612693e+01 3.338317534082300853e+01 1.575936118265090791e+01 3.604383264777725771e+01 4.677578441032342482e+01 5.855641142149995204e+01 5.130938479776357042e+01 5.248976206213560403e+01 5.465254356795207968e+01 3.471400339261670354e+01 4.314132678255307951e+01 2.344884042713121630e+01 4.017974407529005276e+01 2.236225209836842254e+01 3.657706084106344235e+01 5.302398145220210068e+01
2.372884694381488524e-02 1.157073423089891762e+01 3.157073037737666255e+01 3.417059625517061505e+01 1.713002041699430933e+01 3.633007616670203532e+01 4.731142776018020868e+01 4.030957548000981205e+01 3.045964835229866807e+01 3.077941439554794556e+01 2.086081891005306943e+01 3.956256413392370064e+01 3.600894383013930877e+01 3.009094592134269419e+01 2.371259923014267201e+01 6.690961583623196596e+00 2.299740674983612720e+01 2.536314488789053812e+01 8.071011168774935740e+00 2.631653194884148661e+01 2.369428551529136229e+01 3.059853818744333864e+01 1.281107161009787276e+01 3.298884321862677638e+01 4.012456544949731096e+01 3.985911671506664788e+01 3.368191943953934242e+01 3.051055079517714219e+01 3.608513241233707447e+01 4.808844266413997559e+01 4.314130793408465081e+01 2.318018604637978086e+01 1.861032538889282861e+01 2.008897044713269509e+01 3.988687559813907058e+01 5.074121239831139007e+01 6.491167806915605354e+01
8.175220331382776484e-02 2.008165592653150711e+01 3.728840831240697185e+01 2.787229075125680566e+01 1.407729920155984793e+01 3.307878547492809673e+01 3.115296882559312763e+01 1.659149524189923852e+01 2.224426293369529972e+01 1.284022934826232287e+01 3.033558813074621696e+01 3.687290708483917712e+01 2.930907752490209361e+01 1.248252563139270066e+01 6.186079788130816048e+00 2.591582673742372833e+01 3.224418446653452719e+01 3.123231296528367906e+01 1.812200911661606995e+01 8.592188826382155753e+00 2.106852229198416282e+01 9.820154618072011843e+00 2.954258231030230775e+01 3.548158078979150076e+01 3.443692182454363859e+01 1.152899165828622685e+01 1.178659377804990704e+01 3.179729723974111266e+01 2.482558586627942532e+01 3.986395687066550408e+01 3.559657222402232435e+01 1.677048630449027655e+01 3.650569590175012280e+01 4.014146881860692417e+01 4.297545504321399790e+01 5.254489285078436467e+01 5.878404023701639147e+01
9.124702163186203252e-02 2.008989584203013479e+01 2.541713046430945511e+01 9.795414270305503379e+00 2.935062886573012975e+01 3.297047529518310682e+01 3.047325024124536430e+00 3.079399214370410309e+00 7.248167953441840616e+00 2.167248760230049953e+01 2.291872274836408607e+01 1.857684117006165891e+01 2.441526801861128959e+01 2.531606990261641954e+01 5.830871227065049567e+00 2.530852555313265384e+01 3.753304845508897358e+01 4.158131820993738614e+01 3.545784695066627279e+01 2.190306493334540860e+01 9.108375379512931858e+00 9.477747884352542229e+00 1.701959190074934725e+01 2.534881408453623308e+01 2.894798667623427946e+01 1.126970013207241728e+01 2.493812992939263040e+01 1.233170193041356555e+01 2.807540704738780235e+01 3.303287080327584846e+01 1.507327308507656127e+01 2.385515093158699429e+01 3.510239288696184445e+01 3.515229014275757891e+01 2.449127891965995829e+01 4.059142609431447823e+01 4.640914274415582952e+01
2.239863785106879432e-02 2.839225700976560240e+00 5.665329085125224040e+00 2.541271579594603125e+01 2.970170482998667083e+01 2.252922527501288386e+01 2.593464725544238014e+00 1.754233297014735982e+01 3.576483882616385390e+00 3.930277815474040537e+00 4.281552962494182601e+00 4.631355208926873246e+00 4.981384026685262256e+00 5.332835972524713419e+00 8.087918275201836593e+00 1.020557125762244866e+01 3.021302156225691959e+01 4.316866319132982710e+01 4.827540750925614788e+01 3.248744444811347165e+01 1.620645561609954299e+01 2.948640681948922904e+01 9.996980792301146224e+00 1.036722920176510776e+01 1.073922424751534876e+01 2.433971412789624722e+01 3.335133384906907850e+01 2.492109165131361337e+01 1.286844640971364662e+01 1.324568393038443581e+01 1.540469708675563965e+01 2.780340816128662240e+01 1.477043268487629213e+01 1.517530086636575426e+01 2.449119269701788326e+01 3.371010956173506656e+01 3.628908908144750001e+01
1.766589122093755945e-02 1.998093167258398850e+01 2.497433899445294969e+01 2.785596786153432092e+01 1.808693764012248195e+01 2.100341152046353077e+00 1.736659220425889671e+01 9.840536520207809446e+00 2.180758042063607505e+01 2.400637727677965572e+01 1.897945967167249037e+01 2.496180130835534783e+01 2.428095532044331861e+01 5.677911370590399187e+00 2.605359306154725374e+01 3.020434146196754810e+01 1.512908588204294347e+01 3.506435039052486502e+01 4.856890904225262062e+01 3.354079980763810909e+01 3.338931526069853817e+01 1.447121149747207092e+01 3.463422612183438787e+01 3.319959767240737136e+01 3.171743054957576291e+01 2.018124775333297549e+01 3.194970417199672497e+01 3.922387541678598666e+01 3.236727210288368894e+01 1.633404042859053362e+01 1.379759455089664932e+01 1.420136564361304821e+01 2.117472591800400750e+01 3.143047568643160616e+01 1.576171283127803413e+01 1.618194609680444174e+01 1.660365274812318859e+01
