MOVIE_S9_data/elevation_000418.asc
nrows	100
cellsize	150.0
xllcorner	0
ncols	100
yllcorner	0
NODATA_value	-9999
[rows 68 to 84 of 100, columns 37 to 73 of 100]
1.011744047750176065e+02 1.011887097250539398e+02 9.295803482904513260e+01 7.918874711435256586e+01 7.072096141622860443e+01 8.289948742525095327e+01 6.275041840907818624e+01 5.101240419188891195e+01 7.126639343709143759e+01 7.044377267226245465e+01 9.049649163168828636e+01 1.077628222876644628e+02 9.958503616884020460e+01 9.801020995895368060e+01 8.487559056409149605e+01 6.474988094717582499e+01 5.038381702313713362e+01 6.729119057982660479e+01 6.128545343312985949e+01 6.884167842327379105e+01 5.109028250102118562e+01 5.481375781003275449e+01 7.498066990681572008e+01 8.496248637514925406e+01 8.988000484350929753e+01 9.593746960954329950e+01 1.025612082269870058e+02 1.107157942726898341e+02 1.205572236050932133e+02 1.277618641829670878e+02 1.080544114327381067e+02 1.058840887784242994e+02 1.069215969897643106e+02 1.206904813210656187e+02 1.162355842811885793e+02 1.243919878883511529e+02 1.145043019142560752e+02
1.044301196271482866e+02 8.455988588809604778e+01 7.296257152123386902e+01 6.578909938288877868e+01 5.901006167550919201e+01 7.182053552710253541e+01 6.806359905628377760e+01 4.783825651464655948e+01 5.610026702098371487e+01 7.631707759830226223e+01 8.696326228596750241e+01 9.522067091234306702e+01 1.073207358043823945e+02 8.735598902226797691e+01 8.576024500411666907e+01 7.747276495688714704e+01 6.723980348698455600e+01 4.705115128971675631e+01 4.705849513723080690e+01 4.870218459410160250e+01 6.679618566022617188e+01 7.488988571418283868e+01 6.034181355602474639e+01 6.463208797514776904e+01 6.960455678253480016e+01 7.584713179981079634e+01 8.268999237465565955e+01 9.272145793505075062e+01 1.124009585189233320e+02 1.230562957213454922e+02 1.033360324161668871e+02 9.196005469533282906e+01 9.299800369499837416e+01 1.108865917106823247e+02 9.651621697366367414e+01 1.130117521992865619e+02 1.063073135781055072e+02
1.126609011851749500e+02 1.011887097250539398e+02 9.295803482904513260e+01 8.344021731480710002e+01 6.331433809072016317e+01 5.161576353460083766e+01 6.514403550736766135e+01 4.500694232098314274e+01 5.923857477369196545e+01 7.940112885657154607e+01 6.669495006115607794e+01 8.357509414059659036e+01 9.522271849696558377e+01 8.735581933106361419e+01 6.769102193495650965e+01 5.782263509524928224e+01 5.111679009318742573e+01 4.479659657651156124e+01 6.496959342062763199e+01 6.884156404624565084e+01 7.676136255846729739e+01 8.806958777362456203e+01 7.473488335857658171e+01 7.647402061935223117e+01 8.988000484350929753e+01 8.623321085211100012e+01 1.025612082269870058e+02 1.107157942726898341e+02 1.205572236050932133e+02 1.312067633368478994e+02 1.198285850845015545e+02 1.028616712917177125e+02 8.312109982813548470e+01 1.028616712010105800e+02 8.511058057152285983e+01 1.041886263253498299e+02 1.145043018720573542e+02
1.057575374792322975e+02 1.070139220471020849e+02 9.870929222674048731e+01 9.169413875367065714e+01 7.707585944619313523e+01 5.690676491607668197e+01 4.534861308399162283e+01 4.238420104999051574e+01 6.235130253191541527e+01 6.482547968669345551e+01 5.438965429992391876e+01 6.669495009894089321e+01 8.696344726040777573e+01 8.641880188050430434e+01 8.573203957727274371e+01 7.747004784163490854e+01 6.366251847985120804e+01 4.356962802315826622e+01 6.366251837208714193e+01 7.087742049955112122e+01 7.916086937061342610e+01 9.333502278905505989e+01 9.485418196513370503e+01 9.655767243698984714e+01 1.047385494546664972e+02 1.061063773022794692e+02 1.142733666071775502e+02 1.189039098932815364e+02 1.162581680614928956e+02 1.244085118616926593e+02 1.121616190196349407e+02 9.242931631677788573e+01 7.842915567217073658e+01 9.210476970535994212e+01 7.623479981711950870e+01 9.540389909685072212e+01 1.035273031981547547e+02
8.581586282372491326e+01 9.542388350123209761e+01 7.862424151053178889e+01 9.542388350123209761e+01 8.534830168784496607e+01 6.780031491183572712e+01 4.748594597646192028e+01 3.991515450590222969e+01 5.662583654026204982e+01 4.346252505837367863e+01 5.807548052986432197e+01 7.884493255788920862e+01 8.640988522673534078e+01 6.619766434632360586e+01 6.988836986516012928e+01 7.245152054149117760e+01 6.237091870944407646e+01 4.238257188902275630e+01 6.237091716041194189e+01 5.065310035911592479e+01 6.498681359254663903e+01 8.282198617988892408e+01 8.916487980522011014e+01 9.621227563575787656e+01 1.044132637137204256e+02 1.158435672843586843e+02 1.130805761065636119e+02 9.911114276368250842e+01 9.645102097497171201e+01 1.129949140015297502e+02 1.159290723131581160e+02 9.620536227556056019e+01 8.222405321308897896e+01 7.229020362340337158e+01 6.875691431151439303e+01 7.570306053886029929e+01 9.218095203984087505e+01
7.162732828369829008e+01 8.711318278905007162e+01 6.691975459143755245e+01 8.711318278905007162e+01 8.201570096728767112e+01 6.191210921329815875e+01 6.738618629164673735e+01 5.062228472395222667e+01 3.721874221140951988e+01 3.824115615420601699e+01 5.813300420549906988e+01 6.792422538730644987e+01 6.956215040540384109e+01 6.984664923216679711e+01 4.979066639924128168e+01 5.239383317888599834e+01 5.942703714623166888e+01 4.123346000088003649e+01 4.492233724734902012e+01 6.503916360410522657e+01 5.722378452583460984e+01 6.266465858751482187e+01 6.910688863578621977e+01 7.627923010984162033e+01 8.784515593118223364e+01 1.076419737087134507e+02 1.031731748773170523e+02 8.505821373401896324e+01 8.497171117056302592e+01 1.041331991736564078e+02 1.155675769751487536e+02 1.101555709447322187e+02 1.002763131204772122e+02 8.375418542717760317e+01 8.406502966387827769e+01 6.435715079988239040e+01 7.416916667647177519e+01
6.149318100784192609e+01 7.091815739414916209e+01 5.972485681962950821e+01 7.997372778208237776e+01 9.023218790578705750e+01 8.201570096728767112e+01 7.771741317716380593e+01 6.473154940992398565e+01 5.377047241880443096e+01 3.457023683421430604e+01 5.346179495510056512e+01 4.692197746891887533e+01 5.124570897647377166e+01 6.367376238758177465e+01 5.663452919235614758e+01 3.873809181881797059e+01 3.975551550717945304e+01 5.942582431343721083e+01 4.915974330575446771e+01 6.932726339541528660e+01 7.743471376931036332e+01 7.376382151099814166e+01 8.282198612112418346e+01 9.621227563575787656e+01 1.044132637137204256e+02 1.052632788843622933e+02 9.498326188575735785e+01 7.518430393670011824e+01 7.613967635787292920e+01 8.755918583528560362e+01 1.074001425963332110e+02 1.120670973741452059e+02 1.116890185200311549e+02 1.035118799657997215e+02 9.225194598663347278e+01 7.416916667647177519e+01 6.034065066070147765e+01
6.801284233754265074e+01 5.065104750946977674e+01 7.091815739414916209e+01 8.630445720288679468e+01 7.966226869340538030e+01 7.136321900546346342e+01 7.966199431230556627e+01 7.031477611631444802e+01 5.191908207906269013e+01 3.276209244021416822e+01 5.066838319751916941e+01 3.343448933320928518e+01 4.762268473732213181e+01 5.470696645691797499e+01 3.731348401740002174e+01 5.667876021138850717e+01 5.092134583204253317e+01 6.762330652378072671e+01 6.343502688516111476e+01 5.924447969725972030e+01 7.941001945042634702e+01 9.376831124073325441e+01 1.019861126605970156e+02 1.109406539028204435e+02 1.110866273302197555e+02 9.127895103886861250e+01 7.732242307706421514e+01 6.786489548343111267e+01 8.749995917841005166e+01 1.041331991736564078e+02 1.066253963478712166e+02 9.317333091949744528e+01 9.766722444700685912e+01 1.055787798876028489e+02 1.021089989668241031e+02 8.813908282164790364e+01 7.037018115947235231e+01
4.896880763496026390e+01 4.617711561080255223e+01 5.782225245445762596e+01 7.799321819428209324e+01 6.975187608847113552e+01 5.163163565508502018e+01 6.975133855379411330e+01 5.692038174085212887e+01 4.303974611651887017e+01 3.088829693984957103e+01 3.196008835324190756e+01 5.075769941486820613e+01 3.486841431123242074e+01 3.587067021909085440e+01 5.510981164634349483e+01 6.495980050605336942e+01 7.089918890566966070e+01 7.901656448591022297e+01 8.355234708841270219e+01 7.355190317397858735e+01 7.355190283709612231e+01 8.773653058436042329e+01 1.075939936634317320e+02 1.126503021186853175e+02 1.012273866863298366e+02 9.304273486882972577e+01 8.310942546195894920e+01 6.361399026872113893e+01 8.310942546195894920e+01 1.014610100118866853e+02 9.870718699190886980e+01 7.970234251341601350e+01 7.864972836724960814e+01 8.916234164777219462e+01 9.706306608455916773e+01 9.827116785308626845e+01 8.432067450627940275e+01
6.223678588511391041e+01 4.216029505217912288e+01 6.223887694670378323e+01 7.914413938093180434e+01 6.149742610470779169e+01 4.228745110416511466e+01 5.244175596621564495e+01 4.756855384979492385e+01 2.953126223747113244e+01 4.883160713728741342e+01 4.216921251334606069e+01 5.625016096457671466e+01 5.586047274909881821e+01 3.865492095324739097e+01 4.141222935837411256e+01 4.619997010354880018e+01 6.663453790913978025e+01 8.319116311039836376e+01 9.216274721920011359e+01 9.355276321498483583e+01 9.355264686305895339e+01 9.034360684622676274e+01 9.859473830844142128e+01 1.044801199199851141e+02 8.466998793445087301e+01 7.333030874840730462e+01 6.603669507516262627e+01 5.995122644171939896e+01 7.359146023776771983e+01 8.761068340385656938e+01 9.578109962118227827e+01 8.668746796604644089e+01 6.742679578157162723e+01 6.995648216726173985e+01 8.599684954000414905e+01 9.686517580195234700e+01 9.466539398209324929e+01
5.067530039131865038e+01 3.923958746135396325e+01 5.069153966508737597e+01 7.083704318929979138e+01 6.975187588836156749e+01 5.244175813564118727e+01 3.359419622043945708e+01 2.814296312616249907e+01 4.756855384969622236e+01 5.704011422294512101e+01 6.085190533029557258e+01 6.755609915127956810e+01 6.782204206467129382e+01 4.599855795889079246e+01 6.152589595774428943e+01 6.071575245027363366e+01 5.461565720479342190e+01 6.379210721419552499e+01 7.809386051222182346e+01 9.803375989859358697e+01 8.706339083741890761e+01 7.035551360620463868e+01 8.706339083741890761e+01 9.946254322316700325e+01 1.012273674770534768e+02 8.711986216292400798e+01 6.753851422111519298e+01 5.643008484970773964e+01 7.163365002357561195e+01 6.804289371130514041e+01 8.154946159309122322e+01 8.971586460880784841e+01 7.807383350668141020e+01 5.863896460413596401e+01 6.969721599748284291e+01 8.894281154844867388e+01 8.853432517422628223e+01
5.640719774451212487e+01 3.653497184022565847e+01 5.258268970794858888e+01 5.997484059937806933e+01 6.824630587205777488e+01 6.059707749893355100e+01 4.668415686771040640e+01 2.716655518222256305e+01 4.599731964019917285e+01 4.038746082017225802e+01 5.718695853321653999e+01 7.909460042383828693e+01 7.659839628278326984e+01 5.771995779375170343e+01 7.658042061911790199e+01 8.092375003671104139e+01 6.486364825977508985e+01 8.319116311039836376e+01 9.216274721770416534e+01 9.314382894907902255e+01 7.880338885015216022e+01 5.870895129100155430e+01 7.120834136655288660e+01 8.057749675925056465e+01 8.886048569117058094e+01 9.530399294421856382e+01 8.383556030036204731e+01 7.154142048358257000e+01 5.219502737909282786e+01 6.774603100891643237e+01 6.203070679699166590e+01 8.154675921678905581e+01 7.325516506494247437e+01 5.364158352349086556e+01 6.729636715705058236e+01 7.530992446533149121e+01 6.861978819314936118e+01
6.465376235740193067e+01 5.258268970794855335e+01 3.278198298584666048e+01 4.044545900212559530e+01 5.697046660093422332e+01 6.029083752678882746e+01 4.204361129290139587e+01 3.580231819041939190e+01 2.580075638646318836e+01 4.892051394488552774e+01 6.360326618897477147e+01 8.510331519920868004e+01 8.692887043134518876e+01 7.860318438411901809e+01 8.692936311702423779e+01 9.321481382302764018e+01 8.498902984225532009e+01 9.321481382302764018e+01 8.878596968762785480e+01 7.982652178298005197e+01 6.483183854875750285e+01 5.104409873468906511e+01 6.637403291917590309e+01 6.049126835755564713e+01 8.057750377845259493e+01 8.015500335603448434e+01 8.779226265912032545e+01 7.972314916500148740e+01 6.774603100891643237e+01 4.820218639604392763e+01 6.202774645346218563e+01 8.146650248231607350e+01 8.075762189430921012e+01 6.729636715705058236e+01 4.737496583981037901e+01 6.173915616800310602e+01 5.448339414865044006e+01
6.150453332746292290e+01 6.087786624267156554e+01 4.890791894187918132e+01 2.905434018717664557e+01 4.542529731667218584e+01 5.154913227027162037e+01 4.327320075033505020e+01 2.445413088803481472e+01 2.623163097513139519e+01 5.002464438990600826e+01 6.879142766058947700e+01 7.887018663706899702e+01 9.092626002165118848e+01 8.253231247564019668e+01 9.092705565329531225e+01 1.022556310408723874e+02 9.636547085356478703e+01 9.464542548688353918e+01 7.468472967254444939e+01 6.045370773167908141e+01 5.139110099009156585e+01 4.469030819210163941e+01 4.622877214324775252e+01 6.637343629334037587e+01 7.726211928929450323e+01 6.206866722178682494e+01 7.712375585124128463e+01 6.979911597396177569e+01 6.168127592940999904e+01 4.560622863637269120e+01 6.520152589203190985e+01 7.105162862314669781e+01 5.939096057358364789e+01 5.933117023948406654e+01 6.038120702957614583e+01 4.166395502485681135e+01 5.880935867626195090e+01
5.142938088307928979e+01 5.978355117286946552e+01 5.719340590456074835e+01 4.542529731667218584e+01 2.539956371434388060e+01 4.201522139335485662e+01 2.310625678421943974e+01 3.730999881725907841e+01 4.995327326367308274e+01 3.957934465279886638e+01 5.036384832245718002e+01 7.057612708195605933e+01 8.054780136819006486e+01 6.157140620473563075e+01 8.054780136819006486e+01 8.183777782817988111e+01 7.582021034707247509e+01 9.024927021641721581e+01 8.878596968763952191e+01 7.982652178298005197e+01 7.155220732556912822e+01 5.875893498714982854e+01 3.881923943507018748e+01 5.875889747578739275e+01 5.979322675751675575e+01 5.130620300723093408e+01 6.614807128065946529e+01 5.826823402027546450e+01 4.207377603131935473e+01 6.168127572013658977e+01 7.311886830418680461e+01 6.153232333660078268e+01 4.323699740116470736e+01 4.504069843121774852e+01 5.236677443436255430e+01 3.835063326890642799e+01 3.884981431282236741e+01
3.119949090465210872e+01 4.809443992684211366e+01 5.956821495405702649e+01 5.325207079927713494e+01 4.125338259566589727e+01 2.176345007157318889e+01 4.201521838097819739e+01 5.132914782417591226e+01 6.437257713594846109e+01 6.046996539425391859e+01 6.879152979017899838e+01 7.887086533699847735e+01 7.205184330572257068e+01 5.089404511433088629e+01 7.205184330572257068e+01 8.183777782817988111e+01 6.072206443455319658e+01 8.183777782817988111e+01 8.177056434836380561e+01 7.353093872628444672e+01 6.944363671496282109e+01 4.935579561469915433e+01 3.554672485049555775e+01 5.079355118023846671e+01 4.026041717778333862e+01 5.803067380134928044e+01 5.495470178834887065e+01 3.873151998794615736e+01 5.826807792432825295e+01 6.335645577426690522e+01 5.537523780509513927e+01 5.513089711269007154e+01 3.666167540893885501e+01 3.715713018942258827e+01 3.765196431978762348e+01 5.785719261819022563e+01 5.885513675662208755e+01
1.911446579964190562e+01 3.100952656211821434e+01 5.126135723845040104e+01 5.598092131718455278e+01 3.544368866401628537e+01 2.086541316669863022e+01 4.104560884109441332e+01 5.935598302731973774e+01 7.088056396516071800e+01 7.304207862499393400e+01 8.122250669579349847e+01 7.947625278735263521e+01 6.499923974613705013e+01 4.399195351250691743e+01 5.994277858702506023e+01 6.529636644139307577e+01 5.308742206075070413e+01 7.437224576306735457e+01 7.353093872628518568e+01 5.355232969790996833e+01 5.940392138983973780e+01 5.369263697007804836e+01 3.424397400500901512e+01 3.118763587350081323e+01 4.792911027256362644e+01 5.154724038587943369e+01 3.553968771526335502e+01 5.491976691118298959e+01 6.150286924043796688e+01 5.265566072547004239e+01 3.547648258062520910e+01 3.596079516871257198e+01 5.285705414873094554e+01 6.056109252291843603e+01 4.989304903143650449e+01 6.891437541765328945e+01 7.072095895037379876e+01
