MOVIE_S9_data/elevation_000106.asc
nrows	100
cellsize	150.0
xllcorner	0
ncols	100
yllcorner	0
NODATA_value	-9999
[rows 0 to 16 of 100, columns 0 to 36 of 100]
8.271705653423140625e-02 1.422485268017828197e+01 3.422485209365353853e+01 4.347322397583253206e+01 3.518554251013836875e+01 3.872278714549301526e+01 4.237652751137840568e+01 5.034317429423488477e+01 6.253522819540442867e+01 6.863400982017617480e+01 7.750875683218990275e+01 7.781342296758202792e+01 8.618365423516691237e+01 9.645729648188311955e+01 8.807309065174041507e+01 9.290253074667390365e+01 1.012944865910969838e+02 9.478650916884490130e+01 8.641861076846679168e+01 9.167494726913723468e+01 8.862219756574238261e+01 8.862219756574238261e+01 9.698850001627687334e+01 1.045802794099297159e+02 9.654245257902789490e+01 9.494422891217863025e+01 8.676817040640598577e+01 8.676817040160976546e+01 8.792425501485708139e+01 7.977106693156753181e+01 8.394436239016900458e+01 9.210556857703444678e+01 9.698896669992721797e+01 9.813382445066135062e+01 1.063514049505790382e+02 1.063789010680150540e+02 9.814060312639070105e+01
7.813061968023242432e-02 2.007813061967987878e+01 3.868712614811619943e+01 3.040285241564951235e+01 1.518376678804758306e+01 1.871930070576482308e+01 2.237078447307908391e+01 3.630232680443572235e+01 5.138309270207630419e+01 4.830928209966149467e+01 6.351388334602761887e+01 5.759082009908839694e+01 7.781342296758202792e+01 8.492147831007459047e+01 6.820042819542655366e+01 7.293560437562035759e+01 9.066827030739734994e+01 8.316951916705706083e+01 6.633081131745078096e+01 7.153672501231422132e+01 6.851424838962140029e+01 6.851424838962140029e+01 8.862219756574238261e+01 9.348961831339734374e+01 7.741381881328919690e+01 8.676817040612328924e+01 6.716873067700016975e+01 6.716873067699997080e+01 7.657725955856616906e+01 6.012990758458903429e+01 6.436987159941286052e+01 7.740705613871907076e+01 7.740705613871907076e+01 7.858535688967835142e+01 9.813382445066135062e+01 9.814060312639070105e+01 7.849083247721659973e+01
2.526786264046545702e-02 2.002526786264010994e+01 2.644226222848798358e+01 1.040285234655117108e+01 1.594985418663702070e+01 2.198007726007992702e+01 4.196523301824561258e+01 2.802775657030770873e+01 3.219835933751920010e+01 3.667173203059366671e+01 4.334857254905278268e+01 5.496794348433110855e+01 7.518785429631923023e+01 7.659960363307308739e+01 5.696191766393783240e+01 7.566371195636763503e+01 7.071777589964855792e+01 7.424444309331227032e+01 5.494595048375062163e+01 5.751213603588881540e+01 5.453707559488209000e+01 6.591610962086727454e+01 8.599803587789251935e+01 8.549853072514891039e+01 6.624021816869134227e+01 7.437973878705432185e+01 7.290927366492537942e+01 5.314846023657520391e+01 6.302886694770190701e+01 4.858165850022356125e+01 5.288799476917852616e+01 5.776445198394651470e+01 6.478375189662369849e+01 7.606005194503251232e+01 9.558193479500513945e+01 9.814060312639070105e+01 7.849083247721659973e+01
4.163169627051844027e-03 2.000416316962669683e+01 6.442262174644438844e+00 2.058439779873009456e+01 3.594445040266743518e+01 4.196523301824561258e+01 3.197922096827350202e+01 4.810923079855854922e+01 5.227301059778258008e+01 5.087696021777659183e+01 4.937073051609310426e+01 6.956252555341143307e+01 8.355982316991617154e+01 7.005370831002794318e+01 5.046813380511252234e+01 5.595668974342444102e+01 5.684410656570449305e+01 6.593256029783478311e+01 4.617560602676536519e+01 4.617560602676536519e+01 6.593256029783478311e+01 8.275137420294899471e+01 9.436598870153547125e+01 8.549853072636543061e+01 6.624021816869134227e+01 5.484845324754839879e+01 6.640612485517715413e+01 6.302886695029148711e+01 4.308338109399365834e+01 6.302886695029148711e+01 7.264302486287610350e+01 7.740705613108021055e+01 7.168455439315104627e+01 9.122239746357318779e+01 1.037884534192898656e+02 9.410669299396224119e+01 8.599272406909759070e+01
5.883922493566802470e-02 2.662617444552150214e+00 2.266261748685641564e+01 3.472653538558354569e+01 4.886867297243701103e+01 6.014884350092607690e+01 5.192910791330457698e+01 4.461627616412507535e+01 6.451273057042436676e+01 7.107255534475075365e+01 6.363794302989731477e+01 7.793488977063478274e+01 8.392207572287259154e+01 6.484591433984869013e+01 5.175563114097239037e+01 4.208380365654439004e+01 4.553266035047704463e+01 5.356411059780187145e+01 3.916787256619176105e+01 5.313065104545580652e+01 7.299034976299742539e+01 8.069841707781358764e+01 8.905253908520688810e+01 9.348961875549628076e+01 8.236509754976819409e+01 6.640612485517715413e+01 4.665300461097195495e+01 5.919330516273701903e+01 3.985997508114145660e+01 5.983503310917716078e+01 7.234661663697829681e+01 8.217871927545230903e+01 9.122239746357318779e+01 9.940989293535382387e+01 9.481560187978919885e+01 8.508296174911022547e+01 6.651717150559083791e+01
1.256007409845548775e-02 2.001253392281120824e+01 3.094661175800261432e+01 4.295454230700163833e+01 5.124540379590416705e+01 5.392125112500620077e+01 6.222074113242673121e+01 6.451273057042436676e+01 6.451273057042436676e+01 8.432050457035104785e+01 8.386573303307777394e+01 8.813421972444290020e+01 7.977873086497666577e+01 7.861072245333875230e+01 6.931634453789992278e+01 5.535508298431143004e+01 3.559132635628479591e+01 3.368128493722424821e+01 5.356411059780187145e+01 6.031536305851238211e+01 6.657164269544588819e+01 6.072014115368446596e+01 8.069841707781358764e+01 9.447460051186905616e+01 8.632659256638393686e+01 6.812167002296773433e+01 5.919133311318871193e+01 3.930142179522177059e+01 3.672995745763511621e+01 4.433072615556509533e+01 5.436934610661994327e+01 7.406721473907519737e+01 9.223158162772132584e+01 1.004491059418528920e+02 8.670255195503966661e+01 6.728753853878367863e+01 5.746871622595872964e+01
9.594114293757748102e-02 2.009594114273638255e+01 2.661440985324494690e+01 2.294202194852736554e+01 3.756320280313671844e+01 3.388682782079776956e+01 5.209578188056550374e+01 5.813910243949624146e+01 6.522858757615503578e+01 7.352106922227045516e+01 8.508940706235691209e+01 7.977873086497666577e+01 5.978248953595218751e+01 6.563925302298072495e+01 5.863183337531116024e+01 6.356961400780998872e+01 4.993401989072153668e+01 2.992959529647037442e+01 3.493586759035331823e+01 4.051781372599134556e+01 4.678754936380463647e+01 6.072014115368447307e+01 8.069841707781358764e+01 8.632659256638393686e+01 6.669913849404122175e+01 5.994731346769383862e+01 4.001474724060303600e+01 3.458694637750316048e+01 3.388455018000301067e+01 5.412347879816801566e+01 7.234661879596190204e+01 8.217871793752443921e+01 7.254006253365761836e+01 8.905528668197538877e+01 9.481560187978919885e+01 8.508296174911022547e+01 7.699499156861122628e+01
7.711341127313005306e-02 3.321541833999559046e+00 6.609521582817474261e+00 2.661414705703399619e+01 1.754704697078149422e+01 3.756321299626126375e+01 3.206128547505235815e+01 3.809567565768197994e+01 4.517649551514448802e+01 5.675288218201462342e+01 7.680661645954354810e+01 7.721561979094171591e+01 6.563925302298072495e+01 4.581927721703268475e+01 3.879136654614718083e+01 4.975890686824306641e+01 4.730731025583911986e+01 2.719542017009715451e+01 4.730731025583911986e+01 6.031536305851238211e+01 6.657164269544588819e+01 7.488634011944573388e+01 8.275568407375564561e+01 7.286862272913919014e+01 6.469435538728346557e+01 5.267601683036620130e+01 4.999771922710539940e+01 3.005166745256686767e+01 4.977308246237655709e+01 5.391969267618335238e+01 7.393672240490643333e+01 8.086267777801106149e+01 6.112012286602596589e+01 8.086267777801106149e+01 7.891985688727599779e+01 7.072032248434837243e+01 7.072032248434813084e+01
2.297228869525369793e-03 2.000229722886917116e+01 2.661440985324494690e+01 1.177350166857369196e+01 3.178482567818486615e+01 2.421413190095676882e+01 3.836787341373430849e+01 5.813910243949624146e+01 6.522858757615503578e+01 7.352106922227045516e+01 7.162467599884963931e+01 5.768374404515497389e+01 7.162467599884963931e+01 6.563925302298072495e+01 4.975890686824306641e+01 2.975398854073350208e+01 4.191233238920445814e+01 2.479679134229983362e+01 4.498498922485606499e+01 5.983942980041975090e+01 6.814044668753210487e+01 7.808610354057915970e+01 7.459785919195408610e+01 5.479085158261269584e+01 4.479182268354163199e+01 5.474390964597599663e+01 4.780832758730161913e+01 2.793193190593731501e+01 4.197071524389935604e+01 6.190157047862001605e+01 7.222608480172935685e+01 6.401925271664748607e+01 5.349965240655318155e+01 7.340069341586786322e+01 7.072032248434837243e+01 5.064067086092508418e+01 5.064067086092508418e+01
9.647730019007895452e-02 1.423861292392090405e+01 3.423861292392019351e+01 3.178526508622849889e+01 2.818544969460166172e+01 4.423692922128188343e+01 5.253517983972162853e+01 6.670248626584259455e+01 7.070176578772027653e+01 6.260981341354843721e+01 6.326950656594562616e+01 4.419764748601555482e+01 6.326950656594562616e+01 7.304376988924686032e+01 5.601398558849682985e+01 3.607123349690151315e+01 2.172488940595310325e+01 3.803113918212749667e+01 3.352304650464155600e+01 4.019560354174493710e+01 4.995899067173950669e+01 6.971999394378116222e+01 8.275568407375564561e+01 7.286862272913919014e+01 5.474390964597599663e+01 3.481694408500651861e+01 4.567706277452568031e+01 2.590292946477665126e+01 3.984215948283680575e+01 5.976467195143028732e+01 6.401925271664748607e+01 4.375330825218760822e+01 5.635944569764812684e+01 6.461641537055602669e+01 6.968304577072383665e+01 5.652186153532310442e+01 3.578329696384357561e+01
3.582433992925927735e-02 1.003582434863908723e+01 2.158283069325077363e+01 4.158386277926529573e+01 4.864276878295498818e+01 5.680781165461273474e+01 5.602516073143728903e+01 6.369273124662550600e+01 5.973549014347411656e+01 4.383998608060635149e+01 5.581935224318419131e+01 3.675184769101032600e+01 4.598105567261093540e+01 6.495869509456102264e+01 5.406431499131666385e+01 3.409615343154883504e+01 1.982933204560729834e+01 3.994469171841239330e+01 5.329128274835974111e+01 5.983942980040192339e+01 6.814044666561861163e+01 7.808547350379652130e+01 6.478729511112719308e+01 5.656713527536363273e+01 5.656687406590954481e+01 4.624758092686878541e+01 2.649235350071000994e+01 2.395949102859822943e+01 3.777566945483955863e+01 5.767612605072568499e+01 7.222608480172935685e+01 5.635944569764812684e+01 3.564420125194668287e+01 4.945436421612926381e+01 4.945436421612926381e+01 5.267170956577915319e+01 4.426943866975997111e+01
1.813270376062421294e-02 1.416026832749169984e+01 3.416026832749319908e+01 4.987453916844018664e+01 5.346745851553843210e+01 4.479041218103880340e+01 3.592196078117412128e+01 5.241391054976655539e+01 5.118126543591127842e+01 3.270760137690755442e+01 4.258956868668779805e+01 3.002105441894153515e+01 4.391288740539683033e+01 6.286392358694120475e+01 5.216042180935777850e+01 3.217241562137641608e+01 1.801677745827238297e+01 3.802676709143674572e+01 4.433520368924058630e+01 6.427569431981747528e+01 7.875432025157846283e+01 7.008175793650616470e+01 5.656715802997710796e+01 3.672100820044953196e+01 3.672100757334624888e+01 3.816974608774712863e+01 2.131896906813175718e+01 4.076850992172683164e+01 4.360437821064368791e+01 6.348773487102917557e+01 7.226244347102488064e+01 6.386058183479235595e+01 4.348711349598077192e+01 2.836843012742338388e+01 4.349036142365728352e+01 4.186006759553952605e+01 2.303420021596567935e+01
2.372884694381488524e-02 1.416588866838966432e+01 3.416869156421800824e+01 4.485637543466121002e+01 3.623489416848759248e+01 2.438807740392372736e+01 2.438006099942604976e+01 4.446914313387751605e+01 4.340183590448042850e+01 2.372815702148508166e+01 2.291974043267715189e+01 4.258956868668779805e+01 5.741910453630634947e+01 6.591628459477632873e+01 5.245262611961509691e+01 3.615265953730686732e+01 1.623490927053040878e+01 2.429219655646014076e+01 3.850079447396256427e+01 5.842124444786392701e+01 5.753641522650281814e+01 4.835016769940225601e+01 5.519394871530777635e+01 4.253377523750550182e+01 2.300165029164866937e+01 1.887066783596144504e+01 3.816974607929666519e+01 4.899011569765622198e+01 5.738743386522149592e+01 6.438521868153452488e+01 5.448464933374735608e+01 6.692786533456403220e+01 5.778759914719541513e+01 4.349036142365728352e+01 2.227020381384984660e+01 2.063849589625879588e+01 4.186006759553952605e+01
8.175220331382776484e-02 1.441037770133740814e+01 3.456709391770074546e+01 3.299935843070536379e+01 1.669623164625517475e+01 1.402005009087863208e+01 3.253256094187992886e+01 3.429844957544113271e+01 3.136409294991690544e+01 1.669818810459625880e+01 3.636941515649488110e+01 5.056589544499006195e+01 5.790518357598428167e+01 4.903193737657107221e+01 3.845062517395012236e+01 2.434633547477342219e+01 1.442181279580824516e+01 3.434939067410461178e+01 5.260971614479836234e+01 5.100473433004653145e+01 3.567177499720668976e+01 3.567176924047662823e+01 4.697430212196975674e+01 2.732215795756170706e+01 1.638112285089681919e+01 3.562814036981045263e+01 4.101032399850241461e+01 4.850137395452119904e+01 3.982274299822783803e+01 5.419561343799058051e+01 4.202343566609649628e+01 5.814507006972591796e+01 4.579056727292827134e+01 3.730293598846639469e+01 1.825832148650136944e+01 3.948012881071363722e+01 5.029528892563320852e+01
9.124702163186203252e-02 1.987464881795985860e+01 2.092049550627477927e+01 1.540423043106032841e+00 7.087679063215679420e+00 2.206264807072814804e+01 2.639111545927419655e+01 2.073749820701356938e+01 1.161733886841606633e+01 3.092393380750245413e+01 3.342521086357955085e+01 4.340590447981298894e+01 4.615770943347450839e+01 3.076863111845583987e+01 4.615621378155471177e+01 3.258830270515837668e+01 1.243795189767165077e+01 2.673762134701702564e+01 4.671386457187792018e+01 4.207538746206430602e+01 2.062057415692973805e+01 3.196159848674095727e+01 3.797493863417739846e+01 3.356188447552337095e+01 1.463919408878436812e+01 3.188958323393157457e+01 2.293226591264664194e+01 3.642376683095422862e+01 2.910173807092986209e+01 4.670881976714945694e+01 3.378150485252231050e+01 4.630163454864138828e+01 3.636214726661674490e+01 1.619379292705187368e+01 3.730293598844900771e+01 4.794381281294171515e+01 5.822707359034935592e+01
2.239863785106879432e-02 3.755763880034834190e-01 7.288298133650530364e-01 1.083172697145750041e+00 1.061600186925846323e+01 1.886681957742528581e+01 4.700076164098428322e+00 6.858584829326280996e+00 2.525384560352223318e+01 2.401758574917387890e+01 5.560537439938800119e+00 2.914582645789442239e+01 3.784504097266601264e+01 2.215760966324250347e+01 3.812047274208616443e+01 3.083466446825099894e+01 1.022895111796572643e+01 2.838835969230890655e+01 3.352529927391576337e+01 2.979132444111465006e+01 2.875431272319629272e+01 1.216274351786339381e+01 2.805011165460816613e+01 3.412708320188160371e+01 3.154538198473807853e+01 1.214571113055252916e+01 1.910851856688785944e+01 1.911979021063941886e+01 1.856424123850522179e+01 3.444358681702062341e+01 2.725147285718243850e+01 3.737855406803819847e+01 2.401669935023657487e+01 1.508744314965075262e+01 3.951702090966676195e+01 4.302889960728534646e+01 3.914899153843789747e+01
1.766589122093755945e-02 1.961576778233050078e+01 1.481982151059860442e+01 1.844673787724550706e+01 1.584296951273269416e+00 1.939072403461807648e+00 3.137351890759053408e+00 1.718269909085778124e+01 3.260904756652932779e+00 3.622841363843088747e+00 3.996344555588257297e+00 2.010688151682244040e+01 2.686475764399175858e+01 1.723857046902391943e+01 3.133800458578350145e+01 2.873868322924409924e+01 2.638613563612027590e+01 7.139797590605596156e+00 7.509118689633439203e+00 7.875398024764839633e+00 8.239426811750666602e+00 8.604588626837768928e+00 2.505860456176548112e+01 2.885285283999789030e+01 2.994500527366064091e+01 1.040893125258858909e+01 1.080578735680045277e+01 1.121150758624960453e+01 1.162661039841380095e+01 1.816124669942135128e+01 3.041292031545686214e+01 2.611494458619287329e+01 1.365103048585861423e+01 1.407992972002054799e+01 3.445584989959507283e+01 2.474395150222154527e+01 2.539664109595639729e+01
