MOVIE_S9_data/elevation_000434.asc
nrows	100
cellsize	150.0
xllcorner	0
ncols	100
yllcorner	0
NODATA_value	-9999
[rows 68 to 84 of 100, columns 37 to 73 of 100]
9.825517717902673098e+01 7.986635988443347856e+01 5.984583443520727286e+01 5.440570565727320229e+01 6.788907385678817263e+01 7.314197680797191481e+01 6.425208556100264445e+01 4.555652489402637428e+01 5.979269509705509478e+01 8.008966791886598457e+01 9.456164365629099677e+01 9.193998397032298442e+01 1.002892275815927263e+02 8.114810880061625653e+01 6.088438270917664141e+01 5.187797009781354518e+01 6.823124911916991664e+01 7.662512856181760412e+01 8.251593579397115263e+01 6.223704018311187980e+01 6.817659119255836231e+01 5.027398938960254782e+01 5.324329747280470571e+01 7.405318073706524729e+01 8.547549196856230935e+01 9.176288991618771718e+01 9.858704013806175226e+01 1.068430965048256809e+02 1.168621909852523117e+02 1.219681118083527736e+02 1.020684649819416308e+02 9.990110957848496298e+01 1.004239227576563707e+02 9.472202318275252253e+01 1.063593315005011561e+02 1.162493860591879269e+02 1.087387634145641471e+02
7.986215780879746262e+01 6.989793464286370295e+01 7.837578647741298710e+01 5.981532803739889914e+01 4.823943565645226528e+01 6.280979508659756050e+01 5.218448409672446076e+01 4.318389047185313956e+01 5.965784581939185927e+01 8.353109680635658663e+01 7.432348861978384491e+01 7.169425515917393454e+01 8.861537897427648147e+01 8.954842923866955573e+01 8.047632041715468176e+01 6.229889035777337369e+01 4.809558531344663379e+01 6.458428223727852924e+01 6.441378761974569045e+01 6.588736394725216883e+01 4.798846082248882539e+01 6.817659119244594024e+01 7.405318073706037296e+01 5.913816227813330784e+01 6.460978342367592120e+01 7.125884523661459014e+01 7.826371961734083982e+01 8.852391239141854840e+01 1.086501678847049845e+02 1.171639218669078133e+02 9.734267250635646462e+01 8.611014517881747565e+01 9.695027166468103985e+01 8.117706773638120410e+01 8.574569249541602289e+01 1.034501008655080199e+02 1.006549190389567343e+02
9.825517717902673098e+01 8.987933438812906672e+01 8.592241001549187729e+01 7.494599450248338712e+01 6.309679260308619320e+01 4.280539590444226405e+01 3.995911488434204983e+01 5.777171882634076638e+01 7.312729079913232511e+01 7.693291932035411662e+01 5.999931387411372441e+01 5.999931387411372441e+01 8.025110699126398117e+01 8.568619260206803290e+01 9.094178876581223392e+01 7.662439472101317506e+01 6.458428223727852924e+01 4.453906901127318463e+01 4.424081132153567353e+01 4.576684334528648179e+01 5.575220492227401792e+01 7.591641697315860426e+01 8.889674800178318037e+01 7.178864045180880282e+01 8.560789020517938752e+01 8.188593965655003615e+01 9.858704013806175226e+01 1.068430965048256809e+02 1.168621909852523117e+02 1.254988761292441950e+02 1.140041541342479263e+02 9.695027166468103985e+01 7.737505004565717570e+01 7.241990928405195405e+01 7.478121975427286827e+01 9.327580749224362933e+01 1.087387634145641471e+02
1.002606899778374583e+02 9.045759079041565087e+01 8.175405406242786910e+01 6.734585389196230665e+01 4.694908412705470369e+01 4.218760995147732018e+01 3.778352169405943783e+01 5.536707517261597644e+01 6.374016736874874312e+01 6.030715383701785015e+01 4.834652489355299565e+01 6.855831259304663661e+01 7.974004571493638593e+01 6.548648776087007661e+01 7.973850122640496352e+01 7.923734019299475051e+01 6.212216095588068754e+01 4.210102832083563840e+01 6.211059559289944332e+01 6.565728043244304502e+01 7.345193594223231059e+01 7.584052706025644852e+01 9.544512777301802942e+01 9.241212487191654645e+01 1.006995963932461677e+02 1.021686709944518867e+02 1.104152981623717835e+02 1.164437061853616626e+02 1.145087958535300032e+02 1.229108753580718343e+02 1.167438396600538084e+02 9.695027166468103985e+01 9.695027166468103985e+01 8.620585804840024480e+01 6.639377877496704627e+01 8.620585804840024480e+01 9.226588041618740021e+01
8.562552503939770077e+01 7.027642210776159004e+01 6.107213835980541461e+01 5.463439902098772194e+01 6.734585389207586559e+01 6.184148937868523888e+01 4.309202441010478424e+01 3.542530225675959343e+01 5.297403522720960467e+01 4.022453609256558593e+01 6.030715383701785015e+01 6.599328573389840358e+01 7.054255210643350438e+01 5.115669687932065557e+01 7.071787299810097238e+01 5.907647971443300605e+01 5.907647952403345926e+01 4.082775330605710451e+01 4.499202801817710196e+01 4.929378967928547439e+01 6.943373116163321868e+01 8.138496743870504702e+01 8.774994666920727582e+01 9.481795510627907220e+01 1.028672480524787147e+02 1.141554443628420898e+02 1.105424544086969121e+02 9.624101145680315028e+01 9.432291446332564533e+01 1.112398891949439701e+02 1.104091207223404751e+02 9.055654451937184035e+01 7.920816326637154248e+01 7.035022909346987774e+01 6.277598393924979803e+01 7.825861909114311743e+01 7.245662147860565483e+01
1.003462300726436496e+02 9.047864190162542286e+01 8.176352685995314573e+01 6.643787321176857574e+01 7.659867864143130589e+01 5.645158123705024877e+01 6.224816311360790166e+01 4.707136748156154482e+01 3.312748562167998045e+01 5.074724698925072630e+01 5.304477317388474944e+01 4.605912061470723984e+01 3.222640385813442521e+01 4.242373902153357079e+01 6.239501510857493116e+01 5.737913186129182463e+01 3.915583418315365094e+01 5.906869100647454474e+01 4.826351324476878091e+01 6.838602646015364428e+01 5.578790439064228224e+01 6.119089420143829727e+01 6.762350101658736889e+01 7.482839843888200448e+01 8.650512328608388657e+01 1.061734945500533769e+02 1.005252141197667726e+02 8.220942026038650852e+01 8.289153272659737581e+01 1.028544717989117885e+02 1.187417348966557427e+02 1.072351792612070511e+02 9.837221994363640931e+01 8.264745275765052668e+01 7.825861909114311743e+01 5.831432103148089396e+01 7.418750629762317317e+01
1.106654703212822000e+02 1.026199998055246994e+02 9.610132722591204413e+01 8.723913409753723158e+01 8.511995035302585677e+01 7.665200080004275662e+01 7.558957617738121826e+01 6.126623742512977344e+01 5.073635889817418132e+01 3.093165182968641957e+01 3.092638859956579012e+01 3.202789668168981763e+01 3.313920426822307519e+01 5.297173545269644279e+01 5.570640944370583014e+01 3.749934838655505587e+01 5.737916926122332484e+01 6.734345060501283342e+01 5.401358864104291513e+01 7.424077818350076541e+01 7.598761558242973990e+01 7.231972130217754113e+01 8.138496743870504702e+01 9.481795510627907220e+01 1.028469796536615917e+02 9.297987799420391752e+01 8.473124027929605973e+01 7.246612769712119473e+01 9.218383200224300822e+01 1.112398772021363129e+02 1.011805819887657520e+02 9.287461348039038000e+01 1.011805790418401756e+02 1.024713074463283533e+02 8.565127677768211356e+01 6.579544385991174238e+01 5.418412001918998300e+01
9.939430692182780547e+01 8.267549690155928488e+01 9.939430692182780547e+01 9.486136868834736902e+01 8.633491010503925622e+01 8.633491010503925622e+01 6.806000054785258158e+01 5.614157090019410390e+01 4.708591666212662119e+01 2.937569028908463764e+01 4.396679837282996317e+01 5.142281138795517847e+01 5.297190258180425815e+01 3.472896042791646209e+01 3.585460557403126103e+01 5.570644427752014138e+01 5.148410737537165005e+01 7.164189112583633801e+01 6.832691740886664888e+01 6.412261660923543616e+01 8.435893975776596676e+01 9.230787356002460342e+01 1.003837495614649811e+02 1.092268050798906245e+02 9.871246056072314445e+01 7.891275225919392255e+01 6.511461643084976458e+01 8.473124027921930690e+01 9.248984899211852451e+01 1.008164012663425666e+02 9.127365795565530959e+01 7.315957615514659551e+01 8.386228832314169779e+01 9.212415689221492698e+01 9.389938094691856918e+01 8.242599667584406120e+01 6.948449516188520647e+01
9.113256792615075597e+01 7.111057164559797172e+01 9.113256792615075597e+01 8.633491010503925622e+01 6.595781637903071726e+01 6.595781637903071726e+01 5.958384294990354846e+01 3.955196888983343229e+01 2.811325496011451364e+01 4.666468593750936833e+01 5.212459471029036706e+01 6.005764668866785883e+01 6.288172392677019218e+01 5.456695744174382412e+01 4.006134730096719920e+01 5.940608056267321047e+01 7.163907852452669545e+01 8.006556886912194670e+01 8.851809960478134087e+01 7.847699743077691892e+01 7.847699743077691892e+01 9.274232734134072587e+01 1.126023888985994574e+02 1.033543086410987542e+02 9.186562234949056460e+01 8.034351669417404196e+01 6.070887178607870993e+01 7.851041402112714707e+01 7.271994236030076308e+01 9.248984911962725164e+01 8.301709480792095519e+01 6.333531185972683630e+01 6.417664681321140563e+01 8.071393608742280890e+01 9.226530445608189268e+01 8.512318328480952800e+01 7.858276408459356333e+01
8.405762590917295540e+01 6.401156822895121934e+01 8.405762590917295540e+01 8.633491010503925622e+01 6.595781637903071726e+01 5.174859816911300925e+01 5.504412670547562669e+01 3.511455347365263435e+01 4.535084195788756745e+01 2.687883393441887492e+01 3.314164330856142016e+01 5.332409428019481368e+01 6.982944469483790328e+01 6.777359625200385551e+01 5.350644304307729016e+01 4.660666888238998951e+01 6.640549838243101988e+01 8.352251183668865053e+01 9.268921430081468316e+01 9.855920469667951522e+01 9.855920469667951522e+01 9.868892677681495229e+01 1.070027505274500896e+02 9.501047706559160133e+01 7.521659102211752668e+01 6.393821496790251047e+01 5.646256744955113049e+01 5.883137550251758086e+01 7.851041402129690994e+01 9.501862240701797191e+01 8.683408786348969954e+01 7.249677789821295448e+01 5.276323450317021724e+01 7.034139343298561187e+01 7.788412617701646923e+01 6.061666789261184363e+01 7.766570458799900223e+01
7.801603541079721538e+01 5.795784756364048462e+01 7.015190290019253894e+01 7.847031438874307696e+01 8.040959253368907866e+01 6.290246286144747501e+01 4.286514724392495168e+01 5.504412666001100973e+01 4.589361215602327349e+01 2.601562265877485203e+01 4.583462425179987321e+01 4.424495892179222523e+01 5.486896455996209454e+01 7.262936592984998185e+01 7.364906127622244014e+01 5.774620902988858262e+01 5.467669192226560426e+01 6.370155588109849276e+01 7.841486407071336373e+01 9.873253090944220389e+01 9.551282780476219614e+01 7.885830267285490436e+01 9.551282780476219614e+01 9.776944612110212063e+01 9.186713352559485202e+01 8.358247163005823666e+01 7.107243660981457367e+01 5.128315950233412224e+01 7.107243660981463051e+01 7.517209942213898444e+01 7.858635556346439444e+01 5.877376578603801249e+01 4.749443485808156851e+01 6.727420776673956482e+01 6.771485830901684722e+01 4.716812211713214253e+01 6.596373574913802429e+01
8.381448893337541506e+01 7.015190290019253894e+01 5.010306017903261022e+01 7.015190288517629824e+01 7.010588321730377004e+01 6.679093495936848512e+01 6.290246286144747501e+01 5.970125770059781445e+01 3.923193307376040195e+01 2.515308958348995461e+01 4.279568816291530453e+01 5.456975395343765456e+01 6.982973959073315484e+01 8.015150044762071957e+01 8.660788316040117252e+01 7.823430735361357335e+01 6.641700453224085265e+01 8.352251183668865053e+01 9.268921430081468316e+01 8.955105597435789377e+01 8.129442071543057580e+01 6.745820371303872776e+01 8.723971061219529588e+01 7.789657942670639557e+01 9.198640108548144667e+01 7.932969341530744600e+01 5.960828145803743183e+01 4.810191865840079117e+01 5.540675270228363303e+01 7.197027736438970180e+01 7.658099675701502917e+01 5.665316039135992554e+01 4.279681100284112460e+01 5.672947506343852098e+01 5.477109463462396377e+01 3.641528344773206527e+01 5.035885303443981797e+01
7.546364042307689601e+01 5.539859118979654795e+01 4.541645623328482628e+01 5.965227618220220762e+01 5.008556171895189379e+01 4.673175245063175254e+01 6.046063040108941067e+01 5.077816169237473787e+01 4.294812507165321591e+01 2.429160122171992242e+01 2.862678998663275109e+01 4.844392805736945462e+01 6.037112243025990210e+01 6.610578439857791011e+01 7.359932875408796349e+01 8.176579930413650743e+01 8.701904881847094941e+01 9.532356515213263037e+01 8.511002074916521565e+01 7.686618204373993990e+01 6.148478349003839583e+01 5.995163887963649785e+01 7.116782164941182032e+01 6.387488634260151343e+01 8.371720731987851138e+01 8.759495813449203183e+01 7.616944524549435869e+01 6.376061558211009839e+01 4.386554112175624454e+01 5.985379937996974320e+01 6.808309466055838755e+01 7.073636461236664275e+01 5.672925084746080415e+01 3.757435713606992067e+01 3.469339297614414619e+01 3.521720466426294394e+01 5.524750547052416039e+01
8.381681120379282390e+01 7.374962971478865370e+01 5.965227618220220762e+01 3.970802414563854654e+01 3.604698271577495206e+01 3.269880556127701965e+01 4.785118601551452855e+01 2.298794398796947291e+01 2.309431483354304504e+01 4.294812010577861372e+01 4.844352208853403141e+01 3.541538732651020638e+01 4.051940052045761576e+01 4.624036827591596932e+01 5.377329456930496576e+01 6.526955461955373039e+01 8.497803324473406406e+01 8.829013400013269575e+01 6.850326878844504108e+01 5.704213028956394282e+01 4.996426590818538926e+01 6.356658485508322087e+01 5.126364001443596408e+01 7.116782164941182032e+01 8.365484262464492815e+01 7.533088443496335174e+01 7.460779331273144521e+01 7.021346191630125588e+01 5.566425628630550904e+01 3.992955718075231175e+01 5.611682757681313660e+01 6.156805145560706904e+01 5.328894449392321064e+01 3.395741734915346655e+01 5.400229619636397871e+01 5.069967764818455436e+01 3.595962310034855847e+01
7.394080839511435954e+01 6.571123702665346400e+01 6.797156740271127262e+01 5.965227617365266610e+01 4.749475390729409696e+01 4.797262330900888827e+01 2.800397252390440528e+01 2.589220338385408127e+01 2.224734053393680355e+01 4.211019659856992092e+01 5.456209480344864460e+01 5.524543557999676580e+01 6.037112790065354062e+01 6.610578439857791011e+01 6.610578439857732747e+01 8.176579930413650743e+01 9.314652467091858057e+01 9.656698485905494067e+01 8.511002074916521565e+01 7.686618204373993990e+01 6.356658485522920188e+01 4.363602608198311117e+01 4.418743531717991146e+01 6.402443523308133422e+01 7.498167195232588256e+01 5.473445149810238064e+01 5.456793169152856393e+01 6.406753015635494819e+01 6.550087743874730961e+01 5.578418889349320153e+01 3.616869844065462303e+01 5.256977910682729771e+01 3.323047857013309425e+01 5.329806828113149919e+01 6.191934257630077809e+01 4.202991515904002284e+01 5.602495387188304932e+01
6.287382432667440924e+01 4.682979895331281739e+01 6.287382432667441634e+01 7.606025626399190287e+01 6.759256308092096788e+01 5.614430546613122885e+01 4.794235195430536578e+01 4.018368199102751248e+01 2.143520433108842838e+01 2.656426250479637119e+01 4.631054003053103685e+01 6.102742898371096203e+01 6.930661192736296528e+01 7.929725745180080310e+01 8.585033175586660548e+01 8.106929274081605286e+01 8.107277280570271216e+01 8.915694618261392179e+01 9.352129226748797919e+01 8.545112708225386200e+01 7.180326120436706105e+01 5.781312811881260671e+01 3.790008917027280688e+01 5.645269885265484078e+01 6.355470797634164626e+01 6.040245093706915469e+01 3.989612017348648720e+01 4.450441283233011092e+01 5.051216580358247654e+01 4.904679188778538190e+01 5.149483613231841872e+01 3.250678015192688974e+01 5.257036319559870918e+01 6.157846104226658923e+01 7.025414995699510712e+01 6.209212148952187960e+01 4.874351162417816141e+01
5.477366722184626013e+01 3.653774416686810866e+01 5.477366722209450955e+01 6.664063854794078168e+01 5.936012383761023159e+01 4.706152910946729406e+01 3.840982443540769964e+01 2.030529196006974146e+01 2.655785239401289388e+01 4.534531861301586986e+01 3.458781448217195020e+01 4.113733780996028599e+01 5.103944465675650122e+01 7.101541331066540863e+01 7.544541955480895012e+01 6.175831505366640073e+01 6.175834350247383497e+01 8.107269433707254791e+01 8.544966039261188939e+01 6.622685864751788642e+01 7.185796935969973731e+01 5.454120626843357655e+01 3.439835340887449178e+01 4.999192771632342414e+01 4.303970404216259737e+01 4.919789472051865431e+01 3.247624964070908504e+01 3.035282906494972366e+01 3.084208397784772515e+01 3.133097851308174597e+01 3.181826817486907188e+01 4.699919364402496313e+01 3.544722415030202711e+01 5.777706544096176344e+01 7.315076825627035362e+01 7.701035964581078019e+01 6.876846284618073923e+01
