MOVIE_S9_data/elevation_000370.asc
nrows	100
cellsize	150.0
xllcorner	0
ncols	100
yllcorner	0
NODATA_value	-9999
[rows 68 to 84 of 100, columns 0 to 36 of 100]
5.009162696260269221e-02 7.913419457970134463e-01 1.533108631605845540e+00 1.852540497782795015e+01 2.173738590132382953e+01 4.408805983997465816e+00 5.171064984261490416e+00 5.998400942599330321e+00 2.585817893098598219e+01 2.338681805156841875e+01 3.260959045430494285e+01 3.063238557340476831e+01 1.462533688808402488e+01 3.429791538557726227e+01 4.771412321985798144e+01 5.191587949226018139e+01 5.239707228337879030e+01 3.330164731764101305e+01 4.856265650734988526e+01 4.034955439110896691e+01 2.366726675569794835e+01 3.777383735160039890e+01 5.766267641180243686e+01 6.408656520409171264e+01 4.932400957173977929e+01 6.403385406085170928e+01 5.716795203190461905e+01 3.750093927555212048e+01 5.729714039387870628e+01 5.552213943606615487e+01 3.877866669487979578e+01 5.851385571837880661e+01 4.614789289061779698e+01 6.596990915291240754e+01 7.387165263488002154e+01 6.913377058047092305e+01 8.131393902370400895e+01
4.695337527364121244e-02 2.004471219285913719e+01 1.308026531476671472e+01 2.754830157243942779e+01 2.365470342016408267e+01 1.853284371907302130e+01 2.511682481784505327e+01 7.957308148182105079e+00 2.752336468128289937e+01 4.289324928344634458e+01 5.091795359814443600e+01 4.175149029736624584e+01 2.206507769474827896e+01 2.010370940387521443e+01 3.975065175536128237e+01 5.415157514250908122e+01 6.122823351244427670e+01 4.727904123457381758e+01 6.122823351244427670e+01 4.598923517349422951e+01 2.581345001616709567e+01 4.018053343350312190e+01 6.001268169396097107e+01 7.303041208689019470e+01 7.148187071613298826e+01 7.489601907160927396e+01 5.491524696690758844e+01 4.084290487769499833e+01 6.076747962303176109e+01 6.666321635021002123e+01 5.833232612300257358e+01 4.176269622899689438e+01 4.644622160377954856e+01 6.626276135351780283e+01 8.135208989718509542e+01 8.868272354654357059e+01 9.682278523955760363e+01
7.614146464036156137e-02 2.005501978983214073e+01 3.303501467996921548e+01 4.113553120762660598e+01 4.198680288535352645e+01 3.841798604354512747e+01 2.949403856376409649e+01 9.910330823129648081e+00 1.851369886466833847e+01 3.254675598808820780e+01 5.239093336618623908e+01 5.021304189526568962e+01 3.181344854795239385e+01 3.975065175536128237e+01 2.594361906100206738e+01 3.979607138741777561e+01 5.998963590391326051e+01 6.698860981733965048e+01 6.242098741855589594e+01 4.267726994580441158e+01 2.819451912444191422e+01 3.672545691485628083e+01 4.570144104553921949e+01 5.691592774075363081e+01 7.592358944890450800e+01 7.605551331083312050e+01 5.603898608056780262e+01 4.448629762147745481e+01 5.601611942008494793e+01 7.585564920726973526e+01 6.572586649198434827e+01 4.589949266194955868e+01 6.572609750543560381e+01 5.353020412528107386e+01 7.322642813351268387e+01 8.897028692533770311e+01 9.711154264995424512e+01
2.352828262072655108e-02 2.002352828262037221e+01 3.591303273263172713e+01 4.486108244926373345e+01 5.641426870773194935e+01 4.560622800738124738e+01 2.572239304595126796e+01 1.187671318291544154e+01 3.154465635345774288e+01 3.835898097506447613e+01 5.820133700803152266e+01 6.027608872797643613e+01 4.585139138182804430e+01 4.571062949797219233e+01 4.571062949797218522e+01 3.299306870998753283e+01 4.706042073653103586e+01 6.742614667103562454e+01 6.483844360155131881e+01 5.110161687029186339e+01 3.094987921001333930e+01 5.110161756774032682e+01 6.005773253013684609e+01 6.825068213399654837e+01 8.373507666902001745e+01 8.431122142599495817e+01 6.876237702208952385e+01 4.875216945713282257e+01 6.857796999317569941e+01 8.368626394575902339e+01 7.014092464709443675e+01 5.039722886784605294e+01 7.014092464709443675e+01 6.749251660067876912e+01 6.198518552718763175e+01 6.942519820201309244e+01 8.324573826305615398e+01
6.786455232800275850e-02 7.627154012517314285e+00 1.657142592483065613e+01 2.811843232484804744e+01 4.811974414908579689e+01 5.030182738170058343e+01 3.273706454068037175e+01 1.384120147536308565e+01 2.783136040476165718e+01 4.772148440968016558e+01 5.417333836404620939e+01 6.239022754887022160e+01 6.616900917501419599e+01 6.600094776687285503e+01 5.886332647812186281e+01 3.864017004026956670e+01 5.886332001900819222e+01 7.054677769017254718e+01 5.094489554978318324e+01 3.694184948858965356e+01 5.110161756774032682e+01 3.647922300732483336e+01 4.041286517830831571e+01 6.009719212096938179e+01 7.410377133286056051e+01 8.547264536384531652e+01 7.334977883918131170e+01 5.335376803593064921e+01 6.749140019855316552e+01 8.749315600690243855e+01 7.490891028215702363e+01 5.525001545085059007e+01 7.490891028215702363e+01 8.706931512152799257e+01 7.332458299087478792e+01 8.897028692533770311e+01 9.711154264995424512e+01
3.257643153035955086e-02 2.003257643153000345e+01 3.586236169252527617e+01 4.480663360252427196e+01 5.635363898631658230e+01 4.406835207390230380e+01 2.542493256111218258e+01 1.586500398369014420e+01 3.584875435874315031e+01 4.485085211926489279e+01 3.439735864043662161e+01 4.325134449639725176e+01 5.463846750690689902e+01 7.444434669787710845e+01 6.564976274460353522e+01 4.529045394515848955e+01 6.564976274460353522e+01 7.482791586820731311e+01 5.520921685287741099e+01 4.139123649297709306e+01 6.095539928451037781e+01 5.628622720667695489e+01 5.993209312750803264e+01 4.632666820158529219e+01 5.762470503795370291e+01 7.726017384119055009e+01 7.912927610691968994e+01 5.910852675860409278e+01 6.968250526171524939e+01 8.966727500609614765e+01 8.081715575462607148e+01 6.122174404527349623e+01 7.131891425226025660e+01 9.088256079381500285e+01 9.286406018254071171e+01 1.010177397554804486e+02 9.257483973776574260e+01
1.880098487986705744e-02 7.578090445064378677e+00 1.652236235506337891e+01 2.806936773885568925e+01 4.806936773885497871e+01 5.249094612718770492e+01 4.290015790836663712e+01 3.584875435874315031e+01 1.904413284508474291e+01 2.493675408415655070e+01 4.485085211926489279e+01 6.239022754887022160e+01 7.124148814552387421e+01 8.269587802394930520e+01 7.419666227810755288e+01 5.539995424400429869e+01 7.419666227810755288e+01 7.698637910126272743e+01 5.735251878731327935e+01 4.664239556026547007e+01 6.617596542574031560e+01 7.415457510683886255e+01 5.466831303851379431e+01 6.591871735740141958e+01 5.838770215002813302e+01 7.853623338784241525e+01 8.622126017721897995e+01 6.616212566813757689e+01 7.912927610691968994e+01 9.789526010326169114e+01 8.733278702462817478e+01 6.778592495387239580e+01 8.733278702462817478e+01 9.903368437870531693e+01 1.072034501077044268e+02 9.836450371224478317e+01 8.437222310125557101e+01
2.900726248362994752e-02 2.002900726248327601e+01 3.056001567367561123e+01 3.659024256523133545e+01 4.366131037709693885e+01 5.194558162456876005e+01 5.893378644534740829e+01 3.910266404870049683e+01 3.910268045839311668e+01 2.277728739518737555e+01 3.695337279369945804e+01 5.674081770929497992e+01 6.899205050693581143e+01 7.724498180242825640e+01 8.447692326292118992e+01 7.589957124520279308e+01 8.447692326292118992e+01 8.518661991269753742e+01 6.617596542574032981e+01 5.276877798925934826e+01 7.237645839824638472e+01 8.076144972243633902e+01 6.118066543217070574e+01 8.029101836829347860e+01 7.195418545447445524e+01 8.691093874533883934e+01 9.444894246230477108e+01 7.622910132143285011e+01 9.444894246230477108e+01 1.072888228802156050e+02 9.546798055152531504e+01 7.757806270385340497e+01 9.546798055152531504e+01 1.129933737888826926e+02 9.313456817868575399e+01 7.925224285301214877e+01 7.052249478070375233e+01
5.081304048347550645e-02 5.214790835426720506e+00 1.056001567367525418e+01 1.659024256523063201e+01 2.366131037709623186e+01 3.520831576088915682e+01 5.520831576088986026e+01 5.679052871879139275e+01 3.702943546648975115e+01 2.550647670994421290e+01 4.538149164670852542e+01 5.648494031834225382e+01 4.921657293560896562e+01 6.317445498207055010e+01 8.303696852346644164e+01 8.280091373630257578e+01 9.108108723651176319e+01 9.409581752113095376e+01 7.933811862298222195e+01 5.964757001007274084e+01 7.933811862298222195e+01 8.867072956172496845e+01 7.102688455347822583e+01 8.867072956172496845e+01 9.352948724360152255e+01 1.011744591705362240e+02 1.044146090506987150e+02 9.621347625788152413e+01 1.044147896239721121e+02 1.167803251521333152e+02 1.052527433737945159e+02 9.708758920244085289e+01 1.052537792049621572e+02 1.094723430398109230e+02 1.072034501077044268e+02 9.098648998033932855e+01 7.135924810219995607e+01
4.469920835086939326e-02 2.004469920835051511e+01 3.056001567367561123e+01 3.659024256523133545e+01 4.366131037709693885e+01 5.194558162456876005e+01 6.349258700838510805e+01 6.501526166778597826e+01 4.538145249291574856e+01 3.550172489720281277e+01 2.972746617986239315e+01 3.674408976079186573e+01 5.648494031834225382e+01 6.227873832491504658e+01 6.658604909460491683e+01 6.294184142607449672e+01 8.033300460594475112e+01 9.182931362981081236e+01 8.754421717935615277e+01 7.099366823341753729e+01 8.754421717935615277e+01 9.832046882092355133e+01 9.049601489139455168e+01 9.832046882092355133e+01 9.545139436018540380e+01 8.235744784892892767e+01 9.122052257856476842e+01 9.964846567710773684e+01 1.141502228002457713e+02 1.024637032483687022e+02 8.814450712364559593e+01 1.024637032483687022e+02 1.035768728929620153e+02 8.925494908319060983e+01 1.035768728929620153e+02 9.921215222089813324e+01 8.784124051146380907e+01
2.324776005098762310e-02 1.002324776005090001e+01 2.157025314384321035e+01 3.571238876757366398e+01 5.571238876757295344e+01 5.586217434428370154e+01 6.409551038628613640e+01 7.340812312882215451e+01 5.526119804500235233e+01 5.526121596999637120e+01 3.722575443180544141e+01 3.486106718387423342e+01 3.859768438814233349e+01 4.254640531268065473e+01 4.684747145080280717e+01 5.229799102071200423e+01 6.366922259598520384e+01 8.354507855916347125e+01 9.896240694465204513e+01 9.073684983574668195e+01 9.513006004392002524e+01 8.676548703969716314e+01 9.513006004392002524e+01 9.712466113564450154e+01 7.710551173776660505e+01 6.762770108901491994e+01 7.126158550483646081e+01 9.122284928991157926e+01 1.057330246192550476e+02 8.552421302908814482e+01 7.384063179838619817e+01 8.395305853611233715e+01 9.234420564914687191e+01 7.495385868020947839e+01 9.452554590259674683e+01 9.863061622197871259e+01 8.803403737678145546e+01
8.699724428260374731e-02 2.008699724428224798e+01 2.907371243242304715e+01 3.406508123712156788e+01 3.959745221176881103e+01 3.594203932787677047e+01 5.532088875079050894e+01 6.524300927523289317e+01 7.507776006940703439e+01 6.519306435685091117e+01 4.604614248237729157e+01 5.460278527153165129e+01 5.253604710215629581e+01 5.647590441035540465e+01 5.820665964006936122e+01 7.206974776844826636e+01 6.282079839939201094e+01 7.684404595249581860e+01 9.680545554943239495e+01 9.441676639847533181e+01 8.512718084967774246e+01 6.683764520536576015e+01 8.512718084967774246e+01 9.121430809068287715e+01 7.126145693962855887e+01 5.737204513786986837e+01 7.710551173776660505e+01 8.774209927357890138e+01 9.932107381014256475e+01 9.825224833576726269e+01 7.803014019014835867e+01 6.371264264262030963e+01 7.601412006455886683e+01 6.589558343874472257e+01 8.613265583218381494e+01 9.026695002706921400e+01 7.075770253161309142e+01
2.249585233037712170e-02 4.494631796856396910e+00 9.082946245446986921e+00 1.408294263876197405e+01 1.962990371549953750e+01 2.718838200403423144e+01 3.717901444889941587e+01 5.125646626952227081e+01 7.104438744935754357e+01 7.404773031965868313e+01 5.999060997007254770e+01 7.404773031965868313e+01 7.232559581138593785e+01 7.628801866164354806e+01 7.803250795770379966e+01 8.630666541111807533e+01 8.269060746139632556e+01 7.902626739108053755e+01 9.899505101833574372e+01 8.605619689950000861e+01 6.612099619100872872e+01 5.693924086003369922e+01 7.680156612253145454e+01 8.663694271723480256e+01 7.179408742203008842e+01 5.204354859173454884e+01 5.951817166960837113e+01 7.095849445088211382e+01 9.093203763561231767e+01 1.004186256654272995e+02 8.904772303954935353e+01 7.599008425702376712e+01 5.581805063383228571e+01 7.008822155564091361e+01 9.032050461403510155e+01 8.207022419045095774e+01 6.247636191562033758e+01
2.739267172789772165e-03 2.000273926717243356e+01 2.907371243242304715e+01 3.406508123712156788e+01 3.959745221176881103e+01 4.711561432320525711e+01 4.672586472597348006e+01 5.445177815094760376e+01 6.302961217596647714e+01 7.413931317574540003e+01 7.983219642568094798e+01 8.149400075772834384e+01 7.307492942983907369e+01 7.307492942983907369e+01 7.530261427475281266e+01 8.371871304381103585e+01 9.569108734762717461e+01 9.899505101833574372e+01 9.193158904205382953e+01 8.038838281407736019e+01 6.977917368090894001e+01 4.992539549950506483e+01 6.977917368090894001e+01 7.829965975411612078e+01 5.842624874599436424e+01 4.702942804002258015e+01 5.842624874599436424e+01 7.244512045124527333e+01 9.243376794055333789e+01 9.244218946360697942e+01 7.246271910138868577e+01 6.083088109923259168e+01 5.194223442633340682e+01 7.205847075775619714e+01 8.001853256839339679e+01 8.834505352714091941e+01 7.892148993955059666e+01
8.327778614586213435e-02 2.008327778614550851e+01 2.627739685717396156e+01 2.952380760009848260e+01 3.300818109227625285e+01 3.666348173604185945e+01 2.664832134680825604e+01 3.556303495434768536e+01 4.692621453139896914e+01 6.616139667564893045e+01 8.005611932693136623e+01 7.307492942983907369e+01 5.290410378788120482e+01 5.290410378788120482e+01 5.510582126462590935e+01 6.699319666928872152e+01 7.915061531117321181e+01 8.754800488839285322e+01 8.357949321999645065e+01 6.365662378779435926e+01 5.219920582535013409e+01 4.460165984911625969e+01 6.447302826749309190e+01 7.713176389700488755e+01 5.724744320630929906e+01 4.325187420698569696e+01 6.307142589732607263e+01 8.193752605739602757e+01 8.127639929051473189e+01 8.965745697155352900e+01 7.988469834242113166e+01 5.972119305975810022e+01 4.825746258928575116e+01 6.359709271432681987e+01 5.990645832625989442e+01 6.842466019441691572e+01 7.675532443797462179e+01
6.510866554257997707e-02 3.151175664786701969e+00 6.274650902625185545e+00 9.519079326445758937e+00 1.300063246441861864e+01 1.665211637540011580e+01 3.073411025181535194e+01 5.002086630203918105e+01 4.253934033408958726e+01 5.245265851372758448e+01 7.198424155368762456e+01 7.276813662713146869e+01 5.881200183627918676e+01 3.880237290066065725e+01 4.689110553386229441e+01 6.699319666928872152e+01 5.890464309321642133e+01 7.585440140237409423e+01 9.159184086977812456e+01 7.781201491054341091e+01 5.950518616289890161e+01 3.960099215871815659e+01 5.950518616289890161e+01 7.521906478362154758e+01 5.955700502730264390e+01 3.970832532300977391e+01 5.373392000751652375e+01 6.712794068674141101e+01 6.128905114978976343e+01 8.127639929051473189e+01 8.821147904477339807e+01 7.256608180492440852e+01 5.250335274189884416e+01 4.375783270031713812e+01 5.954784082181978278e+01 4.847591873745758306e+01 6.382116132080274440e+01
8.953482861371392376e-02 2.008953482860131246e+01 2.627739685715817330e+01 2.106655043975890607e+01 3.300818109227625285e+01 2.819734520289217272e+01 2.395501292123362447e+01 3.102516941848620746e+01 5.085671075122093754e+01 7.029682216431476149e+01 8.005611932693136623e+01 6.436543134277162892e+01 4.429691832911908733e+01 3.277951400103566471e+01 5.277887171139872180e+01 6.745883174792984960e+01 4.736315578745030308e+01 6.745883174792984960e+01 8.191476935421398764e+01 6.329212947911715759e+01 4.961648594046533134e+01 3.549523016961747857e+01 4.703814002078892287e+01 6.692250038312079141e+01 5.623983323918871235e+01 3.634987991046239131e+01 4.123230012065859285e+01 4.724520042150511756e+01 5.870949463201900187e+01 7.862775185788112253e+01 8.897538755772967534e+01 6.886714047905788050e+01 7.190609323529693597e+01 5.954069393053955395e+01 3.978565502516300967e+01 3.712544886460732840e+01 4.477605465652063543e+01
