MOVIE_S9_data/elevation_000646.asc
nrows	100
cellsize	150.0
xllcorner	0
ncols	100
yllcorner	0
NODATA_value	-9999
[rows 68 to 84 of 100, columns 37 to 73 of 100]
2.178774213986931940e+01 4.180616962876623433e+01 5.443382113500207709e+01 6.180267840993138861e+01 4.728061109512362492e+01 5.329120722909558339e+01 6.664839460703453256e+01 4.611830956200009979e+01 5.697041970458099058e+01 4.332864812703510893e+01 6.379117662847676939e+01 8.016272095541273757e+01 7.491956994692631611e+01 7.351900728173458788e+01 5.560547458544521504e+01 3.465378711115606336e+01 4.758339070936295201e+01 2.787581702968432396e+01 3.681674940235996019e+01 4.864544776764151379e+01 6.919012258912403013e+01 6.627733348779693756e+01 8.703054364815585586e+01 9.081606591480401391e+01 7.376479933584771231e+01 7.938879932339055756e+01 6.613076087935526459e+01 7.244910395018314375e+01 9.241536241220789805e+01 1.105270873446696811e+02 9.821674182815507947e+01 1.146098937595682941e+02 1.185535610592548466e+02 1.102591928747791599e+02 1.102591928747791599e+02 1.102591929184133477e+02 1.185535662534544485e+02
4.179796772118113779e+01 2.577839674595591646e+01 4.591894380474331427e+01 5.882910636214069910e+01 6.780206993368061319e+01 7.384262773427008142e+01 7.447418323288358977e+01 5.376909271593772388e+01 7.235142298736015221e+01 6.379117662847676939e+01 5.093552021296000731e+01 7.160259766705443951e+01 7.968602425723304350e+01 5.883983620917409496e+01 4.406052728553269304e+01 5.560159652739203295e+01 4.879466151475649127e+01 2.829358997004185028e+01 4.812105532021392662e+01 5.862948143232086551e+01 4.918906957213484787e+01 6.399971602366260726e+01 8.477828682820489803e+01 1.025796997479094017e+02 9.426814369006484640e+01 9.466508867460198928e+01 7.789949551658287419e+01 9.228889516308829855e+01 8.316861691090079489e+01 9.429254810370801465e+01 1.115328869521777904e+02 1.249039929442220824e+02 1.102591928747791599e+02 8.969486874054705083e+01 8.969486874054705083e+01 8.969486874055347414e+01 1.102591929019252461e+02
5.391585823971099956e+01 4.591894379932050896e+01 3.000712434405174278e+01 5.029415426207717132e+01 5.497858949206124635e+01 7.564398854038329034e+01 8.302781266963820883e+01 6.568248103655537307e+01 8.302781266963820883e+01 7.786668084624925257e+01 5.709106728528333008e+01 7.786668084624925257e+01 7.968602487892140118e+01 5.883983620938283110e+01 5.883983682448958774e+01 5.661621622354370231e+01 3.599373484553196789e+01 2.871385071299118863e+01 4.675652978699435636e+01 3.796076478126831688e+01 5.893295974162933248e+01 7.862580916743439730e+01 7.906119108316559618e+01 8.826862455203863078e+01 9.283021816216695754e+01 1.012565738205497041e+02 9.724889324207551056e+01 1.037805675455350212e+02 1.023614173712111892e+02 1.104414745772702986e+02 1.205747124668672683e+02 1.140529294265448641e+02 1.057231875594806496e+02 9.571801982894540117e+01 7.497120045337663896e+01 9.571801972853604923e+01 1.098225859420276009e+02
5.163414431231490909e+01 5.882374308831215615e+01 5.028905450266047694e+01 3.455969186182899477e+01 5.497858949206123924e+01 6.028150153431953129e+01 8.099121300588033989e+01 8.648387177557903271e+01 9.499432138033651540e+01 8.523262593209054216e+01 6.439858705190609101e+01 8.523262593209054216e+01 8.820217129879547713e+01 7.968602487892140118e+01 7.968621003030263239e+01 6.305677502622447861e+01 5.256336588017223477e+01 4.856977909749230093e+01 2.932654402962554485e+01 3.303912237529058160e+01 5.688602060587070497e+01 6.093482227664881634e+01 5.686101385043927081e+01 7.520954975218054983e+01 6.870226288797799441e+01 9.283021816230510126e+01 1.051386646228177142e+02 1.083766033784274043e+02 1.001396050660769674e+02 1.032096925754110686e+02 1.092092603153712105e+02 1.057231875594806496e+02 8.513899038789230644e+01 8.996388741084520291e+01 6.927887724006998837e+01 8.083883811786078866e+01 1.014608114124414726e+02
4.325909797756666109e+01 6.414551741595141721e+01 6.351150554618693889e+01 4.626022243732268180e+01 3.974341149969701092e+01 6.028150153431953839e+01 7.493093548931305747e+01 8.419482420179271287e+01 9.615572631982678331e+01 9.375313394862573091e+01 7.643960160265253023e+01 9.375313394862573091e+01 1.012216882884324605e+02 9.066587807357446138e+01 7.042831398778658070e+01 6.766413407838091132e+01 5.946450631960018995e+01 5.529524640419396064e+01 4.803170066895987844e+01 2.996124415854837508e+01 4.744007435470012979e+01 3.926552240279740147e+01 4.527510715803786212e+01 5.222325056645915708e+01 7.002053136915145615e+01 9.535012412753489741e+01 8.494107574368551639e+01 9.619273827049450176e+01 7.861179307767821456e+01 8.238880876612614657e+01 8.848710444356845528e+01 1.057231875594806496e+02 8.513899038789230644e+01 7.051275241021805584e+01 6.402091419176832687e+01 7.857367242118682782e+01 9.922750762582953143e+01
4.939931153466685032e+01 7.023486591228521547e+01 7.544200445117452603e+01 6.688810031997427075e+01 5.153243323499044237e+01 4.572500768781671354e+01 5.489983588003210002e+01 6.685761926726881654e+01 8.765579108107966988e+01 1.056977043963814111e+02 9.724412054219745016e+01 9.485324070358923620e+01 8.677284850273238703e+01 7.301098564771558586e+01 7.042831289812593809e+01 4.974110155255117149e+01 3.966817922913022443e+01 5.392777352897375920e+01 5.014742850046487632e+01 3.041774274359695696e+01 3.294347600275403920e+01 5.508448642914972027e+01 6.078048600959298398e+01 7.520954975441595991e+01 8.465026943097625178e+01 8.849159196470550626e+01 7.108010779847474225e+01 8.661166621944815347e+01 6.648240600483902085e+01 6.758477258898335549e+01 8.238880876612890347e+01 1.032096926111786530e+02 9.683907859856556399e+01 8.012728815064029675e+01 5.957093848308775819e+01 7.408259372921997965e+01 9.472047136804305012e+01
4.886211935039439425e+01 5.773690862705629456e+01 6.639681771491234485e+01 8.078227845101824300e+01 7.223295109064528674e+01 6.636911735732451234e+01 5.320475219087535379e+01 6.514999494591256735e+01 7.987623392554088753e+01 1.006115068461870266e+02 9.833276773569626528e+01 7.831040029281027159e+01 6.631638617070233011e+01 5.889252567897149504e+01 5.223822700349646908e+01 4.670449731158339546e+01 5.426330193092076826e+01 3.126026894582213700e+01 3.107213879891829222e+01 4.868359652406613236e+01 4.489073357880090498e+01 6.516273206173237043e+01 8.312199427512592820e+01 9.031714182319018391e+01 9.360116106205718722e+01 8.000771001504585911e+01 5.970828782648836608e+01 7.064678378301543660e+01 5.717959232312889384e+01 7.803593851476058774e+01 9.701782068163710449e+01 9.842578520698968703e+01 8.840046093341123878e+01 6.777683437505513098e+01 5.592661225381343826e+01 7.649340458827796851e+01 9.134670029088756849e+01
4.029622310497622806e+01 3.716010335362128103e+01 5.773690840151085268e+01 6.883472850865864245e+01 7.752179273231945444e+01 8.249317187731550405e+01 7.394088099250473078e+01 6.294506613068121226e+01 8.374701266708056835e+01 1.042068816814881842e+02 1.062661123662852845e+02 9.485324070358923620e+01 8.677284850273238703e+01 7.954039688569967836e+01 7.301098880422452453e+01 6.717700635246859520e+01 5.229384574235618288e+01 3.168040867777835601e+01 5.144471659426136512e+01 5.873935950258481853e+01 6.591991910801421284e+01 7.712113350366907127e+01 8.256675153608323114e+01 6.923374442534159812e+01 8.393931114788348680e+01 6.433643682797499253e+01 5.131965518574939011e+01 4.975035807054309345e+01 6.183892798586241923e+01 8.268868471761578576e+01 9.236011881843778326e+01 7.773439229635103231e+01 8.768268019245179801e+01 6.707697279481725161e+01 5.247767666687595067e+01 7.311224475641000708e+01 7.254034455072292076e+01
2.305558539928963313e+01 4.318690406856782005e+01 5.399589094632818131e+01 4.786381208829230616e+01 6.883472850865817350e+01 7.647648901316333081e+01 8.510793315483542187e+01 8.374701266708056835e+01 7.496080309285160581e+01 8.970709559083941542e+01 1.103361239985367490e+02 9.506180425280051338e+01 8.654996182403755256e+01 8.428241739845182678e+01 7.717491890615654881e+01 6.123851873719519290e+01 4.793431426511683213e+01 3.218234763705233803e+01 5.264870643319585497e+01 6.175493401650047076e+01 7.587964689067207757e+01 7.409541487613071808e+01 6.604919021713446625e+01 5.360507309767127992e+01 7.322881052206366803e+01 6.433643346130509144e+01 4.287795470078209803e+01 6.433643683114293310e+01 7.921537109324796688e+01 9.122508204848988100e+01 8.199750254124310800e+01 6.317530475338895002e+01 8.201466586794427371e+01 6.987710240534735817e+01 4.911100028482559310e+01 6.541653215202659055e+01 4.533215179042929321e+01
4.318690998095765110e+01 2.598326749768643396e+01 3.346055264487367964e+01 5.400491958286920635e+01 6.159247238682038983e+01 5.542746746940790814e+01 7.647648901317701586e+01 9.017259822101222255e+01 9.574919805202453915e+01 1.042068816814311418e+02 9.508193305700669384e+01 8.473577217461891564e+01 6.577926243986775035e+01 6.350527171698420403e+01 6.452011248548240019e+01 4.825586492560187679e+01 3.379490749300172325e+01 5.270844097346819268e+01 3.290212909028663546e+01 4.734166298786689708e+01 5.592318616773113149e+01 5.281800283838648369e+01 5.482663520043698924e+01 4.352519541138684644e+01 5.731113479169216163e+01 5.787206352580044211e+01 3.934202794653494806e+01 5.713344371311679026e+01 8.030106274705883607e+01 8.717827462992593723e+01 7.344723132346108230e+01 5.277564369567922142e+01 6.319472704521447071e+01 6.384289814526871254e+01 6.280294676925126396e+01 4.430479598557103316e+01 5.752263364217702701e+01
5.481789140798186111e+01 4.620075508590510083e+01 2.909090239561534474e+01 3.480521166711083225e+01 4.084661127848817586e+01 4.998639954440138666e+01 6.040258273241357045e+01 7.538296552755504365e+01 9.647876867462564121e+01 1.013270702880464142e+02 8.033893223054403165e+01 6.581857098014695850e+01 5.583504951784029657e+01 4.886459302398686333e+01 5.602832389387626222e+01 3.541050845840572237e+01 5.435829105503638914e+01 6.059634902025094050e+01 4.224817122997914254e+01 3.361334566365310650e+01 3.411745199323451772e+01 4.336262329044529906e+01 5.256972932206322469e+01 3.611406443076175776e+01 3.664940460554613111e+01 3.718932883335229178e+01 3.773340076735244253e+01 5.508093167794199019e+01 6.753134290275879437e+01 6.398678724523489336e+01 6.166621948397683184e+01 5.881330622637047867e+01 4.203437034797164529e+01 4.267135502033000449e+01 4.332953875636837893e+01 6.449428499871594056e+01 6.941376588019483052e+01
6.635117303029161917e+01 4.559129416176440941e+01 4.941411921148420561e+01 3.260376231967070026e+01 5.305899414653085699e+01 6.598603326511911860e+01 7.679983090620329733e+01 8.550270748665398912e+01 9.769952193697722009e+01 9.198187820810812809e+01 8.159682952898286601e+01 7.303487253876789964e+01 6.442216938193359965e+01 4.420749576377063761e+01 3.703709131836102131e+01 5.602832389387626932e+01 6.462107189985695754e+01 6.884947086190365440e+01 4.894637416487959314e+01 4.858737761642506570e+01 4.720827378026344689e+01 3.483322633871524943e+01 3.536487339706190625e+01 5.609090234627698379e+01 4.849869441971614492e+01 5.787085933900385015e+01 5.843513981941411117e+01 3.851046107486222070e+01 5.924193195146563085e+01 4.429539779186688264e+01 6.103502099572968120e+01 4.116030786617722725e+01 4.262558382911899457e+01 6.377161238425863132e+01 5.394808073578229823e+01 7.140199437059145282e+01 7.925782160441782764e+01
7.494324018985020075e+01 6.190115323146546444e+01 4.115236546113009553e+01 5.295561538772104626e+01 3.661257112410377346e+01 5.726337058013588432e+01 5.567071615527891737e+01 6.782355012324732968e+01 8.906165849038728766e+01 8.346122024509402593e+01 6.260852483244182309e+01 5.216867747008609513e+01 4.521809719889062507e+01 3.873253661457948027e+01 4.382752570269438763e+01 6.466226212354742131e+01 8.436201583007733973e+01 7.824113443239706100e+01 6.898806482359805159e+01 6.378341594367166323e+01 4.521788981622415093e+01 5.674535761766588138e+01 3.544683663668037354e+01 5.759084681882669798e+01 6.934958191609821654e+01 7.786493113477193617e+01 6.349901864441270760e+01 4.421323218512272035e+01 3.928331827556089451e+01 3.982790368656193181e+01 4.037781831155528778e+01 6.143522189051841309e+01 6.377337156369102900e+01 4.485285782807216748e+01 6.584756194114643790e+01 7.633067447806845962e+01 8.784303329217948431e+01
8.279311699676992475e+01 6.187383728335285582e+01 4.885844155609689210e+01 6.097428598345525330e+01 4.026471781648837833e+01 4.374332609967012075e+01 5.567071615527891026e+01 7.058580171260432223e+01 9.180182446803070206e+01 9.198187820821718219e+01 8.159682952904134368e+01 7.303487253876789964e+01 6.076079120000072464e+01 3.995899542213456357e+01 6.076079120000072464e+01 5.495187019958660812e+01 6.700983346599998924e+01 8.783837475628672564e+01 7.664165935877470304e+01 5.743483634811646965e+01 6.555259492329359716e+01 5.926237603149663613e+01 3.766166199087609812e+01 4.652253736476238544e+01 6.805084233112755498e+01 7.685345084684048800e+01 5.573824117689236601e+01 6.349901971725999772e+01 5.122436327345559448e+01 6.250353650473190470e+01 4.063701361695115821e+01 6.472436298740164773e+01 7.439187649143718772e+01 6.589819635260248276e+01 4.714536860921328554e+01 6.803417137133365600e+01 8.820747114248047183e+01
8.460084826432421323e+01 6.362216252742602762e+01 6.362216252742602762e+01 6.494353109274958058e+01 4.408153877912214824e+01 6.459089161383104738e+01 5.683180624973278583e+01 6.899680908228364729e+01 9.022695265852119917e+01 9.882268457491485947e+01 9.035607235214945376e+01 7.679941961575906362e+01 5.593956535850779233e+01 4.120026793114266894e+01 6.204927521589360140e+01 7.581301083192137469e+01 8.436201583007733973e+01 9.633325083928862398e+01 8.478350491734131822e+01 6.855456849890030924e+01 7.338241400505914669e+01 5.186094739089505623e+01 3.958928907754033588e+01 6.095698946201571289e+01 6.179477131765792564e+01 8.315433381901520704e+01 6.782387818083297759e+01 8.067526583528071171e+01 7.212233481493844067e+01 6.871988226591685134e+01 4.746812940508225864e+01 6.874114410035861056e+01 7.063274433346846592e+01 4.946462059454922411e+01 6.715558392352188832e+01 5.930407964119807218e+01 7.385913983048099851e+01
9.300891161410487484e+01 8.460084826432421323e+01 8.460084826432421323e+01 6.963734357106781658e+01 4.864597602075544103e+01 5.602141353083803921e+01 7.713137033787204189e+01 8.666619021986093685e+01 9.885626001894071635e+01 9.035607235214945376e+01 6.890588607474565208e+01 7.509470038880904497e+01 6.335004250621895494e+01 4.246368275041948692e+01 6.335004058260971505e+01 7.701147638524254546e+01 8.555749940313248203e+01 9.592936485814865932e+01 9.597981486328457379e+01 8.768883091607665392e+01 8.199996956710937468e+01 6.269135043791317230e+01 4.116846981515487158e+01 6.269135043791317230e+01 8.315433381901524967e+01 9.165295079562511660e+01 8.918807650769021222e+01 9.771779921406823632e+01 8.708215785529938557e+01 6.688162579450330725e+01 5.251773570914430422e+01 7.279822464737848975e+01 7.174247261928303487e+01 5.108477968082947029e+01 7.163970961153283667e+01 7.980138139282182408e+01 8.820741726333881161e+01
8.923870844133786306e+01 9.696978294684036825e+01 8.960630963879741273e+01 6.840279612017305055e+01 5.350255408201648777e+01 7.461316144479748402e+01 7.093995614492061463e+01 9.207876645276465410e+01 9.703087046904802548e+01 7.607557381991372836e+01 6.314447119215142123e+01 5.260429433159851698e+01 4.740601557818919076e+01 4.376738051871111423e+01 6.460246008853451372e+01 5.616637148630537268e+01 6.659329927703609542e+01 8.743006391373174324e+01 1.027429502798396328e+02 8.202375816099466022e+01 8.106131986729376138e+01 6.445489256320352922e+01 4.278409661461230939e+01 6.445489256320475135e+01 7.849160585742167484e+01 8.606247383106897075e+01 9.453120094368036064e+01 1.049297429187323303e+02 9.150452067780788923e+01 7.123937834051086782e+01 5.711865171548762987e+01 7.717490110900494926e+01 8.022464116879112339e+01 7.174247269216469647e+01 5.335808101308209928e+01 7.394309765286854486e+01 7.986923512735081943e+01
