MOVIE_S9_data/elevation_000529.asc
nrows	100
cellsize	150.0
xllcorner	0
ncols	100
yllcorner	0
NODATA_value	-9999
[rows 0 to 16 of 100, columns 37 to 73 of 100]
7.661812684309124677e+01 8.493151555081479387e+01 9.706915232500149671e+01 9.533980441805097428e+01 8.700989263049028466e+01 8.962914896541782639e+01 9.795793745257529395e+01 1.025283374227567208e+02 9.418931030511689073e+01 9.155674697714255217e+01 9.871196270953970497e+01 1.070435915363474209e+02 1.160689888197335620e+02 1.276795953152760603e+02 1.380700221266315566e+02 1.267164148157769858e+02 1.185782944033716291e+02 1.267164148157769858e+02 1.201262993445387224e+02 1.201263000450403950e+02 1.282665687123554505e+02 1.250785352284697751e+02 1.167966725525716072e+02 1.171883339240086030e+02 1.089619027769702058e+02 1.171883339240086030e+02 1.180315489318136173e+02 1.097828644403793419e+02 1.097828644403793419e+02 1.068461641016815662e+02 1.068461641016815662e+02 1.151029898033027195e+02 1.263789312842985737e+02 1.181368297147467956e+02 1.181368297147467956e+02 1.195935335373160200e+02 1.195935335373160200e+02
5.659601901322407258e+01 7.491337123432298029e+01 7.692588413747678544e+01 8.372232963306835529e+01 6.688294990466725665e+01 6.949212062576098958e+01 8.962886617750177720e+01 9.082075498931193636e+01 7.398289648733450008e+01 7.135696946595084000e+01 7.847395644861693143e+01 8.752817661633706336e+01 9.923953379695321075e+01 1.193987845957292961e+02 1.299420096568154293e+02 1.102594774751052427e+02 9.861107234763652230e+01 1.079053652750577896e+02 1.001836367931125125e+02 1.001836367951417657e+02 1.201263000450403950e+02 1.137077329380315689e+02 9.722587165082582317e+01 1.074778985996708798e+02 8.972307525955818619e+01 1.074778985996708798e+02 1.097828644403793419e+02 8.971484727464540754e+01 8.971484727464539333e+01 8.677196385855877736e+01 8.677196385855877736e+01 1.068461641016815662e+02 1.181368297147467956e+02 9.803798578835889543e+01 9.803798578835889543e+01 9.951217799975196954e+01 9.951217799975196954e+01
4.666294151495706188e+01 6.660707239392246493e+01 6.275625164920867860e+01 6.643906621297281845e+01 5.537588423964548667e+01 7.538959669892132354e+01 8.358774134820465918e+01 8.248350417268494539e+01 6.241073817916399946e+01 8.252313184806325808e+01 9.149650441926645783e+01 9.983685773032149768e+01 1.088672699390054106e+02 1.204972554873336890e+02 1.284279609621280827e+02 1.202746144800964458e+02 1.079053652750577896e+02 8.752656278201946805e+01 8.556670916141510475e+01 1.060247076261172481e+02 1.186788424688828059e+02 1.054974653836921732e+02 8.643379135205340447e+01 9.449104804978223626e+01 8.046311185983577730e+01 9.220675517983646330e+01 1.114804065775742288e+02 9.559263341752084386e+01 7.562986368122636804e+01 7.273855588965153629e+01 9.265155337315516704e+01 9.623108238175223050e+01 1.045080216782942131e+02 1.039248005484013646e+02 8.375154013037870016e+01 8.522181182328239402e+01 9.689400831748116616e+01
4.004052391616509254e+01 5.995814650261579715e+01 6.637070727663785874e+01 4.651523646446982241e+01 6.400765049603633372e+01 6.661715012190106222e+01 6.345294770333518386e+01 7.218902374880461537e+01 5.759979386489532516e+01 6.422338279992865751e+01 7.129628701233842492e+01 8.031063771255287520e+01 9.200979133617046557e+01 1.122068236350655042e+02 1.202746144800964458e+02 1.002960833342178830e+02 1.061476596286991310e+02 9.879171241242228518e+01 7.808968804711345513e+01 9.021981411763263736e+01 1.105011432417613264e+02 1.049867663647370790e+02 8.607995726463629182e+01 7.597378070356920432e+01 7.344230453503712397e+01 9.220675517983644909e+01 1.080864303899916621e+02 9.974885585751245287e+01 7.975525986283753355e+01 6.587461390436403974e+01 8.561124854937369832e+01 7.628544378255020320e+01 9.298594137692550987e+01 9.679247273800052653e+01 7.673565733357783358e+01 9.679247598674623987e+01 1.136723909032885587e+02
5.146494361237822091e+01 5.600840954452490195e+01 5.812038474032118529e+01 4.155105615288206167e+01 4.409840723118702499e+01 4.670506982222149617e+01 4.939892252260986538e+01 5.222034649554401398e+01 7.218902374880461537e+01 8.426753037153615367e+01 9.009611884700422024e+01 9.684089389169812989e+01 1.051672168764255275e+02 1.152562413279153617e+02 1.202746144800964458e+02 1.002960833342178830e+02 8.573237755440514718e+01 9.447504193205158174e+01 7.372867850871254802e+01 8.851517133295368467e+01 1.088634423625293266e+02 1.123988126882357932e+02 8.902770786098209044e+01 6.949951578275501163e+01 6.772259672068484804e+01 8.099515049864335481e+01 9.605920865873807202e+01 9.527815217384470259e+01 7.536581420076927884e+01 6.149231000608972408e+01 8.119800282342193043e+01 6.495443697694264529e+01 8.412147271533518733e+01 9.251634788295964995e+01 7.258705704396047054e+01 9.251634788295964995e+01 1.058545972069607330e+02
3.429180723480190807e+01 3.627390082650492786e+01 3.836200070618877334e+01 5.829313655392266469e+01 6.400765049617436375e+01 6.074712049955188320e+01 6.345208913021744479e+01 6.629408839629296324e+01 5.900753359726538605e+01 6.413771433446024162e+01 6.990529588178341669e+01 7.660656847658427182e+01 8.672655580510311779e+01 1.069552550672200937e+02 1.131124947898540682e+02 1.048733716235248892e+02 9.594001859155208933e+01 7.527834498250082618e+01 6.976443967672597068e+01 8.449079772131861432e+01 1.049474157770250997e+02 1.072355795664767726e+02 8.804780040605413660e+01 7.940812520166193167e+01 6.258092203567866108e+01 7.712064648653814913e+01 7.653648574937359683e+01 9.040219676870495391e+01 7.717559529897818038e+01 5.746531052728292366e+01 7.181113541982780646e+01 5.616566815981949645e+01 7.587805871761928245e+01 8.357855663979015048e+01 6.872680213759161916e+01 7.745672402483256747e+01 8.898702575752923849e+01
5.420040380386096501e+01 4.330520631616197846e+01 4.464870285354250967e+01 6.456688088779806378e+01 8.358844776824643930e+01 8.080861500697734812e+01 8.355965135981627157e+01 8.637656378779820443e+01 7.907003426427863246e+01 8.426753037153615367e+01 9.009611884700422024e+01 9.684089389169812989e+01 1.051695239289788333e+02 1.152568307160779142e+02 1.048733716235248892e+02 8.446928467401933460e+01 9.044550337745681645e+01 8.669983724674834491e+01 6.605921243428369394e+01 8.068846842418560072e+01 1.012125653905533653e+02 1.006702091922825417e+02 9.244007090196330978e+01 9.011241382962197122e+01 7.712064648653814913e+01 5.774835691554300610e+01 6.285454918893572085e+01 8.066263256400897319e+01 8.542181459726637627e+01 7.181113489521418103e+01 5.230924166366829553e+01 7.181113504544879333e+01 6.063909735368005016e+01 6.388418610548862375e+01 8.357855663979015048e+01 9.682640751560501258e+01 9.645207534487062162e+01
7.071294852400258435e+01 5.080344766969859194e+01 6.456650757151716391e+01 5.525432461105157245e+01 6.936992395038365089e+01 8.948257274609485989e+01 9.038882572427600337e+01 8.207267236132616972e+01 8.189548114880253138e+01 8.409683429563189350e+01 9.240795418168715969e+01 9.380540254558206925e+01 1.021059154487242324e+02 1.122096303648503692e+02 1.039684249055895577e+02 9.044550337760952630e+01 6.984967171770745153e+01 7.943656828130410474e+01 6.303888479417780388e+01 7.487874649609047140e+01 9.548540702694378979e+01 9.244007090196330978e+01 7.273693333624511581e+01 7.850784871859252689e+01 8.524548769370221635e+01 7.255455404561817545e+01 5.318347937800071890e+01 6.837688064293801915e+01 7.647147290227543692e+01 6.960278901477715863e+01 5.036898932115197169e+01 6.960279825453514491e+01 8.034024565600911671e+01 8.357855663979009364e+01 9.185541292510198730e+01 9.048788653718844444e+01 7.619054893021599639e+01
7.898627056382167666e+01 6.487729918003650198e+01 7.074377784264892455e+01 6.936992395038365089e+01 8.358844776824643930e+01 8.322604459202767657e+01 7.880020659586135423e+01 6.200262203620353318e+01 6.183424477750423875e+01 6.402719799006220569e+01 7.955496800790602663e+01 7.365224475269067739e+01 9.380540254558206925e+01 1.039684249055895577e+02 8.352731763349140692e+01 8.951437933852734830e+01 7.943656828228503741e+01 5.902829132059674322e+01 7.943656828208708021e+01 9.198767984040152612e+01 1.037911116871212869e+02 8.986531079895539165e+01 7.019360943073000669e+01 5.901695340004777535e+01 6.979125534367291550e+01 7.506915093070060152e+01 6.811600257881869425e+01 4.899375029542072468e+01 6.448845825087506967e+01 6.516248246641104913e+01 4.839545582850258398e+01 6.170480782344937865e+01 8.137322871150665549e+01 8.269239195636829720e+01 8.303223539043867163e+01 8.204611075389229313e+01 6.230090780839153553e+01
7.536047442482467318e+01 8.490671019330048352e+01 9.079257339786187231e+01 8.948257274609485989e+01 7.735123913668965656e+01 6.316787953354808138e+01 6.986070005504655001e+01 5.053100476891255965e+01 4.778624110893367316e+01 5.289060133413016729e+01 5.949482036173732524e+01 7.103678706232838636e+01 9.119101957359767141e+01 1.013573092758723249e+02 8.084475291391227358e+01 6.887233936417763402e+01 6.247372720115419042e+01 5.649246030267350704e+01 7.680187105533501324e+01 9.404223501804170837e+01 9.562138876608621274e+01 9.809376006396711034e+01 8.670357126426378613e+01 6.979125534367291550e+01 5.036965105576673096e+01 5.637535961047080235e+01 6.162596117631143500e+01 6.217872802807402621e+01 4.496783798165358803e+01 4.564358837725605156e+01 4.632140831878745502e+01 6.585156249237475379e+01 6.847769099033160956e+01 6.258990900338165631e+01 6.329523757807499607e+01 6.978902741319268443e+01 6.254409501675908700e+01
6.613308276029539456e+01 7.607245894521160778e+01 7.986751026093303096e+01 7.155946518542022261e+01 6.904278006101772291e+01 4.909538020375780576e+01 5.642693667160593662e+01 4.167563565419460758e+01 6.156142554251581345e+01 7.286825212584982125e+01 6.697837089203804339e+01 8.708768328128491021e+01 9.949854351687092446e+01 1.096131042526943986e+02 9.786847399917034807e+01 8.278461037784892085e+01 6.230742467632808257e+01 5.420425911000792496e+01 6.524489160877851646e+01 7.964376438440594086e+01 7.518408263329116892e+01 8.955525621083850751e+01 7.837982509649687302e+01 6.829769285585906857e+01 5.777660440312316581e+01 4.274190901029108858e+01 4.338993056066713905e+01 4.404049489942040907e+01 5.989010895409537483e+01 6.444574658511955079e+01 6.585150798145933493e+01 4.733655636442884429e+01 4.805775785715216131e+01 4.879360617416246271e+01 4.953134902846932164e+01 5.026901118698544479e+01 5.100436634924326995e+01
4.795965774075307309e+01 6.778041335977216875e+01 6.832098771926511915e+01 5.158442173030262268e+01 6.060544170046001256e+01 5.232503997663021522e+01 3.654225468616937178e+01 5.642693667160593662e+01 6.986070005504866742e+01 8.168743562813862980e+01 8.708768328128489600e+01 9.539932094908914451e+01 1.074561404845264292e+02 1.115864558270696705e+02 9.135709098808295892e+01 7.677953915365043258e+01 7.755005798837602526e+01 5.732570901916151485e+01 5.112064368204227094e+01 6.829588081930397436e+01 6.081421437527664153e+01 8.117002887514877330e+01 7.054662490505668870e+01 5.266386713898404537e+01 4.183101056959300479e+01 6.063456969258952256e+01 6.290817548479366650e+01 5.616031863451173223e+01 6.030628884324787009e+01 8.096728656681517577e+01 7.466066398344179333e+01 6.088768815242331556e+01 5.195789438501916635e+01 6.823781895065721415e+01 6.911201326041482673e+01 6.602956112211802520e+01 5.840081683315435868e+01
6.613308276029050603e+01 7.607245894519313367e+01 6.002686846953356792e+01 4.011878306130195426e+01 4.853293000004102709e+01 3.243904749322493331e+01 5.232503997663021522e+01 4.589780573872312885e+01 5.338521664778442499e+01 6.487849010937942751e+01 8.497119654775495690e+01 1.014928054564987576e+02 8.731332884547219919e+01 1.014928054565383633e+02 1.055751323680965612e+02 8.842720140859670153e+01 6.807793263745246293e+01 7.755005798837598263e+01 6.233128173052207188e+01 4.827949227023195533e+01 6.552010712882892562e+01 7.391478753115455902e+01 7.383404652285607028e+01 6.269687132835249344e+01 5.491181453660724543e+01 4.086353199441081330e+01 6.456030287159723002e+01 7.359686841224038290e+01 8.087106252555170727e+01 9.129597275049934524e+01 8.683351667102016336e+01 7.740104539349344748e+01 5.877848257265809906e+01 5.877722426542255363e+01 7.207837738847707953e+01 8.231927457254131753e+01 7.880595651718192585e+01
5.888438961573268671e+01 6.419565224315023499e+01 5.339964425620838284e+01 4.513264829330199035e+01 2.870605211896727837e+01 4.853293000004102709e+01 4.648551495201673589e+01 6.581687683755180274e+01 7.337066707681073296e+01 8.168743562823627258e+01 9.328389265913536121e+01 9.248183183676711394e+01 7.299760488240225698e+01 9.248183183676712815e+01 1.048658887969509834e+02 8.473269072565453541e+01 8.252024267594266860e+01 9.107237448948903591e+01 7.670182811075463292e+01 5.957549908968184837e+01 4.557823920363922809e+01 6.283114618212727720e+01 6.816699181610785274e+01 4.969035236103690778e+01 4.021079390396572251e+01 4.008617949756708754e+01 7.064595828824188573e+01 6.923513799458986284e+01 8.035910372131039026e+01 9.934987128686373126e+01 8.944033816498699707e+01 7.072989056192351143e+01 7.760681207160322970e+01 6.408583827195596427e+01 8.269329657378520437e+01 9.850948487128354714e+01 1.029232635232524871e+02
5.062289858710560964e+01 5.013870854461115556e+01 3.608167121449992720e+01 2.553804683181055424e+01 4.513261800211824237e+01 4.269746442180619539e+01 6.262101244741617734e+01 6.274527452086866219e+01 8.278645951128032721e+01 8.951764625373915862e+01 9.004473135959190699e+01 8.173608456620908669e+01 6.401984600356418298e+01 8.417241250601473723e+01 9.583913902213308234e+01 1.048658887969509834e+02 1.026878986744744680e+02 1.036345210682624867e+02 8.825407597262724835e+01 7.391478753115455902e+01 5.690632635892118429e+01 4.295404095500069985e+01 6.021324966775003418e+01 5.899894972594375986e+01 3.939639578539013343e+01 5.899391966204716198e+01 5.550631457604445984e+01 6.925781292625281083e+01 8.877705126775288136e+01 1.068634150330708934e+02 9.736920932015561903e+01 8.390568000582594266e+01 8.923503889791760457e+01 7.073236209711832601e+01 7.926640995205531226e+01 9.794135609237417839e+01 1.010044112287432796e+02
4.521063255500249056e+01 3.885184797859341899e+01 2.281214118234759880e+01 4.188932677960028883e+01 5.339962117071031145e+01 6.262100689637754414e+01 7.091793524121288783e+01 8.278645951128032721e+01 8.362135554555661088e+01 6.946282908229346731e+01 7.844790455993536682e+01 6.163847158953100092e+01 5.740230732738678654e+01 6.736858456148479490e+01 8.163370352155908449e+01 1.018031448766134162e+02 1.036345210642606247e+02 8.329234079843116945e+01 8.702520448283728172e+01 8.551967866496882209e+01 7.121300251194496411e+01 6.021324966813691049e+01 4.038990608693351447e+01 5.754901912950281684e+01 3.875547594901897952e+01 4.534427728364880750e+01 6.475321138859457903e+01 7.451893500580568741e+01 8.093877536830684960e+01 8.898599156185460402e+01 9.869361348733099248e+01 1.028021849559327308e+02 9.711251189000721240e+01 7.991890415690824057e+01 9.711251189000098805e+01 1.058861497359231976e+02 1.064729059957207511e+02
3.700252247021311547e+01 2.041604063753624487e+01 3.883201085384538942e+01 4.994478613756896834e+01 5.276385542248623750e+01 5.276385596821991442e+01 7.183426251346672586e+01 8.546568157074780459e+01 7.364340394211143348e+01 5.539943490225591205e+01 7.013272169972738368e+01 5.021720685773162529e+01 7.013272230405506491e+01 8.577327744052685432e+01 9.111355422933091575e+01 9.939736747976110109e+01 1.015112113189629923e+02 8.702520448283728172e+01 6.646580854417381090e+01 7.515523329182511247e+01 8.357226912414948572e+01 6.857591554623276409e+01 5.764625800376419562e+01 3.784004830825395516e+01 5.509442001776969278e+01 4.552153788016511271e+01 5.030922052876042017e+01 5.549664301817644230e+01 6.167940645746622153e+01 7.123631225088684005e+01 8.493879311247323471e+01 1.044081594444235179e+02 1.065160082068123728e+02 9.855119669522775894e+01 1.065160082068123586e+02 1.117647753982851384e+02 9.387014555390688031e+01
