MOVIE_S9_data/elevation_000400.asc
nrows	100
cellsize	150.0
xllcorner	0
ncols	100
yllcorner	0
NODATA_value	-9999
[rows 51 to 67 of 100, columns 0 to 36 of 100]
6.455108993161302877e-02 1.420668671366268754e+01 3.420668671366339453e+01 2.176545118457153905e+01 3.361185294251908573e+01 3.129345907504978896e+01 3.248491480953157406e+01 4.093774035829631686e+01 5.392985453895040848e+01 6.220648904393637224e+01 7.114059666884728017e+01 7.383785690441457916e+01 6.295170177320286342e+01 7.713031853547111893e+01 7.896918390615901728e+01 8.718034027319588120e+01 7.570461449887866934e+01 5.751767935634060080e+01 7.570461449887866934e+01 8.237641815778118826e+01 7.615411362274802798e+01 5.954041011738922862e+01 5.429908630373505929e+01 5.991813773251697484e+01 7.140679448169734655e+01 9.114663589408198163e+01 9.679669448384900932e+01 8.428858035507897739e+01 6.455412033427069218e+01 5.043986454089012028e+01 6.370276141450379725e+01 7.189776313048656675e+01 6.310713642199743845e+01 4.308511390933337282e+01 6.300442624285497573e+01 5.965680842809573647e+01 4.421924182312570650e+01
3.995603441288197999e-02 2.003995603441252626e+01 3.500503127834882378e+01 4.178457103037690246e+01 5.006549543984015571e+01 5.129817111470591584e+01 5.248451479166720191e+01 6.076202804215786557e+01 6.920812702640556324e+01 7.056562440993616292e+01 6.226087775572194261e+01 5.378594082013316324e+01 4.877500073107170664e+01 6.710519978437591249e+01 7.208956483726835529e+01 8.039456794123448446e+01 8.565137961540628453e+01 7.744415635116439489e+01 8.565137961540628453e+01 9.281770778491230089e+01 8.761422736258752764e+01 7.941525999074330855e+01 6.253096944119197786e+01 7.974983314088126463e+01 7.140679448169734655e+01 9.114663589408198163e+01 8.860448433428244641e+01 6.891611571332995823e+01 5.899936695442300305e+01 6.199016158524555919e+01 7.851517796612762368e+01 7.198864009412208986e+01 5.212899414083739202e+01 5.212899414083738492e+01 7.126842162814649839e+01 6.426636739292467837e+01 6.425698112026667275e+01
4.804567899273937126e-02 6.714712345632729118e+00 2.671497129907435308e+01 4.652250531266405886e+01 4.825467975560730594e+01 6.821414176367430571e+01 6.384160123880299409e+01 5.554088138501156635e+01 6.384160123880299409e+01 6.226087775572194261e+01 4.221051134926567983e+01 3.960899294153313832e+01 3.875033399646540744e+01 5.880026849096968533e+01 5.203904323652875519e+01 6.881847345533255123e+01 7.292942573904782932e+01 7.425999068775466583e+01 8.256701001102037196e+01 7.276018929080406394e+01 8.693559715468875027e+01 9.053377040608479831e+01 7.399198198123896475e+01 9.053377040608479831e+01 8.280048017394601345e+01 9.935813497542854122e+01 9.679669448384900932e+01 7.876030002380610995e+01 6.891611571332995823e+01 8.173239175315902116e+01 8.991575286716299331e+01 7.198864009412208986e+01 6.032713939983525364e+01 6.367531247768477698e+01 8.011993434652582380e+01 8.404955985495725201e+01 7.291643365691177792e+01
9.707512844716031930e-02 2.009554614992643806e+01 1.826171349282397216e+01 2.826168947527240860e+01 4.825467958260567514e+01 5.489356573447554410e+01 5.381505211852945081e+01 3.548223773942110881e+01 5.381505211852945081e+01 5.173114589056233825e+01 4.808312770444169360e+01 2.803505803012668807e+01 4.572621249058857984e+01 4.859051789987324810e+01 4.046424167885728451e+01 5.509188165594085973e+01 5.287981755486144664e+01 5.420900577081225435e+01 6.705680249663191717e+01 5.858096302667890143e+01 7.276018834236612065e+01 9.281746860484011563e+01 9.372964868160518392e+01 1.019459163058440083e+02 1.025476966317285985e+02 1.107812270558803363e+02 1.066855669082960532e+02 9.679669448384900932e+01 8.860448433428244641e+01 9.679669448384900932e+01 9.975061521032603196e+01 8.815239324558157819e+01 7.024045182906607465e+01 8.334485680815814135e+01 9.146504523862894587e+01 8.528581695389263473e+01 6.568442415972960191e+01
5.001202446392439237e-03 2.000452005563085578e+01 2.993504152787461692e+01 4.389019520495239135e+01 4.157089191988888643e+01 3.483446996489235659e+01 4.551152058642463061e+01 2.546086087797460706e+01 3.548665234071614805e+01 3.163920933864315543e+01 3.977646429006425421e+01 2.303056919790335400e+01 2.568064101795819454e+01 2.854039236995350137e+01 3.149437377177696007e+01 3.503978757949946754e+01 3.870375777910921045e+01 4.263890070186944570e+01 4.701384974615750423e+01 5.369042638766685371e+01 7.374023638111805212e+01 9.276597065849730939e+01 1.043434671402224012e+02 1.078066791382020995e+02 9.958481322267564906e+01 1.078066791382020995e+02 1.118022431477932201e+02 1.034650506951713282e+02 1.008167652090890840e+02 9.252506695162647077e+01 1.008167652090890840e+02 9.794875929927501090e+01 8.982731917133850175e+01 9.794875929927501090e+01 1.011392952140600698e+02 8.172282902120193171e+01 8.513339764155483635e+01
5.279685921607564503e-02 1.691260700254154870e+00 1.583293338674813278e+01 2.571226576295194732e+01 2.155185714514559336e+01 2.069026435946857845e+01 3.091947850635602180e+01 3.273392307304325044e+01 1.545282204886373911e+01 1.746290314519436038e+01 1.974214576533075416e+01 3.977646428921489985e+01 3.386138091627810809e+01 4.859051789971789503e+01 5.154713873133026425e+01 4.221463847845929251e+01 5.875221183187629492e+01 6.268322779229646358e+01 6.118290492580349138e+01 6.705698634473381503e+01 6.440240141580727595e+01 7.598450826112842549e+01 9.604522833953355132e+01 9.789508318303268197e+01 7.977245228907682417e+01 9.789508318303268197e+01 1.002953403229081033e+02 8.361620270703419067e+01 9.090402639338687152e+01 7.277930586223234855e+01 8.265218640692937413e+01 1.024976447412652760e+02 9.799984423800779609e+01 8.969655649031759026e+01 9.799984423800782452e+01 1.011392952140600698e+02 9.661529362354983164e+01
5.738623160518319517e-05 2.000005738623125140e+01 4.040141578312979043e+00 5.712625598327167431e+00 7.409003457687116878e+00 9.143223396735372432e+00 1.091793641556761507e+01 1.274367827391815311e+01 2.946273578437370233e+01 3.752399739911241738e+01 2.405101666327432142e+01 4.394491456654981221e+01 5.391173545235374576e+01 4.803903687351257190e+01 6.808968401093335387e+01 5.639079844533408448e+01 5.639080072824266665e+01 7.644378017154814131e+01 8.123827337279927008e+01 8.711184266041740898e+01 8.446316620212868997e+01 9.276597065849730939e+01 1.024887073539248377e+02 8.267261189729100579e+01 6.986261332291614679e+01 8.967863275587617977e+01 9.142962555038715777e+01 7.225948855634052848e+01 8.265218640692937413e+01 6.297601956853869609e+01 8.265218640692937413e+01 9.266039136432405598e+01 8.807153042082937588e+01 6.991833213450811968e+01 8.807153042082937588e+01 1.022910586524079548e+02 1.106346777997310369e+02
4.532054705376769438e-02 2.004532054705055444e+01 2.404161458546370511e+01 1.985476409373262285e+01 1.895600957094250916e+01 2.325312069842875218e+01 1.986018001239999364e+01 1.982501727879196451e+01 3.960224793008871558e+01 3.332506884809041026e+01 4.394205398652327688e+01 3.440222123507954421e+01 5.500105324585135236e+01 6.808968401091159706e+01 7.639433641904332717e+01 7.644334068751051348e+01 7.644378017154814131e+01 8.475401965964549333e+01 8.349418617629737582e+01 9.166604385978074276e+01 9.443920257504152005e+01 8.622436836011659977e+01 9.443920257504152005e+01 8.267261189729102000e+01 6.292373098711267687e+01 8.267261189729102000e+01 8.317471183570964399e+01 6.348005926752266959e+01 7.332738555161617455e+01 5.676063828244866016e+01 7.643003612385058432e+01 7.284266128010423813e+01 7.284266128010423813e+01 6.010803489188420201e+01 7.980744357408322287e+01 8.237725445368620569e+01 9.641481260707237766e+01
9.001595176218035732e-02 2.009001595176182420e+01 3.834101476014907206e+01 3.985483897120541741e+01 3.309816752691581598e+01 4.280533730750324395e+01 2.983822023701486970e+01 2.876686487763226197e+01 4.809602923719591416e+01 5.104543633404355774e+01 4.343103944741572064e+01 5.496396465772630791e+01 4.875122085186033161e+01 7.008948337470899048e+01 8.134845813620242438e+01 7.321661732279112300e+01 8.134845813620242438e+01 7.479376158460759427e+01 6.404736793127942462e+01 8.039233391378506610e+01 8.457391558278099808e+01 6.653595725272629124e+01 7.820969274317043585e+01 7.001950714702493883e+01 5.754365523105137470e+01 7.719525783923863571e+01 8.793304236882769942e+01 7.332738555161617455e+01 5.363103947192402643e+01 5.104552626537637394e+01 6.456486730894798143e+01 6.676113238866903998e+01 5.313624843352504001e+01 7.284263898784506353e+01 6.991833213392608570e+01 8.385923947489941099e+01 1.037888822261632811e+02
5.674351268809080251e-02 1.005674351268817723e+01 2.419887913641937871e+01 4.419887913642008215e+01 5.309848120607887978e+01 5.725786294498421114e+01 4.377910109949820594e+01 4.015383512602087279e+01 5.671312022678087317e+01 6.912491288889606267e+01 5.356401004384328957e+01 6.912491288889606267e+01 7.008948337470899048e+01 7.881120035372963173e+01 7.160022777152656204e+01 5.377629895447889652e+01 6.913827055072358974e+01 5.534469260106861555e+01 5.282350186033629313e+01 7.226665037778967360e+01 7.638016280642148104e+01 5.676017841380292595e+01 7.001950714720909730e+01 5.049026583024829051e+01 6.368339210471145151e+01 6.007765209491359570e+01 7.972709530332826944e+01 8.154796162546603000e+01 6.528638593619726294e+01 4.551496282800325588e+01 4.477075187208441776e+01 4.699475341658436633e+01 6.676112393624565300e+01 7.321827403751510133e+01 8.143449894265374667e+01 9.169449371053387665e+01 1.000671305469360988e+02
9.518805923843161321e-02 2.009518805923807605e+01 3.141112720220784027e+01 3.807779386887403206e+01 4.636206511633564276e+01 5.636206511633546512e+01 6.293190649837406880e+01 5.952326114887942055e+01 6.760922742503086624e+01 7.986034783938713133e+01 7.196873730254384327e+01 6.454918266393316628e+01 5.637566880209089959e+01 6.454918266393316628e+01 6.349645813863501331e+01 4.395576164504682737e+01 5.305151651321472173e+01 4.147051677329795183e+01 5.534469260106861555e+01 7.479376158460722479e+01 6.896450574512407172e+01 4.934186506772159220e+01 6.631764919323170204e+01 5.816878065256760522e+01 4.418639967200559227e+01 6.368339076237771934e+01 7.849860120469675451e+01 6.707170633820327055e+01 5.885465295671816222e+01 4.166310713174926406e+01 6.149274864349778369e+01 6.676113238866903998e+01 5.076834884835270145e+01 5.352819905487535124e+01 7.318251990419290109e+01 7.187661887638645908e+01 8.343827920806978682e+01
9.062254805971975413e-02 5.637624510311987081e+00 1.141112720220819554e+01 1.807779386887474615e+01 2.807779386887456852e+01 4.807779386887385442e+01 6.607143736977103288e+01 5.788704693999457618e+01 6.607143736977103288e+01 6.238890868792744016e+01 5.417174404453793812e+01 5.464735910952545339e+01 3.654259633819571462e+01 5.464735910920090589e+01 5.535350618667094835e+01 4.724016960934292797e+01 3.334425491943741093e+01 4.733443377840735167e+01 6.685377518879572278e+01 7.508892408020902565e+01 6.242362559711131098e+01 4.274452839215252453e+01 5.816881962278288398e+01 3.860013800709630516e+01 5.302979433690943267e+01 6.117045761429108097e+01 6.316714464314824085e+01 5.047481513411842258e+01 3.899899241620620671e+01 5.885465295671816222e+01 6.969931503565871367e+01 7.871604070661614116e+01 6.470494944930713643e+01 7.321630990331821920e+01 5.760439824726941538e+01 6.056737747830309360e+01 6.374098668509443399e+01
3.063233560239582431e-02 2.003063233560203926e+01 3.141112720220784027e+01 3.807779386887403206e+01 4.636206511633564276e+01 5.636206511633546512e+01 5.622208564160816735e+01 3.821326378066957119e+01 5.622208564160816735e+01 5.093175080208696670e+01 3.432471796511385520e+01 4.645885429072328066e+01 2.656393112724927263e+01 4.645801872522527987e+01 4.724016827161020871e+01 2.745421293095253290e+01 4.724016960907499652e+01 5.851637085861612064e+01 6.668257532807108134e+01 6.690553775184646668e+01 4.718411708057114140e+01 3.673538839555446600e+01 5.632490555402839050e+01 4.824289155865525203e+01 3.334577870620432094e+01 5.302982791952261721e+01 4.964297998061281447e+01 3.638988488787297371e+01 5.625407668156299934e+01 6.679070471161051614e+01 7.462962865095005327e+01 8.258499440519247514e+01 8.444868583122250527e+01 8.553637083484636605e+01 7.728032923208803595e+01 7.443632219375854220e+01 8.343827920806978682e+01
5.666595628964066211e-02 1.547060110025343427e+01 2.522359612915765226e+01 4.541739602836419465e+01 4.850934436215327139e+01 5.447992957760443744e+01 4.805015536033206303e+01 2.840408839873177271e+01 4.805015536033206303e+01 4.265225259944788405e+01 2.286563601242106003e+01 3.133180530797836383e+01 1.989654054659549587e+01 3.982534434412955449e+01 3.838252431840383139e+01 2.367727462836048957e+01 4.350097918087732296e+01 3.869861146646343286e+01 5.525790142192290233e+01 5.436059336770029660e+01 5.080306520276762683e+01 3.096710503466580633e+01 4.403372099859626587e+01 2.848342375235395707e+01 4.824289155865525203e+01 6.070299603085507556e+01 4.667289008863696864e+01 3.458855385058507181e+01 4.092133084866595283e+01 4.757344391287682583e+01 5.506980495980303658e+01 6.896088634330914147e+01 8.833327174273502180e+01 9.427802479356442689e+01 9.066219368896385333e+01 9.426140669163312680e+01 9.816264669490462325e+01
2.110006612196471329e-02 7.105567824380201181e+00 2.709353982122197380e+01 3.543975334445972436e+01 2.814464640616456137e+01 3.434333589934420417e+01 4.150146617272242366e+01 2.183181577668174711e+01 3.927365260675643555e+01 3.186314688322275046e+01 2.512689755632320754e+01 1.136233732681318465e+01 3.130946148713248434e+01 3.354224426453577479e+01 1.850880476796806207e+01 3.837657270047419900e+01 3.721259914691879089e+01 2.718381657220498582e+01 3.925412659844264596e+01 3.450846196238928343e+01 4.140157462882701367e+01 4.092778604974812851e+01 2.412361029496200970e+01 2.525021163329672191e+01 4.516987792563084270e+01 5.508166275642572174e+01 5.037436345041555086e+01 3.286888482921983012e+01 5.273497847098728641e+01 6.723407821106003723e+01 7.462571441382834792e+01 8.258218987037996328e+01 8.852047318065960724e+01 7.455979819866878699e+01 7.094672837181151692e+01 8.148810795135580065e+01 8.657126723257198364e+01
9.367352646185668485e-02 4.412535484296975952e+00 2.038928528768131798e+01 3.343709858568701510e+00 1.407836440548958556e+01 3.434327774236670194e+01 3.566182438571916435e+01 1.583983395490314727e+01 2.798895086579555525e+01 9.229818204331268205e+00 1.009721764332727467e+01 3.006296652368630973e+01 1.265430228066861140e+01 1.357133230268707713e+01 3.240455208630392292e+01 3.572459355756291188e+01 1.726390904870096676e+01 1.823988405456368511e+01 1.931953130677506891e+01 2.040089191035488270e+01 2.148639441495961933e+01 2.257408286269558317e+01 4.248511873000106220e+01 4.516987792563084270e+01 2.695881185778770828e+01 4.688094324626042919e+01 3.045763668068989816e+01 5.037326864194871945e+01 5.514065025413428600e+01 5.730770507496352195e+01 6.548982403681472420e+01 7.945466968322790535e+01 7.867819262616494314e+01 6.066578391136059878e+01 5.705760045363086164e+01 6.182639390917417188e+01 6.688427599030192994e+01
3.648181865326004941e-02 8.030760203734540470e-01 1.572258424950756073e+00 2.354532400946393267e+00 2.266821143686862783e+01 3.121444437887301859e+01 2.597272653284962018e+01 2.675284476385239074e+01 7.994357445101561765e+00 2.107585566121137788e+01 2.961282721488568015e+01 1.500914514090919205e+01 3.262880016888947665e+01 3.354397966740175718e+01 1.492580492845101148e+01 1.588749816106235180e+01 3.585028268431263143e+01 3.676624667940430413e+01 2.160411413869372055e+01 4.032188747420335773e+01 4.139885380459463704e+01 3.370904223336586369e+01 4.996610614534791495e+01 5.493944418039352229e+01 4.102106578835543615e+01 2.868913422033770999e+01 4.861012889824668548e+01 3.311104563704963510e+01 3.526155724852284834e+01 3.745032841174376870e+01 5.152504590733808243e+01 6.279846131700901424e+01 6.592187694137132326e+01 5.080285036407814658e+01 5.676845261881826588e+01 7.642992682614408295e+01 8.657126723257198364e+01
