MOVIE_S9_data/elevation_000484.asc
nrows	100
cellsize	150.0
xllcorner	0
ncols	100
yllcorner	0
NODATA_value	-9999
[rows 51 to 67 of 100, columns 37 to 73 of 100]
4.044221647655191987e+01 7.225963989015983202e+01 8.194045684961284337e+01 7.453081764252515029e+01 8.877155416521522113e+01 8.373520277636622211e+01 6.358682360241638776e+01 5.200876213284357874e+01 7.210253080586986130e+01 8.354170300207354671e+01 9.522292393590247173e+01 8.247409779755528803e+01 7.684483121070395839e+01 8.391344210835518425e+01 9.290396632642620034e+01 1.045337183956443994e+02 1.246070738565642699e+02 1.329257298222693180e+02 1.125398325983054093e+02 1.103076122127343695e+02 1.160710780796293022e+02 9.749326653494370021e+01 1.160710780801751980e+02 1.134871999788880714e+02 9.361902005911473168e+01 1.134871999788880714e+02 1.216331261215666473e+02 1.302416785531594883e+02 1.180964039633999789e+02 9.771380872412518670e+01 8.344285538650048295e+01 9.414209160401773602e+01 7.595978930497331305e+01 9.600081194472657842e+01 9.887777257882166282e+01 7.872139681835604108e+01 9.887777219339146484e+01
4.395694062454532514e+01 6.392940871101288280e+01 7.658500107491749986e+01 8.820104176927600292e+01 1.030095099527174796e+02 9.207323210175731276e+01 7.753349665295409920e+01 5.636895137990979521e+01 5.525260787758404035e+01 7.524199991348346828e+01 7.518064387346599631e+01 6.835038501014271617e+01 8.835585949584704224e+01 9.753202410632984254e+01 1.033410607794791076e+02 1.100520594845120570e+02 1.183495384925991516e+02 1.283829522333286377e+02 1.329257298222693180e+02 1.307010588456818425e+02 1.262316205999162833e+02 1.178217409035948151e+02 1.262316205999162833e+02 1.218321497301925547e+02 1.049906499879497233e+02 1.218321497301925547e+02 1.363512064741030656e+02 1.283296551529804503e+02 1.203249526849762816e+02 9.994370379531169135e+01 9.771380872412518670e+01 1.014156834372850966e+02 8.115554175636837897e+01 1.014156834372850966e+02 1.073022910644648675e+02 9.887777250939859641e+01 8.551548817281273784e+01
4.889636693477395113e+01 4.821351204383594791e+01 5.974595726377911120e+01 7.986813947704648342e+01 9.379103684247277783e+01 9.555599319617469689e+01 7.516727708202176927e+01 6.093985093906628947e+01 7.524199903569829928e+01 5.858851881610265622e+01 6.107103040670299521e+01 8.105089312380199829e+01 7.231285483289174465e+01 7.744971289664987069e+01 8.321796745762871694e+01 8.991906336941335098e+01 1.000041726572313507e+02 1.200999463117927633e+02 1.277449925874919501e+02 1.197933360654184725e+02 1.277449925874919501e+02 1.264852883188867025e+02 1.185406622473115874e+02 1.264852883188867025e+02 1.250937031110343298e+02 1.334510658529831346e+02 1.253919399333479276e+02 1.095065954940966861e+02 1.253919399333479276e+02 1.203249526849762816e+02 1.180964039633999789e+02 1.098395242560182794e+02 9.121830619080054703e+01 9.279490672672947937e+01 1.131910798794635014e+02 1.021110077565904675e+02 1.058535572682269930e+02
6.894042264824189203e+01 5.395851082199994408e+01 5.373211573760853810e+01 6.530575279927307975e+01 8.545763269029536957e+01 1.023831888856692274e+02 8.622148315158374032e+01 6.590425477350939332e+01 7.121230486158411566e+01 7.857269614088737342e+01 8.105089312380199829e+01 6.528050261893820050e+01 8.526372665325777689e+01 9.753202410632859198e+01 1.033410607794791076e+02 1.100520594845120570e+02 1.183495384925623881e+02 1.283829522317606973e+02 1.182425748948289481e+02 1.008680966348954939e+02 1.182425748948289481e+02 1.169770030764635322e+02 9.959179642939307087e+01 1.169770030764635322e+02 1.273681460139324884e+02 1.282103067421545290e+02 1.174621565919514836e+02 9.862023611099591847e+01 1.174621565919514836e+02 1.230480084678382724e+02 1.310300912680187366e+02 1.200101980081064283e+02 1.056356703473257568e+02 1.045656372125312998e+02 1.216027204431649835e+02 1.165400506899900392e+02 1.233884933762986833e+02
8.012161175780674682e+01 5.998745718402609839e+01 5.976034395793870146e+01 6.226819917318776021e+01 7.388625761385409874e+01 9.405955664718361220e+01 9.168621438123605571e+01 7.123906240907325582e+01 9.123815677017532266e+01 8.755400179549006623e+01 9.357382254365320762e+01 8.526372665326046274e+01 7.090554708491515612e+01 7.903758994216742906e+01 8.906853242679650862e+01 1.033077105499369850e+02 1.233869076199323302e+02 1.225971558781693886e+02 1.103307163501569761e+02 9.118022371645375301e+01 1.103307163501569761e+02 1.090662293383524002e+02 8.986848667828199666e+01 1.083142473844062295e+02 1.083142473844062295e+02 1.202482948803939422e+02 1.012997526619326862e+02 9.175205646799402359e+01 1.108005317206208673e+02 1.041534995442900424e+02 1.160571793748963785e+02 1.239999024207453573e+02 1.260273461887883855e+02 1.249616995669341151e+02 1.333276414905103593e+02 1.368844403679174206e+02 1.335688243691457160e+02
8.684449436946388801e+01 6.667584653449841881e+01 6.610373050787279681e+01 8.241249701984803266e+01 7.388625761385409874e+01 9.405955664718361220e+01 9.760886224622693419e+01 7.709220821122001155e+01 9.760886224622693419e+01 1.017523451808244914e+02 1.036381142342304003e+02 8.353930343048628515e+01 7.641900702932957756e+01 9.649443094744621874e+01 1.074399451126545841e+02 1.174876043546845210e+02 1.170696295479802984e+02 1.035560419323953738e+02 1.039472188055892445e+02 8.455156008838442006e+01 1.039472188055892445e+02 1.022788023291473110e+02 8.281521141345109527e+01 8.903957539284867551e+01 1.083142473844062295e+02 1.188955577476864534e+02 1.047768749454556456e+02 8.547121019667434894e+01 1.047768749454556456e+02 9.307416182517718539e+01 9.703534350390314955e+01 1.160571793748963785e+02 1.290594983535972915e+02 1.210990323399505542e+02 1.290594983535972915e+02 1.386686308600754955e+02 1.468798341374898939e+02
9.447453087681684281e+01 7.428735178403958628e+01 7.281217701382553287e+01 9.299972050251322742e+01 8.554029348797001830e+01 1.023831888856692274e+02 1.044329766567752813e+02 8.396063342513018313e+01 1.044329766567752813e+02 1.218225311136061890e+02 1.036381142342304145e+02 1.036381142342304003e+02 8.458590359529077318e+01 8.910051065743826371e+01 1.033365076570424179e+02 1.234157700777295474e+02 1.091330550857687456e+02 8.986696006934849379e+01 9.694810671194811391e+01 7.873180610608670804e+01 9.834817441484510425e+01 9.612387445521115126e+01 7.642130471518827051e+01 9.048633437037847216e+01 1.097341001864358958e+02 1.109807349512476122e+02 9.187573616347614802e+01 8.043132755604814577e+01 9.392672409255848720e+01 8.319767117068833784e+01 1.026067102398994848e+02 1.130254497260636271e+02 1.195877165372285731e+02 1.022692537445019525e+02 1.116841430422262818e+02 1.305332855097284721e+02 1.354935737154377762e+02
8.857241140916208622e+01 9.447453087682164607e+01 8.044377783302896034e+01 1.006290279106671477e+02 1.056970865441943488e+02 1.140030678682960286e+02 1.044329766567752813e+02 9.850287578837911440e+01 1.044329766567752813e+02 1.246245794904988600e+02 1.237125139222209356e+02 1.130154349157997586e+02 9.465244481876952420e+01 1.092175874588374995e+02 1.175165956949541624e+02 1.215478932024450671e+02 1.025067742110409483e+02 8.879622161563530369e+01 7.728559306767671444e+01 7.330261477760312516e+01 9.310547945883483578e+01 9.160379495916778581e+01 7.174955623600975230e+01 9.160379495916778581e+01 1.046175564997983969e+02 1.125642878963494695e+02 1.078647617772249276e+02 9.392672409255848720e+01 7.416559056519959370e+01 9.217945573344914578e+01 9.577408018461289885e+01 9.394587929413830807e+01 1.035708091684550709e+02 9.265668850910360277e+01 1.037222265826639074e+02 1.225603231887978950e+02 1.273144851253980221e+02
1.087235077424286800e+02 1.089428471208909315e+02 9.211765432384032692e+01 1.089428471208909315e+02 1.142887982342504642e+02 1.224773787508408844e+02 1.246245794904988600e+02 1.187495065994975789e+02 1.152652235440103965e+02 1.091889108008668359e+02 1.173622373365015221e+02 1.230584876842164590e+02 1.147677542572881606e+02 1.230584876842164590e+02 1.213792201765638907e+02 1.132682666070836177e+02 1.115598610543323019e+02 9.233826008329427282e+01 7.834138991460430645e+01 6.820229822837914924e+01 8.316664702348998617e+01 8.737085704069521341e+01 6.739550753824640594e+01 8.737085704069521341e+01 8.519503838766138415e+01 1.046175564997983969e+02 1.064690162032038074e+02 9.053771765180415798e+01 7.066596068369860006e+01 7.236466542813219860e+01 7.608551120799313594e+01 7.999622855827159640e+01 8.421170109342611454e+01 9.305780975234850416e+01 1.041134376445841951e+02 1.229530727677107222e+02 1.298713029020819931e+02
1.185901975986808594e+02 1.205505131157594292e+02 1.122557804513723880e+02 1.110523943127029156e+02 9.449199655816423160e+01 1.110523943127029156e+02 1.120324271856398468e+02 1.038496265621580648e+02 9.549282957271218208e+01 8.936551760731708782e+01 1.059326243684661222e+02 1.074389193322705722e+02 1.156172299306458342e+02 1.165082538675888912e+02 1.083891419534080001e+02 9.360483881274845430e+01 1.100403764660948838e+02 1.059214826621865768e+02 9.617044735840197234e+01 8.316664702348998617e+01 6.308956145081085509e+01 7.843443257185521134e+01 6.330391001326272971e+01 7.101953512387979117e+01 9.088376223498779893e+01 1.091901029732498642e+02 9.852777588924031704e+01 7.895210694916346483e+01 6.725986391269384512e+01 8.722575815711998359e+01 9.577408018461289885e+01 9.953415609152291665e+01 9.554978510288528071e+01 1.035708091684550851e+02 1.199818283045729714e+02 1.309293984677946412e+02 1.256652244013781541e+02
1.102780979884776542e+02 1.103690123787003188e+02 1.004220347896814474e+02 9.220500581861405465e+01 8.292710666758097204e+01 1.028591094574685911e+02 1.038496265621580648e+02 8.394038268771900846e+01 8.134402949829311069e+01 7.775141362797701561e+01 9.702094305235149818e+01 8.758267463518403417e+01 1.041721706573588477e+02 1.051246083728650973e+02 8.862413099276290041e+01 8.203140108331254510e+01 1.011831607523770629e+02 1.098312735376238010e+02 1.093278079022426681e+02 9.122633035046872862e+01 7.843443257185226969e+01 5.826794334014753929e+01 7.843443223356115368e+01 9.088376141828599941e+01 8.918764805061150014e+01 9.099673273233281634e+01 8.166343469643169328e+01 8.166343469643169328e+01 6.486420421888634280e+01 7.658184125204142845e+01 9.060251609284827623e+01 1.098385402976361149e+02 1.145277318063899656e+02 1.224494470830756683e+02 1.305325016553735225e+02 1.367669041824098031e+02 1.218116242545322336e+02
1.076758646791637091e+02 1.021753005072325635e+02 8.223471112997229682e+01 7.210967800965185859e+01 8.460968583334231141e+01 9.285523914762580944e+01 1.038496265621580648e+02 8.394038268771900846e+01 6.964762629900909019e+01 6.866291660468770885e+01 8.527179331149831398e+01 7.595121122272203706e+01 9.597491111131256503e+01 9.697780755474354919e+01 7.698095353529906504e+01 7.294056448087809486e+01 8.177852115504170172e+01 1.016914871755319609e+02 1.014299589653499538e+02 8.191343134918970748e+01 7.607412353216830070e+01 5.588539500553741846e+01 7.296059037994348273e+01 7.332903465089505346e+01 6.932387468098326622e+01 7.117920295580057655e+01 7.886244298017534504e+01 6.156277535980832027e+01 6.592834686402795796e+01 8.587579109383477771e+01 9.914671123563356048e+01 1.070480813111435765e+02 1.155789438859635681e+02 1.265258815770297645e+02 1.367669041824098031e+02 1.170749523967105290e+02 1.206884928775927506e+02
1.159871652316404180e+02 1.103690123787025641e+02 9.617716438267407852e+01 7.614170381933031706e+01 6.441003998608367453e+01 7.822199695273685904e+01 8.649469925514127056e+01 9.798640493667947737e+01 8.119074618655793074e+01 6.095864796716051615e+01 6.509108762100831314e+01 8.527179331149831398e+01 1.041721706562270526e+02 9.914249455695743052e+01 8.543261850367177601e+01 6.518841396397364463e+01 7.958992781493545010e+01 9.953812160516957874e+01 9.933331909781684033e+01 7.976267068830706819e+01 6.550309754811064522e+01 7.294297532291602693e+01 5.276306631519774015e+01 5.314247778918259257e+01 5.495522799247445533e+01 5.680789193556977068e+01 5.870978495032678524e+01 6.643959683959482732e+01 8.587451797803181819e+01 7.254926163731525435e+01 7.971213979623941270e+01 8.860198774335096061e+01 9.971146998787655491e+01 1.185594691069684075e+02 1.346115970120312113e+02 1.149213543147753285e+02 1.009737251250263483e+02
1.225572515124687527e+02 1.144442341489338162e+02 1.043858725259784705e+02 8.984139544812946099e+01 6.971600690079361584e+01 5.797647835026652530e+01 7.271186471339501622e+01 8.100636508306087080e+01 7.666671149195515511e+01 5.641875268088349316e+01 7.666671149194516488e+01 9.350565057524923418e+01 1.049977816223830160e+02 8.515735811923796916e+01 7.084326988539532977e+01 6.058896139164117756e+01 8.090587675355416764e+01 9.675561257167650808e+01 1.049361615973651425e+02 8.549478089520076196e+01 8.549475800765414135e+01 7.079355643124742414e+01 5.061041646570947705e+01 7.079363369028072839e+01 7.514183738786884703e+01 7.129146005980314271e+01 7.046335840289869168e+01 8.641482647708924958e+01 7.922067751037106120e+01 9.227555260850856200e+01 8.205153842469668746e+01 9.189387148575393383e+01 1.053590705458896082e+02 1.242527607232596409e+02 1.314006763776758930e+02 1.288511917993245390e+02 1.206884928775927506e+02
1.111759154136634464e+02 9.467878547926368071e+01 1.111759154136634464e+02 9.807028477536890421e+01 8.649469925514127056e+01 7.271186471339501622e+01 5.245131315504721670e+01 7.271021455818424784e+01 6.848607717367964653e+01 5.293836884230554318e+01 6.729657183592111380e+01 8.743238580868408860e+01 9.854824666310958037e+01 7.858351676978551836e+01 6.682119918477587817e+01 5.660101947204412198e+01 6.839705093378677248e+01 8.856588171644757779e+01 1.006023789134629851e+02 9.242276504438196127e+01 8.355781977185355913e+01 6.356436571271272129e+01 4.924716265655990100e+01 6.356436617123146959e+01 8.355801318236726161e+01 9.189825676437645541e+01 9.009550191343785741e+01 9.790708604879640120e+01 9.066885408840695959e+01 1.067852664376234202e+02 9.337130138073501939e+01 1.092953743924713024e+02 1.188125723548920689e+02 1.256445458847146028e+02 1.116048593903074533e+02 1.256445458847146028e+02 1.365991404942787710e+02
1.030326470386574869e+02 8.311697211068911884e+01 1.030326470388460507e+02 9.717732159270700265e+01 8.897394865497034289e+01 6.913312864251173551e+01 4.883786860102672733e+01 6.420374024557372650e+01 4.819029693370081446e+01 5.730164373697573410e+01 7.163941948130535309e+01 9.162836886078241605e+01 1.066942617832185221e+02 8.769682307192842075e+01 6.752965958081510678e+01 5.318930637924668758e+01 6.879146366566716608e+01 7.708565872706526534e+01 9.242276504438196127e+01 7.230249412653779473e+01 7.819558495052930880e+01 6.806336214070367419e+01 4.789781505189381505e+01 6.806336026169218201e+01 7.801413267151413322e+01 9.202266290727698106e+01 9.947277649240247399e+01 1.074513276809784372e+02 1.099509153870142768e+02 1.179039361230157823e+02 1.123517618034630203e+02 1.202813611707530015e+02 1.301918102514164559e+02 1.167622072451078736e+02 9.755612483463578144e+01 1.167622072451078736e+02 1.300163103578454127e+02
9.599139264198485932e+01 7.596140633148030474e+01 8.703371044625775710e+01 8.199169393467742850e+01 6.884619919624465467e+01 6.749033777154687641e+01 4.716886403474494927e+01 4.383960647171306135e+01 6.420872048105709951e+01 7.597956193405725855e+01 7.748037835499113157e+01 9.732258601280096855e+01 9.284775904613587727e+01 8.424989223319751375e+01 8.171277660187189440e+01 6.879146366566716608e+01 4.870706798453817754e+01 6.445995149684465275e+01 7.275796415687534591e+01 6.644387453564409896e+01 5.784102588841451364e+01 6.671600048828392460e+01 4.655460149481102405e+01 4.971183951599221018e+01 6.400557690602255434e+01 8.267910040937431404e+01 7.989620482514648359e+01 9.229772504535269206e+01 9.853849979906125611e+01 1.064437358935994666e+02 1.174453002384787794e+02 1.244113300773785085e+02 1.103285229054596641e+02 1.085271633455269154e+02 8.857309555699778514e+01 1.018758074160172242e+02 1.195438208225067171e+02
