MOVIE_S9_data/elevation_000792.asc
nrows	100
cellsize	150.0
xllcorner	0
ncols	100
yllcorner	0
NODATA_value	-9999
[rows 17 to 33 of 100, columns 0 to 36 of 100]
5.222468517465790605e-02 2.005222468325800378e+01 3.464790298079603303e+01 4.293071547643614849e+01 5.581396692850439223e+01 5.507657882366900992e+01 4.727877579238976580e+01 5.274175070372820073e+01 6.136359297199088303e+01 5.463476710468574993e+01 5.631748464941837540e+01 3.593957316761166965e+01 2.636527179187306302e+01 4.694315283409272865e+01 5.894938425258408188e+01 6.142560835591098822e+01 5.301959651693923803e+01 4.028304405379659414e+01 2.046685549272293514e+01 1.958719405330975860e+01 3.936223282336931817e+01 3.803189725959800427e+01 5.217994019942084094e+01 6.666007788936707357e+01 6.973428908923631298e+01 7.815171535777787426e+01 6.930059799159359102e+01 8.373602205836201051e+01 9.030283519057347519e+01 9.030283519462017239e+01 9.890743460679284738e+01 8.836105798358903485e+01 6.890228387884241101e+01 6.890228387884241101e+01 8.274066917712096370e+01 8.192744957064729761e+01 7.083710020078324021e+01
7.333276091007127906e-02 1.183601300614111906e+01 2.743083040514987658e+01 5.046587574517391062e+01 3.599701146354136938e+01 3.481622800172382171e+01 2.852881895203437423e+01 4.413472051274004571e+01 6.032157164598154964e+01 7.113721132690102422e+01 6.478413564641654432e+01 5.529548616803011640e+01 3.684988895498425876e+01 5.529549268562231390e+01 6.465650526840025236e+01 4.450238510276798110e+01 3.307025983243335077e+01 2.558570270141081693e+01 4.028314181873754762e+01 3.925450812867612171e+01 2.219416087286964157e+01 2.409034579263189713e+01 4.386557284866231043e+01 4.662081818198665673e+01 4.960445370774803564e+01 6.973428908830597095e+01 5.497799250958615147e+01 7.153043037428211903e+01 7.997381988466476344e+01 9.174381456605742358e+01 1.023079733097642929e+02 9.250146046936060884e+01 7.460162686054546555e+01 5.504259722473055660e+01 6.789293504194016293e+01 7.382318198200084680e+01 5.476175254605414011e+01
6.343274376862209629e-02 1.420556836749944729e+01 3.420556836738501261e+01 4.027048911248787277e+01 3.065254195531085557e+01 1.613837498373417034e+01 3.599726483988361991e+01 4.373360858684537789e+01 3.937370938478631643e+01 6.174133368268171296e+01 7.235909697213129732e+01 6.543217885391351274e+01 5.705417546345567814e+01 6.546944482875521487e+01 7.310090021963128493e+01 6.142560835590617785e+01 4.980994201172278224e+01 2.982016405055755115e+01 4.980991438724301901e+01 3.831090481230533840e+01 3.614329313605684035e+01 4.386557284866231043e+01 2.685304293738267489e+01 3.564509882963456278e+01 5.355932551580556833e+01 5.779512033788149949e+01 4.504819752198140037e+01 5.128141352806726161e+01 6.291333332137354262e+01 8.330160385543159407e+01 9.404799381057998175e+01 7.457096639279453143e+01 6.489377361940375977e+01 6.789293504194016293e+01 4.814342561020522737e+01 6.179810411109090751e+01 5.774205564218581088e+01
3.497053469895897854e-02 2.003497053469475730e+01 2.566752054980269548e+01 2.827062915275411470e+01 1.214415999112914157e+01 3.204253108555271012e+01 2.060279926633444703e+01 2.388626721405588782e+01 4.291713284064820044e+01 5.351450741490680230e+01 5.280374864690634240e+01 6.586139152213090142e+01 7.375593506600111482e+01 8.326458777769344977e+01 7.537719687781067535e+01 5.411887543347448570e+01 4.241594218758777401e+01 3.513287748204811578e+01 5.532927196427454675e+01 5.233106239682289385e+01 5.604036463780725796e+01 5.495044859891605427e+01 4.662082368433782165e+01 2.975661979807714985e+01 3.377028159463355905e+01 3.792792633819165360e+01 4.927277847828194268e+01 6.943685581747362789e+01 6.555713243159499370e+01 8.595124727961331246e+01 1.023079733097642929e+02 9.250146046936060884e+01 8.430948010168727080e+01 7.602289998384662795e+01 6.179810411109090751e+01 4.192760586946214119e+01 3.787899282368492493e+01
9.635555453094322986e-02 2.009635553456226731e+01 5.707897887721284924e+00 8.333246769604294002e+00 2.827062853707652224e+01 4.027164830283748387e+01 3.465591200092182333e+01 4.373360858729216716e+01 2.912891517544395015e+01 3.382122687963471463e+01 3.893576254878585274e+01 4.636947538414555225e+01 5.612922152518726193e+01 7.497787220157223942e+01 8.411710541141682995e+01 7.153237804299779157e+01 5.532953103074179779e+01 4.146898552234672053e+01 6.204747011018480407e+01 7.241775562010424494e+01 7.414973762344764907e+01 5.705189896853131870e+01 3.716102508697645135e+01 3.244022362746313348e+01 5.221018528091582311e+01 5.779512033788149239e+01 6.619506284552159059e+01 7.786971195749364938e+01 8.595124727961331246e+01 9.439050733773457580e+01 9.752982714341656845e+01 8.935521605049700611e+01 8.207920081783548483e+01 7.564322871977634577e+01 6.356058801711364481e+01 4.375560584023952515e+01 5.774205564218565456e+01
8.845047570523793812e-02 2.397837520645237586e+00 2.237875590538737569e+01 1.254079796926298407e+01 3.187595398927204826e+01 4.970039544574812140e+01 5.445715440694904430e+01 5.514282207989806750e+01 3.541525190662115818e+01 5.351450741490680230e+01 5.853370361604149252e+01 5.267638113803899103e+01 7.178204882158553346e+01 8.341981870462207382e+01 8.641828677759588118e+01 8.431741793307972443e+01 7.059133460185681486e+01 4.956052855689936365e+01 7.059133460185681486e+01 8.012424584002658889e+01 5.967480417847435348e+01 4.551443207315220718e+01 5.705189896853131870e+01 5.221018528091582311e+01 3.631204335818538453e+01 5.613589235652471388e+01 6.889982447591113157e+01 7.947966807212027618e+01 8.791591460301907546e+01 1.031229171970385750e+02 8.365244751289979774e+01 7.010468920935699089e+01 6.277128452365807476e+01 5.617752419431513999e+01 5.012525424361559345e+01 6.356058801711364481e+01 6.437146614274720946e+01
8.023991185656004221e-02 8.955671451551406648e+00 2.803669035023471778e+01 3.187595398927382107e+01 2.040019375492577680e+01 3.501455309498444990e+01 5.599655489351794557e+01 6.332152364527138388e+01 4.680828814490934064e+01 4.936493632651669117e+01 6.909187223197955063e+01 7.075857971923855416e+01 7.974880701698332075e+01 7.492722971338464788e+01 6.651495714021247352e+01 8.067178829783593130e+01 7.997620121457323705e+01 6.315224142676241570e+01 7.997620171507021780e+01 8.041468656003793569e+01 5.970505772057293115e+01 5.967480417847435348e+01 7.414973762344764907e+01 6.370804246564227213e+01 4.367401638686782661e+01 4.054960710857795902e+01 6.048647321651711195e+01 5.913657845820879544e+01 7.947966792032758576e+01 9.546643972921270915e+01 9.752982714341656845e+01 8.935521605049700611e+01 8.014064826730249536e+01 6.074660852930654897e+01 6.977409797515105083e+01 6.867361406961065029e+01 5.730586931918966087e+01
4.598823041778624804e-02 2.004598823041743216e+01 3.506938477234745477e+01 4.598249442037607082e+01 3.501455309498444990e+01 3.501455309498444990e+01 5.599655489351791005e+01 7.471397044764678697e+01 6.652800716261634761e+01 6.909187223205620398e+01 7.727811277781734134e+01 7.907751396756080453e+01 6.796016347726936147e+01 5.539333819169651463e+01 5.289381058548605807e+01 6.651495714021247352e+01 8.641828677759588118e+01 8.673719081552914645e+01 9.129057183112955443e+01 8.887750334839431332e+01 8.041468656003793569e+01 8.012424584002658889e+01 7.806630500405677253e+01 5.776065539011752747e+01 6.370804246564227213e+01 6.048647321651711195e+01 4.500712832884433823e+01 5.493695406900796030e+01 6.662760034854994728e+01 8.703529637607852010e+01 9.816927348868203751e+01 9.383923560092415528e+01 7.446650760836401162e+01 8.014064826730249536e+01 7.842760381931041991e+01 6.041977979348921934e+01 4.047060607217155592e+01
7.340434288523949025e-02 8.012023774072943638e+00 1.793537933117389471e+01 3.771991756873803325e+01 5.599655489351791715e+01 5.599655489351791005e+01 6.438626217375025362e+01 6.395595300156949037e+01 5.573558570246414945e+01 6.395595300156949037e+01 7.309027890332086486e+01 6.369879420123811542e+01 4.945650361757217439e+01 4.200477068068391873e+01 5.495871860093793515e+01 7.470000825247460341e+01 7.196860475944039592e+01 8.030413534108240015e+01 7.796008563292127747e+01 7.564735692109863407e+01 8.331996649976348124e+01 9.317937257173825571e+01 8.650063425193708611e+01 7.806630500405677253e+01 7.683144941545879192e+01 5.650320368381651548e+01 6.509493127014225422e+01 5.094062152517535935e+01 5.914014027637678339e+01 6.931643793307534906e+01 8.973998274841605394e+01 1.020499347342346113e+02 9.383923560092415528e+01 8.418806229449842249e+01 6.435641991249940475e+01 5.031710541260392233e+01 4.271256090080726153e+01
3.515918393995972474e-02 2.003515918393960504e+01 3.606634185901114620e+01 4.598249472874761778e+01 5.698836316299862403e+01 6.282403276227871913e+01 5.494689665132852241e+01 4.674000686326959197e+01 3.605194820625390406e+01 5.409039749505469530e+01 6.488170272917858483e+01 4.645045468151733559e+01 5.208749739872799012e+01 3.565292403123374498e+01 5.496034125435254225e+01 6.860262442562400054e+01 5.194095529928807764e+01 6.853417083416410094e+01 7.344167893512305056e+01 5.701881873944930135e+01 6.668658466125592099e+01 8.183513389558241613e+01 9.078114941755936229e+01 9.349390441591587830e+01 7.308664810931281863e+01 7.683144941545879192e+01 7.646380126660997689e+01 5.609583779102169387e+01 7.048258086988674620e+01 8.796825564976715839e+01 9.816927348868203751e+01 1.105551386430069414e+02 1.005161573469567173e+02 8.051840667186409917e+01 6.652171556262655372e+01 6.504341590457755728e+01 4.511678900076246634e+01
4.608085242692564615e-02 2.004608085237063975e+01 3.193045443912614800e+01 4.023058182900547308e+01 3.691772971848921969e+01 4.279628215167630145e+01 4.352397196493475917e+01 2.696655980082619664e+01 2.611669131271117195e+01 4.589376695435903741e+01 6.344700198059918250e+01 5.208538312101723733e+01 3.373240465529185883e+01 3.077997082287562591e+01 5.007912516998007391e+01 6.019773668792321786e+01 4.076555085259327882e+01 5.609819781553331097e+01 5.986080606885037270e+01 4.784273423473799625e+01 5.448825010396312507e+01 6.297118287441280415e+01 7.669147492719943671e+01 9.653935949917260473e+01 9.349390441591587830e+01 9.090374466792185615e+01 7.048258086988674620e+01 6.376035677212421859e+01 8.418273450341122555e+01 9.933015036839694289e+01 1.058700467510232954e+02 9.046256775304514974e+01 9.046256775304513553e+01 9.405374565196450476e+01 8.022383028803865557e+01 6.748941151372211777e+01 4.760540509305938883e+01
1.610643649003322755e-02 1.936040901002114012e+01 1.349617072515718164e+01 2.976140448092930058e+01 2.183594999586121688e+01 3.423023881781026745e+01 2.857685962850471739e+01 1.538762932268580919e+01 3.532380164025460800e+01 4.505297798023618583e+01 4.486298529705642579e+01 4.521314980545543705e+01 2.643519523920645398e+01 2.611276032607263886e+01 4.775488114550463337e+01 4.816554059361769191e+01 3.339916517149974595e+01 3.717861086778216162e+01 4.113668026067065853e+01 5.211611903199884210e+01 7.108229825411581260e+01 8.198686582461721173e+01 9.078114941755936229e+01 1.010033890714797451e+02 1.086968161053320472e+02 9.933015036839694289e+01 9.090374466792185615e+01 7.397026756044681406e+01 9.261922169993013654e+01 1.117665365470312508e+02 9.161729090165106015e+01 7.756063640449302454e+01 7.064504591537895806e+01 8.235720536745864706e+01 6.622440356408971240e+01 5.223738681393265892e+01 5.173024340200525018e+01
2.022278438842990689e-02 1.241917216653622091e+00 2.465897181995430731e+00 1.386960123531582667e+01 2.548558827016999118e+01 7.276411868655591419e+00 8.560430540541117850e+00 9.840183204537483519e+00 2.989092563562966376e+01 2.579130448950138543e+01 3.562995244992028887e+01 3.735172563033589199e+01 1.978118483728518839e+01 3.956407963649798631e+01 4.372277770281910847e+01 2.866234785809954744e+01 4.816554059349407879e+01 5.640584640505487357e+01 5.458068847954245939e+01 6.799697209733179193e+01 7.900340135324672985e+01 9.536850645410213190e+01 8.759438722540323852e+01 8.204019680287244398e+01 1.010033890714797451e+02 1.081111769673321703e+02 1.028186733964651864e+02 9.439520144637566545e+01 1.028186733964651864e+02 1.139781962419208696e+02 9.381971877734906684e+01 9.751886831538944023e+01 8.237209834158761623e+01 6.266976012679757702e+01 5.825490132839501456e+01 5.800202098855795896e+01 7.153139628035948760e+01
6.642187732006160639e-02 2.006642187731970495e+01 2.246251458707563131e+01 4.220405399978094607e+00 5.468797919040322419e+00 1.165804045220093599e+01 2.716817452325936699e+01 2.989068708733157465e+01 1.173087930529292322e+01 2.950678086783423026e+01 1.595463562881274378e+01 1.752041176871767192e+01 3.726920219098364129e+01 2.229312277764404371e+01 2.407864404424754312e+01 4.373814021312709599e+01 5.482670826907476425e+01 6.954540004729719271e+01 7.338065036902017368e+01 7.069138267587868540e+01 7.804383324709195335e+01 7.794308554169488445e+01 6.829178385798644513e+01 8.759438722540323852e+01 9.215130416116025458e+01 8.856440459991104319e+01 1.081111769673321703e+02 1.088301167043977955e+02 1.006440964476603313e+02 1.088301167043977955e+02 1.139781962419208696e+02 9.865683296908422051e+01 7.871218775208474483e+01 7.653843818577404079e+01 7.797310324806322512e+01 6.394042736042550956e+01 8.358604408230895899e+01
1.591255364720534082e-02 2.001591255364623478e+01 3.242203358995386964e+01 2.422931704561875677e+01 1.298281694042499090e+01 1.562384000947989371e+01 3.354870129299232673e+01 3.612665998497425335e+01 1.543630929679148700e+01 1.375707070589242242e+01 3.392467266093258615e+01 3.735172563033589199e+01 3.374926523366996634e+01 4.199923940343025208e+01 4.373814021312709599e+01 2.715068947607050376e+01 4.674348854875466941e+01 5.009893992640913751e+01 5.740067501536868377e+01 5.170152431506822666e+01 7.036901758918084226e+01 5.858180217577104543e+01 7.794308554169488445e+01 8.165224375981814831e+01 7.250936070872654682e+01 8.642204564348537588e+01 1.059829577768725528e+02 9.897665542879914824e+01 8.096031955985858986e+01 9.897665542879914824e+01 1.058581751780408808e+02 1.001660656584847260e+02 9.865683296908422051e+01 9.645577106290133429e+01 9.011210457139375762e+01 7.044488794620474437e+01 9.011210457139375762e+01
6.189296070378335485e-02 1.420433553689874628e+01 3.421849922065056404e+01 2.509907259547050984e+01 3.257554074465957683e+01 3.053532451543400228e+01 4.257461855758867841e+01 2.359787540273253015e+01 3.612677131414795895e+01 3.421919426029428024e+01 1.971090901350889268e+01 4.027501531690756309e+01 5.330124602110706178e+01 6.135084631258614252e+01 5.195061625051776844e+01 3.246732320458245624e+01 3.057170633978757124e+01 4.994147387502320612e+01 3.805541104072802483e+01 5.739202801300140067e+01 6.460591092563784343e+01 5.279529348369063513e+01 7.220046298106578320e+01 6.205868559321969258e+01 8.165224375981814831e+01 9.827345319613797869e+01 1.035401235187540010e+02 8.383939680504968806e+01 7.110840394484233684e+01 9.080220800375938950e+01 8.686336602319865108e+01 8.134747694957654573e+01 9.107997788745456091e+01 1.006206926141086484e+02 9.688736801972125079e+01 8.022130251495777031e+01 9.834667855071283782e+01
2.247884206357958492e-02 1.416461446579465466e+01 3.416461446579535988e+01 4.425161653405115203e+01 3.996989690173067089e+01 5.448201063834351032e+01 5.076891508856017055e+01 3.031088388460910821e+01 5.076891508856017055e+01 4.477852809166959958e+01 2.411045566255810613e+01 3.862810506673416455e+01 5.962696277280073076e+01 6.022180497795591947e+01 4.082414799813101780e+01 5.195061625051776844e+01 5.009093453092152259e+01 3.411107491784759560e+01 5.356542792357520710e+01 4.226240822564394506e+01 4.528246240748006812e+01 4.927721232872599444e+01 5.344109841082187273e+01 6.070859506378358361e+01 7.046757840275840579e+01 9.015280720191074693e+01 9.639716485974780369e+01 8.383939680504968806e+01 6.414553649925336742e+01 8.383939680504968806e+01 8.642705235959125787e+01 6.798712203351850292e+01 7.270656662095093736e+01 9.146142680282873982e+01 1.082597758715754424e+02 1.000029066278283807e+02 1.082597758643608898e+02
