MOVIE_S9_data/elevation_000840.asc
nrows	100
cellsize	150.0
xllcorner	0
ncols	100
yllcorner	0
NODATA_value	-9999
[rows 51 to 67 of 100, columns 37 to 73 of 100]
9.766750790530328175e+01 8.347137625037105124e+01 9.311019937317378492e+01 7.476711880276768341e+01 9.311019937317378492e+01 8.994792634167313850e+01 6.965812399223972307e+01 7.227667853219296035e+01 5.257427882788996243e+01 6.644666061040638283e+01 8.635158686760436808e+01 8.696717704639469559e+01 9.288589566599722502e+01 9.703498147522113015e+01 9.499842698676812347e+01 8.078372509711222449e+01 6.668368749310278076e+01 6.684494367873095655e+01 4.745826048051550572e+01 6.105816674771136121e+01 8.081521170997402237e+01 7.967127873815059047e+01 6.299688329981806589e+01 6.351898832652729254e+01 7.805638410221772006e+01 6.412122954947309950e+01 7.554523507132307714e+01 9.571899071178553697e+01 1.020883268158604267e+02 9.372895021795453374e+01 8.360004818961779449e+01 1.038578522462911167e+02 9.175828018819434817e+01 8.826004669032896288e+01 1.025928954276067628e+02 1.227693291049981070e+02 1.242415290569448985e+02
8.764657427142203971e+01 6.932402749116948826e+01 8.479859140462734501e+01 6.479687182128391498e+01 8.033321491948144910e+01 8.863961777860677671e+01 7.560086951290656998e+01 5.554109205741526978e+01 4.870970965050099721e+01 6.841116972513711403e+01 6.733595642899499012e+01 6.694981925588028560e+01 7.279026005286976897e+01 7.664138893590349255e+01 9.703498147685664321e+01 9.418765478696181503e+01 7.886558565839401069e+01 5.939238896351982078e+01 4.578415019663457741e+01 6.517623406474464787e+01 7.548835628557307587e+01 6.723429811953572255e+01 5.192145827814291437e+01 5.495080499381467831e+01 5.834661085507439537e+01 6.957924276271737085e+01 8.963637452344646306e+01 1.040643509394622015e+02 9.372895021795453374e+01 7.349784761802891353e+01 9.372895021795453374e+01 8.904975011229267068e+01 7.743700943974404538e+01 9.768242380233283484e+01 1.075245951714967987e+02 1.158596812824758615e+02 1.259441689068860342e+02
7.116835037868358427e+01 5.932493382060169296e+01 7.772691562823997913e+01 5.770651308069135865e+01 6.031123499711507208e+01 7.707460393644913665e+01 8.309762322974047777e+01 6.468957342067605509e+01 4.495624521205333224e+01 6.014671984566683705e+01 4.767725265864041262e+01 5.312183560426770867e+01 6.048776595338932793e+01 8.038355802342557865e+01 9.615881202385382664e+01 8.859059488341077326e+01 7.770526090836601441e+01 5.778725611906639159e+01 4.411706770953344403e+01 6.353137764608568716e+01 6.332228123266514785e+01 4.787046264825390551e+01 6.723429811953572255e+01 6.866223538985018138e+01 6.957921870890048410e+01 8.638781747552032186e+01 9.798405500654635603e+01 1.055537849423304380e+02 8.811785192693878344e+01 6.799576763146764335e+01 8.346389793266672541e+01 6.890967366148898066e+01 7.442532773844001781e+01 8.050635340959433961e+01 8.727053079506103472e+01 9.742093057083708629e+01 1.176282597721563548e+02
6.010430186226340510e+01 5.099472739406582633e+01 6.354343759860951479e+01 6.877351942159391740e+01 4.852806581549202747e+01 6.877351942159391740e+01 7.910834914908051019e+01 6.265015363310749308e+01 5.983517421322100915e+01 4.041390016052973522e+01 6.010127425570178161e+01 7.277172416568383539e+01 8.029840923305522438e+01 8.866845193983040474e+01 8.624057154294952454e+01 7.205065515475260440e+01 7.870314288734493857e+01 5.822810525440618079e+01 4.244604231064802491e+01 5.963289441251564682e+01 4.397768845963336304e+01 6.332228123350086690e+01 7.548836025126030336e+01 8.864994844034123389e+01 8.962024104179936046e+01 9.795510252877198809e+01 9.893587802562805678e+01 9.058733953476459533e+01 7.700732439403296326e+01 6.298625761774561482e+01 6.350856044619647633e+01 8.346389793266672541e+01 9.466254403869449163e+01 1.007732403793514919e+02 1.075245951714967987e+02 1.158596812824758615e+02 1.259441689068860342e+02
6.774332900074863062e+01 5.347572779292870848e+01 4.299546744974074386e+01 5.720219634082337734e+01 4.333235215427266240e+01 6.386327567709020059e+01 7.270239856563414094e+01 6.111327468092844128e+01 4.943145232541225909e+01 3.776297480706904253e+01 5.289567140342541762e+01 7.575676267307851219e+01 8.579818994875145677e+01 8.179875258853867592e+01 7.348025118710224035e+01 6.244017353893017486e+01 6.631014096620029363e+01 6.988482156292374725e+01 5.963302306625695337e+01 4.006650556488894921e+01 4.623522393914835504e+01 5.642292555479316718e+01 7.111850057325885643e+01 9.131395518136564249e+01 9.433934962295485604e+01 9.365552482781761512e+01 8.531276286477394422e+01 7.056757260841368407e+01 7.424126828842904047e+01 5.851297383716962486e+01 7.822336956894605464e+01 9.010410995440170723e+01 1.043159672946039791e+02 1.008318726049803473e+02 1.069395017765558862e+02 1.140909033389619935e+02 1.224166886549467392e+02
8.191510190571828787e+01 7.186026476184849798e+01 5.720219634082337734e+01 3.635243271698268330e+01 5.720219634081168891e+01 6.244376632428862450e+01 5.869586764922156874e+01 4.475747446857742062e+01 3.417918122727348162e+01 5.395014663997812221e+01 6.678709190159486297e+01 6.583220110685404336e+01 6.699332333897135072e+01 7.295436252830241131e+01 5.476489722884724642e+01 5.979226026173623865e+01 5.132571519745376776e+01 6.377069626844270545e+01 5.635766203977505739e+01 3.861643195486603730e+01 5.122053028784655737e+01 6.982268584647209764e+01 8.538607687295210269e+01 8.843257537685562397e+01 7.396745117795693147e+01 8.531276286477394422e+01 6.542073338172859565e+01 7.124697392574984178e+01 5.472085727736574512e+01 5.808938594278533429e+01 6.186653663775449985e+01 7.584345990050671560e+01 9.288172657814256183e+01 8.056686758617729538e+01 8.668278745581073963e+01 9.386368517990031535e+01 1.055679253946767773e+02
7.933830240717372817e+01 6.849543812445274682e+01 4.807920711355113497e+01 3.326730996023341902e+01 5.405516024134790598e+01 4.152252895358432028e+01 4.697479244388230768e+01 3.084352985679095482e+01 5.052532577553937898e+01 6.200635439561690987e+01 6.646161290749532213e+01 4.773193893895811613e+01 6.019455312336680919e+01 6.123449873135368193e+01 5.753496546759676278e+01 4.128230274499136243e+01 5.346551914586849819e+01 5.433623226674842499e+01 3.658253540515520541e+01 5.632621256861698100e+01 6.642743612521468322e+01 7.659300432458176999e+01 7.159957253567660018e+01 7.412536864252560065e+01 6.064897497039724072e+01 7.639417160980273991e+01 6.839899040391024698e+01 5.182631555531482803e+01 7.124697392574984178e+01 6.670230181062999009e+01 8.175509384365079768e+01 6.799937142346642815e+01 7.266155059999661603e+01 9.288328367929327101e+01 1.069395017765558862e+02 1.140909033389619935e+02 1.224166886549467392e+02
7.112101269416186256e+01 6.444584427970515605e+01 4.275231806739952845e+01 3.045122591402866874e+01 4.684508531201920079e+01 2.729906886662683263e+01 2.770242316317981945e+01 4.722936682389838126e+01 5.583380720072975123e+01 6.370132439773522037e+01 5.628991060889243414e+01 4.263775146341163946e+01 3.065252696748787997e+01 4.982792662357637425e+01 5.492296142169779927e+01 4.375827342926447727e+01 3.357121536487944269e+01 3.452091949255739678e+01 5.445011885135907903e+01 6.419685337249958934e+01 6.856684141691118839e+01 6.032099463416153640e+01 4.820446239995280990e+01 4.895055478767010726e+01 5.618340608432403371e+01 6.559122763050781657e+01 4.902402567006495815e+01 6.260138246093394088e+01 7.953812910477304854e+01 7.819546106236830951e+01 9.509658103422898989e+01 8.811846167127878005e+01 9.288328367929327101e+01 1.012454635016516704e+02 1.060140594401490972e+02 1.143845356591917692e+02 1.114332077930698972e+02
6.628599845471880769e+01 7.138197616682073487e+01 5.771347725183218813e+01 4.700836890020480041e+01 2.675046663703817629e+01 3.802853436335915660e+01 4.690294037543147709e+01 2.827828676780795902e+01 4.749112006084535409e+01 4.875651707712306404e+01 3.585082047461868626e+01 3.046743752021255602e+01 3.084971210065065961e+01 4.775023385952263055e+01 5.089712482831740203e+01 3.250059493685157719e+01 5.248267901831854232e+01 5.445011734625786914e+01 3.622940743225888838e+01 5.602362887777938028e+01 5.872254925036047268e+01 4.079522386037272952e+01 4.198468838994975272e+01 4.316189222830217176e+01 4.433666153045270875e+01 4.627376735779188266e+01 6.564372458598835181e+01 7.666454790235660255e+01 9.072771334377929975e+01 9.840572346749402755e+01 1.067567702279728081e+02 1.010385738987139916e+02 9.511352226325821846e+01 1.026837069733891354e+02 8.572347581125514182e+01 1.002712533302525770e+02 9.187510723930017775e+01
6.175704159288502382e+01 6.695313795016004121e+01 5.043109574221041669e+01 3.931279429946033588e+01 2.639948883140221980e+01 2.693710701744450731e+01 4.636102575472914111e+01 4.657774910515669120e+01 2.884067477400603607e+01 4.377111104647383399e+01 2.992911086937204246e+01 4.589558147716557812e+01 5.035730264772538334e+01 3.139514278653161128e+01 3.178358750144444045e+01 3.223780907097091841e+01 5.185543677029444609e+01 6.068225901354995244e+01 5.503572967396868165e+01 3.790343855110081961e+01 3.909568597136700419e+01 5.871061973390278155e+01 6.144420151743100433e+01 6.258076908073679334e+01 6.372515008971030426e+01 4.639787580061537398e+01 6.011584847731847958e+01 7.971578075951283893e+01 8.307267642967521226e+01 8.713979179856093538e+01 9.023178925243126969e+01 8.097107578612629197e+01 7.511309934988101134e+01 8.309637594963287199e+01 7.413490416202397171e+01 8.794962732248336579e+01 7.167825842707394202e+01
5.746771789601658043e+01 7.393485148226652370e+01 6.102252448489809211e+01 5.124306816100866513e+01 4.231304830798232786e+01 2.591431757499178090e+01 4.707115883644041077e+01 4.902870838381923591e+01 3.005900606460589586e+01 2.938912159864800344e+01 4.901628806690651885e+01 4.854026636756447743e+01 5.207505104254916972e+01 5.224586264496751653e+01 4.004967142431350169e+01 5.197167051477598676e+01 3.289304969794267919e+01 5.268074063752129632e+01 6.064821709876783018e+01 5.760610387350459405e+01 5.217181040900570110e+01 5.305150350472152354e+01 7.273185011497275809e+01 7.486104558157103384e+01 5.631708639118001258e+01 4.785918506560725660e+01 6.721221046604944149e+01 7.090110902348833122e+01 5.648768321734955578e+01 7.034477267047969917e+01 7.057716820228451127e+01 7.809710632296716426e+01 6.191393200936030183e+01 6.374075216825372792e+01 6.562238528753968581e+01 6.799338021320419045e+01 8.794962731382854315e+01
5.176553732329620772e+01 5.974605426768498972e+01 5.550884871811977916e+01 3.866786646898886204e+01 3.774395097691760270e+01 2.556497791241310935e+01 4.996014931632451095e+01 6.362619027742641009e+01 5.480613720577540704e+01 5.151169395068486523e+01 3.682097643393149866e+01 4.776712805890155522e+01 6.328620860334493159e+01 5.516835172789806307e+01 6.033747914894757258e+01 5.035375239988954377e+01 4.295845764984951387e+01 3.356457503622202410e+01 4.927222482417446514e+01 6.015042019980587895e+01 6.903848867322824390e+01 7.259570842241318189e+01 8.098744710299379790e+01 8.375704290867659552e+01 7.364320210276714818e+01 6.143359252867668374e+01 4.995703136639672692e+01 5.151957769377153085e+01 5.310505644375855638e+01 6.241595863492715068e+01 5.770828492650967689e+01 5.939082056303652735e+01 6.300328892619536703e+01 8.219351387640487872e+01 8.528149997198495669e+01 7.186582994158132465e+01 9.198929248322257024e+01
3.239902972923658098e+01 4.870328955773794632e+01 5.634432934754309485e+01 4.614900795908044984e+01 3.116413563082829441e+01 2.521551199374223984e+01 5.068054027584930310e+01 6.764956752280228613e+01 7.484270088662977116e+01 5.395532328104590647e+01 4.727435504738504335e+01 5.206482956653194805e+01 7.240640326956014405e+01 6.946058501416403885e+01 7.568714974583410537e+01 6.686411241422527496e+01 5.957636918822205274e+01 5.038017740180530524e+01 3.425320845348906573e+01 4.767196231605777967e+01 6.424457062662669671e+01 7.518044585055044138e+01 8.278744324527539789e+01 9.183797874328126909e+01 8.946393317065113138e+01 7.392081596763341622e+01 5.442366987674837731e+01 7.090110902348295951e+01 7.250743440215705959e+01 5.533353830550480268e+01 7.529134587981479854e+01 5.832139548722332023e+01 8.202143159921160986e+01 6.880393257635296322e+01 8.863192102598426914e+01 9.198929248376437329e+01 7.911519686405661389e+01
4.870333784877762895e+01 2.937918824694407149e+01 4.573193780910362705e+01 4.546196555485077795e+01 3.126471220076996360e+01 2.486156360013313815e+01 3.764477357687516701e+01 5.921853759434335274e+01 7.447279077442460959e+01 7.484270088662977116e+01 5.952407820166996544e+01 7.285799250481734646e+01 8.134803985586103181e+01 9.033786409346788560e+01 8.415611168034214984e+01 6.408488669399589810e+01 6.070081401670926624e+01 4.606257803280666963e+01 3.474895112305943456e+01 4.790591916169854159e+01 6.349109309398347989e+01 5.728896397095219584e+01 6.623919864724589956e+01 8.412169305385501161e+01 9.022750476725381930e+01 7.025613488034035470e+01 7.392094953747169939e+01 6.221158738612241734e+01 8.201057498359904230e+01 7.652307243921575264e+01 6.141953482093002492e+01 8.315228656765167159e+01 9.334017584527306610e+01 7.340445975165879133e+01 9.351394273119760214e+01 1.077746678187708369e+02 9.345005128987170906e+01
5.638248187399310041e+01 4.569884412051163736e+01 2.654510568409408577e+01 3.755526891499525988e+01 2.435156008001604633e+01 4.497877406713766391e+01 3.201609375797502821e+01 4.533055466809413048e+01 6.612397512710545300e+01 8.228380783430463907e+01 8.028502330692164435e+01 8.868580975210717554e+01 9.534438040481570908e+01 8.370917610361395589e+01 7.538086971916594337e+01 6.408488669399588389e+01 4.388336688566922561e+01 5.515703979302514881e+01 3.525349297986326036e+01 5.475795100544233662e+01 4.796904651576450362e+01 6.623470491075151756e+01 8.278744324527337994e+01 9.183797874328162436e+01 9.718158476027132053e+01 9.022750476730246305e+01 8.835825978194984032e+01 6.834650672695852336e+01 8.835825978194984032e+01 9.190749993458295819e+01 8.327193907369643000e+01 6.895732595933876041e+01 9.074507551579598896e+01 9.351394273121279355e+01 8.119582314339955076e+01 1.014636279588049064e+02 1.137443174995339490e+02
3.791507053476474454e+01 4.097142137659727723e+01 3.893185867492793051e+01 2.382253438068325480e+01 3.219153117554744625e+01 5.259170935668156233e+01 5.411888822772215946e+01 4.128944033236520994e+01 5.388661459600301384e+01 7.396026721261476666e+01 9.206885568464436176e+01 1.047366585345757244e+02 8.704235394635138334e+01 6.684407079001465490e+01 5.537184719119807141e+01 5.064653871741797531e+01 6.084141429089567055e+01 3.768432142154156850e+01 3.576710647445563040e+01 5.152989594815738172e+01 4.180418909327250532e+01 6.147252485090099583e+01 7.224639740115962638e+01 8.042703280167354762e+01 7.741623970682934441e+01 9.718158476027132053e+01 9.670718160411678355e+01 8.245025655330552183e+01 8.245025655018541499e+01 1.026214375266016106e+02 9.626148549045599623e+01 7.489652152774536376e+01 9.626148549045599623e+01 1.098339305410438271e+02 1.014636279588049064e+02 9.073855149517200402e+01 1.050995962799382113e+02
4.696440410648722263e+01 2.549062067024382117e+01 2.328486269953786447e+01 4.265473249631051544e+01 5.207681324401308842e+01 5.577784014298377002e+01 6.418592280932324456e+01 6.237073847079490463e+01 5.231389867600184829e+01 6.402176612391451727e+01 8.374768333972765788e+01 9.650501467201313233e+01 7.636632955861418282e+01 6.470277291514562990e+01 6.946754471050451230e+01 7.053182381301297710e+01 6.983502775907768978e+01 5.830539512714913997e+01 4.020923365064071220e+01 3.652110183298472634e+01 5.637641827406218198e+01 4.806716225624561645e+01 5.267928952731029568e+01 6.130886522243543624e+01 8.104324810327921114e+01 9.687258530852753324e+01 1.082763822939704852e+02 1.026214413030868826e+02 1.026214332332956047e+02 1.109639670188562093e+02 1.022795335917313935e+02 8.143240344412670595e+01 1.022795335917313935e+02 1.223930578657938497e+02 1.193816200639797671e+02 1.050995962799382113e+02 1.073163248371340046e+02
