MOVIE_S9_data/elevation_000078.asc
nrows	100
cellsize	150.0
xllcorner	0
ncols	100
yllcorner	0
NODATA_value	-9999
[rows 51 to 67 of 100, columns 0 to 36 of 100]
6.455108993161302877e-02 2.006455108992939529e+01 1.454346393362737189e+01 2.161453174549335188e+01 3.316153713048516494e+01 4.730367296442043568e+01 6.730371435683001380e+01 6.196416922193093768e+01 6.196416922193093058e+01 7.024563595028415364e+01 7.416801376684760783e+01 6.588404975463612345e+01 7.416801376684760783e+01 7.106222378542528872e+01 7.935205057481583424e+01 8.456519752390700262e+01 7.997521603590601558e+01 8.736932449711804338e+01 9.540490006514227161e+01 1.066018066779623013e+02 1.113873433931828316e+02 1.027434774659592023e+02 8.659430144141411745e+01 1.027434774659592023e+02 8.507966763499655372e+01 6.302465155609566239e+01 7.221829374116610722e+01 6.627631774622125249e+01 6.106424342590892707e+01 5.615058390652298215e+01 3.953045922579262594e+01 5.349277064114109947e+01 7.303255371482434555e+01 7.700296084173776023e+01 6.882974938727346625e+01 7.245767513361872147e+01 5.775160127059512405e+01
3.995603441288197999e-02 2.003995603441252626e+01 3.454346645179623465e+01 4.161453695955324861e+01 4.989898607963662869e+01 5.839384664352666476e+01 5.610618130984933316e+01 4.196672667141915269e+01 4.196672667141915269e+01 6.196416922193093058e+01 6.416902335904634924e+01 4.588659807734538987e+01 6.416902335904634924e+01 5.106219602092816956e+01 6.486040186854675937e+01 7.193143050697706542e+01 8.022114170785145859e+01 9.022418291497757536e+01 1.067368218397151765e+02 9.855409741330861095e+01 1.031869511086435978e+02 8.362006889491286188e+01 7.523402267789062137e+01 9.456733591715298815e+01 8.675723653254345891e+01 6.619611417757029415e+01 5.176004079934696733e+01 4.615698523122498642e+01 4.105915369891962996e+01 3.640465104953450037e+01 5.624769767645629059e+01 6.734535490518921108e+01 7.948828654780807312e+01 6.555040781315092602e+01 4.895004966953366221e+01 6.555040781189387644e+01 6.038857620539365456e+01
4.804567899273937126e-02 1.419018130273645895e+01 3.419018140463610678e+01 4.467898128757038023e+01 5.279096686464692567e+01 3.839620645925265308e+01 3.839620647750530935e+01 2.782480698783746220e+01 4.782384198807560693e+01 4.227838397409225735e+01 4.519561161152264361e+01 3.588670341274005438e+01 5.284855967575656166e+01 3.951527428368397210e+01 4.486049668773739540e+01 5.193154130618365372e+01 6.193130983478823737e+01 8.193155117916595032e+01 9.855409741330861095e+01 7.908662693839013968e+01 8.478851702794490564e+01 8.721065868171693580e+01 6.787895503333760416e+01 7.928793688410706864e+01 8.740207880886728731e+01 8.071369068671651803e+01 7.221829374116619249e+01 6.627631774265302056e+01 5.428218054964862205e+01 3.419665003681922144e+01 5.158722255516097022e+01 5.158722255516097022e+01 7.113799559122259097e+01 5.735219937056172768e+01 3.713201564825508427e+01 4.715687172288838980e+01 4.302153710376825302e+01
9.707512844716031930e-02 2.009707512844680366e+01 2.986598705058146663e+01 2.475523730387415355e+01 4.467898067673458229e+01 3.839620645891028516e+01 1.839671934985094737e+01 3.561180111558488193e+01 3.823786462620653737e+01 2.227897094592644578e+01 2.519627077587012209e+01 2.848425052189545426e+01 3.284860832401724906e+01 5.284855967575656166e+01 6.486040186854675937e+01 6.119011521841309076e+01 8.022114170785145859e+01 9.022418291497757536e+01 9.855409741330861095e+01 7.908662693839013968e+01 6.556113976704378388e+01 7.572464446420144668e+01 7.253776339747726354e+01 5.997115391999155776e+01 7.928793688484884683e+01 8.148685578009187225e+01 7.380217202808606203e+01 7.491738209596813647e+01 6.243907618536681525e+01 5.158722234733715339e+01 3.140426920189544191e+01 4.313917202765938441e+01 5.713858380944141402e+01 6.506497319582356909e+01 4.715136253709872705e+01 2.567817021169318181e+01 2.517620545420764699e+01
5.001202446392439237e-03 1.671667869113057314e+00 1.061593348181033036e+01 2.580452430909859629e+01 2.755661009976626730e+01 2.980675124130367948e+01 1.305149451187081056e+01 1.561223211052870852e+01 1.823836076772311543e+01 3.823716698623560717e+01 4.514030861596881294e+01 4.848412610082898766e+01 3.604354006681238332e+01 5.604997100322290748e+01 7.436956654715073967e+01 8.119130467139055440e+01 8.948452904920470985e+01 1.007087151565506673e+02 9.254899303170144265e+01 9.291172438905269360e+01 7.572464446420144668e+01 5.673022933290219072e+01 5.343578841364109877e+01 7.253776339793732575e+01 8.643254037861643724e+01 7.098794783827455035e+01 5.548695795705119593e+01 5.602145856542185243e+01 6.934995070417950558e+01 5.975924879786514765e+01 4.894946499912185089e+01 2.873579070145214232e+01 4.637221970533256865e+01 5.199181405741136786e+01 4.341382440851442936e+01 2.470093687222366441e+01 4.482321406771482231e+01
5.279685921607564503e-02 2.005279685921572153e+01 4.088156242433755416e+00 5.809482174081489703e+00 7.556890287403557949e+00 9.807066089255586760e+00 2.980675124130385356e+01 3.561180111558488193e+01 3.238042665789420482e+01 3.238043417262418444e+01 5.237959070070814960e+01 5.604811013469051062e+01 5.018658751139579266e+01 4.604360677930925050e+01 5.604418952629095685e+01 7.019426192424153044e+01 9.024845972410858508e+01 9.231433160293072149e+01 7.300424258432708768e+01 7.625242651818768991e+01 7.925209861833334912e+01 6.819834090835394136e+01 4.929292442315951916e+01 6.819834090786058312e+01 7.960384115410310812e+01 7.150979013783913274e+01 6.155594642904486591e+01 4.168222887971114687e+01 5.242538705759468343e+01 6.033728974774157905e+01 5.645021374204871023e+01 4.636171294023498746e+01 2.620058843042387409e+01 4.209960678206979168e+01 2.422426839259406606e+01 4.353924009358501479e+01 5.278980638492170385e+01
5.738623160518319517e-05 2.000005738623125140e+01 2.410582669861306826e+01 1.995159138874844729e+01 2.755661073645806169e+01 1.159743474277413888e+01 3.148434850542363961e+01 4.397621821788882812e+01 5.237897081006528310e+01 5.237998452153142637e+01 6.066922300769748233e+01 7.606259251669077059e+01 7.020352546694833507e+01 6.605609499742858759e+01 7.436956654715073967e+01 8.439204804113080627e+01 9.231433160293072149e+01 7.297136012617238521e+01 7.639823870078819823e+01 5.673166962759726317e+01 4.823354218354313616e+01 6.064402188246188530e+01 4.620546166326417392e+01 6.500845684551393333e+01 7.150979013893670810e+01 5.252358536426553570e+01 5.808451598466884036e+01 5.242538673059467413e+01 3.184549087120724664e+01 4.518864585596623584e+01 4.225070467631215365e+01 4.261823095672363593e+01 4.319365890241777350e+01 2.375057250461485125e+01 2.820740323945748784e+01 4.764398501613212744e+01 6.222142936218292419e+01
4.532054705376769438e-02 2.004532054705341082e+01 3.837428719906944252e+01 3.995081162601937308e+01 3.973762485154194479e+01 2.566841402397332317e+01 1.586057059935862945e+01 3.571795764946205054e+01 4.393418116773605675e+01 4.788895003306955545e+01 5.210749008101346647e+01 5.678602075717914488e+01 6.281144065737780124e+01 6.952036380923999559e+01 7.785708654981330312e+01 8.794151261585398061e+01 8.763924931969663135e+01 6.838163676479558717e+01 5.766573411814940187e+01 5.110791416634473450e+01 4.639984184468083583e+01 4.189949637050265352e+01 5.725903328175994744e+01 6.519993136398142042e+01 7.250025522127778288e+01 5.271124386920666893e+01 3.894413480309044928e+01 4.874213676603833534e+01 3.948391101359391797e+01 2.256182551760397104e+01 2.263877584564497170e+01 2.295577671103776041e+01 2.328667220489610656e+01 4.302662324055178544e+01 4.765815474536546503e+01 3.489948176216880427e+01 5.441631545514048440e+01
9.001595176218035732e-02 1.009001595176209420e+01 2.423215157549279297e+01 4.423215157549208243e+01 5.380683568083717461e+01 4.349495157646985888e+01 2.709156495128353015e+01 2.050446889269865380e+01 2.414421054836719804e+01 2.811510570641766549e+01 3.232078335670907165e+01 3.693669615456503408e+01 4.282738364399006059e+01 4.939359435365332729e+01 5.941844839316705418e+01 7.962227922531289437e+01 9.577908554132805818e+01 8.333291866333287601e+01 6.414483904023033745e+01 6.976489744388402414e+01 6.472763271058474288e+01 4.684225593828896450e+01 3.841868851602436052e+01 5.408301744614564655e+01 6.200546604835906805e+01 6.320925484587858989e+01 4.871527166005500220e+01 2.919196175809807414e+01 4.062940596825020378e+01 2.220860223187838756e+01 4.005287125965612205e+01 4.289718713152343810e+01 2.352460249553188731e+01 4.421217846652415773e+01 6.238935154011006290e+01 5.441631545520540669e+01 4.321853110287445077e+01
5.674351268809080251e-02 2.005674351268773492e+01 3.189891764269039598e+01 3.896998545455634400e+01 4.725425670201854444e+01 5.387710218997315792e+01 4.573943504598615561e+01 2.860229688587323338e+01 3.553990136380438258e+01 4.788895003306955545e+01 4.624792421730048630e+01 5.090353824866819110e+01 5.309897508548662159e+01 6.952036380923999559e+01 7.785708654981330312e+01 8.794151261585398061e+01 9.279743070790640047e+01 9.144817635940806611e+01 8.333291866333287601e+01 7.908248587466191282e+01 6.006893532277666736e+01 6.480301238610411474e+01 5.408301744614563944e+01 3.492879756893434262e+01 5.408301744610352557e+01 5.820429035808569296e+01 3.753647499510053365e+01 2.228688844853726181e+01 2.176971237605224019e+01 4.137566708132406745e+01 4.993420046465353579e+01 4.678934469461603385e+01 2.653423678113839301e+01 4.679249502002045347e+01 5.887124117073139473e+01 7.031810374318050094e+01 6.232952181856728657e+01
9.518805923843161321e-02 5.868690751134713501e+00 1.189891764269003893e+01 1.896998545455564056e+01 3.051699083834835946e+01 5.051699083834906645e+01 5.669225548510058132e+01 3.845202549872569620e+01 5.540098062638127629e+01 6.371136187388596284e+01 6.625373345880812792e+01 7.098758980964886689e+01 7.319149265523834913e+01 8.151775261792515437e+01 8.779896229481913394e+01 7.951132585981972056e+01 7.279671899970570337e+01 8.694225416584660593e+01 9.849131348282016063e+01 8.708652392680207299e+01 7.906954277376499363e+01 6.538258699299201737e+01 4.633123468662149236e+01 3.234214396330567354e+01 4.879568185573410233e+01 5.560333661872827093e+01 4.954628036360617216e+01 4.061399097541895031e+01 2.146343197058206442e+01 3.579632068498964514e+01 5.761699634887478538e+01 5.492564451047845608e+01 3.834497408849151867e+01 3.040364657577115537e+01 5.066900448274114410e+01 5.780268294940483287e+01 6.600853624394976293e+01
9.062254805971975413e-02 2.009062254805936476e+01 3.189891764269039598e+01 3.896998545455634400e+01 4.725425670201854444e+01 5.880126208581125979e+01 6.666816887491357591e+01 5.835068949051652964e+01 6.666816860454021310e+01 8.303125383845105034e+01 6.800878916017602194e+01 5.972319076096742663e+01 6.231827018368233695e+01 7.060415439588439313e+01 7.625110345212948459e+01 5.951260161470606391e+01 5.865612924734439559e+01 7.020201114709892920e+01 9.020150497659817290e+01 8.822675715987300293e+01 8.026223150244121030e+01 7.075832390999370602e+01 5.184733295063687564e+01 4.863986656415197984e+01 2.865459300762822181e+01 4.551195530325037453e+01 4.169591804344462105e+01 3.967290868125596148e+01 2.116071620461175939e+01 3.535310820630214579e+01 5.645463064332669489e+01 6.631760536603648859e+01 5.819923791376380251e+01 4.485490043058937459e+01 3.451962525401101090e+01 3.770228437929167598e+01 5.780343575124236821e+01
3.063233560239582431e-02 1.003063233560248335e+01 2.417276795933368660e+01 4.417276795933439359e+01 6.013558738576183771e+01 6.841998084079517639e+01 6.896001726881100069e+01 6.313151455767837916e+01 6.313150896870730122e+01 6.313150896897253261e+01 5.646136874508107439e+01 3.972349805528601507e+01 4.231859297570251499e+01 6.231827018955181785e+01 6.796505702837448837e+01 4.796550885430717415e+01 6.794440967749224569e+01 7.623062190716092346e+01 8.623139799419386975e+01 8.026223150244121030e+01 6.128493088562134972e+01 6.684325354767217675e+01 6.019461308482915740e+01 5.562387188585793041e+01 4.569305787450729639e+01 2.505162100356461607e+01 2.303035732885140519e+01 3.851747417266251716e+01 2.085974698226107193e+01 4.214285013914602018e+01 6.076469863267817573e+01 6.953294982353318687e+01 7.299893148503562657e+01 6.291196352142441128e+01 4.375917770880020186e+01 5.779853670531817045e+01 4.245098470256307621e+01
5.666595628964066211e-02 2.005666595628928661e+01 3.831490358306538724e+01 4.599343334244110792e+01 4.013556133652816982e+01 6.013558738576183771e+01 4.901925842724109117e+01 4.317377217825840319e+01 4.317377217558265556e+01 5.158445555208414390e+01 4.817636186352601868e+01 2.817643378239044338e+01 4.817636279761067186e+01 6.228937099678665135e+01 6.241818038343085107e+01 4.241838468434080056e+01 4.794496220225693150e+01 5.794493164111689509e+01 7.794388771386746839e+01 8.026223150244121030e+01 6.128493088562134972e+01 4.803368471093387626e+01 4.137315832108429703e+01 3.652168494098581419e+01 3.178477059214736400e+01 4.560103532848808072e+01 4.047261422388456964e+01 2.043592689349828007e+01 2.569711084552287161e+01 4.437890336896015242e+01 3.810878474428017881e+01 5.435020495836123899e+01 7.632581235049282498e+01 7.188223913449131430e+01 5.528573376105982362e+01 6.600939150183324955e+01 4.628470368249163158e+01
2.110006612196471329e-02 2.002110006612160831e+01 3.530297932932937499e+01 2.599342522937865496e+01 4.599343334244068160e+01 4.787665151663819785e+01 3.960330032790510302e+01 2.903569825458207987e+01 4.520231824595837367e+01 3.099268008398959751e+01 3.884202419113889704e+01 2.214620541953016186e+01 4.214615720675598709e+01 4.228968150474996435e+01 5.148078524712673243e+01 3.725436826812288160e+01 5.725425533881961826e+01 7.503534347277472705e+01 8.623139799419386975e+01 8.203551982393629771e+01 6.305635078854563602e+01 5.221958357518650473e+01 6.019461308482915740e+01 4.870081809776748116e+01 5.120775627977647559e+01 4.915670523296896732e+01 4.263385184593191468e+01 3.376228840474932724e+01 2.002380691480611574e+01 2.625794118674242128e+01 4.868122498009693544e+01 6.076998502497106358e+01 8.227166509860175836e+01 8.336880952883763030e+01 7.510445940913324137e+01 7.030426985751054758e+01 5.068592247317606336e+01
9.367352646185668485e-02 2.008713667372264311e+01 1.530297554965961915e+01 3.530297932919187787e+01 4.010983155974070513e+01 3.960330024427894102e+01 1.960769792724537197e+01 3.176318583685657160e+01 3.382615528396130600e+01 1.680732081847149928e+01 1.896397628254421619e+01 3.896393572488462098e+01 2.562775854635233230e+01 2.814752171742205178e+01 3.148085520350451816e+01 3.780542675048103263e+01 4.674984303611933711e+01 5.829679414021008199e+01 7.829573910104264201e+01 8.996430618189050676e+01 7.900182317351087136e+01 7.108825679279892995e+01 7.297217710869820451e+01 5.999764014791032452e+01 4.785382770096627070e+01 3.370335447920587768e+01 3.608410045974510894e+01 1.961516046899727783e+01 2.010420545044386031e+01 4.533146761695632421e+01 5.706329079251149494e+01 5.927559361630037671e+01 6.514837641269430435e+01 7.221369005583547107e+01 8.055564842672748682e+01 7.845047708349133586e+01 6.455633981910403918e+01
3.648181865326004941e-02 2.003648181708660303e+01 8.978420229322800594e+00 2.445148832003754791e+01 2.010981719674979118e+01 2.750161675149298901e+01 2.904457823437293840e+01 1.176305435595271476e+01 1.382589684847028444e+01 3.355151545838173632e+01 3.051714748026762081e+01 4.724870556856627246e+01 3.976991404600479285e+01 4.814745493884615968e+01 3.404520513637760359e+01 5.404436605812806960e+01 5.194759048546464442e+01 7.194704340463202641e+01 8.658323518843006639e+01 9.342384250264247214e+01 8.481395201506863657e+01 8.481185869661194943e+01 8.025266957776439369e+01 5.344196716106223022e+01 3.178095824417698623e+01 2.203060677838481851e+01 1.919756904096025352e+01 3.793135519187212878e+01 4.211949173429653825e+01 4.712557253676379787e+01 5.183204665977743986e+01 4.030184856195688781e+01 4.567056132650779432e+01 5.222999840130194826e+01 6.359418713259540112e+01 8.398817858528278180e+01 8.418560440993393001e+01
