MOVIE_S9_data/elevation_000607.asc
nrows	100
cellsize	150.0
xllcorner	0
ncols	100
yllcorner	0
NODATA_value	-9999
[rows 51 to 67 of 100, columns 0 to 36 of 100]
6.455108993161302877e-02 2.006439554529522695e+01 2.142536123558525674e+01 2.398976464131416630e+00 3.089975203439795592e+00 3.782112346400843705e+00 2.377904910129820237e+01 1.183707861927551264e+01 1.718170852559984851e+01 3.715543650021806599e+01 4.080762959422479952e+01 4.866979250282210501e+01 4.472331313026130317e+01 2.473651117677833611e+01 4.472979702845489669e+01 5.936274754497949147e+01 4.786596806175145247e+01 3.951211531057997206e+01 2.226662469588855231e+01 3.641536471040294742e+01 4.831916843873784728e+01 5.093108114212838444e+01 5.930937940060752567e+01 6.117979065024437091e+01 4.783065882291329984e+01 4.785183162642201182e+01 6.703961487262164098e+01 6.306255461768368775e+01 7.349667171259206100e+01 5.610208898716685155e+01 3.599931044415335890e+01 4.232769861660650434e+01 5.654189679750953701e+01 7.679110302881848327e+01 9.180814737979353879e+01 8.182240729078408492e+01 6.150561895099561127e+01
3.995603441288197999e-02 2.003995603441252626e+01 3.251571450548613740e+01 2.386632721063065432e+01 2.265008804730125647e+01 1.368804932302376898e+01 2.331386974680529889e+01 3.183716428219605277e+01 3.715798042165356918e+01 2.570749682944409287e+01 4.566951878145958688e+01 5.179831353355238122e+01 3.180552971881858682e+01 4.472979702845489669e+01 5.300374016396793309e+01 6.938459017181540389e+01 5.931751532888247880e+01 4.577961846374179089e+01 2.574783067066448794e+01 2.574783067096468869e+01 2.826657459731679722e+01 3.086885928819345182e+01 5.093099290421296388e+01 6.318300147314204196e+01 6.662508352032084247e+01 6.699919948661808178e+01 7.531056895412832830e+01 8.288239221154826453e+01 7.374436710592694055e+01 5.881516855866261295e+01 3.869633598652802675e+01 5.881516855866261295e+01 5.305470147885709764e+01 6.313822233221286240e+01 8.343736936121210590e+01 8.769769075363383593e+01 6.734511182058376733e+01
4.804567899273937126e-02 1.004574027632184752e+01 2.403232247398169008e+01 4.355320925315123759e+01 4.089763228720154586e+01 3.318054014448144784e+01 4.061226933915875037e+01 5.026266355717914536e+01 5.231812151470274586e+01 3.237231331497320497e+01 5.231812151470274586e+01 5.782600163912669444e+01 3.783442183964844929e+01 4.813142683146630674e+01 6.811408830243243528e+01 6.100027782311179436e+01 4.091060283036291878e+01 3.090956844847179497e+01 4.577942556007916153e+01 3.989888516025145293e+01 4.242079816660493918e+01 5.093108186809048732e+01 3.471608453998035060e+01 4.888352196123255311e+01 6.906621002837985657e+01 7.985725886420489417e+01 9.001777167181849393e+01 8.113460680216934406e+01 6.535792138850455046e+01 4.519181746544417422e+01 4.218054365277779993e+01 6.232120659488023051e+01 7.328779584621634058e+01 8.167179780540159584e+01 9.180814707303302669e+01 9.448448693055993886e+01 7.412409839978155901e+01
9.707512844716031930e-02 2.009707512844680366e+01 3.786830698194847145e+01 4.195662928353549859e+01 4.202320811745424578e+01 5.023642296387513539e+01 5.172003387004480857e+01 6.001289939170935384e+01 6.046565988303978401e+01 4.237035920805332978e+01 6.046565988303978401e+01 6.448873056332170961e+01 4.450054379073672095e+01 6.448873056332170961e+01 7.637794542736016012e+01 6.938459017177021337e+01 5.505007522422094013e+01 3.499054286056478702e+01 4.915083393059115480e+01 6.002298420245802646e+01 6.255922712510351147e+01 5.793357687605116269e+01 3.783897537639123243e+01 4.414861190748891318e+01 5.122999554360484353e+01 6.127950164543306499e+01 8.158640808092978602e+01 7.274600621564941605e+01 5.251292194944261382e+01 6.535792138850455046e+01 4.577615604887144940e+01 6.594333785609556742e+01 5.980113280218505167e+01 7.414897037392120183e+01 9.447838834121924378e+01 1.028405598159319254e+02 8.854684472215748769e+01
5.001202446392439237e-03 2.000500120244603863e+01 2.515353699466656323e+01 2.192304426780567894e+01 2.204819837439188035e+01 3.756982663682851609e+01 3.171475681079621012e+01 5.172003412373283737e+01 7.036230844512560623e+01 6.226588382135228983e+01 7.036230844513052318e+01 7.275450434676403688e+01 5.449938145345460327e+01 7.275450434676403688e+01 7.746556992621206916e+01 5.726414204097341809e+01 4.568675541067564438e+01 4.053757547618539547e+01 6.061991370128222201e+01 7.769139612317553656e+01 6.978929606299921318e+01 5.200921380835556818e+01 4.104797993401979994e+01 6.127220655344844857e+01 7.143295486318149301e+01 7.985725886420489417e+01 9.001777167181849393e+01 7.860261299250394984e+01 5.831475680100464842e+01 7.433141991319502040e+01 6.594300053751705093e+01 5.122677550080442188e+01 7.144643774061556485e+01 6.993039976808024960e+01 8.433350074437416311e+01 1.046232759773583467e+02 1.088192232786038858e+02
5.279685921607564503e-02 2.592799399219880563e+00 5.153536997877789183e+00 7.779665655072228958e+00 1.050132092483129220e+01 1.757238876807474526e+01 3.171475680837344413e+01 5.172002890596495916e+01 5.769682176344223734e+01 6.012247006932904725e+01 6.913372152991944120e+01 8.273856258252426699e+01 7.447807967318881595e+01 8.273856258252426699e+01 8.587887496045888724e+01 7.419695916398579527e+01 5.987966548094333774e+01 4.720725345408352069e+01 6.061991370128222201e+01 8.083614581153908318e+01 7.033951555300998848e+01 5.140982830115061120e+01 5.723780126999253781e+01 4.643624244258729306e+01 6.723067402422658745e+01 8.255685625343987510e+01 9.434093016705406853e+01 8.503306853769792895e+01 6.469821296363177510e+01 8.503306304075543665e+01 7.862100694676216506e+01 5.832822644578639881e+01 6.286141657886902578e+01 8.317379474903940206e+01 8.281429909113734311e+01 9.720438369364727293e+01 1.173894032224438320e+02
5.738623160518319517e-05 2.000005736454051330e+01 2.515353699260065312e+01 2.777966564960375706e+01 3.050143128183947283e+01 1.491858196782506063e+01 3.491872360789049168e+01 4.305026407922902365e+01 2.994884668971098662e+01 4.059947495443769583e+01 6.082684726053751945e+01 6.610566648166147274e+01 7.243012368795531586e+01 7.999009934891140006e+01 8.827620474096050884e+01 8.851425284689098305e+01 7.572565225845644932e+01 5.878349711043230030e+01 6.140010951938972994e+01 8.163319763764468462e+01 7.053178205547342827e+01 7.021433264451788148e+01 5.629489358300247659e+01 6.723067402422658745e+01 5.346167700334266470e+01 6.547596198745725360e+01 8.591655361080141518e+01 9.340733712210823114e+01 7.378470919068898581e+01 9.340733712210823114e+01 8.700809033500027567e+01 6.737307453303020566e+01 7.458128585888731266e+01 9.154959374542559658e+01 1.031164390352488311e+02 1.114351473692819212e+02 1.119677940140522310e+02
4.532054705376769438e-02 8.989592457052847152e+00 2.053659784084515749e+01 4.053659780500640863e+01 4.320350344951314980e+01 3.491872360789049168e+01 1.956848751757446436e+01 2.305004063667935910e+01 2.711394559249278302e+01 4.682178498084446971e+01 5.794399950626231544e+01 4.611374694140901909e+01 5.243043395180148281e+01 5.998828383232055472e+01 7.413105061262346851e+01 9.413509427066233570e+01 8.741401033923268926e+01 7.899585285491554032e+01 8.163319763764468462e+01 9.005119499755409151e+01 9.273390982656633241e+01 8.245762539139133196e+01 6.333440216311643667e+01 8.135092750266062467e+01 6.088512188317455553e+01 6.660339967555857754e+01 7.841581865561039422e+01 9.882351244214368080e+01 8.555845991519800009e+01 1.024823177746350922e+02 9.608880007162170500e+01 7.912914420138240246e+01 9.491138017523068982e+01 1.032559945468256615e+02 1.006515891748445881e+02 9.214842524254846978e+01 9.967809924451400150e+01
9.001595176218035732e-02 2.009001595176182420e+01 3.727386282809324314e+01 4.882086411456973707e+01 5.244143525794229532e+01 4.785353692856136121e+01 3.371064424500205803e+01 3.719220425620392945e+01 4.682178498084446971e+01 3.323588158145426519e+01 3.799200344623366021e+01 5.794399950626231544e+01 7.243012368795531586e+01 7.999009934891140006e+01 8.827620474096050884e+01 9.622066803692798942e+01 9.035454342372182168e+01 9.254533318265804098e+01 1.008415731499656545e+02 9.619001062800676038e+01 1.044867473796115860e+02 9.076833142048154457e+01 7.258307593703032978e+01 8.978076771019426872e+01 7.537515739438852336e+01 7.760739472964996821e+01 9.546347374396786734e+01 1.072246160171267917e+02 1.058464711641947105e+02 1.141580525935248431e+02 1.077892318647262329e+02 9.945739749812312880e+01 9.852478700260394362e+01 9.023782437965418524e+01 8.949535307229737668e+01 7.056300634543693207e+01 8.949535307229737668e+01
5.674351268809080251e-02 1.160374889648050534e+01 2.574588452021108864e+01 4.574588451857821525e+01 3.244410607606009478e+01 4.658518005011067231e+01 5.371120227256371038e+01 5.719287155316916227e+01 6.138568031302801842e+01 5.310492967112082141e+01 5.794399950626231544e+01 6.622813732274396159e+01 7.673477918823671473e+01 7.696702999865487982e+01 8.489091448341504531e+01 7.619345954898543027e+01 7.032774655016666543e+01 7.251845981217417147e+01 8.203187530152229101e+01 7.616738363137883994e+01 9.619001062800676038e+01 1.007141779009507019e+02 9.233217484575237677e+01 1.007141779009507019e+02 9.577771274367476906e+01 9.800773817794407705e+01 1.064099044513609442e+02 1.126889761665836858e+02 1.045326971821897075e+02 9.983335178619718420e+01 1.079848373481030279e+02 1.049984247791067560e+02 9.023782437965418524e+01 6.953285735470272755e+01 7.559720179206721014e+01 5.978445686893628164e+01 8.102252304763773338e+01
9.518805923843161321e-02 1.424702584865725363e+01 3.426236396528079808e+01 3.514895442808472836e+01 1.830490889195958459e+01 3.658659289004417303e+01 4.506839992366580105e+01 5.335278834831781580e+01 5.288945832097797251e+01 5.511543914008623091e+01 5.674228548340492040e+01 6.471508113593348810e+01 5.795497590712599845e+01 5.892130851024774074e+01 7.581808136859150693e+01 7.619345954898543027e+01 5.612639153619537069e+01 7.132213568584781171e+01 6.199578712981527673e+01 8.203187530152229101e+01 9.386619569694173038e+01 1.054272423472402522e+02 1.026196410082569628e+02 9.431286697940970498e+01 1.026196410082569628e+02 1.012315871630801638e+02 9.292547963130026289e+01 1.012315871630801638e+02 8.476233487021541180e+01 8.001334225974713377e+01 9.656552229656342945e+01 9.678065913433748335e+01 7.624814639182690712e+01 6.406591672870449372e+01 5.465289986075209328e+01 5.234174472500638586e+01 7.340532446151155455e+01
9.062254805971975413e-02 2.009062254805936476e+01 3.332104984786280966e+01 2.130597595157381008e+01 8.304405818348433499e+00 2.830304852781291913e+01 2.507220293086458085e+01 4.506839992366580105e+01 3.287671885419313611e+01 3.515386727424429125e+01 3.722911766933999189e+01 5.310783280213872359e+01 4.472706411715709152e+01 5.397035130979462991e+01 5.410062503391968391e+01 6.050588353858987745e+01 4.938305991178053489e+01 5.122190810470659272e+01 5.795801620457628189e+01 6.555176800229666867e+01 7.710857716149624252e+01 9.712994848326088970e+01 9.261788752336020991e+01 7.433041015655038564e+01 9.261788752336020991e+01 9.123927833359641681e+01 7.296906983092752341e+01 9.123927833359641681e+01 8.839026395076038511e+01 6.838399785777244233e+01 8.839026395076038511e+01 9.611429040296232529e+01 9.326117277713964882e+01 7.873488226699744530e+01 5.783186544745657187e+01 4.576191273242012159e+01 6.072677416609314349e+01
3.063233560239582431e-02 2.003063233560203926e+01 2.326434604669109518e+01 5.764386146133457345e+00 2.576430206368942777e+01 1.093065748337207133e+01 3.092895343211401737e+01 3.557093415880785159e+01 1.873774852463347429e+01 2.101790380302011840e+01 3.851276116960873708e+01 3.379851292435827048e+01 4.954130514958566067e+01 3.381898314537525607e+01 3.699678905116292782e+01 4.031640141562373003e+01 4.445699663704130700e+01 6.462205982552590910e+01 7.800419542648353399e+01 8.557060436109459545e+01 9.386619569694173038e+01 9.709682707194481566e+01 8.432163856798011636e+01 6.450362588188997393e+01 8.130922874338115491e+01 7.305006585101877192e+01 6.315285697092360806e+01 8.294727473111390736e+01 8.206372711783645002e+01 6.195294760482052254e+01 7.986795306470051514e+01 7.621667206902854730e+01 9.611429040296232529e+01 8.713430468040050414e+01 7.276836565944202562e+01 5.190961804417051439e+01 3.992270054290779058e+01
5.666595628964066211e-02 1.657947494340328287e+00 3.264386152140858588e+00 7.434674018158994535e+00 2.743462442146138258e+01 3.092895342407190640e+01 1.364021333970276828e+01 1.557419370899288680e+01 1.994005241862316069e+01 3.992431868258774585e+01 2.439885396931011385e+01 2.682352377187762826e+01 2.944807692764584317e+01 3.548712812669981531e+01 5.560877737070246241e+01 6.050588353841188649e+01 5.613835712522728727e+01 7.292562569909058823e+01 8.762063489809698069e+01 7.966982415672505624e+01 8.762063490556670331e+01 8.879717798816582786e+01 6.890931162184882908e+01 5.759902771392999199e+01 6.926593652990713679e+01 5.339055644733548434e+01 6.723522946584337490e+01 8.708832270740826687e+01 7.625824513510993086e+01 5.606556864772850446e+01 5.972918973621307259e+01 7.911482884485097600e+01 8.140083809980218632e+01 8.962721181498034184e+01 8.119197151038918037e+01 6.584458283040349613e+01 4.510102949607672684e+01
2.110006612196471329e-02 2.002110006612160831e+01 1.740649281898298995e+01 2.743462326850056598e+01 1.375921950380182146e+01 3.375916235193341208e+01 3.363776341886438814e+01 2.557373511003783051e+01 3.992045008513429849e+01 2.660517016637914267e+01 4.454649024315840933e+01 4.688909079207772379e+01 4.104041494104077259e+01 5.559967624809605269e+01 4.555262654118016741e+01 6.566492820018147825e+01 7.621101323214867307e+01 8.450712783412873819e+01 7.802663081448311289e+01 6.048469352588725911e+01 7.802663081449932747e+01 8.625623444867977696e+01 8.326726618485122344e+01 6.346639589557271677e+01 4.965178905495811534e+01 4.800345835521300586e+01 6.759749898473761220e+01 7.457507144475403038e+01 7.086152533955652189e+01 5.062385027880063859e+01 5.062385027889077804e+01 7.086162430764488818e+01 6.125902335890589967e+01 7.804594737423123263e+01 8.596211801763556082e+01 6.576856713877162974e+01 5.539470287616099853e+01
9.367352646185668485e-02 2.009367352646150096e+01 3.740638859785700276e+01 4.204313925090723103e+01 3.375916235203693105e+01 2.083025657126901464e+01 4.083021572123339382e+01 4.556452814713085786e+01 4.556276566380144288e+01 4.656398940663940067e+01 3.366975535364259287e+01 5.361577723574109910e+01 6.113937285753884510e+01 6.937791688917695865e+01 5.718277197059165218e+01 6.198354306264275237e+01 8.204521360852426426e+01 7.942732109215420166e+01 7.007725884130253746e+01 5.102038366252259038e+01 7.007725884130253746e+01 6.697566831861701075e+01 8.062568790937569929e+01 7.750922014798153725e+01 6.253833944848346960e+01 4.301601589501324696e+01 5.787161152212446069e+01 5.436870530345958485e+01 7.452887224017480605e+01 6.338852931377960687e+01 4.347216490665194044e+01 5.820468931554358960e+01 4.953335136564959384e+01 6.902947283509691090e+01 8.127494435169155906e+01 8.359714878994115850e+01 6.386070663129929414e+01
3.648181865326004941e-02 1.003648181865317213e+01 2.417861744238387089e+01 4.417861744238315680e+01 4.911455717373238627e+01 3.497234341578091232e+01 2.935824082413750702e+01 4.935824701543536008e+01 6.553142653366893455e+01 6.186580235150470486e+01 4.519478593542044820e+01 4.259978048567035103e+01 5.669608149513130968e+01 7.660478493423528334e+01 7.138129196023047029e+01 8.204521360852426426e+01 8.503773243524987890e+01 6.586991712902177198e+01 5.240079675756454947e+01 4.470472841307194756e+01 6.372496711504169298e+01 5.347758570046865145e+01 7.102738426531296057e+01 8.854937830179864022e+01 7.075280071474053045e+01 5.787161152212438964e+01 3.840761053852840945e+01 5.361901435982621678e+01 6.178981114634100180e+01 7.198236256968374391e+01 5.820468931554358960e+01 3.804205551608499292e+01 4.052528290507340358e+01 5.282001414785080584e+01 6.704747924977111495e+01 7.964101781141222602e+01 6.306162653971364307e+01
