MOVIE_S9_data/elevation_000471.asc
nrows	100
cellsize	150.0
xllcorner	0
ncols	100
yllcorner	0
NODATA_value	-9999
[rows 51 to 67 of 100, columns 37 to 73 of 100]
6.031633648007930759e+01 6.915420120058936959e+01 6.078365651112584089e+01 5.625056256828775503e+01 6.354764461241298079e+01 5.487914035760945808e+01 6.682146813743028702e+01 4.941381896963812181e+01 5.696282172440736957e+01 7.118399385445873406e+01 9.148450834192887271e+01 8.721099780666904167e+01 8.148800737349480983e+01 8.826396561139567609e+01 9.739788071566202632e+01 1.092211878334747013e+02 1.296154532325150512e+02 1.313812938204297041e+02 1.109499053180060884e+02 1.109499053180068415e+02 1.182631671613831372e+02 9.958450496285948361e+01 1.182631671613831372e+02 1.247217438005846191e+02 1.042376869067323497e+02 1.247217438005846191e+02 1.164857566894947070e+02 1.308598312473955332e+02 1.256162559528494711e+02 1.051733521522213692e+02 9.081089060362779719e+01 1.015678347417619136e+02 8.867101465518548764e+01 1.089857142023919323e+02 1.117571268320579776e+02 9.137895313539453923e+01 9.385367347726911191e+01
4.414644872515473395e+01 6.426115476371725777e+01 7.753931393920315429e+01 7.635235559265953498e+01 7.496720173124600706e+01 7.499512263982431648e+01 7.147928346644249586e+01 5.136583871512907251e+01 7.147928346644249586e+01 8.555055058488039776e+01 8.600144143757924553e+01 7.285984720663780934e+01 8.721099780666904167e+01 1.076205525410862549e+02 1.171182433456903453e+02 1.197785090878653591e+02 1.281146283091608211e+02 1.397672414996477528e+02 1.313812938234966339e+02 1.313812938422605328e+02 1.284788389127191408e+02 1.200640834831883694e+02 1.284788389127191408e+02 1.331214569728386721e+02 1.161106690243733368e+02 1.331214569728386721e+02 1.368573673855544257e+02 1.334655621639705885e+02 1.278404573439011358e+02 1.074123040787380887e+02 1.051733521522213692e+02 1.146585202720898025e+02 9.420492711203098679e+01 1.146585202720898025e+02 1.201913316901581936e+02 1.015182969924571950e+02 1.056119317125581603e+02
4.915429707460593534e+01 4.900494391523472615e+01 6.914610318113169285e+01 8.275859378774175923e+01 9.504286230783270639e+01 8.808748769622971508e+01 6.757016881940114672e+01 5.335176541815390294e+01 7.348183260765490843e+01 7.925084781545818657e+01 6.574966057872214265e+01 8.535607164389278978e+01 9.378376253806388263e+01 9.755395464248717019e+01 1.031924734587525307e+02 9.946484701439129594e+01 1.191760276489146548e+02 1.305238866788513690e+02 1.322874003061937458e+02 1.239014512695048893e+02 1.322874000276742947e+02 1.274359526505467528e+02 1.191033106231011942e+02 1.274359732447510680e+02 1.364846906900647525e+02 1.448571625694502814e+02 1.276940712755844913e+02 1.134935575544801623e+02 1.276940712085130656e+02 1.278404573439011358e+02 1.256162559528483484e+02 1.211473883380562171e+02 1.006277858132705489e+02 1.211473883380562171e+02 1.304039534813240664e+02 1.160270464715336232e+02 1.260643216701118376e+02
6.929677399340779687e+01 6.914610318113169285e+01 5.417138078022671976e+01 7.435835796486976790e+01 8.992398432639006955e+01 9.140002882612569124e+01 7.714583149935121753e+01 5.734973035204243530e+01 5.668307309034063479e+01 5.907302246196600493e+01 6.199039825299023221e+01 6.511563508857896920e+01 8.535607164389230661e+01 7.720957081298440983e+01 8.282865285258246502e+01 9.052193461771248906e+01 1.022947462507828646e+02 1.223782592040128065e+02 1.223077696734117410e+02 1.040607429685198468e+02 1.223077696734117410e+02 1.175356654461861297e+02 9.943370756218351403e+01 1.175356654461861297e+02 1.266056711806549941e+02 1.321734477439557622e+02 1.188436135273597216e+02 9.970663986532231604e+01 1.188436135269772223e+02 1.175001550852672381e+02 1.258325688204948278e+02 1.295581244817244055e+02 1.151738754800324926e+02 1.151738754800324926e+02 1.355687240949071111e+02 1.364061806293882739e+02 1.384302176046541319e+02
8.342452811748732699e+01 6.315195222608273440e+01 7.435835796486968263e+01 6.126239107725798760e+01 8.152077995918374143e+01 8.361575768935540509e+01 6.338488547354983638e+01 7.755432158276865096e+01 7.683993811317370159e+01 7.067217954852731054e+01 7.097259620618339682e+01 8.535607164389213608e+01 6.984352483262878764e+01 9.013605188489859188e+01 1.031924734587525307e+02 1.108549348904751639e+02 1.191760276489146548e+02 1.219480641644907735e+02 1.139810971187225732e+02 9.430985105967569382e+01 1.139810971187225732e+02 1.092685090328104422e+02 8.970519608239047216e+01 1.092685090328104422e+02 1.067827690723721190e+02 1.208780233292423958e+02 1.040644534903810410e+02 9.107041749291431643e+01 1.105614720159021402e+02 9.787767302140508718e+01 1.144200304068988032e+02 1.258325688314434672e+02 1.355687240949075090e+02 1.355687240949071111e+02 1.439423734825945473e+02 1.443281638122948038e+02 1.241490349495951619e+02
9.061090081550177899e+01 7.028476547975760980e+01 6.986245051393174776e+01 8.152077995918337194e+01 8.992398432897486771e+01 9.204180063503520159e+01 7.501664999639476150e+01 7.071963430313597598e+01 9.103323642800646098e+01 8.499818075135740969e+01 8.108471027075526649e+01 9.480261105334071203e+01 7.446147218080319874e+01 9.480261105334099625e+01 1.134128046683854620e+02 1.235258498779238181e+02 1.154707587467573546e+02 1.011427992851384374e+02 1.074240150989308518e+02 8.779380646563438972e+01 1.074240150989308518e+02 1.027474046965512287e+02 8.315686610930586653e+01 1.001680735121402535e+02 9.294992874198952393e+01 1.125887626770827836e+02 1.040644534903695302e+02 8.456942410107120622e+01 9.641787357411055837e+01 8.666463736468723766e+01 9.787767302140508718e+01 1.175001550852722403e+02 1.283358178643625251e+02 1.199799977820085530e+02 1.283358178643944711e+02 1.416555141259966035e+02 1.214760101369233922e+02
9.891970061723419860e+01 7.856737571066634018e+01 7.752661743280852136e+01 8.645788219020640497e+01 1.067815415241411472e+02 1.037874171345009557e+02 9.536235724781802503e+01 7.631196303102645118e+01 9.668320138383285212e+01 1.053856307290599261e+02 9.283967381898351334e+01 1.020131458227330512e+02 8.161867369705889530e+01 8.460144004560174835e+01 9.479622083002824695e+01 1.151903656173594470e+02 1.069639076717521817e+02 8.710442943884727640e+01 9.432300823988036598e+01 8.209571726986422391e+01 1.017572619795516005e+02 9.684063505837788455e+01 7.715348774092923634e+01 8.051824446381625933e+01 9.441030055211770389e+01 1.140685670812917749e+02 1.120963266545054609e+02 9.641787357411055837e+01 7.679723954793730911e+01 9.068989898705476094e+01 1.102464275071090611e+02 1.120956275169641003e+02 1.184338578551267318e+02 1.003288455862164597e+02 1.184338578551597010e+02 1.298867590016812983e+02 1.357555436419396528e+02
9.519609383365484234e+01 9.891970061723419860e+01 8.663616339730232596e+01 1.062640694055858575e+02 1.151480574100826999e+02 1.096017849591592324e+02 8.917571083852280367e+01 9.070189661096186740e+01 9.070189661096186740e+01 1.111233484871846713e+02 1.072900987957085590e+02 1.104327660443202177e+02 9.072349586392455478e+01 1.050036086233737080e+02 1.134128046683854620e+02 1.235258498779238181e+02 1.082470703529651104e+02 8.855730097995446215e+01 7.455448103892739198e+01 8.848904980902045736e+01 9.669667855843088944e+01 9.138040281247805297e+01 7.156796698753893793e+01 9.138040281247805297e+01 1.083881997259877039e+02 1.204081099675893398e+02 1.038603318062233569e+02 8.430481790584138935e+01 7.283855345054115560e+01 9.062392729103271449e+01 9.434365155666439762e+01 9.252828092541903970e+01 1.025130198146550811e+02 9.067259306232871552e+01 1.018329951181840016e+02 1.215217017688975005e+02 1.284705508282497419e+02
1.154878109194417277e+02 1.153416610301548388e+02 1.010435929872077736e+02 1.153416610301548388e+02 1.171743475249803481e+02 1.180037478525471641e+02 1.036319499676518348e+02 1.111233484871846713e+02 1.111233484871846713e+02 1.195210189256370938e+02 1.276706250503661124e+02 1.195478165965515842e+02 1.051777557980556992e+02 1.195478165965515842e+02 1.235406194238669428e+02 1.152871609398419963e+02 1.122782215444202336e+02 9.257649575017553900e+01 7.863167106136474160e+01 6.860445290336105018e+01 8.343462298513075837e+01 8.217766156508599806e+01 6.759971295612977826e+01 8.749486446885576640e+01 9.282963304893033296e+01 1.121858756945384812e+02 1.028373129590774653e+02 8.322244493666472920e+01 6.913838533680922183e+01 7.083984689941935642e+01 7.466072067121264411e+01 7.868056137262855998e+01 8.302072894321594276e+01 9.677202299682605258e+01 1.065215684758948811e+02 1.263187647711140471e+02 1.201069263330713994e+02
1.086107948919241295e+02 1.202423482983173102e+02 1.213016182875602027e+02 1.113767585289750883e+02 9.730463889875207428e+01 1.113767587504577392e+02 1.240142415607857060e+02 1.091794496850610585e+02 1.009290370895825504e+02 1.035072499265296528e+02 1.117613593288361784e+02 1.183391310998349724e+02 1.255568848406421267e+02 1.172881368663062176e+02 1.090553491360808920e+02 9.563144968001829227e+01 1.121475238180467926e+02 1.065778707361691460e+02 9.669740084943296665e+01 8.343462298513075837e+01 6.347542857896385016e+01 6.220553757178659282e+01 8.215398565136148079e+01 7.686849768225746971e+01 9.638156975479208199e+01 1.018788775592410758e+02 9.367054749232933375e+01 8.551569974243972183e+01 6.561339485831369700e+01 8.551569974145876074e+01 9.434365155564657357e+01 9.825942405225509901e+01 9.425099494074115114e+01 1.107335161318004708e+02 1.246965136853726079e+02 1.347063477643279441e+02 1.284705508282025619e+02
9.175105439753485825e+01 1.119596775228606163e+02 1.153517188768384329e+02 1.024828765872930489e+02 8.325189154536280967e+01 1.024828765872930489e+02 1.109628642033968333e+02 9.769280049046481906e+01 8.104302030394907774e+01 8.362424165209343130e+01 1.035072499265296528e+02 9.846172521219173746e+01 1.125385128052071764e+02 1.090553491360808920e+02 8.940297016978630040e+01 8.430600398924103445e+01 1.033448240203045003e+02 1.105740561745326005e+02 9.916582883604590393e+01 9.095656173827332225e+01 7.859040013625673282e+01 5.861201641914082217e+01 6.530796796200722554e+01 8.511569234099762582e+01 1.044856688947616874e+02 9.367054749232933375e+01 7.390832835110721533e+01 7.969654832627651331e+01 6.313256964972272556e+01 7.472916150437434624e+01 8.870305509065924809e+01 1.083383176583227367e+02 1.137990380086643398e+02 1.221037839090867578e+02 1.332142133857333022e+02 1.248514717794304971e+02 1.237966411203822901e+02
9.367928016115847356e+01 1.138742459730583079e+02 1.069337937755259134e+02 8.719721927578243026e+01 7.432529013764479942e+01 9.116410880698120422e+01 9.941160414305920767e+01 8.280338452653816717e+01 6.951447368903930624e+01 8.541176142040568209e+01 9.171208734600179469e+01 8.440624518531107867e+01 1.042836826042851328e+02 1.090553491360808920e+02 8.940297016978630040e+01 7.543451868095830548e+01 9.515901870256617201e+01 1.023312388532528132e+02 8.262972032557078705e+01 7.113393724346433089e+01 7.629835768112646122e+01 5.633553211367035374e+01 7.629836911844866165e+01 9.321100595979810066e+01 9.623312045306936113e+01 8.501821715212970787e+01 7.681629514777225154e+01 5.974364170520556883e+01 6.423483446260681262e+01 8.415506976934923955e+01 9.638841621704115425e+01 1.045759377238544943e+02 1.133577855914756753e+02 1.247581276997234028e+02 1.248514717794304971e+02 1.047668000959833847e+02 1.106494642341596091e+02
1.079147177945424119e+02 1.122436297769525311e+02 9.868391925268156228e+01 7.878837122870181986e+01 6.728081694103826749e+01 7.125490857341097239e+01 8.791668131163893918e+01 8.280338452653816717e+01 6.290114807680845388e+01 6.550166181747796657e+01 7.178870741970969505e+01 9.171208734600179469e+01 1.006523539751430292e+02 9.245586854161862789e+01 8.988742816576332473e+01 7.008276096328582128e+01 8.988742816576332473e+01 1.001910866440719303e+02 9.916582883604591814e+01 8.036093241638288021e+01 6.040940318039669421e+01 5.411026675166184674e+01 6.823343633398697250e+01 8.809823273379308262e+01 8.221753200679749796e+01 6.820194356052566320e+01 5.687168708005076923e+01 7.680174811950051605e+01 7.838137649043156330e+01 7.136964009585770441e+01 7.674319653420297982e+01 8.558714426470064041e+01 9.683310664135223078e+01 1.164562639307393965e+02 1.248514717794304971e+02 1.047668000959833847e+02 9.086014147981697420e+01
1.064421852185028001e+02 9.237388380148891542e+01 1.064421852185028001e+02 9.116410880659809379e+01 7.125490857341097239e+01 5.983295551181039684e+01 7.382004095233062912e+01 7.728349729454517103e+01 5.749141198401259345e+01 7.728349729454517103e+01 9.171208734600179469e+01 9.995738025334631516e+01 9.245586854161862789e+01 7.266930730607340649e+01 7.846465691560170796e+01 6.522577209469385195e+01 8.404896832907954263e+01 8.042111002438886658e+01 1.001910866440719303e+02 8.857068591932430479e+01 7.197212175509767462e+01 5.204973497995255372e+01 6.908059970635872560e+01 6.952634007757346524e+01 7.128549826220141483e+01 5.408597497079197325e+01 7.400969968246204189e+01 8.498920600748289189e+01 9.803226696652001237e+01 9.113801040696553457e+01 9.638841621704729334e+01 8.919555527931257188e+01 1.029843479779770234e+02 1.227227701909584425e+02 1.307600969424035497e+02 1.106494642341596091e+02 1.106494642341596091e+02
9.754389927029725982e+01 7.830333435070220105e+01 9.754389927029725982e+01 9.941160372994224304e+01 8.791668121774685574e+01 7.382004095233062912e+01 5.414013591654910584e+01 6.846384920867930646e+01 5.387111771526630122e+01 7.354314474747057773e+01 9.280443812125524516e+01 1.010544946011998064e+02 8.989890163340156448e+01 7.009420883599683805e+01 5.857194821164516441e+01 7.314810883579883694e+01 6.416062224386134005e+01 8.336722789698825409e+01 8.906139355562089577e+01 8.077854754330914488e+01 8.013683925729381485e+01 6.907345272977993034e+01 4.917643559261093600e+01 4.963242550245889362e+01 5.138390092060545555e+01 7.105342874669548792e+01 8.186164457997249144e+01 8.872198606033292378e+01 9.493504244297164973e+01 1.023133451825209477e+02 1.105169251788889966e+02 1.087655979942360887e+02 1.170189285014751874e+02 1.212898621035143947e+02 1.129745659720366007e+02 1.212898621035118367e+02 1.199708823933845849e+02
7.901161237869678189e+01 6.938980021616761462e+01 8.929840148848678894e+01 8.780876508782412770e+01 7.956832585506795397e+01 8.206081270419289808e+01 6.846384917465908870e+01 4.896673985891802516e+01 6.846384920867930646e+01 7.874712094685605734e+01 7.292438952263927376e+01 9.280443812125453462e+01 9.809010904051723401e+01 8.666083055022154724e+01 7.314810883546725506e+01 5.325287184740149371e+01 5.523633140107363459e+01 7.515462956767339620e+01 7.748874163272661519e+01 6.065927161109662080e+01 7.686419426753955975e+01 6.651534806735264738e+01 4.716369583665881748e+01 6.706949018161027709e+01 7.101337740210433935e+01 5.819750759820085051e+01 6.336186280311537189e+01 6.893907923251821046e+01 7.528763304278660939e+01 8.279219103592679119e+01 9.657996569049876712e+01 1.161549477103928467e+02 1.206379215523915605e+02 1.113269429132777901e+02 9.311047122419824973e+01 1.113269429132777901e+02 1.283212224903368508e+02
7.683511339459023759e+01 6.280122041835380742e+01 7.540999632171224221e+01 7.168367838445271900e+01 5.981333398174481886e+01 7.637967839269147419e+01 6.596750015584191829e+01 4.654368860432506239e+01 6.596750015584180460e+01 5.898059433195069801e+01 7.292438952263927376e+01 9.280443812125881209e+01 1.006189426103532583e+02 9.258982674534713908e+01 7.827775529759266249e+01 5.940808785154623450e+01 4.814129295648029228e+01 6.384932432571484640e+01 6.821303182482012062e+01 4.923521722681910973e+01 6.256844159996562382e+01 6.391476529502950399e+01 4.584187090704182310e+01 6.575938350266822852e+01 7.986269241874529712e+01 7.818864516219673533e+01 8.323519491068579157e+01 8.872198606033292378e+01 9.493504244297164973e+01 1.023133451825209477e+02 1.105169251788889966e+02 1.148295668430080667e+02 1.006917400531495161e+02 1.030425185981174536e+02 8.327612936144181788e+01 1.030425185981174536e+02 1.135712270470499448e+02
