MOVIE_S9_data/elevation_000227.asc
nrows	100
cellsize	150.0
xllcorner	0
ncols	100
yllcorner	0
NODATA_value	-9999
[rows 51 to 67 of 100, columns 0 to 36 of 100]
6.455108993161302877e-02 1.438156729418493596e+00 2.815013511061244422e+00 2.281551494307725036e+01 3.308984330215363201e+01 3.058886036118617113e+01 3.277963819546218360e+01 4.542328331237127514e+01 4.752438332214837402e+01 2.806656980105156762e+01 4.756699374449124917e+01 5.670148915829250313e+01 4.888095308612248857e+01 3.573270673076374493e+01 5.574517206681506565e+01 6.995789635761639147e+01 5.635349850289939155e+01 5.181156246992923542e+01 5.395337483964345893e+01 7.099765935659000604e+01 6.373808162308118597e+01 7.766464803119109206e+01 9.755243057407889751e+01 9.595459488598673659e+01 8.774243879137819135e+01 7.451049246287044525e+01 8.439733999755746652e+01 1.025033927739230535e+02 1.113756382515614831e+02 1.029537733188308550e+02 9.549695311236033035e+01 7.507928521203155015e+01 6.335058558956052366e+01 6.598719911554007922e+01 6.849983135103788356e+01 6.197766503708555774e+01 4.195652330708806232e+01
3.995603441288197999e-02 2.003995603441252626e+01 2.281551509533030497e+01 4.805087890949427454e+00 2.480552031621104447e+01 1.644773061641837941e+01 2.977647856498504808e+01 2.542655804096968097e+01 3.282224303360072781e+01 2.103734909559925725e+01 3.828045150350185111e+01 3.669289355121108542e+01 2.887107968594909480e+01 4.888095308612248857e+01 6.402793479913675867e+01 6.041095581723019592e+01 4.269516701809497761e+01 3.796512882704234926e+01 4.452508744186245337e+01 5.141101811160331181e+01 7.099765935659000604e+01 8.184210379306131244e+01 8.934386372053592140e+01 9.761517764729492797e+01 1.025033927739230535e+02 9.428418753224465831e+01 1.025033927739230535e+02 1.124248511571168763e+02 1.251591182016831141e+02 1.168665484662868721e+02 1.039157201596264315e+02 9.214329488916209243e+01 8.370735650163626929e+01 8.627151179330077468e+01 6.896266287074777779e+01 5.455921811878161520e+01 5.864080812241109442e+01
4.804567899273937126e-02 2.004804567899238421e+01 3.241278323142061168e+01 2.101256536802186758e+01 6.820258880364620246e+00 8.282803997955504371e+00 9.777675178364944486e+00 1.128523519532493502e+01 1.282370660886492963e+01 1.437603287400045637e+01 1.837630200680395376e+01 2.254679033042831904e+01 4.079646040163500942e+01 4.289303143383935435e+01 4.502502602784531405e+01 4.792759562841937537e+01 3.282990425317204597e+01 5.250104227739539908e+01 4.514466593493335722e+01 5.035432757537366655e+01 5.595314143425216713e+01 6.209645612229827094e+01 6.949607255712828646e+01 8.350308894356736289e+01 1.034447414018600995e+02 1.029307223141323249e+02 9.462586626639840404e+01 1.029307223141323249e+02 1.135412948401116182e+02 9.670137904404694495e+01 1.135412948401116182e+02 1.047686656593049719e+02 9.645267972864581907e+01 9.817151998203173946e+01 8.382830728307804691e+01 7.518270551545444391e+01 6.702294319864701322e+01
9.707512844716031930e-02 1.429718694737876028e+01 3.438739235903424429e+01 3.300109829847103526e+01 1.350198961708367840e+01 2.828171859894587570e+01 2.977647856498469991e+01 2.128493308004173201e+01 3.282224303115226860e+01 3.437659730127539603e+01 1.685686321971663304e+01 1.872204871065246934e+01 2.079622793715099860e+01 2.289307642439740675e+01 2.502520389770413800e+01 2.818671732426754062e+01 4.792759562841910537e+01 5.524423813891019819e+01 6.344143254810985155e+01 6.992700482176876164e+01 7.559798174158031259e+01 8.184210379306131244e+01 8.934386372053592140e+01 9.761517764729492797e+01 1.021586622757353666e+02 9.282527441430943327e+01 7.434819936656384698e+01 9.282527441430943327e+01 1.052241824721021857e+02 8.508005162829624624e+01 9.445669161897828303e+01 9.645267972864581907e+01 7.641203546987337347e+01 8.228180427392055662e+01 8.488220837110991113e+01 8.118259840863723298e+01 7.806110820079844359e+01
5.001202446392439237e-03 2.000500120244603863e+01 3.728133874598042752e+01 4.187237355798866645e+01 2.772973723841661808e+01 2.772973723841661808e+01 4.774897335300899215e+01 3.283043065749144773e+01 4.470299440496850707e+01 2.470147675215892136e+01 3.685747537845066546e+01 3.872252702869674579e+01 2.504653532412935490e+01 4.289303143383935435e+01 4.371731280493843741e+01 2.923878102491339348e+01 3.231938522767635646e+01 3.563767363138153854e+01 5.524423813891034030e+01 6.496687686356676750e+01 7.022727424818260999e+01 7.723522841440990305e+01 8.551021668448760238e+01 9.548824152579284430e+01 9.385248524633888678e+01 7.362568760226523068e+01 6.426474424753737935e+01 8.448703281463357939e+01 9.676643338578483622e+01 9.445669161897828303e+01 7.439796579028474355e+01 8.548615671998045684e+01 8.015804485876908814e+01 6.238523274182927025e+01 6.495919900107760725e+01 6.129285206859352542e+01 7.538563939866507724e+01
5.279685921607564503e-02 8.997068769215310624e+00 2.313920439293534770e+01 4.313920426686294718e+01 4.774897335300869372e+01 4.774897335300921242e+01 5.601501466658525885e+01 4.697142504765947990e+01 5.073452171855090853e+01 3.073105307274679632e+01 5.073452171855090853e+01 4.963576289567853195e+01 2.963403675820259764e+01 4.377745715175708341e+01 5.797119973753842714e+01 5.147978275606907062e+01 4.113630830276047590e+01 5.524423813827329610e+01 4.064578757778599538e+01 4.537362509073249583e+01 5.054467003236223377e+01 5.741374154366381788e+01 6.726629458950914398e+01 8.720416397840648415e+01 9.164628985608466394e+01 7.141042716844104632e+01 5.720629274112388174e+01 6.825117904392324419e+01 8.844664617508796312e+01 8.138747599640680619e+01 8.548615671998045684e+01 6.555018761692112150e+01 6.029577334945149403e+01 5.552420944441787753e+01 5.099816581848796204e+01 4.731799029326661099e+01 6.224344255940816595e+01
5.738623160518319517e-05 2.000005738623125140e+01 3.728133334755822403e+01 4.514479808514120407e+01 5.342905152622137877e+01 5.464176978271517271e+01 6.292604738792568497e+01 6.697104326091364612e+01 5.780881459351176233e+01 3.780203798686224559e+01 5.780745907583261101e+01 5.478735577014462166e+01 3.479693276016813286e+01 5.480132033185778795e+01 7.205860931409894476e+01 6.896287213290413831e+01 5.240934628382598248e+01 6.565240761474464648e+01 4.604726914649695146e+01 6.496687642935339113e+01 7.022727424818260999e+01 6.657580777792369986e+01 8.551021668448760238e+01 9.548812474161519503e+01 8.623804307863917984e+01 6.604176899945539958e+01 5.189491229589392418e+01 6.576578498402544426e+01 7.410392815557443669e+01 6.124483319670815717e+01 7.548075949363190773e+01 8.548615671998045684e+01 8.015804485876908814e+01 7.534073642361542511e+01 7.079451334391703199e+01 6.224389133218718229e+01 4.239282806153038052e+01
4.532054705376769438e-02 2.004532054705341082e+01 2.942750421801192573e+01 2.514479819065522292e+01 3.831183796177965917e+01 3.464176963413876820e+01 5.204957255845106090e+01 6.033384853943431381e+01 6.610240921340462705e+01 4.935251663939158107e+01 6.609421201611276331e+01 6.305732869720029754e+01 4.634700039736148369e+01 4.479940738671704992e+01 5.635079892427376080e+01 7.634947332661562314e+01 6.630453976276184846e+01 7.262847396956222212e+01 5.289782103092234422e+01 6.201212722179805326e+01 8.184979968055026234e+01 8.647443895008831305e+01 9.475590245288516655e+01 1.017041935338544363e+02 8.150830397680219619e+01 8.030291812738886392e+01 6.576578498489492119e+01 4.577236090233915888e+01 6.011079010801938693e+01 4.713115627856666379e+01 6.469001246230466506e+01 7.299625272144615451e+01 7.253612193260666174e+01 8.086875773046001825e+01 7.306457742133899558e+01 5.320767123753076788e+01 3.904637244313298794e+01
9.001595176218035732e-02 2.009001595176182420e+01 9.427504525721452922e+00 1.359779280686291258e+01 1.831183801477314788e+01 2.497850468143993297e+01 3.204957249330565361e+01 4.359657787709981847e+01 6.359657803123177189e+01 6.936033242081043682e+01 7.765812573876019087e+01 7.463296752182783678e+01 6.635013297085255601e+01 5.635079892427376080e+01 7.308615545033930516e+01 8.463184357147711978e+01 8.618322744972429916e+01 8.089679542529093226e+01 6.268608108585971195e+01 8.089679562593151729e+01 9.012707632483380848e+01 9.854929387610032165e+01 9.581280848729377908e+01 9.581891106619329435e+01 7.558066203238593062e+01 6.132778455172046961e+01 5.379405061074299965e+01 4.677425000980064596e+01 4.016747653668750928e+01 3.720541856310078543e+01 4.470022092017624971e+01 6.145255129292453944e+01 5.246886827062559178e+01 6.927455140911999365e+01 6.741730489901544843e+01 4.753987980616621201e+01 3.571763692049820804e+01
5.674351268809080251e-02 3.770650276229120745e+00 2.377065027600335156e+01 3.359779283005061501e+01 3.245397363854463180e+01 3.831183804284851391e+01 5.204957255845106090e+01 6.033384853943431381e+01 7.188085723381604453e+01 7.471614761111251823e+01 6.643377014863490615e+01 6.748897818638003798e+01 7.577148199714281418e+01 7.634947332663536201e+01 8.463184358603587043e+01 9.644302387498407825e+01 8.817758191119243349e+01 9.085856383214006371e+01 8.257230551428281728e+01 9.086713481709833218e+01 9.248341205619780681e+01 7.796582384117849074e+01 7.524952055439152332e+01 8.976479934380283510e+01 8.984836914415525655e+01 8.150830797220800150e+01 7.082814750390210179e+01 5.077780869401247088e+01 5.422948908236821808e+01 5.315135446795264329e+01 3.320524194601792800e+01 4.941510529953678343e+01 4.097076569393514944e+01 6.095028761874824141e+01 7.568984389912169775e+01 6.327035569670847792e+01 4.327018474694116179e+01
9.518805923843161321e-02 2.009518805923745788e+01 2.377065025281410371e+01 4.377064980991875842e+01 5.245397373426144583e+01 5.831183848461638064e+01 6.414443509517214181e+01 5.585889795005795833e+01 6.414443509517214181e+01 6.317098281130482462e+01 4.643638485524210324e+01 4.749235695565239013e+01 6.422657754314059275e+01 7.577148223159616691e+01 9.120260699331659282e+01 8.490567378348850980e+01 6.815618985020488196e+01 8.490567378348850980e+01 8.895238101982654655e+01 9.725183739166284624e+01 8.399457727890079184e+01 6.373212602104856472e+01 6.108659166407225172e+01 7.117948264475063525e+01 9.155442401748129555e+01 8.509186787887067283e+01 6.491992154973863194e+01 7.082814783981575602e+01 7.430950680854509471e+01 6.146232257261114285e+01 4.941510529953678343e+01 2.941967196426691444e+01 4.614986376435989257e+01 5.445177613292791108e+01 6.542491827177100561e+01 7.152408216258574214e+01 5.997945683809820849e+01
9.062254805971975413e-02 1.423275817180507730e+01 3.423275829723164776e+01 4.594199920367888268e+01 5.400588657717108276e+01 5.458905642508128153e+01 5.414296028985851450e+01 3.585599246835763410e+01 5.414296028985851450e+01 5.422193427173530011e+01 3.487160653486165529e+01 3.592917321516055296e+01 4.749235695565239013e+01 6.748897818647643021e+01 7.148390535156205772e+01 7.148390535156205772e+01 5.660121130920914112e+01 7.478265406233609269e+01 6.891338645767150695e+01 8.895235678346186603e+01 8.592381147657015106e+01 7.117948095703997069e+01 5.143164848029770297e+01 7.117948095704355183e+01 8.592375598278360371e+01 9.341644696067488951e+01 8.509186787887067283e+01 8.465225668051132857e+01 6.449885018599313469e+01 5.035228708465603376e+01 3.886231687552048442e+01 4.614986470504342009e+01 2.613140801567464422e+01 3.710608413677313422e+01 5.126550120427208412e+01 6.569423223387252619e+01 5.738186797964758057e+01
3.063233560239582431e-02 2.003063233557752554e+01 2.985657006425545745e+01 2.604368576856070305e+01 4.264670306244541820e+01 3.459429865694127670e+01 4.480216571456545438e+01 2.585229302095604709e+01 4.585742672862995306e+01 4.547052391659678960e+01 2.591103793847965875e+01 4.593654837553265935e+01 5.858652466654650226e+01 6.687361158654569238e+01 6.975314296626122257e+01 5.157495746611462550e+01 4.843507028671189829e+01 5.475990150890709884e+01 6.891338620111410762e+01 8.895223617841443797e+01 7.745357492170299452e+01 5.744505784985809527e+01 4.636973744083593374e+01 5.744505784978703389e+01 7.745357146886381372e+01 8.352108722997103030e+01 7.509640330987205914e+01 8.352108722953441600e+01 7.301668201581372841e+01 5.294822978187304585e+01 5.882614335327078692e+01 4.928777272433021750e+01 2.929245773208445058e+01 2.308172820088521604e+01 4.004891864870764095e+01 4.831844838974587475e+01 3.691682053944280995e+01
5.666595628964066211e-02 1.652839725224886758e+00 2.159545762236960442e+01 1.449850747883386859e+01 2.722105143556128581e+01 2.045224398186669745e+01 2.480823383055763287e+01 1.877980955177918432e+01 3.878163042038634245e+01 3.402075791803022042e+01 2.105868022203614842e+01 4.106066926452058397e+01 3.858269024164742689e+01 5.858652466654650226e+01 5.603181746444919753e+01 4.157629641199054049e+01 5.571944140538254686e+01 7.478265406233609269e+01 8.308036013527932084e+01 7.705184665094391505e+01 6.865409552548560157e+01 6.163943774162500944e+01 4.221100911126542599e+01 5.580585422196651280e+01 7.572295408165631159e+01 7.350858481626352159e+01 5.520145381912319493e+01 7.350858481645305176e+01 8.134820244370304465e+01 7.301668201581372841e+01 5.997054683343640136e+01 3.998490649997600599e+01 4.928777269772386660e+01 4.003849073663314329e+01 2.058537598951286540e+01 3.734351178099669255e+01 2.834312749496634964e+01
2.110006612196471329e-02 2.002109991943798661e+01 3.932051254417650465e+00 5.554265465725282347e+00 7.220932132391955527e+00 8.905235974525007592e+00 1.066613778717624150e+01 1.245499216917608898e+01 3.245544989937999247e+01 1.806054651769099095e+01 3.806205068437292027e+01 2.443938401598131804e+01 4.444167769499528475e+01 5.125039153559285410e+01 3.602972215617550944e+01 5.603181746444919753e+01 6.986654896142506743e+01 8.401365660648095002e+01 7.771888929900670462e+01 6.776884068029247032e+01 4.894934281503874018e+01 5.256485644019320347e+01 3.833932360598271316e+01 5.196065135514596989e+01 7.173953417285925127e+01 6.514892856449752401e+01 4.559672955775448600e+01 5.823618231211400342e+01 7.815868942726010005e+01 7.416853923030477347e+01 5.408954582418057555e+01 5.997054683343640136e+01 5.534432229458760588e+01 4.635371218222821454e+01 3.661697770451463185e+01 1.838568322030033286e+01 1.716244558245088569e+01
9.367352646185668485e-02 2.009367352646150096e+01 2.394702093145533084e+01 1.969641793452403533e+01 2.722105100849813297e+01 1.597630798821954734e+01 3.066629080083254522e+01 3.190454011786679800e+01 1.512760457381768475e+01 3.512903464685664545e+01 4.634849120331253403e+01 4.444167404799864585e+01 2.800319075286662240e+01 3.124815318816110121e+01 5.125039153559285410e+01 4.757630223703801420e+01 5.912554975823304915e+01 7.914271632927922440e+01 6.928857675899952540e+01 4.958979550541765491e+01 3.999757171490209373e+01 3.306778128881874323e+01 4.825873744870084892e+01 4.825879514215434085e+01 6.798783848870270674e+01 5.823618209785030331e+01 3.878559101945518961e+01 5.823618231211028018e+01 6.998018423994273007e+01 8.249757568661340201e+01 7.416853923030853935e+01 5.564035501285582797e+01 3.466944590545659821e+01 3.789725269873064661e+01 3.567489537774749664e+01 1.668967533924053726e+01 3.612545615104376395e+01
3.648181865326004941e-02 1.158348720244567431e+01 3.158348720244524444e+01 3.969675891770618392e+01 2.862563653284754039e+01 3.597590230048645310e+01 4.425164931041199878e+01 2.777150117150632624e+01 2.927014003036408596e+01 2.407188086531972360e+01 4.407445996553724399e+01 5.629215246407201789e+01 4.800559335444785347e+01 3.403420053298287229e+01 5.400160704940228840e+01 6.758403774221093840e+01 7.588043299220080939e+01 8.745293822930844385e+01 7.771115846772779889e+01 6.776726868480881194e+01 5.943868488441893305e+01 4.825880755137563227e+01 2.860693883429729567e+01 4.825880755137563227e+01 6.373749461737018152e+01 5.284155890030888258e+01 3.332117982700759029e+01 4.205918851785440893e+01 5.583735039064037409e+01 7.573212145990257227e+01 6.882905774845823998e+01 5.687316774713857370e+01 3.808887129111869285e+01 1.942035091861420071e+01 1.621365792882658852e+01 3.579429412656054410e+01 4.352097673886748908e+01
