MOVIE_S9_data/elevation_000185.asc
nrows	100
cellsize	150.0
xllcorner	0
ncols	100
yllcorner	0
NODATA_value	-9999
[rows 68 to 84 of 100, columns 37 to 73 of 100]
2.037375366247846031e+01 2.075500618723337709e+01 4.778253396816747056e+01 5.969060460710950622e+01 6.796188499940953420e+01 7.745119808558668240e+01 7.607010321635233652e+01 6.771938386339384408e+01 7.146463541854973300e+01 5.709587015524939346e+01 5.660321336436367545e+01 7.913150265904582170e+01 7.652788579039184924e+01 9.027545236951043250e+01 9.892348885853087381e+01 1.102483587528361966e+02 1.037180989962956659e+02 9.376161665239268928e+01 7.569962495528928059e+01 5.560081569317336658e+01 6.151954405496008604e+01 6.790017692347495881e+01 7.545274193634212168e+01 9.534723022555077421e+01 1.076226191083762274e+02 9.606613210606657560e+01 8.777179872137874383e+01 7.381721009826878799e+01 8.272894951710154032e+01 9.427090208248226588e+01 1.143191770088640453e+02 1.292564599173078079e+02 1.091004335688056273e+02 9.764941364535373225e+01 8.885160868994482541e+01 8.378733752459605455e+01 7.951210830054053247e+01
1.979099167375865775e+01 3.882043416361630506e+01 5.569018050886538163e+01 6.139801725790479026e+01 6.511765876572110301e+01 6.905676413920097900e+01 7.072527257555483970e+01 7.911121529284693565e+01 7.823764004470304201e+01 7.666926659958575385e+01 7.533005121273757254e+01 8.886334713918731154e+01 9.587246193256500248e+01 1.037218782571439846e+02 9.758505548245116756e+01 9.022591823489847229e+01 1.043802997086104085e+02 9.040188950273872592e+01 7.299896799975086026e+01 5.283137892496100108e+01 7.299896799975083184e+01 8.782782044353160700e+01 9.534723022555077421e+01 1.036217816051638749e+02 9.932265479098828109e+01 7.931791851551068362e+01 6.779967468172981171e+01 8.777290943890149322e+01 1.020745552859045802e+02 1.110190035416571703e+02 1.096605035086313364e+02 1.179575652578387803e+02 1.259801483797106130e+02 1.086885354976905944e+02 1.028172517173290714e+02 9.771776872701336458e+01 9.925043201922635205e+01
3.106948492412236362e+01 4.010610744564461072e+01 4.434874816072390047e+01 4.143906658283081867e+01 4.509722151967543624e+01 4.898335273498249620e+01 5.062247616949235152e+01 6.397781261364460903e+01 5.807119869460036199e+01 7.231053688200297813e+01 9.254693288567787590e+01 1.073671208893243545e+02 9.672577402263023316e+01 8.847781968275063491e+01 7.760006255025251676e+01 7.610978244241321988e+01 9.609035528669812720e+01 8.213374193845338311e+01 6.210661625892602444e+01 5.036536121448151704e+01 7.057107553626822494e+01 8.948333569373491514e+01 8.198057141687189642e+01 8.907415448703915217e+01 8.853991640686207631e+01 8.025026357052907144e+01 6.406511628465959518e+01 8.406392323027316138e+01 9.409015129422391510e+01 9.894105410967509329e+01 8.960713860529419605e+01 1.037820572889882129e+02 1.238523280977749863e+02 1.287819498087025352e+02 1.228630684287806787e+02 1.176921310729059087e+02 1.069819639914661025e+02
2.116295606357747161e+01 2.306491105214752935e+01 2.517066487762493665e+01 2.768472668435617479e+01 3.116793239863073595e+01 3.497235040856249100e+01 3.915557551802057645e+01 4.394407549207192432e+01 5.546022777572032680e+01 6.968868701686240286e+01 8.991572705649326736e+01 1.002281778308987583e+02 8.141744352063780354e+01 6.897928908528083980e+01 6.350175014913654792e+01 8.345353145812831031e+01 8.064267498140924317e+01 8.282341673290831352e+01 6.822220891404315068e+01 4.799507387721319418e+01 6.791229954059113538e+01 7.989132742027601353e+01 6.178797101004916925e+01 7.383836727596188609e+01 7.658893872007301695e+01 6.019640804261108258e+01 8.025027753085242921e+01 6.985513568299111853e+01 7.410929161324472147e+01 7.893874006721566161e+01 9.894152909145347508e+01 1.096605035086312085e+02 1.297145682137002041e+02 1.314070160266439871e+02 1.213432171952073446e+02 1.129534167812610406e+02 9.878799720660224182e+01
2.295048308212522059e+01 4.029429815966798145e+01 4.439496158489497901e+01 4.728490338067992127e+01 3.520581288330734537e+01 5.486137466952926189e+01 5.911891765905046725e+01 5.807119869460036199e+01 5.546022777572032680e+01 6.706795351114524806e+01 8.728586860033539097e+01 1.009212730964880933e+02 8.092550924694853620e+01 6.682374249345490114e+01 5.683859273681416369e+01 7.058045348290950471e+01 6.056002190862047740e+01 6.271257006964723502e+01 6.271327445910161913e+01 4.568406963996699943e+01 6.591794122929367461e+01 6.865343315753503362e+01 5.163295714112889101e+01 5.401923687319375489e+01 5.645925528054403486e+01 7.658893877577331466e+01 8.853991609375947291e+01 8.983022536991434492e+01 8.562317046311368074e+01 9.894152909145357455e+01 9.046528990468142695e+01 1.020359823020154124e+02 1.221100631037577102e+02 1.229670453657327727e+02 1.029422944338196402e+02 9.321901885982958902e+01 8.618981160422488585e+01
2.430911647605615755e+01 4.407236186020139712e+01 5.962930265178630407e+01 6.341270846757957003e+01 4.920223551118832717e+01 4.449642297834797233e+01 6.450973561085875474e+01 7.823764004470304201e+01 7.561304988113842285e+01 8.400693523209139357e+01 9.569310397201039109e+01 9.529908348259864681e+01 9.506800105468542483e+01 8.508214767556931690e+01 7.058045348290950471e+01 5.048180669641956086e+01 4.627305374786055125e+01 6.090529527157043077e+01 4.247763038448276518e+01 4.402040581071314307e+01 4.619762327996841833e+01 4.839996486251436636e+01 6.853656452412968747e+01 7.417638886017657285e+01 7.658893877048188870e+01 6.728328599321014281e+01 7.889570571235972807e+01 9.914022963562916857e+01 1.056562622157915143e+02 1.139545285296313608e+02 1.105202871491374736e+02 1.188164057757093559e+02 1.303931855066482797e+02 1.314070160266439871e+02 1.166553123469488753e+02 9.642200851258918703e+01 1.054938185940629722e+02
4.407236244547675597e+01 3.097284376872816125e+01 4.528640805851473061e+01 6.560208684653360933e+01 6.925436943389696864e+01 5.861386057686917184e+01 5.711378518949068450e+01 7.132270320148815301e+01 9.151327747280399194e+01 9.357427377145474168e+01 8.528057664929889370e+01 7.526206981599914059e+01 8.942581024636632492e+01 8.013443576745686414e+01 7.182760969601450540e+01 6.753865845540723001e+01 5.921046148664319730e+01 4.070183190362084247e+01 6.091054129476315637e+01 6.427250539445394395e+01 4.720085166670961740e+01 6.745649390878274687e+01 6.815996516375896874e+01 8.625535577719648472e+01 9.497880329259611187e+01 8.745204829891380882e+01 9.583634765792352539e+01 1.075236617834003852e+02 1.180309060279726623e+02 1.146991606875729559e+02 1.205856604131100340e+02 1.208102436375686040e+02 1.291007276384895022e+02 1.333131271139184832e+02 1.129115539094809435e+02 1.166553123469488753e+02 1.246286721593521349e+02
5.963019533466728461e+01 5.123673261111775901e+01 3.999138513256504268e+01 5.176440238078163958e+01 7.204125771367662878e+01 7.874363707997355277e+01 7.723638548950599159e+01 8.561878276752895545e+01 9.068281629949215983e+01 8.528057664929889370e+01 6.520132434484914086e+01 6.103402712311515899e+01 7.630086203127515887e+01 7.182760969665997663e+01 5.166092836104226649e+01 5.756761256995015685e+01 3.903622284754863614e+01 5.921046148958536293e+01 6.923575072019345100e+01 7.576821554067068121e+01 6.745649390878274687e+01 5.048703715122766766e+01 7.071825775234705702e+01 8.235948928193711538e+01 9.501344009553595527e+01 9.433417585008882611e+01 1.026390087195197651e+02 1.029297345238976931e+02 9.648629720173325097e+01 9.443774016811258321e+01 1.004793285774533018e+02 1.006948018368420037e+02 1.149288326865009680e+02 1.350092257215292193e+02 1.333131271139184832e+02 1.318894056470778935e+02 1.176271940154089322e+02
5.890396094060930920e+01 6.871265988972137961e+01 5.019325481085552099e+01 6.871265988972137961e+01 8.040522797674844924e+01 8.395973687405826524e+01 9.253854828344719863e+01 8.477692441348752084e+01 7.056340301888339184e+01 7.795818206889936164e+01 7.108240118366694560e+01 5.091097037818110493e+01 5.616331092391057211e+01 6.432530969480188787e+01 5.599450425304434020e+01 3.743429168173399546e+01 5.756760999452338723e+01 4.637599701360174009e+01 5.180236061895783450e+01 7.198754753971977038e+01 7.902319042730456999e+01 7.071825775234705702e+01 5.387892326218138095e+01 7.405995704432966420e+01 7.432034391599738399e+01 7.432510784409159044e+01 8.569821191503261559e+01 8.361216033452421925e+01 7.327998901313020497e+01 8.009187150584182291e+01 8.795714815743633608e+01 1.080881211913974056e+02 1.197455700427217096e+02 1.297924622757731470e+02 1.405114135980063281e+02 1.238725198165411285e+02 1.043827991820458010e+02
6.726916061036385486e+01 7.884125880409963827e+01 7.047556484661291165e+01 7.884125886560048002e+01 8.023968866086735829e+01 6.241261779000780763e+01 8.023968866086735829e+01 7.645624273527900527e+01 5.646303852638364162e+01 5.795165361378191449e+01 7.211456970334026551e+01 6.206146308676697032e+01 4.188729650128198045e+01 5.443634484488375591e+01 3.590086165976860855e+01 5.599450425297164458e+01 4.391344371041115124e+01 6.412515888812934861e+01 7.198754753971056175e+01 6.046382159119737310e+01 8.055446390150888192e+01 8.235216472778539298e+01 7.405121667815498654e+01 5.739541081889770169e+01 6.001429890530360467e+01 6.275795024738006589e+01 6.570522501329294585e+01 6.891823583639310868e+01 7.276957870517642846e+01 7.773856587168573640e+01 8.319274935908748603e+01 9.133947251078933505e+01 1.013755597644084503e+02 1.215019811909218959e+02 1.325628272568122270e+02 1.130703545866635977e+02 1.018535730267470427e+02
8.193893236822933090e+01 7.067196350898608159e+01 6.267312921349737564e+01 7.067196375947557385e+01 7.151950186983722801e+01 4.998518721008414190e+01 7.151950187062078612e+01 7.795818206889936164e+01 5.795165361378191449e+01 4.403228161519429307e+01 5.537757286564182380e+01 5.187494907995676385e+01 5.292526042346371895e+01 3.437241173074717437e+01 5.443634484488352143e+01 6.432530964824738362e+01 4.932092101709141474e+01 6.043352510667009625e+01 8.055104553385466204e+01 8.055446390150888192e+01 7.054142636270439937e+01 9.056739327838866416e+01 8.578794128621248660e+01 6.644349209007718571e+01 7.162360185129462309e+01 7.278043086421230612e+01 7.386449343689223213e+01 8.302839507439320244e+01 9.234678368616000910e+01 8.867048498921440114e+01 1.032332664431643678e+02 9.584322475314660039e+01 1.100630079526642362e+02 1.297924622757731470e+02 1.369681668203694755e+02 1.177121323898645215e+02 1.156066642809556129e+02
6.211819436324444155e+01 6.076351695414103915e+01 4.264664614621651140e+01 6.076351713522424092e+01 6.390597190805122096e+01 4.265395483099824503e+01 6.390597190805122096e+01 7.781404249453767363e+01 6.643466535957651331e+01 5.526125120586550565e+01 3.564743297126507571e+01 3.180606353847636925e+01 3.287002310775991276e+01 5.292326707481534243e+01 5.073894946085394508e+01 7.088734417068816640e+01 5.496525068153146520e+01 7.511283316297698320e+01 8.884766707656829965e+01 9.886941456389433824e+01 8.055753502985375292e+01 9.886941456389433824e+01 8.646531122355204957e+01 8.059837523109173674e+01 8.576375171256535168e+01 8.431005680459566065e+01 8.383787935305056749e+01 1.021688607081154174e+02 1.113724459109853768e+02 1.087044370296266038e+02 1.170070799900691867e+02 1.159497488178615754e+02 1.242487917739795051e+02 1.384345755952946888e+02 1.327945931005193074e+02 1.369681668197938507e+02 1.350751199056603866e+02
5.062544822429549640e+01 5.259556514079793743e+01 3.257938732997413922e+01 4.365527127598588919e+01 5.301468478066789203e+01 3.652094470084539779e+01 5.749824766418021937e+01 6.940485764882056685e+01 4.994037492318894067e+01 3.907322933267980858e+01 3.028332672971542650e+01 5.039417640852981606e+01 5.292311727248878839e+01 4.284706918269706932e+01 6.300347741854692885e+01 7.919518021127088048e+01 6.924304148674504233e+01 6.451323579536816055e+01 7.870265286949870642e+01 9.872006009813509309e+01 9.470556972293626075e+01 1.088845140372086746e+02 1.065044208806622663e+02 1.006293476661245876e+02 1.058133861212452871e+02 9.847534716120003395e+01 9.800148990307468466e+01 1.121944073142508529e+02 1.195020973599588103e+02 1.182396602914474784e+02 1.099609210379200732e+02 1.090846132510747708e+02 1.105458562765512767e+02 1.188435054783957412e+02 1.119602511435916909e+02 1.263883245562384730e+02 1.377100755027022956e+02
3.058979245370831634e+01 4.101715329902961571e+01 3.358123333237218588e+01 2.247692646013034334e+01 4.360212264880730970e+01 3.086528722905444511e+01 5.170108270892616531e+01 6.144645073180041805e+01 5.552134857910032650e+01 4.793530603064946405e+01 2.921658201318826897e+01 4.086161240754611867e+01 6.099858345493706224e+01 5.710814119290764523e+01 5.710814233510218685e+01 7.723607533173382933e+01 8.928376383604091870e+01 7.870265286949870642e+01 7.870265286949870642e+01 9.872006009813509309e+01 1.147587519994661136e+02 1.123977264206368147e+02 1.040660778500015766e+02 1.022229950310370441e+02 1.105536365098325575e+02 1.185609871026590412e+02 1.180947197890826033e+02 1.137229986730244917e+02 9.964872616746205836e+01 1.067910235492186217e+02 9.019634202250696831e+01 8.930983248458430523e+01 9.077749162150877282e+01 1.036600123661763746e+02 9.786003298022612285e+01 1.093553717888275116e+02 1.246982912613732850e+02
3.613493186001881696e+01 2.103738360954261921e+01 2.162893264893185830e+01 3.983448546899192166e+01 2.334284177018082573e+01 4.223232631511631041e+01 4.523311562005660136e+01 4.049393700984811773e+01 4.418334421767962539e+01 2.770582411424796732e+01 3.756625360095411992e+01 5.569300664143867152e+01 6.932352397202267014e+01 7.723595041571925890e+01 7.723607533172850026e+01 8.553745446711920408e+01 9.287121065624347693e+01 9.872006009813509309e+01 9.872006009813509309e+01 1.070105528374585617e+02 1.049701918382345980e+02 9.664664091162035220e+01 8.402007564392650352e+01 8.218636909739568353e+01 9.773086110220516787e+01 1.060580436386938032e+02 1.176557556827487900e+02 1.054636439603306712e+02 8.571188971403640267e+01 9.297153771989221127e+01 7.880764692934815230e+01 7.534295601471973214e+01 7.939882209332165530e+01 8.394233989651011996e+01 8.962606801636674447e+01 9.654621303876693617e+01 1.063532017922343442e+02
2.021028142435696040e+01 4.019646308553521408e+01 4.206626161536749464e+01 4.804101860910232347e+01 4.020830588012622542e+01 2.423150076437383760e+01 2.486909704310736302e+01 2.553059665210564333e+01 2.619966616268228066e+01 4.645329949945630688e+01 5.480295470998333229e+01 6.397456221494680761e+01 7.450866345317673733e+01 7.159305855260748785e+01 7.987958570985986739e+01 8.697501534782863075e+01 7.280001659803211567e+01 8.133846065736311459e+01 8.963115251926484461e+01 1.037979048603919239e+02 9.664664091162035220e+01 7.662687241547807560e+01 7.248854062027820078e+01 7.065643338542625429e+01 7.771686141821390947e+01 8.924727899108319207e+01 1.093196497810890122e+02 1.052920413559056527e+02 8.549881334957625256e+01 7.320056741990426019e+01 6.992489376218190955e+01 8.972086065536126398e+01 9.913258562152954312e+01 1.036600123661763746e+02 1.093553717879963330e+02 1.163609333312112710e+02 1.246982912613732850e+02
3.380761011081818168e+01 2.927565246175898395e+01 4.953444470270189726e+01 5.629370272592935009e+01 3.962646780132502755e+01 4.109974617843392508e+01 2.783815042683881913e+01 4.584921280708826430e+01 4.650171522568545868e+01 2.743765306076707944e+01 4.768264974104533849e+01 4.763657388018899042e+01 5.777371824556549029e+01 5.204956006802348867e+01 7.159305855260748785e+01 7.683347433228392731e+01 5.829040565274772945e+01 6.101467413901031733e+01 7.546440017814076384e+01 9.456944290500314310e+01 9.818750036335950426e+01 8.249052685021329978e+01 6.246769331064344044e+01 8.249052685021329978e+01 9.773086110220516787e+01 1.060580436386938032e+02 1.004689726674961179e+02 8.999600209710985155e+01 8.178271364570755964e+01 6.566583100084905311e+01 8.549881334957625256e+01 7.880764692934815230e+01 9.854983602293424383e+01 1.173863105502478845e+02 1.288900958940231476e+02 1.321213869313046985e+02 1.238184989362718937e+02
