MOVIE_S9_data/elevation_000500.asc
nrows	100
cellsize	150.0
xllcorner	0
ncols	100
yllcorner	0
NODATA_value	-9999
[rows 34 to 50 of 100, columns 37 to 73 of 100]
8.582818476269559937e+01 1.021781681119651495e+02 9.942736115283635456e+01 8.221242374346685722e+01 6.208708592087911171e+01 8.221242374346685722e+01 7.841367549121035552e+01 5.805636498584657801e+01 4.394575063428418105e+01 5.972992444745957386e+01 5.396411683759963296e+01 7.392305537087854361e+01 6.485448448827149548e+01 4.497037131795432430e+01 5.078474738288765877e+01 3.204040206112328804e+01 5.128172972779969996e+01 6.061181929995739637e+01 6.488027982825761342e+01 4.514095447425594898e+01 5.620674567563893476e+01 6.368690986229702844e+01 4.413661708353022561e+01 5.878501734306180282e+01 6.756029003972173541e+01 6.994775795246387418e+01 5.606069438104721314e+01 4.355784838506786372e+01 5.058155912184864178e+01 6.479407099031335804e+01 8.479960202287017523e+01 8.416430984952748418e+01 8.545683019226501642e+01 6.606689415624742878e+01 7.524959422240816309e+01 6.216896297942308536e+01 8.186339722988542178e+01
9.250433750132448552e+01 1.052712915765509649e+02 8.534045654044219020e+01 7.113028420044263100e+01 7.635315443285762171e+01 9.047903972337503831e+01 7.848546006669292296e+01 5.851405967314268963e+01 4.696876848424765427e+01 6.693560370602826026e+01 7.390725778376877031e+01 8.211579577459082202e+01 7.314871100540358384e+01 6.485474417627811761e+01 5.990105716915871881e+01 5.165432153102506163e+01 3.287572557224974901e+01 5.252276511248984292e+01 6.085649483583630825e+01 4.760352957389549999e+01 3.763996247167332143e+01 5.582242347668420024e+01 4.030487667538464081e+01 3.880660454638079671e+01 5.870358350361838973e+01 5.992470455043445554e+01 4.199342774986818938e+01 6.192821318989987844e+01 7.065355530538715811e+01 6.479407099026877859e+01 8.479960180745827358e+01 9.895734411493623384e+01 7.986551575144956416e+01 8.545738378143478542e+01 7.047949550268050700e+01 8.203232261441434048e+01 9.028845499305830913e+01
1.007507662543045797e+02 1.052712915765509649e+02 8.534045654044219020e+01 8.534045654044219020e+01 9.635795117873632876e+01 9.585037813475376822e+01 8.663348614794304581e+01 7.024687790307771706e+01 5.022296568757330704e+01 6.181480606795860666e+01 8.176530223650203766e+01 8.475259158119951053e+01 7.473214653425715426e+01 6.645008117640912815e+01 5.590410918089938974e+01 3.618765471612616835e+01 5.252276510051536462e+01 3.376180082827990958e+01 5.342411797892633984e+01 3.557257477630392373e+01 3.623932956736186384e+01 3.696175488581761925e+01 3.773322425427686966e+01 5.731005887271678745e+01 3.979473830261301259e+01 4.045957495386679170e+01 6.031402839464009702e+01 6.152257198584576514e+01 8.151435642805586212e+01 8.479960180745827358e+01 9.301286035008658359e+01 1.067440392556107298e+02 9.895734034009565505e+01 9.623968055353596185e+01 7.673538569341225468e+01 9.623968055353596185e+01 1.051960729838686746e+02
1.107123764744236070e+02 1.135142657652302773e+02 1.052712915765509649e+02 1.052712915765509649e+02 9.909370648939994908e+01 7.943657193215729251e+01 6.787338252005739037e+01 6.025977459455207708e+01 5.430107518719162130e+01 7.433661542924730270e+01 8.989812408725146042e+01 7.648494299283832731e+01 5.641544804790889600e+01 4.645605977809344722e+01 3.955922211282629064e+01 5.590410917900550203e+01 5.810464442356887105e+01 3.961174670515588758e+01 3.466211966838504566e+01 3.881929911347272366e+01 5.798841033967337921e+01 5.720180476065315389e+01 4.466231809801914920e+01 5.623512352867853537e+01 5.963818115416949439e+01 6.031814528847129964e+01 4.160699397811857381e+01 6.150386257895472397e+01 6.279471756392747750e+01 8.307242875914873537e+01 8.598034460706303150e+01 9.441326586504516172e+01 1.060784996276502028e+02 1.035338146972320885e+02 8.422214399130358231e+01 1.035338146972320885e+02 1.147247170109275771e+02
9.897589646380440342e+01 1.073720097524221018e+02 1.102815624219336428e+02 1.018874140062986555e+02 1.071750199393994194e+02 9.585037813475381085e+01 8.774462775332328590e+01 7.860464422378103677e+01 5.858581470251952084e+01 7.280815190675859583e+01 9.259861458972798687e+01 8.475210206430145377e+01 7.472243121062535920e+01 6.204167607778116178e+01 4.213106197316734125e+01 6.204177685209994308e+01 5.811446843936818141e+01 5.811446263016502201e+01 4.256013218490451777e+01 5.816730510906861440e+01 4.492164978331506120e+01 6.479112804458708297e+01 6.851802106316506524e+01 5.751839229361230110e+01 7.304021478533903178e+01 5.305107904562584054e+01 6.145677869168831364e+01 4.277216500339365268e+01 6.277347890684696807e+01 7.430157374158441996e+01 6.574200978355374048e+01 7.737547567326561193e+01 9.770416619977095252e+01 1.115560629792161507e+02 9.790914429213587766e+01 1.115560629792161507e+02 1.116516239496306326e+02
7.874134837934280995e+01 9.724954234904205919e+01 9.858391379423258627e+01 8.162741293952318244e+01 9.858391379423258627e+01 1.005492055113401335e+02 8.092082378249170915e+01 6.936331450155046241e+01 6.531473032705839898e+01 7.860464422378083782e+01 9.831926700388613938e+01 9.131672731300686507e+01 7.897355614312951388e+01 5.891129239619319691e+01 4.479795125384544008e+01 6.478756607869316042e+01 7.822076862324126978e+01 7.070665792587836052e+01 5.242673719148834977e+01 6.986065683531727188e+01 4.957773252821397847e+01 6.986316090852189120e+01 8.622212320933455487e+01 7.211055343960715902e+01 8.112398273360084033e+01 6.463781964175979056e+01 6.360691456588692461e+01 4.360708478968030732e+01 5.874664191313872408e+01 5.419755510632033690e+01 7.430759675609004944e+01 8.375957537753309623e+01 9.272208892840372130e+01 1.037930098632041904e+02 1.170225431259456883e+02 1.131127863769090567e+02 1.034477336275524095e+02
6.867865450342867462e+01 8.885862242157362800e+01 9.019030815170467008e+01 6.993502936084298938e+01 9.019030815170467008e+01 1.086239499489978471e+02 9.731419605101700654e+01 8.347739050119200499e+01 7.245276440649128347e+01 9.224842359850912032e+01 9.761243313031084767e+01 8.306695599083528236e+01 6.299835467532586364e+01 5.140199738088028170e+01 4.833280736770639407e+01 6.838993200676461015e+01 8.203411722003065165e+01 8.070023534238498542e+01 6.659345808874675754e+01 7.636468944318063734e+01 5.581382167542038530e+01 6.612000855015361367e+01 8.642025893013313009e+01 9.245978431154637178e+01 9.234433319654037575e+01 8.447278335785684078e+01 7.142445000464162774e+01 5.742072093301463553e+01 4.481167065069806199e+01 5.056698041465416793e+01 5.661462418090194859e+01 6.333368999885362172e+01 7.345469439023462144e+01 9.441793892477194561e+01 1.119373451998385178e+02 9.358145514278878352e+01 9.357380097883230974e+01
6.196529492863157884e+01 8.213196644885864828e+01 8.302898859383175534e+01 6.260321083407051646e+01 8.302898859383175534e+01 9.963652252636008200e+01 1.111510016008421076e+02 1.003292343012754628e+02 8.245917294526201147e+01 1.003292343012754628e+02 8.937643249925172029e+01 6.934744570160945898e+01 5.926774742362484005e+01 7.148034448769557514e+01 6.838993200676461015e+01 5.365984627731492651e+01 7.376148901300528848e+01 8.794869435628446297e+01 8.659650513986767351e+01 8.361464372516164190e+01 6.312062403725804671e+01 8.361371334125111332e+01 9.462017096423862483e+01 9.505394013536712805e+01 8.685632133979801495e+01 8.927153661584712552e+01 8.101932553636639511e+01 6.563246982674915841e+01 4.568975049774705610e+01 6.578457078703070238e+01 7.689752743272198643e+01 8.376326198449342542e+01 9.262585313767435480e+01 1.030823013209428893e+02 1.039389179805502152e+02 8.510594545200895311e+01 7.388416511657592878e+01
5.620936032643516000e+01 6.941576731256121491e+01 7.687038674417735251e+01 5.604569412226504710e+01 7.089347100237003474e+01 8.910075312430146255e+01 1.008365005426089311e+02 1.101026953872501934e+02 1.020376742517555613e+02 1.101026953872501934e+02 9.761243313058017179e+01 8.645356773269473649e+01 6.639547405875225650e+01 8.645356773269473649e+01 8.203411734785808562e+01 7.376262583690584052e+01 5.958327933547877819e+01 7.383658411812950817e+01 9.383011331547868394e+01 8.361467418336353319e+01 7.771611745133434113e+01 9.193634007255563745e+01 9.762341786040354918e+01 8.357212811434487776e+01 6.693028277385732849e+01 6.810176422226844295e+01 7.122842195877444738e+01 6.662962829945719534e+01 4.657671886280240159e+01 6.663861411317276406e+01 8.533192351454403024e+01 9.356616535103482590e+01 1.005768783202515664e+02 1.007918341197080281e+02 1.090504935688085908e+02 1.016936804940757071e+02 8.490312620810632893e+01
6.941576731242369647e+01 4.972263033767847418e+01 6.489469770087879397e+01 5.020381589681872470e+01 5.989898869180070307e+01 7.208990761756902543e+01 9.244117396852841750e+01 1.081587914919176256e+02 1.056612402862451461e+02 9.740274202277446136e+01 1.056612402856908375e+02 9.469503880903370430e+01 7.802358677274376930e+01 9.469503880903370430e+01 9.600396139138598528e+01 7.602664791302376557e+01 6.518063325869211155e+01 7.602664791302376557e+01 9.600396139138598528e+01 1.037086221083516193e+02 9.785505114097678359e+01 1.007320130084233369e+02 8.668868650481800842e+01 6.952087642468720219e+01 5.546898815144498229e+01 5.335565086150391778e+01 5.133740818993904753e+01 4.934742096447600090e+01 4.758250116912471839e+01 6.764982500594415171e+01 6.473760705932636483e+01 8.407685387794559517e+01 8.278764374784138624e+01 7.676079950111770245e+01 9.340337069217147814e+01 9.711776777381403747e+01 7.727061279546420280e+01
6.574107188661311341e+01 4.972194813174900219e+01 4.448913849874824677e+01 4.476134900329344646e+01 5.788505680656054153e+01 6.767877714156323066e+01 7.949349890990565370e+01 9.976436913728531408e+01 9.579644258080162444e+01 7.775937888010237486e+01 9.579644257559526466e+01 9.795452885180552016e+01 9.796927169719231188e+01 1.061993620174000483e+02 1.042355236123029556e+02 9.104222908531050962e+01 7.101951431901636624e+01 9.104222908531050962e+01 1.042355236123029556e+02 1.019091705286170111e+02 9.373825642213475362e+01 8.708161094282331760e+01 7.264587606222970351e+01 5.858334577078437633e+01 7.535201333105223398e+01 6.145431784294289201e+01 7.123311333770496390e+01 6.355859047327616196e+01 6.715956688606071623e+01 4.901503339812442306e+01 6.908619026598536550e+01 6.768337101635998465e+01 7.396890780917013331e+01 6.305405447228085336e+01 7.624757984585808401e+01 7.750583388925822703e+01 7.877515514361472526e+01
5.725431336836960128e+01 4.153942137176311888e+01 5.500184598197633079e+01 7.142815583452303940e+01 7.887675732821001873e+01 8.735600365279934465e+01 9.645623479966465652e+01 9.453802951499514506e+01 8.649141736272716230e+01 6.798690633141841033e+01 8.403274043583236619e+01 7.826612471228273193e+01 9.212752371088052428e+01 1.120221209039881529e+02 1.109049354987476619e+02 9.104222908531050962e+01 7.864716236762848212e+01 9.857378420809747865e+01 1.076882858072290787e+02 8.795996505535154597e+01 7.376872285239377902e+01 6.707199655202710176e+01 6.179677571077191089e+01 7.847818583762399669e+01 8.669574543286280743e+01 7.555604235137269598e+01 7.773365421947622167e+01 8.418098291011669687e+01 7.711697415015585477e+01 6.055632472580175119e+01 5.046719472461300171e+01 7.053943431642493067e+01 5.367889853374876452e+01 5.490080690934058083e+01 5.614331143142183578e+01 5.739317537066414587e+01 5.865401300688577635e+01
3.870824116047048591e+01 4.949322916009308670e+01 6.867917476697768109e+01 8.328404635541700429e+01 7.912716009221371394e+01 8.452919117250446845e+01 9.196157732031032594e+01 8.306831695139705118e+01 6.710003395146583216e+01 6.052183201585781802e+01 6.441166369911640288e+01 8.403274043583236619e+01 9.580516281737590134e+01 1.017499388985142161e+02 1.087794689550961635e+02 1.067926265400481185e+02 9.019461538334303441e+01 1.067926265400481185e+02 1.076882858072290787e+02 8.795996505535154597e+01 8.708174523215330964e+01 8.708174523205698847e+01 8.173390593461270726e+01 6.541367822781364794e+01 8.541677446796356321e+01 9.543512745617168491e+01 9.181010936803936318e+01 9.859100956191818454e+01 7.993619547659520208e+01 7.390521666309267346e+01 5.500466828135785136e+01 5.195607632363273609e+01 7.148079031041142173e+01 7.494426087889414134e+01 7.509700636360911119e+01 7.096236155332518081e+01 7.843848229015964080e+01
4.059846779747154955e+01 6.255133594946362763e+01 7.412399247638367683e+01 7.260565348362227667e+01 5.778892541502601432e+01 6.140137533691311944e+01 7.931608907995367019e+01 6.890756004579944261e+01 5.573472729886239563e+01 6.965557173016711090e+01 8.403274043583235198e+01 7.097333859796759725e+01 7.618869532999872263e+01 8.203334717469888915e+01 8.889695546884135524e+01 1.087794689550961635e+02 1.100199416853107408e+02 1.182435603871791585e+02 1.158583760018824620e+02 1.076882858072290787e+02 1.068815543404529933e+02 1.020918846243324509e+02 8.226321670814178333e+01 6.802780416386865170e+01 8.226324485688924426e+01 1.020953991997057813e+02 1.115464957178132295e+02 1.000767270138042164e+02 8.238178536137047558e+01 6.215249096936384632e+01 7.447203390072503737e+01 7.202949755490922712e+01 5.494872278489426520e+01 7.501939875871549646e+01 8.089107025591586364e+01 8.826124454674987874e+01 9.644900604719343562e+01
3.796801408199274874e+01 5.631195600187601258e+01 4.148923266103596319e+01 6.093228795643790363e+01 4.448034757310717424e+01 6.342481388991548386e+01 6.705363873330419722e+01 5.153050242196496100e+01 7.112204775666093326e+01 8.361867490004473780e+01 9.758177806820718558e+01 8.222227397814843641e+01 9.580516281737590134e+01 1.017499388985142161e+02 1.087794689550961635e+02 1.028918002070359421e+02 1.229935586974233672e+02 1.332622614602259716e+02 1.135892252314048108e+02 1.129937942526314885e+02 1.048437220825664298e+02 1.003297917515537847e+02 9.085306973154914090e+01 7.079568875000894934e+01 8.506084886709820125e+01 1.048344321485333950e+02 1.060868104947476809e+02 8.609261916122433433e+01 7.167999654062050752e+01 8.238178536137047558e+01 9.068449666070776516e+01 8.323790843165488695e+01 7.501939875874099073e+01 5.800946695363741412e+01 6.083653633852895126e+01 8.092926118540783875e+01 9.331033529217435785e+01
5.631192817001941364e+01 3.991803120769139213e+01 4.365633462483464911e+01 4.289062220526852798e+01 5.940243692129723030e+01 4.632171666730074833e+01 4.772110537493898619e+01 6.705363087687568679e+01 7.650254876868127951e+01 8.472464819783037626e+01 9.362695954566119383e+01 1.019553218630371418e+02 1.102691780680000306e+02 1.089879518692013818e+02 1.173338801414988808e+02 1.229935586974233672e+02 1.313629262835428335e+02 1.274589586466912152e+02 1.078441935442938728e+02 9.403368569316383230e+01 8.516823939407011324e+01 8.051316723261335540e+01 7.605053462591421010e+01 9.085314493696564853e+01 7.777577039926525515e+01 9.192354686331491109e+01 1.115783986266497294e+02 1.002422744475110079e+02 8.349500709418775557e+01 1.002422744475110079e+02 9.644767860103014812e+01 8.303765400620218884e+01 6.295647388309836856e+01 7.809548716869608143e+01 8.092926118540783875e+01 6.507516639658724955e+01 7.932803284341892436e+01
6.458344568706324651e+01 5.830750581555033563e+01 5.612081260621106793e+01 4.605851837909690971e+01 6.591212069704296539e+01 5.967512079585731755e+01 6.705325491715137787e+01 5.035076401815495473e+01 5.679240551405867876e+01 6.562182760309411833e+01 7.952634850350331419e+01 9.938226178695303759e+01 9.905519202230996711e+01 8.912243217541885087e+01 1.031058708770900267e+02 1.231885515753334204e+02 1.388543660656646637e+02 1.191169414430551257e+02 1.053107012675568939e+02 9.403368569316384651e+01 1.048437220825664298e+02 8.683844367058892999e+01 9.600549694327334294e+01 1.029578704183354319e+02 8.321108520843183953e+01 9.721745829623445445e+01 1.168164512174509184e+02 1.117961798384981904e+02 1.034966992697102484e+02 1.045282722932048358e+02 8.829540039819936226e+01 6.828202452950000634e+01 8.303961491159323316e+01 9.122432560258839374e+01 8.823176421544114589e+01 6.822786686000121392e+01 8.282338098983503016e+01
