MOVIE_S9_data/elevation_000970.asc
nrows	100
cellsize	150.0
xllcorner	0
ncols	100
yllcorner	0
NODATA_value	-9999
[rows 34 to 50 of 100, columns 0 to 36 of 100]
2.064481644892168788e-02 2.002064463094171032e+01 3.408566168798332541e+01 3.854521377794947767e+01 4.359434606569752901e+01 4.328574909837794138e+01 2.314513636832139554e+01 4.323361875728151915e+01 3.744100514084502151e+01 2.430136121820156347e+01 3.844329016721215453e+01 5.844185128880442193e+01 6.965720021353034497e+01 5.062973776726161645e+01 3.649073409378181765e+01 5.062973776726161645e+01 7.062526969013134703e+01 8.313657981794895591e+01 8.727452710541020053e+01 9.239398127250011328e+01 7.829074374871912312e+01 8.656221358046872183e+01 6.951879443285287152e+01 4.963793391418872147e+01 6.951879443285287152e+01 8.396493183255543613e+01 7.086912833645753551e+01 5.090228825859990280e+01 4.646141224415637083e+01 6.644296727178411288e+01 7.501217786544057731e+01 8.000189049579060452e+01 8.533651849274436074e+01 9.198895273306185061e+01 1.002479864509973737e+02 1.091682904694400378e+02 1.098350041067492526e+02
2.905961989428186565e-02 5.802562311790564031e+00 2.580256626712568391e+01 4.351507479965404457e+01 5.245941646216813581e+01 5.191595125715211623e+01 3.472960107543892150e+01 5.191595125715211623e+01 4.964573023333358037e+01 2.964658224863579861e+01 4.378839173841247145e+01 6.378659626718199149e+01 7.890726365055301983e+01 6.251505543233277962e+01 4.251991406630109793e+01 4.591683763387063522e+01 5.485871009082796945e+01 6.899802763237747172e+01 8.899379832185442751e+01 8.413355767114150296e+01 6.419974261137797100e+01 7.152630606205779884e+01 5.836858255889413982e+01 4.428488023514547223e+01 5.576408097443280809e+01 7.569986886067987086e+01 7.913240562092698838e+01 6.332237265473524701e+01 4.327849537566475391e+01 6.332237265473524701e+01 7.483467526740675169e+01 7.483467526743272913e+01 9.478656604706549160e+01 1.032416723832658931e+02 9.497283252474026938e+01 1.032416723832658931e+02 8.986811713255248435e+01
3.542675937824442400e-02 2.003542675937788786e+01 1.523065272763087741e+01 2.417492463788654078e+01 3.831706060115433843e+01 5.831710565617554920e+01 5.513387210678412487e+01 6.377277899069203926e+01 5.792934418075086711e+01 3.859079195497710657e+01 4.378839173841247145e+01 6.378659626718198439e+01 7.665423694412260147e+01 5.665841468929453129e+01 5.146169928565549867e+01 6.005553803404372104e+01 7.419433224642637015e+01 8.313657981794895591e+01 8.836336345435614703e+01 8.012132186505468212e+01 7.152630606205779884e+01 5.156470590337877979e+01 5.968281941954533920e+01 3.934303743733288883e+01 5.968281941953821956e+01 6.127291435897289773e+01 6.954176394925474369e+01 6.069048262852800946e+01 4.053141783005055032e+01 6.069048031456195957e+01 5.486472556198168604e+01 6.898989847244237694e+01 8.894521467495768263e+01 9.325854589223429514e+01 7.500512662625992277e+01 9.325854589223429514e+01 7.833932883348703058e+01
3.411803931810562102e-02 2.003411803931775026e+01 3.523066021031961270e+01 4.351507479965404457e+01 5.245941646216813581e+01 5.262311783049245406e+01 6.090738907795405765e+01 6.394362248464080523e+01 6.687294683734339173e+01 5.013735044129573026e+01 6.378659626718198439e+01 7.207029662308924856e+01 8.493608273469943981e+01 7.665423694412260147e+01 6.300599582800374066e+01 7.973946264803518602e+01 8.833312645881728997e+01 8.958037183325419051e+01 7.964258124297994357e+01 6.026000356359271848e+01 6.390462337919371549e+01 6.154550598271833906e+01 4.130141104230254001e+01 3.509548601073318252e+01 5.057801066230154419e+01 4.126616707450714472e+01 5.688640984938235334e+01 5.474374363472706051e+01 3.777581610213431418e+01 4.409169166044087973e+01 6.416029002436718542e+01 8.309735642903770270e+01 8.848353367992221763e+01 8.263621705011493646e+01 6.502356778681919991e+01 8.498897957550008186e+01 6.835512311655816120e+01
3.327314952832965272e-02 1.417540877325915538e+01 3.417540877325844662e+01 4.457745745940011517e+01 3.629318621193992556e+01 3.262311783049316460e+01 4.761369086608685564e+01 4.394362248464151577e+01 6.394362248464080523e+01 7.013502727593778729e+01 7.841880045885034178e+01 8.670192479537172403e+01 8.070778074529786750e+01 8.868095573179323310e+01 8.300225267091089165e+01 9.128384707941536647e+01 9.540775503994500184e+01 7.550712504899055943e+01 6.147205499427104058e+01 5.156256416007018117e+01 4.404580247874630317e+01 5.579729369596923760e+01 6.154550598267974237e+01 5.057801066222906883e+01 3.080390611380803634e+01 2.977472026714192666e+01 3.191793243581765083e+01 3.421053795632241190e+01 5.474374363478749927e+01 6.416028721353544029e+01 7.242653061264141456e+01 8.726105704387822470e+01 6.852118402403951336e+01 6.267454591129860830e+01 5.797072966764289959e+01 7.447132384327758814e+01 6.233666312680581711e+01
6.779948344387334846e-02 2.006779948344351894e+01 2.637435766385833347e+01 2.980432936670847965e+01 1.629318621193922212e+01 2.184018817419141456e+01 2.761369086608756973e+01 3.655796277608641276e+01 5.070009839981686639e+01 7.070009839981544530e+01 8.111452845088766139e+01 6.753123097456452228e+01 6.148740558885759810e+01 7.358777072531954389e+01 8.156038623556341349e+01 8.847881833323911849e+01 8.019667755510900520e+01 8.019667755581033930e+01 7.964258124297994357e+01 6.726142322280861663e+01 4.740496841777232362e+01 3.590591057380661510e+01 4.902340373527748341e+01 4.623880014698391250e+01 2.798263542772293633e+01 4.791762950264357812e+01 3.190211214660919836e+01 5.160270928609085672e+01 6.211965705930720816e+01 7.624060607790308097e+01 7.374770020030715045e+01 7.314612479381329990e+01 5.903119252783474735e+01 4.856389854328150335e+01 5.151098625731501812e+01 5.451594559807083584e+01 6.265622694478491894e+01
9.516927588586144779e-03 3.171794587756958883e+00 6.374357663858687850e+00 9.804329366708834925e+00 1.612888468704548117e+01 3.612888468704476708e+01 4.761369086608685564e+01 5.589796211354840239e+01 5.655796277608570932e+01 7.655796277608429534e+01 7.145462139716822492e+01 5.379218531762054312e+01 5.018912899668816152e+01 5.423035455600183496e+01 7.358777072531954389e+01 8.019667755510900520e+01 6.016122516712628254e+01 6.016122516712630386e+01 7.432002175018268986e+01 7.549686544027144919e+01 6.159825602701537406e+01 4.875975010008617261e+01 2.909123696596431330e+01 2.631411612295069347e+01 4.623880014698750784e+01 5.619243077513951334e+01 5.160270928609085672e+01 3.400338659278535403e+01 4.799870732267568485e+01 5.788601675417222481e+01 5.378063691966850968e+01 6.139950226728718263e+01 4.489827623981684468e+01 6.487749954945714137e+01 7.146293813139133988e+01 7.447132384327758814e+01 6.052578706287576438e+01
1.945935296826603253e-02 2.001945935296791035e+01 1.792136304765099908e+01 2.980432936670847965e+01 2.980432936670847965e+01 2.612888468704530354e+01 3.507315659704414657e+01 4.662016198083625085e+01 6.662016198083483687e+01 7.711657788496810895e+01 5.781625862350781375e+01 4.392890269689030447e+01 4.029084210896349560e+01 5.990001048574483633e+01 7.544920536929123500e+01 8.019667755510900520e+01 6.016122516712628254e+01 4.621799038610919297e+01 5.716950879797954599e+01 6.543337913022219254e+01 5.389085688264707130e+01 3.492107994962536566e+01 2.465651760635572742e+01 4.458129014279778346e+01 4.038525237856865857e+01 6.037051461064187663e+01 6.211965680647641364e+01 4.799870732267513773e+01 3.619673115812606312e+01 3.787043580688534661e+01 3.960256177487304541e+01 4.138402212008659120e+01 6.139950226728718263e+01 7.314507060649880543e+01 8.662706912577398555e+01 8.662719643243377732e+01 8.054847204815750672e+01
5.600688922766024203e-02 2.005600688922730512e+01 3.792136304765028854e+01 4.620563429511189213e+01 4.980432936670776911e+01 4.612888468704458944e+01 5.441315593450620014e+01 6.335742784450500409e+01 7.490443322829614203e+01 7.534450406611405526e+01 6.735008380908395509e+01 5.369904697650723335e+01 3.399005714054853655e+01 4.799641507504536975e+01 5.767409272216646343e+01 6.568953364173084708e+01 7.123655085514799623e+01 5.134274919542765758e+01 3.754150857466805036e+01 5.022609457316211490e+01 4.584283220632382694e+01 4.189058179662938386e+01 2.352690511852117794e+01 4.345639353090781754e+01 6.037051458796386783e+01 6.863987498014051880e+01 7.624060280917221633e+01 6.171183300548153028e+01 4.170843035564192292e+01 5.788481986144439873e+01 5.962874550437567223e+01 6.119677946656833711e+01 4.513150979681985575e+01 6.510854032273451253e+01 6.666559667945040246e+01 6.666560291409031436e+01 8.078128678931179252e+01
8.215197286175310309e-02 2.008215197286139642e+01 3.639988385321175457e+01 4.468415490469402584e+01 5.362842672392809362e+01 6.517543190970307876e+01 6.386430992469821888e+01 5.558631604898748435e+01 6.386430992469821888e+01 6.735008380908395509e+01 4.782594158033528942e+01 4.949707622483540348e+01 2.972970745500541057e+01 4.379072838461940620e+01 3.804005058464073130e+01 5.767409272216626448e+01 6.409444810944792437e+01 6.543337913022219254e+01 5.022996276845315577e+01 3.062416502502604487e+01 2.620182576506527283e+01 2.195110636071926180e+01 4.187949217384966261e+01 3.347155402208250763e+01 4.239164907874816635e+01 5.393745330750538614e+01 7.391187373268901695e+01 6.171202896622253320e+01 6.171189781036014921e+01 5.172689016952627128e+01 7.169725203069252473e+01 7.311988592013085508e+01 5.926291290651613508e+01 4.902930092467140355e+01 5.256001299780841407e+01 7.251217659651022984e+01 8.253056801674297560e+01
2.613274238814250472e-02 2.002613274236458807e+01 1.639988385349105826e+01 2.534415576349005761e+01 3.689116114728216189e+01 5.689116114608652452e+01 5.384632413757011449e+01 3.552916718906327276e+01 5.384632413757011449e+01 5.486977349846686280e+01 5.354443044228513315e+01 3.375066618845468014e+01 4.211649532206011060e+01 2.395169124868744603e+01 4.263368331766823616e+01 5.671025479421299309e+01 4.272939571362282152e+01 5.226782849240280626e+01 4.925991559312154067e+01 5.022609437991906844e+01 4.082094878671311733e+01 2.087543591951252964e+01 4.082094916752524938e+01 5.344071102622462632e+01 6.171066648856986347e+01 7.064523477538160989e+01 8.217189893500190578e+01 8.167853844592731605e+01 7.996073914090487733e+01 6.171655607680513356e+01 7.996073914090487733e+01 8.748770293556307820e+01 7.604077103967533446e+01 5.608431352216287991e+01 5.717533719935727987e+01 5.831419797925889981e+01 6.256598971788407226e+01
7.532853315450405152e-02 6.399883853491235897e+00 2.639988385336395282e+01 3.248149518617516662e+01 4.042357238739897696e+01 5.142805033066352394e+01 4.555686452275180187e+01 2.547265125774604044e+01 3.551479197023350309e+01 3.515220250012500003e+01 3.950321079867597263e+01 4.194089893461078589e+01 2.217262571441755981e+01 2.034998683309832757e+01 4.023890259199608010e+01 4.898707467992300479e+01 2.808030587087342056e+01 3.009433464373977785e+01 3.015296128414258447e+01 3.725988318295724611e+01 3.826240086109940819e+01 1.980357508611065143e+01 3.391090614743685450e+01 5.387362025743843219e+01 7.126231201376459978e+01 7.952826050146637726e+01 7.878251137900859646e+01 8.703771192630524922e+01 8.993881418539544370e+01 8.168343342372622828e+01 8.993881418539544370e+01 8.866600583779697331e+01 6.870375685960466683e+01 7.604077103971233953e+01 6.318905353788783685e+01 7.827410562168859087e+01 7.668392809219588457e+01
6.101047412966256744e-02 2.006101047318291464e+01 2.146061966407035726e+01 1.355360127790761204e+01 2.991499374668620703e+01 3.147589552443520233e+01 4.534374744438454030e+01 3.551403133240231114e+01 1.544983734744315562e+01 2.762989863676882862e+01 2.155930089076785805e+01 3.114845804734427404e+01 1.548404219007504956e+01 3.542813834350162239e+01 4.823937545681202010e+01 4.252179318262694352e+01 3.396079193528640872e+01 1.528086723416271653e+01 1.627931737324959016e+01 1.728363316769906177e+01 1.829349063376073303e+01 2.155075952690859609e+01 4.133708522891649295e+01 5.433663215002329139e+01 5.129450739478186705e+01 6.243354102023366181e+01 5.875919377956588363e+01 7.404926235771583265e+01 8.112528585923328706e+01 8.937215073803923815e+01 1.008747485369916745e+02 9.693189992264089483e+01 8.282037251746911011e+01 8.946468169563617323e+01 6.950079095220878855e+01 8.946468169563617323e+01 9.664560541689685635e+01
6.842009524227352091e-02 7.643090958814942049e-01 1.460619719704284947e+00 2.158199826119441944e+00 2.215821911175980929e+01 1.769239807919498020e+01 2.422875351528693599e+01 2.587488642639421954e+01 2.132755879119768849e+01 7.602247308687462457e+00 8.339321071844338462e+00 1.125787426355363863e+01 2.990643711683633299e+01 3.096356389915407448e+01 3.164737750724669141e+01 3.253622573739837520e+01 1.388422611671604123e+01 3.344926869246422285e+01 3.622926493650903979e+01 3.144241097700450638e+01 3.239268088031319337e+01 4.133384796311796805e+01 2.630942930765253607e+01 3.511211685126458093e+01 5.495866781373237586e+01 4.242450011464047321e+01 4.793278252591641575e+01 5.398239185771174675e+01 6.111126905220000083e+01 7.269925321309746380e+01 9.263546050697198098e+01 1.008955639681713592e+02 1.027786130803387152e+02 9.773045489213632209e+01 8.361889306188371052e+01 8.361889306188371052e+01 1.035776638980078275e+02
1.934550753332892059e-02 2.001934550752578090e+01 2.146061966411850008e+01 2.215763950810135086e+01 3.148954635355583953e+00 2.314242537863082205e+01 5.147054444125931383e+00 5.857730634870758735e+00 6.569836069715457860e+00 2.659566772238573051e+01 2.836726401878904724e+01 9.419133996396206854e+00 1.018415755901954434e+01 1.095309244063838783e+01 1.172388150597499212e+01 1.249673671402552877e+01 1.383528450801940402e+01 3.335665937868400022e+01 4.374300077286570598e+01 5.168140159278655688e+01 5.206322798755192593e+01 5.428161114305921586e+01 4.608301802695433480e+01 3.177454384344723337e+01 3.586356209240702242e+01 4.989959218160469590e+01 6.799887325179183506e+01 7.404926235771583265e+01 8.112528585923328706e+01 8.937215073803923815e+01 8.962167717194637362e+01 8.136861923861121682e+01 9.518383390498765095e+01 1.089990481006728515e+02 1.035776638980077990e+02 1.035776638980078275e+02 1.118420167224789594e+02
4.364784840791047227e-02 1.159065087313644504e+01 3.158926444095079589e+01 2.944634326467967611e+01 8.867420746558371647e+00 4.144285706962007154e+00 1.556131074468958708e+01 2.583584153561264074e+01 9.851721367413258434e+00 2.323774962163306057e+01 3.789332797585315404e+01 2.966195936081800610e+01 1.914797466622917810e+01 3.046456935210150263e+01 3.128564370278172646e+01 1.628500656961970705e+01 3.368051639048549362e+01 1.574549786632087667e+01 3.577336497748886046e+01 4.596172421051735313e+01 4.955236345726137870e+01 5.788559946755204777e+01 5.892846138084615859e+01 5.161436161080973051e+01 5.576386071836925140e+01 6.404388589124081932e+01 7.818817960087693564e+01 8.369994883801329877e+01 9.180430662892871396e+01 8.385640387130739271e+01 6.999383478017709592e+01 6.743741030995921903e+01 8.136861923861121682e+01 9.153294026196346067e+01 9.962838632131004601e+01 1.088576335822567813e+02 1.123750753056956739e+02
5.219006137575642884e-02 2.005137268834014108e+01 3.984916170768054400e+01 3.461360974729987561e+01 1.445544727833843091e+01 2.414783104358065557e+01 2.804468905219850683e+01 1.450111452668759426e+01 3.074973187974760336e+01 4.069034610197390123e+01 5.097256045590606277e+01 4.756142698542482350e+01 3.070518333936882627e+01 4.103658623588206922e+01 2.158150280898972895e+01 3.580828337465635514e+01 4.354221053758578108e+01 2.992184987748082037e+01 1.768533156461072409e+01 3.770242502270961893e+01 3.094697968465763793e+01 4.743084127280728524e+01 4.377226742225039402e+01 5.350950833801584139e+01 6.767690499398170800e+01 7.896572624724511513e+01 8.045692217435525606e+01 6.400900480007703663e+01 7.544691752075318902e+01 6.730958343597555427e+01 5.596529299820920755e+01 7.574269671660391623e+01 7.551834774140475304e+01 7.191915020490544919e+01 8.121351859795271366e+01 9.624018054541221545e+01 1.059964783879710950e+02
