MOVIE_S9_data/elevation_000960.asc
nrows	100
cellsize	150.0
xllcorner	0
ncols	100
yllcorner	0
NODATA_value	-9999
[rows 0 to 16 of 100, columns 0 to 36 of 100]
8.271705653423140625e-02 1.422485268026530747e+01 3.422485268026601091e+01 4.456786899575450178e+01 5.285218434244020358e+01 6.439922197978268059e+01 6.907188185086020837e+01 6.079753727110900741e+01 6.079753727010231756e+01 6.907188146433988152e+01 8.061173577826311032e+01 7.964169565229660464e+01 8.804925338891374054e+01 8.532958046332281299e+01 9.369927736852871192e+01 9.014991280198684365e+01 8.212284954313206242e+01 7.992775417108009606e+01 8.797746552051559377e+01 8.981493296490185685e+01 8.178969725147467784e+01 8.981493296490185685e+01 9.045486003459946289e+01 8.237963279964201035e+01 8.237963279964201035e+01 8.459638294055098129e+01 7.673606723124346729e+01 7.489003250494417330e+01 8.202432773055912207e+01 9.009511763554257868e+01 1.012512999119021515e+02 9.469094073159239144e+01 8.653204065615750551e+01 9.469094073159239144e+01 9.673879059860236396e+01 9.096553598439997756e+01 8.708192767002341839e+01
7.813061968023242432e-02 2.007813061967987878e+01 3.387741789901389922e+01 2.456786633872189185e+01 3.611487172758095454e+01 5.611487800220003663e+01 5.752861910461285788e+01 4.079677815579780997e+01 4.079677815579780997e+01 5.234497999364076293e+01 7.234394523487405593e+01 5.899898786775229809e+01 7.618953215241548094e+01 6.472316019387635322e+01 8.186982706769626361e+01 7.867681143811566358e+01 6.204666869327229506e+01 5.979853849253376552e+01 7.647346673423604102e+01 7.984601256949693493e+01 6.161856811410299173e+01 7.984601256949693493e+01 8.237963279964201035e+01 6.343648731779634886e+01 6.343648731779634886e+01 7.384985428519506456e+01 5.806484115153991610e+01 5.609130961169525875e+01 6.314891156493073510e+01 7.392434585733987262e+01 9.308910873957024990e+01 8.497482787388281622e+01 6.720962357775165685e+01 8.497482787388281622e+01 7.727611080599935178e+01 7.160576523601412191e+01 6.779108584195054732e+01
2.526786264046545702e-02 2.002526786264010994e+01 1.387741666210006919e+01 3.387741789901389922e+01 5.285218434244020358e+01 4.997055878799228168e+01 4.169037063555654044e+01 2.924894663563840425e+01 4.079677815579780997e+01 6.079753727110900741e+01 6.701424028642203723e+01 4.717471287024444138e+01 6.154473090575091732e+01 5.284231055907309127e+01 7.343245817372344675e+01 6.972786149314744364e+01 5.037774694517681695e+01 4.816867302772356396e+01 6.752270505285815716e+01 7.170413268278883834e+01 5.145259269760922649e+01 7.170413268278883834e+01 8.339169298082143200e+01 6.898480617242434221e+01 5.010752440693579501e+01 5.954616528969744849e+01 4.712422830650114491e+01 5.806944321136678155e+01 7.690717312106215786e+01 9.009511763554257868e+01 8.629970433097940941e+01 7.687083211695460250e+01 5.749334124164986548e+01 7.679961907324364745e+01 7.496318113016744178e+01 5.800149259658068956e+01 5.666387769145582354e+01
4.163169627051844027e-03 5.349388007875562678e+00 2.534938871736764199e+01 4.216171699373938964e+01 4.348260935044862663e+01 3.520147226579286581e+01 2.169024264809828040e+01 3.583230009243176539e+01 5.583300399010671100e+01 6.907188185086020837e+01 5.853387088243481884e+01 3.810671931459707906e+01 4.107883346437363770e+01 5.897458858165646944e+01 6.744155142786401314e+01 6.151866725861630414e+01 4.155626545999816557e+01 3.939789211401161140e+01 5.930039435228174938e+01 6.495361935439564149e+01 4.486645885633382136e+01 5.521310296478211654e+01 7.528907559634703262e+01 7.290806005766461340e+01 5.401148725734284994e+01 4.032681310562475829e+01 5.954616528969744849e+01 7.247833919884504894e+01 8.493532414698607624e+01 9.191037293320745505e+01 7.248125872491719690e+01 5.880484822206761208e+01 5.092527765110367000e+01 7.015407237284649966e+01 6.291557762084485717e+01 4.921260555589073249e+01 6.865702082916322979e+01
5.883922493566802470e-02 2.005883922493531202e+01 3.363348356796219463e+01 3.831987211928557002e+01 3.003845697460830166e+01 1.520520002700070172e+01 2.227240312858629778e+01 3.121626379544446195e+01 4.276416656100976610e+01 6.276471029383586853e+01 5.131178218520497580e+01 3.096609694522334166e+01 4.452988710515604964e+01 3.854669584991674469e+01 5.897458858171133045e+01 5.446089241832959971e+01 3.465918876989302078e+01 3.251101056350176322e+01 5.226379720465116918e+01 5.889711258387564641e+01 3.900613495837434641e+01 5.889711258387564641e+01 6.628655187186191711e+01 5.834584142483527813e+01 5.150387196615567120e+01 3.653859339566112396e+01 4.552349409666431512e+01 5.900383707548228074e+01 7.791565636744108758e+01 8.818755184298127858e+01 7.817191452407750774e+01 5.880484822206761208e+01 4.493111480198260921e+01 6.447733061023684797e+01 5.920901811203195564e+01 4.504927210460631670e+01 5.887126853337271370e+01
1.256007409845548775e-02 2.001250007818169152e+01 2.379059410258964746e+01 2.518498611979450175e+01 1.002704793441010800e+01 3.003845697460830166e+01 4.227261497836596504e+01 5.055267838043225481e+01 5.949529311819497934e+01 7.103806342855452272e+01 5.630986978031105394e+01 3.590634128677081804e+01 2.425743725700421294e+01 3.911184698182285757e+01 4.756339996806509873e+01 6.268496248484363775e+01 4.601741761251324903e+01 2.621722031579829704e+01 4.352785511450349532e+01 4.765289865721283036e+01 3.428524790275086787e+01 5.407284189289099174e+01 5.509628994796817381e+01 3.887612007022710969e+01 3.158709836522014669e+01 5.150387196042391480e+01 6.395446824361818727e+01 7.247833919884504894e+01 7.370061788209748954e+01 6.769993335829605030e+01 7.369961717364630260e+01 5.428930360813642153e+01 4.033035793163927707e+01 5.416180184658880847e+01 3.959361290929582111e+01 5.556985391894480841e+01 7.082719228530194755e+01
9.594114293757748102e-02 2.001747886864241721e+01 2.718465529713387951e+00 5.104724615274903954e+00 2.518494274064893190e+01 3.716837255508769999e+01 4.535231095907057863e+01 5.456380238196332755e+01 6.664654977730752705e+01 6.792562276362930618e+01 6.478294722574652553e+01 5.299412327054184857e+01 3.911184698182285757e+01 1.893140432623473757e+01 3.911178302468963608e+01 5.372938877518528500e+01 4.188879107497422893e+01 2.187409275576150591e+01 2.358052056114884110e+01 2.787007937535830138e+01 4.765289865721283036e+01 5.098495550740087623e+01 4.292578773058248487e+01 2.677430258201543367e+01 4.710499255970524501e+01 5.944732657832977196e+01 6.976879776065617023e+01 6.123915227488218704e+01 5.296185607934407358e+01 5.296185607934407358e+01 7.370061788209747533e+01 6.805116662729676591e+01 5.416180184657769558e+01 3.436703792701791116e+01 5.416180184658880847e+01 6.204747317374032889e+01 7.015488267968922287e+01
7.711341127313005306e-02 4.023274115168486431e-01 7.275858761343043657e-01 2.365751744946812174e+00 9.951801857767657467e+00 1.759000132028174690e+01 2.726978393506053777e+01 4.032838237265727344e+01 5.228461663344621257e+01 4.508169489829509757e+01 5.091409469121805387e+01 3.922930392918678422e+01 3.081468869225615848e+01 1.558533574748708794e+01 3.559866013522799477e+01 3.384997991860839051e+01 3.387448920886044590e+01 1.742891442038274263e+01 3.788585141113166799e+01 4.765264278235274986e+01 4.686076095362927418e+01 3.885517963932137064e+01 2.228251066988459783e+01 4.292578772301487788e+01 5.311709417096669483e+01 6.276104578936996603e+01 5.762224678972459913e+01 4.001595203481701901e+01 3.771647531912228857e+01 5.296185607934407358e+01 7.370061788209748954e+01 6.536580249660430297e+01 4.581499484754403539e+01 3.164812237927920080e+01 4.791111975625900499e+01 4.223089599874313649e+01 6.208341017894249347e+01
2.297228869525369793e-03 1.985529601604361716e+01 2.072716369641330303e+01 1.190661695886307880e+00 2.118966753820660642e+01 3.587270094555203315e+01 4.334868708395395487e+01 4.166616339984156525e+01 2.697387795199588112e+01 2.840986845084843893e+01 4.246355600756160698e+01 2.228658121822317639e+01 1.136393092759820966e+01 2.652096618482804757e+01 3.466128723207149420e+01 3.380488907964332412e+01 1.271534673114341274e+01 3.387484430929004020e+01 4.104275882751931448e+01 3.251625759410580230e+01 3.480580355426522488e+01 1.808227986830538470e+01 3.885517962827608329e+01 4.797185034770696888e+01 3.079645481479919056e+01 4.841957183248327112e+01 4.898593140263001544e+01 2.731109122823884761e+01 4.898593189840296702e+01 6.464947523992147183e+01 7.766543675689295867e+01 6.306951375661703452e+01 5.484357087011655096e+01 4.791111975620150076e+01 2.786943201603388331e+01 4.215466531971981112e+01 6.170716960695255437e+01
9.647730019007895452e-02 2.009647248351826931e+01 7.480488561577675277e+00 1.518206691472234304e+00 2.151751994815628422e+01 1.691286929744273948e+01 3.437534862673470570e+01 3.008985085960314265e+01 4.104876479652658006e+00 2.528170910219290946e+01 2.481056653820498781e+01 2.496683447478275042e+01 2.147206954253777056e+01 8.169875425927349610e+00 2.643047215637979619e+01 3.090986398732846041e+01 9.556502619517360131e+00 3.063566026646372720e+01 2.875410270754751352e+01 1.185972056133855190e+01 1.422468279802853885e+01 3.491592642420041415e+01 4.123299296319229512e+01 3.252046712602211898e+01 1.791233494901232959e+01 3.734719842726580197e+01 3.689213648634115827e+01 2.194360568992249583e+01 3.451513910338957203e+01 5.595602835927080321e+01 6.440018873036142111e+01 4.909797222144933926e+01 3.488160198639840104e+01 4.216586727325978501e+01 2.536572033141103333e+01 3.972729508043791213e+01 5.948293873385325981e+01
3.582433992925927735e-02 2.003582021168409000e+01 2.518655687241348318e+01 2.113960898949745726e+01 1.981722322322851060e+00 2.171900861653283243e+01 2.384224457780929640e+01 3.240236856354834938e+00 3.570306137677010661e+00 9.931079630136887104e+00 4.506240137624271114e+00 4.838251097454510763e+00 5.170598121467165242e+00 9.294287751214197257e+00 2.430636980996773389e+01 2.629721275186203044e+01 6.793545895808407842e+00 2.358838153229666901e+01 9.157019583904515869e+00 2.749957153298633372e+01 3.233551335109746105e+01 3.619600946199981450e+01 3.004416932154212105e+01 9.879521121241786830e+00 9.986023035621670374e+00 1.468151774257898623e+01 1.564499449537956721e+01 3.689213362260854012e+01 5.218360804924639496e+01 5.766365285195624324e+01 5.602807860489201630e+01 3.552980925026519543e+01 3.900093188518556531e+01 2.195092064699843704e+01 4.216586727349309882e+01 5.361471380271972009e+01 5.419988188427718967e+01
1.813270376062421294e-02 1.423641483527573115e+01 3.472365829133387649e+01 2.666867977675490309e+01 4.900113153957063261e+00 2.445719142735428786e+00 2.773931713974906454e+00 9.195307464086273086e+00 1.901813403297503413e+01 4.036787992628469546e+00 2.332230597832830199e+01 2.417057196764881866e+01 2.029092982362103825e+01 5.644724555953931855e+00 5.980609156245929370e+00 6.317268804973507734e+00 1.087091175781066532e+01 7.272369869268522358e+00 7.609623091002650774e+00 2.009286989077396868e+01 2.206602909213219021e+01 2.198491511194709958e+01 2.543968793771674797e+01 9.548965032327258129e+00 2.455340656657157439e+01 1.042404852653207570e+01 3.070600825323296235e+01 4.501135702633149549e+01 5.264785743318324052e+01 3.921012880624477503e+01 5.275682594752929333e+01 3.900061587404525199e+01 1.877356159246549083e+01 3.899604599529101989e+01 4.887680718834329952e+01 4.484459862292143129e+01 4.086441814011943308e+01
2.372884694381488524e-02 1.416589353500972592e+01 3.416829702609383901e+01 3.676511599788820917e+01 2.288682375393216972e+01 1.338831217903872428e+01 1.318663888798698558e+01 7.435769001743894435e+00 2.200557483029268724e+01 2.543186173521807092e+01 8.431687984544117498e+00 2.979089101923122840e+01 3.797303004270660409e+01 2.788257495985737577e+01 1.275353758663869286e+01 1.507121518782257219e+01 2.640890926962972074e+01 2.035224133330887852e+01 9.190459563652492392e+00 8.090207127681704691e+00 8.427412560217923954e+00 8.761422142306670935e+00 9.091532957933736725e+00 2.777072557978336675e+01 1.516732552542323020e+01 1.072961159465028125e+01 3.048201131128068653e+01 3.845068835123697681e+01 4.421416790539437613e+01 2.719741165399750926e+01 3.949470596081752660e+01 3.662742813337247583e+01 1.666184235319254725e+01 3.399819494382018803e+01 3.435707441392500527e+01 1.995031908305058366e+01 3.508182709514472464e+01
8.175220331382776484e-02 2.008175220331347077e+01 3.654048407882635274e+01 4.654048408006998017e+01 3.855557375100873685e+01 3.061749976335001477e+01 2.715760459605051125e+01 1.077433158210045505e+01 2.894584747019440485e+01 3.222054974829381990e+01 1.185439653288519501e+01 3.291480965566847061e+01 4.470026545124078154e+01 3.714806340145407404e+01 2.069828857567738467e+01 3.038326449023282194e+01 2.812389229726321105e+01 3.117936202509443788e+01 1.183906435379555155e+01 3.016170974377872227e+01 3.204467109398645874e+01 2.717306654518875320e+01 1.197991679145380672e+01 3.509955719107926342e+01 3.594009814050518514e+01 3.038580682217640572e+01 1.115099867928421951e+01 3.086311082934715699e+01 3.291693426524450672e+01 1.949933677631022988e+01 2.467873284389410315e+01 3.154186603289763724e+01 2.007175720823668286e+01 1.380772851185234984e+01 1.411207242191893307e+01 1.443615349922565017e+01 1.478248262725574591e+01
9.124702163186203252e-02 8.256212830909193556e+00 1.825621283090936942e+01 3.239834845464081781e+01 5.239834845464280733e+01 4.471266711060447108e+01 2.460485757124160244e+01 2.956913207649040132e+01 1.654040523857308287e+01 3.537602366265151232e+01 3.291676064507743149e+01 1.699308958028944971e+01 3.727401668110483968e+01 4.777954270958530714e+01 4.174538152444645789e+01 3.926580380791221359e+01 4.223559157359586180e+01 3.681363771116338057e+01 1.547049855886385039e+01 2.075272243784542070e+01 4.208613513579654608e+01 4.721649568434705202e+01 4.052370615696192147e+01 4.233719568409035361e+01 3.300349807314837136e+01 1.355606949081486334e+01 1.685045125120305443e+01 1.158130017711080129e+01 1.188951532577301329e+01 1.220413188899116541e+01 1.408446943734002232e+01 1.309623000792443648e+01 1.339480377486322737e+01 2.679770385352817286e+01 1.961744994327607117e+01 2.297631131493591283e+01 1.610631757632429029e+01
2.239863785106879432e-02 2.002239863785071350e+01 3.586122659969147719e+01 4.480549851172976616e+01 5.635250390246800833e+01 5.369475176540950656e+01 4.454264863735524926e+01 4.169954572378122037e+01 2.315558387028861631e+01 2.457134029651079032e+01 4.306923768357852111e+01 3.727401669032044396e+01 2.206799525568640163e+01 3.717775920129278688e+01 5.213315687564953294e+01 5.715728703175160774e+01 4.256150759137773321e+01 2.106623058547145533e+01 3.682437393208781629e+01 4.208714428202450364e+01 3.158735858501210814e+01 5.255229550299927155e+01 5.044049013307385820e+01 3.033084453099213462e+01 1.611747886321290935e+01 3.353117706354593963e+01 3.361578957997100048e+01 2.071662130300969551e+01 2.000339330468771237e+01 3.203620578375589645e+01 1.265579261234983299e+01 3.297101115694268003e+01 1.873097569527838502e+01 3.726262340971563702e+01 2.588270930595671615e+01 4.255365527418864957e+01 4.058901215361576220e+01
1.766589122093755945e-02 7.576955351405515238e+00 1.652122726140483167e+01 2.806823264519755057e+01 4.806823264519974970e+01 6.565187405420074640e+01 4.679077933157913805e+01 3.392844547773721331e+01 4.169954572378122037e+01 3.056013621758295784e+01 4.886125586429324841e+01 4.170031806798544949e+01 4.170031806798544949e+01 2.714208206906396725e+01 4.086771620540457661e+01 5.970941138409641979e+01 4.676602626677409802e+01 2.532731518642638946e+01 4.676602626552993769e+01 6.076677217179839374e+01 4.238972122160317468e+01 6.076677166726028645e+01 5.303246439278516533e+01 3.257201330162448016e+01 3.618354358225304424e+01 1.882183293917457689e+01 3.891359268563364537e+01 3.552447947370463055e+01 2.975814707583096208e+01 3.935401492459568118e+01 1.750258041036379097e+01 3.930241383805110189e+01 4.023660050776496888e+01 4.801982543512771429e+01 4.639169615651846357e+01 3.592548369890112525e+01 5.571376459435753503e+01
