MOVIE_S9_data/elevation_000430.asc
nrows	100
cellsize	150.0
xllcorner	0
ncols	100
yllcorner	0
NODATA_value	-9999
[rows 34 to 50 of 100, columns 0 to 36 of 100]
2.064481644892168788e-02 7.091712663268893380e+00 1.465100332979477393e+01 2.359531675891811275e+01 3.514382057268949922e+01 5.523987050863057391e+01 6.545189640999566905e+01 5.713648470939647694e+01 6.545786486659045522e+01 7.845168066435162757e+01 7.013540429679839860e+01 7.280665906697345235e+01 6.458370114842291798e+01 6.399520379779772838e+01 4.587541848665472344e+01 6.048634331743459569e+01 5.208081063910720587e+01 7.196851448837024634e+01 8.631628780026521497e+01 8.874204159686019011e+01 7.719913176845886937e+01 5.905815501559956715e+01 4.492523338136591349e+01 5.905815501559956715e+01 7.904069730465150201e+01 8.028220179076957663e+01 6.029937819856584014e+01 8.028220179076957663e+01 6.362989167265407531e+01 8.190753603327986809e+01 9.084832297271327661e+01 9.641665189512973200e+01 8.862804162831794486e+01 7.654775766916898760e+01 8.661661656246377561e+01 6.707474882274249239e+01 5.663632863112309224e+01
2.905961989428186565e-02 2.002905961989392836e+01 3.452370550670636362e+01 4.159301952132535263e+01 4.985902973361338297e+01 6.128759747986672579e+01 5.543484637335103571e+01 3.712007356728464202e+01 5.543615069350222768e+01 6.697297876761470548e+01 5.033471810782859279e+01 6.150666510196722925e+01 4.501917431190116758e+01 5.002100814472245816e+01 3.635051558303992181e+01 4.090838267201936418e+01 4.815837350398398087e+01 5.797549177416782840e+01 7.797923312488893544e+01 8.045116369142476742e+01 6.046780237032034933e+01 4.893498168024400741e+01 4.047260608681821736e+01 5.458893277991479920e+01 7.457246501249302639e+01 7.362126059336830508e+01 5.363860260999086904e+01 6.510062659987791278e+01 5.363860260999086904e+01 6.257508025299861032e+01 7.670409125078826662e+01 9.668993143504739862e+01 1.034847593826218741e+02 9.576533953705843771e+01 9.453903310763516288e+01 7.635224370016975115e+01 6.366217065776146455e+01
3.542675937824442400e-02 2.003542675937788786e+01 1.452539163612691731e+01 2.159645843270768140e+01 3.314336370672948817e+01 5.312949630627073105e+01 4.712805189462279998e+01 2.727252877214720073e+01 4.712805189462279998e+01 5.819642179185449038e+01 3.921906870997307948e+01 5.283975238491869675e+01 3.402626534874115549e+01 3.083015428150199000e+01 5.002100814143872753e+01 5.465142576064740609e+01 6.797726375865009629e+01 7.629630327312092675e+01 8.631628780026061065e+01 8.194328967598086422e+01 6.195944313868044873e+01 4.783423028308614278e+01 3.640031960187735649e+01 5.042625513721130659e+01 7.040561049822642303e+01 6.794498917256103709e+01 5.966299638576598596e+01 4.512149695215992296e+01 5.665493242123829987e+01 7.663765937496231118e+01 9.084832297271326240e+01 9.466528414344492148e+01 9.059627887554286474e+01 9.890241963074353748e+01 1.036138624657556733e+02 9.122840652055536736e+01 7.356623606769267099e+01
3.411803931810562102e-02 5.581120001565077260e+00 2.558074640901115160e+01 4.159301952132535263e+01 4.985902973361338297e+01 4.767468689623471079e+01 4.050940163735925381e+01 2.080913970745986674e+01 4.050940163735925381e+01 4.998978238821381126e+01 3.075072314969760257e+01 4.037025276895621317e+01 2.558360657816719907e+01 3.402628728843103545e+01 4.502054179718758320e+01 6.468691233614356406e+01 8.289199994939677651e+01 7.724622093880340401e+01 6.891885227597066432e+01 7.724622093880340401e+01 6.938808178089843182e+01 5.286906628278688913e+01 3.315983412988358481e+01 5.286906628278688913e+01 6.310601998313263294e+01 5.482833907350556046e+01 3.972919362701394874e+01 5.121801879984192851e+01 7.119902373489676961e+01 8.492556995298586742e+01 8.882212057380090187e+01 7.466757693988614619e+01 7.060345861724205463e+01 8.660909788897373573e+01 9.491074748764455649e+01 1.008881682982169536e+02 9.301910889422997286e+01
3.327314952832965272e-02 2.003327314952797522e+01 3.386116070762059849e+01 3.831842843750557392e+01 3.630395368523264210e+01 2.766405498776877536e+01 2.766405566928202830e+01 1.457900809093546890e+01 2.901303860677888835e+01 4.893728275018618490e+01 4.034392298681025579e+01 2.119773955547126221e+01 4.037025276895621317e+01 5.285837045117722965e+01 6.156810383658092434e+01 7.298519921108770347e+01 6.939745728108678691e+01 6.725038575683936415e+01 4.897372957563437268e+01 6.725038575683936415e+01 6.110681067905009911e+01 4.122646625853536051e+01 3.012023815187109932e+01 4.755108548084629660e+01 5.040334058815102480e+01 3.503914424919217652e+01 4.898066634262581687e+01 6.794477629362521043e+01 7.948420628490413264e+01 9.037010810669067951e+01 7.882001454889572756e+01 6.053188554169658175e+01 5.906030192303864368e+01 6.661865964523930472e+01 8.075048420622218259e+01 1.007530424985772157e+02 9.450672743249486984e+01
6.779948344387334846e-02 2.002722812337540148e+01 2.350977140795653142e+01 1.674590559175618054e+01 1.694020663066193677e+01 2.359752525717166094e+01 5.019371827948485354e+00 2.766404857295649222e+01 4.306974232461085705e+01 4.216560621799109043e+01 3.407824011249779517e+01 1.843312302918928935e+01 2.807870752474513054e+01 4.163215465240831037e+01 6.141848234979738663e+01 6.918482737665353000e+01 4.858083119598075683e+01 5.211750650496230719e+01 3.922456227995174771e+01 5.894629092580250074e+01 6.054149254792532275e+01 4.658214916575057885e+01 2.722068695832391683e+01 2.814048726979623893e+01 3.084925745967595034e+01 4.457196995614460633e+01 6.310601998313263294e+01 7.723137362363929981e+01 8.680387890773461379e+01 8.207131787257684152e+01 6.207827240868563479e+01 5.053292746059242546e+01 7.052832769207877561e+01 8.660909788897373573e+01 9.491091646797514159e+01 8.866427516508976225e+01 7.450967787456592362e+01
9.516927588586144779e-03 2.000834686783243654e+01 1.611439974498702687e+00 2.272619583230474749e+00 2.935249158144700221e+00 3.599338301232065884e+00 4.272171794964768843e+00 2.426224084755146748e+01 3.348502601496920050e+01 3.407788708141396228e+01 1.470942928919597215e+01 3.406293381241412277e+01 4.562749251923970917e+01 5.537921964922858109e+01 6.006721876085523348e+01 6.037654428764803072e+01 5.149414465124314688e+01 3.256633080777594103e+01 3.256303568014057248e+01 5.196831696863605998e+01 4.082685733490278324e+01 4.082685766469454336e+01 2.431329970812446106e+01 4.362955385956924204e+01 4.457196870064507266e+01 5.866825701204339794e+01 7.276454432424031893e+01 8.101395231074745595e+01 6.687813886119131723e+01 8.101395231074745595e+01 6.616497375968214101e+01 4.617904308631393917e+01 6.616497375968214101e+01 7.666387174076237443e+01 8.049763000419298464e+01 7.220477655661821359e+01 6.037418399967873484e+01
1.945935296826603253e-02 6.774110479280347485e-01 9.216769326798868178e+00 2.193873520313651326e+01 2.292332484690264138e+01 1.872720013630928193e+01 2.426284859430771235e+01 5.223669514797309787e+00 2.521700537915685914e+01 2.818353618118973714e+01 1.217227047045459720e+01 2.925037014467187291e+01 4.449877289001735647e+01 5.349890134192886393e+01 4.103875736115507777e+01 3.724719868446690185e+01 4.329315269391027243e+01 2.452086551741718523e+01 4.328808784509195107e+01 4.972743003570409570e+01 4.082685723948466006e+01 2.146962263953805561e+01 4.082685766469454336e+01 5.184778487893576937e+01 6.448121269980951809e+01 6.597537000618019931e+01 7.194821472223515002e+01 7.211391964251332354e+01 5.286957782922177529e+01 7.211391964251332354e+01 6.208536284404849681e+01 4.213067036218698291e+01 5.910446645330154070e+01 5.667153301610997573e+01 6.617604140000300106e+01 5.220972407719171571e+01 5.976863303106034664e+01
5.600688922766024203e-02 2.005600424950441507e+01 2.133863935458312611e+01 2.069245149628357083e+01 3.285234037836774945e+01 4.050717287675604439e+01 3.290343145065181574e+01 2.226143862681498575e+01 6.177888428694025436e+00 8.637982135366099712e+00 2.751525446029959099e+01 1.931878156507787381e+01 3.580383978502253939e+01 3.658528330519862948e+01 3.892268040756240310e+01 2.114705413468636053e+01 3.388099076045060798e+01 2.066557532239677286e+01 3.481410820280043339e+01 2.988480948849914398e+01 3.643820678759582421e+01 1.949231187001615950e+01 3.346671345454215896e+01 5.399655794048086221e+01 5.287890814015479179e+01 4.596016562320768628e+01 5.186922515271307077e+01 5.497305766311988151e+01 4.403518474188204124e+01 6.383944446571432252e+01 5.817192576566593942e+01 3.828650539797739327e+01 3.920423120859081223e+01 4.256963649154563711e+01 4.619031744827918828e+01 6.031973246575683589e+01 7.976129098376651427e+01
8.215197286175310309e-02 2.008215197286139642e+01 3.235326916215471726e+01 3.645817113810826982e+01 4.350587276130474379e+01 5.014911011192410939e+01 3.081817092820608295e+01 1.406922591041994153e+01 2.617647530167772629e+01 7.180817541634268331e+00 7.892350820940282397e+00 8.605577436058794660e+00 2.122013535834142672e+01 3.023516246175188016e+01 1.140800566080453748e+01 1.215133756581597169e+01 1.814002366289940937e+01 2.653689041245286973e+01 1.508245569100532890e+01 1.589624326874165305e+01 1.671298535719161649e+01 1.759982795775919229e+01 3.729885277643476371e+01 3.938617731252701049e+01 3.423041294108566746e+01 3.195372645905261777e+01 5.179742938099008853e+01 3.528934831681277018e+01 5.497299258719890247e+01 7.165674166445811011e+01 5.441315677647614280e+01 3.464470752513831542e+01 5.441393463076831694e+01 6.252715345015649007e+01 5.772560004628780916e+01 7.446479297046164447e+01 8.861352452099046673e+01
2.613274238814250472e-02 5.578218815034062139e+00 2.564143728146466117e+01 4.168027396757761238e+01 4.995177460237443512e+01 5.541847282531362850e+01 3.442389843579616837e+01 2.106637112312520799e+01 3.697114496307477793e+01 2.373177293710778457e+01 2.795132394517414554e+01 2.279568673296047621e+01 9.618409593114840561e+00 1.033888783122478294e+01 1.227335147217060296e+01 3.107980928082396943e+01 1.320586246840341182e+01 1.396633060321508601e+01 3.415368155429661812e+01 2.987733916855704663e+01 3.643820825590603363e+01 3.505447724975905999e+01 1.883898675592644523e+01 1.971555070766472184e+01 2.059378936128614157e+01 4.023471992558279453e+01 4.213782456344512894e+01 2.991773683561682518e+01 4.951100029423998450e+01 5.938208225095797133e+01 5.185513140652183495e+01 3.232513716445326679e+01 4.616321181009890040e+01 6.608690247066678580e+01 7.771917918731151076e+01 8.600997600195510984e+01 8.591928106063554083e+01
7.532853315450405152e-02 2.007532853315414911e+01 1.456083151582907043e+01 2.167074212017605106e+01 3.324198045410290803e+01 5.320719727161345958e+01 4.854424788764852394e+01 3.212756382551717138e+01 3.622994304095406903e+01 4.892063663608360002e+01 4.027906742831992659e+01 2.023246137914131282e+01 2.968733243816443590e+01 3.036908653748127662e+01 1.485569198018386494e+01 1.491419530764169288e+01 3.394336049686131673e+01 3.785951404458682390e+01 4.740178390675309572e+01 4.960109949677844554e+01 5.248223815218273813e+01 3.279974993410002071e+01 3.278261236251300659e+01 3.913768306502213079e+01 3.963811838142378008e+01 2.185556655050510599e+01 2.276719379127396437e+01 4.162962709350455270e+01 4.451045284157537907e+01 3.971514727094564279e+01 4.643876366055610561e+01 3.006916396503663691e+01 4.394945817028843749e+01 6.444791049978071840e+01 8.182679772244644312e+01 7.509189840187789855e+01 6.668649169719621739e+01
6.101047412966256744e-02 2.006101047412930782e+01 3.460583596510308269e+01 4.168027396757761238e+01 4.995184398234488299e+01 6.147994455114036327e+01 5.987009567029041079e+01 5.159784511364214410e+01 5.494861014726883042e+01 6.306509590271564036e+01 4.889143351828420947e+01 3.169853526360454765e+01 4.889143351828419526e+01 3.922362911527884677e+01 1.859286349675263850e+01 3.437996450692901362e+01 1.797418402978532370e+01 3.197636089398207204e+01 5.192850777637471538e+01 6.898007171114248592e+01 6.085669555991984225e+01 5.261114610317898155e+01 5.290236676504941471e+01 4.852549559061015572e+01 2.902680648814042286e+01 4.150901377731543107e+01 4.216115300349513006e+01 2.408513432846658020e+01 2.502463541014661530e+01 2.596582323238595080e+01 2.690420378625230668e+01 4.644170721290067405e+01 5.608283907610233143e+01 5.585962546612385893e+01 6.592959774861954259e+01 5.808310293031448168e+01 4.650980975610770685e+01
6.842009524227352091e-02 1.006842009524236126e+01 2.421055571897356273e+01 4.421055571897426972e+01 5.102628546255246533e+01 5.931055768815235041e+01 6.777428548855218082e+01 5.949001371811328198e+01 6.059211897677546688e+01 6.887639078313476659e+01 6.075277875393068427e+01 5.206063001088724462e+01 4.651012426671693589e+01 2.591680535673589603e+01 3.922928654133561110e+01 4.029847089751081057e+01 2.036116619020939211e+01 4.029847091856696295e+01 4.125050620151795755e+01 5.028901161357517680e+01 5.854798925702101542e+01 7.002476967243430295e+01 6.502571148543435697e+01 4.504762265012664102e+01 3.516559462918780810e+01 5.495556050570652218e+01 5.154956815352162636e+01 3.098899771843761641e+01 3.403800479873598306e+01 4.553364699886396494e+01 4.644163076140024060e+01 2.834370295648388804e+01 4.786892445280309971e+01 4.203382104130139396e+01 5.157361845426452618e+01 3.799093972573763267e+01 5.616640618034057297e+01
1.934550753332892059e-02 2.001934550753297515e+01 3.835269134270325253e+01 3.688414982731497105e+01 3.102628544627977902e+01 5.102628546255246533e+01 5.622727988640011176e+01 3.949001370622122664e+01 4.059211896310298329e+01 5.473425458694047308e+01 7.473425463325754947e+01 6.315707664209784156e+01 4.276880709605002551e+01 3.227301060201929772e+01 5.265575204254581365e+01 4.802167421370055678e+01 3.381641688612148755e+01 2.405544471248268579e+01 2.714886830395222717e+01 3.039509296283525686e+01 4.191251132035658600e+01 6.180239426815936099e+01 7.339008157541292121e+01 6.196945619394509919e+01 4.206785295977964267e+01 6.203622971137661324e+01 6.081014883618666289e+01 4.013551963164496783e+01 4.642581081969844092e+01 5.996614458318948238e+01 5.605462134434292665e+01 4.770199744412925469e+01 2.977069578001597350e+01 3.085116948209952881e+01 3.193167997043391182e+01 3.301298554560631970e+01 4.316615714420525052e+01
4.364784840791047227e-02 2.004364784840755576e+01 2.573776004326443001e+01 1.688414982254193575e+01 3.209980103410352115e+01 3.563533494044963845e+01 3.941497967108686140e+01 2.794300832242830523e+01 4.794300832745468455e+01 5.858410550147229401e+01 6.686837721680858238e+01 7.154791867984700104e+01 5.945183116798806822e+01 3.906359380227618061e+01 5.945183116798806822e+01 5.996147168642458070e+01 4.877979871896098274e+01 2.922646691987207035e+01 4.708706293454621061e+01 5.031896500069480993e+01 3.546420908619469259e+01 5.537675730632469140e+01 6.901252195191582928e+01 7.052064993234047563e+01 5.351066523125412289e+01 7.054913440955752435e+01 6.990663853777432735e+01 5.252909484555959096e+01 6.525592456594954172e+01 6.949324572981353754e+01 5.504686501921876385e+01 3.527558224549567711e+01 3.335174070709845751e+01 5.048863950708870618e+01 5.158939764220499313e+01 4.576155824472282774e+01 3.459742556560165383e+01
5.219006137575642884e-02 2.880617186121940954e+00 5.737760043264786169e+00 8.719184013264531075e+00 1.209980103217862712e+01 1.563533493811139508e+01 1.941497966820373478e+01 2.518848236010009245e+01 3.151303768043696252e+01 3.858410549230268316e+01 5.013111087609560457e+01 7.013111089779025065e+01 6.785961216640455973e+01 4.922645519776677503e+01 6.785961216640455973e+01 6.326074230079967009e+01 4.335527239352809659e+01 3.589084068838233321e+01 5.583275397580361243e+01 6.360161819934931060e+01 5.537675730632469140e+01 4.089664130898473360e+01 6.079143405928724775e+01 7.545533913594221076e+01 7.369409276632350725e+01 8.230393934221467589e+01 8.189537028294974164e+01 7.341457948605363981e+01 7.635314642053479872e+01 6.119223003518306570e+01 4.127897145241756505e+01 5.504686501921876385e+01 3.703688930269429136e+01 5.688591047475716778e+01 5.949937167213538203e+01 4.349391203129295747e+01 3.755243443050741803e+01
