MOVIE_S9_data/elevation_000087.asc
nrows	100
cellsize	150.0
xllcorner	0
ncols	100
yllcorner	0
NODATA_value	-9999
[rows 34 to 50 of 100, columns 37 to 73 of 100]
4.840232662892073989e+01 6.407756318315415456e+01 6.649694853420099605e+01 5.271605385905846930e+01 6.252613719382851087e+01 8.199427129058847186e+01 8.715144759053816870e+01 6.706708702099440700e+01 6.978892438444735546e+01 4.897229941231555728e+01 6.978892438444735546e+01 7.244060671197230761e+01 5.839978971063352020e+01 4.812165727174028262e+01 6.815500548489440291e+01 8.046880134245641614e+01 9.484055803501590276e+01 1.030122693281589648e+02 1.064433631094060644e+02 9.481411028880947356e+01 8.131703426721128380e+01 6.081840755898380735e+01 8.130358155708633205e+01 9.733116572577505110e+01 8.727748825358786178e+01 6.692592394790047194e+01 6.938806183264111382e+01 8.969407694603164316e+01 1.074363629704273819e+02 1.174228993820147764e+02 1.158918333632857554e+02 9.609318199301407049e+01 8.768951468589690990e+01 9.384582981375960742e+01 7.401927521504963181e+01 8.799584637942523102e+01 1.079689391605934503e+02
6.826497770009338240e+01 7.645059935254921868e+01 7.697941715698857479e+01 5.752160287207939149e+01 7.697941715698857479e+01 9.018902949539813108e+01 9.533666255366719611e+01 8.715144759053816870e+01 7.371665611758972148e+01 5.293138322284993080e+01 7.371665611758972148e+01 8.657923729041654326e+01 7.635600343992700800e+01 6.815501896586063424e+01 5.227246766394401334e+01 7.228284463329649157e+01 7.511159395454939158e+01 9.238210498973597851e+01 1.037613657552234656e+02 9.977116977634260309e+01 7.957856635560459324e+01 6.503564180824660923e+01 7.694385394423235880e+01 9.717097915049751577e+01 9.366729340142423155e+01 7.345403700924038048e+01 8.969407694603164316e+01 7.904854741525447537e+01 8.917670891321550641e+01 1.091989352030649911e+02 1.097073392692059883e+02 9.609318199301408470e+01 7.627498738157400737e+01 8.549991138438124949e+01 6.941976556465222359e+01 8.916212616320197526e+01 9.855480519172625975e+01
6.221218375175397597e+01 8.678838932344623913e+01 8.283087588141515312e+01 6.342378281624030478e+01 7.338261695491134162e+01 9.298334276297150325e+01 1.042906139360365074e+02 9.287293460974821357e+01 7.782535244415089437e+01 5.735552847556004963e+01 6.940495389770811130e+01 8.907183969572795945e+01 9.040562192834654809e+01 7.626927964589829401e+01 5.633710458289004919e+01 5.885452095823052332e+01 6.444816355981987499e+01 7.588798322970720278e+01 9.558749480322272518e+01 1.019593455598784857e+02 8.179207778191346279e+01 7.039859191179287734e+01 9.074668750856167776e+01 1.054371904197741543e+02 1.007655271979718208e+02 8.068016360476740090e+01 1.007655271979718208e+02 9.333239160540563262e+01 1.074363629704273819e+02 1.174228993820147764e+02 1.014377165457769934e+02 8.151194163060954168e+01 7.167252347264488321e+01 6.580212924437182664e+01 6.505090908511209591e+01 8.482835439479644890e+01 8.938779002001800222e+01
7.055186884930270708e+01 9.023860552397154322e+01 8.932669947825812073e+01 6.983922868772920367e+01 8.932669947825812073e+01 1.012157695800158024e+02 9.610182025084469615e+01 7.632312553990587389e+01 6.469048739225169697e+01 7.782535244415089437e+01 7.776515294425105651e+01 9.686875654295198501e+01 8.223799909968484201e+01 6.244199619257960165e+01 7.626927964589829401e+01 7.295335636588866635e+01 7.844231361106172074e+01 7.588798322970720278e+01 9.558749480322272518e+01 1.102144277079543713e+02 9.747816053348621779e+01 7.728374145678725426e+01 8.485862303926813865e+01 1.049617326064569767e+02 1.089753426154520071e+02 9.233010633443885240e+01 1.089753426154520071e+02 1.133240816706642988e+02 1.075503958638101949e+02 1.068145681077337770e+02 1.097073392692042404e+02 9.551839993572846765e+01 7.895309504900738773e+01 5.927301113841651414e+01 7.895309504900738773e+01 9.308197911569288863e+01 8.081594381170209829e+01
8.202899119595912225e+01 9.877142422291481694e+01 9.756828913632118372e+01 7.943615436744148894e+01 9.756828913632118372e+01 1.100963652220700624e+02 9.030508992452287487e+01 7.632312553990587389e+01 7.374953390457558555e+01 9.287293460974821357e+01 9.736419894521345952e+01 9.208733604759393643e+01 7.238866215177564811e+01 6.847466570735583957e+01 8.817911371161018508e+01 9.268262826774451923e+01 9.814800315025986777e+01 8.724950362916239044e+01 1.037613657552235225e+02 1.116356255455976196e+02 9.161394646309450707e+01 8.900820342771035598e+01 1.049617326064569767e+02 1.132061267126656645e+02 1.203765443156131312e+02 1.122610513524274722e+02 1.134478320283868698e+02 1.016816661467291709e+02 8.741953386761481681e+01 8.672542351601398991e+01 1.009445978133804687e+02 8.725148019832991508e+01 6.748837208319406500e+01 5.615564413894098550e+01 7.584124440803232403e+01 7.737715620272092565e+01 6.883774739981608093e+01
1.021071550851228551e+02 1.103219944220583102e+02 1.074850829332856819e+02 9.921724458907483779e+01 1.074850829332833371e+02 1.111535722252962586e+02 1.042906139360365074e+02 9.030508992452287487e+01 8.516725176468820280e+01 1.017170350032581325e+02 1.060325999170917441e+02 8.631101862197650121e+01 8.631101862197650121e+01 8.240733691715293219e+01 7.901244996793549547e+01 9.292187058064827454e+01 1.126683559160909169e+02 1.069774025635194903e+02 1.151528655628430613e+02 1.198649365339082351e+02 1.116356255455976196e+02 1.090483371139995512e+02 1.172823026412384735e+02 1.212956225032841076e+02 1.130177381992243824e+02 1.130177381992243966e+02 1.049693591270402919e+02 8.481866927854835581e+01 7.339214641934950123e+01 7.270993733606604792e+01 8.893553142159706226e+01 8.688545901024286877e+01 6.711630772246836329e+01 5.320008925874364536e+01 6.892518818859682028e+01 6.730668993891401897e+01 4.894237537032931584e+01
1.052320028363632076e+02 1.052320029371617665e+02 1.052320029371664560e+02 1.135164602065415664e+02 1.052955009302709470e+02 9.115422900170307230e+01 1.052955009302709470e+02 1.100963652220700624e+02 1.049480719823020678e+02 1.131346965086044634e+02 1.142078302387407120e+02 1.060325999170917441e+02 1.060325999170917441e+02 1.021134155277791535e+02 9.036123480514704909e+01 1.068820011491871469e+02 1.047031380919355144e+02 1.129747667068381816e+02 1.196618463073491938e+02 1.112204845587852304e+02 1.029476139847324703e+02 1.055361775595751368e+02 1.138108027344311779e+02 1.130177381992243824e+02 9.306514301180317261e+01 9.306514301180317261e+01 1.071803827575453454e+02 1.006370437312337742e+02 8.265966753737885142e+01 6.289399974867551180e+01 6.909269250176551225e+01 8.316732760241958999e+01 8.112382555637911707e+01 6.892451364963613969e+01 4.917528800096810926e+01 4.766619252430893283e+01 6.696348587714064138e+01
8.527469584001866565e+01 8.527469584003759451e+01 8.527469584003759451e+01 1.052320029371654613e+02 9.638712382332487039e+01 7.712473901655702946e+01 9.638712382332487039e+01 1.026711054791919366e+02 1.109520734566631575e+02 1.112307759303132570e+02 1.031334128913942720e+02 1.011252911740448184e+02 1.092250986116011831e+02 1.182796439585242751e+02 1.101039361897017983e+02 1.014319463427370920e+02 8.470074662218357275e+01 1.014319463427372057e+02 1.096876685755465388e+02 9.144458544595484284e+01 8.302378411465481634e+01 8.560765687706356175e+01 1.055361775595751368e+02 1.035491513165863466e+02 9.528176295616995617e+01 7.900330967117012904e+01 9.890912283992877008e+01 9.231604433055699133e+01 7.242883660850199590e+01 6.261419455112184806e+01 5.517298197249284186e+01 6.920758786806548812e+01 7.323855762991072993e+01 6.500910110753345350e+01 4.640213419348253154e+01 6.619640059527685594e+01 5.822299985666877831e+01
9.112005575456299766e+01 7.129918259107425627e+01 9.112005575454374195e+01 1.048361832687975550e+02 8.811809179206848341e+01 6.832924467305440430e+01 8.811809179206848341e+01 8.274290364079128324e+01 9.943572810392866757e+01 9.987850062086883440e+01 8.342349400257835157e+01 8.138247863482254729e+01 9.380886755608364069e+01 1.019309529160371284e+02 1.080274771761702368e+02 9.315475199243790883e+01 7.313130685694609667e+01 9.315475199243790883e+01 1.014156020479515519e+02 8.152362856039366079e+01 7.161485336645617394e+01 8.939081007112633870e+01 9.764952215985887563e+01 9.206584621176733663e+01 7.542091324908263061e+01 7.243628585519154228e+01 9.227385176157841329e+01 1.006370437312337742e+02 9.066393646043468380e+01 8.237244046952950782e+01 6.920758786806548812e+01 4.944171052746283834e+01 6.382721552570198753e+01 4.519788367593953637e+01 5.921609002476513695e+01 7.442756433095991042e+01 6.792768277490745277e+01
7.669238685791192722e+01 6.585068123533299911e+01 7.669238685791188459e+01 9.656146754113824215e+01 8.186030887557400604e+01 6.211293476540611636e+01 7.971780214312869361e+01 7.133746704212506984e+01 9.116555278332610612e+01 9.101023022802625917e+01 7.183456727325027202e+01 6.976634284434410915e+01 7.392175858177519387e+01 9.380886755608364069e+01 9.880638365583925520e+01 7.971582330911085990e+01 6.596466335489368760e+01 8.607539507342642082e+01 9.880638365583946836e+01 8.517387470303347641e+01 6.540678255182204737e+01 6.958505483377221879e+01 8.580385280962337902e+01 7.756847891690458141e+01 6.406155827850098206e+01 7.542091289120970998e+01 9.528099664639519517e+01 9.673466507413409943e+01 8.524126462490052347e+01 7.619734126565242605e+01 6.799636136365269579e+01 6.270684218488928963e+01 4.399118381562750812e+01 6.382721976520227258e+01 7.323881520861061745e+01 8.726157630284060929e+01 8.693674613089034153e+01
7.452332903548899878e+01 6.059079102426630214e+01 7.451516973611515482e+01 8.274966816752004206e+01 7.615973299642706706e+01 5.642070436086317642e+01 5.996539178961087657e+01 7.390418968060470206e+01 9.375310419653534666e+01 8.284569580544130929e+01 6.279888065327007496e+01 5.966286476459035271e+01 7.974655794215432536e+01 9.310714417743822935e+01 9.052515291977158540e+01 7.040146811190287224e+01 5.944689148292212622e+01 7.040146811190287224e+01 9.052515291977158540e+01 8.939081131005845293e+01 6.958505483377587097e+01 5.822940916970919289e+01 7.213891232778711071e+01 5.784382304415287024e+01 7.756847891690458141e+01 9.206346029642183737e+01 1.035418051889080147e+02 8.848313047110445950e+01 6.858169856403705467e+01 5.591351606774651373e+01 4.641341523216416931e+01 4.283749263895074932e+01 6.270684218262828580e+01 4.878332051605504205e+01 6.855310228721842236e+01 8.173597427049082853e+01 9.319788326560798453e+01
7.857778946521838748e+01 6.462695390308375920e+01 5.477206960611284359e+01 6.950041729001824820e+01 7.088425568914145458e+01 5.113605512896357652e+01 7.088425568914145458e+01 8.415444230225493527e+01 9.561203770343348651e+01 9.101023022802625917e+01 7.339553651524565225e+01 5.344996497175654326e+01 6.493630449558716577e+01 8.495106235060585220e+01 8.833515126428488884e+01 6.819545162527329296e+01 5.364521158181443639e+01 7.409423307847958995e+01 8.982659000441778119e+01 9.764962282480300360e+01 8.619232763828958355e+01 7.213891232778711071e+01 5.239428810562185390e+01 5.380298357520052832e+01 6.774503279273393730e+01 8.753784056445032036e+01 9.085220144386032359e+01 7.938565514243295240e+01 7.113787139215243371e+01 6.903902452890586972e+01 6.081056518590834514e+01 4.202330230158585067e+01 6.191943910197570489e+01 6.855310228721842236e+01 5.375599162007208065e+01 6.512205474935406357e+01 8.491011363255772437e+01
9.266130974846095114e+01 8.274966819306663979e+01 6.950041729001824820e+01 4.974960222809978916e+01 6.477906944750888840e+01 4.732831271358564607e+01 5.616585025130579112e+01 6.754677529128690594e+01 8.734963588775933374e+01 8.520815877658696991e+01 6.932416377276862818e+01 4.959261235539216273e+01 6.932416377276862818e+01 8.355389287959204125e+01 7.522949464961313026e+01 6.983031734306190685e+01 4.922183732779910059e+01 6.126442128711765633e+01 8.153154896165861487e+01 8.433432721579082170e+01 7.610383475336686843e+01 6.826667362109563442e+01 4.847927909957269321e+01 6.826667362109563442e+01 8.176822428990132607e+01 9.520714078959804283e+01 8.257477468779572405e+01 6.276548276067497767e+01 5.133402571229280653e+01 5.970411407650651370e+01 4.088035491857137060e+01 6.041307370313666780e+01 5.612891223967010035e+01 7.596013563314876649e+01 7.348547250959990151e+01 5.923241878244290604e+01 7.895573665729632751e+01
8.012292036347253088e+01 8.797267380017109417e+01 7.772474347180745724e+01 6.477906944750888840e+01 4.502367410559733685e+01 4.388866719000853323e+01 6.364473898737372792e+01 7.109753689653952335e+01 7.932715189401550049e+01 7.701843259854025803e+01 5.711438425941827290e+01 4.599286244456167339e+01 6.552682493198483371e+01 7.522949464961311605e+01 5.471293504011418207e+01 6.072209622311832078e+01 4.508134279602175809e+01 5.998062775465390217e+01 8.031245028123453267e+01 7.610383475336686843e+01 5.632012902064658277e+01 6.211464227276113803e+01 4.583070692357185294e+01 5.576575306198009940e+01 6.715867613353124455e+01 8.695545882653276237e+01 7.647757696425581742e+01 6.617065074570760430e+01 5.862401933807246479e+01 3.976029854407831721e+01 5.970411408213188764e+01 6.890426804986252307e+01 7.593700955950987463e+01 8.423693935867989069e+01 8.722595923069165735e+01 7.235170880300228191e+01 6.529761635321820279e+01
6.153617622741921878e+01 8.012292036347253088e+01 8.519700753092270418e+01 7.299608179557290555e+01 6.030535335965381449e+01 4.055592955089255014e+01 5.712244551382701019e+01 5.133377312777755463e+01 7.109753689591642001e+01 7.607849545593968799e+01 5.627130058530284629e+01 4.265553929701965075e+01 6.207311683194988206e+01 6.436076437066225253e+01 5.587079363006861854e+01 3.926276649361358295e+01 6.072209622311805077e+01 7.429828918263535797e+01 7.499860740323907748e+01 6.697403547244255151e+01 5.876241015445515359e+01 4.228554244620295322e+01 6.211464227269981819e+01 7.359483538452357720e+01 7.752597919717855746e+01 7.551801194857380040e+01 6.849620340594906054e+01 4.998866898778313583e+01 3.870161857054566212e+01 5.856020692801318006e+01 4.559597824795360310e+01 5.963261847560647766e+01 7.942207596777561207e+01 9.137973840431740769e+01 9.923890506205107442e+01 9.005859027359295510e+01 7.159638174768770114e+01
5.450470775679488611e+01 7.309779153726280754e+01 6.643948797678396545e+01 7.976049756532795243e+01 6.851691212237055595e+01 5.712244551382699598e+01 3.738892037220754361e+01 5.133377312777634671e+01 7.109753687506075437e+01 7.279140752475501586e+01 5.306219494946630277e+01 3.945893496323282079e+01 5.883485332891419262e+01 5.586696523999081876e+01 3.365981210680148195e+01 5.586333325762715418e+01 6.152809544571593392e+01 6.577697902309509459e+01 5.541910526396816294e+01 5.546355384357840279e+01 3.896785893416797109e+01 5.876241015445504701e+01 6.558185264155120819e+01 5.775088713668526452e+01 5.715008905499899328e+01 5.429758292086793148e+01 5.605011987458781419e+01 5.679806449783196598e+01 3.797895284944879535e+01 5.786495705678548518e+01 6.542881637905989578e+01 5.191785399097326348e+01 6.331393535673666406e+01 8.310187495913679356e+01 9.710134353430501619e+01 1.018822788364889362e+02 9.278601019888576218e+01
5.809420711884720845e+01 6.587917414317799114e+01 5.319448750990562758e+01 7.036799194324986217e+01 6.896635544390528594e+01 4.920720301905470961e+01 3.528249349329884410e+01 4.920720301905539884e+01 6.896635545214388685e+01 6.791799383154923930e+01 5.577400430689894506e+01 3.639647027651921718e+01 5.155665946480475270e+01 5.221952691649990186e+01 3.031229273984790495e+01 5.011290652876743223e+01 4.274314265433139326e+01 5.653108715770925130e+01 5.506533454454968535e+01 3.583092970908521124e+01 5.245870416376970979e+01 5.284043907648837290e+01 5.297619453081389906e+01 4.002913598449889321e+01 5.413845547719883911e+01 3.556312394162646484e+01 3.626038300051311580e+01 3.696878994330755575e+01 5.608141829848000270e+01 5.207255956091794502e+01 7.196224074475098575e+01 7.167730270298302742e+01 5.913966662442697952e+01 6.897055250636842061e+01 8.294990798243411234e+01 1.029459982630506545e+02 1.122249445125601568e+02
