MOVIE_S9_data/elevation_000790.asc
nrows	100
cellsize	150.0
xllcorner	0
ncols	100
yllcorner	0
NODATA_value	-9999
[rows 34 to 50 of 100, columns 37 to 73 of 100]
1.180065887622729832e+02 1.094161816847499438e+02 1.180065887622894394e+02 1.172957224871821751e+02 9.616404314141942677e+01 9.107888906313330324e+01 1.087028377729937034e+02 1.131805108551217103e+02 9.197933268221760272e+01 7.705834063378341625e+01 9.197544700996631661e+01 8.138600892533585807e+01 9.195318120687832675e+01 1.131765889823152520e+02 1.295248296071887637e+02 1.175475830692251265e+02 1.082065259094954968e+02 9.962644574410396103e+01 9.222771374605896710e+01 8.076917269682576261e+01 5.999526731520467138e+01 7.728863755885360831e+01 6.622735280967599181e+01 4.581745579652055511e+01 5.355321395886150526e+01 7.246542093059251499e+01 7.803183838480502743e+01 6.327458303070346091e+01 7.797938180342976011e+01 8.265554361185118637e+01 6.089243914523770229e+01 4.443896653682968889e+01 5.870319774807795454e+01 7.946316306388295914e+01 8.668014782460619472e+01 7.196168103949061390e+01 7.040543710660450927e+01
1.134316997323890917e+02 1.051920775053852424e+02 1.077781004338366557e+02 1.160190505473881331e+02 1.172957224871821751e+02 1.122853132853550164e+02 1.208615638333939728e+02 1.192885570407554070e+02 9.818901547136391628e+01 8.402600625898197961e+01 1.052705183497719617e+02 1.025648850945967610e+02 1.025648850945967752e+02 1.217435665745940980e+02 1.133115782795586597e+02 1.047344733555721916e+02 1.133115782184396352e+02 1.034445744317933560e+02 8.251792888453431374e+01 6.781255448121370932e+01 5.587326577728123311e+01 6.867244079124033362e+01 4.813882731504155998e+01 6.622735280967300753e+01 5.860644827077949515e+01 7.036239615003984227e+01 9.120923878265774931e+01 8.408703521324333963e+01 8.425415590966677826e+01 7.669640870355540585e+01 6.542217892092472198e+01 4.505301505751945257e+01 6.542245085833232565e+01 7.977609361125645648e+01 7.270422263687065367e+01 5.726063966902447078e+01 6.178722698656527967e+01
1.019440674548082058e+02 8.529286229958994170e+01 8.788511151329227289e+01 1.045334180327038922e+02 1.089610472771892233e+02 1.007220491685845474e+02 1.089610472771892233e+02 1.103752245656398117e+02 1.139075004284608355e+02 9.907215545366835840e+01 9.907215542734259373e+01 1.202346732382776793e+02 1.236040084031899084e+02 1.195726165167074839e+02 9.858831321782224677e+01 8.371032204684647127e+01 9.259617393800101581e+01 8.781277912048216194e+01 9.644445389246875777e+01 8.285687087443953658e+01 7.117486433420960168e+01 5.053564631289777509e+01 6.867174162831619810e+01 7.728707821266115729e+01 7.052140393825222020e+01 8.796383366230308809e+01 9.981102305463249991e+01 8.429360924933600074e+01 6.364740210997680947e+01 5.570208126435161233e+01 4.698815415792017092e+01 4.567107521670502734e+01 6.606951509458498606e+01 6.484044773982101617e+01 5.198636543393931930e+01 7.270473244302553439e+01 8.262813085870624263e+01
9.302115299296332296e+01 7.372733438852259269e+01 7.633424290165777393e+01 9.629287792557406078e+01 9.900541451787916003e+01 8.080226553674437184e+01 9.412965909613977544e+01 9.047855157401342296e+01 1.103752245656398117e+02 1.202346901180557808e+02 1.202346540220020046e+02 1.287424449415575509e+02 1.326829356106013904e+02 1.119377835810141448e+02 1.110964332554696483e+02 9.259617393799321405e+01 7.174583932132064490e+01 6.700376816842916128e+01 8.153862624899525713e+01 7.423078237360984133e+01 5.350453747804689897e+01 7.117486446610007533e+01 5.888211409551271913e+01 7.965558066618142163e+01 9.138901600318040153e+01 9.999733014594443148e+01 9.917083273774464658e+01 7.813798826628746497e+01 8.425429285636285215e+01 7.669877821617039615e+01 7.022024829152728387e+01 6.299505374387643286e+01 4.654377587967504581e+01 4.717754000606909415e+01 6.766735149141069883e+01 7.725059675119524627e+01 9.191906815440431444e+01
8.476975462185853871e+01 6.469511802658320221e+01 8.476973044118106770e+01 9.766747948135346746e+01 8.942073847491596439e+01 7.075768081482941341e+01 7.415167865550925796e+01 9.412965909613977544e+01 1.014798633184561254e+02 1.081035526593161507e+02 1.163456386360510493e+02 1.262858154368648798e+02 1.267086738456130632e+02 1.058194805050929403e+02 9.084010244903747378e+01 8.148788144991291915e+01 9.259617393801869412e+01 8.153862624899505818e+01 6.074705609638297688e+01 5.660598957614176641e+01 7.423078237360984133e+01 8.285687793035063464e+01 7.353700885917169217e+01 6.922485976681242903e+01 8.122600541193025947e+01 1.021896911964489192e+02 1.078515417789291746e+02 9.916963621884163160e+01 9.693622685953170048e+01 8.390070418555112042e+01 7.103240948961050094e+01 5.039395262626371874e+01 6.699387076253846374e+01 6.765779539077915672e+01 4.809366840498933726e+01 6.254277397348715084e+01 7.444400358797621209e+01
7.958650641446523366e+01 5.944523735953266197e+01 7.958650641446523366e+01 8.612364622841661799e+01 6.939170304096717246e+01 6.249216722526519163e+01 8.259536671087673199e+01 9.299235531146986489e+01 8.157492531734652630e+01 8.823253648278802075e+01 9.817336567966562200e+01 1.180338399086157182e+02 1.282670238595581793e+02 1.198189960268639425e+02 1.110964333774552557e+02 1.025026137452714039e+02 9.598383462521344711e+01 7.508864100233637373e+01 6.041681495220874609e+01 7.738062413723396560e+01 8.600922858297536777e+01 9.977147420339679229e+01 9.442711970501774488e+01 8.122600541193025947e+01 9.870790082758500716e+01 1.107686246117267643e+02 1.107593057233587075e+02 9.693622685890267121e+01 7.604161037076238472e+01 7.527566013251109212e+01 5.450976628607162411e+01 7.103240948961050094e+01 7.965330636671245657e+01 6.481905694502000870e+01 6.864259747257781896e+01 4.901827567710133593e+01 5.429867921707765532e+01
7.483916428661980547e+01 5.463245650954291222e+01 7.483916420151393822e+01 7.785686560413608959e+01 5.769331591162649886e+01 7.785699664754007188e+01 6.860725409830016019e+01 7.301763714095457658e+01 9.299235531146986489e+01 1.081035452781588049e+02 1.163452717157637295e+02 1.262842401796100376e+02 1.198189448599165701e+02 9.913610425593941500e+01 1.051939972912468733e+02 1.000695572992050302e+02 9.578273654100695467e+01 8.721285053897095452e+01 7.500517532462507120e+01 6.441585889323609138e+01 6.928368849261231333e+01 8.434827267673739470e+01 1.063919661877401666e+02 1.021896911964489192e+02 1.107686246117267785e+02 1.131166975476395464e+02 1.022113490695381444e+02 8.125498763257905921e+01 7.988042512606584467e+01 5.905674803326952116e+01 6.645833330041396891e+01 8.390070388079354302e+01 9.425288885229815605e+01 8.565213890957330989e+01 7.824774823437842031e+01 6.962502342888265616e+01 4.995682133975422090e+01
5.959045273306826829e+01 5.014163556912387065e+01 6.829708899888987617e+01 7.052274190007497623e+01 5.457826889503214574e+01 7.478206303220750328e+01 8.629120742404244027e+01 9.299235531146986489e+01 8.458367667945920232e+01 9.608132382317455722e+01 1.159499496571968109e+02 1.275280536007462899e+02 1.067385299529664735e+02 9.486277805611736369e+01 8.534712012396634861e+01 8.089831643307321940e+01 7.700216527640017716e+01 7.322309124438280037e+01 6.936608179040294431e+01 8.572723605443455597e+01 9.078831770869393836e+01 7.742375966253753461e+01 9.006246142505600005e+01 1.122507382307229307e+02 1.131166975570335893e+02 9.213303363899107978e+01 9.598360767094310120e+01 8.510055160129843443e+01 6.425230723324341398e+01 6.943747331749277407e+01 8.732035257684277951e+01 9.593415922122146355e+01 9.841485627403891101e+01 7.761213823021728331e+01 7.338940548213334125e+01 5.203394010774380973e+01 5.064726827805305476e+01
5.328084901784663430e+01 4.569046409228523231e+01 4.796172540037899523e+01 5.024815226263168455e+01 5.400158598478542871e+01 5.786132906552899158e+01 7.802305526899264976e+01 9.207654909454667802e+01 1.044788019441359666e+02 1.127176550763030747e+02 1.241945116027520868e+02 1.359180381164239577e+02 1.198190445546202767e+02 9.913610436441018692e+01 1.051939972912469585e+02 9.148675675106423455e+01 8.992599904262237942e+01 9.194916935014715875e+01 7.688235260687109474e+01 9.828998188348180065e+01 1.068781567202533864e+02 8.456467848944649290e+01 1.068781567202533864e+02 1.209638931858549142e+02 1.138233829033815141e+02 9.598360769829137951e+01 7.501984446522473604e+01 7.000780347752333910e+01 8.510055160854614087e+01 8.417965665387720264e+01 9.893448070365755598e+01 1.025556864590815422e+02 9.059951851845008264e+01 7.761213823021728331e+01 5.621195905607342524e+01 7.338940548211127179e+01 7.132383188972013954e+01
4.286175710231258762e+01 6.338408995821598069e+01 6.829708899888987617e+01 5.859689940932032215e+01 7.421035356078941447e+01 7.802305526899264976e+01 6.373427893375495046e+01 8.382183249776323919e+01 9.669596467012733854e+01 1.033271977422986936e+02 1.115677614174724965e+02 1.215068447665867666e+02 1.282679488750925714e+02 1.198190445546202767e+02 1.202798666021990499e+02 1.117938758328522937e+02 1.099221516408659340e+02 1.073953870544488467e+02 8.914296924908134656e+01 1.073956934032005250e+02 1.156831243943723138e+02 9.582348088781985496e+01 1.156831243943723138e+02 1.200928453609939908e+02 9.927921447168634472e+01 8.432151779497934285e+01 9.595634697866925933e+01 7.732319205323327083e+01 9.847094259503896296e+01 1.051556298420135391e+02 1.056918210733157082e+02 9.399587213067201219e+01 7.326914691984413253e+01 6.122538597907931290e+01 7.761213823021728331e+01 7.761213822830738707e+01 8.097920767396689712e+01
6.073467005317847622e+01 7.170912518211103759e+01 8.695663910437885136e+01 7.028669079223857352e+01 8.695663910437502864e+01 9.207654909454322478e+01 7.538268810147643251e+01 7.067914744175610053e+01 7.675370826424840232e+01 8.343349852578481318e+01 9.339487182683870969e+01 1.132595236577586491e+02 1.171891667483838972e+02 1.088326863329483558e+02 1.171891648482607451e+02 1.147735872486206290e+02 1.064179707552674614e+02 1.147734081591187163e+02 1.112615221987644247e+02 1.199881525834728109e+02 1.265447240926972370e+02 1.179328325526868895e+02 1.265447240926972370e+02 1.199614042977274977e+02 9.926815955998162622e+01 9.926705211099921655e+01 1.072257795067068429e+02 8.785003929133421252e+01 1.072359503351872974e+02 1.118799632525788894e+02 9.106156280804519554e+01 7.642958208680950349e+01 6.620064622290234979e+01 8.202929268273412333e+01 9.059955441797463038e+01 9.841485623638486402e+01 8.308349791738764623e+01
4.485541055657667187e+01 6.530932726145240963e+01 7.839134844612659947e+01 9.027240077283030928e+01 9.845720224747040561e+01 1.035936095471552960e+02 9.534991812929619925e+01 8.485255833395741831e+01 8.703076391646359866e+01 1.033271977422986936e+02 1.115677614174724965e+02 1.215068447665867666e+02 1.071245910483284689e+02 8.872226521439515068e+01 1.071245910483284689e+02 1.047178014830184054e+02 8.633192015789983031e+01 1.047178014830184054e+02 1.103618643744192411e+02 1.020210271041190566e+02 1.103618643744192411e+02 1.075090046958019059e+02 1.157883635550380887e+02 1.281231521665085893e+02 1.197773686108112798e+02 1.198000940952479851e+02 1.184882444799442140e+02 1.093193671311829434e+02 1.168279182023734677e+02 1.120085547988795724e+02 1.038603217938546237e+02 9.041580544978707223e+01 6.981866732433780953e+01 8.164314845130842002e+01 1.023987884295631687e+02 9.521317298053487832e+01 7.420396105142295085e+01
6.530932726145240963e+01 4.978687236767899549e+01 7.009630688439760604e+01 8.350864014398423762e+01 9.352915517277662616e+01 1.076286633665663430e+02 1.070001242636804619e+02 1.047594370829406074e+02 1.069343942099904154e+02 1.151796212553412317e+02 1.216862179084714199e+02 1.133355871702973729e+02 9.877747573858277974e+01 7.878787858949986855e+01 9.877747573858277974e+01 9.637494153614069603e+01 7.641835071751481223e+01 9.637494153614069603e+01 1.003453933913814780e+02 8.203100615176219890e+01 1.003453933913814780e+02 8.837044736265137601e+01 1.020217514852313911e+02 1.126818634993540655e+02 1.213575601677282521e+02 1.121576896826314709e+02 1.214265089229234746e+02 1.263323938286188906e+02 1.076884203158462157e+02 9.357824371502208294e+01 8.331303417161572611e+01 7.557758565723781885e+01 9.041580565419504012e+01 9.894568169749715025e+01 1.108802144215871550e+02 1.038273214177731631e+02 8.631219421144560044e+01
7.839134844612659947e+01 7.009630688439760604e+01 5.501676579444607285e+01 6.518685866141343865e+01 7.942964697898695192e+01 9.293495262546157676e+01 8.710896777580597927e+01 1.011792108452577139e+02 1.210530523838364019e+02 1.276128818069034310e+02 1.074217380978184622e+02 9.319848743649129119e+01 9.211427278652399764e+01 7.220402489198954754e+01 8.362453455136278535e+01 8.124464232688774246e+01 6.983962309237215038e+01 8.972274296707826124e+01 9.202601662794054960e+01 7.218228659513424361e+01 8.585466809498728935e+01 7.837871446239269346e+01 8.272803936462740637e+01 1.035817323744832379e+02 1.099392700587438156e+02 9.027853840986752232e+01 1.099518072873256074e+02 1.244680902160862246e+02 1.213992580110947301e+02 1.090682049481796696e+02 8.857274868715082050e+01 8.584558024736992365e+01 8.584558026351666626e+01 1.005421204309503906e+02 1.211625865221471798e+02 1.159109920125062416e+02 1.073721364543061298e+02
8.811890342436278445e+01 8.350864014398423762e+01 6.518685866141343865e+01 6.146555800289254279e+01 6.654525111030163487e+01 7.294562804618405494e+01 8.298458475871156281e+01 9.706610919209659016e+01 1.169341393352644616e+02 1.181398276207489459e+02 1.188128885933989665e+02 1.005997670445378560e+02 8.058940454890201011e+01 8.362447993215026543e+01 6.375818041795368174e+01 6.138085379668068953e+01 7.540266171252856964e+01 9.534757345731466671e+01 8.501019859282429536e+01 6.522591971908411779e+01 6.617372089977989447e+01 7.301076976658202966e+01 9.043840557061496099e+01 1.072013121366137796e+02 1.009240570554093779e+02 7.979606646606183062e+01 9.246949156396217973e+01 1.077324019330341542e+02 1.203524234434078153e+02 1.087275722530291517e+02 1.090682049485747456e+02 9.784250138430607535e+01 9.784250293541609267e+01 1.065817151178348325e+02 1.270720427130595169e+02 1.212132190530634261e+02 1.128135353022716316e+02
7.996877709057234540e+01 9.352915517277662616e+01 7.942964697898695192e+01 7.314378690032462771e+01 8.661377316957128869e+01 8.077492969103442988e+01 1.007099882840286824e+02 1.111245244056262322e+02 1.038978469150812316e+02 9.799862535173772926e+01 1.104601827701274601e+02 9.033957373576868122e+01 7.885362479828069127e+01 7.001952787385354782e+01 7.611574597842582079e+01 5.617853985332811817e+01 7.224277967514566967e+01 8.052395765275049655e+01 7.349015563029695386e+01 5.893120459307757386e+01 7.875386028232723845e+01 9.371559401992550420e+01 1.025417554496872867e+02 1.120850817009187210e+02 8.872054339975530013e+01 7.253835962759931988e+01 7.733482266590954168e+01 8.946149151830574908e+01 1.118725834156948054e+02 1.279459357658138714e+02 1.268329724815199597e+02 1.185176856879038354e+02 1.185197009680810254e+02 1.268448325494640869e+02 1.232657566936834712e+02 1.027265153652215872e+02 9.202683360465405826e+01
7.418335731989002113e+01 9.393601596497489936e+01 9.938491886570800204e+01 9.314345834982961492e+01 1.013877587567798173e+02 1.007099882840286824e+02 1.089513705857745549e+02 9.785169905765056342e+01 8.347759792173764026e+01 8.347759792173764026e+01 1.038978469150812316e+02 1.071887064789320760e+02 9.205942625835746185e+01 7.214965323245402828e+01 6.224192985662375577e+01 7.224277746576200343e+01 5.222167216797670619e+01 6.852496907503017098e+01 5.352715903683420606e+01 7.349015563029695386e+01 8.702602917714241926e+01 9.507963919017707610e+01 8.666594142633792330e+01 9.507963919017707610e+01 8.696898222367551057e+01 6.650300688036354302e+01 8.696539919421789477e+01 9.823883653149280804e+01 1.086002264577387280e+02 1.192072594401025327e+02 1.107948381824960080e+02 1.097444926424379474e+02 1.184257896938040631e+02 1.295728707040597385e+02 1.180236577320330440e+02 9.673002593172536479e+01 8.196356202058009899e+01
