MOVIE_S9_data/elevation_000554.asc
nrows	100
cellsize	150.0
xllcorner	0
ncols	100
yllcorner	0
NODATA_value	-9999
[rows 51 to 67 of 100, columns 0 to 36 of 100]
6.455108993161302877e-02 2.006455108983167079e+01 3.589566856032303832e+01 4.589580251588936477e+01 5.968484897140192658e+01 5.794824679706954385e+01 4.674494776078553571e+01 6.394093436462075175e+01 5.045118014383829319e+01 2.852782049585758628e+01 5.045118014383829319e+01 4.796978912737292688e+01 2.813715769401077438e+01 4.796978912737292688e+01 4.926621775111182444e+01 5.301337616509075445e+01 4.375918217031639301e+01 2.378882612306967204e+01 4.376498770503380342e+01 4.013294821718665872e+01 2.447308263629614089e+01 3.756585214359127889e+01 5.403177397000285964e+01 6.815033618158221884e+01 5.771760712159742468e+01 3.791693149739160162e+01 5.771760708789046390e+01 5.781591507461558876e+01 4.960462875795472115e+01 3.360863002937072963e+01 5.333149895066331680e+01 6.952372738987597245e+01 7.781745989680878495e+01 8.778298030171256983e+01 8.808267456290350594e+01 7.212755708339102512e+01 5.227715520801541516e+01
3.995603441288197999e-02 2.003992476199791994e+01 3.057759340009096505e+01 3.041913127143084594e+01 4.462306280139397785e+01 5.624406014808032239e+01 6.738666103668532514e+01 7.580441024601398681e+01 5.938258026352012564e+01 3.939888395557844802e+01 5.938258026352012564e+01 5.392922830592736005e+01 3.416400458971868659e+01 5.392922830592736005e+01 6.935508415355926104e+01 5.849194681673103702e+01 3.866159775451000513e+01 2.710229590461070259e+01 4.704326240331173636e+01 5.243105984862756941e+01 4.424758832484617699e+01 2.893589722419130084e+01 4.034093247399545845e+01 5.991658319924184894e+01 6.396883059739445798e+01 4.420072625116138454e+01 6.396883059739445798e+01 7.024108945461370013e+01 5.056190643681580354e+01 3.669094210289753022e+01 4.296588247827779838e+01 4.986962915205648272e+01 5.959623207627111441e+01 7.945122270348080917e+01 8.774729259906067114e+01 6.777948245157864449e+01 5.628283530536641166e+01
4.804567899273937126e-02 2.284118808324356209e+00 2.229122288604092361e+01 1.620975415270086728e+01 2.777854634646156029e+01 4.788396850488165768e+01 5.761261381132475634e+01 6.590182279715121183e+01 7.031202669180787268e+01 6.150347633209812415e+01 7.031202669180787268e+01 6.090644208278452254e+01 4.117190138116879439e+01 6.090644208278452254e+01 7.912406610453567168e+01 6.670887077516273678e+01 5.055848128142513076e+01 3.067349596187790439e+01 5.055848128141034437e+01 6.542196263782230403e+01 5.187823224809194045e+01 3.229629466021610540e+01 4.613195567561568566e+01 6.575097108251092948e+01 7.224666251110473070e+01 5.300684223884682211e+01 7.224666251110473070e+01 7.367384274296236413e+01 5.395510135557390896e+01 4.017190623461538479e+01 4.719347285208554865e+01 6.680770107321535534e+01 7.781745989680878495e+01 8.778298030171256983e+01 9.606227572054643815e+01 8.327691565528830608e+01 6.331375379763757394e+01
9.707512844716031930e-02 2.009707512844680366e+01 5.507681914386830080e+00 2.552710793178806270e+01 3.729207501576811268e+01 5.145029957619544092e+01 3.758596359408092269e+01 5.434192168448237936e+01 6.849867956215732079e+01 7.922163917564162716e+01 7.868824238641654745e+01 6.914361917060817575e+01 5.253733367190135795e+01 6.914361917060818996e+01 7.086458706121609907e+01 5.102548399954563507e+01 3.961480600635390914e+01 5.055848128131916042e+01 3.736059072574411744e+01 5.715742655931053662e+01 5.532498905879440088e+01 3.582718814720564637e+01 5.532498905879440798e+01 6.944504430645068283e+01 8.114460242259148970e+01 6.698505696201915782e+01 8.114460242259148970e+01 7.855086504840649297e+01 6.329581977415644900e+01 4.377226687273041961e+01 6.328220761495177271e+01 5.951997262411499179e+01 7.088768581331400753e+01 9.088586820077989614e+01 9.741110680739137706e+01 7.742234198722931637e+01 7.742234198814523438e+01
5.001202446392439237e-03 2.000500120244603863e+01 2.552710793178806270e+01 8.964718465679309745e+00 2.313385044260015277e+01 3.533453790212985979e+01 2.600301279233785934e+01 4.018516380680746636e+01 5.918733028268058405e+01 5.918733028268058405e+01 5.864446080769463521e+01 7.281101283777108790e+01 7.233885677907706224e+01 8.060026146931318181e+01 7.196693559940203500e+01 5.211521945653079513e+01 5.941240560966205209e+01 6.226229058450847731e+01 4.249123723005112652e+01 6.226229058454801901e+01 6.270008033427954786e+01 4.318742292294359686e+01 4.171848329167158909e+01 6.119840706924193086e+01 7.787510416698728477e+01 8.696574657722510437e+01 8.434587947711744960e+01 6.438710763765317324e+01 5.061188040282402056e+01 6.329581977415644900e+01 5.242144604024551313e+01 7.209309871813466941e+01 8.761066819067667666e+01 9.914781942656790648e+01 1.057441697354437764e+02 9.741110680739137706e+01 9.741110914466231918e+01
5.279685921607564503e-02 2.005279685921572153e+01 3.729207502322483947e+01 2.899956027410421200e+01 1.259090904218808227e+01 1.526944952022495627e+01 3.533453790213077639e+01 4.788808696284500854e+01 3.909743247779354647e+01 5.291256626626053361e+01 4.441888656376308120e+01 5.864446080769463521e+01 7.868824238641654745e+01 9.311576057431835807e+01 8.027284277850232286e+01 6.611570743644884374e+01 7.113336144300104991e+01 5.129704397009348327e+01 6.226229058454801901e+01 7.054359993590936995e+01 7.095488914272728209e+01 5.282460045980875663e+01 4.851066143405173392e+01 4.991575864935071394e+01 6.373381697190870909e+01 8.371338491075105992e+01 9.025684150867685673e+01 7.023289656527717284e+01 5.669818358508327805e+01 7.649236695130515784e+01 7.209309871813466941e+01 6.281094911045109086e+01 7.685038653872750558e+01 9.700003962846170680e+01 9.428382647626757773e+01 1.028284827126874461e+02 9.776265724832411763e+01
5.738623160518319517e-05 2.000005738623125140e+01 3.649455760282884853e+01 4.093781345092663315e+01 2.417365461436704521e+01 3.533453790212230672e+01 1.950271951545628824e+01 3.958915337778159937e+01 2.900861125623814019e+01 3.275831913992555400e+01 5.291256626626053361e+01 6.475697985636178089e+01 6.475697985636178089e+01 7.821933885026132316e+01 8.651047027332181472e+01 8.609339487927086054e+01 7.944465655866797249e+01 6.269832266896321471e+01 6.528152196699085152e+01 8.526095167144927700e+01 7.257556020875033198e+01 7.257556020875033198e+01 5.578594715885534328e+01 6.958569693601828021e+01 6.115167099941456286e+01 8.110679062159586294e+01 9.069950457603610516e+01 7.060757786464058938e+01 6.801102600809296916e+01 8.484459367728034351e+01 9.111707514798196428e+01 7.685038653872750558e+01 9.111707514798196428e+01 9.104994200361861090e+01 7.397706806086912934e+01 9.104994200361861090e+01 8.758035407897963864e+01
4.532054705376769438e-02 8.210286356330957602e+00 1.975729174012326794e+01 3.975729174012183620e+01 3.834841698715577962e+01 4.788563535071562427e+01 3.111188470060715971e+01 2.411867370128389254e+01 4.422856152679815978e+01 5.291256626626053361e+01 3.933126001602309429e+01 4.457407778332798642e+01 5.099394790670285005e+01 5.814515228094702337e+01 6.975341686196493640e+01 8.978400335273158817e+01 9.099791808020235351e+01 8.265583869068282752e+01 8.526095167144927700e+01 9.360779129849930769e+01 9.260444766430286734e+01 8.395045264453594314e+01 6.561177182457448964e+01 8.395045264453594314e+01 7.261593259299175429e+01 8.941256640212010609e+01 9.908160948992014028e+01 9.069950457603610516e+01 8.807809413789014741e+01 9.645803747914195014e+01 9.827479646236508870e+01 9.700003962846170680e+01 9.409024919645524676e+01 8.255971403876858972e+01 6.250577579797994332e+01 8.255971403876858972e+01 7.909390639351836683e+01
9.001595176218035732e-02 2.009001595176182420e+01 3.649455760282884853e+01 4.804156298299614036e+01 5.836961672704674697e+01 5.945400158405448110e+01 5.116846123557115789e+01 4.422856112547872698e+01 5.253042210518827204e+01 6.786171905582141051e+01 5.536975528509098154e+01 6.475697985636178089e+01 7.112204212527826996e+01 7.821933885026132316e+01 8.651047027332181472e+01 9.807112704567086325e+01 9.459075823380578640e+01 8.630995911198658632e+01 9.459075823380578640e+01 9.733377988346204290e+01 1.031934381453621796e+02 9.398021022785074763e+01 8.567366900418203102e+01 9.398021022785074763e+01 9.270551838859613270e+01 1.010005296096948655e+02 1.010822882824818691e+02 9.143049652682439898e+01 8.343469043403617036e+01 9.143049652682439898e+01 7.900972233297071057e+01 9.264849651250661111e+01 8.559551479121654438e+01 6.550782210340048550e+01 5.562440614490824231e+01 7.546957617898959825e+01 7.241832636549703750e+01
5.674351268809080251e-02 2.005674351268773492e+01 3.383292253776976821e+01 4.211719378488916732e+01 5.366419916765482867e+01 5.873840664265248535e+01 5.736249363003435775e+01 4.890994630666062193e+01 5.155460974164795829e+01 6.000910195107250189e+01 7.764541378188721410e+01 7.244606595394832027e+01 7.614530165377880166e+01 6.761505641069820172e+01 7.624628433775839653e+01 8.631512783667479027e+01 8.460351650555384140e+01 6.634257282822123614e+01 8.460351650555384140e+01 7.734083442526784324e+01 8.319663257408001300e+01 9.087066214693558663e+01 9.915663498825684030e+01 9.978975528673805684e+01 1.080767384403797138e+02 9.723386603582551402e+01 8.923360764658181665e+01 7.369624480865670080e+01 6.395779918327712465e+01 8.171743123227044237e+01 6.519732978178754479e+01 8.294304343911956323e+01 8.417552132982000046e+01 6.919398239288773311e+01 4.956936768274017879e+01 6.919398239288773311e+01 6.644550483521436490e+01
9.518805923843161321e-02 6.761854725905068975e+00 1.383292253777048231e+01 2.537992792156279265e+01 4.537992792156207855e+01 3.875062876920944177e+01 4.591971765494350421e+01 2.933355497344770413e+01 3.183043530664976473e+01 5.155460984114461809e+01 6.934767227732912431e+01 5.501033402115823634e+01 6.568470641134231869e+01 4.749514342410026302e+01 6.568481536940802812e+01 6.633984770739921544e+01 6.633984770739921544e+01 5.635342944469451254e+01 7.632626597010396097e+01 6.322280223962783197e+01 8.254466891034873299e+01 7.088668601985054352e+01 8.564956925180372593e+01 7.979251242165535984e+01 9.978975528673805684e+01 8.923360764658181665e+01 6.984734602152713023e+01 7.369624480865670080e+01 5.401114271628492958e+01 6.441659869007960992e+01 5.526572861402407000e+01 7.492483084359818690e+01 7.573572215283562059e+01 5.590738907947766734e+01 4.482707107373598632e+01 5.813379680134787009e+01 6.101132914144119468e+01
9.062254805971975413e-02 2.009062254805936476e+01 3.383292253776976821e+01 4.211719378488916732e+01 4.460482471645733682e+01 2.462177921956254067e+01 3.047462506665330650e+01 1.856469861845526736e+01 3.130854749451934183e+01 5.107261471084161997e+01 6.086817199999297401e+01 4.286873728523207205e+01 5.725091703261742992e+01 3.784064732540097253e+01 5.725091837514813164e+01 6.633984770739921544e+01 4.634353933581089535e+01 6.633984770739921544e+01 7.426406409430353506e+01 5.429131581027289855e+01 7.178516193299334702e+01 5.936344869997525109e+01 6.567453296424578468e+01 7.979251242165535984e+01 9.978975528673805684e+01 8.923360764658181665e+01 6.984734602152713023e+01 5.587944009283577174e+01 6.441659869007960992e+01 4.454980343577774704e+01 6.441659869007960992e+01 7.072691169465174710e+01 7.876853355084094233e+01 7.206430522890859436e+01 5.236359127989950224e+01 3.880848832758805145e+01 5.266777413322094503e+01
3.063233560239582431e-02 1.421268971428834504e+01 3.466203619730259078e+01 3.892820094591758107e+01 3.660037587784730562e+01 2.832145566971410489e+01 1.049299088951171655e+01 1.204485514794034096e+01 3.203012003381204664e+01 4.259684361607665437e+01 5.297731549150603314e+01 3.348809864246146617e+01 4.292977080083363006e+01 3.127271606720734454e+01 4.911011207013416424e+01 5.392235182145957850e+01 4.098941562472366940e+01 6.099560949834472012e+01 6.186157762291305318e+01 4.721823857799500956e+01 5.181037364510587651e+01 7.178516193299334702e+01 8.564956925180372593e+01 9.393462543101749418e+01 8.740471719930678773e+01 7.911202116140891860e+01 8.354060602867633634e+01 6.570244534124240943e+01 4.585938844764495315e+01 3.999391725790203367e+01 5.505543076451924378e+01 5.098054002819473141e+01 6.742412963320632002e+01 7.823098197094910233e+01 6.641703932116610076e+01 5.266777413322094503e+01 3.332983097741833944e+01
5.666595628964066211e-02 1.981366169634259222e+01 2.363288640359462889e+01 1.893817331752930144e+01 2.619455089996432662e+01 8.336672114081627782e+00 2.832257064024033966e+01 3.203012003381199690e+01 1.433767909414526898e+01 3.431897869979595583e+01 3.832559700239342959e+01 4.014763405543207853e+01 2.296362040195212373e+01 2.497092916508530891e+01 2.933058405332885599e+01 3.391498425190122390e+01 5.392235182145957850e+01 5.686339920877498599e+01 4.186886396636064944e+01 6.186157762291305318e+01 7.178516193299334702e+01 8.006480457382828320e+01 9.508585379894600464e+01 8.322496200902359931e+01 7.492788319902682304e+01 5.902466289499864160e+01 7.581860854630137680e+01 7.376090702429674195e+01 6.570244534124240943e+01 5.505543076451924378e+01 3.483909557354080988e+01 3.926632592954737078e+01 5.035522824823483745e+01 6.036193325097094942e+01 6.849427804387717345e+01 6.089286717058664777e+01 4.758909737810488139e+01
2.110006612196471329e-02 2.002110006612160831e+01 3.410963414742095079e+00 4.801055598764462751e+00 6.204768461950886937e+00 1.028653828422670102e+01 3.027463925058423300e+01 4.256483973524958486e+01 3.426591286451775176e+01 1.666829546293511299e+01 1.835053083400894991e+01 2.024606794930894083e+01 4.021776480267367759e+01 4.495664390724026305e+01 2.844862976078315953e+01 3.121916837674626422e+01 3.401640507670429514e+01 3.687011520293555833e+01 5.686339920877498599e+01 7.014010828779890971e+01 8.223837488729640199e+01 9.377702080250480776e+01 8.662337361503774957e+01 6.673166437508682236e+01 5.484970135891912690e+01 4.743365353450907662e+01 6.684249763443382619e+01 7.150959543650850492e+01 7.287878178987604372e+01 6.317889225827605770e+01 5.035522830738019451e+01 2.971576271321637464e+01 4.609763164233064003e+01 4.020160252488815189e+01 6.035516194486909569e+01 6.022303952531203919e+01 4.554599330964940407e+01
9.367352646185668485e-02 1.454501155556255254e+00 1.039556751915192301e+01 2.473513601245102222e+01 2.619445311994961401e+01 3.027463536269862132e+01 1.645534878581887028e+01 3.644294628994791907e+01 4.486286569886528497e+01 2.665707210926857229e+01 3.832559700290124027e+01 2.378671431908057698e+01 4.376049512065971925e+01 5.671540442880677801e+01 4.843599816752963250e+01 3.697003695827983449e+01 5.400721577644733884e+01 5.101013843242277801e+01 4.503550799061804355e+01 5.398016079209295270e+01 6.551322598759489324e+01 8.549291290989138759e+01 7.832980613359744382e+01 5.824123533447076539e+01 4.665185463371882690e+01 3.848238506486637078e+01 5.144475878325267360e+01 5.144475878325267360e+01 5.233939584275054813e+01 6.682229780805958796e+01 5.851985894235249219e+01 4.609763164233064003e+01 2.494765231341148493e+01 4.197295472749371470e+01 5.030606584087373534e+01 4.073080046016050915e+01 4.074079943020046102e+01
3.648181865326004941e-02 2.000880176166690561e+01 2.780831053566994271e+01 2.440829964811510067e+01 4.352276760412971868e+01 4.102850574067865352e+01 2.104049086652934619e+01 4.102851364246909327e+01 5.491279615851509988e+01 4.078318629834422637e+01 4.775502545595639958e+01 2.778248506830204789e+01 4.190634744624495056e+01 6.187469265798422668e+01 6.328015704417254028e+01 4.329267100525591161e+01 6.328015704417254028e+01 7.099442016683175893e+01 5.917163539445978415e+01 5.917163539446131892e+01 7.915093610465673635e+01 8.754932831258525994e+01 7.597350566623556745e+01 6.767534149561579682e+01 6.058363532629718406e+01 5.144475878325262386e+01 3.142033427245095467e+01 4.526508721709322458e+01 3.795323223484907516e+01 5.807542313028935155e+01 5.583932419839629802e+01 4.771710849482530392e+01 3.944468150874858736e+01 2.044891197686356676e+01 4.039459843124623006e+01 3.813684915271674924e+01 2.092914059768773427e+01
