MOVIE_S9_data/elevation_000827.asc
nrows	100
cellsize	150.0
xllcorner	0
ncols	100
yllcorner	0
NODATA_value	-9999
[rows 68 to 84 of 100, columns 37 to 73 of 100]
2.916559592093258857e+01 2.301479041251848301e+01 3.705109049367767682e+01 2.887272742799239111e+01 4.787649522782398037e+01 6.178637617056431708e+01 7.010265361478015222e+01 7.731384827168179186e+01 7.173837637451313753e+01 6.334410734458536041e+01 8.320516111688574767e+01 7.433293578373842081e+01 5.477733479878769174e+01 6.296021750557692087e+01 4.927316976513736790e+01 5.422669166968476873e+01 3.520242920014630528e+01 5.498176963419810193e+01 6.387086776048919035e+01 5.775833526739297952e+01 6.121881471897945204e+01 4.622687539913449939e+01 6.584218831057027899e+01 5.807151039134755877e+01 6.313909263159676755e+01 6.858056996643597358e+01 7.733782693072464554e+01 8.869563336490244865e+01 1.087296178557061666e+02 1.096348433458393288e+02 1.089125250752198326e+02 9.495267221609964281e+01 9.240428696576007894e+01 1.062916862481458935e+02 1.260587835476774501e+02 1.226509508278324319e+02 1.248243990932862744e+02
4.795047539282015947e+01 3.992996404493546692e+01 2.254504859466591427e+01 4.251828643698335952e+01 3.656930680610442863e+01 4.246778525835630091e+01 4.982984746344917681e+01 6.161182341451740285e+01 8.267974781937972750e+01 7.480859365612052159e+01 9.145675469856378470e+01 8.259285125080275236e+01 6.598500171616937848e+01 7.699239972149845812e+01 6.873986205117783754e+01 6.311033449084505520e+01 5.487766962269447646e+01 3.590282588964848998e+01 5.567937398945664995e+01 4.359151966737449868e+01 4.161085548326178696e+01 6.121881471897945204e+01 7.405970331127612383e+01 7.774553846782841049e+01 8.282857998729430449e+01 8.829690838099327266e+01 9.660482076541842389e+01 1.055153294339450696e+02 1.038776078682854518e+02 8.974668167635689997e+01 1.038776078682911503e+02 1.146462446006953257e+02 1.120813350028043800e+02 1.203015246812163070e+02 1.232054701757953410e+02 1.254387824905717252e+02 1.279923859145910541e+02
2.202782341542757294e+01 2.208178440095141681e+01 2.259473001473644160e+01 4.479922225516800438e+01 5.567730132375301366e+01 6.178637617056539710e+01 7.010265361637856074e+01 7.919319589871369658e+01 9.132254829404772067e+01 9.467508557287747806e+01 1.029422868447531982e+02 9.405057257468368448e+01 8.573642578915516310e+01 8.672811566522086935e+01 7.533838827749977440e+01 6.122414708089818447e+01 4.156246516414926617e+01 5.285213435546967276e+01 3.661195017314908284e+01 3.711496989933080215e+01 5.609066561107415083e+01 6.545507217118642984e+01 7.846569138319962633e+01 9.294517950327490041e+01 8.574060366842452652e+01 7.756098561354252752e+01 8.574060366933703392e+01 8.649068720221892193e+01 9.472716615093483483e+01 7.603040203598126823e+01 9.372548351764289976e+01 1.020188948989066517e+02 1.119533073175530689e+02 1.172875745971049071e+02 1.029351654338999822e+02 1.051489458379001576e+02 1.254387824905717252e+02
2.163213917041011314e+01 4.024097080741702115e+01 2.475066057429026145e+01 4.460325354091025929e+01 5.644248702040788146e+01 7.066353604113037079e+01 7.513948346116289656e+01 6.683520878068102888e+01 7.513948346947792345e+01 8.414558197195626121e+01 9.588061873762856635e+01 1.032387945388312289e+02 9.184527370535593604e+01 7.847397596407358833e+01 5.882909477861404213e+01 4.753605525660650954e+01 6.122414708089818447e+01 6.376726852304520321e+01 5.638278808114046825e+01 5.688118596430829399e+01 3.783897166631621900e+01 5.163008270998960825e+01 6.719781550166145223e+01 7.335809073574048966e+01 7.597929966136049984e+01 5.813283977909167533e+01 7.146356326511394741e+01 6.704320154438923396e+01 7.949417816454895558e+01 6.741693566723449749e+01 7.422950801564184076e+01 8.385454576442991481e+01 1.035964212708559558e+02 1.088722002360833017e+02 8.904925058859770104e+01 1.088722002360833017e+02 1.124231571001028982e+02
2.128632309215187490e+01 4.051639021649354078e+01 4.460325354091013139e+01 2.806062556696276999e+01 4.222143766479234728e+01 5.453228527827291572e+01 5.733850408511055718e+01 4.669440422593390849e+01 5.576053145055692539e+01 6.734920608391979613e+01 8.738562559770312532e+01 9.502496948005176591e+01 7.524533742861007113e+01 6.394131077576568600e+01 5.521375983644450969e+01 5.882909511520909263e+01 7.533838859091521556e+01 7.749223784786649105e+01 6.000175856337965286e+01 4.951708646325408125e+01 5.435788073599711367e+01 3.856768304316796048e+01 5.979803512026589374e+01 5.953344171608370772e+01 6.312339809512432964e+01 4.809063237799634294e+01 5.199219464595248041e+01 5.589092552789831814e+01 6.010299975400169359e+01 7.126024317378229966e+01 9.074194253504569474e+01 1.020188948985468755e+02 1.119533073175445423e+02 1.022645503535882341e+02 8.280926326347260158e+01 9.836421328556566834e+01 9.254080823123965160e+01
3.104328773999936431e+01 3.043148232345131632e+01 5.016450247814789520e+01 4.812245213148838019e+01 3.163076317407391613e+01 3.431503826512768995e+01 3.710395762309902068e+01 5.733850408510799923e+01 6.772273025843256278e+01 7.439628899278372387e+01 8.269744608968359501e+01 9.267731422319198487e+01 8.730315969092040973e+01 6.757069313310910275e+01 6.903804912606850053e+01 7.847443773724707228e+01 8.672704298786770494e+01 8.520133260398149844e+01 7.491318858480934750e+01 6.714982810327173013e+01 5.869443934594488610e+01 3.908466640314558305e+01 5.881536194992406763e+01 6.067883309784340895e+01 4.355331399099957679e+01 6.309145633699778699e+01 7.145468411937747533e+01 7.526267612260961926e+01 7.949417816454895558e+01 8.768054209381061526e+01 9.900887263341871858e+01 1.004224537708405336e+02 1.086310524267542803e+02 9.639856058390098781e+01 7.727198163955220878e+01 7.912836375170796543e+01 9.836421323616603729e+01
4.324749297287178251e+01 5.013108424302235022e+01 4.281273934807892090e+01 6.012159026399078243e+01 4.328561421127056974e+01 5.453228527837561046e+01 5.733786670213584102e+01 4.170747451144234930e+01 4.760376369812958330e+01 5.437796168871169300e+01 6.441867663095020191e+01 8.437988340081257377e+01 8.730361405656103102e+01 8.730361405534037544e+01 8.878472234666638485e+01 8.623249433091817195e+01 7.778371730654980354e+01 7.355349047148911268e+01 6.960699958841355794e+01 6.161279880095813155e+01 3.983125542591849211e+01 3.960968214222133099e+01 5.693437306530739761e+01 4.110431519008513135e+01 4.163744848592372705e+01 5.826314508271416059e+01 6.916748061638413958e+01 7.282565453469040051e+01 9.180710830986222959e+01 9.480315341822169728e+01 8.667120722748609296e+01 8.097525440969263855e+01 1.004224537708405336e+02 9.109380203712717616e+01 7.216559272697330130e+01 7.216559272696979122e+01 8.085714766427282996e+01
3.995788409862142743e+01 6.008249737290947934e+01 5.435974485804471357e+01 7.109476829606300896e+01 5.757493224573431689e+01 6.760462714533154838e+01 4.748506897356926970e+01 6.191439903756679541e+01 6.772269669622137656e+01 7.439618741712521910e+01 8.269303429450394560e+01 9.271519938751058021e+01 1.072770592515814769e+02 1.021776183145950370e+02 9.304204599081236893e+01 7.778516881835685126e+01 5.749083739528100523e+01 5.343022511617949988e+01 4.972232711422031315e+01 4.614239013939406675e+01 6.133928289382352972e+01 4.422309098245123948e+01 4.035436722420215716e+01 6.004404083304464734e+01 6.117987327503025341e+01 4.240617703879934197e+01 5.370328270506043822e+01 7.058716602591752576e+01 8.509815831991015500e+01 7.701731599768552883e+01 6.736342476788489364e+01 8.667120722748609296e+01 9.751180469253758076e+01 9.931593848874126707e+01 8.440163283762227309e+01 6.551681525931552130e+01 7.952558010374293929e+01
5.896259003205850036e+01 6.834808700078883703e+01 7.436536935840589990e+01 8.264022663499902421e+01 7.762005086226703554e+01 7.587974388382583868e+01 5.915662927311726094e+01 5.408123986702884167e+01 6.045476715032741311e+01 7.198051561886927630e+01 8.607351191729981110e+01 1.060492758569551057e+02 1.055209385363541656e+02 8.510969962320476156e+01 7.328840204224442800e+01 6.417183656811359072e+01 7.778516881835685126e+01 7.355349047148911268e+01 5.838619718502027922e+01 5.431804280185600220e+01 7.248421644002435471e+01 6.656646945148661132e+01 5.079997701279548750e+01 6.993188359833364132e+01 7.004070311704187191e+01 6.192688020183624786e+01 4.317552444062361161e+01 6.266134003514402195e+01 7.152946527926908971e+01 5.768850398280745395e+01 7.701722739946956153e+01 8.034718623768543466e+01 7.658504181740840977e+01 9.751180469196876288e+01 9.253159117055774630e+01 7.952558010374293929e+01 6.050618535545591925e+01
5.067608624055436195e+01 5.533785127947832905e+01 7.534264116252077770e+01 8.520983562618089024e+01 8.860167276709546513e+01 8.741698634723107375e+01 7.914564992238874197e+01 6.566760348017811566e+01 6.676667389981781753e+01 7.198051605560604571e+01 8.348357956734344043e+01 1.034571999850283817e+02 1.139527404059166287e+02 9.423037379007566017e+01 7.378394525259901116e+01 8.459183494347837495e+01 9.304204599081236893e+01 8.708287187162073906e+01 7.000164192435271104e+01 6.483442166574879195e+01 8.331180437256981008e+01 8.239392935035554899e+01 7.304401245668984188e+01 7.956877967722407163e+01 6.325720485969441143e+01 4.682120568057046484e+01 6.266199370398903312e+01 4.395843605459717907e+01 6.341278809253866200e+01 5.209285124578423165e+01 7.096536239748398600e+01 5.940896057936083707e+01 7.907008251945171651e+01 8.918684953684734751e+01 8.980589884753688068e+01 7.072087820784477685e+01 5.720420898862314374e+01
3.528684168780267782e+01 5.533785127947832194e+01 6.523989265248049207e+01 6.523989265248049207e+01 6.864348203558955674e+01 8.860167276709546513e+01 9.389069711683086439e+01 8.561846295780374305e+01 7.673987208910880042e+01 9.192542486018659531e+01 1.001985522792870285e+02 1.117301776634263888e+02 1.137675248970333115e+02 1.026710963599190620e+02 8.825332860190101769e+01 8.825332860190101769e+01 1.086602373462839068e+02 9.886717737106516779e+01 9.041769191250746474e+01 8.226610583626032280e+01 9.503541096260073573e+01 9.348014735581564594e+01 8.721932683056594726e+01 8.065347744121116591e+01 6.876013954623500979e+01 4.939850855100328886e+01 6.847959826649815795e+01 6.229337996500813546e+01 4.473725636709002629e+01 6.415650319453344252e+01 6.559440650294348529e+01 5.010663728713345222e+01 6.121299908364351694e+01 8.107548047246112333e+01 8.710543764020927426e+01 7.661870516677278431e+01 6.755692588808588539e+01
4.947492097619703344e+01 4.045716435881219297e+01 4.520394937722406326e+01 5.232025288027571719e+01 6.232906780282986858e+01 7.643576005708010257e+01 9.639842327752469942e+01 1.049727886384510498e+02 9.669697369317783853e+01 1.049727886384510498e+02 1.067302973438886227e+02 9.833350636422295565e+01 9.351816807866885028e+01 1.078466602320281424e+02 1.086602373462839068e+02 1.086602373462839068e+02 1.170888641179370921e+02 1.159936921572596589e+02 1.076282326727224472e+02 1.058461760353470282e+02 9.536432483156089290e+01 7.686741616011872225e+01 6.754337677909266802e+01 7.250497606888706059e+01 5.314501460260528631e+01 6.876013954623500979e+01 7.368258906811888664e+01 6.397504178437690570e+01 4.507058728485484522e+01 4.553450259182404380e+01 4.616159661682915072e+01 4.677497048427198223e+01 6.615504563910980096e+01 7.512236572180745497e+01 7.429347332370983281e+01 6.182518594217112451e+01 5.077645764211689539e+01
6.655546792324298622e+01 4.652938102077187921e+01 6.523989265248049207e+01 5.789923810435247731e+01 7.787139164741878972e+01 9.055611152824793919e+01 9.631698223616508869e+01 8.811349779706388574e+01 9.631698223616508869e+01 1.004868347529099708e+02 9.502615467178735287e+01 7.806111992050556125e+01 7.917913829341553367e+01 9.944906737610169500e+01 1.085994957265967145e+02 1.187263459810068866e+02 1.207887903139236272e+02 1.076282326727224472e+02 8.789999424018397178e+01 9.087589942457658765e+01 8.880559209803885778e+01 7.953077212475641034e+01 6.023896816105046526e+01 5.708736879336196779e+01 7.250495922401972848e+01 8.059370086071658079e+01 6.709144023268447654e+01 4.767764443890347792e+01 6.532540017231855245e+01 6.498879295903894615e+01 5.985683896913836577e+01 6.614401361805128943e+01 4.761422893144906254e+01 6.698628977178027810e+01 6.840953300296099826e+01 4.985654879216521351e+01 6.449920502568595282e+01
7.321569911974229683e+01 5.323500553186993045e+01 7.321569911974229683e+01 7.202502960222003026e+01 8.614357149088679932e+01 9.139375586377924776e+01 8.684722028044456010e+01 6.953245065571555017e+01 8.684722028044456010e+01 8.015437763724047215e+01 8.015437763724045794e+01 6.615393043811801022e+01 7.274505988816845559e+01 7.997459042992646516e+01 9.008328803319024303e+01 1.103200854060174123e+02 1.123942857865560399e+02 9.244691044696536153e+01 8.287213915102221051e+01 7.452095222502163097e+01 6.965457529516966417e+01 6.501855099309955222e+01 7.953077212475641034e+01 6.572214068349826732e+01 8.460040107104786955e+01 7.935336911897934442e+01 6.130944046930830638e+01 5.442075147604461449e+01 4.968138636786305540e+01 7.503387180663428069e+01 7.904171448043371129e+01 7.312511175191895063e+01 5.449867515060549295e+01 4.844393156825681501e+01 4.903095958158919387e+01 6.381163357677523607e+01 5.175875535363795166e+01
8.148632189454976071e+01 6.323924345055561247e+01 8.148632189454976071e+01 9.198575818748082611e+01 9.139375586377924776e+01 7.158534655812387371e+01 7.522025697149140910e+01 6.120229978932114534e+01 6.942567838673932101e+01 7.720112701885130946e+01 5.946962694817091233e+01 8.015437763724045794e+01 9.305032824453175522e+01 1.002016867196038135e+02 1.085994957265967145e+02 1.187263459810068866e+02 1.207887903139236272e+02 1.076282326711293535e+02 8.787868592260312539e+01 7.455662774873199794e+01 7.250033990862968380e+01 8.422574355887167030e+01 9.241921740119643403e+01 7.682674203871091834e+01 9.333155661627981203e+01 8.718116322563952281e+01 7.647281364089090516e+01 6.898068605380277063e+01 5.096399798007855964e+01 7.030176670374179082e+01 8.766229980600343197e+01 8.379651863991901450e+01 7.351955229562553029e+01 6.781914518258835756e+01 4.934161367571144297e+01 7.134627820880284332e+01 7.116595325973270292e+01
9.146598047488662075e+01 8.319215478892891724e+01 9.146598047488662075e+01 9.286927332329163676e+01 8.855721427839065996e+01 7.521762527444577984e+01 5.554901100999911989e+01 6.342821365848357829e+01 5.237153021100464656e+01 6.860405055515548156e+01 5.529702787063239100e+01 7.602108143802747975e+01 8.502201326723715624e+01 9.066390101407063185e+01 9.706212105971373205e+01 1.054568800761433636e+02 1.145091330228269157e+02 1.159936915850477135e+02 1.076097673204719740e+02 9.765413530805433595e+01 7.819272021944313167e+01 9.767255628185313299e+01 1.047181943346519404e+02 9.640729952972081662e+01 1.006812577332495522e+02 8.097452709487441780e+01 8.097451662812704853e+01 7.167375472928395652e+01 5.225317920371526981e+01 6.277022937050815443e+01 7.113234413344919460e+01 9.176624163931683142e+01 7.965601694633630814e+01 6.025125218115403669e+01 7.204484200831001317e+01 8.019226162367668564e+01 8.126794892061805342e+01
8.990541130084987742e+01 9.807913635429180488e+01 9.286927332329163676e+01 7.311702244070917800e+01 7.617678290312825595e+01 6.051989874134487479e+01 6.034392464017086155e+01 4.405981971293370947e+01 4.685995503279805519e+01 4.971919861675229413e+01 5.429774019439879851e+01 5.921671272051118251e+01 6.450069378885696381e+01 7.032178545271403891e+01 7.682917274488373494e+01 8.588339640984476375e+01 1.001704709592156206e+02 1.204352908283332226e+02 1.102645630352349855e+02 9.035485220878058499e+01 9.183178537943899755e+01 1.059954247599557817e+02 1.118383962344450424e+02 1.003344668997659141e+02 9.201866967646904527e+01 8.097452763275751408e+01 6.154123865170974028e+01 5.759545626711005184e+01 6.639709644528508647e+01 5.428967717515980951e+01 7.618077580657248404e+01 1.000615959788527505e+02 8.544039238115293244e+01 6.625578941731731675e+01 8.544039238115293244e+01 9.723984360151493433e+01 7.789275599848134846e+01
