MOVIE_S9_data/elevation_000469.asc
nrows	100
cellsize	150.0
xllcorner	0
ncols	100
yllcorner	0
NODATA_value	-9999
[rows 68 to 84 of 100, columns 0 to 36 of 100]
5.009162696260269221e-02 2.005009089589979610e+01 2.181836367389772491e+01 2.268844520892847427e+01 1.347688490174252962e+01 2.447898664489168752e+01 1.327535555355666652e+01 9.676229633261469232e+00 2.815617018146385320e+01 2.913478936074620051e+01 1.055341027721028269e+01 1.156485429217902627e+01 3.157449225952892391e+01 3.407390281444618552e+01 1.844465054387828928e+01 3.624645136196928519e+01 1.785959195007858114e+01 2.493176510959618852e+01 4.072849369493013683e+01 4.200532762602861681e+01 2.380971787309673005e+01 2.509824973859070951e+01 2.639491523929449102e+01 4.641044575918866855e+01 5.677857493477298334e+01 5.320233320323598036e+01 6.171809462979197036e+01 6.538282975840886024e+01 6.538248089053180934e+01 5.561394401393998521e+01 5.991247256324692216e+01 7.494031486796545494e+01 8.028713231627989444e+01 8.630744973739177794e+01 8.055454444238782230e+01 1.001961917236380799e+02 9.530126404623051428e+01
4.695337527364121244e-02 1.418908900139281748e+01 3.418909257023766912e+01 4.104718379503076164e+01 2.725101135062732638e+01 4.055928100776083056e+01 2.275618220992278040e+01 2.960559974688503715e+01 1.403413424600081783e+01 3.395183416041075475e+01 3.074809630450663889e+01 1.690910579937513347e+01 3.668076005504865122e+01 4.183488577406813391e+01 2.182565097012032851e+01 4.183321331259656972e+01 3.795815897414647822e+01 4.482143836679566107e+01 3.647222894773540247e+01 5.196681969554865077e+01 4.381754341723279822e+01 4.510775827873805355e+01 3.066037202097269088e+01 3.174186500826446178e+01 5.171471815046012921e+01 6.563194264047999127e+01 7.716700092550678391e+01 8.496408758959532292e+01 8.224021751042845096e+01 6.304485327651536153e+01 7.952239547816148502e+01 7.132798780177789411e+01 8.497149329779780658e+01 1.035661250162393117e+02 1.001961917236380799e+02 1.081409195330090398e+02 9.530129115547404695e+01
7.614146464036156137e-02 2.007614146464000626e+01 3.647284770950614075e+01 4.647307268314992967e+01 4.706739732110229824e+01 4.287754398879179263e+01 4.289794965468710330e+01 3.125154076133761194e+01 1.718695307469662481e+01 3.710028323134540784e+01 4.236862839386797219e+01 2.267104055596391632e+01 4.236862839386797219e+01 5.011417318065507942e+01 4.183488577818999943e+01 2.699081879324712219e+01 4.700166370753786538e+01 6.407871978760186948e+01 4.796924891884499687e+01 6.405489424271989662e+01 5.673846611775705640e+01 3.698033811331823273e+01 5.050957018498352369e+01 5.171528786948752554e+01 3.739865349750033374e+01 4.892073089435863409e+01 6.889226972935961157e+01 8.247486253990085459e+01 9.011652224257636590e+01 7.420756708421255610e+01 9.011652224257636590e+01 8.497149329785263205e+01 9.595055382887572648e+01 9.716527643028349814e+01 8.855639398283868502e+01 9.716530907528229477e+01 1.035418861164279605e+02
2.352828262072655108e-02 8.188494091898057547e+00 1.818849409190952215e+01 3.233062981088597354e+01 5.233068671563741248e+01 6.313359076659402547e+01 5.951907952512792832e+01 4.041951249845266858e+01 2.050325949227467248e+01 4.041951249845266858e+01 5.069036923364290459e+01 4.238271732382448675e+01 3.320131396320167738e+01 5.292601180911866976e+01 5.078357689880836290e+01 3.077157329024486287e+01 5.078357689880836290e+01 6.613050858646535346e+01 6.742324763781527963e+01 7.519456433992452560e+01 6.138728705234790795e+01 4.167987229117669301e+01 6.139952527334420296e+01 6.563551108383296651e+01 5.151044505081897285e+01 4.424878115835364412e+01 5.421479842294915841e+01 6.833684615790546957e+01 8.835539230039243819e+01 9.321507570626869210e+01 1.010920704104698586e+02 1.035661252808333188e+02 1.033926649525203345e+02 8.677447178395593141e+01 6.777561143595181647e+01 8.677447247417329379e+01 1.027830994874760790e+02
6.786455232800275850e-02 2.006786455232764865e+01 3.135308108567929253e+01 3.801974775234642578e+01 4.630401899980861913e+01 5.630401899980879676e+01 6.042089599603299632e+01 4.041951249845267569e+01 2.861028898233469420e+01 2.611811258188444995e+01 4.019819099061038514e+01 6.020963704352560342e+01 4.295892827150532867e+01 6.135309586718611286e+01 5.745558558576860264e+01 3.743955952488803973e+01 3.784399626836474084e+01 5.199635908832522091e+01 7.201768096462460278e+01 7.280474250442316020e+01 5.304968962987408787e+01 6.139952527334420296e+01 5.153353767472165714e+01 7.126551287196676299e+01 7.148786706395036106e+01 5.178237278267079802e+01 5.685918769089881408e+01 7.099031447897853297e+01 9.100368749092041298e+01 8.377848823579249427e+01 8.377848823579249427e+01 9.222323815551580140e+01 9.174078743967031357e+01 7.206694664191140021e+01 5.786031901588820148e+01 6.874654360838563605e+01 9.320074573667848483e+01
3.257643153035955086e-02 5.579578393782626655e+00 1.135308108567893548e+01 1.801974775234571879e+01 2.801974775234589643e+01 4.801974775234660342e+01 6.272498137493979442e+01 4.270210763738006676e+01 4.856667157626925757e+01 3.034945518917558260e+01 4.444952070202381122e+01 6.448019011049393612e+01 5.693030268471872546e+01 7.141320017581918478e+01 6.502409746549326997e+01 4.499969723690358592e+01 4.416903616197269145e+01 5.786046842612943664e+01 7.786197209155923815e+01 7.280482407644920784e+01 6.695887168015056545e+01 7.954675559345693614e+01 6.132284254547627711e+01 7.954675559345693614e+01 8.003397492572449323e+01 6.069327900334771897e+01 7.685209571976044174e+01 8.512368340364794506e+01 7.785965626425446828e+01 6.349607437299312807e+01 6.349607437299312807e+01 8.377848823579249427e+01 7.723884722255085933e+01 6.273691226372599061e+01 5.042711525793946237e+01 7.120930888267464809e+01 8.604074622380586845e+01
1.880098487986705744e-02 2.001880098487951187e+01 3.135308108567857843e+01 3.801974775234642578e+01 4.630401899980861913e+01 5.630401899980879676e+01 7.102783957976129159e+01 6.272498137493979442e+01 5.490353358523887550e+01 3.490854210061718987e+01 4.903166771939744706e+01 6.907947179498893320e+01 7.728855026098312919e+01 7.917901648722822472e+01 5.916093803239788684e+01 6.502409746549326997e+01 5.173147928153268538e+01 6.419241685768896843e+01 8.418379115119670075e+01 9.279212464618250067e+01 8.691820163658077547e+01 8.951374459801482431e+01 8.120818319845720623e+01 8.951374459801482431e+01 8.897856898903773981e+01 7.484337840351065552e+01 8.897856898903773981e+01 7.996310556111492929e+01 6.943665585457506495e+01 4.943225292560941142e+01 6.943665585457506495e+01 7.882495890632650060e+01 6.705710968896292457e+01 4.844054696322595532e+01 4.511173173677526194e+01 5.676447891907648113e+01 7.748348669125374499e+01
2.900726248362994752e-02 2.002900726248327601e+01 3.280650364060009849e+01 4.435301188295969155e+01 4.631591835918390387e+01 5.338629165448229230e+01 6.166323218561478114e+01 7.320387654290111357e+01 6.320529907295362193e+01 4.488374523159687612e+01 4.382766821406909941e+01 6.386409689792414923e+01 8.374648513252064674e+01 8.741082310117731424e+01 7.917901648722822472e+01 8.001449677858532539e+01 6.175061619539130930e+01 8.001449677858532539e+01 8.639406583318005062e+01 7.826035428287983109e+01 8.639407639311720288e+01 8.468829198927093671e+01 7.653396514886338764e+01 7.908100291968479212e+01 8.723965643326927477e+01 9.486724236111818698e+01 8.587989170606027756e+01 6.560798402331846546e+01 5.149999824087056766e+01 4.322842128067296130e+01 6.311070820584753704e+01 7.033347934668374535e+01 4.999973380222151320e+01 3.848912048569614797e+01 5.859378588193104775e+01 7.113255207405822489e+01 8.284796030093943386e+01
5.081304048347550645e-02 4.522948995483035972e+00 1.606995386491026423e+01 3.606974259335549249e+01 2.631718982887708336e+01 3.338825604397922575e+01 4.493518656461974103e+01 6.493071589728648974e+01 7.322568960063206589e+01 5.904563844511779536e+01 5.798649784935859230e+01 5.538259293491569935e+01 6.957254605735496966e+01 8.963958871593044364e+01 8.525643533244431183e+01 9.000334475398877032e+01 8.177737878551469919e+01 9.000334475398877032e+01 7.653379638895243886e+01 5.850505137188162053e+01 7.653379638895243886e+01 7.326796314421909528e+01 5.671431362410562116e+01 5.929626985516893711e+01 7.908100291968479212e+01 8.658730603375346391e+01 7.490041984796813779e+01 6.649283633924005699e+01 5.737118635167006886e+01 3.751969760891338268e+01 5.737118635167006886e+01 6.905258507292310810e+01 4.882735252742190823e+01 3.470546284882689747e+01 4.262644929966818097e+01 5.415118801667630777e+01 7.439792368387468002e+01
4.469920835086939326e-02 2.004469920835051511e+01 1.182591642802379894e+01 1.737291838756091167e+01 3.737221506771782487e+01 5.338629165448229230e+01 6.166323218561478114e+01 6.248409916007007325e+01 7.075308647256970573e+01 7.911330514485992182e+01 7.805387623516212159e+01 7.545004677369205126e+01 8.374648513252064674e+01 7.942427816080441971e+01 6.528576995374247360e+01 7.527110264309342824e+01 8.356535133879116017e+01 8.132297140643935052e+01 6.838270263271425620e+01 4.830700490981374884e+01 6.838270263271425620e+01 6.509108400579985698e+01 4.488499856625546869e+01 6.509108400579985698e+01 7.719810420778001969e+01 7.814836359831105028e+01 5.796039819659761605e+01 4.654193187164118228e+01 3.957257464135252434e+01 3.294326089918725842e+01 4.759785801749435308e+01 5.495350984617803647e+01 4.666213624892829870e+01 3.110876285275943331e+01 5.111410799747157085e+01 7.113255207405822489e+01 7.754337095654246070e+01
2.324776005098762310e-02 2.002324775102342258e+01 3.182553869809067848e+01 3.737221506771782487e+01 3.597061992173338751e+01 4.081482980899156132e+01 4.615961474926584884e+01 4.249077059982563043e+01 6.150366490038545209e+01 7.149659799715139741e+01 8.525397960859105240e+01 7.695849734679231346e+01 7.695849734679231346e+01 6.946098772085676387e+01 5.124383722873217550e+01 5.535662410292238889e+01 7.527110264309342824e+01 7.319444160962657975e+01 5.326694908129942263e+01 4.139165695532062017e+01 5.373527728081015908e+01 5.179146173522261876e+01 3.861351519910567021e+01 4.896641501511880534e+01 6.325444849100724554e+01 8.297691441162116632e+01 7.490041983580270823e+01 6.649283633924005699e+01 5.909313404668635883e+01 3.918273191709721459e+01 2.771218998188231097e+01 4.281051862793588469e+01 2.671450234649805822e+01 4.666213624892829870e+01 5.111410799747157085e+01 7.129428245103214579e+01 7.325369269767395508e+01
8.699724428260374731e-02 2.008699724428224798e+01 2.623210174353457091e+01 2.947657611847859727e+01 1.596532335722059059e+01 2.081603585803691914e+01 2.616126069677040533e+01 3.323232848099762293e+01 4.323231497048455196e+01 6.322724978484622227e+01 7.695849734679231346e+01 5.702909212901529656e+01 5.702909212901529656e+01 6.118943982354448963e+01 4.131568526097354521e+01 6.118943982354448963e+01 7.446474988759501912e+01 7.931828788023328514e+01 5.957490026259313964e+01 4.519922102964076061e+01 3.329063988601922830e+01 3.133658649716752720e+01 5.179146173522261876e+01 6.367189816039444139e+01 7.522761806556499664e+01 7.495221300020524779e+01 6.689946668947985131e+01 7.495221300020524779e+01 6.746058393953840948e+01 5.590732175007500615e+01 4.284406781417186494e+01 2.299170385696221430e+01 2.377669907513488923e+01 3.781764232636271572e+01 5.779177099027055675e+01 6.357301861335797355e+01 6.491881147684401299e+01
2.249585233037712170e-02 3.108562851572221675e+00 6.232038089344356102e+00 9.476466511959634076e+00 2.946211715315499902e+01 4.080831784222179692e+01 4.615961474926584884e+01 5.322978237766537291e+01 6.150366490035206368e+01 7.149659799715139741e+01 7.695849734679231346e+01 5.702909212901529656e+01 4.298842212858135525e+01 5.349576781540394421e+01 3.558601880686894958e+01 4.629188327141181247e+01 6.618557397200220294e+01 6.924785519138021073e+01 6.107315082248889837e+01 6.168929941474750933e+01 4.709880536813615493e+01 2.672206380402764125e+01 3.502167392129874202e+01 4.692200068737454188e+01 6.705181578300027923e+01 6.581563068170180486e+01 4.911005572049300838e+01 6.581563068170180486e+01 6.492179784318282998e+01 4.573685705672429691e+01 3.793861190924765481e+01 1.977947051861084304e+01 3.962384492281624659e+01 5.199139235313262475e+01 5.786084184055434321e+01 4.386167505964306201e+01 5.116600518334063707e+01
2.739267172789772165e-03 2.000273926716996442e+01 2.623210174353457091e+01 2.947263178553746954e+01 1.677943393921558979e+01 2.433872316242145217e+01 3.250368352844830611e+01 4.405023924865569285e+01 6.401696274531794018e+01 7.393560799281137008e+01 6.242720165313063063e+01 5.416021372164791359e+01 5.349576781540394421e+01 3.363678294120165191e+01 3.009170240921400108e+01 4.411811503863150818e+01 6.400361637560352790e+01 6.108204259662400659e+01 4.087744545963938947e+01 4.677270618104360977e+01 4.404960867528572521e+01 2.379586220507984251e+01 4.409328983137395142e+01 6.367189816039444139e+01 5.682143304422035612e+01 4.919047964974442522e+01 4.037619809448916897e+01 5.800476120499247656e+01 5.689579756634622498e+01 4.712874530222618574e+01 2.729080360438911157e+01 1.761085510176458158e+01 3.739979546380478581e+01 4.294819958757563683e+01 4.329991621147520675e+01 3.011967476110382691e+01 3.086273610873409368e+01
8.327778614586213435e-02 2.008327778614550851e+01 3.834937990244335992e+01 4.504932054928750063e+01 3.092551072748292285e+01 3.092094074141100535e+01 5.090287008443931427e+01 5.248916955968518749e+01 7.221674693980864390e+01 6.565440091005558543e+01 4.574588470802616058e+01 3.425230751490982328e+01 4.266637871418578243e+01 4.061436243819176184e+01 2.554289180298939854e+01 3.956734585841032725e+01 5.944156949299806314e+01 6.107096705877425080e+01 4.087717945927865770e+01 2.649224532292129553e+01 3.722344226992633764e+01 2.095747838682740394e+01 4.119295352945958655e+01 5.506303317032873679e+01 4.765703315735628820e+01 3.121969382777318458e+01 4.171032360544503348e+01 4.872866651328020993e+01 3.883036068690451970e+01 3.909266592229285919e+01 3.486597321367597857e+01 1.544809791185430292e+01 3.247966571484308673e+01 2.609658091397814061e+01 2.645527069001540710e+01 2.531376971441210344e+01 1.627246527131740095e+01
6.510866554257997707e-02 1.006510866554266670e+01 2.420724428927386995e+01 4.420724428928089367e+01 5.103663396327235802e+01 5.090592890535971549e+01 5.916565383364248021e+01 7.241306366278362816e+01 6.284761574879372148e+01 5.158577734963142802e+01 4.329884992440943847e+01 4.266637871418578243e+01 2.273094063312567670e+01 2.070953872662860817e+01 4.061436243819176184e+01 5.187042573458155204e+01 4.905071097440431060e+01 5.190822277399606577e+01 5.501532006578057121e+01 3.722344220249977553e+01 1.701585803173955114e+01 3.722344230926876207e+01 4.943492773546043395e+01 4.494895213366655895e+01 3.050812895567247196e+01 3.508310434043968939e+01 2.171310229435399819e+01 3.742598134786799591e+01 3.159626875866462115e+01 2.121690923535001616e+01 2.643489784088330197e+01 1.361842241157885702e+01 1.267314443297379789e+01 1.305894578636783798e+01 1.344237714539892714e+01 1.382483982528229127e+01 1.420679837078828101e+01
8.953482861371392376e-02 2.008953482861335971e+01 2.820861048693450357e+01 4.820861048693520701e+01 5.314522553557051765e+01 5.426939940138166207e+01 6.306836989285274342e+01 6.690570173857800285e+01 5.454434075990337050e+01 3.365303960929095695e+01 2.293334043870017069e+01 3.196893565509916257e+01 1.605368573207935512e+01 3.602123268716581350e+01 4.042335393297860691e+01 2.705101282624982773e+01 2.787774957374227824e+01 3.459365992863015293e+01 3.947895635205997422e+01 3.125111747476335111e+01 1.447506465551235877e+01 3.471677476750026869e+01 3.543929316455392353e+01 2.916979634167262248e+01 2.050863801114978102e+01 1.908406484244535761e+01 2.973687737598041991e+01 1.066414567847945172e+01 1.102140293898183643e+01 1.138796778799961373e+01 1.175844343312076568e+01 1.213244447480530752e+01 2.635394091431681218e+01 2.977845112027495844e+01 2.990629992865428122e+01 2.923470341712283727e+01 2.948481374795000320e+01
