MOVIE_S9_data/elevation_000280.asc
nrows	100
cellsize	150.0
xllcorner	0
ncols	100
yllcorner	0
NODATA_value	-9999
[rows 17 to 33 of 100, columns 37 to 73 of 100]
1.992530220733804569e+01 3.874627000479396344e+01 3.810696482240695815e+01 4.003606315111572655e+01 2.067539639998035739e+01 2.118010477327786845e+01 2.168652532218094464e+01 2.221914553924218794e+01 4.229661233318483227e+01 5.104226538604170571e+01 4.549984303866992263e+01 4.518767829194645458e+01 3.396312246418725778e+01 5.171207585270953899e+01 5.407220582071919779e+01 3.406208555003944127e+01 5.407243297748365762e+01 5.534415422598760159e+01 7.540133799630837075e+01 8.148732929681592907e+01 6.148092367878400211e+01 6.515216749551599662e+01 4.530357215025392748e+01 4.033810876945874213e+01 4.426788114267534979e+01 6.409615351284259077e+01 7.820849303015587850e+01 8.596592590073525741e+01 9.356830686592768132e+01 1.018573848104711317e+02 1.070431631647440440e+02 9.879164072883682479e+01 1.035532957860313843e+02 1.061696403866381644e+02 1.079181451642151757e+02 8.818475472864078313e+01 8.410453782625830854e+01
1.847276337458930584e+01 1.896871440240648710e+01 1.946583125260648472e+01 1.996467174074558670e+01 3.681683802878627176e+01 4.112234625127358356e+01 4.179198691989384429e+01 2.253867698338259018e+01 2.401696024154406217e+01 4.328438891788461262e+01 5.401806879475352474e+01 6.072567964184353428e+01 5.232557018465745813e+01 6.063092101723268712e+01 5.848867573697559408e+01 3.824691415214494583e+01 4.997121723060310217e+01 7.003301518073493526e+01 8.367289934932642836e+01 8.975254945935253659e+01 7.689663275086923022e+01 5.687467611871542061e+01 6.533695069959219381e+01 6.037169797348869338e+01 4.264633287242035919e+01 5.420976411209757373e+01 6.837767087591699067e+01 8.836746116940513218e+01 8.725278247949553645e+01 8.967726622058147257e+01 9.553560844534726471e+01 7.885552591518481336e+01 8.362452120014953039e+01 1.035532957860313843e+02 1.161661804687014836e+02 1.079181451642151757e+02 9.803526971179640270e+01
1.926894346493780930e+01 3.897125846848827280e+01 3.970625141300219241e+01 2.620853314238119580e+01 3.442058947141980951e+01 5.246622851169415469e+01 4.462500789657332945e+01 4.822029222442061069e+01 4.421669408603050755e+01 2.609401382961318205e+01 4.616087686917668265e+01 5.642886065169888354e+01 6.431173656787034076e+01 7.259287543050417923e+01 6.336533297047409974e+01 4.325836009687584038e+01 6.336533297047409974e+01 7.830568212509733428e+01 8.774328806603347175e+01 9.320562899038775129e+01 7.323126948849275664e+01 7.689663275086923022e+01 7.847138778387099478e+01 5.846143227528055775e+01 4.429961655298962597e+01 6.432397109783970279e+01 6.878547350380851810e+01 7.073118383280858268e+01 6.725098817914951610e+01 6.968446111640390939e+01 7.804629105009917112e+01 6.727597061763975717e+01 8.728151947457948268e+01 1.029848027614991253e+02 1.050997052369558133e+02 1.133536141723558472e+02 1.178010206166340481e+02
3.698028948661763593e+01 2.135513018134655283e+01 4.053146486270797766e+01 4.759044119536508077e+01 5.192701300270105946e+01 6.032198276139678939e+01 5.828967059794649686e+01 6.033250334899570078e+01 4.029396763372538004e+01 4.616087607228823231e+01 2.810293740414416774e+01 4.813982501195219754e+01 4.428101430138315209e+01 6.431174999767432610e+01 7.164530581498000572e+01 5.749996747976314282e+01 5.186910974012814535e+01 5.945134399618692100e+01 7.103998492173582235e+01 9.101502005180907418e+01 9.320562899038775129e+01 8.514461414460936339e+01 6.514213331277903762e+01 5.097036533196380503e+01 6.432013979571371465e+01 4.684199339784590421e+01 4.875763149886907399e+01 5.069886992389845659e+01 5.307035706081124005e+01 5.549499748186585890e+01 5.799770790111768548e+01 6.056637443497788098e+01 7.476501050999161180e+01 9.101748115868346645e+01 8.518444090403767177e+01 1.050997018844278017e+02 1.207244122444927683e+02
4.644156123214762033e+01 3.472004705996052820e+01 2.347662207809185730e+01 3.876833191665887313e+01 5.229713754535659120e+01 6.751869437064145529e+01 7.808636581883517636e+01 6.864241789970856189e+01 6.033227912050844566e+01 4.813423339849215665e+01 4.813999107263749266e+01 3.011939385938477898e+01 5.014786942449698159e+01 6.786518922958856592e+01 7.614373914529919318e+01 7.752557788311592901e+01 6.345343860130854807e+01 7.948242814238903975e+01 8.774328806603347175e+01 9.926686263940388244e+01 9.576907113026003060e+01 7.857001540648316507e+01 5.854355928389785646e+01 7.100072647186780728e+01 7.222183084427067001e+01 5.218739456740399163e+01 6.878229116898721429e+01 7.073118383274359644e+01 5.570035921004148349e+01 7.554021815647470817e+01 7.804629105009917112e+01 8.061300728288114215e+01 6.467431218223607914e+01 7.104276815376155696e+01 8.105791369790368606e+01 9.256469266128853235e+01 1.124685219975131787e+02
6.064996534135725170e+01 5.002297912876162655e+01 3.098124110425620970e+01 2.565109307043632469e+01 3.972235320208513087e+01 5.578451008768126940e+01 6.372364591480904039e+01 7.191515981388732826e+01 7.630554280971726655e+01 6.571691050244275800e+01 4.572156910246435757e+01 3.156320165842475234e+01 5.158940005865722611e+01 4.783322965986824471e+01 6.786518922958856592e+01 8.050774784701525277e+01 8.346516642546227160e+01 9.172291221365166791e+01 9.307819418069045980e+01 1.013415498270943687e+02 8.751176964771144640e+01 6.751739932622783158e+01 7.857001540648316507e+01 8.683510806943030502e+01 7.800664340751374937e+01 5.797034371445738543e+01 7.800459884962231172e+01 7.934086650737702939e+01 5.930021202936089253e+01 7.349099722936429657e+01 9.346370025653538960e+01 9.295718814895597859e+01 8.470092186659435640e+01 6.949165218907278074e+01 8.947875237253273895e+01 1.069634359633043630e+02 1.152168917020957082e+02
6.372930189295263403e+01 4.439224111352253033e+01 5.005593508760119192e+01 3.972239744288140173e+01 2.785753767969406880e+01 4.764040580929030710e+01 4.409178643986133750e+01 6.372587616464085869e+01 7.576401187095342493e+01 5.574289702867032048e+01 4.157175710444013816e+01 5.158940005865722611e+01 3.367323124987358796e+01 5.370045477718652904e+01 5.220435465164023725e+01 7.223195804012355836e+01 8.722306986377471105e+01 7.895472314939927116e+01 7.310458990045498240e+01 9.307819418069045980e+01 9.576907113026115326e+01 8.167101849449869633e+01 8.167101849449869633e+01 1.016125902962440790e+02 8.467808835577656623e+01 6.466375420008689900e+01 8.467808835577656623e+01 8.319535323765931878e+01 6.316685267591933695e+01 8.319535323765931878e+01 9.830205737406647870e+01 1.098056839541059873e+02 9.346892195824801775e+01 7.351807406517623633e+01 7.951664074788968151e+01 8.706058096154535519e+01 9.701157663650607788e+01
7.200640242064267227e+01 6.372930189295263403e+01 6.754601575689692083e+01 5.575467342754498645e+01 4.763772806456191944e+01 3.009004576431995304e+01 4.154453995340096384e+01 6.118073391432965025e+01 7.576554377915071825e+01 5.574293605616898617e+01 6.160742212044607413e+01 4.783322974764313784e+01 5.370045477507957798e+01 3.584896559810574246e+01 5.587948834925039421e+01 6.640575188376443805e+01 6.894255155979152505e+01 5.893037997018389262e+01 7.895472314939927116e+01 9.449694512217827480e+01 1.027595476480867092e+02 1.016125902962440790e+02 1.016125902962440790e+02 1.098671237660201001e+02 9.295574945209159523e+01 7.469596816058798083e+01 9.295574945209126838e+01 9.074640006004139536e+01 7.076820802981406189e+01 7.006675175222945029e+01 8.162766864149050150e+01 1.015535010605827608e+02 1.017185140860854204e+02 9.346892079806431752e+01 7.970206235960675656e+01 9.378476542542503580e+01 1.136849812583402013e+02
8.711727575495059739e+01 6.844987287969372858e+01 5.515024046616382236e+01 5.392227785255384731e+01 3.474764215758566621e+01 3.194075306924348823e+01 5.266622239013538831e+01 6.938332454455751019e+01 8.403988709374974064e+01 7.576554379755542357e+01 6.786523356063278811e+01 6.786523341299687218e+01 5.220435378717468211e+01 5.587948834758439887e+01 3.808469937876018463e+01 5.811944050179646837e+01 4.889845678693464492e+01 6.894255155979159611e+01 8.037757108352859348e+01 7.452913486450133007e+01 9.449694512217827480e+01 9.579127832459823821e+01 9.673116511534384188e+01 1.049897875873932804e+02 1.029423554504239178e+02 9.466020855096510900e+01 1.029423554504238894e+02 9.899898143827736874e+01 8.078304966610213000e+01 8.421403598298836357e+01 7.903167103578083186e+01 9.896277864646160083e+01 1.111026282232658815e+02 9.120343684666102035e+01 8.966485322060137264e+01 8.966485325115732508e+01 1.037311604687690050e+02
8.194719607846789700e+01 7.112674035994638189e+01 5.842057661990305917e+01 3.949335819739724229e+01 5.324924335310769408e+01 3.380648593407089919e+01 4.786395217978434857e+01 6.784555824467578589e+01 8.411501899951147720e+01 9.228961269680671364e+01 8.786091628816367916e+01 8.050669887054802132e+01 7.223189092327152139e+01 6.640575196600424590e+01 5.811944050245321591e+01 4.035669539380383242e+01 6.039572083126100210e+01 6.967497206578315172e+01 6.035484174731526963e+01 8.037757108352859348e+01 8.994385248553771817e+01 7.583653673620800362e+01 7.678970507219651154e+01 8.521795779671577975e+01 1.051525968682827141e+02 1.114912624780121604e+02 1.197581897316187565e+02 1.089616053381527649e+02 9.487848051409305583e+01 1.041369293508975886e+02 8.609295213447069273e+01 1.060015204906449782e+02 1.193579053268108652e+02 1.026880258585994738e+02 1.011489972710256637e+02 1.095632835066222412e+02 1.037311723417846281e+02
7.402535660354115521e+01 5.542109606379312225e+01 4.460928757139269862e+01 5.842057661986633121e+01 5.559755077568662784e+01 3.570427611546406155e+01 5.559949755901375568e+01 6.783199156446843858e+01 6.417465631627386813e+01 8.311874381663756139e+01 9.307524991592097763e+01 9.540715761019960439e+01 8.647220043519101296e+01 7.820419767933788080e+01 6.325910797722249157e+01 4.321539795554145513e+01 4.329127357462659376e+01 4.962649976456059164e+01 6.967497206578315172e+01 8.522849505527112512e+01 7.696016156985699297e+01 6.165170789796034967e+01 6.521072452522699336e+01 8.521795780293824407e+01 9.523110550500349802e+01 9.157671861729767215e+01 1.089051062124861318e+02 1.171694477275365074e+02 1.147876814287158425e+02 1.142545292774368875e+02 9.604904470049078213e+01 1.142545292774368875e+02 1.308583749726144561e+02 1.225971881395859810e+02 1.210558323978423374e+02 1.293123274728112051e+02 1.236453511963710810e+02
5.938535821939869663e+01 5.021162835959677295e+01 6.328636289242569291e+01 6.345212557830772937e+01 3.865705341962666353e+01 4.675296556015495497e+01 4.270179531970293851e+01 4.794591791017532501e+01 5.490074708681412119e+01 6.491399772686396830e+01 8.490906698269114372e+01 8.714533813458896816e+01 6.715234028032688229e+01 5.817202861735903952e+01 5.107585755300063113e+01 4.664904290563043787e+01 6.333508845791713071e+01 4.643724325727600899e+01 6.648534348475092770e+01 7.247713830328252982e+01 5.691147203230698892e+01 7.696016156985778878e+01 8.521795780293824407e+01 7.101718857975534149e+01 7.529643434098326793e+01 8.195789991300333099e+01 8.900033907201679995e+01 1.004864567643908941e+02 1.204051952241400443e+02 1.242114394165118085e+02 1.159539962807991458e+02 1.242114394165118085e+02 1.215171130386350598e+02 1.132433660495926233e+02 1.132433660495926233e+02 1.132433660495926233e+02 1.215171130386350598e+02
7.295604075942065947e+01 5.458148585368197558e+01 7.295604075942065947e+01 6.052862460288588409e+01 4.075531040110728753e+01 5.894792239086427088e+01 6.251744947897335436e+01 6.783199161737123006e+01 7.491001903460887945e+01 8.311874382876308687e+01 9.307525045861619617e+01 8.714533813493763148e+01 8.526629428590872806e+01 6.526289695510696731e+01 7.018795234316773701e+01 5.013606751043183607e+01 7.018795234314684706e+01 6.648534348163126140e+01 4.964450616566976038e+01 5.242341432393008915e+01 5.877443802452393129e+01 6.547837326058869678e+01 8.548225793791510796e+01 9.098101933252084450e+01 8.939898772911480762e+01 8.681616346547158969e+01 1.067261301023778373e+02 1.089051062124861318e+02 1.286790089687924592e+02 1.157601364855122341e+02 1.074878569796078978e+02 1.157601364855085251e+02 1.132433660495926233e+02 9.329273293768022768e+01 9.329273293768022768e+01 9.329273293768022768e+01 1.132433660495926233e+02
6.139265237217438198e+01 7.295604075942065947e+01 7.566846009824952546e+01 5.488623369730954948e+01 6.051074235559509873e+01 4.381515187886846263e+01 6.364192298929667402e+01 7.381262076949785467e+01 8.210957999148978104e+01 9.216388033819687564e+01 1.062837003592429710e+02 1.070863156253631558e+02 9.353141814119557296e+01 8.526629428589843940e+01 7.384904438114277525e+01 5.379641743833062151e+01 7.384904438114277525e+01 7.797338836566081000e+01 6.969618118654292971e+01 5.556032518796189379e+01 7.560269215973684709e+01 8.548225793791510796e+01 7.705259332937474426e+01 9.699739393856381753e+01 1.093110833369111674e+02 9.830815976424136693e+01 1.149892064216158758e+02 1.288403308838142323e+02 1.186908474129215421e+02 1.057916345741080875e+02 8.756495528624293456e+01 1.057916345740608222e+02 1.132433660495926233e+02 9.329273293768022768e+01 7.927695734430660934e+01 9.329273293768022768e+01 1.132433660495926233e+02
6.654063244848694580e+01 8.507032132104039590e+01 8.411801947603213137e+01 7.452025869577941819e+01 6.435616088140814384e+01 4.638319640413419620e+01 4.950504842893817425e+01 5.366068668498434846e+01 6.372602454031263619e+01 7.804406035715985013e+01 9.760337450639944734e+01 1.075776713812779519e+02 1.017998901920245487e+02 8.186377708941050457e+01 6.771105190350425573e+01 5.766051373511020017e+01 7.185628913818649721e+01 9.183183364071713584e+01 7.997318776333477786e+01 5.994501991304338873e+01 7.997318776333477786e+01 9.887896776901997953e+01 9.699739393856381753e+01 9.334133238497987861e+01 1.132650023202191960e+02 1.182252914325760855e+02 1.264974262903194528e+02 1.183967752919302114e+02 1.068814063900642992e+02 9.050624392400843021e+01 7.767038892110655013e+01 9.752640613292545879e+01 9.564708807170939053e+01 8.739669386301065401e+01 7.417304225284661356e+01 8.817489530206617587e+01 1.080921347303439006e+02
7.249175063137539610e+01 9.114800698173441162e+01 9.061382474167842815e+01 7.335138747444044327e+01 6.024017365939789670e+01 4.898571406423565833e+01 6.908087655529378424e+01 6.791968013779531077e+01 6.153407749106480651e+01 6.923000074450156660e+01 7.936609955723766063e+01 9.931878407494095029e+01 1.093383989461658103e+02 9.596285044744901427e+01 8.218506248039879836e+01 6.215851650605947754e+01 7.634126940264155792e+01 9.629322698442237538e+01 8.600065210706533492e+01 6.601002220215796967e+01 7.068165747109011932e+01 8.223146154937607832e+01 1.021335622352172976e+02 1.132650023202191960e+02 1.121097282944621725e+02 1.179433911286322711e+02 1.162252413118765730e+02 1.101249864207077280e+02 9.018999728245019298e+01 7.875192157169527718e+01 7.065997191422638934e+01 8.369902365971445590e+01 8.166538001329595886e+01 6.754284029935254807e+01 8.157435847521237804e+01 1.014530549209180208e+02 1.104984077243789358e+02
7.982970250872513418e+01 9.853304985653926451e+01 9.087287017154726243e+01 7.556090572226823099e+01 5.518601461889667092e+01 5.257784397563796830e+01 7.320883522709884517e+01 8.803943796481367201e+01 7.588046299194242295e+01 7.806841347459253200e+01 9.760337450737210929e+01 1.075776713898739416e+02 1.010781225490105015e+02 8.115219659374169225e+01 7.114685543027403014e+01 7.114685543027403014e+01 9.044715827663304708e+01 1.000800970464857329e+02 8.016875506247221495e+01 7.498297576971567935e+01 9.064307904680784134e+01 9.887896776901997953e+01 1.103640481585362494e+02 1.063245841489206640e+02 9.226335650885245343e+01 9.807622422290775432e+01 9.637152291497172030e+01 1.104430223712551395e+02 1.068814063900642992e+02 9.516611513037783254e+01 7.530444527280087641e+01 6.379638172798315310e+01 6.173649784747802727e+01 8.166538001329595886e+01 9.564708807170939053e+01 1.021176444545757391e+02 9.385170146166350946e+01
