MOVIE_S9_data/elevation_000938.asc
nrows	100
cellsize	150.0
xllcorner	0
ncols	100
yllcorner	0
NODATA_value	-9999
[rows 34 to 50 of 100, columns 0 to 36 of 100]
2.064481644892168788e-02 1.422834533115179312e+01 3.442682675596977049e+01 3.648770453684869608e+01 4.407929581254658302e+01 4.010174051524715111e+01 2.044988793464590060e+01 4.010174051524715111e+01 4.928365940829918657e+01 2.929866882477441692e+01 4.928373374945694962e+01 6.824789871929631602e+01 6.306656387689064047e+01 4.308173995942062362e+01 5.337157627135549376e+01 7.336758775484578621e+01 6.054850414242079637e+01 7.887323011508911463e+01 8.785661313892990165e+01 8.035856915870994044e+01 6.338537200564191920e+01 8.035856915750648000e+01 7.391082732561986290e+01 5.385273746200783052e+01 7.391082732562048818e+01 6.584415974269141714e+01 4.538736825873911584e+01 5.943810967077993723e+01 4.346419472788817728e+01 6.384024767108555665e+01 7.231062851927291035e+01 6.797063087614128563e+01 8.124418544244714724e+01 7.531370746407489492e+01 9.556162580918791605e+01 1.060801544199308069e+02 1.032736514689352703e+02
2.905961989428186565e-02 2.002905961989392836e+01 3.135593141352722313e+01 3.802259808019435638e+01 4.630686932766318620e+01 4.630284553863450725e+01 2.673380094095365322e+01 4.630284553863450725e+01 5.683667209626169381e+01 3.685347558034706594e+01 3.998085440455020745e+01 5.996652293124703448e+01 7.062413076809211532e+01 5.062868825723742106e+01 6.306656387689064047e+01 8.165128779534653347e+01 7.469816447815078675e+01 8.890525163772014139e+01 8.637002190589326744e+01 6.603478871777933534e+01 5.160474354855402623e+01 6.329744708953555232e+01 6.855006279954484683e+01 4.843964022549164383e+01 6.143997440628877627e+01 6.685237627938384719e+01 4.851473259401554117e+01 3.931563953764907637e+01 5.968100391986992292e+01 6.384024767108555665e+01 8.415201563206274216e+01 8.830077103696089580e+01 9.662400051297886705e+01 9.556162580918794447e+01 1.038666904436190634e+02 1.000807361013051491e+02 8.356505142100799333e+01
3.542675937824442400e-02 5.582428721630559032e+00 1.135593141352686786e+01 1.802259808019365295e+01 3.802259808019435638e+01 5.454011638926048988e+01 3.548274252396671358e+01 5.454011638926048988e+01 6.511796494949341252e+01 4.684122435906625981e+01 5.151538167114885880e+01 6.824789871929631602e+01 7.890934199048808750e+01 6.216745969184640330e+01 7.890934199048808750e+01 9.135146411567049540e+01 9.475542350473874365e+01 1.028027409671723689e+02 8.266303969449252520e+01 6.826246288880645352e+01 6.329743104718676250e+01 4.298980772425855434e+01 6.329744380418415517e+01 6.143997440628877627e+01 4.054097156571796035e+01 5.473183647765406334e+01 5.402129945524161059e+01 3.693455642550819107e+01 5.129955031694134249e+01 7.166318201358835438e+01 8.765354241025637805e+01 9.220960610914544020e+01 8.399691953464683536e+01 9.221071312313019064e+01 9.471407165624911784e+01 9.119914034770810929e+01 7.199464304745080767e+01
3.411803931810562102e-02 2.003411803931775026e+01 3.135593141352722313e+01 3.802259808019435638e+01 3.216473370392510134e+01 5.216473370392580478e+01 4.667593513392442617e+01 6.335368178874325196e+01 7.511384895577471354e+01 6.097321606244452141e+01 7.151099658351195387e+01 7.979162790500214442e+01 8.060994787012324991e+01 8.217615828969275071e+01 9.045953224329761611e+01 9.806984847155369778e+01 8.982287566167072157e+01 9.806240437441122992e+01 8.251423781570917981e+01 7.243913418681074745e+01 5.209569068066105757e+01 3.781663242042624518e+01 5.130840598079975479e+01 5.827627252244575828e+01 4.996271240752854936e+01 3.154657343075013998e+01 3.360286040997991108e+01 5.401294003428560586e+01 6.562484933581991697e+01 6.830834655323809557e+01 6.830833504965370651e+01 8.219408049437889474e+01 6.390773416501004789e+01 8.220259922949593090e+01 7.477188296232252185e+01 7.477188296232134235e+01 6.285221651703387380e+01
3.327314952832965272e-02 1.158027853332074564e+01 2.572241415705144618e+01 4.572241415705073564e+01 5.216473370392580478e+01 6.044900495142085362e+01 6.650454738461867521e+01 7.485962611903600816e+01 7.818840105186690437e+01 8.097676491308833135e+01 7.708371413764857039e+01 6.879809633951956016e+01 6.061716691681093749e+01 7.475789083274345614e+01 8.475873906912016764e+01 8.798855093947101125e+01 6.956590176980783724e+01 8.798855093947101125e+01 7.422458514153277065e+01 5.381274953150236939e+01 5.753307403261872821e+01 5.121551581158109911e+01 3.116151125506875985e+01 4.804778302234771559e+01 2.958017514967790262e+01 3.095275375273121909e+01 4.992267720663056707e+01 6.015395916693358203e+01 5.716988393858421347e+01 4.858097029608440920e+01 6.661215813570537136e+01 6.405653559573360667e+01 5.371499418911769652e+01 6.868901937834890248e+01 7.112898926727685023e+01 5.448910698475133074e+01 5.748811400560415308e+01
6.779948344387334846e-02 2.006779948344351894e+01 3.181322871001111352e+01 3.888427326205056289e+01 4.716785030860893357e+01 5.871302854740478239e+01 7.029041334580253420e+01 6.209846226213186782e+01 5.848233103704007618e+01 7.818840105186690437e+01 6.554044084683359017e+01 4.880858461365442480e+01 4.648358533969174289e+01 5.647825111147530208e+01 7.475789083274345614e+01 7.969409389526296650e+01 5.939647050169293863e+01 7.969409389526296650e+01 6.898524497353503193e+01 4.824070926604479581e+01 3.664889550547665920e+01 4.381383911849051316e+01 2.680933584417896043e+01 2.794033380532449939e+01 4.711179649922380719e+01 5.081171093975385844e+01 3.288846616863544625e+01 5.208077544394156888e+01 3.703124272501779757e+01 3.854792061650651647e+01 5.870169193039429700e+01 4.385827538527944114e+01 4.608317244018930126e+01 4.844474926170211404e+01 5.086152630732378555e+01 7.112898926727420701e+01 7.776094895569509902e+01
9.516927588586144779e-03 5.783019619484818463e+00 1.181324651104003820e+01 1.888431432290493817e+01 3.043131965510875503e+01 5.043114349465163571e+01 6.209846226892346266e+01 4.259483676395350216e+01 6.209846226892346266e+01 6.814233309443919495e+01 5.659512284635952284e+01 3.725286157083218797e+01 3.647255098677420904e+01 4.648358533969174289e+01 6.647291688325879022e+01 7.292814275159275894e+01 5.258955513201360077e+01 6.425566090704667488e+01 5.925450184655593233e+01 4.826431019886127416e+01 2.811162091153067166e+01 2.524867911360511741e+01 4.536251454036221986e+01 4.804781739387502171e+01 3.522101169377312857e+01 5.528822810307001134e+01 5.344763860878788364e+01 3.491493402144447344e+01 5.512088653760746837e+01 5.869844521567465989e+01 4.075061566307438454e+01 6.092114724424591543e+01 6.630320653520946905e+01 6.868901937834890248e+01 6.262148402118659618e+01 7.936595486852472447e+01 9.036875842946949433e+01
1.945935296826603253e-02 2.001945935296791035e+01 3.181322871001111352e+01 3.888427326205056289e+01 4.716785030860893357e+01 5.462344866518944286e+01 4.649019994612305595e+01 3.572072357845915747e+01 5.520288934460158714e+01 5.985851492830679632e+01 3.985756003400724978e+01 2.828720492639785533e+01 4.831095823603342865e+01 6.476141425900500792e+01 7.475789083274345614e+01 7.860954470456979948e+01 5.831008756538516735e+01 4.363547098713826244e+01 3.826832797245349127e+01 3.353219388794098421e+01 4.430247582984268462e+01 2.419136889652587996e+01 4.430074634126039967e+01 6.080722728592368753e+01 4.076720438383215850e+01 6.082518001265848540e+01 6.490139948480599230e+01 4.683244743114185837e+01 6.469859924141572094e+01 6.031692552017380393e+01 6.092115209588026659e+01 4.397716605147363111e+01 6.417657982954396800e+01 7.594648498179149954e+01 8.273259722545000727e+01 9.089598293745602575e+01 1.002927622461000112e+02
5.600688922766024203e-02 1.005600688922774744e+01 2.419814251297735197e+01 4.419814259889029273e+01 4.722966254510001249e+01 3.910736415525845189e+01 2.695706981712249117e+01 4.649019994384935472e+01 5.455616061874646050e+01 4.626677526852186162e+01 4.413571704745131541e+01 2.411003895606666703e+01 4.413571704745131541e+01 5.851501784548546681e+01 6.680067355560994713e+01 7.841235647173715506e+01 7.260645365025787612e+01 6.425566090704667488e+01 5.925450184655593233e+01 5.449562924653246654e+01 4.308397582162992023e+01 2.315664720914036678e+01 3.733437289022325700e+01 5.749092751239484045e+01 6.082585801886385468e+01 5.024393839761840752e+01 6.960152331559274330e+01 7.025794842389835537e+01 7.868999997182250183e+01 7.911171657832474580e+01 7.133103068893410637e+01 5.109518776849865418e+01 4.743941497163511656e+01 6.767068742566534922e+01 7.504610927805020992e+01 7.894122315121384759e+01 8.305492404526995642e+01
8.215197286175310309e-02 2.008215197286139642e+01 3.834028229794358822e+01 4.074145573954383792e+01 3.259858610047212579e+01 1.946058915300451275e+01 3.910736415525845189e+01 4.658618875312382812e+01 3.822646669697397925e+01 2.732861867889686636e+01 4.006211698156795364e+01 2.018455069966777415e+01 4.020835845664758779e+01 3.851548558984430315e+01 5.851501784548546681e+01 5.840113922307652672e+01 7.256251225887429257e+01 6.942245594265452269e+01 5.909023463860401648e+01 4.899901274703488951e+01 4.075563821593230074e+01 2.212716044053333420e+01 2.968364208818013950e+01 3.971423336563793072e+01 5.402011523661158066e+01 7.014250013619739832e+01 6.183571578410042235e+01 7.581007288487762708e+01 9.520534282399731296e+01 8.551324477522310019e+01 6.545656527035436056e+01 6.545656527035436056e+01 6.767228404125637553e+01 5.102090418390805837e+01 5.477679839302922460e+01 5.870286733942117507e+01 6.290198321682247240e+01
2.613274238814250472e-02 1.980531722987169374e+01 3.323641178644481897e+01 2.699157794824608558e+01 1.279107349363439639e+01 3.259858445619842371e+01 4.334936356902814936e+01 3.334262671512090037e+01 1.811492463671903863e+01 1.682792305199062000e+01 3.440934427079463376e+01 1.646908408672157265e+01 2.436858667975636550e+01 4.437321296696248396e+01 5.172105458623221352e+01 4.443285625882923284e+01 6.426228905541198344e+01 6.118232115720302033e+01 4.179535850412899833e+01 3.336232841463012022e+01 2.068606910601744531e+01 4.077503201245954045e+01 4.984168145733283239e+01 5.821750829310141029e+01 6.831974080073536015e+01 8.260226548218541609e+01 8.149081332311233439e+01 8.149081592710217592e+01 1.008880384861422357e+02 9.372693775108400871e+01 8.551324477522310019e+01 8.551324477522415179e+01 7.481115800819435435e+01 5.453998345879527676e+01 7.481115285198889353e+01 7.894122315121384759e+01 7.725244331611055770e+01
7.532853315450405152e-02 2.007523426098079256e+01 1.770581201046964281e+01 6.874298316240523121e+00 2.561832777720175613e+01 3.905020886789015577e+01 3.273109149458714739e+01 1.688211907062755657e+01 6.500152049879668326e+00 7.213528611517332045e+00 2.721353130100105133e+01 1.281657981067809260e+01 3.282353649907528848e+01 4.193382163725718925e+01 3.214658868901425137e+01 5.172105458623221352e+01 6.097959765960526113e+01 5.318581248443629761e+01 4.520835071892823720e+01 2.753467657035025340e+01 1.967454940148981635e+01 3.974795818114593260e+01 4.209757344869873918e+01 6.228795750498424155e+01 6.961594904574954512e+01 7.183482017172333656e+01 8.018455838571914285e+01 8.605024170098516834e+01 8.691998550096742804e+01 9.521111728054738421e+01 9.954119921424518225e+01 7.973902574671197385e+01 6.546909060302317585e+01 5.879445300780087535e+01 7.903071042764175047e+01 9.410285681285844817e+01 9.706335171701485365e+01
6.101047412966256744e-02 7.414242915694344571e-01 1.422232209139232539e+00 2.056190045775803199e+01 2.303447446190807923e+01 2.379318304917630300e+01 2.449310743895491171e+01 5.494479052779942307e+00 2.549519346538667364e+01 2.721353121017224197e+01 8.227570768088767750e+00 2.822765143458960679e+01 3.754719349165236508e+01 2.155778487085626338e+01 4.176529901241285359e+01 5.616338512064987043e+01 4.801577648950176069e+01 3.372417675894446631e+01 3.233975344550702147e+01 3.730648314407437027e+01 1.867175364251473724e+01 2.200438987866059293e+01 4.210481539567518183e+01 5.103000471659532167e+01 4.929235308566618556e+01 5.151651874222508098e+01 6.574897432682524823e+01 6.574897432682526244e+01 6.659453490231469175e+01 8.691998550096742804e+01 1.016998863594085947e+02 8.190686007640080391e+01 8.553894807312013882e+01 6.904168261942174922e+01 6.585058795823501043e+01 8.591157428066001955e+01 1.018725253748734474e+02
6.842009524227352091e-02 2.006268505128324975e+01 2.142203311501694429e+01 2.402812884830154427e+00 3.097860931687071329e+00 3.794593945978690375e+00 4.492598758739228870e+00 2.400780101853031923e+01 3.367623126721979787e+01 3.651163386483561624e+01 2.822760897861332197e+01 9.270151853568073363e+00 2.926739525690971888e+01 1.153106797129500016e+01 3.574474909475779327e+01 4.826316706603054740e+01 2.905307585282521288e+01 3.373560266789522188e+01 1.636106928234384483e+01 1.731503789509379487e+01 3.737886635554532688e+01 4.209624658054758584e+01 2.708105484076932612e+01 3.085899080105430414e+01 3.503060594248424309e+01 4.003994646026536230e+01 4.541071748751381421e+01 5.215147987650015438e+01 6.659453490231467754e+01 8.691998550096742804e+01 1.038690773208774516e+02 1.016998863594085947e+02 9.720942496954823753e+01 8.323874074110624122e+01 8.591157428066001955e+01 7.385885644265202643e+01 8.385382528022341830e+01
1.934550753332892059e-02 1.975884380827276843e+01 3.106647369989619278e+01 1.662552894088478084e+01 1.724064856679924418e+01 2.379411126563215007e+01 8.776360462025500908e+00 1.970335515122935988e+01 3.949604465243125162e+01 4.765262750992940255e+01 2.801537837735559933e+01 1.439616761444814763e+01 1.032574119508949551e+01 1.107901173053623367e+01 3.107191975204584367e+01 3.290367422135727793e+01 3.365451744893032782e+01 1.501963270495289215e+01 3.500708665107466544e+01 3.739107193131177809e+01 4.575368704251282281e+01 5.554096589304059961e+01 4.721804139427070623e+01 4.245710427633204631e+01 5.524499652427913077e+01 6.031334654561700148e+01 6.574897432682524823e+01 7.254772155198777739e+01 8.090282609143096693e+01 7.542283309569518224e+01 8.964595520828626718e+01 9.246002131563901116e+01 1.007800717972737345e+02 1.029763007917446345e+02 1.018725253748734474e+02 8.792628704020110320e+01 8.792628704020110320e+01
4.364784840791047227e-02 2.004364328484665592e+01 3.589363411242362645e+01 3.736413976697959072e+01 3.728342129163375773e+01 3.275370661846989861e+01 1.332584257388341520e+01 3.275370663622972955e+01 4.783910778813621079e+01 4.207531852564834907e+01 2.259222029099685969e+01 3.376794279736208182e+01 3.032405676905776915e+01 3.020248920798562864e+01 1.214534023956765729e+01 1.291590007932615158e+01 1.368905467154378819e+01 1.507270653156132489e+01 1.646346183999411394e+01 3.645053631011464290e+01 4.672422838812936874e+01 5.255164822002682001e+01 6.061317749444783232e+01 6.274080450210973225e+01 7.111566487106581747e+01 6.626533690889830552e+01 6.570501273352437011e+01 7.402739320610642437e+01 7.959380179715476800e+01 6.121417183813233009e+01 7.959380179715476800e+01 7.232300320063626486e+01 8.916252219108353927e+01 9.404206059433484199e+01 1.023611606892130652e+02 1.076047897683384917e+02 1.076047897683384917e+02
5.219006137575642884e-02 7.611479521662273484e+00 2.175362059392828229e+01 4.175397074521247021e+01 4.343685143299899920e+01 2.348144637597373574e+01 3.277073855958493453e+01 2.433268938015818250e+01 4.429732761537948704e+01 4.865241540849233814e+01 2.892112578913525311e+01 4.865241540849233814e+01 3.757373197158528910e+01 1.758687166999943585e+01 3.214089515893159188e+01 3.291275193485122941e+01 2.259377646598944978e+01 3.526704851450078593e+01 3.646193707758907010e+01 1.844456125659205625e+01 3.844207295453596629e+01 3.348204255143668462e+01 4.931006148121355892e+01 6.120956841965325168e+01 6.040656225465990303e+01 4.622702405286558047e+01 4.567152146676359337e+01 5.730235881372736628e+01 6.054811042389403752e+01 5.121429952614382586e+01 6.811882532737936913e+01 6.072959677600077555e+01 7.759594707341624087e+01 7.389976740526583399e+01 9.039071468253717967e+01 9.871406698223756848e+01 1.087759910075232455e+02
