MOVIE_S9_data/elevation_000642.asc
nrows	100
cellsize	150.0
xllcorner	0
ncols	100
yllcorner	0
NODATA_value	-9999
[rows 68 to 84 of 100, columns 0 to 36 of 100]
5.009162696260269221e-02 2.005009162696224578e+01 3.970564590409581740e+01 4.462097185067003835e+01 4.854329463890844920e+01 5.042030033326347649e+01 5.870457497800149582e+01 6.403727325504124224e+01 6.174029879861818415e+01 5.345214093903408070e+01 5.584161280082612677e+01 3.584366488609694557e+01 4.998227784846835675e+01 6.353837027810249083e+01 7.182835864577742768e+01 8.183361732407207967e+01 7.628179030788429316e+01 5.645179376395003601e+01 4.238865340872382603e+01 5.763182062970173547e+01 4.839252137557682687e+01 6.243433788281013364e+01 8.226156683891156263e+01 7.205130642296572319e+01 5.298935334662326113e+01 4.055682819545368289e+01 4.366165051288079013e+01 2.430939636132753279e+01 3.565795889167292643e+01 4.899517749434097169e+01 6.809048173900077927e+01 6.718020836084463099e+01 5.717617453794637328e+01 4.107099847224765909e+01 2.230171045332165392e+01 1.907633053089582731e+01 3.899558676680383940e+01
4.695337527364121244e-02 2.004695337527328647e+01 2.688673018640422896e+01 2.462097185067074889e+01 2.854329455347371791e+01 3.042030026849637991e+01 4.403727271654894082e+01 4.403727271654894082e+01 5.864610247412652910e+01 7.019311008402118546e+01 6.161473437152660182e+01 4.161603389052369550e+01 6.161473437152660182e+01 7.827755390457750195e+01 8.598142608462325143e+01 7.761867977374102168e+01 7.132436025996396722e+01 5.147972293117985743e+01 3.737257886023595432e+01 3.771526257433802698e+01 5.099296794458049220e+01 7.085934777537711682e+01 6.750777255378270070e+01 5.900712463839297328e+01 5.836058811912829469e+01 3.920163540143673941e+01 3.883192442995854066e+01 2.212013367740303593e+01 3.339015271660910145e+01 4.630204147567815198e+01 6.580029765407591924e+01 6.875924289042120563e+01 6.096110591731466855e+01 4.924863209848879819e+01 3.853468593641005668e+01 1.896390884778706365e+01 1.860597970610224650e+01
7.614146464036156137e-02 3.456758483554420724e+00 6.886730186404583343e+00 1.047883622694005012e+01 1.440115892970376521e+01 1.887329488470342298e+01 2.403727267964673686e+01 3.036182799998360693e+01 4.190883338377780376e+01 6.190883351146482028e+01 6.917519193954980494e+01 4.917206729226396078e+01 6.161473437152660892e+01 8.162673614340170047e+01 7.438919767002282413e+01 5.758562477279311764e+01 7.438623423984306271e+01 6.551284631838196049e+01 5.099296794458048510e+01 3.101393031954404478e+01 4.614733929429247894e+01 5.438307519352785135e+01 5.643367508706062807e+01 4.038188439846459943e+01 5.273729226487032662e+01 3.359531272162095661e+01 1.905051334606698532e+01 3.920079604127342066e+01 4.969320145678329936e+01 5.839531703161801346e+01 5.183099119153850154e+01 5.405684635857281251e+01 4.255426328663084945e+01 4.561648388530420561e+01 3.774374480652035402e+01 1.844604318427445122e+01 3.826516788849265538e+01
2.352828262072655108e-02 2.002352828262037221e+01 2.688673018640422896e+01 2.462097185059718285e+01 2.594816431349539698e+01 3.887329470395369668e+01 4.403727271654894082e+01 5.036182805395218054e+01 4.450396362386440074e+01 6.450396380761290516e+01 7.746550687711523153e+01 6.071587167855141587e+01 7.746550687711523153e+01 7.835026252301349814e+01 6.605260301800571199e+01 4.610579396215226211e+01 6.524622577436447557e+01 6.100751613833431719e+01 5.922046703709811055e+01 4.614733929429247894e+01 2.615647725618437391e+01 4.162030027726416392e+01 4.790998623229016573e+01 3.060767292767764758e+01 3.776310532490454364e+01 3.489900125971038847e+01 1.704845734282869785e+01 3.645224053879638859e+01 4.008837305370576587e+01 3.779714568765091798e+01 2.863892361964207467e+01 3.144650671607326586e+01 3.717069920053879883e+01 2.708884736334901433e+01 1.795915923056154995e+01 2.241113365626425846e+01 3.273922032390938597e+01
6.786455232800275850e-02 1.421000017605907750e+01 3.421000017605977916e+01 4.462097153605107280e+01 4.594816409106117305e+01 5.423239933185565320e+01 5.237722938210308854e+01 6.066830361064577914e+01 6.450396380761290516e+01 7.278824132441545203e+01 7.503872964294225767e+01 8.073074159426950303e+01 8.901952318053864133e+01 7.004468566908850846e+01 5.007357402787884837e+01 3.857194071987726147e+01 4.537362070936274705e+01 4.111723051587143374e+01 5.518473947604842778e+01 5.438307519352785135e+01 4.162030027726416392e+01 2.166238624796751822e+01 3.733351842093516382e+01 3.711480093185902263e+01 1.470803089555774612e+01 1.448492426536291156e+01 3.294075797154657437e+01 3.484356619496454499e+01 1.575256858426566531e+01 1.609392983310310754e+01 1.643562157600979035e+01 1.677848635201810623e+01 1.712228400921920013e+01 1.746568609186527965e+01 3.702383883664253261e+01 4.170885967910475500e+01 5.007327882018557830e+01
3.257643153035955086e-02 1.417471205526143407e+01 3.417471205526214106e+01 3.044659374562172260e+01 3.369369048919892151e+01 3.717806652243644550e+01 3.238019006814697320e+01 4.500353549704268374e+01 4.985369220888545527e+01 5.501643594996053821e+01 5.501662468656562766e+01 7.088146802174790650e+01 8.091719616907001011e+01 7.183191508890513433e+01 5.253612880000354579e+01 5.079710625110789834e+01 3.125699866759984147e+01 2.698836670887802924e+01 4.140775059557383031e+01 4.965092750246285647e+01 4.986319348306813026e+01 3.733351842093516382e+01 1.749486070749172484e+01 2.456000131216284288e+01 1.404241968199753465e+01 1.874067428690523229e+01 1.494018271421233379e+01 1.527137067172893126e+01 2.163712502770757951e+01 3.237381475416171384e+01 3.438113873323614200e+01 3.407345862006216208e+01 3.590735551835151540e+01 1.968496113385250368e+01 1.968603438260179672e+01 3.955113767501083544e+01 5.030872401950879436e+01
1.880098487986705744e-02 2.001880098487951187e+01 2.597108600677946200e+01 1.043210305435085061e+01 1.367786128401525581e+01 1.716256571673948983e+01 2.081967183253739861e+01 2.499828465572583980e+01 2.985744377293514873e+01 3.502543140507687980e+01 4.258049473696754461e+01 5.256988762364836276e+01 7.257639263465215151e+01 8.008147479228536270e+01 7.162967843860680262e+01 5.943727741349153604e+01 4.537471222776331814e+01 4.140775059557383031e+01 2.150068810665194974e+01 3.643042354784007841e+01 3.596149475446966193e+01 3.241276548901377197e+01 3.258525911146374199e+01 1.358530149757848271e+01 3.323759212303050248e+01 3.699155605243893064e+01 3.431924660353775636e+01 1.779609016928865373e+01 3.469629592386782946e+01 3.018328522408645753e+01 4.510938326414550659e+01 4.407144617840799583e+01 2.509395060067992489e+01 3.905879154645266027e+01 3.955113767429108407e+01 2.198258825883179313e+01 3.195937289165116013e+01
2.900726248362994752e-02 2.977846355382438137e+00 5.959284812625483596e+00 2.597102958696217812e+01 2.523839751146357457e+01 3.717806652243644550e+01 3.238019006814697320e+01 4.500353549704268374e+01 4.133412273590934660e+01 5.499573828537351972e+01 5.135056292749773377e+01 7.088142049943539291e+01 8.089753807454812318e+01 8.572442853941196006e+01 7.786017622159396012e+01 7.361626931662412687e+01 6.130999562411675896e+01 4.140775059557383031e+01 3.643042354784007841e+01 1.659295840112749332e+01 1.756414456197022034e+01 1.278963660889911047e+01 1.312207398183602614e+01 3.269559647133230840e+01 4.142205277168695687e+01 4.511686383282359714e+01 2.376215570414077405e+01 3.796591851736570078e+01 4.529593329297193094e+01 3.924668896730124601e+01 5.348409749759579768e+01 4.948775210451293560e+01 2.987125868250851468e+01 4.948776161449304567e+01 5.030872385767443689e+01 4.201720354306765159e+01 2.443673471612251547e+01
5.081304048347550645e-02 1.765227002291760172e+01 2.230174962276237238e+01 3.319480457640292315e+01 4.524389219134155127e+01 5.353180395685775750e+01 5.237722938210308854e+01 6.066830361064577914e+01 6.133054993974327829e+01 6.962979522754500294e+01 7.144195389959104148e+01 7.998159341818143275e+01 9.183846960842801366e+01 7.206381428701777736e+01 5.781716988862918782e+01 6.519128324741082281e+01 5.855218425874966215e+01 3.869760684991522481e+01 2.509530800044700172e+01 1.278640410167045971e+01 1.232206893987759244e+01 3.192738658175180433e+01 1.514926272143313213e+01 2.281326036839274707e+01 4.291254703540739257e+01 5.351165002294972339e+01 4.512130075517820416e+01 3.224070039959767087e+01 5.342558875125738638e+01 5.832897956466789680e+01 6.574145859775561007e+01 5.463055548831281527e+01 3.531747086336150687e+01 5.463055548859870214e+01 6.216439221920654745e+01 4.832320231615543804e+01 2.813690298952163005e+01
4.469920835086939326e-02 3.636805974716409651e+00 2.363632271431962195e+01 3.273512798001829793e+01 3.691214177471357516e+01 4.150055587502157550e+01 4.684483761820152381e+01 5.350733740273282280e+01 6.105692600359274991e+01 6.929258359427448966e+01 8.080138444923154850e+01 8.944598604771431383e+01 8.092143917405884679e+01 7.258381669187954799e+01 6.519127445810121912e+01 4.512016065548164789e+01 5.516262293292072627e+01 5.180427743171312471e+01 4.068983388274524060e+01 2.856398361862094148e+01 1.199771431285010159e+01 2.898696282255297518e+01 3.678729415218583654e+01 4.273149852811165061e+01 3.708914601210640427e+01 5.697269476330189519e+01 6.168869535225648093e+01 4.321672615038529841e+01 4.482789621514209699e+01 6.513486155873938799e+01 6.329810913379398585e+01 4.479529233671969735e+01 5.463055548859870214e+01 6.218424808687222338e+01 5.390370667830833895e+01 3.378291205822622345e+01 4.832320231610063388e+01
2.324776005098762310e-02 2.002133632405642416e+01 8.889129950133511926e+00 1.273828311303829075e+01 1.690903252271316859e+01 2.149852734243756203e+01 2.684623517835432693e+01 3.351663547945668142e+01 4.107856605425283192e+01 5.262304816764842030e+01 7.257854944859126078e+01 6.976493377629165593e+01 6.933547364784442379e+01 5.254277188683888511e+01 6.930038349290749977e+01 5.516262293289788943e+01 3.506194442940405054e+01 4.529085867650771036e+01 1.948488722182226596e+01 1.985599442851301788e+01 2.114547769343273487e+01 1.154290122619504899e+01 3.945063355798025384e+01 5.226883460735822240e+01 5.697269733867413066e+01 6.520604375100018046e+01 7.179135077224508166e+01 5.783496880334868706e+01 5.936482668781733452e+01 6.513488146437893533e+01 7.025414956449505155e+01 5.216984775795578599e+01 7.025414955958255803e+01 6.023280034627703117e+01 4.021844890930525906e+01 4.805449632229686330e+01 6.216438776287858303e+01
8.699724428260374731e-02 2.008699724428224798e+01 2.889119577721414345e+01 2.688413247759895697e+01 3.105574300867167992e+01 3.305044619805419615e+01 4.684483761820152381e+01 4.684478506292411026e+01 6.105692600359274991e+01 5.778433449790335175e+01 6.577149902994574404e+01 5.568059280111770448e+01 5.933492854414743789e+01 4.092717848014320481e+01 6.100449686462081189e+01 6.342819948466399893e+01 4.696071818045539459e+01 2.645546262093524703e+01 2.536094498461240576e+01 1.586493276242125106e+01 1.214536683609106227e+01 1.121414769507040177e+01 3.535563677192176613e+01 3.588539172602940397e+01 5.232803251695408875e+01 6.188433131455372660e+01 7.016081576350688920e+01 7.763572269219751831e+01 7.906502596158955498e+01 8.476333711440274499e+01 7.789245289422386520e+01 6.506979064890384734e+01 7.789245288974818493e+01 6.493705324157518533e+01 4.497859836785288223e+01 6.493705321044909340e+01 7.627425707133002675e+01
2.249585233037712170e-02 1.156950123612279313e+01 3.156950123612243786e+01 4.688237544220948649e+01 5.105073910235690704e+01 5.304362035852378909e+01 6.130467183400332232e+01 6.681407726757173293e+01 5.505928415349699634e+01 3.977402041550988088e+01 5.505477489828929549e+01 5.861453915361413181e+01 3.928283147340070514e+01 3.326144692229583200e+01 5.340481244937929262e+01 6.861246610403394186e+01 5.526076150152553623e+01 4.696068637714754601e+01 4.081734118406585310e+01 2.195827410292129755e+01 1.073892119905039166e+01 2.526277865872952688e+01 2.465862097649472418e+01 3.855811577229410148e+01 4.745882040367416721e+01 4.148360193614690417e+01 6.188433131455372660e+01 6.078317849446180787e+01 6.903885955535979235e+01 7.039792555528636342e+01 7.864699135563503773e+01 8.295615706864806782e+01 7.902486972868669568e+01 5.910168858839025319e+01 6.493705324157518533e+01 5.391958441420818815e+01 7.385037275791131606e+01
2.739267172789772165e-03 2.000273926717243356e+01 3.985377248358368973e+01 4.690424291728325557e+01 5.518851415927039739e+01 6.592965033846761003e+01 5.559418273609463768e+01 4.719893668409421394e+01 4.733975079965647126e+01 2.936704287205152042e+01 4.733931779878174240e+01 5.037182403601838843e+01 3.022501805282445630e+01 2.649962294329139567e+01 4.030130944562134232e+01 5.873118132634654387e+01 5.055627507358810391e+01 5.870848596357348725e+01 4.840180349716411712e+01 3.276646964117360739e+01 1.039936216544056613e+01 2.270374772489796200e+01 1.850217035238445717e+01 2.893299950571639201e+01 2.705954880484427250e+01 4.745883722758510714e+01 4.481267898962954632e+01 4.074020519400871621e+01 5.408676580996464622e+01 5.042091631075469138e+01 6.942148087316392946e+01 7.834250735092120976e+01 8.727082695845960814e+01 7.902486972868697990e+01 8.089432689678979216e+01 6.097101594491750376e+01 8.089432689678979216e+01
8.327778614586213435e-02 2.008327778614550851e+01 3.057431129873323883e+01 2.690424291728845319e+01 3.764537911059694153e+01 5.747665571929075412e+01 4.719893668409421394e+01 2.747883182709184169e+01 3.325470993240894302e+01 2.285046641744564155e+01 3.720754412334331107e+01 4.353466654926358359e+01 4.030170312651073061e+01 2.016246753232526956e+01 4.030169974943407851e+01 4.871231448097943684e+01 3.041518827174472861e+01 4.867158176425058969e+01 4.680617120493962346e+01 3.412329303931538504e+01 2.916040840625117170e+01 9.918671696815481553e+00 1.092976649678535850e+01 1.690459281649549084e+01 3.666127070681234557e+01 3.885616439184466486e+01 2.461317074950239814e+01 2.905402933136590349e+01 3.398496286628352436e+01 4.113819422516630198e+01 5.013174461453866115e+01 6.426807629593731974e+01 8.417117151613787485e+01 9.358603297895757578e+01 8.913848565844305938e+01 7.248357148123925242e+01 8.913848565844305938e+01
6.510866554257997707e-02 5.229086460485778964e+00 1.057431129873421938e+01 1.764537911059957054e+01 2.919238449439188088e+01 4.919238449437938243e+01 4.957457934821056256e+01 3.322531509804433369e+01 1.405066543627810205e+01 3.082691203748379749e+01 2.237818922229195451e+01 2.574250941488705990e+01 3.043257671324692737e+01 1.605700934594038998e+01 3.610174332775874717e+01 4.046644425337162687e+01 1.967861692641281479e+01 3.690611934294567220e+01 3.255478617030709643e+01 2.097773824363913420e+01 9.459591926763440739e+00 1.046871418178586488e+01 3.004097884137064511e+01 1.228162090259084849e+01 2.929246313425656822e+01 1.863573652973610706e+01 2.877602486924426017e+01 4.886981625185221390e+01 5.408676580869131811e+01 5.042091631076312552e+01 6.942148087316392946e+01 7.834250735092120976e+01 8.087454428105951365e+01 7.348740461053473894e+01 8.764851008881849737e+01 9.238363245944960056e+01 1.006286767826827884e+02
8.953482861371392376e-02 2.008953482861335971e+01 3.057431129873323883e+01 3.764537911059694153e+01 4.592965035232076332e+01 4.946146354497643216e+01 3.671636582212477862e+01 1.983388938032125637e+01 9.407192506940312171e+00 1.981047540702891396e+01 2.372258462109166288e+01 7.324793518559372885e+00 1.048629400288428215e+01 3.043254092853111459e+01 3.817466118074828074e+01 3.002198562463011910e+01 1.756293808295844272e+01 8.347614062782806599e+00 8.672612178265483251e+00 8.998214240862854041e+00 2.548040146959404595e+01 3.080978532140543535e+01 3.683409903297025778e+01 2.887512835546679923e+01 1.359596604420832122e+01 3.446413375382763888e+01 4.715363547598915517e+01 4.875995161062348160e+01 6.819442809128753424e+01 7.039792556229051002e+01 7.864699385429889844e+01 7.492133439196047107e+01 6.069913101135078648e+01 5.918968006921414116e+01 7.937415656709745804e+01 9.111508090369514434e+01 8.295853395366926009e+01
