MOVIE_S9_data/elevation_000272.asc
nrows	100
cellsize	150.0
xllcorner	0
ncols	100
yllcorner	0
NODATA_value	-9999
[rows 68 to 84 of 100, columns 37 to 73 of 100]
6.057354966371208604e+01 5.629042437591881765e+01 7.290527069023278273e+01 8.439028061079801546e+01 6.448622870337921142e+01 5.356282851307777548e+01 7.345513202210365478e+01 9.233407232010239341e+01 8.189629853253232739e+01 6.177632720364946550e+01 8.189629853253232739e+01 9.177837871617083465e+01 1.034294894493329053e+02 9.962980211890018722e+01 7.962325752591431183e+01 9.962980211890018722e+01 8.790020480677436865e+01 6.801094687108870573e+01 8.790019107322990521e+01 8.108978498307364191e+01 6.543129855567242714e+01 5.612082270597920797e+01 7.603582903902220380e+01 7.999431913618232670e+01 7.326595819244073482e+01 8.336891571653399069e+01 8.512308738494034799e+01 6.838066432584190579e+01 7.071857120741333347e+01 9.053901534440663568e+01 8.900949946023168025e+01 1.013274876504113990e+02 9.682383448081816368e+01 1.098926554950523098e+02 9.979254607208380889e+01 1.115146989292164932e+02 1.315740184336885079e+02
6.935252034015282163e+01 7.624387847600706891e+01 8.436781907806171432e+01 9.261934312711871087e+01 8.169273448458501719e+01 6.349064262390342606e+01 6.417973879031720230e+01 8.410635803500775864e+01 9.023285234399496346e+01 7.333656179952981802e+01 7.597054683603992942e+01 9.620232864545957341e+01 1.062570093103345670e+02 8.625661145825392850e+01 7.263467522505892759e+01 9.255642044399448309e+01 8.215866880974910202e+01 6.227196586350730456e+01 7.464222396719294750e+01 7.186070133950440209e+01 5.398817412337619714e+01 7.393066958802486965e+01 5.844849799829414394e+01 6.013699611461514394e+01 6.183961359482551501e+01 6.356941272569873291e+01 6.532081717420820155e+01 8.513061946718084982e+01 9.053901865170597318e+01 9.884345969443020863e+01 1.091726213380242854e+02 1.174705393872878147e+02 1.170316736216407776e+02 1.253049612629090888e+02 1.115146989292164932e+02 1.282542502367567465e+02 1.398028323435874825e+02
6.380730871996801312e+01 7.774202524020731175e+01 8.121971742916453252e+01 8.942543297711270611e+01 9.164778908552919745e+01 7.759585345129750067e+01 7.570076807342283587e+01 9.233407232010239341e+01 1.018895685288383959e+02 9.358911635952043184e+01 9.620232864545957341e+01 1.044951578519500544e+02 1.003901998156499928e+02 8.040228747562196077e+01 6.637773754915443192e+01 8.625661145825391429e+01 8.957850068398015253e+01 7.464208973756689147e+01 5.470640853738783704e+01 5.189574814832077010e+01 7.186085860915913770e+01 8.218620411346030608e+01 6.598134406495273652e+01 7.999783500978514894e+01 8.168073380711432208e+01 7.754983676120498615e+01 8.513061942422284289e+01 6.963432416135174208e+01 8.945589737852034773e+01 1.039532187218776613e+02 1.087135977203102044e+02 1.145501883797596889e+02 1.209334359907179959e+02 1.291817547712872170e+02 1.315740184336885079e+02 1.398028323435874825e+02 1.415494622653077670e+02
4.987259219968695589e+01 6.516384731345719672e+01 6.155537284922260000e+01 7.989339704707741419e+01 8.870174480923135718e+01 9.747944103519323278e+01 9.558860745632807721e+01 1.038093547976055646e+02 1.049014958137195634e+02 9.660418309486665578e+01 9.399670993888376813e+01 1.022942978045272611e+02 9.539322173064296351e+01 7.544386029757477274e+01 6.139906674809721210e+01 7.483443017556385257e+01 8.130572868607387704e+01 6.138824030988097036e+01 4.983728323430916873e+01 6.980708447615793943e+01 8.013143432399769495e+01 9.412378337222521907e+01 8.583523293503748164e+01 7.998078849792938172e+01 9.996911209526371067e+01 9.750034124862148133e+01 8.671296067765979387e+01 7.273522869183318562e+01 9.259606784623579756e+01 8.383055085382730454e+01 8.851558454625975969e+01 9.432955039835174205e+01 1.007532430698666133e+02 1.098413578756308198e+02 1.214844199123575521e+02 1.414127320876686156e+02 1.332626717106645060e+02
4.091435582919361025e+01 4.549931580511007212e+01 5.206697410085472910e+01 6.084730345797855477e+01 7.473533514928259081e+01 9.442477224506134803e+01 1.044349227572492680e+02 9.614974350938240377e+01 9.335679546746483481e+01 7.662287073206314858e+01 7.403143382633204794e+01 9.075603190181641367e+01 8.874220971206673880e+01 8.036549673259797544e+01 7.483443004143803989e+01 5.490436532878931786e+01 6.884149524778136708e+01 6.650975274203231891e+01 4.846811564284583795e+01 6.259442604156289747e+01 8.252622479121649235e+01 8.893165514614345568e+01 9.723865629083701378e+01 9.996911209526371067e+01 1.082667787947916054e+02 1.150955773326910219e+02 1.009042690327730014e+02 8.411105550972435196e+01 7.761256880459431784e+01 9.759026896263931405e+01 1.087135635783471486e+02 1.050221457231253908e+02 1.209148162160908981e+02 1.291814873695735457e+02 1.381262105421296553e+02 1.496073477579194275e+02 1.415494622653077670e+02
4.692039211940210919e+01 6.516384731345716830e+01 5.940641585796308988e+01 7.171228391975846250e+01 8.870174480923137139e+01 9.705160049968512226e+01 8.877563666147932508e+01 7.622516513661558690e+01 8.506796702343999073e+01 6.514350736936346209e+01 6.255717010961349445e+01 8.183876883305043748e+01 7.711604557361803813e+01 6.026443155181962652e+01 7.696809880292785522e+01 6.876882802152512397e+01 4.886333131865050916e+01 4.654842434717277655e+01 4.895567018075333721e+01 6.875176699584653761e+01 7.478922399486515360e+01 6.893123720708102553e+01 8.893165514613617972e+01 1.003110734458717133e+02 1.017122875153925179e+02 1.100325017756252066e+02 1.124898806575903478e+02 1.041868102112806582e+02 8.907399650648520151e+01 8.821108614967701556e+01 1.083607026364129524e+02 1.251384947410618906e+02 1.333717641989237279e+02 1.367046114247318656e+02 1.282715528851265958e+02 1.308775178510797730e+02 1.392721672089802780e+02
5.348199268514273541e+01 7.312919519714034777e+01 7.329432176555926048e+01 8.726287668713585788e+01 9.964435131462185780e+01 8.877563666147932508e+01 6.888419916432515322e+01 6.477424981701091156e+01 8.296789983200517327e+01 7.356457487870106604e+01 5.363863993053642076e+01 6.628865217837416424e+01 6.874071571196168406e+01 4.870879088052620176e+01 6.216960616045251697e+01 6.319160595730181740e+01 4.487826584552927045e+01 6.483451398115273889e+01 6.875124322027696167e+01 5.242119262578616201e+01 5.494963106792683050e+01 7.478922399483055017e+01 8.235396412388294607e+01 8.026651742074952267e+01 8.166185404252294688e+01 9.845023333923376185e+01 1.100325017756252066e+02 1.175157359111189379e+02 1.092237571613524239e+02 1.024651972969349458e+02 1.046705413193672314e+02 1.247802228759745873e+02 1.329217068633690246e+02 1.249373903095034422e+02 1.079659583912422534e+02 1.106026134100269616e+02 1.308775178510797730e+02
6.330054099980808502e+01 8.131293123871850526e+01 9.299158439111485563e+01 9.547381888845960418e+01 1.035411502304133080e+02 8.871452431528922489e+01 7.471026631969330367e+01 5.482271916055675831e+01 7.471026631969330367e+01 8.183876883305043748e+01 6.628865217837416424e+01 4.632969009224263601e+01 5.961594087536227704e+01 4.111994883061737482e+01 4.219811099249412223e+01 4.327349557640681610e+01 6.323660947501868179e+01 7.310499668350446711e+01 8.050363861141498489e+01 6.379354260818607258e+01 7.478922399486515360e+01 5.876305684007699170e+01 6.234625469558037025e+01 6.611720200721211427e+01 7.014250236298011032e+01 8.166185404252294688e+01 1.017122875153925179e+02 1.108838166052080538e+02 1.191989692020774356e+02 1.225937920002355526e+02 1.247802294267240057e+02 1.269812079212559155e+02 1.126678426293834292e+02 1.165409954329020081e+02 9.612104081207134243e+01 1.138055491251750055e+02 1.214998835544558631e+02
8.295784939452998685e+01 9.116423464212454064e+01 9.252706349238795269e+01 7.656225787190497556e+01 9.252706354633927788e+01 8.044885495543474008e+01 6.056555036517590906e+01 4.904363372513588359e+01 6.192446690359017225e+01 6.536859255593202533e+01 5.718705455393937598e+01 5.819732097122791714e+01 3.960205906215389149e+01 5.963581134884793045e+01 6.216960825191931406e+01 4.644853170441432866e+01 6.041747617185038166e+01 8.014029743285584573e+01 9.203999581020435983e+01 8.374701995477910543e+01 8.700557040180653701e+01 7.284774085958396483e+01 6.536179370881605166e+01 8.538165988700380638e+01 9.013616435246252934e+01 7.720223395445192693e+01 8.318735437001612354e+01 9.072103366641526634e+01 1.049827751872032451e+02 1.251301908372838341e+02 1.268343036495173664e+02 1.168152835567641574e+02 9.822763170060937910e+01 1.100826993347790932e+02 8.964899987562037609e+01 9.339365425887179128e+01 1.011425881504166995e+02
9.655777215300014404e+01 8.831904650335540907e+01 8.061284404052591412e+01 6.583600635970314841e+01 7.374767867527383203e+01 8.163048508603357334e+01 7.341507798770555837e+01 5.350956155000740466e+01 4.191829711415032023e+01 5.563621060206384072e+01 3.706333956515063477e+01 3.811413125494094345e+01 5.819732096406401212e+01 6.790497772997120762e+01 6.943523346804421692e+01 4.973122472895347812e+01 6.943523631350382175e+01 8.260814034036573617e+01 9.120770758544118451e+01 1.021795439216977428e+02 1.012532012709205560e+02 9.094715562587049362e+01 7.091160637022012736e+01 8.169608711565889791e+01 1.017805781293974121e+02 8.715413163340123504e+01 1.032630009774311901e+02 1.032630009759331955e+02 1.108838165971771588e+02 1.205979754750362787e+02 1.059624438400706197e+02 1.084138469094477983e+02 8.802758159713778241e+01 9.818057825425498208e+01 8.382835449842202991e+01 1.041832896072884580e+02 1.013816982321082065e+02
8.555097532493130075e+01 7.798392931891632429e+01 6.230051292331472723e+01 7.271301510142126290e+01 5.520118314289237560e+01 7.374744588015934710e+01 8.166758668467120685e+01 6.830515652883141797e+01 4.961162590025249841e+01 3.556974734789773152e+01 5.576196400001983733e+01 4.443154673434116830e+01 5.357642430451936377e+01 7.405812784638482071e+01 7.765248665999908440e+01 6.111677295357219464e+01 5.489103739511638480e+01 6.363145395297979690e+01 7.480648967293740270e+01 9.383935641799783411e+01 1.065345956590071381e+02 8.922256054287764471e+01 7.757711539278007251e+01 9.754493009701862150e+01 1.101120467753080163e+02 1.013653720860371976e+02 1.155845817307671126e+02 1.233926731932187124e+02 1.309933697880984482e+02 1.120756700422827521e+02 8.968177711650319850e+01 9.791252857643895879e+01 8.045192587930030470e+01 7.798298507880230090e+01 8.347501954026077442e+01 8.955297716484299997e+01 1.040297092195976916e+02
7.740871318727354833e+01 7.054609549565181226e+01 5.168235929519860150e+01 5.481508692112139158e+01 4.935729712313864326e+01 6.812437750853426621e+01 8.476512485131405583e+01 7.013917082253560409e+01 4.927835692382587496e+01 3.453168038315296684e+01 5.478195991372844986e+01 6.415002418426426800e+01 7.258896305362176804e+01 8.243887939468066861e+01 8.905660505576221908e+01 8.079841954094199252e+01 6.617443067791424482e+01 6.113544712856066354e+01 8.070540574431259984e+01 9.473804329123086632e+01 1.030191285830022707e+02 1.046887325730573650e+02 9.171036236018385068e+01 9.171050686303475175e+01 1.116304737971271379e+02 1.215106928143445373e+02 1.141028428260966479e+02 1.059556853584365967e+02 1.141028428260966479e+02 1.136337804452256535e+02 9.140057283490416751e+01 7.538806057773746261e+01 7.348606871300772525e+01 9.354676018900632073e+01 1.038245119785589026e+02 1.099849980758895214e+02 1.183845285835019183e+02
7.076818016577541925e+01 7.760601406333927343e+01 6.038363152802891420e+01 4.159330069819458231e+01 6.038356451012642623e+01 6.685589415950175862e+01 6.700394792342221706e+01 6.819451619668475928e+01 4.795824871920846988e+01 3.348702333269445575e+01 5.334590551559514182e+01 5.008589269181314307e+01 6.155383962126956732e+01 7.985368981074014982e+01 8.973637986633740127e+01 9.415339414623890946e+01 8.587799509360397110e+01 7.488721494186312100e+01 6.800039542883786226e+01 7.480648260182447018e+01 8.624015300939790052e+01 1.063463772947877288e+02 1.116296783698279427e+02 1.116304737971271379e+02 1.198967607635279649e+02 1.135247529466882241e+02 1.046472388515574323e+02 8.735835606365191097e+01 1.046472388515574323e+02 1.148608862781955509e+02 1.067718314151502597e+02 9.065116292993361924e+01 7.066041337120626054e+01 9.065116292993361924e+01 1.050096131167328082e+02 1.077173464845078996e+02 9.930493214546329739e+01
6.229507493967764020e+01 6.190143795820883099e+01 5.653788363595833744e+01 3.745988771715998666e+01 5.520480836554060744e+01 4.823540197396719975e+01 6.705054510634248288e+01 6.550682454412601885e+01 5.411118110338568243e+01 3.243607481100726631e+01 3.683761767875253668e+01 5.511702787954907734e+01 6.544735683032496354e+01 7.044780917814581755e+01 7.044788067165335121e+01 8.521874435451356078e+01 9.498391850185352325e+01 9.475172013417301287e+01 7.539702236145286918e+01 9.473804329123086632e+01 1.030464145356898342e+02 1.146410198855849814e+02 1.186625709459074187e+02 1.151441282426203685e+02 1.068363920053641749e+02 1.054155705972998476e+02 8.685073923849543576e+01 7.855629925290917015e+01 9.665702071104425386e+01 9.458126306092361801e+01 9.290944284204071835e+01 8.453995420337876965e+01 6.815871060581513063e+01 8.809154990434586807e+01 8.475077769040488818e+01 9.334072313368123730e+01 7.907932199473737001e+01
5.222253195916201207e+01 4.043722134333423668e+01 5.090099616267068683e+01 3.333223199784404045e+01 3.553285493692155939e+01 4.851983012646834226e+01 4.913883057792927644e+01 4.552645187511384250e+01 4.483684916453010771e+01 3.140468616826997916e+01 5.026671792198955302e+01 4.326148470938436219e+01 4.773392928946986302e+01 5.241853855407192952e+01 5.838869420458958359e+01 6.736392343146366102e+01 8.672227625299369436e+01 1.035277290484226569e+02 8.539090553197382860e+01 1.035277290484226569e+02 1.154260762729749956e+02 1.071062458760564198e+02 9.864642877614346617e+01 1.035975427925156396e+02 8.686088561841960143e+01 1.035975427925156396e+02 9.025744926733622719e+01 7.216313616057595937e+01 9.025744926733622719e+01 9.458126306092360380e+01 7.449864308200399421e+01 6.469318079979585434e+01 6.578014310873682291e+01 6.821171395649392366e+01 7.069326470745720314e+01 7.328631362369408464e+01 9.334072444010205061e+01
2.649093245409224906e+01 2.518346590758659076e+01 4.075233262082861074e+01 4.576938226955898159e+01 2.743613850699758672e+01 2.805284787806284896e+01 2.867713151335551203e+01 2.930664792607585056e+01 2.993922545716424466e+01 4.847465088452875648e+01 5.877924241552145901e+01 6.101900714248183988e+01 6.544738448768836747e+01 7.044780917814581755e+01 7.704309201356375070e+01 8.521874435451356078e+01 9.498430702446491125e+01 1.135277271525621927e+02 1.052754724848998364e+02 1.135676849313582295e+02 1.071062458760564198e+02 8.721175509505188472e+01 8.464187082919013960e+01 9.530352801566267829e+01 7.546088123838478623e+01 9.530352801566267829e+01 8.542154067487119562e+01 6.712582252176076736e+01 8.542154067487119562e+01 1.006228490003406932e+02 8.216700271631505359e+01 6.238589333116821933e+01 8.216776160103613336e+01 8.814556971789173190e+01 8.475077769035891606e+01 9.334072486128943069e+01 7.835129900761678812e+01
2.437202277164400854e+01 4.158016902218972177e+01 2.600272098031371826e+01 2.658636178385412663e+01 4.726363797774671838e+01 4.857292248860560591e+01 4.914177252302474841e+01 4.391889304980229269e+01 5.029651403721438641e+01 3.106538041078337997e+01 5.132056430631148203e+01 6.053349926329318009e+01 6.319754608203365365e+01 7.126307155871330679e+01 7.179087337152050452e+01 7.985463817329728897e+01 9.103023188758672291e+01 9.263192601268839610e+01 1.020840718230194710e+02 1.099058846259609794e+02 1.040757372647169774e+02 9.303871653655482987e+01 7.334562096171059409e+01 8.375530225420334318e+01 6.856822401476914308e+01 8.806308025055889743e+01 8.087509611997676018e+01 6.247326830447885015e+01 8.098417720308881940e+01 8.648980994504418618e+01 7.232355598691461296e+01 6.074814498282995601e+01 7.461043116901095118e+01 9.466974973008994709e+01 1.050096130718306426e+02 9.855809790542343762e+01 9.259391781090603502e+01
