MOVIE_S9_data/elevation_000095.asc
nrows	100
cellsize	150.0
xllcorner	0
ncols	100
yllcorner	0
NODATA_value	-9999
[rows 68 to 84 of 100, columns 0 to 36 of 100]
5.009162696260269221e-02 1.588553165422543767e+00 3.131586665003911474e+00 4.688584552814533346e+00 6.264805360766691145e+00 7.871243987614491289e+00 2.784857909467305603e+01 3.184324192480019988e+01 1.608480377807240558e+01 3.602653398460302014e+01 4.383156973283089997e+01 5.669536139030776667e+01 5.833432717311025328e+01 6.079463639940326658e+01 5.250614301425446939e+01 3.871660919610665275e+01 4.575856667731419947e+01 5.571956190381821017e+01 7.573320566031274836e+01 9.057317793896666558e+01 7.321292866521999088e+01 7.221546565752099411e+01 6.594237089179941336e+01 6.026457798317786541e+01 4.837506657843347568e+01 2.978487955484018102e+01 3.912397207635230956e+01 1.997648537307605920e+01 4.010349730390604606e+01 4.746814673349705060e+01 3.198344597984355175e+01 5.182599679592328812e+01 6.006980184144624957e+01 6.431643499407485365e+01 6.877562702526867611e+01 7.452198178903365999e+01 8.077977767462334668e+01
4.695337527364121244e-02 2.004695337527328647e+01 2.312643258966927462e+01 2.468044143416398839e+01 1.950101355520712687e+01 1.949668117223813013e+01 3.610862179839961783e+01 3.903628898240494038e+01 1.913427964807754122e+01 3.904629864104239800e+01 4.960244167106278468e+01 5.619289744857083946e+01 6.440570672104601613e+01 7.430366942346356041e+01 6.497196402380905056e+01 4.501529426751158525e+01 5.864201388435810003e+01 7.405700210595212241e+01 8.409471784684274098e+01 9.391951924481685410e+01 8.534172212783721534e+01 8.540427175372349211e+01 7.807800206971248258e+01 6.206599450573849452e+01 4.178582238097853718e+01 4.128961934316497207e+01 3.206015435413193160e+01 1.961405482049225313e+01 3.949091614554248508e+01 2.765562163127967210e+01 4.746814701600069242e+01 6.000397645789951895e+01 6.766404133663223774e+01 5.938692044855660868e+01 6.767174575515326751e+01 8.482702988421351620e+01 7.993007409904680571e+01
7.614146464036156137e-02 2.007614146464000626e+01 3.139288629734836178e+01 3.810264376483561222e+01 3.776834876667241758e+01 3.959595512062129785e+01 4.792338151964106174e+01 4.608187461444439492e+01 3.294037714548958462e+01 2.378094258233719671e+01 2.979569862952405401e+01 3.642153011604661117e+01 4.630800323621962633e+01 6.607779166092205969e+01 7.203612052546570510e+01 5.205566866272790350e+01 7.203612052546570510e+01 8.672979363321896074e+01 9.433061962954054991e+01 7.317860529937517811e+01 6.419538343320689933e+01 7.594797273852255159e+01 5.789653313855554018e+01 6.171432715490904997e+01 4.281545211834179554e+01 2.309999642762767280e+01 1.909140014624741610e+01 2.040689318155184040e+01 2.338082267125360403e+01 4.331036830524176651e+01 5.551830126422173350e+01 6.880873401507412268e+01 5.759776516345027630e+01 3.927320241283906910e+01 5.366814164090514083e+01 6.899701803697054459e+01 6.022665218804032605e+01
2.352828262072655108e-02 5.570684938417526766e+00 1.134540468277294245e+01 1.801818104011381294e+01 2.698693613594234719e+01 3.861607313881229686e+01 5.913198126533502830e+01 5.861643616653280020e+01 4.630495546904958815e+01 2.777444400933336510e+01 4.757260156728223421e+01 5.619289744857083946e+01 6.440570672104601613e+01 7.430366942346356041e+01 8.035234689580111933e+01 6.357020336893488377e+01 8.035234689580111933e+01 9.501304578654045940e+01 8.457754394701565559e+01 7.316392773154124995e+01 5.170198465678173960e+01 5.537938507946853406e+01 5.697000950933672669e+01 4.077940738461758485e+01 4.841108168586153937e+01 3.902555211839145244e+01 1.871545529241143768e+01 3.782854668069921900e+01 4.302569846934674302e+01 5.000695662785388151e+01 5.974921800646658454e+01 5.472877378907776347e+01 4.057681264647504094e+01 2.934942580451333782e+01 4.932885457620180603e+01 5.451598142287679849e+01 4.636934592108120512e+01
6.786455232800275850e-02 2.006786455232764865e+01 3.139288629786149443e+01 3.811749593236544342e+01 4.647349904103911200e+01 5.564056288362300506e+01 6.782601307380474509e+01 6.158471386063550312e+01 4.181826416838407567e+01 4.178970207222179312e+01 3.480472614913755791e+01 5.442167336431564451e+01 6.982330204449266375e+01 7.784609439942163078e+01 8.769415451154580410e+01 8.360077842762127887e+01 9.193031328736900321e+01 8.654195013169990602e+01 6.549698932328965384e+01 5.462764553198366002e+01 4.696823170742554510e+01 4.029926387462800363e+01 3.584390139066171344e+01 3.173892877542319368e+01 2.781966479437023665e+01 3.955684881810728371e+01 1.833524211598556164e+01 3.467296063541867568e+01 4.100952147265024195e+01 3.403546902449190270e+01 4.178043843602324614e+01 4.367149084716973562e+01 2.649349949465887377e+01 4.645541145871167288e+01 3.233582449467878916e+01 3.448889097790394942e+01 3.667372695303379260e+01
3.257643153035955086e-02 1.003257643153027168e+01 2.157958181532258379e+01 3.572171743905020946e+01 5.572171741715333582e+01 5.635929886410522016e+01 6.459621565049033620e+01 6.987008816433332470e+01 6.165762494907303903e+01 6.153375595809776399e+01 4.857402318465919677e+01 4.285056407753170049e+01 5.120523687373880506e+01 6.179858935123147745e+01 7.883197176292659947e+01 8.719367218188176594e+01 9.669832356116249628e+01 9.501304578654045940e+01 8.457754394701565559e+01 7.601946972749480835e+01 6.846040438146414431e+01 6.166952589087736669e+01 5.698949897095113215e+01 5.266225132446871271e+01 4.343462533675788251e+01 2.294951388928866010e+01 2.197219816449758056e+01 1.779766217372672799e+01 3.647881707858332589e+01 1.999907888000428358e+01 2.187205893518160948e+01 2.371376875563674957e+01 4.367168354240574502e+01 5.473705312175176374e+01 4.435155864327395392e+01 5.451598142287679849e+01 5.479439546403907002e+01
1.880098487986705744e-02 1.416093660861069203e+01 3.416093660860997971e+01 4.012152203202993661e+01 4.841054899351670571e+01 3.638227857530299758e+01 5.218252313559341360e+01 5.369895645378512228e+01 6.207234812764075116e+01 6.895033598169106881e+01 6.752444703824261296e+01 6.222948731783113629e+01 5.656719039135082738e+01 7.592488504915884562e+01 8.223245796002933616e+01 6.419319452846647778e+01 7.830151218814442871e+01 8.703919300566813888e+01 8.893764658897902109e+01 7.723296846125805359e+01 6.817306316033645430e+01 5.979492148667080897e+01 6.513423451699901534e+01 5.680167082411971791e+01 5.208663104133388799e+01 4.259789844976201323e+01 3.703958602861725069e+01 3.432421867097883705e+01 1.726051521518424181e+01 3.441008414086854827e+01 4.181736941256700391e+01 4.367162791515836773e+01 3.165508715823684582e+01 5.199395155662214307e+01 6.565821893980984214e+01 7.227135609156793805e+01 5.714971811597818885e+01
2.900726248362994752e-02 2.002900726248327601e+01 2.565393186636587330e+01 2.009636912405720111e+01 3.163450194029864448e+01 2.480598367932772419e+01 3.240248286647312170e+01 3.358147807827815257e+01 4.740769189825599028e+01 4.758069496195031434e+01 6.147788659961822333e+01 7.151185791055199559e+01 7.592488504915884562e+01 8.403474979896488151e+01 7.192362164555028414e+01 5.124238434771436346e+01 5.680805028558810932e+01 7.830151218814442871e+01 8.061112601673718814e+01 6.026715757254815031e+01 4.858303232303187968e+01 3.984896325517364346e+01 4.982194237092208766e+01 3.723465153721672749e+01 5.140696164514883293e+01 4.194338974180586632e+01 2.566681702980837443e+01 1.673694108867055874e+01 1.781410271830722181e+01 3.480254339401167130e+01 5.737711606417121857e+01 6.028930976065471725e+01 4.606765869900930710e+01 4.221927247558261342e+01 6.124625519784706995e+01 8.121496950087423272e+01 6.680599324206581002e+01
5.081304048347550645e-02 2.824455748776989683e+00 5.625946686437910849e+00 8.515942206617420851e+00 1.157391097683529324e+01 1.475083317063347721e+01 1.820416273865863843e+01 2.195057455252181811e+01 2.734613176146412883e+01 3.315929701113448402e+01 4.316539573634338467e+01 5.729750085510249846e+01 7.737129051690692449e+01 7.807303966125476791e+01 5.675295800107006272e+01 4.164883108382488786e+01 6.310333952567216187e+01 7.527035089253851652e+01 8.197559350206904583e+01 6.171838462203324127e+01 4.730187895402268339e+01 4.118774734940271287e+01 3.062660935536699114e+01 2.701980118276379983e+01 3.924785287303111403e+01 1.822106662654871556e+01 1.622589373187215855e+01 3.448420270263959964e+01 2.207661876151442470e+01 4.220309148873879224e+01 5.405323459834456656e+01 6.152620745984700790e+01 6.698609361452226096e+01 6.323103573275358968e+01 5.729095391930788850e+01 7.940291980770849989e+01 8.406119981270872188e+01
4.469920835086939326e-02 2.004469920835051511e+01 2.565393186636587330e+01 2.855999461176436327e+01 3.163450194464117615e+01 3.482567738325422368e+01 3.242374777096380001e+01 3.618250209115060301e+01 3.157642572515090507e+01 5.193439012165460866e+01 4.717149326889323646e+01 6.672401847503115846e+01 7.118197763925944344e+01 6.721226391599665817e+01 5.709933355107301622e+01 3.605950231533709882e+01 4.563507072900102912e+01 6.047474182257711561e+01 8.144940707126397683e+01 7.599408387039281365e+01 6.225032437066747804e+01 3.474376228253979093e+01 4.886046850785958640e+01 3.624404213827592258e+01 2.243904654249209329e+01 2.161208398213342718e+01 1.587864357922698311e+01 3.969314171128706903e+01 4.219621028279689057e+01 2.893947381951279851e+01 3.392889133592328221e+01 5.405534963068655685e+01 6.905089858314593698e+01 7.674513250986555590e+01 7.907469406107540522e+01 8.846249501634169121e+01 9.043748733328750689e+01
2.324776005098762310e-02 4.496053385544003689e+00 9.088927186577945960e+00 2.919585291379559067e+01 4.264560965128129055e+01 5.098714283502034306e+01 5.247014154369482952e+01 5.624199784439872474e+01 4.008236000338070681e+01 6.028014713349243436e+01 6.099212216453071989e+01 7.105601927093202619e+01 4.890723969650191805e+01 4.613164332204562612e+01 5.178085156127277600e+01 3.091839474892293538e+01 4.563507072899888328e+01 6.661807899792103171e+01 7.630993971996927883e+01 8.709976441317330398e+01 7.718906697046583076e+01 6.718162780857737459e+01 6.310806112243881216e+01 4.830334256434549189e+01 3.279810488101324495e+01 2.221744256947993534e+01 1.554038620175843555e+01 3.011119156770167393e+01 3.753464894635254723e+01 4.598207918777070802e+01 5.405512383365899609e+01 4.252024989432597835e+01 4.927407061001920852e+01 5.908959767303382193e+01 7.215285899089128918e+01 9.014723435547513475e+01 8.215113155864132466e+01
8.699724428260374731e-02 2.008699724428224798e+01 2.919585291379559067e+01 1.619975334043363091e+01 2.230246190433435061e+01 3.052490412377284912e+01 4.264417464615243603e+01 6.316002098655012986e+01 5.091382833781202777e+01 6.914012407469272148e+01 8.056204028595821853e+01 6.721226367920516509e+01 4.613164332194831729e+01 3.141313757842563348e+01 4.173061696395322429e+01 2.685761694274914646e+01 4.749165220844619029e+01 5.074709595560818087e+01 5.112991027993202664e+01 7.706084405386555147e+01 8.260238388779164609e+01 7.021604361905649228e+01 5.983921655286867747e+01 6.042701622017926866e+01 4.553576753250450082e+01 3.465549808793419828e+01 2.476878725240525370e+01 1.507311243959921931e+01 1.794588467907967200e+01 3.204626276176221467e+01 5.334808619715563793e+01 6.251834555166873031e+01 6.905089858314593698e+01 7.674314674075206710e+01 8.529792487955744207e+01 8.281207274658606821e+01 7.449935766397257453e+01
2.249585233037712170e-02 1.416463147606120287e+01 3.416463147606049233e+01 3.641805677981615474e+01 3.271966964435575420e+01 4.264560965128129766e+01 5.395709368147371521e+01 7.151027019753529146e+01 6.821679293950370493e+01 8.055691547860479318e+01 7.882888070964750682e+01 5.798801665176926434e+01 4.327093619725766160e+01 3.139022993535523653e+01 2.158467290743980271e+01 4.173061696395322429e+01 4.316025807360321664e+01 3.319545138255046623e+01 4.660402172728620229e+01 6.884353963724268510e+01 8.110791475848088794e+01 7.974458537439259942e+01 6.064738932660137039e+01 4.584283315833609862e+01 5.490491393390015418e+01 5.015640782565856881e+01 3.507956952291978325e+01 1.475135634221450154e+01 3.444413588673080540e+01 4.173858461311699131e+01 5.080158105804999025e+01 5.673742845745128704e+01 6.394939796038369195e+01 7.248040324028474402e+01 7.531729664151576742e+01 6.697980468218646877e+01 5.420062222287923959e+01
2.739267172789772165e-03 1.414487489090386596e+01 3.414487489090456762e+01 5.233243590781250987e+01 5.287399240388828758e+01 6.117796927877537172e+01 7.115694207574148322e+01 8.576373418761976097e+01 8.971746587913408177e+01 8.853323960881421328e+01 7.250550174167531736e+01 6.204863146569329757e+01 5.335185565718589373e+01 3.856322351380164548e+01 1.876658144454911792e+01 3.528703538260054273e+01 2.408804733506858042e+01 3.705377593313308893e+01 5.542163138324931282e+01 4.909109272347789954e+01 6.371234588389933862e+01 6.812657134925190405e+01 7.164922889003770479e+01 5.490491393432629508e+01 3.547809105737759694e+01 4.692648900375898080e+01 3.533831546879680019e+01 1.443295091489364346e+01 3.326168265964189175e+01 2.768556171788882025e+01 3.352675465345866712e+01 3.978979187577547094e+01 4.837997485915619222e+01 6.512558789796266012e+01 6.697980468218646877e+01 4.671221432707274346e+01 4.251703091470069040e+01
8.327778614586213435e-02 2.008327778614550851e+01 2.390860734643142393e+01 3.553523490102421789e+01 4.214982545934733338e+01 5.050297826943074853e+01 6.038191768192588427e+01 7.375544807935321501e+01 7.867679804799868748e+01 7.890034077694666337e+01 5.452783284571963662e+01 4.177408795801039787e+01 3.278987886595230350e+01 3.896762480252825611e+01 1.598920155858608894e+01 1.705009736646273666e+01 2.960537152568818087e+01 4.900378434700340335e+01 5.170190607980614317e+01 3.352516310949558687e+01 5.159274141554512028e+01 5.025011370698916124e+01 6.329666607814126422e+01 6.271178765902835295e+01 4.692648905782753843e+01 2.711906489736519532e+01 3.473153406926892472e+01 1.411647417161671214e+01 1.950624208943209226e+01 3.496031138381506764e+01 4.136864518794555323e+01 5.659939504659612197e+01 6.393249406297479709e+01 7.245589370980059130e+01 6.453068204268063823e+01 5.264845410377448331e+01 3.251577520793781417e+01
6.510866554257997707e-02 4.598262681484503567e+00 9.371799636897405250e+00 1.490557505407912231e+01 2.128891837672123089e+01 3.029377697166744454e+01 4.593735050833840461e+01 6.064174607470383194e+01 7.665679318917679552e+01 6.714355265647490967e+01 5.652667600614318388e+01 5.629697099999898313e+01 3.683340118366486848e+01 2.335964497227748282e+01 2.451884470900283830e+01 1.255161524442882026e+01 3.190549278500226649e+01 3.794183467788107578e+01 3.374005455473523796e+01 2.446840681861062095e+01 4.310722855803881970e+01 3.714358627004862257e+01 5.421027842673684205e+01 6.825859415339471070e+01 5.468088441254080578e+01 3.990269750597060039e+01 1.966471536154248412e+01 1.494161127860179406e+01 1.367024550938689664e+01 1.507925286633202511e+01 3.041268014337672199e+01 5.647968410061460531e+01 6.017603523738494431e+01 5.797934799335596523e+01 5.025258439612493788e+01 3.597448674956926595e+01 2.613697690434022292e+01
8.953482861371392376e-02 2.008953482861335971e+01 2.980414977891602746e+01 3.553523490102436000e+01 4.214982545935251323e+01 5.050297826715424776e+01 6.035993844143545317e+01 5.414176642685610119e+01 6.913665528989307063e+01 5.631828302846498246e+01 3.282919600652130043e+01 3.895500012880353324e+01 4.778806993925312696e+01 4.281748774291963144e+01 2.954785739289840762e+01 1.056381890429159753e+01 2.648404929865682078e+01 2.130087436148946978e+01 1.668822694930221928e+01 3.140707108543675830e+01 3.649960444872999688e+01 2.769381785133102980e+01 4.648023512110012945e+01 6.103649777678284494e+01 4.254330886839095172e+01 3.128918847899061717e+01 3.801311985363514623e+01 3.292715531743760948e+01 1.335656391377287200e+01 3.168179414677531724e+01 4.557469873373347724e+01 6.012308890009357043e+01 4.034639318241189443e+01 3.782948292678636903e+01 4.188671260645406136e+01 2.174762162769892271e+01 3.782483396589162084e+01
