MOVIE_S9_data/elevation_000921.asc
nrows	100
cellsize	150.0
xllcorner	0
ncols	100
yllcorner	0
NODATA_value	-9999
[rows 51 to 67 of 100, columns 37 to 73 of 100]
1.066362579698210737e+02 9.220683195087275408e+01 1.088045668304457223e+02 1.016360089727105134e+02 8.595528757107430806e+01 6.596430738878183320e+01 5.175614111534888195e+01 6.847686604679641675e+01 5.552617593985521438e+01 7.555983365956318210e+01 8.085092442558497794e+01 7.210472725194109955e+01 6.835060945561504298e+01 4.819773614311640131e+01 6.019523455935055978e+01 4.149904189963054790e+01 6.190751780362905521e+01 7.187851979086342169e+01 8.603329886999760845e+01 8.435863537704689463e+01 6.661758103072595816e+01 8.435863537704689463e+01 9.255153066032190168e+01 7.527792314680203845e+01 9.106206200143185470e+01 8.174766443888859158e+01 9.332956211231301324e+01 1.132716446178986729e+02 1.101077330312213576e+02 9.051239804143457945e+01 9.625173878032103403e+01 8.101685651829372148e+01 9.825610438376185130e+01 8.559984425836307764e+01 9.376959359798142657e+01 1.026883994468644090e+02 1.167315148464763581e+02
8.671388058475942273e+01 8.063549516137042872e+01 9.989672422576583699e+01 9.345045853322314144e+01 7.359857974670372016e+01 6.847563022317012837e+01 4.832631102108938137e+01 4.832631102276811674e+01 6.847686604679641675e+01 7.776974098043798733e+01 6.685806059672320600e+01 5.015867238871284428e+01 5.872862841197365213e+01 5.163814997794717954e+01 4.009940767041778287e+01 6.022694903561330193e+01 7.019456701903045825e+01 8.433575897315560610e+01 7.608523992682319204e+01 8.433581348800902333e+01 8.811852115423491227e+01 9.659815237580544078e+01 1.035205902018733894e+02 9.528488712899084589e+01 1.035205902018733894e+02 1.017580779150971324e+02 1.099936179720119185e+02 1.105253059255150276e+02 1.119336952187063758e+02 9.625173878032089192e+01 7.705731837186947075e+01 7.431025468722282312e+01 7.826034336377908573e+01 8.829660265410207387e+01 9.982518454075650993e+01 1.196771364630291998e+02 1.307167189497606046e+02
7.512970595025754506e+01 7.165013514354649260e+01 9.167598350734560597e+01 9.128910616763846519e+01 7.142274487348190348e+01 5.727051315751926808e+01 5.009692780535788614e+01 4.356515091427849740e+01 6.037449991535218885e+01 6.490548613673684031e+01 3.896725293137539126e+01 3.813598487588470931e+01 3.855114421109434630e+01 3.896525807383783047e+01 3.941830760704067416e+01 5.961244925423545737e+01 6.857717744182576780e+01 7.431977421542224249e+01 5.659686453548449947e+01 6.634105215940323319e+01 8.604832034746141289e+01 9.759737453681344732e+01 9.587884689384371484e+01 8.761943083146512379e+01 9.587884689384371484e+01 1.074028770944525206e+02 1.105253059255150276e+02 9.061192443483830061e+01 9.426609802366796487e+01 8.376384039716691632e+01 6.957975283736276140e+01 8.960764327730852585e+01 9.825610467036045748e+01 9.242868185909939882e+01 1.123247478549889564e+02 1.278740279867420497e+02 1.370791569647923325e+02
6.510307704924395011e+01 6.456681126393324632e+01 8.459577691881766270e+01 8.428004225004711714e+01 8.544859166169048592e+01 7.723723810747516438e+01 7.017873413121908754e+01 6.037449991535218885e+01 4.007781543024907478e+01 5.602401088749277847e+01 3.754338363358748154e+01 5.293035475391923228e+01 5.836770249775234731e+01 5.031925948631226930e+01 5.954091660944847320e+01 4.006946241658062036e+01 6.028532494587424395e+01 6.127605867917645099e+01 4.139052148436248757e+01 6.622810460795250265e+01 7.900644721636119527e+01 7.764408584003491853e+01 7.764408584003491853e+01 6.766874084860479854e+01 7.917488332253749661e+01 9.915489725212484018e+01 1.072922359147475504e+02 9.426609802366802171e+01 7.427385561766620015e+01 8.272357148885858180e+01 6.667560231565695972e+01 8.083788654357145731e+01 1.008055344416216883e+02 1.123247478549889564e+02 1.205291311243341283e+02 1.184656182437133936e+02 1.263888847634023165e+02
6.825149526916626996e+01 5.824548089630377490e+01 7.325791661468521454e+01 6.426519668774481886e+01 7.741800189726100712e+01 8.565863976257909940e+01 7.019784542208040534e+01 6.099832761061820463e+01 3.878236883139322799e+01 3.694627488207202504e+01 5.701959010040254583e+01 4.764398026848127188e+01 6.071800603559129428e+01 6.736986994378463578e+01 6.662944705140482426e+01 4.998268258632960936e+01 4.072481284296738835e+01 4.118931292075448169e+01 4.165493568483462639e+01 5.410050921496242893e+01 6.939235523959283114e+01 7.764408584003491853e+01 5.779623630753808072e+01 7.764408584003491853e+01 9.587884689384371484e+01 9.802218521742349822e+01 8.978198092835458510e+01 7.910724867138210925e+01 7.910724867138209504e+01 6.275177595178293899e+01 8.272357147642686925e+01 9.493304112376895887e+01 1.075355175277116615e+02 9.955294330342918840e+01 1.075355175277116615e+02 9.922597827484717925e+01 1.152996746254199536e+02
8.481379017954135691e+01 6.479843003936836965e+01 5.321292435087563177e+01 5.003256644037722367e+01 5.736914881110465814e+01 7.411325202697769043e+01 6.186876004397642248e+01 4.193399505363429114e+01 3.635794088696422932e+01 5.638837718687447165e+01 5.617365595890984054e+01 6.557830236011082548e+01 6.189335833256745190e+01 7.795542730646683083e+01 7.483482579776331534e+01 5.565961527732842740e+01 5.507278098971146107e+01 6.143445988454462281e+01 6.191474088056375535e+01 4.231733587257210871e+01 6.259353315413653007e+01 7.231563334805106535e+01 5.188682740022277784e+01 7.232099034547420047e+01 8.749019600378579753e+01 8.978198092835458510e+01 6.981390885282316106e+01 7.566242175652446633e+01 5.916887153631946461e+01 7.910724867138209504e+01 9.097620858359140072e+01 9.177570037791778645e+01 9.775037757514085968e+01 7.985896226642273632e+01 9.775037757514087389e+01 8.785013609516863653e+01 1.066193683778055004e+02
9.305088306637684070e+01 8.151447342430047627e+01 6.479842990107491119e+01 6.584318040072773215e+01 4.569109621935821508e+01 6.189102944771582315e+01 6.884829597541794044e+01 5.600407866642650845e+01 3.594072824731187410e+01 4.639459926321036676e+01 6.574430499557347218e+01 8.286176564824874902e+01 8.236697675099075866e+01 9.011506367586478916e+01 8.379430236672212118e+01 7.550020100920509947e+01 7.517253484188415769e+01 6.618180778748376270e+01 4.569853496665983528e+01 4.278820647160182489e+01 6.307477593487038803e+01 6.421863063572290287e+01 4.598592814632596770e+01 5.923154065633479348e+01 7.918721536378619419e+01 8.066175901971949713e+01 7.240547378916851073e+01 5.571777027282107042e+01 7.566242175652446633e+01 8.736239237697922988e+01 8.590801634591417724e+01 7.185530722948880111e+01 7.915902471259207118e+01 6.987171493320143156e+01 8.876850468272533590e+01 7.891123841857886134e+01 9.863360075805792349e+01
1.047366411130925741e+02 9.304486824504225240e+01 8.481328612994421690e+01 6.584318040072773215e+01 6.189102944771582315e+01 4.175387564484909575e+01 5.811581375293341978e+01 5.555340011676803869e+01 3.552156414125099815e+01 5.429550099634053595e+01 7.100274453071705238e+01 7.648528180962006218e+01 8.472958604629053525e+01 8.615316427889558781e+01 9.437433347253153215e+01 9.365737554393963649e+01 7.475540940773967691e+01 5.443215949790749875e+01 6.602382791511359983e+01 5.198687652111923541e+01 4.346228141022003655e+01 4.394267399571783272e+01 4.442731806527091010e+01 5.642379693407501406e+01 7.294095211671678669e+01 6.924059940514487721e+01 5.238905077080926986e+01 7.240547378916851073e+01 8.391804703289108147e+01 8.385516767918284131e+01 7.563562944629261153e+01 5.782203823659686748e+01 5.927934868696939930e+01 7.858205201782689642e+01 6.887790856856523192e+01 8.877241958831834268e+01 9.079330206104204137e+01
8.945138329592610660e+01 9.769956283013220855e+01 9.408839679626227337e+01 8.192998811202610909e+01 6.189102944771582315e+01 5.813772180833728953e+01 3.808009646665149006e+01 5.452201404592551626e+01 3.510005311187332921e+01 5.513590439930894860e+01 6.195129228948130162e+01 5.644842999245101822e+01 7.200533558014117830e+01 6.614511350072324092e+01 8.615316427889558781e+01 8.541159156332420821e+01 6.547570022469858486e+01 6.891530420509874943e+01 7.931942881346299146e+01 6.984594239860291509e+01 5.185828674765398461e+01 6.424268808340708858e+01 6.472829622769636160e+01 4.512386725422931733e+01 6.541138431090293182e+01 4.909270183938570398e+01 6.924059940514487721e+01 8.066175901971949713e+01 8.183987367367308252e+01 7.361877579247735071e+01 5.576503982406306648e+01 7.563569481357208701e+01 7.915902471091258974e+01 6.139202752666862750e+01 6.290096666380089374e+01 8.284321272908850631e+01 7.077612882450333132e+01
6.946383031459446045e+01 8.945138329592610660e+01 9.245518594258305711e+01 8.089743773578389607e+01 7.262356977819918313e+01 6.100345263400682683e+01 4.062247419987660635e+01 3.450706653581421079e+01 4.827548468787574620e+01 3.900535681395523113e+01 4.183959433848579579e+01 4.480390497571553965e+01 5.195649648698544354e+01 6.614511350072324092e+01 8.615316427889558781e+01 9.365737554393977859e+01 7.697656378448802172e+01 8.885467059364131615e+01 8.609897153748933363e+01 6.611389898482653393e+01 7.196739121299096098e+01 7.361082955876246103e+01 5.354602029538426677e+01 6.541913383494994605e+01 4.582921704264056473e+01 6.611297962492088232e+01 7.508587763998271214e+01 7.921667993309755218e+01 7.162347505603948150e+01 5.370945513165474239e+01 7.361877579266764826e+01 7.195519956713614818e+01 8.952819286170745272e+01 7.570628371883103114e+01 8.242631728676617797e+01 6.513485951709557753e+01 8.511982018023824992e+01
7.041501856971137840e+01 7.867621638441536902e+01 8.420605753748428413e+01 6.414460026035793305e+01 5.247362169284933486e+01 6.178619234595723242e+01 5.349174735301912875e+01 3.409001509454146372e+01 5.410426471248567282e+01 5.907337755590256734e+01 6.195129229360767198e+01 6.491700065368839034e+01 4.979583964724471201e+01 6.985589234754054644e+01 8.336956816037739770e+01 9.490189360539396546e+01 9.693405379084180140e+01 1.051654333570447619e+02 9.434221691907795559e+01 8.609897153749331267e+01 8.303001624338689624e+01 6.304891496495906011e+01 7.361083477035261069e+01 7.437176833068336634e+01 6.610241007891939091e+01 4.655962475232519893e+01 6.682164177821067597e+01 7.122548266629955549e+01 5.163343961640894975e+01 7.130951899419346773e+01 8.175171445137171133e+01 9.167005473970003493e+01 9.969182314890660734e+01 9.722280519209540728e+01 9.302955589105151546e+01 7.900906570099255077e+01 6.764352981421289712e+01
5.048944422731501902e+01 6.601419540472006986e+01 7.427418218115670356e+01 8.089743773533413673e+01 6.184603564967932243e+01 4.162764387204256167e+01 5.313323918169833604e+01 3.367095441640303477e+01 4.522405438221107232e+01 5.944029339827120850e+01 7.941117241224034728e+01 7.811578425709009821e+01 6.985589234754054644e+01 5.509016909408921947e+01 6.665358071739086654e+01 8.667419214864877119e+01 9.572913706049261862e+01 1.072385285149187553e+02 1.060626177025857828e+02 8.613434669736635385e+01 7.459166012064055451e+01 8.303001624338689624e+01 8.401407264500454630e+01 7.122746556135278695e+01 5.118526447228978071e+01 6.307122815973611551e+01 4.730719955004310151e+01 6.754307418941955632e+01 5.015322159045179973e+01 6.451537492445660860e+01 8.541695086749552956e+01 9.032509456361957234e+01 9.032509456361957234e+01 1.101820354070927408e+02 1.055254001738472596e+02 9.522720783459365634e+01 8.631492856473536790e+01
5.463008035350836167e+01 4.606222877362349521e+01 6.209262355749764595e+01 7.035894588969900099e+01 5.898206812403377342e+01 3.730666608053891764e+01 3.307630816579895594e+01 4.626389382866190658e+01 5.086303339301363735e+01 6.683433030475947589e+01 7.594240858896453972e+01 8.419323180837066900e+01 8.334973797876075707e+01 6.664953514676896873e+01 6.141994408689092211e+01 6.745401580796716701e+01 7.904639220162576407e+01 9.904310252973287731e+01 1.142797998165286515e+02 1.027894666962999537e+02 9.455702507323861994e+01 8.887348300575305871e+01 7.578196104209200712e+01 5.587181890688834329e+01 7.122746556135278695e+01 7.388235852613006216e+01 5.500090561331697359e+01 4.806197164403148747e+01 6.608670920281124950e+01 7.671422423636073518e+01 7.876896106252669938e+01 7.078383618326192561e+01 8.606933568911280474e+01 1.041333084056847298e+02 1.145499305490416901e+02 1.042569637105043654e+02 8.464774265906835637e+01
6.601419539535847036e+01 6.209262355749764595e+01 4.211102926229280285e+01 5.834225143592434648e+01 6.551219268772244675e+01 5.272078379156780414e+01 3.265508076027076356e+01 5.262251560301407238e+01 6.158435851289100071e+01 5.165136211513499376e+01 5.725276077991615153e+01 7.590669521943331688e+01 9.442615672696706497e+01 8.630357916616381431e+01 6.849888211104524771e+01 8.749799643889322454e+01 8.015127088281001022e+01 9.431686565355703067e+01 1.141980924937629140e+02 1.057673207014502168e+02 9.433238186692605609e+01 8.065735957131126099e+01 6.078738367800821862e+01 7.578196104209200712e+01 8.401407264500454630e+01 8.065393331262565368e+01 6.082581670152278264e+01 5.536609322421965373e+01 4.887972133386267615e+01 6.903818983655108354e+01 5.902965258922977654e+01 7.292417197768193660e+01 9.280121814503348787e+01 8.293940164934909376e+01 9.813133175774441952e+01 1.082945512406262054e+02 9.919792904023731239e+01
8.596732746032800776e+01 7.035894589008266564e+01 5.834225143592435359e+01 3.837224829015530503e+01 5.476502179405167681e+01 5.328061281797016591e+01 3.223326256955328972e+01 4.771532204367992591e+01 4.375731363367692950e+01 6.353098674792342138e+01 7.594239608706085676e+01 7.011856989202526336e+01 9.000239895618891239e+01 9.647152577771102244e+01 8.009414059328267399e+01 8.488898397834277887e+01 1.001399421767453219e+02 1.083318955343365104e+02 1.107003245614039599e+02 9.759622381463692875e+01 7.775755531693025091e+01 6.628278406898238018e+01 7.225170527423529165e+01 8.887348300575305871e+01 9.714128777083888622e+01 7.716603467857241583e+01 7.335976524112660968e+01 5.336380480295610340e+01 6.898287539448126893e+01 4.971465716886571329e+01 6.718082721253492196e+01 7.814991756355640007e+01 7.957483329170378283e+01 6.924374120795761200e+01 7.956229797082782795e+01 9.993983496111455622e+01 1.195987873842836677e+02
7.630157871548252047e+01 7.832680418619017360e+01 5.834225143541168990e+01 5.476502835036455963e+01 3.478641666380102748e+01 5.126929731661743261e+01 3.181131799368024460e+01 3.620897344607080726e+01 4.409494331284958690e+01 5.423488723456888039e+01 7.419936547147956674e+01 9.000239895618891239e+01 9.826789372471614570e+01 1.083201070687675696e+02 1.001173525350555593e+02 1.048823173485723856e+02 1.130698360128006357e+02 1.164779586707932424e+02 9.681421288767597844e+01 8.283384841062667192e+01 7.290197390220104978e+01 7.775755531693025091e+01 9.213969687654682161e+01 1.003408133640915452e+02 1.053374916921275712e+02 8.954974220446612776e+01 7.649809249291898539e+01 5.651474552624203085e+01 7.648130691093861344e+01 6.982458966291837044e+01 5.055331723635015351e+01 7.057602986078806850e+01 5.942844570807278615e+01 7.368474187376898499e+01 9.377752759118351378e+01 1.083029458474268409e+02 1.099529515048997013e+02
5.603448584108436847e+01 6.197057990898627367e+01 7.010844177874855632e+01 5.887626309896759835e+01 5.068082927472454458e+01 3.121720179268489304e+01 4.122232399851039020e+01 5.540552003123671909e+01 6.255325089460089316e+01 7.142081865113478045e+01 8.313180438967323482e+01 9.041237810499568184e+01 9.466977277760250331e+01 9.981081588505040258e+01 1.020093717476787987e+02 1.102887346387332883e+02 1.205469598777076641e+02 1.151548126532452869e+02 9.567448461927588710e+01 8.177738349365345982e+01 8.436430715729325414e+01 9.759622381463692875e+01 1.057673207014502168e+02 1.063298438395603114e+02 9.480721424859569879e+01 8.128880377038264271e+01 6.124784809152009046e+01 7.649809210095521905e+01 8.476537384732418445e+01 7.061056548949808587e+01 7.060815383869909567e+01 5.139061955859983755e+01 7.060880470979125789e+01 8.012295643805968837e+01 9.447751291862579137e+01 9.528892536615700237e+01 9.012626654104562363e+01
