MOVIE_S9_data/elevation_000825.asc
nrows	100
cellsize	150.0
xllcorner	0
ncols	100
yllcorner	0
NODATA_value	-9999
[rows 51 to 67 of 100, columns 0 to 36 of 100]
6.455108993161302877e-02 7.623840550116190329e+00 1.578880635939352217e+01 2.733581174318624107e+01 4.733581174318694451e+01 5.935807137766561681e+01 6.521385689199762226e+01 7.019056289748874633e+01 6.216454145536979325e+01 6.006875589090977741e+01 4.178285612523497861e+01 2.782445061497488226e+01 3.942815014746506819e+01 5.342497881205409271e+01 7.275562844374690030e+01 5.921689951199947899e+01 3.924757992666819462e+01 5.921689951199947899e+01 5.547446092624080194e+01 3.557837285794833804e+01 5.547446092624080194e+01 5.655247927224571924e+01 4.666586348012344843e+01 4.666586348013166941e+01 2.924030553724955084e+01 3.336539114707171905e+01 3.764762974402395201e+01 4.224494808234170762e+01 4.759594456389659456e+01 5.515456321075607349e+01 6.514129824870983043e+01 8.506092176176638020e+01 9.550763486774235389e+01 7.574457423921775501e+01 7.166410978004678611e+01 8.778014396018537013e+01 8.414597565348171315e+01
3.995603441288197999e-02 1.418209165814370643e+01 3.418209165814299411e+01 4.407307760685642251e+01 5.151648448782638923e+01 3.936586909325279748e+01 4.522144957150410249e+01 6.057170915843293102e+01 7.056778843949540203e+01 5.913623668562971147e+01 3.940798402886492369e+01 4.705247483087203619e+01 3.437469438020450241e+01 4.846862094892393458e+01 6.795407701236342746e+01 6.587343789353531065e+01 4.590382274892763803e+01 6.587343789353531065e+01 6.077720223734755933e+01 4.093616104049364424e+01 6.077720223734755933e+01 7.492827142713061050e+01 5.873061576055275168e+01 3.872490532582757083e+01 4.929983341998567425e+01 3.242090080662658380e+01 5.244624628142565825e+01 6.222586478279581002e+01 6.756202395770783653e+01 7.510111000523809821e+01 8.334319653207505496e+01 9.329814526206175174e+01 1.037365532784211837e+02 9.550763486774235389e+01 8.559568687732962644e+01 9.962690472047087553e+01 1.039503385644110409e+02
4.804567899273937126e-02 1.419018130272381484e+01 3.419018130272451828e+01 4.566045479012863240e+01 3.152265088665507164e+01 2.522630638898243305e+01 3.229686428505416274e+01 4.229460679293598702e+01 6.228567317486026411e+01 6.693230775112434117e+01 5.078118426753367487e+01 5.888129358261600999e+01 3.939883215072169520e+01 5.343664329898907539e+01 7.283942086129849258e+01 7.415797150039739449e+01 5.587808776028592916e+01 7.415797150039739449e+01 6.674825913711359249e+01 4.694450379872694157e+01 6.674825913711359249e+01 7.870158287320704460e+01 5.873061576055403066e+01 4.768267449856382001e+01 5.469771774918032037e+01 3.468648056928201129e+01 5.469771774918709184e+01 6.424699376176417331e+01 6.895615985145936122e+01 7.411284703808092900e+01 8.042718442765063003e+01 8.748537199218526439e+01 9.573633441042062486e+01 1.072441849353571399e+02 1.054195828581551666e+02 1.061908342098401619e+02 9.793701472665387087e+01
9.707512844716031930e-02 2.009707512844680366e+01 3.917289390689496287e+01 3.089086777305017861e+01 1.738183903465370506e+01 3.737870916652270381e+01 5.229013998389532247e+01 6.057170920427598304e+01 7.056778844974107301e+01 7.749420761940564262e+01 6.971273176372758940e+01 6.531207741132043054e+01 4.572969786196932773e+01 5.911958527313532130e+01 7.845970686079935774e+01 8.415557189294722207e+01 7.586878802678482714e+01 8.415557189294722207e+01 7.375144943732620106e+01 5.394343603244526975e+01 7.375144943732620106e+01 8.396879577506472003e+01 6.400519989302615897e+01 6.766858799435742355e+01 5.767948312992707827e+01 3.767719287705669018e+01 3.977924121945220293e+01 4.425810627842521683e+01 4.897655042629128985e+01 5.414071347929517231e+01 6.045949636184836606e+01 6.752180283310919151e+01 7.905582311304333132e+01 9.900034990353586295e+01 1.009746527501891649e+02 9.271798877063055500e+01 7.813815169080186251e+01
5.001202446392439237e-03 2.000500120244432978e+01 2.499381788882732280e+01 1.089299866344031820e+01 3.089086753961361609e+01 4.566044312406715733e+01 5.858226065766595525e+01 5.201464381145620308e+01 6.028279895909967934e+01 6.920869203564744510e+01 8.072946261214326569e+01 7.329026313695450767e+01 5.715716961844128718e+01 5.967169313225856797e+01 7.892916963482768722e+01 9.312815759044293884e+01 8.492233360489822758e+01 9.312815759044293884e+01 8.201889194966631180e+01 6.533650888764687181e+01 8.201889194966396701e+01 9.222675556749916836e+01 7.760103378432567922e+01 6.204238246327332718e+01 4.204906601874181860e+01 5.767948312992707827e+01 5.977740556950460871e+01 4.921529878515235623e+01 6.895615985145936122e+01 7.411284703808092900e+01 7.411071856619268772e+01 8.748537199218526439e+01 9.573633441042062486e+01 9.207341287764258198e+01 8.380327636547690418e+01 7.268155086014269273e+01 6.818723691034377055e+01
5.279685921607564503e-02 2.514626678802712956e+00 4.995321370586317755e+00 2.499381788883099986e+01 3.290978463245904351e+01 4.118587911567178850e+01 3.861941867885793300e+01 3.204386711738161608e+01 4.098253976262873266e+01 5.250945325605857050e+01 7.245587602662955362e+01 8.442045125924913407e+01 7.645188862191308488e+01 7.892916963482768722e+01 8.690883314165051843e+01 8.334590553456047246e+01 6.545977053448072525e+01 8.103033030270690062e+01 8.921126039487216985e+01 8.524647199952397614e+01 9.352803380118689347e+01 8.611239940605454990e+01 6.933785924591869332e+01 4.935837323786822850e+01 4.605462140132146232e+01 6.603932272876132004e+01 7.747363640630921111e+01 6.334978785308941696e+01 6.185864740342043433e+01 8.184326518978558340e+01 9.404391199515329447e+01 9.250285685580769268e+01 9.795565430084613467e+01 7.794116948481732265e+01 6.371648393626313123e+01 6.104860079620789293e+01 7.548312187953062846e+01
5.738623160518319517e-05 2.000005738623125140e+01 2.499381788883122013e+01 9.583635972330617037e+00 1.291696910619559802e+01 3.290978569903855799e+01 2.448569307283415242e+01 4.446639972269537822e+01 4.358074445741309688e+01 5.510495084428702484e+01 7.505199711730541878e+01 8.362291973040603921e+01 7.547523001572734813e+01 8.362291973040603921e+01 8.016710410518602714e+01 7.203085633317471093e+01 5.587271447565797899e+01 6.161889642089354169e+01 8.103033030270690062e+01 9.253163781513057984e+01 9.677619867187434011e+01 7.785287482951839877e+01 5.788339318528934285e+01 6.933785924591869332e+01 5.022830697905896358e+01 7.020468561502121929e+01 8.494379181999042316e+01 8.332279414736431988e+01 7.598772306819651590e+01 9.014858946759251523e+01 8.661138514160175816e+01 7.248921291640264997e+01 8.661138514160172974e+01 8.529738265814468434e+01 6.521822394676689783e+01 5.089604249643032574e+01 6.285133890568036463e+01
4.532054705376769438e-02 1.418745617078484322e+01 3.418745617078554488e+01 2.957914770210107847e+01 3.290978569903852957e+01 1.799696816331437788e+01 3.798380246682064865e+01 5.273562696480250622e+01 6.353556458204029411e+01 7.180551209649419775e+01 8.332719504413651634e+01 7.389277649971793949e+01 5.610191868906225920e+01 7.389277600297019433e+01 6.893792458350412744e+01 5.266134753628083587e+01 4.793484810100841997e+01 5.529229728144238720e+01 6.487833676330593846e+01 8.432809198641670889e+01 8.852137612795286259e+01 6.856243778340548545e+01 7.785287482951839877e+01 7.846749647444440257e+01 7.020468561502121929e+01 5.671427488023201136e+01 7.083859609064329277e+01 9.079463825707250635e+01 9.603007186207457835e+01 9.721881385098252792e+01 7.834684920825927179e+01 5.824333079701969496e+01 7.046529437761235215e+01 7.873618598258033785e+01 7.758782057997969162e+01 6.285133851163037377e+01 4.253547931862751597e+01
9.001595176218035732e-02 2.009001595176182420e+01 3.745230348050225899e+01 4.573650199003488837e+01 4.625464764891678016e+01 3.213442061439285879e+01 2.868457640110273843e+01 3.867088082205994937e+01 5.269667387470654774e+01 7.215329125430935164e+01 8.106026927902303214e+01 6.578857435237959805e+01 4.634315698121037741e+01 6.341019677471371097e+01 5.531869062894345745e+01 4.129928103543916507e+01 6.084786521521773039e+01 7.460321437486138052e+01 8.275471946716153582e+01 9.253163781513057984e+01 9.677619867187434011e+01 8.852137612795286259e+01 8.852137612795286259e+01 9.594566441863871376e+01 7.599582587901397801e+01 6.187217043237296821e+01 7.599582587901397801e+01 9.594566441863871376e+01 1.005375125242307490e+02 8.061563698411717382e+01 6.902747179653989917e+01 7.045873763545201030e+01 5.026131472206878925e+01 6.353289063392376335e+01 6.928889057396109763e+01 4.905319505665105595e+01 3.724338349803373660e+01
5.674351268809080251e-02 2.005674269459023407e+01 1.745230440240158032e+01 2.899930978614744603e+01 4.899930760502056160e+01 5.210545941326797958e+01 4.861312139892042694e+01 5.684009988631417087e+01 6.664242099533039720e+01 6.561702953176258291e+01 6.173541790251065464e+01 5.891357740601397808e+01 3.928899451267945864e+01 5.013772061844150585e+01 3.559014456192669229e+01 5.531869064057833185e+01 6.893792600836313511e+01 7.805476834426579558e+01 8.259792671432074940e+01 7.993482312181494365e+01 8.835309512899807771e+01 1.001619787680841114e+02 1.084504035889832494e+02 9.594566441863871376e+01 7.599582587901397801e+01 7.599582587901397801e+01 7.599582587901397801e+01 9.594566441863871376e+01 1.086363237343411186e+02 9.721881385098252792e+01 8.903944936717763881e+01 7.776122716253158274e+01 5.763800860378658797e+01 4.323350460365114145e+01 5.726960747791178363e+01 5.416467428064212442e+01 3.399334561654436726e+01
9.518805923843161321e-02 6.761854725905068975e+00 2.676185495271874970e+01 4.573650199003488837e+01 5.728345655609491871e+01 6.774151349305105896e+01 5.941244745367382052e+01 6.753378468993980732e+01 5.886200172793389385e+01 4.391754246019827690e+01 5.837662157452038514e+01 4.220848537498411446e+01 4.597278555640771458e+01 3.028207909210957638e+01 5.013772061844150585e+01 5.527878667570073645e+01 5.909090752543059466e+01 5.716748609863445552e+01 6.177833650066950355e+01 5.904880945098878442e+01 7.123623942042284796e+01 9.181731043975695172e+01 1.058196870649148451e+02 1.041979712857799001e+02 9.594566441863871376e+01 9.594566441863871376e+01 9.594566441863871376e+01 1.041979712857799001e+02 1.025937323950262083e+02 9.106005630377504190e+01 8.279677077050129697e+01 7.570249220580150507e+01 6.963164197677630796e+01 5.726960747791178363e+01 3.690869885024039121e+01 3.381624117075003966e+01 3.085327950996535762e+01
9.062254805971975413e-02 8.255588357336909766e+00 1.825558835733673391e+01 3.239772397886076050e+01 5.239772193543379331e+01 5.742933557837972813e+01 3.900784944551023870e+01 5.653107009409189487e+01 4.906437358428247819e+01 2.936314709200522444e+01 4.885200340683694975e+01 4.598016778078758193e+01 2.589050839578968066e+01 2.766573198569905756e+01 3.102378023946874563e+01 3.449468222975800558e+01 3.821106171210291791e+01 4.231360650567689419e+01 4.683747332978958156e+01 5.546383118840202542e+01 6.497352748141869938e+01 7.708597099836225652e+01 9.750448333745748641e+01 1.012128901604037594e+02 9.296540469400297013e+01 9.296540469400257223e+01 9.330115054130894237e+01 1.015480316810781574e+02 9.434605064310501632e+01 7.434211111292286489e+01 6.273160988137825456e+01 5.556979273777773187e+01 4.941783848460503492e+01 4.393814510300862253e+01 5.135143742268197542e+01 5.416467428064555634e+01 4.810201509010106946e+01
3.063233560239582431e-02 2.003063197255804795e+01 3.653981393488535190e+01 4.653982795710206233e+01 5.243634936209601705e+01 4.409065950269292244e+01 2.888192371288618077e+01 4.908613745407365769e+01 4.054873794149024491e+01 2.035344157570359513e+01 4.055437105740617199e+01 4.317935884889211451e+01 2.299696474531297241e+01 4.320276899722433228e+01 5.171434216976751230e+01 4.915642076924419257e+01 5.023495307697579193e+01 6.328523278036898603e+01 6.177833665020988008e+01 6.177833665020988008e+01 8.259801400838269103e+01 9.408919660207065760e+01 1.008779638434964454e+02 9.296540469400299855e+01 7.296064762781286106e+01 7.296064762781286106e+01 7.329601109667747494e+01 9.001419257502948312e+01 1.015480316800614276e+02 9.106005630377504190e+01 8.279677077050129697e+01 7.570266510535230964e+01 6.963230566635090213e+01 5.833488641178398382e+01 7.155732980848060265e+01 7.100264803946116388e+01 5.187564202636276889e+01
5.666595628964066211e-02 1.419880158002071546e+01 3.419880158002141712e+01 4.183360480388333258e+01 3.843172712818624603e+01 2.390449349169053406e+01 2.176987286539682032e+01 4.014509911847472523e+01 3.157129001421707315e+01 1.402041560290738786e+01 3.414744381445788690e+01 3.808113273753540540e+01 2.086287460250844461e+01 3.512655086321357345e+01 5.537240637876496407e+01 7.005948548087903305e+01 7.118836627677761442e+01 7.967378577228275560e+01 8.259801400838269103e+01 8.259801400838269103e+01 9.100109501532969603e+01 9.499848431885395428e+01 8.090358868266901027e+01 9.499848431885395428e+01 7.881990531651040044e+01 5.877997617038397493e+01 6.171826294152191394e+01 7.329601109667747494e+01 9.330115054130884289e+01 1.077475725052712789e+02 9.485535361722143932e+01 8.659460658133902200e+01 8.440917002517549861e+01 7.846087173840373907e+01 7.433076913895774851e+01 5.418494339005873428e+01 4.244985417208251022e+01
2.110006612196471329e-02 1.984923478313718093e+01 2.397554042855409406e+01 1.912087683733786392e+01 1.922528704508983211e+01 1.231859158068407645e+01 2.829648784406653661e+01 2.976245753894079016e+01 1.182447915622093326e+01 3.193290021274858859e+01 1.630031473749801663e+01 1.792836774011883350e+01 3.808882778785944367e+01 4.104437742146217261e+01 6.121725718126876359e+01 6.512884028879908271e+01 7.344886345867926991e+01 7.815628764326413602e+01 7.935072697557947663e+01 8.777412459478267692e+01 1.008779638434964454e+02 8.090358868266901027e+01 6.673331461452472979e+01 7.605246918346385598e+01 7.173472041964841139e+01 5.166027086125932044e+01 6.326938707569437526e+01 7.744310022258490278e+01 9.743496148905418863e+01 9.465423553783270449e+01 7.951556213758743752e+01 6.657204525934820083e+01 6.437978170437351366e+01 7.852597792323008719e+01 8.260520990887009418e+01 7.100268468818666179e+01 6.269957121978361414e+01
9.367352646185668485e-02 1.406737855059048137e+00 2.722641244977602071e+00 4.047173602028022898e+00 5.383481275813871036e+00 6.770245196838862611e+00 8.209935090598916574e+00 9.661039336947267131e+00 2.976245754490436823e+01 4.026959666495402956e+01 3.117088913388867510e+01 3.451270207058114892e+01 2.178103498297216944e+01 4.197360989594638170e+01 4.965477710255233035e+01 4.495567552212925477e+01 5.779541700852861652e+01 5.779541700852861652e+01 5.901440127148469372e+01 7.935072697557947663e+01 9.101527429803635982e+01 8.274732989072929001e+01 7.605246918346385598e+01 5.599498402193881930e+01 6.708248912769118988e+01 4.725021746945110124e+01 6.735411638936784584e+01 7.319870615713145412e+01 9.320021048755748438e+01 8.639294036137681587e+01 6.636685031326010176e+01 5.946453411859693716e+01 5.015795137782411928e+01 7.024625372051772842e+01 8.200373228425929995e+01 6.825672909754270279e+01 5.858634699739188534e+01
3.648181865326004941e-02 1.778490303467667388e+01 2.008207219428938828e+01 1.980813897239447030e+01 1.096720762303434604e+01 2.685327096150469117e+01 2.829724016742076032e+01 1.465502703237653037e+01 3.432381532492123455e+01 5.151371339609028155e+01 5.202588598346331850e+01 4.859788854768179078e+01 4.197360989199370351e+01 2.579371335494631268e+01 2.940937208335765618e+01 3.323088522745496931e+01 3.746656635199560981e+01 4.466320885297983523e+01 5.637751353097811347e+01 7.669449017950120151e+01 8.274732674041568714e+01 6.270604650930700075e+01 6.857597491859849015e+01 6.708248912769118988e+01 4.697695500842874594e+01 4.303084291638958092e+01 5.312562121452310038e+01 7.319870615711968753e+01 8.500616390331325078e+01 7.673344858548182401e+01 7.004170630773880646e+01 4.994491551126234441e+01 4.300857595142404222e+01 5.364647431313186843e+01 7.372732892544092920e+01 5.924400149489495249e+01 3.779793755569911440e+01
