MOVIE_S9_data/elevation_000977.asc
nrows	100
cellsize	150.0
xllcorner	0
ncols	100
yllcorner	0
NODATA_value	-9999
[rows 0 to 16 of 100, columns 0 to 36 of 100]
8.271705653423140625e-02 1.422485268026530747e+01 3.422485268026601091e+01 3.940791042973238945e+01 4.687171681554206515e+01 5.603600806666509015e+01 6.964844989006491005e+01 7.782071565463770924e+01 7.800735788873161880e+01 8.613259104512586362e+01 8.998012937129465172e+01 8.182342845547266563e+01 8.998012937129465172e+01 9.136255048916925148e+01 9.952482251833117743e+01 9.055830320668688671e+01 8.225167448651897928e+01 8.310994234046594897e+01 9.141463395900306921e+01 8.502786951354198663e+01 7.669748535288849212e+01 8.502786951354198663e+01 9.293141000143882025e+01 8.454240708393197679e+01 8.454240708393197679e+01 8.665536317020453794e+01 7.827976517893785058e+01 7.827976517893785058e+01 8.665536317020453794e+01 9.830445913487008625e+01 9.871810964662964238e+01 9.057744791199344547e+01 8.801659873127698575e+01 9.616255952711907184e+01 9.718995314176787303e+01 9.142077324302135821e+01 8.748810329512929229e+01
7.813061968023242432e-02 2.007813061967987878e+01 3.028352049851183025e+01 1.913908889775493805e+01 2.622986414473108141e+01 3.803856218196960270e+01 5.990558841586999961e+01 5.841513934615407067e+01 5.842902687091184788e+01 7.800735788873161880e+01 8.012004337829826284e+01 6.209159469637356921e+01 8.012004337829826284e+01 7.167100285131834880e+01 8.815354825638449654e+01 7.885680636491832729e+01 6.189560671756505883e+01 6.277286746700625031e+01 7.972168175278017088e+01 7.486578049127284373e+01 5.628514127887012819e+01 7.486578049127284373e+01 8.454240708393197679e+01 6.434020215811129617e+01 6.434020215811129617e+01 7.496514301913616407e+01 5.802028881928541182e+01 5.802028881928541182e+01 6.977011805672525213e+01 8.990415932512146924e+01 9.057744791199344547e+01 7.079076787961197681e+01 6.821848473127350587e+01 8.475443876312081670e+01 7.741959898676329033e+01 7.162012272067208585e+01 6.767092734325706260e+01
2.526786264046545702e-02 5.025272748320475991e+00 1.018931578852970610e+01 3.028352099935680997e+01 4.687171681554206515e+01 5.593449654100396629e+01 5.500041219078961063e+01 4.466411671119224280e+01 5.842902687091184788e+01 7.800735788873161880e+01 7.195751157592316360e+01 5.211869119333528744e+01 6.858349508198436695e+01 6.023069648387590291e+01 7.999363015969571222e+01 6.977596291052125821e+01 5.014065797359187826e+01 5.104070575209976823e+01 7.065196078490238563e+01 6.649131331587938121e+01 4.621621980510868610e+01 6.649131331587938121e+01 7.982108250939637628e+01 7.025729098596391964e+01 4.982713960262545783e+01 6.004221529429464255e+01 4.606694945253811113e+01 6.065521521673536398e+01 8.089377128959461061e+01 9.721102171785891244e+01 8.580876782262072311e+01 7.658615228392804397e+01 5.677032790817923313e+01 7.658615228392804397e+01 7.674114387917803981e+01 5.760267316383842484e+01 5.623142639215153338e+01
4.163169627051844027e-03 1.967114356079295945e+01 3.026605953167853968e+01 3.869077938243885484e+01 5.608231369305206471e+01 4.769928853551963499e+01 3.561301792114206677e+01 4.672614650993892127e+01 6.630326930849325606e+01 7.828132933163398377e+01 6.494342936428826363e+01 4.495465075916892772e+01 4.866135003918796542e+01 6.771957064066418752e+01 7.589689017981950769e+01 6.139452422812841093e+01 4.127515288167618479e+01 4.224437709006304686e+01 5.156936318380967066e+01 5.190924561125667225e+01 3.978634116700050782e+01 5.114228941849980714e+01 7.146800777936074667e+01 6.849167377683333768e+01 6.004221529429464255e+01 3.945926760423142809e+01 4.031945071843344408e+01 5.493322661664925732e+01 7.528060577712948032e+01 8.906763364692807272e+01 6.928131775686358651e+01 5.784632728337578556e+01 5.082201151560158081e+01 7.061145643247920134e+01 6.855720033773702937e+01 4.879594011775911611e+01 6.855720033773702937e+01
5.883922493566802470e-02 1.145150594328728033e+01 3.108575390174253883e+01 4.997938030373430252e+01 4.183913748681172962e+01 2.860911262008930933e+01 4.793549384327748442e+01 6.315440552258658613e+01 7.448822771376927676e+01 7.011216332176364574e+01 5.021134855759298432e+01 3.836776798686778278e+01 5.264965077680690086e+01 4.772612590443742420e+01 6.439622382333421058e+01 5.428125227198508185e+01 3.446207923967875075e+01 5.156936318380967066e+01 3.217603198504797035e+01 3.249146892029477129e+01 4.601822741122251870e+01 6.613142163741242996e+01 6.247964711256603465e+01 4.807004717328690191e+01 4.863172739292511437e+01 3.334610312598239545e+01 5.383622306088992104e+01 6.929774098437701468e+01 7.381923504394738700e+01 8.208709334847065975e+01 7.912025508009496377e+01 5.932493772587885417e+01 4.537162474422826364e+01 5.929853279383985409e+01 6.443669274193902652e+01 4.471308026140779646e+01 5.606984865969926801e+01
1.256007409845548775e-02 1.956559664838123780e+01 3.765611290686243962e+01 3.637077551553169741e+01 2.246611840803596394e+01 4.183913748681172962e+01 5.608231369305206471e+01 6.339223503472257448e+01 7.174529871818354820e+01 6.801028551817485379e+01 6.682180398061434801e+01 5.264965074078197205e+01 3.196040327785448554e+01 3.569933581587407190e+01 5.532147043979247059e+01 4.801387945963070791e+01 2.862218576018113936e+01 4.061957108322697962e+01 2.647178140332156460e+01 4.543665338320062119e+01 6.025660830745750474e+01 5.966098053345127994e+01 5.123238261090096302e+01 3.365226835695471408e+01 2.835236458527131731e+01 4.263652471128030186e+01 6.226947324224214952e+01 7.058193721000355936e+01 5.390533139817659958e+01 7.058193721000355936e+01 8.490210948467488095e+01 6.512285194318893389e+01 5.929853279383985409e+01 3.958422917466414503e+01 5.929853279383960540e+01 4.101083773921490661e+01 6.070928034341790891e+01
9.594114293757748102e-02 2.009594114293722100e+01 3.516576475352822939e+01 1.689112859082577955e+01 3.637077551553169741e+01 4.997938030373430252e+01 6.005279654813558921e+01 4.310463458518103863e+01 6.005279654813558921e+01 4.772404574428716018e+01 6.203267341827229586e+01 6.088872930157228325e+01 4.701875082854340349e+01 2.578663582955343614e+01 4.701875058425581244e+01 5.245814374971482863e+01 2.424335314137668718e+01 2.174941567562413169e+01 4.061957108322697962e+01 5.371230317745026639e+01 5.824292144720337916e+01 4.794500370442353443e+01 3.096281547399618361e+01 2.381111400933063393e+01 4.385183214215030034e+01 5.707468261687942146e+01 7.151284052247851264e+01 6.232193741344537585e+01 4.246194744928155274e+01 6.232193741344537585e+01 7.351398694067515294e+01 7.201663419829039015e+01 5.550451329336748785e+01 3.580422008522934618e+01 5.259708061070740115e+01 3.742905675489575401e+01 4.484168539795361141e+01
7.711341127313005306e-02 2.007711341127277649e+01 2.789147605648237871e+01 1.319668456880117091e+01 2.705078228706667076e+01 4.652685485824656553e+01 5.167918345396816449e+01 3.152432540111720272e+01 4.090595866642100020e+01 3.349054070875678235e+01 5.366574780928256416e+01 5.798133752747182257e+01 3.747344124367849361e+01 2.195145502436747620e+01 4.347191849587209589e+01 5.138506534560102779e+01 3.364210592678517742e+01 1.855955706919211678e+01 3.206076869130191653e+01 5.156003203666049473e+01 4.394362079188263692e+01 2.964432013654080933e+01 1.965094235487482166e+01 3.952974256804273523e+01 5.228762961161179845e+01 6.271946689587493040e+01 6.430432786623215691e+01 5.530037062446685070e+01 3.547931329272692835e+01 4.538673361035215947e+01 6.525376580211231214e+01 6.352489549807258840e+01 4.375583200134173723e+01 3.215191663255497900e+01 3.292099884000236898e+01 5.259708061070835328e+01 6.456912425365376862e+01
2.297228869525369793e-03 2.000229722886917116e+01 8.208567062628931765e+00 2.789147605648237871e+01 2.802726994561306384e+01 3.683663259563184766e+01 4.297505838167741388e+01 4.090593552372672548e+01 2.103669822085448615e+01 4.090595865628809236e+01 5.649416928342902366e+01 5.473909479455655713e+01 3.400262374049285086e+01 1.839195585920497678e+01 3.539968327232980982e+01 4.390852093649233012e+01 3.513290485483965142e+01 1.584801821246792208e+01 3.513290485484132830e+01 4.017237901167769110e+01 3.180613195320937336e+01 1.572222117786384921e+01 3.555398255012099185e+01 4.794500370443696369e+01 5.695084309523370791e+01 4.292024764928937230e+01 5.026190151911380610e+01 3.621947517199553346e+01 2.922313017146295877e+01 4.321582010284961228e+01 6.307487271278420593e+01 5.924861636794548758e+01 4.171347349468166499e+01 2.871988111356070661e+01 4.840212588212236255e+01 4.897502081218444658e+01 6.292196513500553579e+01
9.647730019007895452e-02 3.429761251920634191e+00 2.131939242169365301e+01 2.234793235502161224e+01 1.165334453983087437e+00 2.534617280912887693e+01 2.826197076579389389e+01 3.533635410516340869e+01 1.642140511174902429e+01 2.747701239046746124e+01 4.768391671048176761e+01 4.780714285808461739e+01 3.950250237356835470e+01 3.092347220288903031e+01 1.370010616709113549e+01 3.539968327204169185e+01 3.255581870060509431e+01 1.320978466623308556e+01 3.254304447817625601e+01 3.017616511200341733e+01 1.185796979813767216e+01 3.180613195320940889e+01 4.394362079187801129e+01 5.067431346405341941e+01 4.705943194304268218e+01 2.897378660572646325e+01 3.630008858119990833e+01 2.218403704573041679e+01 3.365001924624095153e+01 5.347449428330499899e+01 6.332139017556435334e+01 5.514620520102898382e+01 4.620738933805066040e+01 2.652210581619545238e+01 3.788569308884795817e+01 5.179224817540453785e+01 7.153592699098089724e+01
3.582433992925927735e-02 3.621219206573890181e-01 6.884732285648889061e-01 1.014967976069390820e+00 1.341652431561106917e+00 1.247001697937745668e+01 2.397306725947747097e+01 2.742079722372469064e+01 1.257671102519995188e+01 3.104415793561394921e+01 4.324008199130961572e+01 3.127505253396131835e+01 2.922446213267594572e+01 9.408929688011653525e+00 2.822724986349657783e+01 2.804809893626640971e+01 2.928098018566624461e+01 1.053731397529377922e+01 2.715114785898891370e+01 8.008119739696073935e+00 1.745892724504985338e+01 3.041961947876145445e+01 3.219956608127374409e+01 2.761185998384818063e+01 3.826339102820266191e+01 1.895177338120598165e+01 1.635472027527958971e+01 3.630008858119978044e+01 5.026190151210563783e+01 6.172496059680675273e+01 5.514778404408014012e+01 3.543278592765285850e+01 4.119610299361826122e+01 2.438623955690327705e+01 3.320564596415923830e+01 4.455273337623814456e+01 6.426972253290921344e+01
1.813270376062421294e-02 4.626846159572512995e+00 1.424022206008693381e+01 1.882964576314123306e+01 1.965229556033992608e+01 1.804000841697688262e+00 1.985340988332324486e+01 7.318174411134474866e+00 1.471356656783341244e+01 2.241987285220404402e+01 3.634053237492770450e+01 3.124614255565577281e+01 1.621994171937453544e+01 2.499713058276961775e+01 5.348290947337792645e+00 7.842911323586959860e+00 1.925398612507450480e+01 7.314410697753888080e+00 7.030232433852093621e+00 7.373974619674718234e+00 1.869343034372708345e+01 8.351245919322725086e+00 8.697970306757637715e+00 1.690997867274540312e+01 2.912583559868931715e+01 1.137107571287180008e+01 3.094449659934873864e+01 4.404596569309225629e+01 5.428698051464642305e+01 4.863483928262351697e+01 4.658729691120703365e+01 3.842178322255335132e+01 2.148085672277299096e+01 4.119610169804815314e+01 5.225098946524519761e+01 6.105899464681299094e+01 7.244663207725685083e+01
2.372884694381488524e-02 4.195387078558976413e+00 1.162301702904838052e+01 2.351335464246934492e+01 2.352587439474077158e+01 1.054478549522653985e+01 2.266490711235326305e+00 1.244817251788362711e+01 1.962526918041118762e+01 2.213802564574273291e+01 2.333237423280745659e+01 2.377976702457966596e+01 1.831654564333041080e+01 4.860722793331908598e+00 1.684135210399966454e+01 5.843028028720453015e+00 6.192771853674977400e+00 6.544055986101785294e+00 2.161912189561494557e+01 2.491093274596513396e+01 7.860840953389172547e+00 1.001435549680582504e+01 1.971558156213133373e+01 9.183723289302056614e+00 9.525074152450663689e+00 9.867495975269465092e+00 2.253944540306918043e+01 3.726290999691135397e+01 3.448470779042195034e+01 2.870960734816313931e+01 3.839293386770617644e+01 1.869025433938804426e+01 3.842178322255612244e+01 4.936167652689382379e+01 6.408511108329688000e+01 5.817455407249938304e+01 5.534135943093318133e+01
8.175220331382776484e-02 1.985392094257543150e+01 1.147127345460275727e+01 2.988883673274710162e+01 3.366569064085296503e+01 2.758727643096192494e+01 1.658236434934510939e+01 2.730614611907161038e+00 3.059215799836670691e+00 3.387863262957771404e+00 3.717010441330812043e+00 4.047452189128579292e+00 4.380222598057829764e+00 2.414569816829975579e+01 2.823494630646134951e+01 2.775960953622784544e+01 9.333589997379853287e+00 2.532213081649811315e+01 2.165759056128842630e+01 3.346124948784635222e+01 1.749753828823201829e+01 9.583438965682063326e+00 3.094201502301305240e+01 3.049552275055546957e+01 2.937984211803061285e+01 2.976899960758173691e+01 1.036365588381875291e+01 3.026716900176408132e+01 3.107883753970891760e+01 1.632504281656017042e+01 3.438089484379625560e+01 1.675249033782198538e+01 3.633957604395276775e+01 4.697224651200857437e+01 4.162656103710342137e+01 3.465137255158751373e+01 3.602834798715738174e+01
9.124702163186203252e-02 2.009115033461954170e+01 3.139685844641831736e+01 2.063552752654392108e+01 4.099159616724980282e+01 4.474998863199597565e+01 3.022023313605996719e+01 8.326647568811566202e+00 2.432331641034233627e+01 2.395321668221535205e+01 2.394364672493590263e+01 2.389108217049257377e+01 6.293360742465139879e+00 1.951605672328743069e+01 3.817632540587701584e+01 3.247465429617105315e+01 1.250010050914501036e+01 3.241360578512653490e+01 3.833662821952542998e+01 4.235229337102751401e+01 3.523187926407364756e+01 1.987758812420490528e+01 4.224920836711432770e+01 4.337820815251490814e+01 3.266408537947048529e+01 1.286642250930059816e+01 2.037518061543915593e+01 1.087640856688893365e+01 1.123946943111768704e+01 1.160082983959652303e+01 3.115820065842741471e+01 1.481993990813915296e+01 3.295008220127443366e+01 2.786295664592202925e+01 3.399673351785404662e+01 1.749704088328238782e+01 2.412585401095574866e+01
2.239863785106879432e-02 2.002239863785071350e+01 3.646468138189291608e+01 4.099235284680253955e+01 3.219191288119102978e+01 5.301384714880091309e+01 3.909278636488090086e+01 3.030614063114133216e+01 1.826450211059231066e+01 4.004803081900626438e+01 4.250210972326519965e+01 2.263640264887319020e+01 8.639319594158125781e+00 2.857393374009880205e+01 4.086288515995281045e+01 3.968698190933226755e+01 3.263355958430644677e+01 1.733669703340589408e+01 3.745784199153627014e+01 5.323982881332518957e+01 3.375382898253944575e+01 4.249494536204077377e+01 5.063722754713590746e+01 3.522174777846917948e+01 1.537488034869759979e+01 3.272759567026185579e+01 3.592119825381612230e+01 2.666527444997726448e+01 1.558613629261650324e+01 1.833544011646006311e+01 1.210788338976377254e+01 2.986693007877863337e+01 3.165303843622498192e+01 1.350197625878272412e+01 1.386866257009894099e+01 1.423715867815643854e+01 3.131280295532222624e+01
1.766589122093755945e-02 8.182631700499770844e+00 1.972963710144199467e+01 3.972969168873245138e+01 4.423893309240222749e+01 6.135898199241431428e+01 5.497408026319833851e+01 3.386545870657167256e+01 3.386545870657167256e+01 4.004803081900710282e+01 4.039583988671971326e+01 2.004989751259975250e+01 2.865901492724117716e+01 1.347529861529650397e+01 3.375822887843622766e+01 4.842028496374745572e+01 4.096892599443395966e+01 2.089869784059973767e+01 3.623890385304184036e+01 5.809613069810172448e+01 4.781547186937775962e+01 5.187139672602435070e+01 4.846718432317948810e+01 2.861624643675069635e+01 1.716410519916296451e+01 3.700624821315805946e+01 4.797115675460091921e+01 4.404043105328608476e+01 4.073105677187700735e+01 2.739841745836388398e+01 1.824811599983942401e+01 1.262173752146204286e+01 1.298506185832969173e+01 2.135731119143166978e+01 3.238061470051165003e+01 3.381403623248947099e+01 1.476433335387810253e+01
