MOVIE_S9_data/elevation_000383.asc
nrows	100
cellsize	150.0
xllcorner	0
ncols	100
yllcorner	0
NODATA_value	-9999
[rows 34 to 50 of 100, columns 0 to 36 of 100]
2.064481644892168788e-02 5.794147508345154129e+00 1.182437439990037475e+01 1.889544221176572592e+01 3.044244759555803626e+01 5.044244759426067048e+01 5.594097731876350821e+01 3.692305071361573710e+01 5.594097731876350821e+01 5.580086459594792103e+01 3.671795947142955896e+01 5.580086459594792103e+01 5.330570855879730630e+01 3.354637456837211573e+01 2.216673427586508893e+01 4.189799748221820153e+01 5.161121879454270100e+01 5.979128761020965754e+01 7.119422537120580330e+01 7.280858304513488122e+01 6.134669584812836263e+01 4.217373356528755579e+01 3.994951379051536122e+01 5.126690723694189700e+01 7.116628961129730158e+01 8.886566388920834925e+01 8.276836739315901070e+01 8.276836669011363767e+01 9.112451916370612537e+01 9.063263192864140194e+01 8.207625097818043969e+01 9.063231339463357017e+01 9.162323790431908321e+01 1.000428010972963193e+02 9.867297403299482994e+01 9.028580512658221835e+01 9.867298198497435635e+01
2.905961989428186565e-02 2.002905961989392836e+01 3.182437439976936489e+01 3.889544221146353919e+01 4.717971328546591536e+01 5.715032958973888810e+01 4.783397966206733543e+01 2.810481251478139697e+01 4.783397966206733543e+01 4.757231574354280923e+01 2.799320345953256606e+01 4.757231573473694652e+01 4.344041359414799075e+01 3.526635458784788568e+01 1.933619509588083929e+01 2.935360377676263610e+01 4.465623956839937136e+01 6.711667622314705284e+01 7.639332514856772605e+01 6.453316215387299337e+01 4.473280708412262641e+01 3.359931256438772351e+01 5.310142182615447126e+01 6.653188816606655109e+01 7.945183510163835194e+01 7.693650628433978511e+01 6.274833307324944798e+01 6.274833307296038498e+01 8.276836669011363767e+01 9.509181974386378045e+01 8.569519860865126759e+01 7.728611682157986706e+01 7.134749461260712167e+01 9.162323790431908321e+01 8.860053593916801162e+01 7.018382286064361608e+01 8.860053593916801162e+01
3.542675937824442400e-02 1.423954692083060358e+01 3.482598792776732211e+01 4.174383642762386870e+01 4.933071805130106924e+01 3.808542971181329762e+01 4.159505098601690776e+01 2.186255473673783101e+01 4.159505114676613147e+01 4.138029238898452888e+01 2.177955513578199387e+01 3.384470787848162132e+01 3.167596510242950103e+01 1.550422671505139860e+01 2.692456537703557373e+01 4.651032319986106955e+01 5.760102370865688215e+01 6.238475592260694924e+01 5.891213301968478078e+01 4.636501964040679979e+01 4.484345306693026600e+01 3.008402474572122642e+01 3.861339903284898867e+01 5.244822228919830565e+01 7.232915439578412986e+01 6.861206536596353089e+01 4.866874944885874044e+01 6.196429344072879530e+01 8.198591239360533223e+01 8.667861143499062848e+01 6.652896029913502218e+01 5.731846581469895341e+01 7.728612243138658755e+01 8.608917119410196506e+01 8.023481383287413848e+01 6.028325645381740827e+01 8.023481383287413848e+01
3.411803931810562102e-02 1.970389348808623708e+01 2.172082599880710774e+01 1.884914913091592581e+01 3.688641100215939872e+01 2.477518754600913553e+01 2.890621146355838533e+01 1.635978780151195267e+01 3.612223366533547164e+01 3.880720013742917018e+01 2.682676081081462627e+01 1.369224161369643156e+01 1.188896421800757075e+01 3.167596504987297124e+01 4.334668948358915230e+01 5.438836082208268152e+01 5.298925306865062623e+01 5.556848664680708083e+01 3.739758016484110925e+01 4.066441414258130749e+01 2.550835958850206353e+01 3.656936391679810328e+01 5.614606903916001102e+01 6.653188817527654919e+01 6.273005096736381603e+01 5.443657971247135663e+01 4.204783488156466120e+01 5.611115370192230500e+01 7.609502278062024061e+01 7.420571063616098684e+01 7.022649017567796648e+01 5.039046801834108180e+01 7.022649017567796648e+01 6.605543086184155754e+01 6.605543086184155754e+01 5.366479110959125620e+01 6.358344525609275877e+01
3.327314952832965272e-02 6.774297759291606491e-01 1.321920768626270393e+00 2.136160821396674336e+01 1.860128037220415820e+01 2.750114581173937012e+01 9.090039350370322069e+00 2.525104477940451275e+01 2.591849726042511293e+01 2.652761974192215533e+01 7.696403302165371940e+00 8.370417562564467673e+00 2.752926350422585244e+01 3.582525497877290377e+01 4.613183343845534523e+01 4.633940297724360136e+01 3.847158399921115546e+01 4.162312373262292198e+01 3.116301015048775014e+01 2.129116907709511963e+01 4.066441414258130749e+01 5.303477941414453767e+01 6.439423576996111365e+01 5.658949913910982588e+01 4.831194599903736986e+01 3.459049816447266323e+01 4.601154959185274862e+01 6.594538488488521466e+01 7.420571063616098684e+01 5.422980088547695487e+01 5.789544862380661527e+01 4.504226012638831378e+01 6.492509046387097271e+01 6.096513370043334845e+01 4.601491090631802194e+01 5.166460024183831479e+01 7.157857322158680802e+01
6.779948344387334846e-02 1.838928877263551342e+01 2.052637346289657216e+01 2.236699476118965357e+00 1.002525397382101779e+01 1.851435731939172769e+01 4.737515616867587376e+00 5.405105702324149775e+00 6.073558058857648767e+00 6.743009483676416949e+00 1.901990747662486925e+01 2.781467536485788727e+01 9.368666279779755968e+00 2.363305323523831447e+01 3.086529736272056113e+01 1.213985252200197706e+01 3.220164489936111352e+01 2.391042418368233413e+01 1.735403949549046487e+01 3.675852347225422534e+01 4.881280680323541787e+01 5.194370672984305770e+01 4.989936536589259930e+01 4.283272140741754441e+01 2.855632073272376914e+01 4.831194599903736986e+01 6.273005096687649029e+01 7.426411076723924509e+01 7.198563834009311790e+01 5.204632987037718550e+01 3.795045692034339879e+01 5.352199247725381070e+01 5.614006733233877355e+01 4.078043483083230569e+01 6.096513370043334845e+01 7.157857322158680802e+01 6.054729221017198881e+01
9.516927588586144779e-03 2.000946290092566571e+01 2.721137305125003181e+01 2.224224878994579768e+01 3.154359139233095632e+00 3.804607342007254367e+00 2.388875116953804323e+01 2.525494247157232053e+01 2.011870208816458927e+01 2.658138203750179329e+01 1.439087426881861553e+01 3.237668058168669916e+01 2.473448568537815717e+01 1.036871708484029142e+01 1.114287807559787780e+01 1.414128170925889272e+01 1.303424557745777967e+01 1.366076372727774135e+01 2.819408064260272795e+01 3.492817755676747993e+01 3.606007539076045276e+01 3.136863801070784064e+01 3.580261543681370284e+01 2.313190891868372745e+01 4.283272140741754441e+01 5.658949913906196372e+01 7.039781563604073256e+01 7.641564262872468305e+01 6.981664148340108511e+01 5.373265211924410067e+01 3.400877226427228806e+01 3.365434973333702118e+01 3.603025378728725059e+01 5.614006733233586033e+01 6.927927015998335492e+01 8.238893418715142047e+01 8.050306702954715377e+01
1.945935296826603253e-02 1.474108310610197847e+01 3.603133790385579260e+01 2.919243537772348418e+01 2.867155140256036105e+01 2.466307109243965812e+01 9.717552408855587132e+00 3.091300890205559426e+01 3.992553424737833723e+01 3.828097864225939873e+01 1.992611122422493253e+01 3.827447242095490765e+01 3.917338180449453944e+01 3.040228239080067141e+01 1.289449839071492043e+01 2.310868104567590819e+01 2.987290576830973521e+01 3.336650604648438900e+01 1.469940769147600612e+01 1.549454677251866030e+01 1.632902386711775122e+01 1.717649406678567203e+01 1.802510567750297454e+01 3.773006074026974943e+01 4.545888272148928166e+01 5.698880256528084232e+01 5.024979900517794817e+01 5.615101752235025856e+01 6.149410506010301702e+01 4.146982456699948472e+01 3.042057332512457890e+01 4.993372488230915707e+01 5.614006614045364785e+01 4.236653928132392366e+01 5.406293375044018035e+01 7.404877822026141132e+01 8.135425461427460903e+01
5.600688922766024203e-02 1.419814276719292501e+01 3.419824868989910982e+01 5.152058204022134191e+01 4.835886280730326092e+01 2.699230403355532104e+01 3.091300893131803207e+01 1.676257122439453440e+01 3.830043496422948124e+01 4.648731702148685940e+01 2.729922853566859686e+01 4.648731851729322528e+01 4.588835584825785219e+01 2.613639864995465700e+01 1.470740637595087463e+01 3.444042462548365791e+01 4.563488404109039465e+01 4.598125241415766595e+01 2.902277664165934112e+01 2.266679145084601998e+01 2.772759612593740286e+01 3.690014444452397413e+01 3.773006081530913747e+01 1.925514733975058945e+01 2.641608920867831856e+01 4.179348012171374904e+01 3.625313242650555168e+01 4.359248692035744455e+01 4.444526213569816520e+01 4.535454780128374352e+01 2.849493632432911738e+01 4.788784168789505458e+01 6.439673426233309783e+01 6.250998350161064110e+01 4.982335540225200532e+01 5.540708930749983097e+01 6.138589581156918484e+01
8.215197286175310309e-02 2.008215197282947884e+01 3.291997393870011734e+01 4.120424514126447235e+01 5.120424504016023093e+01 4.835895876854593212e+01 4.389688184754932365e+01 2.222193535080795712e+01 4.389687323020891796e+01 5.518332796276873609e+01 4.113169225067566259e+01 5.518340409782310729e+01 5.412602592581076522e+01 3.630241191066536999e+01 1.655592423062685725e+01 3.051219472742130634e+01 5.028123276353910143e+01 6.084993139617093050e+01 4.960885068720301661e+01 3.013400721237413293e+01 4.747070215285947370e+01 5.571143012790348337e+01 4.590769915191140171e+01 2.620232229821634107e+01 2.049450420742820356e+01 4.008928022231273758e+01 4.226714151174780909e+01 2.389782356871335622e+01 2.480386234398161704e+01 2.570916030874989389e+01 2.671960690362595869e+01 4.613953689621955334e+01 4.422127429735792958e+01 6.442575483094354638e+01 6.980699438373150656e+01 7.533356790265966652e+01 8.135425461427460903e+01
2.613274238814250472e-02 2.002613274238778729e+01 1.291997393868195410e+01 2.291997393868177824e+01 3.706210956241223187e+01 5.706210956193737616e+01 5.071751552980050093e+01 2.914877800822569398e+01 4.389688184754932365e+01 6.479505326030783863e+01 6.096084177140173921e+01 5.640671941457257077e+01 3.658922657526462530e+01 3.814932350380075121e+01 1.843017755328753537e+01 3.235682994595158846e+01 5.213364001111913382e+01 6.746478429346578309e+01 5.794021934402775997e+01 4.130480092900356937e+01 5.794021873239243803e+01 5.846763600228585034e+01 3.860886783972024006e+01 4.590273888626850862e+01 4.006015523785516308e+01 2.173264464173434618e+01 2.262150209638123854e+01 4.215375289965231786e+01 4.443732536650559695e+01 4.535454851529773634e+01 4.637531308269468155e+01 2.814350295441230188e+01 4.782688184992598224e+01 6.166748240085284749e+01 7.005678126896842173e+01 8.164196526014760025e+01 8.679714853060409041e+01
7.532853315450405152e-02 5.075328533154524813e+00 2.507532853294372543e+01 2.446697932247426621e+01 3.601398470626637049e+01 5.601398470585700551e+01 5.916936224927640353e+01 4.187752997985543146e+01 4.462712058803641213e+01 6.542102959841577103e+01 7.099166727134652888e+01 5.036544559955646605e+01 4.496508835781737190e+01 2.628447667317152892e+01 2.032942281392050532e+01 4.005538761151601790e+01 3.939191776199549366e+01 5.920533382812380552e+01 6.548153174982768121e+01 6.112167079644969903e+01 6.935240682112328159e+01 5.846886782591646181e+01 5.846918887687802879e+01 4.836316909173896050e+01 2.863512552206518791e+01 4.138475935091979352e+01 3.617385321343791560e+01 2.998610692496292174e+01 4.965771167595335100e+01 6.289085277128307894e+01 4.302235301122390609e+01 2.915224738880674593e+01 4.363331773204853192e+01 4.185306684898473151e+01 5.326417590549822023e+01 7.327787520151458978e+01 6.671025674811511408e+01
6.101047412966256744e-02 2.006101047412930782e+01 3.335959974693602703e+01 4.446697932228267547e+01 5.275125052043169660e+01 6.429825570123354339e+01 7.109896185873540730e+01 6.279316036011279323e+01 6.542102959841577103e+01 7.371160391051631677e+01 7.944299482959755210e+01 7.099166727134652888e+01 5.334472540823598763e+01 4.496508563092798028e+01 2.656129123907189538e+01 2.331188003280710319e+01 4.302774735362682890e+01 4.893062139763778617e+01 4.577016284116619005e+01 5.958685840810075973e+01 7.114197052986448000e+01 7.850906935350384686e+01 6.462851498761970959e+01 4.470776060268776320e+01 3.451106417182199948e+01 5.432350389718644124e+01 5.481675999470399319e+01 4.966761206145233842e+01 3.832474859091523456e+01 5.809964110186797370e+01 5.711749186712874149e+01 4.886189549565112600e+01 3.058461024661139760e+01 5.034227479050915832e+01 6.817612662371497834e+01 6.258716675587024270e+01 5.258076500612904880e+01
6.842009524227352091e-02 1.421055571897309910e+01 3.421055571897238679e+01 4.434742787227649785e+01 5.020450391328493112e+01 5.251169992433315059e+01 6.078908231461869605e+01 6.427917466632925425e+01 6.013664594003368080e+01 6.842279461791386552e+01 7.842416883365230262e+01 7.025044601894668972e+01 5.037797385340448386e+01 3.639427619455798890e+01 4.629549156143965405e+01 2.923285506667556888e+01 2.659021686185987932e+01 2.918635503283580235e+01 3.182317723032590706e+01 4.320396857139542135e+01 6.298304102306160246e+01 7.616592912866127563e+01 7.294652747735558762e+01 6.099483095302826285e+01 4.106469204942774098e+01 6.099483095302826285e+01 6.868886042398052894e+01 4.887824507612734948e+01 5.809964110214737332e+01 6.631296370963052311e+01 6.103101638858854727e+01 4.246305969474659747e+01 3.160776608977530699e+01 5.140243700811435446e+01 4.819854372047859670e+01 4.259076197894444249e+01 6.258716807218721101e+01
1.934550753332892059e-02 2.001934550753297515e+01 2.715531322363564115e+01 2.434741868952327337e+01 3.020521562758381862e+01 3.251238099311228780e+01 5.251169992433315059e+01 4.427816301590105752e+01 4.013600145540705455e+01 5.013601071712057689e+01 7.013728116294672077e+01 7.025044601894668972e+01 5.037797385340448386e+01 5.619848619175086668e+01 3.850458375598405070e+01 4.897700341064088292e+01 4.631530444156236115e+01 3.428514080429735600e+01 5.159731072156935028e+01 3.586239437479767389e+01 5.568644224213917227e+01 5.626981260163471887e+01 7.616592912866127563e+01 6.930908567461483472e+01 5.099979076147365475e+01 6.930908567461483472e+01 7.690673842898664248e+01 6.030835630735224129e+01 7.690673842898664248e+01 8.045592270658099210e+01 6.804204760004199670e+01 5.744398438163012344e+01 4.817582153139381518e+01 3.307133545710159694e+01 3.416011728484920695e+01 5.406097839991612375e+01 5.692513467607678734e+01
4.364784840791047227e-02 2.004364784840755576e+01 7.155311620881736445e+00 1.020528302753385574e+01 1.837024883678783382e+01 3.837004588895432988e+01 4.306514167133104110e+01 3.013600065026306751e+01 5.013632369772033570e+01 6.842279461791386552e+01 7.842416883365230262e+01 7.852910867049224919e+01 7.025044601894668972e+01 6.533138759304016219e+01 4.548991626042134584e+01 6.533138759304016219e+01 5.980625055658943268e+01 3.996701282312098158e+01 5.980625055658943268e+01 5.568644224213917227e+01 4.005983517318099985e+01 5.992081801060447077e+01 7.287229217097888068e+01 7.932277157182168992e+01 7.098987114458286385e+01 7.932277157182168992e+01 8.835792820406126680e+01 8.013684194381475834e+01 8.386805407510267685e+01 7.228918100951146641e+01 5.326103121147259856e+01 4.213455178298009685e+01 3.827041400211065536e+01 5.293359609388080145e+01 5.406095999067782287e+01 3.575163105763846261e+01 3.690490596813290125e+01
5.219006137575642884e-02 2.938941407323879318e+00 2.293880069176288217e+01 3.020528568314072260e+01 1.528528810754143308e+01 1.906493283763364133e+01 2.306493283763371238e+01 4.306514167133104110e+01 4.427816301590105752e+01 5.842052894173868793e+01 7.842319663177478617e+01 8.231751831278261022e+01 8.491340693505939896e+01 7.357412820341792781e+01 5.693840293266516284e+01 7.357412820341792781e+01 6.642765657186191675e+01 4.656343852604476297e+01 6.642765657186191675e+01 5.992081801060447788e+01 5.992081801060447077e+01 4.473087090450033543e+01 6.460525534787834090e+01 7.466563106616021628e+01 8.094781550306383622e+01 8.798609116857382162e+01 9.628161772141231722e+01 8.688624728446364998e+01 6.743081067175083376e+01 5.664921472188601115e+01 4.819420927754192974e+01 6.130328203909274265e+01 5.998129604470836540e+01 6.565730269411207587e+01 4.525796287484739366e+01 5.569230745698587270e+01 5.663665680340582043e+01
