MOVIE_S9_data/elevation_000001.asc
nrows	100
cellsize	150.0
xllcorner	0
ncols	100
yllcorner	0
NODATA_value	-9999
[rows 34 to 50 of 100, columns 37 to 73 of 100]
1.352506487370387731e+02 1.338623186910638481e+02 1.458786209896517505e+02 1.398435511360870862e+02 1.555295465081594841e+02 1.483064783554027883e+02 1.390221374023548435e+02 1.366026432099316708e+02 1.384446317815481393e+02 1.320131027838970397e+02 1.443703096928112757e+02 1.322137878030168849e+02 1.098072683050178284e+02 9.765080829026273079e+01 9.073913628267926867e+01 8.592019095868330680e+01 8.144511699835459240e+01 7.720278526233123273e+01 7.370897351294746613e+01 9.272858839382281815e+01 1.010530472747895914e+02 1.084719053803377875e+02 9.244433683467690344e+01 7.300866077622241335e+01 6.505537189727641589e+01 8.300098931505117150e+01 7.949307395402983900e+01 9.860272581139825832e+01 8.856972392231699587e+01 6.894493640092217390e+01 8.856973427713184321e+01 9.913421253996665428e+01 1.012778432235254655e+02 9.374092225983702065e+01 7.861333055157703598e+01 9.738157943748052503e+01 9.596082776652218627e+01
1.061936260218003554e+02 1.371042985066289077e+02 1.209272370376597365e+02 1.432513292442509680e+02 1.532059346236536896e+02 1.428992394879350059e+02 1.285836066697270041e+02 1.336567124448318111e+02 1.253148307246994477e+02 1.384446228884843890e+02 1.404154806911472519e+02 1.341583420706515142e+02 1.266017761743727874e+02 1.180047854124184852e+02 1.036853999474589045e+02 1.051464411819892746e+02 1.005393352892903778e+02 9.049444057608268110e+01 7.121246368654196601e+01 8.778460192661808037e+01 8.227783960805248853e+01 1.010631777065750612e+02 1.001197808284243962e+02 9.238194257040142077e+01 8.300086566200528182e+01 6.285716031881788268e+01 8.300023140710155189e+01 1.003565379308536336e+02 8.651063907588839186e+01 6.668626952654599904e+01 8.651054160667813164e+01 8.791529425875010872e+01 9.024498726526506687e+01 7.459554175926685105e+01 9.374092116893154980e+01 1.049832248800243661e+02 1.144979027064183157e+02
1.122888058989808542e+02 1.229905792574235335e+02 1.052810102719147665e+02 1.342829024143726713e+02 1.440052629412538465e+02 1.375425848329592498e+02 1.336585125517380845e+02 1.199772210669492125e+02 1.336585130086781987e+02 1.407882833316805886e+02 1.289880723007280494e+02 1.134659709823710472e+02 1.270679084606850893e+02 1.324541795150024370e+02 1.266293893737693850e+02 1.153662310859118776e+02 9.689918412970662587e+01 8.363260898446338842e+01 8.777760396787526531e+01 6.823601323818972730e+01 8.513893126293118030e+01 9.273601575053626789e+01 1.035579968438410816e+02 9.541600463133758581e+01 7.594876011044718211e+01 6.133563960796548287e+01 7.338737621404597178e+01 9.276936731478751597e+01 8.446398793459499643e+01 6.445654512574742512e+01 8.446380004995313584e+01 6.823627555578740100e+01 7.078739835942484149e+01 9.024549261103148012e+01 8.689490231707205226e+01 9.770415776523999796e+01 1.161968894188985217e+02
1.018838195538722431e+02 8.897442950754863489e+01 1.228679294317765454e+02 1.339593603237994728e+02 1.362826832031376512e+02 1.302925247352001747e+02 1.308866492366322234e+02 1.169663293060084186e+02 1.277508911716609816e+02 1.323154265267152709e+02 1.138271418070746819e+02 1.013956947632739940e+02 1.141139162927117070e+02 1.247427970780478148e+02 1.160053110470949775e+02 1.170456807990715902e+02 1.097410525082762121e+02 1.023070377135838527e+02 9.539269374088293318e+01 7.958491134088789920e+01 6.534743339155775743e+01 7.692557561003283695e+01 9.024217659665794145e+01 9.191328826554143916e+01 8.009214700943746834e+01 5.984134028658443327e+01 8.017143279764970032e+01 8.808415796793471486e+01 8.030402576536954484e+01 6.226371149439645336e+01 6.464882987043269225e+01 8.463887030100137565e+01 9.024498757710252050e+01 8.230009683400787424e+01 1.010989366201097113e+02 1.129339306790485011e+02 1.234395846430766426e+02
7.776874657128202273e+01 9.180960929581222274e+01 1.166571075718725439e+02 1.409300285876099394e+02 1.428616646583162719e+02 1.359143444716201543e+02 1.237844508603365625e+02 1.277508920306410261e+02 1.132458795335554669e+02 1.276942940134050275e+02 1.119986391502024361e+02 9.302330692374850685e+01 1.044510847163777640e+02 1.119763767583650491e+02 9.970239630870489123e+01 9.817536388134500669e+01 1.111763783015479703e+02 1.162161685558226623e+02 1.060448408601651238e+02 9.279660460384697274e+01 8.253165024597923605e+01 6.252090976837668990e+01 7.996095745862304227e+01 7.247520372648435227e+01 7.876705338373179188e+01 5.836772049962413433e+01 7.678535930623399963e+01 7.822446791492323825e+01 5.999528019378078625e+01 8.029059673978829892e+01 8.463854219293099845e+01 7.570810353417414262e+01 9.489468994382312417e+01 1.010989348916588852e+02 9.770481818262587126e+01 1.162009214927646212e+02 1.198327128973467097e+02
1.042642856377115521e+02 1.155884954620201199e+02 1.288968318809891684e+02 1.346228045200588497e+02 1.332373999100531421e+02 1.238738146609809831e+02 1.202901083726774374e+02 1.224578039651032384e+02 1.106311122216074097e+02 1.255652786389289304e+02 1.173540097273712632e+02 1.044490487030064969e+02 8.496628334799883930e+01 1.044489025659481598e+02 1.036859486334976879e+02 8.482336367801939048e+01 1.036858888226810222e+02 9.764250250827107891e+01 9.764731814412778022e+01 1.051322108395106056e+02 9.024212527208725021e+01 7.497344793882439262e+01 5.976022889630777257e+01 5.786634567296622578e+01 7.565030608614614493e+01 7.531328147950739549e+01 5.631854508081708133e+01 5.781169354553770034e+01 7.822273090737009227e+01 7.122264424089522095e+01 9.074531722958514024e+01 9.489447119365554784e+01 8.942729301063010894e+01 1.080943129963351623e+02 1.162009211332670588e+02 1.141307496443302227e+02 1.066913183424948954e+02
1.032342895749964953e+02 1.240871878389563960e+02 1.344227800889011348e+02 1.200044467496155249e+02 1.172529579605979393e+02 1.172557029301819398e+02 1.043667811059776511e+02 1.069179886252643570e+02 1.224578030543896574e+02 1.254414848986351245e+02 1.048134927915841530e+02 9.005717023475273209e+01 8.026636522470104751e+01 9.380305220613134054e+01 9.750133442787542037e+01 7.849467872670429358e+01 9.750206450376785483e+01 9.664208570713671520e+01 7.825779986450733361e+01 9.664353762809076898e+01 1.032912267297462705e+02 8.772544780429383593e+01 7.995730879841768513e+01 7.556857357015998389e+01 5.525572791067628486e+01 5.488313602643547284e+01 6.621156497086479931e+01 7.799070363417196461e+01 7.821664295435749636e+01 9.074791398207750603e+01 8.522198807564329570e+01 1.041138176621332150e+02 1.080942888479875279e+02 1.154474412022858019e+02 1.163659285711309650e+02 1.066912143028952329e+02 8.768438249848661314e+01
1.143658406371143883e+02 1.239985542331159962e+02 1.346340893310380693e+02 1.211016329354416570e+02 1.074504386846853805e+02 1.008670250387584417e+02 1.172557419092997719e+02 1.224578008717578683e+02 1.285694397350719100e+02 1.221156501571279733e+02 1.150474204020590179e+02 1.072144095789309262e+02 9.380301572326266069e+01 7.446910687015906660e+01 8.834455772553327790e+01 7.281326236814591368e+01 8.533095648917132792e+01 8.897283526162412670e+01 6.922733513592520183e+01 7.977535021045417807e+01 8.775646654641913358e+01 8.805141505731491236e+01 8.337128463101909404e+01 7.254148879450004017e+01 5.347895492322508204e+01 7.275084626303447521e+01 7.813101324533292313e+01 8.430866189222184914e+01 9.251411759997463946e+01 1.048380271849793957e+02 1.041138404545404086e+02 1.115972944124713564e+02 1.205761571421605964e+02 1.105750218829717824e+02 9.757803742306504091e+01 1.105746423026491527e+02 9.324844993484495603e+01
9.050820314028615599e+01 1.049324901631759133e+02 1.237559746735911688e+02 1.285932093430098178e+02 1.152570059812380663e+02 9.862649098864268637e+01 1.124722841163602709e+02 1.191499086512819616e+02 1.286875529598994490e+02 1.150472915755856747e+02 9.641291103796834250e+01 1.018697637429039702e+02 9.827315025932509229e+01 8.834445903341733697e+01 6.886365958882680616e+01 6.714165129671583543e+01 6.551220298792954111e+01 8.313928136463717067e+01 7.878669052221701463e+01 5.954628286312937036e+01 7.780010175037774900e+01 8.063174053612101488e+01 6.504908583566427183e+01 7.226215169831333185e+01 7.010204096772470450e+01 5.226973666318466627e+01 5.743157611027755394e+01 6.354764409017627713e+01 8.431063051379908302e+01 9.528725445402271532e+01 1.152455723365694382e+02 1.128386898200695327e+02 1.053771310386640607e+02 9.452717469076458201e+01 8.395424090800028694e+01 9.587320806620478209e+01 8.813897781975880719e+01
7.673751426973559830e+01 9.012344093411546453e+01 1.139348944231859662e+02 1.310985377182119578e+02 1.154942191654985351e+02 1.124722824143950390e+02 9.554058959988994104e+01 1.053251540860367754e+02 1.222354277565526388e+02 1.150407134461057694e+02 9.641271675603746871e+01 8.317841516796518420e+01 9.070015799730634853e+01 7.157794992179142923e+01 8.834455682894824236e+01 8.681077844653239595e+01 8.323391307725904653e+01 6.323982499154762849e+01 6.171121666845895959e+01 7.780009965981018638e+01 5.736323875390084481e+01 7.386350566892710390e+01 5.268773386117044311e+01 5.150056794000123972e+01 5.107891389924436254e+01 7.151398717683417772e+01 7.227231666827580625e+01 8.430866120094812288e+01 7.474760831705276587e+01 8.935131510998910187e+01 1.096301905909348591e+02 1.019882386350919745e+02 8.626115360256316933e+01 9.452700311366820074e+01 7.498783255370331347e+01 8.531626997956209379e+01 6.819054885972251157e+01
7.758041679630426302e+01 9.211570262364381279e+01 1.122338951552699058e+02 1.189341009925284851e+02 1.182863552899938213e+02 1.090394415713512757e+02 9.346848105960421549e+01 1.078764635666559997e+02 1.147772557566227505e+02 1.163363454314556122e+02 1.092589751084573209e+02 9.305837889543309416e+01 7.427599573212999928e+01 9.069626903095667103e+01 9.829372132832492071e+01 9.162074652974632727e+01 7.195463170825820498e+01 8.323390780073592055e+01 7.645249274220023494e+01 8.429610774371607818e+01 7.582348320483058046e+01 5.501545032587267769e+01 7.365473480378523163e+01 7.067002613547738576e+01 5.023446247443066426e+01 7.067002525851694372e+01 8.944018292221700506e+01 1.008240722935004641e+02 9.529028028451139676e+01 1.033019274251742416e+02 1.037231009736988625e+02 9.337686567868152565e+01 7.475818803598080819e+01 9.046766522396130483e+01 8.263094427169440337e+01 6.515399710192134819e+01 8.531625314148134009e+01
9.703680109853208080e+01 1.070075451116367873e+02 1.122398124998059643e+02 9.823309340941914058e+01 9.583712800853879799e+01 1.088317385580026126e+02 1.078764641217520222e+02 9.056782825233486278e+01 1.052358924038509684e+02 9.822372397117636922e+01 1.014510455994409455e+02 9.478212571627028638e+01 7.623550307312007135e+01 8.995484327885328923e+01 1.099991435544510381e+02 9.817541568883466141e+01 7.863361815383603926e+01 9.817563273348187636e+01 9.810115926504991535e+01 8.627397407656707173e+01 6.575271995599250374e+01 7.582351036412889300e+01 8.326486286120695013e+01 6.993773473367481586e+01 4.952192482723749833e+01 6.142292767793816921e+01 8.160181095194458578e+01 9.827745704640325641e+01 9.402732339543842954e+01 9.782393736020954123e+01 8.452140767861301640e+01 8.557114438556295966e+01 6.545286170675403525e+01 8.017155826129186380e+01 6.228479188949368250e+01 8.263234375575942181e+01 9.306603697114532281e+01
9.801233696619686953e+01 1.094714288609710593e+02 1.017670434996878583e+02 8.351750437390234083e+01 7.937206816566992984e+01 9.770408471992978150e+01 1.144856109889169460e+02 1.052358946560548958e+02 8.771709617550499161e+01 8.573313616791946856e+01 8.376862126201663727e+01 9.651531577334780820e+01 7.818152830252577701e+01 9.077055914123805280e+01 1.078961838316822366e+02 1.059398984296653907e+02 8.844371558089619612e+01 1.059401191955763579e+02 1.004960689661655238e+02 8.038310133813017444e+01 8.130926169374644985e+01 8.683211546432764294e+01 7.029997573909356845e+01 5.897891058866638758e+01 4.882277351945662502e+01 6.931678327675302853e+01 8.521088581448347554e+01 7.833427175409967447e+01 7.251774117092951144e+01 8.679762725925290567e+01 7.029049293297336476e+01 7.610685089645978962e+01 5.796653734093576560e+01 5.970428387394102288e+01 8.017167520515265267e+01 6.902969630798111211e+01 8.896084489282880270e+01
1.034891564493881475e+02 9.515987378731604451e+01 8.200703296073895388e+01 8.946421036931474191e+01 6.848933971355430117e+01 8.746542256007931826e+01 1.022324402235690428e+02 1.122564035042807404e+02 1.052358944713626414e+02 1.034011673663482469e+02 9.903781166123921764e+01 8.097448770585069155e+01 9.651503979758874152e+01 9.125663869825801555e+01 1.097122718876351115e+02 1.155179395472139703e+02 1.079824853486467333e+02 1.155214133315027141e+02 1.082023243680721833e+02 1.004960382927419147e+02 1.028424966074332332e+02 9.517155332745558383e+01 7.990703994818966294e+01 6.011249935627070329e+01 4.813576753759268456e+01 6.751575680937061463e+01 6.682736474429933082e+01 7.758052901605594798e+01 5.739925372286648297e+01 7.591042830551842258e+01 7.381639419390904777e+01 5.563379598053204234e+01 7.610685143138000797e+01 8.017155759938663095e+01 7.988148812844687541e+01 8.896080627339044611e+01 7.614573526472483422e+01
9.524801857357709878e+01 7.448761379213092937e+01 7.014937549857258148e+01 8.334660977929992498e+01 6.238734872886774951e+01 7.398381670626535822e+01 9.431302274864867741e+01 9.914142839921606765e+01 9.915066494783057749e+01 1.067120351441664070e+02 1.063136745413007276e+02 9.903781028405082054e+01 1.063137375693588069e+02 1.101301273764087796e+02 1.174242348660072537e+02 1.185783939278530852e+02 1.204836697773695562e+02 1.131368410716825252e+02 1.110486194276416398e+02 1.174121930170468318e+02 1.072008186657614885e+02 9.907209673693223806e+01 8.869790586287915346e+01 7.570230314494772017e+01 4.889526880049194091e+01 4.716852649658553531e+01 6.651819727159508489e+01 6.741784765633775578e+01 4.870512227523410331e+01 6.952343185629679567e+01 5.336204744796641108e+01 7.381640648537052130e+01 8.406537877475403775e+01 9.302692412233822949e+01 9.857986503291439817e+01 1.031350283889477737e+02 9.009170972384073650e+01
8.513914745440169440e+01 8.023157198368704712e+01 5.965709900870891147e+01 7.107093296859687825e+01 5.680251483310300387e+01 7.771195520269331780e+01 9.328096527216052891e+01 7.992495961073001354e+01 7.992528146781189946e+01 9.914948894711922378e+01 1.015584009568833466e+02 1.089863268700738956e+02 1.034961805485630748e+02 1.109790500613684401e+02 1.115350883759113287e+02 9.749524680893159712e+01 1.042044270097465386e+02 9.358832305267834784e+01 9.089870901291196503e+01 1.049697491996133607e+02 9.231319483582468877e+01 7.919636417204409895e+01 8.232812222466806418e+01 8.267319196004329740e+01 7.487884045983916792e+01 6.651819560052958025e+01 4.620558669133703233e+01 4.679902571352337048e+01 6.741789363950786651e+01 5.107625538223002337e+01 7.165904690173969982e+01 6.046531450316144429e+01 6.680679424290954671e+01 7.340540887879038223e+01 9.303704463890062470e+01 1.115518041478110831e+02 1.092856944736312954e+02
6.461535302510834811e+01 7.348871008901332402e+01 6.601849028941424535e+01 5.030638377604090294e+01 7.107093466065167320e+01 8.590992630387063400e+01 8.554707659834213018e+01 6.615299672248306706e+01 8.553294317835862159e+01 8.596274761932077979e+01 8.245770349992572790e+01 1.001049039402662260e+02 8.437245378571726917e+01 1.001169607071356893e+02 1.034134792173626778e+02 8.297114603808090294e+01 8.441615580085779413e+01 9.714925236062246938e+01 7.717649752863491130e+01 9.324086349479085811e+01 8.565052615515416790e+01 7.350367476000729994e+01 6.373357921686403671e+01 6.545807865933029746e+01 7.793976908544321702e+01 6.581533168356423857e+01 4.553475560295269275e+01 6.580997664047042406e+01 7.542473847738203574e+01 7.165900626629901637e+01 6.800303274876010562e+01 8.078633557158089218e+01 7.504493223031440152e+01 9.302693538267511997e+01 8.495087575065402064e+01 9.858374054446748858e+01 1.173591457687522137e+02
