MOVIE_S9_data/elevation_000959.asc
nrows	100
cellsize	150.0
xllcorner	0
ncols	100
yllcorner	0
NODATA_value	-9999
[rows 0 to 16 of 100, columns 37 to 73 of 100]
9.624791156135802339e+01 9.692434214365462708e+01 1.052189516531395554e+02 9.796701838743017277e+01 8.648994122016596009e+01 7.823585819834089250e+01 8.648994120694528931e+01 8.439926851666166385e+01 8.439926851701650889e+01 9.266864178676725317e+01 1.056704592498592064e+02 9.744332018691530095e+01 9.485965231502150630e+01 1.030899763720972118e+02 1.014504977876467677e+02 1.096723891986037529e+02 1.074258188508021732e+02 1.016392360363169303e+02 1.016392360363169303e+02 1.098265342378369525e+02 1.222247160833288291e+02 1.140179266150791193e+02 1.165872581065094096e+02 1.140179266150791193e+02 1.222247160833288291e+02 1.262165158772885718e+02 1.204180763425183756e+02 1.262165158772885718e+02 1.174462315316566645e+02 1.092386514358104961e+02 1.092386514358104961e+02 1.150311592258716757e+02 1.192143318603210957e+02 1.110160538099775067e+02 1.192143318603210957e+02 1.129124639428672054e+02 1.047036633306035469e+02
8.285756518165047169e+01 7.703091538511087322e+01 9.692434214365462708e+01 8.968564081259859222e+01 6.985403558908544142e+01 5.846831446601292015e+01 6.766966162341118718e+01 6.459841800416376145e+01 6.459841800416376145e+01 8.439926851703958732e+01 9.744332018691530095e+01 7.742775181265966467e+01 7.482073162466772942e+01 8.732346404739719503e+01 8.147185507608340060e+01 1.014504977876467677e+02 8.756649148564740415e+01 8.173736983294813285e+01 8.173736983294813285e+01 1.016392360363169303e+02 1.107694043049726389e+02 9.416504738186227996e+01 9.674386664960385929e+01 9.416504738186227996e+01 1.107694043049726389e+02 1.061679704200242753e+02 1.002653832816740618e+02 1.061679704200242753e+02 1.092386514358104961e+02 8.964573161260518930e+01 8.964573161260518930e+01 9.538436496557777389e+01 1.093864765444364195e+02 9.141695930679125581e+01 1.093864765444364195e+02 1.047036633306035469e+02 8.504009499711582976e+01
6.305506281371216915e+01 7.703091538511087322e+01 9.692434214365462708e+01 9.126031745916127136e+01 7.142525658116734633e+01 5.747465099968223967e+01 4.796280074073915500e+01 5.067551820618292169e+01 6.459841800416376145e+01 8.439926851702797705e+01 9.642685148544303786e+01 8.329017606017610831e+01 6.319898641967503750e+01 6.724881513088567431e+01 8.732346404739719503e+01 8.684475106648680764e+01 7.860144631690644701e+01 6.752004106698659314e+01 8.756649148564740415e+01 1.046211476859525220e+02 1.025558614455922850e+02 8.259604895909376410e+01 8.259604895909376410e+01 8.259604895909376410e+01 1.025558614455922850e+02 1.061679704200242611e+02 8.555094558693892282e+01 1.061679704200242611e+02 1.082335858075069837e+02 9.538436496557775968e+01 7.588210180814964190e+01 9.538436496557775968e+01 9.145708654944624527e+01 8.169766654050799559e+01 1.012165065583843813e+02 1.040328502490357465e+02 9.079942081966888168e+01
8.285488595584610039e+01 9.112493351912512196e+01 8.487457018346323423e+01 7.662371149253908698e+01 7.506505806978589135e+01 5.531648480550984459e+01 4.137881368008289940e+01 6.110070799585697188e+01 7.406538970129555821e+01 8.550382381920125852e+01 8.818001208490349541e+01 6.811091390211193186e+01 5.657415184162464072e+01 7.659311284667576558e+01 8.887251481477808568e+01 7.860144631690643280e+01 5.857544908899340896e+01 7.860144631690644701e+01 7.647513330267287301e+01 9.641775866838703735e+01 1.051306707072298536e+02 8.519222187771359245e+01 7.093548302708762776e+01 8.519222187771359245e+01 1.051306707072298536e+02 9.929562880899578659e+01 7.851167004276027228e+01 9.929562880899578659e+01 1.000569505768507668e+02 8.048580147239147209e+01 6.993675073102696160e+01 8.950421137867222399e+01 7.198865603733153762e+01 9.145708654944624527e+01 9.831229540764597630e+01 8.441128761382876178e+01 9.831229511550823474e+01
7.889230473773039876e+01 7.924424363561557527e+01 7.662371149253908698e+01 5.685455302589677018e+01 6.264480548242485725e+01 5.715632913270238902e+01 3.739201996072107903e+01 4.609600405875522711e+01 5.748549679276663227e+01 7.725172751393785120e+01 8.639592988320713118e+01 6.635466758901156936e+01 5.228590578940335121e+01 6.061111963537845071e+01 7.474181686042376782e+01 7.343075606657968990e+01 5.348451878827051331e+01 6.014405244039517129e+01 7.428851837952609571e+01 9.424853960062597480e+01 8.899813612632232207e+01 8.073173655789517511e+01 6.642370647961563179e+01 8.068384520029471219e+01 1.006722980123598319e+02 9.329581671473964377e+01 7.248417228967602455e+01 9.329581671473964377e+01 9.790745101637953951e+01 7.834524369686891987e+01 6.424339464583086112e+01 7.800454722641356398e+01 6.625081828907121917e+01 8.558713388891976592e+01 9.015831012233152819e+01 7.064236999575886955e+01 9.015831012233152819e+01
7.341157003710793560e+01 5.917262864275239309e+01 6.649375896941461406e+01 6.264480548242485725e+01 4.289017280148318889e+01 5.208551015476034252e+01 3.353919653400426881e+01 5.335268639048469907e+01 6.249736800735673370e+01 7.071562820436409424e+01 8.060876872820306005e+01 7.801259654792728782e+01 5.801816674954514497e+01 4.661777035746995068e+01 6.150604795243327771e+01 6.318460630659775745e+01 4.872107088049070711e+01 6.273961030117704496e+01 8.272461597559339452e+01 8.363994415363946189e+01 7.536339701513067268e+01 6.064524925299961922e+01 8.073173655789517511e+01 9.478796644737813892e+01 1.001965723705927189e+02 8.792227323037558051e+01 6.722618754189066692e+01 8.792227323037558051e+01 1.025099019122155255e+02 9.074914412300417155e+01 5.953630310204874121e+01 5.932664118834833999e+01 7.231199408665656847e+01 9.163495769390515022e+01 8.278197785953851451e+01 6.346268988419820545e+01 7.367477821298852803e+01
6.502429187687560841e+01 4.540068036290178810e+01 4.685353155598590291e+01 5.768617370070861483e+01 5.208551015476034252e+01 3.225852081998112197e+01 3.010460686626742444e+01 3.613529951543235796e+01 4.276542369934216481e+01 5.262674172571524878e+01 7.236799428899921338e+01 8.627941864163743446e+01 7.474181369483083870e+01 6.150604795243327771e+01 4.165903818136042247e+01 4.334412550603212111e+01 6.318460630659775745e+01 7.684741981761706597e+01 7.885980741399330896e+01 7.058173599321629865e+01 5.536027382777169237e+01 6.687902113146124350e+01 8.695327000747913360e+01 9.408959094723429928e+01 7.964419494915111386e+01 8.304415905226036898e+01 6.258705080322908998e+01 8.304415905226036898e+01 9.439206149772249432e+01 7.494547159008887149e+01 7.485439890659415596e+01 5.573638928665923942e+01 7.485439879783538686e+01 8.730369727569907923e+01 8.293416455038743607e+01 7.367123843008400286e+01 5.469141420634893080e+01
6.667828491805128976e+01 4.686286311067560462e+01 3.308788675296086979e+01 3.814632096665710037e+01 4.216098779407413133e+01 2.596567960559169919e+01 4.581432090036754090e+01 5.591973873621560642e+01 6.249736800735684739e+01 7.071562820439238806e+01 8.060876872552211125e+01 8.567563692095458805e+01 6.570357706090561578e+01 5.815129100210053537e+01 3.823799224686998599e+01 5.815129100210108959e+01 7.143450144090066090e+01 8.475155330945302978e+01 6.471240548448189145e+01 5.067358120277899758e+01 7.058173599321629865e+01 8.363994415363946189e+01 9.520327056255597142e+01 8.566384692638607135e+01 6.526845796755083029e+01 7.276467035139212669e+01 5.843497992988567091e+01 7.858005204982741532e+01 8.973752951960369728e+01 7.033402503615123180e+01 5.948629987033727673e+01 5.286795354641655820e+01 6.810036858081615208e+01 6.808333615830784424e+01 6.362014314448457242e+01 6.362098702756573942e+01 6.393377293604755351e+01
6.029570771220663516e+01 4.742355130623412407e+01 3.916945028610812329e+01 2.432838439225105986e+01 2.243093551681220532e+01 4.216098779407413133e+01 5.402031041157432156e+01 6.307839189504631605e+01 6.121949166226759331e+01 6.858398516013980384e+01 7.332119418457962468e+01 8.131338229093788073e+01 6.570357705870607390e+01 4.580444584557113785e+01 3.577962641977655522e+01 5.575399385083111525e+01 7.321263638912299143e+01 7.150526879416372594e+01 6.323780627112687114e+01 4.760963989859259726e+01 6.161174790503184084e+01 8.162196420858546730e+01 8.335987575592132259e+01 7.494413351938662515e+01 6.783958486823279088e+01 5.306432825268306175e+01 7.276465433422174556e+01 8.703900410585397651e+01 9.783995359019131399e+01 8.661070528038329996e+01 7.755504380775370521e+01 6.312685023039893650e+01 4.906652028083721007e+01 6.449747238871032096e+01 6.215848994913002912e+01 4.431340668596849497e+01 4.540895596821896874e+01
5.139595422975268235e+01 3.100864918619573274e+01 2.011250321291813137e+01 1.916793407633753432e+01 3.850314238588136817e+01 4.731709415160719345e+01 5.116941813730033317e+01 4.542861496842719049e+01 4.516943237736750660e+01 6.120981767539494456e+01 5.366020542345657418e+01 7.002402210053151066e+01 6.754023755941746288e+01 4.761019257481736844e+01 3.344054145484815876e+01 4.502764433068284688e+01 6.494936951356964983e+01 5.934604822877272312e+01 4.339365607098148558e+01 5.480411001636506541e+01 7.475844957193540097e+01 8.335884059005501001e+01 7.183281894987798921e+01 5.512571898480113930e+01 4.844116604131192361e+01 5.680215454824248411e+01 6.811066187796083682e+01 8.859664182096840079e+01 1.048308931943858795e+02 8.542164950662504452e+01 8.480810114779413311e+01 7.556010578261948751e+01 6.455677165897049008e+01 4.534343339175640608e+01 4.277576933804038362e+01 6.129299585619059343e+01 5.008164966613818336e+01
3.665163414562653799e+01 3.466614595318156233e+01 1.866396024739557546e+01 3.806835051612126364e+01 1.967048879006279805e+01 3.918064846918150579e+01 3.501914403785542618e+01 3.378573548456225240e+01 4.567397560092510389e+01 5.043360152577075439e+01 4.209972984664753426e+01 6.196959560528925692e+01 5.638441080669981886e+01 4.812060470892350139e+01 3.122869880801241393e+01 5.122456520512503886e+01 5.561911728439862657e+01 3.944968105371952305e+01 5.350807902985293651e+01 6.323780626806540539e+01 8.302735823730698428e+01 7.494409320172023570e+01 5.512571898530222825e+01 4.420585519754946802e+01 6.350196655293211023e+01 7.622659094379301337e+01 8.520995718667650465e+01 9.700684357511873657e+01 9.915737616093232987e+01 7.973212523736138735e+01 6.557368858874463058e+01 7.444881648548145847e+01 7.259813697530428556e+01 6.321520503225924159e+01 5.311164509519182531e+01 4.136747172133451755e+01 6.276496172902427872e+01
3.434107004597807133e+01 1.814964785663920210e+01 3.752555259097984219e+01 4.555345665569528535e+01 3.573521611805874443e+01 2.016805466362016119e+01 3.187440207103049161e+01 3.782683305555022457e+01 2.249451130002168497e+01 3.032990832952954463e+01 4.811001094296564418e+01 5.369585839608100031e+01 4.583433930090639308e+01 2.818135353681714150e+01 3.057559243207908395e+01 3.305176680035984305e+01 3.562176648924616273e+01 5.561911728439862657e+01 6.760688952072453617e+01 8.170570001159607898e+01 9.146468633528660064e+01 7.474124940780471604e+01 5.494799908712307257e+01 4.141828493605677863e+01 5.494799995771003864e+01 7.474148933553099994e+01 8.115807300787565737e+01 8.115807300787565737e+01 8.955378563283896654e+01 9.347102681845970551e+01 7.444881648570337518e+01 5.462849135003030199e+01 6.537538156168284331e+01 5.975450885925288702e+01 3.999246317504478299e+01 5.975451997914185398e+01 4.988333743264511355e+01
1.762109339871798142e+01 3.697483870708408205e+01 4.569565959616472384e+01 5.213726644819543310e+01 3.245327768974335925e+01 3.974181385356652640e+01 2.066565540084466690e+01 2.101860241008693819e+01 2.137383031695833324e+01 4.100010806977500266e+01 2.853507987225240328e+01 4.370082394964907735e+01 2.594220820647732850e+01 4.583433930090639308e+01 5.058077593767315960e+01 5.308209277777684321e+01 5.459990765263892598e+01 6.387738015239641243e+01 6.953971127661070284e+01 6.953971127661070284e+01 7.774067455238728996e+01 7.204756561718866692e+01 5.234420360370604186e+01 3.873327874717427477e+01 5.234420508335038136e+01 7.204793539803917213e+01 6.108105811941968710e+01 6.108105811941968710e+01 8.115807300787565737e+01 8.974241098349546064e+01 7.007504518544624261e+01 6.537538232538773286e+01 4.558225844425402329e+01 5.747285530755975458e+01 3.902597390926987231e+01 5.880422264598597337e+01 7.171834595577702487e+01
1.759961782121443008e+01 3.154227495527089786e+01 5.135669675681296553e+01 6.040935585543017794e+01 4.645829955280066059e+01 4.295882346678448016e+01 3.576933755798872738e+01 4.161830035156521745e+01 3.359550715635189277e+01 2.188366929754148416e+01 2.224862174252223568e+01 2.373691417307829710e+01 4.175697309079573216e+01 5.205007444654371795e+01 5.713917449136710758e+01 6.382342601255738401e+01 7.232390031101505201e+01 6.371225832279577617e+01 4.968384209329901324e+01 4.968384209329901324e+01 6.953971127661070284e+01 6.948274765544539378e+01 4.983823050119507059e+01 3.616591167552594754e+01 5.210294719373951011e+01 5.775789822041392085e+01 4.743846993647630939e+01 6.108105811941970131e+01 8.115807300833611748e+01 7.909699107915687932e+01 7.007504518425338347e+01 5.040662904849749992e+01 5.616737476378030181e+01 3.767352351988496650e+01 5.739937643987842364e+01 4.966213447015337579e+01 5.948547177835664002e+01
1.874724536822971999e+01 3.824957469302632518e+01 4.775612967359587202e+01 6.176018409745279314e+01 6.621816833033760474e+01 6.540430630015954705e+01 5.824579021531975087e+01 5.143278402241650582e+01 3.165141887409211563e+01 4.170903853559061503e+01 4.198719026386439168e+01 2.279580869441118551e+01 4.268117269214064891e+01 4.684818859547682735e+01 4.244592478018230253e+01 4.994795574058127841e+01 5.808964840362387605e+01 5.537372767171044075e+01 3.608301258454623195e+01 5.538277899142946836e+01 6.902014691245196332e+01 6.268086491940561444e+01 5.279040641023411240e+01 4.951014380616586408e+01 3.267224432517726029e+01 3.846471058064943804e+01 5.614262287018868847e+01 6.442095952492725530e+01 7.345945326275371201e+01 7.094047352685099384e+01 5.126079587688702333e+01 5.487208397106372360e+01 3.635006736162318219e+01 5.616732454889378090e+01 5.386514452408160736e+01 6.929858554596162890e+01 7.744658220134600413e+01
3.824604640947706713e+01 2.004474829422207094e+01 3.375207191285328179e+01 4.849343851645469528e+01 5.466460515671924725e+01 6.294233023864361343e+01 6.777346192054571361e+01 4.778515405172585417e+01 4.560882902809176187e+01 5.950814974969340909e+01 5.013347291590129373e+01 4.028067931397949764e+01 2.335819818488229416e+01 3.993273775205149434e+01 3.261567055406005267e+01 4.461738977389693872e+01 4.022922064732946978e+01 4.567505264897154404e+01 3.099296011180516075e+01 4.095563950485114191e+01 6.064743431482585834e+01 5.189733147901620924e+01 3.185329519380776375e+01 2.958337187132404367e+01 4.327688586157604078e+01 5.007329889585169269e+01 3.532107489569255421e+01 4.524931995518615224e+01 6.500761273367929505e+01 5.992805749631956047e+01 5.358667688666071172e+01 3.504178034166969269e+01 4.883839096428378923e+01 6.383215101983984141e+01 7.351167839481168187e+01 8.165976019854842605e+01 9.163356255254495863e+01
4.715662867818701898e+01 3.266950819124583916e+01 2.119620511468541935e+01 3.788876084428741109e+01 3.493222255219185257e+01 4.895286817645010302e+01 6.872311018894157542e+01 6.777346356639135649e+01 6.557570825142474291e+01 6.609651704502330460e+01 4.632032993737352911e+01 3.229701974584488511e+01 3.385929841264459839e+01 2.393730490408220390e+01 2.435407574385828511e+01 2.477845380168624700e+01 3.051677688354011408e+01 2.600915083934169303e+01 2.644983942654668496e+01 4.603840093744214101e+01 5.451572745115289109e+01 4.600216990592930699e+01 2.896802928536724053e+01 4.663791607063819811e+01 3.019653405346966935e+01 3.062402810919977725e+01 3.104733590201317739e+01 5.070448890018307964e+01 5.212430537802647734e+01 4.635208522796066433e+01 3.375738078522867625e+01 5.358666014133491018e+01 6.269711703970086347e+01 7.513676558918585613e+01 8.598025146233648286e+01 7.793582066460193403e+01 7.226203020072985339e+01
