MOVIE_S9_data/elevation_000449.asc
nrows	100
cellsize	150.0
xllcorner	0
ncols	100
yllcorner	0
NODATA_value	-9999
[rows 34 to 50 of 100, columns 0 to 36 of 100]
2.064481644892168788e-02 3.308624562556074178e+00 6.641957895889421870e+00 1.012351101500340889e+01 1.383741777854447896e+01 1.783741777854454824e+01 2.255146298645494696e+01 3.255146298645529868e+01 4.669359861028360825e+01 6.669359876118303987e+01 7.925913800924288921e+01 6.946725660123766488e+01 4.989406796549305056e+01 5.816667087349117793e+01 4.548952841570156380e+01 6.312376181163662636e+01 5.740175078951476451e+01 7.693791842529157066e+01 8.838965990434736852e+01 9.657604272546073787e+01 8.840397858409821197e+01 8.840397858409821197e+01 7.622719403078789924e+01 5.634379103128376443e+01 7.622719403078789924e+01 7.561435299826489143e+01 5.643322261652301108e+01 6.552183727265274626e+01 5.309550214779872590e+01 6.730081897243471190e+01 8.232573372895160446e+01 8.925410281025561687e+01 9.741993792196386437e+01 9.734546639727169293e+01 8.909481811619515668e+01 8.624256803572147589e+01 6.651351339555291986e+01
2.905961989428186565e-02 2.002905885401801811e+01 2.664195789752630361e+01 2.426564663896687790e+01 2.797955340228905641e+01 2.938442316233726714e+01 4.255146300860237574e+01 5.083573728753775356e+01 6.083573895761874439e+01 7.353995113451271948e+01 5.969806447817156680e+01 6.890341677918301855e+01 5.816667087349117793e+01 3.848096903323951778e+01 3.798996116641545484e+01 4.350250853650633331e+01 5.096687853602781360e+01 6.075360620693038527e+01 8.026757512984615062e+01 8.840397858409821197e+01 6.868824567554814564e+01 6.868824567554814564e+01 7.023212245762586292e+01 5.016776989359191674e+01 6.236223589980938442e+01 6.742806411803958611e+01 4.727818938941459948e+01 4.531326979950156186e+01 5.083351694503653562e+01 5.652768758042139297e+01 6.263046600034455480e+01 6.965771577044233709e+01 8.096358151100714906e+01 1.005791655156451156e+02 1.024591524903396618e+02 8.259797384805762022e+01 7.394234053428579045e+01
3.542675937824442400e-02 1.417756238401755553e+01 3.417756423542488164e+01 4.426564744597483525e+01 4.797955344847699877e+01 4.938442320238717542e+01 5.766869871005531678e+01 6.644285340525439665e+01 7.474620220021145656e+01 6.542737026813219359e+01 4.580253384946674089e+01 5.301553390989219139e+01 4.111819583192701089e+01 3.183874191018398392e+01 4.330471222466864845e+01 6.294286038932285265e+01 7.051059066838831768e+01 7.861883941700773448e+01 8.838965990434736852e+01 8.840397858409821197e+01 6.868824567554814564e+01 5.451353501536410562e+01 6.505865280800178141e+01 5.945695918440657834e+01 4.209656026134184970e+01 5.611516197957138274e+01 3.999782510733063390e+01 4.727818938941459948e+01 6.742806411803958611e+01 7.638738707428028363e+01 8.232573372895160446e+01 8.925410281025561687e+01 9.741993792196386437e+01 1.087731444505996308e+02 1.107290014148938013e+02 1.019807571585422892e+02 8.530329274393029948e+01
3.411803931810562102e-02 1.417625366304918089e+01 3.417625366304988432e+01 4.691871030303982337e+01 5.518142911949425411e+01 6.470869661394712580e+01 5.639935127034773643e+01 4.635584913544109043e+01 6.315588909585350308e+01 6.688762884196570724e+01 4.726952405048579919e+01 3.326870036565653521e+01 2.706441684488631694e+01 4.687978574473331150e+01 5.972433119077216901e+01 7.105219263157401599e+01 7.602760063949672542e+01 6.983346710484127584e+01 6.983346710484127584e+01 7.853247169762721569e+01 7.910989296029922002e+01 5.923843856875878799e+01 4.486145921868954645e+01 3.917458298437399122e+01 3.681454731551335868e+01 3.579376478853492216e+01 5.611516197957138274e+01 6.742806411803958611e+01 6.014001689514091709e+01 7.420672161081917295e+01 9.388050233394942268e+01 1.068986726052851566e+02 1.126893021569635351e+02 1.080117170990148594e+02 9.982688150036027253e+01 1.080100257172414047e+02 1.052089348650370511e+02
3.327314952832965272e-02 2.003327314952797522e+01 3.280790280411321902e+01 2.696301498515551387e+01 4.691871031689345983e+01 5.313914123338480522e+01 3.636918938069779728e+01 3.482424774002861767e+01 5.419663744231075242e+01 6.838922118071913303e+01 4.874889640745196573e+01 4.370678730577994031e+01 2.386329518722208221e+01 3.536978348835632602e+01 4.935239909316695872e+01 6.895969738710523700e+01 5.488458755096170449e+01 4.869255889746289512e+01 4.869255889746289512e+01 6.983346710484127584e+01 6.869617552697675933e+01 6.045968049532639554e+01 5.736450171591291536e+01 4.907449672276875674e+01 3.175463724419670086e+01 3.786942350454418715e+01 5.817248630553868338e+01 7.642010178843757728e+01 7.996903857304680230e+01 8.813335388238311907e+01 1.010841286004620514e+02 8.707852523803830991e+01 9.288365245337865872e+01 9.615071123872550629e+01 7.998545432893978102e+01 9.692332281701720831e+01 1.051007364036398855e+02
6.779948344387334846e-02 6.146572656032296855e+00 1.262028982747205674e+01 2.696301513804040084e+01 4.691879030164666631e+01 4.422237031582049838e+01 2.494183577193234669e+01 2.598514976310029567e+01 4.589178795943586664e+01 5.361212773076862703e+01 4.548167663388669979e+01 2.895987402761747731e+01 2.111644120233279764e+01 3.109656894591043397e+01 4.511334622992588095e+01 6.475324497298890947e+01 5.488458755096170449e+01 3.407087754756113185e+01 4.830271453406402316e+01 6.934159284364453413e+01 6.045849951079301121e+01 4.026478368189422241e+01 4.617957691304778223e+01 2.881005805472175041e+01 4.907449672276875674e+01 5.817248630553868338e+01 4.811525988074183857e+01 5.829375433284998564e+01 7.239703740883651051e+01 9.209238488855692140e+01 9.288371199778819687e+01 7.301759403238446566e+01 8.226483691693798050e+01 7.629776661262269499e+01 7.003413272099753328e+01 7.707179356929320591e+01 8.855524814105362452e+01
9.516927588586144779e-03 2.000951692749222488e+01 3.280787727407350474e+01 3.982606721773613856e+01 3.275323377002214187e+01 2.903699253084067777e+01 1.614349702787455598e+01 3.593846882950579413e+01 5.266353047103715568e+01 3.386075107001829565e+01 3.386098100519363641e+01 1.743420342711748106e+01 3.732369900949301211e+01 4.912854337129918036e+01 5.899206306706720682e+01 6.551240905495514255e+01 4.830271453406401605e+01 2.766819130993600950e+01 4.215354420871865671e+01 6.314812493085502609e+01 6.042887895796044262e+01 4.026410925217506787e+01 2.594093996332508212e+01 4.617957691304778223e+01 5.736450171586301394e+01 7.312612122883324162e+01 6.822971273033562056e+01 7.642010178843759149e+01 8.633373039865844589e+01 9.511203187947728566e+01 8.689886421549124407e+01 8.226483691689948330e+01 6.238152699142628421e+01 6.222990700832444588e+01 8.211254053425003008e+01 9.692239815185116925e+01 1.049519521464820571e+02
1.945935296826603253e-02 2.001945935004485477e+01 2.140268387839208231e+01 2.199775173491586600e+01 1.501275143254151523e+01 9.117894493329190553e+00 2.855146117558367180e+01 4.133627464248966277e+01 3.866138037360472879e+01 2.471374964357340431e+01 1.395267071892240196e+01 3.386098100519363641e+01 4.540232363199558563e+01 4.074750032482100437e+01 4.889900273242312068e+01 5.074198060715891501e+01 3.597164720433006124e+01 2.263346834186140910e+01 4.314408372803197267e+01 5.966256687159499705e+01 5.848362223723226805e+01 3.830595820612975899e+01 2.398561987636244197e+01 3.302395336298874895e+01 4.476972765004130395e+01 6.491291435899731255e+01 6.879776339402269514e+01 7.711007290157172633e+01 9.372385629904674431e+01 8.364678288501050929e+01 6.702802201511565272e+01 7.115860959666015617e+01 5.610853178195674928e+01 7.597717625809518438e+01 7.629775244530732436e+01 9.614740946304655722e+01 9.750876024393649288e+01
5.600688922766024203e-02 6.935836022871761930e-01 1.331484534316342394e+00 1.970361098471936856e+00 2.610217780740767157e+00 2.263651763184378751e+01 1.278247294396442335e+01 2.904281348629095305e+01 2.992837511021310348e+01 1.059629765272718771e+01 2.775122215170339501e+01 2.817745789542967572e+01 2.882057954340893957e+01 2.098770802995758444e+01 3.101873220562636035e+01 3.222769970831122777e+01 2.159295874236282131e+01 1.790167872892125800e+01 3.802149215062708265e+01 4.076259652535323141e+01 4.792484366820064423e+01 3.969837225766535482e+01 2.208755666739118340e+01 4.233586116112012832e+01 6.154967202657006453e+01 5.443850966920619783e+01 4.849071203083076398e+01 6.879776339402269514e+01 7.367513626622557865e+01 7.476995381007670005e+01 5.557578463786654765e+01 5.133065257027566730e+01 7.115860959684393094e+01 8.419404922629904320e+01 9.614884140174574156e+01 1.043270010714260820e+02 8.915758670862592794e+01
8.215197286175310309e-02 1.412317456699346074e+01 2.117858200104495481e+01 2.198993499865131795e+01 1.892192667611844215e+01 3.526434944440267838e+00 4.176690495476480969e+00 2.108374564551143138e+01 2.275531198782224962e+01 2.635560789604155119e+01 7.352388241887666709e+00 8.048631194741046713e+00 8.746108477357605437e+00 9.444823149408541951e+00 1.014564464004065591e+01 1.085610836299146165e+01 1.156791609950840893e+01 3.173482869041401955e+01 2.342022727888555877e+01 3.593529679937447696e+01 3.722669706230125541e+01 1.946614559524741495e+01 3.938550148977793697e+01 5.012011425872516668e+01 4.575056568374439792e+01 3.406347497426968829e+01 4.318108121606177008e+01 5.341678493529440885e+01 7.367513626622557865e+01 6.654895047653113238e+01 4.677843061797673840e+01 6.242669249805556575e+01 7.064404857877704558e+01 6.994710739333062577e+01 7.816839303910063563e+01 8.962847179198148240e+01 8.208493984366963048e+01
2.613274238814250472e-02 1.863535870905550240e+01 3.370865923929317631e+01 3.649794495323711629e+01 1.651087274291903029e+01 2.355636324089965328e+01 2.404759379686834464e+01 5.099217322131913477e+00 5.754683838301655641e+00 6.411201389390103422e+00 2.358939119393304651e+01 2.781235124075479348e+01 2.877597362289850125e+01 2.880930085342538050e+01 1.461710817125639039e+01 2.821337425238276353e+01 3.096757978403836731e+01 1.259229649199006751e+01 1.335744024071231983e+01 3.282785455563765709e+01 1.899978601311271120e+01 3.631476629545839785e+01 1.704649122643247949e+01 3.788819270537775452e+01 2.545981860783341943e+01 4.569414004967048015e+01 5.726298204997210917e+01 6.581037354343602885e+01 6.893361531095841599e+01 7.476986862568084291e+01 6.242668926556370224e+01 4.269947990396860149e+01 5.852027810846205114e+01 5.015525850252232942e+01 6.155712643531233397e+01 8.140803451925141587e+01 7.603110526279520798e+01
7.532853315450405152e-02 2.007529119430570930e+01 3.744290478048728232e+01 4.484086398150846975e+01 3.151476078037467587e+01 3.739408441780301473e+01 1.596548241553216485e+01 2.594365102916504284e+01 2.611683113685933577e+01 1.162277343288721454e+01 1.509617360856025847e+01 3.261166993109912937e+01 4.041540025917866785e+01 2.126789935887510197e+01 3.405646894453755635e+01 3.519756562575221182e+01 1.581560205625598492e+01 3.271018135356215595e+01 3.334196380314541130e+01 1.444523719726607069e+01 1.521938296203739505e+01 1.600618639904119078e+01 1.916039876099232941e+01 1.809012799373876135e+01 3.807512588141932497e+01 3.894355715573086485e+01 3.669558027956460222e+01 5.236639268719505225e+01 4.864299437257487568e+01 6.893361531095841599e+01 7.064401689155631914e+01 5.852027810747415515e+01 3.880265323164582725e+01 5.272017394839308935e+01 7.252296823487716892e+01 7.176872861943107296e+01 6.344556976282783012e+01
6.101047412966256744e-02 1.011378216339448421e+01 2.461043617757652058e+01 4.566885236821820371e+01 5.276756063561956722e+01 4.613568016082850676e+01 2.821596225855783047e+01 4.613568138026386833e+01 3.888887723285111520e+01 1.768083734807019169e+01 3.264666613835745324e+01 3.264466714493092070e+01 4.517385672469885094e+01 2.623044249130775896e+01 4.517456528678775385e+01 3.797728095212338673e+01 1.812526487376263873e+01 3.797565337177922373e+01 4.352622832692353683e+01 2.871790905206345812e+01 2.951927527041493349e+01 3.037527237052670870e+01 3.728087186076477622e+01 3.789305588943663139e+01 1.917579121540582321e+01 1.999899855992188691e+01 4.021829252582849534e+01 3.202330347567255586e+01 4.641737335703821543e+01 6.672859584606089811e+01 6.078424817741876751e+01 5.258041788995436860e+01 3.628204676562874909e+01 5.022051940327330755e+01 7.000828008082562803e+01 6.344556867584331883e+01 4.304130691456679614e+01
6.842009524227352091e-02 2.006842009524191894e+01 3.001934550753288633e+01 5.001934550753217223e+01 5.972453016669371095e+01 5.849822278200103653e+01 4.993298431180757291e+01 5.506810726076079021e+01 3.525268319420156615e+01 2.481062753815357880e+01 4.496590594114768180e+01 5.183965686390740046e+01 5.036035946978346090e+01 3.166325322588845026e+01 5.036033634616283905e+01 4.031433626130633030e+01 2.048266334977074266e+01 4.031448311048455224e+01 5.191765058557754031e+01 4.953965746303389750e+01 4.983034697730198559e+01 5.067895194030393213e+01 5.218576013079854903e+01 3.185594311716379323e+01 3.337289201879630696e+01 4.021829271589701449e+01 2.124423161376300229e+01 4.149255412736086868e+01 5.117294943350687220e+01 5.714869272459549876e+01 4.923859799711814134e+01 3.281278547198311202e+01 5.258041789550989620e+01 6.395118476933839702e+01 7.622052880121137264e+01 6.320417992282536090e+01 5.472815454035874438e+01
1.934550753332892059e-02 1.001934550753324160e+01 3.001934550753288633e+01 3.971919017313157951e+01 3.971919017313157951e+01 5.693202420812504272e+01 6.519662848478321848e+01 6.329126085850158034e+01 5.314322949006402297e+01 3.669742023792061048e+01 3.777191247266744512e+01 5.734505856557965586e+01 5.621493131590995063e+01 3.770120330337118730e+01 5.621491451997059841e+01 4.847661683341775785e+01 3.454692206148543221e+01 2.396509191610310197e+01 4.376040484758203775e+01 5.119322789021168063e+01 4.599970405533938589e+01 6.081558573765841658e+01 6.063868346025978440e+01 4.624432973000749314e+01 5.369368485086274490e+01 4.149255403350187521e+01 4.149255374550078557e+01 2.252603426858969726e+01 4.278276566637908473e+01 4.557350454836053899e+01 2.943329852732896867e+01 4.804300127125285513e+01 4.914310680705538914e+01 4.894002258202464617e+01 6.152383799761591376e+01 5.340183254277670954e+01 3.484264514898320186e+01
4.364784840791047227e-02 2.004364784840755576e+01 2.706927708276220557e+01 1.971839000919543139e+01 3.971888552908340131e+01 3.693562253258034644e+01 5.693202420812504272e+01 6.221621355257111219e+01 6.448916619914638204e+01 5.626088667598948234e+01 5.156716389041445581e+01 6.557888893331109159e+01 6.412799959302141417e+01 4.594288313333932905e+01 6.412799959302141417e+01 6.240732664112046990e+01 4.866938843371398349e+01 2.930694828191935386e+01 2.800722713672675468e+01 3.134147850242212741e+01 3.484153257794724823e+01 5.469618072978900614e+01 6.820005183597317000e+01 6.662547725496767725e+01 7.013844279507695489e+01 5.237807534476669247e+01 3.202336255463533377e+01 4.277681493367102661e+01 2.382371645937159599e+01 2.612126433614098886e+01 4.583349241421286990e+01 2.779135998308151656e+01 2.887322207446906219e+01 4.901528509943938872e+01 5.179984045489894129e+01 3.308114904400739675e+01 5.340183224407650897e+01
5.219006137575642884e-02 3.533743180489706148e+00 7.069277086422428802e+00 1.462856654649020882e+01 2.279353234790613314e+01 4.279243298401732432e+01 5.066991058523910851e+01 4.221743008290927435e+01 5.376440621060498160e+01 7.376159722721162382e+01 7.129413031513919918e+01 7.578607953047759338e+01 7.253766448531268907e+01 5.893342207005861866e+01 7.253766448531268907e+01 7.033041397367036041e+01 5.375412332371045920e+01 3.503327214966853376e+01 3.376857746708731156e+01 5.119322789021168063e+01 5.469618072978900614e+01 4.020692392226055034e+01 5.998103392750294915e+01 7.705166985119231526e+01 6.523924470304245915e+01 4.490395043038371625e+01 4.642650969271811334e+01 5.247071403530179623e+01 4.101203401942451165e+01 2.523904262879575455e+01 2.626582933543417298e+01 4.606500380452952470e+01 4.908206634905589283e+01 3.041716116549465454e+01 3.151243045706145196e+01 5.180999643868599236e+01 3.665902613307423508e+01
