MOVIE_S9_data/elevation_000619.asc
nrows	100
cellsize	150.0
xllcorner	0
ncols	100
yllcorner	0
NODATA_value	-9999
[rows 51 to 67 of 100, columns 37 to 73 of 100]
8.042987848144376528e+01 7.258233885287907583e+01 5.254484065189156894e+01 7.279021636830628950e+01 9.030624097421127772e+01 9.960184053745938115e+01 8.039491669965380538e+01 9.248701168863398436e+01 9.248701168704108966e+01 1.070111351775896651e+02 1.151914800938532011e+02 1.088770648227135354e+02 1.004632338843639445e+02 9.783643444903938757e+01 8.189091275439281503e+01 6.157693889967195133e+01 7.651535049079141970e+01 6.207507189351905907e+01 6.719877838939309811e+01 7.288567622324578110e+01 8.013158094655111086e+01 9.037584144786622176e+01 1.107772738683558771e+02 1.238505298964856109e+02 1.155604513847361119e+02 1.197626321163678682e+02 1.114673063021698880e+02 1.071558898375414799e+02 9.597539186361086649e+01 7.917372095248377661e+01 7.704943912022808661e+01 8.863422075991286420e+01 1.087571210002453057e+02 1.061473767941225219e+02 8.623138851388503667e+01 9.206464642713471846e+01 8.307352922650454730e+01
8.776395917343796782e+01 7.844530999744240773e+01 5.805557995523751202e+01 7.254242241144071102e+01 9.269614126299607904e+01 1.084845693465106962e+02 9.450800946356737597e+01 1.084845695701538517e+02 1.123069131690920983e+02 1.063786612694380551e+02 1.079685974317389991e+02 9.715996079063106095e+01 8.017613988569017636e+01 8.943865945883406710e+01 6.918406402673254263e+01 5.740692210635065607e+01 5.604861871850167176e+01 7.651535049079141970e+01 8.767289304498962110e+01 9.334816681977224562e+01 1.005765576566898858e+02 1.089834138438476003e+02 1.191602341058577110e+02 1.196155193453029710e+02 1.115138592126872084e+02 1.082310770249792995e+02 9.151621263256950556e+01 1.082310770249792995e+02 1.075668301575213093e+02 9.922774404318778352e+01 8.708560502494503908e+01 1.055167478908814473e+02 1.171639687249884503e+02 1.144874585490006353e+02 1.061473767941225219e+02 9.949919107195813694e+01 7.959723282412581113e+01
9.601144666260231020e+01 8.673932792032512396e+01 6.990681475994303185e+01 7.102814083256639321e+01 8.537162182181634762e+01 1.052998756301178389e+02 1.142804771651636599e+02 1.105827478475713690e+02 1.004369067787823298e+02 8.608166668719799475e+01 8.766234286530311692e+01 8.808182138445735632e+01 6.845236386880641533e+01 8.808182138445735632e+01 8.613915331304907852e+01 7.250149415662905028e+01 5.206817474786339517e+01 6.870712500510995824e+01 7.310315305442141209e+01 7.901032146638664244e+01 8.624780412779062999e+01 9.468054293941612798e+01 1.048847398292004982e+02 1.082318639897184056e+02 9.173137231641956646e+01 9.994853699122992907e+01 7.996863924428025427e+01 9.994853699122992907e+01 1.105330441590130732e+02 1.156252482957149255e+02 1.072970292065667337e+02 1.158160055764228673e+02 1.244554925083046868e+02 1.184884061822001513e+02 1.158978334359886162e+02 9.581355015611669046e+01 8.176980692353765789e+01
1.075476520918528394e+02 9.835204421688526111e+01 9.010911140195847224e+01 9.120847222482021266e+01 9.944994542557078887e+01 1.017374765314749823e+02 1.100469138823678179e+02 1.021670610087862343e+02 8.188597651704685632e+01 7.174436203022250425e+01 7.330708698933440814e+01 7.703272390146271675e+01 5.933892293365436643e+01 7.887892415465773865e+01 8.728973821038464109e+01 8.095524867893658438e+01 6.870712500510995824e+01 4.832289075366738729e+01 5.267725818541245530e+01 5.854728281948554525e+01 6.577713802543854626e+01 7.602291255988377827e+01 9.647270229205022929e+01 9.936167382368476808e+01 8.018185978622494758e+01 9.287888643050457915e+01 7.282194707698013758e+01 8.280136450546774540e+01 1.020286954229296299e+02 1.128929282704216348e+02 1.146293740182639738e+02 1.062337812706428224e+02 1.042639116365863288e+02 9.837193730995009844e+01 1.126509231884680418e+02 1.016408576339277232e+02 8.177908447853916130e+01
1.049774702807973341e+02 9.670134750583792993e+01 9.880791720294550373e+01 1.046572306836978470e+02 9.844778105391608847e+01 8.163495707784660738e+01 9.844778105593120188e+01 1.105827478394811578e+02 1.004369055567871527e+02 8.246541838743851827e+01 6.213813693396399174e+01 5.668906216378791640e+01 5.215195823912237216e+01 5.855405352404477526e+01 7.555844408493055653e+01 7.135085526299799596e+01 6.289999363006033661e+01 4.575280769840897932e+01 6.609719323208339858e+01 6.935058331526857955e+01 7.901032659854948292e+01 9.468054293941612798e+01 1.048847398292004982e+02 9.118815511322789291e+01 7.114270040918543714e+01 8.111258534900431982e+01 6.638060015207551601e+01 8.653050002841564492e+01 8.644993456790788855e+01 1.053990256511664825e+02 1.030583642667682653e+02 8.628630431833121861e+01 9.430271595457170974e+01 8.434152093447164589e+01 1.042639125375943934e+02 1.100203610949777584e+02 9.163724733585436866e+01
9.343085004542912486e+01 7.669414245045024359e+01 7.880791473587399310e+01 8.466577983473145252e+01 9.013128151351354234e+01 6.992574762186175974e+01 9.013128151351354234e+01 1.013908314092885945e+02 1.027613987943951201e+02 8.246541838743851827e+01 8.246541838743851827e+01 7.703272390146271675e+01 6.714435462502019902e+01 4.685134391712919211e+01 6.229339727214965450e+01 5.982238347800259959e+01 4.260174964101072703e+01 5.687856207254990437e+01 7.429716935018869606e+01 8.980017361785994012e+01 9.822393004617987344e+01 1.078408860541126160e+02 1.039186483174122202e+02 9.237591089603647276e+01 8.116542775755291927e+01 6.096585129490716071e+01 6.111063353397491937e+01 7.021788739759493581e+01 9.011793866307201029e+01 9.933736106033101976e+01 9.100433485699403491e+01 7.476671604624694112e+01 7.435039338561782074e+01 9.430271600237155383e+01 1.126508319348200899e+02 1.200744197963460209e+02 1.116444679318256448e+02
7.669414245045024359e+01 6.497870273175915656e+01 6.448633024979882578e+01 8.366003093699713133e+01 7.530707459636988688e+01 6.266693106890806320e+01 7.289894257472342076e+01 9.307615720313076224e+01 1.045236231844699262e+02 9.274350051152860885e+01 8.360871242891485622e+01 7.516119601284549390e+01 6.870462353648527198e+01 6.229339727214965450e+01 4.204615227479022366e+01 3.955508721257043447e+01 5.982238347800259959e+01 7.125480832429528277e+01 8.500245051907218397e+01 9.354282532246229209e+01 1.017167230358506487e+02 1.013725195135537973e+02 9.567844804015535942e+01 7.564483383344699519e+01 6.393389329224308426e+01 5.483626781278324103e+01 7.494493865972808067e+01 8.377588309584386650e+01 9.204283098027296717e+01 8.775967860163910927e+01 7.097763640629678150e+01 6.570475177663902855e+01 7.994798837515486412e+01 9.991099131572457281e+01 1.077490098750079568e+02 1.161250959165824526e+02 1.195348801127362037e+02
9.343085004542912486e+01 7.564125563064365565e+01 5.523383965339601076e+01 6.845228160064506540e+01 5.481448079414280272e+01 7.530707459636988688e+01 9.131697628740532480e+01 1.013904246970840006e+02 9.610723869189789070e+01 7.566833352837267057e+01 6.385656464031758617e+01 5.474372140587711044e+01 4.834032187999379460e+01 6.039093203340398475e+01 5.768602398839904311e+01 3.742354964392145433e+01 5.768602398839370693e+01 7.208958168330174487e+01 7.927509643391661598e+01 7.336520962401864665e+01 9.354282532246229209e+01 8.069101708970593734e+01 8.674848890452494743e+01 9.122845191829563305e+01 7.186339637124862634e+01 5.160693833312494405e+01 6.726833431233566785e+01 6.367821079570772724e+01 8.217726844131929909e+01 7.394776901950216086e+01 5.925512766942605936e+01 7.944191733806052014e+01 9.411174415824044104e+01 1.045136390310410235e+02 8.768299978562177444e+01 1.045136586907061940e+02 1.071268016966421470e+02
8.351844852249551820e+01 7.517352259197522812e+01 6.845228160064506540e+01 4.781205162288352284e+01 6.845227732694861800e+01 7.426707913456340293e+01 9.443416848577774658e+01 8.720860706154978459e+01 7.893107306725588046e+01 8.111582950297743366e+01 8.360871242891477095e+01 7.516119601284549390e+01 6.039093203342974192e+01 4.009628669631769782e+01 5.342992320709854681e+01 3.564489457314407161e+01 5.591568402811289928e+01 5.177073946274781946e+01 5.895139160801359424e+01 7.927509643391661598e+01 8.674848890452494743e+01 6.593615326798217779e+01 6.593615326798217779e+01 8.028446046720591767e+01 6.318052398218045340e+01 6.320777534285701904e+01 4.716918886598902816e+01 6.737404714981467180e+01 6.889345785499715191e+01 5.373366619799387678e+01 7.394776901950216086e+01 8.775975577837931496e+01 9.102336034262074804e+01 9.616389354827271063e+01 7.606399965668944674e+01 9.616389354814778301e+01 8.706990084695500798e+01
7.517352300231026163e+01 5.470514798139613788e+01 6.070019458521832689e+01 4.444834289594282950e+01 5.377776986975674589e+01 6.834704370741579282e+01 8.855936002568185472e+01 7.588707176206051486e+01 5.947658790541050422e+01 6.153004371307694953e+01 7.547711557161717622e+01 8.078943441373658629e+01 6.039093190131110589e+01 5.342992578548662408e+01 3.313160447019512134e+01 5.342062390509189385e+01 4.272019088029804124e+01 6.300271919747704885e+01 7.927509643391661598e+01 7.431391458166791608e+01 8.026384188972460265e+01 7.203194524359516038e+01 5.177180184089739612e+01 6.239929753450973493e+01 5.836587433830234062e+01 4.303578873550085859e+01 6.245245488650224530e+01 6.410645370967682766e+01 4.870105941810072636e+01 6.889345785499715191e+01 8.227403171603792487e+01 8.510056205182752365e+01 7.082620796003696739e+01 7.953464164499439448e+01 6.885645813382311076e+01 8.583144659798105636e+01 7.282587279615485443e+01
7.757101195376083069e+01 6.070019562131523827e+01 4.016001631720946108e+01 5.667033882199341832e+01 6.509246972773870255e+01 7.688700102194647457e+01 7.843985873665062059e+01 6.729545884842720227e+01 4.871826575548225691e+01 4.837777706729492166e+01 6.589605130964315549e+01 8.146344837134705585e+01 6.626691035008373376e+01 4.583966512789601211e+01 3.146564856672103616e+01 4.942806085804080141e+01 3.686711963565505812e+01 5.720525421571246483e+01 6.842400176619798913e+01 5.398844202430870354e+01 5.993352809385132218e+01 6.822950917270152615e+01 6.239897778152777619e+01 4.279226661068096149e+01 3.906067884473841190e+01 4.066753762387765647e+01 4.228361098382989525e+01 4.391240243495109041e+01 4.581969558285477717e+01 6.603692478917359665e+01 7.082787648234128142e+01 7.293340990951509184e+01 5.641063104416159035e+01 5.920243015387691088e+01 6.236155373544761460e+01 6.557545984849986098e+01 6.996553911927067304e+01
5.739462024485793279e+01 6.852756056630323656e+01 5.659419036832796479e+01 3.638228467973124935e+01 4.799734705895822628e+01 6.851793262492228109e+01 7.023077465210160142e+01 5.114322740308507775e+01 4.043823059441250933e+01 3.946296342275847735e+01 5.027244891351932665e+01 6.983073799488410316e+01 7.046579604968442823e+01 5.575491381156193427e+01 4.732095385852890246e+01 2.916787032384213774e+01 4.950037736650363485e+01 5.653647101476215653e+01 5.051167523143121230e+01 3.969584402298995229e+01 5.283170593641262514e+01 4.810114744984606006e+01 5.535621862372562418e+01 3.708500830635399126e+01 5.725836996554936320e+01 5.465245682918140346e+01 6.246009172062006343e+01 5.379615018803116300e+01 6.392333581805819165e+01 4.855574477101550457e+01 5.054845784488038163e+01 5.262826756533606698e+01 5.726937358922962318e+01 6.208382005190184572e+01 8.238094121428078154e+01 8.583144659798105636e+01 9.013066559044757753e+01
5.249077639896406566e+01 5.844238870870475466e+01 5.000849719171193186e+01 3.390332325728648044e+01 5.422460662521410057e+01 6.841783080615591928e+01 5.964173080812924610e+01 5.809872966973738784e+01 5.081530810441076795e+01 3.182986372179626855e+01 5.081120788175704206e+01 5.868895289698084383e+01 5.670224111758386698e+01 4.137431209678706523e+01 2.719189771428874280e+01 4.667771204387051398e+01 5.540352402067654936e+01 3.717486435383271726e+01 3.023656494393011940e+01 3.140692647181140629e+01 3.260311415306061633e+01 3.380652234988400551e+01 3.516293371667384804e+01 5.535654550790223283e+01 6.561225118739467632e+01 7.376600548221503573e+01 7.268046349239749304e+01 7.372769893572061051e+01 6.277615893112359657e+01 6.880999890737604119e+01 5.881867718286992641e+01 7.293342301940454320e+01 6.030742143880379302e+01 8.060529839482002501e+01 6.933279393187974904e+01 8.363605459160044120e+01 1.037154469040075497e+02
3.224207353863367587e+01 4.790534815496993559e+01 3.041078275468504799e+01 5.041595979793965654e+01 6.282111864885192887e+01 5.852509051914020688e+01 3.709645072937815513e+01 3.683774814440811696e+01 4.197123515746437761e+01 2.753130288664240766e+01 4.642664970716490558e+01 5.592300781520691544e+01 3.812771198530801797e+01 4.409402689446412182e+01 2.602851376284234064e+01 4.588666523731588143e+01 4.677917253229190919e+01 2.859088993206466611e+01 4.882799423652729587e+01 4.048240820968520381e+01 5.282205747321880551e+01 5.396796911464773672e+01 3.755579079378178875e+01 5.739858298134049619e+01 6.123179373338238207e+01 8.154187050329393571e+01 9.171441543363417281e+01 9.116019124598199141e+01 7.692834221818503693e+01 8.746846720829243793e+01 6.901357037999163424e+01 8.644620291370425491e+01 6.621272407538801019e+01 8.644620291376114096e+01 8.363605472858947110e+01 7.800257785520304310e+01 9.807700781704805593e+01
4.790534815497007060e+01 2.761063517913671106e+01 2.793889266460007903e+01 4.795315187137163093e+01 5.930339672940075246e+01 5.170033837826869672e+01 4.192679754862297159e+01 2.299154900607742391e+01 2.165707821853311543e+01 3.779719354543441057e+01 4.761659669237464954e+01 4.971161895716313950e+01 2.913741017954403389e+01 2.436296553830556988e+01 2.476570547641104980e+01 4.142641193766463914e+01 2.696742178485425612e+01 4.133987699350070955e+01 5.712190698115296783e+01 5.213701974128895955e+01 6.862590754841816931e+01 6.570369595571483501e+01 5.739858298516472956e+01 4.131384602170550835e+01 6.123179376581404654e+01 7.383970520458728970e+01 8.822175944751515431e+01 9.865184196461457589e+01 9.698836665001041979e+01 9.756178543712937312e+01 8.332168947642652768e+01 9.315738811032287003e+01 7.302383252106105260e+01 9.315738811032287003e+01 1.037154520996331968e+02 8.561001724311503835e+01 9.807694440882620768e+01
3.621691474118785692e+01 2.446420154645277378e+01 4.209525300709043449e+01 4.650072650785642026e+01 3.956624131783254228e+01 3.200274480877251904e+01 4.079015238729434145e+01 2.107693763959601085e+01 4.140979115435052904e+01 2.223673342125646002e+01 3.797593163792345905e+01 4.336962588320649559e+01 2.379273446406245540e+01 4.378189046759724334e+01 4.504847219350351395e+01 2.535816529412869258e+01 3.201013809269316823e+01 5.301505027815034055e+01 7.026326847358807015e+01 7.203208691880455206e+01 7.987088078198576113e+01 7.783328122382056335e+01 5.750069054340197283e+01 6.123179376581404654e+01 4.526687813782818637e+01 5.945756070937382276e+01 7.001434990087744836e+01 8.498132573834419645e+01 9.329286288176275832e+01 1.033335298085418117e+02 1.034339237324353746e+02 1.015035811643904395e+02 8.312649493173255166e+01 1.015035811643904395e+02 1.140228169184197640e+02 9.560184353903406418e+01 1.140228169184197640e+02
5.308811705745281984e+01 4.206057072854284229e+01 2.178310141825226509e+01 3.220078512616873923e+01 1.968091353518145681e+01 2.008802230941069666e+01 2.049640538765754272e+01 4.071237401398013844e+01 4.877225983439667800e+01 2.530893599373858649e+01 2.281313375368271323e+01 2.322004970233551902e+01 4.324088735092212943e+01 5.186645770139318756e+01 4.964822712349882039e+01 4.209067729877406094e+01 2.599619630281697624e+01 4.358990466837153832e+01 6.869429950004214902e+01 6.427702074984139813e+01 7.050569227607921619e+01 7.857186666449041468e+01 7.783327240325462526e+01 7.383970520458514386e+01 6.543770109598261797e+01 4.954695352259912511e+01 5.672163948998865379e+01 6.461710830039780262e+01 7.493423512229820460e+01 8.916977315420020034e+01 1.091724327643804315e+02 1.115543433653772070e+02 1.031882812889374748e+02 1.115543433653772070e+02 1.240975817969724204e+02 1.157024602106563975e+02 1.240975817969724204e+02
