MOVIE_S9_data/elevation_000993.asc
nrows	100
cellsize	150.0
xllcorner	0
ncols	100
yllcorner	0
NODATA_value	-9999
[rows 0 to 16 of 100, columns 37 to 73 of 100]
8.420219033207091286e+01 9.252023285510873052e+01 1.040526833817073111e+02 1.158718099858591586e+02 1.042958563866025656e+02 9.599793470359774972e+01 9.599793470359774972e+01 1.042958563866025656e+02 1.025846278782715899e+02 1.108764347540691233e+02 1.096284761301058808e+02 1.013324155126718580e+02 9.873108675873156415e+01 1.070283874318565438e+02 1.053666816477997230e+02 1.136605016079631980e+02 1.125382121294984046e+02 1.101428341005182148e+02 1.075412959664193266e+02 1.158377105010675621e+02 1.182754528677473331e+02 1.099923091936408355e+02 1.182754528677473331e+02 1.200834910712263621e+02 1.283660029015856026e+02 1.276975721521394860e+02 1.218282769920986084e+02 1.276975721521394860e+02 1.200878338881704508e+02 1.117669222500428532e+02 1.117669222500428532e+02 1.162891768902563854e+02 1.221758154978653437e+02 1.205142186535159539e+02 1.288170978011992531e+02 1.139441787165555127e+02 1.058558666124657748e+02
6.467606386236505500e+01 7.580406410764986447e+01 9.567424409881829206e+01 1.075836118647472972e+02 8.751663038154597984e+01 7.599879966015949151e+01 7.599879966015949151e+01 8.841901552230808647e+01 8.255142676514817879e+01 1.025846278782715899e+02 1.013324155126718580e+02 8.115890516999174054e+01 7.852931699757610318e+01 9.113416728166006919e+01 8.523886680453506415e+01 1.053666816477997230e+02 9.240796307574254342e+01 8.998792073782431089e+01 8.736266541820533860e+01 1.042128220251075845e+02 1.082291178541971135e+02 8.986012641113447330e+01 1.082291178541971135e+02 1.000507418854983257e+02 1.168063459977300482e+02 1.076138734827462002e+02 1.017260747681287398e+02 1.076138734827462002e+02 1.117669222500428532e+02 9.152556478356534342e+01 9.152556478356534342e+01 9.606115271510633136e+01 1.019858038260023108e+02 1.002874128333494923e+02 1.171699026856019259e+02 1.058558666124657748e+02 8.590567025377160348e+01
6.467606386236505500e+01 7.836861577799470524e+01 9.828568513763627834e+01 1.082343530386397958e+02 8.821355019541569220e+01 8.445142870270896651e+01 6.457317186390683617e+01 6.849680198845113921e+01 8.255142676514817879e+01 1.025846278782715899e+02 1.024175927063092928e+02 8.706758954902578296e+01 6.674595414722931253e+01 7.085353077277028433e+01 9.113416728166006919e+01 9.494345074342001567e+01 7.801903167270144479e+01 7.557840679170173814e+01 7.557840679170173814e+01 9.589115818752999587e+01 9.992621780238771123e+01 7.961844828439329547e+01 9.992621780238771123e+01 8.835129484099400088e+01 1.078080687385405696e+02 1.076138734827461860e+02 8.745117951695456782e+01 1.076138734827461860e+02 1.103260356158162949e+02 9.745412112507574420e+01 7.728496432716606535e+01 8.178566346995003755e+01 1.019858038260023108e+02 8.859657616719712792e+01 1.081342234730168599e+02 1.058558666124657748e+02 8.590567025377160348e+01
7.634925059420929472e+01 8.609164299786611707e+01 1.056714644308765116e+02 9.741792015110955560e+01 8.821355019541567799e+01 6.830738026796414886e+01 5.866051130806428660e+01 7.845790875537950626e+01 8.279577696703894674e+01 9.107687894044244103e+01 8.814682228545828480e+01 7.387605086202155746e+01 6.000485793312129346e+01 7.436457489992174885e+01 9.460791206210923576e+01 8.586605550075071847e+01 6.623820655500810517e+01 6.380557350349405965e+01 7.772581698335312694e+01 9.799680164564551887e+01 9.315696129638955370e+01 7.275093729114418295e+01 8.934540874906188890e+01 7.919187553277986069e+01 9.949894196534386026e+01 1.008929754941489421e+02 8.067844255294421885e+01 1.008929754941489421e+02 1.019852918571574776e+02 8.178566248995304022e+01 7.024729530529742760e+01 9.032324735376731439e+01 8.969536079595899025e+01 7.960591957381190298e+01 9.978480201810603489e+01 1.045823096380449329e+02 9.992492448516347281e+01
5.853599606344157280e+01 7.782399624157427809e+01 9.741792015110955560e+01 7.745423321798335792e+01 8.330146174321075137e+01 7.413776245226307537e+01 5.439072429737294101e+01 6.876329940662395757e+01 6.295085688740403640e+01 8.279577696703894674e+01 7.803844084841547613e+01 5.955600080673227836e+01 5.542506928168642588e+01 6.970566751314201781e+01 8.996377201276629876e+01 7.748976011076059933e+01 5.721278269554217388e+01 5.744624965334600830e+01 7.177511077667604411e+01 9.209209261321043982e+01 8.700431356108188652e+01 6.657407814134781177e+01 6.893040571918632509e+01 8.341418603476597582e+01 1.036646470673703533e+02 9.505754247657542066e+01 7.478357282423999663e+01 9.505754247657542066e+01 9.997416998135277311e+01 7.981179965934964571e+01 6.571266984001363198e+01 8.114103292118061006e+01 6.963368365668024751e+01 8.969536079595899025e+01 9.867616430849854225e+01 8.450152983246044869e+01 9.188210936245283733e+01
7.634925059420929472e+01 8.609164299786611707e+01 9.741792015110955560e+01 7.745423321798335792e+01 6.339020821332535149e+01 5.640067884114789365e+01 6.689916212888789460e+01 4.905648537620870542e+01 6.876329940662390072e+01 8.507750495172361127e+01 6.967832700408102653e+01 4.957949361439696645e+01 6.967831104508920248e+01 8.399414513199548082e+01 7.331282469518730238e+01 6.493845455063235761e+01 5.018200062228721947e+01 6.174060642498843521e+01 8.204148193526683031e+01 9.285563800458785977e+01 8.133798576295491500e+01 6.095860251005724706e+01 8.133798576295491500e+01 9.769071660477163732e+01 1.011583342709744215e+02 8.982282602157475537e+01 6.950115333520349736e+01 8.285254979469110026e+01 9.121436476651375358e+01 8.145226081930560724e+01 6.152133573284472590e+01 6.121463299754356768e+01 8.114103292118058164e+01 9.571781372859196324e+01 9.038305406600223080e+01 7.037625255047819905e+01 7.186749775104215132e+01
8.501576499233584627e+01 8.825157020030624722e+01 7.996450926838519990e+01 8.356431112046261944e+01 8.081646639761943618e+01 6.093276496509668050e+01 4.710068808213853941e+01 4.567783321519789297e+01 5.702112864873993914e+01 7.680696884782713596e+01 6.606850041174847377e+01 4.603366777411739008e+01 6.606839554856503582e+01 6.829002944574087053e+01 5.992947558770362804e+01 4.490253869891758853e+01 6.493845455063235761e+01 7.870273729212841829e+01 9.040487656365809244e+01 7.255474329352470875e+01 7.255474329352730933e+01 5.724805932941596609e+01 7.159277778465025222e+01 9.194439786471275511e+01 8.092764493575607787e+01 8.494961607811831072e+01 7.657336935844966774e+01 6.250567969179285654e+01 8.285254979469110026e+01 8.978837003327637944e+01 7.581547853074575016e+01 5.598717011522627729e+01 6.735546640840938437e+01 8.737207000618131758e+01 9.188210936245283733e+01 7.186749775104215132e+01 5.788533125986715078e+01
8.825157020030624722e+01 7.673935689073005051e+01 6.005252178176741751e+01 6.364088285932609779e+01 6.364088285932609779e+01 5.726037557984614068e+01 4.113555710696317647e+01 4.895048822729484783e+01 5.968902886812671937e+01 7.919451730493588570e+01 6.263256279963427176e+01 4.264276150616434791e+01 5.798495437223023430e+01 5.992947522779221714e+01 3.995618308758891857e+01 5.992947558770362804e+01 6.995957438125016381e+01 7.833425619795956152e+01 7.630769606944799932e+01 6.792271839869682992e+01 5.236421439311742887e+01 7.255472099639685268e+01 8.593807684518911572e+01 8.350836596153044411e+01 6.655270547444220597e+01 7.104970748170440231e+01 5.627813969387430149e+01 6.798678093380377163e+01 8.830286727835554927e+01 8.435445347385936543e+01 6.438701685201864677e+01 5.304866874039618097e+01 6.878916698967701393e+01 7.708360807532359615e+01 8.663062169583653827e+01 7.823174018093487803e+01 6.884332164407624077e+01
7.996450926838519990e+01 6.005252178176741751e+01 4.862808835852184330e+01 5.911554401799879344e+01 4.381444416189962254e+01 3.743307826605774835e+01 5.144564742154766890e+01 6.837831613500199524e+01 7.765342298463718862e+01 8.749756344758729654e+01 7.098142837768006075e+01 5.798498809960301514e+01 3.803250422022168920e+01 5.363082827366942240e+01 3.668788787239326155e+01 5.584748428105158524e+01 4.983869121106662448e+01 6.096607920286987081e+01 6.368875317115559653e+01 4.783925685321450771e+01 5.934973841682521112e+01 7.963362684005093683e+01 8.602182898904170827e+01 7.440952458877343645e+01 5.488848401255931009e+01 5.085934884226909247e+01 6.246727452098070188e+01 8.277352893143446977e+01 9.665224124000816630e+01 9.269437734685746477e+01 8.027861737710797740e+01 6.037830543342747802e+01 4.906525327047796026e+01 6.502796422072421478e+01 7.329773470521682555e+01 5.827479903173085773e+01 6.167702241514557926e+01
7.522956644009164506e+01 7.673935689073005051e+01 5.911554401799879344e+01 3.928180051035140252e+01 3.386193718101420558e+01 5.372766351061283530e+01 6.550915952372473328e+01 7.957267162590174792e+01 8.327003865582175024e+01 8.890016072345358111e+01 7.807869903647977594e+01 5.797991871798331687e+01 5.362985478309136056e+01 3.368343712046064553e+01 3.344958933085376884e+01 3.589088000699123171e+01 3.838043403955311561e+01 4.098760452442400748e+01 4.368126641366049512e+01 6.368875242586907603e+01 7.630663196236284307e+01 8.800695623836692505e+01 7.773850192962582639e+01 5.751740934344562106e+01 4.599263606582177744e+01 6.607918478502897131e+01 7.943178771426254059e+01 9.113557046812148599e+01 9.821941813374611741e+01 8.987786723886988227e+01 8.860854826213102342e+01 7.708360218542468090e+01 6.502796422072421478e+01 4.532626343370211686e+01 6.143088635321425528e+01 6.027237183866483861e+01 4.219533959547678847e+01
7.705852150463850592e+01 6.877358905052631144e+01 6.736821886732394660e+01 5.133611126215478748e+01 3.143849141136007930e+01 4.552229160556905896e+01 6.537191352627537810e+01 7.746205494134387948e+01 6.368048600464160103e+01 6.941813313576130895e+01 6.943553977350488537e+01 6.101752840493867325e+01 5.060838602999793068e+01 3.069444164377162920e+01 5.066502527208019302e+01 5.584748428105158524e+01 5.244194390066055433e+01 5.505400978124070122e+01 5.776428867851300453e+01 5.776428868121427485e+01 7.799167996474396602e+01 8.926501178063719522e+01 7.756632457563868854e+01 6.305068301144922316e+01 4.300981005875996743e+01 5.450826321007350828e+01 6.878323837620038717e+01 8.905208282879267756e+01 8.987786723886988227e+01 6.984540033184802610e+01 7.571277404501961428e+01 6.944047378417070604e+01 7.330561386845174354e+01 6.143088635321183233e+01 4.171691606710479050e+01 4.069544663242702853e+01 5.205418790709580179e+01
6.877359154540239672e+01 4.870274194094084663e+01 5.458132596778033729e+01 4.919049043288450207e+01 2.926104764621010546e+01 4.337453221076090415e+01 6.323147355558791816e+01 6.654914064387733674e+01 4.950259996724857103e+01 6.941813313257478057e+01 6.103473356932398985e+01 4.096425585968461291e+01 4.683024375643017123e+01 2.907109008465420530e+01 4.318453274307622536e+01 6.323014010213707792e+01 7.258864852608131457e+01 7.523907737423338915e+01 7.799167392176777014e+01 7.799167955699934396e+01 8.636376154666108107e+01 8.089698028094684901e+01 6.063248441320257598e+01 4.905311968827398772e+01 4.017448226623363183e+01 6.018772454481451462e+01 6.650412913336057841e+01 8.673474444270321726e+01 8.987786723887232654e+01 6.984540033184802610e+01 5.587801908976475573e+01 4.968088354113706373e+01 6.137365483457259074e+01 5.759785717327979881e+01 3.920359555094075432e+01 5.894776118973116041e+01 6.867832169099926887e+01
7.221196808762967123e+01 5.053970702861442277e+01 3.434555891407048733e+01 4.416139052192757219e+01 2.712122248178093642e+01 4.708976417606039888e+01 6.063723096574194216e+01 4.665574032284070682e+01 4.193256691198999420e+01 6.189076912744335601e+01 5.298181544351286476e+01 4.466037851134557712e+01 2.682507438574877412e+01 4.117503687346989238e+01 4.171132866943055717e+01 5.580198122321513665e+01 7.592612462143662810e+01 7.733530560122919439e+01 8.542347056392522120e+01 8.314783414420875829e+01 7.710699695311947721e+01 8.314782039491477406e+01 7.413453336577593689e+01 5.751334241745401954e+01 3.749622621963391111e+01 4.640011886539026875e+01 6.057677179624420205e+01 8.081403560566008082e+01 8.606706624678076878e+01 8.403240923279706465e+01 7.571277400354166787e+01 6.137365483188790449e+01 4.163985910484228015e+01 3.783102514638965630e+01 4.149084808013520842e+01 6.120800319884929763e+01 7.376645240762209710e+01
6.335966155649390430e+01 5.562686629552445794e+01 4.416142097213973727e+01 2.410570166777394618e+01 4.416142042949039137e+01 5.533363501194350675e+01 5.248238210659204839e+01 3.252003765833511295e+01 4.493738851801226986e+01 4.891241330154965539e+01 4.251011085202350870e+01 2.460401670498480442e+01 4.466037851194803920e+01 5.431551470858909170e+01 6.153063547152417812e+01 7.004509542108952758e+01 7.420801981073469733e+01 5.795134076587796557e+01 7.420801887459501245e+01 6.276544382136773947e+01 5.682497806806543394e+01 6.276544305547800207e+01 5.989757096535600311e+01 4.566060856493746911e+01 3.493201738653397115e+01 4.649281981255575147e+01 6.660073029298096969e+01 8.024479362095873114e+01 6.609429527961989947e+01 7.598544793156582955e+01 6.322836065559802421e+01 5.498253967437497636e+01 3.649913917359305771e+01 5.627846005975929700e+01 6.120800319884765628e+01 4.737080700486777829e+01 5.328321177710898837e+01
5.520739978169816453e+01 3.408330818099877746e+01 3.945132144892183135e+01 2.205062240927597372e+01 4.220006045663674854e+01 5.699163587982039303e+01 4.759886521877993459e+01 4.138615965882029712e+01 2.490110017355906891e+01 2.001145594094220925e+01 2.220531474681822104e+01 4.250713042271608089e+01 4.761467351091946654e+01 5.574969143255633952e+01 6.233530163661210821e+01 6.830279835992969595e+01 6.614396777566395258e+01 4.664690221990152708e+01 6.614396777565387708e+01 6.276544386334248316e+01 4.277838720477469536e+01 5.277191567611365031e+01 4.825752645213788128e+01 3.151624802834842853e+01 5.155126293789109582e+01 6.334290333487935243e+01 7.496773976670145601e+01 7.194418445680724972e+01 5.212770942749214953e+01 5.941114519911321423e+01 4.790135586114584498e+01 3.519585428044577213e+01 4.269933802853440596e+01 6.245934298935877393e+01 7.623660875952936067e+01 6.190403629011566977e+01 6.412913466447392352e+01
5.170842747499409597e+01 3.941140190040803049e+01 1.929098710517121162e+01 3.945125406981987481e+01 5.023103659327121306e+01 4.499497497853964489e+01 3.218381010969368816e+01 1.921660746546850262e+01 1.966173550001793302e+01 2.012023583232788582e+01 4.035280187601701130e+01 3.716544116748837467e+01 3.026262310430213986e+01 4.739047215954742143e+01 4.412635484852848577e+01 4.946263428915620608e+01 5.925071203503107853e+01 3.965828369385277341e+01 5.053755137054714197e+01 5.365781986431709782e+01 4.695100276474990864e+01 3.280516366460121702e+01 2.866930862426902848e+01 4.825752310752009322e+01 5.989707966596733968e+01 7.402024945910622478e+01 7.585540785137239084e+01 6.916172610253673270e+01 5.941114514503344424e+01 3.965077987759020317e+01 3.390877567878096244e+01 4.790135586114584498e+01 6.245839087191159678e+01 5.663495541285740131e+01 7.652065846906566549e+01 8.221660581854983718e+01 8.442475376533698750e+01
3.075663497937701862e+01 3.632760628616988896e+01 1.779573433669064997e+01 3.758789677730684531e+01 4.515437853184197081e+01 3.212562712001132326e+01 1.859159496728376126e+01 3.049231902803876793e+01 3.774408657530243261e+01 3.627853403262721343e+01 2.077189679441363168e+01 2.123568689259575848e+01 2.169819095243169116e+01 4.173394466016573290e+01 3.301422606565510875e+01 4.890152038416215419e+01 4.747802863271133589e+01 4.500365121053821582e+01 3.074904332852131006e+01 2.552956293053155079e+01 2.590632250467702491e+01 2.629159161346083096e+01 2.673879768090765197e+01 4.687881680401980589e+01 5.578085610094981206e+01 5.555190886192664124e+01 6.417895208397307272e+01 4.706165713130232575e+01 5.115484273598584508e+01 3.262832143204666835e+01 5.242387215797114663e+01 6.194155306160129726e+01 7.598544791107352125e+01 7.652065846906566549e+01 8.484821893751635002e+01 9.839996974179389611e+01 9.004119876509315645e+01
