MOVIE_S9_data/elevation_000549.asc
nrows	100
cellsize	150.0
xllcorner	0
ncols	100
yllcorner	0
NODATA_value	-9999
[rows 68 to 84 of 100, columns 37 to 73 of 100]
3.708272835371128906e+01 5.726619747979674457e+01 5.704032871108337588e+01 5.044045259036808204e+01 4.217676064850853379e+01 3.920791533212760527e+01 2.329163278490348077e+01 3.766185535681705687e+01 3.469071948032168251e+01 4.160315649435634100e+01 4.231565943317823297e+01 2.379047924778383916e+01 4.340693625391452315e+01 4.104402252649261840e+01 5.815006846702686261e+01 4.999918185211744515e+01 5.083283648971649171e+01 3.547079716150219042e+01 5.308209691897000226e+01 5.423759041148967697e+01 5.539398830489615477e+01 3.910339579454978320e+01 5.093496920181490850e+01 6.226351965100431585e+01 7.223392460774148560e+01 8.072213466362590850e+01 8.791531280307920326e+01 8.200860703703129673e+01 1.022420203183442169e+02 1.133180543786685206e+02 1.049722931838804243e+02 1.133180543786685206e+02 1.215123693738746198e+02 1.050183037906682273e+02 1.215123693738746198e+02 1.270281001013548519e+02 1.172099980559923722e+02
3.708369611319390913e+01 5.243336570119836892e+01 3.718983188402477680e+01 3.620444214475855915e+01 1.902072631404421799e+01 1.939502825145122600e+01 1.976675737719705950e+01 2.053163296392379067e+01 2.128449671258251641e+01 2.202074773500075011e+01 2.274242949257911306e+01 3.244500613346228590e+01 5.173124870909394701e+01 6.085940976114677881e+01 6.900954085489176748e+01 6.960097917375679799e+01 4.961859846631991644e+01 5.546999237781596293e+01 4.099923287610795342e+01 6.102381048657817075e+01 6.269907762623742542e+01 4.178420015563502687e+01 6.115169405205381281e+01 6.913325614281623643e+01 7.390644463637084982e+01 7.761710991240133239e+01 6.731408514857957925e+01 8.200918657326469940e+01 1.022650166679121781e+02 1.102866815095201787e+02 1.186023982024463947e+02 1.244416105211075205e+02 1.133131200126002796e+02 9.386934971886472567e+01 1.133131200126002796e+02 1.189337704144151360e+02 1.107385256247428202e+02
3.608912679331356088e+01 4.266963347227146386e+01 2.887927915000124557e+01 1.848694998253023414e+01 3.121931956385853724e+01 3.661660566028242414e+01 3.936465072001533372e+01 2.036331575974778829e+01 3.791306994246635753e+01 4.110197954624754146e+01 2.622341138346240541e+01 4.606506266627740587e+01 4.866651013973063300e+01 6.279967561447610791e+01 8.278109133410856657e+01 7.779596601409873813e+01 6.960335382467563647e+01 6.511042759161799154e+01 4.509017543667265215e+01 6.511042759161799154e+01 7.123631742238409004e+01 6.269945160589095678e+01 4.582546182892384223e+01 4.920249015107166457e+01 5.279664250918990120e+01 5.661068526269454537e+01 7.762062676497070868e+01 9.001578814304467357e+01 9.612009121112556898e+01 9.026887216172924866e+01 1.102866815095201787e+02 1.162362690631986197e+02 9.671401117621569199e+01 8.701506097945738816e+01 1.064387090993333231e+02 1.107385256645916201e+02 9.120938915183606355e+01
1.688678231064994151e+01 3.634724318116774100e+01 1.794999132235026806e+01 3.726666865333189094e+01 2.853415171518982874e+01 4.121763077842503975e+01 3.261782667403455349e+01 2.977851132468639150e+01 2.095605386415217808e+01 4.365377030221124954e+01 3.038823136220241494e+01 5.103880056182496361e+01 6.503925406127791575e+01 7.197445508134502745e+01 7.197445509623668158e+01 9.136109150514855060e+01 8.353562402387355235e+01 6.365001155027268709e+01 4.947626403274159657e+01 6.105888068189400997e+01 8.097014831909783084e+01 7.296609540007054306e+01 5.190481942114012526e+01 7.033827071111441853e+01 7.390644463637084982e+01 6.892936278974235620e+01 6.379467936124009952e+01 6.950018837925559012e+01 7.584963878648258628e+01 8.766961231849758462e+01 1.076917248145229564e+02 1.140819894190464510e+02 9.458623921647297550e+01 8.078698026468309479e+01 1.002964122464877050e+02 1.141031447260450591e+02 9.692927837599636121e+01
1.761820026577874287e+01 1.741599733822159024e+01 3.713362217271002663e+01 4.545962203738638863e+01 3.703242102386589352e+01 5.041396866203361071e+01 4.851849509526494586e+01 4.088661285423235370e+01 2.137338408334917261e+01 4.115915956878495052e+01 5.105600569724378346e+01 3.868388124367150027e+01 4.515571893296148431e+01 5.235878239648192789e+01 6.628568472591871341e+01 8.570836167763788183e+01 8.865874429799085021e+01 6.881697194380072347e+01 5.466666813562639504e+01 7.462849501236422611e+01 8.911121932092402176e+01 8.138097050534761934e+01 6.147262519264865688e+01 6.692481026472425754e+01 8.755104790798662862e+01 8.358014268915785294e+01 7.594346281351342043e+01 9.001578814304467357e+01 9.613195277519766080e+01 1.044356351820877222e+02 1.160024799611324937e+02 1.090920056234359521e+02 9.556467996667693399e+01 7.591299254398117569e+01 9.556467996667693399e+01 1.059244598591230755e+02 8.624585892723432323e+01
3.160320015885353584e+01 3.718488873179117604e+01 2.375697741307266142e+01 4.360867592651467817e+01 4.751581208712384807e+01 6.263620477055783908e+01 4.816525107065945832e+01 2.571141971669250026e+01 2.178927540319294209e+01 4.158559868214231869e+01 5.029889063422933049e+01 5.902249930952574175e+01 6.503926741268972478e+01 7.197445479949981006e+01 8.001442880996651752e+01 8.239027448507923168e+01 9.077343378477279145e+01 8.279432421050589141e+01 6.468528859649285323e+01 6.623028926359633317e+01 8.610065741138956241e+01 9.052566921843762771e+01 7.363911372083684626e+01 8.755104790798662862e+01 9.589916478792289922e+01 1.037682900314738532e+02 9.626676253400353289e+01 1.045798256781638287e+02 1.032563673475817723e+02 1.115321126262444125e+02 1.147579717614963926e+02 9.522685777013890629e+01 8.137487290990475231e+01 7.137226535932573768e+01 9.117042907170436195e+01 9.277868245356900445e+01 8.799099532966030779e+01
5.204509942054796312e+01 4.858003972103638546e+01 2.847888716676488841e+01 4.857923084273609504e+01 6.438106713111459101e+01 7.270924856933299907e+01 5.568909775878967849e+01 4.426163737333536119e+01 2.490764163400308817e+01 2.238104805954842647e+01 4.219887451631799991e+01 4.992660071375644293e+01 5.769692650121633903e+01 6.657653846045931800e+01 7.898932710477910746e+01 6.190861345168358554e+01 7.898932767960413059e+01 9.269848465661981152e+01 7.879173794142859322e+01 7.775470263601748400e+01 9.422181794019914491e+01 1.020632100941609508e+02 9.391001444442662205e+01 9.215722153932192384e+01 9.305585023627843100e+01 9.269228814296124597e+01 8.455127457600737273e+01 9.285458212174205528e+01 8.339332713545641695e+01 1.000445015539008722e+02 1.138332636630364334e+02 1.036517761654142902e+02 8.725176848412800723e+01 6.699410820427885938e+01 8.183768120652491973e+01 7.267617530547892102e+01 7.639692882902896542e+01
6.879294275597611374e+01 4.807473200519753931e+01 3.373475460006845594e+01 4.860793556405081262e+01 7.071383268552773416e+01 6.303434244637350758e+01 4.938722111596494102e+01 2.949108504993570179e+01 4.462489102418049214e+01 4.062569584983933169e+01 2.297207841784264204e+01 2.393043444010273646e+01 3.765309867767449248e+01 5.814848960583607607e+01 7.056517979200279456e+01 5.009371976357677170e+01 7.056517979672931062e+01 8.355696331038222979e+01 9.852576766809721676e+01 9.750144365338391594e+01 1.055824470071996046e+02 9.709269370239792352e+01 8.530098213014379382e+01 7.107585317892582566e+01 7.544780561137781660e+01 8.248920849263495825e+01 6.409251823210850318e+01 8.016696338872192484e+01 7.165945517308504975e+01 9.178843573418681956e+01 1.058653548753836873e+02 8.730369228722339869e+01 7.622177503921605535e+01 6.838374343242898590e+01 6.106187697666540970e+01 5.749377752264436481e+01 5.513800538600328593e+01
6.617627162317110390e+01 4.540322019594159997e+01 4.808885167537500394e+01 6.276148743535711105e+01 6.879290808498599574e+01 5.457366207067595809e+01 3.448954633578839690e+01 4.938722111596494102e+01 4.922667736790032933e+01 5.073450691128959278e+01 4.282109804545395093e+01 2.356425885711467672e+01 3.750777262216922026e+01 5.775563254858631979e+01 5.653318803281641181e+01 4.294468400126699947e+01 5.467349822635048184e+01 7.514890788975554869e+01 9.531309477957114495e+01 9.845478580082153996e+01 9.267926578835120210e+01 8.860150034307851286e+01 6.820901715630368756e+01 5.627627926747835829e+01 6.659066579317031653e+01 6.738548346756307694e+01 5.368092823973739769e+01 5.968835591220999959e+01 7.428497985240950641e+01 9.432787352678521131e+01 1.101438886027989810e+02 1.036517761654142902e+02 9.560165068033425939e+01 8.841759924497482359e+01 8.183768120652491973e+01 7.403478694438148011e+01 5.273967315992755545e+01
7.474614444941862246e+01 5.733368910132860208e+01 6.882780110074448032e+01 7.518796327638965238e+01 6.031506832992665323e+01 4.001963975696361331e+01 5.457366207067595809e+01 6.303434244631039718e+01 6.929759636085957197e+01 5.793031647528725614e+01 4.385799501977480475e+01 2.398386835009682017e+01 4.387446869196742938e+01 5.042191529434299468e+01 3.626544669093740225e+01 5.653318803260290792e+01 5.467349818487844715e+01 6.650907540023519005e+01 8.695063395211397506e+01 7.865556867942549957e+01 7.284676314229614036e+01 8.684871177296405165e+01 8.134561786786602511e+01 6.709023444387943869e+01 4.657611486689966540e+01 4.683918665175247042e+01 6.738548346756307694e+01 8.016696338872192484e+01 8.845635489402816631e+01 7.757849426852116892e+01 9.189570503209797891e+01 9.891114297864164939e+01 8.735075036726155417e+01 7.906941988267502097e+01 7.796006166944741267e+01 6.956073534517355483e+01 5.090186026525325502e+01
8.676340768491354538e+01 7.825750219682466025e+01 8.135864068000603311e+01 6.077606095492567562e+01 4.628739341722403111e+01 6.031506832992665323e+01 6.879290808498599574e+01 7.696828866273817482e+01 6.394906183224020424e+01 4.361300537338131988e+01 2.587184352090926964e+01 2.440526067308635660e+01 3.530203426661768873e+01 3.029445093012773071e+01 5.042224203874507538e+01 6.497241533176992334e+01 7.514878762462643635e+01 8.355549137778288582e+01 9.177319044724443131e+01 7.865556867942534325e+01 5.861660278176908889e+01 7.865556867942427743e+01 7.300321503286643576e+01 5.252522055140435242e+01 4.076266869639833601e+01 6.118103371029804549e+01 7.575969118937321412e+01 7.711461577055054306e+01 6.853454555090367251e+01 6.112112550027864444e+01 8.274376186986418702e+01 9.073661824047724167e+01 7.049842925207816791e+01 5.820849201785601679e+01 6.702747617294444638e+01 4.842090709283944250e+01 6.955878502637264660e+01
1.011413458480857486e+02 8.911103998114685965e+01 6.859988621445944545e+01 5.396284906152035177e+01 6.680455898208893473e+01 7.528173329087390186e+01 7.696841393572691459e+01 5.644547081416715884e+01 6.021134167528121850e+01 4.977884186224428475e+01 2.946160169958782404e+01 4.431294083175117748e+01 2.500789454701062198e+01 3.867447786927619546e+01 4.780829881354316768e+01 6.595800183047279575e+01 7.676704798079867942e+01 6.894426923221369918e+01 7.711608913964366252e+01 6.458944421309425366e+01 5.141645402099164386e+01 6.541217697029135536e+01 5.671499349836829396e+01 5.345876954750873011e+01 3.757837326383732091e+01 5.790820177880247144e+01 6.794262103368296835e+01 5.943488637052499257e+01 4.729856526436758202e+01 5.975969385109087995e+01 8.085968223797594590e+01 8.518015357034632018e+01 7.304966144548146190e+01 6.459775688742654154e+01 4.603607797830579784e+01 6.702747617300704519e+01 7.796004740474940320e+01
9.871642409212445557e+01 7.834058615323151287e+01 6.372953676411492552e+01 7.460750005024604548e+01 8.305751436811026167e+01 8.239342008563465924e+01 7.393195805853258662e+01 6.021134167528121850e+01 3.985481479098562119e+01 3.548164373974393726e+01 4.977848837098142809e+01 4.648542560748709462e+01 2.543693789047269149e+01 3.598118176906340437e+01 4.777190373833506243e+01 6.594664946136676065e+01 5.684179147108182661e+01 4.873362583440663087e+01 6.468792027360116492e+01 6.486278755255931117e+01 4.465621715908783784e+01 5.579664003444673170e+01 3.463267838630556383e+01 3.358013229309177206e+01 5.296037424134778604e+01 5.847621670789592940e+01 5.554724457231520773e+01 3.913249604721724495e+01 5.926818291874555911e+01 7.425506675690672864e+01 8.918419129114371913e+01 7.672114039131561469e+01 5.576837669851315837e+01 4.374699806561167037e+01 6.459763239635333321e+01 7.544276070717954497e+01 8.157800798974776058e+01
1.009321919992018337e+02 8.057244827147425781e+01 7.834058615323151287e+01 9.272150007890168411e+01 9.336324984695249896e+01 7.393195805853258662e+01 5.331880949294049543e+01 4.745218658532193245e+01 6.021134167528121850e+01 5.576511772325575578e+01 5.652030300675129837e+01 4.590941347090173963e+01 2.586555474461025739e+01 4.515023555372422948e+01 5.743360631332328126e+01 5.221341090341060465e+01 4.921511930350897757e+01 3.806517894679532787e+01 5.145557440572383712e+01 6.885931421378445805e+01 5.695249946595490087e+01 3.676665010403849720e+01 3.237110778231349428e+01 3.295748907107827819e+01 3.363268748152535181e+01 4.702226879298731177e+01 3.535424466344742456e+01 3.589960484077851532e+01 4.953543504543021214e+01 6.414969176734572898e+01 7.905328616140263875e+01 7.651144768635224125e+01 6.291512117003915705e+01 4.215944946662911264e+01 6.267387499235008619e+01 6.252146627785747768e+01 6.153780315394826772e+01
9.173400771811672882e+01 1.009321919992018337e+02 9.871642409212446978e+01 9.941974648225634326e+01 7.895247787666956185e+01 6.433956758779501683e+01 7.393195805853258662e+01 6.796341268944847513e+01 5.987516634075385724e+01 5.619350806595160464e+01 4.805437511626020353e+01 2.836135290459439773e+01 2.629326870811222250e+01 4.633441985197113411e+01 5.123557713586011175e+01 3.138519654161872552e+01 2.884478926153419209e+01 4.350890873069396747e+01 4.957491501697848690e+01 4.987754839325929623e+01 5.119867999155660954e+01 3.164369715656850701e+01 4.493067239466132179e+01 5.983356333320827503e+01 3.724307723589333108e+01 3.454262664498308055e+01 5.505446932159419760e+01 5.608101379832363165e+01 3.666104553952006029e+01 5.085692478785149007e+01 6.267323343549708881e+01 5.509707336286082580e+01 5.756628112586489010e+01 4.057224937833255041e+01 4.115256245374034449e+01 4.177385647003618629e+01 4.239778852809345011e+01
7.599800321133645298e+01 8.436524362984826553e+01 9.448812467182393959e+01 1.053479093737583412e+02 8.494719309918238537e+01 8.494719906815934962e+01 7.394492436866363505e+01 5.987516634075385724e+01 3.936505441535124561e+01 3.569581336474348632e+01 3.225068737204640712e+01 4.804963115500604687e+01 4.547704660486758854e+01 2.690313858013267989e+01 4.568281983877436403e+01 2.818950236143756527e+01 4.796346669785364725e+01 2.950678104220060760e+01 2.997794739069021830e+01 3.045249240483801501e+01 3.093011888932114317e+01 5.122082291605697435e+01 6.037298315885792732e+01 6.231638501352494330e+01 6.308805304290024907e+01 4.109581569534054779e+01 6.322839374355250186e+01 4.903660382632141079e+01 3.719774302351583373e+01 5.738106345296789357e+01 3.872082627984999448e+01 3.926143687481285127e+01 3.980313004986615510e+01 5.147834612718745007e+01 4.278165783179483128e+01 6.070050307073859130e+01 6.276518459790642623e+01
5.569512173750282358e+01 6.585651155856803030e+01 8.613950045718031845e+01 1.010435501119532233e+02 8.933303679793651497e+01 8.015860142233350416e+01 6.549063203722765536e+01 4.485809434342556301e+01 5.987516634075385724e+01 5.619350806595160464e+01 4.398151970573878344e+01 6.105120181895395604e+01 4.795989822362184185e+01 2.806852772358393722e+01 2.753709878060776717e+01 4.764759337552977314e+01 4.993131186183045855e+01 5.185443615786746108e+01 4.259649173545389544e+01 5.071210329379971427e+01 3.254025824164225611e+01 4.632679132276879841e+01 6.674245789701464560e+01 8.394053640016626616e+01 7.290599779024677218e+01 5.029114990377360783e+01 7.202676792955838891e+01 6.177058885280244027e+01 3.963907686663676344e+01 3.795601039319541314e+01 4.862836208494838530e+01 5.826677022763431779e+01 5.786809873778010882e+01 6.143182648138812851e+01 4.429577298170153199e+01 5.314912527344960580e+01 5.914041110848663152e+01
