MOVIE_S9_data/elevation_000869.asc
nrows	100
cellsize	150.0
xllcorner	0
ncols	100
yllcorner	0
NODATA_value	-9999
[rows 51 to 67 of 100, columns 0 to 36 of 100]
6.455108993161302877e-02 2.006455108993125691e+01 3.540768698005626192e+01 4.435219754612295162e+01 5.081027528912993318e+01 5.909390127191602460e+01 6.059336809311968608e+01 6.887648402185780583e+01 7.151147845375643897e+01 5.156900672240271888e+01 3.741489655553917260e+01 2.734012879030500898e+01 4.741220631915666672e+01 5.143711565099865624e+01 7.139276913791937318e+01 6.847694148996205854e+01 7.075298422377359486e+01 5.079307432200988615e+01 3.659874624721388869e+01 3.081331979340097504e+01 5.090186327412674672e+01 4.440292781047747184e+01 2.676073292160499051e+01 4.687815737943672900e+01 5.124346142535647175e+01 3.616112504133782579e+01 3.991207985176772155e+01 4.385733664765732698e+01 4.813508396800613554e+01 5.299282792139714360e+01 5.901929942560087028e+01 6.566676675518804984e+01 7.561562713432213911e+01 9.549441304366808936e+01 1.125426692231289678e+02 1.043615359652755785e+02 9.889378138141394459e+01
3.995603441288197999e-02 1.418209165814395689e+01 3.418209165814466388e+01 3.487094681333562818e+01 3.080115068263006961e+01 4.426288408970701482e+01 4.059269156264579692e+01 5.765923054060327502e+01 6.594257961141335045e+01 6.566436962972930758e+01 5.567507905802514756e+01 4.156053607668604855e+01 3.256365542867563789e+01 4.414217557592034069e+01 5.827328623959343901e+01 7.819278362010220462e+01 6.926567569295900739e+01 4.930145928078805895e+01 5.538393141350663740e+01 3.533951333642792747e+01 5.538393141347018656e+01 5.457852677059273816e+01 4.346718441170666125e+01 2.929117324091952668e+01 3.116713766335404756e+01 5.126716113666400787e+01 5.787323662905591704e+01 6.383535964256411432e+01 6.808969755361536613e+01 7.292362616249255325e+01 7.892560231105933610e+01 8.555502008899509292e+01 9.379403085244933891e+01 1.037361299780301067e+02 1.045734945205775119e+02 9.303605883817598965e+01 7.889054606491649224e+01
4.804567899273937126e-02 2.004804567899238421e+01 2.886739658928081553e+01 1.451191746843773878e+01 1.915399020513299178e+01 2.424335497615979307e+01 3.058592277618792465e+01 3.765916856127050494e+01 4.920636474393243986e+01 6.920605995363618490e+01 6.978962217159353543e+01 5.650150437630109934e+01 3.650845588537343644e+01 4.652325126223776408e+01 6.064800996582169290e+01 8.055884145645106287e+01 6.926567569295900739e+01 6.926567569295900739e+01 6.023442445037764514e+01 4.023532932303561438e+01 6.023442445037764514e+01 5.925666663315173821e+01 3.936725094681545301e+01 4.941054325429850280e+01 5.126882511235731954e+01 3.438106646931271371e+01 3.785340874970462721e+01 5.787366695633431135e+01 7.119864379981953562e+01 7.651135335778363356e+01 8.280332159061501329e+01 8.983304940896876190e+01 9.808041218733382038e+01 1.095673649691749603e+02 9.622187829609669052e+01 7.631266415851415275e+01 6.488122553367828971e+01
9.707512844716031930e-02 2.009689212915237277e+01 7.912432420632672603e+00 2.295931461704927656e+01 3.925800181131845079e+01 4.426288408970701482e+01 5.058814081573455468e+01 5.765923054060327502e+01 6.594257961141335045e+01 7.748885991508008431e+01 7.247803963103436331e+01 5.254250503826220609e+01 4.099234460214600517e+01 6.096825336745830271e+01 7.472477794714207278e+01 8.661869171669603418e+01 8.918698485386147468e+01 7.651078439620475535e+01 5.657639602762955633e+01 4.629165128492049774e+01 6.625299647960913774e+01 6.752814876538802480e+01 4.933004684192252398e+01 6.752814876538802480e+01 5.742534234020713768e+01 3.740119986393584384e+01 5.742526645044200251e+01 4.296635802478103017e+01 6.294935261747870214e+01 5.659354421554850489e+01 6.290637210885009978e+01 6.994997799562851526e+01 8.143019195422031942e+01 1.013115661565345107e+02 9.446213460971029008e+01 7.458342808672219348e+01 6.315260677923801325e+01
5.001202446392439237e-03 2.436036710814536654e+00 2.326694684133655144e+01 3.718871592311249685e+01 5.141811722918753702e+01 5.551565655844612479e+01 5.080449218187774107e+01 5.835978564181630190e+01 6.664042389174866798e+01 7.663452481216310730e+01 8.072018285182367947e+01 6.921669370485739137e+01 5.254250503826220609e+01 4.952715070097850258e+01 5.846569148282862471e+01 7.255645215579464491e+01 9.243486832490251004e+01 8.476132407965738480e+01 7.289787545914927591e+01 5.296323852052860559e+01 7.289787545914927591e+01 7.748102119720108760e+01 6.336074138336951478e+01 6.683657672890080903e+01 4.687233376215677794e+01 4.091099730885018460e+01 6.090603092241118333e+01 6.294911620193435198e+01 4.842669496548209906e+01 6.254959999856595232e+01 8.245560975599589426e+01 8.983304819054303891e+01 9.808041218733382038e+01 9.651263833532019021e+01 1.027794671028258620e+02 9.126848237664907515e+01 8.237746184687391349e+01
5.279685921607564503e-02 3.067910304993615167e+00 2.306743166922229804e+01 3.571325600932902233e+01 4.966058745782001438e+01 3.552466947714736989e+01 3.081190039379770695e+01 3.837035806470596810e+01 4.836693868141206565e+01 6.249876927547565231e+01 8.248510883792668835e+01 8.072018171969645550e+01 7.247803962823918766e+01 5.951850038177118307e+01 7.771593134606868603e+01 8.661869171669603418e+01 9.172054891931155396e+01 9.759046693218481039e+01 8.114637237869973774e+01 6.294253022977403589e+01 8.114637237869973774e+01 9.160130101103236200e+01 7.748466395255302075e+01 5.756391684485727467e+01 6.449333153208516478e+01 4.452008703878423290e+01 6.449333153208516478e+01 7.590902241732473499e+01 5.598920142454825566e+01 6.106288527370167429e+01 7.514524933373984084e+01 9.503501255521464941e+01 9.074103599419638044e+01 7.670272142781327318e+01 9.074103599419638044e+01 9.403313204220886234e+01 8.469354950421539741e+01
5.738623160518319517e-05 2.000005738623125140e+01 7.432268107864526741e+00 2.743086635252691963e+01 3.535094618349498319e+01 2.138413614102256233e+01 2.805073381925567233e+01 3.560958680308996804e+01 4.560704266705275245e+01 5.973978974154525190e+01 7.972529215041130612e+01 8.888094788760081144e+01 8.766843672519965480e+01 7.942816937375741304e+01 8.766843672519965480e+01 8.585777421278368138e+01 7.169221566440135973e+01 7.755837865890053706e+01 9.110238424406475133e+01 8.285322068852465804e+01 9.110238424406516344e+01 9.155306479657110685e+01 7.165734152205969565e+01 7.748466395255302075e+01 6.826418489182242411e+01 4.831070445110803036e+01 6.826418489182242411e+01 8.415513648550283676e+01 6.596274598972389924e+01 8.097083002787012163e+01 8.921570526198669882e+01 8.741761294116767544e+01 7.918831202824424054e+01 6.276884722601927535e+01 8.189545322943442329e+01 7.440803382511209918e+01 7.440803382511209918e+01
4.532054705376769438e-02 2.004532054705341082e+01 2.724777778181080379e+01 1.202058273618759721e+01 1.535391595489434735e+01 3.535094618349498319e+01 4.804447413634289177e+01 5.560022526936739240e+01 6.388061351601655247e+01 7.387476127375144586e+01 8.303715486151521930e+01 6.892490117866611854e+01 8.303715486151521930e+01 8.641722674616261202e+01 7.584637782148928409e+01 6.754982388099634250e+01 5.754126910309219767e+01 7.755837865890053706e+01 9.167639332853333656e+01 8.336586687169047138e+01 9.167639332853333656e+01 9.981067089165178174e+01 9.155306479657110685e+01 8.939823215473590778e+01 7.225081335698581597e+01 5.231767103116886375e+01 6.642383571169852985e+01 8.631838181588312864e+01 8.003060590032019661e+01 9.410488523379071069e+01 9.318550770498048053e+01 7.339048911648160356e+01 5.944912929666491408e+01 5.395175000290441147e+01 7.367867537613015827e+01 7.278862010798675897e+01 5.489010540956144979e+01
9.001595176218035732e-02 1.424573255458123633e+01 3.437210339969649908e+01 3.201805856319414545e+01 2.949506483065900397e+01 2.478188210915936907e+01 3.234079467311578782e+01 4.233877285795874457e+01 5.647287626745635691e+01 7.645746735759372825e+01 7.409999257291995889e+01 5.477536621099100955e+01 7.409999257291995889e+01 7.811789296623693701e+01 5.809779620464298944e+01 4.753330434752990641e+01 6.754982388099634250e+01 8.585777421278368138e+01 8.166486012533097494e+01 6.335950125629855023e+01 8.166486012533097494e+01 9.167920820046855113e+01 9.521126429835508986e+01 7.532617455163075704e+01 6.125034093324725859e+01 6.384166070318428154e+01 6.230168862836362820e+01 8.219993808560801085e+01 9.991837086171283033e+01 9.595951752252273081e+01 8.605952721118244142e+01 7.783455823980109756e+01 6.670415443171626180e+01 4.696082246946955507e+01 5.949490878915677428e+01 5.615276108413397083e+01 4.503652191031510910e+01
5.674351268809080251e-02 1.419887913641916555e+01 3.419887913641986898e+01 4.885561353911406002e+01 4.948227482797434362e+01 4.477634252439379026e+01 5.233250016823804174e+01 6.061163288439045971e+01 7.060539188037353142e+01 7.566432967169021140e+01 6.582806819511745289e+01 4.581454468384482226e+01 6.582806819511745289e+01 6.319943011446394365e+01 5.490466137887346321e+01 4.175129677411791818e+01 6.177155241055325519e+01 7.204418288946450843e+01 6.520736764227294202e+01 5.338641591540519471e+01 6.335950126338755695e+01 8.336608588294880917e+01 9.521126429835508986e+01 7.532617455163075704e+01 7.532617455163075704e+01 7.791319692615388703e+01 7.637557910638231817e+01 7.637557910638231817e+01 9.626118452538395331e+01 8.771100008839891871e+01 6.795811639120331904e+01 5.811155574120432021e+01 5.113285672355804934e+01 4.453421468547399087e+01 3.972249646185376548e+01 3.636968691951864940e+01 3.803021156104924927e+01
9.518805923843161321e-02 9.039459956072850133e+00 2.058646085691803052e+01 4.058226853552417168e+01 4.584393334078855275e+01 4.583698635714283398e+01 5.419561572727620558e+01 6.530454610269828208e+01 5.949634684175373422e+01 5.586267561997829745e+01 5.949923636502231261e+01 3.947835820985046951e+01 5.701974045949003767e+01 4.872508166143030195e+01 3.488053449192518229e+01 5.490466137881124098e+01 6.620374424414012537e+01 5.206491114012648325e+01 4.524113804984577314e+01 6.520736764227294202e+01 8.166408702269305309e+01 9.167534896620369977e+01 1.034702897578410585e+02 9.521126429835508986e+01 9.521126429835508986e+01 9.780007789875844537e+01 9.626118452538395331e+01 9.626118452538395331e+01 1.045213837382241451e+02 9.595951752252273081e+01 8.605952721118244142e+01 7.567791925354305249e+01 5.594521094023526331e+01 6.428523479701436827e+01 5.949490878915677428e+01 5.155590656611017408e+01 3.174632217635992504e+01
9.062254805971975413e-02 2.009062254796937097e+01 3.732012588479322091e+01 4.024298186970460023e+01 2.629164409044081552e+01 2.629156123349858731e+01 4.583693758661943463e+01 4.551233857674486671e+01 3.971997869135519466e+01 4.188268999419768335e+01 5.371970666887172285e+01 3.369577478483707011e+01 4.618608950109987177e+01 2.870055691954352994e+01 4.738931154212225749e+01 5.026179619694476486e+01 5.333187111371911016e+01 3.793192242360444766e+01 5.791670435233878322e+01 7.033585752616845355e+01 7.740165381132264599e+01 8.570464688434779532e+01 9.571988397082323274e+01 1.003177822679023876e+02 9.216938016893509200e+01 9.216938016893509200e+01 9.216938016893509200e+01 1.003177822679023876e+02 1.083104330629298744e+02 1.058858345199554805e+02 8.601509571957772948e+01 7.204667566214372698e+01 7.567791925354305249e+01 7.715622097187535644e+01 6.892791751309042070e+01 5.975509210587795650e+01 4.759398966833476408e+01
3.063233560239582431e-02 2.003061924274310002e+01 3.290473957886811007e+01 2.462200348972921304e+01 1.262856455793073884e+01 3.201624813048872653e+01 4.436479834361856689e+01 3.614833601036093569e+01 2.564828608332723192e+01 4.551234281536530801e+01 5.979594952484163883e+01 4.025816568757725378e+01 2.612785419962185429e+01 2.461521794645656058e+01 2.736397588296767580e+01 3.022356643367586670e+01 3.329691726982264299e+01 5.333158080228604092e+01 4.460626827365338443e+01 5.036844360201967419e+01 5.741584225642125006e+01 6.739251573467193168e+01 8.741255618245492087e+01 9.216938016893509200e+01 7.280795310926137631e+01 7.280795310926137631e+01 7.280795310926137631e+01 9.216938016893509200e+01 8.874549287383929652e+01 1.026368429956532822e+02 8.795767495251148205e+01 7.804206007417853641e+01 6.981512580192931239e+01 6.320704471612688735e+01 4.909557413121726910e+01 5.455605624432083545e+01 4.593559280036394910e+01
5.666595628964066211e-02 2.005616749023974066e+01 2.269734009733408087e+01 4.621206233347791681e+00 5.991583653004965093e+00 2.599451182210916400e+01 2.943058359716665962e+01 1.622266004550478868e+01 3.033885027252897615e+01 5.017365906140121723e+01 4.669725970026895112e+01 3.838491778366901030e+01 2.141161645825052418e+01 4.143256297285789458e+01 4.097531830343179848e+01 5.026179619694476486e+01 4.097717106449368885e+01 5.620342704225367925e+01 5.871657013508565370e+01 6.090241985781012346e+01 7.033585752616846776e+01 8.570464688434779532e+01 9.571988397082323274e+01 9.144863533722370619e+01 7.847878380159099265e+01 5.912383771288657641e+01 7.577409007634041416e+01 8.221901780742113885e+01 7.509604950864098782e+01 9.447593118171464255e+01 7.971817073175689927e+01 5.991208087210160471e+01 4.999088254452212254e+01 4.336004264833960065e+01 3.761865178107813534e+01 4.673106266482259485e+01 3.174002644036153953e+01
2.110006612196471329e-02 1.357406275684087893e+00 2.696705336048940804e+00 2.269731236796730656e+01 2.476225040083161488e+01 7.986602336242340172e+00 9.426233866084176682e+00 1.087718646767724273e+01 3.088287861655980393e+01 3.461102752760912438e+01 3.620829814176757822e+01 1.856859254734283482e+01 3.858358885883056644e+01 4.972960770470356096e+01 5.991565725893295991e+01 6.650820287222678928e+01 6.102723920687109427e+01 6.929143439189549269e+01 7.870751312147726253e+01 8.089856997984541920e+01 8.919744537884976410e+01 9.865298192980364433e+01 9.563121885860569193e+01 8.333799363677287886e+01 6.394086459910602116e+01 5.345328723253136616e+01 5.637034200253917504e+01 6.288423461417890792e+01 7.653705958599253734e+01 9.593647840643147617e+01 8.795767495250930779e+01 7.804206007417853641e+01 6.981512580192931239e+01 6.320704471612688735e+01 5.045647180713714164e+01 3.055090233290370705e+01 2.656253182281075809e+01
9.367352646185668485e-02 2.009367352646069804e+01 1.413140490803686333e+01 2.956334972689812446e+01 1.952488556515887907e+01 2.799064005675813505e+01 2.943058389013293663e+01 3.067668869033578716e+01 1.302760174367019275e+01 1.460382667225313114e+01 1.619495236886844225e+01 3.620829814176757822e+01 2.309880281416530678e+01 4.311684104631866887e+01 5.255412618641538813e+01 5.755811344164160204e+01 6.290598773347556261e+01 6.997753144553394122e+01 7.826154438382405942e+01 8.825993201027984014e+01 9.233708945092880072e+01 8.400904738712938524e+01 7.550102737573125466e+01 8.121105773739409983e+01 6.182112398978805601e+01 4.797466001346029429e+01 6.750030409770396034e+01 7.849982679405566444e+01 8.659862784800424151e+01 1.022144850899055371e+02 9.417435628482486720e+01 8.818107526638698346e+01 6.605812842527417672e+01 5.126938937224353054e+01 4.123698408213621036e+01 5.045414449229998155e+01 4.397627119589152755e+01
3.648181865326004941e-02 2.003648181865290567e+01 3.347720117722994360e+01 4.129696600292955821e+01 3.361824400610409924e+01 3.579552767249035838e+01 4.197332235197750805e+01 2.197357556043413496e+01 3.303423920822714166e+01 3.461102743232473955e+01 2.173969977533156950e+01 4.139338296981901522e+01 4.311684104631866887e+01 2.781579211113735539e+01 3.253486530382628672e+01 3.754216442073676774e+01 4.289607438589664667e+01 4.997618539651963232e+01 5.998022124388585041e+01 7.997484164718203203e+01 8.400904738712938524e+01 6.385697206699551742e+01 6.124003035415714180e+01 7.809703075896213420e+01 6.399339489468609088e+01 4.442540800781586796e+01 6.399339489468609088e+01 5.907030599244596658e+01 7.849982679405566444e+01 9.417435628482486720e+01 7.511389137675598704e+01 7.990050232607492831e+01 8.023641496026959885e+01 6.961541633570801935e+01 6.129392555050706193e+01 5.136716531367813587e+01 2.854181992837758486e+01
