MOVIE_S9_data/elevation_000998.asc
nrows	100
cellsize	150.0
xllcorner	0
ncols	100
yllcorner	0
NODATA_value	-9999
[rows 0 to 16 of 100, columns 0 to 36 of 100]
8.271705653423140625e-02 2.008271705653387684e+01 2.992294610883592654e+01 3.428730391355538387e+01 3.900134912146561561e+01 4.477485181336177078e+01 5.109940713369842058e+01 5.938367838089479989e+01 7.093068376450321466e+01 8.630935543464835291e+01 7.829673275013577438e+01 8.630935543464823922e+01 8.383933262505446748e+01 7.581901881316224490e+01 8.383933262505449591e+01 8.619209288350876363e+01 7.820644634912801507e+01 7.600595955542864601e+01 8.396365555760750965e+01 8.132313142429833874e+01 7.337680090544751010e+01 8.132313142429833874e+01 9.275284165485845733e+01 8.446701615218066195e+01 8.446701615218066195e+01 8.655567614648010988e+01 7.826331843187175252e+01 7.826331843187175252e+01 8.655567614648235519e+01 9.812785810382089835e+01 1.010553468560866008e+02 9.277917000084707411e+01 9.019075015676065732e+01 9.846486068063721575e+01 9.565409040080643877e+01 8.980729024252579507e+01 8.902989129436039661e+01
7.813061968023242432e-02 2.007813061967987878e+01 9.922946108836283585e+00 1.428730391355609441e+01 1.900134912146632971e+01 2.477485181336248488e+01 3.109940713369913112e+01 4.264641251749123541e+01 6.264641251749052486e+01 7.649619407828414808e+01 5.855354367479705502e+01 7.649619407828393491e+01 7.397559575499100504e+01 5.594047171040767807e+01 7.397559575499100504e+01 7.541562315600687327e+01 5.979524082257939455e+01 5.768160205464090495e+01 7.323405214514160377e+01 7.205172912172854183e+01 5.509964566727569490e+01 7.205172912172854183e+01 8.446701615218066195e+01 6.437837209776967029e+01 6.437837209776967029e+01 7.495876615891188521e+01 5.814951380645067047e+01 5.814951380645067758e+01 6.978191709769960482e+01 8.984912811404213073e+01 9.277917000084707411e+01 7.281191017555906342e+01 7.021922577127303100e+01 8.693362851582274686e+01 7.567812629949156644e+01 6.982563496929385849e+01 6.904532315429067069e+01
2.526786264046545702e-02 4.025267862640449223e+00 2.402526786264009218e+01 3.428730391355538387e+01 3.900134912146561561e+01 3.533128074002027574e+01 5.109940713369842058e+01 4.742933875225307361e+01 6.742933875225165252e+01 6.842513821246639338e+01 4.813720262268306271e+01 6.388847809914277320e+01 5.566233191423440019e+01 4.544491856668373941e+01 6.587974526178496149e+01 6.720256820286749644e+01 4.944366254772623392e+01 4.733105534284613469e+01 6.504280543381469215e+01 6.423822328636155987e+01 4.622105912742136979e+01 6.423822328636155987e+01 7.658993409609944081e+01 7.026219971646388274e+01 5.015419625096559741e+01 6.020818450043952197e+01 4.654941212854483723e+01 6.665060747501421190e+01 7.920475683417265600e+01 8.895485708655510848e+01 7.797596208101766990e+01 6.969531109151482440e+01 5.861421655597224145e+01 7.865998482785413159e+01 7.497850491585286647e+01 5.560341203195015680e+01 5.481719827120462440e+01
4.163169627051844027e-03 2.000416316962669683e+01 3.095106602543691920e+01 3.727562134577424047e+01 4.555989259694579374e+01 5.533128074001956520e+01 6.361555198709351089e+01 6.742933875225165252e+01 6.863711132466704612e+01 6.125226979656053317e+01 4.062498702175273735e+01 5.202746850144437474e+01 3.480053506258271057e+01 5.566233191423440019e+01 7.149983523128676666e+01 5.946737674830352915e+01 4.125509634876523535e+01 3.908522730504603970e+01 5.733390856865065643e+01 5.114621727501213400e+01 4.016595010911325403e+01 5.056030323648409563e+01 6.871292017724137224e+01 7.186906810571761639e+01 6.020819798371471165e+01 4.017140887568039176e+01 4.080484243748951201e+01 5.079336201293285313e+01 7.090242146580895621e+01 8.068441154153389050e+01 6.063612092555075606e+01 4.956485310659469690e+01 6.969523731129774546e+01 8.086424825756235180e+01 6.083064307855041619e+01 4.653989868008402908e+01 6.670044210221804803e+01
5.883922493566802470e-02 5.404064063184178757e+00 1.095106602543651775e+01 1.727562134577338782e+01 3.141775696950408658e+01 5.141775696950224983e+01 6.696144008774108158e+01 5.866500461148392276e+01 4.869289789830092019e+01 6.282286773936168345e+01 5.202746850144437474e+01 3.115905712181271880e+01 2.873561968474226802e+01 4.287799263111818959e+01 5.718891393120256339e+01 6.720256827334566196e+01 5.088202543404733547e+01 3.238038603445229313e+01 4.503129333906426979e+01 3.285926879504963694e+01 4.583091882468649203e+01 6.397240901515684897e+01 6.478522544485417711e+01 5.647920762235426650e+01 4.352756355322955528e+01 3.420795170572254307e+01 5.416686069812637072e+01 6.915944452562544598e+01 7.920475683417265600e+01 8.037201753440800189e+01 6.431517048707216588e+01 4.414684146921793229e+01 5.777077590451391131e+01 6.549824363739116961e+01 5.719078918872086348e+01 4.222058772835407581e+01 4.988155272557455078e+01
1.256007409845548775e-02 2.001256007409810067e+01 3.095106602543696894e+01 3.727562134577424047e+01 3.141775696950458752e+01 5.141775696951788888e+01 5.866500461148392276e+01 3.869426557318133320e+01 3.455269645893478270e+01 5.282785283045895142e+01 5.844361738553656949e+01 3.779410072825789513e+01 2.301080057580177396e+01 2.805422038012801877e+01 4.556539777381757261e+01 5.391509772190600813e+01 5.855341096515220300e+01 4.503129333906426979e+01 2.639946870904582710e+01 3.587082674867320975e+01 5.227804923482333521e+01 6.342799725957591050e+01 5.323767891620257586e+01 3.649962866861048383e+01 2.948677090755572650e+01 4.939575129771419171e+01 4.828722760746357778e+01 6.836168553076623766e+01 8.364778509283637220e+01 6.363561366746190373e+01 5.198667126590274989e+01 4.432705409658396434e+01 3.761533054075755445e+01 5.256731697358235778e+01 3.703754177546713322e+01 4.711094651774769204e+01 6.697942818929331565e+01
9.594114293757748102e-02 1.164294652673019570e+01 2.578508215046139895e+01 4.578508215046246477e+01 5.141775696951830099e+01 5.970202825898526555e+01 5.845251013668815432e+01 3.839297529571167900e+01 2.423072691477729279e+01 4.454355961219326332e+01 5.160346467437117468e+01 5.222133343395565674e+01 3.846355885965096633e+01 1.775357015590596532e+01 2.481003764973476677e+01 4.203300670359407576e+01 5.261117036481684295e+01 4.195591241195582910e+01 2.350308525466743248e+01 3.904139407984325061e+01 5.637413885523562840e+01 4.929165915506149531e+01 3.515828580808884141e+01 2.505746121439726437e+01 4.494399233511489200e+01 5.769831582947358584e+01 6.836167779792550903e+01 7.666761601356400035e+01 9.191887265081356873e+01 8.037228052211347062e+01 7.209375253332747491e+01 6.449388787949094137e+01 5.256705040589163502e+01 3.255039045425141353e+01 5.256731697358235778e+01 6.527391232871278248e+01 6.697942818929331565e+01
7.711341127313005306e-02 1.421924903500420534e+01 3.421924903500490700e+01 5.305203470398393506e+01 6.279003144259026925e+01 5.504464274549119551e+01 5.287964492961566521e+01 3.261181573828559266e+01 1.795284319309266863e+01 3.147069041047652149e+01 3.143314597609036909e+01 3.772782014083408342e+01 3.290088975408004046e+01 2.910706645657381486e+01 1.301250465255909994e+01 3.358228501428882140e+01 3.469376453198550792e+01 3.545239304674746705e+01 2.070333618215579818e+01 3.923519179553206726e+01 4.552723998259497762e+01 3.724806049706072031e+01 2.112140297091736230e+01 4.100587234961329131e+01 3.759787941850497361e+01 5.170753186960442349e+01 7.177406677317867434e+01 8.193396400793550072e+01 8.798796770108806697e+01 7.462157579015460840e+01 6.635740068691518445e+01 6.442734855249922532e+01 4.431872934028641708e+01 3.034518707836794604e+01 5.020829759961331007e+01 5.550334189239688953e+01 7.558170727673306999e+01
2.297228869525369793e-03 2.000229722886917116e+01 2.527147326277724204e+01 4.521668702753694902e+01 5.191176025322283039e+01 3.631626499340252678e+01 5.174729750448823040e+01 4.657701535677411897e+01 3.147069041002134426e+01 1.100545036535223709e+01 2.552110279831702044e+01 2.124276762534817209e+01 4.687906487331376049e+00 8.715636134110829047e+00 2.902851042194589226e+01 3.858586466015474059e+01 2.837260178925712140e+01 1.676496714196002102e+01 3.545239304456546137e+01 4.197840633547805567e+01 3.370443841615472280e+01 1.735953563820262602e+01 2.882592872320799771e+01 4.875290645416372826e+01 5.758488386794474678e+01 6.589054249845695210e+01 6.999088839997051537e+01 6.122505566938367139e+01 6.729055449077478102e+01 6.635739505799462279e+01 4.631990294010756060e+01 5.218870588482662498e+01 4.792984251044561717e+01 2.825258446485913311e+01 3.546574599863932775e+01 4.961503130997007105e+01 6.971898115995678324e+01
9.647730019007895452e-02 8.939218758593042935e+00 2.895196809688540185e+01 4.138281977399611122e+01 3.430945079478762239e+01 2.480681574821926461e+01 4.410084644620437899e+01 5.186519742721127813e+01 3.134015512636329248e+01 2.498670551572626053e+01 6.022019784145669519e+00 4.269121070199431323e+00 4.617566921568575289e+00 2.459497202759719414e+01 3.047323134687328050e+01 2.685466467153697678e+01 1.294359610517209624e+01 3.109183400243734141e+01 3.036951423918495507e+01 3.031336995369974119e+01 1.378642266894385848e+01 2.786719961809943769e+01 4.552706342105628323e+01 5.704944035865190699e+01 6.673996363272696897e+01 5.819473237684159983e+01 4.955108003298857255e+01 4.692683331287886972e+01 6.729055449077478102e+01 6.627300391851964889e+01 4.631572871853228435e+01 3.238075481584349546e+01 4.285630258708233242e+01 2.629882177631351681e+01 4.579554422035804606e+01 5.550334189239688953e+01 7.558170727673305578e+01
3.582433992925927735e-02 2.003198616816438360e+01 3.280122593885495519e+01 3.217469904994645447e+01 1.340307859029416448e+01 3.273215428722598119e+01 3.831841302444554742e+01 3.493880024640509419e+01 3.061029594933543052e+01 1.872594965536299583e+01 3.774926621559700379e+00 2.003376394032064312e+01 2.180703381062207313e+01 5.100353966435924313e+00 2.108886447500752581e+01 9.219932864939003991e+00 2.570199376739748232e+01 2.607304715226768721e+01 8.378304516107871081e+00 1.030465823815682036e+01 3.031336995314209304e+01 4.197842082912931261e+01 5.608729492042292009e+01 5.602090890810188739e+01 5.514077950880836454e+01 3.832788109653490238e+01 3.582554789078225355e+01 5.553776129752404955e+01 6.521307780814123589e+01 6.148572400472158250e+01 6.046989980242614848e+01 4.285630265102345504e+01 2.356833966789070089e+01 4.285630264854439986e+01 5.408884688442849153e+01 6.438763202177558753e+01 7.517149033478034426e+01
1.813270376062421294e-02 6.196795821972044926e+00 1.966265435145359675e+01 2.276453285158414630e+01 7.123404306542781228e+00 1.867423343754180820e+01 1.980934991676524248e+01 4.693618565079765048e+00 2.285246436893048028e+01 3.288409187381905241e+00 2.335706150350134180e+01 2.983747286442716629e+01 2.742576627030480552e+01 2.267194571639861067e+01 5.567872268955973425e+00 1.970375975490809850e+01 6.485364277586784354e+00 6.816551786432320625e+00 7.147872103060088911e+00 2.454521620507304291e+01 3.328099620895248734e+01 4.688347732683794078e+01 5.602090890406041268e+01 3.630195890890554722e+01 3.992045357129190819e+01 2.747583810904307100e+01 4.672460044220628106e+01 5.336985233627152780e+01 4.669779938318445289e+01 4.231486891979491816e+01 5.569311121906655870e+01 4.093718192930327859e+01 2.171464018276784103e+01 2.872058419072946123e+01 3.651518449862088289e+01 4.782841019113143943e+01 6.716137539472718743e+01
2.372884694381488524e-02 3.426940136044081875e+00 1.328091096348295430e+01 1.694008210885690957e+01 1.509492875449041094e+00 1.833873301243707843e+00 2.158617854051619656e+00 2.484216367230143607e+00 2.812578003364749168e+00 8.405328881295655918e+00 2.749783411222832186e+01 4.279253245176168008e+01 3.749851581602655415e+01 1.798021868795227718e+01 5.915353864611776480e+00 6.020309683241490184e+00 1.529551076655772768e+01 2.606857395410612810e+01 2.707537817641038558e+01 7.626150740142717765e+00 2.088301755891452061e+01 3.142040488973850287e+01 4.010622754668155920e+01 3.992045338569641189e+01 2.072103038462708469e+01 3.483718460654755944e+01 3.809864362043873598e+01 3.689753821941589251e+01 3.548561630482620899e+01 3.085895301963881820e+01 4.061511864607336975e+01 3.658235096171813439e+01 1.988958220427767998e+01 3.078919234832402907e+01 5.046617662930466963e+01 6.438763202177558753e+01 7.036220712264872645e+01
8.175220331382776484e-02 4.050061632724750171e-01 7.283006913828560247e-01 1.051712912322101401e+00 1.032569431825032602e+01 1.827189208207031967e+01 2.014787159309005560e+01 2.247840831910662018e+01 3.829486068192161863e+00 2.401438395505005374e+01 1.672268400334200322e+01 3.653011944525057686e+01 4.690990156603873373e+01 2.941471611983737589e+01 3.543256917224144331e+01 1.790056241900395051e+01 3.405121619465005267e+01 4.148911848667540170e+01 3.442421293745452004e+01 1.765598120788683545e+01 8.106691992132228464e+00 1.353207121064450824e+01 3.145347087406782549e+01 4.199372511689890075e+01 3.014628999789002251e+01 1.480142670137671246e+01 2.106128765213793841e+01 3.164970227066235964e+01 3.439275032047133607e+01 2.332254547322474281e+01 3.399633737716500548e+01 1.730047831162060490e+01 2.423448801551601761e+01 4.425231739951520638e+01 5.875509011227359935e+01 7.492591500692803663e+01 5.725312220492646276e+01
9.124702163186203252e-02 1.836879450003208447e+01 2.314681235243475044e+01 2.356158580602089714e+01 2.014669122955574920e+01 3.157075910531753848e+01 2.830560059222887048e+01 8.817362838204669373e+00 2.401836402713236396e+01 3.261359033999943335e+01 3.653011964134145728e+01 2.712203717067288267e+01 4.733371654969784004e+01 5.057947849795527162e+01 5.411951256602585403e+01 4.691356660142979251e+01 5.251942144599806284e+01 4.080912854434500048e+01 2.462514895897789202e+01 1.132583287530095362e+01 2.803247862424759163e+01 8.592583219647133674e+00 2.850675783124706086e+01 3.580913014358932145e+01 1.109172328302556743e+01 1.075471671207297142e+01 1.384563514965108055e+01 1.942517796522904305e+01 2.553877971809752623e+01 2.619318537000917146e+01 1.474423717885672858e+01 3.407931003982722018e+01 4.281574080561462381e+01 5.566305873608391153e+01 5.588420390323680920e+01 5.629648926282075649e+01 4.696414241687956093e+01
2.239863785106879432e-02 2.002239863785071350e+01 3.342814958134491832e+01 4.199467197826565013e+01 4.348546421876910983e+01 3.800378346647833894e+01 1.814668358228605527e+01 2.865073013991766970e+01 1.478843249423396600e+01 3.463347161414127129e+01 4.958979365181543386e+01 4.733371325484178271e+01 4.133118964405613838e+01 6.182509856544796634e+01 7.013312086661559874e+01 6.193944389993391297e+01 5.673146203584579439e+01 3.683830218288593272e+01 3.350472434660662202e+01 1.364318535427272039e+01 1.679729856130730781e+01 8.935827785867207496e+00 2.884911318841624350e+01 2.962822125354126612e+01 1.026275733003235224e+01 3.010868034490951217e+01 1.124783662468688128e+01 1.159889654700282513e+01 1.195168789506509555e+01 1.230384062146262281e+01 2.298655409177965581e+01 2.323046828893603433e+01 3.528112028056033012e+01 4.328768021561767654e+01 3.761526058879736212e+01 5.211750342845559203e+01 4.225977207097877653e+01
1.766589122093755945e-02 6.682192140147225956e+00 1.373846506730651562e+01 2.512325814078357666e+01 4.470042006847806704e+01 4.553012540015567566e+01 2.562555772261346476e+01 4.293724550542144414e+01 3.463347161414127129e+01 2.136311244986619329e+01 3.541724411288233654e+01 5.539488112706499123e+01 6.182509847838175432e+01 7.036190432545537021e+01 6.194039967103134359e+01 4.199900962216919709e+01 4.783872026821261869e+01 3.684076732307049440e+01 1.697807584577792994e+01 3.350292121081422891e+01 3.247157977548111063e+01 9.265941200925418286e+00 9.404754131983345644e+00 9.759117203626360038e+00 2.967618363159281358e+01 3.278900094623201511e+01 4.347726827420761708e+01 3.774647734530294940e+01 3.621514560139606687e+01 3.411001976547514403e+01 1.280865399093978851e+01 1.316417937752131273e+01 3.312885224794082717e+01 2.429485662294975157e+01 4.232288750310666359e+01 3.445241847430902027e+01 3.474933427210940806e+01
