MOVIE_S9_data/elevation_000351.asc
nrows	100
cellsize	150.0
xllcorner	0
ncols	100
yllcorner	0
NODATA_value	-9999
[rows 51 to 67 of 100, columns 37 to 73 of 100]
5.579090854045661274e+01 6.709256495438911827e+01 8.653291961285661671e+01 7.993559719144317910e+01 6.032480396662965205e+01 6.861330128018738606e+01 5.342203815932182920e+01 7.267625101511382013e+01 5.608255963135951561e+01 6.070309661742974328e+01 6.562202050925667152e+01 7.132119621830310052e+01 7.788764469418138958e+01 8.764403877868591053e+01 1.071032055642883165e+02 1.259036325383341648e+02 1.176097548940847162e+02 1.176097548940847162e+02 1.011974447083584892e+02 8.847519936922428485e+01 6.870097911774094257e+01 8.421714156945022012e+01 8.130783140865825942e+01 6.171087547120016836e+01 8.148746782065514083e+01 9.571511003551303531e+01 1.090155181455441067e+02 1.015681405631423075e+02 8.745674520244975270e+01 8.228190278429674720e+01 9.118209490992751398e+01 1.026852637704437115e+02 1.226570102419394033e+02 1.310024231403342299e+02 1.237331279882366744e+02 1.154959822308365887e+02 1.070848044985862231e+02
6.960398467054847060e+01 8.337526872588915694e+01 9.460867265480240462e+01 8.806286144258038462e+01 7.166803344358069694e+01 7.624416149254332709e+01 5.661906541227595824e+01 7.624309976131127087e+01 5.851141711837485104e+01 7.813830325998250714e+01 8.523264782586616661e+01 9.087829633906547144e+01 9.737362216438933160e+01 1.055187796426026523e+02 1.152948025609942846e+02 1.230236191972362434e+02 1.130851961949044551e+02 1.048328218918405526e+02 9.295257600316341495e+01 7.314736022233569201e+01 8.847519936922428485e+01 9.671961222184553719e+01 7.817883941884089438e+01 6.423367280031861526e+01 6.766124583953859428e+01 8.162883014904660683e+01 1.015231074944602199e+02 1.138581505437936841e+02 1.073939591459172078e+02 9.377494748536548741e+01 1.104875490804610223e+02 1.194158447042544822e+02 1.309582381687545478e+02 1.290888743325552639e+02 1.091816750526708546e+02 9.552838970190008183e+01 1.154959822308367023e+02
7.273107169057588806e+01 7.873767370353992590e+01 9.818159084986423579e+01 9.937361964523904589e+01 9.122930022019664875e+01 7.956138974839286959e+01 5.993640700136393917e+01 7.956136282425813988e+01 7.813830327508607354e+01 6.203209877844867037e+01 8.166436180629531805e+01 9.123566824164917932e+01 9.772842511384999398e+01 1.058730713699464303e+02 1.156467667171963711e+02 1.147521390280945468e+02 9.491350462513665320e+01 8.500590415909304909e+01 7.799959914455727983e+01 8.713679399905018386e+01 1.011974447083584892e+02 1.063319911085156662e+02 8.657912627700987684e+01 6.679601026698462363e+01 8.657912627700986263e+01 7.421767480637659276e+01 8.565611279744042861e+01 1.055748369704714094e+02 1.168124908656689911e+02 1.137253736940081694e+02 1.220175386359618273e+02 1.278261181301700304e+02 1.195913469731952148e+02 1.125402427372167580e+02 1.065167588600472897e+02 8.918961688638279384e+01 1.091816750526770079e+02
5.927405864126515667e+01 7.873767370353992590e+01 9.368861888473495014e+01 1.034164105187896467e+02 9.430890742231569845e+01 7.477312016580637533e+01 6.340897137042799869e+01 8.302991539093878259e+01 8.166436180629612807e+01 8.166436180629614228e+01 6.572004126477636987e+01 7.167997684881422060e+01 7.825015450482810309e+01 8.800260616561334359e+01 1.074542442846747008e+02 1.230235897592453682e+02 1.130851334888268269e+02 1.018568946801310489e+02 8.204027553125222028e+01 1.018568946801310489e+02 1.152580954176668797e+02 1.026359852391481269e+02 8.328177226787134657e+01 6.941195816936983931e+01 8.923074752136734844e+01 9.407475621187020920e+01 8.197586105276394619e+01 8.859770814741042955e+01 1.026750492288261825e+02 1.226500547928293798e+02 1.310679898536807002e+02 1.111898612843562262e+02 9.964781249274098229e+01 9.256260803040055407e+01 8.652424655712127333e+01 8.384032633653175992e+01 9.766485229504158383e+01
7.873767370353992590e+01 6.617816922613060626e+01 7.590206079620391222e+01 9.531132878650402063e+01 1.024512353396138877e+02 8.680187571944571800e+01 6.720219492011831619e+01 8.680187571944571800e+01 1.012205458781451313e+02 8.826046702751520456e+01 6.866539012284901844e+01 8.826046702751520456e+01 9.772842514087000154e+01 1.058730726493797221e+02 1.156467790673638518e+02 1.258645785963271067e+02 1.059922239482983457e+02 9.457268304887656996e+01 8.700387190590232933e+01 1.059952086114584375e+02 1.195689741288634451e+02 1.091999757991925719e+02 9.199273114181470135e+01 7.212359299102679699e+01 8.614517485171845124e+01 1.061099808440867491e+02 9.345391476957291843e+01 1.085255929004304107e+02 1.026750492288267367e+02 1.226500548088536391e+02 1.393034375997575580e+02 1.278261181301700304e+02 1.195913469731952148e+02 1.125402427372167580e+02 9.867505796666478091e+01 7.868757559449869632e+01 8.352118753037790100e+01
9.174460213935788033e+01 7.233483485257714563e+01 9.174460213936237096e+01 1.034164105205392588e+02 1.045731511183421105e+02 8.508670274865392003e+01 7.123607499408329602e+01 8.508670274865392003e+01 1.045731511183421105e+02 9.127820218157128807e+01 7.172104315170732036e+01 8.557355692460184571e+01 1.050504341294744677e+02 1.151956247584278827e+02 1.291185801205343466e+02 1.341459379590583012e+02 1.226522273982377413e+02 1.120607914828911476e+02 9.230594172044787626e+01 1.120607914828911476e+02 1.115881949155208019e+02 9.200237565707655563e+01 8.251625981394430198e+01 7.518708150583600514e+01 9.509516279142131623e+01 1.093841403439491273e+02 1.133972609193195211e+02 1.216892150122828156e+02 1.226500548089585578e+02 1.309499365077605546e+02 1.300850812299381118e+02 1.186884834622304652e+02 1.105284888188055277e+02 1.053999638599919422e+02 1.007062491183425408e+02 9.351430633393970027e+01 7.356338052637283909e+01
9.983866147927669488e+01 8.605374096445829935e+01 8.605374096445829935e+01 1.054835563693985705e+02 1.067175326488917904e+02 8.721545304935722243e+01 7.670946511732617523e+01 8.721545304935722243e+01 1.067175326488918046e+02 9.600460692258211282e+01 7.651714094598310112e+01 7.781397831886889094e+01 8.756903254605614961e+01 1.012726698563864574e+02 1.199465445711274754e+02 1.297929570861201398e+02 1.260724529528480105e+02 1.062569712704283944e+02 9.976763298912641176e+01 1.195304245978948785e+02 1.202676772377208465e+02 1.098610759430674193e+02 9.961438799657852883e+01 7.998599723140389983e+01 8.116123792985767693e+01 1.011099191014154570e+02 1.137716530869247009e+02 1.220543182118673826e+02 1.335880521445060651e+02 1.390698742778593839e+02 1.219474461258302398e+02 1.021692319006041316e+02 9.061796162317159542e+01 8.544590628354556827e+01 8.073506368121979904e+01 7.658275506459816029e+01 7.270130579736293441e+01
1.066277374897148462e+02 1.054835563693987837e+02 1.054835563693985421e+02 1.136235820132537242e+02 1.149087259010187694e+02 1.018110377604982233e+02 8.237312859543489196e+01 1.018110377604982233e+02 1.149087259014768705e+02 1.010209773118612304e+02 8.159265833578436400e+01 9.728802277555294609e+01 8.495698185512551959e+01 9.228450529196915397e+01 1.019430966455073957e+02 1.215175094783530625e+02 1.343416754452361772e+02 1.260724529531301812e+02 1.096097086753218974e+02 1.277881109291009096e+02 1.241099064552371232e+02 1.041486075669107265e+02 9.261743294048106634e+01 8.629562391049464054e+01 1.011099191014154570e+02 8.781022772784749009e+01 9.383248382731207471e+01 1.053362896318342194e+02 1.252945738572682046e+02 1.308824745372087364e+02 1.107214699212410949e+02 1.006280559629861813e+02 1.105284888188055277e+02 1.053999638599919422e+02 9.228660209521495972e+01 9.070858776022905090e+01 9.263858889588735224e+01
8.678776089770340718e+01 9.771302567056191890e+01 9.521977612474393027e+01 1.034252131815162272e+02 1.148674413685433677e+02 1.082873709293147755e+02 8.885837142285595291e+01 1.082873709293165518e+02 1.206006594131879552e+02 1.010209773118535423e+02 8.746618817108239341e+01 1.068720711951813200e+02 9.362165692918155457e+01 1.043804823554580423e+02 1.199465446089659366e+02 1.297929575839739300e+02 1.393496085592087468e+02 1.377302084342016997e+02 1.294511405107396911e+02 1.377302084342018986e+02 1.323951208354766607e+02 1.208635300812889142e+02 1.026112590274556169e+02 9.524289542304109091e+01 1.145491782284777429e+02 9.595986406047173034e+01 1.137716530868189153e+02 1.079232169239717649e+02 1.278909671656057867e+02 1.380985646352667402e+02 1.245684154331829490e+02 1.203450130367571518e+02 1.283982896942228535e+02 1.204096931275740303e+02 1.122077008427706204e+02 1.106477718966231123e+02 1.052791131240563232e+02
8.075096691847612362e+01 7.795279319179199717e+01 7.538059560113926239e+01 8.683982079190511172e+01 1.066682011465822342e+02 1.164834171500646534e+02 1.082873709293090059e+02 1.025487080062150085e+02 1.221417287881319709e+02 1.133536948485773621e+02 9.390882388839635553e+01 1.133536948485966320e+02 1.047900950674277141e+02 1.213090881062668700e+02 1.322850932432981494e+02 1.333966103756646362e+02 1.191659898986613513e+02 1.333966105606353096e+02 1.394608913429138681e+02 1.311688597406574956e+02 1.311688597310782143e+02 1.308566791246933860e+02 1.225729948754713661e+02 1.067644755434089205e+02 1.234778570855643522e+02 1.100496498677126453e+02 1.122336473681706508e+02 1.278908835369206543e+02 1.361848520443910218e+02 1.319263637802804965e+02 1.226964271317901023e+02 1.181732234953710190e+02 1.098183188676274256e+02 1.181732234881001062e+02 1.123414976136769639e+02 1.111380603841857351e+02 9.116591642804752382e+01
6.087904429865049138e+01 6.388986906387339815e+01 8.376683429631557942e+01 9.270444495332488088e+01 9.703076729966124958e+01 1.052406117554296827e+02 1.166867751798614847e+02 1.221417287881136104e+02 1.304181262264101804e+02 1.215800403433478181e+02 1.035559525617569818e+02 1.215800403461630594e+02 1.244149978953823279e+02 1.327055077033855071e+02 1.362051954132238052e+02 1.159964686692823221e+02 1.047715298492755664e+02 1.243445652487068287e+02 1.311688597406574956e+02 1.109180432517375010e+02 1.109180432517368899e+02 1.251894665780053231e+02 1.350083847409970303e+02 1.267205481960509985e+02 1.340490749823408123e+02 1.300255776377435950e+02 1.322156669615919498e+02 1.405120549176890847e+02 1.289569182368633733e+02 1.199514870903044113e+02 1.014440798086761504e+02 1.049763059139414736e+02 8.972834136908595326e+01 1.064707807530870696e+02 9.229663342470298915e+01 1.064707807530870696e+02 1.052791166072626368e+02
7.495682395559666134e+01 8.376683429631557942e+01 6.879963421575551763e+01 7.286556576741112679e+01 7.720506766680679789e+01 8.864951528573607220e+01 1.084797704662112210e+02 1.196257031811444449e+02 1.284968832043440443e+02 1.314377413767913936e+02 1.231514371355163888e+02 1.314377412693125962e+02 1.306109325223778512e+02 1.389262429410692903e+02 1.298146349010798133e+02 1.095794501847959310e+02 9.570407447088707897e+01 1.159964686692823079e+02 1.293296237931321002e+02 1.168493700739717127e+02 9.655215222977535916e+01 1.100836307920584147e+02 1.303117871871509692e+02 1.280846096135528285e+02 1.138209993058286358e+02 1.280846096135528285e+02 1.415581662062835733e+02 1.348472705179997888e+02 1.146906757600080056e+02 1.004983260470851292e+02 9.156806987071976778e+01 8.488401966760265793e+01 7.964140701208771134e+01 9.339360719549215162e+01 7.802798867059183863e+01 9.346360046268053168e+01 1.017721856642898217e+02
9.480365109643832966e+01 9.566682586246359676e+01 7.583396510681221514e+01 9.270444495332488088e+01 9.122220499713083086e+01 8.498213815051104802e+01 9.158196928503504353e+01 1.004437489090168611e+02 1.144905911377448433e+02 1.343177697687322905e+02 1.391121319666198417e+02 1.189463451245096621e+02 1.104072744998221225e+02 1.272834228860408388e+02 1.239161019636118795e+02 1.036410145789945432e+02 8.935463408191506574e+01 1.095794501847991143e+02 1.210048228914536992e+02 1.007568118044721643e+02 8.985201825030287637e+01 1.100836307920639001e+02 1.271268295434723115e+02 1.197456655011899898e+02 9.946039779876265641e+01 1.197456655011899898e+02 1.214057819857646905e+02 1.355613504576208470e+02 1.289561073995734830e+02 1.199514870885770534e+02 1.116050970965124378e+02 1.049763059139414736e+02 9.339360719549215162e+01 7.315655510985942556e+01 6.890361250320185604e+01 7.478011040002670029e+01 9.141363243392532922e+01
1.025762928017081350e+02 1.038768105507008812e+02 8.985816098626952453e+01 9.202770289761809863e+01 1.110538771883191060e+02 9.642003823949268337e+01 1.114188190490781949e+02 1.196257031982151489e+02 1.284968832220501156e+02 1.361912459197942553e+02 1.245554111059935138e+02 1.162190074835450844e+02 9.876809317732805482e+01 1.189463451245131296e+02 1.188473301174666830e+02 9.859001631494651008e+01 8.437249980234405200e+01 1.045232461590808271e+02 1.168313810050687636e+02 1.044723910683466102e+02 8.432144944028495104e+01 9.853937665639242027e+01 1.109044330471122208e+02 1.025400661739028010e+02 9.184436462406789303e+01 1.120785549842039757e+02 1.070172964103993536e+02 1.254993382833201423e+02 1.356087840764016903e+02 1.261012459691014271e+02 1.145717864431163946e+02 1.056277718106723569e+02 9.735133282055666371e+01 9.098386660901819312e+01 8.384552881244810862e+01 6.371399184677102312e+01 7.794139020198649348e+01
8.271257736422393236e+01 9.675037418497109343e+01 1.096901833857607613e+02 1.118590661674790709e+02 1.200629927777886934e+02 1.162627045031560584e+02 1.244650665578570568e+02 1.265776123021732218e+02 1.348557463070881397e+02 1.278758292278099162e+02 1.076854616712289641e+02 9.606607200457175111e+01 9.168308023264168583e+01 1.118122557323512751e+02 1.143176570517063766e+02 9.409404282985882162e+01 7.993667706695717357e+01 8.831432245968252914e+01 1.025728517323756535e+02 9.996650353910430908e+01 7.988574969967066863e+01 9.994592793264978070e+01 9.464802410055094128e+01 8.241986802424568737e+01 1.025399595570423230e+02 1.080873435157518259e+02 9.686826637854181854e+01 1.070172966676242652e+02 1.273094389675214018e+02 1.178328463756686943e+02 9.785995314154382640e+01 8.628832878958962738e+01 7.721563666793204561e+01 7.074742399884472377e+01 6.540277525610792964e+01 6.063133841905710142e+01 7.669944891972691892e+01
6.866379193275557213e+01 8.853052491630153042e+01 1.048547884742763898e+02 1.137326256033355492e+02 1.251885242199513044e+02 1.273751499487261185e+02 1.190587765139404013e+02 1.062862389933619767e+02 1.190608106020838051e+02 1.273939343705071110e+02 1.245554111059935707e+02 1.054468515323256241e+02 8.537827811794221589e+01 9.925356377654050277e+01 1.075887678620761818e+02 1.083785182725536913e+02 9.422059623628261704e+01 7.422631391233002773e+01 9.422059623628261704e+01 9.581390208780761952e+01 7.576115401511046343e+01 9.006771145262671041e+01 7.464550878436206460e+01 7.868015955431022235e+01 8.290418507822387539e+01 8.787802730429467601e+01 9.951102652072449928e+01 1.198028104018672764e+02 1.356087840882740352e+02 1.213005368286645194e+02 1.130316079126326230e+02 1.056277718106723569e+02 9.735133282055666371e+01 8.510865458043566889e+01 8.557544982512955301e+01 7.669944891968326317e+01 5.704301916632449121e+01
8.171629810119246429e+01 7.677779649077724855e+01 8.565569229263509499e+01 9.712485298400829947e+01 1.169971951975443574e+02 1.190587765139370049e+02 9.872143736547229764e+01 9.449340466475695166e+01 9.872145487109797557e+01 1.190610874545832019e+02 1.256040742909094377e+02 1.054468515323256099e+02 9.925356377788025952e+01 7.925375190597536346e+01 9.925356377788025952e+01 1.047979429069714428e+02 8.467681429400757054e+01 7.062399971222637873e+01 9.057015641961804420e+01 9.503192586783853812e+01 8.669840701334747735e+01 7.017659488524431310e+01 8.422564997248915120e+01 9.874328160534473398e+01 9.710245602483720972e+01 9.931919199591322922e+01 1.164450913507870951e+02 1.281331402341065768e+02 1.213005366512883825e+02 1.097634928688925271e+02 9.304066598716433134e+01 1.036077875141722444e+02 1.118805799361430218e+02 1.051678831702246413e+02 9.089076450335647905e+01 7.082121353717448642e+01 7.082121353717448642e+01
