MOVIE_S9_data/elevation_000297.asc
nrows	100
cellsize	150.0
xllcorner	0
ncols	100
yllcorner	0
NODATA_value	-9999
[rows 17 to 33 of 100, columns 0 to 36 of 100]
5.222468517465790605e-02 1.710347928367274761e+01 3.078618610253928267e+01 1.951434833192000440e+01 3.582795728034855642e+01 2.150787562127356622e+01 2.459463866967472967e+01 1.354248201218276115e+01 3.361966941666435105e+01 5.189427157744379571e+01 4.248360460752154921e+01 2.979341638424960337e+01 1.112301729986936394e+01 6.334526654944988344e+00 6.730919213887714747e+00 1.767688114389391885e+01 1.386829435658461662e+01 3.408548619465464213e+01 3.551078393026860169e+01 1.588252532791274696e+01 2.923835561514837167e+01 2.967909962877733321e+01 1.556841042743233849e+01 2.739569719129395864e+01 4.498546772343246403e+01 3.396432661118817720e+01 1.490414660744239939e+01 1.284566488243553728e+01 2.893723283226209020e+01 2.330625227588731363e+01 3.380710221593711395e+01 3.034718458286020137e+01 3.484004725420687265e+01 3.051431468903493283e+01 1.614939792478800840e+01 2.620490586962231561e+01 1.738421996340793285e+01
7.333276091007127906e-02 1.920216093406671831e+01 1.872174106995497800e+00 1.462712903727775515e+00 2.159897767007322145e+01 2.144098439718415960e+01 4.283830545240682852e+00 2.455131673548627091e+01 4.162058398187168251e+01 3.751530477746497638e+01 2.358553565568591281e+01 2.469296238616242789e+01 5.792569135280849046e+00 2.308430732366427662e+01 2.625788520910942125e+01 7.291768016664222252e+00 7.688613518504004318e+00 2.674921918869983983e+01 2.822899281113194192e+01 9.965950176776054548e+00 9.610033257572954568e+00 1.000502036923746374e+01 1.039851666755937210e+01 2.970635183487243935e+01 3.089160219834943888e+01 3.134173117924047247e+01 1.228280220545278567e+01 3.104332924083705691e+01 1.343092255247587197e+01 1.384618756495976655e+01 1.426403454179509644e+01 1.468497639387566345e+01 1.510936978314394352e+01 1.553754368777043382e+01 3.527697579315542953e+01 3.888311639615767490e+01 3.693730166872376941e+01
6.343274376862209629e-02 1.960833100783619898e+01 9.369982883177983002e-01 9.930797622287380833e+00 1.989205155093633604e+00 2.363762192273024088e+00 2.740281960942231532e+00 2.255484090119308860e+01 2.665131170506759872e+01 1.817859115175467721e+01 2.429202008962728954e+01 5.251947304980794762e+00 2.490782120498761287e+01 3.324795661724384388e+01 2.930126969998228859e+01 2.923905527841142771e+01 9.510289565782676036e+00 8.252345203999848167e+00 8.650664001407374570e+00 9.049335324101255296e+00 2.847424290752043774e+01 2.933719468412558484e+01 1.532549544748414583e+01 1.095120052593727422e+01 1.134407732806376856e+01 1.173416565567689140e+01 3.098446662455691936e+01 1.463787207367031407e+01 3.326013288239573740e+01 3.360472417607650897e+01 1.731332103106953468e+01 2.943586319971276666e+01 3.484249936755040267e+01 1.697938524059822285e+01 3.910836035492597773e+01 4.574244131433184180e+01 2.591201621623682527e+01
3.497053469895897854e-02 4.082972311722377623e-01 1.482753236582964540e+01 2.169671261398672257e+01 2.164407438616111889e+01 2.218235986862363873e+01 1.744508020260370529e+01 3.273604829568590446e+00 1.497058716129435041e+01 4.337669166296195478e+00 4.715211469221931573e+00 2.429895542413968457e+01 2.490014437110911771e+01 4.469301821414985199e+01 5.153940085548050121e+01 3.556566110233274003e+01 1.545039974846838682e+01 2.794090172242866288e+01 2.808448002376258756e+01 1.401589989499931832e+01 3.181900841791030388e+01 1.500052551831677938e+01 1.434838042096309252e+01 3.050926297933186859e+01 3.062260235180734824e+01 1.618510668024056187e+01 3.430180592972261877e+01 3.404031576819527771e+01 1.703652383747272481e+01 3.673096827576334533e+01 4.569062548227655896e+01 4.818639182314816338e+01 4.742150492698357311e+01 2.907050846982766501e+01 4.740985971832168389e+01 5.150677628633495431e+01 3.153271318088278719e+01
9.635555453094322986e-02 1.016530405156976258e+01 1.071886660565932026e+01 1.970628310920247017e+01 3.476196936083184141e+01 3.290137444612586393e+01 1.210705593464278707e+01 3.427061872299427492e+00 3.784281756658797402e+00 2.315278147016685395e+01 4.920064977214714474e+00 8.085667190335055210e+00 2.772331012584449539e+01 3.800556813201637851e+01 4.959541382713489099e+01 4.159123510758399789e+01 2.161011359397545206e+01 4.159123510757140707e+01 4.078247257353108068e+01 2.386840730644493647e+01 3.854062660105354610e+01 1.775593997952207204e+01 2.423015992889652281e+01 3.874021177843919617e+01 2.523145746361730346e+01 3.468341392250448507e+01 4.283679612748242960e+01 3.635432174299709374e+01 3.673096827625016658e+01 1.949075366679505095e+01 3.342854009293587580e+01 5.318694758330425287e+01 5.750231922397512108e+01 4.916590770969410329e+01 5.744745164512969637e+01 4.094092927237210944e+01 5.150686742758509240e+01
8.845047570523793812e-02 1.989409453965643593e+01 3.039959436141381488e+01 3.437534853322404160e+01 4.243142845080537029e+01 2.697387633338774293e+01 3.283306860207048317e+01 1.223663291556988320e+01 2.886204162539911877e+01 3.329620431334502939e+01 1.669605050741110475e+01 2.772331012595278921e+01 1.162289157925659389e+01 1.992817221599261401e+01 3.954851842717010157e+01 4.872571923984924069e+01 2.855110173115222949e+01 4.872571923985049125e+01 5.307460097627436113e+01 4.421889552773895815e+01 4.041072128904202998e+01 2.055773597194234625e+01 3.848127947783515168e+01 4.693530613360236003e+01 4.510990929552602324e+01 3.767240027960522042e+01 5.818464027121963511e+01 5.521332808352445198e+01 4.102997679357524419e+01 2.124998034520085710e+01 2.868746339259286771e+01 3.757791772806358210e+01 4.905344092037544357e+01 6.877101187169967034e+01 6.796554488357290325e+01 4.804448948583414847e+01 6.400290002195826844e+01
8.023991185656004221e-02 2.008023991185620361e+01 3.540132728974619170e+01 4.434559919974550724e+01 5.563659578486137036e+01 4.148384418982593758e+01 3.495295327706363508e+01 2.860085230324104799e+01 3.495291185309390869e+01 3.595264078059563673e+01 3.013719609663997900e+01 3.950458025254457084e+01 3.124812379813157648e+01 1.528575635920585007e+01 3.496747930541540939e+01 4.742129634934215687e+01 4.872571923985049125e+01 4.269895156214017362e+01 6.329673667949165150e+01 5.456552371908227883e+01 3.454767698789477492e+01 4.041076855067026230e+01 2.463875609139893186e+01 3.868914582439291650e+01 5.872858584506237634e+01 5.219655047719493268e+01 6.680010487763492222e+01 5.690897073998394262e+01 3.710089462397216664e+01 2.308501926560696305e+01 4.290362846858357670e+01 5.668191980512752082e+01 6.552086513529231127e+01 7.687876171394927383e+01 7.612839620971062971e+01 5.804907706297690595e+01 7.612839620971062971e+01
4.598823041778624804e-02 7.117056042283292250e+00 1.606132795228260690e+01 3.020346357601381015e+01 5.020346357601451359e+01 6.157485999220175188e+01 5.631072911238025824e+01 5.028828130412527031e+01 5.631021681258361866e+01 5.585338006679475598e+01 4.999268772817664086e+01 4.559566710523613153e+01 2.571214841062621659e+01 3.496747930541540939e+01 1.935577280441471970e+01 3.328927025714083499e+01 5.325794298962820505e+01 6.330062597371563271e+01 7.202670762054582099e+01 6.281975473742996030e+01 5.456552371911915600e+01 4.760329276623730266e+01 2.760609086306910953e+01 3.757122565099266609e+01 5.763520150170796796e+01 7.298362580394956467e+01 6.890561379520066509e+01 5.742007551212654448e+01 4.481561713723464635e+01 2.496468800900126794e+01 4.480633301563908333e+01 5.091895528000292614e+01 5.092083393748063003e+01 7.065371768441762867e+01 8.601627565382217711e+01 7.788201367142808351e+01 8.601636591946223120e+01
7.340434288523949025e-02 2.007340434288488495e+01 3.540132728974619170e+01 4.434559919974550724e+01 4.980266172121508816e+01 5.808957975409698093e+01 6.191685891987383172e+01 6.372787078763772683e+01 5.545377384558810974e+01 6.372787078763771262e+01 6.560779081943677227e+01 4.559566710523620969e+01 3.714386508439360313e+01 4.223852849204123316e+01 2.238534708878174229e+01 3.638022226130313186e+01 5.638173084682384939e+01 6.765978802126733171e+01 7.769666661023282472e+01 6.702526887870368455e+01 4.701673161885064900e+01 3.279485591999339533e+01 3.462309552452100547e+01 5.462738805603714098e+01 5.763512914375846208e+01 7.755375313264710257e+01 6.067316503313782761e+01 4.083679509561143561e+01 2.933270514602492796e+01 4.480768197869561220e+01 2.848305538740464371e+01 3.104763778753773096e+01 5.092083394249203110e+01 6.071192415138960286e+01 6.729026280459862619e+01 7.541954811487551069e+01 8.523957329133443750e+01
3.515918393995972474e-02 1.417729480767103567e+01 3.417729480767174266e+01 3.566233713413286210e+01 2.980542034753088032e+01 4.980256646336628279e+01 4.193167917792970911e+01 4.476813181299223032e+01 3.546276816587854341e+01 4.700773024576849224e+01 6.699128396441275868e+01 6.543642962842525890e+01 5.714104337346388007e+01 4.607429655732558871e+01 2.614306102388151842e+01 3.119358495951900423e+01 3.932017493692315924e+01 4.932817430769889455e+01 6.938110059763810966e+01 7.355375095446332523e+01 5.681784767781774548e+01 3.672366660715983500e+01 5.462751533889251476e+01 4.730579310968295204e+01 6.646861693470131627e+01 7.630524044097685987e+01 6.579938438705708847e+01 5.253361076209922942e+01 3.264923821845997054e+01 5.253256599406129368e+01 4.256360787201649032e+01 5.092083394249203110e+01 3.488763823334988246e+01 4.091045216263811568e+01 4.755524392158361024e+01 5.746434771694348598e+01 7.711618227555412375e+01
4.608085242692564615e-02 2.004608085242657012e+01 2.495814903825801068e+01 1.566359760514918875e+01 3.024451511557520789e+01 3.319283679819702826e+01 2.779151499049787688e+01 2.477266989988032364e+01 3.891357079179241651e+01 5.890229250900467406e+01 7.526306144705201007e+01 7.526557973871075546e+01 6.524382383684925912e+01 5.007264349367365242e+01 3.008090880881274387e+01 5.007264346539596289e+01 4.749719911441751918e+01 6.753716266038840388e+01 7.769287724778811821e+01 6.535555995622401326e+01 4.533209940111814262e+01 4.232792124543909296e+01 6.237902260798617249e+01 6.689059950231417417e+01 6.671475345871988338e+01 6.827411206267352384e+01 4.770532547668315715e+01 3.772084276657633239e+01 5.253081249641487460e+01 6.071445933896720959e+01 6.244808118491698679e+01 5.202848468198404674e+01 3.797101132047861682e+01 5.780125849057713339e+01 6.729026499624875157e+01 7.541954811487551069e+01 8.523957329122679027e+01
1.610643649003322755e-02 2.477936256076683108e+00 4.958630947860841687e+00 7.498633487864641900e+00 1.024584476683837941e+01 1.319468388993494479e+01 1.624465529656379204e+01 3.624204728072074744e+01 5.006024192023271979e+01 6.257188228169543720e+01 7.083143444897099528e+01 6.696964119467801879e+01 4.691977350830048010e+01 3.690937046487537998e+01 5.007264349367365242e+01 4.420247614306182271e+01 6.424448112492453333e+01 7.583744635182546290e+01 7.600801119726162369e+01 5.607837076560728917e+01 6.535555995622401326e+01 6.237902260798617249e+01 5.133971601322751610e+01 7.131000924926127027e+01 8.518917243729531208e+01 7.721838899683312718e+01 6.582661965010838401e+01 5.759503233055374238e+01 4.360789269651031219e+01 6.344243528074359517e+01 7.974593746091845503e+01 6.101324742208804963e+01 4.121321787823557514e+01 5.011751991001631268e+01 6.153293991718992118e+01 8.115944296106505362e+01 8.640057580015499639e+01
2.022278438842990689e-02 2.002022278438807490e+01 2.495814903825801068e+01 2.164063321811810425e+01 1.919010933012677356e+01 3.319283679819702826e+01 3.624204728072074744e+01 2.179165709086804270e+01 4.178653050674021330e+01 4.259787444712798532e+01 6.257188228169543720e+01 7.526557973871075546e+01 6.298952745536141151e+01 4.294112724562036476e+01 6.298952745536141151e+01 6.424448112492473228e+01 7.254094282218264311e+01 8.379447895408057434e+01 8.416728615697584814e+01 7.020790484736323833e+01 7.600801119726162369e+01 7.949383036693419058e+01 6.290989417246040460e+01 6.549560467495382454e+01 8.534722362967842457e+01 8.992195808791697687e+01 7.016488920374311533e+01 5.617287306832816540e+01 4.859052514991250149e+01 6.839307139122350065e+01 7.591317054734192027e+01 5.625357214801181271e+01 4.480019855795380579e+01 6.456269698286760672e+01 7.795340957348336985e+01 8.928185790369678898e+01 8.225086688805961899e+01
6.642187732006160639e-02 1.001767782582381550e+01 2.965971165578934432e+01 4.163837494680718976e+01 3.333166892206211429e+01 3.918788019506811793e+01 5.006024192023271979e+01 3.179151444598469212e+01 2.845831622748232093e+01 4.000435078019528135e+01 5.413773140081055146e+01 7.409314664433513542e+01 7.128723413062492398e+01 5.451501406806225702e+01 5.711754508151012999e+01 7.716574694032898662e+01 7.798074986767645100e+01 6.391644217198933831e+01 7.798074986767645100e+01 9.001070661039246090e+01 9.576174725146856304e+01 9.093505392649571206e+01 8.278477983888399194e+01 8.534722362967842457e+01 9.349205605891464188e+01 9.570984191076482261e+01 7.595159628418042530e+01 7.367825691519237807e+01 5.390289714536591248e+01 7.367826017408569328e+01 8.403503510444478763e+01 7.152413358648463770e+01 5.183421691965662603e+01 5.143382661873196326e+01 6.538453952209012243e+01 8.499097720647638710e+01 9.056315056239959915e+01
1.591255364720534082e-02 2.001591255364684940e+01 2.886805500552976156e+01 4.730835312267110737e+01 5.332602487448142625e+01 5.918026056822345282e+01 5.177906774654819344e+01 5.177214866168689866e+01 3.845773876890559961e+01 4.000433450623160070e+01 5.154621179844733803e+01 7.149351883269189045e+01 8.285835434452737047e+01 7.456592802712336265e+01 7.716574694032898662e+01 8.545692317973977481e+01 6.973858434878823687e+01 4.982503448535724999e+01 6.973858434878823687e+01 7.409978085577442641e+01 8.234528649443883808e+01 8.428204269658269254e+01 7.603533494457384734e+01 7.713006847015749656e+01 8.537816491827368282e+01 9.905081782187922101e+01 7.929803274257172063e+01 6.532904842879563034e+01 7.367825928012702263e+01 6.789240481590704235e+01 8.764655067386254927e+01 7.964642823925207438e+01 6.067735286349416413e+01 7.112713216493537516e+01 5.891577732689810887e+01 7.281282277035177231e+01 9.239073095678439529e+01
6.189296070378335485e-02 1.420402858443485883e+01 3.420402858443556227e+01 5.021573952468906299e+01 4.972950429513089432e+01 5.807101367029806482e+01 7.173595957148012303e+01 6.658219343038854277e+01 5.258170516663493999e+01 5.996636760053888793e+01 6.821361968337050996e+01 7.971243019093576265e+01 7.448631242575039835e+01 8.277752618129605366e+01 7.976500918553608699e+01 6.827158984243166628e+01 6.002597872358892062e+01 4.228087355495158306e+01 6.002591357888756818e+01 5.419632687776213231e+01 7.409978085577442641e+01 7.279824536558116677e+01 5.615259892609370951e+01 5.724877295719473125e+01 7.130958115367843675e+01 9.118198167568641566e+01 9.326904852388969402e+01 8.508349307915456450e+01 9.326902717900212281e+01 8.764655067386254927e+01 9.583302169932984782e+01 8.841915698042618033e+01 7.202544844656470957e+01 8.547356456464763141e+01 6.588244924168465388e+01 7.495438017842472789e+01 9.453264829162293381e+01
2.247884206357958492e-02 2.002247884206322581e+01 2.854804394612859753e+01 2.796450426142513734e+01 2.950728818253384134e+01 4.711922103926396943e+01 5.546609989763733495e+01 6.712345434254991972e+01 7.237488638819544917e+01 7.160006300960837677e+01 6.350728525638366762e+01 6.037442278882614488e+01 5.452908671049980427e+01 7.448631242575039835e+01 7.151969233130343184e+01 5.161199639509605674e+01 4.009441767081640506e+01 3.522493324617192201e+01 4.009441765370829103e+01 5.679880759051778227e+01 6.495938615508205771e+01 6.455603195207801548e+01 4.463407844101162425e+01 6.455603195207801548e+01 7.595252452517475206e+01 8.743455110065120550e+01 9.231013396837190044e+01 8.401790176656534470e+01 8.660741579277021174e+01 9.490742905828999199e+01 1.030177935379752228e+02 9.972914286717278287e+01 9.160174354431168808e+01 9.359416362413749368e+01 7.569241157569129541e+01 9.359416362413749368e+01 1.026649262791983688e+02
