MOVIE_S9_data/elevation_000323.asc
nrows	100
cellsize	150.0
xllcorner	0
ncols	100
yllcorner	0
NODATA_value	-9999
[rows 17 to 33 of 100, columns 37 to 73 of 100]
4.357694393874228211e+01 5.727335202297043537e+01 4.487113003294355451e+01 2.024413096619682406e+01 2.009889092842920277e+01 2.623711973055316804e+01 3.892622674314618081e+01 3.943854837329033103e+01 2.372091013086217259e+01 4.458362244895317872e+01 4.446922632530384334e+01 3.554204772060012374e+01 3.843863343425582002e+01 5.709132040924739471e+01 5.346092084690572932e+01 3.293939886020865515e+01 5.346657540490645033e+01 5.164781918706777475e+01 7.155119945655124525e+01 8.094479839144533173e+01 6.111863372821681395e+01 6.323878598721138644e+01 4.339820857854851965e+01 3.854086297927725013e+01 5.845945458408577622e+01 6.819105014960962308e+01 7.286179930623440271e+01 7.859124584430003324e+01 8.680961490933063374e+01 9.826911964218425055e+01 1.105882722061385550e+02 1.047816156268466301e+02 1.055718572606440517e+02 9.167818686060026323e+01 1.055718572606440517e+02 1.019631877134610960e+02 8.290509718229436942e+01
6.299869552647776771e+01 5.649466295832490914e+01 3.628578623983983675e+01 2.152164153698539906e+01 4.026743809493981274e+01 3.216747964618615185e+01 4.493757969307041833e+01 4.488995422060809659e+01 2.507736432929733184e+01 4.514943890459196041e+01 5.460857340174297292e+01 5.590268823195560088e+01 5.710821792787611173e+01 6.529842164094657164e+01 5.772194807616486401e+01 3.758846326677683436e+01 5.776910044689582691e+01 7.155119945655124525e+01 7.977954783181836262e+01 8.914096874314424213e+01 7.467852348417126507e+01 5.486139283480739692e+01 6.323698583958667996e+01 5.825082002975398865e+01 4.055462880154732375e+01 6.040618454495256628e+01 7.067166387712144626e+01 7.855230811855524564e+01 8.677306938009341764e+01 9.424312643668858414e+01 9.075482866820128436e+01 8.494474327341234243e+01 9.591029661830589248e+01 1.041289543161608719e+02 1.194655276606996921e+02 1.107770837649434696e+02 9.682690272469018566e+01
7.305836512575451991e+01 5.314933628221495354e+01 4.364479543748036861e+01 2.306895620313910200e+01 4.364472415984035081e+01 5.018141471289712285e+01 5.582439242294555726e+01 5.327509562383834663e+01 4.514951452583170521e+01 2.702341498005791820e+01 4.710629504915008425e+01 5.719672307142668188e+01 7.094473581255920180e+01 7.633298967319372252e+01 5.651327943494063533e+01 4.248867068995721752e+01 6.231833816252546399e+01 7.741464252132874435e+01 8.565519337805523037e+01 9.098303134014783211e+01 7.105356771843925401e+01 7.462970082171263186e+01 7.961298499071169488e+01 6.478335048059348367e+01 4.504114410379106204e+01 4.265768804994193175e+01 6.245890307410274289e+01 5.872531100516614799e+01 7.855207458319314640e+01 7.440225970426300250e+01 8.826316801242792565e+01 7.089152276791197949e+01 7.605670622181946783e+01 9.591029661830589248e+01 1.088938582925068062e+02 1.229171249036481726e+02 1.165227255417889580e+02
6.723842413246985927e+01 4.731344501317339279e+01 3.298706178181618043e+01 4.364450534914340807e+01 2.533728507485568571e+01 4.577245574289064933e+01 6.552684724185044729e+01 6.107660033852261705e+01 4.131960512779936323e+01 4.710629504915008425e+01 2.902787928742332113e+01 4.332612493483739513e+01 5.893915322089528530e+01 7.146397792376566827e+01 7.054305685393569547e+01 5.651327943494063533e+01 5.060530482251660089e+01 5.757179311636782160e+01 6.901852264945976856e+01 8.888395555952099869e+01 9.097791120083134331e+01 8.771124909378248447e+01 7.157089553902574153e+01 5.181723056932952431e+01 6.478853724957629368e+01 6.245890307410274289e+01 4.475793463153080864e+01 6.453176384046902569e+01 6.850348113295812880e+01 6.036908276770479631e+01 7.481270825981842165e+01 6.200284445733795025e+01 7.089152276791197949e+01 8.083332224478871808e+01 9.487059168134156550e+01 1.057192973551137101e+02 1.139295153675489445e+02
6.941209943828559403e+01 4.949441042019044801e+01 5.314932804112683584e+01 4.727882028602547138e+01 2.693933118623306910e+01 3.726799659813774213e+01 5.728992031955046826e+01 6.916240993156279160e+01 6.107660033852261705e+01 4.548846030961401254e+01 4.910009857637660247e+01 3.109850802994286312e+01 4.515978708978510525e+01 6.078904504838035194e+01 6.941534018724331645e+01 7.633298967303301197e+01 6.200886100452927252e+01 7.741464252132874435e+01 8.565519337805523037e+01 9.713279838452547210e+01 9.342577190625074479e+01 7.383761928557919418e+01 5.987496848790202364e+01 7.157089553902574153e+01 7.977744432747029180e+01 6.931684894014675535e+01 4.984561204900376197e+01 4.696719856129865889e+01 4.872867386978697368e+01 5.050446965089010831e+01 5.500916723382230344e+01 7.484698861497633970e+01 9.009263333212723524e+01 9.298117441019687135e+01 1.011832238321163402e+02 8.589467924411762567e+01 1.008848855003233354e+02
7.764672902071971805e+01 6.900408147413440929e+01 6.084347419589524719e+01 4.880428063816399487e+01 2.855166129154410726e+01 4.880428063816771100e+01 6.552614713441850824e+01 7.552808195128019975e+01 7.324999011459861720e+01 6.517004673779145207e+01 5.923890423523119608e+01 5.113035260424425132e+01 3.322185166311778914e+01 4.153927874020229183e+01 5.299476262983345265e+01 7.283020921836892114e+01 8.186046439856575319e+01 9.010422945075900714e+01 9.346509675800825789e+01 1.015792596924783169e+02 9.214337264423681972e+01 7.237480428819723954e+01 7.384891817992648555e+01 8.786342177779643237e+01 7.727330014901053801e+01 5.778405452394393649e+01 6.931684894014675535e+01 5.028951924078657498e+01 6.850348113088666935e+01 7.029531834728750539e+01 5.331859500522094919e+01 7.314175925694974012e+01 7.899257281039550094e+01 7.312441156483548355e+01 8.648643264534844377e+01 7.442054973309964794e+01 8.105087525579909880e+01
7.469880477322556089e+01 5.511362157068339940e+01 4.113292711753348385e+01 3.549206080279486031e+01 3.015454131722619735e+01 5.033984384733351192e+01 4.684876510621474921e+01 6.124610654045589087e+01 8.255025637360225232e+01 7.839143308614342232e+01 6.008856924775199815e+01 4.637050936077615404e+01 3.476244728955493457e+01 5.466597183487898093e+01 6.939426584860245839e+01 8.094398033425055417e+01 8.369415418162218145e+01 7.964689724931426440e+01 7.392321160523607659e+01 9.346509675800825789e+01 1.003924991162081000e+02 8.633771335498532551e+01 9.362661627578695800e+01 8.070219128277759069e+01 6.686621636815416991e+01 7.727330014901053801e+01 7.347589210860571995e+01 5.365543990078874970e+01 7.347589210839575458e+01 7.695708474122112364e+01 5.710588391867218405e+01 5.669162044250295907e+01 5.912116760832343942e+01 6.163688569685653817e+01 6.660997047359688850e+01 8.648656187511254245e+01 1.008848855003233354e+02
6.152864554634680871e+01 5.173857492900406641e+01 6.084347531826391275e+01 5.537711840051581191e+01 5.033984284890630079e+01 3.252008372334218222e+01 5.262115107769817257e+01 6.331831914955298402e+01 7.478316563882465573e+01 7.614011544011812305e+01 5.668778288081644945e+01 4.533874853059001708e+01 3.632625364319274297e+01 5.616260517650265172e+01 6.533575291588513778e+01 7.710860990651077884e+01 6.417159089564383123e+01 6.013233734261240926e+01 7.392321160523607659e+01 9.346509675800825789e+01 1.039732403218787482e+02 1.061674574360727092e+02 1.089523279846836772e+02 9.482725963373059130e+01 7.658001708132427154e+01 9.482725963373059130e+01 7.704104309627105351e+01 5.719112311045162045e+01 7.704104309627105351e+01 8.093064851427746476e+01 6.106283356360847847e+01 7.654657157747637086e+01 7.317657796933005443e+01 8.151740741626365150e+01 6.602950434263763668e+01 8.590778726033769885e+01 9.873822192791148211e+01
7.949907436058941812e+01 7.131291240891501104e+01 7.518601168019183945e+01 5.945355182905574054e+01 3.953385173856220547e+01 5.262115108345804515e+01 3.508009175031266125e+01 4.670014367086059082e+01 6.655163271989822249e+01 8.417157640766902205e+01 7.296024797793688776e+01 6.423685401926563543e+01 5.616256278207234942e+01 3.858619700182845946e+01 5.781023833621895136e+01 6.217029145148698888e+01 5.037323389724951284e+01 6.988961729596334749e+01 7.998987383080948632e+01 7.641832894292357992e+01 9.588142617534793999e+01 1.104424970459456006e+02 1.124957206925144959e+02 1.048070079679385316e+02 9.065400014639050141e+01 9.483345658657665922e+01 7.498097172914657449e+01 6.092822459752023434e+01 8.079562992048462888e+01 8.507340251821042898e+01 6.520545660872757310e+01 8.507340251821042898e+01 9.303362643603470872e+01 9.412236599821532934e+01 8.590778726033769885e+01 7.066134762738172981e+01 7.956030087844406751e+01
9.554530940935249816e+01 8.406723659425135509e+01 6.695317522797571996e+01 4.711103678779246451e+01 5.945355182905574054e+01 5.686474594053980525e+01 3.691999990400752552e+01 5.686474593999933091e+01 6.495932404529527560e+01 8.481445474140666363e+01 7.720994864761848930e+01 5.776233165602603492e+01 4.644775177109242037e+01 5.832487134929772310e+01 4.094865052686155593e+01 4.262260654581638164e+01 6.220873365440265701e+01 7.025977169772058062e+01 6.053105008078616578e+01 7.428961694881881783e+01 9.375151130432215041e+01 9.166707099040554851e+01 9.372104963058541216e+01 1.124957206925144959e+02 1.107117492020294520e+02 9.631211435757525408e+01 7.646243740395027544e+01 6.498032461866266374e+01 8.485189802507268553e+01 8.951321457472832321e+01 6.965777650398007381e+01 8.371362410921811659e+01 1.035146645327728976e+02 1.045466302448424898e+02 8.471888308960191694e+01 9.052629577571964603e+01 7.629398653221136328e+01
8.730185512482201204e+01 6.742988778184385978e+01 5.598233745353846302e+01 6.695317522797571996e+01 5.953857137242557940e+01 3.967943955656162558e+01 5.686421298129565116e+01 4.513169136743791654e+01 6.495932404545354188e+01 8.379877048998211819e+01 8.526150626156780277e+01 7.245963864888072692e+01 5.300860342823275317e+01 6.884847476811211209e+01 6.076766875984702665e+01 6.221369328643225316e+01 4.510889500887419246e+01 5.078992585425873330e+01 7.026046195579777986e+01 8.806440481974269119e+01 9.716626596240671176e+01 7.812207371337976269e+01 9.716626596240671176e+01 1.085254547094411635e+02 1.169321090948277373e+02 1.045246174601301163e+02 8.940921867031903503e+01 6.954431958074208353e+01 8.940921867031903503e+01 9.771020389371297199e+01 8.371362410921811659e+01 7.746488965676498140e+01 8.892860349917310714e+01 1.087090219372625057e+02 9.874596760638183923e+01 1.010972302348755250e+02 8.126609484560736973e+01
8.988238121868478459e+01 7.000757282683730409e+01 7.582876943002612791e+01 7.241641902875407766e+01 6.144139205336309573e+01 4.163163336040259566e+01 6.144130779764414285e+01 6.495932404545354188e+01 5.572615619016772115e+01 6.716496081596639556e+01 8.703271394883124401e+01 8.049401772683920342e+01 6.172525929637835418e+01 8.049401772683920342e+01 8.032002041171989504e+01 6.075352550312787514e+01 4.694624601810254205e+01 6.644539502451073076e+01 7.832989387887769794e+01 9.010305169573953776e+01 8.202320001455203169e+01 7.124739938496006175e+01 9.043312722165308060e+01 8.847832380214664738e+01 1.085254547094410071e+02 1.092375331785344486e+02 8.940921867031907766e+01 7.554390046188333940e+01 8.577001372337807084e+01 1.056018237536186604e+02 1.035146645327727981e+02 8.497556514344817913e+01 9.728879202734819387e+01 1.168995429701133730e+02 1.185506686573652217e+02 1.010972302348755392e+02 8.788446262849922164e+01
9.812690036135703053e+01 8.988238121868478459e+01 7.583704012111128634e+01 6.419167385983024587e+01 4.442120009505885747e+01 6.144139205336336573e+01 6.966432212125707224e+01 8.090673184610339774e+01 7.556206132937859365e+01 8.379877048998211819e+01 9.527440166076711137e+01 8.114393396912252854e+01 8.114393396912252854e+01 8.917410482952845996e+01 8.032971714470424729e+01 6.807484187723856905e+01 4.880210555581600573e+01 6.828158613847649860e+01 7.410160131704844844e+01 7.730075320184484156e+01 6.255205299439904110e+01 6.841332887835471865e+01 7.457479790764037375e+01 8.332494360952195223e+01 9.473587971557505227e+01 1.149265105887736098e+02 1.024073192410388486e+02 8.257165509279010962e+01 9.539436779480109863e+01 1.138152016283625017e+02 1.129598520453779429e+02 9.489176418699716464e+01 1.129598520453779429e+02 1.252568779880750895e+02 1.291250000675896388e+02 1.147073096147319120e+02 9.489814856332846205e+01
9.575815987780922001e+01 8.581773401696901260e+01 6.760727589297906093e+01 4.783804986281661087e+01 6.419167385981153018e+01 4.935534331116900120e+01 5.294258592597891067e+01 7.268576829033683850e+01 8.633865236714017044e+01 9.519320586812573026e+01 1.066506882983398157e+02 1.005154911522488277e+02 9.667686553340401190e+01 7.758953794943055016e+01 7.129009273948720704e+01 5.301783281235378809e+01 6.828158613882501982e+01 5.220774595996804379e+01 5.464423540459174689e+01 5.784107198868741762e+01 7.730075320184484156e+01 7.125317096072284073e+01 7.814535688373375422e+01 9.762257198868033470e+01 1.116681138400314666e+02 1.233496274185910693e+02 1.106175993909819226e+02 9.249820404390237627e+01 1.106175993910147071e+02 1.234331265186954880e+02 1.228412683353668626e+02 1.146495450391376352e+02 1.228430260899013717e+02 1.373228716345564635e+02 1.383010313745794804e+02 1.229206422725365258e+02 1.063440522700656459e+02
8.751565424778407021e+01 6.764238974153663264e+01 5.773908174359642231e+01 5.029660111178110782e+01 7.008022943312722930e+01 6.910177698598862150e+01 7.268576829033683850e+01 5.839136771235686751e+01 6.719264914119332843e+01 7.858570260741205971e+01 9.840965717462124474e+01 1.110090345187238086e+02 8.681462619862446672e+01 7.000757640761158029e+01 5.822292278320746561e+01 5.863768708801743657e+01 7.795284981089022835e+01 7.166943057823452534e+01 7.410160131711676001e+01 6.025527304870320222e+01 7.971998314891641257e+01 9.073633654901188095e+01 9.762257198868033470e+01 9.047081087380549036e+01 1.042208425534865484e+02 1.237098165091813939e+02 1.205274259065641616e+02 1.123164344383537951e+02 1.205274258908671072e+02 1.266714733657084935e+02 1.183583674668034433e+02 1.266714752210479134e+02 1.209571841941224193e+02 1.172789698722985605e+02 1.182750287324797114e+02 1.324583410317262064e+02 1.261320364293883074e+02
9.575815987788197958e+01 8.581773401693375547e+01 7.317433139492428040e+01 5.336241213029107655e+01 5.773908174359642231e+01 7.757902199466153093e+01 8.633865236714017044e+01 7.812214432511136408e+01 6.512996530925897787e+01 7.621457212809015402e+01 8.902175655964194334e+01 1.072557739893104838e+02 9.565263126674415162e+01 7.619034425720914783e+01 6.237582675665385068e+01 7.795284981089022835e+01 6.780854729578754814e+01 8.699959775706525988e+01 8.779394606484019903e+01 7.148861783631087974e+01 6.673465210819782101e+01 8.621264866926064485e+01 1.034738046279531574e+02 1.099290308667407032e+02 1.180431447629055839e+02 1.217810173018125539e+02 1.136063872094251650e+02 1.217810173018125539e+02 1.325199621119442099e+02 1.124924864919560008e+02 9.822215877114932425e+01 1.067327427416681758e+02 1.008408128703218125e+02 1.030431081730597214e+02 1.041107513919213829e+02 1.182750286806903688e+02 1.383009996419685024e+02
1.034261342334122418e+02 9.453135705361881946e+01 7.635139983501889560e+01 5.651061378585281147e+01 7.635139983501889560e+01 6.582014346070562283e+01 8.569144817256425029e+01 9.300897042154261385e+01 7.901812115959310745e+01 7.390373175140710771e+01 8.525381093670947052e+01 1.050495385562692832e+02 9.765120062890191832e+01 7.815658837453204910e+01 6.685456769302084012e+01 8.642082058058815619e+01 7.514973880385815619e+01 9.419987089282952297e+01 9.904295856024531020e+01 9.096423727376537727e+01 7.409548987558049760e+01 7.591769555229403466e+01 8.717067518493277589e+01 1.066266736476419368e+02 1.184523616785896252e+02 1.102876552665537275e+02 9.384596458237147942e+01 1.119044846964523288e+02 1.299035690387296711e+02 1.181639674320099260e+02 1.067327413110279224e+02 8.632356518975015547e+01 8.632356518975016968e+01 9.233356615225575581e+01 1.041107513922362102e+02 1.241405163595042040e+02 1.307895955162704524e+02
