MOVIE_S9_data/elevation_000534.asc
nrows	100
cellsize	150.0
xllcorner	0
ncols	100
yllcorner	0
NODATA_value	-9999
[rows 34 to 50 of 100, columns 0 to 36 of 100]
2.064481644892168788e-02 3.608887359574409981e+00 1.771673137295117328e+01 3.274523143054201313e+01 1.899196156934153379e+01 3.868244992466889443e+01 5.342797053166930255e+01 5.422373503243078829e+01 3.967495831609569734e+01 3.966346282940725132e+01 6.046153791157095725e+01 7.346667988045945208e+01 7.295030173810542351e+01 5.916849682430189716e+01 5.464910989768952021e+01 6.419080484034836331e+01 7.790387697445075332e+01 9.764590778730607212e+01 9.692562659045570683e+01 8.858748332282949889e+01 9.692562659045570683e+01 1.048368277815539784e+02 8.508117627028299523e+01 8.169894116619161650e+01 7.590423061727082654e+01 8.990135429971026326e+01 8.439356362946192291e+01 6.446437612219003199e+01 8.422567365178825582e+01 9.078366965713574643e+01 9.970955333980450064e+01 1.103068626862551298e+02 9.027968578383783438e+01 7.608401593759091952e+01 6.608790460420449620e+01 5.722032465222346787e+01 5.321651509125795343e+01
2.905961989428186565e-02 2.002905961989392836e+01 3.173659781999112184e+01 4.582397910921567075e+01 3.868244992466889443e+01 2.555149400402967785e+01 4.524808955338072991e+01 6.185683398194230875e+01 6.067710529828771371e+01 6.046078990787685115e+01 6.869139878985485836e+01 7.889220142137081382e+01 6.482682024381990971e+01 4.562296517150149811e+01 6.484539104383222252e+01 8.036957626271048127e+01 7.834119456141132787e+01 8.649788121675328512e+01 8.685482602346220915e+01 6.844110109886177895e+01 8.685482602346220915e+01 1.026708140582436357e+02 8.292215860593816501e+01 6.888630262860350228e+01 6.177757508548569376e+01 7.416937253350698711e+01 7.906226580519978597e+01 5.905218099285755784e+01 7.906229339069957973e+01 7.061451505821374042e+01 8.740856764433846138e+01 9.744468480542670363e+01 1.044263393408376572e+02 9.351713940357515753e+01 7.348195477736788916e+01 7.715847965802115027e+01 5.785316834258799190e+01
3.542675937824442400e-02 8.979698919093650034e+00 2.312240790547712166e+01 4.314857293862824861e+01 5.343262888804761701e+01 3.689879295280013594e+01 3.392380802880144586e+01 4.377278162951301965e+01 5.519121654495493345e+01 7.499222135162540326e+01 8.433365705636320797e+01 7.088784081570260298e+01 5.171803220521465505e+01 4.056598385272735641e+01 5.305823415570299773e+01 6.472969742753871003e+01 5.909163071243607135e+01 7.834119456141132787e+01 7.851429221084568155e+01 5.828216432241677580e+01 7.851429221084568155e+01 9.050410571296569628e+01 9.690637283270736191e+01 8.870640586860173471e+01 7.416937253350698711e+01 5.411557391879929213e+01 6.752082945680949422e+01 5.411707842552640813e+01 6.957180382439113941e+01 5.896336104405072831e+01 6.905825879987385463e+01 8.321603453602085665e+01 1.032665888636984448e+02 1.018007958261028563e+02 8.461690239470540575e+01 7.043712397053573682e+01 6.534118437329127005e+01
3.411803931810562102e-02 2.003411803931775026e+01 2.898181973599871242e+01 4.899455513419528074e+01 6.483285496310413976e+01 5.665133176037626583e+01 5.366644345704283126e+01 4.786987486659043611e+01 6.766059901000828347e+01 8.318337045779348671e+01 7.133662626606884771e+01 5.826228543846801955e+01 5.534773047658111977e+01 3.591109107022558078e+01 3.936963339763669723e+01 4.560054587731266196e+01 5.909163071243606424e+01 7.834119456141131366e+01 7.177024958136932753e+01 5.141504078686334367e+01 6.191855055864809287e+01 8.215998621530859225e+01 9.592402262473422070e+01 8.736044288381276601e+01 7.969344154900926469e+01 6.752089416312531966e+01 4.731909694746583028e+01 6.301207834123403018e+01 4.937615153911750099e+01 5.657842138721870384e+01 6.563148448406631985e+01 7.720692983173755408e+01 9.710300306060617004e+01 1.129356243087481175e+02 9.877626335172683980e+01 9.048843972366810817e+01 7.428267924017758617e+01
3.327314952832965272e-02 1.417540877325940585e+01 3.417540877326010929e+01 4.459226499414135247e+01 5.287671179479740147e+01 5.153556037971904402e+01 5.981944579179687338e+01 6.766059901036723545e+01 7.585451379434562114e+01 6.950340858231864161e+01 6.116741859248902813e+01 4.555832996720528882e+01 5.110617226235808630e+01 3.142337681739812183e+01 5.110617226235808630e+01 6.472969742891746137e+01 7.279475596459469955e+01 7.995593739865142879e+01 5.970013647698552006e+01 4.509097439003010521e+01 6.563292320857672735e+01 7.613089808596153318e+01 7.975974976555096418e+01 6.237309893126591476e+01 7.935568914315201994e+01 7.394266822063779898e+01 6.291682984882337593e+01 4.276904238631966848e+01 6.301383693553560761e+01 7.667865019363897261e+01 8.494990813105712846e+01 9.388420181722810298e+01 1.053898175475390531e+02 1.031530491264339133e+02 1.053884798947389072e+02 1.026437600547509845e+02 8.849136196919359065e+01
6.779948344387334846e-02 2.006779948344351894e+01 2.826229850868131521e+01 2.459222079674199790e+01 3.888648151353311277e+01 3.153561383926856720e+01 4.567774585015513367e+01 6.567757566285828830e+01 7.769453886076924221e+01 6.142459831602084108e+01 4.290457592074429982e+01 3.613454796046138284e+01 4.350701539522194139e+01 2.803249904621331012e+01 4.787028351039647589e+01 5.949320044676876051e+01 7.890875081388389845e+01 7.347981756389749819e+01 6.079113943911627160e+01 4.003930785360498845e+01 5.191505679964777897e+01 7.150098890215254244e+01 6.998244655523474478e+01 4.892866673169310587e+01 6.592250984601967900e+01 6.490446728079731997e+01 5.642763818218021754e+01 4.022711834497850703e+01 6.072350400524837966e+01 7.955541336299626209e+01 9.112454481025680764e+01 9.883468617559128688e+01 9.039306739447225425e+01 8.289482958957717074e+01 8.510651477154625866e+01 1.053884798947389072e+02 1.085293340526643249e+02
9.516927588586144779e-03 4.091999832227234180e+00 8.262288113368766673e+00 1.311300061409546913e+01 1.888650330599182681e+01 2.888650330372499297e+01 4.302863728455228198e+01 6.302852641120332322e+01 5.824282920153795118e+01 6.946116692843555995e+01 4.975601693195666542e+01 3.074667498269294796e+01 2.368993163775561683e+01 3.568642549011880760e+01 4.048031203351686003e+01 5.949320044676873920e+01 6.584801068475522356e+01 5.743252566450371432e+01 4.453613233203427768e+01 3.548806155414616370e+01 5.034418716589868126e+01 7.068616958904627268e+01 6.151991279724255435e+01 4.096575609991294442e+01 4.574707423565320852e+01 5.382449129825444345e+01 3.689117084557913984e+01 5.678894227653115223e+01 5.108225856450280844e+01 6.278607599728189825e+01 8.284514394501412937e+01 8.536016314456223597e+01 7.019785588177772695e+01 6.863838846539655947e+01 8.289482958957717074e+01 1.031530491264339133e+02 1.044870825333327247e+02
1.945935296826603253e-02 2.001945935296791035e+01 2.826229850868131521e+01 3.311302206777912716e+01 2.944294655206080336e+01 4.717053160979060067e+01 5.717049722808823731e+01 6.084633307840434924e+01 4.457644304918250100e+01 6.084633208098107104e+01 5.672162195410896146e+01 4.009176573314204717e+01 2.110567165661619882e+01 3.511298682173822527e+01 5.460061852161069140e+01 6.759232288857232618e+01 5.387909704951271550e+01 3.653027950320788619e+01 2.936419951537698125e+01 4.184147505641085729e+01 6.247135228428846432e+01 6.868997851032696644e+01 5.616166785334786482e+01 4.274791401569801508e+01 3.158798880564457434e+01 3.368599327122431930e+01 4.124445830657271728e+01 6.141616917711029799e+01 7.126403566569791792e+01 7.955541336275160802e+01 7.946229413652966400e+01 6.515780051656773253e+01 5.849438991300339552e+01 7.873335659127661756e+01 9.495856267856109412e+01 1.026874046008201447e+02 9.641249221819222726e+01
5.600688922766024203e-02 1.160301131120822049e+01 2.574505690878909547e+01 4.573971139640555350e+01 4.944363027457738724e+01 5.773197158532250484e+01 6.661571873455528703e+01 5.276049160979179931e+01 3.329748610134826947e+01 5.276049160979179931e+01 5.456879601411291247e+01 3.835632603978025656e+01 1.860953901971853597e+01 3.263682151460902503e+01 5.216474611441019960e+01 4.917036809048977375e+01 4.059251501869580636e+01 2.394869330798593410e+01 4.536460821661174947e+01 5.900743744260603307e+01 7.084937816285999190e+01 6.038673696392275048e+01 4.024762037227674938e+01 2.883674699784519646e+01 4.869041086652119077e+01 5.370724910887457071e+01 6.141334643038911878e+01 5.556015112446078774e+01 7.555384738131830602e+01 8.536016314438251129e+01 6.515780051656773253e+01 5.079565770708251193e+01 7.107493553431770295e+01 8.696909197712201944e+01 7.599013424780564208e+01 9.178828961915048978e+01 8.904436827144053268e+01
8.215197286175310309e-02 1.422428759659282882e+01 3.422428759659353403e+01 4.916560075800310159e+01 4.116705086197832486e+01 4.916757962023314121e+01 4.662317825185103715e+01 4.587928083095144416e+01 2.629113959288380187e+01 3.711919860826272100e+01 4.072467920163411748e+01 2.687459347540913157e+01 1.618962348581608524e+01 3.596205229336656828e+01 4.467282110233541204e+01 3.604454542952186813e+01 1.919135295315019007e+01 4.059251501869580636e+01 5.387909519181109630e+01 6.147619212948796275e+01 5.324983882556173143e+01 6.147618795937089686e+01 4.681242680018601021e+01 2.697411577523468296e+01 4.092319062141822172e+01 6.096805231444792383e+01 7.200259490239793081e+01 7.555384738131830602e+01 8.373949666848713491e+01 8.094209154380681071e+01 6.072477276270360136e+01 4.636727115913369346e+01 6.664628833626264282e+01 7.282564214823410964e+01 6.459860226385330861e+01 8.400713541796037021e+01 8.281678427194574965e+01
2.613274238814250472e-02 1.583929893351341534e+01 3.378768139622147970e+01 3.514152581650951390e+01 2.032766860889165983e+01 3.979624489313432179e+01 3.258220489514967966e+01 4.926701162284185642e+01 3.711919860826271389e+01 1.738513544732357730e+01 2.938646601090514565e+01 1.281621899204947290e+01 3.261973705900351916e+01 4.032497975366968745e+01 3.172525860319110791e+01 1.482095986754723249e+01 3.604454542952186813e+01 4.290059196813747633e+01 3.504400958149280854e+01 4.345324904245583753e+01 3.403419268286729960e+01 5.177397709916513691e+01 4.490971453213201414e+01 2.514339268427114149e+01 4.490971453505238031e+01 4.345429760555254717e+01 5.772388783608992213e+01 7.805733809009318236e+01 7.783414177480617013e+01 7.565327518828190989e+01 6.258795584672814272e+01 4.233273205327508748e+01 6.250372081857469908e+01 5.298920395560400465e+01 7.246115532267300807e+01 7.347792826916293052e+01 8.218843327303119395e+01
7.532853315450405152e-02 2.007510538503758823e+01 2.140437166260195312e+01 6.005487236250734995e+00 1.394269229509039221e+01 3.195766076341167050e+01 2.122935953431135658e+01 3.771632747010684739e+01 2.995634694240310836e+01 2.625058439448565295e+01 9.554210816517644034e+00 2.817656274780843262e+01 2.895980429241366139e+01 2.967251712600251778e+01 1.070208771641964773e+01 3.093323048071084713e+01 3.947320159956509400e+01 3.214832261078353071e+01 1.523675346549349818e+01 3.494906170803274392e+01 2.454818745555441240e+01 4.364197611423512768e+01 4.052236798555258446e+01 2.332423410839994915e+01 2.942359614441798499e+01 4.083752465087061978e+01 6.096666287382199556e+01 7.783414177480615592e+01 5.777738672986978941e+01 5.557794044414186629e+01 5.878527040379371016e+01 3.854714552140060846e+01 4.346057849431661424e+01 6.335749436665284406e+01 6.852813941600281566e+01 5.135939160404182502e+01 6.891827144028641783e+01
6.101047412966256744e-02 7.314120047988786899e-01 1.402190571844466049e+00 2.074110317464630260e+00 2.142311923107849836e+01 2.367733711763726134e+01 1.247002927714139986e+01 2.507751811048031954e+01 6.057184047882096856e+00 6.751105883494279425e+00 7.446174536304314806e+00 9.537158210849499440e+00 9.034869756756130244e+00 9.662175430541624976e+00 2.191772506990437108e+01 1.182028409926930479e+01 3.146088807409033450e+01 1.408724940504078482e+01 3.366965564145307610e+01 1.638816440255193996e+01 1.720263865519682156e+01 3.688878316950665237e+01 2.084430465744775418e+01 4.052230261484968565e+01 4.934423518729803249e+01 5.767788104664200688e+01 6.930101239585521000e+01 7.419021611929028381e+01 6.145539516273431957e+01 4.132119660973965836e+01 5.070826058566805017e+01 3.492353395577644193e+01 5.502408669063770930e+01 6.570984277849616717e+01 5.747111002854182971e+01 3.954241736640007332e+01 5.975503839257317651e+01
6.842009524227352091e-02 2.006027132370833144e+01 2.139975609807334322e+01 2.207458197984465897e+01 3.031523906880898345e+00 3.709807368344455902e+00 4.390608044259601606e+00 5.077536657701553047e+00 1.618625616306764314e+01 2.628534487771619155e+01 2.801601294244454010e+01 8.259650775664910682e+00 2.889068803580836331e+01 1.311464610464262570e+01 3.173210290277819468e+01 2.049472616798590252e+01 1.293692623808584408e+01 3.268338054499833589e+01 4.181900959530231177e+01 3.608133027999716091e+01 3.688894653822963221e+01 1.836272578016218304e+01 3.803993693385671548e+01 4.762050149232737795e+01 6.018125954417550361e+01 5.211927823041790475e+01 6.021056297260613377e+01 6.569730902618317714e+01 4.537155193711858203e+01 4.845193092294053372e+01 3.070376736325785672e+01 5.069254342315655748e+01 5.389138818156015986e+01 5.523723772439438306e+01 3.730758900982409187e+01 5.696042857312477992e+01 4.183250253263430807e+01
1.934550753332892059e-02 1.409493832657297396e+01 3.316039256326206441e+01 3.213041910798918366e+01 2.332330775035763182e+01 1.371092379672522021e+01 1.154301460465630313e+01 2.507683493120772056e+01 1.328879740868598880e+01 2.646656481282338902e+01 4.439748959737610789e+01 4.140950223757349846e+01 3.931271047336208113e+01 1.771608666607627924e+01 3.931908782382166834e+01 2.093811771100991237e+01 3.269918840167112251e+01 1.789025875925491960e+01 3.760223599448653431e+01 5.125031728938655817e+01 4.500565220266580724e+01 2.773073687492820483e+01 1.967736668666737998e+01 3.934404490466144466e+01 4.164892520133506792e+01 3.264371180028290098e+01 5.057807457433019493e+01 6.303772502464656924e+01 4.312093968847944581e+01 2.911057834307257508e+01 4.903585384038157713e+01 3.249120757012364891e+01 3.377501632224880979e+01 3.510486350705311764e+01 3.776481392312066987e+01 5.783815480528433284e+01 6.200431543363357179e+01
4.364784840791047227e-02 2.004364783913347381e+01 3.666221354284006395e+01 4.707403643841346508e+01 3.370143403082000333e+01 3.370158961121352093e+01 1.986417977305809401e+01 3.921162553445228127e+01 3.166974401849319065e+01 2.293115977163857977e+01 4.170031867257559810e+01 4.834646286243037139e+01 2.734341755945132491e+01 3.939073945417113976e+01 4.655205958290027013e+01 2.680189935571238635e+01 4.588906489065649197e+01 3.760223603441334461e+01 2.311281427299666191e+01 4.087990945805561438e+01 5.485833432980970770e+01 4.547905488593197276e+01 2.117737220514607799e+01 2.101684630479714144e+01 2.199009806281095791e+01 2.297677736566791040e+01 4.264958891793543927e+01 4.510667167629242158e+01 4.624691477282622287e+01 2.800907940018283426e+01 4.336625678088488201e+01 5.257338373931747100e+01 3.794947012366005623e+01 3.805206778763133002e+01 5.745166555219485360e+01 4.155497769188696822e+01 6.160208623207781642e+01
5.219006137575642884e-02 8.218299313287628749e+00 1.823970391670174962e+01 3.864495545232498586e+01 5.365038041755212106e+01 4.819801952883195639e+01 3.153961659612142654e+01 4.819793594690408867e+01 4.988492424828783101e+01 3.349827010597746835e+01 4.988548885867931659e+01 5.517365964734934636e+01 3.469188789804506712e+01 5.517377269297577413e+01 5.335113688410145727e+01 3.324715714128189603e+01 5.335113688410145727e+01 4.680846466834431396e+01 2.699035619635357008e+01 4.680846466834431396e+01 5.855777203361991923e+01 3.851558323087225233e+01 2.450779724464888432e+01 4.065655468688057539e+01 4.161960094179774217e+01 4.262955624121845233e+01 2.437435433625280012e+01 2.536885127598341683e+01 2.646158492208862612e+01 4.573634831689095392e+01 5.589987928415309426e+01 6.932316869087166822e+01 6.529742758036809391e+01 6.997894173346134039e+01 5.297044279388580179e+01 6.160208627969983297e+01 4.547496276408736549e+01
