MOVIE_S9_data/elevation_000446.asc
nrows	100
cellsize	150.0
xllcorner	0
ncols	100
yllcorner	0
NODATA_value	-9999
[rows 17 to 33 of 100, columns 0 to 36 of 100]
5.222468517465790605e-02 5.599226627256454591e+00 2.559638813146820269e+01 4.279803614266376854e+01 4.559469085270304589e+01 3.062993525112963056e+01 3.290478298654130640e+01 4.491673507154349920e+01 2.482774701671461415e+01 2.743378502690220699e+01 4.158367735375175300e+01 3.685574987735441255e+01 6.523614628727677278e+00 1.097445869893118520e+01 2.467858993404577106e+01 1.826343506018196194e+01 3.009550424629806642e+01 3.267756845074530503e+01 1.698687643590118768e+01 2.130698329570755334e+01 4.059090561945776443e+01 4.791988538165175981e+01 5.208482252634636467e+01 5.659696910970817640e+01 5.279788077257472878e+01 6.944798362538611514e+01 6.944798220858744742e+01 8.815245240566336804e+01 7.283489866491183307e+01 5.253136646596991710e+01 7.283491650901596870e+01 8.301490130063386630e+01 7.131264389305988516e+01 6.231109024296091548e+01 5.050479481289503525e+01 3.074284035049968011e+01 4.413223197078679050e+01
7.333276091007127906e-02 2.007332078875510106e+01 3.387456202564373342e+01 3.563725178352017053e+01 2.700564116868381603e+01 1.728490974073464770e+01 3.192812103073229579e+01 3.270207035338415125e+01 3.309365679219366996e+01 1.328834789002295658e+01 2.476053137420203143e+01 3.305388039473383799e+01 2.864921816651023789e+01 6.052334257473131807e+00 1.865306847823753600e+01 8.810490367326975658e+00 1.116151423243006668e+01 1.354074239689919956e+01 3.267756867551691613e+01 2.136969189091853494e+01 2.454201935306842230e+01 2.788685740262128832e+01 3.168062660889559368e+01 3.591942678907017950e+01 4.205615005589277189e+01 4.865694259731372995e+01 5.914071295369880232e+01 7.975006554298914807e+01 8.124182255259032104e+01 6.426481263282721557e+01 8.124316561930238834e+01 8.306220028687299362e+01 7.226091076534602564e+01 5.226124909728066825e+01 3.835188697543082981e+01 5.050479288077239914e+01 5.156711682797131857e+01
6.343274376862209629e-02 1.996534506042260304e+01 2.195891708547999599e+01 2.184415137043888677e+01 8.895667519847826554e+00 2.227816410266503766e+01 1.333827844428805953e+01 1.523399379037875967e+01 2.264331718449130904e+01 2.306799406057266211e+01 5.695649464859765310e+00 2.474635602626402076e+01 3.200725230312237102e+01 2.407043597732260309e+01 5.583835636791226520e+00 2.476717373535802125e+01 3.022185889003577230e+01 2.438045378629337279e+01 4.099648366298220736e+01 3.478890733884625774e+01 3.820453460951300428e+01 3.920686206844467137e+01 5.208482252634636467e+01 5.052535480527716771e+01 5.279788077257472878e+01 6.944798362538611514e+01 7.790116485560254489e+01 8.815245240566336804e+01 9.297968174452500989e+01 8.454792940554740710e+01 8.628547442590239314e+01 6.617697729754567604e+01 5.479776731073738461e+01 4.747947466251044091e+01 5.811901437943999582e+01 6.128690149593209924e+01 4.049855428942512248e+01
3.497053469895897854e-02 3.493566760691686479e-01 6.637816658528464808e-01 5.190802105563988356e+00 1.220068776772142982e+01 1.871714105367704439e+00 2.189038170093907887e+00 2.506496981152272596e+00 3.945926528483906459e+00 3.368157010189315681e+00 3.649547493419851296e+00 2.181473111057544045e+01 2.315395408740155503e+01 1.968862631063849378e+01 5.263276627379085859e+00 1.712930512185075926e+01 3.804429874335123429e+01 4.401196568072615634e+01 5.246829079481329217e+01 5.505553656562450726e+01 5.867393980201280357e+01 5.982209657125866897e+01 6.832360346069033596e+01 7.125514270896415780e+01 7.350097208971357077e+01 8.194485647425393893e+01 8.688785692191312648e+01 7.864348797507413735e+01 8.688790876060598123e+01 9.837959310075659403e+01 9.470962344376638953e+01 8.306220039288905355e+01 7.467593722438243731e+01 6.716270913157249822e+01 7.443959500091017389e+01 5.864485819942088796e+01 4.526003036825908765e+01
9.635555453094322986e-02 1.576323870036936547e+01 1.867473345259909934e+01 1.108720492226211052e+00 1.423612160203834298e+00 4.316611587043360565e+00 2.192387190810382691e+01 2.257235148938255875e+01 2.949225312852332248e+00 3.857140252288057347e+00 7.356389523269115216e+00 4.033330315811346267e+00 2.387309413886972820e+01 4.825464040897355034e+00 7.775935020432493516e+00 3.180685099146369055e+01 4.618355912723124135e+01 4.302720557681501390e+01 5.128442962368219327e+01 5.455534085057969662e+01 7.447793262151404292e+01 6.830654542625686076e+01 6.246900083106970669e+01 6.579826340464204293e+01 6.674104803129816332e+01 7.499167072293916192e+01 6.798710176665659333e+01 5.870721532425263689e+01 7.023083018225553076e+01 9.013539223340931983e+01 9.446369539055341136e+01 8.339975708485728489e+01 7.495449598639228839e+01 6.702717145144207223e+01 6.778419314495528170e+01 4.423470020655743440e+01 3.420275776103332532e+01
8.845047570523793812e-02 1.010379362819295146e+01 1.393744265366376212e+01 2.534077212804877277e+01 2.041608068427623834e+01 2.349751806347544658e+01 8.239174831483841999e+00 2.214684357096767542e+01 4.042433995033282912e+01 3.494854681336360613e+01 1.643378216518215851e+01 4.893687202643029366e+00 4.419193950969255269e+00 1.928490595683618736e+01 7.248777286708113721e+00 2.719735483568996415e+01 3.151600118417541196e+01 2.308847875118205550e+01 3.458717774277996426e+01 4.949516559237365954e+01 5.773996979070207658e+01 4.833586219227421310e+01 4.248172448918592181e+01 4.582268827110318909e+01 4.677247259197699236e+01 5.906067328900783764e+01 4.802700117724346995e+01 6.798710176665659333e+01 8.061171028178947040e+01 9.057236901627791781e+01 8.634909481782163709e+01 6.736269199596478074e+01 5.669349657889264193e+01 4.856085778980924061e+01 5.791760557834152934e+01 5.110417965399221174e+01 3.283938981223594311e+01
8.023991185656004221e-02 1.918545268544178839e+01 3.118236786305710595e+01 2.607848841947989271e+01 4.070809896962390440e+01 3.070151439302552276e+01 1.096092534503264915e+01 3.069727395850199869e+01 4.358304088296622325e+01 4.469438766864975321e+01 3.284196090940746160e+01 2.439660156441959060e+01 1.151685968864204312e+01 7.776433069496548001e+00 2.717651331128953274e+01 9.766521273724967145e+00 1.158554127042814486e+01 3.151600204126270555e+01 3.605172618861885780e+01 2.952296540609715692e+01 4.090482557751060000e+01 4.391582588302720325e+01 2.832329671936260240e+01 3.164817939585549311e+01 3.519378426055183695e+01 3.906334491647587015e+01 4.485727289408571039e+01 5.241589479080812453e+01 6.239938383548287959e+01 8.233015216079995469e+01 8.997970700434414937e+01 8.187236117607184838e+01 7.081589410854255107e+01 5.791764130202117400e+01 3.960647857248709869e+01 3.673030058568714651e+01 4.956840941830763114e+01
4.598823041778624804e-02 2.003422474236760920e+01 3.802397207917287858e+01 4.227752780224226115e+01 4.366257447726400187e+01 3.898547454167178472e+01 3.071846937831946178e+01 1.514596036101379184e+01 2.953917057244667177e+01 4.993514092357289513e+01 4.544106135546624614e+01 2.464400503946895782e+01 3.073100859545661834e+01 2.744407958577107465e+01 1.124491701357881546e+01 2.971885265647428653e+01 3.151600203976550674e+01 1.426363765439279874e+01 1.615998982670903672e+01 1.806832681935010498e+01 2.097499983678763869e+01 2.394482674077638862e+01 4.391582588302720325e+01 5.167339876961535339e+01 5.521218562607272418e+01 5.062703642972797979e+01 6.482480185050614807e+01 6.116778243384547409e+01 8.061171028178948461e+01 9.057235880340297740e+01 8.187236110885095286e+01 6.280506969657609062e+01 6.286323394794506925e+01 4.435852053780120485e+01 5.791764130202117400e+01 4.955916733164397669e+01 5.967256439987214378e+01
7.340434288523949025e-02 1.009054624477380813e+01 2.439400281601696108e+01 4.484446608639670018e+01 5.929082792632841858e+01 3.866833000057108904e+01 2.024079159867811484e+01 3.550112645617190310e+01 3.550275439177858772e+01 5.571517900258641021e+01 5.395554586792513874e+01 4.544154852788769006e+01 4.929203774594275700e+01 3.513842254025023237e+01 1.520902864975714230e+01 1.567550773071727832e+01 3.561297898107549997e+01 3.416358783230135288e+01 3.605172620418353802e+01 3.796655573969238873e+01 2.176130549416953741e+01 4.170220496634598817e+01 5.113535941890793168e+01 5.716691733509432538e+01 6.382602709185384526e+01 7.058123548507693101e+01 7.882955076088957469e+01 8.109668165183295230e+01 8.934331264857448218e+01 9.028503270391010460e+01 8.216842350014611895e+01 6.838975008890221829e+01 4.964842184320230700e+01 6.286323394794506214e+01 7.081589410853855782e+01 6.824479421257565548e+01 6.318401752366472834e+01
3.515918393995972474e-02 2.003515918393960504e+01 2.867438095349265836e+01 3.695792145208250190e+01 4.695653090615558511e+01 4.918899870311985012e+01 4.090701078097809784e+01 2.619676882018477215e+01 4.670655684790066431e+01 6.139064088113947548e+01 6.536252220681383562e+01 4.534576538907212040e+01 3.115729540994176006e+01 2.117513152092240603e+01 3.514512871168503949e+01 3.561297898340504986e+01 2.027188628320231700e+01 4.026015755472179336e+01 5.352811226611560613e+01 4.997434693664104799e+01 4.170220496630462748e+01 2.559721405032737707e+01 3.112007039845394374e+01 3.716241162323415637e+01 4.384901684009160761e+01 5.279802530228158020e+01 6.432983336087559678e+01 8.424711473398581063e+01 9.588032012975280338e+01 7.648876968235711615e+01 6.311155190056476982e+01 5.688249685993007176e+01 6.035491252657561745e+01 7.639239193203735567e+01 8.952347376662751799e+01 7.039985774988903700e+01 5.697187185198553294e+01
4.608085242692564615e-02 4.310095179539116472e+00 8.674452984258927302e+00 1.867445295916221326e+01 3.281657788436283596e+01 5.281568430565075545e+01 5.487056362742696791e+01 3.820714114496135494e+01 3.304920633359547111e+01 5.326534070593621806e+01 6.917997826558190866e+01 5.947228729751743970e+01 4.032727015435872175e+01 2.614477824862771627e+01 4.619562980509715544e+01 4.852671597371722356e+01 3.439797828593732731e+01 2.523585348937252704e+01 3.680767285519943499e+01 5.682563329378909600e+01 4.558549597646025120e+01 4.558549597647903084e+01 3.028579600531684690e+01 5.030469775291050638e+01 6.382602709185384526e+01 7.207358347839770829e+01 8.098803775499089852e+01 9.248054129061159756e+01 9.803642506467579665e+01 7.860217070039948339e+01 8.216842350014611895e+01 6.771234664031034356e+01 7.936554231432178597e+01 8.745661607395818749e+01 8.464037169016488349e+01 8.397969865584944671e+01 7.376845853387476382e+01
1.610643649003322755e-02 2.001610643648967880e+01 2.867438095349351812e+01 1.651909838930225760e+01 3.651887149855446069e+01 5.374284485092154284e+01 6.638509439029692771e+01 5.830478403835854095e+01 4.482418717475751890e+01 4.109502450777063132e+01 6.111964089866171435e+01 6.860965539720059780e+01 5.198761646226654420e+01 3.192358871944516707e+01 5.198761646226654420e+01 6.265667083831107220e+01 4.912659129136366687e+01 2.907810409329574597e+01 4.912659129133832892e+01 6.506350906908726017e+01 6.556757090834356916e+01 5.373923303611762492e+01 3.371616220397607577e+01 5.373923303612858859e+01 6.398718947083735742e+01 6.951240032787609380e+01 7.552005477957604285e+01 8.259693638246130831e+01 9.099208326859915985e+01 9.803642348741455237e+01 9.503436002865272769e+01 8.688611127050084804e+01 8.446108171568270961e+01 7.595311887166741371e+01 6.405471435101888744e+01 6.724851673569244781e+01 5.885103304642251487e+01
2.022278438842990689e-02 1.416235840811950553e+01 3.416235840812021252e+01 3.651887149855446069e+01 2.546337025274650046e+01 3.960545164171556820e+01 5.960159839492642675e+01 7.281958688645637778e+01 6.479609307514239447e+01 5.011071765197582550e+01 5.382966895404274510e+01 7.366392780144377639e+01 5.866993843680350551e+01 3.862297842171039264e+01 5.866993843692300459e+01 6.733643972816854273e+01 4.736971990385040954e+01 3.317480017983619689e+01 5.321786820233179327e+01 6.929188629551705958e+01 6.990380963018955640e+01 5.006082165688865615e+01 4.374495621846310200e+01 3.951232342202655445e+01 4.400047487447438499e+01 4.955340312392300461e+01 5.557711379368781479e+01 6.263588154617405479e+01 7.415906904242592645e+01 9.420124885349645183e+01 1.024039787940948258e+02 8.179824142101772111e+01 6.725606004562956741e+01 5.554019639025488431e+01 4.992190751539716587e+01 5.885103173270903909e+01 4.000418312919869379e+01
6.642187732006160639e-02 1.161342726111267964e+01 2.575556288484388290e+01 4.575556288484458634e+01 4.546278620648212154e+01 3.811246809760770304e+01 5.225438595297023170e+01 7.224982451868362432e+01 7.799892356833973395e+01 6.171172767476529941e+01 7.366392780141607943e+01 7.366392665184066857e+01 6.692070966957209066e+01 4.866482982555355363e+01 6.692060500636570453e+01 6.585105310176453486e+01 4.587623194999763854e+01 4.736972008279839486e+01 4.106267423738104583e+01 6.106241006503754676e+01 7.799445309254005565e+01 6.361966491939808321e+01 6.368151074814458923e+01 5.107403599203217226e+01 5.811586014108571874e+01 6.023712294802007250e+01 7.532104245076013171e+01 8.259693638246130831e+01 9.098567123485221941e+01 1.026341243691278180e+02 1.035369870856975325e+02 8.293516505893452972e+01 6.838891116474432863e+01 7.595311887166741371e+01 6.270580425705983885e+01 4.324100231552094442e+01 5.885103119489404833e+01
1.591255364720534082e-02 1.415804817737828003e+01 3.415804817737898702e+01 4.545540192744333297e+01 5.700240731123604832e+01 5.811091406634989198e+01 6.638810405756122179e+01 6.453845562577809858e+01 7.282474437344477280e+01 8.138361838356694022e+01 8.923526430899813988e+01 9.298747890291537033e+01 7.690533891916834364e+01 6.867505733838559934e+01 7.690507707881067745e+01 7.407260144261805124e+01 6.002275551004886012e+01 6.733654670727619873e+01 5.108833835650344923e+01 5.263471699443751817e+01 7.257485561764988802e+01 8.319617061517607226e+01 7.930902578560170468e+01 7.103900032967868583e+01 7.785790650824392856e+01 7.997510443539295011e+01 8.822773728634234658e+01 9.753512952709249362e+01 8.937355765694987042e+01 9.205294939738465132e+01 1.003502905576605002e+02 9.746374082788436510e+01 8.896929902577501537e+01 8.255090726707440751e+01 6.611912236013024824e+01 4.621622458508342390e+01 6.611912113576019578e+01
6.189296070378335485e-02 8.226858769981115316e+00 1.717113067998042908e+01 2.871813606377314798e+01 4.871813606377385497e+01 5.087937221789540132e+01 5.916497939916498439e+01 4.453714246547025368e+01 6.127639049812326988e+01 7.022177022263198864e+01 8.177096224883088382e+01 8.634243740410306600e+01 7.809448807783920188e+01 8.120106361243757931e+01 7.303542034441213104e+01 8.120106363744592670e+01 7.992196292493453313e+01 7.924766497789681807e+01 6.521611632470629161e+01 6.417321879217963954e+01 8.078377190448928502e+01 9.756026642098973412e+01 8.928865955166853041e+01 8.672595623872693693e+01 9.498352920360052565e+01 9.495597213580514051e+01 8.677603732358740274e+01 8.635789203767544109e+01 6.995620071921109684e+01 7.247715978414760229e+01 9.205402756849119328e+01 9.444033544487906795e+01 7.385788358806391329e+01 6.203021867092461150e+01 5.443403215810315743e+01 5.039544041672086649e+01 7.064630225740025082e+01
2.247884206357958492e-02 2.002247884206322581e+01 2.808247079102811483e+01 3.161803387213729977e+01 3.533197827857516415e+01 3.087878764817126154e+01 4.404615244594253198e+01 3.299009411024326255e+01 4.193437695334113613e+01 5.348152447508302032e+01 7.348371092075200295e+01 7.512740910436656350e+01 5.887140882654988161e+01 7.138948934700157167e+01 5.344974086763601662e+01 7.138948934700157167e+01 7.519827337727757310e+01 8.337537415831786802e+01 8.508807582405394498e+01 8.405171126069653553e+01 9.224377477523736957e+01 8.928865812981040051e+01 6.973573008856097033e+01 6.721733912374422459e+01 8.364802704350238116e+01 8.369293830708545556e+01 6.731682037269627017e+01 7.820176367464220846e+01 5.881615398208332834e+01 7.820176367464220846e+01 9.435611953079512659e+01 1.029257651825516007e+02 9.105885221419609366e+01 8.255090726707440751e+01 6.611558389734804564e+01 7.064630225740025082e+01 5.719018076816418983e+01
