MOVIE_S9_data/elevation_000092.asc
nrows	100
cellsize	150.0
xllcorner	0
ncols	100
yllcorner	0
NODATA_value	-9999
[rows 68 to 84 of 100, columns 37 to 73 of 100]
8.229314657522822074e+01 7.821551583343229197e+01 7.262261629427625564e+01 5.251200173770867252e+01 7.262261629427625564e+01 8.664802510277984027e+01 1.037194198855144407e+02 9.092076847206945445e+01 7.144997265741535841e+01 7.321890626207223818e+01 8.489978659000341565e+01 1.049585344809375727e+02 1.073396913506703498e+02 1.156138110669611763e+02 1.090487846004912313e+02 9.477329844513511148e+01 1.090487846004912313e+02 1.162204136190986361e+02 1.079732639476962675e+02 1.005374035074765544e+02 8.056220905685636069e+01 9.422141567142622876e+01 1.142025069748588493e+02 1.068555025714863973e+02 9.856346864404991948e+01 9.253370536932040125e+01 7.285454484661360652e+01 5.981196069146275818e+01 6.039484837551891871e+01 4.854620048510153651e+01 6.842134109436020140e+01 8.080412865781399034e+01 8.235414822758517062e+01 1.011763585221269750e+02 1.050922369140328811e+02 9.100410947303819853e+01 8.781931228638320874e+01
7.234134161724686862e+01 5.827856016507535486e+01 6.717614782402309004e+01 4.719494916950032604e+01 5.846875311292146193e+01 7.838034503388298901e+01 9.784679945535040702e+01 9.992553052151656345e+01 8.314199217231349337e+01 9.337761098649997393e+01 9.337761098649997393e+01 1.132513392853292515e+02 1.165624150809704389e+02 1.060255243254441524e+02 9.766990006874860342e+01 8.034346152961227006e+01 9.503727001673100006e+01 1.034003918100039812e+02 1.150925253959239711e+02 1.088004480987280118e+02 9.208759018748374103e+01 9.468224952994395949e+01 1.146727469708275180e+02 1.081575935021636070e+02 8.857286073671315307e+01 7.717854393627030163e+01 6.862712053902886566e+01 7.530069953205516242e+01 5.350985431396651393e+01 4.921548006262816699e+01 6.619993851543718222e+01 6.056224527121361945e+01 7.162919714848894159e+01 8.755294739544997640e+01 1.106753270211983988e+02 1.098616666965595101e+02 1.074193004090537897e+02
6.215983074297857058e+01 4.428631639011599930e+01 5.735829560336745914e+01 4.229579093481705598e+01 6.212259830958979023e+01 6.964945933879927509e+01 8.544029815957449614e+01 9.539878557818907723e+01 1.032124759490988168e+02 1.115044591981550042e+02 1.134129077186486683e+02 1.106005790811622234e+02 9.633852834922294051e+01 9.766990006874860342e+01 7.733747231957424617e+01 7.125442589966596074e+01 7.469508241561680961e+01 8.645276410596227379e+01 1.067639231697788915e+02 1.203302072109824223e+02 1.120800191520749394e+02 1.146727393116285754e+02 1.229152450432786736e+02 1.161202793105898934e+02 1.048735117500874168e+02 9.613917137519722189e+01 8.808293864897719061e+01 8.958476920166874891e+01 7.472711452327726533e+01 6.899115281222654517e+01 5.015056465347443293e+01 6.774809897736764697e+01 8.157761325828099075e+01 9.248396910374157187e+01 1.008599834577910599e+02 1.012041786361551203e+02 1.095911636678615650e+02
5.011516216557757275e+01 3.457625184533438301e+01 3.767697421516661649e+01 5.735829560336730992e+01 4.973525690256714427e+01 5.725802579503260148e+01 6.723192964193584942e+01 8.712568406504846052e+01 1.031216886425504669e+02 9.476765258350178556e+01 1.031216886425504669e+02 1.004685650150110376e+02 8.194291566815050487e+01 1.004685650150110376e+02 8.329270252932188612e+01 6.307611808484453064e+01 8.227033307018365349e+01 8.868785336106202521e+01 9.706640567594600100e+01 1.061442770704906593e+02 1.178254303217217682e+02 1.262844838337450710e+02 1.142805137075885966e+02 1.056739788953542671e+02 9.843228985116689955e+01 9.202883353184395787e+01 8.718683262331228434e+01 8.260856002190804759e+01 7.795868128485329862e+01 7.327528844337018654e+01 6.267483392142002430e+01 5.106388006310604055e+01 7.753620274064982709e+01 7.246989159606863495e+01 8.506658328236918010e+01 8.100080288186417476e+01 9.491893595694823205e+01
3.071973456805712743e+01 5.012847024065677459e+01 4.413288974483360505e+01 6.343733488389457165e+01 6.964945933879927509e+01 6.599602701845749664e+01 8.544029815957449614e+01 9.539878557818907723e+01 9.298320869101043229e+01 7.444573694391941387e+01 9.298320869101043229e+01 9.210244164957687474e+01 7.180514308810651869e+01 8.195379236884168961e+01 7.852760790347342379e+01 5.845268568665088083e+01 6.210708380135289275e+01 6.839387859240822820e+01 7.743819798639856344e+01 8.921326535299137106e+01 1.095037693940183914e+02 1.176842436085547803e+02 9.688251803115451821e+01 8.519125164477253520e+01 7.818276780423586558e+01 7.206474313099037943e+01 6.749402095684794745e+01 6.327829189413661481e+01 5.929936459644616065e+01 5.551379304049530816e+01 5.195171017275724523e+01 7.094875707525316955e+01 7.561719734089020051e+01 6.129250399602511834e+01 6.523867666264976606e+01 6.953653025495933093e+01 7.479280495616387725e+01
5.012197308331396073e+01 3.760749201999036018e+01 5.282028716513441680e+01 6.187844707996509186e+01 8.196351929819959992e+01 8.590536897411242023e+01 9.418069427523131765e+01 9.764746704740255723e+01 8.460669476371059261e+01 6.439332251463332568e+01 8.460669476371059261e+01 9.630488235909918160e+01 7.600937626004031245e+01 6.181141492740426457e+01 7.373070121249696740e+01 5.412753864029433259e+01 7.403871885296707944e+01 8.868785336106202521e+01 9.706640567594600100e+01 9.965757145210424994e+01 1.079918523231468441e+02 1.121574888353186168e+02 1.142811901407986568e+02 1.056743417469448758e+02 8.826443776403458230e+01 8.603235803096906409e+01 8.718683262331228434e+01 8.278338784224136759e+01 7.721033499103523923e+01 5.750098273196378074e+01 7.116689447029584414e+01 5.284055182892870306e+01 5.618992468370493043e+01 7.559695035674428709e+01 8.503441094948578893e+01 8.361678373118743934e+01 9.491893595694823205e+01
6.048143148889480614e+01 5.122160535022329242e+01 4.574115945808487282e+01 5.545843036694814998e+01 6.941928691142112484e+01 8.936782903074528406e+01 9.098176045114659871e+01 8.262301319124814825e+01 6.909641567296006315e+01 5.783106502435104090e+01 7.786890401401819872e+01 9.083857656973135875e+01 8.854662832258735250e+01 7.373070121249696740e+01 5.383534620070897603e+01 5.084337436804498367e+01 6.472259716712225952e+01 8.487117615267004567e+01 9.629691902952855287e+01 7.934523317789533792e+01 9.629691902952855287e+01 9.188799740392303761e+01 1.061844747627082626e+02 1.173587145888072598e+02 1.087784738665045978e+02 1.065056060117128851e+02 9.883601227004977829e+01 8.347823143488213304e+01 6.365749648843021902e+01 7.721033499071413075e+01 8.061685921746928329e+01 7.245974129838086242e+01 5.372827319211747010e+01 6.433098886999920296e+01 7.657910405313725732e+01 9.467480673953468795e+01 1.122189369939054018e+02
6.870939876097270371e+01 7.090789308674150959e+01 5.545842415227615874e+01 6.536869130838705644e+01 8.357171881853338391e+01 9.432177579005814039e+01 7.405370215471266704e+01 6.248646577158407922e+01 5.508247412112469021e+01 5.198968113756542664e+01 6.241989076754084920e+01 8.247815105870546404e+01 8.017379930516010234e+01 6.011655280194758433e+01 4.887924935266796211e+01 4.769965683740583984e+01 6.737206763695104428e+01 8.133226263871505068e+01 8.446885412353483957e+01 6.768167555551825387e+01 8.793018633507946902e+01 7.747990314906338938e+01 9.603584405516258471e+01 1.077497789600608087e+02 1.199170810446304642e+02 1.046843645866598536e+02 8.463761107682313423e+01 7.062279342101064117e+01 8.347823143488213304e+01 9.178210989402180076e+01 8.914532043657786176e+01 7.568746031500675997e+01 5.435158566425559457e+01 6.677431648594466651e+01 8.202096699560291881e+01 9.276563530716876471e+01 1.011038040469958332e+02
7.863692753829249682e+01 8.354009419278041548e+01 7.524420044242721417e+01 8.354127890172277660e+01 9.385288395679309303e+01 1.026284504212544135e+02 9.098176045114659871e+01 8.026572864470033153e+01 6.023328247112569755e+01 4.643830960912797678e+01 6.023328247112569755e+01 8.026572864470031732e+01 7.819211547021394892e+01 5.822174019821454038e+01 4.447374338204789268e+01 4.462089435725730624e+01 6.422196720911087198e+01 6.127443788237362554e+01 6.433699307912512211e+01 6.019382826894895544e+01 7.809413536189455840e+01 6.737657577363557948e+01 7.905661607004870461e+01 9.939433628072883664e+01 1.115578931679519172e+02 9.143108338531844481e+01 7.993701886085838737e+01 8.463761107682313423e+01 9.883601229510510677e+01 8.941538999622027006e+01 6.663455680822221439e+01 6.020769202015876687e+01 5.497430096643132913e+01 7.275529693874089787e+01 8.102417534832723334e+01 7.261127001264618741e+01 8.424744525319171373e+01
8.823109174265198362e+01 8.343175682826952766e+01 9.172938574364521003e+01 9.389055012394624100e+01 9.606502137101230687e+01 1.042425778746803644e+02 8.706217362543613092e+01 7.547995408359241765e+01 6.251093143401301688e+01 4.290296343070311735e+01 6.251093143401301688e+01 7.301553926869897282e+01 6.470354953917617991e+01 5.989282306852847881e+01 4.032460827531332370e+01 4.184358389795894340e+01 4.464997352822575749e+01 4.748498533881025452e+01 5.047034690978959759e+01 5.408863020184904968e+01 5.803177310464864291e+01 7.809425725869759560e+01 9.352032946550320958e+01 1.018922457888120761e+02 1.120333144911177499e+02 1.082243733940747461e+02 8.987965177234043779e+01 1.046843645869320341e+02 1.057761348484538075e+02 8.263812670149924600e+01 8.914532043838927677e+01 8.081636257628211695e+01 7.495195603652115324e+01 5.586892215877238499e+01 6.182220745687558860e+01 8.199267460733763357e+01 1.011038040469958332e+02
6.816964642674130914e+01 6.337483292855743855e+01 7.372800506020560363e+01 7.374251540188225817e+01 7.602632946483620913e+01 9.607646210582224455e+01 7.869890648776332398e+01 5.869164399972513735e+01 4.742935539067712369e+01 3.948124450066166702e+01 5.909772435325928797e+01 6.157284052828077847e+01 4.498682199049031993e+01 5.489424509247832873e+01 3.785619615441841290e+01 5.746568395522902506e+01 6.424990274657274369e+01 6.127443788237362554e+01 6.433709568429068781e+01 6.545823570491666032e+01 7.809425725869762402e+01 6.646857001707925861e+01 7.316900655856220226e+01 8.335004047221406154e+01 1.036906184589144431e+02 1.183755727581631447e+02 1.099999828472243166e+02 1.183674288542863593e+02 1.147292873100128929e+02 1.057761348484538075e+02 9.163735253558162697e+01 7.934015029396995544e+01 5.921940965667035073e+01 5.651353599080591295e+01 7.655130447401216998e+01 9.033053194793905050e+01 9.401596197025764923e+01
7.185190134712290444e+01 5.191698270249083436e+01 5.377157714575157144e+01 6.186377767865513277e+01 8.190445715227936319e+01 8.218552043110649663e+01 7.384934678214602854e+01 7.547995408359241765e+01 5.603421900913078701e+01 3.635395138571557538e+01 5.183783706247949397e+01 5.112498296443371970e+01 3.356412159159512498e+01 3.520166483677962788e+01 3.851184617364143747e+01 5.803991798654435286e+01 7.107769009318296582e+01 8.133226263871505068e+01 8.447826834973339771e+01 8.566591325363458509e+01 9.404769812948070751e+01 8.673655516317660386e+01 9.352032946550879444e+01 1.018922457962393224e+02 1.120333147526991553e+02 1.269188108934873185e+02 1.186513112059039656e+02 1.167686368660947380e+02 1.098337469373101811e+02 9.579264698386070620e+01 8.335989867688881816e+01 6.329286866016367696e+01 7.701379902516669063e+01 5.719232240123858446e+01 7.728470562445777148e+01 7.915008969270543560e+01 7.396352091461319844e+01
6.480402959497472182e+01 4.496563400359018914e+01 5.894616652696824843e+01 7.894491022388066881e+01 7.679060699975975979e+01 7.066322678579734884e+01 5.396179346950588496e+01 7.066322678977496707e+01 6.420620694847586662e+01 5.182981455319538355e+01 3.201259223373236296e+01 3.126952584560891069e+01 5.112498376349680740e+01 4.762766603584202585e+01 5.793215482117056325e+01 4.327001772587365735e+01 6.278799017524466564e+01 7.645363224380949418e+01 8.081697931679600799e+01 8.602826235376430475e+01 9.190084692288523627e+01 9.871370236024860390e+01 1.070836483905677596e+02 1.172380004225429388e+02 1.285876366459104929e+02 1.184897751944599662e+02 9.799920187722624121e+01 9.697723340156004213e+01 9.764571669112355323e+01 8.168919048403203931e+01 6.753679017584877897e+01 8.335989867688881816e+01 8.396428551778869576e+01 6.567797889163179548e+01 5.818641110899194047e+01 5.890585918080022054e+01 5.965869613043224717e+01
5.486267871904345128e+01 4.078684874514061676e+01 6.057464083020156664e+01 7.010509397051855274e+01 5.688526300616749154e+01 6.236726244234153427e+01 4.263111286715886195e+01 6.236726244180413659e+01 6.245729603615677661e+01 4.311272237735152402e+01 2.899554077618791226e+01 4.894556410066218888e+01 5.937156465626017621e+01 6.508686076558034017e+01 7.038088391653467113e+01 5.442636534196642373e+01 4.851941741210545445e+01 6.812356271159147525e+01 6.080911065424317030e+01 6.584504993921271421e+01 7.155761723196040691e+01 7.827513604815854364e+01 8.851715570108262909e+01 1.089102490194145219e+02 1.205199659193589383e+02 1.011525736579981753e+02 9.160264235799596122e+01 8.298249391538006137e+01 7.784177169050255429e+01 7.300107525367378969e+01 7.274486964052019289e+01 9.305271238312137427e+01 8.497495795860788803e+01 8.434249701167753699e+01 7.824908229635286716e+01 6.253197843186627125e+01 7.982382565546626552e+01
3.513961021341958002e+01 5.486267871904345128e+01 6.216899935288834200e+01 4.987388810345422030e+01 4.292106676403117405e+01 4.655440760854038018e+01 3.563511558630849407e+01 5.538776776929148582e+01 5.386315162577100324e+01 4.571800082729350834e+01 2.763761617713800334e+01 3.666550613637788558e+01 4.806185517590607503e+01 6.786181529816097679e+01 8.256540487910693571e+01 7.421018211441743517e+01 6.812356271159151788e+01 5.418121940223318234e+01 7.395433698210612761e+01 8.602826235376430475e+01 9.190084692288523627e+01 9.871370236024860390e+01 1.070836483905677596e+02 1.172380004225429388e+02 1.285876366459104929e+02 1.176224354421131437e+02 9.876988339711648734e+01 1.019569040942779168e+02 8.285785096632400837e+01 9.283256339080273278e+01 7.837176073446437385e+01 9.905840843972468690e+01 1.059677480324090766e+02 9.308514618364952753e+01 7.325027223055757020e+01 8.248479343840642741e+01 6.845896961057421493e+01
4.948976509351967934e+01 5.204824072639496535e+01 5.049495205879952664e+01 3.479793834055440982e+01 4.079618140451011499e+01 2.674333952973575634e+01 4.224501044789994353e+01 4.304977070396797956e+01 4.374862129043662407e+01 2.585180434323019583e+01 2.718333437904855288e+01 5.511094541223655341e+01 6.470453692486201192e+01 7.618745471598334973e+01 7.703962076542406123e+01 8.540656464384883861e+01 8.232123008293467592e+01 6.804999766771932457e+01 8.232123008392753150e+01 9.847463824617462080e+01 1.044660498326409339e+02 1.037941653250989589e+02 9.535086300649417979e+01 1.037941653250989589e+02 1.139861328094950466e+02 1.251248363986929917e+02 1.142415260215090171e+02 9.633718956482358919e+01 9.573184350907312989e+01 1.057593122832559089e+02 8.459618144328402423e+01 1.060369959531852686e+02 1.070588723947712708e+02 8.729760739807373682e+01 9.308554791078198321e+01 9.221398948451357569e+01 7.273900574859396784e+01
4.621630927567753133e+01 3.537842768045907604e+01 3.769224970618925852e+01 3.950462684370405242e+01 2.086331336720242291e+01 2.166461448658083810e+01 2.246707417791865424e+01 2.326157673053908681e+01 2.405033656045281276e+01 4.385808745863687363e+01 5.301013037566465158e+01 6.059475927114296212e+01 6.926147348384930069e+01 7.398636695909486605e+01 5.743231744346581991e+01 6.571934521805624740e+01 8.556750873586842943e+01 8.820867303175538154e+01 9.227270986231769712e+01 7.764214251394977850e+01 8.374383924487867148e+01 9.342368909859020221e+01 7.446202906950595946e+01 8.490644603800012646e+01 1.019704042339490115e+02 1.138926662078590226e+02 1.221399424596983181e+02 1.141969379399353812e+02 1.107776512471869097e+02 1.145866352514800752e+02 9.322617646614908438e+01 1.151205520364768091e+02 1.151539443940780956e+02 1.070588723947712708e+02 9.871334154625967017e+01 7.953554784269243783e+01 9.221398948451454203e+01
