MOVIE_S9_data/elevation_000462.asc
nrows	100
cellsize	150.0
xllcorner	0
ncols	100
yllcorner	0
NODATA_value	-9999
[rows 68 to 84 of 100, columns 37 to 73 of 100]
7.323203749958959463e+01 6.294174946259760617e+01 5.672204290804002369e+01 5.284162646326514334e+01 4.952482516397219570e+01 6.367449758609436117e+01 6.590009559988507704e+01 5.469957738061876995e+01 4.700306879164297413e+01 6.239755121348635214e+01 8.500123222973245163e+01 8.925842033530619801e+01 8.844569398708570418e+01 8.015480914040263372e+01 8.015480914040263372e+01 7.779833746474875511e+01 6.534228341993137690e+01 4.551203563880134340e+01 6.125696794829448066e+01 4.346671243473100787e+01 4.485942858880686401e+01 4.627653032432724700e+01 4.997235170341500066e+01 6.983247895196947752e+01 7.982175847728845497e+01 8.521059421664755007e+01 9.109661431650427232e+01 9.796405856551724867e+01 1.064330734942173251e+02 1.167134264549577836e+02 1.167557962562496101e+02 1.053991414713043042e+02 8.738826213627281447e+01 9.914297408456621952e+01 7.902778115833196182e+01 9.203117989075322214e+01 1.103258703160861245e+02
7.569883150197026112e+01 7.903540990157357271e+01 5.966509873718822377e+01 7.122487283467370389e+01 6.327326633640959130e+01 4.503028318387053730e+01 5.444310918034742031e+01 4.379598918537377727e+01 6.599983301993874818e+01 8.060271650473674754e+01 8.347080668860644437e+01 6.935497244215750356e+01 8.015480914040263372e+01 6.026259351443971468e+01 6.026259351443971468e+01 7.435414375076265969e+01 7.162735663050439427e+01 5.679463341542490440e+01 4.154476459110435371e+01 6.133308318394430358e+01 6.543560640282402119e+01 6.035721052462496061e+01 6.983246969181389829e+01 5.545075362316594436e+01 5.983297120117874357e+01 6.504741716636343085e+01 7.070684258185730187e+01 7.736172581847846175e+01 8.763619728883443827e+01 1.082919198421999454e+02 1.087011695107599820e+02 8.893778684819670843e+01 7.710020072798756985e+01 8.777284711176554310e+01 7.162407236888606121e+01 8.220141708618787391e+01 1.022366563642493702e+02
9.507284722300292401e+01 9.110347879732978527e+01 8.191445639734379824e+01 7.407227068718748342e+01 6.585966239706577596e+01 5.975706285879643787e+01 4.067459271886624350e+01 5.783115082079061864e+01 6.929477521236445625e+01 8.630260609269487304e+01 7.518455736106760412e+01 5.536992612209398601e+01 6.265268421877149052e+01 6.608888857551393414e+01 4.629891424533629873e+01 6.608888591195756135e+01 7.277229257854806121e+01 5.924979453575642907e+01 4.034261555660611975e+01 6.009797447789073743e+01 7.706497557859474057e+01 8.055448476138947456e+01 8.377645799721655351e+01 6.526785757027349177e+01 7.982175847728845497e+01 7.607845181178576865e+01 9.109661431650427232e+01 9.796405856551724867e+01 1.064330734942173251e+02 1.167134264549577836e+02 1.107542625848958693e+02 9.103536334973217947e+01 7.660120529264435163e+01 6.728089150579266686e+01 6.534199558524271367e+01 8.587820519837873690e+01 9.573814195854980369e+01
9.466009297349290819e+01 8.624182793847485584e+01 7.921160600436097354e+01 6.586841478910641001e+01 4.634021262177236622e+01 4.187100149804113869e+01 5.146728341724264766e+01 3.817576974674541646e+01 5.982106443115920058e+01 6.653097844863688692e+01 8.055446652820054965e+01 6.265119347621340040e+01 4.293123707005265288e+01 5.280493536063203663e+01 4.011141991749870073e+01 5.498786150379062576e+01 5.120671171475289185e+01 5.721837022857137356e+01 3.914977434755376606e+01 4.896025338507924829e+01 6.295577687005012990e+01 8.287415343317643135e+01 9.390092557704382159e+01 8.543640195687071071e+01 9.390092557727157896e+01 9.647756308953493942e+01 1.049349147720156452e+02 1.131260705916398877e+02 1.105114221594036508e+02 1.188604647310370126e+02 1.164455038898599639e+02 9.681089521817735033e+01 9.596616147205929792e+01 8.074416433310717878e+01 6.024486581264395113e+01 8.074413097565263797e+01 8.754337139778344579e+01
7.775449330060696695e+01 6.639107117083338494e+01 5.952486897958027612e+01 5.368286395144808409e+01 6.586841478910641001e+01 5.524272602788658304e+01 3.571379275075535986e+01 5.299516279881538594e+01 5.990236261634101567e+01 5.268800940410624634e+01 7.231944516418539592e+01 5.934025185154572313e+01 5.066645845349292188e+01 3.315207691820855729e+01 3.423523103580748028e+01 3.533432895019517872e+01 3.643221095701387924e+01 3.753111275584766560e+01 5.572726087432155140e+01 4.566880250299317368e+01 6.544758870387394722e+01 7.895620056721168112e+01 8.599176357296165918e+01 9.430275569459416829e+01 1.058672234836150494e+02 1.080419169405389539e+02 9.970673676540175734e+01 9.304349082051783171e+01 9.044408950897295085e+01 1.072595281254497337e+02 1.038693244094400541e+02 9.522486887009243617e+01 9.166556529228292050e+01 7.137779979340587033e+01 5.691350967718512521e+01 7.270490347769485595e+01 7.335125048274741744e+01
9.466009297349290819e+01 8.624182793847485584e+01 7.921160600436097354e+01 6.746513508844974183e+01 7.127386611582697640e+01 5.163932041913215443e+01 5.298914050681369048e+01 3.345893361134005772e+01 4.035823061928677902e+01 5.990235547859138165e+01 5.801981671471941837e+01 4.979789767286966651e+01 3.163643164000752606e+01 4.551002602115922002e+01 5.388502642068005599e+01 5.498786898591764327e+01 5.609643771205318075e+01 4.148018457126210734e+01 6.078624176311336669e+01 6.544758870387394722e+01 5.287101301632752381e+01 5.911313670088961914e+01 6.609218632963732887e+01 7.754017825366204875e+01 9.753684382137677744e+01 9.648436579556289416e+01 7.973181395922811987e+01 7.895763859005205632e+01 7.895763859005205632e+01 9.892554225175966565e+01 9.178817712555716923e+01 7.427667805651620370e+01 9.177461832795043506e+01 8.448081039628121403e+01 6.408434130799159334e+01 5.240999413456832201e+01 5.304121980031643346e+01
8.975247353635747061e+01 8.146716788236199136e+01 8.975247353635747061e+01 8.729985805781738861e+01 7.949794857397908743e+01 6.993717054364397256e+01 5.146021075558950741e+01 3.190681648134878046e+01 4.933956197587697545e+01 5.557410350043273439e+01 4.833717969359965849e+01 3.012744131965245487e+01 4.980477031646680075e+01 5.950465844666929627e+01 7.346338021940950114e+01 7.059663478600073461e+01 5.102993991913017169e+01 6.081324906730940683e+01 4.897489608304147879e+01 6.845331259859280237e+01 7.268127280983520677e+01 6.902578536200432779e+01 8.599176357296165918e+01 9.430275569459416829e+01 9.722818997918405159e+01 8.757792194887056780e+01 6.831977690668107073e+01 6.755122765526644457e+01 8.154244063488928873e+01 1.015313877547603880e+02 8.313042526483856420e+01 6.245105025939741239e+01 8.313042526483856420e+01 9.270990276362638838e+01 8.096660867956441621e+01 6.839306823004167768e+01 4.821464802296949159e+01
7.977418282591619914e+01 6.152960543234250679e+01 7.977418282591619914e+01 9.220216611426656073e+01 7.310619441960876941e+01 5.336555596997333595e+01 4.221635614405376202e+01 4.258904689634370300e+01 2.976016751579022213e+01 4.236949660826932273e+01 2.864164437326656198e+01 4.833769576070524465e+01 3.938584719127744194e+01 4.679379458011170811e+01 6.657244617116909069e+01 7.890481467083340306e+01 5.958511698284604563e+01 7.675584412888261454e+01 6.845331259859280237e+01 5.794926738327973226e+01 7.782088117580046571e+01 8.894632671383111244e+01 9.725887738562300910e+01 1.030574758565391704e+02 8.306370387442497361e+01 6.906864634320322693e+01 5.956335221541780811e+01 7.929503742745086470e+01 8.722882831495763867e+01 9.553147444770573316e+01 7.581766592585675824e+01 5.554571276695806858e+01 7.013619089060836131e+01 9.222446728017877149e+01 8.872612164720425199e+01 7.662730478733061545e+01 6.488092068538840351e+01
6.398622478662999669e+01 5.162307453895942899e+01 6.398622478662999669e+01 8.277598166753247710e+01 8.138127483004252838e+01 6.994390549930309930e+01 6.167451196042324568e+01 4.985704517053444107e+01 2.824646452109282180e+01 4.208186315307258241e+01 2.759422809178606784e+01 4.884640482637700387e+01 5.909710945308680863e+01 6.657244654285292995e+01 6.074890265308441428e+01 8.063172522112928675e+01 7.098607537801169087e+01 8.785161065153191373e+01 8.615913250168411253e+01 6.930297756619707172e+01 7.412395870197761383e+01 9.427029980294005895e+01 1.073299974064196931e+02 9.577580280354361264e+01 8.746851652622791562e+01 7.488289847184272219e+01 5.521611597968974650e+01 7.320889235074186274e+01 6.740164473076139018e+01 8.722882831495763867e+01 6.992456335654155453e+01 5.020620251627551767e+01 6.449550540024888790e+01 8.640700498057157120e+01 7.986416566243816817e+01 6.269250572030024671e+01 6.251497897172696128e+01
5.461601722519770874e+01 4.416627909732809343e+01 5.461601722519770874e+01 7.449947275075450648e+01 7.650244203213254934e+01 7.432716628429372463e+01 7.704645313666746631e+01 5.794302707430041721e+01 4.474151922787240920e+01 2.611029378057360972e+01 4.588781444355155514e+01 5.693767377539114705e+01 6.919263460183880454e+01 7.796447409323901923e+01 8.063172522112928675e+01 8.890938865662832313e+01 9.114498548194494276e+01 9.948710883804302796e+01 9.778815921222938812e+01 8.945655389350599762e+01 9.427029980294005895e+01 1.015751433641209616e+02 9.899831774556132302e+01 7.902811624055394191e+01 6.761823783707374957e+01 7.102592509914153140e+01 5.141298093314438233e+01 5.356485809221435090e+01 7.320889234058506645e+01 8.219551037465781462e+01 5.995032344517804290e+01 4.580758388143622284e+01 6.493362377081878378e+01 7.927159836449935426e+01 6.992002925515943446e+01 6.256508567393291997e+01 4.700864283560116519e+01
5.826469929710890483e+01 3.843291738371953414e+01 5.826469929710890483e+01 7.650244203213254934e+01 5.663297974899914067e+01 5.446019194901457183e+01 6.357272300671787235e+01 4.968992687909835837e+01 4.504217598168818881e+01 2.523918275469845085e+01 4.504333636458723333e+01 4.151413746212327283e+01 5.022543386664182918e+01 6.397727840082279016e+01 8.363677132252239232e+01 9.575115899489019000e+01 1.042027662145895590e+02 1.048310281251407616e+02 9.641007059609262342e+01 8.815719696948055173e+01 8.892840208823426451e+01 8.157937165076654651e+01 9.574843743811948116e+01 8.746851652227790908e+01 6.761823783707374957e+01 5.630605528356197453e+01 5.070487437777224216e+01 4.625252093073584803e+01 5.961913045407203526e+01 7.835591209775226673e+01 6.057889843161811427e+01 4.192185788168256977e+01 5.730344567988890958e+01 6.397216342615976004e+01 5.292014827069420591e+01 3.785165039260472497e+01 3.728600647747420282e+01
4.401609062323815635e+01 3.406715631009801371e+01 5.393704968834875046e+01 6.744869699578649147e+01 6.027908082853781480e+01 4.048911321528004947e+01 5.546960409826123595e+01 3.576360627409066240e+01 4.302182928700998588e+01 2.436011672992738752e+01 3.103199649694029461e+01 5.070322453942793572e+01 6.255213310848731822e+01 7.796447409323901923e+01 8.627040077855912159e+01 7.557607353268414840e+01 9.251596786556731900e+01 9.641007059608068630e+01 7.673730478704375457e+01 6.837736349254153367e+01 6.909824708349246691e+01 6.762506343845652168e+01 8.743599759054987430e+01 9.577580184161267596e+01 8.428052447312440165e+01 7.600795277988623866e+01 6.262662158650977062e+01 4.310686655322427896e+01 6.262662158650977062e+01 7.153732565152472489e+01 5.724969987044615749e+01 3.815847779133504503e+01 4.420975282154724084e+01 5.382751868659406114e+01 4.313504432795311772e+01 3.658339673673143011e+01 5.295875174407802177e+01
4.429534941677633242e+01 3.027772671469100274e+01 3.933937138239679143e+01 5.339213879347767744e+01 5.279929924259609209e+01 3.303290099202132524e+01 5.010056775168680332e+01 4.188827737912076543e+01 2.313767174094970969e+01 3.869277540500745260e+01 3.027165829187700297e+01 3.457672971462994127e+01 5.427191325401111044e+01 6.618948604486512011e+01 6.618948604486512011e+01 6.401939693436972334e+01 8.410306797236179932e+01 8.815719696948055173e+01 6.837736349254153367e+01 5.710447079420053029e+01 5.528167686782505541e+01 7.325951665888833020e+01 8.151346454461103974e+01 8.921758086192306791e+01 8.099088002405913755e+01 7.388894436829460233e+01 5.421422156083103516e+01 4.040894348749937848e+01 5.997681445317152793e+01 6.004150698888045667e+01 4.601574833927081443e+01 3.434000348228320831e+01 3.485135273828379354e+01 3.536110546556897560e+01 3.586819486209851959e+01 5.553956611825638845e+01 6.193312676150365803e+01
5.011308664771448207e+01 4.515424666445861845e+01 2.547805496319098850e+01 4.064019331217162545e+01 3.914045675848844752e+01 2.636572198272203238e+01 4.073830213239264708e+01 2.191357556619564662e+01 4.188336802461204655e+01 3.463823052181532347e+01 4.997304265858083028e+01 5.427191325395133248e+01 4.127900197910241076e+01 4.632261403764596253e+01 5.253819359296893055e+01 7.250775348964714340e+01 8.980291378697454263e+01 9.101739107743975410e+01 8.496576584399365117e+01 6.796782728005787533e+01 4.841232500211540923e+01 5.364118614683302155e+01 6.706361765221986104e+01 7.772290687419673816e+01 6.186164839994768982e+01 6.666799091958007750e+01 5.741329219751997925e+01 3.788975018595566979e+01 5.386678527682155959e+01 5.067220586402289939e+01 3.362176552494246096e+01 5.308428700070640360e+01 5.740933772618733144e+01 5.430824971664036838e+01 4.046359135027970666e+01 4.270905677777876264e+01 6.260504171522925532e+01
5.799271804639402461e+01 5.339057483057442965e+01 4.064015249064510726e+01 2.106551523503848955e+01 1.905096822055609707e+01 1.985881117796196094e+01 2.069236772769666999e+01 4.073852829734392600e+01 5.010727988763780161e+01 5.434745548099297707e+01 4.853400549948973719e+01 6.838254978274083840e+01 6.105812600212024677e+01 6.618948604486512011e+01 7.250775509226124882e+01 8.074579819720464968e+01 6.870659296117081283e+01 6.990116998109978397e+01 8.460027617231820329e+01 7.619798198245544540e+01 6.193286825670217866e+01 4.237055184926006746e+01 4.576644743803360882e+01 7.017863421217447240e+01 6.666799091807745015e+01 4.686957782486203428e+01 6.160648414193349964e+01 5.381553004646496419e+01 3.484141991186850618e+01 3.290535927459958287e+01 4.790653328700576452e+01 4.936951611645349658e+01 6.931683253567355507e+01 6.033858513603457396e+01 5.473570191471610258e+01 6.260504171522925532e+01 5.073909411852260121e+01
3.819283625147551220e+01 4.399186472556341698e+01 3.693975694067756166e+01 1.793803738809493709e+01 3.802577000288655285e+01 3.993807795685504658e+01 2.603240260765180736e+01 3.057262229876745607e+01 3.791812367843456855e+01 5.778803942911315517e+01 6.838254978280257035e+01 7.666943805676062595e+01 7.990952712887408893e+01 7.162849882600889373e+01 7.990957151268730740e+01 7.091025680012617727e+01 5.273595191136662663e+01 5.398846224288799789e+01 7.608596794718327772e+01 7.348706948541760653e+01 5.817982858200203822e+01 3.846373835050292200e+01 4.978137930191228833e+01 6.139174974105554128e+01 6.005597799194690367e+01 4.343284556259653328e+01 3.647715254646717398e+01 5.073183663652917375e+01 5.123899405240880611e+01 3.240887423158325475e+01 5.190104992130365957e+01 6.260624998388105666e+01 7.811906651463634432e+01 7.981530877222131437e+01 7.604656979232400715e+01 7.929451271273356383e+01 6.224725259601856209e+01
3.853916943728747668e+01 2.407117111438162382e+01 1.690320547257348949e+01 3.005177670687974256e+01 4.473708091715807456e+01 4.135151593585630536e+01 4.501162179813307063e+01 3.508684442448167573e+01 5.493639322198396968e+01 5.045969192560671246e+01 7.039836096354700601e+01 8.147405144034283353e+01 6.968813590414168857e+01 5.099909449666462535e+01 6.968813590409362746e+01 6.211027821058839749e+01 3.865553287223920620e+01 6.211027802400894871e+01 6.785948765324002352e+01 5.399489292446476441e+01 6.522890923825721643e+01 5.298048204510750026e+01 3.357205805844504454e+01 4.872195948556964140e+01 4.918306187518202677e+01 3.923698538697651372e+01 3.075310151298872796e+01 3.124309117686813408e+01 3.172771756145637312e+01 3.727912068130473955e+01 3.499499031261818516e+01 5.443323559366090336e+01 6.523877775354867481e+01 7.394481785809504970e+01 8.238516288998071957e+01 9.105538249576663645e+01 8.246276679977556512e+01
