MOVIE_S9_data/elevation_000165.asc
nrows	100
cellsize	150.0
xllcorner	0
ncols	100
yllcorner	0
NODATA_value	-9999
[rows 34 to 50 of 100, columns 37 to 73 of 100]
5.414285603339530439e+01 6.516620974148635526e+01 8.493597792530310642e+01 7.774457543966474304e+01 5.798981461629020373e+01 6.901482686876201456e+01 8.879152246077936184e+01 8.139278072716155066e+01 6.157612267967788711e+01 7.148445170343994448e+01 7.401797027226150760e+01 5.421302052377662761e+01 7.295221086116423237e+01 7.776118019217538802e+01 6.601140997228050367e+01 7.302333549959776349e+01 8.449839281321376916e+01 1.043578066489429261e+02 1.062704478452757684e+02 8.625232206590506223e+01 7.484616538276472397e+01 7.092282908865409752e+01 9.072883464453119018e+01 9.167721060544525358e+01 7.169140504105629930e+01 9.167721060544525358e+01 9.980731305940690845e+01 8.158520427296545563e+01 9.346513549823767164e+01 8.760830568164028875e+01 1.076047734739782982e+02 1.166930085674918161e+02 1.188701602169710441e+02 1.180690704190098614e+02 1.156606621784451647e+02 9.660815612829186705e+01 1.156606621784451647e+02
5.941799887735756869e+01 7.917356430295613734e+01 9.314105713293619715e+01 8.322592074112887417e+01 6.346264919817619443e+01 8.322592074112887417e+01 9.699866166230344788e+01 8.960087271320956859e+01 7.148305363286648628e+01 8.960087271320956859e+01 8.103240904468670180e+01 6.119258015588798827e+01 7.037523393378789649e+01 9.022628824596327490e+01 7.747138407142821848e+01 9.289196872493653245e+01 1.011294769971955105e+02 1.126032278579970836e+02 1.145489882810973512e+02 1.029969226729184726e+02 9.471297753788434193e+01 8.074596225625187174e+01 9.901141430149772305e+01 9.994348885803672999e+01 8.166486362714809388e+01 9.994348885803672999e+01 1.097375339317911340e+02 1.015667790388928893e+02 1.097375339317911340e+02 1.076047734739782982e+02 1.158088145979824048e+02 1.244150638480837472e+02 1.119005518880528314e+02 9.702932354676222815e+01 1.070455994875988353e+02 8.648696386169324057e+01 9.676628167464605212e+01
6.599470516936123943e+01 7.554208438955548388e+01 9.533179692875511080e+01 9.070346400439866841e+01 7.091974411206039974e+01 7.959274315152522661e+01 9.939170715978002590e+01 9.950983700012808697e+01 9.130250782146059407e+01 9.950983700012808697e+01 8.926556258491315532e+01 7.110132767224470740e+01 8.926556258491315532e+01 9.846488401127830059e+01 9.733667627082540719e+01 1.055800272624089757e+02 1.060799258928235247e+02 1.147497364742087314e+02 1.097870421268783616e+02 1.013051838827271638e+02 1.090011217380361330e+02 1.007117070328104091e+02 1.090011217380361330e+02 1.099404009485909484e+02 1.016895575837422570e+02 1.099404009485909484e+02 1.045313411594090809e+02 1.026414473747920084e+02 9.412153685430212136e+01 9.779316562917755107e+01 1.075805578406753966e+02 1.154104020165276268e+02 9.432614921379982320e+01 8.266998765350673750e+01 9.219409606065423191e+01 9.676628167464605212e+01 7.661767086380889680e+01
7.482061369942896079e+01 9.397020363836027457e+01 1.035421747620090542e+02 9.891296078446474382e+01 8.233070697315380926e+01 9.891296078446474382e+01 1.076034454350688350e+02 1.097444335706757954e+02 1.012407051554467614e+02 1.077615767665979831e+02 9.919991253376765883e+01 9.096349041712859673e+01 9.919991253347508575e+01 9.925511497245948078e+01 1.077653149120415179e+02 1.024281611380959021e+02 8.456535587995962544e+01 1.024281611380959021e+02 9.797390386550019059e+01 8.085088112555288831e+01 9.797390386550019059e+01 1.033754733109719695e+02 9.486477546248498527e+01 9.219152446458784311e+01 1.007115343486109538e+02 9.847102919467855031e+01 8.389877237974738478e+01 9.112025328676834590e+01 7.380802610349951465e+01 7.653604965321827081e+01 9.797721094501315520e+01 1.123305064060261174e+02 1.018064623384540397e+02 9.217096236825355504e+01 7.219039518857469773e+01 8.390072173025367874e+01 7.124824402717078442e+01
8.881163931095667863e+01 1.028264158954787462e+02 1.087064592237494765e+02 1.103530236713338297e+02 1.021408628087941537e+02 9.998566782687123577e+01 1.081783335708143738e+02 9.785544051054186809e+01 8.062246701785723246e+01 8.710868723438861139e+01 1.016704460261575775e+02 9.748805534688248997e+01 8.897597508033634028e+01 7.869683518821301504e+01 9.589815775857923086e+01 9.365854112128221232e+01 7.242866504989611087e+01 9.365854112128221232e+01 8.949588573249607748e+01 6.922147649831968863e+01 8.949587708441063683e+01 9.486478420576800374e+01 7.448375694860126828e+01 7.186067189817389078e+01 8.893318508355649499e+01 8.830953384120871874e+01 6.974485762628324892e+01 8.245683935607776505e+01 6.255880503628252853e+01 8.238321168466228528e+01 9.668638103449647758e+01 1.049735904870123449e+02 8.478540341981052109e+01 7.339586789926612198e+01 6.611641398885602428e+01 6.424634923031601375e+01 8.390072173025367874e+01
1.086274824434197370e+02 1.029196042866120138e+02 8.895622061207041043e+01 1.029196042866120138e+02 9.676170682667202527e+01 8.021342346385370092e+01 9.676170682667202527e+01 8.872770792695854425e+01 6.899101567348522224e+01 7.272960382137209479e+01 9.315777852727603658e+01 8.572307136944878891e+01 6.866984777015021280e+01 6.711866741825384963e+01 8.679728382122682717e+01 8.615266167863597957e+01 6.529876639208879396e+01 8.615266167863597957e+01 8.232779628493555890e+01 6.225968274885108400e+01 7.377072384835678065e+01 8.218475108178073185e+01 8.045349207994465246e+01 6.000043826361047650e+01 8.045349344376967338e+01 7.983862632612367349e+01 6.013650200699816395e+01 6.918484268048733554e+01 5.691092182129536781e+01 6.793826040494590757e+01 8.809255179025107907e+01 1.005292923872467554e+02 1.018064623384540397e+02 9.339624453712472985e+01 7.926814170536283655e+01 5.979262858886713872e+01 7.480184738463775318e+01
9.808390886276738740e+01 9.406301759742807178e+01 7.491261805779083716e+01 9.406301759742807178e+01 8.857015722140003788e+01 6.859450564714325083e+01 8.857015722140003788e+01 8.023786642517659118e+01 6.017753363047931003e+01 8.023786642517659118e+01 8.837493794429623506e+01 7.674369817693508367e+01 5.732780012043294704e+01 5.836144948361094720e+01 7.832205536304098814e+01 7.986498533168202130e+01 5.938517128167418946e+01 7.986498527179608686e+01 9.078545196262965078e+01 7.377072384835678065e+01 5.411629940223128443e+01 7.377072384835678065e+01 7.428666428062133775e+01 5.299799676132837334e+01 7.040500345659401660e+01 6.671761511871254413e+01 6.930683927193460647e+01 4.975992540776875472e+01 6.345442034174403290e+01 8.331469615194673395e+01 9.447177929337284752e+01 7.990993025603398792e+01 9.441736631246271827e+01 8.816989764105723282e+01 7.757696838775299852e+01 7.085903970759800075e+01 5.549323358844561227e+01
7.824957208965879829e+01 8.587343886076368449e+01 6.580314270599632209e+01 8.587344019226587477e+01 8.150769787801176847e+01 6.132227905453441252e+01 8.150769787801176847e+01 7.487651696928926981e+01 5.500389780978043319e+01 7.487651696928926981e+01 7.989479887526809421e+01 5.988433543830100092e+01 4.869181854380511965e+01 6.179177449489080232e+01 7.013180882206890487e+01 7.439153161774102330e+01 5.425703098633425725e+01 7.439152661331344518e+01 8.299878586818816473e+01 6.299947482571370472e+01 4.976493123044261324e+01 6.876566395360178774e+01 6.958665706215187186e+01 5.234215981373220217e+01 4.306339693096589372e+01 4.296794424568212634e+01 6.283401018766692658e+01 4.504025640497241767e+01 6.508254012825155144e+01 7.852162584549972735e+01 8.537066889655444868e+01 6.580576209416848599e+01 8.501452857564113685e+01 7.062471420782716791e+01 5.527956010912649276e+01 5.147020625233506763e+01 6.642567323445896932e+01
6.392546499583072972e+01 7.952664241101990683e+01 5.929604843039309259e+01 7.952665470882119791e+01 7.542156510767975419e+01 5.519720271891101504e+01 7.542156510767975419e+01 7.005669886032879390e+01 5.034707776714101612e+01 7.005669886032879390e+01 7.354147152860298320e+01 6.905127766612551454e+01 6.179093881045947967e+01 4.235825185338412524e+01 6.179176981321640483e+01 6.307458887222811228e+01 4.961666978274813289e+01 6.950820313218882518e+01 7.276506110667591543e+01 6.277417999432774565e+01 4.641081296136292167e+01 6.286599249369935904e+01 6.118491380382953082e+01 5.967710685855589503e+01 4.235439454073650012e+01 5.648857164927430574e+01 4.359368095315058156e+01 4.404823835941419929e+01 5.238550066349053225e+01 6.953303153241466816e+01 7.686375761929379280e+01 5.734977074416491405e+01 6.784042738119254068e+01 6.858532291388415558e+01 5.041072555684896628e+01 6.945168980501667022e+01 5.257007478614531237e+01
5.774054193655455691e+01 7.123914817307762348e+01 5.372228021739893222e+01 7.391569351696867329e+01 7.001637689877048842e+01 4.999939354675916547e+01 7.001637689877048842e+01 6.564949360281563884e+01 4.603995478394141827e+01 5.986694566756099078e+01 5.385091858800616649e+01 4.926928160713425342e+01 5.544671403196314685e+01 3.901826226293715649e+01 5.773971150063041335e+01 4.307541068409811658e+01 6.247878272212167872e+01 7.335382773545154578e+01 6.290262768348954125e+01 4.608024037796760553e+01 4.356131928245207519e+01 5.353156591160702504e+01 4.129300288668546415e+01 4.173225803564484693e+01 6.160141936463734424e+01 6.681147078679690310e+01 6.285440971435627944e+01 6.365954016979360119e+01 4.469756115822283249e+01 6.373423902016934051e+01 6.602292527699711400e+01 5.866307219664781769e+01 4.859024421200660271e+01 4.934816042419136295e+01 5.510579639088273751e+01 7.468486149330753676e+01 7.367030405040830487e+01
6.272595571700373540e+01 5.111120987041314123e+01 4.878392773978265495e+01 6.165975362301628593e+01 5.880724950588192002e+01 4.557570635661614489e+01 6.516129922262673801e+01 7.402090640616856376e+01 5.986694564568601606e+01 4.027485588754699819e+01 4.493870653626005662e+01 3.531689010087350056e+01 3.571155594135206002e+01 3.610499852490646333e+01 5.584793711153125173e+01 3.828913579358263064e+01 5.558208332577703459e+01 6.600928424678029671e+01 5.081585140898355490e+01 4.474794938753382922e+01 4.023863643734593865e+01 4.067315383029581710e+01 6.081357337568657329e+01 4.131720571526090424e+01 5.590519950579354003e+01 7.347903301588240765e+01 7.213624375121757737e+01 5.467547880488586287e+01 4.524741864989446327e+01 4.587807397841325496e+01 4.669927793830601104e+01 4.749732948623654494e+01 6.677281207374103644e+01 5.705436946504434559e+01 7.103752340095691409e+01 6.475142721364004217e+01 8.471102555758712072e+01
7.950409914723691429e+01 6.542871287155765003e+01 4.574476033831773947e+01 4.245973670795811472e+01 4.001778238577399804e+01 5.554379211522900306e+01 6.370460917393619127e+01 7.053601816601560870e+01 6.025398996825929032e+01 4.403877773682301466e+01 3.475700076742061384e+01 5.450545688559875401e+01 5.541030575995348073e+01 4.407468993464898688e+01 3.666391428660004692e+01 3.706141384082865642e+01 5.567803070920285080e+01 6.106786694197091947e+01 5.918941542568558845e+01 3.963211992736023603e+01 5.558076137167647346e+01 4.737439322663546193e+01 6.982006353368235807e+01 6.759042671710889749e+01 6.665190800148761241e+01 7.532066819120400680e+01 8.072179599713206244e+01 7.104262784529385044e+01 6.414881447290288463e+01 4.602323361251954026e+01 5.263259783905797207e+01 5.207963561227884242e+01 7.084068352577405392e+01 7.924521722918125022e+01 8.555910955891387459e+01 7.876373134666616238e+01 7.876375119811980596e+01
7.493418879409657052e+01 7.370829974294134956e+01 6.375973080017757866e+01 5.558857351788856960e+01 5.245689493662026592e+01 3.709778708825841420e+01 5.554368066550333083e+01 6.295699040617276410e+01 4.756521371648418040e+01 4.889182878279871858e+01 3.436146747885288733e+01 5.619905602572740122e+01 6.739277444800843853e+01 4.782530161717097172e+01 5.640786830679127917e+01 4.689631494339650430e+01 3.763089747352571379e+01 5.584183471019216682e+01 5.829791932472051741e+01 3.920878055474192792e+01 5.891288137324823282e+01 7.001549284452758570e+01 5.939400301328078058e+01 8.221087700377488261e+01 8.597761645189027035e+01 8.661621627515904720e+01 6.969029182117499488e+01 5.745924617523696298e+01 4.678485008267112732e+01 6.236436504591799945e+01 6.522801008070925377e+01 7.079479893997809370e+01 5.892830248410233906e+01 7.800648146574054920e+01 9.544661363602997994e+01 9.906800468300254181e+01 9.906900067911732322e+01
5.505904777221831381e+01 6.087170822991676289e+01 5.496930575603891356e+01 3.797044069377582787e+01 3.401829621956461835e+01 5.138509974798460433e+01 5.224297941155447944e+01 5.161321373433730741e+01 5.301094515439282162e+01 3.380083452685494905e+01 3.653151294687535255e+01 6.122835618556106141e+01 6.754907163519479241e+01 6.165788485776722894e+01 6.227610687612713036e+01 6.409840788484808627e+01 5.049807684947018771e+01 3.820562999824369399e+01 3.861557068874395071e+01 4.394402706073474008e+01 5.723897423407492369e+01 7.759170087513452074e+01 8.220528603753378150e+01 7.573873756279742508e+01 9.783598370823642654e+01 9.842897188022469379e+01 8.162811547720380645e+01 6.484321014652415727e+01 4.731220530091250964e+01 6.582827492392010527e+01 7.725530409008537447e+01 8.518902797722671494e+01 7.800648287182654883e+01 6.705191093532272362e+01 7.557439762541245898e+01 8.725227690865457930e+01 1.081182797023869711e+02
6.087863499107012899e+01 4.128891061707354737e+01 4.777706067590705885e+01 3.130444795407286307e+01 3.168671742774039757e+01 3.207444073575687327e+01 3.246278860645876563e+01 3.285121866135143165e+01 3.323955262771695374e+01 4.866386690428295481e+01 5.550224250229355505e+01 6.935787925855335345e+01 8.776818154146059214e+01 8.177173511440359732e+01 7.562372336358654934e+01 6.929430207772304584e+01 4.952914689160875383e+01 5.801804832030838810e+01 4.348688637057531281e+01 4.287940473034840494e+01 6.237332831176389192e+01 7.339244120748433886e+01 8.695604806720065483e+01 9.783598168486797420e+01 1.064241265416505513e+02 9.444199651176428745e+01 5.942608063659010043e+01 5.685497314132434354e+01 5.289872085192541817e+01 4.803310005311248432e+01 6.452890116941057386e+01 8.581761024324534048e+01 9.499992939452715746e+01 8.690479961214650473e+01 9.546959011447962951e+01 1.046706251413677791e+02 1.166875078543618116e+02
4.954462523276077945e+01 4.991649816065603318e+01 3.076506413524749206e+01 5.024504880201986623e+01 5.417583944162473131e+01 4.021677006726520176e+01 5.224955473877193413e+01 5.177031950124352733e+01 3.830950923306096456e+01 3.583492058960131033e+01 5.553725588386618739e+01 6.643996216699929391e+01 7.491691304932760431e+01 8.335141394917123137e+01 9.535327609125597803e+01 7.787231497791871959e+01 6.075327782215074279e+01 7.212295774585604136e+01 5.374701488981072828e+01 6.237332831176873071e+01 4.714224767352827428e+01 5.171661556181145869e+01 7.556133641006685764e+01 8.653730431392573053e+01 9.671703541859048414e+01 9.217750414142862780e+01 7.161481392159294046e+01 5.885339851388587817e+01 6.604748069962795398e+01 4.853015358458785755e+01 6.655546145031648564e+01 8.189296532447065147e+01 9.443486196798214394e+01 9.808213877487307286e+01 1.026041567706996602e+02 1.048647739840142918e+02 1.134083462212654041e+02
2.985309047775533742e+01 3.022841850086764381e+01 4.984239886028699829e+01 5.863277964914525597e+01 6.866186218523451146e+01 5.419405050846579996e+01 6.010120684793394474e+01 6.481526013096080874e+01 5.112900747683957547e+01 5.553725591974782816e+01 3.846320003599412019e+01 5.813096379541339331e+01 5.506126374513499400e+01 7.491691304581118516e+01 8.925146277911565562e+01 8.968270360740501701e+01 8.108501659925055094e+01 8.347701558744871875e+01 7.472277693246647345e+01 7.507239587633051769e+01 6.669103920941374497e+01 5.177614653083105622e+01 5.827334246690691089e+01 6.792467172099364348e+01 8.820898790204216766e+01 9.350097501871576355e+01 7.466875926702205390e+01 6.739388413118267351e+01 5.980255661950378254e+01 4.901908251047570531e+01 5.042601343077026854e+01 7.208385491054157512e+01 7.343528642129990658e+01 7.740004897794021588e+01 8.188166701087158117e+01 8.414989208415366306e+01 9.349395995250731062e+01
