MOVIE_S9_data/elevation_000595.asc
nrows	100
cellsize	150.0
xllcorner	0
ncols	100
yllcorner	0
NODATA_value	-9999
[rows 0 to 16 of 100, columns 0 to 36 of 100]
8.271705653423140625e-02 1.162972244032664726e+01 2.577185806405734780e+01 4.577185806363286957e+01 4.653516003297732340e+01 4.851427723018967697e+01 4.024759494921019609e+01 4.399063708078707435e+01 4.786790800172533977e+01 5.198104611961404942e+01 5.638180252781867807e+01 6.179788904686871831e+01 6.765380259742505586e+01 7.445496186827536178e+01 8.266320981350729369e+01 9.318809554612133184e+01 9.763118474352597786e+01 8.936624312301613315e+01 8.936452412065844442e+01 8.749033330966877031e+01 8.749033330966877031e+01 9.577585209899056906e+01 9.398952963615037959e+01 8.573352163714041296e+01 8.832820738120297221e+01 9.657925869968626387e+01 9.987350376983924605e+01 9.152130307561608902e+01 9.987350376983924605e+01 9.303794523715451703e+01 8.470052278577880145e+01 8.215164592138536648e+01 9.045793366952248959e+01 9.068738008107786186e+01 8.237700698105889785e+01 9.068738008107786186e+01 8.883394970698297755e+01
7.813061968023242432e-02 2.007813061967987878e+01 3.803521331258160387e+01 2.975856934731520553e+01 2.657420463707534353e+01 3.520782729644015774e+01 2.033012795823189478e+01 2.410068600960100937e+01 2.800773270945423832e+01 3.215386074486642087e+01 3.658990130455501344e+01 4.207503985251702261e+01 4.801529495913742807e+01 5.494177678414501997e+01 6.604298539822042358e+01 8.505865856759254484e+01 8.936611582075273930e+01 6.912057053370871529e+01 6.912055467518945306e+01 6.720773115124451635e+01 6.720773115124451635e+01 8.749033330966877031e+01 8.251349046508266838e+01 6.587909155046418164e+01 6.844769319500618110e+01 8.832820738120297221e+01 8.981459246424758192e+01 7.142260618768766278e+01 8.981459246424758192e+01 8.470052278577880145e+01 6.545716083573140054e+01 6.299822129609895427e+01 7.924755303644300852e+01 8.097575109164556295e+01 6.321874522189634860e+01 8.097575109164556295e+01 6.944673803812987956e+01
2.526786264046545702e-02 2.002526786264010994e+01 2.608854739060459593e+01 9.785054882778743135e+00 1.245725394117591556e+01 1.525681704654524751e+01 2.041418052905491365e+01 4.035705148975866763e+01 4.786790800172533977e+01 5.198104611961404942e+01 5.056087283141619793e+01 5.270069242127380704e+01 6.756470428038525711e+01 7.445496186827536178e+01 8.266272426514463234e+01 8.789622130726461080e+01 8.931036059171624686e+01 6.911884642436750426e+01 5.446012542027303738e+01 5.248979552366076717e+01 7.314836778333808809e+01 7.993783439010540803e+01 7.427056107732062173e+01 5.455287811214918037e+01 7.427056107732062173e+01 7.979572304909227398e+01 7.147445583695802895e+01 6.147695704226418911e+01 8.147195463165186879e+01 8.395116528467154637e+01 7.109341105807308736e+01 5.228865462297979150e+01 7.109341105807308736e+01 7.279787610147754151e+01 5.394160536075122536e+01 6.705396916385124939e+01 5.619659229195437433e+01
4.163169627051844027e-03 2.000416316959824670e+01 6.102988131682039352e+00 2.608854738998561729e+01 2.657534993849896310e+01 2.677694011505806415e+01 4.035636609074565939e+01 2.855443058571284709e+01 4.849952020608230185e+01 6.619494107216759460e+01 7.029360979444359714e+01 7.240491428193720935e+01 8.063695717085572312e+01 8.578017779583051095e+01 7.906044745181988276e+01 6.473201434407796739e+01 7.912433182898728035e+01 8.336863191418298413e+01 6.584445951610425141e+01 4.493576797898464292e+01 5.939278509423872521e+01 5.939278509423872521e+01 6.832545597591551712e+01 4.857015821178788428e+01 6.832545597591551712e+01 7.147445583695802895e+01 5.172714897031958259e+01 6.973733800246215253e+01 7.804363047338048887e+01 7.573712785343532516e+01 5.678001170601537950e+01 4.680140934687999987e+01 6.542356366087071251e+01 6.613117764714907310e+01 4.748611559847856256e+01 4.837970312670447726e+01 6.705396916385124939e+01
5.883922493566802470e-02 2.539533744365271239e+00 2.253435646983910345e+01 3.434442520442632230e+01 4.657539332563927559e+01 4.671251847848029826e+01 5.494982342327478619e+01 4.849952020608230185e+01 3.794782337869184374e+01 4.791867114802415983e+01 6.204186722985721048e+01 8.204448518625409292e+01 8.002675987576965611e+01 6.578638273186842866e+01 6.933173966449844272e+01 4.985534655801206583e+01 6.723142196626581324e+01 7.582851340809604324e+01 7.424129259975339323e+01 5.939278509423872521e+01 3.840518693564895614e+01 5.357252266454783296e+01 6.185298284271686242e+01 4.319186125757595107e+01 6.304563056201229188e+01 6.577389936800771864e+01 4.621605163414916007e+01 5.006884410176245126e+01 6.662297182442075894e+01 7.361315310074949991e+01 5.472711478059203216e+01 4.180377317413089600e+01 6.025870733481718133e+01 5.530301603615555450e+01 4.178095537945230120e+01 6.023509132825267187e+01 7.515272327519832629e+01
1.256007409845548775e-02 2.001256007409810067e+01 2.994665364369784655e+01 3.549365560611395409e+01 4.181821092677615326e+01 5.010248249890625516e+01 5.904675465992682604e+01 6.619494107216759460e+01 5.790958476791314524e+01 6.619494107216759460e+01 7.619056500313530478e+01 7.508455733866526316e+01 6.570993611834717285e+01 5.283013235607261038e+01 5.916208887987496468e+01 4.161435939508474036e+01 4.775504032872176197e+01 6.723142196626581324e+01 6.836140851823817854e+01 5.607230706892755023e+01 5.201911012505633636e+01 3.264821487280934065e+01 5.143022241463566502e+01 3.811471547544070404e+01 5.813844479821927536e+01 6.314897480357479509e+01 5.559762292860559540e+01 3.893479187276791720e+01 5.838172775443838702e+01 6.939010654979573189e+01 5.064039533490837641e+01 3.775458670937907613e+01 5.071283779367486488e+01 3.694230306623267523e+01 4.981937361952656573e+01 6.823995919767880025e+01 7.510709579095558297e+01
9.594114293757748102e-02 4.946653643664258304e+00 9.946653643664301825e+00 1.549365560591664170e+01 2.181821092625351355e+01 3.076248283625282909e+01 4.490461845998427748e+01 6.490461846406769553e+01 7.116723729552491307e+01 7.954262706973810282e+01 7.725476781539678939e+01 6.574280696743619501e+01 4.575116913452848877e+01 5.290044615487294521e+01 4.062876541131243613e+01 3.486226427584077925e+01 4.775441744898252949e+01 6.721778798834859003e+01 6.084904212036114046e+01 4.309212865495823763e+01 4.340351282889493234e+01 2.890683229262672427e+01 3.131753419290697593e+01 4.562976177913780873e+01 6.549446879525180520e+01 5.455906161687170908e+01 3.935888704303212648e+01 3.452864427971549333e+01 5.798345941413688820e+01 6.602510138738017531e+01 5.522068881303002996e+01 4.737478529398394045e+01 3.227784031696992884e+01 4.288541317023699406e+01 6.140529867549767573e+01 7.665998134132587438e+01 6.634737931814279932e+01
7.711341127313005306e-02 2.007711341127277649e+01 2.994665364388434980e+01 3.549365560630719330e+01 4.181821092691481567e+01 5.010248256771323838e+01 5.904675465992682604e+01 6.797422976702092967e+01 5.120595653629157340e+01 6.797422976702092967e+01 5.715285535056838739e+01 6.869072985026826927e+01 5.299865002071192777e+01 3.839826474505542109e+01 4.761943160866481861e+01 3.016311186330938909e+01 4.291510761404437346e+01 6.228892857176631992e+01 6.012337799554093465e+01 4.305107981666419192e+01 3.285815088330613065e+01 2.529331970917262851e+01 4.554967047644697686e+01 5.968649086832610351e+01 6.291516037742392342e+01 4.279080617989458091e+01 2.861887641522832126e+01 4.673026152306432834e+01 6.234443964471095256e+01 5.805169505824148501e+01 3.955861285365969593e+01 2.874257360734026179e+01 4.737478529398394045e+01 5.859091453516508352e+01 6.942610770738210135e+01 7.445798020946649842e+01 5.908136877486125371e+01
2.297228869525369793e-03 2.000229722886917116e+01 3.026045509513287612e+01 3.603395778702867602e+01 4.270062445369522663e+01 5.098489570115683733e+01 6.098489570115849290e+01 5.964258647581185357e+01 3.981944692090916504e+01 4.904802442701039666e+01 4.275721489849874501e+01 6.304056919669826442e+01 6.066073509287758725e+01 4.221736011118525056e+01 3.007040434053557476e+01 2.649060501874290097e+01 4.451994066398647476e+01 4.974021014759830450e+01 5.086016288752840353e+01 5.114108600953038319e+01 4.250341551564310549e+01 2.274182852457586179e+01 3.692348166678347354e+01 5.649150285289885431e+01 6.215316957087387095e+01 4.493266053938486948e+01 2.496795245225809268e+01 4.394447358159507644e+01 4.807376157450250531e+01 4.731582501389684836e+01 4.221247975288526533e+01 2.630850705635951314e+01 3.967711610293716973e+01 5.824422792513399827e+01 6.403182415999560817e+01 6.483442612763248292e+01 4.469057343953919315e+01
9.647730019007895452e-02 5.096477300190056958e+00 1.026045509513323317e+01 1.603395778702939012e+01 2.270062445369594073e+01 3.270062445369558901e+01 5.270062445369487847e+01 6.304291573910671076e+01 4.322799892454773385e+01 2.933693182099179353e+01 4.189822538988634903e+01 5.014635824154234456e+01 5.094577230341034380e+01 4.445649793356316337e+01 3.668826050981513731e+01 2.288736456451334433e+01 4.018755791635533114e+01 2.777735065280279159e+01 2.827609402007507811e+01 3.250966450983639078e+01 3.621189815689338332e+01 2.028415351656881072e+01 4.041605694141033922e+01 5.596211542420670781e+01 4.750297524300911078e+01 3.569117007736733171e+01 2.151997163073570007e+01 3.725451267433849267e+01 1.936185459027154110e+01 3.223545147807573841e+01 2.290677100487844697e+01 4.027900206023380036e+01 4.333741038073735297e+01 4.855707054498149944e+01 4.781663949002130209e+01 5.635603288846830594e+01 4.784773160467692321e+01
3.582433992925927735e-02 2.003582433992890444e+01 3.026045509513287612e+01 3.603395778702867602e+01 4.270062445369522663e+01 5.098489570115683733e+01 6.098489570115648206e+01 6.658907827452038930e+01 4.722596527582845027e+01 3.354936490397682292e+01 2.232696176057386950e+01 3.598984144494067294e+01 3.171035254326988095e+01 3.124321895287303974e+01 1.855426558110083946e+01 3.659462276504773826e+01 3.312650755816052595e+01 1.334054955620883121e+01 1.334374529846577850e+01 3.321152763850287926e+01 1.692502031671847362e+01 3.557109208705816883e+01 3.901854759241923887e+01 3.598676204629942532e+01 2.744079333475936977e+01 3.592110907816250176e+01 2.233071910794000914e+01 1.689854012724497423e+01 1.722770925266449993e+01 1.955680289830377205e+01 3.623507069728582053e+01 3.794089947396939522e+01 2.399918396065964643e+01 3.212668713258208442e+01 4.006102564876744765e+01 3.777320868207385729e+01 4.070742160438206980e+01
1.813270376062421294e-02 2.001813270376026921e+01 3.091211970129052844e+01 3.798109076634555947e+01 4.625192491193385536e+01 5.624142029311563107e+01 5.811369149335442330e+01 4.976966366036619860e+01 4.914356180692230680e+01 4.937197119838424442e+01 3.598037740112854266e+01 1.625380493519679703e+01 2.252022266247978521e+01 1.434164425886547001e+01 2.927675458806927011e+01 3.135714280610463689e+01 3.197014890594250502e+01 1.290909226851695557e+01 3.181443136652498538e+01 1.377765957067528468e+01 3.215403290665342695e+01 3.751470750819752453e+01 2.127870690744155979e+01 1.550293754820489234e+01 1.581172542242555323e+01 1.612441476597794221e+01 1.644136155454488701e+01 3.119700213629548458e+01 2.141997504953469544e+01 1.770660762670338073e+01 1.805180574756114353e+01 1.840041312074072621e+01 1.949360200735685922e+01 3.524547353974934794e+01 1.973976004665564332e+01 2.010291090177219431e+01 2.046429827490493381e+01
2.372884694381488524e-02 5.368953684334527132e+00 1.091595562057725566e+01 1.798702126189809292e+01 2.798686059445441288e+01 4.797532093823664212e+01 4.628656987341148721e+01 2.713593175715218209e+01 2.610462967175513427e+01 2.733086419512760301e+01 3.024586195608835482e+01 1.241834238682588420e+01 1.114676001660810911e+01 1.147629308653145586e+01 1.180645032914287995e+01 1.213479491709579428e+01 1.245904949878958767e+01 2.611970121988436588e+01 3.942942288016787700e+01 3.354397557329822632e+01 1.421198958485219244e+01 3.194150560834860286e+01 1.506730334387343362e+01 3.431388731088382826e+01 3.516045758857024595e+01 3.571255460731024556e+01 1.989020735062735312e+01 3.847481473576335276e+01 2.149848880151414221e+01 3.914727959208419605e+01 3.897597161122703824e+01 3.862042754935158229e+01 1.888906148624345605e+01 1.923492556416010757e+01 2.136205603128755826e+01 3.350099413136774729e+01 3.921081199545721319e+01
8.175220331382776484e-02 2.008175220331347077e+01 3.091211970129052844e+01 3.088946798502158586e+01 4.625192491174502862e+01 5.624142029311563107e+01 4.228522612361805244e+01 2.420105638872863452e+01 1.261539372842531748e+01 1.002141855294991579e+01 1.035014282920748308e+01 1.067937819972003943e+01 2.355018509895858259e+01 1.558505734058435088e+01 3.091178806145401481e+01 1.262826842020408868e+01 1.522204056161403507e+01 3.434778620782034153e+01 4.847975787437830775e+01 3.674135416449105662e+01 1.444960512814401987e+01 1.462962856376541865e+01 3.128860069095627594e+01 3.206046829159308231e+01 4.486485407859887431e+01 4.620905969428089577e+01 3.243633194281272836e+01 3.893195059196160202e+01 4.186887160816037579e+01 2.548737813330240698e+01 4.581224332185821169e+01 4.496185413026835676e+01 2.437806053918922800e+01 4.053768263568046848e+01 2.243364419949430655e+01 3.367738118248030332e+01 3.177696366315087317e+01
9.124702163186203252e-02 1.423338264536293707e+01 3.423338264536364051e+01 5.075661031314417926e+01 5.080378147873869210e+01 3.911787843653770835e+01 3.084277055225839348e+01 2.837327346340130063e+01 9.557635756739337296e+00 2.875983615936756621e+01 2.975241906815508131e+01 1.301863256658457146e+01 3.214840812050346130e+01 3.598918223064919886e+01 2.146610344981626994e+01 4.143001114339008950e+01 3.470776522391804519e+01 2.898863861666693609e+01 4.964176517115255649e+01 4.674841702789768050e+01 3.596465406490395367e+01 1.860308436048262237e+01 1.924249154813552209e+01 3.968767125922816774e+01 5.070285921448994060e+01 5.599071622396769499e+01 5.679929573091017403e+01 5.879952885445055699e+01 4.865017288195507916e+01 2.841843932104042025e+01 4.864932206784543212e+01 4.907857820170935526e+01 2.888329128680844349e+01 4.905054955565789498e+01 5.354913404961357770e+01 4.393745627113150221e+01 5.095509575478135389e+01
2.239863785106879432e-02 2.002239863785071350e+01 3.379288486269882696e+01 4.211300184807245017e+01 4.245506390691454612e+01 2.242247924845385398e+01 1.097998669354195300e+01 9.096036778782838894e+00 2.889051029691181682e+01 3.659514681549121917e+01 3.715445397886470857e+01 1.841772743220322894e+01 3.858476039714555128e+01 4.988857974002184648e+01 4.180402110076206412e+01 2.849614447877385714e+01 4.845793017937685221e+01 5.158983894963841976e+01 5.952156576267965704e+01 4.526861961168235382e+01 2.471117537393084618e+01 3.909337329900770186e+01 3.981416447803672298e+01 2.423372168842119478e+01 4.497400180788078217e+01 5.778722271569598945e+01 6.941339157612556221e+01 6.270123805907697090e+01 4.338705590455416683e+01 3.145826393326529313e+01 5.155019888799661487e+01 5.737624439236948604e+01 4.907919617642046717e+01 3.552337401058387911e+01 5.456315631779837361e+01 6.493314228394116583e+01 5.932829871025079171e+01
1.766589122093755945e-02 6.684338798367487122e+00 1.375551819883110660e+01 2.531262765662425451e+01 4.550886864577341839e+01 3.865191487109679969e+01 2.719323516763622450e+01 8.770690739713508322e+00 1.669843988072522478e+01 3.800608836927477796e+01 4.459561510956704922e+01 3.264805949981577982e+01 3.265951119896636357e+01 5.297584466307738893e+01 5.389710062422413728e+01 3.428581452601189739e+01 4.491575623510057369e+01 6.421879681158824837e+01 6.464966045620109014e+01 4.375896646991294148e+01 2.926523436696930958e+01 4.987770907480364002e+01 5.366072835729880097e+01 3.882564906395085558e+01 2.979925375898865880e+01 4.211466452784125636e+01 6.439808063530546178e+01 7.049522829341186991e+01 5.458625278206453402e+01 3.467751694735599699e+01 4.901807997389184379e+01 6.802901109319218165e+01 6.088884176076336985e+01 4.090622335439399393e+01 5.188331542759163995e+01 7.185540608276338048e+01 7.683539618925087211e+01
