MOVIE_S9_data/elevation_000122.asc
nrows	100
cellsize	150.0
xllcorner	0
ncols	100
yllcorner	0
NODATA_value	-9999
[rows 68 to 84 of 100, columns 37 to 73 of 100]
6.190308520240443357e+01 7.037867594695961770e+01 7.059742788029383576e+01 7.912252372772609021e+01 7.677558508354231037e+01 8.493300143020485393e+01 9.711487132226119456e+01 9.491436131153447775e+01 8.122032801653851664e+01 7.931781851993048349e+01 9.585921113870557519e+01 1.011300296395811671e+02 1.094225423341028005e+02 1.178839462648297882e+02 1.141447780331497626e+02 9.732145150152902602e+01 9.842261959620256562e+01 1.125736835268681233e+02 1.327361986556348938e+02 1.254342620590659863e+02 1.114993498495576034e+02 1.110518627626930908e+02 9.121238620478740700e+01 1.004472469140320499e+02 8.544689255364630753e+01 9.784067532700873926e+01 1.138162599522707268e+02 1.200516030642300365e+02 1.002890292227800728e+02 8.613580833359065991e+01 9.541814650733640235e+01 8.375374719404172197e+01 7.929191199466339413e+01 5.836977192428276595e+01 5.439354959033506276e+01 5.296173767305773339e+01 7.208927211950512515e+01
6.352076233951827078e+01 7.122268017745140867e+01 7.935558492550845244e+01 7.376939106419973768e+01 5.758785239533658995e+01 7.376939108424029712e+01 7.802647827075831799e+01 8.552769985774811801e+01 6.847219327927531651e+01 6.859433273058769487e+01 8.749870423102449024e+01 8.151238189162037884e+01 8.980377543142951424e+01 1.078864424170026268e+02 1.057942854673525375e+02 8.583013176894417029e+01 1.057942854673528075e+02 1.225493777138738096e+02 1.319429890498439306e+02 1.279078736153020088e+02 1.311802151902741969e+02 1.192643336146299902e+02 1.011845089159677258e+02 1.135780414456745575e+02 9.548929312328061769e+01 1.135780682176332448e+02 1.259021624371602854e+02 1.258449398415265676e+02 1.060773530872403114e+02 1.060773530872408088e+02 1.095446400889180865e+02 1.037440249252530151e+02 8.757076012422938049e+01 7.335389011688504013e+01 7.545307676498006799e+01 7.288665368501818875e+01 5.384012120795622280e+01
5.318564691181550330e+01 5.179940212529450605e+01 6.385623228174622312e+01 5.577476184223667843e+01 4.660970596266091803e+01 6.569168932800582184e+01 6.454926621942715315e+01 6.844461177081610970e+01 5.961609899712320271e+01 6.133528943863189653e+01 8.022065405363974833e+01 7.020246879809835150e+01 8.000331180598853109e+01 9.960423905686948842e+01 1.000293991439002923e+02 8.010262592794622094e+01 9.416560330366560549e+01 1.035267098448697993e+02 1.191745278349162476e+02 1.078190117076984080e+02 1.220469352670685907e+02 1.291525181391093042e+02 1.151349779993643807e+02 1.234711563817769786e+02 1.152536075449183528e+02 1.234711589613538507e+02 1.283825457237319370e+02 1.231982333114453780e+02 1.153192360367970650e+02 1.035251942588944161e+02 8.955196101804101261e+01 9.205856807214870230e+01 1.002518336906505283e+02 9.355751278054783882e+01 8.891966880934133144e+01 6.857140177804248538e+01 5.445458099517151851e+01
3.595455719837683972e+01 5.030072803829256145e+01 5.253769309721099745e+01 3.635246396373764100e+01 4.838886238341326873e+01 5.524124287378201359e+01 6.435631821864288327e+01 4.896857364406164237e+01 5.219722866462159061e+01 5.637314617420290830e+01 6.133917001422884852e+01 7.275176087996759122e+01 9.235675085496384895e+01 1.078864424142002605e+02 9.504661215908147653e+01 7.518690943312438435e+01 8.358456723646321507e+01 9.084788707845379463e+01 1.030092561989428077e+02 9.369692161084503823e+01 1.078190117076984080e+02 1.279078736153020088e+02 1.348836558850046856e+02 1.412787731110876734e+02 1.304688660734104246e+02 1.227110963024352515e+02 1.093817163561011938e+02 1.094035291821669773e+02 9.583161048184646802e+01 9.540768114381317844e+01 7.435232337721197382e+01 7.078523501556328767e+01 8.744504152660709906e+01 8.778298427400342518e+01 7.943367337196644939e+01 7.499257754354417216e+01 5.506701310684109529e+01
2.892244772655175211e+01 3.092837289781469678e+01 3.316511863600597820e+01 5.253769309722705572e+01 3.984280685470691452e+01 4.237068302645808160e+01 4.497132950522861705e+01 6.435738446380779010e+01 6.101031079374199351e+01 7.616688862104484770e+01 7.039382676194856003e+01 8.103780461545990477e+01 1.005965746473367233e+02 1.038028190637392072e+02 8.564614119024882655e+01 7.063202552552861846e+01 7.219490595204754868e+01 7.680681582009333397e+01 8.306581576162463421e+01 1.030092561989428077e+02 1.220469352670685907e+02 1.245156356726936622e+02 1.329475638619581161e+02 1.335178320107400509e+02 1.148000166999872533e+02 1.038213350240396835e+02 9.650147267480096502e+01 8.980326787883140582e+01 8.392848007764449392e+01 7.988511693518361767e+01 9.540768114000070454e+01 8.744504300249951712e+01 6.607167944436658047e+01 7.936608205861354293e+01 5.843350098229925749e+01 5.595134870341291844e+01 6.752733928674003039e+01
4.015361981327430385e+01 5.030072804272285936e+01 3.688302007211346023e+01 5.628803348458538380e+01 6.339942086735396032e+01 6.173140930491071288e+01 5.362011220701975134e+01 7.247217821323414455e+01 7.241018625354521987e+01 8.892560997162902936e+01 8.432556431055738244e+01 9.834862556852020532e+01 1.090042167320999198e+02 1.027691320102130135e+02 7.257769195954716679e+01 6.637445202422424018e+01 8.603769556192237644e+01 9.670258658275984942e+01 9.084788707845378042e+01 1.108370815296745633e+02 1.212669142654951457e+02 1.043359324863778568e+02 1.206960429070584837e+02 1.295721685957663851e+02 1.304688660734104246e+02 1.185073072398496663e+02 1.120474642402925411e+02 9.246680214583585666e+01 1.040680501767796926e+02 9.467228626118867396e+01 9.718123605655246422e+01 7.638265783669164932e+01 8.337969934982839959e+01 6.211259601368773531e+01 7.828090336875520450e+01 5.661096978348734865e+01 5.992011841412827522e+01
5.955529627352043320e+01 6.436216626769270022e+01 4.808651222318804486e+01 4.396426237230119938e+01 5.517990740699972463e+01 7.457211603042938464e+01 6.480594683502353348e+01 8.119078989744645014e+01 9.206945605433978130e+01 1.003195669142787381e+02 1.040553776908858623e+02 1.055239468999014463e+02 9.885501984200240599e+01 9.055250615526720992e+01 7.842069854714453925e+01 6.348878144555335723e+01 7.730800341990102709e+01 9.717172205822505759e+01 1.108370815296745633e+02 1.191745278349153097e+02 1.128648786059050906e+02 9.288893824775026076e+01 9.898062276149815375e+01 1.169512887981533709e+02 1.393815005188434668e+02 1.240066441166081290e+02 1.049624479232608110e+02 1.024374147586503909e+02 1.196728376178398605e+02 1.143086741150833632e+02 9.718123605655631536e+01 8.607133754027582029e+01 9.205969238744967242e+01 7.766613508991126480e+01 7.751804612621980084e+01 5.729763825168757307e+01 7.685102328113103454e+01
7.749584793058481580e+01 7.559070660441399525e+01 6.749151987733229419e+01 4.983448173302092954e+01 6.922139277784546607e+01 8.269207701678161015e+01 8.429743661303646718e+01 9.249465951363434613e+01 1.038143137812393348e+02 1.121640461588210655e+02 9.972357239348762903e+01 8.559203637539575027e+01 9.054803902853606701e+01 7.078370568783461181e+01 7.657064672488129986e+01 6.078194856246986433e+01 8.037602083677880671e+01 9.849046404133561339e+01 9.842334471901183690e+01 1.067897571800211693e+02 1.050675185025196470e+02 8.475839126598606299e+01 1.050675185025196470e+02 1.172576106004705423e+02 1.257324803689812995e+02 1.313966865423817012e+02 1.182475448128074760e+02 1.159862715261693040e+02 1.289130977009394883e+02 1.246703910161436397e+02 1.137979888487706290e+02 9.787432499157505106e+01 1.090152940439169100e+02 9.263223580728751472e+01 7.224629767458965546e+01 5.799416547314825721e+01 7.812529711907367869e+01
6.353269989745294311e+01 8.326549355439546218e+01 7.732027070533304425e+01 6.353437544311038465e+01 6.102283361681480756e+01 7.219027202228940610e+01 9.166398806647860908e+01 1.004162626186269591e+02 8.338797087667829544e+01 1.004162626186269591e+02 9.142995780610688428e+01 7.165800942351640401e+01 7.892437209244481267e+01 7.420685196371898940e+01 5.698601142661958363e+01 7.568859196912333687e+01 8.176969885181826214e+01 7.853003670227793975e+01 7.843528565672312425e+01 8.953234861706260972e+01 9.229230596255844432e+01 7.936218415083672539e+01 9.954012264006740907e+01 9.695442733951549030e+01 1.172576106004705423e+02 1.343332672771564660e+02 1.358438876036745171e+02 1.343343648084069741e+02 1.276526751525053101e+02 1.194432836236876909e+02 1.247822555290637752e+02 1.170344025616870027e+02 1.067429366159325781e+02 8.743955262813310014e+01 7.873043037726729665e+01 5.869540863752079218e+01 7.806412860084617478e+01
5.700261544757734100e+01 6.834195551363229981e+01 8.807967529990771993e+01 8.295106715681380649e+01 8.042083286624337291e+01 8.856383912071110842e+01 9.985992947409992837e+01 9.202115920670614457e+01 7.167311392714044871e+01 8.114467150310201760e+01 8.955237339018241016e+01 7.892507967238078948e+01 5.930377263602594695e+01 5.464006917092487470e+01 7.426581334455569561e+01 5.999249604846768591e+01 6.230879282840911060e+01 6.466020345673038605e+01 6.708179098015318687e+01 6.963895837400011146e+01 7.231471564639045368e+01 7.611561756594241501e+01 8.277087486310966824e+01 9.278628286347887411e+01 1.045312315796712141e+02 1.257873353581226468e+02 1.330936461116353939e+02 1.232394749680590564e+02 1.150443366597573487e+02 9.977444662088780092e+01 1.139681353358025007e+02 1.103630441015483257e+02 1.035301805064363805e+02 8.236773098146447580e+01 6.820772155433884620e+01 5.939652098939779279e+01 7.955329529579502434e+01
7.605883646881477489e+01 8.487186791814005460e+01 9.627582057583083497e+01 9.292610928431253114e+01 9.292610928431253114e+01 1.012100677076925734e+02 1.073010898243722266e+02 8.692917997846492995e+01 7.254212084683599926e+01 6.158100210855956647e+01 7.375029951020954400e+01 6.984051737878458255e+01 5.228464948989092420e+01 7.198758144885331944e+01 8.249161363974864969e+01 6.515835846793456199e+01 8.195651647159171205e+01 8.437631051450665609e+01 8.102187685519413662e+01 8.365710492038327573e+01 7.933213298046490536e+01 9.615547550799819021e+01 8.317465519772029836e+01 1.032549268846540826e+02 1.199044225180878271e+02 1.316283697728025857e+02 1.248668079390670016e+02 1.052218655689189148e+02 9.536736136932246666e+01 8.829118976587783152e+01 9.422223513826939723e+01 9.054469674430396253e+01 9.217149151547957331e+01 9.018934258755326994e+01 8.671403367582448141e+01 7.955333322116877071e+01 6.038389451263228125e+01
8.596123406838088954e+01 9.029574749986676352e+01 8.765985273602103689e+01 7.410963776434954298e+01 7.410963776434954298e+01 9.292610928431253114e+01 9.414244973820221674e+01 8.588979791834231037e+01 8.955237272756812672e+01 7.375029951022818864e+01 5.480821982538078174e+01 5.003363468523419044e+01 6.984051737990789377e+01 6.112959285809272103e+01 8.077189780266657237e+01 8.510259661571635093e+01 7.311405756199577866e+01 9.336020735390391678e+01 1.010339197541651117e+02 1.037163292548696205e+02 8.688104321571420030e+01 1.070399444485301359e+02 9.733607155487112550e+01 9.133277782722058191e+01 1.029106812274476113e+02 1.231858907203905460e+02 1.330936393127490476e+02 1.232394691570626719e+02 1.139681353979807881e+02 9.422223513827701424e+01 7.997919018296549609e+01 7.618660139025192279e+01 7.293759904277889916e+01 6.989036557083026935e+01 6.697610889727077677e+01 6.419378261916121176e+01 8.055980596116808101e+01
8.513855610956534292e+01 7.164989722717072596e+01 7.962085467454311072e+01 6.189224796786050575e+01 7.962085467454311072e+01 9.099845473297327203e+01 8.278920330860620425e+01 6.633278906161741872e+01 7.729586617829571082e+01 7.457571639950184306e+01 6.637081471083526196e+01 4.850926179675829530e+01 6.838113480609740691e+01 8.077189780266657237e+01 7.156842430705447100e+01 9.134057630611695799e+01 9.336020735390391678e+01 8.247156647361224202e+01 1.029222384390841825e+02 1.153278367977548129e+02 9.844549225265564019e+01 1.156127666914955512e+02 1.175442717279417622e+02 1.029106812274476113e+02 1.055367234367593312e+02 1.258283151952897754e+02 1.330661970076802447e+02 1.133551725319292558e+02 9.945922731124898064e+01 8.797106489267375196e+01 8.710733912457500594e+01 9.634935634108531133e+01 8.477709610205236856e+01 9.021833624971465326e+01 8.731851031428519150e+01 8.425605163202646963e+01 6.536348647549806401e+01
7.164894093451260915e+01 5.937633405197435366e+01 6.685992998107099083e+01 5.648934254129004984e+01 7.401457698109761907e+01 7.146490581056751523e+01 7.454413775628360384e+01 5.506908672403184823e+01 5.768889558004394047e+01 6.436881334685506317e+01 4.638848050130613387e+01 6.631454153312942879e+01 6.114066145017471854e+01 7.503624790689794111e+01 9.134057630611695799e+01 8.550326309750124665e+01 1.054332454265433796e+02 9.692249658278630875e+01 9.536440739476441308e+01 1.162673734383060946e+02 1.188449741303009688e+02 1.275274779865009407e+02 1.316283697728025857e+02 1.231858907203905460e+02 1.258283151952897754e+02 1.342721215994160673e+02 1.289656330622879636e+02 1.092911634586272243e+02 9.793822149593947302e+01 1.077723971015151676e+02 9.529786110303223268e+01 1.129007091496748387e+02 1.047069962851760891e+02 1.041333490834533251e+02 9.002380086883898969e+01 6.994980217262518352e+01 8.508192392587720576e+01
6.766538184573140313e+01 6.680911922592017049e+01 4.902409903829917681e+01 6.139449912513441632e+01 6.910502770122978689e+01 5.772045738102389834e+01 6.144070450875981493e+01 5.679593402343166275e+01 4.345042914482225882e+01 4.430332109563042309e+01 6.010278006038469556e+01 7.286590457170936475e+01 8.083808225282865578e+01 8.909140104020897866e+01 1.031465541735199452e+02 1.054332588648978657e+02 1.137665306181212799e+02 1.178389647668636542e+02 1.101599256987776840e+02 1.250061000875224266e+02 1.221922768410559144e+02 1.223859806171502242e+02 1.138979669605417087e+02 1.117570240489031761e+02 1.193725691203413675e+02 1.278943714692851756e+02 1.372062530859168419e+02 1.258099654674301888e+02 1.092911634586273806e+02 1.232084006207357731e+02 1.066926035252658806e+02 1.232084006207357731e+02 1.100147288929298526e+02 9.004210087118745776e+01 7.556409008402847860e+01 7.766017943597709916e+01 9.779794664965282891e+01
4.809331777693085996e+01 5.705796545995958979e+01 5.521707839759908154e+01 4.285686148508388271e+01 5.922725889597436577e+01 5.780641388265651415e+01 4.142032021067370806e+01 4.225873136589130752e+01 6.226339017763794459e+01 6.037716414032795598e+01 4.582388505083652319e+01 6.573912355538317343e+01 7.491057226009985470e+01 8.690741629618244701e+01 9.683088295994870975e+01 9.339922373101495623e+01 1.017461992020516988e+02 1.133048350289188022e+02 1.312870587176622621e+02 1.163428258100779260e+02 1.017788949638509166e+02 1.091752978551086244e+02 9.382231644599234244e+01 9.171109979421741798e+01 9.922373076311268392e+01 1.134083631654622764e+02 1.337714360253969232e+02 1.372062849270817253e+02 1.289656332720221315e+02 1.346026151556781940e+02 1.263705858955566015e+02 1.164387223817927719e+02 9.663864679604834862e+01 8.226180826562219295e+01 9.589194818063931791e+01 8.793638131182190421e+01 1.060879563251611302e+02
3.647460472247253449e+01 3.721943293761375315e+01 3.796465410391309092e+01 3.871160201302699022e+01 3.947221728422652376e+01 4.024077620596386140e+01 6.028141596856639239e+01 5.377775325395438699e+01 6.904071149437892529e+01 7.056075622972998929e+01 6.573912466438186186e+01 4.737051622650608351e+01 6.101301032824375170e+01 7.616369325514925492e+01 7.710512904413511137e+01 7.372984476167727053e+01 8.499207513045307394e+01 1.048836022927732188e+02 1.179233714839248250e+02 1.077276391914221421e+02 8.770287694922329536e+01 8.918654316223855005e+01 8.241639684906419916e+01 1.023072847318097729e+02 1.193725691203413675e+02 1.278943714692851756e+02 1.359056370939218539e+02 1.273013138347986484e+02 1.322384003013201266e+02 1.337593245358776244e+02 1.140210488632315702e+02 1.000973191102272750e+02 9.007535171968278576e+01 1.024379546671072774e+02 1.106448903611948396e+02 9.949134185517057460e+01 1.027764050126941555e+02
