MOVIE_S9_data/elevation_000598.asc
nrows	100
cellsize	150.0
xllcorner	0
ncols	100
yllcorner	0
NODATA_value	-9999
[rows 17 to 33 of 100, columns 0 to 36 of 100]
5.222468517465790605e-02 2.005222468517430201e+01 3.586112523883856085e+01 4.586078339911727397e+01 4.824339232495305652e+01 3.055072745915905585e+01 1.758320586050221479e+01 6.548244532137097451e+00 2.650618890685707640e+01 4.163544940456547749e+01 5.120444815435487129e+01 5.105867283028347714e+01 5.105867283028348425e+01 5.938482790106736076e+01 5.706860117508479391e+01 3.701884208114766039e+01 5.706860117508479391e+01 6.982234093552753507e+01 6.956386948402392534e+01 4.959885462240025333e+01 3.583065426500011341e+01 5.513357045004606505e+01 6.768771366655904842e+01 4.732131341866007546e+01 3.531461151661748232e+01 5.008192787175354965e+01 7.053279745851916971e+01 6.644188938223751961e+01 4.605633481417772401e+01 3.145418203198737572e+01 5.179858854389984657e+01 6.797080966980195171e+01 6.395794374440971808e+01 4.478780613701337643e+01 6.395794374440971808e+01 7.730035603459334936e+01 8.326165479519592338e+01
7.333276091007127906e-02 9.017604670909101117e+00 2.056461005402455910e+01 4.056457994663274746e+01 4.486865472502145025e+01 2.695711995441793007e+01 2.161834886026325009e+01 6.242365059360438728e+00 1.555954132400377077e+01 2.733958224801986248e+01 4.235160907233639449e+01 5.064095605300532554e+01 5.904688024471346353e+01 6.746639101345338929e+01 6.585948461957596578e+01 5.706860065614765176e+01 5.085781213872951412e+01 7.206277229969190046e+01 7.176684213870146323e+01 5.177855986016362522e+01 4.258097030408277561e+01 6.248252402899716174e+01 7.502073692317699738e+01 6.061243044121857082e+01 4.017714585849334696e+01 5.502184716987871127e+01 7.512645065743284079e+01 7.227717558483978166e+01 5.548348658252979249e+01 3.504438742833312403e+01 4.951610025819424976e+01 6.989003157866042670e+01 7.040627300603895833e+01 5.108620990152871855e+01 7.040627300603895833e+01 8.888806592622343317e+01 7.494968679612344431e+01
6.343274376862209629e-02 2.006343274376826713e+01 3.730172591911235003e+01 4.884830122692880394e+01 5.238247171381537726e+01 3.459067660448528869e+01 1.302992164342789749e+01 5.941939385436588061e+00 2.212399623027802420e+01 2.807098505213226503e+01 2.888236517346519605e+01 4.083890768002213179e+01 3.834175177483662367e+01 5.607217318455703037e+01 6.451967783334801254e+01 7.638545648142063271e+01 7.206277229969190046e+01 8.086733557679767159e+01 8.011159856315067884e+01 7.081371802453624298e+01 5.249547420564047684e+01 7.081371802453624298e+01 7.794954188551402297e+01 5.734297973813139748e+01 4.653783590434911588e+01 6.721710771130543094e+01 7.770654737740299822e+01 5.818519368846778406e+01 4.373140951968650825e+01 3.958231041875899336e+01 5.411023265035970553e+01 7.443472658277717358e+01 7.868761639496635496e+01 6.062674618324937370e+01 7.868761639496635496e+01 8.057536251119915960e+01 6.040989543120004868e+01
3.497053469895897854e-02 2.003497053469860489e+01 3.308763594510645589e+01 4.137370674319654285e+01 5.137827176917220129e+01 4.442977781413870275e+01 2.787560150310371299e+01 5.645831780769469788e+00 1.982451426349853918e+01 1.816015340677527234e+01 3.181222526329783662e+01 2.187247614391306527e+01 2.800082083701724045e+01 3.516668631406043488e+01 4.732257126761965083e+01 6.802582634894346825e+01 7.162333654777471281e+01 7.963717704240146134e+01 8.920343229225584025e+01 8.083229824081827530e+01 7.247089515973961227e+01 8.083229824081827530e+01 8.636777763179691192e+01 7.401080072899597440e+01 5.362972167593530770e+01 7.401080072899597440e+01 7.595834411174185163e+01 5.564682900762667117e+01 6.424248231698170741e+01 4.500537917608337324e+01 5.634605128545909736e+01 7.660228319826538268e+01 8.867062868609541226e+01 8.024980069428329443e+01 8.867062868609541226e+01 7.838752422507195661e+01 5.820334473050825608e+01
9.635555453094322986e-02 6.420910874867728602e+00 1.308757754153445418e+01 2.308757754415207941e+01 4.308788441508510658e+01 4.802746526902797797e+01 2.007305725144011888e+01 5.351855838013510613e+00 1.647154408254101199e+01 1.046823431145448069e+01 1.490096533809464319e+01 3.462729908986108285e+01 4.868095923557552140e+01 5.607270702971688081e+01 6.452055668960713319e+01 6.210595728577019514e+01 5.258857856289159827e+01 6.214597646132214237e+01 8.110069663422723352e+01 8.944450940773403147e+01 8.099652371094020964e+01 8.276518830285729678e+01 9.121883445816247615e+01 8.209391902083082471e+01 6.409174076369787088e+01 8.209391902083082471e+01 8.412278042968613079e+01 6.754150484628937079e+01 7.124496088498412405e+01 5.073077622902886219e+01 7.124496088498412405e+01 8.474374216672414661e+01 9.549114918309469147e+01 8.605196858781425817e+01 7.996081873382071592e+01 7.358825290504438499e+01 6.218759519762996746e+01
8.845047570523793812e-02 2.008845047570488163e+01 3.308763594510645589e+01 4.137370674319654285e+01 5.137598878648183387e+01 5.133220152758578081e+01 3.338906544966603462e+01 8.699778649772399675e+00 4.935736160285959073e+00 2.438553191536590248e+01 3.382323632249699585e+01 4.307452352271532448e+01 5.709023821611256011e+01 4.908135500413097674e+01 5.386671548488956773e+01 4.278322208419559303e+01 6.210595755533314843e+01 7.963717704240146134e+01 8.920343229225584025e+01 7.779886343748098909e+01 6.091861905551498779e+01 6.265793959364839338e+01 7.955889795560653965e+01 9.193963725316947944e+01 8.392986069432171803e+01 9.193963727904589689e+01 9.556216843912389436e+01 8.746714924892475551e+01 7.890141626526536811e+01 5.864433940477872653e+01 6.759194539205002172e+01 8.749901585102220736e+01 8.784714770989970134e+01 6.740601663822110368e+01 5.979388278018844716e+01 5.342968172109704739e+01 4.841972447760586817e+01
8.023991185656004221e-02 1.162724529564897580e+01 2.576938091937967457e+01 4.576938091937896047e+01 5.488632203938538368e+01 3.904651659061165248e+01 3.408069958863622873e+01 2.595837533650519902e+01 1.624824651524977526e+01 4.515376008642105532e+00 2.868279996498570839e+01 5.066394912862735822e+01 4.271613552154214943e+01 2.895279675522955998e+01 3.413616874138364210e+01 4.573262278138530235e+01 5.940133609557286576e+01 7.844157430611461734e+01 7.354841994671710381e+01 6.517749040369372437e+01 4.950257005695355161e+01 5.122790683575468051e+01 6.525531809801216809e+01 8.540240369392233788e+01 8.519087821312925257e+01 9.365721361424635916e+01 1.039370414745338564e+02 9.544252696657397905e+01 8.698773904341076957e+01 7.056146777658126723e+01 8.698773904341076957e+01 9.556002534623598876e+01 8.414223808376105751e+01 8.781679872673055343e+01 6.989449809614671949e+01 7.358825290504438499e+01 6.003018814861837882e+01
4.598823041778624804e-02 2.004598823041743216e+01 3.592873496064101602e+01 4.596838695431143407e+01 4.843274441483852399e+01 3.004596845051687026e+01 2.294912102782312147e+01 1.798068388385045324e+01 1.137443707850931496e+01 4.209517783264596247e+00 2.954210641456791464e+01 3.666315120730581611e+01 2.176002235398062012e+01 4.271613893838632237e+01 5.386671548488956773e+01 5.501604078701949874e+01 6.318409250860192827e+01 7.368631618318717358e+01 5.369774323156745055e+01 4.529398504352583643e+01 4.066031428250086321e+01 5.207578552533176008e+01 7.201741177979180009e+01 8.196263763795171542e+01 6.501146971411408515e+01 8.196263763795171542e+01 9.215769266944552385e+01 7.508364739980484615e+01 9.215769266944552385e+01 9.029399776706141267e+01 9.832018989283122323e+01 1.125615820164677956e+02 1.043321050893418942e+02 9.832179624238717963e+01 9.002357703959089008e+01 8.850489781359310371e+01 8.019082870510213468e+01
7.340434288523949025e-02 7.632693961050917686e+00 1.763273587453253555e+01 3.764734716788753133e+01 4.399281769746229998e+01 2.423812822388918065e+01 1.242618145857972678e+01 2.152026501905177014e+01 3.766623498805818482e+00 2.355848831257876697e+01 9.916213661811585922e+00 1.458876843289869463e+01 3.666331706324039175e+01 4.938718799651593372e+01 4.141902305829655262e+01 3.578694920034530469e+01 5.501603597462951001e+01 5.637744428334978153e+01 4.807910029128009199e+01 3.383284061084871297e+01 5.369774323156744344e+01 6.885078978119763349e+01 8.042383071900124492e+01 7.354029128413547767e+01 5.356853803070846709e+01 7.354029128413547767e+01 8.368832236830063209e+01 6.352262532101542547e+01 7.606640531095972335e+01 9.639536270916427441e+01 9.876052047695085889e+01 1.072588613362173078e+02 9.909067525224342887e+01 8.925682908259537385e+01 8.107678258014922790e+01 7.457756738202560598e+01 6.899708242994775276e+01
3.515918393995972474e-02 2.003515918393960504e+01 3.592873496053397275e+01 4.590182956234741596e+01 4.184489197143425798e+01 1.922636912419479671e+01 5.016685679461676095e+00 3.309453606363300882e+00 1.143189657113579472e+01 1.481460464364059604e+01 2.905811984247373303e+01 3.666331706323168049e+01 3.879909685503002237e+01 3.173423948737621814e+01 2.217661432560791468e+01 4.033751760268172148e+01 3.958639553135282796e+01 4.294520298671745451e+01 2.819560152956705679e+01 4.807910029128009199e+01 6.201359519946677068e+01 7.025576092427283470e+01 6.149663577793220526e+01 5.711177832581012126e+01 4.660788639243557441e+01 6.390973970817725558e+01 6.753433911164107428e+01 5.605693642838933499e+01 7.606640531095972335e+01 8.433228057145288403e+01 7.835590792142291150e+01 9.876052047695085889e+01 9.087720715486911160e+01 7.127635800542928735e+01 6.157913698577851136e+01 5.524620044628076698e+01 4.986390001353012025e+01
4.608085242692564615e-02 1.159327387055082959e+01 2.574283570999807935e+01 4.586157557038847443e+01 4.660837506632120864e+01 2.416929137634172875e+01 1.364852237734333684e+01 2.986833434323022285e+00 2.141743790080088061e+01 2.486770375565881608e+01 3.319689209818969999e+01 3.741187351027871699e+01 2.562194342235901345e+01 1.180207892445947593e+01 2.904658036641649232e+01 2.388290829812098437e+01 1.972176758006813913e+01 2.307363335076303557e+01 4.294520298671745451e+01 5.637744428334978153e+01 6.988339102208665565e+01 5.952454339870850930e+01 4.300452865572201944e+01 3.731588043205668015e+01 4.065436910277229288e+01 4.408932052483750397e+01 4.768159055967186788e+01 5.274404319616188985e+01 5.818803028652985176e+01 6.414398872645310234e+01 7.571951377664822758e+01 9.609753881002728804e+01 9.909067525224342887e+01 8.925682908259537385e+01 8.107678258014922790e+01 7.457756738202560598e+01 6.202623985390060568e+01
1.610643649003322755e-02 1.990079878323604845e+01 3.134377837496780828e+01 3.745562871366200142e+01 3.157539792215021279e+01 2.975192132707691428e+01 2.103951251237013764e+01 2.674141193998487154e+00 3.914008363128129719e+00 5.128609716072074498e+00 2.494116403827325712e+01 2.800538584163880174e+01 9.933176085473078842e+00 2.985997935067100784e+01 1.372549657189091121e+01 1.509412166259916432e+01 3.502550453931274177e+01 4.294476087068726855e+01 5.122701720011252036e+01 5.469307056073483153e+01 5.815857069509949184e+01 4.409827532759366875e+01 3.319677257559935413e+01 5.300134259564985229e+01 6.045944759668211788e+01 6.390973970817725558e+01 6.164359035609655990e+01 7.268240094604176704e+01 7.824528155253878481e+01 8.433228057145288403e+01 9.280738462882023043e+01 1.045962716749343997e+02 1.037662825865303660e+02 1.003949691720497697e+02 8.784908419374875166e+01 6.774615694128345922e+01 6.286157773248582004e+01
2.022278438842990689e-02 1.516421207444155783e+01 1.717383385479609004e+00 2.121378550900244164e+01 6.697550984624366599e+00 1.961683160442490692e+00 2.256100309144709826e+00 5.284855372757077951e+00 2.347930020705226184e+01 2.471168002023140176e+01 6.855086622588963507e+00 8.098160097617496334e+00 2.800538584164068112e+01 3.812641834223577320e+01 3.505221960678313309e+01 3.502544263077199105e+01 1.725501782273063611e+01 3.718037108847246230e+01 4.109720923576207952e+01 3.547092607330685610e+01 4.471294772332170453e+01 4.656001369357379360e+01 3.050182189929802945e+01 5.029227182131479168e+01 5.609705531670334722e+01 6.446922559904778893e+01 7.872517386639319170e+01 9.021109151934564352e+01 8.300920302709413079e+01 9.147827186124585808e+01 1.032599535233668888e+02 1.037662825865303660e+02 8.397398349992279520e+01 8.066488974390021838e+01 8.066440655853219255e+01 6.859918036195568902e+01 4.840810971606260438e+01
6.642187732006160639e-02 3.705785495502096905e-01 8.683371231518534072e-01 5.222723852818448087e+00 1.526698726227396774e+00 2.894181261050436493e+00 4.726420419287438612e+00 6.114638002159112240e+00 2.608031639379337108e+01 3.481728490539426701e+01 2.672868490821867127e+01 1.810371853101973016e+01 1.815475606374911877e+01 3.804920243973445793e+01 5.339776508679056377e+01 3.353564826045060698e+01 3.718037870797525102e+01 1.946252809724062871e+01 2.120555456207116052e+01 2.302043163893468503e+01 2.487182486292674000e+01 2.674167932020940697e+01 2.945624404069458535e+01 3.276922317129302087e+01 3.612646907132992879e+01 5.021327733170235064e+01 6.527821869434295365e+01 7.133327149299890380e+01 6.278589638434574027e+01 7.440084513926477428e+01 9.476843858673697696e+01 1.015832619647078872e+02 8.181634092396048175e+01 6.798846968410475711e+01 6.116474653933767058e+01 5.570107908065192248e+01 5.108618796412603302e+01
1.591255364720534082e-02 1.960444451292795165e+01 7.270086429299416064e-01 1.046120724488701415e+00 2.123106292712046184e+01 2.892558277436771963e+00 2.246657158825247436e+01 2.607785666091404053e+01 1.038242598404385397e+01 3.041632780567243088e+01 4.242133540898781519e+01 3.725714037913714805e+01 3.205391801051268175e+01 3.224668593708884146e+01 5.205771652516535397e+01 5.339777157989617962e+01 4.294088813821598194e+01 2.307233525169450772e+01 2.828655379945763571e+01 4.288847737907726554e+01 4.471294772332170453e+01 3.734813244388784881e+01 4.423206455947889992e+01 3.647810644907933408e+01 5.589904152041672347e+01 4.134706259765403757e+01 4.524873598936941477e+01 5.125093327406546706e+01 6.278589638434574027e+01 7.703652237427208149e+01 9.742852966286027083e+01 1.093851718982533612e+02 9.582944188154390019e+01 8.759960388182193469e+01 7.433546421148433581e+01 5.507046802218497561e+01 7.018121423676093684e+01
6.189296070378335485e-02 1.987891122339111760e+01 3.291950656044112122e+01 3.207371817221633847e+01 3.027787477202884858e+01 1.669346552025271180e+01 8.259032473484138492e+00 2.811759739184885376e+01 3.041630615390709380e+01 1.489126962747011795e+01 3.490979600731804311e+01 4.794240408809243092e+01 5.185426941278733892e+01 5.205771653218194217e+01 6.036200224146089255e+01 5.805946311456508369e+01 3.825029546469881581e+01 2.679580113517708284e+01 4.662262953854470737e+01 3.890819026221550558e+01 5.873273117308940527e+01 5.014909143446644180e+01 5.874588867196420239e+01 4.158273772242490196e+01 6.107667197808606829e+01 5.545155389381359612e+01 6.527821869434295365e+01 5.337945941645322989e+01 6.231084700599670612e+01 7.392197176880024756e+01 9.428633877039791855e+01 1.012016860551275954e+02 8.163145265225145408e+01 7.042809273157264727e+01 6.359428256675430902e+01 6.139351211718791745e+01 6.077954235480079603e+01
2.247884206357958492e-02 7.860612798406136470e+00 2.191931015092464818e+01 4.248041779364221782e+01 4.460070611938371599e+01 3.225241556414992061e+01 1.239619894116949794e+01 3.226167897828962339e+01 4.316639529208921999e+01 3.490959668628436674e+01 1.969604408501669113e+01 3.968903748749322347e+01 5.249985281840429252e+01 5.249985281866534592e+01 7.244031736474880745e+01 6.638851051588085284e+01 5.066288936965553802e+01 3.086976543574093057e+01 5.066288936965553802e+01 5.032710195342868786e+01 5.874040016845872714e+01 7.033015180883499795e+01 6.725297150606982655e+01 4.772179748621841355e+01 6.107667197808607540e+01 7.559049766147269622e+01 8.192626485531171454e+01 6.337126171039077605e+01 8.192626485531164349e+01 9.099791102298513579e+01 1.027785664841251503e+02 1.059163397958879642e+02 8.630346307935123207e+01 8.990280653187326720e+01 8.302014356903366377e+01 6.822009110570121493e+01 6.508199537772036081e+01
