MOVIE_S9_data/elevation_000259.asc
nrows	100
cellsize	150.0
xllcorner	0
ncols	100
yllcorner	0
NODATA_value	-9999
[rows 0 to 16 of 100, columns 37 to 73 of 100]
1.024897642910366926e+02 1.082766107136183820e+02 1.067945858778680872e+02 9.860628135055030441e+01 1.067945858778680872e+02 1.059355663796933555e+02 9.801275822508895885e+01 9.765523093144513211e+01 9.696094602562527598e+01 1.045995808893980552e+02 1.112173099863422436e+02 1.107004771003211800e+02 1.197131848391832420e+02 1.186985386671577771e+02 1.086556391880301078e+02 1.003324561823328622e+02 9.324706450950760939e+01 9.846137648227173145e+01 1.001066049371305553e+02 1.059892656190871350e+02 1.065695186557104535e+02 1.124528662700409569e+02 9.851293676916760944e+01 9.021875623651689580e+01 9.021875623651689580e+01 9.070449693474002117e+01 9.655536583096744607e+01 9.733665601122872602e+01 1.056487193781315028e+02 1.117381923656020462e+02 1.034369844338964413e+02 1.059987879447413803e+02 1.107512229616620658e+02 1.112450051690637878e+02 1.029954560969043769e+02 1.055738905011865967e+02 1.138268403290447282e+02
8.269843493196718498e+01 8.849518109254231035e+01 9.689789277810666590e+01 7.880251066921432823e+01 9.689789277810666590e+01 9.478035924994848926e+01 7.861100093676152767e+01 7.799457550564325459e+01 7.788584713868189624e+01 9.609996189006282918e+01 9.008839357497133449e+01 8.983651036677630941e+01 1.107782561382336013e+02 1.103719575513937343e+02 9.029295490775675148e+01 8.029194228985339521e+01 7.324033777884351082e+01 7.843386073752530763e+01 8.007347350066515901e+01 8.594104185000449547e+01 8.693819403019297454e+01 9.268807588933253783e+01 9.021875623651689580e+01 7.033081107150252365e+01 7.033081107150252365e+01 7.081587861197114364e+01 7.664112005027915586e+01 7.744017878176265413e+01 9.733665601122872602e+01 1.004536779872742045e+02 8.409689014359879877e+01 8.658472981272160496e+01 9.120289039256563512e+01 9.960124894765458237e+01 8.272374424570634233e+01 8.537565016146599817e+01 1.055738905011867104e+02
6.860541895170051419e+01 7.960020905189746543e+01 8.780807747976687949e+01 6.881674330621152080e+01 8.870439600988230211e+01 8.606298703716231557e+01 6.712349842792971799e+01 6.390739404221918107e+01 8.078216116015961745e+01 8.558377320223300444e+01 7.550529504817511395e+01 9.593528781579693998e+01 1.117778426428662613e+02 1.186985181025392819e+02 1.086556296980263028e+02 9.846137648227173145e+01 7.843386073752530763e+01 6.432026009525189636e+01 6.595711040417803872e+01 8.142697375652265634e+01 7.312722464627752572e+01 9.268363628640260288e+01 8.842738810912614156e+01 7.615585534646913857e+01 5.620712868564621090e+01 5.669690520715978010e+01 6.338791606973831705e+01 7.744017878176265413e+01 9.733665601122872602e+01 9.227097578924035304e+01 7.309872521471187667e+01 7.309872521471187667e+01 7.766740070929924400e+01 9.129157780204607775e+01 7.026874889012944436e+01 9.129157780204607775e+01 1.043086334459902815e+02
7.120245117114585298e+01 5.958175109978544270e+01 7.273393462085267913e+01 6.168458163829409813e+01 8.167304895458505598e+01 7.803397581814614625e+01 5.808767225020987723e+01 5.624147545473460497e+01 6.068659036745852831e+01 6.546063032577919216e+01 7.304972616360143434e+01 8.304717714297335363e+01 1.032948879392987607e+02 1.110884388849998032e+02 9.951611391578965993e+01 9.120673312050298875e+01 8.414171185491184701e+01 7.700429353835480129e+01 5.699808464923728479e+01 6.167997918945953728e+01 7.523978646917463209e+01 9.325399859844611683e+01 7.980789690568083472e+01 6.066057432125080595e+01 4.903666295921654239e+01 6.910291539751666789e+01 8.326772204054950066e+01 9.154444907994712821e+01 9.537279852984771367e+01 8.952765725470156610e+01 8.120187175906541199e+01 6.192139006664518774e+01 8.120187175906541199e+01 8.495295639017069789e+01 6.353960403839752047e+01 7.519820966594430445e+01 9.599210751390960183e+01
8.780807748795373868e+01 7.273393462085267913e+01 5.259195374131958545e+01 6.753329751993990726e+01 7.578250941447106470e+01 7.104419872773559064e+01 5.087242266599641027e+01 7.104419884460985202e+01 8.080041392469476591e+01 8.558377320141443079e+01 9.317103260748284299e+01 1.016200456972087949e+02 1.117778726850877575e+02 1.027695727122398495e+02 8.274214757276607202e+01 7.122383509035950055e+01 6.416446301920970541e+01 5.781382401120401227e+01 5.267771430963246360e+01 7.268490784348597344e+01 8.079175356017745457e+01 8.913673363575645681e+01 8.143075287550388452e+01 6.524713051081465665e+01 4.511246140034599961e+01 6.524713051081465665e+01 8.052724720771391276e+01 8.882981269258760904e+01 7.565449115020061299e+01 6.990803759666161454e+01 7.622367279229202097e+01 5.677033632275011144e+01 7.622367279229202097e+01 7.901396101463258503e+01 5.746518458209890667e+01 7.901396101463257082e+01 9.582386609255475207e+01
7.518484430257848317e+01 6.360814886715547800e+01 5.453469085532641003e+01 4.730935551372036230e+01 6.306657596132715327e+01 6.359250702852485659e+01 4.763634488437823222e+01 5.782787315257468919e+01 6.947269829623557769e+01 8.356775251108544467e+01 1.033001537189291383e+02 1.073246675854376662e+02 9.901928457907725090e+01 1.023891366039899964e+02 9.951611391578965993e+01 9.120673341678957513e+01 8.285467730992606050e+01 6.929183370025648969e+01 4.918382493309323422e+01 6.699196978147405446e+01 6.060574131401556741e+01 7.734812680457253009e+01 7.314659456915025260e+01 5.310609235211119739e+01 4.140183728408380404e+01 6.157620521944743075e+01 6.052778223949038505e+01 8.052724720771391276e+01 7.520125865314042812e+01 5.610930938690007963e+01 6.543588168312582809e+01 5.200982133068794155e+01 7.163847741418513237e+01 7.403834535213529477e+01 5.260584458804676444e+01 7.171816722308776093e+01 8.086658683664644798e+01
9.177099837291009976e+01 8.286512338903692410e+01 7.464247156834960606e+01 6.306657596132718169e+01 4.280185037414347704e+01 4.333253033536403365e+01 4.828532755310929758e+01 6.850411504177755262e+01 8.457577424101067720e+01 9.350177368119540233e+01 1.049498949200238229e+02 9.577485261406982886e+01 7.903351428202876150e+01 8.239366125019869003e+01 9.654530673234653193e+01 8.610020651513208634e+01 6.611862832101279253e+01 5.452681731262919129e+01 4.624178556996469780e+01 6.254149230846739727e+01 4.887318936866341801e+01 6.827756600431621337e+01 7.048421557263226589e+01 5.796435612262846604e+01 3.797781701016490530e+01 4.626294781125447031e+01 6.638424384239571907e+01 7.530695056702053591e+01 6.547240537895655166e+01 4.722352468381338042e+01 4.558695416338514406e+01 6.543587115247250097e+01 6.892959869390686833e+01 6.348732900029241932e+01 4.820126591129062632e+01 5.818323058727706609e+01 7.320826351126932252e+01
7.718644261292638475e+01 6.893516372041413831e+01 6.558413486773693535e+01 5.729094982348481579e+01 3.974351174394114850e+01 6.001155363128231812e+01 6.263681448398873641e+01 5.629204937478309745e+01 6.534842091309475620e+01 7.690783937137540249e+01 9.674301513820971365e+01 8.683713933276705177e+01 6.751132157161545422e+01 6.828001366642094183e+01 8.655201653277596563e+01 9.440084317432065575e+01 8.285467730992606050e+01 7.412158268679579010e+01 5.406427178490596930e+01 4.236289061914128240e+01 3.978771057437890590e+01 5.653587519794213279e+01 6.089774419379814674e+01 4.550746212793383449e+01 3.488685307877727837e+01 5.315028106307536859e+01 6.393341355265864223e+01 6.521740105761591622e+01 4.730407928249844218e+01 3.960368807425931692e+01 5.774104282800526278e+01 6.144365348974296381e+01 4.243903739040690226e+01 4.319677680256921803e+01 4.395708375371504673e+01 6.357992957638308695e+01 6.593673602733375105e+01
6.893515458025102305e+01 4.876885363715246058e+01 5.467542723215675693e+01 3.703119894637515586e+01 5.729094982348481579e+01 6.829403009827201743e+01 8.256960116808717487e+01 7.054390925959519620e+01 7.054396039625248704e+01 9.044384642101094585e+01 8.976416290141591503e+01 7.855000899610737974e+01 5.856027283060770117e+01 5.827455720264027406e+01 7.826510702734826452e+01 9.040608744979974176e+01 9.238665581821088324e+01 8.241136104326427869e+01 7.083879442806671989e+01 6.254149230846736174e+01 5.653844549582847634e+01 3.633728338766879773e+01 5.316924172595305720e+01 3.391997335892639143e+01 5.412548230962875095e+01 3.587975757971415192e+01 5.606493130405191039e+01 5.776830229756928503e+01 3.859006622098175399e+01 5.868175829413569033e+01 4.063771417308060308e+01 4.137011792428886992e+01 4.865284055413783904e+01 6.186155087483388115e+01 6.405882725396858746e+01 4.505512410807683210e+01 4.583303615566584455e+01
6.893489238405113895e+01 4.876885284416160005e+01 3.442325764945153566e+01 5.467542723215675693e+01 4.987982490874778563e+01 6.418904401519421299e+01 8.417812863801373169e+01 9.044139996966951855e+01 9.044384642101094585e+01 9.865384326265747461e+01 8.147461400476557003e+01 6.149052599069433711e+01 5.144634236659767623e+01 5.066807558196971684e+01 6.211434767807923407e+01 7.626021756393961937e+01 7.238964745508131671e+01 7.346388375664903947e+01 6.499163669669023591e+01 5.915185223899087674e+01 5.160121635295855924e+01 5.224845234776856273e+01 3.295846151302895777e+01 5.316958644021086400e+01 6.217896050205634850e+01 4.973593448404193396e+01 3.687461157451397042e+01 3.757890439332064858e+01 5.776423643762090876e+01 6.687747802377670325e+01 5.676512985517405241e+01 5.955011970150083300e+01 4.578183785845364895e+01 5.642570097863425360e+01 6.974466713877600910e+01 6.540770885828234782e+01 6.598208015804834758e+01
5.566117115467900334e+01 5.289232299061315246e+01 3.263357484855661994e+01 4.698261801887268518e+01 6.715961288302759158e+01 7.004371135150624639e+01 8.998777382485025100e+01 8.727006443394083135e+01 7.898441719199442446e+01 8.727006443394083135e+01 8.976416290141591503e+01 7.777498384564739808e+01 5.776206744325580189e+01 4.351635509414905556e+01 4.790070209883446495e+01 6.189633079271728633e+01 5.822168364132204488e+01 6.510351517168683699e+01 4.484761053446639778e+01 4.801286819132326400e+01 3.139630225108127703e+01 3.203895850553239200e+01 4.031304478752793585e+01 6.031069661713792129e+01 7.602156016061472599e+01 6.477105480748470256e+01 5.118439518806335542e+01 4.158702514421675289e+01 5.277107665407439896e+01 7.225832326970930808e+01 7.994273775567174312e+01 6.381205167601629569e+01 4.900021826461696151e+01 6.818233177971389125e+01 7.835795074554513917e+01 7.661488180632017020e+01 5.592674822340668328e+01
3.539876997064615693e+01 4.871122488537593398e+01 3.084985169493821644e+01 3.991218681648210520e+01 5.429787923032782970e+01 7.439987038254375307e+01 8.652269515904031039e+01 7.725723912143028826e+01 5.894951772469103446e+01 7.725723912143028826e+01 8.551323820995567360e+01 7.964943046969295892e+01 7.191292962104924413e+01 5.793649474494036866e+01 3.777493885066125756e+01 4.177121583219162915e+01 5.660961859269833951e+01 4.919181668764604609e+01 4.972159421315884487e+01 3.049243876632417383e+01 5.068784247152703415e+01 3.482750723451625419e+01 5.862191150382055582e+01 5.454793353562502034e+01 7.434727236806536155e+01 7.961044239645883636e+01 6.546430108739320985e+01 4.584411410531385656e+01 6.538158346399404763e+01 8.011137452143992732e+01 9.184206536884155980e+01 7.353873102950078078e+01 5.243600668060935277e+01 6.747272998331258975e+01 8.820602046657944584e+01 8.472953649670051846e+01 6.354131670383807062e+01
4.644977527862678812e+01 2.835687560440040400e+01 4.279375084364555448e+01 5.944386549436885048e+01 6.010205466529724561e+01 8.023098137792493389e+01 7.823216595195063405e+01 5.816324065522938014e+01 4.882570850418686348e+01 6.896696745834269393e+01 6.549851785549877548e+01 5.963701793074304902e+01 7.379156611581608161e+01 6.623361471566921921e+01 5.289610577137064240e+01 3.270267209699687783e+01 4.376451257139387963e+01 2.902182777640686240e+01 2.959679130181518403e+01 4.977439645783785238e+01 5.899786222045752737e+01 6.087309819742632300e+01 6.928300979506141744e+01 7.434727236756178570e+01 8.257814290268989055e+01 7.968494264521275738e+01 5.958105794473548400e+01 6.546934944531275846e+01 5.334656477580481493e+01 7.330280197841403833e+01 9.253673586151573716e+01 7.741759843527162843e+01 5.620853074582825570e+01 7.741759843527162843e+01 9.249478654944181244e+01 9.363118837593252408e+01 7.570300439207588283e+01
2.599777698861522879e+01 4.644977527854303645e+01 5.702358207182513183e+01 7.125075442273143267e+01 7.835354330247079702e+01 8.570899724199786363e+01 7.604432239033688745e+01 5.596480158314538045e+01 4.166235856075989119e+01 6.184595706428377326e+01 6.549851785549824967e+01 4.544891641769394397e+01 5.478155509524007982e+01 6.008330305350894207e+01 5.863607863936822895e+01 4.225854156290639452e+01 2.821147305652654325e+01 4.836451276042764391e+01 4.636745962279483990e+01 3.161710133267446210e+01 5.181644285471748645e+01 6.218785351553350438e+01 7.638582219261823525e+01 7.774920669055086364e+01 8.603773533558315023e+01 8.822854840807879384e+01 7.968494264521275738e+01 8.182159309502077349e+01 6.473610078726446204e+01 6.387659470283612251e+01 8.415918264708683694e+01 8.482229255032390824e+01 6.387865486486148825e+01 6.324328228440830912e+01 8.422495050966092833e+01 1.001603336273332161e+02 9.729137876356627146e+01
2.435323752475455805e+01 3.894981758695683283e+01 5.920098462255256777e+01 7.529298718096309528e+01 6.027676042878838558e+01 7.529298717829327359e+01 7.085981168566448218e+01 5.074228780236351355e+01 3.647665177943390091e+01 4.991526683678176823e+01 5.823751217489804333e+01 5.478048567018726089e+01 3.468904811091936580e+01 3.994592870256521167e+01 4.641222272235128798e+01 4.698149640708396646e+01 2.765000638093215812e+01 4.779043675563669780e+01 5.895738538553874264e+01 5.181644285471748645e+01 3.367518881021418053e+01 4.798988483844856745e+01 6.358828998726264814e+01 5.772264623312500476e+01 7.774920669055086364e+01 7.921372606932929727e+01 9.921895988870051042e+01 9.360884329683544536e+01 8.500513343868964000e+01 7.547360414517602578e+01 9.280370469475855089e+01 9.308582335392785012e+01 7.355272667264226527e+01 7.830361882279962060e+01 7.147848277967722197e+01 8.614113737834561846e+01 1.060422071081282809e+02
2.268422354007020303e+01 3.759950324235613550e+01 5.875959333065118528e+01 5.776485547148196531e+01 4.899598993429459881e+01 6.786971332426062986e+01 6.528390881695715109e+01 5.696511823644414818e+01 4.991526678427219110e+01 2.983051713910985114e+01 4.392810120101174221e+01 4.448600100525318624e+01 4.231320392931979768e+01 2.574220162147265611e+01 2.629944560958394462e+01 2.685698983390315675e+01 3.312331826482690644e+01 5.196857297530576858e+01 7.066003039421541132e+01 6.193784029425358284e+01 5.284395263093245632e+01 3.577457359768465750e+01 4.344219800376195195e+01 6.358803658417158289e+01 5.913714241203079780e+01 7.360563267202792304e+01 8.060011744793233390e+01 8.893226627861483280e+01 1.002603222383423258e+02 9.602390352726101241e+01 1.047597055121959215e+02 1.021193980150861904e+02 8.552895442497755596e+01 9.852030977539115497e+01 8.197553192304521019e+01 8.353760736552004573e+01 1.034889234769595134e+02
4.051619712897942804e+01 4.510226681616178013e+01 5.295574352573595434e+01 3.835845364277767544e+01 5.776284740256706129e+01 5.623841451949250825e+01 5.683857231205669081e+01 3.675166217425698534e+01 4.259938831568592121e+01 3.529250219838549896e+01 2.386138130622370213e+01 2.440920937932719781e+01 2.495795946375664798e+01 4.504495805513779061e+01 4.641222033631328969e+01 3.360629893081863884e+01 5.103267738346418980e+01 4.290359312380752499e+01 6.237817468036815427e+01 6.865482020704560284e+01 4.858753584212274745e+01 5.597368922657915391e+01 3.795900944791862486e+01 5.814612171536360563e+01 4.738394661110169892e+01 5.331621654792742504e+01 6.021327078917741460e+01 7.087832981671245136e+01 8.801329327888403498e+01 1.103471647655707955e+02 1.201381030001308545e+02 1.135651110135466411e+02 1.054286676543997174e+02 1.101059319277370889e+02 9.619779856402716689e+01 9.516514401056150518e+01 1.116283183747766827e+02
