MOVIE_S9_data/elevation_000322.asc
nrows	100
cellsize	150.0
xllcorner	0
ncols	100
yllcorner	0
NODATA_value	-9999
[rows 68 to 84 of 100, columns 0 to 36 of 100]
5.009162696260269221e-02 7.121159438828108534e+00 1.606543134882742407e+01 3.020756697255862733e+01 5.020756697255933432e+01 5.460220575424089873e+01 4.264968853646035285e+01 2.842468697171569403e+01 1.734923156407163347e+01 3.718383067419189558e+01 3.018507144307204726e+01 5.023786874477868736e+01 6.083987655581282183e+01 6.864349637303065776e+01 6.663327621668092604e+01 4.666762197355811992e+01 4.645651720643545701e+01 5.222773569104685265e+01 6.222895749845869773e+01 7.378164613365643731e+01 9.376572160731952010e+01 1.120611623334457079e+02 1.037369787940137655e+02 1.120611623115143800e+02 1.077987579439402595e+02 9.825646164428610518e+01 9.009945805197068580e+01 8.795336113992433980e+01 7.647888047428679670e+01 5.701794513217392080e+01 5.661575586473222188e+01 3.732730474157119005e+01 5.012126123395864852e+01 2.811923739244951292e+01 2.824119370180946476e+01 4.850240552091483437e+01 5.187105488670434283e+01
4.695337527364121244e-02 2.004695337527328647e+01 3.540543068629101242e+01 4.434970259629032796e+01 4.750808129259209522e+01 5.579247076908382041e+01 5.485415148977624966e+01 4.379606410489944324e+01 2.407299053184427251e+01 4.415271238161552247e+01 4.433293210505230064e+01 4.434822006298168162e+01 6.459616927357514271e+01 7.937010031516352626e+01 5.932224764860848154e+01 6.671029982824857996e+01 5.645474752252886219e+01 7.222802732264864289e+01 6.637268786752542837e+01 8.636545530672810855e+01 1.020287272911246532e+02 1.019614459264462738e+02 8.349444856816185734e+01 1.019614459264489881e+02 1.063551230128044551e+02 9.801427350819427886e+01 8.925906847235204111e+01 8.055968306235834575e+01 8.461587032388986529e+01 7.246439598059696152e+01 5.305385528016073238e+01 5.289007433538149883e+01 3.350308519747312630e+01 4.752794816828882318e+01 2.779908400356790565e+01 4.655856414988679859e+01 6.832281569433074253e+01
7.614146464036156137e-02 2.007614146464000626e+01 2.865189902606596561e+01 3.336594299385323836e+01 2.750808123544772954e+01 4.750807895515855961e+01 6.692125651117595453e+01 5.246886035119235459e+01 3.411678722963458199e+01 5.246886035119235459e+01 6.429857007290426907e+01 6.459024907849162389e+01 7.332055257787126834e+01 8.766326132614595679e+01 7.349842294838322232e+01 8.472394527293879207e+01 7.645385828631415848e+01 8.472394527294051159e+01 8.636545530673049598e+01 9.463266442173377868e+01 1.053281804522332976e+02 9.361572062637313252e+01 7.318766774447458090e+01 9.361572062637658576e+01 9.463991948564479628e+01 7.765885213719160163e+01 7.642482073633662765e+01 5.782171028810032709e+01 7.642482073658351283e+01 8.059029699281779813e+01 6.661224340028081770e+01 4.720728962583522303e+01 5.195246220199811660e+01 4.297550956861979188e+01 2.736363033275597445e+01 4.697054802129161999e+01 5.455340700897662742e+01
2.352828262072655108e-02 4.287542609732917676e+00 8.651900414452727617e+00 1.336594562236300376e+01 3.336593647504895443e+01 3.864014674627642165e+01 5.863991572228608362e+01 6.250575727430895512e+01 5.421214923011575593e+01 6.250633637054991709e+01 7.062416223656518355e+01 7.890362902609615503e+01 7.427444979931789248e+01 8.255303864555502003e+01 9.355898349042590212e+01 9.043260440166579883e+01 8.214697699189035518e+01 9.043260440166599778e+01 1.004342414343870900e+02 1.112552742316649841e+02 9.108039272682083265e+01 7.662326135237285030e+01 6.625874423091259757e+01 7.904009775123256532e+01 8.550111843515855981e+01 6.574049308224890353e+01 6.743190836031381252e+01 4.661511830341387963e+01 5.967079695005046602e+01 6.808550391983125394e+01 7.476291946525891774e+01 6.660785422856588411e+01 5.648130172814851591e+01 3.981039283799975692e+01 3.240356916715064983e+01 2.675695428976564827e+01 4.007607063943849113e+01
6.786455232800275850e-02 2.006786455232764865e+01 2.865189902606596561e+01 3.336594299385323836e+01 2.231021753236027294e+01 3.231021753217088843e+01 4.645235347100609857e+01 6.645250141458701876e+01 7.025717833017402825e+01 6.735935103113409639e+01 5.062603848959903274e+01 6.013386114993156895e+01 5.427663755141665547e+01 7.427444979931789248e+01 8.381347975824856178e+01 7.552773800833601570e+01 6.214395118281210983e+01 7.214546408735121474e+01 8.937706039897271637e+01 1.009222080931972556e+02 1.036298685740660801e+02 8.335273093268418165e+01 6.878842284875595681e+01 5.847244868451545585e+01 7.269278376751867654e+01 5.659413604747979321e+01 6.233448052421617547e+01 4.242493050849170544e+01 3.971248755776851880e+01 5.608617877325602308e+01 6.448212889893339650e+01 7.342911932924499752e+01 5.648230149751560702e+01 5.568452229826561961e+01 4.956512116471853346e+01 4.576443538553580481e+01 2.616453923775171475e+01
3.257643153035955086e-02 2.003257643153000345e+01 3.864710229393136132e+01 4.693154627825106928e+01 4.231020963007838986e+01 5.059438739526494544e+01 6.059491533055888368e+01 6.440039693836176582e+01 5.026443738136999428e+01 5.842135498201120924e+01 3.909492579831940873e+01 4.014899938115578948e+01 5.427663755141665547e+01 7.427444979931789248e+01 7.226191205459235789e+01 5.551803315507724790e+01 5.213231338152520777e+01 6.108730782337480747e+01 7.264248723727965285e+01 9.263354029646887966e+01 1.035444411000179201e+02 9.765638614256866390e+01 8.745008806518549704e+01 7.269278376751867654e+01 5.229795600445650194e+01 4.911644288577856798e+01 4.631619723098705066e+01 6.233448050497522530e+01 5.608617871263719223e+01 3.613682034532151022e+01 5.289172491596424663e+01 6.127265765201403980e+01 5.858643151149335182e+01 4.970711430375961726e+01 3.875607638780940789e+01 2.558170970546852629e+01 2.660228774539894303e+01
1.880098487986705744e-02 2.001880098487951187e+01 1.864708047243630418e+01 3.278921472370122103e+01 5.278844896158896915e+01 5.194376127683084832e+01 5.763975650671515893e+01 5.612017563076170035e+01 3.614275148626589385e+01 4.348534321479965570e+01 3.017316911331164064e+01 4.428688879907528531e+01 6.427554367536718871e+01 7.239507000803729397e+01 6.397512952490208704e+01 4.397314626018386718e+01 6.397512952490208704e+01 7.367397590432213406e+01 8.196080743263159718e+01 7.525855295668931433e+01 8.940115444350719542e+01 9.588209023398607656e+01 7.548392802364278964e+01 6.090119241514244663e+01 6.669020758177926211e+01 6.334407705799487331e+01 6.639000126894256937e+01 6.429411988801322764e+01 4.418885238553361461e+01 5.289172491596424663e+01 3.286297327160690429e+01 4.978265974233884350e+01 5.014503095859130610e+01 2.861143837940592149e+01 2.499905100603708519e+01 4.521086526430093500e+01 4.682395478800431476e+01
2.900726248362994752e-02 7.100075074349208926e+00 2.710007885857856991e+01 4.692552120370793034e+01 4.617966872964169056e+01 3.235942906815331099e+01 3.809507614311073809e+01 4.683488004120576420e+01 4.348534320793516628e+01 2.351761383254342519e+01 4.348534320840663270e+01 5.842135498201120924e+01 5.240137278241775221e+01 5.240135955351933461e+01 5.938635985536004114e+01 3.940292285639796432e+01 5.734310778147405330e+01 5.367282892549160067e+01 6.846290365079315166e+01 6.111049188393131004e+01 8.111463907580639443e+01 9.809142384717276286e+01 7.772022682716234954e+01 7.013773545092873007e+01 8.718428456020666317e+01 8.381507943895499579e+01 7.389187572978467244e+01 5.353196101011658214e+01 6.429411988801329869e+01 6.127265774984030600e+01 4.388628330993807225e+01 2.961525850904445178e+01 4.674230656513039861e+01 4.479603439462244552e+01 2.458761427426342294e+01 3.889958150306016904e+01 5.900849084838665704e+01
5.081304048347550645e-02 2.005000599133330041e+01 2.972746564094714472e+01 3.524774783027513791e+01 2.687690044657577459e+01 1.836885678992788584e+01 3.202877218292564265e+01 2.685979232530157645e+01 3.430476688933654117e+01 1.967034286993323278e+01 3.791524998187772866e+01 3.976954094340176482e+01 3.242879065598526722e+01 5.240124661418651897e+01 5.502561635006573937e+01 3.505829745956410903e+01 3.736743307363482103e+01 4.269248710147819281e+01 4.845395949453219231e+01 6.000773780152564996e+01 7.415681816191937514e+01 9.415065017116177160e+01 9.809142384515425306e+01 8.204341124032117705e+01 9.897700985346513392e+01 8.833503440007044105e+01 6.790932352504583491e+01 6.790932352504583491e+01 8.231056459663818714e+01 7.242230183926639597e+01 5.815429257465967794e+01 4.674230978382554014e+01 2.648475009008432934e+01 4.379941309126538584e+01 2.417669481213998850e+01 4.438319540362547144e+01 6.025050217298508670e+01
4.469920835086939326e-02 2.280909658797944495e+00 2.143809335644873570e+01 2.482090399936697978e+01 6.840555174055705123e+00 2.669344510407711368e+01 1.115345487896890297e+01 1.272973440247810117e+01 1.432591133563340868e+01 1.610765242083557780e+01 1.794104629021272146e+01 1.979798674928361280e+01 3.976943346176581429e+01 4.453695820847751463e+01 4.660678774635135113e+01 3.090252391428762735e+01 5.086214253421204745e+01 6.268681818044095166e+01 6.846290365079315166e+01 7.674904368527720067e+01 8.522117417089235403e+01 8.522406647719745365e+01 9.352190184881942514e+01 1.023288119794990507e+02 1.106594537671043383e+02 9.671180566824858715e+01 8.833503440007044105e+01 8.833503440007044105e+01 9.133203024692728889e+01 6.887947478495260611e+01 6.366066588650728875e+01 4.363353384523956180e+01 2.561841235091380753e+01 2.359957989850736837e+01 3.297745506480009681e+01 3.309625062102880833e+01 4.011751096908601255e+01
2.324776005098762310e-02 1.427096046130083007e+00 3.109245990470265397e+00 4.731300795465617881e+00 2.476990985746351370e+01 8.937030270260780895e+00 2.618503759759434857e+01 3.236124248624980027e+01 3.430476688934010809e+01 2.426692036352794801e+01 3.791086379807449447e+01 3.976919673058912963e+01 2.253214951705576041e+01 2.457303397478639795e+01 2.664608011294014034e+01 2.969224152689270468e+01 4.965037258187914659e+01 5.795915307481190126e+01 6.195815335279982605e+01 6.622455335091484585e+01 6.522154040634329419e+01 6.522155968540896254e+01 8.522418889685638987e+01 9.831307157178956402e+01 1.021015458030497882e+02 9.272024034775232337e+01 8.495186481664775613e+01 7.813936817070590735e+01 8.596098388883294206e+01 6.887947478495260611e+01 4.466043428948066918e+01 5.141934228424465658e+01 4.298628318944931692e+01 2.320473995183883531e+01 4.339340061348335098e+01 5.312398742403299678e+01 6.025255266687032218e+01
8.699724428260374731e-02 2.008686183865479791e+01 2.340755519753257730e+01 1.911280805254842008e+01 2.097909124277615689e+01 2.898239708758915967e+01 1.560308144915720518e+01 3.542085124300044896e+01 5.167890566572315691e+01 3.424218691315869734e+01 5.237934253052446110e+01 4.881199970510702713e+01 2.884885487982624497e+01 4.453696220658373051e+01 3.661980267177553117e+01 4.965037258115230401e+01 3.415022885566111910e+01 3.798186134562176619e+01 4.196315121861714204e+01 4.621336270791688605e+01 5.106093093425602802e+01 6.002006385925704990e+01 7.003158086890476852e+01 9.002336477487138211e+01 9.433652264134062193e+01 7.556720699195547297e+01 6.568321451602369621e+01 5.841188360772737553e+01 6.972754048926333326e+01 7.086026037778995601e+01 4.523468058334803032e+01 2.434418912771590726e+01 2.265536273718820937e+01 3.671912114677969186e+01 4.728613525473483747e+01 6.149466497233363782e+01 6.474977385696368515e+01
2.249585233037712170e-02 1.416463245506667867e+01 3.416495402043429408e+01 4.000833809210641334e+01 3.465956834976833534e+01 3.178556615824837195e+01 3.542085144467036883e+01 2.374657985410760830e+01 4.350776459408115215e+01 5.412509648539464280e+01 5.412510328435884333e+01 5.587445640473703889e+01 3.590022454732946500e+01 5.587445640446686923e+01 4.814252289809800800e+01 6.239979158685142835e+01 5.411452162120973952e+01 4.306272894451041822e+01 6.195815335263422696e+01 5.776728958360266120e+01 7.108004940911587255e+01 6.522156791965339551e+01 8.522506461677667744e+01 9.831307157395816887e+01 1.021015457983524186e+02 9.272024034767085254e+01 8.101683679452467857e+01 6.146320201127976901e+01 4.942782912698643827e+01 6.279698704613466731e+01 6.119368065427783421e+01 4.890771669275056155e+01 2.227790770596668324e+01 3.023830890692507012e+01 4.434499737679352904e+01 4.626245165994219377e+01 4.818287676728018454e+01
2.739267172789772165e-03 2.000273926717243356e+01 3.592683849379334049e+01 4.487111040379265603e+01 5.333470290686965143e+01 4.566992981987606015e+01 5.176514170272778870e+01 3.364479769850880331e+01 3.771595387545128375e+01 5.749048226221979263e+01 7.396113380660005987e+01 6.415499003893269503e+01 4.742300176680001300e+01 6.416008493925548350e+01 6.813513720544456476e+01 7.640886766583672340e+01 7.061768824482108187e+01 5.061015322726292709e+01 6.305557394954761463e+01 7.777739050361300599e+01 8.606453842249533182e+01 8.522508529915788245e+01 9.352635009900451735e+01 9.852504064442015874e+01 9.000873446474561490e+01 9.157054913343604596e+01 8.882504179156664748e+01 7.765461762082861696e+01 6.279698704613466731e+01 4.186980187617094629e+01 5.651322556913986261e+01 5.012822432974434150e+01 2.190665911895642637e+01 2.593149742656774137e+01 4.116290504788916138e+01 3.545300317032284454e+01 4.616358947754697084e+01
8.327778614586213435e-02 7.642567246330439268e+00 1.658683915632975570e+01 3.072897478006095895e+01 5.072897478006166239e+01 6.527474686414180383e+01 6.167525046397668831e+01 4.754459395018724877e+01 5.749047603849228949e+01 6.581585250074462579e+01 7.903361777701454116e+01 7.570516924430097561e+01 6.741923670406916358e+01 6.635936360991298955e+01 7.093064786757123841e+01 7.900401103285584270e+01 7.890372425292480330e+01 6.216347210900185871e+01 7.890372425292480330e+01 9.134849118231269927e+01 9.124071001144696424e+01 9.939678356793581315e+01 1.048024553194410657e+02 8.388097464876858567e+01 6.870945099277975032e+01 7.031115136195374760e+01 8.519110344466351137e+01 8.246294488661902733e+01 6.279698687066776586e+01 5.651383996644223373e+01 3.447502340925870357e+01 2.903073651161869151e+01 4.334045808300970748e+01 2.138644513976279882e+01 2.699726579009897875e+01 3.840764248847658990e+01 4.899231604792181116e+01
6.510866554257997707e-02 1.420724428927365501e+01 3.420724428927435667e+01 4.487111040379265603e+01 4.934732855547933639e+01 5.760174961595410537e+01 6.910219967281344111e+01 6.743621629083042990e+01 6.616763979993118028e+01 5.330787139500611005e+01 6.616787835981827470e+01 7.042480115819400055e+01 6.225961590749483321e+01 4.931499902722187301e+01 5.194584657007921891e+01 6.772768388819865493e+01 7.539758111863891088e+01 8.216618837472874759e+01 9.045048964287425974e+01 8.793946218588534691e+01 7.133219234829320499e+01 8.491344983077324571e+01 9.309094376227319856e+01 8.885140837878330444e+01 6.752375992801407278e+01 5.526280567547787825e+01 6.785237012055134187e+01 7.655154807061049382e+01 7.150369365132239352e+01 6.472817954215443592e+01 5.651358396596206290e+01 4.764314802773377266e+01 3.011748537423875760e+01 4.058869394513155981e+01 2.085494858852061739e+01 2.165322243069343955e+01 5.085115946757226624e+01
8.953482861371392376e-02 1.423167045234478856e+01 3.423167045235687311e+01 3.785483181167685984e+01 2.944172304841238841e+01 4.093080325569679445e+01 6.084447323252454964e+01 6.937983648288251004e+01 5.853221129825713120e+01 4.027470194861597719e+01 5.853222491761353297e+01 5.251055716223509506e+01 5.476510431041274529e+01 3.631701733790631437e+01 5.306433360855069736e+01 4.977103285921340614e+01 6.541028531250996991e+01 7.345197344178562560e+01 8.554756215193256708e+01 7.797879144241061056e+01 5.996712696484450333e+01 6.509672259043161091e+01 8.491344983077570419e+01 9.737976775852126821e+01 8.014443235897304874e+01 5.885395603222767846e+01 4.706542272186983666e+01 6.110819382454525339e+01 5.072929655233246393e+01 5.353066270614142041e+01 5.041567610948167300e+01 5.115496164564330428e+01 4.237153595032015119e+01 3.561842412159600002e+01 2.045810199688819964e+01 3.793739623517381432e+01 5.568058913576430768e+01
