MOVIE_S9_data/elevation_000363.asc
nrows	100
cellsize	150.0
xllcorner	0
ncols	100
yllcorner	0
NODATA_value	-9999
[rows 17 to 33 of 100, columns 37 to 73 of 100]
3.053898677751899626e+01 5.085009422276441171e+01 5.341867441302819230e+01 6.185187973120631710e+01 5.204871176705398028e+01 3.071439517911140626e+01 3.859542231173387705e+01 1.952120670934169411e+01 3.351244173688979089e+01 4.701674153659526212e+01 5.752611462784394547e+01 5.887072749401620086e+01 6.750064535822025391e+01 7.868213816776970759e+01 8.686688220370001545e+01 9.251011577775385319e+01 9.250954975800286206e+01 1.001695701456309138e+02 8.811319456953962970e+01 7.995209228426176651e+01 7.822424241262135070e+01 5.847456260778456283e+01 3.991899012441221828e+01 4.038096366158384143e+01 5.979885819002210923e+01 4.788645321675386413e+01 6.743972918735079247e+01 8.011979917733268053e+01 8.668486086776348998e+01 9.483630922065005109e+01 1.046680102029203283e+02 1.122848890716605155e+02 1.043795355887871636e+02 1.001202326957910032e+02 8.024922621504518361e+01 6.834903550842696518e+01 7.020693053947276496e+01
2.517211190037120971e+01 3.762941256262628542e+01 3.210660490565089731e+01 5.290935781597030285e+01 4.613783813063612627e+01 3.795025941429599925e+01 1.892818764339503446e+01 3.861718779774128052e+01 4.744040730215740354e+01 6.106965087882316823e+01 6.292613146309665950e+01 7.154724743205593995e+01 7.131423224170399067e+01 5.878639396867781386e+01 7.540307088636160415e+01 8.686688220370008651e+01 8.418638330268579750e+01 9.246516771834697579e+01 1.011881210918837013e+02 8.993473018023382792e+01 7.208846429046130311e+01 5.212745129231308994e+01 6.425910989635832493e+01 5.979910587133793598e+01 4.196938339368970361e+01 6.126144469334066400e+01 7.112974738981615985e+01 7.986568348365672421e+01 8.824326879067000107e+01 9.801187681311144217e+01 1.126736890372377644e+02 1.157480094150871395e+02 1.183602028849033019e+02 1.086638923188620112e+02 9.676693022622514206e+01 7.847359799950118031e+01 7.925251832891869697e+01
3.557161211834806380e+01 1.931384299430108342e+01 3.775769380379140472e+01 4.486862476739956662e+01 3.664854190208956908e+01 1.832953728366747725e+01 3.806297632923852348e+01 4.583777299360744450e+01 4.063327606619999699e+01 4.796319367988466809e+01 4.275091292618383676e+01 6.239422439186038361e+01 5.143606957882074227e+01 4.732117235524779630e+01 5.878639396867781386e+01 7.868213816776970759e+01 6.399857584655095621e+01 8.084358785598961106e+01 9.306298104947332206e+01 7.362305548226764529e+01 6.233759379070181694e+01 6.638101994295196562e+01 8.017744422313000996e+01 6.954498183726150273e+01 6.140607313894861363e+01 4.362724862795083425e+01 6.308930119999033082e+01 5.981414547399702997e+01 6.871339892147176442e+01 8.064210725936646895e+01 1.028532353256728982e+02 9.719232593402030318e+01 9.934172331654478683e+01 1.183602028849033019e+02 1.067786422915151121e+02 9.258406552423149094e+01 9.077390388650715636e+01
1.596292080026338134e+01 1.875466354680708747e+01 3.569493258510178180e+01 3.649903248450201687e+01 1.772846257465904785e+01 2.115990820051155552e+01 4.430673243186348742e+01 2.064201571344624853e+01 2.068365172579981248e+01 2.927981109599335952e+01 4.526997802822369721e+01 4.947671267638222758e+01 3.741866479598704132e+01 5.143606957882098385e+01 7.131423224758243862e+01 6.825828129135935285e+01 5.234198360040548437e+01 7.183054162203603710e+01 8.606905880855035207e+01 8.993473018023382792e+01 7.614271419816830644e+01 8.586745384070820819e+01 8.838157708618032871e+01 7.885024601943453604e+01 6.424718576418025862e+01 4.480213453824126901e+01 5.059050325153577887e+01 7.028950720961829290e+01 8.824326879067000107e+01 9.009728446752951925e+01 9.817015025249365578e+01 8.350756056713397868e+01 1.027811096650843012e+02 1.015759577244738381e+02 1.098887281662107114e+02 1.125949893628027922e+02 1.108137675010239036e+02
1.885543360998317652e+01 1.645651277121719502e+01 1.679741764614439248e+01 1.713195690139896854e+01 3.307086763587287948e+01 3.801918491713359316e+01 3.883312303218458084e+01 1.986457574350129107e+01 3.973225282869673691e+01 2.155451524688186993e+01 4.154185754678948683e+01 2.960688224303116201e+01 4.947672938494039840e+01 5.605266611946606758e+01 6.115261784256188804e+01 4.823360442828839467e+01 4.355439442527468685e+01 5.759202443552158002e+01 7.585322380144495469e+01 8.602652760305439017e+01 9.559219348324788257e+01 9.402628511421009705e+01 7.484180305876239458e+01 6.165983283725945086e+01 5.244103534830582447e+01 5.488719155063532185e+01 4.654687239838478519e+01 7.067923159375969533e+01 8.698700377736707878e+01 7.077990198242635245e+01 8.698700377899473324e+01 7.543613205585641879e+01 9.537863314665027303e+01 8.120621979466700679e+01 9.817914315731262320e+01 1.101843691296032688e+02 1.165532264960793611e+02
4.360092693384520146e+01 2.493224059274042759e+01 3.654842267627886798e+01 1.864771474175150345e+01 1.790095018122578097e+01 1.844378092286075699e+01 1.903046578581076886e+01 3.882750470509579088e+01 4.794983922760120976e+01 4.154031374770837459e+01 2.246289532855801951e+01 4.243514347932140396e+01 4.402656434117290729e+01 2.590793961881009722e+01 4.786546624472169498e+01 3.452960006632393686e+01 4.053237372942317052e+01 4.735613519078454203e+01 5.736508252903293936e+01 7.174034856948850347e+01 9.203515698311012727e+01 9.623351540684059557e+01 7.732978597425189093e+01 6.411992055646011579e+01 7.109427574735155986e+01 5.833225844340109489e+01 4.778487499352315382e+01 6.724003929616684161e+01 7.038846614896824860e+01 5.940366478258160043e+01 7.894401432991969614e+01 6.905644421955547330e+01 8.004576472708235713e+01 6.963087123814636925e+01 8.120723652864502640e+01 1.016249751038862854e+02 9.707557507015388865e+01
5.315952441148236574e+01 3.303663941357999079e+01 4.792955552646242978e+01 3.420845412665995156e+01 3.926648187714729232e+01 3.820423707646690303e+01 2.041047303053078821e+01 3.982287998598677348e+01 5.725999200825439317e+01 4.878332499224004692e+01 2.963996507559503613e+01 2.339611218694172123e+01 2.406414950211949488e+01 2.473958603616235763e+01 2.878294243910153583e+01 4.831247558192727354e+01 6.037548235826791654e+01 6.750046988981465290e+01 7.585322380144495469e+01 7.937389818722756729e+01 7.812006192802223836e+01 8.681182475308152391e+01 9.086158029460747798e+01 8.305061106880418720e+01 7.718958820143990351e+01 7.540847092568517951e+01 6.146589033642877808e+01 4.956240656439264569e+01 5.084598325343505110e+01 5.213006076201257599e+01 7.172633447969046472e+01 7.511497855723942507e+01 6.079665191455989515e+01 8.004576472708235713e+01 9.796646992270295584e+01 9.303654117449362104e+01 8.327218904821690160e+01
5.317151442001475914e+01 4.718588305613732814e+01 6.175988732426279171e+01 5.854008610165429616e+01 5.193590189765188825e+01 4.142537173830383779e+01 2.177950149316305328e+01 3.042873935077296821e+01 5.019019969400466152e+01 5.948628037855016970e+01 4.880865051982638647e+01 3.092865332482701390e+01 4.402747550118962039e+01 4.468196549850708976e+01 2.571361609166043394e+01 4.561864308597737505e+01 5.479475784850645681e+01 5.717355350786130685e+01 6.528466494690263744e+01 5.862217149651178261e+01 5.836209585576365555e+01 7.784058260062185752e+01 7.929390116016099910e+01 8.745517175893287742e+01 9.662038588586656829e+01 8.933435026961176106e+01 7.529889329034367051e+01 5.558142351279035154e+01 7.038846614896844756e+01 7.172590368358831370e+01 5.397559539617584790e+01 5.533501317161152144e+01 5.672649561669591378e+01 7.661755698436519424e+01 8.250246407502406498e+01 7.341125442812182200e+01 9.303654033352373176e+01
7.376602578355354467e+01 6.762210869454473539e+01 6.325203240136303862e+01 4.468910968777317549e+01 4.367208879699605717e+01 2.379726487582392025e+01 3.559826133211852550e+01 4.950900941896520635e+01 5.024003164973747459e+01 6.320110706304640757e+01 4.328612062201659683e+01 5.063625170782606233e+01 5.407479060055705133e+01 3.424691113074533177e+01 4.562015559483159421e+01 2.669528667252724219e+01 4.656496151044626686e+01 3.910677495755972188e+01 5.374561998617836167e+01 4.496065097003110367e+01 5.983762466614503950e+01 6.527772096037118388e+01 5.947221701450419573e+01 7.929387227968467755e+01 9.476726175528612828e+01 9.504210592305351213e+01 7.529921319497078969e+01 6.358103827944754016e+01 8.104176543144603784e+01 6.131941863021074823e+01 7.367358779156415949e+01 6.932257637370821612e+01 7.661755698368759226e+01 5.892423456560164396e+01 7.884822453870121706e+01 6.738445182516734633e+01 7.370265680949052012e+01
8.074729261291773241e+01 7.244313358961854021e+01 5.672122378225614625e+01 4.597067537509806812e+01 2.598941241849934869e+01 4.367355776614718366e+01 5.193600647022690708e+01 6.377005587672331899e+01 7.003174058557476656e+01 7.178006481872766642e+01 5.734516657164726183e+01 6.400907865858751222e+01 4.414050254494187442e+01 5.407479060175954544e+01 5.413237684479302914e+01 3.977518613553402105e+01 2.767610052124848252e+01 2.836750528703943885e+01 3.490192561198679755e+01 5.301993884096227561e+01 4.032799508308319503e+01 4.543490679325401516e+01 5.535701449410839814e+01 6.683449430707521799e+01 8.662416640629560050e+01 9.946859522169121703e+01 7.976852726618390932e+01 7.761244011064806614e+01 8.661666943744026526e+01 6.704185090794685209e+01 8.661666943744026526e+01 8.909908509837244139e+01 8.510860214335650653e+01 6.531260182484044208e+01 6.128620192367448283e+01 8.117497557091290616e+01 8.787495280988865431e+01
7.244264518704440547e+01 5.249181067887703023e+01 4.845478689149234697e+01 2.850774411596762903e+01 4.597063662033757225e+01 3.291112235272121467e+01 5.278860884210818227e+01 6.658611430286154587e+01 7.364246445312225831e+01 8.195107476034154104e+01 7.800176584302244009e+01 7.225763019800200482e+01 5.405187570679062503e+01 7.225763019800200482e+01 6.541273868929340551e+01 5.484642539658856464e+01 4.751096256928522621e+01 4.818059541123813716e+01 2.934415576894275901e+01 3.356140952664108568e+01 5.337103522498977526e+01 6.527772315596470776e+01 5.947221676203074736e+01 7.350974261057920955e+01 9.325764082320927173e+01 9.484964849956612909e+01 9.946859501876710397e+01 9.731626908693573341e+01 9.294382133029358783e+01 7.361854669728312217e+01 9.294382133029358783e+01 9.560458221945124535e+01 7.596992828463021397e+01 8.510858129759873236e+01 7.541703589498276017e+01 6.391661471522820648e+01 6.812654618624033276e+01
6.358657143075473073e+01 5.833555433855514849e+01 3.847314775371431494e+01 3.033895301436432135e+01 5.022681183592303000e+01 4.695803099159414273e+01 4.071164813335306576e+01 4.667490037605247011e+01 5.368409228786200771e+01 6.519049242218206075e+01 8.518807295970209736e+01 8.221468795809096264e+01 7.396628161038437099e+01 8.221468795809096264e+01 7.352281204199796605e+01 5.362822040806009483e+01 5.362822038867395946e+01 4.981755052414666096e+01 3.003902792121055754e+01 4.980254183562513504e+01 5.336414417293664769e+01 7.319779939438478777e+01 7.929376808287670997e+01 8.045427587618797816e+01 8.863690305633349453e+01 7.507192888572275535e+01 8.910455543339534756e+01 9.905097539852751254e+01 1.004989527030266174e+02 8.151157820723891234e+01 1.004989527030266174e+02 1.037698584694985158e+02 8.581603410416877864e+01 1.032181738087710841e+02 9.186895020193148298e+01 8.373179987420490988e+01 6.687168954217760586e+01
4.368118470787514696e+01 3.965668392057776970e+01 3.578495849275704188e+01 3.246349793931739924e+01 5.230759975272479778e+01 6.686470493894725564e+01 6.058265741959021256e+01 6.658611430286154587e+01 7.364246445312225831e+01 8.195107482072467064e+01 9.351416623409369322e+01 8.719767025263421090e+01 7.891869987096539774e+01 7.834238103223971450e+01 6.443741713054718900e+01 5.362822041808622231e+01 3.326419608891580282e+01 3.176704661350344949e+01 3.078833119539288532e+01 5.055854905519595377e+01 5.983015074603182626e+01 6.466455751540992480e+01 7.244125670586201693e+01 6.126875107461284387e+01 7.746360703765557787e+01 6.141001356572687797e+01 7.113735045338273721e+01 9.063753501393927081e+01 1.085310432048299560e+02 9.853350518629305554e+01 1.085310432048299560e+02 1.136069549698524810e+02 1.053961605360775735e+02 1.134876770697598971e+02 1.061486626468414727e+02 8.865749718030033932e+01 6.896914191502652614e+01
5.773238126454776875e+01 5.952339390040706490e+01 5.441173181901163503e+01 3.456675301988064319e+01 5.441173181988327201e+01 6.606501677500131109e+01 7.129413741971977458e+01 7.774778981440712755e+01 8.598986369078087932e+01 9.742786422496691046e+01 9.459401339654091601e+01 7.891869965882067106e+01 5.897943219487919464e+01 6.481364138420546794e+01 5.041568052324666382e+01 3.617658978140507031e+01 5.362822041826744623e+01 5.179868847620191019e+01 5.051830851998650473e+01 3.183968862022102186e+01 5.161176655312193873e+01 4.647882717669147468e+01 6.401974340790380325e+01 5.052750272467687864e+01 6.477290796470472856e+01 5.200079206317807490e+01 6.289829235195828261e+01 8.239211252733994684e+01 9.919084901637155838e+01 1.125026144243319806e+02 1.137024985670699664e+02 1.052812061299108990e+02 1.137500188721521965e+02 1.093866791398178435e+02 8.988489803030226710e+01 7.857964713164675175e+01 7.108838809415800597e+01
7.771983672672283205e+01 6.834173652269828381e+01 4.836747807704317381e+01 3.692221230545820987e+01 4.132874065610253211e+01 4.626136596620178665e+01 5.153372786356417379e+01 5.809263927711080555e+01 6.941059924459243291e+01 8.913660392896973406e+01 8.631354589231402485e+01 6.634005267994774613e+01 5.485716835811433612e+01 4.505009882869646276e+01 3.912013147084179110e+01 5.622739560162472827e+01 6.446151068371902682e+01 6.567179634811505196e+01 4.592952145179371115e+01 3.682213494777565899e+01 3.289026903782783506e+01 4.659969524191718193e+01 5.432427132401693370e+01 4.203299291246284497e+01 4.585102653087955815e+01 6.477293084542873203e+01 6.106302827429627200e+01 6.936840084680241603e+01 8.211283453015033729e+01 1.044948069222404854e+02 1.035851231276743931e+02 8.511523471917607253e+01 1.036073088741674724e+02 1.175726736690712926e+02 1.062476154285816961e+02 9.812609331862763895e+01 7.993560411245630348e+01
8.570602976995301958e+01 7.662528063085079566e+01 6.164716161163701713e+01 4.171047970475343902e+01 4.091430209573934462e+01 6.090889135311476821e+01 7.129413741971977458e+01 7.129413741971977458e+01 7.364408258879349489e+01 9.257662515014396831e+01 8.955279636535966858e+01 8.145663529092050226e+01 7.302357561151067955e+01 6.246118280858474492e+01 4.280760966806877832e+01 4.246220622727577876e+01 6.224920256453729195e+01 7.405161329973130080e+01 6.505145764161719057e+01 5.890210165128335973e+01 5.266781907040073207e+01 3.394208464453319607e+01 3.712222100308947859e+01 5.611880902212820388e+01 6.477291667045152224e+01 6.291884462081431906e+01 8.113367290772194451e+01 8.951677245485559808e+01 9.790527685441455219e+01 1.064639991048079679e+02 9.518247599737344444e+01 7.504075733515006164e+01 9.518424744535789728e+01 1.063960331580577474e+02 1.145285538685546101e+02 9.567752136591958845e+01 9.930535635202339506e+01
6.736255094583806624e+01 5.734821969161964006e+01 4.920916997237505086e+01 6.164783502310800145e+01 4.381066108923535296e+01 5.798406727176394782e+01 7.811171300609026957e+01 9.118187237728372452e+01 9.087777324636023479e+01 9.279728198817842610e+01 7.315470598908486011e+01 6.171061777749960697e+01 5.471075041618791346e+01 4.816861953380240635e+01 6.246119496512889668e+01 4.476827997735912135e+01 6.449441234544194401e+01 8.222148587344072723e+01 7.040066253317584710e+01 6.198720338842149147e+01 5.485804270866261589e+01 3.470685834881703613e+01 5.449757545618195564e+01 5.264250376990491986e+01 7.152926250797916907e+01 8.357913734392897709e+01 9.080414902287367340e+01 8.414883033508714050e+01 8.295451242435012773e+01 8.981331707421244914e+01 8.039017091072997800e+01 6.822997851659610546e+01 7.659570543153431288e+01 9.162604975902284821e+01 1.142132567048114424e+02 1.145285538685546101e+02 9.869255004367546746e+01
