MOVIE_S9_data/elevation_000080.asc
nrows	100
cellsize	150.0
xllcorner	0
ncols	100
yllcorner	0
NODATA_value	-9999
[rows 0 to 16 of 100, columns 0 to 36 of 100]
8.271705653423140625e-02 1.422485268026132665e+01 3.422485261528569112e+01 3.919742242490517725e+01 4.748340638814099890e+01 4.977204874739500440e+01 5.751719833172816720e+01 5.754522678742962682e+01 6.170551751981091826e+01 6.388808124156661705e+01 7.216005377262446530e+01 7.319063833128485896e+01 8.146756121268388995e+01 9.787072780403148897e+01 8.954600215450965095e+01 9.435510492189345655e+01 1.026778762120480195e+02 9.792065312903673657e+01 8.959808655654768472e+01 8.739915750598675004e+01 8.776380960199681169e+01 8.776380960199681169e+01 9.608714737025361785e+01 1.018680708981717231e+02 9.024783058030888583e+01 8.191556024804580716e+01 8.191556206504225202e+01 9.024790798859723395e+01 8.918790643101073101e+01 8.085518451838136400e+01 7.613852893588985182e+01 8.447180236295767486e+01 1.041661425642818131e+02 1.053996827815063426e+02 1.137121844024906636e+02 1.135499859764838391e+02 1.052305404179830646e+02
7.813061968023242432e-02 2.007813061967987878e+01 2.504503450892665484e+01 1.919587109473554776e+01 3.539817982728104795e+01 3.058931285891577190e+01 4.977204874186974592e+01 3.758751525619689460e+01 4.175357193720560645e+01 4.393610578738540795e+01 5.908927049416628563e+01 5.324829268802006510e+01 7.319063833128485896e+01 8.628775472162419646e+01 6.949835404774110259e+01 7.428935304840743470e+01 8.861363934279617638e+01 8.029787985554585816e+01 6.956859978739691996e+01 6.738085363618759516e+01 6.774256600396901717e+01 6.774256600396901717e+01 8.776380960199681169e+01 9.354228121379958338e+01 7.340420735577994549e+01 6.181191846561873859e+01 6.181191846564622949e+01 7.863896387820412315e+01 7.758047861207862184e+01 6.075563104589744512e+01 5.605719240163817574e+01 7.613852893588985182e+01 8.402807390178315927e+01 8.524868058886823974e+01 1.053996827815063426e+02 1.052305404179830646e+02 8.506218786499299256e+01
2.526786264046545702e-02 2.525267862640470984e+00 5.045031016035330218e+00 7.648809235651820693e+00 1.658865906354317232e+01 3.458265463902515791e+01 3.789226326438809878e+01 2.345563444610538184e+01 2.762578679557340422e+01 3.247590363138287017e+01 3.913899051059474488e+01 5.066178593842943911e+01 7.060142848730384912e+01 7.797148712344795740e+01 5.807157622881278769e+01 7.694775843795642345e+01 8.029787985554585816e+01 6.038874169769866995e+01 6.621999325655225732e+01 5.344460589757036928e+01 5.379979254352149098e+01 6.515177627180486297e+01 8.515624311349526465e+01 9.022575937572223381e+01 8.017082160087969100e+01 7.030871153193461964e+01 5.023606102915337601e+01 7.030871802123823500e+01 6.378790913187100386e+01 4.917918022876664708e+01 6.925070191045199408e+01 6.391354809842864881e+01 7.100473861378755203e+01 8.524868058886825395e+01 1.053996827815063568e+02 9.435968799190084155e+01 8.602123625770217075e+01
4.163169627051844027e-03 2.000416316962669683e+01 1.917115324278815791e+01 2.764952147369333346e+01 1.173129217540663127e+01 1.474640570745842894e+01 1.790868352979346412e+01 2.546760356203746056e+01 4.544179983541982182e+01 5.243917716630912196e+01 4.400909696651733327e+01 6.395506674791816693e+01 7.887656038328964314e+01 7.133818349190296715e+01 5.159141353794424845e+01 5.710687115032744998e+01 7.118100958505263520e+01 6.621999111461155962e+01 4.660389553119995298e+01 4.557300319218840201e+01 6.516097800817003360e+01 8.191485668711136725e+01 9.347996159345497347e+01 8.189178465240549087e+01 6.178701332108683175e+01 5.176372478946974098e+01 4.467080372142152811e+01 5.869000210373936710e+01 4.371741164409738900e+01 6.378790913187100386e+01 6.336169371451328658e+01 8.346712726448896547e+01 8.402807390178315927e+01 9.948043249567942325e+01 9.386514748635482874e+01 8.273705110584675992e+01 6.589015815541779375e+01
5.883922493566802470e-02 2.005883922493531202e+01 3.898227877292823962e+01 4.038511741676403943e+01 2.625161482017075443e+01 2.876992306395792554e+01 2.685203034099830077e+01 4.544179983418488433e+01 3.959703328595632144e+01 5.955231450803915294e+01 5.552569819840264387e+01 7.222846126237179476e+01 8.694635057630533481e+01 6.694916629960755472e+01 5.303005901461673943e+01 4.336746825278788009e+01 5.673566958592571297e+01 5.880579477515955489e+01 3.933566374724900783e+01 5.880579934703246181e+01 6.884874348239299024e+01 8.400395527782733041e+01 9.231465387310036874e+01 9.022552542259634833e+01 8.017081441461222369e+01 7.183937328026308933e+01 5.868998988551912532e+01 3.865373486016915905e+01 5.869000210373999238e+01 7.209846737660647875e+01 8.346616494129743558e+01 9.178986570251133514e+01 1.041661425642818131e+02 9.296440482741039091e+01 8.134365628605119980e+01 6.541643084278764775e+01 5.431391740248237454e+01
1.256007409845548775e-02 1.415469569782928083e+01 3.415469569782857207e+01 5.180588016670751728e+01 4.818608949756909965e+01 4.815486049695308424e+01 4.682399932123433928e+01 4.316237132024388501e+01 5.955231450803915294e+01 6.782231227295025633e+01 7.547023600694144818e+01 8.375577761428006340e+01 8.408257578180923986e+01 8.110813135505522098e+01 7.118103367783257340e+01 5.673566959692367817e+01 3.725311439706030825e+01 5.099058103041279111e+01 3.571703436924290287e+01 4.109811447763280512e+01 6.059877690642606041e+01 6.404253887664702916e+01 8.400341076789126760e+01 7.825413858689506696e+01 6.982072098948445671e+01 6.980278379233791952e+01 5.603613493357831032e+01 3.606089535075999919e+01 5.235838879716298067e+01 5.943538862302100512e+01 6.777303249590089251e+01 7.939410243520528354e+01 9.304333493528932308e+01 8.462510984932032443e+01 6.449950047188848146e+01 5.292657239552330850e+01 4.535396296036314823e+01
9.594114293757748102e-02 2.009594114293722100e+01 2.352160892032544481e+01 3.472469813484398315e+01 4.139136480151076825e+01 4.967563604911105557e+01 5.861990795917473918e+01 6.311637555252089982e+01 7.138791335558335049e+01 8.112098056714519601e+01 8.941777663103407292e+01 8.408257578180923986e+01 6.414935404605046187e+01 6.780731849422744517e+01 6.037232164426077929e+01 5.385499582450190559e+01 5.099028488154552718e+01 3.147314558309872012e+01 5.099058103041261347e+01 6.059877690642588988e+01 5.018108865312428435e+01 6.404254184662174509e+01 8.400443253755388184e+01 6.982165853621232543e+01 4.977095815335512441e+01 4.977070093179678167e+01 5.728315741667494621e+01 4.897951478760150934e+01 3.251231388632140806e+01 3.941973964389915608e+01 5.094884675552783904e+01 7.103033916360696765e+01 7.291027769740456677e+01 8.711902007634780887e+01 8.134365628605119980e+01 7.300558378401051129e+01 5.809065326031092980e+01
7.711341127313005306e-02 4.665428088684385521e+00 9.379473296594744269e+00 1.472469813484327794e+01 2.139136480151006126e+01 3.033563671150937679e+01 4.447777233524082874e+01 6.447777233524224982e+01 6.473916390431024581e+01 6.105743462526081800e+01 7.817185127202390049e+01 8.188935042915976226e+01 6.197434988463480465e+01 4.813607837324011740e+01 4.082028877322412086e+01 3.432493387615947000e+01 4.552737560549199713e+01 2.910854609642066393e+01 4.291733646328505358e+01 6.251650887988376581e+01 6.988924426469110074e+01 7.818144355298754533e+01 7.445697121702552579e+01 6.615796325429440117e+01 5.563088789864767136e+01 3.585551781727639309e+01 4.582790731023307984e+01 2.929739602186787550e+01 4.897958143659278107e+01 5.943459584094378556e+01 6.776938807055988434e+01 7.711223957066378887e+01 5.878634720528953750e+01 7.711223957066378887e+01 8.276641450085679708e+01 7.340571942678779749e+01 5.443512426133784032e+01
2.297228869525369793e-03 2.000229722886917116e+01 2.937947329659510132e+01 3.472469813484398315e+01 3.472469813484399026e+01 4.967563604911105557e+01 5.861990795917473918e+01 6.473916390431024581e+01 4.470002876147160720e+01 6.473916390431024581e+01 5.811292557151379157e+01 7.229145071951649015e+01 7.531996528323308837e+01 6.711448294943984649e+01 5.937799694838658127e+01 3.979025836731157284e+01 2.594383143034188421e+01 4.551537422419116297e+01 4.146237534556950521e+01 5.269210076504214868e+01 7.243734295085697283e+01 8.032186979611695676e+01 6.029480488052286802e+01 4.612992181723910790e+01 5.377937549293906017e+01 4.105510085773205731e+01 2.629479625266385412e+01 4.582783831372018568e+01 4.163209725811579887e+01 5.574029249504118866e+01 7.582442358458825993e+01 6.879815896408616993e+01 4.886358469594205900e+01 6.879815896408616993e+01 7.443495774425713307e+01 5.435187094186908752e+01 4.504704171079615094e+01
9.647730019007895452e-02 9.040451066589852758e+00 2.057610974473341159e+01 3.460705708131266789e+01 5.395493830283463410e+01 6.300896938266873804e+01 7.071386169359004725e+01 5.716508275048650489e+01 3.715381457071080717e+01 5.716508275048650489e+01 4.395209976988117262e+01 6.227197710406014153e+01 6.711448294943984649e+01 4.744575446108314054e+01 5.320659165800574186e+01 4.350748172585630869e+01 2.390892107917354181e+01 4.350446729794401790e+01 5.845809991649376514e+01 6.927655153694172441e+01 8.071812094802052684e+01 7.447764133330383629e+01 7.445696709643920030e+01 5.459626766004124931e+01 3.457383357453802120e+01 4.376423617521491138e+01 2.428845531005729796e+01 4.376423639800754728e+01 6.162279808240894852e+01 6.994601403725222610e+01 7.618900602605346251e+01 6.215333100410811085e+01 4.225614145995267279e+01 6.215333100438229508e+01 6.954898661148173744e+01 5.803722985094911735e+01 3.810512435797959796e+01
3.582433992925927735e-02 2.003582433992890444e+01 3.718449787758790137e+01 3.854433481602632128e+01 4.722509442948084768e+01 5.516564398067853858e+01 6.237987009753964429e+01 4.269861989927837698e+01 3.088954085712738973e+01 4.327249612263494072e+01 3.395673807172238412e+01 5.397007432787683712e+01 6.711403099039168296e+01 4.744574928125936708e+01 3.364824234635923972e+01 4.151616465471150264e+01 2.190531891919292207e+01 3.070680850835714892e+01 4.451022314164062266e+01 6.415886775024696931e+01 6.859561066456421941e+01 5.440099633034277815e+01 6.859448556297311939e+01 5.738917614897406594e+01 4.466449460190141707e+01 2.534718525040396031e+01 2.227582322369446644e+01 4.174742214932079065e+01 6.037395275484924895e+01 7.204051850714736815e+01 6.790948860614257399e+01 4.798267848863967089e+01 3.656877405876821285e+01 4.960481868227544311e+01 4.960481868227545021e+01 5.614209215801935215e+01 4.768247346223341054e+01
1.813270376062421294e-02 1.996874770822195444e+01 2.805222154680030755e+01 2.073406204310594347e+01 3.758686257055732227e+01 3.344297641696288537e+01 4.880446664045567218e+01 4.507864587270575640e+01 4.327249612263494072e+01 2.328891935018204506e+01 3.740862804393609053e+01 5.742912596499407130e+01 6.450615692068704732e+01 4.600421524774630200e+01 3.290780705529224548e+01 2.383382701456915242e+01 1.996663682137839047e+01 3.959905824189988977e+01 5.847018415618128984e+01 6.116970088419972029e+01 5.285627977360130814e+01 4.020650293397661557e+01 5.961765023501023109e+01 4.948131531054971077e+01 3.055994915551011815e+01 1.951131205945993585e+01 2.789657501796120798e+01 3.212020075956458243e+01 4.344665341254452073e+01 6.370070474452667497e+01 7.157515519684322669e+01 6.469987282312180810e+01 4.960481868227544311e+01 2.987573567629273796e+01 4.378175393126335990e+01 3.625700473634287846e+01 4.358183337253866796e+01
2.372884694381488524e-02 1.794523094511116579e+00 9.506060342006882991e+00 2.210360291340099437e+01 2.440997871190883473e+01 1.829831395377426873e+01 3.910504728701933175e+01 2.504587744063908517e+01 3.425648776018360309e+01 1.933710477132170524e+01 3.088682855586698750e+01 5.090246068169000893e+01 6.765878720372836597e+01 4.871823130524051493e+01 3.689842469756550258e+01 1.723952652293106880e+01 3.443064080783763359e+01 4.258230757631695695e+01 5.406728754154059402e+01 4.955966635660160335e+01 3.273101788791169042e+01 3.117038040091852125e+01 5.130355978334095823e+01 5.082596053753230336e+01 3.696889953063923429e+01 1.765422973377976490e+01 3.719701983137213119e+01 5.193514159717310719e+01 6.037395275484922053e+01 6.522872845963560451e+01 5.085664738977247623e+01 6.523480077563606017e+01 5.759022498734129414e+01 4.376155733713297735e+01 2.415348522575368051e+01 2.242169321865651455e+01 2.392610147457530445e+01
8.175220331382776484e-02 4.383249492094886679e-01 1.220773459744007461e+01 1.843391157608257203e+01 5.576158183047379424e+00 2.494217774561196066e+01 2.642319307604080336e+01 1.090823276659208041e+01 1.422361949213573951e+01 3.425600669929516329e+01 4.763955455867297673e+01 5.920304171573656760e+01 5.978510675632281846e+01 3.800860155447972488e+01 2.710726334973505303e+01 3.021872876722215295e+01 1.472316510049332905e+01 2.626723858834622760e+01 3.921536321060465724e+01 4.119269059329226224e+01 2.073304348257839891e+01 4.122936773225258378e+01 4.300340353275544913e+01 3.065460055569221609e+01 3.296254138026804270e+01 1.581271953887502590e+01 2.560773588732168804e+01 3.940961511730568390e+01 5.930064775197646298e+01 5.579609801563470484e+01 3.416661427162244280e+01 5.579655481659127503e+01 5.321301325544227723e+01 3.407112220385369028e+01 2.029651122043052780e+01 3.997794889390868178e+01 4.317793378762988965e+01
9.124702163186203252e-02 1.974026163979583259e+01 9.427248432466553973e-01 1.299476938539561255e+00 1.656428373957584688e+00 8.132619868423345721e+00 6.461276684584325913e+00 2.642318496283893836e+01 3.425648299502542216e+01 4.255262289935881626e+01 5.294432344711847804e+01 5.868634509496050100e+01 6.852909677929326904e+01 5.573497110148140621e+01 4.717784196275412967e+01 4.179766451327745358e+01 3.201251529945949414e+01 1.216819712593593650e+01 2.833264581991826603e+01 3.571397719598174092e+01 1.473502507132470285e+01 2.943979168979697647e+01 2.972870794372937553e+01 2.124008630687395183e+01 1.342179601373532272e+01 3.296254132309811524e+01 4.364631776173398947e+01 5.351205172424923262e+01 5.233177866901877451e+01 4.407783493376413730e+01 2.233810581390061145e+01 3.676131801059827353e+01 4.215466674945091086e+01 3.668184827079667087e+01 1.889814304615193663e+01 2.870965241940259105e+01 4.264449565697386646e+01
2.239863785106879432e-02 1.350343180721327840e+01 2.384779052609955485e+01 1.705731593527223922e+01 2.163439145364398541e+01 2.162181463002226689e+00 2.024617443116093085e+01 2.935027135865854930e+01 4.043041543511432678e+01 3.927068933594867417e+01 3.327453280748603248e+01 5.294433775471271275e+01 6.610684845530072096e+01 6.057998972412288197e+01 5.135113529133207777e+01 4.209753254916713416e+01 3.023590346464530398e+01 1.034792594414038014e+01 2.832144969245970501e+01 2.851458839761704667e+01 8.952890878382191886e+00 9.361929077774087560e+00 1.565054998344902515e+01 2.068402094700128302e+01 1.210749522226150710e+01 3.493232294849269692e+01 4.707181683150733420e+01 3.848064786732808074e+01 3.001924979968267593e+01 2.840522811862665975e+01 1.403465354315188662e+01 1.443942990914996294e+01 3.065787710257673382e+01 1.694671349966255391e+01 3.523153931676299777e+01 4.626454254180985970e+01 5.679335305529102129e+01
1.766589122093755945e-02 1.977444660894206407e+01 3.242793756504099179e+01 4.055141411338313162e+01 2.904762331092524619e+01 6.156498023349472604e+00 2.671792740179855574e+00 1.324993849234379439e+01 2.589648461866497087e+01 1.911208567606244912e+01 3.926928154025547713e+01 3.911917076117561010e+01 5.807127712610829917e+01 5.002731134889494768e+01 2.836122445229320732e+01 2.289087032344131956e+01 2.386770285462897334e+01 8.965929200941685551e+00 7.978887895496410643e+00 8.380389985935057240e+00 1.248976560241718481e+01 2.899539641239939769e+01 9.944311854227576575e+00 1.035765065486752512e+01 1.076782381845769443e+01 2.808593915705080946e+01 3.601468835463762019e+01 1.516281428022370115e+01 1.305959974424099101e+01 1.346343811777095567e+01 2.072603505733493279e+01 2.631178392267235466e+01 1.501253669214528763e+01 2.961204890796462408e+01 4.222471300614289191e+01 5.170077939830278524e+01 5.306765868641839035e+01
