MOVIE_S9_data/elevation_000922.asc
nrows	100
cellsize	150.0
xllcorner	0
ncols	100
yllcorner	0
NODATA_value	-9999
[rows 51 to 67 of 100, columns 37 to 73 of 100]
1.071760222878562843e+02 9.285188871281903289e+01 1.094133402815605649e+02 1.030886941961179417e+02 8.709164578947493851e+01 6.681491257222945990e+01 5.260361936181669762e+01 6.939546180765846373e+01 5.632151174994070431e+01 7.654584252602191441e+01 8.013016432553841639e+01 6.170920015552891869e+01 4.195961698704859799e+01 4.030930388954757149e+01 5.782430858338222635e+01 4.265167522790643062e+01 6.269506567253203855e+01 7.270014466204126791e+01 8.583544132154207773e+01 7.751927948228022558e+01 7.377037488268079812e+01 9.321929929868493048e+01 9.363278734809728121e+01 7.608179710281868324e+01 9.216122985478962448e+01 8.276728113917501162e+01 9.450873026918297626e+01 1.144776690313611169e+02 1.133861856334783624e+02 9.357647581804232573e+01 9.937860548964580687e+01 8.320784483872508019e+01 1.004777643071910518e+02 8.787923212832049558e+01 9.606431554971008779e+01 1.048976184746424281e+02 1.188015780711744185e+02
8.744460002875115379e+01 8.146219182837938888e+01 1.005744110486060805e+02 9.482852154402668532e+01 7.459757980574894987e+01 6.939546175294191244e+01 4.929815422699670080e+01 4.929815422699670080e+01 6.939546180765846373e+01 7.921663974710101286e+01 6.683026713269310903e+01 5.320235737177897306e+01 3.967122493953444007e+01 5.885653948277494862e+01 4.094903678010210513e+01 5.130378115927732807e+01 6.842699124506440000e+01 7.777878618645752340e+01 6.960133997484554413e+01 7.777878623218187215e+01 9.397272111752556611e+01 1.021127154245067317e+02 1.046973773991440453e+02 9.642896795204113403e+01 1.046973773991440453e+02 1.029485968615863811e+02 1.111909406470759336e+02 1.126618308929521390e+02 1.140670476439567267e+02 9.937860548964580687e+01 7.923481932071904055e+01 7.628900812838966772e+01 8.038703110950406483e+01 9.057531196934553464e+01 1.020600835089897203e+02 1.217457298718044001e+02 1.327132633413618237e+02
7.595409647111245022e+01 7.248166993846466255e+01 9.236726337057318403e+01 9.263448420546542650e+01 7.237664224890320952e+01 5.805890938009788727e+01 5.102116069868127823e+01 4.471253743833922556e+01 6.134245462458262921e+01 6.656241292014952649e+01 5.241856115981706665e+01 3.903760266634815679e+01 5.913890755118622167e+01 6.589261387421876748e+01 6.085683475068955772e+01 4.163875904502518921e+01 6.171447272161891817e+01 6.284727796227364394e+01 4.343788701007007091e+01 6.796097675550869610e+01 7.769527998817306980e+01 8.700451647843446779e+01 9.934112152221631220e+01 9.108798976095140176e+01 9.934112152221631220e+01 1.109596857973405974e+02 1.126618308929521390e+02 9.277557704297451835e+01 9.642477261698458335e+01 8.591053826916571268e+01 7.136714777457005709e+01 9.176499700541860705e+01 1.004777643072036994e+02 9.468755506842487080e+01 1.144565659804415532e+02 1.298959581849765925e+02 1.338453342363783918e+02
6.585380996272881760e+01 6.531076262353654727e+01 8.533664438869180913e+01 8.498620269656275639e+01 8.663934163332602623e+01 7.831002659852261161e+01 7.115017547803726927e+01 6.134245462458262921e+01 4.122711842468733323e+01 5.796454259726977654e+01 3.840731236813103777e+01 5.858292880832358662e+01 5.537849744052942214e+01 7.436865444431691685e+01 6.850159230037172620e+01 5.755716227605560675e+01 4.232829692601960403e+01 4.281633980620080848e+01 4.330405011066893906e+01 5.066759325462468411e+01 5.870947156912922082e+01 7.845085849448092574e+01 8.076711613516475552e+01 7.044624250937818033e+01 8.250013177955641197e+01 1.028192219276298118e+02 1.093856106787439444e+02 9.642477261698458335e+01 7.619213628514569336e+01 8.474345458438162382e+01 6.835730436469881965e+01 8.291046587941291079e+01 1.029833069140740065e+02 1.144565659804415532e+02 1.226080940937187194e+02 1.211345572316985226e+02 1.293385639912930287e+02
6.902535708822541949e+01 5.894155809834820303e+01 7.398831792627167658e+01 6.501441763630828063e+01 7.814486621671036914e+01 8.638201858829035018e+01 7.123894858754864856e+01 6.252804201067642964e+01 5.735903496929934420e+01 3.777888237771879432e+01 5.796387558332854439e+01 4.921019098923925128e+01 6.934635585925498447e+01 8.239370356320127087e+01 7.369464912869646867e+01 5.385443486192094298e+01 5.647675494440708377e+01 6.284348486667873601e+01 6.331847947060417425e+01 4.398937350520408529e+01 6.399014803549304986e+01 8.075203851838990943e+01 6.035040449540241525e+01 8.076711613516475552e+01 9.934112152221631220e+01 1.000977916032356774e+02 9.185926166495612222e+01 8.104690537590821009e+01 8.104690537590821009e+01 6.432859432168906721e+01 8.474345458438095591e+01 9.703669566185115514e+01 1.095437546118152312e+02 1.012541961543108755e+02 1.095437546118152312e+02 1.009502790042232334e+02 1.177490951761208748e+02
8.552953567705532123e+01 6.553956015148224878e+01 5.398303765263437271e+01 5.091311692359148111e+01 5.816670873964734767e+01 7.486316972179963614e+01 6.284398237497170214e+01 4.328151892611269602e+01 3.715748487153854285e+01 5.731448573783040246e+01 6.012726315072248440e+01 6.934659751903615188e+01 6.342696568548133484e+01 8.363805490345730220e+01 8.199604298227475851e+01 6.539436124109900561e+01 7.649261533824093817e+01 7.632668201013787268e+01 6.446737813887605739e+01 4.447135001350878269e+01 6.436191573431601398e+01 7.446372918664901874e+01 5.433463940442107543e+01 7.483840775260433986e+01 8.962331910552656211e+01 9.185926166495612222e+01 7.160151885188194854e+01 7.753487435029839503e+01 6.071964514187654771e+01 8.104690537590821009e+01 9.302077761659033683e+01 9.273154547701528827e+01 9.654652432996600453e+01 7.973264172308206810e+01 9.960353372580524933e+01 8.838725780949940258e+01 1.084640669395244288e+02
9.375244988919584443e+01 8.223458387676664927e+01 6.553956015148224878e+01 6.661047163664848370e+01 4.670988611165028459e+01 6.270764571640654594e+01 6.900127683503468745e+01 5.563627094369520876e+01 3.671235848661238776e+01 4.509140889540423558e+01 6.246202715093182434e+01 8.550800499359719709e+01 8.363825022612284954e+01 9.193787492447314946e+01 9.328972059492119229e+01 8.521165176446095302e+01 8.429971039652710374e+01 6.810603164013708977e+01 4.940781784672255839e+01 4.495003843341744698e+01 6.493912306101741194e+01 6.472582323682803462e+01 4.751178056698370256e+01 6.083918477440631278e+01 8.129892067448965065e+01 8.255571839622950847e+01 7.423440317247091969e+01 5.732377778727131101e+01 7.753487435029839503e+01 8.934322952753726099e+01 8.715694778643891993e+01 7.384020715661252154e+01 6.139817719253250061e+01 7.165656589498711071e+01 8.894839177107081696e+01 7.784910441397491354e+01 1.000476794748338563e+02
1.050279978167741746e+02 9.375244484418179525e+01 8.552953565473004005e+01 6.661047163664849791e+01 6.270764571640654594e+01 4.278559222065177892e+01 5.897141757115797134e+01 5.630060081017831664e+01 3.626024618577994119e+01 5.435410961438000044e+01 7.085667014899787830e+01 7.729462179654831289e+01 8.545563314662562959e+01 8.689132857600800719e+01 9.501835740261662977e+01 9.515953527545732982e+01 7.604723668900939515e+01 5.637124634467506468e+01 6.800690797520363162e+01 5.252517037719218962e+01 4.562435781743155161e+01 4.609940410397829424e+01 4.657542959810611194e+01 6.657232474813436340e+01 7.551457229227031576e+01 7.105417897700533558e+01 5.412097253326821544e+01 7.423440317247091969e+01 8.584965522755702239e+01 8.509133515709471851e+01 7.670711275294912923e+01 5.862706234199364275e+01 6.008830304552412827e+01 8.036891483001150505e+01 6.762430565806775462e+01 8.660380256238076413e+01 9.001842397998757406e+01
8.937622034906708279e+01 9.779412441125573707e+01 9.478695327094109757e+01 8.264055587142124182e+01 6.270764571640654594e+01 5.898873590784955923e+01 3.897095475216315208e+01 5.451753554227781962e+01 3.579929029934625362e+01 5.605802482511818852e+01 6.281973428027691853e+01 5.736000065186608055e+01 7.283632681214562865e+01 6.701455446239577896e+01 8.689132857600800719e+01 8.694277564157961535e+01 6.659705644499594257e+01 7.010290185647377825e+01 8.115834979831656426e+01 7.147854487641623678e+01 5.370725867048451363e+01 6.609113690273198927e+01 6.656413961765896659e+01 4.724685645124139910e+01 6.711597842685951321e+01 5.099794670453702139e+01 7.105417897700533558e+01 8.255571839622950847e+01 8.307798284735423522e+01 7.472119279067446485e+01 5.662457640463172481e+01 7.676843634635986291e+01 8.036894037564935900e+01 6.218227008155854207e+01 6.373508399039044292e+01 6.650680700504460674e+01 6.939483094143949415e+01
6.902304475226611657e+01 8.937622034906708279e+01 9.427507703644347714e+01 8.329407608485145431e+01 7.526687297723617576e+01 6.425950596696864636e+01 4.617152287409624734e+01 3.514165619597165602e+01 4.986553699367440373e+01 3.995178766204331566e+01 4.289706278897995162e+01 4.589721332005709797e+01 5.289318926277022115e+01 6.701455446239579317e+01 8.689132857600800719e+01 9.532855657713233200e+01 7.832743031960144720e+01 9.039813046100361760e+01 8.810581431081028825e+01 6.790932287616803364e+01 7.382473826119863247e+01 7.548015858613908335e+01 5.533196765461211442e+01 6.724511128081674372e+01 4.792089848647086114e+01 6.793487764967339615e+01 7.695507393456058765e+01 8.105831068498426362e+01 7.270691139429609962e+01 5.464756728818561271e+01 7.472119279067446485e+01 7.304492006925552516e+01 9.091656380923541292e+01 7.661632976783843674e+01 8.417130467478267519e+01 6.652057398257024090e+01 8.699885923799018883e+01
7.012468461328667502e+01 7.850581023067850595e+01 8.604432866150921200e+01 6.737722784002640708e+01 5.738598028583608368e+01 6.566727644456216240e+01 5.538218671502282575e+01 3.467228081343061064e+01 5.382973138403288260e+01 5.970818729324621188e+01 6.282067638038855506e+01 6.578536291250090073e+01 5.084390369811291066e+01 7.076565066419843220e+01 8.427409762200660737e+01 9.571034549212971854e+01 9.871155621377721445e+01 1.070575987053551472e+02 9.635389613737659431e+01 8.810581431081028825e+01 8.502908908472147687e+01 6.477388882850299012e+01 7.548069611441241022e+01 7.610059660880190791e+01 6.747436058732348840e+01 4.861425100163503288e+01 6.864146026542401557e+01 7.076457017391821580e+01 5.267193544217256829e+01 7.270689749379783962e+01 8.307790890376834625e+01 9.333616868777880882e+01 1.016306782294173843e+02 9.694225433107487788e+01 9.530634192131049076e+01 8.107494194788098696e+01 6.941102482303131183e+01
5.076603815356671845e+01 6.584907487070609022e+01 7.417358567149716464e+01 8.329407608485107062e+01 6.570634822553449794e+01 4.801805437123610432e+01 5.410630880313392055e+01 3.419976496269296007e+01 4.585097248910019374e+01 5.911581892390378101e+01 7.707744218906817935e+01 7.895390612252690232e+01 7.076565066419843220e+01 5.611632773276643604e+01 6.769737363833705501e+01 8.759864276591918042e+01 9.639651849627696834e+01 1.077031711585428866e+02 1.081947203968256872e+02 8.823186380219806324e+01 7.650796594077823443e+01 8.502908908472147687e+01 8.602672198159589811e+01 7.308141027243411258e+01 5.298916154555949731e+01 6.864569012701126383e+01 4.932038709424972467e+01 5.070356632163636590e+01 7.031451676375928628e+01 7.254017873236081471e+01 9.213506770842131743e+01 9.391973105085723716e+01 9.391973105085723716e+01 1.138181576961287504e+02 1.095364630973244431e+02 9.817596853634280762e+01 8.989798739681668849e+01
5.497370943085444850e+01 4.671162342269002465e+01 6.205929607108859614e+01 7.032817133792499931e+01 6.656141702758665701e+01 5.071271159544951246e+01 3.945300966489757144e+01 3.372869951251360732e+01 5.547158266582649588e+01 6.894881105538436827e+01 7.623296774801249853e+01 8.439470802246397341e+01 8.427408098943324433e+01 7.607552032434939804e+01 6.227200458980441056e+01 6.836511483736882155e+01 8.000764143711054999e+01 9.961540409997950007e+01 1.163695811442333934e+02 1.048824061417920319e+02 9.666915976812344979e+01 9.100831806633048870e+01 7.771768252648682562e+01 5.750863774799393724e+01 7.308141027243411258e+01 7.768177004679264996e+01 6.936029578440826526e+01 5.008347223606104848e+01 6.970129285393068130e+01 7.866010678364843045e+01 8.116790792011168776e+01 7.375992989868460370e+01 9.391954262586558855e+01 1.016188039311237787e+02 1.098355579207114374e+02 1.091747757365028804e+02 8.919225631076029970e+01
6.584907487070564969e+01 6.205929607108859614e+01 4.293141979129869412e+01 5.844446837419876317e+01 6.651760843725075745e+01 5.362342334782759679e+01 3.307178599897297744e+01 3.374027654617923844e+01 4.203533667660299500e+01 4.807976694024393538e+01 5.486669039201023423e+01 7.029358708484447504e+01 9.061080823814295115e+01 8.892058942656926490e+01 6.901163927509996654e+01 8.829485704836581306e+01 8.109504486644671317e+01 9.500189184127019359e+01 1.144018234095881041e+02 1.081776053637171913e+02 9.662034159259044941e+01 8.272307101878654123e+01 6.239108392523842639e+01 7.771768252648682562e+01 8.602672198159589811e+01 8.290926282561046889e+01 6.269926161586420932e+01 7.012677136148271018e+01 5.085264109860477788e+01 6.916176139415269120e+01 6.098084248719065670e+01 7.527136203664940695e+01 9.540916449346501338e+01 8.151343802418982420e+01 9.827015381148700612e+01 1.072729367581173818e+02 1.091538490356556821e+02
8.587187444306982798e+01 7.032817133792525510e+01 5.844446837419876317e+01 3.914494287567975306e+01 5.497654947329952790e+01 5.315176675202818046e+01 3.262014834375241890e+01 4.007002292067739546e+01 4.757005994739834875e+01 6.655952859357799412e+01 7.623296774745897153e+01 7.029265681826828427e+01 9.057414695931414883e+01 9.703477137547733378e+01 8.064286174816989217e+01 8.533876805562191237e+01 1.006840002430755732e+02 1.087756707017898208e+02 1.132762713480514378e+02 9.998853358891311416e+01 7.986820630170272750e+01 6.800434415413877787e+01 7.416899127382006895e+01 9.100831806633048870e+01 9.933179781857376156e+01 7.921839194277185925e+01 7.529056031159267093e+01 5.516274050692534558e+01 7.089810536776636241e+01 5.163767978562243144e+01 7.168227283590671561e+01 8.079139061199116156e+01 8.092120635238609339e+01 6.968971582035408119e+01 7.886622521675163000e+01 9.320504941230696261e+01 1.131777209123376906e+02
7.522490119780029261e+01 7.815597489560495603e+01 5.844446837419874896e+01 5.497657130846455686e+01 3.536881713224394019e+01 4.453425608522798029e+01 3.217946204121122378e+01 4.779915072182448199e+01 6.600015502881568352e+01 6.104832993286382248e+01 7.986478064918198072e+01 9.057414695931414883e+01 9.849675922665956307e+01 1.083439773929535903e+02 1.002409103746686725e+02 1.048871978679348871e+02 1.130124601248269016e+02 1.190755229186245003e+02 9.932225628576827603e+01 8.513530868031845955e+01 7.487300361794304138e+01 7.986820630170272750e+01 9.440816125640874645e+01 1.026257350755583388e+02 1.075405988498300900e+02 9.164507292342796063e+01 7.848972521183794981e+01 5.825742257240201383e+01 7.848491610630412652e+01 7.162801035504081426e+01 5.242633139411912424e+01 7.247021113469433828e+01 6.065403002856982795e+01 7.499892714827558393e+01 9.521873404397588558e+01 1.072729437990975327e+02 1.111498091513472417e+02
5.500470122389828731e+01 6.091714466385712257e+01 5.735569736869243940e+01 5.129660593025488424e+01 5.154913801879395407e+01 3.157025004432443893e+01 5.213956351965871505e+01 6.309499387495971945e+01 7.527082769480416857e+01 7.986426977642472025e+01 8.756498235946864384e+01 9.128292997862175184e+01 9.547595074648529589e+01 1.004826438798925352e+02 1.026516938376048955e+02 1.108609771607156063e+02 1.207757209094175863e+02 1.180360384836043579e+02 9.827554252976590021e+01 8.406905262676494317e+01 8.669178006404341374e+01 9.998853358891311416e+01 1.081776053637171913e+02 1.085244995757759625e+02 9.696580877346917759e+01 8.335961567594155497e+01 6.298740225258220704e+01 7.848972521182069784e+01 8.678182287799307915e+01 7.246487201950952795e+01 7.239708128552528876e+01 5.321389866454106254e+01 7.324924909679805296e+01 8.087515592151711985e+01 9.033083473214260550e+01 9.789244487158163111e+01 9.262198820164255153e+01
