MOVIE_S9_data/elevation_000850.asc
nrows	100
cellsize	150.0
xllcorner	0
ncols	100
yllcorner	0
NODATA_value	-9999
[rows 0 to 16 of 100, columns 37 to 73 of 100]
5.948746022456838034e+01 5.863012791510305277e+01 6.694276199298418817e+01 7.851462218983409969e+01 8.900110980906671898e+01 8.077910018157510308e+01 8.077910018157510308e+01 8.368622323931148799e+01 8.368663204055516758e+01 9.191507333685268577e+01 9.686138505899390339e+01 9.087911311182803331e+01 8.645868573814797742e+01 7.802400209357288929e+01 8.645871829836326583e+01 8.372459352357456908e+01 7.515911422411384990e+01 7.515911422411384990e+01 7.707138200069609013e+01 8.564936570876434985e+01 9.478231861733529229e+01 8.692024976017688687e+01 9.478231861733529229e+01 8.987819022386813117e+01 9.772901693359395381e+01 9.887292549180494916e+01 9.301980669321191897e+01 9.301980669321191897e+01 1.013007803701086260e+02 1.035267357137519895e+02 9.499203244613411812e+01 9.739233593479073647e+01 1.031525096051633028e+02 1.054207075357955716e+02 9.690214936615041097e+01 1.054207075357955716e+02 1.138993998468857427e+02
3.957670074054907872e+01 3.872797157870281382e+01 5.016946933272931375e+01 7.018760247137240071e+01 8.077910018157510308e+01 6.089475960394594978e+01 6.089475960394594978e+01 6.381184091745797815e+01 6.381184228117297152e+01 8.368659745434196395e+01 7.640897705073767554e+01 7.041540663580923365e+01 7.630963400671220143e+01 5.775286577422654943e+01 7.630965754767980513e+01 7.515911422411384990e+01 5.496898634409054551e+01 5.496898634409054551e+01 5.683207300415850938e+01 7.388475522631235037e+01 8.515754249362936434e+01 6.755934075943601158e+01 8.515754249362936434e+01 7.057763613657004953e+01 8.664451213947558017e+01 7.896741375511501815e+01 7.314672201635934812e+01 7.314672201635934812e+01 9.301980669321191897e+01 9.220083933727379133e+01 7.578406871174364312e+01 7.844240519286796598e+01 8.404335286164096885e+01 9.506018089007670824e+01 7.611671294438900759e+01 9.322640982257046005e+01 9.322640982257046005e+01
2.815609742683086125e+01 4.799197787669996274e+01 6.694276199298418817e+01 7.552613346315357035e+01 6.729920097550196090e+01 6.671874811971063934e+01 4.684283537239632267e+01 4.975025455693316445e+01 6.963291272763481743e+01 7.780717969236003739e+01 7.579087985420714801e+01 5.611917620137415241e+01 6.788843371244308855e+01 4.769062635833659414e+01 6.788843382733440990e+01 6.688332313044955413e+01 6.088253561547807635e+01 4.096181900779740204e+01 4.538671707056171556e+01 6.538621150333310084e+01 7.723979525980647054e+01 5.766623704529024508e+01 6.745301615254831518e+01 5.919402334216376005e+01 7.873501012501475316e+01 7.896741375511500394e+01 5.918820213616254478e+01 7.271267785127936634e+01 9.257824998388952054e+01 8.385132879474676315e+01 6.639507774163551801e+01 6.513374433433979505e+01 8.338737957917915367e+01 8.650943115523884330e+01 6.582015486548893080e+01 7.248889915310510901e+01 9.140767511086424690e+01
3.438908754579490790e+01 5.426874857963660759e+01 6.938669498937937874e+01 6.406311478629542933e+01 4.744758679285759229e+01 5.309015345426303867e+01 3.988737529229110379e+01 5.969155177676157109e+01 7.192905018288317365e+01 5.760762300082696186e+01 6.733489922550161566e+01 4.740045491222727492e+01 6.115583122525708859e+01 4.102592456018401634e+01 6.115583126786675905e+01 4.682020224925815910e+01 4.682021775266855457e+01 3.398597528593194994e+01 5.383949800891612369e+01 6.871993496381621469e+01 7.690316077427286245e+01 6.745301615254831518e+01 4.769833874264310936e+01 6.174504514588918624e+01 8.123327645160227917e+01 7.271267785127936634e+01 5.291731638940483862e+01 7.271267785127936634e+01 8.539446385329499378e+01 7.729516228026047031e+01 6.914953743516670670e+01 5.646152211061186676e+01 7.545509399979944476e+01 7.868961974540688686e+01 5.806668926916449891e+01 6.219931880447272476e+01 8.285765448783789111e+01
3.809019194243014539e+01 5.350151397504426853e+01 5.096227648491123574e+01 5.144652342068900452e+01 3.605952242487610704e+01 3.333223295487043458e+01 5.309015345426303867e+01 6.260701195516303841e+01 6.351861930567679337e+01 4.374986194860363753e+01 5.101826065061640492e+01 4.062577574895098564e+01 5.534482766209630711e+01 3.529268506238412328e+01 4.776583021427958187e+01 4.298048179730707119e+01 2.699754367962793467e+01 4.681424832357190979e+01 5.458189540932853134e+01 4.874648216784176213e+01 6.864644062000348868e+01 6.292098230731266995e+01 4.313646665959859661e+01 5.718769179616096210e+01 7.676237036318484286e+01 6.760153749967967940e+01 4.777972064864727741e+01 6.760153749967967940e+01 7.742665562978433513e+01 5.828683584731866318e+01 5.934674557040676035e+01 5.118034930434068031e+01 7.037902294508717205e+01 7.181530958667792675e+01 5.110597214720306170e+01 6.575908373820348629e+01 8.643633216685945797e+01
2.587762103754891285e+01 4.474820854805983572e+01 4.769171722503984512e+01 3.178432773097999586e+01 2.718452640464879977e+01 4.697341674620616914e+01 4.489197118087155758e+01 4.436429256883153727e+01 6.170921459034744316e+01 5.099696324488289889e+01 3.154070608008451870e+01 4.434397641515126054e+01 5.239407257551388852e+01 4.735298197139524490e+01 2.779870280980644637e+01 2.339532799580477374e+01 2.265381956649607886e+01 4.240964326859239719e+01 3.467920698495352383e+01 4.894749279449174395e+01 5.730528159092818896e+01 5.331894037431267463e+01 3.901548363457480662e+01 5.304447913854794194e+01 7.269520094340589367e+01 6.292949046274537750e+01 4.310687543663609489e+01 5.666102919642707292e+01 6.476693388433427856e+01 5.813347713514939841e+01 4.438143242743534955e+01 6.370742855719539222e+01 6.963176563695145660e+01 6.107132733761550014e+01 4.645569831834301056e+01 6.718456095831000141e+01 7.381343097577533285e+01
3.479855160460864738e+01 3.972307726970209529e+01 4.081926848826694254e+01 2.181692852764927437e+01 3.715518941654974583e+01 3.747254843456444462e+01 2.867965861741640055e+01 3.652653306424010538e+01 5.078636483139798230e+01 4.325577710981774260e+01 3.987538179941012118e+01 2.478257038253468281e+01 4.054558653240405874e+01 3.746908936880646479e+01 4.136349479254485573e+01 2.208019665682323662e+01 4.188550344815639193e+01 2.322353691399083431e+01 4.308495551179446181e+01 2.641773974581020923e+01 4.877870549893570029e+01 3.355292304026021100e+01 5.330676437485788455e+01 6.082153671416286045e+01 5.322645811379577196e+01 6.069769081368019670e+01 5.666102919642707292e+01 3.689113877673448627e+01 5.285930436072272443e+01 3.869986115674537075e+01 5.813347713406996320e+01 6.450505222801498917e+01 5.585569564133616893e+01 4.071988535691149025e+01 6.107131736821238377e+01 7.565738069667251864e+01 6.523248231044014744e+01
1.534084133620649304e+01 3.378605626036129195e+01 3.563442679560598236e+01 2.139954186089018151e+01 1.705933403748306887e+01 1.745325538501905527e+01 2.668448434980175321e+01 2.574302926617516718e+01 4.077711313509833246e+01 1.942138048218764723e+01 1.983718706349848304e+01 2.025336297690225251e+01 2.066995743240728345e+01 2.108705726852155493e+01 2.150085779769138483e+01 2.603947963909242347e+01 4.778932859483139595e+01 3.513531539792284519e+01 2.379255021697969141e+01 2.419574853504498790e+01 4.377121013812476491e+01 2.988985966295100027e+01 4.698293850934974358e+01 4.672170256483346407e+01 3.427497293555762781e+01 4.694746451529096021e+01 4.805500296998554433e+01 3.291762817896041327e+01 3.339615228058862328e+01 5.031388362535816583e+01 5.137850315554586444e+01 5.202285363516762118e+01 3.607367122713120722e+01 5.446570111933696268e+01 6.786335223260724092e+01 7.036365438665188776e+01 6.530054278831717340e+01
1.899253293609321958e+01 1.582148191616765409e+01 1.616498344679971666e+01 1.651333446477412537e+01 3.606277004126583563e+01 3.728482831585456836e+01 1.802055330796810040e+01 1.842611082256930999e+01 1.883582129812690553e+01 2.869310309977415230e+01 3.935756721883183928e+01 4.028254071571175388e+01 2.400397546943112204e+01 4.067018939577271652e+01 2.637152899225364422e+01 3.166841721105530283e+01 5.177207659692310671e+01 4.998565874997451886e+01 4.371200886184188050e+01 4.363171821390409377e+01 2.476770892031410298e+01 4.405723517061011307e+01 2.591002671099347054e+01 2.632398311611271069e+01 2.673469018796738084e+01 2.748725287508271364e+01 2.824078766052388900e+01 2.899541669521811471e+01 2.976432366124545226e+01 3.055086994438696735e+01 3.133692085908879932e+01 3.212334407491024280e+01 3.290562567631520352e+01 5.282243529378241220e+01 5.482706215227268132e+01 4.973305245648299433e+01 5.651033910069735811e+01
3.961317721112322232e+01 3.630860264242735980e+01 1.916949048862745641e+01 2.031642271403359601e+01 1.781322918552169199e+01 3.775843028955014091e+01 3.948263877029119584e+01 3.255955795886630000e+01 3.054844281415089569e+01 2.948018580899781327e+01 4.549970155890064660e+01 4.706298085273015630e+01 2.732842738522771597e+01 4.698229650357814791e+01 4.729656025923160456e+01 5.166795703280864416e+01 4.589150739979998406e+01 6.603582718588801015e+01 5.490388540759307290e+01 3.827889242511282220e+01 2.526000175713591034e+01 2.533081147683913770e+01 3.885580614696688428e+01 4.495479554613496731e+01 4.612841200951231002e+01 2.742140634296832502e+01 4.730079694530849110e+01 4.388851433393355705e+01 4.826253508855548091e+01 5.006605075281311912e+01 4.008465794486352962e+01 5.199454973125283175e+01 5.245905932042834507e+01 3.402961844474067021e+01 3.483190549663786584e+01 3.563331235139075659e+01 3.643911523894422544e+01
4.231423800286424353e+01 2.969370600044586794e+01 4.119740307990810635e+01 3.790704491092252937e+01 3.758277869780758351e+01 1.913042667393412088e+01 3.215588500098485980e+01 4.111850819841871640e+01 4.374990714961445804e+01 4.157325581317449092e+01 5.667757282471662705e+01 5.539488515455354189e+01 4.709677246282431184e+01 3.233601171738474278e+01 5.209022007872692228e+01 6.606885167795799418e+01 6.603583783076504687e+01 7.439725770026566920e+01 5.516515342587833715e+01 3.367722613918236618e+01 4.808086197868171041e+01 4.456439006149941662e+01 3.926779482503826557e+01 5.187345207897746491e+01 3.522169903717568928e+01 3.923705414720329543e+01 2.811067062454775822e+01 5.190035936914100034e+01 6.898690658233290662e+01 5.984947277515384201e+01 5.414397172249388746e+01 6.065207759880699712e+01 4.052799228854189550e+01 5.398855906288488882e+01 5.482717133144149813e+01 5.567012161863277697e+01 4.090538274555306231e+01
5.091398632284392534e+01 4.231423800280531111e+01 5.796278623700570876e+01 5.133549273067909269e+01 4.718720636674463265e+01 3.905612468987823860e+01 2.045524957148076695e+01 2.217201294198048345e+01 4.203568156074512530e+01 5.252317699012979091e+01 6.569065293055196264e+01 6.852497289108653433e+01 4.839659367189173622e+01 5.209022007873877413e+01 3.785827760748639292e+01 5.765785670227009518e+01 7.247580597298511407e+01 7.987198907181640095e+01 5.632603172025127236e+01 4.064693005733076347e+01 6.218936874438322349e+01 6.321923291582143634e+01 5.515126566133933750e+01 5.810123520584706114e+01 4.074268039692935162e+01 4.666964068531737553e+01 2.859856102285503354e+01 4.361863708098917414e+01 6.690813202546003424e+01 7.910386417752120281e+01 7.366675982475769047e+01 6.071895923313152110e+01 6.071988801327962193e+01 4.833853374049327556e+01 6.871036778475621531e+01 6.567074319000111871e+01 4.588122146166713833e+01
7.111767427523143681e+01 6.266145813432748213e+01 5.090881443665792006e+01 3.270616659370737267e+01 4.191118297828106876e+01 2.205184646155886696e+01 4.036052981633537939e+01 4.203568118855116609e+01 2.464391763307406791e+01 4.442617346449053173e+01 4.572465756708638907e+01 6.656403286149974008e+01 6.852497289115837020e+01 5.765785670227010229e+01 5.765785670227009518e+01 4.416505820753907585e+01 5.785838239713726949e+01 7.718677906297465086e+01 7.115215690672449966e+01 5.027730132591035073e+01 7.115215690670210336e+01 7.863700068598899406e+01 6.100170423666151720e+01 5.102621638865462472e+01 5.670353629924919403e+01 4.869309819513802751e+01 2.908694365192253173e+01 4.770819253997181164e+01 6.124210942331686880e+01 6.834279381583900204e+01 7.662519020671236092e+01 8.118651031674480123e+01 7.488404177938606665e+01 5.440824920432550726e+01 7.488404177938606665e+01 7.343790354166782208e+01 5.313463652480326971e+01
6.842199698542972897e+01 5.438815198112341420e+01 4.457890034932194112e+01 2.481925273706618640e+01 2.367230226663996362e+01 2.761639255918208491e+01 4.882555932767625251e+01 5.266648982396985446e+01 4.443313234293920999e+01 2.713633288064877291e+01 4.686878809332306872e+01 6.305398091347463918e+01 7.162545499883424327e+01 7.791090463900657426e+01 7.247581368177620220e+01 5.553347667289305889e+01 5.251838751501620095e+01 7.238609559438062035e+01 8.105760210468567095e+01 6.567791044696338076e+01 8.125014984568039722e+01 8.621053596517522521e+01 7.591918760858004589e+01 6.508703935758386194e+01 5.722139339946399872e+01 4.941669773572109392e+01 2.957539225233036717e+01 3.525231619765749258e+01 4.119862897602889262e+01 4.825925617547217428e+01 5.987095355294602683e+01 7.991555923711349863e+01 8.215587223455355570e+01 6.158851152388090355e+01 8.215522047080710877e+01 8.202989177102105600e+01 6.313496400488813975e+01
5.443668024339505962e+01 4.035466786288954211e+01 2.644144349862204990e+01 4.457891839992203131e+01 4.346988512287173023e+01 3.760925732525807774e+01 5.669720776338814971e+01 5.834517547349686595e+01 3.583960399644766426e+01 2.891769767338229258e+01 4.821541776227613951e+01 4.286092750937431362e+01 5.713044184787675306e+01 7.832393777128298495e+01 8.416429722795996327e+01 7.572376776424054867e+01 6.141158402331718946e+01 6.664115514082089931e+01 8.641091021038664621e+01 8.846777972640047949e+01 8.624817106651099152e+01 7.465459347582984151e+01 6.635402934903117966e+01 5.731889799403418095e+01 3.765490549102106854e+01 4.987767004779905733e+01 3.006548380655603125e+01 4.991438664030805938e+01 6.122282139055791816e+01 6.834273848744366830e+01 7.662519020671241776e+01 8.818390367902840410e+01 9.065141587345685537e+01 7.343995843028341142e+01 9.065024177063698119e+01 9.236455841829199187e+01 8.384697032393030725e+01
3.423718700008800653e+01 2.807801617345363709e+01 4.615746333292154446e+01 3.695139690647895492e+01 5.672907880002381376e+01 5.739622882717817731e+01 6.566665993620399888e+01 5.899718234613223444e+01 3.913138070321837603e+01 4.862899821449737203e+01 3.153598271923013385e+01 5.122635513356506465e+01 6.973953753256090238e+01 7.225539718833880443e+01 8.049173589694461839e+01 9.003292867005582423e+01 7.306521009603564210e+01 8.671497645869092707e+01 9.495354952145942207e+01 9.258800427337946815e+01 7.797097945983249190e+01 5.784984170072880261e+01 4.621480915963943659e+01 4.249578172602838322e+01 5.254593062455705166e+01 3.026804158775092901e+01 3.055776176279642797e+01 4.512503774254578559e+01 4.717037632658058754e+01 6.112914295175602319e+01 8.114604899920699665e+01 8.991452383614378618e+01 9.818465459335079970e+01 9.406211878796193560e+01 1.025255650551718958e+02 1.029965001202623540e+02 9.472950409826749762e+01
2.971607505926985127e+01 4.776488980268646856e+01 5.600043408079770302e+01 5.672907719689452932e+01 5.089516819991297325e+01 7.081338489248341261e+01 7.326096201707893840e+01 5.316493922190043264e+01 5.905092802081907166e+01 5.322485115851367254e+01 3.343897923047301646e+01 5.251833738273158758e+01 5.802142496607311983e+01 5.233754473590990131e+01 7.226399608617317938e+01 8.607232824729300091e+01 9.337405174510529093e+01 1.017389229623692302e+02 9.921277014064870059e+01 8.432334182880015305e+01 6.423540822010748741e+01 5.257701213639601434e+01 6.635403515821242593e+01 5.658639470603405641e+01 6.090349094367643090e+01 5.254823115061959982e+01 5.040628922605520046e+01 3.125714950479162368e+01 4.265472242033964534e+01 5.683028909600651701e+01 7.731788094043386650e+01 6.990551025566657017e+01 8.663974226171045245e+01 9.315908075842634162e+01 8.730972308017152272e+01 9.300562257474526007e+01 7.473803107050402161e+01
