MOVIE_S9_data/elevation_000416.asc
nrows	100
cellsize	150.0
xllcorner	0
ncols	100
yllcorner	0
NODATA_value	-9999
[rows 51 to 67 of 100, columns 0 to 36 of 100]
6.455108993161302877e-02 2.006455108993125691e+01 1.722818273690159785e+01 2.873113762754106659e+01 2.603556204584358724e+01 2.697596571078150518e+01 3.927796249501739823e+01 3.560789376832243391e+01 5.226918492785918602e+01 6.055347411847559158e+01 6.949775470565700175e+01 7.903416965171004449e+01 7.073544264204393528e+01 7.903416965171004449e+01 8.762909862625448909e+01 7.620074728353512228e+01 6.818444937538704664e+01 5.433868841640506275e+01 5.387759697847842233e+01 7.390751238414364366e+01 7.507209453945360167e+01 5.745420179940813910e+01 5.406980490897053215e+01 6.518943931604286490e+01 7.872984754652944162e+01 9.786004478975326037e+01 9.722990460973761628e+01 8.445933885994921297e+01 6.426174247237705117e+01 5.009996324669131695e+01 5.718085285953420538e+01 6.276721486765658398e+01 4.272881805045256698e+01 6.276598841697815345e+01 5.958982400460142514e+01 5.940305609680811472e+01 4.456108856672002361e+01
3.995603441288197999e-02 2.003994472796281201e+01 3.722815367537575071e+01 4.551164098165239125e+01 4.603556138309046730e+01 4.697596667772967294e+01 5.526027207454919221e+01 5.560789564975591759e+01 6.389219129128701979e+01 6.272714095325313366e+01 6.556374728695655563e+01 6.902101391587540036e+01 5.071268832969411733e+01 6.902101391587540036e+01 7.951049145455817779e+01 8.779314619507142936e+01 8.101827580580879840e+01 7.310846613713273712e+01 7.391068583411959025e+01 8.393788857391311353e+01 8.470764003188632785e+01 7.104217194754831155e+01 6.269820587798095346e+01 6.316131475306624310e+01 7.421671252494698479e+01 9.347355048125724863e+01 8.889427556509257045e+01 6.869310583054459585e+01 5.858688897014754104e+01 6.426174247237705117e+01 7.731841017528869031e+01 6.717403889619353663e+01 4.699331832108286733e+01 5.862042085483271592e+01 7.885724263974783810e+01 7.171897878300697471e+01 5.784095606303487358e+01
4.804567899273937126e-02 2.004804552509183679e+01 3.162726060957541918e+01 5.154932450655353904e+01 5.978659388588053503e+01 5.619947900063598922e+01 4.985155043632224903e+01 5.140258365402944207e+01 5.717953931660748168e+01 4.344903103795813593e+01 4.441598756918547508e+01 5.075142358156785605e+01 4.077946967891536190e+01 6.072406548589225395e+01 5.957121255263548676e+01 7.208933334310395935e+01 7.990672456021236769e+01 7.940451295893971917e+01 8.103668429806494089e+01 8.982705545383571177e+01 9.837310811689334855e+01 8.992004524752381656e+01 7.375310980084707069e+01 7.421671252494698479e+01 8.235560990344045251e+01 1.015427777194815775e+02 9.722990460973761628e+01 7.879369069781867552e+01 6.869310583054459585e+01 8.445933885994921297e+01 8.369531301260821010e+01 6.346096726967478219e+01 5.303873284998019244e+01 6.717403889619353663e+01 8.723394568012855643e+01 8.559700150297797450e+01 7.172405222778493794e+01
9.707512844716031930e-02 1.164399955922846530e+01 2.994489795063797288e+01 4.411583396951572666e+01 4.080338789545187694e+01 3.442612855035627462e+01 2.815426297256521337e+01 3.016776732924594739e+01 3.794653713275983620e+01 2.995929473195299764e+01 3.200475679851479072e+01 3.089323442018777754e+01 5.075176758240710484e+01 4.333787959041465143e+01 5.660084223716839347e+01 5.303075620877906715e+01 6.455383787151376396e+01 5.189402475661881908e+01 6.119716431140736290e+01 7.560162702934627532e+01 9.575666528431541735e+01 1.010735808466336039e+02 9.300589916944726099e+01 9.347355048125724863e+01 1.015427777194815775e+02 1.097763485869930520e+02 1.072918989549842195e+02 9.722990460973761628e+01 8.889427556509257045e+01 9.722990460973761628e+01 9.207817210007104336e+01 7.336386550813776353e+01 6.018523783726180199e+01 8.039015866404618293e+01 9.579191651572320154e+01 8.228852142451519569e+01 6.252420932086934613e+01
5.001202446392439237e-03 1.689305044579431980e+00 1.583144207227122813e+01 3.239013213662220636e+01 2.706662957100319389e+01 3.089542744240057814e+01 1.376628829366936202e+01 1.585143229513265695e+01 1.798343892400345823e+01 2.015274149325417952e+01 2.241750086186599589e+01 4.241015344036210877e+01 4.888168999390114777e+01 3.335166196047457277e+01 3.669984280032392832e+01 4.055127767783690018e+01 4.462967671296200933e+01 4.986511463882341388e+01 6.335404919778034127e+01 8.315270251095193998e+01 9.426499838868689096e+01 1.058152894503559196e+02 1.055638342025971497e+02 9.723611250843299558e+01 9.984726541177772674e+01 1.081735745525538590e+02 1.136093722505544861e+02 1.053554135474510645e+02 1.053554135474510645e+02 1.051634194871979275e+02 1.027460970887801750e+02 8.875653301447941601e+01 7.031552069315760889e+01 8.875653301447941601e+01 9.646847950129493654e+01 7.641499047523100785e+01 8.228852142451519569e+01
5.279685921607564503e-02 2.005279685921572153e+01 4.105793417900149400e+00 2.410580885484257507e+01 2.778761953573815546e+01 1.089445571192611872e+01 2.955088971226165739e+01 3.404037520603299782e+01 3.771471921906761793e+01 3.427334483049680358e+01 4.241015343127675408e+01 2.604429345200573565e+01 2.891127080026599927e+01 4.888168999454703822e+01 5.660084223716839347e+01 4.819247774790984096e+01 6.455383787151376396e+01 6.915294049484677430e+01 5.873010694422026035e+01 6.605672697175850772e+01 7.752296996863742606e+01 9.752633090130831306e+01 9.390407495089293377e+01 7.700337351222646021e+01 7.963457534923199432e+01 9.984726541177772674e+01 1.053554135474510645e+02 8.550334765218788391e+01 8.550334765218788391e+01 8.548910376692472823e+01 9.944061788535368862e+01 9.887354839655876049e+01 9.047071887959424430e+01 9.885737278812484874e+01 1.048072192210074576e+02 9.646847950129493654e+01 9.605983271712635485e+01
5.738623160518319517e-05 2.000005738623125140e+01 2.394121765480574027e+01 6.558350775840023239e+00 8.312466814454095854e+00 2.831254868826563964e+01 1.775578850476468062e+01 2.939599837603167387e+01 4.906482771212247940e+01 5.420554964596121295e+01 5.204220396435621865e+01 3.209790948622750761e+01 4.888168999454703822e+01 4.304935233713368348e+01 6.296219866741375881e+01 6.224317605383176755e+01 6.442459121349534712e+01 8.438220583884881876e+01 7.844808403744855241e+01 8.597738508213355146e+01 9.426499838868689096e+01 9.806750361145024897e+01 8.555473520252935771e+01 6.506697516151281491e+01 7.639233037104308721e+01 8.478498279624078293e+01 9.611345560849855474e+01 9.131788313234822851e+01 7.158083171877082407e+01 7.158062806315072635e+01 8.966290604873722714e+01 1.036723919570771386e+02 1.002909633206844546e+02 9.202867792053496032e+01 1.002909633206844546e+02 1.006766199417939731e+02 1.089528508378721767e+02
4.532054705376769438e-02 2.004532054705341082e+01 3.471124997965856807e+01 2.655815190741819265e+01 1.587175805040427612e+01 3.587183038820123215e+01 2.330708742339603390e+01 4.341644974170147009e+01 5.796623073158610850e+01 7.080537143934574829e+01 5.867595337261143840e+01 3.877470533072842329e+01 5.867595338385659431e+01 6.296219866741375881e+01 7.123060126187046137e+01 8.219483524080892778e+01 8.438220583884881876e+01 8.418022805784201523e+01 7.575031414321317413e+01 8.418022805784713114e+01 9.208769363943399355e+01 7.777329893233635971e+01 9.080787561006212627e+01 7.042121602205403974e+01 5.559835812123299803e+01 6.726234286621856029e+01 8.775791168619046800e+01 9.630438630523686072e+01 8.144935742555958313e+01 6.184344020728650548e+01 7.565864222449098975e+01 8.947248972118551080e+01 9.036407981919649046e+01 7.218983063763384678e+01 8.808917332927926225e+01 8.077411933113535270e+01 9.482897307451871427e+01
9.001595176218035732e-02 2.009001595176182420e+01 3.834101477239205025e+01 4.415226434668421973e+01 3.001401711709974762e+01 3.587187338335417763e+01 4.341647573120167181e+01 3.228236162452519409e+01 4.235221010989516799e+01 6.249611645028668505e+01 6.694011736121871081e+01 5.284230384660020974e+01 5.501972576160806483e+01 7.494430054049877299e+01 7.540513552898569571e+01 6.703674261633909737e+01 7.540513552898569571e+01 6.963171456005332516e+01 5.545935367319088982e+01 7.402586553832526306e+01 8.371733386406110355e+01 6.313794969906236787e+01 7.070178850289282479e+01 7.102334982219711890e+01 5.010314164384018198e+01 6.500867359607175899e+01 8.554406273761803448e+01 8.806670131671637591e+01 6.837240014454879145e+01 5.718108765398322646e+01 7.067574820496719212e+01 6.772250376257818516e+01 7.539160519074783906e+01 6.251538990597186540e+01 6.827008033132440801e+01 8.225792972090967226e+01 1.021670407341068199e+02
5.674351268809080251e-02 1.005674351268817723e+01 2.419887913641937871e+01 4.419887913677125368e+01 5.001398947098684289e+01 5.587111834122627840e+01 6.074566120211455456e+01 4.391236143320476515e+01 6.074566254699085022e+01 7.080537993674501251e+01 7.448613240747336306e+01 7.275962921502926406e+01 7.494430054049877299e+01 7.686182656306817762e+01 6.535688129272844549e+01 4.698438069080989976e+01 6.377031149572453472e+01 4.956097898635128018e+01 4.542206119712476209e+01 6.560483390820203908e+01 8.523232094186946028e+01 6.468304462771985186e+01 4.983837480568340794e+01 6.086668093474347074e+01 4.563299566945524077e+01 5.780847147423423138e+01 7.852225487403360660e+01 8.629795404968541561e+01 7.795310021127266964e+01 7.065861627184649763e+01 5.127686873117557553e+01 5.260430915745388347e+01 5.638298965792611739e+01 7.539160519074783906e+01 8.808917332927926225e+01 9.635093900411638401e+01 1.021275021313436326e+02
9.518805923843161321e-02 2.009518805923807605e+01 3.059982518125185535e+01 3.663005207280757958e+01 4.370111988467318298e+01 5.198539113213537632e+01 6.353239651592830484e+01 6.405150080872890328e+01 7.235892245282816759e+01 6.862743714789540661e+01 5.460711480106863291e+01 6.454662360427100509e+01 7.273389448885968989e+01 6.854948884094980599e+01 4.852877213847051507e+01 3.698228869418394993e+01 4.754463503769836308e+01 3.539855597718146640e+01 5.543956133248655505e+01 7.386396934714078100e+01 8.503103251347585001e+01 7.554528133314579463e+01 5.478659806337934413e+01 4.002657348798076953e+01 6.086668093474347074e+01 7.503110991896029702e+01 8.691297285070949385e+01 7.794428239684782511e+01 5.820813174151015801e+01 6.370976198139444335e+01 4.736018368330396555e+01 5.656267076633186264e+01 7.066493408964753087e+01 7.672597322265626474e+01 8.006100512866177610e+01 8.356326224759317256e+01 8.724423434283602319e+01
9.062254805971975413e-02 5.254600343002964635e+00 1.059982518125149831e+01 1.663005207280687614e+01 2.370111988467247599e+01 3.524812526846540095e+01 5.524812526846610439e+01 5.137185136347714831e+01 5.996434966402352984e+01 5.867188284769701312e+01 4.046887732333075860e+01 4.460987120653437898e+01 6.454662360427100509e+01 6.089426742857233421e+01 6.130857946980319184e+01 4.166928786751803671e+01 2.751270310800716956e+01 4.754463503769836308e+01 6.225360858757644422e+01 5.860401752997093183e+01 7.725752689008827190e+01 7.356049060346234114e+01 5.761200284134964988e+01 3.686894523615249142e+01 4.881143786750604363e+01 6.360798032124451851e+01 8.418140932189659509e+01 7.739715133365235999e+01 5.815989132956652696e+01 4.449586074726870777e+01 6.392755170894108829e+01 5.139526385078750792e+01 5.423671986725322114e+01 5.717725370970752152e+01 6.033069029354993518e+01 6.375150418155196519e+01 6.742159295948972897e+01
3.063233560239582431e-02 2.003063233560203926e+01 3.059982518125185535e+01 3.663005207280757958e+01 4.370111988467318298e+01 5.198539113213537632e+01 4.801729302351122897e+01 3.070015696663898197e+01 4.801729302351122897e+01 5.044921078899427158e+01 3.043447248410352302e+01 5.044921078899427158e+01 5.503024014227952421e+01 4.087496757536244019e+01 4.666076530414861168e+01 3.839919488951645832e+01 2.363257884929700481e+01 4.367103936622800830e+01 4.289730948312040226e+01 6.225360858757644422e+01 6.706742676222232546e+01 5.895453604567828876e+01 4.434875973116768222e+01 3.389842812177562337e+01 4.847031044267163225e+01 6.923997558360332505e+01 7.471723329783596057e+01 7.597026088576050995e+01 5.627208658392960672e+01 4.253478741460834556e+01 5.867560198593457699e+01 7.355964999222528888e+01 7.355475216196900590e+01 7.672597322265626474e+01 8.006100512866177610e+01 8.356326224759317256e+01 8.724423434283602319e+01
5.666595628964066211e-02 1.419849734906671301e+01 3.417439397670938206e+01 3.716235073896969254e+01 4.276811814809864387e+01 4.326051692185463793e+01 3.909442487922483878e+01 1.801934606381788129e+01 3.897981512865105458e+01 3.709429270785294364e+01 2.462417037542590492e+01 4.467145351495002359e+01 4.672074276014493677e+01 2.667491348047903443e+01 3.405176832745653570e+01 1.833520716505263692e+01 2.471228336855179819e+01 3.141959531134344985e+01 5.117037541585861504e+01 6.664586525570993558e+01 4.648474406233649603e+01 4.650292126248063340e+01 2.986775706139361475e+01 5.042257030387089856e+01 6.308166626790519871e+01 6.898181639323122738e+01 5.500675477094389265e+01 6.898168776593132634e+01 6.009019077344406412e+01 4.059108801522656051e+01 5.184058987592898404e+01 6.559442142885660587e+01 8.527713610638303976e+01 8.844145975716027408e+01 9.256453277186558637e+01 9.441125257240521762e+01 1.026877526473080025e+02
2.110006612196471329e-02 2.002110006612059223e+01 2.216868870339716580e+01 1.828079887654189051e+01 2.344329377631866862e+01 2.053591464975886893e+01 2.586754203808893493e+01 1.110106073935509485e+01 3.135730782703490505e+01 1.700311583516309710e+01 3.002530648863123020e+01 3.090047010255030813e+01 3.180078611959633506e+01 3.201493951607060495e+01 1.391975776222098737e+01 3.295743702261437846e+01 3.639385006142344992e+01 4.477410422140162893e+01 5.924788600239021008e+01 5.835577518689275678e+01 3.775646776024681373e+01 2.601546964666016848e+01 4.650292126130196380e+01 5.303888468198406514e+01 4.814359562136228021e+01 4.942889897464892357e+01 4.111943425362144211e+01 6.077981394158692297e+01 5.562989862994414381e+01 3.867707982807133504e+01 5.250728413623725288e+01 7.204980699703084213e+01 8.271135448099195742e+01 6.872300352574106341e+01 7.279084080196018647e+01 7.460731480609322830e+01 8.922086745436703836e+01
9.367352646185668485e-02 2.009367236094450604e+01 1.964400879370601594e+00 9.101717798587372954e+00 2.306872828131892916e+01 5.049920225311192112e+00 5.862471177487492469e+00 6.674887818629054337e+00 2.662373714276822412e+01 2.843884300900417728e+01 9.876959553046793516e+00 1.076429459325079030e+01 1.166067123080678236e+01 1.256649990270951633e+01 3.271081875387015003e+01 1.535511501112173427e+01 1.637154614643252515e+01 3.647694341406037921e+01 4.601128177406526731e+01 5.038961077149698298e+01 4.198807652362625475e+01 2.346767470029773150e+01 4.370845154603502181e+01 2.710127577893504380e+01 2.840183104006219494e+01 2.969989853427828308e+01 4.942881037782856879e+01 5.305246412008087731e+01 3.599949831050282256e+01 5.562989936882603104e+01 6.279622597001509376e+01 6.594661104599555301e+01 6.918630689488192331e+01 5.498047584346424088e+01 5.899613301143605781e+01 6.332226138655234138e+01 6.947742533631692652e+01
3.648181865326004941e-02 8.339340414821596603e-01 2.039481282363348669e+01 3.099317207133088115e+00 3.903618816607353548e+00 1.731286804181123529e+01 1.926043368120285137e+01 1.916891887558493934e+01 7.831600558306498705e+00 8.649918805163146374e+00 2.866055352042177873e+01 3.087857985725221965e+01 3.180054945380915044e+01 1.566256918171661461e+01 3.419127453951100648e+01 3.053895658524228907e+01 3.647694438660411009e+01 1.781194374870043973e+01 3.791066821925560504e+01 4.034199172588137827e+01 2.187016496088745043e+01 3.799708868817523211e+01 2.526176471543586644e+01 3.111506420780106197e+01 4.689557451679893063e+01 4.942867329032570467e+01 3.155774722525032416e+01 3.337054799514056214e+01 5.305247285833990389e+01 5.844880101709983933e+01 4.335393853769365080e+01 4.652628328428726689e+01 4.974810688018807525e+01 5.702485510890580400e+01 7.657591171648357431e+01 8.297744377201033217e+01 7.569463241079782279e+01
