MOVIE_S9_data/elevation_000668.asc
nrows	100
cellsize	150.0
xllcorner	0
ncols	100
yllcorner	0
NODATA_value	-9999
[rows 68 to 84 of 100, columns 0 to 36 of 100]
5.009162696260269221e-02 2.005009162696224578e+01 1.804095025778296701e+01 2.997549799310428753e+01 2.523641014043843356e+01 4.197367600406776944e+01 5.352068138792956375e+01 5.653261437444790261e+01 6.473541709770746877e+01 6.372108904509729399e+01 5.543526306820066907e+01 4.943362343986418495e+01 3.629048265957246144e+01 4.629188373813127555e+01 6.043892216381358651e+01 8.044467065649713788e+01 7.901418246483797247e+01 5.944177372783403257e+01 6.197465889005672324e+01 5.650380734267865535e+01 7.028507745000472084e+01 8.995925119995195018e+01 7.878042532897239880e+01 6.002407105635628426e+01 4.822764179102795623e+01 3.974647836335186213e+01 2.219499522672847647e+01 4.234825169869883155e+01 6.045244029277758102e+01 6.286278108843907830e+01 7.074636531685563057e+01 5.839106719740144058e+01 3.835959689721340737e+01 2.711956804662849407e+01 1.960872442432155438e+01 1.945392935816494528e+01 2.585280772310645503e+01
4.695337527364121244e-02 3.249516451375390691e+00 6.493944873990654898e+00 9.975497993104642802e+00 1.368940475664571288e+01 2.523641014043843356e+01 4.523641014043914055e+01 5.863203327264180587e+01 6.691630452015256481e+01 7.846330990397969174e+01 7.044179641015533377e+01 5.043545535930699231e+01 4.336216135545627282e+01 6.336847810724898267e+01 7.458384097957478787e+01 7.962779123761461619e+01 6.984370809966458182e+01 6.170580353921653227e+01 4.824511289886957144e+01 6.771404701224103917e+01 8.423324703564971117e+01 7.284987520995721866e+01 6.429488303700313168e+01 5.151826662051631445e+01 3.112893882701230552e+01 1.965021635061535576e+01 3.722457064499544543e+01 4.569133809677445157e+01 4.970831466854659908e+01 4.425955627855147867e+01 6.286278108862223490e+01 6.674334624826501283e+01 5.515572909874345697e+01 4.678765714401671261e+01 3.863366682721051859e+01 1.904359562708484788e+01 3.903514072971942994e+01
7.614146464036156137e-02 2.007614146464000626e+01 2.649394487399101195e+01 2.411763361683584606e+01 3.368940475664641809e+01 2.001396007698258117e+01 4.001396007698328816e+01 3.863203327264110243e+01 5.017903865643402384e+01 7.017903865643543782e+01 7.872679178137812528e+01 7.044179641015533377e+01 5.230867345629779663e+01 7.165411097530453333e+01 8.533792745056932461e+01 6.570778112586310726e+01 5.195428927049266576e+01 4.226719518949134624e+01 5.651061695765532278e+01 6.463225419778973446e+01 6.756846062576860845e+01 6.429488290294121100e+01 4.319112839563694450e+01 4.937227477768750816e+01 4.821243254934928757e+01 3.721693625297437791e+01 1.713773110838754832e+01 3.700808787239847675e+01 3.068045052336190182e+01 4.427037374041983497e+01 6.303903789016717951e+01 7.923394954390128930e+01 7.100624416708646436e+01 4.621246473344949379e+01 1.848724322784785201e+01 2.540848335973763739e+01 3.961899369005968907e+01
2.352828262072655108e-02 1.416566390635155059e+01 3.416566390635083650e+01 4.411763361683654949e+01 4.829823132446676937e+01 4.001396007698328816e+01 2.708502788884818102e+01 3.464431734903298832e+01 4.464431734903333648e+01 5.878645297276478487e+01 7.878645297276619885e+01 8.060089790992073233e+01 6.645682792487846768e+01 8.060089790992071812e+01 8.219288909327332249e+01 7.401384426765936553e+01 6.711020448979867581e+01 5.651061622084984748e+01 3.713580148625405997e+01 5.166691313929847240e+01 4.809312161873831570e+01 6.756846062576376255e+01 4.937227477768801975e+01 2.849145374677529929e+01 3.886854623963033362e+01 3.397941007333398034e+01 1.539524531297127830e+01 2.138841538341691972e+01 4.073063492699638743e+01 5.744885233863017504e+01 5.484574848296556127e+01 5.696789644164437050e+01 6.286121586571499620e+01 4.024611410250464871e+01 1.813206099885655931e+01 1.867588817404240231e+01 3.665653289155127936e+01
6.786455232800275850e-02 1.421000017606139743e+01 3.421000021007810687e+01 5.087422277642648538e+01 5.915901025178659722e+01 5.536929913633974110e+01 4.708502788884888446e+01 5.464431734903369176e+01 6.292858859653529890e+01 7.292858859655763126e+01 6.802698576180998202e+01 7.631413471986475372e+01 8.646145665337387243e+01 8.534913050045685168e+01 6.571583885351707011e+01 5.448740356391797235e+01 4.763886733094290804e+01 4.181656912076483223e+01 3.653085006739397755e+01 3.245036153105370857e+01 5.166691299031865015e+01 6.672774916282860147e+01 5.752581388067540047e+01 3.886857886283981145e+01 1.936175348460899315e+01 1.437811458061634795e+01 1.372915348087928322e+01 3.363299011968857855e+01 4.238736412576950841e+01 5.028665303946813481e+01 3.934390824974741463e+01 3.457916414540581940e+01 4.616032425633571989e+01 4.181553937953324152e+01 3.098104620583365687e+01 1.762937295764916357e+01 2.419322082486710457e+01
3.257643153035955086e-02 2.003257641749241458e+01 3.453548796917517194e+01 3.086344052177246056e+01 4.327125412173690933e+01 5.156002272929469399e+01 5.008017316943562491e+01 5.837037261345829364e+01 6.214934066566828363e+01 5.385484112708708437e+01 4.798454661147178513e+01 6.802698576180998202e+01 7.973563835022811475e+01 9.356037225194577900e+01 8.219288909327332249e+01 7.401384428301771834e+01 6.711020495575630207e+01 6.123937610704070522e+01 4.854957724907907135e+01 2.948215872763740109e+01 3.928969650304279781e+01 5.300874972664366425e+01 5.345507578787665182e+01 3.301454271965697984e+01 1.659748881477107219e+01 1.321586674919987026e+01 3.324142854900085808e+01 1.424893766650828475e+01 3.427427815736378847e+01 3.017735715983262779e+01 3.563471488577736324e+01 1.599484647829124562e+01 1.635746980441710363e+01 1.672321278595059724e+01 1.709199506322920925e+01 1.961907977747868159e+01 4.225467338928697103e+01
1.880098487986705744e-02 2.001879881849626130e+01 1.450911298542714434e+01 2.858323871499064950e+01 2.322404011961678094e+01 3.502076619898538468e+01 3.001197807211951840e+01 4.226311949661062783e+01 4.625233869473186843e+01 3.374051034931189719e+01 4.137474050958883254e+01 5.142616503123294081e+01 7.144996495242889978e+01 8.603045728939370917e+01 7.773768331927838915e+01 7.773768331927838915e+01 7.253479210213741624e+01 6.800810938631747149e+01 4.854957716660753420e+01 4.494617355533710423e+01 2.602258406921094291e+01 4.157447887978730705e+01 3.914378823775545868e+01 3.729255169682443238e+01 3.236225509254320798e+01 1.285292427455113540e+01 2.965040401472120379e+01 3.188563782932157409e+01 1.476308739718352747e+01 1.512452399303226258e+01 1.548436647895654872e+01 1.945150864260935464e+01 2.096950918379334894e+01 2.519409360187049529e+01 3.484360784915863007e+01 1.961091168617009117e+01 3.975879564043267322e+01
2.900726248362994752e-02 2.776285704320284431e+00 5.550280317937812846e+00 8.533856572850167410e+00 1.162575050316497993e+01 1.492611116162487761e+01 1.837692838219750868e+01 2.212264187777215696e+01 2.608795668082787600e+01 4.625233869473186843e+01 6.143806499183092029e+01 6.972672807238751602e+01 7.973563835022811475e+01 7.773768331927838915e+01 5.758697228316260919e+01 5.758697228316260919e+01 5.238653840836266085e+01 6.581870753754584769e+01 6.433078322772085755e+01 4.494617328347639074e+01 3.594669839678936540e+01 2.270823599268838322e+01 2.044758409769680085e+01 2.985266569409343163e+01 3.133869467124227270e+01 1.249138246791637563e+01 3.310844732156643033e+01 3.970139105152507142e+01 2.296802670773168487e+01 2.333649210720117040e+01 3.538809762133784886e+01 2.011041442991508532e+01 2.837254595966975401e+01 2.587907858539261241e+01 4.095010244858302428e+01 3.976992061647965926e+01 2.222505971466860331e+01
5.081304048347550645e-02 2.005081304048312063e+01 2.557942150898892919e+01 2.858323871818897999e+01 3.169698912124299639e+01 3.502076619898538468e+01 3.849379532785024338e+01 4.226311949661062783e+01 4.037078896893078905e+01 3.708678082335146087e+01 4.901643411029471764e+01 6.932180510638265503e+01 8.413533926393598961e+01 6.399087537589544894e+01 5.234465340579564696e+01 4.334499757295298394e+01 3.817386878302679065e+01 4.568662169446993460e+01 5.990904892283172245e+01 6.327090644289643251e+01 4.960883551086519105e+01 3.347422617542855505e+01 3.721457983867105668e+01 1.724042225190165212e+01 2.646047795541834446e+01 1.213117623090052710e+01 3.375895793176724879e+01 4.916471230761692368e+01 3.459999315672228448e+01 3.861115776804576427e+01 2.550737496116864378e+01 4.234312780812488342e+01 4.543457753004662436e+01 3.171165087138856720e+01 4.881618990862096297e+01 5.067357095480717533e+01 4.235835510731479303e+01
4.469920835086939326e-02 3.758607769367790841e+00 7.538276584855958085e+00 1.146077322983608582e+01 3.154344327289040351e+01 4.219670419225555236e+01 4.814918899544831277e+01 5.517175833366845694e+01 6.045165581052681603e+01 5.759849369579600165e+01 6.129488277003328989e+01 7.763332380965489676e+01 9.241409186914648899e+01 8.081036232629244864e+01 6.348897889991033594e+01 6.348897889991033594e+01 5.158317311847716269e+01 3.151981418260593770e+01 4.601859854914469139e+01 5.434146192508328710e+01 6.074018855976219555e+01 5.263962993331925588e+01 4.116915682843118418e+01 2.500416680967378369e+01 1.404302563307954266e+01 1.177198729794515408e+01 2.765362482392919219e+01 5.190537038093711431e+01 5.475383893535471458e+01 5.250098972097215722e+01 4.418701953243660085e+01 3.218358497658747552e+01 5.193461879804659276e+01 4.420407698760834592e+01 5.816737153379209957e+01 6.349302246556460005e+01 4.889312515254578528e+01
2.324776005098762310e-02 1.990482070037694484e+01 2.758410167817554637e+01 3.154344327289040351e+01 1.736164504947424803e+01 2.195677605990333703e+01 2.775469109886320851e+01 3.487327714181255089e+01 4.390028359331570584e+01 5.582261141304146435e+01 7.739221663941737006e+01 9.154959022436278815e+01 1.011881558330923099e+02 9.189433399850949513e+01 8.225394550175003872e+01 6.212497209499062478e+01 4.788894305182962086e+01 4.601859854914469139e+01 2.599135682247871060e+01 4.154133208270319955e+01 4.986236040031962347e+01 6.337281559400862108e+01 4.099911979318442690e+01 2.000230081390432346e+01 1.884335978238383191e+01 1.141764634856935245e+01 3.696849765587299430e+01 4.841667208625263186e+01 5.653657233018986972e+01 6.626363875160230066e+01 5.809935846870524045e+01 3.765322347247400359e+01 5.809935846870524045e+01 6.382241946791043574e+01 6.934324032726938469e+01 4.925175799132262711e+01 3.538749357481320601e+01
8.699724428260374731e-02 2.008699724428224798e+01 3.798894611946278133e+01 4.586185751400006438e+01 3.159273984755969167e+01 3.623961306348044076e+01 3.846452404329876629e+01 4.875785456383868421e+01 6.364923039432882490e+01 7.317694234266851083e+01 8.556981975795872586e+01 7.708322056806377987e+01 8.671062574733656447e+01 9.433446966786634391e+01 8.079868653337418039e+01 6.071757090900972287e+01 4.648883748273884464e+01 3.491520893232643630e+01 4.154133208270324928e+01 2.152743378199654245e+01 3.732284448406989696e+01 4.556414237361693154e+01 3.780693795278322966e+01 2.616366929870606839e+01 1.326577413223801294e+01 1.106308547283340893e+01 1.984632381421090486e+01 2.817244924064146616e+01 3.874763080145799421e+01 5.813343749320974752e+01 6.546641855629650308e+01 4.462916494009795798e+01 6.546649262863479635e+01 7.280035215237531077e+01 5.255087123810054095e+01 4.273602819045006385e+01 5.513914610837472452e+01
2.249585233037712170e-02 1.002306598545314564e+01 2.419527159459850196e+01 4.456521983227385419e+01 5.183749990974049382e+01 5.657839438763674167e+01 5.880300148325778054e+01 6.721077047524508430e+01 7.948739885434503094e+01 8.087171694080591067e+01 8.124312566946882441e+01 6.535711307554231553e+01 6.815178167107147544e+01 8.671062574733656447e+01 8.165975787693167831e+01 6.180201633196661959e+01 4.759609395959802924e+01 5.498847404060917654e+01 4.986236427865777898e+01 3.731970325028073887e+01 1.734030251472963968e+01 3.332213008713997482e+01 3.786026655706467636e+01 3.007019924313320303e+01 1.056124760529032969e+01 2.859467289937842693e+01 4.120812814562866322e+01 4.842095383110221718e+01 5.653613840850729844e+01 6.627158429675746731e+01 7.370400535159961919e+01 5.684085319303870421e+01 7.370400535159961919e+01 7.280035215237532498e+01 6.940329746192954019e+01 4.922047026652353452e+01 6.940329746192954019e+01
2.739267172789772165e-03 2.000273926717243356e+01 3.043373633969958547e+01 3.638430634801662933e+01 4.335019054457829668e+01 5.171165170354726115e+01 6.290232350973906250e+01 8.022740279187109991e+01 7.388262504313146906e+01 6.211420906702208100e+01 6.548572277564046829e+01 5.496934378429919832e+01 7.352753359279020628e+01 6.951944967816619680e+01 7.824441184694322260e+01 7.586456699109315593e+01 6.765860277972774384e+01 7.007355319079087508e+01 5.948849025635600896e+01 4.538588024286428890e+01 3.332504294988240900e+01 1.340989601724911751e+01 2.965648343380976826e+01 1.005800553042341150e+01 1.329396537578552362e+01 3.201345223362426395e+01 4.347977298069371699e+01 4.923412464868769689e+01 5.569608472566649482e+01 6.344612394342133399e+01 7.191785554929512614e+01 7.724933522154401544e+01 8.533785943198937218e+01 9.313991628491106667e+01 7.781509943496837423e+01 5.921167329591179396e+01 7.781509943496837423e+01
8.327778614586213435e-02 5.085937926082570115e+00 1.026510762607825278e+01 1.609079156881046302e+01 2.288889511198412308e+01 3.337477796575649336e+01 5.443843688477872433e+01 6.114090381770523663e+01 6.609580446025852041e+01 4.869618670189082366e+01 4.661406701811199582e+01 6.548572277564046829e+01 6.591442448152450595e+01 4.871509452507007865e+01 6.593837609025787572e+01 8.061000332656379896e+01 7.237028095169054609e+01 6.262354796183306860e+01 4.421164279655313578e+01 3.268382020927942477e+01 3.182499830224690385e+01 1.345401043100235583e+01 9.556082754115474032e+00 2.955779242957343556e+01 3.206764466080048948e+01 1.875066186689153014e+01 2.344272433573414816e+01 2.892399723038605330e+01 3.526136755816201429e+01 4.294173436709747449e+01 5.746322133559515066e+01 7.789012856159814646e+01 7.537164372805654011e+01 8.367610200445794533e+01 8.798965104125083769e+01 7.959492162794741432e+01 8.798965104125083769e+01
6.510866554257997707e-02 2.006510866554222616e+01 3.043373633969958547e+01 3.638430634801662933e+01 4.335019054457829668e+01 5.171165170354726115e+01 6.246067623103922983e+01 4.779130969810277207e+01 5.232891691977850002e+01 3.921997266477491451e+01 5.824382738321615705e+01 6.122941908460796157e+01 5.247958732884226407e+01 3.676371551733367937e+01 5.736897434498163051e+01 6.896709928402233913e+01 5.209082929818401198e+01 6.236276142603094996e+01 4.397790454524428583e+01 2.999488058364290310e+01 2.013922585363155093e+01 2.888843107444760960e+01 9.207220634632784950e+00 1.312853859524929234e+01 4.270142885268541022e+01 3.855284066050471381e+01 4.360111209303175883e+01 4.923412464868769689e+01 5.569619314282633127e+01 6.344612394342133399e+01 7.191785554929512614e+01 7.203512416430159249e+01 5.516164618902865158e+01 6.895081602199552151e+01 7.727095713721166703e+01 8.536616765574306953e+01 7.706763838033067771e+01
8.953482861371392376e-02 9.034097751765852280e+00 1.903893620853966695e+01 3.328055047815131928e+01 5.399844490531688024e+01 5.758148160205283972e+01 5.473017391464653514e+01 3.699714027064636213e+01 3.318274366491235838e+01 5.232891691977850002e+01 6.171181472944863344e+01 4.858885119035059574e+01 3.167063914308025119e+01 2.898114238257471698e+01 4.955755594931924435e+01 5.992011999706054581e+01 4.028612101299379589e+01 5.609690092995651156e+01 5.692066228305096587e+01 4.473588022639508921e+01 3.614605516840592259e+01 2.781544481460947438e+01 8.863516872098733401e+00 2.898192166669545600e+01 3.940714101427538907e+01 4.403537554674911547e+01 5.223478054936647652e+01 6.073959063050734386e+01 5.900784630513814477e+01 6.721373567777301616e+01 6.676644294962333959e+01 6.299116428974753035e+01 4.343561189353999197e+01 4.871137144228332261e+01 6.895081602199552151e+01 7.528849298785922883e+01 5.686219927073266689e+01
