MOVIE_S9_data/elevation_000744.asc
nrows	100
cellsize	150.0
xllcorner	0
ncols	100
yllcorner	0
NODATA_value	-9999
[rows 68 to 84 of 100, columns 37 to 73 of 100]
2.503171463040951394e+01 2.543661242660118660e+01 2.583896981813980531e+01 2.623859787933928089e+01 2.716096531302580885e+01 4.198591368951262837e+01 6.180338067921500311e+01 6.471069442941443128e+01 4.490849366585439384e+01 5.582916906880935670e+01 7.556588738139008399e+01 6.438691309510601002e+01 6.432347957609991340e+01 5.984923099952343506e+01 5.220787445515112779e+01 3.305119487668489597e+01 4.719812577295954981e+01 6.827673807050815924e+01 7.479733637229149679e+01 7.777223096518102352e+01 6.103949506774088007e+01 8.122142174882652910e+01 7.080149773395486079e+01 7.279810262047256231e+01 8.983680868123228436e+01 1.016816434620039757e+02 1.147097905527746349e+02 1.230001365168971148e+02 1.258509237322763283e+02 1.175009341580197031e+02 1.182192713725907254e+02 1.039886334319359946e+02 1.003340942545133743e+02 1.171585132664592663e+02 1.272061582631029495e+02 1.289970071292767386e+02 1.206754747884561851e+02
4.173842592390909800e+01 4.208916078616707779e+01 4.561399876884760118e+01 2.847836655667122230e+01 4.842367014859901531e+01 4.833840036050970213e+01 7.040711550265129404e+01 6.950094800476071555e+01 5.063439226684140948e+01 7.038946454444885603e+01 8.364520474169681563e+01 8.450128698645498559e+01 7.724532200586735087e+01 6.727369995191608609e+01 5.339995032188655699e+01 3.349791180543807201e+01 4.742531536728557739e+01 6.696580759185094678e+01 5.461951963077181915e+01 5.759334144942221911e+01 5.341383223706113625e+01 7.052888927131310481e+01 5.642611914557332398e+01 6.146805091303942703e+01 7.314568944137498363e+01 9.332850814864393385e+01 1.061877841398166424e+02 1.162741507651768842e+02 1.143986150466100753e+02 9.779861107555039723e+01 1.143986150466100753e+02 1.240687598681979011e+02 1.203922048097510356e+02 1.287656454284583276e+02 1.242081692924469678e+02 1.158990160775009599e+02 1.007508689342195538e+02
5.088606926669137920e+01 5.169834506667103824e+01 3.257408473946993155e+01 4.852817620919398678e+01 5.913267455253961913e+01 7.336411696868691479e+01 8.427747890609532533e+01 7.844846279523858357e+01 6.059985087924567182e+01 6.467479266211695688e+01 8.418590290728640468e+01 8.319851412841785532e+01 6.291252864843020376e+01 4.904846358746507207e+01 4.062027485868049581e+01 3.395797351912299433e+01 5.388985153085953073e+01 5.648921215009003305e+01 4.053017376711793673e+01 4.333135244111845452e+01 4.678665913441815150e+01 5.036144181839355127e+01 7.048210761579356642e+01 8.165612836123862905e+01 7.051752468373152283e+01 7.766603519995271654e+01 8.774559781187336682e+01 1.079221604011273286e+02 1.061257926226950161e+02 8.681437226917405781e+01 1.061257926226948598e+02 1.173793180435568786e+02 1.280668923949740474e+02 1.197477990922873374e+02 1.158990160775009599e+02 9.590840729484712313e+01 9.070114426612668979e+01
5.910006291861147076e+01 6.119923369064905216e+01 4.400486512893368030e+01 3.793983918638689090e+01 4.936425072886329701e+01 6.339562079232363345e+01 8.348609846415864411e+01 8.821050412727711887e+01 7.451257254886583326e+01 8.418590290728640468e+01 9.222214477573871250e+01 8.501522317051588118e+01 7.338439479732805637e+01 5.924496307909335258e+01 3.926215239684117364e+01 5.335325349422947028e+01 3.463279680429686636e+01 3.702609973588582903e+01 5.648762836124968345e+01 6.350344082432198434e+01 6.694104835610386317e+01 6.461709719133737906e+01 6.310990807268533587e+01 7.737673040264374436e+01 9.070346951238450117e+01 9.783387910650031927e+01 1.061877841398166424e+02 1.162741507651768842e+02 9.929817447953486464e+01 8.010327648679127321e+01 8.966056680454802574e+01 1.091024277892257857e+02 1.197477990922873374e+02 9.974425494072019660e+01 1.056031573749497454e+02 1.017635210472390526e+02 8.151762954237578640e+01
6.804226308340845719e+01 7.306159328810306874e+01 6.454557667522220754e+01 4.957546867085917341e+01 4.441225733718172108e+01 6.493450309614046034e+01 7.965281877097753238e+01 8.810612778648348353e+01 9.385932283210571825e+01 9.799135152048013708e+01 8.637224457088143481e+01 7.667880360202057943e+01 5.652562837032046161e+01 4.495711781222983916e+01 5.924496307630607106e+01 6.208989670994886723e+01 5.460041007712163008e+01 3.532910065541304334e+01 4.940914853911991855e+01 6.921417295592338803e+01 8.501560232633246983e+01 8.478040361421103910e+01 8.327954250188693663e+01 9.155445991522724114e+01 1.055692849791515471e+02 1.101629097173904199e+02 1.019419993870487957e+02 1.101629097173904199e+02 9.322821476836794830e+01 7.394814718072467485e+01 9.322821476836794830e+01 1.077564024843330088e+02 1.210505876389883753e+02 1.056031573749497454e+02 8.543606622789435789e+01 9.482339372350357110e+01 7.646369259171140698e+01
7.144160592622075967e+01 8.578872168995992809e+01 7.864913831420585666e+01 7.016163856285587030e+01 5.619910555103510319e+01 5.207594488308788527e+01 5.893741785593122273e+01 7.363424240254133224e+01 9.418292165457313558e+01 8.965937338711263749e+01 6.953046822718206954e+01 5.786817947047620692e+01 5.180135328535610029e+01 6.504336245697281527e+01 7.338438257538570042e+01 7.029078018856677090e+01 5.424028433403366734e+01 3.582490970230961125e+01 4.577271134387338236e+01 5.734986661967830202e+01 7.711125395875599509e+01 8.898877708244012297e+01 8.698694512045383931e+01 9.565254145171563493e+01 1.116866967044489201e+02 1.004302695077413432e+02 8.263484615302341751e+01 1.004302695077413432e+02 8.840819787145709086e+01 6.893749484545006112e+01 8.025084069736017511e+01 9.955135499901687979e+01 1.068454010880358140e+02 9.264021453708326703e+01 9.482339372350357110e+01 7.440564004426394717e+01 7.182056729547549878e+01
5.709444006017849915e+01 6.884553940313527676e+01 7.726247726931454451e+01 8.533284164811344397e+01 7.686727805491052834e+01 6.670609289511749296e+01 7.274768613328261324e+01 7.363424244054525047e+01 9.418294737408491812e+01 8.965937338711260907e+01 6.953046822718206954e+01 7.195653157821081436e+01 6.605690909456598092e+01 8.029515617183555776e+01 8.421701620314992454e+01 6.402327809510839529e+01 3.849730609172122087e+01 3.632403307609266108e+01 5.634216603391841716e+01 6.463626238511311328e+01 5.977564375350496562e+01 7.229537149125353324e+01 6.620992244143590710e+01 8.698694512045385352e+01 1.034546272735955625e+02 8.411419374572622587e+01 7.295816902832879691e+01 8.364367049228069106e+01 8.415934213571024713e+01 6.448000883591043930e+01 7.848124937531031264e+01 9.786747068628038448e+01 9.672270655082151336e+01 7.821409728345906842e+01 8.836673309043563052e+01 6.788908551375882894e+01 6.744844385817739862e+01
5.462643563921890433e+01 4.873669039280835591e+01 6.884553954920458807e+01 7.955307266631183438e+01 9.128992260251193613e+01 8.733338246720258269e+01 9.330465818612272244e+01 9.418294737408491812e+01 1.025780131324247435e+02 9.799135151992418002e+01 8.116746527843970682e+01 9.208975500722085883e+01 8.619948019126888994e+01 8.811021621143945026e+01 6.833520467495708317e+01 5.626281122248968103e+01 4.176399777218068721e+01 5.571969836604895931e+01 3.704071900163568642e+01 5.024094542775457484e+01 4.555960565628364378e+01 5.186626832363436534e+01 6.620992244143590710e+01 8.698694512045459248e+01 9.843793164249559879e+01 9.733013303880079548e+01 7.797455208448459985e+01 6.402809315074622987e+01 8.022347546340999713e+01 6.034407470289993114e+01 7.452126835170196273e+01 9.400050439639964850e+01 8.837020476302078009e+01 6.793967244358957203e+01 7.805180741569998304e+01 6.203698044577396331e+01 8.245534542005317746e+01
3.458812740301820554e+01 5.462643581411798266e+01 5.102103118187320518e+01 6.255958867196896733e+01 8.280829379763528664e+01 8.891959272539719450e+01 9.332057514940892418e+01 9.198281112723049091e+01 1.005198870362091554e+02 1.095981161244557285e+02 1.012595355901628551e+02 9.693910590516699699e+01 8.884817404639497340e+01 8.186778187517317917e+01 6.833520467687010580e+01 4.826544138457466460e+01 6.197419199536522427e+01 6.292256418725364142e+01 5.637507003500873282e+01 3.776049630788186562e+01 5.794114789018938438e+01 7.229537149125360429e+01 8.093123194748156379e+01 9.260890749984201875e+01 7.846374789613622625e+01 9.260890749984190506e+01 7.840118695025439877e+01 5.857241948374109342e+01 7.145430921529109014e+01 5.654154224272059537e+01 7.653192301113135443e+01 9.039822174932463383e+01 8.064817653388486463e+01 6.018535334869607567e+01 5.757247778964350715e+01 7.805180741569998304e+01 9.083393542177837787e+01
4.459261414700139881e+01 3.836361597754276431e+01 5.839874412064237674e+01 6.629491893170094841e+01 7.031673239965395794e+01 6.857582535640820254e+01 7.316265718962033304e+01 7.166009411786836836e+01 8.596996047362804916e+01 1.065268085952307473e+02 1.026297944137217399e+02 8.313963997877094414e+01 6.910464348794519651e+01 6.199395600417462759e+01 5.592559263967248029e+01 6.833520467687010580e+01 7.628483495952878002e+01 6.842650999007358337e+01 5.831477861855128708e+01 3.827244293039478151e+01 5.834188485417467973e+01 7.569257629533096576e+01 8.367485082106465200e+01 8.364582473133681617e+01 6.426512363924913984e+01 8.364582473133241081e+01 8.304999310629980869e+01 7.145430924943471496e+01 5.163606722368673019e+01 6.751340375279507100e+01 7.568289324578093158e+01 6.999012873031834658e+01 6.999264257573557302e+01 5.300481237663568379e+01 7.382724068276753826e+01 8.644052112454431835e+01 8.396578551565370674e+01
6.466025747431602611e+01 5.840022694469818987e+01 4.247685708419601980e+01 4.632871527903709818e+01 5.030281520698127196e+01 5.443808581742846542e+01 5.899846557637793154e+01 7.912366220642483938e+01 9.715002648098536042e+01 1.073711840709750618e+02 1.083389341529763072e+02 8.884817404639497340e+01 8.884817404639497340e+01 8.186778187517317917e+01 7.587559791490406269e+01 8.401371585998737146e+01 7.314856120204738943e+01 6.070411943864711901e+01 4.126768032810498710e+01 3.878527965081784856e+01 5.886506764280275661e+01 5.588711785485463679e+01 7.347123603044748563e+01 6.553563323184073397e+01 5.560877812239466778e+01 7.273584566774449911e+01 5.970476383285768662e+01 6.449661637256849644e+01 6.347702405893122091e+01 4.822617464181345781e+01 6.736294498874968895e+01 6.799949598700719378e+01 4.939289779433960348e+01 6.998405829911959586e+01 8.211374874375047739e+01 7.967247454765443138e+01 6.895348555059179319e+01
7.668762166219207188e+01 5.658196143427522173e+01 6.246656908794161467e+01 4.975871489698423034e+01 6.967068758026977093e+01 7.449927816945371717e+01 7.912366220642483938e+01 6.841521076864422923e+01 7.846138475122509703e+01 9.887002333186426029e+01 1.116609782262496537e+02 1.034582778861117447e+02 1.027647265616548822e+02 9.246040772078212910e+01 7.235717466294636324e+01 7.235717460467549245e+01 6.479842422729912244e+01 4.481998299291535659e+01 6.068897444896968096e+01 5.516305294513789192e+01 3.952671684015395215e+01 5.933209968002262258e+01 6.092641271624763988e+01 4.666503047202449750e+01 6.553562611678648864e+01 6.339133564096098183e+01 4.378113183445341861e+01 4.438173680422000444e+01 4.498198678327479172e+01 4.688558341158127263e+01 6.160791020752349567e+01 4.724778139666967292e+01 4.790634212936809888e+01 6.703504217059300174e+01 7.368585060691999900e+01 6.966984873763777841e+01 5.107339418005491893e+01
8.512298416477896978e+01 7.668798982703383160e+01 7.667414380952959618e+01 5.678104125491061893e+01 6.227207493668016269e+01 8.177554457856261649e+01 9.701898915038864857e+01 8.851385439118000420e+01 9.715002649681842684e+01 1.073711840718652724e+02 1.034582778861113184e+02 8.361397619927357994e+01 8.279466155767504176e+01 8.279891967721506774e+01 7.235717466294636324e+01 5.221795550411482623e+01 4.899953486598658259e+01 6.479842448896492613e+01 7.287587484273414873e+01 6.163150610404917984e+01 4.011410741091977172e+01 4.025651822798293722e+01 4.079717678912172119e+01 4.135750402877729925e+01 6.148509970199778962e+01 4.293167695942852902e+01 6.115479956471143907e+01 6.441254895396180302e+01 5.805467344457128576e+01 4.580877876281735439e+01 4.638312872383684038e+01 6.209191740587564112e+01 6.797573244800209125e+01 4.884193010103314236e+01 4.950275117953317761e+01 5.015564279900739564e+01 7.059799100227841961e+01
8.546524555150840285e+01 9.077677636387822702e+01 7.083417422746649095e+01 7.077305011153805481e+01 8.177170928302933817e+01 8.115872371579833100e+01 9.832181745897030112e+01 1.034740166876546823e+02 9.572707966671923430e+01 1.047385811416720003e+02 1.002214487191031225e+02 8.101755853237497718e+01 6.944106902444350737e+01 6.272691977014294196e+01 5.716809504510663231e+01 7.235717466294636324e+01 6.916132973858695721e+01 7.749785533089674061e+01 6.588730596327133071e+01 4.575756353869335413e+01 6.168995901200465681e+01 5.450265585018517100e+01 6.093742551198973700e+01 5.026798137423105572e+01 4.214695016136048622e+01 6.082156437679592642e+01 4.493892298626150961e+01 6.558868777543220574e+01 7.120997904480448426e+01 7.578081653725244848e+01 5.934880083020588160e+01 7.305768298538683325e+01 7.251026990460657373e+01 5.260248001088807257e+01 5.814288396519945223e+01 7.012924583067790252e+01 7.511589843916432585e+01
9.392641920076647466e+01 9.905588091550475838e+01 9.077661968973978901e+01 9.029557598512354843e+01 8.855133072634795610e+01 7.938860111932234531e+01 8.863517948577840855e+01 9.244278159593176269e+01 7.245858818523794298e+01 9.276498140908640266e+01 1.083013055179914943e+02 9.762118841493922616e+01 8.417513390289477115e+01 6.420378857265617967e+01 7.137182725401483196e+01 8.556052590768616994e+01 8.463374111018767110e+01 6.439412546678774163e+01 5.024244138293632034e+01 6.588730596414929153e+01 6.588730071417644751e+01 7.488643719934334797e+01 7.209191606251687290e+01 5.191919556843269845e+01 6.226367793364493508e+01 6.613784376800541054e+01 4.636130418725302604e+01 6.280114802326602330e+01 8.429833607445154087e+01 9.090740516852943642e+01 8.517883472297575054e+01 8.338314400557203498e+01 6.304187358398569785e+01 7.251029557933431136e+01 5.830222002137246307e+01 7.626705035958923418e+01 8.200540819304254114e+01
8.221043911289156370e+01 9.047150396104696313e+01 8.778788885877142434e+01 7.936536210380651823e+01 7.665664336850089455e+01 5.732466701643769369e+01 7.665660033189622879e+01 8.313006225712952357e+01 6.184258654785897846e+01 8.328052056842641093e+01 9.726912342947490231e+01 1.007892237161075144e+02 8.184855494044805369e+01 6.995364531525741825e+01 8.994659660869255902e+01 9.974922807456698592e+01 8.791921431322086278e+01 6.766619784651669534e+01 5.340356500756871583e+01 7.359816903013110334e+01 8.610456201466335813e+01 8.660071310866027261e+01 6.615033254714353461e+01 7.213938969484520669e+01 8.002846113256025262e+01 6.779744536111242326e+01 4.779615875479956344e+01 6.780783824184169362e+01 8.316363361567339041e+01 9.133007041936525638e+01 1.027074957632589189e+02 9.173655764197293649e+01 7.327089886420202447e+01 8.450447596835853403e+01 7.626705038574237960e+01 6.565058246355120275e+01 8.378304458291856349e+01
6.211820247477317025e+01 8.044692660980972221e+01 7.604101427020560777e+01 5.901392612242086955e+01 6.772005162837835712e+01 4.717626774453582783e+01 6.433479717022677846e+01 6.866357807762202015e+01 5.494246952630311398e+01 6.598738696384965863e+01 8.493579201321750816e+01 1.080246529815444489e+02 9.825068963795925470e+01 7.995121450447575739e+01 8.259674432076607786e+01 1.025939226829165847e+02 8.876131813701657336e+01 6.851237467170224704e+01 5.682309386470752344e+01 7.113809579004649208e+01 9.139288811348887975e+01 9.507219254509439565e+01 8.660145703767543068e+01 8.580233388739179645e+01 7.261758184542941308e+01 5.265230873317823779e+01 4.939083170356892794e+01 6.940488844414100811e+01 6.328396003678194148e+01 7.483860784558905266e+01 9.453583423190278268e+01 1.018349239595240903e+02 8.760298651610492016e+01 9.698855902537673046e+01 7.611776500300275927e+01 8.551411589032230154e+01 8.949096716358970127e+01
