MOVIE_S9_data/elevation_000885.asc
nrows	100
cellsize	150.0
xllcorner	0
ncols	100
yllcorner	0
NODATA_value	-9999
[rows 34 to 50 of 100, columns 37 to 73 of 100]
1.104808189322247642e+02 1.021648931443668573e+02 9.956299144615873331e+01 1.078768231720220854e+02 1.051009160576353594e+02 1.134179217658825110e+02 9.480636550331647072e+01 7.652486327879201156e+01 9.480636550331647072e+01 1.052898449407468462e+02 8.783688378971302768e+01 7.380118955469073683e+01 8.302865926505809568e+01 6.751057835174995603e+01 6.771572049965223528e+01 7.225356004267624144e+01 7.732796967171870506e+01 8.421129646373739774e+01 9.424808289328989019e+01 1.145198353975077339e+02 1.278568418014663308e+02 1.097788528986823593e+02 9.010751507525341708e+01 1.025958959238846120e+02 9.717276060675045812e+01 7.720016865341068524e+01 9.011138300271122148e+01 8.702950776557757706e+01 8.961058896678966335e+01 6.937694884633967263e+01 8.196299184161618712e+01 8.196299184161618712e+01 9.771858508184556058e+01 9.136005240322495524e+01 7.790999189199683883e+01 5.729720199684199855e+01 5.402573444458213459e+01
1.021649057786248420e+02 8.212443735071749984e+01 7.952516277023099178e+01 9.092850200344746270e+01 8.505807589384518508e+01 1.051009381117881532e+02 1.048048618016533453e+02 9.646585622313186548e+01 1.048048631274361213e+02 1.162128001440356542e+02 1.020248115220306602e+02 8.525145712336988879e+01 9.296981723958229793e+01 7.345539913774746310e+01 8.974025497023654907e+01 8.338870651266856271e+01 9.725184792552812496e+01 1.043839591453987765e+02 1.127806812921949557e+02 1.229164959212509558e+02 1.196251313584243121e+02 9.993257443894034964e+01 1.097788528986823593e+02 1.077345806623850990e+02 8.797522464791380514e+01 8.486787455325558938e+01 1.046495196837553436e+02 1.002799618794345520e+02 8.031939289395897674e+01 7.962500466301830215e+01 9.784365894079141412e+01 1.019822530384353882e+02 9.691364788139306086e+01 8.298331811150904969e+01 6.237536958822727229e+01 7.790999189199683883e+01 6.861213357280706759e+01
1.009545156053199406e+02 8.090157749909054985e+01 6.793331662981952945e+01 7.087464673456574360e+01 8.505807593458948190e+01 1.051009649013941782e+02 1.162864306769538132e+02 1.077880927651394245e+02 1.061136109743090969e+02 1.146064570670417595e+02 1.135967232043487343e+02 1.052381516880492001e+02 1.015023673716797958e+02 8.177469432588604548e+01 1.015023673716797958e+02 1.034574951388719484e+02 1.118609608872605463e+02 1.233380256580034029e+02 1.314631034891057766e+02 1.358125012869224406e+02 1.159871029856758184e+02 1.138223091116360877e+02 1.216921421431894288e+02 1.019531693993796893e+02 1.077345806623850990e+02 9.479818708040484410e+01 1.128476411125943599e+02 1.084918448758216556e+02 9.037643621771911739e+01 9.379660300821285546e+01 1.078077718284199022e+02 1.033258861081314137e+02 8.856510168038919062e+01 6.805631928277732356e+01 7.702489222070971664e+01 9.136005240322495524e+01 8.908775718819049416e+01
9.507953073451896842e+01 7.502887698228465752e+01 6.080449041333630333e+01 8.090157749909054985e+01 9.484757173676511854e+01 1.026967904384053298e+02 1.045164706963530961e+02 8.745603443150382361e+01 8.579735361719698972e+01 1.004948714134147707e+02 1.076793884130399732e+02 1.161744004530565491e+02 1.106259618727905973e+02 9.613168601760703780e+01 1.106259672374524428e+02 1.211938815157024294e+02 1.154850037841866168e+02 1.039298878367364694e+02 1.202227152680530082e+02 1.340018467330158671e+02 1.358125012869224406e+02 1.336343835266604287e+02 1.299249835430921678e+02 1.216921421431894288e+02 1.227192153131216799e+02 1.145008522871058858e+02 1.227192153131216799e+02 1.183994907843072895e+02 1.043894325755434096e+02 1.135975744538575327e+02 1.109460465910097753e+02 9.500073062593072848e+01 7.464948498231196083e+01 7.999914604620873604e+01 9.691364788139306086e+01 1.056952125857401512e+02 1.015609668316049010e+02
8.121588750930045819e+01 7.661686462548561849e+01 5.650383541686524325e+01 7.657678124496825944e+01 7.518499307176365676e+01 9.484757173676511854e+01 9.543561403726643277e+01 7.580028054811960203e+01 7.414463329083304188e+01 8.022721275966566168e+01 8.735819194310299451e+01 9.903877613590734086e+01 1.194809473506537643e+02 1.166914586477949314e+02 1.183945932689924661e+02 1.017659756129565380e+02 9.608336811099987074e+01 9.273830667796016769e+01 1.064435838030902914e+02 1.222877844964633027e+02 1.303619025366749042e+02 1.286232117246383098e+02 1.205444068369216097e+02 1.204640751894409618e+02 1.122954816269032818e+02 1.204640751894409334e+02 1.192356981063631025e+02 1.273519790745408642e+02 1.241715736195871926e+02 1.168415840008931212e+02 9.675267870708114515e+01 8.243401683184497131e+01 8.647775798745503550e+01 1.002664146843702184e+02 1.085829279983441324e+02 1.066844566389409721e+02 9.242126465763656995e+01
6.113493465064495069e+01 6.701650956856803987e+01 5.249193400189935232e+01 6.098348513634869761e+01 7.494809346883734236e+01 7.795262068567762981e+01 8.103587035887083800e+01 6.677080103179790171e+01 8.699370378730480979e+01 1.004948714932522904e+02 1.076793884130399732e+02 1.161744004530565491e+02 1.279594684944679841e+02 1.240425215549439457e+02 1.046089826539700880e+02 9.085654039171329543e+01 8.225447022579260192e+01 9.608336811099987074e+01 1.154850037841866168e+02 1.030116024366117387e+02 1.191961892771504807e+02 1.174715763153962769e+02 1.013073951744421777e+02 1.106581520610655360e+02 9.272873622996846166e+01 1.106581520610655360e+02 9.978987249196117659e+01 1.160997960896812629e+02 1.275642101373544364e+02 1.075040134928015618e+02 9.328133444029440113e+01 9.414325133826044123e+01 1.066433277658481131e+02 1.149493751356054361e+02 1.096619230488377212e+02 9.803336316264793027e+01 7.815807267633212518e+01
6.422490247254069118e+01 4.698995804210124305e+01 4.931904313092963577e+01 5.197249883931821302e+01 5.480903237526919014e+01 5.775361604378748126e+01 6.080532500789732353e+01 8.103587035887083800e+01 9.475193852578435383e+01 1.019965375487081332e+02 1.105237735275344733e+02 1.223954177664331837e+02 1.278882460301970525e+02 1.140748472692174147e+02 1.059802159721561736e+02 9.655130645997472527e+01 7.684242327706841991e+01 9.655130646705100617e+01 1.109676579451564606e+02 9.160719348233411097e+01 1.109676579451564606e+02 1.088140755375616919e+02 9.009415501275974236e+01 1.025121089284357794e+02 8.287097305288476434e+01 1.025121089284357794e+02 8.850531187201583805e+01 1.073736539411043935e+02 1.160997960165027507e+02 1.216795711715176935e+02 1.049006126453504493e+02 1.142386894365623675e+02 1.225382605658987814e+02 1.160182985044615265e+02 1.013457483046792902e+02 8.117788488427589755e+01 6.941716337339026666e+01
4.428238006004247751e+01 6.422490249906755366e+01 6.940074477713784518e+01 5.716532185119159237e+01 7.498597223999529149e+01 7.795262068567762981e+01 7.480644649360260701e+01 6.796504473543332381e+01 7.437607477351861007e+01 8.155739195864499891e+01 9.331594697328027621e+01 1.138544447945942863e+02 1.178308636014050848e+02 1.002833146195122538e+02 8.642388497445990936e+01 9.225046530167624326e+01 7.229417679566648758e+01 9.225046530167624326e+01 1.032146638330567043e+02 8.370404353954221222e+01 1.032146638330567043e+02 1.007858490358551791e+02 8.122581467587413329e+01 9.586417660199107615e+01 7.613940841383430325e+01 9.125058218262641674e+01 7.960261692600126082e+01 8.850531187201583805e+01 1.023105883841134016e+02 1.217649721081551206e+02 1.249618969538672246e+02 1.332553402376378813e+02 1.236038110743597969e+02 1.077066450905799115e+02 8.759172328588951473e+01 7.588171004336736303e+01 8.970182692992980833e+01
6.422486366739747154e+01 5.488214295562610801e+01 7.495348579638600484e+01 7.714060355317391782e+01 6.568070833365412398e+01 8.545493223442331043e+01 9.365985751270365256e+01 8.355042786038589497e+01 8.471122914322539543e+01 1.019965375487081332e+02 1.105237735275344733e+02 1.120965079919854475e+02 9.809147350554268030e+01 1.074312066526721452e+02 8.788705132827774946e+01 7.366125492686607856e+01 6.793280840748244032e+01 8.817689657444184093e+01 9.704486396403582660e+01 7.681816711451470781e+01 9.483713218069709683e+01 9.396233335045302226e+01 7.401561529487192104e+01 8.963036475342154574e+01 6.987525028031805618e+01 7.123435827472928850e+01 8.550988568753935226e+01 1.051098495185330819e+02 1.160997960165023954e+02 1.171996594871089030e+02 1.252122432502513618e+02 1.351844306152736976e+02 1.152929815388069272e+02 9.522142193473317207e+01 8.356686473872368026e+01 9.609328957191350185e+01 1.044131977677371310e+02
6.721889965641392450e+01 7.495348563497057626e+01 6.907872371667389189e+01 8.913641608494248203e+01 8.545493223442331043e+01 7.550780082991431641e+01 9.313717724924691765e+01 1.062812623866297770e+02 1.058411394307086226e+02 1.144408860111865494e+02 1.192984429940932358e+02 1.022251777149720482e+02 8.417616967915236614e+01 1.022251777149720482e+02 1.017052721183421795e+02 8.420669680969420767e+01 6.365635265286692146e+01 8.420669680969420767e+01 9.142384446673983689e+01 7.074806036000384779e+01 8.164478958962978083e+01 8.761901994022382212e+01 6.736607867056535781e+01 7.921667298238764943e+01 6.393623482073271447e+01 8.438507402241745581e+01 9.935684607576627059e+01 1.069376371069537868e+02 1.036360582051292880e+02 9.801783059951223720e+01 1.171996594871089030e+02 1.268702649957051847e+02 1.068178218347307080e+02 9.522142193473317207e+01 9.522142193473317207e+01 1.120167492288271092e+02 1.114825012501697898e+02
5.317578538987220327e+01 7.329869281753985888e+01 8.913641608494248203e+01 9.743597103269750903e+01 1.032266457796854127e+02 8.927269753935038921e+01 9.141925018959662452e+01 1.111077946660317224e+02 1.146524172562750152e+02 1.048464504601669347e+02 1.039706614954922230e+02 9.153295728330616043e+01 7.388499337654548071e+01 8.465819044682714889e+01 9.281399686995672482e+01 8.087297775930576904e+01 6.006491386943044120e+01 8.087297775930576904e+01 8.552340538936046244e+01 6.516491805654774794e+01 8.552340538936046244e+01 9.321294488215755791e+01 7.346630950296072626e+01 5.852790045556847076e+01 7.934873083179257947e+01 9.253612878152009102e+01 9.756236946637847041e+01 8.765464884629346898e+01 8.431008386538238142e+01 1.036360582051289896e+02 1.148784454571909066e+02 1.287024155927622076e+02 1.236038110743597969e+02 1.152929815388069272e+02 1.152929815388069272e+02 1.236038110743597969e+02 1.173328891937163263e+02
5.765358068941396397e+01 7.781781386799717382e+01 9.367874983909338482e+01 1.026808538516633575e+02 1.143329014373902766e+02 1.089367508812505889e+02 1.111077946660317224e+02 1.104947116322491354e+02 1.010628375495130484e+02 8.524229709075869721e+01 9.040634631876331184e+01 1.021002732987578696e+02 8.465819044672501548e+01 6.411671444563611999e+01 7.667962118955622941e+01 7.313667618325678177e+01 5.657926475531843380e+01 7.762329260447125989e+01 8.085565962219217795e+01 6.016177333526267290e+01 8.085565962212115210e+01 8.058484105906588013e+01 7.227786256471571846e+01 5.537406105125858602e+01 7.640287823820210633e+01 8.128924400590578614e+01 7.867155338979380019e+01 7.359259977145102027e+01 9.282309673876154932e+01 8.711962667499423674e+01 1.010544753189060287e+02 1.155685659116715840e+02 1.236723364284813158e+02 1.334555202343144344e+02 1.285369479116496620e+02 1.184900160318310469e+02 1.101680268016832827e+02
6.791060842540862552e+01 6.525353600801389575e+01 7.421370143820138310e+01 8.579133039373071767e+01 1.059729815957098964e+02 1.111792623701413589e+02 1.028629516597387692e+02 1.024626970112262399e+02 8.318472872959385711e+01 7.415538952483994706e+01 9.312285886684864522e+01 1.057249055939841753e+02 8.829082349554461473e+01 6.817903459827543600e+01 5.565458854670565358e+01 5.181077349525838827e+01 7.313667618325678177e+01 8.586110659218546459e+01 7.644599197163898907e+01 5.544428686347232826e+01 7.644599197081996067e+01 6.938195292796991964e+01 5.099816664060659122e+01 5.406351748854083183e+01 5.719452284682360244e+01 6.066663184272344722e+01 6.418794354187372164e+01 6.850396417158853524e+01 7.290286803441232166e+01 9.287782524872892509e+01 8.929601304431160713e+01 9.591026271715894325e+01 1.057844977915185041e+02 1.253526340318247634e+02 1.202161203410728945e+02 1.001199332622936993e+02 9.005367881081194525e+01
8.794204731442390255e+01 7.677822673149036348e+01 7.950128325472572044e+01 1.000578065857421137e+02 1.107135186293735245e+02 9.913794907363690356e+01 8.168418896071477775e+01 9.896054740320903420e+01 8.495898008885696129e+01 6.734986656666021076e+01 7.807197951290467586e+01 9.765983438833019648e+01 9.639758699751259030e+01 8.487622587377660466e+01 7.002596424856656654e+01 4.857883089607884841e+01 6.398797954617494810e+01 8.460294880648179117e+01 7.224757710355514462e+01 5.100881572390711938e+01 6.657359860960355036e+01 4.799629855960562708e+01 5.785131042120949019e+01 7.517769664484029590e+01 7.810535644749282369e+01 6.794838786483492754e+01 8.342735991693059816e+01 8.820176077057942621e+01 9.287782524872928036e+01 8.035714121329273496e+01 1.001968421670748910e+02 1.155685659116715840e+02 1.236723364284813158e+02 1.334555202343144344e+02 1.285369479116496620e+02 1.184900160318310469e+02 1.049072350691090492e+02
1.052559923665073001e+02 9.688553696782413738e+01 1.000578065857421137e+02 1.085259015992007363e+02 9.988849763443104735e+01 8.129468092487984165e+01 6.833915635316981252e+01 8.991128815401060592e+01 8.170569272958427121e+01 6.176134582694827913e+01 8.170569272958427121e+01 9.683986535328376988e+01 9.250393293830987318e+01 7.207941757777395253e+01 5.698147961681539897e+01 4.600535759431215155e+01 6.399176440371942931e+01 7.244788690639553863e+01 8.055749665432858819e+01 6.657359157865430177e+01 4.516399287883329805e+01 6.657359860960355036e+01 7.773789024312826257e+01 7.284902140644352642e+01 9.304849778676027938e+01 8.740886700123145658e+01 7.956069176628940909e+01 9.228899934290002705e+01 1.068959945096072630e+02 1.001968421670749194e+02 1.083272677571581966e+02 1.189759108011715796e+02 1.271925198073927135e+02 1.252801314288909253e+02 1.334941945760696171e+02 1.250092566279094228e+02 1.049072350691090634e+02
1.096264741907016855e+02 1.014136029873784111e+02 1.096264741907016855e+02 1.053111738120887537e+02 8.577282442519882011e+01 7.036976543015549623e+01 5.835027974017540942e+01 7.204495071646965698e+01 7.154026728874084995e+01 5.702272019507191203e+01 6.883796510096568966e+01 8.872800786372532400e+01 8.401907422523264302e+01 8.634784123278777201e+01 7.509759369191542078e+01 5.786686887959494641e+01 4.259546928438170710e+01 6.065540088526458362e+01 6.068333208035627990e+01 6.237030698930317385e+01 4.344227278620835619e+01 5.596344547628236654e+01 7.690346681175418553e+01 9.306361724923583267e+01 1.012251481226839473e+02 1.050015021067764991e+02 9.913883295052418987e+01 1.059852371075985218e+02 1.164407838323099185e+02 1.157217783211297188e+02 1.074976940423902647e+02 9.909505619467400095e+01 1.157217783211297188e+02 1.054283420455246585e+02 1.220363582599760264e+02 1.284275288522246683e+02 1.083291276299342485e+02
9.967246186204519631e+01 8.147227572027168208e+01 9.967246186204519631e+01 9.494315311586714756e+01 8.669547078975423915e+01 8.148989633331891014e+01 6.360193844481606362e+01 5.006616919582085501e+01 5.099804662224060792e+01 7.154026723465399584e+01 8.543425344669047661e+01 7.791026397676532156e+01 6.332958359426394424e+01 7.790019026727698304e+01 8.676196709291639309e+01 7.240741568389762506e+01 6.065523578312344455e+01 3.942199261749480144e+01 3.949497032279931830e+01 4.109121953410448924e+01 6.156439685849512955e+01 7.303894155956263035e+01 8.516469378116497069e+01 8.454007979903916237e+01 9.065232675742750246e+01 9.777677999502300565e+01 9.777677999502300565e+01 1.177235054069106468e+02 1.144737264020078698e+02 1.042309670432932194e+02 8.757515395981199902e+01 8.757515395981199902e+01 1.074976940423902647e+02 9.391438943178772547e+01 1.131434108814037529e+02 1.246189927288099284e+02 1.284275288522246683e+02
