MOVIE_S9_data/elevation_000218.asc
nrows	100
cellsize	150.0
xllcorner	0
ncols	100
yllcorner	0
NODATA_value	-9999
[rows 68 to 84 of 100, columns 37 to 73 of 100]
4.002159665656676424e+01 5.801857345642058306e+01 5.679458191356739150e+01 5.019388943635625822e+01 5.973480498757565726e+01 4.137928567109028677e+01 5.687360938685456802e+01 4.864657554739460465e+01 3.979915472548833577e+01 3.842001833019158852e+01 5.249643291213383378e+01 7.235483345771636721e+01 7.219997950170836987e+01 7.219997950227033812e+01 6.795745079227918950e+01 7.637858248536068118e+01 9.615017846987066719e+01 1.112137496016465406e+02 9.957156345931524299e+01 8.210577156291941492e+01 7.188492039536401990e+01 6.754899474021877381e+01 8.801315831308154713e+01 8.017507134179213324e+01 9.936913684403963032e+01 1.064440264870139430e+02 8.674426380240950607e+01 1.064440264870139430e+02 1.049534579597695938e+02 1.241362389202365506e+02 1.197245624684293261e+02 1.286778249486952745e+02 1.235648937213918686e+02 1.037496697512128634e+02 8.948390937589634575e+01 8.367855815437680178e+01 7.848039223143238985e+01
3.956604951512187540e+01 5.190324929123289621e+01 6.601064349712858359e+01 6.968151711571013607e+01 6.977405166068456310e+01 6.151964175076506791e+01 6.977382001743016815e+01 6.790335952541538234e+01 5.129420017367878160e+01 5.831301859421675005e+01 4.732653624725625008e+01 5.881549048974694927e+01 7.865690709691939730e+01 9.205282747233536611e+01 8.788206230671924857e+01 9.615017847055739253e+01 1.045866890095097830e+02 1.029725907665204687e+02 8.265032933913556690e+01 7.080290639948736953e+01 6.164863436218760029e+01 7.867823598644953620e+01 8.113675529713883350e+01 7.107173828180032160e+01 9.119991810300285806e+01 9.388280927169022050e+01 8.063309245022570337e+01 8.887416856358291284e+01 1.028385389466512123e+02 1.222191560065882356e+02 1.257249260199407388e+02 1.339524548300881008e+02 1.239985531995886845e+02 1.037703495578901993e+02 1.096950532333212607e+02 1.038680374750034048e+02 9.866050776263539035e+01
2.369298996329597884e+01 3.779646919049310583e+01 5.105427592480766208e+01 5.588672816273015798e+01 6.103038112959541195e+01 6.655823841741711533e+01 7.286685547083558845e+01 7.935475252759550813e+01 7.115438859811442285e+01 7.542009729446688482e+01 5.727765228950978837e+01 7.542490605661726022e+01 8.688147351082035641e+01 9.981532035055914776e+01 9.763560781745630379e+01 1.033105683126179031e+02 9.547163855811717781e+01 8.669556932644323410e+01 9.509707425342429588e+01 7.914142105099736568e+01 5.825122184470438924e+01 5.839003070003050766e+01 6.086129188771989362e+01 8.111835505902107002e+01 8.770773874823902361e+01 7.382057650188832554e+01 9.388279219059167247e+01 1.003863547452622385e+02 1.053123049023615039e+02 1.118299428012436323e+02 1.060744523031126221e+02 1.257249260199407388e+02 1.323027366917820586e+02 1.239985531995886845e+02 1.220893901914170243e+02 1.130367985947874558e+02 9.870549510615641964e+01
4.363692769123698412e+01 2.798860932797332168e+01 3.111281811827685928e+01 3.596201194408003232e+01 4.110909298020917646e+01 4.662725880892442376e+01 5.291724813433825858e+01 6.701479859387077909e+01 8.699496616911869751e+01 8.535117328435079287e+01 7.712542884600107129e+01 8.535117656218477578e+01 9.981532035055914776e+01 7.967873950109778036e+01 7.746646609585461363e+01 8.335013602227060403e+01 8.474091126965510057e+01 6.589360110686209282e+01 8.362090529929569982e+01 7.511167726883761020e+01 5.495353882337166596e+01 7.531792010526098125e+01 8.113675529713883350e+01 6.471804594756900997e+01 6.749811748877084483e+01 7.167908051695540905e+01 7.595865894423151587e+01 8.043169412425538667e+01 8.551720055109602470e+01 9.218815543940348789e+01 1.035287306439021080e+02 1.231432775389847194e+02 1.283592957037629674e+02 1.199565759881799636e+02 1.077474188955465735e+02 9.340544759963934496e+01 8.437419161747394014e+01
4.893874124494134747e+01 4.793994378820055147e+01 4.521529611623292055e+01 3.743050239080081809e+01 5.735493461678430549e+01 6.655823841741711533e+01 7.286685547083598635e+01 6.552390596965649650e+01 7.964584362794515471e+01 9.964104844414823958e+01 9.443102572205192757e+01 8.611798299283772451e+01 9.443102572205192757e+01 8.337387085648279594e+01 6.304791838232602430e+01 7.379550312734804152e+01 7.588749751231644325e+01 5.545834230071087489e+01 6.331610825519700825e+01 7.072765790943435604e+01 5.303584511317931316e+01 6.744183838406011944e+01 8.773886954164760255e+01 8.497275931808474070e+01 8.771208644276551070e+01 7.927262935506817598e+01 9.602883639086880407e+01 9.224637974271945495e+01 1.053123049023615039e+02 9.838932851621872544e+01 1.162677680463935275e+02 1.313638466991456539e+02 1.199565759881799636e+02 9.962697909346297820e+01 9.934452499173410445e+01 7.911639418457117756e+01 7.520099095087216767e+01
3.750548829663315331e+01 5.743800541130268300e+01 6.515082016909150298e+01 5.735493461678430549e+01 4.426230065229561461e+01 5.834391075182608688e+01 7.830411902212081543e+01 8.550230352739710327e+01 9.379131088079880385e+01 9.733589768200631909e+01 8.430944805880378112e+01 6.580288041514556596e+01 8.430944805880378112e+01 8.813034501528768772e+01 6.785438470200908512e+01 5.346246010620043165e+01 6.580617156545513069e+01 4.754985600759541597e+01 4.897037338567260178e+01 5.040912852776091313e+01 7.020431463376318959e+01 6.964544033976748949e+01 8.397129012095867040e+01 1.039583430781066511e+02 1.073870020472196245e+02 9.346389100932383087e+01 9.924059698335985047e+01 1.123324890971512673e+02 1.200996566101352983e+02 1.165517678312897516e+02 1.251668157562332198e+02 1.328267564524123827e+02 1.226490365740884840e+02 1.055813801651366219e+02 8.537165958896387963e+01 9.934452499173410445e+01 8.951645984694042113e+01
5.743800541130268300e+01 4.815524846897377387e+01 6.809768740481260352e+01 7.246689695432750966e+01 5.421410543382119585e+01 5.364426205366328304e+01 6.360813389497147341e+01 7.772616049159927343e+01 9.771864095689343799e+01 8.780145128375073682e+01 6.876242669201261037e+01 5.560189094516767483e+01 7.595985223704035150e+01 7.103258808316617490e+01 6.267356337574701541e+01 6.393660634548667332e+01 4.558045998056611836e+01 6.581896223869895834e+01 6.926646407930036276e+01 7.068912727194093293e+01 5.378300000715577767e+01 7.410867951992830172e+01 8.591484430060955901e+01 9.551267550242621951e+01 1.037671095821516758e+02 1.131867988917195760e+02 1.189295112236506071e+02 1.172176792720091498e+02 1.230063149221287517e+02 1.231976325121587763e+02 1.313708018604048107e+02 1.244298789049144318e+02 1.040398174804931841e+02 9.394066678588917796e+01 9.699348859682116597e+01 1.139931373986129444e+02 1.097803620974997187e+02
7.289481948721747528e+01 6.224985794873330036e+01 6.443324465799264544e+01 8.244968011996216717e+01 6.831414276051411605e+01 6.515220545967204657e+01 8.187821440465957323e+01 9.187045323245764905e+01 8.905930077532497080e+01 7.947292382437098013e+01 5.916778333609311602e+01 4.843590404498223023e+01 6.876089481198005160e+01 6.089860784644228886e+01 4.245616051623910892e+01 4.371350940993956868e+01 6.393660544900092191e+01 5.507234261792470420e+01 7.540853814408316680e+01 8.239064603944267162e+01 7.410867951992830172e+01 5.727268709725461093e+01 7.758513510577442673e+01 7.530124616154492401e+01 9.551267550242621951e+01 1.059214956733301989e+02 1.113578841398482808e+02 9.731605215248426077e+01 1.031451037791470213e+02 1.033643862944237952e+02 1.231976325121587763e+02 1.328267564524123827e+02 1.226490365740884840e+02 1.040398174804931841e+02 1.173126582124016295e+02 1.257211602331524176e+02 1.206923834942800227e+02
6.459868509430988581e+01 8.221559658812411442e+01 8.440258781980433866e+01 9.269353689670310814e+01 8.829409528372744376e+01 8.512802017318912817e+01 9.341745366334637879e+01 8.308261422030716403e+01 6.882339968797980134e+01 7.565301668143963809e+01 6.256149898569431400e+01 4.261107821989563860e+01 5.917068413776888747e+01 4.067614892699253204e+01 6.090723218256969318e+01 4.770817528207768987e+01 6.786868193548275485e+01 7.540853814408316680e+01 6.682688308966450563e+01 8.713129695493410054e+01 8.591484430060955901e+01 7.165348500029492129e+01 6.093193936059806504e+01 8.122103675801628242e+01 8.848895133854072981e+01 8.587791750450307404e+01 9.625615532884813774e+01 8.306054304520678500e+01 8.917978542315776735e+01 9.924134544727662899e+01 1.133182874258246216e+02 1.330769775984927037e+02 1.328267564524123827e+02 1.244298789049144318e+02 1.328267564524123827e+02 1.266901130834594369e+02 1.063150000931476171e+02
5.983533647766815022e+01 7.986704884526420756e+01 7.647505320622988734e+01 8.497927378300599344e+01 8.424705230850000248e+01 7.609232957249118101e+01 8.424705230850000248e+01 7.475035789304290290e+01 5.441897178123697643e+01 6.166074880479975207e+01 4.886863917236857446e+01 3.768502294836007849e+01 3.891690203046852048e+01 5.917068415686530614e+01 5.145872469928750093e+01 5.189158934873006501e+01 7.207705800754411030e+01 8.673934562863186670e+01 8.713129695493410054e+01 8.343808009661663050e+01 1.001761333815098993e+02 8.839518085491116040e+01 6.810363635110320502e+01 6.509286931300947288e+01 6.827704695627011233e+01 7.158417388541957393e+01 7.609750963261986101e+01 9.625612565020151123e+01 1.091733991115298039e+02 1.173675940774142390e+02 1.272811686382017626e+02 1.365558291124477535e+02 1.283767722547856351e+02 1.365558291124477535e+02 1.384411376252297714e+02 1.180877660778946137e+02 1.036691313159823551e+02
7.399855967588541716e+01 7.317392109070529216e+01 5.606218345327766173e+01 7.317392109070529216e+01 7.439013453541745946e+01 5.636747871272060451e+01 7.439013453541745946e+01 7.575822607248727536e+01 6.189166025355978462e+01 4.154712796698604649e+01 3.600316383509384366e+01 5.628859294390012025e+01 5.321078916518663959e+01 6.745377475900505715e+01 5.972943748008021458e+01 7.207789797193154868e+01 5.829678851807726403e+01 7.845202574545371021e+01 9.406131533642017928e+01 1.035642274838919974e+02 1.117814591968200659e+02 9.667765102592512960e+01 7.722558247805717713e+01 7.337240075745644674e+01 8.848895133854072981e+01 9.174853611086739136e+01 7.933489500296551000e+01 8.741780342161027306e+01 9.737932300124637663e+01 1.114371875315873410e+02 1.312037042770613482e+02 1.265972426010006160e+02 1.083886928993395458e+02 1.265972426010006160e+02 1.346506962703435875e+02 1.324366902498499314e+02 1.180877660778946137e+02
7.455953889491131292e+01 6.468852550283955338e+01 4.440618539835814715e+01 6.428963805397313536e+01 5.670305512108322432e+01 4.717620609956055944e+01 6.622990414260584657e+01 6.142911541030066758e+01 4.709999747258243730e+01 3.436371227223052927e+01 5.465006756886099737e+01 4.684337595659518882e+01 6.712519786464827121e+01 8.134335056676772524e+01 6.884020757984815475e+01 8.672444806079911928e+01 7.845202574545371021e+01 6.570344860157128153e+01 7.991942189718049860e+01 9.994452955145676754e+01 1.147519454725457990e+02 1.056734612322789530e+02 8.896424430067727940e+01 8.772862466788733116e+01 8.992640737037464760e+01 9.349062652312284172e+01 9.890317264480734138e+01 9.918520031429480355e+01 1.154952063273997567e+02 1.254029705949073019e+02 1.253164086759611706e+02 1.183827325770625691e+02 9.824408543330393684e+01 1.183827325770625691e+02 1.147363142528366780e+02 1.287775889240945446e+02 1.384411376252297714e+02
6.474958197560734163e+01 5.718021722107184956e+01 3.781967272562584270e+01 4.946837805312913616e+01 3.908948034845580821e+01 5.670301508847144589e+01 5.925480211688837784e+01 5.145542354227469417e+01 3.276929388316015235e+01 5.304489009918054876e+01 5.092656625596194431e+01 6.715281833873700634e+01 6.119728524518035329e+01 8.153074710436324324e+01 8.322470782081137486e+01 8.910636515143654890e+01 9.406131533642017928e+01 7.732021595984569728e+01 7.646245288848923849e+01 8.647582717854419343e+01 1.065033751979304668e+02 1.172010402893010905e+02 1.089981379261733991e+02 1.077785321929289779e+02 1.041330981554459640e+02 1.088984600120794539e+02 1.136249313219722836e+02 1.190223282462713144e+02 1.228955375457057073e+02 1.193935849634970054e+02 1.052751019139597162e+02 1.116698501958096585e+02 9.143157998347098214e+01 1.078525078063372860e+02 1.004624013067930122e+02 1.205691017026251046e+02 1.334437769294556233e+02
4.922454591219862863e+01 4.670412769517518115e+01 3.248030598217943066e+01 3.270047394491798087e+01 4.786306847123248076e+01 4.922739592790912155e+01 4.827191726356331714e+01 3.119613336689995720e+01 5.145538910787917075e+01 6.142710833497961431e+01 7.121774846784531121e+01 7.956855453874980810e+01 8.153074710436324324e+01 8.987190287723180404e+01 1.033059420482631054e+02 1.090953726382983149e+02 1.056109654529016098e+02 9.734725858696936029e+01 9.648960118823727328e+01 1.047548279768851103e+02 1.147519454725457990e+02 1.196128822392296058e+02 1.111208246206875572e+02 1.196128822392296058e+02 1.239987679691790277e+02 1.244002494335688027e+02 1.311797506546303396e+02 1.169587635539425179e+02 1.028156717471037780e+02 1.093174270325263677e+02 9.089390655831324750e+01 9.726376687809718646e+01 8.522718194341906894e+01 8.755724340202947076e+01 9.347839023916831991e+01 1.052172386656368133e+02 1.252543511113732393e+02
2.588055097096394874e+01 2.650062883672786995e+01 2.712110272075408446e+01 2.774543334933283134e+01 2.837414302446834924e+01 2.900396971706474147e+01 2.963467414823447044e+01 4.987795126194750850e+01 5.167965619837119107e+01 5.943288100230164162e+01 7.364046088860655459e+01 8.020376005873750103e+01 8.241734108189909591e+01 9.074533892110271438e+01 8.847298578618712384e+01 9.683318145702730817e+01 1.050831812736938105e+02 1.024687110011388569e+02 1.107425319293113404e+02 1.223392210109766012e+02 1.160966457300519465e+02 1.076024850915603537e+02 9.053023393474178704e+01 1.093306133237462632e+02 1.137551626380879952e+02 1.001760429961435790e+02 1.137551626380879952e+02 1.086969282741984131e+02 8.839839092728554704e+01 9.585900603694271638e+01 8.058723975939911099e+01 7.675584527772736010e+01 8.085093342374715064e+01 1.012678545385545448e+02 1.136859188470445616e+02 1.043534008209319950e+02 1.144516538219603206e+02
3.074213290253091202e+01 4.527900489771281656e+01 4.031098327559988803e+01 5.180769832956603693e+01 4.267117772472295911e+01 4.923872058220692338e+01 4.717821721466509644e+01 3.072457086147964134e+01 3.152554450583480161e+01 3.320833510845746872e+01 6.054085536282719460e+01 5.989558812430519197e+01 6.211954607869574829e+01 7.411980753909074338e+01 6.817614149721681827e+01 8.847223739411113286e+01 8.477452469801185941e+01 8.212477370089418116e+01 9.393325005519189119e+01 1.141283674863122855e+02 1.076024850915603537e+02 8.699099403764796534e+01 8.019510013007560190e+01 1.008255292777147218e+02 1.035917500494768859e+02 8.328127370764306647e+01 1.035917500494768859e+02 1.087091516222016025e+02 9.585900577372659370e+01 7.532103632160911388e+01 7.207345493644127998e+01 9.267805620053233895e+01 1.012678545385545448e+02 9.535661569448913610e+01 1.155388475263402910e+02 1.244027430594103976e+02 1.325944567644574477e+02
4.746109360984855385e+01 3.856467379047800392e+01 5.311246898559657836e+01 6.502794810583064589e+01 6.317915268717098343e+01 5.503514919337796840e+01 3.483573635038403893e+01 5.098429709716774738e+01 5.179730601692795489e+01 3.264606559880053283e+01 5.293934565814303994e+01 4.552910385699496487e+01 6.395274602646686191e+01 5.378783205197670014e+01 7.411980753909074338e+01 9.072313332446569234e+01 7.027834806687064884e+01 8.425490366622837257e+01 1.045276760467375112e+02 1.026073305947875127e+02 1.076024850918597480e+02 8.699099403764797955e+01 7.234608203029638673e+01 8.521094489045272269e+01 9.374039619441303728e+01 7.369270756632202790e+01 9.502856762054554451e+01 1.004056880182555602e+02 7.995371495867230749e+01 6.795031212123379305e+01 8.859773713740166556e+01 8.895366345857821955e+01 1.092497035039533131e+02 1.155388475263402910e+02 1.237696507221648545e+02 1.195184216427851993e+02 1.195184216428042134e+02
