MOVIE_S9_data/elevation_000932.asc
nrows	100
cellsize	150.0
xllcorner	0
ncols	100
yllcorner	0
NODATA_value	-9999
[rows 68 to 84 of 100, columns 37 to 73 of 100]
5.295051402720633149e+01 3.968072010452045362e+01 3.451324255792452789e+01 2.983871839561539474e+01 3.023657495464175682e+01 3.244112708514069254e+01 5.255269699017117802e+01 5.941845882784764399e+01 6.243526541012595743e+01 6.572464472659784462e+01 6.913542985998044799e+01 6.462509578031092872e+01 7.726373084818352766e+01 7.641644485510666129e+01 7.082878712870180493e+01 9.072200800997977410e+01 1.095914087863913551e+02 1.210819857214632975e+02 1.126501450454866813e+02 9.313654005248722001e+01 1.013839599499184487e+02 1.095829315592586681e+02 1.144650608881645155e+02 9.976904281090735083e+01 8.021657047751487823e+01 6.850940957561577704e+01 7.436298990937036990e+01 9.088944221612662488e+01 9.741288231926185404e+01 9.373780789117938639e+01 8.055928477400131271e+01 7.238333611716038263e+01 5.305693845988253798e+01 6.731716942422848149e+01 7.690731553893881767e+01 7.985579369677131467e+01 6.392950308024236250e+01
5.420913242136595755e+01 3.411768185289959376e+01 2.927779157310331115e+01 4.935118661963702635e+01 3.269685650889926620e+01 5.238115673531133609e+01 3.588785504228595613e+01 3.891782327641939077e+01 4.219828815134456335e+01 4.571613086540123305e+01 4.924723929628709840e+01 5.317889047845443429e+01 5.739724849632845860e+01 6.233719761028395112e+01 8.224103751284297914e+01 8.148074151899697881e+01 9.293593538034362211e+01 1.128046581776336410e+02 1.209292633209394126e+02 1.068460930338112149e+02 1.209292633209394126e+02 1.213231514092490784e+02 1.062505479269414366e+02 8.680304072806204374e+01 7.539493876228833358e+01 8.848030193383473829e+01 9.412453564361885583e+01 1.022910077596096841e+02 1.031690613537677876e+02 1.006558822502407651e+02 8.705254276705429106e+01 7.503919376623493065e+01 5.610647794107792663e+01 5.394084605762678564e+01 5.681532767749367707e+01 5.965504261969136479e+01 7.985580121691748445e+01
6.125771423257582171e+01 4.896753020503054188e+01 2.888355090141964965e+01 4.630959877247472178e+01 5.635507850588152223e+01 6.299503770354067456e+01 4.359594959872950426e+01 5.941851503122713751e+01 5.064219186912406201e+01 6.572464472659784462e+01 6.913544349434037883e+01 6.183174630634538715e+01 7.726373084818352766e+01 7.361414746920858931e+01 9.048992688365609638e+01 1.013334457221641856e+02 1.095914087863913551e+02 1.122571736618777578e+02 1.205523689204311779e+02 1.266623661287925700e+02 1.270465589793458605e+02 1.072495432925166341e+02 9.356265880448279404e+01 8.388168250737010112e+01 8.931620898775504713e+01 1.031777540363308105e+02 1.086270132602729461e+02 9.796713147027203661e+01 8.486808000712028388e+01 8.697695266526925195e+01 7.415819027437997590e+01 6.035389374675007446e+01 7.388837330756668109e+01 5.457889351646441156e+01 7.474962019855355777e+01 7.985571763607310913e+01 7.485080604891982148e+01
4.667211984805811653e+01 4.798982591071388981e+01 2.848951901679843601e+01 4.010599184703566777e+01 6.027414051622589852e+01 7.201675010274274769e+01 5.792413763865372545e+01 6.010554278187613875e+01 7.057128265324068650e+01 6.474945576670660330e+01 8.462641608049965214e+01 7.330153311473006283e+01 8.995252323950363404e+01 9.349775526503674428e+01 1.017428210901188521e+02 1.090543264705288209e+02 1.007857192889862432e+02 9.238803185131179418e+01 1.090543264599151172e+02 1.162157280702108153e+02 1.245216619092951760e+02 1.171481819113932374e+02 9.757145538479815627e+01 9.757145538479815627e+01 1.088002979501176100e+02 1.138673457205696593e+02 1.007638815062894935e+02 8.251574215772326681e+01 7.166930449184278018e+01 6.816227546806551629e+01 6.478546625239523848e+01 7.463953657749897275e+01 7.060761249381381788e+01 5.521391228045982302e+01 7.518478463547030799e+01 8.270048833907914343e+01 9.357232731934087155e+01
2.755390440942781183e+01 2.793160355019886509e+01 3.417008454190898448e+01 5.401270630170883891e+01 6.862555581449490205e+01 7.867482096007813652e+01 7.785692940268441475e+01 8.003309734718126833e+01 8.828776189278971742e+01 8.462641608049965214e+01 9.287842142084569730e+01 9.318044002954434291e+01 1.014400071680217366e+02 9.960174505673738565e+01 1.001590175470819304e+02 9.190368622482995420e+01 8.092488957890120105e+01 8.092488957890120105e+01 1.007857192889648843e+02 9.634283144642914465e+01 1.130177025304920306e+02 1.254462042036527265e+02 1.171481819113932374e+02 1.171481819113932374e+02 1.174574251004233503e+02 1.059287539765499560e+02 8.771997887694800511e+01 7.722508776111016005e+01 9.022831334118491498e+01 8.697652994615121713e+01 7.455300616981024575e+01 8.950102965703436553e+01 8.291079260211461133e+01 7.518478784200483744e+01 5.610138159996119356e+01 5.958169502733274214e+01 8.329026449009940336e+01
4.712826770749354921e+01 3.334655184443931830e+01 2.974236508219313180e+01 4.979919687220637314e+01 5.992817679800052844e+01 5.910315413022190967e+01 7.292575674656158924e+01 8.600281382974652900e+01 8.012460632761978729e+01 8.012460632791317039e+01 8.841536031939455142e+01 1.003097431687781267e+02 9.694816858393961923e+01 8.053563659220876048e+01 8.558379166091485502e+01 7.198503515619479742e+01 6.938358714668096638e+01 8.873436649271468468e+01 9.329592923637952140e+01 8.491674639923034817e+01 1.047421058548867450e+02 1.148450801796460752e+02 1.248056465438068443e+02 1.203021624512550716e+02 1.015219929469804612e+02 9.123490525306922905e+01 8.333428731423008173e+01 9.541591277099861657e+01 1.031927277244483321e+02 1.008700605354623292e+02 9.309304049663739988e+01 1.008758950292311880e+02 9.099112460906775368e+01 8.284736194445545721e+01 7.602100339099446558e+01 5.697627305788302010e+01 7.685486767127756025e+01
5.957129678977752008e+01 4.319726414194319375e+01 4.979919687233625325e+01 3.156599835103163443e+01 5.164358507340480031e+01 4.495602550033639488e+01 6.307799045709602836e+01 6.498658918192909084e+01 5.871622287741495683e+01 5.871622287741497814e+01 8.012460632791317039e+01 8.114791827277065295e+01 8.922140328635101980e+01 6.768353750061682206e+01 7.057031631506649205e+01 6.039188365225823674e+01 6.449808752659883737e+01 6.879398974238299047e+01 7.341253821228070819e+01 7.974282849966428444e+01 8.676424303470521693e+01 9.663291070623989754e+01 1.164956298295128505e+02 1.284512469135871413e+02 1.099113053749506008e+02 9.166342664131994411e+01 9.470597809114042320e+01 1.091651363157834140e+02 1.144620846516527735e+02 9.484961575116413712e+01 9.484961575116412291e+01 9.117913031698851967e+01 8.284736368526009187e+01 6.305244462185977738e+01 7.300993836885662347e+01 5.758773120833465953e+01 6.063456515868951158e+01
7.159913503727391060e+01 6.327835811424311885e+01 5.575531962805586517e+01 3.572788307487687831e+01 3.350016722633317556e+01 3.487648773104649536e+01 5.499081762084630043e+01 5.845848079795126040e+01 4.228380845133670363e+01 6.498659321582398718e+01 7.218457527470805246e+01 6.798614402363136833e+01 8.004100128728283892e+01 7.178603751457006865e+01 5.584385450487734914e+01 7.584034741793537648e+01 8.448306388514450305e+01 8.873436649274047738e+01 9.329592923637952140e+01 9.956390350557889235e+01 1.065642702677102989e+02 1.148450801796460752e+02 1.248056466570087366e+02 1.218340679955968824e+02 1.029825250541050536e+02 1.043716889997279225e+02 1.121709461531350058e+02 1.165307363287351876e+02 1.088906110143253727e+02 9.484961575116412291e+01 7.529103424364552666e+01 7.153756728686224164e+01 6.795504327736807682e+01 7.829317922374569605e+01 5.844817673507704114e+01 7.744746021877729447e+01 7.453208184116913060e+01
7.609135988467515688e+01 5.626296203047890288e+01 4.210000498901509047e+01 5.575531962805586517e+01 5.359940319894230498e+01 5.498608441933563284e+01 3.687279114052300599e+01 3.833203700299120698e+01 3.984940197760833058e+01 5.993669168732152031e+01 5.255520746458881831e+01 6.531981328067807624e+01 6.795869806820125802e+01 5.177895208404260075e+01 6.594817731918629988e+01 7.584034741793536227e+01 9.576394338664827899e+01 1.021222740897394061e+02 9.387708996643365822e+01 9.810299051763858813e+01 1.063543809359464944e+02 1.174563161541618115e+02 1.257564374739093580e+02 1.299974189159528066e+02 1.161408748108292741e+02 1.232851223583571709e+02 1.175061429633341561e+02 9.521862082246084924e+01 1.006794310086528412e+02 8.117467032260451276e+01 9.484961575116412291e+01 9.117913031698851967e+01 8.767201200080774015e+01 7.890168109463631652e+01 5.906219327571238153e+01 7.890167545884207811e+01 9.437020777608807975e+01
7.825967411222764269e+01 5.843214612438323741e+01 4.749581481839247488e+01 6.738660170887044387e+01 6.645132284743897344e+01 4.639832582911928682e+01 5.699836610030668282e+01 5.845849265798609196e+01 5.993667900986960007e+01 4.201458610687574691e+01 4.361039536891703250e+01 4.526513738970393064e+01 4.792357703153017923e+01 6.795869813328515363e+01 8.004102648990338764e+01 9.413387565699252946e+01 9.650139878968757046e+01 8.826006212698079878e+01 7.401789758947985831e+01 7.828175997282049536e+01 9.810299051763858813e+01 9.759196248654225769e+01 1.116029408581158293e+02 1.315876141795357057e+02 1.355786521959077504e+02 1.304766683269291718e+02 1.128576914020068074e+02 9.349338102790827065e+01 8.793291141054953641e+01 9.493547212629037801e+01 1.088906110138550218e+02 1.043590242090439375e+02 8.743053842597083758e+01 6.817784773078274441e+01 5.967369683905925370e+01 7.951211159677966123e+01 8.856376075380720181e+01
8.649647629867642706e+01 6.738660170887038703e+01 5.384664429763023463e+01 7.364849751469675709e+01 7.470802777974698472e+01 5.540969410902658865e+01 7.470802777974698472e+01 7.025573187006749265e+01 5.025111652964153564e+01 6.208888214529090277e+01 5.262783802210896056e+01 6.532001440689943195e+01 4.800038800495846658e+01 6.207685531453252281e+01 8.233105080984719848e+01 9.152099496350918173e+01 8.327704165558121474e+01 6.832798024138232051e+01 8.826006212698079878e+01 9.810299051763858813e+01 8.509689874168219603e+01 1.048929957868024871e+02 1.231083262134519742e+02 1.330956437621176747e+02 1.363081015950956782e+02 1.162582798421307757e+02 1.024596370940223409e+02 1.128576914020068074e+02 1.075256017365445018e+02 1.145465744441650742e+02 1.034549396524995046e+02 9.257092725663332544e+01 7.660847674528424989e+01 6.256015826940306823e+01 7.951156715099605776e+01 6.058286703886482627e+01 8.041793035394320555e+01
9.544876563597367181e+01 8.063165751514056012e+01 6.088029835344269713e+01 8.063165751514056012e+01 7.538419336508643198e+01 6.955512144097562555e+01 8.090907379180269743e+01 6.097849604415831237e+01 6.442165798925424269e+01 7.850694318272239514e+01 6.265282864210217184e+01 7.021908567527805189e+01 4.984216972192967887e+01 7.021939214906630866e+01 7.602095493322687503e+01 7.854666336271185401e+01 6.320774624478762149e+01 8.327704165558121474e+01 8.461756833413392087e+01 1.044673008964043248e+02 9.907114083006881344e+01 9.497275990670689794e+01 1.048472439040183133e+02 1.247792194297777257e+02 1.385219497013172827e+02 1.184468956077648585e+02 1.221307366719926506e+02 1.304766683269291718e+02 1.134154242538595554e+02 1.051905994794531125e+02 9.437991145190113684e+01 7.706200717650150978e+01 6.553358662407885049e+01 7.660847674510327465e+01 8.856217683232688387e+01 8.041793029762773415e+01 6.149777940170339008e+01
9.604011332373264054e+01 8.887005695907340908e+01 7.226624585847871174e+01 8.887005695907340908e+01 9.528574950977159119e+01 8.945681786032285743e+01 8.915766970544726178e+01 7.096652499864076447e+01 8.434043215701362328e+01 8.257238499645352192e+01 8.257238365404346325e+01 6.651381867310055895e+01 7.021939214905357574e+01 5.288021079343274522e+01 5.544078751225646329e+01 5.818375103705065499e+01 7.854666275780026297e+01 8.867202967073986031e+01 9.691367871121687472e+01 1.127350130862408548e+02 1.189481969815179809e+02 1.148132316668980337e+02 1.231083262134519742e+02 1.330956437621176747e+02 1.469096434630607177e+02 1.307616425622378813e+02 1.224285908733261721e+02 1.225722866245186680e+02 1.051905994794531125e+02 8.574653187030493484e+01 8.830638170626866668e+01 6.863561073139123891e+01 7.954636477696402608e+01 9.340520763638212998e+01 1.043589541553129152e+02 8.921962174971855575e+01 8.050223467833846769e+01
9.866280457906559320e+01 1.003249921756200109e+02 9.205902235125522282e+01 9.636282016724823052e+01 8.796234230281224598e+01 9.636282016724823052e+01 9.910673710912173817e+01 9.085162258496454513e+01 9.910673710912173817e+01 1.024612561404930773e+02 9.497146579902521069e+01 8.670726256769441420e+01 7.352524119794753688e+01 6.091649570440232964e+01 7.602095469878321410e+01 7.854666121563963088e+01 6.417123414781322310e+01 6.874517676959132473e+01 8.867202992983938259e+01 1.018913454846700688e+02 1.084937838315138521e+02 1.167719980716148882e+02 1.267339374096502809e+02 1.424826557870176202e+02 1.308775149956629775e+02 1.219911724964422746e+02 1.027179764913587547e+02 1.063350493000487376e+02 9.475564291022907071e+01 9.144156741917467457e+01 7.186189115242009962e+01 8.260228670431877163e+01 9.644277674965104552e+01 1.072846499239376357e+02 1.017726122904809216e+02 9.360788195613856999e+01 8.534747732551090849e+01
1.001738642721787329e+02 1.014068749441133690e+02 9.303909027026428191e+01 8.630860724664022143e+01 6.792521162462661266e+01 8.630860724664022143e+01 8.883496375121886501e+01 8.048495368328607924e+01 8.883496375121886501e+01 8.393007536894005227e+01 9.228555674054651092e+01 1.018385274558762461e+02 8.944189371578679015e+01 7.120921070661954388e+01 8.944187936375027448e+01 8.421624939489859685e+01 7.839666948708865846e+01 8.286024643222559405e+01 7.632799857928532106e+01 8.208094229156667154e+01 8.868646879098277225e+01 9.855731797087484836e+01 1.184302496921526995e+02 1.341069558239915693e+02 1.140559824550394410e+02 1.027764326297728417e+02 9.421990572108956030e+01 8.700993455670847254e+01 9.475574188967203781e+01 7.528886883772791805e+01 8.574653186849249664e+01 9.958077107992860988e+01 1.102831565517312526e+02 1.073811244247361003e+02 9.362377304051376825e+01 7.418086479314412429e+01 7.043737629985542981e+01
9.203226977005293463e+01 8.978820949597925960e+01 7.294707310410956325e+01 7.794377696371947195e+01 5.821029595691090464e+01 7.794377696371947195e+01 7.880640965735722148e+01 6.046992933015631166e+01 7.125704990397142069e+01 6.389226271163238380e+01 7.803604042542758634e+01 9.815953446666870263e+01 9.941369382704552038e+01 9.116406220336747879e+01 9.941369382704552038e+01 1.040939943138288584e+02 9.826596418597196703e+01 1.027029161214220920e+02 9.617257467652351011e+01 1.018913454846700688e+02 1.084937838315138521e+02 1.167719980716148882e+02 1.267339374096502809e+02 1.341064617521552123e+02 1.140559814462010024e+02 1.027764326215701232e+02 9.421990572090518867e+01 8.643224679452886505e+01 7.909511633849216139e+01 8.154010170206979069e+01 1.008683327354660690e+02 1.134151940864777117e+02 1.129919942471744747e+02 9.348927449850997107e+01 7.989098403060850728e+01 9.362652856198067752e+01 7.930163884572694144e+01
9.203226977005292042e+01 8.081590133849387314e+01 6.141527984943588336e+01 7.136594996144994241e+01 5.171915992183836863e+01 7.136594996144994241e+01 6.979600292631519665e+01 5.048503394379420683e+01 5.126330486347028881e+01 6.538546105475050751e+01 8.543231933643906473e+01 9.452910025674466965e+01 8.616297425630848750e+01 8.877924412718726899e+01 9.714887681462866453e+01 1.100037820592470865e+02 1.016586663169859150e+02 9.673281774638734021e+01 1.017875278067519389e+02 1.073917771816590800e+02 1.137679870804820013e+02 1.221140367364884014e+02 1.311142486936751084e+02 1.424784959371414175e+02 1.308750529855306866e+02 1.163575205829228025e+02 1.031206418328221872e+02 8.384351721548497949e+01 9.844557029897646316e+01 9.514909736365163440e+01 9.264341578243814013e+01 1.121065774455555299e+02 1.149274898011331345e+02 9.528223087543535996e+01 8.423349483867229992e+01 1.035984244094367597e+02 9.045201541870238771e+01
