MOVIE_S9_data/elevation_000684.asc
nrows	100
cellsize	150.0
xllcorner	0
ncols	100
yllcorner	0
NODATA_value	-9999
[rows 68 to 84 of 100, columns 0 to 36 of 100]
5.009162696260269221e-02 2.005009162696224578e+01 2.918090486598648425e+01 2.899134533019618232e+01 4.107504898953344252e+01 4.903371118195747158e+01 5.451339142338058252e+01 3.775401411369310978e+01 5.481060119138983566e+01 6.032917692407041699e+01 4.349210322262962336e+01 4.869844716246313254e+01 3.755018028562903254e+01 5.771579169798757647e+01 5.824149348096809575e+01 7.831985585950741324e+01 8.207029738319248224e+01 6.179624959446014998e+01 6.331017484008555130e+01 6.067901546886104569e+01 8.095312807080908613e+01 8.287124764787802178e+01 7.113693688528717018e+01 6.273499106743425813e+01 5.991055493558801714e+01 3.951835355513082959e+01 2.517807755069472009e+01 4.549078772416523719e+01 6.038281352387534895e+01 7.045581364330462293e+01 7.556691319930183681e+01 5.869482682075454960e+01 3.854709897273635022e+01 2.695617560757377973e+01 1.995664369432400065e+01 1.965974222754162781e+01 3.942083330354608250e+01
4.695337527364121244e-02 4.635006504437703789e+00 9.346752125621879514e+00 1.559636893146206660e+01 2.205635531584720965e+01 3.502777980889764819e+01 5.082009665827366263e+01 5.871723987633410502e+01 6.816052450966866161e+01 7.194504828121525009e+01 6.365478278839489690e+01 6.483125581740098653e+01 4.466243054985817906e+01 6.488076850104877735e+01 7.831985585950741324e+01 8.026284573555406610e+01 7.048146949074912015e+01 6.210426730573559695e+01 4.904272188566410051e+01 6.331017484008555130e+01 8.358271268327082737e+01 7.449212210555910474e+01 5.412817379628178571e+01 4.232453715436596298e+01 5.182433393753032647e+01 4.361225217585372604e+01 2.332708809497805191e+01 3.155688688849186718e+01 4.172007977096872366e+01 5.616050410984853869e+01 7.642903871783876468e+01 6.704409889107932941e+01 5.541024739106103425e+01 4.701629213500213211e+01 3.891429546616996049e+01 1.928356235792467643e+01 3.621711563015892210e+01
7.614146464036156137e-02 2.007614146464000626e+01 2.918090486598648425e+01 2.554893430780951746e+01 4.107929817834210695e+01 3.757378636628061486e+01 5.663673889202030409e+01 6.424290983866787030e+01 6.167964389523861257e+01 6.181294300055054691e+01 7.037695664899644044e+01 7.320340026996912286e+01 5.636722314779400023e+01 7.321698941488772050e+01 8.621201137484590049e+01 6.595726947786123162e+01 5.167901963502212226e+01 4.195432996858681918e+01 6.210426730573559695e+01 7.465709630855511136e+01 7.083907638638390836e+01 7.924155534361032949e+01 7.112290305861014872e+01 5.182433564866902032e+01 3.145725259835654342e+01 4.179739689241410616e+01 2.155051461155018444e+01 3.581476798229117264e+01 5.589864187593736489e+01 5.876797914783678323e+01 6.297538836721513178e+01 6.316363682099546395e+01 5.021684801668741471e+01 4.185781768537282943e+01 3.843062225689695310e+01 1.891308010811770046e+01 3.897255720704171011e+01
2.352828262072655108e-02 1.416566390635155059e+01 3.416566390635083650e+01 4.531787507599550224e+01 5.352526527693086678e+01 5.663673889202030409e+01 5.123601505072506512e+01 4.298611681010044805e+01 4.162784895545895125e+01 4.165966570939295366e+01 6.178669505176422660e+01 8.149709722040890369e+01 7.651642366574290577e+01 8.484160859621435691e+01 8.401317655718763433e+01 7.389424772989107737e+01 5.759860434291282871e+01 3.747020679973273616e+01 4.610586471870458070e+01 6.038148051362983892e+01 5.060990223883612771e+01 6.754634072297335479e+01 7.639872998081563082e+01 6.018764094701099765e+01 4.313787527848687375e+01 2.287845485833391734e+01 1.981138063699914298e+01 4.001472552044182862e+01 4.910894458560331088e+01 3.769732893536987461e+01 4.275699421904852215e+01 5.409178045334010676e+01 3.371177599607438680e+01 1.965095214441525329e+01 1.839662829684068157e+01 2.931538060520729871e+01 3.033467261105078450e+01
6.786455232800275850e-02 1.160269589450020256e+01 2.564926676045315901e+01 4.530783721496392502e+01 4.366301050073374768e+01 4.400508463951723570e+01 3.063172354547906551e+01 2.943072292427784475e+01 2.747016678364343534e+01 3.905743300072320068e+01 5.321185228388944211e+01 6.374848685395571124e+01 7.208001550830427107e+01 8.367102261468082247e+01 7.563943390512957876e+01 5.539252379433849427e+01 4.533958242347413403e+01 3.824973344266668818e+01 3.189980107993672576e+01 4.751787442937493466e+01 3.900297636331645634e+01 5.915515055431585267e+01 6.823563543878486826e+01 4.887499601527667181e+01 3.751796854785105495e+01 1.737233731615208399e+01 3.520363381786778945e+01 3.586928034008064259e+01 1.656905528215879286e+01 2.455706550987797243e+01 3.572796603009589944e+01 5.016410137110462131e+01 4.720667870543195477e+01 3.794421178870069866e+01 1.803883008109882624e+01 3.798590536282069507e+01 5.019348841972408337e+01
3.257643153035955086e-02 2.003257643153000345e+01 3.593059388203787563e+01 2.791482625969093334e+01 2.365898684320802658e+01 3.182985769822141364e+01 1.567345277626151656e+01 1.850265837742955810e+01 3.855227332767015724e+01 4.698408363098543106e+01 5.212070611568740475e+01 4.370761748873417929e+01 5.527887603279739892e+01 7.531818907634020377e+01 8.401317655718763433e+01 7.389424773188949302e+01 6.551597884953162065e+01 5.838254548317230075e+01 4.751787442937493466e+01 2.740462153211709051e+01 4.345429765528491117e+01 5.180987437979965904e+01 6.037126474253241071e+01 4.047889169727201875e+01 2.889843963583616571e+01 3.484932567610736243e+01 1.534979740453536934e+01 1.493087779479935051e+01 1.528946825730578674e+01 3.008140302903574081e+01 3.475997282210034456e+01 3.606926098256955981e+01 3.190196449841338477e+01 3.712826165378507426e+01 1.768465874351419842e+01 3.766722392686373411e+01 4.056150121781079321e+01
1.880098487986705744e-02 2.001880098483215775e+01 2.414567716974220346e+01 7.264364524838626380e+00 9.514553562578397461e+00 1.182399588528496182e+01 3.182591671363155683e+01 3.856877410301114395e+01 2.335958126362289278e+01 2.690436318500517032e+01 3.209624515969117908e+01 3.970749322493448830e+01 4.868714376114967735e+01 6.023659590856067325e+01 8.028361615597633261e+01 7.764806539028128896e+01 5.740210547437514066e+01 4.577735896741891963e+01 3.680075963472363298e+01 2.969957240070372606e+01 2.336443006819975921e+01 3.984599052875769587e+01 4.819686950823164295e+01 4.903670590266351326e+01 4.113094029018508735e+01 3.177068501709293002e+01 1.441807087934078169e+01 3.147313326899792685e+01 3.383280412237499490e+01 1.579151722572967920e+01 1.614510811479082619e+01 1.649747958108937596e+01 1.684722095859473967e+01 1.719384290666924642e+01 2.196630394376452955e+01 2.049504145341053984e+01 4.056183023155030298e+01
2.900726248362994752e-02 1.971578988027362644e+00 4.140883608558412199e+00 2.259730382611864741e+01 2.930061031531625915e+01 2.597093557773841255e+01 1.889727593841766051e+01 3.890590265728236830e+01 4.344089517815233137e+01 4.699201276403393734e+01 3.450802051776393853e+01 5.457760128056041538e+01 6.807982920270528382e+01 7.704845628022503945e+01 8.864692426205704123e+01 8.601498849810323577e+01 7.433382791842373649e+01 6.530347953671832784e+01 5.693352614449107563e+01 4.981551828294016815e+01 3.984599052875770298e+01 1.983825093406682782e+01 3.643959498067175673e+01 2.829916907379144675e+01 3.320468640034881957e+01 1.391474356692556391e+01 3.367469824329572958e+01 2.130446012782998721e+01 3.882268385598793259e+01 3.601711228456390756e+01 3.045917077883349933e+01 3.074173884475779062e+01 3.607773172417634555e+01 1.846744439164239537e+01 3.862058496677480690e+01 4.056183023155030298e+01 2.346150917875236530e+01
5.081304048347550645e-02 2.003095783481616721e+01 8.296999625128171019e+00 2.820952889097882732e+01 4.186715836799443480e+01 4.598112583135841902e+01 3.304459521736470151e+01 2.706700075816808138e+01 3.414071594614988925e+01 5.414673142362732960e+01 4.087407791971666171e+01 5.457760128056041538e+01 7.463122432357555169e+01 8.824590505206245439e+01 9.987258342459436733e+01 9.062127409574760861e+01 6.901687274605166067e+01 6.901687274605166067e+01 7.056657176175370694e+01 5.037579297008969803e+01 3.615038820522198648e+01 3.643959498072072023e+01 1.642445856910525848e+01 1.386455594848910877e+01 1.341032966481487421e+01 3.308321014058362408e+01 4.186557952321525988e+01 4.107921696349986007e+01 2.898739364616784542e+01 4.742522833774037849e+01 5.167071259243653003e+01 5.191358937463495948e+01 4.259248479095865747e+01 2.228540758540514943e+01 4.263248895986750853e+01 5.194272309874868654e+01 3.770420624065462789e+01
4.469920835086939326e-02 2.004238104922815822e+01 2.835938424065119179e+01 1.516435935322817841e+01 3.530659541903636267e+01 4.993347898168799759e+01 5.305635062987187212e+01 3.861512049859486950e+01 5.414673142362732960e+01 4.678593040284328453e+01 6.091514229727544461e+01 5.090457777780882509e+01 5.984898445338664175e+01 7.139315400843848636e+01 9.148972292366164538e+01 8.432356969340528963e+01 6.267663127532289025e+01 4.759174986066881274e+01 5.664707228075506151e+01 5.898534573112777224e+01 5.159288966469782878e+01 4.457601505396714003e+01 3.632220977372909942e+01 3.269922580640416498e+01 1.305275970329794077e+01 2.705499298427932686e+01 4.751358618226996811e+01 5.566761260594140737e+01 4.769467119801291943e+01 3.793582047117980238e+01 5.644918131647871462e+01 6.103316139159368703e+01 4.083465089882243859e+01 2.657585223893348569e+01 4.675065299778049166e+01 6.618123995684280203e+01 5.342916358319264702e+01
2.324776005098762310e-02 1.416541665533242522e+01 3.416802249175879069e+01 2.939726376047684298e+01 2.336334028188386824e+01 2.973520093386715502e+01 4.993347898193508172e+01 5.862794838917680806e+01 6.695065054130432713e+01 5.833355073052171491e+01 7.514671486399470268e+01 7.092570681674214939e+01 7.926601028938567595e+01 8.007873791347999770e+01 8.824601471033950872e+01 8.444492162073545671e+01 6.280375090919227432e+01 5.664707228075506151e+01 3.557162700036761294e+01 4.608485582898560295e+01 3.321664619472378632e+01 3.804057512462391344e+01 4.332067313510810180e+01 3.220218165761944107e+01 1.269938631955051811e+01 2.826041913153140328e+01 5.026597495389960812e+01 6.059700041898046408e+01 6.361624206616581034e+01 4.489588971191890465e+01 6.390930991720203025e+01 6.555159609191764503e+01 4.534447091060702206e+01 3.108316778582067386e+01 5.126300084792730161e+01 6.613840292146664979e+01 4.604333110288807518e+01
8.699724428260374731e-02 1.422913286804326560e+01 3.422913307579481312e+01 4.957298405381905582e+01 4.354622263737301324e+01 4.993347898193508172e+01 4.141334525645230968e+01 5.308663327149664468e+01 7.316369520838351548e+01 7.839590094274183230e+01 8.674608230842260070e+01 8.066753116582125926e+01 7.256249321260895613e+01 6.089634435006941970e+01 7.708055854100905435e+01 7.812129285425911007e+01 5.645901729332680929e+01 4.140262499483323921e+01 3.209278208551132394e+01 2.593601313356733939e+01 2.174602814594535616e+01 1.802750749825920096e+01 3.133983533170363600e+01 3.047204391396440926e+01 1.234606204055535805e+01 3.230123137936958955e+01 3.552806231268005632e+01 4.772859256516930770e+01 6.476113668864813633e+01 5.561922309423116673e+01 7.262583474024077645e+01 6.776367595925830756e+01 4.755455874215684986e+01 3.667146814103455910e+01 5.686317185369433957e+01 7.446327408938434189e+01 6.025326705251265480e+01
2.249585233037712170e-02 1.416463147615649198e+01 3.416463175337774061e+01 4.504158152476444599e+01 5.332585201504387840e+01 6.184903555713173517e+01 6.157219809458509729e+01 6.983514550309737956e+01 8.138990973305725163e+01 8.296546129393776425e+01 8.623808165750050136e+01 6.689787900530208731e+01 5.359056423402483205e+01 5.013094807720904811e+01 6.855834342901758305e+01 7.911941575586176612e+01 7.026688990596072415e+01 4.774433565394686951e+01 5.323287642221859528e+01 4.671201209722647718e+01 4.239091739199978548e+01 3.122519056587487896e+01 1.367126806787695514e+01 1.184671561942723805e+01 2.167376684623773642e+01 2.308281569100340747e+01 4.197327195718096249e+01 5.915077015400117943e+01 6.785986963611979661e+01 7.567831228763338913e+01 8.435866122672221934e+01 7.613034441094190186e+01 5.686317185369433957e+01 4.832013090214996254e+01 4.832013090214996254e+01 6.853318281907486664e+01 8.034637775270395821e+01
2.739267172789772165e-03 2.000273894696900001e+01 2.871164987188011963e+01 2.504158153648873508e+01 3.356476529890055360e+01 4.649369748070449049e+01 5.477796807500859444e+01 6.632497300381851346e+01 7.682933662711697309e+01 6.233182095973736381e+01 7.682933662711697309e+01 7.400626349946526261e+01 5.499545483467688456e+01 4.179708380058342243e+01 5.206742347909580815e+01 7.103496145295831354e+01 7.929873403947813415e+01 6.890505096784494299e+01 6.074593969778873515e+01 5.334109079246978524e+01 5.729513641467739404e+01 4.159991197152412923e+01 3.171805742996604494e+01 1.149539533494676391e+01 3.008302209705563968e+01 3.794866681144831233e+01 4.304576272725893205e+01 3.827353769693111474e+01 6.027217899562381120e+01 7.087176344408874229e+01 7.900604715972582426e+01 8.544160868918798712e+01 7.690217136335498083e+01 6.853318281907485243e+01 6.853318281907486664e+01 6.482087152812779607e+01 8.505107383016131450e+01
8.327778614586213435e-02 4.347292113258089508e+00 8.711649917977975832e+00 1.387562771292124353e+01 1.942262967517363137e+01 2.649369748703923122e+01 3.804070287083133906e+01 5.804070285584343480e+01 6.754674160451014586e+01 4.747519375873491043e+01 6.754674160451014586e+01 7.023227099348903835e+01 5.554803154868280757e+01 3.666246574132937752e+01 5.554803154868280757e+01 6.635194996345643403e+01 7.589558725918251980e+01 6.336084598160085335e+01 4.761690379270692119e+01 3.756821281716909056e+01 4.379603449632422496e+01 3.568295434006267186e+01 2.483535584593086298e+01 1.649454546116428943e+01 1.099818574537860627e+01 1.575635485610382069e+01 2.141905803889401483e+01 4.304684908517098307e+01 5.722125306231133379e+01 5.156702652886436766e+01 7.087176344408874229e+01 8.037378956484661785e+01 7.221208531387785001e+01 7.477038359091685038e+01 8.293502165429508466e+01 8.505107383016131450e+01 8.722848465339006907e+01
6.510866554257997707e-02 2.006510866554222616e+01 2.871164991578276826e+01 3.387562770996194672e+01 3.356476529890055360e+01 4.649369748070449049e+01 5.477796807500859444e+01 5.829140539131496723e+01 4.974893715866698329e+01 3.827879866105929096e+01 5.902847413106597685e+01 6.222001854197501558e+01 4.334944989659579306e+01 3.219729510218466828e+01 3.940656775657438970e+01 4.890181173267301062e+01 6.783433293210437398e+01 6.518975973752590392e+01 4.814226121481333109e+01 3.695918453860863906e+01 2.715963725511214122e+01 2.199162799172703942e+01 2.783164875370502145e+01 1.050188366273684260e+01 2.718485839650091762e+01 3.825913219527103593e+01 4.304684908517095465e+01 3.072552805767489659e+01 3.754350869562144055e+01 5.156702652886436766e+01 7.087176344408874229e+01 6.900988107803735261e+01 5.253801228848080029e+01 5.509980955828321925e+01 7.157134390139917457e+01 8.148417407030983384e+01 6.756162801508982341e+01
8.953482861371392376e-02 9.033806738612948806e+00 2.058081212240566771e+01 4.058081212261870263e+01 5.356476528493280398e+01 5.597833226950209706e+01 4.748511735899479191e+01 4.235823765580681766e+01 2.950867299137336275e+01 4.974893715866698329e+01 6.754674160018865336e+01 6.083551949807270631e+01 4.186402308828367325e+01 2.796841251098870629e+01 4.186402308828367325e+01 6.083551949807217341e+01 7.589558725918251980e+01 6.959830816636555539e+01 5.214453687550444272e+01 4.077083511656336867e+01 4.379593790976524303e+01 3.394974886642260969e+01 1.489771774160791118e+01 1.015003277479950938e+01 2.900442151430269178e+01 5.321697398239773236e+01 5.908267699142619733e+01 5.099860392098256057e+01 5.722125306231133379e+01 6.528653684429514215e+01 7.411863412141929075e+01 6.015753107201268080e+01 4.101629241399386672e+01 4.361332644976983630e+01 6.341357237806131764e+01 7.332191695982434965e+01 5.365263053175708308e+01
