MOVIE_S9_data/elevation_000152.asc
nrows	100
cellsize	150.0
xllcorner	0
ncols	100
yllcorner	0
NODATA_value	-9999
[rows 17 to 33 of 100, columns 0 to 36 of 100]
5.222468517465790605e-02 4.133037329824461592e-01 7.744414154832852670e-01 1.135813830847631989e+00 1.497419631728602152e+00 1.860363853216465690e+00 2.147386197243813655e+01 2.561657317728053584e+01 4.137036901292559854e+00 3.909067590285123295e+00 1.777616121522324732e+01 2.807540878473141888e+01 2.594440395483606565e+01 2.643330711476853523e+01 1.504001035877120529e+01 2.528582863799653424e+01 2.689175468661009560e+01 8.317172593486953147e+00 2.725985026324298843e+01 3.594006532195225390e+01 4.733637547502264908e+01 3.880822740839054319e+01 2.864157559508686646e+01 1.583786218378981481e+01 1.373374803735223892e+01 3.253946414686304678e+01 4.120196907395122565e+01 3.820375085526135450e+01 3.541237043818956209e+01 2.297610719313973959e+01 3.975265951566776579e+01 4.040673033893720856e+01 4.553818064577649949e+01 3.409293973361575780e+01 5.404633907917967406e+01 6.208122197898659067e+01 4.847900015400730922e+01
7.333276091007127906e-02 1.944542890711099403e+01 2.000082051921316051e+01 2.116339434272125075e+01 1.186848166043892761e+01 2.017806339407079097e+00 1.015260519568171915e+01 3.009226578587883338e+01 2.589753809540155416e+01 2.362216326406603528e+01 7.887729953487386148e+00 2.521641643261056842e+01 3.614809283728544642e+01 3.935690357691356667e+01 3.013767608172672396e+01 4.097763895380564492e+01 3.061322182607090170e+01 1.032722245208238299e+01 3.048063363714305396e+01 4.156978494010868275e+01 5.811005590242082519e+01 4.653978285638053336e+01 2.567321208762749762e+01 3.589247166999480498e+01 3.267838545163451158e+01 1.577775401497419416e+01 3.465433865225821108e+01 4.515217409095230039e+01 5.149203735051239761e+01 4.334811921584613259e+01 3.430131526104152329e+01 5.570628324112824714e+01 6.111015902057685167e+01 4.113065912486145237e+01 6.111015902057562954e+01 6.804137930353543595e+01 4.844974255115848649e+01
6.343274376862209629e-02 1.158122430795280167e+01 3.092273520497774797e+01 3.090205543727780935e+01 3.081456457084719247e+01 1.278677181442535726e+01 3.007793204607927251e+01 2.078434493205886469e+01 4.078088403949577412e+01 3.656059228382861193e+01 2.730209351514504235e+01 1.199065871869226818e+01 3.091227414433226173e+01 4.393324800602279367e+01 5.412275444290244764e+01 4.348285261589985851e+01 2.333910492348413968e+01 3.063562617058901338e+01 1.373019232221854935e+01 3.196246178440964414e+01 4.581182266153306415e+01 5.491482435716336141e+01 3.790873203107424416e+01 5.491482431398349462e+01 4.314479051535174392e+01 3.498482648354661251e+01 1.789143696950626961e+01 2.633356364695400131e+01 3.726652345093658880e+01 5.644122357705451520e+01 4.943792888848814471e+01 5.570628324109657115e+01 6.937054188251292430e+01 5.264150614699040887e+01 6.937054191107510803e+01 6.067773349709209185e+01 5.235017103354613965e+01
3.497053469895897854e-02 2.003497053469860489e+01 3.887317878914802094e+01 4.983427268638185126e+01 4.079809948695572785e+01 2.413363056968227127e+01 4.079769165805216602e+01 3.076381562058998398e+01 4.908048034393923587e+01 3.866236434303380065e+01 1.965574660138981145e+01 3.091295752127742347e+01 1.688782873249607519e+01 3.578609026914742941e+01 4.870808698625295818e+01 5.189743428598955433e+01 3.749569393384161486e+01 4.238309484934541871e+01 3.393100012504054774e+01 1.713482879649335544e+01 3.137012127681717644e+01 5.179949427075388257e+01 5.819596271358943795e+01 6.651755833926436878e+01 5.468143528556402799e+01 3.910110945257073212e+01 1.949249067816122150e+01 3.910110945257081738e+01 5.345601476539092545e+01 6.462515118370268397e+01 7.083942933308070167e+01 7.695641519820836152e+01 8.091186933105313983e+01 7.267855399075463652e+01 6.311629156979048361e+01 5.148003468084731793e+01 3.594117015547745098e+01
9.635555453094322986e-02 1.997232851989977931e+01 3.244427601770966874e+01 4.078070066509353353e+01 4.974976566855563220e+01 4.403382498546306323e+01 5.229510204070909651e+01 4.232348703658578160e+01 4.910372913509007731e+01 2.956972703004631597e+01 3.039428636937178752e+01 4.395963620843804875e+01 3.578609026914742941e+01 2.205473883295624304e+01 2.363775042032050067e+01 5.545555185533832088e+01 5.793759180328800085e+01 5.163332933301956729e+01 3.120748310011415683e+01 1.959686196818712745e+01 2.717385484270116081e+01 4.153689259833618763e+01 6.241239770150942689e+01 6.448901951391370346e+01 4.652866152626747720e+01 2.689496753711044619e+01 2.118730185611595829e+01 4.086864516911249012e+01 5.170725076863566727e+01 6.562469269908034164e+01 6.930028743722657225e+01 7.752277128201565404e+01 8.591272026375123971e+01 7.058200620282008231e+01 4.883067553402258909e+01 3.384756063387651892e+01 4.076492079732207685e+01
8.845047570523793812e-02 6.118677786677404917e+00 1.244324195813637957e+01 2.138797802124679492e+01 3.554271423223239879e+01 5.561872871297558873e+01 7.066974398666221191e+01 6.237416876603310811e+01 5.733828757627185269e+01 3.914977772063504347e+01 4.995676889552665045e+01 5.819037396771262394e+01 4.811683619709971538e+01 2.852570595209676085e+01 2.890799059133451721e+01 3.994995490171977792e+01 6.017539571997603787e+01 6.011469722112486380e+01 4.257387169153225415e+01 2.229729850077935893e+01 4.248158104697973414e+01 4.151896102590945503e+01 6.210165599666080993e+01 5.630824076676258727e+01 3.674908346647712420e+01 4.652866152626747720e+01 4.086864621669202791e+01 2.384582401087908110e+01 3.778988862807059945e+01 5.347595146338741046e+01 4.963857115636097461e+01 5.794859024977144202e+01 7.752277134915986778e+01 7.058201135870709209e+01 4.883067553815811124e+01 4.564712396435380271e+01 2.505699001880272192e+01
8.023991185656004221e-02 2.008023991185620361e+01 3.246297883655504535e+01 4.078098092060322699e+01 4.974976566855563220e+01 6.214605511679959449e+01 6.214605511680800021e+01 7.019945821608665426e+01 6.728591393199089055e+01 5.905768509659776555e+01 6.728591393199089055e+01 6.080055018032877001e+01 4.074583749176353820e+01 4.811683619709971538e+01 3.525482984279528154e+01 5.526746922908841952e+01 6.843739086480846368e+01 6.069667832899841642e+01 4.539125947210043677e+01 2.507478725982963041e+01 4.539125947210043677e+01 6.207597715849570363e+01 7.061419134209079118e+01 6.448901951393914089e+01 4.800782226185410906e+01 6.448892381337434188e+01 4.570705826126413740e+01 2.604426265651149919e+01 2.971333258111784303e+01 3.393904296712489099e+01 3.844305814284645351e+01 4.963857115636097461e+01 6.930028743729515384e+01 7.954099281073328598e+01 7.058201135835739137e+01 5.520609537081394080e+01 4.466667945550478436e+01
4.598823041778624804e-02 1.418812393078009393e+01 3.418817580165210757e+01 4.230692269274200612e+01 5.054518091956301618e+01 4.243284001431355534e+01 4.243284001431354824e+01 6.214605511680800021e+01 6.654153418143152976e+01 6.654153418143152976e+01 7.489683585909702401e+01 6.905754987131686562e+01 5.492980468917607340e+01 6.354665713064868271e+01 4.411156655060408127e+01 6.354665713064868271e+01 6.677925836820567440e+01 4.617037064133931068e+01 3.176062953447378945e+01 2.867159235715546828e+01 4.905162059996417412e+01 6.302120041043990994e+01 7.490165360375659986e+01 7.585936368792050644e+01 6.764682330650994402e+01 6.176438009913199778e+01 4.215826917774604254e+01 2.827887738616724889e+01 4.790066786727792447e+01 5.347595155755628582e+01 5.794859024976774009e+01 4.757564577383077875e+01 6.138148246499684291e+01 8.118818243711427840e+01 7.290863874979324066e+01 5.504061392722928048e+01 4.383432784699413531e+01
7.340434288523949025e-02 2.007340434288488495e+01 2.599779918019532943e+01 2.232643211071691169e+01 3.829939349343300137e+01 2.834765879422038637e+01 4.798288432039278462e+01 6.052706999319119063e+01 4.640164872187037304e+01 4.640164872187037304e+01 6.654153418143152976e+01 7.382722188704578059e+01 7.497378356631028851e+01 7.253490639118757599e+01 5.843152766189470526e+01 7.253490639117248406e+01 6.028527726967863742e+01 3.968854475587167485e+01 5.220657411551302829e+01 4.905162059996417412e+01 3.403375133458980173e+01 4.580060536711174279e+01 6.645287466335454951e+01 7.999421065243616624e+01 7.531610519801789394e+01 5.555614386134436700e+01 5.014636010212252870e+01 3.056991477933312140e+01 5.014636021184281134e+01 6.241914621493862825e+01 7.536287342270161105e+01 6.718273233567101954e+01 6.137833340114317338e+01 8.111317639059923579e+01 7.702081183235313233e+01 5.800464775384616445e+01 5.044315930879152887e+01
3.515918393995972474e-02 2.003515916962451371e+01 5.997701816781167317e+00 1.202792312051700208e+01 1.835238918071555503e+01 3.593825210294349404e+01 3.903062206549837754e+01 4.223660934851105964e+01 3.222780538832564190e+01 5.017416609537734473e+01 5.465114935884231073e+01 5.378915142605734445e+01 6.633723202314190814e+01 7.462975301524626559e+01 7.844310882934274787e+01 7.133050686520358852e+01 5.066677441284860350e+01 5.155537744601380012e+01 6.875951469339615585e+01 6.302120041043990994e+01 4.580060536711174279e+01 4.059143006970546708e+01 5.087471884232962083e+01 7.157141916024291106e+01 6.947257677497962902e+01 4.979176864692898619e+01 3.605089145338489232e+01 5.014636021184281134e+01 3.470531972237849061e+01 5.421434021549382010e+01 6.669600174127468506e+01 7.665843313887444310e+01 8.106731379617522748e+01 8.883393181566823671e+01 7.336124451622332288e+01 5.304793215667655204e+01 3.907657309111823452e+01
4.608085242692564615e-02 2.489469739553035410e+00 2.248951041601745970e+01 1.003831199930257689e+01 1.295561184044589886e+01 1.593703585356325547e+01 1.902310303215993059e+01 2.222566687745609926e+01 2.607467437234544860e+01 3.015718786426936759e+01 3.462947153636934416e+01 3.963009828880823449e+01 4.630003510027705715e+01 6.046798889546952438e+01 8.050683838283393357e+01 7.975311995980848678e+01 6.104204989473595333e+01 7.221054220129808243e+01 8.062861368705213749e+01 7.490165360375659986e+01 6.645287466335454951e+01 4.604550696273209098e+01 6.675897662830911372e+01 7.999421057619601072e+01 7.378526694900611460e+01 5.402203775071640024e+01 4.031439917764671321e+01 5.981055356475147988e+01 5.421434021549382010e+01 3.898391004378394342e+01 4.864053451741684597e+01 6.246609104658315204e+01 8.261228959727569077e+01 8.273777012892789173e+01 6.229090743672779240e+01 5.038137832354199475e+01 5.304949329046053208e+01
1.610643649003322755e-02 4.277862627903154191e+00 2.421127430659305801e+01 3.004851267157294004e+01 3.295829695883998767e+01 3.594190027778322616e+01 3.903062206549837754e+01 3.637200033378323383e+01 4.022256972917470819e+01 4.430737767827481122e+01 4.878317018179257047e+01 5.378915142605734445e+01 5.965816638218701939e+01 6.046798889546952438e+01 8.050683838283393357e+01 8.998654398411559896e+01 8.161896383567122371e+01 8.998654398411559896e+01 9.309094977468340915e+01 7.271158895190146154e+01 5.803176783774337366e+01 5.531865629100780524e+01 7.521060006680876597e+01 7.845562686991806345e+01 5.856918799821504251e+01 4.735577053761129918e+01 5.981055356475147988e+01 6.804735979631011844e+01 6.171453288135290904e+01 4.221946593545075643e+01 5.336285121904040807e+01 6.726345728638408161e+01 8.726967297736737805e+01 9.140055825450124871e+01 7.931253918562107685e+01 7.087186710183665639e+01 7.341719613238328179e+01
2.022278438842990689e-02 2.002022278438807490e+01 1.057329560852690342e+01 1.524311436463322700e+01 3.502137915960525305e+01 4.828301620604754874e+01 5.532161708411508272e+01 5.639502796988251987e+01 6.024914398177802610e+01 6.433784625951969360e+01 6.881770427179874616e+01 7.382722188704578059e+01 7.969080673813634519e+01 8.050683838283393357e+01 8.879151713502317023e+01 9.017892000859633583e+01 9.115785065467427728e+01 8.287559595370424859e+01 9.115785065467427728e+01 8.706224121190517451e+01 7.271158895190146154e+01 7.002955356683985144e+01 7.601439020250394663e+01 8.675718806920926340e+01 7.293630991318487133e+01 5.316218203830662503e+01 7.293630991318487133e+01 6.792229724700371207e+01 4.829162267391672714e+01 6.171453288135290904e+01 5.082353225027643617e+01 6.208809615841762053e+01 7.614885080636338444e+01 9.608167990741436881e+01 9.790729845380391794e+01 7.828193330403382788e+01 6.421593427715633595e+01
6.642187732006160639e-02 2.006642187731970495e+01 3.041687470628597723e+01 3.502137915960525305e+01 2.241746686350845508e+01 2.837199874440392122e+01 3.541344744032640079e+01 4.538086735461745747e+01 5.943593360527103897e+01 7.932862088545242329e+01 7.767362131336041386e+01 6.941190093902000058e+01 7.200184730957209922e+01 8.026246684196048875e+01 9.017892000859633583e+01 7.022498160535306511e+01 7.388659752630563560e+01 6.294330524150198869e+01 7.290945059760304048e+01 9.286888651949034568e+01 9.309094977468340915e+01 9.046306397691158452e+01 9.635469015773608703e+01 8.709592060872191155e+01 6.707120712517027528e+01 6.447942579154302223e+01 8.123452884379226191e+01 7.258158090394053374e+01 5.281391448819044854e+01 7.258158090394053374e+01 6.467107268039228529e+01 6.467107268039228529e+01 8.464002171868091295e+01 1.001160090352475862e+02 9.055570452686124838e+01 8.240883003311846267e+01 8.072662223521842861e+01
1.591255364720534082e-02 1.415804817737828003e+01 3.415804817737898702e+01 5.032394375389688435e+01 3.630964950636582245e+01 4.539052326078103050e+01 5.532161708411508272e+01 6.356930268388651939e+01 7.351688827978168206e+01 7.563221553856450896e+01 6.571552866775743951e+01 4.927458019612139140e+01 5.189705649518098340e+01 7.200184730957209922e+01 8.492139520222605142e+01 6.495556827502359454e+01 5.391620901139977207e+01 5.293442666631894866e+01 6.722980135467037144e+01 7.428952970986800608e+01 8.256387846593436564e+01 9.148644170132348563e+01 1.030235151499658173e+02 9.539785056241419170e+01 8.709592060872191155e+01 7.860331158457088918e+01 8.894719081032779684e+01 6.890349401028464627e+01 5.840072745262730791e+01 7.833656006721687959e+01 8.464002171868091295e+01 8.464002171868091295e+01 9.293384319943488947e+01 8.787932492230955006e+01 7.220285166040953584e+01 6.255490118305362301e+01 6.619816500905821499e+01
6.189296070378335485e-02 1.420402858443460836e+01 3.420402858443389960e+01 4.639664221615237238e+01 5.609717200581176400e+01 6.112485924387057423e+01 5.292170263871105362e+01 5.369904636490100813e+01 6.221863019230735858e+01 6.627627042621784881e+01 4.991299317839915517e+01 3.754103918698556441e+01 5.778561339037916156e+01 7.030208096730400769e+01 7.654844050802506672e+01 6.495556827502359454e+01 4.483060326057548650e+01 4.524282453112267888e+01 4.714419831953107831e+01 5.432160253668745753e+01 6.327081931061258757e+01 7.476357207578030284e+01 9.473349276400156782e+01 9.455797275845257843e+01 1.026604690264874762e+02 9.869703991824790990e+01 9.725280129528341888e+01 8.665211052401723180e+01 6.983914576986636291e+01 6.983914576986636291e+01 8.143954234491651789e+01 1.015618821903855178e+02 9.115487698277304673e+01 7.136799424367039535e+01 5.981353170267368569e+01 5.228755905422152495e+01 4.639120550334978077e+01
2.247884206357958492e-02 8.187442901146313901e+00 1.818732014191198587e+01 3.232439903804697678e+01 5.226328290192068238e+01 4.757971306911393583e+01 3.108760819958207122e+01 3.307770219130381406e+01 5.368302338902383752e+01 5.955947367580043306e+01 4.086359273519796176e+01 3.117834111904223704e+01 4.196329949447483187e+01 6.199573463633599602e+01 6.826717645464378847e+01 4.813652938555470229e+01 3.795593969683043412e+01 3.795593969683043412e+01 5.824724660354089423e+01 7.020869229295989555e+01 7.847938142864047961e+01 8.845223100730389376e+01 9.124882584658206497e+01 7.470778368494507049e+01 8.575457284452059525e+01 9.405425014972117026e+01 9.804609522491982432e+01 9.825134041706101584e+01 8.994424386387879622e+01 8.994424386387879622e+01 9.825134041706101584e+01 1.098497654185819385e+02 9.927045808544288263e+01 8.787932492230955006e+01 7.973091490692858940e+01 7.220285166040953584e+01 6.402700173827534513e+01
