MOVIE_S9_data/elevation_000691.asc
nrows	100
cellsize	150.0
xllcorner	0
ncols	100
yllcorner	0
NODATA_value	-9999
[rows 34 to 50 of 100, columns 37 to 73 of 100]
8.564034054629540549e+01 1.058573770695218457e+02 9.113506458916495490e+01 7.090851632546861083e+01 8.102179045731676865e+01 8.935319276882491124e+01 7.671665156055590273e+01 5.641481054822005348e+01 7.516967287026892564e+01 6.254071777130400989e+01 6.972749578082172661e+01 8.145996118307945721e+01 1.017052813780831002e+02 9.370843017670421204e+01 7.357285676046213041e+01 8.364064346858309307e+01 8.966131742434821206e+01 8.230283173797845109e+01 6.216609195172242863e+01 7.991727314713577357e+01 7.195522693930827529e+01 5.184392543417038013e+01 5.533120213246808561e+01 3.531668734189684500e+01 5.297861795146653208e+01 5.347233916662948872e+01 5.403836990568463250e+01 3.490063897145032001e+01 3.490041154751891384e+01 5.627706748125083891e+01 5.963416848269140758e+01 5.382391929359752680e+01 7.371703045278087529e+01 6.934718148790797443e+01 7.054679166547856539e+01 6.812411984344799976e+01 7.170351735096463131e+01
1.025382123201837032e+02 1.141960194108198436e+02 9.944322941321249232e+01 8.106316839389917561e+01 9.944322941321249232e+01 9.106054509567562150e+01 7.077541166612722634e+01 7.671678568826965261e+01 6.317751613116154630e+01 8.284334447184292571e+01 7.690783672779335234e+01 9.717292776709770408e+01 1.101052703880225039e+02 9.788571099743205650e+01 7.774014330121330829e+01 6.350970995238468220e+01 6.952419877658208236e+01 7.206244689436005046e+01 5.504324917167246412e+01 5.979042785910725399e+01 6.292874844688655855e+01 5.773438926651994052e+01 3.769981869644047379e+01 4.944455128566663404e+01 6.366324262473063555e+01 7.110681184786329823e+01 5.118579025623703416e+01 5.479787297289446002e+01 3.577569275669166871e+01 5.362013556580435392e+01 6.428513223625890305e+01 7.371626135955676773e+01 8.195522752781728570e+01 8.864949546076512377e+01 8.403319204135723908e+01 8.790225153587022078e+01 9.144756538004962465e+01
1.099585627861409876e+02 1.041168039820119873e+02 1.094956185790453560e+02 1.012069607844308621e+02 1.094956185790453560e+02 9.945819087647151946e+01 9.106055254018582445e+01 8.840996450779971383e+01 6.810967237447066225e+01 8.248036628497717970e+01 9.717292776709770408e+01 1.055722189755610430e+02 1.005596397217866240e+02 9.221125539707114172e+01 8.683336129836223449e+01 7.542222427516212235e+01 5.526358280053078431e+01 5.190671407370364676e+01 4.869999156201146207e+01 4.558649426042325814e+01 4.285267510059991025e+01 4.016841813973293540e+01 5.184391138288148682e+01 6.606747479211486507e+01 7.788476007649659039e+01 7.933606214902913223e+01 6.386947626095596320e+01 4.391303410087410697e+01 5.567102494516809230e+01 3.665839024958314241e+01 5.660924800771005749e+01 6.574374362535996852e+01 7.981334179661234884e+01 7.823256238221159720e+01 6.419065548683185796e+01 7.425023856766483732e+01 7.880660738500287721e+01
9.001826070422200132e+01 8.417845286885730616e+01 9.261311625201260256e+01 1.008796957182004661e+02 1.123964424402407900e+02 1.117735619595771368e+02 9.155741580382374423e+01 7.985097285626419250e+01 7.580332862240815928e+01 9.607007439234631363e+01 1.111265046482548087e+02 1.064749390069299437e+02 8.630304419646874692e+01 7.208901821734943383e+01 6.671557370588131164e+01 6.182154624040254021e+01 7.542222427516212235e+01 7.206245069604935338e+01 6.883494870347450956e+01 6.428029429201845346e+01 4.419122833975623621e+01 4.415072595389610655e+01 6.423934964554632643e+01 8.028097285055619636e+01 8.729678712075154579e+01 6.744548270045284255e+01 5.333992745495267229e+01 6.386947937005565734e+01 6.482380163284260277e+01 5.660963277938288485e+01 3.754429393322149622e+01 5.166150640168802965e+01 6.637781992310620183e+01 6.446833604944153251e+01 5.004904895714206958e+01 5.432610907802041567e+01 5.894585616072762235e+01
8.180075729029115905e+01 7.008489894846687207e+01 7.267837898214381198e+01 8.418628947437132126e+01 1.041243757035614692e+02 1.201868030411452821e+02 1.084989046444808025e+02 1.001017645345760201e+02 8.595855361030234576e+01 1.044630748312991955e+02 1.165688540595880909e+02 9.638102395427156921e+01 8.212860829946524177e+01 9.221125539707114172e+01 8.683336129836223449e+01 8.195408111027172993e+01 8.065648678411267269e+01 7.662940871817971811e+01 6.847675286876589951e+01 4.835123829904117798e+01 6.428029429201845346e+01 4.831054728783260543e+01 5.992293309087710185e+01 8.006471424362315759e+01 8.729678712075154579e+01 6.744548270045284255e+01 7.325979514975975349e+01 8.149499328745609716e+01 7.321588726002627823e+01 6.048570798078024779e+01 4.061858856701837084e+01 3.845221444349682116e+01 5.740460963401815775e+01 4.450941153682556717e+01 6.446833604944153251e+01 7.425023856766483732e+01 7.880660738500287721e+01
6.188101027310653990e+01 6.118528863133641238e+01 7.113674482302640456e+01 8.523117117946033261e+01 1.051690334052546376e+02 1.088686394525848868e+02 1.147112259485527090e+02 1.145835335417141465e+02 1.061815951743903099e+02 1.145835335417141465e+02 1.165688540595880767e+02 9.638102395427155500e+01 1.022939024946769138e+02 1.010199328775640737e+02 9.267586927095706528e+01 8.065648678411267269e+01 6.052108547030773877e+01 5.648121918255304763e+01 5.267478171055131497e+01 6.847675286876589951e+01 7.305786955388094839e+01 5.291095982465564163e+01 7.305786955388094839e+01 8.840632279562282747e+01 9.554456229514465804e+01 8.729678712075154579e+01 8.942527348146674626e+01 7.796543550889215624e+01 6.498276202632767706e+01 4.512759885158013873e+01 6.048570800874789199e+01 5.840876291902360151e+01 3.936319295580892685e+01 5.932124464542766162e+01 7.270528188484126986e+01 7.356152959500334987e+01 9.348860576580000270e+01
5.436234377305625287e+01 7.427180060646132631e+01 8.936655637187540435e+01 9.933677137367891419e+01 1.030353621196249350e+02 8.892796697906030090e+01 9.476845472513568325e+01 1.072609133495435572e+02 1.155349212919342961e+02 1.247359572388932207e+02 1.248987870990915070e+02 1.165688540595880767e+02 1.117940258172362888e+02 9.267586927095706528e+01 7.254919624453808069e+01 6.674531440390239823e+01 8.065648678411267269e+01 7.662940871817971811e+01 5.806198618033459269e+01 7.820528327075207642e+01 7.864427243833036130e+01 5.850221039304800996e+01 6.936176962168414661e+01 8.950362829049180391e+01 1.035670576498955171e+02 9.205762231533387308e+01 8.115968652988856036e+01 6.135483839742448708e+01 4.988943479843281636e+01 6.498276686363618637e+01 6.195287875988356774e+01 4.253115133587049712e+01 4.001902030437562985e+01 5.997553231650265104e+01 5.361987412047697177e+01 6.773359953534004774e+01 8.762593932058791779e+01
5.059947190390869309e+01 6.467413601730919481e+01 8.459651910566401511e+01 1.010775166299462597e+02 9.281076596758688879e+01 7.482511627039059476e+01 9.097777605598459161e+01 8.731822445909214991e+01 9.651026140555207178e+01 1.137001259304545329e+02 1.252166094771577036e+02 1.151101440609036075e+02 9.492411063521196013e+01 8.328845529656669555e+01 9.267586927095706528e+01 7.385149520290364933e+01 9.398354097270627960e+01 8.401568733197179029e+01 6.388785723889768065e+01 8.401568733197179029e+01 8.471289906029518590e+01 6.458554156247564038e+01 8.471289906029518590e+01 9.784328651889889272e+01 9.525705771645553455e+01 7.537481385266049472e+01 6.398609487763742720e+01 5.512481290818810464e+01 6.972535212935079585e+01 6.563984138865068019e+01 4.595465939467107575e+01 6.195288009395916617e+01 5.998281851307461920e+01 4.098086375902681056e+01 6.092673339562506385e+01 7.013890621213181475e+01 8.421469983898475675e+01
6.560781421764647803e+01 7.050926692649193228e+01 9.043602160543261448e+01 8.956332442336753275e+01 7.287359617840448323e+01 6.669636442685826694e+01 7.103827817822347868e+01 7.656260179693325085e+01 8.548391414293116952e+01 9.700710115657408039e+01 1.169377007908545636e+02 1.234325456936392129e+02 1.117940258172362888e+02 1.034557322287097350e+02 1.023090387673260295e+02 8.389849003611659839e+01 1.023270002444811269e+02 9.072457135809727902e+01 7.059791927972075598e+01 9.072457135809727902e+01 9.182988532533219939e+01 7.170000832685548176e+01 9.182988532533219939e+01 1.073483740013766692e+02 9.580381329233672716e+01 8.089232275668928196e+01 6.111306480583189682e+01 7.492681243502043742e+01 8.061071255724289131e+01 6.832712324896628786e+01 4.839547993028469364e+01 6.832711971249639760e+01 6.919061954306698681e+01 5.510949897440760026e+01 4.194883595463271320e+01 5.607755537856101569e+01 7.066002679477736592e+01
6.590335344227069925e+01 7.415951745392673899e+01 8.473028332714766009e+01 7.646921203213059925e+01 6.138203914280049389e+01 8.130003580113024952e+01 8.254788539155086369e+01 9.651026140555207178e+01 9.066976886327312002e+01 1.106104577120610628e+02 1.175801035497036935e+02 1.093179232444913112e+02 1.067313049462004813e+02 1.149948961394696028e+02 1.124073968823639404e+02 1.040690661508064778e+02 1.124106992065291450e+02 9.906813543732403105e+01 8.064554945379408935e+01 9.906813543732403105e+01 1.001737009490659034e+02 8.330727282686176238e+01 1.001737009490659034e+02 9.900622535923253054e+01 7.907009095964545509e+01 6.768983826094302003e+01 8.089232275668928196e+01 8.912549997691498049e+01 7.238238659709942624e+01 5.230738976481547553e+01 6.832712324896628786e+01 6.832712289506285686e+01 8.327101311417432328e+01 7.014226912954681836e+01 6.188491945075718803e+01 4.292003429647666479e+01 6.100635099534510175e+01
4.599071363828786474e+01 6.590335344227183612e+01 7.207213255099709670e+01 5.656058793979777022e+01 6.804617664297647650e+01 8.797529235069062281e+01 1.024932208547263457e+02 1.107626216047976584e+02 1.106104577120610628e+02 1.188849837595846424e+02 1.093179232444913112e+02 8.937370818430829900e+01 8.678501297623115818e+01 1.022665312323860149e+02 1.105279018443120691e+02 1.134982365607444734e+02 1.052380894782030936e+02 1.091437822783690592e+02 1.008035932624004545e+02 1.091437822783690592e+02 1.118098151100524831e+02 1.034719905048537498e+02 1.075507053861282287e+02 8.751212349878026941e+01 7.608155740526071042e+01 8.749609279703044251e+01 9.571438089965506890e+01 8.446922253787320756e+01 6.527079717974559969e+01 5.529969677136355699e+01 7.534321516814527797e+01 8.822478407210965656e+01 9.359428342985005145e+01 8.215532994475735507e+01 6.720296398873449562e+01 4.737037431457380876e+01 4.390376890933136167e+01
6.590335344227170822e+01 4.916165422072191404e+01 5.216612117374394586e+01 7.207213255099709670e+01 8.473028332714766009e+01 9.624061430205753709e+01 9.973408456392822075e+01 1.079758528512186615e+02 1.194605047739830326e+02 1.144697689089833545e+02 9.453192634656983273e+01 9.453192634656983273e+01 7.528755980783631685e+01 8.233063381696024408e+01 1.022665312323860149e+02 1.019850872060181075e+02 8.529689530921145035e+01 1.019850872060181075e+02 1.164504049535026695e+02 1.135053382657062144e+02 1.052455458176745964e+02 1.135053382657062144e+02 1.159109392194925761e+02 1.043171712503134643e+02 8.491873138529217613e+01 1.043171712503134643e+02 1.009451934306576106e+02 8.303830183469725057e+01 7.850826124916555671e+01 5.856661006505434841e+01 7.497461001471060626e+01 9.349385278701490165e+01 8.532715317710839997e+01 6.566945835869475445e+01 5.422973083874044420e+01 6.720364337778720198e+01 6.386560517576194940e+01
7.439362877128007767e+01 6.907118842322918795e+01 5.406464810461209680e+01 7.396654943643282820e+01 8.353979123025558806e+01 8.823525486733760204e+01 7.981752730185147016e+01 9.132896768973694179e+01 1.112156877358507927e+02 1.086306328328207513e+02 8.869205090804719305e+01 7.461076900733782225e+01 6.826538865069115047e+01 8.233063381696024408e+01 1.022665312323860149e+02 9.372503565677313020e+01 7.380343431376722663e+01 9.372503565677313020e+01 9.651437492497750270e+01 1.001727045979394290e+02 8.530485977476274684e+01 9.787014966838557939e+01 1.061299528820383102e+02 1.132884706783924429e+02 9.903178436352739311e+01 1.132884705137684023e+02 1.075482326231204127e+02 9.708404978814648700e+01 8.206280362392824657e+01 6.207348719973821005e+01 7.094835322677091938e+01 9.006076400469518717e+01 8.275916722368067724e+01 6.312337218045968257e+01 7.397777778204979882e+01 8.218789490976050160e+01 7.309071573684053647e+01
8.069224963370427872e+01 8.221287221350335983e+01 7.396654943643271451e+01 5.928767527280022165e+01 6.362615621997986892e+01 6.831408950040413686e+01 7.827507415648102551e+01 8.978810117011451553e+01 1.096800679577419260e+02 1.110969293376597165e+02 9.958379800600857834e+01 8.303044079419537127e+01 6.314200881082487626e+01 7.716565839137317084e+01 8.541840779652105198e+01 8.668168595590590542e+01 6.678180818873644853e+01 8.668168595590590542e+01 8.242306969837808595e+01 8.024313719335687267e+01 7.535051760061003279e+01 7.794197505464696007e+01 9.203053837416794636e+01 1.119682184538727512e+02 1.191740987801949245e+02 1.143035364641780234e+02 9.385626990502153433e+01 7.932424011760980420e+01 6.909668262885347190e+01 6.746254397377104794e+01 7.557498220371248010e+01 9.098412020970553726e+01 8.970379412964206267e+01 7.006140921980406233e+01 8.970379412964206267e+01 8.563901353419437612e+01 6.496963369027238855e+01
7.485331772241707426e+01 9.478867824370730943e+01 8.672355131569912601e+01 6.680495128938565585e+01 8.353979123025558806e+01 8.240379210710364077e+01 8.240379210502229057e+01 1.023136485195117586e+02 1.179230645475169865e+02 1.028349423461861250e+02 8.289563223346081600e+01 7.140841540720455782e+01 6.390510048899329121e+01 5.729741287426401186e+01 7.241623737627686808e+01 7.288404287829308714e+01 6.080157912933869113e+01 8.068164705339346199e+01 8.608037234004474669e+01 6.618257762845972536e+01 6.646594439051834513e+01 8.636461269068568924e+01 1.061299528820383102e+02 1.069391192678035480e+02 1.151994425951096161e+02 1.097641587071152998e+02 8.985988664971161199e+01 7.851330318290060006e+01 8.315254260478538129e+01 9.076494317931744149e+01 7.523822258885093106e+01 9.475754750483727662e+01 9.799728134411633107e+01 8.130326476056910678e+01 9.799728134411633107e+01 9.372324719317205677e+01 8.198805531896427112e+01
9.478867824370527728e+01 1.030568606890596612e+02 9.497292789559985238e+01 7.830531527239858747e+01 9.497292789559985238e+01 1.023136513407429788e+02 1.023136485193589920e+02 1.105563101547750762e+02 1.104019666035603393e+02 1.020646577753982029e+02 9.958347736563632679e+01 9.132295839635870038e+01 8.379593691075861273e+01 7.241623737627686808e+01 5.257247790946879462e+01 5.303790785724189050e+01 7.288404279736391800e+01 8.081682588107049980e+01 7.256819845409600589e+01 5.868810767778999349e+01 7.855971284783461783e+01 8.708694243038881666e+01 9.283744794177523829e+01 8.699634442640649468e+01 1.069391192678035480e+02 1.181320141961065673e+02 1.065899676176074848e+02 8.833373826857555855e+01 1.029732179217536299e+02 1.014118394251269848e+02 8.144896366425786027e+01 1.014118394251269848e+02 1.095133324670473058e+02 1.011790129027571652e+02 9.213417191208192492e+01 8.390362074886529342e+01 7.859234457843501787e+01
9.499127806170153576e+01 1.064085517594209023e+02 1.064718796516832526e+02 9.822451196074996460e+01 1.042614641320816418e+02 9.610187995073611944e+01 1.042614641320816418e+02 1.141109535290463413e+02 9.877561654523773882e+01 8.192397874797806878e+01 9.043642787897611868e+01 9.877550186426327627e+01 9.239747424690033029e+01 8.066505365932464144e+01 6.792250911934007718e+01 4.811868138050819255e+01 6.792250820593098126e+01 6.833813460978383603e+01 5.272744038999173455e+01 5.725948460505367166e+01 6.206407724316524366e+01 6.718603331478736607e+01 7.291711251192300836e+01 8.286539859063013580e+01 9.696932988856656266e+01 1.169089086470406045e+02 1.165746309940960685e+02 1.082111054911840000e+02 1.165746309940960685e+02 1.097974127033862288e+02 9.130304707716278756e+01 1.097974127033862288e+02 1.119735246987815884e+02 9.787730445341560426e+01 7.811553777219970129e+01 6.412719523697484192e+01 5.866290503846415305e+01
