MOVIE_S9_data/elevation_000525.asc
nrows	100
cellsize	150.0
xllcorner	0
ncols	100
yllcorner	0
NODATA_value	-9999
[rows 68 to 84 of 100, columns 37 to 73 of 100]
5.428886988273016101e+01 7.397990169655982129e+01 6.673124250792689338e+01 4.829335939092966612e+01 6.673124250792689338e+01 8.572729519847891311e+01 6.560827285038914169e+01 5.656466544963666365e+01 3.637715688499615396e+01 3.109842107795800814e+01 4.810853875334160534e+01 5.477969717452488396e+01 4.053951878200309977e+01 2.778742921243730279e+01 4.778039100700059549e+01 5.022003221513562465e+01 3.169059503780547260e+01 3.274966481635102156e+01 3.385172880058100020e+01 3.496470760086679519e+01 5.510136890941070931e+01 3.998941506360844045e+01 5.996357194594135365e+01 6.671216742115822740e+01 6.297907476361847756e+01 7.753581442620367170e+01 6.601451460598370602e+01 8.610051285852047442e+01 9.238797143225967545e+01 1.064944205558153669e+02 1.265854537351639664e+02 1.161720377994686970e+02 1.078037235559144023e+02 9.116107098221114313e+01 1.095419594787746149e+02 1.061014270936275210e+02 8.614611457206139278e+01
7.397990169655982129e+01 7.177035892510613735e+01 5.135049532100721592e+01 3.831817740036245112e+01 5.836521262346515471e+01 7.343333496125885063e+01 6.509453136483355706e+01 6.491171151386737392e+01 5.656466544954422204e+01 4.810853875300438176e+01 2.809342576002661929e+01 4.510814245732199623e+01 2.643910824291196349e+01 4.644006019122706164e+01 4.342844370876323978e+01 6.104334544544344965e+01 5.392261715297774316e+01 3.685216854969632294e+01 5.434666341347372054e+01 5.517414305866621049e+01 5.516891124494777898e+01 5.995035329604599639e+01 4.334076748875726537e+01 4.610221231912224482e+01 5.134128417593846905e+01 5.705584850920862294e+01 7.753581442620367170e+01 8.771651691650501448e+01 9.473726483824727040e+01 1.030300488294661392e+02 1.130084420869690121e+02 1.078037235559144023e+02 8.781144821000610534e+01 8.129163623695093577e+01 1.011866636325592026e+02 1.087184988469232252e+02 8.872395603450586066e+01
5.709302077906046691e+01 5.826613287669663066e+01 5.129960234408914488e+01 3.133840384493917242e+01 5.129960234408914488e+01 6.178046288659381702e+01 4.488974434040239458e+01 6.178046288634452310e+01 6.528609291357696520e+01 5.223038920245333117e+01 4.389294240020216620e+01 2.508497561752547256e+01 4.510728934169929261e+01 5.477999604200358874e+01 6.269976127911360209e+01 7.089078692834785045e+01 6.587706067307399849e+01 5.119919492345397316e+01 4.337843641318121257e+01 6.392739927966527347e+01 7.541844134704233227e+01 6.897340561264280723e+01 4.831650462910182142e+01 6.671216742116871501e+01 5.199264703548672628e+01 5.665721326984645145e+01 6.217152989684473141e+01 6.773654730632080145e+01 7.487959098038605532e+01 8.478528393606352154e+01 1.046892457404309056e+02 1.082017051203886382e+02 9.366705008747393890e+01 7.382510953573492429e+01 9.366705008747393890e+01 1.048705472898728033e+02 8.492685672311287703e+01
3.281220076018752252e+01 3.702490206828299080e+01 3.853283108015927638e+01 2.565024647383219758e+01 4.576166428608195957e+01 5.342929213735089888e+01 3.328402352715542634e+01 5.342929213469126637e+01 5.105893846648898204e+01 3.683173206441457381e+01 2.384459093997171308e+01 4.389294288536033406e+01 5.157537615676663734e+01 4.787376597652997390e+01 6.215226493295930510e+01 8.227354932703330803e+01 8.055492261756401717e+01 6.893363359741987040e+01 4.829240071790725608e+01 6.280930739418590036e+01 8.371906497990377716e+01 7.468802717426562765e+01 5.408366611396357371e+01 7.468802717426562765e+01 6.677588491605631305e+01 7.129240210005946210e+01 7.348522552422875265e+01 8.771651691650501448e+01 8.406092551779440214e+01 1.030300488294661392e+02 1.130084420869690121e+02 9.985537395683580542e+01 7.995184891076391409e+01 6.849116770262671139e+01 8.252510908365653108e+01 1.024605632183117052e+02 9.908006331296647318e+01
1.568613289740576278e+01 3.596512274369617046e+01 1.827560554691875794e+01 3.818708706630210514e+01 5.227668399256285170e+01 4.621131489364017852e+01 2.621993751029415520e+01 4.074800253231621383e+01 4.155920415151958736e+01 2.265481571915103132e+01 4.272370921659292975e+01 2.828063325632610159e+01 3.149197112630126227e+01 5.157543700291342503e+01 6.503954775108552155e+01 7.406321261914621346e+01 8.567705470197353179e+01 7.550360985731762753e+01 5.472752070487778298e+01 6.509344414644759524e+01 8.602051717344005510e+01 8.110542467663586308e+01 6.081183191847018321e+01 8.110542467663586308e+01 8.695348617498132171e+01 9.132481477241411483e+01 9.350961992716659665e+01 1.018031649861824661e+02 1.039820333488739976e+02 1.122911785609577606e+02 1.036572524883391253e+02 9.472624422736113559e+01 8.392035272366538834e+01 6.398383376747763407e+01 8.392035272366538834e+01 9.707684506244706313e+01 8.657950003960517904e+01
2.642367051974841274e+01 1.620733435759130714e+01 1.657778894652879842e+01 2.644363456492407138e+01 4.341708137500847897e+01 3.792436310839848090e+01 1.986827832756634749e+01 2.066751572364041678e+01 2.147944155241710362e+01 4.155920412000948261e+01 5.106036876245330092e+01 4.241345239624727270e+01 5.157543700251862617e+01 3.652120547571877296e+01 4.552787410965381554e+01 5.722906969755253215e+01 7.736263094813912744e+01 8.290558269538129821e+01 6.196964194356387878e+01 8.290558269538129821e+01 9.468781339838527344e+01 8.938968761825800868e+01 7.111512133272395886e+01 8.110542467663586308e+01 1.010869728528325311e+02 9.565636522597148428e+01 8.736146167600742274e+01 9.565636449857962020e+01 1.045773828670373575e+02 1.094892539441724750e+02 8.946042675126969357e+01 7.541492606563795675e+01 6.647871883713278862e+01 5.975590872169702550e+01 7.976330115517818342e+01 8.295575378353711926e+01 6.883466250462724645e+01
3.721764447181460866e+01 3.624330309078316503e+01 3.662272354126929486e+01 1.710641240304011390e+01 3.677807906907139568e+01 1.875114431872540166e+01 3.881602157034949130e+01 2.695488407285727916e+01 3.483074050819841005e+01 2.968221676063635428e+01 4.990943549516159550e+01 6.257248186555386127e+01 6.503956805584017786e+01 4.659807783286464655e+01 4.303779752782689627e+01 5.474327052552013839e+01 6.902200363837238228e+01 8.908232754549213439e+01 8.290558269538129821e+01 7.672557839793491041e+01 9.782543288580028218e+01 9.938437979833091163e+01 9.109572802054759677e+01 9.938437979833091163e+01 8.673753212510422372e+01 7.845792008510589710e+01 6.745253743738770424e+01 7.636666282662827143e+01 9.039507200898550821e+01 1.104070368947729719e+02 1.036572524883391253e+02 9.014492514934293865e+01 7.576182266847433766e+01 5.569335056460490563e+01 7.576182266848124414e+01 7.123129174769673000e+01 5.460576732758384111e+01
3.129277106419126042e+01 5.257348795927740781e+01 4.545379327408124226e+01 3.715126759025651637e+01 1.763686761984051898e+01 2.907533322846556345e+01 4.466931439891651934e+01 3.359904260728505676e+01 5.026354734152396020e+01 4.990297966022691156e+01 3.919094755371659744e+01 6.000667758815443165e+01 7.506105398617351909e+01 6.090213017819781527e+01 5.317804950455306567e+01 5.168622364305595340e+01 7.186626352491606440e+01 8.260271335912364066e+01 1.026457050608020012e+02 9.782543288580028218e+01 1.064663003011931011e+02 1.039172350432471035e+02 9.239133842924761097e+01 8.410144289538902740e+01 7.704875266476517481e+01 5.845131321033704097e+01 7.845792008342040447e+01 9.565634911005638230e+01 1.045773728396983984e+02 1.123095362689732042e+02 9.864547574972361588e+01 7.653239876312932211e+01 6.135749130552078157e+01 5.226231493576658949e+01 6.796957436551817011e+01 5.112571942104114697e+01 6.018174691787588415e+01
4.683662837816751079e+01 5.218996757402072006e+01 5.151854277235334933e+01 3.178070388742341024e+01 3.744077146903701703e+01 1.824064510157883134e+01 3.848733527798999887e+01 5.382125576599722194e+01 4.446663361164921469e+01 6.459929944266420421e+01 6.000667758815139763e+01 5.130754814797415975e+01 7.338128817923792724e+01 8.088082685430282481e+01 6.486101825520128727e+01 6.598740175476719116e+01 6.251665494417822799e+01 7.673688611854522890e+01 9.676407303786551495e+01 9.818514816879624618e+01 9.229613817892065697e+01 9.559896915653031613e+01 7.568466951087620487e+01 6.415342254474080619e+01 5.702494678506128878e+01 5.304254931028576436e+01 7.311092948528605007e+01 8.645753732529918523e+01 9.475872786065406217e+01 1.009611465012281428e+02 8.784431906636940823e+01 9.014492516685569967e+01 8.066034269570074855e+01 6.796957078255701390e+01 4.784957499157835059e+01 6.796957436552047227e+01 7.951700868921955134e+01
6.646170536003342022e+01 6.975720375396464590e+01 5.934476516623763587e+01 5.146586545435945226e+01 3.866935694196833140e+01 1.983950718871168206e+01 1.882684196964185475e+01 5.298608083078435271e+01 6.459929944266757218e+01 5.848075558746689495e+01 7.748407639653251522e+01 6.451575536420203605e+01 8.284488297942279189e+01 9.324893037032587984e+01 8.493405471076961533e+01 8.605909134172142672e+01 8.260271335912362645e+01 9.091512659957058418e+01 9.708590986645548071e+01 7.808012322296768559e+01 7.219165702531324769e+01 8.641787169178874706e+01 9.239133842924761097e+01 8.410144289538902740e+01 6.809383444171839983e+01 4.798639050755049595e+01 6.809383444171839983e+01 6.647767257745255165e+01 8.645753732531997571e+01 9.338248900688854803e+01 7.541602890084689648e+01 8.225350779416871205e+01 8.029529107241576469e+01 6.028547334188030504e+01 4.603783891388723504e+01 6.614621260308565809e+01 8.022466705288363187e+01
7.620185347124700570e+01 6.683067114492526173e+01 5.476140110393316007e+01 4.707866324293924265e+01 4.143082115275587540e+01 2.830192433501808580e+01 1.923101572354783428e+01 3.699791411838405963e+01 6.128201201186094238e+01 7.752668883059325822e+01 8.150459245545062004e+01 8.737956031721930117e+01 9.891365109644296183e+01 8.949100977917335342e+01 8.083336323367895204e+01 8.354244157715228880e+01 9.220185451331445847e+01 9.447592597705042294e+01 8.278457297872975573e+01 6.848323609100384601e+01 5.751187033387584080e+01 7.808012322296768559e+01 8.899261032861001297e+01 8.069791887387664531e+01 6.435997584056281084e+01 4.423344622997701236e+01 5.226470544483643010e+01 7.232963947482656408e+01 7.247828374711355082e+01 8.127183843805485708e+01 8.225350779416862679e+01 6.350032832745921496e+01 8.225350779416861258e+01 6.435312300097270111e+01 4.422036758194632000e+01 5.186851091771001165e+01 6.089636610256568616e+01
6.795751164757790264e+01 4.614905002666345979e+01 3.412504161969688710e+01 2.736795706380313575e+01 3.975890960629019588e+01 1.981827884519378458e+01 3.945190332894867424e+01 5.232686117329010500e+01 5.237966609850436583e+01 5.916772403516429080e+01 6.777615588255336831e+01 7.819159891457228184e+01 9.168985729274535856e+01 7.734789764673500656e+01 5.974658116512989636e+01 6.249394078054262991e+01 8.354244157715228880e+01 8.613306595197951765e+01 6.583807672840640635e+01 5.348130483878540531e+01 4.920671930279048212e+01 7.030605435902155875e+01 8.069791887397690289e+01 6.068906347648816535e+01 6.074514441164253498e+01 4.063804478785200303e+01 6.074514441196693326e+01 6.673355481412227164e+01 5.072174278401954695e+01 6.835025191987085691e+01 6.765400500613851875e+01 5.692198291106511476e+01 6.833434951970019711e+01 6.021212149026432314e+01 4.235633199453774722e+01 5.152527842657119805e+01 6.315389309502695170e+01
6.746341153254304857e+01 5.273300993569608863e+01 3.300009836222584170e+01 4.203573881904150511e+01 2.299753453898663835e+01 2.025079770944894975e+01 3.891147670487772814e+01 4.303111914454535736e+01 3.215945309364028759e+01 3.882068619625773209e+01 4.890346988965849562e+01 6.946339768835349560e+01 8.221140603654637857e+01 6.189849570648942034e+01 4.721538230851145812e+01 6.810591968929148265e+01 8.684852939147893380e+01 7.948508835415039187e+01 7.989309239558433262e+01 6.327294267361123303e+01 4.185283404048331590e+01 6.287986785463491657e+01 6.167086550205116424e+01 6.462454238107125093e+01 4.645769307748400934e+01 3.757729421033087647e+01 5.342702672999035940e+01 5.247963582222308787e+01 3.797961064421991750e+01 5.844323573825267459e+01 4.797850812163709833e+01 6.574394527170593960e+01 5.770832078574044033e+01 3.970487262228795089e+01 6.021180241402174005e+01 7.091320117033572501e+01 7.988043602965829848e+01
5.069553920068343444e+01 3.921767908599696995e+01 5.273300993569608863e+01 5.036097135000336777e+01 4.202234538970752453e+01 4.018125434255609463e+01 2.088619142338615831e+01 2.443308620903301431e+01 4.391939292534992489e+01 5.916732425683845520e+01 6.777877598875902265e+01 7.803437036955179451e+01 7.352315419978990008e+01 5.231173755895264321e+01 4.054725039037172252e+01 6.189849570785395372e+01 7.948185989128354834e+01 6.155038778628751572e+01 6.174238698198706743e+01 5.832964937039333364e+01 3.698149008558154804e+01 5.171391219350726942e+01 3.153412273810914357e+01 4.721374500409974218e+01 5.221033595075717670e+01 4.619949437588751806e+01 3.373021691806748379e+01 3.419250225480320893e+01 3.465163125238001385e+01 3.985153402858031768e+01 5.544899328130070160e+01 5.624017664783188053e+01 3.753967408764770397e+01 5.781810028668177637e+01 6.851375857503380473e+01 7.622672212269864644e+01 7.029366656963792082e+01
4.728887732840874492e+01 5.918503648627057601e+01 6.746341153254304857e+01 6.350363750655350259e+01 5.532350115264502222e+01 4.886290660558844223e+01 4.066891031555585556e+01 2.152280573840801381e+01 3.556278711077001731e+01 5.569419359042606743e+01 7.462765169272698529e+01 6.587334966007422565e+01 7.461206937065328759e+01 5.620410503591087803e+01 3.518620248466156397e+01 5.617563533994837854e+01 6.364726349006625128e+01 5.697808407105439699e+01 4.830924483903472577e+01 6.078928679203244911e+01 5.081862071879140785e+01 3.088970991694581159e+01 3.576135264844988626e+01 3.217575303773509887e+01 3.262952390345746068e+01 3.308450234331494499e+01 5.271404454262826533e+01 5.157899318675195843e+01 5.229920032267291674e+01 3.529754686697063448e+01 3.575482444522602066e+01 3.621424044886877880e+01 3.670754108724953824e+01 5.679895789438443643e+01 6.588493556314652722e+01 5.848249814038477723e+01 4.950836215996383061e+01
6.730702238906545176e+01 7.550643861489322717e+01 7.106594155936764423e+01 5.532912009724566360e+01 3.525289063295544167e+01 3.071451834637064948e+01 4.182841239347204976e+01 2.197032041137088854e+01 3.599194443863742521e+01 5.602774294012873213e+01 6.383574774512583616e+01 4.511509866883585573e+01 6.418289834279123340e+01 5.150948793499831169e+01 3.090259664830235309e+01 4.703012354582335774e+01 4.728663041266325706e+01 3.740430721808304781e+01 4.874799018496343450e+01 4.923730512652773683e+01 3.024131993618624037e+01 4.150257370798700407e+01 5.150030763355826480e+01 5.171474805916826512e+01 5.217253731431791408e+01 3.593387602692018135e+01 5.702819777769652632e+01 6.197291744540932967e+01 4.196502572973508194e+01 5.525465950313923003e+01 4.608975780700637870e+01 5.411679421566316961e+01 5.679431785593924076e+01 3.742944159542734184e+01 3.817374855466156447e+01 3.899620159062402536e+01 3.958658861671647600e+01
8.578796617862592200e+01 7.991592719447994853e+01 6.292234839758972242e+01 4.281948646818023718e+01 5.532911629215623606e+01 4.444339960757914554e+01 2.518876902224765857e+01 2.241669275289778440e+01 4.228088348755795778e+01 5.119281222555423483e+01 5.494985131058460581e+01 3.521763391414830124e+01 4.559695513607925932e+01 4.591108298227339901e+01 2.683347766716215688e+01 2.731819907022822136e+01 4.300448673415253609e+01 3.150529065289577346e+01 2.912363533984552078e+01 2.958097182253106538e+01 4.361411304629172037e+01 3.999332039127349248e+01 4.894892732546274061e+01 6.746232190404477080e+01 6.531446237295817525e+01 4.665487757970200278e+01 6.544273327455336187e+01 6.731740202146046670e+01 4.718510304054841242e+01 6.744317362633147184e+01 6.712371368104234648e+01 7.031585906547068987e+01 5.602591709106108198e+01 4.506359749008336024e+01 3.817976564844641274e+01 5.726807781954169485e+01 5.938494533179836310e+01
