MOVIE_S9_data/elevation_000422.asc
nrows	100
cellsize	150.0
xllcorner	0
ncols	100
yllcorner	0
NODATA_value	-9999
[rows 51 to 67 of 100, columns 0 to 36 of 100]
6.455108993161302877e-02 2.006455108993125691e+01 1.717604770707884043e+01 2.864867773530641060e+01 2.591359369727026163e+01 2.939720415205526649e+01 3.051741763842392530e+01 4.474934153998888320e+01 5.107563524952364986e+01 5.814597485745019156e+01 6.642742843383756224e+01 7.796998298267482141e+01 7.475946351943045443e+01 6.637727187310764521e+01 7.475946351943144919e+01 7.089389831999486091e+01 6.253050598452945508e+01 4.658471451281039322e+01 4.917549227471090489e+01 6.920801283943880833e+01 6.845153315159427621e+01 5.010034882811938672e+01 4.660841091642649303e+01 5.809688036726080895e+01 7.224344097900927864e+01 9.248755379631063533e+01 9.983418350508215156e+01 8.709796911878403591e+01 6.713053844781951796e+01 5.313262976903730817e+01 6.034055538659964668e+01 6.660102433875339045e+01 4.684051101736020684e+01 6.660102433875339045e+01 5.937353266530723062e+01 5.937353266530723062e+01 4.420745383297739295e+01
3.995603441288197999e-02 2.003995603441252626e+01 3.718414181529965390e+01 4.546850516026533739e+01 4.592054817413003320e+01 4.940313345183444937e+01 5.052311363502908392e+01 5.880550690435118355e+01 5.896206542768069170e+01 5.805205175346054602e+01 6.668916043970321539e+01 7.355769745862383502e+01 7.778656690381926353e+01 7.349736114582918844e+01 7.564642295573220565e+01 8.384926415265621813e+01 7.497306888621098153e+01 6.659695295629163070e+01 6.920801283943880833e+01 7.759165121366471851e+01 7.848812912805264830e+01 6.420140076676416641e+01 5.550239648616973653e+01 5.598402011207755180e+01 6.749803040063295612e+01 8.769262979341050368e+01 9.147440981926547465e+01 7.147807993291556272e+01 6.154811908723433334e+01 6.713053844781951796e+01 8.024919690078102974e+01 7.103560488213517488e+01 5.120355778873580022e+01 7.103560488213517488e+01 7.914379314853020730e+01 7.200503974192410794e+01 6.374417469515677226e+01
4.804567899273937126e-02 2.004804567899238421e+01 3.009707513211116847e+01 5.009707519967519573e+01 5.846916924626282253e+01 4.920099430715618638e+01 4.413790191640460847e+01 4.995684931494391634e+01 3.693861540365643492e+01 3.701682894296875048e+01 5.678546783206171256e+01 5.063141741335659418e+01 5.655468618022638339e+01 5.407256665719938837e+01 5.619200503530457524e+01 7.066198361783496296e+01 7.895044428303107509e+01 8.310093973660153210e+01 8.280135800750927899e+01 9.110741555629513755e+01 9.277485748934124388e+01 8.395075393340982828e+01 6.701280262063208681e+01 6.749803040063295612e+01 7.603327239781373237e+01 9.612802738558376348e+01 9.983418350508215156e+01 8.147624487609047605e+01 7.147807993291556272e+01 8.709796911878403591e+01 7.916660132292190610e+01 5.924980894260828279e+01 7.103560488213517488e+01 6.519071469034166455e+01 8.514641805374454009e+01 9.023406430585504268e+01 7.194980389506075369e+01
9.707512844716031930e-02 1.009707512844724775e+01 3.009707512852477507e+01 4.978626382810163165e+01 4.735283991985657792e+01 2.848023783800537245e+01 2.582395268432755131e+01 3.452950835300154608e+01 2.330668861230225275e+01 3.292044214996005991e+01 4.987287626730390855e+01 3.528938855102416738e+01 4.903286857384127728e+01 4.027992479951500826e+01 5.549308756300231238e+01 5.071432187218406540e+01 6.314023910366725545e+01 6.314023847357092478e+01 6.285418012152604206e+01 7.693962512782050567e+01 9.695283302466239661e+01 9.563621179684720630e+01 8.720143539562354817e+01 8.769262979341050368e+01 9.612802738558376348e+01 1.047352262932796663e+02 1.099253230104163492e+02 9.983418350508215156e+01 9.147440981926547465e+01 9.983418350508215156e+01 8.749057909831125812e+01 7.071746658991591516e+01 7.071746658991591516e+01 8.514641805374454009e+01 9.348562725476362800e+01 8.186293443030987760e+01 6.203667335981178610e+01
5.001202446392439237e-03 1.000499928169053376e+01 2.155192449401370780e+01 4.154119234523996340e+01 3.656908735092541463e+01 1.958126111882402043e+01 1.242916877511885332e+01 1.452071486451957583e+01 1.665126473496480486e+01 3.669654421726592375e+01 4.230200579579753395e+01 2.621353802434886049e+01 2.914080338898254396e+01 3.215447689285315391e+01 3.548324888314686376e+01 3.914177433708345433e+01 4.316502110826554883e+01 5.025820659784970701e+01 6.434122011685674636e+01 8.429536897656474537e+01 9.377093572455005699e+01 1.053418015386088626e+02 1.012552695719199249e+02 9.292289976189454137e+01 9.553036163391460889e+01 1.038643339917955757e+02 1.145388679811950823e+02 1.061576807835070042e+02 1.061576807835070042e+02 1.061576807835069900e+02 9.906231500876286589e+01 9.070833400820542636e+01 8.068044734686800723e+01 9.906231500876008056e+01 9.608522744641281577e+01 7.597186777499574362e+01 8.186293443030987760e+01
5.279685921607564503e-02 2.004249393273428126e+01 2.344825200888561056e+01 2.519697590573860424e+01 2.696484744094466279e+01 9.568073454947031209e+00 2.956870827088187426e+01 3.452950835304325494e+01 3.669654444213360733e+01 1.992126249604418220e+01 2.230036025365691188e+01 4.071131483570059117e+01 4.864785680589252337e+01 5.215811460253586773e+01 4.550903746124725302e+01 5.914519367727339016e+01 6.314023910366725545e+01 5.134827282827871642e+01 5.799282538199652492e+01 6.550277308154706191e+01 7.699857945090144540e+01 9.701827805117352455e+01 8.963774104770108409e+01 7.279825261535502534e+01 7.541114810360662091e+01 9.553036163391460889e+01 1.061576807835070042e+02 8.605914355999783538e+01 8.605914355999783538e+01 8.605914355999782117e+01 1.002990057705964375e+02 1.091156922602290678e+02 1.007362206695427602e+02 1.091156922602290678e+02 1.044962608367289363e+02 9.608522744641281577e+01 9.652044274892638498e+01
5.738623160518319517e-05 1.721383317879347841e+00 3.449120169042071637e+00 5.196528282364154983e+00 6.964295235330530964e+00 2.696484744094466279e+01 1.687104089891882452e+01 3.101325446683411968e+01 4.822617377477006784e+01 3.409450395460726924e+01 4.230200584272280651e+01 2.963203283614786443e+01 3.963377834355311791e+01 5.378779256564098432e+01 6.547713766475736463e+01 6.547713766475736463e+01 7.956389348310524667e+01 7.127549447393188586e+01 7.791681960098176773e+01 8.545990475602333447e+01 9.377093572455005699e+01 9.518916801641057646e+01 8.130392931185225791e+01 6.119495652765724714e+01 8.130392095496945615e+01 8.211927639572679993e+01 9.045254079504175593e+01 9.194586882083341095e+01 7.190039733726165139e+01 7.190039733726163718e+01 9.025858147086017880e+01 1.044697648489187287e+02 1.051730887338903102e+02 9.681256850815719872e+01 9.595171686861417015e+01 1.043104213432042684e+02 1.143759714573957638e+02
4.532054705376769438e-02 2.004532054705341082e+01 2.344952872753862394e+01 2.519697591053561325e+01 1.452358409295204922e+01 3.451254460728711848e+01 2.264454363003723358e+01 4.264594929711020654e+01 5.931062478475709554e+01 5.406862783392068650e+01 5.618787145643359793e+01 3.595520649112606293e+01 5.618787145643339187e+01 6.786145853434156550e+01 8.193512450304208983e+01 8.545080771003692632e+01 8.820388193617360173e+01 7.988294124123198969e+01 8.098710601371840312e+01 8.930954026574650584e+01 1.035038784185627776e+02 8.685513863096507237e+01 6.673862886375854941e+01 5.523145404750792409e+01 6.793440564796115666e+01 6.205889678579674751e+01 8.211927753542651942e+01 9.698394977041307641e+01 8.192313307904746011e+01 6.189948662941664992e+01 7.604739809280165730e+01 8.736828130523345237e+01 9.357075265964225252e+01 7.675138362445660789e+01 7.589377801093507969e+01 8.590382715263571356e+01 1.000922362843395632e+02
9.001595176218035732e-02 2.009001595176182420e+01 3.834101476015108290e+01 4.276893299673986348e+01 2.866411867084005394e+01 3.451254460728711848e+01 4.264594929711020654e+01 3.207263847509479149e+01 4.361975775623784557e+01 6.362576028463963951e+01 6.461666844489826644e+01 5.021848216259463271e+01 5.021848216291595435e+01 7.059927142902382968e+01 8.786360386000207257e+01 7.954312498873697734e+01 7.664397298932988178e+01 5.988800354337227816e+01 6.098847086208201773e+01 7.511520211293034777e+01 9.120097480592581007e+01 8.982958129466967989e+01 8.150112064167379344e+01 6.793444512395349477e+01 4.808679329133151015e+01 6.205889678296426126e+01 8.211927361514881341e+01 8.863645493644823148e+01 6.859702639195658946e+01 5.704583614639106770e+01 7.706668547187972251e+01 6.732748201156178425e+01 7.791639093379546921e+01 6.520035957370593849e+01 7.935122274036571355e+01 9.942259135873887033e+01 1.033415596397946530e+02
5.674351268809080251e-02 1.005674351268817723e+01 2.419887913641937871e+01 4.419887913642008215e+01 4.863189382159204399e+01 5.446255875399727131e+01 6.036939644692585460e+01 4.361975775623784557e+01 6.036939644692585460e+01 7.192493579143972227e+01 7.513175985942659452e+01 7.059927058240343456e+01 7.059927142902382968e+01 7.901489138364740938e+01 7.630479749695447822e+01 5.955042623489986653e+01 6.833885857894283333e+01 4.838572760474823298e+01 6.654245108471290848e+01 6.287147311420576301e+01 8.287643015697878468e+01 8.150112064167379344e+01 6.147605940156287829e+01 6.388305972113018072e+01 4.411047234477256040e+01 6.388305972113018072e+01 7.989376014045414820e+01 9.131193768683523615e+01 7.279822605363786181e+01 5.277575502677191110e+01 6.701823653503647904e+01 5.317483566122177763e+01 5.789494599922038276e+01 7.791639093379546921e+01 9.356964108574965167e+01 9.747953678358015850e+01 8.327331973625787498e+01
9.518805923843161321e-02 2.009518805923807605e+01 3.059982518125185535e+01 3.663005207280757958e+01 4.370111988467318298e+01 5.198539113268486744e+01 6.353239651685758815e+01 6.362576029284964818e+01 7.192493781869627867e+01 6.932858128424847166e+01 5.537707878855881205e+01 6.525441932399267841e+01 7.341488175749501011e+01 8.214394545145069060e+01 6.214185931223916270e+01 4.806291927280170029e+01 5.734333808555144429e+01 4.242189944032109139e+01 4.661330651904818723e+01 6.068547902857115162e+01 8.068243261153482138e+01 7.842306863178437482e+01 5.846627430057036889e+01 4.749617849642682899e+01 4.035835520509115781e+01 5.166316764614634138e+01 7.157245631670224384e+01 8.281618964867567456e+01 6.293116672691623137e+01 6.293120584282029029e+01 4.699594860282788034e+01 6.701823653503647904e+01 7.022315782210787916e+01 7.331208573618938829e+01 8.162791783030449722e+01 8.297006155223607493e+01 6.912052227448970143e+01
9.062254805971975413e-02 5.254600343002964635e+00 1.059982518125149831e+01 1.663005207280687614e+01 2.370111988467247599e+01 3.524812526846540095e+01 5.524812526846658756e+01 5.010592828485830097e+01 5.841694629053681354e+01 5.942416406925831041e+01 4.131465897856700309e+01 4.543344638102156807e+01 6.525441932399267841e+01 6.912849073951056766e+01 7.066163127240062636e+01 5.073596074783772281e+01 3.752120595330649877e+01 3.676697110436785465e+01 5.657787913779631594e+01 7.484489312037756292e+01 7.015286587202041346e+01 6.186482155095325197e+01 5.846627430057036889e+01 3.876928231809324643e+01 3.686938026960526571e+01 4.814640432031431772e+01 6.799664182157960113e+01 7.449288424932625219e+01 5.446736016527532342e+01 4.291987759888451137e+01 4.430338471517346477e+01 4.721657357778840947e+01 5.020007729866073021e+01 5.329219171678771261e+01 7.331166542924853502e+01 6.294978108224896829e+01 7.050793819955661945e+01
3.063233560239582431e-02 2.003063233560203926e+01 3.059982518125114126e+01 3.663005207280757958e+01 4.370111988467318298e+01 5.198539113268486744e+01 4.695115820154406094e+01 3.033161597362342476e+01 4.695115820154406094e+01 5.123887494630274375e+01 3.136098032159061688e+01 5.123887494630274375e+01 6.332306710863090871e+01 4.921308825983117430e+01 5.440924156560574687e+01 4.615908489355329181e+01 3.105007297267413335e+01 5.073596065151078705e+01 6.486353923931120846e+01 6.723627036856980510e+01 6.186482120614015656e+01 4.212280854691243093e+01 4.790510952951696311e+01 3.232673394522834798e+01 5.190061079790188359e+01 6.481134278413543370e+01 7.630844964314795220e+01 7.439379867542199065e+01 5.436732316166646228e+01 4.023584215173448086e+01 6.023183524475888362e+01 6.723796497554721441e+01 7.022315782210787916e+01 7.331208573618938829e+01 5.794874916055620417e+01 7.796555249201807669e+01 8.297006155223594703e+01
5.666595628964066211e-02 1.419880161130837948e+01 3.419882240520186656e+01 4.902706244326684271e+01 4.076630336701036583e+01 3.860749403042309069e+01 3.858291725598633093e+01 1.928421140151672475e+01 3.858292166188377337e+01 3.824030240346678511e+01 2.561741958244235917e+01 4.550062104005240826e+01 5.341211469480310825e+01 3.529064635640398961e+01 4.188246000599895780e+01 2.656112759557645120e+01 4.615908489355329181e+01 5.900500268380538671e+01 6.142852336742645036e+01 4.731880387238332020e+01 5.463942652439908443e+01 4.790510849150081896e+01 2.843108293117457563e+01 4.790510977114702484e+01 6.015433265607831714e+01 6.779395188255224980e+01 5.983608734161601461e+01 6.806470341882261721e+01 5.829688776103931502e+01 3.831890511184646186e+01 5.829161542117052619e+01 6.394420041447946801e+01 8.390914404782378710e+01 8.628822740498975463e+01 7.796578170819903164e+01 8.629379018730560347e+01 1.030426753242211078e+02
2.110006612196471329e-02 1.416323677881097964e+01 3.416350075308175605e+01 3.671836587368484572e+01 2.079200897940004467e+01 1.860738936561584111e+01 2.529500426647144451e+01 1.241163391742084876e+01 3.173590992806932221e+01 1.834445520446139710e+01 3.824012052792211591e+01 5.369578361334983896e+01 4.516841046837107854e+01 2.556094350313953001e+01 2.231598310716148248e+01 4.188246000599895780e+01 5.440924156560568292e+01 5.094902970147665400e+01 5.315238491537969878e+01 3.342634686003015076e+01 3.489301316528899122e+01 4.180194757448724374e+01 2.587706111075604554e+01 4.517953318836285348e+01 5.684920305574529920e+01 4.654369500973548668e+01 4.085584780274793104e+01 5.911922640883578595e+01 5.379673882592571488e+01 3.644249416020144139e+01 4.395082981325641214e+01 5.808966468121850113e+01 7.814329911274438700e+01 7.783330449268073892e+01 8.273429571167694974e+01 8.794334950567404974e+01 9.554967997802984314e+01
9.367352646185668485e-02 2.009356143497569036e+01 2.166337096110153126e+01 1.662897983105428779e+01 2.314862972396356966e+01 4.465165241959785369e+00 5.294905055604810507e+00 6.127515949848440613e+00 2.612758743479936996e+01 1.363895232586531847e+01 3.168124260697271311e+01 3.610417980534967342e+01 3.775634565566511469e+01 1.816484899218972870e+01 3.399097359415616637e+01 3.499717779896432290e+01 3.600760565157494852e+01 3.125629022670186785e+01 3.804565293612807864e+01 3.910137169159737880e+01 2.116737876733316881e+01 2.229678663323116439e+01 3.096701587187321891e+01 4.363124698488108066e+01 4.611710296393494701e+01 2.837852653808865355e+01 4.058415064289418694e+01 5.046035682079781282e+01 3.391369113810683444e+01 5.379673785561098498e+01 6.395382668174995189e+01 7.228268191196529813e+01 7.127062727608297621e+01 5.760413332265069641e+01 6.252546241132183980e+01 6.776794617059383086e+01 7.542192892107101443e+01
3.648181865326004941e-02 8.495974468350014908e-01 1.663385905606160176e+00 2.479202922054162705e+00 3.297748431124222446e+00 2.329785043871977024e+01 1.959305178333737274e+01 2.611299214422936288e+01 7.318498618199489769e+00 2.714886622585959941e+01 2.942811026304815769e+01 1.073237729246400285e+01 3.087146745880777488e+01 3.222170458167411766e+01 1.433331970212654305e+01 1.536255025494919835e+01 1.639058712191939193e+01 1.742145543281652209e+01 1.845658360391994890e+01 1.958059604664778064e+01 3.910558049054356644e+01 4.180194757448723664e+01 2.407170809983763249e+01 2.532601155481822630e+01 2.658257927917454566e+01 4.550091170135973329e+01 3.019419610930370723e+01 3.148398780223590165e+01 5.125103919890314330e+01 6.209599582297364151e+01 6.207785889306245508e+01 6.576475841197840566e+01 5.103963462110731086e+01 6.009443220529610841e+01 8.031235902084181077e+01 8.794334950567404974e+01 8.054917364662316004e+01
