MOVIE_S9_data/elevation_000037.asc
nrows	100
cellsize	150.0
xllcorner	0
ncols	100
yllcorner	0
NODATA_value	-9999
[rows 51 to 67 of 100, columns 0 to 36 of 100]
6.455108993161302877e-02 4.915263590658252468e+00 9.915263590658209836e+00 1.546226555291045202e+01 2.178682087324709826e+01 2.934611033343151121e+01 4.348824595716196484e+01 6.348824595716125430e+01 6.280990312998494574e+01 5.452371004466870374e+01 4.717354955724773902e+01 6.717156647229063537e+01 6.898123119117140334e+01 7.117009641805394438e+01 7.945907472057770349e+01 8.519181196392119659e+01 8.903666374170452968e+01 9.734161837166952580e+01 1.073806730134904655e+02 9.449894929679071254e+01 8.632318149998457102e+01 7.268411264853889975e+01 5.294453253034732398e+01 6.692711465483755262e+01 8.658273528348738068e+01 8.702657537352406791e+01 6.809970834419168284e+01 5.716979775982486700e+01 6.718878695658966649e+01 6.001361510509304509e+01 4.057685380243769657e+01 5.443632164622501080e+01 7.357854037641709510e+01 7.765738423360978970e+01 5.865228199766407613e+01 7.765738423360978970e+01 7.842606064132029076e+01
3.995603441288197999e-02 2.003995603441252626e+01 2.991526359065785456e+01 3.546226555290974147e+01 4.178682087324638417e+01 4.934611033343080067e+01 5.763038158089240426e+01 5.874748681036143694e+01 5.046219559364351426e+01 3.453367447721527839e+01 5.452371004466870374e+01 5.067236906255416784e+01 4.898252626091361606e+01 5.116990844486991818e+01 6.518120402463881646e+01 6.518120431071825749e+01 8.103236947106559285e+01 9.103908167292688347e+01 9.297443071286089378e+01 8.313589889575177949e+01 6.666527389271763582e+01 6.873619662490052917e+01 4.885384058934682372e+01 6.297224319934760217e+01 8.265161115775741507e+01 9.480348878786480782e+01 7.813387765512916872e+01 5.917642447180931953e+01 4.823074981254278271e+01 4.335767697694609524e+01 3.834761245597959345e+01 5.821690456259452873e+01 7.562051892372332418e+01 7.132235015496119956e+01 5.254932881620234042e+01 7.132235015496119956e+01 7.695156386907167700e+01
4.804567899273937126e-02 2.004804567899238421e+01 3.245185734033856306e+01 4.001114680052324246e+01 4.829541804798484605e+01 5.984242343177756851e+01 5.327845703355153972e+01 4.507435548669019454e+01 3.047129602882248278e+01 2.787009488849668415e+01 4.501889587428178174e+01 3.068432296461831754e+01 3.485270125350609760e+01 3.984807455611193205e+01 4.518623444331575456e+01 5.273712272993937233e+01 6.273583383089542309e+01 8.274924711422340806e+01 8.480040955466112962e+01 6.514695755047036130e+01 5.530301358640069509e+01 6.504413579712192472e+01 4.498342306121512735e+01 5.670008079299245196e+01 7.070030111624082281e+01 9.066170176337193709e+01 8.596463939277651889e+01 7.502839644671308861e+01 6.163697660237725273e+01 5.634230833932487315e+01 3.608659922647546381e+01 4.817219452893601783e+01 6.189635672632966390e+01 6.590304569324374029e+01 4.735743795716491178e+01 5.889346483864083126e+01 6.291948634335234658e+01
9.707512844716031930e-02 6.127302020002459493e+00 1.245185734033927361e+01 2.001114680052395300e+01 3.155815218431667191e+01 5.155815218431595781e+01 4.287984221145656250e+01 2.641127080482378986e+01 1.892743153281993784e+01 2.194253454265959036e+01 2.502855507262562185e+01 4.501889587428178174e+01 5.484001132003731982e+01 5.983732359930919387e+01 6.518120402463881646e+01 6.518120417969990399e+01 8.103236915433339504e+01 9.103907382906410817e+01 9.297436034400337235e+01 8.261001969827742641e+01 6.054913391045288762e+01 4.582865579954460600e+01 4.135357671394002921e+01 5.590099166845103440e+01 7.636132684264181592e+01 8.262259054485036813e+01 9.066253731715913489e+01 8.841027978490274108e+01 7.208195805373519249e+01 5.281628519356844720e+01 5.386386712430418555e+01 3.315062022621844307e+01 5.137815080146954472e+01 5.740702004158299587e+01 5.889319358202464372e+01 4.052020884932213818e+01 5.259067510333754569e+01
5.001202446392439237e-03 2.000500120244603863e+01 3.245185734033856306e+01 4.001114680052324246e+01 4.127800988291946283e+01 4.001691313415578577e+01 3.173208046465501297e+01 1.521352740420279659e+01 2.935567322672513058e+01 4.193431930633521887e+01 3.916325009501044718e+01 3.319056847820789358e+01 3.951019001265522945e+01 4.950073692969777284e+01 6.104385920253098874e+01 8.105348750671497271e+01 9.348167309254800728e+01 9.395148720644371565e+01 8.633739302799747861e+01 9.176495881156445478e+01 7.422357434780687413e+01 5.827127875110532784e+01 3.783392775809556952e+01 5.827127875110532784e+01 6.857249936170371996e+01 6.323011318279152704e+01 8.262508451020191558e+01 8.457577671601355007e+01 7.618029704087500420e+01 7.208299091326514940e+01 6.189635672625678353e+01 5.137815080145281854e+01 3.023335067604365989e+01 3.904460269612903289e+01 5.597131307223072838e+01 5.028520012451102872e+01 3.385629900102274803e+01
5.279685921607564503e-02 2.005279685921572153e+01 2.352874118618895238e+01 2.531760453097044561e+01 2.127790008927022924e+01 2.898484227180198047e+01 1.173197428508880868e+01 3.173208046465501297e+01 4.349856086213554818e+01 5.764147237965497084e+01 5.915567418199506733e+01 5.317923469192652419e+01 5.950083019862591271e+01 5.364204064628665947e+01 7.364520091223458564e+01 8.934319410913028037e+01 8.818005253032832513e+01 8.053050555402177224e+01 6.946369943524787516e+01 8.475383281577288130e+01 6.961452674930832529e+01 4.962169495519983542e+01 3.488946486849503970e+01 5.547706927813519684e+01 4.915348194719339858e+01 6.322929124885360608e+01 8.258468489191443496e+01 7.618029704092099053e+01 5.441542156406283226e+01 6.079020599951356729e+01 6.949559906286110333e+01 5.736091278845894692e+01 4.750713697556823689e+01 2.733317420871910741e+01 4.767191971745758394e+01 3.110367661459222077e+01 4.990092985449112462e+01
5.738623160518319517e-05 1.760959198882855015e+00 3.528726151849227222e+00 5.317580533849066704e+00 7.135762352030892153e+00 8.984763006115004558e+00 2.898484227180198047e+01 1.644601949299924115e+01 3.644624113022285172e+01 4.537026401975199974e+01 4.169976415925038538e+01 5.584256521930635841e+01 7.584831888455806848e+01 7.364520112923246131e+01 8.193464401704430600e+01 9.089063581746195553e+01 7.294636376560117696e+01 6.272694661263155069e+01 5.999358523126473131e+01 7.714026699330727865e+01 6.695324479853489663e+01 4.687825392973766725e+01 3.202727414814089713e+01 3.879562678019624400e+01 5.906336082120843400e+01 7.109171636296990471e+01 7.473578668294827310e+01 7.586660971585914126e+01 6.079020599950901982e+01 3.758478357431012995e+01 5.061861092051291422e+01 4.535888529997367158e+01 2.493977552229556238e+01 4.580865653656304914e+01 2.837972264856034599e+01 4.794421485087134727e+01 5.782952091727386801e+01
4.532054705376769438e-02 2.004532054705341082e+01 2.352874118618895238e+01 1.945971760321820909e+01 2.713579662335460441e+01 1.605583080951814168e+01 3.605236711824848328e+01 3.644624113022243250e+01 2.136967913217835147e+01 2.536967913220077619e+01 4.537026401974362955e+01 5.738340323885264382e+01 6.445547287909309375e+01 7.274976598275394224e+01 8.275677466056143317e+01 9.868973497889926705e+01 8.287049760188874359e+01 6.502470412482735185e+01 5.216300701695562481e+01 7.025161601860395422e+01 6.186608703846049906e+01 4.155789681644206013e+01 2.950704585338042563e+01 3.335633500014923669e+01 4.282562883195020476e+01 6.295020872304959880e+01 5.543596026558763157e+01 6.717412004415096760e+01 4.564705180844369892e+01 3.940445800253877451e+01 2.445621803255494697e+01 2.357213424916940525e+01 2.392599255728362451e+01 2.576177124613248637e+01 4.061639471091924491e+01 4.143898783445993672e+01 5.422595036241087740e+01
9.001595176218035732e-02 1.423215157549300613e+01 3.423215157549229559e+01 3.945979459879793438e+01 4.432194112073364778e+01 2.605582130237808514e+01 4.432194112073364778e+01 4.892959528997766228e+01 2.892896862092271348e+01 4.537026401975199974e+01 3.203634581088156352e+01 3.738157069453900760e+01 4.445263935268029343e+01 5.445268092350356426e+01 7.445826483580169963e+01 8.710788957879425709e+01 7.678950843197929998e+01 6.578656740222420751e+01 4.731784337217776937e+01 6.576407795471772033e+01 7.017426627570989695e+01 5.841025095947788515e+01 4.653291514157816522e+01 2.646617235648329824e+01 4.653291276523768971e+01 5.087881158085089339e+01 4.386984561359197698e+01 5.952962965217010094e+01 5.230173649067345565e+01 2.724717230518003674e+01 2.308382498383282666e+01 4.160698358754044079e+01 4.516198127691411912e+01 2.446487653931924910e+01 4.585449779133222847e+01 4.136357635636763064e+01 5.002803222946670303e+01
5.674351268809080251e-02 2.005674351268773492e+01 3.654442511597651588e+01 4.654442511597633825e+01 5.431201377451313306e+01 4.604891293411893116e+01 5.431201377451313306e+01 5.721644839973489383e+01 4.047598794899547414e+01 5.721644839973489383e+01 4.358337298235191781e+01 5.738340323884814609e+01 5.371276556869629815e+01 7.274975682353924356e+01 8.275677375248686474e+01 7.957802220604338572e+01 6.162631150086694021e+01 5.082410665747401879e+01 4.274392297052771283e+01 5.626642845020840866e+01 7.445818642456968917e+01 5.860833721875633984e+01 3.840634534618070717e+01 2.478074385352184805e+01 4.233242513148285724e+01 3.231239380427103924e+01 4.074635795872495692e+01 4.103874016600596519e+01 4.021984751791267598e+01 4.351433421951624325e+01 2.274437889276525127e+01 3.705841411417567599e+01 4.990116400692225795e+01 5.003803738450036320e+01 2.502807253446396984e+01 4.123985852606841007e+01 3.676404215847468748e+01
9.518805923843161321e-02 8.260153868515621056e+00 1.826015386851544520e+01 3.240228949224589883e+01 5.240228949224518828e+01 5.235510745025325718e+01 5.412433501496386867e+01 6.240860576303777663e+01 6.047743767137861681e+01 6.876565772259354503e+01 6.358604658588215841e+01 7.187832899656575592e+01 7.373479993957737122e+01 8.204055804100961780e+01 9.397109628239148549e+01 8.031551695816250458e+01 6.914534084188163376e+01 5.744748383716691364e+01 3.840335444093962991e+01 5.761253512179403202e+01 6.336703140997658323e+01 6.022101181346896936e+01 3.881794112650455020e+01 2.309837686675448509e+01 2.601150589235379229e+01 3.627218850255024307e+01 2.126533127542177937e+01 2.160037647273764350e+01 2.193421796848702598e+01 2.226773495800460267e+01 2.895876309341396038e+01 4.818772562404397064e+01 6.229402975025175238e+01 5.588711110854093533e+01 4.627577929249792277e+01 2.562049141267290153e+01 3.703773313954057045e+01
9.062254805971975413e-02 2.009062254805936476e+01 2.684122105726498475e+01 3.043332709772370848e+01 3.421297182771048284e+01 3.235510745172470592e+01 3.412433501650613721e+01 4.757732963169038243e+01 5.390188495122512080e+01 6.097295276162204658e+01 6.925722280493437211e+01 8.080422714357239045e+01 8.401205276534362554e+01 7.619313770605370451e+01 7.516570682819262572e+01 7.233541769868726590e+01 5.356782889205511822e+01 4.233285904720285941e+01 3.467964230074250054e+01 4.969274246194151345e+01 4.254541372396391807e+01 4.271755623343074149e+01 2.434591235366429274e+01 2.542182730455743922e+01 2.045028688244582327e+01 2.078925267858906523e+01 2.957294240133538565e+01 3.810007543335613889e+01 4.308119462987917814e+01 2.358494403171123466e+01 4.375055173665944608e+01 5.660085411912032072e+01 6.690088933050837738e+01 4.936785461253305130e+01 3.545105037099625633e+01 2.605334559166909614e+01 3.820886393251084456e+01
3.063233560239582431e-02 3.411249354516455057e+00 6.841221057366617231e+00 1.043332709790208490e+01 1.421297182799432512e+01 1.821297182799425585e+01 2.257732963271402937e+01 2.757732963271394055e+01 3.390188495305047667e+01 4.097295276491570348e+01 5.251995814870780777e+01 7.251995814017386977e+01 7.304514505996259288e+01 5.714872676416113961e+01 6.171009843238864789e+01 7.121495116508420153e+01 6.923726898054718504e+01 6.136797662692483613e+01 4.969274245550192859e+01 3.015751307222755528e+01 4.213434486379388488e+01 2.297561430344369526e+01 2.596636321786907331e+01 1.997524862810653445e+01 4.612781164751525864e+01 3.912647795306533283e+01 2.887887153736113888e+01 4.766492649111339119e+01 4.838027020871367512e+01 2.725849219271680468e+01 4.838036005487218461e+01 6.233321372864167387e+01 6.883344042810090002e+01 5.128260153519472908e+01 4.856703695395017917e+01 2.649726535563842234e+01 4.236280287511058873e+01
5.666595628964066211e-02 2.005666595628928661e+01 2.684122105726498475e+01 3.043332709772370848e+01 3.421297182771048284e+01 3.821297182756314470e+01 4.257732963206215970e+01 4.757732963169038243e+01 4.390726125125789281e+01 6.097295276162204658e+01 6.925722010350142455e+01 6.876527848300285939e+01 6.083254457298087203e+01 4.557651952817089125e+01 5.538911633736982054e+01 5.183143729972734803e+01 7.121492473271351287e+01 6.308515746740767582e+01 4.414542257996181007e+01 4.560177333642252506e+01 2.636496987518596313e+01 3.934588330048582350e+01 1.950078506667374256e+01 3.940777476080757680e+01 5.340037196070870351e+01 4.547663738044737158e+01 4.910411970534173776e+01 6.188674646179719474e+01 5.653817006644865018e+01 3.727955301779774544e+01 3.394336077752802083e+01 5.423928990688735041e+01 6.872161807247900356e+01 6.883336423028472950e+01 5.877316079315690445e+01 3.156359427572989063e+01 2.713711369218918890e+01
2.110006612196471329e-02 1.156810544991438050e+01 2.571024107364507927e+01 4.571024107364436873e+01 4.836129502433607996e+01 5.658302385617263042e+01 5.818166954057269891e+01 6.652889165090911661e+01 6.390726124573756550e+01 7.219153145495475599e+01 7.445378592738880741e+01 5.519071335583033999e+01 4.075683734120415380e+01 4.813501931451868643e+01 3.486853743170023279e+01 4.969225201703826400e+01 6.912762602626659714e+01 7.073377271409349021e+01 6.308515743972068890e+01 5.321107366973205899e+01 4.484908074271426415e+01 3.857547531513658612e+01 1.916986372738927713e+01 2.922705332122046684e+01 4.831581684297557189e+01 6.521498292344070080e+01 7.162403125850268282e+01 7.405967375755984961e+01 5.393668547964818316e+01 5.745931559361155649e+01 4.849888720668098330e+01 4.087501357905588861e+01 4.989193145293650389e+01 6.936722882210156627e+01 6.113461126113244148e+01 4.090747417222134885e+01 4.855192698949625907e+01
9.367352646185668485e-02 2.009367352646150096e+01 2.801720932204664294e+01 3.229729565535762248e+01 2.862279106903901038e+01 4.276024970570047401e+01 3.775831453166447460e+01 5.804391747729468420e+01 6.996603897935686689e+01 7.513533962607505146e+01 6.272724341393204384e+01 5.486862925960213033e+01 4.813544116346886170e+01 2.695410398315214451e+01 4.813544123414771292e+01 6.334203512240335243e+01 6.888132673654797600e+01 7.682945807350949963e+01 6.413778381725673228e+01 4.639732053781278864e+01 4.602047053525474496e+01 4.080256573511358198e+01 3.169679933469486244e+01 1.870403217241599592e+01 4.418300117158670304e+01 7.098551103618601132e+01 6.459617019157133200e+01 7.253314141339065202e+01 7.416460728719411577e+01 7.616758570103010584e+01 6.629494760802712960e+01 4.676664505854493825e+01 6.629494760645022211e+01 6.580754558526469111e+01 6.995245971578287936e+01 5.557275021807490134e+01 5.283180434613502285e+01
3.648181865326004941e-02 4.036346627167511691e+00 8.117686613993566169e+00 1.247650027792627014e+01 1.778722739243404405e+01 2.345141847794977252e+01 3.260854387545089850e+01 4.293848883977065611e+01 6.181398187899654317e+01 6.190332029666496538e+01 4.912747294007031940e+01 3.481064566570658059e+01 4.231854528655172487e+01 2.267390413349895084e+01 4.389945172218308045e+01 5.500279225068213407e+01 4.946221674565784809e+01 6.888171481177145949e+01 5.990940966978084248e+01 4.132366924249664208e+01 2.797272145223354300e+01 3.519686923108254462e+01 1.824342565629447321e+01 1.832894352547327443e+01 5.142713479270702237e+01 6.122000067040555393e+01 4.402727763686801410e+01 5.704698044892579389e+01 6.828680912291082450e+01 7.818008109947915329e+01 7.275754931418785532e+01 5.336974419570530159e+01 7.275754931418785532e+01 7.950476338956103461e+01 8.433253491397951507e+01 6.574082947932075172e+01 4.539787952661313852e+01
