MOVIE_S9_data/elevation_000686.asc
nrows	100
cellsize	150.0
xllcorner	0
ncols	100
yllcorner	0
NODATA_value	-9999
[rows 68 to 84 of 100, columns 0 to 36 of 100]
5.009162696260269221e-02 2.005009162696224578e+01 2.961171108213477154e+01 2.961171108176319322e+01 4.334944555105429487e+01 5.163371371144224042e+01 5.615091011058086679e+01 3.941256404686703263e+01 5.615091031966869650e+01 6.032973294487942439e+01 4.358756761007330027e+01 4.870839302461222076e+01 3.764863888626277344e+01 5.765592207614201214e+01 5.785381148783532979e+01 7.813063549016898435e+01 8.577512192730171137e+01 6.698839373481793302e+01 6.741615394615162415e+01 6.489947702292964493e+01 8.430722634635398549e+01 8.493078280286906079e+01 7.327642927188912836e+01 6.489045302411913951e+01 5.971345423749955472e+01 4.008924235779947054e+01 2.688893350643835589e+01 4.583704097243542464e+01 6.027149291630784944e+01 7.021020128838875962e+01 7.509486379128840383e+01 5.851255012664672961e+01 3.872628446765726551e+01 2.732336266331877184e+01 2.286387859663934208e+01 1.956756276056765032e+01 3.967860923746793844e+01
4.695337527364121244e-02 4.760998583183938315e+00 9.611711083910556397e+00 1.627837775057710701e+01 2.334944556244245817e+01 3.749158118616804813e+01 5.749158113778884882e+01 5.941581960344321800e+01 6.769866218888117260e+01 7.188011846376426206e+01 6.357720176714447291e+01 6.473749886653384067e+01 4.470777498653163917e+01 6.473749886663082975e+01 7.813063549016898435e+01 8.359857996999916452e+01 7.422203635217688600e+01 6.616652644998728761e+01 5.384574983989455887e+01 6.741615394615162415e+01 8.682938285938234912e+01 7.651108039888509893e+01 5.638356336996483975e+01 4.505926032869272291e+01 5.429023464734901694e+01 4.408528781758992210e+01 2.520029865879225639e+01 3.265926355555539828e+01 4.209929912193187818e+01 5.594751601007728681e+01 7.605498708820930176e+01 6.673811665081730382e+01 5.530233404928159047e+01 4.706160183208339731e+01 3.920822219532482222e+01 1.917599252103377694e+01 3.515518101164320086e+01
7.614146464036156137e-02 2.007614146464000626e+01 2.961171108213477154e+01 2.594164270244201020e+01 4.334944555106265085e+01 4.334944553830474945e+01 6.334944507453669615e+01 6.407028712131128145e+01 6.146513193504242167e+01 6.146513193545430198e+01 6.975500180337375866e+01 7.304718267666405040e+01 5.625025090094334956e+01 7.304718268622418975e+01 8.931169976853736614e+01 6.982306479005407596e+01 5.609235675025679058e+01 4.686221206369911840e+01 6.616652644998728761e+01 7.818237438971451070e+01 7.447139341617057084e+01 8.254317072920652265e+01 7.327642926201632179e+01 5.429023464734902404e+01 3.486874242958132442e+01 4.239616303705222577e+01 2.350653755090952046e+01 3.669836726703817931e+01 5.615185885998159421e+01 6.238794318418228357e+01 7.092988141197949403e+01 6.156096604206064882e+01 5.025227983526209385e+01 4.210672103143357248e+01 3.847346162951455995e+01 1.878512629403440215e+01 2.849826173851267797e+01
2.352828262072655108e-02 1.416566390635155059e+01 3.416566390635083650e+01 4.594164269284458868e+01 5.422591262237663301e+01 5.540015432333890288e+01 4.711909460321939491e+01 4.407445426429454471e+01 4.147592681846380458e+01 4.147592681846381168e+01 6.146513193540280895e+01 8.131129528383415561e+01 7.633129519598954005e+01 8.463535146693503464e+01 8.720209897103848107e+01 7.744720430060446859e+01 6.178584859363595427e+01 4.239803562718595487e+01 5.064620546656207267e+01 6.441428992813835919e+01 5.497216506219677967e+01 7.128735479478410753e+01 7.628951496593998627e+01 6.261134184079137555e+01 4.600888254029933933e+01 2.698647730069131612e+01 2.178087132998032871e+01 4.073292857145989387e+01 4.777044727961987292e+01 4.199431838199498657e+01 6.220097284826020712e+01 5.337132750802181391e+01 3.386045676488907930e+01 1.797277337040677736e+01 1.823368434374621927e+01 2.972937025634891484e+01 3.050492087153803666e+01
6.786455232800275850e-02 1.161486993612041729e+01 2.575700555985111606e+01 4.575700555834982453e+01 4.236699365262255412e+01 3.668261796441253608e+01 2.727201759006459270e+01 3.004723039481225655e+01 2.747549131743080153e+01 3.888499031962908958e+01 5.300427219423188063e+01 6.347711768152396417e+01 7.176739336940194391e+01 8.332539638879318034e+01 7.913165099215642329e+01 5.961109028614075811e+01 4.992454965701158898e+01 4.305273047535012410e+01 3.685213746879662722e+01 5.195588376985345747e+01 4.371473036527398648e+01 6.321350867700476783e+01 6.791965134403535842e+01 4.801122702663384700e+01 5.166448913745186644e+01 3.915394344073504129e+01 2.010764487091196173e+01 3.692380019285579351e+01 2.817662369337752537e+01 4.708917246756153929e+01 4.311739631648304538e+01 4.287855673440409987e+01 4.812253589736405246e+01 3.803424610431370212e+01 1.784434453747987348e+01 3.803054059800746955e+01 5.018035693187428592e+01
3.257643153035955086e-02 2.003257643153000345e+01 3.545089031229506560e+01 2.722368539513328756e+01 2.748578214801747777e+01 1.320205388270366065e+01 1.591429988726191169e+01 1.871747156269562495e+01 3.845114173471380070e+01 4.676016211655135635e+01 5.191424185571914762e+01 4.344962926981420281e+01 5.501418654567144984e+01 7.503769660357684756e+01 8.720209897103848107e+01 7.744720430060446859e+01 6.937137058886050056e+01 6.249588111839224069e+01 5.195588376985345747e+01 3.244560572626848227e+01 4.799029421153646524e+01 5.607121508735801285e+01 6.571030379811672617e+01 4.584652093184367772e+01 3.302196995245613920e+01 4.234316287312097415e+01 3.639291109340728525e+01 1.773006073194032339e+01 3.663345789366489669e+01 3.920263737499357859e+01 2.641392074072201623e+01 2.670878352552937329e+01 3.665237659748880361e+01 3.716448571573802440e+01 1.745559319422231326e+01 3.770171227233718980e+01 4.061518774606929583e+01
1.880098487986705744e-02 2.001880098487951187e+01 4.149252173194904358e+00 7.183170973100022394e+00 9.459805784968807529e+00 1.391584184974974647e+01 3.299152774495013318e+01 3.845114173474608776e+01 2.346401293958096090e+01 2.690330182297449468e+01 3.195257686064159586e+01 3.945654820344424252e+01 4.841097662529612933e+01 5.998184603615436572e+01 7.999877097489810751e+01 8.106130499091986508e+01 6.153251337696681134e+01 5.028644522087618896e+01 4.155198172878904472e+01 3.463545552896814428e+01 2.854696586448771001e+01 4.448145319509786333e+01 5.256238459410604236e+01 5.996254405697661127e+01 4.234317560386246271e+01 2.541845214913894679e+01 2.461204624398967411e+01 1.609237099349191524e+01 3.250632071496006859e+01 3.466263391335863986e+01 1.577575970378761738e+01 1.615773885432514945e+01 1.653704736517587648e+01 1.691588825733820656e+01 2.410633406209379714e+01 2.045278929998959683e+01 4.061549065039064033e+01
2.900726248362994752e-02 1.962480240574959289e+00 4.203885847610457915e+00 2.411911672298213816e+01 2.945972547186798352e+01 2.739319061666806832e+01 2.076128228084154159e+01 3.967902494683324477e+01 4.324993197489843055e+01 4.676016211656686750e+01 3.433035987685286727e+01 5.431282341851868267e+01 6.777518994784819029e+01 7.673066022775101658e+01 8.828563277928979858e+01 8.912929022094112952e+01 7.786295325207585449e+01 6.914249572282426470e+01 6.106572851971408511e+01 5.416657717860390875e+01 4.448145319509786333e+01 2.510745504470709832e+01 4.121636108897202178e+01 4.663498123690721542e+01 3.941893534302979418e+01 2.089325204518582169e+01 2.416356491285867136e+01 1.442796573251645142e+01 1.483176626382870822e+01 1.522810688342939045e+01 3.277101958782219526e+01 3.682133594219904893e+01 3.550098945752102964e+01 1.954507280156033033e+01 3.873240039070550012e+01 4.061549065039064033e+01 2.354095991213365835e+01
5.081304048347550645e-02 2.005081304044456303e+01 8.286701795476140830e+00 2.815544204281206575e+01 4.315754621041516970e+01 4.636872747802753736e+01 3.403568706339540739e+01 2.839705040823308124e+01 3.495911085011277919e+01 5.430073165007910063e+01 4.061775597692949447e+01 5.431282341851868978e+01 7.433553591944441052e+01 8.789912647869334705e+01 9.945076797479893571e+01 9.387320152830689324e+01 7.412072847086214722e+01 7.412072847086213301e+01 7.062549376430692405e+01 5.110409835522339961e+01 3.731000862113430117e+01 4.121636108897202178e+01 2.187977588404802276e+01 3.718075288512196863e+01 2.903952894131053597e+01 2.977187031024505970e+01 1.386396819766004285e+01 3.330470974463474221e+01 3.446209459548283860e+01 1.721742196377423539e+01 2.663951781769825189e+01 4.259331347276743429e+01 4.267579726375982574e+01 2.281019745455537162e+01 4.280551413551823714e+01 5.185946324316194023e+01 3.784820322433822781e+01
4.469920835086939326e-02 2.004469920834632646e+01 2.815544204310580767e+01 1.514236896099014729e+01 3.494951791370027649e+01 4.922572831484083622e+01 5.330290203697181539e+01 3.922739589482892342e+01 5.430073165007910063e+01 4.705048354127018229e+01 6.064645378147714183e+01 5.063246435157861924e+01 5.959541022699418278e+01 7.115514061777969346e+01 9.116485955233237348e+01 8.810200108989516821e+01 6.832949573282310496e+01 5.440239946513673885e+01 6.273634591143697037e+01 6.490182629364188927e+01 5.682178266759245844e+01 4.929343558864764674e+01 3.805885930110918025e+01 1.884829730249233748e+01 1.698076403000696644e+01 2.534059566378161676e+01 1.346264887486238848e+01 3.743009480369460107e+01 4.707464947968897206e+01 2.467891232013413827e+01 4.359937626356128249e+01 4.479792008445196672e+01 4.624563547349414705e+01 2.707424455657788798e+01 4.705446529354050256e+01 6.587072326198570238e+01 5.336747759103865008e+01
2.324776005098762310e-02 1.416538338378206241e+01 3.416538338378740036e+01 2.917038348003010384e+01 2.327636379174006365e+01 2.954711059699194919e+01 4.922572831484083622e+01 5.871171007163701461e+01 6.694777099423407662e+01 5.836660427696035214e+01 7.503799019470295661e+01 7.066044321137567863e+01 7.894870551844402939e+01 8.361001944087473703e+01 9.181014687686719355e+01 8.794745289054236537e+01 6.819270251432233465e+01 6.273634591143697037e+01 4.309934166384270071e+01 5.347937333309895536e+01 4.939378315111361673e+01 4.554739432403780341e+01 4.594717896599344442e+01 3.791185053760593604e+01 3.303980483160670190e+01 1.451114278047223216e+01 1.306588499873793552e+01 4.415165076213096285e+01 5.564033253325406747e+01 3.473822773822666221e+01 5.564033253696021575e+01 6.442241264435908477e+01 5.159436486048637960e+01 3.180539908577490138e+01 5.159436550292581813e+01 6.581282905555605112e+01 4.613500060096257016e+01
8.699724428260374731e-02 1.422913286801367860e+01 3.422913286801438204e+01 4.890158264224432116e+01 4.300280299562609088e+01 4.922572831484083622e+01 4.088114623156108962e+01 5.220011940316162224e+01 7.213274778849365987e+01 7.826501669975094444e+01 8.653954513894942124e+01 8.389570642651382570e+01 7.563326198473366446e+01 6.328388899999877282e+01 8.016435086530429999e+01 8.216648924328642067e+01 6.240457053347621041e+01 4.851519211693561573e+01 3.978052460072838414e+01 3.388557161316879274e+01 2.978097105888156193e+01 2.588299282848107197e+01 4.021994030407605436e+01 3.628406742642808069e+01 3.245580239024703673e+01 1.252009988698849519e+01 2.729276875482331377e+01 4.506890345016309851e+01 6.434259600520888966e+01 4.732406313621272176e+01 6.435561685400146814e+01 7.038494973079505712e+01 5.075617739712545529e+01 3.686150676407235238e+01 5.650532108814084609e+01 7.406305638534789182e+01 6.001620744809557806e+01
2.249585233037712170e-02 1.416469862105848065e+01 3.416706373746266934e+01 5.293539094026883163e+01 5.188156174628173289e+01 6.016285922362192906e+01 6.062463942456547272e+01 6.893925810483041516e+01 8.048755555571676723e+01 9.082002409399119358e+01 8.986965717574580026e+01 6.973635401731314687e+01 5.498577641354463452e+01 5.107911808706419521e+01 7.096679267976178096e+01 8.213839741644974879e+01 7.332869053051015840e+01 5.362015631742637112e+01 5.939265233901922159e+01 5.347937333432839324e+01 4.939378324931181652e+01 4.029186193920544667e+01 2.050413193733942663e+01 1.680439088621605137e+01 3.134869010460456451e+01 1.215508332816910730e+01 2.797450623579052120e+01 5.088814847153918208e+01 6.505755903392176265e+01 6.765325452560558972e+01 7.610565082463598685e+01 7.038498609567471931e+01 5.075617743623628542e+01 5.075617742905675556e+01 4.821904028214554927e+01 6.782459117202178334e+01 7.980711155623180275e+01
2.739267172789772165e-03 2.000273926717243356e+01 2.492855462367259989e+01 3.563442639629435149e+01 3.200136644493341009e+01 4.925559126172858271e+01 5.749244741623471100e+01 6.899087810325448800e+01 8.448181730923717225e+01 6.997822668807445723e+01 8.448181730923717225e+01 7.713623821508393519e+01 5.654303632554821490e+01 4.147981896298324500e+01 5.313673261954957638e+01 7.384524786531906670e+01 8.149393797950062890e+01 7.332869052784056407e+01 6.594727447642534912e+01 5.761794437391102974e+01 5.281697823956315574e+01 3.298394503982751047e+01 3.296336772233327395e+01 3.118957992804430646e+01 1.164320334064673013e+01 1.248041256152286849e+01 3.434740888638038570e+01 3.675596370369625276e+01 5.677872097373211346e+01 6.971382909806986561e+01 7.818102164040803359e+01 7.862032266733596941e+01 7.038498797401263118e+01 7.038498068987588852e+01 6.782459117202178334e+01 6.419946038721865023e+01 8.395457341525123240e+01
8.327778614586213435e-02 2.008089683768154643e+01 1.089523256834467446e+01 1.585718799945867730e+01 2.219258159895467486e+01 2.929219393423566231e+01 4.082559007729627609e+01 6.077118703359595031e+01 7.503075050696870107e+01 5.459491989566444659e+01 7.503075050696870107e+01 7.269908664966727940e+01 5.693681597105858572e+01 3.577059823334438704e+01 5.693681597105858572e+01 6.886760308251555784e+01 7.955186328273715901e+01 7.170180471396710686e+01 5.178421840740602988e+01 3.793529767392957552e+01 4.516954558428747646e+01 3.299748859625954367e+01 1.357351440662675301e+01 1.113516182135838406e+01 3.095887721029094664e+01 2.742293494107796548e+01 2.035995724438841847e+01 4.053944140024670872e+01 5.521143045473269950e+01 4.920434024972121279e+01 6.971382909806986561e+01 7.803308969971564579e+01 7.006984847192590848e+01 7.275767029791286689e+01 8.072516297204650471e+01 8.395457341525123240e+01 8.830360348059970477e+01
6.510866554257997707e-02 4.428151202387959451e+00 2.437756507159071617e+01 3.564426571405702759e+01 3.949698797920080295e+01 4.925559126172858271e+01 5.749244741623471100e+01 6.504397776022763367e+01 5.631734344291534455e+01 4.486205200178811481e+01 6.647304375370549678e+01 6.432201817211837636e+01 4.333283185567662343e+01 3.102950453368967132e+01 3.998368364958208332e+01 5.176790352798754213e+01 7.145190667007172181e+01 7.059350078523969785e+01 5.069451688743740903e+01 3.685839066971473699e+01 2.564854304539903040e+01 2.021291490079165953e+01 2.735817237497416698e+01 1.077948716092168091e+01 3.095056507199514328e+01 4.512815145111174076e+01 4.053944140024670872e+01 2.858977426828995760e+01 3.488450502455837210e+01 4.920434024972121279e+01 6.971382909806986561e+01 6.741056427569644427e+01 5.201332263112691123e+01 5.457144622948725754e+01 7.004795282262057299e+01 8.233159818026280163e+01 6.787609404479348996e+01
8.953482861371392376e-02 7.648824250975403416e+00 1.919571388153784497e+01 3.333362583752161612e+01 5.324446629924015895e+01 6.257004518918250824e+01 5.485430228005474618e+01 4.790669902220238185e+01 3.482278819543701331e+01 5.631734344291534455e+01 6.923106968024121954e+01 6.271827801019446724e+01 4.173618709771392332e+01 2.672097419871055735e+01 4.173618709771392332e+01 6.271827801019446724e+01 7.224690588173947958e+01 7.498900201529816911e+01 5.699096791962109876e+01 4.243468899263100980e+01 4.516260502762619211e+01 3.988374551147882130e+01 3.080362626854913799e+01 1.042489261363841635e+01 2.899208539254571448e+01 3.765795862231328783e+01 4.789769682484944013e+01 4.878349223595783002e+01 5.521143045473269950e+01 6.369268094506468003e+01 6.747589501801532208e+01 5.767376416323341459e+01 4.155370510315191268e+01 4.401745135606568482e+01 6.225784893646451934e+01 7.385917303578888493e+01 5.357678737259611523e+01
