MOVIE_S9_data/elevation_000722.asc
nrows	100
cellsize	150.0
xllcorner	0
ncols	100
yllcorner	0
NODATA_value	-9999
[rows 17 to 33 of 100, columns 37 to 73 of 100]
3.553489006155660235e+01 4.967892107156568215e+01 5.803940547094242675e+01 4.226138267265520909e+01 2.243781527561369415e+01 4.052704271096428812e+01 2.326087087776469176e+01 4.237637751628076188e+01 5.535667838096976823e+01 5.261462110671595127e+01 3.807588562421190659e+01 4.353919055175646236e+01 2.956156064505697501e+01 4.775950638744463816e+01 6.046853123877919245e+01 6.057297431653682906e+01 6.403464617768271694e+01 4.806099748289084062e+01 4.625377972226782930e+01 4.719668915167008549e+01 2.796975862299559523e+01 4.670039342598311549e+01 5.921482173744947630e+01 6.750725984880847363e+01 7.600587902718879718e+01 7.866633488912910366e+01 6.469675608052922655e+01 6.808603105596702676e+01 5.969394199833234893e+01 4.256173831039737365e+01 4.509821635623476510e+01 4.775242554593759081e+01 5.553880883106702271e+01 6.480573635662585730e+01 8.361269367349891013e+01 8.972580290025462091e+01 9.684807636273107789e+01
4.966098499439180358e+01 6.396815044189395394e+01 5.742069081733519909e+01 3.741787692537383947e+01 2.359063475466692594e+01 4.326014590150514749e+01 4.237655154732008356e+01 2.725950776629483840e+01 4.703964584641730085e+01 6.045574954978815185e+01 5.852516305589208656e+01 4.925589957219147408e+01 4.922933376402454542e+01 3.602639245694516745e+01 5.569418616354648321e+01 7.148040671086248210e+01 7.814223709859453493e+01 7.030113626800289239e+01 6.348948922397060812e+01 4.870138540900177304e+01 2.845436127372623147e+01 2.878684999232779518e+01 5.216651852505253828e+01 6.661249326995118736e+01 7.388876025275050097e+01 8.161286017724319208e+01 8.724240619294143073e+01 7.729586754946130611e+01 5.688373971997143741e+01 6.286230975200823679e+01 4.919793378686888019e+01 6.826005158830837161e+01 5.227862110925165240e+01 5.763398679066221320e+01 6.319540156849974721e+01 6.945013448844134984e+01 7.670428031026563076e+01
6.991771001013950126e+01 6.424589995172048873e+01 5.658026758249364718e+01 4.438719835271222536e+01 2.470366404513719161e+01 4.438733865771964560e+01 5.535612728681828543e+01 4.703964703095819999e+01 3.218682949310625929e+01 5.209678221229068384e+01 6.614733036317333870e+01 6.935657295380741516e+01 6.387627567455514566e+01 4.741286990434431203e+01 4.441274359246543924e+01 5.852320236634052009e+01 7.864440830733583709e+01 6.944146798038497082e+01 5.909183691043358522e+01 2.913450397818880688e+01 3.138640538459474527e+01 4.879804964872769091e+01 3.848137002610670976e+01 5.866070896539538637e+01 5.467330111366641177e+01 6.815064300086734761e+01 8.602507514838599434e+01 8.561684100474928982e+01 7.729586781998470713e+01 7.458734249022400320e+01 5.416055624360414811e+01 7.458734283722667158e+01 5.642272129728338825e+01 7.696583668852275650e+01 8.361269367349891013e+01 8.972616896896256833e+01 9.684807636273107789e+01
5.574256567799443474e+01 4.450470254456632802e+01 3.685262302373666188e+01 4.463628925562265692e+01 2.579831755303666796e+01 3.688524486787968470e+01 5.584479803423269573e+01 6.045809752648374058e+01 4.618107552650002390e+01 3.770116606343989218e+01 4.920130953161184806e+01 6.948529489383095381e+01 7.523434554310703959e+01 6.713060467810232979e+01 5.193569477827009706e+01 7.173118806749043586e+01 7.642657140003838379e+01 5.381986997114886151e+01 3.735997956739738157e+01 2.962714357736669513e+01 4.182020277844524259e+01 5.308549162983930358e+01 5.814856760851810691e+01 4.618558446274406037e+01 6.576421972241334402e+01 6.596221469491126754e+01 7.691366758660259961e+01 9.537565798030887265e+01 9.089391046456454148e+01 7.092252539298641523e+01 6.040815867570110242e+01 8.070796462309702690e+01 7.696583668852275650e+01 6.269652765614840462e+01 8.312536199956157645e+01 8.137487168789006375e+01 9.038250730290688750e+01
7.258429877696937638e+01 6.224950211132973266e+01 4.710674544265477692e+01 2.736311395224084109e+01 4.550502231757835858e+01 5.333388544217363147e+01 6.399053137360266419e+01 7.473511952646744305e+01 6.229349391508588951e+01 4.208318065409001463e+01 6.229349391508588951e+01 7.783835482820586549e+01 9.030914126489021498e+01 7.992558211694132808e+01 6.342668351234868140e+01 7.992558211694132808e+01 8.261973590997966710e+01 6.044119959711148482e+01 6.004425237412499428e+01 4.955635355071340342e+01 3.034684659246479654e+01 4.444279028456524117e+01 6.546887520968122942e+01 6.576421967911807087e+01 7.360069034666672394e+01 8.471662285672620385e+01 9.241020838910023372e+01 1.031012400984674713e+02 9.893067574656036811e+01 8.740401990343629279e+01 6.731585406241804037e+01 8.740401990343629279e+01 9.149541090830840062e+01 8.312536199956157645e+01 6.960868721670370007e+01 8.137487168789006375e+01 1.015069741898505384e+02
7.280837374560098851e+01 5.888862472775383594e+01 2.895746265867016689e+01 3.448639598601843659e+01 4.946905819108610558e+01 4.962197615101887038e+01 6.390025820682697599e+01 8.418145478345904564e+01 7.066679692197486418e+01 5.370079046279806079e+01 4.993021840405354084e+01 6.168996519202045903e+01 8.199604483808653299e+01 9.130810165099323683e+01 8.308543189407400575e+01 8.461672092175943760e+01 7.994888098219399808e+01 7.560805981642788254e+01 6.112792707892684518e+01 5.021939875410831888e+01 3.085934596806425390e+01 5.056910352266105235e+01 5.942236780004149210e+01 6.546190418567185532e+01 7.263039790017295161e+01 8.101288550948440559e+01 9.273404842172655549e+01 1.027268370357666925e+02 1.110051594768744536e+02 9.544766530983021369e+01 7.753730703220320208e+01 9.544766530983021369e+01 1.041235350029927389e+02 8.398536635453591259e+01 8.137487168789006375e+01 9.824507138676366935e+01 1.098837875508362316e+02
5.835945730523506825e+01 4.357127889336059212e+01 4.909652313027020654e+01 3.054682161386351780e+01 3.737204620496980567e+01 5.705317655033574198e+01 6.984048315354503700e+01 9.007540857919323685e+01 8.237160997335942625e+01 7.403134511809732032e+01 5.903045933234477616e+01 6.433355807779345525e+01 8.460977421727778847e+01 9.033258726464180199e+01 7.861021047833826003e+01 6.426968368847069257e+01 5.962728402408740891e+01 6.163143087011706456e+01 4.713673072840688860e+01 3.394638331806454090e+01 3.136917627470015546e+01 4.524408894260177050e+01 3.963635485983328266e+01 4.543291394790895765e+01 5.235483583563284071e+01 6.402318009467443005e+01 8.438807607838965907e+01 8.261068853925900157e+01 9.941316525796712256e+01 1.052431655161145443e+02 9.727073277466944035e+01 1.052431655161145443e+02 1.125047764189279889e+02 1.041235350029927389e+02 1.015069741898505384e+02 1.098837875507797008e+02 1.100805404679141901e+02
5.830061891552667674e+01 5.196088004372136737e+01 3.285833175367428538e+01 3.201040807589487969e+01 5.114692971312217651e+01 5.336126553638600001e+01 7.355432755004065370e+01 7.566839187162021574e+01 8.402416668457738069e+01 8.768759288127921536e+01 7.082933493336642528e+01 8.460977421727778847e+01 9.291726503951367988e+01 8.199128078926702301e+01 6.161874556555165583e+01 4.996084563368732034e+01 4.544891936299967483e+01 4.157694849690660988e+01 3.810893312262643917e+01 5.302476242684753771e+01 5.105450054303395291e+01 3.208840755233964614e+01 5.174695183100578788e+01 6.545648035960417133e+01 7.263039790017295161e+01 8.101288550948440559e+01 9.037132522483648245e+01 7.082035651442140534e+01 9.037132522484898800e+01 9.309835415468683095e+01 9.309835415468684516e+01 1.131522935278573385e+02 1.139119553303067960e+02 1.056558330612604237e+02 1.056558330612604237e+02 1.114920311213773516e+02 1.017691837129541881e+02
3.852490544423427110e+01 3.511413913156407318e+01 5.196088004372136737e+01 5.114695828812393330e+01 3.399317185295022625e+01 5.336137161451461708e+01 6.269082965701485932e+01 5.514906433427434962e+01 6.973163643042907722e+01 9.000098737423624584e+01 9.103010292226012723e+01 9.931807045578298698e+01 9.064916789370803940e+01 7.034436705170557502e+01 5.852981962283525519e+01 7.022919209377981531e+01 5.541325379336867485e+01 5.569491322117858800e+01 5.796999963913224718e+01 6.140790858409656039e+01 3.832810557117174710e+01 3.259354054125481781e+01 5.197682385954875173e+01 6.730345453115566556e+01 7.659841516863761512e+01 8.891126484575485733e+01 8.056948239803746503e+01 6.162697989039166657e+01 8.028120542462131937e+01 7.283266260661596903e+01 9.309835415468683095e+01 1.063426615973679503e+02 1.056558330612604237e+02 8.561005169233472145e+01 8.561005169233472145e+01 9.148132512111011749e+01 1.032618436544790654e+02
3.777170094535278366e+01 5.449478557171244830e+01 6.285621221298565331e+01 6.172448062588368600e+01 5.336136874841528766e+01 3.599063952602648442e+01 3.622475914535993269e+01 6.269068860059269355e+01 8.080827450142527368e+01 7.704565115531491415e+01 8.539571984859885845e+01 9.551690398889226685e+01 9.895920070119500167e+01 8.662250342135901349e+01 6.625979685266909769e+01 8.411189434026023548e+01 6.980086909716774812e+01 7.596349301642381135e+01 6.164433657768950070e+01 4.839688908569065262e+01 4.419307704010043381e+01 3.309344786512095027e+01 4.320741672469382877e+01 4.793810466408535831e+01 6.810517723848784044e+01 7.718992201886439375e+01 6.019995581964141707e+01 5.443270924248954401e+01 5.985263080887829545e+01 6.762475401395874997e+01 7.788350179755637726e+01 9.805966715963582203e+01 1.056558330612604237e+02 8.561005169233472145e+01 7.120798500668077224e+01 8.283674385047554267e+01 8.948874103629603383e+01
5.748347699490728502e+01 5.154774652363232690e+01 7.181359809461093846e+01 6.998536715619924564e+01 4.971927962691188441e+01 5.565507583320108154e+01 3.806735434115164196e+01 5.214411384797249127e+01 6.683434070232131319e+01 5.662435244857393002e+01 6.688987327648288783e+01 8.130506301614725828e+01 1.014365158559369604e+02 9.494202999869123971e+01 7.808725748502250497e+01 9.494203189091039974e+01 9.009819109064372356e+01 9.015460959234926008e+01 7.590086034572442486e+01 6.650127506001545896e+01 5.846127202237907028e+01 5.273096171633536500e+01 3.378766498624710124e+01 4.754972549331521492e+01 6.760600351351567383e+01 6.389949963031678948e+01 4.856620307716874407e+01 5.674276301217111040e+01 7.713369308996129803e+01 8.797158447859607122e+01 9.628082915670876218e+01 1.063426615973679503e+02 9.371747688862930659e+01 8.539656756147614658e+01 8.283674385047554267e+01 6.237825162607668972e+01 6.915006975117319143e+01
6.293439799755299902e+01 7.181359807514270699e+01 8.018925189919562513e+01 7.835642402033450082e+01 6.998536742995375448e+01 6.486523718861833743e+01 4.456978005588779013e+01 4.053439569676515219e+01 4.645983971876466967e+01 6.683500180148746495e+01 8.539571972237867215e+01 8.877774624473558163e+01 9.707212660864327347e+01 1.065701061769151323e+02 9.828186619794254852e+01 9.748132842639337525e+01 8.577818242929082260e+01 7.741054854341849989e+01 7.126424098217690073e+01 6.567172413244598772e+01 6.031258319041027249e+01 4.327605331811696487e+01 3.427338381125927214e+01 5.391307073316157528e+01 5.941256925935656596e+01 4.384055958486679572e+01 5.531280213930421041e+01 7.562914653765197670e+01 7.119254598374938325e+01 9.147689100983185995e+01 9.680831340555991460e+01 8.849412514857959877e+01 8.539656525656502595e+01 6.498796518867372640e+01 7.096550468562335823e+01 7.252890946819253770e+01 5.451962395684158480e+01
5.123200912324838185e+01 7.163371433193528048e+01 9.089295875035818995e+01 9.010414379847836130e+01 6.983297595251785594e+01 5.536882799084265372e+01 6.460482119642357191e+01 4.427198284278931339e+01 4.355220946877836496e+01 6.386365798805206140e+01 7.192046604552196243e+01 6.813187877513774993e+01 8.482798412199377935e+01 9.312161401851120957e+01 1.031700474661838882e+02 8.915284307591247170e+01 6.881459234819469373e+01 5.702555251665584990e+01 5.110013472157550041e+01 4.566030975707511175e+01 4.076718536420059991e+01 3.652183297435728093e+01 3.475503025231064669e+01 5.423486376456541791e+01 3.953814372362784013e+01 5.941419926915887828e+01 7.228099471884627292e+01 8.398731597018621642e+01 9.147689100983185995e+01 9.978333360793540407e+01 8.849412514857959877e+01 6.814535853119562603e+01 7.410537370190813533e+01 6.864371262062962842e+01 5.046023661151785689e+01 5.208445210897604483e+01 7.265484558718351593e+01
6.566368103041369864e+01 6.212242852871580823e+01 8.255582321398787826e+01 9.230354227659246646e+01 7.205449395139574165e+01 7.577026355202903574e+01 6.869245450516646656e+01 4.825531566820630047e+01 6.386365798916665426e+01 4.669958651518539483e+01 4.775673436540505890e+01 5.699964797487769630e+01 6.437829104059967733e+01 7.474878574157978051e+01 9.490718250240794873e+01 9.176814861884096786e+01 7.146343586904959011e+01 7.741054854341849989e+01 6.195273723034222257e+01 5.973467080184698830e+01 6.119604218919133842e+01 5.678946194777209655e+01 4.091412549391608167e+01 3.543776216573844096e+01 5.512857253592493834e+01 6.244604841193476830e+01 7.471546045344319964e+01 7.710641930278879386e+01 7.710641930278933387e+01 8.546394997437711538e+01 8.692275146819396525e+01 7.410497322309397816e+01 5.362763816525875171e+01 4.826466557950720215e+01 6.864374010527117775e+01 5.765883399347156058e+01 7.864177719709468306e+01
8.604664969616827364e+01 7.399245960832709557e+01 9.089296084542543497e+01 1.006126333602639988e+02 9.000263519397294942e+01 7.486700587768085313e+01 5.438950466378071980e+01 6.869245450516646656e+01 7.550078850176468848e+01 6.711135336164180387e+01 5.016647712069269716e+01 7.083925786300451932e+01 8.482798412199377935e+01 8.482798412199379356e+01 1.031700474661838882e+02 1.000929289895377678e+02 9.176814861884096786e+01 9.057371148780487147e+01 8.221931820690151937e+01 8.000503880371022092e+01 7.604191090995202273e+01 5.445514066109868878e+01 6.072389775114892529e+01 3.560623028969443737e+01 3.607452427584517807e+01 4.347506676565504335e+01 6.280557818039030593e+01 5.629803578055349789e+01 5.629803578055349789e+01 7.710641930278933387e+01 7.256840380937613588e+01 5.820298789076824164e+01 4.615845313771608005e+01 6.038530059948003981e+01 7.703922869549303698e+01 6.941361340850360762e+01 8.801652927932950377e+01
8.558841954829219389e+01 9.425359544116369648e+01 1.025525819784785284e+02 9.792884361589607067e+01 8.167245704003772744e+01 6.125670407918386218e+01 7.486700587768085313e+01 8.319914549946138038e+01 7.495028572902076291e+01 5.444434105639364674e+01 7.083925785407666353e+01 6.062119355106210605e+01 7.514066464498914399e+01 9.534139702687237161e+01 1.131442077959865458e+02 1.088883994819009615e+02 1.006099548187183217e+02 9.349180334914026957e+01 8.738123520074985606e+01 9.569644973300620450e+01 8.458239650916817709e+01 7.604191090995202273e+01 7.762765006622147723e+01 6.357075734568447700e+01 5.187246248083960154e+01 3.681089809546004687e+01 5.657404161649728280e+01 4.161222605770893068e+01 6.239265306575753556e+01 7.045777837579757374e+01 6.206780703363516949e+01 4.413949899995091641e+01 5.148418146256999961e+01 7.186153837479224649e+01 8.913847804448639067e+01 9.225071667580991175e+01 1.008529943501888511e+02
9.977435124605825933e+01 1.139602829438244811e+02 1.038283316709593294e+02 8.374125931320146776e+01 6.935049273063737019e+01 8.167245704003772744e+01 8.999971969175359732e+01 7.974837925349334000e+01 5.928095274449770358e+01 6.101760334269375363e+01 8.145189183350284168e+01 8.105732217469763157e+01 7.514066464498914399e+01 9.534139702687235740e+01 1.121611589290741335e+02 9.215388652133933078e+01 8.047678212411268817e+01 7.322534154488045033e+01 6.699975920864132206e+01 7.967776136777341378e+01 7.471357528801434000e+01 7.003576348553042408e+01 6.970336456061225761e+01 5.892609829525364518e+01 3.906946114122251856e+01 5.247843207299827384e+01 3.754216235412953750e+01 3.805775112749493161e+01 5.787963920651344552e+01 6.000917362484115358e+01 4.216218039577628218e+01 5.612611450563532856e+01 7.186153838749180522e+01 6.590744867643668670e+01 8.030369294921747780e+01 1.001007260184970846e+02 1.021442185648018608e+02
