MOVIE_S9_data/elevation_000073.asc
nrows	100
cellsize	150.0
xllcorner	0
ncols	100
yllcorner	0
NODATA_value	-9999
[rows 17 to 33 of 100, columns 0 to 36 of 100]
5.222468517465790605e-02 1.967380012350471574e+01 9.319668394197979655e-01 2.090210086028868375e+01 3.536399632091630441e+00 2.464871982768482184e+01 1.729568958002051104e+01 3.668869899743685892e+01 3.461872454169298408e+01 1.455328235851270868e+01 4.535792681572164753e+00 5.048597752837062913e+00 1.171378161736919488e+01 6.088678702284789246e+00 6.460472861706277214e+00 2.229904599082810535e+01 3.181244368329295114e+01 1.878865079233089119e+01 3.193364807462896593e+01 4.083708795676871972e+01 5.242402114813980063e+01 3.667063975281249810e+01 1.698696161195105958e+01 3.027106069619329531e+01 4.610665210428258121e+01 3.723260673166631562e+01 3.197666918927172119e+01 2.118325261405343340e+01 2.943415692983549192e+01 1.325906588226552429e+01 2.379093857973673209e+01 2.500683922232990852e+01 3.300269761769767740e+01 1.512670425646595085e+01 1.554560753838770104e+01 1.596968065017811256e+01 1.639842178730538436e+01
7.333276091007127906e-02 4.288918281774601327e-01 1.405520442592420771e+01 2.878985072743717666e+01 1.616069919015608036e+01 3.291936773030116825e+01 2.457892810902053071e+01 4.362202195541583905e+01 4.309106424797933954e+01 2.372101227083912534e+01 3.754705470959953573e+01 2.609829686892796730e+01 1.257031310787650114e+01 2.221206489176877241e+01 9.445372007259567937e+00 1.744946307830810994e+01 3.374890054388925620e+01 2.145028299435395169e+01 3.800727539543427724e+01 5.059113822180038511e+01 5.927048829560719412e+01 3.761966824077961036e+01 2.008407769967744017e+01 4.012794714466258483e+01 5.900466673825371089e+01 5.437837632159670420e+01 3.519443787437811721e+01 3.542731351706321874e+01 1.550895041578519695e+01 3.352083744970244084e+01 1.379575810748902853e+01 1.417880061242296108e+01 1.456661334946164743e+01 2.824249333863897249e+01 3.421416847570692710e+01 2.958038754005713500e+01 3.646787762199495830e+01
6.343274376862209629e-02 1.541423262038373432e+00 2.313950377230678868e+01 4.038596205300891029e+01 3.639832854344896873e+01 4.457604586056480400e+01 3.559442562680212063e+01 4.190053379917422660e+01 5.296442401660733879e+01 3.657691194704216997e+01 3.944802583197391499e+01 2.099110995016508596e+01 3.076317730209899892e+01 3.435551611498209468e+01 1.454423812052286813e+01 3.275172373481986909e+01 4.183284456007599061e+01 3.800727673969971221e+01 2.542018070879555580e+01 3.417474880737103149e+01 5.207499769591778715e+01 4.386312380381565390e+01 2.329462075694990020e+01 4.386312380381565390e+01 5.877982907269964841e+01 6.220517183982719445e+01 5.436654676679481923e+01 3.715234037995786309e+01 1.714729114767412455e+01 3.055059220820182730e+01 3.921344770065539365e+01 3.464461446922282306e+01 3.204781706149243803e+01 2.272503515164370924e+01 4.062596020175966771e+01 4.749317077267296838e+01 3.338234099353660156e+01
3.497053469895897854e-02 1.856695116004524237e+01 1.416078690474335922e+01 2.567929824338105149e+01 4.541051345164427033e+01 6.169339369678414187e+01 5.386422044510447193e+01 5.924326042206514131e+01 6.531004525783441750e+01 5.892178689342109266e+01 4.731362996739797921e+01 3.164927542313214914e+01 3.603966560952353149e+01 4.203176688368859715e+01 2.233800257036777026e+01 3.268401558170405252e+01 5.148515138027008931e+01 4.665689662613964117e+01 2.872370724223747018e+01 4.666218909434995510e+01 6.000610373815148790e+01 4.386310358714080593e+01 4.386312380381565390e+01 2.863629281430846163e+01 4.998775547627893445e+01 6.564966116496735538e+01 5.185303098236745711e+01 3.180612188503783955e+01 1.882081651025724156e+01 3.882566958856092043e+01 5.297934940460407205e+01 5.984812205143210662e+01 4.762848251866248006e+01 2.873527005708007209e+01 4.762848251866248006e+01 6.176291940868082264e+01 5.346009717558420959e+01
9.635555453094322986e-02 2.009635555453058942e+01 3.399242021513982337e+01 4.223033198836534297e+01 5.364885621552026862e+01 4.972849023430767801e+01 5.793070444975297306e+01 6.167510821818530786e+01 5.797668579096252017e+01 6.045213479233569842e+01 5.812044949120712545e+01 5.010131993825635277e+01 4.905111052127615068e+01 4.815945869128594836e+01 2.989932673190466161e+01 4.815647146982679061e+01 5.928904176854349828e+01 5.143617183036984386e+01 3.291647780855689831e+01 4.317800913990329548e+01 6.216252092315351518e+01 6.534704984727366650e+01 5.877982906304564636e+01 4.998775547627887050e+01 3.527039248084612666e+01 5.697521878723777178e+01 5.852179369627745587e+01 4.052540298677522657e+01 2.052048867833112311e+01 4.052540649873254353e+01 5.849504297682973686e+01 6.641439537584314223e+01 5.657971317491674768e+01 3.768087951308614691e+01 5.657971317491674768e+01 7.538961589633110805e+01 6.528877433992410317e+01
8.845047570523793812e-02 1.423058638213642801e+01 3.423069725171853861e+01 5.156378884822662911e+01 4.612936976565053016e+01 2.913282514162587589e+01 4.612930427524712940e+01 4.205152409967887195e+01 3.718399784007963405e+01 4.081636339704417793e+01 5.505117930433722506e+01 6.648719643865796058e+01 6.804223705621930662e+01 5.578749191007361929e+01 3.937169633467500063e+01 5.578822428228038177e+01 6.712473092963020349e+01 4.791027573478286428e+01 3.847026339877369594e+01 5.742921170035477729e+01 7.015887144595548364e+01 8.245937080265443342e+01 6.500172726465487472e+01 4.354398383422245189e+01 5.697521878723775046e+01 6.564966116570474242e+01 5.186353839594526960e+01 3.384817443622188904e+01 2.223188782798024121e+01 4.225316907071948691e+01 3.961847439018579564e+01 5.579646641690366238e+01 6.630427935122204985e+01 5.861987944811787798e+01 6.790317082246187397e+01 6.708005944357969952e+01 4.682012165541505055e+01
8.023991185656004221e-02 2.008019370294727679e+01 2.950750543062412135e+01 3.278360844968103294e+01 3.765853477322478682e+01 1.751809899725125064e+01 3.182291208158906315e+01 3.198412692502065013e+01 2.403152933839928806e+01 2.666202331480893051e+01 3.847499571828127785e+01 5.827295328470712832e+01 5.950866408260425544e+01 6.462113201882490898e+01 5.711381122973489965e+01 6.517266743051351341e+01 7.513593888068791671e+01 6.545401707284618453e+01 4.924720917215016414e+01 5.175940864222744153e+01 7.119550882449360074e+01 7.415400506099499012e+01 5.338762097697856035e+01 6.500172726465505946e+01 7.350486396920487664e+01 6.667045755447369970e+01 5.620025383942888197e+01 4.467242592280737057e+01 2.471475507834510310e+01 2.566684307918636065e+01 2.815798873127737423e+01 4.612074017639041301e+01 5.992958469169769131e+01 6.305203898331058099e+01 8.209674499936724601e+01 7.538961589633110805e+01 5.695009054949743899e+01
4.598823041778624804e-02 1.684452071455873945e+00 1.322043746465832648e+01 2.567382058088946550e+01 2.742063323741241376e+01 9.956217840529388852e+00 1.181317133138732167e+01 1.369461340753933420e+01 1.560154025686436086e+01 3.563328465380060095e+01 4.071780287095003814e+01 4.293339950025735163e+01 3.946026358311947035e+01 4.758106580773649341e+01 5.610755931607906888e+01 6.890226990220021719e+01 7.236792644017417331e+01 7.658503294199009304e+01 6.860210240954222627e+01 7.118257749746429397e+01 7.938757758768062445e+01 8.161554442007769694e+01 6.149171885969845874e+01 8.161554442007769694e+01 7.250575723532944039e+01 5.264277570502834891e+01 3.840043515621993464e+01 2.832427780025386710e+01 4.477116008297569039e+01 4.053413097316219904e+01 4.819258890320967481e+01 3.190816997410480482e+01 4.351614734690792119e+01 5.593434460568804667e+01 7.545206989649426532e+01 8.542013783911340852e+01 7.502766123054468039e+01
7.340434288523949025e-02 2.007340434288488495e+01 4.041474675574614039e+00 5.719837392571845314e+00 7.416215253375322725e+00 2.742063286911280429e+01 3.182291387676557548e+01 3.370683799744568176e+01 3.563328455570020736e+01 1.850357002681163721e+01 2.067317946091764824e+01 2.288267422771449233e+01 2.527542032054541110e+01 2.774189104254507399e+01 4.780424708279640811e+01 4.882469289592610551e+01 5.226948717693787216e+01 6.196360351793849475e+01 6.599940913527642294e+01 7.365742877545461909e+01 8.342538737796542136e+01 8.968322741681731713e+01 7.550648716418562856e+01 8.968394317245018499e+01 7.384514434487623191e+01 5.369541178247347801e+01 3.928350106892393256e+01 3.102117848831616342e+01 5.115769836304501439e+01 6.132796794625838999e+01 4.746756126729044922e+01 5.077178552287846713e+01 3.601667145690803551e+01 5.672185739563457219e+01 6.886846621401537050e+01 8.843709493217495776e+01 8.294027032946361544e+01
3.515918393995972474e-02 2.003515918393960504e+01 2.423199347570968243e+01 2.572251305116900966e+01 1.741688180856209200e+01 1.741688181017776671e+01 3.742436218562619388e+01 4.856493588690705820e+01 2.851979503712015074e+01 3.854236548470110080e+01 4.071780287095003814e+01 2.922098213765282182e+01 4.533240023798730078e+01 4.779014202447449833e+01 3.137548404595500884e+01 3.463338652182133615e+01 3.807738711592559611e+01 4.186963583814550560e+01 4.588014903489532514e+01 5.571062147449023172e+01 6.942103697863497302e+01 9.044833074320878552e+01 9.360853439319312486e+01 9.476818408159208218e+01 7.207159304273356781e+01 5.638604430603123774e+01 5.410661256424298671e+01 3.395055399187839384e+01 5.410662746009824531e+01 6.930893804239504163e+01 5.981830029380325442e+01 5.869143324311963283e+01 3.906265150896693683e+01 4.914191771268185249e+01 6.886846621401537050e+01 8.827031252274215944e+01 7.464654251378695449e+01
4.608085242692564615e-02 1.418821647615800075e+01 3.418821647615870774e+01 4.570814084202866923e+01 3.156364797669444755e+01 3.156365025711089345e+01 3.156365031962576850e+01 5.157338033615116757e+01 3.748747928608677427e+01 5.685976575031877189e+01 5.595775763988631013e+01 3.590964603942410349e+01 5.595775763988631013e+01 5.571479099540504620e+01 3.565697402043185349e+01 5.470527905126868262e+01 4.966291822897804309e+01 6.196360351793849475e+01 6.599940913527642294e+01 5.276062131452392379e+01 7.288906344246045421e+01 8.897066339705534688e+01 9.999148975262876604e+01 9.097438150029441317e+01 7.970450255641627280e+01 7.160258400099201026e+01 5.765332918172226329e+01 3.703631526819813757e+01 4.598127968014100020e+01 6.445616777308633516e+01 7.592529749128070193e+01 6.247846043524808124e+01 4.264504127918054621e+01 5.067157563239307194e+01 6.058825966345924741e+01 8.010595464566019075e+01 7.724424847658752924e+01
1.610643649003322755e-02 2.001610643648967880e+01 3.002022278438798608e+01 5.002022278438727199e+01 5.157317017315831009e+01 5.157336403536449865e+01 5.157338110171391321e+01 5.986000710583336115e+01 4.906193755921190558e+01 6.581896965881375650e+01 6.425221951915906970e+01 4.593906819765003036e+01 6.425221951915906970e+01 6.020628662712941548e+01 4.014563800019374895e+01 6.020628662712941548e+01 6.975820020303980584e+01 7.809802730843455265e+01 8.127304906784364391e+01 7.288906344246045421e+01 6.063775860897438719e+01 7.221760091344465593e+01 9.201364899289757204e+01 8.282559223173156226e+01 6.338808094656682357e+01 5.171518114787942011e+01 4.533114441127446526e+01 4.447936490415541755e+01 4.401926085091751162e+01 6.613621923565180794e+01 7.987237315285925376e+01 6.036967454039767489e+01 4.634512605743817915e+01 6.608188271255025370e+01 7.848322887576040330e+01 8.827031252274215944e+01 8.553820278134456601e+01
2.022278438842990689e-02 1.002022278438834313e+01 3.002022278438798608e+01 4.925081609514268166e+01 5.836472442274678940e+01 5.745376819616134156e+01 5.964018398616491368e+01 6.791308743536045256e+01 6.908998718971695041e+01 7.737961172822684830e+01 7.426801455613717451e+01 6.597644708212257569e+01 7.426801455613717451e+01 6.852306465579528094e+01 5.172662721384218543e+01 4.801293060805143398e+01 6.807545683766201705e+01 8.643151010605126316e+01 9.647064975868411807e+01 8.923265474415005372e+01 7.225560128055700204e+01 7.489847309060702685e+01 9.522080109787241042e+01 8.534478560630195432e+01 6.591077849873241234e+01 7.160286739491181152e+01 6.560618907781298503e+01 5.227206390554994897e+01 4.921546178267684013e+01 6.850283189173724452e+01 7.987237315285925376e+01 6.036967454039767489e+01 6.608188271255026791e+01 5.255017836409092524e+01 6.642525400827496185e+01 8.587455897387064852e+01 9.106318763127600846e+01
6.642187732006160639e-02 2.006642187731970495e+01 2.096862525895803486e+01 3.510693594526709660e+01 3.837245485245596655e+01 3.745792884236857390e+01 3.964547761025132644e+01 5.601095539352819230e+01 6.429002977730806379e+01 7.428619026792216573e+01 7.719061944048507939e+01 6.880984917490228270e+01 7.719061944048507939e+01 8.011089229225122210e+01 7.178971680082584328e+01 5.959529292629679276e+01 5.804332453051483753e+01 6.807567485606236346e+01 8.813950343354568417e+01 1.009450891012190965e+02 9.249878417944874798e+01 9.525693353621782933e+01 1.037336363821369503e+02 9.350798814403819392e+01 8.534478560630195432e+01 8.245536467838920203e+01 6.419478566432889011e+01 7.090636046280867788e+01 5.456135845476271840e+01 7.358788500750212336e+01 8.803578501568539139e+01 7.987237315285925376e+01 7.670919446336857561e+01 5.724662795085345834e+01 7.670919446049431656e+01 8.970139380747554014e+01 7.971480687020591915e+01
1.591255364720534082e-02 3.396529572561264754e+00 6.826501275411427372e+00 1.837350489980566692e+01 3.645514083509698366e+01 2.331592953068617646e+01 2.934615632027054133e+01 3.601282206952359388e+01 4.601277879295280826e+01 6.600913199410362608e+01 6.713702437234829290e+01 4.875475844855235152e+01 6.713702437234829290e+01 7.646242719849495018e+01 8.798469579319041145e+01 7.965957616848186262e+01 7.810758914480398118e+01 8.643151010605126316e+01 9.647064975868411807e+01 9.082537835452316699e+01 8.253735772640715140e+01 9.082537835452316699e+01 9.773197447876403032e+01 8.943940870147659439e+01 9.773197447874217403e+01 9.038620078912515510e+01 7.698417903199899115e+01 7.960668972252555875e+01 6.057355803129080840e+01 7.358788500750212336e+01 9.298717405886755216e+01 8.462054472195940491e+01 6.524177341197618318e+01 7.670919446336857561e+01 7.670919446336858982e+01 8.145548328679575434e+01 6.145506122572206209e+01
6.189296070378335485e-02 2.006189296070342820e+01 2.682633887658754901e+01 1.237350323764694515e+01 1.645598614223884582e+01 3.645534060337808313e+01 4.933682367348741593e+01 5.601095539352819230e+01 6.429002977730806379e+01 7.428619026792216573e+01 5.878230381172731711e+01 3.878829192371086521e+01 4.803499446975843057e+01 6.808017218903414403e+01 7.286885991488432524e+01 6.453456063017043220e+01 6.367478270846279997e+01 7.200846117787384060e+01 8.205945629846858935e+01 8.082827587945861580e+01 6.254930254518320254e+01 8.082827587945861580e+01 8.773167160269814246e+01 6.944684656856175309e+01 8.773167160269814246e+01 1.006672720598332802e+02 9.566397526816547270e+01 8.641728825966490035e+01 6.715400662146323896e+01 8.641728825966490035e+01 9.586668909731004362e+01 7.638779564994776194e+01 7.638779564994776194e+01 9.280273468643072476e+01 9.624072945171151616e+01 8.970139437204295518e+01 7.971480686097723378e+01
2.247884206357958492e-02 1.416461446579465466e+01 3.416461446579535988e+01 3.237335963623620927e+01 2.800298283563652291e+01 4.473636471194527786e+01 5.883990458024756265e+01 5.055041060908226314e+01 5.319581166179050058e+01 6.157734747920023466e+01 5.171190790262473769e+01 3.173523698453225705e+01 5.171335311715691319e+01 6.539159819421824693e+01 5.777816171070613649e+01 4.470977005647169733e+01 4.387324550532729006e+01 5.363095242080375868e+01 7.371861300294227703e+01 7.254333013579517342e+01 5.255630127404965890e+01 7.254333013579517342e+01 7.944312763501915242e+01 5.945768462891592065e+01 7.237720649770297143e+01 8.763214535406712002e+01 9.592415597278588280e+01 9.463231861493086683e+01 7.813255725053791423e+01 9.463231861493086683e+01 1.041273674533745606e+02 8.753828004649744798e+01 9.586668909731004362e+01 1.041273674533917273e+02 1.017071991175125447e+02 8.762603923930979022e+01 7.763360634234291524e+01
