MOVIE_S9_data/elevation_000721.asc
nrows	100
cellsize	150.0
xllcorner	0
ncols	100
yllcorner	0
NODATA_value	-9999
[rows 51 to 67 of 100, columns 0 to 36 of 100]
6.455108993161302877e-02 2.006455108993125691e+01 2.829274157012057600e+01 3.276488379920647986e+01 4.104971944055579058e+01 4.751840389476429749e+01 5.305264332776905434e+01 5.503291342772043748e+01 6.303833517152983745e+01 5.831684194852687142e+01 3.833020982379333219e+01 2.412259400899689155e+01 3.833020982379333219e+01 5.831684194852687142e+01 6.378005876538634311e+01 5.792210821253553377e+01 7.792240243778974218e+01 6.817273833952667417e+01 4.818921337136724503e+01 3.408388146954297326e+01 5.404225232253043032e+01 5.548034324235625547e+01 4.134246855633114848e+01 3.004466378061153264e+01 4.987221839170199900e+01 5.643233526297795777e+01 5.069480365066691263e+01 7.084329772208211295e+01 8.741761955136225026e+01 7.924447175003777488e+01 8.741761955989456112e+01 9.723171712458882610e+01 8.707179977029436202e+01 6.706892120387695400e+01 8.707179977029436202e+01 8.373829913058652608e+01 8.006872703053331009e+01
3.995603441288197999e-02 4.122438939051529694e+00 8.292727220193061299e+00 1.276486317519267821e+01 3.276488378804071289e+01 4.584138705525067081e+01 5.250808060160927226e+01 6.079378299324927326e+01 7.079460980774388190e+01 5.943348098177692407e+01 3.944497615738640661e+01 2.791978647761031951e+01 4.789311234071693235e+01 6.239807403103683470e+01 7.068485759884060826e+01 7.792240243778974218e+01 8.620022357343542296e+01 7.529836958925400836e+01 5.850907014496645786e+01 3.853285353763201471e+01 5.265504123902807265e+01 6.961797341458040478e+01 5.832576032365488317e+01 5.004470198587864616e+01 3.300637479528113261e+01 3.653814175265125641e+01 5.657576484954694962e+01 6.626269018942743116e+01 7.110545086352240673e+01 5.930802357222291477e+01 7.924447175003706434e+01 9.800348257573800481e+01 9.535521306251291662e+01 8.707179977029436202e+01 7.776313843592551223e+01 9.776122859258568099e+01 1.000660225501767968e+02
4.804567899273937126e-02 2.004783135440045427e+01 2.829263012662928034e+01 3.276488379920647986e+01 2.006783060859502044e+01 2.584133330049166943e+01 3.250799996716312279e+01 4.250799997573830780e+01 6.250816122748026515e+01 6.772009520152163020e+01 4.789311234071693946e+01 3.457494282761939530e+01 3.574921943835471438e+01 4.239493423776351477e+01 5.653875027666634878e+01 7.654373290517297335e+01 8.116178029906664904e+01 6.118099805327051399e+01 4.704229818845091415e+01 4.851384383493671493e+01 6.677884096464259756e+01 8.090255717360452081e+01 6.953319907015743695e+01 5.565322390398558383e+01 3.562920125626709478e+01 5.543487462515502529e+01 4.219594495895764652e+01 4.628213896916064840e+01 5.113823708461500672e+01 7.110545086352136934e+01 6.999592159065534247e+01 8.151462856557711234e+01 1.012715190676941575e+02 9.776122859258568099e+01 9.190580014999341074e+01 1.060446012528696258e+02 1.073299664376683467e+02
9.707512844716031930e-02 1.423921314602458210e+01 3.423972665014292005e+01 4.835191360093639190e+01 4.006786884632167300e+01 4.584138705679389858e+01 5.250808060160927226e+01 6.079378299324927326e+01 7.079460980774388190e+01 7.617548050865426035e+01 6.162422703809868807e+01 4.162150572642951118e+01 5.573036076661242078e+01 5.573036076661242078e+01 5.653875027666634878e+01 7.654373290517297335e+01 8.116178029906664904e+01 6.118099805327051399e+01 5.858641929200950926e+01 6.265277617848460778e+01 7.676830353456368528e+01 7.558174628118833027e+01 6.120956104973291900e+01 4.117590256697573636e+01 5.565322390398558383e+01 4.097394739288089482e+01 6.093736793605483371e+01 6.626269018942743116e+01 6.042660302160481933e+01 7.110545086352307464e+01 8.986487301794687710e+01 9.800348257576419542e+01 1.093791091325341824e+02 1.177535848225412565e+02 1.118974833521971419e+02 1.194939738423195621e+02 1.111407963021307381e+02
5.001202446392439237e-03 2.000500120244603863e+01 3.941122117684975734e+01 4.767930186364510803e+01 5.369361765824332622e+01 6.187956739473948176e+01 6.289343831546947428e+01 6.029941602853368465e+01 6.857663839488658652e+01 8.011673260867391377e+01 6.991102419658685108e+01 5.162116206559499432e+01 6.991102419658685108e+01 7.573460471582866660e+01 7.654373290517297335e+01 8.483096492101489616e+01 8.941574112523744589e+01 8.116178029906664904e+01 7.272554963834440400e+01 8.263111606704524092e+01 8.144932177161211939e+01 6.137124751016224167e+01 4.721154511853257674e+01 6.120956104973291900e+01 6.493049019096777386e+01 4.489932903291625621e+01 6.493049019096777386e+01 8.174317231110791226e+01 7.452456924030923346e+01 8.840863221932006866e+01 9.909390112858358179e+01 1.074192515857810122e+02 1.154070126153014400e+02 1.083459930149989248e+02 1.164178405136760404e+02 1.078402206485128687e+02 9.094822492916313195e+01
5.279685921607564503e-02 2.005279685921572153e+01 1.941585373267937342e+01 3.888502847596537748e+01 3.373063534863136681e+01 5.369361765824332622e+01 4.289772410640889433e+01 4.030274599811360048e+01 5.184939020125035825e+01 7.184236597123735635e+01 7.991408195232358480e+01 7.162729201060237472e+01 7.991408195232358480e+01 8.847223553757523007e+01 9.394884135088524602e+01 9.081991022870469976e+01 8.262145043053355664e+01 9.082097206432264613e+01 9.268588569379835462e+01 9.044356850409684512e+01 7.033182140383865999e+01 5.616391008070820590e+01 5.428923294917620979e+01 7.434154070417962146e+01 7.070855228519134528e+01 5.067929167804886958e+01 5.343580038391785791e+01 7.356824220509933809e+01 9.190975993451957038e+01 1.020998975883983633e+02 1.041358081305677814e+02 8.779831284030207428e+01 9.952738630767925088e+01 8.865268532084363073e+01 1.050827633717383520e+02 9.948260978431711976e+01 7.930163921300336938e+01
5.738623160518319517e-05 3.086124385473449916e+00 1.064541382887597187e+01 1.958968293646579539e+01 3.572702287035896518e+01 3.981071373300286353e+01 2.875579210248564266e+01 4.875433320357453226e+01 6.231418560134077467e+01 7.385603101663754444e+01 8.118236290277870637e+01 7.298256507671318616e+01 7.298256507671077031e+01 6.869751044963547315e+01 7.418249817410482194e+01 7.418273082194750145e+01 6.283133874949087527e+01 8.092434674351395074e+01 8.977663033069087817e+01 9.634856588394298171e+01 7.622241574799534192e+01 6.511668286581964082e+01 6.324053837530962596e+01 8.267925066082702301e+01 7.707536047481076480e+01 5.700884341702535352e+01 7.330601367832412052e+01 6.413141120472862156e+01 7.567195608244885818e+01 9.576347259817194413e+01 9.596005223629971681e+01 7.628232383358725599e+01 7.972113329489044986e+01 7.713748254275695615e+01 9.697605651654430403e+01 1.029674455346924162e+02 8.278376374026636597e+01
4.532054705376769438e-02 2.004532054705341082e+01 8.166129465480805649e+00 1.188003622902112788e+01 1.572903802361557624e+01 1.981152092823783661e+01 2.647818758103709413e+01 3.403747646529966886e+01 4.558439905907892609e+01 6.557999174099055040e+01 7.298256507671318616e+01 5.312031726241996665e+01 5.312031726241996665e+01 5.463900124399763314e+01 7.123125464430493992e+01 5.433088517934275785e+01 5.286367340483700161e+01 6.178325170148598744e+01 7.323828115387607340e+01 9.297386034290498458e+01 9.355500189579122150e+01 7.669437799334785666e+01 7.481297529117644274e+01 9.166917493810865381e+01 8.541167965629671244e+01 6.701885136545470800e+01 7.336108493798266750e+01 8.400193681009071156e+01 9.229597430888985343e+01 1.043753931095652661e+02 1.041358081305677814e+02 8.552225049243979527e+01 6.556541244843438676e+01 7.887517318123173027e+01 8.706658753138674456e+01 8.685029162160402905e+01 7.863466655083595924e+01
9.001595176218035732e-02 2.008639385263439792e+01 2.816952613111702419e+01 3.187944322094164917e+01 3.572839559640159734e+01 3.135851397067520807e+01 4.647697680898576067e+01 5.403553092348276721e+01 6.231418560134077467e+01 6.510529921861380842e+01 5.688848945357253939e+01 4.887045884880256352e+01 3.897534866392162201e+01 4.309652820237932502e+01 5.810847174550249861e+01 4.433383173487050044e+01 5.327876748373142846e+01 6.477818117845227164e+01 8.455848404720593692e+01 1.011864035002887761e+02 1.051871117193182386e+02 9.683579479960627623e+01 9.494658553939920864e+01 1.032982325661725582e+02 9.547105147479089737e+01 8.122395299288051262e+01 9.333219405322012108e+01 1.014813365943002452e+02 1.094883936435291076e+02 1.013459467819735806e+02 1.028939125755029949e+02 9.367415024677414692e+01 7.887517318123173027e+01 5.890197043721152426e+01 7.887517318123173027e+01 7.536054671302653674e+01 5.870627932108238412e+01
5.674351268809080251e-02 2.005674351268773492e+01 3.244997027113124943e+01 4.073424151859344988e+01 4.967851342859275832e+01 5.135663332620328703e+01 5.963564856565461980e+01 7.122387541752685536e+01 6.293501068518349228e+01 5.359385673796853666e+01 3.691614951976517744e+01 2.884573532501785920e+01 3.137542568964249412e+01 3.411458002229448994e+01 3.814033170916973603e+01 5.228890792174794910e+01 7.215814165796345492e+01 8.133564796207139125e+01 9.275861033410008361e+01 1.056907681971823365e+02 1.191433832929970578e+02 1.110007329671522740e+02 1.072824059872618534e+02 9.907331214358762850e+01 1.072824059872618534e+02 1.013948419442189817e+02 1.073428580238493169e+02 1.155690135119890840e+02 1.013459467819735806e+02 8.151037995388412583e+01 8.732008296915253709e+01 7.483872814014111441e+01 7.471304347830765380e+01 5.477692233717708348e+01 7.471304347830765380e+01 6.712900681922258173e+01 4.723818932720702435e+01
9.518805923843161321e-02 6.125414950793730107e+00 1.244997027113054422e+01 2.139424218112985798e+01 3.553637780486130993e+01 5.553637780486201336e+01 7.290413997325435957e+01 5.963661067456872189e+01 4.295455659565286766e+01 4.530983948179554233e+01 2.533621673786388584e+01 4.535745422375612890e+01 5.139237143911875449e+01 5.411461786642964711e+01 4.017770601981894174e+01 6.013420814726181618e+01 5.838942299831486338e+01 6.729186597641650280e+01 7.721258229761029668e+01 9.720759248221470727e+01 1.077309548373689694e+02 9.118875685068942971e+01 9.733253487376062196e+01 7.913992064210619048e+01 9.733253487376062196e+01 1.040716678312007133e+02 8.740638319766550524e+01 1.040716678312007133e+02 1.013459467819735806e+02 8.151037995388412583e+01 6.735766923624443336e+01 6.068478123316661765e+01 5.556084168885188745e+01 5.091882865116969015e+01 6.661420845013725511e+01 6.009622267312697375e+01 4.011258413521357369e+01
9.062254805971975413e-02 2.009062254805936476e+01 3.244997027112983545e+01 4.073424151859344988e+01 4.967851342859275832e+01 5.626920708908030377e+01 5.253059115876646246e+01 5.138799549459595539e+01 3.138599932953199101e+01 3.983400525137552250e+01 2.298973836939007853e+01 3.715009230241739857e+01 5.711544648339022245e+01 6.834787176857716418e+01 6.013420814726181618e+01 4.686065577160142936e+01 5.838860280796338742e+01 7.243411397320274148e+01 9.223067612895590628e+01 1.056695297131036995e+02 9.885554638594420851e+01 7.966444896655852403e+01 8.910661639284684554e+01 6.910548959402611047e+01 8.910661639284684554e+01 9.583252891625997449e+01 7.586117926169534087e+01 9.420753265064179516e+01 1.024487011979442173e+02 9.549938679870652436e+01 8.066594505818319760e+01 8.066594505818319760e+01 6.967038373748633262e+01 6.077887082290433085e+01 4.675871507966257212e+01 4.400213044539765406e+01 5.659229488853516443e+01
3.063233560239582431e-02 2.003063224412646193e+01 3.824003257363011699e+01 5.206524437698534058e+01 4.999884256546418015e+01 3.534997616285727418e+01 3.765174211966204609e+01 4.565115133564825811e+01 3.962318004934003568e+01 1.984610070483721245e+01 3.983400363988001658e+01 3.565613852870431089e+01 4.980706284422724650e+01 6.969092618199609035e+01 7.499526508918394541e+01 6.677557530111675987e+01 5.838860280796338742e+01 7.243411397320350886e+01 9.223067613975604218e+01 1.045863197876758193e+02 8.483996821468392113e+01 7.069198006911099696e+01 8.125637120417131598e+01 6.238491994184244760e+01 8.243957412657326245e+01 8.828406826878932634e+01 6.828486476688792095e+01 7.422867226319759482e+01 8.531857210405961212e+01 9.357056827406171351e+01 1.005124475470998817e+02 9.775412056459518340e+01 8.884072250480322452e+01 7.464489025521740473e+01 5.818519052227156152e+01 6.383560814840408426e+01 4.841278438884510393e+01
5.666595628964066211e-02 1.005659336573468643e+01 2.419103679774754312e+01 4.168804708907297396e+01 3.393230670406373406e+01 2.020094287452892345e+01 3.270179881316957449e+01 2.483059970230975821e+01 3.772733165586630832e+01 1.774888539713126079e+01 3.772733165586632964e+01 5.563091151358459996e+01 6.385037055526389338e+01 6.302219256376433520e+01 6.302219256376520207e+01 7.120257088787849398e+01 7.823239278760574678e+01 7.823239278760576099e+01 9.804500651361506414e+01 1.053121502774837950e+02 8.542132359028379085e+01 7.126553056478441306e+01 6.119502019182694141e+01 5.631598372857300205e+01 7.112177103530297018e+01 7.939061570560230052e+01 6.160145095814028338e+01 6.265955399558497163e+01 6.531332532938567681e+01 7.947183766186094545e+01 9.943383769000958239e+01 8.946511521697613034e+01 8.119908736043738884e+01 8.585562607831560911e+01 7.788001960239600407e+01 7.710035429119800199e+01 6.123846299865027731e+01
2.110006612196471329e-02 1.999286738258032159e+01 2.283556254377120354e+01 2.422217552192506673e+01 1.627928947521358083e+01 2.704707665302858643e+01 9.115186563895209204e+00 1.062268411299348259e+01 3.061836034960834141e+01 1.568189175526002721e+01 3.565589248888637997e+01 4.284175557812321244e+01 4.578035009898863450e+01 4.311315338909592754e+01 4.311315338909592754e+01 6.302219256376537260e+01 7.390714627820062788e+01 8.206989047862961684e+01 8.457572240030222588e+01 9.272713962436148449e+01 9.946180263899046281e+01 8.949291504509885442e+01 8.125637120417131598e+01 7.112177103530297018e+01 5.107835618423943913e+01 7.112177103530297018e+01 7.266614311171822749e+01 5.265719919508469360e+01 7.266614311171822749e+01 8.821077371405601752e+01 9.034289745421908435e+01 7.790661732636623071e+01 6.115269319194636921e+01 7.790661732636623071e+01 7.776418388328121978e+01 6.950542490621533886e+01 7.012376714347485063e+01
9.367352646185668485e-02 1.464050946116921104e+00 2.837656585603814285e+00 4.221085513335969708e+00 5.617946104875131574e+00 7.035708523366634104e+00 2.026049273576818166e+01 2.964554436141630234e+01 1.278497296702589026e+01 1.510698529657863531e+01 3.508389730904395520e+01 2.269454201733758580e+01 2.577057518422452631e+01 2.893331938597118480e+01 4.894437595644779293e+01 5.772675511753232769e+01 5.409029518706237383e+01 7.063674621843419743e+01 6.486303323830895806e+01 8.457572240030222588e+01 9.435910223940132369e+01 8.610705630118671650e+01 8.422766667802325458e+01 6.768511146559674785e+01 4.769229178271217506e+01 6.768511146559674785e+01 6.296224659313125471e+01 4.841982470241525505e+01 5.994354404972153105e+01 7.995225875832112195e+01 7.851314308058054792e+01 6.205731479423469210e+01 4.960229932385712459e+01 6.962529629097775796e+01 6.950542490621533886e+01 4.957926993685054384e+01 5.541546669596228014e+01
3.648181865326004941e-02 2.003648181865290567e+01 2.283859420199749479e+01 1.836332527182086949e+01 1.976021180784471554e+01 2.608684873271518967e+01 1.578749808418587719e+01 3.465682804305337328e+01 3.276161901069442450e+01 3.508384727657108471e+01 1.845095556546722193e+01 2.328036464141563755e+01 4.325305199646913223e+01 4.894437595644783556e+01 3.403521815330589817e+01 3.776899003930230236e+01 4.411614991719413581e+01 5.079047890464177328e+01 6.486303323830895806e+01 8.457572240030222588e+01 8.284419999335173657e+01 6.615346729855200181e+01 7.596494403972032217e+01 5.593211169453099529e+01 4.444857993868708945e+01 6.002735469904342125e+01 4.302242852773705550e+01 6.296224659312835570e+01 7.667072552450808587e+01 8.180571009865504095e+01 6.176043927449962467e+01 5.020736971870702803e+01 4.210388107293995574e+01 5.500271064809278698e+01 6.328244787738361055e+01 5.541298759566627297e+01 3.551237138170541385e+01
