MOVIE_S9_data/elevation_000969.asc
nrows	100
cellsize	150.0
xllcorner	0
ncols	100
yllcorner	0
NODATA_value	-9999
[rows 51 to 67 of 100, columns 37 to 73 of 100]
9.646705364731771226e+01 7.667256668190692892e+01 6.528896223503099350e+01 5.979689188613976114e+01 5.449423065790332288e+01 5.092323604460099062e+01 6.757470300762545889e+01 6.543745168329866146e+01 6.993444230089424707e+01 6.266348358631356774e+01 8.244601154203543558e+01 9.611430086524914884e+01 9.198338464540621828e+01 8.575526695475110728e+01 9.150287411574122132e+01 7.092185976146515713e+01 6.181962833939904556e+01 4.196268132306704501e+01 6.016998302986112179e+01 6.544484204943010752e+01 6.184889899747447117e+01 8.173776173290623603e+01 9.671284692708532305e+01 8.252135381776844270e+01 8.283687037416581234e+01 9.687077274402480498e+01 1.169264206833454693e+02 1.113338686258705934e+02 9.727208846480294824e+01 1.045756894843881213e+02 9.522044914737706733e+01 7.564831530679298055e+01 7.444827341089070671e+01 7.801957435028407417e+01 8.670370380510654229e+01 9.807155044462605531e+01 1.179742043734567574e+02
1.047245170673331813e+02 9.327235627830575027e+01 8.503870126936732277e+01 7.064751279295437314e+01 7.427882684958399295e+01 6.177964329374994179e+01 4.775464880793573741e+01 4.560706589183362070e+01 5.012596555654334907e+01 5.664883976030517942e+01 6.808072762421984692e+01 8.787732419261602956e+01 7.003560094041085904e+01 6.353475160596153160e+01 7.905227890509493704e+01 8.133327457300610774e+01 6.180907248119542174e+01 6.018207958923298406e+01 4.034489882489683765e+01 4.645665627405533371e+01 5.575473643587657335e+01 7.057283405827388378e+01 9.331828751795841015e+01 1.005285198413402981e+02 1.026532972252647937e+02 1.110731753735432505e+02 1.172679438302066188e+02 1.030922691449580952e+02 8.338877416572844936e+01 8.485447465451282767e+01 8.902994843389497248e+01 6.957182176312514343e+01 8.902994843389497248e+01 9.763765196278673386e+01 1.058662956511436448e+02 1.147285205288233811e+02 1.262201300190804005e+02
9.497895730007485326e+01 9.497895730007485326e+01 9.867950486172905755e+01 9.043671981924877912e+01 8.978318231299418528e+01 7.578500814113229467e+01 6.177965031513453198e+01 6.244791255265158014e+01 4.260464274978897947e+01 5.970928122716173903e+01 6.792233415734918367e+01 7.685044426629205816e+01 6.987526870648332533e+01 4.767832666663218788e+01 6.991507868358041833e+01 7.469326267708204625e+01 7.296359035451575892e+01 5.334128338692142535e+01 3.924607895979433181e+01 5.907935546536988625e+01 7.369677424092314766e+01 8.443581228107973402e+01 8.578614574270977755e+01 9.542358741028027680e+01 9.985635298614739952e+01 1.080984294899649996e+02 1.090213474415886168e+02 8.924451362639358365e+01 7.799575995757776070e+01 7.113704526064286426e+01 8.225034346346522796e+01 6.667591784352383399e+01 8.034318947796913335e+01 9.998572347345660205e+01 1.144695294528632132e+02 1.061257752648592714e+02 1.144696793134237822e+02
7.440149965936487320e+01 7.440149965936487320e+01 8.620469988052164467e+01 7.923087116709024258e+01 8.775648056272198971e+01 8.979428791111216412e+01 7.644810484866329148e+01 5.664884331185091071e+01 5.970928122716173903e+01 3.984807868030657829e+01 5.703119730637041584e+01 5.703119730637041584e+01 6.172454311893445578e+01 4.023661679117878975e+01 5.373761514304889886e+01 5.368220989042495006e+01 6.382359947444093251e+01 5.642034012509747498e+01 3.820930860230471637e+01 5.222768906290751545e+01 7.183868199338976979e+01 7.547272149737773361e+01 6.969836139484841908e+01 8.764506350275948421e+01 8.017193238980142667e+01 9.669748479017923160e+01 9.727799477217578783e+01 8.908490229649605396e+01 8.373864230068615200e+01 6.432866536727506457e+01 6.285228909723234381e+01 8.225034345256547397e+01 8.034318948324226994e+01 9.998572908310558205e+01 1.041873148158298648e+02 8.538888880677117754e+01 1.041879937097669284e+02
7.173185196464135061e+01 5.976675834209521554e+01 6.557641859512938254e+01 5.856630944305248931e+01 7.360668983574090873e+01 8.213882950930604920e+01 8.467176402491723763e+01 7.644810506129022087e+01 6.792233415734918367e+01 5.703119730637041584e+01 3.713645927189966045e+01 5.441638612156874899e+01 5.494526928446067870e+01 3.427052516814214300e+01 3.311447652579843748e+01 5.317365493473212723e+01 5.493491746296191280e+01 3.681873576558510308e+01 5.620884861710691638e+01 6.594671652582228205e+01 6.566229271355676644e+01 5.655393831833632134e+01 7.552243799958321802e+01 8.791455461173576680e+01 6.892342089606866296e+01 8.791455461173576680e+01 8.908490232579978851e+01 6.957553515963816437e+01 7.528969578498934823e+01 5.911966266420900951e+01 7.855110783405919506e+01 9.041405741599238866e+01 9.998572910247962398e+01 1.082121551593422453e+02 9.575732263987102044e+01 7.462975041318711078e+01 9.136609177159230910e+01
8.895026958893963354e+01 7.161830229939729975e+01 5.090931953725647219e+01 4.663571020075146834e+01 5.294217102448573087e+01 7.021934359623696764e+01 6.832612235666229594e+01 7.112342284589095698e+01 6.637933269849791884e+01 6.449256216973667222e+01 5.412688974307948797e+01 3.448656582295121353e+01 5.058523934283349632e+01 3.250503132332819689e+01 5.028520817256777065e+01 3.372884411199729726e+01 5.148116644671465991e+01 3.583336909122230907e+01 5.629352498611076072e+01 6.553823760711719615e+01 4.602673443681019450e+01 6.553903827503565083e+01 7.913615844351886608e+01 7.098151613651029379e+01 6.015492263883676571e+01 7.974041521993781600e+01 9.329328104794983290e+01 7.528969471945444525e+01 5.575954651341544377e+01 7.216245379739561372e+01 7.216344876732243563e+01 9.174430325317003110e+01 1.016439117710218198e+02 9.581897905088682421e+01 9.048574352665089293e+01 7.367500033674110682e+01 6.538391742224793290e+01
7.236575362734824068e+01 6.200870831360114721e+01 7.161830229939729975e+01 6.167602433738883860e+01 4.111117956047883837e+01 5.668831685564576617e+01 4.773434251777725024e+01 5.060543535025791329e+01 4.467848692638976615e+01 5.047548463263941443e+01 4.462774119350007140e+01 5.127007769432466944e+01 3.190202782421155447e+01 5.191434209840871006e+01 5.711668044660879673e+01 4.616274542009794146e+01 3.434988256130200313e+01 3.483458905316536658e+01 5.483296400873759069e+01 5.599374076715147197e+01 4.090556429048501741e+01 5.973889840259322170e+01 6.377854862981253348e+01 5.125537797403720930e+01 7.098151613651029379e+01 8.791432518016596021e+01 8.511662312026717814e+01 6.555195275071311301e+01 6.914125332990005290e+01 5.247417395320953659e+01 6.644662696814175717e+01 8.596734527044360163e+01 8.188498201076697569e+01 7.611444580226600465e+01 9.009341778816987301e+01 8.220289072264297658e+01 6.710104122524639081e+01
9.117489058548798653e+01 8.265330155788613808e+01 8.367860360360343464e+01 7.021934359694338923e+01 5.668831685564576617e+01 3.622886124859515888e+01 3.337778016931083158e+01 4.911622390260696847e+01 3.009800902030437797e+01 3.050528749578986165e+01 3.091262463933249194e+01 3.132075676125449348e+01 4.765985973234589324e+01 4.349863145434564160e+01 6.328610002755548436e+01 6.165878933100148629e+01 5.478090351776692302e+01 5.168112159382035031e+01 3.553025483670702300e+01 3.602747631177088294e+01 3.652637968850012840e+01 5.647354626868377636e+01 4.392073344501867638e+01 6.377854862956623805e+01 7.913615425247975566e+01 8.584512863110917635e+01 6.621503547612414309e+01 6.621502813032154222e+01 4.928903456244884751e+01 6.914197532721993866e+01 8.030063560342219375e+01 8.676177830453076467e+01 8.188522294673528279e+01 6.233410595498295237e+01 7.143694643784083098e+01 7.347656973552116710e+01 5.690640600619845912e+01
9.672928133873618606e+01 8.972421800695354932e+01 6.911079579861412014e+01 5.448406245715408858e+01 4.529343481867244492e+01 5.064730543127185314e+01 4.971823832675714527e+01 2.952113043910830825e+01 4.609797760153607982e+01 5.027061630771535761e+01 5.098998761490911846e+01 3.690061247684863588e+01 5.532641197510193365e+01 6.345818869155492337e+01 5.983973488695747989e+01 7.978274901041078238e+01 6.354252462044026828e+01 4.375669698146188580e+01 5.551196577686041422e+01 5.598940345618851211e+01 5.147493770293883131e+01 3.723349691433279673e+01 5.715706534119033222e+01 6.587098887810877557e+01 7.512509626777506355e+01 8.349525481952535699e+01 6.621503596409968395e+01 4.633730122035330368e+01 6.621503351236030710e+01 7.728003554583078483e+01 8.632043515685511181e+01 6.640679616420064235e+01 6.833378636378017745e+01 6.952739925330730841e+01 5.169346374085780838e+01 5.385222469657860955e+01 7.347657008323689354e+01
8.087496820671607622e+01 8.917594355063951639e+01 8.367860360360440097e+01 7.444647907697560640e+01 5.717757905674626784e+01 7.127183348661459661e+01 5.195412415141784379e+01 2.911532741714059114e+01 4.385796651888251318e+01 5.355790865847524884e+01 6.320025452025938506e+01 5.547477096185567547e+01 4.972173219103552810e+01 6.936791576575456020e+01 7.978279217718144878e+01 7.741622803660557395e+01 5.779585134702291782e+01 5.268630381281275277e+01 7.168486022457622653e+01 6.515396135593823601e+01 4.539893910892480733e+01 5.715575543564455074e+01 3.794323778959257254e+01 5.713804642085683838e+01 5.506366894540784784e+01 6.952588762902033181e+01 6.144997304894899770e+01 4.451775455384949964e+01 5.845057627029889602e+01 7.810439658880108027e+01 7.450810199590640082e+01 6.296287301563857142e+01 4.847391653999839889e+01 4.979905425810537878e+01 6.961161807449465755e+01 5.422841551576777874e+01 5.602339341841379650e+01
6.088038859848867901e+01 7.484637562477236372e+01 8.314331096516123409e+01 8.635990341462090214e+01 7.783155459028243683e+01 7.679107937036124554e+01 6.099043747347683819e+01 4.859783561613455305e+01 2.853707606267559882e+01 4.780967228628942678e+01 5.293206923845927747e+01 6.160421900023886366e+01 6.936791896426453263e+01 7.752915576111959695e+01 9.352343849743481030e+01 8.559013195789974304e+01 7.741622843674231547e+01 6.254493072068430592e+01 7.498051553724782536e+01 5.532973785126423394e+01 5.939845546516963282e+01 6.601439561347697804e+01 5.784831948959948278e+01 3.864798737288224828e+01 5.853923154768800430e+01 5.961816054716373259e+01 4.211022141561610255e+01 6.144997271700002273e+01 7.236081029947995091e+01 7.294248482982681026e+01 6.475759493145670831e+01 4.653402870734305452e+01 6.654093784225456432e+01 5.707054694985816212e+01 7.583113265399902048e+01 7.380492182791165590e+01 7.085185076893834832e+01
4.923199146604678589e+01 5.479721159311897338e+01 7.157106435520633170e+01 8.038438307587736631e+01 8.252302233452374480e+01 6.272482276920408850e+01 4.882040915927355940e+01 3.996274540464906977e+01 4.650058360646689692e+01 2.795203324940285938e+01 2.947269750754009721e+01 5.342412512898836496e+01 6.534637425759196105e+01 6.534556251428628570e+01 7.876206553865959847e+01 8.699492288181745892e+01 9.030203089958712326e+01 7.634945281532752404e+01 8.316320010305439325e+01 6.413155313650193534e+01 7.905294298489771165e+01 7.474071884408141386e+01 6.079235815094637729e+01 4.066826748373780021e+01 3.935248978875788595e+01 3.984622220998116404e+01 4.033540938748613058e+01 6.022610393783200777e+01 6.791230117227750895e+01 6.297275224097707991e+01 4.452512034378542438e+01 5.369524027960601131e+01 7.244903840530216144e+01 7.739781240903096204e+01 8.633852509189675573e+01 9.012869624543527891e+01 7.075073814829868013e+01
6.327098537407026413e+01 4.314727441376687977e+01 5.201456284839408539e+01 6.619947296213564414e+01 7.572041336066379813e+01 7.679131130663081706e+01 6.036510360140958653e+01 5.181827759792385990e+01 4.685279204711122247e+01 2.753265378638801053e+01 4.752914180032158242e+01 5.762581723390093202e+01 4.524289693737459572e+01 5.162023266829073975e+01 5.877114095181826059e+01 7.034904336493798382e+01 9.025370773283455605e+01 9.600828325008173181e+01 9.196485314143446033e+01 7.542957584338749655e+01 7.791806730124847036e+01 5.830140127964813956e+01 4.650057060107045004e+01 4.977530759910410296e+01 5.923199540901914162e+01 5.394573352477412698e+01 6.021643655135707007e+01 4.104457200998034239e+01 5.960639369662603571e+01 4.287728476958326951e+01 6.297256372356643084e+01 6.770249560259712496e+01 8.191319416634554784e+01 8.835064006464496345e+01 9.650618199152914656e+01 9.851700483818076748e+01 8.445288367077711200e+01
5.842066525451069481e+01 4.678063758554752383e+01 3.780016232204908277e+01 4.734089674502635603e+01 6.153065504830473031e+01 6.799319644876622704e+01 5.193945592814375800e+01 3.329552548914578125e+01 2.693594420294536107e+01 3.896988966670939902e+01 3.338807122232557845e+01 3.771774315981377157e+01 5.774807703125237168e+01 7.169428858351520262e+01 7.876206553866052218e+01 8.699492288227632741e+01 9.847238913960205764e+01 1.094577776457042120e+02 1.033725071312138795e+02 9.513368002889828290e+01 8.608486641034770059e+01 7.111986127799141855e+01 5.138502160505992578e+01 6.142446233700773917e+01 7.785691066824487905e+01 7.363268943124812438e+01 5.904568180645628672e+01 5.106193960451050629e+01 4.175486961458375390e+01 4.231729130745603840e+01 6.211047328722028027e+01 7.113000566966053384e+01 7.442318192932178533e+01 6.865424502281348396e+01 8.835063951787635972e+01 1.005727141285043587e+02 1.042720824129719830e+02
7.518020459263138378e+01 6.481865212292714773e+01 4.473141069054215535e+01 3.319087925031183772e+01 4.895078253905992227e+01 5.152179746347005107e+01 3.966819619967338184e+01 4.595286196437972137e+01 2.650765728783049013e+01 4.650128930352687462e+01 5.334118596562196046e+01 5.774477638475448771e+01 5.406973886178325017e+01 6.826783034499865721e+01 8.822311219106941849e+01 9.068411411046568560e+01 8.145255232828036185e+01 9.545516518849134968e+01 1.068922593278031741e+02 9.371568948946838873e+01 7.411730727120270501e+01 6.286181755826915918e+01 5.746856778566902335e+01 7.701261243353781083e+01 8.103372352096911868e+01 8.554968536222109776e+01 7.629442254220955988e+01 6.507578237727240378e+01 4.518027467774268757e+01 6.122762932776176825e+01 4.311857656261899763e+01 6.292900600247636334e+01 5.466378623563657158e+01 7.341937057239492503e+01 7.217416135001282385e+01 9.219483020299155385e+01 9.608477886391189315e+01
8.346181684718108329e+01 7.312041927551398146e+01 6.053603785993459496e+01 4.046978702552669915e+01 2.896654254104588233e+01 3.474887552090417131e+01 2.547143387237713341e+01 2.590417344502361985e+01 2.904555740145530507e+01 2.971229981244275109e+01 4.981618060765511302e+01 6.151211143626938593e+01 7.116630875648033339e+01 7.937180954134366573e+01 8.483919666464181830e+01 7.081305450964228498e+01 6.737781967691505258e+01 7.887721454631335405e+01 9.871427744453046671e+01 1.019399514750166986e+02 8.240055824007154683e+01 7.128242680099054951e+01 6.725505035086194994e+01 8.517116506944049092e+01 1.007688352369185765e+02 8.634766033009800879e+01 7.830646680437443763e+01 6.857883093334748992e+01 4.880127043971753409e+01 6.783489546725185448e+01 5.486466478873566643e+01 4.392434510328686059e+01 5.457303501195208639e+01 5.609229503737147837e+01 7.667228545814563745e+01 9.289214872745259299e+01 8.517369217873718412e+01
6.346439407623962836e+01 8.346181684718108329e+01 6.884061520063184503e+01 5.055967347931088796e+01 3.337068641181875961e+01 2.485473856087148192e+01 4.495649935332552616e+01 3.329942707360619636e+01 4.999776731604341506e+01 4.981630434191207257e+01 3.309157098486065252e+01 5.324865215150283859e+01 5.112508210249065854e+01 6.420557148016186488e+01 6.907729291207465394e+01 5.664246291195937033e+01 6.823084364100306232e+01 8.230257528335573625e+01 1.021335090711038447e+02 1.103317146379408058e+02 9.905990333788938074e+01 8.506690964555434675e+01 8.100537364767308190e+01 9.496981357782199495e+01 9.363363082037945162e+01 7.830646680437443763e+01 5.901976688177480668e+01 5.439744218116738494e+01 6.857883093334748992e+01 7.621464858423853173e+01 6.303867836128110014e+01 6.388017170406600798e+01 4.473712447703076833e+01 6.469400534981092221e+01 8.320035828878047823e+01 7.360959248348082440e+01 7.364128698544311646e+01
