MOVIE_S9_data/elevation_000358.asc
nrows	100
cellsize	150.0
xllcorner	0
ncols	100
yllcorner	0
NODATA_value	-9999
[rows 51 to 67 of 100, columns 37 to 73 of 100]
5.792776204970856213e+01 7.026856283109304968e+01 7.026856283109306389e+01 7.411777155965161512e+01 6.590154976755266603e+01 5.651331793445225316e+01 5.022738741077699842e+01 6.976960881040392337e+01 6.899149500876647778e+01 7.066654117131234614e+01 6.628787673635675048e+01 7.165838910793677030e+01 7.786414015666176169e+01 8.675280654096341948e+01 1.009133026045424657e+02 1.210496361087878228e+02 1.188782205177124212e+02 1.087299080599834866e+02 9.692135532141500676e+01 8.377054376724525753e+01 6.261982702251624033e+01 7.926120828546784480e+01 7.838643825142503374e+01 6.090078818596079202e+01 7.551158476407907472e+01 9.569530050020269130e+01 1.074210597034634418e+02 9.828601507271351068e+01 8.102092069869203783e+01 7.787705161079156824e+01 8.714434639348093015e+01 9.904057687002850230e+01 1.196581168711761478e+02 1.132244422071146914e+02 1.271928518074238639e+02 1.298798827045692690e+02 1.216700719079790076e+02
6.671528689182089522e+01 8.579855728234259971e+01 9.006311043166797958e+01 9.006219637404967671e+01 7.028152157041819237e+01 7.304024835803468818e+01 5.357781366902027287e+01 5.320521201825386015e+01 5.530718820814223591e+01 5.950376212736060921e+01 7.903974877878222571e+01 9.152359634764869156e+01 9.784075743424345717e+01 1.061870480111150954e+02 1.151749045792850268e+02 1.198574288353088093e+02 1.097980839812463643e+02 1.004325974586681838e+02 7.980110520284053166e+01 6.727540243869999870e+01 8.377054376724525753e+01 9.223567924456219203e+01 8.421901523051811012e+01 6.358954929033197345e+01 6.672926211936542984e+01 7.869893291394051005e+01 9.912246117652478006e+01 1.105783381401286505e+02 1.020002500414960593e+02 8.982579636636572218e+01 9.853740034051328678e+01 1.163228527020933996e+02 1.282458593450247122e+02 1.329704625861760121e+02 1.322908482393343661e+02 1.239967387586546579e+02 1.322938176882846051e+02
6.985087675128220042e+01 8.424133147808171884e+01 9.566199480851257420e+01 9.837706828808454418e+01 9.006219637404967671e+01 7.642890328976254466e+01 5.696256635889028530e+01 7.268930204429396724e+01 7.477664698615933503e+01 5.876625336775985176e+01 7.828172867867279194e+01 8.792152732851587871e+01 9.456580249679323913e+01 1.029050335534664811e+02 1.129468063814845920e+02 1.116148839983632541e+02 9.140530499290251498e+01 8.099071574907586069e+01 7.282154847698512867e+01 8.250202973962535680e+01 9.692344663624058398e+01 1.014037700302319536e+02 8.099879946307063960e+01 6.634930275655855780e+01 8.697527697166962923e+01 7.329512058040673139e+01 9.305046190771209069e+01 1.066116418527850414e+02 1.150231810343858001e+02 1.104376726768987140e+02 1.190103381120660515e+02 1.277576006121778676e+02 1.333478599365907087e+02 1.234806739994453153e+02 1.152412153626558933e+02 1.044185585404288190e+02 1.193204362050386038e+02
5.647584200209993099e+01 6.769372940911584635e+01 8.742473304968942216e+01 1.016085528329034560e+02 9.135344356747678773e+01 7.157831524785221688e+01 6.040809203094258351e+01 7.993626790888212952e+01 7.828172967956189154e+01 7.828172967956189154e+01 6.234290526193105819e+01 6.813447280780530946e+01 7.463297758744521104e+01 8.454438373417877983e+01 1.045872212594076984e+02 1.198574288353088093e+02 1.097980839812463643e+02 9.797162881447448513e+01 7.731200156166275406e+01 9.797162881447448513e+01 1.113448635328558964e+02 1.042266245492637751e+02 8.387073112623261295e+01 6.922669553406475984e+01 8.983283427272510835e+01 9.380934819688907567e+01 8.042151714466747592e+01 8.640228317021701798e+01 9.665302605211755349e+01 1.083491383296997412e+02 1.283630738780807121e+02 1.391240821582329943e+02 1.192106894823691192e+02 1.054392435646042969e+02 9.586519315733649194e+01 9.485560532193234451e+01 9.985077254866649810e+01
7.603318846328753011e+01 6.379957890890282357e+01 7.354722157795350768e+01 9.337396326294241078e+01 9.966184217428678949e+01 8.378621869339762895e+01 6.415524916225545837e+01 8.378621869339762895e+01 9.818129796098085649e+01 8.489289491018142542e+01 6.518828885779657867e+01 8.489289491018142542e+01 9.456580249679323913e+01 1.029050335534664811e+02 1.129468063814845920e+02 1.223271442675997491e+02 1.023139681449641643e+02 9.053252711902358385e+01 8.264949475150545766e+01 1.030790068354641704e+02 1.187541732894829352e+02 9.866667742703073429e+01 8.420262182952997421e+01 7.222801047817412723e+01 9.280250705732906624e+01 1.091271078737666045e+02 9.230551401017935120e+01 1.067305244268946325e+02 1.008409211386089055e+02 1.209492845624713624e+02 1.366059457507278410e+02 1.316279096008234717e+02 1.233405187765464177e+02 1.234806739994453153e+02 1.055532042599963631e+02 8.625632176601362744e+01 1.055532042599963631e+02
9.004839776381886907e+01 7.027020422767301966e+01 9.004839776381886907e+01 1.016085528329034560e+02 1.019960617835396590e+02 8.206554643898253687e+01 6.815941853048920507e+01 8.206554188026782981e+01 1.019952475571652428e+02 8.794808571797490515e+01 6.814791616552844289e+01 8.794813339056126722e+01 1.009791207502222079e+02 1.099553598176635347e+02 1.215793685532498642e+02 1.305460759877647661e+02 1.190203662247502194e+02 1.084937006124304304e+02 8.823377164472572076e+01 1.084937006124304304e+02 1.166315061853281776e+02 9.653286570519284737e+01 8.469239591222653019e+01 7.540280085500928919e+01 9.593339300887618037e+01 1.102371921772084846e+02 1.124841582743236330e+02 1.207322909717082950e+02 1.209492845624713624e+02 1.292054409301627800e+02 1.321340407006255759e+02 1.207555250097872346e+02 1.037945880578639475e+02 1.073813331736991614e+02 1.012382916143485545e+02 8.184016925564714029e+01 9.538953945546792568e+01
9.827025556586801258e+01 8.996587511248966962e+01 8.421987660164057843e+01 1.041196926021281399e+02 1.041911618362066463e+02 8.424239170560923640e+01 7.377749192820324708e+01 8.424242093491841388e+01 1.041923345288026752e+02 9.627002015397273738e+01 8.208647389543243378e+01 7.272478204105924249e+01 8.157000173228907158e+01 9.310667872234783715e+01 1.132044941293090687e+02 1.268510199944118710e+02 1.226318963516770424e+02 1.026374681897490149e+02 9.600041119941565171e+01 1.160849383219318298e+02 1.248696894029886693e+02 1.133012295834352727e+02 1.015955662264674970e+02 8.118031035988263966e+01 8.154435490742957882e+01 1.019509778063364820e+02 1.147611856754665638e+02 1.229971669699197605e+02 1.344924871337261436e+02 1.405410783398777710e+02 1.238330254250598870e+02 1.042624832420404175e+02 9.325457486207369584e+01 8.813314201404823223e+01 8.375501817797564286e+01 7.968073225434420692e+01 7.579315918250249240e+01
9.640653274655542759e+01 1.044277534714352242e+02 1.041196926021281399e+02 1.123206345300955036e+02 1.125401374035600526e+02 9.964306238804132931e+01 7.971820166228539506e+01 9.964306238804132931e+01 1.125495519682383616e+02 1.104532771665189586e+02 9.780777074414763206e+01 7.780419749888535819e+01 8.018832077650935730e+01 8.833095762302097853e+01 9.834576728393628287e+01 1.184668244873056153e+02 1.308469313360974979e+02 1.226318963516770424e+02 1.061223225780464929e+02 1.243076193750049043e+02 1.221787567062980031e+02 1.021778605151721706e+02 9.042686675207555425e+01 1.015955662264678097e+02 9.605955190737888927e+01 8.845494690271428340e+01 9.465516802028189147e+01 1.063348183024735647e+02 1.262718175685953668e+02 1.321954724680842048e+02 1.124040171380723763e+02 1.027681904519351122e+02 1.125339676275066410e+02 1.073813331736991614e+02 9.489348988229563986e+01 9.345367865681774333e+01 8.970515744117751922e+01
7.653517151266814267e+01 9.305368501478940857e+01 9.595977212392898537e+01 1.042448917996479594e+02 1.184165417218324450e+02 1.067013753189294647e+02 8.673745157025855690e+01 1.067013753189294647e+02 1.202342857124879032e+02 1.001030023259859263e+02 8.593421584202734209e+01 9.780777634664860898e+01 8.911127150632972871e+01 1.002105736105885683e+02 1.167728912489051254e+02 1.268510199944118710e+02 1.333066286738149984e+02 1.342534884505813864e+02 1.260475540658170388e+02 1.342534884505813864e+02 1.304056057260545458e+02 1.188816770000623393e+02 1.006222184146775476e+02 1.188816770000622540e+02 1.161741381133161184e+02 9.682249713550004344e+01 1.147611856754665638e+02 1.089268473766364593e+02 1.288465243239747906e+02 1.405410783398777710e+02 1.305931249506489848e+02 1.222997448030783687e+02 1.305931249506489848e+02 1.224870569380595668e+02 1.142566085764050285e+02 1.128446447780588358e+02 1.091128516080772357e+02
6.503642388235005001e+01 8.305683644988651793e+01 7.581959517787989000e+01 9.007324187745864208e+01 1.040312292436242103e+02 1.122478863969253808e+02 1.067013753189294647e+02 1.008205456176283263e+02 1.208989541418173133e+02 1.126971603391421866e+02 9.260363546942832613e+01 1.126971603391421866e+02 1.006805481344663633e+02 1.175581115798581493e+02 1.287255991051522983e+02 1.274644125611508940e+02 1.132767927264616077e+02 1.274644125611508940e+02 1.313580584433182707e+02 1.228967118738497817e+02 1.228967118738497817e+02 1.288681065045576304e+02 1.206402493979578168e+02 1.288681065045576020e+02 1.251248050323837475e+02 1.110633336429581561e+02 1.168925635692030198e+02 1.288465243239747906e+02 1.370674865632030901e+02 1.352371577553353461e+02 1.263732047101819376e+02 1.182070055270025222e+02 1.160614995192573389e+02 1.118018667556011394e+02 1.159311201440630583e+02 1.210271686781666602e+02 1.026371318815661198e+02
5.628750884819488931e+01 6.317437135009772220e+01 8.322200579826314026e+01 8.821683229074079691e+01 8.403323522615939112e+01 1.007293032904284189e+02 1.122478863969423486e+02 1.208989541418173133e+02 1.292946944617437737e+02 1.210714844980231248e+02 1.026266712655045268e+02 1.210714844980231248e+02 1.208143584153449410e+02 1.292019079774681529e+02 1.302370265236396278e+02 1.102685415509314737e+02 9.929861834763377715e+01 1.185576063789204397e+02 1.228967118738497817e+02 1.026267215816614566e+02 1.026267215816614566e+02 1.157301880787538266e+02 1.241752242278803493e+02 1.345426332667084637e+02 1.262381255643056335e+02 1.309655695153342663e+02 1.367758723647223462e+02 1.400562738451695850e+02 1.286976513015925150e+02 1.205205075199264968e+02 1.074769162284887614e+02 9.867441459383117319e+01 9.654140994708882317e+01 9.224844511862161767e+01 9.638343374974037658e+01 1.102376087692116045e+02 1.158516355246717353e+02
7.607725851516650550e+01 6.071326057714954771e+01 6.413969721848960148e+01 6.820291331168075999e+01 7.246410460194140057e+01 8.403323522615939112e+01 1.040312292436242103e+02 1.152109127400305368e+02 1.241013834400869342e+02 1.311592878252020284e+02 1.227676494127799174e+02 1.311592878252020284e+02 1.254483483977382576e+02 1.338008593054380526e+02 1.239224371299793290e+02 1.040167711572838272e+02 9.049870769859745678e+01 1.102685415509314737e+02 1.209955353465778103e+02 1.085636642836579284e+02 8.853883776181527310e+01 9.558277967173833645e+01 1.157301880787538266e+02 1.231154888423899934e+02 1.065519602100384020e+02 1.231154888423899934e+02 1.356962930496606248e+02 1.318408462200717395e+02 1.122334444325318970e+02 1.010388680911703290e+02 9.416638553421300628e+01 8.795218313310630265e+01 8.263061400674828860e+01 7.824126863271874299e+01 8.244862962971656373e+01 1.004127374536315926e+02 1.011719560155892452e+02
8.891118308849563334e+01 7.219671832911616605e+01 7.567463196798809122e+01 7.677879276475064785e+01 9.248532120406460422e+01 8.031916130973138479e+01 8.700465023268075981e+01 9.598724655691691510e+01 1.101242986765811764e+02 1.298962076418515323e+02 1.339674990787902402e+02 1.139302590420709009e+02 1.054984324276040866e+02 1.222464419165839615e+02 1.180520351363294367e+02 9.820317446567658237e+01 8.423815586182078619e+01 1.040167711572838272e+02 1.125659537166313413e+02 9.245731148727124094e+01 8.151645354449492231e+01 1.014838189708183478e+02 1.157437981180188302e+02 1.148723126977079971e+02 9.532586415202611363e+01 1.148723126977079971e+02 1.158428312534722266e+02 1.299393464735352666e+02 1.286976513015925150e+02 1.205205075199264968e+02 1.136327078455741315e+02 1.074769162284887472e+02 1.022587118134081976e+02 9.227872503697234663e+01 7.240061926646990287e+01 8.722968112098814686e+01 8.145460177180284234e+01
1.004477229425607163e+02 9.220095741683608992e+01 8.984072397647500452e+01 8.834733447757480462e+01 1.050162965934502068e+02 9.190270039306295757e+01 1.070032349310197333e+02 1.152109127400305368e+02 1.241013834400869342e+02 1.319634812384520046e+02 1.204208615510408151e+02 1.121134936319292450e+02 9.412092217857629350e+01 1.139302590420709009e+02 1.130898199686662764e+02 9.326579478858521099e+01 7.926040693238519452e+01 9.907211733341806337e+01 1.143522707164651706e+02 9.614731608925991679e+01 7.618688591652660591e+01 9.614731608925991679e+01 9.610933940779013085e+01 1.076340331903417962e+02 8.839658402965230266e+01 1.079615995403251958e+02 1.020489702281672777e+02 1.200786093870634090e+02 1.299393464735352666e+02 1.289188595220404636e+02 1.176101872374801047e+02 1.088588583477907008e+02 1.007342678103951243e+02 9.451383637819186845e+01 8.722968112220375758e+01 6.723034583850737533e+01 8.722968112155260201e+01
9.465753164441242973e+01 1.032395296849466320e+02 1.097898535798300514e+02 1.083079279432071331e+02 1.165150051918067504e+02 1.118585622419248296e+02 1.200562861760856492e+02 1.174395185847934613e+02 1.257090341440336658e+02 1.236202645220704568e+02 1.036899527092912905e+02 9.229308562943160155e+01 8.714204752655753339e+01 1.069266008285780742e+02 1.086570331796333306e+02 8.883690227461974587e+01 7.480490320488478062e+01 8.627118639202038253e+01 1.060769439769390345e+02 9.168402821662294855e+01 7.173822488170235090e+01 8.746186412149664591e+01 8.220347575808416707e+01 8.800985455672389435e+01 8.213714937692652995e+01 1.017745983933002236e+02 9.231605670270560893e+01 1.020489702281672777e+02 1.216577755835478030e+02 1.207424042026913895e+02 1.012183827565132077e+02 8.993605539282910399e+01 8.106353645572993116e+01 7.469234447094217444e+01 6.905986700547421719e+01 6.394991936434344382e+01 8.023297046050322479e+01
7.438110961948845556e+01 8.871693338174019061e+01 9.620972367792305135e+01 1.045074294000315973e+02 1.144894087507513945e+02 1.183577749664521690e+02 1.101045485824589605e+02 9.761673751816599065e+01 1.101045485824589605e+02 1.183577749664521690e+02 1.158579337677899019e+02 1.006701757362390310e+02 8.086507817405109222e+01 1.006701757362390310e+02 1.067901247827152247e+02 9.075168918564945386e+01 7.091603939517180777e+01 9.075169165722815023e+01 1.067704986764482982e+02 8.765770987219106303e+01 6.753475328657316368e+01 6.771370611512193705e+01 7.074837190477472859e+01 7.401126796634068228e+01 7.836535233213250251e+01 8.351119243890538257e+01 9.484920488322647714e+01 1.144086982281043845e+02 1.299393464735352666e+02 1.210996081118111078e+02 1.128948788522293540e+02 1.088588583477907008e+02 1.007342678103951243e+02 9.451383637819186845e+01 8.325063692927568582e+01 8.023297035265757415e+01 6.005932502499106818e+01
6.336523323769707616e+01 6.889220523015409015e+01 7.638566392859343068e+01 8.625610793905092066e+01 1.061633394172245914e+02 1.101045485824589605e+02 9.032674353584515359e+01 8.624422643413656431e+01 9.032674353584515359e+01 1.101045485824589605e+02 1.075663801844223002e+02 8.775205593400200144e+01 7.629979386286741772e+01 9.612657474463163965e+01 9.851790596157947277e+01 7.869032338732276344e+01 6.727020963247294105e+01 7.869028219874395802e+01 9.851289272386323148e+01 8.331004132424476438e+01 6.357211010527381490e+01 8.331004132419248265e+01 9.051135927847252560e+01 9.375764340329448032e+01 9.231472416367013523e+01 9.445485354751211560e+01 1.112993193727641028e+02 1.226482196126179502e+02 1.185293293073484335e+02 1.096784411880411056e+02 9.311886480897229035e+01 1.044462238002545007e+02 1.125999248201722764e+02 1.110732283877888875e+02 9.427635510874898728e+01 7.441601008034686515e+01 8.023296371473671229e+01
