MOVIE_S9_data/elevation_000669.asc
nrows	100
cellsize	150.0
xllcorner	0
ncols	100
yllcorner	0
NODATA_value	-9999
[rows 34 to 50 of 100, columns 37 to 73 of 100]
8.334246119124300378e+01 1.002652500013528964e+02 9.049683520148327887e+01 7.055469909615671043e+01 7.983731507769090285e+01 8.817256351710632600e+01 7.980977775624072024e+01 5.996440027651586746e+01 5.731272171521697345e+01 7.618652412027218190e+01 7.034473782820847987e+01 9.028984381505779311e+01 1.020787771866459792e+02 1.000806218348791390e+02 8.047769755448146611e+01 9.027915969468020307e+01 9.840529676565326156e+01 8.133923661472701383e+01 6.144964365900010961e+01 7.070779044942756286e+01 5.589095659546050854e+01 5.982530915989021025e+01 3.929472130736304791e+01 3.721412409584160486e+01 5.600046263311242711e+01 4.448932867176905148e+01 3.480244976268210877e+01 3.536269201637824011e+01 3.659693369380347860e+01 3.784054695864832496e+01 5.881663259593219806e+01 5.500591307170375899e+01 7.529125786926238106e+01 7.716682815625760838e+01 7.191353664296255488e+01 6.891275424738589095e+01 7.020191676500348876e+01
1.035016227448735577e+02 1.119402472853049204e+02 9.887762223557861319e+01 8.200576600846713404e+01 9.887762223557861319e+01 8.871428808577256575e+01 6.880319768259045077e+01 7.980977775624072024e+01 6.260857277424492651e+01 8.244973058664521659e+01 9.028984381505779311e+01 9.866730048591617219e+01 1.093132488347906559e+02 1.011829982081980006e+02 9.027891697854349218e+01 7.056874240759323413e+01 8.223226077879805018e+01 8.895381757062682482e+01 7.070780198576665043e+01 5.059380175193430063e+01 4.401322675234280979e+01 4.198370843171809241e+01 5.889064820819641000e+01 5.291747099674722676e+01 6.685177624765073290e+01 5.100325507626660482e+01 5.536373527058252364e+01 5.593981237192210187e+01 3.624189679513036566e+01 5.156628028152161392e+01 6.508101074277506370e+01 7.529125857601916039e+01 8.362007295332874435e+01 9.510930683988070200e+01 8.985009349133942180e+01 8.889858722471316810e+01 9.015008511432425564e+01
1.180682066250241746e+02 1.122133167167418293e+02 1.105174812350054339e+02 1.020958514244346702e+02 1.029257788919194070e+02 8.282769585232587417e+01 7.869374667902198439e+01 8.908504628201946218e+01 6.917909919589868650e+01 7.877262159723093760e+01 9.881098932167380156e+01 1.092835462293985387e+02 9.798424595929444081e+01 8.160846499922239161e+01 8.601173128397057610e+01 8.223040904818854813e+01 6.238110041653942517e+01 6.919566626079353000e+01 6.736092037455827608e+01 4.714423893277792388e+01 6.434719544379909451e+01 4.633623132916546439e+01 6.658495361968313375e+01 7.597200771866612001e+01 7.948408243243085280e+01 7.124910239779008236e+01 6.575152106699647447e+01 4.521837548284803177e+01 5.687501896844869265e+01 3.713967725130038389e+01 5.780542070200258564e+01 7.380394117857902359e+01 8.214709179363656233e+01 8.519557014141871321e+01 7.687254990974160762e+01 8.245930686751094640e+01 8.881492249753712542e+01
9.810186291828543403e+01 9.225670737016352518e+01 1.063761761871582792e+02 1.129032874350129845e+02 1.113495565932744285e+02 1.029257788919194070e+02 9.019472700837610546e+01 9.746229874522605030e+01 7.801396392677889935e+01 9.746229874522605030e+01 1.072199684332793623e+02 1.011722285952149321e+02 8.160824679717474339e+01 7.017974701564315865e+01 6.630494134947481655e+01 6.262334720354275674e+01 7.494793115762004732e+01 5.500747261812053779e+01 5.031364010830019851e+01 6.736092037362642770e+01 7.097057192543456949e+01 5.087314436367736903e+01 6.515751015142633662e+01 8.500454449916063027e+01 9.007082160996277764e+01 6.998040414755502070e+01 5.563825874799685778e+01 6.497801372309751855e+01 4.946457433955658445e+01 3.778284975635575904e+01 5.846422071183463487e+01 5.345614179901708951e+01 7.377103015849013445e+01 6.967956792816541167e+01 5.652445344524724646e+01 6.231203045918826433e+01 6.871176393857859921e+01
9.288286118148178616e+01 7.816558796484049765e+01 9.660778093183529336e+01 9.294544941851786746e+01 1.129032874350129845e+02 1.188459207897870442e+02 1.104008264367899415e+02 1.064566731430810194e+02 9.211619594298517200e+01 1.064566731297764477e+02 1.104219514561248445e+02 9.086222050724036592e+01 7.701611843326857354e+01 8.414587446558509498e+01 8.608604873940319635e+01 7.743901069224656908e+01 5.749834924184609974e+01 5.396996143186520101e+01 7.038871694383820454e+01 6.676755195729860759e+01 7.630773347293499853e+01 5.633790354432709080e+01 6.733132496154381386e+01 8.716336396272529896e+01 9.007082160996277764e+01 6.998040414755502070e+01 7.586475118542563223e+01 7.625087091816111240e+01 6.547574385618580095e+01 5.846100105029359639e+01 3.871518654363772072e+01 5.862901848211320299e+01 6.342887153266804745e+01 4.901975073571972530e+01 6.967956792816541167e+01 8.245930686751094640e+01 8.881492249753712542e+01
7.294829605905211167e+01 7.003004173972112767e+01 7.667317638730145291e+01 9.076338278135055759e+01 1.107174062106438157e+02 1.111702317543869185e+02 1.092674289519390385e+02 1.175516196834951188e+02 1.123472690096691906e+02 1.155609074400238256e+02 9.597091549360320073e+01 8.472268283557913549e+01 9.659113306444268687e+01 1.037130190900178093e+02 9.644853443281490968e+01 7.939451075025461080e+01 5.947724231766017056e+01 7.399249307036257051e+01 8.220359961654675374e+01 8.082348591567949825e+01 8.204286029321414730e+01 6.217579821206531676e+01 8.204286029321414730e+01 9.535949296747843107e+01 9.837424833682652547e+01 9.007082160996277764e+01 8.764918908124980135e+01 6.748852296016792707e+01 6.340141680415098335e+01 4.287602551418832775e+01 5.935657916924680677e+01 3.969763113851427505e+01 4.321054150857399634e+01 6.345101937682768067e+01 6.597113844785266679e+01 8.029548385535267130e+01 1.003849779816513177e+02
6.297771431970429035e+01 7.707561876401905465e+01 9.660778093183529336e+01 1.048811682871174611e+02 1.053358081917101572e+02 9.121605467321016647e+01 8.931713843456788027e+01 1.060249409814865942e+02 1.201456128573627780e+02 1.236773801375422437e+02 1.107683698805190460e+02 9.121512118796560742e+01 1.107683698805190460e+02 1.021595708270861280e+02 8.247038294002355485e+01 6.846434175986929915e+01 6.468332570682055405e+01 7.874784320914018565e+01 9.843905493481226188e+01 1.005583412322817907e+02 8.950442009267850096e+01 6.976298847065874043e+01 8.204286029321414730e+01 1.017621700286775734e+02 1.017934355969205740e+02 9.193535113996955488e+01 7.179782058238431830e+01 6.748852296016795549e+01 4.713439376500149791e+01 6.340141680415099756e+01 6.865704460182469404e+01 6.036300262862491195e+01 4.070937557921886452e+01 5.539937787898498556e+01 7.566580502116292450e+01 8.879680415038136232e+01 9.711840304190735651e+01
7.716001295976595031e+01 9.118187106119667362e+01 1.052881236280431381e+02 1.012380962393726236e+02 9.296563960219771161e+01 7.712992912395772294e+01 7.781748305910571162e+01 9.190426910561043883e+01 1.075422162992487785e+02 1.190703169247206574e+02 1.188890773257888895e+02 1.009502958046904268e+02 1.188890773257888895e+02 1.021595708266899294e+02 8.247038294002354064e+01 8.247038294002354064e+01 7.467123750100647328e+01 7.467123750100648749e+01 8.604581478833198105e+01 1.057168767407745662e+02 9.768833020264494849e+01 8.119733943850501134e+01 9.768833020264494849e+01 1.017934355969205740e+02 8.170155626673563631e+01 8.469925923186087857e+01 7.179782058238431830e+01 5.155739738993228372e+01 6.748852296016795549e+01 7.524009531250693783e+01 6.640378155149215900e+01 6.132744113047971979e+01 4.143036731600621891e+01 6.202595138138293862e+01 7.455318995949896532e+01 6.865386966547895042e+01 8.879680103691178772e+01
8.542472159014583610e+01 9.001763420405490024e+01 9.828467227267574913e+01 8.972479988100552362e+01 7.303639482866400101e+01 6.716990354342532044e+01 7.269634743517771369e+01 7.933378849487047546e+01 9.083235268885506741e+01 1.107848385054270892e+02 1.287001227201131144e+02 1.205864439563476651e+02 1.287001227201131144e+02 1.104266860189417230e+02 1.021595708266663962e+02 1.021595708263979816e+02 8.604581478833196684e+01 8.604581478833198105e+01 1.025899469664430796e+02 1.140037098167718312e+02 1.090654309004917621e+02 1.008521032975659324e+02 1.061183756628308714e+02 9.452211436115752008e+01 8.538848481941217017e+01 6.522697609211434155e+01 5.617302522925407970e+01 7.179782058238431830e+01 7.981214991800686676e+01 6.745064112537008327e+01 4.742794440270842671e+01 4.486593638351899216e+01 4.215518417023542241e+01 6.272397571207436329e+01 5.431362537486796782e+01 7.455359371153141979e+01 7.766068453665621973e+01
8.677260121520136238e+01 7.008597428703430410e+01 8.474035198841372107e+01 7.647673975495990817e+01 6.152850471732842408e+01 7.562135728338333251e+01 9.262143979710810981e+01 9.262143979710810981e+01 9.341971184471339029e+01 1.133776802374083559e+02 1.190745951209079720e+02 1.107633275336423253e+02 1.107633275604038516e+02 1.107633275267684780e+02 1.190745934141935720e+02 1.140037098167718312e+02 1.057168767407745662e+02 1.057168767407745662e+02 1.140037098167718312e+02 1.276391224353589990e+02 1.075904801666943911e+02 1.075904801666943769e+02 9.781156455064812860e+01 7.771345254974852423e+01 6.604579028242172001e+01 6.140252919298772127e+01 7.637198401049195695e+01 8.469925919840684969e+01 7.147549484710066281e+01 5.117643220772892221e+01 6.745068325840462364e+01 5.885884554631061860e+01 6.263957535207046590e+01 4.321983001035149385e+01 6.373480426997744530e+01 6.547487066247616383e+01 5.089183421654941952e+01
6.731716662256076233e+01 5.856964105938485687e+01 7.196091566898526537e+01 5.653540139745800985e+01 6.805333223847578950e+01 8.798332840890607542e+01 1.038282425560659732e+02 1.125783225430418071e+02 1.133776802374083559e+02 1.216647207537840956e+02 1.107633275328344524e+02 9.058970689994362147e+01 9.058970689994509939e+01 9.058970689994315251e+01 1.107633275263927288e+02 1.120799195447712577e+02 1.037564054246953731e+02 1.120799195447712577e+02 1.184828374737356143e+02 1.217642647342789957e+02 1.017195063686463783e+02 8.754489983453628099e+01 8.042766900617326087e+01 7.369443254978688174e+01 7.151698628994208207e+01 8.158240572712459482e+01 8.990264446794198250e+01 8.872960189266670739e+01 6.851182803054997805e+01 5.405109009001797205e+01 7.441475389330068424e+01 7.926293633668890948e+01 7.174884433109069448e+01 6.024993453209363281e+01 4.429159138299799281e+01 4.505810683270050987e+01 4.582458366734104516e+01
4.734008938227254504e+01 4.962659700987259015e+01 5.200514602000191644e+01 7.196091566898937231e+01 8.474029510116683639e+01 9.625269275885595732e+01 9.889057717774906564e+01 1.071650719987266882e+02 1.186912652435622277e+02 1.184122999731526136e+02 9.827121568734983725e+01 9.649842357731589004e+01 7.632395028666152825e+01 9.649842357812421767e+01 1.103040311057174279e+02 1.020027526811040417e+02 8.357738744698166045e+01 1.020027526811040417e+02 9.832801080714945385e+01 1.125526090193701947e+02 1.158959985243581627e+02 1.075904801666943769e+02 9.381142118462452117e+01 8.793612151328088089e+01 9.164782516430719284e+01 8.316253285297671027e+01 1.032389500201212797e+02 8.904498698484822228e+01 6.896198167524680400e+01 5.718067865732341915e+01 7.747477326153824606e+01 9.201522467806115912e+01 8.436232113912402042e+01 6.942311318526131458e+01 4.913373732278853367e+01 6.547021337267126739e+01 6.554810310530289996e+01
6.731716662256573613e+01 5.490789618513439763e+01 7.195642959079627587e+01 5.735032401322839490e+01 7.728993940970681820e+01 8.738223116845921368e+01 7.895753717802466554e+01 9.045797228676035218e+01 1.104097296753250816e+02 1.125290525396267753e+02 9.236542629880429445e+01 7.808808504423122088e+01 7.071024802063674031e+01 8.180374220579325595e+01 1.019807006068783011e+02 9.366689643583850966e+01 7.348141137048681060e+01 9.366689643583850966e+01 8.405017058886727455e+01 1.024754752720898665e+02 1.018999600579447105e+02 1.102237243547440499e+02 1.138683370809373372e+02 1.079956493341882720e+02 1.032389500201212797e+02 1.032389500201212797e+02 1.115453189150438646e+02 9.724876901400264728e+01 8.222634898030143802e+01 6.205104877244096429e+01 6.352947715748148738e+01 8.369944962491402407e+01 7.732799456371351710e+01 5.694925261341558809e+01 6.948467336827650342e+01 6.948461738458556169e+01 7.661841137210232944e+01
8.038702930070517993e+01 6.045053114235037839e+01 8.038482005459870550e+01 7.728993940970681820e+01 6.299740119660461346e+01 6.745709080562430415e+01 7.741692460789141705e+01 8.891621338092494398e+01 1.088649409760807316e+02 1.116133089877796465e+02 1.015360693801602707e+02 8.550628306087970998e+01 6.527852795581470957e+01 7.966703313225342242e+01 8.801738173782858610e+01 8.693840141405463839e+01 6.671991828668789992e+01 8.693840141405463839e+01 7.394825921123576506e+01 9.414069665639631523e+01 8.171628510629464870e+01 9.858561101606210286e+01 1.077812485648488092e+02 1.160949854999053343e+02 1.232913313954887258e+02 1.169204577423259366e+02 1.068850703745471264e+02 8.958231984658361569e+01 6.945133937857440287e+01 8.223152510856728270e+01 6.830928089016163085e+01 8.844563342717344767e+01 8.344316522066887387e+01 6.316143874023861571e+01 8.344316521511541396e+01 8.964717870307239878e+01 9.045345175525071113e+01
8.668923023689566776e+01 6.675992110235453936e+01 8.668923023689566776e+01 9.119179976061904824e+01 7.450343345059890510e+01 8.154270331864769616e+01 7.895753717802466554e+01 9.889057717850279516e+01 1.171457046755347733e+02 1.032892330563917369e+02 8.311057123115442380e+01 7.301247970809788512e+01 6.583810557299496224e+01 5.939606407043399372e+01 7.495412855607239067e+01 8.110182807595906240e+01 6.084159343538446052e+01 8.110182807595906240e+01 6.628289607529326588e+01 8.650867222986619254e+01 7.003443626900228480e+01 8.955693680864295914e+01 8.761117307033778445e+01 1.031511774496661502e+02 1.114736920428019573e+02 1.085962830422064513e+02 8.853609590396533235e+01 7.847764628723120950e+01 8.109443930679164225e+01 9.347421053699522986e+01 7.335990206540344616e+01 9.347421053699522986e+01 9.056895892704672235e+01 7.041417123090057828e+01 9.056895892704673656e+01 9.837505072092413627e+01 8.207664506327705567e+01
9.496033114686819943e+01 7.567121687060271995e+01 9.496033114686819943e+01 1.027050694426636284e+02 9.443341393466822353e+01 1.014800985013296213e+02 9.889057717850279516e+01 9.522770091821320193e+01 1.151885075277455570e+02 1.116133089877796465e+02 1.015360694127339087e+02 9.319990214377065740e+01 8.606257049426444894e+01 6.903082546495291183e+01 5.466432304247544494e+01 7.052653000357639712e+01 5.558471884723449818e+01 7.587065798325134836e+01 5.950200298970121082e+01 7.256995874563943971e+01 6.095051294752371263e+01 7.110278289100331506e+01 8.888367553119553577e+01 8.297388273538086878e+01 1.031511774496661502e+02 1.169204577423259366e+02 1.068850703745471264e+02 9.008702672874694883e+01 9.529876013641109012e+01 9.904304524321497638e+01 7.896432613200006756e+01 9.904304492875621690e+01 9.885921530111859568e+01 8.210929099756617688e+01 9.885921288653410954e+01 8.997642853592789436e+01 6.983586637532549446e+01
1.038810699731499056e+02 8.975861537140578150e+01 1.038810699731499056e+02 1.057945538890752175e+02 9.938806981233160798e+01 9.111429719554045903e+01 9.938806981233160798e+01 1.151885075277455570e+02 1.167220367920159134e+02 1.066694241024109147e+02 9.834156707577437828e+01 1.066694241024109147e+02 9.759330670281723030e+01 8.331206608388497159e+01 6.459722656289926590e+01 5.025193738352877659e+01 5.067469804051663118e+01 7.095059440579171905e+01 5.308074322183448857e+01 5.229125022197731454e+01 5.736203917719196710e+01 6.280416205758820070e+01 6.867614341576559411e+01 7.879295083093765584e+01 9.306754524244618665e+01 1.132348096568861848e+02 1.184740062255496582e+02 1.101489411846754223e+02 1.153682591013561307e+02 1.053822536154695939e+02 8.533591659673649588e+01 1.053822536154695939e+02 1.104150222699552586e+02 1.021250814164474860e+02 9.947318419210743912e+01 7.932752294695119133e+01 8.997642853592789436e+01
