MOVIE_S9_data/elevation_000695.asc
nrows	100
cellsize	150.0
xllcorner	0
ncols	100
yllcorner	0
NODATA_value	-9999
[rows 34 to 50 of 100, columns 0 to 36 of 100]
2.064481644892168788e-02 2.001236249640301779e+01 3.666686009084669706e+01 4.550821404928056779e+01 3.678632306181324196e+01 4.262893904746040619e+01 3.888899856471067551e+01 3.888899856471068261e+01 2.906185391543491647e+01 4.871614321398642744e+01 4.734802452758513880e+01 2.742972155012124347e+01 4.734802388633680437e+01 5.035588200118008473e+01 5.863313470855528209e+01 5.588283035843007696e+01 6.135216140231975857e+01 4.187269887533954460e+01 5.371168761111243128e+01 6.153242612727692062e+01 7.125842553870576523e+01 5.146837942454475723e+01 6.603517211583030644e+01 7.018161000151431494e+01 6.654012016725971534e+01 8.351152776453992033e+01 9.342521538176374918e+01 9.481660986967817450e+01 9.010400519780669981e+01 7.185194111477201773e+01 7.526968142234733250e+01 9.196965763995588361e+01 1.019495369631610089e+02 1.040379478699489226e+02 9.216591520048015695e+01 7.217537455169023985e+01 7.617001063857924237e+01
2.905961989428186565e-02 1.157606500368689950e+01 2.571820062741810275e+01 4.571820062741880974e+01 5.673426179765813515e+01 6.255545919064088878e+01 5.867119194224633816e+01 5.698227972265712538e+01 4.034783202012275893e+01 5.698227972265712538e+01 5.564419789141498995e+01 4.734802452758513880e+01 3.443918279324480380e+01 5.440810440656513691e+01 7.342956479381682300e+01 7.585953922291263041e+01 6.877820779091562997e+01 4.921977046017128998e+01 5.557552359416086318e+01 7.529819874369420063e+01 7.970596577309962072e+01 6.299069574388781945e+01 6.558975428214364456e+01 8.559575508099391072e+01 8.638438166747951641e+01 9.456618355126801134e+01 8.895260333523928864e+01 7.484194906552021109e+01 8.184482139529552569e+01 6.183767149937926888e+01 6.370921396785027468e+01 7.372217558371387724e+01 8.786356755633842397e+01 1.077996369934897984e+02 1.003971824324415962e+02 8.219768089025465940e+01 9.613971553873034281e+01
3.542675937824442400e-02 1.417756238310932027e+01 3.417756238311002193e+01 4.267287008515592106e+01 5.095714133261812151e+01 5.171981064703025766e+01 6.000408189449245810e+01 6.065074218235183423e+01 6.014746889157784437e+01 6.845835106800829806e+01 6.858836321221059507e+01 4.853444889130624773e+01 4.593311958412095919e+01 4.507495401446004024e+01 5.664366153536059301e+01 7.671227303803900099e+01 7.714813419254930693e+01 5.885761326410526095e+01 7.529819874369420063e+01 8.366350089053645434e+01 9.123779627584387697e+01 8.300414870787575694e+01 8.559575508099391072e+01 9.382217726405542635e+01 9.770130051184405318e+01 8.944905081383548406e+01 7.895772264359099779e+01 6.068281167837924528e+01 6.837829615947529760e+01 5.425958267602437957e+01 6.244428620817923559e+01 7.245815210983063537e+01 8.660182797738586657e+01 1.065423800137738084e+02 1.103508203411513335e+02 1.021341495107055408e+02 1.103508203411513335e+02
3.411803931810562102e-02 2.003411803931775026e+01 2.727686290676531300e+01 2.267287008515521762e+01 3.538987902847544831e+01 3.171981064702955422e+01 4.650860655862038584e+01 4.065074218235113079e+01 5.479287780608257918e+01 7.479287780608399316e+01 7.689060965512479129e+01 6.858836321221059507e+01 6.010903696122834106e+01 6.512565478470563107e+01 7.342956479381682300e+01 8.501012501649594810e+01 8.715155225657686344e+01 7.876027316503181908e+01 8.715155225657686344e+01 9.004843651795870585e+01 8.178790751457715658e+01 8.437827524002838686e+01 9.263723727685699316e+01 8.883985574835897125e+01 8.057936088587086942e+01 6.946174183574437677e+01 7.068760172076807180e+01 5.065018604602518337e+01 4.833310271376644351e+01 5.992065720500873738e+01 7.993164582731347423e+01 9.070876073856467769e+01 1.006903500410463153e+02 1.007735665738100579e+02 1.089262053236233783e+02 1.085888778176676368e+02 9.882319220684988181e+01
3.327314952832965272e-02 3.625379190063835466e+00 7.276862906764958616e+00 1.112586470136249694e+01 1.538987902847474309e+01 2.073510386672332473e+01 2.650860655861968240e+01 3.650860655862003057e+01 5.065074218235147896e+01 7.065074218235290004e+01 7.796024016475445251e+01 8.617379448801806063e+01 8.017133827802878443e+01 7.912481932808505292e+01 8.010137891122555232e+01 7.350456062813042024e+01 8.169254566442194232e+01 8.779754733852834647e+01 7.953318822605399419e+01 7.851314641101811276e+01 6.179286172095889640e+01 6.438905554517917551e+01 8.437827524002838686e+01 8.057936088587086942e+01 6.056676286277322419e+01 6.642831711457805000e+01 5.309885955831612847e+01 4.303369225728152969e+01 6.311417046479704140e+01 7.665065218186215645e+01 8.819264139575598449e+01 9.510511846588420326e+01 8.699238423741600457e+01 8.128403160814495720e+01 1.007735665738100579e+02 9.877626535432749222e+01 8.340905414777496674e+01
6.779948344387334846e-02 2.006779948344351894e+01 2.727686290676531300e+01 3.112586470136285399e+01 2.693688441226746377e+01 4.073510386672403172e+01 4.650860655862038584e+01 5.479287780608258629e+01 6.479287780608393632e+01 7.161897177406153503e+01 5.799797382712037574e+01 7.467106387079022056e+01 7.323818273025840142e+01 5.913612831606552334e+01 6.030584228685494708e+01 5.369634975682089362e+01 7.026314654565248929e+01 7.953318822605399419e+01 5.952747115510645415e+01 6.538701002268744844e+01 5.020728309923936195e+01 6.356493599519497906e+01 8.356228078762435985e+01 7.826124396927716020e+01 5.823579034432343349e+01 4.636080682336279324e+01 5.582231942842162198e+01 3.990500865231376793e+01 5.154537875809104719e+01 7.158633947088954130e+01 8.592735004243175467e+01 7.783743925192599988e+01 6.757181319552692855e+01 8.128403160814497141e+01 1.007735665738100721e+02 9.204917426242954548e+01 7.331738591785892822e+01
9.516927588586144779e-03 1.415165255131941180e+01 3.415165255131869770e+01 4.480729219531482244e+01 4.693688441226817076e+01 5.522115565973036411e+01 6.003754689861271743e+01 6.838869486072938741e+01 6.570384310655967397e+01 5.156224709936571315e+01 4.631422197452832279e+01 6.570384310668273997e+01 6.326214900959215015e+01 4.502169835734336800e+01 4.625868571452313915e+01 4.220389065377850102e+01 6.139003073887027995e+01 7.283937126098807369e+01 6.538700947507220462e+01 4.531921764857990098e+01 4.348601345734083168e+01 6.356493599519497906e+01 7.784146590502828644e+01 7.175071060217457841e+01 5.823578609196902534e+01 3.810551426839891320e+01 3.566955757585605369e+01 4.734137110183678487e+01 6.740751029071680023e+01 7.985567799232822495e+01 7.783743925192599988e+01 5.832910198104000443e+01 7.783743925192599988e+01 8.041651963128687441e+01 8.853804428259277870e+01 8.782873259472430050e+01 7.120980859425039000e+01
1.945935296826603253e-02 7.578748813152842878e+00 1.652302072315215753e+01 3.066515634688336078e+01 5.066515634801282886e+01 5.679673217659043161e+01 3.999430116720576223e+01 5.679673217659043161e+01 5.556161854387831056e+01 3.701730004804763041e+01 3.701730004804763041e+01 5.743672574819259324e+01 5.496015349611125345e+01 3.512154977270927247e+01 3.463669553710531801e+01 3.314908581647852515e+01 4.479432921421027203e+01 6.464605942397534477e+01 5.780218885183158051e+01 3.767874413290115143e+01 3.787416668903809125e+01 4.952286070908780147e+01 6.957062966058056475e+01 6.347218835017647365e+01 4.337665318017973703e+01 3.168720295902076245e+01 5.187003766153625861e+01 6.411172165010985680e+01 7.568155208619884888e+01 8.638960195293843469e+01 6.692155905766867363e+01 5.300850495815999608e+01 7.262361680526261409e+01 6.088693096359284596e+01 7.638961999260723701e+01 7.239505002851890936e+01 7.365080946530858341e+01
5.600688922766024203e-02 2.005600688922730512e+01 3.586302007499926958e+01 4.480729192534393945e+01 4.611183036167384586e+01 3.780803213259639506e+01 2.852713923910482308e+01 4.846557358015113692e+01 4.722701289812011538e+01 2.625000415522868380e+01 4.127741640737939122e+01 6.159060943671362764e+01 5.279613254901223485e+01 3.395880874699646768e+01 2.441366024150532610e+01 4.464146111125389638e+01 6.139003073839277391e+01 6.311220925383196345e+01 5.109438668011694062e+01 3.092975889726991312e+01 4.570503809124087269e+01 5.401221401618253282e+01 5.663299746623754771e+01 5.382290768366290479e+01 4.601576137730859983e+01 2.921682723360025236e+01 4.351714619021607433e+01 6.361718706993529082e+01 8.059844247303688292e+01 7.726830518397186154e+01 6.691185056541330312e+01 4.828290827691188980e+01 6.179435364999859104e+01 4.935118786528840928e+01 6.160130569311809978e+01 5.201870837263676606e+01 6.418255825644902757e+01
8.215197286175310309e-02 1.998515720912381255e+01 3.541995951294030931e+01 4.524492065929214135e+01 3.772922282899327229e+01 1.699040251442017180e+01 2.898780290609873589e+01 3.747728471521742222e+01 3.527371209007518615e+01 2.097728489261122675e+01 4.213909731704722361e+01 5.434564793289934670e+01 4.606516219457336803e+01 4.041697587952369020e+01 2.029426981266896490e+01 4.041697587952369020e+01 5.737230350326016293e+01 4.337106585949303650e+01 5.737228106500618452e+01 4.570512398765933426e+01 2.553814220849135808e+01 4.066541888588704978e+01 3.592661210066130906e+01 4.183790215976409854e+01 2.583601057469146411e+01 4.601576137730859983e+01 5.754607753723827557e+01 6.872347297776236985e+01 6.147686744814360793e+01 5.486645570542668082e+01 5.405556800575856613e+01 6.150112325688426296e+01 4.190636428554400794e+01 3.991023283372895492e+01 4.159367764397460121e+01 4.328962254446037861e+01 4.648456642874052847e+01
2.613274238814250472e-02 9.759280868927854513e+00 2.212385077343888895e+01 3.163362083471421826e+01 2.472909879119831800e+01 2.407801761274043528e+01 6.554674091344412368e+00 2.807747820869300526e+01 1.431260640547562168e+01 3.527370421339382744e+01 4.306935470719351144e+01 4.570538698194963700e+01 2.592316994224317739e+01 3.158286015394138602e+01 1.658097930835696943e+01 3.668028317140125694e+01 4.907590876018296910e+01 2.942873627763965061e+01 4.907590880392079669e+01 4.748980672992920660e+01 3.900991453842130596e+01 2.052426591646536735e+01 2.153896540325332509e+01 2.256093051109574432e+01 4.268040983319094295e+01 4.552614087909825713e+01 4.080092534219588174e+01 5.494438734569336447e+01 5.852579308083157628e+01 4.252364448388568263e+01 3.327899508210035151e+01 5.349129239653230883e+01 3.757225463206694371e+01 4.922924083862820055e+01 6.160130569311809978e+01 6.327993052747407177e+01 4.615983133626822621e+01
7.532853315450405152e-02 1.681545049690711124e+01 2.084198445542506306e+01 2.223420508888210279e+01 3.278920994462513949e+00 4.014135616556314012e+00 4.758371610082591907e+00 8.640761155547707517e+00 1.933800187634055234e+01 2.818371356504914260e+01 2.292545482802858103e+01 2.962101039250529411e+01 2.469957462904821810e+01 1.150911548939711970e+01 3.144507222556523018e+01 3.360513158626037011e+01 3.445979602272269915e+01 2.187956322514495255e+01 4.162071738217392181e+01 3.789788534534100251e+01 1.915390494715952130e+01 3.927687061835726468e+01 4.168989723245796597e+01 4.269349794825780009e+01 2.418492793873464564e+01 2.534936380514055188e+01 2.652072744069669596e+01 4.670933614518379784e+01 4.958785530676676245e+01 3.118398342899610753e+01 5.078025714688877912e+01 3.541537548570826033e+01 5.553000804978166371e+01 6.585724221088869967e+01 6.915423085359104505e+01 7.428868431817352302e+01 6.611375474225042126e+01
6.101047412966256744e-02 7.869644827702905188e-01 1.513397195062439193e+00 2.241271720309279569e+00 1.821898673767742594e+01 2.382387833849236003e+01 2.479376704832550615e+01 5.829571387975239993e+00 2.587402939135790092e+01 7.987298287410427022e+00 8.755291778977960959e+00 9.558179145119911624e+00 1.036325366776042678e+01 3.042595320033382933e+01 1.269178555393123986e+01 1.352900984772667670e+01 1.436866110659028983e+01 1.523827772265402736e+01 3.531052093812022719e+01 1.780278230109998816e+01 3.789788537524674439e+01 4.759681252892145409e+01 5.865852098891576105e+01 3.847884001698569278e+01 3.579493367249242652e+01 4.552810710263523220e+01 4.613344051272449065e+01 2.819821079322104396e+01 2.940384065875147002e+01 4.959088970729156642e+01 3.477970649041422035e+01 5.492266779589996162e+01 6.374635280450889496e+01 7.838306789260815322e+01 8.890341734480901437e+01 8.844481494730308668e+01 6.874066918384563962e+01
6.842009524227352091e-02 2.006842009524191894e+01 2.183890356061828797e+01 2.231619121585123366e+01 1.209495031062958148e+01 3.087461202628408685e+01 3.343282531349704811e+01 2.275728852607614172e+01 6.903023202258882662e+00 2.611334676047275849e+01 1.147306826741021446e+01 2.962131241406907733e+01 2.000849687051776016e+01 2.470856402435282462e+01 3.283340279779395132e+01 2.772423367357445301e+01 3.435253425109743119e+01 1.730660236738430768e+01 1.646649479436518249e+01 1.866449948856167396e+01 3.876352285582039059e+01 5.031008737993334989e+01 6.696918531154724974e+01 5.861623090473496234e+01 5.013091263611403292e+01 6.000873430209809811e+01 3.990447136684495177e+01 4.839575697920233210e+01 3.418765980930280790e+01 5.423356516149686968e+01 5.494550848369404150e+01 3.846761295243717171e+01 5.012123271639809730e+01 7.015640130958557563e+01 8.064956833090577959e+01 8.844584031013967262e+01 6.874068995856848119e+01
1.934550753332892059e-02 1.001934162272719497e+01 3.000381991548977823e+01 3.884433882776439617e+01 3.090738670975746061e+01 2.541219233505522013e+01 3.584966876315277773e+01 1.583360104803558599e+01 2.695315857536750315e+01 3.436931888065851126e+01 3.149164277577181892e+01 1.538846089697969077e+01 2.957202603465803747e+01 4.470219899624773774e+01 4.472525069229502037e+01 4.792354402296436433e+01 4.110097674087178632e+01 2.061056403254653091e+01 3.652586187922079830e+01 3.876352285574758127e+01 2.187274832106650280e+01 4.200593512259963092e+01 5.365737626142155392e+01 6.292392903219234057e+01 7.123341992686098934e+01 6.842761419905396281e+01 5.160365463334990466e+01 5.922571102323296799e+01 3.926929744850300352e+01 5.922571102110494934e+01 6.684384622735456105e+01 5.858909132905514383e+01 4.234015863371961785e+01 5.240745326654464264e+01 6.658284818771177527e+01 8.653950128551453247e+01 8.269721251265248441e+01
4.364784840791047227e-02 2.004364784840755576e+01 3.001523488187863720e+01 4.999360001713673540e+01 4.411253977062206388e+01 4.411253977062206388e+01 2.737651112294194533e+01 3.585647521969955420e+01 4.416984713649094374e+01 4.723078968238719000e+01 2.722379000991170983e+01 1.824195855817034229e+01 3.828338844329259416e+01 5.772703818819772437e+01 6.476912332202347500e+01 5.870064044913063128e+01 3.859789780033285922e+01 2.421866527916413858e+01 4.448585496833677411e+01 5.031008896732288349e+01 4.200593512213509229e+01 2.521304272870617780e+01 3.683404019184312261e+01 5.659496540639829476e+01 6.875443599015082441e+01 8.003442939003308254e+01 7.175995134494596073e+01 6.473666518002917769e+01 4.488072285244478365e+01 6.473666517927777875e+01 7.949771704539996620e+01 6.521455380792106382e+01 4.520235321653564853e+01 6.525337804907806571e+01 7.103315218796102215e+01 9.095687716553769064e+01 1.023242555038680308e+02
5.219006137575642884e-02 2.005219006137540205e+01 3.729309424739375345e+01 4.884009963118646880e+01 6.347512954240283278e+01 5.575553521662413203e+01 3.894749822725924560e+01 5.575553521662413203e+01 6.342205450572631520e+01 4.359188509344352980e+01 4.137681296448209878e+01 2.132912541062390588e+01 4.137681335986860631e+01 6.022298995455880544e+01 7.011741041347347903e+01 5.524159403854741868e+01 3.511944875386336662e+01 4.448585496833677411e+01 3.014678402149224112e+01 5.030504312935208588e+01 5.365737790111045769e+01 4.536140546313327349e+01 2.874520317626506838e+01 4.041494347140994847e+01 6.048159419242330870e+01 7.351197284539307475e+01 8.349256420033995596e+01 7.098550708535346132e+01 5.122493392622244102e+01 7.098550708535346132e+01 7.137417824139477318e+01 5.126894304808203628e+01 6.512882339292389133e+01 5.101142689914004791e+01 7.103315218796102215e+01 8.354929397105388489e+01 9.060553206377500146e+01
