MOVIE_S9_data/elevation_000870.asc
nrows	100
cellsize	150.0
xllcorner	0
ncols	100
yllcorner	0
NODATA_value	-9999
[rows 51 to 67 of 100, columns 0 to 36 of 100]
6.455108993161302877e-02 2.006455108993125691e+01 3.379303174295232992e+01 4.209755368825855726e+01 5.081057974596916438e+01 5.909380676373050534e+01 6.059322694501295814e+01 6.887590447299028540e+01 7.117113672305191585e+01 5.095934849910068465e+01 3.659390904288058266e+01 2.647555553897642966e+01 4.673657661524724460e+01 5.082438312715606799e+01 7.104815622336631975e+01 7.170231205098278338e+01 7.196962018055928922e+01 5.155532847295405929e+01 3.712929892130320297e+01 2.994270972859341384e+01 4.496969421475861139e+01 4.376147209377782588e+01 2.592584879570306100e+01 4.626505530120096665e+01 4.004808521455591119e+01 3.538590079376495368e+01 3.915954656845863724e+01 4.313433284138020696e+01 4.744699297682670647e+01 5.236221647330737738e+01 5.849668728850399901e+01 6.530309964050789517e+01 7.555472561417228405e+01 9.603799447450636251e+01 1.122326056155084757e+02 1.039891484470478673e+02 9.822119259882309450e+01
3.995603441288197999e-02 1.418209165814395689e+01 3.418209165814466388e+01 3.489933126299535360e+01 3.081075098968392467e+01 4.426364903693842479e+01 4.059366015010921558e+01 5.765915001265583584e+01 6.594213930652315980e+01 6.524228426808586789e+01 5.511355273560702983e+01 4.080144884488034052e+01 3.167202285598854772e+01 4.342098412783331440e+01 5.776103083743934263e+01 7.794257544154677930e+01 7.044504463385491988e+01 5.003173824478824372e+01 5.488304068399415314e+01 3.447832396438109015e+01 5.488304068399415314e+01 5.471238173613385669e+01 4.626490427935690519e+01 2.844881345439554821e+01 3.031208543249021403e+01 5.073790961326159277e+01 5.747573010262314597e+01 6.349092531081441138e+01 6.783838461571272660e+01 7.279376237029778451e+01 7.896527324306212847e+01 8.579636004433932328e+01 9.422453413374159936e+01 1.044353914694754195e+02 1.038766556321906336e+02 9.238219088087176090e+01 7.831035201084765163e+01
4.804567899273937126e-02 2.004804567899238421e+01 2.900166974868851000e+01 1.489938800359176874e+01 1.926374580831149075e+01 2.426374580831063810e+01 3.058830112860758987e+01 3.765936893895185733e+01 4.920637229051553163e+01 6.920585911364264575e+01 6.942565662644457802e+01 5.596382861619994742e+01 3.565071582459294319e+01 4.585010215434056136e+01 6.017090452884601604e+01 8.033747094216857931e+01 7.044504463385491988e+01 7.044504463385491988e+01 5.983290192951247377e+01 3.942410118208897529e+01 5.983290192951247377e+01 5.902678218466670756e+01 3.861654693192632237e+01 4.882166892315303386e+01 5.073790968693461423e+01 3.352303369675306044e+01 3.704000703892942425e+01 5.747573012167600126e+01 7.109013608731663680e+01 7.651350874163661331e+01 8.297493980274707326e+01 9.021152543189445794e+01 9.862651988922976898e+01 1.103933896165469690e+02 9.564542723605488561e+01 7.572108212505216329e+01 6.413921039240692323e+01
9.707512844716031930e-02 2.009707512034478682e+01 9.001709757395934375e+00 2.314384433199350966e+01 3.926367322978147456e+01 4.426364903693842479e+01 5.058815960292461256e+01 5.765915001265583584e+01 6.594213930652315980e+01 7.748811063838859070e+01 7.214993035189246484e+01 5.196916891000078209e+01 4.021861674298057920e+01 6.049856230096466447e+01 7.443049150139054859e+01 8.647202931951974847e+01 9.084760223190794193e+01 7.650238363932089669e+01 5.608652140647713225e+01 4.558244628488606054e+01 6.598428894045788695e+01 6.747234380359583383e+01 4.881981099265202317e+01 6.747234380359583383e+01 5.701814023657461661e+01 3.657738549492203362e+01 5.701814023321457370e+01 4.227154175188978513e+01 6.265252512947897401e+01 5.612756295148784602e+01 6.254210070552828427e+01 6.974337034792874590e+01 8.157056291481742960e+01 1.020152997433708038e+02 9.391109082292224741e+01 7.397503685491386705e+01 6.238618716140280895e+01
5.001202446392439237e-03 3.656484919147492185e+00 2.365645560321689800e+01 3.728549942888018620e+01 5.142715452576684498e+01 5.552627799565963329e+01 5.081223307168350800e+01 5.837152231546270542e+01 6.665578069345082213e+01 7.665577334178435365e+01 8.050170548870502785e+01 6.885334620755754997e+01 5.196916891000078209e+01 4.891689689644631045e+01 5.797084458137464935e+01 7.221088609332385033e+01 9.238037531619107767e+01 8.493093141261992685e+01 7.278735784769318684e+01 5.237815112598731560e+01 7.278735784769318684e+01 7.767375274054387546e+01 6.325082215871373847e+01 6.662388172022588151e+01 4.624702689598175454e+01 4.016814315811726033e+01 6.056955839324013624e+01 6.265252511901161370e+01 4.784148618100876860e+01 6.221329368668316562e+01 8.262239554490422222e+01 9.021152543184052774e+01 9.862651988922976898e+01 9.629519323286216093e+01 1.021420011183737984e+02 9.064288611025962439e+01 8.170733332665227522e+01
5.279685921607564503e-02 3.067910304993705761e+00 2.306791028380196806e+01 3.571653660326572322e+01 4.966840769314420356e+01 3.552627863463661129e+01 3.081223342783366448e+01 3.837152288801742372e+01 4.837152288797543065e+01 6.251365848748923781e+01 8.251365466081030320e+01 8.050170548775554380e+01 7.214993035189235115e+01 5.903375592045397724e+01 7.745916334094287947e+01 8.647202931951974847e+01 9.147592125962404452e+01 9.735310039297417006e+01 8.122712905046195431e+01 6.256632270685299346e+01 8.122712905046195431e+01 9.209668332237384902e+01 7.752433980658672397e+01 5.713145004756083978e+01 6.422561883065598920e+01 4.386945934638726641e+01 6.422561883065598920e+01 7.589478400952091874e+01 5.551282323297375854e+01 6.069072257293777284e+01 7.511272316348954803e+01 9.554473353627395227e+01 9.044936966877988027e+01 7.636727742023479948e+01 9.044936966877988027e+01 9.419206748522042005e+01 8.423636857164807168e+01
5.738623160518319517e-05 2.000005738623125140e+01 7.432268109713535686e+00 2.743226804765029669e+01 3.535391598896087118e+01 2.138414301201320100e+01 2.805080967867975161e+01 3.561009913886402956e+01 4.561009913885401090e+01 5.975223474725147099e+01 7.975223169972915116e+01 8.860189279481033964e+01 8.753635327702193081e+01 7.918251462534010443e+01 8.753635327702193081e+01 8.562451121850888569e+01 7.146369176812486046e+01 7.732513807952349794e+01 9.143306293267748686e+01 8.300839298853342996e+01 9.143306293267748686e+01 9.196712958217560185e+01 7.154194040303414681e+01 7.752433980658672397e+01 6.806798570209136301e+01 4.773600549860472597e+01 6.806798570209136301e+01 8.433216254913521936e+01 6.567307780012325225e+01 8.109712044857791113e+01 8.952666064766508214e+01 8.708247074033647550e+01 7.883110138751318630e+01 6.219837499080934151e+01 8.151562073401167652e+01 7.424740522216771410e+01 7.424740522216771410e+01
4.532054705376769438e-02 2.004532054705341082e+01 2.743225994134929380e+01 1.202058278712473083e+01 1.535391612045803456e+01 3.535391598896087118e+01 4.805080939629046810e+01 5.561009868488795149e+01 6.389435866137548459e+01 7.389435224879252928e+01 8.267822181283440841e+01 6.845520295535250455e+01 8.267822181283440841e+01 8.619338654957421397e+01 7.564162239766822893e+01 6.735688788692074525e+01 5.738863769431791440e+01 7.732513807952349794e+01 9.158447230411404405e+01 8.329382289116891513e+01 9.158447230411404405e+01 1.003697278303291966e+02 9.196712958217560185e+01 8.970675085585757813e+01 7.213678212692684610e+01 5.179441491536383779e+01 6.615149879050566994e+01 8.657118059006060662e+01 8.013088183723179725e+01 9.454150552506253291e+01 9.293598336466115484e+01 7.298866797714470067e+01 5.883125579002025063e+01 5.324571042967468770e+01 7.325722844450048399e+01 7.251382975461990554e+01 5.424840311365184675e+01
9.001595176218035732e-02 1.423215158480982545e+01 3.423215920108054888e+01 3.202058267536329339e+01 2.949605174351188097e+01 2.478200653627850159e+01 3.234129599646278308e+01 4.234129599644557373e+01 5.648343160621735848e+01 7.648342884867533087e+01 7.367022830870199357e+01 5.419244519177475183e+01 7.367022830870199357e+01 7.789678995322441324e+01 5.794575579059758752e+01 4.743813346588544988e+01 6.735688788692074525e+01 8.562451121850888569e+01 8.156785135134890652e+01 6.325318990301209965e+01 8.156785135134890652e+01 9.158447466509228718e+01 9.573381822294929577e+01 7.527872620116315261e+01 6.084764743491842864e+01 6.350123786094017220e+01 6.192319443268714707e+01 8.234988743519204490e+01 1.005670271981709050e+02 9.583967994505745480e+01 8.459800182847276062e+01 7.611787861212614814e+01 6.618208839945842215e+01 4.620828826797823297e+01 5.888868780537863046e+01 5.552290406516234356e+01 4.429186198832451993e+01
5.674351268809080251e-02 1.419887913641916555e+01 3.419887913641986898e+01 4.887072391340740296e+01 4.949605103034745213e+01 4.478200628058554145e+01 5.234129558563326867e+01 6.062555533183370216e+01 7.062554881690422803e+01 7.552567944084447049e+01 6.533860172971255054e+01 4.520907855603329750e+01 6.533860172971255054e+01 6.304225801161481257e+01 5.476954462095451248e+01 4.167287212636272642e+01 6.160683877346735926e+01 7.195579957670435078e+01 6.511385510485759198e+01 5.328652425631903355e+01 6.325318990301209965e+01 8.329382290086599028e+01 9.573381822294929577e+01 7.527872620116315261e+01 7.527872620116315261e+01 7.794496187816901056e+01 7.636021521494978970e+01 7.636021521494978970e+01 9.681028448424453359e+01 8.759463399635008329e+01 6.731703880131554740e+01 5.554044335589060211e+01 4.950372586296867183e+01 4.377196467152950987e+01 3.897644266560587312e+01 3.562142009624052719e+01 3.728116745975703594e+01
9.518805923843161321e-02 9.039459969237510606e+00 2.058646535302982272e+01 4.058646516694181372e+01 4.677536309362979949e+01 4.677536277733069170e+01 5.501265751454299391e+01 6.502540961409772535e+01 5.914115935841603289e+01 5.545882249967772282e+01 5.897308758551576346e+01 3.887262616986825492e+01 5.879659221207265318e+01 5.425483266200790666e+01 3.481287582380591772e+01 5.476954462095450538e+01 5.817268169421897994e+01 5.200895399936754870e+01 4.522439136508236857e+01 6.511385510485759198e+01 8.156785070290864326e+01 9.158447142815796838e+01 1.041347755105520889e+02 9.573381822294929577e+01 9.573381822294929577e+01 9.838993194562111455e+01 9.681028448424453359e+01 9.681028448424453359e+01 1.052036527121949803e+02 9.134943379497234162e+01 7.006846707490275605e+01 7.570473342631190405e+01 5.943446764932386372e+01 6.372897338837413628e+01 5.888868780537863046e+01 5.089590314325169373e+01 3.093371367185658727e+01
9.062254805971975413e-02 2.009062254805936476e+01 3.732372819272064390e+01 4.091189569525043623e+01 2.681113489360468805e+01 2.681113489354784818e+01 4.677536277517138785e+01 4.517684559887548090e+01 3.939263745070594069e+01 4.154509810536647052e+01 5.337808671130576954e+01 3.331977871327351437e+01 4.603101484588175651e+01 4.341111714844876701e+01 3.054672435528948071e+01 5.029066169880327664e+01 3.477801868380876726e+01 3.801272267465079580e+01 5.785124980568859598e+01 7.024011018842992371e+01 7.732322621760334869e+01 8.561716094464986782e+01 9.563564840029053471e+01 9.928592650910435680e+01 9.095797012714528762e+01 9.095797012714528762e+01 9.095797012714528762e+01 9.928592650910435680e+01 1.056758480033262515e+02 1.006543502156721530e+02 8.984554517061816625e+01 8.258979771006146109e+01 7.792339782826000771e+01 7.704429998459457352e+01 6.898306543184413897e+01 5.915783609585250957e+01 4.690346524897179847e+01
3.063233560239582431e-02 2.003063233502268403e+01 2.327679078547591729e+01 2.463385606889139723e+01 1.267093038219680423e+01 3.265852185797896112e+01 4.414776455188575710e+01 3.593942516159939515e+01 2.558131770311968367e+01 4.517684559906317077e+01 6.018824036020207302e+01 4.016688716874292453e+01 2.601266202323763821e+01 2.464730850330580125e+01 2.742114775744662936e+01 3.030870696022652311e+01 4.410771926462414427e+01 5.614942137050679349e+01 4.459705791389966123e+01 5.028077267204782430e+01 5.728914868101207958e+01 6.729908673182713130e+01 8.734736578149427544e+01 9.095797012714528762e+01 7.103040312726874106e+01 7.103040312726874106e+01 7.103040312726874106e+01 9.095797012714528762e+01 8.561780902986087938e+01 9.986250864908805625e+01 8.773534131600538899e+01 7.804469336740454821e+01 7.001558115055142650e+01 6.336487092900083695e+01 4.899352675607923402e+01 5.460824895963826009e+01 4.604637839164592350e+01
5.666595628964066211e-02 2.005666593421991095e+01 3.273058846126387422e+00 4.633886481005925262e+00 6.004263900660993691e+00 2.600426755943690438e+01 2.943891849119965087e+01 1.623477529372591732e+01 3.018509095231511097e+01 4.983161685136336416e+01 4.687173571723551646e+01 3.858656889712780469e+01 2.142387611207376708e+01 4.143014509253098510e+01 3.897434706384250802e+01 5.031673964487302442e+01 4.495447055370285483e+01 6.379770184319092152e+01 5.861892600962923439e+01 6.080672097721542713e+01 7.024011018842992371e+01 8.561716094464986782e+01 9.563564840029053471e+01 9.017971365209960766e+01 7.686705236898335158e+01 5.708270568192860139e+01 7.315211628201838323e+01 7.887519412258320983e+01 7.154268742539984771e+01 9.149267262788480082e+01 7.970511249928641462e+01 6.032604980181636734e+01 5.006345048589970759e+01 4.298669880877829996e+01 3.686298251621841615e+01 4.631049466293562489e+01 3.064376718637338470e+01
2.110006612196471329e-02 1.357406275684087893e+00 2.134940680495050103e+01 2.463306425261301413e+01 7.999282828654990851e+00 7.999282572876268205e+00 9.438914074373668583e+00 1.090854469093000567e+01 3.089363352368738802e+01 3.462069623758215187e+01 3.621237734916216766e+01 1.858120998218101505e+01 3.858657769334882204e+01 4.971528560027653754e+01 5.897350832758323236e+01 6.725368410503176619e+01 6.511878580851683296e+01 7.334543718001182810e+01 7.862423633898809783e+01 8.081520249055257921e+01 8.910682934324508153e+01 9.856116679708949846e+01 9.362315961653378338e+01 8.187695614572615455e+01 6.206917179683381391e+01 5.149893106805767218e+01 5.345157784262563183e+01 5.905632447433734455e+01 7.044697601314156543e+01 9.041946023602349669e+01 8.773534131600538899e+01 7.804469336740454821e+01 7.001558115055142650e+01 6.326370798701110942e+01 5.012856506900576647e+01 2.944454999689407515e+01 2.554955858937643498e+01
9.367352646185668485e-02 2.009367352646150096e+01 1.549954514052336840e+01 3.549732578149895801e+01 1.954628894926824501e+01 2.799928667181914932e+01 2.943891849121261473e+01 1.348389637521462880e+01 1.306331909551306403e+01 1.462106643697619823e+01 1.620817271030936269e+01 3.621237734916216766e+01 2.311047507826957315e+01 4.311721128239348388e+01 5.257089782877261541e+01 5.756670283326608484e+01 6.290269132367468785e+01 6.996100918163298843e+01 7.824335972324979593e+01 8.823770582940916540e+01 9.041621194539963824e+01 8.213290223756833086e+01 7.372145004412243452e+01 7.969468088585041698e+01 5.990882490343189204e+01 4.622028696150121618e+01 6.570396794910193705e+01 7.887419451290665506e+01 8.718683352740984560e+01 9.883979272136839711e+01 9.735148520590901455e+01 7.394086366073223360e+01 5.745243901519165064e+01 4.689757359789950186e+01 3.918815399124638787e+01 4.392637216330619054e+01 4.081868625855001653e+01
3.648181865326004941e-02 2.003648181865290567e+01 3.549902331577110459e+01 4.377741769411561990e+01 3.368843889509732747e+01 3.587623837627642587e+01 4.197779241264485250e+01 2.174226125180294034e+01 3.304450460090343711e+01 3.462069623757791703e+01 2.175487822010401828e+01 4.174434628613207110e+01 3.846526453115109234e+01 2.783267087596484757e+01 3.256444837248213986e+01 3.758348281529210055e+01 4.293725057279672086e+01 4.999707149710332743e+01 5.996942620864651730e+01 7.995259215461939561e+01 8.213290223756833086e+01 6.234737763470355532e+01 5.979111319385008017e+01 7.638179479005158612e+01 6.236218671369433508e+01 4.301967506894610693e+01 6.236218671369433508e+01 6.895099066255410492e+01 8.877251607848158699e+01 1.021532091027303153e+02 8.487351680797843301e+01 8.526070746072429074e+01 7.477742709588632408e+01 6.598217148138346033e+01 5.807689990630706944e+01 4.856142816714753252e+01 3.330554156752104689e+01
