MOVIE_S9_data/elevation_000933.asc
nrows	100
cellsize	150.0
xllcorner	0
ncols	100
yllcorner	0
NODATA_value	-9999
[rows 17 to 33 of 100, columns 0 to 36 of 100]
5.222468517465790605e-02 1.419437966583139676e+01 3.419308815558066073e+01 2.977988722834208346e+01 4.727032962189836951e+01 4.563340522312555692e+01 3.025317331226640860e+01 2.999234077740090498e+01 4.049656874864916745e+01 3.206714231034365525e+01 5.201266439978188316e+01 5.263506754568846446e+01 4.013291627761718416e+01 2.076919936156007651e+01 3.442515828159807967e+01 5.391266304245479546e+01 5.092356970859195542e+01 6.681511067177748942e+01 7.777865220375809940e+01 6.225187907126070996e+01 4.233494846848812898e+01 5.229352688671280447e+01 5.726202239259496451e+01 4.599578181203587235e+01 2.614241560180559887e+01 3.312449816481979070e+01 4.674980725280089189e+01 6.607314249098445202e+01 6.147024513337387219e+01 4.160300889667429658e+01 4.524870671129685462e+01 3.042327953070535429e+01 4.436283464404407795e+01 6.425987347408876360e+01 6.120921268885403776e+01 5.296214669958542487e+01 4.820799766526686625e+01
7.333276091007127906e-02 1.421559123567637073e+01 3.422405682668844662e+01 5.080042273788047424e+01 5.570922360577129950e+01 5.817495112762519938e+01 5.028141183318633267e+01 3.865528932297025477e+01 5.595932180437350212e+01 4.362322377877499946e+01 6.019640304693793098e+01 5.696319100578746486e+01 3.743028145757985214e+01 2.382400758455077039e+01 3.743028145757988767e+01 5.696319100738708840e+01 6.951549234026599322e+01 7.777865218168149397e+01 7.853571245780781851e+01 5.859217103103915036e+01 5.640954779384522766e+01 6.310148568358980015e+01 4.316990521204359510e+01 2.914944975053810339e+01 4.599563651322765168e+01 5.240943189091714061e+01 4.674980725280089189e+01 6.607314249098445202e+01 6.978015362841088631e+01 5.603796997951862835e+01 3.620834075608298974e+01 5.019053080589118565e+01 4.436283459930122319e+01 6.425985834378346340e+01 7.126495914081587557e+01 5.181421127470179044e+01 4.032384046013160628e+01
6.343274376862209629e-02 2.006343274376826713e+01 3.398979043473149630e+01 4.263799663754867453e+01 5.443078023880534744e+01 6.356544691342910625e+01 6.517474408700260824e+01 5.698607796810740922e+01 6.517473686859391080e+01 6.347285340979463797e+01 7.163020473363056340e+01 5.767259976008769939e+01 3.809859479030879470e+01 2.705031564256689336e+01 4.637154272158787194e+01 5.615319426106776035e+01 6.363166465238035130e+01 7.176012955174228125e+01 8.161617930483234318e+01 7.853571245780781851e+01 7.635651447707373052e+01 6.725989475558883157e+01 5.118690263654248440e+01 3.132251310915909670e+01 5.118687822747909877e+01 6.290721574435398367e+01 6.607314249098445202e+01 7.435913498225318108e+01 7.450076064883231197e+01 5.452348663298201359e+01 4.050133788448799521e+01 6.037468687885548491e+01 6.425984864961952781e+01 7.257839369348535286e+01 7.924474795858374421e+01 6.804627825088263648e+01 5.937054243019192512e+01
3.497053469895897854e-02 6.701664408459209632e+00 1.377420058418057458e+01 2.538807375878933925e+01 4.616477123470446031e+01 4.032517878255797683e+01 5.571176561550822015e+01 6.513656330589925858e+01 6.242582436681193769e+01 6.607285520927923983e+01 7.406472341477584109e+01 6.580635210039768879e+01 5.449470748552212740e+01 3.809859479030879470e+01 3.222887675170527189e+01 3.656796199027665750e+01 4.384549183974507969e+01 5.373906084094746660e+01 6.778644111945662587e+01 8.737660908989958841e+01 7.666647570507807075e+01 5.899995761976121855e+01 3.908049770965829595e+01 5.118690259314382018e+01 3.476127244511324932e+01 4.621522347804508968e+01 6.032239266604316441e+01 8.028566127488457482e+01 7.669511230137415225e+01 5.670676457280468696e+01 4.645435433771289979e+01 5.670676454430131486e+01 7.669510594382765589e+01 8.792642186175361019e+01 7.905099651435725150e+01 7.084947657567917645e+01 5.947708846185733478e+01
9.635555453094322986e-02 2.009635555453058942e+01 3.398646818966506800e+01 4.256599998766697013e+01 4.324167139442682384e+01 2.483736904802204748e+01 4.423428398967966757e+01 4.185456135418458956e+01 4.447688581235070870e+01 4.742359307211936681e+01 6.439055750581179893e+01 7.236219411782906263e+01 6.580635204261736249e+01 5.767259975990106113e+01 3.942819875955665054e+01 5.615319426106776035e+01 4.569351384677029415e+01 5.971060713630532746e+01 7.941263689969116513e+01 8.252627368742388114e+01 6.256480639674411748e+01 4.844673285642349470e+01 5.899995761976121855e+01 5.719801025946458850e+01 3.728876028306470403e+01 4.875891908824492305e+01 6.287916693459739292e+01 8.284158283924909938e+01 8.504373521797877800e+01 7.270158174624094727e+01 5.272238287887313390e+01 7.270158174624094727e+01 8.504358984616256123e+01 7.974010619683816969e+01 5.986005788011287621e+01 5.091369303873496932e+01 5.123661225758247895e+01
8.845047570523793812e-02 2.008845047570488163e+01 2.515271349877641782e+01 2.784783230824170630e+01 3.018803748502797291e+01 1.474783018048813510e+01 3.485270048096242590e+01 2.619173503103665368e+01 3.193087554713154574e+01 3.882393453137432004e+01 4.595023582358085434e+01 5.648237701982140635e+01 7.519333294738707707e+01 6.723177514280197897e+01 4.919958005492770070e+01 6.723177514280197897e+01 5.971060713630532746e+01 5.971060713630532746e+01 7.941263689969116513e+01 8.252627368742396641e+01 6.256480639674411748e+01 6.841138480375067843e+01 7.426804021566516667e+01 5.986176893742050709e+01 3.992802001769869236e+01 5.986176893742050709e+01 7.208549085505218557e+01 8.033853481019669118e+01 9.185641093892479603e+01 8.103765509650426679e+01 6.163306473484737324e+01 8.103829960044656389e+01 8.687910698142745503e+01 7.541971542048196397e+01 6.350811321212799498e+01 4.352630511506968958e+01 3.455978534204336938e+01
8.023991185656004221e-02 2.620242465714376578e+00 5.180980293582800655e+00 7.830047173763147406e+00 1.057727225486116573e+01 2.933649361664567934e+01 1.933740738997300568e+01 2.566049682521602548e+01 3.228775937965940557e+01 3.919310120426688826e+01 5.769148836093557264e+01 7.236219411775557830e+01 8.331764735719909254e+01 7.709391011324959209e+01 6.898523050919678212e+01 7.709391011324959209e+01 7.941263689969116513e+01 7.941263689969116513e+01 8.749475964908563697e+01 9.076814501341462460e+01 8.252627368742396641e+01 7.426804021566546510e+01 5.427982830400138425e+01 4.673800559039995761e+01 4.435907329400055232e+01 4.694860626759857070e+01 5.209590086482419480e+01 6.364456721407191964e+01 8.361604982241080108e+01 9.001195258720053971e+01 7.577776149791171179e+01 9.001327225241533370e+01 7.869665349856786918e+01 5.880949205486783171e+01 4.724760353761435994e+01 3.828547719418309470e+01 5.457197774206114360e+01
4.598823041778624804e-02 2.004598823041743216e+01 1.932817234972394971e+01 2.198101044042369168e+01 2.213299745754358128e+01 3.799854245305623124e+01 3.904747926176845851e+01 2.874125912933859084e+01 4.823862566308364563e+01 5.769148836093557264e+01 5.095854619341257319e+01 6.380416734710519933e+01 8.249047681125887266e+01 7.747790535715942895e+01 6.919113267534086731e+01 6.919113267534086731e+01 6.919113267534086731e+01 8.919838283064930806e+01 9.248155940618377713e+01 1.007409187479258037e+02 8.837798241951976763e+01 6.842351079052855312e+01 7.337625409802912202e+01 5.338711050617123988e+01 6.432665621265887523e+01 5.100032522525185641e+01 7.098982170638147693e+01 6.152477845665190870e+01 7.566682904867472814e+01 9.559350545383630049e+01 9.584806115673350746e+01 9.050895453554326764e+01 7.906362194827021028e+01 7.086883301549276837e+01 6.105820164957042806e+01 4.106195752805236765e+01 5.516198632511245137e+01
7.340434288523949025e-02 2.007340434288488495e+01 3.934657520485151849e+01 4.201159322955500386e+01 4.217639038192861989e+01 5.048204711797794886e+01 5.626284034186885208e+01 4.259549967161002115e+01 4.259549967161002115e+01 6.186233696587953546e+01 6.927726067380548614e+01 7.719173250767850902e+01 7.949579588939995745e+01 6.592900767237084381e+01 4.918899893782035804e+01 4.918899893782035804e+01 6.333074134785031362e+01 8.333936889898252787e+01 7.247892533421189398e+01 8.920300825167022651e+01 9.661345875566590280e+01 8.837798241951976763e+01 8.092845806227825278e+01 6.094720452243659281e+01 7.598778701317905870e+01 5.599592578597413706e+01 7.014435070014549467e+01 8.150356571774787540e+01 7.417699163944794805e+01 9.411081905987687435e+01 9.750049966459435780e+01 8.233544806023731155e+01 6.247455621024617756e+01 5.091545066115910601e+01 4.673227662299469642e+01 4.524111731925540170e+01 6.500238104843350584e+01
3.515918393995972474e-02 2.003515918393960504e+01 3.271146434274325543e+01 3.874169123429842188e+01 4.581275904616376948e+01 5.409703029362538018e+01 6.564403567741648260e+01 6.186233696587953546e+01 6.186233696587953546e+01 6.993018101212771853e+01 7.325252023415373515e+01 6.497841128764265761e+01 6.536802093208606834e+01 5.123220922156262702e+01 3.765673139880388476e+01 5.764275935658739769e+01 6.452879006200524259e+01 6.938064867799268143e+01 6.092371622986106416e+01 8.093303324022926404e+01 9.367081769052803963e+01 9.719520479299217186e+01 7.727259016032468253e+01 7.509092417603650915e+01 8.175630097128534146e+01 6.177358245208284870e+01 8.175630097128534146e+01 9.832846347490854555e+01 8.828900150533557678e+01 1.023401360644274547e+02 8.933477090506568175e+01 6.953818407290016523e+01 5.800332814323277830e+01 7.086883236821489618e+01 6.670824109685082703e+01 4.961924747220756160e+01 6.958168836737432628e+01
4.608085242692564615e-02 2.004608085242657012e+01 1.271146434274396420e+01 1.874169123429913242e+01 2.581275904616448358e+01 3.735976442995659141e+01 5.735976442995588087e+01 6.524015171817507053e+01 5.695539902411719879e+01 6.524015171817507053e+01 6.497841128764265761e+01 4.498538795210576069e+01 5.084061854998621044e+01 3.710353422921946276e+01 3.189239962115669513e+01 5.187227960600748844e+01 4.453200237987142884e+01 4.937592312371352676e+01 5.644468673937019787e+01 6.539478779400894837e+01 7.954732348982102508e+01 9.954297708907905928e+01 9.719520479299217186e+01 9.502151154125651544e+01 7.810084365857426292e+01 7.591932654232688549e+01 7.591932654232688549e+01 9.584800380090334215e+01 1.081659780463624827e+02 1.007098454317760314e+02 8.100764283457179715e+01 6.953818407337028873e+01 6.694897397434800723e+01 8.608468380742466763e+01 7.778127074494054227e+01 6.118214577295206169e+01 5.694095553326445724e+01
1.610643649003322755e-02 4.866818937216672580e+00 2.486681893721631553e+01 3.874169123429842188e+01 4.581275904616376948e+01 5.409703029362538018e+01 5.982517431844978972e+01 5.524378185038312239e+01 3.696614803511668157e+01 5.524378185038312239e+01 4.891496462800335365e+01 4.063343964453972035e+01 3.085884949434086977e+01 2.711545477879514010e+01 4.709597980279638563e+01 3.805463175701271439e+01 5.804141532829013528e+01 6.938064867799268143e+01 7.645556118806490531e+01 8.472915192452465760e+01 9.367081769052803963e+01 9.715235679247291500e+01 1.054372068166386782e+02 1.062489027331302935e+02 9.802122078937546235e+01 9.584800380090186422e+01 9.584800380090334215e+01 1.040758999591136416e+02 1.177192944715792322e+02 1.088789473255714739e+02 9.750053491412300843e+01 8.933477345865159691e+01 7.843598301857613819e+01 9.493487053556766853e+01 8.923340846304273555e+01 8.105567693152448783e+01 6.297985736222241115e+01
2.022278438842990689e-02 2.002022278438807490e+01 2.486681893721631553e+01 4.486681893721560499e+01 5.769652656162772786e+01 5.396930690587183932e+01 3.983339591732163143e+01 4.696077352961692952e+01 2.697631569444575561e+01 4.605951087656924869e+01 3.777830625653973584e+01 2.064750786233234692e+01 2.269938965864399449e+01 4.268383133402802088e+01 4.994327788703169091e+01 5.347362812523955711e+01 6.175623838046954717e+01 7.858798325454573330e+01 7.030055314684410916e+01 7.633490539477259063e+01 8.300623305436599253e+01 7.714671674703409110e+01 9.715235679247291500e+01 9.952598624990940834e+01 1.076717202668019127e+02 1.024308836914600818e+02 9.648363682995349677e+01 8.900078475582684234e+01 1.033600396162675423e+02 1.024070327059657046e+02 9.408058510408449138e+01 1.024070327059657046e+02 9.815208014280369753e+01 1.063174191870067773e+02 9.683694925106843243e+01 7.706556506506366588e+01 7.296056603922271222e+01
6.642187732006160639e-02 1.420855750105113735e+01 3.420855750105184256e+01 4.052684652032935020e+01 3.770571792472764372e+01 3.770582752331004883e+01 2.570104253817938300e+01 3.155540424869492355e+01 1.990846889213895210e+01 3.497944090818582197e+01 1.779040897933543874e+01 3.777830601212029649e+01 4.268383127508954544e+01 2.691471385020880192e+01 2.996304696699376890e+01 3.349480556340216708e+01 5.347538924417587225e+01 6.273836255472252788e+01 5.029287747321790647e+01 5.632122313555658621e+01 6.299225007558576550e+01 8.300623305436599253e+01 9.621187031301695924e+01 7.960093536108067269e+01 9.621187031301695924e+01 8.208499040177694894e+01 7.612087577141380734e+01 7.460060873924790315e+01 9.496380915399704747e+01 9.236328542757325977e+01 7.399902546966470140e+01 8.915187366256562029e+01 9.747633009356890454e+01 1.116869081537140715e+02 1.050280554823708172e+02 9.683694925106843243e+01 8.697590938677733163e+01
1.591255364720534082e-02 1.952101179433570266e+01 3.328686960047252796e+01 1.918761436865798586e+01 2.626106413322929001e+01 1.771709174268227827e+01 2.923091469823243216e+01 1.156408494262080744e+01 1.324244759657464776e+01 1.498985547907359006e+01 1.891212167524056298e+01 2.299420432500103573e+01 4.297809992543061952e+01 4.689632255183700948e+01 4.994327787534425767e+01 3.994847546379008207e+01 3.883013221215269084e+01 4.274398453199815862e+01 5.089852935219502683e+01 7.090663919239899826e+01 8.300623305436599253e+01 9.129196178183642019e+01 8.802225275562537377e+01 6.803369755282157882e+01 8.802225275562537377e+01 8.208499040177872530e+01 6.200816610559530062e+01 8.208499040177872530e+01 8.895463918635337564e+01 8.403980528687452534e+01 6.401937496821609841e+01 6.910448830769199446e+01 8.326575203342375175e+01 1.018766834654509950e+02 1.003754722405582243e+02 1.087013011534391751e+02 1.066979891153733320e+02
6.189296070378335485e-02 2.006189296070342820e+01 2.281343279338918251e+01 4.827976349618582574e+00 6.267607851098693672e+00 7.718560351256535945e+00 9.239132193531446546e+00 1.350313115066687430e+01 3.323295676592866243e+01 3.497670179829115966e+01 3.889898950648834841e+01 4.297809982813372898e+01 2.916285550715322472e+01 4.914420434467742638e+01 6.427535013008896669e+01 4.749715079951747754e+01 5.881714241241392926e+01 6.273836255472252788e+01 5.906661266660642440e+01 6.504552314882781161e+01 8.505662503543112507e+01 9.455692556148808592e+01 7.462558922240665993e+01 6.093914558064182785e+01 8.095523129061069767e+01 7.628931044584170706e+01 5.635348046011337431e+01 7.628931043884243479e+01 6.890427941038494453e+01 6.890427954488011153e+01 5.644838713518964113e+01 7.647279389206491373e+01 8.229352002182098147e+01 8.175695202803566985e+01 8.025455200884364615e+01 9.448548924942380722e+01 1.145951490598981621e+02
2.247884206357958492e-02 1.415944870646816289e+00 2.812805462185975713e+00 2.109140074821745259e+01 2.607931382585490354e+01 1.349196112864514241e+01 2.923146377514326488e+01 3.349348409150781691e+01 1.982700822110104610e+01 3.981384985042588909e+01 5.515613994202518455e+01 5.742334871791167217e+01 4.914420434467742638e+01 3.601428383724312710e+01 5.599828863177371829e+01 6.749750282082827368e+01 6.014339802068704444e+01 8.015214646093029671e+01 7.321562738511020996e+01 8.505662503543112507e+01 9.334246825049817176e+01 8.921633066757469521e+01 7.462558922261403893e+01 5.455807214253218262e+01 7.462558922261403893e+01 7.114190127631935923e+01 5.120666490363828416e+01 6.445109025500498490e+01 6.445985599810879307e+01 4.878129861409352230e+01 5.303975620075708974e+01 5.745634994312813149e+01 6.230582910387715856e+01 6.760820260395207981e+01 7.758884086800814828e+01 9.181966252005257445e+01 1.119337044108495149e+02
