MOVIE_S9_data/elevation_000431.asc
nrows	100
cellsize	150.0
xllcorner	0
ncols	100
yllcorner	0
NODATA_value	-9999
[rows 0 to 16 of 100, columns 37 to 73 of 100]
7.076077461826734805e+01 6.256303065916559802e+01 6.682623450739305326e+01 7.139991068521899820e+01 7.636658620480683624e+01 8.185521045687700337e+01 8.808387341013690275e+01 9.622462447567339439e+01 1.049948546753207381e+02 1.163160860141755251e+02 1.312372169478682338e+02 1.196515582598036929e+02 1.113513973632560123e+02 1.148169783812153923e+02 1.214838174978701062e+02 1.131950430732124318e+02 1.214838174978701062e+02 1.173100182215168132e+02 1.137303185866949491e+02 1.054221171934914878e+02 1.137303185866949491e+02 1.303660466197011658e+02 1.386356099099012056e+02 1.293433397733429331e+02 1.210493229918004516e+02 1.231094198417357717e+02 1.148561214562750905e+02 1.150866726978125740e+02 1.154879394120165443e+02 1.212513628392741225e+02 1.229615169915688142e+02 1.310946866298824318e+02 1.281398761798570263e+02 1.198434623561451104e+02 1.261690172364568809e+02 1.253084684871475218e+02 1.311789777401900494e+02
5.689664637166848138e+01 4.252933689229299574e+01 4.683003599029208175e+01 5.146371842555631559e+01 5.649988412640799851e+01 6.206569428422567114e+01 6.838711170025264607e+01 7.726095138912455695e+01 8.858484581324151463e+01 1.081162800916587372e+02 1.229532321640324426e+02 1.028582648280669360e+02 9.116256682852942106e+01 9.465443044212351253e+01 1.088810921328719559e+02 9.302277857965744090e+01 1.114213206508731702e+02 9.715527607550134803e+01 9.715527607551612732e+01 8.517257466937955712e+01 1.054221171934576375e+02 1.103135719691890131e+02 1.303660466196586185e+02 1.177321097487237864e+02 1.009017509269424266e+02 1.147569927101318967e+02 9.483592337468184041e+01 9.484814023238868685e+01 9.558570677530364890e+01 1.014162455984125160e+02 1.031975488745758724e+02 1.229615169915688142e+02 1.165192444779137730e+02 9.967525802128615453e+01 1.060281120946005586e+02 1.051637438368137936e+02 1.110639970817606184e+02
3.686076493187727010e+01 5.689664637354523791e+01 6.682623450739305326e+01 7.139991068521899820e+01 7.636658620480683624e+01 8.185521045687700337e+01 8.808387341013690275e+01 9.622462447567339439e+01 9.212278789675985990e+01 1.005863082223195022e+02 1.092222275067552886e+02 1.196512967275271819e+02 1.005599040074845760e+02 8.024922058142823289e+01 9.226804286966900293e+01 8.282736091537289269e+01 1.031089108262241751e+02 9.715527607545867284e+01 7.680178663582111653e+01 9.715527607526767895e+01 9.604791746624584903e+01 1.161868058131755532e+02 1.203493197005086159e+02 1.086986975637164932e+02 8.916595220098209040e+01 1.082297373164633711e+02 9.989899193958640922e+01 8.024433633756100903e+01 8.123622612063316240e+01 8.895784972565832049e+01 1.031975488745758724e+02 1.229615169915688142e+02 1.074863593995842734e+02 8.795475378784404086e+01 9.170735632316161912e+01 9.083901143580084181e+01 1.110639970817606041e+02
3.347415227042225894e+01 5.344568934304491137e+01 6.502284390656386392e+01 7.342506618166594023e+01 7.642935223245483201e+01 8.000034117641439479e+01 8.375459142801361168e+01 8.884638471532733206e+01 7.182949572287868989e+01 8.040645022538224396e+01 9.526252329921123874e+01 1.070426016242580971e+02 1.039705505792847617e+02 8.369977504525554934e+01 7.185887393889154851e+01 8.649523496049353355e+01 9.486353676238651644e+01 8.658560484523523826e+01 7.194972279817045546e+01 8.642768307508090686e+01 1.066747531737120624e+02 1.244745907881152647e+02 1.120390548493028717e+02 9.181124032292514414e+01 8.002151556219070017e+01 9.204059767053632868e+01 9.265167825517471556e+01 7.286496740487618240e+01 8.707198379636518837e+01 9.538793518136334626e+01 1.070321296935824051e+02 1.146167288033864224e+02 9.914568810711708124e+01 7.880860466799768460e+01 7.992780322337650034e+01 1.002532875189603487e+02 1.193781727054842747e+02
3.030500636870458919e+01 5.020577583336839211e+01 4.486514508222528264e+01 6.502284388547646188e+01 5.623644504639999298e+01 5.979992236829482977e+01 6.353749622723567825e+01 7.348747979089213800e+01 6.023444196567383813e+01 6.657204276226839568e+01 7.819644133292291599e+01 9.856439743652684626e+01 1.122773731502988426e+02 1.006153326011177001e+02 8.649548228705243957e+01 6.602788053721540962e+01 8.121077888621611862e+01 6.611888904970004432e+01 8.658560484523523826e+01 8.642768307508089265e+01 1.066747531730414664e+02 1.176052796234198894e+02 1.093054857910366167e+02 1.086986975637161947e+02 9.204059767053632868e+01 7.164681705722109939e+01 8.447872501990873673e+01 8.707198379620815842e+01 6.667020611903819827e+01 7.850979467592631522e+01 9.876815164689158166e+01 1.019043593679355268e+02 8.601711262998665575e+01 7.154239598731537342e+01 9.195544330243814102e+01 1.078713979845623072e+02 1.160957552383901401e+02
2.834606407176263687e+01 3.076797669746115460e+01 5.076919838056959833e+01 5.732784165287133504e+01 4.197492356659092394e+01 4.554601383750111410e+01 4.930523982657347659e+01 5.334486843345817420e+01 7.348747976931917947e+01 8.680458701214763551e+01 8.083383613483205465e+01 1.012192599320205773e+02 1.042363862251393414e+02 9.589052400810081167e+01 9.486322980982721731e+01 8.121076243313176235e+01 6.070576435869217846e+01 8.120990993499702881e+01 9.494700276869822630e+01 1.066747531730414664e+02 1.149835926300697935e+02 1.059627341369827462e+02 8.908698387450263567e+01 1.059627341369827462e+02 1.003793394181323606e+02 8.481983186041229317e+01 6.438436414483241776e+01 7.818179284286289032e+01 6.285490869519567525e+01 8.328623763308235084e+01 9.590990390095026896e+01 8.157078298975304165e+01 8.241794525993103093e+01 6.733762275141221210e+01 7.919345262398543639e+01 9.952990197459561728e+01 1.082059051559921272e+02
4.836274676867225253e+01 5.076919836221629367e+01 3.443655557780935084e+01 3.717940727175607663e+01 4.274897203578154148e+01 6.292315261410578842e+01 6.945894632067486896e+01 7.348747979089213800e+01 6.755741043370596799e+01 8.780393368021965728e+01 1.012192587034710272e+02 1.096906169066782439e+02 9.589052222498779088e+01 7.552978802034650130e+01 8.149327570864149095e+01 7.862702505436436695e+01 5.813372114727464179e+01 6.732379779340108428e+01 8.182684985695250646e+01 1.021254550690218821e+02 1.088982191912206758e+02 9.763232826691475452e+01 7.730242953104063020e+01 9.763232826691475452e+01 1.067533195017086456e+02 9.256321890753881121e+01 7.222481112124434333e+01 5.776088880359108657e+01 7.818179284316188671e+01 9.162399377099096398e+01 8.571547450045699179e+01 6.707570628961876480e+01 6.193479900769149538e+01 8.241794525214416467e+01 9.616367477814269193e+01 9.412520311238840520e+01 1.000352628016506884e+02
5.723792697409423624e+01 6.291757094671636708e+01 4.600886877930943797e+01 5.141517059000853607e+01 5.700803537592882009e+01 5.226199789766592119e+01 6.388188986186465002e+01 7.814985546068899680e+01 8.780393369272189830e+01 9.625573944417483574e+01 1.162799181197759992e+02 1.060203295619561317e+02 8.576072896244436095e+01 7.129199352941547829e+01 6.103468696790407932e+01 7.276932196097715178e+01 5.572835108409774563e+01 7.617791375599212245e+01 8.777217408746119531e+01 1.080213110195358297e+02 1.005725785858975883e+02 8.027160895420752240e+01 7.005515111506944947e+01 9.044462363842851005e+01 9.846792157827820802e+01 7.820357023268817898e+01 7.545293475597766530e+01 5.512448276264674263e+01 7.545293475597766530e+01 8.910752025401905030e+01 7.730036119558829455e+01 5.686359443509792300e+01 7.730102795737768417e+01 8.554633520893494847e+01 8.727787850124155966e+01 7.209230623753417433e+01 7.854440892859280154e+01
6.554467188443067016e+01 7.458285354063005457e+01 6.617896107382148330e+01 7.160229232268562782e+01 7.720350887353953340e+01 7.243083235760873606e+01 6.650011033245452552e+01 8.674886190540108544e+01 1.069535678616697112e+02 1.103381159017752395e+02 9.609755251439941048e+01 1.103381159017752395e+02 1.000510208877866347e+02 8.988313834077102626e+01 7.276971975707640183e+01 5.242705570025903228e+01 6.973624521872571336e+01 7.815444222895025916e+01 8.121565812740219314e+01 8.960374262461381534e+01 9.836517412903027946e+01 7.804537488513616950e+01 6.359956193500353550e+01 7.678535604194155439e+01 8.517786967701167100e+01 8.192214798988581492e+01 6.153870626854729409e+01 5.263511826541355987e+01 6.927701582348585418e+01 6.919049657343923343e+01 7.407006972888854079e+01 5.378930519996176685e+01 6.965546697913866581e+01 6.440823851030226876e+01 7.095470019927974192e+01 5.173428082332733879e+01 7.225759695728859811e+01
6.732415133613282876e+01 7.551838860993235869e+01 7.572044733509186187e+01 8.397383449655563936e+01 8.191899442293906475e+01 9.018933368961414487e+01 8.674886190540108544e+01 9.519450151495649948e+01 1.135126064846016760e+02 1.020088305398280824e+02 8.169375237875301821e+01 1.020088305398280824e+02 1.000505726158822739e+02 7.962708306552367787e+01 6.469021168344941941e+01 5.447972942861596835e+01 4.946101509060358126e+01 6.679765343008969580e+01 6.082552034210391412e+01 8.121565812740219314e+01 9.579629868235974754e+01 9.118103863556707722e+01 7.082246840953575884e+01 5.650195747095029475e+01 7.052676895440475846e+01 7.892314836304356618e+01 7.720392745729772344e+01 6.710432538911626921e+01 4.935702161107916197e+01 6.728157671127640072e+01 6.812290389532765289e+01 6.761101597844729838e+01 4.969765681166436622e+01 5.029241800455966427e+01 5.088373990618282505e+01 5.431444673938990064e+01 5.254163339281375755e+01
4.830494047268356894e+01 6.020534587291783879e+01 5.616912899713660323e+01 6.941664735638923389e+01 6.215104800882798486e+01 7.607572911616477995e+01 9.602588477509765141e+01 1.093391108200036257e+02 9.920514136653443416e+01 8.489767624846737704e+01 7.392912183053326203e+01 8.711749301693178893e+01 1.073954070237254257e+02 9.400737307260554587e+01 8.518160690981241601e+01 7.634907922178673800e+01 5.712162466806886840e+01 4.667504438782091114e+01 6.674956863753288872e+01 7.545526485792812821e+01 7.548786285533869034e+01 7.765333070858238784e+01 7.732511000060775075e+01 7.052671943683147049e+01 5.051962593261322354e+01 6.487816882612511904e+01 6.546605695941367742e+01 4.654747708176952159e+01 4.711797501688224798e+01 4.770427667917280701e+01 4.828812314024578001e+01 4.886967753475255449e+01 6.875794560550609447e+01 7.030270511641255382e+01 7.095126155222055786e+01 5.383483748542335690e+01 5.898024345059809548e+01
3.812215425888008014e+01 4.168412835549037965e+01 4.552814105077780482e+01 5.011308708046799865e+01 5.852416374194807958e+01 6.981240014917574399e+01 8.972593835517365335e+01 1.010052722989185554e+02 8.067591673646181505e+01 7.040637541201709837e+01 6.664575487161036449e+01 8.711749301693178893e+01 9.064107235872963031e+01 9.900768276663092138e+01 9.733663739046374985e+01 7.705294745071851992e+01 6.500772176354028886e+01 4.479622479406373259e+01 6.182138200829395913e+01 5.521649065469357964e+01 6.225039605260570141e+01 5.828929982719656522e+01 5.700713106262624308e+01 6.347535815998325148e+01 6.279412119370511647e+01 4.516361482011279094e+01 4.573682796628461489e+01 6.009231798707527616e+01 6.665714696141826323e+01 6.759666975591757421e+01 6.812151015033583690e+01 5.115539755395495547e+01 7.140671485781383865e+01 8.605712974149169270e+01 7.761329276140460820e+01 5.609532614099833125e+01 7.510798874758823729e+01
5.634340482434616604e+01 6.020534587291783879e+01 6.443248907419499005e+01 6.362111577482828295e+01 7.765023113865481719e+01 8.649556481112004747e+01 9.800524588682807803e+01 1.093391108200036257e+02 9.920514136653443416e+01 8.120781125244138821e+01 6.071632886907641335e+01 7.516520276252205690e+01 7.021746111745302699e+01 8.725412422825984038e+01 8.733573208797163545e+01 7.890013803214381483e+01 7.296836092082516245e+01 6.199092199444046969e+01 4.214628272605931159e+01 5.139248037439408279e+01 4.160986231800922752e+01 5.033211085614725988e+01 4.320971610005888408e+01 4.378467294372766361e+01 4.435752646237079233e+01 6.405716747834833313e+01 6.317620616675970524e+01 5.235187717841773747e+01 6.554766349256443903e+01 8.482407545594807630e+01 8.008854478895381135e+01 7.156073838983841995e+01 5.679132804357082165e+01 7.787648537770628820e+01 8.603172621084738125e+01 7.761397471506052170e+01 5.986683543713856892e+01
5.305319856101060338e+01 6.187112543702976808e+01 7.689793611999768075e+01 8.340834651496463437e+01 7.825455691935179914e+01 8.628913111020239057e+01 9.500684971082532115e+01 1.055787002391442257e+02 1.013489656315070988e+02 8.101907951187222068e+01 6.652088124988648588e+01 5.473581649592981080e+01 5.840227375072264948e+01 7.813036796588059474e+01 7.890013803214381483e+01 5.827907702396772294e+01 6.406680548593580227e+01 4.618834767851303980e+01 4.026934424139557223e+01 4.082457913977432895e+01 5.961940620478662112e+01 4.239391857192495650e+01 6.248378124664971267e+01 6.347734404563635024e+01 5.499772537965740327e+01 7.149571777689331498e+01 7.069249769674637207e+01 7.119373169068352070e+01 6.065049729495130748e+01 7.145672259129406712e+01 9.101574287464423207e+01 8.263700573890200474e+01 6.180373717155293178e+01 8.263700573890244527e+01 9.568732715550312662e+01 7.522772743431170284e+01 8.122020504074994562e+01
3.289233012725174632e+01 4.718473646037369917e+01 6.309257720173631157e+01 6.822459768879767239e+01 5.697779071285054897e+01 6.503163624281867783e+01 7.567699144608471329e+01 9.690127077431996838e+01 9.865166788195868719e+01 7.829598723389183590e+01 6.378222048724520477e+01 5.607785838638231724e+01 4.944355791253101273e+01 6.538541882791427895e+01 7.380566871101891024e+01 6.431884595800100612e+01 4.528872448210217527e+01 3.951770253089261331e+01 5.948593377634392709e+01 4.889525393011714272e+01 6.620632996427850969e+01 6.258302312617118446e+01 4.504133901667093198e+01 6.600258770995743873e+01 7.329435745405753266e+01 8.142799183464137514e+01 8.952799646934477096e+01 8.792646601195818334e+01 6.996960225724208726e+01 8.792651340075984479e+01 9.928835133252695755e+01 8.779041104137118623e+01 6.709015994148643358e+01 8.779041104137118623e+01 1.039296526612131686e+02 9.568732680342371566e+01 8.766187748457129203e+01
5.332887105746362266e+01 3.758680503356440994e+01 4.214136236315006556e+01 4.706473886064120649e+01 5.646236057612200909e+01 6.876070856389556241e+01 9.000707746290764533e+01 1.055787002391442257e+02 1.008620847315520450e+02 8.052635148120306496e+01 8.425802806198387884e+01 7.651890023844572397e+01 6.538541882791427895e+01 4.530449691844396654e+01 6.132845995515309312e+01 6.634184056843538713e+01 5.820778484136239683e+01 3.899205707436394164e+01 5.895554618441869366e+01 6.852450213435314197e+01 7.653801147895966039e+01 7.407278272498905380e+01 6.600258753054151839e+01 4.776744278824787671e+01 6.891050140104951538e+01 8.025006204693816869e+01 9.455646340546297779e+01 9.774748070206501893e+01 8.947710793129702722e+01 9.774749251974520803e+01 1.023950188819037947e+02 8.220491226952545105e+01 7.365946478339010639e+01 9.470144870734057463e+01 1.059797098326118032e+02 8.590483175195308263e+01 7.135179335855418969e+01
6.686556327937562116e+01 5.828604019341727849e+01 4.548848844886216369e+01 6.657627802640710968e+01 7.698992106067599650e+01 8.648380027762786426e+01 9.871198399372839560e+01 9.871871535101107042e+01 9.650488472336196821e+01 1.008620847315520450e+02 9.820267506102855748e+01 8.983073120902108144e+01 7.380566871101892445e+01 6.132845995515309312e+01 4.137494121609111630e+01 5.659548421719006939e+01 3.825750240731676399e+01 5.281324986466390214e+01 5.035862224718285063e+01 6.186243436320286548e+01 8.202666050363390582e+01 8.347820111458615600e+01 6.287636297379228267e+01 6.891050067108723454e+01 5.071369106717256869e+01 6.594365476981356267e+01 8.193735952193461003e+01 9.012189034718917924e+01 9.904360150394069251e+01 1.103899776128567964e+02 1.108416317801027873e+02 1.023147939626547043e+02 8.128445738287011579e+01 1.028804675440892424e+02 1.089187220497733364e+02 8.891959084709533556e+01 7.445278742745036027e+01
