MOVIE_S9_data/elevation_000183.asc
nrows	100
cellsize	150.0
xllcorner	0
ncols	100
yllcorner	0
NODATA_value	-9999
[rows 51 to 67 of 100, columns 37 to 73 of 100]
5.377884711311522636e+01 5.557610447640760754e+01 4.350129618476843518e+01 6.331670303787134912e+01 6.210696688104756902e+01 6.891034583174447903e+01 5.667111302733391653e+01 5.978489006270805106e+01 4.048748947612362059e+01 5.608513158563706469e+01 5.785075374227520939e+01 4.166996452290764097e+01 6.086769294795155361e+01 7.219446772327376038e+01 8.560724110757733740e+01 7.801681931746026066e+01 7.478502117155822759e+01 8.904960621997189207e+01 8.067827076840467271e+01 7.335998367216443228e+01 5.374580298894460384e+01 7.335998367216443228e+01 8.566780177745471292e+01 9.567364962587619459e+01 9.760627517432925515e+01 7.872040817537639157e+01 7.385402643589155502e+01 6.550168579408769176e+01 4.959640884867142319e+01 5.602199618245521151e+01 7.894223310097105184e+01 8.810789639182958410e+01 7.162151119295000967e+01 8.434298699018070522e+01 8.277658670670842866e+01 9.368446473034433097e+01 8.156851735447180829e+01
6.501176699421918670e+01 7.166223559316995306e+01 6.338743516381810394e+01 5.289277463524177136e+01 7.273595498476187515e+01 8.288838912709780971e+01 7.527345086664934115e+01 6.456099848574552880e+01 4.420595537236962258e+01 6.456099879004473507e+01 6.902927188448781237e+01 5.516153129039069825e+01 4.468951296705959919e+01 6.401581837834690702e+01 7.547502141823453314e+01 8.681583769090494229e+01 9.239662096053733364e+01 1.003898343175905268e+02 9.204803340041827653e+01 7.201625745972262393e+01 5.816618863278832663e+01 6.604447829649042490e+01 7.744341451671215282e+01 9.756596957860480757e+01 9.989563287275225889e+01 7.731001883565538435e+01 7.008992439873448177e+01 5.032175221105264740e+01 6.840343897998158695e+01 7.371051062669651799e+01 8.208578853349875715e+01 7.419869802907915357e+01 6.018138153087404874e+01 6.408952638727026851e+01 6.851264314049082316e+01 7.338735127114618706e+01 9.368446473034433097e+01
4.684582721118571413e+01 6.667760594190613688e+01 8.101576388732640055e+01 6.689444906400919422e+01 6.689444906398638580e+01 8.683859768964772741e+01 8.159221237843235031e+01 6.073306890465264729e+01 4.924970728501865835e+01 7.014538587785139612e+01 8.289701247858501176e+01 7.219446773022727371e+01 6.401581837836512534e+01 4.792743969869010101e+01 5.903660908277707620e+01 7.853575018847244849e+01 8.572556251439721109e+01 1.057741209316025675e+02 9.708021649859132651e+01 7.695148410609952805e+01 6.299255519271691384e+01 8.284705332690614910e+01 9.431896045748170820e+01 1.059613652097036720e+02 9.744710470339093433e+01 7.731962736966681859e+01 5.517236997185869996e+01 5.083110016617234805e+01 7.004417174086684383e+01 7.158110061476877206e+01 7.211656233980977504e+01 5.580486886781000777e+01 7.494303773248698519e+01 8.434298513656355567e+01 8.876169163108443172e+01 9.368446473034433097e+01 1.021501835190239120e+02
6.506045980604766044e+01 6.667760594190467316e+01 8.676226744191291118e+01 8.683859780557841646e+01 8.683859768964772741e+01 9.513703413483075622e+01 8.999897656333240548e+01 7.014372428183961006e+01 5.575601377809494608e+01 7.679344173171965338e+01 8.977234149195901125e+01 7.003696219665992828e+01 5.890666192584372141e+01 5.032721113610806896e+01 6.967006627682505382e+01 6.610300651042243203e+01 7.987892716808700300e+01 9.984058886186618054e+01 9.445010415236343704e+01 7.435303060033521660e+01 7.695148410609952805e+01 7.695148410609952805e+01 9.708021649868234704e+01 9.940257773999185531e+01 8.759259771004030881e+01 6.859795325909149710e+01 5.478916485977859452e+01 6.616083918168797595e+01 5.155549342486686726e+01 5.206399208843818371e+01 5.256857320673619682e+01 5.306942891206704616e+01 7.265558923417864889e+01 8.180255438628483944e+01 8.493685070062113596e+01 7.897930275137073863e+01 9.067788283118474624e+01
7.235457364106626699e+01 7.523106868965916760e+01 7.931459989930506538e+01 8.384277070912503405e+01 8.602899902353888706e+01 9.437732810510902937e+01 9.922813073566938158e+01 8.419487304750960277e+01 6.326179368190114616e+01 8.419487304750961698e+01 9.812472447463338199e+01 8.665794354170071756e+01 7.788221400090392876e+01 6.967021704777081936e+01 5.396332971435641213e+01 6.503313269014550713e+01 7.878893393492477060e+01 9.872701317237213914e+01 1.028485017752937409e+02 8.588928374866834758e+01 9.708021649860920377e+01 9.708021649870238434e+01 1.054790647216341597e+02 9.081109248979798565e+01 7.047415279415116629e+01 5.905243582907283439e+01 7.453657004323633828e+01 7.076091482904148222e+01 6.641561908335937403e+01 6.520793817486666910e+01 7.212299212445967100e+01 6.803436113554984388e+01 5.378161177850901709e+01 7.341985451514500483e+01 6.485104655398231444e+01 8.493681743583012178e+01 9.458377461439160072e+01
5.788728839589141018e+01 5.584632261014978383e+01 5.977219853457582843e+01 6.415633171762922871e+01 6.630247083108156403e+01 8.428581087193848020e+01 9.260425521396710735e+01 9.257277018079534514e+01 7.546874640560446323e+01 9.257343230721393468e+01 1.058028902953158621e+02 8.569018068811371336e+01 7.182307599585209346e+01 6.386513431854408651e+01 5.675040522440236401e+01 7.613144002703388935e+01 8.693129717740332296e+01 9.289346196145910994e+01 1.012805135168562600e+02 1.061444023010472932e+02 1.145486315009872413e+02 1.079420781117739097e+02 9.930659867301200450e+01 8.411244714008722667e+01 6.394087810923132054e+01 7.906955486756130824e+01 8.759259771004029460e+01 9.102298856677698780e+01 8.904688155880712941e+01 8.417495079832170291e+01 7.753841586001183828e+01 5.768845307853079873e+01 7.341963047685736399e+01 5.450602443529808738e+01 7.419291380062117014e+01 8.052031043988182546e+01 7.469641345308973257e+01
3.907766755078004195e+01 4.264675607695458126e+01 4.646136882161436432e+01 5.064660765870025472e+01 5.727858719106295382e+01 6.457847895790847303e+01 7.844721488083163763e+01 9.837977827765810446e+01 9.611792037809850342e+01 1.043923640836128754e+02 1.080174733229159045e+02 8.788378903168539580e+01 9.070579842265659920e+01 7.214774554540392160e+01 6.167101962394004033e+01 6.278375832079845509e+01 6.730109040601706738e+01 7.311919843450677092e+01 9.289346196142994927e+01 1.120561760529098763e+02 1.140605581762097671e+02 9.319530854808415654e+01 7.874371089987754146e+01 7.242044442541471483e+01 6.889897184119952556e+01 8.033939354155039325e+01 1.009006101713307402e+02 1.080262383851512453e+02 8.756227603580391872e+01 7.328615931567497910e+01 6.184631375534754483e+01 7.753841611996756455e+01 8.133876488370279390e+01 6.450451301057202613e+01 5.523606096278885502e+01 6.195258674379833508e+01 8.052128667732914380e+01
5.296190479524342720e+01 6.152398328525578108e+01 6.549603537272015785e+01 6.420177320639126606e+01 6.630247083108156403e+01 8.428581087193848020e+01 9.262233868449978047e+01 9.345928966415026196e+01 8.559723395935188250e+01 8.581147399871811388e+01 9.454418991424707031e+01 1.080181256907277003e+02 9.474828009756103597e+01 8.640759693616548986e+01 6.679017580402528154e+01 8.230441306935624368e+01 8.107499473023561620e+01 8.325418085685511471e+01 8.354645258389766127e+01 1.036269270488394909e+02 1.124947675344117783e+02 9.164244164994529740e+01 9.793500580919209142e+01 7.741115301843969121e+01 8.047717602866308084e+01 9.777634328122431384e+01 1.095174589232612448e+02 1.102283198354097635e+02 9.843063934656818503e+01 8.507016968675218038e+01 6.498029694709666160e+01 8.507016968675218038e+01 9.276758762628951160e+01 8.177288725979832407e+01 7.498667334649199745e+01 5.597357329582796837e+01 7.577720906355909847e+01
6.096416195528145465e+01 7.445443015447992252e+01 8.254892274751669845e+01 8.431890237477003325e+01 8.602899902353888706e+01 9.437732810510902937e+01 8.733237188901388492e+01 7.900634124577211992e+01 6.629727678172400829e+01 6.557532977045052291e+01 8.264233494065389607e+01 9.331581114059731874e+01 1.083413211137615519e+02 9.210996754557581312e+01 7.235696843147215418e+01 9.210996754557581312e+01 1.010696619708493529e+02 9.734066141762215807e+01 9.501401970297787614e+01 1.120561760787201422e+02 1.211287610115269899e+02 1.063514080291341486e+02 1.048413155862224642e+02 8.412238625513131751e+01 1.010768095102804551e+02 1.097110152617172929e+02 1.142207179917499502e+02 1.017703890496027981e+02 8.133001876910979888e+01 6.977018095116328311e+01 8.507016968675218038e+01 9.351541341816005115e+01 9.249094676212767752e+01 7.877807682943168288e+01 5.950944377352952586e+01 5.649820329155133436e+01 7.609785413342019922e+01
4.766921384195217826e+01 5.611099076678839737e+01 6.937953303790260406e+01 8.772323158330767967e+01 8.184144253586907780e+01 8.766180709048543918e+01 7.903514003039374813e+01 5.905593209148052836e+01 5.492577221709311885e+01 5.394836811615418526e+01 6.309054896172471416e+01 7.614588512762854577e+01 1.003044301243868688e+02 1.004945886357231899e+02 8.621183058202829841e+01 8.362342473014017230e+01 1.037028006217652489e+02 1.176618116819419697e+02 1.153923772835803732e+02 1.238135247559880554e+02 1.263829435121668894e+02 1.273261493705867480e+02 1.134890251031283697e+02 9.327735919920951346e+01 1.134890251031283697e+02 1.202954623692138085e+02 9.975034065230427416e+01 8.523999284953914923e+01 7.516779679868201924e+01 8.996913577529795703e+01 9.843063934656818503e+01 9.836792568132990766e+01 8.404118695706785047e+01 6.399992811929272563e+01 7.877800292381051861e+01 7.633475106320909731e+01 5.725659613552459604e+01
5.674763477720760108e+01 7.362045569461108130e+01 8.254892286520393441e+01 7.602665718202612766e+01 6.199583167756668445e+01 6.780847652117364532e+01 6.818221063537343696e+01 5.995141709542944852e+01 4.500608630290231815e+01 6.486544800461579996e+01 7.839562549879731534e+01 8.431868847447371706e+01 9.410535941187384879e+01 1.055105763550329669e+02 1.063493297957065096e+02 1.037028006217652489e+02 9.995880439783684324e+01 1.203616734171535541e+02 1.269376805979929799e+02 1.205100713709380216e+02 1.063298760884061949e+02 1.205100713709380216e+02 1.228364212660915200e+02 1.080426232091315768e+02 1.228364212660915200e+02 1.165270913872212191e+02 9.595903605242966705e+01 8.149377651138273393e+01 9.550393016894975062e+01 1.039744865302280203e+02 1.051675956068326769e+02 8.991125433819568968e+01 6.957674471747093037e+01 8.404118695706785047e+01 9.248644281076764173e+01 8.554834193679916154e+01 7.714754926211243458e+01
4.750941641777630053e+01 6.614222738113387834e+01 7.753349204850933063e+01 6.780847652117337532e+01 4.801628647700916019e+01 5.723943969054182190e+01 5.536363827085033762e+01 4.007411757531964014e+01 5.994086527117298857e+01 5.279654906459322206e+01 5.874947964834324665e+01 6.606802967085546641e+01 7.757361443854794913e+01 9.738433256580391628e+01 9.929662374123221014e+01 1.075144352322357122e+02 1.203616734171535541e+02 1.210598709035948843e+02 1.068740747721445246e+02 1.115225491668409461e+02 9.208903068465480146e+01 1.115225491668409461e+02 1.244988656701051042e+02 1.290541360100290831e+02 1.356006578084645469e+02 1.238113289980634022e+02 1.069750944231667091e+02 8.639331755193812512e+01 1.069750810201624205e+02 1.143202279238581980e+02 9.670734816534060485e+01 7.631906312956681404e+01 8.392134966712808364e+01 9.836792565525468035e+01 8.923772369219719280e+01 6.918107400510898231e+01 6.346137014645740493e+01
4.526485156147660405e+01 6.300124278946426415e+01 6.346444014714549553e+01 4.938576312501366772e+01 5.719946096676684277e+01 3.739058054259615460e+01 3.548672965546423086e+01 5.535274646520250030e+01 6.812275313020249712e+01 7.257098778220317570e+01 7.848410360662209939e+01 8.594660912219286786e+01 9.410535941187384879e+01 9.294651382995343170e+01 7.930416836101132105e+01 9.599764200852899876e+01 1.059748079035147867e+02 1.127505688634815755e+02 9.262741134119238495e+01 1.000235665665246501e+02 8.301361928136478241e+01 9.606815405834717581e+01 1.082331688772409137e+02 1.165481908094073873e+02 1.272378026710345580e+02 1.067228178130886107e+02 9.477274444470361914e+01 1.069750944231667091e+02 1.154284220609958282e+02 1.058741128718395998e+02 8.537660925258083466e+01 8.537660925258080624e+01 1.043721634324090672e+02 1.002278507901661726e+02 7.966720567143005383e+01 8.255237785628193592e+01 8.225221054871937554e+01
4.946727722027262786e+01 6.053896250957510716e+01 5.344305821121408684e+01 3.536708056112862408e+01 4.706547948581283691e+01 3.110873975679439951e+01 5.095559190944429417e+01 6.036978740460504156e+01 7.010295522551751901e+01 7.836304386548665946e+01 7.883480326426158058e+01 8.223610388544649652e+01 8.708544751658983785e+01 7.299251822371377330e+01 6.781480846359423253e+01 7.775512125804459629e+01 9.775282723335567425e+01 1.125264735868177155e+02 9.238993352602467724e+01 7.982687194143551324e+01 7.585606429157908792e+01 9.177830051281134160e+01 8.808015323848212574e+01 1.068361425510783818e+02 1.158382996333799326e+02 1.238113289980634022e+02 1.093952634096370105e+02 1.093952634096370105e+02 1.298744238884657420e+02 1.136461283097253272e+02 9.308330827532482488e+01 9.719138579107912790e+01 1.143204378707215483e+02 1.086813136766345451e+02 8.995063428711877407e+01 1.029206325159739777e+02 9.349592443987202728e+01
4.081477432979075104e+01 4.083339559574704225e+01 4.275518856020586611e+01 2.537099790325963156e+01 2.724530922150046308e+01 2.978132472566045763e+01 3.232198808769346954e+01 5.216558591227756381e+01 5.034007873464912564e+01 6.163803642458257315e+01 5.903763179827956264e+01 6.240328358340942572e+01 7.223412348252679749e+01 5.902855399755083710e+01 7.883690822501488071e+01 9.599764200852899876e+01 1.059748079035147867e+02 1.066448797504110075e+02 8.648534146898460051e+01 7.223987914441281077e+01 6.984660907155098641e+01 7.163198310840346039e+01 7.830870761998349394e+01 8.737097939869101992e+01 1.016477457332257757e+02 1.217216610994265125e+02 1.298744238884657420e+02 1.298744238884657420e+02 1.382273945864896234e+02 1.220665826461689534e+02 1.033834229164128260e+02 1.177349366830764694e+02 1.261377357611867751e+02 1.189254623965982347e+02 1.105050672932136564e+02 1.189254623965982347e+02 1.023445933395743452e+02
2.077327711529279242e+01 4.027540292306307634e+01 2.277561502647496638e+01 4.274839553925008317e+01 3.824490390745600621e+01 4.960382228654352588e+01 5.216566639445421316e+01 3.607030309524249390e+01 3.887336458754393931e+01 4.187100679511237189e+01 4.512196854820563630e+01 4.852634577427047446e+01 5.253071563280114020e+01 7.223412348252679749e+01 7.517574520150691342e+01 9.512721554477050745e+01 1.050678481422665556e+02 9.500648490566416626e+01 8.667618249686444187e+01 7.970673888457876899e+01 6.423153522425809570e+01 8.416370827197776805e+01 9.851309695922530807e+01 1.068361425510783818e+02 1.158382996333799326e+02 1.184877875514083456e+02 1.097419141954736403e+02 1.109425128533632119e+02 1.194022786546251353e+02 1.322847420011653412e+02 1.239088337030379137e+02 1.322847420011653412e+02 1.314805375221420150e+02 1.231199564493166321e+02 1.235152248279428022e+02 1.151115936409622833e+02 1.130569244321649620e+02
4.034854089873962835e+01 2.026426866528946391e+01 2.269059990916363034e+01 3.520689763176842035e+01 5.641805773326985474e+01 5.733302068639650884e+01 6.412640193311369785e+01 4.755897559212484538e+01 5.289914917760901147e+01 5.073016467455977363e+01 6.483608907235286267e+01 6.821218215982183608e+01 5.983937593967197444e+01 6.858368197837360469e+01 8.847672227438926029e+01 1.033544034305037655e+02 9.674183183427473409e+01 7.661054227172382980e+01 6.672856379962487949e+01 6.000580349044807349e+01 7.970673886023459431e+01 8.879089802899545703e+01 9.640725112121633344e+01 9.640725112121633344e+01 1.165237681997003278e+02 1.057963467901059715e+02 8.740023358545791154e+01 9.034707889008905113e+01 1.077450098280398976e+02 1.169000584569991048e+02 1.286978796954892346e+02 1.379522663771203668e+02 1.231199564493166321e+02 1.025242259253583370e+02 1.085565757323349629e+02 9.444495316903322646e+01 9.252820105474840773e+01
