MOVIE_S9_data/elevation_000866.asc
nrows	100
cellsize	150.0
xllcorner	0
ncols	100
yllcorner	0
NODATA_value	-9999
[rows 17 to 33 of 100, columns 37 to 73 of 100]
5.657898478138024956e+01 4.639511268017326984e+01 2.661052437727579800e+01 4.470064462534103455e+01 3.485596296245460479e+01 4.543618134059533986e+01 6.494623979039053552e+01 8.160264762511164349e+01 7.166968281868916790e+01 5.714602074291821765e+01 3.698127103794827519e+01 3.578214282590479911e+01 5.594697706014362382e+01 5.280880719416347802e+01 5.542697314142946396e+01 7.545780076889455756e+01 8.439895471556936002e+01 9.251530680098973392e+01 9.618373247330977449e+01 7.636244191618911259e+01 6.244605248014522658e+01 6.176814848325410878e+01 7.556920521749798070e+01 8.379074455578488312e+01 8.356469767755797307e+01 7.012150621417362117e+01 5.685274511070775105e+01 3.625804307580502694e+01 3.330932677524251773e+01 4.758978068553791729e+01 5.732324342184614352e+01 6.956135249374203511e+01 6.328004353727874332e+01 4.829228440549050561e+01 5.279566083291568646e+01 5.746425113834362008e+01 6.318266403652769725e+01
5.864976551936624816e+01 4.722086118768203278e+01 2.783116524721203078e+01 4.759403019840770810e+01 5.407407176892766643e+01 4.837385357411857711e+01 6.784023890715913296e+01 7.346979520022240706e+01 5.350793452907551995e+01 4.334389186406762917e+01 5.714602074292492517e+01 5.594697705981095481e+01 3.878455545175772556e+01 4.103168902441344557e+01 6.129386069541400417e+01 7.184451850879709411e+01 6.454864813921371081e+01 7.863588730796963944e+01 9.831223021180086619e+01 8.216796350845690711e+01 7.636244191618911259e+01 7.568097500075836592e+01 8.971853826464756310e+01 8.356469767755872624e+01 6.276399158095992448e+01 6.156737190646643398e+01 4.074810855951439237e+01 5.682728725587588769e+01 5.287850264934254341e+01 3.402306317400520896e+01 5.369405450307935013e+01 5.907506241584223261e+01 4.369735782294505100e+01 6.335767754357979697e+01 5.630101544576340444e+01 7.578669583014456634e+01 8.291788265935318236e+01
5.065746110717455508e+01 3.091348284286380022e+01 4.759330048096160226e+01 2.990777871668410626e+01 4.965086721632414424e+01 6.784032171712883041e+01 7.611593401924309887e+01 8.160264895337178359e+01 6.880556413292902107e+01 4.879019992661053351e+01 6.880556413292335094e+01 6.664452761336126230e+01 4.645654293797034740e+01 6.129386069541400417e+01 4.449062756930766938e+01 5.175448695158161172e+01 7.184451850871981549e+01 8.418599676780551988e+01 9.302144349853374194e+01 1.019912784646200663e+02 9.618373247313174090e+01 9.552198587362383364e+01 9.281634562150432544e+01 7.220170119762786953e+01 6.658099226880243293e+01 4.560747509438485281e+01 6.156737190646643398e+01 6.104631574677417660e+01 3.780345817983215539e+01 3.454035360950476985e+01 5.420470762902066042e+01 3.937344918620271983e+01 5.907513811156984218e+01 7.151671166286268999e+01 7.578669579232308706e+01 6.539351029847685481e+01 7.272594632829887473e+01
3.694350055422454204e+01 3.346274897352040512e+01 5.111171245142372044e+01 3.137062088889804201e+01 4.527203665826376522e+01 6.521502087711583329e+01 8.304866384489929487e+01 8.848340885771102649e+01 6.880556413292902107e+01 5.557408415609048546e+01 7.532953975648771916e+01 7.483826395201079151e+01 5.664760027437328915e+01 7.294480165411683004e+01 6.474161974598050051e+01 4.831153173114184796e+01 5.605711941360396366e+01 6.508131395618957526e+01 7.658645131399343597e+01 9.627830276798205489e+01 1.124821613203508264e+02 9.898597760388416589e+01 7.852302121448786920e+01 7.220170119763157857e+01 5.117088674415797556e+01 6.658099226880243293e+01 7.510785318847888448e+01 6.931411823891549773e+01 5.996749583706519360e+01 5.420278235351520379e+01 3.528239510660991840e+01 5.492839387999271139e+01 6.383729515658856712e+01 7.773162616283931925e+01 8.136417427532286695e+01 8.505539909640938845e+01 9.254708552875528937e+01
3.710224070847021949e+01 5.322516409242859226e+01 5.190375691849159523e+01 3.283458459018054043e+01 5.259028872767222396e+01 5.471880046734133884e+01 6.470567351705351200e+01 8.478436752745653848e+01 8.259191660925911549e+01 6.314808174633207472e+01 8.259191660925911549e+01 8.478706827203048135e+01 7.084985510288747435e+01 7.604188970290509531e+01 5.605711941360363681e+01 6.848836520936951899e+01 5.323578112967260267e+01 6.747979746442105409e+01 8.728227982812347818e+01 1.043599171743780261e+02 9.229662048681065301e+01 9.229662051272350709e+01 7.852302121453566031e+01 5.755751425668942289e+01 7.220170119763157857e+01 8.068539521498406941e+01 8.346022661450929547e+01 6.957795450320168129e+01 5.814296243622817428e+01 3.845782503093142424e+01 5.492583350513366724e+01 3.604443238484889633e+01 4.994025524343501843e+01 6.287874506288154919e+01 6.163634457235713882e+01 7.609488447718837278e+01 8.739021502688497378e+01
5.694049572866926212e+01 6.516339117804589876e+01 6.062141586454313824e+01 5.259022569393304991e+01 3.491164676475258943e+01 4.473236487008003337e+01 6.470567351716368876e+01 7.801466239789152723e+01 8.859102878309506934e+01 7.444384866605487616e+01 9.058008753319367656e+01 9.872428144098702774e+01 8.662923409123247609e+01 6.682212642278012993e+01 6.508131395596586799e+01 7.680646346377190525e+01 5.685672610052451859e+01 7.102082140804327537e+01 9.077423880630166764e+01 1.066115425594015704e+02 8.636718565667590042e+01 7.174922030327431344e+01 6.534710326579360640e+01 7.249809038364286096e+01 8.694870242027400309e+01 8.690465579743467117e+01 7.301968950947916426e+01 5.569568239189402448e+01 4.173817817732486901e+01 5.814296243621923566e+01 6.383205347420830122e+01 4.994021750950462746e+01 3.679149437588678495e+01 4.407397105809091187e+01 4.894446059512419822e+01 5.972241870405790110e+01 7.915388702483012651e+01
6.909158853170309555e+01 8.357792875806919142e+01 7.207364013789560886e+01 5.625830600911388046e+01 3.640405618327830695e+01 5.625463649476089500e+01 4.928285974243576817e+01 5.942985258915953750e+01 8.030491271308392243e+01 9.372238441143765897e+01 1.017124456250525100e+02 1.005230651021386734e+02 8.087422085319531107e+01 8.662923409123244767e+01 7.505510647943441427e+01 8.056155313958397812e+01 6.069151594793054016e+01 7.478835641112395649e+01 9.449838058464307267e+01 1.066109166448381558e+02 8.636718126850279020e+01 9.229662051272352130e+01 7.747199626249818039e+01 9.306581981699534367e+01 9.052096110812834695e+01 7.661656118084871991e+01 5.913472322152378524e+01 4.527150650159996559e+01 5.569568239189402448e+01 6.957795445928351796e+01 7.771120407120851326e+01 6.459091076610626203e+01 5.644086608288196061e+01 3.752902048870073060e+01 5.720107016397474098e+01 7.238844609421650489e+01 8.059484785022476672e+01
8.063389245596697208e+01 7.534387802040961901e+01 5.533237819810477021e+01 4.382724572722846546e+01 5.625288101330461643e+01 3.864282325285373787e+01 5.857554650844427613e+01 7.801466239789152723e+01 8.890456492125700549e+01 8.937794660936846469e+01 9.796509847375293134e+01 1.085984158781029691e+02 1.005230651021386592e+02 9.476296654810435882e+01 9.476308937882188843e+01 7.884427387486161365e+01 6.479417938473656591e+01 8.460554871526638010e+01 1.014993547711699051e+02 1.112877182727824135e+02 1.007278628467565085e+02 1.061993485472327450e+02 9.788931893962893582e+01 9.455618916058038792e+01 8.059607310275190173e+01 6.270663715788917614e+01 4.898843476998460034e+01 6.485996255069147765e+01 7.301968950946580605e+01 8.346022661450929547e+01 7.846077350480391033e+01 6.136976181156870069e+01 4.017729306521543720e+01 3.804909246331891381e+01 5.774100025473702402e+01 5.277467010985774465e+01 7.237395499911907848e+01
8.784887774203147615e+01 6.791045718539723453e+01 5.378544344477949579e+01 6.378601576600273404e+01 6.026327667091191387e+01 4.028501311678546415e+01 5.438694026540688498e+01 7.445332988151963605e+01 7.533734135581120483e+01 6.952153223586095976e+01 8.937794660936846469e+01 1.018250745224063820e+02 1.101373414833544473e+02 1.142939444726002733e+02 1.065786800378665617e+02 9.085186004898073975e+01 7.109991042188840993e+01 7.370200057181627074e+01 8.361843220391604348e+01 1.032330957793907800e+02 1.208138649123374648e+02 1.064850371061553176e+02 8.654036693085771503e+01 8.491589251411350858e+01 6.663810504529996592e+01 5.301910918892813385e+01 6.844157673950260801e+01 6.018661104731516787e+01 7.971806958239963592e+01 8.409946090283587239e+01 6.458246373448356792e+01 5.033278964336982142e+01 6.136354454219966925e+01 5.751313395761329161e+01 3.878668517125185389e+01 5.818443985154853237e+01 6.726332398094319842e+01
8.767605908361271361e+01 6.789603961297795820e+01 7.375030613741262187e+01 7.139142812472384492e+01 5.171904594060104898e+01 4.196540441140143685e+01 6.199826147556383660e+01 6.697286986694136601e+01 5.651861570344406971e+01 7.533734067947487745e+01 8.535536608954083704e+01 8.165167121156667918e+01 9.583716648540115557e+01 1.041510974607179207e+02 1.142216537026356349e+02 9.781061328442117997e+01 7.812816759043742820e+01 8.514268612212842413e+01 1.015049651569535740e+02 1.112926146259205495e+02 1.080870322769890350e+02 9.810575693268273767e+01 8.654036693085771503e+01 6.683438841432425193e+01 5.726229248138004380e+01 6.663810504529996592e+01 8.059714710294015561e+01 7.136377770942708310e+01 8.795155007285519844e+01 8.409946090283587239e+01 6.458246373448356792e+01 6.458246373448294264e+01 7.237182549124703712e+01 5.277393752194025467e+01 5.850988682650768880e+01 3.952779910426581722e+01 5.904367589041842734e+01
9.569883344338485642e+01 8.746108273208749040e+01 8.173645742338577236e+01 6.158068491032146596e+01 4.748317607452441536e+01 5.212385051010903680e+01 4.472255748707736700e+01 4.693812612226626868e+01 4.919189143740668158e+01 6.924035743779904806e+01 6.523234240046511445e+01 8.504427819004396838e+01 7.564737800131413792e+01 8.574035491711538270e+01 1.059355642992601787e+02 1.058843632795793326e+02 8.698950202458549086e+01 1.047407812255774360e+02 1.128042186057224967e+02 1.139549796625622804e+02 9.394839974884324363e+01 7.985510457989796862e+01 7.002007759455584335e+01 6.216087330197118632e+01 6.834709525702290023e+01 7.668737767259104032e+01 9.455618916058037371e+01 9.113024451151031258e+01 9.939542019750869883e+01 9.233908633477447836e+01 8.409946090283587239e+01 8.409946089318684415e+01 8.059561776338172479e+01 7.238458881806042200e+01 6.742234941458472974e+01 5.928275974702911100e+01 4.027408715291918639e+01
1.058991087687901711e+02 9.081295903657540691e+01 6.859290263637568330e+01 5.347704773137569134e+01 6.748417399934457706e+01 7.052695622513620322e+01 5.473504848326877692e+01 5.159966818062419947e+01 6.924034064435372215e+01 5.259108521054805863e+01 5.860652958506900490e+01 6.491264299984548813e+01 8.504562882318900563e+01 9.766640468201008218e+01 1.142225922308737154e+02 1.146227323821690760e+02 1.008696007817047473e+02 1.146225376873428843e+02 1.166496316720876507e+02 1.083719596748545797e+02 1.012965080996245320e+02 8.799795419028824028e+01 6.822001011531780534e+01 7.335185395147544796e+01 8.808041532699340337e+01 9.634667175183106735e+01 1.047812846427055433e+02 1.006824843794986606e+02 1.064046980039398562e+02 9.303539347502092483e+01 8.495785653383052249e+01 8.494818394645494664e+01 8.514803243345073724e+01 7.269078475761773461e+01 6.233233604502322578e+01 4.254104119581850085e+01 5.944697698821006071e+01
9.808866646176007009e+01 7.859952812258136134e+01 6.739098742162931899e+01 5.861431617536401717e+01 7.905513731931367261e+01 7.482774090986153226e+01 7.482724223676540021e+01 5.659449021557539083e+01 7.663597413869258901e+01 7.262784420390812556e+01 5.650778953638982927e+01 7.656196255800708173e+01 6.913619696210169252e+01 8.931124901796685833e+01 1.070653208185383392e+02 1.154095441768588586e+02 1.203147057231701069e+02 1.199310172072497949e+02 9.991012014802953445e+01 8.835955152368637755e+01 8.131417448980479890e+01 7.535188191182450623e+01 7.956668219986138979e+01 9.320700190144032149e+01 1.014830550341062434e+02 1.087985039704299481e+02 9.504172547951515071e+01 8.128411649720092669e+01 8.696576690597461834e+01 8.495817261418652322e+01 6.570735589114759989e+01 6.570721750862435329e+01 6.647432684679338877e+01 6.455874073943876112e+01 4.492158235629239726e+01 6.199702146893640986e+01 6.153525517540973055e+01
1.023470516345847443e+02 8.178933804152497089e+01 6.726658729945495452e+01 7.855859235118730055e+01 8.758802078665270585e+01 9.510649016093275065e+01 8.200545997694159439e+01 6.191468364736054042e+01 8.200545985526737525e+01 8.489583864891795884e+01 7.065709947038342875e+01 6.061199151898121329e+01 8.071066850577776108e+01 7.920248855482154227e+01 8.684015678385382841e+01 9.852973307203167508e+01 1.187276262740593751e+02 1.281976433209631523e+02 1.166496316720876507e+02 1.083719628095770418e+02 1.012965081233324298e+02 8.681933867218221224e+01 9.951521321294991651e+01 1.077929941438157186e+02 1.131602507758625791e+02 9.368454442184267350e+01 8.128411642568306661e+01 6.761807209224076587e+01 7.729191734163482863e+01 7.551046739561057564e+01 7.134576720700145813e+01 5.230094041069174438e+01 6.538847213539909831e+01 4.737980259255579085e+01 5.488964586137321788e+01 7.078177501729184939e+01 6.390704086103151838e+01
1.063908891535058387e+02 9.497592740089619667e+01 7.553904474524635759e+01 8.250918157777201145e+01 1.013068747916736072e+02 9.475901018121575703e+01 7.459387673180971490e+01 7.085873879002807030e+01 9.033252378189125409e+01 9.909937695227840493e+01 8.451567212830684639e+01 6.437473195505707224e+01 7.217697687435109799e+01 8.225483784898284512e+01 9.655760347487590423e+01 1.154095441768588586e+02 1.270641241143090383e+02 1.312643745444008232e+02 1.283830091098009518e+02 1.226366750608790284e+02 1.150950261062445463e+02 1.068176236513461674e+02 1.088320021830016486e+02 1.007324712813270224e+02 1.008881052411902317e+02 9.368447290962409113e+01 7.429149152685400281e+01 7.729183182956241183e+01 5.818569574686434720e+01 5.646705628800348364e+01 5.474079153753140758e+01 6.918947069232308422e+01 4.984539721486475372e+01 6.638260323328186985e+01 7.243424501029333840e+01 7.550779043223077736e+01 6.455400538587626613e+01
9.821300564976324665e+01 1.070999581062427950e+02 9.902688169337463364e+01 1.008994005885016065e+02 1.092730331399868504e+02 1.030653710301558448e+02 8.886102363008978955e+01 8.511921928440467866e+01 9.102334684834859502e+01 1.001615823391090885e+02 7.992515084817561899e+01 6.829267696296605550e+01 8.847807317047060849e+01 1.007270920378282426e+02 1.108373855941973432e+02 1.251459795028880251e+02 1.312619842788845972e+02 1.117157992226105847e+02 1.088701457474370642e+02 1.031683289479952634e+02 1.169658294860645498e+02 1.109910029626784649e+02 9.762631808755048723e+01 8.138338473115351235e+01 8.150602177746604582e+01 8.487320728177715523e+01 7.997107639521991018e+01 6.073873514777013582e+01 7.729189243774193585e+01 7.551046739561057564e+01 6.312022461226823822e+01 6.514160640735461527e+01 6.512580031002845260e+01 7.782168763457100624e+01 7.905346393137091354e+01 6.784603100705611212e+01 4.936312804834788892e+01
8.718005809995594291e+01 1.053552270986789665e+02 1.067548970588746187e+02 1.123273925368534520e+02 1.067966576359612958e+02 1.147204076402669273e+02 1.089980093036382840e+02 1.052771716873534444e+02 1.111456866803582386e+02 1.085296487682093272e+02 9.407925894556248636e+01 7.386276061940641569e+01 7.836133423740918147e+01 8.740907485241322661e+01 9.915191432812225969e+01 1.200488241136257557e+02 1.263958928828254926e+02 1.070467444771025072e+02 9.597745468864290785e+01 8.963500266647189108e+01 1.018525714813586944e+02 9.165904443788890887e+01 8.956127848685306958e+01 7.008948266252997428e+01 6.771821765633718826e+01 6.545094546486221532e+01 6.342602674374141714e+01 7.997163019524762717e+01 8.803460800338628189e+01 8.236339276469566073e+01 7.668772196220709247e+01 7.852342914881376146e+01 8.869118591502338234e+01 8.462052417413845262e+01 6.560866644638981882e+01 5.269038684976622022e+01 6.790352121207256175e+01
