MOVIE_S9_data/elevation_000814.asc
nrows	100
cellsize	150.0
xllcorner	0
ncols	100
yllcorner	0
NODATA_value	-9999
[rows 51 to 67 of 100, columns 0 to 36 of 100]
6.455108993161302877e-02 2.006455108993125691e+01 1.936021054669578234e+01 3.092113036266981396e+01 5.097038573543500206e+01 5.671078661057242698e+01 6.258150945107333740e+01 6.305351548306989429e+01 7.134850442303886098e+01 6.078728417227781478e+01 4.113512891489255452e+01 2.955855655781791214e+01 4.796226573907036084e+01 4.253610103957571198e+01 6.283462639215880330e+01 7.171027431401172691e+01 5.127537936635936688e+01 7.171027431401172691e+01 6.376727610542739200e+01 4.400951522204223210e+01 6.376727610542739200e+01 5.939344060533301217e+01 5.130813229827577970e+01 3.125368498958092900e+01 3.520967788372367835e+01 3.949038832866242643e+01 4.397202001457126386e+01 4.952157754560604275e+01 5.554785376711235045e+01 6.261191105319112182e+01 7.678929061226985198e+01 9.701548562288890309e+01 1.027503249270436072e+02 8.276512341550026974e+01 7.863198001457453756e+01 9.690812916300588142e+01 8.921262531853258793e+01
3.995603441288197999e-02 6.706647064251871626e+00 2.085538316822407978e+01 4.089149397135996367e+01 4.938831823072285943e+01 3.665738106926281858e+01 4.253088756642848267e+01 4.299604566506617687e+01 6.305351548306989429e+01 6.877566479456302773e+01 5.338417330141584216e+01 3.360657994918587121e+01 5.338417330141584216e+01 6.273189371664059166e+01 7.140521664111930988e+01 7.908384659565265906e+01 5.846154199106371863e+01 7.908384659565265906e+01 7.215578979052948227e+01 5.529262109397175351e+01 7.215578979052948227e+01 6.320142974587447071e+01 4.325456436420593320e+01 3.324763135500231215e+01 5.329318982712176478e+01 5.952261683558206329e+01 6.400129999273768533e+01 6.955855867480023846e+01 7.560645428828823356e+01 8.271340597327875344e+01 8.271340597327875344e+01 1.029729507664592347e+02 1.110511349104980638e+02 1.027503249270436072e+02 9.274341426924809184e+01 1.069036870395455594e+02 1.092175285140548766e+02
4.804567899273937126e-02 2.004804567899238421e+01 3.472537962941821377e+01 4.323054470056010246e+01 2.934099074926386663e+01 2.248925213740827544e+01 2.882236074227862943e+01 4.039300038868871212e+01 6.045155373585708958e+01 6.717445901128890284e+01 4.767204993138653180e+01 5.337257963112568859e+01 4.047560537714788609e+01 5.442331175634324580e+01 7.372771071410166144e+01 8.699523288840467217e+01 7.031264950444594319e+01 8.765542816702752305e+01 8.378965528044916766e+01 7.534387578451485012e+01 8.221839815729013878e+01 6.283402060114162424e+01 5.763130127021742766e+01 3.826920360863806536e+01 3.642611540151189331e+01 5.671888664296574234e+01 6.544371780648221204e+01 6.982290813290791220e+01 7.443267058250080481e+01 7.946625712864384639e+01 8.585662134224790520e+01 9.303889858706433813e+01 1.015242206482282370e+02 1.133499678338262839e+02 1.127572355848393215e+02 1.007271737698272744e+02 9.243097167952124948e+01
9.707512844716031930e-02 2.009707512844680366e+01 2.433145179614722764e+01 2.885311099104563226e+01 1.517904045807960145e+01 3.521271702391575786e+01 4.887074256131496952e+01 5.717227504405248339e+01 6.874826220705641333e+01 7.513136031746839194e+01 6.717445901128890284e+01 6.655812308180802006e+01 4.710376649978638142e+01 5.291471565111225317e+01 6.396191901498529120e+01 8.226423232530794394e+01 9.106552464384122914e+01 9.962017558861438715e+01 1.007572823826909172e+02 8.955105386460138561e+01 8.147365239052180641e+01 6.585130859666344350e+01 4.612252876881952091e+01 5.811304494199274018e+01 3.932369134865254523e+01 4.160490173588883778e+01 4.539004424208025057e+01 4.975493697944421001e+01 5.433918191099667894e+01 5.933191094407170851e+01 6.564851534922840415e+01 7.272435081037809823e+01 8.438292140195697755e+01 1.048631833164994873e+02 1.021576522159955687e+02 9.067685297513828857e+01 7.230057382172842040e+01
5.001202446392439237e-03 2.378564795608139271e+00 4.769025563727461225e+00 8.851741451032580699e+00 2.300562816509847863e+01 4.303299278567998698e+01 6.033058070683183161e+01 5.203636681930724706e+01 6.023223598085802877e+01 6.851772913891839778e+01 8.007896727738817333e+01 7.450881200635295443e+01 5.844773227566629714e+01 6.304808171451345800e+01 7.970188216205612264e+01 8.987356286059008426e+01 8.817611402709492552e+01 9.647461801851623875e+01 9.262849537921307785e+01 7.330774057234634711e+01 6.203887905593146002e+01 5.503433707832938637e+01 6.585130859666344350e+01 6.220182623861776960e+01 4.224834538238668102e+01 6.161221396172025067e+01 6.544350072337098823e+01 5.953904606051780490e+01 7.443267058250080481e+01 7.946625712864384639e+01 7.573410817730353983e+01 9.303889858706433813e+01 1.015242206482282370e+02 9.955618329998242189e+01 8.794565124586546290e+01 7.373365027573545660e+01 6.216802241379362215e+01
5.279685921607564503e-02 2.005279685921572153e+01 2.478132703939542125e+01 9.082756345129146425e+00 2.911743429579563625e+01 4.198887429134954630e+01 4.493376987353193641e+01 3.193851467977964020e+01 4.015653840533132524e+01 5.175971580541463624e+01 7.180590912797450187e+01 8.563200882499207012e+01 7.766087299147223177e+01 8.214985107126248920e+01 9.000903687941787723e+01 8.493637312685315521e+01 6.821180550666714737e+01 8.184221836443086318e+01 9.013314181615594123e+01 8.955105386460138561e+01 8.147365239052180641e+01 7.460242238266560832e+01 6.866713343647784029e+01 4.873971832448545882e+01 6.220182623861776960e+01 4.790862381323027819e+01 5.606098852652966968e+01 7.596389219188000652e+01 7.596804074796749262e+01 9.629908246830754592e+01 9.607241560617134724e+01 1.045476959126975487e+02 1.069917675083734281e+02 9.125651301730036380e+01 7.111630412516764466e+01 5.941939921612667064e+01 5.499101487927547538e+01
5.738623160518319517e-05 2.000005738623125140e+01 3.741718687819496125e+01 2.911743429579563625e+01 1.361431571384121497e+01 3.367895832985832527e+01 2.482367356655565516e+01 4.493376928242667390e+01 4.269439003485569373e+01 5.274035968099407512e+01 6.690938902313685333e+01 8.680866422690007767e+01 7.963720483749109746e+01 8.549459406661338789e+01 8.071485547818865314e+01 7.245075022425346845e+01 5.687815893042817805e+01 6.199429223227810581e+01 8.184221836443086318e+01 9.353761300074148721e+01 8.978812564494053561e+01 6.987034515723527761e+01 5.580050170734071457e+01 6.866713343647784029e+01 7.253169824198667470e+01 5.261944452960223373e+01 7.253169824198667470e+01 7.013021233597648063e+01 9.004764121854485381e+01 1.047642137301847782e+02 9.630203662966550837e+01 8.797744361379101008e+01 8.689840886600622127e+01 9.045260216957498756e+01 8.213730192237888161e+01 6.882630824705921668e+01 4.857702986666789968e+01
4.532054705376769438e-02 1.418745617078484322e+01 3.418745617078554488e+01 4.198890262077536306e+01 3.367895854005161027e+01 1.847329700647906137e+01 3.857667003810836803e+01 5.321329561401131514e+01 6.266744536360831574e+01 7.098563736518067913e+01 8.094689702066807513e+01 7.386679219389192497e+01 5.981021838057353790e+01 6.561740826331089238e+01 6.932652442123978176e+01 5.281528993864046839e+01 4.829387066392414596e+01 5.552665950744871992e+01 6.530099917993831582e+01 8.523866800500321972e+01 9.197889477852753259e+01 7.204645762840914358e+01 6.210523754187544654e+01 8.199327887810568427e+01 7.766793521483018026e+01 5.777405347797603952e+01 7.766793521483018026e+01 9.004764121854485381e+01 9.835980234522010335e+01 9.184274242048309134e+01 8.347871746314613972e+01 6.780919846887208280e+01 7.263617780771059529e+01 8.213730192237888161e+01 6.195180812128719339e+01 6.429843195167198644e+01 4.405923698560802393e+01
9.001595176218035732e-02 2.009001595176182420e+01 3.379494798383738186e+01 4.208496999062950295e+01 4.689822583668528466e+01 3.268821615951224402e+01 2.798432381903227650e+01 3.816088467156870223e+01 5.263831633563284385e+01 7.347231500817993322e+01 8.133614331155845889e+01 6.561740826331089238e+01 4.607467479847166203e+01 6.378814291004939463e+01 5.560719556454536416e+01 4.182718692941686101e+01 6.111444854281268846e+01 7.526983359247071803e+01 8.355446244552361179e+01 9.353761300074148721e+01 1.003035355045368107e+02 8.902497450993655548e+01 6.913633585190689246e+01 8.902497450993655548e+01 8.395299307729938221e+01 6.407643270766033083e+01 7.766589847566311278e+01 9.759754257977034797e+01 9.513042022773034034e+01 7.496726503207349879e+01 6.327831852357289222e+01 5.610276226250065434e+01 6.894557305181476181e+01 7.728966893253213755e+01 6.786400237402787639e+01 4.764275053332151799e+01 3.987037470450201226e+01
5.674351268809080251e-02 6.723410179355001404e+00 1.379447799128002394e+01 2.534148523843019873e+01 4.534334765557738933e+01 5.279266644877174741e+01 4.004390476889291506e+01 5.687016095141630245e+01 6.727499310056713000e+01 6.979386358911449406e+01 6.156393644109954266e+01 5.823094930811313930e+01 3.885806883277565049e+01 5.051728033906295678e+01 3.638353240421086099e+01 5.560719556454536416e+01 6.407631322128010254e+01 7.596941212186146686e+01 8.091693492526627551e+01 8.063985526166607087e+01 8.893052748755228265e+01 9.734398366834147964e+01 8.058552722507428712e+01 9.734398366834147964e+01 9.224134903261698071e+01 7.553610277384726146e+01 7.811323765251476914e+01 9.803411865576494222e+01 1.035442591149636371e+02 9.184274242048294923e+01 8.347871746314606867e+01 6.894557305181476181e+01 4.869687636060141500e+01 6.237563251437459400e+01 5.904942570844274741e+01 5.585554252996868030e+01 3.602875880541333942e+01
9.518805923843161321e-02 2.009518805923807605e+01 3.379494798383738186e+01 4.208496999062950295e+01 5.364151507684020714e+01 6.884259488764057267e+01 6.189195087228514325e+01 6.647184532785776412e+01 6.979386358911449406e+01 5.021228661384125758e+01 5.380997468889388813e+01 4.209480253362166025e+01 3.246487892521668783e+01 3.126325009673887934e+01 5.051728033906295678e+01 5.571157092227424812e+01 5.942973058582322210e+01 5.237241564781555070e+01 6.502942719546680905e+01 6.082818743798645755e+01 7.478219861093346310e+01 9.478148939158960218e+01 1.005534738949579747e+02 1.089056083895272593e+02 1.037662641566755468e+02 9.545067905268184916e+01 9.804338837683283714e+01 1.063383423905554679e+02 1.034727919533231244e+02 9.186947052135744229e+01 8.355390064710408637e+01 7.641510106262910540e+01 6.237563251409048348e+01 4.214370528204810995e+01 3.885034606994211970e+01 3.569915993255369813e+01 3.267376692563586005e+01
9.062254805971975413e-02 1.163763152343415719e+01 2.578007954928817114e+01 4.579583722965574566e+01 5.249316172322535579e+01 5.693407626085346607e+01 5.966977799072144961e+01 4.432033162888815525e+01 5.234463068061707247e+01 5.380997468882967638e+01 3.443220696957709492e+01 4.262392371141637426e+01 2.629863871440159073e+01 2.957994899240900821e+01 3.292114174013505590e+01 3.632874427974534370e+01 3.994525057225997244e+01 4.410940342092684574e+01 4.860237839296353712e+01 5.719417113203802927e+01 6.696738353859366555e+01 8.104144077154536774e+01 1.010925641766476843e+02 1.009509214781684818e+02 9.247052029377222482e+01 9.247052029378204452e+01 9.472288403269055834e+01 1.031944345268668712e+02 9.516965932897524283e+01 7.505057512351521609e+01 6.336232626428927261e+01 5.618695174397948477e+01 5.007182459124742735e+01 5.645419892484096636e+01 5.904942570844274741e+01 5.585558436538365612e+01 4.958171993581544257e+01
3.063233560239582431e-02 1.417277075971030520e+01 3.417325724639081841e+01 3.964258203561670513e+01 3.369101845472054890e+01 5.249367128809208083e+01 5.080835977776967383e+01 2.807100382976272712e+01 2.977459784650993768e+01 3.865447212856048509e+01 4.262394037456608231e+01 2.318063014050984094e+01 4.262394038760432124e+01 4.891371690021929197e+01 5.225598931495531474e+01 4.995334374426289514e+01 5.364105438283732497e+01 5.778472277252242861e+01 6.230135159433301340e+01 6.230135159433301340e+01 8.213282730061348502e+01 9.521473254375931106e+01 9.516783565158677050e+01 9.247052029376266091e+01 7.183807687572524969e+01 7.183807687572524969e+01 7.409609295277176955e+01 8.975527479018660415e+01 9.824019714494842503e+01 9.186947052135744229e+01 8.355390064710408637e+01 7.641510106264361468e+01 7.031608456323893108e+01 7.667123779223413749e+01 7.486974417484643141e+01 6.168062145484767456e+01 4.151717705699860517e+01
5.666595628964066211e-02 2.005629368564756732e+01 2.963592825091466665e+01 2.012675907561154176e+01 3.964258172502592004e+01 5.238960361488441464e+01 4.043100475233193691e+01 3.216220766727492730e+01 1.434413925867427508e+01 1.591687257047284909e+01 3.603737906330585616e+01 2.109214756924981060e+01 4.058575069178835548e+01 5.623174758705422960e+01 6.443237286113159712e+01 6.961316107065478320e+01 7.340483118325812484e+01 7.756162106058259553e+01 8.213282730061348502e+01 8.213282730061348502e+01 9.042420630971402318e+01 8.909146312865182438e+01 7.454832409670953552e+01 8.909146312864744743e+01 7.788117964042641006e+01 5.734603872693534043e+01 7.518259298511571842e+01 6.914639054130775264e+01 8.975527479018660415e+01 1.090828662226405896e+02 9.613646210389121904e+01 8.784099563857817827e+01 8.564603679902405986e+01 8.080432325417174866e+01 6.062336999656923098e+01 4.632788119595735310e+01 3.734814572470296667e+01
2.110006612196471329e-02 1.354433399448951469e+00 2.135348050010591336e+01 1.264844316635204535e+01 3.241760435414099817e+01 3.829570178421466409e+01 2.416149171071533175e+01 1.217195176217745001e+01 2.544027756431995968e+01 3.086224476500080272e+01 1.816821962479759733e+01 2.074273135953859892e+01 4.027499537869339719e+01 3.676473611518446916e+01 5.046717827545613488e+01 7.014864900035418316e+01 7.898065405879741263e+01 8.186531111918999670e+01 8.265806779217302847e+01 9.093523756543709169e+01 9.516783565156029567e+01 7.454832409670953552e+01 6.003112857214640030e+01 6.959972208339213751e+01 7.168960169250641457e+01 5.120790769174983836e+01 5.466981961342120400e+01 6.914639054130775264e+01 8.975527479018660415e+01 9.593069134353481786e+01 8.071943860256247660e+01 6.769819054748447229e+01 6.549126947561794054e+01 7.971761836551209512e+01 7.486974424014870522e+01 6.584401461814103129e+01 5.749767841389042644e+01
9.367352646185668485e-02 2.009367352645855220e+01 3.252749377324980706e+00 2.324959210182040081e+01 2.658757732540314933e+01 2.798969176291425143e+01 1.002931941006798233e+01 3.001951314292353956e+01 3.687637768351464018e+01 4.152476109612820210e+01 3.179742977169215834e+01 4.025415965568027588e+01 2.446768354445311289e+01 4.391972848950715047e+01 5.220483318680149409e+01 5.100500143115291252e+01 6.200177473083236634e+01 6.200177473083237345e+01 6.274196547404611124e+01 8.265806779217302847e+01 9.480725501236400987e+01 8.681460443387122439e+01 6.959972207319006543e+01 4.913195401866365586e+01 6.044625855845040263e+01 4.557017789337989910e+01 6.600900185188437774e+01 7.518259298511571842e+01 9.577668116089998307e+01 8.763331889360374305e+01 6.749030487205803297e+01 6.053868986265390362e+01 5.116403195688351246e+01 7.139446415140656654e+01 8.321176385374450035e+01 7.276385408148921385e+01 6.442085845917965514e+01
3.648181865326004941e-02 2.003648181865290567e+01 1.406873585438750496e+01 5.205791810602168113e+00 6.597177794137409457e+00 7.998491854671344825e+00 2.798969176291425143e+01 1.732509261748032259e+01 3.736219642303345978e+01 5.426455528226960467e+01 5.005340127651550119e+01 5.189467523287359541e+01 4.391972848950715047e+01 2.849410331714418732e+01 3.284593630877289172e+01 3.737003240343884869e+01 4.246273507388563928e+01 4.885481061605641173e+01 6.274196547404611124e+01 8.265806779217302847e+01 8.429456195149488451e+01 6.743930157601545261e+01 7.099473285680969070e+01 6.044622888524047966e+01 4.005868746163505278e+01 6.044625855845040263e+01 6.600900185188437774e+01 8.656672494176429211e+01 9.127992236629357592e+01 8.297576260399294767e+01 7.118661681543242992e+01 5.097001190052282737e+01 4.400667784762975998e+01 5.469374096141332586e+01 7.489375824384553937e+01 6.442085845917965514e+01 4.418211066328866110e+01
