MOVIE_S9_data/elevation_000941.asc
nrows	100
cellsize	150.0
xllcorner	0
ncols	100
yllcorner	0
NODATA_value	-9999
[rows 34 to 50 of 100, columns 0 to 36 of 100]
2.064481644892168788e-02 1.486467323164043997e+01 3.665072935438683999e+01 4.382763969337641896e+01 4.019609757201051536e+01 3.190506056830402670e+01 2.025205386989605572e+01 3.975993249019136044e+01 5.038074153445044345e+01 3.045475943455956624e+01 5.038074153445044345e+01 6.930510899324734453e+01 6.239428945467493293e+01 4.239260138907417996e+01 5.269215087465030223e+01 7.269942232551298389e+01 5.590390893141484696e+01 7.522889375740129481e+01 8.566192087002755784e+01 8.184155191911229110e+01 6.511876790871443177e+01 8.184155191911229110e+01 6.947539668362259135e+01 4.940039775388370202e+01 6.947539668362259135e+01 6.567115855670317615e+01 4.584932595455140358e+01 5.994137103866974314e+01 4.412167780194761235e+01 6.394661273163001880e+01 7.216563173633602446e+01 6.790827149633800275e+01 8.081807059625447209e+01 7.499876880290878489e+01 9.486710790929166137e+01 1.053042247347056701e+02 1.022272867539847425e+02
2.905961989428186565e-02 2.002905961989392836e+01 3.135593141352722313e+01 3.802259808019435638e+01 4.630686932765655683e+01 4.605685256952565965e+01 2.614424287504588662e+01 4.605685256952565965e+01 5.742569595371352875e+01 3.749956057397039899e+01 4.109956146437283309e+01 6.103861275591847146e+01 6.995788482874961289e+01 4.994649245142964133e+01 6.239428945467494003e+01 8.098483468559263088e+01 6.743078541143154325e+01 8.416622199502820934e+01 8.772860330703501575e+01 6.771786076807954657e+01 5.360757688970929280e+01 6.464743706440881965e+01 5.962880473994383834e+01 4.338667799055276220e+01 6.330793288331542357e+01 7.311676273880195254e+01 5.929291119530468990e+01 4.007154289069961095e+01 5.994137103866976446e+01 6.031300411315730514e+01 8.011431700886672047e+01 8.772552591006677858e+01 9.598607806805770792e+01 9.486710790929166137e+01 1.031365831743983250e+02 9.900594650495216342e+01 8.236476529165112481e+01
3.542675937824442400e-02 5.582428721630559032e+00 1.135593141352686786e+01 1.802259808019365295e+01 3.802259808019435638e+01 5.448444750263566760e+01 3.476325241989994197e+01 5.448444750263566760e+01 6.569278894495536747e+01 4.639221717102002174e+01 5.259673687304827183e+01 6.930510899324734453e+01 7.824402916056826029e+01 6.149985123660913189e+01 7.824402916056826029e+01 9.068755256099662176e+01 8.742964952165951331e+01 9.571196579321237152e+01 9.356390076186139027e+01 7.357887156066244927e+01 6.464743706440881965e+01 4.469629549314534955e+01 3.953019767981230359e+01 3.783353578711588483e+01 5.754785960249917309e+01 6.245339909745439400e+01 5.456809952895260096e+01 3.778339259757888158e+01 4.930330217445876428e+01 6.911072157403096128e+01 8.835860841564894486e+01 9.389078936967020184e+01 8.565509548753520619e+01 8.348524596395306219e+01 8.591857509403251925e+01 9.013715155976730387e+01 7.096034261047056191e+01
3.411803931810562102e-02 2.003411803931775026e+01 3.135593141352722313e+01 3.802259808019435638e+01 3.216473370392510134e+01 5.216473370392580478e+01 4.650886871831843905e+01 6.360501302760157216e+01 7.461904088750598874e+01 5.790408750836669327e+01 7.257042966751438939e+01 8.083218064269360070e+01 7.862829777108436247e+01 8.151177358167551290e+01 8.979580316057489142e+01 1.022261918579520028e+02 9.398328729642949497e+01 8.680648985755463798e+01 7.531083839368723432e+01 6.706781458762094417e+01 7.169190077958970164e+01 6.368965397000921769e+01 5.258840332340130175e+01 3.266063387365996817e+01 5.027742750096134472e+01 5.132425725699477681e+01 3.465151593017373699e+01 4.876135190181774703e+01 6.587908101192559229e+01 7.733556292102888108e+01 7.575786678894974102e+01 7.795396403163096011e+01 6.588254581881018623e+01 6.372250439537334188e+01 6.615009082505694948e+01 7.444470206411452295e+01 6.216668857104384927e+01
3.327314952832965272e-02 1.158027853332074564e+01 2.572241415705144618e+01 4.572241415705073564e+01 5.216473370392580478e+01 6.044900495138800522e+01 6.705708552015612156e+01 7.539960791480415025e+01 8.615074433153759514e+01 7.789202386445234083e+01 7.614416676700001574e+01 6.791596716542963463e+01 5.874824936872113312e+01 7.282534729397184492e+01 8.278924914115522427e+01 9.078018311542673757e+01 7.418931095362914618e+01 7.856948150061408853e+01 5.864801003063115559e+01 4.715451565457405536e+01 5.557086608809066774e+01 5.555188091689187502e+01 4.682363054553335502e+01 2.922232371374179394e+01 3.042046282120461953e+01 3.161855632572792274e+01 5.154807851890468839e+01 6.181712045101800612e+01 7.676550852469132735e+01 6.998215522165668290e+01 5.598528622615546624e+01 5.818888874865354666e+01 6.621837189343013108e+01 4.975585078858411947e+01 5.220466849355911876e+01 5.472380648162103256e+01 7.444469574194992845e+01
6.779948344387334846e-02 2.006779948344351894e+01 2.829374030809635698e+01 3.279310978524144105e+01 3.819189373776505647e+01 4.405059260602633486e+01 5.087020268686873692e+01 5.928526672711405610e+01 6.998892659097771229e+01 6.907860522320405039e+01 6.066654538427483345e+01 4.807083854513700061e+01 4.471502932266545827e+01 5.464300502906098700e+01 7.282534729397184492e+01 8.255522972637591295e+01 6.261606021870669991e+01 8.255522972637588452e+01 6.931196470632278306e+01 4.945193936640534815e+01 3.583369710105963435e+01 4.601582580767043140e+01 2.760514585436332524e+01 4.758296677715852496e+01 5.035496316254598526e+01 5.154809358849286127e+01 3.367997570311962363e+01 5.360281403430363412e+01 5.720636744452405509e+01 5.873652382321188981e+01 4.193645681243842205e+01 4.416524805865034864e+01 4.643147142253727111e+01 6.043053253380281120e+01 7.194014570366317685e+01 7.444470206410069579e+01 5.893046313194038532e+01
9.516927588586144779e-03 4.092002462072369617e+00 8.262325294230505435e+00 1.273473476209379740e+01 1.808199548145944391e+01 2.386387250145540762e+01 3.055936382849851540e+01 4.070070811877101136e+01 6.141630448500013273e+01 6.064985550437120310e+01 4.073179145898436104e+01 3.661815623173811218e+01 3.479843726188280328e+01 4.471502932266545827e+01 6.457098073545657257e+01 7.501893203114516950e+01 5.488697593667667718e+01 6.552863691582506078e+01 6.032182469582530615e+01 4.945201813091490806e+01 3.008993681418073152e+01 2.596713009697564090e+01 4.601584967770877199e+01 4.176414763045701761e+01 6.163083887901929359e+01 6.181832605365893585e+01 4.779470580132594648e+01 3.577911277750867214e+01 3.730892844675874898e+01 3.885472260349919793e+01 4.110221728616148340e+01 6.095627091198609548e+01 6.621837219318318546e+01 7.442457445350662226e+01 8.841680406716670859e+01 8.687441805618361457e+01 7.284784383084966919e+01
1.945935296826603253e-02 2.001945935296791035e+01 2.829374030809635698e+01 3.279206750614301313e+01 2.910601576067945473e+01 4.405059259958389362e+01 5.087003871224440843e+01 5.927949788753793570e+01 6.931647523086843421e+01 6.071233739430852694e+01 4.634722312244018383e+01 2.677131552681637672e+01 4.654149416311622645e+01 6.288684906456141022e+01 7.282534729397184492e+01 7.970371241231117665e+01 5.965712839751802221e+01 4.536273990096089648e+01 4.044902945955392681e+01 3.607669981279330784e+01 4.495101856196892243e+01 2.485051800076480788e+01 4.495103639461298428e+01 6.163083887910847380e+01 6.985267632194830867e+01 7.583763905369775671e+01 6.228983717165760225e+01 4.246107629979584885e+01 5.720707466600474334e+01 5.293665660585569555e+01 6.095558880431124038e+01 4.433449594301930574e+01 6.414981509659024539e+01 7.094638692814349668e+01 7.918419891256642984e+01 9.379137547600826963e+01 9.265303161374225738e+01
5.600688922766024203e-02 8.221083293432867478e+00 1.822469438182746160e+01 3.245970555722288964e+01 4.920379531972023557e+01 5.753808059289038113e+01 5.912531046282791181e+01 5.063078011425658786e+01 5.820166160705831260e+01 5.233243569932016470e+01 3.398854354019417912e+01 2.257619391120674734e+01 4.241510717516809592e+01 5.665563414296527611e+01 6.487714810040083080e+01 7.719893489156584110e+01 7.379766179681691085e+01 6.552863691582506078e+01 6.032182469582530615e+01 5.563776193825478344e+01 4.389607599818463513e+01 2.378818066587875535e+01 4.250470473432895346e+01 4.813108273169976314e+01 5.504924066485249767e+01 6.359566368711323037e+01 6.973816546001347660e+01 4.999648971092172900e+01 6.973783623144336730e+01 7.267995135497447734e+01 7.060043513919715963e+01 5.134783707188813651e+01 4.778766680624686103e+01 5.120291092751966033e+01 7.094627088262431869e+01 7.395728108790544297e+01 8.379800794572338418e+01
8.215197286175310309e-02 2.008215197286139642e+01 3.659157446703157035e+01 4.682453788515276472e+01 6.197117200295241446e+01 5.526653566597650524e+01 4.729746802179556653e+01 3.100042839832165242e+01 4.730595049202639757e+01 5.541598933117212766e+01 3.865393187848810186e+01 1.848813487042091097e+01 3.865393187864987112e+01 3.686485865599156853e+01 5.665563414296527611e+01 5.722280836371123058e+01 7.138385230136124449e+01 7.146484295976615897e+01 6.323536019866641311e+01 6.372398617805488641e+01 4.296638982852333299e+01 2.281216526367860098e+01 2.393902475938852348e+01 2.897012516285394312e+01 3.570056077983673504e+01 4.674178850085296233e+01 6.692046595638440465e+01 6.141506663983831515e+01 7.788121833822835072e+01 8.430749645750621823e+01 6.492487074400067115e+01 6.492487074400067115e+01 6.756001258669618892e+01 5.283626166622482856e+01 5.631422943083128985e+01 6.003925126305930604e+01 6.404796514296282339e+01
2.613274238814250472e-02 1.249494280008501335e+01 3.020964340139911286e+01 5.189878304488797767e+01 5.501422004329414506e+01 4.371673611546362537e+01 2.836682617136088425e+01 2.135280356253633016e+01 2.841647789040871785e+01 3.867661090173219662e+01 3.039597192348961130e+01 1.450319243717228446e+01 2.279779285113162857e+01 4.266144259118567561e+01 5.037983286387644455e+01 4.300294517961979324e+01 6.307368036187934734e+01 6.323536019866714497e+01 4.337606451561701704e+01 4.919271755157817694e+01 4.817518185972820532e+01 3.996487439292387478e+01 2.146329691266247508e+01 4.141623179734773430e+01 5.504924068768029599e+01 6.359575000112793930e+01 7.591124870795404433e+01 8.105800273223395891e+01 8.911616144362648129e+01 9.261853261215036071e+01 8.430749645750621823e+01 8.430749645750621823e+01 7.617407705955275787e+01 5.644990656210312352e+01 7.603843033835593701e+01 7.976654734031573923e+01 7.797875317957890218e+01
7.532853315450405152e-02 2.007532852912578747e+01 3.649502902768026047e+01 3.908854402045494680e+01 3.780628692839969318e+01 1.922384039234561115e+01 2.152113623308513013e+01 1.256496433859247830e+01 3.171755838692483920e+01 2.742781024788332545e+01 1.027096194757213610e+01 3.039597192346885635e+01 4.264808413838196799e+01 4.091092483483210174e+01 3.030398149040333067e+01 5.037983286387644455e+01 5.869208359695404198e+01 5.042088608533823191e+01 4.919271755159241621e+01 2.927760081777827494e+01 3.854763988750243442e+01 2.003713632326419258e+01 2.947471832410699477e+01 4.390748385421932198e+01 6.670507393685278430e+01 7.239359470471262625e+01 7.456147323949743111e+01 8.278856718301194917e+01 8.298890567925494111e+01 9.122995462865968364e+01 1.038801243206919906e+02 8.397556948403870081e+01 6.999903732313369176e+01 6.017438516258678050e+01 7.990233634519310613e+01 9.493842925720869630e+01 9.784693172505339476e+01
6.101047412966256744e-02 9.627226557441328936e+00 2.134043002658752641e+01 3.276242093552053092e+01 2.488422394108467017e+01 4.048681048414897177e+00 4.749099171459276292e+00 2.101091318060511171e+01 2.543927182510212859e+01 7.468318534737554693e+00 8.189649013198412320e+00 2.814563897095644407e+01 3.742549633635946549e+01 2.141258895502279458e+01 4.084510092248243041e+01 5.848298922464649507e+01 5.036954366622058643e+01 3.042982249396463956e+01 3.624161961745389959e+01 3.719293225050993357e+01 1.861455368412446632e+01 2.124950035049928942e+01 4.141365045908222697e+01 5.017112395317297313e+01 5.110200517437247214e+01 5.261979894133428814e+01 5.478176098407823247e+01 6.899481978477146527e+01 6.319830697882270698e+01 8.298890567925494111e+01 9.752873529106048522e+01 9.805534843670685063e+01 8.813945100591421067e+01 6.999903732570459169e+01 6.690778849747903223e+01 8.668631495124076025e+01 1.027364565075841512e+02
6.842009524227352091e-02 2.006837240969143821e+01 2.139126521265657033e+01 2.207867701839080254e+01 3.061258874329332969e+00 1.596894287604721541e+01 2.437626870969811321e+01 5.750225953718611116e+00 6.459498264371114296e+00 2.622035672434955345e+01 2.814563897108538271e+01 9.239552160835149408e+00 2.918341882857113134e+01 1.617258368856376549e+01 3.524846315905819694e+01 4.877475876836070512e+01 4.286913286892034591e+01 3.410450509969240329e+01 1.630897208718356239e+01 1.726169669996995637e+01 3.719257894733944170e+01 4.146175449747426001e+01 2.585218943745070419e+01 2.978885039065944795e+01 3.414725485792127557e+01 3.857521900383809310e+01 4.374704943606622720e+01 4.923933822542307581e+01 5.806750281552269399e+01 6.945933152791168652e+01 8.927698107243512027e+01 9.832652991322795799e+01 9.806162237247727376e+01 8.397557309241750545e+01 8.668631495124076025e+01 7.462026940889008131e+01 8.451229900867230072e+01
1.934550753332892059e-02 7.045353914349582469e-01 1.390135178937603744e+00 2.076969652846273995e+00 1.778373362965124116e+01 2.237378580208893553e+01 3.214566718519672861e+01 2.803260327839848642e+01 1.271688120100718322e+01 3.323741940254769389e+01 3.343282210029308033e+01 1.434928536240826524e+01 1.029332054027683263e+01 1.103692100395159237e+01 3.000815768558975805e+01 2.741642625362037933e+01 3.357582079700943467e+01 1.496898240201809394e+01 3.490584985784753513e+01 2.361868630051599993e+01 4.341930184242304591e+01 5.478011931658063816e+01 4.651435645329303981e+01 4.179999407737636119e+01 5.418232564250095606e+01 5.841141789592070666e+01 6.351564745272997214e+01 6.899483913443768301e+01 7.721413080374125570e+01 8.606902469106576348e+01 9.251443996176000439e+01 7.841598000905273125e+01 9.251453440552676000e+01 1.038806507718616388e+02 1.027364565075841512e+02 8.863481741550687332e+01 8.863481741550687332e+01
4.364784840791047227e-02 2.004364784840755576e+01 2.139077106975036102e+01 2.207797894234951386e+01 8.750889190179288235e+00 2.827216073639370109e+01 3.722393244195339435e+01 4.350626845995423508e+01 2.927621152617561506e+01 4.085896559065232481e+01 2.232782530701463486e+01 3.343282210029823887e+01 3.022971617560826729e+01 3.038746010705923695e+01 1.209933839849630921e+01 1.286632184681951507e+01 1.363608389296785006e+01 1.499853446457109385e+01 3.492288654645334844e+01 4.322243577533872383e+01 5.586854327392770614e+01 5.325289587484125065e+01 6.145852856365449668e+01 6.171288369577435873e+01 6.993050530001660547e+01 6.583795247536052386e+01 6.519516183166923895e+01 7.336384140964239009e+01 8.696299899155749813e+01 8.935847600143223701e+01 8.111044802983529678e+01 6.443309395657442451e+01 8.363397956895009600e+01 9.356536955718426896e+01 1.076663895484312121e+02 1.085687236761066288e+02 1.085687236761066288e+02
5.219006137575642884e-02 8.996461971491644505e+00 2.899644505489863988e+01 3.629586147379090733e+01 2.827216356029409638e+01 1.631472607591000568e+01 3.586744873886554075e+01 5.212243059156786984e+01 5.685736222329526157e+01 4.868314432310634743e+01 2.867685380764311631e+01 4.868314432310634743e+01 3.762245734723273927e+01 1.766052509533871273e+01 3.204161150067889707e+01 2.830320836539145901e+01 1.686868556339523195e+01 3.481651460323406866e+01 1.693372088034031009e+01 3.684854946692928479e+01 4.027578622933986452e+01 3.336012494455177801e+01 5.000081970973933920e+01 6.406439001184008930e+01 5.996102896247057146e+01 4.592348330462836969e+01 4.538000547074035040e+01 6.197320737687469006e+01 6.711935590603083313e+01 7.790196780931519527e+01 6.131052374277385297e+01 5.561730176901748735e+01 6.547508752928730758e+01 7.946427611806551283e+01 9.577658437200817332e+01 1.040613627629516742e+02 1.140512310462530507e+02
