MOVIE_S9_data/elevation_000391.asc
nrows	100
cellsize	150.0
xllcorner	0
ncols	100
yllcorner	0
NODATA_value	-9999
[rows 68 to 84 of 100, columns 0 to 36 of 100]
5.009162696260269221e-02 7.949305496882866917e-01 1.540286542228568312e+00 1.377845092626281875e+01 2.187252275415205105e+01 4.415619130676250670e+00 5.175356665740491913e+00 5.996659541732796583e+00 2.637088452834269603e+01 2.712901855256627925e+01 2.448060299655298166e+01 3.085741944034188222e+01 1.501158716360545853e+01 3.543305019428168379e+01 4.832998863839881665e+01 6.142123755622124293e+01 6.135763638532265674e+01 6.041067558975904461e+01 5.056136446650461380e+01 4.199559331056374134e+01 2.493023823098976166e+01 4.489558091652142480e+01 5.264305630991771068e+01 3.864698407633706267e+01 4.448540017109816347e+01 5.966557222825423423e+01 5.130655674401823774e+01 3.547190429256404798e+01 5.657355228904510369e+01 5.554918897955298718e+01 3.863590525191412439e+01 5.861366062541848265e+01 4.630359979549042748e+01 6.617334201406796979e+01 6.847400992021894695e+01 6.379786726333960445e+01 7.128723447879549724e+01
4.695337527364121244e-02 2.003843038775383789e+01 2.173455151784789052e+01 2.598798800275212262e+00 3.348857424079808798e+00 2.338780978823029955e+01 7.206477992220305495e+00 2.634515047652229569e+01 3.459903179023313413e+01 4.630641540002648782e+01 4.655478917185529752e+01 3.543542129757009462e+01 3.543542129757010173e+01 2.001651412637728100e+01 4.029689472450611021e+01 5.441644310549158803e+01 6.376029177668981163e+01 7.562657613303751702e+01 6.113890297057729128e+01 4.144060456635784817e+01 2.730325225459963789e+01 4.144059524259773752e+01 6.113754794121796721e+01 5.861442935879023253e+01 6.438403947037858188e+01 7.153705597084925216e+01 5.187069355853031993e+01 4.002023641430621126e+01 6.019820244309523360e+01 6.681138780689954615e+01 5.279104910337498069e+01 4.185481202552992386e+01 6.178485010224539309e+01 7.439210713004635522e+01 8.832544474624029363e+01 8.364403033860206449e+01 9.115201511948595225e+01
7.614146464036156137e-02 1.778181395775096973e+01 3.259698142073976612e+01 2.711764000482828507e+01 1.543628769251111521e+01 2.355061066933255631e+01 2.725280217960176543e+01 1.011315161258993456e+01 2.170456012191288409e+01 3.586874687042555365e+01 5.579038209679790583e+01 5.543604263179064873e+01 3.663332427162904281e+01 2.921968969957297446e+01 2.600015016591521544e+01 3.509986691665859837e+01 4.687583217668539959e+01 6.801864100526688617e+01 6.350137027778851717e+01 4.384182732369431790e+01 2.973663727218820441e+01 4.960028742161610182e+01 5.763633842327345747e+01 6.576568779640224705e+01 7.706742922843972110e+01 7.961453100759115387e+01 6.406191924278972749e+01 4.427760221646747141e+01 6.407415667541805249e+01 8.061181906083729132e+01 6.993463237212705508e+01 6.178485010224539309e+01 4.673677100701601717e+01 6.660315626893759600e+01 8.045772468431735547e+01 8.867885470575433260e+01 9.755809389327404801e+01
2.352828262072655108e-02 2.002352828262037221e+01 3.678559853247912770e+01 4.549652754569706303e+01 3.793211617394835145e+01 4.412946954127985322e+01 3.225810593105051538e+01 1.221624564616200814e+01 2.640760340725158528e+01 4.638239029473050579e+01 5.651507231072386617e+01 6.488052691001145433e+01 5.659791387654630768e+01 3.931572870007676102e+01 4.613004108887022880e+01 3.320204230687426161e+01 4.737157922488065509e+01 6.727412207894711571e+01 6.688001338522272476e+01 5.327745429695340107e+01 3.347525136147983460e+01 3.448146757258953699e+01 3.793279694714086503e+01 4.937591148563060273e+01 6.891861262514387931e+01 8.086918531564531065e+01 6.818361334472369606e+01 4.851198810965195918e+01 5.988488076384719250e+01 7.951983060167781048e+01 8.544593440332207024e+01 6.560039321304655857e+01 5.158145112716053404e+01 5.401264751874680314e+01 6.061911344513627142e+01 6.947947414951295286e+01 8.352245064254648810e+01
6.786455232800275850e-02 8.936963208795482672e+00 1.999781156468021592e+01 3.333629545058590082e+01 5.268555278136203412e+01 4.851736419268964084e+01 2.855887789892293327e+01 1.436992504242457080e+01 3.440620389001189494e+01 2.831864323457326194e+01 4.246225396665749230e+01 6.234439176313404118e+01 6.747927983219150860e+01 5.339070332355146320e+01 5.872741031288965985e+01 3.880026740177056155e+01 5.872741031288965985e+01 7.256925720318226070e+01 5.300806211273069124e+01 3.905133923997953360e+01 5.327746872817243684e+01 5.425925022681344245e+01 5.763633842330895618e+01 4.338278840891454280e+01 5.321555981577994032e+01 7.270586551360412386e+01 7.280460973935144864e+01 5.319937930725559028e+01 7.280457473405054714e+01 8.771628346081945438e+01 7.919292333531835482e+01 5.935797788711435174e+01 7.141301765136132929e+01 6.803096244989527008e+01 7.020227830281817205e+01 8.867885470575433260e+01 9.755809389327404801e+01
3.257643153035955086e-02 2.003257643153000345e+01 3.586236169252527617e+01 4.480663360252427196e+01 5.635363898631658230e+01 4.852292051368792869e+01 2.855893876431155221e+01 3.440628062967496703e+01 1.758797385151772374e+01 3.761282380229044975e+01 4.463821301502829186e+01 5.870383341407561062e+01 7.854301879527321262e+01 7.322950901395546452e+01 5.872741031288965985e+01 4.588526862582143195e+01 6.575101082354754567e+01 7.418870890954457309e+01 5.466165761706792381e+01 4.332121183467094028e+01 6.291476058935352000e+01 7.058379628934444838e+01 5.111861600144196416e+01 4.997072216411495305e+01 6.945570890827211485e+01 8.086918531564531065e+01 7.845995727991932256e+01 5.886925873047317737e+01 6.918949421380332865e+01 8.889002918925434926e+01 8.517851099948033777e+01 6.532656256767498348e+01 8.517851099948033777e+01 8.788083075655957543e+01 9.005245868013621191e+01 9.827004008613887720e+01 9.343227650495074954e+01
1.880098487986705744e-02 7.578090445064378677e+00 1.652236235506337891e+01 2.806936773885568925e+01 4.806936773885497871e+01 5.675574075812520647e+01 4.852312327130524494e+01 3.418448849938288703e+01 2.000662850465036513e+01 4.002244493894065869e+01 5.146170300521137619e+01 6.201023574757145695e+01 7.192880707454033029e+01 8.705405263167456553e+01 7.407036613781400547e+01 5.582088821776681442e+01 7.407036613781400547e+01 8.237997276295965321e+01 6.764746840324762900e+01 4.813400488253265763e+01 6.764746840324762900e+01 7.643278485230460717e+01 5.699866765638207511e+01 6.945570890827211485e+01 6.120734673774534684e+01 8.072318117282605954e+01 8.540979874470035327e+01 6.575267863302786964e+01 7.845995727991932256e+01 9.710086311905939738e+01 9.339924786521147837e+01 7.678174737659711013e+01 7.936054194792683347e+01 9.922433078920768423e+01 1.008644664383907497e+02 9.103260330815061252e+01 8.286389033405856708e+01
2.900726248362994752e-02 2.002900726248327601e+01 3.056001567367414751e+01 3.659024256522828011e+01 4.366131037709145346e+01 5.194558161592471635e+01 6.234263178416237849e+01 4.826356018390542602e+01 4.002244493890871269e+01 2.358469320467602159e+01 3.753153574457762431e+01 4.319083590243918991e+01 6.333158865661958004e+01 7.710072575338961087e+01 8.405133703518053778e+01 7.568113342932826981e+01 8.405133703518053778e+01 8.364112625657696753e+01 6.405297582592008609e+01 5.403748409263589281e+01 7.352238189880262098e+01 8.289994375273643357e+01 6.345585518772234224e+01 8.289994375273643357e+01 7.242738149038943618e+01 8.891908066562143631e+01 9.362741184144803697e+01 7.550595126846569372e+01 9.362741184144803697e+01 1.064523133086384519e+02 1.048636273624454560e+02 9.664870341791187514e+01 9.922433078920768423e+01 1.074379537824961233e+02 9.267202259408954035e+01 7.305575807402776434e+01 6.318692597033620473e+01
5.081304048347550645e-02 5.214790835426675208e+00 1.056001567367511562e+01 1.659024256523028384e+01 2.366131037709563500e+01 3.520831576088774284e+01 5.520831576087163484e+01 5.508966877641185533e+01 3.516582994915158622e+01 4.358619590720237369e+01 2.749979191368193909e+01 3.760982472756420947e+01 4.929380437073707100e+01 6.900542279616853136e+01 8.317165769950339893e+01 9.079516761833068017e+01 9.902929589432197588e+01 9.187140799525583645e+01 8.003265757118825263e+01 6.050181359532148662e+01 8.003265757118825263e+01 9.081531240034951225e+01 7.136461332159689164e+01 9.081531240034951225e+01 9.205545428374155392e+01 1.002966700948271637e+02 1.035383677268230116e+02 9.531364622093492756e+01 1.035383677268230116e+02 9.753824558253388943e+01 8.924814870757919039e+01 9.753824558253388943e+01 1.052496566507744120e+02 9.692663786908465795e+01 1.008644664383907497e+02 8.739584821219325761e+01 6.771472676467548979e+01
4.469920835086939326e-02 2.004469920835051511e+01 3.056001567367414751e+01 3.659024256522828011e+01 4.366131037709145346e+01 5.194558161592471635e+01 6.349258698102583764e+01 6.331620486191602737e+01 4.669896732019019936e+01 5.055104486405277697e+01 3.054149365863758447e+01 5.055779311335362536e+01 5.341956314875654499e+01 5.526489302335757259e+01 7.490774349503408303e+01 7.103624176558918180e+01 8.760117940140449377e+01 9.902929589432199009e+01 8.825042293757792322e+01 7.020188233251683130e+01 8.825042293757792322e+01 9.891867017870667667e+01 9.056654224276923060e+01 9.891867017870667667e+01 9.383298506665678929e+01 8.561513672185799351e+01 8.816293385091026380e+01 9.639632046037347379e+01 9.907962266127914575e+01 8.761244596698634268e+01 6.946384471512372727e+01 8.761244596698634268e+01 9.375915818446586059e+01 7.710379851808583851e+01 9.375915818446586059e+01 9.558081316330782329e+01 7.603283224721184297e+01
2.324776005098762310e-02 1.416538338378206241e+01 3.416538338378276762e+01 4.402783878250052396e+01 5.231336857578119748e+01 5.162639536648378424e+01 5.991089834761609723e+01 7.479068514583850913e+01 6.655340167683941388e+01 5.720636340696419353e+01 3.726057297498635990e+01 3.558261634419579167e+01 3.926591368870653298e+01 5.923192957784714707e+01 6.952285613243876128e+01 5.965896973039655649e+01 7.103624176558918180e+01 9.079516761833068017e+01 9.812081796298066649e+01 8.986330103279416903e+01 9.812081796298066649e+01 9.209129272444866388e+01 1.005460812782300906e+02 9.599167607672140434e+01 8.252819392552346756e+01 6.614201512214437173e+01 6.866006739067326237e+01 8.816293385091026380e+01 9.078294365948114830e+01 7.099089096992629777e+01 5.952274579466675419e+01 7.048629725844801897e+01 7.872970283341084041e+01 6.567965239177661374e+01 8.548191623279923590e+01 8.449023672789299155e+01 7.625881963021367937e+01
8.699724428260374731e-02 2.008699724428224798e+01 2.810948448216477757e+01 2.401847519130731001e+01 3.747741900923028169e+01 3.161672110835959515e+01 5.162639536648378424e+01 5.999580835210441876e+01 7.154497037230429157e+01 6.471185927134796145e+01 4.485442526290233900e+01 5.554361040663327032e+01 5.923389829228099757e+01 4.521835934550699676e+01 4.972192267045954850e+01 5.637184634256739457e+01 6.383382127952872054e+01 7.775322137357940733e+01 9.754921215799278400e+01 9.374577888373728740e+01 8.560684263718754039e+01 7.255958033266452389e+01 8.887098772852496609e+01 8.709997430515886663e+01 6.815196666913996637e+01 5.470182540821668482e+01 7.437232472430102348e+01 8.284412356485282203e+01 9.104624740837419949e+01 8.450409221133804749e+01 6.467993647431428883e+01 5.045483900274483346e+01 6.862191299481862927e+01 5.810902903705667910e+01 7.799736401391703566e+01 7.625881963021367937e+01 5.648307849026392802e+01
2.249585233037712170e-02 4.022495918972373019e+00 8.104979962686845951e+00 1.246934964577646809e+01 1.746945227955725599e+01 2.413702274625195798e+01 3.169952364977806525e+01 4.325541646608373014e+01 6.326247097407586750e+01 7.292191281076335940e+01 5.634825046505778090e+01 7.292191281076335940e+01 7.329466338117201474e+01 6.509565700382509590e+01 6.952315809437449445e+01 7.609881397027817229e+01 8.355133283402757627e+01 7.991685635038338376e+01 9.972289866838974604e+01 8.560692051277489156e+01 6.644051552154374463e+01 6.146702142118057566e+01 8.008961894942846982e+01 7.890925110924604269e+01 5.920519733563968856e+01 4.820535194406095059e+01 6.815193963961320378e+01 6.321791506677821104e+01 8.284412356485282203e+01 8.023724712257225633e+01 6.531419697710198591e+01 4.505049001597767244e+01 4.848126074037625699e+01 6.862191299421601798e+01 7.223117819897443326e+01 7.625881963021367937e+01 5.648307849026392802e+01
2.739267172789772165e-03 2.000273926717243356e+01 2.807307773196824030e+01 3.247456912783471239e+01 3.747741900923028169e+01 4.414761714071944709e+01 5.171139266819513125e+01 5.999580835210441876e+01 6.526242455688321797e+01 7.354417957108753967e+01 7.613676273124866611e+01 8.435604846314477356e+01 8.234146404849251155e+01 7.771520393541614169e+01 8.578005614284518288e+01 8.916393036892557689e+01 9.728028917455901592e+01 9.972289866838974604e+01 9.299880740326524631e+01 8.188191922859792271e+01 7.205403915639887202e+01 5.274823597074501436e+01 7.205403915639887202e+01 7.676301922277372114e+01 5.704596796398348602e+01 4.265187639964410238e+01 4.903170749477568080e+01 6.321791506677821815e+01 8.284412356485282203e+01 7.198261943308300204e+01 5.192011334674291589e+01 3.987225882626764673e+01 5.542093253414581966e+01 6.373688295917501989e+01 5.208123634191900209e+01 6.629228310432826277e+01 7.048665760907844913e+01
8.327778614586213435e-02 2.008327778614550851e+01 2.519993397282001624e+01 3.426268348548711629e+01 4.895053390671342441e+01 5.760490674855020643e+01 5.940214039866837226e+01 5.111864609030624251e+01 4.526010122624948195e+01 6.526242455688321797e+01 7.756666797434267835e+01 8.234146404849251155e+01 6.309418023710509260e+01 5.850835169538557778e+01 7.464642942413414062e+01 6.985807985827017319e+01 8.238540724458020748e+01 9.047924996189365743e+01 8.490447214622217587e+01 6.576810384775001239e+01 5.459013835372434187e+01 4.728262500255612366e+01 6.668983330845746593e+01 7.235405617501730546e+01 5.249415563528556561e+01 3.802620528141516587e+01 5.831098582968260047e+01 6.973520095098240290e+01 7.012216968798458083e+01 7.831393892554875436e+01 6.867682543924456695e+01 4.950535401879283626e+01 3.465827342053316329e+01 5.071911611788956264e+01 3.736962064684906437e+01 5.606657744559063872e+01 6.650190667432377722e+01
6.510866554257997707e-02 3.267671740582296813e+00 6.512100225505778717e+00 2.065707016535124296e+01 2.931157711199815452e+01 3.909650967773954022e+01 4.326931534835244264e+01 3.110670077937323441e+01 3.927954177007586622e+01 4.928741633810699341e+01 6.928542340905525521e+01 7.788771163740661052e+01 6.662612262434910804e+01 4.747642699932521282e+01 6.442730684664711305e+01 5.879798484099237754e+01 6.314503664753350165e+01 7.920583293062857422e+01 7.616281440994754348e+01 6.744734993067841344e+01 6.167123037467344204e+01 4.217280437514276770e+01 6.167123037467344204e+01 6.878711294715235169e+01 4.881929257073753803e+01 3.435958447442285291e+01 4.974228264026336888e+01 4.974228436357784489e+01 5.019433443455702104e+01 7.012216968798458083e+01 7.796841201103060826e+01 6.097495270295417669e+01 4.046327953282494150e+01 2.985875114596877822e+01 2.687121209790701570e+01 3.761066369450019664e+01 5.205628568179350424e+01
8.953482861371392376e-02 2.008953482861335971e+01 2.651738547867189411e+01 1.151212749076355912e+01 1.516367847906276722e+01 1.908623874224297978e+01 2.325724237256894256e+01 3.740920722111300023e+01 5.741686786610676307e+01 6.756844267491111111e+01 7.756666797434267835e+01 6.985177579714861906e+01 5.064983537656147661e+01 4.104965629928139492e+01 4.524411051650780990e+01 6.442730684664711305e+01 5.209825701667665498e+01 6.989959339670851080e+01 6.401250214978901454e+01 4.760028196307013104e+01 5.201518622088001820e+01 3.803500272247934078e+01 5.760162859556554338e+01 7.403853424320104182e+01 5.414897009857961052e+01 4.974171828860519184e+01 2.947592616010735966e+01 3.580640381316455034e+01 4.758770168018175184e+01 6.756490727202455560e+01 8.098709420496594191e+01 6.097495270295417669e+01 5.908057899234398036e+01 5.071911611788956264e+01 4.363477788802948965e+01 2.300025333848782694e+01 3.983565397748793657e+01
