MOVIE_S9_data/elevation_000985.asc
nrows	100
cellsize	150.0
xllcorner	0
ncols	100
yllcorner	0
NODATA_value	-9999
[rows 0 to 16 of 100, columns 37 to 73 of 100]
9.171591458715519707e+01 9.272674436813365162e+01 1.009900578468756152e+02 1.093236672008907675e+02 9.751701879703367126e+01 8.907261318449437226e+01 8.907051423947207525e+01 9.751399759047754401e+01 9.510883651716719100e+01 1.034174726954410346e+02 1.025666448069343062e+02 9.411450228052332534e+01 9.143415284326333392e+01 9.990244681973118190e+01 9.827287936592888684e+01 1.067000394728853223e+02 1.114164567317770747e+02 1.087459738329182102e+02 1.061076839874348394e+02 1.144472339483535421e+02 1.170428774024554315e+02 1.087239081364127600e+02 1.170428774024554315e+02 1.189891419892973090e+02 1.272354636314872209e+02 1.286046101036304776e+02 1.225932612850979382e+02 1.286046101036304776e+02 1.176225797844080887e+02 1.092467622449248381e+02 1.092467622449248381e+02 1.151666443427663609e+02 1.197413011858503893e+02 1.113458149417223666e+02 1.197413011858503893e+02 1.119847307485641039e+02 1.036410296462986338e+02
7.855048194349259916e+01 7.267848178344603127e+01 9.272674436813365162e+01 1.009149744739917764e+02 8.040340303899529317e+01 6.852444655054455325e+01 6.852430687655542840e+01 8.096638547161515476e+01 7.510839044335000381e+01 9.510883651716719100e+01 9.411450228052332534e+01 7.337678578122755368e+01 7.067824232375095050e+01 8.362739011703963854e+01 7.756102984256023092e+01 9.827287936592888684e+01 9.088789701977754021e+01 8.815902428974668226e+01 8.546357517430837447e+01 1.026147048024616453e+02 1.067484598232104389e+02 8.792586748785480211e+01 1.067484598232104389e+02 9.853775996426938377e+01 1.155196751691069181e+02 1.080967091425632844e+02 1.020920406374767282e+02 1.080967091425632844e+02 1.092467622449248381e+02 8.918982753687825493e+01 8.918982753687825493e+01 9.506436770304931372e+01 1.096709668319921178e+02 9.125809434413440613e+01 1.096709668319921178e+02 1.036410296462986338e+02 8.362666271142647645e+01
5.855136430130495029e+01 7.006949656264036719e+01 9.014461108135833456e+01 1.015247702967880912e+02 8.107169132108548126e+01 7.720912364703012543e+01 5.684184225067678398e+01 6.083710220739173735e+01 7.510839044335000381e+01 9.510883651716719100e+01 9.301423576176775043e+01 7.945072231754716086e+01 5.871392772853175046e+01 6.288189671300312256e+01 8.362739011703963854e+01 9.338096932220203428e+01 7.609549284556393900e+01 7.334135063200595539e+01 7.334135063200596960e+01 9.418880220699634265e+01 9.832488781213380946e+01 7.720657174114811028e+01 9.832488781213380946e+01 8.634470695634973936e+01 1.062937401475745247e+02 1.080967091425632702e+02 8.782914562913563827e+01 1.080967091425632702e+02 1.082002527315648450e+02 9.506436770304931372e+01 7.513119693534304133e+01 9.506436770304931372e+01 9.944807721142795742e+01 8.131381974591346307e+01 1.013019546429284077e+02 1.036410296462986338e+02 8.362666271142647645e+01
7.515675250515700156e+01 8.511591024668770444e+01 9.842809990917912444e+01 9.415768951710738577e+01 8.107169132108548126e+01 6.072121234845306503e+01 5.096890738021668454e+01 7.106575843368931089e+01 8.418470299431665183e+01 9.606325466847940220e+01 8.451551600342584436e+01 6.377064207153176767e+01 5.183857449532383299e+01 7.253845745454198379e+01 8.850185129043403265e+01 8.408312516164670569e+01 6.397860444555082893e+01 6.123383544613560048e+01 7.553745140835135885e+01 9.629854675008445497e+01 9.128544912180527149e+01 7.010271720269177820e+01 8.732946387751043460e+01 7.679590771466536125e+01 9.786302004035557900e+01 1.013408546380874498e+02 8.120749911689415512e+01 1.013408546380874498e+02 9.984973074751658828e+01 7.985975416507746161e+01 6.912890600370046457e+01 8.905429058317996294e+01 7.945987186326678398e+01 7.428756631330665527e+01 9.423508177845305056e+01 9.725133632859204624e+01 9.780569672999530439e+01
5.694715835091621159e+01 7.684790939819879441e+01 9.415768951710738577e+01 7.377207447383037220e+01 7.751588836080564704e+01 6.668172963914258844e+01 4.684796634236756319e+01 5.547932324056595377e+01 6.708890481761503111e+01 8.761760356962153651e+01 8.444683936323698958e+01 6.802137266704943386e+01 4.735829276314883884e+01 5.926074443817984871e+01 7.998861338079636596e+01 7.553745102978110992e+01 5.466712569203572514e+01 5.466712569203572514e+01 6.942978332701893862e+01 9.028268760682350091e+01 8.489861513904301660e+01 6.381313479145179457e+01 6.622230516313408089e+01 8.119316903914186412e+01 1.021437900990200234e+02 9.552885552316170958e+01 7.550971761616820288e+01 9.552885552316170958e+01 9.765104116172706483e+01 7.767794741084676957e+01 6.358204756501820043e+01 7.777649234022894120e+01 6.537116567482253515e+01 8.531428166599394558e+01 9.141298256396450483e+01 7.723274233040474712e+01 8.459046581090235861e+01
7.515675250515700156e+01 8.511591024668770444e+01 9.194809530504768702e+01 7.153787250952555610e+01 5.727058349994254627e+01 4.993376829190697919e+01 4.358012335247617131e+01 5.464956780194530950e+01 6.881982181296237400e+01 8.921948533619810462e+01 7.592354383411954188e+01 5.521768263368380758e+01 4.334482655247155236e+01 6.396900929624494125e+01 7.108051148707502875e+01 6.250291981835258781e+01 4.737809928057482267e+01 6.815867674383650865e+01 8.408314372351759403e+01 8.711496641069358304e+01 7.903926090243268732e+01 5.815500219285051742e+01 7.905055509588702023e+01 9.586468147576711374e+01 9.871297480434398608e+01 9.035993634188062629e+01 7.045061753439556185e+01 8.353151447139202901e+01 9.190563830821037072e+01 7.895168021447346973e+01 5.898303073555649689e+01 5.780088050168611602e+01 7.777649150841270398e+01 9.277634500261318351e+01 8.309605276265341445e+01 6.307809936280504814e+01 6.457244478128781395e+01
8.517318134344917269e+01 8.525797816365640358e+01 7.667552211727392830e+01 7.984656811430883749e+01 7.407642140172303868e+01 5.402787053916706839e+01 4.052345601661367880e+01 5.989995513385377279e+01 7.244922711524246495e+01 8.254634383737743519e+01 7.718359876045148837e+01 6.026479672549412925e+01 3.968268260776197565e+01 6.026479672549412925e+01 5.732914955862767670e+01 4.180783911704973121e+01 6.250291981835258781e+01 7.672912529424399963e+01 8.713458135097924639e+01 6.615147650641478094e+01 6.992613324803980390e+01 5.441048256379118442e+01 7.519084572492222662e+01 9.289981289673445985e+01 7.864075077597172481e+01 8.576238885381101795e+01 7.743569351055998595e+01 6.378204159896404946e+01 8.353208925573962063e+01 8.725402907619266557e+01 7.293169480758085399e+01 5.294785268623636654e+01 6.449497055848689797e+01 8.445646621522499231e+01 8.458888738859978673e+01 6.457239207820872195e+01 5.043019169368509580e+01
8.497796814784051378e+01 7.291675775379175661e+01 5.502828535626654372e+01 5.976965529117161680e+01 5.976965529125479293e+01 5.349743746219062501e+01 3.785358416688527683e+01 4.441297193476153637e+01 5.398738501876272267e+01 7.410560229754916861e+01 6.865120677891009393e+01 4.800613039498502133e+01 3.621910674855985945e+01 5.240661664599464586e+01 3.673671728129594527e+01 5.732914955862767670e+01 7.108051148707502875e+01 7.273535412320096327e+01 7.384405247414237294e+01 6.525128356154587550e+01 4.936473753742187398e+01 6.997098712960330147e+01 8.378126836408135603e+01 8.294632112872373852e+01 6.474708679415491019e+01 7.219537085912233465e+01 5.782551155716006264e+01 6.903918902703533433e+01 8.890671635780081772e+01 8.144716934870729119e+01 6.147982774192663413e+01 4.994603081459083427e+01 6.584205273767308597e+01 7.413544065953527706e+01 8.211979568139263108e+01 6.819817328484208474e+01 5.992735394540106597e+01
7.630245296167275626e+01 5.379940199515793608e+01 4.289551706439517176e+01 5.406341668720828153e+01 4.032732970775860792e+01 3.429429876639980534e+01 4.771640221552685546e+01 6.404426416796496824e+01 7.244922711524246495e+01 8.254634383737743519e+01 6.799091937045595557e+01 4.736465711429050174e+01 3.300884549360211651e+01 3.199404118765460225e+01 5.024183022864786352e+01 5.277658712261990814e+01 5.538726062942953376e+01 5.201471657770390777e+01 6.090834226709438326e+01 4.470716743993831699e+01 5.646317021773196387e+01 7.725606964053267234e+01 8.690699830005074489e+01 7.463304723963672416e+01 5.503892983164908514e+01 5.263453655151000987e+01 7.219537085912233465e+01 8.576419002026275962e+01 9.729694534474411682e+01 8.976188361479596267e+01 7.737135905928184343e+01 5.740201473400728105e+01 4.588924078920631899e+01 6.203720295331241630e+01 7.024150787336751023e+01 5.410045614467504294e+01 3.999299771436517403e+01
8.175365541899100208e+01 7.160468046435092049e+01 5.406340826269113364e+01 3.500032327261803999e+01 3.065602465710000502e+01 5.004837090382838483e+01 6.177267448089386903e+01 7.576096388385688840e+01 8.318942855118422131e+01 8.954393950491875387e+01 7.404211238369462933e+01 5.340594940975920935e+01 4.905337632719658814e+01 2.884825694686134412e+01 3.004321707680253439e+01 3.242630305262706969e+01 3.492082632739470682e+01 3.755758322460364695e+01 4.035416749278817150e+01 5.004282013996494527e+01 6.980148632133206377e+01 8.583508748642333330e+01 7.858059825544052046e+01 5.891488215614445068e+01 4.759105143178816633e+01 6.722690903246819971e+01 7.409828053577163587e+01 8.240157250209993833e+01 9.703061599621119626e+01 8.874111292764786185e+01 8.567979667948968370e+01 7.413544058874940390e+01 6.203720295331241630e+01 4.209163763376849943e+01 5.839547774121588475e+01 5.739404141685453453e+01 3.891043471418412736e+01
7.252778152756988561e+01 6.323037873194623160e+01 4.783417649213694034e+01 4.474742369885333915e+01 2.792827781681249988e+01 3.801597002372978551e+01 5.170951401513225676e+01 7.189476268325563524e+01 6.104077381269257785e+01 6.752796459143725372e+01 6.514329165144199862e+01 5.433744283749590664e+01 4.541417175674831697e+01 2.674528315548005253e+01 4.681549637743810877e+01 5.277658684493411556e+01 5.152004586387532470e+01 5.201474654419838117e+01 5.214502464976596485e+01 6.810700522222471420e+01 8.088800803757543179e+01 8.531053831657291653e+01 7.816283866888623777e+01 5.846269916659582577e+01 4.447958852461844970e+01 6.015774955923230038e+01 5.438340158517817713e+01 7.409827337777920775e+01 8.874111292764786185e+01 6.886317970203681682e+01 7.468529154767571754e+01 6.763581398435459846e+01 7.032676083420695079e+01 5.839547774121588475e+01 3.842876033673340430e+01 3.739128543703622398e+01 4.682750211402917984e+01
6.530958628822628498e+01 5.527676448231117234e+01 3.661019334516321777e+01 2.419817703625151140e+01 4.474762940288756141e+01 5.601887013037502072e+01 6.596765738273819579e+01 6.690748153169305112e+01 4.592477408109800052e+01 6.690748366411244774e+01 5.668185383617355910e+01 3.716069040277255908e+01 3.148276605578925924e+01 2.516636786116319868e+01 5.028419336855965582e+01 6.677299875219388525e+01 7.302703749645291964e+01 7.273801033785393599e+01 7.287740154066302978e+01 8.144840521158606350e+01 7.965602174225422516e+01 6.541058063974570302e+01 7.965602174217890763e+01 7.247611582464689661e+01 6.015774955923218670e+01 4.022837043672549129e+01 5.183488080565142297e+01 6.572301623565877549e+01 8.553886356198609064e+01 7.468525198214295813e+01 5.474635023860290062e+01 4.768261688919592700e+01 5.871247580139937838e+01 5.453049118727696509e+01 3.588462494011560722e+01 5.590345223068468528e+01 6.463731512117563227e+01
6.221596129447966206e+01 5.494691678258880074e+01 3.299786751475650703e+01 2.150485996815158174e+01 3.682503979005112171e+01 5.662242569356209287e+01 6.762297555130365367e+01 5.790876561317389815e+01 3.680978292051038636e+01 4.796715269886698252e+01 5.214479267090121795e+01 4.117358123393857738e+01 2.303673987853255056e+01 4.284646392535094606e+01 3.962593791598553139e+01 5.143068615291218748e+01 6.351344179556701164e+01 7.991664473548945580e+01 7.340979453057825310e+01 6.431079653181220124e+01 7.051904092915334843e+01 5.176493216678303355e+01 7.100734940587024369e+01 6.212530561076111724e+01 5.388013532023571628e+01 3.748084717925170395e+01 5.173191885576417803e+01 7.148648761557237208e+01 7.295240520792232530e+01 7.880318786406739662e+01 7.468529150633011682e+01 5.871247580139671385e+01 3.873094996005979596e+01 3.447639718389855545e+01 3.879558878656663978e+01 5.879274902466394082e+01 7.105831001116004586e+01
4.745673450507327118e+01 5.532124062205230075e+01 4.049192538037053168e+01 1.892520693006631305e+01 3.890918750957496997e+01 4.731299823842599039e+01 4.821877409702603501e+01 6.088981089224379417e+01 4.744334206306930213e+01 2.724317984515293745e+01 4.008630252050330256e+01 2.124055180542623233e+01 3.696552581148032601e+01 3.892769312515017788e+01 4.671224655271718973e+01 5.581408333419578582e+01 6.986960399688454970e+01 6.176804168482878055e+01 6.135548101716926794e+01 4.108165466422422440e+01 5.367280692532077779e+01 4.474409461013328126e+01 5.862791243128447150e+01 5.038208396599356576e+01 3.373061203097097405e+01 4.969483174622598654e+01 6.440640535448171988e+01 6.709529729352108518e+01 5.290015397280640741e+01 5.876877816414600630e+01 6.016819606231557316e+01 5.187254785912970334e+01 3.308220475328997168e+01 5.318908914591148829e+01 5.879260361432986315e+01 4.528456327179155494e+01 5.104289977536129186e+01
3.856775966195516503e+01 3.296635189294271839e+01 3.594995791021803200e+01 1.598253429280283022e+01 2.255733850033195154e+01 2.989114941968668759e+01 4.812384266030656477e+01 5.318341459840377183e+01 3.404071536881248505e+01 2.221648983005691846e+01 1.959515348841026849e+01 2.001568289993891625e+01 3.817589811506052655e+01 2.107841687501354144e+01 3.005219319624159269e+01 4.701678471842289042e+01 5.818278188158571851e+01 3.747117685578625412e+01 4.289085022721944540e+01 3.072355838985846788e+01 3.635575680355994876e+01 5.328417741695009369e+01 4.840336213816534894e+01 3.029834250657167516e+01 5.036529465528222715e+01 6.156737688736094327e+01 7.133620539686999962e+01 5.859692775582360014e+01 3.866873827515717466e+01 4.985000555752994700e+01 5.056591612546832692e+01 3.177621494169204297e+01 4.076745181831459064e+01 6.030103717968124499e+01 7.356403745132327288e+01 5.941915073630320876e+01 6.160817525384997140e+01
3.328817506324778464e+01 1.526139842041308015e+01 1.560670966916047320e+01 1.596103446838314532e+01 3.033981349588341203e+01 3.815777356408653276e+01 3.798313035282183847e+01 3.770183857312252940e+01 3.740716775681362805e+01 1.900902840664209847e+01 3.748987250554792183e+01 3.001883003204051903e+01 2.063623942770954756e+01 2.107446899627063175e+01 2.848698758398561637e+01 3.992544358207493360e+01 4.594613999573504515e+01 2.522313434515193720e+01 2.401344029658343970e+01 3.730891492001154575e+01 4.458380007274258361e+01 4.521631641409075542e+01 2.759989162477896940e+01 3.796466835080192226e+01 4.612142428696043339e+01 6.307046235007532431e+01 6.399907639064801401e+01 4.308130255473606240e+01 3.134812812955286176e+01 2.987103019589199349e+01 3.065232290025201678e+01 5.056606232770944587e+01 4.793534490804080406e+01 5.656678606998179504e+01 7.559490240338030276e+01 7.943058140242652598e+01 8.161972513058583445e+01
1.477764270116639622e+01 2.569995690156523693e+01 3.190367644892529597e+01 3.545950803559924935e+01 1.647161507650172396e+01 2.505609037721743704e+01 1.759330367895434222e+01 1.800767075010829288e+01 1.842421355589446463e+01 3.802852198371344628e+01 4.571258896992751630e+01 2.763743045824043421e+01 4.083116534813413523e+01 3.715496113123953137e+01 2.169118265759536968e+01 2.674752510141392392e+01 4.034064385836444444e+01 2.337886272695698153e+01 4.191609246710549996e+01 2.464125001561570727e+01 2.508006098642572468e+01 2.551429894522342323e+01 2.594491926896229472e+01 4.189766531257646420e+01 5.155820738319921048e+01 5.565272061823885963e+01 4.933394915931945235e+01 4.853482897208649405e+01 2.924677253424874479e+01 4.919334434191809180e+01 3.060345760626806211e+01 5.056937205939775737e+01 6.693909053079038074e+01 7.471337470969984906e+01 8.364064721775872613e+01 8.709306582828247656e+01 7.879731053582737843e+01
