MOVIE_S9_data/elevation_000717.asc
nrows	100
cellsize	150.0
xllcorner	0
ncols	100
yllcorner	0
NODATA_value	-9999
[rows 51 to 67 of 100, columns 37 to 73 of 100]
9.980918443866214318e+01 9.693701148819374680e+01 7.885279395475359365e+01 9.693701148819374680e+01 9.591275849258968833e+01 7.782540180443967870e+01 9.591275849258968833e+01 1.050521646542719196e+02 8.520393636767042267e+01 7.924036936239365048e+01 9.469443950347664440e+01 1.029171598434474362e+02 9.265958520777321894e+01 7.229129486751934053e+01 6.298510191427017446e+01 5.560397322445152923e+01 7.244164306023992594e+01 5.450205457204017279e+01 7.518929148158304088e+01 8.840149345496503486e+01 1.049554510104355103e+02 9.976638787404426978e+01 1.068606576802213652e+02 1.150735036874827699e+02 1.265383783392607313e+02 1.264985274924541585e+02 1.212614122814958932e+02 1.130055473107277351e+02 1.177808888471302140e+02 1.105812526199301260e+02 9.385926969087070404e+01 1.096854680760454244e+02 1.068687886122518904e+02 8.754300716714803343e+01 7.604155764652759331e+01 6.838870503702803205e+01 6.279473135318269073e+01
9.918989069724341334e+01 8.873516503565713265e+01 6.887498862278842182e+01 8.873516503565713265e+01 8.771108473159038965e+01 6.783864971314257275e+01 8.068511795147364296e+01 1.004920253214590247e+02 9.101734783827748743e+01 7.090014722100900713e+01 7.465858338000019501e+01 9.138063823374734795e+01 1.009130428834599229e+02 9.186441871151399141e+01 8.355165453993163283e+01 7.244164306023994016e+01 5.177005516900371873e+01 5.124867444272815931e+01 7.191838661152847578e+01 8.893153487912250910e+01 9.589375417481650743e+01 9.328626117258872341e+01 1.015622217215250629e+02 1.131422418133133476e+02 1.206215336214587239e+02 1.065042417024012593e+02 1.096559027621430715e+02 9.283383571428751679e+01 9.766875973328758676e+01 1.177808888471249134e+02 1.138456394679323012e+02 1.221177143385067723e+02 1.149153204699432820e+02 1.037406203580357840e+02 8.470435846970976002e+01 8.827307494003203203e+01 8.272868961366711460e+01
8.520084613239987448e+01 7.114946419900802255e+01 6.217209237377232256e+01 7.483294719507217962e+01 8.068511795147364296e+01 6.072410164564804091e+01 8.068511795147364296e+01 9.330978658723026342e+01 9.924097316567628013e+01 8.312673254082916685e+01 6.281194799936993434e+01 7.726962172122918560e+01 9.726704891782931384e+01 1.061513365282218757e+02 8.617187726780495893e+01 8.083772784978121706e+01 6.872891751492676349e+01 4.813779034517857980e+01 6.003104049756256444e+01 8.060613348447603244e+01 7.558137514647316380e+01 7.292508949210439084e+01 8.477710137725483719e+01 1.049099896178759366e+02 1.105652269148866651e+02 9.217800295782343767e+01 1.013594041905199532e+02 8.098658641899743316e+01 9.456846493332584203e+01 1.147450699807432812e+02 1.251686102512871770e+02 1.169281415717647832e+02 1.216912424856946302e+02 1.123185722892365277e+02 1.041913548970572236e+02 9.881528212077614626e+01 7.924721895839611818e+01
9.918989069724341334e+01 8.632052395367124120e+01 6.642345735193019607e+01 5.481351831419490850e+01 6.865481731377782637e+01 5.513273432423399356e+01 6.519473357032300953e+01 8.510312267059742908e+01 9.290325250750282748e+01 7.280788674533681615e+01 5.839278856754378211e+01 7.869368310665124966e+01 9.454381190147849168e+01 9.666775350919938603e+01 8.611102417004981646e+01 6.572914493959497406e+01 5.536047443349252006e+01 4.624778372274964511e+01 6.675669592117408513e+01 7.345782577025939020e+01 6.094877690816759497e+01 7.133445782371185828e+01 8.583434054536051860e+01 1.059531678042825718e+02 1.022692176915747240e+02 8.191282147846732187e+01 9.456846493334451509e+01 7.407709565464851664e+01 8.863792523271011703e+01 1.088860543107307279e+02 1.100511725294705769e+02 9.681916326707109022e+01 1.016376848400835087e+02 1.216912424856946302e+02 1.144801269870738452e+02 9.527772688004432666e+01 9.344109397444103138e+01
9.878182784367507452e+01 9.452782689740234900e+01 8.305426607589886601e+01 6.865481731377782637e+01 4.860029139544381849e+01 6.865481730724191323e+01 8.336961146121745969e+01 9.330978658723026342e+01 9.087139791934319533e+01 7.463350419058339469e+01 5.445229446037788534e+01 6.609742814078848028e+01 8.629400092323922422e+01 8.833530973248460327e+01 6.802534548009720083e+01 7.090596451623773078e+01 6.318948696798091902e+01 4.442113587766638716e+01 4.854422888132522473e+01 5.283830038633328030e+01 6.478878727658721459e+01 8.529995257900270644e+01 1.000092212949136012e+02 1.076205049350587188e+02 8.733068229867214427e+01 7.408456734635963414e+01 8.927761613618046965e+01 6.869588426702745210e+01 8.591380542905829998e+01 9.063019941310730587e+01 8.982315340273849813e+01 8.501600310142612216e+01 9.943743977156374569e+01 1.195156709667721771e+02 1.224598855146523277e+02 1.071387907177155085e+02 8.778942220140180552e+01
7.983383426673589156e+01 8.579014794875217831e+01 7.974796167527847501e+01 5.978424717759439488e+01 4.557379977595415710e+01 6.563148376435660225e+01 7.290924462917689652e+01 8.114104726696307068e+01 8.260662807628989412e+01 6.241491353206478720e+01 5.092654630754119438e+01 6.504401765292136872e+01 8.520467080761594048e+01 8.341010156620745875e+01 7.170823550952275127e+01 5.166091863108482585e+01 4.855377963181712886e+01 4.275490346406252229e+01 6.683520734487230186e+01 6.478878727590691256e+01 8.184953529635437519e+01 9.361971035603362168e+01 1.063591786109083159e+02 1.007499927775920838e+02 8.733068229773479629e+01 6.672225415123060088e+01 8.428581293296514332e+01 6.363100640263198926e+01 6.528375789132012130e+01 7.007176862762443648e+01 7.527721556071631426e+01 8.982315340273849813e+01 1.100511725294705769e+02 1.165840971735956373e+02 1.224304644915562079e+02 1.151982887146021710e+02 1.071392659471601831e+02
5.984136698434973312e+01 6.582399199064597894e+01 7.995258430327824328e+01 6.273640646205668503e+01 4.268028878093633693e+01 5.876470333335024776e+01 5.290584249606911271e+01 7.290924462990886923e+01 7.145753894303555853e+01 6.316392902386123609e+01 4.772006892071511430e+01 6.171649774574268577e+01 8.184456193283435255e+01 7.512009566196790900e+01 5.471264213962889045e+01 5.847056192932267038e+01 4.040728568346163030e+01 5.703574023736430121e+01 7.420510867164294666e+01 8.529994823761164469e+01 9.361964633181548834e+01 1.003678626663270848e+02 8.599046958967632293e+01 9.239815507124845340e+01 7.188219052591695402e+01 6.070513553890525316e+01 7.508435391969759110e+01 5.885349455000427810e+01 7.954727533485420565e+01 9.063019941311283389e+01 9.574780303498714318e+01 1.040702096145305688e+02 1.106047759650362110e+02 9.637607187214992166e+01 1.022948654485190474e+02 1.124932076063244892e+02 1.207513793120564571e+02
7.167194367654701637e+01 5.162901944227842677e+01 6.499096893179087431e+01 7.098720552519645821e+01 5.876470333251748457e+01 3.871531508286496859e+01 5.507330069762905111e+01 5.619849267487997935e+01 5.899370001406234110e+01 4.338279598534521853e+01 6.316392812403810808e+01 7.591561384889938324e+01 7.682065093550781398e+01 6.464007071224565948e+01 5.621075171426825534e+01 3.813226959121253401e+01 5.847053728764166891e+01 6.078539999574790897e+01 8.121787137851053728e+01 8.391242994720349202e+01 9.025502725508526680e+01 9.015518144861650285e+01 7.148203717034968463e+01 9.002021309719920339e+01 7.564613007940943135e+01 5.496256835527357509e+01 5.440082722649977143e+01 7.508435391969761952e+01 8.796191318023085159e+01 9.276023266654200938e+01 9.488288141413032406e+01 9.886876385163780867e+01 9.049536843440849054e+01 8.185753711622137985e+01 1.016558600734862949e+02 9.221838688182799615e+01 1.024441283011872343e+02
7.995258430327824328e+01 6.499096893179087431e+01 4.493004596638554204e+01 5.894237307502054080e+01 6.702258490226085996e+01 5.507330069762905111e+01 3.503443663039335121e+01 3.641165799761746769e+01 3.922859938335103180e+01 5.899370001406234110e+01 7.145752676204689635e+01 7.417720776587907494e+01 6.238757385423300406e+01 4.800009331372051236e+01 3.591238982683078973e+01 5.621075171348692834e+01 6.690019548970978747e+01 7.122229443430460094e+01 6.747930611246987098e+01 6.325036324840842639e+01 7.014272029457640656e+01 8.171918175496213621e+01 6.114087393425647576e+01 7.140400514103286866e+01 6.697224561194511239e+01 5.014939112867340754e+01 7.077155469314890013e+01 7.401904162676251531e+01 7.608518220943574306e+01 7.215175570950826511e+01 7.431199843321340381e+01 8.440884891458227912e+01 6.985497689338711780e+01 7.544665797237895788e+01 8.120668284559744166e+01 9.573411170026672323e+01 1.159522253093359438e+02
7.058509862832744375e+01 7.327665604308157299e+01 5.894237307502054080e+01 3.888360896679232326e+01 5.337910871815557101e+01 5.252835510089286686e+01 3.249671114397794724e+01 5.252835511526791379e+01 5.899370001406106923e+01 6.727240279891883290e+01 7.617655622855944841e+01 6.577636695497264441e+01 4.535159179693482656e+01 3.373657475883358359e+01 5.354119879992661168e+01 5.464717919739400998e+01 5.575976360728351011e+01 5.391055594321244371e+01 4.462121071535083416e+01 5.069557689851566806e+01 7.014271928423684699e+01 7.667523301681463010e+01 7.138721818672750885e+01 5.084829190298783885e+01 4.664306680060423105e+01 5.662804867569986556e+01 6.976329425355122282e+01 5.334204606099547874e+01 5.535114980048709299e+01 5.740728488884818148e+01 5.953606254861843894e+01 6.364675448757220977e+01 8.440884891995608541e+01 9.504237494545958498e+01 1.016558581367084031e+02 1.099669218475896315e+02 1.135907767879769921e+02
6.235987430657270636e+01 7.349033599625475688e+01 6.723313846488966306e+01 5.337910871815557101e+01 3.332996898692784526e+01 4.812403184561035374e+01 3.064625811732309302e+01 4.482298833613656797e+01 6.500604071077539459e+01 8.092058437100456558e+01 6.781473328767195596e+01 4.743531282152714823e+01 5.103139201145702231e+01 3.218085870500374313e+01 3.330832220383833686e+01 3.438382411701028474e+01 3.546669984902191430e+01 3.657927962841237246e+01 3.770169435816820425e+01 5.802610172525356802e+01 6.114637089291142757e+01 5.604318541975919032e+01 6.338075628926139871e+01 4.475596354967361634e+01 6.526012641629455402e+01 4.891309452479480768e+01 5.053461822533490277e+01 7.113241557030713125e+01 7.608507667269545038e+01 7.818783885406426748e+01 8.033707056298463556e+01 6.326496001419536697e+01 6.596209658752121641e+01 8.664895128530257296e+01 9.325828513201082615e+01 9.622170968131021596e+01 9.334566613400261303e+01
4.511977171920869267e+01 5.930505442473305067e+01 5.528324148065865984e+01 4.661481223064637192e+01 4.573147889422550350e+01 2.806503993011325804e+01 4.797812483887977208e+01 5.249778422940412526e+01 6.988106408490959609e+01 5.820204351949927002e+01 5.831852434423243636e+01 4.991565869293695812e+01 3.079482389179933932e+01 5.117905709302339545e+01 4.756021457042578504e+01 5.464717916330982206e+01 4.305886852131894216e+01 5.688860424734755838e+01 5.802612707472101761e+01 3.931580738225121507e+01 4.046661113603353499e+01 4.164232719707353425e+01 4.292704958087974632e+01 6.338764789521651011e+01 7.374359413921180817e+01 6.669879050884441085e+01 7.113310966160558735e+01 5.469033743084236221e+01 5.783317606021045520e+01 7.861117667455671665e+01 9.172288887055545104e+01 8.401469646462707885e+01 8.664894539652279093e+01 6.989557862645381192e+01 7.273680142363768653e+01 7.576092222577469215e+01 7.886586498675347912e+01
3.088795579409449132e+01 4.777943081063573061e+01 4.661876543374463466e+01 2.652469895433663538e+01 2.576365820236387094e+01 4.553463820334185641e+01 5.329482665244116646e+01 6.193217244864943893e+01 6.034164388375809551e+01 4.038042160469094455e+01 4.923310233507335454e+01 2.961267688272215182e+01 4.987234278560870138e+01 5.940593026180049208e+01 6.798056156206934020e+01 6.347713945685568149e+01 5.748059977512958341e+01 6.347714353779388574e+01 6.785211446524562007e+01 4.939435930790526896e+01 4.652399604026548019e+01 6.200361756733093443e+01 4.596540205530882162e+01 6.641799537126753705e+01 7.943649174109953037e+01 9.046924308560373618e+01 7.540586447084299948e+01 6.936069431567031529e+01 7.860959822767081562e+01 6.254412773495584332e+01 8.331367644796311822e+01 9.693944783882301408e+01 9.885287255983915600e+01 9.048285643798884337e+01 8.197330650754280157e+01 9.622170968130610902e+01 9.334566613400261303e+01
4.777943081063573771e+01 2.770115593146478261e+01 3.888211718236846792e+01 2.518598346244174735e+01 4.522212640882884216e+01 2.636236660412424015e+01 4.408073586122464604e+01 4.223115294446872525e+01 4.775995770926871131e+01 2.843187355581961384e+01 2.886096296277405315e+01 2.935142176276507442e+01 4.856813242329529601e+01 4.998958905585972445e+01 6.985759375701348972e+01 8.388763433426586857e+01 7.795413742442605098e+01 8.388769226665448286e+01 7.775646228549040018e+01 6.358794297739268586e+01 5.294988388657429823e+01 7.300480639489906309e+01 6.641800008901350338e+01 5.048404989968993561e+01 7.100815923849270916e+01 8.456170308695213578e+01 9.595381212647761515e+01 9.000417607788922680e+01 9.171999485322540124e+01 7.301937835217202633e+01 6.788477130298294071e+01 8.856655943832181777e+01 1.025002367263691099e+02 1.106950770615665505e+02 1.023880288614828231e+02 1.023880288614768403e+02 1.135907767879695882e+02
4.426687981592864674e+01 2.819661596694811223e+01 2.461095048825309561e+01 4.407029593527175138e+01 5.092660695947414240e+01 3.128671407739172494e+01 2.696548642265464224e+01 2.739409284013838430e+01 2.782364630597392363e+01 4.037254750389665503e+01 4.458800799770313716e+01 4.725193306830740170e+01 3.004407792733960392e+01 4.982906109634196667e+01 5.731607877367267889e+01 6.958377174679672805e+01 7.322857178024835889e+01 8.160378957032736480e+01 9.062899308465783577e+01 8.000186940039991157e+01 6.021162286169992228e+01 8.000186958691666916e+01 7.943672928699781721e+01 6.075849970549385404e+01 5.559738316598318164e+01 7.614665154571106598e+01 9.047007612242691721e+01 1.022095007590876889e+02 1.018808644299254382e+02 8.764127831294601378e+01 8.856655943832181777e+01 7.359406735946528499e+01 8.555753264583216833e+01 1.000311564111306097e+02 1.201461031773430221e+02 1.225170798791910585e+02 1.227013921986348919e+02
5.201512730034956888e+01 4.371241073655010467e+01 2.421508321538510344e+01 4.427979395704744547e+01 6.089415265738047367e+01 5.392936985920535875e+01 4.361332217033732661e+01 4.763086807123573863e+01 3.014828317421761739e+01 3.859190551627403210e+01 4.861964397234148549e+01 5.554770391333688906e+01 5.004344629930072585e+01 3.073689265902517675e+01 3.840713103881818569e+01 5.528794673597574416e+01 5.299175186953311822e+01 7.164592369001773875e+01 7.971206347754457511e+01 8.780300382302398532e+01 7.191740768150415875e+01 8.780300382302398532e+01 8.125781877149150034e+01 8.125781877149150034e+01 6.483404988775059508e+01 6.156169653214809756e+01 7.345390052541085879e+01 9.383562344744812833e+01 1.093646994515637658e+02 1.078204831096023781e+02 9.851848350306221391e+01 7.804196768157399333e+01 9.853328180781979029e+01 1.119305976836270560e+02 1.201539465450207871e+02 1.290915143090205390e+02 1.309155186441509784e+02
4.314449997334704534e+01 2.366019086042762609e+01 3.645843376714548612e+01 3.542401935146979497e+01 4.682690591701687310e+01 6.685926351371158205e+01 6.718534083821120362e+01 5.070184440183598440e+01 3.651291611416045413e+01 5.578688893752182310e+01 6.114270233448500136e+01 6.134558256418411304e+01 4.145455767807938940e+01 4.833334749245365458e+01 3.143134720454307640e+01 3.460203332908088925e+01 5.659292865236432846e+01 5.181604572923733087e+01 6.591211891236369524e+01 8.548858359367829962e+01 9.104545154819480501e+01 9.876244401265766726e+01 1.015826584751389277e+02 9.368525533123955995e+01 7.669583539496180435e+01 7.610291814411273492e+01 6.865550326168185791e+01 8.047830811775723703e+01 1.008944050864516839e+02 1.172356935501664736e+02 1.068395417961348812e+02 9.853328180781979029e+01 8.514531555331410573e+01 9.166579670716983230e+01 1.008286945636044578e+02 1.150996688171239555e+02 1.349449902991408692e+02
