MOVIE_S9_data/elevation_000467.asc
nrows	100
cellsize	150.0
xllcorner	0
ncols	100
yllcorner	0
NODATA_value	-9999
[rows 17 to 33 of 100, columns 37 to 73 of 100]
4.883132138847208381e+01 2.971324617110066058e+01 3.260561365911271992e+01 5.587460903669096979e+01 7.397513685345987255e+01 8.233629438297947445e+01 8.248813406784053370e+01 9.089027507056357535e+01 9.238396326492370747e+01 1.007976808447177319e+02 1.076735624426603266e+02 8.757762529465772161e+01 7.335737089133333200e+01 6.429826043013255799e+01 6.771838827705370534e+01 8.456972586029802130e+01 8.150440230226372762e+01 6.404368238847634132e+01 6.524293438398036926e+01 4.615933259432257785e+01 6.601715608844943972e+01 5.674953766721642268e+01 7.578510188517033441e+01 8.744907190945302489e+01 9.157903173652871942e+01 7.134651854590566700e+01 9.008960926807166913e+01 8.150450340429563312e+01 9.323317719347420507e+01 1.135429139635322002e+02 1.213824396197364024e+02 1.017626199362459545e+02 9.081207638865897991e+01 9.168626494818614958e+01 1.106563638459653589e+02 1.146479345798048683e+02 9.518813873168299722e+01
5.200581064617490767e+01 3.005022658449099637e+01 3.288303892651521920e+01 5.409155350976941889e+01 6.495563111638121256e+01 7.062767610865508061e+01 7.724333057548659554e+01 8.562993283211288542e+01 9.572993598878412058e+01 1.081230445808090650e+02 1.022340103672173512e+02 1.017865326926388860e+02 9.279644236648083222e+01 7.623599578326461312e+01 5.606014030620720945e+01 6.951071061190069145e+01 6.992807844115026228e+01 5.646389008779954111e+01 4.539747582853114949e+01 5.841721972828796794e+01 7.357428693150956178e+01 7.072649168231333761e+01 7.072599373880309770e+01 9.014196818834399494e+01 9.515219223772923840e+01 7.488750417273261917e+01 9.516422734189806931e+01 1.018170819721686797e+02 1.101670942726365752e+02 1.218497689271602553e+02 1.198861054963560093e+02 1.005843658896833404e+02 1.105309792634372030e+02 1.044275235421432058e+02 1.211657627744823884e+02 1.194377133586929176e+02 1.003647432263001775e+02
3.785294329527039281e+01 3.039000820116648072e+01 4.994782934368181060e+01 5.755011567366257452e+01 4.536362057210298104e+01 5.097913588978499888e+01 5.739636717499219998e+01 6.716281310043314079e+01 8.732384805054006449e+01 8.803085520099610051e+01 8.214771570265780554e+01 9.635158939844502868e+01 9.538465318298966622e+01 7.525890477811225310e+01 6.098749553554934266e+01 4.953562610678179112e+01 5.094646774356773022e+01 4.463926061813847923e+01 6.423592847862431654e+01 7.288153084326796716e+01 8.479426749250480100e+01 9.010949751566928967e+01 9.016470812771824228e+01 9.870684691188994009e+01 9.894008405872324374e+01 7.860647046393391690e+01 9.894008470866796756e+01 1.108339223116586396e+02 1.191479640210618101e+02 1.292434970163947696e+02 1.281965621912096935e+02 1.140669068265518860e+02 1.159953713782174560e+02 1.280495567738976774e+02 1.343695293719225390e+02 1.179162838087792835e+02 1.066659219088246715e+02
3.552504831865739021e+01 3.073687666081536918e+01 3.489932473051100459e+01 3.790746848021799309e+01 5.755054717582186896e+01 7.062767610865508061e+01 7.724333057548659554e+01 8.562993283211288542e+01 9.572993598878412058e+01 8.803085520099610051e+01 6.791311433178267976e+01 7.727747038263946422e+01 8.560285615668799153e+01 8.465090500526682149e+01 7.123717309259087926e+01 6.293039663224902824e+01 4.389304687414903583e+01 6.370267324646152929e+01 4.973135152198004505e+01 6.971163246429503602e+01 8.015817954004215551e+01 8.545170242602095811e+01 9.388568127443826938e+01 1.055137105694169861e+02 1.061482809513830574e+02 8.576042317799405623e+01 8.534756142345564456e+01 9.044361847012056899e+01 1.006890176548996720e+02 1.150940761486625661e+02 1.351858722086563773e+02 1.339348938471406427e+02 1.352766113207139824e+02 1.434416456238686237e+02 1.438145505557121737e+02 1.334610445130749099e+02 1.198493709169243573e+02
5.367398338545854841e+01 5.061213352462661419e+01 3.125745039766371036e+01 4.613385218839970037e+01 5.867538766066480349e+01 6.501800891943682359e+01 7.094325557640223678e+01 7.890004528213816570e+01 8.829052757272204133e+01 8.889090962781597227e+01 6.877584280455585031e+01 5.702613516694873397e+01 6.961547061492147748e+01 6.502802774940484198e+01 5.632894120543826944e+01 4.315762848629666593e+01 6.294576567008969192e+01 7.201333523900461842e+01 6.971163246429503602e+01 5.519018731589098792e+01 6.004724572145025974e+01 6.544810892074052333e+01 7.706124108727924238e+01 9.716064745366787747e+01 1.144837093100453416e+02 9.490011984304642567e+01 1.057363463512741646e+02 1.108339223116587107e+02 1.006890176548996720e+02 1.150940761486625661e+02 1.351858722086563773e+02 1.343583063446251344e+02 1.259361266634485332e+02 1.308135295658160260e+02 1.392254147029852334e+02 1.367566080053260862e+02 1.384482480615800739e+02
3.903698552620732443e+01 4.596224277234914979e+01 3.164524114806932076e+01 3.988586905139631966e+01 4.100545163681275795e+01 4.707164650676165962e+01 5.316752705283821001e+01 6.173023274758565293e+01 8.015627840521896985e+01 9.721177814865895073e+01 8.560285615668799153e+01 6.962318514010770798e+01 4.964230732384425693e+01 4.594691457510625554e+01 4.242831755099803104e+01 6.219163027523541132e+01 5.707937119603882081e+01 7.710853132030578649e+01 8.238900016124611625e+01 6.228924768882121299e+01 8.015817954004215551e+01 7.966437625500361719e+01 7.706124108727924238e+01 8.864372073877166258e+01 1.087949857083860650e+02 1.067076888938828887e+02 1.235406356373110413e+02 1.292434970163947696e+02 1.124719196435034689e+02 1.292434970163947696e+02 1.357601196787340996e+02 1.226102574608100326e+02 1.055815811060044638e+02 1.104471181837917300e+02 1.200745384206100113e+02 1.145891206886536651e+02 1.292603058938570655e+02
5.543846939322234846e+01 3.500364375591623656e+01 3.622818718707555519e+01 3.223130241341262092e+01 5.647803032411105306e+01 6.496856455280767761e+01 7.094325557640223678e+01 7.890004528213816570e+01 8.829052757272204133e+01 9.378774090206789538e+01 8.524084713285805037e+01 7.795965850189548974e+01 6.961343809041133568e+01 6.166198613208441515e+01 4.192107463440949289e+01 6.166358003492286599e+01 7.710853115739172381e+01 8.542950237673089475e+01 9.069084462696230275e+01 7.236245990701088715e+01 9.069084462696230275e+01 9.975486116220392319e+01 9.716064745366787747e+01 1.055137105693408301e+02 1.171522819454842903e+02 1.269148366264423373e+02 1.351536510637652668e+02 1.408141738400113638e+02 1.325994784818902588e+02 1.304787386686898571e+02 1.220564910448938605e+02 1.070390730647539073e+02 9.397431903827643396e+01 1.131019613766360408e+02 9.962321175821780628e+01 9.969611301407657322e+01 1.170083728933961851e+02
6.691140777749656365e+01 5.467819162754896212e+01 4.837650771900126756e+01 3.265908973723396969e+01 5.317793856098236915e+01 7.167907496655325872e+01 7.172286909209864803e+01 7.172286909209864803e+01 8.003776918973228760e+01 8.524084713286396209e+01 6.494198078532211582e+01 7.073235500731256309e+01 6.455234710939460285e+01 6.038395464975346982e+01 4.141732614810065627e+01 6.114145820551776467e+01 7.922555775005652379e+01 8.812752620585797558e+01 1.007149710861973375e+02 9.241554041548124587e+01 1.007149710861973375e+02 1.019962983940484804e+02 1.103766195469761442e+02 1.078238023206184977e+02 1.162088849063584206e+02 1.279079313950866066e+02 1.371174826951763919e+02 1.320547177573598105e+02 1.202647691828448302e+02 1.118228605349998190e+02 1.015892279475260978e+02 1.070390730647539073e+02 8.694964618886281471e+01 9.292910648415784181e+01 8.531811243744458295e+01 9.114264798669310608e+01 9.771959857911338077e+01
7.473863785094367529e+01 6.379944359496911233e+01 5.276782521368172496e+01 3.309215167660257606e+01 4.536777781518495090e+01 6.381108106787190337e+01 5.161309001782702666e+01 5.161309001782702666e+01 7.172286909209864803e+01 8.521381808381110545e+01 6.494083611921973898e+01 5.142447197211549081e+01 4.030985815143194628e+01 4.071039823165419591e+01 5.833959355951168391e+01 5.114213884404954058e+01 5.997805642621177213e+01 7.402450084105744565e+01 9.391327247665719824e+01 1.012106514895537828e+02 9.750531292536928163e+01 8.188902153838400011e+01 9.616879446747847737e+01 8.763673655636544879e+01 9.925123702060336939e+01 1.195341442960403526e+02 1.168642124399061544e+02 1.236355664147648667e+02 1.031753596561441242e+02 9.129472276928898111e+01 8.970215727566989017e+01 1.084355597515949086e+02 9.883759888627255918e+01 7.887974596126493054e+01 9.883759888627255918e+01 1.118460737300538455e+02 1.188881804477690025e+02
6.052782406680228178e+01 4.655154245747269215e+01 3.439185534577071479e+01 3.352855242316849882e+01 5.324298000455107172e+01 5.415687715218828657e+01 3.738880033388857527e+01 5.750061965164670141e+01 6.937822018015378944e+01 7.784758307729542537e+01 7.864877788735874731e+01 7.037758562226308356e+01 5.985744007010409007e+01 4.021221124129078817e+01 5.920228497776069787e+01 6.797162201865278064e+01 7.922555775010887658e+01 8.812752620585797558e+01 9.535196633913393782e+01 8.112130764999444921e+01 7.745882161714139613e+01 7.042699456468569963e+01 7.614130652040252301e+01 9.025084269012384652e+01 1.104559939098373889e+02 1.194577618772266590e+02 1.025181438431639975e+02 1.194577618772266590e+02 1.145620727020787655e+02 9.997093467000493661e+01 7.944283369446766585e+01 9.997053051742615537e+01 9.546229803154317040e+01 7.558705855680904051e+01 8.699560827155664811e+01 1.011019489562418698e+02 1.213347920555208361e+02
6.833672945850975111e+01 5.654836657956857238e+01 3.676753053512718594e+01 4.059174157351487366e+01 3.412462323502808204e+01 3.453342639939459957e+01 3.493037278315685512e+01 5.429424502290264343e+01 4.928731836202760519e+01 6.937566164318974415e+01 7.701822700830680901e+01 6.907536958601147603e+01 6.478501637703730864e+01 5.687528509618323369e+01 3.950453759380242502e+01 5.144002101917248382e+01 7.680030665590282979e+01 8.912913280915077507e+01 8.534504573995631915e+01 6.704727543882005136e+01 6.339539084310825956e+01 8.333030298232421273e+01 9.616879446747847737e+01 1.045443541875938251e+02 1.119284963294987421e+02 1.110886833144952419e+02 9.084239783113336841e+01 1.110886833144952419e+02 1.061054546987554374e+02 8.561957696348579816e+01 7.405993212244156609e+01 9.448455340160465710e+01 8.798852256315697673e+01 7.248055284874786253e+01 9.231846888419595132e+01 1.096220074679553846e+02 1.196724571626184286e+02
6.002967176657298864e+01 4.029366883377000619e+01 5.654836657956857238e+01 5.917154324755571082e+01 4.540147667758528627e+01 5.413416463282641189e+01 5.410663893621395459e+01 3.547703452693868087e+01 5.481006452990256150e+01 6.380965680236774773e+01 7.055292377595148423e+01 5.155500244856950331e+01 5.609607236707536515e+01 3.879048885660546375e+01 4.116995744784549771e+01 6.398237079580566444e+01 8.352009613602129434e+01 7.081728694801864776e+01 7.189065094060882188e+01 5.713592674213047218e+01 6.704727543890915342e+01 8.112130813045325795e+01 1.012108033945313394e+02 1.059858039541164771e+02 9.167935264648637883e+01 9.488111607764700750e+01 8.369524386501846891e+01 1.039305391797472424e+02 1.050801211355999527e+02 8.937898346823442353e+01 6.903508775166824307e+01 8.416787765460213677e+01 6.813833186731477554e+01 7.446207209681689676e+01 8.141764253886468339e+01 9.124549263033661362e+01 1.112720412601900080e+02
4.388241359358207205e+01 5.158237654232348746e+01 6.833672945850959479e+01 7.355829554023648598e+01 6.523713603038878261e+01 5.895351016897885188e+01 3.930131717890619569e+01 4.563412953517435966e+01 3.602252159202839010e+01 5.559744930594381884e+01 5.701004399080896690e+01 5.591379774713876571e+01 3.806987155175856685e+01 5.174162378680124874e+01 6.134797648430495798e+01 7.371875888101101282e+01 7.563082014771407557e+01 6.734158527805502104e+01 5.223688644407554449e+01 6.346487084561075420e+01 8.340048059707751804e+01 9.535242861751420662e+01 1.014427906669459389e+02 9.306315632870131083e+01 7.733096639956528406e+01 7.458652162290454157e+01 8.895146233614232756e+01 1.091859532775416710e+02 9.663491846452299683e+01 7.628358972905010660e+01 6.456769923602591632e+01 6.421128011798570867e+01 7.835799598581184000e+01 9.424511976836890881e+01 1.012586344878775861e+02 1.096220074679553846e+02 1.196724571626184286e+02
5.786020798342977400e+01 7.156889163616585847e+01 7.989552316478021510e+01 7.557914890434663846e+01 6.299468065691742424e+01 4.320634232658730411e+01 5.895540300974042935e+01 5.943807733596902665e+01 4.172218128833690542e+01 3.656799684049789079e+01 3.695461553200617999e+01 3.734515411959734621e+01 5.586058883245071627e+01 6.559600064177608658e+01 7.888641149390345220e+01 7.145350596292696821e+01 6.322638366213143257e+01 4.802897663812500184e+01 5.894975262116012260e+01 7.880497107072659446e+01 9.173676487410126867e+01 1.014427906670884738e+02 8.970505094231107535e+01 7.269131760789775853e+01 6.700996077016232277e+01 8.747057795879258890e+01 1.032496130015120031e+02 9.820564038453896671e+01 8.986483060674405010e+01 8.066223849374877375e+01 6.037995134146713383e+01 8.066223849453827199e+01 9.244217408952462733e+01 1.065263521932373862e+02 1.192921532193208094e+02 1.276320571264473784e+02 1.148570355453501008e+02
7.267277068898603432e+01 8.626491550447181567e+01 8.147591854589772709e+01 6.135407324622951819e+01 4.729954677793755025e+01 6.299468065699507946e+01 7.131583851506981375e+01 5.626884331373524617e+01 5.953341611872856021e+01 5.509149545781280466e+01 4.012169150362538517e+01 4.563950086789182592e+01 3.819334374050818326e+01 5.782765231605745981e+01 6.439371306610073020e+01 6.031051648621318861e+01 4.408961719360434017e+01 6.308359148704928288e+01 7.482314341585190220e+01 8.713811055713334497e+01 9.690336346100666276e+01 9.306315632870131083e+01 7.269131760789775853e+01 6.071727559556660481e+01 8.130146975935772957e+01 9.585478897980617319e+01 1.037496041956385824e+02 8.974316242232906404e+01 6.961267734283056541e+01 7.543788890780945167e+01 5.814098236512645457e+01 7.848780849869525866e+01 9.060676480113697551e+01 1.106711191931257900e+02 9.914315021129269212e+01 1.076591209087332004e+02 1.065101742833827387e+02
6.853911797255747729e+01 8.870317696321012590e+01 8.204904949395708513e+01 6.190438753868821209e+01 5.036400236707736866e+01 7.041852349134855160e+01 8.595799830690533838e+01 7.714187345179652766e+01 6.444184552079902062e+01 4.476653481626927089e+01 5.347682252763147659e+01 6.244662344135624465e+01 5.684398035531087601e+01 3.903416751348664349e+01 5.486788581341945559e+01 4.071224222244773472e+01 4.131754715499684494e+01 4.663014981556006688e+01 6.785887619320170927e+01 7.604932115650466073e+01 7.664487901316718421e+01 8.113531750817834620e+01 7.270392853273544631e+01 5.710413179928254834e+01 7.162630815883599666e+01 9.203692474796162060e+01 8.367808743714536490e+01 8.171207204476199593e+01 7.193010531899740556e+01 5.506173995671024812e+01 7.543773089651294583e+01 7.057087946446604576e+01 8.734755093613102872e+01 1.015269238348589624e+02 8.761471589952637373e+01 8.761471589952637373e+01 9.859517187114465742e+01
8.209114868000419563e+01 9.702947205544339226e+01 9.037708074800680436e+01 7.382184219226098776e+01 5.368753723034784997e+01 7.382184219226098776e+01 8.869262444303410575e+01 8.138899579292331055e+01 6.195359146281805351e+01 4.816382944838543523e+01 6.179595953836557243e+01 7.803600159852564389e+01 6.444415592789975733e+01 4.066424166072805946e+01 3.986132215821325531e+01 5.960017004959338749e+01 6.096331656192691639e+01 4.220810363249665897e+01 4.862392285438056660e+01 5.700767084220036196e+01 7.618708330482535018e+01 6.814436574661809232e+01 5.248047295961196568e+01 7.270392853273544631e+01 8.602359979186080352e+01 9.283532489300624491e+01 8.034800716325646874e+01 6.349980730083091629e+01 5.338880027255994776e+01 7.370349514824540904e+01 5.718225260855681569e+01 5.872021536285978272e+01 7.317060348484412202e+01 8.273448981087102538e+01 8.433979007837520214e+01 7.356082787921270949e+01 8.762801208609300829e+01
