MOVIE_S9_data/elevation_000489.asc
nrows	100
cellsize	150.0
xllcorner	0
ncols	100
yllcorner	0
NODATA_value	-9999
[rows 51 to 67 of 100, columns 0 to 36 of 100]
6.455108993161302877e-02 4.536687044931210444e+00 9.125001722342485522e+00 1.412500172234252815e+01 2.044955704267939822e+01 2.752062485454499807e+01 3.906763023833791948e+01 5.906763023833862292e+01 7.028472112728866250e+01 6.203435791333664184e+01 6.260845071473541879e+01 4.855411832004486428e+01 6.260845071473539036e+01 4.618024728354587438e+01 6.434259230074644620e+01 6.863164857893600868e+01 5.457055738109740162e+01 6.186833480259371498e+01 5.341724451965933440e+01 3.367586090974180735e+01 3.403746979515573656e+01 4.429908641133247471e+01 6.248489615159692789e+01 7.077968724520437149e+01 6.255317019562241398e+01 6.385714279367476820e+01 5.562273931375908376e+01 5.497685598158189890e+01 3.621417626915972221e+01 3.321154637873593174e+01 5.336805453866757887e+01 6.636171451925538634e+01 5.265440469062383499e+01 5.827620623944150680e+01 6.673487778646787660e+01 5.851128758951299602e+01 4.223224149268195760e+01
3.995603441288197999e-02 2.003995603441252626e+01 2.912500172234284079e+01 3.412500172234323514e+01 4.044955704268010521e+01 4.752062485454570151e+01 5.580489610200790196e+01 5.951959305467233463e+01 6.780634460248683126e+01 7.603956741156700616e+01 6.775423669443723895e+01 6.840389962764464826e+01 7.427590863115352704e+01 6.601901692666750421e+01 7.427590863115352704e+01 8.269273977677468679e+01 6.470746639138037892e+01 5.071304760237170939e+01 4.087901788802893321e+01 5.341724451965933440e+01 5.377834249385153953e+01 3.961934186914247391e+01 5.351540552068392742e+01 7.335436849283745175e+01 8.035548538090078807e+01 6.046376389315182820e+01 4.921603619082677028e+01 4.157269341720799360e+01 5.497686041637044951e+01 3.645347912345172148e+01 5.097037031357924519e+01 7.083382001103372261e+01 7.184843578357717320e+01 7.763481873159064151e+01 7.802731936828553216e+01 5.818133527580299358e+01 6.182314127922032299e+01
4.804567899273937126e-02 1.419018130272381484e+01 3.419018130272451828e+01 4.009937706671899349e+01 3.956705282320422867e+01 4.785222141823313535e+01 4.537719693406344845e+01 3.951922465645458971e+01 5.951959305467233463e+01 5.729969551734577493e+01 4.775393490477917879e+01 5.620711065812702856e+01 6.449314284439381595e+01 6.515153023256161191e+01 8.515389713232339375e+01 9.291573562965892563e+01 7.881160101051970912e+01 6.062887135318410259e+01 4.782569161188180829e+01 6.763116286812720546e+01 6.353226731858458010e+01 4.380360924652261900e+01 5.513567667240859294e+01 7.500222344643214001e+01 8.861024928962069680e+01 7.711949474394617710e+01 6.407964095276783212e+01 4.499645722181649177e+01 4.097511465805587250e+01 4.059942401583606397e+01 6.042238532091931802e+01 7.303708837396172271e+01 7.303708837457287473e+01 9.298091463304457704e+01 8.628995707852804742e+01 7.212829189240787287e+01 5.230484951310386776e+01
9.707512844716031930e-02 2.009707512844680366e+01 2.393684912225370098e+01 2.009926227697512857e+01 1.956697409648711172e+01 3.468668718759460745e+01 2.537708504866050774e+01 4.537719693406344845e+01 4.020818526506460699e+01 3.729909581605300417e+01 3.620692868556165678e+01 3.620692868594724700e+01 4.515120068807717502e+01 5.929335654773286990e+01 7.929441259321237112e+01 9.204441377843610894e+01 8.879063919279521144e+01 7.589445237231639396e+01 5.768374159401168555e+01 7.589445237231639396e+01 6.833068225017663622e+01 4.854631090447445985e+01 6.833068225017663622e+01 8.328306708962779226e+01 8.701325336208678607e+01 6.708221771349045071e+01 5.315250096981149852e+01 4.962143030265706756e+01 6.772983956378165260e+01 6.042238532095776549e+01 4.623780762755110629e+01 5.318043497764654859e+01 6.719619713259731952e+01 8.713824722744112705e+01 9.138307655823601294e+01 7.141937539957034176e+01 5.736600083071339640e+01
5.001202446392439237e-03 1.966162553828234794e+00 3.936821110156825121e+00 5.957126199261255195e+00 8.019968691778858627e+00 1.468663535844558332e+01 3.362568208996791697e+01 3.612568874052295342e+01 2.020811814371213799e+01 2.315695726681013156e+01 2.620692867346227573e+01 4.620702168325848191e+01 5.155228020587787086e+01 7.155338069744959739e+01 7.204222759725296044e+01 7.204222759725297465e+01 8.927390648185468081e+01 8.585422081653535997e+01 7.173119118874899414e+01 7.897856565233357173e+01 5.905819968190538560e+01 6.833068225017663622e+01 5.990893248135193971e+01 7.983500794759227404e+01 8.442356480463706703e+01 6.449860326977835712e+01 7.291988289889347641e+01 5.580880835772621396e+01 7.575431935152721508e+01 7.097548016604635279e+01 5.114036446220691801e+01 7.097548016604635279e+01 7.303708837460723657e+01 9.298091463395603284e+01 8.667525984128316452e+01 6.671649552236938518e+01 7.726660811194450673e+01
5.279685921607564503e-02 2.005216056017330928e+01 1.548382662650858954e+01 2.595715733695861971e+01 2.802000338327764339e+01 1.118224635194726524e+01 1.362563523907339125e+01 1.612563523907343566e+01 2.245019055941030572e+01 4.245026881192089263e+01 4.620702168325847481e+01 3.155215351171085914e+01 5.155228020587787086e+01 6.261398278051597543e+01 5.204190002393742276e+01 6.098617246925842750e+01 7.512837023887294663e+01 9.513017744098722517e+01 9.169543951509297131e+01 8.726486594321968937e+01 7.312054106626821692e+01 7.897856530452868640e+01 7.138256395023722689e+01 8.812157745266519271e+01 9.267828908032966240e+01 7.598760219634144164e+01 8.240222221653003487e+01 6.245851362152142627e+01 8.240222221653003487e+01 7.850133846979616692e+01 5.858978899576374744e+01 6.255274965538216492e+01 7.404389586587531369e+01 9.400663931963622133e+01 9.422538267178536842e+01 7.424963529428549691e+01 9.422538267178536842e+01
5.738623160518319517e-05 2.000005737535488137e+01 3.548387260522166287e+01 4.377109989513865429e+01 3.695580691048171929e+01 1.695574904384362469e+01 3.362568208996791697e+01 2.612563524269905457e+01 4.245026879285779131e+01 3.314064026627981008e+01 5.314080831976599484e+01 5.155228020587508553e+01 3.744983175790791563e+01 4.261380955285844863e+01 5.416081572814878342e+01 7.416121707407481267e+01 8.927390648295485676e+01 9.054317703291852126e+01 8.226616827356158979e+01 9.054316607205271339e+01 9.312108758091663674e+01 9.898235866000651129e+01 9.138126566723776989e+01 9.966996231096719328e+01 1.041931597215944265e+02 9.594730403294460075e+01 9.066035922556193327e+01 7.241842070943039289e+01 9.066035922556193327e+01 8.676048845967062562e+01 6.852186150095076300e+01 8.248114401284392727e+01 9.073822408873395773e+01 1.022556068822152326e+02 1.024928755586326901e+02 8.837598862236842479e+01 1.024928755586326901e+02
4.532054705376769438e-02 2.004532054705341082e+01 3.593357636153719881e+01 4.593357681097619150e+01 4.328038899275452422e+01 2.328030436418067239e+01 4.328038899274551454e+01 4.612574222381832101e+01 4.612574221897492066e+01 4.314064056330827412e+01 6.142679248804287084e+01 6.573613993329260552e+01 4.899683764252819884e+01 5.377979109971304439e+01 7.089966549482694802e+01 8.244680098360501574e+01 8.269192499630652549e+01 7.442421151858221151e+01 6.236417648939880820e+01 8.058036920945968973e+01 9.208703319498198425e+01 1.044199815991560882e+02 9.610552734256846463e+01 9.349848734553178531e+01 1.018140712703685722e+02 1.023320974156454497e+02 1.006372066860062375e+02 9.238602372362974791e+01 1.006372066860062375e+02 9.673552476922635890e+01 8.848081543864164189e+01 9.673552476922635890e+01 1.077797687595287925e+02 1.062846588184347354e+02 1.145802513959634439e+02 1.083470691175519960e+02 1.097600913188588123e+02
9.001595176218035732e-02 7.649305411946757616e+00 1.764930541194693348e+01 3.764930541278535969e+01 5.156580389649744234e+01 3.742244203951468506e+01 3.742244203951468506e+01 5.742272397509818660e+01 6.612666875525664523e+01 5.728279967713350374e+01 7.142782106473688941e+01 7.728455025188053185e+01 6.899726079029034054e+01 7.378058756984779620e+01 8.206859495160395568e+01 8.213414843604067528e+01 7.117561312760997794e+01 5.448292063576494115e+01 5.236612574522170860e+01 6.390157778879256512e+01 8.380835588560697147e+01 9.610552734256846463e+01 7.602425995109152268e+01 7.341958058199722359e+01 9.022212077512386941e+01 8.224876374842665427e+01 9.073697931665174110e+01 9.904469531905529323e+01 1.108693834246140852e+02 1.025749495753916136e+02 1.025749495753916136e+02 9.834551683572291836e+01 8.776669822729286352e+01 8.627334212725473606e+01 1.004186141360441553e+02 1.204465434481486596e+02 1.180195694375458970e+02
5.674351268809080251e-02 2.005674351268773492e+01 3.593357678909720931e+01 4.593357687748328999e+01 5.602810303490078070e+01 5.742272397509727710e+01 5.742272397509818660e+01 6.570916582512002435e+01 7.188506771242713000e+01 7.728386498968114893e+01 8.167768236812317184e+01 7.317568623267807482e+01 8.167768236812317184e+01 8.749586326703004602e+01 7.921016262122454066e+01 7.386195290967141602e+01 5.384376190243015969e+01 4.272875004823447398e+01 6.189262251347241062e+01 6.897654720404214856e+01 7.724214538609278691e+01 8.720994550131180745e+01 8.190592699523492115e+01 6.190040207055093191e+01 7.337554267389114671e+01 6.808723535927335035e+01 7.068592423797211666e+01 9.073697931665174110e+01 1.025749495753916136e+02 8.258056737885854659e+01 8.258056737885854659e+01 7.836541578997972124e+01 7.366477457132315010e+01 9.362839087382005232e+01 1.094500267986690716e+02 1.122799693944722321e+02 1.130099236304767061e+02
9.518805923843161321e-02 2.009518805923807605e+01 3.025460034300336432e+01 3.602810303490007016e+01 3.602810303490007726e+01 5.187166374254695000e+01 6.341866912633987141e+01 6.601687896456313354e+01 5.164543646520712628e+01 6.601687896456313354e+01 7.151691977019176250e+01 5.293870582802727398e+01 7.151691977019176250e+01 7.596302314752627183e+01 5.924628968914722549e+01 7.276626900581022994e+01 5.751712272809265158e+01 3.705755503341795531e+01 4.161322585818648179e+01 4.894018245957551017e+01 5.901674928137830278e+01 7.893634512670597303e+01 9.022212077512386941e+01 7.337554267389114671e+01 5.347182757921176943e+01 5.661751342608832971e+01 7.068592423797211666e+01 9.073697931665174110e+01 9.355466651358995023e+01 8.843678633858748128e+01 6.851485796655012450e+01 6.432786302459663830e+01 8.254211160333142061e+01 8.148463434121704552e+01 9.261303581092450088e+01 9.261303581092451509e+01 9.361652731325111176e+01
9.062254805971975413e-02 5.090622548059740460e+00 1.025460034300300727e+01 1.602810303489936672e+01 2.358739249508404612e+01 3.513439787887696752e+01 5.513439787887767096e+01 5.691341102494190807e+01 3.722918566903993565e+01 5.691341102494190096e+01 6.305719603035264953e+01 4.283001275203550762e+01 6.305719603035264953e+01 6.704173072941007661e+01 4.775095548120733469e+01 6.449422862459628902e+01 4.427974209066780986e+01 3.224053475482457998e+01 4.691585564667704489e+01 6.708547581728845444e+01 7.724214538609278691e+01 8.720994550131180745e+01 8.411782941842668038e+01 6.805605114067540740e+01 4.821556426156720931e+01 6.805605114283461887e+01 8.486530977851363389e+01 9.355466651358995023e+01 7.358950168004787429e+01 7.725317768934435492e+01 7.235842813365447057e+01 5.865319995928159358e+01 6.280965156017437323e+01 6.758045161655775246e+01 7.304011815426947862e+01 7.996305423154657888e+01 9.338059877990144741e+01
3.063233560239582431e-02 2.003063233560203926e+01 3.025460034300336432e+01 3.602810303490007016e+01 4.358739249508474956e+01 5.187166374254695000e+01 4.843552759291853960e+01 4.847523754961078168e+01 2.807747552673669844e+01 4.240618049746786511e+01 4.764895421325976343e+01 3.599019892996878411e+01 5.631480160424692372e+01 5.876968919400359681e+01 3.885319809277828540e+01 5.876968099189424777e+01 4.934418076557373212e+01 2.894962921400916045e+01 4.934426078551273065e+01 5.515642645800555499e+01 7.524118369773029258e+01 7.797753021019642006e+01 7.581125658642386611e+01 5.588452300380501470e+01 4.450920375443098465e+01 5.909431231493467607e+01 7.676239713186562597e+01 7.593955845460027376e+01 7.664382792586540916e+01 5.742339287548848148e+01 5.261069535733517455e+01 5.644552519270625623e+01 7.620445594120836574e+01 8.726233325143680020e+01 9.261303581092327875e+01 9.929672158432784101e+01 9.979204045865286332e+01
5.666595628964066211e-02 1.976282081255507350e+01 2.987735090329431742e+01 3.750637081496476100e+01 3.850491732008834589e+01 4.306851780878378833e+01 2.944466996250426405e+01 4.139197299909592687e+01 2.159882319741375767e+01 2.239204272011025765e+01 2.735363846686047395e+01 4.764895421325976343e+01 5.838135274906552041e+01 5.213085793242048993e+01 3.221816890451792403e+01 5.015661378093229672e+01 4.181314464364827188e+01 2.600638080942178121e+01 3.476212816192603583e+01 5.515642645800555499e+01 7.215309088128722692e+01 5.802454787029130756e+01 6.535815771220683246e+01 6.090585865593383375e+01 4.111139331205883707e+01 5.798611997318206335e+01 4.409966445749198982e+01 5.709835990822252683e+01 6.470277335111285311e+01 4.865750850041094822e+01 6.838505302353006243e+01 7.620445594120836574e+01 7.038326515518110682e+01 9.025805368599633027e+01 9.386862456082702977e+01 8.513566358845028503e+01 7.554926895992650770e+01
2.110006612196471329e-02 1.007606673216909554e+00 2.106547899130958257e+01 1.753653235791416520e+01 1.853812568176297759e+01 2.539184226763486762e+01 1.619567240156275290e+01 3.399363207607316184e+01 1.594577574554764965e+01 3.550765870236659083e+01 4.756690820835618894e+01 5.253155273161032568e+01 3.838938602987063575e+01 4.612695587136192898e+01 2.621245848937027745e+01 3.831907762310687104e+01 2.222393868700528685e+01 4.181321184208770347e+01 5.438556931580698972e+01 6.346315675664225608e+01 6.386863640877967185e+01 4.400058939160959426e+01 4.548113808272672998e+01 5.299136160302870024e+01 3.780120209845813406e+01 3.820267432709725597e+01 4.038182664560890345e+01 4.257865513866582319e+01 4.498669718527834505e+01 5.239236360094528777e+01 6.222839238746892931e+01 8.209391445606351567e+01 9.025805368599633027e+01 9.853285822535475802e+01 8.183367978320161740e+01 6.368615075685531224e+01 6.285110200269556202e+01
9.367352646185668485e-02 1.913961183186821913e+01 2.407609954292893040e+00 3.407201263559721305e+00 4.411568431582139738e+00 5.420795104940403064e+00 6.433695059268396577e+00 2.639993205188067193e+01 1.241974856351212075e+01 3.178875174393224867e+01 4.117538217543729928e+01 3.314477950059903577e+01 2.429641619743369674e+01 3.541095122433363684e+01 3.639206427609600070e+01 1.838904120102907314e+01 1.982389386218962102e+01 3.974215772458142482e+01 5.003087251106602906e+01 4.749279425739280214e+01 4.745097636408525688e+01 4.898022439549190210e+01 3.146684283702265716e+01 3.316617302156049618e+01 3.519120614264505775e+01 5.500314271411066613e+01 5.976137528263583931e+01 6.156020976463404537e+01 5.067169078432982587e+01 6.958307370483790066e+01 7.217361959128855631e+01 8.205058107861836447e+01 1.017336197990653091e+02 8.898420205966471030e+01 7.289669521700821520e+01 5.140879561385673924e+01 7.289669521700821520e+01
3.648181865326004941e-02 1.952580124096815695e+01 9.963130388933413073e+00 2.338551773194778605e+01 2.438626354576427246e+01 2.539184227160979646e+01 2.638594699307106239e+01 7.880746566427940358e+00 8.916074379884987522e+00 2.887301233370960318e+01 3.152224200877542870e+01 1.317208589588652323e+01 1.431459406341915397e+01 1.546885033150981670e+01 1.662956116762150671e+01 3.657066856396531307e+01 3.974215975635178921e+01 2.186620767800190634e+01 4.176867550125850670e+01 2.607407134025066142e+01 2.759627850052525844e+01 2.913087747575106690e+01 4.898037192210234991e+01 4.717038806810770524e+01 4.271959011375466986e+01 6.255676745312385378e+01 7.854655050475234646e+01 6.027133740285668750e+01 7.007695048589941678e+01 7.876359055178224367e+01 9.209984663999104271e+01 9.171455560938761664e+01 8.301426191142203947e+01 7.989136646280894638e+01 5.796758517572492764e+01 4.579757338959200297e+01 5.957090014485161333e+01
