MOVIE_S9_data/elevation_000444.asc
nrows	100
cellsize	150.0
xllcorner	0
ncols	100
yllcorner	0
NODATA_value	-9999
[rows 0 to 16 of 100, columns 37 to 73 of 100]
7.479951009933314765e+01 6.663728000433842169e+01 7.095188139129393790e+01 7.560026385589972620e+01 8.067469755901143458e+01 8.632661779719632023e+01 9.283408922507655348e+01 1.010303881411959566e+02 1.098146969716987655e+02 1.212396877495683185e+02 1.301368335964331493e+02 1.186939157595727323e+02 1.104984773197602834e+02 1.113487463090832534e+02 1.195427502630219863e+02 1.130634407413357962e+02 1.213342758806390833e+02 1.186175685922157328e+02 1.103823453148786058e+02 1.151391874459179547e+02 1.233728627471092523e+02 1.218017957846600439e+02 1.300310315311462830e+02 1.319293387950256715e+02 1.237094234326927591e+02 1.216061178903508875e+02 1.133767563107401912e+02 1.133767563107393386e+02 1.192002731030770661e+02 1.154359381764548829e+02 1.154359381764548829e+02 1.236977524606908645e+02 1.305643209494429868e+02 1.223505959354560702e+02 1.208129192544383557e+02 1.290283864160004441e+02 1.318283236511177279e+02
6.092028237464771223e+01 4.683301928261975178e+01 5.117989394200897380e+01 5.587884728227133024e+01 6.102150033542638141e+01 6.674779177147013343e+01 7.331167494143598162e+01 8.203627339697985121e+01 9.325429002778420795e+01 1.129287748273122247e+02 1.219607330887194223e+02 1.021075237275328220e+02 9.059934222116285696e+01 9.145301797710480685e+01 1.080751650777087178e+02 9.312999475335014665e+01 1.098199263266611894e+02 1.071213533564168614e+02 9.045770729129884558e+01 9.522442278274741057e+01 1.077265484423138133e+02 1.018963900993582001e+02 1.218017957846600439e+02 1.204039187514311919e+02 1.036979406169731845e+02 1.133767563107399212e+02 9.353974285191769411e+01 9.353974285191770832e+01 9.934986957551768683e+01 9.528662881580874000e+01 9.528662881580874000e+01 1.154359381764548829e+02 1.190915124060824155e+02 1.024617941015658715e+02 1.009226624311626352e+02 1.119636540386367045e+02 1.119636540386367045e+02
4.108167752566005504e+01 6.092028237494067611e+01 7.095188139129393790e+01 7.560026385589972620e+01 8.067469755901143458e+01 8.632661779719632023e+01 9.283408922507655348e+01 8.859161781614560027e+01 9.072951856423996730e+01 9.889543160483560769e+01 1.084195712355977719e+02 1.186939157595727323e+02 9.986194220089181783e+01 7.998140663665689942e+01 9.206415460222180513e+01 8.165043619856685098e+01 1.009305893099831479e+02 9.887885018845891238e+01 7.898986487805750301e+01 9.776340174969614338e+01 8.780025505707850186e+01 1.077265484423138133e+02 1.243841802576434219e+02 1.121557884421535363e+02 9.206480653435754391e+01 1.121557884421535363e+02 9.934986957551767262e+01 7.983137300993563201e+01 9.934986957551767262e+01 8.132796771365329391e+01 9.368175325333331216e+01 1.136920723052835882e+02 1.108677908428004315e+02 9.108340029634112511e+01 8.956126114682960804e+01 9.217034720592697283e+01 1.119636540386367045e+02
3.753512373357519749e+01 5.162621290542043084e+01 7.138449371646858310e+01 7.263640886225492466e+01 7.606221763749820752e+01 7.663997397374549791e+01 8.008392349137902499e+01 6.912104002697084582e+01 7.125031455723079432e+01 8.071560296517549205e+01 9.571779582268044351e+01 1.054675608638158764e+02 1.035449996166294540e+02 8.365959273785171035e+01 7.224881983629271076e+01 7.282234460545517152e+01 9.265351732821642372e+01 8.640302731589673613e+01 7.242389155273484391e+01 7.788162283959074728e+01 9.776340174969614338e+01 1.159637108152522416e+02 1.161457938761163149e+02 9.608226668795083469e+01 8.447901076366878215e+01 9.599864831642643992e+01 9.346482143189246017e+01 7.411557088160527940e+01 8.587542096040709794e+01 7.436181208988146807e+01 9.368108862050868879e+01 1.110267027638376760e+02 1.028193168415835430e+02 9.944526763504943290e+01 7.989999129156258562e+01 9.364524766948650836e+01 1.134477544979462778e+02
5.266149130674549639e+01 5.354206731280453369e+01 5.604724724291462223e+01 5.289204839955342408e+01 5.605249055122115465e+01 5.855298121865012462e+01 6.189628800663430752e+01 5.517010326754080296e+01 6.117806987466550339e+01 6.816624215517943242e+01 7.789106096156652370e+01 9.726709163256050772e+01 1.117520602575657449e+02 1.002833584177308950e+02 8.564032807796654367e+01 6.586769300638314917e+01 8.564032807796652946e+01 6.662513484311435263e+01 8.640302731589673613e+01 9.776340174969614338e+01 1.060064255411263048e+02 1.103288031622874144e+02 1.021732021177861753e+02 1.103288031320000471e+02 9.599864831642643992e+01 7.598280201358376473e+01 8.868989463134602147e+01 8.587542096040709794e+01 6.656288507047770509e+01 6.883818877255158952e+01 9.223166303220480700e+01 1.028193168415835714e+02 8.321530018914269533e+01 8.895718372814837949e+01 7.550579853868070757e+01 9.496127371900568903e+01 1.003228238042208602e+02
4.953968775022996596e+01 3.354060452577807894e+01 3.617469049339249665e+01 3.883565489120834258e+01 4.187129206465377962e+01 4.501166540411085037e+01 4.832677091223359156e+01 5.347905661178005943e+01 7.319537019922836407e+01 8.757907629706348018e+01 9.571779582268044351e+01 1.054675608638158764e+02 1.082008112185851445e+02 9.606110558724664372e+01 7.621862826947972280e+01 6.223421666346558112e+01 7.749633700078005916e+01 6.272929712815372483e+01 7.671157044174587725e+01 9.655734586347436732e+01 1.127592015092365614e+02 1.005571217945729501e+02 8.269031459138190598e+01 1.005571217945729501e+02 1.042818358602389992e+02 8.868989463134602147e+01 6.874539594026998657e+01 8.153297135788895389e+01 6.153023460912157105e+01 7.932720506666618121e+01 9.592405454946562315e+01 1.012222630960197876e+02 8.895718372814864949e+01 6.955120266837883491e+01 8.895718372814864949e+01 9.447238446337331652e+01 8.027960583784792448e+01
2.981276261718890197e+01 3.891567074513174163e+01 5.602355177529743457e+01 5.867503768888712301e+01 4.773559939990654755e+01 6.484461278142165952e+01 6.810463992104234876e+01 7.319537019922836407e+01 6.161054503671381610e+01 7.145424907486899713e+01 8.519536062511743069e+01 1.047445497448874363e+02 9.996236065597015852e+01 8.009287115684688274e+01 6.867787427506969777e+01 5.871493186517776763e+01 5.760363395733192249e+01 7.749633699565782763e+01 8.252426348025947789e+01 1.023834222753277317e+02 1.037234777581157203e+02 8.506661921497034484e+01 7.294543181227204798e+01 8.506661921267982507e+01 1.046012476653237400e+02 9.697505674342752968e+01 8.221904478853323894e+01 6.222952522948614984e+01 5.788879464319017387e+01 7.427422562804203210e+01 8.256344391333105648e+01 8.119785085386250501e+01 8.535358351255295872e+01 6.587925445577444350e+01 8.534970870171437696e+01 8.346397193184897390e+01 6.612913486005854224e+01
4.409446765963807024e+01 4.987992186146080087e+01 5.299386322209389988e+01 7.254741149303463033e+01 6.752522917358847110e+01 5.767781829816265571e+01 7.737264004901420833e+01 8.932682507629203883e+01 7.042706362602217496e+01 8.932682507629203883e+01 9.910166146956855471e+01 1.119240989453556949e+02 9.204397003971236302e+01 9.204397003971234881e+01 8.680935606758829692e+01 7.408476657414261979e+01 5.407885750426810745e+01 7.408476657207631888e+01 8.172835885616844109e+01 1.015897560269015543e+02 9.558662904139480077e+01 7.604894069588254979e+01 6.547965695266113073e+01 8.506661921266177728e+01 9.065947816049161645e+01 9.850104198866604577e+01 9.049872833176377185e+01 8.221904470763396944e+01 7.427422505387008300e+01 5.390258136265146760e+01 7.062473910073302363e+01 6.693035409405905511e+01 8.095258961749955517e+01 6.228037345664866109e+01 7.794165206501436671e+01 7.093019735167111151e+01 5.579886596155788681e+01
6.392139722314467321e+01 6.956189784437303558e+01 7.254741143686435123e+01 8.043126350023020166e+01 8.552694348279842984e+01 7.737264004901420833e+01 7.163251918485531178e+01 9.123051768892734970e+01 8.165396884472616534e+01 9.806749783928853503e+01 1.086996049256795374e+02 9.875764036434266302e+01 9.052009079642441236e+01 7.219631562267555580e+01 7.800955901077858812e+01 7.178993141112319165e+01 5.174483508435371704e+01 6.185150397848944692e+01 8.172835885888045482e+01 8.550188096225696199e+01 9.111349723431314374e+01 7.963417330805260974e+01 5.987233340469037302e+01 7.963417330805226868e+01 7.195495725034687950e+01 8.766364824557166457e+01 9.343123374009384463e+01 8.523373145678799290e+01 7.618227341760160698e+01 6.169147025886329061e+01 5.007324692609046224e+01 7.062473186552401216e+01 7.293142696790280866e+01 7.714274875778471596e+01 5.719486823530333908e+01 5.472292525186121992e+01 7.477977460624401829e+01
7.458495519727479461e+01 8.238504360291069872e+01 7.656381159606490883e+01 7.398540234815196470e+01 8.221714186930182677e+01 9.368949972353445332e+01 9.123051768892734970e+01 9.942136778074244319e+01 1.011483623611933922e+02 1.093911578212121611e+02 1.004606989057197950e+02 8.057948268712901552e+01 7.069237766497688824e+01 6.367804579641460805e+01 5.810002774235442757e+01 5.358659267805017379e+01 4.957914088903150684e+01 6.957632084986710197e+01 8.028353687521027382e+01 6.667426056434672432e+01 7.214248142095067351e+01 7.506208586711086639e+01 5.515734799488576812e+01 6.903565170397463646e+01 6.057811989974398870e+01 7.983022553549081124e+01 8.146155394793143500e+01 6.511390927395335382e+01 6.882057369723719376e+01 4.919816901520638908e+01 6.972008752875190396e+01 5.100750015960971950e+01 7.155829716915607719e+01 7.316102061095858744e+01 5.365050409065195680e+01 6.587363445335536483e+01 8.180295750068482619e+01
6.634050421991059920e+01 6.252178527244241479e+01 5.670538752599795629e+01 5.412983513450880224e+01 6.558807683405369460e+01 8.545636232425775347e+01 7.887746506302001137e+01 8.729368359873852512e+01 8.672208016207855508e+01 9.515371235310932718e+01 1.086996049256795374e+02 9.875764036434266302e+01 7.986513612723757660e+01 8.350993559109033981e+01 7.800955901066130593e+01 5.897402499227863615e+01 4.755844827684776277e+01 6.471976375080211596e+01 6.986404034014033471e+01 5.508969010840402802e+01 7.182767455907915632e+01 7.757419422623087257e+01 6.678774698626105533e+01 4.892850196752186775e+01 6.466071984772196402e+01 6.663312571091213954e+01 6.137440164958721311e+01 6.783015416235544137e+01 4.836232432733762465e+01 6.881231922003929924e+01 7.736902832090265747e+01 6.308401334551331274e+01 5.196499421802063523e+01 5.265257240988837140e+01 7.316101908203785342e+01 5.704000665253119706e+01 7.727720440446050532e+01
6.325399428203342467e+01 5.503023842966059931e+01 4.270101539125060697e+01 5.670538752599795629e+01 7.656381159606490883e+01 7.565687187091864985e+01 5.878943263274504716e+01 7.244543756606982754e+01 6.653185857764961497e+01 8.672208016207855508e+01 9.703540099795802121e+01 1.079644999656531184e+02 9.972743342000539712e+01 9.876659942044227591e+01 7.889696358837257151e+01 7.563450755280626936e+01 6.471976375080211596e+01 4.518886055702731852e+01 5.543631636434692922e+01 4.925192975755152958e+01 6.265198001592840171e+01 6.399161272657438815e+01 4.512346697605914159e+01 4.560179358399134486e+01 4.608043296419312185e+01 4.656282036240192213e+01 4.705855560195450948e+01 4.757519755154851993e+01 6.792686876564617648e+01 7.713668781327844215e+01 8.947581386346199395e+01 7.920720214520488867e+01 7.249560696840237028e+01 5.498796914122943491e+01 7.608862435193758245e+01 7.727721057060385590e+01 6.044529223164098397e+01
4.862429168709307703e+01 3.528578452858237569e+01 5.503023842966059931e+01 7.075054691108840643e+01 6.932012671908798040e+01 6.096723837248808309e+01 4.731808603974678107e+01 5.243836689579078580e+01 5.946372202537030205e+01 6.836536621014386128e+01 8.260753110722154702e+01 1.030336044928597090e+02 1.006940239987792154e+02 8.895112883667859194e+01 7.995149604497616735e+01 7.146521690019181960e+01 6.500729447273891992e+01 6.135865739736189539e+01 4.285419591518309090e+01 4.340353731520167457e+01 4.392751527240618259e+01 4.442769477524836219e+01 5.415826699291370971e+01 6.498394658533410961e+01 6.646504076024476149e+01 6.252218666666716018e+01 6.330447623213691344e+01 4.995972232714533590e+01 7.134892940672141037e+01 8.781791032767831950e+01 9.782875859498699356e+01 8.248781890009520623e+01 6.175205841276567043e+01 7.608862438576701948e+01 8.442922144317593336e+01 8.280332736154272766e+01 6.287171527136342775e+01
2.895063408830678853e+01 4.862429168709307703e+01 6.325399428203483154e+01 6.355587133620655038e+01 5.522662140074538684e+01 4.108115784878690846e+01 6.096723837248808309e+01 7.244543756606982754e+01 7.954537355203470383e+01 8.796913994538255110e+01 9.703540099795802121e+01 1.085226515733304353e+02 9.214665849640967110e+01 7.225266667421598754e+01 6.063637420722025695e+01 5.136709177723474085e+01 4.572706877898661304e+01 4.207285577805075150e+01 6.138957559905313843e+01 6.564232735416645426e+01 6.291427394952040686e+01 6.396350011508335598e+01 4.696735323916347227e+01 6.629011099679389929e+01 7.610310866241850647e+01 8.392594493360790864e+01 7.049458368392522800e+01 7.134892959589889472e+01 5.865021674601788959e+01 6.954557144528834556e+01 8.955102052796030421e+01 8.707544279956974265e+01 6.707845412055547740e+01 8.707544279956974265e+01 9.695467716774761868e+01 7.692521696129394115e+01 6.551696241954508082e+01
4.254160826789409811e+01 4.717517470051685535e+01 4.728781368512827754e+01 4.993860420472400108e+01 3.544067279786431612e+01 5.522662140074538684e+01 6.277392706889199303e+01 6.984001822149025429e+01 7.822702541626748030e+01 8.723836932031591118e+01 9.895263367978185443e+01 1.001954137238330986e+02 8.027183058439754859e+01 8.394088234420406991e+01 7.995149604497616735e+01 7.099864658176946364e+01 6.065181679876275211e+01 4.149016487550389343e+01 6.084404006833409539e+01 7.380714735299882534e+01 8.153888970108253886e+01 7.498884277211938354e+01 6.655227493123928184e+01 4.979977348981100960e+01 6.378954214519545474e+01 8.383121830213502790e+01 9.015798165622956617e+01 8.781805041338904516e+01 6.954556584885936843e+01 7.954529615203983894e+01 9.784063860866437778e+01 9.202311098566919156e+01 7.223243824127141011e+01 9.202311098566919156e+01 1.052424594558515594e+02 8.807173644777920174e+01 6.818836301026958324e+01
2.351514724910722620e+01 2.626125706643070501e+01 2.757672136767498472e+01 3.021675829667233515e+01 3.421042508575168739e+01 3.835721940724913281e+01 4.285337898953829949e+01 4.985409433955225467e+01 5.874199780444894969e+01 7.025866328701906127e+01 9.051146704337146787e+01 9.540386279619453092e+01 7.554939813570791785e+01 6.423499215464892131e+01 7.409167541444676885e+01 7.196006821135533471e+01 4.065035515472416705e+01 4.577488815880496986e+01 6.021813176367206211e+01 5.681359582196898117e+01 7.393373058863595304e+01 8.566992465318034533e+01 6.596146718057522662e+01 5.197319833510726994e+01 7.174558499720163240e+01 8.318700593594233794e+01 9.719777164932952473e+01 9.781160406243927241e+01 8.954502645522028104e+01 9.781160406243927241e+01 1.077902459499135972e+02 9.755635546550109893e+01 7.760595877378926843e+01 9.755635546550109893e+01 1.051972102250684031e+02 8.495841298707313172e+01 7.089324633539359866e+01
4.223636215807550798e+01 2.402584709601674717e+01 4.370794753044572190e+01 4.791337984576798448e+01 5.397252619742986468e+01 5.233978235783416721e+01 5.689571909300624952e+01 5.345244219260650453e+01 6.340396841536129813e+01 7.759397303231959597e+01 9.793661432832153935e+01 1.038198344746939483e+02 8.548538441090629192e+01 6.575090007388764946e+01 5.369033233972990615e+01 6.634446512292997511e+01 6.033285760591995484e+01 3.981563002599488499e+01 4.652918187272649675e+01 6.186534294994773120e+01 7.523282341101779025e+01 8.363399734598245061e+01 7.993187279216427044e+01 7.174558499720163240e+01 5.525998725702731207e+01 6.917622610287503448e+01 8.359160496884938141e+01 8.929842759691614162e+01 9.592282816695147574e+01 1.042082237742515929e+02 1.141990648070610632e+02 1.039171571419293798e+02 8.380253609979854446e+01 1.039171571419293798e+02 1.052393229669478103e+02 8.521236508956491207e+01 7.369995268021786217e+01
