MOVIE_S9_data/elevation_000076.asc
nrows	100
cellsize	150.0
xllcorner	0
ncols	100
yllcorner	0
NODATA_value	-9999
[rows 17 to 33 of 100, columns 0 to 36 of 100]
5.222468517465790605e-02 2.005222444726874187e+01 2.112223565704541528e+01 1.824157019550901282e+01 9.171359038257131502e+00 2.095540639136680738e+01 2.305493675942166476e+00 2.233611774923805626e+01 3.311410388479247402e+00 2.335908118408679712e+01 7.459041573880837994e+00 4.699609770910909035e+00 5.061948312690944363e+00 5.424699374122464945e+00 2.494619756504239660e+01 3.377985799770766562e+01 3.756383965759104626e+01 1.697343423167455967e+01 3.757858403860567620e+01 5.012054615929903179e+01 3.997382567567911593e+01 3.914074298589481771e+01 3.339311495412265884e+01 1.499600105313723297e+01 2.896944194745559997e+01 2.083070284142124606e+01 3.110781528945448926e+01 3.160062401070217319e+01 3.159189140979761135e+01 1.246448512020444532e+01 3.184401597146428031e+01 3.190809551312438685e+01 3.386044134783325887e+01 1.453161320745574336e+01 3.321244693949351046e+01 2.229788971308887469e+01 3.825183277095724321e+01
7.333276091007127906e-02 2.007333153898221312e+01 3.588992705297388142e+01 3.488480222453835466e+01 3.184749674421096799e+01 2.290840427820798553e+01 2.939233652404991570e+00 2.806017551150724376e+00 2.192605246640048478e+01 3.049165777553973911e+01 1.209898383856690884e+01 2.480064910478632001e+01 2.514264445787426894e+01 6.565230494037110454e+00 2.716568589430745462e+01 4.184501946742715006e+01 4.182259096596678916e+01 2.104494765698727932e+01 4.184454873772455841e+01 5.711153339853765232e+01 6.129389235181162121e+01 4.385609788584574886e+01 3.763837340369977369e+01 1.834726259203155152e+01 3.737911006168008043e+01 3.532773047884774797e+01 4.806713416111877990e+01 4.326027832991655231e+01 2.423473006219743908e+01 1.975926294945318418e+01 1.302878676852794015e+01 1.343895771218215529e+01 1.384804901906463215e+01 1.427181142585270379e+01 2.935279095237264713e+01 3.460692663077543330e+01 1.679408346190432155e+01
6.343274376862209629e-02 7.622722206706641579e+00 2.176490191337972036e+01 4.176682822342956314e+01 3.734815831973342171e+01 1.719615134311704807e+01 1.718520319935512575e+01 1.122413331243046564e+01 3.100989486585328692e+01 3.208381688472913851e+01 3.247459475444703969e+01 2.173024764491631444e+01 3.553143934975206264e+01 2.716760626481614338e+01 1.368967851779830625e+01 3.391585643514943627e+01 5.037509261314734488e+01 4.184454873772455841e+01 2.765902027922872009e+01 4.865761816922540106e+01 5.607136272364517282e+01 3.702819684050352578e+01 2.344605586675216813e+01 3.764138225146935923e+01 4.552072876485217279e+01 5.506007340410166506e+01 5.618016707851035818e+01 3.883943798794597768e+01 3.545028053355510878e+01 1.535137421818736847e+01 3.329717208347157964e+01 3.384315544569174961e+01 3.398691731339224731e+01 1.970741346794164528e+01 1.486490955099698930e+01 1.528504361627703290e+01 1.571078427338431460e+01
3.497053469895897854e-02 2.003497053469860489e+01 2.395279865029428024e+01 4.395513080305033071e+01 4.582865690933740410e+01 3.735846901476428883e+01 3.719715622995818904e+01 2.279758698163513131e+01 4.189222885966275101e+01 5.124062739796969623e+01 4.934600750052624107e+01 2.888768656440511862e+01 4.939784683632677798e+01 3.972715077297046804e+01 1.959616587118964759e+01 3.020675604729836650e+01 5.041946055390898351e+01 5.391929403278530231e+01 3.287256264515821158e+01 5.391929403278530231e+01 5.360418485462362526e+01 3.456191372067150525e+01 4.261074763489354922e+01 2.990759871129364456e+01 4.897197021262343952e+01 6.378261257726234135e+01 6.340751325283905970e+01 5.549708520052455896e+01 3.392788741974406008e+01 1.699120693376284663e+01 3.125265788881556261e+01 5.174921451326363808e+01 4.406352459724703152e+01 2.346174189907938512e+01 3.642417395989242124e+01 2.690975894489825748e+01 3.564175338513089031e+01
9.635555453094322986e-02 1.423849117826201827e+01 3.423849118160921279e+01 5.224380636750007056e+01 5.531898296546994231e+01 4.714147748182569586e+01 5.404659876193102264e+01 4.791227492466936155e+01 5.466383220407253418e+01 6.179963515696027088e+01 5.797136655434778874e+01 4.064995252472746046e+01 5.797126082283456583e+01 4.610723495585196474e+01 2.593048018276241251e+01 4.610786920618599538e+01 5.893710556005161294e+01 5.973045001618926619e+01 3.877806707819087961e+01 5.973019556981364531e+01 6.162947265710204192e+01 4.553879772365593936e+01 5.698513218247337164e+01 4.897197040140864033e+01 3.714648675380815490e+01 5.617257906959795832e+01 6.431162206363259770e+01 4.986608421737290797e+01 3.892142797552170208e+01 1.865351333077983753e+01 3.294160245493876005e+01 5.320325424691313998e+01 5.160495719747905241e+01 3.069448091888487795e+01 5.160430310167424039e+01 4.136298566477815086e+01 4.430670102031848501e+01
8.845047570523793812e-02 2.008844958072135611e+01 3.991130789720850913e+01 3.990776788097505801e+01 4.514411993157566627e+01 2.808894716987164841e+01 4.514411993157561653e+01 5.039775689305587747e+01 4.167984839532774544e+01 4.186409497626725340e+01 5.613946191296314225e+01 6.141395091678137419e+01 6.994117487607827854e+01 5.459545548628776857e+01 4.016800950187953134e+01 4.016800950204564202e+01 6.044795906272672426e+01 6.627693111314934526e+01 4.557514018748236140e+01 6.627693111316817465e+01 7.273113536816023839e+01 6.462274739100395493e+01 6.518150397247617889e+01 4.607228439401288966e+01 5.617257906959795832e+01 6.425947091650525067e+01 5.326496052981021023e+01 3.541809080734644510e+01 2.106662208752557675e+01 3.892142798184793406e+01 4.733919173781636403e+01 5.632858321875271201e+01 6.032630361236500960e+01 4.275452034258534439e+01 6.033597987958926012e+01 6.222388301222037654e+01 5.076598329912231833e+01
8.023991185656004221e-02 1.162724529563186415e+01 3.162724373232818920e+01 1.987353456596305890e+01 2.742508847470939415e+01 1.726849696592996963e+01 3.101645514907194467e+01 3.286564126319951384e+01 2.552438256575910458e+01 2.694241524466123749e+01 4.197844780753624150e+01 6.220137904150509200e+01 5.756586022602972008e+01 6.584852795134543157e+01 6.044795851053763869e+01 6.044795906270033470e+01 6.902297307475815558e+01 7.458924464227143858e+01 6.038300552838706636e+01 6.038300552838706636e+01 8.050612619556437721e+01 7.743836458637585451e+01 5.805856631342874863e+01 6.518150397247617889e+01 7.332676078073907888e+01 6.484085375134731066e+01 4.479068694865644318e+01 2.442237043207283520e+01 4.139547318500412842e+01 2.481048212304607858e+01 2.753343178239281741e+01 4.789898785716987817e+01 6.037601196908974543e+01 6.385233517268840586e+01 7.257613658064852302e+01 6.935708105425771919e+01 4.388817816108966241e+01
4.598823041778624804e-02 2.004598746683610599e+01 2.334442623849781029e+01 5.746122020643286810e+00 7.454502524668707331e+00 9.228435953220873955e+00 1.106026448595262934e+01 1.291453897714916721e+01 1.479194428372704273e+01 3.474024557377676814e+01 4.582379043927802087e+01 5.430101666132519256e+01 3.756769534241164621e+01 5.012972675238154352e+01 5.817093234558319637e+01 6.864049449832202754e+01 6.744424010663608726e+01 7.635613294012016183e+01 8.050612619556223137e+01 8.050612619556437721e+01 8.879548375629669010e+01 8.574102215917946523e+01 7.165269754420319259e+01 8.274892638241738041e+01 6.215771680947483446e+01 4.768694683759810715e+01 3.597898641726558822e+01 2.687247968749994342e+01 4.724268900241091274e+01 4.517807208254649254e+01 4.789968473199214571e+01 3.154639533671596752e+01 5.187626449394429073e+01 5.613012559291949088e+01 7.667471976101714404e+01 7.909322493891616546e+01 6.920641965418597863e+01
7.340434288523949025e-02 1.711867358701044450e+00 3.355848686404857339e+00 2.329790365447330913e+01 1.451536549686335675e+01 2.919018097828660885e+01 3.101645514907194467e+01 3.286564126319962753e+01 3.474024557371299693e+01 1.759762530981900142e+01 3.754772795473105873e+01 4.273484586775514060e+01 2.603784454513965585e+01 3.505304795226497561e+01 4.997205846798391349e+01 5.028096510749107040e+01 3.865501846517884843e+01 6.477589329532132467e+01 8.112776119077931014e+01 8.529470451615942750e+01 8.380225090382450048e+01 9.208713339002071052e+01 9.140620033931195110e+01 8.396491749428599860e+01 6.333374853286217387e+01 4.884923011605985010e+01 3.715961871224218527e+01 2.947422648055947647e+01 4.383808998548452962e+01 6.428772837169955778e+01 5.188911091004148801e+01 5.188911091006426801e+01 3.579093358844809813e+01 5.613012559291957615e+01 6.845235574334296302e+01 8.907095284248657663e+01 8.652257770629566380e+01
3.515918393995972474e-02 2.003515918393960504e+01 2.334442628204589099e+01 1.748924160411874240e+01 3.446719181676692045e+01 2.604032931515486027e+01 4.595012270929881737e+01 4.697908742778192703e+01 2.699416817239299604e+01 3.754786381276803553e+01 2.060154161711789556e+01 2.276234107189295486e+01 4.273488477612017533e+01 2.948926811734595432e+01 3.241309896192588980e+01 3.536219873634148314e+01 3.855618809481873654e+01 5.825406081305558104e+01 6.114406385878552186e+01 6.531087147519629355e+01 6.381947489345036928e+01 7.794618779510157935e+01 9.794005260563983484e+01 8.887495600194091594e+01 6.827297204459964064e+01 5.375337781372326873e+01 5.264701447197916195e+01 3.231629108631962310e+01 4.664895703821874662e+01 6.712760607645104471e+01 7.239087608111273653e+01 5.927163361295030342e+01 3.891233462653378439e+01 4.792363697727969196e+01 6.239990212131762348e+01 8.306427136353954666e+01 7.828366720267432299e+01
4.608085242692564615e-02 1.418821647624216986e+01 3.418821668764779531e+01 3.745923600290419131e+01 3.745923585188680960e+01 4.014807354423356855e+01 4.590348617854663615e+01 5.456357175227562095e+01 3.453370649438913631e+01 4.883651177330954596e+01 4.055619545470583631e+01 2.979289391973230394e+01 4.917786369483012265e+01 5.293637545415165846e+01 3.592078511291813925e+01 5.506981963627271881e+01 5.825407004772714004e+01 4.334107715905660996e+01 4.703708018847983396e+01 5.118053949256366053e+01 7.116403832990243927e+01 8.728460605109273729e+01 9.882702654424308264e+01 8.837506400856297262e+01 7.646925410740047369e+01 6.795582448590242564e+01 5.557999421000308615e+01 3.525971461771599991e+01 5.557999421000168638e+01 6.997623029040518361e+01 7.731019843465259100e+01 5.667897051066138658e+01 4.231074699221210977e+01 6.272171726525857594e+01 6.820980497322987901e+01 8.885068921635577510e+01 8.086836045335859069e+01
1.610643649003322755e-02 2.001610643648967880e+01 3.646945187893754081e+01 4.646946315969492503e+01 5.737339505644366255e+01 5.995750849315387399e+01 6.541228733455324118e+01 6.293899707194275805e+01 4.607074402726127715e+01 6.299044719163959627e+01 5.734354378389722484e+01 3.955321805174779826e+01 5.734350176970818325e+01 6.099482524357522095e+01 4.066317105843302215e+01 6.099488734533697709e+01 7.150392808138086309e+01 5.737381418302314984e+01 6.114406413470921819e+01 7.116403832990243927e+01 5.902069554957071773e+01 7.055398593892135750e+01 9.053967425570016303e+01 7.990024093807531358e+01 5.921190477615052572e+01 4.743154129706953626e+01 4.163118414188012650e+01 5.557999420990445572e+01 4.107756838610205108e+01 5.542897869429240387e+01 7.603887605703462782e+01 7.123400671232177217e+01 5.667897048675137484e+01 4.767526201426424137e+01 6.214985085478461713e+01 8.283982839470748161e+01 8.910506095214834943e+01
2.022278438842990689e-02 8.185188593665762014e+00 1.818518859366593787e+01 3.232732421740445972e+01 5.232732428595024032e+01 5.779808457541796685e+01 5.998588057215244618e+01 6.827015256646942021e+01 6.621205355123066738e+01 7.466331569493141274e+01 6.707346862252811093e+01 5.880251334743930158e+01 6.707338059824195398e+01 6.931460447850369633e+01 5.246785555056177941e+01 4.940015813855558235e+01 6.961416837410101266e+01 7.735140567670910627e+01 8.112797586924814652e+01 8.728460605124726612e+01 7.055398593892135750e+01 7.314640605763088388e+01 9.313500699607025979e+01 8.103862331471488289e+01 6.035290210023703850e+01 6.795582448590242564e+01 4.924211595806903574e+01 6.604521135709826751e+01 4.556401385146268979e+01 5.999128122329484825e+01 8.066069486463713645e+01 8.578799930117017425e+01 7.251278235421695229e+01 5.187642783312116990e+01 6.644625995292115306e+01 8.715866402744201480e+01 8.974994626273321785e+01
6.642187732006160639e-02 2.006642187731970495e+01 3.183571743854692926e+01 4.597784940705640366e+01 5.194021760001154320e+01 3.779808457213199091e+01 3.998588056696608817e+01 5.635284250869032263e+01 6.463711428266809378e+01 7.463711457176026443e+01 7.686901138235072040e+01 6.844006418064027741e+01 7.686901138235072040e+01 8.093810003011522269e+01 7.264302939587754793e+01 6.113351076212588708e+01 6.113351076173930210e+01 7.274125322320489317e+01 9.275237555531657563e+01 9.882702654482127969e+01 9.053967425570024830e+01 9.313500699607025979e+01 1.014228060449619448e+02 8.950766212969010382e+01 7.499814427088595892e+01 7.831092057790675653e+01 5.836080862325717789e+01 7.119590769720558399e+01 5.059312235891182041e+01 6.513130498087730302e+01 8.583715448336762677e+01 9.386907098658920745e+01 7.726885427466258704e+01 5.653761980876851112e+01 7.726885427466258704e+01 8.821722820240215412e+01 7.813190195787618109e+01
1.591255364720534082e-02 3.551446459579935766e+00 1.769358208331021842e+01 3.281899399437825338e+01 3.698928228223346792e+01 2.365594894840053897e+01 2.968617583995591858e+01 3.635284250662282091e+01 4.635284250662316907e+01 6.635284251075817963e+01 6.673360985772180243e+01 4.820176678989617614e+01 6.673360985772180243e+01 7.613105508357620010e+01 8.948680384105495023e+01 8.119896211285690413e+01 8.119895172227353441e+01 8.948649136598210418e+01 1.010387537883992053e+02 9.297001431901055923e+01 8.457029659176821212e+01 9.297001431901055923e+01 1.013619338974282442e+02 9.297111231195273717e+01 9.562162989955837133e+01 8.753735558975134268e+01 7.031447751521402267e+01 7.774960876361177498e+01 5.702498628994381136e+01 7.119590769722138646e+01 9.183932925628177202e+01 8.542069728175719945e+01 6.463749565041470646e+01 7.726885427466258704e+01 7.726885427466258704e+01 7.988743879329132369e+01 5.969161789047060296e+01
6.189296070378335485e-02 2.006189296070342820e+01 8.896671297828470770e+00 1.281899400059218586e+01 1.698928228173375388e+01 3.698928228223346792e+01 4.968617584133424714e+01 5.635284250869032263e+01 6.463711428266809378e+01 7.463711457176026443e+01 5.832091548526826585e+01 3.816587495380075978e+01 4.748401041336337158e+01 6.770718757933289567e+01 7.346239223020677400e+01 6.504706409175278736e+01 6.504706409166833225e+01 7.346239216345055922e+01 8.519796397843475688e+01 8.279522328359819028e+01 6.419135936582584634e+01 8.279522328359819028e+01 8.963546391990773543e+01 7.263805910352260753e+01 8.963546391990773543e+01 9.941938607164433961e+01 9.100132801772686264e+01 8.509472807280590700e+01 6.431959338418438676e+01 8.509472807280590700e+01 9.734400800828723277e+01 7.669222803550627532e+01 7.669222803550627532e+01 9.386930798980334600e+01 9.788439800969847226e+01 8.821722820240215412e+01 7.813190195787618109e+01
2.247884206357958492e-02 2.002247884200896166e+01 2.889667129802159451e+01 3.281899400092002850e+01 3.698928228212568570e+01 4.527355369246156158e+01 5.953616609883691524e+01 5.131220499511760380e+01 5.388395637063197086e+01 6.211054537856661995e+01 5.119503256782311951e+01 3.108693767529985408e+01 4.527569373680021414e+01 6.548558065396679240e+01 6.169786795472455054e+01 4.464531069675683028e+01 4.464531069675683028e+01 5.645180101695954988e+01 7.678841180377834519e+01 7.438082797879718555e+01 5.388917129589092525e+01 7.438082797879718555e+01 8.123181858042852355e+01 6.083324838532393386e+01 8.123181856593993189e+01 8.947461289822241781e+01 9.787006129019484035e+01 9.354775974289039198e+01 7.636600095487469275e+01 9.354775974289039198e+01 1.057197402124662915e+02 8.870758507722170805e+01 9.734400800828723277e+01 1.057197402124662915e+02 1.002670352799587477e+02 8.601168134415800637e+01 7.590044351523376065e+01
