MOVIE_S9_data/elevation_000300.asc
nrows	100
cellsize	150.0
xllcorner	0
ncols	100
yllcorner	0
NODATA_value	-9999
[rows 51 to 67 of 100, columns 0 to 36 of 100]
6.455108993161302877e-02 1.420668671366268754e+01 3.420668671366339453e+01 4.498251522727883867e+01 4.906499813191558701e+01 4.906499813191750548e+01 5.734926937950194770e+01 5.782552951634504979e+01 3.814471216486342087e+01 5.782552951634504979e+01 7.376643397076456665e+01 6.790554676657944810e+01 5.428195449216436685e+01 5.686604044184454665e+01 7.682858523473666423e+01 8.354516405588381645e+01 7.527712199925336733e+01 8.354516405588381645e+01 8.505641020074101277e+01 7.679097854631915254e+01 8.505641020074101277e+01 8.726670710708275180e+01 8.506836120290175529e+01 6.517394992520883079e+01 5.516300682210274431e+01 6.997211466271274105e+01 5.687241709886486518e+01 6.276369021074729204e+01 8.323557779637928888e+01 9.903370651996294782e+01 1.081168758656319824e+02 9.916811029883778872e+01 7.928624856963122625e+01 6.915489644259437796e+01 6.137103991001274039e+01 7.566341375336821784e+01 7.216817226303633959e+01
3.995603441288197999e-02 2.003995460079016411e+01 3.987903187363724555e+01 5.552377591387217137e+01 4.760344381924852541e+01 4.442818481799969277e+01 5.289435809475165939e+01 5.160190861190061185e+01 3.195075521987106271e+01 5.160190861190061185e+01 5.382984576295506685e+01 4.799949950734527704e+01 4.284659939711681176e+01 5.686521666687569621e+01 7.680062715983432042e+01 8.201014060299343100e+01 7.371869931088154715e+01 7.354129363592893753e+01 7.826111203542937744e+01 8.045094223339535233e+01 8.874177198945841383e+01 9.316003985624504935e+01 9.328819981702753239e+01 8.177527088390496601e+01 6.187789235416797595e+01 8.177527088390496601e+01 6.700089427730364378e+01 8.335864935498717898e+01 9.370874379181451275e+01 1.002153253490041038e+02 1.023917741278564648e+02 1.073478621327537894e+02 9.742658351199358435e+01 8.574813603878814661e+01 6.557863803875051190e+01 5.528282876237575039e+01 5.178966771379133149e+01
4.804567899273937126e-02 1.159505106274648334e+01 3.159504643603795770e+01 4.006803743787569516e+01 2.896292211596563959e+01 2.464329874848468549e+01 4.136609970774618716e+01 4.615165929059517680e+01 2.646071800299202437e+01 4.615165929059517680e+01 5.382984576295506685e+01 3.397989717493106809e+01 4.799949950734527704e+01 6.790554676657944810e+01 7.170779702867181982e+01 7.044866161948468175e+01 5.369051602884812269e+01 5.351244582656106274e+01 5.823661846395294361e+01 6.042723879840134771e+01 7.681497751809648378e+01 7.314150858502175367e+01 9.316003985624504935e+01 8.998735698029771868e+01 7.187437944038570947e+01 8.998735698029771868e+01 8.171446998394470995e+01 9.665323279461135542e+01 9.433340163817612734e+01 8.021398282355846732e+01 8.240450891128082844e+01 1.023917741278564648e+02 1.056142371056414220e+02 8.574809941943512115e+01 7.198201862899709624e+01 6.977816489667213773e+01 6.626252948722876113e+01
9.707512844716031930e-02 2.009706981992175301e+01 2.263437885118535675e+01 1.854932553059982325e+01 2.383698320419584249e+01 1.331152948437142314e+01 3.300542033482055615e+01 3.445531682964951870e+01 2.148063527751848412e+01 3.906836914659873372e+01 4.303925892525983699e+01 2.928765107537904200e+01 4.332632909679328037e+01 6.321497163913463169e+01 5.154084793628062755e+01 6.149047395003727701e+01 4.212041783308126242e+01 3.934269822498976765e+01 4.406410055178045582e+01 5.011089598204467421e+01 5.679287503562769501e+01 7.095160221552832525e+01 9.097041769483982421e+01 9.989367334082874095e+01 9.167616232742422255e+01 9.989367334082874095e+01 1.029698286626312580e+02 9.898118333794595003e+01 7.893864821987429536e+01 6.589539475081996045e+01 8.607224041642676582e+01 9.432910691680881143e+01 1.025786892031471353e+02 1.002448611648184311e+02 9.204359443899231508e+01 8.987166136114478832e+01 8.642565514692181239e+01
5.001202446392439237e-03 1.318065531043619343e+00 2.633968920963159821e+00 3.964349131438640761e+00 5.306661241866684087e+00 6.658135998665620114e+00 2.666129555000625118e+01 1.462999213461040426e+01 3.356350255122438853e+01 1.913500396062021025e+01 2.313183445818102868e+01 4.000260598642388743e+01 5.133692275587738862e+01 4.379849715158911749e+01 3.737559595863559281e+01 4.793734398514610007e+01 3.317304750004473846e+01 5.319549680621781107e+01 6.410165684120768503e+01 7.014094335727354235e+01 7.681497751809648378e+01 8.510604883235849627e+01 8.968859777292603042e+01 9.798263344292467991e+01 1.036917842015885043e+02 9.543945062788017708e+01 9.543945062788017708e+01 9.314378257345974532e+01 7.305468878697857349e+01 5.867762100185706231e+01 7.893864353345186657e+01 7.424959684731868492e+01 9.432910691680881143e+01 1.045039980374556734e+02 9.631470923705849430e+01 9.631470923705849430e+01 8.825991878545232794e+01
5.279685921607564503e-02 2.005279684574023236e+01 1.418102737141586367e+01 2.396347146859476851e+01 2.530704022835476508e+01 2.664751065414385778e+01 8.624028747703077258e+00 1.004179115851059834e+01 1.369324177654748631e+01 3.365669603712407110e+01 4.303925892525211339e+01 3.907334946978156864e+01 4.094052689282521129e+01 2.375034098411632044e+01 2.581407978857146546e+01 2.792419324847442752e+01 4.793734398514610007e+01 5.438493440434335469e+01 5.911015200845616135e+01 6.412224666968847941e+01 6.947866235562511861e+01 7.551989284259558133e+01 6.965102309919011248e+01 8.968859777292603042e+01 9.543945062788017708e+01 7.537429437532070153e+01 7.537429437532070153e+01 8.953303928845460291e+01 7.352365950788737337e+01 5.325373152903602403e+01 5.990978415046705408e+01 8.013074918376872802e+01 9.522882902855491238e+01 9.631470923705849430e+01 7.632429477346386193e+01 7.632429477346386193e+01 9.041414640545968950e+01
5.738623160518319517e-05 1.999853560129123764e+01 3.417821271754169743e+01 4.243319189242084377e+01 4.128068512669943857e+01 2.127454046243889607e+01 2.276802689678186553e+01 3.005080272017267617e+01 1.236674409536163033e+01 3.237761927131460027e+01 3.649992079896800590e+01 1.903536062656372607e+01 2.087266948795373978e+01 4.093635963490428509e+01 4.583145374075595413e+01 4.793626131891611664e+01 3.163698588936115286e+01 3.435166563595308276e+01 3.906275154635228830e+01 4.407386802480944965e+01 4.943679003770825631e+01 5.548339804525882357e+01 6.705091299970385421e+01 8.708873445212401521e+01 9.543945062788017708e+01 7.537429437532070153e+01 6.101935455191264168e+01 7.220326718906585484e+01 6.814929179038530549e+01 4.823884250189043854e+01 6.845616024068246475e+01 6.681776640661026079e+01 8.696062522573728870e+01 8.141021463817767767e+01 7.312858137932930447e+01 6.194121412410315486e+01 7.632429477346386193e+01
4.532054705376769438e-02 2.004532054705341082e+01 3.653925806303519863e+01 4.653927186824240181e+01 4.956769286489865323e+01 3.542103114651246898e+01 4.277492290933157904e+01 3.993955797901964644e+01 1.992725754265392624e+01 1.476578690976019814e+01 1.647450670565295994e+01 3.649991779814779846e+01 2.644799746466897972e+01 2.921162186284952256e+01 4.831343375387476158e+01 5.992762199656009869e+01 4.578808059048451895e+01 5.438493440449335026e+01 3.927282940262156075e+01 5.932683745029792988e+01 6.947866235562511861e+01 7.551989284259558133e+01 8.381682827105740330e+01 9.538359882243864263e+01 1.015832689681012511e+02 8.646603995590460556e+01 6.629543327199570513e+01 5.193496531689694962e+01 4.793601806510427821e+01 4.419639258223354972e+01 5.032264905868620986e+01 6.874846504076110421e+01 8.038298212187000047e+01 7.312858137932930447e+01 5.259365098662774329e+01 6.563028498407531686e+01 7.396980989701904718e+01
9.001595176218035732e-02 8.254981761039511312e+00 1.825498176103968717e+01 3.239711738512585271e+01 5.239711845687769198e+01 5.542852135698493043e+01 5.408613491058844147e+01 3.408016778424885729e+01 3.993976727632602319e+01 3.376322621193177298e+01 2.235291360607407185e+01 3.828164533143482373e+01 4.846067726260312014e+01 3.611186540838299663e+01 3.851539819244114682e+01 5.811369801158974724e+01 6.582615186073134339e+01 6.293401535134813685e+01 4.287152696770387195e+01 6.293401536062962975e+01 7.478991026460052183e+01 8.148751228228589127e+01 8.981223499408199018e+01 9.986629746868980817e+01 9.333272645335884476e+01 7.324913029925730257e+01 6.151197427465243095e+01 6.629526277843065429e+01 6.814929183413315172e+01 6.041835517995608740e+01 4.037381426276675711e+01 5.188485250272686500e+01 7.207533653899703552e+01 8.141021463817767767e+01 6.563028498407531686e+01 4.478461884421419370e+01 6.563028498407531686e+01
5.674351268809080251e-02 2.005674351268773492e+01 3.244997039917812742e+01 4.000926004548782089e+01 4.829354248690975737e+01 5.984055581011271840e+01 6.235734488089759253e+01 5.408613945341402740e+01 5.403613655242092761e+01 3.520024772317097472e+01 4.184405621904221562e+01 3.661192490632972607e+01 5.664195348928720364e+01 4.475173819065391001e+01 5.811369801196721596e+01 5.079431991669923718e+01 7.070858535483843355e+01 7.124493041448063479e+01 5.445382350188855725e+01 4.866439372111358352e+01 5.471247563450154416e+01 6.139470622922979715e+01 7.142911445161638540e+01 9.154591011295545400e+01 9.592127657502786064e+01 7.586232629352397794e+01 8.173745298671359194e+01 8.645278411479294789e+01 7.214425809575294579e+01 5.198882179399009118e+01 3.788760507957996992e+01 5.458166416065084547e+01 6.290465019663646018e+01 7.546823759539763898e+01 5.496329315194061138e+01 3.995110961237389802e+01 5.490168511338750079e+01
9.518805923843161321e-02 6.125414950793730107e+00 1.244997027113054422e+01 2.000925973131522184e+01 3.155626511514639176e+01 5.155626585839523557e+01 5.045693809945533559e+01 5.872785310258750968e+01 6.215121227962143990e+01 5.418068804416154194e+01 6.207679844521472035e+01 5.696256197150721334e+01 6.554501230112637700e+01 5.649302088556482460e+01 7.334299080191691189e+01 6.485147790148563729e+01 7.899483262172947207e+01 8.282908186925642724e+01 7.451817286695724363e+01 5.763397988702735830e+01 5.939082640985228068e+01 7.958736219068075002e+01 8.148751228228589127e+01 9.986629746868980817e+01 1.041694842960355487e+02 9.592127657502786064e+01 9.296797069589266016e+01 7.287942724557983354e+01 5.857127775741122377e+01 4.851042928182791059e+01 5.458166415835423635e+01 3.459677444434893090e+01 5.140183924320032816e+01 5.971976534565491335e+01 6.935247557202502833e+01 5.490167349906091943e+01 3.375603535572116698e+01
9.062254805971975413e-02 2.009062254805936476e+01 3.244997039917812742e+01 4.000925994921175288e+01 4.458627352748887063e+01 3.631969398014844330e+01 3.046385573135225400e+01 5.045693809945533559e+01 5.649393752750958697e+01 6.477288405364772927e+01 7.144656520273511546e+01 6.316675422337877421e+01 7.144656643752763614e+01 7.666775701036922896e+01 8.496775048044925427e+01 8.484889360621001231e+01 8.460579747349181901e+01 9.286906078890046956e+01 8.604244568111832336e+01 6.921954911249082443e+01 7.958736231493271873e+01 7.368641864452983725e+01 9.431723831700492156e+01 1.099098934678955430e+02 1.059741983787324102e+02 9.603426726829420090e+01 8.787190418174425588e+01 8.705126275646914280e+01 7.698206749600664978e+01 6.866725157770085275e+01 5.458166416058898562e+01 4.551721588041439048e+01 3.140674809962750658e+01 4.833473227201383082e+01 5.168654359212816729e+01 4.588311719244052256e+01 2.989619588121721705e+01
3.063233560239582431e-02 2.003063233560203926e+01 2.364157483977541219e+01 2.548272499318878204e+01 2.734643158793682360e+01 1.631275438980326697e+01 3.631969398014844330e+01 4.236972922558393861e+01 3.651929056593497336e+01 5.649393755403386308e+01 6.145984460437679786e+01 4.319985383975111404e+01 6.145984459346730233e+01 7.299253870682505863e+01 6.933845004140944468e+01 7.760878575754499309e+01 6.461982390245461261e+01 7.306689025223677447e+01 9.304294810482996070e+01 8.932788222481178764e+01 9.764852751259489594e+01 9.431723839153123379e+01 1.028733333694304122e+02 1.167785778083590742e+02 9.788398075562801637e+01 7.785982760786026802e+01 6.738654291343701175e+01 7.692201799455929745e+01 8.520644522959702272e+01 8.299811583320132513e+01 7.392231481089538647e+01 5.971976534565491335e+01 4.833473227201383082e+01 2.833853783609352917e+01 3.621845562009056607e+01 2.588336079672572154e+01 2.624634947086953929e+01
5.666595628964066211e-02 1.845520338289474482e+00 3.641573358557227191e+00 5.482722594353881540e+00 7.347732210834517552e+00 9.237556398153573767e+00 2.924692580071135595e+01 2.236040959677650974e+01 3.642753157297267563e+01 3.871060700832182278e+01 4.425624686845945632e+01 3.322179737980793135e+01 4.474332264211939503e+01 6.471253301212553311e+01 4.936342719437148929e+01 6.238570366365452458e+01 5.308421990289708248e+01 7.306689025223676026e+01 9.217978735127265111e+01 1.072103562201946829e+02 9.915244896102919370e+01 1.036795851375867414e+02 8.984024503290520158e+01 1.036795851375867414e+02 1.059741983787324102e+02 8.872752813900858371e+01 6.827978475955265480e+01 5.575887959477665845e+01 6.862115217383956178e+01 7.619425307388682711e+01 6.811053323008634663e+01 4.775363139727366502e+01 4.760072637731779821e+01 4.156228819954244358e+01 2.537010445873087150e+01 4.530985994443689435e+01 4.041050429665806121e+01
2.110006612196471329e-02 2.002110006612160831e+01 1.364157335870466881e+01 2.548272499318878204e+01 2.734773565814888130e+01 2.280997575088906615e+01 1.205249716696480178e+01 1.416206519107310768e+01 1.638839831795803903e+01 1.867672413283823118e+01 2.426106497473044499e+01 4.425624686825326393e+01 4.801303415721874757e+01 5.192309349715673505e+01 3.785641569152367936e+01 4.242265072572736528e+01 5.239451593165836130e+01 6.392964250522686598e+01 8.391604797205961574e+01 9.875833317498987185e+01 7.873885626394077519e+01 8.417897778368332240e+01 7.570782137065282313e+01 9.562342006205835787e+01 1.103364980518670393e+02 9.688411356379522488e+01 8.332823718534048396e+01 6.252927809910179491e+01 4.689061923534417531e+01 5.494341429459889525e+01 6.272908497739283007e+01 4.186251087537307569e+01 2.836650250467084078e+01 2.486425993015517477e+01 4.480325562517611360e+01 5.352551031157889838e+01 6.081588248532698771e+01
9.367352646185668485e-02 2.009367352646150096e+01 3.364157631661304748e+01 3.364157631044835739e+01 4.122727179321029212e+01 2.138398867311171259e+01 3.208867280561032942e+01 2.834465821300171484e+01 3.057365398292914804e+01 3.871060700832181567e+01 2.232449630214853897e+01 2.514780058094240545e+01 2.805292072704491346e+01 3.198044767832619684e+01 5.192309349715673505e+01 6.238570366365452458e+01 5.504104625588665556e+01 6.657769115510315316e+01 8.656208685062772190e+01 9.380754454615595250e+01 7.651076124864418659e+01 6.398229240059205836e+01 8.417897778368332240e+01 9.048752047508749285e+01 9.048752047508749285e+01 9.415338232317063216e+01 7.392683220187586812e+01 5.887266467219005506e+01 4.768199707635302786e+01 3.912602813766833521e+01 5.517163985266157056e+01 5.609404008385268980e+01 4.445802836230876665e+01 2.450666583468560944e+01 3.921833597788236858e+01 6.040473496930653141e+01 6.048343891410272732e+01
3.648181865326004941e-02 1.417861744238433452e+01 3.417861744238503974e+01 5.364160036844238988e+01 4.955063504300206745e+01 3.276879519745797609e+01 3.755425678010512769e+01 4.833969161834935591e+01 5.055971402770172318e+01 3.235161022790142482e+01 4.233378218228618550e+01 3.928566876079477765e+01 4.800005392131257054e+01 3.453735664891488000e+01 4.158051938157114336e+01 4.911391442837737742e+01 6.907835671567691804e+01 8.329247792328004607e+01 9.482397502520684895e+01 9.223068795238813777e+01 7.258522282465874298e+01 5.834072693774058394e+01 7.843884250859548501e+01 7.049512896940814244e+01 8.872952918345703210e+01 9.870225380959168149e+01 8.810196419289243863e+01 7.776784624268177026e+01 6.936185812229180669e+01 5.517163985266157056e+01 3.322701993131374110e+01 4.958404283687896452e+01 4.407515782849856123e+01 2.414935464984234414e+01 4.393701054024700881e+01 5.274740437258628134e+01 4.301849060310632211e+01
