MOVIE_S9_data/elevation_000714.asc
nrows	100
cellsize	150.0
xllcorner	0
ncols	100
yllcorner	0
NODATA_value	-9999
[rows 17 to 33 of 100, columns 37 to 73 of 100]
3.859443238210683802e+01 5.157817447941068423e+01 5.992314368822425052e+01 5.435708313496779454e+01 3.405917187431889914e+01 2.311522726508507120e+01 2.126361895143017122e+01 2.166669621213683783e+01 2.206740929015914432e+01 2.246550342766446207e+01 3.984739616292212361e+01 3.286366464411879917e+01 2.397624746970053522e+01 2.436983918422558304e+01 2.476165579106116965e+01 2.515152256686170418e+01 2.554215580668705954e+01 2.593079756011374926e+01 4.467396465124468818e+01 2.735630310660360465e+01 4.733062262618837224e+01 4.875244972986936887e+01 3.352684753497428716e+01 5.268448272154254397e+01 6.366190333374656518e+01 5.816354201924295353e+01 5.816354202192830769e+01 6.690892835764955748e+01 5.853044006986328185e+01 4.152793253409095087e+01 4.413322270261517843e+01 4.684789056545853470e+01 6.689966196861297476e+01 5.701103486982143664e+01 7.736515161940722862e+01 9.147199487889717773e+01 9.863879542331088146e+01
5.876199428302628291e+01 6.714257994032192300e+01 7.406802445143964064e+01 5.435637059349954825e+01 5.162301868257102200e+01 4.222676277939198286e+01 2.246968142599184404e+01 3.869309519093138050e+01 4.164852028773013615e+01 2.220471965345149812e+01 4.486020268715008541e+01 3.208746768631117163e+01 4.551695457624123264e+01 4.461547995368965047e+01 3.476163388014536082e+01 3.667585737829367787e+01 4.547380758103562215e+01 4.592725810774297202e+01 2.647817705492914087e+01 3.577115505563065057e+01 5.365252452830195296e+01 6.091553978736077823e+01 4.685127215597385941e+01 3.961830798752797023e+01 5.920685795541596264e+01 7.491062353588533540e+01 7.902386810886406465e+01 7.601715705686629576e+01 5.573744050251531945e+01 6.167723196074297221e+01 4.817805869974145594e+01 6.685602491930963254e+01 5.093022812143102129e+01 7.130775381566797932e+01 6.499802681693407180e+01 7.115591458228490751e+01 7.836802236584560433e+01
7.073275275706279785e+01 6.237447807267058408e+01 5.575611806685873972e+01 5.394880760422965693e+01 4.407499528810883049e+01 2.414354108902666596e+01 4.248865872018818379e+01 4.833069490783922362e+01 3.046875349813653244e+01 4.437734576755227067e+01 5.400559583251842355e+01 3.813840752530274614e+01 5.947916943670745127e+01 6.239143935933928020e+01 4.880165365485991913e+01 5.068471046981142791e+01 5.815784923238162207e+01 4.268345610881639374e+01 4.311079187434020099e+01 2.717449159982242080e+01 4.180818870659055619e+01 6.402985232141109861e+01 6.676560149451721315e+01 5.920685795541596264e+01 4.645723213137267038e+01 6.060146275930469528e+01 8.087715497459775804e+01 8.438203814462521279e+01 7.601715705686612523e+01 7.329230841486688064e+01 5.304621141406268237e+01 7.327649545486485749e+01 5.503348418337301240e+01 7.538908971441165363e+01 8.534646619211584095e+01 9.147199487889717773e+01 9.863879542331088146e+01
5.239249576540173337e+01 4.252692866432803243e+01 3.593697282518334646e+01 4.568137433851431695e+01 2.580079329434730440e+01 3.825918044727686151e+01 5.234526853974051619e+01 5.776625017105777715e+01 4.409354557083566561e+01 3.686741488450148552e+01 5.606842921945858649e+01 5.330455036681976111e+01 4.955121957337795635e+01 7.094824205949828411e+01 6.833834205277911167e+01 7.008427154443842255e+01 6.485520003575922487e+01 5.664316027022577771e+01 4.546840693218418750e+01 2.766657452333905098e+01 4.781490770498465537e+01 6.191869627978574897e+01 7.095968829017196811e+01 7.491062399239400804e+01 6.060146275930469528e+01 5.639692367559428021e+01 6.811805526897231289e+01 8.838347001521232471e+01 8.972060105022003995e+01 6.960013389935420491e+01 5.914369557997019911e+01 7.939973370609527592e+01 7.538908971440673668e+01 6.130092285509167027e+01 6.776025419821763762e+01 7.456912009357996851e+01 8.367745852394068606e+01
7.073275275706279785e+01 6.236850743525230456e+01 4.730268178758841913e+01 2.745221163859074665e+01 4.568360240535398020e+01 5.395630783775103367e+01 6.643137962818278197e+01 7.120329731328352807e+01 5.531126814520874291e+01 4.176380460808184836e+01 6.084593853339374903e+01 7.449483643596971660e+01 6.051737994767734818e+01 7.917673092672109192e+01 8.262538841096085207e+01 6.157092733177341159e+01 4.863455524799758933e+01 3.837562570228260483e+01 2.997897400126032608e+01 2.815879066201933156e+01 4.135327383707170412e+01 4.143066262433570301e+01 5.578278611827772693e+01 7.712056811148796953e+01 8.087715497459775804e+01 6.811805526897231289e+01 8.503610291700232438e+01 9.670782928296178227e+01 9.789496418048611304e+01 8.613519833132527026e+01 6.592880445563503145e+01 8.613519833132527026e+01 8.887202682424411648e+01 6.852257813468969516e+01 8.167741024334858935e+01 9.488606660152058225e+01 9.488606660152058225e+01
7.108352208320334853e+01 6.236844434707749940e+01 4.264953771729937415e+01 2.863896580638161993e+01 4.008836666944188210e+01 5.407485096276571568e+01 7.404620223246718069e+01 8.194826080458479112e+01 6.870050087991285181e+01 5.286474077062614896e+01 5.140260948338391245e+01 7.028926674032939559e+01 7.558043110499097850e+01 8.938193822933695287e+01 9.045200618632939893e+01 7.866136270934406127e+01 6.916387980319635176e+01 6.033665250199423014e+01 5.086971185658434536e+01 3.156306767466048413e+01 2.886458945718733915e+01 4.906702421010600546e+01 6.330538679039314331e+01 7.196726911800665505e+01 8.233608447179997825e+01 8.838347001521232471e+01 9.670782928296178227e+01 9.817262390673259631e+01 1.065433703465450748e+02 9.432616498540207317e+01 7.611047236231254942e+01 9.432616498540207317e+01 9.723302815709104152e+01 7.872303102474639047e+01 9.723302815709104152e+01 1.102817099296252081e+02 1.150862047156370664e+02
5.168065305492851991e+01 4.538138856398025922e+01 4.965294252605275460e+01 2.983333384408302891e+01 4.965323446813733455e+01 6.565633980593051433e+01 6.566148388039447070e+01 8.563551947079189119e+01 7.969159314698883634e+01 7.174845745798613450e+01 5.987553649460910776e+01 7.819414433428957523e+01 9.537834468619055883e+01 8.815842936731864654e+01 7.695976175744384307e+01 6.896937154696982475e+01 6.497651309021659927e+01 5.622605625320868228e+01 3.642973552701576523e+01 4.905775681115706277e+01 2.936421914234046682e+01 3.598731834328596335e+01 4.299790526665307766e+01 5.300864587364620206e+01 6.747707214686646182e+01 8.846178143942255190e+01 9.480531229997173170e+01 7.779111756127025501e+01 9.480531229997173170e+01 1.042886580902984406e+02 9.615992430033799110e+01 1.042886580902984406e+02 1.073564817428685103e+02 9.902102262374368991e+01 1.073564817428685103e+02 1.221228043766581521e+02 1.144938669271496394e+02
7.108352208320334853e+01 5.605898079395537792e+01 3.674579793323719201e+01 3.103044744068045446e+01 5.079739817030819893e+01 4.580313735038009071e+01 6.566153551933109611e+01 7.510763292512247347e+01 8.349353977509845492e+01 8.665366027917976055e+01 7.313842586051268313e+01 8.665366027917976055e+01 9.169079612653074207e+01 8.022810323288841516e+01 6.072740792409177146e+01 4.928305203978430882e+01 4.525647343608322615e+01 4.152851846698646909e+01 5.611887088689618963e+01 4.980789400566347780e+01 2.986491556170155803e+01 4.985227143454218179e+01 6.330469708669558315e+01 7.123822359710179342e+01 7.966369617596770070e+01 9.142756634763362911e+01 8.640535573168973826e+01 6.595981711504666123e+01 8.640535573168973826e+01 9.108999991710165034e+01 9.108999991710166455e+01 1.113943980187151510e+02 1.139213711462851109e+02 1.055672773575601013e+02 1.055672773575601013e+02 1.018465075668328979e+02 1.061412860205348778e+02
6.133502512001764728e+01 5.351290456956558472e+01 3.371417916026694428e+01 5.079327825941359720e+01 3.329985739264022726e+01 5.311497144384125590e+01 6.246170026736097469e+01 5.511265790377760254e+01 6.919800229955605175e+01 8.937474332998024806e+01 9.208657333734865347e+01 9.562401016116122321e+01 7.790543500492201190e+01 6.487550418696788768e+01 5.607405732188851744e+01 6.896937154696982475e+01 5.925227604139853810e+01 6.127044659880499466e+01 6.209192681362606692e+01 5.034299339052285660e+01 3.036550000311548203e+01 5.034406153004385942e+01 6.039877552609356570e+01 5.095947312568133469e+01 6.261208702670490567e+01 8.302174528877803539e+01 7.917676623126992297e+01 5.872403107948635181e+01 7.817513415005123534e+01 7.066980416749326821e+01 9.108999991710165034e+01 1.044762125978410552e+02 1.055672773575601013e+02 8.514402778417378670e+01 8.514402778417378670e+01 8.738173576885415628e+01 1.015573287850707089e+02
4.152317035493592101e+01 3.642581046192621841e+01 5.351290456956558472e+01 6.136041488076051564e+01 5.311499277411837738e+01 3.563125868239037430e+01 4.261265004643465915e+01 6.246170035999730885e+01 8.038493555690500614e+01 7.960595057430920463e+01 8.814729343020978547e+01 1.008430367925101621e+02 9.169079612653074207e+01 8.146281198992947736e+01 6.205834538468019446e+01 8.146281198992947736e+01 7.879604942763523923e+01 5.974673075317987525e+01 4.553268956388048849e+01 3.695243723522765578e+01 3.086603784636441006e+01 5.084422613958388126e+01 4.037830889854360805e+01 6.039638355098017541e+01 7.966369617596764385e+01 7.537613602716670869e+01 6.694411866634821706e+01 5.232695632277495434e+01 5.772289563746122099e+01 6.545553450305908427e+01 7.570779693574199598e+01 9.609997039410667696e+01 1.055672773575601013e+02 8.514402778417378670e+01 7.059389720333693674e+01 8.274372075010975891e+01 8.110485198563169718e+01
3.938975946629453517e+01 5.621962620190863191e+01 6.453865027992584658e+01 7.174186291978074337e+01 5.178183383085458047e+01 5.544456741092235319e+01 3.806817359999581640e+01 5.204030856028388996e+01 6.728559034842932363e+01 5.889374797523332461e+01 7.121210314354284776e+01 9.309946857920468233e+01 1.004924724135949816e+02 8.146281198992947736e+01 7.088031977429497488e+01 8.935945517093139756e+01 9.015228044909618177e+01 7.548850650648674332e+01 6.398811048301298854e+01 5.536776119691560893e+01 3.882807988735551419e+01 3.157546956442779162e+01 4.364853733700404348e+01 5.892686963854536941e+01 7.052960632412924724e+01 6.210572830667987887e+01 4.670367963283654689e+01 5.425493270283723746e+01 7.465438806015031048e+01 8.590388366492437910e+01 9.430504169850938467e+01 1.044762125978410552e+02 9.428012515671579763e+01 8.588540839844205266e+01 8.274372075010975891e+01 6.217413305035618265e+01 6.654883532325581541e+01
5.918830395917061082e+01 5.551935141059668410e+01 7.551327069080855381e+01 8.011956055343479477e+01 6.726874961012191534e+01 4.736733500329367530e+01 5.788713279432666781e+01 4.062824638820141132e+01 4.720996815173487704e+01 6.728559026023785350e+01 8.574387277016968767e+01 8.752545982242618550e+01 9.595677580099339821e+01 9.790506639130279609e+01 8.448848082753771394e+01 9.790506639130272504e+01 9.028643749261939888e+01 7.853161210402647896e+01 7.010774520284981293e+01 6.429761232070653421e+01 5.781844214831878048e+01 5.155289453744749295e+01 3.228652404799468911e+01 5.226501588766267759e+01 5.766682304801267378e+01 4.200772995221229422e+01 6.210572830667987887e+01 7.465438806015031048e+01 6.867343056094854603e+01 8.909369677070037596e+01 9.849554538239247847e+01 9.008706394011832685e+01 8.566281583919260356e+01 6.519562445854103316e+01 7.105866120187950230e+01 7.274518578982920758e+01 5.471963634069679472e+01
5.125227883560843622e+01 7.117428856973165807e+01 8.391937779460454294e+01 8.741475033487772350e+01 6.726874961012192955e+01 5.620533596211792826e+01 6.880009813983107847e+01 6.046193421868407114e+01 4.332244353416685101e+01 5.730933626500046785e+01 7.106076825622704973e+01 6.736041370078154955e+01 8.502129054911040384e+01 9.513515221036973912e+01 1.033884189915519300e+02 9.959686244924839116e+01 8.187486194646199067e+01 6.149364595612657070e+01 4.989133809914340389e+01 4.469049552328780095e+01 4.044617708655750477e+01 3.666864860065908260e+01 3.278908077944972632e+01 4.433558807621938769e+01 3.766809392819344993e+01 5.766682304801267378e+01 6.210572830667987887e+01 8.246240640994567173e+01 8.909369677070037596e+01 9.748645837959442417e+01 8.669403886657647718e+01 6.958787622251260530e+01 7.677932250179819107e+01 6.612763775556989287e+01 5.066345538719050978e+01 5.229715430335222948e+01 6.138627454633271441e+01
6.527183217909885116e+01 6.267329492939010294e+01 8.278686183984896729e+01 9.273355228101978298e+01 7.250773211273573793e+01 7.621923926715682285e+01 6.880920485314261725e+01 4.889386890046628764e+01 6.317629721244440333e+01 4.647490194127581731e+01 5.111942654649318740e+01 5.659613266707071944e+01 6.652883155173314833e+01 8.073615409720282798e+01 1.010831210936198516e+02 9.120515106851244980e+01 7.079692426744675515e+01 6.062158387895134837e+01 7.010776140967449521e+01 5.598302136626936232e+01 5.982403874421854795e+01 5.559431130084040973e+01 5.277022636986308868e+01 3.350429271570656198e+01 5.349057804087484413e+01 6.607494297899958724e+01 7.968617575212432769e+01 8.575693682069287149e+01 8.575693682069287149e+01 9.421584263648497881e+01 7.825185239319000630e+01 5.778977400554622079e+01 6.643806592790465970e+01 4.840512097265293079e+01 6.872413343603636804e+01 6.406420654444622187e+01 8.120486210485633194e+01
8.542407883931319645e+01 7.420828511162865482e+01 9.122981033938239648e+01 1.011683346719520102e+02 8.995991803391268604e+01 7.483738130630872831e+01 5.484418184110144523e+01 6.880920485314261725e+01 6.895323442314705176e+01 4.903844132647037668e+01 6.895323442314705176e+01 7.661223715280382862e+01 6.807974785296376297e+01 7.967097123026456984e+01 1.000113676316923517e+02 9.959686244924839116e+01 8.941454665619578179e+01 8.100103766797961669e+01 8.464058601508008906e+01 7.622762901259970647e+01 6.723948691395415267e+01 4.648614783958731067e+01 3.805513803940361583e+01 3.401719604776480566e+01 5.400595133126069669e+01 5.102838411218896653e+01 7.126723528389540263e+01 6.476198517165856572e+01 6.476198517165856572e+01 8.575693682069287149e+01 7.277714904765178972e+01 6.432608065246445506e+01 4.618061480646178296e+01 6.643806592790465970e+01 7.718339902284436960e+01 8.460348685495935683e+01 9.302922330831557929e+01
8.395768245637570715e+01 9.450541557891338584e+01 1.029729256769873160e+02 9.790790645110202206e+01 8.153410871791062675e+01 6.144392648310490301e+01 7.483738130630872831e+01 8.323863436812303007e+01 7.161873154929556051e+01 5.167197752633935437e+01 7.161873154929556051e+01 8.871936747211189811e+01 8.826783429390441427e+01 9.670922610056683766e+01 1.084638831825739658e+02 1.039468677714266107e+02 9.556786666804065078e+01 8.784965648947259353e+01 9.265296240044439458e+01 8.389294543347988053e+01 6.349671250403185496e+01 6.645793114058137974e+01 5.833230469020799092e+01 5.400760433707177555e+01 3.474412692064284869e+01 5.473934808184453260e+01 6.059721968114652668e+01 5.028338863648705370e+01 7.091126413897683278e+01 7.069262893793934666e+01 6.224747615167020598e+01 4.411973547617771629e+01 6.432608065160680155e+01 5.301792972882613242e+01 7.344422866103235492e+01 8.963792994518118462e+01 1.021824926196035364e+02
9.841006556136714778e+01 1.128624486663584747e+02 1.038723801823792883e+02 8.349187251644880803e+01 6.925102666388872308e+01 8.153410871791062675e+01 8.995991803391268604e+01 8.799080802560655457e+01 7.463163150509963373e+01 5.464631412392474630e+01 6.100350771062415589e+01 6.852191983614758897e+01 8.011758849026693952e+01 1.004696161156357732e+02 1.073161474053034823e+02 8.696752826678162762e+01 7.514740196902211267e+01 6.740037980693810482e+01 7.222721085351813031e+01 8.493271589882350270e+01 8.389294443763938602e+01 7.906375796001665890e+01 5.874668379181398592e+01 5.628177024326341638e+01 3.601642290624200626e+01 3.550604147994103243e+01 4.110509011472893093e+01 6.059662429930570937e+01 6.863717805265058303e+01 6.020481466974909779e+01 4.212959367887966522e+01 6.224747615167020598e+01 7.277714892366502397e+01 7.344422866103235492e+01 6.067958185901027690e+01 8.120034996332312005e+01 8.173355520991324852e+01
