MOVIE_S9_data/elevation_000082.asc
nrows	100
cellsize	150.0
xllcorner	0
ncols	100
yllcorner	0
NODATA_value	-9999
[rows 34 to 50 of 100, columns 0 to 36 of 100]
2.064481644892168788e-02 1.650706249996482100e+01 3.737178420240049093e+01 4.683615671325574681e+01 4.603646918488538375e+01 3.760210397970147511e+01 3.014723233374962064e+01 3.604766210018026840e+01 4.486493560775523548e+01 2.469206527335347090e+01 3.210648050041322676e+01 1.786988676495167994e+01 3.796162875742775356e+01 5.587230766402735327e+01 5.017305552512043221e+01 3.031899422117778542e+01 4.430137850178868320e+01 6.434853782872404793e+01 7.719270657292274507e+01 7.834257282653231869e+01 5.834187727269927848e+01 7.834257282653231869e+01 7.767262525180883870e+01 5.768773385848914614e+01 7.626518827582658844e+01 7.041587763616804807e+01 9.038667341655873599e+01 9.195201956707545321e+01 9.762488618528361428e+01 1.058637627339628011e+02 1.168546854257663057e+02 1.086273386715906213e+02 9.983744404370453651e+01 9.156733443930450278e+01 8.450647169899001199e+01 7.220389396753668620e+01 5.807066046930759740e+01
2.905961989428186565e-02 1.786876612027272060e+01 2.302104999411685426e+01 3.936314670750380174e+01 3.426511510179724240e+01 1.740811739369864242e+01 1.590180689316738238e+01 2.816983066838384531e+01 2.930554988044863052e+01 3.045362375385876774e+01 1.197501651048145099e+01 1.314801996545991081e+01 2.737903630239033603e+01 4.336266420118100484e+01 4.627918361254877766e+01 2.638362505866801300e+01 4.041454534057013603e+01 6.039650873253735597e+01 7.939884673921707758e+01 7.201779893034672853e+01 5.200442593903495236e+01 7.201779893034672853e+01 7.135284765518423455e+01 5.135613956117065726e+01 5.627558391922978842e+01 7.626518829455271486e+01 8.609460621645757783e+01 7.195387099225500549e+01 8.609460621645757783e+01 9.503802036806479236e+01 1.065844319867830450e+02 1.030900137587118053e+02 8.313217878041685083e+01 7.159625055690167983e+01 6.451794362923483561e+01 5.848552874257693190e+01 5.272834733058557077e+01
3.542675937824442400e-02 9.578558552850077845e+00 2.194163310541877721e+01 2.328458202413728628e+01 2.435731483422796728e+01 5.827625062358398722e+00 6.938740942556122171e+00 8.062067919442471364e+00 9.190775572132315219e+00 1.033607928439568191e+01 3.045723738811715364e+01 3.328765461698715455e+01 1.487404963036182970e+01 3.502521992451103472e+01 3.806439401673336675e+01 2.271526862083855036e+01 4.264281692015588021e+01 6.180280944758415274e+01 5.937918952932766814e+01 5.937918954284591422e+01 4.641954696668341285e+01 6.646708893023429710e+01 6.558029205496733027e+01 4.554919071688313181e+01 6.104275943691177986e+01 6.393679741337583522e+01 6.928465590565691912e+01 5.781470080878431617e+01 6.675661131402624449e+01 7.830189953340087072e+01 9.830106297635192902e+01 1.113628412006653718e+02 9.983744404370453651e+01 9.156733443930450278e+01 8.450647169899001199e+01 7.678925913380506074e+01 5.679467714452957239e+01
3.411803931810562102e-02 1.088210592707566260e+00 2.143770220646087576e+00 3.203768100652454542e+00 4.268260695368362612e+00 2.435456343342733732e+01 2.704076499028210634e+01 2.817040245469601345e+01 1.676545567173972273e+01 2.190599812628098775e+01 3.847683569564152606e+01 4.322737500446172731e+01 2.907286987342306972e+01 1.662018327005272056e+01 1.789183565083961724e+01 1.917126872310045727e+01 3.346143252233915177e+01 4.958189528999465523e+01 5.937918952930066041e+01 3.924952605226445712e+01 5.937918937377668982e+01 7.474944543681304765e+01 6.120910586575974577e+01 4.112138716541243610e+01 4.094851452649855617e+01 4.388631315693525892e+01 4.927480927981693526e+01 6.928465590565691912e+01 8.609364295877620066e+01 9.250388565616566439e+01 9.250386972298777266e+01 1.125000751294965511e+02 1.090481296603616101e+02 8.908578339666635770e+01 7.496561118535834112e+01 6.496163143843341459e+01 7.093776441379324638e+01
3.327314952832965272e-02 2.003327314952797522e+01 2.222608797065797503e+01 2.102712722402063150e+01 1.270350534596180481e+01 1.107824355280783202e+01 1.634511398560899664e+01 3.630667537823138957e+01 2.498209927376315420e+01 4.151297578871196947e+01 4.933015456395083476e+01 5.682330501800051792e+01 4.215325056383645119e+01 2.198257899896964318e+01 3.806423248147859084e+01 3.937579307426525332e+01 2.113046132527938070e+01 4.135412891058608409e+01 5.168686816272471418e+01 3.488615322407323305e+01 5.508752088359688770e+01 6.211299224580439926e+01 5.381432668425976118e+01 3.685592255953458363e+01 5.702414277012080390e+01 6.393679741337583522e+01 4.900893478573408402e+01 6.901938158394952438e+01 7.836255951915640594e+01 7.250516278111443569e+01 8.939219057751562048e+01 9.695211090815149646e+01 1.052350549362946310e+02 1.032024283044489721e+02 9.249707370188166067e+01 7.252705264499827820e+01 9.091601704701203346e+01
6.779948344387334846e-02 2.006779948344351894e+01 3.829373607439303839e+01 3.798127601906976025e+01 2.622927411312294055e+01 2.509623018322846733e+01 3.630670695939869574e+01 2.478064014878087207e+01 4.487494896090696272e+01 3.780797221573548939e+01 5.831938027751581899e+01 5.228359780328424478e+01 3.208748693141617281e+01 4.218552399902004169e+01 3.848569163532776116e+01 4.968641111226475005e+01 4.135412890007627595e+01 2.311500259351808850e+01 4.335854987357745216e+01 3.070819027520553490e+01 4.852079692342049100e+01 5.069384787206957554e+01 3.358680278616101589e+01 5.381514719289908300e+01 5.115578407726932397e+01 7.119161391527288174e+01 6.901947957651213983e+01 5.436735513516281060e+01 5.836809316363278555e+01 6.336492774760539959e+01 6.939199285825252161e+01 7.695044938976123206e+01 8.850001497290321595e+01 1.084978886709237997e+02 1.007665213495552905e+02 8.406156271585261663e+01 1.007665213495453571e+02
9.516927588586144779e-03 1.000951692758838796e+01 2.415165254523635241e+01 4.415164560197916899e+01 4.854628330698455585e+01 4.515093510354349604e+01 5.159150319009054186e+01 3.144184052659258555e+01 5.159150319009054186e+01 5.831938027751581899e+01 5.831937810183036675e+01 6.060057726487757890e+01 4.221425213708816671e+01 6.060042678146452744e+01 5.276314948030235996e+01 6.345325179829284679e+01 4.335074831100497050e+01 3.077436772779118712e+01 2.516504966932840048e+01 2.664147023631472422e+01 2.824434640058560220e+01 3.042496799300945653e+01 5.069384787206956133e+01 6.211414879049225135e+01 7.119161391527288174e+01 7.947659479642348401e+01 8.264691954215678038e+01 7.436374364252380076e+01 6.991015431837273297e+01 8.336190500668590175e+01 7.969198050478298967e+01 8.939219345304418596e+01 1.052350549362953558e+02 1.167805246760527496e+02 1.122912380416701126e+02 1.040201960027000752e+02 1.064729168374797723e+02
1.945935296826603253e-02 2.001945935296791035e+01 3.137651154172280243e+01 3.804317820636934755e+01 4.620814401073229760e+01 5.449241320905048269e+01 5.988735215206222051e+01 4.570327950003851925e+01 4.790452806460746160e+01 6.799666125249683546e+01 7.896881373149123817e+01 7.065728468009693586e+01 6.235298598976409323e+01 7.065698493404300962e+01 7.285378035575000411e+01 6.368574999160951222e+01 4.361112959219963159e+01 5.098630814379797727e+01 3.425832452440315024e+01 4.691277025681579005e+01 4.852079718575480172e+01 3.171702479037859845e+01 5.191515828907119356e+01 6.239815456120938819e+01 6.770628723400183446e+01 7.470539531821604839e+01 8.293667444326372618e+01 9.180233056761018418e+01 8.990899770485562215e+01 9.819229028119866598e+01 9.969119643469133507e+01 1.079743876515204875e+02 1.176737723555229280e+02 1.187322389634354067e+02 1.104018858487146701e+02 1.124147292805924678e+02 9.235281566031316913e+01
5.600688922766024203e-02 5.603008851479927444e+00 1.137651154337613590e+01 1.804317821004268652e+01 2.620814401931980342e+01 4.035027964304644144e+01 6.035027961373180005e+01 6.580693268091006587e+01 6.799666125488830914e+01 7.034355374670460037e+01 7.191476762225130415e+01 6.363283476630844149e+01 7.191476115154243587e+01 7.109717020959854494e+01 7.553052877126762610e+01 7.191746757633366371e+01 5.784263912677111819e+01 5.446157560733279723e+01 5.446157582144889631e+01 6.276382066670728932e+01 5.491806187837404707e+01 3.477436768293842562e+01 3.788972515840205801e+01 4.244831058076191965e+01 4.784687192758885033e+01 5.490892816379416530e+01 6.376666426285463984e+01 7.774349058135301505e+01 9.758527483668872549e+01 1.044877680244945992e+02 1.128847857073816670e+02 1.113781576996839959e+02 1.030434592617139202e+02 1.071044155174734271e+02 9.025000470148420106e+01 1.071044155174734271e+02 9.957995755991522913e+01
8.215197286175310309e-02 2.008215197286139642e+01 3.137651154172280243e+01 3.804317820636934755e+01 4.620814401073229760e+01 5.109162619982021170e+01 4.280802766246532087e+01 5.109162865299175138e+01 6.448593115466704262e+01 5.034637370699276460e+01 6.191612522068079727e+01 4.363442960031132145e+01 6.191599004698638709e+01 5.098064689574260200e+01 5.594659590200883059e+01 6.996026327413319734e+01 7.779231592145576712e+01 7.451972316903528792e+01 7.127811655145697500e+01 5.135895000131453969e+01 3.974064768171533046e+01 4.157935024959487436e+01 5.793729555420178201e+01 6.239815456120938819e+01 5.876065022730551846e+01 6.190634880986950606e+01 8.170857723847083776e+01 9.180233056761018418e+01 1.012032480116357931e+02 8.427097894171691905e+01 1.012032480116357931e+02 9.978223020596786341e+01 8.297405224576897353e+01 9.876719184368374727e+01 7.874571374790640732e+01 9.876719184368374727e+01 9.131333298874207571e+01
2.613274238814250472e-02 1.416826836611921792e+01 3.416826836612068519e+01 5.107473313522673664e+01 5.158441877226394467e+01 4.083079950600692598e+01 2.280805338550422690e+01 4.109187334017506998e+01 5.620341213584930529e+01 3.620430250077607326e+01 4.355486462525880853e+01 3.363416550408673800e+01 5.033820055486005884e+01 3.682776130632976219e+01 4.182789450759725725e+01 6.186962160272160105e+01 7.915791125632395620e+01 9.075339052400958906e+01 7.955779753343904304e+01 6.342274520182125741e+01 4.345845066872850992e+01 6.158739218815532013e+01 5.231824900636682685e+01 7.223144107191163243e+01 7.277665954924478342e+01 8.170857723847083776e+01 8.995312693692322625e+01 1.002860922596156286e+02 9.281559940540303444e+01 7.298281237312139069e+01 9.281559940540303444e+01 9.086460415582911310e+01 7.158222056587835880e+01 8.279844327935134629e+01 7.180969129924018546e+01 9.168853037823271279e+01 8.945340449175478170e+01
7.532853315450405152e-02 1.421746415688557974e+01 3.421746415690285659e+01 3.107503705468517907e+01 3.815376042231049780e+01 2.407680369715203028e+01 1.280802959903439664e+01 3.280804051709784375e+01 3.786498787086984663e+01 4.017433941547637488e+01 2.355507195719409808e+01 2.607483518641863185e+01 3.033885157050009695e+01 5.033820067868512638e+01 6.186962160272160105e+01 5.077632138544611706e+01 6.235038299515875337e+01 8.244718275120291651e+01 8.126424174746121309e+01 6.135282273587984747e+01 4.727812461326509919e+01 6.718474234135160827e+01 7.223144107191163243e+01 6.638780259078447443e+01 8.633923234665405744e+01 1.008758718868658804e+02 9.447803298314019571e+01 8.029531886439602317e+01 8.580365030522558811e+01 6.623879890726351505e+01 8.580365030522558811e+01 8.256838665193571103e+01 6.287018517874129486e+01 6.309570569367574677e+01 7.695361986779596464e+01 9.690909522920422603e+01 9.356602118027286963e+01
6.101047412966256744e-02 2.006101047412252214e+01 2.359705175674465139e+01 1.693294573129318792e+01 2.721924570301300150e+01 9.979602474285517388e+00 2.997945690361024873e+01 1.575686872223327839e+01 1.786505382924564245e+01 2.017445490701672739e+01 4.017433941456542357e+01 4.607454412979195268e+01 3.107484017912390328e+01 5.107443962938474158e+01 6.470162482834624029e+01 7.084429000220087858e+01 6.495823509847913613e+01 8.505448357963845751e+01 8.345297785021291759e+01 6.352853984411272137e+01 5.282919606065705409e+01 5.724280005672827087e+01 7.712668462596532493e+01 8.633923234665405744e+01 9.463789256072796263e+01 9.267668031719935584e+01 8.435136762483456607e+01 6.653704288228938424e+01 7.228168641296551300e+01 6.046986513744774072e+01 7.990462565376179782e+01 7.560402073249844079e+01 5.598051686819277961e+01 7.560402073249844079e+01 9.109552051033307407e+01 9.530310358764079126e+01 8.694834042846713373e+01
6.842009524227352091e-02 1.829321907893519672e+00 3.597088860859884996e+00 5.385943242859709379e+00 7.219340236916124809e+00 1.388600688536948269e+01 3.388587666914456520e+01 3.575683728396056438e+01 2.341205693470524807e+01 4.017433941650482154e+01 4.845774291731308381e+01 5.935701154359725962e+01 5.107443962938474158e+01 3.642009996434980934e+01 5.056248436861704931e+01 7.055958101253683878e+01 8.505448357963845751e+01 9.335758741416881890e+01 9.174872614212065969e+01 7.269434271492447408e+01 5.910600113773902109e+01 7.712668462596532493e+01 6.978722887867827751e+01 8.975612077327834015e+01 9.584727440682375743e+01 7.593577978134285900e+01 6.479350259499788933e+01 7.228168372668359609e+01 5.286697326379967876e+01 7.228168295349597372e+01 7.482222764846041230e+01 6.659888013532507500e+01 5.211918312604643688e+01 6.596530327784137171e+01 8.573439094186169029e+01 8.694834042846713373e+01 6.719137336126350135e+01
1.934550753332892059e-02 2.001934550753297515e+01 2.359705175674476862e+01 1.952847587279185149e+01 1.876632855596853133e+01 3.388582373301251494e+01 2.543300186823288556e+01 4.543271838058862500e+01 3.341214747990353828e+01 3.341214747990353828e+01 4.755445260838824595e+01 6.755262154871415703e+01 6.470162482834616924e+01 4.642045593594528441e+01 4.290913508095441387e+01 6.290798067890089129e+01 7.849110463295004081e+01 9.003417845577602918e+01 1.009689945985038833e+02 8.562209326945355770e+01 6.569165846774814099e+01 8.562209326945355770e+01 8.388239566418131687e+01 9.806140888592454985e+01 1.042261932538775682e+02 9.267668031719935584e+01 7.389724991248586150e+01 5.448777613861206959e+01 4.854951345444050048e+01 6.324557135707480171e+01 6.195722919780450866e+01 4.690603486877560613e+01 5.827800480446845910e+01 7.794598706087272433e+01 8.125136302617346473e+01 7.138058822157648819e+01 6.318810585999796103e+01
4.364784840791047227e-02 2.004364784840755576e+01 3.350043910407119085e+01 3.954946069821712484e+01 3.876167532243287894e+01 4.702553635456674641e+01 3.697994490998200234e+01 5.371682313890983806e+01 4.495939760871462454e+01 5.341178067969550369e+01 4.755445260838824595e+01 6.755262154871415703e+01 7.469828798143380766e+01 6.056221947958268714e+01 5.705140099525059583e+01 5.021253982210589584e+01 6.175953752657439821e+01 8.175362355749736309e+01 9.547235147747305462e+01 9.393038603527760699e+01 7.560235043055432413e+01 9.393038603527760699e+01 1.039365475932372931e+02 1.011840561225568393e+02 9.499973402711809456e+01 8.669253420145608402e+01 8.213792129311313772e+01 7.389715992695548152e+01 6.324391179230624260e+01 4.363099497233789492e+01 4.217997427484356621e+01 6.195723197075425048e+01 7.479983458228204540e+01 8.616424404353402622e+01 7.320052379086234851e+01 5.378502665282415762e+01 4.335182114111407969e+01
5.219006137575642884e-02 5.216167856319001039e+00 2.521616785631935542e+01 3.970568898593391083e+01 4.798996023539096711e+01 5.693423214757842032e+01 5.697942167387338230e+01 6.526356109571327124e+01 6.495795067717135396e+01 7.324048533625840207e+01 6.755262154871415703e+01 7.583510663860863588e+01 7.430021874122230940e+01 8.055603254379812483e+01 7.704701467310992768e+01 7.021003260533321111e+01 5.964095635285522690e+01 6.719974206203177403e+01 7.874293892887507695e+01 9.873347791813817764e+01 8.975584133824708033e+01 1.039543215575661179e+02 9.701814228133670781e+01 8.120432172030750451e+01 8.120432172024727890e+01 6.689511249709443064e+01 8.352607033334790287e+01 7.816142295147649577e+01 7.142096283244424626e+01 5.879033627075745727e+01 3.895101702000653177e+01 5.045829084814593557e+01 6.437861267840746393e+01 8.415889072169383667e+01 7.136892171711630795e+01 5.168400380584817100e+01 3.727444157360081789e+01
