MOVIE_S9_data/elevation_000666.asc
nrows	100
cellsize	150.0
xllcorner	0
ncols	100
yllcorner	0
NODATA_value	-9999
[rows 68 to 84 of 100, columns 0 to 36 of 100]
5.009162696260269221e-02 2.005009162696224578e+01 1.804095025730680035e+01 2.997549388261094805e+01 2.523641014044056163e+01 4.197361935157618262e+01 5.352072292715666180e+01 5.616466374432299347e+01 6.450989795962706808e+01 6.393010898107225870e+01 5.561043103452031744e+01 4.960122319038649152e+01 3.643987564071900209e+01 4.645132126091795755e+01 6.061138851018708351e+01 8.067889532578550416e+01 7.169983150329059640e+01 5.195007926087487249e+01 5.372036445391764659e+01 4.817516963309569178e+01 6.221901301294014530e+01 8.101467829802419374e+01 8.042074097327345328e+01 6.874988766548592878e+01 5.848570708278625574e+01 4.291592317482143670e+01 2.337427015868771818e+01 4.291592305431917964e+01 5.851155621092338066e+01 6.101207123295272794e+01 6.943553801953680704e+01 5.884686430296572723e+01 3.878197599986867772e+01 2.677245799133517679e+01 2.022169230033086507e+01 1.935748449449713249e+01 3.951385051233848600e+01
4.695337527364121244e-02 3.249516451375390691e+00 6.493944873990654898e+00 9.975497993104642802e+00 1.368940475664571288e+01 2.523641014049548303e+01 4.523641150479819117e+01 5.863203635768102373e+01 6.691637498442010212e+01 7.846342898430992818e+01 7.064514191797806575e+01 5.059870893617134868e+01 4.351929915869489918e+01 6.355324143762467770e+01 7.481347725220925327e+01 7.600757570696117682e+01 5.509204689639732777e+01 5.289114650042301946e+01 4.057075948017316591e+01 6.050224205695303681e+01 7.584383372881266894e+01 8.059084682618455986e+01 7.187685811219293441e+01 6.446909203561367008e+01 4.412657651313756446e+01 3.003684163309982935e+01 2.184737354934662434e+01 3.866984267755237425e+01 4.512319326281514265e+01 4.079756123219078034e+01 6.110548567446385704e+01 6.712970363067957180e+01 5.555679228686579307e+01 4.723343866598318641e+01 3.903497190214779522e+01 1.902249860905419609e+01 2.528000518844230982e+01
7.614146464036156137e-02 2.007614146464000626e+01 2.649394517616431344e+01 2.411763361854373500e+01 3.368940533332515486e+01 2.001396007698258117e+01 4.001396091973388280e+01 3.863203327296726286e+01 5.017903866288568082e+01 7.017904594690831743e+01 7.897317273106902746e+01 7.064514191797806575e+01 5.247312333341858448e+01 7.187482143066360152e+01 9.027459682268779773e+01 6.884160076973586229e+01 4.831140834693798780e+01 3.474883747949537849e+01 4.914411565522877368e+01 5.757925679849311251e+01 5.998649420182766079e+01 6.837387714943383799e+01 4.998141222583851118e+01 5.366696130607064674e+01 5.848350955557231146e+01 4.946182795777949082e+01 3.866984352879025977e+01 1.974146484539023660e+01 2.674535662723935303e+01 4.679595619359967174e+01 5.038786073911072805e+01 5.862559103556817064e+01 5.024328865221889373e+01 4.184928418696231489e+01 3.824903959481682847e+01 1.868838308194560582e+01 3.878469453915203502e+01
2.352828262072655108e-02 1.416566390635155059e+01 3.416566390635083650e+01 4.411763462082370779e+01 4.829826300733704159e+01 4.001396092038381624e+01 2.708502788884818102e+01 3.464431734903298832e+01 4.464431734911129013e+01 5.878645305335577831e+01 7.878646709735065201e+01 8.084762756370560055e+01 6.663466250452667339e+01 8.084762756131578954e+01 7.953392212594870614e+01 6.488287289631502119e+01 5.520092035357900073e+01 3.511049273493846101e+01 2.962155021548340272e+01 4.566604025332543415e+01 3.974281564084185447e+01 5.998405247639484372e+01 5.366720106773658472e+01 3.313586445204609987e+01 4.170909514551587449e+01 3.667590562233353779e+01 3.478229108894345245e+01 1.825294092628955767e+01 3.703699361484144248e+01 4.463586183130673390e+01 3.026502245455157336e+01 4.710574777131920143e+01 4.184928415336111129e+01 2.056404239653557653e+01 1.821408881290117421e+01 2.978310875856315221e+01 3.008339520413168700e+01
6.786455232800275850e-02 1.940004307088375057e+01 3.903717779768724938e+01 4.117487650405092126e+01 4.913887183691489469e+01 5.536934129753841205e+01 4.708502919406581810e+01 5.464431944690726795e+01 6.292864605179178028e+01 7.292867732440853956e+01 6.940349668938893046e+01 7.769650825779515912e+01 8.671905641143854382e+01 8.283113367231227642e+01 6.296400826517820803e+01 5.132036536743238742e+01 4.380827262157583135e+01 5.520092035357899363e+01 3.974249574480848679e+01 2.551062785220867823e+01 4.186905759649380343e+01 5.022155733685385570e+01 5.775579982512889643e+01 4.171251399182450115e+01 2.239531909137289389e+01 2.110527674843521595e+01 1.606506643210769880e+01 3.413363378979057927e+01 3.565377323123651365e+01 2.783203776154482512e+01 2.010794378308409946e+01 3.878492017698324901e+01 5.015220157199275519e+01 3.784196643071115318e+01 1.787546716045826756e+01 3.787044117099107154e+01 5.011166143002553497e+01
3.257643153035955086e-02 1.287145581293026630e+01 2.601114436364754567e+01 2.335864111018678102e+01 4.117540851581702555e+01 5.549335748433880866e+01 5.141770104250146289e+01 5.971805591811708780e+01 6.352630986738999042e+01 5.522785466063910320e+01 4.935611147698483592e+01 6.940349668938893046e+01 8.111939123977592203e+01 9.096547157767420799e+01 7.953392212594870614e+01 7.136084347060669586e+01 6.378625472550256603e+01 6.826520664676384342e+01 5.400385119608146312e+01 4.187595205475638949e+01 2.183460216456938952e+01 4.187500859585017565e+01 4.944430321895544722e+01 2.952360446094157709e+01 3.207101603158318426e+01 1.401144222472103706e+01 1.439794823297105886e+01 1.478061163604636263e+01 1.515273778143444083e+01 1.551568865131567954e+01 1.587165398841031028e+01 3.573102753507986051e+01 3.659286478583077695e+01 3.697589183905533616e+01 1.753349873329005604e+01 3.749589965223988486e+01 4.833828117713652262e+01
1.880098487986705744e-02 2.792345764299193789e+00 1.118586292066005683e+01 2.829711712311694427e+01 2.721690207253367788e+01 3.637960945838385385e+01 3.137482770424335854e+01 4.362306716115514149e+01 4.763462732649662712e+01 3.513806348612016706e+01 4.274592117644316858e+01 5.279670248827263634e+01 7.282768195454826810e+01 8.564739778703814466e+01 7.752098350294821216e+01 7.752098350294821216e+01 7.230902111514170372e+01 7.226418241662921105e+01 5.210005842628208228e+01 3.932173761445715598e+01 1.941922643751941280e+01 3.592267565819409469e+01 3.381846333517661662e+01 3.270013569839374412e+01 1.344911414041180642e+01 3.319508845845387413e+01 3.665687077868155797e+01 1.998497697048535215e+01 2.900752194748609369e+01 3.530009574631510816e+01 2.531743941053788305e+01 1.636576414223710074e+01 1.671233252446869955e+01 1.705520658283760937e+01 2.568592047985793769e+01 1.983716581654140754e+01 3.406008457457182459e+01
2.900726248362994752e-02 2.002900726248327601e+01 7.009296531925984119e+00 1.005844503386753708e+01 1.321108119310454931e+01 1.651226377590131378e+01 1.993339061702319270e+01 2.363642283293065205e+01 2.757709119135917319e+01 4.763462732649662712e+01 6.281219222141050551e+01 7.110580860096392541e+01 8.111939123977592203e+01 7.752098350294821216e+01 5.733513997391428774e+01 5.733513997391428774e+01 5.192481639026165396e+01 6.551428620684828275e+01 5.210005842628207517e+01 3.189575496397969800e+01 3.592267565545652275e+01 1.605763425277292811e+01 1.375351879085724427e+01 1.286843892374926313e+01 3.273470488567850367e+01 3.645697315782720693e+01 2.823801925773204147e+01 3.994208142374304771e+01 4.387150134888781849e+01 4.234223189418211319e+01 2.217221959269729581e+01 3.624507979795380663e+01 3.660704665760474086e+01 1.898098280514703617e+01 3.961819445713457100e+01 3.999048249489915463e+01 2.229468527892586494e+01
5.081304048347550645e-02 2.005081304048135493e+01 2.760461706892058587e+01 2.992866547828800350e+01 3.306838266259456560e+01 3.637960945838385385e+01 3.984594272532658721e+01 4.362306716115514149e+01 4.175622131334090170e+01 3.914901413425150167e+01 5.075507536905366379e+01 7.079771821947284138e+01 8.386509819839486113e+01 6.393390240927653423e+01 5.198638732686117692e+01 4.251835862307061831e+01 3.692871798509957415e+01 4.485558780784103305e+01 5.930171339593734814e+01 5.210005842616684646e+01 4.356984490318586722e+01 3.540603064913830167e+01 3.177701689499066262e+01 1.245285479567070119e+01 2.363018309451495114e+01 4.177782078792428422e+01 4.698235114189803596e+01 3.710257482622027680e+01 5.574652879324703036e+01 4.701718979050410496e+01 2.665988089676031336e+01 4.701717915381849622e+01 4.806447323505982894e+01 2.944991135776463764e+01 4.807400051005586050e+01 5.092122190463524589e+01 4.258218259964317554e+01
4.469920835086939326e-02 2.004469920835051511e+01 9.506627806995052055e+00 1.366960098095712972e+01 3.358444552502189850e+01 4.471412680988878918e+01 5.102148056541593490e+01 5.808146290432743797e+01 6.182337640770008846e+01 5.922607551224455591e+01 6.752194020699455734e+01 7.908936586241644306e+01 9.194884865395059137e+01 8.051179474212534615e+01 6.324743665959774575e+01 6.324743665959774575e+01 5.090638047842261926e+01 2.960256662389823035e+01 4.499776532852587962e+01 5.347586027272804898e+01 5.152852026834639076e+01 4.458053268981255002e+01 3.164597554547455616e+01 1.204603632171869343e+01 3.226414797551748137e+01 5.067576475422806226e+01 6.359797763990653863e+01 5.016039611035295565e+01 5.032375003063818752e+01 5.537942588724921933e+01 4.140375407834763166e+01 3.457998841436534576e+01 5.499430472861146768e+01 4.402224203422024118e+01 5.825985309276229884e+01 6.415633524643955354e+01 4.946333954523029774e+01
2.324776005098762310e-02 3.737072335269395307e+00 2.371449339778443388e+01 3.358444552501912028e+01 1.996761315448384977e+01 2.479024224966636680e+01 3.107582735962964549e+01 3.811275603365724862e+01 4.808780868789781238e+01 6.221859322149169458e+01 8.221401931080855263e+01 8.402255134981183460e+01 9.245198428409142366e+01 9.139364043404950166e+01 8.190761212337024233e+01 6.182997028205926426e+01 4.712972384583292040e+01 4.499776532852587962e+01 2.355147460997671516e+01 4.026109955021990316e+01 4.329114369631582093e+01 2.948907079152727562e+01 3.007918992602859021e+01 1.164644059091770778e+01 2.578944078673984208e+01 4.571383759305619776e+01 6.482839176757127575e+01 6.914635972708965994e+01 6.120168384027011399e+01 7.148868944851004414e+01 6.111557674363562853e+01 4.072287777084909521e+01 6.111557674363562853e+01 6.420149947852137018e+01 7.007135648186547883e+01 4.997508021704761205e+01 3.562951150206974660e+01
8.699724428260374731e-02 2.008699724428224798e+01 2.004894798659771382e+01 4.002430010665946725e+01 3.403852958268870310e+01 3.886672227956741210e+01 4.105003105126615282e+01 5.808146330911796440e+01 6.636111702481575492e+01 7.635512120994543750e+01 8.058790795594067902e+01 6.339105101068930992e+01 7.746815857681411899e+01 8.592259612975122707e+01 8.014777866867129319e+01 6.004331990962598553e+01 4.529795268258292396e+01 3.286183724043759469e+01 4.026111573261893284e+01 1.897547506856381361e+01 3.484344179642656769e+01 2.063945266173937654e+01 2.584128933206173784e+01 1.125500207205716663e+01 3.270131597252004241e+01 3.722585594007566101e+01 5.120632672724301671e+01 7.095464653508915376e+01 7.939234839132031141e+01 8.674805986042606776e+01 6.744495652890481097e+01 4.791543833479553172e+01 6.826738996357114786e+01 7.350640813069519197e+01 5.345478685917582595e+01 4.332141645906340699e+01 5.586114325841451489e+01
2.249585233037712170e-02 1.416463147606120287e+01 3.416463147606049233e+01 4.830411168185426618e+01 5.398898356935917775e+01 5.883101013167259907e+01 6.101748330445571611e+01 6.929724190817874785e+01 7.804061046418944159e+01 7.202814036150853383e+01 7.139517354375927027e+01 5.151792928843825337e+01 5.686775095776724243e+01 7.746815857681411899e+01 7.757975169222950740e+01 5.740186389384899002e+01 4.529794844098132245e+01 5.401883405286677231e+01 4.880404418547496448e+01 3.578942008560428434e+01 1.468950880755684096e+01 1.202036897817402306e+01 1.071106530945060520e+01 1.439921990768869087e+01 2.246328455084518083e+01 4.312464861064679411e+01 5.949175727049065188e+01 6.758276480907579753e+01 6.923249746589985421e+01 7.736791969602612085e+01 7.656497491463684923e+01 5.976320000280942679e+01 7.656497491463684923e+01 7.350640813069520618e+01 7.017504245982715361e+01 5.009170756515221967e+01 7.017504245982715361e+01
2.739267172789772165e-03 2.000273926717243356e+01 3.059248041933799556e+01 3.662270731089372333e+01 4.369377512275932673e+01 5.197804637022152008e+01 6.352505175401444859e+01 7.308617302139312244e+01 5.748825750300267146e+01 5.146564082769348403e+01 5.515168675644711982e+01 4.239746974628747012e+01 5.686775095776724243e+01 7.746815857681411899e+01 8.569303843319967484e+01 7.414321479229502643e+01 6.593004263869759995e+01 6.347262195259638418e+01 5.447502160602303434e+01 4.339030296797773190e+01 3.514543198464548368e+01 2.801434731025154079e+01 1.033595261364537343e+01 2.831526351479382342e+01 1.650254540008733173e+01 3.848486802410310048e+01 4.029987439071396693e+01 5.348809614947128210e+01 4.994962270047303576e+01 6.706324096187492501e+01 7.525371989825757169e+01 7.988432948858026350e+01 8.815648495841692522e+01 9.345177030886810599e+01 7.843670292032732050e+01 6.018094544722296035e+01 7.843670292032732050e+01
8.327778614586213435e-02 5.247255581089106613e+00 1.059248041933764028e+01 1.662270731089301989e+01 2.369377512275861974e+01 3.524078050655154470e+01 5.524078050655224814e+01 5.253815347271418545e+01 5.683803841617722696e+01 3.706805536331189899e+01 3.476482293693267422e+01 5.515168675644711982e+01 7.139517354375927027e+01 6.878310973760821412e+01 7.656306231517901040e+01 7.845948900912719637e+01 7.057945562731340772e+01 5.552427603925247013e+01 3.822263392182392039e+01 3.015828721187304851e+01 3.774100833482714279e+01 3.150689824799710692e+01 1.734421878633120429e+01 9.804316021065881515e+00 3.204064469707690677e+01 2.366425135897577192e+01 2.916490813178236152e+01 3.452853699890577843e+01 4.088198897755450645e+01 4.782836713709635035e+01 6.126200624618306989e+01 8.107141350847187766e+01 7.719152304652301666e+01 8.550722564116027513e+01 8.842110821930161535e+01 8.016913947243135397e+01 8.842110821930161535e+01
6.510866554257997707e-02 2.006510866554222616e+01 3.059248041933799556e+01 3.662270731089372333e+01 4.369377512275932673e+01 5.197804637022152008e+01 5.524198923321319654e+01 3.813777217574829592e+01 4.284048545253022411e+01 2.809053041705970699e+01 4.835606548327567111e+01 6.364521121423830152e+01 6.607274458310435250e+01 5.086713663192547585e+01 6.607274458310435250e+01 6.788341374742024925e+01 5.255354990972930551e+01 6.336646618420209620e+01 5.447504625637071740e+01 3.824976128522708763e+01 2.162679609896897404e+01 2.807571829087942916e+01 1.464442206859324180e+01 9.424548131847663157e+00 3.191829626587484725e+01 4.332126798880392471e+01 4.859275902669924108e+01 5.348809614947128210e+01 5.979114973542975520e+01 6.706324096187492501e+01 7.525371989825757169e+01 7.388813758219208694e+01 5.704638862022326862e+01 7.079486573371583802e+01 7.911688466496346450e+01 8.225878992243536914e+01 7.389410690169815155e+01
8.953482861371392376e-02 1.008953482861513784e+01 2.163654021296867924e+01 4.163655766127609326e+01 5.599634330946620508e+01 4.752573975142812657e+01 4.613394666666705746e+01 2.643982969102869163e+01 2.251115373718250368e+01 4.284048545253022411e+01 5.683803841617722696e+01 5.702784146876347648e+01 4.946627991113827960e+01 4.049342350269725443e+01 5.843931784224815829e+01 5.995670129431443485e+01 4.237136763396597416e+01 5.398995201502586383e+01 6.166337346842107792e+01 4.646197853878309303e+01 3.180593025766800963e+01 8.729533466400933861e+00 8.882950769853486861e+00 3.142378751950866089e+01 3.739891650266194034e+01 4.386617451417137659e+01 4.125385094352179038e+01 4.940098889338302968e+01 5.701082394237694473e+01 6.538005576021068066e+01 7.646050038156154471e+01 6.488468692611152733e+01 4.541672670804029366e+01 5.065248918725969673e+01 7.079486573371583802e+01 7.215962868206678138e+01 5.369404833299152102e+01
