MOVIE_S9_data/elevation_000056.asc
nrows	100
cellsize	150.0
xllcorner	0
ncols	100
yllcorner	0
NODATA_value	-9999
[rows 68 to 84 of 100, columns 0 to 36 of 100]
5.009162696260269221e-02 1.636906316774769721e+01 1.711356610834616987e+01 1.108489750044629396e+01 8.998958921948430500e+00 1.396895092390223247e+01 1.801167347832750920e+01 2.052611564641767750e+00 2.526838812652617339e+00 4.654688433204102971e+00 6.783769148753806100e+00 8.940121326499619769e+00 1.117537417511554487e+01 3.240586889627386569e+01 1.967410379169158929e+01 2.551129448763569130e+01 4.648262367513186888e+01 6.204340066602431847e+01 7.024227669677975427e+01 8.022800636027594123e+01 7.398890056830438766e+01 5.569163289311528331e+01 6.377369155588318250e+01 6.660131964474786059e+01 4.700593652522096022e+01 2.557584812550005537e+01 1.924272440860242028e+01 3.300606416564531287e+01 2.659600667792120632e+01 2.718291931064041833e+01 3.277991293037893428e+01 3.989004383765767869e+01 4.937281274763253691e+01 6.447432936462972464e+01 8.560939912513140371e+01 9.200781318416927945e+01 7.202349041947111630e+01
4.695337527364121244e-02 1.825488020882852425e+01 2.971190422847205426e+01 2.688304104769250102e+01 1.680600049227117765e+01 2.928726788470167719e+01 2.592693197966180918e+01 1.511804445759350024e+01 2.434996993909262386e+00 2.389098172771389983e+01 2.256403847422504327e+01 2.393890697732325634e+01 2.628738476488801368e+01 2.470635549580901724e+01 4.087729398337994269e+01 2.640505263805246017e+01 4.733649163759537970e+01 6.140595943763326403e+01 6.957482174916276563e+01 7.952886336430714209e+01 8.205945664663957473e+01 6.377369155590494643e+01 4.576509609463509776e+01 5.655068541926370074e+01 5.166865556588290076e+01 4.240242635510980307e+01 1.891877347546851951e+01 2.100202059389253506e+01 2.062369727104844941e+01 4.485218438157197340e+01 5.440186258507706896e+01 6.165775417963665461e+01 7.025779675229122745e+01 7.935045670519214411e+01 8.238174105494624655e+01 9.059169309593411867e+01 9.200781318416927945e+01
7.614146464036156137e-02 2.007614144334077366e+01 3.529334039843570991e+01 3.860626898009015662e+01 2.758705232209195657e+01 3.864129705497217060e+01 2.790322078863883704e+01 1.381410899255321389e+01 2.706277519960331723e+00 2.737955029638299109e+01 4.453061530226988651e+01 4.490265718476889134e+01 4.720727520024140489e+01 3.699508892527480697e+01 5.404787385034752845e+01 4.733649163759537970e+01 3.358534586438517522e+01 4.105854898617857884e+01 5.137678946628570031e+01 7.143526811786891528e+01 7.937039393107170326e+01 6.026846167107063934e+01 5.655068585587477514e+01 3.871043067027592599e+01 4.922830440274011465e+01 4.176690316606270414e+01 3.550468054360074888e+01 1.845969789235754277e+01 3.984457137230072021e+01 5.531990090776272240e+01 6.309178056277646363e+01 6.602710573522739423e+01 6.648597365409271731e+01 7.472938385642623871e+01 6.250126107443531964e+01 7.912382224476108661e+01 8.232955165985001145e+01
2.352828262072655108e-02 8.198278922828666992e+00 1.985998866919240768e+01 4.053868392953683042e+01 4.273596819657601031e+01 3.722218603310589913e+01 2.494848958837214070e+01 8.235848870172052472e+00 2.984411547846216983e+00 2.329736724527110781e+01 3.267582877729361712e+01 3.321731830646548644e+01 5.451193414447639185e+01 5.756508324810261712e+01 6.582748936629452885e+01 6.189748403532227172e+01 4.156470348104985391e+01 5.421251829349033358e+01 6.957482174917679174e+01 7.952755582502750542e+01 8.749161545276535890e+01 7.816965605232500991e+01 6.444418932265510591e+01 5.032285647426545694e+01 3.228708706763273284e+01 2.789376268768197065e+01 3.453206401340194986e+01 1.813483528022910818e+01 4.090991532269586628e+01 4.564890975005808116e+01 4.248118382043175956e+01 4.549654011878186566e+01 4.596647130000184944e+01 5.817858979639343886e+01 5.066560535695581535e+01 6.611910084467095317e+01 6.247588516101392031e+01
6.786455232800275850e-02 2.006786455228661836e+01 3.690205226159699947e+01 4.904528007935221723e+01 4.350135785374347108e+01 3.038053592569851347e+01 1.525633789155420672e+01 1.826028591954897351e+01 3.264958694618230517e+00 2.400846967830837642e+01 1.165504697542725943e+01 3.321731830652709050e+01 4.947725889040963665e+01 6.060093595763549246e+01 6.952331380516697834e+01 7.006862733190209269e+01 5.343720532151436942e+01 7.007089429017119642e+01 8.234126536964721765e+01 9.294497145728182375e+01 8.769546046687273133e+01 6.989259352918031709e+01 4.886503797349732281e+01 5.272337116715522143e+01 4.658541128175466639e+01 3.756011702552764575e+01 2.173919535444545659e+01 1.780795899679050365e+01 3.902043081927256196e+01 2.483216650085908483e+01 2.763666282860252110e+01 3.057193975502461214e+01 3.367013852821087738e+01 3.724577331400591618e+01 4.139757472390628834e+01 4.574775501738521655e+01 5.127067050424377470e+01
3.257643153035955086e-02 1.417471205526222811e+01 3.417471207037983305e+01 4.904893097610158748e+01 3.228695407915743232e+01 2.233020817198083918e+01 2.727878250784302594e+01 2.307263638302399045e+01 3.542150323407533108e+00 6.158727916675311498e+00 2.670946211278155147e+01 1.934899549168611088e+01 4.058616577762493449e+01 3.878916448034126319e+01 5.122511331607049812e+01 7.340574067259242952e+01 7.345613194436228355e+01 8.156301966160388872e+01 9.294503982659706764e+01 7.311109898048941602e+01 6.752646255456745905e+01 6.752650444716856271e+01 5.272366636074999491e+01 3.123721827805637119e+01 3.941221830331493692e+01 1.926716341821833467e+01 1.734373968288627310e+01 1.846964774813199028e+01 2.087320620193181853e+01 4.168239545704277305e+01 4.851788785381857139e+01 5.150980357231094331e+01 4.240182766936186454e+01 5.817858978423881666e+01 6.204268855932971150e+01 6.030272919397961573e+01 6.247588516101392031e+01
1.880098487986705744e-02 1.388347798640710629e+01 3.363302124491787737e+01 5.110663145539966479e+01 3.492672183922000073e+01 3.262844285171043879e+01 3.729697374747510707e+01 2.435850247573100447e+01 3.817817798961618880e+00 1.790701849103006893e+01 2.953847934735686565e+01 3.991606186218103147e+01 2.775181300512424087e+01 4.894227244413948341e+01 6.952331380516697834e+01 8.213601608102683826e+01 8.029427756904775038e+01 7.203660705219998306e+01 8.026921596427249028e+01 7.674630859682328321e+01 5.611439725907163023e+01 4.631242823621693816e+01 3.969239032199195805e+01 4.575336019262166332e+01 2.453180516565750224e+01 2.429065030833898220e+01 1.702171373746269012e+01 3.262003596354910684e+01 3.004330298366401664e+01 3.005226755945616901e+01 3.866909063023730653e+01 5.900476776629436415e+01 6.307863096818167747e+01 5.720016482620410159e+01 7.727050362232471059e+01 8.016106416757249065e+01 8.232955165985042356e+01
2.900726248362994752e-02 2.002900726248327601e+01 3.375358768803344844e+01 4.204748456928702183e+01 5.085579381282518341e+01 5.058994242785480822e+01 3.441711975639448440e+01 1.330876435522393919e+01 4.093785427768350971e+00 2.106816397762332826e+01 3.785385967432707588e+01 4.633918112867607420e+01 4.854954813809217740e+01 4.492279035511270280e+01 6.038144482002642377e+01 8.218143105080412170e+01 7.028956115100486102e+01 5.202996642731664423e+01 7.028937650660789416e+01 7.373826220230061779e+01 7.577926236262645432e+01 6.752646842036031671e+01 6.113139888627073759e+01 5.316441439827619320e+01 4.346385142955000447e+01 3.627271273747240343e+01 1.670176474946314471e+01 3.489024400588736086e+01 4.687849188385347787e+01 3.918482945657861904e+01 5.746219984920773527e+01 5.175609327485496181e+01 7.147838754080082424e+01 7.727050362584445509e+01 8.546985712597852114e+01 9.361108023691518554e+01 9.361108023691518554e+01
5.081304048347550645e-02 6.524730635341088103e+00 1.350312198797716334e+01 2.464132691923039431e+01 4.524993575486516306e+01 5.556640625209746531e+01 3.441909213232871423e+01 2.481048852324468612e+01 4.370901820193264342e+00 2.391126291883144006e+01 3.076717151992724553e+01 2.731311380031183944e+01 4.634816173350718316e+01 5.776348802378586811e+01 6.895002636667754814e+01 7.446067403203144863e+01 6.203130214694185440e+01 4.187204089204228552e+01 6.093412947551015435e+01 5.356657088143936818e+01 6.778518273991602427e+01 6.574043337115290342e+01 4.377741838403220243e+01 4.143376864934319315e+01 2.904414864608206770e+01 1.624712773708001734e+01 1.998176098162675629e+01 3.033104613630407442e+01 5.069516716198457829e+01 4.978301181259465835e+01 6.553173918549398991e+01 6.576936683581070042e+01 7.954437262173065903e+01 8.972933343399995465e+01 8.117702725630772420e+01 7.292524952291240936e+01 7.292524952291240936e+01
4.469920835086939326e-02 2.004469920835051511e+01 3.375358768803344844e+01 4.204753314725007840e+01 5.355786169387148732e+01 4.861129415718363589e+01 4.002481684327779021e+01 2.494998884977336928e+01 4.648741678484785922e+00 2.428755176733213617e+01 1.127702736387336557e+01 3.106866722822504912e+01 3.032226382749260551e+01 4.164419379082649897e+01 6.089699576232342793e+01 6.635032062857492008e+01 4.640637829829881866e+01 3.467127819922328058e+01 4.074270106504824440e+01 3.923004861252029940e+01 5.945308152426314763e+01 5.708428154882646766e+01 4.184311254671175817e+01 2.209130566630144088e+01 1.578750993665118862e+01 3.274770555640061076e+01 3.948175525951205600e+01 4.834278633471642905e+01 5.932596334456894027e+01 6.831112206395808073e+01 7.639995391241227196e+01 8.526293844927185717e+01 8.233361224863057259e+01 7.374159489890122643e+01 6.014644869240353842e+01 5.787903235637053712e+01 7.292524952291240936e+01
2.324776005098762310e-02 2.002324776005063356e+01 3.557940632567849093e+01 4.489497820176549681e+01 5.927038220308270411e+01 4.003655916855305463e+01 1.959529806105877014e+01 2.462188958633205971e+01 4.927414290837885069e+00 5.100652695500547118e+00 2.561243719661318252e+01 1.785390798379747324e+01 3.744911022149421598e+01 5.284693221686625009e+01 6.087437904356950469e+01 7.214701729861289436e+01 6.093412947551015435e+01 4.074270106504824440e+01 2.637266339888435596e+01 4.080517528738904787e+01 4.906296142713321018e+01 4.296105491824945943e+01 1.536734962975135232e+01 1.533795721229487086e+01 1.657833339582192167e+01 4.042172058901112308e+01 5.565480118405208287e+01 6.461142286551559266e+01 7.459098213702237956e+01 8.216490613439515300e+01 7.468220829534038785e+01 7.631860671199007129e+01 6.771361040250577901e+01 5.225301534744411214e+01 4.725652601652297591e+01 6.289443807855112567e+01 8.385968612201624239e+01
8.699724428260374731e-02 7.159634623328456016e+00 1.613286982714996398e+01 3.050174962367111675e+01 4.489813491589079320e+01 3.346457764789219880e+01 2.500805790519762795e+01 5.322074650883188873e+00 1.260351500649297840e+01 2.582133887339589862e+01 3.449301406902807798e+01 3.744911022149419466e+01 2.652266384698165780e+01 3.381926331301293942e+01 4.488334573516580406e+01 6.408037321491475780e+01 6.679934052242393250e+01 4.665663352456958535e+01 4.080543598531082949e+01 2.049554382861516899e+01 3.556559857259635038e+01 3.384998989275038639e+01 1.490432172093793639e+01 2.330971992240793966e+01 3.974604425492965731e+01 2.874902756911170698e+01 3.617736638130555349e+01 4.636457036035893253e+01 6.635940584897419114e+01 7.256924595522210097e+01 5.739126195951693887e+01 6.753370889400299859e+01 4.914350244509657273e+01 3.913522837771805740e+01 6.133515771036470454e+01 7.765217131129540462e+01 8.015702151538559406e+01
2.249585233037712170e-02 2.002249585233002094e+01 3.557940632566619144e+01 4.356114289372698778e+01 3.215068954571449211e+01 1.904171870505399866e+01 5.719754265634453105e+00 1.934790966708469995e+01 3.071507988877814199e+01 2.582745636328784045e+01 4.618331535725551618e+01 5.354070329260960648e+01 4.212879795717821452e+01 5.284693221688348785e+01 5.685912586648756673e+01 4.894583462630534854e+01 5.881061174408425529e+01 6.019266728233373698e+01 4.062535769815733744e+01 3.556764296933272362e+01 1.561840073183805799e+01 1.445526360838284674e+01 3.463292305022456929e+01 2.483986304578581894e+01 4.536632731905464766e+01 4.948436506475465535e+01 5.636198708907468102e+01 6.461142286551559266e+01 7.459093692006815957e+01 6.501638141490929002e+01 4.690271707928307166e+01 6.501638141490929002e+01 5.656931010830375328e+01 3.444945167649834161e+01 5.656931010830375328e+01 7.367570376680525612e+01 7.163322965047495927e+01
2.739267172789772165e-03 1.411366539300716560e+01 3.382525098785406215e+01 2.731722033220590973e+01 2.504651877287939499e+01 6.123353941642428744e+00 2.145986626414165244e+01 3.384543962402970863e+01 4.363455395824402672e+01 4.613446413827165316e+01 5.387949276183957892e+01 5.655489899011670474e+01 5.801091546921861664e+01 5.218971955673728758e+01 4.806347169190271273e+01 2.535846337411036089e+01 3.580607928007919583e+01 4.638039469892184030e+01 5.511781888323492495e+01 4.387368353189425108e+01 3.432881270753697578e+01 1.414196554385213567e+01 3.285213827381662099e+01 4.506726467518393520e+01 3.783540217685829532e+01 5.246282652648217493e+01 7.271718936613211781e+01 6.975347367703638213e+01 6.158046852327326803e+01 5.826864389447093373e+01 3.898284376681376528e+01 5.479715512617880790e+01 4.684596828543800484e+01 3.047037246926583620e+01 4.312343333972209081e+01 6.496875639635990751e+01 6.171213779399887045e+01
8.327778614586213435e-02 2.008327778614550851e+01 2.800084910176805764e+01 6.703170790974934512e+00 6.535050316530306880e+00 2.623682118325757884e+01 3.309258968075856444e+01 4.515800719423914700e+01 4.136842914480222078e+01 3.830348075268830144e+01 4.059788355023412976e+01 3.798061052513804725e+01 4.613927264464285116e+01 2.900535099662529603e+01 3.233449801995264750e+01 2.836902315396672947e+01 1.170778401398000312e+01 3.372919268340840659e+01 3.628103216924826313e+01 4.379424346040599403e+01 2.437190735208093884e+01 1.383123701807372008e+01 2.490596638202297441e+01 4.467439217795333661e+01 5.839519205360283394e+01 6.671841066476528681e+01 7.150932269575913836e+01 6.157366911735933712e+01 4.188351579705645378e+01 4.763145223314532473e+01 3.158380791897922890e+01 4.575347470874753952e+01 2.532541965212738688e+01 4.684430393870259479e+01 5.440132739153681030e+01 5.750602447142713913e+01 4.950345672750806614e+01
6.510866554257997707e-02 1.980716871211821939e+01 2.732700041148829229e+01 6.945357917737870146e+00 2.577463964100468630e+01 2.699682046109242961e+01 8.097214194805363974e+00 2.906052882123049130e+01 1.298100543279546493e+01 1.745498391068322519e+01 2.319470937195708515e+01 3.227820281045175932e+01 3.717630312918159774e+01 1.688643225779074797e+01 1.141321036047484938e+01 1.096828338108229417e+01 1.121834734225428498e+01 1.759675967697289067e+01 2.703842894415598508e+01 4.375609224385023310e+01 3.372336217287040938e+01 1.352341177289852681e+01 3.373546839221388183e+01 5.115796670805389823e+01 6.050591768317654129e+01 6.592329724063807816e+01 6.298311145527929966e+01 4.285084211584705827e+01 4.619883261929018659e+01 2.763931884112811233e+01 2.938263175841820640e+01 2.120492778645872178e+01 2.197368059271257579e+01 4.245019347757298789e+01 2.859977692717986031e+01 4.878785860925069784e+01 2.861963243361090647e+01
8.953482861371392376e-02 2.008953482861335971e+01 2.823848621931107772e+01 7.634878829592247840e+00 7.374874924335838244e+00 7.673325250652091256e+00 1.174823637037677315e+01 8.513301310649875830e+00 1.379676407785589554e+01 2.097190657675834657e+01 2.532551513377788055e+01 2.738620640192456079e+01 2.851426599359678704e+01 2.915442653576203824e+01 1.061009185603059102e+01 2.939119269108431354e+01 3.032255129787187897e+01 1.157000914950277171e+01 3.071358538240942693e+01 3.916198835032177072e+01 3.337249883577805321e+01 1.321921295794998130e+01 2.992160811320527714e+01 3.306395432504924514e+01 4.557543175831955296e+01 4.557543177590054029e+01 5.112337193581986838e+01 4.620197706239093804e+01 2.704061369836488282e+01 1.936935567640450628e+01 2.012584460260041297e+01 2.510776444853027911e+01 3.507547671658249300e+01 2.308835842611438949e+01 2.387671939905020935e+01 4.402420902353253496e+01 2.617304245467508395e+01
