MOVIE_S9_data/elevation_000348.asc
nrows	100
cellsize	150.0
xllcorner	0
ncols	100
yllcorner	0
NODATA_value	-9999
[rows 51 to 67 of 100, columns 0 to 36 of 100]
6.455108993161302877e-02 2.006455108993125691e+01 3.787640613014003321e+01 4.616067737749013133e+01 4.760457320589546271e+01 5.160457320589553376e+01 5.379236920071942762e+01 6.207664044820876370e+01 7.168143822915362762e+01 7.976544793808346867e+01 7.141018319908940271e+01 5.721363772954924798e+01 5.790420880188836605e+01 6.377688348740076663e+01 8.385280985214411942e+01 8.384969778561912790e+01 7.566557587733848322e+01 6.231615352127799667e+01 7.874123018288804587e+01 8.142195533567368670e+01 7.324253933129610061e+01 5.615283645393255085e+01 7.157424255274926850e+01 6.341602858793142161e+01 4.781956260925863234e+01 5.096984953743147173e+01 5.444906906604819596e+01 5.832632476530105237e+01 6.247512543381520800e+01 8.218246533538143694e+01 9.728586701740987053e+01 8.999052801343017904e+01 9.154794486720138025e+01 7.149920313113663894e+01 6.001733617015587186e+01 6.845150692198360787e+01 6.516118301167155380e+01
3.995603441288197999e-02 2.003995603441252626e+01 3.303926971052595007e+01 4.132359894258318178e+01 5.132375424997757563e+01 6.754679223638160579e+01 6.178026822448530453e+01 5.767906933550599291e+01 5.187909823440597279e+01 7.168143822915362762e+01 6.139518469721021887e+01 4.308348978208221780e+01 4.377312603091395715e+01 5.790420880188836605e+01 7.795477436056998499e+01 8.939148319580380075e+01 9.007298420224741164e+01 8.186116197824642882e+01 8.592194097440322764e+01 9.427548371561002227e+01 8.398288956786517190e+01 7.001095900787562698e+01 8.127462520881888963e+01 6.160065372745982870e+01 5.574879450817213922e+01 7.053559661568925776e+01 6.419831716280032197e+01 7.798387215171773335e+01 8.218246533538159326e+01 6.941037422392516021e+01 8.915700276128659141e+01 1.060252347734950291e+02 9.987906627984092722e+01 8.829303563333768068e+01 7.997279842890213786e+01 7.318618404051689197e+01 5.326641050811259959e+01
4.804567899273937126e-02 6.372600999329525173e+00 1.303926766599625076e+01 2.303926766602095100e+01 4.303927615237740412e+01 4.772460932045845539e+01 4.190256871565229346e+01 3.777015488356983752e+01 5.767906933550599291e+01 6.778805237830067654e+01 5.308442536592961147e+01 3.309139922422593827e+01 5.308442536592961147e+01 6.778805051306238738e+01 8.352802631188257010e+01 6.929564491882715060e+01 8.352758653384704246e+01 8.268138589158007790e+01 6.587443100125827300e+01 7.956177241288490620e+01 8.790280439849622951e+01 8.975645160529820998e+01 8.945486947518519116e+01 8.127462520881898911e+01 6.959444194284098728e+01 7.175293062753999607e+01 8.391172389702549594e+01 8.391165689761791668e+01 8.915700276128659141e+01 8.915700276128659141e+01 7.824331223313657802e+01 9.227474053805268284e+01 1.123572523729930737e+02 9.682820806883562170e+01 7.669570151891177545e+01 6.509184516872748816e+01 5.621055099052254889e+01
9.707512844716031930e-02 2.009707512844680366e+01 3.303926971052595007e+01 4.132359894265690059e+01 5.132354609211600405e+01 4.772458161220107087e+01 2.777667437731664535e+01 4.772461210740096504e+01 6.582226773873786385e+01 5.946922709822592168e+01 3.946909611826179543e+01 2.792930895237470068e+01 3.946909611826179543e+01 5.946922709356383763e+01 7.518157967652538787e+01 5.515940657189244689e+01 6.362177340979329898e+01 7.194663124824596423e+01 5.435067860697967745e+01 5.954056922060293999e+01 7.956179365274985571e+01 8.415977107508831523e+01 8.581288637798620300e+01 9.413858071460782639e+01 8.933272138630916004e+01 9.149477148702086993e+01 9.967373569831694624e+01 1.036561857314757589e+02 1.088252083408135462e+02 1.060252350818914664e+02 9.795501677174782174e+01 9.220589548175333050e+01 1.115786393781245636e+02 1.051657307381549771e+02 9.354288993957719356e+01 8.094629250829765965e+01 6.085658739242413873e+01
5.001202446392439237e-03 1.155200658623900978e+01 2.569414220997032317e+01 4.569414221731096148e+01 5.664786906669932876e+01 3.674452139927902294e+01 2.261523858716038049e+01 4.257407571335793506e+01 5.780678692345165359e+01 4.618940892477619542e+01 3.788889078250885944e+01 2.366733403923672086e+01 4.365966212897657783e+01 5.911930101913036140e+01 6.131322940675875799e+01 6.362177340979329898e+01 4.363026298880616594e+01 6.362177340979328477e+01 4.542380820023242904e+01 6.251026929160307333e+01 6.609538534206568272e+01 6.414774578540165351e+01 6.580828157011289647e+01 7.979424600974222415e+01 8.580555231798690841e+01 9.392595988567467202e+01 1.021656426140401521e+02 1.157236082938056398e+02 1.009427117160889367e+02 9.226418724215794498e+01 1.008960571530623014e+02 1.115742556747205896e+02 1.187019634996590440e+02 1.070832176337522981e+02 8.673705237307758864e+01 7.507069017318133319e+01 6.661831048749822060e+01
5.279685921607564503e-02 1.419493248294715038e+01 3.419493248294785559e+01 4.754378429740271628e+01 4.290759462982152428e+01 3.799517242120940352e+01 1.802975795810865023e+01 3.799520462298506374e+01 4.364975235579789370e+01 2.949266711694328080e+01 1.789758668686464915e+01 1.992667472204391999e+01 3.991833290302256643e+01 3.911871250202918304e+01 4.131251012560539948e+01 4.943350174861628687e+01 3.760478823513710722e+01 5.487554667421952814e+01 3.910488403271124014e+01 4.253312519973114547e+01 4.612189413579175579e+01 5.003813718759310802e+01 5.429250522505892462e+01 5.982348353802403551e+01 6.583536705465012062e+01 7.397839424807484932e+01 8.806342451851406850e+01 1.002789826130341169e+02 9.044102503757527245e+01 7.131478757623176534e+01 9.044102581675322483e+01 9.626411288495481244e+01 1.071139502692332854e+02 1.147831491316228352e+02 1.005686193160501460e+02 8.084288874906886235e+01 7.422869591888567697e+01
5.738623160518319517e-05 2.000005738623125140e+01 3.670331823322791109e+01 2.678463316781523318e+01 2.102250773203119749e+01 2.753520591372649662e+01 1.376824414468703139e+01 3.123764813246677718e+01 3.291750892329573475e+01 1.535940868262897041e+01 3.535038468893280594e+01 3.991833264481233812e+01 2.284188283679366194e+01 2.498483063784746250e+01 2.717914018058222680e+01 2.944301204827254992e+01 3.200326640333602768e+01 3.488961358479577513e+01 5.487554667421968446e+01 6.251026929160307333e+01 5.764391028979662934e+01 7.000913228747415928e+01 6.840055953034944025e+01 7.058837873576561606e+01 8.580555231798690841e+01 8.580555229284871643e+01 1.021656426140401521e+02 9.151682634552267359e+01 7.006715049649545790e+01 6.050367352399886300e+01 8.062344034530957515e+01 7.253619931946495569e+01 9.201903681564942872e+01 1.038457352123510304e+02 1.089459619309233034e+02 1.007765821469940306e+02 8.430873439269700498e+01
4.532054705376769438e-02 2.004531427170257984e+01 1.709002664265705818e+01 2.444819930452037937e+01 6.562747048202277611e+00 8.074556558227548919e+00 9.599429030378189509e+00 1.125437643186309167e+01 1.292637204576419130e+01 3.291750892677160323e+01 2.689912510138653090e+01 4.689507314634753499e+01 3.100325065806232416e+01 4.497674925096627874e+01 4.131251012560539948e+01 4.098293645455724032e+01 5.199198488086741321e+01 3.418089504894825836e+01 5.964313651633571567e+01 8.034031916239320026e+01 7.764031496291551093e+01 8.596934122611364160e+01 8.841694263586948921e+01 9.061440159022960472e+01 9.894378322099669276e+01 1.058137652650423917e+02 9.605296345977505723e+01 8.744095659468980841e+01 7.384765646490291147e+01 5.262232347814706657e+01 7.384765644057928569e+01 5.973459089064994032e+01 8.140902341928337194e+01 8.313106638878048216e+01 9.782546105799373493e+01 1.126483052573046280e+02 1.043566728135818238e+02
9.001595176218035732e-02 1.537165151347499092e+00 2.988117492221410210e+00 4.454587445822657088e+00 2.187349740441784718e+01 2.798212281639723287e+01 2.373528962581043800e+01 3.124532603086220917e+01 2.292034104457481192e+01 4.120945222137230246e+01 4.103260816736334249e+01 4.689507334575367992e+01 4.513458884956611428e+01 4.732213139936607149e+01 6.131322940675875799e+01 5.511030535541016206e+01 6.820489587184925995e+01 5.344920223429549822e+01 5.061472417415207303e+01 6.606118328904759096e+01 8.625623548752453473e+01 7.888912772893021952e+01 8.734939033721617818e+01 8.912075488107120691e+01 8.062341002561964842e+01 8.912075352273781448e+01 8.395392400248096010e+01 6.641651253360157625e+01 6.818855955427888205e+01 4.692722437981926475e+01 6.818855955427888205e+01 5.008535216087671671e+01 7.192165770991007889e+01 6.824843018408442674e+01 8.736838704566547165e+01 9.659160355333851555e+01 9.406792244546913651e+01
5.674351268809080251e-02 2.005674351268773492e+01 2.298386244451758031e+01 1.854240777699587639e+01 3.176906020108277318e+01 4.198585916296492826e+01 4.376543453935038031e+01 5.120023835522020050e+01 4.291322808181764970e+01 5.121226417263848418e+01 6.104865412857820672e+01 6.693165078721189332e+01 6.514595579254947211e+01 6.734165553444863406e+01 7.567831343355878460e+01 7.514109775476083541e+01 7.650567383015383882e+01 7.459661666443163597e+01 7.197617713153515240e+01 8.034031888253097975e+01 7.543658942496492159e+01 5.816910778214215583e+01 7.543658980458410213e+01 7.875146585275552980e+01 5.979198558003366060e+01 7.875146575251358172e+01 7.452486387696303893e+01 5.413668983441964855e+01 6.304219203182264408e+01 4.183891854268595978e+01 6.050450434860010063e+01 4.259263309834641831e+01 6.394302879997134426e+01 5.750268375140947086e+01 6.677796182262133584e+01 7.596410471550336752e+01 7.304343605311687782e+01
9.518805923843161321e-02 1.423744716956800005e+01 3.423884256106672552e+01 3.813561950318857185e+01 3.256490478340646888e+01 1.964485594429334370e+01 3.148596909847928771e+01 4.416864341799585247e+01 5.062644408715950561e+01 5.072205178543962489e+01 5.849885892147368338e+01 7.045390539465418556e+01 6.200840020773608074e+01 5.934585258098894656e+01 6.780177002694595956e+01 7.040301760529133901e+01 5.595663849714068760e+01 6.198396618400736457e+01 6.198205072524950765e+01 7.043161338205800348e+01 6.692641863474418074e+01 4.615576470491163263e+01 6.692641863474862873e+01 7.020769778723783361e+01 4.929258599662673390e+01 7.020769778723712307e+01 6.583685083049246600e+01 4.467813883536730657e+01 5.525753920467265345e+01 3.710717152429331378e+01 3.932640041857670354e+01 5.985270138223053493e+01 4.613406094262626311e+01 4.870231982346286514e+01 5.156342390793786734e+01 5.455858451246346874e+01 5.783316885307745281e+01
9.062254805971975413e-02 1.986565936129220589e+01 2.162305568171410641e+01 2.159451411605869708e+01 2.153650665558861377e+01 3.508573839507998837e+00 1.712417583211002636e+01 3.172234638475460500e+01 3.204659276598120243e+01 3.205532886224669653e+01 5.072279792977880675e+01 6.200839395092953055e+01 4.149093139815685305e+01 3.882891396029609865e+01 4.968361820039874743e+01 5.816828464962232204e+01 4.139622609084592852e+01 4.139638219141810538e+01 4.139636959823833706e+01 6.198201766172343952e+01 5.958288282210742892e+01 3.888019512040412451e+01 5.958288351292333829e+01 6.323599384983253913e+01 4.236343562373377836e+01 6.323599384983298677e+01 7.020403631872594019e+01 4.906503261585059761e+01 3.429011331680571573e+01 5.525753920467265345e+01 6.050450434859966720e+01 6.863980589452125969e+01 6.744396633504972272e+01 5.834153008497949600e+01 7.295596342233589837e+01 6.341091114467548806e+01 7.924208793746859669e+01
3.063233560239582431e-02 3.365192979381170235e-01 6.424387232083822452e-01 9.484582956612696014e-01 1.254575909878718365e+00 1.560793853612379989e+00 3.610437291203489441e+00 2.305956176290753135e+01 1.828577234456454548e+01 3.752143008067439212e+01 5.151075445371804307e+01 6.260481506001012519e+01 4.750034637785076796e+01 2.698641881289301736e+01 2.915959294143585723e+01 4.631024837503383651e+01 4.742150413406766063e+01 2.689164723363048282e+01 4.742576185909511821e+01 5.379002823436238145e+01 4.524772731204693343e+01 3.270745107560932041e+01 5.334078800295144163e+01 4.935375661755570320e+01 3.642333761358847966e+01 5.721060529280619278e+01 5.935915339296887794e+01 5.067744329204765563e+01 3.240739711720613769e+01 3.968595081310854056e+01 4.906911831639732924e+01 6.130587118356410059e+01 8.175859015862880597e+01 7.071237519907650437e+01 8.810982812206394499e+01 7.576458874228289631e+01 8.472916424887539222e+01
5.666595628964066211e-02 1.695573032785577894e+01 1.872523914892211749e+01 2.019642212692858152e+01 2.090617308869758872e+01 2.141085242748916428e+01 1.994390826059634136e+00 8.316749117087056220e+00 2.792103069443704655e+01 2.404161984320838741e+01 3.543203368210905069e+01 5.473799172263144186e+01 5.346242928542744721e+01 3.782168766609146360e+01 1.712712458851810027e+01 3.372385119277281973e+01 3.496528358150876414e+01 2.109365918959105457e+01 3.750067994161390317e+01 3.879371670689511831e+01 2.462465668620513881e+01 4.144580690686963464e+01 4.280763583391812688e+01 2.866407264661933851e+01 4.562089643559657048e+01 4.707279336366691780e+01 4.854506116205414656e+01 2.982553548813901045e+01 5.067801342607034343e+01 6.074305563947721964e+01 6.925471810738437739e+01 7.843773455280212659e+01 8.996888597236721807e+01 9.164351194467916173e+01 1.002606367818038962e+02 9.688931577555769081e+01 1.059696693807333929e+02
2.110006612196471329e-02 8.861390228732219043e+00 1.945647903190474892e+01 3.365230770064881938e+01 2.462920591799977288e+01 2.643568136061543505e+00 2.301412546705363660e+00 1.582463324622729850e+01 1.264410971584013055e+01 3.227079869835811365e+01 5.134737703610746706e+01 5.103738290327481764e+01 3.918316633265919080e+01 2.473968874046919453e+01 1.156609755673155249e+01 1.283483356854788759e+01 1.409748471469504061e+01 1.536989298903676016e+01 1.668481935197788246e+01 1.801107199316687257e+01 1.934084728449232671e+01 2.071785746980944509e+01 2.209315858195987659e+01 2.346960072589889990e+01 2.489722584739802613e+01 2.632508457794097012e+01 2.775689372344695371e+01 4.854506064087260597e+01 3.330496301524327407e+01 5.452246594552302383e+01 6.218460362652191975e+01 6.600282934369302268e+01 7.040178765500559166e+01 7.521335853588355747e+01 8.053291679715896123e+01 8.696380997710041072e+01 9.471871412540792790e+01
9.367352646185668485e-02 2.005450990910046727e+01 3.407064180970832723e+01 4.071315005577960733e+01 3.295539924198654802e+01 2.419037500984027389e+01 2.043718393224677499e+01 2.735154842967705502e+00 1.988989877833552100e+01 2.665224446423873772e+01 3.476107916225583239e+01 4.264401318915506067e+01 2.206602200087066734e+01 9.773892281654248393e+00 1.274287473951708094e+01 3.345787788707229282e+01 3.496737997411581489e+01 3.621776182313671200e+01 3.146444426764358226e+01 3.879371694606425081e+01 2.977286256154960142e+01 4.144580690685153002e+01 3.673670393670872159e+01 3.540651227372207188e+01 4.562089643617455437e+01 4.707229500551081003e+01 3.257024510477986468e+01 5.479902509140872979e+01 5.452246594552322279e+01 3.687820075227924832e+01 4.004883396931782613e+01 4.337646707723858697e+01 4.698114301219798961e+01 5.118968415456903642e+01 5.583349236332156806e+01 6.126050621890363601e+01 6.731179669684580347e+01
3.648181865326004941e-02 8.978843942882070550e+00 2.050809711758306975e+01 4.035575265080067453e+01 4.556667012484948032e+01 2.692652231362134074e+01 1.402927576477450344e+01 1.230473327709343501e+01 3.169169349049471673e+00 1.196466051983628454e+01 2.508621391310431292e+01 2.696049176648016399e+01 2.804541095971222120e+01 8.561274401839867210e+00 2.959774995101182071e+01 1.690864577900626742e+01 3.735142365711076451e+01 4.963172580173690562e+01 5.207513642895957418e+01 5.895150153093369738e+01 5.041105604629613879e+01 5.895150145023269772e+01 5.746416195753520384e+01 5.616797183774669833e+01 6.474989034771783736e+01 6.474886428594227539e+01 4.408134134558945050e+01 6.475919974695422354e+01 6.748515724621286438e+01 4.944776201540848604e+01 4.395489908245151156e+01 6.598926849121097860e+01 5.751328412760274489e+01 7.448742294429375477e+01 6.932553638502342608e+01 8.562644389670759892e+01 8.579310426116633437e+01
