MOVIE_S9_data/elevation_000198.asc
nrows	100
cellsize	150.0
xllcorner	0
ncols	100
yllcorner	0
NODATA_value	-9999
[rows 51 to 67 of 100, columns 37 to 73 of 100]
4.792632806875656115e+01 2.413866705766416842e+01 2.323727722214320579e+01 4.268958476510030664e+01 3.949709409334480625e+01 3.949952519245949389e+01 5.953466481364753804e+01 6.665554108194379523e+01 4.699118402071759704e+01 5.862761728100174707e+01 5.388895869683860695e+01 3.662328825715724889e+01 5.671959248409864784e+01 6.708273440757820083e+01 7.874393193013155212e+01 7.584330296850072273e+01 7.207566875768728210e+01 8.406016079265815222e+01 7.587387271513728138e+01 6.869255717395736838e+01 4.888891392974755234e+01 6.869255717395736838e+01 8.461125962031347569e+01 9.446932287107119919e+01 9.320958404512465734e+01 7.373583997815494229e+01 7.943948748627596501e+01 7.208772942860547062e+01 6.813537757708738241e+01 4.545619695911839386e+01 5.605675161722442112e+01 4.948524673435435517e+01 7.126456182903257286e+01 7.270128604416194662e+01 8.316758702079100374e+01 6.967819964196782223e+01 7.639900079002221389e+01
2.758816151796175831e+01 2.935453402389271815e+01 3.811153872180720725e+01 2.269846946936073451e+01 2.685257455163434770e+01 3.949918504596850966e+01 5.952824933545872454e+01 7.317382069129438094e+01 5.361986883569350937e+01 7.317382069129438094e+01 6.502199187460034580e+01 5.671959248409864784e+01 3.949656140004131544e+01 5.071303107624059692e+01 6.881399846647289564e+01 8.253397038315713985e+01 9.260735274407420548e+01 1.006871956607327689e+02 8.840785706697219837e+01 6.869255717395736838e+01 5.595726047754326515e+01 5.672209135695327831e+01 6.658650938539328479e+01 8.624925437681112328e+01 9.584335228763822556e+01 7.943956762856687703e+01 5.998979333830256877e+01 5.236518822684790564e+01 6.406521675563351437e+01 4.601446012434283261e+01 6.554595385677276909e+01 6.974525229348714106e+01 5.433872975944591843e+01 5.783076169778679798e+01 6.175362145452418616e+01 7.062857465140680802e+01 9.171709706013949415e+01
4.872171115232784899e+01 4.609305322792187809e+01 4.179181779461267610e+01 2.231172483842072296e+01 4.232700546297904509e+01 5.366689012180272300e+01 6.636347767328942382e+01 7.635490923058296175e+01 6.231964958496983797e+01 8.149100896815303940e+01 7.379416009644410224e+01 5.376054083893958335e+01 5.962825206775312381e+01 4.255263485848233529e+01 5.423406787299462906e+01 7.423514706797905660e+01 8.095999105196463574e+01 1.009852287712886323e+02 8.957601281251906755e+01 6.989257748990115715e+01 6.734512670619035646e+01 6.419238976443176625e+01 8.384639983016199949e+01 9.446932287113584437e+01 8.770489050819909949e+01 6.827942496696850583e+01 5.702670466237276514e+01 6.846544979382296958e+01 4.864256349068293162e+01 4.657590679758772012e+01 6.639877993329778860e+01 6.306398378006403505e+01 7.285738829541288908e+01 7.884350026210802298e+01 7.954055120581200811e+01 9.030612206394496866e+01 8.579163530510717806e+01
4.731051878078882567e+01 3.023716014065293223e+01 2.175630550077283587e+01 3.232074904954848904e+01 3.106657552437936332e+01 3.803492372792895537e+01 4.809468522372551291e+01 6.811806824416527206e+01 7.349062828319824803e+01 9.035696684713737170e+01 8.209682136980116240e+01 7.379416009644397434e+01 6.490887593827102364e+01 4.479380998818433568e+01 6.490887593827150681e+01 6.102060190615658541e+01 7.510795885209287803e+01 9.508804655633917946e+01 9.780575403608722240e+01 8.957601281251906755e+01 8.122743362226746910e+01 7.400149896401237015e+01 9.205894976106506533e+01 1.042546698781112582e+02 9.297917622301029894e+01 7.975791557108534846e+01 6.039448008869725015e+01 7.685435181638209201e+01 6.876108968733181825e+01 6.639611917300192090e+01 4.739096401554941451e+01 6.522650469501631676e+01 7.469233654495475605e+01 8.536178036722728280e+01 8.870800742409119266e+01 9.678325246606580379e+01 1.060224271924614499e+02
4.432656199561918697e+01 3.937528753966921613e+01 2.137245340122371573e+01 4.186353655463497603e+01 5.100415286222707323e+01 5.810636320610251460e+01 6.636347767333954550e+01 7.635584070145034730e+01 9.351758103235660258e+01 1.019929649992787688e+02 8.795547027887641889e+01 6.800530403001027935e+01 5.386036318267699130e+01 6.490887593827150681e+01 4.828876790933645680e+01 6.834921408132616705e+01 8.031848342450672362e+01 9.444264022523196900e+01 9.345177386830667388e+01 1.017981720381398105e+02 1.009803840719087447e+02 8.788885612723161955e+01 1.019349475285540763e+02 9.608962870071270856e+01 7.663546356696498663e+01 6.543812737952703174e+01 7.154225637277039596e+01 8.786493547253725467e+01 8.322254568377965711e+01 6.355645003682451488e+01 6.716281263365058862e+01 4.821030956179224347e+01 6.034504917767859666e+01 7.486310379142901184e+01 6.860810132806474826e+01 8.323912314541439628e+01 1.031723140326107853e+02
4.038199678087626410e+01 2.086022095939384258e+01 2.124101578243013577e+01 4.510465921526275679e+01 5.413949148467273176e+01 5.979663069889275562e+01 6.582702950138330777e+01 7.264378402343622554e+01 8.092852993081527302e+01 9.093909512791012162e+01 8.536071430063347520e+01 6.542381544315043129e+01 7.384857243850423458e+01 7.663643264918501075e+01 6.834921408132616705e+01 5.203612049970889331e+01 6.619432662382422450e+01 8.084689507845159540e+01 7.352171056516218073e+01 8.756587987783106541e+01 1.076615789668033045e+02 1.076996493418886871e+02 1.043725142013745426e+02 8.488498355253385341e+01 7.114446184915657057e+01 8.485776122419805745e+01 9.098071474480144616e+01 9.912591835568733245e+01 9.144606384736515281e+01 7.248432924026387525e+01 5.291606972908212470e+01 6.793443579193501591e+01 4.904155999827791135e+01 5.571828984538950635e+01 6.978812707638138590e+01 8.964456891577232511e+01 1.011199770065675381e+02
2.033015792060840710e+01 3.875857821818684101e+01 3.449867345670439533e+01 2.853671580654751949e+01 3.296800778503913421e+01 3.862978849290253436e+01 4.493739929042083503e+01 5.219390315980914608e+01 6.263926557300788289e+01 8.264924109985942380e+01 9.370597887962135530e+01 7.690481685880672558e+01 8.939709312409664221e+01 6.948797759649737316e+01 5.798934339768201340e+01 7.203047272163767900e+01 5.717031894933743530e+01 6.096781972209471689e+01 8.084689507845159540e+01 9.579814939506609051e+01 1.073725647495844129e+02 1.200920534196952048e+02 1.004221669718672132e+02 8.670658154336678081e+01 7.550404098415333465e+01 8.922343845284365216e+01 1.087356644467850231e+02 9.775923004689698814e+01 8.890959686589654609e+01 7.578744006602298100e+01 5.624262605256140546e+01 5.456687852269294581e+01 4.962971383492660493e+01 6.926723017119040549e+01 7.821915896135470803e+01 7.865029538712633439e+01 8.693827303428058428e+01
3.982195519050213051e+01 4.785461580400195913e+01 5.023918465056389948e+01 4.802285283021103623e+01 4.807239340880844480e+01 5.034785624804345616e+01 6.582702950138330777e+01 7.264378402343622554e+01 8.092852993081527302e+01 9.093418778275980685e+01 1.053244667440886673e+02 9.692039357098856556e+01 9.773132357640487555e+01 8.246182656315252757e+01 6.258844398680697196e+01 8.246182656315252757e+01 7.125296097121999139e+01 7.500439296957343061e+01 6.760329583915149954e+01 7.902115305998509598e+01 9.900825137255750974e+01 1.165859416926719661e+02 1.036343210308117762e+02 8.418973350510010789e+01 8.670658154695527742e+01 1.030942938753541114e+02 1.035428641076497058e+02 8.372153183208315852e+01 6.977423273794261149e+01 6.106976960869577908e+01 7.578744006602298100e+01 7.677980418252307970e+01 6.351438355703057681e+01 5.045729264289531102e+01 7.004970586986100045e+01 6.085291896820801583e+01 7.782547135503671143e+01
3.361318314206769742e+01 5.357709746712659182e+01 6.165469557547886126e+01 6.944811892626175620e+01 6.895792698157264056e+01 7.101035407664198829e+01 7.934356636943965668e+01 8.966994074607895016e+01 8.613813206378729603e+01 9.109744418721051318e+01 9.115050002790083283e+01 9.969648590675231503e+01 9.878233121178394072e+01 7.879387684484993315e+01 6.810551010406024375e+01 8.797172252808042003e+01 9.118221024055189616e+01 9.495194290789871161e+01 7.567132350787611017e+01 7.817088389347875932e+01 8.808390140987889083e+01 1.082074279912395554e+02 1.105330708810485731e+02 9.102045967780013314e+01 1.061833609777286682e+02 1.144001429922527393e+02 1.090458552679918114e+02 9.775923004689634865e+01 8.463438248993665525e+01 6.492912113258020668e+01 8.463438248993665525e+01 9.137162869447158187e+01 7.751431300292107096e+01 6.654878631370293363e+01 5.127910046742239558e+01 5.186401917414992369e+01 7.139194287271192252e+01
3.913423735828487793e+01 5.154791465571351239e+01 4.186844793952653987e+01 5.163767900495435015e+01 6.528376914366681660e+01 8.375325311416325746e+01 8.392162643176210679e+01 6.969004785306556471e+01 6.624356769215921759e+01 7.113166756399370172e+01 7.113267804171111663e+01 9.115184883120745951e+01 1.071372513837637541e+02 9.630322292100102288e+01 7.952121196609348885e+01 7.867067206048720607e+01 9.865241155248237703e+01 1.039661672095210889e+02 8.556278177632911763e+01 9.814566423654397909e+01 1.065089542151136897e+02 1.165860097754173381e+02 1.187760948011136719e+02 1.006929477740228833e+02 1.187760948011136719e+02 1.148372687118095712e+02 9.498135122463581581e+01 8.098366076745989517e+01 7.110727010439933338e+01 8.463438248993665525e+01 9.285955698435343209e+01 8.921567456624812564e+01 7.576301792611258179e+01 5.626644629286056443e+01 7.083210272747894010e+01 5.767349439657775179e+01 5.268572197069967444e+01
2.578896933477631848e+01 3.109518669817178349e+01 5.154938390787920355e+01 6.948799821734080240e+01 7.867946741792580667e+01 8.070217592487938418e+01 7.398309473739317355e+01 5.581121380726906267e+01 5.236632345573941905e+01 5.730511555189901429e+01 7.699281715490283773e+01 9.612628562617349814e+01 1.078927874717366677e+02 1.078810978514468388e+02 9.951533463070320806e+01 9.865241155247987592e+01 9.274461479429612609e+01 1.129150946098393717e+02 9.972201247437243410e+01 1.140313129225854425e+02 1.247749336884173914e+02 1.329575866499192500e+02 1.286660963124313071e+02 1.203731939880743909e+02 1.286660963124313071e+02 1.126935537874034594e+02 9.284754822112014949e+01 7.885069209498475118e+01 9.089033778870414437e+01 9.912437125484083822e+01 9.504122903325735194e+01 8.099861506093751018e+01 6.140880459581784123e+01 7.576301792611258179e+01 7.971372854645539974e+01 5.986087212716811479e+01 7.218554378019128137e+01
4.516054613764805481e+01 5.114606149373008037e+01 4.104556544272173113e+01 6.953815743935867033e+01 7.398796834408524603e+01 5.972255261245625491e+01 6.038413777434607965e+01 4.587336159283035641e+01 5.987623018432017119e+01 7.699281715490283773e+01 6.772675916935148166e+01 7.907086181490583954e+01 9.932986299620947079e+01 1.027834240864318929e+02 9.418538144491607511e+01 1.027834240993310999e+02 1.129150946098393717e+02 1.212897961826549391e+02 1.199702101496438473e+02 1.214982324216175584e+02 1.048880160087750113e+02 1.214982324216175584e+02 1.205215355180144883e+02 1.287130980111890324e+02 1.241832505071188564e+02 1.042825120250143414e+02 9.027759875164645109e+01 9.027759875164643688e+01 1.069053269975928089e+02 1.008184044171350706e+02 8.100609238068715001e+01 6.710522640747646506e+01 8.099652493948158849e+01 8.921567456624812564e+01 8.569461239319325330e+01 6.563539692268999204e+01 8.569238375113484096e+01
4.144724145213050548e+01 4.239209112556925163e+01 5.274108880746475592e+01 6.871859737825231207e+01 6.368560109856193918e+01 4.548493930628092130e+01 4.045878376950272326e+01 6.038413777439811980e+01 7.398309473742180842e+01 8.808995929052363749e+01 8.763332321069687225e+01 9.612628562617349814e+01 9.662589570594029453e+01 8.806119231649194035e+01 7.379048191418762315e+01 9.076024801795414021e+01 9.934508809263513740e+01 1.096600960672467835e+02 1.276747972652305094e+02 1.132932164127235239e+02 9.317507742996454567e+01 1.132932164127240071e+02 1.005460203678775741e+02 1.160790921993972802e+02 1.242771357088499542e+02 1.183767626036285208e+02 1.042825120250143414e+02 1.042825120250143414e+02 1.052530405344914755e+02 8.542003139490672936e+01 7.402194693883838283e+01 8.100609238068715001e+01 9.504049215566800513e+01 9.715117591093316207e+01 7.730782581634331052e+01 7.988697251156926882e+01 9.175940957606509585e+01
3.073128184183585532e+01 4.701037440317465155e+01 5.632147812827385991e+01 5.737837805582822170e+01 5.538608888652206730e+01 3.538619476358151417e+01 5.540293338385273358e+01 6.867205734424966579e+01 8.097474514950872049e+01 7.502720826376045693e+01 7.811160123009348411e+01 8.131692622630279743e+01 8.484984419725715554e+01 6.778057836700395455e+01 6.378561682879632855e+01 7.044329900272934708e+01 8.048484773710427476e+01 1.010356482988071036e+02 1.182570276125946265e+02 9.941005210915062662e+01 8.586939600157110419e+01 1.007270777968301303e+02 8.875198975759795417e+01 9.602433973720808069e+01 1.102713334626612891e+02 1.301002621086159934e+02 1.241832505071188564e+02 1.241832505071188564e+02 1.135190509759756878e+02 9.380244908622182720e+01 8.099228897277549777e+01 9.380244693986919913e+01 1.090763656858275539e+02 1.053574221758540688e+02 8.879995937398066985e+01 9.971549535843386991e+01 9.264564915298090853e+01
2.838596040074530080e+01 4.628296136554904905e+01 3.618276380062916076e+01 3.863452457257450590e+01 4.780807890859669129e+01 3.218243953047122119e+01 5.223490626400263181e+01 6.845920743854951240e+01 6.079996577742534214e+01 5.490688385278589578e+01 5.797213481187268513e+01 6.114021888198367805e+01 7.039665210271117246e+01 5.618858394985391413e+01 7.635217439341434442e+01 9.076024801795414021e+01 9.934508809263513740e+01 1.096600960606160982e+02 1.100219998528507546e+02 8.979540952659708353e+01 7.896148070795531737e+01 8.030577798387980692e+01 1.007270777968301303e+02 1.160790921993972802e+02 1.160790921993972944e+02 1.358798858530350060e+02 1.335660509057088063e+02 1.393301637377939528e+02 1.219539147671106889e+02 1.090661182179985502e+02 8.983708293459400807e+01 1.090661091928107709e+02 1.219532540871355053e+02 1.167803805169361624e+02 1.085591498486211890e+02 1.104080727104142596e+02 9.265305265619510067e+01
1.736391878508019104e+01 3.911620374582897597e+01 2.169200102729930535e+01 2.467290810230041131e+01 2.774166657480742160e+01 4.785506664561768275e+01 5.186982046069483943e+01 4.834132300494429302e+01 5.668357732384439629e+01 4.051529560321532131e+01 4.360263177190217476e+01 4.680543601481186755e+01 5.016487743794343857e+01 7.039665210271117246e+01 7.275809247336617602e+01 8.759547680995926555e+01 1.100562402416699967e+02 1.168297764999257566e+02 1.078377663179669668e+02 8.757108426708938964e+01 7.305189332703008631e+01 9.350705800763969933e+01 1.089976803469090925e+02 1.136464739617415205e+02 1.218619222920543734e+02 1.278102128309465542e+02 1.138867327881209235e+02 1.196506707328840804e+02 1.196506692521354438e+02 1.179591148248831871e+02 1.038519959170709228e+02 1.179591276558173689e+02 1.242192311855257714e+02 1.156370129176250856e+02 1.156370122315886988e+02 1.072589017477813087e+02 8.824562403374964958e+01
2.144959059862344475e+01 1.929377294718559810e+01 3.961430307344868140e+01 2.480602164676034249e+01 2.704611333912241733e+01 2.931325679758104030e+01 3.160822281458030858e+01 3.395805922645966746e+01 3.639683076574423382e+01 4.153909086361974801e+01 6.173173692708211746e+01 6.704983964111119121e+01 7.039665210270972295e+01 5.909548478832422802e+01 6.883531679565889760e+01 8.314463743836287790e+01 1.076759048312437130e+02 1.003001221551868980e+02 1.011218761798777308e+02 9.004950411544179190e+01 6.966505168575379514e+01 9.004949756174224262e+01 9.941721341406469037e+01 9.352326071267648899e+01 1.136464739617415205e+02 1.196506716156351189e+02 9.984995062079282491e+01 1.071275960841917936e+02 9.984995062074929706e+01 1.196506707328840804e+02 1.237659716759227422e+02 1.293970491962406584e+02 1.156370129736453265e+02 9.362105479050705981e+01 9.362105479037047928e+01 9.471777574960134416e+01 8.715134261778921143e+01
