MOVIE_S9_data/elevation_000712.asc
nrows	100
cellsize	150.0
xllcorner	0
ncols	100
yllcorner	0
NODATA_value	-9999
[rows 34 to 50 of 100, columns 37 to 73 of 100]
8.954279154755954551e+01 1.095576721215308282e+02 1.006562935883185048e+02 8.033895714867975357e+01 8.979628106169474222e+01 9.815090999705219588e+01 9.395246753893478342e+01 7.355955655613064437e+01 5.902887391988753052e+01 6.046940511901098603e+01 8.096665809025613214e+01 9.011656989801852546e+01 9.921706314064988419e+01 1.108981428399774103e+02 1.163958579559738382e+02 1.047498659508542573e+02 9.346900595410794210e+01 7.285904564816775064e+01 5.806053327799188679e+01 6.494890805914867826e+01 6.778294085866428986e+01 6.641957027737683461e+01 5.883228485885409498e+01 3.893995108234511804e+01 5.644232261069658563e+01 5.568633463482335344e+01 3.668317453384423033e+01 5.614365087955413003e+01 5.883810779103967548e+01 4.049578368661074990e+01 6.063995791182001227e+01 6.270781053493947610e+01 8.331244104855161936e+01 8.446898466441247422e+01 8.199377867069962633e+01 7.064184775711311204e+01 8.531137893459211341e+01
1.062606558932470762e+02 1.177942762095850213e+02 1.089731564450947303e+02 9.212024353470795290e+01 1.089731564450947303e+02 1.118903237238734221e+02 9.167652269443682655e+01 8.333841930032488676e+01 6.284292658681404475e+01 8.096665809025613214e+01 7.146389631784560947e+01 8.172624282966557985e+01 9.612576694562392277e+01 1.162899324390801183e+02 1.122238355419468974e+02 1.039293328255943720e+02 9.039051062425241412e+01 8.197075113994776530e+01 7.102066213391525196e+01 5.028913056221581002e+01 4.710944566877393669e+01 4.403213398164711379e+01 4.115536249714571682e+01 5.883228485885409498e+01 6.722436840157395466e+01 6.482427337999212114e+01 5.645419343900936582e+01 3.743947130462305495e+01 3.874725741778756571e+01 5.265988944318135623e+01 6.181049649198815388e+01 6.504574503123382101e+01 6.850104963630428756e+01 6.491233819692338614e+01 8.446898460640885276e+01 9.117708094964639542e+01 9.173541400849448735e+01
1.062764641304427045e+02 1.121008090227016254e+02 1.095201797761118456e+02 1.123167933450135365e+02 1.205999464891675217e+02 1.060052413091292323e+02 8.574137311280335894e+01 7.125242395628930581e+01 6.816244601480688914e+01 8.862072394909756667e+01 9.187897855542476577e+01 1.002277298050642429e+02 1.103465291702602968e+02 1.123423697492160329e+02 1.039293328255943720e+02 8.357961109277347589e+01 8.197075113994776530e+01 6.110383556342597444e+01 5.646274908781268920e+01 7.102066213391525196e+01 6.418538728491698464e+01 4.417499183509982430e+01 6.130293922609340029e+01 5.534444246457180583e+01 7.568802291911488567e+01 6.669042683621555057e+01 4.657508725625871904e+01 5.694135751430831505e+01 3.825247580384606749e+01 4.041937382098578979e+01 4.261600071037501181e+01 4.490686053426131252e+01 5.143725970431272287e+01 6.847014667156859957e+01 7.384308543333665398e+01 7.669808769614762411e+01 7.091931050245285917e+01
8.674945530969043261e+01 9.246878377699921714e+01 8.990103229955209940e+01 1.038348091955380283e+02 1.151872089130256853e+02 1.060052413091292323e+02 8.574137311280335894e+01 8.310107608065850116e+01 8.862072394909756667e+01 7.656953198886522216e+01 8.838520625042862378e+01 1.086138014356256605e+02 1.156486076153688600e+02 9.557368694375954021e+01 8.375245006964335914e+01 7.585284134046453630e+01 6.881092067821971625e+01 8.197075113994776530e+01 7.730476696896863587e+01 6.747048669850202884e+01 4.748800692586984695e+01 6.418538728491698464e+01 5.680224804809901684e+01 7.568802291911488567e+01 8.407274923202811578e+01 7.410214435119864618e+01 5.407782044148641631e+01 5.864031012618941929e+01 3.884244306542483116e+01 5.865993502116926095e+01 6.265568763799695517e+01 6.133849894895720212e+01 4.837129327011182767e+01 5.085705200443761953e+01 5.341464091338469444e+01 5.611050614789774471e+01 5.901917468870423988e+01
7.339320726853867427e+01 8.539287915028373277e+01 7.646299382860367189e+01 8.737962224906490860e+01 1.069412703528511628e+02 1.143083489358244123e+02 1.060052413091292323e+02 9.748934767523266487e+01 1.041036008967183619e+02 8.382721682763973092e+01 1.041036008967183619e+02 1.169080873450831746e+02 1.239110496166973974e+02 1.123423697492160329e+02 1.040583467616548177e+02 9.638343921947897286e+01 8.953990659314074207e+01 8.309623458863030976e+01 7.084310536683557302e+01 5.089042408649442706e+01 6.747048669850202884e+01 7.581527372119420249e+01 6.834703335728877960e+01 8.524008416626578821e+01 8.804138960775205192e+01 6.832861842173177536e+01 7.410235147346355689e+01 6.039946899837671168e+01 4.508629889233748855e+01 3.966869118004083106e+01 6.888721103139377533e+01 7.878189040619201933e+01 7.536807916115431283e+01 6.505420602904708005e+01 6.776644236914212627e+01 6.791279372730913622e+01 7.971723104580220820e+01
6.490439537730223662e+01 6.635993123915505976e+01 7.581227971712624480e+01 8.923201794271419374e+01 1.088345907301159059e+02 1.068220067482199198e+02 1.150029560526688641e+02 1.176381683489581178e+02 1.124091542562352544e+02 9.558589923963631918e+01 1.124091542562352544e+02 1.250827430101124236e+02 1.168223788584676868e+02 1.078031408390618822e+02 9.611929408717496415e+01 8.777241346017520129e+01 8.320969453054661358e+01 7.472969832719506655e+01 5.472223650879406875e+01 5.596991006689624015e+01 7.602002176280004164e+01 9.265051534828079127e+01 8.855989100175155215e+01 9.689456526424899607e+01 9.588805125549677655e+01 8.804138960775205192e+01 7.711550193226553063e+01 6.002560346187117801e+01 4.048883310610248998e+01 5.975631898214433591e+01 6.927309286650672959e+01 7.051714412690574818e+01 8.997923393796706648e+01 8.574091758022720455e+01 8.851339940582339239e+01 8.869902243729515590e+01 9.726161757435436073e+01
5.892604655218772081e+01 7.819910102324190859e+01 9.348923542506659601e+01 1.031570835272403599e+02 1.037251342593227008e+02 8.737804724893094033e+01 1.037251342593227008e+02 1.078079619008533427e+02 1.159847410317685359e+02 1.157389977421494223e+02 1.240154833802319700e+02 1.168223788584676868e+02 9.677307031633515066e+01 9.950484419764535460e+01 7.918367806406423881e+01 6.736731408242597752e+01 6.291238170247206796e+01 5.945176433121178405e+01 5.959874286823389156e+01 7.602002175110141025e+01 6.402471679230308155e+01 8.429555743591906491e+01 9.602451687938254565e+01 1.161375849855097044e+02 9.823022395527225115e+01 8.386633795114576628e+01 6.863879677400849744e+01 5.038146162289243790e+01 4.106685926015394017e+01 6.063927544696707628e+01 5.245255713682942655e+01 6.947492295100900606e+01 7.782259871873770862e+01 8.621330566068063206e+01 8.412595515563384652e+01 9.268830569701424338e+01 1.037206907117105317e+02
5.520715871593107238e+01 6.906151485743164642e+01 8.824537974841624077e+01 1.018629199458699901e+02 9.375570064363779466e+01 7.651334343584215958e+01 9.194287535442899184e+01 8.837727851893633613e+01 1.045855325270203195e+02 1.127705152197274288e+02 1.226300804827181423e+02 1.142332410962492162e+02 9.416247143628244487e+01 8.237469638370855307e+01 7.508993199991259360e+01 7.243714093117941388e+01 8.320969453054661358e+01 7.962160264539753030e+01 6.468919618229351443e+01 8.502369456981070073e+01 7.570936320331342984e+01 7.570936320338903158e+01 9.602451687938254565e+01 9.987633278243542634e+01 8.813700684912494410e+01 6.950245194701813034e+01 5.522398350045031634e+01 4.534632011875496715e+01 4.146648824662590727e+01 4.185323763314576695e+01 4.246510191991512784e+01 6.170179556579775237e+01 5.744013412670273055e+01 7.765649832067497016e+01 6.364688613032714670e+01 8.083219580627044820e+01 9.538345528119782557e+01
6.995739889280103796e+01 8.271258532088872073e+01 8.806243482827861158e+01 8.341898777924171782e+01 7.466953539666714335e+01 6.883812739030926764e+01 7.298329953201070452e+01 7.812189261539987228e+01 8.517042703485107324e+01 9.474301865466993888e+01 1.144280463993707713e+02 1.224943460329497640e+02 1.097338778443460257e+02 8.957388335002178792e+01 9.547860902872595545e+01 7.968600348921188470e+01 9.999814801137576126e+01 9.068396905808447173e+01 7.027555919543900131e+01 9.068396905808447173e+01 9.011993888421855559e+01 9.602451687938254565e+01 1.043381814592476502e+02 9.152635484505913155e+01 7.112097432160416588e+01 5.937514297901749671e+01 5.050483353882659543e+01 6.534892083819646302e+01 6.948119038864440711e+01 6.152539322882934414e+01 4.503743613863034767e+01 4.334613037661433310e+01 6.307010354580474143e+01 6.528802505377616683e+01 5.296632566310852752e+01 7.208441148341960059e+01 7.681258571557923176e+01
6.921618916667591748e+01 7.217292161781080040e+01 7.316676759994186341e+01 6.012140260628112998e+01 6.355857782581234261e+01 8.273629800050191818e+01 8.377406900393091860e+01 9.724731241125402903e+01 9.151857979959862632e+01 1.110776963775213773e+02 1.226300804827181423e+02 1.288951706741299290e+02 1.180053248366680378e+02 1.097338778443460257e+02 1.082929853184195537e+02 8.992760910109225847e+01 1.082929853184195537e+02 9.787937702827926501e+01 7.752768995176542433e+01 9.068396905808447173e+01 1.102794046616793082e+02 1.103306810619447589e+02 1.002138638156236823e+02 9.133743501407269605e+01 7.093606011668563838e+01 5.657494007075553810e+01 7.063549044465678151e+01 7.904170112062864462e+01 6.920288944937566100e+01 4.881874758880452703e+01 5.868257727968266124e+01 5.703714224130893484e+01 4.420515718713869546e+01 4.480759487245665440e+01 4.540708348184515586e+01 6.538068096575565846e+01 5.218011494046992738e+01
4.923910537944022536e+01 5.228083181229734322e+01 5.541255545374038860e+01 6.577951888324447793e+01 7.459869798542506203e+01 8.984592169239417103e+01 1.031016723478049357e+02 1.112712369076220824e+02 1.110776963775213773e+02 1.192695829494911237e+02 1.230263451318366066e+02 1.089096992532514037e+02 1.199158566823531800e+02 1.192825108118220783e+02 1.183373430994220996e+02 1.100686869216594062e+02 1.183373430993984954e+02 1.061799360702215012e+02 8.779377943390616679e+01 1.061799360701674431e+02 1.191342879692460741e+02 1.020199968706546798e+02 8.171625254409711658e+01 7.142665973887221753e+01 6.369105960465749661e+01 7.691148447860133786e+01 8.531284071859518292e+01 7.350132638098043003e+01 5.288674785546683665e+01 6.920288961914467052e+01 7.209775704692282261e+01 7.073936296766875387e+01 5.376768719897162185e+01 6.187044934288680764e+01 6.187290891044018792e+01 4.626170603271069126e+01 4.687781290962803382e+01
6.609505415897108094e+01 5.432787047913975442e+01 7.402317612891198451e+01 8.027296313944675887e+01 8.828779757513930804e+01 9.836255194644411404e+01 1.037847490255576588e+02 1.117517968413076943e+02 1.228579874991653327e+02 1.247474892760194081e+02 1.047716555478050680e+02 9.478000278839336090e+01 1.003831906098309048e+02 9.968684164091293098e+01 1.139572558359431440e+02 1.232700602842593298e+02 1.149470070958287238e+02 1.162356590396973246e+02 1.079649746226524059e+02 1.162356590397919831e+02 1.202323173594582926e+02 1.103306967955271887e+02 1.002138638156236823e+02 9.137131538319830781e+01 7.092365394221113206e+01 9.137131538319830781e+01 9.421453178007909912e+01 7.350132638098043003e+01 7.350132638097989002e+01 5.728502652661890693e+01 7.809818382720968089e+01 8.171659488808322180e+01 6.730899355157831110e+01 7.233329781687417892e+01 5.339056707188162676e+01 6.633231252570112702e+01 6.701314483745990458e+01
7.141524881257545587e+01 7.321721751316391646e+01 5.965058796789326578e+01 7.901094322451636742e+01 8.834692443093537406e+01 9.278854614337086559e+01 8.473876694327483960e+01 9.565348740134828631e+01 1.148922589690453151e+02 1.211648089967919191e+02 1.047695392878057987e+02 8.479392038725704595e+01 8.633282850044311374e+01 8.567585887154393731e+01 1.042912412513815497e+02 1.116814788345649703e+02 9.488394888963134122e+01 1.116814788345649703e+02 1.145230029472796787e+02 1.086381580383879140e+02 1.001506531615085720e+02 1.086381631289962684e+02 1.169596646413746299e+02 9.971894338805176972e+01 8.279616405776712895e+01 9.971894338805176972e+01 1.009221892869469599e+02 8.489858756653042349e+01 6.393833554848120571e+01 6.182623371046841498e+01 8.278462189521579262e+01 9.481834063575533378e+01 8.247953587930501840e+01 6.233989570109373091e+01 6.757672962720987186e+01 8.180677434348059762e+01 7.365573839034743742e+01
6.197627753841648257e+01 8.190688984694051555e+01 7.775286795939271656e+01 6.514392407330394974e+01 6.943813931526771910e+01 7.394438984925390912e+01 8.327979258785329364e+01 9.416972543059928569e+01 1.133997726205160035e+02 1.129288533024075747e+02 9.294815144219508340e+01 8.296129827376350363e+01 7.478899684395737779e+01 7.568251743452617575e+01 9.569614077944575570e+01 1.033635950397135588e+02 8.334032193159440283e+01 1.033635950397135588e+02 9.446648962236241687e+01 8.859639236299028653e+01 8.599963161429135994e+01 8.859639245157110565e+01 1.086381631289962684e+02 1.113939341319431406e+02 1.030851899350330001e+02 1.069939929754583545e+02 8.653185826865056640e+01 7.163907244192274959e+01 7.884125673724381045e+01 8.278462189528136150e+01 6.901755498334287608e+01 8.997190447664776514e+01 8.959705873844977475e+01 6.946566403142675483e+01 8.770722421834480542e+01 8.846512423915473278e+01 6.752360019635609945e+01
7.246924939766569196e+01 9.149118647832146678e+01 9.148498909722435712e+01 7.475869262507654867e+01 8.834693590960047516e+01 8.719941564634233089e+01 8.719941564634233089e+01 1.062819007911724611e+02 1.213677509981617391e+02 1.211592016161005461e+02 1.111402402448213564e+02 9.969084667249266829e+01 7.967149765772553849e+01 6.814364004717668877e+01 8.297002684192440825e+01 8.733501881278735368e+01 7.627310022486177843e+01 9.628429894016372259e+01 9.382228290513643287e+01 7.445750728091981330e+01 7.445750728094589022e+01 8.859639221567012157e+01 1.086381286682597391e+02 1.206515632616414848e+02 1.197522711686929000e+02 9.957966211235093112e+01 8.499177393655239143e+01 8.031939284061326134e+01 9.952227780635925569e+01 9.535005593543040447e+01 7.452056490218220119e+01 9.535005593543040447e+01 9.792950845653497538e+01 7.954944681796857253e+01 9.792950845633204437e+01 9.689655075470575696e+01 8.846529365426989955e+01
9.100800708044009468e+01 1.043683307339110939e+02 1.016175141485375235e+02 9.368252608628820610e+01 1.016175141485177846e+02 1.062819007911553371e+02 1.062819007911719922e+02 1.142481314879402419e+02 1.178163815100957805e+02 1.095084890096503756e+02 1.177968516554979033e+02 1.079961581840295821e+02 9.622579894205890128e+01 8.279994911746534569e+01 6.287530664625737842e+01 6.737818202245431110e+01 8.733501881278731105e+01 8.897739262493912804e+01 8.068052368949854269e+01 6.557194759899445557e+01 7.036704576383870346e+01 9.036987500309668064e+01 1.042550912549734647e+02 1.005700682625590900e+02 1.206515632616414848e+02 1.138101660277604168e+02 1.054880825107280202e+02 9.079198296870782769e+01 1.092833689895853411e+02 1.012993491552757206e+02 8.069039290347930660e+01 1.012993491552757206e+02 1.079818979611323471e+02 9.964467065893087749e+01 1.079818979611442415e+02 1.029050965934604847e+02 9.123476222521003365e+01
1.155137390868729881e+02 1.075047048578321380e+02 9.929346334921791595e+01 1.075047048578321380e+02 1.060843617604870843e+02 9.787802052842681633e+01 1.060843617604870843e+02 1.130455784330648896e+02 1.047864181554018472e+02 8.977606329428958531e+01 1.066034298461044472e+02 1.036507213708452326e+02 8.315755428310039576e+01 5.631918539661956657e+01 5.979261138711825652e+01 7.558098027942624242e+01 8.386371226171580417e+01 7.612651441863950197e+01 6.083005736343577752e+01 8.068052372707276731e+01 8.450263868613157570e+01 7.820488570478327972e+01 8.423948777558470624e+01 9.422651338812869426e+01 1.083905694722687372e+02 1.285108702201766278e+02 1.193966438284064253e+02 1.110995299270305878e+02 1.193966438284064253e+02 1.096280787549018356e+02 9.008011575371060076e+01 9.759589537357373956e+01 1.177778287697700250e+02 1.132871790991180063e+02 1.051554795112424188e+02 9.470034927648403311e+01 7.431873243895846315e+01
