MOVIE_S9_data/elevation_000291.asc
nrows	100
cellsize	150.0
xllcorner	0
ncols	100
yllcorner	0
NODATA_value	-9999
[rows 51 to 67 of 100, columns 37 to 73 of 100]
5.065101472254694670e+01 6.460383490262667294e+01 8.378810923133951860e+01 7.712931277451941980e+01 7.499372141528849056e+01 5.834357479336685515e+01 7.499372141528513680e+01 6.505639858335911185e+01 4.956794499252399078e+01 5.346359932280800109e+01 3.353077083789265345e+01 5.052145759895410038e+01 3.105204451384274122e+01 4.532888047466718007e+01 6.518728090694884258e+01 7.746934988909885078e+01 8.144835601984742368e+01 6.780934624369193386e+01 6.787019924498159185e+01 5.862250553131095643e+01 7.848961683636042608e+01 6.759257029767891822e+01 4.793568798669576125e+01 6.064281290814534486e+01 4.533130758172888619e+01 6.491717704446313064e+01 7.180897099714634635e+01 7.600173631184752310e+01 7.234662605403985935e+01 8.642490015609551790e+01 8.270640851739048571e+01 1.019443506238266934e+02 1.120702339572144268e+02 1.139530531882982558e+02 1.034546161162212883e+02 9.095098296191531517e+01 7.729162515762668306e+01
4.557033360108321318e+01 5.571531647791913855e+01 6.673387561775349752e+01 6.308391562573162048e+01 6.674273964568131134e+01 4.690463746058914296e+01 5.682368839757231882e+01 5.473667212414235905e+01 4.918494434623262634e+01 4.957924897832636191e+01 3.657136669907557547e+01 3.043469147780124473e+01 3.958662253844377688e+01 4.621349907233724252e+01 6.642160595095512576e+01 8.145019431432295676e+01 8.954177583989239508e+01 8.752540629393787697e+01 8.677746563736485541e+01 7.000331031889602684e+01 8.677746561033585238e+01 7.288338455188365117e+01 5.308697031556683754e+01 6.802842316156585412e+01 4.835298267402639993e+01 6.802842316157311586e+01 8.098321705167093398e+01 9.227403594209391713e+01 9.249938336410468764e+01 1.008449432498099014e+02 1.029703164740097208e+02 1.112973114190121464e+02 1.139530531882982558e+02 9.369544195054074009e+01 9.670634741603717544e+01 8.256449728292760426e+01 6.215249012807043272e+01
6.152605010245810746e+01 4.176779221328401093e+01 4.695379265387560253e+01 6.611780023402681650e+01 7.499372141528418467e+01 5.682335105551459264e+01 3.696732858177340830e+01 3.513062809011644561e+01 2.901824006895694197e+01 2.942482903598733657e+01 2.983382330327152232e+01 4.526278224901000158e+01 5.564521571834913516e+01 6.476782496768471731e+01 7.491559193621253598e+01 6.184776650190457303e+01 7.823574387053734824e+01 8.114061438191406239e+01 8.945337734821394804e+01 9.008212712886547990e+01 9.834992096524361216e+01 7.863905293802304186e+01 5.870083278546339756e+01 7.634565006367262185e+01 6.802842316157311586e+01 5.296415211038631554e+01 6.428062032361643219e+01 8.417293395373310716e+01 9.150310372568090145e+01 9.987209582188609147e+01 1.100089339046889307e+02 1.223823235998273731e+02 1.107396622584567893e+02 9.741278321050744182e+01 7.708599797807842435e+01 6.797698770404798552e+01 8.256449728292760426e+01
6.976626151971706236e+01 5.788826318979524643e+01 3.809079191804840292e+01 5.456552942361636127e+01 6.279461170445708262e+01 5.416117323435685904e+01 3.522941419207084834e+01 2.844625719318173651e+01 4.862606372438312974e+01 4.956889301595816022e+01 3.647787211560891762e+01 3.229983670120751071e+01 5.227189019880522380e+01 6.283534254033353506e+01 5.959024817411259534e+01 5.050879811970580846e+01 6.850254473083234075e+01 6.116875499029812602e+01 7.525833927526460343e+01 9.534168272199674732e+01 9.882458840452531490e+01 7.863905293801016683e+01 6.564607712952309271e+01 8.574514736894388989e+01 8.110434195189209561e+01 6.274584534164210936e+01 5.846402902298443394e+01 6.466108358331833017e+01 7.126760581226800184e+01 8.133791870226721699e+01 1.016682909638641377e+02 1.140786833419211774e+02 9.386294556191006677e+01 8.210503556468192699e+01 7.567717083025283387e+01 7.967105183930699752e+01 9.639293113177741645e+01
7.190165433160751718e+01 5.208372652574675499e+01 5.456552942279991214e+01 3.469130869875092316e+01 5.136250873316428311e+01 5.933519173827954774e+01 4.823045778954520557e+01 2.804525394376698699e+01 4.822575912145615007e+01 6.268508535972055995e+01 5.029056118570002099e+01 4.989918293047163189e+01 3.476606440960978972e+01 5.461008226429091650e+01 3.985529323428892212e+01 4.171294462370840961e+01 4.867456740507405044e+01 6.848279344814844194e+01 7.748496939088633439e+01 8.581522972910012470e+01 9.735717763234346478e+01 9.410996025827023459e+01 7.562170791047422824e+01 9.410996026809540638e+01 9.114493715053049527e+01 7.685182449989088127e+01 6.369294114574918808e+01 8.377537011794218813e+01 9.150310372568090145e+01 9.987209582188609147e+01 1.100088367523856050e+02 1.166843972820635145e+02 9.649330152694417961e+01 1.024071293557861111e+02 8.742176616899294572e+01 9.950839515232365784e+01 1.082486584194949160e+02
8.015869551003682147e+01 7.190165433133292083e+01 5.456552942681923213e+01 4.555531215052810978e+01 3.128180663655054516e+01 4.824148193023588505e+01 4.728111175117977893e+01 2.764475697815105448e+01 4.783777406318266401e+01 6.647041695639485681e+01 7.239652124268737055e+01 6.242062158719852505e+01 4.848259690188930193e+01 3.722443523975263702e+01 5.698838485506430374e+01 6.144611906728094652e+01 4.452519742801428038e+01 5.891443520335549522e+01 5.781657699001439710e+01 6.908529464420051625e+01 8.904707727289788011e+01 1.042215212416783885e+02 9.586858682741366522e+01 1.042215212416781469e+02 1.054380498003753956e+02 9.216261684650760344e+01 7.520366974422066164e+01 7.364007161361682563e+01 8.266001832989803688e+01 9.442075233012069191e+01 1.147493742487158528e+02 1.249867877818734883e+02 1.166844138411619980e+02 1.159904706453977070e+02 1.076731648144554754e+02 1.099932640932682943e+02 1.080675537423691566e+02
8.273525991105911714e+01 8.266137854823868736e+01 7.362857353896524160e+01 5.959194303485245570e+01 4.824148193023588505e+01 2.726770061947092216e+01 2.707827828592053621e+01 3.654813976003877940e+01 3.833981574072306131e+01 5.237065817020751268e+01 7.230271938622554728e+01 7.489212246004625229e+01 6.118137523907182640e+01 4.155736424993435918e+01 6.130184143099801730e+01 7.250810532650594098e+01 6.426553796108862571e+01 4.739904353101977819e+01 6.716511755755631441e+01 8.581522972910012470e+01 9.237846180320303802e+01 9.529487455097680026e+01 9.590452240110857929e+01 1.041705761826581949e+02 1.062003103651237126e+02 1.038625596621790379e+02 9.548453058207435618e+01 9.391066916540151510e+01 1.022929736571413599e+02 1.113727946237109308e+02 1.230682012061123487e+02 1.277560052161730226e+02 1.176209218335604874e+02 1.092689682608618398e+02 1.020210347837027172e+02 8.954023059596805467e+01 9.158631840680862979e+01
7.675160754465424873e+01 7.846610868669584704e+01 7.855630414516380711e+01 7.033478158632290445e+01 5.594691207243484854e+01 4.517831417406121375e+01 2.667820434983879707e+01 4.688585212410764314e+01 5.808462846695728388e+01 5.820862373735381112e+01 7.816683345296371499e+01 8.268065646945886726e+01 6.595903272006350448e+01 4.620024347284379473e+01 6.595903272006350448e+01 8.337742966852734128e+01 6.348284493538140794e+01 4.953645220885304923e+01 6.930984293889082437e+01 7.547462291671986634e+01 7.240487606246762198e+01 7.530095608003411201e+01 7.589112802901389898e+01 8.777649198556814270e+01 8.618182014830696858e+01 9.664417324426023015e+01 1.016571688989500615e+02 1.076969817030937264e+02 1.143599915685354489e+02 1.225974642289385201e+02 1.325483183387295298e+02 1.194482585268989965e+02 9.908967857568460147e+01 8.876873340234803322e+01 8.149725465066923391e+01 7.503446594919563495e+01 7.111835641907495642e+01
6.050627859192825753e+01 5.738958412351672678e+01 7.033533954821734824e+01 5.043779677854510624e+01 5.626146463218671556e+01 4.655425573705975495e+01 2.628940485966924001e+01 4.605926092348587275e+01 5.885137181666003414e+01 6.736599464971564544e+01 7.728205818652261883e+01 7.441421572293735665e+01 5.458505391850210486e+01 5.756603031989538266e+01 7.420951356759751150e+01 8.779906922856196161e+01 6.789691220211901168e+01 5.393207574433079543e+01 5.309717178818816308e+01 5.565281199135932866e+01 5.839911221855712142e+01 6.126168731341115148e+01 6.441110041574013678e+01 6.779552124030468008e+01 7.202355301868610127e+01 7.659727853930083086e+01 8.160518628019191567e+01 8.766518882776574628e+01 9.437096197221346472e+01 1.044030526796188241e+02 1.243169304574559249e+02 1.277560392609403124e+02 1.176209216313871764e+02 1.035783857725028696e+02 8.306111217706218497e+01 9.553084897112229612e+01 9.158631840680861558e+01
3.802330421510124125e+01 5.218822833696806640e+01 5.974532762742389735e+01 5.623972179290083062e+01 3.628144691739407079e+01 4.556280938678698789e+01 2.590466506361560306e+01 3.199119854643932470e+01 3.922499164140798911e+01 4.923519510831126667e+01 6.906753361940344860e+01 8.145235629940755473e+01 6.154548858514245779e+01 7.742408721271701211e+01 8.569181851702388997e+01 8.997055190504953259e+01 7.007249410457053784e+01 5.918082481114605997e+01 7.289404293867940510e+01 6.368778640403714775e+01 7.825500388131811746e+01 7.010911670224099623e+01 8.434978377298151031e+01 7.931204548410218536e+01 7.845340905454513347e+01 9.664417324426023015e+01 1.016571688989500615e+02 1.016571688989500615e+02 1.143599915685354489e+02 1.225974642289385201e+02 1.325483183334059731e+02 1.307523533997395759e+02 1.105647960741616629e+02 9.608215456759674566e+01 9.227222857746137663e+01 1.119576993120857082e+02 1.029212288384025982e+02
4.468656322331377595e+01 4.276860095702691922e+01 4.033585892723546351e+01 4.455660997636054077e+01 4.502535421146195205e+01 2.535907731156944322e+01 2.633177575003145776e+01 5.036802869285404682e+01 5.203446611078651785e+01 6.736599464971564544e+01 7.728205818652261883e+01 8.972571243089775805e+01 8.145235629940755473e+01 7.559679502019740482e+01 9.558893175498317873e+01 9.821089714797911085e+01 8.454387089390398557e+01 6.464259998545033170e+01 8.454387089390398557e+01 7.360960094415376886e+01 9.187848343187094713e+01 8.163523094888127218e+01 9.836672351817914262e+01 9.348560431047636143e+01 9.262769510028093123e+01 9.262769510028093123e+01 1.126171865084074852e+02 1.216112370411860013e+02 1.254608563318415548e+02 1.253283747006187099e+02 1.172003145496139496e+02 1.253478396556133561e+02 1.248012827929051412e+02 1.164775947256606798e+02 1.041571083541651888e+02 1.210617432085996086e+02 1.095514374361739272e+02
3.426817691612064465e+01 4.094718438153392981e+01 2.404617511349725234e+01 2.442666857147047921e+01 2.480865655902571376e+01 4.022663647947354804e+01 5.037266310729225438e+01 5.931480211054520169e+01 7.182596677763503124e+01 7.803093929102760740e+01 8.226630979870550675e+01 8.444745513678653026e+01 9.270612650027494794e+01 9.558893175498317873e+01 1.038546298415980260e+02 1.044499000009892313e+02 8.454387089390398557e+01 7.164949372322008969e+01 9.159603993918305775e+01 8.774697351710912585e+01 1.018700670396962806e+02 1.016512506446943149e+02 1.099097459180283067e+02 1.134708284436336072e+02 1.126171865084074852e+02 1.126171865084074852e+02 1.208635168373665749e+02 1.196855092756082826e+02 1.059422129780884632e+02 1.153982937961126396e+02 9.736880887702579912e+01 1.131448010843116379e+02 1.212108960578564307e+02 1.327242161157729754e+02 1.244295706452745520e+02 1.204270302424820187e+02 1.011687176274638063e+02
2.313320209991668364e+01 2.351029098871175549e+01 3.864448274650936810e+01 4.455245520318484154e+01 3.391283959182818109e+01 2.790467889764635601e+01 4.803532500296141450e+01 5.934807075836927481e+01 7.224069614682069584e+01 5.819625653580472857e+01 6.240066121677546818e+01 6.457195223533909711e+01 7.883442784688567428e+01 8.587747549967055249e+01 9.414262362566660158e+01 1.041252401091306581e+02 9.982783750258479927e+01 8.162961354596981778e+01 9.982783750258479927e+01 1.077409496700743858e+02 1.096963942562134520e+02 1.015497773411089355e+02 1.096963942562134520e+02 1.119209206211323391e+02 1.038135188629122894e+02 1.119209206211323391e+02 1.187283371024334997e+02 1.116732294512334960e+02 9.178962786670629725e+01 9.910732641582941937e+01 8.727383139526654077e+01 9.328322285180998108e+01 1.131448010843116379e+02 1.284569926309652885e+02 1.238031874459823030e+02 1.035257644039641889e+02 9.165291632598875537e+01
3.862555889463268954e+01 4.410357404167272932e+01 3.472979325297470865e+01 5.277752082755797147e+01 4.470722660357237288e+01 3.378331107206650330e+01 3.112075209401221798e+01 5.112418173537680843e+01 5.852474959890253103e+01 4.424385069564355177e+01 4.845622842318145729e+01 5.353660702885971290e+01 5.898699322604193185e+01 6.595672847972079467e+01 7.589013687136274200e+01 9.586481412797839141e+01 1.097807766765434678e+02 1.015624663323962977e+02 1.097807766765434678e+02 1.089150142485665498e+02 9.972500147576486995e+01 8.149303644449450701e+01 9.972500147576486995e+01 1.019851224817002304e+02 8.381823965755991424e+01 9.892522965509863297e+01 9.892522965509864719e+01 1.087593659417880616e+02 9.910732641540840859e+01 7.899605902904283994e+01 7.899605813512931718e+01 8.912620918752989496e+01 1.007459642814220615e+02 1.204395373574978407e+02 1.320871788724857083e+02 1.204270302424820187e+02 1.120960117942012033e+02
5.892668182700358415e+01 6.192310767906391789e+01 5.625507561972359127e+01 6.326945552809169016e+01 6.157587087623665667e+01 5.491762377530726980e+01 3.534859431261001106e+01 3.496819883643582472e+01 3.872483114989101693e+01 5.852474959890253103e+01 6.821917497407339681e+01 7.332973990806381437e+01 7.883442784761653854e+01 7.883442784761652433e+01 9.414262362566660158e+01 1.041252401091306581e+02 1.106497923853248864e+02 1.024995227687099799e+02 1.106497923853248864e+02 1.007595369185330298e+02 8.071756219385262909e+01 7.136582642996879144e+01 9.152140689280167862e+01 9.381587926023620128e+01 7.369266779801701261e+01 7.884158555200153273e+01 9.890984895852680836e+01 9.443879585854952552e+01 8.052579293053148035e+01 7.182502055031163479e+01 9.197700849901332276e+01 1.072063447475696165e+02 1.161482396656782186e+02 1.183779954821044811e+02 1.265521002885810020e+02 1.303907217919897050e+02 1.313944276471393096e+02
5.759655167455123603e+01 6.578502307911664104e+01 7.716860333756474688e+01 7.630840841720649337e+01 6.128599550565354548e+01 4.151024039479979422e+01 5.518306498390447956e+01 5.484799704663532083e+01 4.053050146888340777e+01 5.990554190436054682e+01 7.264061744785051644e+01 8.098414288751128254e+01 9.102451928573232465e+01 9.878234692284289054e+01 1.011145027222503927e+02 1.093166109303570437e+02 1.006817139113731798e+02 8.245580884800124011e+01 1.006817139113731798e+02 9.858910257348877337e+01 7.851608125571893027e+01 6.421436920935566661e+01 7.676770931688396615e+01 7.864102237806586970e+01 6.604132954054693982e+01 8.621002024466521618e+01 9.106528908871462136e+01 8.268810657864382563e+01 6.620744797652604063e+01 6.958098047756912763e+01 8.977023991424758265e+01 9.841217494262751586e+01 9.652052456984557693e+01 9.846153641232677955e+01 1.143702349343940199e+02 1.107697126759530448e+02 1.303907217919897050e+02
3.774518864795824413e+01 4.954579457338118686e+01 6.907601642412120668e+01 6.806819001338050157e+01 4.829486506016275627e+01 6.128599550564798193e+01 6.951413933773267217e+01 6.812768651136606479e+01 5.990554190436054682e+01 4.640684594267266050e+01 5.310129138077878252e+01 6.262604633834220635e+01 8.265518855735891179e+01 9.775857238133170313e+01 8.100531405782678007e+01 9.775857238133170313e+01 9.247766580835561001e+01 7.233378561503191406e+01 9.247766580835561001e+01 9.214144959051559169e+01 8.389194145355199339e+01 7.676738562751928896e+01 5.659426252356261955e+01 5.841299023793277456e+01 7.521945211421024169e+01 7.715183141752004303e+01 7.949890370157719133e+01 6.269035554495988549e+01 8.288882247989222662e+01 8.977023991424758265e+01 7.457168125833563010e+01 7.827559293157057141e+01 8.225630539865333901e+01 8.679588568236502510e+01 9.445394935808823789e+01 1.086151992407781961e+02 1.282641201578624930e+02
