MOVIE_S9_data/elevation_000017.asc
nrows	100
cellsize	150.0
xllcorner	0
ncols	100
yllcorner	0
NODATA_value	-9999
[rows 68 to 84 of 100, columns 37 to 73 of 100]
5.674304719527915353e+01 7.675833960121488531e+01 9.448153769455839779e+01 9.550081051910962060e+01 8.311968154364851102e+01 6.308764849794801677e+01 8.311968154364851102e+01 8.375038402360101486e+01 6.374588930660369357e+01 6.374588747433350733e+01 7.146542456987749858e+01 5.409196534820793545e+01 7.415825012986992704e+01 8.600935832169945172e+01 9.409156124677933519e+01 1.022156098035748357e+02 1.120730783012648146e+02 1.024631692203991804e+02 8.268060107576530982e+01 7.117534532937131075e+01 6.226348329064660447e+01 5.504461826681729519e+01 7.493270256774592042e+01 9.121391944171244859e+01 7.854252418568661653e+01 5.899910169546003402e+01 6.860195974492793880e+01 6.551281917637908236e+01 7.031875481952359053e+01 6.904042485551347852e+01 4.550049275674491156e+01 5.434404947621727189e+01 6.591127521856014937e+01 5.507315102184788458e+01 7.349107761381007720e+01 7.459615464043180566e+01 6.180266852614840190e+01
6.989315094355170288e+01 6.615578156688879119e+01 8.034759888181456233e+01 1.003759342081457788e+02 8.978160076839749593e+01 6.979584312815762814e+01 8.978160076839749593e+01 9.193485833722731115e+01 8.375046387173694029e+01 8.375028383815374866e+01 7.611422415190388335e+01 5.604612177891829106e+01 6.163240862887373339e+01 6.744663891258733202e+01 7.415017305184807128e+01 8.419194702106726425e+01 1.039911754724996058e+02 1.106329034970899272e+02 9.922142381905524644e+01 9.035247507272954692e+01 7.845050706214492209e+01 5.854068357872843364e+01 7.263675692705517406e+01 9.248614148652664824e+01 8.709786394583534275e+01 6.876834372758251845e+01 8.605342700078747953e+01 8.252630969599583466e+01 8.658688537584053790e+01 7.048461808691330077e+01 4.607317965806860371e+01 6.069264347528760339e+01 7.211245671273009350e+01 7.516299536298289752e+01 8.444285335706607043e+01 9.020121873051756722e+01 8.195459937641581405e+01
7.817669225985198977e+01 8.621376248301884004e+01 8.034759888181456233e+01 1.003759342081457788e+02 9.793631055973587252e+01 7.984536215095175749e+01 9.793631055973317245e+01 1.068276379480305849e+02 8.864050677015629276e+01 7.880092807978853386e+01 7.550630361024714432e+01 5.816559488734550598e+01 7.822913140312894598e+01 8.744443184847094130e+01 9.409156124678347055e+01 1.022156098035748357e+02 1.120730783012648146e+02 1.093092196220007111e+02 8.960687098757419733e+01 7.812501358445366861e+01 6.919823093841307582e+01 6.288056420842004002e+01 7.696896062963564589e+01 9.634948931825780960e+01 9.798763099919509045e+01 8.908637030500500487e+01 9.692548466789403960e+01 8.518656118100726360e+01 7.732894854117544980e+01 6.850880996356897867e+01 4.664883405249937454e+01 5.252628911286351610e+01 5.855904658591492051e+01 6.655991487753470892e+01 7.519813598586200953e+01 9.250079381261961942e+01 1.001941966893397051e+02
7.308030096802998798e+01 9.309880545333899704e+01 1.003759342081457788e+02 1.086154765072722768e+02 1.078305897926466201e+02 9.971783947360026445e+01 1.078305852493977852e+02 1.147523994829094534e+02 1.040924494372384572e+02 8.782833069584812336e+01 6.770154536586437644e+01 6.032774104895527501e+01 8.045996900381577177e+01 9.112580083748352422e+01 9.865784467434413330e+01 1.067662972849352911e+02 1.165970633836935093e+02 1.174670498507472587e+02 1.060931794578393550e+02 9.724886884411026244e+01 8.810766552190678169e+01 6.821927408885491673e+01 7.699030482537187936e+01 9.103399067360513186e+01 1.107185025720968241e+02 1.020992473418069864e+02 9.153217754593862310e+01 7.732894854859112854e+01 5.979256749377028513e+01 6.173718336866038925e+01 4.722911115645597135e+01 6.071590959626054484e+01 7.423428425427690058e+01 7.009702208860812789e+01 8.698887884382298807e+01 1.004569038598352080e+02 1.131247020309319140e+02
7.524878898227775892e+01 8.939625925423396779e+01 9.209640740890948507e+01 1.003511397914691514e+02 1.020475834359912000e+02 1.102817006970833376e+02 1.205731759330403889e+02 1.133534768251148392e+02 1.034838176519866835e+02 8.595031878010372850e+01 6.592936604941652945e+01 8.045996900381577177e+01 6.432936360926585451e+01 7.107763225261047069e+01 7.872992981797419532e+01 8.879145789293049518e+01 1.028160764287116820e+02 1.223049367381807571e+02 1.093714178183025325e+02 8.969053169912761803e+01 7.820667812430704657e+01 7.974522276999226733e+01 9.627430993588930619e+01 1.049545093196306738e+02 1.083375092771758261e+02 8.874260932902649301e+01 7.543066512588306693e+01 6.770208141323351470e+01 7.059924059342695557e+01 5.273679335431798876e+01 4.781048733731650202e+01 7.079092095355323977e+01 8.638704358808348616e+01 8.698995632334548134e+01 9.482845760715646577e+01 1.005536977612588743e+02 1.033569511608529723e+02
6.110131871032159268e+01 7.613407641823759775e+01 7.202492208004176177e+01 8.569149757856020244e+01 8.201555116606203910e+01 9.238883229877237113e+01 1.106417446896864334e+02 1.052494299907913131e+02 8.543784539937298916e+01 7.541739947103212671e+01 7.113738813326783372e+01 9.110625909085771923e+01 8.444307797585916830e+01 6.885396215653311458e+01 8.893285488015315821e+01 1.017908014324531933e+02 1.098800642660754079e+02 1.196827088140190227e+02 1.175151985815719939e+02 1.061558258940875703e+02 8.969053169912761803e+01 9.953097475871510369e+01 1.076776932631553763e+02 1.057582122654797132e+02 1.139256779634592505e+02 1.026135218747744631e+02 9.379454730717445443e+01 8.584389549525023710e+01 7.823106178581758741e+01 6.238975863279267742e+01 4.839554243719211968e+01 6.876920893897977294e+01 7.794690912754728629e+01 8.780581278082865992e+01 7.908742835920381253e+01 7.908742838581009948e+01 9.528936991086352748e+01
5.197779162341602444e+01 5.612187984632654292e+01 6.046369871367848248e+01 6.561640132440702189e+01 7.229683430112920917e+01 8.236286689720986942e+01 1.024147919593239919e+02 1.133535133748552113e+02 9.534363754738018315e+01 9.534363754738018315e+01 7.671373690659501676e+01 9.663005066609734683e+01 9.525482802397445425e+01 7.526299358308412479e+01 7.427121389434188359e+01 8.192001400952000267e+01 9.195664308036978696e+01 1.059331702967240005e+02 1.253661551601867217e+02 1.175151985815719939e+02 1.093714178183025325e+02 1.084652207648977509e+02 1.002850269097303055e+02 8.582326289714811196e+01 1.019643719457125428e+02 9.375539051926355683e+01 9.434967591947386722e+01 9.429513392545392492e+01 8.686400558934832361e+01 7.684677160040095600e+01 6.867828321873305697e+01 4.922257843998244908e+01 6.954943154124801197e+01 7.154823199139373457e+01 6.000868720910487042e+01 7.884967457000908553e+01 7.927747531907131417e+01
6.348984636816773275e+01 6.459437480537935983e+01 7.463311742628533807e+01 8.569149757856020244e+01 9.238882942826693068e+01 1.006436515639834539e+02 1.106417446896864476e+02 1.231359508606873021e+02 1.127242989788764902e+02 9.301295089889750045e+01 8.379838777178926534e+01 1.036479201346927681e+02 1.022768584473973306e+02 8.241555712699516789e+01 9.428058397881474662e+01 8.084184813932947122e+01 8.983839079851347265e+01 1.013120228434799941e+02 1.208031373621564057e+02 1.256322083752949794e+02 1.059867744012747153e+02 9.189882717182989325e+01 8.026500730883732615e+01 7.414682430502104182e+01 8.690857334043316484e+01 7.363386124999124149e+01 7.422857502691401521e+01 7.266563105252626542e+01 7.616848167281196424e+01 7.190241495867438459e+01 5.157063591802336333e+01 6.945581591898668705e+01 5.010597943472315308e+01 5.080760133652110966e+01 5.808294115176104810e+01 7.231566727427436092e+01 5.943390460108685858e+01
7.766542644072347912e+01 7.616675025719527525e+01 9.290624183185407503e+01 1.029409022446555610e+02 1.104056168658331245e+02 1.052594352837431586e+02 1.122512477955383048e+02 1.204775910446614660e+02 1.208178109155973061e+02 1.117534274096380216e+02 9.379760730883971576e+01 1.117534274096380216e+02 1.103673365721596298e+02 9.139832479279677102e+01 1.062211519105169941e+02 8.643940394425771956e+01 1.062211519105169941e+02 1.176150891036818962e+02 1.288625410717780255e+02 1.281734156860071892e+02 1.085391761717673660e+02 9.448401365614272152e+01 1.002850269097303055e+02 8.690857338404484267e+01 6.666968129388055786e+01 6.177445493468530202e+01 5.970903923619417242e+01 5.768702885130943514e+01 5.570471007095742522e+01 5.397383361154101777e+01 7.201676553481776466e+01 7.174824809973982553e+01 5.147758941815686029e+01 7.042959744797289545e+01 5.180786574097839292e+01 5.251863909764212934e+01 5.323414690409469330e+01
9.769522183060105647e+01 9.620959846480096189e+01 1.044547827290922584e+02 1.032309811763503262e+02 9.075706782077645585e+01 8.569956327590104195e+01 9.247541563603695636e+01 1.038698487195600251e+02 1.237004518525800876e+02 1.215737915126321838e+02 1.134982329605458489e+02 1.215737915126321838e+02 1.191400359015722330e+02 1.028509848902116062e+02 1.142943089243948123e+02 9.643251693382430290e+01 9.904126335116224311e+01 1.185760113480019271e+02 1.266914414234247346e+02 1.185363747261144027e+02 1.163923496896094179e+02 1.142899117820473407e+02 9.691039977073639022e+01 8.536430499388031023e+01 6.508868005498753462e+01 8.213822077161704271e+01 8.012190750241607873e+01 6.125330433382704598e+01 7.617884824894153439e+01 7.448742321848042991e+01 7.392705260836929426e+01 5.345995189965776717e+01 7.192975572676083118e+01 7.411864410561776140e+01 6.977999443989850192e+01 7.295332673988006889e+01 7.038123646582575077e+01
9.255944566656249606e+01 1.029996601496903139e+02 9.763370134171974257e+01 8.383490225701933696e+01 7.735235184671556397e+01 9.651199459559698823e+01 1.122512477955383048e+02 1.204775910446614660e+02 1.319352384049062721e+02 1.257115502162250777e+02 1.174836954550972337e+02 1.257115502162250777e+02 1.303778187782441762e+02 1.223157841268357373e+02 1.240632473462911349e+02 1.103371318723190200e+02 1.129067749561263554e+02 1.266342820091153101e+02 1.160863256878650276e+02 9.878473897362549394e+01 9.661723453703234554e+01 9.781953863640185887e+01 8.868332894649661569e+01 6.849449441031298136e+01 7.949904760647396529e+01 9.360711787385172045e+01 8.552500496740515246e+01 6.524872189834098890e+01 8.552500496740515246e+01 8.961889402036170793e+01 6.945122893698305688e+01 5.488507330043692889e+01 7.535820127899920351e+01 8.983425074034667546e+01 9.110184400880075373e+01 8.670136650846021098e+01 6.783389498233098891e+01
8.439607981324611785e+01 8.367256328233533225e+01 8.367256328421211720e+01 7.058136474562432738e+01 8.951588224406191330e+01 1.046930355079889381e+02 1.172260472480671751e+02 1.114576515157463916e+02 1.172401680667730233e+02 1.158017870503399251e+02 9.768250727802492861e+01 1.158017870503399251e+02 1.281569838172800360e+02 1.199329329152191264e+02 1.281569838172800360e+02 1.297047875588223746e+02 1.322627587335672672e+02 1.218492792110856868e+02 1.021740400148098615e+02 8.800691023259646784e+01 8.240322356650540314e+01 7.776882419285907133e+01 7.386485396524579983e+01 7.166557352805193659e+01 9.178833908195247204e+01 1.077151881387631676e+02 8.964477843047362171e+01 6.946208948322167487e+01 8.964477843047362171e+01 8.763835033380426864e+01 7.645288913499067007e+01 5.634198315069193086e+01 6.187551686630951053e+01 8.536717981911357356e+01 9.779454071941131588e+01 7.876460661574584776e+01 8.672740484066018496e+01
8.140744265436678972e+01 8.367250916065930255e+01 6.465765398575653933e+01 8.367250917020595580e+01 9.763370132306110349e+01 1.116460195183343842e+02 9.806898471106595139e+01 9.253962004816388287e+01 9.807033386700814503e+01 1.075831013665611096e+02 8.778744806656861499e+01 1.075831013665611096e+02 1.100452863434097139e+02 1.001576397716004294e+02 1.115768539717485766e+02 1.313475490280281122e+02 1.290874914148413097e+02 1.095395715724827141e+02 9.807207367610509152e+01 1.079367841539317254e+02 9.051571767378418087e+01 9.781953863640185887e+01 9.396077684259383034e+01 7.488612606921819292e+01 9.496272867803608619e+01 1.081021552444705520e+02 8.820360022429883884e+01 7.392810962893321403e+01 9.403175205389341329e+01 7.961765658461415285e+01 5.846704583632798347e+01 7.554038865327024155e+01 8.193250226318220086e+01 9.430264800699002592e+01 1.059959052290418384e+02 9.804834989903370968e+01 9.804834989903370968e+01
7.325600998042089884e+01 7.546311207539915245e+01 6.085812291266066154e+01 7.591373664514841835e+01 9.733941900962673799e+01 9.222856271297602859e+01 9.223973089142374704e+01 8.069455673221435177e+01 9.290484838991193328e+01 9.265622367978077989e+01 8.106947916001624321e+01 1.009845502665635308e+02 9.010496144249769657e+01 1.100452863434097139e+02 1.281569838172800360e+02 1.395955813845150715e+02 1.372523359420178508e+02 1.259386472641272547e+02 1.095395715724827141e+02 1.185427928118198935e+02 1.020676250392995712e+02 1.122494517420411455e+02 9.240139666147666730e+01 7.816780379528933054e+01 9.821477719176895960e+01 1.129105432130060791e+02 9.308503613766461626e+01 7.885332711856261767e+01 9.889179271957020489e+01 8.043448196555895890e+01 5.998573495410683165e+01 8.007870169124458926e+01 8.513351266180791299e+01 8.263271116512433423e+01 9.637511363766773798e+01 1.151037732033267389e+02 1.184730786108914202e+02
5.484816182254188988e+01 5.576011606838775236e+01 7.125600151901655011e+01 7.528273170229883249e+01 8.376464021970716090e+01 8.109449900399991407e+01 7.290195815811256352e+01 7.894873194996388577e+01 7.228086182824777950e+01 7.238015256661357455e+01 7.579955603769674610e+01 8.128113201438962676e+01 1.019046827913184359e+02 1.182577207955425109e+02 1.183620637740121566e+02 1.265858541345726138e+02 1.325903042363181328e+02 1.372523359420178508e+02 1.290874914148413097e+02 1.299089772602081609e+02 1.217530294147223202e+02 1.150420344308848684e+02 1.016485039045154224e+02 8.162661088229302209e+01 1.016485039045154224e+02 1.150589356358238433e+02 9.525831026408738467e+01 8.524759119508783556e+01 1.052018953062907229e+02 8.891430513955009474e+01 8.036479622349180829e+01 6.216001906656192233e+01 6.624143944363844128e+01 8.643465065540911496e+01 9.842703447004107886e+01 1.049153519395711953e+02 1.129335820436299969e+02
6.879590018658467443e+01 7.416839720841298345e+01 5.710237385085148532e+01 5.805664900035842635e+01 7.452326490170051443e+01 6.153761936426616330e+01 6.305167153039320738e+01 6.459955746587048964e+01 6.617141773718044817e+01 8.562571429715454485e+01 7.789504791412268503e+01 9.500160225479437770e+01 9.806780433052611556e+01 1.022897356714742045e+02 9.867756235910594853e+01 1.127963168667489811e+02 1.127963168667489811e+02 1.280133205027477459e+02 1.379172622530809917e+02 1.280576217506867636e+02 1.085021678092997490e+02 9.701278435180755366e+01 8.693094643042635994e+01 1.016483792972343849e+02 1.098205348756224993e+02 1.232183953859998269e+02 1.122134866367065626e+02 9.238170199784944714e+01 1.122134866367065626e+02 9.815740486955613164e+01 7.823511459547883362e+01 6.382152000638225076e+01 8.407021831976921078e+01 7.272654947682080717e+01 7.857441307615482629e+01 8.527326056944961863e+01 9.517899588993689974e+01
8.842949134914542242e+01 8.650707334093920053e+01 7.883617570315090006e+01 7.775212635239958558e+01 5.941903877050183524e+01 7.916597992581795040e+01 8.257455858110638758e+01 7.840458684699481751e+01 8.562571997927224743e+01 6.870268316135238251e+01 8.796976680594006837e+01 9.239770054754178830e+01 7.883955562065838762e+01 8.294241572267326035e+01 8.779999988145200973e+01 9.309870207318236623e+01 1.000046294340785096e+02 1.099046847645317513e+02 1.296799612942550652e+02 1.362180101656695115e+02 1.203393350314461543e+02 9.997420345050893786e+01 1.068900259179498704e+02 9.385485018295739224e+01 1.135831043220932202e+02 1.260804014313746819e+02 1.064696224604828245e+02 1.122134862017258854e+02 1.080346523567944672e+02 8.812577480489416359e+01 8.561188447828240555e+01 6.550280246141463181e+01 8.569749470745354358e+01 8.037039851652048128e+01 9.842703447004107886e+01 1.049153519395711953e+02 1.129335820436299969e+02
