MOVIE_S9_data/elevation_000205.asc
nrows	100
cellsize	150.0
xllcorner	0
ncols	100
yllcorner	0
NODATA_value	-9999
[rows 34 to 50 of 100, columns 37 to 73 of 100]
9.597114606028151229e+01 9.397632362604792888e+01 1.024886104219690566e+02 9.841499884367303252e+01 8.381715723588806100e+01 8.381715723588806100e+01 1.045723352887752924e+02 9.263434422242525557e+01 7.243003797719146064e+01 8.253219109980828705e+01 8.645144585604650445e+01 6.647343176848237079e+01 6.742491152869521898e+01 7.484952175114469242e+01 8.908399810406730523e+01 1.095422410478022783e+02 1.016391812904489598e+02 8.371375574543196763e+01 7.380662834296168739e+01 9.199417656153839573e+01 9.831392435805388175e+01 1.041814354827498050e+02 1.043842045563038425e+02 9.617567351820031263e+01 1.043842045560089673e+02 9.042359388104435425e+01 7.122268822511762210e+01 9.042359388104435425e+01 9.029446210944419704e+01 7.141424972041740205e+01 8.160156555795754230e+01 6.589835561340238712e+01 8.210525116059375250e+01 6.417298792492013604e+01 7.872428734522881655e+01 9.936889814448693414e+01 1.108506164709263828e+02
1.079417345806596984e+02 1.058884508350123212e+02 1.011198985882267891e+02 1.093785059593567581e+02 1.045723352887752924e+02 1.045723352887752924e+02 1.130128404514580325e+02 1.011101660375959455e+02 8.239008663884415284e+01 1.011101660375959455e+02 9.488250660983493390e+01 7.632308809363283331e+01 8.743115878139590791e+01 8.743115878139592212e+01 9.132149533996792456e+01 1.117820590185044267e+02 1.119848807979398941e+02 1.019412769804841474e+02 9.362088314790231891e+01 1.019412769804841474e+02 1.086497632378856792e+02 1.004262518864833709e+02 9.457772946001635717e+01 7.664730439646228888e+01 9.457772945996171643e+01 8.316662440675784751e+01 6.430540941394954757e+01 8.316662440675791856e+01 8.251735138682248305e+01 6.739349435479827832e+01 5.980473171931373599e+01 5.894254606114503758e+01 6.290332707061274675e+01 6.813672042020608899e+01 9.023512432081660961e+01 1.076703491537982273e+02 1.059804499644193356e+02
1.058884508350123212e+02 8.594790794338042872e+01 8.117908715977812051e+01 9.786614144235421975e+01 1.100289881295622223e+02 1.017855642939291414e+02 1.100289881295622223e+02 1.113485174301078189e+02 1.028786018060063157e+02 1.113485174301078189e+02 1.050329896479698704e+02 9.657980361846021822e+01 1.050329896479698704e+02 1.077983835958515044e+02 1.117820590185044267e+02 1.135823234051216417e+02 1.021821909783006106e+02 9.397730665675200612e+01 9.653453857642105618e+01 9.869511906693209369e+01 1.004262518864833709e+02 8.084561082440779956e+01 8.641148895730547963e+01 6.697716347198868903e+01 7.669432621523678506e+01 7.720236258684619202e+01 5.862918600177383155e+01 7.720236258684823838e+01 7.512280779531349140e+01 5.828108556831147524e+01 5.419794920914955583e+01 7.259271686694910386e+01 7.578746305378101056e+01 8.755637730548109232e+01 9.920603947890174368e+01 1.055241551563308633e+02 1.084717007363535259e+02
8.897109709958245105e+01 8.072114433380143339e+01 6.973754143035885988e+01 8.960706574215240039e+01 1.000451284903007121e+02 8.179036871621663352e+01 1.000451284903007121e+02 1.108254947934809707e+02 1.028254938104814755e+02 1.053363860235210723e+02 1.132727717661661728e+02 1.069234028997900197e+02 9.843656935089734361e+01 1.011449406242403768e+02 1.096026099864694316e+02 1.053419422960548673e+02 8.565781595927423098e+01 7.431310388524090627e+01 7.686231218388347486e+01 7.901231138701366774e+01 9.869511906693209369e+01 8.658064781150986278e+01 6.714543265292165586e+01 6.032247128857820684e+01 5.732826835472297233e+01 7.205121467555952108e+01 5.365656518878672188e+01 6.533458141146830656e+01 6.470422612487129754e+01 5.010579952791174918e+01 6.849562461718815598e+01 8.097922804475142300e+01 9.310914468668536870e+01 9.218812947723733942e+01 8.965620706193921308e+01 8.608660420877912145e+01 8.891163635958164946e+01
7.983084357364721484e+01 6.099634316392757682e+01 8.072114433380143339e+01 9.786614144235421975e+01 9.178796650507280219e+01 7.185000004469824830e+01 9.178796650507280219e+01 9.964955848375052483e+01 8.330738128428936307e+01 8.583360291919709084e+01 1.053178864376157264e+02 9.482858325857168325e+01 7.729726624781326905e+01 8.005455653067394906e+01 1.011449406242403768e+02 1.039021984426773173e+02 9.671661333206905908e+01 8.262417389322071415e+01 6.292098106299466309e+01 8.196246042547777222e+01 9.014615160644824243e+01 9.474768703084765775e+01 8.658064781150984857e+01 7.057024100126008648e+01 5.121616314286890059e+01 6.459771914862309927e+01 6.319847294622959311e+01 4.690992017610637532e+01 4.621729908180199686e+01 6.470422521546949213e+01 6.849562456764188312e+01 8.759791629655352097e+01 9.224121458081822311e+01 7.282493298893916744e+01 7.064408083026225427e+01 7.271297279828439741e+01 7.491293479542663647e+01
6.016024262593739280e+01 5.588372501088574040e+01 7.544946947666532822e+01 8.153019128532852733e+01 8.514197768494797458e+01 6.530579679422768891e+01 8.514197768494797458e+01 9.160011789444025965e+01 7.224616955227648418e+01 8.864764562966048800e+01 9.670265707973295832e+01 8.623178701385063505e+01 6.532417550596845501e+01 8.623178701385063505e+01 9.804089524100639608e+01 8.383768841298193308e+01 8.852343808876810272e+01 6.884050509889959812e+01 5.749553918930953955e+01 6.229048597705065760e+01 7.877412373383867816e+01 8.146132319962690360e+01 7.329597794523343168e+01 7.184144397771949286e+01 6.459771914620780819e+01 4.515563148581763642e+01 5.057857865683956078e+01 4.223464439746672383e+01 5.641901977394123691e+01 6.766259147663781448e+01 8.216169967084819348e+01 8.176660791688303220e+01 7.740936056960336487e+01 7.618170120152601044e+01 5.711706759169280900e+01 7.618166917959275963e+01 6.484931858593752452e+01
7.055803336022047745e+01 5.115977096636029842e+01 7.055803336022047745e+01 6.185005758044128044e+01 7.197593078059783522e+01 5.972014673808299534e+01 7.941576549647217576e+01 8.546802933657987467e+01 6.604042739749921509e+01 6.932274948937045167e+01 8.575337226642261612e+01 7.992790495619956914e+01 5.944410996125337476e+01 7.992790495619956914e+01 8.810557113972036802e+01 6.993955505441836351e+01 8.810557113972036802e+01 8.533623979889216571e+01 7.060484068218694631e+01 5.103601573587508966e+01 6.506994115443113458e+01 7.173704015543239620e+01 5.318622897245753478e+01 5.207409667936691733e+01 5.826967837694589036e+01 5.860646013910830732e+01 3.925530869422066615e+01 3.970330577931853355e+01 4.016044019225203243e+01 5.446044352606513428e+01 6.260928727206214006e+01 6.234023105124760633e+01 5.751587672774378746e+01 6.888598553516662548e+01 5.106479376164627126e+01 7.041709426799860694e+01 7.327183391270322943e+01
6.689210634872536332e+01 4.757049150690230732e+01 6.190328684844441653e+01 4.826649352757593903e+01 5.250905764910259421e+01 6.615288199884203379e+01 8.569335056272427664e+01 7.921643195732883669e+01 7.110134630103976860e+01 5.776852531731047691e+01 7.756859717116955721e+01 7.445338046677066757e+01 5.438178414541968664e+01 7.445338046677066757e+01 7.982700119695668661e+01 6.037524536412539078e+01 7.982700119695323338e+01 9.177386256434660083e+01 7.877412373434042081e+01 6.506994115443113458e+01 4.555424567048314799e+01 5.966116910372898730e+01 3.934541682624153225e+01 3.773895017436414179e+01 3.818330442786809442e+01 3.862682296657640535e+01 5.289803571453937536e+01 6.296220967832056914e+01 6.024721299747676539e+01 4.080951178153824799e+01 4.308090141531835826e+01 6.127293399401801111e+01 4.335932416277353241e+01 5.968854694997767751e+01 4.550876264389557235e+01 6.531123583664418675e+01 6.715981217643660273e+01
6.398900529097367951e+01 6.096984916155816592e+01 4.254698474495518212e+01 6.154568327737439404e+01 7.147047908976162489e+01 7.980247160117173166e+01 7.350350607877655307e+01 6.532361434041774828e+01 5.100436190213538623e+01 7.112247518539130908e+01 8.564647986928572720e+01 6.958530330749496784e+01 4.977917673096877849e+01 6.958530330749496784e+01 7.334308258601188868e+01 5.409056388377501889e+01 6.395207849471928796e+01 8.349477317037926127e+01 7.999620838037073156e+01 7.164107792130407404e+01 5.988700300115576169e+01 4.027134255344053315e+01 3.710980958401565033e+01 5.725735208087736794e+01 5.826669806143196695e+01 4.412161617860761709e+01 6.228301349970822542e+01 8.032672788643006356e+01 6.892673390821082080e+01 6.078877596880482770e+01 4.145848640858535106e+01 4.225718622040191264e+01 6.223542618198536047e+01 4.443712440394445196e+01 6.098271909455872475e+01 4.658602579113536990e+01 4.736071232190513314e+01
4.465697350443157632e+01 4.153689121607475698e+01 3.982070885908687075e+01 5.362296543112929470e+01 7.323480308123400562e+01 7.949603824733235058e+01 5.953055381210821650e+01 4.499146587444759149e+01 6.532361434050585558e+01 7.927402738056684939e+01 7.952531939510110703e+01 5.920476667306009233e+01 4.542266056817756947e+01 5.937231821210033189e+01 6.113514277416009435e+01 4.832909161140991472e+01 6.182959566620164082e+01 8.132009165986688970e+01 7.189659875129753175e+01 5.192238223569600564e+01 5.309955359252344209e+01 3.648114206463068854e+01 5.667081746418212163e+01 5.726016067773620222e+01 5.873472855393114855e+01 5.660485623029904900e+01 7.046208556509866128e+01 7.077919799601939133e+01 6.220966669228795354e+01 4.224293945883972157e+01 5.269095121355790923e+01 5.557526529716777475e+01 7.006074221763034870e+01 6.629358747304105748e+01 5.390689415531824835e+01 6.639192311073311714e+01 4.796897055778339336e+01
5.828721795932701610e+01 5.677883102662742232e+01 3.710886169828113879e+01 5.406429069731866832e+01 6.220131289292838517e+01 7.101839878655732718e+01 6.161066841072812394e+01 4.121191273108716757e+01 6.161066840438147807e+01 7.721663098347958964e+01 7.826129835253016154e+01 6.808415134985214934e+01 5.937231815517067446e+01 3.947535420211659840e+01 4.173971916611662891e+01 6.113473906038611716e+01 7.570194229122846252e+01 6.977039124401800052e+01 6.119181021365066186e+01 5.235409147179092315e+01 3.585636383426969331e+01 5.603877628415462198e+01 6.480820901497324371e+01 7.696141483665746819e+01 7.250893526235347508e+01 7.614532228075266573e+01 7.140324532226934195e+01 6.101313175642243891e+01 4.301788659124873249e+01 6.216372587689967588e+01 5.306465062322538273e+01 7.243095611992733041e+01 8.157170656249850538e+01 8.107180934083308443e+01 6.104218088680013921e+01 7.861846935595998787e+01 7.052358569914356679e+01
7.813098270435824588e+01 6.491447539269293543e+01 4.834389629871384386e+01 3.422396067395347785e+01 5.140125723424947068e+01 5.140123556055474552e+01 5.805879060084603793e+01 3.759317063467793929e+01 5.805897383342514217e+01 5.449323944154627242e+01 5.671230203583771612e+01 4.363068611975261746e+01 5.182316604713179942e+01 3.536396945864133556e+01 5.233914227824406851e+01 5.672146955128829404e+01 5.766804810475361620e+01 6.055596278150586897e+01 3.545538945904984729e+01 3.523313096451997950e+01 5.545510147914654908e+01 4.510742591755921183e+01 6.496122587295398887e+01 8.362135064931186434e+01 9.206373039351132093e+01 7.848552196641942658e+01 6.372284182946728492e+01 4.377653535741215762e+01 6.285658847579533415e+01 7.091467951592863983e+01 7.316445446554715204e+01 6.738434090066587601e+01 8.711973403493669821e+01 8.936167086966153761e+01 7.108102658308106925e+01 8.936167087191343228e+01 8.202444781859935574e+01
7.293864284486313920e+01 7.605872948668621802e+01 6.220131284133989880e+01 5.140125723423820858e+01 3.147982569765333238e+01 5.082907195525978494e+01 5.385524211281914830e+01 3.413962511314036874e+01 4.674170172570856607e+01 5.117518531264393289e+01 3.042352359271837159e+01 3.079443217318637949e+01 3.116946790917653942e+01 4.650219824029397842e+01 5.243770242498289491e+01 3.270327196140300430e+01 3.312416765951199693e+01 5.366326313603982356e+01 5.449329655649424353e+01 3.479215340882034013e+01 5.508038860594619024e+01 6.496123465528658869e+01 5.581184065046812037e+01 6.718905367689872321e+01 8.677825347091552999e+01 7.006807104496206762e+01 4.987347129385200617e+01 4.430458587553556526e+01 6.422032730631225661e+01 7.239048326794011246e+01 8.394862583005127021e+01 8.711973035545541677e+01 9.510135036783682949e+01 9.935968721980454177e+01 9.106261287382497471e+01 9.935968723550064396e+01 8.776522090031257051e+01
5.303343951293358316e+01 5.886353858795786920e+01 6.487839640309223910e+01 4.957668774440914206e+01 2.966651666004579724e+01 4.251776105072068646e+01 4.599773446478702255e+01 4.073436786368876028e+01 2.953591169661059368e+01 2.990033028133991877e+01 4.248136613945144546e+01 4.856373136563614423e+01 5.097811771264094460e+01 3.172037599973973698e+01 3.211956308183275866e+01 4.231709146586225501e+01 4.747887894702273570e+01 3.373113523890665988e+01 3.416952177328580831e+01 4.823304519449456507e+01 5.432672902929041214e+01 7.369553247690237185e+01 7.546842329076673650e+01 8.363194186773239380e+01 9.497593959244750295e+01 7.848589031620063849e+01 6.874141593260731042e+01 5.269358277606009011e+01 4.504211215114713696e+01 5.797597103791649431e+01 7.297697675005025530e+01 8.093110811425228235e+01 8.763788632710055992e+01 8.475037787845802484e+01 9.269345671956634192e+01 1.034300793596246706e+02 9.456688466993483644e+01
5.303343951295054381e+01 3.879207058063047242e+01 4.961162282222719710e+01 3.132207503123064285e+01 2.787217388773268922e+01 2.826200825407213202e+01 2.864295495820940474e+01 2.901731013885070709e+01 4.533014357900147928e+01 4.460360953816932295e+01 3.248046839460846513e+01 5.303705340480148323e+01 5.839891148990489000e+01 5.368644195104111816e+01 3.333120670019289378e+01 5.029942427208692379e+01 4.221659666578353409e+01 5.220999127636434167e+01 3.521620305473740586e+01 3.830669497918081845e+01 5.861157257555987599e+01 6.885548805375927373e+01 7.539718135953492606e+01 8.356001125826350062e+01 9.337947783961654125e+01 8.640526778597163116e+01 6.621767291414799672e+01 6.192431798146009214e+01 6.496438028338253901e+01 4.577498460738824804e+01 6.570250356513594170e+01 6.246753485529211503e+01 7.460289974802249446e+01 6.659650687944827041e+01 7.713083233066819844e+01 9.520116762419223733e+01 1.027778081233071674e+02
6.709253316581177273e+01 4.972339782201449765e+01 3.010278300700229437e+01 2.731047308880451752e+01 4.747926074671518393e+01 5.006017891554568422e+01 4.918118535508462230e+01 3.324910718074266214e+01 4.621272639105869473e+01 5.342246839672070990e+01 3.440136941610681021e+01 4.876131544151822794e+01 6.771187050709568211e+01 6.831593166726794664e+01 5.181598563035679916e+01 6.486910035936196550e+01 4.815932325411547055e+01 6.558118882391168825e+01 5.517537805673586604e+01 5.861157261093746484e+01 4.299589979224219860e+01 4.914054317803732630e+01 5.577210144441208683e+01 6.560583221036124257e+01 8.518853050870849586e+01 9.483432508363634383e+01 8.534368574741746727e+01 7.864933339541981638e+01 7.360008724005467684e+01 6.468087792179284179e+01 4.650654304010230078e+01 6.437166920976585516e+01 5.622875298400213495e+01 7.514825790537358330e+01 9.254557957606624541e+01 9.653648214030221197e+01 1.047418039715307145e+02
6.487583201772442010e+01 5.768873635675477374e+01 4.673704100773665715e+01 2.687984401649657684e+01 4.647683230884747019e+01 6.312845660867309050e+01 6.353087689452413400e+01 4.324823460874540615e+01 5.904521943493751479e+01 5.609721054765203263e+01 3.639471506206592011e+01 5.604728123354053082e+01 6.640854332612543942e+01 7.970432124809009622e+01 7.219207808829921191e+01 5.882572647177939018e+01 6.662535416444967495e+01 7.449505178081913925e+01 7.404692996426224738e+01 6.646628044239277244e+01 4.670220317077603767e+01 5.816759565064705129e+01 7.539718135950695910e+01 8.356001125826350062e+01 9.337947783961654125e+01 1.070722903910577344e+02 9.727555212667236617e+01 7.751708073110449959e+01 7.750234161386836718e+01 7.406410502411573304e+01 6.645043215187669716e+01 4.723971987262829941e+01 6.088043098105413264e+01 7.777440580879226673e+01 8.033969567296567504e+01 7.684820989517176315e+01 9.077638031650927530e+01
