MOVIE_S9_data/elevation_000070.asc
nrows	100
cellsize	150.0
xllcorner	0
ncols	100
yllcorner	0
NODATA_value	-9999
[rows 34 to 50 of 100, columns 0 to 36 of 100]
2.064481644892168788e-02 1.002064481647050265e+01 2.416278055429938831e+01 4.416282049604563298e+01 4.748953858228355784e+01 5.585462035407056192e+01 5.015909106764545555e+01 3.599985870972405877e+01 4.186304963245435573e+01 4.805820381605519032e+01 3.124285503718037305e+01 2.655760140994733831e+01 3.809277073526389046e+01 5.812337536296896445e+01 5.640388317263462170e+01 3.637340546577962641e+01 5.054277407995280669e+01 7.055385223473534495e+01 7.538958268024849474e+01 6.332989724804440357e+01 4.328213739370545454e+01 6.332989724804440357e+01 6.894651842467990832e+01 4.814240648096281916e+01 6.895400470618709221e+01 6.421000250375793428e+01 8.609960051222333277e+01 1.018619851388592821e+02 1.047672093730550671e+02 1.129362163812917572e+02 1.208409002112542510e+02 1.125550538484208118e+02 1.030319081809388706e+02 9.423744096891924471e+01 8.606285020477095316e+01 7.310429799302873732e+01 5.904196396341544073e+01
2.905961989428186565e-02 2.002905961989392836e+01 3.830479959810742940e+01 4.924735301511766750e+01 4.566341248850371670e+01 3.743467513283137293e+01 4.186304963189102324e+01 2.186215672111379860e+01 4.186304961517434009e+01 3.971042232587756615e+01 1.971648258531406839e+01 3.968302230067939007e+01 4.963180570520571422e+01 4.951391581900990957e+01 5.105051282460096473e+01 3.102289157811314979e+01 4.397343014755703194e+01 5.226496001117318713e+01 5.550070036406135898e+01 5.754253021705935822e+01 3.748651145830253029e+01 5.754253021705323334e+01 5.676102609277335631e+01 4.252363782593684505e+01 4.929953536674486259e+01 6.437154550961754751e+01 8.638885046816469071e+01 8.176192020307418318e+01 9.594404869197430230e+01 9.757443942014047877e+01 1.058082091722387474e+02 1.087135819057681516e+02 8.908066366199786046e+01 7.522873769025116530e+01 6.634875933624323352e+01 6.001268156774215612e+01 5.395623306206456249e+01
3.542675937824442400e-02 2.003539418695152818e+01 3.406258118688190706e+01 2.673576171775395593e+01 2.729492128980647436e+01 1.742720176953860900e+01 2.698879332193966363e+01 1.480125556661179331e+01 2.928851155273875762e+01 3.045424589866591347e+01 1.569375909737925312e+01 3.261133559944430971e+01 2.847471312242882036e+01 2.949664265270971697e+01 3.664501139926030504e+01 3.793099574790439021e+01 2.396010544008554177e+01 3.550545543712009788e+01 5.371113333737216777e+01 4.542835773584219794e+01 3.230562621670276968e+01 5.115456294665014525e+01 3.658300917622599968e+01 5.690133379782695755e+01 6.978250771241697237e+01 7.525298916973923724e+01 8.494699059869563484e+01 6.758217169493289589e+01 8.591660409782693364e+01 7.767972103060790801e+01 9.432481068020017290e+01 1.060796002568579439e+02 1.030379263727417367e+02 9.423745284804380162e+01 8.606286343042333442e+01 7.818418703421836824e+01 5.834137999763107985e+01
3.411803931810562102e-02 2.001015525432056563e+01 1.566547893869509522e+01 2.323856316185838367e+01 4.785850362650093892e+00 5.888486028633108660e+00 6.999597044742927210e+00 8.139202451854497866e+00 9.299718825867099525e+00 1.046613792428069445e+01 1.240086448529266505e+01 1.277385298603166319e+01 1.406527599051266009e+01 1.535864643248659966e+01 1.665415599421788784e+01 1.794798383013959509e+01 3.781762135319041818e+01 4.129335122737995789e+01 4.274859132759030445e+01 2.539650810221645116e+01 2.730381884912020851e+01 3.101572088455131748e+01 5.115656578557171485e+01 5.838403862213604611e+01 5.920209177610320950e+01 6.393393905322613335e+01 6.687317299771713408e+01 5.762063948779665878e+01 7.354604184657853239e+01 6.625729404650161314e+01 7.796356440532385079e+01 9.508345143243816722e+01 1.065732739964287390e+02 9.832173006731169096e+01 7.871192425149983762e+01 6.729161380499046174e+01 6.986575622470425628e+01
3.327314952832965272e-02 1.097765740353029651e+00 2.163769322131084305e+00 3.235881856968952253e+00 1.808099472641386285e+01 2.543803195897725189e+01 1.234270442658515599e+01 2.812819586316611264e+01 2.928851156512274301e+01 2.488166719439064067e+01 1.124320629525146487e+01 3.276558211144926958e+01 3.410611851489063184e+01 2.172928133113656912e+01 3.651888943081186056e+01 3.793909800508165375e+01 1.988146887506069760e+01 2.130494637562933136e+01 2.273777498883088199e+01 4.274859122319426064e+01 4.735238703542341909e+01 3.089356202306077748e+01 5.089890307075770437e+01 3.841413229270623475e+01 4.117239314315030896e+01 4.401042027248234945e+01 4.696594113496047385e+01 5.037815442783108466e+01 5.385084892482431229e+01 5.820783574352434186e+01 6.698705817449932454e+01 7.842907180185090965e+01 9.833840330783553441e+01 1.065513661357299497e+02 9.518605299452545410e+01 7.616151027992226830e+01 8.379901311110778295e+01
6.779948344387334846e-02 2.006779948283488935e+01 2.216513332146158533e+01 2.310095719453265417e+01 1.169502605874970413e+01 3.066940963650104734e+01 3.233030375206375595e+01 2.049707068132601506e+01 4.049457007533526820e+01 4.441029354299899268e+01 4.504687877229093118e+01 5.124780297882952596e+01 3.173572078451879719e+01 4.167884308621888323e+01 4.705735267932464438e+01 2.716415999009922544e+01 3.993956251747238895e+01 4.130717865811976708e+01 4.269974843620533278e+01 2.594553821491688339e+01 4.597676318751408786e+01 5.093489124435662774e+01 3.458521299061897736e+01 5.460351665333809734e+01 6.111268879882868532e+01 5.811187385989988741e+01 5.847276213736031281e+01 7.006299831334881389e+01 6.259744638215593682e+01 7.796356491391607335e+01 6.657519119475762182e+01 7.542542530165754044e+01 8.691379588069440842e+01 1.068314348124538924e+02 1.040159607967037516e+02 8.747690649617599945e+01 1.034252055333575413e+02
9.516927588586144779e-03 1.415165255131966227e+01 3.415165255311785586e+01 3.907137816767462368e+01 3.132793902610702474e+01 2.209502368031130004e+01 4.139273493253788416e+01 4.049457007533006703e+01 2.991652392747734623e+01 4.146698871469606473e+01 6.148627130859332368e+01 5.997602960724216814e+01 4.168223814284567652e+01 5.997602960665815175e+01 4.721042085711431469e+01 4.723151361729129150e+01 3.611362384283162896e+01 5.622289813639690692e+01 5.420420811413094242e+01 4.597676318750658453e+01 2.924817596928142649e+01 4.929481348061433721e+01 5.460491372262837473e+01 6.288765476332519455e+01 7.688828914665606362e+01 7.795698738308385600e+01 7.835337729490268543e+01 8.659607370916819491e+01 7.399755826273469950e+01 9.063652565930453875e+01 7.801494229512354650e+01 8.643003714112015246e+01 1.035701695900444435e+02 1.150614621434060183e+02 1.154949056566698431e+02 1.071380854511891698e+02 1.082303633320113647e+02
1.945935296826603253e-02 2.001945935296791035e+01 3.650524394596789790e+01 4.650524394596806843e+01 4.949063466206369100e+01 3.320595856139451740e+01 4.949063466206369100e+01 4.992813311402350251e+01 4.406442631970624291e+01 5.822037777427974703e+01 6.977850651785769287e+01 6.998123638677726888e+01 6.168796619143511606e+01 6.998123638677726888e+01 6.731102984372645892e+01 6.335303985792012327e+01 4.320137357116512078e+01 6.335303985792012327e+01 6.086710891284408831e+01 4.082330578343328398e+01 4.929481378049502638e+01 3.278720466368253739e+01 3.706555015720199009e+01 4.864611294923245310e+01 6.867477040587667148e+01 7.642609288583678051e+01 8.471762105468982895e+01 9.367205131280280739e+01 9.388413615424333614e+01 1.021157151322989307e+02 9.792399154276944273e+01 1.061602405589652989e+02 1.145936224242436197e+02 1.148731827863695827e+02 1.065858916270910868e+02 1.148731827863695685e+02 9.993597101391878823e+01
5.600688922766024203e-02 8.220972698504992238e+00 1.822097269850516810e+01 3.236310832223662004e+01 5.236310832223732348e+01 5.257622539115552485e+01 6.072539929682466209e+01 6.994927722763414124e+01 6.408437358264352213e+01 6.334493248318488412e+01 6.920523005311912357e+01 6.996006167923334829e+01 6.166614686667087142e+01 6.995854745903191940e+01 7.541453957901852334e+01 7.181048470442959797e+01 5.741063919120126258e+01 6.335303985792012327e+01 6.917123976678776387e+01 5.239876870464495084e+01 5.597080841720217137e+01 3.592049230983979413e+01 5.597080841720217137e+01 4.375558294097419321e+01 4.931757303671320614e+01 5.640104503880129272e+01 6.535565654803650659e+01 7.951482001887002582e+01 9.954752689806255717e+01 1.064335070700824843e+02 1.147710418445772689e+02 1.132474104705523246e+02 1.049324888452534452e+02 1.049848744264181164e+02 8.683974613189869274e+01 1.049921474006327884e+02 9.995785403437213290e+01
8.215197286175310309e-02 1.162915735658214622e+01 2.577129294929886782e+01 4.577127915855649576e+01 4.978968635883155258e+01 4.982902574888392166e+01 5.799467811132444695e+01 6.931766837987504459e+01 5.747130858200064552e+01 4.330543685715614544e+01 4.917446993719762105e+01 5.990054386657956798e+01 4.162613926781639861e+01 5.624472232128859162e+01 5.538962449383939202e+01 6.954540299784977719e+01 7.769926414056773467e+01 8.370989484981150497e+01 8.074253314478561094e+01 7.243507676513335980e+01 5.922244235516593847e+01 3.917802464672179497e+01 5.922244235516593847e+01 6.379641570607980583e+01 6.011613397291841920e+01 6.348041189578676580e+01 8.350736045642949534e+01 9.367205131280280739e+01 1.032834774371964954e+02 8.663237065913693868e+01 1.032834774371964954e+02 1.017818872888203430e+02 8.516272904125867171e+01 9.673022395107575733e+01 7.707821997809180914e+01 9.673022395107575733e+01 9.171144590997381840e+01
2.613274238814250472e-02 2.002613274238778729e+01 2.998185850813032260e+01 3.846148382383926645e+01 3.081262457836260893e+01 3.082026561949775711e+01 4.982902574135089679e+01 6.018695799497103138e+01 4.098680701150688321e+01 2.911899552235999877e+01 4.345088823941457434e+01 4.596131322057075863e+01 3.159374936920672994e+01 3.619954000427243557e+01 4.121419053411833744e+01 6.125502753439491244e+01 7.850351596490787642e+01 9.005966959772258917e+01 8.730514579804409436e+01 7.736303463646896716e+01 6.286641145455571689e+01 4.298540854400296496e+01 4.755750331641234396e+01 7.117214436912263409e+01 7.427790611006840038e+01 8.350736045642949534e+01 9.179654220564880518e+01 1.025471935264712897e+02 9.500131563296253034e+01 7.534263610182043180e+01 9.500131563296253034e+01 9.351841270060272393e+01 7.386914641925072544e+01 8.217390352368548179e+01 7.056457803030413345e+01 9.018093780986166053e+01 8.988846698600960394e+01
7.532853315450405152e-02 1.816105222795395546e+00 1.240084344838187214e+01 2.433944410543379178e+01 1.839906563518551863e+01 3.082026561953301780e+01 4.982902578286983442e+01 4.601900580679811270e+01 3.185104096117272832e+01 2.096800653696237049e+01 2.340548990125258655e+01 2.591765754604551120e+01 4.597429912490037651e+01 5.624477456848224222e+01 6.125502753439491244e+01 5.018194584954338922e+01 6.175298980811630400e+01 8.177039044197901774e+01 7.901111895360452309e+01 5.918460891140322389e+01 4.939228103477908149e+01 6.286641145455571689e+01 5.271282685696598946e+01 6.240135189603887511e+01 8.276419880990930267e+01 1.026018765144028890e+02 9.682166890775592094e+01 8.277554841340035807e+01 8.805092283014070631e+01 6.840604669751527922e+01 8.805092280990973563e+01 8.444422428070447495e+01 7.624289337812898282e+01 6.250113560348635389e+01 8.217390352368548179e+01 9.842127792910542894e+01 9.216472855330505354e+01
6.101047412966256744e-02 2.006099018372315257e+01 4.316087775751213051e+00 1.030513039998317915e+01 2.751630824986012769e+01 3.066523422220145179e+01 3.261577087316514678e+01 3.460632185252720205e+01 1.775208151808114110e+01 3.772164094232974918e+01 4.345088823941457434e+01 4.597429912490037651e+01 3.078348821848827654e+01 5.082161960415702850e+01 6.427005788639621642e+01 7.021333879754182306e+01 6.435079485522922482e+01 8.436677189308109348e+01 8.730514579804409436e+01 7.437581170593990976e+01 5.462753952538539437e+01 7.437581170593990976e+01 6.090395813189594776e+01 8.002011698248759330e+01 9.116091007055570117e+01 9.392460280042625698e+01 8.568328620826927988e+01 6.888376404477904202e+01 8.212776981108460461e+01 6.241327769909986500e+01 7.439510980713382082e+01 7.624289315837232550e+01 5.642013513545033732e+01 7.624289297855278846e+01 9.038654575698329552e+01 9.503616744647155201e+01 8.687862304630317567e+01
6.842009524227352091e-02 2.006842009524191894e+01 2.431482340396643593e+01 6.952644033870827300e+00 8.840326492896927846e+00 1.075896991195359220e+01 1.270694133702406781e+01 1.468296758322354201e+01 3.460632185252720205e+01 3.772164094232974918e+01 5.776001530544201756e+01 5.911722479480122416e+01 5.082161960415702850e+01 3.596082002376160602e+01 5.597367641370123437e+01 7.041673408962250846e+01 8.436677189308109348e+01 9.265623707458658487e+01 8.698545964829138200e+01 6.704785565294824323e+01 6.337199773590133844e+01 8.266083184892715963e+01 7.212173402227206509e+01 8.886087813427394622e+01 9.706026454272377180e+01 7.735475994950323297e+01 6.600269541937775841e+01 5.892843571344229758e+01 7.096023776480161871e+01 7.439510981018300129e+01 5.449393195765367182e+01 6.735898077474485035e+01 5.246905046017546681e+01 6.665308424441285240e+01 8.637088625163939071e+01 8.687862304630317567e+01 6.764082314886312020e+01
1.934550753332892059e-02 2.001934550753297515e+01 3.684172809776733004e+01 3.106036299003738321e+01 2.289661037646844477e+01 2.480697453409303321e+01 2.675348569881128569e+01 2.873992098752690438e+01 2.243992197253752252e+01 2.949548920001199193e+01 4.367997714787335184e+01 6.371349148981488497e+01 6.427005788639621642e+01 4.490358067205511361e+01 4.212699019806473189e+01 6.211679997698811917e+01 7.724030601352579595e+01 8.881637920833196631e+01 9.529199492424557150e+01 8.111853967356557860e+01 7.482100885083043806e+01 9.158146465455975260e+01 9.209580619829495163e+01 1.004092117590354150e+02 1.053560907282713970e+02 9.392460280042625698e+01 8.568328620826927988e+01 7.096023776480161871e+01 5.091784518590685593e+01 6.408575383043658746e+01 6.332094341228845025e+01 4.716795438430145282e+01 6.735898085990461936e+01 8.063215784383324092e+01 8.839296551287048942e+01 7.866232706209345338e+01 7.057660765704049766e+01
4.364784840791047227e-02 1.125885226467184985e+01 2.480829534341036080e+01 4.436599454538121279e+01 4.288592352355799875e+01 4.480832429343316647e+01 4.676991893825115909e+01 4.876659387583449501e+01 3.243375630315093616e+01 4.954765764763006075e+01 4.367997714787335184e+01 6.371349148981488497e+01 7.322657516033066827e+01 5.645941756393346367e+01 6.211679997698811917e+01 4.895550109903557967e+01 6.046090665594699232e+01 8.050826462710331555e+01 9.418193023531232200e+01 1.011494574206318333e+02 9.483066539923744642e+01 1.031444803785754232e+02 1.008862982084084905e+02 1.093350888196554394e+02 9.400675184359315040e+01 8.257334812276110370e+01 7.434918746770621567e+01 7.917397431723938439e+01 6.408575383043640272e+01 4.364695752063531131e+01 4.282727938271874990e+01 5.226042432246794078e+01 6.648324252010851865e+01 8.623736597128136339e+01 8.028265153648658270e+01 6.087056377759431314e+01 5.057816790870273849e+01
5.219006137575642884e-02 2.005219006137540205e+01 3.095682350349871470e+01 3.728143212424122055e+01 4.484084305899016698e+01 5.312631009834999674e+01 6.467429095097762115e+01 6.077351612063991837e+01 5.248246795822246469e+01 6.077351612063991837e+01 6.371349148981488497e+01 7.200119072254470609e+01 8.479420278921084275e+01 7.650001812903211373e+01 7.636170066590244687e+01 6.128280454110581132e+01 5.832077664532950934e+01 6.583439362739311207e+01 7.737046527001379559e+01 9.746435939946685778e+01 1.094924078499896041e+02 8.932305900694433376e+01 8.085818096038936176e+01 9.770944561992629929e+01 8.575336884574294061e+01 6.600074728056578977e+01 5.459622057176832755e+01 6.294480671298375540e+01 5.951550004105305192e+01 3.864702147929310172e+01 5.951550004106149316e+01 7.155908740448612093e+01 7.226909132256083979e+01 9.204676501647857378e+01 8.839296551287048942e+01 7.392191931995186849e+01 5.407353471492319130e+01
