MOVIE_S9_data/elevation_000859.asc
nrows	100
cellsize	150.0
xllcorner	0
ncols	100
yllcorner	0
NODATA_value	-9999
[rows 34 to 50 of 100, columns 37 to 73 of 100]
1.070828382123469140e+02 9.775741508284814074e+01 8.353647344168204825e+01 8.942148453309610545e+01 8.358109761717281572e+01 1.004127838387722278e+02 1.120249296350440176e+02 1.130918965612433311e+02 1.047754868938348807e+02 1.130918965612433311e+02 1.086629923727555251e+02 8.798608445296989089e+01 1.086629923727555251e+02 1.216215466657946394e+02 1.407725608700188786e+02 1.294573898080015226e+02 1.206792738790400392e+02 1.125515581516537367e+02 1.068669252655138706e+02 1.015914710962105971e+02 9.154537602220862880e+01 7.164943944830812939e+01 6.780287883415479655e+01 8.463273259892289957e+01 8.253867836617349951e+01 6.657926829231729471e+01 8.289547674875844052e+01 7.303493152782714048e+01 9.421794080047645537e+01 9.575082416961011234e+01 1.039662665709849705e+02 1.040223331953824157e+02 8.971043488467907423e+01 7.858155232621338371e+01 6.732258299610865038e+01 4.708414900128728675e+01 6.195504258882219517e+01
9.948479950676926364e+01 8.942148453309687284e+01 6.946274533527170547e+01 8.264992731116058167e+01 7.208241392828917071e+01 8.358109761717281572e+01 1.036757503113698817e+02 1.030439161077013779e+02 8.465280634871953680e+01 1.030439161077013779e+02 1.172303481019208249e+02 1.086629923727555251e+02 1.009995125405584702e+02 1.157631659308279666e+02 1.365449035400270077e+02 1.430071123706487128e+02 1.276443435027461959e+02 1.163272054771403248e+02 1.075338392427131566e+02 9.474103954494931656e+01 7.489527489827450779e+01 7.168565786631450010e+01 8.771624073149209266e+01 9.588978275951534158e+01 9.279081596923768416e+01 7.288604119318405594e+01 9.279079380517282516e+01 8.396710454183742911e+01 1.025053422933338680e+02 1.102380211261406231e+02 9.028269903092559900e+01 9.028530991672428740e+01 8.091553342852770925e+01 6.204504933063811478e+01 5.070883030900105126e+01 6.732258299433287618e+01 7.259687114917402084e+01
9.115231900853245861e+01 7.122401795791599000e+01 6.208767916483602534e+01 6.284279117552181759e+01 8.264992731116058167e+01 1.004127838353003028e+02 1.023444131518681672e+02 9.402696598316015297e+01 7.463209605505791444e+01 9.471609644157295804e+01 1.060135376125621178e+02 1.202565884524680655e+02 1.218499959517228035e+02 1.303613699039682388e+02 1.430071123706487128e+02 1.234797397443289526e+02 1.195307924213872042e+02 9.992312999136314033e+01 8.852013987635986325e+01 7.961773246706822249e+01 9.474103954494931656e+01 9.156340181703671988e+01 7.984760173566023411e+01 9.944887281587341477e+01 1.009864780451840574e+02 8.182284232751372599e+01 1.009481576875055424e+02 9.864786972366255213e+01 1.126370892470716569e+02 1.044179603684271882e+02 8.444282343569825855e+01 7.022843429246690050e+01 7.470540074333514724e+01 5.456402951110375454e+01 6.501730572318179213e+01 7.919394606856320706e+01 8.210124517685808598e+01
9.344378924092542604e+01 7.488092933700568210e+01 5.526349750844607200e+01 7.488092933700568210e+01 9.096932719904775411e+01 9.945465731737830595e+01 9.075814819022905056e+01 7.399470002735125718e+01 6.765937282815616527e+01 7.756709614943832776e+01 9.177044297512217952e+01 1.104635746255694357e+02 1.194697403834530149e+02 1.311005764006268350e+02 1.400441052597734881e+02 1.270630793867570532e+02 1.075042993764659656e+02 1.146930207694187800e+02 1.030698707485448011e+02 8.333043973586531195e+01 1.030698707485447869e+02 1.054528328565598088e+02 8.613448296842844343e+01 1.054528328565598088e+02 1.098832328799960152e+02 9.588259023373309731e+01 1.098737182667865113e+02 1.185145638764215477e+02 1.135630413153260179e+02 1.055800741129410056e+02 9.149945422258939232e+01 7.869790801849201500e+01 5.857964976785434885e+01 6.883051612672493036e+01 8.298212510494342098e+01 9.360647309262409976e+01 9.020627072391313561e+01
7.652733449107796559e+01 6.529830914087875726e+01 5.155832566239822512e+01 7.110142602885886731e+01 7.941639457653417367e+01 7.942030377151233722e+01 8.246377963933153410e+01 6.265396396779694754e+01 8.246377920604281542e+01 7.442101119928068442e+01 8.198238604198910195e+01 9.098974676993147170e+01 1.026109628765663757e+02 1.227355987238749861e+02 1.318917361760005917e+02 1.123267904358627760e+02 1.025143260694687797e+02 9.506611261682897407e+01 8.995597155482454355e+01 9.324606884863344192e+01 9.732155857909739893e+01 1.133902331083562132e+02 1.012309942235886382e+02 9.938504476523998221e+01 1.171912170580113752e+02 1.156781903579988580e+02 1.155598450840093534e+02 1.073899923772395795e+02 9.375751926549132520e+01 9.375631270473942891e+01 7.741418447142486059e+01 6.317432319822509612e+01 7.022710637871173844e+01 8.688619889791814899e+01 9.701493879923324926e+01 9.405207747545223640e+01 7.410094259941391215e+01
5.690184717992316621e+01 6.271677297726582623e+01 4.808540645167217775e+01 6.636132000184333890e+01 5.968343648229169673e+01 7.213147178613468213e+01 7.479883210951641104e+01 5.949284495182038057e+01 7.920706593821574870e+01 9.450597096630016836e+01 8.444020944461922795e+01 9.344669926201773080e+01 1.050637660508946709e+02 1.251946363407756593e+02 1.399612054852536289e+02 1.297937745518399879e+02 1.220906115835718282e+02 1.146930207694187800e+02 1.038899305886929909e+02 1.046181870484000314e+02 1.169475054906066305e+02 1.169474959505471219e+02 1.223801590180547265e+02 1.158247734897119727e+02 1.247643212917968043e+02 1.188375148051574968e+02 9.982896420978723029e+01 8.787573898183522658e+01 8.073987996508023457e+01 7.390522056731515477e+01 6.818377360791491526e+01 7.741418686340892918e+01 9.018927307668452897e+01 9.836355858679189623e+01 1.005152744753980016e+02 8.638211630946328512e+01 7.410094260117540443e+01
4.697165605047882053e+01 4.320661102740350401e+01 4.513937884040881698e+01 4.757540984236155168e+01 5.003148095521461869e+01 5.258230300096911236e+01 5.519794255218248935e+01 7.479883210951641104e+01 8.751867339218080133e+01 9.906810738521410542e+01 1.045717325952144137e+02 1.129212077099894032e+02 1.219276856729479164e+02 1.335620692248263026e+02 1.239544854631521673e+02 1.147760317827241465e+02 1.116205038036342643e+02 1.199792541343534253e+02 1.234620208609233458e+02 1.241981804596499188e+02 1.323087500581676750e+02 1.365152092243939421e+02 1.249811218276661151e+02 1.155445631979045942e+02 1.214867381117894212e+02 1.267944091775888893e+02 1.155598330148914954e+02 1.073899920620429498e+02 9.547904690646117842e+01 7.554044380943345516e+01 7.979181165947839816e+01 9.642266401349158400e+01 1.055862975254485292e+02 1.023288299757603852e+02 9.079235658961030708e+01 7.224895814352859702e+01 5.826590898452993628e+01
4.080751754366093564e+01 6.038927022649593823e+01 6.462771089561495330e+01 4.959011782577577065e+01 6.910476709169707021e+01 7.213147178613468213e+01 7.478450966829900892e+01 6.383864325768221448e+01 7.074620681058152627e+01 8.068413942677564421e+01 9.488376290954778369e+01 1.150092459765293711e+02 1.170273945693837874e+02 1.194134492442381514e+02 1.148038886918143362e+02 9.428003855484088547e+01 9.164400244847915644e+01 1.085509695366750549e+02 1.139798760194905896e+02 1.056600457954565115e+02 1.139798760194905896e+02 1.216279164683562470e+02 1.099945928202338479e+02 9.276886025277602243e+01 9.775409178068076699e+01 1.146377441339364793e+02 1.184756216265279107e+02 9.857156534527779002e+01 8.451984271722399455e+01 8.710724099269381782e+01 9.968936345029763402e+01 1.078962002365198600e+02 1.097365390041612727e+02 9.409432258081523059e+01 7.407035674849480245e+01 6.249573501297409450e+01 6.960164395338183851e+01
5.811348314412526861e+01 6.038927022649593823e+01 7.735796838741964621e+01 5.924906113189010881e+01 5.448333724761611307e+01 7.408327621685882036e+01 8.762743948527190696e+01 8.366547524618368925e+01 9.073125995601537852e+01 9.906810738521410542e+01 1.091226257215032547e+02 1.111948371244313734e+02 9.715137900341134980e+01 9.976575849454998490e+01 1.137204526254928538e+02 1.001343958615600656e+02 8.001995752545360574e+01 1.001343958615600656e+02 1.039011938024032986e+02 8.547408038788427120e+01 1.039011938024032986e+02 1.103296874593929715e+02 9.213690615045184984e+01 8.053862505351501966e+01 8.376142727862746540e+01 1.048629440477996582e+02 1.202006253494687940e+02 1.007005343946807443e+02 9.446992672046339123e+01 1.069151469484612420e+02 1.150966498905474964e+02 1.125667997548976729e+02 1.011007389979642994e+02 8.157794407362986533e+01 6.729033142565690184e+01 7.667733336524668175e+01 8.915437265503638287e+01
6.630519440918659768e+01 8.011967839413222237e+01 8.726205863570632459e+01 7.311486883724225549e+01 7.408327621685882036e+01 5.962978705436589877e+01 7.935527103552013273e+01 9.103475062457653166e+01 9.708932984988464909e+01 1.054366429285480109e+02 1.170616629805242894e+02 1.012081406268959682e+02 8.294819386081816504e+01 8.560983042686791578e+01 1.055618145893505329e+02 9.406175137919679230e+01 7.388105823176202591e+01 9.406175137919679230e+01 9.556705648168798461e+01 7.524006592626730594e+01 9.556705648168798461e+01 1.022363000829414545e+02 8.243962515752897957e+01 7.112444254934392518e+01 9.183598684941350143e+01 1.031265958386585453e+02 1.141354939164774862e+02 1.201548607638936517e+02 1.084554605660725457e+02 1.224409801914463003e+02 1.161029967127782072e+02 1.043376323180843599e+02 8.448080154066077796e+01 7.281549648802659647e+01 7.898172400244258995e+01 9.565724153889540560e+01 1.049073798139740603e+02
6.094179276184282656e+01 7.460563039525290208e+01 8.603704927773179634e+01 9.307301002584027572e+01 8.737246234590558913e+01 7.086928115448874621e+01 6.560952312253073160e+01 7.103664781802319794e+01 7.700856229605693670e+01 8.858629560355969090e+01 1.087046906396136734e+02 9.296056152026721975e+01 7.279955164023141378e+01 8.473494614002486003e+01 9.302446071583436549e+01 8.866386321805381954e+01 6.844261882141427122e+01 8.866386321805381954e+01 8.879139143567614667e+01 6.841069635539618332e+01 8.669863124478409588e+01 9.506056923829419247e+01 8.648712284997372990e+01 6.567829381343723583e+01 7.410802332419197569e+01 8.605916960543555660e+01 1.064828053170047895e+02 1.186578119717324284e+02 1.283926821661544295e+02 1.192799481917042357e+02 9.951981859027523569e+01 8.808114553429498983e+01 7.910024799688559938e+01 9.287328572348602052e+01 9.893328750547543393e+01 1.071616468784146150e+02 1.087462248253141439e+02
4.680806782583440651e+01 5.803590597964170428e+01 7.774573285819964497e+01 9.249307619130424030e+01 9.833716049019479044e+01 9.024253929264565954e+01 7.546739613391170565e+01 8.180501446789315878e+01 9.708932984988464909e+01 9.119561891153814770e+01 1.113180067299473279e+02 9.635543079518691911e+01 7.622814148964378944e+01 6.451980414969722233e+01 7.817889915444591509e+01 8.375604043825923384e+01 6.354338183469864276e+01 8.375631537714339458e+01 8.264638008876760011e+01 6.229777282585993703e+01 6.635863499973039836e+01 8.334305365239430330e+01 8.168223673410120966e+01 6.107781971283027644e+01 8.167696318302421332e+01 8.880704215583392624e+01 8.891238178372908862e+01 1.052820823759168576e+02 1.173722928492210400e+02 1.275436972800422097e+02 1.083492193797876553e+02 8.856096511272677674e+01 9.902094685973268895e+01 9.174971953638234368e+01 1.115329783175117626e+02 1.148717818348344792e+02 1.066329038492184367e+02
6.636625900418330559e+01 5.311250104614047274e+01 6.435190669829070487e+01 8.417824708554492474e+01 9.910723144138921725e+01 1.038460299727620395e+02 8.961432024345751302e+01 1.018769041353492213e+02 1.102280421053382327e+02 1.113180067299473279e+02 1.196776669455578599e+02 1.046115241076796281e+02 9.302424378854466624e+01 7.817889915444591509e+01 5.801940040844385038e+01 7.817889678313107993e+01 5.907213820083228484e+01 7.923402233612651457e+01 9.101921991269824730e+01 7.495532893738645441e+01 5.474068194702599044e+01 7.495532893738645441e+01 7.327426145529204859e+01 5.726599292859130941e+01 6.246490475064799597e+01 6.812271719346210830e+01 7.594587727273301425e+01 8.792480159486970592e+01 1.085323715097602104e+02 1.281689969666028901e+02 1.083492193797876553e+02 9.847186874787749389e+01 1.165820814160619250e+02 1.057340916159661930e+02 1.197749923224943700e+02 1.066329038585783593e+02 8.677012476591170298e+01
8.100449147228448510e+01 6.691454669653660403e+01 6.103225674914718724e+01 7.083014736357561958e+01 8.489587701828357069e+01 1.049699416332962585e+02 1.097206794649150794e+02 1.015151055540871425e+02 9.310015577536543674e+01 9.468198613132214803e+01 1.030917774137344622e+02 9.535970862776086676e+01 8.705120844508137168e+01 7.397680083368325654e+01 5.389687080847772194e+01 6.913961939525606226e+01 5.484779283100097302e+01 7.493332933077255120e+01 8.573177629025822455e+01 7.054413112632961713e+01 5.043963235925357225e+01 6.912311444598061883e+01 5.301499227802171532e+01 6.729345441313817844e+01 8.303727958061681136e+01 8.306183531589606162e+01 9.653720726590519519e+01 1.049930195435939027e+02 1.143322856315904374e+02 1.224722125660111374e+02 1.264868856180332415e+02 1.182265700116978593e+02 1.264868856180332415e+02 1.255327292390480522e+02 1.174925097735161899e+02 1.066329038185303943e+02 8.677012476590341805e+01
8.624312643414832280e+01 8.677488161304789571e+01 7.236625062784426632e+01 7.494990419710285323e+01 9.493290932579004959e+01 1.030917774137344622e+02 9.123363410041929455e+01 8.276743429379737904e+01 7.243471281222927871e+01 7.404537699931607619e+01 9.123363410041929455e+01 8.705120844508137168e+01 6.689533425711407233e+01 6.996209482130043966e+01 4.996606412332327807e+01 4.916527478169187759e+01 6.913962917650879092e+01 8.166548538224274978e+01 7.089677893068389380e+01 5.721558945709556099e+01 4.633863555707510784e+01 4.901840200683386684e+01 6.912311444598061883e+01 8.170642026034344951e+01 9.607501616567637370e+01 1.050279413729489164e+02 1.044742196929196325e+02 1.003767497290132553e+02 9.460811914044496973e+01 1.143322856315904374e+02 1.121895679222968880e+02 1.121895679222968880e+02 1.204658524958610997e+02 1.232623549993429606e+02 1.034495018572264229e+02 8.944923862594973230e+01 8.048853933511625769e+01
9.450006198293525017e+01 1.006610938736167782e+02 9.232731921007092524e+01 9.493290932579004959e+01 1.032696407820715052e+02 9.468198613132214803e+01 7.404537699931607619e+01 6.196604066914184727e+01 6.034653145249036754e+01 6.196604066914184727e+01 8.276743429379737904e+01 8.444040324655873064e+01 6.427664696438642977e+01 5.274729235210789113e+01 4.619471753052596341e+01 4.539603718152049794e+01 6.529823210128550670e+01 7.373040633466115423e+01 5.447459132090823175e+01 4.318782217481297181e+01 6.311920637572527681e+01 6.912311444598061883e+01 7.752296639079914087e+01 8.572859260506874080e+01 9.398665727907420830e+01 9.685050291439628722e+01 8.467973863416500535e+01 8.056717734887280358e+01 1.003851937524489131e+02 1.063332661746808157e+02 9.220067985358761575e+01 9.220067985358761575e+01 1.121895679222968880e+02 1.224856506171205694e+02 1.174925097735161899e+02 1.086244487879999667e+02 8.944923862594973230e+01
9.733247415130270497e+01 1.031517592201944495e+02 1.033161184227535898e+02 9.501126176011197799e+01 1.033161184227535898e+02 9.521281174946150827e+01 8.330255403078190568e+01 7.075774408508316071e+01 4.993645552845894287e+01 7.075774408508316071e+01 8.648579786750295284e+01 9.275290687019443681e+01 8.112752144243742691e+01 6.611499953241043670e+01 6.160488346609217558e+01 4.175541601640109945e+01 5.827471446469139238e+01 6.627629490298511428e+01 5.796119073753280304e+01 4.106173391332058742e+01 5.506296126535769986e+01 7.516082105852957795e+01 8.242943863671291638e+01 6.567736876083637299e+01 7.832008801208644400e+01 8.268460399552067486e+01 7.052232506934198852e+01 9.047740790620558471e+01 1.085401658530101656e+02 9.805528962053375608e+01 7.795421661826375725e+01 9.805528962053375608e+01 1.141455677534481339e+02 1.025064966828422541e+02 1.166317758936888822e+02 1.174925097765240594e+02 1.034495018572264229e+02
