MOVIE_S9_data/elevation_000265.asc
nrows	100
cellsize	150.0
xllcorner	0
ncols	100
yllcorner	0
NODATA_value	-9999
[rows 51 to 67 of 100, columns 0 to 36 of 100]
6.455108993161302877e-02 2.006455108993125691e+01 2.283042387955918073e+01 1.227178903362475282e+01 3.058701424880087671e+01 4.603300432978746670e+01 5.014736408304505488e+01 3.595610761770290509e+01 3.180896151461843147e+01 5.186167073065964672e+01 5.485645773984136042e+01 4.656835497093544518e+01 3.441093483986148271e+01 4.335603191105852261e+01 5.749912423685734097e+01 7.751175213746037684e+01 7.820382265008571210e+01 8.649466677585269281e+01 8.662953273462780146e+01 9.249283173416313275e+01 8.555914807318352189e+01 7.724137346705289531e+01 8.555959990704513984e+01 9.355864538610654790e+01 7.932469746384727216e+01 8.617527026925147027e+01 6.587956903385223484e+01 8.541973439766333343e+01 9.374094328255701214e+01 1.027591260470205441e+02 1.072941773857845931e+02 1.152715698043598707e+02 1.268269310137932422e+02 1.093682405068748835e+02 9.963016898261112431e+01 8.519770419831428399e+01 6.588105226731148889e+01
3.995603441288197999e-02 1.432857898794499985e+00 2.828098913719961249e+00 4.232712646807285317e+00 2.424022980962906004e+01 2.621889362401847734e+01 4.170884087830257414e+01 2.180565399142781047e+01 4.183531612284944856e+01 4.748680048780786223e+01 4.022897243507458143e+01 2.652146719863201696e+01 3.811354228771775610e+01 5.811784387233024063e+01 7.165103104649507770e+01 7.493938522186671491e+01 5.819012313439248629e+01 7.493938011160639689e+01 6.661154852644078517e+01 7.247466953591317917e+01 7.654890100521939189e+01 8.287911020375459259e+01 9.044618780892348298e+01 9.873738102002570827e+01 9.950523193206788619e+01 9.449429966374702872e+01 7.607308224170373023e+01 9.449429966374702872e+01 1.057057341793669423e+02 9.775473912002762233e+01 8.821530085427126266e+01 1.042258942591558508e+02 1.152715698043598707e+02 1.013032042127244097e+02 8.182527179876760215e+01 7.208194463607695468e+01 6.537350061563763859e+01
4.804567899273937126e-02 2.004804567688510275e+01 2.283042387945982554e+01 2.424022980962904228e+01 6.250112468406631372e+00 2.626170600809416555e+01 2.955552873658735180e+01 1.645480853537953081e+01 3.287358902630605684e+01 1.547110257296093927e+01 1.989569919401647624e+01 4.022897243507458143e+01 5.485645682463344741e+01 6.640735881680130603e+01 6.424525739746395914e+01 5.595532596441599082e+01 4.664285484472443244e+01 6.664890775935822376e+01 5.246353781905975922e+01 6.837810162369852662e+01 5.653460047029647484e+01 6.286127855423866606e+01 7.042558231412041891e+01 8.458208746649629006e+01 1.046033783867277833e+02 1.045691980727494439e+02 9.627745850597284516e+01 1.045691980567063695e+02 9.464580457975472427e+01 7.861455006792887445e+01 7.712930875243668538e+01 8.821530085427126266e+01 1.072941773857845931e+02 1.093682598762896561e+02 9.963031281303911157e+01 9.156423723301948314e+01 8.467620061074316595e+01
9.707512844716031930e-02 1.164408051223957585e+01 3.164408050823195140e+01 3.398706182772579609e+01 1.945093331609238163e+01 8.306841338131453867e+00 9.781991084429865424e+00 1.128280475356056023e+01 1.286164499827838803e+01 1.454952014724621279e+01 3.447431331960093104e+01 4.524876769923460529e+01 5.303993729637798538e+01 6.132873783326621009e+01 5.595513352782403871e+01 3.595657366368102004e+01 5.370444786650119795e+01 5.762669098740790474e+01 4.352184820187252967e+01 4.836997648399280081e+01 6.837810895686965296e+01 8.287911020375459259e+01 9.044618780892348298e+01 9.873738102002570827e+01 1.073621734424060037e+02 9.940014086295751383e+01 9.940014086300811869e+01 1.005446800508533443e+02 8.670414581845827229e+01 6.741116756548643707e+01 8.670414581845827229e+01 9.701547948571609936e+01 1.080828571563879734e+02 1.105303291493671338e+02 1.054383981123240659e+02 9.751100142975830920e+01 9.549916851797156880e+01
5.001202446392439237e-03 2.000500120021688488e+01 3.992834870316730189e+01 4.567314503317033569e+01 3.554714974642611480e+01 1.986498764202210054e+01 1.979329066280455152e+01 3.129642690519005299e+01 2.701473480867787202e+01 3.447431331960092393e+01 1.698106287929163827e+01 3.696226375326617841e+01 3.303879904630938569e+01 4.345384078917900439e+01 4.545366905789430234e+01 2.992769959064403551e+01 3.370706109235925396e+01 3.762781266101099220e+01 5.762669098740790474e+01 6.837810795147123599e+01 7.666944817521851974e+01 9.101568412395656082e+01 8.939744310052350329e+01 9.768871955277805341e+01 9.940014086298479867e+01 8.021346207966092834e+01 8.021346207966094255e+01 9.258814538134109284e+01 7.334396529256150643e+01 6.233319178355230150e+01 6.979104023719705197e+01 8.097342907256943079e+01 1.001199691051264438e+02 9.145185172201722423e+01 9.145185172201721002e+01 7.843077932318340117e+01 9.441258391215767176e+01
5.279685921607564503e-02 2.005279685921356503e+01 2.894432929623006245e+01 4.894432929621807205e+01 4.815398682057809765e+01 3.987007551080613155e+01 3.979791755291252997e+01 3.979791755291150679e+01 4.701811433846625476e+01 4.337835744731446397e+01 1.762551357193088108e+01 1.942290655066992500e+01 2.145572534569076950e+01 2.344950068647275288e+01 2.545433713622790961e+01 4.545378613235328658e+01 5.228254345796576530e+01 5.544442941131519831e+01 5.961469900185111470e+01 6.397991181763486424e+01 6.270738215491898160e+01 7.524152088577845632e+01 6.937794591653243970e+01 8.939744310052350329e+01 9.847342704424796977e+01 8.583311018685527927e+01 6.649089695698370406e+01 8.583311018685527927e+01 7.687533813610671984e+01 5.741050011452323076e+01 7.147676340107499016e+01 7.946090591599677566e+01 9.592229552096578971e+01 8.799350493751296653e+01 7.229868232334796119e+01 6.729500039279062662e+01 8.570394782563963076e+01
5.738623160518319517e-05 8.944329296230684179e+00 2.308646491996188743e+01 4.308646491997570394e+01 4.224301350836078939e+01 4.980230296854453798e+01 5.808657421125346332e+01 5.979813214033686108e+01 5.516698102344734878e+01 3.474848603788547763e+01 4.337835744731447107e+01 2.712653652051776376e+01 4.149225396032638713e+01 3.759547463705196435e+01 4.545378613235885013e+01 2.923526025769477599e+01 3.228537958818417053e+01 3.544690670824412138e+01 3.961478850143414832e+01 4.397599351495743036e+01 4.856161425272542687e+01 5.522754330895421759e+01 6.678042889983706232e+01 8.679958748233116239e+01 9.051815050003598628e+01 7.123619062711186700e+01 5.994289918971097819e+01 7.175960956690113335e+01 6.813467565368797807e+01 7.133340578456922287e+01 5.196593735919067569e+01 7.147676340107501858e+01 8.484237593162998792e+01 6.878214613602546024e+01 7.790851575900362036e+01 5.858972088323627503e+01 6.869019877434421062e+01
4.532054705376769438e-02 2.004532054705341082e+01 2.834278713754189738e+01 3.281492309254107909e+01 2.224301350836226021e+01 2.980230296854667316e+01 4.134930835233878099e+01 6.134930835233367219e+01 6.345085354057439275e+01 4.670740440519824688e+01 4.713595004355227047e+01 4.127700794594432665e+01 4.713595004405893718e+01 5.759718780561378537e+01 3.992277734019537405e+01 3.817714191446986405e+01 5.228254345797413549e+01 5.544442941131519831e+01 4.300183494988621646e+01 5.714314256799692515e+01 6.857019502683702683e+01 6.011036729402392353e+01 8.012653462149977202e+01 9.509112672266273592e+01 9.663191638302457420e+01 8.545018836097530368e+01 6.608878621271909992e+01 5.223874349514768056e+01 4.861255855422712102e+01 6.275343634729168230e+01 4.845971405554875844e+01 6.826348490614819298e+01 7.690167369043054180e+01 5.760241029815933445e+01 6.575966775999407332e+01 5.301199603621409295e+01 7.075193776271480317e+01
9.001595176218035732e-02 4.172498856400792988e+00 8.342787137542252651e+00 1.281492309254179318e+01 1.988599090440714434e+01 3.988599090440643380e+01 5.808657421159156797e+01 6.963357959233654526e+01 7.500212475083270647e+01 6.672297758923649269e+01 6.714217561908569110e+01 6.128068752119452256e+01 6.714217563132781663e+01 6.821406016550992035e+01 4.886427127224255429e+01 4.972093251189687635e+01 6.646700141471306722e+01 6.903764629473262460e+01 4.902916752862129357e+01 6.903764732230067125e+01 8.544768996722343957e+01 7.166505918364657646e+01 8.841823125244840753e+01 9.975036504695826522e+01 8.057234660469333676e+01 6.937572941639301405e+01 6.061306324394129064e+01 7.175960956246943567e+01 6.317610350264138219e+01 4.366655195827100044e+01 5.989912063278691789e+01 6.767964293508703122e+01 7.773834812225719304e+01 6.570567881390282139e+01 4.645212377639099088e+01 6.575966775999407332e+01 8.009751125399233729e+01
5.674351268809080251e-02 2.005674351268773492e+01 2.834278713754189738e+01 3.281492309254107909e+01 3.988599090440643380e+01 3.253510154508021657e+01 4.667723716881067020e+01 6.667723716880561824e+01 7.272384812502775731e+01 6.443962570562459291e+01 7.272384812502775731e+01 7.171272156703771827e+01 7.999703466696091425e+01 7.716285943890147792e+01 6.041269931038996788e+01 6.972911491804636341e+01 7.802008417228795167e+01 7.732892579747897344e+01 6.317490551024204137e+01 6.168077648059952622e+01 8.169705065391984533e+01 9.168512502310535695e+01 9.997621029453102892e+01 1.077113806277975527e+02 9.365976242759687409e+01 7.440660463583985518e+01 8.004572399379041769e+01 7.126300118493574587e+01 5.747924636973897350e+01 5.165956425654450612e+01 4.040010091324240449e+01 5.103459566181614804e+01 6.471609316014811952e+01 6.210139230085132311e+01 4.275135595536732325e+01 5.643740912055579884e+01 7.577547982817735317e+01
9.518805923843161321e-02 2.009518805923807605e+01 3.244540475995253814e+01 4.072967600741473859e+01 4.967394791741404703e+01 5.253510154507864627e+01 6.081937279006745456e+01 6.809164842477304092e+01 6.272187076333197808e+01 4.443398405411004148e+01 5.756878958746151653e+01 5.171018113623845380e+01 7.171272156703771827e+01 7.589291121560447095e+01 8.042744781822368338e+01 8.871876045550548895e+01 8.801620085462498366e+01 9.020341488831212473e+01 8.319155811758999164e+01 7.583336978368488701e+01 8.998860470143948476e+01 9.929646660271578185e+01 9.108025253348044714e+01 9.929646660271578185e+01 1.016189019090588346e+02 9.365976242759690251e+01 9.846094472411186871e+01 8.486197295475329838e+01 7.090145004508038085e+01 6.764671114343711622e+01 5.103902066874105969e+01 3.727205616836879898e+01 5.378375586519474894e+01 5.867337067751996926e+01 3.927710058702314910e+01 5.867337067751996926e+01 7.449680440040025076e+01
9.062254805971975413e-02 6.120849439615018817e+00 1.244540475995183293e+01 2.138967666995114669e+01 3.553181229368259864e+01 5.553181229368330207e+01 6.222742753264771665e+01 4.808369747990153087e+01 5.443680487927939282e+01 3.441013668358842637e+01 3.754838983680981812e+01 5.756878958746151653e+01 6.324480178011324227e+01 5.589449426058928339e+01 7.003561683174766017e+01 7.948978771451358227e+01 6.801999859581998464e+01 7.020741660121457528e+01 9.020341488831212473e+01 9.585322853626836093e+01 9.894298652904710423e+01 8.932212552212546086e+01 7.108476973890398654e+01 8.108251113619219552e+01 1.010158144969581571e+02 9.555086269503395613e+01 8.760585493146749059e+01 8.760585493146749059e+01 8.960393892267937588e+01 7.781813260134467214e+01 6.470776013011099792e+01 5.378375586519474894e+01 3.426589331367691216e+01 5.085776948653151663e+01 3.593689874721439281e+01 5.538842655621338196e+01 5.656283523436498228e+01
3.063233560239582431e-02 2.003063233560203926e+01 3.244540475995253814e+01 4.072967600741473859e+01 4.967394791741404703e+01 5.077359922273640080e+01 4.592680342037475327e+01 3.390403524419469505e+01 3.977365725946550157e+01 2.680320018455752518e+01 4.686743578557673118e+01 4.593216868050875235e+01 4.324107269717104884e+01 4.174753887870686242e+01 6.175189497354310220e+01 5.949258841872087800e+01 5.387888860378616585e+01 6.387845084068102608e+01 7.801857935558891199e+01 9.801382245741285715e+01 9.072523694084190993e+01 7.077628954050200605e+01 6.114594651368766876e+01 8.108251113619219552e+01 9.361998109834611626e+01 8.760585493146749059e+01 6.752506989002075954e+01 6.752506989002075954e+01 8.153796629252737205e+01 8.134708622616201978e+01 7.389939213312356969e+01 6.181600050960856407e+01 5.085776948653151663e+01 3.132870796882522413e+01 5.084800730497436660e+01 5.652887007325521296e+01 3.861025954520689396e+01
5.666595628964066211e-02 1.419880158002071546e+01 3.419880158002141712e+01 3.953968754635189953e+01 4.032527823719456705e+01 2.765097734637131666e+01 2.587805230609726692e+01 3.371946224757721211e+01 1.969413974409061296e+01 3.855535156909827776e+01 4.155331628837164004e+01 2.586574622643470889e+01 2.906471941926434255e+01 4.910002929654340420e+01 5.804699713725012344e+01 4.535037358112055728e+01 6.534963363588548191e+01 8.215853535947765351e+01 9.215624556153676394e+01 9.183497590919034792e+01 8.360799853370967583e+01 7.443698959409967131e+01 5.460210380253960238e+01 6.548204450846613156e+01 8.539365648338247183e+01 8.760585493146749059e+01 6.752506989002075954e+01 5.295891992780818214e+01 6.426211707459226830e+01 7.131565730529172242e+01 5.762579104892673598e+01 6.119844526351185721e+01 4.914648453222359592e+01 2.956719062919458452e+01 4.695056348612349240e+01 4.714701152919920446e+01 3.448302770029171427e+01
2.110006612196471329e-02 2.002110006612160831e+01 2.360869253091678743e+01 1.953968144336653623e+01 2.376502389558009654e+01 9.893969331436320402e+00 1.180429727705699428e+01 1.372996770041091175e+01 1.605772141949049825e+01 1.844737504807322992e+01 2.144235865240280603e+01 4.155331624411570601e+01 4.910002928464615479e+01 3.425600877197499727e+01 3.804402681213147019e+01 4.471402268837099570e+01 5.626142567125621952e+01 7.040231729645049086e+01 9.039904685463041289e+01 8.360799853883459321e+01 6.370923821975368639e+01 6.913589333736562992e+01 4.939282784311900798e+01 6.913589338517863325e+01 8.441246939192687648e+01 8.795779589546307875e+01 6.849666025458046192e+01 5.404449439907588015e+01 4.398570826551546276e+01 5.725581531670888324e+01 6.118783624020323231e+01 4.418060091908231612e+01 4.845115797421905057e+01 3.155852573464735045e+01 2.696930740213334943e+01 2.737242244011327941e+01 2.778441004891468324e+01
9.367352646185668485e-02 1.847789565075916851e+00 3.608691377727168526e+00 5.397545759727007564e+00 7.221360781892427028e+00 1.536701586222872429e+01 3.000366684645462456e+01 2.033394710292309426e+01 3.611691185646796498e+01 3.855531520252424826e+01 2.482508766749642959e+01 4.489605463915435735e+01 5.730837033498166022e+01 5.426679106833410771e+01 5.218958108140520125e+01 6.471349209689067550e+01 5.885632767432262824e+01 7.885393788290346606e+01 8.994327224028545231e+01 6.999367759656048804e+01 5.855137906628777245e+01 4.978629195126524820e+01 4.504325328279456642e+01 5.633585406492152714e+01 7.617581856659377593e+01 8.664897527194246152e+01 8.237348480403635165e+01 6.885877972176042761e+01 4.868835996976121550e+01 3.738721792316263048e+01 5.070611893095685474e+01 4.532315197844474142e+01 3.353634814396702524e+01 2.642379545952757525e+01 4.327473005787100391e+01 4.709697770381421122e+01 2.858245602298777399e+01
3.648181865326004941e-02 2.003648181865290567e+01 1.775082703802468487e+01 2.112386606121527066e+01 1.435221223080234942e+01 2.298959799036791196e+01 3.847696415915013546e+01 4.041379644793251202e+01 3.108099947048842182e+01 5.113332964244168721e+01 4.489605463915435735e+01 3.174426550290850457e+01 3.731573113335173275e+01 4.488445759693874493e+01 6.485745304615919338e+01 8.047169438179935241e+01 7.885393788290346606e+01 8.713788626154897088e+01 9.816011874167836027e+01 8.666121729573210075e+01 7.470900235854516325e+01 5.490359383003729477e+01 4.106167433449155624e+01 5.613760795470781773e+01 5.666324009961368802e+01 7.575287799481611728e+01 7.517864175712779229e+01 7.634386262938247114e+01 6.278889562436445004e+01 4.276948175001961516e+01 3.131861813579702769e+01 2.714138670946870846e+01 2.589417813212805086e+01 4.576436015355014320e+01 5.329979430809336094e+01 5.775217065977196285e+01 3.861330388422366866e+01
