MOVIE_S11_data/elevation_000746.asc
nrows	100
cellsize	150.0
xllcorner	0
ncols	100
yllcorner	0
NODATA_value	-9999
[rows 51 to 67 of 100, columns 0 to 36 of 100]
6.455108993161302877e-02 2.006455108993125691e+01 3.528913113457414852e+01 4.361376151557021785e+01 5.259364820846332123e+01 6.420621704009002428e+01 6.886740117212372070e+01 5.835974066195985444e+01 4.129233145522279358e+01 5.835974066195985444e+01 6.622232377883800325e+01 4.823099743169323261e+01 2.913451922449049647e+01 4.246583174450187670e+01 6.214933862303848144e+01 6.860972574932068824e+01 5.724763759161426435e+01 4.898920867560319437e+01 3.863372553110758645e+01 1.868851325552645548e+01 3.868714119597371592e+01 4.167911274734217386e+01 2.618037692636661617e+01 4.665959722233422013e+01 6.139592564843169953e+01 5.601629923026377611e+01 4.185469269615117582e+01 2.878241775744299602e+01 3.008029313799997695e+01 3.141868378875964041e+01 3.273768111686852222e+01 5.296651607654631277e+01 5.602578515747136834e+01 3.794045974524072307e+01 5.796223538607489445e+01 6.140316443424701021e+01 6.289185748067341564e+01
3.995603441288197999e-02 2.003917776601995371e+01 1.525005094944078365e+01 2.419675304647764946e+01 3.576134879750395612e+01 5.587659813649888463e+01 4.841045730799288549e+01 4.994494902605078579e+01 2.914379973245962319e+01 4.994494902605078579e+01 5.752251186780807757e+01 3.844364149421048182e+01 2.525220852094812329e+01 3.844364149421048182e+01 5.793281751199383223e+01 7.548866459142882945e+01 6.759492923367581341e+01 5.127451340165846005e+01 3.780829634605680667e+01 1.780971535056949762e+01 3.779406356862381244e+01 5.483946909946115511e+01 4.665959722233422013e+01 3.314506818064680260e+01 5.314974092817711693e+01 6.980433772823049310e+01 5.759935997924910112e+01 4.941251191443418378e+01 3.480948594181351297e+01 5.176983478898247881e+01 4.444314700773476545e+01 5.826826990449068688e+01 6.542487382108836869e+01 5.053703614895098184e+01 3.992968459009885862e+01 4.141947003789177018e+01 4.291899032752736787e+01
4.804567899273937126e-02 5.821549038078687843e+00 2.583416626008381556e+01 4.318228342228632499e+01 4.598393895621606475e+01 3.785589786483159713e+01 3.413721088381754498e+01 4.259063216506255145e+01 2.171811742789507704e+01 4.259063216506476124e+01 4.386566499464795044e+01 3.020881812148779844e+01 2.172604207969768098e+01 3.238253509881653258e+01 5.160997526515113520e+01 6.759492923367581341e+01 4.804398925280816712e+01 4.319159310472198854e+01 2.328807933747386016e+01 1.693351826482467359e+01 3.699911622855738358e+01 5.328343083771304833e+01 5.808583291513012625e+01 3.834059779855839167e+01 5.808583629852304142e+01 7.443240919133032207e+01 7.130142503211475002e+01 5.131111984335346676e+01 4.163966547005577468e+01 4.498056512956955544e+01 6.369462867871366285e+01 7.134411903130461496e+01 7.639615437364820139e+01 6.382393385793162111e+01 4.412335561910113313e+01 6.140316440470184034e+01 6.289185747847492536e+01
9.707512844716031930e-02 2.008256141595130728e+01 3.366875249229537559e+01 4.053049080598979259e+01 3.397437645003294904e+01 1.776527092428283083e+01 3.784742335063504015e+01 3.629731632741400205e+01 1.557372589708738531e+01 3.122404868652769139e+01 3.150485770243759021e+01 1.707451348237371036e+01 3.580712744137832715e+01 4.863575260677480827e+01 5.984881402350751500e+01 6.759491624485606565e+01 4.804398920699754427e+01 3.397473466636232331e+01 3.600354379397453641e+01 1.607055446014378219e+01 2.504834401946820321e+01 3.917945996367468098e+01 5.913684152692641760e+01 5.808583629852304142e+01 4.641682748560815952e+01 6.613626154006288971e+01 7.960338700754012109e+01 6.870618432956833033e+01 4.874603277500064991e+01 6.490071870926026065e+01 5.651415402287984335e+01 7.635697878296204522e+01 7.562044021309745290e+01 5.567079652930946310e+01 6.410250806202527940e+01 5.169622597516268314e+01 7.162829168773568256e+01
5.001202446392439237e-03 1.991161133238700742e+01 2.107992774984887774e+01 1.950111723450437040e+01 1.509309145552644082e+01 1.020628557012221727e+01 2.376189790210157682e+01 2.438979304374120716e+01 1.019120948568362550e+01 1.724931515484915678e+01 1.267668428384487278e+01 3.150485770243759021e+01 4.386566499431932442e+01 5.051919670653438033e+01 5.051895628514541414e+01 5.878815911232008062e+01 5.177289713934441551e+01 4.154994161066099423e+01 3.404052276717635550e+01 1.521878437409524665e+01 3.523697983469052275e+01 5.325649508456846348e+01 6.413999310603300330e+01 7.443240919133032207e+01 6.029449475389098723e+01 5.771896626974553612e+01 7.763450071018910137e+01 7.700136364679447354e+01 5.872799326735102454e+01 7.700136364679447354e+01 6.797154673521153256e+01 8.460384911519149398e+01 8.393795399089829345e+01 6.717162594637520101e+01 7.739364185408400942e+01 5.746444227174574593e+01 7.739364185408400942e+01
5.279685921607564503e-02 6.676723211174216965e-01 1.282838573038287411e+00 1.898879676671985539e+00 2.516387196886825883e+00 3.135371645036812982e+00 3.758548509660248005e+00 4.386932321110747601e+00 5.016247706888337099e+00 2.060748235619794499e+01 9.593213825952755514e+00 3.222277555232961532e+01 4.467478169845896474e+01 3.056152963431952330e+01 3.056152907053002821e+01 5.051895415138451995e+01 4.366317588425705765e+01 2.518692638724932209e+01 1.403052106326225967e+01 3.395570768644655146e+01 2.594018221302891547e+01 3.593886696940224823e+01 5.004427356528919546e+01 6.995937646947228927e+01 8.023953414164540732e+01 7.175428232634233439e+01 7.763450071018910137e+01 8.699540176410799575e+01 7.868437539178577822e+01 8.699540176410799575e+01 8.781169198189735425e+01 9.607844040691323073e+01 9.550500931344932098e+01 8.716173513329627554e+01 8.571240455202809017e+01 6.740787861366966638e+01 7.153191861670492813e+01
5.738623160518319517e-05 1.997383060013304501e+01 2.132740151983224663e+01 1.623175961911569587e+01 1.657668828745820733e+01 1.207943752264572090e+01 8.921956373505906868e+00 2.438949743530035619e+01 2.501929706638967943e+01 5.914718994164253729e+00 6.550992924908969783e+00 2.656509481706179798e+01 3.511323387360747006e+01 1.641826331443801834e+01 3.000818135730206748e+01 3.067768770039571535e+01 3.134851100759307485e+01 3.202143521076116173e+01 1.319775178135475180e+01 3.320165174553283549e+01 4.590730724657333184e+01 5.416938880780543286e+01 5.915980197439787247e+01 6.743698853536544391e+01 8.155412857722879494e+01 9.183060368218771430e+01 9.773390543510652151e+01 8.819001907234552107e+01 8.018230090404580324e+01 8.819001907234552107e+01 9.160675186891710098e+01 9.160675186891710098e+01 9.993266234131402825e+01 1.048344315707111463e+02 9.572348221309327698e+01 8.148823192380164926e+01 9.154509359264234547e+01
4.532054705376769438e-02 2.004492141510035452e+01 3.839823588292765066e+01 3.733760117155498648e+01 3.605234291979655126e+01 2.207804424363403228e+01 2.887451997063184095e+01 1.675153836673790408e+01 3.494031463841788110e+01 2.789412359468541069e+01 2.649918608743090331e+01 7.472514411731875583e+00 2.694942904929340699e+01 9.346926362243516806e+00 1.001444110180784364e+01 1.068231299951915858e+01 1.135088295802105662e+01 1.202016074175760352e+01 1.316797179171475918e+01 3.448054548984340784e+01 4.305456996068740949e+01 4.654179312722552453e+01 3.920900595518744325e+01 5.331984849350202182e+01 6.435204535497067013e+01 7.262372162556783906e+01 8.497367109201864821e+01 7.698968336537372181e+01 6.137342780671740883e+01 7.870892230622860097e+01 7.174164597280770295e+01 7.174164597280770295e+01 9.160675186891710098e+01 8.481112273664514589e+01 9.899998704306955233e+01 1.016019552614852444e+02 9.927267089327358462e+01
9.001595176218035732e-02 1.009003074167494240e+01 2.423362481228451415e+01 4.426168458955428520e+01 4.993476723238794790e+01 3.618195273388286637e+01 4.230835164862768494e+01 2.249821529800957620e+01 4.231919532121396088e+01 4.465732251463622760e+01 2.994557024843296844e+01 1.063919426814319458e+01 8.406901636493309127e+00 2.842455336652693987e+01 3.000818024592970801e+01 2.495113185779474207e+01 3.109459307573508724e+01 2.863387703046610611e+01 1.530134376021943687e+01 1.471549280272530247e+01 3.479004201394290874e+01 2.652402978209329376e+01 4.654162872530690009e+01 5.025413992606679869e+01 4.441460271316400110e+01 6.435204535497067013e+01 7.698968336537372181e+01 5.813449654117351173e+01 5.193796811540391190e+01 7.077786435535676901e+01 5.789181082510708620e+01 7.155994821347695733e+01 7.811875180351212578e+01 7.082135530405915347e+01 9.067581411235050837e+01 9.294133869736171505e+01 7.930534360114124581e+01
5.674351268809080251e-02 2.005674351268773492e+01 3.644640509099227899e+01 4.477703350152360429e+01 5.477674019749746037e+01 5.575451335115085527e+01 4.892691033563706782e+01 2.910606962736602199e+01 4.892657873364463228e+01 3.630503201287762494e+01 1.620431293036157072e+01 2.994769079919336363e+01 2.856802154580832820e+01 1.783878447563773406e+01 3.813638100238554074e+01 4.551569061149412931e+01 3.796738912377605857e+01 1.903069760465051274e+01 3.378898301333234144e+01 3.479670429135808973e+01 1.635884971234660767e+01 3.653302337116918608e+01 3.957621194991317992e+01 3.027972738845457812e+01 5.024920232206316228e+01 5.912402458005606576e+01 6.286274774662500420e+01 5.622838334051338194e+01 4.471758737358095459e+01 6.365705290144247641e+01 5.058778463576405926e+01 5.199699678454094709e+01 5.844234103340639308e+01 7.811875180351212578e+01 8.716839273764738039e+01 7.306323191527886252e+01 6.793490211649437072e+01
9.518805923843161321e-02 2.009518805923807605e+01 1.641546860762474935e+01 2.641798405890029144e+01 4.059444487815535751e+01 6.081007903467576625e+01 5.719479709824960167e+01 3.898895426179329604e+01 5.719479709824960167e+01 4.119951090415810313e+01 2.101905745305261775e+01 4.119951090415810313e+01 4.676339748343257696e+01 2.680422327016473005e+01 4.676305233403199679e+01 5.515023870098543313e+01 4.192237390173536937e+01 2.218660865807866145e+01 4.198990095954831503e+01 4.448370728510266758e+01 2.793743211493659473e+01 1.816825149602827949e+01 1.948570727394848134e+01 3.957797785582765471e+01 4.685196349887440448e+01 3.951406780304684219e+01 4.390894887342952302e+01 3.712871025860111018e+01 5.622838333733843541e+01 5.722317257543655700e+01 4.379191682324510282e+01 6.321827769611870451e+01 7.811875180351212578e+01 7.994978522943596033e+01 7.170126523951978470e+01 5.921084607553650159e+01 7.888539459460068315e+01
9.062254805971975413e-02 6.415178262286445054e+00 2.642180760931342931e+01 4.477703350152341244e+01 5.266735011522646204e+01 6.091707680302698691e+01 6.715190317595751424e+01 5.301415825126913006e+01 5.777411802053839551e+01 3.747445295942107890e+01 2.710827032558579575e+01 4.728217074499080752e+01 5.590400922728377253e+01 4.113766336501939946e+01 5.590322306467930957e+01 4.741626455704031429e+01 2.749111737812927103e+01 4.198989837478107745e+01 5.032065650734658391e+01 4.704294650244121812e+01 4.596840684321997372e+01 3.831379981265891388e+01 3.769697201847630907e+01 2.137203590900024608e+01 3.663839954183459469e+01 2.559129067490593457e+01 3.016841246997726955e+01 4.912647146619759297e+01 5.150134942290110018e+01 3.781952624559695408e+01 5.682637603107409063e+01 5.957035175656415760e+01 6.240130949103828328e+01 6.536892199183103003e+01 5.218367254569047731e+01 7.170126523951978470e+01 7.989279914071751421e+01
3.063233560239582431e-02 5.047722686111788981e+00 2.509581433337579170e+01 3.862671541750142268e+01 3.281089410137751372e+01 5.266735011522646204e+01 6.827227768006231656e+01 7.298974709987524534e+01 6.626315702289042520e+01 5.574800237040990680e+01 3.869634988619483096e+01 3.981013675711661648e+01 6.013974212219812188e+01 6.194346656041567911e+01 6.566934786592507578e+01 4.561414170280610847e+01 3.153996697291038132e+01 5.148817558988939425e+01 6.695722045062554173e+01 6.612979261419224031e+01 6.277527823561072040e+01 4.768010530094958455e+01 2.773845663373837311e+01 4.140094685826858978e+01 2.332209935570097059e+01 4.357747933265646623e+01 2.802582677446059733e+01 2.975732452063784805e+01 3.201550509742290984e+01 3.474712859885231353e+01 3.748550866733609155e+01 4.027152600231010382e+01 4.310354775501304658e+01 4.603027663531759117e+01 5.026815405426869887e+01 5.504750091108711274e+01 6.020942303889636804e+01
5.666595628964066211e-02 2.005666595628928661e+01 1.271362028724612259e+01 1.860795216678559072e+01 2.869806441560280064e+01 4.016923260799399742e+01 6.001103824531671194e+01 6.249548453174652707e+01 7.077645159875126524e+01 6.751190243877063324e+01 5.901062015044843179e+01 6.013974212219812188e+01 6.013974212219812898e+01 8.067345281045271577e+01 6.788509314516767290e+01 4.780305246270991404e+01 5.148817558988939425e+01 3.856896351797006162e+01 5.855392729367292759e+01 7.058523646157364340e+01 5.450969757127902682e+01 3.459818557642989845e+01 4.768010530093623345e+01 4.635413109839853973e+01 2.593777057520869178e+01 4.635413104836404585e+01 4.823450069898342463e+01 4.930131464239887862e+01 3.365472564260110744e+01 5.313964221832047485e+01 5.682637603107414037e+01 5.957035175656415760e+01 5.665952258997310054e+01 6.196878128963074062e+01 6.175326562625036075e+01 7.463219559871545528e+01 7.406824331905949066e+01
2.110006612196471329e-02 2.002110006612160831e+01 3.276638955775636219e+01 3.862671541750142268e+01 4.594865183382970741e+01 4.058534653039606610e+01 4.872698575179661873e+01 4.250621257156024058e+01 5.923517484509448394e+01 6.341186566563446547e+01 6.528660590174693823e+01 7.357310670850060319e+01 7.138651243473778152e+01 7.967451485202187200e+01 7.633046624269012170e+01 6.710440917744753619e+01 4.705175168657691387e+01 5.855392729367292048e+01 6.695722045086162666e+01 6.230807760706919396e+01 4.242603161861596561e+01 5.450969757127902682e+01 5.111165861502529140e+01 3.065331810541350421e+01 3.041033570375325468e+01 5.094605825808032051e+01 6.650549802576966840e+01 6.129489422515803909e+01 5.313964221836052104e+01 3.767365019681260918e+01 5.713078342986689506e+01 6.951107997684133011e+01 7.626320929984605357e+01 7.731375151616840924e+01 8.119319878797915635e+01 8.952570767770144755e+01 9.395452080016342222e+01
9.367352646185668485e-02 2.009367352646150096e+01 2.472180010276960616e+01 2.712184361113123288e+01 2.959403861234213551e+01 2.194809707316820990e+01 3.633537385766673822e+01 3.095659313801810342e+01 5.095467297644051996e+01 4.342557082430664650e+01 4.530006159465427373e+01 5.874252776106470719e+01 5.139461730020385488e+01 6.552799973361616992e+01 8.553021325312055012e+01 7.381103335183644276e+01 5.369116082866970885e+01 7.381103335183644276e+01 7.224839539886880857e+01 5.236775981526970014e+01 6.230807760706920106e+01 7.058523646157364340e+01 5.463501438349504014e+01 3.409049638887985623e+01 5.094605826025409101e+01 3.734611425622728831e+01 5.804609208003390819e+01 7.458389418793703385e+01 6.530849287129932179e+01 5.713078342986689506e+01 4.182377533420826410e+01 6.130708175340096489e+01 7.076232857159561718e+01 5.700856894044191847e+01 7.992641146759281412e+01 9.218581561676896285e+01 1.041711045073927409e+02
3.648181865326004941e-02 2.377174569581890218e+00 4.733410486644638482e+00 7.138634659942622918e+00 9.613871634106294195e+00 1.230292952128651152e+01 1.938417091628160804e+01 3.940877597907051921e+01 4.338474112732401267e+01 2.928958907851814431e+01 3.376609776314165856e+01 3.876189338031236531e+01 4.691447123774029393e+01 6.104495923114411937e+01 8.104446787290893894e+01 8.229062211493088341e+01 6.367763046192089149e+01 8.229062211493088341e+01 8.054870528116501305e+01 6.228505449243396441e+01 8.054870528116501305e+01 7.010445339720006075e+01 4.962520207920544379e+01 3.765734503816904777e+01 5.828075213595388959e+01 5.804609208003390819e+01 4.545683787959779920e+01 6.018800283887743063e+01 8.061441786022679423e+01 6.820848820049496908e+01 4.865953480037840251e+01 4.657995574906550473e+01 5.135934755986181699e+01 6.078002854410884481e+01 6.406590936673208603e+01 7.551528317233977816e+01 9.568039004949689286e+01
