MOVIE_S11_data/elevation_000869.asc
nrows	100
cellsize	150.0
xllcorner	0
ncols	100
yllcorner	0
NODATA_value	-9999
[rows 68 to 84 of 100, columns 0 to 36 of 100]
5.009162696260269221e-02 2.005009162696224578e+01 1.656418189429242105e+01 2.764330562759272780e+01 2.193752183058506589e+01 1.891854510083032181e+01 3.763410818292878446e+01 4.148311095912493585e+01 3.970772657810515227e+01 3.625604058000133989e+01 5.039817641215458366e+01 6.882393102115700856e+01 8.037042859323686628e+01 7.584825736681990804e+01 5.582806061678810750e+01 5.322265789285826543e+01 6.689495319562172426e+01 6.914868400531892689e+01 4.914633760833608989e+01 6.914868400531892689e+01 6.629627229112662690e+01 4.621312147033187756e+01 3.167717144826620057e+01 5.209534015815075492e+01 5.187717033904246478e+01 6.861030791410466634e+01 6.414879275085947086e+01 4.400150027780938444e+01 5.513864964439753180e+01 3.912310946311490767e+01 5.935789385555930409e+01 7.242091063166110132e+01 7.743560856488890920e+01 6.905738472319382026e+01 8.050300289625351979e+01 1.003243151183635717e+02 9.981183547967908964e+01
4.695337527364121244e-02 2.004695337527328647e+01 3.656418253342676650e+01 4.484846670067683760e+01 3.607965748927322380e+01 3.891854632965996785e+01 2.834663551667394898e+01 4.834663784133747555e+01 5.970774122021002484e+01 4.780304598242262415e+01 6.454048467052514582e+01 7.868279292889575061e+01 9.011402117184368876e+01 8.411292477491593900e+01 7.584825736681990804e+01 7.326095905322286228e+01 8.152478956920290898e+01 7.734581389000393870e+01 5.817592500751567286e+01 7.734581389000393870e+01 6.714878635823566810e+01 4.709653231281647123e+01 3.530321639253665467e+01 5.557161208725408841e+01 7.190944647826657388e+01 8.015446520005630759e+01 7.122728618910204546e+01 5.120628334603897258e+01 6.762132589742945754e+01 4.826299292823723164e+01 4.402575626360184202e+01 6.417430870084301375e+01 5.752821038966649780e+01 6.752346693111788056e+01 8.154079103519389093e+01 1.013669897672464941e+02 1.016687432201002252e+02
7.614146464036156137e-02 1.421827708837118642e+01 3.421827708837047766e+01 5.389914955664365692e+01 5.607966306231373466e+01 5.663094966381488149e+01 4.248877119022358073e+01 4.248877119022358073e+01 6.248877895702965901e+01 6.780306799576536037e+01 7.608760928553951430e+01 8.426761305140121294e+01 7.019441089051900917e+01 8.426761305140121294e+01 8.283661582342831764e+01 8.198156117125348885e+01 8.416495639141074037e+01 8.621141391705856449e+01 7.225448862112095583e+01 8.621141391705856449e+01 7.541401547400677430e+01 6.032754477168652585e+01 4.015296633584243580e+01 4.404342368691712295e+01 5.830875327481312809e+01 7.822276186070158133e+01 7.946435234879189125e+01 6.022810839577985575e+01 6.468400729707671815e+01 6.833386456059155023e+01 5.312874495630384786e+01 4.959163912081429970e+01 6.962728458332581738e+01 8.566479351231724593e+01 9.558661447836611558e+01 9.886616215398348118e+01 9.001989849452368730e+01
2.352828262072655108e-02 2.002352828262037221e+01 2.561486655002835988e+01 3.860608873283004527e+01 4.689037926735604600e+01 5.689041949620348504e+01 6.248877895702965901e+01 6.248877895702965901e+01 7.077312813740621777e+01 7.376612510839535730e+01 7.962187878234003335e+01 7.535221518876272739e+01 5.607464955886602098e+01 7.535221518876272739e+01 6.286349855576024481e+01 6.200784262035218575e+01 6.419310662018118308e+01 8.416495639141074037e+01 9.195908919870332454e+01 8.251440161771118653e+01 6.260989673675053524e+01 5.102779638808866025e+01 4.696911560401587593e+01 6.414143134901271992e+01 5.486530932117215542e+01 7.479349426136626278e+01 8.836063995669955773e+01 7.174396038482151994e+01 7.876054622888884182e+01 8.132738721161284445e+01 6.471753332217519983e+01 6.962728458332581738e+01 5.821210239633037276e+01 7.230662925851417810e+01 9.213115132993625878e+01 9.050941774922378613e+01 7.033139030158184823e+01
6.786455232800275850e-02 5.614866514580318047e+00 1.193942183491713216e+01 1.860608850158391547e+01 2.860608850158409311e+01 4.860608931399908528e+01 6.726918119503741877e+01 7.554994716578428893e+01 6.791292186691399024e+01 5.377823844588822055e+01 5.963255490774839274e+01 6.710499375491616547e+01 4.713876251238486503e+01 5.769282208402778878e+01 4.873493004551666985e+01 4.787917244678514095e+01 6.785800933839955462e+01 8.327055926292578647e+01 9.143017097199040677e+01 9.089822393171792214e+01 7.932020682945986323e+01 6.518804769634635932e+01 5.413754373662668939e+01 7.404601991770054781e+01 6.486636595560899821e+01 8.306207134756489552e+01 9.982445310516133929e+01 9.157562465007157471e+01 9.861341990300566351e+01 9.278649133576132613e+01 8.456892133090870800e+01 8.512423173383793085e+01 6.529374903751374859e+01 8.512423173383793085e+01 9.810616166834665819e+01 8.801497526287305107e+01 7.403412732835838028e+01
3.257643153035955086e-02 1.003257643153027168e+01 3.003257643152991463e+01 3.860608873283004527e+01 4.689037926735604600e+01 5.689040806604130296e+01 4.728052463637724401e+01 5.572873066457702862e+01 5.963255490774839274e+01 3.964498408886146308e+01 5.963255490774839274e+01 7.007600409013015508e+01 5.769282208402777457e+01 3.771519186662332856e+01 3.719407142108063624e+01 5.717887181916232464e+01 6.918727379487675933e+01 6.333852306749957251e+01 8.323792275797954687e+01 9.331199053523194209e+01 9.360712250701999437e+01 8.232563045016244985e+01 6.413059024296337896e+01 8.232563045016244985e+01 7.888960001105596120e+01 9.301363307277279091e+01 1.021102685017507099e+02 9.389457433895991301e+01 9.171781090568221373e+01 9.039283692495830280e+01 9.861524211649930294e+01 9.335921499587418282e+01 7.675202991870249036e+01 9.335921499587418282e+01 8.975249536959871932e+01 6.956397631823516292e+01 5.947367414761420434e+01
1.880098487986705744e-02 2.001880098487951187e+01 3.003257643152991463e+01 5.003257643152920053e+01 5.333892843404630923e+01 4.504893664728471236e+01 3.573857315296864101e+01 3.573857315578311500e+01 4.362603778862288095e+01 3.257578328402883727e+01 5.256588147500773545e+01 5.594614437963210207e+01 4.181628466873350902e+01 3.194205875715941900e+01 5.193114695666685066e+01 4.405192156853085805e+01 4.921273522690790259e+01 5.627644178254448804e+01 6.521018011932135039e+01 7.934016954621449713e+01 9.932302339111181766e+01 9.229993423654723017e+01 8.396398412382285414e+01 9.228324458674710229e+01 9.879795630448526822e+01 9.634516485013625697e+01 8.811248354421785223e+01 7.383976568455099709e+01 7.163892092476250184e+01 7.029906796393603940e+01 8.705521242623827050e+01 9.707482500954183990e+01 9.656087209892324097e+01 1.048164779119152996e+02 9.810616166834665819e+01 8.801497526287305107e+01 7.965823584391685586e+01
2.900726248362994752e-02 2.001512773465983841e+01 3.594122614466492394e+01 4.422077964880774203e+01 4.504703867945937645e+01 2.505056796526253748e+01 3.090624671231742226e+01 2.159943299676368511e+01 2.363245276729622901e+01 3.777132865943120521e+01 5.776055597206686798e+01 4.766978898330191328e+01 2.767802830302388628e+01 4.766978898330191328e+01 6.020463461125063276e+01 6.403059301661056679e+01 6.918727379487675933e+01 7.625175605936568957e+01 8.451126888455324604e+01 9.347086486326365673e+01 1.053773977986208052e+02 9.718875724560196261e+01 9.915862800013829315e+01 9.099090903096448812e+01 9.917351919182890185e+01 8.811248354421785223e+01 6.798906242857864868e+01 7.388307601267676716e+01 5.726546243266673031e+01 5.855294354285300074e+01 6.873508099947794392e+01 8.300729364149813705e+01 1.029497607127488692e+02 1.078439904086174153e+02 1.049562579963082243e+02 8.480090595024847744e+01 7.052493228420705407e+01
5.081304048347550645e-02 1.939397694648654635e+01 1.569742549809519261e+01 3.584366044666517581e+01 3.693693224093525629e+01 2.864714918492731854e+01 1.090926687423457153e+01 1.607324541634302406e+01 3.512135035921264858e+01 3.690267879352741431e+01 3.890215072876625868e+01 4.092186399753021675e+01 2.484958993334507937e+01 4.484265391344775509e+01 5.306683849742286441e+01 5.811795481884616521e+01 6.455972824389442621e+01 7.159923424088212585e+01 7.987943280526478418e+01 8.988680260227940266e+01 9.718875724560196261e+01 7.737198286392796831e+01 8.317525966311649199e+01 7.119342048699638781e+01 8.928251046374745670e+01 8.811248354421785223e+01 6.798906242857864868e+01 5.361426335803133725e+01 4.895387468227936978e+01 6.925105554265782359e+01 7.601837796702854178e+01 9.605699161093326666e+01 1.019986440922588287e+02 8.789300171221100300e+01 1.019986440922588287e+02 9.905874059680959931e+01 8.897051592135049702e+01
4.469920835086939326e-02 1.476928956429736761e+00 2.083833477182800920e+01 2.493722825497265205e+01 2.646892397382840656e+01 8.673198896036742767e+00 2.867052673846736610e+01 1.337109670266662675e+01 1.512521275857672087e+01 1.690695441843320168e+01 1.890695457920690004e+01 2.092726012103801025e+01 2.397723498689453692e+01 2.791638754010527990e+01 3.200389578968860604e+01 3.642370605769188074e+01 4.343145831167163351e+01 5.119101918084286496e+01 6.158168642103709089e+01 8.161678206072735975e+01 9.489709934048285334e+01 7.512855924422294152e+01 6.346384585556393176e+01 6.140786785624015209e+01 8.109300127404526393e+01 8.170093679727696667e+01 8.216711363902668097e+01 6.432826609621051261e+01 4.406100742841632467e+01 5.577051026060759398e+01 6.975354402683724686e+01 8.985788925121929083e+01 9.306823472323648616e+01 7.375821004843871265e+01 8.968748360653481200e+01 9.795178486524024208e+01 1.038248802651420988e+02
2.324776005098762310e-02 2.002324775994066997e+01 3.534306955924412907e+00 4.996851804178963796e+00 6.471271365728960667e+00 2.646892398706290095e+01 3.695165586060001317e+01 3.336760408110975362e+01 2.926593831883020158e+01 3.690267879352741431e+01 2.280463059367547629e+01 4.092173968258032346e+01 4.397086282541588531e+01 3.109972078992193190e+01 4.333511998631382056e+01 5.627415256044338321e+01 4.581627605375923906e+01 6.830814060312313529e+01 7.987943280526478418e+01 8.988680260227940266e+01 8.909827395153571672e+01 6.934211394997116429e+01 5.551365450563879023e+01 5.405600453127528482e+01 7.365292153930822394e+01 6.187888626189696595e+01 7.584790632063811699e+01 6.068815898192654856e+01 4.045948702319765289e+01 4.948272682420689961e+01 6.384708192439921248e+01 8.401300494018592246e+01 8.480194320500662286e+01 6.481506117989306404e+01 6.970648059245111483e+01 8.642068768224234532e+01 8.855850701527735680e+01
8.699724428260374731e-02 2.008699724428224798e+01 2.378834714776553483e+01 2.499468492272744768e+01 1.647114870583900270e+01 1.463621133854247702e+01 3.463208904452208969e+01 5.290802432727173255e+01 4.925756563971184221e+01 4.706097505145047677e+01 2.706863230948025745e+01 4.706092890613362556e+01 5.843072298029186129e+01 4.457046128015070963e+01 3.983439767221002370e+01 5.268576467609041458e+01 5.369996118652714756e+01 6.572833756985656350e+01 8.563857982666907276e+01 9.547856791327923531e+01 8.718957854933613305e+01 8.331619584567955883e+01 6.712076357574015617e+01 4.753298821505407545e+01 6.146630226934817642e+01 4.800648002480252075e+01 5.633337140306670676e+01 5.739349046528452192e+01 3.721385311728471379e+01 5.740663506919346304e+01 6.983204855947744250e+01 7.997878302197815970e+01 7.773551329763998297e+01 5.774957813222661684e+01 5.816555054197277741e+01 7.748562878587557634e+01 6.858046745204951833e+01
2.249585233037712170e-02 1.416463147606145334e+01 3.416463147606215500e+01 4.471247319552402644e+01 3.061037206999454696e+01 2.877668397405607692e+01 2.463570983321476504e+01 3.618009252666274023e+01 5.616916412258697022e+01 5.534083257935569833e+01 3.601178960196530454e+01 3.491257104419164392e+01 5.490113478840856942e+01 6.406292520120592826e+01 4.711859173900187159e+01 6.582223670001964422e+01 7.233182950630622088e+01 6.670415643185461363e+01 8.591823416724886897e+01 8.718957854933613305e+01 6.718123998315805068e+01 7.304154666891530212e+01 7.528967608321461569e+01 6.146630226934817642e+01 4.181909225937620533e+01 3.811601355202925134e+01 3.473951834424573093e+01 5.017150011339759885e+01 3.409115908771988046e+01 4.117702721869746085e+01 5.127948404070867383e+01 7.157087640125217831e+01 8.600494133740059510e+01 6.921348190903412956e+01 4.923459682592787345e+01 6.289558930105734191e+01 5.445040397596745407e+01
2.739267172789772165e-03 1.414487489090386596e+01 3.414487489090456762e+01 4.547678675288294414e+01 5.057937872913642963e+01 4.876802503252864796e+01 3.877389810634512912e+01 5.290802432727173255e+01 6.444859016008624053e+01 6.428003744349199167e+01 4.755309242150248394e+01 5.490113478840856942e+01 4.385352474916567900e+01 6.383883905738335329e+01 6.727373041682713506e+01 5.991936473466036261e+01 7.407473122502123886e+01 8.591823416724886897e+01 9.412791775530635618e+01 8.718957854933613305e+01 6.718123998315805068e+01 5.303744636850012739e+01 6.519529299020696556e+01 6.962442894271384830e+01 6.146630226934817642e+01 5.671725096565947410e+01 4.523630490978750629e+01 3.009201754335191481e+01 5.022044529692828263e+01 6.142363359701302272e+01 6.983204855950029355e+01 7.997878302197815970e+01 9.474150867746524796e+01 7.748439364177997390e+01 6.289558930105734191e+01 4.292893132966135994e+01 5.704331950854200528e+01
8.327778614586213435e-02 8.248243595423051744e+00 1.719251550542205109e+01 3.133465112915274986e+01 5.133465112915203576e+01 6.107984345281253269e+01 5.876265091257912587e+01 6.267288540649853701e+01 7.095717072519191504e+01 7.581992249978218013e+01 6.753858115323819789e+01 7.211965007621154200e+01 5.539182142505912054e+01 5.798489616732353369e+01 7.797150737592319558e+01 7.992882297207982845e+01 8.820665647107564666e+01 1.023385817171300118e+02 9.984634682292205810e+01 7.983423904217775657e+01 6.568775603457332579e+01 6.519529299327729177e+01 4.519272224375433922e+01 5.812331628422675323e+01 6.641042163286493860e+01 6.480617186886608749e+01 4.470534798533716980e+01 2.799551423185057786e+01 4.508157184830812980e+01 5.179054039948977106e+01 6.029059665770138565e+01 7.078407455169283935e+01 8.077706079599236944e+01 6.680573595815911858e+01 5.930947238077292383e+01 3.935571472960563000e+01 5.930947238077292383e+01
6.510866554257997707e-02 1.420724428927365501e+01 3.420724428927435667e+01 4.547678675288294414e+01 4.664608590439767966e+01 4.107984217162187690e+01 5.261890442833603032e+01 4.267288418316380927e+01 5.941015909741891221e+01 6.437145915046896505e+01 7.265574584061927510e+01 8.366014474644865118e+01 7.537767972935330363e+01 7.797150737592319558e+01 8.625440398509957163e+01 8.417923153894284383e+01 8.158772034780490401e+01 8.986546754989798558e+01 1.013985577977953909e+02 9.398466743888425867e+01 8.569564970532175607e+01 6.706891034900056070e+01 4.706595392104764386e+01 3.812164764207827261e+01 5.246599007147596438e+01 4.868612342799184489e+01 5.050035780468604685e+01 4.226984787648510888e+01 2.507832972819643302e+01 3.174486320394434813e+01 4.174570567002630384e+01 6.196689874128735909e+01 7.258082121679659338e+01 5.269812749568700383e+01 5.588739116705612986e+01 3.594890244745753449e+01 5.588743180370374120e+01
8.953482861371392376e-02 1.423167045234478856e+01 3.423167045234549022e+01 4.078822506195888309e+01 2.664608543593071843e+01 2.693770654093019701e+01 3.261890378175304761e+01 3.112587879726541829e+01 4.804152619499777188e+01 4.437145751308710828e+01 6.209930891183734758e+01 7.104358503382646006e+01 8.259059960595062932e+01 8.615165836925500287e+01 7.787880223258716228e+01 6.425552469398409983e+01 6.167489162176633499e+01 7.314837153297834504e+01 9.311608522025608181e+01 9.755454501317939275e+01 7.754360544171341019e+01 6.339753126069572176e+01 6.641042163290720168e+01 5.246599007147596438e+01 3.246481581409241812e+01 2.868526844657032271e+01 4.231891586483376244e+01 2.231844530818560202e+01 4.231891586484136525e+01 5.179054039948977106e+01 6.029059665770138565e+01 7.069378701932812703e+01 7.829449723935266547e+01 6.002827980553902876e+01 4.009145260502743469e+01 3.268494629752900238e+01 3.793761512765535571e+01
