MOVIE_S11_data/elevation_000809.asc
nrows	100
cellsize	150.0
xllcorner	0
ncols	100
yllcorner	0
NODATA_value	-9999
[rows 68 to 84 of 100, columns 37 to 73 of 100]
9.472423121447985750e+01 7.462759360177251722e+01 6.456898210376481018e+01 5.695967122163101948e+01 5.208462605687024904e+01 4.760625462221251070e+01 5.932036966226193897e+01 3.927993548846335159e+01 3.704662171843938268e+01 3.493913312753354461e+01 4.237221459043409055e+01 3.411996283551681586e+01 5.403792552269846539e+01 4.572000940495392030e+01 6.578714767123254603e+01 7.439895555753381018e+01 8.279990175358726390e+01 7.157716583810170619e+01 7.157716583809272493e+01 9.234330259007617769e+01 1.043210471902990690e+02 9.992961964973740407e+01 7.996430084465809784e+01 6.593285649764438006e+01 8.581200733411453996e+01 9.274058517603585017e+01 8.540263647687382331e+01 9.951003347991478165e+01 1.008567526660036293e+02 8.879439122029582165e+01 6.946491321142617892e+01 8.694341511844478987e+01 8.852700368940107012e+01 6.928311866380265371e+01 8.852700368875957793e+01 1.023259013653493810e+02 9.171060486035990778e+01
1.030124223289020335e+02 8.782206642855705070e+01 6.771840444636714551e+01 7.707620709184848806e+01 7.219723047832673046e+01 5.394706815819458257e+01 6.741266953767454595e+01 5.898218482497374993e+01 5.701549319577470953e+01 5.031423162560350448e+01 3.199029745176287065e+01 5.085264843417276381e+01 5.095787537215824159e+01 6.578701983229518646e+01 5.729745951259038605e+01 6.889708863570386654e+01 8.897799277864221779e+01 9.234330265048197361e+01 9.234330252133470651e+01 1.007712405076280646e+02 1.070951543463949065e+02 9.522374887786314446e+01 7.528715272898695332e+01 6.132189462295506388e+01 8.112644654721515280e+01 7.282799229064391966e+01 7.134375688023253304e+01 9.125018854554615189e+01 9.722902266626911683e+01 9.694859904750400403e+01 8.054527258156713287e+01 9.694859904750400403e+01 9.667359926726815900e+01 8.029347134496049421e+01 9.667359926726815900e+01 9.740303662968392473e+01 7.785039449820249047e+01
1.020231108366199209e+02 8.193980123587382991e+01 8.782206642660331397e+01 8.480808228343886412e+01 6.470075943138165542e+01 6.817238545620554646e+01 7.493143883274906614e+01 5.446131499633927575e+01 4.027844609553535804e+01 3.027844748161891886e+01 5.031423188290073512e+01 6.032037764646404554e+01 7.204133385430334613e+01 8.062103566257673037e+01 7.738427736614563912e+01 8.568284055012210843e+01 9.726329636085858965e+01 8.949499617484494252e+01 9.780573822611336254e+01 1.045065170032697637e+02 9.299489906758655877e+01 7.889464378877842421e+01 7.690410188986105311e+01 5.718257519716146930e+01 7.121098751743082289e+01 5.890903007234128097e+01 7.866025571576822983e+01 7.660293938580869622e+01 7.660293938580871043e+01 9.243399478462509933e+01 1.000628968396309375e+02 1.082652203258586212e+02 1.079742159179634200e+02 9.977421803579331083e+01 1.025792497398851566e+02 9.383302079203505741e+01 8.570265394687291405e+01
1.102980669122482027e+02 1.020231108349060207e+02 9.901209351688066818e+01 7.892459289643554143e+01 8.480808483529149555e+01 8.827487182386263953e+01 7.878192471389031937e+01 6.782951424141965902e+01 4.897954122185203119e+01 2.908339071856465807e+01 4.743138950075459093e+01 4.743138951983531371e+01 6.749770352556170394e+01 6.740263235269159736e+01 7.158089310666710503e+01 7.618028850367521443e+01 8.136575148190161144e+01 6.941041672275763119e+01 8.621339129885778618e+01 9.624842359643139389e+01 7.630892694697539014e+01 6.489898264258643223e+01 7.413283105233057313e+01 7.121098751743069499e+01 5.160222050583298881e+01 5.245364916151041257e+01 6.848276951291811088e+01 5.671266657250613719e+01 6.329681961795597545e+01 7.354587440888258243e+01 8.841735173425212224e+01 1.088534502563261412e+02 1.130961351466330456e+02 1.082568667937552789e+02 8.869564857547929648e+01 7.492124532738085918e+01 6.610116807817145457e+01
1.037278732544584727e+02 1.119978575828207568e+02 1.072917517463356489e+02 9.901209629248506872e+01 8.897342480329996306e+01 8.086299856301405953e+01 7.079663980770007470e+01 5.212539626433859041e+01 5.124051793935020527e+01 3.105509732728030414e+01 2.739943407250993346e+01 4.582324040004746735e+01 4.938343105869687832e+01 4.737023692291274557e+01 5.154241894545529590e+01 5.613169805514174726e+01 6.129960944099018150e+01 5.783954908386950677e+01 7.201599606798735920e+01 9.210237002323682987e+01 8.817851465885664197e+01 6.831491840970606688e+01 5.445290500636378539e+01 6.574128239067945856e+01 6.587415711037156996e+01 4.633447249918138056e+01 4.943411154743759539e+01 6.848276951291811088e+01 8.395971516701987980e+01 9.243399478462509933e+01 1.027642508391915186e+02 1.072829253881409386e+02 9.319580464639666673e+01 1.072829253881409386e+02 1.025792497398851566e+02 9.383302079203505741e+01 8.570265394687291405e+01
8.374671586314873650e+01 1.020095543045632525e+02 9.540420993668031713e+01 8.574626280273363932e+01 7.764117144504021439e+01 6.210213246285506017e+01 6.554481553699139340e+01 5.555163329284593488e+01 3.652060323376075957e+01 5.032957794707539989e+01 4.429722156634106511e+01 2.580869860613110589e+01 2.934889501656363819e+01 3.321071052178508154e+01 3.739385908736421982e+01 4.198658712541167404e+01 4.714706236661627514e+01 6.129960944099133968e+01 8.136575148973145133e+01 8.784783990494806005e+01 7.960193404008377627e+01 7.970864875942164929e+01 5.995580981011260491e+01 4.616728576117105831e+01 5.915760601305192523e+01 4.319889652516086187e+01 5.818850612454382798e+01 6.393109441204557442e+01 7.717487017255736248e+01 9.691099034701193204e+01 9.990880480914805162e+01 9.165018663810801058e+01 7.908846881118984129e+01 9.836705537075296490e+01 9.961549119713041023e+01 1.017807489457019301e+02 9.639473194105026721e+01
7.376453705228745150e+01 9.373729436743766996e+01 8.719493259641983229e+01 6.808741029366066755e+01 5.909377276584407923e+01 5.229272603968249911e+01 4.710003487909377640e+01 4.264338251520027967e+01 5.388068836016034169e+01 3.945212819877679067e+01 2.429718765935120572e+01 3.798220273141503611e+01 4.169285379803890379e+01 5.323756812106621084e+01 5.741155214264281881e+01 6.200379424428534492e+01 6.129937179717040863e+01 7.547297538271277517e+01 8.091351106766917667e+01 7.641530324625757942e+01 5.984395862549306599e+01 7.519894473042567995e+01 6.068729779244053901e+01 4.110032290278438438e+01 3.956035329810725898e+01 4.504035200579489384e+01 6.471187179701787784e+01 8.051414955074491786e+01 8.942269683293240234e+01 1.006093471226447775e+02 8.837607349592504136e+01 7.165949775113389819e+01 7.010829123314248079e+01 9.010882282271256827e+01 7.981101664581838406e+01 8.197768255285939176e+01 1.017807489457019301e+02
6.710284231677425737e+01 8.707970854569533969e+01 9.540420993668031713e+01 8.398734318648759256e+01 6.509849943009028550e+01 7.063091367756577199e+01 6.554481553699139340e+01 6.131329264627819953e+01 5.843519752269692447e+01 4.323310614970437626e+01 2.323446167279020713e+01 4.323316110344463681e+01 6.137819055982218686e+01 6.988432700813199006e+01 6.781648363616152153e+01 7.605004132539849593e+01 8.135078637172686911e+01 7.518011505793913329e+01 6.121081262948320756e+01 6.819466161582785446e+01 4.854192843273625613e+01 5.684815088059293231e+01 4.732965933701162697e+01 3.628633202747785447e+01 5.018051575888235760e+01 6.472491444540294481e+01 5.393416757942176076e+01 6.108856135329723713e+01 7.281529076038992798e+01 9.260001311389729040e+01 8.010855702792743216e+01 6.003934422339595045e+01 7.998170757504357198e+01 7.624048513486114587e+01 6.573244888030764344e+01 7.723920036767283648e+01 9.125428679574945079e+01
6.131772988282113346e+01 8.131288396652057315e+01 9.596057388619787787e+01 9.214767100074183759e+01 8.398734318648759256e+01 8.263786925903686154e+01 7.428013192395047781e+01 6.602709920254322640e+01 4.560596242440752945e+01 3.117188117422512761e+01 2.217626759957506266e+01 4.217223771118144526e+01 4.766777703082570383e+01 5.382921867073793010e+01 4.803605252954598370e+01 6.781648363616152153e+01 7.399654482211765583e+01 6.536440463009492419e+01 4.741717261995126620e+01 6.536440463009490998e+01 5.684815094834673488e+01 3.718700758160007069e+01 3.338740579237718009e+01 5.308621019877026015e+01 6.411819857740402995e+01 7.805537356723890241e+01 7.387926342086662146e+01 8.124028832620336971e+01 8.942269683293240234e+01 8.885959874473404341e+01 6.681090296307407073e+01 5.483481080571993971e+01 6.825274234248223593e+01 5.628527365526683468e+01 7.624048513486114587e+01 8.574715340992534607e+01 9.567316430461572452e+01
5.612537204860315398e+01 6.770349981795745009e+01 8.768849506665270610e+01 9.007373130368949887e+01 8.001702153522549565e+01 7.166540805266285474e+01 5.422590576683435870e+01 5.790540821161170015e+01 6.000343895084893120e+01 4.114426407005196751e+01 2.112838087558687405e+01 3.961310611751022037e+01 2.779884403407740834e+01 3.408761228918216801e+01 4.803607118586535307e+01 6.781860720335171777e+01 6.580575682981059060e+01 4.619713327743384923e+01 3.761044478554501325e+01 5.603301348007401828e+01 4.785462520802358455e+01 3.054536099371854263e+01 3.479752334408519943e+01 3.931288372474973869e+01 5.862573098530061344e+01 7.174726177665959881e+01 7.883043928686895185e+01 8.715003971274515493e+01 9.876998969892309788e+01 9.649830980215445209e+01 8.313618958744700649e+01 6.852054128705938751e+01 4.844675578867399679e+01 5.046656723963927504e+01 5.758694133302707030e+01 6.759816584954725727e+01 8.746445706042806023e+01
5.161867915606510593e+01 7.167244229896809316e+01 8.732333968975729022e+01 8.170175549645988156e+01 6.162906060886590609e+01 5.162633075753482359e+01 4.455672583932194186e+01 3.789172761856169558e+01 5.034129419878924949e+01 4.625910381553891426e+01 3.964658134074119289e+01 1.965062981586803659e+01 3.964864076234692902e+01 5.382495737151595705e+01 5.869153231654918557e+01 6.974372034945632493e+01 5.437847125588536557e+01 4.360896108852705311e+01 3.010281325154199550e+01 4.545631219362515196e+01 2.807456952767985214e+01 4.785462520802358455e+01 4.846214351095262174e+01 5.862545170272523620e+01 4.604882604524299694e+01 5.200538959458516075e+01 5.879619663656695394e+01 7.030704139612686276e+01 9.047361733218528457e+01 8.773200510723465584e+01 7.536524169597362288e+01 5.804325419539425468e+01 4.420935336099289259e+01 6.430365956358048152e+01 7.753131145498765875e+01 8.574715340992534607e+01 9.567316430461572452e+01
4.742033680690020958e+01 5.902965459114493996e+01 7.904927937267919447e+01 9.007373130368949887e+01 8.001702153522549565e+01 6.792441115804660967e+01 4.788984556053695485e+01 3.789172765236167351e+01 3.033467334548993222e+01 2.625361041372181603e+01 2.240594000307311262e+01 1.862793310822424431e+01 3.862303465932616575e+01 5.657857426511541377e+01 6.407831972047749503e+01 5.205538931959068805e+01 3.633504311280034926e+01 2.256750156688655196e+01 2.407886724245434351e+01 2.564977932708593045e+01 4.545631219362515196e+01 5.603301348007403959e+01 6.803360218562515627e+01 7.378794826932241335e+01 6.550433344289439219e+01 6.184175152812174758e+01 7.883043928686895185e+01 8.715003971274515493e+01 8.773200510723465584e+01 6.786391380292371878e+01 7.150977648770492578e+01 6.140203848098623496e+01 4.126141029322435116e+01 6.140203847750203181e+01 7.447872517785192770e+01 8.269561455820412732e+01 9.415929744560254733e+01
4.363055358464557543e+01 6.369795544462246539e+01 7.612806740311390286e+01 8.440615223707499126e+01 8.804168369707336694e+01 6.792441115804660967e+01 6.623990027383865709e+01 5.790683123845525415e+01 5.033639510176347187e+01 4.624037174103703052e+01 3.764248384313722084e+01 1.764322470521337749e+01 3.755652909576823362e+01 3.806501149759307623e+01 5.655763384873169741e+01 4.146970815809697797e+01 2.044834582725959038e+01 3.704087084025869814e+01 4.352144466510534215e+01 3.968551750063985395e+01 3.181410824653756464e+01 4.578191557437133952e+01 6.545981128574356944e+01 7.413501573623129559e+01 8.297405498224870257e+01 8.180095410477839835e+01 9.010675649655235020e+01 8.803433582609208941e+01 8.556596696986875372e+01 6.568751175469303405e+01 5.150152398938262621e+01 5.858064402814038374e+01 3.839619941887486476e+01 5.858064174148830006e+01 5.450229965563640633e+01 6.607912379840060169e+01 8.595279438894111479e+01
5.851657455332942703e+01 6.196460499765674257e+01 5.609790677916121382e+01 7.612806740311390286e+01 8.614436634791951519e+01 7.444947736009011408e+01 6.540789311061519129e+01 5.703073608988446352e+01 5.164821116665962109e+01 4.677096280018064078e+01 3.700761179773498100e+01 1.666213717316916387e+01 2.424455609728003935e+01 4.146536868516697183e+01 4.504771727862883068e+01 3.697146245418920785e+01 1.897468640527508299e+01 3.897906718615897859e+01 5.330313250776189449e+01 5.936881586235634956e+01 4.578191556521833405e+01 3.883814348204607114e+01 4.627831642303267046e+01 5.502255883295625694e+01 6.891706310148371983e+01 8.877641513582831578e+01 8.221415651960639082e+01 6.819993329316184827e+01 8.221415651960639082e+01 7.973018674753299706e+01 6.150565023854373692e+01 4.136809812847508283e+01 3.561274417834113848e+01 4.282818479872854311e+01 6.294533105331284872e+01 7.149544815477459281e+01 7.971695224451075035e+01
5.251700422632560361e+01 4.192321737455991837e+01 5.609790677916121382e+01 7.612806740311387443e+01 7.777999609082526433e+01 5.749785572924353261e+01 4.585747602107610987e+01 3.689118839728062227e+01 3.154515445324483380e+01 2.669546183111385318e+01 2.243290814209741058e+01 3.443633147400789341e+01 1.531636419109976899e+01 3.530827687967466488e+01 3.498985139847732739e+01 1.697091194480362830e+01 3.607138271411496788e+01 2.682748842676456746e+01 4.693937166522819382e+01 6.530695654925975191e+01 6.545981080361359261e+01 5.272568766669662210e+01 5.017967289041568080e+01 6.985462905594589245e+01 8.297405482945141841e+01 8.654483305051851971e+01 7.330668233854642324e+01 5.404624990831385389e+01 7.330668233854642324e+01 8.143777044996453185e+01 6.150565023854373692e+01 5.328452901572610756e+01 3.304195414990676483e+01 5.328436133143326714e+01 5.734204184640714885e+01 5.147951084404503774e+01 7.149544819146879604e+01
3.251252403593952778e+01 5.251700413113341170e+01 7.025199869169810540e+01 7.229744577885708168e+01 8.050750594956477357e+01 7.134146452292168306e+01 5.110304118825796138e+01 5.110304118745248303e+01 5.164741705746315859e+01 3.825532549216568157e+01 4.249112751911977170e+01 3.438622474045002519e+01 1.437467518049338722e+01 3.297825102264944519e+01 1.499233656891798283e+01 3.498985139847732739e+01 4.501760973556566370e+01 4.104690240854307604e+01 3.687845301553409882e+01 5.111786302867994181e+01 7.120172604889381773e+01 7.242433475277610455e+01 6.405415429873265509e+01 6.985462905405522349e+01 8.414697788762197206e+01 7.419617295442125737e+01 5.838979293752080224e+01 4.500627883238308868e+01 6.508154999008964126e+01 7.426757471550472189e+01 6.520299773094802731e+01 4.510668315567323816e+01 3.073921370506540285e+01 4.782733570130832135e+01 3.716007650420159791e+01 5.147951084685514189e+01 7.149545398132735841e+01
3.029389823285848493e+01 5.029431607654234426e+01 5.867116629082755708e+01 5.302697659664431740e+01 7.229744577885708168e+01 7.971275833663986532e+01 7.134146452292168306e+01 7.134146360260164954e+01 6.676656776398273507e+01 5.840551496311920232e+01 5.554571186732830768e+01 4.254787796600137995e+01 3.303784137081066774e+01 1.304794573753451381e+01 3.277166391586060712e+01 2.913456496878055191e+01 4.917262789646586896e+01 6.114538725479620496e+01 5.700029031487850517e+01 5.331573598673774939e+01 6.752301012478673670e+01 8.757013481982100700e+01 8.385821388456874104e+01 8.969118567406975728e+01 7.594454466311212570e+01 5.600185082921482405e+01 4.590939453340744336e+01 3.822803995260862564e+01 4.597028785828477737e+01 6.011893128689477805e+01 7.132926306879593881e+01 5.926387139005236548e+01 4.782820398409474194e+01 2.757245719820181051e+01 4.782820387001756757e+01 6.559824533710468586e+01 7.892622183792050805e+01
