MOVIE_S11_data/elevation_000956.asc
nrows	100
cellsize	150.0
xllcorner	0
ncols	100
yllcorner	0
NODATA_value	-9999
[rows 17 to 33 of 100, columns 0 to 36 of 100]
5.222468517465790605e-02 1.419436030890573264e+01 3.419436030890643963e+01 4.608149651842239081e+01 5.436606666521103648e+01 5.936206977296058795e+01 4.268964342323555172e+01 3.683162312583539233e+01 4.866273670342597768e+01 3.452044408272548282e+01 2.464196610475220695e+01 3.096659876684353563e+01 3.763345977140583187e+01 5.177671065102759229e+01 7.177645748903715628e+01 8.225378664857336730e+01 9.053565502906985785e+01 9.013150183026894524e+01 7.567395830727825512e+01 8.322564524080621595e+01 7.696225892915185796e+01 6.845543322756353177e+01 5.502812222517023599e+01 3.466973688215449556e+01 4.984233364953196599e+01 4.391055085646826939e+01 5.323822289095596005e+01 3.694548555620406916e+01 5.205369257312808173e+01 7.294862535642603518e+01 7.026135573417010960e+01 5.023157598107405875e+01 7.026135574450661636e+01 8.451352799477470512e+01 7.440687465848422733e+01 5.394995336385790097e+01 4.228109263969198395e+01
7.333276091007127906e-02 2.007333276090971452e+01 3.192573500817313814e+01 2.606222660490885445e+01 4.608149651842239081e+01 3.988667347859553303e+01 3.988667347859552592e+01 2.268791558022067179e+01 3.641771594931483946e+01 2.037755908250173320e+01 3.452044408272548282e+01 4.464265091582409184e+01 5.763450087786635123e+01 5.028363517681658124e+01 6.442624905961878312e+01 8.442439641329302447e+01 8.314675788880894913e+01 9.142903302752873174e+01 9.622028015855413230e+01 8.301413944174008464e+01 6.242501964010914151e+01 4.793226264802856917e+01 4.025391261885655325e+01 5.502812222517023599e+01 6.352615311300651513e+01 6.484958814629173673e+01 6.187165430993644577e+01 4.062838856904513563e+01 5.307762938810424203e+01 7.388451576817911359e+01 7.782272688306808561e+01 5.781721933522132417e+01 6.440227739277430885e+01 8.440642216426515176e+01 7.706214384674639462e+01 5.660401985558467430e+01 5.660401985558467430e+01
6.343274376862209629e-02 2.006343274376826713e+01 1.175351899678059553e+01 2.528856423059260905e+01 2.688973740612549435e+01 2.851536242930840359e+01 2.014055682247946066e+01 1.372828655100995299e+01 1.641393888233014309e+01 3.641771594931483946e+01 4.866273670342597768e+01 6.280502932412645833e+01 7.292664921094163333e+01 7.028357080834223325e+01 7.856712846838657072e+01 7.679242566420168714e+01 6.313253355163249836e+01 7.987703549038256767e+01 8.988203697628162558e+01 8.903533356381643671e+01 6.845543309818518196e+01 6.599331087220949144e+01 4.548622428293818842e+01 5.692587979608509130e+01 7.748421111076649481e+01 8.471397716558509217e+01 6.584407918215772781e+01 4.482398046548277648e+01 6.584407918215809730e+01 8.240427403032214215e+01 8.609295221904369555e+01 6.782032588715490817e+01 8.440642216426515176e+01 9.266960709492092008e+01 8.548169567033444594e+01 7.706214384674639462e+01 7.706214384674639462e+01
3.497053469895897854e-02 1.559633841176895519e+00 3.133106056885365920e+00 4.822873904479202167e+00 6.573127412688683613e+00 8.341886421434278276e+00 1.007143086870386917e+01 3.015231491873064584e+01 3.641771593300928345e+01 4.470201831500894230e+01 5.573716122677249274e+01 5.586345960824534274e+01 6.415151828912283349e+01 6.177480367227872193e+01 7.006233745447343608e+01 5.677549237899047796e+01 5.157152331287499436e+01 6.158361939043859934e+01 8.159946076979858276e+01 8.817805678521844470e+01 6.756600440023441934e+01 5.570893900916438213e+01 5.570893900916438213e+01 7.450101928339122992e+01 8.597543609650220731e+01 7.619885195434987679e+01 5.548930640996574937e+01 5.011258049830697558e+01 7.088121118747496041e+01 8.862678470679541931e+01 9.608658953776699718e+01 8.782512792251328904e+01 9.608658966647227828e+01 9.376577995272278088e+01 8.543409887795512248e+01 8.323524113068832264e+01 7.984532745128586839e+01
9.635555453094322986e-02 4.803350454761956101e+00 2.184557176623146546e+01 2.528856423059260905e+01 1.580768017358085764e+01 2.851536242930840359e+01 3.015231491873064584e+01 1.325763587634119922e+01 3.327915011645742283e+01 3.902549038876652077e+01 3.572575762156185419e+01 3.585142664603249330e+01 4.716773753491796128e+01 4.175970033139287807e+01 5.507264806625104114e+01 4.262143948744669331e+01 6.263831639967013842e+01 7.987703549038256767e+01 8.988203697628162558e+01 9.665380001104846031e+01 8.477875168371794246e+01 6.756600440023427723e+01 7.024120477727215928e+01 8.477874926228521701e+01 9.080523900357894718e+01 7.014868834128849073e+01 7.619885195434987679e+01 5.946496389604345012e+01 5.946496389604265431e+01 7.406596551014760621e+01 9.472598373349278233e+01 1.001684681967727499e+02 9.011233351867011265e+01 8.178174311192991297e+01 6.534684121486412778e+01 6.315012834046824963e+01 6.432681947128894251e+01
8.845047570523793812e-02 2.008845018158218210e+01 3.012610379714992348e+01 4.414026068612299269e+01 3.585531002877125673e+01 3.585531000277562441e+01 4.156715624810416188e+01 2.482260548467566963e+01 1.651726945709448202e+01 1.901996871931896038e+01 2.158122888230892755e+01 2.430296917310220906e+01 2.716012372385308993e+01 3.021009842414448343e+01 3.506086754962031193e+01 5.507264806625104114e+01 6.832798681118022444e+01 7.661435448470028575e+01 7.728108174275322995e+01 9.728289109107784327e+01 9.665379072361706392e+01 8.817805670398276163e+01 9.085102969142910467e+01 9.707752495576157514e+01 9.927926599476299430e+01 9.080523900357894718e+01 8.011714925822998623e+01 7.406596555600584963e+01 7.406596814754267655e+01 7.406596480555947437e+01 9.472579905052013771e+01 9.183806212072387609e+01 7.172542410313600669e+01 6.167805832448737391e+01 5.502291740783014973e+01 4.906662098511201009e+01 4.446571118081141094e+01
8.023991185656004221e-02 2.008023991185620361e+01 3.240077044231060199e+01 4.068504168977280244e+01 4.962931359977010715e+01 5.585764323425572542e+01 4.483100463424461424e+01 4.255696367040579275e+01 2.255054097368063282e+01 3.902549038876652077e+01 3.158190510669515305e+01 4.430950699023967587e+01 3.716124454089015927e+01 5.021907837056008361e+01 3.638242724833289543e+01 4.123364706115024347e+01 4.830771215758351644e+01 5.726135019893188627e+01 7.142140467889436195e+01 9.142759358144800785e+01 9.075695219313008977e+01 9.894151969897487220e+01 9.132340784330621375e+01 7.736996419024626448e+01 8.418518805288637452e+01 9.236780663143767356e+01 1.007377093651867739e+02 9.472599902055050336e+01 9.472656394475778541e+01 9.472579905052013771e+01 1.031851718139239864e+02 1.001684681967702062e+02 9.011233351867011265e+01 8.178174311192991297e+01 7.508051484944910214e+01 6.903292167582706895e+01 6.432681947128894251e+01
4.598823041778624804e-02 6.076215121973085331e+00 1.240077044230989856e+01 2.134504235230921410e+01 3.548717797604066249e+01 5.548717797604136592e+01 6.484237828664250003e+01 5.084534417018861774e+01 3.149557773741417677e+01 3.888470394578234135e+01 5.159201658307738114e+01 5.159201834045220636e+01 4.871417020099980988e+01 6.468363974111572645e+01 5.053227970144547498e+01 5.538675602206273396e+01 5.278867486696984201e+01 6.434935185645286992e+01 8.436222785197840324e+01 8.751651946272062332e+01 7.095609881216267922e+01 8.751651946400768622e+01 8.136433249103917831e+01 6.315488897956305436e+01 6.422045710141792085e+01 7.847045994946681446e+01 8.550257262445924766e+01 9.367360137842851486e+01 1.035193140718792790e+02 1.105755502187378170e+02 1.005612554642373482e+02 9.226257913391900445e+01 8.518366405462792557e+01 7.963897158728737224e+01 7.449001784620358535e+01 6.966876417587684500e+01 7.794743637373755973e+01
7.340434288523949025e-02 2.007340434288488495e+01 3.240077044231060199e+01 4.068504168977280244e+01 4.962931359977211798e+01 5.416807801858712423e+01 6.245234926604872783e+01 5.979410081187587167e+01 4.304654995976837739e+01 5.889663398424753638e+01 6.718360091756328245e+01 7.160479986679294484e+01 6.873088785446869053e+01 7.701691808038701481e+01 7.054931321519336507e+01 7.540426732435862789e+01 7.280779887892424540e+01 8.109274668013378573e+01 9.264367925748743460e+01 7.932492299677444691e+01 5.922350411747957111e+01 7.932492299677444691e+01 7.314853203869135712e+01 5.285206525438245961e+01 5.234660783153598373e+01 5.833740552282730363e+01 6.561279026659245517e+01 7.567372649162345510e+01 9.533151423843953864e+01 1.022743109643139263e+02 8.225084730352401152e+01 7.224038370987720725e+01 6.519199105699999564e+01 5.969715949766477792e+01 5.461147971553864977e+01 4.985368626903217404e+01 6.340268635594881630e+01
3.515918393995972474e-02 2.003515918393960504e+01 2.812856375706596523e+01 3.249292156178619706e+01 3.783814640003317464e+01 3.416807801858783478e+01 5.278908431416133595e+01 6.173335622416017543e+01 6.306137768712485325e+01 7.134820178809277991e+01 7.917247194793498011e+01 7.082990521726986799e+01 7.917246962767073626e+01 7.642729808784289958e+01 6.814673004103288179e+01 7.642729898338750161e+01 7.822176023768965081e+01 8.647576233144208402e+01 8.631661072907186849e+01 6.637815650951907287e+01 5.194393852478666673e+01 6.357310801056775773e+01 6.003149375797052301e+01 4.510126764312201431e+01 5.694923910258483346e+01 7.712658441329126902e+01 7.847042520687715239e+01 9.367238346997316967e+01 1.035182380349861404e+02 1.105755502193529054e+02 1.005612554656507314e+02 8.518366405461441104e+01 8.518366405432287536e+01 7.600802615925765338e+01 5.611200752722383811e+01 4.956471471048486421e+01 4.365272341147331048e+01
4.608085242692564615e-02 4.046080852426942265e+00 8.128563757065608186e+00 1.249292156178549362e+01 1.783814640003388874e+01 2.450481306670043935e+01 3.344908497669928238e+01 4.759122060042973601e+01 6.759122060042831492e+01 7.036408221144831998e+01 6.912456402600574279e+01 5.075270177307288577e+01 6.912455342099519839e+01 6.645571719409453237e+01 4.822340942314097134e+01 6.645571726500095622e+01 5.837796903483292965e+01 7.429452062704947934e+01 8.247730261010065078e+01 7.781482528380746544e+01 5.767399556450865106e+01 4.334207681854881855e+01 3.992561964589098977e+01 6.003149375797052301e+01 7.374410855849306756e+01 8.533085454239918022e+01 9.821711905629724981e+01 9.840713508113675800e+01 9.377684759472931830e+01 1.019640129943618092e+02 1.135126690396770641e+02 9.910315445021220171e+01 7.908700061527065373e+01 6.756104087321701002e+01 7.600802615925765338e+01 6.937601928091515902e+01 5.861261667274739295e+01
1.610643649003322755e-02 2.001610643648967880e+01 2.812856375706596523e+01 2.663505718551619239e+01 2.882285318034030652e+01 4.450481306669972525e+01 5.278908431416133595e+01 6.173335622416017543e+01 6.449391040953941001e+01 5.027791630249447508e+01 6.079130348885511381e+01 4.072093694711899303e+01 6.079130348885511381e+01 5.818506972851698578e+01 3.836553352410246731e+01 5.280241502547748667e+01 4.701894696255952510e+01 5.473526250946125771e+01 7.429452062713332339e+01 7.370270030672223527e+01 7.185005135663109854e+01 5.642033820842036818e+01 3.673311630477690670e+01 5.050803631865892385e+01 7.069401157406429093e+01 7.140405998155254963e+01 7.962135279237581642e+01 7.870045220606371572e+01 7.403926051985347101e+01 9.056371360209644195e+01 1.004410927835876350e+02 1.074047896268603495e+02 9.584410062615528147e+01 8.754682264543173176e+01 8.223942944999133431e+01 7.074843315847560632e+01 6.248935221198883738e+01
2.022278438842990689e-02 1.416235840811925506e+01 3.416235840811854274e+01 4.663505718551547830e+01 4.882285318034101351e+01 5.710712442780320686e+01 6.340936212435375552e+01 6.634861215082109709e+01 5.445701410246308427e+01 3.610528064633995626e+01 4.554487683500364881e+01 3.403486863347677627e+01 5.410118130857645014e+01 5.117780550234924419e+01 3.142692037324591681e+01 3.320378490144845074e+01 4.109737829212676274e+01 6.046403657614939675e+01 6.795827812296131754e+01 5.400862430099621747e+01 6.080267623481034178e+01 5.366360417103273761e+01 3.434040846221603260e+01 5.366360417103273051e+01 5.760728540348710425e+01 5.189247425624814980e+01 7.140405998155254963e+01 6.445156519253157512e+01 6.229677984067249952e+01 7.250364558525481584e+01 9.225904484510314774e+01 1.045111209193781150e+02 9.295151728662688129e+01 8.401160364677483017e+01 7.395547012270067455e+01 5.409606442394508719e+01 4.274718732437711566e+01
6.642187732006160639e-02 1.017040902492562715e+01 2.421132813681972706e+01 4.422073449296286185e+01 5.184838715047906277e+01 4.368784328963845098e+01 4.368784328963797492e+01 5.785086801910964027e+01 3.795221127732209965e+01 2.609402542888121346e+01 2.548982079390480493e+01 4.549347227795092152e+01 4.491652659830268846e+01 3.932087832884755585e+01 2.518612982502191144e+01 4.493202722039188757e+01 5.499143520964517506e+01 4.779385480750097770e+01 5.474764666653703671e+01 4.049102521600522664e+01 4.087860498775525997e+01 4.813890884413541471e+01 3.196539188019931643e+01 3.682623903153696432e+01 4.062378052461534139e+01 5.760434533084141862e+01 6.537019489331990485e+01 5.225549808819128828e+01 6.706628475056911043e+01 8.702954927744350755e+01 1.004410927835876350e+02 9.621029870513048365e+01 7.619599039031467669e+01 6.468102809948842946e+01 5.583116182050157050e+01 4.840834804717953688e+01 6.248963689657818321e+01
1.591255364720534082e-02 2.001591255284048998e+01 3.819695175318364733e+01 3.979316280557159757e+01 3.229552714600370678e+01 2.387513494435988193e+01 4.368505286806403376e+01 4.952474923178005639e+01 2.948023298717327734e+01 1.792433903647286542e+01 3.793945040478551078e+01 3.299127387162116776e+01 2.738427412635719094e+01 1.942386219812744841e+01 3.932087823931743031e+01 5.056787149616757659e+01 4.360463065396536564e+01 2.183866994333244449e+01 4.359979127054914727e+01 4.467247037493275741e+01 2.724322712290121373e+01 2.867505732151826336e+01 3.043111159442302949e+01 5.016927389801116277e+01 5.643252639786024361e+01 4.036048460000557014e+01 4.409862807002081553e+01 6.537019489331990485e+01 7.954960345834943780e+01 8.657852012080562076e+01 9.474872459627985677e+01 1.028001097072036885e+02 8.278261182212450819e+01 6.865767805856134487e+01 5.720152596002427003e+01 5.720152596002427003e+01 7.648006376664565664e+01
6.189296070378335485e-02 2.005773589487315434e+01 2.192155957199189587e+01 5.577078948638862776e+00 1.265413334922286737e+01 2.577091048926873995e+01 2.659690525870725253e+01 3.534801895354733858e+01 3.409958862974637839e+01 1.406829406257357107e+01 3.139553461418081426e+01 1.292938588595392879e+01 1.400749588701035009e+01 3.401866107155478147e+01 3.675489824397708816e+01 3.794478790844529215e+01 1.987258352469545741e+01 3.269315502607027923e+01 2.382690366874391330e+01 2.523740887782851772e+01 4.474432397066884448e+01 4.084368514410864037e+01 5.009356982222918475e+01 3.293133437385015583e+01 3.580180851503815376e+01 5.990242915847057503e+01 6.537019489331989064e+01 5.283657995249460981e+01 5.934921257621758883e+01 6.669774157513383273e+01 7.827802056736817349e+01 9.791721337490250221e+01 9.124300191475053623e+01 7.124965169834457868e+01 7.124965169834457868e+01 6.865767805856134487e+01 8.539591123700229502e+01
2.247884206357958492e-02 9.605192398523881847e-01 1.900031923624134755e+00 5.792916214653376805e+00 2.295425684975642966e+01 5.497133360564038895e+00 6.443870322004181084e+00 2.652989208371388230e+01 2.889628031000132324e+01 1.032516000623707164e+01 1.140266254013671698e+01 3.132779078898719405e+01 3.401334394281484919e+01 1.560329449465268148e+01 1.673796584739308813e+01 1.792501316193679273e+01 2.031573107154189017e+01 3.954048104836834199e+01 3.837478751066947780e+01 4.426783816905971491e+01 5.299915590991069081e+01 5.861921171566127953e+01 6.118198408022085033e+01 5.316056295709441315e+01 3.601212806535551891e+01 5.041334012936948028e+01 7.077439846600594819e+01 7.345895644248139433e+01 7.954960345834943780e+01 8.657852012080562076e+01 9.474872459627985677e+01 1.061118295171095269e+02 9.954217077566018190e+01 9.124300191475053623e+01 9.124300191475053623e+01 8.864560121027683692e+01 9.694358396927144383e+01
