MOVIE_S11_data/elevation_000739.asc
nrows	100
cellsize	150.0
xllcorner	0
ncols	100
yllcorner	0
NODATA_value	-9999
[rows 34 to 50 of 100, columns 37 to 73 of 100]
4.561952900995585480e+01 4.320599331204751792e+01 4.084996516882257112e+01 3.869927559931845451e+01 3.660211076701599353e+01 3.458266230598282931e+01 3.425922813588557858e+01 5.525447085765409128e+01 5.315117365884930223e+01 4.676986486203992399e+01 5.387289597753176906e+01 5.517680718186028344e+01 3.706475255370899191e+01 5.710967587416692481e+01 6.364009304322203064e+01 5.085914818420675232e+01 6.850483824557009882e+01 5.330965122877358198e+01 5.751890693523355225e+01 6.191012921245835088e+01 7.176323590223346116e+01 8.318018612956858249e+01 9.718584782187774351e+01 1.170650966608736638e+02 1.121270687222736484e+02 1.126872615971485061e+02 1.040052378706673863e+02 9.667983160222424033e+01 7.877883696210624009e+01 8.481635616509180409e+01 6.707870706520952808e+01 8.671103640054688810e+01 9.531160435312146717e+01 9.435748957070501319e+01 7.394456168546862784e+01 7.133193294258632022e+01 7.657271272761386172e+01
6.487790029834853556e+01 6.253089215389370992e+01 4.667535756829796156e+01 5.266020904325969809e+01 5.063129437285194712e+01 5.431273809480807557e+01 3.680531435078241032e+01 5.679106643204269034e+01 6.860982950160384064e+01 6.664454999101769772e+01 7.113524978946037436e+01 5.130024187813657477e+01 5.710949831368282048e+01 3.907102842550148836e+01 4.374955794991641511e+01 6.364009304322639338e+01 4.873161651768372593e+01 6.851324094787206320e+01 7.724526245980779038e+01 8.166189402083443838e+01 7.176323590223346116e+01 8.060437129550284396e+01 9.203195235829237220e+01 1.118884331875555205e+02 1.188566491369578415e+02 9.785358190378929066e+01 8.328586008121705220e+01 7.613173260775249673e+01 7.004811633854569664e+01 6.445915544981943412e+01 5.996238030574352962e+01 6.631051497573588449e+01 8.190258738747165523e+01 9.047808945693758176e+01 8.257208016121541050e+01 6.244889149538195028e+01 8.257207321566042424e+01
7.442280554842096763e+01 5.537446655915259441e+01 6.594415605498501520e+01 7.172083021853077867e+01 6.996548728218246538e+01 6.496028882007011873e+01 5.679177958402650717e+01 4.055286949259537721e+01 5.468209425749981278e+01 7.439471536071344815e+01 7.934472581825994553e+01 7.113506376745822024e+01 6.112882268862443169e+01 4.115850388116749059e+01 4.210146606462758001e+01 4.426530735622206691e+01 6.414455112987893415e+01 7.139766487302756559e+01 7.463880143978560966e+01 8.285638963013342106e+01 9.156055213943528770e+01 9.979981042679651182e+01 1.086772268127193826e+02 1.201607675119908407e+02 1.250134086558685027e+02 1.040052378706673863e+02 1.040052378706673863e+02 9.667983160222424033e+01 9.048434664588405951e+01 8.481635616509180409e+01 6.894406080741404708e+01 5.469217823415466029e+01 6.156734886295183884e+01 7.867532903345440332e+01 7.155548761054448903e+01 5.775116128411459471e+01 7.782899891722381369e+01
8.116761965127594181e+01 6.209040449139030926e+01 8.116761965127594181e+01 8.578211280402649663e+01 6.611333751489489430e+01 5.474251881315689872e+01 4.478657235086124189e+01 6.045629088382913352e+01 5.059060212721866634e+01 6.200668038591972930e+01 8.168089626417011573e+01 7.718806914378744466e+01 5.739795164354335810e+01 4.326693665624792828e+01 6.203764438526624758e+01 6.414455113711667877e+01 4.853098895755412201e+01 5.166211771127129282e+01 5.492373737593004535e+01 7.463880143978560966e+01 8.779968093325528855e+01 9.924753722638142506e+01 1.070551876849622204e+02 1.153302240905707521e+02 1.118132718750236450e+02 1.035277397094226899e+02 1.077842620466169024e+02 9.950002932827784718e+01 9.731722509991408288e+01 9.799985757921879781e+01 8.347195919331642244e+01 7.016203195130492531e+01 4.997208000961902030e+01 6.580775493387261577e+01 5.143248634910460737e+01 6.338384314534735609e+01 8.203863953349069504e+01
8.920174747458418096e+01 7.551525062729149340e+01 8.116761965127594181e+01 9.392998653913015517e+01 8.097660575433032193e+01 6.766525304200264657e+01 4.793835685483983866e+01 6.766525293886863324e+01 6.200668038587791386e+01 7.847045307865201380e+01 8.982907176149403483e+01 7.928152456357697986e+01 5.949369512419438166e+01 4.540518520311233175e+01 6.528941613388775522e+01 7.652303645487916128e+01 6.252825769306800652e+01 6.560849775623913160e+01 7.463880143978560966e+01 5.983620251871188600e+01 7.120613065951296505e+01 9.100235862489746808e+01 8.720976630581078837e+01 1.070551876849622204e+02 1.035277397094226899e+02 8.358923655021155241e+01 8.942908891883517697e+01 7.954309962736112993e+01 7.735989897362611600e+01 8.579485748859661953e+01 8.246395205733844591e+01 7.867532903345440332e+01 6.580775493387261577e+01 4.565928061013475769e+01 5.870436015593684687e+01 7.662371522783753619e+01 8.084534518292547034e+01
1.016406000917706223e+02 9.481364560851667989e+01 1.005116222076104009e+02 8.653737510682391587e+01 7.282929531787245025e+01 5.316520817681566768e+01 5.455673174017105254e+01 7.421951369087572914e+01 8.168089209963308406e+01 8.982877708379727721e+01 9.590033364309832109e+01 8.148557014036060764e+01 6.742828729816734779e+01 4.758385684039902941e+01 6.163121650605532409e+01 8.142427804928159674e+01 8.228710550874254182e+01 8.537395064122227950e+01 8.779968093325528855e+01 6.967725538836769772e+01 6.575802271933206100e+01 7.321640218402667699e+01 8.720976630581078837e+01 1.070551876849622204e+02 1.009411371689801342e+02 8.100168470054458680e+01 6.945280943652213068e+01 8.001218046228773062e+01 6.321351509109364741e+01 6.580942490104730780e+01 6.247225447310479751e+01 7.660592872123802977e+01 6.340913414855175034e+01 4.330468933020262057e+01 5.806224579093626659e+01 7.877026939774258096e+01 7.255273428564360927e+01
1.097717620364184938e+02 1.015271718177827012e+02 9.338058244550035170e+01 7.838858479948152080e+01 5.873352834435726066e+01 7.282929531787245025e+01 6.590674043426395201e+01 6.845871077336961719e+01 8.812732223403725129e+01 9.590033365563233758e+01 7.604609024698856956e+01 7.326477514859847417e+01 5.348190885029862329e+01 5.018948420865839921e+01 7.000667442284235165e+01 7.882514121444668831e+01 8.635819182215645640e+01 9.478597415157342709e+01 9.771116457928960131e+01 8.365870798402410458e+01 8.553640888719381508e+01 7.349865417633608899e+01 8.492178506803097093e+01 1.047570616964406298e+02 1.092222529607756769e+02 9.412863918236443794e+01 7.416495180775194740e+01 6.000887278048192286e+01 5.573788146120062947e+01 5.165100986360720725e+01 4.831464308319326051e+01 6.385263443598609001e+01 6.110322182396216562e+01 4.101273217170643903e+01 6.110322182396215851e+01 7.837722863504414761e+01 7.156159343613990131e+01
1.047352503017147711e+02 8.506838867168221441e+01 7.369663827158248637e+01 6.674530848609796863e+01 7.007238029558814674e+01 6.922956659685419822e+01 7.981367662110704941e+01 8.812732223403725129e+01 9.627555644392660383e+01 9.545645992711064309e+01 7.968941177987120739e+01 5.989726247224447064e+01 7.326400312163130479e+01 5.409963650073657959e+01 5.516883282839993541e+01 5.884797269030320876e+01 6.816347106594325567e+01 7.949899613302315515e+01 9.642615308993602241e+01 1.034954212115698624e+02 9.991141369863487398e+01 8.009265078946295091e+01 9.991141369863487398e+01 1.130273851230855797e+02 1.047857809590810234e+02 8.484809411283710290e+01 7.071562523280202583e+01 7.416495180693544853e+01 7.574746087074456113e+01 6.321351509109440059e+01 6.385263443598607580e+01 4.381711402334863692e+01 5.878405025747535007e+01 3.876808441147765194e+01 5.884307796584909767e+01 5.829615153096295899e+01 6.328576703355091837e+01
1.128820525460159558e+02 1.015271718177827012e+02 9.338058244550035170e+01 7.810464218104853273e+01 8.398811007829016262e+01 7.802871984301789610e+01 9.705403603463474838e+01 1.076325735630715599e+02 1.012590395925200539e+02 8.136474271199699615e+01 6.735724009384944111e+01 7.959890565966708209e+01 5.979987379150690430e+01 7.388564075891179073e+01 6.922212175783089094e+01 7.882514121444668831e+01 6.504995841080899766e+01 8.555724594500924240e+01 9.032538311464796266e+01 1.105156248821768799e+02 1.081715918181140097e+02 8.998636321648093883e+01 1.081715918181140097e+02 1.210827300406127733e+02 1.011231252336770581e+02 8.702853483564737758e+01 9.068770738538496801e+01 9.412863685918848944e+01 9.147923075424252204e+01 8.320526471013255332e+01 7.114680684718402404e+01 5.953166297864848389e+01 3.933852151514969364e+01 3.663507523149070266e+01 5.407378774617852457e+01 4.414274516205635734e+01 5.117975024077015433e+01
1.117984065282006299e+02 1.035241000922503076e+02 1.059286365774324850e+02 9.778196469008800307e+01 1.036561015733250457e+02 8.939767200051673512e+01 1.058527747637477745e+02 1.088623190520915216e+02 8.874644675928496440e+01 7.725864240275909367e+01 8.127809687350962520e+01 8.350447888309730615e+01 6.400486591089365618e+01 8.382451298293254638e+01 8.913096029305388868e+01 9.264535511272809742e+01 7.926756578114844842e+01 7.150040414582403514e+01 8.692612359407635836e+01 1.148569768974285950e+02 1.181174235964286510e+02 1.098364641807890507e+02 1.181174235964286510e+02 1.135295918054693090e+02 1.046639218121306669e+02 9.641710204690575381e+01 1.031178690944901746e+02 8.907912911410164725e+01 7.913257433414982245e+01 7.089669544759891551e+01 6.290149263047211292e+01 4.277932379893565695e+01 3.909537746974100969e+01 3.492897755912431990e+01 3.406337659275399687e+01 3.260147885748856567e+01 3.115844742163449865e+01
1.002991489257996989e+02 8.363109298149792892e+01 1.002991489257996989e+02 1.039862337344285805e+02 1.122618961076378241e+02 1.090559046349321761e+02 1.172051164033893116e+02 1.172181373898205834e+02 1.055946183632885038e+02 8.874305014042751338e+01 1.004411798603594406e+02 8.296997104631491027e+01 6.895085420170272528e+01 8.018665669967717236e+01 1.000111172009962957e+02 9.898285854354249125e+01 8.012886292121228848e+01 8.896425962203473148e+01 1.051596510825220605e+02 1.254793385173282871e+02 1.231022854377702345e+02 1.264336421489753377e+02 1.192928023260285784e+02 9.943918231747619529e+01 8.549388164310940397e+01 7.663044980678500906e+01 8.652377592684537433e+01 7.504038913371324782e+01 6.094602377671211002e+01 5.093856032071538209e+01 4.739121950218962809e+01 6.290149263047211292e+01 5.986791174742412380e+01 4.310230104524805483e+01 5.407378774617853168e+01 5.260553562310129649e+01 3.670155590593749650e+01
8.876762307452860057e+01 7.212806530311459596e+01 8.991589368803113302e+01 8.408776801361206310e+01 1.039862337344285805e+02 1.196008962266884765e+02 1.113071409000221337e+02 1.196008962266884765e+02 1.171306493816869363e+02 1.088018094589728832e+02 1.107095993054405199e+02 9.430740346738151914e+01 7.445463696033714029e+01 9.430740346738151914e+01 1.082290852403358201e+02 1.072644071171510376e+02 8.913957682403349736e+01 1.072644071171579867e+02 1.232673859870923536e+02 1.193922915004218481e+02 1.051816292739144245e+02 1.068602594568862543e+02 1.206988274881685186e+02 1.135295918054693090e+02 9.794665548821066636e+01 7.816164771918592180e+01 6.666455073105431950e+01 6.131411401526668215e+01 5.671915803497846298e+01 7.089669544759891551e+01 5.496698111470710302e+01 7.490407573834191624e+01 7.051497574352048048e+01 5.052208412207218657e+01 6.522664251166038696e+01 4.522490968984002535e+01 5.669787497973150181e+01
6.884503013297371865e+01 6.397528616069755714e+01 6.999780055114212018e+01 8.150848096236128981e+01 1.014006319423479141e+02 1.095733194250354643e+02 9.123862600541748691e+01 1.095733194250354643e+02 1.096681408534714421e+02 1.096729219801096065e+02 1.179638365906487820e+02 1.025504462398476448e+02 8.332929924782922626e+01 8.848655645457998276e+01 1.083601712701860720e+02 1.175719881852920849e+02 1.090677074722567426e+02 1.174531306934838142e+02 1.108982579317438706e+02 1.105063832970152333e+02 9.273864327418756659e+01 9.294784388631393313e+01 1.064071046806427177e+02 1.145204605453352116e+02 1.061986516652470982e+02 9.475259273453909259e+01 7.757959331312474660e+01 8.121617473759980044e+01 6.672002975830636728e+01 8.313710483197385770e+01 6.908857581476355847e+01 7.490407573834193045e+01 7.877283500700467300e+01 5.949631420479207833e+01 7.189369264763925571e+01 5.189254223975636648e+01 7.189369264763925571e+01
5.731905365994953172e+01 7.726530867676653713e+01 8.991532724602407711e+01 9.817188154825980462e+01 1.096728979016971692e+02 1.012728834527198245e+02 8.119867741252163285e+01 1.012728834527198245e+02 8.960745128532475690e+01 8.960748232522232115e+01 1.096729219801096065e+02 1.114397518762577022e+02 9.478167145371958213e+01 1.083601712701860720e+02 1.166143360251152927e+02 1.265258640560371504e+02 1.265137493831762470e+02 1.078940346448880945e+02 9.499313315727934537e+01 1.010771867091903573e+02 8.339016724270753400e+01 8.309095800905390661e+01 8.674159651229079770e+01 1.006646394058915774e+02 1.202706422284034176e+02 1.056521497579400517e+02 9.739710648459713127e+01 9.481373208869207758e+01 8.658062798459218357e+01 9.481373208869207758e+01 8.894393452582421844e+01 9.475825027654680355e+01 8.768773838587605951e+01 7.102179064439906142e+01 7.189369264763925571e+01 6.604810577389937976e+01 7.189369264763925571e+01
5.332374164010450812e+01 6.743944027337242630e+01 8.736731219947692750e+01 9.439519986532707208e+01 1.026749917045466276e+02 9.458148143932046992e+01 7.451108569891381705e+01 8.602343594052985054e+01 7.541419338373060555e+01 8.960748232522232115e+01 1.096729219801096065e+02 1.197845096770160467e+02 1.146733318060861677e+02 1.229321273866582374e+02 1.265258640560371504e+02 1.063646920439899191e+02 1.100643360407047879e+02 1.146216376590319754e+02 9.546689143086892670e+01 8.197093532197213506e+01 7.550016423639146979e+01 7.425369962914156474e+01 9.396954524712027990e+01 1.052134507936672208e+02 1.165502452592968723e+02 1.217008731548752536e+02 1.016926717639243520e+02 8.750934928076202368e+01 9.118741639113133601e+01 9.948140805928974828e+01 1.019651578133974397e+02 1.102513750013457923e+02 9.918554154347295082e+01 9.091429816963680821e+01 9.180135680747146409e+01 8.600618775825211060e+01 9.180135680747146409e+01
4.961001636571499063e+01 6.957099453720636006e+01 8.021879082375100722e+01 7.466461039990467441e+01 9.365835056651705770e+01 8.714809981537774775e+01 8.009943893685122873e+01 6.593404235891637200e+01 8.602343594052985054e+01 9.671671341421159696e+01 1.034089065384765860e+02 9.972857371714579244e+01 1.197845096770160467e+02 1.333030038798316639e+02 1.195087475951828111e+02 1.094546516344415323e+02 9.001616424675313510e+01 1.094546516344463214e+02 1.051218880198008918e+02 1.010771867091903573e+02 8.827807086102257017e+01 6.850895005476589006e+01 7.738653225379850653e+01 8.878088349969580406e+01 1.084393064772420701e+02 1.083648160437276715e+02 9.678870562637804653e+01 8.849111277757556593e+01 7.108611756183609032e+01 9.118741639113133601e+01 8.190314497408932937e+01 9.454434304955533719e+01 1.028368629312908382e+02 1.023578383794333035e+02 9.406551934621511180e+01 9.146196433317533092e+01 9.975720547169959218e+01
4.607033884799382406e+01 6.602421976699120876e+01 6.036742427734565553e+01 8.021908578506534582e+01 8.402361742383726551e+01 5.860715141693120245e+01 5.997107158914856484e+01 6.325374338582948752e+01 8.336131831781044355e+01 7.664527352986590358e+01 8.333232716568143417e+01 9.337528703996666479e+01 1.049701979426462373e+02 1.250159414430519007e+02 1.111255722340237639e+02 9.107146986503784092e+01 8.107266042191510280e+01 9.292299768323907472e+01 8.322689533463011458e+01 8.433962526366173051e+01 8.047209005418172012e+01 6.512380389702785521e+01 8.498711970214806399e+01 9.825997986584557964e+01 1.065619590771132152e+02 1.000775496406655805e+02 8.000925231510484537e+01 6.837936592890598320e+01 6.345909181723619241e+01 8.358983957231575346e+01 7.027944160232874538e+01 7.445595698688201480e+01 9.125041445752600566e+01 9.406551934621511180e+01 7.392844277494370431e+01 7.130867264057651767e+01 8.814314057718850393e+01
