MOVIE_S11_data/elevation_000924.asc
nrows	100
cellsize	150.0
xllcorner	0
ncols	100
yllcorner	0
NODATA_value	-9999
[rows 17 to 33 of 100, columns 0 to 36 of 100]
5.222468517465790605e-02 1.419436749976252798e+01 3.419551798507105644e+01 5.150278405310609742e+01 4.321571837692821560e+01 4.060793603593738510e+01 3.129691513293452942e+01 5.130007442514298077e+01 4.739367439309494046e+01 3.330447459935682986e+01 2.345146538887541610e+01 3.009211240954187616e+01 3.709157063783865027e+01 5.694550895294447201e+01 6.553630269385992335e+01 7.263515514903386361e+01 8.097930571807597744e+01 9.261878896828176266e+01 8.317558112388834957e+01 6.642759566909651880e+01 8.317558112388834957e+01 7.074292566973741714e+01 5.076934259354003842e+01 3.660847194236652058e+01 5.661946963196535876e+01 5.170226659575448025e+01 3.628071492467281445e+01 4.784701655656859742e+01 6.783165508031389379e+01 6.627494490688609119e+01 4.639683725895325495e+01 6.627494490688609119e+01 5.953006185711394238e+01 7.873912316592067384e+01 7.023764266439533799e+01 5.006716352022806404e+01 3.862469330444034199e+01
7.333276091007127906e-02 1.421677924592811060e+01 3.425162498771622666e+01 3.885870224101339687e+01 2.320916445701843145e+01 2.060639975533279511e+01 4.060793603593738510e+01 4.345112364847879860e+01 3.518852556460683445e+01 1.923711318287115191e+01 3.912737152955787678e+01 3.966220183673263477e+01 5.694550895294447201e+01 4.959347862302163890e+01 6.370361105955014125e+01 8.381663745924207376e+01 8.206661807174538126e+01 9.042663345452905332e+01 9.472998193160545100e+01 8.643953842722595482e+01 8.702427809158584182e+01 7.473556689957879939e+01 5.477236075037168206e+01 4.061955433082906808e+01 6.061944845724944742e+01 5.977562246152366754e+01 3.977245896857237994e+01 5.977562246152366754e+01 7.607815688326004988e+01 7.256303641832096218e+01 5.267834510661592873e+01 7.256303641832096218e+01 7.100398412927395952e+01 8.762283947241529347e+01 7.281691592305203642e+01 5.265635466490632410e+01 5.266457518547139216e+01
6.343274376862209629e-02 2.004599561764310423e+01 2.314405833301534798e+01 1.885779126873987366e+01 1.166212425576809508e+01 2.800779499263354211e+01 2.972292377086998272e+01 3.146479018114630932e+01 1.527680090518202327e+01 3.518852556460683445e+01 4.739367439309494046e+01 5.956779526535562752e+01 6.787847599342693172e+01 6.959569893953647579e+01 7.791644816479812619e+01 7.570148012718642860e+01 6.201750110544556804e+01 7.881215454082149563e+01 8.884483785814538237e+01 9.486533524631890657e+01 7.880182593437430683e+01 5.884709050242946660e+01 4.729643724948199690e+01 5.477236075037168206e+01 6.886839868105037965e+01 6.342596761385847515e+01 4.343220378772470269e+01 5.498619197524167390e+01 7.495491553844996702e+01 8.082906107954879360e+01 6.154401927965898267e+01 8.082906107954879360e+01 9.089362915165270351e+01 9.908815368100790977e+01 8.146887396383785074e+01 7.279440860353474818e+01 7.289335775941411555e+01
3.497053469895897854e-02 1.587271586111626442e+00 3.144269474434675526e+00 4.715617877071454522e+00 6.316899415122332329e+00 8.007207924579379466e+00 9.722193776004482757e+00 1.146297033556144740e+01 1.380379327948403834e+01 3.380594682713651622e+01 4.547993424304878829e+01 5.963263362025376324e+01 5.797450262225885353e+01 6.627923450496147950e+01 6.984465824935415412e+01 5.566445208954666413e+01 5.046151798621174578e+01 6.046812422943831677e+01 8.051312038086011569e+01 8.665538011556849085e+01 6.672727624841051863e+01 5.672891011890988011e+01 5.624512306001879836e+01 7.473556689957879939e+01 8.153051076123716712e+01 6.157958228812351109e+01 4.743754228156923602e+01 6.742307394693077072e+01 8.319321078055072860e+01 8.974791648611483197e+01 7.562503234814121811e+01 8.974791648611483197e+01 9.732990688823923620e+01 8.921844644216474762e+01 9.322076661711233214e+01 8.458702809189905736e+01 8.275925207998902522e+01
9.635555453094322986e-02 2.009635555453058942e+01 2.314455496888155039e+01 1.626263193387592310e+01 2.631737697766174122e+01 2.214941708162150746e+01 2.390250847335105888e+01 2.555861709308681995e+01 3.379830963205861849e+01 1.718441029830470868e+01 3.132723486584387373e+01 4.350048305221899625e+01 3.796003774225364680e+01 4.950697685554739991e+01 5.422370531949398753e+01 4.151563227580165716e+01 6.153316172694639619e+01 7.881215454082149563e+01 8.884483785814538237e+01 9.486533524631890657e+01 8.491702908289488505e+01 6.827191239226459629e+01 6.778872995196064721e+01 8.443560142432302484e+01 8.153051076123716712e+01 6.157958228812351109e+01 5.744069680352846774e+01 5.528547185124025276e+01 7.525626250379728788e+01 9.288455081490468501e+01 9.560697737362043824e+01 1.029703008704587290e+02 8.352224183018498138e+01 6.989976691410146259e+01 7.712896422566510068e+01 6.385620367167439326e+01 6.747755323751955814e+01
8.845047570523793812e-02 1.423058609951173104e+01 3.423058627806145893e+01 3.626349620787756578e+01 4.455138557721527093e+01 4.215120938558512620e+01 4.416767439999298261e+01 4.507448994838836853e+01 4.540877974828699593e+01 3.132723397397655773e+01 2.074789352175227464e+01 2.349510479513995875e+01 2.641240460336629781e+01 2.949847152418996998e+01 3.421251737990528596e+01 5.422370531949398753e+01 6.901213577419609635e+01 7.733551612433566902e+01 7.797916878113693429e+01 9.807661356332840796e+01 9.640046094124646459e+01 8.819246403577750471e+01 8.771160774482943623e+01 9.592024390299197023e+01 8.976138683603826962e+01 8.153051076123716712e+01 6.898293479951884422e+01 6.942001757420851504e+01 6.471340737912376539e+01 7.624819793359128539e+01 9.614704900830101053e+01 9.719915010082087292e+01 7.754559405477198197e+01 6.634649604256384237e+01 5.769799320914940211e+01 5.249038648522174100e+01 4.798095250294732494e+01
8.023991185656004221e-02 2.008023991185620361e+01 2.812847113505611318e+01 3.249282893977705555e+01 3.720687414768745782e+01 4.255209898593604123e+01 4.921876565260282632e+01 5.750303690066863282e+01 5.962874774930266142e+01 4.742102052222978159e+01 2.741456469145982311e+01 3.349529712299025164e+01 4.641901935556037984e+01 4.104635558961481934e+01 3.598734939785564535e+01 4.231206332566252826e+01 4.897949416903445297e+01 5.792827342113295686e+01 7.797916878113693429e+01 9.597795642615440670e+01 8.771151125393663506e+01 9.597795642615440670e+01 9.292576001482743209e+01 8.466170951394262545e+01 9.292576001482743209e+01 9.713283531451384079e+01 8.891082230737357861e+01 8.934620416614171745e+01 7.624819793359128539e+01 9.288455081490468501e+01 1.043619365391870559e+02 1.053874561509479406e+02 9.402106354685339795e+01 8.526959688948977600e+01 7.712895637141639327e+01 7.195675946858652594e+01 6.747948893014546456e+01
4.598823041778624804e-02 4.045988230417803422e+00 8.128471135056468455e+00 1.249282893977635389e+01 1.720687414768675438e+01 2.255209898593533424e+01 2.921876565260211933e+01 4.336090127633357127e+01 6.336090127633497104e+01 5.498422632536968990e+01 3.497394550511754119e+01 5.350560400959713547e+01 5.350551597825709393e+01 5.519596788340861337e+01 5.013419327156884719e+01 4.753696040979203730e+01 6.759770467614320921e+01 7.733551612433566902e+01 8.631088642978077985e+01 8.599540992395563421e+01 6.774305112529515327e+01 8.599540992395563421e+01 8.294454482327992650e+01 6.469462022912559007e+01 8.294454482327992650e+01 9.425733592302468367e+01 9.301600419342597093e+01 1.012799952630408882e+02 9.614704900830101053e+01 1.043619365391870559e+02 1.028058381894399673e+02 9.261039739460144915e+01 8.415997306273969514e+01 7.696343319877135514e+01 8.540893940285388908e+01 8.065089177001014775e+01 7.218456629289312332e+01
7.340434288523949025e-02 2.007340434288488495e+01 2.812847113505682373e+01 3.249282893977705555e+01 3.134900977141795764e+01 4.255209898593604123e+01 4.255209898593604123e+01 4.336090127633357127e+01 6.336090127633427471e+01 6.328370487174287007e+01 4.652295735154220324e+01 6.328370487174287007e+01 7.353302845773856689e+01 7.523152582578811121e+01 7.017124600999083839e+01 6.171191794612123260e+01 6.759770467614320921e+01 8.776683043455686573e+01 9.063216908816986006e+01 7.066349849234211433e+01 5.774788660533379669e+01 7.772728118961595101e+01 7.467816487153405092e+01 5.469776509913879892e+01 6.602665881812927751e+01 7.672005396677730005e+01 7.305762272888551934e+01 8.939437166597319617e+01 9.765744449284674999e+01 1.076317263506236799e+02 9.435116934326282490e+01 7.396877689657479493e+01 6.380505014882070469e+01 5.645342924900087667e+01 6.821793323778936724e+01 6.408870568558130287e+01 5.129266259818015072e+01
3.515918393995972474e-02 2.003515918393960504e+01 3.240086306431816610e+01 3.996015252450257549e+01 4.824442377196418619e+01 5.963328101921955238e+01 6.255209898593749784e+01 6.336090127633427471e+01 7.164517252500468203e+01 7.484691020220490998e+01 6.654253469187096925e+01 6.124935685063718438e+01 5.864984006977888242e+01 6.693113400148554604e+01 7.849239706267336203e+01 8.202540045154117365e+01 8.424767802766726277e+01 9.231826529644129664e+01 8.478611906679093124e+01 6.481371751415606752e+01 5.067721683995707593e+01 6.282423386544424204e+01 6.253722912883041829e+01 4.762664710532569501e+01 5.189066471045985907e+01 5.674184411389823168e+01 6.277157985183293221e+01 6.943451731404563532e+01 7.942019699422364454e+01 9.936854633772284728e+01 1.028058381894399673e+02 9.261039739460144915e+01 7.472081671911806211e+01 5.415688755069586335e+01 4.716292206071864967e+01 4.273069731532471138e+01 3.895243671128826435e+01
4.608085242692564615e-02 6.076307743982172660e+00 1.240086306431887664e+01 1.996015252450328958e+01 3.410228814823373966e+01 5.410228814823302912e+01 6.150588880302014161e+01 6.145844476362719888e+01 6.962992753398793866e+01 6.314827266663329652e+01 5.484550750280747167e+01 4.099860711897328969e+01 3.835033333366337160e+01 5.017320178067556924e+01 7.022914331138584032e+01 8.098365390586135959e+01 6.440079889673204150e+01 8.098365390586135959e+01 8.624354759625271072e+01 7.484087157482359487e+01 6.280907747394948615e+01 4.283362360048800355e+01 4.254773115899911318e+01 5.668602964892765073e+01 6.602665787533423725e+01 7.672005293942963533e+01 8.274108688199734729e+01 8.939437166597319617e+01 9.765744449284674999e+01 1.076317263506236799e+02 9.933271316077619417e+01 7.892172632886078532e+01 6.454166747701670204e+01 6.821793172545051220e+01 6.821793323778936724e+01 6.408870568558130287e+01 5.491125397056486435e+01
1.610643649003322755e-02 2.001610643648967880e+01 3.240086306431816610e+01 3.996015252450257549e+01 4.824442377196418619e+01 5.562896675504134691e+01 4.149893761826710659e+01 4.154102259685365084e+01 5.816268011240094893e+01 5.484550750280747167e+01 3.457860101977874479e+01 2.664303706521107529e+01 4.692991439121727382e+01 4.834663079332222679e+01 6.844831135177446413e+01 7.280597154825359496e+01 5.286131353349924211e+01 7.280597154825359496e+01 7.811940469816880750e+01 5.831280964464274064e+01 4.677712824890987520e+01 3.783633300295439028e+01 5.782565667647328667e+01 7.080593545001532618e+01 8.492337801703992284e+01 9.425204843745601124e+01 9.997142724774474232e+01 9.168563519013217444e+01 9.428059759342620794e+01 1.025667670413312464e+02 9.933271316077617996e+01 7.892172632886077110e+01 8.489996596121935113e+01 8.866253034406688016e+01 8.004021982114471712e+01 6.829052624923055248e+01 5.454869716618686937e+01
2.022278438842990689e-02 2.002022278438807490e+01 3.729496494506078363e+01 4.884197017653355033e+01 4.908872311521260912e+01 4.573391190516194627e+01 2.764152521679103813e+01 3.022895678767470784e+01 4.540553110823309879e+01 4.209975903808945930e+01 3.453474043634400203e+01 2.068155571665147008e+01 2.802310490720433478e+01 4.244335298730180739e+01 6.259840413511132340e+01 6.575892772451099688e+01 4.579095596118879286e+01 6.575892772451099688e+01 7.166581992409820145e+01 6.339129682609267036e+01 5.522462897605289101e+01 3.523513757188842277e+01 5.522443568314182016e+01 6.268034175065756841e+01 8.265732366801351816e+01 8.835371157276574650e+01 8.842573745882621949e+01 7.169037853643251879e+01 7.428470787632134886e+01 9.428059759342620794e+01 1.077792167552286458e+02 9.933271316077617996e+01 9.421993846872896938e+01 8.578099085088119580e+01 7.160863379410135110e+01 5.125946593589561218e+01 3.963115139165965672e+01
6.642187732006160639e-02 9.010693787319141279e+00 2.055769917111145162e+01 4.055769917085740417e+01 2.935363675729577437e+01 2.935363675729799127e+01 1.809170994914913422e+01 3.713943960808716582e+01 2.375722796779345103e+01 2.826336838150332653e+01 1.506558422605212400e+01 3.453474043634399493e+01 4.828402589350864815e+01 5.665693967142130560e+01 6.727509482317991285e+01 5.974121609094793683e+01 3.976321550079079969e+01 5.974121609094793683e+01 6.339129682609563332e+01 4.340397002732491671e+01 4.925812250889391919e+01 3.269839232851685296e+01 4.269131131554459557e+01 6.268058783307224502e+01 7.347845401177571034e+01 6.835982371030181071e+01 8.014136837860304752e+01 6.015102953727040358e+01 7.381986818488879010e+01 9.381485029653127583e+01 1.000273121988951175e+02 1.002002645943929622e+02 7.980833226076498477e+01 6.545356533374867070e+01 6.614407632764311984e+01 4.578145920707228100e+01 5.125946593589561218e+01
1.591255364720534082e-02 2.001591255345437759e+01 2.196125326698345859e+01 2.291470152671946536e+01 2.387251311571428403e+01 9.817502742361192247e+00 2.935363675729788824e+01 2.768667134421901466e+01 9.135357799277942448e+00 1.017371798103251734e+01 1.121631649574914391e+01 3.122616197977659169e+01 4.104573732516784901e+01 5.414909829300821542e+01 4.733659945730395435e+01 4.734154298230899371e+01 3.442176775262079502e+01 5.440390752516496065e+01 5.427480522349114267e+01 4.599612429185408757e+01 2.927338435114540971e+01 4.925812250889417498e+01 6.096142085984917713e+01 5.618486097300421278e+01 5.348998335401321214e+01 5.422693754867213300e+01 6.626485615373645999e+01 5.383118519835861093e+01 7.381986818488879010e+01 8.369915553287172827e+01 8.002948601301555698e+01 1.000273121988951175e+02 8.465782122524693420e+01 6.433562905023946144e+01 5.258263279027580239e+01 6.614407632763737865e+01 7.160863379403005524e+01
6.189296070378335485e-02 1.011050956456281513e+00 1.961279632747440438e+00 2.914742221993031013e+00 3.872568507214180666e+00 4.833707169878610266e+00 2.483468881222290392e+01 7.674757044544342932e+00 2.756656358986052524e+01 3.016983108889527898e+01 3.122616197977700736e+01 1.275269441292582151e+01 3.276312831773019951e+01 3.428890562531085351e+01 4.117352353806491294e+01 2.735351371065315007e+01 4.734154281371182549e+01 4.144959475124719717e+01 4.281773765060923154e+01 2.601103216177510902e+01 4.599612429185408757e+01 5.043645142726443709e+01 5.182442721264043684e+01 3.620284630713550200e+01 3.936135779592687811e+01 4.269073558516567601e+01 4.627860489684607614e+01 5.161876007319254711e+01 5.738803338111201668e+01 6.370778004511353743e+01 7.524738044807968151e+01 9.524449500457015461e+01 9.309700187689992390e+01 7.292479810293053788e+01 6.433562905023946144e+01 6.696903840075042069e+01 8.730327394656420381e+01
2.247884206357958492e-02 2.002247884206322581e+01 2.196121941577094105e+01 1.705682234809957265e+01 2.387247664040051021e+01 2.415832431393938151e+01 6.223803345568109435e+00 2.620503776346136959e+01 2.638925097886909654e+01 4.461112947919438909e+01 4.104391925233947092e+01 3.276216298866155086e+01 1.430101852998823020e+01 3.429377148911398621e+01 2.116409445241317755e+01 3.821759368700519843e+01 3.943940772382963189e+01 2.141591278751153382e+01 2.282680329359680726e+01 4.278078051086547617e+01 4.723359249185764241e+01 2.993187759013375882e+01 3.184432893375988272e+01 5.182442721264082053e+01 5.934446913233659870e+01 6.267521235006739744e+01 6.626485615373645999e+01 7.160691535424095377e+01 7.737732752834487826e+01 8.369915553287172827e+01 9.198406948960676743e+01 1.035306766017316136e+02 1.017080618858548888e+02 9.309700190453058610e+01 8.465782122519634356e+01 8.730327394657405193e+01 9.574140156339430519e+01
