MOVIE_S11_data/elevation_000958.asc
nrows	100
cellsize	150.0
xllcorner	0
ncols	100
yllcorner	0
NODATA_value	-9999
[rows 68 to 84 of 100, columns 0 to 36 of 100]
5.009162696260269221e-02 3.585625532895347689e+00 7.177731573430861545e+00 1.095737630352316749e+01 1.512766458466462716e+01 1.997837708539137225e+01 3.152538246918409115e+01 5.152538246919560549e+01 6.833768238875069301e+01 5.614340063095121991e+01 3.578828477929612006e+01 4.513891917352862748e+01 2.703458952429584983e+01 4.688168344445785607e+01 4.644019708161021498e+01 4.309417994416200770e+01 3.578479161560547084e+01 4.944729317440688021e+01 2.945832782504846747e+01 4.944729317141175073e+01 4.993705915657545802e+01 4.993742851211240463e+01 4.435705356707418900e+01 2.840435546564063074e+01 4.839596953047172434e+01 5.046695039108495706e+01 3.394083001647133102e+01 3.645977401844105259e+01 4.645363410869259724e+01 6.306774520629607395e+01 6.050677843316554316e+01 6.134397486410362887e+01 7.553141251924888877e+01 6.499436378184346097e+01 7.252744801568881883e+01 8.660492695826067688e+01 1.066075287835844136e+02
4.695337527364121244e-02 2.004695337527328647e+01 2.717773157343140511e+01 3.095737630352411784e+01 3.512766458466391839e+01 3.997837708539455548e+01 2.850640573961594271e+01 4.005341112340886411e+01 6.005341112344265753e+01 6.467850593374269863e+01 4.740449752333306321e+01 5.528686907253158012e+01 3.842739413282552619e+01 4.102776648731752118e+01 6.114009301186599998e+01 5.567394841957021612e+01 4.985958067069923771e+01 5.444319419206808419e+01 3.445959010178280124e+01 5.444319419845484020e+01 6.927983954187443771e+01 6.541739282774823039e+01 5.131150060349446562e+01 3.132362659019293005e+01 5.131150059844060962e+01 6.219340186224366107e+01 4.807152216606485950e+01 5.643525372575891907e+01 4.027187108511124336e+01 4.309901031874144905e+01 4.638541894363741136e+01 4.981351399728475116e+01 5.558316631684335363e+01 7.553141251924888877e+01 9.246355339152361807e+01 1.007701122107303462e+02 1.015224161558016647e+02
7.614146464036156137e-02 2.007614146464000626e+01 3.237831049451354204e+01 4.066258174197574249e+01 4.960685365197505803e+01 5.679067699353383603e+01 4.264854136334739110e+01 4.264854136334739110e+01 6.264854136337265089e+01 7.659580889943450188e+01 6.808096427716847643e+01 6.691818624717672037e+01 5.851763858137530860e+01 6.114009301186599998e+01 6.954597165774556800e+01 7.553339428909444564e+01 6.971107391577011470e+01 5.998438303848055853e+01 4.000534254874173712e+01 5.998438303848055853e+01 7.124572525495720754e+01 5.134105984923462529e+01 3.722079101003973278e+01 3.568814450034794561e+01 5.567242900624383140e+01 7.062259271319322806e+01 6.803462587801290340e+01 6.024373963695772005e+01 5.439870599858650024e+01 6.306774520658348138e+01 5.203693858994497390e+01 6.977284986183907733e+01 5.666827263643995849e+01 6.818727637310627188e+01 8.227215584079748112e+01 1.022444767660732481e+02 9.310840871901602611e+01
2.352828262072655108e-02 6.053755174176025378e+00 1.237831049451283860e+01 2.132258240451215414e+01 3.546471802824360253e+01 5.546471802824430597e+01 6.264854136337265089e+01 6.264854136337265089e+01 7.093281262372124729e+01 7.174474706990444872e+01 6.407989071052895724e+01 5.553842266383862381e+01 6.407988013990846810e+01 6.420084228284804340e+01 7.270666027942911569e+01 7.845344399811483527e+01 7.997617247693069942e+01 5.998438303849062692e+01 4.707139703612968873e+01 6.704672959173998947e+01 7.580392880190863991e+01 5.591952892847025680e+01 4.180703611776934991e+01 5.567242900625802804e+01 4.235161635140472214e+01 5.647825323925099639e+01 7.646704682816499599e+01 8.020636700448582701e+01 7.435489912591003758e+01 6.466062428731200384e+01 6.356226323360756680e+01 8.027261144163878726e+01 6.298436731653868748e+01 7.295208053019051420e+01 9.290029049656457971e+01 9.980386329522735878e+01 9.138435312199328564e+01
6.786455232800275850e-02 2.006786455232764865e+01 3.237831049451354204e+01 4.066258174197574249e+01 4.960685365197505803e+01 5.877959109340202559e+01 5.653074259606042062e+01 5.653074259606042062e+01 6.499789021721545623e+01 5.104005013113937395e+01 5.104005013113937395e+01 3.492429050299347182e+01 4.857339669449849850e+01 4.331445255654896442e+01 6.070731455607027272e+01 5.766779502750247843e+01 7.845344399811483527e+01 7.533817914887305278e+01 5.705732101812117207e+01 7.533817914887305278e+01 7.798522221036905933e+01 5.809660840093725653e+01 4.734985662556852049e+01 6.727150938219061516e+01 6.233283533370570240e+01 5.018907573544196765e+01 6.171992501185003732e+01 8.171301172621993203e+01 9.290452794440639650e+01 7.616840080982488814e+01 7.765703679686581040e+01 8.955658973318355720e+01 6.963269206633465558e+01 8.955658973318355720e+01 1.011910940796436620e+02 9.138435312199328564e+01 7.106807220684541448e+01
3.257643153035955086e-02 2.003257643109079211e+01 3.014830393880586357e+01 5.043589341396186398e+01 5.877959109340202559e+01 3.819854280667861701e+01 3.594614710363438803e+01 3.594614710363438803e+01 5.653074259606042062e+01 4.933417776323730664e+01 3.059847084509573634e+01 2.501259249047129529e+01 2.824455992138069504e+01 3.164155424150946061e+01 4.059726410081487558e+01 6.148203268124977683e+01 7.189352247426073461e+01 8.533631246038326879e+01 7.703613816536281433e+01 8.533631246280722848e+01 8.624064552652335180e+01 7.327108231219943946e+01 5.337275000098694022e+01 7.327108231219943946e+01 7.683152786757599984e+01 5.684693745408899446e+01 7.683152786757599984e+01 9.001721330376268781e+01 1.044507477213370805e+02 9.613631670690456588e+01 9.763176022010587474e+01 9.784458600289052299e+01 7.958140005930836480e+01 9.784458600289052299e+01 9.784885232166813296e+01 7.748620118229837317e+01 6.580261949860414461e+01
1.880098487986705744e-02 1.002160887312095383e+01 3.007770484030276847e+01 3.984696102339123058e+01 4.175755791266472272e+01 3.327474341570540162e+01 2.156986496575584766e+01 4.197523553538394481e+01 4.528228078434890591e+01 3.679335655074198996e+01 2.068974079888739581e+01 4.081926048870553814e+01 4.248829076289238316e+01 5.214208023321028662e+01 3.759218477586021834e+01 4.235833156667297317e+01 6.337683231178551324e+01 7.947511129382891681e+01 8.786033274094789647e+01 9.804634387610344959e+01 8.730872601865394245e+01 6.745649990522464634e+01 6.488041549702897726e+01 8.151543520548611355e+01 8.513166886121672405e+01 6.683106814077463298e+01 8.513166886121672405e+01 9.828727031662563718e+01 9.247868771127203047e+01 9.247868771127203047e+01 1.007069822918479645e+02 1.078330540672753273e+02 9.953177940705882065e+01 1.078330540672753273e+02 1.062646649035832098e+02 9.451590628719243625e+01 8.543596775103627294e+01
2.900726248362994752e-02 1.934136453659436583e+01 2.297588014544776769e+01 1.886054339745508202e+01 2.624426740441955630e+01 1.302600291829311985e+01 2.958096692312255982e+01 3.132402848353489944e+01 3.309952990498206304e+01 1.670081333902900056e+01 3.679335655074198996e+01 4.933417803849724947e+01 6.326414196305880466e+01 6.697099068352193285e+01 5.230361209970152458e+01 5.727625236621581450e+01 5.061108715456603591e+01 5.868027690647717520e+01 6.923595368846270048e+01 8.971426889919530367e+01 9.557437050574736759e+01 8.730872601865394245e+01 8.473294633641340567e+01 9.299190117654981691e+01 9.514059974654399809e+01 8.683198759437729564e+01 9.514059974654399809e+01 7.855311083575490727e+01 7.278494803004660696e+01 7.278494803004660696e+01 9.247868771127203047e+01 9.565245948870352777e+01 9.565245948870352777e+01 1.038882055631296737e+02 9.799082730832761001e+01 8.984218886658293002e+01 8.984218886658293002e+01
5.081304048347550645e-02 1.541525025314705921e+00 3.036395207595599999e+00 4.543951898680330004e+00 6.077881658381185659e+00 7.684303405812745069e+00 9.380534271043998729e+00 1.110144348857653718e+01 1.285482308455192602e+01 1.519436775999962741e+01 3.547305540209460872e+01 4.741304721685658308e+01 6.193998194290718118e+01 7.699538821312899017e+01 7.319556754040971214e+01 7.810493515472107617e+01 7.161540267329941400e+01 6.557890244473615837e+01 8.618880339436501004e+01 9.804634387610344959e+01 1.043381802363015680e+02 9.610148043097422033e+01 9.533394199596446583e+01 9.337333146897366021e+01 8.516514355755317922e+01 9.337333146897366021e+01 9.122271629396200865e+01 7.855311083575490727e+01 5.887494454758238049e+01 7.855311083575490727e+01 8.991207280401283697e+01 7.593594004489597182e+01 7.593594004489597182e+01 9.565245948870352777e+01 8.984218886658293002e+01 7.013798409680754276e+01 7.013798409680754276e+01
4.469920835086939326e-02 2.004469920835051511e+01 2.298423990151509599e+01 1.575501846914667681e+01 1.178979165397579010e+01 2.786311258559359061e+01 1.892972682581857669e+01 2.347854858104454223e+01 3.309961453683177979e+01 3.547305540209460872e+01 1.857409810773948422e+01 3.288611249080610577e+01 5.131066237924951423e+01 5.638184216540260252e+01 6.621078115996867552e+01 7.465489889159402992e+01 7.477057732824940217e+01 8.316356336231854129e+01 8.618880339436502425e+01 1.064165270822213358e+02 9.610148043097422033e+01 7.639628607508736025e+01 7.562258608903734114e+01 7.562258608903734114e+01 6.551967569493569954e+01 8.352557702964467978e+01 8.301693102677843683e+01 6.329770721415292201e+01 5.286183404793035123e+01 6.853383890557527991e+01 7.332367812502057802e+01 6.204128946908386411e+01 7.338607243740933939e+01 9.308252991585128200e+01 8.984218886658293002e+01 7.013798409680754276e+01 5.614096070171323305e+01
2.324776005098762310e-02 1.519503391524098035e+01 3.646374538468564452e+01 2.841985809986985956e+01 2.352153944290078869e+01 2.136988343593447937e+01 3.773720387592635461e+01 4.330458987683870475e+01 5.202146772586739587e+01 4.510530405554899858e+01 2.462686395690295171e+01 2.238918541706381760e+01 4.280035874311543864e+01 4.167551445833809964e+01 4.544458617936570022e+01 5.838150281898155214e+01 5.408496089608714641e+01 7.067956857754504085e+01 7.909292548412791746e+01 8.931374243648217259e+01 9.610148043097422033e+01 7.639628607508736025e+01 6.253215051245726386e+01 5.593525250645085833e+01 5.565317527904836936e+01 7.534240962624437543e+01 8.427108297848782570e+01 6.691625220522108464e+01 4.706431022710216894e+01 4.870788185451093000e+01 5.357466509352148876e+01 6.755715048979332948e+01 8.724530734978537794e+01 1.013133265547789108e+02 8.729103205165046120e+01 6.757714153655697942e+01 5.614096070171323305e+01
8.699724428260374731e-02 2.008699724428224798e+01 3.830676709979118755e+01 4.522364469967179446e+01 3.728981161151831714e+01 4.085202617617574106e+01 3.174931697921024920e+01 5.130495367625815106e+01 5.542185679281528365e+01 3.478875131828269929e+01 4.502572360069697055e+01 3.117750501653493345e+01 2.643082588843985192e+01 2.986165082747316291e+01 3.352573487638768768e+01 3.758105321340693905e+01 4.197307185163373333e+01 4.990555931115645194e+01 6.040490653137759125e+01 7.501311402967365893e+01 9.529735488099143481e+01 9.036723315355320096e+01 8.216780387732593738e+01 6.790057854225116785e+01 4.810561883001606276e+01 6.206336337829259264e+01 7.024406071564128240e+01 5.631309409110036768e+01 4.218554072081846584e+01 6.210144904937298804e+01 7.332367812502057802e+01 8.150871544626281207e+01 7.953494149949148095e+01 8.773919217622753308e+01 9.543893542800965690e+01 8.406440570256766875e+01 7.523423707045337494e+01
2.249585233037712170e-02 1.002249585233029094e+01 2.416463147606098971e+01 4.416463147606027917e+01 5.670923465053122925e+01 5.957530645756424548e+01 4.292039626318860002e+01 5.957530645756424548e+01 6.390404258012758731e+01 4.399033752986925094e+01 6.046476921471432320e+01 5.133936553485281706e+01 3.547613644505053543e+01 3.597557611306556424e+01 5.422141289786679863e+01 5.838150281898155214e+01 6.282773111283467671e+01 5.136140686828486679e+01 6.344443163387780515e+01 8.393362167596615109e+01 9.193474052534678265e+01 8.372254567821298110e+01 8.372254567821501325e+01 7.607636432269185889e+01 6.206336337829259264e+01 4.218449705675921280e+01 5.675051287738853034e+01 5.895246744990556209e+01 3.901157935624076600e+01 5.895246744990559051e+01 7.022428224054338841e+01 6.556895261106933503e+01 5.978405060153299644e+01 7.953494149949148095e+01 9.483181605187535013e+01 7.515040357252124181e+01 6.117193750557210308e+01
2.739267172789772165e-03 2.000273926717243356e+01 3.275669898067805264e+01 4.076971094434657061e+01 4.990654765934317538e+01 6.211053430035997991e+01 6.275847210200036841e+01 7.106549483405896694e+01 7.311363920874137534e+01 5.865377093432305600e+01 7.311363920874137534e+01 6.465884331476924274e+01 4.740860333526373438e+01 4.630161730292170574e+01 5.061196239814629649e+01 7.128702172168569007e+01 8.050980721790811856e+01 6.184459089560666456e+01 8.050980721790811856e+01 9.228317482467919319e+01 8.372254567821298110e+01 6.399326138965999888e+01 6.399326138965999888e+01 7.796400095749234538e+01 7.024406071564128240e+01 5.675051287738853034e+01 3.681928998523206786e+01 5.170380754415302249e+01 3.595262282159018241e+01 5.591151052445923142e+01 5.040204466347817913e+01 4.571104169445073495e+01 5.721970807683838700e+01 7.119406636214441164e+01 9.092878882690150988e+01 8.906117799222894860e+01 7.920084245710013704e+01
8.327778614586213435e-02 6.130633342749496784e+00 1.253022213090480896e+01 2.179670230085357119e+01 3.423056059429974596e+01 5.246426425861494636e+01 6.343371195337871882e+01 6.069654974953800775e+01 6.907898349724946740e+01 7.919497444225336835e+01 7.504027176161841339e+01 7.655974848781127662e+01 6.812666038226666387e+01 5.833482927652070060e+01 7.128702172168569007e+01 7.970534092687805128e+01 9.071815299755861872e+01 8.236377368377141295e+01 9.071815299755861872e+01 9.275933325404001550e+01 8.454526488158532516e+01 6.977183496981996313e+01 4.996621503393059527e+01 6.091449246718521238e+01 6.911032366109861869e+01 6.205156871313620570e+01 4.309844806285313012e+01 3.171888504138134834e+01 4.857918050574624402e+01 5.620784362843587445e+01 3.625642556800816863e+01 5.566333677214236531e+01 6.118503654804482750e+01 6.819413164745061806e+01 7.638273954331097571e+01 8.625553199268141213e+01 8.714355105825455894e+01
6.510866554257997707e-02 2.006510866554222616e+01 3.275669898067805264e+01 4.076292079976156657e+01 3.609008619789645422e+01 4.710957408932166146e+01 4.136737511798383338e+01 4.023562748370168407e+01 6.069654974953800775e+01 6.606671178058148541e+01 5.497478164384899912e+01 6.915827550245688826e+01 7.812990011900716070e+01 7.891605039556127110e+01 8.729474043117448900e+01 8.915444687344663066e+01 8.516556181919057167e+01 8.516556181919057167e+01 9.344777092597445289e+01 8.135216441506203466e+01 6.481759018876770995e+01 7.796400095749234538e+01 6.091449246718521238e+01 4.100720417629329262e+01 6.091449246718521238e+01 6.996125905903693365e+01 5.755310009310806407e+01 4.610905386163261710e+01 2.857262022040641369e+01 4.551214422637237078e+01 3.068131108260647011e+01 3.570725317742026306e+01 4.127626487833440194e+01 4.836941694836580297e+01 5.833105803189283733e+01 7.805720526300837037e+01 7.902375084542883599e+01
8.953482861371392376e-02 2.008953482861335971e+01 2.472893510834559905e+01 2.712863269466207683e+01 2.064713111056383354e+01 3.554822727383349701e+01 2.573526380010622816e+01 4.622849286603434393e+01 6.019006940948381867e+01 4.600879861300743556e+01 4.079831772390942035e+01 4.975913201944903363e+01 6.394965882361760379e+01 8.401276610649495069e+01 8.328779423051487640e+01 6.914000244719979094e+01 6.514659082251448297e+01 6.514659082251448297e+01 8.516556181919057167e+01 7.315548658720167907e+01 5.337349878190767072e+01 6.173435060270929853e+01 5.577445273260022418e+01 3.581870618269741158e+01 5.577445273260022418e+01 6.704420546788453805e+01 6.279478556673721812e+01 5.115039382371581667e+01 4.297838101745785622e+01 2.548275426117126585e+01 4.551214423320855929e+01 5.566333677214903020e+01 6.118503654804482750e+01 6.118503654804483460e+01 7.638273954331097571e+01 8.625553199268141213e+01 8.715723380236401852e+01
