MOVIE_S11_data/elevation_000932.asc
nrows	100
cellsize	150.0
xllcorner	0
ncols	100
yllcorner	0
NODATA_value	-9999
[rows 51 to 67 of 100, columns 37 to 73 of 100]
9.522318520904883599e+01 9.106551743795652953e+01 7.103254247651464937e+01 9.106551743795652953e+01 1.072664889383644891e+02 1.261187254522725567e+02 1.344477953784176520e+02 1.248078827692945225e+02 1.166240311779128973e+02 1.166146460883343252e+02 1.224064224834946373e+02 1.208649392746869609e+02 1.126663252959163373e+02 1.208649392746869609e+02 1.182379113767576939e+02 9.933231698129947063e+01 8.853588866333062413e+01 8.090488541315492910e+01 9.152868115886801093e+01 8.930656717478116491e+01 7.781947228208559864e+01 9.784583836418951819e+01 8.742372767912077336e+01 1.068164428924711018e+02 9.289954629294368260e+01 7.288468114486678928e+01 9.136136396488869593e+01 9.136136443852531386e+01 9.966928435143289278e+01 1.088489043454441401e+02 8.884471293794953795e+01 8.884471293794953795e+01 7.282539717955607728e+01 5.285580699220026446e+01 5.731960889383748281e+01 7.404668612954810669e+01 6.277661360894493470e+01
8.832777352186582220e+01 8.001302659404463213e+01 6.632435300729167693e+01 8.634369995709788270e+01 9.913479436060053729e+01 1.074669471922905615e+02 1.190778059619700286e+02 1.133363863590468696e+02 9.670856997801898558e+01 9.669679985415551471e+01 1.025306019495154857e+02 1.109277777112985319e+02 9.275840196581381747e+01 1.109277777112985319e+02 1.197860402507004807e+02 1.003949163692446547e+02 8.709241244826449702e+01 7.751953282146405400e+01 7.209546584036981187e+01 6.930071621989409891e+01 8.930656717478116491e+01 8.849086538496902676e+01 7.847762394995881152e+01 9.850410681997925622e+01 8.533452023296733557e+01 6.533295382672960727e+01 7.134858308111671477e+01 7.134858308264905702e+01 9.136136443852531386e+01 8.931926614647910867e+01 9.775401240822593252e+01 8.624776804639786576e+01 6.624399798402328088e+01 5.472266121023501029e+01 4.582125806056063055e+01 6.023365964999423738e+01 5.126401306481800901e+01
7.536219070331020475e+01 6.000902504617805988e+01 6.534620521937296189e+01 7.200499182437812351e+01 7.907184868517992982e+01 9.063712650073597388e+01 1.107428245300982326e+02 1.051258342931185297e+02 8.505957130221851514e+01 8.242828375909334682e+01 1.017924249523339455e+02 1.027123636308649708e+02 8.271306109696429587e+01 1.027123636308649708e+02 1.172408724618982205e+02 1.142750815050561783e+02 9.984847974951017591e+01 7.999989630119394235e+01 6.911681895342789517e+01 6.396822806490174429e+01 7.996146849543080748e+01 6.848765658872964934e+01 8.849086538496902676e+01 8.605951591614983442e+01 7.866730345211622932e+01 5.866981164896231604e+01 5.721366268797500965e+01 7.721019103137700768e+01 8.610330176281411241e+01 6.922731308188885180e+01 8.610803617567187018e+01 9.453216684269970926e+01 8.298357026579196827e+01 7.175974464453916823e+01 5.179597982163005554e+01 4.029586561282749102e+01 4.235829874862228195e+01
5.537245712511616347e+01 7.536219070331020475e+01 8.536264520263738120e+01 8.167986535055756292e+01 9.913479436060053729e+01 1.074669471922905615e+02 1.101032950514688906e+02 1.018801718522200019e+02 9.354057195369256306e+01 7.334550505647581531e+01 9.354057195369256306e+01 9.604592945289805073e+01 7.597895511164745130e+01 9.604592945289805073e+01 9.734318154662967970e+01 1.155294298787901255e+02 1.070217109820216734e+02 9.229848172933283479e+01 7.395009841925902094e+01 7.996146849543080748e+01 5.997443414198339440e+01 7.642822661364809278e+01 7.415010509987669707e+01 6.605546231631764442e+01 6.973222809337499939e+01 6.757491567337490324e+01 5.013710742451853264e+01 6.392469283470541086e+01 6.722803265606972900e+01 5.809246847999501284e+01 7.771917159561705546e+01 8.817239678670647152e+01 7.988405986093609101e+01 8.004303711447717262e+01 6.851122426403748022e+01 4.940352543939531671e+01 3.530419705729469371e+01
5.745676774035492684e+01 7.158253939193656379e+01 9.160026782839334203e+01 1.017491363793950541e+02 1.100793662309889100e+02 1.159768735928465873e+02 9.604112680652401934e+01 8.177917617818368967e+01 8.832622810246161293e+01 6.812031041388988228e+01 8.832622810246161293e+01 8.404741952037431929e+01 7.014441280758599362e+01 7.728938259788868947e+01 8.736459298467076451e+01 1.073217701085887512e+02 1.136999540599793335e+02 9.383791821964130975e+01 8.391849709171820848e+01 8.349694026287355086e+01 6.350359937246457065e+01 5.643779152981856129e+01 5.415437010540257745e+01 5.191353357967572180e+01 4.972736515824512082e+01 4.756830147869375480e+01 4.566076691900653373e+01 4.391938179472334980e+01 4.776386805876457231e+01 6.722541778445986438e+01 7.170508313581883897e+01 7.661996513054617708e+01 5.987483394073816356e+01 7.661996513054619129e+01 7.764328737073925879e+01 6.352340640506727709e+01 4.515241798126474748e+01
6.136933981130299287e+01 8.136757865542689672e+01 9.616072881409779427e+01 1.103303547045900501e+02 1.214872537807168840e+02 1.123012245792304782e+02 9.232682215385285929e+01 7.803020946245914047e+01 6.896334124205658611e+01 6.335870710693969698e+01 7.851241249915958065e+01 6.391080006895469268e+01 7.556714738187152136e+01 9.562909653524646103e+01 1.055716562993676035e+02 1.155294298787901255e+02 1.199774663975971833e+02 1.001119489797494850e+02 9.615912710130638175e+01 7.613845181754999203e+01 8.349693958415198836e+01 6.797394614023987458e+01 7.415010509987669707e+01 7.191451396447750710e+01 5.406476919259956304e+01 5.912171180803370873e+01 6.566747977686871707e+01 6.148632780005777221e+01 4.146487496559483787e+01 5.916670704898939448e+01 5.167328579886894602e+01 6.524642711849600119e+01 4.812224399225969051e+01 6.833172788963376831e+01 7.679163039209187502e+01 7.338598307578581625e+01 5.926920052829233043e+01
7.290552240530689687e+01 6.784920144741069237e+01 8.199105558765222668e+01 9.313932938019041785e+01 1.131869879068760554e+02 1.181021326932529263e+02 9.817718917409708013e+01 9.743636401077876030e+01 8.916718593879073751e+01 7.851241249915958065e+01 5.831181681287964125e+01 7.095545740019802849e+01 8.821344056075153617e+01 1.038636628937366453e+02 1.114369028941072628e+02 1.033815342869472858e+02 1.114369028941072628e+02 1.199774663975971833e+02 1.044698477094027567e+02 9.028674442948742751e+01 9.628241645034707119e+01 8.797698493744687198e+01 8.092219427015112387e+01 6.092580722400230542e+01 7.406349009742626777e+01 7.325968462676692639e+01 7.782456142399746568e+01 5.781439358555309127e+01 5.916670704898939448e+01 3.907406738360982246e+01 3.729103434286396634e+01 3.578163738550522055e+01 4.138376508935927234e+01 6.079186351947299016e+01 5.726466578647404049e+01 5.726545445563265702e+01 6.538348736912266190e+01
9.292700753783236678e+01 7.678698685542144631e+01 7.678698685542144631e+01 9.681814356379257447e+01 1.079351828384734233e+02 9.973103666795230993e+01 9.892433804114790519e+01 9.378877975695691305e+01 8.557937027204231129e+01 7.591608183795419507e+01 5.577423103804489557e+01 7.591608183795419507e+01 8.455698427649748794e+01 1.039029340222539446e+02 9.835396236769642542e+01 8.430100352759167492e+01 1.018429136662778660e+02 1.129338824584579584e+02 1.137640577092216745e+02 1.103363129931239257e+02 1.089676288558324160e+02 8.909004144053015750e+01 6.908298357595337791e+01 8.092219427015112387e+01 8.092219427015113808e+01 9.327665860285857491e+01 8.612336872813177990e+01 7.500488312979544503e+01 6.156828546942468705e+01 4.019227217968931853e+01 5.539739600266959485e+01 3.640188081029410938e+01 3.410619340484432627e+01 5.215748590692403752e+01 5.657800941535730033e+01 3.752845529208235575e+01 4.743662274380141497e+01
9.313932938388762750e+01 9.681814306151456151e+01 8.679355603990688905e+01 1.051206088551170410e+02 9.973103666795230993e+01 7.991912723942827768e+01 7.906538444354313810e+01 7.906305696227155977e+01 6.561738369619303057e+01 7.009057911511534655e+01 5.330185473542162100e+01 6.400542889668419377e+01 8.523356585791677276e+01 9.282318126374713074e+01 7.926701510740591061e+01 7.478371645868601547e+01 8.576666816448428676e+01 1.048713786473306016e+02 9.385475850274218601e+01 1.079137619058392232e+02 1.006545671618577416e+02 8.062422104636314657e+01 8.062422104636314657e+01 9.739648117910924441e+01 1.009518340417872366e+02 9.181210868833247218e+01 8.027190082448461794e+01 6.669340834215927316e+01 4.525351491107657864e+01 6.156828524460669172e+01 6.356817142326171677e+01 4.450985653180365631e+01 5.217083536824587497e+01 3.216643223116648898e+01 4.859179811974222218e+01 2.858495023453741624e+01 2.742927980235199215e+01
1.131869888167093876e+02 1.151438998456541327e+02 1.068427306420974503e+02 1.151439392205522267e+02 9.716787388770673317e+01 7.734286786174263284e+01 6.575235107944678248e+01 5.902666782332894257e+01 5.399632641491999863e+01 4.996584332546357388e+01 7.009057819181926163e+01 8.174706468238707657e+01 8.620461844898215986e+01 7.823192441601214853e+01 6.569765480732189644e+01 7.767370858024780489e+01 9.599267640263325063e+01 9.794574226528227712e+01 7.971994493214958766e+01 9.794574226528227712e+01 1.089676288558324160e+02 9.477967183024047415e+01 1.006545671628388874e+02 1.089676290373490275e+02 9.796112795204608403e+01 8.357054049910352944e+01 6.354448789625126892e+01 5.142325680341850358e+01 6.669340834215927316e+01 7.500409871181769006e+01 6.078674965304742273e+01 6.446795154694345342e+01 6.045681130838416806e+01 5.025035578167088346e+01 3.024449986175071103e+01 4.838674197338916372e+01 4.743662235871064325e+01
1.065177501961405966e+02 1.125358658066101043e+02 1.042883815774797540e+02 1.068735736587572802e+02 1.053686499170617736e+02 9.392715503895081497e+01 7.906538444354313810e+01 7.906305696227155977e+01 6.776677670609231541e+01 4.766759760399357759e+01 6.491963929585810433e+01 6.876303183580347422e+01 7.220255458372589885e+01 5.882223655593072209e+01 7.823192441601214853e+01 9.282318126374713074e+01 1.036295865940423795e+02 8.970300108183545262e+01 6.967385045818009814e+01 8.970300108183545262e+01 1.028090103645772757e+02 1.148378191513603070e+02 1.109739124541658697e+02 1.010327795733938245e+02 8.972477244457871848e+01 6.978278172633726228e+01 5.811200263123355114e+01 6.354448789625126892e+01 8.027190082448461794e+01 8.896109892689212018e+01 8.074795129903844781e+01 7.437958442005779602e+01 5.091811382338364211e+01 3.370279037794228572e+01 4.802370623551482964e+01 4.447231812580766075e+01 6.461681820488537653e+01
1.017170161785315514e+02 1.010195529358895499e+02 8.432677555509823719e+01 8.691897599578544487e+01 9.535278223743233639e+01 1.036070570151618000e+02 9.892433804114790519e+01 8.373346818480125364e+01 6.387812753223707318e+01 6.187201162551118472e+01 4.486558970412226444e+01 4.849666102571691795e+01 5.260562459152464498e+01 7.220255458372589885e+01 7.622570171601202560e+01 8.448897427458706488e+01 8.477762363272685775e+01 7.443403166727675568e+01 6.293010278701445515e+01 7.457370064812921839e+01 9.457351675179485540e+01 1.127675726254953048e+02 1.027424396644772031e+02 8.285614256348394235e+01 7.287664591606566944e+01 6.579519470493940503e+01 6.978278172633726228e+01 8.357054049910352944e+01 9.181210868833278482e+01 9.000860362191784247e+01 8.171550764749987650e+01 6.819173768873361041e+01 4.934358879905344963e+01 3.620397650544650503e+01 5.013790223173174354e+01 6.412538981921503023e+01 7.291292537852096700e+01
1.100326540876688455e+02 9.276354296700046120e+01 7.275602370019332454e+01 7.275602370019268506e+01 7.535497387076503628e+01 9.535278223743233639e+01 9.276938712755149652e+01 9.202856895113134783e+01 7.802681593296397011e+01 5.742397873506185846e+01 4.292372367407753586e+01 5.913900083622886683e+01 6.795808851379815962e+01 7.283929462992706760e+01 5.615206071315704861e+01 6.756110360015202332e+01 7.058927596596340948e+01 5.632674827643499071e+01 7.650644717438903797e+01 7.457370064812921839e+01 8.460050500324119582e+01 1.045465285003483729e+02 1.109739124541658697e+02 1.010327795733938245e+02 9.279929111398054431e+01 7.474645490987427365e+01 8.972477244457871848e+01 9.796112795204513191e+01 9.000860376254617279e+01 7.847537658305412833e+01 6.175808226988695537e+01 6.628222056542693963e+01 5.876429425875157619e+01 3.880731313623173406e+01 5.876468544063301636e+01 7.712951617294669404e+01 7.571678840505271069e+01
1.022044021475897893e+02 9.394892377887519785e+01 8.121219633249279468e+01 6.114948799665526735e+01 8.121219633249278047e+01 8.689332989613981795e+01 7.275960459413563797e+01 8.689332989619515502e+01 8.302361155201292320e+01 6.294298501552849956e+01 6.043880107449034966e+01 4.051380195361988257e+01 5.806958981562664235e+01 6.069562525193835256e+01 4.457121546245461730e+01 4.745283719899893526e+01 5.045054256340493026e+01 7.058927596596340948e+01 8.348769962624372454e+01 9.173763702001453169e+01 1.028090103645772757e+02 1.127675726254953048e+02 1.175868054609841238e+02 1.093308221791308910e+02 1.028951428685337248e+02 8.884092330896895362e+01 1.028951428685337248e+02 9.531889858271161131e+01 8.171550764769183672e+01 6.175808226988695537e+01 5.025205891321708407e+01 4.633518563111075395e+01 4.268849267276784332e+01 5.876444128675301215e+01 5.876465611993312166e+01 7.872928975274413688e+01 8.176370742564952820e+01
9.394892377887519785e+01 7.394486909097676630e+01 7.619651926376118922e+01 5.612148314894015755e+01 6.950484057703855001e+01 7.779022884656630765e+01 5.856079337593615719e+01 7.793379516678606933e+01 7.945024332489496999e+01 7.615191507260946935e+01 6.435877709223774445e+01 5.606318380629754472e+01 3.814428668116551790e+01 4.072288030008463977e+01 6.071361684970879224e+01 6.756110360015202332e+01 6.471097842108417808e+01 5.759400125998519826e+01 6.342466203286178228e+01 8.348769962624372454e+01 1.024056023772030386e+02 1.138970207323729937e+02 1.060649642815543103e+02 8.936417367399376133e+01 1.060649642815543103e+02 1.087157847864545346e+02 1.011760950805716561e+02 8.115721657352955276e+01 6.704554364335533023e+01 5.709128089627813551e+01 7.019308273348433147e+01 6.043655765308893990e+01 6.264056596677089317e+01 4.885102015738002734e+01 6.879546179592172450e+01 8.176370742564952820e+01 6.175710743174559525e+01
7.798970711458775895e+01 6.795145452066373082e+01 5.973441743800295001e+01 5.415806527643772483e+01 4.944024804164911302e+01 6.496110511752885941e+01 4.959789198089494278e+01 5.942337128514673594e+01 5.942337128510305888e+01 6.773107327267963740e+01 4.760345465985586344e+01 3.616773530920196578e+01 5.603648523317300345e+01 6.070371394773601992e+01 6.900680085375587680e+01 8.341535439912810546e+01 8.467860795105644911e+01 6.923179547269850787e+01 8.348769962624372454e+01 7.418081904702964380e+01 8.574890934135383702e+01 1.056854515788875375e+02 9.780307228987531687e+01 7.781446014503357844e+01 9.026019992978184803e+01 1.103017822880955521e+02 9.751921981147872032e+01 7.750608119554119924e+01 6.599336880868447963e+01 7.703307698992398400e+01 8.532275808045508825e+01 8.039524152166931970e+01 7.337016629124978806e+01 5.342949169955350897e+01 7.337016629124978806e+01 8.236703433664683871e+01 6.542151665724661314e+01
9.624117427783382084e+01 7.980392105783556644e+01 7.056367348884830903e+01 7.423764225980355036e+01 6.496110511752885941e+01 4.493554162986136902e+01 4.208404226283116856e+01 3.947591908092600477e+01 5.578978932858716888e+01 6.409704985005733135e+01 5.475148075249815349e+01 3.479079976223992077e+01 5.256965993141562166e+01 4.536130100130257858e+01 5.531715624640902007e+01 6.941854285496073373e+01 8.924230173232761842e+01 8.925767961195154498e+01 9.749585296843191884e+01 9.417508355133706743e+01 1.024056023772030386e+02 1.068825500513219993e+02 9.025050546832720499e+01 7.025231245055122997e+01 9.025050546832720499e+01 1.086646802079455085e+02 1.058270379124400336e+02 9.426293524076540109e+01 7.595971191221354957e+01 9.426293524076540109e+01 9.245610089442656943e+01 7.246088879893254386e+01 6.095841429744078965e+01 7.337016629124978806e+01 8.165515092415922993e+01 7.415111179151779197e+01 5.414934736830260675e+01
