MOVIE_S11_data/elevation_000726.asc
nrows	100
cellsize	150.0
xllcorner	0
ncols	100
yllcorner	0
NODATA_value	-9999
[rows 34 to 50 of 100, columns 0 to 36 of 100]
2.064481644892168788e-02 1.996301864592275166e+01 3.203153097373909475e+01 2.375549843473477907e+01 1.886952307885829327e+01 2.470845905376473439e+01 2.046972293234644980e+01 2.893016011681639910e+01 2.925605027764443733e+01 1.550911089774302454e+01 3.592679389612168706e+01 4.713051887030690779e+01 5.540593302544152721e+01 5.409653953486977684e+01 3.736114480260808790e+01 2.966559887873253132e+01 4.966345599894952301e+01 4.776514252755656997e+01 6.776922637156609142e+01 8.281251070073427911e+01 7.813801538670419689e+01 5.813711042469521573e+01 7.813801538670419689e+01 7.361528876516892694e+01 5.362456746592742718e+01 5.729622095490300637e+01 7.729111430038574326e+01 9.327728991061053421e+01 1.015792651090633001e+02 1.128127246942476205e+02 1.027111187908231358e+02 9.197048411494986908e+01 7.266695257077483916e+01 5.847576126850522371e+01 5.481498608128758576e+01 5.140859629721992263e+01 6.340993640771312556e+01
2.905961989428186565e-02 2.002905961989392836e+01 3.377316123798953384e+01 4.205743260153273155e+01 3.889080285112400759e+01 4.459039177014159350e+01 2.940359509368895985e+01 4.092623585989748136e+01 2.141488338762761501e+01 3.552116891351958827e+01 4.444290360264663775e+01 5.917248747548349286e+01 6.708884272089440515e+01 6.564225402894261663e+01 5.736307340586608916e+01 4.966345599894952301e+01 3.362293616380224393e+01 5.362408191983367090e+01 5.454282814685341663e+01 7.454503721372395830e+01 8.642745835191195170e+01 7.227191028460393341e+01 7.227191028460393341e+01 8.190873973310236522e+01 7.361528876516945274e+01 6.516059038930082181e+01 6.883444908945429574e+01 8.037952892854610809e+01 1.004046330852299320e+02 1.044517443772181338e+02 8.424106855350544265e+01 7.417915977710890729e+01 6.592045945193329715e+01 7.792581748888981963e+01 7.504560389107165008e+01 6.699449782433197242e+01 4.687545171350650719e+01
3.542675937824442400e-02 6.702093426044939406e+00 1.377316123791047708e+01 2.532016662170319776e+01 4.532016662203385238e+01 5.726175180793739372e+01 4.089701044341096292e+01 4.096477881251407638e+01 4.099346935795620794e+01 2.807041773153032338e+01 3.406114076103074950e+01 4.028157821704286334e+01 5.368626192584972046e+01 7.241740760364706375e+01 6.517384246307068452e+01 4.516927724253617527e+01 5.362420134797365279e+01 3.820922100638089347e+01 4.975844196328761626e+01 6.390308091562915394e+01 8.385636090895076222e+01 9.230004588250078257e+01 9.230004588226516660e+01 9.230004588239108898e+01 9.346325360150667905e+01 7.515627532092680951e+01 8.884313380981825503e+01 9.714326277532944687e+01 1.087085283663748214e+02 1.128127246942476205e+02 9.783975542012302640e+01 7.758723834429513033e+01 8.020950488179289550e+01 8.484476595870987126e+01 6.460495727258806653e+01 5.286920274883134141e+01 6.699449782433197242e+01
3.411803931810562102e-02 2.003411803931775026e+01 3.377316123798953384e+01 4.205743260591943766e+01 5.360443815516769206e+01 6.855175852101821476e+01 6.061643985266602641e+01 5.994927869751685279e+01 5.536235486232851599e+01 4.188315347822026524e+01 4.395923261523024195e+01 5.917248747548349286e+01 5.368626192584972046e+01 7.241740760364706375e+01 7.344899275604466027e+01 5.671957773803192282e+01 6.180642641957881267e+01 4.180086320542120859e+01 6.180642641957881267e+01 7.480075058860894899e+01 8.187204586218739166e+01 9.013936007437337139e+01 1.016740817136954433e+02 1.123882278310171046e+02 1.034756724902939027e+02 9.517296773495128548e+01 1.034756724902939027e+02 1.094464231878741600e+02 1.010422397947319411e+02 1.094464231878741600e+02 1.062594107266768049e+02 8.923982204638073767e+01 1.004812411151746971e+02 9.372493806745663392e+01 7.787337417383777449e+01 5.764521485247689725e+01 7.787337417383777449e+01
3.327314952832965272e-02 1.158027853332094814e+01 2.572241415705214962e+01 4.572241415705285306e+01 6.142312567207381591e+01 6.005360705576755720e+01 5.178130068660327368e+01 5.437388447000689951e+01 6.264548595050042934e+01 6.086008979431306187e+01 6.293510151839926436e+01 7.093930942546919027e+01 7.241740760364706375e+01 8.049142351593877720e+01 8.499058185752431882e+01 7.672258284779221071e+01 6.813275593615232140e+01 4.812714543502823972e+01 4.846942733301746387e+01 5.479713561338736838e+01 6.187145431426417730e+01 7.341989953418131165e+01 9.341789246294290194e+01 9.603237403346611245e+01 9.384886036906502227e+01 8.951803570371754404e+01 9.779103169220677216e+01 9.940817877145508419e+01 8.105398039564244073e+01 9.940817877145508419e+01 1.180011900424896396e+02 1.095874828795085989e+02 1.048218457150232723e+02 8.471197498275247995e+01 7.047626397430816780e+01 6.484616141730282379e+01 7.787337417383777449e+01
6.779948344387334846e-02 1.974133659257907070e+01 3.460419053008587298e+01 4.265001519028424326e+01 4.143778162470297843e+01 4.143776732152457498e+01 3.180747453863890684e+01 3.439885656139799863e+01 5.437388447000689951e+01 6.166173564304693855e+01 6.994786866307120476e+01 7.723992722036673797e+01 7.464291081200292410e+01 8.293156963812914739e+01 9.448580771460534322e+01 8.227516412937403345e+01 6.227477865790349654e+01 5.813168508742208473e+01 5.741788818588634058e+01 6.847498963064046507e+01 8.187204586218739166e+01 9.013936007437337139e+01 9.603237403346611245e+01 7.606002600077300713e+01 7.387473398083953668e+01 6.953348712985224722e+01 8.625493743191897522e+01 9.104811009518719800e+01 7.103723642454812648e+01 9.104811009518719800e+01 1.030562125046811275e+02 1.118771310234148189e+02 1.035876519878850530e+02 9.894281354965463038e+01 9.060201975144971698e+01 7.650707049067698051e+01 7.911217452986321064e+01
9.516927588586144779e-03 2.000951692758822986e+01 1.579758256380807246e+01 3.402352055966383659e+01 3.972632179668740093e+01 2.145787188039688331e+01 2.027067431424250543e+01 4.024940678143903483e+01 4.753143173192341919e+01 4.167846821148239655e+01 6.166173564304693855e+01 5.723546246552039207e+01 5.464070956594719775e+01 6.618382006060183187e+01 8.619824367133490739e+01 9.053786997627122446e+01 8.227516412937403345e+01 6.968162685445284410e+01 6.896793963227810309e+01 8.568910182512682638e+01 9.672408838507216444e+01 9.200993109929025593e+01 8.374009175715514175e+01 7.972502015167360412e+01 5.974175093304957329e+01 5.799746891710076113e+01 7.721355410823636589e+01 8.434386137069036238e+01 6.433539495937807828e+01 7.465743436995158788e+01 9.468567935017834714e+01 1.003526190887276783e+02 8.364795724881618355e+01 1.003526190887239693e+02 1.049431913318460943e+02 9.659728303250375347e+01 9.920830003042975420e+01
1.945935296826603253e-02 1.892630976131656206e+00 2.075281387790992937e+01 2.636336912988525683e+01 2.851670818483210823e+01 1.146045854384974838e+01 1.360468296377735520e+01 3.359052845552685085e+01 2.755532676710102891e+01 4.753143173192341919e+01 6.275152881699906970e+01 4.311403588587103997e+01 6.309463453820760037e+01 7.259366012053453687e+01 7.259366012053453687e+01 9.260655169670252462e+01 9.793575653036644724e+01 8.967974660771454865e+01 8.896661077656057159e+01 9.722499731945580947e+01 9.562825278201088963e+01 8.374009175715514175e+01 6.378421669915216086e+01 6.962915717912974856e+01 6.904351345399396678e+01 4.919693925425374914e+01 6.761342968968672551e+01 7.164504510020054795e+01 5.830514851654269393e+01 6.987122371338476512e+01 8.989125794331550878e+01 9.207546386272461802e+01 7.213025564425093705e+01 9.207546386272461802e+01 1.004538300254088341e+02 1.009096366397487827e+02 1.091956853905398503e+02
5.600688922766024203e-02 2.005600688921662567e+01 4.614286245124190167e+00 6.556857967927891551e+00 8.527516517250894879e+00 2.851670824880139321e+01 3.359052845552685085e+01 1.687065774566044851e+01 3.685375448898064832e+01 4.875027585793902318e+01 4.277027796691641726e+01 3.680414401234140342e+01 5.677621446270070749e+01 5.259569529395282927e+01 7.259366012053453687e+01 8.469033074941329176e+01 9.297835394405146303e+01 9.679741604138754951e+01 8.852601112175652531e+01 8.978492551913349473e+01 7.566880806071860377e+01 8.374007681840308237e+01 6.378421665243619287e+01 4.980964524037673158e+01 5.971939889768279386e+01 4.422277300320699567e+01 4.785202472835698018e+01 5.172393663165534861e+01 6.319352047723172205e+01 8.321515991533483714e+01 9.824282884597975851e+01 8.502376787099447597e+01 6.509320737252667755e+01 8.050095839120845653e+01 8.050095839120845653e+01 8.096207767685930889e+01 1.009096366397487827e+02
8.215197286175310309e-02 2.008215197286079956e+01 2.524173984576076890e+01 2.654711409504105291e+01 1.608628639918955017e+01 3.606967493313671014e+01 4.513266693433136112e+01 2.686578663357553154e+01 2.049199217393418948e+01 4.047142679339346927e+01 2.865199530514688320e+01 3.242820776778123815e+01 3.997152787292695564e+01 5.994583663654802308e+01 7.053715646629761693e+01 6.467471972760098708e+01 8.469033074941329176e+01 8.852601112175652531e+01 6.857765512941618624e+01 7.442039332604937840e+01 6.157825910978180417e+01 7.981236297277388303e+01 7.376184259467567017e+01 5.390270150774313862e+01 4.012294170084939537e+01 5.971939889768279386e+01 6.767023029888736119e+01 7.165566205849451364e+01 7.997148145778456296e+01 9.154650048103512461e+01 9.274949855548398148e+01 7.872117124910043628e+01 5.887537614135508335e+01 6.063460784192253072e+01 6.687077295625373097e+01 7.578174157159784841e+01 8.729063278673709192e+01
2.613274238814250472e-02 1.416826836611921792e+01 3.416826836612061413e+01 4.434755098038850463e+01 2.762602289818386581e+01 4.434755098043360988e+01 4.684249278996200161e+01 4.684229691253050021e+01 3.048450475574887975e+01 2.434052552352522625e+01 3.587328263926671212e+01 5.239625755098248305e+01 3.890390305386286940e+01 4.389037975690646931e+01 5.053967115897064133e+01 6.207772857407337597e+01 8.209294986855859122e+01 8.622757634452490549e+01 6.631166530942553550e+01 5.455814719719712258e+01 5.171689184139543016e+01 7.154652659032436191e+01 7.113181355520842430e+01 5.132151719022040481e+01 3.754543458354836361e+01 5.712378384735299619e+01 7.436093642815512794e+01 6.610884931450529223e+01 7.436103175391696141e+01 8.432469480320894206e+01 8.447626187573801815e+01 6.458525495435563357e+01 5.327514684125822697e+01 7.299218367523097584e+01 7.873484869237752548e+01 8.698882818432780084e+01 1.040033320414105305e+02
7.532853315450405152e-02 1.162233391694712203e+01 2.576446954067832351e+01 4.576446954067903050e+01 4.760391811359860981e+01 5.588369890119415118e+01 6.683560957976304451e+01 5.045750861877469617e+01 5.045750844956086212e+01 3.189307137136093928e+01 5.186397207874858140e+01 5.584819360780561937e+01 5.301886149097055778e+01 5.801139393074785033e+01 5.801139393074785033e+01 7.801846040880920441e+01 9.038150529637798059e+01 8.208347402971662632e+01 6.631166533942565877e+01 4.658120896826240909e+01 4.436055267960774984e+01 6.405162914247995332e+01 6.859526227126437448e+01 4.882706098994020749e+01 3.502720354471996700e+01 5.118074500052747311e+01 5.622728804312140483e+01 4.652763021761674622e+01 5.653403620087880199e+01 7.606618859917463737e+01 8.371324675616605759e+01 6.364999057426753382e+01 4.978330803693712880e+01 6.474628820452608124e+01 5.895203673238165010e+01 7.873484869237752548e+01 9.337699585995191853e+01
6.101047412966256744e-02 1.420314609786073845e+01 3.420314609786144189e+01 4.285406407433069376e+01 5.113833532178671959e+01 5.200134811381214206e+01 6.028561936096690488e+01 7.044186875101341627e+01 6.014782538422515046e+01 4.341834594407422543e+01 6.014782538422515046e+01 7.584505671371735502e+01 7.301669378929392451e+01 7.801846040880920441e+01 7.801846040880920441e+01 8.630712338182623000e+01 8.792157526593118178e+01 6.797407533195868723e+01 5.396047046448399698e+01 4.522921051408359006e+01 3.788407860948527173e+01 5.215244254816649772e+01 6.036080327686472913e+01 6.284069913040126210e+01 5.118074967285421195e+01 3.155067555677047864e+01 3.668086953090747215e+01 4.787635617647508468e+01 6.763487358879834233e+01 8.425957832897890398e+01 7.674106040515795257e+01 7.678802933126794983e+01 6.473629863010972940e+01 4.505554992187781949e+01 5.895206480875999233e+01 7.873659427107196507e+01 8.181940985364238372e+01
6.842009524227352091e-02 2.006842009524191894e+01 2.738473598777509466e+01 2.285406407433140785e+01 3.567141649525819957e+01 3.200134811381285260e+01 4.877770791769668079e+01 5.706197916525081126e+01 6.706197916530202008e+01 6.340093150735287253e+01 7.168945893040569217e+01 7.900660687878948352e+01 7.039336343599340751e+01 7.312481416394635403e+01 8.171857043631351303e+01 8.385808779318193729e+01 7.556528463855525501e+01 8.208347402971403994e+01 7.319019943859592559e+01 6.352012744098431796e+01 4.383071964219063688e+01 3.253645599889286188e+01 4.739486698973407641e+01 5.397893024648220006e+01 4.578113603948609978e+01 2.913502381209757175e+01 4.880025362815663925e+01 6.445469137071893329e+01 7.589207858776322269e+01 7.044327754541468778e+01 5.529230847703139773e+01 6.531982709921459218e+01 5.745613539687075644e+01 4.199395522258988933e+01 6.179674285863860206e+01 7.614813931003126868e+01 6.786878105337639511e+01
1.934550753332892059e-02 3.670829224234428700e+00 7.384735987775450816e+00 1.130705869053909751e+01 1.567141649525890834e+01 2.121841845751129796e+01 2.877770791769597736e+01 3.877770791769632552e+01 5.877770791769702896e+01 7.527642810608409718e+01 6.663578617765045919e+01 6.689746837629142817e+01 4.934539632372678142e+01 5.207636631687649498e+01 7.312481416394635403e+01 7.226989902765632223e+01 5.547293827459369453e+01 6.396496305667085380e+01 7.226989902765517115e+01 7.176487406589436091e+01 6.036080327686453018e+01 4.739486698973407641e+01 2.771385768085437817e+01 4.282956180162850757e+01 2.606038843254616921e+01 4.578113094052839926e+01 5.700301905324761265e+01 7.270112808756182687e+01 6.434249279472993521e+01 5.993857080800763271e+01 4.096221026187540559e+01 5.303903226365729751e+01 3.777333977416828503e+01 5.764002842081823275e+01 6.992709453684256005e+01 6.788152802272441022e+01 4.751579752831236192e+01
4.364784840791047227e-02 2.004364784840755576e+01 2.738473598777509466e+01 3.130705869053874224e+01 2.721842187905162902e+01 4.121841845751200140e+01 3.536055408124274635e+01 5.536055408124344979e+01 6.706197916530202008e+01 6.663578617765045919e+01 4.566744831670960991e+01 5.180893228596846711e+01 3.740378795599757211e+01 5.129547195722046382e+01 7.224366109966089766e+01 6.396496305667085380e+01 4.382488455567870744e+01 4.382488455567870744e+01 5.835295260293838737e+01 6.418403850433703894e+01 5.586270988858906605e+01 4.867567440802972811e+01 3.918667430736548596e+01 2.306838079446979961e+01 4.280492084482061443e+01 5.183646341500298149e+01 6.334097045387968450e+01 6.434403800634014203e+01 4.384197188045791904e+01 4.980964274504182754e+01 3.101628415204437417e+01 3.374321830412866063e+01 5.374940047968233614e+01 5.619267543657746700e+01 5.759249095016829045e+01 5.906562108920874010e+01 4.368700028874800978e+01
5.219006137575642884e-02 2.005219006137540205e+01 3.412232502903605535e+01 4.940827982137843577e+01 4.721842187905233601e+01 5.550269312653742304e+01 5.536055408124344979e+01 6.364482532871427622e+01 7.576852527741023380e+01 6.459602005299321092e+01 5.180692673527183700e+01 3.116370514046404239e+01 3.066951427496728755e+01 4.515964654589750182e+01 6.610866488158974619e+01 6.657078287935607364e+01 4.644129190933792017e+01 3.217547383572600950e+01 3.820491800432786533e+01 5.243528401247832704e+01 3.569278253796519351e+01 3.939403316924402532e+01 2.057893721196255044e+01 2.167558616796381799e+01 3.270385969906057255e+01 3.795142953769202876e+01 4.578092445337601646e+01 4.700285063964818733e+01 4.815576319766027069e+01 2.934985489408238379e+01 4.984580927182440746e+01 3.289536727219034162e+01 3.423361257136005520e+01 3.559194304233662365e+01 3.697217210215131900e+01 3.844179262435304167e+01 4.008464233255904219e+01
