MOVIE_S11_data/elevation_000661.asc
nrows	100
cellsize	150.0
xllcorner	0
ncols	100
yllcorner	0
NODATA_value	-9999
[rows 0 to 16 of 100, columns 0 to 36 of 100]
8.271705653423140625e-02 2.127631151761726416e-02 9.425194436011796739e-02 4.939197167322698090e-02 3.975871534419905817e-02 6.171646774684565184e-02 1.696294146011132625e-02 1.936121709489252440e-02 4.216450047424835645e-02 2.297044857093000214e-02 6.704298068806634203e-02 4.162315340452049650e-02 3.835349583220235004e-02 2.777463300387698203e-02 2.207885817162396139e-02 7.161913568127860341e-02 9.025521335945362045e-02 3.502399586135773735e-02 8.040414306008919487e-02 3.131346976591601466e-02 7.604099264847130613e-02 2.387740603804927586e-02 5.687112022313325910e-02 4.074439634684711570e-02 8.709178300582484655e-02 7.612946965408906586e-02 1.077918208624280109e-02 9.929772718869623455e-03 4.600412614040166881e-02 2.152795518990661267e-02 2.378824418737431057e-02 9.511189423522797837e-02 9.406546861214974686e-02 1.749038473908382007e-03 2.223905489293687143e-03 6.269637160239108220e-02 9.476101746191394060e-02
7.813061968023242432e-02 2.002127631151726206e+01 2.009425194435976181e+01 1.419152759540430253e+01 8.984030625343434551e+00 2.006171646774648920e+01 2.001696104325553804e+01 2.001936121709453786e+01 3.693648217175363513e+00 2.002297044852804575e+01 1.420917860441914193e+01 1.418375877713559596e+01 2.003835349583184566e+01 2.112918810644463630e+00 2.002207885811562704e+01 1.007161913568119083e+01 2.009025521335909659e+01 1.417715961959243387e+01 2.008040414305973442e+01 3.745150527985791733e+00 2.007604099264811737e+01 1.416601302976912535e+01 2.005687112022277674e+01 6.070971287902145797e+00 2.008709178300546938e+01 2.007585147316385843e+01 3.046050116409092290e+00 1.218075898836735504e+00 2.004600412614004767e+01 2.002152795518955131e+01 2.002378824418702052e+01 1.423724751796630272e+01 2.009406546861179521e+01 2.000174903847355168e+01 5.002223905489271871e+00 2.006269637160203700e+01 4.265049298603080352e+00
2.526786264046545702e-02 1.416740348637129010e+01 3.416740348637058133e+01 3.419152759540500597e+01 2.053103600913615523e+01 3.726830187280634021e+01 2.986578358117569820e+01 9.865782215659093524e+00 1.185861402645255325e+01 2.369364748926614794e+01 3.420917860450764891e+01 3.418375877713629762e+01 2.424079551937388644e+01 4.209489031742749354e+00 2.424079551936358001e+01 2.421375475941189137e+01 3.835589036043877798e+01 3.417715961959314086e+01 2.735094325276193672e+01 7.524133117651908620e+00 2.735094325276193672e+01 3.416601302976982879e+01 3.239552660823966335e+01 1.239552660823895991e+01 3.239552660823966335e+01 2.990103583916902963e+01 2.817445183894278671e+01 1.535845662408930679e+01 2.935697906630002851e+00 2.264576892997857271e+01 3.278028451991259118e+01 3.423724751796700616e+01 3.256151336567303645e+01 1.256151336567375054e+01 2.500222390548962892e+01 2.852792757971733906e+01 8.529063625702752560e+00
4.163169627051844027e-03 2.000416316962669683e+01 3.541417828426207137e+01 4.435845019426339064e+01 4.053103600913686222e+01 4.881530725659905556e+01 3.445409698380243668e+01 1.445409689307036949e+01 2.185861402643766738e+01 4.014266448319810365e+01 5.197772819583635595e+01 3.798390213990295194e+01 1.790666274148720305e+01 6.341500477979505668e+00 1.529496825838377916e+01 3.537023461763813259e+01 5.249802589844269107e+01 4.067393612426689486e+01 2.337195352836000950e+01 1.154761531957290721e+01 2.563697674639170998e+01 4.523655085209498594e+01 4.067979785570186380e+01 2.133979851823827545e+01 4.067979785570186380e+01 5.131753330749183561e+01 4.364238330333170524e+01 3.121843868081634810e+01 2.293424287750704593e+01 4.666004424357286240e+00 1.880729104230604776e+01 3.880884189099320025e+01 3.833501605756919162e+01 1.833501605756990571e+01 3.833501605756919162e+01 3.311524558266358298e+01 1.311737830270480032e+01
5.883922493566802470e-02 7.129907036801173881e+00 1.607417894680049031e+01 3.021631457053169356e+01 5.021631457053239700e+01 5.344694658104621965e+01 3.344694502181249618e+01 1.930480939379711458e+01 3.930480783838382308e+01 3.818854486646208812e+01 5.818848307795303043e+01 4.629137186041837992e+01 2.866768981161257557e+01 8.591702229016394909e+00 2.866768981161257557e+01 3.168608388135046283e+01 5.176282552961723127e+01 4.157398578551539714e+01 2.368384698923739506e+01 3.137763921113218757e+01 1.916597207299119177e+01 3.901568092324557568e+01 4.962406976570117934e+01 3.548193414196972384e+01 4.962406976570117934e+01 5.661836746762567429e+01 3.661928040771019255e+01 2.642577008414073347e+01 6.426404774504422157e+00 2.466471395462607319e+01 1.890473701882917368e+01 3.904557686419854434e+01 4.500168272423574223e+01 2.500168272423645632e+01 4.500168272423574223e+01 3.811858340437697024e+01 1.811737829440335901e+01
1.256007409845548775e-02 2.001256007409810067e+01 3.541417828426407510e+01 4.435845019426339064e+01 5.713387755451464756e+01 5.899394914066494522e+01 3.899394698682993265e+01 2.485181135604950242e+01 4.485181199394267537e+01 5.818848307795303043e+01 5.633066026926807979e+01 4.470512435491377801e+01 3.099167869700647415e+01 1.088596773531656048e+01 3.099167869870501946e+01 4.373145102114913385e+01 6.006225719403309427e+01 4.845820922793406993e+01 3.533386948887036283e+01 4.524932089716996586e+01 2.550257167414938309e+01 3.901568092324557568e+01 5.881039825799187071e+01 5.548193414197042728e+01 5.985773431584797066e+01 5.076084071474073767e+01 3.076165433703628338e+01 1.662011987697711035e+01 7.676180234947130643e+00 2.767535317657988259e+01 3.899522485200002819e+01 4.732137674970044117e+01 5.328595397169735293e+01 3.500168272423610460e+01 5.328595397169735293e+01 4.389257520667966617e+01 2.389088087853091480e+01
9.594114293757748102e-02 2.009594114293722100e+01 3.470747068332234164e+01 2.884960630705375451e+01 4.299174193078420814e+01 6.299174193078349759e+01 5.313609337922883924e+01 3.379608326604948587e+01 4.118174303172831685e+01 6.118174619662237035e+01 4.801370585634683863e+01 2.785238871672433447e+01 1.623621277232272675e+01 3.099167869870501946e+01 1.515246409736699285e+01 3.535924548489942509e+01 4.661916992465250331e+01 5.315304341387869869e+01 4.786548223823390913e+01 5.302294725469204906e+01 3.703313591152014794e+01 3.963487249153451586e+01 5.969751765188028969e+01 5.985773431584797066e+01 3.983663022831735390e+01 4.351057075904596161e+01 3.914305786427365064e+01 2.895072748280137276e+01 8.943513598477430548e+00 1.286517677547857552e+01 3.260543985021211455e+01 4.666303510176303604e+01 6.328595397169699766e+01 5.500168272423539406e+01 6.328595397169699766e+01 5.056008897229661869e+01 3.055754767544565809e+01
7.711341127313005306e-02 7.148181223138575291e+00 1.470747068332305396e+01 3.470747068332234164e+01 4.471842501522132807e+01 5.300269626268352141e+01 6.208037027273064723e+01 4.534308865074009987e+01 6.118174619662237035e+01 5.669929869210648832e+01 3.655325976104416696e+01 2.228792624982230919e+01 3.637362977603641667e+01 4.373145102114913385e+01 3.535924548489942509e+01 1.969252380526238255e+01 2.640014342726156826e+01 3.396600653686252258e+01 4.375475896964393741e+01 6.250167804344513911e+01 5.121127271772899547e+01 5.969751765188028969e+01 6.800411172056969633e+01 5.765123737544686833e+01 3.764583141256001397e+01 2.349362690907587847e+01 3.085834457976624279e+01 1.085038449404938099e+01 2.895072748280137276e+01 3.260543985021211455e+01 1.873771054899014032e+01 3.840496780795392340e+01 5.307673451039958934e+01 6.710828819154157543e+01 7.542132561563836646e+01 5.884829517335660398e+01 4.055765559501578821e+01
2.297228869525369793e-03 5.549299191121840558e+00 1.132280188301814938e+01 1.764735720335502123e+01 2.471842501522062108e+01 3.626543039901354604e+01 5.626543039901424947e+01 6.534309137890944896e+01 7.362738652815664864e+01 5.889619404119645196e+01 3.875857623666838947e+01 2.732084647328832716e+01 4.749824844993052153e+01 5.183224391048427293e+01 3.140612446984228612e+01 4.003921835293012776e+01 2.577152156320710930e+01 4.614183855230467657e+01 6.163229242968932908e+01 6.287702281922739900e+01 7.128994377596748677e+01 6.429450954674346974e+01 5.585357709910452684e+01 4.827333230883036919e+01 4.264227772118247373e+01 3.264345105805842451e+01 1.279754160826343679e+01 3.085841148577486237e+01 2.350512602441367704e+01 4.351306063037097971e+01 3.840496780795392340e+01 2.512006693390627277e+01 4.478516961525562579e+01 4.704405901981238713e+01 6.710828819154157543e+01 6.885177812916751350e+01 6.056252234957743497e+01
9.647730019007895452e-02 2.009647730018972211e+01 3.132280188301850643e+01 3.764735720335572466e+01 4.471842501522132807e+01 5.300269626268352141e+01 6.454970164647744468e+01 6.222446251056346256e+01 7.050481126063608883e+01 6.720268455119172302e+01 5.288921080771510219e+01 3.271807667989020985e+01 5.288921080771510219e+01 6.021827295329669028e+01 4.322003587893168941e+01 5.070290048036041952e+01 3.030521143892281088e+01 5.070290048036030583e+01 7.078567745802088496e+01 8.211765001703193434e+01 6.994381184193925094e+01 5.040026178289070913e+01 3.719942423121649711e+01 3.052740436863729201e+01 2.483377711178251701e+01 1.950757085082302567e+01 1.420473718590849543e+01 3.613003286602492636e+01 3.765411697714754524e+01 5.181283830002946900e+01 5.118057892380317497e+01 3.173041824034327618e+01 3.314486162534639391e+01 4.444829719292142300e+01 6.449430189701710958e+01 7.499023222352620621e+01 6.690240418867433903e+01
3.582433992925927735e-02 1.158282972372167485e+01 2.572496534745237540e+01 4.572496534745166485e+01 4.737398109894228071e+01 5.122262857503838518e+01 5.896070986144367509e+01 4.222765329366530551e+01 5.896070986144367509e+01 7.050481126063608883e+01 5.896296103627189922e+01 3.881861045781366215e+01 5.896296103627189922e+01 7.194532183998050812e+01 6.359673886426172373e+01 5.684998769447888378e+01 3.646240585165696757e+01 4.210775716744169728e+01 6.244408459497542907e+01 8.041611676735689684e+01 7.212140921392445136e+01 6.429450807053343908e+01 5.585357637319406621e+01 4.827333230884255499e+01 4.266157239624590147e+01 3.545123461922010932e+01 1.567121848297522213e+01 3.006390960438119109e+01 5.056919991150731875e+01 6.594026410988415421e+01 6.205261345330848854e+01 5.299980622049975665e+01 4.428401472217663581e+01 6.123269231772562193e+01 7.281221208209281315e+01 6.690240418867433903e+01 4.707416465391877836e+01
1.813270376062421294e-02 2.001813270376026921e+01 2.615942066450786641e+01 2.964090073403738046e+01 2.737549350125384606e+01 3.122446966797799917e+01 4.125191621289253874e+01 3.068079974135004662e+01 4.222765329366530551e+01 6.222446251056346256e+01 6.726583621075704400e+01 5.047551446528389363e+01 5.308382223122441701e+01 7.315645767449144898e+01 6.769471527062555083e+01 4.740608774920557522e+01 5.091680915803428320e+01 5.652532892246997420e+01 7.078567745979842130e+01 7.212140921420048301e+01 5.194573160703865256e+01 5.785505075734747038e+01 5.367817282182237903e+01 4.979414922470481741e+01 4.609762741947397302e+01 3.758127311194390074e+01 1.715375271131335211e+01 3.758130201092814815e+01 5.104165901838995012e+01 5.578559178185148681e+01 6.085601292601770496e+01 6.919609190224069550e+01 6.438982704362064169e+01 7.273195258887805892e+01 7.387636443639290462e+01 5.415102610484389345e+01 3.999730320299367747e+01
2.372884694381488524e-02 3.073700253595901710e+00 6.159767252837727192e+00 9.641320371951653811e+00 1.323342641248649265e+01 1.708242820706637843e+01 2.125271648782569756e+01 3.269438061916577709e+01 4.624692181142516745e+01 6.478418340771911232e+01 7.884944473856464242e+01 7.055702866550461749e+01 7.315645767449144898e+01 8.144785019028955730e+01 7.602192155643831484e+01 5.760074906157008456e+01 7.117394778514430698e+01 7.673322481191047473e+01 8.359475042905562248e+01 7.212140921338922794e+01 5.194573160703861703e+01 3.739261137809604207e+01 3.312585174047012515e+01 2.921283650585180780e+01 2.554218313813138863e+01 2.202369917896194096e+01 1.881482290922070533e+01 3.928280342912417922e+01 2.967612151669655773e+01 3.457007950227451687e+01 3.995013098225530257e+01 5.491316995030945947e+01 7.520330503702614067e+01 8.943564507681914222e+01 7.387636443639290462e+01 5.415102610484389345e+01 5.992844394095562421e+01
8.175220331382776484e-02 2.008175220331347077e+01 2.615942066450783798e+01 1.770671148321788024e+01 3.323291490514168345e+01 3.708179480060981348e+01 3.528126178180168182e+01 3.187938724578495453e+01 4.167995065898698215e+01 5.532741936245515291e+01 7.481518336798781377e+01 7.929094644928477464e+01 7.099212766806297736e+01 7.929094644928477464e+01 8.609679533486453806e+01 7.778868147968107394e+01 8.609679533486453806e+01 8.946504084952877633e+01 6.944140578526507568e+01 5.520425971026914880e+01 4.498901103876335128e+01 5.785505076290514381e+01 4.774460766618978624e+01 4.979414922471485738e+01 4.325320216990373723e+01 2.163280159257482183e+01 3.203381376725963747e+01 2.328824975708139533e+01 4.459970708006849804e+01 5.578559178185148681e+01 6.085601292601770496e+01 4.914083754360803624e+01 6.106454682363994380e+01 8.117644336377540526e+01 8.193663426308698661e+01 7.387636443639290462e+01 7.203835867231479995e+01
9.124702163186203252e-02 1.423338264536293707e+01 3.423338264536364051e+01 3.767611074976630903e+01 3.184722406587633259e+01 5.182419747508715346e+01 5.469553590102541563e+01 5.250953926113049874e+01 5.982031444117770747e+01 6.918545874042007426e+01 7.374433111921219108e+01 6.544008104244129242e+01 5.089852281928047972e+01 6.701634208370737156e+01 7.410078573808887370e+01 8.239875430164291004e+01 9.395893651155573423e+01 8.756007813727316602e+01 6.753340848268008756e+01 5.590039359724341494e+01 5.937422324850263067e+01 7.355716162472371877e+01 6.800306629377510603e+01 5.859963188600458750e+01 3.816809741337974060e+01 2.364934055630918053e+01 4.310528786687346070e+01 2.835602512870019254e+01 4.890292878364452633e+01 6.475306996793179337e+01 7.785319271637648342e+01 6.368154868506403687e+01 6.368154868506403687e+01 8.376834284569429201e+01 8.244484656420378599e+01 7.416267724720782439e+01 7.416267724720782439e+01
2.239863785106879432e-02 1.416453426158214413e+01 3.416453426158285112e+01 4.350326310730113732e+01 5.182419747508715346e+01 6.007300586063770709e+01 6.781218411838926841e+01 5.956197671352727951e+01 6.781218411838926841e+01 7.930979566642972145e+01 6.208651439548987128e+01 4.518862863120822482e+01 4.058793115883707259e+01 4.688105712937998248e+01 5.406295314230030158e+01 6.564238876366951558e+01 8.565517088043901595e+01 9.584343150838560632e+01 8.428591300514868578e+01 7.013325569644280222e+01 7.945321923820172572e+01 7.713633581482899615e+01 6.883458629708978549e+01 6.118269266146926100e+01 4.626014256648373646e+01 2.571579228830028185e+01 4.626014256421233739e+01 4.890293092579718603e+01 3.636855965568300775e+01 5.651913102389205790e+01 7.363714949363327378e+01 8.376834284569430622e+01 8.376834284569429201e+01 9.202483674768882338e+01 7.416267724720782439e+01 5.410456089676441138e+01 5.410456089676440428e+01
1.766589122093755945e-02 7.088786186235388698e+00 1.464966390079732328e+01 2.625113238435547203e+01 4.701530715867005483e+01 5.723249000307595935e+01 4.900995116400932972e+01 3.982094454213668655e+01 5.114651411299915651e+01 7.105771241044652697e+01 5.374789954133493097e+01 3.297167852170217373e+01 5.374789954133493097e+01 6.701634208370737156e+01 7.410078573808887370e+01 8.239875430157567848e+01 8.018413093569584760e+01 8.830281838859916377e+01 9.206032720898663513e+01 9.015563545844933913e+01 8.043710997792294393e+01 6.034094946669881665e+01 4.858958765999995677e+01 4.077631107419942680e+01 4.840251926028880547e+01 2.782887751252025410e+01 3.977246409416305539e+01 6.019815975203223246e+01 5.651913102389205790e+01 4.554322370620776894e+01 5.701757456397925949e+01 7.684782973294920794e+01 8.565024555894855496e+01 7.408128901399096833e+01 6.579073862175187060e+01 5.997944713781546966e+01 3.996202991685348849e+01
