MOVIE_S11_data/elevation_000964.asc
nrows	100
cellsize	150.0
xllcorner	0
ncols	100
yllcorner	0
NODATA_value	-9999
[rows 17 to 33 of 100, columns 37 to 73 of 100]
4.422621166683712346e+01 6.325141603387019273e+01 5.867488252537985716e+01 5.581202544076640493e+01 4.324496752759552720e+01 2.468995980325934170e+01 1.345484426664547151e+01 3.303495123916068366e+01 4.190018504611543904e+01 3.355718832268085805e+01 3.252820155301289873e+01 4.592239096934333276e+01 4.379700234931996761e+01 4.796083828926099102e+01 4.796083828926099812e+01 6.764335152153762465e+01 7.878635039484589697e+01 8.344551655946770552e+01 7.529244472475983230e+01 6.751608017916186100e+01 4.749169164287260969e+01 3.348719843476030888e+01 4.257603979118793802e+01 2.289118449481096107e+01 2.011547157550938181e+01 3.609372042110273071e+01 2.790482265037510601e+01 3.226327467356409784e+01 3.696019988363815401e+01 4.843893768698179514e+01 6.847348108631538821e+01 8.542840589615755675e+01 6.989374923797814176e+01 4.990482027726027070e+01 3.836149879953775610e+01 5.835294956257664012e+01 6.134983947757535816e+01
5.555527827210441671e+01 7.205010304687451139e+01 7.181638477461231673e+01 5.200179246656944088e+01 4.154300084385165093e+01 2.210717866465765624e+01 3.303495490226300291e+01 1.440883708327991464e+01 3.311181493557890576e+01 1.967829321199980797e+01 2.287907519339013263e+01 2.636644151105987888e+01 3.000439387300171390e+01 3.415095678787981370e+01 4.210015472439314266e+01 5.085722975725916228e+01 6.475881612427646417e+01 8.454990794655813602e+01 7.533255390973778276e+01 5.540439834941445696e+01 4.113956350148537666e+01 4.749169164287260969e+01 5.133558494721539489e+01 4.263940619666317389e+01 4.012717652041964556e+01 2.200952770490858867e+01 4.203037854093467729e+01 5.220513648066882695e+01 5.690653206161886857e+01 4.542966178334433636e+01 5.693956337360593523e+01 7.704755940160630701e+01 7.817958328358385245e+01 6.213084710686146650e+01 4.214108001222037103e+01 5.368270331205531676e+01 7.367125731241002029e+01
7.524180534709483936e+01 8.342984882078957298e+01 6.598377911858132450e+01 4.621026396641095602e+01 3.243553392455909545e+01 4.154318735134506824e+01 4.217393163310620707e+01 3.401182888131523896e+01 1.536482635044068878e+01 3.499318460091465965e+01 4.246535270741699009e+01 4.592239096934333276e+01 3.974146423423120922e+01 5.372571294420086474e+01 4.389733302587031716e+01 6.355409286253138390e+01 7.878635039484589697e+01 8.462422158322327448e+01 6.491364853704388338e+01 5.064977330213091022e+01 6.124121997649273652e+01 6.751608017916186100e+01 5.464194893496792105e+01 4.408463509654707480e+01 2.406149143567683168e+01 4.203037853632085330e+01 3.270719130149277731e+01 4.686552021220576592e+01 6.691025777261388896e+01 6.543820248197637568e+01 5.693956337360593523e+01 7.704755940160630701e+01 8.043447057276868861e+01 6.044324887435103477e+01 4.631097889921107935e+01 6.629854214561387948e+01 8.195857435743734243e+01
7.124490675480693369e+01 6.744463288997621930e+01 6.390165390906587817e+01 6.022570701076229938e+01 5.200179246657683763e+01 5.442452399352535508e+01 4.388018099478955492e+01 3.570748334132562718e+01 1.606078235345632876e+01 2.247927688218711140e+01 3.554805678192857954e+01 5.465467936496099810e+01 5.358793734539164433e+01 6.756518072799127594e+01 5.777100780691314696e+01 5.777100780691314696e+01 7.751569523616210233e+01 8.462427743987055351e+01 6.491364865732894884e+01 7.068674172119710875e+01 7.883897370349524181e+01 6.049182788067161454e+01 4.045518984199917156e+01 2.629760024065800650e+01 4.408445328106565597e+01 2.950670599185292531e+01 4.953639959200442888e+01 4.686552021220576592e+01 5.842568777320946793e+01 7.850039593198751220e+01 6.851909197317851863e+01 8.542840589615880731e+01 8.262278904360850618e+01 6.262975137595952901e+01 5.208213176868624572e+01 6.044324887435103477e+01 8.043447057276868861e+01
5.149810450511807858e+01 4.771816078180764720e+01 4.420009368922383430e+01 4.674829506939809676e+01 4.364908275476881272e+01 4.053137645196125050e+01 2.923740747756083280e+01 1.706041216945156691e+01 3.570748274036076708e+01 3.502830108971186718e+01 3.311610294369894092e+01 4.384909889408505990e+01 6.339681026411845721e+01 8.154178202684029486e+01 7.751569523616210233e+01 7.751569523616210233e+01 8.576292406688720860e+01 9.276535619415190581e+01 8.462427216588909573e+01 8.090503670557994553e+01 7.256616327133505706e+01 6.543832529734955017e+01 4.792720890643913378e+01 2.789894902787220943e+01 4.792717501360798593e+01 4.953639959200651788e+01 3.528712685021135798e+01 5.531962156395648122e+01 6.999241745143338278e+01 8.686702359595702205e+01 8.869766256418681394e+01 9.709410688312301829e+01 9.091191588461609285e+01 7.809424933198899055e+01 5.810727983281949349e+01 7.809424933198899055e+01 8.043447057276870282e+01
3.760970443729816992e+01 3.386751678765425311e+01 3.037035329862420596e+01 2.714715533605617992e+01 2.402073497184624529e+01 2.099025831831521316e+01 1.807300886438273579e+01 3.672788003641823451e+01 4.489258280851848326e+01 5.428429960491280326e+01 5.211092615674188977e+01 6.029458893661050922e+01 7.164113082931665133e+01 8.189011345575758583e+01 7.354446624780153741e+01 8.189011328458624916e+01 8.548717255594490894e+01 9.387087740334835928e+01 8.415382115922449202e+01 6.408352157010087069e+01 5.240687395293164030e+01 4.433506225435873205e+01 4.954656914957229219e+01 2.951600434476640089e+01 4.954656915987272470e+01 6.364726793282590478e+01 5.531962156395648122e+01 4.162338308642941342e+01 6.165443202504551579e+01 7.475544318606480942e+01 8.144475902685925917e+01 8.982554122968787169e+01 9.991427507945573439e+01 8.516275249309227036e+01 6.517000642087357676e+01 8.516275249309227036e+01 1.004415173813609101e+02
5.149810450511807858e+01 5.349591069340290517e+01 4.164969539022617084e+01 4.674829506939808965e+01 4.364907549709409551e+01 4.053323683690022250e+01 3.675211332488432703e+01 1.913054057688166409e+01 3.897594978854720438e+01 4.946518454811689480e+01 6.035956047436940253e+01 6.799577825552330523e+01 6.347642575348631766e+01 6.577556608542786876e+01 5.370039481295447814e+01 7.135707890600735936e+01 6.550420248544658364e+01 8.548717255594490894e+01 9.250955650180227963e+01 8.090503670557994553e+01 7.256616327133505706e+01 5.600066215306222261e+01 3.112726621430704554e+01 3.120352446764169940e+01 5.118494626622543819e+01 6.203667637767920695e+01 6.996512357804202509e+01 6.165443202504551579e+01 4.893630985010154433e+01 5.471245056587009969e+01 6.137681150447583178e+01 7.137902660442705383e+01 9.151049144929146451e+01 9.345335274397453418e+01 7.670693157232983594e+01 9.345335274397453418e+01 9.871714130887060890e+01
7.124490675480693369e+01 6.955267895865019057e+01 6.133704186381815049e+01 6.390822056578618060e+01 6.169880548265589937e+01 4.795064159565662010e+01 3.930676766201424499e+01 1.994697081555754892e+01 1.997256910778607519e+01 4.122050514424665835e+01 4.074991667708036402e+01 5.969556016784010666e+01 4.564344263313468275e+01 4.804769419004049524e+01 4.369038192475967719e+01 5.129715538423560872e+01 7.135707891084777543e+01 8.517867502390534185e+01 9.363702139348956166e+01 9.145946910343329250e+01 8.138721641860823297e+01 6.446742740579088604e+01 5.600066214988933666e+01 3.694035952410042256e+01 3.372889467890478699e+01 5.368595392956011381e+01 6.460946244093305779e+01 7.732142185695059311e+01 6.896952959374729630e+01 7.475544318606480942e+01 8.144475902685925917e+01 8.982554122968787169e+01 9.991427507945573439e+01 1.050066743559577560e+02 9.671361868070563617e+01 9.696621830305120682e+01 7.851698583768813933e+01
6.762310765378497024e+01 7.737473878515129400e+01 5.833032325393538287e+01 4.478034109737171775e+01 4.977321635463034255e+01 3.498350948112572212e+01 2.111249486887759375e+01 3.800224615206743550e+01 4.121935574582352757e+01 2.406014561823816322e+01 4.410204053960007542e+01 4.909536023186890219e+01 3.320602649262141171e+01 3.573356262508089287e+01 5.544036150834699583e+01 6.333616903785355845e+01 7.090766493782419388e+01 6.499641901141364997e+01 8.517867502390534185e+01 8.306411993888333711e+01 6.297083640237654123e+01 5.297179003949481313e+01 4.589447400380481668e+01 5.696548912327553893e+01 5.374812916941027652e+01 3.632288676791694826e+01 5.635625566956758803e+01 6.905777731832371558e+01 8.316589923352444202e+01 7.683242600418172685e+01 8.288047442363603068e+01 8.998694664769324447e+01 9.838158110785136046e+01 1.100598872230951173e+02 1.029277511678116781e+02 8.265498861361776051e+01 6.844122838301984757e+01
5.434417775655654737e+01 6.267711854416446471e+01 6.247312239817219393e+01 4.302472918190138529e+01 3.108295902057243509e+01 2.229030658177270041e+01 4.075851576493433726e+01 3.708817000418493848e+01 5.228765692791693454e+01 4.410204433999889773e+01 2.756147306733264557e+01 2.972043717235296967e+01 3.426958101517408295e+01 5.384248776680734494e+01 4.010591522396868669e+01 4.335323986656620576e+01 5.087536969761431038e+01 7.090766493782950874e+01 8.551778280653631725e+01 9.145946910343329250e+01 8.138721641860823297e+01 7.299221669495658205e+01 6.591828169194357656e+01 5.964391601817865762e+01 3.966253176094976851e+01 5.635625566956758803e+01 4.069702172281116503e+01 6.072719861120711471e+01 6.309658573956453154e+01 5.679920836388280492e+01 6.282136710240412469e+01 6.988680784791452538e+01 8.145399618072342207e+01 1.016431737548084158e+02 1.004547976262445133e+02 8.017927364771783516e+01 6.600787485993978976e+01
3.445528337037779920e+01 4.984021961011828239e+01 5.186636494581983214e+01 4.308071048249361468e+01 2.347837939265389551e+01 4.191449226248636961e+01 5.005117639108701155e+01 5.653541974082993704e+01 6.466968178322763094e+01 5.527010157852590311e+01 4.122223021405739019e+01 3.600744528934916389e+01 5.384237919541373429e+01 4.150710047230855793e+01 6.000568082511230017e+01 6.333616903786119678e+01 4.886707282627062909e+01 5.701438499333111309e+01 6.853017063031465739e+01 8.876369203692490828e+01 8.984761065988371342e+01 7.814878927302264344e+01 6.312841887654830231e+01 4.310456622327572518e+01 5.969503112647635845e+01 6.802429319148001241e+01 6.072719861120695839e+01 4.529937820558551920e+01 4.895858892907247650e+01 6.897475156818669006e+01 8.288047442363603068e+01 8.998694664769324447e+01 9.838158110785136046e+01 1.004933909792201518e+02 9.219182909624103672e+01 9.449447572533398443e+01 8.442294140289655502e+01
4.984021961011828239e+01 3.012317710438361118e+01 3.239527283068499486e+01 2.467884929535980731e+01 4.124368761950128714e+01 3.326988932544053057e+01 4.189044743483852073e+01 5.275936157067638277e+01 7.126267878126245137e+01 6.930898757139129884e+01 5.208086133853023370e+01 4.582477171184313391e+01 6.416390318997312647e+01 4.693135326655022510e+01 6.686686745058236170e+01 7.348551370097230517e+01 5.345129804622052205e+01 6.756586209134617604e+01 8.551778280653631725e+01 9.723750159778731472e+01 8.141055499788089378e+01 6.132472243651317001e+01 4.978356408213591777e+01 6.312696236449948373e+01 4.724221381144095488e+01 6.725933047193313996e+01 7.288879032635600197e+01 5.286449202315798601e+01 6.897475156818271103e+01 5.711916244087161942e+01 7.126189781475198970e+01 9.137844539195033633e+01 9.894488543258773916e+01 8.901315818313368311e+01 7.237267850044332818e+01 8.901315818313368311e+01 8.185498849215217376e+01
5.264480355130302769e+01 4.512635214843091802e+01 2.588165062009866091e+01 4.243798924916590209e+01 5.053867262067328170e+01 5.241174442973636616e+01 6.010192459590520286e+01 6.835874102184297385e+01 7.911886582818736713e+01 8.065485101222918729e+01 7.222759469885842520e+01 5.784679285753444589e+01 7.289813929544267523e+01 5.289467357741000342e+01 7.289813929544267523e+01 7.866586615753551825e+01 5.860244736578152214e+01 7.866586615753551825e+01 9.624499893107572746e+01 1.004612346733532888e+02 8.029254838321809018e+01 6.611557378505897020e+01 5.610573154420595898e+01 7.024085847846785668e+01 5.022837931625484487e+01 7.024143615267141172e+01 8.124253353915943876e+01 6.440457971545694704e+01 8.124253353242882270e+01 7.126189781475198970e+01 6.780189315678845219e+01 8.789309993753472838e+01 9.064475564454957635e+01 7.085371868474537393e+01 6.122985556131557416e+01 7.242614488334969280e+01 6.193178843285874535e+01
3.343598309113257017e+01 3.013316690732779080e+01 2.676632180905043867e+01 4.619148130161060806e+01 5.491640675334940624e+01 5.397791175804803743e+01 6.211484103678760960e+01 7.479027808885103923e+01 8.294858752197059459e+01 8.358428637695415375e+01 8.817289403817517268e+01 7.965249358870237018e+01 8.000515154528189044e+01 5.990348532195195475e+01 8.000515154528189044e+01 8.503820813376280796e+01 6.488709345938643480e+01 7.866586615753553247e+01 9.901786654996057280e+01 1.004465051487147349e+02 8.026532587497956683e+01 6.609626014549164097e+01 7.613625828836026699e+01 7.332995501954633255e+01 5.331406510120410758e+01 7.332995501954633255e+01 8.878672653138934834e+01 8.447843755190183401e+01 9.285900334002346312e+01 9.137844539195027949e+01 7.781207485779891897e+01 9.628186749768408959e+01 9.894488543257540414e+01 8.901315818300909655e+01 7.242614488334969280e+01 5.279893117169437033e+01 4.792908552160389490e+01
4.689370328760052331e+01 4.939037382046668512e+01 4.631558139129015217e+01 2.805891674433881633e+01 4.579684335514370730e+01 3.445784495826506344e+01 5.397801374702541466e+01 5.528451557588721954e+01 6.835793638715475140e+01 6.599721394579155742e+01 8.298391391624906532e+01 9.255938426577777989e+01 8.846191229360975683e+01 7.141799098556066383e+01 8.846191229827343250e+01 9.351062983421796559e+01 7.642293344670309807e+01 7.905941491082367634e+01 9.947229181920653218e+01 1.004465051487147349e+02 8.026532587497956683e+01 8.617625643191523466e+01 7.937179194326535026e+01 5.933328582378530314e+01 7.332995501843765851e+01 6.037256660852211354e+01 8.041658605649433866e+01 9.886192347666711555e+01 1.089705697272727889e+02 1.063833325163947308e+02 9.797412501727070833e+01 1.063833325163947308e+02 9.506899708694191986e+01 7.488102457718210303e+01 6.360020877972321784e+01 5.745853204493128885e+01 5.371184783257303508e+01
6.704192543120969106e+01 5.738244688001999805e+01 3.779784823042386677e+01 4.759186840213511971e+01 2.936183374500108556e+01 4.888589561351811597e+01 3.994503774163830201e+01 4.401008891738761264e+01 4.890580401358572971e+01 5.588696536755269051e+01 6.471678335472897459e+01 7.859041300873964531e+01 9.830222160006803733e+01 9.173543101625693907e+01 1.002204786698950727e+02 1.052993965175230642e+02 9.680689221686726853e+01 9.947229181920653218e+01 1.079618447576121838e+02 1.088423323501117892e+02 1.004465051487147349e+02 9.811181864067600600e+01 7.795314646152482396e+01 6.379685634071843481e+01 8.385748484258641611e+01 6.930808886022938964e+01 7.036496314948813335e+01 8.037900047759572431e+01 1.005574174494054631e+02 1.127804241078241319e+02 1.044406175464953748e+02 1.127804241078241319e+02 1.034085179323591035e+02 9.176221753888886212e+01 8.327149102048140605e+01 7.754552769418064884e+01 6.094037360701190664e+01
6.041240743061725027e+01 4.908517317203744312e+01 5.025198687103706874e+01 3.070705772549692725e+01 4.881469298419074221e+01 5.687443175923279171e+01 5.947846826253913122e+01 5.528451557933637872e+01 6.835794300407921753e+01 6.477942562847654528e+01 8.375511486622012569e+01 9.256101795868876536e+01 9.790795825395878182e+01 9.790745247226229253e+01 1.060658108469142462e+02 1.058032341155873297e+02 9.764457143008222317e+01 1.058032341155845018e+02 1.083032680077083398e+02 1.164550940380988067e+02 1.098048602578886630e+02 8.955191808186242497e+01 7.795314646152482396e+01 6.956447270455777243e+01 8.965798107697050057e+01 7.931894581543177480e+01 9.046820896350060082e+01 9.886192347666711555e+01 1.089705697272727889e+02 1.027957893895968056e+02 8.453961244010741893e+01 1.027957893895968056e+02 9.718740594886286033e+01 1.055023187743837241e+02 9.434326027830749695e+01 7.455683236771869815e+01 7.455683236771875499e+01
