MOVIE_S11_data/elevation_000745.asc
nrows	100
cellsize	150.0
xllcorner	0
ncols	100
yllcorner	0
NODATA_value	-9999
[rows 0 to 16 of 100, columns 0 to 36 of 100]
8.271705653423140625e-02 2.127631151761726416e-02 9.425194436011796739e-02 4.939197167322698090e-02 3.975871534419905817e-02 6.171646774684565184e-02 1.696294146011132625e-02 1.936121709489252440e-02 4.216450047424835645e-02 2.297044857093000214e-02 6.704298068806634203e-02 4.162315340452049650e-02 3.835349583220235004e-02 2.777463300387698203e-02 2.207885817162396139e-02 7.161913568127860341e-02 9.025521335945362045e-02 3.502399586135773735e-02 8.040414306008919487e-02 3.131346976591601466e-02 7.604099264847130613e-02 2.387740603804927586e-02 5.687112022313325910e-02 4.074439634684711570e-02 8.709178300582484655e-02 7.612946965408906586e-02 1.077918208624280109e-02 9.929772718869623455e-03 4.600412614040166881e-02 2.152795518990661267e-02 2.378824418737431057e-02 9.511189423522797837e-02 9.406546861214974686e-02 1.749038473908382007e-03 2.223905489293687143e-03 6.269637160239108220e-02 9.476101746191394060e-02
7.813061968023242432e-02 2.002127631151726206e+01 2.009425194435976181e+01 1.419152759540430253e+01 2.003975871534384368e+01 1.160872185153926139e+01 4.016962941460128000e+00 2.001936121709453786e+01 1.418430012420532371e+01 2.002297044857057529e+01 7.138110792553572281e+00 2.004162315340416356e+01 1.003835349583228975e+01 2.002777463300352068e+01 2.002207885817126964e+01 2.042277692009868861e+00 2.009025521146501347e+01 1.417715961959251203e+01 1.422253976679116505e+01 2.003131346976556060e+01 2.007370398852796356e+01 4.874595771368312569e+00 2.005673764890854471e+01 1.873479129044516611e+01 1.344481009929686666e+00 2.007612946965373268e+01 2.001077918208588713e+01 1.415206539644994521e+01 2.004600412614004767e+01 2.002152795518955131e+01 6.054015135742672804e+00 2.009511189423487210e+01 2.009406283197930421e+01 2.983173008473621657e+00 2.000222390548893969e+01 1.420483199533346585e+01 2.009476101746155763e+01
2.526786264046545702e-02 2.002526786264010994e+01 3.495510108375458458e+01 3.419152759540500597e+01 3.160872185153890612e+01 2.809944584609915097e+01 8.099445846098793922e+00 2.809944584609915097e+01 3.418430012420602537e+01 3.542238204001647262e+01 1.608238270255288782e+01 3.542238204001647262e+01 2.418048911956349301e+01 3.832262473984834372e+01 2.402257277944265468e+01 4.022572777963225654e+00 2.402257277939365920e+01 3.417715962412885489e+01 3.422253976745049897e+01 3.246008221205789113e+01 1.243450447415146876e+01 2.489230268147111147e+01 3.258224196992870958e+01 2.251199452347168162e+01 2.604362586627108289e+00 1.675801056103534847e+01 3.683008002468849895e+01 3.415206539645065220e+01 3.605401521462132308e+01 1.605401513574285133e+01 2.605401517518194510e+01 3.433826920074056943e+01 2.014024483263590426e+01 5.998286454251167577e+00 2.599728773086620848e+01 3.420483199533416752e+01 3.544418660109902675e+01
4.163169627051844027e-03 6.670829836293689752e+00 2.667082983629404680e+01 4.650210646754689492e+01 5.160872185153819203e+01 3.344467068434803281e+01 1.344467068434732759e+01 1.878989552259595897e+01 3.878989552259666596e+01 4.436665395001578815e+01 3.022451832628409107e+01 4.436665395001578815e+01 4.418048912054125310e+01 3.896682207766187389e+01 2.603264840534062330e+01 6.032648408481658286e+00 2.603264841089493586e+01 3.803082836936018651e+01 4.957783515111304240e+01 3.824335154744387211e+01 1.820951890195658507e+01 3.824335154744387211e+01 3.928348268629863327e+01 1.838965371909181812e+01 3.874363856629011060e+00 1.542698887156927690e+01 2.960756424938023912e+01 4.971367731733997175e+01 4.433829013502731442e+01 3.019615075982547125e+01 3.238394675837871972e+01 4.841783172007669833e+01 2.915883405436314391e+01 9.160564114416832382e+00 1.732552478853487443e+01 3.732261101272569448e+01 4.438845851109834229e+01
5.883922493566802470e-02 2.005883922493531202e+01 1.821783522008600187e+01 2.976484060387831221e+01 4.976484060387760167e+01 3.921817337624439403e+01 1.921817337624368704e+01 3.878989552259666596e+01 3.293203114632741091e+01 5.293203114632811435e+01 5.022451832628479451e+01 4.760438341743929413e+01 3.932012026531936044e+01 3.068255393651959295e+01 1.068255395823439002e+01 2.603264841089493586e+01 9.746555172022727476e+00 2.129356055581544638e+01 4.129356059977664728e+01 4.492443135044401004e+01 2.488119194144350743e+01 4.492443135044401004e+01 3.759804981815069169e+01 1.895195635961772140e+01 5.160012549695455419e+00 2.519919673479752475e+01 3.536503827018068336e+01 4.543241677586411242e+01 5.356612204541788458e+01 5.019615102793273564e+01 4.652608240621869129e+01 4.423652828070053999e+01 2.424293993072882358e+01 1.269609802023668621e+01 3.269322466477777311e+01 3.146691248754345338e+01 5.145951780938884923e+01
1.256007409845548775e-02 1.415469569782928083e+01 3.415469569782857207e+01 4.650210646754689492e+01 5.804911185133920526e+01 4.628924118810999033e+01 2.628924118810928690e+01 3.921817337624298005e+01 5.293203114632811435e+01 6.121630239379031480e+01 5.337787939780587720e+01 3.932012026531936044e+01 1.932012036094863205e+01 1.560621359740765790e+01 3.068255393651959295e+01 3.249376648416010482e+01 1.249376645099653160e+01 2.663590207477855643e+01 4.663590218783168240e+01 5.321147902145652608e+01 3.490022811764466582e+01 5.321147902145652608e+01 3.946015495420869001e+01 1.934440950140557547e+01 2.519954322405689950e+01 7.012976768107617609e+00 2.703770635087018448e+01 2.546617223682826037e+01 3.962780236768554687e+01 5.944777700758076833e+01 6.652608371555966471e+01 5.251190547638267248e+01 3.654052972300008406e+01 1.654509981198154733e+01 3.654052972300008406e+01 5.145951780938884923e+01 5.973659159025343968e+01
9.594114293757748102e-02 2.009594114293722100e+01 3.652635046801336216e+01 4.652635046801353980e+01 6.066848609174499529e+01 5.457351243557219078e+01 3.628924118810963506e+01 5.457351243557219078e+01 6.750244462370287124e+01 5.986672557999097677e+01 4.509362286831018451e+01 2.509362305284479078e+01 3.932012026531936044e+01 2.974834922102760615e+01 4.389047970742969085e+01 3.535090936029498465e+01 1.535090930813941412e+01 3.535090936029498465e+01 5.216321711315237764e+01 6.322623468548314918e+01 5.494863458324341821e+01 6.322623468548314918e+01 4.787054423109120904e+01 3.952134068452078708e+01 2.845903140850038682e+01 8.331737714810106610e+00 1.280388686051326275e+01 3.280486687398567369e+01 4.732580530231018656e+01 5.548298041483703713e+01 6.548926369763989896e+01 5.204760859172962029e+01 3.217338293483583556e+01 2.062758267610714924e+01 3.217407898967736912e+01 5.215880809435417831e+01 6.002514311332574692e+01
7.711341127313005306e-02 8.242079220550461827e+00 1.824207922055063946e+01 3.238421484428209141e+01 5.173148351489773233e+01 6.173148351489895447e+01 5.043137681184108345e+01 6.457351243557353371e+01 6.312948446224764609e+01 4.312948528185709307e+01 3.158247989807517797e+01 4.509362286345121618e+01 5.337787874698099699e+01 4.974834902107444634e+01 5.201580759292463085e+01 3.873152640373132272e+01 1.873152632705354037e+01 2.387893796236398458e+01 3.802107358637769607e+01 5.802107395141964474e+01 6.695088939222939928e+01 5.678238251124443536e+01 4.833723860999284483e+01 4.163268302293989365e+01 2.978349424999547423e+01 9.718488205006671876e+00 2.975977903927522306e+01 2.065131057121290681e+01 2.732651801974800421e+01 3.736300933411974512e+01 5.732524959802706377e+01 6.031129510676108652e+01 4.546910252043517886e+01 2.547829435103099982e+01 4.546910252043517886e+01 6.042419091878537074e+01 6.836610989332699262e+01
2.297228869525369793e-03 2.000229722886917116e+01 3.190020688364204204e+01 2.344721226743440923e+01 3.344721226743475739e+01 4.758934789116620578e+01 6.758934789116761976e+01 7.871564805930097464e+01 7.141371332617289625e+01 5.692770816426628500e+01 3.692770473632364769e+01 5.106984038090412525e+01 7.106984197769864409e+01 5.787366233566084617e+01 3.787366195103438571e+01 2.373152632705362919e+01 3.873152639984117940e+01 4.387893806417365994e+01 3.542594334616078555e+01 5.542594403659390423e+01 5.848446850810223907e+01 3.819000871188340085e+01 2.823079451097311576e+01 2.161400220792842575e+01 2.652215578791103923e+01 1.111534879518476160e+01 3.118605964652714846e+01 3.222395367428572399e+01 4.732580524438475322e+01 5.548298968017061128e+01 6.549762735604340946e+01 6.177751561040424377e+01 4.180387031792913177e+01 3.254931466156647701e+01 4.180387031792913177e+01 6.177751561040424377e+01 6.167900805640735484e+01
9.647730019007895452e-02 5.869979992086361342e+00 1.190020688364168677e+01 2.604234250737289003e+01 4.604234250737359702e+01 4.704891988303828754e+01 5.533406744329646187e+01 6.427876853684469438e+01 7.582671000934635686e+01 6.325226564871319823e+01 4.325226005666063145e+01 6.325226313859311489e+01 6.454033343052752514e+01 4.454032862028706319e+01 3.039819299372041428e+01 4.373152645443608577e+01 3.315961674287459715e+01 5.315961640227463647e+01 4.697294873006368476e+01 6.371026733487159532e+01 6.695088939222939928e+01 5.678238251124443536e+01 4.832800656591925303e+01 3.319961278835356211e+01 1.311534906397138656e+01 3.118690802265010831e+01 3.956153643545385279e+01 5.217129835238455371e+01 6.028678566986966558e+01 6.675036456095253357e+01 7.514157269572721987e+01 7.003926925688308813e+01 6.080030055121325461e+01 4.149283180661756631e+01 6.080030055121325461e+01 7.003926925688310234e+01 5.337723529829873570e+01
3.582433992925927735e-02 2.003582433992890444e+01 3.190020688364133150e+01 3.219817525828852212e+01 3.704889402932285947e+01 2.704886817560741363e+01 3.599314009183356688e+01 4.754014582219315344e+01 6.754036629267402247e+01 7.153670668323277937e+01 5.479926544209392603e+01 5.958219210991300940e+01 6.970430935474995238e+01 4.970430641401775063e+01 3.556217078866381343e+01 5.556217120226716588e+01 4.071890620305940445e+01 6.071890645841286727e+01 6.697295162563358417e+01 7.525742424152137744e+01 6.878767961040267664e+01 4.907483076134313649e+01 3.503118662513358572e+01 3.471157235449855705e+01 1.571845590112775426e+01 1.547534801482797029e+01 3.975015798017416557e+01 4.566530598146429298e+01 5.028498685577142879e+01 4.658447766100653098e+01 6.424658950206513452e+01 7.433758144473546281e+01 6.972952786566096961e+01 5.562444319243074631e+01 6.972952786566096961e+01 7.339566340145346146e+01 5.337723529829873570e+01
1.813270376062421294e-02 2.001813270376026921e+01 2.570931205950385490e+01 1.219815567406343959e+01 1.704886817479018291e+01 2.599314008487157324e+01 3.754014552205723021e+01 5.168228565443991585e+01 7.168264753127931499e+01 8.308381875659961224e+01 7.479927861756259233e+01 7.372433019985236058e+01 7.189210501097460337e+01 5.189210242456366018e+01 4.263323860052953762e+01 6.263323922486091533e+01 5.486104182812100305e+01 5.704883783586092960e+01 7.704883914976825565e+01 7.410484187676138390e+01 6.555077294336095406e+01 5.372981603508755200e+01 3.295022674324889067e+01 1.925803187211920786e+01 3.486861857395948761e+01 1.712125930671619045e+01 2.122088357955743376e+01 2.554222382692364945e+01 3.014841308063444814e+01 3.573050994559614679e+01 4.579594611849169183e+01 6.002594077233943892e+01 8.023803420211952186e+01 7.557766887006572176e+01 8.174328137084370383e+01 7.355179110546475840e+01 6.646141806237066874e+01
2.372884694381488524e-02 2.852155971690010894e+00 5.709298828832880979e+00 2.570931205950385490e+01 3.704889402932285947e+01 4.533373849325691651e+01 5.427828656425078435e+01 5.630303447709619036e+01 6.386238572917687861e+01 7.214855981364321735e+01 8.369699026386007290e+01 9.372441379257963945e+01 8.017649843607973992e+01 7.091755245826604437e+01 5.263323860053073133e+01 7.091755245826604437e+01 7.486104269540912526e+01 7.704883914976825565e+01 7.410487214933914402e+01 6.229099906072242021e+01 4.516691142734019593e+01 4.995437723359535909e+01 4.177859027465222397e+01 2.194866235904036245e+01 4.163664084454266856e+01 3.711841115606392094e+01 1.973553616840747793e+01 3.985531754100116331e+01 5.028498685577142879e+01 5.587093599721883663e+01 4.735202439713462752e+01 6.158495080485491968e+01 8.180745672243043032e+01 8.506115404204329877e+01 6.512635267313909537e+01 5.349718766580817686e+01 4.621876057049155406e+01
8.175220331382776484e-02 2.008156660706685770e+01 2.570927635330792427e+01 1.125630079108522175e+01 3.125632249288877063e+01 4.187488267966281796e+01 4.687489611953311197e+01 3.630293277730266510e+01 4.386222224318655805e+01 5.540922833080878007e+01 7.540961347753611221e+01 9.231299693355769875e+01 8.400310853226126540e+01 8.091757624963985052e+01 7.263323985502559310e+01 8.091757665918467524e+01 8.757902420529586607e+01 7.727916378926201446e+01 6.555077369799917619e+01 4.516691142734079989e+01 3.352750038483367234e+01 2.976103473123531629e+01 2.623990200233215120e+01 4.177859030339938329e+01 4.990644942478795087e+01 4.204309402658759609e+01 2.187279145510310485e+01 2.589856967175762748e+01 4.608497857637532036e+01 6.104816479380779981e+01 6.750798565552773312e+01 6.750798565552773312e+01 8.775767003058190596e+01 9.320726639070201713e+01 8.174328137084370383e+01 7.355179110546475840e+01 6.646141806237066874e+01
9.124702163186203252e-02 2.009124702163150644e+01 3.953787447240441111e+01 3.125632249288877063e+01 1.728652768264060313e+01 2.187484236005191818e+01 2.687484236005200700e+01 3.842184779092368530e+01 5.842197487583115389e+01 7.214855981364321735e+01 6.888277618818487724e+01 7.474652687021824704e+01 6.399431016331870126e+01 7.245102343390502142e+01 7.245102341629943510e+01 8.075194401247215126e+01 7.897707180781326031e+01 5.844661962347270645e+01 4.829743051927576403e+01 4.004884435309474355e+01 5.378214532891030331e+01 4.995437723381532180e+01 3.373262228798019891e+01 5.398053904764887534e+01 5.857079436462570499e+01 3.833021576312300027e+01 2.407483432856745154e+01 4.425854398036380388e+01 3.242817906265290873e+01 5.264378829317387698e+01 6.796931972625186802e+01 7.638045770315005711e+01 8.653749872425170508e+01 8.298767539011060990e+01 7.297428173245445748e+01 6.467607603480097112e+01 5.800997506898415423e+01
2.239863785106879432e-02 1.416453425727662818e+01 3.416452870772270245e+01 4.557149508416615191e+01 3.728655875229802774e+01 4.187488267966229927e+01 4.687489611953311197e+01 5.516012299591097445e+01 6.670782472169122457e+01 6.303375776437793832e+01 4.888598976573268118e+01 5.474291278749375778e+01 5.245293423863825666e+01 5.245293423863950011e+01 5.245293423863860482e+01 7.245102341629943510e+01 8.757902420529586607e+01 7.486346915532823232e+01 5.437749174734170765e+01 4.718861682049414696e+01 6.759104232399656098e+01 5.398053904764887534e+01 4.800085526893036558e+01 6.248984652730658240e+01 5.983353609905372394e+01 4.652945664212059995e+01 2.634514339968260899e+01 4.652945664212059995e+01 4.670408492432962788e+01 4.004382420706775036e+01 4.767779486157838420e+01 5.780904839300783493e+01 7.812959105949589400e+01 7.468663091156790301e+01 5.466552115803412448e+01 4.467777313735041389e+01 3.806719549649019996e+01
1.766589122093755945e-02 2.001766589122058093e+01 3.753556965307323168e+01 3.741913255891184775e+01 4.541649982568213062e+01 4.468066764963036519e+01 4.657748576420592457e+01 4.865101950527635921e+01 5.077061243166181725e+01 5.474291265265355122e+01 3.474848017591282456e+01 5.474291248969879575e+01 5.046799772076838053e+01 3.831636842346576799e+01 5.245293423863860482e+01 7.245102341629943510e+01 8.504331530089402236e+01 8.344822432617931440e+01 7.486346915532823232e+01 5.625777657724666625e+01 7.615427177551592308e+01 7.445995027300104141e+01 6.841677272493346607e+01 6.506350548052606086e+01 5.142931397084385736e+01 3.122668465406093929e+01 2.945339983538015716e+01 4.964510427925493730e+01 6.698350072271094291e+01 5.435227195335099992e+01 5.435227195335099992e+01 7.465855386375268665e+01 8.653749872425170508e+01 8.298767539011060990e+01 7.297428173245445748e+01 6.467607603480097112e+01 5.800997506898415423e+01
