MOVIE_S11_data/elevation_000980.asc
nrows	100
cellsize	150.0
xllcorner	0
ncols	100
yllcorner	0
NODATA_value	-9999
[rows 51 to 67 of 100, columns 0 to 36 of 100]
6.455108993161302877e-02 3.494522792781782794e+00 6.976075911895724957e+00 1.062755962859680103e+01 1.462755962859676728e+01 1.909969558359626873e+01 2.426367337853935169e+01 3.182296283871188791e+01 4.182296296004027170e+01 6.182332929238613417e+01 7.589916638443509100e+01 6.760655011183033025e+01 7.020163225681173458e+01 7.849580924862691234e+01 7.507421333258889717e+01 7.030740098214378975e+01 7.795091851087096302e+01 8.631258708270009095e+01 8.549575383145827345e+01 7.109834988515451926e+01 8.549575383145835872e+01 9.918031640649344638e+01 9.077640679576701643e+01 7.428727676180088224e+01 9.077640679576701643e+01 9.551387490021424753e+01 8.733701460314449605e+01 8.110696426925291291e+01 6.942313885554825958e+01 4.961650013309527196e+01 4.889881141209411197e+01 6.257966161265454730e+01 8.243391916645408912e+01 8.905382071187806048e+01 6.936367530604097453e+01 8.394377660282810893e+01 8.788073065300106634e+01
3.995603441288197999e-02 2.003995603441252626e+01 2.697604045830158626e+01 2.217456408519922562e+01 3.462760366471972162e+01 3.064670165137266977e+01 4.426378738886370456e+01 3.691278501821803104e+01 5.691317395921667099e+01 7.011014958727403723e+01 7.256545015200333637e+01 6.421167927919019291e+01 6.421167927919019291e+01 6.916795578018002288e+01 5.489982812323488304e+01 5.015775918243630116e+01 5.772807198809601203e+01 7.202713861418777697e+01 9.225218827795646348e+01 9.141777366474553901e+01 9.343820871995700372e+01 7.950296404196413391e+01 8.260407568698144587e+01 6.300320672039170944e+01 8.260407568698144587e+01 8.281172721152755400e+01 7.463256394117256320e+01 7.104025833726683459e+01 6.285710916464457654e+01 4.528331177618768066e+01 4.757178821049830475e+01 6.738922438262883929e+01 7.312468876196977874e+01 7.563534403269844120e+01 6.365078275904100735e+01 6.423352057178155405e+01 6.819596040375486723e+01
4.804567899273937126e-02 1.419018130272381484e+01 3.419018130272451828e+01 4.217322614021826155e+01 5.041810302197280436e+01 5.064761941446759153e+01 5.894105843851284021e+01 5.105495072198372952e+01 6.520084624424364961e+01 6.849203997114621245e+01 6.421167927919019291e+01 4.418034809247248518e+01 4.418034809247248518e+01 5.350571838530392910e+01 4.080698918820062460e+01 5.489982812323493988e+01 7.507421333483084425e+01 7.795091851087096302e+01 9.815570251802439827e+01 9.496180730899430955e+01 8.362553315107849983e+01 6.568377097460660252e+01 7.567412200526914035e+01 5.620067256951627144e+01 7.567412200526914035e+01 7.463256394117256320e+01 5.485848653708496414e+01 6.065017971703446165e+01 4.305555166567757652e+01 6.285711010560903844e+01 6.738254223850105973e+01 5.088843946514264616e+01 5.333926636707465718e+01 5.586642466202180657e+01 5.883050382049989935e+01 7.857932431497566483e+01 8.788073056178328102e+01
9.707512844716031930e-02 2.009707512844680366e+01 2.989693386827038069e+01 3.548684027951094322e+01 4.219683231049150862e+01 5.060768165243133865e+01 6.078010806284391521e+01 7.105656778878766033e+01 6.264510577200058350e+01 4.844136358898202133e+01 5.390561649921352938e+01 4.561886057916377979e+01 3.024371284973575058e+01 3.364086190562761658e+01 5.350571844120374720e+01 6.752341054428941902e+01 7.517862337962726826e+01 8.361946768555536380e+01 9.536043322125843247e+01 8.678755484397153452e+01 6.719372003780138414e+01 5.598955422185863995e+01 6.628949869508332426e+01 5.043916974495119376e+01 6.980265607733484501e+01 6.670408121662364920e+01 5.851879811761074990e+01 4.088409247476415942e+01 6.065017971703449717e+01 7.096377113291673311e+01 6.490868492592603900e+01 7.068925581402046987e+01 6.734926926998939223e+01 6.986284386425153059e+01 7.857932433823783924e+01 6.607131970993503955e+01 7.745297228589524252e+01
5.001202446392439237e-03 4.855718176500170458e+00 9.855780201049086031e+00 1.540335557856598214e+01 2.207430597275061857e+01 3.210691547639972043e+01 5.229840755408099540e+01 6.656499101312513744e+01 5.431685541700647946e+01 3.444291529552359066e+01 4.174230951597584749e+01 2.588348846513129331e+01 3.239011953965797375e+01 5.223205497897919258e+01 4.080698922820486274e+01 4.739497378126890226e+01 5.494272640986338274e+01 6.660105857118301742e+01 8.690133791097659355e+01 8.631192371411833619e+01 6.672176277978618941e+01 5.552082922648793328e+01 4.677453618527842849e+01 4.503027266152873409e+01 6.188297885045011526e+01 5.645216558264294804e+01 3.880394043981737440e+01 5.851879811761074990e+01 5.485846971203968536e+01 6.885222803768209587e+01 8.459967356824738260e+01 8.457188963565317863e+01 8.708333889705316722e+01 8.957139222816394408e+01 9.170686838712336453e+01 7.202833864125074115e+01 9.170686839025614745e+01
5.279685921607564503e-02 2.005279685921572153e+01 2.989693386827038069e+01 2.975361519190170156e+01 4.219698609734904693e+01 5.060689191521449004e+01 6.061276177449974512e+01 5.728703026441252177e+01 3.826021394181466917e+01 3.824448346179314484e+01 2.200499607137313873e+01 4.174840842574327837e+01 5.223205497897919258e+01 4.376495507217991587e+01 6.080433732612872433e+01 5.489902116656281805e+01 7.503671702773205254e+01 8.361946768555536380e+01 9.261182530758252085e+01 9.448575074994778333e+01 8.315104178988976003e+01 7.319335259266387084e+01 5.367233930615402215e+01 3.967839376143592034e+01 4.352158223311051444e+01 3.679469074752785218e+01 5.645216576946476295e+01 5.015900646006801367e+01 6.993848589215845379e+01 8.280771021248962427e+01 9.671387270723703011e+01 1.040028645816753397e+02 1.018304182815022898e+02 9.348449080009874024e+01 9.988786180912552481e+01 8.593575658824086361e+01 8.446654203555060292e+01
5.738623160518319517e-05 2.000005738623125140e+01 3.936982547504828034e+01 5.073796683987557543e+01 5.207343817924743234e+01 5.282492250767210606e+01 6.072731033179500315e+01 4.316117067146553410e+01 2.907303635182753965e+01 1.834860393735018036e+01 3.825814858083410996e+01 3.592087633883645736e+01 5.581731542511801081e+01 5.789207505326949388e+01 6.009729947424423813e+01 7.503591445166323126e+01 8.328980401897374009e+01 8.663877401423296476e+01 7.227128071562249545e+01 8.663877401423296476e+01 7.961825120763644748e+01 6.817497338063411405e+01 5.758656074352189336e+01 4.476574862548035583e+01 3.480757578083853332e+01 5.441382512224948442e+01 6.463619429697233443e+01 6.993848589215845379e+01 6.631575391614292414e+01 8.027961300948902590e+01 1.000075591674987834e+02 9.532317056092273333e+01 8.706895887227933883e+01 7.353017831521704295e+01 9.024969976628523227e+01 1.056395647726530456e+02 1.041657266630056569e+02
4.532054705376769438e-02 1.159149762050530263e+01 3.154578149593433878e+01 4.690880827437148071e+01 3.311894271536112200e+01 3.321983752800100831e+01 5.282469743987203259e+01 3.489281104086284557e+01 1.469822613240909170e+01 3.489281104088645691e+01 4.652953691645110013e+01 5.581731542511801081e+01 6.414641907077805172e+01 7.804396415494517214e+01 8.024475646375476856e+01 8.850546560641612359e+01 8.946400252208478321e+01 6.912061695303829367e+01 5.786217330812197446e+01 7.391883123014065404e+01 7.140010309437506919e+01 5.158810539262506012e+01 4.028113184581264505e+01 3.298090455954037026e+01 5.067784958274850737e+01 5.883094965317616243e+01 7.219213139884909936e+01 6.390690764202250307e+01 7.219213623420549197e+01 8.387084619186607881e+01 9.008734180207453335e+01 8.706256360578851172e+01 6.716947936463249391e+01 6.197786097202762789e+01 8.127352755841219789e+01 9.931687950328426950e+01 9.931687950328426950e+01
9.001595176218035732e-02 2.008721092215391479e+01 3.097014959659076538e+01 2.985181761198721873e+01 1.956356855093607194e+01 3.894996755313702863e+01 5.006889024308227221e+01 3.253593834809120722e+01 1.233388794304311986e+01 3.232125391996083152e+01 3.842304191530925550e+01 5.823323721228216954e+01 6.741659182893282320e+01 6.494233327921787691e+01 6.494233327921787691e+01 8.426980171883583637e+01 8.102875384567106209e+01 6.912061695303829367e+01 4.882003987443454207e+01 5.359941359139079964e+01 6.796590929688028382e+01 6.817497337873372487e+01 5.991422773069677987e+01 5.040503937166094062e+01 3.117659031436576811e+01 4.889033300497243317e+01 5.339549263935531087e+01 4.288407765562578078e+01 5.526396593490782294e+01 7.571338557737124120e+01 7.016495342429931270e+01 7.016495342429757898e+01 6.479394355448066278e+01 5.292107327074455725e+01 7.300611929633561203e+01 7.948080387023075843e+01 7.948080387023075843e+01
5.674351268809080251e-02 2.005674351208230277e+01 6.921143599232370214e+00 1.130690997807678499e+01 2.983641815565923139e+01 3.831732958989090321e+01 4.169695303138691855e+01 2.187746075315681438e+01 1.030140982280544826e+01 1.842309104135570053e+01 3.311562605488108346e+01 5.514426202211559769e+01 4.917105257891865477e+01 4.688174417615697820e+01 5.935730683507386374e+01 7.842577986688293379e+01 7.261717044376685237e+01 5.234932723770636898e+01 5.606854576323927830e+01 3.944926563989837121e+01 5.955083325396359584e+01 6.924634440361806753e+01 5.993389047379968559e+01 5.876202479768514308e+01 4.889033300497243317e+01 2.937652932801029593e+01 3.373248282057375036e+01 5.339549263937690426e+01 7.219213623420554882e+01 7.590549890597860383e+01 6.839129931711110544e+01 5.006499625940890752e+01 4.464344291411930499e+01 6.480240317515539061e+01 7.534755479455509430e+01 6.540445367808730737e+01 8.529065591102292387e+01
9.518805923843161321e-02 8.014947863347864354e-01 1.000265747613481437e+01 2.186605531326979346e+01 2.380869714278419380e+01 1.893640519824103663e+01 2.995761683064943171e+01 2.504586764746229122e+01 8.553329826599400221e+00 2.800905019704606147e+01 4.626644865839509180e+01 5.451504729884246103e+01 3.708788981101010052e+01 5.451504729884246103e+01 5.503596349799365584e+01 6.294053631825320139e+01 6.372743664983835998e+01 5.436807470181459223e+01 3.605386076682930252e+01 3.420762703610664346e+01 5.417846337143473789e+01 5.596038362236493668e+01 3.716832885486955007e+01 5.596038360426091884e+01 4.765504045659431398e+01 2.813317279379660008e+01 4.593306054765555047e+01 5.428975985694231809e+01 6.452719251990137650e+01 5.588583970462970285e+01 5.588583970462969575e+01 4.005609018961970946e+01 6.011501983509680258e+01 5.075238562140253151e+01 5.531110573872899749e+01 6.207024755297670993e+01 6.965090182370522598e+01
9.062254805971975413e-02 2.000413219864341485e+01 1.810756051775376907e+00 2.525424280368963714e+00 7.618909076387688550e+00 8.494510713281213654e+00 2.066082743503749697e+01 5.978034428086458796e+00 6.731693906008350936e+00 2.659806356024930807e+01 3.588444655476877898e+01 4.927552270252449063e+01 3.172178658493382741e+01 4.243845867209980582e+01 3.722040132115405697e+01 5.503596349799365584e+01 5.343067785566801575e+01 3.938939926767864108e+01 2.722938562349502689e+01 4.273038603902919874e+01 4.958835404827168958e+01 4.287919647597008321e+01 2.477757805991636886e+01 4.664991298284378018e+01 5.224823835095947544e+01 4.415703821273021390e+01 2.637565111474395607e+01 4.594288118102241469e+01 4.458069950664160075e+01 5.257914511793136825e+01 3.604680988795919916e+01 5.588583970462969575e+01 6.839202571111728446e+01 7.086726858290120390e+01 7.534755479455509430e+01 8.198620841534425097e+01 8.948145177848626020e+01
3.063233560239582431e-02 1.991950710492086785e+01 2.663230375566380204e+01 1.809013209319796900e+01 3.538615563563699773e+00 4.255202159722735189e+00 4.971089623626426146e+00 2.501282871237081196e+01 2.659815972870119438e+01 7.797492549707654597e+00 2.762774089693198576e+01 3.696846119831139532e+01 4.243611197101560606e+01 2.434985493292417402e+01 4.242780157801418284e+01 5.868056894235049015e+01 4.600424792333110702e+01 3.022382080208226185e+01 3.673218677452438641e+01 2.157552882698091778e+01 3.701795114826050082e+01 1.986504484683354832e+01 2.076617228556147410e+01 4.053774714897702580e+01 4.279252543026446176e+01 2.462150495572915787e+01 2.668449041627568619e+01 2.877268949956756572e+01 3.085202912285900112e+01 3.293666203748348664e+01 5.257914511793136825e+01 4.185655107386806861e+01 4.893772208029153603e+01 5.660445346880337070e+01 6.562310334659868261e+01 7.713292124041137754e+01 9.696266970374246341e+01
5.666595628964066211e-02 1.420867652941624648e+01 3.434027638849923392e+01 3.587027562113713230e+01 3.397187278328499360e+01 3.280972578493400249e+01 1.400532660021665876e+01 3.520966460532704190e+01 3.591296326865785460e+01 2.768973446910527514e+01 8.878101067180702799e+00 2.878632035410063139e+01 3.577393890914473218e+01 2.002370945340151565e+01 3.325199912972868077e+01 4.275768867982588972e+01 3.462725031921416274e+01 3.527840032544857252e+01 1.683727470304074814e+01 1.770331052705515518e+01 1.859380014288421634e+01 3.128089443454681984e+01 3.934764619287314247e+01 2.205221482053908488e+01 2.311606953602468195e+01 4.279187251603197950e+01 3.807064301266038342e+01 4.832457469565620301e+01 5.042289204924016133e+01 3.966878268714636846e+01 5.963532584621897570e+01 6.194175721408938529e+01 5.004676123246431274e+01 7.014809053990194343e+01 8.485231253982982480e+01 9.374534674512871391e+01 1.052062250213831192e+02
2.110006612196471329e-02 1.416323563119656015e+01 3.416319501816837345e+01 4.109014598507419436e+01 4.937459241581293412e+01 4.501630000829141665e+01 2.935672531644183891e+01 4.501623646432671677e+01 3.869853658885477898e+01 1.887728950876069689e+01 2.862351242603913093e+01 9.983870365870020080e+00 2.668472442790852028e+01 1.593188653423164070e+01 3.240943528327103706e+01 3.342549021800333975e+01 1.476265407126338935e+01 1.561905988469536943e+01 3.500577058498086558e+01 3.750761163623929662e+01 2.722022098398415579e+01 4.252484069436400915e+01 4.792698756709440744e+01 4.175118756809480658e+01 2.447155662154530731e+01 4.388884396570851010e+01 5.868930853743453468e+01 6.711380044008951984e+01 6.788890014918685267e+01 4.960434953819370918e+01 6.788890051317933683e+01 7.839489898310709748e+01 6.171442790664548284e+01 6.171442790664548284e+01 7.585279240997779482e+01 9.570950181916468580e+01 1.072218340756137565e+02
9.367352646185668485e-02 2.009367352646150096e+01 2.694800672052378943e+01 2.109014226773083678e+01 4.109014677234589641e+01 5.503127945949028543e+01 5.178445562867045027e+01 5.270376834784239151e+01 3.289737977952299985e+01 3.289674920739641095e+01 3.800732094695971597e+01 2.409257009346681144e+01 1.110496016970111555e+01 1.190940042890861150e+01 1.273174113957284170e+01 1.355531552714217902e+01 3.338958886890429056e+01 3.544102227473602795e+01 4.320527309798463023e+01 5.482923907437031374e+01 4.603537209537504538e+01 4.732339941902742453e+01 5.768537163227594533e+01 4.555375510165208652e+01 2.612266085916046165e+01 4.561164586612988359e+01 5.707405668326729398e+01 7.109536371310929326e+01 7.788937209458572397e+01 6.966633106213360804e+01 7.788972306076530572e+01 8.990272175971621493e+01 8.166868794387795560e+01 8.166868794387795560e+01 8.166868794387795560e+01 1.015312429480245981e+02 9.898442609618832932e+01
3.648181865326004941e-02 3.466453521503443991e+00 6.948006640617416352e+00 2.694800672052378943e+01 2.674699651422925584e+01 4.088913214544099617e+01 6.088913340500466376e+01 6.096648760946931134e+01 5.270376834784239151e+01 5.269375502796217603e+01 5.213223185855949993e+01 3.696446416272821267e+01 1.647210988536281562e+01 3.308336306810962668e+01 3.261751354145937398e+01 2.012869923480912604e+01 1.878097501882282216e+01 2.256808947969706125e+01 4.195096129409768793e+01 4.837476184174669669e+01 6.676670481413501079e+01 6.746458663621817209e+01 4.956549935134175655e+01 2.979591690002674653e+01 4.561164586612988359e+01 2.911045984442949575e+01 4.305232736051429754e+01 6.045342353535355784e+01 6.826566033930279787e+01 6.826566179298058046e+01 8.810000336560483447e+01 8.565375965386925827e+01 9.032579924108706848e+01 8.621622452864220065e+01 9.446022452801773284e+01 1.043891208467856586e+02 1.072218340756137565e+02
