MOVIE_S11_data/elevation_000757.asc
nrows	100
cellsize	150.0
xllcorner	0
ncols	100
yllcorner	0
NODATA_value	-9999
[rows 68 to 84 of 100, columns 0 to 36 of 100]
5.009162696260269221e-02 1.967743722159482544e+01 2.544810188355865677e+01 9.762640314149754417e+00 1.250985158175440404e+01 1.545869065773664985e+01 1.850866187181868483e+01 2.188927788799549745e+01 2.896022119706040598e+01 3.651876605858435454e+01 5.651096265643483463e+01 6.620328452165733779e+01 6.253404193636361441e+01 8.252954176870530034e+01 8.964467642737592712e+01 8.147032309187355281e+01 8.404152293934103568e+01 9.220972406153801160e+01 9.206597697072164976e+01 8.373722216337550606e+01 7.915937715044987044e+01 5.895150490452449077e+01 4.466956576551246627e+01 4.006700085422350810e+01 6.023788545463827404e+01 7.720584805323746025e+01 6.745644359831312897e+01 4.728468483513621123e+01 6.745714915474709983e+01 7.570707438724875260e+01 5.621159147729387229e+01 6.508295401064108887e+01 5.122879278745882914e+01 7.149016131726591539e+01 8.776586210206897931e+01 9.956932762017400762e+01 1.096241967359455742e+02
4.695337527364121244e-02 8.991367279668686763e+00 2.899265171927249085e+01 2.976069918203793208e+01 2.145402121488751135e+01 3.545605303101739736e+01 2.745270264679249195e+01 4.188553419436033209e+01 3.821667673286735578e+01 5.651096265643483463e+01 5.065536328637564623e+01 7.064763007145519680e+01 8.252954176870530034e+01 7.879282691422011453e+01 8.098327832021496420e+01 7.274868066927233201e+01 7.748673832091110114e+01 8.589997674994836530e+01 9.248086770878006746e+01 9.190952358518480025e+01 7.174977196796892542e+01 5.744087439393974392e+01 6.487025365200523197e+01 4.716127458372714898e+01 4.863438814692328549e+01 6.886372930899550227e+01 7.576487456638210460e+01 5.738346761878349156e+01 7.576795890073782402e+01 8.469569009851821306e+01 6.791864326659423057e+01 7.984017227224099145e+01 6.137711528909276382e+01 5.918938102720073857e+01 7.942865943650127747e+01 9.726831403597704195e+01 1.073258475712893301e+02
7.614146464036156137e-02 2.007614146464000626e+01 2.532765213996678355e+01 4.534623636147021841e+01 3.299980194347917006e+01 4.973253936788312046e+01 3.899767189247513954e+01 5.572992960445949251e+01 5.821007783700679283e+01 6.649339361826964989e+01 7.064763007145519680e+01 7.893235946093668076e+01 7.292958288543334788e+01 5.879161333879154938e+01 6.535931661048141450e+01 5.276493574899960493e+01 5.752513763834511451e+01 7.620199527457415911e+01 7.274361085500090951e+01 9.248086770878006746e+01 8.598701301795013308e+01 7.765442650961496440e+01 6.147115989785621082e+01 5.884397767888128072e+01 5.875359026083384606e+01 6.294711925174928524e+01 8.314768955247126314e+01 7.166684374789046785e+01 8.582277105938965178e+01 9.627014029070116408e+01 8.801810941675070410e+01 8.993795343795795816e+01 7.570139967093314226e+01 7.942865943650127747e+01 6.876095823425268350e+01 7.887884691196769893e+01 9.900550783623157258e+01
2.352828262072655108e-02 1.416566390635180106e+01 3.416566390635250627e+01 5.363534731730542404e+01 5.299351214053775294e+01 6.127642059072127978e+01 5.899015893851247228e+01 6.727347987467506130e+01 6.248864103944919179e+01 6.255332254806022263e+01 6.255332254806021552e+01 7.083857796323606237e+01 6.292995312438863209e+01 4.464635883187777665e+01 4.535546824660288223e+01 4.121322327081214354e+01 6.125423231656700551e+01 5.649205860332770612e+01 7.636546497077696927e+01 8.222898859023827356e+01 9.051339067346731326e+01 9.000538401025139024e+01 7.577887467572800517e+01 7.316078023360765314e+01 7.045138879728398251e+01 8.314768955247186000e+01 9.147377270859770704e+01 9.168782443543533134e+01 9.663071892362161464e+01 8.832165906944739220e+01 9.091923738117434084e+01 9.923141198218223735e+01 9.585143147574852662e+01 9.726831403597704195e+01 8.894217737409957181e+01 9.726831403597704195e+01 1.073258475712893301e+02
6.786455232800275850e-02 2.006786455232764865e+01 3.648181348826844328e+01 4.802881887206075362e+01 6.041360580811758041e+01 5.466022254489038090e+01 5.953970254582269916e+01 5.663365511608612479e+01 4.250140299794551879e+01 4.251921290907630890e+01 4.251921290907630890e+01 6.255332254806021552e+01 5.464809599747597701e+01 3.464857723049480853e+01 3.121690336191283066e+01 3.787941673156773703e+01 4.494936699361736032e+01 6.491545249337374912e+01 7.153630068438889111e+01 6.222489095679222260e+01 7.377568242189032333e+01 9.377641956216923802e+01 9.592108986552717909e+01 9.331366822140428496e+01 9.061579193917749819e+01 9.893199391401195442e+01 9.725239027369757139e+01 9.167169874999230217e+01 8.358913941040832185e+01 6.832958122615852403e+01 7.092224369871753709e+01 9.091923738117434084e+01 9.448899571014456455e+01 1.028120922099731445e+02 1.045193427330978153e+02 1.128579262891384900e+02 1.174620821036704683e+02
3.257643153035955086e-02 8.197542240807548453e+00 1.974454762459986057e+01 3.974454762459915003e+01 4.068907285798179174e+01 3.490203317571968000e+01 4.032114096330656849e+01 4.052247069366861609e+01 2.835631870239108565e+01 2.835764586293885969e+01 4.838706776729996051e+01 5.162883028136872099e+01 4.334399759067018465e+01 2.709492154952167553e+01 4.708928501750463624e+01 3.665635283300208869e+01 4.101903653845877784e+01 4.618290059449080331e+01 5.152954475923062461e+01 7.153637785057662768e+01 9.051339067346731326e+01 1.020607012597699139e+02 9.887921050221400776e+01 9.055473086689724482e+01 9.887921050221400776e+01 9.039597253404316746e+01 7.585778686876402332e+01 8.323080130507385377e+01 6.382540248972247809e+01 5.678660436304654269e+01 7.379288868714030514e+01 7.815522200781359174e+01 7.448429013774385510e+01 9.036107706172462883e+01 8.449653140096054926e+01 1.045193427330978153e+02 1.059232882530019708e+02
1.880098487986705744e-02 2.001880098487951187e+01 3.648181348826844328e+01 3.841142744881996407e+01 4.068907096512369037e+01 2.080894684557361529e+01 2.926618170171883193e+01 2.077686834303668206e+01 1.835162131357510518e+01 3.837235681511941010e+01 4.814797722662401469e+01 3.986353224680431850e+01 2.335024638372832229e+01 4.334399759067018465e+01 5.537454476007500404e+01 4.559956783722729767e+01 6.102366936933790953e+01 5.516427606860653299e+01 7.153623577812636825e+01 6.786577678411946124e+01 8.786882200408844312e+01 9.557709004727405500e+01 8.885912519661887643e+01 7.053812943159778115e+01 8.885912519661887643e+01 7.989901575073633921e+01 6.141990723550892994e+01 7.335617054150472427e+01 6.505117118130442577e+01 4.970845766082623385e+01 5.379670569195443619e+01 5.816449935920024927e+01 6.371188966872576742e+01 7.037338881905007781e+01 8.449653140096054926e+01 1.045193427330978153e+02 9.764347050406539097e+01
2.900726248362994752e-02 2.002900726248327601e+01 2.284795371605100200e+01 1.841142744881925708e+01 2.570520814232389384e+01 2.715721075773468129e+01 9.260674504906802440e+00 1.078593352863104293e+01 3.079292143500411072e+01 3.479216363631064723e+01 3.650734900732759769e+01 1.986676273866810760e+01 3.986353224680431850e+01 3.599326004015964742e+01 5.013395381469486267e+01 6.560500003187884488e+01 6.193421330086795962e+01 7.516943960604275787e+01 7.516942432259084228e+01 8.786878757249667160e+01 8.972597724444275968e+01 7.554394795586310352e+01 8.054643014924738509e+01 6.053998902528647363e+01 8.054643014924738509e+01 7.149966711201139447e+01 5.138738819565740101e+01 6.069963485607168963e+01 4.504844683486091839e+01 6.506420869749869951e+01 7.379288868714030514e+01 6.970537152021127270e+01 8.369851431416653043e+01 8.369851431416653043e+01 9.867722884504951253e+01 1.061045384274796248e+02 9.057834680693392215e+01
5.081304048347550645e-02 1.447673632022633328e+00 2.847953716050645845e+00 4.269291825088054715e+00 5.705208142323536791e+00 7.152359320958466604e+00 2.715741588511989946e+01 3.079271474789124596e+01 1.308914322038572742e+01 1.478739121077870777e+01 1.650505875080273555e+01 3.650734900732759769e+01 4.814797722662401469e+01 5.599284706767921449e+01 6.427828323695102597e+01 7.842260380815446297e+01 8.193810340013534699e+01 9.022178778093680762e+01 9.517035645837337654e+01 9.557709004727405500e+01 7.554394795586310352e+01 6.140019540416417954e+01 6.985797611513696381e+01 5.386927829480601559e+01 7.387761644126049987e+01 7.453354062407916558e+01 5.481467842217899289e+01 4.067016751279228970e+01 6.069963485607168963e+01 7.336191779388735767e+01 8.446021355029840549e+01 8.969793243205840838e+01 9.801396153838152259e+01 1.037261513393776937e+02 9.456577310316144747e+01 8.628657253656122350e+01 7.784045112118006671e+01
4.469920835086939326e-02 2.004469920835051511e+01 1.284795371605055969e+01 2.426929182508840910e+01 2.570520814232389384e+01 1.371779454809840360e+01 3.269593761464525272e+01 2.204021991796891911e+01 3.309538098509992921e+01 3.479020793988793514e+01 3.649496538849796679e+01 2.013160386657478540e+01 4.012831359083862992e+01 5.233532527991746974e+01 6.621328591744732250e+01 6.840179544876565387e+01 7.668940708615619428e+01 7.753751091371543680e+01 8.582531976498079018e+01 9.218605208288516906e+01 7.216122355142357492e+01 5.801798740645431707e+01 4.984474682697794634e+01 4.782977874463477974e+01 6.784487550395638777e+01 6.811488232128895959e+01 5.797301132845888816e+01 3.793841275797571200e+01 4.612688368041813192e+01 5.614041319291678178e+01 7.028611295350920329e+01 9.030957368506685157e+01 9.623725306810051450e+01 1.045693041854075176e+02 8.628657253656122350e+01 6.630564598539017140e+01 6.371325768862001127e+01
2.324776005098762310e-02 2.002324776005063356e+01 3.284795371604985093e+01 3.284795371604887748e+01 4.118427506127596160e+01 2.258565735797226637e+01 4.118427506128416127e+01 2.870738652758056375e+01 4.870508302900979913e+01 5.167348436841004400e+01 3.167614071914617924e+01 4.012831359083862992e+01 2.405538735047430521e+01 4.404947722205943705e+01 4.620821333951457888e+01 4.839652856725070507e+01 6.339062553066272443e+01 5.753079373966460963e+01 7.753751091371543680e+01 9.438148518354370253e+01 7.435062953835564770e+01 7.384794988784730663e+01 5.383537857643193547e+01 4.226852161724732326e+01 5.720728949908399841e+01 4.809294865833084032e+01 5.542861476259236753e+01 3.539106225183267185e+01 5.542861476376162244e+01 7.444763594684204122e+01 7.863517331948530398e+01 8.694768597942118049e+01 7.620242704038047066e+01 9.298857508515175141e+01 8.628657253656122350e+01 6.630564598539017140e+01 5.219096401690357112e+01
8.699724428260374731e-02 1.422913286801367860e+01 3.422913286801438204e+01 5.284795371600343827e+01 5.135619685390667399e+01 4.280621787132384526e+01 5.135619685143451818e+01 3.626414709443639595e+01 5.626450944479781668e+01 5.167553103952277382e+01 4.581543586672572843e+01 5.233513144197947042e+01 3.819131827727444772e+01 2.822333103855070391e+01 3.206894851673115454e+01 3.761241120237106372e+01 4.338463033438946326e+01 5.493472156718296162e+01 6.908199024264659727e+01 8.908796695261993648e+01 9.438148518354370253e+01 8.215559361168359942e+01 6.876475169154704759e+01 4.874663996764467555e+01 3.717262193649037272e+01 3.392214432217103592e+01 4.953222547683922983e+01 3.290795768661330811e+01 4.707862995330501832e+01 6.710173748012152828e+01 5.862108635226321951e+01 7.311405942988271534e+01 6.465442068090226257e+01 8.467014086782901927e+01 8.251053234948656723e+01 6.253333855329353241e+01 4.842292080256324738e+01
2.249585233037712170e-02 2.002249585233002094e+01 3.089496606767399456e+01 3.721952138801121635e+01 4.550379263547659292e+01 5.444806454548309915e+01 6.454957695953767427e+01 4.781004426616569702e+01 6.454957695953767427e+01 7.168755500838820183e+01 6.582305228248672790e+01 6.647586985542621107e+01 5.293262652956111936e+01 3.293338683631994712e+01 5.206756343946201326e+01 4.275585053370613764e+01 6.276049647723235125e+01 5.971932994873122880e+01 7.972601756519226512e+01 9.081005879521978841e+01 8.248997602463856538e+01 8.248997602463856538e+01 7.706913283681397786e+01 6.550652352171618986e+01 5.720728949895305959e+01 4.953222547972721657e+01 2.950868138092078041e+01 4.953222547990970526e+01 6.124240159269856321e+01 5.977028385354886098e+01 4.706145697699902541e+01 5.310146500811212888e+01 7.311405942988271534e+01 8.638830040448166869e+01 7.811034738966915825e+01 7.666134666070290393e+01 6.339412256098131593e+01
2.739267172789772165e-03 5.347964105421300296e+00 1.089496606767363929e+01 1.721952138801050936e+01 2.616379329800982489e+01 4.030592892174127684e+01 6.030592892174198028e+01 6.781352365422011985e+01 7.609814622448405430e+01 7.640408613001203264e+01 7.973153654406047508e+01 5.972536599680761071e+01 4.557992138065048948e+01 3.896035491263184269e+01 5.896406361372369531e+01 6.276049647723235125e+01 5.690075936041799309e+01 7.690715329658652877e+01 8.801398136294663743e+01 8.248997602463856538e+01 6.246946716332513461e+01 6.246946716332513461e+01 7.663976297927247572e+01 6.878413657695851668e+01 6.181716607794923846e+01 4.179145326389787130e+01 2.764530233529230330e+01 4.765684874894026990e+01 5.309489608648427605e+01 3.974412027329140784e+01 5.977028396477784611e+01 7.311405942988271534e+01 8.142120498813838481e+01 7.811034738966915825e+01 5.813674091647156672e+01 6.398687480771953062e+01 6.011229416398325043e+01
8.327778614586213435e-02 2.008327778614550851e+01 3.089496606767399456e+01 3.721952138801121635e+01 4.550379263547679898e+01 5.444806454548270835e+01 6.461402263800717094e+01 7.289693807596486863e+01 7.054628216840099242e+01 5.640407836993660595e+01 7.054628216840099242e+01 7.387268017398494635e+01 6.558506818716024611e+01 4.790468511914031779e+01 5.310429020990370219e+01 7.311080803765892711e+01 7.690715329658652877e+01 8.519502656963149434e+01 9.062974680271175032e+01 8.061240037018347948e+01 6.833333844599846429e+01 4.831498085927925956e+01 5.889659418080760389e+01 4.876278999618499199e+01 6.292753444256732109e+01 4.581463657875902129e+01 2.581512954487270761e+01 4.581463657875901418e+01 3.307061888091070756e+01 4.202593103880768410e+01 5.358992237092076749e+01 7.360638974936991019e+01 7.846740593647346884e+01 7.019109011241806684e+01 6.398687480771953062e+01 4.400974610449709701e+01 5.330865035358435478e+01
6.510866554257997707e-02 1.006510866554266670e+01 2.420724428927386995e+01 4.420724428927457694e+01 5.656809265217292904e+01 4.828416450745609723e+01 4.461410533733113226e+01 5.459326729574551962e+01 5.851553691352874154e+01 4.226194271906145872e+01 6.160198869107444608e+01 7.314902624772895479e+01 7.619891777960373247e+01 5.945557198800754151e+01 7.311080803765892711e+01 8.139870137854566678e+01 8.315483903240446750e+01 9.141426652297911915e+01 8.231076473024458551e+01 6.229641243496936909e+01 5.228990320883549714e+01 4.520702386165339703e+01 3.886998445518896972e+01 3.460237893217792049e+01 4.907310191639279395e+01 4.399649957485906526e+01 2.400685498819035502e+01 2.753426871337444481e+01 4.754116084996304892e+01 6.139407894998223014e+01 7.035136888005304456e+01 8.191505644154521804e+01 7.019109011241806684e+01 5.021702937090301333e+01 5.606729631426079408e+01 4.974211831890837487e+01 3.329153895451732836e+01
8.953482861371392376e-02 2.008953482861335971e+01 3.834937991300557059e+01 4.118796721629168189e+01 4.366866190807605363e+01 2.828417481626607000e+01 3.673717902048061745e+01 3.459321190208661534e+01 3.851553452645808306e+01 3.331767080905792255e+01 4.486467619317159716e+01 6.486467920063050485e+01 7.554049293201173043e+01 7.946201268500301751e+01 8.775011769320018118e+01 7.988329039981582014e+01 6.316925878501285041e+01 7.988329039981582014e+01 9.062974680271175032e+01 8.061240037018347948e+01 7.230358858260701993e+01 6.522768226044314588e+01 5.889659418080760389e+01 4.907310191639280106e+01 2.906103828135214684e+01 4.219409402090077066e+01 2.221051357182789232e+01 4.219409401273938443e+01 5.304973693009068114e+01 5.971637438125738839e+01 6.793015059317083626e+01 7.788411409215535741e+01 6.759914566675398362e+01 4.762539668300556883e+01 3.606531501193035893e+01 2.970481640554574199e+01 4.974211831890837487e+01
