MOVIE_S11_data/elevation_000713.asc
nrows	100
cellsize	150.0
xllcorner	0
ncols	100
yllcorner	0
NODATA_value	-9999
[rows 34 to 50 of 100, columns 37 to 73 of 100]
4.064726863479160812e+01 5.757078032235241949e+01 6.597456939289314448e+01 6.943894526717734550e+01 4.903112914986233051e+01 3.742082047275746248e+01 5.168003880532499039e+01 7.208490975849869642e+01 7.785864698752524760e+01 8.614203059158015208e+01 7.886557400376754856e+01 7.055882277956163762e+01 6.671819054513954939e+01 5.839750062014750398e+01 4.037915727837832947e+01 6.052721665341831425e+01 6.581916270470254915e+01 5.092629958015789526e+01 7.100292513216174939e+01 6.293209959823701638e+01 7.017194740355270710e+01 8.196524384727230483e+01 9.623434246194477737e+01 1.161878807861804859e+02 1.127147680077673755e+02 1.096471367349165575e+02 1.013795055440508008e+02 8.524807612660494271e+01 6.485663395099057027e+01 6.001445809861250069e+01 6.197203253043225857e+01 8.237603749360421546e+01 9.255625551626147285e+01 8.541985348945885903e+01 6.503120903117360285e+01 6.836575108714880855e+01 7.366628342270615803e+01
6.084877906068062714e+01 5.135743307747075903e+01 7.174792179814421900e+01 7.783211730427608188e+01 6.025883120798678050e+01 3.993387428091074298e+01 6.025883120798678050e+01 7.736881779868618025e+01 8.648036745400516168e+01 9.819053341714344185e+01 9.563755374757653271e+01 7.558648984829413564e+01 7.380347427982611919e+01 6.256451340036176845e+01 4.239626807363409711e+01 4.357413593884169956e+01 4.585875381881955093e+01 6.581916270476450848e+01 7.854105269143929036e+01 8.329106443332470633e+01 7.316772567706574648e+01 8.229880341711489677e+01 9.396488438566080958e+01 1.139394101148478029e+02 1.154593528051478160e+02 9.554744185566467252e+01 8.131887533065625462e+01 7.407534966089501438e+01 8.524807612872420748e+01 6.871810319186405991e+01 5.425540708786498101e+01 6.389720449053106677e+01 7.822673000339622718e+01 7.771367023141060315e+01 5.728757943096960048e+01 5.919504759813601424e+01 7.958907944386038480e+01
7.174792568675603377e+01 6.577814803175495229e+01 8.013461438781394008e+01 8.190224923320458572e+01 6.323285473074897567e+01 4.284397668522767333e+01 4.853928981167051404e+01 5.766711752947520608e+01 6.950660200414745304e+01 8.987629950651195543e+01 8.453086700135222031e+01 7.558648441419698827e+01 5.540289204047171268e+01 4.529934288930273567e+01 6.256451340008825923e+01 6.352954132488431327e+01 6.581916270476450848e+01 5.014596136161561901e+01 7.019402843903975509e+01 8.336909876740732273e+01 9.341440318958093769e+01 1.016740658589402244e+02 1.106346460782025929e+02 1.221350804728152326e+02 1.213039811165343309e+02 1.013795055463856727e+02 1.013795055463856727e+02 9.428700171544788589e+01 9.732388598113543310e+01 8.302099458649969677e+01 6.985368794419892424e+01 4.950181169835478556e+01 6.535871043956889537e+01 6.514017968746223630e+01 5.053147393100269369e+01 6.227340643104297868e+01 8.242714227512830405e+01
9.207276409332786216e+01 8.616024386581143801e+01 8.263880729582351137e+01 6.216426928187315326e+01 5.300735948204141579e+01 4.616192073904625914e+01 6.659054119741155375e+01 6.299330921285869778e+01 8.340207518258866060e+01 9.044295655258106592e+01 7.036457871868442737e+01 5.605513430750397674e+01 4.839790261092566226e+01 6.549476825650145884e+01 5.959142503418841130e+01 7.974669952720405774e+01 6.647886982230420472e+01 7.019402843903975509e+01 5.480599298445618928e+01 7.502801669437931764e+01 8.879002876787693310e+01 1.004397910768024786e+02 1.088787673257102568e+02 1.170890192054891514e+02 1.134171284467635274e+02 1.019141747092973844e+02 9.364586429468525353e+01 9.622753320620917350e+01 9.750489335996887519e+01 7.733258019236609471e+01 6.288011134513625677e+01 5.268489414185467723e+01 4.506222586916990025e+01 4.484082713367110529e+01 6.514017968746223630e+01 7.911317893602256390e+01 9.044937438321551326e+01
1.048036664727633251e+02 9.926217109475580003e+01 7.890279153673681378e+01 8.170356547577172535e+01 6.989883082486726096e+01 4.958863424594480307e+01 7.005195964370072659e+01 8.340207518248436713e+01 9.174432636289149912e+01 9.262905451594545525e+01 7.256325697598681757e+01 7.093416066535021969e+01 5.070920090720671425e+01 7.093416066535932885e+01 7.974669952722749144e+01 8.802578019760977668e+01 8.082640633371423178e+01 8.336909876740732273e+01 6.644210212243567071e+01 6.010516342554046076e+01 7.190381781397842076e+01 9.217403845740375345e+01 8.885127387976366720e+01 1.088787673257102426e+02 1.051274485681424835e+02 8.524076125513079205e+01 7.381579827711298947e+01 7.638532091505624066e+01 9.044306056604794719e+01 9.156471700902423549e+01 8.142317741872568604e+01 7.305984170688695656e+01 6.130260268098206211e+01 4.104061420546274519e+01 5.813783647614953765e+01 6.651705546931478352e+01 7.823704871556924445e+01
1.056644951740041165e+02 1.075974408513013287e+02 9.300674936867319786e+01 7.279042210796110624e+01 6.253498642060658597e+01 5.403164150127892640e+01 6.140752885204023670e+01 7.326013811002916043e+01 9.360874587990147688e+01 1.008789262184310473e+02 8.643956194256999481e+01 7.201189880674643007e+01 5.307673628982145431e+01 7.330125600171483313e+01 8.706867554967223555e+01 1.011825202664849002e+02 1.009951220785346919e+02 9.504699902799836764e+01 8.675659411440260271e+01 7.032392271555212915e+01 6.672050675868653968e+01 7.449742644985819595e+01 8.885127387976366720e+01 1.088787673257102426e+02 1.076454462122312634e+02 9.615567084614102100e+01 8.219697034139183245e+01 6.247114870368804418e+01 7.378585173366903405e+01 7.981426821653427339e+01 8.805272810824567387e+01 8.160847467923146326e+01 6.130260268098206922e+01 5.813783647614953765e+01 3.789752768034058761e+01 4.954863666739726824e+01 6.987938891104998618e+01
1.139146630385314864e+02 1.128860032095105623e+02 9.300674936867319786e+01 8.116694861401664696e+01 6.068702170782852789e+01 7.452238291926444447e+01 8.186047170616819812e+01 9.021947960009913459e+01 1.019196947794948187e+02 9.604126809560814593e+01 7.283875674013364687e+01 5.751564064784376740e+01 6.937639517823161839e+01 5.861569552747238987e+01 7.291921057966580122e+01 8.933658458218322096e+01 9.601141444834614447e+01 1.035723051821248504e+02 9.888947753674167984e+01 8.473520903051176845e+01 8.707483828517690938e+01 7.590954635795823435e+01 8.763826970445224163e+01 1.076772733511905500e+02 9.936912271785843132e+01 7.950135929824723746e+01 6.810799450482365103e+01 5.935882723153255114e+01 5.412850769210930224e+01 6.010624166662073264e+01 7.664379749808840359e+01 7.852307807402473827e+01 7.031227213087962014e+01 5.599207812273287743e+01 3.576522037434151713e+01 5.575970596460690842e+01 6.479957490393456965e+01
1.026833606915679127e+02 1.109795928426457436e+02 9.553893503076768923e+01 7.521387692195645513e+01 6.755390506731509959e+01 7.521387692195645513e+01 8.700922662356892090e+01 1.071907334018687692e+02 1.088835732219471737e+02 9.733640745668255079e+01 8.089606243023162335e+01 6.082141153809747891e+01 7.974043202304379463e+01 7.879264713236869966e+01 6.475018300758787859e+01 6.928346189985167314e+01 7.599406578453532290e+01 8.356808210332016529e+01 1.035723051821248504e+02 1.048207217731641094e+02 1.043560738496382356e+02 8.608034977735565008e+01 1.043560738496382356e+02 1.158896526337906039e+02 1.036749924177204321e+02 8.380930152504259922e+01 6.983020446042257845e+01 7.904789706851755682e+01 6.843584373335401949e+01 4.875219491862638677e+01 6.359009654919517374e+01 6.122767096751073979e+01 5.058950963652755917e+01 5.388333271882212472e+01 3.367061709810418790e+01 5.163369975830072889e+01 4.428876574237791175e+01
8.280934121457822528e+01 1.026833606915679127e+02 1.038358446171372549e+02 9.553893503076768923e+01 7.940539138751104531e+01 8.052747479096366590e+01 1.007862359623598678e+02 1.154444938408847463e+02 1.006255666837637790e+02 8.059890912171445621e+01 6.905795707219436963e+01 8.089606243023162335e+01 6.692337158672425801e+01 8.692726758204246096e+01 8.485438043930919605e+01 8.933896686670986753e+01 7.933353501581213152e+01 9.934439871760758933e+01 9.772932740649986272e+01 1.176785013726833569e+02 1.143513992443100449e+02 1.061351486255530432e+02 1.143513992443100449e+02 1.198986071805735349e+02 1.000238675081139519e+02 8.598152878141348765e+01 8.963221032227332330e+01 8.062650933725936397e+01 7.238242930637416350e+01 6.359009654919517374e+01 4.383461792319031503e+01 4.143162674507628651e+01 3.909257617841798549e+01 3.682903714520821126e+01 4.820864985716278994e+01 3.152621786291201289e+01 3.002497584066050962e+01
8.280934121457822528e+01 1.026833606915679127e+02 1.096932410565439824e+02 1.079563967444986901e+02 9.967768396280817456e+01 9.490247881430589416e+01 1.090611411110369176e+02 1.158739529019723875e+02 9.586973955708637618e+01 8.170264230543666883e+01 8.319826434265817738e+01 9.139584355386894288e+01 7.141035295273971428e+01 8.292654770456688595e+01 1.029660711236244595e+02 1.075820589302983024e+02 8.935129949989860165e+01 1.075820589302983024e+02 1.176785013726833569e+02 1.258747719675101990e+02 1.309976233273782213e+02 1.228039658344407599e+02 1.172812054079463309e+02 1.056892222333089109e+02 9.714786655757806955e+01 8.972408900556254707e+01 8.394437774861248158e+01 7.238242930667340147e+01 5.271448309553031208e+01 4.875219572000523982e+01 6.359009560385090509e+01 5.545269757836108937e+01 5.892532989560239542e+01 5.669297676308269729e+01 5.439681896309242148e+01 3.500044843215444956e+01 5.012743187509372689e+01
9.689446702861199867e+01 9.347122520443983262e+01 8.982561066898156810e+01 1.004874483334579338e+02 1.087384461972341825e+02 1.149908822669440696e+02 1.127696568362176492e+02 1.211149486712663190e+02 1.099841673074381418e+02 1.017287878739285958e+02 1.032186694970590253e+02 9.069213639739696475e+01 7.655078131584120626e+01 9.656465531706051308e+01 1.112111024626892544e+02 1.175527923457360799e+02 1.093374979353165202e+02 1.175527923457360799e+02 1.232925541994528942e+02 1.244008436580833319e+02 1.162337717122470337e+02 1.030021115407814989e+02 1.086852324520502151e+02 8.869278482144285647e+01 7.723671834417497450e+01 6.977304855673276052e+01 6.412119665343391262e+01 5.890709983858427279e+01 7.238241468707155946e+01 5.619824073760212002e+01 7.588327161084254158e+01 7.516968523310846706e+01 7.457180005049775673e+01 5.994807126128335995e+01 4.019480871590422311e+01 5.466878977552514129e+01 6.300407247337529526e+01
8.336979477818509565e+01 7.361875359907270422e+01 7.579006462594807658e+01 8.064303516654895532e+01 1.004874483334579338e+02 1.094244430432200090e+02 9.247917502985735894e+01 1.094244430432200090e+02 1.089973040750488309e+02 1.173504208161554629e+02 1.189183948409455382e+02 1.047977584527224337e+02 8.546930464226197444e+01 8.919231471885886720e+01 1.033999363242921561e+02 1.233756191831166120e+02 1.174662320219615452e+02 1.092556894177064208e+02 1.034414296519097860e+02 1.129849977818946769e+02 9.643784599239432964e+01 9.155069894677633613e+01 1.094571189129701310e+02 1.055639071733615282e+02 9.013998261909347320e+01 8.972408900556254707e+01 7.497561766595264032e+01 7.280176804633784116e+01 8.412814547880547877e+01 6.751742789991398297e+01 8.412820139266153774e+01 7.457180010706943563e+01 5.413167651671548697e+01 4.673494913713963683e+01 5.994807126083225057e+01 4.984122981558637377e+01 7.005491270698037454e+01
6.350931446287616211e+01 5.953537086140039492e+01 6.659448102673906078e+01 8.064303516654895532e+01 1.004874483334579338e+02 1.010549417033308259e+02 8.075744371937119581e+01 1.010549417033308259e+02 8.870889373332754246e+01 9.885309890418821510e+01 1.072241118042527432e+02 1.137865657817099674e+02 9.707234769168051969e+01 1.092506783748099792e+02 1.174853775864866066e+02 1.232925541994528942e+02 1.034414296519097860e+02 8.938697702709411885e+01 8.938697702709411885e+01 1.048045886692027722e+02 8.497993541059069855e+01 8.162283541589302160e+01 1.003764834153366792e+02 1.084202317095518708e+02 1.114435944280583612e+02 1.032483934349504864e+02 9.489907065454629276e+01 9.270619537113077513e+01 9.558836406930365115e+01 8.731132178391030152e+01 8.895282282431290355e+01 6.861498545684224837e+01 7.365661862289893236e+01 5.322524134421835385e+01 7.365661862288494888e+01 6.409208456028785861e+01 6.409208456028785861e+01
5.196611044335672602e+01 6.609088777649670021e+01 8.596840426268607871e+01 9.469074068189158311e+01 1.032185210605469763e+02 9.387869247054240418e+01 7.362566366639157422e+01 9.353246933840374311e+01 7.701543164407897279e+01 7.858205850584803898e+01 9.291571108924678413e+01 1.131872210920885635e+02 1.171107570782795619e+02 1.253274289390749772e+02 1.286584077010070644e+02 1.204573751208260433e+02 1.174662320219615452e+02 9.778448297053512306e+01 7.790378950476606690e+01 8.930732679345013025e+01 9.335881977375605345e+01 7.349340322301689810e+01 8.074414941580877780e+01 9.465960990807886333e+01 1.137535859058941696e+02 1.083261072161123195e+02 9.625114437961011049e+01 8.751201412426446780e+01 9.047717125665249682e+01 9.886337046136146967e+01 9.723638794016369502e+01 8.895282282431290355e+01 8.201627214456411252e+01 6.343167070612066993e+01 8.201627214456411252e+01 8.445045328882545732e+01 8.445045328882545732e+01
6.589870098818602173e+01 8.014921006091894640e+01 9.135578377683889073e+01 8.297785769724617921e+01 8.297785769723068938e+01 8.747412241677079692e+01 6.727522178341517645e+01 7.330283223818993577e+01 6.695327791048801203e+01 8.714960827345272776e+01 1.072241118042527432e+02 1.116484142317468695e+02 1.200008259050837722e+02 1.349555075814086251e+02 1.204573751208260433e+02 1.005974618311978901e+02 1.064142957599531059e+02 1.009030544131597082e+02 8.930732679345013025e+01 6.938382298450190433e+01 8.432645084088586884e+01 6.813407026497985441e+01 8.804870809431193379e+01 1.023685206843139355e+02 1.103288978152394577e+02 9.931102069741250205e+01 7.891672180037294027e+01 6.907482508706246449e+01 7.060923331374488043e+01 8.713767745017273114e+01 8.993994373227674544e+01 9.823666821110333558e+01 9.218052818021187989e+01 8.388156653967712373e+01 9.218052818021187989e+01 9.435739402304608348e+01 8.597826953685002138e+01
7.414055303333309155e+01 7.703006281136454447e+01 7.880361686173814917e+01 6.281113429625274591e+01 8.232917305104626848e+01 8.231182220666130434e+01 7.394084314525746038e+01 5.909491936670760737e+01 7.922795576393554029e+01 9.553104250980408096e+01 9.730281993840704047e+01 9.136068022180378989e+01 1.116484142317468695e+02 1.267608464153686043e+02 1.069107395774127127e+02 9.543048925032262275e+01 8.654323249263215700e+01 8.103117498944369856e+01 7.605181126566938588e+01 8.432645084096421328e+01 6.433979014914856975e+01 6.372302597653202838e+01 8.371007296930159214e+01 8.256304402801137599e+01 9.477291696690240030e+01 1.031288996177593447e+02 9.351449529665308091e+01 7.725094789824649411e+01 5.904344136709292457e+01 7.884619902214370768e+01 7.005695473904034998e+01 8.673234839663751927e+01 9.823666827238821497e+01 9.512078661267278790e+01 8.673700620099101855e+01 8.429438395116400784e+01 6.589490337914044460e+01
6.104507769984333265e+01 5.689140168089063110e+01 5.865991506509656261e+01 5.384653341931804249e+01 6.823078326110368153e+01 7.056663032663018953e+01 5.383665248972766904e+01 5.704341547287921799e+01 7.716246993330396720e+01 8.774370616304426562e+01 7.702487742032859330e+01 8.872338728108802286e+01 1.030952881102326586e+02 1.233322017955072596e+02 1.235062789873216076e+02 1.146279347511253377e+02 1.064142957599531059e+02 1.009030544131597082e+02 9.593508455723069517e+01 8.488853470830181891e+01 6.490879667472715653e+01 5.948205903188775778e+01 6.623565136555207289e+01 8.062309029767475010e+01 7.477433452416553905e+01 9.477696974895923177e+01 8.732620473498475633e+01 6.640386699063367359e+01 5.344536719229655120e+01 6.848122661489840368e+01 5.850195854497684422e+01 7.005695473904034998e+01 8.993994373242964002e+01 8.673700620099101855e+01 6.661472823436402280e+01 7.250840699786832033e+01 5.577092060606247514e+01
