MOVIE_S11_data/elevation_000767.asc
nrows	100
cellsize	150.0
xllcorner	0
ncols	100
yllcorner	0
NODATA_value	-9999
[rows 34 to 50 of 100, columns 37 to 73 of 100]
6.743616507554826001e+01 6.491727248942667927e+01 4.574398158676399362e+01 3.906156561645093461e+01 3.687962386696884920e+01 5.158694598387932473e+01 3.162108984294872371e+01 4.939425989335954625e+01 3.122383983825736919e+01 5.118707982627569208e+01 4.250667347089057557e+01 5.565573039175681203e+01 5.700808199610851545e+01 4.839015207778392380e+01 4.570670006368958838e+01 6.564115771194529714e+01 7.252544390519337014e+01 5.260526790068481517e+01 7.252544390519337014e+01 6.568592621763150419e+01 7.716320907647080674e+01 9.117747909996914757e+01 1.110306523158403138e+02 1.173680458017974217e+02 1.091970722122702000e+02 1.123516553704782410e+02 1.042452372521190256e+02 9.728053478980265822e+01 8.217385098569889124e+01 8.000710317631656210e+01 7.294340916048797396e+01 7.379235593578427199e+01 9.183509451003722290e+01 9.992273723984087042e+01 1.018207470185317760e+02 8.272063708600887821e+01 1.018207470185317760e+02
4.744322260700788263e+01 4.491317405474746494e+01 4.244577473596925898e+01 5.842553107326269668e+01 5.011044218692916274e+01 3.383353861897946757e+01 4.391191553236185996e+01 5.843548087778344780e+01 5.008775616898072514e+01 3.302827101740788152e+01 3.434274079269786029e+01 3.568313276381565657e+01 3.703728574896745585e+01 3.840152779147445017e+01 5.837009336743993515e+01 6.260582241372428314e+01 6.483652041684962342e+01 4.935964371877416568e+01 6.929396464456706894e+01 8.554398546147463378e+01 7.562998064895666062e+01 8.449760686004894694e+01 9.592843426805566764e+01 1.157952219188676963e+02 1.180819467101017608e+02 9.851388453600657158e+01 8.454608389191682249e+01 7.748660560731447333e+01 7.143093192340802489e+01 6.584676818461848313e+01 6.134844109458737194e+01 6.375332223341961679e+01 8.063682837239393564e+01 8.055257907156968145e+01 9.361143248269334549e+01 7.377971207682419674e+01 9.365303667976134250e+01
5.564618672023494383e+01 6.491727466222967280e+01 5.661758447121129478e+01 6.832704785493804422e+01 5.612458348182070722e+01 3.615465357932423984e+01 5.591192770053381622e+01 6.996389092334686666e+01 5.880237302238938923e+01 3.879673919957001260e+01 5.431549266464617887e+01 4.981824696873118086e+01 5.700808199610907678e+01 5.837010021127782977e+01 4.043802165123272374e+01 4.264732463293248799e+01 4.488455357563629633e+01 4.817506018761305597e+01 6.811455281163686948e+01 8.117969362734318395e+01 9.545799027399257852e+01 1.037053602687281142e+02 1.125884717037246787e+02 1.240821973534692688e+02 1.238006360669781714e+02 1.042452372521190398e+02 1.042452372521190256e+02 9.728053478980265822e+01 9.131244058751364889e+01 8.579830220889712677e+01 7.556680261156233769e+01 5.555375720980808296e+01 6.072292743076135224e+01 7.399150172985508789e+01 7.921127770807242996e+01 6.742670433241481476e+01 8.735874031007564611e+01
6.563715204143277049e+01 8.380284989680943397e+01 7.654760212777738104e+01 7.047513675183289195e+01 5.853623552798325846e+01 3.852757547814737649e+01 5.269462772893712099e+01 7.263912539370431887e+01 6.518408298801826106e+01 4.512398557395708565e+01 6.518408297504487336e+01 6.974866212056456050e+01 7.423766269785238592e+01 6.230377178298149943e+01 4.234547540218141393e+01 6.230376034150015840e+01 6.483652015891256326e+01 6.811455281151442875e+01 5.302719610223820013e+01 7.294543543871242264e+01 8.519119781321926155e+01 9.342635342694791234e+01 1.023040748339555819e+02 1.137751619983431084e+02 1.131924432806005143e+02 1.054354790173821783e+02 1.027385863785717532e+02 9.490773537678089156e+01 9.110679276153481965e+01 9.540307488101582578e+01 7.556680261156233769e+01 7.071403436856030567e+01 5.069734554540818294e+01 5.420852494123512599e+01 5.922206675928768504e+01 7.921127771613498680e+01 8.154786982244505111e+01
7.968892201468433711e+01 9.373799997668908190e+01 7.632188516022834790e+01 5.638892574722272855e+01 4.222844049205818351e+01 4.654020741199678923e+01 5.853621186100892260e+01 7.846027123946957715e+01 7.349321431929251958e+01 5.409169864976222897e+01 7.349321123229545094e+01 7.806052974554906143e+01 6.600335861856424913e+01 4.606155225441562351e+01 6.230377178298149943e+01 4.643034543262874791e+01 6.637496765244051744e+01 8.117969348728549051e+01 7.294543543871242264e+01 5.827604519761923996e+01 6.533165278687957311e+01 7.423025475537677664e+01 8.567685165060429142e+01 1.055087236707627483e+02 1.054354790173821783e+02 8.648056415377809003e+01 9.114366089213088173e+01 7.362455894474796025e+01 7.100878885783927785e+01 8.529542248214772826e+01 8.165606223462697244e+01 6.170402022992963254e+01 4.753215392982412624e+01 6.754783803458656166e+01 7.921127770807242996e+01 7.744326566457553440e+01 7.317583813429874340e+01
9.953682614041450449e+01 9.048694071857865140e+01 7.061761110370865424e+01 5.650472632031729603e+01 4.493607435043509923e+01 6.492924667540587791e+01 5.901942624260066594e+01 7.861114240612828041e+01 8.279437111580821806e+01 6.840190443915663820e+01 8.222895035632033967e+01 6.919998782662435133e+01 4.991292471665438768e+01 6.600335861856500230e+01 6.931390381053515171e+01 4.938115565662661055e+01 5.937031213542243790e+01 7.344439866792342286e+01 8.640267826693087727e+01 7.816978833351713263e+01 6.492896596999564451e+01 7.898114192892099084e+01 9.881450512486695459e+01 1.125977344459217449e+02 1.030133996547500885e+02 8.399362940206259509e+01 7.261250462649995541e+01 7.683398819478280473e+01 5.681708569999807423e+01 7.146778143600626265e+01 7.966395519737463360e+01 6.500584361128601074e+01 4.498663116265362305e+01 6.500584361128601074e+01 7.159911626749023128e+01 5.733432995650991870e+01 7.159911626749023128e+01
9.720741350636171774e+01 8.730019049080820537e+01 7.910059472921261658e+01 6.796272808353535311e+01 4.777960895392806862e+01 6.020185320916198890e+01 7.584646914005496399e+01 7.506525313500904417e+01 9.438796667856300360e+01 8.878233151237549237e+01 8.312232298337681868e+01 6.489649621294506687e+01 5.271445082245116964e+01 7.259599054053056477e+01 7.246334507559475924e+01 5.254462898934446002e+01 7.246334507559475924e+01 8.749201600023279468e+01 1.015396333325422233e+02 8.479019951527787669e+01 8.479019951527786247e+01 7.305584823002273254e+01 8.450515526498475083e+01 1.043337474033611301e+02 1.107664699791984333e+02 9.666710406025644886e+01 7.727019138929732378e+01 6.316844325258855264e+01 7.116283977578336817e+01 5.146090904616357165e+01 6.654242217958386618e+01 6.252137037877159287e+01 4.249571456145086756e+01 6.252276590853496430e+01 6.261093525613885902e+01 4.312840086265287454e+01 6.125032287908852879e+01
8.324856159214061790e+01 6.918555519826040268e+01 5.900823051081764703e+01 5.373519951263594407e+01 6.796266385222259032e+01 5.386473464069820238e+01 6.553950131813446944e+01 8.539110743301810658e+01 1.025035205739163047e+02 9.931756347260730422e+01 9.023821244985414580e+01 7.738042060105725284e+01 5.760606946581163612e+01 5.787522692335377883e+01 7.573548491363926871e+01 5.583192506736008909e+01 7.573548830405282217e+01 8.886212478620781496e+01 1.003254282361950942e+02 1.046399628661054635e+02 1.011289870205834944e+02 9.288570439461818751e+01 8.450515526498475083e+01 1.043337474033611301e+02 1.076682076072916345e+02 8.861373851275673985e+01 7.472078735014417816e+01 7.727019138930343445e+01 7.937494755260145496e+01 6.070184628415013606e+01 4.653031572032679009e+01 4.327573728300184541e+01 4.005111077728486180e+01 5.789006698907375892e+01 5.421627522508048713e+01 3.408357342395368761e+01 4.718459870018634916e+01
8.392731702645293979e+01 6.987467004786313396e+01 7.910059472921261658e+01 6.145706789674615322e+01 7.864637450490921822e+01 5.866151463716875014e+01 7.864631753878259701e+01 9.360321797325489968e+01 1.050414088060270501e+02 8.539460395905018686e+01 7.128826179771834859e+01 6.534089778719241792e+01 7.753602234798711379e+01 6.158405704128023217e+01 8.139942649767941418e+01 7.573530715183092354e+01 6.075012445070104405e+01 7.224618401704032067e+01 9.208127675058206307e+01 1.071669118075482601e+02 1.154423910699503466e+02 1.125977344459217449e+02 9.851082553809727926e+01 1.125977344459217449e+02 1.131626685961684871e+02 9.419466330461054326e+01 9.419466330115295705e+01 9.666710396005188954e+01 8.880523612659851551e+01 7.475390101687705169e+01 6.382995467307738124e+01 4.378856854904487506e+01 5.777747212334903537e+01 3.782322495336887869e+01 3.626580447220417369e+01 5.201845278363158087e+01 3.200002323234419066e+01
9.788837616484887860e+01 8.137640187994111329e+01 8.967686766259419073e+01 7.053740836813196324e+01 8.437262260818323512e+01 6.453641660844463956e+01 7.501850954157244189e+01 9.478867866499852823e+01 1.024903050392377253e+02 8.284662290313083588e+01 9.114901987008093442e+01 8.524789606136822329e+01 6.733873574740600532e+01 7.561135651506405964e+01 8.961510283769995056e+01 8.886126214546726487e+01 8.062948062147043515e+01 6.628454145303354039e+01 8.613507151915966631e+01 8.733392556263027018e+01 1.071669118075482601e+02 1.188629246095237733e+02 1.183915243431200679e+02 1.108073250209756679e+02 1.028714951381927563e+02 9.596963522517276601e+01 8.989900680661594379e+01 9.761187386550828649e+01 9.245843666769286529e+01 7.853245553563881742e+01 6.645799170396021793e+01 4.646970279160648687e+01 6.503491053414192891e+01 5.204583006292271818e+01 5.632567514780894413e+01 5.967141742414123939e+01 5.003928490189775147e+01
1.092799533506266272e+02 1.010584505414258416e+02 9.852839475693227200e+01 8.201904860565649358e+01 9.133988963564553387e+01 7.163348258982168204e+01 8.437262260818323512e+01 1.030189923970914094e+02 1.106808315822947577e+02 9.418976188366680447e+01 1.064345577944700239e+02 9.122010557580321688e+01 7.148631561707443893e+01 9.122003475766042868e+01 1.036069709551774878e+02 9.757874426056925188e+01 7.775772164725664481e+01 8.032799991300832687e+01 7.332208150660281376e+01 8.082045598004293652e+01 9.071200622402658098e+01 1.105543618389124987e+02 1.139605243923064677e+02 9.475376231938247429e+01 8.338941309728070905e+01 7.632967195380929581e+01 6.997853403552106499e+01 8.192515605029076653e+01 7.836582629494006369e+01 6.460663974384191022e+01 5.043587775953686503e+01 6.063803257943694547e+01 7.426559177390926436e+01 7.211203257794305443e+01 7.078650217578366721e+01 5.612058622498767591e+01 3.599281475323007129e+01
1.080992442298810232e+02 1.165970075366698921e+02 1.099181587987087028e+02 1.016944524136269195e+02 9.955761325323523181e+01 8.148874584511582952e+01 9.955761325323523181e+01 1.123826872059018882e+02 1.220579867368827962e+02 1.138290578549566874e+02 9.819059206751556701e+01 7.847565578326313585e+01 9.121984665433272710e+01 8.758965040450063100e+01 1.073739651054041673e+02 1.058319870800788891e+02 8.919384555935290848e+01 1.001545825484016632e+02 8.323469500309852265e+01 1.006320185651374715e+02 1.089039852604258414e+02 1.188618003928925333e+02 1.218826457541450452e+02 1.108073250209756679e+02 1.028145729301468663e+02 9.533013660310339787e+01 7.622607742767377204e+01 6.208638945610682214e+01 5.841938358309127466e+01 5.503068206135485951e+01 5.711691941557834440e+01 7.706244587747161745e+01 8.855805174870296526e+01 7.688458337104373186e+01 5.675214283534120341e+01 4.253810894267661524e+01 5.612172700137623593e+01
8.783857784104554867e+01 1.064293672096436865e+02 1.035658878769775413e+02 1.120447213538579803e+02 1.094398049816189769e+02 1.011910334261750535e+02 1.094398049816189769e+02 1.247715103405811732e+02 1.162560275578303930e+02 1.211853368036532714e+02 1.064407263999641060e+02 9.819044959761031066e+01 8.685431600974453659e+01 1.007874217687327416e+02 1.156366848095384654e+02 1.173106067830226351e+02 1.090327288945899511e+02 1.113166170814772045e+02 1.030510504820758939e+02 1.113166170814772045e+02 1.210525528137438727e+02 1.128475254478561141e+02 1.210525528137438727e+02 1.102996533873850495e+02 9.103566064387121060e+01 7.961873909170982699e+01 7.066349956251252706e+01 7.625132719023783068e+01 7.001219051017966422e+01 6.920558509984357443e+01 6.470922822714747724e+01 8.456855886394740196e+01 8.639491154285585139e+01 6.622045891806251916e+01 5.201798479398057395e+01 5.153219819055700412e+01 7.103663370198219695e+01
7.794458064496731708e+01 8.795674584021527664e+01 8.341427412905636629e+01 1.003563902191168040e+02 1.120447213538579803e+02 1.182750528566535877e+02 1.097730597869335867e+02 1.129477313679958144e+02 9.580928502629809884e+01 1.006901602881064832e+02 1.211853368036532714e+02 1.136304491216057926e+02 9.379301006918319672e+01 1.136304491216057926e+02 1.289731973919928123e+02 1.246252594733064285e+02 1.196620831564855507e+02 1.138334457175709389e+02 1.220520763142977501e+02 1.138210030382540907e+02 1.111330876147116982e+02 9.294299969956730934e+01 1.111330876147116982e+02 1.181689488792705589e+02 1.070918291155475401e+02 9.840407519261644609e+01 8.066480152237679135e+01 9.588494574105376955e+01 8.408149503224593957e+01 8.896936466854137393e+01 7.473687213721404987e+01 9.258212517071186198e+01 8.639491154285585139e+01 6.622045891806251916e+01 6.622045891806251916e+01 6.573441071103626143e+01 7.164231643036930564e+01
8.795674584021527664e+01 6.813994681837196765e+01 7.203216398866862846e+01 8.341427412905636629e+01 1.035658878769775413e+02 1.097730597869335867e+02 8.948509428387684750e+01 9.542730180324340949e+01 8.427327968418082094e+01 9.845337230952706875e+01 1.189308793271689382e+02 1.219111595342734091e+02 1.051966915878500544e+02 1.219111595342734091e+02 1.246252594733064285e+02 1.047304580087029819e+02 9.974548275670993291e+01 9.391005743212930668e+01 1.079971937459224023e+02 9.390940571638098788e+01 1.028998548454515287e+02 8.293564726774691565e+01 9.950804356528091432e+01 1.077530353582218368e+02 1.177130542743480532e+02 1.081060065301338255e+02 1.001964015480461967e+02 1.081060065301338255e+02 1.035275237512139626e+02 1.023420181366264785e+02 9.440040512508834070e+01 1.023420181366264785e+02 9.487145739390354038e+01 8.639491154285585139e+01 8.639491154285585139e+01 8.590526254320482735e+01 9.187398889584797246e+01
8.198175610216793530e+01 6.224079927044600424e+01 8.198175612191202788e+01 9.315929215483413373e+01 9.595716704228503602e+01 9.808213460842624443e+01 8.966788291714358650e+01 7.547608953765038109e+01 8.241518726488868651e+01 1.025438635530922227e+02 1.228448636617899723e+02 1.334352431377643882e+02 1.251502523727560430e+02 1.277222636258714488e+02 1.194653595889974298e+02 1.083812220992241748e+02 8.843850056699608331e+01 7.976597619674744521e+01 8.821030926604264266e+01 8.236132940979334194e+01 9.584160171020144503e+01 7.584674619992473765e+01 7.952953757557513370e+01 8.954186660899146943e+01 1.094742205387190808e+02 1.131698942633495193e+02 1.016499951332498739e+02 9.335349819260889603e+01 9.593524369754389625e+01 9.593524371970146092e+01 1.042418247000980926e+02 1.037837277915875092e+02 1.121279644087805565e+02 9.915216995713501547e+01 9.091546144157807419e+01 8.834091454184783743e+01 9.657480978491555845e+01
7.777296057336538126e+01 5.805189378332358530e+01 7.638233185052780527e+01 7.322785710435194062e+01 7.597634376353666141e+01 8.499305732431015770e+01 6.983427765180175584e+01 7.635220554302895835e+01 9.632572160420112084e+01 9.391681113690653149e+01 1.056232871764437107e+02 1.262203643832522886e+02 1.340317942181004867e+02 1.194653595889974298e+02 9.956618858790069737e+01 1.053938909092507004e+02 9.576833754235568108e+01 7.577167432122557500e+01 6.818781543453954441e+01 8.358114997704032589e+01 8.951871961162261471e+01 6.950165717578461511e+01 8.951879057554648966e+01 1.077530353582218368e+02 1.177130542743480532e+02 1.048301315074964037e+02 8.495201950627362919e+01 7.343053668478481200e+01 7.601707422759713495e+01 7.601707422759797339e+01 9.593524371970146092e+01 8.371945396099516756e+01 1.005302385838474919e+02 9.091546144157807419e+01 7.103076979567161686e+01 6.844648646612255050e+01 8.428723089294273052e+01
