MOVIE_S11_data/elevation_000982.asc
nrows	100
cellsize	150.0
xllcorner	0
ncols	100
yllcorner	0
NODATA_value	-9999
[rows 34 to 50 of 100, columns 37 to 73 of 100]
7.815153008422949199e+01 6.974421522586901290e+01 7.076577030669196233e+01 6.238259299705584482e+01 5.636227086001040476e+01 4.802187151505518869e+01 2.932687546014531677e+01 4.930490945018684812e+01 6.006376272895188606e+01 7.818361398810633034e+01 8.035095596814345242e+01 8.863693284267569084e+01 7.641311015600516043e+01 7.860658864172495441e+01 9.546964521924280689e+01 8.734815535804847286e+01 7.279363936777272670e+01 8.846620389236731796e+01 8.272325534272796688e+01 1.023309081689172331e+02 1.159149605854072576e+02 1.009867511938916351e+02 8.101089481005651294e+01 7.506161125486212882e+01 8.101089481005651294e+01 1.009867511938916351e+02 1.065283695898319536e+02 1.108132232799985104e+02 1.026213323437252285e+02 9.720821200478688695e+01 7.760510317493246646e+01 9.720821200478688695e+01 8.439695208770608303e+01 1.008904173052271886e+02 1.058574977539444149e+02 9.761454005587519589e+01 9.761454005587519589e+01
9.434840727965871565e+01 8.021570934460396529e+01 7.195088733200522313e+01 6.443739814321847348e+01 5.610626790266346831e+01 5.292367219930077482e+01 3.030000023781337148e+01 3.608749345776693218e+01 5.196107737348676636e+01 5.870283472245056799e+01 6.082566526396595208e+01 7.149097916269093389e+01 6.209768279745345154e+01 8.227759705501625831e+01 8.400994009225172476e+01 6.739921505504506172e+01 6.265500161360279918e+01 6.852316023132863165e+01 7.862722235448691777e+01 9.261195373486684446e+01 1.120498626029677069e+02 1.093341025159070341e+02 1.009867511938916351e+02 8.396086478804336650e+01 1.009867511938916351e+02 1.093341025159138269e+02 1.181275955757714655e+02 1.026213323437252285e+02 8.295476792391718845e+01 8.871497127983681708e+01 7.081788189678694323e+01 8.110413029871983781e+01 7.320221418186699225e+01 9.213464044655542295e+01 1.043679673775004488e+02 1.097332727288014098e+02 1.014138392106217452e+02
8.132328428907938189e+01 6.607975243759885586e+01 5.173846638210399362e+01 5.610634242464727350e+01 3.540700747870137377e+01 3.324907402524956268e+01 3.141318410261456862e+01 5.101412341400961026e+01 5.535432120467704209e+01 4.474868216776874164e+01 6.225131238523911748e+01 5.124744126307933101e+01 7.149097916269136022e+01 7.823230130839320395e+01 7.002109722545679915e+01 5.570581984737202674e+01 7.583062930406160262e+01 8.846620389236731796e+01 9.657339579040701949e+01 1.063884839571893650e+02 1.066063153699402193e+02 1.146909507559904000e+02 1.122936669317375333e+02 9.804596997645839451e+01 1.122936669317375333e+02 1.183592371605016922e+02 1.099303362603678238e+02 9.018413045509383608e+01 7.890008353645458783e+01 6.931101527685196118e+01 6.552560946809816755e+01 6.189261321130646820e+01 6.467978376453322653e+01 7.669047366283463418e+01 9.468709659008639790e+01 8.911306555564502219e+01 9.000771010827898522e+01
6.121339969268515091e+01 6.470529594419225816e+01 5.916726328958456094e+01 3.863364623043056412e+01 5.610634190562655021e+01 5.376474564494367314e+01 3.277303142046718420e+01 3.332075746369007163e+01 3.472543905418889665e+01 3.620885433513475959e+01 4.210303132838267715e+01 6.238312829661708747e+01 6.311323466060024145e+01 6.464007365826567764e+01 4.988716068845838691e+01 7.002109722545679915e+01 8.400994009239133220e+01 8.978936078351981109e+01 9.788373679430034713e+01 9.997159608814625642e+01 8.719547737910723129e+01 1.034659664485379125e+02 1.131902799300920606e+02 1.181538648542821335e+02 1.215925983224562259e+02 1.017905707249951632e+02 9.039660291459399843e+01 8.299972671943824309e+01 7.659356510473413948e+01 8.871497127983681708e+01 8.482584538819432396e+01 7.669047365580621545e+01 5.755650649968744403e+01 6.716641047231097161e+01 7.906131415900973991e+01 7.560918281414656406e+01 8.179901373187308877e+01
4.689558590269117389e+01 4.444531413092008876e+01 4.201038945423742632e+01 5.916731796449917624e+01 6.747820837199526522e+01 5.586590447562686279e+01 3.464250607880424582e+01 5.394085352413896572e+01 5.535432120467704209e+01 5.677429481839081404e+01 3.845739450399689474e+01 5.845399112182496282e+01 4.293479175208631204e+01 4.449486860049988479e+01 6.464007632117603919e+01 7.525344224070160237e+01 8.646818788532549149e+01 6.992146683352682146e+01 8.211111805124815533e+01 8.036848977915421699e+01 7.569376272371518155e+01 8.568576217476081069e+01 9.945249167305834703e+01 1.187792340017679891e+02 1.297899261446765138e+02 1.183592371605016922e+02 1.101598923585617200e+02 1.026900710789435749e+02 8.778908406802135289e+01 1.042879451191691800e+02 9.311024053669275702e+01 8.433132453901042425e+01 7.284028636604223550e+01 5.368945092686769982e+01 6.121246862186218607e+01 7.919546382677279439e+01 7.497717604496304489e+01
6.710353822464654172e+01 5.881035200776898364e+01 5.227010491307029838e+01 7.066172341470198148e+01 6.959320802301839137e+01 4.937845957072691760e+01 3.705293081263556587e+01 4.937845957076098102e+01 6.959320867828432711e+01 5.513866235987314468e+01 5.887446390065931467e+01 4.070342081383686406e+01 6.101058474549810029e+01 6.464007632117603919e+01 4.689828569540146930e+01 6.702838695481894149e+01 7.336886383533887113e+01 5.821259439691894499e+01 6.204314098560931967e+01 6.611516342868222296e+01 7.256705976683934978e+01 9.237343133949292451e+01 1.108526090467176886e+02 1.220476296893238271e+02 1.233294164133273370e+02 1.157810203019077022e+02 1.233294164133273370e+02 1.157129384805565735e+02 1.075159128893743059e+02 9.773282954072418249e+01 7.595076320935575609e+01 6.407908374430017773e+01 5.715840863940776018e+01 5.114542283388404798e+01 6.707075346008969063e+01 7.511477071822324092e+01 6.923467625326370012e+01
7.521122980548831549e+01 7.893694954494173999e+01 6.659084018472748312e+01 8.072054868136031303e+01 7.789838457652986392e+01 6.001213574374271786e+01 3.953519465038838376e+01 6.001213571608958830e+01 7.789838315139027713e+01 6.931224069760847328e+01 6.122996666877910599e+01 5.530718357960692089e+01 7.010112241406352496e+01 6.990194102100146267e+01 4.977042094257078730e+01 4.989524510628524467e+01 5.324425485808971814e+01 7.336886383533887113e+01 8.211111805124815533e+01 7.780436668817328894e+01 9.237343133949292451e+01 8.330733037337357416e+01 9.462554145501441383e+01 1.139294198346520659e+02 1.145640802946705321e+02 9.853730197780105016e+01 1.114510335352973982e+02 1.039428282125968224e+02 1.018410314596945199e+02 1.056559250071606328e+02 9.311025017462928588e+01 8.450379526931257601e+01 7.674682654692158223e+01 6.707075345990627113e+01 4.782324080103786201e+01 6.389638522201578041e+01 6.647739173142788616e+01
7.031764862643601077e+01 9.034011111307945896e+01 8.663502774800365103e+01 8.847832574050076460e+01 8.018919738220175475e+01 6.211271005195283834e+01 4.185549720828572617e+01 6.211271005195283834e+01 7.924333221976614539e+01 8.887718763109310771e+01 8.224602119446694815e+01 7.701968777547790523e+01 7.409636324454702105e+01 5.396284181089801990e+01 6.990194102100146267e+01 7.001476233913057001e+01 5.383790401815662108e+01 6.813260230252262772e+01 8.803280637146490051e+01 9.745595857610116752e+01 1.055257890357538457e+02 1.027843204557644299e+02 1.108526090467177312e+02 1.188661793487765550e+02 1.071591611398543762e+02 8.972322473606629956e+01 9.621418267008941427e+01 8.055671443438569668e+01 8.514721499144469874e+01 9.133653382210921734e+01 8.995364032978180546e+01 8.903648195152712219e+01 8.090284446729043566e+01 7.283881378333026646e+01 6.390104232596618772e+01 4.455942634644473799e+01 5.880780561593305578e+01
8.436564433112000927e+01 9.853201455106774631e+01 9.435804911189723043e+01 7.432026683378433063e+01 6.006650599625982778e+01 6.423835869435667689e+01 4.407313909396887652e+01 5.081170419176083186e+01 6.506459914261644428e+01 8.515751030832441870e+01 9.249571361834219374e+01 7.267824707395146788e+01 5.836763837884148387e+01 7.409636324454970691e+01 8.227568599682631145e+01 7.683542533330863478e+01 5.671610789065995561e+01 7.683542533342965442e+01 8.831593933752448322e+01 9.640361263849383988e+01 9.710265954797193899e+01 1.165023058153774684e+02 1.188661793487765550e+02 1.010245448238490837e+02 1.007554968159683995e+02 8.275036649080708173e+01 8.705254633595569658e+01 6.787807102399000314e+01 8.128171386242556196e+01 7.318900699342785288e+01 7.065692824754339085e+01 7.724048163773237263e+01 6.168912513818188614e+01 6.479467798293843828e+01 4.549529692203706333e+01 4.340422229761911410e+01 4.134425206410416820e+01
8.072255086511231070e+01 1.005755513401215779e+02 9.864988529189236033e+01 7.880912120030477297e+01 6.746248989660183781e+01 4.732778783305244730e+01 6.423835871414597420e+01 7.094967656927343569e+01 6.506459914261644428e+01 8.515751030832441870e+01 9.820525778801336969e+01 7.848264863770396005e+01 6.604906915989602112e+01 6.360949454567629857e+01 8.365955165306364449e+01 8.498937902541094047e+01 6.686276524395293563e+01 6.118855745553700132e+01 6.838944692409455683e+01 7.745495585814015271e+01 9.142814629036531926e+01 1.108021464143519239e+02 1.145510731417372483e+02 9.679317481232871501e+01 8.621146712099167075e+01 7.988107872223885408e+01 7.385570455041813887e+01 8.079736147953265402e+01 6.288802191853906010e+01 6.004875783469557859e+01 5.727919647219847832e+01 6.916430844691628010e+01 5.068397574680951578e+01 4.850514422401666081e+01 6.479272230395942245e+01 5.713430318965883714e+01 6.077958721205218495e+01
9.893525771652397793e+01 1.087601106206286659e+02 9.289243768834789705e+01 7.297562051563754437e+01 5.871707401717897312e+01 4.971723346747626948e+01 6.985355114760891126e+01 8.260722093942322886e+01 8.515751030832441870e+01 9.342206529699514306e+01 9.846389518101334204e+01 7.881620538753411154e+01 8.603760508216336689e+01 6.746048539619432916e+01 8.743423615062556564e+01 9.490757653160028440e+01 8.106675870590628108e+01 6.706801224650489246e+01 6.762969666024946491e+01 8.757956160637657206e+01 9.434878852740452260e+01 1.137600420219703921e+02 1.221977089106613903e+02 1.118263512949861394e+02 1.042985457610112263e+02 9.589360964681836208e+01 7.723031384076121242e+01 7.089793066741846417e+01 8.035884904906529869e+01 6.462492695460686321e+01 7.294855266466029775e+01 5.385717060178838267e+01 6.980979844046821370e+01 6.206292283408689059e+01 6.770094784841271007e+01 7.640220929476522826e+01 7.070555307054968353e+01
1.071028261277409968e+02 1.007593684794401270e+02 9.074477163924846934e+01 7.592764871078115618e+01 5.577691754956242676e+01 6.985355114760891126e+01 5.415331619391997720e+01 7.430411399884377488e+01 9.089834536318815594e+01 9.917055168842109936e+01 1.065298966450915685e+02 9.278320473212130537e+01 9.132993545228073629e+01 7.146569105135542088e+01 9.132993545228073629e+01 1.087345895561929154e+02 9.299953755706241054e+01 7.321641307526795117e+01 8.757956160637657206e+01 7.461327025650162170e+01 9.434878852740452260e+01 1.107128297533110413e+02 1.203975619943931292e+02 1.170179341585192958e+02 9.878400760823870996e+01 8.813609497677288118e+01 9.589286280009521590e+01 8.992868991980020610e+01 7.263580668049972644e+01 8.396253869215232157e+01 7.889052406666746720e+01 5.956186514887144767e+01 7.889052406666746720e+01 8.131234430300288807e+01 8.704343365357755147e+01 8.095887539982271619e+01 6.177666578367339412e+01
1.065803253771419890e+02 8.666033984840287019e+01 7.243381113324488751e+01 6.231700880419751343e+01 7.592764871078115618e+01 7.804799782873625702e+01 5.788654192588698777e+01 6.365971228519821778e+01 7.081229278580066477e+01 8.246344099684674234e+01 1.024206391614721809e+02 1.121782951063716354e+02 9.544206580329718292e+01 7.572098411185764633e+01 8.977102127061957049e+01 1.091331908385739666e+02 9.951664697446949504e+01 7.996531872224799997e+01 9.951664697446949504e+01 8.866570753833484275e+01 8.318330554808322574e+01 9.300500262781271488e+01 1.122929573805278665e+02 1.248107975334410611e+02 1.141854050402150591e+02 1.064905717563309366e+02 1.046467423795070033e+02 8.589684319327591311e+01 8.105107927835653925e+01 9.925682542784709028e+01 8.734522151757934694e+01 7.049885386059635550e+01 7.304379598425167330e+01 9.304559860124182080e+01 9.471309929300946351e+01 7.526168932334879003e+01 8.095887539982271619e+01
9.559671458004204680e+01 8.146706549166404443e+01 7.136758008992823932e+01 8.246428983093868226e+01 8.246428983093868226e+01 8.192887143070969103e+01 6.176323448200571420e+01 8.192887143070969103e+01 9.089834536318815594e+01 9.917055168842109936e+01 1.106967655151566419e+02 1.135546353566079318e+02 9.428208068806215181e+01 8.037806195616619220e+01 9.428207987409959401e+01 1.135543462372730943e+02 1.075706991213419457e+02 8.986064613095700793e+01 1.075706991213125718e+02 1.080689597272812961e+02 9.300500262781271488e+01 1.107128297533110413e+02 1.203975619943931292e+02 1.160120715262669364e+02 1.076930679512176425e+02 1.124630320768475826e+02 1.126168076624182532e+02 1.046467423795070033e+02 9.181691373618539842e+01 1.076765332594828095e+02 9.896749600476285025e+01 9.038135670309118552e+01 9.304559860124182080e+01 1.016466470509070490e+02 1.029207113948127414e+02 9.471309929300946351e+01 7.927934542752002756e+01
1.096815820060199229e+02 9.970624402841956169e+01 8.301513547478259625e+01 9.970624402841956169e+01 1.024567475412731312e+02 8.696576189041849148e+01 6.681815677958064725e+01 7.188723777021493788e+01 8.093409260346410861e+01 9.250106410740174567e+01 1.123711492439104518e+02 1.192392902606607095e+02 9.992688125969068835e+01 8.743733164145891124e+01 9.428208011729621774e+01 1.135544638061362122e+02 1.172566487283536247e+02 1.091726478179819821e+02 1.172566487283536247e+02 1.203975619943663276e+02 1.122929573805278665e+02 1.203975619943663276e+02 1.238228960143089381e+02 1.045383360248457336e+02 8.790727410412856102e+01 9.263037397682461460e+01 1.124630320768475826e+02 1.186180522334944527e+02 1.105909623512657447e+02 1.038158920073740887e+02 9.243167939075742368e+01 8.428229797392410205e+01 9.018081326674892750e+01 8.947393517621664216e+01 9.761223346830138325e+01 1.070409397504745783e+02 9.881314043693377869e+01
1.156062084564443921e+02 1.112214055787098346e+02 1.029526404676824711e+02 1.084564517379958772e+02 8.857034909086355867e+01 7.695631875929559840e+01 7.510409109178148412e+01 9.197050507775571759e+01 1.002396362854826180e+02 1.091679684902853893e+02 1.206664250943412071e+02 1.203516118674809263e+02 1.011268297020422722e+02 9.864427722919624841e+01 1.135544349953042627e+02 1.216413077041789279e+02 1.237859679822112327e+02 1.190898148040048028e+02 1.272344701459283272e+02 1.172627019869724734e+02 1.091172280556078533e+02 1.172627019869724734e+02 1.038662134784457010e+02 9.626973454747030701e+01 7.648046209353938707e+01 8.694098204952184972e+01 9.518571138107691354e+01 1.114874295048187918e+02 1.151495143663817231e+02 9.569123013308936265e+01 7.593037997330863220e+01 6.441434723552015384e+01 7.036828623329498100e+01 6.965492889495799034e+01 8.619871159176570075e+01 9.160911886439876639e+01 8.337556712700312289e+01
9.927431913628292648e+01 1.073685291924029173e+02 1.171847968635812833e+02 1.167388535408143895e+02 1.052391097541983669e+02 8.857034909086355867e+01 8.932303467114296325e+01 9.149832326423734230e+01 1.113919514980857883e+02 1.179710482259641822e+02 1.262681855791187644e+02 1.284817813172125796e+02 1.203516118674809263e+02 1.178406937684963225e+02 1.259530550240123574e+02 1.237859679822112327e+02 1.041356098448957965e+02 9.943401017283302679e+01 1.128489668618443318e+02 1.074076764959160215e+02 8.938848057300343442e+01 1.074076764959160215e+02 1.038662134784456867e+02 8.407139673600806873e+01 7.414333166298338540e+01 6.707112321480133232e+01 8.694098204952184972e+01 9.127763510812238223e+01 1.070337590912227768e+02 8.738792264941446319e+01 7.593037997330863220e+01 7.617124104995214395e+01 5.628145671109559345e+01 5.814767013325113254e+01 7.732819338121952057e+01 8.147899537869386677e+01 6.348051202097843060e+01
