MOVIE_S11_data/elevation_000913.asc
nrows	100
cellsize	150.0
xllcorner	0
ncols	100
yllcorner	0
NODATA_value	-9999
[rows 68 to 84 of 100, columns 0 to 36 of 100]
5.009162696260269221e-02 2.005009162696224578e+01 2.641179411154342915e+01 2.974513241575819578e+01 1.518843798439536563e+01 1.927092088903406619e+01 2.634199188493097310e+01 4.048480161355355023e+01 6.048849676079976234e+01 7.158606100907182679e+01 5.119899712708073025e+01 4.635119019998954570e+01 6.340181416376589141e+01 6.085712014635608824e+01 4.423317809068458928e+01 4.680888520570102429e+01 4.532708381055567060e+01 6.195180677913967315e+01 5.705434293399383705e+01 5.797001796028276743e+01 4.008708763000466035e+01 2.795918822223163147e+01 4.842757509335758215e+01 4.536553760734868490e+01 3.869115900462733038e+01 5.526006085702614001e+01 5.689183011027867565e+01 6.574374645725528410e+01 5.175359555995085969e+01 4.173520856000411783e+01 6.144676012624641004e+01 6.148784789668777506e+01 7.059836542636972467e+01 6.561702531123084725e+01 7.504255874230292989e+01 9.505472154098036697e+01 1.130258927368792712e+02
4.695337527364121244e-02 3.209231035442027036e+00 6.411794111543783536e+00 9.745127444877144995e+00 2.974513241575819578e+01 3.927092947038013904e+01 2.779822659275103192e+01 3.932403772882410209e+01 5.334073523916671178e+01 7.299679436179347647e+01 7.158606100907182679e+01 6.667275254385620542e+01 7.516500465798596053e+01 7.232594366748830339e+01 6.408638305955514625e+01 6.666337225855332349e+01 6.518058885879904096e+01 7.342116905048817443e+01 6.986218005474047743e+01 5.008106014701971276e+01 3.592940554995754354e+01 4.842757509335758215e+01 3.300657038619871031e+01 5.318326162575836236e+01 5.846979073755707645e+01 6.669171513458329059e+01 7.662592676265346370e+01 7.976641958395113363e+01 6.714009939595781873e+01 4.741757847803111758e+01 4.658145736017325333e+01 5.010813594597249931e+01 5.624969942267489387e+01 7.759771312585138503e+01 9.340841886285376461e+01 1.034530412992553039e+02 1.039722178766952823e+02
7.614146464036156137e-02 2.007614146464000626e+01 2.641179411154413970e+01 2.388726033576071828e+01 2.388726345377981986e+01 4.388733450473894493e+01 4.189614964607380898e+01 4.041741852001928237e+01 5.442416078689736025e+01 7.407947648029593779e+01 7.867405731474535457e+01 7.040498848565484025e+01 6.804090239858778943e+01 7.630411503818631047e+01 7.928364725709825223e+01 7.717278096982968805e+01 7.717278096983964986e+01 8.543284976037739398e+01 7.571086204519002649e+01 5.588913904658310372e+01 4.271800612171944067e+01 5.831878926943772967e+01 3.842900188780196657e+01 3.976705886435772186e+01 4.975577041283640511e+01 6.369586844532459935e+01 8.350316584575870138e+01 7.967851209614335062e+01 5.985354090825924089e+01 5.619672515617514108e+01 6.628405098201712065e+01 6.987617101380367046e+01 5.705987946810450495e+01 6.840424299798343100e+01 8.817335232780466470e+01 1.007517187372837242e+02 8.415738974423710772e+01
2.352828262072655108e-02 1.416566390635180106e+01 3.416566390635250627e+01 4.388661113277127868e+01 4.388731160759121508e+01 5.217217956951435553e+01 6.164836333613772013e+01 6.018106946713146499e+01 6.835870343903076218e+01 7.283577584255772308e+01 6.718804100513274591e+01 5.053917817890899755e+01 4.803419299602781933e+01 6.476296767452672043e+01 5.932190020364240723e+01 5.720255724015730436e+01 5.720255724015730436e+01 7.717278096983964986e+01 7.649023762510601898e+01 5.666928202265436454e+01 5.258158667366788563e+01 6.379547379909905658e+01 4.404900690786470108e+01 4.516207915570533515e+01 6.490233812683254655e+01 7.772602963373753937e+01 8.904829026177371532e+01 8.793854862634532310e+01 7.384578369190538183e+01 6.758777799428627020e+01 8.424967208344456537e+01 8.248201876968504109e+01 6.273698572748199354e+01 8.248201876968822432e+01 9.643101346590592016e+01 9.253212152047449024e+01 7.269350209119495787e+01
6.786455232800275850e-02 2.006786455232764865e+01 2.819778402332900313e+01 4.819940029220118305e+01 5.973673608667080259e+01 6.802111146996637103e+01 6.667861128957997607e+01 5.835888526080473326e+01 5.273615758208126181e+01 5.273615758208126181e+01 5.890508334951852731e+01 3.903928747909856867e+01 3.645531121093180360e+01 5.051667707719617084e+01 4.514599744899675215e+01 4.301970748928675192e+01 5.720255724015730436e+01 7.717278096983964986e+01 8.475199552847925588e+01 7.649023762510601898e+01 6.396009063595806055e+01 6.973784932646906043e+01 5.002921933879252236e+01 6.490233812683254655e+01 5.358429998532738381e+01 6.100719642946298649e+01 7.239221601971226505e+01 9.227350286290653969e+01 9.375996411529364138e+01 8.747587095803923773e+01 9.574467863694277980e+01 9.072593719975174054e+01 7.153048333232034395e+01 7.883779627862948303e+01 9.869694936407390173e+01 8.503382818265627918e+01 6.511809775309272652e+01
3.257643153035955086e-02 8.197542242704674464e+00 2.233969279264346142e+01 4.234046732206888919e+01 3.973836994253121446e+01 5.647473059175966625e+01 5.835888514822260476e+01 3.693644725651925853e+01 3.120313332330879419e+01 3.873743283586192376e+01 4.122237295023571590e+01 4.144011740097371188e+01 2.749444446086748073e+01 3.048296557796511763e+01 3.357104194923101659e+01 5.360852835435436248e+01 6.733407885030756290e+01 8.139573460136973893e+01 8.965561751645468291e+01 9.212334847103780078e+01 8.385300217829662017e+01 7.631915389796674276e+01 5.657524018347380235e+01 7.631915389796674276e+01 6.493897115387332519e+01 8.079503655215208369e+01 8.904829026177371532e+01 1.005392817123789797e+02 9.741748008206388931e+01 9.550993588209662732e+01 1.038176633658343633e+02 9.960336041001471585e+01 8.293203197788137970e+01 9.869694936407390173e+01 9.600355530535505011e+01 7.617235986610417342e+01 6.463389382192666233e+01
1.880098487986705744e-02 2.001880098487951187e+01 3.647913209766549869e+01 4.753113044685252930e+01 2.819258365204095540e+01 4.753113044684172905e+01 4.553212701026332354e+01 4.265035807918246036e+01 1.786612904154379322e+01 1.875683490610030191e+01 2.118814525897392897e+01 2.372415789769303274e+01 4.375399878686638289e+01 5.051667707722191381e+01 5.360852835435436248e+01 3.902003287739339754e+01 5.906373239652579343e+01 6.144343588613107698e+01 7.882378049580927382e+01 8.707743253617246637e+01 9.703063682647048438e+01 8.456514279389993760e+01 6.639957615296397364e+01 8.456514279389993760e+01 8.475908275847328355e+01 9.301666197916628676e+01 1.015478813439880810e+02 9.149356445727931941e+01 7.726043331946544868e+01 7.533419817045472655e+01 9.218933739333378696e+01 1.064188603131489117e+02 1.028302229905957148e+02 1.111048756954835710e+02 1.042256549993670234e+02 9.277294521933431781e+01 8.387459585809901341e+01
2.900726248362994752e-02 2.002521601155754283e+01 2.974903236114262484e+01 3.924725608469648108e+01 1.924863791730281903e+01 2.981981776862489042e+01 2.553369503556911724e+01 3.300151830031456512e+01 1.547854796463965066e+01 1.805385279282803168e+01 3.800779062169492306e+01 4.375399878686625499e+01 4.375399878686638999e+01 6.373925057365143942e+01 6.733407885030756290e+01 5.906373239652579343e+01 4.506895912899438628e+01 5.177073476467040791e+01 5.887765160077027815e+01 6.887872383365137807e+01 8.876883715796739693e+01 9.450022108883482019e+01 8.623873164296963978e+01 9.450022108883482019e+01 9.060118721733269354e+01 9.895808685260418258e+01 9.264354786735694347e+01 7.300100051011953894e+01 6.283770539270287969e+01 6.354339354973312481e+01 7.795981447351839222e+01 8.855638343538657864e+01 8.855638343538657864e+01 9.691971900835754639e+01 1.024153293240083968e+02 9.396908233170464086e+01 9.535442415070808408e+01
5.081304048347550645e-02 1.472151149520879665e+00 2.147215194040042263e+01 3.178189487022137527e+01 2.766946099599595144e+01 9.820597269406572849e+00 1.139194568991503864e+01 1.307969914860232130e+01 3.300151863320026990e+01 3.800779062169497990e+01 2.180342058922267867e+01 4.178412885752030803e+01 4.570551524889837935e+01 6.570956703032568669e+01 7.449740851895488447e+01 7.336730685776059602e+01 5.666500648927553385e+01 5.776724660160913771e+01 7.773082912461386229e+01 8.707743253617246637e+01 9.703063682647048438e+01 9.705340525219554593e+01 9.484632802243460503e+01 8.725226914651919685e+01 7.028480645065907595e+01 8.725226914651919685e+01 8.430884605651230856e+01 6.401682947446751371e+01 5.262710727561795920e+01 7.300100051011952473e+01 8.257344016746685611e+01 6.822716132657625110e+01 6.822716132657625110e+01 8.855638343538657864e+01 9.396908233170464086e+01 7.385821494772380902e+01 7.974855162894843374e+01
4.469920835086939326e-02 2.004469920835051511e+01 3.497629883688217145e+00 2.349763076368894588e+01 7.670183938660599665e+00 2.766948822994582002e+01 3.139109970432904007e+01 1.536656559276780243e+01 3.666295501911579180e+01 5.004351420436211129e+01 4.178412885752030803e+01 2.571165635949945028e+01 4.570551524889842199e+01 4.620454814208613215e+01 6.620897258155369514e+01 8.489018961815540365e+01 7.663365621080997414e+01 7.773082912461386229e+01 7.773082912461386229e+01 9.765038606945056188e+01 9.705340525219554593e+01 7.678523788021126961e+01 7.456394279757641641e+01 7.887151931273471916e+01 5.848097890295206724e+01 7.887151931273471916e+01 8.210347534467322816e+01 6.179113804332865811e+01 4.739923708613925868e+01 6.774048389714401708e+01 6.548984574126986047e+01 5.379782767083698047e+01 6.558095446919185179e+01 8.592995159339943712e+01 9.396908233170464086e+01 7.385821494772380902e+01 5.977588641957331106e+01
2.324776005098762310e-02 2.002324776005063356e+01 2.197787807504881030e+01 5.544207924100864382e+00 2.554358617094309380e+01 3.595333516041277733e+01 4.519654586380098493e+01 3.666295501911579180e+01 2.316680597479650672e+01 4.470564186953028241e+01 5.389865506737109513e+01 4.570551524889842199e+01 2.987722737202248169e+01 4.987542842330141468e+01 6.275129657213724954e+01 6.779623114039554821e+01 7.357135372252622574e+01 8.185792078655610737e+01 9.080560294579530023e+01 1.023563437460712606e+02 9.484632802243460503e+01 7.456394279757641641e+01 6.012493765932046585e+01 7.031472677530996407e+01 5.128290968436061092e+01 7.075010842731987282e+01 7.914700748728516544e+01 6.340363123862158545e+01 4.310487554734013571e+01 5.829848562748072283e+01 4.518101354088889110e+01 5.952594574276996298e+01 7.988797400228526158e+01 9.429652119158484425e+01 9.191920257344352763e+01 7.183266911597742421e+01 6.034445683931752313e+01
8.699724428260374731e-02 2.008699724428224798e+01 3.324726233153516120e+01 1.968609618803425576e+01 1.497226859335567006e+01 2.253143615936202337e+01 4.252983164115843095e+01 5.322223565982999816e+01 4.485952141378373881e+01 3.344820555500418635e+01 5.408837378282944996e+01 5.816251796422511688e+01 4.401653361083295835e+01 3.446416546499954592e+01 5.446361735584977737e+01 4.779363122002371966e+01 5.356574225814897261e+01 6.251054754334636954e+01 7.406292263424801092e+01 9.407195290739485927e+01 9.086878708746024813e+01 8.470513541000556756e+01 6.435402435072828098e+01 4.993950477036062097e+01 4.453977763341834617e+01 5.039938924824458155e+01 6.741084148948694121e+01 5.926020047256103851e+01 3.901916746765433430e+01 3.801568925577637970e+01 5.795469730501291394e+01 7.340364502691419091e+01 7.554218251532594763e+01 8.393032928901786249e+01 1.003585440536443230e+02 8.669760532962655475e+01 6.665556381362927141e+01
2.249585233037712170e-02 1.416463147606120287e+01 3.416463147605790596e+01 3.968481792912271544e+01 3.497114863188926392e+01 4.252983164115843806e+01 3.667243113612610728e+01 5.667084738065865679e+01 6.121231218113330641e+01 4.106279746383436446e+01 6.121231218113330641e+01 7.230850231761736779e+01 6.047137980328052720e+01 4.049310331455166789e+01 4.023645455736969012e+01 6.023595900267779513e+01 7.357135372252523098e+01 6.989976486325308258e+01 8.990805069157862306e+01 9.086878708746024813e+01 7.059782974432536662e+01 7.431761972465879751e+01 7.871476473704508692e+01 7.031472677530996407e+01 5.900061523108035288e+01 3.873187963757013108e+01 5.385235124205348001e+01 6.225991860476293027e+01 5.365628293102807334e+01 3.364761554730009863e+01 3.148018203737980159e+01 6.067071504891000444e+01 5.517623259560008364e+01 7.554218251532594763e+01 9.038290097521290534e+01 9.511312304850206090e+01 8.001692482429413644e+01
2.739267172789772165e-03 2.000273926717243356e+01 3.188700736959861715e+01 3.895807518146522597e+01 4.724234643326379768e+01 5.878935182004990168e+01 5.667084738065865679e+01 6.495519877655519281e+01 6.945869137294521067e+01 5.537215219329775806e+01 6.121231218113330641e+01 7.114064230830405222e+01 5.118027987662817679e+01 5.462835431700104039e+01 6.023595900267779513e+01 5.092456215552498122e+01 6.247223851373187387e+01 8.248003686358495656e+01 9.819306555916080015e+01 8.866450567800188765e+01 6.837494498496398876e+01 5.395847158612775019e+01 6.563644978901776028e+01 7.232841436375963440e+01 6.741084149367308953e+01 5.385235124205348001e+01 3.363918493721473624e+01 4.908805796426691614e+01 5.073364789146803133e+01 3.053793340539333556e+01 3.116579441786892346e+01 4.029332528191677198e+01 4.987440179723272138e+01 6.165375536044948745e+01 8.200777941926574499e+01 9.572952187939092994e+01 8.840561201150332238e+01
8.327778614586213435e-02 5.856780478042144189e+00 1.188700736959746962e+01 1.895807518146306947e+01 3.050508056525578837e+01 5.050508056526095402e+01 6.058303154504646670e+01 6.058303154504646670e+01 6.886668736796079315e+01 7.531170563019456665e+01 8.113156471130031377e+01 7.938484440467161107e+01 6.117525178475082015e+01 7.457769117754797605e+01 7.921497588768156106e+01 7.092852910040562620e+01 7.921497588768156106e+01 9.076575605526934964e+01 1.029245023905198764e+02 8.275782164028119325e+01 6.837494498496397455e+01 6.563644978960918763e+01 4.531358153250478438e+01 5.200151728487988123e+01 6.634822198605802157e+01 6.225994788031074734e+01 4.908805796426691614e+01 2.892581061021693856e+01 4.452220423475078093e+01 2.773105998094490232e+01 4.788043128469690402e+01 6.110396796017193566e+01 6.955328094230893043e+01 7.865427639149832828e+01 8.987239506883339857e+01 7.572802793074026795e+01 8.791684900063984287e+01
6.510866554257997707e-02 2.006510866554222616e+01 3.188700736959671644e+01 3.895807518146421700e+01 4.724234643326379057e+01 5.472488932856150967e+01 4.058309128916209829e+01 4.058309128916209829e+01 6.058303154504646670e+01 6.749940700043340769e+01 7.578167482317098802e+01 8.934400130705490994e+01 8.110603283185733403e+01 8.934400130705490994e+01 8.633935301255777972e+01 7.805359607283732259e+01 7.805359607283732259e+01 8.633935301255777972e+01 9.789036863707002567e+01 9.698598232920585360e+01 8.405316315832510554e+01 6.374530254015422770e+01 4.936216177803279948e+01 3.770206198991738944e+01 5.795512759871749608e+01 6.215495896738158876e+01 5.025735619905934470e+01 4.186942975844118564e+01 2.440658329940613669e+01 4.452220423023229756e+01 3.931659059259497013e+01 5.362479553678996780e+01 7.395322687364614467e+01 8.987814920529329754e+01 7.987158255208460389e+01 6.158582567695987109e+01 6.791582069702438673e+01
8.953482861371392376e-02 2.008953482860243156e+01 3.077127902689979422e+01 4.270464480742437985e+01 4.472595815062639701e+01 3.644101637328435572e+01 2.644095598216009790e+01 4.600568177782945867e+01 5.116964846476874129e+01 4.749961898281506478e+01 6.416081909691284579e+01 7.244359983686229043e+01 8.244273304225505683e+01 8.534783237604175099e+01 7.478743851496857076e+01 5.804305694120451875e+01 5.804305694120451875e+01 6.959627434609907937e+01 8.960651239953978120e+01 9.575194427665400099e+01 7.552550460403146815e+01 7.373947241294163746e+01 5.363715950269437371e+01 3.342949438763754699e+01 4.841308008253972872e+01 5.358240628755402213e+01 3.333092822142061351e+01 2.177615247419123534e+01 4.186887373332059781e+01 5.290059639089488286e+01 5.957885522360286501e+01 5.957885522447006110e+01 7.989272382482155876e+01 8.159196850214800634e+01 6.159124058667770640e+01 5.158582507093955627e+01 7.158607777569918085e+01
