MOVIE_S11_data/elevation_000668.asc
nrows	100
cellsize	150.0
xllcorner	0
ncols	100
yllcorner	0
NODATA_value	-9999
[rows 17 to 33 of 100, columns 37 to 73 of 100]
3.257669261091090362e+01 4.403402159928472059e+01 3.724118520520677578e+01 1.789182101119236279e+01 3.346057428407280554e+01 1.512300811616781715e+01 3.413964485460152076e+01 4.942565450072905264e+01 5.846900341165200388e+01 4.851356178126864904e+01 4.038462659599547777e+01 2.414169579427464996e+01 2.964981319586851427e+01 4.892043663562920841e+01 5.693902263276904563e+01 6.284355667980054250e+01 6.982542039550732227e+01 7.813510888464509208e+01 8.409904471891645983e+01 6.409638486106270250e+01 5.995449860309987145e+01 7.824087108655275813e+01 8.854242342481703076e+01 8.784193073508660632e+01 8.558925274646666992e+01 6.925104883911473053e+01 6.094120809418217277e+01 5.296550202597826740e+01 4.264329236192189398e+01 2.264402467253574969e+01 4.061788798816004942e+01 3.005103110795897692e+01 4.418501648637568735e+01 6.411689051505518933e+01 7.628567745863028904e+01 6.628410172067148665e+01 5.224426087036638933e+01
2.838776528628367402e+01 2.476378784095898666e+01 2.187839584798346948e+01 3.724118520520659104e+01 3.577255691755270561e+01 1.590028597699592616e+01 2.383495716523285424e+01 3.326294243853379129e+01 5.105834004215992650e+01 5.712917186379536361e+01 3.766944433343732612e+01 4.336906530351478750e+01 2.750616339598347437e+01 3.238853618287428304e+01 3.748307779797502093e+01 4.326043268391825336e+01 5.007772768072100433e+01 6.139207511777077286e+01 8.134558428378107919e+01 7.823933231748644346e+01 7.409578283884336258e+01 8.824202029067592434e+01 8.784193073508660632e+01 6.741262342057784451e+01 6.518528835485395234e+01 6.094200546982069255e+01 4.091504352661828392e+01 4.468026282887697676e+01 2.469050150007971212e+01 4.264329257813733420e+01 5.092674383465966770e+01 4.421242893777863259e+01 4.421242893777863259e+01 6.421874610951618934e+01 6.800044014306686790e+01 4.799694935118523631e+01 3.806475106043955492e+01
4.767989058520142009e+01 3.582425960811077204e+01 3.547090350488224431e+01 4.492732149042277712e+01 2.598057930658274728e+01 1.668105274830644191e+01 3.603349590168258487e+01 4.578281311561864442e+01 5.843735208320255481e+01 6.536567190633664381e+01 5.712916997773267269e+01 4.950045893468943348e+01 3.019678849677240606e+01 4.950046953486756252e+01 5.693902263276904563e+01 6.284355667980054250e+01 6.982542039550732227e+01 7.813510888464469417e+01 8.968609353304124454e+01 9.824564187005461235e+01 9.410230659898965655e+01 8.623154291477972322e+01 7.770811551781027049e+01 7.116147116206843748e+01 5.095000815969438435e+01 6.035798975630546437e+01 4.678008885641507675e+01 2.676976275040619058e+01 4.394773666724647398e+01 4.456977621821651070e+01 6.419895704412185466e+01 6.421874610951618934e+01 6.421874610951618934e+01 7.249696132914785096e+01 7.628567745863041694e+01 6.270981614317651065e+01 4.272222082633467011e+01
6.345884453332231345e+01 5.524876503825220198e+01 5.489942177419151648e+01 4.730370004343562584e+01 3.569480992072351455e+01 1.870709524410943203e+01 1.788198320862237622e+01 3.898660121624347852e+01 4.789906629143879258e+01 6.701423271059125852e+01 6.550990937118378099e+01 4.589820259846597139e+01 4.950046953486966572e+01 3.433854688137704869e+01 5.373190687524110842e+01 6.650835689142655838e+01 7.587534218399341057e+01 7.219610713372271960e+01 8.634842015903664958e+01 1.064842248264055087e+02 9.222360472673915410e+01 7.169560302299169052e+01 5.739839606003152994e+01 6.486312109268612858e+01 5.966196345913647292e+01 4.024800554501116068e+01 4.844757922254148497e+01 2.843620178407503118e+01 3.155066597538804274e+01 5.148257937063252143e+01 6.469205560323473492e+01 7.873544978340190426e+01 8.158570427590814234e+01 8.985451269896373105e+01 7.686126185052002313e+01 5.684809540400829064e+01 4.901973831079530441e+01
6.469086998022903856e+01 6.570516557777975208e+01 5.149346590296537585e+01 4.059288279110651132e+01 2.159987816383057435e+01 3.779027120427324604e+01 1.873418546562586329e+01 2.853321491989548164e+01 4.745218202279345832e+01 5.523047375344730625e+01 6.326084274152081122e+01 6.550990990425231075e+01 5.369313129068745383e+01 5.373190687524110842e+01 3.878401007771054765e+01 5.825997727254407721e+01 5.601998557739144502e+01 7.322015297133431488e+01 7.987393256102430428e+01 8.821128884895323097e+01 9.108457490863808914e+01 7.057013323763104040e+01 5.628674105929123783e+01 4.471912419694873364e+01 3.955550670323988527e+01 3.508288718502726766e+01 3.081809837640077632e+01 4.807622443749218633e+01 5.146456859158556085e+01 3.655104821869976206e+01 5.064866143088428174e+01 6.583895863807734372e+01 6.180062505479179435e+01 7.840156102736516175e+01 8.514486039507035287e+01 7.686126185052002313e+01 5.903551849187966383e+01
4.535926626604891965e+01 4.637662105263029133e+01 4.344587174179926592e+01 2.452128643596633495e+01 4.059288279110651132e+01 4.007547802957351024e+01 1.959101068249724165e+01 2.547831827784412795e+01 3.143911364489076732e+01 3.784602129946907922e+01 4.789488134440345846e+01 6.606872638468576042e+01 7.327479158807419424e+01 6.650802862564765405e+01 4.992217448034377725e+01 4.372918961567123830e+01 4.838735468231367776e+01 5.338339630547444870e+01 5.991259379195457058e+01 7.398896838205430981e+01 9.408149289597348286e+01 7.924055648760732140e+01 5.890779235996679830e+01 6.486312109268612858e+01 5.111273704277366647e+01 5.515805915994500452e+01 5.085379507395929011e+01 3.354022762075268105e+01 5.351656351260262312e+01 5.645975642125014105e+01 4.199329624337828193e+01 4.599079911731882220e+01 5.034852891586892554e+01 6.436279089035657819e+01 8.416520418895892419e+01 8.732929774325810968e+01 7.319033865251343229e+01
5.195659140076777760e+01 3.460432770232894484e+01 2.749658932061553784e+01 4.344587174179926592e+01 5.149342636925258176e+01 3.991143556903399769e+01 2.045762537371975753e+01 3.971399005267703330e+01 4.897335935845804755e+01 5.522180110932082897e+01 6.322068650141969215e+01 7.432365290543026504e+01 8.561032449812047673e+01 7.795009398568623737e+01 6.964957997064928463e+01 5.101918585318853161e+01 6.809832442402475294e+01 6.735330176393325985e+01 7.322015297133431488e+01 7.398896838205430981e+01 9.408149289597348286e+01 8.776614292061211131e+01 7.924055648760732140e+01 7.981663030911279577e+01 7.132455541247307451e+01 7.101047540118506163e+01 5.723487332095440649e+01 3.725498946185186355e+01 3.676431960411486699e+01 5.673208308137344602e+01 6.186932673392063009e+01 6.003789575053697547e+01 7.016278346165849200e+01 5.814673738085225807e+01 6.954256622797660725e+01 8.935792900383167137e+01 9.318540972181064319e+01
3.311173585818338694e+01 3.072837918444738392e+01 3.655070024581875998e+01 5.350486696138000298e+01 5.216315834209867575e+01 3.317307956489891296e+01 2.132533331715518088e+01 4.076635931826722725e+01 5.116729206008005804e+01 4.039628395825450724e+01 4.733878708170769301e+01 5.640072690596325344e+01 7.101234739186523370e+01 9.180434311625538157e+01 7.910143360188358486e+01 6.081395898553126500e+01 7.910143360188358486e+01 8.738398472466711553e+01 9.328324496208432492e+01 9.408149289597348286e+01 1.024336093158520100e+02 1.002244761935432251e+02 9.035389339023117827e+01 8.218637607900882358e+01 7.515331408690029491e+01 6.279240866707046820e+01 4.280326336554878708e+01 5.723487332095441360e+01 3.907409179799947196e+01 5.320435485428539124e+01 7.311169382212845846e+01 7.984396333735675455e+01 8.450722700380278241e+01 6.473811790569905611e+01 8.450722700380278241e+01 9.765015528034076908e+01 1.051247509626469139e+02
5.195659140076791260e+01 4.396966051889690874e+01 4.521972335579332025e+01 6.214239444945064150e+01 5.872654233713114280e+01 2.557070154128325612e+01 2.220147908862062280e+01 2.426297353265566414e+01 3.096989878816837560e+01 5.116729207018560999e+01 6.789273249211906602e+01 7.644240980918873163e+01 8.561032449812047673e+01 8.855955018729270023e+01 8.910318558250510534e+01 8.076725369587251180e+01 8.910318558250510534e+01 9.118028856463915588e+01 9.950612426319504777e+01 9.988657995827267655e+01 1.081951847979079133e+02 9.206650010241530424e+01 7.230625205560218660e+01 6.229387277050777527e+01 5.518729576715796981e+01 4.884106243252661272e+01 6.279240796061746011e+01 6.138457104628408700e+01 4.143101211745961621e+01 6.138461033962452973e+01 7.405333469960457649e+01 8.293918087361305425e+01 9.278630002650855602e+01 7.867670565110805114e+01 8.085067645274034476e+01 1.007770111747237962e+02 1.040955107210797905e+02
6.984827299010544266e+01 6.319620308571090561e+01 6.358261575613385475e+01 7.171665049155298277e+01 5.706580338638529781e+01 3.823337536843214934e+01 2.402174631852839681e+01 2.358828832119519703e+01 3.079596349361519714e+01 4.200404890398300495e+01 5.617828939757928453e+01 7.698060970310436346e+01 8.261249545971071484e+01 6.833543774897660228e+01 8.261249545971071484e+01 9.212209579854877006e+01 8.379437353776120290e+01 7.095790968749379601e+01 8.560701924257962503e+01 7.969223152940958244e+01 9.988657995827267655e+01 1.002244761935432251e+02 9.035389339023117827e+01 7.834487473583571671e+01 5.832394717629303216e+01 6.883950471739694876e+01 7.704378911933856955e+01 6.507860216459867786e+01 4.514364884959825019e+01 4.590152098993707597e+01 5.483966812909875443e+01 6.894215607778551203e+01 8.875838509033921753e+01 9.858335072918478659e+01 1.007770111747237962e+02 1.058916757250635925e+02 9.595716232790219635e+01
7.972894579785128144e+01 7.494274168899599431e+01 6.669031211422364436e+01 6.669024385010592937e+01 5.614833726708865669e+01 4.526487374124559437e+01 2.583501504005806737e+01 2.457104323981948824e+01 4.407038142752610099e+01 4.681986334050924370e+01 6.113650933543661381e+01 8.202917239785858783e+01 7.425894313868026586e+01 5.405208663124648183e+01 7.425894313868026586e+01 8.046228157838940831e+01 6.355332018854724652e+01 5.925022818654778689e+01 6.536858935620840327e+01 7.706742995547476482e+01 9.727231514665051293e+01 1.039627433476183427e+02 8.424558522962004758e+01 7.001322242669030516e+01 7.834487473583571671e+01 8.168912770441467330e+01 7.058429361807652924e+01 5.068630802453337481e+01 6.507860417731740199e+01 4.938134737002618380e+01 6.931346131661645416e+01 8.293918086162911152e+01 9.294879146546881543e+01 1.011151388129661939e+02 1.124897529997066101e+02 9.765055172176384701e+01 7.779262856126386794e+01
8.121516359700656551e+01 6.669031288032432769e+01 4.674820931871758489e+01 4.674820921683911479e+01 4.793025863343472537e+01 2.841523538009156624e+01 4.498830561772359715e+01 2.555138422946521359e+01 3.919539655533368006e+01 5.904541359009125046e+01 7.231379431837446248e+01 7.875333215681573051e+01 6.662146898619303670e+01 4.656467381491288648e+01 6.284351415166718624e+01 6.586865442875175347e+01 5.188808870510916904e+01 7.210894667713384365e+01 8.560701924257962503e+01 9.394370816365874077e+01 1.055866178787559875e+02 1.096932454637358632e+02 9.002060713665436253e+01 8.967313608470786335e+01 7.915556187015181422e+01 6.189770706344089035e+01 5.657261331852576802e+01 7.058429361805009705e+01 7.289117119841165504e+01 5.297132561801520012e+01 7.289117119839846737e+01 6.715262984718586381e+01 7.317092376449495816e+01 8.462775222116979990e+01 1.043155424590686096e+02 1.058916757250256495e+02 8.772159014151394274e+01
6.112713425158020897e+01 6.374414644544581421e+01 5.258908298938558090e+01 3.296310325171982925e+01 3.106239912288130967e+01 4.783105107601445383e+01 4.588994399115604494e+01 2.653260810706877137e+01 4.602264008850560373e+01 4.400070465343626580e+01 6.395870430987276478e+01 6.455255393229032279e+01 5.035168075498128104e+01 4.012551608332444175e+01 4.290971511507547831e+01 4.580214395419128692e+01 6.586865442857080666e+01 7.734354729693505703e+01 8.295909615898510481e+01 8.970042046246103951e+01 9.803055072242875667e+01 1.081107848418207595e+02 1.040031324742054579e+02 8.431111391302414404e+01 7.035950596029135795e+01 6.805658158796012458e+01 7.642211369139602084e+01 8.461304060459588072e+01 6.559840189628572205e+01 7.289117119841499459e+01 5.899694268085124094e+01 7.888878832458351553e+01 9.294879146546414006e+01 8.718320787913661718e+01 1.068681415545880782e+02 1.158395923939294505e+02 1.026584089019154504e+02
4.695607328286478577e+01 5.547693124998014724e+01 3.578450635909521083e+01 5.258910596588560082e+01 5.064584957314735192e+01 4.907979116915323203e+01 2.949520343577201587e+01 4.586908415820992957e+01 2.811541756077289378e+01 4.766306582817698256e+01 5.764197065766721551e+01 5.274766483622343571e+01 3.653981032965125308e+01 5.622505130498208104e+01 6.284351415166718624e+01 6.586865442875156873e+01 5.220712104933647169e+01 5.708339101660736503e+01 6.271194679730415089e+01 6.947644755203332068e+01 7.959957723474038005e+01 9.980126369018169896e+01 1.040301062670108365e+02 8.431890894301390915e+01 8.023945269325912477e+01 7.797402628519130019e+01 9.603530783396382731e+01 9.361801861185465157e+01 7.708995362949950447e+01 8.707312786963788653e+01 7.051855545106722900e+01 7.309327612572072042e+01 9.288039247600023884e+01 1.068681415545880782e+02 1.150470697467958701e+02 1.162199082853485663e+02 1.108994505224947034e+02
4.166243393380303672e+01 3.867577185625923875e+01 5.547092239077028353e+01 6.374078629033363086e+01 5.220997053391882048e+01 3.254551624883681171e+01 4.908111478530484106e+01 5.586934621925165345e+01 4.182761147023946080e+01 2.973139225276251096e+01 4.933087541842606782e+01 3.307477504474080376e+01 3.446241742188602331e+01 5.415810338427445458e+01 6.308440106504295386e+01 7.302883677377579374e+01 7.242973763029119993e+01 7.142128542413813364e+01 7.704199132071828160e+01 8.970042046246103951e+01 9.803055072242875667e+01 1.081107848418207595e+02 1.122319195286858218e+02 1.040301062670108365e+02 9.161252668381843023e+01 9.194756591038216698e+01 1.059133507181064147e+02 1.050206967898671735e+02 9.684701716598814869e+01 9.849409340880177410e+01 9.032273906539512609e+01 9.288039247599941461e+01 1.010529796540366476e+02 1.092917660890815341e+02 1.010121349188566313e+02 9.626706112158755957e+01 1.103920748502794851e+02
4.355391301970114881e+01 4.997592936011107412e+01 6.672659253831501758e+01 6.868966923651809964e+01 4.856703945484360219e+01 3.474013666526047217e+01 5.445691776549915630e+01 7.009514512042548517e+01 5.757239774336111537e+01 4.913184730140755363e+01 3.137764599958640588e+01 5.101896958509617264e+01 5.415810338427445458e+01 3.643540068079313698e+01 4.333248035681553745e+01 5.517955681547876878e+01 7.477848702505981748e+01 9.164115223046310632e+01 9.724425090951240236e+01 1.003975189063108928e+02 1.062747425230983396e+02 1.054887773718742636e+02 1.137740086805248154e+02 1.195416094369888924e+02 1.113271744484325438e+02 1.116738468722962097e+02 1.157549235151738287e+02 1.074678248189709251e+02 1.051775640770550808e+02 9.870561324989203911e+01 9.043252858529289995e+01 9.428551019767934349e+01 1.025563602987327698e+02 9.777182444744241252e+01 8.107378720042559905e+01 8.217233705646678743e+01 1.021111147518744247e+02
5.764239520533065075e+01 7.004811581778083962e+01 7.829791335928570106e+01 6.870066342642847701e+01 5.677191416637264609e+01 3.699257634705045916e+01 5.677191416465512930e+01 7.678103630835192916e+01 6.519106180381720606e+01 4.516034338653066271e+01 4.001896600711410912e+01 5.935151797531934648e+01 6.453459634968925229e+01 5.617251598449154670e+01 3.843565347026615342e+01 5.230430454189411904e+01 7.252445554617430901e+01 8.810789721920957618e+01 9.444582550076830785e+01 8.019760093751922625e+01 8.611401993116631104e+01 8.536219537562489279e+01 1.021749344698210393e+02 1.137740086805248154e+02 1.242274654011355040e+02 1.159290572237591022e+02 1.074678248189709251e+02 8.753186721219135791e+01 8.522306329944224501e+01 8.522306329944224501e+01 7.045587999229101683e+01 7.432324553372662024e+01 9.103023944852503746e+01 8.950072449642418349e+01 6.952437692965787619e+01 8.950072449642418349e+01 1.029715394060117006e+02
