MOVIE_S11_data/elevation_000662.asc
nrows	100
cellsize	150.0
xllcorner	0
ncols	100
yllcorner	0
NODATA_value	-9999
[rows 34 to 50 of 100, columns 0 to 36 of 100]
2.064481644892168788e-02 1.417688707781615953e+01 3.436121348378650708e+01 4.913027085964917973e+01 4.756106332116991808e+01 2.884392333964567001e+01 4.758743725968031413e+01 6.202402244414236776e+01 4.268648486628023875e+01 2.107049182264674769e+01 4.268633300130228037e+01 4.613497005527510453e+01 5.433604022839116254e+01 6.413222011787786414e+01 4.751301550120341233e+01 2.684207815269663300e+01 4.148434796375862277e+01 6.206750652743879471e+01 7.477642081710018829e+01 6.638787299831982125e+01 5.908483989683821136e+01 4.541228726731974774e+01 6.592107660091389221e+01 8.245243061052968869e+01 7.048368324088190207e+01 6.788666972773029329e+01 8.789902869357712234e+01 9.053911347416364208e+01 9.883241162690571002e+01 1.103871107716754807e+02 1.125362135355391047e+02 9.250295167847885125e+01 8.346562976420807445e+01 6.316838002514149508e+01 8.346562976420807445e+01 7.174317137280915802e+01 5.146596267769513133e+01
2.905961989428186565e-02 1.417119524362535721e+01 3.417119524362605887e+01 4.726402192610309072e+01 5.568620256517632328e+01 4.197911225473415442e+01 4.758743728315292998e+01 5.452084653781431456e+01 3.402313125927901893e+01 4.268648512917719984e+01 2.982399984450493946e+01 4.460545565889214714e+01 6.473770701786419579e+01 6.509795709336327718e+01 4.454541186211076109e+01 2.986507647374758889e+01 5.056511260515639350e+01 6.268552118287895780e+01 7.103618689157950428e+01 8.117091947398122898e+01 7.436890605897400519e+01 6.592056623935900461e+01 5.330759181468693697e+01 7.406128879147351540e+01 9.049508753487269530e+01 8.203906822951914535e+01 8.789902869357614179e+01 1.079114389995254442e+02 1.021586992408099661e+02 1.104450105108014242e+02 1.066869882539784413e+02 8.662773135971158922e+01 7.229488554361986985e+01 7.756284373353865647e+01 9.178142837477747662e+01 7.597614588268496050e+01 5.567551329084322020e+01
3.542675937824442400e-02 8.979698669377480513e+00 1.897969866937765815e+01 3.312183429548530000e+01 5.312183832122524052e+01 6.112713163800807337e+01 6.693942539702625538e+01 6.282103347304235541e+01 4.601985579055843800e+01 5.724643762729289875e+01 3.701329142936766914e+01 5.050205556138297425e+01 7.059826594565801372e+01 6.509795752353348064e+01 4.454541186224555815e+01 5.056511175990599583e+01 3.464790248334100653e+01 4.204196680994224522e+01 5.250556693587997614e+01 7.286547542988446935e+01 8.588617232055869977e+01 6.540411618617783063e+01 7.406128879147351540e+01 7.032010903667911350e+01 9.070762973633931381e+01 1.020462247208757134e+02 9.893317686990764059e+01 9.066261202500021454e+01 8.224689209478377450e+01 9.893317686977100323e+01 1.088718485000766947e+02 8.882412606748711426e+01 8.662773135971158922e+01 9.771621585522930786e+01 9.027531955047022905e+01 7.005323421876003920e+01 6.091550270107935461e+01
3.411803931810562102e-02 2.003411803931775026e+01 3.092549990723508913e+01 3.725005517814206968e+01 4.480934452824628522e+01 4.480934452824629233e+01 6.480934143394441094e+01 7.441213727498065111e+01 6.613341611489232719e+01 6.553399611273061964e+01 5.137619184782391812e+01 5.137619184782391812e+01 7.141846460519732886e+01 7.344749202235611563e+01 6.509795663139745159e+01 5.930428408548165464e+01 3.857604990874659734e+01 5.930428408548878849e+01 7.103618689158437860e+01 8.117091947398377272e+01 9.420381840759166892e+01 7.997856315277151396e+01 9.420381840759166892e+01 9.070762973633931381e+01 9.601211167301552507e+01 9.190630990598910444e+01 8.364920771025532531e+01 7.082570902436688698e+01 7.082570902436688698e+01 9.066261202499933347e+01 1.078452197045832577e+02 1.088718485000766947e+02 1.066869882539780576e+02 1.103392830356216621e+02 9.027531955047024326e+01 8.706897271298970509e+01 6.680167408826240205e+01
3.327314952832965272e-02 5.378497987776793998e+00 1.092549995002903529e+01 1.725005527036568154e+01 2.480934473055009448e+01 3.895148035389306074e+01 5.895147966450948473e+01 5.726457197106334007e+01 5.945236835792751862e+01 6.773669202545650592e+01 7.141846460519732886e+01 7.141846460519732886e+01 7.969180037763706537e+01 8.132945310734544364e+01 6.115533487284879044e+01 4.653339852794312037e+01 5.930428408548878849e+01 4.797855847305365984e+01 5.728541019803643053e+01 6.904637048110465969e+01 8.910072268769427239e+01 1.001468687537380760e+02 9.411700586627735277e+01 8.585735011156376117e+01 7.615101729193268909e+01 7.615101729193268909e+01 6.386359434059696838e+01 5.945662335371721952e+01 6.825414547895316275e+01 7.966286573503839463e+01 9.956159370738973280e+01 1.016270412269286396e+02 9.334126424068819006e+01 1.016270412269286396e+02 1.071454411100326638e+02 8.706897271298970509e+01 7.451667643149266951e+01
6.779948344387334846e-02 2.006779948344351894e+01 3.092549990723508913e+01 3.725005517814206968e+01 4.480934452824628522e+01 4.492375000950658404e+01 5.140672951458170559e+01 3.726457127033167183e+01 3.945236727092632378e+01 5.898132110659841487e+01 6.726562515994265823e+01 7.881265356152337631e+01 8.209540945853454730e+01 8.719051748130812030e+01 6.706419429067804572e+01 5.352259832349617596e+01 7.383499536435240884e+01 5.993635519603802209e+01 7.679523088175739076e+01 8.583646367438181812e+01 9.745973754169548897e+01 1.002456247074517535e+02 8.585735011156376117e+01 6.605594604167156092e+01 7.185564301672810927e+01 5.641414192236157987e+01 5.251395438094423440e+01 7.222597850520122620e+01 8.745835117139021975e+01 9.633982187526909513e+01 9.763730594786950689e+01 8.936457364446211216e+01 7.350807746491858552e+01 9.168548624892055443e+01 1.007956441570504609e+02 1.029802691158405850e+02 8.622168260567842424e+01
9.516927588586144779e-03 2.000951692758674128e+01 2.411265764096166819e+01 2.629483646922968276e+01 2.851705870648622465e+01 2.492374832659147188e+01 3.312243575210494839e+01 2.312243564625209657e+01 4.312243585127392720e+01 3.898132054825214254e+01 5.052832593222547786e+01 7.052832725285907145e+01 6.209540566729310029e+01 7.623761702546292440e+01 8.213262417688127925e+01 6.796225368917281173e+01 6.796225368917365017e+01 8.012292433479815656e+01 8.842613463230736670e+01 9.476415976825997234e+01 9.434915561508272219e+01 8.038220176268961836e+01 8.585735011156376117e+01 6.605594604167156092e+01 5.214047751134166475e+01 4.659419615577068186e+01 6.628257960714717001e+01 8.045791921645344758e+01 8.594960214816923383e+01 9.421888533936461840e+01 8.936457364446211216e+01 6.962416887724690184e+01 6.378301779530895033e+01 7.272569957178259870e+01 8.676067186441652268e+01 9.561168895764593856e+01 1.062722854107937422e+02
1.945935296826603253e-02 2.060700805287585258e+00 4.112657509457902094e+00 6.294836411817835042e+00 8.517058634040076015e+00 1.078161270232928715e+01 1.312243564625191894e+01 3.312243561077249154e+01 2.743431516444989171e+01 4.370937129470968330e+01 4.973959828862017929e+01 5.640626511306592050e+01 4.795327003875954119e+01 6.209540566729310029e+01 8.209540945853454730e+01 8.801304796270694908e+01 8.216219174675892134e+01 9.630316796864478590e+01 9.476415976825997234e+01 7.490019427896598359e+01 7.854529986258512508e+01 6.636651565665661678e+01 8.450906401402131962e+01 8.008647595348760717e+01 6.256182486934559250e+01 4.287312732255258396e+01 6.256182486934559250e+01 7.190045889579926097e+01 6.608111322094519835e+01 8.594960214816923383e+01 8.774594794713269152e+01 7.540599957019702515e+01 5.585927319922053158e+01 5.893654700407444125e+01 6.762231533579051757e+01 8.150739504935495461e+01 1.014237882029269571e+02
5.600688922766024203e-02 2.005586422870442931e+01 1.077932417612450955e+01 2.629483638740612861e+01 2.851705870508477147e+01 2.492374832834339315e+01 3.312243575210494839e+01 1.674386548795272489e+01 2.017383719080295990e+01 2.370937109673575804e+01 2.973959798829113765e+01 3.640626465495803643e+01 5.640626511306592050e+01 7.017037386618363826e+01 7.017037386618363826e+01 9.017038877048405254e+01 1.021382643981720690e+02 9.638806976762815282e+01 8.492102844656837135e+01 7.668731444797168706e+01 5.870759469047722945e+01 5.644819719944741365e+01 7.628449010263631180e+01 7.609945134285655399e+01 5.944876844884377221e+01 3.973114660086129390e+01 5.944876844884377931e+01 5.209735745948215424e+01 7.190045889579926097e+01 8.395904316004319412e+01 7.457610313572996574e+01 6.252240216760745994e+01 5.011251528127546351e+01 6.976334570416733527e+01 8.676067186441652268e+01 9.561168895697423409e+01 9.392158520168082703e+01
8.215197286175310309e-02 2.008215197286139642e+01 3.077932390062729695e+01 2.146977385262093918e+01 4.146977127686002262e+01 4.492375198985767071e+01 4.133218016699765940e+01 2.133218016536403994e+01 4.017383735924911292e+01 4.370937130271081372e+01 3.037603776340254313e+01 3.554001555834594228e+01 4.261108337021166648e+01 5.017037283039647377e+01 6.431250845740514421e+01 8.431251198261304580e+01 9.504688420033147622e+01 8.814505029038657824e+01 6.829966967162113178e+01 5.684955803414153763e+01 4.981792278449133704e+01 4.893017266732542225e+01 6.878763067942999498e+01 6.475064948353718819e+01 4.997509623612921104e+01 3.664107442271834003e+01 4.220162227434660451e+01 6.199890817764075024e+01 8.014999928015487285e+01 7.575341381526561690e+01 5.556834722888742562e+01 5.329798231086671478e+01 4.613348560722840119e+01 6.905172698113106833e+01 8.559337950303016385e+01 9.226079430763718392e+01 7.409406342629606002e+01
2.613274238814250472e-02 2.002613274238778729e+01 3.730387171304296601e+01 4.146977287839420256e+01 3.561190947474263169e+01 5.561190724648249528e+01 4.618289285692564761e+01 2.618289266609078325e+01 4.618289292874864316e+01 5.866034326692736300e+01 5.037603807236510534e+01 4.968215118283973197e+01 4.968215118283973197e+01 6.968215260226629937e+01 7.845472033467497397e+01 8.941528494824524387e+01 7.558122818281474053e+01 8.380838245866563341e+01 8.492102844656837135e+01 7.668731444797168706e+01 6.216886465389093530e+01 4.228225275549240791e+01 6.216886454078439783e+01 5.569915966020191433e+01 4.207449153373235617e+01 3.356052324277501242e+01 5.572331310369737878e+01 7.023189264935739118e+01 7.472312730531523073e+01 6.411156747522676369e+01 5.588395815075636364e+01 4.072726401048984712e+01 6.064527298397384669e+01 6.738012232393721490e+01 6.580434650752793857e+01 7.625771587311669464e+01 6.424884722775463786e+01
7.532853315450405152e-02 9.019600443153739988e+00 2.316173606688494147e+01 4.316173606716636613e+01 5.561190830141931229e+01 6.389608400873831329e+01 4.618289289545965914e+01 4.618289292874864316e+01 3.471092132031549937e+01 4.885305694490950401e+01 6.885305850537019978e+01 6.968215260226629937e+01 6.968215260226629937e+01 7.796650624326359491e+01 9.504688420033147622e+01 7.558122818281474053e+01 6.198641619117124435e+01 6.448111067328254364e+01 7.821749616881218969e+01 7.231274654846565397e+01 5.245169343614499979e+01 3.831584784882063133e+01 5.311702747045168138e+01 4.966434513295012465e+01 2.964716601240318639e+01 4.994840964211463330e+01 5.553062017423366115e+01 5.609385716823859980e+01 6.010814933521391623e+01 4.661114271302006529e+01 3.591767244904801260e+01 3.965483189799925867e+01 4.352531576292643933e+01 4.753993320202497586e+01 5.180546897828313746e+01 5.649848324415427925e+01 7.625771587310960342e+01
6.101047412966256744e-02 2.006101047412930782e+01 3.730387171543062408e+01 4.525407268310023312e+01 4.744186867784009110e+01 5.572613985954475879e+01 6.618289656937542986e+01 6.299523940875437944e+01 4.885305694490950401e+01 4.736003196106666735e+01 6.150216759223716423e+01 8.150217181977042458e+01 8.629245909552616922e+01 7.814858635082742921e+01 7.835604675371145333e+01 8.359356178004634330e+01 6.868745784406110033e+01 5.079511791411391641e+01 6.200981925260773409e+01 7.014618045587000950e+01 6.646867294687257299e+01 5.310549807449108783e+01 3.298142241639683192e+01 2.944419848032420006e+01 2.715675400490667002e+01 4.467489095317711190e+01 3.614162129080526142e+01 3.674124567097225480e+01 4.898435389952020103e+01 3.244075903865823562e+01 5.243430939206094621e+01 5.958487407195201513e+01 6.341208448283699539e+01 6.738012232393721490e+01 7.160042007878924153e+01 7.625771587311669464e+01 8.449167804633276546e+01
6.842009524227352091e-02 2.006842009524191894e+01 2.726293526477031293e+01 2.525407268309869835e+01 2.744186867792172890e+01 4.346671927127768953e+01 5.175099058229764637e+01 6.175099071498416947e+01 6.885305850535783634e+01 6.736003320672206485e+01 7.564438794451143622e+01 7.737444885262915761e+01 6.915108128641195151e+01 5.822974402705057884e+01 5.901378540756676472e+01 7.894438392975715146e+01 7.328849586887285739e+01 5.375325492713812991e+01 4.237164576867652954e+01 5.533751390920485846e+01 5.123487141246032905e+01 5.943253737597866149e+01 5.311446199051677297e+01 4.489016267265584048e+01 2.496123807442625520e+01 2.468703711120045696e+01 2.575071212879071325e+01 2.681973372081401408e+01 2.911229747007059032e+01 4.911977416717496681e+01 6.066713019620039660e+01 7.504101862962403402e+01 6.684437954102401136e+01 6.815573455942683267e+01 7.615343002815144757e+01 7.098661267572414602e+01 7.915857686829271245e+01
1.934550753332892059e-02 3.611451548068834949e+00 7.262935264769957655e+00 1.111193705936749687e+01 1.714216395092266509e+01 2.346671927125931134e+01 3.346671927125966306e+01 4.760885489499111145e+01 6.760885489536228476e+01 7.440206890508045490e+01 6.622342068582790375e+01 6.484113671463097717e+01 4.886499100170600229e+01 4.618998861978017345e+01 6.436175173600953769e+01 8.360680143275554599e+01 8.145562610235720058e+01 6.927033729349406599e+01 4.956634943839948448e+01 3.552277127012170155e+01 3.134987100543050431e+01 4.575403417043449394e+01 5.011066686953430604e+01 4.185460084058048125e+01 2.318294589674029638e+01 4.317253155124913633e+01 4.574847199540980114e+01 4.682984106050680850e+01 2.855953128118175499e+01 4.857448910816054877e+01 5.857853456725315056e+01 6.359821043608740609e+01 4.698145963291611338e+01 4.835336857746393235e+01 5.814131947700551706e+01 5.115472475768813609e+01 6.776211748633483012e+01
4.364784840791047227e-02 2.004364784840755576e+01 2.726293526477031293e+01 2.525407268309869835e+01 2.111193705936767273e+01 4.111193705930696751e+01 3.979665088981440846e+01 5.979665088984177856e+01 6.694486239192646337e+01 5.870567371215611985e+01 4.596922223372674665e+01 4.438174737468658293e+01 3.644680954564806541e+01 4.886499100170600229e+01 6.332806826134041245e+01 8.320907830541437988e+01 7.543006782967209745e+01 6.717782703244395748e+01 6.351485594443317240e+01 5.533720699673882137e+01 4.575404067141563758e+01 2.580427954669486468e+01 4.054391219799723700e+01 2.187136599594197151e+01 4.185460082277465688e+01 3.473366874775625490e+01 5.470023264265629592e+01 5.682080461294667373e+01 4.847168560478832688e+01 3.032455460223600596e+01 5.033238463693908216e+01 5.347328027239939985e+01 3.543634439568939598e+01 3.681821494300876907e+01 3.820947525317541960e+01 3.960732678605765500e+01 5.955606528407150080e+01
5.219006137575642884e-02 2.005219006137540205e+01 3.834882233739460133e+01 4.525407268310023312e+01 3.525407268309912467e+01 3.525407268309912467e+01 5.525407268314307885e+01 6.808092213901778678e+01 5.870567371215611985e+01 3.789680756198550426e+01 3.345351293984727903e+01 2.888314585741892770e+01 5.037416377342049856e+01 6.573551142293818828e+01 7.289357109735014717e+01 8.109472503966888723e+01 6.717782703732612504e+01 4.754026190848919953e+01 5.329197156010687308e+01 6.148337033813698582e+01 4.753878533900331860e+01 3.927991838582436657e+01 2.056983557177744615e+01 3.469740687870407925e+01 5.011177846656906354e+01 4.628228160127387270e+01 6.294615917085186396e+01 6.977395250148205719e+01 5.435981933596504945e+01 3.489557312888953788e+01 3.216812877358982803e+01 3.349100333997237300e+01 5.347328023106990713e+01 5.678056427970340536e+01 5.814783915291849326e+01 4.934559943259908721e+01 4.161974851628264105e+01
