MOVIE_S11_data/elevation_000906.asc
nrows	100
cellsize	150.0
xllcorner	0
ncols	100
yllcorner	0
NODATA_value	-9999
[rows 17 to 33 of 100, columns 37 to 73 of 100]
6.006617655983797022e+01 6.836042692063708159e+01 5.969711096550707907e+01 4.091466797509101383e+01 4.415084228422175272e+01 3.291128509687963799e+01 1.285571916032124484e+01 3.118633949498218882e+01 1.772764061908702615e+01 3.780322844658027037e+01 2.613394629381984302e+01 4.618877129659330905e+01 4.856001228940390035e+01 6.094822499808522309e+01 6.814702746586173987e+01 6.216411421321035391e+01 8.259105778291451827e+01 8.654234075002946724e+01 7.651548756860911737e+01 6.820463578598457843e+01 6.153571789223492061e+01 5.550687991315961511e+01 5.079474921660962394e+01 4.055676968748098687e+01 2.054350055587233115e+01 3.879979289623790351e+01 4.315070473883248781e+01 4.783246177433360202e+01 3.551738306716774218e+01 4.126018205108042736e+01 4.785022786241803772e+01 5.767156585489005494e+01 7.755238248885831354e+01 8.254923629019378950e+01 7.025678966030000083e+01 5.653854192454894445e+01 3.651342825383611057e+01
6.596027774693145318e+01 6.865570673305973060e+01 6.058190671987404841e+01 5.965183159329804141e+01 4.748140780421486085e+01 3.927900291893520546e+01 3.271949927557559334e+01 1.384866822476699255e+01 3.393859234350662035e+01 4.569915124139018303e+01 4.618877129659330905e+01 3.076281183975520506e+01 3.427391733152937547e+01 4.063074193790298949e+01 4.778573930031279815e+01 6.216411421321035391e+01 8.259105778291451827e+01 9.762287509690207798e+01 8.603857186879379526e+01 7.706378711163844741e+01 6.875647378686555555e+01 6.319147149722435586e+01 5.813225727751829197e+01 4.427377589686854975e+01 2.425824529670557794e+01 2.251489359081682551e+01 3.921088248825878964e+01 5.197358898364785773e+01 5.531919319000773783e+01 6.102472540205547347e+01 6.761197417187420911e+01 7.589752921298979516e+01 8.586563956938678643e+01 7.422859973773920217e+01 5.408677516671796326e+01 4.251098375044955446e+01 4.314743955945700549e+01
4.630457699469787514e+01 5.545387098892587119e+01 4.078790937261634042e+01 4.609777301107781966e+01 3.934535823948348110e+01 1.999613230822356158e+01 1.747837296929075990e+01 1.919939416080418937e+01 1.491855328771927525e+01 4.355931529320741902e+01 5.939065875857632193e+01 4.498865411683117088e+01 5.452327271887882176e+01 4.097684239074439461e+01 6.129203423988482058e+01 7.571132191867890526e+01 8.416301096320003694e+01 8.933062930307501404e+01 6.924724326486706616e+01 5.765781054085896784e+01 4.869157268349422907e+01 4.313784848523224724e+01 4.982751309582623378e+01 2.980366974779289535e+01 4.427077800413201913e+01 4.238783734185780361e+01 2.450068034183174248e+01 3.917074624624082446e+01 6.112646818696018158e+01 7.145952853497905721e+01 7.962858464334357222e+01 9.102193662396631169e+01 8.114136557406136774e+01 6.098736304809904141e+01 4.937194281716412547e+01 6.259971189968990757e+01 5.022331218749515358e+01
5.545387098899624334e+01 3.553140402038553702e+01 2.918835198728290337e+01 2.628925589680443764e+01 2.362082490004616631e+01 3.900315517954709321e+01 3.666979207502215843e+01 3.309784678527308444e+01 1.567516071996466920e+01 3.718562046960870759e+01 5.980697471537466470e+01 6.532340942451556032e+01 6.974648782641160949e+01 5.532170478827281812e+01 4.891865977244246722e+01 5.534065500192045306e+01 6.973181395309518393e+01 9.014713114547492978e+01 8.295451118864626494e+01 6.287545413594994415e+01 6.875647378686272759e+01 4.999253740694708625e+01 3.583183150262199490e+01 4.982751309598250344e+01 4.651796464888204241e+01 2.651596892827780749e+01 4.451867718781578276e+01 5.291155654731443292e+01 4.565893326901264970e+01 5.166824123340740016e+01 6.311403781151224734e+01 8.285968087028217610e+01 8.945322092178314222e+01 7.509535418369205217e+01 5.494065645225776251e+01 7.509535418369205217e+01 5.921699434115055283e+01
3.887092035898869824e+01 3.453988513516532777e+01 4.915383702337193483e+01 4.036631163897959595e+01 3.898713443861736749e+01 4.182200492517480939e+01 3.677337327826558777e+01 1.674447527934322011e+01 3.579450581207810700e+01 2.755425481899370155e+01 4.335894411427697293e+01 6.695110143606733288e+01 7.790094803737801499e+01 7.570568457351571112e+01 6.328802372854293168e+01 7.571132191867890526e+01 6.973181393516776438e+01 9.014711617846373315e+01 9.125212009856672069e+01 8.295451118864779971e+01 7.836062538078027728e+01 6.417658149666831946e+01 4.999253740694710757e+01 6.417658144777325901e+01 4.794967137145962255e+01 2.794789903486038796e+01 3.265828888984314915e+01 3.750585718665236357e+01 5.744925973932178209e+01 7.145952853497905721e+01 6.567776475489840493e+01 8.541794106728740132e+01 8.933912966652201249e+01 6.919538919930641896e+01 6.395063349393122110e+01 8.341669342302287760e+01 7.086215582335539409e+01
5.048678252885849815e+01 4.876824147647488417e+01 5.179528629994912592e+01 6.062521693547819268e+01 5.855349309466350860e+01 4.557378524015757648e+01 1.780861099955011895e+01 2.812417387477041331e+01 3.803237398643893385e+01 4.824387944095306580e+01 5.918624877549886776e+01 5.845729879886594205e+01 5.841403838154420214e+01 7.307002936678343019e+01 8.356279294888169318e+01 8.381079230962163251e+01 9.014711617846373315e+01 9.859277360836917126e+01 1.015197595892604170e+02 9.004535127749552714e+01 8.183020872300194526e+01 7.476498526732562766e+01 7.005577521592107360e+01 6.297938458701737119e+01 4.946174194148279923e+01 2.945892859084812088e+01 4.946174194146161796e+01 5.744925973932178209e+01 5.744925973932178920e+01 7.732770761466383647e+01 8.541794106728740132e+01 9.357940453178855478e+01 9.763799764673913728e+01 8.933912966652201249e+01 7.822035093627290792e+01 8.411162261927060513e+01 9.102617348494008809e+01
7.007828610287798199e+01 6.842386557232950395e+01 7.282803374498254811e+01 7.904392431814993358e+01 6.697603108582623577e+01 5.124135976050732921e+01 3.801580082201854083e+01 1.887641231535162589e+01 3.862800109306853358e+01 4.381411909684327810e+01 4.619545172976020808e+01 3.871491785077200376e+01 4.503270884393693052e+01 6.493770215072144936e+01 7.268659274583914964e+01 6.339066422250446919e+01 7.765180584192314939e+01 8.943038069172455096e+01 9.332748380982053504e+01 7.341362819981198129e+01 6.184674180793876275e+01 5.476033762413093342e+01 6.581863390814794457e+01 5.471626206737556686e+01 3.470695411789105123e+01 3.112989630690975318e+01 5.113462714164419509e+01 5.694390140738493500e+01 6.520721579904389387e+01 7.206170633000668602e+01 8.030314155013783761e+01 9.181544345509610139e+01 9.491303286048710675e+01 1.031098539131438798e+02 9.833441061598833244e+01 1.041982212771183072e+02 1.066001647710819640e+02
7.129892797962334328e+01 7.958340060529309312e+01 7.796458932664987174e+01 6.972206737582497738e+01 5.968824342464667865e+01 4.014591110674835051e+01 2.927565967319893758e+01 1.963634150543477119e+01 3.302093077040696301e+01 2.415880583425179395e+01 2.658534975781157428e+01 2.902446464464747322e+01 4.870971382659220694e+01 5.541300037250243804e+01 5.258158103904740699e+01 4.910216783339645730e+01 6.075877992364702607e+01 8.093726610696553792e+01 9.699544423432332962e+01 9.004535127749552714e+01 8.183020872300194526e+01 6.581863390814794457e+01 4.580282878736169749e+01 4.025288451529920053e+01 5.350909890581434780e+01 3.350074215372652731e+01 3.450700852186199086e+01 3.693049511841564225e+01 5.694390140738493500e+01 5.205428663554916113e+01 6.362122698952060063e+01 8.359203172555528738e+01 7.500218228294833978e+01 9.163494502119691276e+01 9.829808695311098177e+01 1.064891561614027466e+02 9.836359676281109898e+01
5.114903073965540869e+01 6.797511786674591860e+01 6.972206737582497738e+01 4.964734408132963495e+01 5.552709440384375483e+01 5.165861243236138023e+01 4.332470279895051135e+01 3.877404122389167895e+01 2.072995817966267396e+01 4.047999688447723088e+01 4.623051781085142409e+01 4.870971382659234905e+01 3.273679358919487470e+01 3.547031576421471755e+01 3.841927784089124742e+01 5.840766625808191037e+01 7.148773477512304453e+01 6.890602397595948503e+01 8.881098870558084002e+01 9.696680599476673024e+01 8.701709642247946874e+01 6.880056499504611622e+01 4.878816261013145805e+01 6.026724794612509584e+01 5.591839093153893714e+01 3.590608225665128828e+01 5.451691940568431249e+01 5.694390140738493500e+01 4.049384845558861912e+01 6.051031931432471112e+01 6.728664853170862159e+01 7.188059982893570066e+01 6.343500426471476317e+01 8.341749791975065875e+01 7.840991083316171739e+01 9.829808695311098177e+01 9.731251160458181459e+01
3.953915029326160635e+01 5.589502177254116333e+01 6.420822358207087177e+01 5.552708927686164486e+01 3.557178439060535169e+01 4.346509494691581921e+01 2.376972338746532998e+01 2.190010153107288815e+01 3.980643983909047989e+01 4.028653376338932901e+01 5.952725500329653840e+01 6.084436163041452517e+01 4.668663907233326427e+01 4.535919995027224161e+01 5.846793143522609171e+01 4.344232451778723458e+01 5.246125478967024947e+01 7.259390558145496186e+01 8.954050806176179833e+01 8.876589851514742691e+01 6.882477755716287504e+01 5.880579195393718095e+01 6.880056499504611622e+01 7.084043471083246857e+01 5.836365870293840885e+01 3.834827937234347672e+01 5.250547760371369321e+01 6.876962933773718589e+01 6.051031931432464006e+01 4.438118106502423643e+01 4.727021107100064512e+01 5.186303789395028474e+01 5.790365074201206852e+01 6.424595439366991911e+01 7.582116864069156748e+01 9.572856121477066438e+01 1.055595830398678032e+02
5.539361911970005536e+01 3.586360965013895452e+01 5.284025938573810066e+01 4.799045992391629056e+01 2.826846385790422644e+01 2.640846403230977302e+01 4.253200717030962608e+01 2.282618660168814628e+01 4.245143291548598086e+01 4.010444619677228673e+01 5.401699813221071622e+01 7.347449711288730612e+01 6.672019031251934962e+01 5.697920808302517770e+01 7.183939458031078118e+01 6.358965696112061750e+01 4.951051684583136847e+01 6.118977020899967556e+01 8.124519348219826043e+01 9.696680599476673024e+01 8.701709642247946874e+01 7.879533803615517229e+01 7.500896589384133506e+01 6.258371166400560526e+01 4.256624285874222835e+01 4.306431720344454561e+01 6.308183224596016458e+01 8.074565647295298731e+01 6.439890180737197056e+01 5.854396423145355044e+01 6.728825616732150650e+01 5.282329412279318603e+01 7.283984986679782025e+01 8.423502275326254107e+01 9.244953349728210412e+01 1.039214082996953294e+02 9.993909486004874054e+01
4.144995777383464741e+01 5.284026005598748554e+01 3.292870922864014460e+01 3.098483071838451863e+01 4.799046297909050196e+01 4.181570206390291133e+01 4.890268383702447608e+01 4.202206464253003304e+01 2.413714522446345612e+01 4.394204713573675747e+01 5.702360932232796387e+01 6.374861193847642227e+01 7.208144676574170262e+01 7.702067002659974548e+01 8.518214567298538498e+01 7.504238775573054454e+01 5.492649567742086703e+01 6.379675590184234579e+01 7.798715751670029306e+01 9.795722734384709440e+01 8.911405391953951494e+01 6.916644713513078102e+01 5.499701639727187796e+01 4.964423321027450697e+01 4.649158539815317681e+01 4.806853723186262783e+01 6.808626391732656202e+01 8.416764650203387532e+01 8.436016653082852201e+01 7.853397151000177701e+01 7.755658827798895061e+01 5.754516198417151429e+01 6.439622935567028605e+01 7.596174657272975139e+01 9.586547015029908891e+01 9.993909486917867468e+01 8.843194427004488034e+01
6.158894229831108902e+01 6.043374086548084989e+01 4.033670290088714694e+01 5.080800991308146308e+01 5.911487578997183334e+01 6.312774283085528992e+01 5.370531535137420320e+01 4.468487485987628105e+01 2.506342159556868054e+01 2.928837609822902621e+01 4.879388596118756283e+01 4.383903451692381026e+01 6.376847224847650608e+01 8.203549473966809558e+01 9.205324822108059379e+01 8.083088837640534052e+01 6.077893402709973714e+01 8.083088837640534052e+01 9.213597969812285271e+01 9.848786296735252677e+01 7.860301113758339397e+01 6.444816513390438217e+01 7.500896589304164763e+01 6.966054595403939231e+01 5.049521378117657378e+01 6.808626391732656202e+01 5.592518770174635279e+01 7.009380928257836274e+01 9.003552251271395335e+01 9.662879465755692365e+01 7.672702183141181820e+01 6.255800470828883419e+01 8.255611613455567976e+01 8.437404998491359720e+01 1.040608811507944864e+02 9.169044190045754306e+01 7.175244750793893900e+01
7.595850806749497508e+01 6.872288534423499584e+01 5.192794124289248003e+01 6.872288475524563012e+01 6.565814245300910557e+01 5.509221015680452638e+01 4.308755578806587039e+01 2.639173378012686300e+01 4.460401869689101062e+01 4.881007127603616880e+01 3.588694942683978439e+01 5.561238771239305834e+01 5.370541536797465909e+01 6.371876254523284899e+01 8.389348425062179615e+01 8.912022965020825893e+01 7.085115241198955971e+01 7.498694652011741368e+01 9.493941206357528984e+01 9.848786296735252677e+01 7.860301113758339397e+01 7.860301113758339397e+01 8.612968252760335020e+01 6.615794183367182768e+01 5.458251305069134673e+01 7.459899251763316386e+01 6.749884961169323105e+01 6.749884961169323105e+01 8.745805372934393063e+01 9.662879465755692365e+01 7.672702183141181820e+01 6.965374537906849639e+01 8.961265701653265126e+01 1.042310847397716742e+02 1.028949716116006243e+02 9.292695430015875502e+01 8.467447364639318153e+01
8.753748942997980009e+01 8.030968694634611893e+01 7.205287925929744119e+01 7.155380451271045672e+01 5.147415229290013627e+01 3.739172670106713525e+01 2.771211424059821482e+01 4.603884032702624296e+01 4.023263069395064662e+01 6.015848395822122541e+01 5.047486105677358381e+01 6.391677819981358510e+01 7.380612339792733678e+01 8.203549473966809558e+01 9.205324822108059379e+01 9.911191977061915281e+01 8.497163674714224157e+01 9.493941206357528984e+01 1.032535127802989336e+02 1.066808730571571999e+02 9.848786296735252677e+01 9.848786296735252677e+01 9.434136407753857156e+01 7.918961754485199833e+01 5.917954696351662847e+01 7.918961754485199833e+01 8.164005572111791764e+01 7.905575638950236339e+01 9.566741528158709684e+01 1.048220528982472075e+02 9.662879465755692365e+01 8.380029828375523948e+01 8.380029828375523948e+01 1.036449322985814234e+02 9.464778622480773151e+01 7.470116106797870259e+01 6.474327698008022480e+01
9.378252368301259878e+01 8.224797942133379536e+01 7.398908388178330142e+01 7.399929305924914047e+01 5.398888000405227672e+01 3.986967281282662157e+01 2.890003089747949616e+01 2.798188250800590993e+01 5.998030353614161925e+01 6.845792608307178284e+01 7.246663804561214306e+01 6.806333578188392153e+01 7.398474906279531638e+01 8.089454380900195929e+01 8.908266827621946504e+01 1.004510089344497459e+02 1.049071873800081960e+02 1.051507459317398769e+02 9.691649963440433169e+01 1.016601673237283734e+02 1.099016045488363318e+02 1.058238688492560300e+02 8.599039333182855671e+01 7.186153461229483241e+01 6.522832702793380122e+01 8.521618281992029154e+01 1.015039434266628291e+02 9.893580534571793805e+01 1.071277646733589535e+02 1.128865596924321579e+02 1.046063640833676516e+02 1.036449322985814234e+02 1.036449322985814234e+02 1.118293044364112347e+02 1.028949716116006243e+02 9.292695430015875502e+01 8.467447364639318153e+01
8.554607716005671136e+01 6.552877763608620398e+01 5.384941140647926261e+01 6.235588164896240215e+01 5.907404987672021690e+01 4.925219703872318178e+01 2.947727895281789046e+01 4.925156086859536231e+01 5.937164899232383419e+01 6.857546277124350809e+01 6.037488688217864308e+01 4.830545372191065923e+01 5.434564299609087357e+01 6.135069292240223149e+01 7.260437509965146319e+01 9.221912486763342542e+01 9.832855880237053725e+01 9.009279325043723929e+01 7.702214779967408731e+01 8.178295355999395611e+01 9.875731653551750355e+01 1.069890195072652119e+02 9.999998703479008100e+01 9.179948381638567412e+01 7.420255616424343259e+01 7.939299087246021713e+01 9.927461179578023120e+01 1.090640746236519760e+02 1.007835187957887939e+02 1.013439095340690557e+02 8.461295652498733944e+01 1.000933750077764017e+02 1.000933750077764017e+02 1.083739325445992421e+02 1.084056686358178041e+02 1.001287234724086517e+02 9.779124533892935744e+01
