MOVIE_S11_data/elevation_000823.asc
nrows	100
cellsize	150.0
xllcorner	0
ncols	100
yllcorner	0
NODATA_value	-9999
[rows 68 to 84 of 100, columns 0 to 36 of 100]
5.009162696260269221e-02 2.653869846579084868e+00 5.279998503773547291e+00 7.976797953626526549e+00 1.375030064552283449e+01 1.978052753707821410e+01 3.978052753620521997e+01 4.386260653393190978e+01 3.540961191756746018e+01 5.518311118822951045e+01 5.518311118822951755e+01 7.102667183399118755e+01 8.257367717530085827e+01 7.872529956468994783e+01 5.876705665864736972e+01 5.615350358491365768e+01 6.842754885745061699e+01 7.189051849166996533e+01 5.183805126486035419e+01 7.195510762918981129e+01 7.667277151716703543e+01 5.651149399972296550e+01 4.229323872070214207e+01 6.241659546714451068e+01 6.247394130773718501e+01 4.202994437622749757e+01 6.247394130771561294e+01 6.266103910387793974e+01 4.234252107429808376e+01 6.266103910402303967e+01 6.084607324771243952e+01 4.482359428678202562e+01 4.928786521787830566e+01 5.431225775619472529e+01 6.111869940834182557e+01 7.273219595379465829e+01 9.262198542603492513e+01
4.695337527364121244e-02 2.004695337527328647e+01 2.527999850385198499e+01 2.211893357735772980e+01 2.430672957217985442e+01 3.978052753611574133e+01 2.978052753707839173e+01 4.978052753533242480e+01 5.540961191793980589e+01 4.955174754129910752e+01 6.955174754256803737e+01 8.346738228059253117e+01 8.662718609043088236e+01 8.686984032058349214e+01 7.872529956468994783e+01 7.613116072553266633e+01 8.426481480428155635e+01 8.016208877442821290e+01 6.200815361505633660e+01 8.016208877442821290e+01 7.863889562871368355e+01 5.843700170186185971e+01 4.681555675087496837e+01 6.699938819287250169e+01 7.077426301991829405e+01 5.657241421644327062e+01 6.247394130772686793e+01 6.754307571356987694e+01 4.742329255457843828e+01 6.754307571356987694e+01 7.353459966507404033e+01 6.525171508082564742e+01 5.176683316563271120e+01 7.199415603838201605e+01 6.516841438561367283e+01 8.514122046290673040e+01 1.008432500117992561e+02
7.614146464036156137e-02 1.421827708837143689e+01 3.421827708837214033e+01 4.211893357667224080e+01 4.430672957060057371e+01 5.259100012524115186e+01 4.392266316080884536e+01 4.392266316080883826e+01 6.392266315484864947e+01 6.955174754256803737e+01 7.783601869119095795e+01 8.081178153658876795e+01 6.680443474275240590e+01 8.081178153658832741e+01 7.983858748886052581e+01 8.802656686761986293e+01 8.836342520075858431e+01 9.009080560086113110e+01 8.190206164332346361e+01 9.009080560086121636e+01 8.692940254867720284e+01 6.699938819287250169e+01 5.581479984229916624e+01 5.688519852000720789e+01 7.711357786573772444e+01 7.672148805126782634e+01 8.256244177888073921e+01 7.456054492543565004e+01 5.471214465952296990e+01 5.918299917329412096e+01 7.896315264516880461e+01 7.701970421687818202e+01 5.691751150305724849e+01 7.701970421687735779e+01 8.514122046290654566e+01 7.932479399749126969e+01 9.918331612025825450e+01
2.352828262072655108e-02 2.002352828262037221e+01 3.096009135282920965e+01 3.728464667316642789e+01 4.556891792062862834e+01 5.451318983062794388e+01 6.392266315484865657e+01 6.392266315484864947e+01 7.220693269833154204e+01 7.357322052089247677e+01 7.927284141591830746e+01 7.192644761410106469e+01 5.270975660388332784e+01 6.362218588228327576e+01 5.997763278868351478e+01 6.853337078002043370e+01 6.853337078002043370e+01 8.425054807831274672e+01 9.311267813665398307e+01 1.045321675682829436e+02 9.541573465232833939e+01 8.434410033519097283e+01 6.752388112572785417e+01 7.121981060529422791e+01 7.121981060529422791e+01 9.134239071937101073e+01 8.848432935698482993e+01 6.879312457432871497e+01 6.879312457432871497e+01 7.063750672371436679e+01 8.717753449417122624e+01 8.408348940683183059e+01 6.410408777218657406e+01 6.969512267722875265e+01 8.962354543428308773e+01 9.918331612025825450e+01 1.074087072028594463e+02
6.786455232800275850e-02 5.413089390576513615e+00 1.096009135282885261e+01 1.728464667316572445e+01 2.622891858316503999e+01 4.037105420689648838e+01 6.037105420689719182e+01 6.775623138781818966e+01 5.965340985235496873e+01 5.388763551285066455e+01 5.965340987008186602e+01 6.371157966403338690e+01 4.376937203960773815e+01 4.368200634546641936e+01 6.003820880304860452e+01 4.861044997238625598e+01 5.616495890508616640e+01 6.508816223166674320e+01 7.656024533768704998e+01 9.633020895102268355e+01 1.050901276432431359e+02 9.594833506207260143e+01 8.769195056115098907e+01 9.134239071937101073e+01 9.134239071937101073e+01 9.959209484703649196e+01 9.672894780490385358e+01 8.848432935698482993e+01 8.848432935698482993e+01 9.033619647678970921e+01 9.858846572207903591e+01 9.230851492044384088e+01 7.309323523568491510e+01 8.962354543428308773e+01 8.962354543428308773e+01 1.044280209987821877e+02 9.470390387717931446e+01
3.257643153035955086e-02 2.003257643153000345e+01 3.096009135282920965e+01 3.728464667316642789e+01 4.556891792062862834e+01 5.451318983062794388e+01 5.933038827232864776e+01 5.119076701241560556e+01 3.980620924792104631e+01 3.980620924792155790e+01 5.965340987008186602e+01 5.666057385076993569e+01 3.669853376067263895e+01 3.473834131599777209e+01 4.008357352299447030e+01 6.003820880385302416e+01 6.987466681183396133e+01 7.501122247764585893e+01 8.074335812126631140e+01 7.711489079615095932e+01 9.688818626639105958e+01 1.091983589497375959e+02 1.049555377077878546e+02 9.667827586551194941e+01 1.049555377077878546e+02 1.044508367333991146e+02 9.616953693178918172e+01 9.852362303374819419e+01 9.024175508902168019e+01 9.283654074157178115e+01 1.011181695266478613e+02 1.011951070721950714e+02 8.716932327805960767e+01 1.011951070721950714e+02 1.094667370457784443e+02 9.633027347354993708e+01 7.692406436783178947e+01
1.880098487986705744e-02 2.001880088576682937e+01 3.986023987766811416e+01 4.655815880256356820e+01 4.069999035738319293e+01 4.222318031686193507e+01 4.672778365033892101e+01 3.128370055620498036e+01 2.826667759596936591e+01 4.819462324821709842e+01 5.478191458793880741e+01 4.653914103927515811e+01 3.037398146096090557e+01 5.034804562672441364e+01 4.076856355481245231e+01 4.524066321996824769e+01 4.995449357033335502e+01 5.511742792708859895e+01 6.088665778001278994e+01 6.980183374832671461e+01 8.125102260649858010e+01 1.009936465065413245e+02 9.496265965775042162e+01 7.669141037678122075e+01 9.496265965775042162e+01 9.616953693178918172e+01 7.616661707610862209e+01 8.202533665830642917e+01 7.023455538584609315e+01 7.283114952870312209e+01 9.283654074157178115e+01 1.055824765197295392e+02 1.069904326545379973e+02 1.088404648280254605e+02 1.005449102261870138e+02 1.044280209987821877e+02 9.470390387717931446e+01
2.900726248362994752e-02 1.157601264627576221e+01 3.157601234893811792e+01 2.655515431491534883e+01 2.069679212365322130e+01 2.222180221253017507e+01 2.680615259586672749e+01 1.973890363153923388e+01 3.969739966751367888e+01 5.360399580212679638e+01 4.653905166039553620e+01 2.656013089403865379e+01 4.653914103927515811e+01 5.858602588146565182e+01 6.072099160769679571e+01 6.517943695134202642e+01 6.987466681183396133e+01 7.501122247764585893e+01 8.074335812126236078e+01 8.893861711893084987e+01 9.778890666459166425e+01 8.496509714121346235e+01 7.668506288788901770e+01 6.668528265463147875e+01 8.668484312114655665e+01 9.616953693178916751e+01 7.616661707610862209e+01 6.201232263717461279e+01 5.867530303389634128e+01 7.869059295466259130e+01 7.729873775552299264e+01 9.730125572239258247e+01 1.097386358594352060e+02 9.728632724303106727e+01 8.053872332687616620e+01 9.728632724303106727e+01 1.041212819706306050e+02
5.081304048347550645e-02 2.005081234530663536e+01 2.295817228311129909e+01 2.442885400261230444e+01 6.554540316235001107e+00 8.079526019561059869e+00 1.266784069804578650e+01 3.203895444339001131e+01 3.372826453594654339e+01 3.371644037194634791e+01 4.395878535882400939e+01 2.397814198579230904e+01 4.395986036358364402e+01 6.227155414801546840e+01 7.000553728705007472e+01 7.291011486853962253e+01 7.815050895495640759e+01 7.394921737159974384e+01 8.235457845500179985e+01 9.249567147904453179e+01 9.082377315223138226e+01 7.082861734193475911e+01 5.667553212538786056e+01 7.668506288788901770e+01 7.920370318159032763e+01 8.748767199187946630e+01 7.440314259577951361e+01 6.611643111531405737e+01 5.200282237832538357e+01 6.095547917798582205e+01 8.096926819249814855e+01 9.822489927379082530e+01 1.000296449461710608e+02 8.143310381757704874e+01 6.898920124986160829e+01 8.899433283441193510e+01 9.256792780894738826e+01
4.469920835086939326e-02 1.499485143257486719e+00 2.958135058236435189e+00 4.428564302424057075e+00 2.442866540608328307e+01 2.808023275944917430e+01 1.039666380501504861e+01 1.205757340208986150e+01 1.373593611868325404e+01 3.366137976858295389e+01 3.793966411882874468e+01 2.145837882945372499e+01 4.144238882152690451e+01 4.343048826379520477e+01 6.227155414801546840e+01 5.258698662853259975e+01 5.785454993070257501e+01 5.364898002484569872e+01 6.381232893645944415e+01 8.408610580675342305e+01 8.547905775402598749e+01 6.547917660575812704e+01 5.132608597694616748e+01 6.447628287898845656e+01 5.919110202233459717e+01 7.593564567582161828e+01 6.611643111531405737e+01 4.610161161223682313e+01 6.611643111531405737e+01 7.360672512085521646e+01 6.993533058574733730e+01 8.994255744652753037e+01 9.173597715433029975e+01 7.173091936754579478e+01 6.142991635587807053e+01 8.143310381757703453e+01 8.427688685172367400e+01
2.324776005098762310e-02 2.002324776005063356e+01 2.295825676446687780e+01 1.596872870491209717e+01 2.433784224354358372e+01 3.837947483144993299e+01 2.455569532735169602e+01 3.205744282993849481e+01 3.368099014821761017e+01 1.616129236904700051e+01 1.795014675104790314e+01 2.062275917021210603e+01 2.955579129549115791e+01 4.755902512595080367e+01 5.174580323310436114e+01 3.815842354909970169e+01 4.342873371227808832e+01 6.379909869822221680e+01 8.235457839332718777e+01 9.249567147687702118e+01 8.810033944484466417e+01 6.852294836717229032e+01 5.446410096365967490e+01 4.446197939543556288e+01 4.763488924035371497e+01 6.698616069164698672e+01 6.233398576238639066e+01 4.232022977337936709e+01 4.651579063433531758e+01 5.359169803474059535e+01 6.514944321407632799e+01 8.515958705247433613e+01 8.954733834987332841e+01 6.954269003356426992e+01 5.540082553069326110e+01 7.540191587015915786e+01 7.720443277174597085e+01
8.699724428260374731e-02 1.423248341871624945e+01 3.426614681958475472e+01 3.585950924528381734e+01 4.350735850478638866e+01 5.177764536682980179e+01 4.490388871267430204e+01 4.559261901737426825e+01 2.558940350177149270e+01 3.620007549177685036e+01 3.209240631660036058e+01 4.070700545879154220e+01 2.466336923389081548e+01 2.786593149190154861e+01 3.137974306664259316e+01 5.174580323310436114e+01 6.379909869822221680e+01 6.379909869822221680e+01 8.409677751109347810e+01 8.895366595424816580e+01 8.068141549360946385e+01 8.237552330911492504e+01 7.257449116597403815e+01 5.869865112705236498e+01 3.868600755029598304e+01 5.869865112705236498e+01 5.446095649461891952e+01 3.866735481185145318e+01 5.867999055691760191e+01 6.066903860476735844e+01 8.068078845162001755e+01 9.344250209324340517e+01 8.483219752223025978e+01 6.482873519927328232e+01 5.068831685436862955e+01 6.451569669833010323e+01 7.117369255327199085e+01
2.249585233037712170e-02 2.002249585233002094e+01 3.016676425420163454e+01 3.594031769315612479e+01 4.260708643325308032e+01 5.089348797142169190e+01 6.089308419164680686e+01 5.388635112622561252e+01 3.713669334400466226e+01 4.192061792209687354e+01 5.209304016217862454e+01 5.222196214332485908e+01 3.133745427654512028e+01 4.785844533792443656e+01 4.003969520682670691e+01 4.042109999405847276e+01 5.003659056058929622e+01 6.204960199276846566e+01 8.229706971235405888e+01 8.068141549360946385e+01 6.067287335139963034e+01 6.653323966319607052e+01 7.283341958424989571e+01 5.521489704373373542e+01 3.520349928791924299e+01 5.049816239674902363e+01 3.444982721404915083e+01 4.600222886356861096e+01 6.601579332232682873e+01 8.068078845151924838e+01 8.896467377522697006e+01 1.014270023201471105e+02 9.020856233917378120e+01 7.020411833457691841e+01 5.606227386885466046e+01 4.451837803583369890e+01 5.896943840529758063e+01
2.739267172789772165e-03 5.002739267172810145e+00 1.016671706211607784e+01 1.594021975401243019e+01 2.260688642069587573e+01 3.260688650879356487e+01 5.260755721737370294e+01 6.544190566920555341e+01 5.714362830214065525e+01 6.193113289646215236e+01 7.023145256795591251e+01 6.155364774125809646e+01 4.315820260838502520e+01 4.811455953474747105e+01 4.957643844405950517e+01 5.229553427344629313e+01 6.140773758541939742e+01 7.899632687712440315e+01 9.068783760959526319e+01 8.068141549360946385e+01 6.067287335139962323e+01 4.651999332266806420e+01 5.282226802231012641e+01 6.348549199907907337e+01 5.049386274011285280e+01 3.048868637762737421e+01 5.049816239674902363e+01 6.274880853327911012e+01 7.430223949214789059e+01 7.683242537094722024e+01 7.316777826781475369e+01 9.313823506695914034e+01 8.037153213147244912e+01 7.036990392883568290e+01 6.208260195732354703e+01 5.896943840416258098e+01 3.897250354414713769e+01
8.327778614586213435e-02 2.008327778614550851e+01 3.016676425420163454e+01 3.594031769315612479e+01 4.260708643325308032e+01 5.089348797142169190e+01 6.089801167162418949e+01 6.069849480398018926e+01 6.898206366294949987e+01 6.878105125512936979e+01 7.706558880042555870e+01 7.424462760121328131e+01 6.500460919342286559e+01 6.299258627988152881e+01 6.198853391908293275e+01 7.177602643366275004e+01 7.997868066934505293e+01 9.019200444569123931e+01 9.332976515949231100e+01 7.333096836628264725e+01 5.917878790681782419e+01 5.868339861545055669e+01 3.867152255454247722e+01 5.181938175446462935e+01 4.840057864501280704e+01 2.839202956284326618e+01 4.253919139795771542e+01 6.255121923117422966e+01 6.617500993280422961e+01 5.689422677189207178e+01 7.098481987783171121e+01 9.094979385983390330e+01 7.208254828313859264e+01 5.208265563150847299e+01 4.208446698286149967e+01 5.208353446573553924e+01 3.608515500693211209e+01
6.510866554257997707e-02 1.420724428927365501e+01 3.420724428927435667e+01 5.283971267574251840e+01 5.183998809799141583e+01 4.355382591518825564e+01 5.184142611323203909e+01 4.069855429589321716e+01 5.743536931553011016e+01 4.878103732713483964e+01 6.551846901491744291e+01 7.153908888825915824e+01 7.982366793874086852e+01 8.414733018421644317e+01 8.148549047405188617e+01 8.457931302420581687e+01 9.264299354158991662e+01 9.060280127936860595e+01 9.878083124790737202e+01 8.746183108358758318e+01 7.918848033144193721e+01 6.596965122112129620e+01 4.595814822879684414e+01 3.180974091367494339e+01 4.564427262805387642e+01 2.634003368026897363e+01 4.634774482351888736e+01 5.725541681260590821e+01 4.623019338437826065e+01 6.617500993280422961e+01 7.749731193837419596e+01 8.576278884597935814e+01 8.037153213147210806e+01 7.036990392883463130e+01 5.208353447017196203e+01 3.208322112130263548e+01 4.862800038459983654e+01
8.953482861371392376e-02 1.423167045234478856e+01 3.423167045498404804e+01 3.283972286373703753e+01 4.183074067467991597e+01 2.355359926883049226e+01 3.650243976865449014e+01 2.915154901700310575e+01 4.458492346081888513e+01 3.723403193470866768e+01 5.520914050892165648e+01 5.153906836057615948e+01 7.105288692699122066e+01 8.260002320693784839e+01 8.135465836150534358e+01 6.478228752417697933e+01 7.655680700943366901e+01 7.073876568581185609e+01 9.060280127936860595e+01 8.681671430735157458e+01 6.681178244118838450e+01 5.265982821131193958e+01 4.110585259187150342e+01 3.215855082727357939e+01 2.563698110834566890e+01 2.430932519060199226e+01 4.431661102593130863e+01 3.729280981996676303e+01 5.725541681260590821e+01 6.353023298788281181e+01 5.774487945985352866e+01 7.749731193837419596e+01 7.517687454183625562e+01 5.517634921299786299e+01 4.363120597337546513e+01 4.862743961583857555e+01 2.862473742896333206e+01
