MOVIE_S11_data/elevation_000733.asc
nrows	100
cellsize	150.0
xllcorner	0
ncols	100
yllcorner	0
NODATA_value	-9999
[rows 51 to 67 of 100, columns 0 to 36 of 100]
6.455108993161302877e-02 1.161155647372402733e+01 3.161155647372003585e+01 4.206196176456388969e+01 5.206196176701755718e+01 6.334192248613658904e+01 5.475523166479411685e+01 6.334192248614046861e+01 7.084371950467127022e+01 5.945147058526333694e+01 3.938870230280729601e+01 4.526495062520314150e+01 3.137617534241885764e+01 4.559376878981518644e+01 6.563691969000585402e+01 7.046316893723343355e+01 5.796482538822499464e+01 4.257377075866940430e+01 2.236220796488630924e+01 3.541875894630453558e+01 1.694392621959736545e+01 1.788474625966690823e+01 2.191759031995919926e+01 4.214302591079977134e+01 5.188078223317492643e+01 3.360052371397691928e+01 4.475042738594599712e+01 4.587668296574149451e+01 4.573840726755732788e+01 2.859815090964706030e+01 4.844931064812914911e+01 5.151164293331230937e+01 3.339647414858775676e+01 3.475356045019276507e+01 5.468049898364737516e+01 5.814408700208257130e+01 4.016866915604310151e+01
3.995603441288197999e-02 6.706622701079519189e+00 1.377769051294493252e+01 2.377769051294511016e+01 4.377769051294716007e+01 5.323228006255743594e+01 3.474753563380142651e+01 5.323228006255743594e+01 5.029689785495124710e+01 5.945142052609082839e+01 3.938870222848119340e+01 2.508681197963876031e+01 4.526495062520402257e+01 5.976598022917429631e+01 6.490469072830745745e+01 6.217684048215758708e+01 4.193739284608527385e+01 4.525628645177469878e+01 3.409663829510787281e+01 1.563254314727049632e+01 3.603360450175166108e+01 3.234929663359859120e+01 4.213856391426869408e+01 2.784667304862453818e+01 4.794585665222198401e+01 5.364631733187185603e+01 5.363459246951252624e+01 5.593250599369618214e+01 3.592191656046131953e+01 4.864489650498194351e+01 5.663892663139040451e+01 5.339197986378892580e+01 5.343135338535932277e+01 5.470688951379094078e+01 3.669452655112439743e+01 3.812116314120650884e+01 5.815549505931348762e+01
4.804567899273937126e-02 2.004804567899238421e+01 3.377769051294593794e+01 4.206196176468295533e+01 5.206196176705266510e+01 4.475138364929779300e+01 2.549839066596853598e+01 4.220520220652959864e+01 3.636076267350793501e+01 5.631492258432353282e+01 4.158094287317974391e+01 2.129152945403339814e+01 4.158094287318475324e+01 5.071803755586280005e+01 4.484155468589361249e+01 5.901672584440846236e+01 4.555902223947889240e+01 2.526993389156344350e+01 3.387715677073816067e+01 1.473773440482185393e+01 3.513626919371316148e+01 5.226908960607593002e+01 5.221608609065885531e+01 3.216539828323951156e+01 5.222281082569548971e+01 6.739359879324321412e+01 7.353538033699658172e+01 6.422667700977713423e+01 4.592993351418113690e+01 4.592937647657545597e+01 6.591542797392975217e+01 7.325686230852122094e+01 6.431301228902327694e+01 4.425819832009910471e+01 5.677414627516785828e+01 5.815745443756597410e+01 5.815692163155938488e+01
9.707512844716031930e-02 1.423921075217823606e+01 3.423921075217894128e+01 5.233903453643377190e+01 4.405814820838426016e+01 3.794442268980112942e+01 1.951930154997541678e+01 2.333356108967486620e+01 4.220520220652959864e+01 5.229123064990911018e+01 3.214984325929101061e+01 1.760907317316467413e+01 3.329681698049248695e+01 3.056452118813347596e+01 3.056452096403680940e+01 4.448959481675391459e+01 4.348610962346615594e+01 2.357052593422224618e+01 1.349137644177531214e+01 3.175922658083976557e+01 2.658078543210164923e+01 4.666988636951208491e+01 6.052565606799223019e+01 5.222281082569548971e+01 3.905201814138166583e+01 5.909956954452582067e+01 7.632834378982065004e+01 7.457663319905930166e+01 6.009779678327433317e+01 6.007000835097638003e+01 6.007000835097638003e+01 8.002751930543624326e+01 7.189814707887708778e+01 5.182976694146031349e+01 5.693789537880288520e+01 7.700381271127683647e+01 7.820148070223372372e+01
5.001202446392439237e-03 1.414720523477537206e+01 3.415251829888062929e+01 3.601906853372020123e+01 2.402234152871329442e+01 3.211709648425694041e+01 1.429040877838429857e+01 2.642986983779140431e+01 3.445312710052849781e+01 4.019214333186415189e+01 4.636487953884065405e+01 3.329675773564400032e+01 1.272206996399711265e+01 1.616710255663947393e+01 2.949029187708534039e+01 2.426247715570168140e+01 3.088551886359232768e+01 3.175770387495765590e+01 1.262678240973345112e+01 2.446009832515661131e+01 4.473066745895827978e+01 4.081200414931426934e+01 6.081206507229785529e+01 6.740592179338553080e+01 5.062600319574797680e+01 4.801573195739198496e+01 6.219775586140268331e+01 8.224140754982119006e+01 8.035823628468132540e+01 8.002751930542970626e+01 8.002751930543624326e+01 8.828773456031447608e+01 8.022150759102639483e+01 6.186609992818590342e+01 7.700381271127683647e+01 7.700381271127683647e+01 8.952232061486972725e+01
5.279685921607564503e-02 2.005279685917967925e+01 2.134233300617228934e+01 1.599635893637934458e+01 1.247186564583055812e+01 2.310386975813277033e+01 1.618866971645838149e+01 8.523077155445449193e+00 2.483567801394855579e+01 1.994824806286805341e+01 2.652425030247449911e+01 2.717637810725029368e+01 1.027452746170530595e+01 8.499284526377206106e+00 9.191687481917327318e+00 9.879147027168498241e+00 1.056361866211997658e+01 1.141508150140812994e+01 3.170758494795888893e+01 4.129128255642032741e+01 5.305502495069654856e+01 6.081206507229785529e+01 6.912444198094591741e+01 7.898235321084305838e+01 7.067467644257527581e+01 6.219775586136822199e+01 6.219775586136822199e+01 8.224140732215568050e+01 9.280040786951946075e+01 8.463400805786154990e+01 9.280040786951946075e+01 9.745206917832865656e+01 9.026041338848243356e+01 8.193019429848965274e+01 9.026041338848243356e+01 9.708120257725251179e+01 9.851032415727250680e+01
5.738623160518319517e-05 6.166838022098124483e-01 1.233603500685447552e+00 1.851995914788553188e+00 2.471574125597341798e+00 3.093243997757550101e+00 3.715816804122241468e+00 4.344201027729202913e+00 4.980164028487173766e+00 5.617093783927748163e+00 6.255319431660423923e+00 6.894522214877198074e+00 7.544464686589838820e+00 1.057047650295444186e+01 2.949026507811823095e+01 3.018683151146630195e+01 3.088551847014134921e+01 1.210592098661297378e+01 3.230112514114350830e+01 4.232144678061968079e+01 5.214779164252023946e+01 6.045310523963337346e+01 5.862613323424137235e+01 6.691634947205946560e+01 7.847993624964878734e+01 8.224140732215568050e+01 8.224140732215568050e+01 9.056718912271472277e+01 8.288183571833675956e+01 6.474644935836175819e+01 8.288183571833675956e+01 7.765223871864621685e+01 9.163455575742590042e+01 9.472287156049139867e+01 9.472287156068949798e+01 1.030447994148292707e+02 1.100628933362165469e+02
4.532054705376769438e-02 1.949399807696781295e+01 1.276275289367022481e+01 2.185233845043141443e+01 1.656429516593532725e+01 2.310470658501808217e+01 8.466517433709254803e+00 2.483231596877548597e+01 2.522869763695199907e+01 2.583196842933523740e+01 1.963328144791034546e+01 1.059398700509303559e+01 2.399106257461676606e+01 3.084945513323764388e+01 1.500283175354895349e+01 3.535586525581355488e+01 4.064937783372621993e+01 3.230115961911292288e+01 1.358028629889328087e+01 3.398091320033939411e+01 3.198819478600912802e+01 4.701142569350866296e+01 3.850886965863901423e+01 5.015504904816042853e+01 7.019784943002447619e+01 7.763910576335447900e+01 8.592948015857166411e+01 7.846457198948233724e+01 7.469022870811164694e+01 5.472001449596253764e+01 7.084369067987046265e+01 6.351681776988592532e+01 8.345147479393740753e+01 7.465558308626050632e+01 7.465558308626050632e+01 9.472287156065291924e+01 9.888217686439848819e+01
9.001595176218035732e-02 1.998699587019430979e+01 3.227162570837487721e+01 3.865101877228070748e+01 3.612997219178460284e+01 2.777459694000637214e+01 2.791775194864623444e+01 1.575886200463662945e+01 3.519726105964014096e+01 3.494656064364546921e+01 1.594772585881283788e+01 3.204769921162881730e+01 3.783905548984510148e+01 4.320117451230539984e+01 2.681972641221040377e+01 1.984776833693554821e+01 4.013841290921538985e+01 4.232290221195031421e+01 3.398091320033939411e+01 1.513681003951222870e+01 3.568754973629753380e+01 2.677269939904966733e+01 4.672989407834443654e+01 5.995573637155097657e+01 7.436353154053873027e+01 5.759880765314274242e+01 7.436353154053873027e+01 5.826260900147013899e+01 5.826260900147013189e+01 4.763292233137147491e+01 5.082963136982655783e+01 7.084319685635341557e+01 7.049464632162376176e+01 6.045613684281939726e+01 8.053315580040917609e+01 9.561904798890050472e+01 7.886726180418501997e+01
5.674351268809080251e-02 5.830267344318549760e+00 2.585908567691206983e+01 4.216213559539281164e+01 5.053975899878886224e+01 4.825017127387074822e+01 4.117767729516686614e+01 2.134811995051061828e+01 4.117767719753831557e+01 4.314107387777696800e+01 3.496369492180023286e+01 2.155531518865513618e+01 4.075154946405265122e+01 5.532022590397173900e+01 4.701589471192260561e+01 3.162966680795736707e+01 2.507289274887153852e+01 4.526796692794257382e+01 4.399760308467737246e+01 3.555181574703435388e+01 1.687801710000726629e+01 3.741397763387170983e+01 3.371857138183054303e+01 4.803403725188640294e+01 6.292679541625343376e+01 4.602258091469561663e+01 5.449512453094288134e+01 5.064887842906554738e+01 3.819204936337487766e+01 5.473057556186798678e+01 4.374791065707872662e+01 6.229223774885603149e+01 5.042001921240760964e+01 7.049464632162376176e+01 8.855120307024431270e+01 8.025772398870873303e+01 6.733088263711537991e+01
9.518805923843161321e-02 2.009518799546245660e+01 1.477808361802606996e+01 2.187534741593565357e+01 3.369034701227040784e+01 5.457336677843208150e+01 4.829138121395624950e+01 2.817078809264039307e+01 4.829138121395624950e+01 4.814643678983136965e+01 2.858148269797779761e+01 4.075158163254791788e+01 3.350908449138454870e+01 5.321403159811637096e+01 5.176157635071334084e+01 4.900644786369286976e+01 2.887411189634690345e+01 4.900644786369286976e+01 5.080081816752269219e+01 3.006659333487340291e+01 3.688282792966191437e+01 1.878648054063605244e+01 2.015523207240027759e+01 3.455402088112703041e+01 5.051907732842039422e+01 5.449512428677400777e+01 3.444603782585453899e+01 3.059126027229626388e+01 3.262676593153933169e+01 3.483554769304741683e+01 3.707880846887665172e+01 4.224375292657909142e+01 6.229921412259054847e+01 7.881137698122135760e+01 7.394044575713179768e+01 6.027911705299521827e+01 8.025772398869374058e+01
9.062254805971975413e-02 2.009062254805936476e+01 3.492250249358772152e+01 4.243592780109926821e+01 5.109503107076328376e+01 6.310248689793559151e+01 5.664120664091755941e+01 3.974583828010283071e+01 5.664120664077756118e+01 5.386286954384905812e+01 3.406055819050040157e+01 5.386286770891191367e+01 4.736336681113876068e+01 6.151275437044105132e+01 7.180910903656422306e+01 5.294556943640964874e+01 3.285991167071262709e+01 5.294556943640964874e+01 5.950291381528636947e+01 4.461248470837828961e+01 4.741676306444787770e+01 3.918216903687515185e+01 4.043257203545051226e+01 2.205925153118202786e+01 4.221400588397472120e+01 4.562274453600129931e+01 2.774405941822761434e+01 4.781235319599831968e+01 5.267621162247015576e+01 5.487702944964767937e+01 5.711980104634803013e+01 4.092853487995355266e+01 6.097825241867572288e+01 6.804656196810434210e+01 5.395189271949279686e+01 7.394044575712061373e+01 8.366443586065959437e+01
3.063233560239582431e-02 2.003063233560203926e+01 3.094889275678999141e+01 3.727344807712628239e+01 4.483273753731069178e+01 5.311700878477230248e+01 6.466401416856341200e+01 5.996480995073245879e+01 6.829728661724080041e+01 6.217231585981233621e+01 4.540976349418897939e+01 4.650966204169060347e+01 6.651586821507784464e+01 7.566538651320287556e+01 7.129508850685077448e+01 5.125941240477744998e+01 3.707080745340726224e+01 4.865880659073201997e+01 6.869648521990662005e+01 6.545757285493870370e+01 6.307327500542972132e+01 4.826560235092616580e+01 2.819472368764658299e+01 4.221381286564208324e+01 2.399483849125807566e+01 2.554867753017915177e+01 4.562274453600129931e+01 3.151477450392679103e+01 5.156882011233741991e+01 6.372727964081516916e+01 6.923824878645990566e+01 6.085546355510926730e+01 4.492808037013637801e+01 4.801686863496592395e+01 5.286126449285557527e+01 5.781845292107659162e+01 6.374673399712278865e+01
5.666595628964066211e-02 5.401890794538105389e+00 1.094889275679034668e+01 1.727344807712699293e+01 2.483273753731140587e+01 3.637974292110351371e+01 5.637974292110280317e+01 5.973079609821964908e+01 6.801506752213367690e+01 7.373676634942903263e+01 6.541002714857103228e+01 6.651593543788365537e+01 6.651593543788366958e+01 8.660693114509233226e+01 7.348550716679849870e+01 5.345139866043474797e+01 4.244240568771154187e+01 6.248409205903726615e+01 7.699015081093973834e+01 7.065016044303474985e+01 5.477155933631134133e+01 3.471885316525268905e+01 4.826560235092616580e+01 5.239039126621489117e+01 4.408765722983284263e+01 2.654315716513784551e+01 4.743076835432260197e+01 5.156882011233741991e+01 3.538396155318510949e+01 5.542589128819423649e+01 6.777624445567721523e+01 7.315559073607035145e+01 6.194372702322407775e+01 5.309412883213857270e+01 6.833426261751398556e+01 7.181011875010776180e+01 7.765902279091824312e+01
2.110006612196471329e-02 2.002110006612160831e+01 3.094889275678999141e+01 3.727344807712628239e+01 4.483273753731069178e+01 4.876527012111636594e+01 4.558866047508387709e+01 3.973079609816505808e+01 5.973079609723106387e+01 5.899623051098507176e+01 6.728050173412322010e+01 7.077754191381134774e+01 7.612276675204617504e+01 7.831056274683741947e+01 8.177870714612159020e+01 6.826845282904697854e+01 4.823083934311679855e+01 6.826845282904697854e+01 7.652231660442531336e+01 5.647901520535125997e+01 4.230005107660500840e+01 5.477155933631134133e+01 6.307327329899423773e+01 5.159335021877402028e+01 3.036826400089721290e+01 4.743076835432260197e+01 5.582408137839908591e+01 6.372727964081516916e+01 5.542589128819423649e+01 3.943349070393798428e+01 5.947485915577389193e+01 7.205019141497190560e+01 7.885148034713714082e+01 7.634410137023638754e+01 8.360048999322880547e+01 9.177952625178434687e+01 9.764906560922493384e+01
9.367352646185668485e-02 1.423580915019293158e+01 3.423580915019363857e+01 4.021060629519232066e+01 3.192633504724917515e+01 2.876527012083262491e+01 2.558866047443460801e+01 4.050976166079502860e+01 4.379774141050116754e+01 3.899623051100067528e+01 5.192136108219892066e+01 5.077754191384934046e+01 5.612276675209801624e+01 5.831056274692166852e+01 7.831056274683741947e+01 7.494720664356194106e+01 5.491094520001712453e+01 7.494720664356194106e+01 7.237379322810883764e+01 5.232533130743959759e+01 6.234956226777418209e+01 7.065016044305085074e+01 5.690305535683977922e+01 3.633865584399442383e+01 5.159335023435868095e+01 3.776179707332799751e+01 5.823608707616627100e+01 7.384197176637444215e+01 6.777624445567721523e+01 5.947485915577389193e+01 4.370003447938314167e+01 6.374939777202992275e+01 7.289443009894573322e+01 7.775945625727338495e+01 7.775945625769550418e+01 9.777490049449488652e+01 1.105677603766361585e+02
3.648181865326004941e-02 2.003648181865290567e+01 3.649669953159650504e+01 2.821242828370802158e+01 1.192633504724847882e+01 1.462313449710142343e+01 1.742369466515749110e+01 2.050976166439938098e+01 2.379774141050658187e+01 2.744922512720775387e+01 3.192136108220741164e+01 3.663540629011789207e+01 4.198063112836656785e+01 5.612276675209801624e+01 7.612276675204617504e+01 8.323918695186753780e+01 6.493447359203830160e+01 8.323918695186753780e+01 8.067234228865856949e+01 6.235549650993638693e+01 8.067234228865856949e+01 7.226147717439540941e+01 5.227060336483759073e+01 4.052373977348891998e+01 6.071974079911137068e+01 5.237114916250028784e+01 4.548461662603300937e+01 5.972469296246169534e+01 7.968306780460515881e+01 7.205019141621741596e+01 6.374939777228749449e+01 4.823322026813927721e+01 5.283146429402086852e+01 5.770020499380168388e+01 7.775945625779463910e+01 8.226800681134108117e+01 1.022672044840593344e+02
