MOVIE_S11_data/elevation_000663.asc
nrows	100
cellsize	150.0
xllcorner	0
ncols	100
yllcorner	0
NODATA_value	-9999
[rows 17 to 33 of 100, columns 0 to 36 of 100]
5.222468517465790605e-02 2.005222468517430201e+01 3.464802316360885470e+01 4.293229471807726583e+01 5.447930037464038833e+01 5.216893216939995881e+01 3.217582899020885634e+01 5.216893216939995881e+01 5.837642027283770574e+01 5.011138607676549128e+01 4.349434933439695072e+01 2.875676736262480659e+01 4.289768847530754670e+01 6.287263649810495281e+01 7.918663130760069180e+01 7.089823451626232043e+01 5.941826419848327845e+01 7.544121234673433207e+01 7.176835731408321806e+01 9.178354314124483437e+01 8.681703050785723974e+01 7.532675572500686201e+01 6.430771791764432521e+01 4.447115215419502476e+01 3.049995785417230110e+01 4.727948435350892709e+01 5.551485875938230663e+01 6.697053610907603627e+01 7.744255168077067708e+01 6.073589765765051141e+01 7.744255168077123130e+01 8.896843801856768152e+01 7.573261465422353922e+01 5.528167637623732134e+01 5.528167637603799989e+01 5.613520198305199216e+01 5.167192211523587986e+01
7.333276091007127906e-02 2.007333276090518837e+01 3.567550249999327150e+01 4.395335968792308279e+01 4.596247292620393665e+01 3.768353189035923378e+01 2.585130951207472805e+01 4.584655770870363511e+01 4.684383255198576990e+01 3.012748898803427622e+01 2.350450853064996082e+01 4.302804953356459094e+01 5.657483456700688151e+01 6.314852480417533798e+01 6.763377969696273340e+01 5.088801717130676394e+01 4.786825512351528289e+01 5.542859258776545062e+01 6.957868349150348308e+01 8.959460901746422223e+01 9.036159851495857254e+01 8.036461776174240867e+01 7.207968147713067708e+01 5.852450909365919784e+01 5.028114775085639110e+01 3.379599210882387439e+01 5.355102387471978176e+01 6.641142880586227193e+01 7.791174527431961394e+01 8.067657018448987571e+01 8.896843801856768152e+01 8.327116749951026975e+01 6.292457494319381794e+01 5.101917781864796808e+01 4.072595577724702309e+01 3.568188435242356604e+01 3.135131503146929077e+01
6.343274376862209629e-02 2.006343274374735586e+01 1.567616658853561873e+01 3.567544138727225089e+01 3.768353187958106787e+01 1.768635616188771564e+01 3.061583433888431571e+01 3.232460064582724613e+01 3.405239397164976367e+01 1.858084894496136386e+01 3.857367801364132731e+01 5.164166627684958399e+01 5.724521031331453003e+01 4.314138229796105861e+01 5.248351831509186383e+01 3.933988248067311133e+01 5.934533031118675694e+01 7.073431067990385657e+01 7.902310870388171793e+01 8.902973543191133388e+01 8.207349925079552122e+01 6.208586698699622275e+01 5.215596274774366492e+01 4.518669675003076236e+01 3.864427590723948924e+01 5.355102387470970626e+01 3.837588124275239210e+01 4.974183804607254444e+01 6.963087082340291545e+01 7.696145014311625232e+01 8.525004448775555943e+01 9.162327320862243596e+01 7.573261581936019127e+01 5.528167637674438595e+01 6.127161734125002113e+01 4.746643844959914560e+01 4.567498418668140658e+01
3.497053469895897854e-02 1.534033912690680346e+00 2.153342570575249937e+01 2.522454143167981755e+01 2.677691690047042883e+01 2.823165882297637097e+01 1.061528864283104490e+01 1.232400395826458173e+01 1.405174080942731685e+01 1.631629487771654752e+01 3.631714711621044245e+01 4.192459446241507237e+01 4.435029900479198517e+01 2.899836597784531733e+01 3.247991919120656945e+01 3.802692544291899424e+01 4.405719639106231256e+01 5.072414409543023339e+01 6.072672175478328427e+01 8.074189960641187724e+01 9.036159851495857254e+01 8.036461776174240867e+01 6.454312591924714582e+01 4.469965265652781738e+01 5.258847768066195982e+01 6.641142879415538403e+01 5.814793239548996695e+01 4.343919005426839419e+01 4.999748185665129085e+01 5.699620755947719886e+01 6.850379529796090594e+01 8.851482177476832192e+01 8.410581184272994903e+01 7.573261615736380747e+01 7.637461808917485939e+01 6.797695496159583683e+01 6.614980585690993564e+01
9.635555453094322986e-02 2.009635555453058942e+01 3.690689376759444418e+00 5.224619354454178577e+00 6.776920405866838415e+00 8.343441305842766553e+00 2.834362454420000077e+01 3.232460064582724613e+01 1.921571860715668478e+01 3.631713740784515920e+01 1.958228120142889850e+01 2.192310414535517182e+01 2.434846039573319842e+01 4.435029911816831572e+01 5.248351791676622469e+01 5.803189991673955461e+01 6.406425515179715546e+01 7.073431068036282454e+01 7.902310898982145204e+01 8.902973569047303215e+01 9.962846278296933633e+01 8.807446770965289318e+01 6.910799850187255799e+01 4.921018022406729386e+01 6.910799850187255799e+01 8.077831704553787517e+01 6.771375915779218246e+01 4.782996608033391794e+01 6.771375915779218246e+01 7.696145014311625232e+01 8.525004448775555943e+01 9.680324300573801111e+01 8.815387766685090298e+01 8.007499092535000784e+01 8.815381674108675725e+01 7.815858452794286393e+01 7.068723979470202323e+01
8.845047570523793812e-02 2.008845047175722698e+01 2.369100495322656386e+01 1.936675491467696375e+01 2.677691692469553075e+01 1.834336428468742497e+01 3.657597802439622825e+01 3.554604635677537772e+01 3.921660382483791807e+01 2.815999954291725160e+01 3.958348380870331340e+01 3.347023065515547557e+01 4.435029938225925150e+01 2.979177116006960091e+01 4.979429750613967087e+01 6.183278318577298194e+01 6.786515333365015579e+01 7.493974980390193252e+01 8.322731872120395735e+01 9.478045703545643619e+01 9.134102816699608240e+01 7.132707033283439557e+01 5.980931956412559458e+01 5.580254307145696657e+01 7.576072621708030397e+01 8.403099954279323924e+01 6.404654306599947233e+01 5.378275430175256133e+01 6.404654306599947233e+01 8.403099954279323924e+01 9.357447788582167902e+01 8.546471840931071995e+01 7.849068129737113964e+01 6.082230478203365465e+01 7.849051238483991710e+01 7.068723978519983575e+01 5.216170701895560313e+01
8.023991185656004221e-02 1.422237553559167189e+01 3.422237557750643333e+01 3.936674421232342524e+01 4.652746298745631748e+01 3.831222686796357380e+01 4.652746298744443720e+01 4.968946537995321933e+01 5.482901514084086614e+01 3.482669092701222979e+01 5.482901514084086614e+01 4.761372358222252643e+01 5.808134011137046571e+01 3.873611743852567457e+01 3.628063663199526445e+01 4.182767154064477921e+01 4.785804499609979956e+01 5.492976925328179050e+01 6.648116323773975012e+01 8.649439393338924731e+01 9.446251834437653372e+01 8.807446770965289318e+01 7.978596422389824738e+01 6.331972017135338149e+01 8.332019523410879458e+01 9.231864264160449807e+01 8.004802900051242887e+01 6.005997472330044928e+01 8.004802900051242887e+01 9.231864264160449807e+01 8.546471840931071995e+01 6.623340798969201160e+01 7.044864750249283247e+01 5.103015611045699984e+01 6.073940182993828785e+01 5.793354604295849697e+01 5.505582158411810667e+01
4.598823041778624804e-02 2.004598821316341883e+01 2.992411684273698214e+01 3.547111880409781293e+01 4.179567412527521242e+01 5.007994515797670942e+01 5.902421696822533193e+01 6.969406926348335674e+01 6.311516228834850750e+01 4.482698236756257160e+01 6.311516228844345022e+01 6.762014994294047199e+01 6.702802768498099795e+01 5.028418062961110735e+01 5.042420861269553001e+01 5.261279848717521190e+01 6.786515333365015579e+01 7.493974980390193252e+01 8.322731849148894412e+01 8.304334630909237092e+01 7.468393222602665560e+01 8.868168029911143435e+01 9.160985649370191197e+01 7.485728571671242548e+01 9.160985649370191197e+01 9.420496407548417039e+01 7.418403449082371992e+01 7.418403449082371992e+01 8.833799704787047347e+01 8.900565816877100644e+01 8.093356319441399194e+01 7.186612840049487261e+01 5.249386865260800050e+01 4.438289590449334554e+01 4.109841150249926045e+01 3.824790386489802074e+01 3.548934506742883599e+01
7.340434288523949025e-02 4.924116843611878735e+00 9.924116843611836103e+00 1.547111880586407828e+01 2.179567412620072631e+01 3.073994603619972565e+01 4.488208165992936216e+01 6.488208165421735885e+01 7.311730001292045245e+01 6.483104791411915357e+01 7.311730001292045245e+01 7.865018960703444861e+01 7.857957341942673679e+01 7.029217274262343551e+01 7.043202895650757966e+01 7.262095444428348401e+01 8.090803351280715106e+01 8.072784264083639982e+01 7.246449387460293678e+01 6.318624695391221735e+01 6.060220115613120129e+01 7.468393222602665560e+01 9.446251834426965388e+01 9.488074462480145144e+01 1.031674207057968005e+02 1.024919596049171560e+02 9.420496407548417039e+01 9.420496407548417039e+01 9.454007701302572286e+01 7.529756063412798994e+01 6.178053369737032341e+01 5.559489417925426835e+01 4.962126476676248643e+01 6.395743647688431111e+01 5.506501538877704149e+01 5.793354606963700348e+01 4.301853315713022141e+01
3.515918393995972474e-02 2.003515918393960504e+01 2.992411684273698214e+01 3.547111880409781293e+01 4.179567411157204049e+01 5.007994515797756918e+01 5.902421696824175967e+01 5.722519365391227808e+01 5.722519365680015824e+01 6.557079900080084656e+01 7.271108597769286064e+01 5.848126079293706425e+01 7.271108597769286064e+01 7.672327204207691409e+01 6.841105636160753534e+01 7.672327204207691409e+01 8.072784264083280448e+01 6.914472856061468065e+01 5.235512351184897994e+01 4.892378272945398265e+01 6.302383853904721889e+01 8.133628070253196540e+01 8.721383632834293564e+01 9.536776548231952688e+01 9.097992088722439519e+01 8.988097481463081806e+01 9.809602987473665792e+01 1.095066378685793751e+02 9.454007701302572286e+01 7.529756063412798994e+01 8.093356319441399194e+01 7.267433008462994337e+01 5.443701089414143723e+01 7.374630991657063817e+01 7.443858253433741368e+01 7.058728975591435528e+01 5.291417911022733023e+01
4.608085242692564615e-02 1.447526784961309332e+01 3.562229757288748289e+01 5.142616461406570494e+01 5.149198877831859278e+01 5.338761712360393119e+01 4.501386410280188244e+01 3.691116194674479090e+01 3.691116194674520301e+01 5.722519365675614722e+01 6.365062047009040214e+01 4.405937831227565482e+01 6.365062047009040214e+01 6.660807855056945925e+01 4.811318439864142249e+01 6.660807855056945925e+01 7.246449387460293678e+01 5.235512351184897994e+01 4.055917992725794363e+01 6.085434348243304470e+01 7.721828093134534754e+01 8.057911604630717761e+01 6.344019842218163774e+01 8.056076502882075374e+01 7.241195562836419697e+01 7.031922756373974437e+01 8.155647062874207620e+01 1.012524590064646333e+02 1.027137557034141793e+02 9.454007701302572286e+01 8.592452848315939207e+01 6.479099871969343383e+01 6.303690540866193714e+01 7.366889239054171412e+01 9.283964024972965490e+01 8.025303492371280356e+01 7.224518476088964292e+01
1.610643649003322755e-02 1.913864735143686246e+01 2.555252670949480276e+01 3.988693128850845682e+01 3.038504104062693045e+01 3.992206895673825784e+01 2.472741339445729025e+01 2.258265127732378019e+01 3.691116194674518169e+01 5.722519365502364508e+01 5.529709748475220721e+01 3.491422717475822424e+01 5.529709748476242481e+01 5.826212038012443628e+01 3.787942100578101901e+01 5.826212038012443628e+01 5.906279210398143675e+01 5.070336106705222079e+01 3.609517550431687738e+01 5.053086759588325805e+01 7.070953227357222204e+01 7.116106890599800749e+01 5.064787428194380681e+01 7.116106890599880330e+01 5.897693714766816697e+01 7.231296908939924606e+01 9.224623860223731242e+01 9.468201443513240179e+01 1.030157663958312924e+02 1.039326641297262057e+02 8.405244537347333278e+01 7.563740017820330763e+01 7.291448545177449603e+01 8.608606384648450671e+01 9.530662077832968748e+01 8.379986498738065848e+01 7.554187666470672013e+01
2.022278438842990689e-02 1.771816424444673288e+01 1.210093440768845952e+01 2.351327012342152045e+01 1.601421355641262423e+01 1.974245057745040555e+01 1.311395555798165624e+01 3.329280234933551696e+01 4.139833299900864461e+01 4.975620209075172085e+01 4.885145424321073193e+01 2.849814623638831534e+01 4.885120987406008197e+01 4.279726742160681141e+01 3.109546629525719297e+01 5.144615282039413273e+01 4.537084248448785928e+01 3.034567209653899411e+01 5.070336106705222079e+01 6.476373925032005729e+01 6.206707183223571889e+01 5.367010568779311797e+01 4.212373642273409757e+01 6.273132832076116472e+01 5.222299824282450942e+01 6.648801851647894523e+01 8.646496665461157249e+01 7.457982997290936567e+01 9.140684396343432638e+01 1.030157663958312924e+02 1.014037414440604294e+02 9.360260974062725836e+01 8.967776244178553213e+01 9.723544549371536050e+01 8.704508939523194044e+01 6.712094049568902676e+01 5.556812834721851146e+01
6.642187732006160639e-02 1.149482599465511123e+00 2.234134888506166039e+00 3.333434307715803069e+00 4.437749563388728724e+00 5.550579302034452489e+00 2.567025671259608188e+01 2.811967956829655790e+01 2.112290031938993806e+01 3.800139960732143862e+01 4.320619355809454731e+01 2.291347182795841064e+01 3.579883714314398446e+01 2.248660705930210923e+01 3.852782409933912788e+01 4.018194879747913717e+01 2.505310657832875521e+01 4.402870400945587903e+01 4.597944194416432140e+01 4.797041849806258540e+01 5.030064784289945123e+01 3.319582342415492349e+01 3.560741832508846016e+01 5.610911980279332312e+01 4.671969913876225178e+01 6.701702608127459371e+01 7.299835156204336784e+01 6.292069029951819914e+01 7.457982997290936567e+01 9.468201443513240179e+01 1.053907986293559844e+02 9.717678930736025222e+01 9.604422231050986625e+01 9.034354720856795495e+01 8.208816997652488112e+01 8.379986289318931370e+01 6.486545909977483859e+01
1.591255364720534082e-02 2.000685727432227523e+01 1.203518142102035604e+01 2.311731723714750686e+01 2.453718231929015658e+01 2.218653790014423066e+01 7.172792755206939930e+00 8.349261771190336745e+00 9.533955431818101900e+00 2.968295302124954915e+01 3.266966618351757745e+01 3.380684383253963432e+01 1.559329735450852894e+01 1.693245130597969705e+01 1.831902943511745008e+01 1.996285900483642095e+01 2.182795900712028825e+01 2.371013466362459710e+01 2.562779954410780547e+01 2.758390882820821588e+01 2.987345122516604334e+01 5.030064784276546419e+01 5.610911980276014077e+01 3.941678487062531389e+01 4.332274026464990868e+01 4.738893849909095479e+01 5.272399866560801485e+01 6.185351114252902249e+01 7.351796915255447118e+01 9.362149008034830899e+01 9.717678930736025222e+01 7.747868686666392080e+01 7.625341924759925405e+01 7.625341923664944943e+01 6.214080794165672472e+01 6.723932148027770950e+01 5.945875297998063047e+01
6.189296070378335485e-02 2.006006718366150565e+01 3.003109595204641735e+01 2.876595685660446833e+01 3.507113832388538555e+01 1.501405465092444125e+01 2.730520815342709540e+01 2.255642970648243661e+01 2.968299248824417802e+01 1.123031161515948462e+01 1.249519098361070846e+01 1.376770420213254198e+01 3.395420541444902796e+01 3.715291680692996579e+01 3.855545345386330780e+01 2.206694438092620558e+01 4.211233075702734396e+01 3.806000420843093224e+01 4.000855436218797934e+01 4.797041849806258540e+01 3.221038233488717850e+01 5.274541917327561436e+01 6.556545961242861154e+01 4.515279603585304358e+01 6.376774880679636226e+01 6.776353615384154239e+01 5.707432713642942446e+01 7.729623488601575332e+01 9.034539139127640794e+01 1.019545954732670623e+02 9.460925323856342573e+01 7.492063867139258093e+01 6.343983459367863276e+01 5.636195397892991821e+01 5.057815302749727948e+01 4.723394506555305128e+01 4.396682007227641975e+01
2.247884206357958492e-02 1.416528062222194251e+01 3.418397824292536313e+01 4.243723541637353236e+01 4.129183494571243784e+01 2.103997972599164967e+01 4.132981431151399931e+01 4.281584834956069585e+01 3.528183978805039800e+01 1.507929542709151427e+01 3.266971824073215913e+01 2.537413835426178821e+01 4.232784174941085809e+01 5.683494580687010256e+01 3.645850967273680254e+01 2.474320104918965058e+01 4.507061603842730335e+01 5.843851313690765892e+01 6.039429190003195203e+01 5.723682197521954862e+01 3.567623865010713047e+01 5.723949156725313259e+01 7.291193802351094178e+01 6.556545961258439092e+01 5.436357700984461871e+01 7.462797300601110351e+01 7.729623488601575332e+01 6.878927054705745547e+01 8.042295219084668645e+01 1.005200005788545354e+02 1.028113817087226352e+02 8.669671993234682361e+01 6.706833017595373292e+01 5.707993263026013864e+01 7.057155517243644738e+01 6.676625433873211080e+01 4.675359769743687366e+01
