MOVIE_S11_data/elevation_000950.asc
nrows	100
cellsize	150.0
xllcorner	0
ncols	100
yllcorner	0
NODATA_value	-9999
[rows 51 to 67 of 100, columns 37 to 73 of 100]
9.723545879360021615e+01 1.004843203954428645e+02 8.073974748877897412e+01 1.004843203954428645e+02 1.144203991199923536e+02 1.230244051977840343e+02 1.215681164149307847e+02 1.128131459430030361e+02 1.212940372444498678e+02 1.206090879695198055e+02 1.264976812339386782e+02 1.241700441772272399e+02 1.157486315358985678e+02 1.131053598277266872e+02 1.215293366388312108e+02 1.072248953970721317e+02 8.699595608788148127e+01 7.988267859177452124e+01 8.623132342814362516e+01 9.716443978984690943e+01 7.761880282043235013e+01 9.716579658900693062e+01 9.760614053358115427e+01 8.935125458584957414e+01 7.806080917284114662e+01 5.801529115328403208e+01 6.810423604110241058e+01 8.801738231162232751e+01 8.870554684374805277e+01 6.846912057325894807e+01 8.870554684374805277e+01 9.024110970878906812e+01 7.266030143814526809e+01 5.330247698299982062e+01 5.734836478890501610e+01 6.752552518948898808e+01 6.184933579878773457e+01
7.744915064295828699e+01 8.679883474091997186e+01 7.477700024308619220e+01 9.454029595805253905e+01 9.429466015027310277e+01 1.136169423342450102e+02 1.250851783266278119e+02 1.196331606244606860e+02 1.112281803768721886e+02 1.004125548121872527e+02 1.063279824175110519e+02 1.157486315358985678e+02 9.541332575030496344e+01 9.277807925540429324e+01 1.097916849636695389e+02 1.156423613459952549e+02 1.072248953970721743e+02 9.215363469533082252e+01 7.200997226272072282e+01 8.561817348863820598e+01 6.863935757903010426e+01 8.877219142658131545e+01 1.002604364124273530e+02 8.036168084126168765e+01 6.624118120613530891e+01 5.453578816394866635e+01 6.883234116811436820e+01 8.877188415771107088e+01 8.155088972232579181e+01 6.128145099281115193e+01 8.155088972232579181e+01 8.934345032647270557e+01 6.951275172562191074e+01 5.586261784840155542e+01 4.663098230457665494e+01 4.876520432442054442e+01 6.355521594881923875e+01
6.343222276102768831e+01 6.700533990222571390e+01 7.212613818435845303e+01 7.809023754622837998e+01 8.556200183129215020e+01 9.699385189546904940e+01 1.168384493714670498e+02 1.114293367785752622e+02 9.137098875901301653e+01 8.613684656758258029e+01 1.056457801401369068e+02 1.011578166775628489e+02 9.275054547668185023e+01 8.115639591241919959e+01 9.541332575030496344e+01 1.157486315358984541e+02 1.123978575829555950e+02 9.215363469533083673e+01 8.561817348863820598e+01 6.549630744482068678e+01 6.192503420911320688e+01 7.766726200496547960e+01 8.603997375078716914e+01 8.565785102632345627e+01 6.567476083645240692e+01 5.129561741695018640e+01 7.115694989856659447e+01 8.340844432746641246e+01 7.543942399715319880e+01 5.510076158825500414e+01 7.543942399715319880e+01 9.366514951273896372e+01 8.357767521441472525e+01 7.340052127281023786e+01 5.904625127487864233e+01 4.139221192956858886e+01 4.510901588559590181e+01
8.324333748872001593e+01 8.679883455659521019e+01 9.191262114986798792e+01 9.191262114986800214e+01 1.053811656767399114e+02 1.136169423342450102e+02 1.052619770682277789e+02 9.688048254898572509e+01 9.729823195683745496e+01 7.716266862609913346e+01 9.729823195357535326e+01 9.275054543027079035e+01 7.261343923753123875e+01 9.275054547668172233e+01 1.032532426523743112e+02 1.133916992113715452e+02 1.094293551264690478e+02 8.919573049153920863e+01 7.496131487899744172e+01 8.561800869615258591e+01 7.766654833372321320e+01 5.748087078807643735e+01 7.345782006190378866e+01 7.088279616797268545e+01 6.834585500988603712e+01 4.819255911692722805e+01 5.808592220058021383e+01 6.961444714231329556e+01 6.297577989286133970e+01 4.957592645680237098e+01 7.000368782291359082e+01 7.525279680033406748e+01 7.641823056855552920e+01 7.175621593187317160e+01 6.820185958284164940e+01 5.553254942849768128e+01 3.680471335320488890e+01
6.472994576127003086e+01 7.876632545677412622e+01 9.859035218583035487e+01 1.071672943457382843e+02 1.199428053053838710e+02 1.111945755451704372e+02 9.095139109689628754e+01 7.670863747309350344e+01 8.412268753941143018e+01 7.159399006029437373e+01 9.040333847611059070e+01 8.202098224616065636e+01 6.758038991732509260e+01 7.468762719134100792e+01 8.471581368066387085e+01 1.049679256865295400e+02 1.153791167313472812e+02 9.512202193912698078e+01 8.501433027834892187e+01 8.654714331320411702e+01 6.641103753558641642e+01 5.966722557201494226e+01 5.318114858283600199e+01 5.053346880291618959e+01 4.794243277749512799e+01 4.539690676051046836e+01 4.386000837749674020e+01 5.866430881646284234e+01 4.247201664441929125e+01 6.297577989286133970e+01 7.786749277387008306e+01 6.167372403004410586e+01 5.652292028165957305e+01 5.075615053647839403e+01 6.476108864088044470e+01 6.358816055339192985e+01 5.134699474339443270e+01
8.444207227332422860e+01 7.101391940780426637e+01 7.911224467637393332e+01 9.313527194624867889e+01 1.129659259929130002e+02 1.074354211401628589e+02 8.720795244054191642e+01 7.298422833335825999e+01 6.397614506096056886e+01 7.863338016305175415e+01 8.201740368546425941e+01 6.186269740937507322e+01 8.202098228116172152e+01 9.484186968359661307e+01 1.032532426538388393e+02 1.133916992119167730e+02 1.217933555937612056e+02 1.015071200102194666e+02 9.819811461321516788e+01 7.801957399636224011e+01 8.654802875622121405e+01 6.975620143687211794e+01 7.345795289016106722e+01 7.088279611147827097e+01 6.694097136109478186e+01 4.648235601121328386e+01 4.184497221507474052e+01 3.969664932524247547e+01 3.799443651162934543e+01 5.621933410006093368e+01 6.460667712553663478e+01 6.535495649704431287e+01 4.538692887179638547e+01 3.630332888051640339e+01 4.791268680847019823e+01 4.693591815438180248e+01 5.146193689439480323e+01
9.626326777590371364e+01 7.651649924676901549e+01 9.635291440261762830e+01 9.894353604115228507e+01 1.187817430522145798e+02 1.133679487001555657e+02 9.313244085642223524e+01 9.181502771983261368e+01 7.780598011884391951e+01 5.846973936315470866e+01 7.350697273128267284e+01 5.816710755818055389e+01 7.243229656533871719e+01 9.267231800296895017e+01 1.121128497162115139e+02 1.037298244001352430e+02 1.121128497162115139e+02 1.217933555937612056e+02 1.065978128118237152e+02 8.964622356811374004e+01 9.831674018497994894e+01 8.992855785680005454e+01 8.820095373400015148e+01 6.798952192768928171e+01 5.359328084292038596e+01 6.694097162050177019e+01 5.641343897283602615e+01 6.022399221987171103e+01 5.621933409358773304e+01 3.576866644189786371e+01 5.399394569928256971e+01 5.260464459432539286e+01 5.121513703785734606e+01 4.777899904577479617e+01 2.780199400802185750e+01 2.652517347719633634e+01 2.524756502568165573e+01
1.045863859223996570e+02 8.643227844508477631e+01 8.905962460501338285e+01 1.089029100663866245e+02 1.104754481159776986e+02 1.020584912996959730e+02 1.016466290760576783e+02 9.312099806783031397e+01 8.684641811177966986e+01 7.351692313048832261e+01 5.334023586688056184e+01 7.343893837977969952e+01 7.832415282829703074e+01 9.843141249511967317e+01 1.019960737288510586e+02 8.349828609858016648e+01 1.019960737288510586e+02 1.136795567292798381e+02 1.182926794558339196e+02 1.098802150312201888e+02 1.039343825793447138e+02 8.371433533974342822e+01 7.206461943078420518e+01 6.194643827663520597e+01 7.390931324626956211e+01 8.228993278247163801e+01 7.673779941759173084e+01 7.003151352706220223e+01 6.166864504151644866e+01 5.399391383393747645e+01 3.359740489743038694e+01 3.226417651925573438e+01 3.095162575205525002e+01 2.964779258597599210e+01 4.792629218359159893e+01 4.467391885008762387e+01 2.563152398437155455e+01
1.145151969909227319e+02 1.004582825468505121e+02 1.030857298356424394e+02 1.171477996959274464e+02 1.020584912996959730e+02 8.178636432196151418e+01 8.772393284466525643e+01 7.280828273399292527e+01 7.670895974524287908e+01 7.110646831766015907e+01 5.093932199551807116e+01 7.108311779929074703e+01 8.857996244763978666e+01 9.296395244041866590e+01 8.458944534397181769e+01 7.343443324438675290e+01 8.506060882669528667e+01 1.052982587789391573e+02 1.113863795087637811e+02 1.131916408099968265e+02 1.123399944594524698e+02 9.644966751849833031e+01 7.624452771222361491e+01 7.624452771222361491e+01 9.054588066261550239e+01 8.667566240301927394e+01 7.502741488638504563e+01 6.166865448721673459e+01 4.125593102891502895e+01 3.794403874293669077e+01 4.494796855513280320e+01 4.922245482481059753e+01 5.123608969894127085e+01 4.997878373527570517e+01 4.823911712102677285e+01 2.870798415098746403e+01 3.297482326668398400e+01
1.121852477641185146e+02 1.203128487838507255e+02 1.229468254742177180e+02 1.122311274949679643e+02 9.188585510442383963e+01 7.760301826680354509e+01 6.754445745365940468e+01 6.116043615846664494e+01 5.652637594372368568e+01 5.223232014156941716e+01 4.859472822307697015e+01 6.021847478653677399e+01 8.030936954451027532e+01 7.722795576720146471e+01 6.442918574886705585e+01 7.867200882771930992e+01 9.887475996458958605e+01 9.116632706646761619e+01 9.116632706646763040e+01 9.292549581728367514e+01 1.072665012665490281e+02 1.048472336130074183e+02 9.644966751849833031e+01 9.644966751849833031e+01 9.248796744390740798e+01 7.833785378011437217e+01 5.814339958962396082e+01 4.632816571323436250e+01 6.166865448720495380e+01 4.819670601611266392e+01 6.327246232484772293e+01 6.856292736263748111e+01 6.324660782808931003e+01 5.150316378059994804e+01 3.178267442815798560e+01 3.822316138890909798e+01 5.307372045641478309e+01
1.039878786195155129e+02 1.165154924053902192e+02 1.081952303429766999e+02 1.101043996113929353e+02 1.062641446190168608e+02 9.564788187311724244e+01 7.541718994461265879e+01 8.134262242237564067e+01 7.670895958600664244e+01 6.645130564504201232e+01 4.631608092948194866e+01 6.645130602522849017e+01 7.044921006160753052e+01 5.706614248119586108e+01 7.722795576720146471e+01 8.527598376165244076e+01 8.950076761703266470e+01 7.112353987066839522e+01 8.615081507376063996e+01 7.876425161082349291e+01 9.886131225713958770e+01 1.132980587469708524e+02 1.057444579884748066e+02 9.413596472084840627e+01 8.415102333614423458e+01 6.401361333207063353e+01 5.227318584717730232e+01 5.814339958962396082e+01 7.502741488638504563e+01 6.260780517041317950e+01 7.688018906996117607e+01 6.920713290560229325e+01 4.894955052475751955e+01 3.488829016989361520e+01 5.150316378095918424e+01 5.825507356194619035e+01 5.825507356194619035e+01
1.121852477622943383e+02 1.049538570101058070e+02 8.819538509484202393e+01 9.009840495224271706e+01 1.042626918594918237e+02 1.040603739584169034e+02 9.564788187311724244e+01 8.940055476572410953e+01 6.991170986077486305e+01 5.590758883028072290e+01 4.434748245396757227e+01 6.413697303125022131e+01 5.035720151363852892e+01 6.553419546788067862e+01 6.826336558119767517e+01 6.519705011266303529e+01 7.509719519928262343e+01 6.108680350195017894e+01 6.612736370823169807e+01 7.320557464900920763e+01 8.470425048922973588e+01 1.048782883404365265e+02 9.739864605955798993e+01 7.730957604612937928e+01 6.568768991714466665e+01 5.927841625509039147e+01 6.401361333207063353e+01 7.833785378011756961e+01 8.667566241071457966e+01 8.279894686414009186e+01 8.334071313117090085e+01 6.318278995781672336e+01 4.878830674499565845e+01 3.718211852064610667e+01 5.142974363032679008e+01 7.170253076091063349e+01 7.843980920007632562e+01
1.107961942781664533e+02 9.078807054159226197e+01 7.664879667981409739e+01 7.595821981404796475e+01 9.425554979887263585e+01 9.441842528723637429e+01 1.002854303731600254e+02 8.926040279061102467e+01 6.728859583311187009e+01 5.249532068636283100e+01 4.241596688589030606e+01 4.401884086800822615e+01 6.173418859340792864e+01 4.544694502807983838e+01 4.816995516058026539e+01 5.097702612906029174e+01 5.500130410905480716e+01 7.509719519928262343e+01 8.615081507376063996e+01 9.323080215640065660e+01 8.951965924087822657e+01 1.097434944930198952e+02 1.000085582420356189e+02 7.991492092116673973e+01 8.580021586634195785e+01 6.754187256518648041e+01 8.415102333613168639e+01 9.248796741186060899e+01 9.034374639127786111e+01 8.029304378445034729e+01 7.197524575921605106e+01 6.791980379642994592e+01 5.999205434671743831e+01 3.966236044949312856e+01 5.141664457208623418e+01 7.170628194663528632e+01 7.530356895812700202e+01
1.095938676293311005e+02 9.803746972595689613e+01 8.595812246878693941e+01 6.589951136776568319e+01 8.595812246878693941e+01 7.438635330861148987e+01 8.025361134993366363e+01 8.722958968412798697e+01 8.322220752301900859e+01 7.089466582712995546e+01 5.984881313505470501e+01 3.975686244044364059e+01 4.166840145337351231e+01 5.584376984772109864e+01 6.825829175813774441e+01 7.107801836809376539e+01 5.704761922365083393e+01 7.687614188292548079e+01 8.954882039429161011e+01 9.611370100559285845e+01 1.045587157128747720e+02 1.181604586655189451e+02 1.083566213109593406e+02 1.000085585836257280e+02 9.598578874271593975e+01 7.915748559002734908e+01 9.598579142903980710e+01 9.620486752707570588e+01 7.616737085880210145e+01 6.191606650125346079e+01 5.169439074213835283e+01 4.755586840890038758e+01 4.367467308143063320e+01 4.983694340107100373e+01 6.835026392327996803e+01 8.003273330799103746e+01 6.699142545873198173e+01
1.012836724763811702e+02 8.128658950149491602e+01 6.970437427511517114e+01 6.066938778934014209e+01 7.457299187906656357e+01 6.013996599227477446e+01 6.821732445755836238e+01 6.581577718561892709e+01 8.564920147183883614e+01 7.394391686847569645e+01 5.291460727088692551e+01 3.804767869157823412e+01 5.813180614384927480e+01 7.001648512772462141e+01 8.345852386829147918e+01 8.506122111151692877e+01 7.108423780157158944e+01 6.393547830359591444e+01 6.992348351474664980e+01 7.641905917168918450e+01 9.018826432616457112e+01 1.104189706000518214e+02 1.235148063055719518e+02 1.152005394701215408e+02 1.075956119148488597e+02 9.924773367308628735e+01 1.040224208458790827e+02 9.506322190950002948e+01 7.888788392486632972e+01 5.873686696161101395e+01 7.197614212809931189e+01 6.791980379642994592e+01 4.816065404973203812e+01 6.851253687326388331e+01 6.645354307002303074e+01 8.658189948283326487e+01 7.530356895812700202e+01
8.884886422547531026e+01 7.730678532681774584e+01 6.831933417331217129e+01 6.116973487761362804e+01 5.441194526598796699e+01 5.108555995221691148e+01 4.804311346862051124e+01 6.393156224343911020e+01 7.201679681829382673e+01 6.719669095018501537e+01 5.665712290961217690e+01 3.663803491089741726e+01 4.821162218316555936e+01 6.247793086893473458e+01 8.307108321170440490e+01 8.652542453298168823e+01 9.076970491417337428e+01 7.782417933337494276e+01 7.998217547593179688e+01 9.611370100559285845e+01 9.239237352697188044e+01 1.126717094512543866e+02 1.119224264261104764e+02 9.511936208872248244e+01 1.119224263922624090e+02 1.098701721221186887e+02 8.984401972432276295e+01 7.569094641580934990e+01 6.669468155483299654e+01 7.888788392486632972e+01 8.719520447076784819e+01 7.315978003351858661e+01 5.290291673322814603e+01 7.315978003351858661e+01 8.658189948281416548e+01 7.990211458071476613e+01 6.916781011097009468e+01
1.055763205006305867e+02 9.663670854628135487e+01 8.835466188631791340e+01 7.089312042079333764e+01 6.869733312185547902e+01 7.125851569092399984e+01 5.406075251952598393e+01 4.397505126238326767e+01 6.033231052266032890e+01 6.486107425795755432e+01 4.637736679814701546e+01 3.524092313870195881e+01 5.514303515078573525e+01 7.327596363832554971e+01 7.367304723409355915e+01 6.635568710175972740e+01 8.060062347181822417e+01 9.765173976409516854e+01 9.986945183550389515e+01 1.083124294461023283e+02 1.126717094512543866e+02 1.117242200428677563e+02 1.036066664494886851e+02 8.347254216171675978e+01 9.812787213247047191e+01 1.064490038408486470e+02 1.040224208468106752e+02 9.506322194211959697e+01 7.674797963935054668e+01 9.506322194211959697e+01 9.237381608591694260e+01 7.232799059898032112e+01 5.804128928520827202e+01 7.819927694962193243e+01 8.704272030441804020e+01 7.179587285477552427e+01 5.269263965206167200e+01
