MOVIE_S11_data/elevation_000674.asc
nrows	100
cellsize	150.0
xllcorner	0
ncols	100
yllcorner	0
NODATA_value	-9999
[rows 0 to 16 of 100, columns 37 to 73 of 100]
8.884754177262699226e-02 6.929726548558100274e-02 7.395023591448830758e-02 4.828361932999872264e-02 4.897713358561925356e-02 8.568734790590110117e-02 1.075183056328203948e-02 6.823539046102447547e-02 7.194897206013613211e-02 1.557559815681563986e-02 7.704183385687686514e-02 1.685416958384493638e-02 9.680445094065920353e-02 7.639902522890137937e-02 4.559330980047965332e-02 5.839666421669215124e-02 9.739037529851846120e-02 3.670263267501718690e-02 2.041064012308905357e-02 6.895211126444661387e-02 9.031524355919069713e-02 1.560024811392830661e-02 7.641644294168103979e-02 3.888124420523987601e-02 6.873285589001959517e-02 4.772367030474261584e-02 9.504926490987847254e-02 5.760415539182907330e-02 9.666222459857021221e-02 9.627991409191682948e-02 1.286757495974483190e-02 9.381044340810595905e-02 7.584058927755046864e-02 1.435327048224320848e-02 5.777975670406795827e-02 2.716720951219454838e-02 4.735230246529398453e-03
2.008884754177227094e+01 9.206436694742579974e+00 2.007395023591413263e+01 1.915752330488420441e+01 2.004886946352311128e+01 7.298439743067309804e-01 2.001075094619213246e+01 2.006823530019690693e+01 6.738544068778107743e+00 2.001557559815645959e+01 2.007704183385652286e+01 2.001685416958348895e+01 1.164380983473307474e+01 2.007639902522854669e+01 3.426210328714538900e+00 2.005839666406838262e+01 1.423952599902959371e+01 1.417883825640609174e+01 1.905163033722987720e+01 2.006895211126409251e+01 2.009031521459770175e+01 1.688084267256178217e+00 1.162340522144575594e+01 2.003888121110963283e+01 1.421086847962109445e+01 2.004772367030438573e+01 9.039321174909114021e+00 2.005760415539147345e+01 3.688768265134060975e+00 2.009627991409156067e+01 1.415500319869082091e+01 2.009381028778993539e+01 1.003318380797888043e+00 2.001425998277250784e+01 9.002051665794695623e+00 2.002716720951183760e+01 1.414687085397760491e+01
2.853444475395844293e+01 2.193188550616962829e+01 3.828289554603443889e+01 2.952507146912889979e+01 1.408658366927144812e+01 1.703596247557829813e+01 1.643667299064020426e+00 2.340631257877971905e+01 2.670223533723969922e+01 1.742078782586789032e+01 3.727181550353581940e+01 3.992808104374281442e+01 3.164380983470297082e+01 2.685618203164874274e+01 6.856182031564701518e+00 2.685618203073643073e+01 3.423952600111999800e+01 3.417883825640679873e+01 3.466561935638603131e+01 2.407246353743188649e+01 4.078540853282745182e+00 2.168579847309739250e+01 2.995429759663444003e+01 3.161666557291352575e+01 3.421086847962180144e+01 2.536925279346392514e+01 2.903932117490947107e+01 2.734025196207624120e+01 7.340251981835153039e+00 2.734025196207624120e+01 3.415500319869152435e+01 2.193292164417849932e+01 1.931795071683151566e+00 2.193291248791580728e+01 2.054905643021382744e+01 3.728326572724457577e+01 3.414687085397830657e+01
3.312751921543569722e+01 4.398319377352753179e+01 5.137441514269271892e+01 3.967297776913626706e+01 3.116949370063098002e+01 2.092257235626557588e+01 2.290513526386664722e+00 1.658301718344057107e+01 3.772895437613924230e+01 3.149046020143607194e+01 3.365135776798113909e+01 5.338100506206632900e+01 4.816064977036011641e+01 3.044828807210776489e+01 1.044828807210016919e+01 2.199529345589288809e+01 4.199529345593492025e+01 4.823403881281394234e+01 2.823470505828675314e+01 6.618533820950890600e+00 9.418912255967155644e+00 2.309437355392826419e+01 4.182897443032641149e+01 5.157930900992849388e+01 5.365352404092682548e+01 4.536925279346463213e+01 4.550374772399801060e+01 3.118925374115609372e+01 1.118925377643262564e+01 3.118925300512209020e+01 3.700882927024334634e+01 1.700646898635820747e+01 2.863287937348472756e+00 2.286502186729244102e+01 4.054763831892567794e+01 4.882364174573591953e+01 4.461218874775095600e+01
2.947216754069339117e+01 4.966988496401547337e+01 5.205608616792532217e+01 3.126550135926702367e+01 1.663735642635500867e+01 2.286500744501579874e+01 2.938717249834652989e+00 2.295972095675895375e+01 3.769467490591246417e+01 5.122924188276267188e+01 5.338100506206632900e+01 5.401851411172460615e+01 3.401851411165108630e+01 1.987637848792063622e+01 1.529900057282678638e+01 3.529900057283683168e+01 5.027956479480684493e+01 3.990996565231345272e+01 1.995986119288071947e+01 8.436696315488656950e+00 2.791045657554230885e+01 1.780870514818504802e+01 3.659309656969498548e+01 5.384960616544715606e+01 6.332820193731613756e+01 5.136161611953458106e+01 3.136161629161623310e+01 1.721948066798779209e+01 3.118925374115609372e+01 3.947352172606330356e+01 3.979864826596846683e+01 2.282759570555620243e+01 3.798848476799339124e+00 2.270223276159855885e+01 2.570490159687064846e+01 4.686632016268364964e+01 5.290262872136325711e+01
4.466350735992309495e+01 5.795147472257080778e+01 5.709956503224888991e+01 3.721453683993503603e+01 2.463605064564838187e+01 3.865199357069458497e+00 2.097302174552264731e+01 1.000656427713990126e+01 2.964064867149636129e+01 4.558170750427036211e+01 5.670986597954497910e+01 5.401851411168461681e+01 3.401851411165108630e+01 3.987637848793387718e+01 2.046297836776991730e+01 4.046297836778341406e+01 5.535225026364316392e+01 3.584670379213596192e+01 2.180767603044017022e+01 1.029359622565974597e+01 3.027366130873842209e+01 3.659309656969498548e+01 2.729882963732201162e+01 3.651868455165747918e+01 5.525604245247834712e+01 4.429054840172751284e+01 2.429054847985314325e+01 3.721948061748372538e+01 4.550374772399807455e+01 5.268357428628895178e+01 3.017601164588089446e+01 1.432191560280170783e+01 2.109405346964756234e+01 5.136648849542305939e+00 2.635369462065057178e+01 4.211693210710225088e+01 5.050130030429816230e+01
5.171852820616322788e+01 6.244572699603288868e+01 4.163034781688255492e+01 3.969129930846271748e+01 2.451686118588322927e+01 4.522795302319926769e+00 2.442309938633159661e+01 2.964060845179219683e+01 1.813792188181129816e+01 2.945155592765398822e+01 4.861968305785854483e+01 6.230278540805112897e+01 5.401851411167751138e+01 4.600998033003988752e+01 2.600998033002210974e+01 4.600998033004085386e+01 5.228398745349376497e+01 3.258808647719649798e+01 2.111117302308957022e+01 1.219177224630254308e+01 1.884585051718417859e+01 3.877241635288545751e+01 4.588736350206793446e+01 5.384960616544715606e+01 6.332820193731613756e+01 5.257481413871293086e+01 3.323482038985198272e+01 3.429054847985279508e+01 5.429054832360179006e+01 4.724833016988137047e+01 3.019716617080578303e+01 2.102632692405503789e+01 2.589936917059993959e+01 6.086878129710179053e+00 2.609729273405520544e+01 2.283411066107930054e+01 3.207488765726988333e+01
5.998462295360515384e+01 5.476092342982902750e+01 4.163034781688254782e+01 1.988210300846122180e+01 1.000527011514545705e+01 5.181460213528178649e+00 2.497662673417697476e+01 3.455854908926105651e+01 3.755295969937441924e+01 2.944778677706833747e+01 4.051189651194015084e+01 5.949176951629227972e+01 6.015211595381667564e+01 4.015211595375255627e+01 3.495425224002094922e+01 5.429425162387288140e+01 6.020544646545585721e+01 4.903307980931770516e+01 3.415725297715300712e+01 1.423263016650533430e+01 3.415833361726739525e+01 2.947902419461591705e+01 3.837322328053353004e+01 4.989646214867037344e+01 7.001839939654271916e+01 6.151908346412143658e+01 4.478182577363400441e+01 4.323482038985155640e+01 6.257481108220483890e+01 5.127588188010605563e+01 3.473853300203180083e+01 3.151513814278535008e+01 7.455637130172716454e+00 1.602144123408205800e+01 1.383440538851303359e+01 3.247789951575735046e+01 5.050130030671658687e+01
6.048148128067852980e+01 4.120308261134261585e+01 2.691401524696855674e+01 1.876237086588551506e+01 2.114710834050455190e+01 2.459802892305313904e+01 6.122701768545334211e+00 2.043203730165992482e+01 4.201570151411682730e+01 4.853373472800269894e+01 5.654795496195354332e+01 6.761119885678165531e+01 6.843638729422502820e+01 6.015211595381667564e+01 4.650125762381305350e+01 6.323852355531961678e+01 6.189698221353037866e+01 4.185720991816951653e+01 2.779149172989670546e+01 1.630563146790868956e+01 3.621724299098849542e+01 4.794737355574434190e+01 5.779224626149483157e+01 6.677304465203337713e+01 7.841616429998347826e+01 7.306608320925253963e+01 6.478182543926710935e+01 5.478182577356980687e+01 7.151907899405449598e+01 5.883966298705994546e+01 4.714076627214662096e+01 2.452234624180741562e+01 8.430341525160706340e+00 2.673348377645280394e+01 3.219500192878778932e+01 4.071324536353230883e+01 4.869532148113169256e+01
6.602206167764320810e+01 4.684959485117335731e+01 4.665468131967136856e+01 3.897536505127350637e+01 3.308608031098047775e+01 7.050454102027805980e+00 8.940016154179714292e+00 2.706490582186780003e+01 4.295609795495783345e+01 4.828783612100146172e+01 5.431048797232838155e+01 6.136899291951008450e+01 6.960211370869726011e+01 7.478552898591559028e+01 6.650125762389328088e+01 6.929161283721543896e+01 5.769353948087001527e+01 4.251156058078424849e+01 2.260716145519132780e+01 3.621724363971384975e+01 1.975537494718069809e+01 3.963925902947342905e+01 5.150233053558986285e+01 5.772869060002945929e+01 6.603732838727147225e+01 7.601109078954648623e+01 8.306607565533975901e+01 7.478182510496468183e+01 6.653000511937719352e+01 5.832322180628388253e+01 5.083571958772197519e+01 3.745291303697221963e+01 2.816492433016582098e+01 9.818317342295003414e+00 2.974522569943120232e+01 4.022730412531100086e+01 2.882469740581931461e+01
4.841341080965185029e+01 4.323728090549410297e+01 3.892557175066109920e+01 3.489116700251943115e+01 2.771462120092563453e+01 7.694935033706734373e+00 2.687081189695733485e+01 3.515168112087186358e+01 2.303715653397137331e+01 2.833829862767134955e+01 3.433561153852716075e+01 4.140452606663059498e+01 5.295636855441465940e+01 7.286085151501760038e+01 7.723234948087723239e+01 6.091390673518439769e+01 4.088225111480048213e+01 2.941532671438326574e+01 4.251147700202795932e+01 4.794760617636739397e+01 3.963925902957778646e+01 2.333262363030713260e+01 4.319082690682628822e+01 3.797424568960036595e+01 4.780103067517826787e+01 6.177964743435321537e+01 8.184396682807178536e+01 6.973112482766678966e+01 4.997205718681309605e+01 3.851315299492460298e+01 3.096356114288954231e+01 4.146789425895229897e+01 3.074578630966220416e+01 1.080168896721200866e+01 3.071601917749964628e+01 2.042493638130091327e+01 3.661445837088749755e+01
2.836634589304270548e+01 2.301357233431857807e+01 1.875365306565983303e+01 1.511112159313884540e+01 1.178912525099775621e+01 8.337573765098921896e+00 2.228091203609922033e+01 1.598205645990693391e+01 3.591368867854190938e+01 4.828783612100146172e+01 5.431048797232838155e+01 6.136899291963312919e+01 6.960211370869726011e+01 8.108597914282897534e+01 6.883420433883784995e+01 4.873121177148394167e+01 3.877003876790420378e+01 4.347483488471974056e+01 5.769186647231855147e+01 5.914589914225488343e+01 4.628049609355603877e+01 2.643394416304621686e+01 2.993255650975040894e+01 4.974930954618208290e+01 5.028112843442870172e+01 6.396635281108462578e+01 8.368019283304282396e+01 7.795329943036080067e+01 6.653000511937719352e+01 5.549979867383009235e+01 3.565567726513855007e+01 2.152606094463564546e+01 3.194308520935668128e+01 1.199877536435750081e+01 1.325222254669931488e+01 1.499841590414107273e+01 1.684684034959302323e+01
3.957380822454088332e+01 3.738774531479143803e+01 3.892557175066105657e+01 3.489117779879391890e+01 3.111034566295819914e+01 2.838827644893814650e+01 9.295341362628599668e+00 2.935747432956840441e+01 4.023933999015029883e+01 5.435420666212642260e+01 6.092282525990109576e+01 6.916824564759930638e+01 7.181923411506538457e+01 7.707376800663618610e+01 7.723234948087723239e+01 6.715567560795535940e+01 5.028051837124353085e+01 6.352848850456608432e+01 6.413391917138527276e+01 5.081824807973084290e+01 3.097014451023400738e+01 4.628023153008063417e+01 4.133125015769316946e+01 5.806603894180121728e+01 6.816228671966281638e+01 7.799332192607859326e+01 7.774860884491857860e+01 7.284924229071241086e+01 5.292579446016551259e+01 3.883858283028376235e+01 4.249348000363553979e+01 3.364324079308610038e+01 1.369574119677482038e+01 3.191795955486534453e+01 2.721011288676682227e+01 3.477457389701025647e+01 3.661715677298381877e+01
5.953786502236206246e+01 5.735930907973517634e+01 4.922663208490104836e+01 2.989697589735968108e+01 1.885083568328530035e+01 1.037292787215840484e+01 2.935598277087409258e+01 1.195821757030618215e+01 2.612447331817436336e+01 4.290839566879404998e+01 4.097222250176439218e+01 5.188790121425968493e+01 5.188790121425968493e+01 5.715764204222036682e+01 7.707376800663618610e+01 7.879743473368826301e+01 7.039688485649534755e+01 7.359428667376374733e+01 5.578656164465019174e+01 3.586054030556721273e+01 5.081824807973126212e+01 5.081567167718993971e+01 6.124895382013610856e+01 6.961535720218995493e+01 7.943123226073394960e+01 7.774748111534680106e+01 5.824813494343808884e+01 6.180302247631246360e+01 5.658181525677895252e+01 3.665928360687860277e+01 2.251163585288077584e+01 1.544326747231151309e+01 3.364608209919914827e+01 4.187358141234567199e+01 4.715348047303800172e+01 5.271164684841267700e+01 3.300474717493052168e+01
5.590657028063063905e+01 4.139252849103574761e+01 3.146098499852665142e+01 3.146941353072093506e+01 1.145695593883754171e+01 3.041364031656403100e+01 3.867600200123366250e+01 3.197448071867744446e+01 1.465540320872350755e+01 2.465834329798484603e+01 4.295699658088884831e+01 3.191799441836409912e+01 4.085671386077253686e+01 6.081231925136477656e+01 7.273686687645150073e+01 8.094518926968603978e+01 7.946271252071852587e+01 5.931285315670601932e+01 4.521469885989760940e+01 5.578656164465019174e+01 4.222219440605970675e+01 5.563376551479098708e+01 7.326604456001039978e+01 8.047760644545957120e+01 6.105902116427110826e+01 6.797029292404978662e+01 6.108050188436441630e+01 4.239637722591970714e+01 4.993351291690019877e+01 5.020507392857162188e+01 3.667233069767367226e+01 1.670038681378879630e+01 3.667206557294365155e+01 5.116342116931397044e+01 6.117386256235188569e+01 6.070802487868571262e+01 4.949459891963505953e+01
7.063270524820167395e+01 5.996596218367659503e+01 4.010589011155832395e+01 1.999792615140765761e+01 2.931216277347954602e+01 1.254324350843954328e+01 3.358548157588506200e+01 4.290905974155906222e+01 3.464581138444478370e+01 1.743578197778189676e+01 2.298078932966356547e+01 4.295711574558735890e+01 6.014051788931683973e+01 5.867279770213405499e+01 5.284726950797836764e+01 7.273686687645150073e+01 8.168266524173984067e+01 6.151349944001857750e+01 5.931285315670601932e+01 6.726841939856879549e+01 4.722821622577125567e+01 6.726841939856879549e+01 8.484529306086790257e+01 7.996204112627233940e+01 5.942191782060143623e+01 4.727204597330297275e+01 4.075492409861826104e+01 3.512203205871860945e+01 2.991627501176240145e+01 4.319980116460029507e+01 3.795166445943746680e+01 1.796692375691083754e+01 2.375734833957652370e+01 3.289771938765643000e+01 4.682013786845394065e+01 6.722512309999844149e+01 6.080429255956276080e+01
5.515196332405884050e+01 5.824769369920187501e+01 3.941713043146779683e+01 3.893657572561136959e+01 3.307586018496734681e+01 1.330733278555985599e+01 3.158009178739338552e+01 5.240141197704743092e+01 4.567851702574977679e+01 3.741666164218261059e+01 2.045109354448490180e+01 4.042834564167170441e+01 4.926926788664385981e+01 3.872489860326505351e+01 5.026109139057906106e+01 6.435444251435708907e+01 8.418747150037418692e+01 8.168266524173984067e+01 7.946271252071852587e+01 7.362196965094088341e+01 5.353027962510750370e+01 6.356279112937158970e+01 8.375657437292898067e+01 8.838281658291731446e+01 7.639464600145531392e+01 6.797029292404978662e+01 6.123332849482595464e+01 5.532731868368338013e+01 4.401908661223640706e+01 2.384393944098682638e+01 1.982079649587825543e+01 3.795166445944197164e+01 4.284714023262363725e+01 3.697550202312493894e+01 5.702297637078045511e+01 6.629872341035908789e+01 5.261029274159824354e+01
