MOVIE_S11_data/elevation_000706.asc
nrows	100
cellsize	150.0
xllcorner	0
ncols	100
yllcorner	0
NODATA_value	-9999
[rows 34 to 50 of 100, columns 37 to 73 of 100]
5.719111335271137619e+01 4.098817346316349841e+01 6.128554655732748557e+01 6.997159218024226846e+01 4.964738196253582458e+01 3.794243058360336107e+01 5.228761367055121667e+01 7.260143160732776835e+01 8.126866996691693146e+01 8.956237694354126688e+01 7.665684526238392493e+01 6.827982630619152360e+01 6.443695890434871387e+01 5.606007423235323017e+01 3.804714942927416388e+01 5.816806957362530284e+01 6.365852052304946085e+01 4.858092422152152068e+01 5.256844450730607576e+01 5.702435453876836391e+01 6.182117185957782368e+01 7.183621881341689175e+01 8.335861340647652185e+01 1.035472005325083700e+02 1.182105802475629872e+02 9.880834095587707111e+01 9.283711494184208846e+01 7.306377048210086400e+01 6.770987082734916385e+01 6.322142659036208556e+01 6.541069486731657889e+01 8.529191284220205205e+01 9.547619134969782806e+01 8.890766702378371633e+01 6.905250888310108337e+01 7.192604825502999688e+01 7.709128300309482995e+01
6.846437751656752368e+01 4.815958767290095466e+01 6.846437751731210142e+01 7.836505435910488870e+01 6.091317009431857343e+01 4.056987052374211800e+01 6.091317009431857343e+01 7.820726842919160049e+01 8.936292350809040386e+01 9.687763739007417030e+01 7.814553888535590431e+01 6.449746240777574258e+01 5.446498412345084006e+01 6.017780077186729670e+01 3.998902829665387060e+01 4.118931318525307006e+01 4.346307344130344319e+01 6.365852922635473021e+01 7.275015743790768852e+01 7.713968169032774824e+01 8.186376656707624022e+01 7.337992697645844942e+01 8.491406920104259370e+01 1.051171762799891098e+02 1.160583631174009440e+02 9.639312006939414346e+01 8.247361418414968171e+01 8.705921982649233826e+01 8.753838787373808827e+01 7.196812307223119376e+01 5.784966437097374126e+01 6.744066375436769079e+01 8.145842755203219099e+01 8.140312264062576730e+01 6.148751481251458273e+01 6.298653279631392365e+01 8.289024192263094903e+01
6.846437751743505373e+01 6.253827899577780869e+01 7.684368270224339881e+01 8.323720474252662882e+01 6.398399366538298949e+01 4.361445450014759473e+01 4.924938691380557998e+01 5.954205873455033071e+01 7.488917975055457532e+01 9.794460714152874914e+01 9.225694861112172873e+01 8.275254266269973868e+01 6.307334875309090449e+01 4.281372155105000132e+01 6.017780740099546222e+01 6.020564609914573850e+01 6.365852922635473021e+01 4.790684305338402282e+01 6.812368197551539595e+01 8.120657904580309605e+01 9.282328173859967535e+01 9.345290696949247433e+01 1.018430580286907343e+02 1.135223326920233546e+02 1.217962790910612796e+02 1.021529364044736923e+02 1.021529364044736923e+02 1.067861876912889585e+02 9.995836435085773530e+01 8.596324371154440769e+01 7.326053036236788785e+01 5.329523479231625060e+01 6.900036952295266701e+01 6.899994163269776948e+01 5.479527041678277754e+01 7.476458669792204148e+01 9.106389537349524232e+01
8.869282842485766594e+01 8.277124494082103467e+01 8.390676536865110791e+01 6.364449399397858542e+01 5.452574168576282432e+01 4.705508944843053598e+01 6.742757167140736385e+01 6.220633822870792073e+01 8.268154529757707394e+01 9.451466783892281853e+01 8.441461172330967599e+01 7.604539714936679218e+01 6.522111847708406174e+01 4.491566908719693174e+01 5.613341714682114514e+01 7.338457142375105491e+01 6.812368197551539595e+01 6.812368197551539595e+01 5.270033860829004624e+01 6.439319559850868302e+01 8.447101898344590154e+01 9.831431558409917670e+01 1.067278240832767722e+02 1.151324698899083785e+02 1.160018569589194328e+02 1.043153140135660664e+02 9.594362828537413179e+01 9.857281455933005532e+01 9.998109520947825501e+01 8.020353422706460833e+01 6.611673533259452995e+01 5.609876429677433407e+01 4.901401759258923363e+01 4.900233680365310818e+01 6.899994163269776948e+01 8.295865895261532330e+01 8.349328429867294687e+01
9.983448096294674201e+01 1.004372666675234740e+02 8.019161998029282756e+01 7.914253428958831194e+01 5.885162382595809305e+01 5.099390472196608215e+01 7.134393725925997387e+01 7.668792845457998908e+01 9.115229290570974285e+01 8.614339901678911815e+01 6.594739528223706770e+01 5.575858327532721859e+01 4.804283385408161422e+01 6.522111847709089716e+01 7.261668067826360584e+01 8.348221550933149615e+01 8.825778052577116739e+01 8.122707487013816774e+01 6.439319895643626523e+01 5.825230299469737361e+01 6.986968553430891404e+01 8.993421231484116163e+01 8.650768526885450171e+01 1.067278240832767722e+02 1.076475131948745911e+02 8.737578988568108684e+01 7.570163139682766484e+01 7.832706242204852742e+01 9.263382700129622549e+01 9.416314148547384377e+01 7.605649178237617036e+01 7.605649170463573228e+01 6.515140078896548914e+01 4.516707894820780211e+01 6.204799755598227051e+01 7.027512596396661593e+01 8.177118461770442082e+01
1.006471259570101466e+02 1.088364492741157221e+02 9.345609647823100374e+01 7.321366270510254992e+01 7.540615257350874856e+01 5.509507600109385095e+01 6.685383803243207979e+01 8.708883149856758621e+01 1.056166574300301306e+02 9.451466791481826135e+01 7.978244077828476577e+01 5.953277503692486761e+01 5.038520011303737078e+01 7.072651495441897396e+01 8.011752097248650273e+01 8.848218556084944453e+01 1.001302991208900153e+02 9.284073132852401500e+01 8.447341422067601968e+01 6.832414429291262081e+01 6.481734561976853115e+01 7.237282816585452849e+01 8.650768526885450171e+01 1.067278240832767722e+02 1.097991530548502368e+02 9.810800091959058022e+01 8.425690593283633234e+01 6.408533421518193052e+01 7.565571885239128846e+01 8.402613255573356810e+01 9.586875792763603954e+01 7.909986725602854563e+01 5.907296929521488238e+01 5.906330955611882416e+01 4.208272252635232746e+01 5.361170392913703608e+01 7.357218893815033312e+01
1.088726906011923035e+02 1.137223178787096032e+02 9.345609647796372599e+01 8.215564976330381342e+01 6.190715819430621281e+01 7.540615257379955949e+01 8.379355407495074815e+01 9.548022942181626149e+01 1.105495413739937334e+02 9.034160162723230769e+01 7.607911066190655447e+01 7.393960428931939077e+01 5.361824304732228086e+01 5.585904154532366306e+01 5.988358659178517485e+01 7.159836442731260320e+01 9.175490523200799942e+01 1.013953711151816748e+02 9.675295095554422176e+01 8.246781913681873277e+01 8.484911829508700976e+01 7.375191904100579166e+01 8.528312280859162797e+01 1.054980138878559330e+02 1.014335868806196004e+02 8.116179581821393185e+01 6.952290312903882352e+01 6.054409985793639493e+01 5.551968281086799806e+01 7.045661670256092179e+01 7.882159070192948036e+01 7.712442898190684559e+01 5.910121466256962464e+01 3.910909933747449685e+01 5.609050852721327374e+01 6.429134084364727642e+01 6.604754429776942004e+01
9.960124699692862293e+01 1.078865698578459700e+02 9.645556455408011232e+01 7.623243111636539027e+01 6.958368792580806428e+01 7.472417892550537033e+01 8.638586082179494952e+01 1.066332673164550613e+02 1.102077828888114936e+02 9.854982704818837647e+01 8.158233011124326595e+01 6.136157891954346866e+01 5.781207726116448242e+01 7.614931996310372142e+01 8.011752097248650273e+01 6.649844677284451677e+01 7.364267741055152783e+01 8.123811753293138338e+01 1.013953711151816748e+02 1.026387970097177629e+02 1.022194559834364895e+02 8.372658181681150324e+01 1.022194559834364895e+02 1.139037974968335902e+02 9.787943959656119830e+01 7.761448478750452296e+01 7.001001494180496820e+01 8.069292518387685220e+01 7.045661670256092179e+01 5.033236718781743946e+01 6.558035065101756800e+01 5.696583328752972619e+01 6.023521534321697857e+01 5.614962793861755586e+01 3.620931891731511598e+01 5.332351875504379990e+01 4.604210546217248634e+01
7.967854891472346424e+01 9.960124699692862293e+01 1.048537952908744160e+02 9.645556455408011232e+01 8.124572133484561220e+01 8.607980171579001194e+01 1.033408998675149348e+02 1.150381465228547455e+02 1.018205832475057377e+02 8.165173963538562418e+01 7.002192857498744161e+01 8.158229421699348904e+01 6.208961918509585587e+01 8.228749896886382942e+01 9.502710970871196139e+01 8.665821274325429613e+01 7.658558354805155943e+01 9.673084193845460277e+01 9.546786270334376923e+01 1.157056423141213912e+02 1.123335447082970688e+02 1.039273003463958673e+02 1.123335447082970688e+02 1.122146366827494006e+02 9.194160654417939327e+01 9.787943959655864035e+01 9.022000663159435874e+01 8.607335112689609957e+01 7.032502145598523668e+01 5.019508805184727862e+01 4.548095924873742035e+01 4.280309035310557420e+01 4.020142380234008073e+01 3.789614385359888615e+01 3.561423758439713794e+01 3.335333367322481024e+01 3.194397659643558640e+01
7.967854891472346424e+01 9.960124699659614578e+01 1.099076748262835252e+02 1.098762983976722154e+02 1.014728003179303784e+02 1.063240517963483427e+02 1.147279035796517945e+02 1.172455074242171946e+02 9.700783700655199482e+01 8.276121924104606364e+01 9.017609595880479390e+01 8.077933647511595439e+01 6.653899145384608005e+01 7.816940122915166000e+01 9.831364571733611513e+01 1.051131152779218354e+02 8.663572176607026165e+01 1.051131152779218354e+02 1.157056423141213912e+02 1.241013977829458952e+02 1.246795167771641104e+02 1.163415553496099335e+02 1.230484886948901675e+02 1.205612727074731083e+02 1.122146366827494006e+02 1.046775605057779046e+02 9.560921381939930086e+01 7.768383749557624185e+01 5.753088978850815494e+01 7.032502145598523668e+01 6.558035065101756800e+01 4.801517664527777640e+01 6.023521534279480250e+01 5.790633437817071183e+01 5.553587458533360888e+01 3.733664908771655888e+01 5.190156282564732493e+01
9.378255924886704520e+01 9.345690205749819768e+01 8.975967524729321667e+01 1.010624316837617584e+02 1.093976379322158152e+02 1.188713290353552594e+02 1.105730720918388528e+02 1.188713290353552594e+02 1.113230790816875242e+02 1.029353134364676947e+02 1.093228031232718536e+02 9.187768953197065969e+01 7.176014063981122604e+01 9.187768953197065969e+01 1.066976983143430999e+02 1.152187373515480147e+02 1.068259621108390860e+02 1.152187373515480147e+02 1.223016533147628451e+02 1.172176420665839629e+02 1.088754387634717773e+02 9.618246993007785761e+01 1.029207095233856677e+02 1.136286382334817517e+02 1.106508409306788963e+02 9.032579519340826835e+01 7.600093041528013771e+01 6.700162576774907564e+01 7.175640225144830708e+01 8.607335112689425216e+01 7.393550462520184396e+01 5.379556774032108279e+01 7.393550462318896166e+01 6.318693982787086583e+01 4.357073075316512245e+01 5.697861647863948065e+01 5.331033290841905625e+01
8.302271953808973137e+01 7.348121233359779580e+01 7.566211282947011796e+01 8.094009170368283890e+01 1.010624316837617584e+02 1.088520774754313010e+02 9.053260615361088526e+01 1.088520774754313010e+02 1.058614786969004200e+02 1.141594849612643259e+02 1.083635943091610443e+02 8.817256698304697693e+01 8.179973770556792090e+01 8.446342056153007150e+01 9.870475412251617797e+01 1.189548211835367226e+02 1.164126128306813541e+02 1.080635050988023806e+02 1.021658710684974238e+02 1.088754387634717773e+02 8.865990026522813139e+01 8.445908685602552168e+01 8.860296672107295990e+01 9.344161110762352962e+01 1.136286382334817517e+02 1.046775605057778478e+02 9.560921381939930086e+01 8.721029600423625538e+01 9.199393205203793400e+01 8.823092418741258314e+01 6.801414796272052854e+01 6.383888796120659492e+01 8.231940633511467809e+01 6.911533714625794289e+01 4.943992012545648151e+01 5.395548934807878538e+01 7.275902826160965731e+01
6.327233102864708769e+01 5.966980831660206519e+01 6.698580615761569845e+01 8.094009170368282469e+01 1.010624316837617442e+02 1.005528391227249614e+02 8.057286053090575706e+01 1.005528391227249614e+02 8.585195097459435942e+01 1.026029826039586368e+02 1.115509334358263231e+02 1.083635943091610443e+02 9.340540255292486904e+01 1.046358613154525017e+02 1.130273390952664840e+02 1.223016529644904153e+02 1.021658710683907287e+02 8.784368295112460601e+01 8.784368295112466285e+01 1.047493993901236422e+02 9.458089440602587672e+01 7.430091769208169694e+01 7.687267739330383165e+01 9.714599960614130225e+01 9.904092679513885855e+01 1.192063941527717219e+02 1.070340922178829430e+02 9.861691510002611949e+01 9.861691510002611949e+01 9.662466470750885605e+01 8.823092418741258314e+01 7.546675431835159031e+01 7.981323403845276232e+01 5.979930157363952503e+01 6.323432873495600148e+01 6.786223118964733203e+01 6.786334165167293975e+01
5.205096723002403536e+01 6.582002381522431733e+01 8.562179192674508954e+01 8.867200599778546177e+01 9.087790738575711202e+01 9.389284625878519819e+01 7.395005275268498224e+01 8.538921053552000728e+01 7.436377842894080459e+01 8.325502841592613379e+01 9.737754994539952236e+01 1.174334978476070575e+02 1.136354847750396573e+02 1.220327298385921324e+02 1.206884494474706884e+02 1.123235338629296365e+02 1.164126128306801320e+02 9.638958535794866123e+01 7.611457286945032763e+01 8.811234615350946342e+01 8.816757911126967429e+01 6.794192387529287203e+01 6.974035078570950930e+01 7.877627230537427749e+01 9.312889515891232861e+01 1.133138337524956540e+02 9.861691510002611949e+01 7.835944447976078209e+01 7.835944447976078209e+01 9.269676834668568688e+01 1.041274017579922315e+02 9.573263020151219393e+01 8.819058906664139386e+01 6.967688895562693574e+01 8.331334741325358095e+01 8.795605327247446326e+01 8.795840069012406559e+01
6.558074605245072064e+01 7.988002601845283834e+01 8.284716152903898490e+01 6.870897227238003779e+01 7.089137868901124762e+01 9.087475065887399239e+01 8.538887174399505398e+01 6.546966413768352311e+01 7.953950458106538690e+01 9.951164998665892369e+01 1.115509334358263231e+02 1.114011029880531964e+02 1.196974498040888761e+02 1.270924283276341527e+02 1.123235338629296365e+02 9.212690863535645747e+01 9.804236320742937494e+01 9.241481894290235743e+01 8.734501575390757466e+01 6.788750806098164503e+01 8.232788847128176712e+01 6.222420938762562770e+01 8.232907282146447869e+01 9.201704114943109403e+01 9.201704114943109403e+01 1.121912578980832933e+02 9.779796160797394577e+01 7.750557060233850848e+01 6.393127130800036184e+01 8.429272023354369026e+01 8.931939178396500267e+01 9.739250113226201222e+01 9.831606787870180142e+01 8.994957912127848942e+01 9.831606787870180142e+01 9.581770760704583267e+01 8.746167109948916618e+01
7.380722753943318537e+01 8.719555556390335482e+01 7.451802877383489943e+01 5.465769577664775625e+01 7.455517274310885512e+01 8.449279485903196019e+01 7.624596801226098819e+01 6.156412778960490328e+01 7.563723229778325674e+01 9.559474372369014361e+01 9.723509778692007899e+01 9.136734630796293288e+01 1.114011029880531964e+02 1.187206689716554706e+02 9.857663078227786002e+01 8.685846864523786337e+01 7.775220476172025030e+01 7.213659766521364247e+01 6.712891620757217481e+01 6.259480459779888406e+01 7.782897560731680642e+01 5.860668665263929711e+01 7.859526844260925316e+01 7.182689179291160997e+01 9.027415757744448399e+01 1.045472587384593481e+02 9.186442488134409246e+01 7.155793841983543757e+01 5.726541303640747316e+01 7.750557060233850848e+01 6.986591791088528680e+01 8.615482059036625628e+01 9.644814405766467758e+01 9.766680416619269067e+01 8.931552071596608755e+01 8.575465165967136727e+01 6.735508720765311352e+01
6.726541340261815094e+01 7.357653491404580848e+01 5.954680168168371068e+01 4.806897006332403066e+01 6.791482786758854218e+01 7.288469797710480691e+01 5.634497658567804024e+01 7.625177416457599122e+01 8.424963658037641778e+01 8.782704890655286079e+01 7.727761438031087948e+01 8.877090670356594160e+01 1.029201778337288289e+02 1.229863321417151099e+02 1.154493441788144850e+02 1.064070218193428872e+02 9.804234522565816690e+01 9.241478058875837576e+01 8.734452688042273394e+01 7.782789455093953279e+01 5.786474408255352841e+01 5.513889156466599673e+01 7.190134475339844755e+01 6.188284751934259020e+01 7.600759814611410548e+01 9.372563686403464089e+01 8.400023521596520482e+01 6.370585968494240348e+01 5.232515164572862432e+01 6.596919980085620239e+01 5.851523170324187362e+01 6.931575787517618892e+01 8.833915438989362201e+01 8.931552071596608755e+01 6.922736546462819263e+01 7.511104991621688498e+01 5.747519485877342760e+01
