MOVIE_S11_data/elevation_000676.asc
nrows	100
cellsize	150.0
xllcorner	0
ncols	100
yllcorner	0
NODATA_value	-9999
[rows 0 to 16 of 100, columns 0 to 36 of 100]
8.271705653423140625e-02 2.127631151761726416e-02 9.425194436011796739e-02 4.939197167322698090e-02 3.975871534419905817e-02 6.171646774684565184e-02 1.696294146011132625e-02 1.936121709489252440e-02 4.216450047424835645e-02 2.297044857093000214e-02 6.704298068806634203e-02 4.162315340452049650e-02 3.835349583220235004e-02 2.777463300387698203e-02 2.207885817162396139e-02 7.161913568127860341e-02 9.025521335945362045e-02 3.502399586135773735e-02 8.040414306008919487e-02 3.131346976591601466e-02 7.604099264847130613e-02 2.387740603804927586e-02 5.687112022313325910e-02 4.074439634684711570e-02 8.709178300582484655e-02 7.612946965408906586e-02 1.077918208624280109e-02 9.929772718869623455e-03 4.600412614040166881e-02 2.152795518990661267e-02 2.378824418737431057e-02 9.511189423522797837e-02 9.406546861214974686e-02 1.749038473908382007e-03 2.223905489293687143e-03 6.269637160239108220e-02 9.476101746191394060e-02
7.813061968023242432e-02 2.002127631151726206e+01 2.009425194435976181e+01 1.419152759540430253e+01 1.003975871529969233e+01 2.006171646632282091e+01 4.016962941460094250e+00 2.001925416802080804e+01 2.004216450047389131e+01 2.002297044857057529e+01 7.626332440872643836e+00 2.004162315340416356e+01 1.418048911956327807e+01 2.002777463300352068e+01 2.084921350689215025e+00 2.007161913568092260e+01 1.423239083709052899e+01 1.417715961959243387e+01 2.008040414305973442e+01 3.810958199858180517e+00 2.007604099264811737e+01 2.002387478986872793e+01 2.005687112022277674e+01 6.707411063013542396e+00 2.008709178300546938e+01 1.421826509338516509e+01 2.001077918201603012e+01 1.207298452897370256e+00 2.004600412614004767e+01 1.416376543924019060e+01 2.002378824418702052e+01 1.164211727802764251e+01 2.009406546861179521e+01 2.000174903847355168e+01 4.590538582900510534e+00 2.006269637160203700e+01 4.265049298603427630e+00
2.526786264046545702e-02 1.416740348637129010e+01 3.416740348637058133e+01 3.419152759540500597e+01 2.158676409115532735e+01 3.230207858893243156e+01 2.401697522918914984e+01 1.004718983301531487e+01 3.004713326420484876e+01 3.591060368833554861e+01 1.762633244087282236e+01 3.591060368833554861e+01 3.418048911956397973e+01 2.415882477927866034e+01 4.158824740150074639e+00 2.415882477927870298e+01 3.423239083709123065e+01 3.417715961959314086e+01 3.047758053852761506e+01 1.047762486651920533e+01 1.047762486651259550e+01 3.047749089473796857e+01 3.377847887487978085e+01 1.377847887487907919e+01 3.377847887487978085e+01 3.421826509355638990e+01 2.240706676870552627e+01 2.406818740705507054e+00 2.240706676872287773e+01 3.416704603289873887e+01 3.992638852548853379e+01 3.164211727802728547e+01 3.145048198587261368e+01 1.145048198860080468e+01 2.459053858211506594e+01 2.852906362572622356e+01 8.529063625715673780e+00
4.163169627051844027e-03 2.000416316962669683e+01 3.650807628167375185e+01 4.650807628167357421e+01 4.158673068568410258e+01 4.987042635195871298e+01 3.504709595045566317e+01 1.504718983301527047e+01 2.418932435296841632e+01 4.418913498350180191e+01 3.176846806460402561e+01 4.591060368833572625e+01 3.626700997370826940e+01 1.626700984692918084e+01 6.267009846929003203e+00 1.781401523072426230e+01 3.781401538069933110e+01 5.047724479918375806e+01 3.047758053852761506e+01 1.942189676875201698e+01 1.547762486647585689e+01 3.547737403445130155e+01 4.206275012266402058e+01 2.532548425867179986e+01 4.206275012242968359e+01 3.775598306638387669e+01 1.775514256204456487e+01 3.612864119016563791e+00 1.515981167263394447e+01 2.929891086376931497e+01 4.925997197789916271e+01 4.778041359248057063e+01 2.778041360711205598e+01 1.722398468049696163e+01 3.722398467500267571e+01 3.311737830314682185e+01 1.311737830312694975e+01
5.883922493566802470e-02 8.223805034212857024e+00 1.822380503421268116e+01 3.236594065794313480e+01 5.236594065794242425e+01 5.453404472189717467e+01 3.453454624423145702e+01 2.039241467126316820e+01 4.039226372800972342e+01 4.418913498350180191e+01 5.176846806460473260e+01 5.626701159489025628e+01 3.626700997370827650e+01 2.847564046244196589e+01 8.475640368425953142e+00 2.847564046244196589e+01 4.609829260741754098e+01 5.575146717710220656e+01 3.575180972109068733e+01 3.942181606440586705e+01 2.082284970452801431e+01 4.082242123051469207e+01 5.360975550667961897e+01 4.532548425867250330e+01 4.887631249471841954e+01 4.058826952617094719e+01 2.483282536679691788e+01 4.832285640715953789e+00 2.481694371158484458e+01 2.942464212832013715e+01 4.923886788572940532e+01 5.606468339842697191e+01 4.354853999055578839e+01 2.354854000083360788e+01 4.354853999055578839e+01 3.866438026533646877e+01 1.866438026537914396e+01
1.256007409845548775e-02 2.001256007409810067e+01 3.472629841498679326e+01 4.301056966244839685e+01 5.301056966245023006e+01 6.039090638329570027e+01 4.039226372800972342e+01 2.746348248301231720e+01 4.746319165869417844e+01 6.418769822641098699e+01 5.904226765329244841e+01 3.904226473522918184e+01 3.904226473522079033e+01 3.072581630035463718e+01 1.072581617027802103e+01 3.072581599419750376e+01 4.275724203327289530e+01 5.104170414506362619e+01 5.575146717710220656e+01 4.714662241322714209e+01 2.714740502217238927e+01 4.082242123051469918e+01 6.081939592602920186e+01 5.473722820529091848e+01 3.472755642800817810e+01 2.057629808891561041e+01 2.606557650048885222e+01 6.058564319685890709e+00 9.540114220977654824e+00 2.943018217132076586e+01 4.297120426849011210e+01 5.442656067828233546e+01 5.110782944040611397e+01 3.110782946101802082e+01 5.110782944040611397e+01 4.469460715687321084e+01 2.469460715693431041e+01
9.594114293757748102e-02 7.167008954803022469e+00 1.472629841498750203e+01 2.472629841498732617e+01 3.886843403871777980e+01 5.886843403871706926e+01 5.574403931845904481e+01 3.746348234498849195e+01 5.574403931845904481e+01 6.442056982988977154e+01 5.287355353675980751e+01 3.904226473522918184e+01 1.904226451354843519e+01 1.550673060761563704e+01 3.072581528223202696e+01 1.519795212527763972e+01 2.275724158546231735e+01 3.689937725003706959e+01 5.689941753651797285e+01 5.422121379435944988e+01 3.421847286709648728e+01 5.421397382145649146e+01 5.831398522737184464e+01 4.648965839002028133e+01 3.786792519561242187e+01 2.793138625249263995e+01 7.923573936411739460e+00 2.606557650048921104e+01 2.943018217132076586e+01 1.488430698156682652e+01 2.636678265257076603e+01 4.616782180777262568e+01 5.939209698576210883e+01 4.524996508472846557e+01 5.939209698576210883e+01 5.176567496870514162e+01 3.176567496879966157e+01
7.711341127313005306e-02 2.007711341127277649e+01 3.016632590098436850e+01 3.593988330262181563e+01 4.260666001332008790e+01 5.089317308272589457e+01 6.089678409545546600e+01 5.160557844326029198e+01 6.573973660491743942e+01 5.613627266312922615e+01 3.613627185962411659e+01 2.458926647580082303e+01 3.904226469847215242e+01 2.964886623092004569e+01 3.873348528389630019e+01 1.873348603121043965e+01 3.873348256772604969e+01 4.275724163716211024e+01 6.275724170986509876e+01 6.251747910393439867e+01 4.576555829784728502e+01 6.251407619161492590e+01 4.991226313589373120e+01 2.937162199023200415e+01 1.748364390358018738e+01 9.843635385727262488e+00 2.793154329786742807e+01 2.057629860013702938e+01 4.058820166829579534e+01 3.473568652128253831e+01 2.090424321516340100e+01 4.070620162848413770e+01 5.469373595792137621e+01 6.297838334895165957e+01 7.353422160255458095e+01 6.004994616985244704e+01 4.331268035259176941e+01
2.297228869525369793e-03 5.002297228869545975e+00 1.016627502381281367e+01 1.593977771570919266e+01 2.260644438239687659e+01 3.260644448482449320e+01 5.260716755208147077e+01 7.160307048755210246e+01 6.262512996347622618e+01 4.262512870489454286e+01 3.107812332103144115e+01 4.458926681543285042e+01 5.287352747493046934e+01 4.964886424991480141e+01 3.506341765545047906e+01 3.873348629343885818e+01 2.439034028070291882e+01 3.853247590648194887e+01 5.853247714730525075e+01 7.407459490243709865e+01 6.577265509132068644e+01 6.503162760090602035e+01 5.546640206754928215e+01 4.605448098204120555e+01 3.123628783407236753e+01 1.122706432805832932e+01 3.123629641324813022e+01 3.472755906197317444e+01 4.887395226182288610e+01 4.895073704056335373e+01 3.233772244251996142e+01 2.792674985316850922e+01 3.489978058022342111e+01 4.884809453006737812e+01 6.880636289932057537e+01 7.159695152162694853e+01 6.331268035236810476e+01
9.647730019007895452e-02 2.009647730018972211e+01 3.016632590098436850e+01 3.593988330262181563e+01 4.260666001332008790e+01 5.089317308272589457e+01 6.089794360683841035e+01 6.577200963346641061e+01 7.090943938894578480e+01 5.936241790523570216e+01 5.107812385304124092e+01 3.892276872655907738e+01 5.892276966075712608e+01 6.334763127579619635e+01 5.506341663240539930e+01 4.865435507232623280e+01 2.865435460781520405e+01 4.020135999167067098e+01 5.434349563103719305e+01 7.434349932951668904e+01 7.052926485507097709e+01 5.145771695958185177e+01 3.797779287862955755e+01 2.823759565941643856e+01 3.261841649208105309e+01 1.262053040291812422e+01 2.676859792389159409e+01 4.677573905201720805e+01 6.301136271576518055e+01 6.041202336961785591e+01 5.213775679870011004e+01 3.537922038560959948e+01 5.469373576344173671e+01 5.469373593322903560e+01 7.467919385968504287e+01 6.957245929708116705e+01 6.074238515257101056e+01
3.582433992925927735e-02 1.417795996366008460e+01 3.417795996365937583e+01 4.336093203012913477e+01 4.439776066974495450e+01 5.270297926942642164e+01 5.507880790213604172e+01 4.576866312435301154e+01 5.991622943560102499e+01 7.146762754381714444e+01 6.720704967924368134e+01 4.892276872657409825e+01 5.046977411056802509e+01 7.046977593242809235e+01 5.759862735812303214e+01 3.759862651781467946e+01 4.279649023447833400e+01 4.130346524887645643e+01 6.130346651164314409e+01 7.579131880708268909e+01 6.462294674914330983e+01 5.596393134189235496e+01 4.792687119233553261e+01 3.654512467641633577e+01 1.681971427142977404e+01 1.421704178662468188e+01 3.478410065402782436e+01 4.803393486883678776e+01 4.975288895415260271e+01 7.005605859320314721e+01 6.346496703784155358e+01 5.517920764095126174e+01 4.933202571731832364e+01 6.929555345211387873e+01 7.432937368958357638e+01 6.105889816064586029e+01 3.310536767737661279e+01
1.813270376062421294e-02 2.001813270376026921e+01 2.608143324897563176e+01 2.339210775743408988e+01 2.439027007002883707e+01 3.676590467102887061e+01 3.507801142961180574e+01 3.162626571424950583e+01 4.317337065582734823e+01 6.317622404354001020e+01 7.720702387176145010e+01 6.306490437235324009e+01 6.201677949824622971e+01 7.875407308441263865e+01 6.466969562956784046e+01 4.466969432968070919e+01 6.279649181039577854e+01 5.544560089670831360e+01 6.958776818387680407e+01 6.768834613669513089e+01 4.843450600757369529e+01 3.724073576750826930e+01 2.843025775777585196e+01 2.142373588699456022e+01 3.588959797722745293e+01 1.599346520319531528e+01 1.955829844853939292e+01 2.954958666773883991e+01 4.975288895415260271e+01 5.473140961621977851e+01 5.983139279806859889e+01 6.818662649325018776e+01 6.929555347658389053e+01 7.759789674070178478e+01 6.621973928083791350e+01 4.707539883896365041e+01 3.659991070281748193e+01
2.372884694381488524e-02 3.038842292721445126e+00 6.088813699373525345e+00 9.251091359541931070e+00 1.284319740007746091e+01 1.676552010284129324e+01 2.093580838398929345e+01 4.093625158529106756e+01 5.695205262423365866e+01 6.524247303691811339e+01 7.680398772581688149e+01 8.306490758869128399e+01 8.201678212998673700e+01 9.030102922536593724e+01 7.295399973943916905e+01 5.466969432975689358e+01 7.295399973331804233e+01 7.544560512577375277e+01 7.367314294318745738e+01 6.403411575357696961e+01 5.599857314417541687e+01 4.621423207473511496e+01 2.677234059500876029e+01 4.103377740746054769e+01 3.792486961416885549e+01 1.778596789331534822e+01 3.792486961416885549e+01 2.555868392431711555e+01 2.999158330444106824e+01 3.464848752466744486e+01 3.974049244277150450e+01 5.390305305589080831e+01 7.414367100598960292e+01 8.128299553437548752e+01 6.162870111129815598e+01 4.817474041872200985e+01 5.520105647563978835e+01
8.175220331382776484e-02 2.008175220331347077e+01 2.608881369937215311e+01 1.741605721184590649e+01 3.284352866147509786e+01 3.676593039517851480e+01 3.507801475183664053e+01 2.988008161050646549e+01 3.695115408099302812e+01 4.849830813100304994e+01 6.850344068621278382e+01 7.898881085677105318e+01 7.066304584196375060e+01 7.898881085677105318e+01 8.295401842337788878e+01 7.466969692937885839e+01 8.295401842337788878e+01 7.925249797192014967e+01 5.992697454168788340e+01 4.640985698392747594e+01 3.675112361040321218e+01 3.239427174355919448e+01 4.621423206105836812e+01 4.826162671987291475e+01 2.829816235360830845e+01 1.960230902940237740e+01 3.977052134877322231e+01 4.563376475015139278e+01 5.006487426913935224e+01 5.473140961621977851e+01 5.983139279806859889e+01 4.901108998022370145e+01 6.310470428408630283e+01 8.313478722302241408e+01 7.550705428769217065e+01 6.733018530477623642e+01 6.486793812406749282e+01
9.124702163186203252e-02 1.423338264536293707e+01 3.423338264536516817e+01 3.741636968764994009e+01 3.155823411129616574e+01 5.155916004630350358e+01 5.507964369553969419e+01 4.988108646678013258e+01 5.695334729434910059e+01 6.524837549466403175e+01 7.337797605171682847e+01 6.502888913336953181e+01 5.028041593719954960e+01 6.663083115092521780e+01 7.383033000762991094e+01 8.214089431658648266e+01 9.375866955603812869e+01 7.528806320822209841e+01 5.603501901872755298e+01 4.500319506658279778e+01 5.036892905454680402e+01 4.422152138288267054e+01 5.972028553434353171e+01 5.671657111316297062e+01 4.275192873493941192e+01 3.977017685225051480e+01 2.225250407049305323e+01 4.245040866313140526e+01 5.355941805153814528e+01 6.231526649082367442e+01 7.640697228342661163e+01 6.310821893837341179e+01 6.310821893837341889e+01 8.320974481251187171e+01 8.690858872237085109e+01 7.870884915661700632e+01 7.636945160544587452e+01
2.239863785106879432e-02 1.416453426158214413e+01 3.416453426158285112e+01 4.293229506914433813e+01 5.155916004630350358e+01 5.984509811748925046e+01 6.116122277682593023e+01 6.116122277682593023e+01 6.945103754288388131e+01 7.329569797510585261e+01 6.163463212736382246e+01 4.469017790447719563e+01 4.014834452033810663e+01 4.620340653786876572e+01 5.346707215674720715e+01 6.530104827304064941e+01 8.548154553311353254e+01 8.343515559553206629e+01 7.142394764371157123e+01 5.223792936052920055e+01 6.958973634381449358e+01 6.285243425956068108e+01 7.082144725806813312e+01 6.297646787418504033e+01 5.458850279150242812e+01 4.447006092218170892e+01 2.431403436092001158e+01 2.842940407012012827e+01 3.297734714030604408e+01 4.543501588498842381e+01 6.808066880835674795e+01 8.320974481251187171e+01 8.320974481251187171e+01 9.147773683031992675e+01 7.870884915661700632e+01 5.892893837425127401e+01 6.455456148009561446e+01
1.766589122093755945e-02 7.088733703086443683e+00 1.464802316327105558e+01 2.619502854706377448e+01 4.619502855647802875e+01 5.530324020863711354e+01 4.115544287439025339e+01 4.115544287439025339e+01 6.116122277682593023e+01 6.500950883142910186e+01 4.469009894280875983e+01 3.327480635625929040e+01 5.328632873039848050e+01 6.663083115092521780e+01 7.383033000762991094e+01 8.214089431658648266e+01 8.271810491448587754e+01 9.099474725370065187e+01 7.954819665978448029e+01 6.323294895756976786e+01 7.954813019016330600e+01 7.539927210975410787e+01 5.503933291430840313e+01 4.303512739727474923e+01 3.411758799986097301e+01 2.734102418984199190e+01 4.446986891427840050e+01 3.749749011481959116e+01 5.355887258552441210e+01 4.289694038776207208e+01 5.537643798180916122e+01 7.666879982934678139e+01 8.770198150472263876e+01 7.956867860698940831e+01 7.748871354462106353e+01 6.472234011114132102e+01 4.502828634717018019e+01
