MOVIE_S11_data/elevation_000828.asc
nrows	100
cellsize	150.0
xllcorner	0
ncols	100
yllcorner	0
NODATA_value	-9999
[rows 0 to 16 of 100, columns 0 to 36 of 100]
8.271705653423140625e-02 2.127631151761726416e-02 9.425194436011796739e-02 4.939197167322698090e-02 3.975871534419905817e-02 6.171646774684565184e-02 1.696294146011132625e-02 1.936121709489252440e-02 4.216450047424835645e-02 2.297044857093000214e-02 6.704298068806634203e-02 4.162315340452049650e-02 3.835349583220235004e-02 2.777463300387698203e-02 2.207885817162396139e-02 7.161913568127860341e-02 9.025521335945362045e-02 3.502399586135773735e-02 8.040414306008919487e-02 3.131346976591601466e-02 7.604099264847130613e-02 2.387740603804927586e-02 5.687112022313325910e-02 4.074439634684711570e-02 8.709178300582484655e-02 7.612946965408906586e-02 1.077918208624280109e-02 9.929772718869623455e-03 4.600412614040166881e-02 2.152795518990661267e-02 2.378824418737431057e-02 9.511189423522797837e-02 9.406546861214974686e-02 1.749038473908382007e-03 2.223905489293687143e-03 6.269637160239108220e-02 9.476101746191394060e-02
7.813061968023242432e-02 2.002127631151726206e+01 2.009425194435976181e+01 2.004939197167287190e+01 8.204724524621530790e+00 2.006171646774648920e+01 2.001696294145975585e+01 3.799005947187173327e+00 2.004216450047389131e+01 2.002297044857057529e+01 2.006704298068770953e+01 6.366178473741306298e+00 2.003835349583184566e+01 1.416991025673495308e+01 1.416421448190269849e+01 2.007161913568092260e+01 2.100330843877645570e+00 2.003502399586100324e+01 2.008040414194862322e+01 1.004374110809584053e+01 2.007604099264811737e+01 7.094945218545187338e+00 2.005687112022277674e+01 2.004074439634649352e+01 1.313370461975755132e+00 2.000911771410251561e+01 1.001067524314975365e+01 2.000992977271851458e+01 1.159300945541765948e+01 1.416366357892098193e+01 8.205029267035762075e+00 2.009511189423487210e+01 2.009406546861179521e+01 2.650813576156200835e+00 2.000222390548236717e+01 1.420483199533346585e+01 2.009476101746155763e+01
2.526786264046545702e-02 1.157227324643288036e+01 3.157227324643252331e+01 3.648899577208443645e+01 1.975172990841425147e+01 3.648899577208242562e+01 2.796929422832904422e+01 7.969294228328687169e+00 1.794114157091787476e+01 3.794114157091716066e+01 3.303284514040873887e+01 1.303284514040803188e+01 3.303284514040873887e+01 3.416991025673565474e+01 3.416421448190340016e+01 2.411848317229728877e+01 4.120635932975583060e+00 2.411845431379009952e+01 3.873671733136841766e+01 2.451311711097378421e+01 3.538052848366255887e+01 1.603921729250921047e+01 3.537821033425516504e+01 2.254525182609537737e+01 2.541960695643659562e+00 2.253447664933440819e+01 2.414391746200356081e+01 3.818008752790736793e+01 2.573513837242916580e+01 3.416366357892168537e+01 1.828503271729973534e+01 3.593683245714035479e+01 2.340459901461207792e+01 5.323423563348818277e+00 2.531803362259612555e+01 3.420483199535031105e+01 3.542539524480772428e+01
4.163169627051844027e-03 2.000416316962669683e+01 3.985654449389377163e+01 4.803600115587715180e+01 3.975172990841495846e+01 4.061840486900126734e+01 2.061840486900197789e+01 1.296929422832872980e+01 3.296929422832943146e+01 3.794114157091716777e+01 4.131711638787093221e+01 2.303284514040820952e+01 4.131711638787093221e+01 4.321623668438210331e+01 2.159853535772285227e+01 7.225238023524267028e+00 9.894012547076963315e+00 2.939471498533777805e+01 4.408148580012835538e+01 4.581160019702805641e+01 4.432618565675020506e+01 2.758623336422080641e+01 3.531749885823688118e+01 1.532455361417282802e+01 3.777564822074092721e+00 2.377927384900347718e+01 3.382674557330535947e+01 5.200237059530658712e+01 4.573452915539974128e+01 4.670072656291194590e+01 3.256566963317624186e+01 3.980353863760606004e+01 1.965607090273492119e+01 8.070617041645661516e+00 2.806613350379967997e+01 4.160231457854326464e+01 4.784899243650335166e+01
5.883922493566802470e-02 2.005883922493531202e+01 3.790902957855335842e+01 4.619330082601139509e+01 5.694833648755520983e+01 3.694833648755592037e+01 3.831451906657801487e+01 1.831451906657731143e+01 3.831451906657801487e+01 5.794114157091645723e+01 5.131711638787110985e+01 4.303284514040891651e+01 5.131711638787110985e+01 4.097456470698680420e+01 2.904750775189657475e+01 9.461305970014498357e+00 2.932993845367816022e+01 1.882488639561617916e+01 3.278101449630734265e+01 5.242410844507639922e+01 5.587538304671561207e+01 4.758733720057029615e+01 4.356439361116501630e+01 3.200930641486652206e+01 2.377937046905961083e+01 5.548794593154291022e+00 2.555103772556226005e+01 3.825994489822937084e+01 4.562328459268397296e+01 5.388046102167880491e+01 5.258949581442113441e+01 4.816255239119106335e+01 3.265298895920572164e+01 1.265847736084388586e+01 1.332217148588582134e+01 2.745894103363878358e+01 4.745981936206762697e+01
1.256007409845548775e-02 2.001256007409810067e+01 1.790902957855406896e+01 3.205116520228452259e+01 5.205116520228381205e+01 5.694833648755520983e+01 4.538558687844361828e+01 2.538558687844291128e+01 3.464445068513241210e+01 5.464445068513311554e+01 6.079419884117597661e+01 5.263028304128746981e+01 4.599468434567488373e+01 3.271001674413673754e+01 1.272729177264447564e+01 2.944772658527495679e+01 3.770396322460372573e+01 3.279131118284014690e+01 3.272259328375812970e+01 5.182466700500445711e+01 6.565360575655174102e+01 5.409730539680389683e+01 4.580569430919315721e+01 3.696130210284933781e+01 2.681411005848336515e+01 6.847352459796553603e+00 7.656658334647286068e+00 1.695896382618325404e+01 2.544245395312793789e+01 3.720083821807916991e+01 5.713399127538917099e+01 4.898396967573052763e+01 2.898299488955093750e+01 1.800167330857882320e+01 1.732082986278066272e+01 3.731609855181925184e+01 4.996954932113613523e+01
9.594114293757748102e-02 5.259918937880776468e+00 2.525991893788113174e+01 4.354419018534359509e+01 5.248846209534259089e+01 6.403546747913570414e+01 5.366985812590581162e+01 3.538558687844326300e+01 5.366985812590581162e+01 6.292872193259531599e+01 5.263028304128746981e+01 3.272348891637484058e+01 2.605958774980480541e+01 2.003005319683823870e+01 3.128337583517183162e+01 1.650693020809394795e+01 3.732045153124637693e+01 5.248380271892516191e+01 5.182527914382084333e+01 5.980841834545474711e+01 5.736156983639794049e+01 3.734637171481698914e+01 2.579847761788428429e+01 2.866917312726264910e+01 8.687083717735406552e+00 2.681412758622458625e+01 1.851606430724606511e+01 3.825994515023531051e+01 4.562328459268397296e+01 5.388046102167880491e+01 6.538769857658070350e+01 5.726957427196855122e+01 4.354406696810944766e+01 2.354490524655221861e+01 2.148853401043634648e+01 4.148582116573810907e+01 5.835509523335512938e+01
7.711341127313005306e-02 2.007711341127277649e+01 1.525991893788068943e+01 2.420419084787969055e+01 3.575119623167179839e+01 5.575119623167108784e+01 6.366985812590616689e+01 5.538558687844396644e+01 6.366985812590616689e+01 6.664074879682834762e+01 4.682695811017853771e+01 5.263028304128746981e+01 3.997342066078334710e+01 3.986748641420923178e+01 3.884034447292896175e+01 1.922857323826058717e+01 3.439773130035474935e+01 4.372744055086782566e+01 6.258813167559434731e+01 6.798695604282842453e+01 5.643186829436818641e+01 4.814240896099124001e+01 3.425449878446382712e+01 1.425288226833587402e+01 9.997849971329731744e+00 2.999145471458386680e+01 3.937374835746284418e+01 3.569762586902565715e+01 4.988518467835934445e+01 6.984274125239079467e+01 6.404210259302173824e+01 4.403490417119012079e+01 3.248512223327109893e+01 4.354406696810944766e+01 2.584925804696326779e+01 3.999043889196784818e+01 5.999772058488503745e+01
2.297228869525369793e-03 1.414443285260034955e+01 3.414443285259963545e+01 4.354419018533835839e+01 4.723324572682077616e+01 4.841776021697459242e+01 5.670203146443559206e+01 5.732901282393750364e+01 6.564990391304321804e+01 7.476143957217344393e+01 6.664074879682834762e+01 6.783898924482659254e+01 5.900105108242850349e+01 3.935052056319295133e+01 2.525786694482194861e+01 3.482719319700834859e+01 2.458659842062758116e+01 3.985737413944580965e+01 6.293980161367240811e+01 5.969833069144330295e+01 3.968288712601543011e+01 2.813514465981866763e+01 2.181067645123643572e+01 3.138732112022285392e+01 1.138807700126809230e+01 1.672972337511692231e+01 2.227637987544956388e+01 4.228266673877855908e+01 5.830917309039629970e+01 6.662340235265943988e+01 7.232696079070453266e+01 6.077677704208097254e+01 4.143082809748967321e+01 5.101608862151256574e+01 3.100960214956409899e+01 4.217910307825444960e+01 6.218599432322574927e+01
9.647730019007895452e-02 2.009647730018972211e+01 2.632157723786938419e+01 2.960955698397650337e+01 2.723324572682148670e+01 2.841776021697530297e+01 4.113476916029441810e+01 3.662724149135631535e+01 5.577902284250569664e+01 6.916719406597314901e+01 7.750333086465845156e+01 6.583289766343506244e+01 4.599425488998171829e+01 3.191826297377050636e+01 4.521395391960228949e+01 4.700730871991466842e+01 2.877573025065480294e+01 4.292813416827319628e+01 6.303589823988377816e+01 6.229734171279134358e+01 4.227924384072012032e+01 4.181561660577825990e+01 4.181567904863264573e+01 3.284254136287150772e+01 1.284005240096426093e+01 3.284254134547702364e+01 4.228266673683241095e+01 3.122067983180962614e+01 3.829191080236953582e+01 4.984151831324482629e+01 6.987620462646191299e+01 6.972380049839546245e+01 5.298378991459033927e+01 5.656590263490530646e+01 3.655576364032894077e+01 5.656590263490530646e+01 7.047157509867550118e+01
3.582433992925927735e-02 3.159299577701374151e+00 6.321577237869740351e+00 9.609556983976858646e+00 1.309111010309078615e+01 1.687075483318299263e+01 2.113476916029512864e+01 3.208073160404421031e+01 4.838936213826703181e+01 4.882140537035274974e+01 6.916719406597314901e+01 7.095174677672169139e+01 5.112652935548297961e+01 3.707121687516804087e+01 5.693320110879066931e+01 5.341429667222656974e+01 3.337816169057215632e+01 4.751475174139478952e+01 6.765705805607025525e+01 7.058449274801618856e+01 6.229734171279134358e+01 6.183271628739708348e+01 4.845958533618408381e+01 2.844804438451728146e+01 1.430564912632488195e+01 2.844804431102241793e+01 4.845955011119792033e+01 5.123200213806955361e+01 5.830917309039629970e+01 6.662340235265943988e+01 7.820118972436681304e+01 8.127269945897904790e+01 7.298846547898480708e+01 6.289359120145068971e+01 4.288368300696145496e+01 6.289359120145068971e+01 7.625385940459538858e+01
1.813270376062421294e-02 2.001813270376026921e+01 2.632157723786938419e+01 2.375169260770755741e+01 2.723324572682148670e+01 3.101289045691369139e+01 3.866128461734793120e+01 2.868436367632626016e+01 3.467393007907785574e+01 4.617076605193696537e+01 6.654173101686488678e+01 6.947375436673740978e+01 4.964539865184879375e+01 4.596891658618078225e+01 6.513186895158126788e+01 5.976333757787861600e+01 3.968590735844011874e+01 4.601490455549595282e+01 6.022166101205297650e+01 8.045158607434116504e+01 7.060295649614009506e+01 6.229056509702074607e+01 4.927429000269598447e+01 3.579611510970696031e+01 1.579202287461748355e+01 3.579617563019363757e+01 4.640807016314833078e+01 5.609891154182206208e+01 6.425067793500571156e+01 6.355114426145755147e+01 7.163972370517080890e+01 7.474753269601059458e+01 8.309490955944498580e+01 7.117871441053145531e+01 5.183507572742979619e+01 7.117871441053145531e+01 7.406385388882809195e+01
2.372884694381488524e-02 1.416586447067489019e+01 3.416586447067559362e+01 4.375169260770684332e+01 4.723324572682077616e+01 5.101289045691297730e+01 5.573706184945393716e+01 5.327894046223401148e+01 5.477575405260014207e+01 6.316236811750582802e+01 7.488483952523218079e+01 7.766068307722611053e+01 6.367487004379847804e+01 5.742819344529716119e+01 7.399426278821910330e+01 6.688781469606169594e+01 4.673675036535900773e+01 6.614686887990151831e+01 7.454442334774928725e+01 6.905779865376464954e+01 5.902407092674722833e+01 4.223624205607850257e+01 4.097044164912481534e+01 2.095597348019945017e+01 3.579617563019363757e+01 1.812482540997128311e+01 3.794129482397286779e+01 3.663255179688140117e+01 4.794136754536506828e+01 4.443315028487863572e+01 6.018685549049747152e+01 5.493416376057308526e+01 7.467622321085907799e+01 8.012466942798072012e+01 6.598225913281092403e+01 8.012466942798072012e+01 7.523582321940730822e+01
8.175220331382776484e-02 8.246718012591159663e+00 1.824671801259133730e+01 3.238885363632278569e+01 5.238885363632348913e+01 6.296181041486448748e+01 6.240049712280126215e+01 5.416569043583815102e+01 5.525544904570287486e+01 6.349374640597610409e+01 7.752822518860337198e+01 8.506803183994263406e+01 8.347349948869103287e+01 7.724436643870653540e+01 8.542316068697320475e+01 7.528843557410219489e+01 5.677837908369547648e+01 7.528843557410219489e+01 7.492621492099878822e+01 5.486306206158442222e+01 4.068549923521226930e+01 3.067413624101371994e+01 2.650324855449314043e+01 4.097044164912481534e+01 4.640072642168769335e+01 3.812891169199653518e+01 2.049838387129416262e+01 3.804288665156823157e+01 2.859542484816568830e+01 4.794136692459039750e+01 4.135249961929121554e+01 4.972970325794782553e+01 6.029380486397663219e+01 7.897562086917253055e+01 8.598224084427535274e+01 7.954299619374897645e+01 7.124731817711493420e+01
9.124702163186203252e-02 2.009124702163150644e+01 3.653098926005406355e+01 4.653098926005424119e+01 5.718275760165077770e+01 4.316263004757710320e+01 5.095032696911935233e+01 3.435334555539589019e+01 3.544627968850905120e+01 4.945832826080906841e+01 6.875036835366971388e+01 6.508306182290813524e+01 8.506803098425694998e+01 8.188329426184877491e+01 8.258286884045956810e+01 8.541192162388185238e+01 7.699725030842796514e+01 8.541192162388185238e+01 7.276371454187810173e+01 5.270142839337767526e+01 3.852545153146175494e+01 5.071246136092344869e+01 4.653412834974286483e+01 5.427352491085888175e+01 4.249748011945195714e+01 2.360298557389318219e+01 4.050235321946520628e+01 2.438339282612940906e+01 4.448256992653342934e+01 3.309688696822932741e+01 5.219213137711138017e+01 6.581047619100343127e+01 7.612557883918431401e+01 8.704788722669228207e+01 8.280738505105503577e+01 6.278476188649695189e+01 5.122377122668268612e+01
2.239863785106879432e-02 2.002239863736288683e+01 3.983118067616953795e+01 4.702019654309277996e+01 3.869122739799786359e+01 2.910155375232058361e+01 3.491911247834769227e+01 2.282067193134166061e+01 3.692557101539568265e+01 5.673298883150944505e+01 4.873722430212971091e+01 6.808242599104579540e+01 7.592641871274062737e+01 6.161715568003589283e+01 6.231684366519644414e+01 7.662520230845764502e+01 8.831160939563159218e+01 8.915486660013559117e+01 6.907988718058503252e+01 5.489572579602697289e+01 4.609936896186808752e+01 6.615958490912460377e+01 6.095099740985023828e+01 4.094450600934164441e+01 2.680554899438829963e+01 3.754660527793573976e+01 5.183562296231477973e+01 3.973230034839932046e+01 3.669123168847816174e+01 4.790229696215165944e+01 3.863051403783319415e+01 5.854265053033430632e+01 7.486412543236124861e+01 8.624500798577723515e+01 9.110446766375355310e+01 7.954299619374897645e+01 7.124731817711493420e+01
1.766589122093755945e-02 1.156466481051298700e+01 3.155709284123804181e+01 3.541532565093783091e+01 1.866878040944854078e+01 2.880787787766011476e+01 1.496520602769336072e+01 3.491911247834769227e+01 5.095032696911935233e+01 4.978031482032235999e+01 3.976040637879207651e+01 5.980022205804880997e+01 6.588258424171317529e+01 4.751823039121556036e+01 4.820290647410455165e+01 5.968587510561044240e+01 7.995502301041966575e+01 9.370976907519455779e+01 8.034744447970044234e+01 6.028278105394711872e+01 6.615958490912460377e+01 7.100459987054017574e+01 6.271938004797086563e+01 4.911350591911750740e+01 2.911495071311972538e+01 4.911350591911750740e+01 6.252112499816605151e+01 6.457190041460027885e+01 5.769166096463820281e+01 5.524290425320370446e+01 4.393571684363392649e+01 4.755284450675345198e+01 5.836756812199427458e+01 7.788237698284966370e+01 8.301838636835034890e+01 7.497310632448123613e+01 8.301838636762037993e+01
