MOVIE_S11_data/elevation_000778.asc
nrows	100
cellsize	150.0
xllcorner	0
ncols	100
yllcorner	0
NODATA_value	-9999
[rows 51 to 67 of 100, columns 37 to 73 of 100]
6.823979673386860156e+01 5.531817878498358709e+01 5.450374283164407530e+01 5.692823824295763302e+01 6.073490028692632592e+01 8.084004739206022805e+01 8.849324612380664234e+01 9.323704812705544498e+01 8.387147021520053158e+01 1.039918360468572018e+02 1.153512426966165947e+02 1.253645653334850749e+02 1.181158923647842158e+02 9.786255879598957108e+01 8.626197688899945604e+01 7.733954216996622222e+01 7.181496361675893070e+01 6.665440699981319028e+01 6.204726440327656434e+01 7.741987305820570953e+01 7.671822443568163408e+01 6.224101921409882721e+01 8.227451701684358909e+01 9.438618978385966329e+01 1.027914651385291762e+02 1.016584514886774571e+02 8.984558652268415813e+01 7.879557898699557938e+01 5.861101233722676085e+01 7.879557898699557938e+01 7.746469299866693348e+01 6.886408121403862026e+01 8.921334718455693746e+01 8.878691938879009626e+01 7.842648879059852618e+01 5.868947080464447197e+01 6.564501557989197522e+01
7.936303345540636656e+01 5.995859371458615783e+01 7.463665287019193784e+01 7.704053172687775941e+01 8.084004739206022805e+01 6.640932926559044347e+01 8.062738466545964400e+01 1.007850893804571086e+02 1.039918360468572018e+02 9.812190288826091944e+01 1.181631082885638193e+02 1.301313803578078137e+02 1.218097594243809709e+02 1.148081539586934099e+02 1.057810601556229386e+02 9.740650894731747655e+01 9.184093374279656530e+01 7.818276788457555426e+01 7.741987305954987164e+01 5.736614023984328981e+01 5.665775140305300539e+01 7.671822443568163408e+01 8.012877000777730530e+01 7.422315337207763264e+01 9.438618978385966329e+01 9.313242524807779432e+01 7.272295992159425282e+01 6.111358497417757718e+01 5.345218240764046413e+01 6.844039790849676308e+01 5.728575572802885318e+01 7.149306726834451808e+01 9.188147282622750822e+01 8.112577369136727157e+01 6.244854150530838410e+01 5.161529831972693927e+01 6.585588001830035410e+01
8.822972985290628856e+01 8.003582246696602454e+01 6.729637096312193023e+01 8.736318805132547993e+01 9.487020518241185130e+01 8.653143968332639702e+01 7.275200045409850702e+01 8.699870432968289435e+01 1.071609518817146522e+02 1.181631082885638193e+02 1.264509346410112443e+02 1.184698708808871999e+02 1.015666325087218667e+02 1.184698708808871999e+02 1.234597120886945305e+02 1.150766967504963532e+02 1.066263540359248623e+02 9.826136602447333246e+01 8.574735574727651510e+01 7.299308811169791511e+01 5.292324702764975797e+01 6.967110437900377917e+01 6.020089814763548475e+01 8.009418123840981707e+01 9.317113956245705708e+01 8.481764681102075087e+01 8.287519238223333673e+01 6.261773276589572390e+01 4.845567483941425024e+01 4.834590214624937232e+01 6.844039790849676308e+01 7.268571653137495048e+01 8.114578121048040771e+01 8.116534709165266293e+01 6.071458392058330134e+01 4.645447970213460565e+01 6.637330639420913769e+01
9.348388802928889163e+01 9.292862707554834856e+01 7.286215130324421807e+01 9.292862707554834856e+01 1.011409785075608454e+02 8.096480438447832739e+01 9.290408991371120351e+01 8.699870432968289435e+01 1.071609518817146522e+02 1.165649039150048623e+02 1.082100231625413187e+02 1.101223846503853991e+02 8.981344574976658635e+01 1.101223846503853991e+02 1.150766967504963532e+02 9.484330346866111938e+01 1.007695271544963873e+02 9.406536848854811694e+01 8.827528996776950976e+01 8.132466286084677165e+01 6.967110437899596320e+01 4.960364928684749231e+01 6.045144609668788149e+01 7.439311592029409326e+01 8.156875108674175578e+01 6.475120799940648908e+01 8.156875108674175578e+01 7.699624480391307202e+01 6.286718753731375386e+01 4.279952558842115451e+01 5.843498246977319610e+01 5.253213514768553694e+01 7.268571653137495048e+01 8.050755894910626864e+01 6.213021065037091262e+01 4.219211082897405873e+01 5.372808604409040356e+01
8.518880804460144418e+01 9.927287198956823033e+01 7.921060802732655759e+01 9.927287198956823033e+01 1.075213304233568863e+02 8.734488609602280462e+01 1.075213304233568863e+02 1.071609518817146522e+02 1.154821084934057893e+02 1.082100231625413187e+02 8.789902935268914064e+01 9.384798170695684405e+01 8.260693605997269628e+01 1.029420904427199304e+02 1.153266392493024171e+02 1.007695271544963873e+02 8.065705115665149094e+01 7.400794813294447749e+01 6.823891344833137396e+01 7.503321794336522998e+01 5.497002585034318400e+01 6.696307941569995137e+01 4.691495815069374231e+01 6.433063213522495971e+01 6.251547855272525567e+01 5.318297767774866003e+01 7.323228295072962624e+01 7.129649327427483740e+01 7.128813083072807899e+01 5.843498246977319610e+01 3.838297946897365165e+01 5.434188449704742396e+01 6.273169143768252098e+01 6.979787835472120605e+01 5.247130622951783607e+01 3.834764027317579149e+01 5.829582262709926255e+01
8.779030516158869091e+01 1.068503989382308106e+02 8.680214707917953376e+01 1.068503989382308106e+02 1.158406476534838703e+02 9.901423792550775715e+01 1.038314023164139002e+02 1.239396276868066309e+02 1.202789063381043917e+02 1.082100203084291223e+02 8.789902934403009738e+01 7.350515716318292903e+01 8.706693670169943289e+01 8.702993106010247004e+01 1.050439680629291956e+02 1.091515077786778107e+02 1.007695271544963873e+02 9.406536848854811694e+01 8.070225147558564061e+01 6.065919542961106714e+01 7.503313027682482073e+01 7.529142315862131341e+01 5.845568169564805316e+01 4.428448114663251545e+01 4.247066392805243140e+01 6.003902794436320534e+01 5.856486742800940704e+01 5.126473523490498252e+01 5.571360760555566571e+01 5.430960740664428954e+01 5.291611875969886114e+01 3.430497603123688322e+01 5.433359363184481339e+01 4.994573484493027138e+01 4.995217412975844695e+01 3.477829045346057057e+01 4.629474480164857653e+01
9.608363895628767182e+01 1.151527831058617721e+02 1.009828715077888575e+02 1.151527831058617721e+02 1.274491532063880754e+02 1.191422348877626263e+02 1.239396276868066309e+02 1.142548711636255376e+02 9.987895218494712424e+01 1.142548711636255376e+02 1.014394207076363870e+02 8.111369213454227634e+01 6.673300680398311613e+01 7.688735839308571940e+01 9.117524958057771300e+01 1.111900509421795817e+02 1.076540965956763785e+02 8.748842783836002468e+01 7.332610968497721160e+01 7.222345596557116210e+01 8.904318491694708371e+01 8.685796872516979761e+01 7.228472988174790714e+01 6.329857222822539597e+01 6.003902972081773015e+01 3.999680001461911871e+01 3.855405565669416035e+01 3.712388771058454040e+01 3.570917559759128324e+01 3.430877577205745155e+01 3.291711303998204130e+01 3.152753436536186626e+01 4.974888346691827223e+01 4.853905044303384386e+01 3.016681847371085823e+01 4.548476963358135094e+01 5.121350610766631917e+01
1.015313510062939741e+02 1.113156701588587794e+02 1.210158632384001152e+02 1.191404009327253419e+02 1.108511443539665322e+02 1.191404009327253419e+02 1.169039478895489310e+02 1.050917999075568474e+02 8.527869563202871461e+01 1.050917999075568474e+02 9.743315170414658155e+01 7.722331389279213454e+01 6.289828629206615318e+01 7.729478154652214528e+01 9.788768006913846875e+01 9.874638461690116742e+01 1.067925593736161289e+02 1.017601516622185329e+02 9.339481547021631513e+01 9.228450148946514275e+01 1.006485616072614420e+02 8.942396371735544847e+01 7.773504381743779845e+01 6.464323068943875228e+01 4.471564698095464507e+01 4.426114469850945454e+01 5.856486463239735940e+01 5.713190132552076506e+01 4.984710610763698213e+01 5.430960705528698895e+01 5.288233856775166686e+01 4.947345258997449946e+01 2.974107402560114366e+01 2.844627137736009459e+01 4.522425517585117660e+01 2.647652925996449724e+01 3.237017946211986441e+01
8.280177307789286090e+01 9.875732485186355802e+01 1.104007927832994653e+02 1.091642051873068340e+02 9.092345828460588564e+01 1.091642051873068340e+02 1.085125412991158242e+02 8.797021256742243622e+01 7.601721208385696116e+01 8.785353908582514748e+01 9.632548183978889256e+01 7.961856398148226788e+01 5.937630201430803822e+01 7.961856398148226788e+01 8.539365234365041601e+01 7.986277270392041316e+01 9.874638461690116742e+01 1.138664453116308692e+02 1.066150834183590348e+02 9.654183251872062499e+01 8.818996501013103284e+01 8.108705317861250705e+01 6.111206355920599265e+01 4.963725670350210351e+01 6.464925333562263177e+01 6.383183879449298104e+01 5.049654369161224565e+01 6.999682955276296070e+01 6.987659508436003364e+01 7.342904926462149717e+01 5.702050092566187089e+01 3.704697735274259429e+01 2.983447763977907385e+01 4.691882241630185746e+01 2.652890381919730345e+01 2.516309807028796541e+01 2.407052590609344733e+01
7.030566974991327811e+01 8.188023751482239732e+01 1.020257207780951489e+02 1.008873013192861805e+02 8.102312189816721855e+01 1.008873013192861805e+02 1.057009441016518849e+02 1.024099220525970964e+02 8.182408784189148321e+01 6.724621106163871787e+01 8.785353908582514748e+01 7.624485361979243692e+01 5.601395172771449893e+01 7.587007614098219221e+01 6.636029913773737121e+01 7.598209327831783355e+01 8.679426698043714339e+01 1.057483755889057164e+02 9.825630268081440022e+01 7.812362733944777915e+01 6.813668558364555849e+01 6.153209741517241582e+01 5.526702192747656284e+01 6.955448754478818785e+01 6.955448698300480714e+01 7.460311632216109956e+01 5.505536724551966898e+01 7.460308311872933018e+01 7.713291112176949582e+01 5.714469397006441653e+01 4.560828654810259053e+01 5.708594708437534848e+01 6.521791891843089672e+01 4.901579337291629912e+01 2.870959912696459426e+01 4.867064875211067942e+01 4.268635405161830931e+01
9.039472059308937446e+01 9.875732485186355802e+01 1.034822369387160563e+02 9.426590817883334239e+01 7.441771141913973509e+01 8.580260864382461250e+01 8.580260864382462671e+01 9.741712419302548653e+01 7.682391735755315665e+01 6.230696755745631776e+01 7.635750263977162433e+01 7.243292155995818860e+01 5.278098139159975943e+01 5.748679604445494107e+01 7.132305860126722052e+01 9.030137746439085333e+01 9.764528980210590703e+01 1.059169709078603319e+02 1.066150834183590348e+02 9.654183251872062499e+01 8.818996501013103284e+01 8.052431295284951318e+01 6.056282865787436265e+01 8.052431295284951318e+01 8.958594112029126677e+01 7.970701606304845654e+01 5.994368908552544184e+01 7.965870498147636170e+01 8.551768620196649806e+01 6.561247181390973537e+01 5.714392591091446150e+01 7.378222919902907506e+01 7.068334038471977010e+01 5.120937794768793339e+01 3.111101239646691852e+01 5.120937779148761138e+01 4.953878926153954865e+01
9.014875704372963128e+01 1.017712174643563117e+02 9.521720070751335641e+01 7.533900440013840694e+01 7.898672138745286020e+01 6.593105327889549017e+01 7.998200386095301440e+01 9.985479151517264995e+01 8.823710649892528579e+01 6.766102646394642761e+01 5.589755637490910800e+01 5.206856795238452662e+01 4.956663369687642273e+01 6.599068110393564268e+01 7.681941829124399135e+01 8.696678345021966550e+01 7.773773010546852902e+01 9.441284402371439910e+01 9.733065307808644206e+01 1.056015516924021114e+02 9.693845474999464784e+01 7.683531876564686058e+01 6.756518481515885810e+01 8.761189547790613119e+01 1.000881809299815757e+02 7.970701446586038230e+01 6.665285744712804217e+01 7.970684355161311885e+01 9.423930794954789292e+01 8.526111877167140563e+01 7.705189502546504343e+01 7.393701558613938118e+01 5.390249590003569580e+01 4.235783280587055089e+01 3.339928786675493200e+01 5.342033244904236255e+01 5.809170270049611418e+01
7.330211987812786845e+01 9.340577261634192041e+01 9.303848168423145637e+01 7.316629169741845828e+01 5.903776511342722699e+01 7.345387640920274919e+01 7.345387640922312755e+01 9.335961372522729107e+01 9.670296782726876472e+01 7.635750139072357001e+01 7.635750263977162433e+01 6.720439773198729938e+01 4.679417445617152538e+01 6.117297128386398697e+01 5.842866941569165817e+01 7.877120060719796868e+01 6.619387825511567769e+01 8.325027946409952051e+01 7.741799774990590777e+01 9.733065307808644206e+01 1.052947891440829977e+02 9.596321340841190306e+01 7.754688850283436352e+01 9.596321340841190306e+01 1.013649176879487754e+02 8.083287192617619610e+01 8.083287193300256490e+01 9.529883418384605420e+01 1.084815664939300461e+02 9.296675415202818726e+01 8.464051250881693989e+01 8.226029156062381276e+01 6.885494056439664234e+01 5.592005745889012758e+01 3.573551775696439847e+01 4.401259140363199407e+01 6.344117310237606944e+01
7.440805600294271471e+01 9.451682633539064682e+01 9.887587140258082741e+01 7.898672138745911298e+01 7.345387640921227046e+01 5.338949458043214236e+01 6.762462763972044399e+01 8.752692784703202733e+01 9.738478867976856179e+01 9.690489040865170978e+01 8.768202528547497820e+01 6.720439773198729938e+01 6.394659179711071317e+01 4.368684096598440902e+01 6.394659179711071317e+01 7.035095278549785291e+01 5.718145446360519202e+01 6.327088648164623663e+01 7.483513026309013583e+01 8.891044013946097380e+01 1.088328778575233144e+02 1.060354359522194017e+02 9.767690245297801255e+01 1.060354359522194017e+02 1.097688725158148344e+02 1.013649099346332889e+02 1.013649242018969829e+02 9.879348155922907893e+01 9.045975984069742992e+01 8.141978858696552379e+01 6.468258058427484514e+01 6.915906481923443039e+01 6.058524277183014561e+01 4.051952178647952252e+01 5.592005745889012758e+01 4.076187428603524410e+01 5.226824498868452906e+01
8.860871763682867197e+01 1.028832516891017406e+02 9.554562672694596870e+01 7.565606356537715271e+01 6.152754949657016681e+01 4.979472649165338538e+01 6.996111585307498615e+01 6.918834177383625672e+01 8.328656522680238083e+01 7.939718954492840908e+01 8.765760525628429889e+01 7.608750962236894111e+01 5.600852825315843830e+01 4.157999761341763900e+01 6.188952573688181502e+01 5.021082398897751631e+01 7.035095278549785291e+01 8.325027946409952051e+01 9.150977472115404510e+01 9.562618723059281933e+01 1.038955022662459271e+02 1.118642736316584774e+02 1.090605290051693004e+02 1.007981864863288592e+02 1.023377511523280390e+02 1.106022378406989901e+02 1.020754098215656569e+02 8.195651389176539681e+01 7.042318083567813858e+01 7.311779513939637809e+01 5.332414353732422541e+01 4.935729820347499697e+01 4.559137573007507171e+01 6.058510677785321974e+01 6.435827442342741733e+01 4.453530916280993779e+01 6.435827657612107089e+01
1.087802624834336171e+02 1.080630146817177888e+02 9.231911353046700697e+01 7.241476014178320497e+01 5.823091082970884713e+01 4.642317510966903171e+01 6.231890531678008927e+01 5.493361674345724310e+01 7.502720872210043979e+01 5.935997711660566267e+01 7.610514694407842740e+01 7.408957620964953605e+01 5.397815250658995723e+01 3.953000769449946716e+01 4.372479874303799363e+01 6.398208526345187863e+01 7.014602432728190706e+01 7.487736683839119678e+01 8.154272395563138787e+01 7.570916246195893962e+01 9.562618723059281933e+01 9.197223441139961153e+01 9.197223441139959732e+01 8.095810784792131187e+01 8.248914701560322271e+01 9.912495611609321600e+01 1.104092710129266095e+02 9.879348155922907893e+01 7.974975786370808351e+01 5.985386969169562121e+01 7.311779513971428912e+01 6.332214647383424477e+01 5.965479765021794378e+01 7.375683997992730667e+01 6.824301056170808977e+01 4.843467616408290155e+01 6.238114959145674021e+01
1.085362671480001637e+02 9.704107936074908025e+01 7.989094281919972218e+01 7.989094281919966534e+01 7.495830800785465442e+01 6.231890531678008927e+01 4.194026730537009229e+01 5.828336320947148153e+01 5.614274259694197156e+01 4.758798114708600480e+01 6.782868235513477373e+01 7.211748877705117877e+01 5.197455531587539923e+01 3.753124900374245243e+01 5.787428389938988005e+01 4.552977553900764462e+01 5.000186547783679458e+01 5.480398059606186223e+01 6.154665260391077197e+01 7.312490911741122090e+01 9.304167286899372868e+01 9.197223441139959732e+01 7.216621779660989944e+01 6.954810752794901418e+01 7.107675771370861639e+01 9.087815070154236707e+01 1.066637580344291791e+02 8.653469038841149086e+01 7.238056885024128917e+01 7.127872233106862154e+01 8.807051591971894311e+01 8.325063225096252495e+01 7.955000534538609713e+01 7.508131056547775017e+01 5.514441138321819835e+01 5.825410682959822140e+01 7.655408903149772470e+01
