MOVIE_S11_data/elevation_000720.asc
nrows	100
cellsize	150.0
xllcorner	0
ncols	100
yllcorner	0
NODATA_value	-9999
[rows 51 to 67 of 100, columns 0 to 36 of 100]
6.455108993161302877e-02 2.006455108993125691e+01 1.740930640453917988e+01 2.740930640453900224e+01 4.155144202826945588e+01 6.155144202790900465e+01 6.245745497836978899e+01 6.021885358046016279e+01 4.600983262808503582e+01 5.453269198008349861e+01 3.446628203225705533e+01 2.279844925211480344e+01 4.294736087933463153e+01 3.400473572459731031e+01 5.407690421172218009e+01 6.532187228105172494e+01 5.701745567476195475e+01 4.440258513449951749e+01 2.423854611174899887e+01 3.627297985916755607e+01 3.378809535495543059e+01 1.823297688366788094e+01 1.916070805704411839e+01 3.935328516080517147e+01 4.898726167574716328e+01 3.988308971094811994e+01 3.882984914024556389e+01 4.460873167957810637e+01 3.135316263182221164e+01 4.738871032911546877e+01 5.043839805806982923e+01 4.586788082645657738e+01 5.294443572859491098e+01 3.878576111556499484e+01 5.862738051512232573e+01 5.859254873214596415e+01 6.016857632518246390e+01
3.995603441288197999e-02 1.158696141820529668e+01 3.158696141820493963e+01 4.569357760899417542e+01 5.569357758938883762e+01 5.656727568973649056e+01 4.244237025796532237e+01 5.011653137705916095e+01 3.164509062604967582e+01 5.011594142109900218e+01 3.891756963019768278e+01 1.875568783718982147e+01 2.390860382702188147e+01 4.404081996840327662e+01 6.236454657627960785e+01 5.373195760820818379e+01 3.693249539898804557e+01 4.212358439682193278e+01 2.555186165127278386e+01 1.608122447540574029e+01 1.696676517134567064e+01 3.716924555364213489e+01 2.032284621764952348e+01 4.249924630859829477e+01 5.672071068675555239e+01 6.297837625388470428e+01 5.890237014247315983e+01 5.943392782661594254e+01 5.250434425005816763e+01 3.834703495366164816e+01 5.799701898630481622e+01 6.605678224555862244e+01 6.677004541215316635e+01 5.862738052084056051e+01 4.534290743287179737e+01 6.526961706452833312e+01 7.073036413365596786e+01
4.804567899273937126e-02 2.004804567899238421e+01 3.987123266566619151e+01 5.419572165505952910e+01 4.585533517884395138e+01 4.830457254491750518e+01 2.809345946640297598e+01 3.552187759092250019e+01 2.183193897784972748e+01 3.111786967337344123e+01 3.051381239289666780e+01 1.488660797035166894e+01 3.503741920246282149e+01 4.697816913798053662e+01 5.536653416702618102e+01 4.542139845266753895e+01 2.527715434601957512e+01 3.379111369485854510e+01 1.485764367453795387e+01 3.502166188991641604e+01 3.468583685426079910e+01 4.543274231916132067e+01 4.249924630859830899e+01 2.739710758053668016e+01 4.845544302626998245e+01 6.303748321546919442e+01 7.452018493519265974e+01 7.213750942921311093e+01 5.213983616491361062e+01 4.804887765998179816e+01 4.956923639745063070e+01 6.950959877660159236e+01 7.278914889743958838e+01 5.289433769192344670e+01 6.526961706452834733e+01 7.349606556236064137e+01 7.498529583841217061e+01
9.707512844716031930e-02 1.889527338932796141e+01 3.593401072692370235e+01 4.248353647093829721e+01 2.550574304663430780e+01 4.247957248810190833e+01 3.548321515115227953e+01 1.507161151180837066e+01 2.557699802869195338e+01 1.219172543214050286e+01 1.040940041601393951e+01 3.051268929219011028e+01 4.262119679010940132e+01 2.698091514482669240e+01 4.376111199180768097e+01 4.084473311517459848e+01 3.257505899261974491e+01 1.367991367417373283e+01 3.379111369477590898e+01 2.345731464699614222e+01 3.111229595434897988e+01 5.121736134046680178e+01 5.672071068787265347e+01 4.845544302626998245e+01 3.478801767525026634e+01 4.639342485329127186e+01 6.622749581284841724e+01 8.051186456242299982e+01 7.213750942921311093e+01 5.939698977060322704e+01 6.095508599355036239e+01 7.788590991368860728e+01 8.029085305971854325e+01 6.044320943715456451e+01 6.549555523201296126e+01 8.533966744455811693e+01 7.932651693913376789e+01
5.001202446392439237e-03 1.081866143165102834e+01 2.845009744588811884e+01 3.386786464371146366e+01 1.374356223845200375e+01 2.344054008222066088e+01 2.406114655443245098e+01 9.526758401705054169e+00 5.465045892945338935e+00 6.094914695356743906e+00 2.620878105941058323e+01 2.779332423180572320e+01 2.845931569312814702e+01 1.653831854334280038e+01 3.530674253323712009e+01 3.249002970110931443e+01 1.255028569313081199e+01 3.257505898955854207e+01 4.211533040966912012e+01 3.512831280323315042e+01 5.121736133987031536e+01 4.534395561910155692e+01 6.539701709031247390e+01 6.303748321546919442e+01 4.639342485329127186e+01 4.342198948625302535e+01 5.736917244600322618e+01 7.733437155845746247e+01 8.799724638566075896e+01 7.962213468383332327e+01 8.119518643337852382e+01 8.956579045056452060e+01 8.851213495458696912e+01 7.037667645739553279e+01 8.533966744456277809e+01 8.533966744456176912e+01 8.729102910118083969e+01
5.279685921607564503e-02 1.456677799770075943e+01 2.061323119635247281e+01 2.190326215828371303e+01 9.281044727023541441e+00 3.335709080347641908e+00 3.957129195507200770e+00 4.579546015127536229e+00 2.468623539714840476e+01 2.525010173922270340e+01 7.011207758920630084e+00 7.673454187350611910e+00 8.336468124438361826e+00 8.999820337742908904e+00 2.912720965165803477e+01 3.075051178677688313e+01 1.176073105687445342e+01 3.172275439673387254e+01 4.155620439630604324e+01 5.521598226723558156e+01 6.352002571933853403e+01 6.539701709031247390e+01 7.369996510411125712e+01 7.452018493519265974e+01 6.622749581284841724e+01 6.321684387830139684e+01 5.393688892297906534e+01 6.799952956402650273e+01 8.805386445679575047e+01 8.547563295491210056e+01 9.374190074304726750e+01 1.027846232634896211e+02 9.843074655880441526e+01 9.020502966204469431e+01 9.843074655960153052e+01 1.052095332862590595e+02 9.569677798890269571e+01
5.738623160518319517e-05 6.143525030655566654e-01 1.228937586928559256e+00 1.844395041825223513e+00 2.460728594687908277e+00 2.254434020881235767e+01 2.406042286485643089e+01 7.923325508844178522e+00 2.989678677702062259e+01 1.148630082298375221e+01 2.712890566437626916e+01 2.189724227516787636e+01 2.845960668096031299e+01 2.822395267606628266e+01 9.941465127918922562e+00 1.060953542162708985e+01 1.167864219072141552e+01 1.280421324835401542e+01 3.324728096325858218e+01 4.313734705323664542e+01 5.291319762975902563e+01 6.118564177595478526e+01 6.035528377362240349e+01 6.831711113849449646e+01 8.078706353091379810e+01 8.217943485622724609e+01 6.799952956402650273e+01 8.217943485622726030e+01 8.223278632972842672e+01 6.555044303881162193e+01 8.223278632916481001e+01 8.279088279720788535e+01 9.692947143847773361e+01 9.318661997351547654e+01 8.492226444651079476e+01 9.318661998869518470e+01 1.058368325420997138e+02
4.532054705376769438e-02 2.003744994289607462e+01 2.150310239245392196e+01 2.194407022382143424e+01 1.189441490541284097e+01 2.956968683599072278e+01 2.648728749471664656e+01 2.419367880283317618e+01 3.471708485929145382e+01 1.469281977497111669e+01 3.483293674612371404e+01 4.202794160086266828e+01 4.278103821854492850e+01 2.267413377492713877e+01 2.915787682893578037e+01 2.153388517232780686e+01 3.717030158914161575e+01 3.324728096316896142e+01 1.450364323967336411e+01 3.483491610393022597e+01 3.283765297819033435e+01 4.814543276907453162e+01 4.084820485825560610e+01 5.464010440328463147e+01 6.383494675942318963e+01 7.368412028399626479e+01 8.805386445679575047e+01 8.123170044863117312e+01 7.397181919319683630e+01 5.402336861863123829e+01 7.397181919319683630e+01 6.830464969560982524e+01 8.254465605469204093e+01 7.428960461758481415e+01 6.503037488204518013e+01 7.908805890729745158e+01 9.900728258497048273e+01
9.001595176218035732e-02 1.423250261784315285e+01 3.425043222982779412e+01 3.848829248139429637e+01 3.030853984965016323e+01 3.848421805304037235e+01 4.134728774086350001e+01 4.511351657351296041e+01 4.081650646645542224e+01 2.177190356258667236e+01 2.005992511112689058e+01 4.243070718107613715e+01 5.110061756557320933e+01 3.692746202759676066e+01 4.716032882954225869e+01 4.017264246702834640e+01 3.959142911252033059e+01 1.939726935310270761e+01 3.483491610393017623e+01 1.628156526740879428e+01 3.652158406149074921e+01 2.816972014676404967e+01 4.814543276907453873e+01 5.945192037771316507e+01 4.344675603051634027e+01 6.020656764077408241e+01 7.539413558902626278e+01 6.128937500152155593e+01 6.691897685547667152e+01 4.695280102359992469e+01 6.691897457736591548e+01 5.722786187772037891e+01 6.621586258309294237e+01 5.451305446883960570e+01 7.428960461758272515e+01 9.318545367084786335e+01 1.053745062136898838e+02
5.674351268809080251e-02 2.005674351268773492e+01 3.060439253733583698e+01 3.663462150296030018e+01 4.370569374694325404e+01 5.198998727589813740e+01 6.107390758289161425e+01 5.260767551163993261e+01 3.396420035261910186e+01 4.081650651098828320e+01 2.401326927663684785e+01 3.806612702998918252e+01 5.788314181025467775e+01 5.698627790333900123e+01 5.274202120480800460e+01 3.268777996261714947e+01 2.441511799772086988e+01 3.959681842273554508e+01 4.481831235346756870e+01 3.652137749413510903e+01 1.802155797080703081e+01 3.822506373426773507e+01 4.122815291011684025e+01 4.250934779307984002e+01 3.180105069586689837e+01 5.166909533548645328e+01 6.221460963935800237e+01 4.716121437472602196e+01 5.301003279093188070e+01 4.091692211292902215e+01 5.743914973608564623e+01 4.715118970166978585e+01 4.672526985173309555e+01 6.621586258309297079e+01 8.254456891982070488e+01 9.257051542543845812e+01 9.386967208953963393e+01
9.518805923843161321e-02 5.259165854181675925e+00 1.060439069243020960e+01 1.663461758398558743e+01 2.370568539585118728e+01 3.525269078181389659e+01 5.525271053557238332e+01 6.055486467214704049e+01 4.709176905956658743e+01 4.799570350977877808e+01 2.821142503589510042e+01 4.218742440129862104e+01 6.201812970752000354e+01 6.686534102474034569e+01 4.689195058965925256e+01 4.849551889235807067e+01 2.840238624983220461e+01 4.849551889235807067e+01 5.092779541416867772e+01 3.084471414309286885e+01 3.822581224807754552e+01 1.978771047858090526e+01 2.104175497091760860e+01 2.257605023953729173e+01 2.412399119321043273e+01 4.427850509171154414e+01 4.222318551174477363e+01 5.010463551972311791e+01 3.298623412559116019e+01 3.512492451132558102e+01 3.744673224444185422e+01 3.982741774150895253e+01 5.981073248281836641e+01 6.697574217815436270e+01 6.437648734481027191e+01 7.363513397133915817e+01 7.833432241112670624e+01
9.062254805971975413e-02 2.009062254805936476e+01 3.060439253782926627e+01 3.663462150296030018e+01 4.370569374694325404e+01 5.199021331698513393e+01 6.353739577092868984e+01 7.401796028472747935e+01 6.420173321278527112e+01 4.435345070594641470e+01 3.319087609657055538e+01 4.710779826180858265e+01 6.698802192732465244e+01 7.512844564574793083e+01 6.686534102474034569e+01 5.267549874831760803e+01 3.262913274350687942e+01 5.267549874831760803e+01 5.919962529946830898e+01 4.507297126797026721e+01 4.827351877045241224e+01 3.998136283094338239e+01 2.520390392171270122e+01 2.476486668157587445e+01 4.427847214435895040e+01 2.638255944004815845e+01 2.798845800366698455e+01 3.004687923386867610e+01 5.010467460813266172e+01 5.513063372654782768e+01 5.159393363607244964e+01 5.981074520676271788e+01 4.395779334973051533e+01 4.700921197209842717e+01 5.025419125003573839e+01 5.368426125318350017e+01 5.839735626265292012e+01
3.063233560239582431e-02 2.003063233560203926e+01 3.056586858948092456e+01 3.659609548103573928e+01 4.366716329290133558e+01 5.195143454036495001e+01 6.349843992415787852e+01 7.366338469806193245e+01 7.247883474396255110e+01 6.118988970119053050e+01 4.453837858291398533e+01 4.244787898185419550e+01 5.642763682171740669e+01 7.640583474616919091e+01 7.163504449419677655e+01 5.168409004356320935e+01 3.752206396317210846e+01 4.901183909805023831e+01 6.897691478323079650e+01 6.506261044356394052e+01 6.412610691437657806e+01 4.952515654681277368e+01 2.944921303550196612e+01 4.490422788828167455e+01 2.854976287147111336e+01 4.645003774438195876e+01 4.807853131040039329e+01 3.169710175354100556e+01 5.171318881337840878e+01 6.369823078203874900e+01 7.155078005714260314e+01 7.219302769977255707e+01 5.808981760889857782e+01 5.854849620482880823e+01 7.021358735803360673e+01 7.363513397133915817e+01 6.152339339538882967e+01
5.666595628964066211e-02 5.220643751232840302e+00 1.056586858948128160e+01 1.659609548103644983e+01 2.366716329290204968e+01 3.521416867669497464e+01 5.521416867669567807e+01 5.366024042578099795e+01 6.780609741712413552e+01 7.267773306205765493e+01 6.439454260537306141e+01 5.642763682171740669e+01 5.642763682171740669e+01 7.640583474616919091e+01 7.381525789976737428e+01 5.386701932876078303e+01 4.357672342662573328e+01 6.354976464085243748e+01 7.724155630724607136e+01 7.195984352900646286e+01 5.585468459178958511e+01 3.583891444271404225e+01 4.952515654681277368e+01 5.689298409822630020e+01 4.863255749288826735e+01 3.241832355434976876e+01 5.245297295579025132e+01 5.171318881337649032e+01 3.547752238652936541e+01 5.545538543046776425e+01 6.760751152087728144e+01 8.167029591175382564e+01 7.803259054281636509e+01 7.848756093770387565e+01 8.674923739038946735e+01 8.145163239790693410e+01 7.561879975843912405e+01
2.110006612196471329e-02 2.002110006612160831e+01 3.056586858948092456e+01 3.659609548103573928e+01 4.366716329290275667e+01 5.195143454036495001e+01 4.686910273241594638e+01 3.951774127624972266e+01 5.951902573807921470e+01 6.201158851329861932e+01 7.026959374421238635e+01 7.640583474616919091e+01 7.640583474616919091e+01 8.469415330000008169e+01 8.208156213930362810e+01 7.019940984134679240e+01 5.025079729437835141e+01 7.019940984134679240e+01 7.779401500813870030e+01 5.784816451925937741e+01 4.371345774077796165e+01 4.741552817007775644e+01 6.412610705423202262e+01 6.869125776362965041e+01 5.520124533416907298e+01 3.519352051522468372e+01 5.520124400881682192e+01 6.369819118288377524e+01 5.545538543046776425e+01 3.941728727244913699e+01 5.354472712997267081e+01 7.176020319722979934e+01 8.581475802487193505e+01 9.493816736973818138e+01 9.763442635322390117e+01 1.013776397945070329e+02 9.553333606316255100e+01
9.367352646185668485e-02 1.423580915019293158e+01 3.423580915019363857e+01 4.155695943036342044e+01 3.332117553274871113e+01 3.617837719611440406e+01 2.686858664597823321e+01 4.276175976220459063e+01 4.647525876893451624e+01 4.202883475258847312e+01 5.603277119638499926e+01 6.205227315343807959e+01 6.868670121615969038e+01 7.695250027723456299e+01 8.692664949051805934e+01 7.846449343456970382e+01 6.023720670975573910e+01 7.846449343456970382e+01 7.366396192143707822e+01 5.371572393024837311e+01 6.369016887091914469e+01 6.154121750618725883e+01 7.432543664650704329e+01 6.044619282928825044e+01 4.047005324502778478e+01 5.520124533416907298e+01 4.154393155088700951e+01 6.151741553728114553e+01 6.760751152087847515e+01 5.936805237553466696e+01 4.359527792971943683e+01 5.770564836935196951e+01 6.685108036924566477e+01 7.778134022993879171e+01 7.778134022993879171e+01 9.412060939645172652e+01 1.040547949388505060e+02
3.648181865326004941e-02 2.003648181865290567e+01 3.766567274039228153e+01 2.937220973021299741e+01 1.332099238014220077e+01 1.617813523728510816e+01 1.938069831338690463e+01 2.276131533230153536e+01 2.635808043574881054e+01 3.038147224963016768e+01 3.599295312501860877e+01 4.208864293998343697e+01 4.878441028612299135e+01 5.874432847695990745e+01 7.863160704358048747e+01 8.844124907063263663e+01 8.016259659385593750e+01 8.844337820051630672e+01 8.193663972175886556e+01 6.369753375510488524e+01 8.193663968844900580e+01 8.148558210375723831e+01 6.609199648614510636e+01 4.613613436398644296e+01 6.044760832335731493e+01 6.622094450309603531e+01 4.626556113968550221e+01 6.038935234505595417e+01 8.029965338126497443e+01 7.176020319726785601e+01 6.352334070931449617e+01 4.807006346334566160e+01 5.278344430187321024e+01 5.794112487418760793e+01 6.606394383021049066e+01 7.595667508846852911e+01 9.577362084860413916e+01
