MOVIE_S11_data/elevation_000911.asc
nrows	100
cellsize	150.0
xllcorner	0
ncols	100
yllcorner	0
NODATA_value	-9999
[rows 68 to 84 of 100, columns 37 to 73 of 100]
9.922262873786350212e+01 9.023687720938823986e+01 8.190025839372574978e+01 7.677877371852349597e+01 5.681687656484373861e+01 5.998501592760189993e+01 4.466432494341606230e+01 3.713010039763978654e+01 4.749348425592368983e+01 6.144144670028133248e+01 5.843289565056604573e+01 5.024406568362076086e+01 3.251309663902997471e+01 3.742744102695094455e+01 5.674022805015897575e+01 7.080368187126278201e+01 7.912844658305300527e+01 8.910812191706597218e+01 1.019051498117821808e+02 9.361665161159493209e+01 1.019051498117821808e+02 8.855381087487616298e+01 7.180640362696088630e+01 7.025819409399383630e+01 9.027124361409120468e+01 9.909422910550347297e+01 8.234795083876731780e+01 9.909422910550347297e+01 1.000984938503660260e+02 1.082199791611956385e+02 9.475574437483479073e+01 7.937893133096555687e+01 6.901173379680929543e+01 8.821453771448030068e+01 9.138181164253948907e+01 8.304943134259897874e+01 6.637500719406561700e+01
1.119624190317424564e+02 1.033121973226164698e+02 9.494838319813575822e+01 8.510708783911171338e+01 7.677877371852335386e+01 6.807586099575291883e+01 5.156512536466383523e+01 5.324106002323389220e+01 3.379553724145871030e+01 5.006557664200632729e+01 4.837590904264827429e+01 3.061443471179481435e+01 5.024381876592966023e+01 5.674022760350543848e+01 4.500010451283849733e+01 5.134339929885982201e+01 6.088133750618312234e+01 8.072602623634259089e+01 9.189953910828364769e+01 7.360500909835626260e+01 9.189953910828364769e+01 8.026471885404211548e+01 6.025378297053332233e+01 7.960640387410630581e+01 8.789539064711267713e+01 9.080501057522401709e+01 7.079206131757031528e+01 8.928047478073759180e+01 9.756977860905796263e+01 1.075754203568957763e+02 1.053212794827658314e+02 9.620675447922212697e+01 7.870376758398461448e+01 9.620675447922212697e+01 9.232277879564990997e+01 7.213942640708478393e+01 6.045386256556558635e+01
1.003372572102781675e+02 9.171446554929404726e+01 7.490367230431265000e+01 8.514123456158451120e+01 7.682043334962877168e+01 7.883404338813529932e+01 7.058107531902318499e+01 6.144376446216423915e+01 5.006561615550408106e+01 3.056928223427788893e+01 2.873354376028189705e+01 4.830551664154948810e+01 5.821446222959671957e+01 7.257836148855888325e+01 5.854188771046054995e+01 7.080368187126278201e+01 7.912844658305300527e+01 8.910812191706597218e+01 8.361083035497556182e+01 6.360021330535942496e+01 8.361083035497556182e+01 7.491657127798552551e+01 5.491775282344192988e+01 5.960230676194196775e+01 6.923608605809630490e+01 7.323505273838955532e+01 6.322927872108446223e+01 6.926716667194173738e+01 7.927519183681816628e+01 9.342562679651234703e+01 1.134333652886658541e+02 1.057794558783369752e+02 9.772530784497583056e+01 1.057794558783369752e+02 1.006399825713173897e+02 8.792639847906350781e+01 6.772193740645042226e+01
9.039816993192224004e+01 8.206351014250188314e+01 6.339566036292534790e+01 7.682043334962877168e+01 5.698848294856776420e+01 6.279712673670678669e+01 6.536380049856043684e+01 6.279904300885600321e+01 5.825072474868088790e+01 4.708444902045353331e+01 2.741423467607743092e+01 3.768647747029442741e+01 5.064382979656034678e+01 7.320832703035740963e+01 7.825908480639326115e+01 8.385642663658803997e+01 9.218872217557698434e+01 8.945811153831805029e+01 7.694062467177016629e+01 5.694207103083723354e+01 7.694062467177016629e+01 8.320558917215025474e+01 6.805703302150278944e+01 4.809995841740120426e+01 4.927064082680035995e+01 5.324024261633832111e+01 5.857305855944095185e+01 6.857616289819941358e+01 8.272890344611641922e+01 1.027387965315376164e+02 1.161855329446871536e+02 1.089212392432199294e+02 1.006392536801607633e+02 9.804463344956430149e+01 1.063267209762892946e+02 9.625061059187828505e+01 8.427940321886904940e+01
7.498757365338170189e+01 6.207677061098772953e+01 5.457276488840957995e+01 6.296977135846064755e+01 5.984185688678277160e+01 4.327983285439550087e+01 4.579531389293353527e+01 4.325133878578876789e+01 5.715049335601012359e+01 4.593437006766538389e+01 2.629463332841760703e+01 4.593437006766538389e+01 5.660886762479486833e+01 6.369863983122508699e+01 6.987989515581440969e+01 6.409062626154347697e+01 8.385642663658803997e+01 8.116943786177586162e+01 6.116564115376881006e+01 5.120106952008027434e+01 6.431909680141315278e+01 7.260226539594886219e+01 6.380217038861222534e+01 4.391100283309192065e+01 6.380216491148153324e+01 7.323502011886783691e+01 7.858290050345480893e+01 8.687169368411612425e+01 9.687909903225445873e+01 1.103285575755218275e+02 9.618838093809590362e+01 1.006392536801607633e+02 8.064420765293755267e+01 7.804981744022299495e+01 9.397403798254623553e+01 1.022539652715080223e+02 9.260748486084530384e+01
5.502662174523575089e+01 5.066271299254560745e+01 4.692329446401851101e+01 4.343595174367288081e+01 4.043217210078656620e+01 5.152875356100843618e+01 3.221198655706312053e+01 2.960127012884991871e+01 4.546207655068272402e+01 4.330067814893108391e+01 2.518691096804406726e+01 4.482414663508490804e+01 3.870592602216533606e+01 4.418190952946319072e+01 5.033304847070376553e+01 6.409062625156232684e+01 8.385641660862569324e+01 8.945811153831805029e+01 7.845180842206178795e+01 5.846513597503273019e+01 4.443462899753822626e+01 5.845548720833549083e+01 5.776207035014120805e+01 4.121736106233812791e+01 4.558047007413535567e+01 6.549728545346488318e+01 8.085084075900941514e+01 8.151048798787320493e+01 1.015207735837821730e+02 1.003307046180644875e+02 8.205035908142548351e+01 1.003307046180644875e+02 8.650062104417411035e+01 6.650503483781980663e+01 7.397893678693458241e+01 9.397380603984326797e+01 1.026814400582768201e+02
6.653328035150984476e+01 6.466673736946374618e+01 6.078272017035387620e+01 5.714305673303290689e+01 5.555499016539074830e+01 3.624623045164332069e+01 5.152806752780619348e+01 4.545897959874346839e+01 2.600746909470544566e+01 2.362311776140684927e+01 2.606180983563120535e+01 3.112444010507841341e+01 5.114773239538196492e+01 6.369863983122508699e+01 6.987989515579242550e+01 7.813967421817122272e+01 8.148925791022976739e+01 8.600223070713093421e+01 7.771760292811200088e+01 7.260257527732784411e+01 5.845548720778815976e+01 3.869482596251607021e+01 3.801848060294760501e+01 5.776207035014120805e+01 5.964047730284435289e+01 5.257894089824075223e+01 6.150232308298078010e+01 7.564942930919491459e+01 9.566033771580809741e+01 9.204788511891693759e+01 7.205276108983514405e+01 9.017520827942479400e+01 7.983542564205806968e+01 5.983944417249254855e+01 7.983542564191817803e+01 8.799771543595181811e+01 9.627942140125350079e+01
8.653653437232374301e+01 8.466514802822571539e+01 8.074324302793678498e+01 7.703670483124609802e+01 6.378319791303221109e+01 5.555502056299869906e+01 6.375856935328353359e+01 5.360487723121158865e+01 4.222620956186700880e+01 2.250650020253414141e+01 4.222620856898006281e+01 5.113781796359750587e+01 5.925140825789760868e+01 7.037742044641431960e+01 8.014876255677698680e+01 7.565252743321818230e+01 6.152949306198086532e+01 6.886558003397954053e+01 5.777760127807868429e+01 6.143665975546096547e+01 5.458010272303867794e+01 3.490563714268479600e+01 5.458010273659720468e+01 6.603418494655785764e+01 7.963687112291032122e+01 7.256256321799317277e+01 6.255828975482268106e+01 7.670584827888050938e+01 9.671651437086710246e+01 8.497854122310192793e+01 6.498288454153617977e+01 7.017964756433318030e+01 7.156515856231993666e+01 5.484149110335818023e+01 7.483643622173258336e+01 6.800242979666093390e+01 8.248228652233679270e+01
9.074238222537881882e+01 7.941376559587860129e+01 7.100569939088364890e+01 7.100554537354837237e+01 6.775811541047802677e+01 6.534809405573025742e+01 5.932368716538792341e+01 5.514628620831143735e+01 3.548879765618708859e+01 2.151245975288647827e+01 4.124314590860274876e+01 3.582783721267095700e+01 4.274673365928075697e+01 5.251123351392016758e+01 7.212578172167752655e+01 6.737556620218138903e+01 4.751299283847708921e+01 4.899275413118313338e+01 6.143665975716655936e+01 4.164132084313190063e+01 5.000781550587815616e+01 3.301876552971016565e+01 5.266914970850954347e+01 7.127291830484577417e+01 8.300193880258910895e+01 9.085536910833150159e+01 7.410911200294970058e+01 9.085536910833150159e+01 9.911742103015427574e+01 7.912202545025793654e+01 6.498288454153617977e+01 5.604105419183630232e+01 5.157258775004271456e+01 5.013184251641794020e+01 6.915254593095188795e+01 5.645913224305438405e+01 6.248683778982985615e+01
7.276629465546730557e+01 7.100570311696775150e+01 5.021125671332746521e+01 5.021125629770838827e+01 4.694462705582989770e+01 4.472059440495934268e+01 3.867180783140204881e+01 4.204136476598419847e+01 3.918998839679898794e+01 2.052232855119101984e+01 2.653356184690776942e+01 4.617827069751220392e+01 6.231850757526908069e+01 7.037742044641443329e+01 8.014876256098372664e+01 6.886546836536201965e+01 4.899275316439512551e+01 3.509553639303838679e+01 4.599528220422918423e+01 4.761635246083946527e+01 3.035994167776291874e+01 3.465938447831518232e+01 4.282906702541197319e+01 5.427182340047296094e+01 7.466864640127508324e+01 8.761677338213800681e+01 9.412030344981867813e+01 1.024085775313365190e+02 1.049744802137052346e+02 8.497854122310194214e+01 8.431882428701197796e+01 7.603621170415621577e+01 6.553717165514396470e+01 4.555242840195800369e+01 4.916343675759512877e+01 6.915254593095188795e+01 8.248228652233679270e+01
5.196031476889569234e+01 6.583096802661007985e+01 5.630180751635834469e+01 3.542096223298900526e+01 3.219953147891486367e+01 4.472055945943198907e+01 2.542359056123390459e+01 2.162253328609412861e+01 1.914037906253182086e+01 3.383027048243503998e+01 3.893615355193098537e+01 4.725620681175507798e+01 5.162446230828496851e+01 7.289493971980304821e+01 6.384323276068230513e+01 5.559160695168413469e+01 5.200707292104035417e+01 4.378756478778467454e+01 2.632634323015748734e+01 2.796203180444209480e+01 4.761635246083946527e+01 4.801100385057723940e+01 4.242174882477181086e+01 4.975404495610176525e+01 5.892571061436147062e+01 7.341003970384130639e+01 9.354396282433005183e+01 9.279739731245345524e+01 1.010814470889217915e+02 8.995178633707165261e+01 8.166843490939270112e+01 7.662612796764551604e+01 5.663395573732535837e+01 4.251375382090895272e+01 6.248952741293675928e+01 6.471797840582216566e+01 7.103902963853349206e+01
6.583096802661007985e+01 4.484255611631459715e+01 4.056704940833244422e+01 5.630180751635834469e+01 4.859741101121772289e+01 2.761610175476107543e+01 2.469150701830552919e+01 4.204136404657985082e+01 3.018406299337746646e+01 1.785571599765118833e+01 3.653887118271352108e+01 3.056594822302096759e+01 4.943843758143883349e+01 5.773656440680860413e+01 5.559160682361691386e+01 3.584346716915844411e+01 4.162756328251224147e+01 2.409477389833144301e+01 4.378932071987872376e+01 3.448308816549890565e+01 5.418153182832813286e+01 6.818516700054570379e+01 6.246735434644440232e+01 6.246735434644440232e+01 7.854386269843506341e+01 8.761677338213800681e+01 8.953493261972442951e+01 7.279837833172504702e+01 8.953493261972442951e+01 8.166843490939270112e+01 6.169007597572278456e+01 6.754160183041581433e+01 6.001183838786293734e+01 4.004599050268402749e+01 5.656226628631721809e+01 4.474064522469819138e+01 5.105011053655060493e+01
6.206438174604889468e+01 5.277101519406196672e+01 6.154672638564466070e+01 6.332079926029812356e+01 4.249881370017660487e+01 3.978290929782074414e+01 5.600178062133166890e+01 4.884951925743000345e+01 4.598933476187562519e+01 3.068738439182375899e+01 1.657595158889458631e+01 3.528007602879792159e+01 2.944573891526881937e+01 4.940738294893742477e+01 4.748805442844760449e+01 3.951288930425133117e+01 2.190321363384126485e+01 4.162756328251224147e+01 4.016025867426625950e+01 5.418153182832813286e+01 4.579246407146806064e+01 5.721238390059301082e+01 7.715520412081116319e+01 8.277138678454865328e+01 8.666249603680526548e+01 7.837865429809694717e+01 7.056194761492332646e+01 6.125365038867248302e+01 8.125095832040155130e+01 8.282892746019885521e+01 6.754160183041581433e+01 4.763841849236255399e+01 5.690290283650855940e+01 5.344685335195714515e+01 3.661045413108047342e+01 5.656226628673524459e+01 7.103902963853349206e+01
8.191811246443108985e+01 6.490089907320856355e+01 8.191811246443108985e+01 7.178317694962024120e+01 6.332081968111814518e+01 6.063857245294118314e+01 6.911657615611166250e+01 6.927229976007620849e+01 5.853280448175292605e+01 4.475092845387004559e+01 3.528007602879790738e+01 1.530786543778570419e+01 2.934020506805536854e+01 4.856594972686574607e+01 3.889478435429014525e+01 1.975716928039533826e+01 3.951289094636110377e+01 4.984306818891662516e+01 5.993697941122692896e+01 6.819918735762585982e+01 6.564121149826793555e+01 7.390506345468581628e+01 8.542130883496778893e+01 8.906713475371988409e+01 7.837865429809694717e+01 5.838275356420605533e+01 5.056835122289395201e+01 7.056194761492332646e+01 7.436191145617517861e+01 7.438352581206311243e+01 5.235803924178165403e+01 5.520412324409169003e+01 3.714015167441166909e+01 3.350142731190563694e+01 3.979614556453177698e+01 5.971435658722659667e+01 7.034964982533475109e+01
9.365825307318603166e+01 8.532838572943262534e+01 7.822037749206306501e+01 6.995843152810748222e+01 6.289474279603710727e+01 5.687649915806422030e+01 6.512490532751850481e+01 5.960449980386356827e+01 5.851325386668392525e+01 5.026780644753971217e+01 3.439740560518318091e+01 1.442137417787329134e+01 3.424331158646648277e+01 5.104837630819881866e+01 3.213868041718630764e+01 1.825785211437940703e+01 3.803620089301904983e+01 4.482618665543909486e+01 5.272475271579963874e+01 5.402955503063567733e+01 7.332858711929183926e+01 7.474856375556493049e+01 8.303187432664145717e+01 8.078322734623630197e+01 6.078656215587619016e+01 5.079187600361381527e+01 4.424942810153964956e+01 6.423941729322956462e+01 5.436788379388808323e+01 6.850668638278739309e+01 5.639979133415875623e+01 3.456855692412483450e+01 3.058766486008255114e+01 5.053751457583755524e+01 5.971434631322988196e+01 5.045283499043517850e+01 6.454078522799466100e+01
8.805971837931757307e+01 8.149501092917518008e+01 6.152030289898395665e+01 4.998671406348423574e+01 4.293566245750115939e+01 3.693319483665423775e+01 4.933829578901793411e+01 3.966312463038849501e+01 4.203561775476268281e+01 3.033377749223130593e+01 3.351614966721319888e+01 1.353951652646716397e+01 3.351718611762137812e+01 4.288697545371848463e+01 3.467801889709826924e+01 1.677391335167575903e+01 2.021087048456510260e+01 2.765839074073951309e+01 3.645594769503038890e+01 5.364130943089911341e+01 6.065138925792734881e+01 5.481214838986573312e+01 7.474856375556493049e+01 8.906713475371988409e+01 7.906844242383299104e+01 5.924191999530712138e+01 3.925352835940697815e+01 5.347176834948004398e+01 4.023363917306904369e+01 5.851056658113893150e+01 6.523639717209802313e+01 4.863084695478160313e+01 2.863234931417731488e+01 4.277566360494721209e+01 6.276652200667813730e+01 7.034964982533475109e+01 7.857017670656101416e+01
8.763976576893455217e+01 8.977617831162244499e+01 7.822037749206306501e+01 6.995843152810748222e+01 6.289474279603710727e+01 4.933829578901793411e+01 2.941441874416071656e+01 2.558043577834216009e+01 2.210396697698325852e+01 1.881230271639288887e+01 1.571722035613796287e+01 1.266138216794288596e+01 3.264482362159371576e+01 3.281279586481154809e+01 1.485196419586080374e+01 3.244097468698452502e+01 3.985181279601349758e+01 2.561701628939426101e+01 3.006262718907703757e+01 3.457734993525351541e+01 4.090601607147456065e+01 5.222999659189077448e+01 7.215522557497716605e+01 8.777692180538585376e+01 7.777831665618963086e+01 5.949852330835279446e+01 3.951003840634901110e+01 3.348088623372200345e+01 3.023274970066045242e+01 4.596562798631175184e+01 5.256548787403421130e+01 4.428340729843134937e+01 2.677135045700325833e+01 4.677403336871180528e+01 6.196167381460450940e+01 7.024423129688440781e+01 8.024150165811522584e+01
