MOVIE_S11_data/elevation_000833.asc
nrows	100
cellsize	150.0
xllcorner	0
ncols	100
yllcorner	0
NODATA_value	-9999
[rows 51 to 67 of 100, columns 0 to 36 of 100]
6.455108993161302877e-02 2.006455108993125691e+01 2.728393899653344334e+01 1.377240264118742274e+01 1.893638045271110926e+01 2.496660751986710736e+01 3.163327616128797004e+01 4.163340796081161699e+01 6.165693922820358353e+01 7.991131418686718746e+01 7.730638596672156382e+01 7.714939215706262132e+01 7.120978257448803106e+01 7.120978257448803106e+01 7.958594297408318141e+01 8.361702299355879120e+01 9.147595997089513276e+01 9.183951088717245170e+01 7.778194712176821213e+01 8.508190515920017560e+01 8.819664697100418493e+01 6.868913641285325866e+01 5.483929180824949157e+01 5.531291686356440351e+01 3.562319988784039282e+01 5.531239905305703530e+01 4.815734414583522494e+01 2.999420413397793794e+01 4.974930187774846502e+01 5.296649150665412265e+01 5.431352125256938024e+01 3.682697816327318208e+01 5.615985652403327322e+01 4.162663504598834407e+01 4.343500244327371007e+01 4.527104697946397494e+01 4.729030036598129527e+01
3.995603441288197999e-02 3.632062074948387842e+00 7.283545791649510548e+00 1.484283528595002721e+01 3.484346736588803850e+01 3.893859636452673811e+01 5.164126487658644038e+01 5.995488164933979647e+01 6.998203137981049338e+01 5.967050992930105480e+01 5.704674080405147407e+01 5.692018160302091445e+01 5.100123507973947312e+01 5.100123507973947312e+01 7.120978257448803106e+01 6.497384243014137439e+01 8.065651579120999770e+01 8.359922473886047101e+01 6.364165851753148928e+01 6.513448850555256797e+01 7.922904794356828972e+01 7.228096025200025565e+01 5.269684384004552413e+01 3.868923119290349177e+01 3.162558170703798055e+01 4.657354243871021282e+01 2.837797754318454224e+01 4.815734482845402908e+01 4.402270278106200152e+01 6.357501215342610124e+01 5.649233705287965535e+01 5.649234187792384887e+01 3.908846061850921672e+01 5.872493617390983900e+01 6.290734984614456948e+01 5.904919916542578306e+01 6.664356124953529559e+01
4.804567899273937126e-02 2.004804567899238421e+01 2.142571735306932013e+01 3.484346736378982001e+01 2.898504804247152578e+01 4.898694275054881331e+01 6.725301500277869593e+01 6.490504290956852174e+01 6.559890423967267736e+01 4.544765014037389506e+01 4.284113456301789569e+01 5.656212099570322493e+01 3.683615477310360831e+01 5.692017867749633098e+01 6.838516644225103391e+01 5.422853078295195672e+01 7.229925313172213919e+01 7.843725130891171204e+01 7.097695157625253159e+01 5.071842981704885744e+01 6.191706522080496455e+01 7.021319886565984802e+01 6.653889279739499329e+01 5.797235131901938132e+01 4.509405422598219104e+01 2.676756248380124958e+01 4.657354243673444216e+01 5.625931573187537538e+01 6.357503733537358670e+01 7.166777005144184898e+01 7.595070588066037942e+01 6.693278678952626137e+01 5.875209018950125994e+01 4.442911920555832239e+01 6.397629203794584640e+01 7.830073767988251632e+01 7.925310429652188304e+01
9.707512844716031930e-02 1.423921075217731946e+01 3.423921073101247714e+01 4.971435455156868244e+01 4.898694275054881331e+01 5.727523736167249524e+01 5.914992540192446313e+01 4.484930678557543615e+01 5.914992540192446313e+01 5.135309681521238900e+01 3.129214965492305112e+01 3.649445093298023579e+01 3.051307821198281189e+01 5.057746311068606104e+01 4.966214893129021846e+01 4.576789466023112141e+01 6.452409293172117088e+01 5.849040905503039767e+01 7.258946588780274567e+01 6.191706522080496455e+01 4.129067860528881795e+01 6.191706522080496455e+01 6.055540942627676060e+01 6.019550726572900601e+01 3.995053929141560900e+01 2.569252191973522059e+01 4.417313249348688231e+01 5.053950846544059772e+01 5.750646036031101715e+01 6.624730562817137525e+01 7.683538815396062205e+01 7.314920708405681182e+01 5.369050240666256002e+01 6.397629203773400519e+01 5.140739897574032824e+01 7.085044928157461186e+01 8.712600627529211295e+01
5.001202446392439237e-03 2.000500120244603863e+01 3.537576650910482101e+01 4.366895145169900871e+01 5.585818895929183725e+01 5.189783733614714833e+01 4.357021961285806100e+01 3.134911005336963541e+01 5.035853567352712901e+01 5.971611751825356862e+01 4.238247972818667364e+01 2.235373333583774169e+01 4.238247965379753168e+01 4.743158241925616636e+01 3.611605066558720978e+01 5.514599379597618878e+01 6.261559471799529319e+01 4.437909813239541279e+01 6.261559471799529319e+01 5.659135509718294088e+01 3.595069907984940727e+01 4.971113392775011164e+01 4.232670970732620930e+01 4.777213484827050394e+01 4.168005597606141777e+01 4.074743399827018209e+01 2.418200490849912399e+01 2.997010789079554982e+01 3.666152020760294050e+01 4.688898106764261087e+01 6.812396118758749708e+01 8.052576993044752385e+01 6.100921853663911776e+01 7.910075351571659041e+01 7.085044928157461186e+01 5.932500644496346354e+01 7.880183033109994994e+01
5.279685921607564503e-02 7.870962165921333131e+00 1.712941505533810016e+01 2.978320435322332926e+01 4.126898799025354947e+01 4.084523780134792759e+01 2.482460814456634424e+01 2.343412605624382650e+01 4.205900714181982636e+01 5.723117536462019928e+01 3.852801743689311564e+01 1.851301047198866456e+01 3.852801576736209910e+01 2.808214968472221074e+01 4.743158229389912606e+01 5.765572633602846508e+01 5.435590101016461517e+01 3.441183478255365458e+01 5.435590101016460807e+01 6.493148934287710006e+01 4.971113392775011164e+01 2.951081228629535502e+01 3.411253589523177254e+01 2.733004160411128680e+01 2.167518678657291531e+01 2.270691291927812117e+01 4.328434419948748513e+01 5.053951034152099453e+01 5.750646268778844217e+01 6.624850590151285701e+01 7.683692708405040150e+01 8.886533781583023028e+01 7.215252552260928098e+01 8.886533781583023028e+01 8.533765210588747152e+01 6.573018773034519313e+01 8.533765210588747152e+01
5.738623160518319517e-05 2.000005738623125140e+01 3.486052292385013374e+01 3.054640542004504056e+01 1.833357899212996855e+01 2.600353755054947413e+01 1.490374253563850893e+01 3.274743578541194466e+01 4.039671196810308373e+01 4.120213449757767421e+01 2.899303179044060741e+01 1.487043093644427927e+01 3.473229795039702594e+01 2.296313509787898610e+01 4.244058196529106652e+01 3.670191159967601635e+01 3.920343487549370565e+01 2.776309853932355054e+01 4.770787893313917039e+01 6.419562440218334132e+01 5.703868601072746713e+01 4.480514796370852082e+01 2.406086961051568807e+01 2.022231062682658731e+01 2.438025636547563124e+01 4.285271129144310009e+01 5.163845787639842655e+01 5.987477216654352929e+01 6.537617623465301619e+01 7.163920286512869495e+01 7.984234460393665245e+01 8.869124395960115237e+01 9.196380215837429262e+01 1.003928728345632635e+02 9.372498056658955079e+01 7.537967325643772654e+01 9.372500833959706767e+01
4.532054705376769438e-02 1.975731125540918498e+01 2.921978028736926802e+01 9.308337850340150155e+00 3.237937973970112182e+00 8.131532311944077662e+00 2.446479443798714115e+01 2.551911867463622485e+01 2.034206818005307582e+01 2.102839251511850094e+01 2.756643916206012790e+01 1.144814505367604696e+01 1.614709337410499401e+01 3.261002202827859264e+01 3.097600542386055267e+01 2.291028476955660409e+01 1.925513319605828855e+01 3.920330436650177575e+01 4.423425730052795757e+01 4.423416573167024524e+01 5.090465453762538317e+01 3.424891672579771296e+01 2.972539922145058711e+01 1.926140296219156411e+01 4.132248651985776178e+01 3.040673055832366956e+01 3.486937260176213726e+01 4.001506604494249331e+01 4.554016709689341269e+01 5.183377409698955063e+01 6.070867304042231183e+01 7.469171082333738809e+01 9.446164389848053133e+01 1.010565553787214697e+02 1.037583792076690372e+02 9.529563276562461738e+01 1.037584996329896256e+02
9.001595176218035732e-02 2.008991788812463497e+01 2.136747431076146952e+01 2.298418533622946569e+00 2.077450649433867369e+01 4.187375420905681267e+00 4.859482028839805068e+00 5.532755172362326057e+00 6.210295042870628279e+00 6.889388959709486393e+00 7.569985481260116167e+00 2.588360589221240460e+01 2.905914738645881101e+01 1.028490232677489935e+01 1.099901207269044789e+01 1.171436505590050636e+01 3.169274479877661932e+01 3.347744728223479882e+01 2.423990790838217180e+01 3.500005616717483292e+01 3.576693178586925370e+01 3.653860316652404094e+01 1.790564994408785537e+01 3.546174334233145231e+01 4.993142061202065918e+01 5.031295343376264384e+01 5.474721921309532746e+01 5.110887232234900779e+01 6.537227995541215364e+01 7.163920286512869495e+01 7.984234460393665245e+01 8.869124731840801701e+01 9.527651152237956467e+01 8.126348323940378293e+01 9.527651152252279587e+01 1.089719208118549432e+02 1.086436851498880571e+02
5.674351268809080251e-02 7.121847872109778876e-01 1.367883830473545448e+00 2.040684033179536883e+01 1.017044735574225456e+01 2.624171356563499202e+01 2.484048184441854090e+01 1.219175426925449202e+01 2.614647863016907436e+01 2.686423593360857609e+01 2.640843998314705132e+01 8.565568418019550379e+00 9.275897130140435820e+00 2.032617335249325308e+01 3.050641096334176083e+01 3.039370427246551998e+01 1.273956402174016489e+01 1.349697841195152748e+01 1.425636182022079090e+01 1.501924727626808220e+01 1.578707452764112240e+01 1.655609848579281973e+01 3.652195222514037454e+01 4.614133839337399934e+01 5.656842990874493182e+01 6.482457474648010987e+01 6.991287794483382356e+01 7.091947297400641048e+01 7.910834931740666320e+01 8.345830366981358850e+01 7.527433136576598827e+01 8.345945308610851043e+01 8.640430037128618324e+01 6.722091319615275040e+01 8.640430037156095011e+01 8.939611800752709314e+01 8.939611800752709314e+01
9.518805923843161321e-02 2.009518805864841440e+01 1.231795294747331226e+01 2.283322134747106347e+01 2.985065023245420335e+01 1.879350085895880795e+01 3.854019147634165421e+01 1.925665641347432810e+01 3.923112724544486696e+01 3.662838722023445825e+01 1.640219903066198626e+01 2.904664785539116778e+01 2.832437141365361200e+01 2.164828423326579099e+01 3.597749263698426603e+01 1.635175533409625714e+01 3.271957934482785646e+01 3.342723366990086475e+01 3.423715610895415296e+01 2.277591168584148562e+01 3.576753104027930164e+01 3.139746352769893889e+01 1.839581238750740155e+01 3.838462143263163284e+01 3.658724581846423973e+01 5.348437898477909869e+01 4.979022940075152803e+01 6.991287794483353935e+01 7.518365917589366632e+01 7.354568161454500341e+01 5.542265424436402554e+01 7.354649385003618534e+01 6.881759196666820344e+01 5.831029276987735699e+01 7.818807061382318579e+01 8.194934553681920875e+01 6.966396368906742964e+01
9.062254805971975413e-02 2.009062254805936476e+01 3.171204484750003871e+01 3.634173978290818496e+01 4.413357172774580306e+01 2.557821118866862165e+01 4.532738851762436383e+01 2.820055995565183338e+01 4.751404622112902132e+01 4.276192402539398074e+01 2.243733476276440797e+01 4.276247305570664281e+01 3.988344842262493017e+01 3.998952613201593209e+01 4.114056637265158400e+01 2.134010138711726157e+01 2.065351720961401227e+01 4.069999957870805218e+01 5.170022970645314331e+01 3.760523748518345855e+01 3.944560362928923780e+01 4.512415645398508701e+01 3.253020190253059241e+01 2.025293988344310137e+01 4.025386141613813606e+01 3.307725504683912021e+01 4.974090640379916550e+01 7.206688801254829002e+01 5.524792907650790141e+01 5.549121949235358642e+01 4.547924626059111830e+01 6.070025971841548085e+01 4.893427661984100041e+01 6.881759196666820344e+01 7.535123872002994005e+01 6.213122823293942787e+01 8.194934553681920875e+01
3.063233560239582431e-02 1.151761030231544147e+01 2.545052254391281465e+01 4.515466788361726458e+01 5.332243371082232386e+01 3.562222100582774686e+01 5.332233210226495146e+01 3.975512569656552841e+01 5.644727352636611784e+01 4.999100673440651121e+01 2.954648593662695077e+01 4.999100673440651121e+01 6.066837913423783135e+01 4.901106327635313420e+01 2.918557407801826287e+01 4.128119064640765146e+01 2.377244953564474983e+01 4.375693660195420165e+01 6.331393311884075104e+01 5.765763002168532836e+01 5.332017064783988758e+01 6.077718108469500180e+01 4.852174528921086960e+01 4.025386141614343671e+01 2.214117448247165498e+01 4.215342006217574777e+01 5.261044322350307567e+01 5.989832085612476931e+01 4.872863043626333734e+01 3.534528127414357357e+01 3.798235688534816745e+01 4.084512716055586878e+01 6.070025971581120672e+01 6.923136748847277033e+01 5.549996853185835732e+01 7.535123872002994005e+01 9.010196825990942671e+01
5.666595628964066211e-02 2.005666595628928661e+01 2.818616031434657643e+01 4.818688438883165048e+01 6.300358770932253805e+01 5.503266399719370838e+01 6.300322853730069284e+01 5.976181722354399994e+01 6.796254486440736287e+01 5.836365289547028823e+01 4.131256895461473277e+01 5.836365289547028823e+01 5.771603958418181435e+01 3.810112180074007426e+01 4.901106327635313420e+01 4.696033072379331230e+01 2.697771297625613229e+01 3.515824628961120624e+01 4.668987501851469091e+01 6.658438300661137532e+01 7.285883857494370375e+01 6.757411069157583938e+01 5.759607369567396518e+01 4.507296567775968299e+01 2.505702186627188865e+01 2.433293488072173005e+01 4.434713189617345108e+01 4.820245361614179558e+01 3.172637402642579474e+01 4.831135014291534446e+01 5.774214618331132698e+01 6.070025971841548085e+01 4.578486514366758797e+01 4.938878799111976292e+01 5.825838169405165701e+01 6.974317540160132012e+01 8.953621787938729426e+01
2.110006612196471329e-02 8.186065875577494211e+00 2.232820538104157038e+01 4.232851456210185148e+01 4.799746631688896770e+01 3.971302388789747084e+01 4.456379414022919150e+01 4.972785321000115033e+01 5.527497770047331471e+01 6.355941003606528028e+01 6.184615904945067655e+01 7.012716072693366698e+01 6.461523004679756355e+01 4.510137260354498778e+01 6.461523004679756355e+01 5.054619764482749389e+01 3.057983990133503127e+01 5.054561155117585969e+01 6.331427909472212434e+01 7.478342136287777464e+01 7.342187133790567088e+01 5.348252010863485140e+01 3.935194645058447804e+01 2.933585870609352853e+01 4.507296567775968299e+01 4.432323444949798841e+01 2.656020164760743185e+01 2.820573980398006952e+01 4.820248321129147939e+01 5.914755528461224543e+01 6.632299018929866463e+01 7.189168579612079668e+01 6.561130161463680111e+01 6.923136748933588080e+01 7.743506968961717973e+01 8.630381413850159333e+01 9.772896482987675881e+01
9.367352646185668485e-02 2.009367352646150096e+01 3.646721745860013897e+01 3.047109225117151610e+01 3.338840945408510663e+01 1.971284167484936134e+01 2.456355424326310555e+01 2.972753236345569761e+01 3.527453591869392824e+01 5.527497770047331471e+01 7.298776148691376875e+01 8.193225793455212624e+01 7.266738888880041713e+01 5.640317981139227754e+01 7.266738888880041713e+01 5.607541596456593425e+01 3.613953579951427031e+01 3.789409754197406954e+01 5.199773295844705245e+01 7.188753540719721968e+01 6.809077193497311953e+01 4.813950393823795793e+01 3.400070551477502079e+01 4.933728384564517455e+01 5.508359338145912432e+01 3.510880396732193987e+01 4.656688526201869394e+01 4.820248321129147939e+01 3.138281160805892966e+01 5.139049086610549466e+01 4.320587660776503469e+01 6.353860556982436947e+01 8.039089786850308883e+01 8.450928689146519446e+01 9.276788247957124156e+01 9.374225819526381542e+01 1.020013411398242766e+02
3.648181865326004941e-02 2.003648181865290567e+01 2.642918249473330405e+01 1.047098650319363067e+01 1.338828633315734251e+01 1.916178903201313588e+01 2.519201604073852963e+01 3.151657239364052998e+01 5.151693368354178659e+01 4.470266578363867183e+01 5.364707630047656295e+01 6.778995925921250887e+01 8.388803336620061657e+01 7.583309928551514645e+01 6.545806031010290837e+01 4.555446598353042020e+01 5.024872707060722377e+01 5.782332121922517842e+01 4.640769858739425757e+01 6.630946139302501763e+01 6.892700756289761443e+01 4.897574724328433859e+01 3.743685772012938173e+01 5.740814204669653265e+01 6.333504295836264220e+01 5.508359916044879867e+01 4.579620154528478793e+01 5.575114036500741577e+01 3.576092588635354019e+01 3.517814256570753173e+01 3.801823985341786738e+01 5.217010981738459208e+01 7.045248698911345286e+01 6.454189439969168518e+01 7.964176615861174469e+01 7.380115112089673346e+01 9.374225819526381542e+01
