MOVIE_S11_data/elevation_000725.asc
nrows	100
cellsize	150.0
xllcorner	0
ncols	100
yllcorner	0
NODATA_value	-9999
[rows 34 to 50 of 100, columns 37 to 73 of 100]
4.390619733055861218e+01 6.017997858123121802e+01 5.230770618060810051e+01 5.026023876889097153e+01 5.399885475019256376e+01 3.636989386205507202e+01 4.761714121553215051e+01 6.721554600393655221e+01 7.458834855493486771e+01 5.369672523417688836e+01 6.138094295420100366e+01 4.918194719487555489e+01 5.899149713247989979e+01 6.037320008655900949e+01 4.256311662847809174e+01 6.241188562961315256e+01 6.752246305782406921e+01 5.193317411765428915e+01 5.691939353390971235e+01 6.230157681927958180e+01 7.237564205056388289e+01 8.397875210973545279e+01 9.817713753674472343e+01 1.182506949780997587e+02 1.148116253399135616e+02 1.141497754917492244e+02 1.058708204729935574e+02 9.171966335023712702e+01 7.153064674676828361e+01 6.395047384084094233e+01 6.591561411843112239e+01 8.540516526925843266e+01 9.008077777476259485e+01 9.207844217254948660e+01 7.189674252499597173e+01 7.013744415189502490e+01 7.537965990993754417e+01
5.250185612833657700e+01 7.156664671916047382e+01 7.197494497220043286e+01 6.990184728304275552e+01 5.835609504356245480e+01 3.886463695804684448e+01 5.835609503682135113e+01 7.546712724078459189e+01 8.312070587353697704e+01 6.847224054328155773e+01 7.745915515194482737e+01 6.914710024579409264e+01 6.528615007700959438e+01 4.537305400729692195e+01 6.241166864517543900e+01 4.546504520162605445e+01 4.754593281345755429e+01 6.752246305954447791e+01 7.704322497318558760e+01 8.242013425380129377e+01 7.237564205056388289e+01 8.136579729379219827e+01 9.295814957692091696e+01 1.130353380198906592e+02 1.200868455506271744e+02 9.998235008280404656e+01 8.565827370995513945e+01 7.850891354509265341e+01 7.214091821086933010e+01 7.850011187820636849e+01 5.840890568573430386e+01 7.369739498743572881e+01 6.999618360790856286e+01 9.004542171563743125e+01 8.128859263386466694e+01 6.117526477600321044e+01 7.537965179744308841e+01
6.634155856087583913e+01 7.215540942927786716e+01 8.529055541440648369e+01 6.711137166320993686e+01 4.753397841710184935e+01 4.164003086422894739e+01 5.279184172347518711e+01 6.663916364013412874e+01 8.655239813301164986e+01 8.936889038782427974e+01 8.868138051724342574e+01 7.091971654733352182e+01 4.823815186675057731e+01 5.986043999237747926e+01 7.080983336872147049e+01 5.950022630967838921e+01 6.752246305954447791e+01 5.177501836398139545e+01 7.185247966847508394e+01 8.478613568171213899e+01 9.246462645703974204e+01 1.007721443864037383e+02 1.097471004940761077e+02 1.213297632902394554e+02 1.259208549153141377e+02 1.058708204729942395e+02 1.058708204729748417e+02 9.872460603238921806e+01 9.233184275864800838e+01 8.532112147519333689e+01 6.518798777114922416e+01 5.364271819591418478e+01 6.942181787191422870e+01 7.759106886944621806e+01 7.085804865271248332e+01 5.671216759952521613e+01 7.680449745190620092e+01
8.619128951129336258e+01 9.200672738941699436e+01 7.700156553961799943e+01 5.722117862307878511e+01 6.398206770864147330e+01 4.449931551124831941e+01 5.309305583525942041e+01 6.437417694547150404e+01 8.428969038996413587e+01 9.457860755813497633e+01 7.447005134969870710e+01 6.026643174157638327e+01 5.029347007570959249e+01 6.945262692643264302e+01 7.895038100513139057e+01 7.959946577774987020e+01 7.185247966847508394e+01 7.185247966847508394e+01 5.634520171235460850e+01 7.646925386048879147e+01 8.989319310255905293e+01 1.014859904036371319e+02 1.094258107622824241e+02 1.177236350882713651e+02 1.113428202365855952e+02 1.029824425464756530e+02 1.029741695850919712e+02 1.042699290431227581e+02 9.857910298053869269e+01 9.363128070875272613e+01 8.196410058837504664e+01 6.353033367083352800e+01 4.939546949648480023e+01 6.541695604256666741e+01 5.083344842174660272e+01 7.086768875780884969e+01 8.514155915943108255e+01
9.749793576530369421e+01 9.111966877110265273e+01 7.115365570615368540e+01 7.700156553961799943e+01 6.711149576563963137e+01 4.756822381355480189e+01 6.711149576563963137e+01 8.107332797237518207e+01 9.259403158982811988e+01 9.352512189511655549e+01 7.341605611236690265e+01 6.181976236849328643e+01 7.031307142242765451e+01 5.347440712625238746e+01 7.355990570559795572e+01 8.523594471999098232e+01 9.195174114847512215e+01 8.478613568171751069e+01 6.797248388220650384e+01 6.145830079587106098e+01 7.308955232448198558e+01 9.317870819459804466e+01 8.934947288696774592e+01 1.094258107622824241e+02 1.029819222252622808e+02 8.273151895244505738e+01 8.273137874249326273e+01 8.092884447485384669e+01 7.392037285054910001e+01 9.062948664075277350e+01 9.196832350901068764e+01 7.774932858992207230e+01 6.541695604256666741e+01 4.540643228176865875e+01 6.541066238114370890e+01 7.919532944949469311e+01 7.748444866843161094e+01
9.870111075939480827e+01 9.942767061616009983e+01 9.111966877110265273e+01 7.292628591698922946e+01 5.320739346364741351e+01 5.286835333120987457e+01 7.257795362528845828e+01 8.978521310184632398e+01 9.979958774904689278e+01 1.018402146105227501e+02 9.023610049577673919e+01 8.191514735229419841e+01 8.188514835117707946e+01 7.355990652406973140e+01 5.680328896002813366e+01 7.101968999224251888e+01 9.113466591625048352e+01 9.638583956594561641e+01 8.807605750093537722e+01 7.153480205707757023e+01 6.754160129080267438e+01 7.514971685199088824e+01 8.934947288696774592e+01 1.094258107622824241e+02 1.003458123347223676e+02 8.010151924025900882e+01 6.868992428076617784e+01 7.255481296455893414e+01 5.619661558579528560e+01 7.774627168763380780e+01 7.663400731431022450e+01 8.060071031265358954e+01 6.319357447791860238e+01 4.318354754820822450e+01 6.319357447791858107e+01 7.507050711396328779e+01 6.347854088954056095e+01
1.070059518638745146e+02 1.039529092092017635e+02 9.498637081539580151e+01 7.725629068105463659e+01 5.741367016842946214e+01 7.257795362528845828e+01 6.157311543460606629e+01 7.147465885953465659e+01 9.148745062425928154e+01 1.098961769965609250e+02 8.978927059502507291e+01 8.978927059289759427e+01 8.041190118189558689e+01 6.030207643825811914e+01 7.691123003698027105e+01 8.523597220813483943e+01 9.793264899241111721e+01 1.055358939232154114e+02 9.993373056616434269e+01 8.574509704070993621e+01 8.764017733124698850e+01 7.543630858484759472e+01 8.703067152757874680e+01 1.071074867866130802e+02 1.085738953012382524e+02 9.389822028666706899e+01 7.385050153222611868e+01 6.080911703613714536e+01 6.186999872869545669e+01 5.180511250107922194e+01 5.432905741282529988e+01 7.223563700271257915e+01 5.670412173958871449e+01 4.099697503756259920e+01 6.101031610582197118e+01 6.674251714657474110e+01 4.667673607270734237e+01
1.098314652473372774e+02 8.975972342797679460e+01 7.559822515743397275e+01 6.669347378357467448e+01 6.360899909442827038e+01 8.356782589136783201e+01 7.302005221098319510e+01 8.978521310184645188e+01 9.979958774904697805e+01 1.063194221414375988e+02 8.978927059502505870e+01 6.966751928636099933e+01 6.479726181120604167e+01 8.041190119174633821e+01 6.622887057670251920e+01 7.110062240360893782e+01 7.780657664871526435e+01 8.541959867919489113e+01 1.055358939232153972e+02 1.058225785762125071e+02 1.022079163944991507e+02 8.213256348801954232e+01 1.022079163944991507e+02 1.154077691489714539e+02 1.047385943608492624e+02 8.450066239611929575e+01 7.041214201505832193e+01 7.972917415247498241e+01 6.638944690301967455e+01 5.490361125599408609e+01 4.681122602222634299e+01 6.246543741399319316e+01 5.887697273755223648e+01 3.884639814470155272e+01 5.589108925499033376e+01 6.420309075726370907e+01 5.871726764844822100e+01
1.148687310122819412e+02 1.039529092092017777e+02 9.498637081539591520e+01 8.667627218602606831e+01 7.509883119060638990e+01 7.620201306653449080e+01 9.303899914060934861e+01 1.013514632076749109e+02 1.122227393922589442e+02 9.211661951637981360e+01 7.787983513889753340e+01 8.919878207871047948e+01 6.907805693541303071e+01 8.919878207871047948e+01 7.521949601159712984e+01 9.122395821117919468e+01 8.272047703101493710e+01 1.028399295238862550e+02 9.965032492805033826e+01 1.197449144136255228e+02 1.105119540641538549e+02 9.216841702292153116e+01 1.105119540641538549e+02 1.212049167057805761e+02 1.010378728631453953e+02 8.671622849097080632e+01 9.042821543139683627e+01 9.326792170858571751e+01 7.982854102843057831e+01 7.178064699956901507e+01 6.246543276362038455e+01 4.237066352182672802e+01 4.016715248188822329e+01 3.799004012965249188e+01 3.583876477709606689e+01 5.377113797465117528e+01 5.041303300323208703e+01
1.065212155934890745e+02 1.016235370671275717e+02 1.075024417577689633e+02 1.034507491587185228e+02 9.513668779712382673e+01 8.776029843094160299e+01 1.045567517558161796e+02 1.203570853746465730e+02 1.002629216499175016e+02 8.864402760411857685e+01 9.800556568467519014e+01 9.381675001100470013e+01 7.368749446962263505e+01 9.381675001100470013e+01 8.684162114340006156e+01 1.036585854850900574e+02 9.434340940263810182e+01 1.111491979008430775e+02 1.197449144136255370e+02 1.280358722002826255e+02 1.205443676030738516e+02 1.122474157660767133e+02 1.205443676030738516e+02 1.239899012425564706e+02 1.139415639794814439e+02 1.056475458172158000e+02 9.525716029335235646e+01 8.692162603829230250e+01 8.216911484174877955e+01 6.707625145962352065e+01 4.697803510990964782e+01 6.245322399691217186e+01 6.024606242996990346e+01 5.805502302310219420e+01 5.377149524801635749e+01 3.371876955094235484e+01 3.232548179921086273e+01
9.582690244931426093e+01 8.170504546885459263e+01 8.753903658698145307e+01 9.949268614508251574e+01 1.078125328938318717e+02 1.078296778097063822e+02 1.161445904482056903e+02 1.286473195128135671e+02 1.170594376094401667e+02 1.028718184691663851e+02 1.102355917280323609e+02 9.012669954091253999e+01 7.927190333037212611e+01 9.939900310945604645e+01 1.069554016275546218e+02 1.152605746853720206e+02 1.144463918532769497e+02 1.227434769096316245e+02 1.226098546671543374e+02 1.195712181418924445e+02 1.114134638808683491e+02 1.150614912517115584e+02 1.232193680215369227e+02 1.157261800653545265e+02 9.556891156907700235e+01 8.544005296488414558e+01 8.692162603829230250e+01 6.675843055199641185e+01 6.203213914666459061e+01 7.042645104482380702e+01 5.032587546024623748e+01 7.040421478477928474e+01 7.798337291544244465e+01 6.126313696587219937e+01 4.109526242446185051e+01 4.005973280202177023e+01 5.237747600104767542e+01
8.428585975698625532e+01 6.770372544543479876e+01 8.541947071657628499e+01 7.959015401989063321e+01 9.949268614508251574e+01 1.182987669979934680e+02 1.099495526933982035e+02 1.182987669979934680e+02 1.186796870608707906e+02 1.229606962305017959e+02 1.185368157323159295e+02 1.077117379513324522e+02 8.828172033186251610e+01 9.200914504822912932e+01 1.062330425095937585e+02 1.263158802668276195e+02 1.164940986567027181e+02 1.081664690279244780e+02 1.021838228095693211e+02 1.081941886940780364e+02 9.170330122481661306e+01 9.535626385007404338e+01 1.118443033765205570e+02 1.239899012425564706e+02 1.065102668173752818e+02 8.630748716364354323e+01 7.464244221340820218e+01 8.692162603829230250e+01 7.580124427050378699e+01 5.569060948443329551e+01 6.036085633352298174e+01 7.873286066960514518e+01 6.975054299622634346e+01 4.945590018755607531e+01 6.126771362032890522e+01 4.673652689827687112e+01 6.685490157207007655e+01
6.444968856325422735e+01 5.961771349052829549e+01 6.559213718018196460e+01 7.701643336592356093e+01 9.689823320651727556e+01 1.082318406194228970e+02 8.982519936553072171e+01 1.082318406194228970e+02 9.853295885921157549e+01 1.055438812863458367e+02 1.138902887187705915e+02 1.166976410929100041e+02 9.989988249111382856e+01 1.121151695032182829e+02 1.204154024656945268e+02 1.226098546671579186e+02 1.021838228095693211e+02 8.645799002803821054e+01 8.645799002803821054e+01 9.931156515846825528e+01 8.035833886943443360e+01 8.399948065031587419e+01 1.007151226524991614e+02 1.087827082347052112e+02 1.148017322220252936e+02 1.031690053888825105e+02 9.484618654591459119e+01 9.595901017427358681e+01 7.580124427050378699e+01 6.572384779735283189e+01 8.049204167294382728e+01 8.049204167294384149e+01 7.676915100330135999e+01 5.637055238893493936e+01 7.515617853098790135e+01 6.091095334298479003e+01 6.092116443183347485e+01
5.299091966626380668e+01 7.283344097859354349e+01 8.541947071657628499e+01 9.370134345686128086e+01 1.052122287004510071e+02 9.988737602946454786e+01 7.984750570804558834e+01 9.988737602946454786e+01 8.435860175530113736e+01 8.546262307039657458e+01 9.964261591895585468e+01 1.197907961714615368e+02 1.199949889055973813e+02 1.282863802926387393e+02 1.284281111002323996e+02 1.202704649434972453e+02 1.164940986567027181e+02 9.563307283364281375e+01 7.459172928803300806e+01 8.900976659421677084e+01 7.158028705327342323e+01 8.846796100023428266e+01 8.135065980578663414e+01 9.503541270290351406e+01 1.144271554431582700e+02 1.134212006530955250e+02 1.018636621457526275e+02 9.354047487439956399e+01 9.421230456206139081e+01 8.587864072756043754e+01 9.421230456206139081e+01 1.006511390176167282e+02 8.500351467639259795e+01 6.768359976977200176e+01 6.691589955169128245e+01 8.115274071153157820e+01 8.118331926274771604e+01
6.722109049039772799e+01 8.108739268018577206e+01 9.219627234958478823e+01 9.219627235282314359e+01 1.006331478934318397e+02 9.320741925565832275e+01 7.324276114433084217e+01 8.469446043339858932e+01 7.288268737171284783e+01 8.695964474702009284e+01 1.070479681103526275e+02 1.167435126942867214e+02 1.250921968396239379e+02 1.346819352912652334e+02 1.202704649434972453e+02 1.005479257067093641e+02 1.063245237069467919e+02 9.364991075433316325e+01 7.396344634654661832e+01 6.934353912913051943e+01 6.586279641573007382e+01 6.910825472551590565e+01 8.643177691109676175e+01 9.646520883290480697e+01 1.116035331252570870e+02 1.050551759849078621e+02 8.511112862753768127e+01 7.365291557187768490e+01 8.205838715756384261e+01 9.034667308425160570e+01 9.292979198715278244e+01 1.012447252870727965e+02 9.521116191723679378e+01 8.710345661672896256e+01 9.049278977044994576e+01 9.777367844379475059e+01 9.335560062886260368e+01
5.777678538436933309e+01 7.763083990062804673e+01 7.167313661708553241e+01 7.167313661708578820e+01 9.219627235228595907e+01 8.747659265219441238e+01 7.917628597847627248e+01 6.479839911402419261e+01 8.469446043339858932e+01 1.011770501524905370e+02 1.024950024854021109e+02 9.659307631327058630e+01 1.167435126942867214e+02 1.265265767761339362e+02 1.068275856157950727e+02 9.541148321288063983e+01 8.658635783071395053e+01 8.113149756831418813e+01 9.364991075433316325e+01 8.900976659422099146e+01 8.138969284493202849e+01 6.165453800872445811e+01 6.856841871789683296e+01 8.132688454055271166e+01 9.761392231713145407e+01 1.057820567659983055e+02 9.487542987115321580e+01 8.205838715756384261e+01 6.217887213256420154e+01 8.205838715756384261e+01 7.304144145797606313e+01 8.973078287837530809e+01 1.012447252870700396e+02 9.704291955030170413e+01 8.925670243165158979e+01 9.190729895584934184e+01 7.604643967198907717e+01
6.029728359197530807e+01 6.770721273835164311e+01 5.773020157539473018e+01 7.768422390192266391e+01 8.400512425970278230e+01 7.571178597590159143e+01 5.927424869545497188e+01 6.255755756320070304e+01 8.244591117072394582e+01 9.303397143538529690e+01 8.242512484795217631e+01 9.398003308590423899e+01 1.082197853508863545e+02 1.283871407803036959e+02 1.233104446542719188e+02 1.144880184034707753e+02 1.063245237069467919e+02 1.008501414646095355e+02 9.373188140401231294e+01 8.672246498710021001e+01 7.875881670345356156e+01 5.900107190750661346e+01 7.875881670345356156e+01 8.365907948842243513e+01 7.787879432798619916e+01 9.761392231713145407e+01 8.656987467791292090e+01 6.666959625239061893e+01 5.616972803251673696e+01 7.150544234166582669e+01 6.156363722793667392e+01 7.304144145797606313e+01 9.292979198715278244e+01 8.925670243165158979e+01 7.126956047496268809e+01 7.653787237991173242e+01 6.669317297203394901e+01
