MOVIE_S11_data/elevation_000853.asc
nrows	100
cellsize	150.0
xllcorner	0
ncols	100
yllcorner	0
NODATA_value	-9999
[rows 34 to 50 of 100, columns 37 to 73 of 100]
7.419119409255155517e+01 8.017102025658590492e+01 6.013817365482299238e+01 4.589228937805341957e+01 5.370291137404105797e+01 3.365564436900510259e+01 5.150857198350220045e+01 5.930704032391828662e+01 5.117850744893418380e+01 3.300164490245917648e+01 5.303451811665390636e+01 5.636919411242612199e+01 5.192260337778828472e+01 5.926049998371479433e+01 4.750442686474249854e+01 5.649529061699156074e+01 7.445487622602864519e+01 7.280382999457263793e+01 6.000376015942869401e+01 6.567583954884224795e+01 7.299049740443834366e+01 8.670319576707390752e+01 1.063016968861821141e+02 1.006652453307166439e+02 8.412429644721989064e+01 9.031491709399010404e+01 1.043284083599115064e+02 1.022609311396362841e+02 8.234406259232775938e+01 7.130342560121621887e+01 7.396610412631690679e+01 8.795295264245420697e+01 8.212667095339956802e+01 1.020188409143759003e+02 9.075363590389898150e+01 7.224501441046197669e+01 9.075363590389898150e+01
6.009200884460357628e+01 7.930268544832095756e+01 6.655739250956840181e+01 5.593727482880438373e+01 3.585939228579383098e+01 5.370291137404547754e+01 6.199347328453892914e+01 6.723941089497151324e+01 4.715066771808250934e+01 5.303430286234853241e+01 3.486784007927199269e+01 3.627011609709993678e+01 3.769171243107619773e+01 3.913732110392243868e+01 5.055475208829719236e+01 5.399064590308398692e+01 6.659070018118413259e+01 5.315697660889630072e+01 7.280382999457263793e+01 8.509093363506096352e+01 9.244346384376854076e+01 9.244346384376854076e+01 1.120741415196778377e+02 1.120768120326209782e+02 1.038284643067573541e+02 1.100813801195333639e+02 1.102867036325429666e+02 1.105540558142083967e+02 9.485323310416897868e+01 8.009182470040450141e+01 6.326466050176254896e+01 6.848481237933128796e+01 8.795295264245420697e+01 9.417298895028767447e+01 8.240299424954197605e+01 6.197299764545025624e+01 8.240299424954197605e+01
5.109683539209260772e+01 6.543623394178329988e+01 5.829525646959015717e+01 3.818032915179811937e+01 5.594900245665294136e+01 5.594900247200921939e+01 7.600195378585533490e+01 7.550052228987456715e+01 6.723940051459206302e+01 5.933448306431905905e+01 3.921657910609422970e+01 5.636917703603585750e+01 5.212726529233966488e+01 5.926194902861062985e+01 4.129121176331606335e+01 4.400152735799152026e+01 4.677215548758690744e+01 5.046637230833111687e+01 7.019241583609138502e+01 8.238149384456563951e+01 9.049430856337147588e+01 9.107425454895884798e+01 1.106918536026725519e+02 1.175322081261480065e+02 1.059486349303837613e+02 9.764432861406999109e+01 9.021098512137137959e+01 1.043964908511590153e+02 8.562902515438705109e+01 5.976501586680780065e+01 5.809975460124858415e+01 7.754679395355915972e+01 8.832482155856057204e+01 7.417823951756616907e+01 7.559299538151141462e+01 5.532697206336335682e+01 6.575741443551416410e+01
6.544415309229810873e+01 4.539075403811408904e+01 4.159034102990209192e+01 4.049008945757541511e+01 6.061955092340497231e+01 6.029878446268835290e+01 7.450208754219626428e+01 9.442627333040979920e+01 8.040679674931161003e+01 6.395303488508564271e+01 4.382130157352668220e+01 6.395303435669858771e+01 7.204387710404360234e+01 6.394142220196361137e+01 4.314602606790847972e+01 6.327223431187759672e+01 6.659094949920142881e+01 7.019241583609108659e+01 5.595774033878657150e+01 6.296100133431477985e+01 7.163665070179702354e+01 8.533856405286891800e+01 1.049214363341935723e+02 1.092363713083555581e+02 8.915836439834518501e+01 7.757378168492115833e+01 7.602215894738441193e+01 9.373699282038673175e+01 8.677116580408791435e+01 6.977518862708062386e+01 5.357481344429632486e+01 6.822006590648632596e+01 7.648240945925272172e+01 6.018514376936092702e+01 6.948255944160581521e+01 4.967861605238286415e+01 6.948255944161228115e+01
4.955591694664909141e+01 4.614667650241042907e+01 6.163533790930920020e+01 6.061955092899400199e+01 4.383729302689317819e+01 6.397600250807563782e+01 6.796339465014341386e+01 8.794522076031498159e+01 7.215984205703060184e+01 5.205735206868620679e+01 5.546856537962219136e+01 7.222301699715355028e+01 7.570934647003254270e+01 4.688063078559116548e+01 4.505942298691203973e+01 6.589986060586434746e+01 7.729564607528190834e+01 8.361098174783711556e+01 7.551531287057527209e+01 6.296100133431477985e+01 8.238149384456563951e+01 9.880790027945501208e+01 1.101270169794757408e+02 1.073487702612230521e+02 8.726714730647805141e+01 7.308879252685797212e+01 6.607623255255653305e+01 7.370764906419293538e+01 7.600486457468186074e+01 7.260895080555081904e+01 6.822006590648632596e+01 4.857157611222152127e+01 6.345460708476132794e+01 5.041682311051427945e+01 5.924623146705106080e+01 4.530671429014828533e+01 6.467773372797822162e+01
5.961584935262028040e+01 6.036802695078957015e+01 7.440087470836621719e+01 6.900854927210957612e+01 4.887836213253351758e+01 4.782805134432054928e+01 6.209787611544157926e+01 8.212400904752068698e+01 7.884417134934265903e+01 5.879118347240623876e+01 7.554303576718271529e+01 8.378187879642491964e+01 8.477277364962148454e+01 7.278624639876341007e+01 6.589986060458767270e+01 4.780700454780242126e+01 6.263057095343186376e+01 8.357553061326872523e+01 9.049430856337147588e+01 7.667271315453731972e+01 7.123483589699921481e+01 8.240095672540911664e+01 1.019602604468030336e+02 1.073487702612230521e+02 8.726714730647805141e+01 9.314891849269137936e+01 7.957410802766572999e+01 5.970151542056272831e+01 5.620344166223237181e+01 5.288033282104224497e+01 4.978644449556792750e+01 4.676194966541920905e+01 4.385130385474833048e+01 4.168383914747482777e+01 3.959798148722829580e+01 4.104130396715823537e+01 4.781545486050782046e+01
7.371541529688094840e+01 8.053385443484722828e+01 7.688293189643407288e+01 5.680711654376070641e+01 6.900854928443226299e+01 5.080565170187749402e+01 6.507277748928210315e+01 8.507286039940181865e+01 8.707284947590447644e+01 6.780688859485671571e+01 8.707284947586117596e+01 9.837953251729794601e+01 8.649443074165347412e+01 7.806005769961497265e+01 7.083885675427544015e+01 4.979361098153932375e+01 7.083885577444551984e+01 7.521331480423476989e+01 9.583182081825063392e+01 9.616370961104587423e+01 8.493304259291940639e+01 8.493304259291940639e+01 1.045123575678683068e+02 1.156460566109781780e+02 1.073487702612230521e+02 9.113251605121595844e+01 7.111271682020223750e+01 7.370763410511831637e+01 7.600486457468186074e+01 6.418860829664400569e+01 6.944983927994233852e+01 5.800484459456885133e+01 5.765646685650973780e+01 5.551349019688887410e+01 5.637690984843293052e+01 3.666594660792122795e+01 5.385317963747301206e+01
9.352361932942666556e+01 8.582197112089650659e+01 6.583367169301122601e+01 7.688293189643407288e+01 7.399693671071393908e+01 5.389005601701960302e+01 6.814670483305503978e+01 8.807851870891941815e+01 9.598288042888921723e+01 8.195914310920517210e+01 9.598288042888921723e+01 9.008987597044364293e+01 6.925056746269576990e+01 5.678949625441445903e+01 5.377742358137891188e+01 7.083885648963108395e+01 5.406022119316443764e+01 7.499147485169194738e+01 8.271149649641166945e+01 1.063003012994236371e+02 1.045123575678683068e+02 1.045123575678683068e+02 1.126827579659906178e+02 1.216965975328770213e+02 1.016456466461335850e+02 8.744986498611724812e+01 9.113250528526066319e+01 9.373478294786733045e+01 9.241289836526905788e+01 8.411160117985782847e+01 8.610488511283087121e+01 7.781813047751747092e+01 7.745247291730250083e+01 7.527972811375630613e+01 6.459117122947576206e+01 5.385317963747301206e+01 3.409884219612194300e+01
8.808056035189684962e+01 7.656561254734722866e+01 8.582197112089650659e+01 9.229624604436334323e+01 7.721403748012266988e+01 5.713125340436032928e+01 6.616449315085623084e+01 7.775138753466964658e+01 9.760128416072322466e+01 1.018106698321284540e+02 1.002992202915298208e+02 8.274460359952264810e+01 6.153434944642575033e+01 7.806005785264999020e+01 6.763780797484491814e+01 8.289305221642293020e+01 7.078299507578390148e+01 5.869385753087865965e+01 8.022473034244524115e+01 9.351227023388089776e+01 1.044365235575138087e+02 1.144068184747300307e+02 1.177835390882350737e+02 1.077703992865156124e+02 9.947558432064195699e+01 9.280403401150535103e+01 8.703003931722714981e+01 8.187134052927038397e+01 9.016035659133288505e+01 8.768546177214977888e+01 7.939294949042722749e+01 7.936893389768069085e+01 7.689043504474436475e+01 7.666713646731332688e+01 6.840169756643248888e+01 5.210709488064703976e+01 3.232981200629070884e+01
1.046473638327667857e+02 9.065275775142210080e+01 9.813403315399924054e+01 7.825555986401809605e+01 6.406660823743654021e+01 6.235547606164061563e+01 8.238586887665317704e+01 9.435854960529816537e+01 1.057463341594680486e+02 1.062616584336720535e+02 8.611896812035223547e+01 7.128128207878556566e+01 6.560082006777096808e+01 8.665409943052526387e+01 8.952317587059131654e+01 9.582273284193195195e+01 8.369897695152108952e+01 6.283099607477790727e+01 6.833150985349818995e+01 7.588760824304692676e+01 8.620656588915649365e+01 1.061756099723406095e+02 1.094890657721077076e+02 8.946210286917623478e+01 7.946093339323229543e+01 7.280232966525943539e+01 6.705048482337028304e+01 6.193050679760624888e+01 7.522439595204907903e+01 7.089096919190546942e+01 5.950418500311767644e+01 5.952007770707654544e+01 5.704755464346008864e+01 6.840284675796601732e+01 4.861883241164617431e+01 5.161411443645765473e+01 3.180980774496599039e+01
1.090700796471496972e+02 1.104503524854034993e+02 1.002999412041355782e+02 8.043199357025119411e+01 7.044317732668432086e+01 8.238589767278689635e+01 7.058663820771346309e+01 8.471853109070843857e+01 1.045470935444505471e+02 1.036809226098107501e+02 8.348123152038421324e+01 9.065901008827137275e+01 6.984888387130034459e+01 8.475770967563720149e+01 1.049060095800894317e+02 1.023034620132092840e+02 8.220267360007534307e+01 6.720912517397586328e+01 8.809868375638590976e+01 9.619108793074852315e+01 1.044365235575138087e+02 1.144068184747300307e+02 1.177835390882350737e+02 1.077703992865156124e+02 9.947558432064195699e+01 9.280403401150535103e+01 8.703003931722714981e+01 7.522439595204907903e+01 5.536613980514394484e+01 5.111192386301793533e+01 4.818108399886347826e+01 4.564043853686770547e+01 4.316474201723355719e+01 5.943046166694194454e+01 5.441239835821724569e+01 3.462715890056739454e+01 5.148694591412689903e+01
9.486781310199400252e+01 1.149605516791472155e+02 1.085031264834666729e+02 9.700721379399580258e+01 7.713613200928973868e+01 9.700721379399580258e+01 9.052618257222854936e+01 8.060260263920788759e+01 1.004497625052490832e+02 1.119019162435918133e+02 9.526605202200524047e+01 9.493743830041398724e+01 7.441881741039074427e+01 8.647056062705070190e+01 1.065034082929624759e+02 9.976693193881197885e+01 7.955610407769312076e+01 8.809868375638590976e+01 7.541469630917623590e+01 9.580579440058447460e+01 1.138975750123035766e+02 1.237221248751184959e+02 1.175944129123864741e+02 9.756058137584835777e+01 8.600510035664557051e+01 7.706389551574078212e+01 7.000903650966600367e+01 6.338437944727166240e+01 5.714507067929119444e+01 5.692864712348730905e+01 6.790916370323577667e+01 6.534077569816577125e+01 5.943046110713783747e+01 3.971711008272215793e+01 3.754914492839439788e+01 5.440374801154417383e+01 6.136654016855949578e+01
1.033600036528710007e+02 1.125916921377382920e+02 1.209030908097153798e+02 1.052062918652175227e+02 8.710743965078685846e+01 1.052062918652175227e+02 1.086487928135873204e+02 9.055535656766242880e+01 1.086487928135873204e+02 1.233789648425310475e+02 1.151758496023113594e+02 9.970583718238178506e+01 7.947523407333156342e+01 9.970583718238034976e+01 1.147078845384078107e+02 1.079266126810739905e+02 9.140423629026763308e+01 1.039818448949564953e+02 8.740674784114621332e+01 8.585165498673667628e+01 9.593410155471140399e+01 1.155857660741530992e+02 1.258864540465482236e+02 1.143224649528378905e+02 1.053677280070997284e+02 9.707341789455746550e+01 8.643868895647131012e+01 6.647245592138962422e+01 7.702651644056656721e+01 6.349943497307985751e+01 7.810641131504392831e+01 5.824098807630653596e+01 4.690305357383649465e+01 5.941182900118166543e+01 5.729225836614802603e+01 4.809449922939737831e+01 6.785532724808784621e+01
9.839498323178980854e+01 9.251451386188303161e+01 1.125916921377382920e+02 1.151048828287173365e+02 1.069069879372047041e+02 1.151048828287173365e+02 1.185444216855536439e+02 1.103441684428357092e+02 1.185444216855536439e+02 1.226136949962418612e+02 1.028325379614494324e+02 9.129662206594517215e+01 8.868978010339587570e+01 9.388463058631695901e+01 1.137594730960021678e+02 1.193253662583719716e+02 1.111909421673837954e+02 1.154169703495076789e+02 1.072791053683454976e+02 1.057599338144322161e+02 1.138975750123035766e+02 1.237221248751184959e+02 1.240035291345625836e+02 1.156123512074845507e+02 1.121501058352216234e+02 9.212417333865492708e+01 7.798281091873991500e+01 8.643868895647131012e+01 7.413212268848207032e+01 8.343917046345923438e+01 8.639308858988867712e+01 7.261023307863176512e+01 5.280258680663730075e+01 7.260712036842387818e+01 6.785535214844448149e+01 6.202984622073856258e+01 7.612353387209309119e+01
7.835600791559477329e+01 9.251451386188303161e+01 1.125916921377382920e+02 1.098053641584655367e+02 1.076070318676012079e+02 1.117934935069534816e+02 1.162862123652000008e+02 1.184856897344046160e+02 1.267973202172788945e+02 1.308131906831069102e+02 1.193901370434271740e+02 1.111930386573221483e+02 9.872229167114727488e+01 1.137594730960006189e+02 1.219573846142401834e+02 1.238171621187589011e+02 1.137544984093502336e+02 1.053874353455807125e+02 9.873331968224495370e+01 1.043590633661228821e+02 1.043590633661228821e+02 1.127197799193524048e+02 1.123464666821771374e+02 9.544967422646145394e+01 1.123464666821771374e+02 1.062832131061524166e+02 9.212417333865492708e+01 1.024196112416128557e+02 8.411805567967323327e+01 1.024196112416128557e+02 8.671532698103364112e+01 6.676771188571090931e+01 6.418557001981309895e+01 8.089399505041710370e+01 8.777758205922891932e+01 8.191998075099152743e+01 8.509639846928747886e+01
8.250293829579256055e+01 1.025531029998106902e+02 1.098053641584655367e+02 8.973672855138235604e+01 8.754267886790829323e+01 9.171592880580780616e+01 9.619416282353152781e+01 9.839166578954900899e+01 1.142252673782562624e+02 1.218308432311015679e+02 1.301444659981315510e+02 1.267101923733685567e+02 1.185137374694160286e+02 1.267101923733685567e+02 1.297232398407137453e+02 1.094943003566121007e+02 9.535565113586834229e+01 8.542508835557346458e+01 7.880422141335866115e+01 8.438536191939930120e+01 8.438536191939930120e+01 1.043590633661228821e+02 1.039714242249074374e+02 8.378180096940538135e+01 9.847848274695118675e+01 1.068518796634157013e+02 1.121501058352216234e+02 1.124290643470955473e+02 1.041354370897472705e+02 1.124290643470955473e+02 9.502027821512338335e+01 8.671532698103364112e+01 8.411853683530240744e+01 9.242110320264319512e+01 1.020809268090581980e+02 9.385703072970380845e+01 9.333691076455981772e+01
9.668457573574183073e+01 9.481132496653205521e+01 9.647125893899433891e+01 8.816178968141124983e+01 7.339903938803513483e+01 7.756374971536197904e+01 8.203274343227765542e+01 8.780543796336735340e+01 9.413316212526041227e+01 1.017083809470349394e+02 1.159359347936265152e+02 1.360624111298012906e+02 1.269211293864809988e+02 1.185157475529636031e+02 1.195954275805707852e+02 1.136674873653203122e+02 1.137544984093502336e+02 1.053874353455807125e+02 9.023552362774913149e+01 7.031566204889776373e+01 9.023552362774913149e+01 1.056325524743589455e+02 9.634046391088669736e+01 7.611271676327216085e+01 7.825943910945045445e+01 9.517906468706972589e+01 1.120665089022074454e+02 1.036616735526623216e+02 9.537517364285963595e+01 1.036616735526623216e+02 1.075863285987664710e+02 9.612592095893097621e+01 8.790275277254754371e+01 9.612592095893097621e+01 9.061456802812020328e+01 7.399419858807894457e+01 9.061456802812020328e+01
