MOVIE_S11_data/elevation_000934.asc
nrows	100
cellsize	150.0
xllcorner	0
ncols	100
yllcorner	0
NODATA_value	-9999
[rows 68 to 84 of 100, columns 37 to 73 of 100]
1.074734804239631814e+02 9.822867330903511629e+01 8.989546701240323046e+01 8.465840118305868600e+01 6.491781366090248184e+01 6.193562734488511268e+01 6.193562752268115190e+01 5.578105848220911867e+01 3.623982344880907647e+01 5.247492889156678331e+01 5.048171493622276529e+01 3.087412963964752421e+01 3.489099926357852155e+01 5.458903973295500123e+01 6.527349559222818698e+01 7.042527981126902148e+01 7.619982506643070508e+01 8.378810497197304130e+01 9.216809137409539687e+01 1.038353085107597167e+02 1.028000505056953386e+02 9.443228178909147630e+01 7.767679312019313898e+01 6.350019727383243406e+01 8.357660933829824046e+01 8.780081146690503147e+01 1.021161464956108063e+02 1.064104168811057320e+02 9.834543775036829061e+01 1.064104168811057320e+02 1.007992967057163298e+02 8.112206308629103546e+01 6.835061074436964645e+01 8.810700231032173235e+01 8.273234820970732528e+01 6.298926320907407472e+01 4.894449778485733304e+01
1.103812308664392248e+02 1.019165967235241794e+02 9.353363244127864107e+01 9.296907533676930768e+01 8.465840118305868600e+01 8.165775800629890568e+01 6.965636588034864474e+01 5.003401406138745244e+01 5.247492889156678331e+01 3.297749686363424360e+01 4.910781765689643663e+01 2.961541914930961639e+01 4.921748100272960613e+01 4.087964012170993300e+01 4.537425051428146361e+01 5.047250532797892220e+01 5.619621352133935943e+01 6.371140346315920056e+01 7.525657980767631727e+01 9.544238507942870342e+01 9.443228178909147630e+01 7.430772897098906071e+01 7.855750632218142471e+01 5.851610940591418597e+01 7.855750632218142471e+01 7.313135771401967133e+01 9.076266057871008286e+01 8.736475878973433851e+01 9.591012019371024167e+01 1.060458236241337460e+02 1.092277235661137524e+02 9.635515702001592331e+01 7.821021451932436719e+01 9.635515702001592331e+01 8.488602842404627324e+01 6.515030646729321973e+01 5.408866275549021907e+01
9.877417071291395700e+01 9.027068187648930575e+01 7.339004776038596845e+01 8.253956502217127422e+01 7.415655245219136305e+01 7.415655245219136305e+01 7.790511412348838860e+01 6.965602862662390748e+01 6.038994899391396842e+01 4.922172272699112483e+01 2.979046603395207882e+01 2.835474671667936875e+01 4.796138670947053839e+01 6.070829567925778747e+01 5.940558454627995388e+01 7.042527981126902148e+01 7.619982506643070508e+01 7.619982506643070508e+01 9.216809137409539687e+01 9.647546324962381448e+01 9.443228178909147630e+01 7.430772897098906071e+01 6.016817604783000206e+01 5.398628823506056307e+01 6.326662060529411491e+01 7.164554008053829648e+01 5.780884072909774574e+01 6.674141373038064273e+01 7.737772511314102530e+01 9.175072469504210915e+01 1.119619618804387216e+02 1.062789555981026837e+02 9.800379010131905488e+01 1.062789555981026837e+02 9.305221997666653522e+01 8.204762802132449906e+01 6.554675553377050790e+01
9.043269023736645806e+01 8.129818628420900950e+01 6.189715950906217046e+01 7.415655245219136305e+01 5.416940985165269495e+01 5.416940985165269495e+01 6.835448743691198104e+01 6.217014537932809048e+01 5.815129428909666132e+01 4.052269800985015991e+01 2.753787260253827185e+01 2.709082800474408970e+01 4.181896813835287219e+01 6.547138170391623646e+01 7.943988602242794173e+01 7.672650944282078456e+01 8.507978375369616231e+01 9.636740859609005838e+01 9.057065475380017006e+01 7.626041146368253010e+01 9.057065475380017006e+01 8.367525583089494035e+01 6.361923163261328540e+01 4.964762751439966593e+01 6.481772753530984232e+01 5.124671495157815571e+01 5.771729253413753469e+01 6.699790105064376178e+01 8.102786718903858798e+01 1.011681373159182442e+02 1.112820918612809038e+02 1.036713235142493374e+02 9.533508823528278242e+01 9.269339694230355065e+01 1.010446209873836381e+02 9.343154609988251025e+01 8.526973970749418186e+01
7.445081086758409583e+01 7.014488920477673162e+01 5.310729717120808857e+01 6.330400878631288464e+01 6.002350838280793255e+01 4.031859978338583517e+01 5.073452538726625249e+01 4.240479914982248033e+01 5.321132435202693500e+01 4.496708102970489307e+01 2.530557626012529227e+01 4.497477530112892907e+01 5.166925070909937290e+01 5.733789325678827709e+01 6.263265274398587934e+01 5.679478615318559775e+01 7.672650944282078456e+01 9.144577320770663675e+01 8.218126304974742879e+01 6.205911911330728259e+01 7.056373783137134126e+01 7.893086907006599517e+01 7.782509842084246543e+01 6.481772753530979969e+01 4.483494424413576240e+01 6.481772753531005549e+01 7.696235839245827037e+01 8.528385502043086319e+01 9.528477533183701098e+01 1.052736518074923140e+02 9.101416470668323200e+01 9.533508823528278242e+01 7.474814819138474320e+01 7.205519124324568736e+01 8.694476285295684193e+01 9.533532698067467948e+01 9.878926915559934230e+01
5.462560514621387853e+01 5.038363822957307292e+01 4.642667321345365394e+01 4.269814558626403311e+01 5.776089589962072779e+01 5.073452538726625249e+01 3.117684719734269905e+01 2.863015099120531204e+01 4.171477725722228058e+01 4.359426205111016372e+01 2.420668489205397123e+01 2.845185153798899691e+01 3.278080285650354853e+01 3.773381030840449313e+01 4.297104033574500903e+01 5.164794298180216714e+01 6.306195777909695011e+01 8.307264564717037558e+01 8.480429765932827024e+01 6.466510481484606032e+01 5.052508507380917990e+01 6.238299209989763483e+01 6.690180998651835864e+01 5.856387581018211819e+01 4.225047334889884354e+01 6.219385954273705863e+01 7.667028466311739976e+01 7.727251505562172440e+01 9.754798344513312713e+01 9.506123817723728564e+01 7.638858408655127619e+01 9.506123817723728564e+01 8.077792332636163053e+01 6.005191565853768054e+01 6.627056824648614963e+01 8.094962722953401624e+01 1.014183005832900619e+02
6.832866102996389657e+01 7.014488920477673162e+01 6.003313471173150617e+01 5.129644444118575564e+01 3.813535877162882315e+01 3.521962723491924407e+01 5.073452536298717064e+01 4.518396366558286559e+01 2.511522245992122393e+01 3.776417536528821017e+01 2.314472240628432687e+01 4.385011761101741001e+01 5.252197157688196683e+01 4.426621134922859113e+01 5.798159766352478073e+01 7.093728495310051585e+01 7.985812908213488015e+01 8.594806741711252585e+01 7.757098231808710409e+01 7.893086907006954789e+01 6.238299179735111011e+01 4.243584632760477859e+01 5.543968564619270722e+01 3.868165135412215250e+01 4.330027908790403757e+01 4.824979450944219650e+01 5.717223491613022901e+01 7.134825504149750941e+01 9.157494392874477285e+01 8.666954360811062941e+01 6.597291405095940320e+01 8.470239839941781668e+01 7.386925410375363299e+01 5.320597213063175701e+01 7.386925410375363299e+01 8.298356978421347208e+01 9.139494741811095935e+01
8.742122562715421452e+01 8.659635189995677251e+01 7.578635301425796911e+01 6.498771965052252142e+01 4.936558953028914942e+01 5.470902277835688210e+01 5.567686826775649678e+01 4.657691590058745135e+01 4.005170750830099990e+01 2.164783624641228599e+01 4.138772685718767974e+01 5.258313946004584238e+01 6.442038689678248886e+01 7.120936575315077732e+01 7.598036255250980275e+01 7.783788329032559261e+01 6.945116882372305156e+01 6.945116882372306577e+01 5.749688938748636247e+01 6.118055407502616561e+01 5.723266103404605332e+01 3.738733454458198224e+01 3.563484878317552784e+01 4.957799358218397856e+01 6.335566198563854812e+01 6.828339650388323889e+01 5.822881125897495025e+01 7.241057159074584604e+01 9.264801574209388946e+01 7.935218005432685118e+01 5.865974823228527413e+01 6.404900407705302712e+01 6.548654091357342111e+01 4.824698977433702396e+01 6.614362132286088070e+01 6.235892926775643730e+01 7.810865445356778025e+01
8.182067681317768404e+01 8.389021529911445896e+01 7.549309836353000946e+01 7.759701360189873753e+01 6.922941941964762691e+01 6.257027293664678780e+01 4.078420541611274786e+01 2.333539107051181816e+01 2.029103920405660944e+01 4.003248828052576869e+01 3.022105560200368046e+01 3.680046744000928527e+01 4.570562890744638196e+01 5.920062046778606657e+01 7.901454067505243017e+01 6.945116882372305156e+01 4.949323482327527302e+01 4.949323482327528012e+01 6.118055407502616561e+01 4.128714223042038611e+01 4.969508739144291809e+01 3.267940029252319789e+01 5.241947673857436030e+01 6.376623680571704256e+01 7.795448002925007813e+01 8.675626137750397504e+01 6.979557174190746593e+01 8.675626137750397504e+01 9.390881875980497284e+01 7.332261545291477489e+01 5.865974823214365585e+01 4.947464550504699332e+01 4.489435872861530896e+01 4.341762315458777977e+01 4.554627209415081524e+01 5.122753127946504748e+01 5.741192627386460856e+01
6.410081552996688004e+01 7.251907100286587138e+01 5.533113270965808539e+01 5.903092234236132185e+01 6.397783121614717317e+01 5.563141125109401486e+01 5.566708370981133669e+01 3.911404612548136583e+01 1.934126948369427268e+01 3.911165632521718294e+01 4.970090661239105856e+01 5.618188666351461791e+01 6.442038688408079850e+01 7.328006469932554978e+01 7.755120123449459868e+01 6.933411169992477596e+01 5.532908170745633214e+01 3.564771384712901181e+01 4.559452502248422689e+01 4.724982265609891385e+01 2.998073283227440555e+01 3.470831921847696577e+01 5.449376034821011672e+01 6.869772267687254441e+01 7.706077007552030977e+01 8.606457106689705938e+01 9.000713082773789608e+01 9.845740636320775252e+01 9.983783819855328545e+01 7.935217480261802336e+01 7.856175089030647030e+01 7.009118993558080035e+01 5.927783824549744196e+01 3.870484621938282999e+01 5.927783821628970173e+01 7.186835609904242972e+01 7.810865445356778025e+01
4.388113171614009644e+01 5.712272910526198189e+01 5.350251170893251640e+01 3.900004570791961811e+01 4.705399547233421487e+01 3.580983549761658935e+01 4.151358929005468212e+01 3.818243768366935598e+01 1.839683398853866336e+01 3.682147694038410179e+01 3.685180348227588354e+01 5.663645039679616389e+01 7.120441754075557128e+01 7.195530334882931811e+01 6.359893870381023362e+01 4.952659769285450153e+01 5.089150175357668360e+01 3.941808679861046016e+01 2.585511061398490185e+01 2.752467525592177466e+01 3.493581410799394860e+01 5.449376034821011672e+01 4.209815009553576459e+01 4.868149185595164141e+01 5.759205233526433432e+01 7.176972845815126334e+01 9.195684744629654972e+01 9.479014374763742978e+01 1.030479247389378941e+02 8.870643353857155944e+01 8.023085787591737983e+01 7.124917557380241817e+01 5.062775727621178135e+01 3.609863912378722262e+01 5.666507702536775781e+01 6.326046840343329336e+01 6.875230779664374836e+01
4.703811245145600139e+01 3.703314009632695303e+01 3.356559726413941291e+01 3.034679287982392637e+01 2.751205827250644731e+01 2.476054231969633790e+01 2.210582214072686469e+01 3.764071448620360627e+01 1.706510634887917988e+01 1.706421389551672974e+01 3.686310587718402587e+01 4.300027637764300437e+01 6.286300170752879524e+01 6.359893870381023362e+01 4.366488871172295205e+01 4.949170954379544440e+01 3.342895009951729435e+01 2.358765801367828985e+01 4.332546177208128313e+01 3.885813584302734824e+01 5.473222711788901762e+01 4.738968737208818283e+01 6.202564573656558622e+01 5.833922133142954181e+01 7.706077007552030977e+01 8.606457106689705938e+01 9.148253026168333690e+01 7.471860959566178906e+01 9.148253026168333690e+01 8.023124793495478002e+01 5.913033116284884727e+01 6.531006679281567529e+01 5.413153000020471950e+01 3.358258997056025663e+01 5.404498228951468519e+01 4.331953858759177933e+01 4.895119926781003272e+01
5.121012850031711849e+01 4.703811245145600139e+01 5.350251170893251640e+01 4.167198564099309976e+01 4.072037334241667139e+01 3.827892067644380347e+01 3.783921665994931516e+01 1.835019394192910624e+01 1.575046319923876759e+01 3.270663880169442450e+01 2.696283168922769491e+01 4.083622266297672354e+01 6.066915889586687882e+01 6.359892713895212069e+01 4.366488867484396508e+01 2.972928967235338149e+01 3.961305514899223823e+01 2.204901168149607571e+01 4.176502507379343143e+01 5.871301253501015083e+01 6.704406140216644872e+01 5.887509246076506741e+01 7.572657765571659638e+01 7.842835331476388205e+01 8.680839531214999738e+01 8.522067015973743764e+01 8.320183810194549778e+01 6.317633981019785949e+01 8.320183810194549778e+01 8.022981365254227626e+01 5.913031060310478182e+01 4.371513465083754824e+01 3.715415076018127394e+01 3.113543759893013529e+01 3.587713895230803729e+01 5.597907035159075662e+01 6.875230779664374836e+01
7.139700967461720893e+01 5.866257610228552721e+01 7.038490402608508134e+01 6.192780049454677282e+01 5.956906159946247215e+01 5.762193288354565368e+01 4.612143646844504730e+01 3.463459457568302469e+01 1.487808567830055040e+01 3.468544218741920560e+01 4.663693637193879482e+01 5.491404572003040130e+01 6.087704667378015699e+01 5.837255909221832439e+01 5.007069288622084713e+01 3.961280306361093295e+01 1.994617541006835637e+01 3.864516856552542379e+01 3.339186710190237051e+01 4.475144748780217441e+01 6.463181315738499677e+01 7.896726010681226171e+01 8.735238272184609798e+01 8.934827040868447057e+01 7.934607899536526077e+01 6.519909224920340307e+01 6.718483757343814489e+01 5.613819976313909166e+01 7.612175528257836277e+01 8.515238212912176152e+01 6.487955348710417525e+01 6.392196258957009292e+01 4.969673087725853833e+01 2.890398748528294703e+01 3.607796862707170504e+01 4.995810107247556431e+01 6.843799448506877070e+01
8.729234722058833995e+01 7.887971817971525468e+01 7.235256142668804102e+01 6.337885417036006430e+01 5.504061398229553959e+01 4.801264290806980028e+01 4.321397162282164572e+01 3.382403645294142081e+01 1.400819749531069647e+01 3.264097742709110150e+01 4.087684939956557884e+01 5.506504493824903790e+01 4.102764651922579731e+01 5.007036728600144926e+01 3.029755160181546358e+01 3.608864589897202535e+01 1.851184831458079572e+01 3.814696524154300050e+01 5.314215831332618478e+01 6.145203390791647280e+01 7.297373421884610423e+01 7.425693749575664526e+01 8.263054559141478705e+01 8.106875239037846370e+01 6.105780090834868901e+01 5.107803675803455690e+01 4.720037247773397127e+01 6.718483755689877057e+01 6.430124017560082450e+01 7.257983538841433813e+01 6.665524727279621686e+01 4.910748640887381811e+01 3.741100958761560946e+01 2.697722128823152588e+01 4.723654225251828365e+01 4.845104651660582107e+01 5.909676437419076933e+01
9.057158200627419831e+01 7.561458065986874999e+01 5.548492045827254771e+01 4.397520744111108115e+01 3.516250996402374795e+01 2.822721433637321908e+01 2.344144680005205217e+01 1.899758924895595413e+01 3.189449086496821550e+01 1.281579886217785713e+01 3.146250563097013853e+01 3.930523246736178322e+01 2.710719740035602499e+01 3.289988516739247615e+01 3.421008604417917809e+01 1.644919934157409003e+01 3.608855149486958425e+01 4.481365052980186192e+01 4.884407038941707668e+01 5.379205040987687880e+01 6.008025964324484391e+01 5.420808740734017306e+01 7.425693749575664526e+01 8.934827040868447057e+01 7.934607899536526077e+01 6.164214421534006050e+01 4.160394896543509446e+01 5.597448671776090379e+01 4.428049141537127298e+01 6.102667659016612589e+01 6.271774709118825797e+01 5.443598990277192229e+01 4.534399437243469322e+01 2.509779432997874693e+01 4.030314899517352956e+01 6.212169131523872068e+01 7.410354285189947632e+01
8.910711253256660314e+01 8.398951232778776443e+01 7.111977103945395129e+01 5.103899111115861587e+01 3.958418733004886292e+01 4.801264290806980028e+01 4.321397162282164572e+01 2.497681878979240722e+01 4.058452703387241201e+01 3.146485697288489547e+01 1.162869940731978247e+01 2.917614389282229936e+01 3.101568378362312473e+01 1.267651467571213431e+01 1.438548180321678593e+01 3.421609510648573149e+01 2.140858533277451770e+01 2.509367811918723135e+01 2.909928771704536743e+01 3.400013032803759216e+01 4.019519606210073448e+01 5.007378555308922330e+01 6.418917501481705301e+01 8.432469997669639383e+01 8.308157110681997892e+01 6.992339820036251297e+01 5.597448671776090379e+01 3.587182165095358499e+01 3.262794969355577734e+01 4.843832606795255202e+01 4.555517627265256664e+01 3.435140435402064440e+01 4.095177759213263613e+01 2.325295650517197288e+01 4.348018062085023416e+01 6.191821119803550744e+01 7.198596484784617644e+01
