MOVIE_S11_data/elevation_000681.asc
nrows	100
cellsize	150.0
xllcorner	0
ncols	100
yllcorner	0
NODATA_value	-9999
[rows 0 to 16 of 100, columns 0 to 36 of 100]
8.271705653423140625e-02 2.127631151761726416e-02 9.425194436011796739e-02 4.939197167322698090e-02 3.975871534419905817e-02 6.171646774684565184e-02 1.696294146011132625e-02 1.936121709489252440e-02 4.216450047424835645e-02 2.297044857093000214e-02 6.704298068806634203e-02 4.162315340452049650e-02 3.835349583220235004e-02 2.777463300387698203e-02 2.207885817162396139e-02 7.161913568127860341e-02 9.025521335945362045e-02 3.502399586135773735e-02 8.040414306008919487e-02 3.131346976591601466e-02 7.604099264847130613e-02 2.387740603804927586e-02 5.687112022313325910e-02 4.074439634684711570e-02 8.709178300582484655e-02 7.612946965408906586e-02 1.077918208624280109e-02 9.929772718869623455e-03 4.600412614040166881e-02 2.152795518990661267e-02 2.378824418737431057e-02 9.511189423522797837e-02 9.406546861214974686e-02 1.749038473908382007e-03 2.223905489293687143e-03 6.269637160239108220e-02 9.476101746191394060e-02
7.813061968023242432e-02 2.002127631151726206e+01 2.009425194435976181e+01 1.419152759540430253e+01 2.003975871534384368e+01 9.005988377745925533e+00 4.099445846098723756e+00 2.001936121709453786e+01 2.004216450047389131e+01 2.002297044857057529e+01 7.626332440872643836e+00 2.004162315340416356e+01 1.418048911956327807e+01 2.002777463300352068e+01 2.074035562341927985e+00 2.007161913568092260e+01 2.009025521188874563e+01 1.417715961959243387e+01 2.008040414305855492e+01 3.953636172529588766e+00 2.007604099264811737e+01 2.002387740603769473e+01 2.005687112022277674e+01 2.004074396641753353e+01 2.336664875168635191e+00 1.277813005904045784e+00 2.001077917788152405e+01 2.000992977163907227e+01 2.004600411475236754e+01 1.416366357892098193e+01 1.157079362797999167e+01 1.423724751796605226e+01 2.009406546861179521e+01 2.000174903847355168e+01 4.474359860488891449e+00 2.006269637160203700e+01 4.177243922100561946e+00
2.526786264046545702e-02 1.416740348637129010e+01 3.416740348637058133e+01 3.419152759540500597e+01 2.900598837774557026e+01 2.314812400147662430e+01 2.409944584609836937e+01 1.012967273765394438e+01 3.012967273765358911e+01 3.591060368833554861e+01 1.762633244087282236e+01 3.591060368833554861e+01 3.418048911956397973e+01 2.413608730983568762e+01 4.136878054859506548e+00 1.827885119744179576e+01 3.827670249623053422e+01 3.417715961959515880e+01 3.211856492463213897e+01 1.211860198180228210e+01 1.044249301776003414e+01 3.044249061189722028e+01 3.851364819149021201e+01 1.746966991355451881e+01 2.636390183450312463e+01 2.127721431598585156e+01 2.983418730833033550e+00 2.196154014788091757e+01 3.257445672866048625e+01 3.416366357892168537e+01 2.571292925171119492e+01 3.423724751796534349e+01 3.114112060954612105e+01 1.114102652715848940e+01 2.447438723047093134e+01 2.834753220324378731e+01 8.347532203242094440e+00
4.163169627051844027e-03 2.000416316962669683e+01 3.820856651441469154e+01 4.649216456191832236e+01 4.900598837774485617e+01 4.314812400147732774e+01 3.512967273765318765e+01 1.512967273765390175e+01 2.427180836138464670e+01 4.427180836138393261e+01 3.176846806460402561e+01 4.591060368833572625e+01 3.910799196337297445e+01 2.624377603888721566e+01 6.245063161638417348e+00 2.624377603821041305e+01 3.860579401538974764e+01 4.860466083781555113e+01 4.039724349253710045e+01 2.366560733385627913e+01 1.529320551848665133e+01 3.529320338810108382e+01 4.674549313667311168e+01 3.007610843491688613e+01 4.296051408615310407e+01 2.297950255145263299e+01 2.298188467508870403e+01 4.704744577523238824e+00 1.884490191517931379e+01 3.884163368621879187e+01 4.571292925173563759e+01 4.747140104279753103e+01 2.747097383378647351e+01 1.668802848942521777e+01 3.668821600882616707e+01 3.281966815824490880e+01 1.281966815824171135e+01
5.883922493566802470e-02 2.005862711961003697e+01 1.820867258163472258e+01 3.235080444065840055e+01 5.235056262049756981e+01 5.461703319963203995e+01 3.461703319963275050e+01 2.047489757590229686e+01 4.047489757590158632e+01 4.427180836138393971e+01 5.176846806460473260e+01 4.395080028831664265e+01 3.082991908718722840e+01 1.083337782685710238e+01 2.624376866543006059e+01 1.032754606493524641e+01 2.032748801038480835e+01 4.032374608410270866e+01 4.366549546296532469e+01 4.045717950013185771e+01 2.045718331342978402e+01 4.045718173778622884e+01 5.824566701018351722e+01 5.003954190219175047e+01 3.671221933649252378e+01 1.656514114149763017e+01 6.565712115538224758e+00 8.085335807587387791e+00 2.808168103131129811e+01 4.128361691866462735e+01 5.282700382337852574e+01 5.575755156594417628e+01 4.271860091845074692e+01 2.271825538112249276e+01 4.271860091845074692e+01 3.816489299649641964e+01 1.816489299649029121e+01
1.256007409845548775e-02 5.559562036350722103e+00 2.555968020541929775e+01 4.538821069939280051e+01 5.538677356112314243e+01 6.047489757590088288e+01 4.047489757590159343e+01 2.754596538776764802e+01 4.754596538776693393e+01 6.427180836138252573e+01 4.980761322210450004e+01 2.982444495502306836e+01 1.568409002123932083e+01 3.082991908352859411e+01 3.341086770066807077e+01 1.341361306004698228e+01 3.341086971323398558e+01 4.860560843586887358e+01 6.366445590220632056e+01 4.678173632942696969e+01 2.678173863376611763e+01 4.045718173778622884e+01 6.045717817791167192e+01 5.714073304194236158e+01 3.670117590413396158e+01 2.789083294730833984e+01 7.896090664062089814e+00 2.788950045515445098e+01 1.300862232605000024e+01 2.455280375434979589e+01 4.454900861457558392e+01 5.826837612792126464e+01 4.978999584708430604e+01 2.978932319690339625e+01 4.978999584708430604e+01 4.393839568839763388e+01 2.393839568838664889e+01
9.594114293757748102e-02 2.009572575325588417e+01 1.710656738248822251e+01 2.710656715452512344e+01 4.124868549617698932e+01 6.124754789948867284e+01 5.583023663522854463e+01 3.754596538776729631e+01 5.583023663522854463e+01 6.475630143926326809e+01 5.323584634436478069e+01 3.932567367188767804e+01 1.933557294701091323e+01 3.932567367058793195e+01 3.661252854286690450e+01 1.661617611714953924e+01 2.556038222334270316e+01 3.970037350015655164e+01 5.968548940965576577e+01 5.385280288101650825e+01 3.385280644561508012e+01 5.385280288101650825e+01 6.248194665871488240e+01 5.419760715100425585e+01 3.942185991708059589e+01 2.908335657602621183e+01 9.235385546949462565e+00 2.922831443190273859e+01 3.300419926408606131e+01 1.845082184318188112e+01 2.999458663557322069e+01 4.999143284413519694e+01 5.807940115072705822e+01 4.133633419163671618e+01 5.807940115072705822e+01 5.060506235507389050e+01 3.060506235505343398e+01
7.711341127313005306e-02 2.007711341127277649e+01 3.016627502396420368e+01 3.593977771592198422e+01 4.260644438269515888e+01 5.089071567984924371e+01 6.089071570720171422e+01 5.168810101149774994e+01 6.583023663522719460e+01 5.650170246871079627e+01 3.653697729947738537e+01 2.499240998198737884e+01 3.932567367188767804e+01 4.759469367653267824e+01 4.014672469712170511e+01 2.015170990524877581e+01 4.014675958248622578e+01 4.555387842724974234e+01 6.553487464411426799e+01 6.213714866153926408e+01 4.539981178305793463e+01 6.213714866153926408e+01 5.419760715180476751e+01 3.420321904283395753e+01 3.114206168971793787e+01 1.115101380845977452e+01 2.922840467264223463e+01 3.751082039507551258e+01 4.672564989010287206e+01 3.844624830267840565e+01 2.462106376764185711e+01 4.461715044177118017e+01 6.356652822549241222e+01 6.133886503474367657e+01 6.964043078975797130e+01 5.888933363003647514e+01 4.060506235505378214e+01
2.297228869525369793e-03 5.002297228869545975e+00 1.016627502381281367e+01 1.593977771570912161e+01 2.260644438237590492e+01 3.260644438237625309e+01 5.260644438301478942e+01 7.168810101149632885e+01 6.313841160312209411e+01 4.319996744187136528e+01 3.165887795524689707e+01 4.497506405655548889e+01 5.323588573041276817e+01 5.627170600898860897e+01 3.645537467625732120e+01 4.014675958248622578e+01 2.580855807146222602e+01 3.994956331117570159e+01 5.994287922398589785e+01 7.368420303830480123e+01 6.539980345879175161e+01 6.682591166060119292e+01 5.419760727608196760e+01 3.420321904284645598e+01 2.007098944690507025e+01 1.251496742695338327e+01 2.989045819726037578e+01 4.622440868628100219e+01 5.705017199038826448e+01 5.038983343470653864e+01 3.039274947578454444e+01 3.530872826782403706e+01 4.425157605879672928e+01 5.839322342393807475e+01 7.837980713017840628e+01 6.888933367510155392e+01 6.060506235511496698e+01
9.647730019007895452e-02 2.009647730018908618e+01 3.016627502377579972e+01 3.593977771592198422e+01 4.260644438269515888e+01 5.089071567984924371e+01 6.089071570720171422e+01 6.699192077193609407e+01 7.137687774681356245e+01 5.987370277229684490e+01 5.162694550608700439e+01 3.982207581240981398e+01 5.975849149173790664e+01 6.438431878263143915e+01 5.425073924757669630e+01 3.433569672276593110e+01 3.287946026025153401e+01 4.213140104757022897e+01 5.625141081979587199e+01 7.615575161187068431e+01 7.267869950268139689e+01 5.270480374349951092e+01 3.857656610783056550e+01 2.858685423328995867e+01 3.383795158446877593e+01 1.390839736764244172e+01 1.979091504353091580e+01 2.696767762334714646e+01 4.842598830799741449e+01 5.867343657988357108e+01 5.039018028584516173e+01 4.039069956164203745e+01 6.038817035126309918e+01 6.424715825874326924e+01 8.421596570455895403e+01 7.090562320834841614e+01 6.266993917247473433e+01
3.582433992925927735e-02 2.003582427798342280e+01 3.128382378285953891e+01 4.471317626806813195e+01 4.826564763681592751e+01 5.520068202187592732e+01 4.687440714489403604e+01 4.687407983900361330e+01 6.419292355160526142e+01 7.580524618413281246e+01 6.797959075881524882e+01 4.981139944504535322e+01 5.244813243674013137e+01 7.226800001174736110e+01 6.081940565351693095e+01 4.099968511101850055e+01 4.698942635911761556e+01 4.550872509152885215e+01 6.525467573930775700e+01 7.626139601752733199e+01 6.470555107289858654e+01 5.575974439230856916e+01 4.747098746756006449e+01 3.593278411969799890e+01 1.593966823749560824e+01 3.390410975558822315e+01 3.918445445899277502e+01 4.760040523434501836e+01 4.842599009513622121e+01 6.946133470314032365e+01 6.865625949989077981e+01 6.038822420358754783e+01 5.453203820165526849e+01 7.452630787323204231e+01 7.451955463513471045e+01 6.266993917247473433e+01 4.286790386556557308e+01
1.813270376062421294e-02 2.999556673760349401e+00 2.299955667392168124e+01 2.467378158403156618e+01 2.821223052480264926e+01 3.789228652191945912e+01 2.679001412479017930e+01 3.575310938596252441e+01 4.736098100586779935e+01 6.749575456556189579e+01 7.791610453498878996e+01 6.389714413641902269e+01 6.648742787188885472e+01 8.040482746702102190e+01 6.827143780734431289e+01 4.854689888723331848e+01 6.671252239453431798e+01 5.953416282546807281e+01 7.331323417566829903e+01 6.796930941746254007e+01 4.795547235646651529e+01 3.641642645468361650e+01 2.748477119065720586e+01 2.041641489403997412e+01 3.593278404827001538e+01 1.828304580204724061e+01 3.826960120374991448e+01 4.868251187465944696e+01 5.381371991219725004e+01 5.899042270860065429e+01 6.476463287618811648e+01 7.265709781553758262e+01 7.452630787323204231e+01 8.278048079812627691e+01 6.625593609827168962e+01 4.637329827381476832e+01 3.480624065907903741e+01
2.372884694381488524e-02 2.002372884694345956e+01 7.363914478480215742e+00 1.052619214054176133e+01 1.406172616434338885e+01 1.784137479799069581e+01 2.338873748126039942e+01 4.344463015627859193e+01 5.953207382770730760e+01 6.783492846880376703e+01 7.942023300802088670e+01 8.372839676994324520e+01 8.601709458999917501e+01 8.365530156789388627e+01 7.635217859770159521e+01 6.000422288556092099e+01 7.635217859770159521e+01 7.906554976934926060e+01 7.384544294018530763e+01 6.381261960270366984e+01 5.549574650463300429e+01 4.556986131209245627e+01 2.558047204064704516e+01 4.040479292842427128e+01 4.655009880674217726e+01 3.823490053916334830e+01 2.066047880915752089e+01 4.035712140857317110e+01 3.431474952730178529e+01 3.966563188460005307e+01 4.567679981757891738e+01 5.917897486878496949e+01 7.824960419243848264e+01 7.998587005386053761e+01 5.861181628211800643e+01 4.651121616817672333e+01 5.477668979812168715e+01
8.175220331382776484e-02 2.008175220331347077e+01 2.736391447868657423e+01 1.947002291287257947e+01 3.408583165042985286e+01 2.935832737738055798e+01 4.314935746288658436e+01 3.234291258370536326e+01 3.943336829261968290e+01 5.104214837218929546e+01 7.112952767618115502e+01 8.029249194181277005e+01 7.209705489905599052e+01 6.330230258597887882e+01 7.747074263295995422e+01 7.953539639346149670e+01 8.754424115130400708e+01 7.973155756904532154e+01 5.963784868251419624e+01 4.546833325303123985e+01 3.547586271036701078e+01 3.111969129938015755e+01 4.556986131209245627e+01 5.386460813859056174e+01 5.368375484882550097e+01 4.233759770796200428e+01 2.235947907124002754e+01 2.718063059222009414e+01 4.702551797869667638e+01 5.899042271301861717e+01 6.476463287618811648e+01 5.821453050869671131e+01 7.470144704591044160e+01 8.778718509170124662e+01 7.522527312652695741e+01 6.685575868461658899e+01 6.614172176704499861e+01
9.124702163186203252e-02 1.423338264536293707e+01 3.423338264536364051e+01 3.942596220908844629e+01 3.571781691767135669e+01 4.921894479464523897e+01 5.721253717941499417e+01 5.242610833924126013e+01 5.953207382770730760e+01 6.783492846880376703e+01 7.352867059333655675e+01 6.528487754992796965e+01 5.217975892623376666e+01 4.916717429568596742e+01 6.908590107260994273e+01 8.815162579925150510e+01 8.898382760240833989e+01 6.798300971197016906e+01 5.364500162870534439e+01 4.363213660897935853e+01 4.961848823619937576e+01 4.265475043494452478e+01 5.942842375129175281e+01 6.300242774345765184e+01 4.525682724996902806e+01 2.523153513358037969e+01 4.222958364880334159e+01 2.841862036755741983e+01 4.847421093095627498e+01 6.142186119529927879e+01 6.974340321083592187e+01 7.636953438984286890e+01 7.828122385274403428e+01 8.442206672296934755e+01 7.299434047973122119e+01 6.480029938503383846e+01 6.736895884165180348e+01
2.239863785106879432e-02 1.416453426158214413e+01 3.416453426158285112e+01 4.402617146734124987e+01 5.532425531859519907e+01 6.335535989702828630e+01 6.575844962687330053e+01 6.575844962687330053e+01 7.411904963824622428e+01 7.352867059601159383e+01 6.201883888228768171e+01 4.533545587416031708e+01 4.065809028259150182e+01 6.049282894000394606e+01 6.067660502229798425e+01 7.462966797615038672e+01 9.363513011345118286e+01 8.238904721098123218e+01 7.131037718125402591e+01 5.119384345998352615e+01 6.968470312585485260e+01 6.268947396777641501e+01 7.100207394921569914e+01 5.476048791805858684e+01 3.482984065852441802e+01 2.729178056810523501e+01 4.724636678324115735e+01 4.846923112455883853e+01 3.499314515483557386e+01 4.117740770012388651e+01 5.420217104921888307e+01 7.270133147521083572e+01 9.427794991686070603e+01 7.623438398353953005e+01 5.642996852089386550e+01 4.493903407459112742e+01 4.751967058210777139e+01
1.766589122093755945e-02 7.576955351405449512e+00 1.574192116068264014e+01 2.988405678355615080e+01 4.988405501533105024e+01 5.959631320614411010e+01 4.507357677404205276e+01 4.507357677404205276e+01 6.575844962687330053e+01 6.528487754992852388e+01 4.533545587416031708e+01 3.382372682053610191e+01 5.376707357524642816e+01 6.877827882299460782e+01 8.029611290271459723e+01 8.815162579925150510e+01 8.189435141884105462e+01 9.020344054278670853e+01 7.966806207532050621e+01 6.278292225703357587e+01 7.966806207532050621e+01 7.982247515088953094e+01 6.030508598230541395e+01 4.889413770028071582e+01 4.943268262983652050e+01 2.945576763791860131e+01 4.943280985582417486e+01 6.272642886134414653e+01 4.264207827452552380e+01 6.141594157935903553e+01 5.553895584110779282e+01 7.561768824940141087e+01 8.515484808893600643e+01 7.696913643094977431e+01 6.736895884166028736e+01 4.751967058210777139e+01 3.341629046430534089e+01
