MOVIE_S11_data/elevation_000773.asc
nrows	100
cellsize	150.0
xllcorner	0
ncols	100
yllcorner	0
NODATA_value	-9999
[rows 68 to 84 of 100, columns 0 to 36 of 100]
5.009162696260269221e-02 2.550091626962608160e+00 5.069854780357467838e+00 7.673632999973955648e+00 1.047419316802999845e+01 1.342303229112796714e+01 2.158780297112221191e+01 3.052869891390721691e+01 4.618945233365733571e+01 5.085721983565609605e+01 4.257612150108783311e+01 6.273665276278297398e+01 6.841998621492658117e+01 8.903067228189249249e+01 8.562420347366111173e+01 7.740541177058932476e+01 7.389193042696709313e+01 5.561692087714583010e+01 7.389193042696709313e+01 8.676700418318056052e+01 7.848980629249564345e+01 6.302421160515536513e+01 4.281871487660919229e+01 5.134052749015251749e+01 7.140846033476343280e+01 8.729620414727386901e+01 7.322364243950950424e+01 5.309396337177911818e+01 7.322364243950950424e+01 7.422828933819361907e+01 5.403254287406466716e+01 6.256826968064335404e+01 4.727675125004851964e+01 6.737103998363505752e+01 8.259283094676374049e+01 9.214893106354610097e+01 1.024461355601144277e+02
4.695337527364121244e-02 2.004695337527328647e+01 1.921199040408795966e+01 1.661790490997326941e+01 2.461632879176120170e+01 3.342303229116243557e+01 2.497162826105355649e+01 4.499415713244202664e+01 4.458572446345485929e+01 6.404766185839268644e+01 5.414626340016118178e+01 7.103707155056811473e+01 8.078750170893265192e+01 7.262286375327731491e+01 7.730419888605430856e+01 8.549137351404820606e+01 8.388686503632881397e+01 7.566741754516218066e+01 8.388686503632881397e+01 8.602133990697215893e+01 6.620605405967233992e+01 5.456407325736744696e+01 4.827436234846329910e+01 6.840411390770138667e+01 6.777329764247444643e+01 8.758307944745155282e+01 7.989546365363182190e+01 5.988000001126489735e+01 7.989546365363182190e+01 8.272345801808715748e+01 6.560265978190648184e+01 6.363647189593005038e+01 6.142003284695812226e+01 5.392746769413295027e+01 7.409009926602429630e+01 9.093134947490578668e+01 1.012236222033445472e+02
7.614146464036156137e-02 2.007614146276959488e+01 3.921199039339663273e+01 3.661790491005341153e+01 3.294783652852875377e+01 5.290060006587474817e+01 3.913400541889912887e+01 4.502800984807868900e+01 6.407794910134019517e+01 7.201421166797022977e+01 7.416812439521652323e+01 8.239216838149572197e+01 6.961564283030496370e+01 5.342214797791308456e+01 5.799380136252486295e+01 7.154005618470105787e+01 8.055676866358541588e+01 8.067975344389471104e+01 8.877170519867311782e+01 9.414210352318451669e+01 8.273719160491955904e+01 7.458097798924696065e+01 5.998508400233854587e+01 5.785508658696862483e+01 7.781179778797843483e+01 9.571066646632827712e+01 8.807774163317715477e+01 6.995089965515406050e+01 8.807774163317715477e+01 9.453506159887999161e+01 8.601111843571567306e+01 7.796375913224372312e+01 8.173804212277940451e+01 6.545841711548617070e+01 6.203777502582131831e+01 7.211267884294302632e+01 9.268610052892562123e+01
2.352828262072655108e-02 1.416566390635180106e+01 3.416566390635250627e+01 4.546137351906754986e+01 5.294783652898992443e+01 6.123210785075458062e+01 5.925739527769096782e+01 6.517827260452290261e+01 6.334337503039197514e+01 6.334496969554072621e+01 6.334501005006597296e+01 7.160739539834898437e+01 6.153732533173725727e+01 4.240026772069715832e+01 5.383111459768400664e+01 4.985112079822872033e+01 6.736730377664693492e+01 6.185310578451006336e+01 8.067975344389471104e+01 8.120894132350095163e+01 8.932976801231180275e+01 8.803866342856497340e+01 7.990472263364797811e+01 6.946248565418162002e+01 7.203525648257387104e+01 9.175760215109478679e+01 9.799164070669885973e+01 8.984002765210982488e+01 9.799164070669885973e+01 1.012092301414806599e+02 1.038506430014151505e+02 9.853167557552902167e+01 9.441382789868262648e+01 8.588119636105213317e+01 7.101522139204767825e+01 9.093134947490578668e+01 1.012236222033445472e+02
6.786455232800275850e-02 8.232830361605333991e+00 1.717710227160464953e+01 3.131923789533585278e+01 5.131923789533655622e+01 5.675673482974574569e+01 6.146173002034991839e+01 5.752333743341404926e+01 4.344524285879806058e+01 4.344529800732580327e+01 4.344529808424039174e+01 6.334500926162770185e+01 5.640639764015611490e+01 4.670035353382083798e+01 3.315834723632003289e+01 5.296588245781686766e+01 4.879370502156042733e+01 6.422681092701579075e+01 7.035688850263390748e+01 6.241263275642555186e+01 7.304948829913855946e+01 9.235496143576578731e+01 9.732675231552516948e+01 8.921717026687062457e+01 9.175760215109478679e+01 9.986716968944055850e+01 1.019306329045699187e+02 9.671207354873205020e+01 8.811224976727942249e+01 8.102069651690322871e+01 8.364561660273935217e+01 9.794593758888903778e+01 1.041026616204794237e+02 1.001332115819209605e+02 8.548703620271520265e+01 1.001332115819209605e+02 1.137315508254463907e+02
3.257643153035955086e-02 1.417471205526143407e+01 3.417471205526214106e+01 4.546137351906754986e+01 5.090339421838432798e+01 3.676847020200811045e+01 4.150775152933674406e+01 4.150775152933674406e+01 2.935573175360038789e+01 2.935573205108827466e+01 4.927377690141799604e+01 5.335515325966671440e+01 4.522981817054996156e+01 2.924181467935686740e+01 4.618611961819545542e+01 3.777859085252824656e+01 4.171753606097006184e+01 4.575612084718559913e+01 5.196665459158665357e+01 7.035688850263390748e+01 8.784883018076973826e+01 1.005614995883356073e+02 1.029562795238656747e+02 9.457215887965703871e+01 1.029562795238656747e+02 9.605761309450714691e+01 8.181731692459233329e+01 8.518650321273891279e+01 6.848030723099087425e+01 6.686502807349363309e+01 6.946717095964001487e+01 8.759950563355839392e+01 8.389050596372247526e+01 1.041026616204794237e+02 1.062262148415705383e+02 1.123953307665856869e+02 1.023305485788334153e+02
1.880098487986705744e-02 2.001879561188416545e+01 3.985956683146977042e+01 3.996692102065925667e+01 4.262252623971062349e+01 2.263208896400247383e+01 2.997963948817128355e+01 2.152229928084709698e+01 1.936656137815618095e+01 3.728711974983439603e+01 4.033820077667515847e+01 4.165854534119784347e+01 2.549666065231774681e+01 4.522984991657251186e+01 5.546866661081602956e+01 4.638852977050905224e+01 6.037540580779016608e+01 6.422680533283859461e+01 5.364519213687613330e+01 6.101026894534252420e+01 7.407524919684884424e+01 9.341215812629158677e+01 9.287526299412475339e+01 7.444285892613183364e+01 9.287526299412475339e+01 8.770837078297995504e+01 6.761725723722808823e+01 7.468605310452316814e+01 5.783541966342559704e+01 5.534931797759197281e+01 6.088107529194549983e+01 6.752386084810430589e+01 7.906952847911675519e+01 9.925167112022654692e+01 1.113883947225143203e+02 9.346708080065721447e+01 9.351850429168175083e+01
2.900726248362994752e-02 1.157601264587844092e+01 3.157600220415064030e+01 1.915555912003494754e+01 2.637729627240776153e+01 2.783592777219330117e+01 9.984339543706648001e+00 1.152280108185008523e+01 3.151829625489331832e+01 1.712791800095542172e+01 1.948493913276698564e+01 2.187539104488093500e+01 2.942256048801543500e+01 3.931828785714017727e+01 5.309850758069014631e+01 6.494054552999988061e+01 6.148910285514296703e+01 8.010095804971776090e+01 6.411159596576929687e+01 7.973889493788792038e+01 8.784897274387482469e+01 9.209221669150771561e+01 8.450750890289442907e+01 6.443237420314127917e+01 8.450750890289442907e+01 8.921010992200629630e+01 6.911639820054782035e+01 5.487813147545740833e+01 4.918777016278376379e+01 6.920011635908078063e+01 8.090762403840699335e+01 8.090762403840699335e+01 9.598294684020328305e+01 1.076514794705969109e+02 9.909199649058943749e+01 8.579983960271259491e+01 7.412057865803080858e+01
5.081304048347550645e-02 2.005081112502493212e+01 2.287666607945471853e+01 4.923253221126821622e+00 6.381903136104739360e+00 7.852332380288677527e+00 2.784812445935522618e+01 2.961683829848497140e+01 1.383993886196373957e+01 1.630176865596776281e+01 1.880176915234114787e+01 3.863061355869375291e+01 4.907070408355365743e+01 5.716973040244588589e+01 6.680973696957050834e+01 8.052096635814319825e+01 8.029770430958009797e+01 8.838367937077845227e+01 8.299571687858909286e+01 9.113231965207017993e+01 9.209221669150771561e+01 7.197195385243220755e+01 7.566409087603533123e+01 5.776588185180315094e+01 7.781579733630998419e+01 8.679755446671502739e+01 7.847355867165656207e+01 6.542849868722504425e+01 4.541274101031879695e+01 5.955201730744514776e+01 7.961557973332244842e+01 9.228006168931088382e+01 1.094758918138294064e+02 9.806813555803272209e+01 8.978368351145859094e+01 7.213509808570296400e+01 8.005443051530073717e+01
4.469920835086939326e-02 1.458912770723963082e+00 2.876675180740631887e+00 2.196212677393738133e+01 2.627828443247239676e+01 1.673306522443847655e+01 3.545702749374333962e+01 2.451367552528625637e+01 3.383811959158794025e+01 3.621395422660835806e+01 3.564887273842164461e+01 2.242333013173624323e+01 4.224274499805061112e+01 5.422738151242489835e+01 6.770882493967654625e+01 6.922531660835396394e+01 7.736153665709117888e+01 7.789083490734269333e+01 8.607056005824298950e+01 9.996508892037725502e+01 7.980116764507370419e+01 6.562113830077230148e+01 5.561875727890370769e+01 5.173847277769525022e+01 7.177052035990580237e+01 7.847363381110780267e+01 5.841723427355219656e+01 6.230183933067618796e+01 4.229118647532706632e+01 5.228466369168612715e+01 6.383333413209228269e+01 8.391409034735899297e+01 1.038739567735409395e+02 8.997224050203185186e+01 7.026059581826260114e+01 6.213560861524336332e+01 7.514220334089711173e+01
2.324776005098762310e-02 2.002324774193084522e+01 2.287666645062014936e+01 1.704406402356094574e+01 3.677126127951310508e+01 2.790699685636299776e+01 4.410901837500103539e+01 3.341619569515039245e+01 5.267306153291228554e+01 5.329404870401747019e+01 3.388115951126535208e+01 4.224274499805061112e+01 2.634679370222900019e+01 4.612073368366404935e+01 4.827208636007165410e+01 4.984714467466628207e+01 6.416735154218487480e+01 5.848289860933489592e+01 7.789083490734269333e+01 9.332179804930296996e+01 9.407600183444604625e+01 7.779300754764234682e+01 5.773866936172501596e+01 4.619458727836280332e+01 6.076586452070270639e+01 6.909303429270462971e+01 6.364820262799585748e+01 4.427332809182400553e+01 3.936972548568208197e+01 5.938513953954854685e+01 7.835660766586480008e+01 8.670806078704782749e+01 8.370105977898224126e+01 8.783507555810662382e+01 6.809643647814507972e+01 5.379926013418597108e+01 6.602862570343728521e+01
8.699724428260374731e-02 1.422976352984986903e+01 3.424355982371434948e+01 3.702197012502980300e+01 4.513235900435662273e+01 4.703956818927178318e+01 5.528675977154491505e+01 4.487113679233426922e+01 6.157888625306514996e+01 5.332692489513921430e+01 4.764796782900729966e+01 5.422737910382980431e+01 4.612073362469813986e+01 3.047651579305908598e+01 3.433205047780690933e+01 3.850702632327454467e+01 4.478250183919600858e+01 5.449301390572479420e+01 6.559643569514585693e+01 8.510491489774658191e+01 9.034855299642632076e+01 8.614817799373599883e+01 7.455004386809824268e+01 6.076586451285728430e+01 4.074756515045633876e+01 5.576128967817599147e+01 5.534023046485088315e+01 3.530717712935118158e+01 5.534023046485103947e+01 6.197552966235237193e+01 5.829396639319738682e+01 7.539394253711516569e+01 6.950563911733742373e+01 8.960956451251074384e+01 8.201344500377273050e+01 6.602862570343728521e+01 4.561087387114081793e+01
2.249585233037712170e-02 2.002249585233002094e+01 2.985345176196184624e+01 3.540045363906666864e+01 4.172500903295809849e+01 5.000927772203610999e+01 5.895354844073848710e+01 6.480099903747786527e+01 7.310552833102158843e+01 7.279164419627649352e+01 6.703714006432934980e+01 6.842584605608884374e+01 4.899551648334023213e+01 3.507187032196764420e+01 5.396497528588773918e+01 5.803732382603649143e+01 4.835154683036891754e+01 5.951484111558557544e+01 7.893579210112221745e+01 9.018890485300862281e+01 7.022411122393783955e+01 7.022411122742457223e+01 7.857403449393292760e+01 6.909303429298378774e+01 5.576128967817599147e+01 3.572175210201577755e+01 5.103792537422310716e+01 3.264440360033837152e+01 3.693187525780240321e+01 4.195510864307136245e+01 4.828257752284534376e+01 5.535063415999247383e+01 7.539394253711516569e+01 7.887425838597989980e+01 7.066730059506591033e+01 6.093805403941590271e+01 4.030610042146354033e+01
2.739267172789772165e-03 4.853451767899429115e+00 9.853451767899386482e+00 1.540045373015162866e+01 2.172500905048827491e+01 3.066928096048727426e+01 4.481141658417405438e+01 6.481141647605186051e+01 7.727933129735349382e+01 6.897331646706871311e+01 7.727933129735349382e+01 6.842584625093282114e+01 4.899551648336504428e+01 4.318350733071768133e+01 4.647700987972064013e+01 6.590093903020516564e+01 5.951484111558557544e+01 7.585155391225262633e+01 8.712221855683202421e+01 8.181581189218204031e+01 6.173839738455793480e+01 5.018995200139850965e+01 6.265191079748471026e+01 6.995636588127403854e+01 6.408221595035060147e+01 5.103792537422310716e+01 3.094207370019894299e+01 2.998579148610946632e+01 5.009747457367415535e+01 6.197552966235237193e+01 6.830786268924569526e+01 7.539394253711516569e+01 8.028026247752617905e+01 7.009734537542976796e+01 5.034127857920285010e+01 5.407453375866812451e+01 3.732092840130425060e+01
8.327778614586213435e-02 2.008327778614550851e+01 2.985345176194323358e+01 3.540045371816493258e+01 4.172500903295809849e+01 5.000927772203610999e+01 5.895354844073848710e+01 6.550253944638096470e+01 6.726184248543489730e+01 4.894559421988140002e+01 6.726184248543489730e+01 7.656040776701553341e+01 6.842584625894436101e+01 5.191907472010221625e+01 5.769074414666298622e+01 7.402395341423257946e+01 7.893579210112221745e+01 8.712221855683202421e+01 9.606939132965896988e+01 7.591178596388205335e+01 6.173839738455789217e+01 6.265191078794418900e+01 4.262636103915077967e+01 4.991248798956413424e+01 6.407413286325952129e+01 4.781516974450079971e+01 2.766085779943773559e+01 2.766085779943773915e+01 4.195678389437694022e+01 6.218680288187042038e+01 7.061854588282716350e+01 9.112939567461496893e+01 7.200317341461155252e+01 5.172379224233146999e+01 4.127265743797465092e+01 3.334207645902533557e+01 5.407453375866788292e+01
6.510866554257997707e-02 1.420724428927340455e+01 3.420724428927269400e+01 4.220468968637690921e+01 4.497806638266376922e+01 4.783541032344624711e+01 5.081750389900808074e+01 4.547957735227401344e+01 5.786724978431329447e+01 3.894405130474286381e+01 5.895945534347509920e+01 7.174595823205876854e+01 7.942948190895074845e+01 6.305091413298030290e+01 7.711627381114482205e+01 8.529220098127500194e+01 8.160533450275121936e+01 8.987852556738469900e+01 1.020044915678602280e+02 8.181581176464189298e+01 8.181581180133116504e+01 6.735047891640638795e+01 4.731537090545219826e+01 3.573361646063969488e+01 5.011183491419618008e+01 4.465224294898838764e+01 2.444894456808114924e+01 4.467171370546638798e+01 5.613958331583694417e+01 4.878166701387310411e+01 6.672652530936444748e+01 8.115854938545228947e+01 8.026211903858656171e+01 6.982235561014248049e+01 5.155936293188315744e+01 3.085718930111833913e+01 5.155750560656984760e+01
8.953482861371392376e-02 2.008953482861335971e+01 2.572567771393313407e+01 2.220720580902561991e+01 2.497896261265935181e+01 2.783400273796974034e+01 3.081301204834337781e+01 3.133915054034684999e+01 3.785373641290465230e+01 3.187702143462230708e+01 4.342112794640573981e+01 6.344199349589238324e+01 7.457140759834254595e+01 8.252502626182744905e+01 9.072902221788864097e+01 7.834008260250075750e+01 6.161522787721265360e+01 7.834008260250075750e+01 8.710291190414471885e+01 8.771437506963427211e+01 7.942940736834904669e+01 7.569548222735120646e+01 6.410934709170899737e+01 5.011206073398758321e+01 2.999463517405758139e+01 2.625146752081275281e+01 2.262195880047887542e+01 4.059908577420319631e+01 4.565107916931349763e+01 3.631100081666630786e+01 5.154054687695640524e+01 6.836711764591146334e+01 7.797209342495843032e+01 6.538524700439049298e+01 4.910703812740042906e+01 2.845064485883013816e+01 4.909082571280823970e+01
