MOVIE_S11_data/elevation_000761.asc
nrows	100
cellsize	150.0
xllcorner	0
ncols	100
yllcorner	0
NODATA_value	-9999
[rows 51 to 67 of 100, columns 37 to 73 of 100]
5.171210574838921303e+01 7.200809125286954782e+01 7.722529421280897566e+01 7.955330984281131634e+01 6.385328217677898976e+01 6.698170668350836365e+01 8.686080390543783381e+01 9.813298764639434069e+01 8.984724512990683820e+01 1.094515224131331479e+02 1.234321092314981030e+02 1.345481159325982787e+02 1.201945859986226566e+02 9.989052175169172187e+01 8.816088722544694178e+01 7.911664768926561919e+01 7.329814203685583607e+01 6.791199123490157774e+01 6.428736455017042317e+01 6.082161995938947285e+01 6.030097102167108858e+01 8.051014208638835612e+01 9.472941569241093873e+01 9.610702153204555032e+01 1.044815725677036085e+02 9.741589617442659232e+01 8.730716180503857515e+01 7.893790457132078586e+01 6.040352172586114676e+01 6.091732892602733784e+01 7.496577364088406625e+01 6.555253415201126188e+01 8.577529285145547533e+01 9.231688728923717235e+01 7.212180373876795159e+01 5.836388465818341587e+01 7.848450143204810558e+01
6.952163241531611959e+01 5.478302386859849094e+01 5.719853090449660016e+01 5.960538086204751096e+01 7.953820877649279453e+01 8.682728945180802782e+01 9.488835178289750161e+01 1.107677397204169978e+02 1.094515224131331479e+02 1.059028920613349527e+02 1.252411167643880248e+02 1.233611924980930326e+02 1.151203869202740862e+02 1.168399688086305162e+02 1.077708469081656091e+02 9.938861028041165468e+01 9.353659875091159392e+01 7.956199373606969516e+01 8.449680531292806052e+01 7.662088530299959643e+01 5.640627602531657914e+01 7.662088525950777296e+01 8.178882368687281712e+01 7.585803195555618572e+01 9.610702153204555032e+01 8.905173145544637237e+01 6.882407768719518515e+01 5.870947552949787962e+01 5.399183328566930840e+01 5.325521799677294865e+01 5.473146218171338262e+01 6.904121044990547773e+01 8.926893445025521601e+01 8.638713786142230333e+01 6.621290887338084019e+01 5.197575204089984879e+01 6.321847160105348706e+01
7.761177178667055898e+01 5.979863883213832310e+01 7.722529421280897566e+01 7.948205892384378046e+01 6.541119191809188749e+01 8.530075946114790497e+01 8.309909993858515520e+01 9.709406431616542932e+01 1.165349038448643597e+02 1.252411167643880248e+02 1.242556164107373462e+02 1.118890793543093451e+02 9.526036902434705667e+01 1.118890793543093451e+02 1.247499181103499524e+02 1.164043972555409709e+02 1.082065584134838758e+02 9.982853909179249285e+01 8.591537335121266494e+01 6.569055798119435963e+01 5.401787474797625777e+01 7.097971051515715146e+01 6.156682461387830330e+01 8.178882369033412658e+01 9.322027350055151373e+01 9.741589617442659232e+01 7.980426996694878028e+01 5.957575402872603121e+01 4.788370782170081696e+01 4.609604546181321183e+01 6.041210756808092697e+01 8.064380395371694021e+01 8.499483932121177077e+01 7.910159866373852822e+01 6.692011555758897146e+01 4.665855108210293167e+01 6.692011555758946884e+01
8.768107890032946727e+01 7.702779386837123354e+01 6.744434268836945989e+01 8.748758416140164229e+01 8.530075945753640099e+01 7.158360205696943979e+01 9.142710941420691029e+01 1.027881543821617498e+02 1.221375919669906409e+02 1.166340082889161209e+02 1.083932173786054847e+02 9.612615546549413637e+01 8.373686590488917147e+01 1.036542002419498090e+02 1.164043972555409709e+02 9.611589637047626411e+01 1.020582606996023998e+02 1.104329072404131011e+02 9.429654970338849296e+01 8.261820015533716344e+01 7.097971049239981767e+01 5.074847255889045528e+01 6.832321882678367331e+01 6.461061911499697885e+01 8.484239316343730763e+01 8.588759142602413021e+01 8.816878034789550611e+01 7.370518669744753026e+01 5.346978204141869639e+01 4.187065746137864153e+01 5.795103038518234939e+01 6.632239311809320270e+01 6.424586333349067502e+01 5.809241628067773888e+01 6.249867970486831581e+01 4.208970882459035323e+01 5.658397423464558074e+01
8.442189202780579649e+01 9.284964662319957540e+01 7.329330099381134289e+01 9.333603327562637730e+01 9.768256678843842167e+01 7.790107368017704914e+01 8.782452070913976172e+01 1.017665971211162059e+02 1.211941339101380777e+02 1.083932173786054847e+02 8.849965232232803203e+01 9.432634262533593983e+01 7.619477277033874429e+01 9.612615546549413637e+01 1.088628815282574891e+02 1.020582606996023998e+02 8.177962307969433198e+01 9.191894188964838008e+01 8.630675856858134409e+01 7.628905560801641172e+01 5.607167182368057468e+01 6.832321882678367331e+01 4.808216723769807288e+01 6.574217419856057631e+01 7.412187472856795978e+01 6.564925107009248961e+01 7.996070629021852483e+01 8.207617302615255994e+01 7.039766257193538479e+01 5.795103038518234939e+01 3.803951574336880981e+01 5.415405404584178939e+01 6.141709422247713945e+01 4.144836750063180375e+01 5.825770574601319396e+01 3.794156884416187125e+01 5.282853254840827617e+01
9.127617493778218716e+01 9.996322756207688087e+01 8.008164470272535596e+01 9.996322756207688087e+01 1.057389394350234966e+02 8.786413727116860173e+01 9.409728725309415154e+01 1.136352313066360864e+02 1.161185820732599581e+02 1.083932173786054847e+02 8.849965232232803203e+01 7.441928999030385228e+01 7.021950658759435271e+01 8.072102310185974261e+01 1.006214327205047994e+02 1.036282203278665435e+02 8.334712696500506013e+01 7.168406929387870719e+01 6.608963885311166564e+01 6.168199693777196302e+01 7.628905560796179941e+01 7.670248183960886479e+01 5.981658176044950181e+01 4.549381286052728512e+01 6.322095531230220189e+01 5.134031827147433091e+01 6.982684356001919923e+01 7.953047325217001173e+01 7.816742162309950004e+01 5.795103038518234939e+01 5.415405404584179649e+01 3.465631074226367048e+01 5.019723701738178079e+01 3.212527358399676558e+01 4.669370815854117041e+01 4.790627709368349230e+01 3.257753005193835349e+01
1.014575817140131448e+02 1.079514496615039576e+02 9.018051335119680800e+01 1.079514496615039576e+02 1.155149933569624068e+02 1.018175103134980475e+02 1.136352313066360864e+02 1.102745798707656490e+02 9.624824967215400306e+01 1.102745798707656490e+02 1.002026926208158670e+02 8.437281630781986053e+01 6.453811502608070327e+01 8.437281630781986053e+01 1.002026926208158670e+02 1.119997361124124353e+02 9.909462973448475509e+01 7.885957861282169290e+01 8.630675856858134409e+01 7.333936923965841004e+01 9.027735972686176069e+01 8.842716820596417904e+01 7.412187497852366391e+01 6.322095837005942087e+01 4.297034629808504036e+01 4.120921589922905781e+01 5.929364323293015815e+01 5.929342904535305081e+01 7.005582166971639424e+01 6.556107760109182436e+01 5.636464330373510023e+01 5.052290037701090597e+01 3.151388823711735299e+01 2.923134423112129454e+01 2.678865443444863814e+01 2.821642839936695779e+01 4.790627709341012519e+01
1.072073878164769809e+02 1.176706974618634689e+02 1.097459417729570106e+02 1.176706974618634689e+02 1.172257947670172626e+02 1.212221452705029492e+02 1.128571983497434985e+02 1.013838935798114420e+02 8.215976122931604664e+01 1.013838935798114420e+02 9.196172489335410205e+01 7.207983662708370787e+01 6.068142627742227546e+01 7.207983662708370787e+01 9.196172489335410205e+01 1.066883513031626762e+02 1.074050665365224120e+02 9.317575881592294706e+01 1.019748989006043729e+02 9.359173142579359705e+01 9.063854394569708006e+01 8.228508835839708979e+01 7.645671012460006466e+01 6.615421177274126308e+01 4.592020549393377848e+01 5.929363903337920760e+01 3.904967612596684745e+01 5.717046056784730723e+01 4.980138010124411352e+01 5.380656728581746506e+01 4.312223616123678482e+01 3.117368594752669964e+01 2.991120101148525734e+01 2.862684301583287549e+01 4.506803255698128652e+01 2.516648760087457504e+01 4.353487481065800324e+01
9.603111011432741861e+01 1.042891520728531844e+02 1.157942187900444964e+02 1.115960962189464993e+02 9.779062693799401984e+01 1.115960962189464993e+02 1.046550036208909660e+02 8.475345599996950341e+01 7.326823851112227715e+01 8.504208630502806443e+01 8.022880082592983797e+01 7.703591524480515318e+01 5.722641790383104876e+01 6.711001507979268865e+01 7.855301666383043369e+01 9.844844811214680647e+01 1.070227361579564587e+02 1.133840481800125559e+02 1.108165519695409813e+02 1.007287431397104456e+02 8.228508835839708979e+01 6.209499390506707073e+01 5.625586199138889754e+01 5.083976791642907500e+01 6.615421177274103570e+01 5.929364217044790308e+01 5.717149870467976314e+01 3.694951815796775918e+01 3.557837819171006544e+01 3.425031024244414368e+01 3.296467935830102647e+01 4.952885246656605744e+01 4.972520808623885102e+01 5.529632216183899374e+01 5.341605494776043628e+01 4.353487481249288038e+01 2.364626009515995264e+01
7.609612142153896741e+01 8.761266143970384235e+01 1.075309247852224814e+02 1.029978645499979848e+02 8.440610029527834968e+01 9.947909574350730111e+01 1.015958425754637062e+02 1.013838935798114420e+02 8.504208630502806443e+01 6.519182493073675744e+01 6.038994232135210893e+01 7.378367849159153025e+01 5.400841117420160487e+01 6.804948980156439120e+01 8.790098117367105601e+01 9.452016598400626890e+01 8.725443698007131843e+01 1.012346923991057679e+02 1.024777334970523555e+02 8.228391984599423381e+01 7.218935004527095600e+01 7.819895069607204618e+01 5.800074436787038934e+01 7.105780636483383716e+01 7.105780636483223134e+01 7.953276932016731848e+01 6.078774258637525918e+01 4.107157704069511794e+01 5.573314728660646722e+01 4.421586964721348068e+01 5.548221169288421351e+01 6.287193665487859562e+01 6.534033321378129244e+01 5.696330332468963320e+01 4.642418298456376391e+01 2.651099515174340127e+01 4.218629976488462319e+01
9.603111011432741861e+01 1.042891520728531844e+02 1.085341239136040485e+02 8.932550901924119557e+01 7.613595196047013758e+01 8.053247098002398729e+01 8.259510938784289635e+01 1.015958425754637062e+02 9.324315697127231317e+01 8.487294616901998268e+01 7.354446829967800170e+01 5.392185122273898656e+01 5.089921563230519297e+01 7.080042579781310508e+01 8.747635217258510920e+01 7.473289374222488846e+01 7.325492604855757861e+01 9.304443775674940298e+01 1.108165519695409813e+02 1.007287431397104456e+02 9.238082667152337990e+01 8.359496164214230873e+01 6.340493742666529897e+01 8.359496164214230873e+01 9.124710089367511046e+01 8.375587866159547445e+01 6.578766448294082636e+01 4.516070121250045588e+01 6.578766448291153779e+01 5.852421202315255044e+01 7.283926173861291886e+01 6.863505896324643629e+01 4.841898496428496657e+01 3.686098489079864748e+01 2.941743083706656847e+01 4.642418300487431537e+01 4.218661103274886415e+01
9.262169296016256226e+01 1.041320432522287689e+02 1.124950789487863432e+02 9.890219193343443749e+01 8.608180889265123881e+01 6.741773913508447436e+01 8.053247098002398729e+01 9.947909574350730111e+01 9.955837562248031247e+01 7.904601955035234084e+01 6.493598060180728737e+01 5.604673804128826475e+01 4.791327863788504260e+01 5.940556096034407574e+01 7.926346378143661298e+01 6.078179101370859172e+01 7.354695279724769819e+01 9.331531380382870111e+01 9.601220682736658318e+01 1.042027231757497532e+02 1.000783300104476723e+02 7.989040913810734423e+01 7.054263928736085631e+01 9.073351377699604825e+01 8.990292136923802957e+01 6.924167488066228771e+01 5.410929269546500819e+01 5.690875532975773865e+01 7.438080501149993040e+01 7.877476356698905136e+01 8.186480098492683055e+01 7.701431009914750803e+01 6.534033321378129244e+01 5.154600249438535542e+01 3.155990558915690158e+01 5.154600247740969365e+01 6.228535269671149166e+01
7.593755827597141206e+01 9.587345736099605631e+01 1.041459111240331623e+02 8.530930491808267391e+01 7.208678477465998924e+01 6.295927194254556980e+01 7.616089369837550294e+01 9.501333344961193461e+01 1.050853104230949953e+02 8.490644419028350853e+01 7.940723258401757789e+01 5.863365473694102548e+01 4.569770166075253570e+01 6.326965448191074159e+01 6.549741132363466534e+01 5.382968352352473573e+01 7.354695279724769819e+01 8.201205758443941818e+01 7.621300589277160498e+01 9.601220682736658318e+01 1.084186026509182597e+02 9.908291016661716810e+01 8.063571384325732083e+01 9.908291016661716810e+01 8.990292136923802957e+01 6.924167488066228771e+01 6.924167488066228771e+01 7.799174754549549959e+01 8.643473624401345035e+01 8.186480098492683055e+01 6.162599754203970548e+01 6.533988717546867520e+01 6.175442114455373144e+01 5.377281769187894866e+01 3.373171178785515423e+01 5.377115742408444277e+01 6.680198863687157029e+01
7.703662507955331762e+01 9.697118053268515325e+01 9.610460259839207708e+01 7.714792811175435361e+01 7.759687039023783939e+01 5.875084133154643240e+01 7.752815637179577379e+01 8.775667822444349042e+01 9.613571482041139404e+01 9.595430489463100798e+01 8.755092346492089916e+01 7.021108423394227316e+01 4.355154264059171254e+01 4.849774764197476173e+01 4.576027685621114216e+01 5.087844537722008909e+01 5.633774366214414187e+01 6.225281526318409675e+01 7.364126651983097815e+01 8.765593385149895767e+01 1.074270874850346473e+02 1.091720168494555594e+02 1.008313137107346051e+02 1.091720168494555594e+02 9.827008244252859015e+01 8.990292136923802957e+01 8.990292136923802957e+01 9.299140986974089174e+01 8.461107416501579337e+01 7.746464488292836847e+01 6.533988717546867520e+01 4.505742813090017762e+01 4.143371570628352885e+01 3.793294826197791991e+01 3.506067303794088730e+01 3.924770707760092847e+01 4.992147072627076199e+01
9.113639460280214166e+01 1.052302777340625397e+02 9.152157672765832785e+01 7.265082423167672232e+01 6.174361913631914689e+01 5.505487788920982695e+01 6.290231822347808333e+01 7.013495821159716570e+01 8.637125829122703635e+01 8.779512128887986933e+01 6.882309418892242547e+01 7.309820725750857662e+01 6.032285355551642425e+01 4.052221322310442275e+01 6.032285355552931350e+01 7.058571200927293887e+01 7.605441338042363952e+01 8.201194464446854226e+01 9.020693964035751833e+01 9.467504309833360310e+01 1.029142876054994531e+02 1.149574144810475076e+02 1.121064383415697279e+02 1.037678292211375179e+02 1.090591844724436328e+02 1.090621164248230883e+02 8.879363489199681680e+01 7.449201264142422474e+01 6.439791973847911777e+01 5.723991794733463223e+01 5.081346444983174138e+01 6.533988717546867520e+01 6.175442114455373144e+01 4.975133817967783045e+01 6.122914124619608600e+01 4.094532337676864131e+01 6.187947313298240459e+01
1.110575998581527273e+02 1.103851893976863323e+02 9.953337290248686031e+01 8.143473523186226259e+01 6.255271452205310823e+01 5.140327044481318808e+01 6.240656235070018454e+01 5.874362683712925559e+01 7.816831122675694132e+01 7.033577500186630971e+01 7.389407302668820421e+01 5.502064765655901368e+01 5.848124801574159903e+01 3.867473429837987453e+01 5.848124802557338597e+01 7.594659590527489001e+01 6.917663947257562995e+01 7.465288309451838700e+01 8.062385581225714759e+01 7.480366347091992907e+01 9.467504309833360310e+01 9.478632154274190214e+01 9.478632154274188792e+01 8.357990213470293384e+01 8.887433646619859928e+01 1.031323828206626132e+02 1.031090661755039832e+02 9.299140986974089174e+01 8.011286976086609002e+01 5.989021650310157696e+01 6.252109464859005783e+01 7.944718540455872358e+01 7.840435625429323352e+01 7.002405161924934873e+01 6.561352028024860772e+01 4.516130174679328491e+01 5.705527088635409427e+01
1.078631712994097711e+02 9.680692643459727265e+01 8.322866347150831245e+01 8.937272456097926465e+01 7.842350131235951949e+01 6.638044196083720294e+01 4.715397219350452929e+01 6.190842805330172638e+01 6.500584288611955230e+01 4.945761022497428883e+01 6.566926473092735250e+01 6.330926842932868936e+01 4.402954655266854900e+01 3.685129183269692987e+01 5.666253848056398823e+01 5.617987363334128048e+01 4.943793060932696193e+01 5.490695665452901153e+01 6.083431636430142930e+01 7.222745210576121622e+01 9.209355657576050191e+01 9.478632154274188792e+01 7.466642273219981973e+01 7.201043638870960706e+01 7.466642275385594019e+01 9.478633262078167832e+01 1.072345929918519403e+02 8.697631002141926615e+01 7.267606290361182175e+01 7.156208548844435313e+01 8.274571421904474278e+01 9.112446069418489003e+01 8.632675184722721440e+01 6.609830257242620632e+01 5.175427639583780604e+01 5.548747370053310135e+01 7.399564143843326747e+01
