MOVIE_S11_data/elevation_000801.asc
nrows	100
cellsize	150.0
xllcorner	0
ncols	100
yllcorner	0
NODATA_value	-9999
[rows 17 to 33 of 100, columns 37 to 73 of 100]
6.630876294320381703e+01 6.288221597429658516e+01 5.454259911370709091e+01 5.423804139809838887e+01 4.760988467390004075e+01 2.736884122540306308e+01 1.317548583068391466e+01 3.207965184131707304e+01 4.038966417158150790e+01 2.562353836696128795e+01 3.618403395418619795e+01 3.865792916703971827e+01 4.121424228670802847e+01 2.495652038700946562e+01 4.504491887721887622e+01 4.518786486336408359e+01 5.883969758737134015e+01 5.516348552451592724e+01 7.227256229625510286e+01 8.054639177033712372e+01 9.206594799324446399e+01 7.495003559415756911e+01 6.658461028427559825e+01 6.025239604001014015e+01 4.739703741064935372e+01 2.740151484603727283e+01 2.268992416714594995e+01 4.268260822635432561e+01 5.203186800093681086e+01 6.030570130070983481e+01 6.263695995562683549e+01 7.091004907841320914e+01 7.632883957033745048e+01 5.639443724846201889e+01 4.483759022912556702e+01 3.664598486086359941e+01 5.180747239207157406e+01
5.226525250354580265e+01 5.127410436209878242e+01 3.444948028596800782e+01 3.415912456150695675e+01 4.320235193945904939e+01 3.392408879662657739e+01 1.392333411556599110e+01 1.755381124424866357e+01 2.885864278337417232e+01 4.560167788470857175e+01 3.626589443118304956e+01 5.632228213846621401e+01 5.334605231823321958e+01 4.504491887721887622e+01 2.897725453995130351e+01 3.360887184113262549e+01 3.878695781827982358e+01 4.512057043562794689e+01 5.222229578260331095e+01 6.382301028949401456e+01 8.381169322235352581e+01 6.658717225411115237e+01 4.656920094900682727e+01 4.024293925991677412e+01 3.469806772879397982e+01 4.404808547078650349e+01 2.405751637012371802e+01 4.389821901729601450e+01 3.203646029773982207e+01 5.203188106341305996e+01 5.869836634626783933e+01 7.867600437069069130e+01 8.454849040749091671e+01 7.305464624061488621e+01 6.051167582969960534e+01 4.050849425953013849e+01 6.051167582969960534e+01
3.216558578530655410e+01 4.294184341613559752e+01 2.292329869822708233e+01 2.002569071382365351e+01 3.473360460152505880e+01 1.497773403706862005e+01 2.210881197064691506e+01 3.963742460356565545e+01 4.816537660946629273e+01 4.669591067671717610e+01 5.632228213752429724e+01 5.045396171173335631e+01 7.048966090103583326e+01 5.735965382752888786e+01 4.906179091447750551e+01 3.436780547558255705e+01 5.442131744334002263e+01 6.518407596994950381e+01 7.227256229625510286e+01 8.054639177033712372e+01 7.924796044662079453e+01 5.922398564769073914e+01 6.658444903634483580e+01 6.025239604001014015e+01 5.470071408536617241e+01 5.230637562700724175e+01 4.404938192822784515e+01 2.601343990253288396e+01 4.600539441854933642e+01 3.869891049733772803e+01 5.869836634640292061e+01 7.320418072447625946e+01 8.146616720553713265e+01 7.609884211401244158e+01 5.616671016600143673e+01 4.460639516043960384e+01 5.616671016600143673e+01
4.739026658293557404e+01 2.734642127414329238e+01 4.294184326164074861e+01 3.606279830821803500e+01 1.603062090642225002e+01 3.501169829466855532e+01 4.214034552983455484e+01 3.626620719280500538e+01 5.632224808368816582e+01 6.677500573712737264e+01 7.499482187662951560e+01 7.048966090103583326e+01 7.877636693610405416e+01 6.992967138316488729e+01 4.987964471000399413e+01 3.830206410006380935e+01 5.835378308615628384e+01 7.281337600983914626e+01 8.109677461552070099e+01 9.109613941656162694e+01 8.757741459465299272e+01 7.337048012058708935e+01 8.052776651356461457e+01 7.066267841225733548e+01 6.240722046887632501e+01 5.164497552406500347e+01 3.164654895292720482e+01 2.748272489993045653e+01 4.747525259666234376e+01 5.869836634621188409e+01 4.654554056950330931e+01 5.321577777237821749e+01 7.320418072377958651e+01 8.431905099042556628e+01 6.943143500734323936e+01 4.947389417746441609e+01 6.943143500734323936e+01
5.573130454549352919e+01 3.888379390612565345e+01 5.408977051723000784e+01 3.683227038192336522e+01 1.680258512859871090e+01 3.095572566241386525e+01 5.102701954395753603e+01 5.632224793881407976e+01 6.463337511073883945e+01 8.298641297311404230e+01 7.456615742211864983e+01 7.931058185682915962e+01 8.755551280961347516e+01 7.821657103637892305e+01 6.664806930663590379e+01 4.987964471000399413e+01 4.517197246684177969e+01 5.276426621976222719e+01 6.281366478306534162e+01 8.281308723661297222e+01 1.017111166566345020e+02 8.651898805915004687e+01 6.655436706174602079e+01 5.240842715223331538e+01 4.240227298111064869e+01 3.781367683327049889e+01 4.905593059566384539e+01 2.906175847829340242e+01 4.321471908071374912e+01 6.339110905154628028e+01 5.809675896934217576e+01 7.320418072447625946e+01 6.735684388851585425e+01 8.732090061761563504e+01 7.543919830193769371e+01 5.551370162449835988e+01 6.577890032685641586e+01
6.735436738298650994e+01 5.901032435576549062e+01 4.628113520977529305e+01 2.048827557354727702e+01 1.757713685191865594e+01 3.760474088073711130e+01 4.712748660909231546e+01 6.131831346075060907e+01 7.358494907968319865e+01 7.115105347307651584e+01 5.399560598757217633e+01 5.889833603754708236e+01 7.427908972457117898e+01 8.289491948897530449e+01 7.821657103637902253e+01 6.992967138316488729e+01 6.523552479372861512e+01 5.521703351898825929e+01 7.525401628657327535e+01 9.109613941656162694e+01 9.914747581839600343e+01 8.917569334065531450e+01 7.093496952149334334e+01 5.093571317975167290e+01 6.240725796421574501e+01 5.781810233984241876e+01 5.065694370092971610e+01 3.066012445974713430e+01 4.477934041575842627e+01 6.450854966035798554e+01 7.807694623918968091e+01 8.633618329746261111e+01 8.732090061761563504e+01 9.557549052255841104e+01 8.296200932183604948e+01 6.305852220304883815e+01 7.543919830193769371e+01
7.284759499052418619e+01 6.863598854305828922e+01 5.480004628171842995e+01 3.926560389433724652e+01 1.941255450184769060e+01 1.879130953451008423e+01 3.293612116755100061e+01 4.834975453011895752e+01 5.314526319952392441e+01 5.314558498057792235e+01 4.242170601435525157e+01 6.268975007610244887e+01 5.393221969391763082e+01 7.089645352303107018e+01 7.369545690837959739e+01 7.959597903596943524e+01 8.353733780683485577e+01 7.525401628657327535e+01 6.940092654795954275e+01 8.938462491532152399e+01 9.091530679670913173e+01 7.094301577628564814e+01 6.094077775648929673e+01 7.093496952149334334e+01 6.715451787712802911e+01 4.710215980938127700e+01 3.295713187365632990e+01 5.065694370093242327e+01 5.861980110718820924e+01 6.111029867306180563e+01 6.937106423938625710e+01 8.347075069183115659e+01 8.678102227327087803e+01 9.503584589990839504e+01 9.117519476859551730e+01 7.455302108427996188e+01 9.117519476859551730e+01
5.273290556701974197e+01 6.030640643637664056e+01 4.022819019620457937e+01 4.127136401599759807e+01 2.125506019111211131e+01 3.881417274505417225e+01 2.000824707064508701e+01 4.002923673425797091e+01 4.552235600946216465e+01 3.347940474622313189e+01 4.801246146197090781e+01 5.069839522277917609e+01 4.230077231179682684e+01 5.636935642515256006e+01 5.353472022163694533e+01 5.943965285607100668e+01 7.786715204574538518e+01 9.211200896494089818e+01 8.938462491532152399e+01 9.767376716708641027e+01 9.914747581839600343e+01 8.917569334065531450e+01 8.092916128649737573e+01 7.291530710183116071e+01 6.462517003013702777e+01 5.523843238468325012e+01 3.526266492867157609e+01 3.626321730435766000e+01 3.866988845755270887e+01 4.113277456027788048e+01 5.527137778694221026e+01 7.051736955758919123e+01 6.686219701964580509e+01 8.630007590648820326e+01 9.520501469674121608e+01 9.444890087446212590e+01 1.026427982939587906e+02
3.853591034027429885e+01 4.882796485711037349e+01 4.391261439562291002e+01 2.388432576486451353e+01 4.127136401590949077e+01 4.834271066461436561e+01 3.414986192361524076e+01 2.122843370667310836e+01 2.123143644522566120e+01 4.374085837222237672e+01 2.792828952571444745e+01 3.060273117984143454e+01 3.332951317436987182e+01 3.625219240192521397e+01 3.930631477442646826e+01 4.935725057060071919e+01 6.362002266907541781e+01 7.750541724108123276e+01 8.584983744974594799e+01 9.591948226639220820e+01 1.040724142036367681e+02 9.254020727477903563e+01 8.360216876182398948e+01 6.463740789442704227e+01 4.462921788276975832e+01 3.859445663371351287e+01 5.527215418962895654e+01 4.781135961703800064e+01 5.865291572552089860e+01 6.111224902403822767e+01 4.478802569629079500e+01 5.056652981606956132e+01 5.812429659120285663e+01 6.704512569515665632e+01 7.853057456167583439e+01 9.844876768153831392e+01 1.085701857491914950e+02
3.097135993789463271e+01 2.877676316361781161e+01 2.661080537487253395e+01 3.775187664173666491e+01 5.119097414018586534e+01 6.252265550567030061e+01 4.956318334586315899e+01 4.124925971644744038e+01 2.246662266554614362e+01 2.466710720345059826e+01 4.472322756555436030e+01 3.485010889278333224e+01 5.343496647061452620e+01 5.046614338637355957e+01 5.943966328346096617e+01 4.424225048276059624e+01 5.060677810182014724e+01 5.733872780794803958e+01 6.743822573043006230e+01 8.757271258351045162e+01 9.580751509079189532e+01 7.582439161974645003e+01 6.427564775953641174e+01 5.532739051373120986e+01 6.118718419029877253e+01 4.117757407886337262e+01 6.118718419029877253e+01 6.776946379558425804e+01 7.602623382431362131e+01 6.110085008975134713e+01 6.475830684580860463e+01 4.910565334073415755e+01 5.727022865176744659e+01 6.724405127133800875e+01 8.715102386512543831e+01 1.067086767392528515e+02 1.002584344150930207e+02
5.102964753827873068e+01 3.327513751966218791e+01 4.077098767771393284e+01 5.431699654367064056e+01 6.431794048579529033e+01 5.947959184585641879e+01 3.816326881652041436e+01 2.381734901484968603e+01 3.979096307919962783e+01 3.518500092802243984e+01 5.284698280924542502e+01 3.994284426524011167e+01 6.026485731992794115e+01 7.062097340495056130e+01 6.870465995547684201e+01 4.852755324630604861e+01 6.870463701931805645e+01 7.750546915697022143e+01 8.584983744974594799e+01 9.591948226639220820e+01 1.002459830507148695e+02 9.026239905263864216e+01 7.383697060812390589e+01 5.383682275168541764e+01 4.848744872431335295e+01 4.426679878652107192e+01 5.427462192257249285e+01 7.427421371529328553e+01 8.929044845635563377e+01 8.103212349282003402e+01 7.238639179318143135e+01 5.244154013623955990e+01 7.238639179318143135e+01 8.545299097308867431e+01 8.715102386512545252e+01 1.070888451636118361e+02 9.795254484843779608e+01
4.084423943473630203e+01 5.334209472477090941e+01 5.334209472477072467e+01 6.918355583150928112e+01 7.701525186616788687e+01 5.721589230237264445e+01 4.481129926300248201e+01 2.477558602520579356e+01 4.469604354008844638e+01 4.922141459737472502e+01 6.098426381131096718e+01 4.544380045217381081e+01 6.584153652856704753e+01 8.373187642052202762e+01 7.333437924364706362e+01 5.315390072955177914e+01 7.333437924364706362e+01 8.835568459019704335e+01 9.670399980637110104e+01 1.061009202945026999e+02 8.614595794183898647e+01 7.200814326837394219e+01 6.200563150725266581e+01 6.919895546623989446e+01 4.919543496743973066e+01 6.427442914017396447e+01 6.060578255249249935e+01 7.427421371529329974e+01 9.424790809452403550e+01 8.087799006902235988e+01 6.096342198765811560e+01 5.670705810257318547e+01 7.663505508864005833e+01 9.301832941705042401e+01 1.045212283771392094e+02 1.028762669729972288e+02 9.456656847885170691e+01
4.663443875813122474e+01 6.674011580347998063e+01 7.344190078778264308e+01 6.982134256681996476e+01 6.111670017174348146e+01 5.373974514787894918e+01 3.728410013692690939e+01 2.573757842493950676e+01 4.577886587500641014e+01 6.149106845284526912e+01 7.112718190535159124e+01 5.991892803394266309e+01 5.513333790098832310e+01 7.539117030546390197e+01 8.168064307799573953e+01 6.743518646319535037e+01 6.108494827079497469e+01 6.822874905566031600e+01 7.985335444305927410e+01 9.997008356254943351e+01 9.463426512437821714e+01 7.465676899708925873e+01 8.199938718249288172e+01 7.279120548663262014e+01 5.279040384071428349e+01 7.279120548663262014e+01 8.059801327252492342e+01 8.886135826690001238e+01 9.082975041760846580e+01 7.092622972043621132e+01 8.087799006902235988e+01 6.376933306023992998e+01 6.485846367970513882e+01 7.634499536213040471e+01 9.625440347742588187e+01 9.456656847885170691e+01 7.453553264839803205e+01
5.333510407743348480e+01 7.344262166650314327e+01 7.312650235175102864e+01 5.232491478712648103e+01 4.086252079320632902e+01 3.363441976561868074e+01 2.712769385646887699e+01 4.489415686358584168e+01 3.427564016537086644e+01 4.849708241050527135e+01 6.844956749017507036e+01 8.013997828091540043e+01 6.949010829985122939e+01 6.949010829985122939e+01 8.963759423181836894e+01 8.757629046126704964e+01 7.117809960428851923e+01 8.835568459019704335e+01 9.670399980637110104e+01 1.083292254743750078e+02 1.028876189755065838e+02 8.879151005510910011e+01 8.811038837134168489e+01 6.812275910339562301e+01 5.657224488510141214e+01 6.812275910339562301e+01 8.811038837134168489e+01 1.049275465345736791e+02 8.499025206639078078e+01 8.499025206639078078e+01 9.119051318501489334e+01 7.129721195291402580e+01 8.475970134265401157e+01 7.634499536213040471e+01 9.625440347742588187e+01 9.456656847885170691e+01 7.453553264839803205e+01
6.339602737479079764e+01 8.177356376052604503e+01 8.189209219909965043e+01 6.982134256681996476e+01 6.081049939903975599e+01 4.817073240309416349e+01 2.812464307676043163e+01 4.810534037742039715e+01 5.434103012443650016e+01 4.589247939414281774e+01 5.750440625684003493e+01 7.732592318373067997e+01 8.963759423181836894e+01 8.963759423181836894e+01 9.797364454119303900e+01 9.965235756551095392e+01 9.130137697513004014e+01 9.965235756551095392e+01 1.056204356668858964e+02 1.056204356668858964e+02 1.140275236422129410e+02 1.087399236542318306e+02 9.636902525470507896e+01 8.093387802936801734e+01 6.093848355635448399e+01 8.093387802936801734e+01 9.636902525470507896e+01 1.131953603393057222e+02 1.049275465345736791e+02 1.049275465345736791e+02 9.945464642010135492e+01 8.276724385603753831e+01 9.945464642010135492e+01 8.782319921292594245e+01 1.045212283771392094e+02 9.456656847885170691e+01 7.453553264839803205e+01
8.348921595821555286e+01 9.182457215839556852e+01 7.924461885930574567e+01 5.905702889932758382e+01 5.667227607682858803e+01 3.326547928700322387e+01 2.912985992598292384e+01 4.920724534754554469e+01 5.941941559267883122e+01 6.588196504900226103e+01 7.405068015966408268e+01 8.546592100913470347e+01 8.047250964479253810e+01 8.639373779123459940e+01 8.870210933579404866e+01 9.704461341026254217e+01 1.012926985239380002e+02 9.290520620654336881e+01 8.543207717418104608e+01 8.543207717418104608e+01 1.056204356668858821e+02 1.091663040365562267e+02 8.921747963302706808e+01 7.508249966958968002e+01 6.726501572260157502e+01 7.508249966958968002e+01 8.921747963302706808e+01 1.091663040365562267e+02 1.073285456897964707e+02 9.911826378250890457e+01 1.073285456897964707e+02 1.026969130713161604e+02 1.109672512157876270e+02 1.077716426872286917e+02 1.160411644424689683e+02 1.028762669729970582e+02 9.456656847885170691e+01
9.216638687758361925e+01 8.382929046385906702e+01 7.331198090853069971e+01 5.315243444613901147e+01 3.920360805049539721e+01 3.132275895154017320e+01 4.920724534754554469e+01 3.107139146551282138e+01 5.110080893966239302e+01 6.132767021175550326e+01 7.175913730121442313e+01 6.916700222482022298e+01 6.041042951394006622e+01 6.630181479726300608e+01 6.861962407273240672e+01 8.870210933579404866e+01 8.965459864419530334e+01 7.278529224302236855e+01 7.123282645159549986e+01 9.134511047566924447e+01 9.812776889245979817e+01 1.065138160676797270e+02 1.033136740144683614e+02 9.391649041572790679e+01 7.393318666310501897e+01 9.391649041572790679e+01 1.033136740144595223e+02 1.049220330947684943e+02 9.672000782909307759e+01 7.950862285290236287e+01 9.518388587598023776e+01 9.591678869973524968e+01 9.591678869973524968e+01 1.041164639019004170e+02 1.132600727739789903e+02 1.047998032111359521e+02 1.037486978432421836e+02
