MOVIE_S11_data/elevation_000723.asc
nrows	100
cellsize	150.0
xllcorner	0
ncols	100
yllcorner	0
NODATA_value	-9999
[rows 34 to 50 of 100, columns 37 to 73 of 100]
4.375800728481662816e+01 6.001392448215488429e+01 5.793563947200527764e+01 5.019068732409449041e+01 5.392680107341836049e+01 3.736231570704595839e+01 3.865610270219309541e+01 5.641309711722352915e+01 7.305256186136691099e+01 5.383380433271123167e+01 7.305202135278112507e+01 6.700932685034477743e+01 5.041594756439776859e+01 6.014563709841883110e+01 4.256992881394138806e+01 6.214885243676223325e+01 6.616123524741381345e+01 5.119683888806807914e+01 7.159948117095308362e+01 6.389172948379740546e+01 7.392562956434623800e+01 8.546048506482813423e+01 9.953994227617317847e+01 1.194889278258007153e+02 1.143027536803565027e+02 1.121570021872251743e+02 1.037251601769896894e+02 8.957353584223351106e+01 6.937254794025923843e+01 6.173940113120855244e+01 6.377134950077912379e+01 8.397078947086851031e+01 9.033525522698010946e+01 8.159582103105623219e+01 7.089428861120579484e+01 7.114456927944948461e+01 7.611414090728524684e+01
6.316160418645515762e+01 5.595716233768756354e+01 7.555870942230262699e+01 6.970715490762447075e+01 5.977078544612572131e+01 3.982536152175369892e+01 5.641309711722350073e+01 6.462474734074838523e+01 8.194065267020228305e+01 6.783196305342832488e+01 8.194065267020228305e+01 7.845862103315143088e+01 7.019023457312769665e+01 6.415476737642035232e+01 4.450089444230809477e+01 4.444132808593020201e+01 4.621180638787537731e+01 6.703885837470444642e+01 7.967569533384573788e+01 8.390295726415176603e+01 7.392562956428858456e+01 8.286837146144465294e+01 9.436826184385762417e+01 1.142938411043687665e+02 1.180701121818120924e+02 9.778448066202849986e+01 8.350834274693031034e+01 7.637170943654056998e+01 6.998418315539370838e+01 7.633611903169337154e+01 5.615017385201130651e+01 6.981975931621798281e+01 7.893168779687233894e+01 6.160308491269928055e+01 7.016877429840378966e+01 6.262796117819706865e+01 7.611414090728523263e+01
6.652051017366331109e+01 6.975474554759431101e+01 8.382180907773104650e+01 6.910293265760438430e+01 4.918682801910937030e+01 4.266340757996735533e+01 5.010205030820334571e+01 6.416843910312485377e+01 8.422945843363456220e+01 8.777006516397909763e+01 8.830731893754160922e+01 7.831384593753132606e+01 6.705520191765758398e+01 4.727630795994711121e+01 6.415476737642035232e+01 5.888414406233952292e+01 6.703885837470463116e+01 5.097361955759716068e+01 7.139295266497998682e+01 8.428840453374010622e+01 9.388066749859950733e+01 1.021490594543576975e+02 1.110659013327550468e+02 1.225855685618839459e+02 1.240419522437953930e+02 1.037254736566789148e+02 1.037155921129716916e+02 9.657387168943448330e+01 9.018538705149212831e+01 8.160754577280478372e+01 6.141396461649726746e+01 5.134912846232059280e+01 6.721026116830498154e+01 5.566206002909391515e+01 5.468032306142369237e+01 6.832789141035642899e+01 8.762081256091011028e+01
8.628016386988662134e+01 8.957071772414698785e+01 7.980482165824388119e+01 5.978342064240523968e+01 6.557206023324003752e+01 4.570665084796996069e+01 6.557206023324003752e+01 6.416843910312485377e+01 8.422945843363483220e+01 9.415053451091205261e+01 7.417903454586172529e+01 6.004387955678000566e+01 5.015102421535776500e+01 6.705529929399827438e+01 7.532918728786579265e+01 7.911523433067124245e+01 7.139295211530060214e+01 7.139295266608561974e+01 5.588866014223944489e+01 7.600883809050945672e+01 8.937302816458904431e+01 1.009073793536103665e+02 1.087761340227666551e+02 1.170640467863486833e+02 1.165588916898993261e+02 1.049590488381168285e+02 9.661593562732220164e+01 9.921909719388362703e+01 1.018347359373031082e+02 8.160754577280478372e+01 7.151075519465095454e+01 6.129241995199272708e+01 4.708009843371426228e+01 6.342755087714041196e+01 4.971164743764898475e+01 6.363646774909277326e+01 8.330168147356812369e+01
9.695920265621582246e+01 9.401031423770243123e+01 7.392071397164181690e+01 7.980482165824388119e+01 6.876363205949883195e+01 4.883227433018736718e+01 6.876363205949883195e+01 8.422945843363483220e+01 9.257716854811172880e+01 9.310378298138654429e+01 7.313268454023663878e+01 6.159036345202805052e+01 7.003621418538826049e+01 5.331183404184680796e+01 7.327460087960963619e+01 8.488703847693415128e+01 9.141161309220110809e+01 8.428841208563075327e+01 6.755473565402942882e+01 6.106308478342350554e+01 7.265410442644383693e+01 9.263166131579532703e+01 8.883037568392113315e+01 1.087761340227666551e+02 1.081871816845347922e+02 8.814519560656160024e+01 7.662695953450014485e+01 7.921674016536881879e+01 9.339252181464583202e+01 1.001150261122085965e+02 8.989036571381581098e+01 7.559139283290430456e+01 6.342755087714041196e+01 4.339805112618488181e+01 6.342752164346438093e+01 7.760927023229035626e+01 8.239123690415273416e+01
9.813111590237380710e+01 1.023706141280663644e+02 9.401031423770243123e+01 8.648889648067637381e+01 7.209705089929991573e+01 5.209653997188991070e+01 7.209705089929386190e+01 8.941869867092903235e+01 9.947496651178646232e+01 1.013878955849543360e+02 8.985275398162887939e+01 8.157346387746392224e+01 8.153286934425024413e+01 7.327460337048343320e+01 5.660323186614675706e+01 7.075640063458712348e+01 9.073619077097023933e+01 9.583294112760307826e+01 8.755735678493712726e+01 7.110670790533526997e+01 6.712874815669054840e+01 7.471041194599683877e+01 8.883037568392113315e+01 1.087761340227666551e+02 1.107368101499614994e+02 9.915793401952014108e+01 8.507529489930634270e+01 6.509716701096853342e+01 7.655659254484748999e+01 8.486115136705119255e+01 8.192019772262820254e+01 7.863396797427672880e+01 6.122902763282601057e+01 4.120237227555481496e+01 6.122901803494278283e+01 7.241935549959276841e+01 6.410367808327227124e+01
1.064861275920316359e+02 1.049649102606147721e+02 9.596833774742694345e+01 7.814859065897877599e+01 5.807790740454631617e+01 7.209705089929991573e+01 6.099905629806472263e+01 7.103154628441224361e+01 9.111948798600343480e+01 1.094742789334409707e+02 8.956234769402900042e+01 8.847705021694436311e+01 7.506720125639225216e+01 6.007530616041528759e+01 7.660834405395071656e+01 8.488711912930442338e+01 9.747321699335704182e+01 1.050026189050959147e+02 9.936321415161563664e+01 8.524449863833353902e+01 8.712744849756067822e+01 7.499575858828850983e+01 8.652900642459438529e+01 1.064694310714050118e+02 1.023791259235527917e+02 8.237447183548850660e+01 7.085522886963789801e+01 6.191585399082396890e+01 5.656814635878113506e+01 7.121445559325975694e+01 6.193084161748816996e+01 5.864331071964237196e+01 5.906952712942955941e+01 3.904451700335640396e+01 5.891201786743179980e+01 6.410363543121825103e+01 4.408197122753426100e+01
1.108432282663663386e+02 9.070144945390457281e+01 7.651525944734953555e+01 6.753001834420270200e+01 6.441081055303362746e+01 8.450197835278055436e+01 7.258427867213322315e+01 8.941869886425358516e+01 9.947496660427235327e+01 1.059577659963828609e+02 8.956234769403221208e+01 6.947311898551930653e+01 6.456794675225343383e+01 8.009235834882554173e+01 6.599509181525203871e+01 7.086670210711329787e+01 7.754250997780424370e+01 8.508169388173082837e+01 1.050026104969006582e+02 1.051972330977461638e+02 1.016030319012852488e+02 8.166440079886987746e+01 1.016030319012852488e+02 1.147552055298150009e+02 1.067418714699407474e+02 8.670765880902168021e+01 7.259725193740712257e+01 8.189669763042631701e+01 6.536010276164614652e+01 5.122089684931258091e+01 4.779063656180846209e+01 4.450259949369056756e+01 5.707202454165367556e+01 3.692273444767048574e+01 5.388783728626015090e+01 5.329529181016188488e+01 4.994608294427747808e+01
1.153646164448644811e+02 1.049649102740254563e+02 9.596833787344371558e+01 8.761829518341156131e+01 7.601209962243041218e+01 7.711765688810690733e+01 9.267476458531000105e+01 1.010327308363232532e+02 1.117433375269402092e+02 9.188913203291994591e+01 7.776067976611763299e+01 8.898433051112472469e+01 6.887200683061794848e+01 8.898433051112472469e+01 7.496117500456475113e+01 9.082964799982990201e+01 8.240483752553032559e+01 1.023381531297923601e+02 9.914963612312429575e+01 1.191329695789426637e+02 1.098831251027096982e+02 9.163421939918592329e+01 1.098831251027096982e+02 1.231962207175049286e+02 1.030438408644644994e+02 8.889629220360346551e+01 9.257554384167129058e+01 9.366844924472502498e+01 7.951427600315636823e+01 7.121445559325975694e+01 6.315011996142118988e+01 4.315391864181393800e+01 4.002953183350563648e+01 5.393106173277153914e+01 3.477660060616282323e+01 3.328070842864212864e+01 3.188998336857856586e+01
1.070986023231006499e+02 1.020835181334617374e+02 1.079270945165550160e+02 1.044624611395686600e+02 9.609936837348811878e+01 8.870082972981772684e+01 1.055741386203990970e+02 1.197887326252088513e+02 9.990155345933207798e+01 8.847127183905456604e+01 9.770429418704725322e+01 9.358683110386367332e+01 7.352499613252875577e+01 9.358683110386367332e+01 8.648130712621215821e+01 1.031905414885685275e+02 9.390176004233605056e+01 1.106293832642629695e+02 1.191329699126486759e+02 1.274466443353357477e+02 1.198637830444691303e+02 1.115718444033846026e+02 1.198637830444672261e+02 1.244107152256564888e+02 1.143393387865731086e+02 1.059708592203486575e+02 9.575849659795274249e+01 8.743760612853891701e+01 8.272990426547868026e+01 6.773727889306618977e+01 4.774231675087032301e+01 6.315011996141928563e+01 6.002723796649338794e+01 6.237967816805876708e+01 5.477838795660676396e+01 3.720590376244786057e+01 5.189697722366712895e+01
9.632284024679323409e+01 8.229656692442081578e+01 8.809203075454117027e+01 9.996312627834221587e+01 1.082251723833703068e+02 1.088305922106114849e+02 1.172157549554468261e+02 1.280914971522132362e+02 1.165830008313219253e+02 1.024748176840436713e+02 1.098336436958404079e+02 8.993544329735648546e+01 7.916303124068075192e+01 9.912262692527346530e+01 1.064208475819441588e+02 1.147182079971102411e+02 1.138624804035690659e+02 1.221697362092987760e+02 1.235188074121171837e+02 1.203510159307969474e+02 1.121796224191953826e+02 1.158254400620447200e+02 1.239810564219788063e+02 1.160171577227745416e+02 9.592456071734164880e+01 8.595476423460034709e+01 8.743760612853891701e+01 6.746451856774234557e+01 6.275012360092222252e+01 7.106955479383705665e+01 5.107589947278768250e+01 7.106955479383576346e+01 7.719748506276305022e+01 5.725216345867686130e+01 4.310616208227363444e+01 5.723500040622907648e+01 6.557773443783948153e+01
8.486866150372027562e+01 6.842588201627283695e+01 8.599132249808558015e+01 8.020401188148881033e+01 9.996312627834221587e+01 1.186651984674065403e+02 1.104174395054092201e+02 1.186651984674065403e+02 1.190401955734330670e+02 1.223866706110259059e+02 1.181053969000802653e+02 1.073741153973298736e+02 8.815738232559046139e+01 9.182819573417251036e+01 1.058402424148211054e+02 1.257599396384031110e+02 1.177459143482877408e+02 1.095757226719607900e+02 1.037995461897443334e+02 1.089071104724730645e+02 9.234585081179777433e+01 9.603458557291170905e+01 1.125719573200318706e+02 1.244107152256564888e+02 1.068320086167479559e+02 8.680915105260196185e+01 7.529843622579505791e+01 8.743760612853891701e+01 7.641174288733606090e+01 5.642310543258186328e+01 6.107749223613907219e+01 7.936940988876116876e+01 7.166798543778755004e+01 5.163663468565069792e+01 6.312823040212706616e+01 5.310938748819638988e+01 7.314707331605779927e+01
6.516493811093309318e+01 6.035141619236829058e+01 6.633049230858877365e+01 7.765366586584711683e+01 9.738077326575725579e+01 1.087095903568409625e+02 9.050578878396143523e+01 1.087095903568409625e+02 9.912662561892976498e+01 1.060565490489802158e+02 1.143047575303592680e+02 1.162613797046543027e+02 9.959996523613700958e+01 1.116745866524254467e+02 1.199510285980117885e+02 1.235205834531612652e+02 1.037995722109829728e+02 8.968646941068209344e+01 8.968646914460713049e+01 9.995588281109478146e+01 8.068541056153321733e+01 8.442206990432634939e+01 1.009694870626960608e+02 1.091157750883814685e+02 1.152025240642617803e+02 1.036109780717401065e+02 9.527180641214275170e+01 9.642362101848458167e+01 7.641174329669013332e+01 6.642227111044888943e+01 8.106161571999909654e+01 8.106161529388445786e+01 7.834887380585298899e+01 5.830621319923285029e+01 7.834887380585298899e+01 6.726382047335555114e+01 6.726382047335555114e+01
5.370282071073799557e+01 7.349271149887873378e+01 8.599132249808637596e+01 9.421459213242957276e+01 1.056399411899429310e+02 1.004616432662886041e+02 8.057782098053870357e+01 1.004616432662886041e+02 8.506396455808614121e+01 8.615968923443107030e+01 1.002241223364538030e+02 1.201372727199087791e+02 1.194597458200836257e+02 1.277560553665362164e+02 1.292459293992914695e+02 1.210723722188605791e+02 1.177459143482877408e+02 9.809265694758092025e+01 7.797704608995557862e+01 8.951305210732415674e+01 7.148561693870689737e+01 8.853132203009765533e+01 8.130375354374396579e+01 9.524760969510069231e+01 1.147833210057803370e+02 1.175850807696327394e+02 1.061009190740881394e+02 9.788982418547634268e+01 9.472163591988216069e+01 8.640121191045781757e+01 9.472163591988206122e+01 1.010887839030941819e+02 8.671354315860641293e+01 6.831332633081272832e+01 8.671354315860641293e+01 8.735050211977971912e+01 8.735050211977971912e+01
6.789520351176409463e+01 8.168928369788469013e+01 9.393642540393183538e+01 9.490092767011280728e+01 1.032063520895357556e+02 9.383370501928588681e+01 7.396921309695900959e+01 8.536345987864785911e+01 7.360924300137206444e+01 8.764451094400541820e+01 1.075430905996741160e+02 1.171299823930328614e+02 1.253782387894396777e+02 1.354959713843319946e+02 1.210723722188605791e+02 1.013363942319137578e+02 1.071169283509420467e+02 9.427855446616531765e+01 7.407147147706947976e+01 6.915890097345545939e+01 6.543891391806542401e+01 6.841706537902634011e+01 8.853097898143123246e+01 9.995297734578079485e+01 1.140106189878444951e+02 1.094123573298032568e+02 8.945474449193277167e+01 7.769064241861437381e+01 8.622782115496839594e+01 9.450246179762484644e+01 9.711526120984328259e+01 1.053345051727554704e+02 9.677695590214030119e+01 8.838442128089299388e+01 9.677695590214030119e+01 1.011320269920629613e+02 9.283295750206339392e+01
5.848143370338955549e+01 7.825167999314243161e+01 7.377361588676278359e+01 7.405843332928486689e+01 9.462689644305973502e+01 8.763461947231914451e+01 7.985487952054674565e+01 6.550198705928481502e+01 8.536345987864785911e+01 1.017179003421453984e+02 1.030462761889951082e+02 9.721261407080447725e+01 1.171299823930328614e+02 1.273166606581324203e+02 1.076499628526545109e+02 9.618371051172903208e+01 8.719966370008225454e+01 8.156447808329762950e+01 9.427855446616514712e+01 8.951517633225157056e+01 8.159619031229118491e+01 6.098310292942729660e+01 7.144604323102117860e+01 8.589533570371698090e+01 9.823638520066556623e+01 1.064414128012034126e+02 9.899679416790301900e+01 8.622782115496839594e+01 6.571519227523505435e+01 8.622782080915636982e+01 7.688467132680931115e+01 9.371990679229023158e+01 1.053345012033932875e+02 9.638622151617532552e+01 8.806721015002206343e+01 9.103139699803273288e+01 7.256313113992308672e+01
6.102749114765713756e+01 6.939055849038858526e+01 5.941513408670523688e+01 7.967916606656905287e+01 8.447685927817599350e+01 7.455487429293886237e+01 5.996855442752947596e+01 6.325400910766558127e+01 8.312099126862150911e+01 9.366870776075205640e+01 8.315344950904056986e+01 9.462784696401554640e+01 1.087135087999455862e+02 1.286270991314713399e+02 1.241278860050324084e+02 1.152911618156026918e+02 1.071169283509420467e+02 1.015923800878878751e+02 9.459355428256448306e+01 8.745267584189571153e+01 7.891248544484645322e+01 5.822666666865180218e+01 7.891248544484645322e+01 8.397894962064769686e+01 7.807332643874353550e+01 9.823638520066556623e+01 9.073650446012391058e+01 7.032364999213486101e+01 5.935003886105199200e+01 7.516564584951575512e+01 6.489616702664969239e+01 7.688467132680925431e+01 9.711526117847921569e+01 8.806721015002206343e+01 6.772150785685151675e+01 7.368062609051848710e+01 6.227081289824494092e+01
