MOVIE_S11_data/elevation_000905.asc
nrows	100
cellsize	150.0
xllcorner	0
ncols	100
yllcorner	0
NODATA_value	-9999
[rows 68 to 84 of 100, columns 0 to 36 of 100]
5.009162696260269221e-02 3.173566864734717718e+00 6.335844524903083474e+00 2.633572064825201764e+01 3.465228395724385990e+01 2.030914711766560643e+01 2.697581378433170229e+01 4.111794873571870568e+01 6.111787456646307959e+01 7.589634441971989531e+01 5.605393413015911364e+01 5.132407070815067129e+01 6.793055413489706496e+01 6.552879510968955401e+01 4.865016338984374045e+01 5.127215604698698570e+01 4.863793081689549780e+01 6.550194770533587985e+01 6.819350756553235726e+01 4.817748958096305500e+01 3.666694842256693931e+01 2.787880980384840868e+01 4.770628042665202884e+01 6.005134202382586750e+01 6.354984266114129099e+01 5.005355596711260802e+01 6.355787618312502474e+01 6.480626440881658823e+01 4.474906982791802790e+01 4.198788894225076263e+01 6.201402270438924091e+01 6.505891320757675089e+01 6.245899883311137302e+01 7.402252267721856072e+01 8.821671526951422493e+01 1.082521239453186581e+02 1.127337526189377428e+02
4.695337527364121244e-02 2.004695337527328647e+01 2.633584069240363235e+01 1.111675896224061688e+01 1.465229286817332444e+01 3.465228395730627398e+01 2.883717577178926561e+01 4.038418107667705215e+01 5.452631225306288343e+01 7.452611780281569054e+01 7.589634441971989531e+01 7.113010142944651193e+01 7.938733298374926051e+01 7.717332850765423302e+01 6.882692404559837485e+01 7.149004091648069448e+01 6.877315821606603663e+01 7.713639836109530279e+01 7.648473902738921026e+01 6.492894279645339850e+01 5.599158145756258165e+01 4.770628042665202884e+01 3.183872384289753654e+01 5.176569762074296221e+01 6.509588524163801537e+01 7.143546304762644183e+01 7.749588288640335065e+01 5.743164194827254931e+01 6.475741834016235998e+01 4.948352871850092782e+01 4.691236065589554016e+01 5.091361564342846435e+01 7.093012664768534137e+01 8.654033581640084094e+01 9.656371125423947888e+01 1.117815497352995919e+02 1.035001580707423159e+02
7.614146464036156137e-02 1.421827708837143689e+01 3.421827708837214033e+01 2.525889446682174366e+01 2.619929824280299968e+01 4.293642449977550513e+01 4.297931050051245450e+01 4.148628616859720353e+01 5.562841562462066491e+01 7.562819715031778856e+01 7.637905725406193369e+01 6.811988343264442847e+01 6.684593132409284522e+01 7.511072507135739329e+01 7.823046510777984963e+01 7.497410072610530563e+01 7.497410072610530563e+01 8.323331434573356091e+01 8.133729786471003820e+01 6.129878800936981520e+01 4.716226621828517551e+01 3.962221116542264809e+01 5.176569762269189567e+01 3.686558322521856468e+01 4.828462308088718657e+01 6.775279305452511380e+01 8.577834323904966141e+01 7.162576151501912136e+01 6.521224031677405719e+01 6.057602328405876335e+01 6.692682444681538811e+01 5.845956077763490555e+01 5.821325210180168597e+01 6.821332428434193673e+01 8.827568894782936582e+01 1.017905387935899171e+02 8.352270338413165973e+01
2.352828262072655108e-02 1.416566390640997497e+01 3.416566421489063288e+01 4.525887357419445323e+01 4.619927718139897621e+01 5.448333385014021957e+01 6.297922468492574666e+01 6.148621601124793301e+01 6.977002063888815542e+01 7.461428162178650325e+01 6.484854152429318219e+01 4.813517724499290296e+01 4.686257203915019431e+01 5.825336683631603307e+01 5.825336681462966482e+01 5.498575273585550605e+01 5.498575273585550605e+01 7.497410072610530563e+01 8.133729786471003820e+01 6.129878800936981520e+01 5.374537396529701994e+01 5.955959829000468631e+01 6.073114741280319606e+01 4.077226873056568479e+01 6.073114741280389950e+01 7.586514216201190663e+01 8.512168110902213414e+01 9.166600535804572303e+01 7.900864627037978494e+01 7.421013221043450869e+01 8.678686900946749461e+01 6.846555076785278970e+01 6.487449194850437095e+01 8.492951394987633762e+01 9.656371125423947888e+01 9.351143072743705886e+01 7.352574047933849499e+01
6.786455232800275850e-02 2.006786442373740087e+01 3.003260225739028044e+01 5.003287582153730995e+01 4.907842875910262848e+01 5.658719943416765830e+01 6.182127506785776916e+01 5.354812782134609250e+01 5.464811419857026209e+01 5.464811419857026209e+01 5.658165126838277814e+01 3.660811008258806254e+01 3.533513629605585749e+01 3.828053514530724755e+01 5.142376534876544980e+01 4.086492084225324817e+01 5.498575273585550605e+01 7.497410072610530563e+01 8.963269948600469661e+01 8.133729786471003820e+01 6.530537841465417159e+01 6.955017528101365087e+01 4.969208420405457360e+01 5.487914436412362562e+01 4.927703305379485244e+01 5.681396685856249462e+01 6.834293535107104844e+01 8.837759982446280560e+01 9.923772470388405509e+01 9.434647324360301468e+01 9.680713039935714903e+01 8.264915248954496008e+01 7.489098895601703987e+01 8.124870746825008894e+01 1.013072246350422461e+02 8.644542217687481411e+01 6.644866413370441194e+01
3.257643153035955086e-02 1.003257643163598622e+01 3.003258783517120989e+01 4.645670552500521211e+01 3.185956932911685158e+01 4.649224008101499805e+01 5.029242126182855799e+01 3.358146592394237473e+01 3.468189782616600070e+01 5.464811419857026209e+01 4.842748789893141748e+01 2.844930344032237102e+01 2.533735558083587946e+01 2.829220168153708670e+01 3.145831817501016303e+01 5.142376538317732582e+01 6.512885053791293899e+01 7.920312251378159374e+01 8.745903986605058833e+01 9.384322446177429811e+01 8.545527332086093963e+01 7.671912105873005316e+01 5.674219699864703870e+01 7.485913253997640027e+01 6.079541056558500145e+01 7.680498315601732884e+01 8.512168110902213414e+01 9.673113745288657128e+01 9.801414507102263940e+01 9.543258452386415058e+01 1.036744442020865193e+02 1.026972102866449887e+02 8.649280374389543624e+01 1.013072246350422461e+02 9.798229837488040062e+01 7.799984263930274153e+01 6.644866413370441194e+01
1.880098487986705744e-02 2.001866500548108263e+01 2.289714244123422304e+01 2.952624943688727654e+01 2.140003529717381880e+01 3.894728480760623768e+01 4.202035367574932678e+01 2.203657037336919444e+01 3.350555864121164262e+01 3.529462017024752640e+01 3.777313211273580151e+01 2.136942109360206743e+01 4.136432240238211477e+01 4.826695099791559329e+01 5.142376538317732582e+01 3.689198570909671560e+01 5.685776119321504041e+01 5.921454053748139046e+01 7.662165989525594512e+01 8.487972864490970437e+01 9.486124501428670897e+01 8.500757630474404891e+01 6.672266760722210677e+01 8.500757630474404891e+01 8.079191400564027958e+01 8.908672942181294729e+01 1.021175869462669681e+02 9.206247586398744431e+01 7.804207869333717440e+01 7.544791758606707788e+01 9.215101258150149022e+01 1.036744435533983051e+02 1.065454255297653532e+02 1.148063205357129277e+02 1.062625350932617039e+02 9.472433921502711485e+01 8.578278565144238144e+01
2.900726248362994752e-02 1.461237010562494110e+00 2.897153327797973077e+00 2.071721941359242791e+01 1.347553371676391443e+01 2.766824828089654531e+01 2.949126256823132408e+01 3.085403343371086393e+01 1.350363742630563024e+01 1.529255950341028658e+01 1.777378677789886297e+01 3.777313211273580151e+01 4.963641524994464049e+01 6.689975151958208244e+01 6.512884692930026631e+01 5.685776102210826366e+01 4.290067026806071482e+01 4.954948429085047223e+01 5.661723702717151951e+01 6.662925336904247331e+01 8.661406642146953061e+01 9.501866753500168272e+01 8.672189228090496727e+01 9.501589586132743648e+01 9.340750919633134686e+01 1.016309341885324642e+02 9.347592376362609912e+01 7.390409482827925558e+01 6.391375633355154662e+01 6.391375797000709014e+01 7.544791758606707788e+01 9.543258452214872989e+01 9.314787748559794522e+01 1.013977768189574675e+02 9.939237207277865593e+01 9.110635610610508195e+01 9.110635610610508195e+01
5.081304048347550645e-02 2.005081304048312063e+01 2.289715788166715527e+01 4.954531327124322537e+00 6.421002476920181223e+00 7.928559198197279834e+00 9.504780003451724468e+00 1.109589461133960953e+01 3.109708373120112057e+01 3.529462017024752640e+01 1.904072412714613094e+01 3.896079196313243642e+01 3.922523459835187509e+01 5.880600284608092210e+01 7.075934873946900439e+01 7.115204607938471781e+01 5.443057168794796752e+01 5.553315759560120313e+01 7.552898590488752006e+01 8.487972864490970437e+01 9.486124501428670897e+01 9.998765772009485886e+01 9.780765086898274774e+01 9.012845048462138209e+01 7.343907953921637954e+01 9.012845048462138209e+01 8.522245440860143617e+01 6.523957008793492207e+01 5.391302956277662162e+01 7.390407967615082896e+01 7.195134893276868127e+01 7.901753106799232285e+01 7.316454994134353740e+01 9.314787748559794522e+01 9.110635610610508195e+01 7.107945768395163100e+01 7.107945768395163100e+01
4.469920835086939326e-02 1.159170459214328375e+01 3.159170459214292848e+01 2.042024511751359128e+01 2.585768116187312415e+01 1.347529553716542772e+01 2.949126250086905543e+01 1.593952147063347269e+01 3.547718307376589308e+01 4.737646178812589426e+01 3.905323128166579494e+01 2.293099893316779259e+01 4.292543401798553759e+01 4.334055883275811283e+01 6.312793946256309141e+01 8.268813117150568814e+01 7.442808089364483237e+01 7.552898589433520726e+01 7.552898590488752006e+01 9.548292648606754085e+01 9.998765772009485886e+01 8.002392059041733319e+01 7.783850811219126342e+01 8.187944664619526236e+01 6.195417849986452552e+01 8.187944664619526236e+01 8.303821821921036417e+01 6.305308597487724853e+01 4.891951032305256319e+01 6.301279225660776007e+01 5.196420839456757079e+01 5.903134983825768245e+01 7.316454994134353740e+01 9.314787748559794522e+01 9.110635610610508195e+01 7.107945768395163100e+01 5.689781106532609556e+01
2.324776005098762310e-02 2.002324776005063356e+01 3.987597583960418035e+01 4.526170234142916371e+01 3.915531962803238031e+01 1.924672105687598744e+01 3.914858911655423412e+01 3.547718307376589308e+01 2.335828729730793896e+01 4.283964794812342092e+01 5.121569428310090899e+01 4.292543401798553759e+01 2.710858340119970578e+01 4.693323605085814165e+01 5.997592915784854029e+01 6.513051199970500704e+01 7.091101592677367194e+01 7.922712142640227739e+01 8.819657758751320387e+01 9.978601515439224556e+01 9.780765086898274774e+01 7.783850811219126342e+01 6.375351781256283346e+01 7.372042621186803046e+01 5.498845377087169339e+01 7.380528318688865852e+01 8.198007728798002347e+01 7.717424777156750793e+01 6.301281722504113247e+01 4.309537330974205815e+01 6.301282795496490508e+01 7.555134445261661824e+01 8.448552618696349725e+01 9.601563421589084157e+01 8.940766645876207974e+01 6.950648071736890188e+01 5.795300821067656472e+01
8.699724428260374731e-02 2.008699724428224798e+01 3.725103900979051019e+01 4.879804439358523638e+01 4.578155739897730570e+01 2.590284408616939871e+01 4.578155739897730570e+01 5.114788103933311447e+01 4.283964794812342092e+01 3.193304377581380393e+01 5.166327607444259229e+01 5.538899660457382623e+01 4.123736375782347352e+01 3.170015397617977015e+01 5.167686665074418784e+01 4.512510546650182874e+01 5.088676334293952408e+01 5.983266674537260599e+01 7.139780670969582843e+01 9.145172217818532090e+01 8.912775551143849384e+01 8.782307949058696295e+01 6.787891595837733405e+01 5.388753924288183583e+01 4.851849466296211943e+01 5.404460418152785905e+01 7.060241739188435872e+01 7.385970820130613390e+01 5.388926657817890487e+01 3.992223126733971839e+01 4.732448891061311969e+01 5.623316688306600497e+01 6.777275639423447728e+01 8.775875184589170885e+01 9.764381956807119423e+01 8.421380030826590257e+01 6.427686382372351659e+01
2.249585233037712170e-02 8.966767762329613589e+00 2.051377314612233249e+01 4.051377314612303593e+01 5.402367145595911779e+01 4.578155739897730570e+01 3.996315787883829529e+01 5.982841643180217517e+01 5.875368950155144887e+01 3.869897183865215595e+01 5.875368950155144887e+01 6.954062945132406526e+01 5.744500629358672938e+01 3.746358462370552900e+01 3.758737528261870864e+01 5.756917922431391332e+01 7.091101592677367194e+01 6.723146481818292841e+01 8.728313908390639142e+01 8.912775551143849384e+01 6.913630580294160666e+01 7.280480517666217111e+01 8.107309503279279284e+01 7.372042621186803046e+01 6.240987180908231835e+01 4.290109556204121333e+01 5.737294510789223523e+01 6.557547221935347181e+01 5.684801609238018472e+01 3.712730032027516813e+01 5.684801609234492759e+01 6.606399792819306072e+01 7.312372630955415787e+01 8.139190610427220918e+01 9.292372646694349214e+01 9.245240183973373860e+01 7.769906025008586425e+01
2.739267172789772165e-03 2.000273926717243356e+01 3.243805998834623949e+01 3.999734943484323679e+01 4.828161669060207828e+01 5.982861930439747056e+01 5.982841643180217517e+01 6.808418503307997582e+01 6.714603416337008923e+01 5.278798038684784188e+01 5.875368950155144887e+01 6.814244496213353841e+01 4.812936975526884709e+01 4.898568834266079364e+01 5.756917922770569618e+01 4.910971835947302111e+01 6.065511296529768970e+01 8.069512442275429009e+01 9.561341694921216572e+01 8.694256438868593762e+01 6.694875356947684963e+01 5.280232328077750736e+01 6.463803957545860612e+01 7.291328430441311070e+01 7.063808444385146856e+01 5.737294510789223523e+01 3.801727062499035981e+01 5.274622756528659551e+01 5.405912099777403768e+01 3.440081062047440241e+01 3.998358351828304080e+01 4.616059308695335517e+01 5.315579906237181262e+01 6.467665077296220488e+01 8.466264608022488858e+01 9.575490060946930271e+01 8.592399606918122856e+01
8.327778614586213435e-02 6.113504677701160794e+00 1.243805999803797491e+01 1.999734945822265431e+01 3.154435484201496465e+01 5.154435478669885384e+01 6.126201862793227093e+01 6.126201862793227093e+01 6.954677062779447283e+01 7.315618535544152223e+01 7.908016648247539138e+01 7.645648421547966223e+01 5.812434813753218776e+01 6.900064951304725014e+01 7.731539604943178290e+01 6.912501807613274707e+01 7.743989501434712963e+01 8.901975026309513339e+01 1.010697083301261756e+02 8.109090977054458449e+01 6.694875356947684963e+01 6.463803957545860612e+01 4.463339012594317268e+01 5.756482614710694889e+01 6.584027230444092993e+01 6.557547221935075754e+01 5.274622756528659551e+01 3.343268389377561789e+01 4.837269755135013583e+01 3.169225645486934795e+01 4.295381492491500808e+01 6.277926762170180552e+01 7.312372630955415787e+01 8.139190610427220918e+01 8.984581555178445456e+01 7.564417831861898378e+01 8.789621739903152786e+01
6.510866554257997707e-02 2.006510866554222616e+01 3.243805998834623949e+01 3.999734943033308809e+01 4.151910145288675125e+01 4.980475671766352974e+01 4.126185659516127657e+01 4.126185659516127657e+01 6.126201862793227093e+01 6.590529896480737193e+01 7.419013472017564936e+01 8.648266236052997158e+01 7.816054178673499564e+01 8.648266236052997158e+01 8.528686573212426936e+01 7.700220186315590354e+01 7.700220186315590354e+01 8.528686573212426936e+01 9.683577986385782310e+01 9.521436271508103744e+01 8.324662502034051670e+01 6.325801395312934972e+01 4.911131100081734502e+01 3.756127366391081068e+01 5.153322162654201577e+01 5.980931289303811837e+01 6.087312304173601518e+01 4.835466847739204610e+01 2.899025193625214314e+01 2.927873773649316291e+01 5.361561374286571180e+01 7.104367478826654292e+01 8.575932709197707027e+01 8.983015985924598112e+01 7.975337900762036725e+01 6.130009308191017681e+01 6.771372675015848586e+01
8.953482861371392376e-02 2.008953482861335971e+01 2.487671796929216583e+01 2.737671931125975888e+01 2.151885570760647681e+01 4.151884796414717727e+01 2.711971770864130704e+01 4.441118240159641317e+01 4.957517469456102077e+01 4.590506301563583946e+01 6.256646370800587675e+01 7.085120356854129398e+01 8.085152689506162460e+01 8.429552011342515527e+01 7.373686962381529497e+01 5.699526873563598173e+01 5.699526873563598173e+01 6.854683315789280584e+01 8.855245031290928637e+01 9.227963265725730935e+01 7.231453727636126416e+01 7.058510736156408427e+01 6.231572994077609451e+01 5.153322162654201577e+01 3.153823505992240683e+01 5.153322162654201577e+01 6.004657154510439909e+01 4.004634750350622596e+01 2.592082690732560124e+01 4.590085459812008395e+01 5.943504818562362146e+01 5.788813647571701182e+01 7.754831852373052925e+01 8.151395349150418213e+01 6.127585890603432972e+01 5.109122345312802338e+01 7.141728279455472261e+01
