MOVIE_S11_data/elevation_000921.asc
nrows	100
cellsize	150.0
xllcorner	0
ncols	100
yllcorner	0
NODATA_value	-9999
[rows 68 to 84 of 100, columns 37 to 73 of 100]
1.078401933899905600e+02 9.668967224983531139e+01 8.867153159483829938e+01 8.179137669643382935e+01 6.218766643935796168e+01 6.792900359777701169e+01 6.138119428282513468e+01 4.149321558315715919e+01 3.900694851169473765e+01 5.528321267340063372e+01 5.443865523965222053e+01 3.280382091436364789e+01 3.364988016657568437e+01 4.916547986964914685e+01 5.937048978757209028e+01 6.508819436257962820e+01 7.104873845344546623e+01 7.807990050222400669e+01 8.637281172467015722e+01 9.794165036544463021e+01 9.858878100951109502e+01 9.025698721465377616e+01 7.426032351328993286e+01 6.008655255650540994e+01 8.013044068070946935e+01 7.015511051036131107e+01 8.017404234980239153e+01 1.002375540150856352e+02 1.001633124329458155e+02 1.085135245698863855e+02 9.978319170138227889e+01 8.087271892374616300e+01 6.796517814485397935e+01 8.793208738541456171e+01 9.201000702055898728e+01 8.365205225312216442e+01 6.605767257652237845e+01
1.106853996297661240e+02 9.782792423669260984e+01 8.956701130575494574e+01 8.982943544528170321e+01 8.179136437838714357e+01 7.744394254500035402e+01 5.777138579659207096e+01 6.122001645124976221e+01 5.473685408054796397e+01 3.559881365815648735e+01 5.206983007000320640e+01 3.135110507988704143e+01 3.150598009766961027e+01 3.768500470625859577e+01 3.952742268772198742e+01 4.521982880860989695e+01 5.127985015767592358e+01 5.819277104498434028e+01 6.960389879722288242e+01 8.965833415378885718e+01 9.025698721465377616e+01 7.021191931847319267e+01 7.495513102033295638e+01 5.491493057855168303e+01 7.072712709430881262e+01 6.013410883443993526e+01 7.430279310809983428e+01 9.434849189719354001e+01 1.030735410247057473e+02 1.131174982110915437e+02 1.092732811784244689e+02 9.626634197655641856e+01 7.790527211319191281e+01 9.626634197655641856e+01 9.200786943157672226e+01 7.179367209940285477e+01 6.014289982964282899e+01
9.918624905759239141e+01 8.630275354087166306e+01 6.959713683345412960e+01 8.226702697056252589e+01 7.400783105782417692e+01 7.400783105782417692e+01 7.744404749416851530e+01 6.941026053387139427e+01 4.974384832084828645e+01 5.229631275933257939e+01 3.236138781100148520e+01 4.913922913725913588e+01 2.925978143208816107e+01 3.216985322157027127e+01 5.851887511400553166e+01 6.508819436257962820e+01 7.104873845344546623e+01 7.807990050222400669e+01 8.637281172043338984e+01 9.244325014625978554e+01 9.025698721710531913e+01 7.021191931847322110e+01 5.604777378929541243e+01 5.006535309762784891e+01 5.069648783706405482e+01 7.072712700367286232e+01 8.316869361830499940e+01 7.470013182178809075e+01 8.470889726532865893e+01 9.886919161606196838e+01 1.189988472859347581e+02 1.063083445343084037e+02 9.795890265763725324e+01 1.063083445343084037e+02 1.003592561228709314e+02 8.760069751968953256e+01 6.738755492481267595e+01
9.093576238995149197e+01 7.736222276459483282e+01 5.803112486501037637e+01 7.400783105782417692e+01 5.400393791183965675e+01 5.400393791183965675e+01 6.813548244120110553e+01 7.765271217401065940e+01 6.957198284680364964e+01 6.045342298332580810e+01 4.913863094847797441e+01 2.919333157413884550e+01 2.790258952724321162e+01 4.298663896223455083e+01 6.228160013874087753e+01 7.586616777435641268e+01 8.453155254433319499e+01 9.693408936658353525e+01 8.668841589731384545e+01 7.261701429188917700e+01 8.668841589731384545e+01 7.954244772880562664e+01 5.950483171734962440e+01 4.535898643027019972e+01 6.537371356979265613e+01 5.777182562591498538e+01 6.312808891725119764e+01 7.315177041916084022e+01 8.730735969375805894e+01 1.073769851662392512e+02 1.124043395034060921e+02 1.051857192433548391e+02 9.690685063716834691e+01 9.431140604881569800e+01 1.025912679298544958e+02 9.595626323768425436e+01 8.393216611191897414e+01
7.493582224750761611e+01 6.909001641984308151e+01 4.907145575477998989e+01 5.908084497775781330e+01 5.587503771817112153e+01 3.984409054176197884e+01 5.006822845544686373e+01 5.833520437605779563e+01 6.869789122226565325e+01 6.107274953699659648e+01 4.112961694321163719e+01 2.699165729213997622e+01 2.660320234907947778e+01 4.672074424417369443e+01 6.120763361537636627e+01 5.513586996221751946e+01 7.586616777435641268e+01 8.872722155610179584e+01 6.967128144221682362e+01 5.883078154383066050e+01 6.888555740739997191e+01 7.716586015068754989e+01 6.272269819821953263e+01 4.271664523588846407e+01 6.272269817881603871e+01 7.781261674018948327e+01 8.316869365896717170e+01 9.149014522298303120e+01 1.015197354405137844e+02 1.065499126563457963e+02 9.244524645422966103e+01 9.690685063716834691e+01 7.690420351062986981e+01 7.430870846158840948e+01 9.023930159498884507e+01 9.851970205774017586e+01 9.229190854815887235e+01
5.491560809306184865e+01 5.054469835716695769e+01 5.908067524453206687e+01 3.906058505838768014e+01 3.585612891392865009e+01 3.276929870512652343e+01 3.004788075725796048e+01 4.045075451884208917e+01 5.459114079916629692e+01 5.158647181339130583e+01 4.330296111899478717e+01 2.482464455265299819e+01 4.483664948081411694e+01 3.420083103805970381e+01 4.062005980458636856e+01 5.313745845490749531e+01 7.080522772715546864e+01 9.462044986057436802e+01 8.296438165684986643e+01 6.305391746101059880e+01 4.910209313951384758e+01 6.125474630025973966e+01 6.013992786661170697e+01 4.014307995078342373e+01 6.013992786661170697e+01 6.706520124297581731e+01 7.537645364105117096e+01 7.602520888486297679e+01 9.608352895022541418e+01 9.656478391170259101e+01 7.830770367091412254e+01 9.656478391170259101e+01 8.276284321231132424e+01 6.277082566220229154e+01 7.024166529883325438e+01 9.023930159498884507e+01 1.023967610187447406e+02
6.648980404377621767e+01 6.453015102693827032e+01 4.450811918643958620e+01 5.908078392782179833e+01 5.587503771817112153e+01 4.432607553650403531e+01 4.626431832167342151e+01 2.630202975802474086e+01 4.274661438301650662e+01 4.177936203187567088e+01 2.329209015963016682e+01 4.280360724856435439e+01 5.311460593321375967e+01 5.453884817287871556e+01 5.453884817295021037e+01 6.983371125327539630e+01 8.108865876107118709e+01 8.530892865015299265e+01 7.698819269164049217e+01 7.537150674145654250e+01 5.540739266874400215e+01 4.135955473316711561e+01 5.451808518251699809e+01 3.763425413666412567e+01 4.220587203784889851e+01 4.704574976164641242e+01 5.599002271868580038e+01 7.015462038023991909e+01 9.019806327183562189e+01 8.829941656645708292e+01 6.831401123438256207e+01 8.642639605756910726e+01 7.609883736227499185e+01 5.610995396798311674e+01 7.609883736227499185e+01 8.429985734768324335e+01 9.248576091169840652e+01
8.647329767463038763e+01 7.280739841344644958e+01 6.453022964454824262e+01 7.280455418188506655e+01 7.269768808915571867e+01 6.436294770948204302e+01 5.454868693425499515e+01 4.274655072252672738e+01 2.273728886063583943e+01 2.176737355932096918e+01 2.754218070559164744e+01 4.737900762507008778e+01 6.503177335796935665e+01 7.405546633787447774e+01 7.513617777402600950e+01 7.522959817448929698e+01 6.104823897597034232e+01 6.841398440370710432e+01 5.695332766754214049e+01 6.062979390011568626e+01 6.006773870360572687e+01 5.176735554970860420e+01 3.454445111489587106e+01 4.865590383777984584e+01 6.220976974573893870e+01 6.706520124297581731e+01 5.704746608912444827e+01 7.121193243573729603e+01 9.125679378443651046e+01 8.123350874892119577e+01 6.124954237060333639e+01 6.644357430986197244e+01 6.782817906925025397e+01 5.111507216253112063e+01 7.107355056679610072e+01 6.427273930409685931e+01 7.869721631029804598e+01
8.874942753779986049e+01 8.224103895255774432e+01 7.398568991712024001e+01 7.167140251101160686e+01 6.582627820811855202e+01 6.290910977204357124e+01 5.867768389771877935e+01 4.022765783706985587e+01 2.027114341915106266e+01 4.028477121805025263e+01 4.737906739295642922e+01 3.693455747300178871e+01 4.578622908786463341e+01 5.978914017246139423e+01 7.992840293749756597e+01 6.691794203320134216e+01 4.689334647776055931e+01 4.838771823989081611e+01 6.062979390011568626e+01 4.062333915385766403e+01 4.907906186683354832e+01 3.178969503587279277e+01 5.176735554970770181e+01 6.281957634077597419e+01 7.698285814330208154e+01 8.540090980004143262e+01 6.861299368276752375e+01 8.540090980004143262e+01 9.536210472712240005e+01 7.538125265853389578e+01 6.124954237060333639e+01 5.231388468042199236e+01 4.785023061188329052e+01 4.641102049913587280e+01 6.524639584022443728e+01 5.273226914758671313e+01 5.875482180139170652e+01
7.108171850852215812e+01 7.398568991712024001e+01 5.399929462873225816e+01 5.168477953986359807e+01 4.582717899919584426e+01 4.290821866542962937e+01 5.079390541246156232e+01 3.085470116204962920e+01 1.930068518345258610e+01 3.345516379451166245e+01 5.346830142737253055e+01 5.678754341622611435e+01 6.511594861104771326e+01 7.405546633787447774e+01 7.391588978096328333e+01 6.560042052307670701e+01 5.425327234982319169e+01 3.423581046632970981e+01 4.481702339747425867e+01 4.649079616168627638e+01 2.907650244659173566e+01 4.907906186683354832e+01 6.006773870341077526e+01 6.843112884549542230e+01 7.674410812152247274e+01 8.571151336965341727e+01 8.865309331283184235e+01 9.698285868988963898e+01 1.012060057073703945e+02 8.123350873553826546e+01 8.056759230248745496e+01 7.229638744297177766e+01 6.180460104398726884e+01 4.184032378954289300e+01 4.544544279970590850e+01 6.545835319433759025e+01 7.869721618535923824e+01
5.107882737197171252e+01 6.377769538131628480e+01 5.985317427722620209e+01 3.984477515304750028e+01 3.167699378460018167e+01 2.875994771577962439e+01 4.476543617253962992e+01 3.835555451406452221e+01 1.833569776186557121e+01 3.835555451398862914e+01 4.773491810365722188e+01 4.773491810591607276e+01 6.795101920326342793e+01 6.984081326540646728e+01 6.153083843293858735e+01 4.556780668131771961e+01 4.924363912607533678e+01 4.253049868831832470e+01 2.474856398673345481e+01 2.644391160733323431e+01 3.085318081001278046e+01 3.619917265740993884e+01 4.173525746816435600e+01 4.839881979620302843e+01 5.735408808381245649e+01 7.152117103024740175e+01 9.156763049632809270e+01 8.647918392108572050e+01 9.476414315335406968e+01 8.745926675663764627e+01 7.913972813941023787e+01 7.289613430836929808e+01 5.290929938651957087e+01 3.880878194363352662e+01 5.876330598390921978e+01 6.693743999710507353e+01 7.325835803065531593e+01
5.378014850029774152e+01 4.376803845740988663e+01 4.005194189879698996e+01 3.645848089148165627e+01 5.168477953986675999e+01 4.476543617244438167e+01 2.475918553745851014e+01 3.739736948985706277e+01 1.737310794415152415e+01 3.612998962356228105e+01 2.763920003556922822e+01 4.086049718716743939e+01 6.184667795796209333e+01 6.153083843293858735e+01 4.150137774918469091e+01 4.736787095988539420e+01 2.919904896750422196e+01 2.247203297729777205e+01 4.253334410925564413e+01 4.648313518843097114e+01 5.085561167238765989e+01 4.349845266499308849e+01 6.175369249573135022e+01 6.175369249573135733e+01 7.674410812152247274e+01 8.571151336965341727e+01 8.322159017939681291e+01 6.649077803811429987e+01 8.322159017939681291e+01 7.913972822872375446e+01 5.909881879626573209e+01 6.496866505956263893e+01 5.628825189292186337e+01 3.634871395771183700e+01 4.143613473378230339e+01 4.695963618040609333e+01 5.326986014140380377e+01
5.792529610626000647e+01 5.378014841688681713e+01 6.006184216370609619e+01 4.801484529004095236e+01 5.891006730834779859e+01 3.890653812138322110e+01 4.101822762550151680e+01 2.100789746871675234e+01 3.579112515502142600e+01 1.610116627490415553e+01 1.921316709712164794e+01 3.854814117232394466e+01 6.081700723937332498e+01 6.153083833825754567e+01 4.150137774907561550e+01 2.731877380685164880e+01 2.028608906914466203e+01 4.027309147156186242e+01 5.071816408911361407e+01 6.061831395306381864e+01 7.068678605614205424e+01 5.504823924275248714e+01 7.182637977075577851e+01 8.179902442435081866e+01 8.875838966897045168e+01 8.047462614524843616e+01 7.493887240388063731e+01 5.495294737842285571e+01 7.493887240388063731e+01 7.913972751916921311e+01 5.909881879547874917e+01 4.497866604686402070e+01 5.385224911746605159e+01 3.393124210279341213e+01 5.385224962477488475e+01 6.693743999710507353e+01 7.325835803065531593e+01
7.790794997506270647e+01 6.534050517295727900e+01 7.627638436245217690e+01 6.801532713278339770e+01 6.717890294096390846e+01 5.891006730847740869e+01 4.929763872027599803e+01 4.101822762529673128e+01 3.524300449399429880e+01 1.521663467543881509e+01 3.524300441101693337e+01 4.703299395114019887e+01 5.564778890555793112e+01 5.766050064168077682e+01 4.938011559433112296e+01 3.877657729620250393e+01 1.883932141782614877e+01 2.540153739234215635e+01 3.248967487482556038e+01 4.251049170209525130e+01 6.250810367626975506e+01 7.508265196039992873e+01 8.340158450162029169e+01 8.721181171592176895e+01 7.721672409829977823e+01 6.048719823897874193e+01 6.787278084497100394e+01 4.787950944709440648e+01 6.787278084698708369e+01 7.734594055206608232e+01 5.752117208134441029e+01 5.488243961182961783e+01 3.503655668640288923e+01 3.177449211420235997e+01 4.583084265320714223e+01 6.579667895573416558e+01 8.362511174662714097e+01
9.353006937288338918e+01 8.529507296043968267e+01 7.843258542745283535e+01 6.948545816020505583e+01 6.121056292059717663e+01 5.564783393039148507e+01 5.064392031148975093e+01 4.851223150450898203e+01 2.849845459265919700e+01 1.433792509021749950e+01 3.311891726289983495e+01 2.786699120161499010e+01 4.737083796970018312e+01 4.938011957731919210e+01 2.939307365436500774e+01 3.524712819093992522e+01 1.743256518425424062e+01 3.728437839266734954e+01 5.246407523569486386e+01 6.010399215645164617e+01 7.067098064821769299e+01 7.342181553365904279e+01 8.168452804444105197e+01 7.892832374228592585e+01 5.894143478402472880e+01 4.894180892253549331e+01 5.999370637295292852e+01 4.183617910960493447e+01 5.977088675789941163e+01 6.805350114180167509e+01 5.754441553376211971e+01 3.763989142007344668e+01 2.876979599301053270e+01 4.866082282415735705e+01 5.902134294342145182e+01 5.535408888499405577e+01 7.533873242415090488e+01
8.899547796151064460e+01 8.170544665782092864e+01 6.172098980120104983e+01 5.013928474755215348e+01 4.115385831490042534e+01 3.563217945478478299e+01 3.073622445504603107e+01 4.400802169267520014e+01 3.599045922869267145e+01 1.625788297141686556e+01 1.310117729073639836e+01 3.192640200393863736e+01 4.016387546304854794e+01 4.165303834465528610e+01 3.338084997673242782e+01 1.543271138298344880e+01 1.841294848804578876e+01 3.824078903591275491e+01 4.768303951182999612e+01 5.262761496644849757e+01 5.932212727572041189e+01 5.348429833589977278e+01 7.342181553365904279e+01 8.721181171592176895e+01 7.721672409829977823e+01 5.999370639104316894e+01 3.997978807416114932e+01 3.605137629630814899e+01 3.975936931862648294e+01 5.647049142040348357e+01 6.563544365672407821e+01 4.671003267500984180e+01 2.680788697991951608e+01 3.280133442543179001e+01 3.907543910248183039e+01 4.903316085612525654e+01 6.315282869609396954e+01
8.802088920527474158e+01 8.996188096711183846e+01 7.535919658325538251e+01 5.535000696847558999e+01 6.121056292059717663e+01 5.564783393039148507e+01 4.400802169267521435e+01 2.427043950633131786e+01 2.086527615565201543e+01 3.599045922444226875e+01 3.192640572614508798e+01 1.191670875667982088e+01 3.068133303967037406e+01 3.153661879423168557e+01 1.358496983836762695e+01 3.338087703830615993e+01 3.824078903591275491e+01 2.298605496432598727e+01 2.701930817108451421e+01 3.224152802848391275e+01 3.923596299520893638e+01 5.089550667835253961e+01 7.083719688544846349e+01 8.645350696785601485e+01 7.645846908177277612e+01 5.817962364924236596e+01 3.816040387189258354e+01 3.212296451845517709e+01 2.823896470591152408e+01 4.389481952483697569e+01 5.063670975156242093e+01 4.236907939352727226e+01 2.494124676933923723e+01 3.159537196843697160e+01 5.150739808101636186e+01 6.730300722248799161e+01 7.729511799542220274e+01
