MOVIE_S11_data/elevation_000907.asc
nrows	100
cellsize	150.0
xllcorner	0
ncols	100
yllcorner	0
NODATA_value	-9999
[rows 34 to 50 of 100, columns 37 to 73 of 100]
8.627510455857310490e+01 8.178239001342532788e+01 6.194707917133576558e+01 4.804242441910133721e+01 3.674339865047377174e+01 3.129621211554604443e+01 4.891486311901842043e+01 3.110825731074337241e+01 5.074174229287759630e+01 4.790679164616961572e+01 4.051677647772733337e+01 6.006973885440670813e+01 7.366257184880400644e+01 8.059380230499598952e+01 8.881230854931617102e+01 9.291585582136579546e+01 8.591623251333010103e+01 6.922003434459850268e+01 6.456670994570936273e+01 7.084518413616893895e+01 7.786774083761221732e+01 9.191567747098541474e+01 1.119475940153354117e+02 1.030301754609680103e+02 8.615705109046699306e+01 9.997828995154927156e+01 1.082613708005439435e+02 1.011848792229379086e+02 8.099301007346006998e+01 8.690707162251074180e+01 7.318498742739087959e+01 8.029501988064127715e+01 8.029501988064127715e+01 1.004887224635441640e+02 9.740768407610553936e+01 8.052727032062171020e+01 9.740768407610553936e+01
6.635124652987734351e+01 8.047642579833822651e+01 6.418469643341809672e+01 5.302715009828309434e+01 3.340014999762961878e+01 5.092894186052204475e+01 5.894248962949814796e+01 5.074170124134504078e+01 3.295992299832350625e+01 3.428319835951776895e+01 3.561841779607601666e+01 5.524110193885958608e+01 6.543424361181742199e+01 7.462755566549854791e+01 7.298983804619835780e+01 7.299005215462308627e+01 7.763005643776084241e+01 5.778218511970042215e+01 7.763005643776084241e+01 9.074182148084510402e+01 9.778288998666256759e+01 9.778288998666258180e+01 1.178720101075298459e+02 1.146709093499176078e+02 1.064208941664576855e+02 1.099352618680984222e+02 1.016100207507946180e+02 9.940593591757631486e+01 8.690707162251074180e+01 6.672231091424278304e+01 6.417732585141779111e+01 6.602610795672505617e+01 8.620961842990915613e+01 9.945280752298670279e+01 8.906515235980792511e+01 6.886385398201444730e+01 8.906515235980792511e+01
5.239330642664350535e+01 6.688675631180754522e+01 5.596856426022343811e+01 3.634687902100966284e+01 5.302715009828309434e+01 3.645128588163734662e+01 5.607293428282871162e+01 6.079387268239202058e+01 4.427032850291169552e+01 5.390839640255526888e+01 5.524110193886706810e+01 3.759433035302117787e+01 5.721283446128048666e+01 5.489609742162237893e+01 5.322164242343527008e+01 6.562360433788859382e+01 6.818991590611021536e+01 5.377923905476854571e+01 6.775195325132146706e+01 8.764546066187730844e+01 9.301272572339837552e+01 9.301272572339837552e+01 1.130628686109570822e+02 1.163642916655421118e+02 1.062872264405589533e+02 9.795642934344888886e+01 8.141361327777347867e+01 7.920217999891032434e+01 8.036098236683798746e+01 7.585395709599708880e+01 5.599488776218063180e+01 7.611786319331712036e+01 8.626745878192492967e+01 7.927544897500585819e+01 8.192291482395265234e+01 6.175349807925859835e+01 8.192291482395265234e+01
4.651527794833134521e+01 5.838744338293419389e+01 3.937306138233422814e+01 5.596693381918817067e+01 6.418175626543705903e+01 5.607303771244902890e+01 3.955151277314272562e+01 5.917593172252836808e+01 6.395066345478152670e+01 7.219417381778409037e+01 6.415318377980187847e+01 4.495447319246352436e+01 3.961868341072163702e+01 4.107058893464237315e+01 4.347037444062833345e+01 4.595577297905359160e+01 4.847770333554779398e+01 6.818991590611004483e+01 7.737339461360062387e+01 8.151784734162355051e+01 7.310301233933927278e+01 8.715569752868465514e+01 1.071528426262777600e+02 1.080508116415348496e+02 8.786204704536282861e+01 7.773339665264435894e+01 7.099828415260959957e+01 6.493009603938857310e+01 6.020495260301863993e+01 5.573315709619417646e+01 5.182882464203226647e+01 6.612155207118864553e+01 6.612155207118863132e+01 6.502411860788845388e+01 6.872375707148745505e+01 5.570928033364508281e+01 6.575031032172411471e+01
6.127252790525144377e+01 4.250128268946648546e+01 5.321035640861622795e+01 6.721701770194468395e+01 7.019466414874730731e+01 5.048897299386482729e+01 4.176570218425148084e+01 6.139920097060253568e+01 7.299637964283353142e+01 7.783206750739908841e+01 5.848719214980499004e+01 6.415318377988712939e+01 4.834094826348827212e+01 6.068848602446356466e+01 4.367493810680772270e+01 6.331269104935365988e+01 6.818991590611021536e+01 5.368289113935527723e+01 5.752727637501728708e+01 6.164175193999196978e+01 7.568172811873040473e+01 9.560748552115840937e+01 1.079558675505238341e+02 1.163642916655421118e+02 1.062872264405589533e+02 9.795642934344888886e+01 9.121541844651402187e+01 8.511972310204969006e+01 7.394670852352814450e+01 5.971476038334476755e+01 4.970915155532231466e+01 4.605585370158363645e+01 6.239544585357134565e+01 6.279853925770074596e+01 4.863036310417094654e+01 6.281942679908110705e+01 8.297737112471483556e+01
4.779883880774668370e+01 6.215490374193797862e+01 7.041343763418939261e+01 8.123647717022734582e+01 6.656654632875918765e+01 6.956538150228162465e+01 6.139919990005166284e+01 4.508082214619520300e+01 5.894293886120015458e+01 7.876098214556759558e+01 7.203459298613533690e+01 7.630594252488587870e+01 5.966873388523640642e+01 6.518725164604569500e+01 4.552669380132839194e+01 5.938041743722129695e+01 7.920618954745410178e+01 7.348125032502434806e+01 7.737339461360065229e+01 8.151780844175215179e+01 6.974452915505561634e+01 7.967476937675509419e+01 9.373219081789156348e+01 1.137856561165564528e+02 1.082082135651062202e+02 9.987505473719312477e+01 9.987256029134877622e+01 1.024702986116247558e+02 8.820850356757647148e+01 7.813204829018071962e+01 6.388320027071663532e+01 6.239544585357170092e+01 4.232671303818267461e+01 4.271541775033876576e+01 6.279853925770085254e+01 7.014711325069841052e+01 7.849208686889352293e+01
5.169505277008519073e+01 6.516139499951455605e+01 8.318898494287446965e+01 9.454408006666486131e+01 8.633836404246576990e+01 7.467467685992900783e+01 5.487456417286852428e+01 4.749075748265466501e+01 6.137911825870885707e+01 8.122208025069862458e+01 9.182840912415952062e+01 8.778391861315418510e+01 7.949245241258792305e+01 6.709986510986531982e+01 4.740830382494802109e+01 6.709986510986531982e+01 7.413655302315981999e+01 8.238277258980714635e+01 9.383564110444669382e+01 9.795581539402392934e+01 8.379209193882850570e+01 8.379209288565363067e+01 1.037589491023033617e+02 1.156831747482375334e+02 9.987505473693245506e+01 7.963966192746212869e+01 7.963954106048754511e+01 9.103731796304704460e+01 8.786260664590591318e+01 9.237994489366096218e+01 7.712085494771839933e+01 5.788985115180885543e+01 5.885991556120284685e+01 3.876096078501192466e+01 5.591941708294783808e+01 5.002613107024730965e+01 7.014711522936588040e+01
5.607926435415451039e+01 6.937329935110379608e+01 8.719796632287300042e+01 1.013656937440887305e+02 8.140261366442986457e+01 6.736668528547905055e+01 6.985316190179692342e+01 5.010996523077866982e+01 6.146251099941616047e+01 7.547801967441672844e+01 9.540678339237226169e+01 9.601901132815318363e+01 8.191441736804522122e+01 6.971463037395488982e+01 4.997358531460799469e+01 5.145517812480268560e+01 5.439378640908074658e+01 6.578195716478315092e+01 8.554914320405927697e+01 9.845023286828107700e+01 1.037586749971406164e+02 1.037589411937452724e+02 1.121221866118884947e+02 1.073654626209888505e+02 8.714129289729007155e+01 7.544390973635381670e+01 6.531418272850301321e+01 7.098972587767653408e+01 6.752893495793939849e+01 7.767631619160100342e+01 8.390150345498967965e+01 7.712089669305754569e+01 6.719886527210341853e+01 5.591941416217460414e+01 3.579366789168544472e+01 5.307944188031790844e+01 6.142030414796598592e+01
7.623965064251504486e+01 6.879808855416261792e+01 8.893685088556874518e+01 1.072580382741361547e+02 8.724966444639190399e+01 8.531795142101397289e+01 7.265167455407824093e+01 5.286322241135773936e+01 6.682720040632136715e+01 8.671319903544740271e+01 1.001750234629676442e+02 8.606318011982402538e+01 6.780958495396825469e+01 5.382948655253518666e+01 5.978945952722154544e+01 7.116021909102668985e+01 7.413655302316244899e+01 5.896368311023208975e+01 7.037871973524067926e+01 9.014458682760120212e+01 9.362899533688893428e+01 1.136354120531965748e+02 1.151680586612049950e+02 1.050565401180598855e+02 9.669614887586935481e+01 8.953403947170400556e+01 7.693404171275423664e+01 5.666117591708548673e+01 5.316393619517751290e+01 5.675566224384947134e+01 7.562131466129811486e+01 6.771853508847952696e+01 5.935362453172219688e+01 5.735903040875430037e+01 5.307944188031780186e+01 3.293170878291889636e+01 5.029132979015665939e+01
9.415290116930721354e+01 8.311727109768511923e+01 9.734670836107893876e+01 1.008844551311976971e+02 9.255897852366739187e+01 7.703491435362560935e+01 5.719213983782613298e+01 7.264958161804659653e+01 6.682720639062492296e+01 8.671380845908697665e+01 9.138505058904087264e+01 7.194490909907312925e+01 5.792132986584346810e+01 7.363712778265735892e+01 7.963980122068828393e+01 7.963980122068828393e+01 8.699031345524676340e+01 7.873277279115826843e+01 6.398896939392880512e+01 7.387657975508759023e+01 9.362899548684167428e+01 1.095026518934954964e+02 1.068239324103395944e+02 8.656836534139914363e+01 7.643864437186977057e+01 6.927861312976547481e+01 6.342852205650892472e+01 7.693404171725001106e+01 6.879756435838451978e+01 4.842120793010404611e+01 6.443133311804656671e+01 5.935362453076084677e+01 3.913792488261834990e+01 3.719686524169411257e+01 3.528216225260261041e+01 5.029132980070257730e+01 3.013187796560256260e+01
1.102055358111182102e+02 1.032270285281452686e+02 1.066913720288473968e+02 8.670514946502829901e+01 7.266041013637178025e+01 6.604272764042744370e+01 6.091828188338061523e+01 8.078856824644086032e+01 8.671336719256471781e+01 9.502724188609093403e+01 8.309159451565798804e+01 6.320723337925613805e+01 6.320723337925613805e+01 7.725414980568717738e+01 9.718503953187976663e+01 9.960383554058019229e+01 9.994338971206315136e+01 8.011403287486226077e+01 8.375278765249288426e+01 6.996605163339616240e+01 8.133559131605079529e+01 1.011354690166174635e+02 1.151680586612049950e+02 1.050565401180598855e+02 8.953403947352185810e+01 7.997122647903212567e+01 8.368680154956838635e+01 9.205932833651603175e+01 7.717938082869785887e+01 6.443133311804656671e+01 4.408977483211712212e+01 4.194523438383374270e+01 5.233513463041089864e+01 5.348502657519608050e+01 5.068770352170685101e+01 3.258936876847487696e+01 3.075447391038830247e+01
9.373362242445587356e+01 1.133595635329214417e+02 1.066913720288473968e+02 8.670514946502829901e+01 9.142574853999187212e+01 7.152666637486007062e+01 7.495511844217085695e+01 6.772283014216475294e+01 8.176817345195313180e+01 1.017151963067204576e+02 8.707008473759789524e+01 6.717763183165365604e+01 8.309177225140763312e+01 7.209077231520041096e+01 8.613907922792311922e+01 1.061214080020847064e+02 1.082978001137152120e+02 9.854033830023665530e+01 7.878169479548246557e+01 8.970400429627358108e+01 8.049430289506398140e+01 9.441308362862407932e+01 1.144432868114216291e+02 1.181042697502432759e+02 1.085719826069150145e+02 1.002192147031524172e+02 9.638059216112608851e+01 8.208405153410591026e+01 6.892566928558245820e+01 4.857669686191669456e+01 6.443131219582997460e+01 6.226977619271773534e+01 4.983761775085795875e+01 6.472480986014069515e+01 4.558812264039160311e+01 5.274017604158320438e+01 5.090531789872516555e+01
1.102055358111182102e+02 1.215694750653793363e+02 1.150637607973671663e+02 1.066913720288473968e+02 8.775563207104568164e+01 8.557388418451996870e+01 9.486801406265057324e+01 8.761052371692179008e+01 7.551524217543547479e+01 9.541639984257729168e+01 9.121830419863637474e+01 7.132414777296648367e+01 9.121830419863637474e+01 8.097228263771943091e+01 9.199176782197602620e+01 1.120288160471564822e+02 1.126783678648001512e+02 9.268417470936265090e+01 9.268417470936265090e+01 9.854033830023665530e+01 9.183549395095957379e+01 1.086425258028486809e+02 1.161183846177749501e+02 1.060246437762600067e+02 9.767981833442959783e+01 9.093976842576029185e+01 8.484478982588048268e+01 6.778751090708563254e+01 5.339272735776510359e+01 6.892566928558245820e+01 6.892566160554734722e+01 7.509086101233729948e+01 5.559073637937473933e+01 7.414746361198122315e+01 6.008736686719052500e+01 6.796701715253540499e+01 4.800320284986564445e+01
1.047408402842443564e+02 1.129280457436563552e+02 1.268863077360916378e+02 1.161263890022663077e+02 1.077558941233880319e+02 1.055530271841794274e+02 1.048226227721523856e+02 8.486901071558750687e+01 9.541639984257729168e+01 1.037474383029167342e+02 9.721877482614496557e+01 7.731746307653838812e+01 8.068728942724101216e+01 1.006099218953671368e+02 9.502989209650719715e+01 1.150946307249348308e+02 1.211020382563007018e+02 1.126783678648001512e+02 1.126783678648001512e+02 1.186279328971026956e+02 1.118149231231270591e+02 1.202376625987929231e+02 1.077906624373836308e+02 8.756897423147553639e+01 7.745966860842185042e+01 7.072501130471316344e+01 6.461289098016250421e+01 5.896055903900388984e+01 6.359027258050743114e+01 8.208405153073087490e+01 8.917440544611650921e+01 8.123294411101478829e+01 6.180998657604977353e+01 8.123289473696620178e+01 8.003697114887917508e+01 7.626746879083118813e+01 6.160251568385480425e+01
8.513703315687115492e+01 9.896978375122097304e+01 1.143379493213794404e+02 1.060670566882956791e+02 1.039474109347411996e+02 1.122201280185211800e+02 1.123917146738235004e+02 9.236577985140891656e+01 1.123917146738235004e+02 1.087571217580022847e+02 8.877211863666873626e+01 8.877211863666873626e+01 8.955808846509080468e+01 1.006099224662097527e+02 1.150946307249348308e+02 1.234914884079504276e+02 1.287924485271711603e+02 1.187291560302987108e+02 1.104069972034401701e+02 1.138836680779089647e+02 1.138836680779089647e+02 1.222004383346843355e+02 1.161183846177749501e+02 1.060246437762600067e+02 9.767981833442959783e+01 8.934612547870088406e+01 6.912081591333124209e+01 6.805270027684933609e+01 8.384149344258868553e+01 8.384149344258868553e+01 9.498795100292603877e+01 7.553543370584964123e+01 7.553543370584964123e+01 8.934472241969343997e+01 8.836796531793258680e+01 6.835651582918784186e+01 5.427138350867372196e+01
9.342257696211389373e+01 1.129280457436563552e+02 1.028067811929683160e+02 8.609247126852791610e+01 8.398008754186234626e+01 9.808949825552609525e+01 1.180896631720997334e+02 1.038666851943886087e+02 1.207809169181505098e+02 1.171351865053763959e+02 1.002531784539735185e+02 1.028555714734747397e+02 1.010421861883375243e+02 1.179322436234279223e+02 1.291176645965925331e+02 1.347107192147669821e+02 1.145922813053222455e+02 1.003291590647621376e+02 9.021853863820419406e+01 9.370587277037161300e+01 9.370587277037159879e+01 1.138836680779089647e+02 1.108071538787101815e+02 1.167194377252765918e+02 1.036361843049829332e+02 8.342698930574556471e+01 8.342698930574556471e+01 7.973461963827186594e+01 9.663238219428860987e+01 1.040421273761889438e+02 1.031541375735585859e+02 9.498795100292603877e+01 9.498795100292603877e+01 9.300719193562811427e+01 9.486555492453841509e+01 8.253016483376353563e+01 7.421769688386780217e+01
1.015824123648416020e+02 9.578757120929820701e+01 8.753267618272184336e+01 7.472994125828775225e+01 9.453472441924162695e+01 9.808949825552609525e+01 1.180896631720997334e+02 1.240371215107428924e+02 1.324500106857852870e+02 1.287820492275557172e+02 1.203737243436482345e+02 1.230047244939355835e+02 1.211743541461369063e+02 1.295846595989004015e+02 1.322030224779850869e+02 1.239168706069427799e+02 1.222484694819016937e+02 1.139481213181498589e+02 9.961581218655508962e+01 7.935353627796064302e+01 9.221707513220134445e+01 1.005687656086431474e+02 9.056074960646870409e+01 9.649078412316399067e+01 1.119697951536431759e+02 1.036361843049829332e+02 1.036361843049829332e+02 9.995061343690097999e+01 1.082901139168817934e+02 1.131210006291023547e+02 1.014574115124964919e+02 9.310687790277218312e+01 8.542944034011135557e+01 7.269956732915221664e+01 7.456772288876658195e+01 8.889046109671625118e+01 8.803691244099486823e+01
