MOVIE_S11_data/elevation_000741.asc
nrows	100
cellsize	150.0
xllcorner	0
ncols	100
yllcorner	0
NODATA_value	-9999
[rows 0 to 16 of 100, columns 0 to 36 of 100]
8.271705653423140625e-02 2.127631151761726416e-02 9.425194436011796739e-02 4.939197167322698090e-02 3.975871534419905817e-02 6.171646774684565184e-02 1.696294146011132625e-02 1.936121709489252440e-02 4.216450047424835645e-02 2.297044857093000214e-02 6.704298068806634203e-02 4.162315340452049650e-02 3.835349583220235004e-02 2.777463300387698203e-02 2.207885817162396139e-02 7.161913568127860341e-02 9.025521335945362045e-02 3.502399586135773735e-02 8.040414306008919487e-02 3.131346976591601466e-02 7.604099264847130613e-02 2.387740603804927586e-02 5.687112022313325910e-02 4.074439634684711570e-02 8.709178300582484655e-02 7.612946965408906586e-02 1.077918208624280109e-02 9.929772718869623455e-03 4.600412614040166881e-02 2.152795518990661267e-02 2.378824418737431057e-02 9.511189423522797837e-02 9.406546861214974686e-02 1.749038473908382007e-03 2.223905489293687143e-03 6.269637160239108220e-02 9.476101746191394060e-02
7.813061968023242432e-02 2.002127631151726206e+01 2.009425194435976181e+01 1.419152759540430253e+01 2.003975871534384368e+01 1.160872185153926139e+01 4.016962941460128000e+00 2.001936121709453786e+01 1.418430012420532371e+01 2.002297044857057529e+01 7.138110792553572281e+00 2.004162315340416356e+01 1.003835349583228975e+01 2.002777463300352068e+01 2.002207885817126964e+01 2.007161913568092260e+01 2.080329593811268474e+00 1.754445660064649104e+01 1.891325195933370296e+01 2.003131346976556060e+01 5.076040992648491290e+00 2.002387740603769473e+01 1.993707304367215372e+01 1.293192975093393482e+00 1.970368904316603675e+01 2.007612946965336320e+01 2.001077918208588713e+01 1.415206539644994521e+01 2.004600412614004767e+01 2.002146894324116744e+01 5.797290936083606461e+00 2.009511189423487210e+01 2.009406546861179521e+01 2.983307040704651580e+00 2.000222390548893969e+01 1.420483199533346585e+01 2.009476101746155763e+01
2.526786264046545702e-02 2.002526786264010994e+01 3.495510108375458458e+01 3.419152759540500597e+01 3.160872185153890612e+01 2.809944584609915097e+01 8.099445846098793922e+00 2.809944584609915097e+01 3.418430012420602537e+01 3.542238207753471357e+01 1.608238270255288782e+01 3.542238207753471357e+01 2.418048911956349301e+01 3.832262474329519364e+01 3.533732252427575560e+01 2.409079729508644263e+01 4.080329603489681212e+00 1.507502688859609741e+01 3.198679331304034434e+01 3.024001878759211337e+01 1.024001878759175810e+01 3.024001878759211337e+01 2.962876854694082951e+01 1.823463493410412894e+01 3.074934610132545210e+00 1.846246070215305934e+01 3.192194459694462694e+01 3.415206539765377869e+01 3.522526516704598976e+01 1.522538135094731260e+01 2.579723133188491602e+01 3.408155005994711928e+01 2.603699595304851400e+01 5.999345733102874334e+00 2.603699595304851400e+01 3.420483199533416752e+01 3.543848152694764764e+01
4.163169627051844027e-03 6.670829836293689752e+00 2.667082983629404680e+01 4.650210646754689492e+01 5.160872185153819203e+01 3.344467068434803281e+01 1.344467068434732759e+01 1.878989552259595897e+01 3.878989552259666596e+01 4.436665408975942881e+01 3.022451832628517820e+01 4.436665408975942881e+01 4.418048911956420000e+01 3.987396362423823604e+01 2.702936506063855759e+01 7.013276092871612022e+00 2.401217066372775122e+01 3.129637422129703594e+01 4.206459256884635778e+01 3.601352147948882276e+01 1.601352147948811577e+01 3.601352147948882276e+01 4.132772880145168415e+01 2.079848797507330005e+01 2.306119190540889008e+01 4.878274313515561289e+00 1.983321501547450438e+01 3.859686769412373764e+01 4.350828389451667988e+01 2.936752326756813147e+01 2.936751096555595453e+01 4.936654159213920678e+01 2.942404716672068332e+01 9.182329607963200857e+00 1.751163865293135302e+01 3.759621580851142397e+01 4.436769056239933917e+01
5.883922493566802470e-02 2.005883922493531202e+01 1.821783522008600187e+01 2.976484060387831221e+01 4.976484060387760167e+01 3.921817337624439403e+01 1.921817337624368704e+01 3.878989552259666596e+01 3.293203114632741091e+01 5.293203114632811435e+01 5.022451833369986218e+01 4.826399000366938452e+01 3.994719677000371405e+01 3.156310573163933597e+01 1.154264901344982519e+01 2.702936506063855759e+01 1.101342696892972839e+01 2.516446776180715617e+01 4.515154648667805759e+01 4.268018814615560785e+01 2.268018814615490086e+01 4.268018814615560785e+01 4.976433148324171896e+01 3.497471214561726072e+01 1.531035172618317652e+01 8.295702440757107610e+00 6.617223375703360055e+00 3.385024844696651058e+01 4.349012522093304511e+01 4.936865655012468324e+01 4.350956678791111187e+01 4.455541832451804396e+01 2.447767111627178593e+01 1.276845936703867324e+01 3.296352556911579512e+01 3.173267635838532641e+01 5.175205226933631053e+01
1.256007409845548775e-02 1.415469569782928083e+01 3.415469569782857207e+01 4.650210646754689492e+01 5.804911185133920526e+01 4.628924118810999033e+01 2.628924118810928690e+01 3.921817337624298005e+01 5.293203114632811435e+01 6.121630239379031480e+01 5.382431243895357653e+01 3.994719656550783782e+01 1.991901053141896938e+01 1.632489438797052372e+01 3.156310551794052799e+01 3.393666845395480181e+01 1.393103968877960064e+01 2.808400069835731827e+01 4.806625832558189870e+01 5.096445939364137701e+01 3.268018814615525258e+01 5.096445939364137701e+01 5.102292622881289930e+01 3.136799555116083837e+01 3.434284125340662541e+01 2.628778529036743805e+01 7.849083593153427074e+00 1.518362481029672040e+01 2.664500193801600503e+01 4.683385955832195435e+01 6.350607044498895704e+01 5.284610250893548056e+01 3.680557489351325984e+01 1.663831837512201872e+01 3.680557489351325984e+01 5.175205226933631053e+01 6.003760703763434492e+01
9.594114293757748102e-02 2.009594114293722100e+01 3.652635047558457870e+01 4.652635049601411055e+01 6.066848614774661286e+01 5.457351243557219078e+01 3.628924118810963506e+01 5.457351243557219078e+01 6.750244462370287124e+01 6.385421575735349364e+01 4.550268671271830812e+01 2.547208287237317492e+01 3.994719677000371405e+01 3.048170974731151972e+01 4.466416349622060977e+01 3.698750710534790187e+01 1.698182020127300262e+01 3.698750710534790187e+01 5.521590986713990645e+01 6.096445939367931999e+01 5.268018814615595602e+01 6.096445939368786782e+01 5.912683196367900251e+01 4.398481435776699300e+01 2.402194895281429865e+01 9.752256230419837024e+00 2.796577441432718558e+01 3.511891080563332679e+01 4.351922755588910263e+01 5.535471624806616830e+01 7.017366589145719047e+01 4.785495787773407983e+01 3.112892799036531954e+01 2.070407781629711153e+01 3.238360817003550096e+01 5.247854921368372771e+01 6.205110801988643487e+01
7.711341127313005306e-02 8.242079220550461827e+00 1.824207922055063946e+01 3.238421484428209141e+01 5.173147974940319926e+01 6.173147500101237029e+01 5.043137681184108345e+01 6.457351243557353371e+01 6.709801366292865055e+01 4.704425502082396804e+01 3.548540271279088643e+01 3.064347108279160281e+01 5.067473744859958629e+01 5.051740264608717723e+01 5.582518416929018201e+01 4.052381174315697621e+01 2.051945426699615993e+01 2.699207919591989935e+01 4.114278919052711103e+01 6.108223559901037447e+01 6.791317092117121490e+01 5.788351599171832618e+01 4.959728599414417261e+01 4.287076536074505384e+01 3.122056051853372693e+01 1.115200054295534038e+01 3.039287444256764914e+01 2.952822634375789335e+01 3.783273548779980189e+01 4.783517566672501431e+01 6.505386936108854457e+01 6.040446164071706647e+01 4.576106425856235660e+01 2.562247484195666303e+01 4.576106425856235660e+01 6.077179751412383979e+01 7.028624305132062489e+01
2.297228869525369793e-03 2.000229722886917116e+01 3.190020688361375178e+01 2.344721226743384435e+01 3.344721226743349263e+01 4.758934789108119645e+01 6.758934769017848510e+01 7.871564805930097464e+01 7.545137318480279021e+01 5.551997071264570849e+01 5.551997071264570849e+01 3.619852443055277291e+01 5.623064922602905824e+01 6.396178903732846521e+01 4.759235977733819567e+01 2.759948678488863649e+01 2.587104230453319431e+01 4.586829902806463366e+01 4.114278919052711103e+01 6.108223559901037447e+01 5.964954912142593457e+01 3.954502286686238222e+01 2.942575395296807983e+01 2.286851205533100995e+01 2.154785323093875249e+01 1.256254710941512975e+01 1.836891390542144720e+01 2.988417668719015907e+01 5.029297446642073055e+01 6.332918001039628564e+01 7.266311017550096096e+01 6.213174862110843577e+01 4.208183690690969314e+01 3.277770917366021308e+01 4.208186265372928858e+01 6.213287920996692293e+01 7.173575213388635063e+01
9.647730019007895452e-02 5.869979992086311604e+00 1.190020688364153223e+01 2.604234250736555367e+01 4.604234242798558796e+01 4.604972842129321009e+01 5.433736913053729722e+01 6.328441810372805065e+01 7.483655266265775197e+01 7.560960729812371994e+01 6.227177252495265236e+01 4.223563323014901272e+01 6.227177252495265236e+01 5.574460567211045969e+01 3.577576297221948209e+01 4.759235977733819567e+01 3.220527530357362167e+01 4.586830632232092597e+01 6.108223559901037447e+01 6.928903054390595173e+01 6.791317092117121490e+01 5.788351599171832618e+01 4.958898094739953422e+01 3.458348968143905466e+01 1.459209502323698615e+01 3.258431397842521449e+01 3.819966984427433232e+01 4.679979344337110092e+01 5.958715907315466609e+01 6.741091284859108157e+01 7.565444576185194592e+01 7.042111111604950224e+01 6.115332830579855994e+01 4.178616570270185804e+01 6.115332830579855994e+01 7.042943958569715335e+01 6.348007941586659797e+01
3.582433992925927735e-02 2.003582433992890444e+01 3.190020688361371981e+01 3.157582472167527143e+01 3.604829376248646611e+01 2.604685910367969015e+01 3.499136501137463284e+01 4.653971755330824323e+01 6.654780978696265947e+01 8.012088752428758198e+01 6.936000399478774625e+01 4.931145783902667290e+01 6.936000399478774625e+01 6.239223964598854621e+01 4.244933772435440034e+01 5.884022097448466582e+01 3.888091994450002176e+01 5.884022097448466582e+01 7.398804551740975910e+01 8.294898365263792073e+01 7.145651162473640738e+01 6.320853859789642826e+01 4.989731964310399093e+01 3.018694296833161417e+01 1.606170619648049325e+01 3.603645703943440282e+01 4.243180306579562000e+01 4.661283577282905810e+01 5.118248240640748747e+01 4.753523418718908999e+01 6.493798613360289096e+01 7.487338028714673044e+01 7.011016255510068618e+01 5.596172887359899306e+01 7.011016255510068618e+01 8.344062679132329663e+01 6.348043318866393037e+01
1.813270376062421294e-02 2.001813270376026921e+01 2.554524908098733960e+01 1.157466805165736545e+01 1.604680415745231770e+01 2.271347484396518723e+01 3.027280714809198869e+01 4.027325757102996562e+01 5.182226275441928465e+01 7.183202590546244437e+01 7.771693239844648815e+01 6.346919091662940104e+01 6.936000399478774625e+01 6.991556803748962068e+01 5.001071208210615282e+01 6.705131366238597934e+01 5.301621609422598880e+01 5.519379489161918428e+01 7.506495642801158397e+01 7.469715005747453063e+01 5.479829130107182777e+01 4.328831020203273283e+01 5.168959395660549205e+01 4.419648250082648389e+01 3.603645680650780037e+01 1.816662030291940155e+01 2.234557765634516002e+01 2.669777879483993033e+01 3.126724262377281960e+01 3.679931803546035241e+01 4.677184196821846740e+01 6.081852926267658432e+01 8.067208952915586906e+01 7.597114694105802357e+01 7.390653803777337316e+01 6.574582127838435497e+01 5.874237218369281521e+01
2.372884694381488524e-02 2.770940125917601193e+00 5.544441107043758699e+00 2.554524908098764868e+01 3.604829376248646611e+01 4.271570322174705581e+01 5.027632066740849837e+01 5.856431231957508743e+01 6.323736622674058339e+01 7.154593537984818852e+01 8.312416519967605666e+01 8.358168482148253986e+01 8.950523037294468054e+01 7.810437453998885360e+01 6.153502409140074292e+01 7.810437453998885360e+01 7.290061254373226518e+01 7.506495642801158397e+01 7.618074476099687331e+01 6.525094716492509406e+01 5.729490730559469824e+01 5.170758937123039800e+01 3.176854586176015260e+01 2.512804666801739728e+01 2.221624574377480599e+01 3.812275084251723456e+01 2.088701775403384886e+01 4.081220364379773713e+01 5.117940730228280444e+01 5.670267220112550177e+01 4.830905402039624619e+01 6.235220648753622186e+01 8.221003906892461544e+01 7.712735466944039331e+01 5.741396056808962811e+01 4.593707589217959963e+01 3.889327859694648026e+01
8.175220331382776484e-02 2.008175220331347077e+01 2.554524908098764868e+01 1.109144309709897058e+01 3.109440172189190221e+01 4.158589343382809034e+01 4.675281022385518526e+01 5.253090784589346640e+01 4.320741668329834795e+01 5.476341001642148143e+01 7.481300568059334921e+01 8.058231333114771644e+01 7.228940447096408661e+01 7.707654143679874892e+01 8.136360396537870088e+01 8.953553542338589466e+01 8.825076440084670537e+01 7.935987997504805946e+01 6.820622249652521418e+01 4.885080653897783520e+01 3.736196948637503112e+01 3.352128736057191105e+01 2.982141270427306878e+01 4.505775971825899973e+01 4.215043661710820544e+01 4.296142763608002468e+01 2.304491648372625079e+01 2.704256723199007695e+01 4.676290596903408670e+01 6.129370795408743078e+01 6.816810436117307859e+01 6.816821163593907329e+01 8.804236422019430108e+01 8.528473340051939999e+01 7.390653803777337316e+01 6.574582127838435497e+01 5.874237218369281521e+01
9.124702163186203252e-02 2.009124693208499224e+01 3.719115218174409421e+01 3.109432641873461378e+01 1.698912207303116162e+01 2.157743885971181541e+01 2.674142754484055473e+01 3.251499054096722574e+01 5.253090784589346640e+01 7.154593537984818852e+01 7.411332588307261915e+01 6.581912528965369802e+01 5.227270681740812819e+01 5.705957734145335536e+01 7.707654143679874892e+01 9.406487420467868787e+01 7.418622275101583341e+01 6.013531920200487946e+01 5.122857045668686027e+01 4.368158768765282929e+01 5.729490730559469824e+01 5.345880944254295741e+01 3.874320320896741521e+01 5.799929373448919279e+01 5.511608742677779560e+01 3.856393288777208994e+01 2.521990126273442101e+01 4.524336078843518294e+01 3.349829425267318328e+01 5.313363046184932870e+01 6.791057188814563972e+01 7.617720009765470479e+01 8.607836091300910653e+01 8.284317116863259400e+01 7.264663466176260442e+01 6.414641773759511523e+01 5.742653133764665796e+01
2.239863785106879432e-02 8.966632686925033013e+00 2.894864109032786814e+01 4.529113803321004639e+01 3.114374142402673584e+01 3.572168040053298199e+01 4.675281022385518526e+01 5.253090784589346640e+01 6.083498209484459096e+01 6.351721249786621826e+01 6.255334012228835405e+01 4.579725933531201321e+01 4.070783095385478845e+01 6.073275869239615332e+01 7.195651147403491166e+01 8.611166004660371698e+01 8.825076440084670537e+01 7.769336677954888160e+01 5.778244335964910050e+01 5.074222101680157948e+01 7.065414661985073508e+01 5.866645311197239465e+01 5.866645605888599846e+01 6.690461215400310380e+01 5.643047403828997943e+01 4.386274122551400723e+01 2.744324386945564243e+01 4.888688615712004548e+01 4.740429722651990119e+01 4.098448268875404210e+01 4.839302254558827343e+01 5.807542327518019221e+01 7.774606757422219516e+01 7.428982474105356459e+01 5.400301073413660902e+01 4.398675853774976474e+01 3.734057060632498093e+01
1.766589122093755945e-02 2.001443673369323761e+01 2.890094827837324942e+01 4.854184958074416301e+01 5.133871938214011266e+01 5.574319904841065210e+01 5.334548561303611081e+01 4.504567539653304209e+01 4.977406526906191431e+01 4.349203861178470021e+01 5.425930631567923967e+01 3.422407264251850734e+01 3.361676562382533007e+01 4.364160812205175688e+01 5.780136290146591449e+01 7.360909092731608894e+01 8.195999763394573279e+01 8.594593209942468093e+01 7.769336677954888160e+01 5.965169351513766571e+01 7.890484330044863270e+01 7.854979866438695524e+01 7.681399158497026747e+01 6.541549151231647841e+01 5.218776657964566823e+01 3.220423648846063003e+01 3.051207152662793831e+01 5.083994830385005059e+01 6.696546446193649160e+01 5.484094786934053900e+01 5.478249834383359484e+01 7.441768721816796983e+01 8.608057912480360585e+01 8.284317116863259400e+01 7.264663466176260442e+01 6.414641773759511523e+01 5.742653133764663664e+01
