MOVIE_S11_data/elevation_000748.asc
nrows	100
cellsize	150.0
xllcorner	0
ncols	100
yllcorner	0
NODATA_value	-9999
[rows 0 to 16 of 100, columns 0 to 36 of 100]
8.271705653423140625e-02 2.127631151761726416e-02 9.425194436011796739e-02 4.939197167322698090e-02 3.975871534419905817e-02 6.171646774684565184e-02 1.696294146011132625e-02 1.936121709489252440e-02 4.216450047424835645e-02 2.297044857093000214e-02 6.704298068806634203e-02 4.162315340452049650e-02 3.835349583220235004e-02 2.777463300387698203e-02 2.207885817162396139e-02 7.161913568127860341e-02 9.025521335945362045e-02 3.502399586135773735e-02 8.040414306008919487e-02 3.131346976591601466e-02 7.604099264847130613e-02 2.387740603804927586e-02 5.687112022313325910e-02 4.074439634684711570e-02 8.709178300582484655e-02 7.612946965408906586e-02 1.077918208624280109e-02 9.929772718869623455e-03 4.600412614040166881e-02 2.152795518990661267e-02 2.378824418737431057e-02 9.511189423522797837e-02 9.406546861214974686e-02 1.749038473908382007e-03 2.223905489293687143e-03 6.269637160239108220e-02 9.476101746191394060e-02
7.813061968023242432e-02 2.002127631151726206e+01 2.009425194435976181e+01 1.419152759540430253e+01 2.003975871534384368e+01 1.160872185153926139e+01 4.016962941460128000e+00 2.001936121709453786e+01 1.418430012420532371e+01 2.002297044857057529e+01 7.138110792553572281e+00 2.004162315340416356e+01 1.003835349583228975e+01 2.002777463300352068e+01 2.002207885817126964e+01 2.042277692009860868e+00 2.009025521335909659e+01 1.417715961959243387e+01 1.422253976679116505e+01 2.003131346976556060e+01 2.007604099264811737e+01 4.874944175958210835e+00 1.827937737529364881e+01 2.004073988104522286e+01 4.645427045227708440e+00 1.343938717314803188e+00 2.001077918208588713e+01 1.415206539644994521e+01 2.004600412614004767e+01 2.002152795518955131e+01 5.794518468065709804e+00 1.185979697963683677e+01 2.009396561175967832e+01 2.983173882255973908e+00 2.000222390548893969e+01 1.420483199533346585e+01 2.009476101746155763e+01
2.526786264046545702e-02 2.002526786264010994e+01 3.495510108375458458e+01 3.419152759540500597e+01 3.160872185153890612e+01 2.809944584609915097e+01 8.099445846098793922e+00 2.809944584609915097e+01 3.418430012420602537e+01 3.542238204001647262e+01 1.608238270255288782e+01 3.542238204001647262e+01 2.418048911957009395e+01 3.832262542410393280e+01 2.402257277791244761e+01 4.022572777963201673e+00 2.402257277791244761e+01 3.417715961959314086e+01 3.422253976679186849e+01 3.248588195660898492e+01 1.244182463464538380e+01 2.490994039394625759e+01 3.217447272114724655e+01 2.109412655122381963e+01 1.924899910097627398e+01 2.628381792813443862e+00 2.419105843989404292e+01 3.415206539645065220e+01 3.460708435942084549e+01 1.470903105466312155e+01 2.570838938081731229e+01 3.016555375809629780e+01 2.014077279183424096e+01 5.998295325414184198e+00 2.599878152022407463e+01 3.420483199533416752e+01 3.382658226885036612e+01
4.163169627051844027e-03 6.670829836293689752e+00 2.667082983629404680e+01 4.650210646754689492e+01 5.160872185153819203e+01 3.344467068434803281e+01 1.344467068434732759e+01 1.878989552259595897e+01 3.878989552259666596e+01 4.436665395001578815e+01 3.022451832628409107e+01 4.436665395001578815e+01 4.418048914564524665e+01 4.017478372169796330e+01 2.017478403215164917e+01 6.032648408481617430e+00 1.757965379227392688e+01 3.172178941596914825e+01 5.172178921615116565e+01 3.827206953365282516e+01 1.822812780252526110e+01 3.827206953365282516e+01 4.735125764124193637e+01 3.228227070776979701e+01 1.246753344383051676e+01 3.959377396415758366e+00 1.849337169128112990e+01 3.855772205541427411e+01 4.164520334253976586e+01 2.173941504167227734e+01 4.164418205357382874e+01 4.842499935709979297e+01 2.916114324895816878e+01 9.160611552663525003e+00 1.732599618643142847e+01 3.732618692826140716e+01 4.211088302318994891e+01
5.883922493566802470e-02 2.005883922493531202e+01 1.821783522008600187e+01 2.976484060387831221e+01 4.976484060387760167e+01 3.921817337624439403e+01 1.921817337624368704e+01 3.878989552259666596e+01 3.293203114632741091e+01 5.293203114632811435e+01 5.022451832628479451e+01 4.835942988359464323e+01 4.008128612435363891e+01 3.636768385500469236e+01 2.810655164308732878e+01 8.106551797942451287e+00 2.224868742166296798e+01 4.224868727022424508e+01 5.940295018383992698e+01 4.494905407127910024e+01 2.491810045840028920e+01 4.494905407127910024e+01 4.628595127531842479e+01 2.659796886097001334e+01 2.569363044104620997e+01 5.361518267059275367e+00 1.982485639109204811e+01 3.986215344359388979e+01 4.992534656473504384e+01 3.580202388501903243e+01 4.164537504694582992e+01 4.424368082554871506e+01 2.424383341450869622e+01 1.269627487653016473e+01 3.269676353903325605e+01 3.146841646560088890e+01 5.146809582448506148e+01
1.256007409845548775e-02 1.415469569782928083e+01 3.415469569782857207e+01 4.650210646754689492e+01 5.804911185133920526e+01 4.628924118810999033e+01 2.628924118810928690e+01 3.921817337624298005e+01 5.293203114632811435e+01 6.121630239379031480e+01 5.413094136987650984e+01 4.008128613110756788e+01 2.008292611793006799e+01 1.636901935439288280e+01 1.288746623527972623e+01 1.082820706770151453e+01 3.082820707264342275e+01 3.111872885705729530e+01 5.111872850332809293e+01 5.322647092831687843e+01 3.494950910959951074e+01 5.322647092831687843e+01 5.446030547817935741e+01 4.628569513529017598e+01 2.702165325971802190e+01 6.795669004254317080e+00 2.702165327644724258e+01 3.835596712613335058e+01 5.836051529063333732e+01 5.575319420945380244e+01 6.161005425317681983e+01 5.252783657559609054e+01 3.654581802910231403e+01 1.654554421540030162e+01 3.654581802910231403e+01 5.146809582448506148e+01 5.975227527244562253e+01
9.594114293757748102e-02 2.009594114293722100e+01 3.652635046801336216e+01 4.652635046801353980e+01 6.066848609174499529e+01 5.457351243557219078e+01 3.628924118810963506e+01 5.457351243557219078e+01 6.750244462370287124e+01 6.061689292335702106e+01 4.585412327217891715e+01 2.585642880786651077e+01 4.008128613110756788e+01 3.051103354781665189e+01 3.288635399461729492e+01 3.082820708354174855e+01 1.478879723960824677e+01 3.478879726021717289e+01 5.160108714301105692e+01 6.322247326899221065e+01 5.494859903295868975e+01 6.322247326899221065e+01 5.405098595376353643e+01 3.404399621736230586e+01 1.989562893939335453e+01 8.223484721809459330e+00 1.834763219419680169e+01 3.835607341299076012e+01 5.229911693144153872e+01 6.064913716441412816e+01 7.081935874402637410e+01 5.217498984343537671e+01 3.217550563236846983e+01 2.062837377922748061e+01 3.217550563236846983e+01 5.217498984343537671e+01 5.586063487432038954e+01
7.711341127313005306e-02 8.242079220550461827e+00 1.824207922055063946e+01 3.238421484428209141e+01 5.225429170649138655e+01 6.223925569055882789e+01 5.043137681184108345e+01 6.457351243557353371e+01 6.388437956462230716e+01 4.389217159493820475e+01 3.234528554903491226e+01 4.585412327217891715e+01 5.413094136987650273e+01 5.050677192174630648e+01 5.145369265282796789e+01 3.816941428332343378e+01 1.816941425852237302e+01 2.331682589383251525e+01 3.745896151739432867e+01 5.745896115982704089e+01 6.653022111259218718e+01 5.659628385412238316e+01 4.834616254534394386e+01 4.165194510169349940e+01 2.970137487382858410e+01 9.641476216492456786e+00 2.970137573531868114e+01 2.406264146880679178e+01 3.131982024488451799e+01 4.205362816367567547e+01 6.254460569920738067e+01 6.045916878025571606e+01 4.547887729247678124e+01 2.547936158740089851e+01 4.547887729247678124e+01 6.045916878032262076e+01 6.419286751264644408e+01
2.297228869525369793e-03 2.000229722886917116e+01 3.244717785810225053e+01 2.399812592903250419e+01 3.399751271840852240e+01 4.813348610792232307e+01 6.809501358734053156e+01 7.871564805930097464e+01 7.215524385801460028e+01 5.768585316239118299e+01 3.769050998235721295e+01 5.183183646806465106e+01 7.181869966019276319e+01 5.731154999511257131e+01 3.731154988227094549e+01 2.316941425852246184e+01 3.816941428332343378e+01 4.331682578893430247e+01 3.486383127762384504e+01 5.486383102943489831e+01 5.825952157547852295e+01 3.843280351520930083e+01 2.872655505625505157e+01 2.189437532471356818e+01 3.077450793920668204e+01 1.103697580802094969e+01 1.554963555205362624e+01 2.627223070098548519e+01 4.708221903208880121e+01 6.064913716441412816e+01 7.081935874403133369e+01 6.180844078798221375e+01 4.180889164479862785e+01 3.255035529074142175e+01 4.180889164479862785e+01 6.180844078798221375e+01 7.150092009036337970e+01
9.647730019007895452e-02 6.126704188681621588e+00 1.245125941165854933e+01 3.242247650988863938e+01 4.069384141592380644e+01 4.729171419862762349e+01 5.505017603537945092e+01 6.376390971338078373e+01 7.482933832962901022e+01 6.400825649555088148e+01 4.401506167652588175e+01 6.400825649555088148e+01 6.397821671819230005e+01 4.397821654895339805e+01 2.983608092518924693e+01 4.316941429159054877e+01 3.259750467434342625e+01 5.259750473690182559e+01 4.641083666138463570e+01 6.314809093527843231e+01 6.653022111259218718e+01 5.659628385412238316e+01 4.720907499226094473e+01 3.307207056527835221e+01 1.306654239439088272e+01 3.107105336097344406e+01 3.506756481371031953e+01 4.356562503905441730e+01 5.549655800710380760e+01 6.352913354761538756e+01 7.180909641244686270e+01 7.009266030752831966e+01 6.083390671162536734e+01 4.149423833749234802e+01 6.083390671162536734e+01 7.009266030752831966e+01 6.324525622754239862e+01
3.582433992925927735e-02 2.003582433992890444e+01 3.244717780773590476e+01 3.226676058294317784e+01 2.044309674645757724e+01 2.681825841124333110e+01 3.405846851799266517e+01 4.465200582209380542e+01 6.620061198068361819e+01 7.227922627463478022e+01 5.556158546788636698e+01 6.034206641942932237e+01 6.914219457203607533e+01 4.914219434391588948e+01 3.500005872013264963e+01 5.500005878699980144e+01 4.015679413452823354e+01 6.015679423509863710e+01 6.641083607423833257e+01 7.469508832330866710e+01 6.997119049004162150e+01 4.867833366386710736e+01 3.142005370886596083e+01 1.686802505566668842e+01 2.235569846983804254e+01 1.553942839669786480e+01 3.552295884946686755e+01 4.614412550401711144e+01 4.718916829632910037e+01 4.351684490651530979e+01 6.102828442294120492e+01 7.103752312238277966e+01 6.977802555926047035e+01 5.563597790623272488e+01 6.977802555926047035e+01 8.323236620230602512e+01 6.324525622754239862e+01
1.813270376062421294e-02 2.001813270376026921e+01 2.576794334067976422e+01 1.225690177119715329e+01 2.116739037689846015e+01 3.239175890985857365e+01 4.967478831598615585e+01 6.212333750977197155e+01 7.404448152375756820e+01 8.381269237191705201e+01 7.554662369675062905e+01 7.447470181109329701e+01 7.132999069706372097e+01 5.132999034003911021e+01 4.207112653199837382e+01 6.207112663543639997e+01 5.429892975837233138e+01 5.648672575549252883e+01 7.648672629041809046e+01 7.453334601918463420e+01 6.624150926889504376e+01 5.384730592630906898e+01 3.373807259681821336e+01 1.963184243718833955e+01 3.695175600037089936e+01 3.552295885338936188e+01 1.802856331476942842e+01 3.786530110774962310e+01 2.720209762411828791e+01 3.273371073969838108e+01 4.272712195712873040e+01 5.689156061165770240e+01 7.691154651781674545e+01 7.563581282588762633e+01 7.460056431830180657e+01 6.632638708632137536e+01 5.923291739077773599e+01
2.372884694381488524e-02 2.880871704086677809e+00 5.767623050034818455e+00 2.576794375102382517e+01 3.959630410398550282e+01 4.880121996741205948e+01 5.896340869243346106e+01 5.587096512349710764e+01 6.470802494656052772e+01 7.313689297014791180e+01 8.474760972692610039e+01 9.443497896239721001e+01 7.961428865022028845e+01 7.035541303199748597e+01 5.207112653199872199e+01 7.035541303199748597e+01 7.429893010135505449e+01 7.648672629041809046e+01 7.444539339107862475e+01 6.293703109552619424e+01 4.619785915948567379e+01 5.087186751082239056e+01 4.262639833903812558e+01 2.251206633507205979e+01 4.262639565116970886e+01 4.604332182692654385e+01 3.783162656910711519e+01 2.055653489939185263e+01 4.057952042668410542e+01 5.273198600578223250e+01 4.427644894619994176e+01 5.844153128788476437e+01 7.845815891151350741e+01 7.786996172731082311e+01 5.787590394815348560e+01 4.626302499088068032e+01 3.909630385596992852e+01
8.175220331382776484e-02 2.008175220331347077e+01 2.576794375102382517e+01 1.142436254423663833e+01 3.142049488338087926e+01 4.254529589403346534e+01 4.784965014854881105e+01 3.730916752183845375e+01 4.480818905108837669e+01 5.630727812483709016e+01 7.641695945980005433e+01 9.007240621829842553e+01 8.178539710532675144e+01 8.035542137388733863e+01 7.207112673887468191e+01 8.035542137388733863e+01 8.765840247402104524e+01 7.764638985646226388e+01 6.621656490914364213e+01 4.619771303377104488e+01 3.457516537170958060e+01 3.072786254338985046e+01 2.708309658283203802e+01 3.412274939255288331e+01 5.093974539635764387e+01 5.366793143847166192e+01 4.245599362817461753e+01 2.250279527249443490e+01 3.634237463463502138e+01 5.515909105976673033e+01 6.430426578235959312e+01 6.430426578235959312e+01 8.430875855098788918e+01 8.613887319797366615e+01 7.460056431830180657e+01 6.632638708632137536e+01 5.923291739077773599e+01
9.124702163186203252e-02 2.009124702163150644e+01 3.971260486086141128e+01 3.142049488338087926e+01 1.774749586515997635e+01 2.259517924721435378e+01 2.793186353757490181e+01 4.200617003147027617e+01 6.195705815726489618e+01 7.313689297014791180e+01 8.413375728468960801e+01 7.852781163657684260e+01 6.179698367242331614e+01 7.283855267932314348e+01 7.283855267932314348e+01 8.112072046742089526e+01 7.937000537702554936e+01 5.934015441321648865e+01 4.931786937123887071e+01 4.112370263003749926e+01 5.466930248268484149e+01 5.087186751082239056e+01 3.535836989615299331e+01 5.424259882454331461e+01 6.254187853458835633e+01 4.560306914851010873e+01 2.561467376565648024e+01 4.248114393616373263e+01 2.914729811506077439e+01 4.912263495361330712e+01 6.436697660532604459e+01 7.285652836388987907e+01 8.326431146339172074e+01 8.523606073938020700e+01 7.314024729896694055e+01 6.455050732248082568e+01 5.707556734765876882e+01
2.239863785106879432e-02 1.416453426158189366e+01 3.416453426158118134e+01 4.600976554122780726e+01 3.772086770621814367e+01 4.254529589403431800e+01 4.784965014854881105e+01 4.908541485354685108e+01 4.908542048412790137e+01 5.736862838997082292e+01 6.414727685856404094e+01 7.024486887987875150e+01 5.025427001623128831e+01 5.284831274828493264e+01 5.284831274828493264e+01 7.283855267932314348e+01 8.765840247402104524e+01 7.534152624076433824e+01 5.530750206112637102e+01 4.822142642137319513e+01 6.826005804077682626e+01 5.546059744659002888e+01 4.958982385291160710e+01 6.375733762504053459e+01 6.101304157413219542e+01 4.785280256657267017e+01 2.785673456045613250e+01 4.785280256657267017e+01 4.326561060725314434e+01 3.668926405394901025e+01 4.424060352761433279e+01 5.426113491293438074e+01 7.466803903107603446e+01 7.676689646710421755e+01 5.560748978358331129e+01 4.340818434184440378e+01 3.611693864570070645e+01
1.766589122093755945e-02 1.415980155628393788e+01 3.415983364801021338e+01 4.822775133931873626e+01 4.237064768949819893e+01 4.117261522305206967e+01 3.288437566833692927e+01 2.908780333520698846e+01 2.908780333776039484e+01 4.908541743029437754e+01 5.001074028369550462e+01 5.367916751607106107e+01 5.140234487386675255e+01 3.870881556803883683e+01 5.284831274828493264e+01 7.283855267932314348e+01 8.634453554929723396e+01 8.363377393990749908e+01 7.534152624076433824e+01 5.718627801545470390e+01 7.655370852689817696e+01 7.549803417245385617e+01 6.963389867807011058e+01 6.618734054202215589e+01 5.270684941210093655e+01 3.269310155629155190e+01 3.093292507811271363e+01 5.093995417974334572e+01 6.326274256574536992e+01 5.082341623177989476e+01 5.082341623177989476e+01 7.086995786234786010e+01 8.313803569283680872e+01 8.228385902537414154e+01 7.314024729870192232e+01 6.455050732248082568e+01 5.707556734765876882e+01
