MOVIE_S11_data/elevation_000775.asc
nrows	100
cellsize	150.0
xllcorner	0
ncols	100
yllcorner	0
NODATA_value	-9999
[rows 51 to 67 of 100, columns 0 to 36 of 100]
6.455108993161302877e-02 2.006455108993125691e+01 3.020393385358401162e+01 3.597743657144223306e+01 4.264410332452283114e+01 5.092838841158530272e+01 6.092841298909527836e+01 6.298610310119315869e+01 4.632035828612600170e+01 6.298610310119315869e+01 6.682500649854912922e+01 4.686115570249496898e+01 3.636078038849765903e+01 5.627265977280083575e+01 7.031059344750873663e+01 7.339368404784924849e+01 8.155426270832792568e+01 6.573359177636653783e+01 4.572709934355135175e+01 5.678641636214453570e+01 5.447918739516032360e+01 3.565671462779898349e+01 4.475962219613191451e+01 2.492603558957667786e+01 4.436031078776674264e+01 2.619082397163052534e+01 2.741057537991876458e+01 2.864265032832035729e+01 2.991672747157925372e+01 4.672713278882550725e+01 3.386916225926839985e+01 3.538344032547571061e+01 4.930676896211866023e+01 6.349242055396507567e+01 6.139582351262431814e+01 4.461113331401404025e+01 4.633414669013048837e+01
3.995603441288197999e-02 5.039956034412901964e+00 1.020393382935616877e+01 1.597743652125247671e+01 2.264410318791926002e+01 3.264410318791961174e+01 5.264410362061534698e+01 5.473756614261658626e+01 3.477432599060530549e+01 5.473756614261658626e+01 6.590477497261180417e+01 5.052457375278950735e+01 3.057925418339159407e+01 4.209733623613997366e+01 6.201386428169443832e+01 5.355642975970563668e+01 7.012419527036004752e+01 7.408409592542248845e+01 5.678641636214453570e+01 3.687935267347047841e+01 4.537011087607937299e+01 3.047587802226859566e+01 2.266508316954661240e+01 2.337605688509531277e+01 2.448685173296643214e+01 4.312773689648382458e+01 4.678956390812542310e+01 3.403660037113800740e+01 4.971454500125864229e+01 5.586299013156886417e+01 4.769532799179879845e+01 5.481671243909953972e+01 3.758157961975773986e+01 5.692605651230690711e+01 4.219973039081876465e+01 6.140370966656320206e+01 5.977345608883275929e+01
4.804567899273937126e-02 2.004804567899238421e+01 3.020393385358401162e+01 3.597743657144223306e+01 4.264410325810173674e+01 5.092838841158530272e+01 6.092840110979892643e+01 4.767949489964520637e+01 2.756335190391025236e+01 3.764661177466274466e+01 5.765504364426885076e+01 4.602766044848289084e+01 2.608792376461132179e+01 4.497424834122828230e+01 5.049042706195061925e+01 4.210828947436674241e+01 6.194063994460648814e+01 7.460796403457166548e+01 5.073990498730800169e+01 3.135389370862750624e+01 4.511653144040903385e+01 4.049365449825403829e+01 2.192675769815227582e+01 4.182427861296969951e+01 4.436031112906921692e+01 3.344111258726247371e+01 5.283054045685693723e+01 5.331359959685985217e+01 4.212311837923230229e+01 6.164924733837709425e+01 6.705642969634132555e+01 6.407884510713023474e+01 5.050380851256214498e+01 3.979478485721717362e+01 5.906670093230525964e+01 6.952257172708252142e+01 7.925395037133851872e+01
9.707512844716031930e-02 9.047612402702398526e+00 2.070471126539060336e+01 4.150142512834451480e+01 5.448587830940833499e+01 5.144613917068618747e+01 5.559002886855481051e+01 4.131821193922866797e+01 2.119839690933605780e+01 4.131821193922866797e+01 5.561742127546900605e+01 4.177746718014119409e+01 2.181383111085697024e+01 2.504217089306170863e+01 3.060156183976290123e+01 4.210828947436674241e+01 6.194063994460648814e+01 6.831046869850382564e+01 4.936474905175452221e+01 4.599665939439249485e+01 2.467444065127864761e+01 2.058568133312335391e+01 4.049365443527999275e+01 3.604181873217742549e+01 5.584139229059304199e+01 5.312492296604576580e+01 4.397498219227101401e+01 6.324837618851928056e+01 6.164924731580157413e+01 5.131002721494888874e+01 7.082982221056295202e+01 7.005216543598277212e+01 5.078699994357891967e+01 5.906670093230538043e+01 4.609673283636362129e+01 6.529565323793850951e+01 8.054715155628581158e+01
5.001202446392439237e-03 2.000500120244603863e+01 3.762978359694141517e+01 4.903123443068982823e+01 3.538198719942904091e+01 2.993961067492951500e+01 3.566532747745177545e+01 3.619251901781190384e+01 1.655106138653886205e+01 2.974686380822356213e+01 3.803998724070828530e+01 2.751265785630630845e+01 1.775296358065184776e+01 3.769919809381455877e+01 5.049042706195039898e+01 5.868674962334914369e+01 7.012419527036004752e+01 6.923358652788486722e+01 5.194784837789318033e+01 3.976794571302714587e+01 3.955557972749712548e+01 1.966457247134411901e+01 3.957464795115273404e+01 5.585241795966921785e+01 6.409368344647542415e+01 7.199570585083725405e+01 5.773418010507873532e+01 6.358041635720726248e+01 7.887021619700895769e+01 6.001511114649913736e+01 7.730076075778863753e+01 7.840877700500719527e+01 6.174169180705233373e+01 7.344516653290530428e+01 6.529565323807682375e+01 5.304127491299308161e+01 6.404734862282671770e+01
5.279685921607564503e-02 1.562203191593468077e+01 3.720060085917008053e+01 4.123704891808011297e+01 3.332836814677690285e+01 1.520775350295262029e+01 2.565612873135719241e+01 2.482886016427419662e+01 2.642629116573581882e+01 1.078456837854931649e+01 2.890380198725775784e+01 1.349107127994771638e+01 3.334655252601410069e+01 4.593673611431914594e+01 4.989265726312078186e+01 5.010977606545637286e+01 5.855192980955302318e+01 6.830359266047878464e+01 5.254294728585286833e+01 3.995638050628757298e+01 2.905227298262176561e+01 1.873577342632737341e+01 2.875263227361689289e+01 4.280258409347039361e+01 6.277334374067375933e+01 7.463544765039732454e+01 7.769447921126314327e+01 8.373882013379018474e+01 8.782022016761743544e+01 7.393226896100698298e+01 8.754385378023037845e+01 9.019654483610231921e+01 8.180459666062647273e+01 8.625908966757455687e+01 6.658020759288457668e+01 6.658020759288456247e+01 6.658020759288457668e+01
5.738623160518319517e-05 1.734775662992030831e+01 2.762806093232380533e+01 2.038722108437617919e+01 1.525521568097060054e+01 2.153888027817179207e+01 4.429409964125297527e+00 5.075961175280044202e+00 1.046461111472958905e+01 6.904737124242045887e+00 9.583636188359200503e+00 2.925085560273445751e+01 4.156731988060908378e+01 4.377687616330420184e+01 2.932903118943937315e+01 2.994363306854886275e+01 4.898233750101513095e+01 4.541958687705569275e+01 5.547514756933111357e+01 4.444914918972163065e+01 3.635205010622591004e+01 1.775661834205329725e+01 3.783476642006468893e+01 5.701852209375251590e+01 6.553074607860300205e+01 5.450936812945892029e+01 6.751248468425636418e+01 7.584421542193935295e+01 8.591633927812107174e+01 9.366320229300787048e+01 9.164084972108469174e+01 9.164084972108469174e+01 9.993980895244632734e+01 9.451410261986998762e+01 8.625908966757455687e+01 8.625908966757455687e+01 8.625908966757455687e+01
4.532054705376769438e-02 1.597566505738875264e+01 1.976245901977789998e+01 2.247507783869307829e+00 2.882828691020242307e+00 3.519384745176626694e+00 2.051715861971883115e+01 2.494597713418988860e+01 5.991831100270921695e+00 2.625043261866276367e+01 7.838902911542938057e+00 2.739722036743954803e+01 2.901817560762815873e+01 2.969305906015591390e+01 1.595983382916804416e+01 3.414461179071797403e+01 3.599161440234725973e+01 1.649458426833183466e+01 4.009301521738671426e+01 3.519966159315671206e+01 1.655253111536403665e+01 1.682102843674597281e+01 4.593136356262025544e+01 6.003527893532493209e+01 4.592609360711808364e+01 4.035926808918082997e+01 4.741322757549946232e+01 5.742807095949357432e+01 7.759689840901926061e+01 8.569099741471204368e+01 7.144218587697770317e+01 7.144218587697770317e+01 9.164084972108469174e+01 1.040998244231575001e+02 1.005772392510323385e+02 9.228181573930309867e+01 9.708139635783528831e+01
9.001595176218035732e-02 7.202694434254345301e-01 1.350836104544865579e+00 2.126247578989520903e+01 2.153968860113801043e+01 2.360477978016095690e+01 1.037496482829284616e+01 2.991380651580352890e+01 3.618308684385608842e+01 3.482703356875050815e+01 2.488954539301944990e+01 8.747897331610875682e+00 9.380531782153669340e+00 9.999698945044938725e+00 1.061070059075185235e+01 3.037088289974904498e+01 1.239565795388471336e+01 1.330759000111086721e+01 3.306804379454959530e+01 1.527031597811718733e+01 3.514590348127305930e+01 4.450701159734039436e+01 5.326192421826116430e+01 4.536162934847894235e+01 3.183074892770279263e+01 4.337676073115869713e+01 6.344823802441317895e+01 7.584421542193935295e+01 8.591633927812107174e+01 7.735823754600913560e+01 5.714167088265475059e+01 7.735823754600913560e+01 8.994627732902563366e+01 8.398558122888307764e+01 8.398558122888307764e+01 7.207521870821769028e+01 7.691491282507308824e+01
5.674351268809080251e-02 2.005673640821085257e+01 2.241314778029932242e+01 1.214497617133169172e+01 3.238138908766460844e+01 3.782673035719680144e+01 2.991394008751544575e+01 1.817134735241313592e+01 3.749219551116073745e+01 3.582702147100528833e+01 1.596516006985090286e+01 2.835039267870639534e+01 2.317771790670710530e+01 2.969307369358671167e+01 2.882768185867758248e+01 1.148609406236501762e+01 2.348047375039851659e+01 1.313818983063974599e+01 1.392860949989268526e+01 3.393195871697633237e+01 3.758061060486434712e+01 3.819640941781225507e+01 3.904731564216775297e+01 2.532396793898268328e+01 4.536162934847894235e+01 6.018445029022849013e+01 7.178004083700764681e+01 7.133313035504227173e+01 7.722664672103786643e+01 7.096519783352610489e+01 5.083549975611607152e+01 6.145255275621448021e+01 8.162493861243889626e+01 8.220655857840786496e+01 6.374718645701316433e+01 6.036808852084605093e+01 6.647006981117510804e+01
9.518805923843161321e-02 2.009518805923578810e+01 3.837486429558509116e+01 3.343080571940271284e+01 2.701387831117013505e+01 4.892263889717506942e+01 4.326982485636313669e+01 2.410759614058006761e+01 4.326982485636313669e+01 4.157869572275354386e+01 2.165431188767502491e+01 4.157869515479634970e+01 4.312039232481465234e+01 3.861119445483897294e+01 1.864976653656430372e+01 3.134135095947838678e+01 3.519419562579835770e+01 3.626929917586916474e+01 1.716405396946607453e+01 1.570721548673098233e+01 1.692340165728779411e+01 1.816133757973653218e+01 1.940648125228908327e+01 3.928986320523500808e+01 4.952623866118206308e+01 6.380137688027568288e+01 6.544827432731717920e+01 5.123915602554370707e+01 5.712454471525640542e+01 6.515425453167678427e+01 4.512383853433593117e+01 6.070853011209867844e+01 6.436309522562257257e+01 6.815794008564441242e+01 5.368398738888981825e+01 7.386638384294845139e+01 8.672159656542652328e+01
9.062254805971975413e-02 1.009062254806059222e+01 2.423275818205357268e+01 4.423276420056402003e+01 4.892263889717536784e+01 5.782768113783182429e+01 5.001372616881317157e+01 3.093909277006801517e+01 5.001372616881317157e+01 4.821647258000101033e+01 2.830314200825864290e+01 4.821647258000101033e+01 4.752327994659518851e+01 2.759525891307496792e+01 3.861119800899614773e+01 3.861119800897117926e+01 4.130879689551677103e+01 2.178167473198860549e+01 3.677258578643456133e+01 3.548373807570103367e+01 2.358709436497155920e+01 3.798694650009442597e+01 3.944456387026563249e+01 2.126686963254486074e+01 3.544089556614542147e+01 4.490585582374081497e+01 4.642045772001058168e+01 3.709898988763566052e+01 5.712454400981569336e+01 6.029616505548730743e+01 4.031713441168448497e+01 4.072505400834935330e+01 4.434621772013817065e+01 4.807750855826535741e+01 6.815794008564441242e+01 7.730956113089014536e+01 8.342007894548203240e+01
3.063233560239582431e-02 2.003063233560203926e+01 3.094889275679084761e+01 3.727344807712806585e+01 4.555771932459026630e+01 5.450199123458958184e+01 5.828776825288959174e+01 4.183943241836090721e+01 5.828776825288959174e+01 5.652099220536579338e+01 3.825645503275521264e+01 5.652099220536579338e+01 5.455562731030821766e+01 3.466514527614491215e+01 5.455562731030821766e+01 5.853608873003545909e+01 4.460335771836591334e+01 2.511247119930949978e+01 4.460335676989359399e+01 4.865057075545606580e+01 3.057602264807946213e+01 4.866989932493658699e+01 4.399796742392939564e+01 2.419659572740038556e+01 2.337063759019222431e+01 2.486792953736851075e+01 2.638417946515281187e+01 4.642016992198029612e+01 5.032425140488467719e+01 5.253345596394010641e+01 3.573166672432667212e+01 3.958387738659480704e+01 4.355388884272294803e+01 4.766974387485527842e+01 5.208963733135040997e+01 5.707352295807783804e+01 6.315378407969834740e+01
5.666595628964066211e-02 5.401890794538151574e+00 1.094889275679049057e+01 1.727344807712736241e+01 2.621771998712667795e+01 4.035985561085812634e+01 6.035985561085882978e+01 6.118001908992737015e+01 6.963544140230150958e+01 6.651019928144546611e+01 5.817649012724682223e+01 6.651019928144546611e+01 6.282147812343515625e+01 4.614311733213669697e+01 6.282147812343515625e+01 6.186182934975571612e+01 4.232636288887413656e+01 2.856137382394072688e+01 4.804813035786033026e+01 5.611950688737575632e+01 4.117105048399477596e+01 5.611904696670437431e+01 4.700247441082480293e+01 2.712809275488584504e+01 4.340815089397781179e+01 3.903578302029060154e+01 4.642045778431847225e+01 2.860345848943233449e+01 3.030404364629206171e+01 3.252861435894450892e+01 5.253345596394010641e+01 5.955636886290678689e+01 6.355698886795272529e+01 6.182593031968710307e+01 6.369925446318447371e+01 7.730956113089014536e+01 7.730956113089014536e+01
2.110006612196471329e-02 2.002110006612160831e+01 3.094889275679084761e+01 3.727344807712806585e+01 4.555771932459026630e+01 5.450199123458958184e+01 5.258526048472911185e+01 5.643426227861728961e+01 5.792161494393186416e+01 6.620588596026854589e+01 7.096292420895763087e+01 7.436392365627739309e+01 7.432784501863940818e+01 6.604732965008061285e+01 6.985240038210174873e+01 5.027957859938976526e+01 3.650420490522164130e+01 3.341662889559005833e+01 5.292534682973590776e+01 6.553924582184768610e+01 5.810896863929450262e+01 6.263598441323286892e+01 5.010472855296553263e+01 3.005781469019299479e+01 5.010472855286494109e+01 5.907693612396604976e+01 5.280283089723193513e+01 3.279937578676128140e+01 5.032429077641699422e+01 3.414278033075047603e+01 5.402434466399481749e+01 6.622326670686204864e+01 8.038126506221394152e+01 8.202613780621460648e+01 8.393184069506651213e+01 9.224908091525053067e+01 9.747479444231019841e+01
9.367352646185668485e-02 1.423580915019293158e+01 3.423580915019363857e+01 4.181576862370586412e+01 4.334677988331593212e+01 3.506250787254590762e+01 3.258526048808565179e+01 3.643426228268289435e+01 3.792161494738330418e+01 5.096292423918203696e+01 5.096292423918204406e+01 5.436392367135298542e+01 7.436392365627739309e+01 7.711936368422776411e+01 5.747663194249106766e+01 4.624602351966428415e+01 5.601232537259036093e+01 3.930086697684657082e+01 4.933438434037574893e+01 6.890330599650339138e+01 6.918669725804555526e+01 4.889598531151908389e+01 3.454175638440366214e+01 5.010472855296553263e+01 5.847443209490531757e+01 7.137232772967995231e+01 5.127898988630792587e+01 3.717819414622204732e+01 5.716503066336086647e+01 5.402434466399481749e+01 3.807568214963509945e+01 5.206526835150818044e+01 7.067486209764575733e+01 7.600180395650477294e+01 8.314611476507835164e+01 9.150579056624431473e+01 1.016296138993609048e+02
3.648181865326004941e-02 2.003648181865290567e+01 2.506985478035782222e+01 2.181576862370515713e+01 3.047419315399737272e+01 1.506250784544119448e+01 1.844312486435520171e+01 2.229212665895263967e+01 2.637460956359119990e+01 3.096292424100235507e+01 3.803399205286758189e+01 4.803399205286722662e+01 6.803399204719615057e+01 8.532392952369745842e+01 7.395531789213144691e+01 5.747663194249106766e+01 6.570109951444568708e+01 4.620030016838247633e+01 5.880652578636595251e+01 7.708371508124612603e+01 7.009437254956533536e+01 4.981547876163630661e+01 3.800837545576674614e+01 5.245168145302532281e+01 7.271389965409332490e+01 7.358144198664187741e+01 5.347594123146483724e+01 4.250165538769054052e+01 6.251254525693947528e+01 6.493736243390475238e+01 4.507566742032208396e+01 4.252049771127075672e+01 6.234897516552834418e+01 5.594567863617757553e+01 6.293895228649145679e+01 7.299511737783559795e+01 9.329711215232114796e+01
