MOVIE_S11_data/elevation_000847.asc
nrows	100
cellsize	150.0
xllcorner	0
ncols	100
yllcorner	0
NODATA_value	-9999
[rows 0 to 16 of 100, columns 0 to 36 of 100]
8.271705653423140625e-02 2.127631151761726416e-02 9.425194436011796739e-02 4.939197167322698090e-02 3.975871534419905817e-02 6.171646774684565184e-02 1.696294146011132625e-02 1.936121709489252440e-02 4.216450047424835645e-02 2.297044857093000214e-02 6.704298068806634203e-02 4.162315340452049650e-02 3.835349583220235004e-02 2.777463300387698203e-02 2.207885817162396139e-02 7.161913568127860341e-02 9.025521335945362045e-02 3.502399586135773735e-02 8.040414306008919487e-02 3.131346976591601466e-02 7.604099264847130613e-02 2.387740603804927586e-02 5.687112022313325910e-02 4.074439634684711570e-02 8.709178300582484655e-02 7.612946965408906586e-02 1.077918208624280109e-02 9.929772718869623455e-03 4.600412614040166881e-02 2.152795518990661267e-02 2.378824418737431057e-02 9.511189423522797837e-02 9.406546861214974686e-02 1.749038473908382007e-03 2.223905489293687143e-03 6.269637160239108220e-02 9.476101746191394060e-02
7.813061968023242432e-02 2.002127631151726206e+01 2.009425194435976181e+01 1.419152759540430253e+01 2.003975871534384368e+01 8.226682277024035983e+00 2.001696294145975585e+01 3.733267980635937899e+00 2.004216450047389131e+01 1.416510607230200591e+01 2.006704298068770953e+01 7.112690965270026311e+00 2.003835349583184566e+01 1.416991025673907956e+01 2.002207884126047333e+01 2.123575839851582714e+00 2.009025521335909659e+01 1.417715961959243387e+01 2.008040414305973442e+01 6.355868790102701560e+00 2.007604099264811737e+01 2.002387740603769473e+01 1.005687112022322083e+01 2.004074439634649352e+01 1.315682016673725974e+00 2.007612946965373268e+01 1.415291480581731776e+01 2.000992977271851458e+01 1.004600412614048821e+01 1.416366357892098193e+01 2.002378824418702052e+01 7.654401354419739789e+00 1.942765407399442168e+01 2.627877695670015168e+00 2.000222390548893969e+01 2.006269637160203700e+01 1.164176640125432982e+01
2.526786264046545702e-02 1.157227324643288036e+01 3.157227324643252331e+01 3.419152759540500597e+01 2.455661389557826979e+01 2.236881790075473475e+01 2.751291271107920977e+01 7.512912710728226529e+00 2.751291271106970626e+01 3.416510607230271290e+01 3.539696307207321979e+01 1.605696287526934185e+01 3.539696134972148656e+01 3.416991029760109200e+01 2.418641833217246173e+01 4.186418332369161277e+00 2.418641833237536432e+01 3.417715961959314086e+01 3.302253545677012880e+01 1.302253545676942714e+01 3.302253545677012880e+01 3.005687112022357610e+01 3.005687112022357610e+01 2.254659692646669455e+01 2.546596926467051158e+00 2.254659692646669455e+01 3.415291480581802119e+01 3.833027537360339210e+01 2.418813974987169146e+01 3.416366357892168537e+01 2.030351199492605474e+01 2.765440068680043240e+01 2.517484940093128287e+01 5.276942409860144956e+00 2.533096262381044284e+01 3.864778991837586375e+01 2.578390202498502859e+01
4.163169627051844027e-03 2.000416316962669683e+01 3.985654449389377163e+01 5.284088514303916639e+01 4.455661389557755570e+01 4.236881790075543819e+01 3.574492483395282960e+01 1.542022951467595071e+01 1.417191120815601479e+01 3.408938749402585699e+01 4.434123622135331999e+01 3.019909849900188803e+01 4.434123536399942367e+01 3.773300418851306404e+01 2.627575406105129829e+01 6.282988005812989663e+00 1.384275861151937015e+01 3.390829780893561463e+01 4.130680670539754828e+01 2.302253545676960300e+01 4.130680670539754828e+01 5.005687112022427954e+01 3.881151470035134565e+01 2.378456584764703763e+01 3.784565847647394232e+00 2.378456584764703763e+01 3.949658372289846398e+01 4.778053151717880809e+01 4.418813974987239845e+01 4.858770969086203451e+01 3.185051737717176223e+01 4.480031575326490412e+01 2.971039875382008688e+01 9.641301186828188818e+00 1.020060655890038070e+01 3.027226280826466365e+01 4.578390202498573558e+01
5.883922493566802470e-02 2.005883922493531202e+01 3.300378206110266888e+01 4.128805330856486933e+01 5.128805330856504696e+01 5.186504098926458539e+01 3.059941501315089241e+01 3.605670056107733501e+01 2.224567857611917887e+01 2.305490290516041085e+01 4.378386402236252906e+01 5.019909852641045234e+01 4.664116567478016862e+01 2.943614482858265902e+01 9.425684811086561865e+00 2.625598486058810010e+01 3.388869302936747374e+01 2.801286595713861516e+01 4.814112934158897161e+01 3.716467108050105139e+01 5.130680670855977610e+01 4.933105049785007168e+01 3.056294040357538577e+01 1.128743317692720005e+01 5.029711460377869869e+00 2.502874628206101448e+01 1.949480120374967385e+01 3.363887933183770684e+01 5.363862196749926881e+01 6.013466433267476674e+01 5.185051308418514537e+01 3.641145397544671880e+01 1.630828831056686568e+01 2.971039875382008688e+01 1.385210299728339223e+01 3.393974829358144518e+01 4.194422839066565700e+01
1.256007409845548775e-02 6.337115394435240745e+00 1.300378206110196544e+01 2.300378206110214308e+01 4.300378206110284651e+01 6.035567827075026770e+01 5.117771698386611234e+01 3.541547974952383271e+01 4.138462419855064667e+01 3.003029753706367799e+01 4.976974106400567166e+01 5.250048506698433926e+01 3.249918921462160171e+01 1.835690557218061159e+01 1.169023887937577300e+01 3.168569265922568690e+01 4.338744962229672097e+01 4.814112934158896451e+01 5.648754008048130260e+01 5.716467108050854762e+01 5.252848065240117847e+01 3.251099051551027230e+01 2.149897487180469113e+01 2.446721435613810769e+01 2.503174682724273126e+01 6.844148314840110991e+00 2.684638791641022948e+01 4.114834313631759954e+01 4.943829206163606216e+01 5.944472610644630350e+01 5.593677836346009968e+01 3.567708404304993763e+01 2.147321287789792876e+01 3.773980397313169988e+01 1.763179938057259477e+01 3.773980397313169988e+01 4.950351785085033640e+01
9.594114293757748102e-02 2.009594114293722100e+01 3.300378206110266888e+01 4.128805330856486933e+01 5.128805330856504696e+01 5.952247644623755463e+01 6.087651869608842503e+01 4.797485166723794237e+01 5.447408026109082613e+01 3.997469496275959955e+01 5.813164701869558826e+01 5.250048496926576291e+01 3.249918921461473786e+01 3.835124592021773537e+01 3.157818383927256534e+01 1.517179199849067039e+01 3.517311250821757795e+01 4.763092031744871235e+01 5.588281457427341792e+01 6.585304086101493226e+01 6.093517537426588859e+01 4.933105049785007168e+01 4.097137733336654009e+01 4.416232561867202833e+01 2.814843335603965002e+01 8.146037444731613064e+00 1.447101955346883351e+01 2.113913272458138337e+01 3.114225663212128481e+01 5.115442966975174244e+01 6.188961323758183397e+01 4.161101112473144781e+01 2.780309330253932387e+01 4.176675087407456033e+01 2.163201636936027228e+01 3.321070516336584433e+01 5.345452667084357046e+01
7.711341127313005306e-02 1.421924903500395487e+01 3.421924903500324433e+01 4.034416611171948119e+01 4.862843739250964603e+01 3.952247644660289438e+01 5.366461195308762910e+01 6.592733754326783924e+01 6.888292210939783899e+01 6.055986587929369591e+01 6.908107461534665106e+01 6.078313744300075427e+01 5.250048498403160124e+01 5.244590655084368791e+01 3.882038106172112890e+01 1.882327571543896738e+01 2.009545160362400296e+01 2.765468969521149489e+01 3.765298239647317757e+01 5.760886423200167883e+01 6.833448410662975903e+01 5.818986041100886553e+01 5.006662475787211974e+01 4.240881296244238285e+01 2.948489360245201496e+01 9.482343730081828070e+00 2.948489354246435212e+01 4.114288864024720738e+01 4.943829206163606216e+01 5.944472610644630350e+01 6.831468134640425660e+01 4.799683200081493339e+01 3.538665474590785465e+01 4.627740268519774958e+01 2.610515454018978332e+01 4.627740268519774958e+01 6.186583082082660923e+01
2.297228869525369793e-03 2.000229722886917116e+01 2.578204728207949969e+01 2.034416611164952826e+01 3.199972380395789884e+01 2.538034082287244075e+01 4.245140863472835946e+01 5.073567990406645123e+01 5.967995182417845257e+01 7.122695723003364776e+01 7.852851298237766287e+01 6.694642635120987961e+01 5.844422321565953382e+01 3.841207253698240009e+01 2.426658699742165481e+01 3.882799949545794505e+01 3.931040581972404624e+01 2.586898375828750574e+01 4.613372081605421471e+01 6.585304086063877094e+01 6.029899646451818285e+01 4.148015537404597808e+01 3.066631624064000405e+01 2.271232401199712214e+01 3.076261281769302158e+01 1.082768958923417379e+01 1.617333679267591151e+01 3.613018866103066529e+01 5.125204425958278165e+01 5.948216582228053539e+01 6.940205561463191941e+01 6.407316504736360230e+01 4.440842275033839570e+01 5.168360149620668409e+01 3.145545778062655629e+01 4.255058392992363281e+01 6.285984451000183526e+01
9.647730019007895452e-02 2.924904424936275227e+00 5.782047282079145312e+00 8.797160727856807583e+00 1.199972380395852234e+01 1.538034082287261839e+01 2.245140863473821824e+01 3.139568054473753378e+01 4.294268592853045874e+01 6.294268592862743361e+01 7.021320223739428457e+01 5.015831057930586923e+01 3.860422340476960557e+01 3.043874163051302872e+01 4.427935362901624217e+01 5.254214881677607707e+01 4.421653456134492899e+01 3.013307874858056579e+01 4.428492414100890784e+01 6.431676863479407302e+01 6.694384858418899853e+01 5.308930737304785907e+01 4.453475406213925680e+01 3.281151074256856504e+01 1.280798888641147570e+01 3.083081843670958833e+01 3.612942736919062270e+01 2.470281796727714507e+01 3.136872599438541442e+01 4.134437025145224709e+01 6.115977320010494367e+01 7.316762255357207323e+01 5.614600554142668187e+01 5.754274436195846221e+01 3.724607809738488839e+01 5.754274436195846221e+01 7.126456034220835534e+01
3.582433992925927735e-02 2.003582433992890444e+01 1.732905266587186333e+01 2.879716072785716463e+01 2.614185942768922288e+01 3.538034082287889248e+01 2.155247482135640524e+01 4.155247482136545045e+01 5.641473171496651418e+01 6.469900297801683564e+01 7.469900298655544191e+01 6.694642635120987961e+01 5.580909612748293114e+01 3.578404788222577082e+01 5.580909612748293114e+01 7.139421504609811109e+01 5.500900788696534249e+01 3.498419241235481536e+01 4.914057530937138552e+01 6.917665740566469879e+01 5.985532085870521968e+01 3.677502901612812281e+01 2.429540495002795808e+01 1.717361577178098031e+01 3.279596974420367417e+01 1.510976623856779000e+01 3.511171547657368563e+01 4.462289037262657843e+01 5.125204425958278165e+01 5.948216582228053539e+01 6.940205561463191941e+01 8.491080121136810988e+01 7.652948516169344373e+01 6.433278709722648614e+01 4.396265889142230066e+01 6.433278709722648614e+01 7.328331060273954733e+01
1.813270376062421294e-02 2.001813270376026921e+01 3.732905266587256676e+01 4.561332391333476721e+01 4.614185942768722271e+01 4.983674607730387152e+01 3.309948020514932665e+01 2.885544225475874924e+01 3.641473171494355654e+01 4.641473171494390471e+01 6.641473171498981287e+01 6.849021088505715227e+01 4.843960793310287016e+01 4.473010526405465725e+01 6.411966548900053908e+01 6.445329806874396184e+01 4.441893317565635613e+01 5.500900788696534249e+01 5.133215521522348723e+01 7.136912613560571117e+01 6.353212572939496994e+01 4.423530896851903549e+01 4.040015238681592535e+01 2.065825176982024303e+01 4.068327555597607414e+01 3.511369328975647619e+01 1.743485704255748558e+01 3.743914023137187996e+01 4.940427413480147578e+01 6.129466701707049481e+01 6.957569155057603894e+01 7.415936742826990269e+01 8.246298148331602818e+01 7.274544629848908528e+01 5.412537417394762684e+01 7.274544629848908528e+01 7.111966067689309057e+01
2.372884694381488524e-02 2.002372884694345956e+01 3.243653441520664416e+01 4.072080566266884460e+01 4.966507757266816014e+01 6.138375146695091189e+01 5.309948020517074951e+01 4.040244763855167065e+01 4.299757787849019763e+01 6.299757787853889823e+01 7.469900298655544191e+01 7.680509852449893060e+01 6.260937213352067943e+01 5.628991237564137151e+01 7.308685808508731441e+01 7.275518455970360776e+01 5.337654362458891910e+01 7.275518455970360776e+01 7.136912613560571117e+01 7.379139901935312196e+01 6.225478915968474780e+01 5.398053987754951777e+01 4.434463413985226765e+01 2.431651891165693158e+01 4.434462496053473046e+01 3.954779843322017996e+01 1.954333829482540708e+01 2.121544749256483442e+01 4.114860148222978609e+01 4.140420608893256116e+01 6.006245452293281772e+01 5.422332200994986096e+01 7.415936742826990269e+01 8.292910189653542830e+01 7.454020002050543781e+01 8.292910189653542830e+01 7.197091355271177804e+01
8.175220331382776484e-02 6.111979094869126605e+00 1.243653441520594072e+01 2.138080632520525626e+01 3.552294194893670465e+01 5.552294194893740809e+01 6.868671890534439228e+01 6.040244763858544985e+01 6.299757787853889823e+01 7.128184914883028966e+01 7.748304372215899605e+01 7.966763313824480974e+01 8.268781155714576414e+01 7.635919202386487825e+01 8.467503647205117545e+01 8.171732725399839126e+01 6.754439651331632888e+01 8.171732725399839126e+01 7.909824500644307932e+01 6.552064360367464246e+01 4.553259768591743040e+01 3.397286502338092617e+01 2.987898804281470078e+01 4.434463328943996885e+01 4.258063910461461177e+01 2.257677828789790198e+01 3.954779834227980473e+01 4.114858669457617424e+01 2.513957408362415435e+01 4.505417367616936986e+01 4.020236732096014975e+01 6.006245452293238429e+01 7.225919334113982018e+01 8.224422176191582423e+01 8.548011394825327613e+01 7.542056969156050172e+01 6.714011393649123249e+01
9.124702163186203252e-02 2.009124702163150644e+01 3.243653441520664416e+01 4.072080566266884460e+01 4.966507757266816014e+01 6.211492784682710067e+01 5.898628560897714834e+01 5.898628560897714834e+01 6.725633382266019566e+01 7.161017603990690361e+01 5.748747576068909382e+01 5.967539863706620196e+01 7.966763313824480974e+01 7.972424790866844546e+01 7.712781827585779126e+01 8.542416997675852031e+01 8.758645882888676226e+01 8.494705577305610689e+01 6.498095915564125846e+01 5.084805812461316066e+01 4.084432868470241118e+01 5.398053991248293926e+01 4.989649037702955070e+01 4.568581896948075638e+01 2.568313434923136995e+01 4.258080040639477204e+01 5.086493390879026322e+01 5.331002552756344670e+01 3.406984726144800391e+01 2.955836808099657986e+01 3.661384254409819050e+01 4.411733670279556208e+01 5.400229653523138040e+01 7.393437754095016601e+01 7.725280176294370449e+01 5.702742611003859707e+01 4.682472791352219588e+01
2.239863785106879432e-02 1.416453426158214413e+01 3.416453426158285112e+01 5.070332060556120979e+01 4.257792259219728237e+01 4.257792259219728237e+01 3.904519238619533184e+01 3.904519238619532473e+01 5.898628560897714834e+01 6.334404202292719077e+01 4.334186641728690859e+01 6.334404202292719077e+01 7.386905040009031609e+01 5.971604500323284270e+01 5.712002242336649260e+01 7.386905012504935542e+01 8.542416997675852031e+01 8.649078224602921239e+01 6.652582267675484218e+01 5.498748899876295582e+01 4.791971336077761379e+01 6.790398158041172394e+01 6.566453222361343478e+01 4.568336564283387702e+01 4.568579493371908029e+01 2.888783664267936757e+01 4.888851631924930530e+01 6.220893730681104472e+01 4.553731187587457896e+01 4.944679138275778030e+01 3.532420129558384048e+01 5.517812567530994983e+01 7.225919334113982018e+01 8.224422176191582423e+01 8.548011394825327613e+01 7.542056969156050172e+01 6.714011393649123249e+01
1.766589122093755945e-02 2.001766589122058093e+01 3.716811579239541885e+01 4.193321899726900170e+01 2.289057716004325727e+01 3.490443683263492147e+01 2.492440936312975452e+01 4.488580336687503092e+01 5.472646160930229087e+01 4.814790964249969818e+01 3.667498070019549772e+01 5.667665015438038978e+01 6.354581899180802651e+01 4.556965798808838031e+01 4.556965798808838741e+01 5.712002242336649260e+01 7.712781827585779126e+01 9.475942023836664418e+01 8.202403334828555614e+01 6.205526463674821969e+01 6.790398158041172394e+01 7.617382307904543381e+01 6.562669789438885459e+01 5.224548427521121141e+01 3.224643437536191470e+01 4.888718224539326940e+01 4.303095034306177524e+01 6.303008142510800837e+01 5.956804164580192662e+01 5.940685929164317969e+01 3.957234049349852256e+01 5.099699805919454576e+01 6.502847350355956735e+01 8.505785451031773903e+01 8.885364184239544727e+01 8.057501404765977782e+01 7.949544726190286781e+01
