MOVIE_S11_data/elevation_000881.asc
nrows	100
cellsize	150.0
xllcorner	0
ncols	100
yllcorner	0
NODATA_value	-9999
[rows 0 to 16 of 100, columns 0 to 36 of 100]
8.271705653423140625e-02 2.127631151761726416e-02 9.425194436011796739e-02 4.939197167322698090e-02 3.975871534419905817e-02 6.171646774684565184e-02 1.696294146011132625e-02 1.936121709489252440e-02 4.216450047424835645e-02 2.297044857093000214e-02 6.704298068806634203e-02 4.162315340452049650e-02 3.835349583220235004e-02 2.777463300387698203e-02 2.207885817162396139e-02 7.161913568127860341e-02 9.025521335945362045e-02 3.502399586135773735e-02 8.040414306008919487e-02 3.131346976591601466e-02 7.604099264847130613e-02 2.387740603804927586e-02 5.687112022313325910e-02 4.074439634684711570e-02 8.709178300582484655e-02 7.612946965408906586e-02 1.077918208624280109e-02 9.929772718869623455e-03 4.600412614040166881e-02 2.152795518990661267e-02 2.378824418737431057e-02 9.511189423522797837e-02 9.406546861214974686e-02 1.749038473908382007e-03 2.223905489293687143e-03 6.269637160239108220e-02 9.476101746191394060e-02
7.813061968023242432e-02 2.002127631151726206e+01 2.009425194435976181e+01 1.419152759540430253e+01 2.003975871534384368e+01 7.621006023780313221e+00 2.001696294145975585e+01 2.001936121709453786e+01 3.634270541009730682e+00 2.002297044857057529e+01 1.420917860441914193e+01 8.985895063403756211e+00 2.003835349583184566e+01 1.416991025673495308e+01 2.002207885765535167e+01 2.156763276252030792e+00 2.009025521335909659e+01 1.417715961959243387e+01 2.008040414305973442e+01 5.804816161662198049e+00 2.007604099264811737e+01 1.416601302976912535e+01 1.419900674401279694e+01 2.004074439634649352e+01 1.315698915546674508e+00 2.007612913638888585e+01 2.001077918208227402e+01 1.415206539644994521e+01 2.004600412614004767e+01 6.229301418207634278e+00 2.002378824418702052e+01 2.009511189402827114e+01 2.555895288198799520e+00 2.000174903847355168e+01 2.000222390548893969e+01 1.420483380412795249e+01 1.423689664119299003e+01
2.526786264046545702e-02 1.157227324643288036e+01 3.157227324643252331e+01 3.419152759540500597e+01 2.395101253698653565e+01 2.176318188638717288e+01 3.590555596620292533e+01 2.728572691845205966e+01 7.285754257710340909e+00 2.728572691845205966e+01 3.420917860441984715e+01 2.053290044719647511e+01 3.727016634490595237e+01 3.416991025798472492e+01 2.425333294968810094e+01 4.253332949695876053e+00 2.425333294969913922e+01 3.417715961959314086e+01 3.183504305322501082e+01 1.183504305321752348e+01 3.183504305322501082e+01 3.416601302977195331e+01 3.419900705559894050e+01 2.255093648933126360e+01 2.546718247646967637e+00 1.253968526349985169e+01 3.227056601001770275e+01 3.415206539645470230e+01 3.242533893391065902e+01 1.264217027750349587e+01 3.242533893234059406e+01 3.084016113174544671e+01 2.255589488723230218e+01 6.119378513697776967e+00 2.611937737582441343e+01 3.420509011405032140e+01 3.423689664119369525e+01
4.163169627051844027e-03 2.000416316962669683e+01 3.985654449389377163e+01 5.223599442159449779e+01 4.395144688680159817e+01 4.176357233739319241e+01 3.787382190077517663e+01 1.797481154982516216e+01 1.175789021265189760e+01 3.175795966322555230e+01 4.760171227384694248e+01 4.053290044745926224e+01 4.881717177666320850e+01 4.197257867164874767e+01 2.638534011325580053e+01 6.385340113251989358e+00 2.638534011272416180e+01 3.807463767830431323e+01 3.890611086510072880e+01 1.890611086508312511e+01 3.890611086510072880e+01 4.689007745735217725e+01 2.688604436987759883e+01 1.274097530449640381e+01 3.792197775929714076e+00 2.379897434250748489e+01 3.183841372141019121e+01 5.009720235756520168e+01 4.073406685046240483e+01 2.185345819053850747e+01 4.073406685046240483e+01 3.611937623806618802e+01 1.611937851357956220e+01 2.611937737570179863e+01 1.004170121646142277e+01 3.004073586466512680e+01 4.279307336335217826e+01
5.883922493566802470e-02 2.005883922493531202e+01 3.300378206110266888e+01 4.128805330856486933e+01 5.128805330856504696e+01 5.185152558338768358e+01 3.208406746460475034e+01 3.787382190077517663e+01 2.175789103423391424e+01 1.931717973382831488e+01 3.345934565536789052e+01 5.345962307603765140e+01 5.050060739737499205e+01 3.368830754660925919e+01 1.368830754665414062e+01 2.638534011162566983e+01 9.790366236286953239e+00 2.979036623725265898e+01 4.719038213697151463e+01 3.045311624887584401e+01 4.719038213697151463e+01 5.274921661679406526e+01 3.274509001011879405e+01 2.506452681392195814e+01 5.055315287790688394e+00 2.506452681758445777e+01 3.577167746917564273e+01 4.753720860393954695e+01 4.979060535860831038e+01 3.384804342278205525e+01 4.876848300974909733e+01 2.876848912716031847e+01 3.611937623806591091e+01 3.636625317077367470e+01 1.636625653679806902e+01 1.451383717146104146e+01 3.451383794648263148e+01
1.256007409845548775e-02 6.337115394435240745e+00 1.300378206110196544e+01 2.300378206110214308e+01 4.300378206110284651e+01 5.999229754483211963e+01 5.185152558338768358e+01 4.175797885771247309e+01 4.175797885771247309e+01 2.564173536059254488e+01 4.564189805513985476e+01 5.635847182434179103e+01 3.635847182460886273e+01 2.221633620087840910e+01 3.368830754660925919e+01 3.225219605551350810e+01 1.225219605587358629e+01 3.209036378569831527e+01 4.970514164177536287e+01 5.045311624896652347e+01 5.873738755298700909e+01 5.076647407364866638e+01 3.097957947625812380e+01 3.260232096648381628e+01 2.436824803916259796e+01 6.860628721007863362e+00 1.784177257419111129e+01 3.824414292744224753e+01 6.106603475956782745e+01 5.316599506542726061e+01 5.705271965120727629e+01 4.291062414153378057e+01 4.705669898460973144e+01 2.705670621103874396e+01 3.636625317080151376e+01 1.780181691756824236e+01 3.194395261205805525e+01
9.594114293757748102e-02 2.009594114293722100e+01 3.300378206110266888e+01 4.128805330856486933e+01 5.128805330856303613e+01 5.639973769223451683e+01 6.468400877403435345e+01 6.175821231620188456e+01 5.271305353832380547e+01 3.271280556638856751e+01 5.271305353832380547e+01 5.635847182434178393e+01 3.635847182460885563e+01 3.635847182460886273e+01 5.050060739737870819e+01 3.478038367210952941e+01 1.477195920932705064e+01 2.184289630982840080e+01 3.722305953935216394e+01 5.990022939189021400e+01 7.038504593340509530e+01 5.076647407368290743e+01 3.677502672524467187e+01 1.686688874067974453e+01 8.696671404423923946e+00 2.689316446745177203e+01 3.539745264314063888e+01 4.400575634330354546e+01 5.219851399734635322e+01 6.363413736256865860e+01 7.119481516088080753e+01 6.119881817554181680e+01 4.119884141502888752e+01 4.705669898460973144e+01 4.123178973991205964e+01 2.123178862041847736e+01 3.277879495323811199e+01
7.711341127313005306e-02 1.421924903500420534e+01 3.421924903500490700e+01 4.046264730573076918e+01 4.874691858830759372e+01 3.639973769244629409e+01 5.313700345796005564e+01 6.420179959509712830e+01 6.099752182461232053e+01 4.425986583625868320e+01 6.099752182461232053e+01 6.464274297014766546e+01 5.635847182434178393e+01 5.635847182434179103e+01 5.135477137721897378e+01 3.752417762520866518e+01 1.751917049205089327e+01 3.716054369290210246e+01 3.568792487531516855e+01 5.499365963361252341e+01 6.365518381347044397e+01 5.223634741357103906e+01 3.593424347510821093e+01 1.600498632344705996e+01 2.865777163943635486e+01 1.062840912660421999e+01 3.057599521682414334e+01 2.412075740495552267e+01 3.563541422854835616e+01 5.544054063535320864e+01 7.053043256702443387e+01 6.948299604617453440e+01 6.119881817554181680e+01 4.975981922627759246e+01 2.975981727473365268e+01 2.594583382832887608e+01 4.594533658063514281e+01
2.297228869525369793e-03 2.000229722886917116e+01 2.590052847609647202e+01 2.046264730566650059e+01 3.220362166798018677e+01 2.485273230865418981e+01 3.591752843150766950e+01 5.236676548613039728e+01 6.236676548496486561e+01 6.426032268230301270e+01 7.254479635462422493e+01 7.494298313094792263e+01 6.494622840729979885e+01 5.666951306303099756e+01 4.307308857421067216e+01 2.306620562460028268e+01 2.160165555454464936e+01 4.160794419270955302e+01 5.494177933074813325e+01 6.314132053473539941e+01 5.547936566077926557e+01 3.568486119973130144e+01 2.416908353575088952e+01 3.593424347510821093e+01 3.879542504272740899e+01 3.058265393336336047e+01 1.257774553814001273e+01 3.252521059627263611e+01 4.621648261967273896e+01 4.258964398421165498e+01 6.235312427088732790e+01 7.390196430623510082e+01 5.390195368156343392e+01 3.975981728282842909e+01 4.975981922627759246e+01 3.149283579058173999e+01 4.227539466949156832e+01
9.647730019007895452e-02 2.983228646138214035e+00 5.900528476096117636e+00 8.915641921873779907e+00 1.220362166798089731e+01 1.591752843152190344e+01 2.408249424079902212e+01 3.408249424079866685e+01 4.822462986452912048e+01 6.822462986452195821e+01 8.079814733379090796e+01 6.081953519946766562e+01 4.666789091114688404e+01 3.665868032934713483e+01 2.909679706599967020e+01 4.307308857421067216e+01 2.714877497930150696e+01 3.103118968505233966e+01 4.518208255777073390e+01 6.518347694128763692e+01 5.803757254387632969e+01 3.825757646083265939e+01 3.825757646083265939e+01 5.223634741387614611e+01 4.387314014861197364e+01 2.398060700458174210e+01 1.398259610817670229e+01 2.001396511855040572e+01 2.633803099502942757e+01 3.785417076845980944e+01 5.763961305368329135e+01 7.390196430623510082e+01 5.390195368156343392e+01 5.975982116972676295e+01 4.149283597120689393e+01 4.303984225933630370e+01 5.976358228302108699e+01
3.582433992925927735e-02 2.003582433992890444e+01 2.590052847609576148e+01 2.046264730566650059e+01 3.220362166798018677e+01 3.591752843152119112e+01 2.240638527675229241e+01 4.240638527675137226e+01 5.752496419711858522e+01 6.580923544092159716e+01 7.580923543891880456e+01 7.141397172072872479e+01 5.141898466070553297e+01 3.726488286253923832e+01 4.324711017739687691e+01 5.293397875368668792e+01 3.292302722292053829e+01 5.104035533951628878e+01 4.368820620733004745e+01 6.369163374595344607e+01 6.621511836891421865e+01 5.803757254387632969e+01 5.803757254387632969e+01 6.343711273283422258e+01 4.383245296866400764e+01 3.535486689002843974e+01 1.544586521287865644e+01 3.538367632798586726e+01 4.621641626620226617e+01 5.440156875610114895e+01 6.581758468172509424e+01 8.218621810673415951e+01 7.390196430623510082e+01 6.905255976742444091e+01 4.905212598271447177e+01 6.304015713123041564e+01 7.132541159363444194e+01
1.813270376062421294e-02 1.416026832749429509e+01 3.416026836148812862e+01 4.046264730566720402e+01 4.874691855312940447e+01 5.069065652224841756e+01 3.654852090048274249e+01 2.996567473693670536e+01 3.752496419712098685e+01 4.752496419712063158e+01 6.752496419711582121e+01 7.141397172072872479e+01 5.141898466070553297e+01 4.621739834134358205e+01 6.325105243562722990e+01 5.926225753520195383e+01 3.925048291709868664e+01 5.926225753520195383e+01 5.783840609866258831e+01 7.196530445227192274e+01 7.326921452214783415e+01 6.484486016703294808e+01 6.353131892952564641e+01 5.921211691058868354e+01 3.940921892129024684e+01 3.685362682412831248e+01 1.692067640385843674e+01 3.682574865054920821e+01 4.868882620358704827e+01 5.047323689450637829e+01 7.021734461028061958e+01 7.290324959151087114e+01 8.109577675158159593e+01 7.733804858229930801e+01 6.059914936023507437e+01 7.733804858229930801e+01 7.103102576116756950e+01
2.372884694381488524e-02 2.002372883287741345e+01 3.059095483448871633e+01 3.662118172993905318e+01 4.369224954283186690e+01 5.197652185493334542e+01 5.654852090047954505e+01 4.410781036066715899e+01 4.410781036066715188e+01 6.410781036066201466e+01 7.580923543891880456e+01 7.968459506517554303e+01 7.141397172072872479e+01 5.777542914807509078e+01 7.449346829663966219e+01 6.753776430422091437e+01 4.820471745614597125e+01 6.753776430422091437e+01 7.782257531570016340e+01 7.326921352217688366e+01 6.156953858264629531e+01 4.461097912049091718e+01 4.333399448134138510e+01 4.561232767242768915e+01 3.940922136565538381e+01 1.949203379932885483e+01 3.685363270959631166e+01 2.060498010661856227e+01 3.061284551596532211e+01 5.047323689450637119e+01 5.897867801923835884e+01 5.321093162376818952e+01 7.290324959151087114e+01 8.888618081669767435e+01 8.060013313226070863e+01 7.680643194655856121e+01 6.852524461671431766e+01
8.175220331382776484e-02 5.245729998257072424e+00 1.059095483650560610e+01 1.662118172806098571e+01 2.369224953992658556e+01 3.523925492371950696e+01 5.523925493059334713e+01 6.410781036066201466e+01 6.410781036066201466e+01 7.239208160276352544e+01 7.532783616014147299e+01 7.370125983546529369e+01 8.179402102865235236e+01 7.775899173934787711e+01 8.602720920912388181e+01 7.647882085963547638e+01 6.235733626965128451e+01 7.647882085963547638e+01 7.740034031561016548e+01 6.484486016456769164e+01 4.461097912049091718e+01 3.299986694326013037e+01 2.914550878020379798e+01 2.555563879597365329e+01 2.212869108376590432e+01 3.817740489240458857e+01 4.659289709316907846e+01 4.054304120523582355e+01 2.453556769099061441e+01 3.163072288834343482e+01 3.919589820799212987e+01 5.897867801923835884e+01 7.377000153186769182e+01 8.196504462366725363e+01 8.083629332392472122e+01 6.852524461671431766e+01 4.882485753825546482e+01
9.124702163186203252e-02 2.009124702163150644e+01 3.059095483781744207e+01 3.662118172993905318e+01 4.369224954283186690e+01 5.197652185493334542e+01 6.352352797522318895e+01 7.013683729664717248e+01 7.843035798246025081e+01 6.957536132114572069e+01 5.573021468248626320e+01 5.398607482545018854e+01 7.044147452988393354e+01 7.189983441106269879e+01 7.189983441106269879e+01 8.021452375862722306e+01 8.233273593643349386e+01 8.073928919895284650e+01 6.046129422937591613e+01 4.876581005514185563e+01 3.971758840726430151e+01 5.316282349806104435e+01 4.924965385038968435e+01 4.561232767242768915e+01 4.212122972609344629e+01 2.530701867048447795e+01 4.503173123122280685e+01 5.266873805261364083e+01 4.447611296131930914e+01 2.897477916062902281e+01 4.891143755992331421e+01 5.985274786035822814e+01 5.408803263863227784e+01 7.377000153186769182e+01 7.253737998554061051e+01 5.276905315442800060e+01 4.153663962827019418e+01
2.239863785106879432e-02 2.002239863785071350e+01 3.300888787822515269e+01 4.129315912568735314e+01 5.129315912568753077e+01 6.203260284362028187e+01 5.371854553865851045e+01 5.002861866903972299e+01 6.603559202058444555e+01 5.749297925806126131e+01 4.178035793602441572e+01 4.250263133332919807e+01 6.165160849373485519e+01 5.190973761034776857e+01 5.190973761034776857e+01 7.189983441106269879e+01 8.179179145558197206e+01 8.908655346100957217e+01 7.075742397712922127e+01 4.995570334592789408e+01 5.136274185005617454e+01 6.815900909908548044e+01 6.347618928797837157e+01 4.369372061771853311e+01 2.971140803796491525e+01 2.863045790223670295e+01 4.827550622852628237e+01 6.103890145486225549e+01 5.356317987504348110e+01 3.360583373014129194e+01 3.533649718401718332e+01 4.006851152614085265e+01 5.985266193337029250e+01 7.731320900761114956e+01 7.512560060869618894e+01 5.532453263275050404e+01 6.112413116816924230e+01
1.766589122093755945e-02 6.342221211557723670e+00 1.300888787822444925e+01 2.300888787822462689e+01 4.300888787822533033e+01 5.371854548262096074e+01 3.361563376103137557e+01 5.371854553757478357e+01 5.752342431941372070e+01 3.711802933749370226e+01 3.184780581240314845e+01 3.359210318833383724e+01 5.022577218175440805e+01 3.782108256968275839e+01 4.534367580042714962e+01 5.348054821729123631e+01 6.500746356848250684e+01 8.504079257536952241e+01 7.882140068915174425e+01 5.932872213116394278e+01 7.103855011336818848e+01 7.897180240371693571e+01 6.604649727222478361e+01 4.683967592745804609e+01 3.294234974233422264e+01 4.827550623034408517e+01 3.351889522258104392e+01 5.303942323685797078e+01 5.849140079360947908e+01 3.852907314651149306e+01 5.518951212267354123e+01 5.408803028654076428e+01 4.944753396910465426e+01 6.913217810792960449e+01 8.343124838062735193e+01 7.512560060869618894e+01 7.369610696147306328e+01
