MOVIE_S11_data/elevation_000742.asc
nrows	100
cellsize	150.0
xllcorner	0
ncols	100
yllcorner	0
NODATA_value	-9999
[rows 17 to 33 of 100, columns 0 to 36 of 100]
5.222468517465790605e-02 1.847684054982536139e+01 3.413142603625945526e+01 2.816499791866688795e+01 2.900031570771609424e+01 3.830422618107250088e+01 3.447054544213142435e+01 2.612507959486985953e+01 3.060324600366518055e+01 3.831294897453049941e+01 2.762079887120243527e+01 4.265077125403981739e+01 2.999215092198953769e+01 4.926704657718831726e+01 6.224558344642009189e+01 5.639190561461276729e+01 7.051281011503154161e+01 9.053234167645234720e+01 8.839022421488812142e+01 7.427012155003160387e+01 8.839022421488812142e+01 8.291323263946593158e+01 7.138110376235376009e+01 5.756278521068223597e+01 3.757022529333735861e+01 5.240402712279927044e+01 3.380281907700673116e+01 4.794498257072100955e+01 6.794120457895529341e+01 7.529736896523665735e+01 7.529733502346947205e+01 8.357834401890043807e+01 7.972702361846981489e+01 7.154918090956738297e+01 6.530227234620564047e+01 5.957036209906080870e+01 5.423458191556056107e+01
7.333276091007127906e-02 2.007333276090386320e+01 2.340463813583117769e+01 5.830481397451237946e+00 7.587046378173016414e+00 2.654007247910299583e+01 1.301378728514329985e+01 1.506949093610013612e+01 1.715824343997880419e+01 1.927541497922342728e+01 2.140146277947511422e+01 2.365739754117725013e+01 4.265423962587814088e+01 5.234132356164417388e+01 4.243670372097603405e+01 5.639200040022733873e+01 7.638531140114211837e+01 8.182233764003829890e+01 9.012381177789596620e+01 9.424208473406366693e+01 8.942418064612273554e+01 7.465346555494268443e+01 5.466142441871307511e+01 4.311770383877352941e+01 5.756686138942458797e+01 5.788355577624955117e+01 3.788682155408312724e+01 4.164887166449948097e+01 5.319330268202042333e+01 6.733258746320849752e+01 8.733004841553338338e+01 8.545521487378879044e+01 6.578911304276583394e+01 5.179472151453401096e+01 4.544635280124661136e+01 3.960570076126506223e+01 3.415834656821628101e+01
6.343274376862209629e-02 1.719896245763078646e+00 3.384704667302121273e+00 1.833663108643605355e+01 2.150365703793863048e+01 1.012640521040107622e+01 1.403780662282298053e+01 3.279406547059704025e+01 3.626123628124548048e+01 3.831426088395976848e+01 3.470698609215897790e+01 4.265423962587814088e+01 2.735425269482740163e+01 3.289904731404571692e+01 5.234132356164417388e+01 6.329642724772280360e+01 6.915561027138194561e+01 6.179448535542569942e+01 7.595408435524406343e+01 9.598955433484599098e+01 8.114557089372424059e+01 6.114830231095357505e+01 4.960483053606105841e+01 6.311283609435868414e+01 7.139176718747836503e+01 6.214644478165004671e+01 4.215172888324615741e+01 6.164478071462856690e+01 5.164668720788156264e+01 6.319078226753338612e+01 8.318864654544594828e+01 8.545521487378879044e+01 6.578911304276583394e+01 7.154918090956738297e+01 6.318646434635464715e+01 4.328655247190797439e+01 3.561804376080474555e+01
3.497053469895897854e-02 2.003496980924546378e+01 2.340463808223511322e+01 1.502487591691859770e+01 3.217030432781076144e+01 2.476266224925925030e+01 2.481389182294947204e+01 2.002116672576602596e+01 3.301995359763353832e+01 5.170836133214062613e+01 5.414292867648237007e+01 5.399157511439903345e+01 3.772503541007990435e+01 3.179676256567929471e+01 3.542379251586280020e+01 5.502115118717000541e+01 4.918049766794742084e+01 5.808621070467226843e+01 6.964298375743960889e+01 8.967839560657141362e+01 8.374007130745256688e+01 6.374320870380725523e+01 6.960015415795935212e+01 5.854588072366725271e+01 7.854324922676902077e+01 6.661728219337140899e+01 4.662308945545525773e+01 6.661728219337140899e+01 6.319078226753338612e+01 7.992556295381807274e+01 9.147085381883113087e+01 9.366493419417383848e+01 8.545521487378879044e+01 7.714058053538396109e+01 5.740648016992872726e+01 6.318646434635464715e+01 4.857733365123299762e+01
9.635555453094322986e-02 1.423849118166319272e+01 3.423849642138757332e+01 3.471420620352166253e+01 3.111767875400418859e+01 4.616077038222761786e+01 3.732498080640220905e+01 3.849366149349200583e+01 2.639435487442444384e+01 4.297110607738780175e+01 5.831912035505709468e+01 6.414342251005611217e+01 5.589540072165120677e+01 3.890792625610158950e+01 5.502115144753275899e+01 4.116854341572445719e+01 5.514360199717568634e+01 7.514134577457025443e+01 8.641193219560356908e+01 9.798079532254483581e+01 9.201818492280841610e+01 8.374007130745256688e+01 8.561366753100270444e+01 6.561550461600614881e+01 8.561366753100270444e+01 7.146695187059187049e+01 5.147125154205649977e+01 7.146695187059187049e+01 8.318864654544594828e+01 9.147085381883113087e+01 9.737878503251603490e+01 8.910810214011551977e+01 9.737878503251603490e+01 8.533489417705787616e+01 7.714058053538396109e+01 7.666211541445031230e+01 6.703864185986192581e+01
8.845047570523793812e-02 2.008845047570292053e+01 3.262852605635452363e+01 4.677070497705948071e+01 5.056769271459382509e+01 5.861143300506057585e+01 5.543595095196248224e+01 5.283217455304172461e+01 3.825046599735217256e+01 3.329004955112150554e+01 4.568863314212906346e+01 6.613773455271753221e+01 6.690234166308300701e+01 4.865525686357104007e+01 6.690234064615491150e+01 5.514360200301497628e+01 5.365219134990768879e+01 6.777903878435562035e+01 8.781060519490844740e+01 9.347184933158823128e+01 8.889633252102025551e+01 9.726532978286444120e+01 9.389159392698246620e+01 7.716266590475632370e+01 9.389159392698246620e+01 7.853759407438634810e+01 5.853879787579907656e+01 6.301437895345248563e+01 8.301338120274469645e+01 9.892494630247664134e+01 8.738081350913795120e+01 6.910025118335337879e+01 8.738081350913795120e+01 9.016065536816266501e+01 7.588064912881920066e+01 6.759964148435396680e+01 6.759725606955882427e+01
8.023991185656004221e-02 4.344254238968787263e+00 1.848638986283671670e+01 3.601092091339337742e+01 4.155792287862324486e+01 4.984219524567298265e+01 5.984219586386731748e+01 6.281084263625616870e+01 4.869120835290322447e+01 3.641108233705227804e+01 4.551918095658976426e+01 6.629281765670002358e+01 7.688200371936797239e+01 6.858393160338202676e+01 7.688200371936797239e+01 7.514135493556604217e+01 7.364606361655178546e+01 8.194698351850773577e+01 8.762777816852768353e+01 7.340928761736785191e+01 6.887500232988908522e+01 8.567502713447794349e+01 9.423593986942491085e+01 9.715795043987907320e+01 1.054328470510678670e+02 8.682033077251740849e+01 6.748192076351149638e+01 7.456114893138344257e+01 9.129578198987795190e+01 9.065592298648972758e+01 7.064771143586669666e+01 5.909315115239868987e+01 7.015497399406308432e+01 7.015497399406308432e+01 6.759972288921089500e+01 4.755391954926889753e+01 4.755390137008387086e+01
4.598823041778624804e-02 2.004598823040947408e+01 1.101092090563551373e+01 1.601092090563560077e+01 2.155792286788798862e+01 3.155792286788816625e+01 4.570005849167300482e+01 6.570005856479374984e+01 6.427952906222533613e+01 6.687639527293127628e+01 6.597456555991918492e+01 7.502740786820027097e+01 7.573451401116624027e+01 8.341635180335939026e+01 8.245217385187289949e+01 7.419330283565285811e+01 8.245217385187289949e+01 7.855619390499938959e+01 7.761825817899301683e+01 5.931533347146110202e+01 5.737501841770508548e+01 7.416995319973619871e+01 7.416995319973619871e+01 9.006742806173367910e+01 1.016748770758475757e+02 9.576386765736866380e+01 7.902994361151581870e+01 9.455934520411095434e+01 1.028409710067813592e+02 9.645029586889384632e+01 7.644813157027564898e+01 7.015497398310856170e+01 5.013600914506998407e+01 6.284508248964301202e+01 6.001381205641643390e+01 5.342520660383952702e+01 3.315834083352480377e+01
7.340434288523949025e-02 2.007340434288488495e+01 3.101092091145389773e+01 3.601092091339337742e+01 4.155792287862324486e+01 3.420703350856271641e+01 4.834916913243203140e+01 6.834916923167097025e+01 7.220106941593803640e+01 6.389157576969930119e+01 7.220106941593803640e+01 7.256546779103021549e+01 5.650624702245850273e+01 7.256546779103021549e+01 7.248347017232264022e+01 5.425633386919639634e+01 7.248347017232264022e+01 5.856427448154253312e+01 6.930044123728997363e+01 4.934565801975397648e+01 4.845527636249634895e+01 5.421597982068165322e+01 6.174910867432323158e+01 7.324254977589677651e+01 9.329372022484679405e+01 9.706263848291817453e+01 9.902730180081476874e+01 1.073085675279051827e+02 9.793996930163623915e+01 8.794235800949189752e+01 7.644813157027564898e+01 5.643379065484643320e+01 4.641995577943914952e+01 4.282497726256810466e+01 3.996901140514327011e+01 3.714827696529403056e+01 3.679062294732201366e+01
3.515918393995972474e-02 2.003513689157628619e+01 3.578958578764621024e+01 4.407288314042916255e+01 5.301654750098683877e+01 5.420703353776753630e+01 6.249130680079611722e+01 6.878069553472211339e+01 6.047312164674144697e+01 4.387428423536501754e+01 6.218603847073911339e+01 6.468254926968066343e+01 4.504502721033281887e+01 6.468254926968066343e+01 6.422481991502094445e+01 4.427234414394029471e+01 6.118573644199992856e+01 4.445090496011403047e+01 5.642333348076200394e+01 4.179680154474750964e+01 6.175802755029750557e+01 7.416995319973619871e+01 8.171717156857847897e+01 9.006742806173367910e+01 8.762331224868920287e+01 7.703880371275178618e+01 9.123836081435183587e+01 1.012589285579338139e+02 8.966877377994894971e+01 6.966245434026662053e+01 5.965778692705524122e+01 5.208374134121867627e+01 6.644096121791901055e+01 5.698295246670290481e+01 6.001381205641643390e+01 5.726044693471850877e+01 4.126739291740243232e+01
4.608085242692564615e-02 2.004606721553837190e+01 1.578960912813887241e+01 2.473388103618032474e+01 3.887601477524589200e+01 5.887572800788972671e+01 5.717075701813109845e+01 6.047312164674144697e+01 4.041021652927597074e+01 3.378467961891114157e+01 5.388293000253215581e+01 5.775222640376645700e+01 3.795313850433490899e+01 5.775222639280728032e+01 5.701038398225468740e+01 3.717950326995607213e+01 4.823458848117628861e+01 3.286385520786809877e+01 3.643995639752045435e+01 5.642333348076200394e+01 7.006235700590126214e+01 6.784661610646709562e+01 7.621762967989245396e+01 8.007895706993613771e+01 6.766762659717699080e+01 6.298203803938951495e+01 7.291648294662988405e+01 9.289081531651923740e+01 9.793996930163623915e+01 8.794235800949189752e+01 7.695660721084756517e+01 5.694618200026959443e+01 7.695660721084756517e+01 7.699751629541951559e+01 6.889494717188408401e+01 4.887374645837417120e+01 6.132764459519030709e+01
1.610643649003322755e-02 5.789609128386315362e+00 1.733661450350725985e+01 3.733653320129240427e+01 5.301654750098683877e+01 5.165765767062551816e+01 3.785428973283790555e+01 4.380227356103249292e+01 4.628650538787930202e+01 2.598983790347940825e+01 3.832550283915534806e+01 4.663286753951656749e+01 3.182742614281829319e+01 4.365304306765397513e+01 5.079739151818011322e+01 4.420004395851336199e+01 2.809280967222225200e+01 4.823458848117628861e+01 5.642333347820706280e+01 5.792227725716818298e+01 5.330484529684310502e+01 4.754471201914200407e+01 6.753515220927461371e+01 6.013237703319887828e+01 5.357076427970842758e+01 7.351251160127782214e+01 9.123836081435183587e+01 1.012589285579338139e+02 9.851219654897070654e+01 7.850136878494218706e+01 6.695427466899359104e+01 6.589866599326001051e+01 8.523437370641320854e+01 8.044862941594806216e+01 6.043706475472288275e+01 5.783248233589658582e+01 7.717587400286154775e+01
2.022278438842990689e-02 1.156722816745090299e+01 3.156718693096179607e+01 4.561883523814800867e+01 5.010922017416419294e+01 4.170300292133426723e+01 2.563639669100820839e+01 2.573969653679263203e+01 3.821144265992511890e+01 3.280163816706483715e+01 1.774356500857987129e+01 3.817851540282384804e+01 4.350930771564264177e+01 2.334883952980561972e+01 4.008333751297601566e+01 2.387651243492100051e+01 4.408030209547781197e+01 4.604338106592576452e+01 4.803415956448650803e+01 3.120296203956101522e+01 3.345245277306835874e+01 5.330471997649274840e+01 5.780405053715495001e+01 4.596621738393626089e+01 6.597523958399769128e+01 8.181958655603116881e+01 8.972625204619082240e+01 9.808089637178471776e+01 1.067745833687133228e+02 9.523209184897085322e+01 7.850136878494218706e+01 7.744519433701880473e+01 9.417666084619115452e+01 8.872394416434983100e+01 7.199169417259081172e+01 6.938769054893185739e+01 8.612171478325794283e+01
6.642187732006160639e-02 2.006641613026747351e+01 3.985059479899557289e+01 3.778646397940197943e+01 4.183028820787626501e+01 2.168528102775283273e+01 2.436171532563519904e+01 1.492707653593458694e+01 2.945257263193137831e+01 1.149382365827528751e+01 1.270589969509876482e+01 3.265188904702454664e+01 3.604037519248127097e+01 1.799373994359711659e+01 1.965182453144744557e+01 2.170276582247094055e+01 2.377139909607079105e+01 2.585367460102467874e+01 2.793855337464943389e+01 3.215294005361189278e+01 5.052321234836325203e+01 3.678781014895402990e+01 3.923875382828445169e+01 5.932294171119112747e+01 7.002227954745269756e+01 7.708003807311665412e+01 6.973083207981009934e+01 8.383523023264000074e+01 1.039484368047006910e+02 1.067745833687133228e+02 9.851219654897070654e+01 9.745579561065554230e+01 1.057196652672131876e+02 1.002674891082498618e+02 9.200101779653390111e+01 8.939711693310891860e+01 9.766648377730521702e+01
1.591255364720534082e-02 2.001591255364684940e+01 2.261091013397621907e+01 1.778493495550981152e+01 2.471649782815072172e+01 2.579517878532603348e+01 7.433966873260968278e+00 8.604186528142683699e+00 9.792812063190007521e+00 2.803763292657393080e+01 3.313150626617209582e+01 1.450412252862936313e+01 1.580054267289536973e+01 3.650636467723120404e+01 4.021458571325048581e+01 4.214637134203920965e+01 3.836911680067098018e+01 4.009029309802234309e+01 4.803343388251342105e+01 3.969580489979413329e+01 3.792342840280777239e+01 5.665809881673854420e+01 5.932294171119112747e+01 4.364261263404853253e+01 5.002838045314108228e+01 5.711768241922001010e+01 7.708003807311665412e+01 8.752598368167069509e+01 9.648657020395367567e+01 1.081098378446768464e+02 1.156434312098035946e+02 1.073493863590947370e+02 1.073493863590947370e+02 1.053970945164548283e+02 9.626084057088618806e+01 8.749012515994353123e+01 7.922909692734748432e+01
6.189296070378335485e-02 2.006189296070342820e+01 2.576182355616689179e+00 3.643700580084054064e+00 4.717348062128014163e+00 5.795651430792215564e+00 8.888287821466876792e+00 2.876158841497428398e+01 3.034900639085207175e+01 2.884332373625831636e+01 4.268490380064115186e+01 2.930401376457448492e+01 3.651251904591199349e+01 1.961475340422561331e+01 4.021187046500020301e+01 5.241843212076628333e+01 5.930689169447881426e+01 5.931610187289994229e+01 5.842780635399995504e+01 5.307722293109995348e+01 5.684806903303837089e+01 4.446111267948384693e+01 6.397261778380999431e+01 6.369392513169588455e+01 4.886333844126813375e+01 5.388761756117233404e+01 5.923538559186043528e+01 6.815070762253235159e+01 7.963876298110177743e+01 9.970692972391857722e+01 1.073493863590947370e+02 8.732365699241584878e+01 8.732365699241583457e+01 8.539851889930561413e+01 8.217162680389058949e+01 6.806332183711300843e+01 5.930732896943754895e+01
2.247884206357958492e-02 1.070763678785496831e+00 2.099652512508371061e+01 2.363735963494982428e+01 2.471649782814423446e+01 1.536631748041668288e+01 2.868368756789197604e+01 1.339021385134092412e+01 3.340918982802927673e+01 4.553424070686200764e+01 5.460084018631258118e+01 5.034063568675301781e+01 4.860525667608502687e+01 3.428370994997155918e+01 2.362958884077847088e+01 4.403395922404528307e+01 5.642580918413993629e+01 7.071568157591885040e+01 7.712279877227075531e+01 7.269331806513767447e+01 6.944432629168277060e+01 4.971583153540490230e+01 6.944432629168277060e+01 7.439890956983819592e+01 5.443482962263006897e+01 7.385656720848818679e+01 7.918977507871110788e+01 7.074015356429219992e+01 8.223674035871196963e+01 1.023371491411099470e+02 1.073493863590947370e+02 8.732365699241583457e+01 7.325596711551661144e+01 8.379250848728904089e+01 6.548254342454799826e+01 5.395997025704941308e+01 5.030875357455197872e+01
