MOVIE_S11_data/elevation_000995.asc
nrows	100
cellsize	150.0
xllcorner	0
ncols	100
yllcorner	0
NODATA_value	-9999
[rows 51 to 67 of 100, columns 37 to 73 of 100]
7.610279072988237203e+01 8.589518759351510369e+01 9.985646626240777834e+01 1.197893242695373033e+02 1.149558739322950203e+02 1.067051182279771382e+02 1.113954672801098980e+02 1.094426204694910467e+02 1.177014867177266098e+02 1.233715282963987505e+02 1.151663656228138279e+02 1.233715361824233554e+02 1.281245686845740579e+02 1.199288263538374224e+02 1.281245687222435095e+02 1.156495611844926117e+02 9.584297813315164660e+01 8.469571685221166035e+01 9.624582749204854792e+01 9.201373467534236283e+01 7.518161271023218717e+01 8.423920755725913523e+01 8.358302189355146083e+01 9.748528814632078365e+01 7.909845530095570609e+01 5.918145402038359038e+01 7.054090806588148155e+01 9.078832683593724084e+01 1.045424837854104538e+02 9.458236282651249383e+01 8.630677255839056272e+01 7.931802728996588314e+01 6.708643952299034652e+01 4.748238569788502161e+01 6.193816276826698441e+01 6.696733773677584622e+01 4.736379825364309681e+01
9.010100188457835202e+01 9.536345056861384251e+01 1.028347309499781090e+02 1.111010873622109045e+02 1.226040422215721719e+02 1.235981516148488311e+02 1.136710947469921109e+02 1.054472495537602157e+02 1.136710941576437790e+02 1.134209528419793145e+02 9.522705743411158608e+01 1.134209614043773229e+02 1.181990575166085335e+02 1.000509842251789081e+02 1.181990577047798610e+02 1.239465428369673674e+02 1.124733105906941262e+02 9.624582749204854792e+01 7.685194181141369540e+01 7.260632234913812511e+01 6.860966197310878556e+01 6.476671337685387186e+01 6.985371510673354578e+01 8.771650946321560127e+01 7.552127193305503283e+01 5.570475005059508788e+01 7.552127193305503283e+01 9.479995699076927451e+01 9.415645259537568279e+01 8.589098177962738134e+01 9.415645259537588174e+01 8.319961725359813443e+01 6.346508546622485625e+01 6.193816276826698441e+01 4.231504615885341991e+01 5.703238362151967067e+01 4.228252453622593521e+01
7.047191288926394748e+01 7.567317104219415569e+01 8.306758108565257714e+01 9.442767228186872330e+01 1.143189866617215387e+02 1.126202234142620426e+02 9.543143588428958424e+01 8.541562221817864042e+01 1.017266755995403571e+02 9.575253045618795511e+01 8.516257803302627849e+01 1.051967115687380385e+02 1.099899052894869840e+02 8.998795324701580967e+01 1.099899052894869840e+02 1.217845969652350675e+02 1.101458887705023812e+02 9.048823359269592004e+01 9.048823359269592004e+01 9.201373467534236283e+01 8.805205548725805897e+01 7.958328514595960712e+01 6.009973041827251450e+01 7.567396780297438852e+01 7.212276663504317753e+01 5.238708166489534790e+01 6.623194822293724826e+01 7.825420736857671500e+01 8.425295792784098126e+01 6.614513964794194578e+01 8.425295792784098126e+01 9.145992083596975419e+01 7.717290200088741869e+01 5.749011780998680621e+01 4.618383817763697152e+01 3.734347935799804219e+01 3.745909702006056108e+01
9.010100200878012799e+01 8.955396961295522829e+01 9.172041309390699837e+01 1.111010873622109045e+02 1.184721877898847993e+02 9.856297600852288099e+01 8.435278944146695324e+01 7.539700712352380663e+01 8.171076065049523152e+01 7.571755604444213361e+01 9.575253045621738579e+01 1.134209613645324595e+02 1.033225879419975115e+02 8.326538236193705700e+01 9.361247255122925992e+01 1.135719936673436337e+02 1.184209863663394060e+02 1.101458887705023812e+02 1.101458887705023812e+02 9.377280426664023594e+01 7.981247936489225481e+01 6.993263175850204050e+01 7.567396780297438852e+01 5.622004383379827175e+01 6.892059326862948865e+01 4.923451211606855793e+01 6.616334921326480867e+01 5.858689246392239625e+01 6.723505446109447803e+01 5.638111194767861889e+01 7.022283085335759267e+01 9.000898323989717653e+01 8.541702698158168516e+01 7.401591405433849502e+01 6.521463887623804112e+01 4.686979232399995965e+01 3.283339090380830783e+01
1.036545176053029707e+02 1.093887782821131509e+02 1.115731084448964054e+02 1.198486803067579984e+02 1.199318733793569436e+02 1.126202234142620426e+02 1.036812759180166950e+02 8.757328640741884840e+01 6.766688135145109584e+01 8.757328640735403269e+01 9.493555381471749399e+01 9.865722318194879392e+01 9.039828223134318819e+01 7.722587845451603528e+01 9.142371587986973225e+01 1.114016350099765873e+02 1.045199346577565507e+02 1.128755177998838519e+02 1.219249165407332214e+02 1.078488604036866434e+02 9.709549146996236857e+01 8.080844200124320764e+01 7.728281886300402448e+01 6.668260113158385138e+01 5.249569917392695118e+01 6.440717186796074145e+01 4.660406894986255821e+01 4.477014018658940131e+01 4.766280325887451852e+01 6.723500729767438600e+01 8.423171543046979082e+01 8.569823697276460450e+01 9.144027613625165429e+01 8.317603394969341934e+01 7.474585191909132220e+01 6.080782212154564093e+01 4.333295160219739728e+01
8.551152625063215851e+01 9.947392782907181186e+01 1.194006571169165909e+02 1.140573625548669128e+02 9.995521110476408921e+01 1.140573625548669128e+02 9.807228622657940775e+01 7.808464660773927335e+01 6.412698287375954465e+01 7.913379724380149582e+01 7.498731336584140195e+01 8.451171452641489168e+01 7.043595996035280393e+01 8.453675313162493410e+01 1.045492652801688251e+02 1.012452268084521023e+02 8.438723931078821749e+01 1.012452268084521023e+02 1.152615372909208702e+02 1.068150163663195826e+02 1.055126218415657320e+02 8.983002387857843019e+01 7.313451719077251312e+01 6.287963071082681665e+01 5.890808039492736015e+01 7.309491852236469356e+01 6.616334921326480867e+01 6.180936251011341653e+01 4.219717410867981044e+01 6.179655706652051350e+01 6.594522358268942241e+01 6.594525590910438950e+01 8.000455539816923078e+01 6.342859548698585570e+01 8.000455539816923078e+01 7.123374830262109469e+01 5.728334192769903410e+01
1.036545176053029707e+02 1.135772491371672004e+02 1.166547319904104540e+02 1.050982905311782929e+02 8.572628998164704228e+01 1.050982907661773993e+02 1.023856375719351064e+02 9.219982996324340263e+01 7.913379712632924168e+01 5.942840710504712121e+01 6.108690463628602174e+01 6.468517054509375441e+01 8.451171454129368499e+01 9.865722318194879392e+01 1.038981043199604386e+02 9.289631757967161718e+01 7.293678819176585648e+01 9.289631757967161718e+01 1.035172828376211527e+02 8.649410647092770432e+01 1.035172828376211527e+02 9.996585815133276753e+01 9.062145159617907098e+01 8.258160856755948487e+01 6.561604748256966957e+01 8.450926596040511640e+01 7.145096889771642168e+01 5.182760402724883164e+01 4.047754447122888877e+01 5.776509273177182280e+01 4.631058813600139246e+01 6.396746422260089560e+01 7.154679872233822380e+01 5.215399593116010379e+01 6.126012936942539255e+01 6.607266752830369683e+01 5.802484774177276705e+01
9.976566855221032881e+01 1.097251413386066901e+02 1.084085591937816275e+02 8.834734774857680861e+01 7.676060997153595622e+01 8.827021133017650811e+01 8.400411157038837473e+01 7.420108436489489634e+01 7.589424805970757859e+01 5.622094136171332224e+01 7.589425104214620887e+01 8.451171452635033177e+01 8.451171454129369920e+01 1.044823099795046488e+02 9.554328553215854924e+01 7.557697932897993098e+01 6.603728291782282156e+01 8.097393170148438912e+01 8.609388253275444924e+01 7.498305161352600123e+01 8.912541587513791796e+01 1.094649707375989749e+02 9.807286057699354842e+01 7.889104614107064606e+01 8.450926951389048725e+01 9.256848655845423934e+01 7.967420580202833946e+01 6.757412183522816918e+01 4.795571866671503614e+01 3.805072116411123062e+01 3.629675802273563079e+01 3.496569619962249220e+01 6.205460277018179482e+01 6.126012936942539255e+01 4.161206113491858360e+01 5.244614498019843296e+01 3.840581440547725123e+01
8.156665176255610561e+01 1.013957131987569653e+02 1.088246490624221821e+02 8.876651963247378774e+01 7.717784947706989840e+01 6.833188515091414672e+01 6.418563825313836446e+01 6.030189332987389861e+01 5.667676524613225553e+01 5.389798712506133427e+01 7.322114509812142558e+01 8.966521300568258823e+01 9.276695084386277301e+01 1.008777487431926971e+02 9.334062594574888294e+01 7.340055248388519260e+01 5.955576006738825612e+01 6.120482135606535934e+01 6.622597789461541140e+01 8.609388253275444924e+01 9.508273356803681509e+01 1.154425032683816710e+02 1.062459269758377474e+02 9.807286057699354842e+01 9.914757801584667618e+01 9.086311321593383639e+01 8.733604746770680549e+01 6.757412183522816918e+01 6.011820669593539890e+01 4.052466112288370681e+01 5.414921922588840175e+01 3.439207738424125438e+01 5.218832764893918608e+01 5.080935409342782094e+01 4.959900218269223870e+01 3.270541024955825549e+01 2.691624167857513683e+01
9.976417888640665410e+01 1.097233014420176858e+02 1.170699069722106174e+02 1.055150974764264191e+02 9.643949661849418931e+01 7.978756700721332606e+01 8.400411157038837473e+01 8.004049921803233758e+01 7.128917058850571209e+01 5.158989966368604740e+01 6.285159837894594403e+01 8.240587941749484457e+01 7.314857697663612157e+01 8.955736177351710126e+01 8.877724471908740611e+01 6.840352034988912067e+01 5.450248964862950629e+01 7.416007041153358159e+01 8.584196451671589045e+01 9.387255733414238534e+01 9.786779456524800480e+01 1.060816508410894414e+02 1.083989435682877343e+02 9.689280325679507655e+01 8.806721874682698115e+01 7.118070892719664755e+01 7.479249740974282190e+01 7.043678586330355529e+01 6.302787231108504784e+01 4.350075373264225931e+01 6.226475694817603568e+01 5.218832507428754042e+01 3.239465171598794058e+01 3.099374876240366561e+01 2.976904899100562929e+01 2.857541155280819822e+01 4.031337100430677367e+01
8.972801567737036521e+01 1.096899909425006570e+02 1.100367748312889091e+02 1.182064052898276287e+02 1.077903230614650170e+02 9.972279586467013246e+01 9.492417733401336477e+01 7.498933122595215650e+01 6.104367348394203674e+01 4.967728965929187979e+01 6.940145233909868239e+01 7.016491581785119536e+01 6.182115643913391523e+01 8.144027728545827927e+01 8.479814566484503757e+01 7.086785522119267000e+01 5.120372698556455049e+01 7.086737312421023205e+01 7.742348494189751307e+01 8.376585305965760142e+01 7.798921812366243955e+01 9.786779456524800480e+01 1.000685675158666612e+02 8.021477089626267798e+01 6.898385452299484655e+01 6.031784057197089766e+01 5.531316319330546349e+01 5.096983533786807641e+01 4.779849646315502554e+01 6.302787231108292332e+01 6.601874629642310310e+01 5.396723609869475524e+01 3.444907926487983474e+01 5.080935409153809701e+01 3.644774046155437475e+01 4.841188781929832885e+01 4.440717963699987081e+01
1.038575640655835173e+02 1.066352453560553641e+02 8.986296771994872756e+01 1.053849079165461831e+02 9.702299501474527688e+01 8.868597075213646974e+01 9.702299501474527688e+01 7.896529197427476277e+01 5.919969160616822990e+01 4.780159285405898117e+01 6.499228217202964686e+01 5.045773275621449017e+01 6.151669967709575104e+01 6.972859332775941255e+01 7.215421184637480678e+01 5.818945806578118862e+01 4.801345412222617171e+01 5.297602042012530887e+01 5.822543206969200469e+01 6.410066864251855634e+01 7.541317485568143297e+01 9.528386894386528638e+01 1.037366966069978389e+02 8.381836151207893693e+01 7.000908255841221717e+01 7.755762358869139916e+01 5.805640633604797785e+01 7.043678586330355529e+01 6.154845613437716878e+01 7.545103817255606771e+01 5.776873660043981573e+01 3.783349983410306550e+01 5.396723609869802374e+01 6.221837677834299285e+01 4.634913748342363249e+01 5.041377329197484869e+01 6.406878121215861199e+01
1.094459771503097443e+02 8.919864343136350726e+01 7.783821652127788582e+01 8.503179845177608343e+01 8.672228843284517552e+01 6.788819711444759264e+01 8.672228843284517552e+01 8.720520756364363990e+01 7.576987663676642626e+01 5.919884390275090169e+01 4.520238257309983254e+01 4.341070736740019242e+01 4.168874226820059192e+01 5.912971339696426298e+01 6.041099300682114404e+01 4.423540733178700179e+01 6.398754139318227629e+01 7.259874822284569973e+01 7.786423483953123537e+01 8.381151836306767677e+01 9.203543448237591917e+01 1.035030972992082070e+02 1.037366966069978389e+02 8.381836151207893693e+01 8.965230679143468251e+01 7.032933705444159500e+01 6.490768512479371566e+01 8.447610466605644319e+01 8.111317454207018329e+01 7.893879711546355793e+01 6.057124805902938647e+01 4.036205053098779416e+01 6.057124805902962095e+01 7.420754292072756186e+01 6.022667218713012005e+01 6.429835407222395816e+01 7.830243459222594993e+01
1.036161111383539151e+02 8.322673277205180398e+01 6.837574635926242195e+01 7.027626970668593742e+01 7.407787636472669135e+01 5.739265355850617567e+01 7.776395139173426685e+01 8.619827014680996058e+01 8.720696325900917145e+01 7.320208342311849492e+01 6.499085744356914063e+01 6.322180399040792764e+01 5.912971339717301333e+01 3.926946275756038318e+01 4.060563395837989731e+01 4.461371265491519722e+01 4.877803541952071242e+01 6.846541564731580820e+01 8.029735388439814869e+01 8.625457875449272649e+01 9.450001313006876558e+01 1.044521088329738063e+02 1.120687212404575064e+02 1.037366966069978389e+02 8.633646894593488241e+01 8.999576428770920700e+01 7.357789186880242482e+01 9.273974684057921536e+01 8.427547899284266464e+01 6.539846519878803122e+01 5.167483902120936534e+01 4.318626075760621319e+01 6.352092970174320641e+01 7.740065773470141153e+01 7.993848524159186297e+01 8.404693201683238613e+01 8.209251504805254740e+01
1.044259556924541954e+02 9.449770392915098682e+01 7.383414425912619095e+01 5.894357243223164033e+01 5.321457879781731037e+01 4.962442389818296107e+01 5.694905891224646410e+01 7.425732966330886597e+01 8.455128683526433520e+01 7.604512110683386084e+01 6.782039511866932457e+01 6.382307487174416138e+01 5.560836646111693682e+01 3.754352611674926976e+01 5.165798376928871249e+01 6.436031309479822937e+01 6.268939135250582240e+01 5.519129652086827065e+01 6.062216896391552012e+01 6.649669906861539914e+01 7.630333139880714555e+01 9.036134597571563631e+01 1.103156493158181632e+02 1.146022200716799659e+02 1.062777613767486429e+02 1.016016313824029567e+02 8.743729070651001223e+01 1.016016313824029567e+02 9.000854945683623498e+01 7.092741453051461065e+01 6.836537568148655453e+01 4.846096233328902514e+01 4.914177094539081025e+01 6.084071232406929397e+01 8.060003751872913824e+01 8.809524048878327562e+01 6.779238647064414636e+01
8.602268781004649156e+01 7.553622823644634821e+01 6.803641409475655166e+01 6.136503501736621757e+01 7.407787636472669135e+01 6.574646761554906504e+01 4.512060554534327395e+01 5.537142129237204102e+01 6.996135406381816324e+01 6.782047025325096001e+01 4.811413689007223127e+01 5.388557999784829633e+01 3.564733774554223089e+01 4.465160340987183929e+01 6.437204225713797712e+01 7.968225630895115330e+01 8.240997183644236657e+01 6.904667499296820665e+01 7.120765121622218885e+01 8.625457875449272649e+01 8.259939654100284656e+01 1.025182745214195137e+02 1.084058323771205323e+02 1.000882329415790650e+02 9.748627544756236318e+01 1.058020859186490981e+02 1.074297416910760887e+02 1.037695880302666325e+02 9.386205874901558843e+01 7.632608619343110945e+01 5.651572266413664636e+01 6.855582233133581838e+01 5.379178439098868836e+01 7.362735399274210124e+01 8.882533010080007330e+01 9.397328410815579502e+01 7.373895473511653620e+01
1.044259556924541954e+02 9.616352885753403257e+01 8.887067678416174488e+01 8.228230443728318733e+01 9.068155982127827031e+01 7.342374628271308268e+01 5.267712356446678967e+01 4.096473567552619244e+01 5.746710811215416470e+01 5.484318713890978358e+01 5.388561606868332632e+01 3.545993825230153362e+01 3.445502357939660953e+01 6.281628441821210629e+01 6.078017016380238147e+01 7.463732996241346029e+01 9.415539990074874765e+01 8.882782406436547262e+01 9.100449325035077663e+01 9.924249886677129950e+01 1.025182745214195137e+02 1.068597354496403113e+02 1.000882329415790650e+02 8.005751354103269080e+01 7.746047716458413390e+01 9.341132414713555931e+01 1.017239465494899093e+02 9.550186843438029882e+01 7.574686347195920177e+01 6.589973593872717572e+01 7.054192997062575898e+01 7.827570493991481726e+01 5.855442231318302504e+01 7.249780660423080292e+01 9.222478542763317932e+01 9.297629330646920209e+01 8.202264645933031773e+01
