MOVIE_S11_data/elevation_000909.asc
nrows	100
cellsize	150.0
xllcorner	0
ncols	100
yllcorner	0
NODATA_value	-9999
[rows 34 to 50 of 100, columns 37 to 73 of 100]
8.607888579351873659e+01 8.128506824192881197e+01 6.105291709787329069e+01 4.651333528545123386e+01 3.538672168557771158e+01 3.067355351426116172e+01 4.838506796261297893e+01 3.054037346590362034e+01 5.021583542119200416e+01 5.337889387721381240e+01 3.933790889087512710e+01 5.839001479529937200e+01 7.252956318132052616e+01 7.981707074344382136e+01 8.818574100663551008e+01 9.412721293763915753e+01 8.722014807520595525e+01 7.047048826519778686e+01 6.583256367112015539e+01 7.207402650180588921e+01 7.906421662821884411e+01 9.322641559858078608e+01 1.134541490386509111e+02 1.025536535271650678e+02 8.566912870914491407e+01 9.946298557812448848e+01 1.077938866353877216e+02 1.023753095205284325e+02 8.254655279577245608e+01 8.835426117795512369e+01 7.490280250549480456e+01 8.186429717559749974e+01 8.186429717559749974e+01 1.017014327448370068e+02 1.003679155903656266e+02 8.379169467741444066e+01 1.003679155903656266e+02
6.604568605734216646e+01 7.810243268116241211e+01 6.411477503866436223e+01 5.429214404790827331e+01 4.169060321218866250e+01 3.212741973277758234e+01 5.222393343370180219e+01 5.009355375053820580e+01 3.240584269388382666e+01 3.373809619064824261e+01 3.507502755263310945e+01 5.472143803819712815e+01 6.495075246503233757e+01 7.419281832650651154e+01 7.417832406026798253e+01 7.417837196741717776e+01 7.890689214013799813e+01 5.905288720156428184e+01 7.890689214013799813e+01 9.204923770917912407e+01 9.915098155514340306e+01 9.915098155514340306e+01 1.193704334865323489e+02 1.142022525614706296e+02 1.058839732727139733e+02 1.108817587609397606e+02 1.025512195945742207e+02 1.003665577506424853e+02 8.835391650128698871e+01 6.851309177098092107e+01 6.600188337321981180e+01 6.782711425451648779e+01 8.767445966451077766e+01 1.023196116890599825e+02 9.214902517322198605e+01 7.234967358202044352e+01 9.214902517322198605e+01
5.204469019962927945e+01 6.688949168133044054e+01 5.012628818218362170e+01 3.671468666474470410e+01 3.482123458839437546e+01 3.439260945707369643e+01 5.450707500275936468e+01 6.020518125118265829e+01 4.372187408160275623e+01 5.337889391989755694e+01 5.472143803819712815e+01 3.705255777539372275e+01 5.669564231529005838e+01 5.436821536261149390e+01 5.436744342679070030e+01 6.583915206714114277e+01 6.945475482454018845e+01 5.501534395364912200e+01 6.901066421921828464e+01 8.896177868023524127e+01 9.429107853504656589e+01 9.429107853504656589e+01 1.144677855708052334e+02 1.171996488055751797e+02 1.072259116188133845e+02 9.891383880789170746e+01 8.269174766121579978e+01 8.052439322615327910e+01 8.165172577378969265e+01 7.743669205107140385e+01 5.784976124831617028e+01 7.775078695951367536e+01 8.939442299023461658e+01 8.253173925845007375e+01 8.514889728660432411e+01 6.530590767711407807e+01 8.514889728660432411e+01
4.594143244938005211e+01 5.862510602370185353e+01 3.937467556169709582e+01 5.588476089482085030e+01 5.895556843848333983e+01 5.450707500275956363e+01 3.768363839235405521e+01 5.781304065193051400e+01 6.345172411001857427e+01 7.173606972220352418e+01 6.387467965215483190e+01 4.442271561661455337e+01 3.907121482438214599e+01 4.051396840415578993e+01 6.008824826533115271e+01 4.608583631394476043e+01 4.965127787647304558e+01 6.945475482454018845e+01 7.859741681619878761e+01 8.274054961430071842e+01 7.428497559002113348e+01 8.838427565556509080e+01 1.085513621569551930e+02 1.088380176043350502e+02 8.898966001144842153e+01 7.911122702192298561e+01 7.248970232855364770e+01 6.647834063244322067e+01 6.176990958918781160e+01 5.760193313116035085e+01 5.368054254544473025e+01 6.960946001180528242e+01 6.960086101463453190e+01 6.849526786888104368e+01 7.213709889875528347e+01 5.928524570460437104e+01 6.925488322119940676e+01
6.147950392364583649e+01 4.204688322461593941e+01 5.283250050603606951e+01 6.687962020692303611e+01 6.935531755284691258e+01 4.936339071036365311e+01 5.780849599951468321e+01 4.124230115946396324e+01 6.133579282330761373e+01 7.764426815236296875e+01 5.817112934707203209e+01 6.387467965215483190e+01 4.791798857711985704e+01 6.017891857393766486e+01 4.259877630082976196e+01 6.229789279759476273e+01 5.114146573378378946e+01 5.486584434232449325e+01 5.874503879269101247e+01 6.287078273589262523e+01 7.687224535857437502e+01 9.690788933660718385e+01 1.093041199290931331e+02 1.171996488055751797e+02 1.072259116188133845e+02 9.891383880789170746e+01 9.231296821256880492e+01 8.633602866195691661e+01 7.327205303057380092e+01 7.738373860551521943e+01 6.378842155785996226e+01 4.968038374340931540e+01 6.583838699146713225e+01 6.626276795902320771e+01 5.221820860404347542e+01 6.632405756289543319e+01 8.617102213042235803e+01
4.598698516276815695e+01 6.147950392537550357e+01 6.975006631875486107e+01 8.086418487955006640e+01 6.568986392230716831e+01 6.935514460931759118e+01 6.385380773467186799e+01 4.381686147586772506e+01 5.802394567676292780e+01 7.793158672837016354e+01 7.186896971961705560e+01 7.586179112717211126e+01 5.933482064078403084e+01 4.848420921129910255e+01 4.445875072340268019e+01 6.418802735388641167e+01 7.095498606692490284e+01 7.470404516492628488e+01 7.859741681619878761e+01 8.274054961430060473e+01 7.093040201344210516e+01 8.083517055952738417e+01 9.501707538693379718e+01 1.152444009293547253e+02 1.080368379248788386e+02 9.979303823674966623e+01 9.979303823674413820e+01 1.016016992019687848e+02 9.314139026459611159e+01 9.138221285852472420e+01 7.751834959492566668e+01 6.587656260211036852e+01 4.593325726708619783e+01 4.632012408420268912e+01 6.626277475091090707e+01 7.350125258343609858e+01 8.172294539754835796e+01
4.895050864245083488e+01 6.293002946693418664e+01 8.300413342362271862e+01 9.400730647339649693e+01 8.566471588458186659e+01 7.597912154451650224e+01 5.648736612668123769e+01 4.647988637912523302e+01 6.062793441426161678e+01 8.051123834358010356e+01 9.158707195545029833e+01 8.738648769128465688e+01 7.894372479931162445e+01 6.610822471506143927e+01 4.633863632376264974e+01 6.610822471506143927e+01 7.317476162069462475e+01 8.147051985526225337e+01 9.297505854056815622e+01 9.923882635202900815e+01 8.498895431333255601e+01 8.498895431333255601e+01 1.051307381581443110e+02 1.153658869413607420e+02 9.979303823674966623e+01 8.008358669513459915e+01 8.008358669513459915e+01 9.138889986098855900e+01 8.550077441794657318e+01 9.377019092178011306e+01 7.993296604370995340e+01 6.005538558372004587e+01 6.235136435806243327e+01 4.239825408081877356e+01 5.942541594963231688e+01 5.359516448743561767e+01 7.350113472986012653e+01
5.219567112729828295e+01 6.624677969402810618e+01 8.640061533764385615e+01 9.853420663634361176e+01 9.300589096779788179e+01 7.527121622518207289e+01 6.921509673440216659e+01 4.930160932687406472e+01 6.082121861930053797e+01 7.483595893218277695e+01 9.479336377548702330e+01 9.516480853054095235e+01 8.099024508741933914e+01 6.873253320712343850e+01 4.891943858498031972e+01 5.041650125909659153e+01 5.338554997935383284e+01 6.479480903545895387e+01 8.462198973463570439e+01 1.002322888868715722e+02 1.051307381581437710e+02 1.051307381581442826e+02 1.134886983925889297e+02 1.070985242664581705e+02 8.735512327803054689e+01 7.601303640534128192e+01 6.617245527070132027e+01 7.169485881437687169e+01 6.575416003289657851e+01 8.226615086630796725e+01 8.815846268080356651e+01 7.993269605966030156e+01 7.057821942147451466e+01 5.942541594963230978e+01 3.946995194850810407e+01 5.660199791094090926e+01 6.482848005433388039e+01
7.214970149034996894e+01 5.898915749868752556e+01 6.894901815148543278e+01 8.972068034913880297e+01 9.358269392745087600e+01 8.389683093677564329e+01 7.211569858580341474e+01 5.224620316049556834e+01 6.629219582239456088e+01 8.617487793774265015e+01 9.935346626556919603e+01 8.514903678014712796e+01 6.681568164412990996e+01 5.281598611599494575e+01 5.879026640509783164e+01 7.019142571563739352e+01 7.317476162069462475e+01 5.798800234821264610e+01 7.194807623878335789e+01 9.106207586226534545e+01 9.266036903113125334e+01 1.128811835711333202e+02 1.147915781989970583e+02 1.048939033023645067e+02 9.666115778862939578e+01 8.970375772236278067e+01 7.746310988810539300e+01 5.773351111159080062e+01 5.431040541507022823e+01 6.960222012534437397e+01 7.778770236200352883e+01 6.856711113951368475e+01 6.034180631521980587e+01 5.836085372267762494e+01 5.649163003133178051e+01 3.665326594304926289e+01 5.660221280829763657e+01
8.505194910012355081e+01 6.471937611853087446e+01 8.505417767135992335e+01 9.845753730460891973e+01 8.567082959843089895e+01 6.429050012928905744e+01 5.683348281823520409e+01 7.211569858579946413e+01 6.629219582239456088e+01 8.617487793774390070e+01 9.048846690530260162e+01 7.094460729020329381e+01 5.694273918647429156e+01 7.266278504652711945e+01 7.867480000914909510e+01 7.867480000914909510e+01 8.609055027514379788e+01 7.777518909381267065e+01 6.293583239689637310e+01 7.278287216942227644e+01 9.266036903113125334e+01 1.086862434911547268e+02 1.065255895278166776e+02 8.679672604944209979e+01 7.698265872349003303e+01 7.003256365468848799e+01 6.433898340984359265e+01 7.746310988810539300e+01 6.960222016300156156e+01 4.976712297967505094e+01 6.537287398732941313e+01 6.034437134611959408e+01 4.030271969565959012e+01 3.840496840034809622e+01 3.654168549043314584e+01 3.470774287838531791e+01 5.275457404547981355e+01
9.222960592732223972e+01 7.135348856145009222e+01 9.222959908111191396e+01 9.933324864990132141e+01 8.008095985677553585e+01 7.847070916830773513e+01 6.046446082755263518e+01 8.029539921748958875e+01 8.617487793774300542e+01 9.449144461644688420e+01 8.211824471267269132e+01 6.223484275051744419e+01 7.680411689886267368e+01 6.470217230589187807e+01 8.461444354247882416e+01 9.878399565385123537e+01 9.904595649074984465e+01 7.905283567395544253e+01 8.272164170176222342e+01 6.888093138901524526e+01 8.024066060103687903e+01 1.002465785066772526e+02 1.147915781989970583e+02 1.048939033023645067e+02 8.970375772236279488e+01 8.040749188068987507e+01 8.402517312723641396e+01 9.222439073592957470e+01 7.770941317586368768e+01 6.532486453208757382e+01 4.545463263285530076e+01 4.330032504454840847e+01 4.534992845168620335e+01 5.836085371508340813e+01 5.649161193508324175e+01 5.275372956336535424e+01 3.283108365415066032e+01
1.013658660198631480e+02 8.156455016715936779e+01 1.012816342256873838e+02 1.061832893075730766e+02 9.026502372872626268e+01 7.034319977576336669e+01 7.445128481855245184e+01 6.724338950347902255e+01 8.124123933433543243e+01 1.012763130505961726e+02 8.610090320164246691e+01 6.618760997258380030e+01 8.610088362888480162e+01 7.128306511190457684e+01 8.461439855813993915e+01 1.048015945141416125e+02 1.074685839804189840e+02 9.761752787624514838e+01 7.766873497238385937e+01 8.869615647582527629e+01 7.939247604300830119e+01 9.344043717647404890e+01 1.137189141574918239e+02 1.177424213300498650e+02 1.083665747661382142e+02 1.001220087264034788e+02 9.654957097983104575e+01 8.259589230332761645e+01 6.975341252152237814e+01 4.992087371566461940e+01 6.530527352426871346e+01 6.326074653221772337e+01 5.051985909783653739e+01 7.016901752043011697e+01 6.535852828637764844e+01 4.542995379196298700e+01 5.275470244891299387e+01
1.122155183737329907e+02 1.037573292813132753e+02 1.127446427688969663e+02 1.045687018244309314e+02 8.437835734141195587e+01 8.437390077768031915e+01 9.440433945945618177e+01 8.710937656425588216e+01 7.497876447551705326e+01 9.493805401241789355e+01 9.035789725029913200e+01 7.039086137439974777e+01 9.035681164190890513e+01 7.935864708219465058e+01 9.128006346872193433e+01 1.115623294482081747e+02 1.119343925165536717e+02 9.168728837156969291e+01 9.168728837156969291e+01 9.761752787624516259e+01 9.082663213431645488e+01 1.078167503906462770e+02 1.158480292179542914e+02 1.059527295050983611e+02 9.772345921533185731e+01 9.116468100527461615e+01 8.523458937269042224e+01 6.864221362682431504e+01 5.464742574393719821e+01 6.975341252152237814e+01 6.973153064215283337e+01 7.561407411104097775e+01 5.598075219621575371e+01 7.561476238334675770e+01 6.535875727900423726e+01 6.535876808275386907e+01 5.489991439192415612e+01
1.058737666270038744e+02 1.141866890491926370e+02 1.283963918296346947e+02 1.130849402091594982e+02 1.045705693837237789e+02 1.044874526547480684e+02 1.044091287850504273e+02 8.431794519449051961e+01 9.493805401241789355e+01 1.032890139378742589e+02 9.495759507757207984e+01 7.490805968245253155e+01 9.495736026461358392e+01 9.950463158364998151e+01 9.354279248608277442e+01 1.138977897719781680e+02 1.204078227273300996e+02 1.119343925165536717e+02 1.119343925165536717e+02 1.179311687405198938e+02 1.110637997325607671e+02 1.195381981214227523e+02 1.075870233280443813e+02 8.785989510261939017e+01 7.804712458515983542e+01 7.149679208756680282e+01 6.555520861902715524e+01 6.006543342264239982e+01 6.456358153173697190e+01 8.254971796212666391e+01 8.935319914807271857e+01 8.185042071126734697e+01 6.213155476956021062e+01 8.185042071126726171e+01 8.522599336185126617e+01 8.301444043659697059e+01 6.556338119489250005e+01
8.568288255878195514e+01 9.997698626875070715e+01 1.149723500560097875e+02 1.066969071729946421e+02 1.045727317703178727e+02 1.128866572225103795e+02 1.120367427980410042e+02 9.185597302287636978e+01 1.120367427980410042e+02 1.066654135424796692e+02 8.638687711546681669e+01 8.638687711546681669e+01 8.552377220026272653e+01 9.980667491084106757e+01 1.138977897719781680e+02 1.223468406663613450e+02 1.290713922007914221e+02 1.190798908555436952e+02 1.108034950676464092e+02 1.142523755566823951e+02 1.142523755566823951e+02 1.225284925722267957e+02 1.158480292179542914e+02 1.059527295050983611e+02 9.772345921533185731e+01 8.961588589853957387e+01 6.993713648119320681e+01 6.889911313316343922e+01 8.423053777467563918e+01 8.423053777467563918e+01 9.591027808479161365e+01 7.602663710212227954e+01 7.602663710212227954e+01 9.010474271670210555e+01 9.215632301565150897e+01 7.233146600968630935e+01 5.825576322648379346e+01
9.421655427503947067e+01 1.141866890491926370e+02 1.033727726348921010e+02 8.652755594614869494e+01 8.438545147373946520e+01 9.867546167447891037e+01 1.188100416933175438e+02 1.034830249331451881e+02 1.204044496194829037e+02 1.151211956769478917e+02 9.803213009188866067e+01 1.006805507410655878e+02 9.715906587808963479e+01 1.142478768600419841e+02 1.286870681766378652e+02 1.349248880806235320e+02 1.149433844376002298e+02 1.008111587789546775e+02 9.081712657323045335e+01 9.426664752336337472e+01 9.426664752336337472e+01 1.142523755566823951e+02 1.111530820452894091e+02 1.170057799732963701e+02 1.035606008566509502e+02 8.383979583946288017e+01 8.383979583946288017e+01 8.025089682358073162e+01 9.678114260563050664e+01 1.038529405840700122e+02 1.041828483313708631e+02 9.591027808479161365e+01 9.591027808479161365e+01 9.334896878582492263e+01 9.410106791782610003e+01 8.635207573427202021e+01 7.813803219067980876e+01
1.025500587777697632e+02 9.624198506082855431e+01 8.789691921841165367e+01 7.480609811752830751e+01 9.505652701667197846e+01 9.867546167447891037e+01 1.188100416933175438e+02 1.237213386982933798e+02 1.320785057972429968e+02 1.269109069668301544e+02 1.184586980540588002e+02 1.211141504865960741e+02 1.175819991285892172e+02 1.260374124997630929e+02 1.325329626491935642e+02 1.242576666714724496e+02 1.226310187135347576e+02 1.143548967277560422e+02 1.001203317373724104e+02 8.013474108055591216e+01 9.282262585217051765e+01 1.011001389873400171e+02 9.116764410519394346e+01 9.702124335286507062e+01 1.118084527892551137e+02 1.035606008566509502e+02 1.035606008566509502e+02 9.994897398057882754e+01 1.081853252598034913e+02 1.131265264416006175e+02 1.016586924879989766e+02 9.342038210965836242e+01 8.596627882712915891e+01 7.365226693033559968e+01 7.509772591056319868e+01 8.868112003189618520e+01 9.259811877936610358e+01
