MOVIE_S11_data/elevation_000846.asc
nrows	100
cellsize	150.0
xllcorner	0
ncols	100
yllcorner	0
NODATA_value	-9999
[rows 17 to 33 of 100, columns 37 to 73 of 100]
7.944729887035497029e+01 7.112723437437504970e+01 6.768039911154147603e+01 4.794366803431640989e+01 3.401408140250956080e+01 3.297190633311910801e+01 1.305506704619416247e+01 2.715398818453457608e+01 4.702187382002726679e+01 5.065859843425002396e+01 4.220259598330711270e+01 2.642847894110015261e+01 4.626534712162883523e+01 5.339566847147921180e+01 5.086033629332202111e+01 5.300467327848119226e+01 6.817524121418546201e+01 6.247473479526838247e+01 8.193748118406524839e+01 8.618222980807402678e+01 7.609705034655029010e+01 5.605808615576729181e+01 5.973530483601004448e+01 5.437978002073209893e+01 4.952194887747594265e+01 4.154285109740557402e+01 2.151993263145041269e+01 4.154285110243574053e+01 4.972524470849188560e+01 7.128511509434031268e+01 7.072227483481069044e+01 5.225212528385116428e+01 7.072227483481069044e+01 7.714366679231400781e+01 6.223957184845286150e+01 4.422413709743861432e+01 5.892534939416015050e+01
6.782579417778427455e+01 5.128218030086333101e+01 5.492381557502695699e+01 4.752696560285261995e+01 3.929561647291929916e+01 3.370132897374288916e+01 1.378675656096542212e+01 3.368519450714139651e+01 4.859986622720759897e+01 6.068731182817479919e+01 5.434450885908194095e+01 4.043638951035766382e+01 3.054908332433606333e+01 3.363075458522643402e+01 3.686807107061542865e+01 4.261071620308353403e+01 4.858406260016200662e+01 5.842907361627912621e+01 7.224182488229304511e+01 9.163313720783926897e+01 8.433238191158778818e+01 6.544577311862447289e+01 4.577448784429426354e+01 3.924019308424984587e+01 5.010160854276285392e+01 4.286198358901700090e+01 2.283292718450129044e+01 2.853169712255435542e+01 4.328968739785116071e+01 6.526205445000245220e+01 8.082393505466951922e+01 7.252752386272834428e+01 8.082393505466951922e+01 7.005328427309912342e+01 5.221988875172122846e+01 4.891363427442706069e+01 7.164332537720551386e+01
5.282284041282216691e+01 4.938540074046328243e+01 3.516583917710779872e+01 3.929568855849786502e+01 2.024773662889152703e+01 3.104908386008351684e+01 1.451988217347094157e+01 2.124810714156176772e+01 3.159320210882480140e+01 5.231376721262530083e+01 6.722304397744244397e+01 5.015437056450046782e+01 4.459285666318297814e+01 4.762177484755200396e+01 5.659362913675278151e+01 4.331902821941346104e+01 6.295770460877029251e+01 7.622823929546751742e+01 8.596292144849763872e+01 8.853539356482347955e+01 6.844109597775933196e+01 5.703584770833774087e+01 6.544577335985064792e+01 5.010160854318544921e+01 3.037983804578177427e+01 2.482656157184700518e+01 2.937534096334918843e+01 2.888691649776308168e+01 4.894851276489495007e+01 6.070655916528130547e+01 6.741286136270235829e+01 7.573664887803334977e+01 8.472451932798253438e+01 7.822533590877861798e+01 7.005328427309912342e+01 5.447105645406503527e+01 7.583614622108950698e+01
3.307625287131588721e+01 2.959967575959504771e+01 2.619941227723051114e+01 2.292242390784004158e+01 1.903847805387742298e+01 1.556361966902458427e+01 3.443230835428993686e+01 4.008881188042772692e+01 4.812532945817530816e+01 5.702296912361929060e+01 6.676412517944011427e+01 6.917663582841505843e+01 6.424575985716498394e+01 6.671084798119862569e+01 6.629611533355763697e+01 4.812544521531446406e+01 6.775066141966428290e+01 8.413422134907256122e+01 9.385677140931423423e+01 9.687905865422186480e+01 8.526930900728096674e+01 7.693394544375556166e+01 6.109178536719230834e+01 4.104914417025440798e+01 2.690157087387183665e+01 4.485131536787805118e+01 5.094021956612442636e+01 4.894851276494458858e+01 3.551011840742833670e+01 4.055116228682265955e+01 4.729395477043931351e+01 5.630237739159666432e+01 7.640143171105724207e+01 8.449760490537693158e+01 6.418468374745627614e+01 7.583614622108950698e+01 6.728661160687974530e+01
5.282284041282216691e+01 4.938540074046294848e+01 3.439228496046480643e+01 4.322095487089409005e+01 3.791577956625141610e+01 1.731010565266281986e+01 1.677248459018203874e+01 3.663212196419812017e+01 3.863052098550397062e+01 3.590529922640105553e+01 5.367360413519525508e+01 6.243216641651709153e+01 6.949677154576458804e+01 7.742322472350551266e+01 7.520217577796026376e+01 6.203797356218396430e+01 5.653600519851050876e+01 6.635724709722386194e+01 8.014525009384819043e+01 9.951175296974234641e+01 9.130678480249420659e+01 7.748400940837549911e+01 5.740771553512635705e+01 4.324077716303330732e+01 4.691949785805059037e+01 2.901565874477324769e+01 4.896014669496920391e+01 5.940975290931459796e+01 5.566770994493511182e+01 5.481757636608806195e+01 5.701740442386878982e+01 7.573664887803339241e+01 7.640143171105724207e+01 9.277149065076626755e+01 7.449956504589113138e+01 7.864483404393985211e+01 7.907086412770240713e+01
6.789878434133963481e+01 4.827711089446570014e+01 5.402416598882707888e+01 5.570468453223487870e+01 3.363063052227481364e+01 1.906922605750991906e+01 3.596206074276501141e+01 1.798438896561258460e+01 2.467331445975999671e+01 2.439984516249025503e+01 3.456879486270241131e+01 5.416580226091563333e+01 4.896800808908050584e+01 6.578226066668166538e+01 8.070038721405971671e+01 8.154230992279720169e+01 7.608740727777636437e+01 7.039565967591471463e+01 8.982850153179535369e+01 9.951074961377906902e+01 8.298374858990909786e+01 6.288926318542041116e+01 6.657666996164118700e+01 6.197312339241216250e+01 5.733958075088791873e+01 4.902932195329027820e+01 3.114979857130454377e+01 4.528890626372798067e+01 6.534401304822587520e+01 7.492382138817461623e+01 7.712141534673645538e+01 8.544576077993514218e+01 9.648931394224970859e+01 1.027647385946187484e+02 8.865239867871368062e+01 9.019514341476289587e+01 9.904996964077471944e+01
7.614937002730493987e+01 6.789878434133977692e+01 6.738432540147461225e+01 5.910769677438526770e+01 4.072382873246080237e+01 2.084801778478468393e+01 4.062229764747478100e+01 3.787023402465212030e+01 1.920090870092180424e+01 2.157880758864719795e+01 4.038668876038710920e+01 4.599966078674140846e+01 3.762864583202958357e+01 5.668143397275935769e+01 6.077426409611398128e+01 6.919603476594889457e+01 7.751106288636205477e+01 8.982850153179535369e+01 9.787278302223032256e+01 9.118826799415165851e+01 7.109138186899583900e+01 6.657666996164216755e+01 4.651027947715788002e+01 4.192472701030357740e+01 3.756678694737420443e+01 3.331088117095833923e+01 5.116291102534295732e+01 5.906270080505174036e+01 6.151288601030497460e+01 6.984175778853564509e+01 8.207603709824837779e+01 8.057357624729093004e+01 8.891395368939991783e+01 1.031492193697755937e+02 1.086024887143273503e+02 1.101461800937400426e+02 1.184215153433623158e+02
6.829668460109483874e+01 6.597955130571757820e+01 5.910769677438527481e+01 3.930136425618564999e+01 4.251730407880632612e+01 2.264731733030365390e+01 3.603299528133566554e+01 4.087749277289947258e+01 2.013176011943788524e+01 4.000473877706546944e+01 2.480036675832161208e+01 2.700855509916280539e+01 2.924187589540835575e+01 4.846138201547610436e+01 4.686015193251519406e+01 4.941343908790306472e+01 6.919603477110361212e+01 8.147313145889779662e+01 8.983617629029977536e+01 8.638456229974327982e+01 6.628353570740343059e+01 5.468714450184494069e+01 6.657666996164216755e+01 5.659847968367273552e+01 3.657042614380246448e+01 5.332792599918187193e+01 3.663764951643901924e+01 3.902336736125361227e+01 4.146286052167805281e+01 6.151288604301512208e+01 6.195904851024586435e+01 6.045769872490532748e+01 7.467868800903180215e+01 9.047030971377282071e+01 9.880882931428902793e+01 1.104311802539637455e+02 1.044663969699770121e+02
4.849908904690515499e+01 4.618604152015779363e+01 4.971221803994998822e+01 4.510250474033063739e+01 2.524520216127212535e+01 4.251730407880634033e+01 4.945211027297429496e+01 4.184499926544823012e+01 2.106870832682250949e+01 4.184378768960083050e+01 4.363738745612146630e+01 4.025980428679270773e+01 4.846138194081840567e+01 3.278773201132158732e+01 3.558766281875678317e+01 5.520762721275045237e+01 6.737475459553834867e+01 6.153501569128813742e+01 8.147313145889779662e+01 9.470640972311277039e+01 8.310281999612956838e+01 6.472801235724102753e+01 7.314240977627351015e+01 5.306231903469306843e+01 3.890656351832097926e+01 5.894364087778097172e+01 5.666697393749220879e+01 5.906274625799925104e+01 6.151287981331446986e+01 4.505172447567075977e+01 4.777225773106851392e+01 6.785117823165047923e+01 7.884562040858739351e+01 7.033575721498901601e+01 8.196235084021759576e+01 1.020923976694027147e+02 9.623389893999853939e+01
3.452475924450613576e+01 3.218349163009789748e+01 2.988888164147877546e+01 2.793818779594124990e+01 4.510249895778547824e+01 5.334279240150389256e+01 5.705353881006649885e+01 3.692291786642314122e+01 2.201655417083134481e+01 3.692269539890271801e+01 5.703167559876927584e+01 5.985042220516767486e+01 4.502116608464240954e+01 5.228285560517145569e+01 5.520762721275045237e+01 4.023037464173636124e+01 4.763167264508881260e+01 6.737475459553857604e+01 7.961851137402329925e+01 8.798205260670719952e+01 9.315233599279886789e+01 7.894640504379431434e+01 7.295243464937226463e+01 5.286849790172490060e+01 4.131036941555650799e+01 5.286849790172490060e+01 7.295243464180978776e+01 7.672522081478437883e+01 5.662074235685214774e+01 6.511789480385094464e+01 6.785117823165047923e+01 5.203819271962249360e+01 5.872195544751129859e+01 7.884562040858739351e+01 9.273737138507925692e+01 1.030671741583630165e+02 1.044663969699770121e+02
5.429767053353861428e+01 3.542571123040813319e+01 4.971221803995019428e+01 3.941565189397166336e+01 5.602027130357539164e+01 7.019358647562785336e+01 5.904643939424853016e+01 3.854725770147533837e+01 2.298547758817026576e+01 4.379919183391412218e+01 5.953487779287928561e+01 6.910464490167262852e+01 5.886051171601588550e+01 6.462495855176521786e+01 6.818794230462566475e+01 5.991257237871240449e+01 4.577045823910824396e+01 5.229124572998721732e+01 5.969885451616446659e+01 7.372760338743385944e+01 9.384042132993992880e+01 9.903577752615429119e+01 8.128074031349174788e+01 6.390416385735112215e+01 4.384752646852729185e+01 6.390416385430609836e+01 8.128073774949848485e+01 8.506256695942495583e+01 7.083212893232179397e+01 8.506256695942491319e+01 7.974512571589848164e+01 5.961919724347262672e+01 5.749298391124914076e+01 6.419029005984369007e+01 7.426250891394248299e+01 8.861717365180352601e+01 1.095449572373076990e+02
4.291089472226381218e+01 4.140655217465742766e+01 6.114741562768197980e+01 5.920040828528523491e+01 6.747626715232819095e+01 6.202441452976634650e+01 4.235379218092926124e+01 4.127098167877504409e+01 2.398951735020927956e+01 2.358545142602756428e+01 4.001520692912296084e+01 6.077623860771978315e+01 7.854156428941199408e+01 8.435393665182526490e+01 7.297862596536954527e+01 5.316595763020379195e+01 6.549014121917123532e+01 7.208958876721801801e+01 7.961851137402329925e+01 8.798205260670889061e+01 9.489225250114378696e+01 8.656366510098467870e+01 8.020343990586130190e+01 6.651666986944648841e+01 4.644963042380379648e+01 6.651666986944648841e+01 7.321406605280070323e+01 9.331900301153601163e+01 9.095240353980034342e+01 9.398344350799277436e+01 7.384742137813439911e+01 7.974512571589848164e+01 6.236295983420026801e+01 8.250483591499084923e+01 8.064724047577485067e+01 1.008559290178568091e+02 9.796752881423022075e+01
5.683642653255603960e+01 6.114741562768197980e+01 5.124217156724478173e+01 7.105265968811923472e+01 7.547031256735780858e+01 5.538575416897309367e+01 4.618958705161774958e+01 2.548521040272224880e+01 4.477620545995785761e+01 5.118915495598179888e+01 5.957056836777172038e+01 6.068567714217596176e+01 8.146790145164592900e+01 9.726715356766666787e+01 8.131564830650147258e+01 6.711438774936283380e+01 6.242683304220913243e+01 7.648949716367006602e+01 9.663089574647493407e+01 1.007734105941294729e+02 8.067779579985402449e+01 6.645086705280600370e+01 6.009449862342652438e+01 5.430371488451825002e+01 5.044992598040103360e+01 5.312187750084898852e+01 6.732509592166957191e+01 8.743129761178761328e+01 9.771812522328119144e+01 1.023312221010713188e+02 9.398344350799266067e+01 8.770756372391201694e+01 6.755748556434078012e+01 8.770756372391201694e+01 1.008559290178568091e+02 1.036896976879371408e+02 8.397410205530944438e+01
7.671815082336784997e+01 7.937474053448256939e+01 6.108345909026893850e+01 7.937474053448256939e+01 6.956075102908802421e+01 4.953656101411539936e+01 3.536250418782217508e+01 2.658305635860637395e+01 3.168856779312734062e+01 3.663023092231742339e+01 5.553613166692269232e+01 6.894572974653831920e+01 6.915064436872989972e+01 8.436063158603398904e+01 9.416292895585748113e+01 8.713614939948676863e+01 7.648949716367006602e+01 7.648949716367006602e+01 9.663089574647493407e+01 1.007734105941294587e+02 8.067779579985402449e+01 8.656366510098467870e+01 7.646171852995840368e+01 5.635766252427717404e+01 7.053335584170794448e+01 6.732509592166957191e+01 6.167937779974455026e+01 6.928019026387894996e+01 8.089685426480065189e+01 1.009899921641892462e+02 1.004526786662624716e+02 8.030088253070334758e+01 7.656865542601846641e+01 8.770756372391201694e+01 1.078673926095577116e+02 1.025893538474536086e+02 8.289424594598821727e+01
8.690980684127183054e+01 8.937857453839608013e+01 8.102186028596942435e+01 8.937857453839608013e+01 7.565070188164723675e+01 6.369695674718744982e+01 4.820608412286635058e+01 2.773882247308597826e+01 4.817402475284773544e+01 5.641170007238140016e+01 4.393512464978124399e+01 4.939648199965707676e+01 5.632692120219848420e+01 6.619318758917025036e+01 8.024649312974952409e+01 1.000103183873954151e+02 9.663089574647493407e+01 9.663089574647493407e+01 1.050306147136251269e+02 1.091067092024333505e+02 1.007734105941294587e+02 9.245991939799112913e+01 7.235288450587162856e+01 6.073636485699891097e+01 8.085111739042076806e+01 8.743129761178761328e+01 7.329196253521601534e+01 8.938921357581723726e+01 9.771812522812096802e+01 1.093230929334075370e+02 1.088133846788643808e+02 9.454704521652786298e+01 8.820128308450358645e+01 1.050774924887339665e+02 1.067643867522053824e+02 8.696941148666276433e+01 7.576656385161349760e+01
9.695739484108956674e+01 8.811752370693442060e+01 7.976311085332518758e+01 8.170647723228074710e+01 6.745011428858400393e+01 4.774258576050515046e+01 4.898625167445478468e+01 2.890383549194079649e+01 4.921096024665796165e+01 5.931225644124605623e+01 6.364890438002946382e+01 6.915064436872646070e+01 7.614540005411521406e+01 8.436063158603398904e+01 8.688944366868346947e+01 8.739652505249215153e+01 8.965917678038327665e+01 9.806967402809674184e+01 9.227578090025356516e+01 1.006903507808292204e+02 1.067209804041992669e+02 1.007893339645264490e+02 8.918020208616852074e+01 7.235288450587162856e+01 6.894926113423866809e+01 8.906218360557670621e+01 9.339549986038296936e+01 1.017258528394314823e+02 1.081541949513613332e+02 1.033503722972032506e+02 1.116526314445460457e+02 1.147101390596252628e+02 1.083547248833585712e+02 1.167203547361245768e+02 1.150302012488690906e+02 1.035744317993823813e+02 9.478081184056821940e+01
9.495346367108963648e+01 7.976311085332518758e+01 5.986198425176119997e+01 6.569046941060996403e+01 5.358844668948552936e+01 5.139405871831931449e+01 3.134605528869500546e+01 4.921307822747256466e+01 3.102048400547181117e+01 5.109315259237863671e+01 6.706874447130070394e+01 7.537613865719649198e+01 7.349466159829898970e+01 8.040753225272530358e+01 6.658133369223527609e+01 6.729328307300671952e+01 6.949662629223179522e+01 8.902290895392442849e+01 7.211107245110036956e+01 8.643226647768047144e+01 8.643226647749564506e+01 1.024892911028518228e+02 1.007893339645264490e+02 9.245991939799112913e+01 7.795335975377723514e+01 8.167742001620274550e+01 1.017695836399266938e+02 1.081541949513613332e+02 8.808012665623830628e+01 8.328181756978874262e+01 9.479311180899027534e+01 1.030985092066063515e+02 1.024174034304743088e+02 1.107173337418322632e+02 1.013371354392740926e+02 9.303231510058488141e+01 1.013371354392740926e+02
