MOVIE_S11_data/elevation_000922.asc
nrows	100
cellsize	150.0
xllcorner	0
ncols	100
yllcorner	0
NODATA_value	-9999
[rows 17 to 33 of 100, columns 0 to 36 of 100]
5.222468517465790605e-02 2.005222468517430201e+01 3.743569931318636179e+01 4.534673810840027386e+01 4.361858920711095777e+01 3.535391974423922790e+01 2.605314748938428693e+01 4.602357261717707360e+01 4.937575353092113772e+01 3.527117445031495180e+01 2.526393116788777249e+01 3.129326676569137433e+01 3.761464072448579543e+01 5.755841628939523957e+01 6.752925019467318180e+01 7.456636044555298781e+01 8.282726456816136817e+01 9.433050836948108042e+01 8.119464665413124749e+01 6.439182371359787282e+01 8.119464665413124749e+01 7.142479382417567990e+01 5.115927542599770561e+01 3.661466035418639819e+01 5.709490833197050108e+01 5.239547623042444968e+01 3.661974900455950888e+01 4.852103250820875502e+01 6.880056682765983567e+01 6.429250721894324272e+01 4.463433769528086259e+01 6.429250721894324272e+01 5.622831586499263068e+01 7.548536686811249297e+01 8.699181576351091394e+01 7.856070321258172839e+01 6.708724815253559370e+01
7.333276091007127906e-02 2.007333276089766372e+01 1.786995320008886523e+01 3.540819240328970352e+01 2.769716824484208217e+01 1.536428629304041849e+01 3.535391974423922790e+01 4.549735425022115720e+01 3.723403733261627480e+01 2.113832026950724341e+01 4.111451280493879779e+01 4.157493844756582035e+01 5.755841628939523957e+01 4.828594658147515162e+01 5.825194755713047812e+01 6.974155407022908548e+01 8.381497238349474799e+01 1.037755298901222147e+02 9.278687973076547735e+01 8.448919092264320341e+01 8.786810538081778077e+01 7.546483826483564883e+01 5.526461606153581130e+01 4.075004504918742754e+01 6.118112416340726867e+01 6.064885834957006949e+01 4.021725211691961732e+01 6.064885834900408668e+01 7.710020506484536895e+01 7.055753744798455784e+01 5.074577231440728298e+01 7.055753744798455784e+01 6.766812620277140411e+01 8.439127722289666167e+01 9.886249268280620583e+01 7.867914293579686102e+01 7.867914293579686102e+01
6.343274376862209629e-02 1.611079208836894150e+00 2.082784430455556546e+01 2.531515915967199959e+01 7.701088063033163067e+00 9.334081224865281357e+00 2.932978304820214177e+01 3.350146343357220502e+01 1.725318788117108326e+01 3.723403733261627480e+01 4.937575353092864816e+01 6.151476359095345714e+01 6.977341796553143638e+01 6.820628512781661357e+01 7.646469781496868734e+01 8.179700094438264557e+01 7.765472860477927952e+01 8.593601010333092916e+01 9.593465964988510564e+01 9.576965432817289070e+01 7.956863220668186898e+01 5.943884411426920167e+01 4.764998522462714448e+01 5.526461606153581130e+01 6.951801318077693281e+01 6.436589400147046547e+01 4.400685126677129944e+01 5.585087076333876155e+01 7.599763205857327364e+01 7.883510848712560914e+01 5.953920173160972951e+01 7.883510848712560914e+01 8.763734434947029683e+01 9.592854480541427620e+01 8.856741821700185824e+01 7.682188210228655123e+01 5.820224344328344301e+01
3.497053469895897854e-02 2.003497000280236406e+01 3.833301431059046305e+00 5.414440261143063537e+00 2.541062352573937844e+01 2.932978108009995566e+01 1.175943747445544574e+01 1.350684558602936036e+01 1.589730278453303569e+01 3.589118958635283008e+01 4.762513669245453229e+01 6.175932339139669836e+01 6.165078017726533233e+01 6.993146148302029985e+01 7.593891797005549904e+01 6.180050928175849378e+01 5.765996357485633439e+01 6.765420806158000744e+01 8.765524914797860845e+01 8.747430258770910427e+01 6.741324796842833678e+01 5.729742277950749951e+01 5.680763506424286646e+01 7.546483826483564883e+01 8.260704665902599686e+01 6.254202070692089421e+01 4.815374703291885794e+01 6.841893074360847038e+01 8.427873515301276086e+01 8.775898866725633241e+01 7.361601462838559939e+01 8.775898866725633241e+01 9.286508917773038263e+01 8.453817550103853762e+01 8.024840532301098506e+01 5.979684798669223511e+01 4.779360035106437721e+01
9.635555453094322986e-02 2.009635539655496217e+01 2.422275872289958798e+01 1.696077870264494081e+01 3.369356550698565655e+01 3.175447948773663143e+01 2.589939280979055169e+01 2.764649299021504092e+01 3.589118958635283008e+01 1.935277513845937492e+01 3.349094999351375179e+01 4.585086599434785626e+01 4.166521591061348317e+01 5.482247062391046910e+01 5.981817879686710882e+01 4.767131259128129273e+01 6.765734608981830434e+01 8.593601010333092916e+01 9.593465964988510564e+01 9.576965432817289070e+01 8.574415071464453320e+01 6.896707637826851567e+01 6.848097210487983943e+01 8.525902872793326992e+01 8.260704665902599686e+01 6.254202070692089421e+01 5.837007986602198883e+01 5.619039949975149995e+01 7.631080182749195728e+01 9.401724562776399807e+01 9.360809122065471399e+01 9.881770759256349379e+01 7.862339964438703532e+01 6.415151138365671102e+01 7.164451700028787684e+01 6.592921979464439630e+01 5.870756028429031659e+01
8.845047570523793812e-02 1.423058609943631403e+01 3.423058609943701924e+01 3.695372882623955491e+01 4.524052154865250230e+01 5.174444931556143956e+01 4.589009412051299819e+01 4.763661248521864167e+01 4.762513621933591423e+01 3.349094999351360968e+01 2.300424499057706385e+01 2.586135541320703624e+01 3.012510666076406096e+01 3.483809988444720318e+01 3.983534610504147366e+01 5.981817879686710882e+01 7.367508927829921106e+01 8.195693561799228632e+01 8.261922054760280787e+01 1.026176838889316940e+02 9.731861988209246306e+01 8.902316131542757205e+01 8.853873765689276354e+01 9.683417557294484368e+01 9.088164148072286252e+01 8.260704665902599686e+01 7.001673078752619972e+01 7.045409589783480442e+01 6.572912838904220223e+01 7.731354723371691762e+01 9.726872963834033214e+01 9.248540712210896686e+01 7.222339662713166319e+01 6.034362595375750260e+01 5.103771987082538431e+01 4.523167907411259137e+01 4.041989389860190585e+01
8.023991185656004221e-02 2.008023991185620361e+01 2.812840579793640217e+01 3.249283616011626918e+01 3.720688793947985573e+01 4.255212450897017362e+01 4.921881871584042045e+01 5.750389628063114600e+01 6.175932143170943078e+01 4.931571806520154411e+01 2.932824677788684298e+01 4.585086599403130236e+01 3.163414970114151359e+01 3.599719082055402453e+01 4.070829824286466447e+01 4.702586967868485601e+01 5.368363764085859913e+01 6.261953502975852359e+01 8.261922054760280787e+01 9.671204222591937594e+01 8.834930467755060590e+01 9.671204222591937594e+01 9.391429927913655717e+01 8.554344188214524536e+01 9.391429927913655717e+01 9.828287160616368112e+01 9.001213174865993949e+01 9.045014071370133024e+01 7.731354723371691762e+01 9.401724562776399807e+01 1.055410928831257564e+02 1.007865095316551702e+02 8.912566751805721310e+01 8.002398681277492187e+01 6.218024096969561043e+01 6.592921979464483684e+01 6.118087830092805035e+01
4.598823041778624804e-02 4.045988230417803422e+00 8.128471135056468455e+00 1.249282893977635389e+01 1.720687414768675438e+01 2.255209898593533424e+01 2.921876565260252789e+01 4.336090415741754356e+01 6.336155721537999597e+01 5.638163383917851235e+01 3.639666960836663634e+01 5.638163383938144335e+01 4.576628321134527511e+01 5.012676423371843271e+01 5.483599722914529906e+01 5.334391510722868901e+01 7.333446985401465668e+01 8.195693561799228632e+01 9.090000567067365012e+01 8.657532448428585781e+01 6.804107480958703036e+01 8.657532448428585781e+01 8.378356882312607468e+01 6.526026646386438301e+01 8.378356882312607468e+01 9.536472282022972990e+01 9.414690098467612245e+01 1.024928292311382592e+02 9.726872963834033214e+01 1.055410928831257564e+02 1.036895683724623183e+02 9.359741830982741817e+01 8.527179351018359910e+01 9.094891231138282706e+01 8.261026262216758198e+01 8.254547077561431934e+01 7.413235389394426988e+01
7.340434288523949025e-02 2.007340434288488495e+01 2.812847416395398525e+01 3.249283616011626918e+01 3.134901001751953586e+01 4.255212450897017362e+01 4.255212450897018073e+01 4.336090243055831905e+01 6.336107965901491212e+01 6.466241831682455654e+01 4.793367050075738689e+01 6.466241831682455654e+01 6.575348569626770256e+01 7.011535346758300591e+01 7.482736374340839802e+01 7.333446985401432983e+01 7.333446985401467089e+01 9.333163435000625441e+01 9.130527672089270652e+01 7.107158128686396026e+01 5.804658235855385584e+01 7.819518974356842023e+01 7.540185417300132542e+01 5.531558800525181141e+01 6.673081486446264421e+01 7.755610365438744225e+01 7.382740704210780791e+01 9.046999998641521756e+01 9.883223240331527393e+01 1.089764575561991933e+02 9.539892963207026355e+01 7.514465738829693464e+01 6.474796953678452383e+01 7.500988152348408278e+01 7.043430900911687331e+01 6.610131960242283355e+01 5.308181734174600308e+01
3.515918393995972474e-02 2.003515918393960504e+01 3.240086306431816610e+01 3.996015252450257549e+01 4.824442377196418619e+01 5.963376370616177269e+01 6.255237020888196042e+01 6.336107965901491212e+01 7.164689013070403689e+01 7.620354711705061845e+01 6.792176637018150132e+01 6.123003903935983061e+01 5.863894340887078016e+01 6.694656125441287031e+01 7.849237195639290121e+01 8.590425852845180543e+01 7.722077822184343177e+01 8.590425852973379506e+01 8.537491719272208002e+01 6.514694557308266099e+01 5.111032340358563175e+01 6.324213178950902403e+01 6.316625259060867137e+01 4.841625819595819991e+01 5.265437863476077496e+01 5.739991549088426837e+01 6.337949261051596750e+01 7.008684419289247103e+01 8.028425597424981675e+01 1.006557439985804336e+02 1.036895683724623183e+02 9.359741830982741817e+01 7.500988152348408278e+01 5.404197412944554912e+01 4.920708279525731399e+01 4.468018823718924892e+01 4.047688035297599640e+01
4.608085242692564615e-02 6.076307743982172660e+00 1.240086306431887664e+01 1.996015252450328958e+01 3.410228814823373966e+01 5.410228814823302912e+01 6.103619356112399430e+01 5.998754115693353839e+01 6.829025226271365057e+01 6.322765858237643499e+01 5.495042694476806844e+01 4.140047855387818032e+01 3.884070018222823251e+01 5.021102707076617833e+01 7.015169122769236765e+01 7.552327487964743113e+01 5.654240279451147444e+01 7.552327487964743113e+01 8.718084592427389623e+01 7.554338157137007670e+01 6.324213178950902403e+01 4.348334387066829976e+01 4.340933136788497393e+01 6.316625259061896713e+01 7.266750995980223138e+01 7.755610365438744225e+01 8.367561472190764960e+01 9.046999998641521756e+01 9.883223240331527393e+01 1.089764575561991933e+02 9.955392874410158299e+01 7.935593939982557288e+01 6.474796953678452383e+01 6.902654485030033982e+01 7.043430900911687331e+01 6.610131960242397042e+01 5.651732257593304354e+01
1.610643649003322755e-02 2.001610643648967880e+01 3.240086306431816610e+01 3.996015252450257549e+01 4.824442377196418619e+01 5.511078651294851483e+01 4.088135742408874052e+01 3.982408216706438964e+01 5.666898698511122490e+01 5.495042918720054814e+01 3.516038488517840932e+01 2.744814556828926300e+01 4.718356936984309868e+01 4.848617397178206545e+01 6.848548295026979815e+01 6.688159050817732520e+01 4.651134422543326252e+01 6.688159050817732520e+01 7.880299502402684197e+01 5.867948862605233273e+01 4.732410073063825706e+01 3.861863501645468233e+01 4.597069112054035855e+01 5.471106432182903490e+01 6.620219827075267460e+01 8.645732192379107062e+01 1.024347414799618150e+02 9.409951922774691013e+01 9.673234648467840202e+01 1.050548360191771735e+02 9.955392875618095161e+01 7.935593939982638290e+01 8.527179351243042049e+01 8.945493406812859405e+01 8.166673315325370197e+01 6.957821371121976028e+01 5.532546746709666508e+01
2.022278438842990689e-02 2.002009677949293120e+01 3.716745186680258684e+01 4.849980001829403164e+01 4.887818180928597656e+01 4.493233723715422911e+01 2.632178449343880899e+01 2.792011329867021985e+01 4.834616088012706570e+01 4.321360510907367569e+01 3.498467323172451415e+01 2.115028735389106274e+01 2.867120084481543785e+01 4.265086957491684672e+01 6.259342636714428920e+01 6.009150841392926168e+01 3.972714716209826946e+01 6.009150841392926168e+01 7.232024006767619539e+01 6.400351642344536174e+01 5.580255312671512513e+01 3.612918276123511419e+01 5.580258168341028124e+01 7.414801225257069461e+01 8.313712049190201014e+01 9.482048859123914042e+01 9.068286841699456602e+01 7.364864895373347053e+01 7.631090081481193010e+01 9.673234648467840202e+01 1.078389009445764657e+02 9.955392875618095161e+01 9.784131709701097179e+01 8.954845285934774779e+01 7.320324261357376372e+01 5.205602877455645938e+01 3.944976900617876936e+01
6.642187732006160639e-02 9.010649436907820942e+00 2.055502524735129910e+01 4.043182292300212310e+01 2.864426659746228054e+01 2.864540213452961481e+01 1.639252768311129671e+01 3.655307676447738885e+01 3.824320249938539007e+01 3.016640120076521825e+01 1.513335192875111801e+01 3.498467134742044493e+01 4.846808329809461213e+01 5.678962664233363711e+01 6.005451154340742193e+01 5.421282368861957934e+01 3.376130307444093148e+01 5.421282368861957934e+01 6.400500026458180969e+01 4.417688944751177615e+01 4.998475119170456793e+01 3.366834116666142762e+01 5.336246601783845733e+01 7.248802271349705961e+01 7.567610456783566519e+01 7.901679444166752830e+01 8.229220376988310193e+01 6.198816767852381560e+01 7.587150378982168775e+01 9.620619891239283561e+01 9.942639669224217869e+01 1.076220075109043108e+02 8.955303012639690508e+01 6.897205163999532829e+01 6.775198375905128501e+01 4.637560690519775619e+01 5.205574491325951669e+01
1.591255364720534082e-02 1.991755026816064600e+01 2.195481114687973090e+01 2.291799040278394273e+01 2.384085104457620474e+01 9.287702035267829004e+00 2.864534358197152386e+01 3.684676730676148537e+01 2.827666435035696679e+01 1.017627859683983615e+01 1.121999303508993151e+01 3.121025929102113139e+01 4.104117795760765119e+01 5.425267843990162220e+01 4.054083050125375109e+01 4.889430898839341921e+01 2.857116707910981290e+01 4.270332411429554753e+01 4.478711852513005454e+01 4.676791657020216775e+01 3.015418898286162630e+01 4.998487982458926382e+01 6.164918534895402047e+01 5.252480428733195339e+01 5.565317086550759029e+01 5.891239257744629043e+01 6.829223089963033999e+01 5.581863259312936520e+01 7.587150379558730151e+01 8.511455890222974574e+01 7.918640158712283039e+01 9.942639669224217869e+01 8.761828984403133802e+01 6.629869197589829355e+01 5.392821351910550476e+01 6.774901886300483511e+01 7.316724364137286329e+01
6.189296070378335485e-02 1.009984950938449311e+00 1.959167950510807277e+00 2.913833758656665829e+00 3.871945543631125197e+00 4.834639382692393461e+00 2.484240402335631259e+01 2.724081264564878069e+01 8.700380292707777130e+00 2.869805857583620678e+01 3.121046716303723656e+01 1.275320047285597092e+01 3.274627951737568310e+01 3.540732284321341439e+01 2.650691902631854191e+01 3.787530244762817944e+01 2.396433358614617148e+01 2.538350856217181573e+01 2.735801485779491315e+01 2.658548519860292458e+01 4.676791657020216775e+01 5.825573458182509512e+01 5.407926828289082977e+01 3.864867997972208968e+01 4.181247932554018831e+01 4.508051379975312756e+01 4.851754389425612857e+01 5.349122848797548357e+01 5.884498798035006217e+01 6.477481408493177639e+01 7.652413076271979264e+01 9.623710528172389900e+01 9.666911303281675316e+01 7.553765315870025177e+01 6.629725830575630141e+01 6.897220075559188501e+01 8.954936106722453815e+01
2.247884206357958492e-02 2.002247744332143853e+01 7.311425430320000807e+00 1.862294915614539192e+01 1.810052674891081281e+01 2.398445670708834143e+01 6.230419798484624572e+00 7.229418089659900737e+00 2.724081264673997538e+01 2.869805859873529386e+01 4.103438959477190906e+01 3.273942583891187752e+01 1.429636083884945741e+01 1.540418135853111892e+01 1.651743632292826902e+01 1.768507384367384105e+01 2.193662040315015105e+01 3.927577278087843382e+01 2.294933285796310329e+01 2.499984656905013480e+01 4.553998524623954580e+01 5.005515287210623399e+01 3.429787967772147539e+01 5.407947922879473168e+01 6.093834865624917541e+01 6.480083555177722587e+01 6.829223089963033999e+01 7.342676812741306946e+01 7.900159041477934352e+01 8.511455890222974574e+01 9.340420454901352798e+01 1.045902389142814002e+02 1.067667193378886452e+02 9.670937810727077988e+01 8.759441292842450366e+01 8.955435639610384158e+01 9.784317204761275377e+01
