MOVIE_S10_data/elevation_000999.asc
nrows	100
cellsize	150.0
xllcorner	0
ncols	100
yllcorner	0
NODATA_value	-9999
[rows 17 to 33 of 100, columns 37 to 73 of 100]
7.800295781640420500e+01 9.785616558017207467e+01 1.151151314302466346e+02 9.484441832769080349e+01 8.916446448297189420e+01 7.785461898490945032e+01 5.804536937225859816e+01 6.097953490131567378e+01 8.070732769396504125e+01 9.034194251010114840e+01 9.874666951847127905e+01 1.088124250782912554e+02 1.170654155896459230e+02 1.255445688292527535e+02 1.146997563335799697e+02 1.065319995013952052e+02 9.412925199580239166e+01 7.403538877608900748e+01 6.595498835281178174e+01 5.845837004027362838e+01 7.173788759674295079e+01 7.218184655369009306e+01 6.000004947305310310e+01 7.958381366730246498e+01 8.072740990752890866e+01 6.094108307284791692e+01 8.072740990755683299e+01 8.232951124432538847e+01 6.247454963794013594e+01 7.530972224828862238e+01 9.410735851646053618e+01 1.012788215402425891e+02 8.592376683436690143e+01 6.598260511970990194e+01 5.945475275001173543e+01 7.933863859656250384e+01 7.790848017570814932e+01
9.614385807741336976e+01 1.060654468776134678e+02 1.063358615630139212e+02 9.484442637589587832e+01 7.467909743156482705e+01 6.477494668602746231e+01 5.610552078389104480e+01 5.852653595752308746e+01 7.826464938482153855e+01 9.097900949498465195e+01 1.023146651727233518e+02 1.107712696986136081e+02 9.664549488196503546e+01 1.137465712942838536e+02 1.239581511502507283e+02 1.085245161052968257e+02 8.816653842832178611e+01 8.838235024489880232e+01 6.837294251661026578e+01 7.837764638075447010e+01 8.677553061975308424e+01 8.525056544305569162e+01 6.562036146374154555e+01 8.525056544314412577e+01 8.697676118524715605e+01 6.721457724926220578e+01 8.697676118524715605e+01 9.061183667658448826e+01 7.235140576769708787e+01 9.061183667658448826e+01 1.035377321084305322e+02 1.124565212495202644e+02 9.421188750412538582e+01 8.592376683436690143e+01 6.933855694247397139e+01 8.762644877955183631e+01 8.632892151187530771e+01
1.004119057811276150e+02 9.199166439013751528e+01 8.605010336741983679e+01 9.312717087346463529e+01 8.468826467360996446e+01 7.409817138515548152e+01 5.448113471437827116e+01 7.411215709555345654e+01 6.273444164704955739e+01 8.259957739754662498e+01 8.214033201431584530e+01 9.623712544973756167e+01 8.506450054155320117e+01 9.507544169912210918e+01 1.154764960453490374e+02 1.170772466200335060e+02 1.085245161052968257e+02 9.684024031282145017e+01 7.829505402553033377e+01 9.684024031282145017e+01 9.791430966021493987e+01 7.789117194435007718e+01 7.679891399093304472e+01 9.361603613516354017e+01 9.443159541130560797e+01 7.470795798394256337e+01 9.443159541130560797e+01 1.005987979624613331e+02 9.230761672095351855e+01 1.005987979624613331e+02 1.068485304392080053e+02 9.305572654695143342e+01 1.068485304392080053e+02 9.762842894576509423e+01 8.347403795380513714e+01 9.063590606858144838e+01 7.029465616254205429e+01
8.605010336742309107e+01 7.188561109611774214e+01 7.188561109611774214e+01 8.469647441963289225e+01 6.476709740334625565e+01 7.060012315480463485e+01 5.310915859761938407e+01 7.264607935275918749e+01 8.252882566340663573e+01 6.721257330779933170e+01 7.064057898530451496e+01 7.615378315187105329e+01 9.623712544973756167e+01 1.137465712942838536e+02 1.239581511502507283e+02 1.269586074158985127e+02 1.186875356740000313e+02 1.069829394864980685e+02 9.846964646426711454e+01 1.069829394864980685e+02 1.063377184997696361e+02 9.196394088991958427e+01 9.679573603079600730e+01 1.052181342030945217e+02 1.024404847891767361e+02 8.872188637492241980e+01 1.024404847891766934e+02 1.089654928496432973e+02 1.041745657839688022e+02 1.123349217390746304e+02 9.821119618074381208e+01 7.953488127025936194e+01 9.015015273778998051e+01 1.095139776371293436e+02 1.034973157907060681e+02 9.905366836730493674e+01 8.731285079928116488e+01
1.004119057807790796e+02 8.038342910849421230e+01 6.056047751231084675e+01 7.193089414783025859e+01 6.864905314964204308e+01 5.121846835216963001e+01 7.056885897915232420e+01 8.094178772606210259e+01 9.547947964951761435e+01 7.867302601622643010e+01 9.066700849299161291e+01 7.790247075627105744e+01 8.681695017801156666e+01 9.842157314698624759e+01 1.188678866660631428e+02 1.186875356740000313e+02 9.877514403768016393e+01 1.046073485183159448e+02 1.128668757267892886e+02 1.096137733009127686e+02 1.178691955707611214e+02 1.122797706465834437e+02 1.107468277984063292e+02 1.024930645815521046e+02 1.107468277984063150e+02 1.082160524041462395e+02 1.033056773924549390e+02 8.946714203502597229e+01 8.469339179377534776e+01 9.292710473671449734e+01 9.015015273778996630e+01 7.085623419326688577e+01 9.015015273778996630e+01 1.013516898171109233e+02 1.116891062330441002e+02 1.035868770248869026e+02 9.905366836730493674e+01
9.598036793109329778e+01 7.632911821603283897e+01 7.189952622092573620e+01 5.249910534949161445e+01 4.944439126570779308e+01 6.864905314964209992e+01 6.068676203426764459e+01 7.201846268625688197e+01 9.212831100377904647e+01 9.284769327836363573e+01 1.056508759214015356e+02 8.543185135386954698e+01 9.800880295597498559e+01 1.155370531238259417e+02 1.273449876484097558e+02 1.186875356740000313e+02 9.877514403768016393e+01 8.479388492321912452e+01 9.526719220705875557e+01 8.976267307304551935e+01 1.063947558101845061e+02 1.138735233896842800e+02 1.008371526388966402e+02 8.271803377982563177e+01 1.008371526388966402e+02 1.089654928496216968e+02 8.946714203502597229e+01 7.573753899505840081e+01 7.343267039504735294e+01 7.343267039504735294e+01 8.283607549867898001e+01 6.487062168754120250e+01 7.414694788021336080e+01 9.315144843698415400e+01 1.005198000988330875e+02 8.433000542328913696e+01 9.779642575212035638e+01
8.849665219283680528e+01 7.632911821603283897e+01 5.691752165458294144e+01 4.771798159919263327e+01 6.673507889849099683e+01 7.694874160620963721e+01 7.201848073943294537e+01 8.891403752449913611e+01 1.005587695748919685e+02 1.131795783653573579e+02 1.141229879268534262e+02 9.701680001033143697e+01 1.141229879268534262e+02 1.268457839223479340e+02 1.274405114517060582e+02 1.191675114359982786e+02 1.093007442368772644e+02 8.945430462803948046e+01 7.554582988379384290e+01 7.840343695312958516e+01 9.401179013382774485e+01 9.401190026313044257e+01 9.260554918068882557e+01 7.289292151110868190e+01 8.563608283063092586e+01 1.054312795768271513e+02 1.033056773924549390e+02 8.478667223010056375e+01 6.523454880897190833e+01 5.947571360427296128e+01 6.948142484987532441e+01 5.931808003519468997e+01 7.791151259872462731e+01 1.005492269679036923e+02 9.187375174444002823e+01 7.317859453899991706e+01 7.851847242737458998e+01
7.227880897044096287e+01 6.770241183673418561e+01 6.368833355150999864e+01 4.656044778006173601e+01 5.568499887137151916e+01 7.522854705697814381e+01 9.213151541387604482e+01 1.005702474898172625e+02 1.011441577089069170e+02 1.011441577089069170e+02 1.095699910548799494e+02 1.174452429541342582e+02 1.259245118780863635e+02 1.332861723707273427e+02 1.133193705942863687e+02 9.924005437248783323e+01 9.175662855849527944e+01 8.479388492321912452e+01 8.932098997759963765e+01 6.962158473510805834e+01 7.428362986993428763e+01 9.236186688634140296e+01 8.563608283061803661e+01 6.590861453767978162e+01 8.563608283061803661e+01 1.023613269569333823e+02 1.042820971193589088e+02 8.478667117926015351e+01 8.478664410647333227e+01 7.276172245964419005e+01 5.297812381047592822e+01 7.276172245965793195e+01 8.755065837317403066e+01 9.258277937243514089e+01 8.384202254599860282e+01 6.439381782796468201e+01 6.726579344331805999e+01
5.177511804445080656e+01 4.485078843106612112e+01 4.494067976764752359e+01 6.368685430589052032e+01 6.545649891952565724e+01 7.522854705697814381e+01 9.530387558354235011e+01 9.162058099794188593e+01 8.094160068848583478e+01 8.094160068848583478e+01 1.011441577089069170e+02 1.110834321128488540e+02 1.110834321128488540e+02 1.195222147550467611e+02 1.274405114517060582e+02 1.191675114359982786e+02 1.033274605578611869e+02 9.369426037178773470e+01 8.561879571451122217e+01 7.949639034242098035e+01 6.441393519452162764e+01 8.414767816652548049e+01 8.016466756405756655e+01 6.038417546744837949e+01 7.438092028765011321e+01 8.292804130382016581e+01 9.114306684541696768e+01 8.488877399755641306e+01 7.677503771243506492e+01 6.973969961130227091e+01 4.992529122082863324e+01 6.383334898547048653e+01 8.274764592816592312e+01 7.882141712141593359e+01 6.506005487039662682e+01 5.735545342822977943e+01 6.877336656655033664e+01
7.144865291529164608e+01 5.297628139697761185e+01 4.377316511708703928e+01 5.679266783354484005e+01 7.629268392692986822e+01 9.362931342001004964e+01 8.579693543781498022e+01 7.156667660954808241e+01 6.687921457007918491e+01 8.094160068848583478e+01 1.011441577089069170e+02 9.077310036770685997e+01 9.077310036770685997e+01 1.110834321128488540e+02 1.219362356994111707e+02 1.136670107481654668e+02 9.515691423875949795e+01 7.608067727369495969e+01 6.634309058403653125e+01 5.969488721072283965e+01 7.539795754397307803e+01 8.360055446876990004e+01 7.536719354987984332e+01 5.553373298113440626e+01 6.893236923115665604e+01 6.313517204415516204e+01 8.292804130382016581e+01 7.677504234871202016e+01 5.706789635582986620e+01 6.283995985348207114e+01 4.700344292736881613e+01 6.684950098557509079e+01 7.356895212914376714e+01 6.548979016922218932e+01 5.102798484239880850e+01 6.251951798105756097e+01 8.202766397715103608e+01
7.173555650387896776e+01 6.133289807339201616e+01 4.262456718925889021e+01 5.564960501652470271e+01 7.508181338176827069e+01 7.830424870386859482e+01 7.000257215645602571e+01 5.776187369477336375e+01 7.744032921267400127e+01 8.185201405208485426e+01 8.720746506749833316e+01 7.653878180996184710e+01 9.077310036770685997e+01 1.110834321128488540e+02 1.104503122738721288e+02 9.380158396409389354e+01 1.033274572097807464e+02 9.369426019763783131e+01 8.545497008314860921e+01 7.318163477760060687e+01 5.554652423199036804e+01 7.146808373988774576e+01 6.937976520986076423e+01 6.732790848820188501e+01 4.904565022902175286e+01 6.330755568796080723e+01 7.152041894125646593e+01 7.677503498498661827e+01 5.706789634413798495e+01 4.294387232600081461e+01 5.914516669510828706e+01 6.729695170253128822e+01 6.075164444762842919e+01 4.566870454346769748e+01 6.548979016922218932e+01 7.882141712116481358e+01 9.006806389608787811e+01
7.386064571018391689e+01 5.451440151922801647e+01 4.145610188353154513e+01 6.018648605405868324e+01 7.413096665552205877e+01 6.589519939062516585e+01 5.073730901600219312e+01 5.423928601337161126e+01 5.797745773771870148e+01 6.196174710737123803e+01 6.716920221617047559e+01 7.866849244521314688e+01 9.887191859175979403e+01 1.136670107482526504e+02 9.380158396409389354e+01 8.243655081906418047e+01 9.231712603297144426e+01 8.705992376064735083e+01 8.320065439196916657e+01 7.947860121663461541e+01 7.146808373988774576e+01 5.157435138491563720e+01 4.948462420627834746e+01 4.743090178737104168e+01 4.540373418893752699e+01 4.338451713166936941e+01 6.080754338416448235e+01 6.902408951855808539e+01 7.072859997158926149e+01 5.885028275229139894e+01 3.919525659091765846e+01 5.618737620136037236e+01 4.085645909388190944e+01 6.075164444762842919e+01 6.190226467502777297e+01 7.577315213588006770e+01 9.516348129658298660e+01
5.651174783833943138e+01 5.742363256449533537e+01 4.027075965492412735e+01 5.904098893552135507e+01 6.202110977431741645e+01 4.694150436322977527e+01 6.589520262829798014e+01 7.375917683768474831e+01 7.770460668856068764e+01 8.185201405208485426e+01 7.334535543163042348e+01 9.347232593884292839e+01 1.073002191069012667e+02 1.219362357808648056e+02 1.021977012468786512e+02 8.243655081906418047e+01 7.264647654571898272e+01 6.738143368694993285e+01 6.347588009006709342e+01 5.975199293711408899e+01 5.630369403221771307e+01 7.104911776918935118e+01 6.937976514183746701e+01 6.732790844740334535e+01 6.530783562847653911e+01 6.080754355051773530e+01 4.084438407115849401e+01 5.836669881403790328e+01 5.703610537985792206e+01 5.571147881715136663e+01 3.664198959221037910e+01 3.623831136975264400e+01 5.200842731325907664e+01 6.022464558798599654e+01 6.460396499342184029e+01 7.285988163245202998e+01 8.255213600758344228e+01
3.760061351241181171e+01 3.857170264643549018e+01 4.016507993769754847e+01 4.175119468778353848e+01 4.330003151044805776e+01 6.202629993016288523e+01 7.164922283467095099e+01 7.288581847474915776e+01 9.435688411970278366e+01 1.018893097723809262e+02 9.347232593884292839e+01 9.347232593884292839e+01 1.137777872279064582e+02 1.221000254923519321e+02 1.021977012468786512e+02 9.635010379670657699e+01 7.664265602058236482e+01 8.705992382178840217e+01 8.320065439196916657e+01 7.120531693861980216e+01 7.614289923916453517e+01 7.895989616830995317e+01 7.093117876957835222e+01 6.847782853310778250e+01 6.611229127149998419e+01 6.059946038159961290e+01 4.060616842586213693e+01 3.832945656326501194e+01 3.698722339631783740e+01 3.566945239271734636e+01 3.437990879279718115e+01 3.310876820683831312e+01 3.205555851754409247e+01 5.046525888785954095e+01 4.464920520923264746e+01 6.460343834991817857e+01 6.305937720734113583e+01
5.527618945045082910e+01 5.113136833339495269e+01 4.842424308986998227e+01 6.047647967302089711e+01 6.202629966948517648e+01 4.591159795106131014e+01 4.912130381159551007e+01 7.288581862848948845e+01 8.742230600050316980e+01 1.045020661994368112e+02 9.607769977616696622e+01 1.045020794653237886e+02 1.135791997938977147e+02 1.253365927391948418e+02 1.103723064669595715e+02 9.054191727634363929e+01 9.054191727634363929e+01 1.045888420290528700e+02 9.914416709421695373e+01 9.092031546371502770e+01 8.272708049285753873e+01 7.093120557422567174e+01 5.100222528467710248e+01 4.854762792705332686e+01 4.617961653784855969e+01 4.386365975566314290e+01 6.058980080911064192e+01 4.373601247925244451e+01 5.703603295467535617e+01 4.987556206327280961e+01 5.440373175702261221e+01 5.310055733169480163e+01 5.048706097290934025e+01 3.056906995348699496e+01 5.046503598938473090e+01 5.962095308576589758e+01 4.917818632777126453e+01
5.774031853211378262e+01 6.871931184229207190e+01 6.187699605152250371e+01 6.772438309772003606e+01 7.301670258857177487e+01 6.477829827620199410e+01 4.855015273667992659e+01 5.933069486379192625e+01 7.906069293465948533e+01 8.657131019894954704e+01 7.591160219534054932e+01 8.487482496018793654e+01 9.653697931781844943e+01 1.168943484183114805e+02 1.186357667817621291e+02 1.103723064669595715e+02 1.103723064669595715e+02 1.093969619148989381e+02 9.836101119616790811e+01 8.623695448958959275e+01 7.453570909860539473e+01 5.462917738931108858e+01 7.093120557422567174e+01 6.009086182351224181e+01 6.030008201692368885e+01 6.381042831032926443e+01 5.269628339955783503e+01 6.374220873782681451e+01 6.374213468057566701e+01 6.980980164595843007e+01 7.359831354673012527e+01 5.370654846186952369e+01 4.942530852004066588e+01 2.952120812652266224e+01 4.942547283305410133e+01 3.979709981721358503e+01 5.005476508365557464e+01
5.480318445426034657e+01 7.486042539085430292e+01 8.163785982999424107e+01 8.761996701069470816e+01 8.103422975533672457e+01 5.495004825551047389e+01 5.053082478241579167e+01 6.984419038550089454e+01 7.840954071711139761e+01 6.657913958713649549e+01 8.657131019894954704e+01 9.923870743889848711e+01 1.072878928229627462e+02 1.102776790210753717e+02 1.187243331911903965e+02 1.164810817007585939e+02 1.050825289908948434e+02 9.626356365225296940e+01 8.214201543496024271e+01 7.220101140430388398e+01 5.842885337153790459e+01 7.453570909860539473e+01 8.268269768738630887e+01 7.414850590939727226e+01 8.014420568141412105e+01 6.527700933618376666e+01 6.419172649023555266e+01 8.063194489135470633e+01 8.383752588088148627e+01 8.021165426044952085e+01 7.132651041131073555e+01 5.370671668440225233e+01 3.374519976343518124e+01 2.846910779880548148e+01 4.690607433391097203e+01 3.379934656287930750e+01 4.788244918531493965e+01
