MOVIE_S10_data/elevation_000257.asc
nrows	100
cellsize	150.0
xllcorner	0
ncols	100
yllcorner	0
NODATA_value	-9999
[rows 51 to 67 of 100, columns 37 to 73 of 100]
6.976814275423139122e+01 5.007367483352133064e+01 4.777437190638510600e+01 6.750998367713600601e+01 7.303555467192903450e+01 7.722975710179558462e+01 8.193851317861599171e+01 7.057598803062585091e+01 7.744583506922157312e+01 8.738085521454358684e+01 1.016317113698223125e+02 1.218142351414007862e+02 1.202182265245258463e+02 1.088115631788086404e+02 9.174330572870016454e+01 7.166708876972676023e+01 8.441314937777524108e+01 7.719524911668241884e+01 5.683784007709378017e+01 7.719522002438971242e+01 8.064471998923693263e+01 6.640539053247763945e+01 5.839412237794540061e+01 7.026306490775517943e+01 9.039745996527223326e+01 9.505703237645400350e+01 8.680703568748155874e+01 9.505703237645400350e+01 9.407212637209141803e+01 7.396795266861754214e+01 7.985632881621279466e+01 6.824960843506151775e+01 8.835817818847398541e+01 9.310716163242689447e+01 8.148196085365778174e+01 6.724318665999476252e+01 6.740278947479838223e+01
6.254513591430652752e+01 6.400800901041127133e+01 6.750998367713600601e+01 5.232117343705030521e+01 7.195651233563989990e+01 8.531321016458464612e+01 9.872308167197408579e+01 9.038518176989410335e+01 9.746194546780132839e+01 1.058154972062249612e+02 1.158977376970732394e+02 1.241768908823018336e+02 1.127726871974538767e+02 1.046010834603682724e+02 9.993455554266631680e+01 8.441314937777524108e+01 6.415081063255702531e+01 7.327724570972281981e+01 5.301394022427691510e+01 6.989814645890433553e+01 6.761448696361360078e+01 5.129524287586990283e+01 7.232853839342901381e+01 8.705305131602528945e+01 9.863642849538457824e+01 8.505462174366610384e+01 6.676594282982699724e+01 8.505462174366610384e+01 9.221456691161326091e+01 7.985632881621279466e+01 5.971643381320325972e+01 6.111390781254604576e+01 8.124872699363734796e+01 8.475470431934760995e+01 6.463135156749595467e+01 5.297447610564278619e+01 6.264791789888114693e+01
7.640166876552157760e+01 8.367433575971706716e+01 7.887909388366050223e+01 5.929907645997144527e+01 5.752691789621341201e+01 7.709546441486803303e+01 9.087969794408164148e+01 1.049248118643525629e+02 1.090121738754492640e+02 1.173149990591004155e+02 1.285895343338978591e+02 1.160201557473457967e+02 9.624171270629011588e+01 8.475070867213108272e+01 9.314046584389963357e+01 8.828286798794312062e+01 7.765951925802305311e+01 5.731152599534908632e+01 6.986950974525396418e+01 4.972930117446836107e+01 4.741959323391618852e+01 4.539721487186893967e+01 6.812174697391706957e+01 8.437710520952033733e+01 8.867036853497192794e+01 7.678648861634431455e+01 5.667764826089246810e+01 7.678648925865418562e+01 8.386466545873258838e+01 6.373736654529935919e+01 5.207842948428852026e+01 6.602088390196199441e+01 7.436735374126905640e+01 8.322882504444839924e+01 8.148196085341025707e+01 6.305547865270412444e+01 4.281073926589207446e+01
9.618884454437684894e+01 9.284254174813730742e+01 7.309524440070457274e+01 7.309524440070457274e+01 7.709546441486803303e+01 6.304725904659665758e+01 7.683458402381057795e+01 9.490161103830047296e+01 8.905682453843567714e+01 1.090121738754492640e+02 1.204376125747938033e+02 1.006735850585462941e+02 8.922575193282231965e+01 8.028467417436533538e+01 7.311207790687690533e+01 6.811870094501126971e+01 6.349450925673598789e+01 7.765951925802305311e+01 6.989304223180904785e+01 6.989816155625294414e+01 6.445456182016864943e+01 4.449630475164867960e+01 5.593146088316719045e+01 7.609505031201072711e+01 8.040592832683574898e+01 6.033514381028734164e+01 4.996714963099640983e+01 7.008354131477135240e+01 8.366204146987159618e+01 7.765324574620480291e+01 5.750540254875127033e+01 4.581988447657241892e+01 5.471598879059641263e+01 6.897240691749171049e+01 8.085736718252776711e+01 6.069924931144914382e+01 5.400175597600249233e+01
1.033656715150474810e+02 1.011145052263092055e+02 9.284254174813730742e+01 9.284254174813730742e+01 8.263599587272028657e+01 7.427639831668051329e+01 6.989403870615338121e+01 7.508277254641464538e+01 8.250707440729931363e+01 9.657810878282818123e+01 1.165674253943302290e+02 1.171928957655596406e+02 1.083489083494615812e+02 1.001715275097048021e+02 9.314046584389963357e+01 8.828286798794312062e+01 8.377402295699261003e+01 8.649896906668610086e+01 9.000952743485390783e+01 8.061412572295910195e+01 6.256868025958959834e+01 4.262781944856727989e+01 6.256868045872385409e+01 7.301844984013096962e+01 6.773507916456577505e+01 6.401822096105362903e+01 4.393526672265892330e+01 5.531372812083936452e+01 7.538830439790514504e+01 8.600027035980201617e+01 7.436731901066318073e+01 6.062194014500686023e+01 4.034188515657311314e+01 5.562933607882500553e+01 6.398848682756574391e+01 6.069924931144914382e+01 4.038669187418199868e+01
9.395915120579846302e+01 9.247603515072793812e+01 1.007305316606015282e+02 1.107817552889253392e+02 1.023342802962968818e+02 9.405541849968498980e+01 8.960480364969728839e+01 9.490161103830047296e+01 1.024328440670522440e+02 9.876363275579554113e+01 1.187589621605930432e+02 1.160520196068308394e+02 1.061207965597566556e+02 9.789879105414455296e+01 1.041822749728179502e+02 9.032518275845960432e+01 8.042608256272386313e+01 6.639965425140333366e+01 8.058329405959092639e+01 7.231393643349130684e+01 5.221349084775618365e+01 4.078051520652775253e+01 6.070918547961729672e+01 5.336290261250562850e+01 4.759537882992350433e+01 5.899744848907343453e+01 3.898994637399582075e+01 5.899748150410807312e+01 6.837290727281319391e+01 6.922020915263522056e+01 7.770103299630358151e+01 6.730239712207294644e+01 4.708406231531456143e+01 3.521443505232586091e+01 5.106442569463396097e+01 5.943892037571452391e+01 4.728682358515978734e+01
7.417580334872508274e+01 7.270272383953506790e+01 8.665594164416577883e+01 1.065269938501437963e+02 1.038810891386146267e+02 9.562196428590932840e+01 9.097224580733789878e+01 9.922244125592730768e+01 1.106994746532358249e+02 1.187589621605930432e+02 1.218494830095661570e+02 1.020304471721426580e+02 8.796227365018101807e+01 7.793896155788733893e+01 8.722981341039574943e+01 7.646809054410120154e+01 6.222042078522135711e+01 5.216638501006071493e+01 6.725599190701821328e+01 7.124834658334447113e+01 5.888995453521138757e+01 3.897539233920380752e+01 5.642539616151913862e+01 5.306039786574982742e+01 3.363160356936252526e+01 5.175412560519206551e+01 3.487487315688635903e+01 4.954890943664917557e+01 4.785685190158139335e+01 4.820460747361769194e+01 6.922020915263522056e+01 7.565081462009852942e+01 6.398848682756574391e+01 5.106442569463396097e+01 3.050399400944856154e+01 4.672990632756863505e+01 4.474293629542682282e+01
6.028383281974427632e+01 7.417580423700343317e+01 9.395943721747087807e+01 9.790111929296755022e+01 8.965521199348010839e+01 7.583248545635866833e+01 7.121773177151366951e+01 8.258659906894851588e+01 1.024272522791399780e+02 1.191947100804302977e+02 1.151339505153724332e+02 9.530072387505279607e+01 8.378720018572941797e+01 7.479510476957624121e+01 6.713303145812584205e+01 6.247507054084184119e+01 5.807228256532069821e+01 6.725599190701828434e+01 4.718018600611655700e+01 5.089898876687771434e+01 5.820474356852015063e+01 3.815213694301930758e+01 3.646152183344626962e+01 3.526950299735995742e+01 5.169309308189537688e+01 3.206992774685350156e+01 3.103198563978049052e+01 3.002621623633496384e+01 3.475397431989092922e+01 5.412755660715355077e+01 5.938453613672278664e+01 5.930083314779323445e+01 6.764509043356804341e+01 5.943892037583065502e+01 4.672990632756863505e+01 2.607998343495294691e+01 4.227223254684179921e+01
6.538975003931825825e+01 8.511193516692078731e+01 9.545009774477527742e+01 8.647617119440047873e+01 6.991583045391830353e+01 6.450295368320148270e+01 8.419650339350783952e+01 7.960140377559126534e+01 9.101920166269171375e+01 1.109077635717119676e+02 1.233512926512740790e+02 1.118996959018426907e+02 1.030097441843782491e+02 8.722981338362664872e+01 8.722981341039574943e+01 8.261929543121819108e+01 7.829505536604774818e+01 7.387064556394111037e+01 6.239443305188367361e+01 4.240113228378152144e+01 4.059915890286446682e+01 5.820473754581304604e+01 5.646456399157061412e+01 4.967021211144709980e+01 5.651725965178435729e+01 3.648505452134332216e+01 4.895273422397064422e+01 4.771052635582628909e+01 2.854767376140189228e+01 4.642908772402419970e+01 3.955830307480751173e+01 3.946820983413331163e+01 5.858432461275573644e+01 6.333588606486565453e+01 4.299856995310992147e+01 4.264060550756420298e+01 2.198191918592088001e+01
6.048050787849158638e+01 8.017933413172634971e+01 8.146967146121698988e+01 6.748924517765885867e+01 5.860116039746390015e+01 6.991583045391827511e+01 8.965521197801113829e+01 9.359621809952514582e+01 9.211322629590333122e+01 1.061603262799591221e+02 1.261223440861903242e+02 1.137413159893732200e+02 1.056134883205277930e+02 1.071368600876050294e+02 9.845469506495680889e+01 7.815011824120352912e+01 7.728898029297120331e+01 6.569137704446299608e+01 4.554162953224624033e+01 6.256478460565610789e+01 6.069997604076461073e+01 5.151789506464394464e+01 7.207233035917772668e+01 7.137711017619825782e+01 6.103204208492801541e+01 4.127425634127678222e+01 6.031596166178469076e+01 5.584952554210115494e+01 3.630733686384391490e+01 2.693552475049294515e+01 2.569381453860437148e+01 2.984386273639963605e+01 5.041969744075578319e+01 6.295578888037222498e+01 6.333520387934044749e+01 5.084114108857736625e+01 4.221266461602495923e+01
6.239652539062372227e+01 7.695113346631930540e+01 6.875761244711181064e+01 5.361553257252159455e+01 6.748924517765885867e+01 8.647617119440047873e+01 9.790111629865809562e+01 1.134972554940846550e+02 1.120070659292377258e+02 1.202956861270655367e+02 1.195311656043880646e+02 1.056134883314075950e+02 8.592132002387360501e+01 9.168902256769483472e+01 9.360925597746998505e+01 7.235695490124972196e+01 5.788977923911277657e+01 4.881539825669155164e+01 6.573256111162309878e+01 7.402672455875486435e+01 7.207233056251926939e+01 6.800168448073272032e+01 8.041963472441754845e+01 6.921320912866785591e+01 4.976097168010944216e+01 5.519390084198764157e+01 6.924383095721034920e+01 5.263308499916034577e+01 5.449013423496650432e+01 3.821108093964765118e+01 4.386416136901822682e+01 2.403605735660556775e+01 3.548754741375714872e+01 5.491735662967406739e+01 5.551563252725622988e+01 5.979289189219839784e+01 4.121766331138056216e+01
6.230246627603286669e+01 6.451918818618214857e+01 4.910484763820476672e+01 6.875761244711178222e+01 8.146967146121711778e+01 9.545009774477527742e+01 9.890208405336449005e+01 9.890208405336450426e+01 1.188192852816626441e+02 1.195311656043880646e+02 9.970581968066244372e+01 1.033438384419567626e+02 9.168902256769483472e+01 7.181905033128082039e+01 8.112179944261674791e+01 7.270822398487398175e+01 5.256475135702864776e+01 6.900196563111542503e+01 5.814617257666564143e+01 7.844760896320600807e+01 9.229712703826774600e+01 9.042761628986727374e+01 7.609074813504753365e+01 5.960345959882410227e+01 6.921320912866785591e+01 7.512579830030514927e+01 8.092853215183504290e+01 7.267534697725253068e+01 6.627858357599811256e+01 5.792431255487219488e+01 4.280406815128800702e+01 2.316904787951294153e+01 4.159837201799724937e+01 4.099809276422279680e+01 3.478629052777834829e+01 4.641397734290988808e+01 3.211171714546376421e+01
4.266939681585142097e+01 4.487076560697694561e+01 6.451918818291021296e+01 7.695113282581797876e+01 8.144309848127618068e+01 8.637154096649349810e+01 7.908955581666968726e+01 9.890208405336449005e+01 1.134221566845563416e+02 1.214804154136474637e+02 1.033438384419567626e+02 8.347510054102777133e+01 8.539407793595047735e+01 6.535531556137674158e+01 6.105000169097546348e+01 5.747891101172598383e+01 5.679168361991761316e+01 7.690138691037607543e+01 6.566134219094800528e+01 8.407091024308581950e+01 1.045594461732603406e+02 8.779844894208052608e+01 7.365404858982469705e+01 7.858834870814261819e+01 8.650552837656600502e+01 7.630283247692041471e+01 6.784937678293879060e+01 6.677098904371140975e+01 5.843095195642434447e+01 5.106005216749907305e+01 4.007797077539457575e+01 2.278833124133473476e+01 2.202442796940953684e+01 2.139799491449093338e+01 2.076988673365607951e+01 3.852156821235331563e+01 1.899119157035762129e+01
6.230885463632005639e+01 6.430554308327029389e+01 4.977982717270865010e+01 6.943256676370853597e+01 6.176435900422355019e+01 6.665777102562421419e+01 7.543213850001457388e+01 8.529391977408977255e+01 1.051494871662744259e+02 1.132571936595849706e+02 9.343048322432841246e+01 8.193499748014966144e+01 7.190441798373362303e+01 8.539407793595047735e+01 8.112179944261674791e+01 7.757763665637956763e+01 6.119979680994963900e+01 8.128415270344147814e+01 8.601131728969623680e+01 8.015014519042840391e+01 1.001614384647412805e+02 9.947115290183459990e+01 8.610373999181733495e+01 7.370709907479876222e+01 6.866085900001372977e+01 6.187143510453812922e+01 4.757630763962355047e+01 5.843205886291762852e+01 3.860407609212796132e+01 4.336466631508076119e+01 2.386339813979577329e+01 4.232956090209064826e+01 3.580975155648717134e+01 4.092947891904672986e+01 3.796731798394127111e+01 1.987947102277536260e+01 3.047870538054434064e+01
7.948437545386279623e+01 7.736255280679760915e+01 6.111041135022840365e+01 5.522983210572168389e+01 7.488351865559182841e+01 8.637154096649341284e+01 8.273218820731113965e+01 1.025648037388448586e+02 1.134221566845563416e+02 1.184545244303749598e+02 9.862977506856461218e+01 8.457136773160877397e+01 8.605555328423858441e+01 1.000963195952321456e+02 8.945601569208022852e+01 6.943912119024763285e+01 7.283527021449248195e+01 7.543382109699599880e+01 9.540810271171467605e+01 1.001614384647412805e+02 1.084035554125186849e+02 9.847587464348391961e+01 7.315540653442999997e+01 5.697284386437765136e+01 4.788026159041757523e+01 4.152802944892024328e+01 3.551875662256211541e+01 4.899656312331903507e+01 4.440728270479682749e+01 2.493416082043934168e+01 3.757063266259486767e+01 5.160588551356310916e+01 5.555282911359290665e+01 4.755543529854917750e+01 2.827980088598967612e+01 3.962539813090464946e+01 4.580253393126930206e+01
8.477713622990830800e+01 8.884895008987345477e+01 8.059850114671417032e+01 6.910360334997108112e+01 6.910360334997108112e+01 8.883746857578965717e+01 1.025648037388448586e+02 9.932808601418447836e+01 1.015143287954712719e+02 1.098088226862261791e+02 1.126562719079524300e+02 1.044363097213152258e+02 1.059162520253169362e+02 9.942270200788425427e+01 7.948932937431592904e+01 8.362273345767695787e+01 8.699604659479258828e+01 9.540810271468244252e+01 1.036456781186173544e+02 1.006748787071596780e+02 9.246142821190447592e+01 1.006748787071596780e+02 8.804756212390465464e+01 7.759626820444941586e+01 6.866085900001291975e+01 6.187101014535746657e+01 4.899654797817623120e+01 2.833938055803643152e+01 2.600325403567686422e+01 3.216869263580148441e+01 5.183394196942071375e+01 6.564293403467985399e+01 5.786163947798983997e+01 3.859765176382036600e+01 4.756738036677656112e+01 5.561357517281441432e+01 5.402973747010652517e+01
7.029584097410317156e+01 7.867714696883041370e+01 8.879410636622745301e+01 8.883746857578962874e+01 8.883746857578965717e+01 9.707787016379808165e+01 9.229908198934349173e+01 7.944706037037430235e+01 8.161926590064378217e+01 9.856847350065305591e+01 1.068617259239077129e+02 1.184060937108153695e+02 1.134759558898674214e+02 9.360165365449452679e+01 9.360165365449452679e+01 1.035388047755267706e+02 1.068991850592332469e+02 9.438990270587986231e+01 8.593970865068553167e+01 9.066301925413434049e+01 7.235706386107629839e+01 9.039789317521204737e+01 8.650922625006445799e+01 6.853644099017189717e+01 6.928230831741420559e+01 6.057706255838651543e+01 4.069554344259879031e+01 2.707096453066528952e+01 4.545825573169372547e+01 5.183394936288487997e+01 4.599185995462091370e+01 6.593800084491205382e+01 5.786164313286394645e+01 5.221157714014022133e+01 6.598266910547508246e+01 6.089596988988904513e+01 4.087763442059958408e+01
