MOVIE_S10_data/elevation_000421.asc
nrows	100
cellsize	150.0
xllcorner	0
ncols	100
yllcorner	0
NODATA_value	-9999
[rows 17 to 33 of 100, columns 0 to 36 of 100]
5.222468517465790605e-02 2.005222468517430201e+01 3.582548807203517072e+01 4.475335995119446153e+01 5.626763139868328523e+01 6.051328305017130305e+01 5.223552030135714830e+01 6.051328305017130305e+01 5.037156034343757227e+01 3.183155566316868956e+01 5.037156034343224320e+01 5.164040647736080558e+01 4.529232347768942901e+01 5.382029682570093598e+01 3.689757863194534337e+01 1.724160920447565104e+01 3.312317610512884158e+01 3.224483760925844678e+01 4.185823808532033752e+01 3.446541414533811576e+01 1.905216277660609947e+01 3.842256652930718275e+01 5.087849228717815464e+01 6.249876683219576989e+01 5.840587496360295461e+01 3.847006468722383232e+01 4.579736146873479896e+01 3.182050003715941244e+01 4.135774365991296975e+01 2.301238707706115250e+01 4.285078472944080374e+01 3.851072694643417549e+01 5.866018569316406683e+01 5.956755101429971688e+01 6.178370456357473728e+01 8.202684850403281303e+01 8.052701233404118852e+01
7.333276091007127906e-02 1.421546838464114693e+01 3.421546838464185214e+01 5.328472610753549077e+01 4.742687421038667139e+01 5.107835286790541574e+01 5.107835286790535179e+01 5.936262076763546247e+01 6.051142560215626531e+01 5.236933875551181217e+01 6.051142560212718280e+01 6.709759128976847364e+01 5.894221418644594479e+01 5.243269504089737865e+01 4.077229897207926967e+01 2.122937051518456641e+01 2.255573729814111417e+01 4.262900645408767986e+01 5.783633259506869706e+01 4.674447034695034375e+01 3.842256653077154738e+01 2.283736284817946327e+01 3.403497434795578158e+01 5.413064806749765978e+01 6.666816974109002558e+01 5.257890574521347560e+01 6.023157141132460168e+01 5.186890164619412502e+01 5.120684859172489922e+01 4.282780606559551728e+01 2.449529746407024078e+01 4.441092267647361780e+01 5.538481541473402103e+01 4.527124014004706964e+01 5.956755101429971688e+01 7.981670426935910712e+01 8.881984531946153538e+01
6.343274376862209629e-02 2.006343274376826713e+01 3.975920240170754738e+01 3.328473314950874595e+01 2.742686922364058688e+01 3.107835293831332635e+01 3.107835293831332635e+01 5.107835286790535179e+01 6.769666599202251689e+01 6.890986941852111158e+01 7.719414219976106040e+01 6.211823497802113536e+01 4.349027605888340275e+01 3.270702042750422578e+01 2.725359507353986643e+01 4.077229897207926967e+01 2.645424985333256984e+01 4.027151640288916923e+01 5.973742608343335547e+01 5.675407353204150240e+01 3.663599147350601015e+01 4.252844128396927914e+01 2.725744070062322777e+01 4.132526687570776147e+01 6.151217587362676653e+01 7.247342307817420703e+01 7.394158395626735114e+01 6.232718117063488705e+01 4.855514641287079058e+01 2.601501837425249164e+01 2.559615780426812037e+01 4.551356517930092593e+01 3.523847631937291425e+01 4.945853264916465974e+01 6.969212764138710270e+01 7.310478667083542348e+01 8.146403320439887352e+01
3.497053469895897854e-02 2.003497053469860489e+01 1.975920343806193813e+01 2.850381916355031109e+01 1.328473359791649067e+01 1.693621731461753654e+01 3.693621729396038944e+01 4.769666598905676125e+01 4.769666598905676125e+01 4.890986942606706833e+01 6.890986941852111158e+01 6.369029060952315291e+01 4.408492306017456031e+01 5.243269504089737865e+01 3.469350270791925084e+01 5.013076790907129521e+01 3.062887151685572107e+01 4.443388439937871937e+01 6.388426134143065838e+01 6.512203508119206674e+01 5.675407353204129635e+01 4.063619596275187007e+01 3.063696592795164975e+01 4.481587235369153177e+01 6.503122012893109627e+01 7.999516392294900413e+01 6.560844218746017020e+01 4.549222346431792374e+01 3.292843989565353269e+01 4.855514640153604233e+01 4.551356445871916634e+01 2.716190903101746912e+01 4.716010688764005465e+01 5.722607310493717137e+01 5.909782890590128090e+01 5.329595703207842661e+01 7.310478667083542348e+01
9.635555453094322986e-02 2.843566833504718172e+00 5.617067814630852141e+00 8.503819160578956371e+00 2.850381807036889015e+01 3.693621691872773738e+01 2.310835131310110668e+01 2.769666599051226186e+01 3.476773380237749222e+01 4.631473918616921281e+01 6.631473918084383001e+01 7.197240442786042536e+01 5.538373074796173512e+01 6.244849390549170920e+01 4.350119848432450453e+01 5.471447951944947619e+01 3.526743814323831572e+01 5.471447951944943355e+01 7.082787425467958542e+01 7.736825268610637352e+01 5.712220662912553593e+01 5.468982765426191150e+01 3.453332516732219659e+01 4.876227223899275742e+01 6.900021232952283867e+01 7.165477528465711998e+01 5.160135704374744137e+01 3.990325685604680217e+01 5.399433789257660266e+01 5.399433779497255870e+01 5.552393677591804533e+01 4.715996105316109777e+01 2.879854598934433696e+01 4.885842050193022601e+01 3.926510357832282239e+01 5.906249076244080953e+01 5.713508898372972311e+01
8.845047570523793812e-02 2.008845047570488163e+01 2.561706781260791033e+01 2.850381916355030754e+01 1.793190957639942340e+01 2.687618148639842275e+01 4.310835110861459185e+01 4.769666598905676125e+01 3.924367137430436969e+01 5.924367137086141355e+01 7.459901172315073836e+01 8.341689636889790904e+01 7.509213203879562570e+01 7.121114995572882833e+01 5.475291640526443615e+01 6.286726700663518130e+01 4.901710752744894961e+01 4.325152182744893992e+01 5.689304406134527170e+01 7.645548554571857380e+01 7.736825268610637352e+01 5.899544554745516933e+01 3.880031757024078587e+01 5.306247432241372053e+01 7.331890514411939819e+01 6.793419549140021729e+01 4.790201756588624704e+01 5.005497822358854876e+01 6.840344080476938871e+01 7.411030741131996535e+01 5.894924333398609662e+01 3.876761798282466032e+01 4.885684968145631046e+01 3.049831316914735879e+01 3.171668659242578414e+01 4.066759398779424828e+01 6.082673908157776310e+01
8.023991185656004221e-02 6.404795232193291277e+00 2.640479465333669751e+01 4.468894349506295782e+01 3.793190990220048775e+01 3.793190902575518919e+01 4.101831710649427265e+01 6.101831226155501042e+01 5.079067675809018567e+01 6.752794358890552928e+01 8.412924389373252154e+01 7.803978417644346166e+01 8.412924389373252154e+01 8.256565151906048072e+01 7.429328353306731003e+01 7.671742648449482260e+01 6.262275051555196370e+01 5.689304406134527170e+01 5.689304406134527170e+01 7.645548554571455213e+01 7.855164007085053868e+01 5.828531401362953801e+01 4.398197922154504624e+01 5.527886009443967907e+01 7.553235439882467972e+01 7.397956845410598703e+01 5.392933461905204950e+01 7.009887950660295530e+01 7.009887950660295530e+01 7.326358655418549404e+01 5.302004877675026506e+01 5.302004797247619905e+01 5.896357959687063754e+01 5.059791276596175180e+01 5.183652099638766231e+01 3.349768814750904511e+01 5.363774040955784983e+01
4.598823041778624804e-02 2.004598823041743216e+01 1.640479523219161706e+01 3.054693084449750984e+01 5.054692858526587429e+01 5.793190062007273156e+01 6.101831226155503174e+01 6.930236105817516545e+01 7.079067674995981463e+01 7.907494963993006820e+01 6.312116823384911157e+01 5.694167517859106908e+01 6.312116823384911157e+01 7.415288958863473567e+01 7.415288958863473567e+01 8.233359474460040417e+01 8.230881042716063689e+01 7.645548554571524846e+01 7.645548554571473687e+01 8.476270445165032186e+01 7.855108871851484764e+01 5.828531032796686162e+01 5.111467069929388884e+01 7.138931690939114105e+01 8.389123313850680574e+01 8.068323626963768902e+01 6.057223282304236989e+01 8.068323626963768902e+01 9.023710607462041366e+01 8.162285867554123797e+01 7.326358655418549404e+01 7.326348644845130309e+01 6.952030437097270976e+01 5.728127876863798207e+01 3.727238094549156955e+01 3.493808901324439375e+01 5.509224104722230919e+01
7.340434288523949025e-02 2.007340434288488495e+01 3.640479255608670428e+01 3.273472656121820989e+01 5.273469037236271362e+01 5.605247627793211507e+01 4.778047889345496912e+01 5.605255302073712187e+01 6.759075141836594014e+01 7.670176751434065920e+01 5.573832539427368005e+01 4.223933528865584464e+01 6.312116823384911157e+01 5.468694677376964819e+01 5.468694677376964819e+01 7.415288958863473567e+01 8.724091958967416360e+01 7.895737172616372845e+01 8.724091958967416360e+01 9.895228994039263171e+01 8.690399821137516767e+01 7.855100337277639255e+01 6.545595516484652876e+01 6.545595516692281990e+01 8.571371929852394089e+01 8.903464663013194524e+01 7.058159193017340272e+01 8.903464663013194524e+01 9.898166111768561848e+01 8.888268442953608428e+01 8.054591165909451433e+01 7.340563927935244237e+01 6.116791280253961105e+01 4.115482932079015654e+01 5.728127875236710764e+01 5.509223876283490284e+01 3.699332037714916765e+01
3.515918393995972474e-02 1.417729480767103567e+01 3.417729480767174266e+01 5.273469656714601683e+01 4.605535646498823610e+01 3.777855940387205891e+01 2.777667145594498521e+01 3.932780794788268253e+01 5.932699467110133895e+01 6.957852095961311534e+01 5.573832539427367294e+01 3.527064297136864468e+01 5.122561971086982879e+01 4.095121963036680057e+01 5.468694677376964819e+01 7.415288958863473567e+01 7.724314920858191158e+01 5.896295465604185893e+01 7.724140587418058601e+01 7.895579663781323632e+01 8.799783015355455973e+01 7.970748219007305124e+01 8.571371886855071409e+01 8.571371929852394089e+01 9.405539695860865379e+01 9.912695736552433345e+01 9.078488060910179058e+01 9.912695736552433345e+01 9.067438179744492288e+01 7.041744152074420526e+01 6.035017158215580224e+01 5.331962949854101907e+01 4.703690500706850486e+01 4.499932908275430066e+01 6.503166306992822854e+01 6.554389353308295085e+01 5.716754092168227430e+01
4.608085242692564615e-02 1.421543036201615529e+01 3.454779769627820940e+01 3.798278260770320713e+01 3.777853013054520659e+01 1.777520360277391021e+01 3.777853007478211822e+01 5.604968764809549242e+01 5.946171769817776465e+01 4.952986149999350829e+01 4.988595220417593623e+01 2.970308591041015944e+01 3.183489965958668577e+01 4.552979534483441881e+01 6.497655614424760984e+01 6.908892240100780668e+01 6.080889345678924940e+01 4.899360459523366984e+01 5.896295451619987915e+01 7.895623115336692877e+01 7.644677339677846817e+01 5.970887341156653605e+01 7.644677339675477867e+01 7.286755588973925057e+01 7.919153431929895248e+01 8.626754437581853097e+01 9.454385403039974278e+01 1.060874974783908442e+02 9.898166111768561848e+01 8.888268442953608428e+01 7.555202804321518784e+01 5.551371558221208602e+01 6.705388527817407862e+01 4.898445445656350472e+01 6.905541276807947781e+01 7.374632732395478740e+01 5.346591167729140182e+01
1.610643649003322755e-02 1.984091532097226462e+01 2.286792929564126808e+01 1.795638159357122987e+01 2.492460790762507017e+01 1.222809998700505751e+01 3.221400187128583781e+01 4.033360539151527036e+01 4.020975305772842745e+01 3.553824394412206544e+01 3.918629420931068807e+01 2.452768986343293278e+01 4.417516843385339342e+01 5.931443388521565652e+01 6.203296944937970636e+01 5.375705095247801779e+01 4.086318523275768655e+01 6.080889345678924940e+01 7.724139312862219242e+01 7.418018786732528724e+01 6.589529325645216318e+01 4.819747623350928478e+01 6.471186136386467069e+01 5.289026580333700878e+01 5.919335860811477801e+01 6.625356559698185777e+01 7.781146125819033443e+01 9.781876873101133185e+01 1.052828239039160678e+02 8.593875526404190168e+01 7.184765853494810983e+01 6.366023054992863450e+01 7.326730722267753038e+01 5.311979071572590527e+01 7.326730722267753038e+01 8.210730548643681459e+01 7.374631962159890008e+01
2.022278438842990689e-02 2.002022276367812736e+01 2.709670658830248602e+00 3.813985919578716022e+00 4.925097030689831179e+00 2.492033301251193222e+01 2.688258344307072534e+01 2.038951525654833574e+01 3.991857278579793444e+01 3.467574676712514758e+01 1.953490422328025389e+01 3.918628602718264631e+01 5.247494333372426922e+01 5.572434416360950848e+01 4.745217241555512544e+01 3.381920604802763108e+01 5.375705095247801779e+01 5.971472107541865171e+01 6.155087734979748859e+01 6.264507321962443598e+01 4.593659084360818667e+01 4.007173704037133888e+01 4.476211365616953231e+01 5.885398833307750266e+01 7.877185248818726393e+01 8.626754437581847412e+01 9.454385403039974278e+01 9.348980538146001606e+01 1.023510945894310851e+02 9.764054225122100661e+01 7.785971821036386586e+01 8.317702588349987991e+01 6.925578373449459946e+01 5.791451810574939429e+01 7.817734749126226745e+01 9.601964398334621364e+01 7.580794657674108805e+01
6.642187732006160639e-02 1.152672770507199518e+00 2.080715247783663457e+01 2.377472237393060439e+01 2.492382950251001361e+01 6.544649691047657036e+00 7.697430526456122024e+00 2.688110359778463021e+01 3.047656850282757190e+01 1.497038620494239503e+01 3.467238750249258317e+01 4.721458361194264342e+01 5.055884701484407628e+01 4.745217303298030487e+01 2.750979497613160518e+01 4.745217248346846617e+01 5.388074900596548389e+01 3.976306627143063110e+01 4.159839370689344662e+01 4.930973372626247908e+01 3.443941908156050147e+01 5.437220724652932091e+01 6.471186136386468490e+01 7.299079866026490038e+01 7.945005439566335781e+01 7.107952767248852410e+01 7.868594193043939811e+01 7.275044162417763971e+01 9.335255193114826966e+01 1.057251510902989935e+02 9.764054225122100661e+01 8.865351256440726502e+01 8.343046706262589396e+01 6.304406702436185128e+01 8.344991431123760606e+01 9.011967484188052424e+01 6.987983462832200132e+01
1.591255364720534082e-02 2.001591255364684940e+01 1.183735373792576340e+01 3.123752958673664537e+01 3.474564722582761078e+01 2.093820974765287346e+01 2.691028420473437421e+01 9.352642303511965238e+00 1.055650083397294914e+01 1.186956516052919497e+01 3.180585002014167628e+01 3.503303994517179376e+01 3.054461012521490915e+01 3.793048180284615256e+01 2.351332694290019987e+01 4.132866727614727864e+01 4.305244495901784063e+01 2.566102028241301625e+01 2.750134573724803744e+01 2.937295764137750353e+01 4.931000211774581032e+01 5.248244257224342135e+01 7.246209841014649555e+01 7.423252321414796029e+01 6.592406815034935619e+01 5.101064527459256936e+01 5.854104131881081940e+01 7.831715394897223348e+01 8.744028211220312130e+01 9.373362760686532624e+01 1.018015295141047289e+02 1.078646292219883946e+02 8.937036925074734484e+01 6.886131173244135084e+01 8.937036925074734484e+01 8.593790262782528089e+01 6.567799052565683837e+01
6.189296070378335485e-02 1.995798775237285128e+01 3.168138039782625270e+01 2.589626324198512819e+01 4.543633683434747184e+01 4.168820216524312627e+01 3.469793225341494747e+01 1.451662170020852294e+01 3.054823431309279158e+01 3.184183245155469066e+01 1.373864233347189412e+01 1.506902236728319977e+01 1.642049658765511566e+01 1.796814082875335217e+01 1.966450941425845045e+01 2.137319469714679698e+01 2.310084625158422256e+01 4.305239304880551998e+01 4.744247276065980401e+01 4.931000211774581032e+01 3.254895245809402837e+01 5.248244257224341425e+01 5.854912873213739033e+01 6.140000581610058816e+01 4.595664178020950885e+01 6.576857558193776754e+01 5.715666361332975498e+01 6.173050798513448711e+01 6.749794942525282693e+01 7.383232174137397408e+01 8.797612880325064566e+01 1.076334593038985759e+02 9.621096772228872851e+01 7.568917230766473381e+01 9.621096772228872851e+01 9.427691151114774470e+01 7.476268905583626179e+01
2.247884206357958492e-02 2.002247884206322581e+01 3.830491606413136907e+01 4.551182585291287097e+01 5.360501786263247226e+01 5.213223016717321201e+01 3.107147548139652926e+01 3.472601985583595052e+01 2.395403440884330237e+01 4.202409848329423880e+01 3.372369975658236285e+01 2.400761167984456890e+01 3.638541243504234046e+01 2.050267007548354314e+01 3.962356999801679081e+01 4.132866727618439029e+01 3.720791869368429872e+01 3.376930169302293905e+01 5.371230433112377511e+01 6.076340749415602005e+01 5.248244257224341425e+01 3.584828314210439260e+01 3.860955621898395407e+01 4.145199875790173394e+01 6.140000581610058816e+01 6.005553474381891021e+01 7.710594055532703806e+01 7.587293832910141589e+01 7.587293832910141589e+01 9.373362760686532624e+01 8.797612880325064566e+01 1.076334593038985759e+02 1.045759380978419131e+02 8.601465924670743846e+01 1.045759380978419131e+02 1.033017573090697283e+02 8.645712943031462316e+01
