MOVIE_S10_data/elevation_000524.asc
nrows	100
cellsize	150.0
xllcorner	0
ncols	100
yllcorner	0
NODATA_value	-9999
[rows 17 to 33 of 100, columns 0 to 36 of 100]
5.222468517465790605e-02 1.993655713524299955e+01 2.143726375604599355e+01 2.175763078591695177e+01 9.613260338706615116e+00 2.259803799490616072e+01 2.177985251219266871e+01 6.039431153524787987e+00 1.951097155395359906e+01 3.456664569736982884e+01 3.373107941257114817e+01 1.792736351078739432e+01 6.936572565935374080e+00 2.698440747622002078e+01 1.384470436889965939e+01 3.358331616438042744e+01 4.309486918690884494e+01 2.326149438545856896e+01 4.218740832013065756e+01 3.700184422309503418e+01 1.828730448244758833e+01 3.700197881003256839e+01 4.757590895254208618e+01 6.303412924836904097e+01 6.798839964417861381e+01 4.549989443980994963e+01 3.016499773265671536e+01 4.205294902333848484e+01 5.091368872670301471e+01 6.274888314805657075e+01 4.897919914025037968e+01 2.883357452385339670e+01 2.238341583249348332e+01 4.254333193109716404e+01 5.121863110431640109e+01 6.102075565035686111e+01 7.053264386318872425e+01
7.333276091007127906e-02 2.007333276088828811e+01 3.367363152865370068e+01 3.812596899772626813e+01 2.380153593248479638e+01 2.597052507183524739e+01 3.559673851184038540e+01 2.787244971059668330e+01 1.191494997458815774e+01 3.276606704481366705e+01 4.121441858712464068e+01 2.917920922628271896e+01 1.691802905005585345e+01 7.720829777337601563e+00 8.275892121748819719e+00 2.832750917395346590e+01 2.909081063390770794e+01 1.652075876785865205e+01 2.909466056958743252e+01 3.361407744826725974e+01 1.619798474346442774e+01 3.436340010697897895e+01 5.006553299056121631e+01 5.562145614418515294e+01 5.200600041890699998e+01 4.496055516684437947e+01 3.687563040637548539e+01 2.230815722542193669e+01 4.214709257925185426e+01 4.854801281972537907e+01 3.431745322869766568e+01 2.121112465688491255e+01 4.125539338571866210e+01 3.028676231148712006e+01 5.045048661822232816e+01 6.776914808231288134e+01 7.675471058055700269e+01
6.343274376862209629e-02 5.408657454054027980e+00 1.954845747945813983e+01 3.950407910280624435e+01 4.434608692851217882e+01 4.620022885036066640e+01 5.481864075826415217e+01 4.078277180027706095e+01 1.993235270365432754e+01 2.055521891866281337e+01 4.100349700295268462e+01 3.440428119919548067e+01 3.456099222707423735e+01 2.777040129424491255e+01 2.425627318349071970e+01 9.063665329081802113e+00 9.626961630331534181e+00 1.019104469728409157e+01 1.076728540463352601e+01 1.943832983777890888e+01 3.216695771155325900e+01 1.306415199773238811e+01 3.780315158662933328e+01 4.046939121113722138e+01 4.288357967522912872e+01 2.480754487494249716e+01 1.666295986805885221e+01 1.730816539498049167e+01 3.751791883229259383e+01 3.906944502875769842e+01 2.004681755594804571e+01 4.022084745402703732e+01 4.964941266435185696e+01 5.045048661822232816e+01 3.931343690569185156e+01 4.833986702831309401e+01 6.257887514140347918e+01
3.497053469895897854e-02 2.003497053469860489e+01 1.435274004884409571e+01 2.589334816037351317e+01 3.997974478806863630e+01 5.969766807414049481e+01 5.595246987022327545e+01 3.457562603906666965e+01 4.079998619154019934e+01 2.706347434232228011e+01 4.772501600222798146e+01 5.314725543434025212e+01 4.285100908893423366e+01 2.279311627643092919e+01 1.461240555845425249e+01 2.911827320333465252e+01 2.968166217821975650e+01 1.331466713737180285e+01 3.091051480921528949e+01 1.158371744971051598e+01 1.216180260421252513e+01 1.277120858896689271e+01 2.394180366229107193e+01 3.436611870039421746e+01 3.504533401846676810e+01 1.575394793614632860e+01 3.398723697749560557e+01 3.693568982017857394e+01 1.823221518649679140e+01 1.888792429004065454e+01 3.906815449710446586e+01 4.855187541001839691e+01 6.318824278177991260e+01 6.776914808231288134e+01 5.946054910285812412e+01 6.776914808231288134e+01 7.675471058055700269e+01
9.635555453094322986e-02 2.009635555453058942e+01 3.432379821553298171e+01 2.699591138855289785e+01 4.110813993123510102e+01 6.099657274968772214e+01 6.514570705671171424e+01 5.595242875019300044e+01 5.504976469554532770e+01 3.433224680941737006e+01 5.504976469554532770e+01 5.703135078530934976e+01 3.697732297680884983e+01 3.930875534345052813e+01 1.920725089833296195e+01 3.782460649365175698e+01 1.784560466259851452e+01 3.330235802609261953e+01 4.026941204647612693e+01 3.283073818502395369e+01 2.411914578052756042e+01 2.061598936180723740e+01 1.362813920495502806e+01 1.423775705956624726e+01 1.485272981572381035e+01 3.468287680173901322e+01 4.253302839811944835e+01 4.466038126676038900e+01 3.293169103028328948e+01 3.785573523227306936e+01 2.044724276033841193e+01 3.471548342164043532e+01 5.047648203524794752e+01 6.450669963989184907e+01 6.969900701493017436e+01 6.969902503431400476e+01 7.800964303353049445e+01
8.845047570523793812e-02 2.008845047570488163e+01 3.991151170649120417e+01 4.693332703658678895e+01 5.516323507270281823e+01 5.379950184962414284e+01 6.208404044519001275e+01 6.879083765743817480e+01 6.361161004583188117e+01 4.628446788252983168e+01 6.361161004583188117e+01 6.533097683897517527e+01 5.703135078530935687e+01 4.418651204161692903e+01 2.407500736104424277e+01 4.110635236065000697e+01 2.113640630353298278e+01 4.110635240010586955e+01 5.426430945710444576e+01 5.210414631947368491e+01 4.389957709310213829e+01 2.710688626763493758e+01 2.885506547558830803e+01 3.443036910629473368e+01 1.759172059453665327e+01 2.482527814079391959e+01 3.351638408897205323e+01 5.241801039663759099e+01 5.435191048350216647e+01 4.856183098524947894e+01 4.061835806219296785e+01 2.201612905496588724e+01 3.627254382213723005e+01 5.204561425840883260e+01 4.956774830435055179e+01 4.956774836340495227e+01 6.969902503431400476e+01
8.023991185656004221e-02 1.162724529564897580e+01 3.162724522233736835e+01 4.575393643648109077e+01 3.746955075052861872e+01 3.379947788371135431e+01 4.879006560536778636e+01 4.879011299321679473e+01 6.463373703264612402e+01 6.702338281383524077e+01 7.556556987864317421e+01 6.624057019632716958e+01 4.619757986224141177e+01 3.197401159952879368e+01 3.830776375773397291e+01 4.930184436064706688e+01 4.110635240010586955e+01 2.615049320092040830e+01 4.608860409802424130e+01 6.126641336445076291e+01 5.515224981871204335e+01 4.118139687692565332e+01 5.133894774254384430e+01 4.042731938048233076e+01 2.047156840305623859e+01 4.010717226706546512e+01 5.179734434733375537e+01 4.938595811159215998e+01 6.868371181405582604e+01 5.168349074962920753e+01 3.152052028270124495e+01 4.217857496698783137e+01 2.361421916493691597e+01 4.377202767891353119e+01 3.529696903838473077e+01 5.545551339628660514e+01 6.345464758114224679e+01
4.598823041778624804e-02 2.004598823041743216e+01 2.720104539412031031e+01 3.098069098664300824e+01 1.746954586467641946e+01 2.301654782692880730e+01 2.879005051882516497e+01 3.634933997901188718e+01 4.789634537551065563e+01 6.789636244928971109e+01 7.694267313479403470e+01 5.692088147865632664e+01 4.273528682880256468e+01 4.359482553901548840e+01 5.837906587834472560e+01 5.416876329163923742e+01 3.435356922986425587e+01 4.608860409802424130e+01 3.325799773506530244e+01 4.733981849764047922e+01 6.702643758754689429e+01 6.091676116208707015e+01 5.094126369571961988e+01 2.973819785825259743e+01 2.347897664869600476e+01 4.362686953992400163e+01 5.807676099184857321e+01 6.873616430670766420e+01 6.441872125510232650e+01 4.428255522616417750e+01 4.578700749789728519e+01 5.210359166598896508e+01 4.377219348857995129e+01 2.521912270406961909e+01 4.537853388400225185e+01 4.829805868531985880e+01 4.957158886007386656e+01
7.340434288523949025e-02 3.608938248817984196e+00 7.201044289353498051e+00 1.098068901944580311e+01 2.252769440371925569e+01 4.252769791031560231e+01 4.879006557395656074e+01 5.634934720793968665e+01 6.463373703264612402e+01 7.618082921620101899e+01 7.375727463921113269e+01 7.107820638948768988e+01 5.432250530143588207e+01 6.364266005502805257e+01 7.193571670901512505e+01 6.038853208804050610e+01 4.069298581908840617e+01 6.038853208804050610e+01 5.310589573043755252e+01 4.179589269362485737e+01 5.576123945921776226e+01 7.540075526480327994e+01 6.051095691981280567e+01 4.811446667515756559e+01 2.919630644788644247e+01 2.889189802994412304e+01 4.943825761691308429e+01 6.450338920726323977e+01 7.272723987602152818e+01 5.853293171310883025e+01 6.591886058603348886e+01 7.061899987183920757e+01 5.169403978206700856e+01 3.183097932332600521e+01 2.686953167242733898e+01 2.821490345128151134e+01 2.956901203645558240e+01
3.515918393995972474e-02 2.003515918393960504e+01 2.720104539412031031e+01 2.252769440372060927e+01 3.926500557912456202e+01 5.081200497699542495e+01 6.052351378262525827e+01 5.237587169407566989e+01 6.052356140479193414e+01 6.791330270882144760e+01 5.378156373181525396e+01 6.791330270882144760e+01 7.434528692921554693e+01 8.263793019676285212e+01 7.993899254335845228e+01 6.038853208804050610e+01 5.060347229955660708e+01 6.846007527430931816e+01 6.967110658533226797e+01 5.321567206125962457e+01 5.576123945921776226e+01 7.540075526480327994e+01 6.668805329708540341e+01 4.582255171823589279e+01 3.675560969798497979e+01 4.943825761691308429e+01 3.505287874653097902e+01 4.969543122061772067e+01 7.073999124285091966e+01 7.862828531149428102e+01 7.668556078388240849e+01 5.608952192359316768e+01 4.211050816639838956e+01 4.922054977427353606e+01 2.921670428522004315e+01 4.838525665175363599e+01 4.974921943519998280e+01
4.608085242692564615e-02 1.418821647615800075e+01 3.418821647615870774e+01 4.252769905701803310e+01 5.081205707001978311e+01 5.904125138600809208e+01 5.073454579227385608e+01 3.283609827453724250e+01 5.073454579236047834e+01 5.963231399757381723e+01 3.970845000639430822e+01 5.963231399757381723e+01 7.002288342495104700e+01 8.285686472581203077e+01 7.458999347498895816e+01 7.804491991404947271e+01 6.993022485528440768e+01 7.804491991404947271e+01 8.102367710609796347e+01 7.284859216813804039e+01 7.540075526480327994e+01 8.358097371144671683e+01 7.526966287760907903e+01 6.611498967817156824e+01 4.588053463984395819e+01 6.146446651650947501e+01 4.049162986137572773e+01 5.200112068499394269e+01 7.302590311217306862e+01 9.350451513462896003e+01 7.290549311094756035e+01 5.834243479470957539e+01 5.276902692987636811e+01 3.267102596862744690e+01 4.936269340267878647e+01 4.936258730956318885e+01 5.530377124338419748e+01
1.610643649003322755e-02 1.415824206022085896e+01 3.415824206019352260e+01 4.683237051565428999e+01 3.845352794208506708e+01 3.845352791763645683e+01 4.260538425523968442e+01 2.298088987617124701e+01 4.260538425523977679e+01 5.210180124384103806e+01 3.220347750147686128e+01 4.181159930830191485e+01 6.174271216299550247e+01 6.768398527162267442e+01 5.458154591113846266e+01 7.131351415740083155e+01 7.590497482461569234e+01 6.753228330513556443e+01 7.585011268693968134e+01 8.127118456264042834e+01 8.148108238701243522e+01 8.148108238701243522e+01 8.967789736941284673e+01 7.547292525280627729e+01 5.797759372487457341e+01 6.814750756613652527e+01 4.701387615291250910e+01 6.146446651650948212e+01 8.158180561361739080e+01 8.868189707217180739e+01 7.713352700457896560e+01 6.885045342070927177e+01 5.524057198496507226e+01 3.516164573022482642e+01 5.524057198496507226e+01 6.944038341072923970e+01 5.891803396360184308e+01
2.022278438842990689e-02 1.416349114406130738e+01 3.420518830298740909e+01 3.786739470486595849e+01 1.814295482572470064e+01 2.659111897397167823e+01 2.783317794054019600e+01 1.634191492960009029e+01 3.606381939166041661e+01 3.794872338143829182e+01 2.557221846874463367e+01 4.546900970983158174e+01 4.776577579080006331e+01 4.776577557150675801e+01 4.304280085933530842e+01 6.223839395232129590e+01 6.459593840931630382e+01 4.674550199792008698e+01 5.936950323036204225e+01 6.179036418646406048e+01 6.200166907931497207e+01 6.200166907931497207e+01 8.148108238701243522e+01 8.754291858324459952e+01 7.903458826171657847e+01 7.564398075093826890e+01 5.444075265511274608e+01 7.564398075093826890e+01 9.094316065445163133e+01 8.040135832643072433e+01 6.039461949456158862e+01 4.887633969497937159e+01 4.308645156854944958e+01 3.803422737793221131e+01 4.962977840415641140e+01 6.961073964205718312e+01 6.264698877575612812e+01
6.642187732006160639e-02 2.006642187731970495e+01 2.240618236579271993e+01 2.283210787882800830e+01 2.207018933551741924e+01 6.564925521270519759e+00 7.822323207115825738e+00 2.519799880174947049e+01 3.069207434388372846e+01 1.803101845508933465e+01 3.566708287996394233e+01 3.635272590189064346e+01 2.782538753649733465e+01 4.411003568067231839e+01 3.412787247901858478e+01 5.409593639690872635e+01 5.618294604025614092e+01 3.650024094471844904e+01 5.156454545911064002e+01 4.796689174746733642e+01 4.816178627230104325e+01 6.748400053125635623e+01 7.790963137290357565e+01 7.927655096441343119e+01 8.739785860825388397e+01 8.418259565533078614e+01 6.677772306996648410e+01 8.418259565533078614e+01 9.305955281195872431e+01 7.304516360483047777e+01 6.149684964780624341e+01 6.885045522240703519e+01 6.102261953096881797e+01 4.102903667397694676e+01 6.102261902852696096e+01 7.789241548129625414e+01 6.657575895678138522e+01
1.591255364720534082e-02 1.209012526307637003e+00 2.404241137833035058e+00 3.605924695052728168e+00 4.814169016238932564e+00 2.478797351842753471e+01 2.782993662371226407e+01 9.655785221550257091e+00 1.096054174028931172e+01 3.096128427063190713e+01 1.493987783039719019e+01 1.638434762447495530e+01 1.784063836098430400e+01 2.416280961838163321e+01 4.155903644689703924e+01 4.834126637187034703e+01 4.603075681840910960e+01 2.948757653760129926e+01 3.187950289593075937e+01 3.817300288824221610e+01 5.783415744343411546e+01 5.287193100496189402e+01 6.408544319150763613e+01 6.082834399733401654e+01 7.310802739930451821e+01 8.114049729600347405e+01 8.775551397964480316e+01 9.619018154686312982e+01 1.013322675024891453e+02 8.978410569409631137e+01 7.856900551230013718e+01 5.856524565737856136e+01 5.103694426629150627e+01 4.444288884592162248e+01 5.594779138079125147e+01 7.593450547601895551e+01 7.075018024554552198e+01
6.189296070378335485e-02 2.006170505856058739e+01 2.240617068050524807e+01 2.360894733758530251e+01 1.099524462764129495e+01 2.928687455803462214e+01 3.942283757456014115e+01 3.076698893731636986e+01 1.989409973643262219e+01 1.290815622423700759e+01 2.802647155691219183e+01 3.578924544947206954e+01 3.780081741301992793e+01 1.999384148913500070e+01 2.160760411031552408e+01 3.957821495886884122e+01 2.629791122894377864e+01 4.601428587242782697e+01 5.155959834466560210e+01 3.573026954653445841e+01 3.850465332626849602e+01 4.156294464832040347e+01 5.508405554246541413e+01 5.082195737512522271e+01 5.517781262570630929e+01 7.310802739930562666e+01 8.749470908977347960e+01 9.572832379425071281e+01 1.056134332082226024e+02 9.272396786235866273e+01 7.270582813202544514e+01 7.856900544149959842e+01 6.797638324326999282e+01 4.803703534235138761e+01 6.797638333231245156e+01 8.421763546541302503e+01 7.522653843448473765e+01
2.247884206357958492e-02 1.127571936762464588e+01 2.831558137768809047e+01 3.882749774606325843e+01 2.244602962241039279e+01 2.444357104503571421e+01 4.458992067209420895e+01 3.593066415766131882e+01 3.949849006093754866e+01 3.290928209068715660e+01 2.044802924999897797e+01 4.011030165450370077e+01 2.684362579597939202e+01 3.995112971493023934e+01 4.041505268976371212e+01 2.392632492718370329e+01 4.394209913544716528e+01 2.990340011139133480e+01 4.959987020109311828e+01 5.537489383287645950e+01 4.554447224888701840e+01 5.903477932942007556e+01 4.616963388944697755e+01 6.596340740682761350e+01 5.783178455978323740e+01 6.209279889599628177e+01 6.829733091793568178e+01 7.765412161066028318e+01 9.733529656888674708e+01 1.009965053679833886e+02 9.272396786235866273e+01 7.650391722410823547e+01 5.650507754071497857e+01 5.333878818505001362e+01 6.430444508659533653e+01 8.431463489276343637e+01 8.007968807832750713e+01
