MOVIE_S10_data/elevation_000247.asc
nrows	100
cellsize	150.0
xllcorner	0
ncols	100
yllcorner	0
NODATA_value	-9999
[rows 17 to 33 of 100, columns 37 to 73 of 100]
7.200647718961012345e+01 7.774591389750720793e+01 6.201215937930225408e+01 8.164235017239788306e+01 7.877017631750857163e+01 5.913519375351329188e+01 5.578268995125732488e+01 7.539320192968615686e+01 8.549242013881459457e+01 7.562994973908431007e+01 8.548305187448711706e+01 1.052267292039855135e+02 1.122331678088190756e+02 1.010109036892984165e+02 9.246121937696833015e+01 8.555148041402054560e+01 7.585655333843583037e+01 5.608091170300820494e+01 7.170576940044828973e+01 6.665735810739830924e+01 7.271248959730318973e+01 6.581553976415396789e+01 4.167370127433100890e+01 6.077812781780105666e+01 6.462420043606908848e+01 5.379559976488782524e+01 7.338472213713738768e+01 7.174990166557618920e+01 5.204030543746628723e+01 5.204030543757247074e+01 6.588915313591789413e+01 4.756931998789193727e+01 4.757388860023633015e+01 2.908835078787569017e+01 4.895626045341414567e+01 6.193247636684041169e+01 5.376241138773493589e+01
9.160213983809435945e+01 8.980858647454535060e+01 7.587600388521040884e+01 8.164287168265092021e+01 8.695802464574975943e+01 6.891535024011044186e+01 7.539320193185567121e+01 5.994477918383938686e+01 6.583230563986032280e+01 8.549242013916030203e+01 1.035310767910198990e+02 1.134018693822414861e+02 1.041146896161825879e+02 8.474434695724981736e+01 7.360784126970681029e+01 6.767724387187053026e+01 6.195083732149463884e+01 5.706383704004713309e+01 5.264507732762509562e+01 7.062468220623938464e+01 5.930233497163444412e+01 6.156671803843423163e+01 4.204651908853559661e+01 4.076532765677147552e+01 4.478986343573861006e+01 6.370176604264247544e+01 5.595583708994993088e+01 6.011155234801093883e+01 5.781311256792933051e+01 3.788981176329171063e+01 5.015468920995252233e+01 4.755594882460492556e+01 2.742207600147978752e+01 4.137583867953652117e+01 5.153891928309302983e+01 4.946638397486305649e+01 3.384363831619139518e+01
9.720189042281110403e+01 1.030425680378313444e+02 9.556532213164433642e+01 1.013394838602630017e+02 8.862446273208249181e+01 8.862480488118720245e+01 8.669384494199778146e+01 6.732677508335814309e+01 6.546731616819192823e+01 8.154968866120356097e+01 1.040386743322360559e+02 1.169980079337808263e+02 1.066370273137972049e+02 8.725408458052862670e+01 9.293061280393014556e+01 7.788355296570684061e+01 8.146045804956206382e+01 7.172718609222626185e+01 5.027468673759921103e+01 6.756590265409579388e+01 6.392555489337459562e+01 4.389677103595906971e+01 6.203669241314135974e+01 5.901006337798325774e+01 3.901509635168093837e+01 5.562736015227896047e+01 3.561854391866892655e+01 3.442810726585907588e+01 5.123063270563525151e+01 3.118333626763540067e+01 3.008660121810243027e+01 2.898500508906850825e+01 4.639284986519015774e+01 2.627818308354579813e+01 4.471311763816301976e+01 2.945396828676071976e+01 4.946638397486305649e+01
7.703824278288472271e+01 8.294356582825938062e+01 8.888565868148536708e+01 9.719028926161654169e+01 1.084086110591286314e+02 1.001906663932515897e+02 8.110327844796043451e+01 8.669384494199778146e+01 7.007014998537044903e+01 7.880609136544875071e+01 8.962393687768556561e+01 1.088347415320411500e+02 1.147677227980666004e+02 1.066370273137972049e+02 1.055181921905471825e+02 9.740786562784471414e+01 8.069852842144955218e+01 6.954767864859471160e+01 4.929318781546277961e+01 4.730074113050392270e+01 4.587348423084139171e+01 4.876544969241414407e+01 6.831738420181788740e+01 6.719633622938660267e+01 5.729255258746204760e+01 3.730998998171740055e+01 5.420007555371450536e+01 4.128335623817189770e+01 3.274491528669216223e+01 5.076802483953827760e+01 5.015585865483654970e+01 4.323681847114842469e+01 5.453175093191526202e+01 4.529617794373780271e+01 2.513856159219343667e+01 4.423830574799776372e+01 4.349337740513637129e+01
6.279589252555313550e+01 8.224824266390946548e+01 6.866505172579036298e+01 8.553393359081570679e+01 9.718559867937307217e+01 1.079993128123745407e+02 1.001906663932515897e+02 8.957854228586299428e+01 8.957854228586298007e+01 7.746927576567786389e+01 9.125962021123655177e+01 1.106073796077999418e+02 1.137363728682461073e+02 1.019584954313463356e+02 9.242339545666699507e+01 8.379762568943816348e+01 7.239717494101296325e+01 5.216221846571496457e+01 6.954990220957714087e+01 6.756590265409373330e+01 5.599050254431334395e+01 6.831738420181788740e+01 5.615842012906697533e+01 7.570547740308214202e+01 6.548105626882622232e+01 4.887802341424028185e+01 6.254942113982191643e+01 5.471337089594069170e+01 3.600656961621649543e+01 4.130976739107932616e+01 6.128496553020822546e+01 6.325092164193129207e+01 5.960767202085285277e+01 3.978852288025191797e+01 3.788275605144413305e+01 2.404550345865331451e+01 2.328035621778559161e+01
5.405668372570686842e+01 7.053583423113882134e+01 5.718461577868588108e+01 6.866506129412157122e+01 8.888707669808781020e+01 1.016250762547280999e+02 1.115944563264975784e+02 1.090053905165483172e+02 1.042305374487037142e+02 8.487444700965437505e+01 9.125962021123655177e+01 1.106073796077999560e+02 1.054656072000922649e+02 8.488658289480262908e+01 7.180586179394586566e+01 6.118333965812576025e+01 5.530944501145755510e+01 5.711296839827629412e+01 6.942110910064037910e+01 8.422697847496192480e+01 7.020365920146291216e+01 8.139443228023613131e+01 6.168731450126472282e+01 8.139443228023613131e+01 7.692989816465131980e+01 6.878556118023726640e+01 7.269262143301727974e+01 5.939859430390009010e+01 3.936053051741890130e+01 5.939859430390009010e+01 5.077537790386054439e+01 7.065755238764324986e+01 6.774894488048710173e+01 5.922840254652087566e+01 5.080486897922084921e+01 4.192461535511775850e+01 4.198062742730198238e+01
4.681742390434742163e+01 5.080063596409029714e+01 7.053329615565954214e+01 6.602718176027353536e+01 7.317455974243330274e+01 8.336191989935244351e+01 9.763283098532600945e+01 1.174832420997622080e+02 1.122418029496127332e+02 9.460072687016784698e+01 1.106073796077999560e+02 1.186866433925403044e+02 1.080715837392289131e+02 8.761745628699473798e+01 7.475429989880210258e+01 7.820932498613731809e+01 5.782592962969746253e+01 6.127614106077417944e+01 7.905070596395584914e+01 9.667555720378241801e+01 9.023203453669616181e+01 8.803892580739216100e+01 6.810544521724740719e+01 8.803892581288380370e+01 9.026688161154169165e+01 7.883328561856667704e+01 6.447788008374693902e+01 4.448075110811281263e+01 5.939859430390009010e+01 6.762809995604544611e+01 5.834298545171763095e+01 7.814019381295037192e+01 7.109436485664964778e+01 5.053966442081456734e+01 3.911802241646824285e+01 3.069199971895432100e+01 3.121864477714756347e+01
6.144180798909333419e+01 7.053583423113882134e+01 7.884265540670963901e+01 8.625444452712632426e+01 9.340640010700688833e+01 1.016250762547280999e+02 1.058275747377403917e+02 1.140412452267920003e+02 1.217931787985574061e+02 1.136684529476984977e+02 1.217956828604506683e+02 1.277317731530093852e+02 1.163386440317957806e+02 1.046132682348891052e+02 9.626238774864260961e+01 8.096866279136253297e+01 6.066849948087556754e+01 6.368486027220637169e+01 8.312257787540511345e+01 9.776930080003897672e+01 1.092463705304725892e+02 9.629794766416250695e+01 7.802963063976601177e+01 9.629794766416250695e+01 8.204957004011035337e+01 6.226040550362260007e+01 5.070764428094398824e+01 5.210140156105691034e+01 7.199814055049023409e+01 8.634580639660981660e+01 6.979774684854164946e+01 8.634580639660981660e+01 7.953559381019221064e+01 6.769805520649562425e+01 5.876825176773080273e+01 4.135304317083925696e+01 2.041468109343603743e+01
5.509937746515226564e+01 7.500620263316800163e+01 9.098030872948136505e+01 8.868684417671155984e+01 9.077383219333350439e+01 9.895917496951264525e+01 8.591843961866817381e+01 1.025241326273928735e+02 1.115226658761595786e+02 1.232866967929905826e+02 1.277317731530093852e+02 1.079128472022203056e+02 1.115496878765303279e+02 1.049410585978220354e+02 9.802085978567080815e+01 7.789209065786079123e+01 6.343566747536305428e+01 8.310423706610620798e+01 6.976243339226871853e+01 8.113340499171418685e+01 1.010202016849371063e+02 1.062892220098285918e+02 9.221588627115187364e+01 8.926221687500836310e+01 6.950957002104905769e+01 5.804763451687753673e+01 7.062429056793135373e+01 6.210548131528020832e+01 8.020741576594235767e+01 9.776227873141510827e+01 8.953618829605723306e+01 7.873326657931561101e+01 6.911255486823525018e+01 6.016573479337760233e+01 5.349829026268315602e+01 4.069237503698661840e+01 1.968411325059244632e+01
6.284165961903194386e+01 6.269682301781251255e+01 7.149290191666898409e+01 6.862964300230976278e+01 7.081229127460359507e+01 8.536661933264139179e+01 7.431818271116691221e+01 8.330993729262581837e+01 9.489374574572019583e+01 1.149078501487053785e+02 1.255571122528219945e+02 1.057476227259548978e+02 9.172380003850707908e+01 8.503084829087767105e+01 9.645131639803662438e+01 8.669954815936941372e+01 6.631640548327557383e+01 8.669954815936941372e+01 8.953855426156025032e+01 7.744270205253221206e+01 9.153138683206742598e+01 1.113772846333681628e+02 1.121287225548912403e+02 9.749188401814930671e+01 8.381196888607057360e+01 6.406495738392904116e+01 8.381196888607057360e+01 7.609857865813035005e+01 9.010769246041266456e+01 9.832309175162019699e+01 8.518107770459067751e+01 6.336856590150535595e+01 4.830990485750487551e+01 3.908142390355062901e+01 3.266746090665619562e+01 2.707485922745787121e+01 2.916426047346605088e+01
4.620812461159319895e+01 4.870290007414564570e+01 5.158230082259342453e+01 5.453914812692288905e+01 5.982597696016241429e+01 6.535125078780038166e+01 8.536661933264169022e+01 9.454036428967886252e+01 1.021008170834673905e+02 1.103134679977173107e+02 1.202452676174564772e+02 1.197823297616802307e+02 1.115496878765303279e+02 9.645131639803662438e+01 7.634108334084238834e+01 7.078093445803973793e+01 8.082283123493414223e+01 9.497500040643414820e+01 1.043705268735023992e+02 8.449519329010921354e+01 9.734411571915673278e+01 1.171864394939942713e+02 1.066656688677173008e+02 8.684070604840420060e+01 7.546091455747772159e+01 8.381196888607057360e+01 9.203040580142636884e+01 9.587445858814348298e+01 9.254720390239414485e+01 7.853547500137618442e+01 8.580830407216616607e+01 7.873326657931561101e+01 6.911255486823525018e+01 6.016573479337762365e+01 5.349829026268315602e+01 4.715061426574683168e+01 3.147295658216901515e+01
5.109210742081414480e+01 6.855584227711094059e+01 5.709639009866992865e+01 7.450426121466857410e+01 6.037643307618368027e+01 6.472105515143928756e+01 6.930899166859563820e+01 7.449041266075613521e+01 8.209773921375786188e+01 9.215390645430515804e+01 1.120477277561258376e+02 1.207873804040881254e+02 1.009719555903965329e+02 8.688819131148149211e+01 7.921642128402528726e+01 7.598629078541760862e+01 9.610674378685635588e+01 1.091271707371503652e+02 1.043705268719453869e+02 9.856750336578363658e+01 1.043652815027800784e+02 1.241492967090678263e+02 1.149284284884094518e+02 1.034616638192537721e+02 9.521972124731253473e+01 9.896832658619678114e+01 9.073257615685218980e+01 8.856975351865825985e+01 8.433113376400207528e+01 6.458628378038584117e+01 6.605893908086511601e+01 7.519640501371020491e+01 6.699026403332071311e+01 6.482725132298782000e+01 6.558535393928006840e+01 4.691753827592633996e+01 4.786380996720985337e+01
5.634953604464070764e+01 7.632137439995271677e+01 7.120136876271128301e+01 6.705023254901459495e+01 8.048677271978441183e+01 8.475184766721146445e+01 8.090998119749545481e+01 9.454036428967886252e+01 8.720815701285778232e+01 1.013517568495667689e+02 1.202452643888177874e+02 1.207873746614774149e+02 1.009719555881528663e+02 9.561605915270243372e+01 9.925896448934157945e+01 8.770050049382602708e+01 8.468335680417975198e+01 1.045986579587453491e+02 1.241889204467562848e+02 1.183802649297214771e+02 1.121247682712429281e+02 1.140259459444819896e+02 1.129419908856620651e+02 1.014704435301570982e+02 9.322024468255716556e+01 8.624213939560860354e+01 7.098259069571189173e+01 6.882536407449612170e+01 8.281443022031906764e+01 7.184322092516579517e+01 5.207906590227820232e+01 6.252641473559258856e+01 4.713677280701907080e+01 4.496164074733566451e+01 5.888260401455296744e+01 6.554663773165071916e+01 6.023465960227932925e+01
6.233010009578944732e+01 8.237264457397097317e+01 9.121831816203840049e+01 7.861915161687862508e+01 8.121725972556734519e+01 1.011632782053167432e+02 1.008968886885052001e+02 1.090997677864857280e+02 1.071573281537584847e+02 1.153643468469649491e+02 1.293770928788735262e+02 1.290379302747016084e+02 1.207873754950203562e+02 1.096573304351589258e+02 1.158208753717542692e+02 1.075898830059860387e+02 9.137993058791272460e+01 1.112080175513080320e+02 1.161915832148028898e+02 1.062536745872265698e+02 9.213576732605956465e+01 9.409850522383398186e+01 1.046643839734938553e+02 8.484255327267329960e+01 7.348318240961320669e+01 6.653073084508443458e+01 6.058172957176672924e+01 5.486714655100897886e+01 6.820264161613728504e+01 6.459286758845667009e+01 6.124641560743882707e+01 4.268247984855884880e+01 3.657828136023157128e+01 3.066768227269244207e+01 4.700406099140196403e+01 5.542076428519195019e+01 5.913055997939001429e+01
7.388960172502233092e+01 7.649652592756449110e+01 9.655884990423926695e+01 9.277751510581916250e+01 1.011632782053167432e+02 1.093469975362400390e+02 1.108559020295333113e+02 1.082097833481787177e+02 1.082097833481787177e+02 1.165776070597409273e+02 1.244621719833801166e+02 1.161135849163910336e+02 1.244621719833801166e+02 1.294963147765554936e+02 1.252150268672682074e+02 1.054061243252939448e+02 1.054061243252942148e+02 1.194401168457540905e+02 1.062299861692148966e+02 8.792906396771685706e+01 7.788061001032372133e+01 7.986299309341605124e+01 9.661828543629715682e+01 1.014704435301570982e+02 9.322024468255716556e+01 8.624213939560860354e+01 7.625941406304517045e+01 5.652411346692562688e+01 4.843110507602449388e+01 4.479614060165193479e+01 4.140514398720160472e+01 3.815645317244178614e+01 3.499529599622093912e+01 4.722416382984382466e+01 2.707957990200342024e+01 4.379509105665088953e+01 5.204166981969879657e+01
9.396054627479357180e+01 9.655884990423926695e+01 1.048277231937691312e+02 1.126184436293484765e+02 1.075128990402071167e+02 9.913255454769293351e+01 9.055046855560205188e+01 8.791248270220042116e+01 8.791248270220042116e+01 1.082097833481787177e+02 1.142998534062535327e+02 9.571879446952338810e+01 1.142998534062535327e+02 1.254869550921215762e+02 1.334741074631829179e+02 1.252150268673271540e+02 1.252150268758783085e+02 1.120833369274712084e+02 9.213470108025367722e+01 7.788060679763005112e+01 6.771429184530758505e+01 6.813771334715376327e+01 8.757088184547052379e+01 9.034436831266360457e+01 9.868508257477319034e+01 9.022180343510964917e+01 7.047600302200217470e+01 6.820257816770362069e+01 6.820264161613728504e+01 5.624700925985160183e+01 5.545908334223191360e+01 5.227649261378503098e+01 4.919526016659539636e+01 5.545631733568507116e+01 4.379509105665088953e+01 2.368657240660503405e+01 4.055479738544259760e+01
9.733729543888513547e+01 9.999205690384765433e+01 1.084358614549707625e+02 1.145652036762501780e+02 9.913255454768933816e+01 7.895542954246151623e+01 7.634950399067267313e+01 7.375013814820889024e+01 8.791248270220042116e+01 1.082097833481787177e+02 1.059161896929572180e+02 8.558647179932387417e+01 9.676662027917662101e+01 1.099433650217072795e+02 1.183178299492980301e+02 1.284780567658018242e+02 1.176654351654962909e+02 1.077029606263378554e+02 9.946399561534440181e+01 9.277313558766734047e+01 7.930883970384759607e+01 5.903715763243356207e+01 7.427947507539086303e+01 7.013792016765017934e+01 8.699137357451786556e+01 9.845906824504614008e+01 9.022180343510964917e+01 8.796348069267405378e+01 8.420706290005581707e+01 7.599352208171724499e+01 7.521893031582257549e+01 7.205479758236897680e+01 6.900517253283533137e+01 5.792310673938175825e+01 3.794307535144402976e+01 4.055479738544259760e+01 2.049944626100081280e+01
