MOVIE_S10_data/elevation_000466.asc
nrows	100
cellsize	150.0
xllcorner	0
ncols	100
yllcorner	0
NODATA_value	-9999
[rows 68 to 84 of 100, columns 0 to 36 of 100]
5.009162696260269221e-02 8.994363536961682115e+00 2.054136892075399246e+01 4.054136889420574619e+01 4.476322852419546905e+01 3.058660374459331166e+01 2.187896157673998587e+01 4.191822650872105527e+01 3.720487245719861846e+01 4.432456102409512511e+01 5.336878000002089095e+01 6.765906375475377388e+01 8.781878419851183537e+01 8.190835695649111869e+01 7.368997483283499150e+01 8.190835695649111869e+01 8.056844276724795861e+01 8.056844276724795861e+01 7.704942563501867880e+01 8.537621391672757909e+01 9.069998783225538830e+01 7.389172921722739318e+01 8.925801618997016362e+01 6.916111887670220426e+01 5.495779179722153174e+01 4.600446974197880223e+01 3.900994968860079837e+01 3.637608638196116573e+01 5.628019755314333139e+01 6.489087572416813998e+01 5.901174924969579649e+01 7.908434259374647013e+01 6.251004695470393813e+01 6.084031261987961869e+01 5.278698936994396718e+01 3.506039432240427089e+01 5.504568859645277712e+01
4.695337527364121244e-02 2.004695335248801058e+01 2.560103134402291047e+01 2.846103083841182979e+01 3.144715291459845119e+01 1.643544061143540347e+01 3.645773548599541414e+01 5.023499168782619506e+01 5.738776098666514258e+01 6.453226228276322729e+01 7.287565974984904926e+01 8.189710972788250842e+01 8.315211462566740863e+01 7.489936859837055749e+01 7.812018156306397998e+01 6.987170733325704930e+01 6.068540493866303365e+01 6.068540493866303365e+01 7.474571095993742631e+01 9.462576086651850460e+01 1.022959709695727213e+02 9.397366734877502381e+01 9.285074699457148029e+01 8.337257401454967010e+01 6.655342062677880222e+01 4.649291092707898088e+01 5.897126064983529403e+01 3.944999506903399578e+01 5.944106291589535829e+01 7.249480577681073612e+01 7.908434259374647013e+01 8.740906946488220797e+01 8.202299992822773334e+01 7.241450108520304241e+01 5.756959008641999276e+01 3.667282762323559098e+01 4.243034459331134656e+01
7.614146464036156137e-02 2.823352743646843521e+00 5.596853725569340021e+00 8.453996593945479532e+00 1.143542067888794200e+01 1.850667180308444415e+01 2.745327411170719500e+01 3.901334724030328260e+01 5.907795657895003671e+01 7.342851399893649500e+01 6.514380637740792679e+01 7.342851399893649500e+01 7.165874889478318721e+01 5.499923315781071409e+01 6.662197785981980758e+01 4.995544953153565615e+01 4.658005799425051663e+01 5.656439999607137281e+01 7.063439096167446962e+01 9.050249457282157550e+01 9.766333529145497039e+01 9.873768707238438935e+01 7.863764016684818614e+01 6.442944940134567844e+01 5.544800548143488328e+01 6.066845488058768154e+01 6.776320926301841041e+01 5.944106291588636992e+01 4.410522670800933298e+01 5.567792536580365237e+01 7.577155499230556757e+01 9.328509876985602034e+01 8.133084159699723159e+01 6.391701614786554586e+01 4.354024331435322637e+01 3.837639073799316236e+01 5.828855792013430914e+01
2.352828262072655108e-02 2.002352828262037221e+01 2.560103134969466865e+01 2.260528121303213211e+01 2.298329074986206422e+01 3.851456496939768215e+01 4.684144981933356888e+01 5.580800211036387992e+01 6.739460005193538450e+01 6.342878907658875676e+01 4.514502078856766332e+01 6.342878907658875676e+01 6.341002004485332577e+01 4.347274036502234651e+01 5.189922625479405127e+01 3.841938402219843596e+01 5.837305053018318546e+01 7.475553848185148809e+01 8.470460248313361262e+01 9.180654523220752594e+01 7.766379006057455570e+01 9.180654523220752594e+01 9.285074699457148029e+01 8.386314354936594384e+01 6.704416216520083083e+01 8.076098474533478111e+01 8.202969315661015060e+01 6.777938802297572352e+01 4.768590010936504342e+01 6.777938709779094495e+01 8.409672136697614064e+01 8.478850665999155467e+01 6.400326844234588464e+01 5.214308514268697081e+01 6.391701614783512042e+01 5.862645551440269287e+01 4.097478388800422522e+01
6.786455232800275850e-02 6.366047729331381966e+00 3.040440422501322004e+01 4.271916354794156234e+01 4.291629861497731468e+01 5.106310698338303666e+01 5.847720525922162693e+01 5.019857668476537071e+01 5.847720505457667883e+01 5.514441358298783769e+01 3.514844402759687370e+01 5.514441358298783769e+01 5.491212358304441210e+01 4.665629643177943819e+01 3.193465260841983522e+01 5.189922625479097462e+01 6.662197785981980758e+01 8.371869647339291021e+01 7.543391506691071413e+01 7.283122216192707299e+01 6.352180298554890214e+01 7.766379006057455570e+01 9.766333529145497039e+01 9.546652430311364412e+01 8.714053848955026638e+01 8.791385977843248156e+01 6.781929241516870377e+01 5.361061974144438125e+01 6.777938802297580878e+01 6.189386629584788579e+01 8.198828761836028889e+01 8.747279614168019179e+01 6.670556161286468466e+01 7.278814377986336126e+01 8.130287468671807005e+01 6.603770793078267332e+01 4.569670962295302274e+01
3.257643153035955086e-02 1.634207803049033814e+01 3.385915791140304520e+01 3.675596401075226538e+01 4.504128516157136630e+01 5.017650213239780754e+01 4.848025533741881787e+01 3.020156610125452801e+01 4.848024726613059698e+01 4.847909039714153323e+01 2.848444776994416827e+01 3.995334644289496850e+01 4.175628467943224109e+01 2.668512002454099985e+01 4.665614862336398971e+01 6.014898617449634344e+01 6.341671999930772330e+01 7.170109073303605385e+01 5.543361466628041256e+01 5.283074363176463351e+01 7.283122216192707299e+01 8.621964632108155513e+01 9.450483616554917887e+01 1.086478105387967048e+02 9.478108808716068268e+01 7.468059043268003450e+01 6.308459961017516804e+01 6.781929241516870377e+01 6.365887676463935918e+01 8.198828726128861888e+01 9.031370672959559442e+01 9.595612158113085854e+01 8.747279614168019179e+01 8.789114848533210989e+01 6.746474155054418986e+01 5.305146166731503143e+01 6.603770793081278612e+01
1.880098487986705744e-02 1.989569858184009732e+01 2.259078571409130021e+01 1.675583208269983970e+01 3.675606237284758038e+01 3.019783683657967188e+01 3.020132751511324543e+01 2.020226865912225378e+01 4.020007138714878892e+01 4.581153438707380587e+01 3.752821058074744087e+01 1.995527051816570108e+01 2.176045151984267179e+01 2.390629861579040494e+01 4.389984411200433101e+01 4.940913623160816570e+01 4.341757372722522490e+01 5.658366791623193137e+01 4.388647199113083985e+01 6.388673624673341322e+01 7.357078401970217385e+01 6.622003897998267519e+01 8.036186179230067239e+01 9.998967231154453827e+01 1.031074614214874146e+02 9.150223993707002990e+01 7.312599724278025803e+01 8.791385977843248156e+01 8.375083246946063298e+01 7.525530513895465390e+01 8.946822376469542348e+01 1.095701396455780525e+02 9.395294291816107091e+01 7.354429624685647582e+01 6.171391161357635013e+01 7.344749762646766555e+01 7.036575376458776532e+01
2.900726248362994752e-02 1.320001711219433993e+00 2.613694165925733337e+00 2.261366663327207860e+01 3.275303020235264029e+01 2.824536384609025674e+01 1.020076499747564647e+01 3.019963204958684599e+01 3.373235654226965607e+01 3.528505109994434008e+01 1.752747651577793064e+01 3.752822349313251493e+01 4.175631251030517177e+01 4.389984412828910365e+01 2.699255314069630174e+01 2.941671696111188083e+01 3.187634738757995834e+01 3.658614788437510157e+01 5.658367232082822085e+01 6.357051651662277436e+01 5.357024901354325408e+01 7.357078401970217385e+01 7.170463816177989713e+01 9.170416367353584519e+01 1.041508336860366768e+02 1.015525407916040024e+02 9.322612346822145923e+01 1.015525407916040024e+02 1.036822287163414558e+02 9.535593861136443650e+01 1.036822287163414700e+02 1.115038684139298510e+02 1.023044839454979211e+02 9.056318648410774585e+01 7.087361221771257647e+01 9.056318648410774585e+01 7.885083526524891795e+01
5.081304048347550645e-02 2.005081304048312063e+01 2.261366872008009210e+01 4.474662586722667257e+00 2.447460136141366505e+01 8.271760072354449989e+00 2.826874337550405514e+01 1.219101416204736488e+01 1.372978389719864012e+01 1.528269469878846998e+01 3.528505109994434008e+01 2.402000054771423976e+01 4.401567787975286450e+01 5.526856264103071226e+01 4.698469928040456267e+01 3.483197354807762025e+01 5.187021070309452142e+01 3.618563635053648397e+01 3.930690917401455664e+01 4.356968075329816514e+01 4.934335490378607147e+01 5.537427527415241713e+01 6.431916305578256754e+01 7.586609112127264609e+01 9.586511124992573230e+01 1.035623791588932789e+02 1.118221507722521721e+02 1.133467635927472941e+02 1.083042832605004548e+02 1.024724048319558989e+02 1.056505371475764150e+02 9.157819439682542395e+01 1.056505371475764150e+02 9.966912819441400018e+01 8.272207967450069077e+01 9.272007625495119498e+01 7.208686475899860113e+01
4.469920835086939326e-02 2.004469857187981674e+01 3.273384939869906418e+01 2.443949428863042428e+01 6.356104323489853769e+00 2.097412005442100025e+01 3.475263301196713428e+01 1.573021439297468937e+01 3.373256425038880479e+01 2.683337421592120364e+01 4.355475389831821076e+01 4.401567787975286450e+01 3.108997248625538035e+01 5.108498089916987084e+01 6.060073901766449467e+01 4.060216541847700000e+01 6.060073901766449467e+01 5.618294015462301871e+01 5.930632400417103867e+01 4.616572042495905492e+01 6.616655297070704478e+01 7.537461947301022747e+01 8.365930023114111691e+01 9.260363588776122867e+01 1.002778014343694792e+02 8.354438548200276671e+01 1.002778014343694792e+02 9.336904082644699088e+01 8.830827463329823956e+01 8.244129975778268715e+01 8.583289200369745231e+01 7.735472083576739522e+01 9.741428919672269160e+01 1.113608622611126862e+02 1.030389021439238491e+02 1.011547265841107901e+02 8.522228612675175441e+01
2.324776005098762310e-02 2.002324776005063356e+01 3.731402813476552183e+01 3.459888826553850549e+01 2.049823509263872268e+01 2.247192951901615388e+01 3.927596069714602578e+01 1.939212022771136290e+01 3.942358889792866705e+01 4.682235729291738124e+01 5.507452714297149043e+01 5.936914911638415049e+01 4.263282349201779908e+01 4.003058346555786784e+01 6.002817628588109500e+01 6.060073901477161940e+01 5.060067103718147763e+01 7.060080699871475929e+01 7.283341673223445412e+01 5.283282544765237532e+01 5.771348069039996886e+01 6.926089722301755103e+01 8.926035920400140355e+01 1.032068569173218435e+02 9.200498512090430836e+01 7.203935500840989903e+01 9.200498512090430836e+01 7.913605526877255159e+01 8.282159478068052749e+01 6.812845763348651928e+01 6.563066213447052633e+01 8.583289200369648597e+01 1.018346999108525210e+02 1.099963244654928900e+02 1.114198768336456169e+02 9.033199507846671850e+01 7.562499365367847304e+01
8.699724428260374731e-02 9.031269621999058472e+00 2.317356296651002978e+01 4.317666535861704347e+01 4.049812905875187141e+01 3.645312733046380060e+01 3.942358889792866705e+01 3.942358889792866705e+01 2.519038023593077469e+01 4.519981524125884675e+01 5.911403344076286004e+01 6.739447786507852811e+01 5.677309398031000853e+01 6.002817628588109500e+01 5.071887552883573846e+01 7.071833937693230610e+01 5.954510665682050785e+01 7.888551673337533998e+01 8.039265618532901669e+01 6.039278849165285834e+01 7.771366444563255982e+01 8.599849431325728233e+01 9.754572820958111379e+01 9.493749781711770197e+01 7.495463998148383666e+01 6.523199548431576034e+01 7.721357312734627953e+01 8.207388490697435657e+01 6.252159296230794894e+01 5.891536988576317668e+01 7.928360280995687503e+01 7.472887601688513826e+01 8.188019500156147501e+01 9.346641587443849630e+01 1.131499849990695878e+02 1.048700563450947669e+02 8.761098330850039417e+01
2.249585233037712170e-02 2.002249585233002094e+01 3.731952955637952840e+01 4.491188799428799427e+01 5.319615924175018762e+01 5.651921801111183186e+01 5.941150598384749770e+01 5.347777805291303821e+01 3.521036546926911370e+01 3.207078151433747593e+01 3.914525469917960976e+01 5.911403344080623867e+01 7.677269887904290613e+01 7.900324521759193885e+01 6.486053530032485526e+01 7.071833937808240478e+01 7.109229008398716587e+01 8.782997850446987798e+01 8.867749008872998218e+01 7.194001198648254558e+01 8.867749008872998218e+01 9.324404885671820864e+01 1.015261595959617438e+02 1.032068569173218435e+02 9.123924824458028127e+01 7.140391107015901184e+01 5.806485891246849462e+01 7.374314209063240355e+01 5.320770054109086544e+01 7.374315793281695619e+01 8.758221933534568393e+01 9.479247685619434094e+01 1.018346990694932828e+02 1.099963244658391801e+02 1.211617966974684037e+02 1.169171241127718019e+02 1.082675087710891830e+02
2.739267172789772165e-03 1.414487489090386596e+01 3.414487489090456762e+01 2.491188799428728728e+01 3.821559511122201513e+01 4.649986635868421558e+01 5.804687174247693093e+01 6.346855774350616741e+01 4.933895985812317520e+01 4.620429696442612055e+01 4.361355009997794951e+01 5.326333922967263845e+01 6.738385812687089071e+01 8.737408067703826475e+01 8.486032942832916603e+01 9.071867070230739216e+01 9.109175005736653929e+01 9.937727540934129422e+01 1.002246418954820655e+02 9.193918289010439082e+01 8.994047690473020396e+01 7.314714868064945108e+01 8.994047690473020396e+01 9.161873545005238384e+01 8.642886673036176148e+01 6.682865484941513046e+01 5.389664412925167625e+01 6.680676154228322616e+01 4.978569465397288241e+01 7.032203819865692651e+01 8.284680802087045492e+01 8.555896316677618074e+01 9.401636692933240624e+01 9.623579981640747860e+01 1.046529867906190532e+02 1.156125002050637391e+02 1.242768896806638281e+02
8.327778614586213435e-02 2.008327778614550851e+01 2.719274861201119364e+01 1.336488261049456838e+01 1.821559511122131170e+01 2.976260049501403060e+01 4.976260049501473759e+01 6.397216692290561468e+01 6.931315106277325810e+01 6.617644609766485075e+01 5.359589273179643243e+01 7.186631502381446523e+01 8.152561639224053636e+01 8.250770085570529488e+01 7.413755002576745312e+01 7.524532685371561058e+01 8.361852616568600638e+01 9.788635056090789988e+01 1.006897878957056491e+02 9.288053350816710463e+01 8.164109813018785644e+01 6.153750232175080725e+01 8.164109813018785644e+01 7.152385173606177204e+01 8.571808878600791104e+01 8.075879866417238873e+01 6.680679808534108588e+01 4.854157031456247040e+01 4.654018171037460405e+01 5.320696272738339161e+01 6.488007235712449017e+01 6.536939054836733476e+01 7.942484802482908890e+01 7.564667967119125080e+01 8.670691519611585818e+01 1.070396590537956882e+02 1.251306950033976335e+02
6.510866554257997707e-02 3.600642571475324960e+00 7.192748612010838372e+00 1.613702052201015391e+01 3.613702052201085735e+01 2.674362376544588216e+01 3.568789567544472163e+01 4.723490105923682592e+01 6.723490105923541194e+01 8.185874077857569375e+01 7.357186421245540942e+01 8.185874077857569375e+01 8.267654731558592118e+01 7.093989797756044879e+01 5.417248635915191102e+01 5.526825167559238139e+01 6.935070177046411288e+01 8.044466215326501413e+01 8.044466215326501413e+01 8.458594560877341451e+01 6.448086172922312187e+01 5.460335273721723581e+01 6.671619454530217297e+01 5.742280878682357326e+01 7.571419660451010714e+01 8.569529065415274260e+01 6.671198734618394610e+01 6.284650520554964004e+01 4.336228648642524774e+01 4.662671835182948143e+01 5.056375228059581417e+01 5.465583530609454499e+01 5.941140592954860011e+01 6.611023667824684935e+01 7.796868650209303553e+01 9.864343163633944300e+01 1.102851050714909604e+02
8.953482861371392376e-02 2.008953482861335971e+01 2.719274861201119364e+01 2.719274861201119364e+01 3.246695214056525458e+01 4.674362376544658559e+01 4.088575938917733055e+01 6.088575938917803398e+01 7.551917230669671710e+01 7.053384864166682178e+01 7.886720305008370246e+01 7.804696358346561169e+01 6.842971527483436489e+01 5.480355178569075747e+01 4.272053688476179190e+01 6.146432892517680813e+01 6.776060608484584691e+01 6.038940858052252025e+01 8.044466215326501413e+01 9.288053350816710463e+01 8.085980410976287658e+01 6.085771964279271629e+01 4.709825762588436504e+01 4.776666682165750188e+01 6.741583084677361626e+01 6.739823946669554289e+01 6.557423042693756088e+01 5.741911528938269527e+01 4.096281324312464989e+01 6.056950945536455322e+01 6.942822000323430132e+01 7.407603233431862577e+01 7.942485211786568300e+01 8.670686196765541354e+01 9.517148420744082671e+01 1.039550299544460898e+02 9.026764994167231748e+01
