MOVIE_S10_data/elevation_000478.asc
nrows	100
cellsize	150.0
xllcorner	0
ncols	100
yllcorner	0
NODATA_value	-9999
[rows 68 to 84 of 100, columns 37 to 73 of 100]
7.010623728063949045e+01 6.267824578304237093e+01 7.696135421806002341e+01 9.719626420531750455e+01 9.378877595740428319e+01 9.600235421787830603e+01 1.043873614624600350e+02 1.057331343925432350e+02 1.141183756068538884e+02 1.137244736878427176e+02 1.035348730990044714e+02 9.509128872033180357e+01 8.739630341463488605e+01 7.733291687348848598e+01 5.708528409042192919e+01 7.219001300368388740e+01 8.061542234551173181e+01 8.192934860831459787e+01 6.694683167232480514e+01 4.675558761651598161e+01 5.075331384253694722e+01 5.704926060319071013e+01 4.040700462595680875e+01 6.049478556716987043e+01 7.331644197157552867e+01 5.787508153739507577e+01 5.567541616090271361e+01 6.988558124815223493e+01 5.884982389552945392e+01 3.745435723629482538e+01 2.219699509110985858e+01 4.094571095616038292e+01 4.649938752646819751e+01 3.791737319607925372e+01 1.794234422884833791e+01 1.734692279190586817e+01 1.674813066658681393e+01
4.997076635422070723e+01 6.418615366178005388e+01 8.439858344367304710e+01 8.785574026869126385e+01 7.353817834682617161e+01 7.575375362336176011e+01 9.142777431218276263e+01 8.550230015226691194e+01 1.057331343925432350e+02 1.052786464486205773e+02 8.490393099204291616e+01 7.473227125916147884e+01 6.705154279672011342e+01 6.165212668694459097e+01 5.647606858264880714e+01 5.201652945031322872e+01 6.830762428367380323e+01 6.584535899372069423e+01 6.343371646543869957e+01 6.085894252835898754e+01 4.070000063192033934e+01 3.703603904610285014e+01 3.364458194900115018e+01 4.497131458884853572e+01 5.919890622446933293e+01 6.156492724844265751e+01 4.156004609443276365e+01 5.156248665858836233e+01 5.011648349142576109e+01 4.019496571527805884e+01 4.031797210517328978e+01 2.050024334746383303e+01 3.832585326756534982e+01 1.878356919548659576e+01 3.795786171432445855e+01 3.719202203359004244e+01 3.340993171305745335e+01
6.061428525766933006e+01 6.653422182692938236e+01 6.967873793995629228e+01 7.290801437380373784e+01 5.924576577999059879e+01 6.506000285327306187e+01 7.116124626308692314e+01 8.023926146400984294e+01 1.004794713481371815e+02 1.137244736878427176e+02 1.018013965561709426e+02 8.142951846816303885e+01 8.739630341463488605e+01 7.298197585836734902e+01 7.671574143848440031e+01 6.236997850143620070e+01 4.815484298425892007e+01 4.566810997665459837e+01 4.322908011685704821e+01 4.087199496446054781e+01 3.864218174776221559e+01 3.652752039953000462e+01 5.085610253277017279e+01 3.129173417181998573e+01 4.840094601877670044e+01 5.674108068666674143e+01 5.156248667151382392e+01 3.172663684737770495e+01 4.207359275291575074e+01 2.228932581486217046e+01 2.154330254648927578e+01 2.913619573294095844e+01 1.962941999053274955e+01 2.996743537173412264e+01 4.596119568328838767e+01 4.493302708016427260e+01 3.076128177067688085e+01
4.338902234646746336e+01 4.642906965360931792e+01 4.954401059853487510e+01 5.274118950815095275e+01 5.942495004612026577e+01 6.655353507798238866e+01 7.421092213262187443e+01 9.446872149935772711e+01 9.676919743603464497e+01 1.169882970629537340e+02 1.102445894537948874e+02 1.018013965561709426e+02 1.017694946124225908e+02 9.332909308917240310e+01 9.107723343453378106e+01 7.504250197983147075e+01 5.483290883232222512e+01 6.584535899371698520e+01 6.343371646540791886e+01 5.252357114778886427e+01 5.284288891025091317e+01 5.651723457767797498e+01 5.921212255202920005e+01 4.840073162038564192e+01 2.894765713320793665e+01 4.628731091782119478e+01 5.243255640358047032e+01 4.310445552491611210e+01 2.335143395334086236e+01 4.161527047588150907e+01 3.576280540636266636e+01 4.180427864004325755e+01 2.318544954057296081e+01 4.318532073063584420e+01 5.753386233958281792e+01 5.501351195122783366e+01 4.559565434443914000e+01
6.346821462340496112e+01 4.722612682744904333e+01 6.733891681111687433e+01 7.290801437380373784e+01 6.279047028166559130e+01 8.302555846594189859e+01 9.446872149935772711e+01 8.854505498672381236e+01 1.087697175331339565e+02 1.253798386171580006e+02 1.180771519563977421e+02 1.098691520135370325e+02 1.077030225423310128e+02 1.022821353029752061e+02 8.192906065136449456e+01 6.757612547041210860e+01 7.504250197983147075e+01 8.345946431126840537e+01 8.116231272041456180e+01 7.274212745333521468e+01 7.307007113675334153e+01 6.828637305111161027e+01 4.827798918845340381e+01 4.709614928947561907e+01 2.740540678693876586e+01 2.656774872511255481e+01 4.414754495522125666e+01 2.442451897432961871e+01 3.040581143369373152e+01 4.966131484611464941e+01 5.722583143826667396e+01 4.714232459606474634e+01 2.694232903135079837e+01 3.855344654845221442e+01 5.888712021102548277e+01 5.682805849507357721e+01 3.694410938618941742e+01
7.014027823859652244e+01 4.999251558956266450e+01 6.345136980359344392e+01 8.152988240888745963e+01 7.709568173904112598e+01 7.709568173904112598e+01 9.734154728322666017e+01 1.087697175331339565e+02 1.171567940694205845e+02 1.104200089136161864e+02 1.022057028425249854e+02 8.996644574751977075e+01 8.778472657779236954e+01 1.018474281595915585e+02 9.630935549413662500e+01 8.789033819882530452e+01 8.567108943140375743e+01 7.739734619284922701e+01 8.567109852244733759e+01 7.314870407491243043e+01 6.485429855932754606e+01 5.776866446652341125e+01 4.827841868997216324e+01 2.857361612156080710e+01 4.694003526967685502e+01 4.503307059804431134e+01 2.549324325769859456e+01 3.270960485820470609e+01 4.888417250571261263e+01 4.248918694031718246e+01 6.200289450392897805e+01 5.126756136320306467e+01 3.105811111785872214e+01 5.126756136317067103e+01 6.752656647728605321e+01 5.683646601880502658e+01 5.117396241361450393e+01
7.306169691924471010e+01 5.287466486937070442e+01 6.432634248941502619e+01 8.449010028889624380e+01 9.734154728322666017e+01 9.734154728322666017e+01 1.057264645927512845e+02 1.119549772686101790e+02 1.004511537812021231e+02 9.221476574847791596e+01 8.222382865443098865e+01 9.361866039612509383e+01 7.352747223761917894e+01 9.361866039612509383e+01 9.235876818949203937e+01 8.232722763204220939e+01 7.404433030480770128e+01 5.727458800935242778e+01 7.563138921160293648e+01 6.485430190688158802e+01 4.481282013257069252e+01 4.947608809302045074e+01 2.972941218012531905e+01 4.808384506580907214e+01 5.140538536556766047e+01 3.163634489813585304e+01 4.517643311054410304e+01 5.073797325910848599e+01 6.012712689173360303e+01 5.610478443371788160e+01 7.039394054365035913e+01 5.570558874937218263e+01 3.544237304571313985e+01 4.703765064924340322e+01 6.752936019530081069e+01 7.605140471285028525e+01 7.050695901944260413e+01
5.822939335116364390e+01 5.804695585867062846e+01 7.757547834346955540e+01 9.203044400475972964e+01 1.000649735314746920e+02 1.000649735314746920e+02 1.202368003202936819e+02 1.037416789460540230e+02 8.377647963341601667e+01 7.213015991362325963e+01 7.056866392519852127e+01 8.692159767662228376e+01 6.679011955664752520e+01 8.692159767662313641e+01 8.410337563551709650e+01 6.398528677380960517e+01 5.391923862712391013e+01 4.724041662553851495e+01 5.999810941427762145e+01 6.029517095292148099e+01 5.068279905230615867e+01 3.087958498829925347e+01 4.947610469663334953e+01 5.765198965406830922e+01 5.971847970063208066e+01 5.144485080719550751e+01 3.854202064120524085e+01 5.847887676008518554e+01 7.518194771779815255e+01 7.624219087507231052e+01 7.913152470955762396e+01 6.079034881626740372e+01 4.045130862601502741e+01 6.079034881626740372e+01 7.614806842530178699e+01 8.294335342322624172e+01 7.138692740267302383e+01
6.217168326781732901e+01 7.826229485029648458e+01 6.628230808413110253e+01 7.269184635572432285e+01 7.987234503124970786e+01 9.416184019753802659e+01 1.143163980867612679e+02 1.047806296526910756e+02 8.482400128052930199e+01 7.056866392519852127e+01 6.048611544447397392e+01 7.350089426758394495e+01 6.097796727023992247e+01 8.111014052074715153e+01 9.235876818949201095e+01 8.232722763204222360e+01 7.404433120466336504e+01 5.999810941427762145e+01 3.995397061477172684e+01 5.199486459731732424e+01 3.212516175897984283e+01 5.068281250857017284e+01 3.404701355863071655e+01 4.814319559119283554e+01 6.865289638270606076e+01 5.837448008617478479e+01 5.847887676008534896e+01 4.700189301794328856e+01 6.116564460646299750e+01 8.109675071445873584e+01 7.049089494967567759e+01 4.991292923560160943e+01 6.079034881626740372e+01 5.698843848904839149e+01 7.770690982020975923e+01 7.464180606136791596e+01 5.463600642264854912e+01
6.856876348279081412e+01 7.044024756415166166e+01 8.652726360406830963e+01 9.292580126022978959e+01 1.000649735314746920e+02 1.084266983915718185e+02 1.134142068174390090e+02 1.052014081923959736e+02 9.890896652519285226e+01 8.888915645052544789e+01 7.350089426758816558e+01 5.333924098923996127e+01 6.853743834599507068e+01 7.683602659991493056e+01 7.603858113787028117e+01 7.403081146611098973e+01 7.691461938702968837e+01 6.293731202798262814e+01 5.331672981287879054e+01 3.338588869816936722e+01 5.199486519617040159e+01 5.637466278169646472e+01 3.637217194388978214e+01 5.637466289854499024e+01 6.822721725251550140e+01 7.793936922993928818e+01 7.518194774725418483e+01 6.116092062326941203e+01 6.116564460646298329e+01 8.109675071350547171e+01 7.913155079721218499e+01 6.006609812476821730e+01 7.913155079721205709e+01 7.770690982020975923e+01 7.637491212670592233e+01 6.806802599105994034e+01 6.954688937008891969e+01
8.886706928690097129e+01 7.721975222543809991e+01 9.073169980946245516e+01 1.109617782142255038e+02 1.127448335308750700e+02 1.045259249479235706e+02 1.023559533967304276e+02 8.523796011641199755e+01 8.890134929654708174e+01 9.177674117872363979e+01 7.759214135358197950e+01 6.853743834519958966e+01 4.828125344150799236e+01 6.382797093775894126e+01 5.585943623752329756e+01 5.385844852501006130e+01 5.780839009486633273e+01 4.878837892532598630e+01 3.469436649080798674e+01 5.331672981647889031e+01 6.161944227936232465e+01 6.468121978852107645e+01 5.048968950598041516e+01 3.986901991934865919e+01 5.991944475905988554e+01 7.182801439141084643e+01 8.516298774515999526e+01 8.100678713194480451e+01 8.109675071350547171e+01 8.919825091335594891e+01 8.955879310531940973e+01 8.091569177458313789e+01 8.955879310531936710e+01 8.223222106082302219e+01 6.220107966807312749e+01 4.806294231711449783e+01 4.955456875158153451e+01
1.046394326192588835e+02 8.441386816533487547e+01 1.046394326192588835e+02 1.133150056485350774e+02 1.018210983647005747e+02 8.455140755203674985e+01 8.235983063821434769e+01 8.370458468130989615e+01 6.876108963991714518e+01 7.658574098077433234e+01 6.340740689545168607e+01 4.906459049466015188e+01 4.621202147515864311e+01 4.355717241499752390e+01 4.163974555175504122e+01 3.979572683861785976e+01 3.793699461691200980e+01 3.604491137768141584e+01 4.095932746410180414e+01 5.467518007713747608e+01 7.475013928789110196e+01 7.887275067817977003e+01 6.822721725251550140e+01 5.402998349873270456e+01 4.357012159314511024e+01 5.770067696371939547e+01 7.362917300156540534e+01 8.044828021293740505e+01 8.873835219730059976e+01 9.878479262249037163e+01 9.361312660572487232e+01 8.530608372564527997e+01 8.360514319106947312e+01 7.884674440652069904e+01 7.054415649507690489e+01 5.541571844595037533e+01 3.541709856712407145e+01
1.130149629078331230e+02 9.610439027612103757e+01 1.130149629078354252e+02 1.051100033377049812e+02 8.516997158327151851e+01 7.346383605701571184e+01 6.803822089927203365e+01 6.354264781127133688e+01 5.976895697000894359e+01 5.647761051710316593e+01 5.327269717344596245e+01 6.929658382329203903e+01 5.800233044175773500e+01 6.382797101871747003e+01 6.176977913269324461e+01 5.766512585188345952e+01 3.763118387043760293e+01 5.606170547046058772e+01 6.101836444848991903e+01 5.096375910993392466e+01 6.518774840859921937e+01 8.528161601709692263e+01 8.242445100629835508e+01 6.364824782503153244e+01 6.364824782503152534e+01 4.752644010058170210e+01 5.356164082010502625e+01 6.026030201449361812e+01 7.036916801673699240e+01 9.052739240913778929e+01 8.530608372564527997e+01 6.527582817802185389e+01 6.357942804891019506e+01 6.357942804891019506e+01 5.053122007696825335e+01 5.488568291537281141e+01 4.598678919839856150e+01
1.246808967701572470e+02 1.162984888784364159e+02 1.150121667352242554e+02 9.520565285941225397e+01 8.361744532645623451e+01 9.359714298037319224e+01 7.632704765579852335e+01 8.370461425438419667e+01 7.139413265223264204e+01 7.658574016740109869e+01 6.088650761954799151e+01 8.101374213620184150e+01 7.227389757918179214e+01 7.877548744886014731e+01 5.968143889950452774e+01 4.863134360932846789e+01 3.876225258947207664e+01 5.880625043194068269e+01 6.872979528669719684e+01 7.107310597087902693e+01 6.518774840859921937e+01 8.528161601714992912e+01 9.201224497122096579e+01 7.986904502136526673e+01 5.970979095658211122e+01 5.072769947077902941e+01 7.085357751341098265e+01 8.044828021293740505e+01 8.873835219730059976e+01 9.878479262249041426e+01 8.530608372564527997e+01 6.527582817802185389e+01 5.113240327161782517e+01 4.357265517990750681e+01 3.888384686159281500e+01 3.440892066796895676e+01 3.000008166168505852e+01
1.201801578914219562e+02 1.283047690762925583e+02 1.232110885189854059e+02 1.117772738674456150e+02 9.520565285576428494e+01 1.046247771698490538e+02 8.798123134288981362e+01 9.974489130536370851e+01 9.150585680289371737e+01 8.928438524197056836e+01 7.252373803335147784e+01 8.928435955497451459e+01 9.233425683558414221e+01 8.709160497825975256e+01 7.321669849170358191e+01 6.501286644275981530e+01 5.881049606290080334e+01 4.038470569868327686e+01 5.469801561688832692e+01 7.519472717815926899e+01 8.528161601714992912e+01 9.353587859311261354e+01 9.625138822961902463e+01 7.618719740393343898e+01 7.722922255470885489e+01 5.706763827225874053e+01 5.677128539691987186e+01 7.104242711639705021e+01 9.115196582945428361e+01 9.846235638162471560e+01 7.842369684043769951e+01 6.426334258824630297e+01 5.426270581030448170e+01 6.357325121492841902e+01 5.898968226680693760e+01 4.937574980125042146e+01 2.947811081708753989e+01
1.005273862480264313e+02 1.169647000230926750e+02 1.266726446069031056e+02 1.232100012076627138e+02 1.150121218855213954e+02 1.161071252925766544e+02 1.078993764259296739e+02 1.146553999923486629e+02 1.064727439902999038e+02 1.008475530936192115e+02 9.261131067893863644e+01 9.402343051494001713e+01 8.562518089229500617e+01 7.630584862609708807e+01 6.525822637417685712e+01 4.526948470978873473e+01 4.323091366798235669e+01 4.179808989334097191e+01 6.045501578385002261e+01 6.015941179412351403e+01 7.428248201847733867e+01 9.419508754153989116e+01 1.044862208350112383e+02 8.799391854531977231e+01 6.785504278222657604e+01 7.722923665099118296e+01 6.196603400253822969e+01 7.104242711639705021e+01 8.529956528175351593e+01 1.052809106041532772e+02 9.259942466914648662e+01 8.258110677344367900e+01 7.427811346120458325e+01 7.334140504726184417e+01 6.173932638562351372e+01 5.089142651361897407e+01 3.094618411550269599e+01
8.895228193678804018e+01 1.088336248927853660e+02 1.070911574754522491e+02 1.266726446069031056e+02 1.249907255868961045e+02 1.168215842847218369e+02 1.204555591243227894e+02 1.006808723216317958e+02 8.649104753533669054e+01 9.383520952794073366e+01 1.020599186651203212e+02 8.575005062963501246e+01 6.546488486812448571e+01 6.702578257637128445e+01 4.823648608882957234e+01 6.525822637417685712e+01 6.321593950986060406e+01 6.187802817748315931e+01 4.381726810962199892e+01 6.391574326787949190e+01 7.910472812525665631e+01 7.910732913423312596e+01 9.911169777474670184e+01 9.624911700246705948e+01 7.796856382076124703e+01 8.753072728563174110e+01 6.736687993661126939e+01 8.753072728563174110e+01 9.939984953742828111e+01 1.028491229858907161e+02 9.126967731292749875e+01 8.230557159966103598e+01 7.399693196904556203e+01 6.499875838624683411e+01 4.498844709005516762e+01 3.346130442948146566e+01 5.088994622820125358e+01
