MOVIE_S10_data/elevation_000159.asc
nrows	100
cellsize	150.0
xllcorner	0
ncols	100
yllcorner	0
NODATA_value	-9999
[rows 0 to 16 of 100, columns 37 to 73 of 100]
1.104204441169289481e+02 1.099774378172720475e+02 1.016223119455033697e+02 1.099774981117589050e+02 1.225548747922588291e+02 1.141492607277127007e+02 1.118778655826525323e+02 1.059748068570056176e+02 1.090036974984848683e+02 1.081431947815728734e+02 1.081431971194294732e+02 1.165248808264767035e+02 1.198359156673644890e+02 1.198359156673644890e+02 1.282635916508958189e+02 1.367512276261259956e+02 1.252823121579964152e+02 1.163716382102883671e+02 1.081402168492551965e+02 1.102011961328389873e+02 1.182835379527797954e+02 1.133105221166394756e+02 1.213813825174946004e+02 1.063394791768350132e+02 9.807538615393309556e+01 1.063394791768350132e+02 9.903969670014222970e+01 9.076602924912549497e+01 9.076602924912549497e+01 9.903969670014222970e+01 1.105803714327162339e+02 1.033104856831952105e+02 9.506612424635746095e+01 1.033104856831952105e+02 1.053205451669744690e+02 9.707574606841221510e+01 9.965747003116753433e+01
9.042723561130382848e+01 9.998077189015702970e+01 8.170329848647472204e+01 9.998102167841490484e+01 1.141492607277127007e+02 9.412601982279663559e+01 9.186485220773303695e+01 8.602031762681862403e+01 8.902013770773707790e+01 8.816833813694927358e+01 8.816833813805416753e+01 1.081431961789726870e+02 9.974440724027174099e+01 9.974440724027174099e+01 1.198359156673644890e+02 1.285572770816553430e+02 1.086582368260951910e+02 9.710428699611509273e+01 8.813996064413558429e+01 9.026207160543648911e+01 1.069060096665905917e+02 9.340679284134613169e+01 1.099894849548281996e+02 9.634457437625300713e+01 7.806961932961279160e+01 9.634457437625300713e+01 8.750085386499056028e+01 7.077541953185107104e+01 7.077541953185107104e+01 8.231160705047919635e+01 1.023149847467953464e+02 9.335824269810005660e+01 7.516129167208703166e+01 9.335824269810005660e+01 9.075734633842006360e+01 7.717343058750270757e+01 7.975618844602782076e+01
7.893094909938074011e+01 8.736129412305223241e+01 7.170701254462809970e+01 9.166280469441882417e+01 1.025877551478634615e+02 9.999069130251461957e+01 8.008653178834052255e+01 7.190269507768266521e+01 7.491956819655972311e+01 7.406480726942929493e+01 9.168992519354256387e+01 9.624750078158480449e+01 8.572775173531252335e+01 9.974440724027174099e+01 1.198359156673644890e+02 1.277802517336892123e+02 1.195913979468308526e+02 1.163716382102882676e+02 9.871305609738894304e+01 7.869437807844533950e+01 9.140136846620262645e+01 8.183978208527615550e+01 9.612325400083777538e+01 8.807250270888674493e+01 6.808839740073712221e+01 8.807250273618278413e+01 7.922444534759239332e+01 5.926633224710492698e+01 7.922444534759239332e+01 8.643387894405189797e+01 9.058557615208553671e+01 8.511370795922222499e+01 6.518558615436154469e+01 7.514964705679186352e+01 7.084005900798749167e+01 6.565854997748567712e+01 7.975618844602782076e+01
8.736129412305223241e+01 6.734273835338677827e+01 6.455863570003442931e+01 7.425433655570307678e+01 9.425461704198102098e+01 1.010032446704153273e+02 8.734479569866927307e+01 7.915687939532726602e+01 6.322926509087537994e+01 6.741497619541060260e+01 7.175925355581804865e+01 7.638148996874713248e+01 8.388290558580087009e+01 9.788372071636759131e+01 1.179484390080130680e+02 1.195913979468308526e+02 9.963700023849503395e+01 1.054815080127732756e+02 9.914733616532107874e+01 9.140136846620262645e+01 7.139945777908388891e+01 7.289656082781138480e+01 7.613564770078328081e+01 7.934721322558316103e+01 6.144867243447535543e+01 7.248398401289324511e+01 7.040360639444273261e+01 5.373367048072496743e+01 6.646079455553447701e+01 6.646079251860952297e+01 7.060341326242284765e+01 8.473043465942954811e+01 7.514964705679186352e+01 5.519309703687099500e+01 5.672161958845367735e+01 7.667369740423040980e+01 9.206476409226313251e+01
9.206596096000271245e+01 7.206685342920830806e+01 5.778450343623316598e+01 7.792445640729624756e+01 7.978403406106748719e+01 8.781703510972950255e+01 7.328157082449820336e+01 5.895410186053032220e+01 7.915687939532726602e+01 8.744069187773280305e+01 9.168992536150784645e+01 9.624750078158189126e+01 1.037605406422333090e+02 1.000736438878664245e+02 1.201653499335053823e+02 1.170115387957978044e+02 9.704093873034041451e+01 8.546475786982269085e+01 7.912552638170873820e+01 7.378138495756482484e+01 6.921043514561114307e+01 6.476668325947682092e+01 6.203742097913799824e+01 5.940148581257267324e+01 7.246181057422458593e+01 5.252970288697488144e+01 5.044365258331110624e+01 4.839107600827716738e+01 4.649310281587587923e+01 6.382750937924178913e+01 5.648862002653073233e+01 7.645605584951474043e+01 6.913252082715210634e+01 4.916039397041712533e+01 6.329343570172765965e+01 8.322931932878955763e+01 7.204026985965622032e+01
8.806613945386426678e+01 6.802719481668336243e+01 5.373028956541177337e+01 6.868650784510927565e+01 5.962427162951821913e+01 7.025845423458943628e+01 7.246200462733078496e+01 5.612707754235749036e+01 7.635464384791312398e+01 8.873533483385584475e+01 9.405772086456725845e+01 9.980903481683571954e+01 1.081676637350154806e+02 1.182113178880000959e+02 1.285926839590595421e+02 1.252076069732781747e+02 1.136622512725105025e+02 9.908118360533487134e+01 9.010530984878849381e+01 9.379452327140168677e+01 7.542256542675222875e+01 8.473267640353229524e+01 8.198989375299665028e+01 7.567959270135973782e+01 5.573031166155188743e+01 7.248398401289324511e+01 7.040360639444273261e+01 6.835575834255865857e+01 5.017774779841226973e+01 4.385747896880631203e+01 6.136938957466072964e+01 6.136202010894160708e+01 6.542378997637526084e+01 4.544648353883624026e+01 6.542378997637031546e+01 6.848104721910723924e+01 5.791343139969059450e+01
9.371610486798121542e+01 7.384868257251901014e+01 6.867971431173474173e+01 4.852667755713178366e+01 4.796011054014540065e+01 5.007204222277140104e+01 5.222701984143569121e+01 7.246200462733418135e+01 8.168262720336946359e+01 6.878726526888384285e+01 7.414317585749384421e+01 7.988589886561769049e+01 8.980357405367735169e+01 1.039063874141126860e+02 1.240779304420340594e+02 1.271306016266092200e+02 1.265597854592250258e+02 1.177193205621132819e+02 1.098763150484064965e+02 1.036371250639107160e+02 8.436996984539322852e+01 1.007038813671814665e+02 8.297630688221542528e+01 6.300315663084928275e+01 7.568201622551066521e+01 8.398247267769573909e+01 8.012411934802142355e+01 6.015632454497072956e+01 7.014022194590621950e+01 6.136938957466104938e+01 4.139878322105708008e+01 3.971064403866628822e+01 5.732812639276324518e+01 4.191347713647624573e+01 6.142184903564734810e+01 4.853038334506449303e+01 5.848411309323994089e+01
9.079483473247793768e+01 7.088596512863298926e+01 5.667176198779589669e+01 4.504235258276509768e+01 6.518872530458270376e+01 7.025845423598055106e+01 6.387474478702980463e+01 5.764831272686473085e+01 6.164048565789904188e+01 6.927529992079900012e+01 8.922163215457595697e+01 9.980903481683586165e+01 9.393419245314061072e+01 1.139921589280733940e+02 1.212888869989564995e+02 1.072581452514505287e+02 1.164419040174052213e+02 1.246464771762791344e+02 1.205882851945170842e+02 1.007075339723636489e+02 1.043557197953539770e+02 9.241600119659311474e+01 7.239682283733955614e+01 7.451510012186319898e+01 9.129234463511579634e+01 9.425899327462273902e+01 7.426926286528507148e+01 7.426926286528507148e+01 7.548971532905139270e+01 5.552055914398359704e+01 6.093677584995698737e+01 5.042869728609670688e+01 3.733941862259158029e+01 3.843541351844707066e+01 4.148628714496526726e+01 6.142742236185284810e+01 7.676450786105817770e+01
8.176026672339813217e+01 7.342238729033155664e+01 6.343612580377584464e+01 4.330172100919618572e+01 5.753969187803571828e+01 7.765493599257709434e+01 8.189653898228152684e+01 7.775203986357938390e+01 8.168262720336946359e+01 8.922163215457595697e+01 8.337164527291589877e+01 1.033447498239843867e+02 1.139921589280733940e+02 1.224011350193994900e+02 1.113315275728910478e+02 9.312522150742574922e+01 9.650737562433631922e+01 1.112331236261172620e+02 1.194487751005230223e+02 1.205882851945170842e+02 1.066009151513480333e+02 8.654041745543824504e+01 8.654041745543824504e+01 9.453453026342837973e+01 1.028669312089881913e+02 1.025290866965362113e+02 9.425899327452873422e+01 9.425899327403718075e+01 8.376312739883834979e+01 7.548971532830022113e+01 7.317950670109819100e+01 6.012589179465002331e+01 5.499998704159973784e+01 3.500823778813616372e+01 4.737987196598827211e+01 6.539575762058012742e+01 6.911310057875013513e+01
7.349571020059369175e+01 5.340062023526638768e+01 5.929880972504494707e+01 4.158538674482183950e+01 5.581308760883770503e+01 7.593474063509978578e+01 7.931599979027757286e+01 8.487753346035454172e+01 9.094073087839382197e+01 9.929602564641186291e+01 1.033447498239843867e+02 1.117154687693990525e+02 1.186634491747002045e+02 1.071616330232143639e+02 9.892495017572716165e+01 8.311498559426021870e+01 8.495189811004618718e+01 9.128101897574038048e+01 1.038796454089156356e+02 1.237736981864509147e+02 1.149778473122889864e+02 1.066009151513480333e+02 1.066009151512933641e+02 1.004444330996885242e+02 9.150791755652642223e+01 8.324187701846369691e+01 8.728131379188376116e+01 7.901196375798559757e+01 7.964504358752384405e+01 7.137060215868595492e+01 7.120315630770248561e+01 7.027025782753428018e+01 4.896304261357111898e+01 3.361016405354178005e+01 5.359874487364099593e+01 6.126993656633449348e+01 4.911687740494215859e+01
6.523569597703151146e+01 5.715442998326516033e+01 3.918274465327201028e+01 4.277886837099624984e+01 6.275863413544179537e+01 7.201243393389761138e+01 5.931436330239831278e+01 6.482513864267254178e+01 7.083138001290608088e+01 9.094073087839382197e+01 1.100686280058196900e+02 1.217119221525341004e+02 1.104474860438291444e+02 9.048986848824169726e+01 7.893538278854660462e+01 7.494483600873033424e+01 7.494483600873033424e+01 8.389512995125876671e+01 9.804365282839603424e+01 1.179689778467146937e+02 1.248881367447454238e+02 1.166195305988826050e+02 1.063070198973774012e+02 8.633816534607746007e+01 7.218525393582581273e+01 6.322885688899864931e+01 7.323536383626944257e+01 5.899839348619624246e+01 6.353229904369216996e+01 5.135882976662363575e+01 5.075135593953255864e+01 6.476328155699201261e+01 5.221297915839660675e+01 3.222883733248409754e+01 3.669221513695320169e+01 4.127624988836656428e+01 6.126993656633449348e+01
4.600267587708022887e+01 3.704683668552714693e+01 5.715442998313712764e+01 6.275863413519682155e+01 4.812441256432470027e+01 5.204430982207760792e+01 5.908380093466833927e+01 6.798554870341689593e+01 8.806164075948970549e+01 8.156700118983877701e+01 9.319179256794977562e+01 1.133339730815966959e+02 1.130278876018421244e+02 9.308332222453117311e+01 7.893538278854660462e+01 6.738581951925742430e+01 8.738396806375426706e+01 1.031861135194120038e+02 1.008266611487910325e+02 1.090594129810947379e+02 1.166195305988826050e+02 9.651658535717636767e+01 1.024045759701275529e+02 1.004444328708278817e+02 8.738174468750158042e+01 6.737570364400254164e+01 5.321894790839012757e+01 4.744436976118306148e+01 4.352372696771701044e+01 3.981288269834136884e+01 3.648481647853429877e+01 5.200781693696750096e+01 5.089366002684538159e+01 3.092101898181439878e+01 5.089542998676849095e+01 6.126993656633253948e+01 6.126993656633450058e+01
5.360005558633577039e+01 3.557469943379655319e+01 4.978078258877326334e+01 6.990544037745159756e+01 6.809636289263816877e+01 7.201243479599098407e+01 7.908333944750522448e+01 8.742422656039560991e+01 8.436646207886195725e+01 1.017048797399766755e+02 1.100686280058196900e+02 1.170546145242096827e+02 1.088348384795124559e+02 9.798065757522471131e+01 7.799513841572223782e+01 6.385186967048442597e+01 8.384876145200685471e+01 8.670076165312866578e+01 8.084962452666823651e+01 1.008266590688757844e+02 1.090395144766400222e+02 1.007715418365811502e+02 8.229785975401799192e+01 1.024046016966502179e+02 8.844275542995157480e+01 6.843716454685122130e+01 5.687707810167621147e+01 6.745712357075447585e+01 6.353229904369216996e+01 5.135882976662363575e+01 5.200783437678581578e+01 3.203155095189290336e+01 4.772912360878847693e+01 2.963029566838446627e+01 4.959585677549488736e+01 5.908328672703262185e+01 6.741731949700709947e+01
3.351092124036338049e+01 5.356710709962639783e+01 6.148455967650108533e+01 6.687374848529023552e+01 7.269139179984065890e+01 7.905213630654962742e+01 8.736143123254746001e+01 9.632447288972032595e+01 1.045033003966939873e+02 1.128715619068281484e+02 1.149764967136331961e+02 1.067540226559383285e+02 8.887593831079317397e+01 9.253846473267533668e+01 8.051594615508643926e+01 6.051815054496283608e+01 7.670251615877097606e+01 6.670427231762302256e+01 8.084962438834176623e+01 1.008265927886843656e+02 9.747747454930991751e+01 8.071841626899556843e+01 7.472403599103819261e+01 9.480494870820821518e+01 9.670665676656346932e+01 8.516414234518407511e+01 6.843716453871347483e+01 8.516413913340446129e+01 7.964504358752384405e+01 7.137060215868595492e+01 6.028745032843453089e+01 4.774622440975666393e+01 2.782882257984936203e+01 4.607423380667575685e+01 4.495190616558169694e+01 3.909524357631137548e+01 5.908020080699761678e+01
5.198852828045081509e+01 3.635564442592607293e+01 4.136328358736512456e+01 4.672413371070242505e+01 5.253848419761128241e+01 5.893769605094529140e+01 6.798084649008382030e+01 8.215199467974002800e+01 1.021490545697168955e+02 1.208330255354004237e+02 1.009223087185753656e+02 8.677571912402794396e+01 7.920952681826321395e+01 7.254063712845146483e+01 6.737750184148167421e+01 7.670251615867810813e+01 5.669527276249991132e+01 7.321970209428479848e+01 8.148652974235776014e+01 9.264868219929536508e+01 8.852017725116786551e+01 6.915368939352440236e+01 6.805310798953662754e+01 8.228374384099096517e+01 1.029318846246420094e+02 9.670404933494674538e+01 8.844266717782107889e+01 8.235294039522538867e+01 7.402307449287594920e+01 6.697470043459742328e+01 6.069554821205171891e+01 4.959549931894980546e+01 3.008834730174784866e+01 2.620743030418667630e+01 2.512549664112223979e+01 4.335663678389692421e+01 5.163825247711704236e+01
5.622653490138819876e+01 5.645703448852862039e+01 3.954234405388753970e+01 5.965760257672626210e+01 7.129217402988675190e+01 7.905213630654962742e+01 8.736143123254746001e+01 9.632447288972032595e+01 9.782746861973441810e+01 1.061316597772066785e+02 1.149764967136331961e+02 1.067540226559383285e+02 9.920293368988150462e+01 9.253846473267533668e+01 8.737504784784491108e+01 8.398057972659957215e+01 7.321970209425985843e+01 5.318227576343098661e+01 6.439018855766580884e+01 7.851837980416347307e+01 8.023162163221003595e+01 6.020061480591239444e+01 8.023162567650020094e+01 9.641897064163605080e+01 9.768109363135613421e+01 1.041628867276640449e+02 8.169232732793989271e+01 6.431103708777634154e+01 5.350776490764138060e+01 4.665781903069510150e+01 4.071067386149492506e+01 3.590712831485471668e+01 4.959548960092370606e+01 4.607300719017416668e+01 4.335302741182566422e+01 2.361070671061973769e+01 3.597558820595543239e+01
7.589313240559101814e+01 6.798401956431158055e+01 5.376428464743523961e+01 4.283435334520520144e+01 6.296746589049058684e+01 7.120136721969828386e+01 7.622967989472589068e+01 8.158703463812130963e+01 7.793708039158008205e+01 9.690279848636011195e+01 1.068482691019830213e+02 1.165696897487475496e+02 1.050627680679316569e+02 8.898003791540016039e+01 6.898220515994886171e+01 6.398286646127768762e+01 5.938970045289622846e+01 7.024915633570823559e+01 5.015530466650183428e+01 6.734871773564131558e+01 7.562400909582626696e+01 5.591128244168331207e+01 7.595715282470767704e+01 9.430907985308512309e+01 7.945261420858474821e+01 9.430907985308512309e+01 9.372928316895800549e+01 8.235293030610831977e+01 7.402307449287594920e+01 6.069554983485544852e+01 6.069554765437257515e+01 4.562362809264758567e+01 6.390022573540674244e+01 5.745668432964322392e+01 3.752195029633764989e+01 4.181341867210478114e+01 2.210004343314301067e+01
