MOVIE_S10_data/elevation_000141.asc
nrows	100
cellsize	150.0
xllcorner	0
ncols	100
yllcorner	0
NODATA_value	-9999
[rows 34 to 50 of 100, columns 0 to 36 of 100]
2.064481644892168788e-02 2.002064481644856642e+01 2.987977212063172772e+01 3.542677408289520002e+01 4.175132940325349296e+01 5.003560070043008068e+01 5.897987268923725424e+01 5.972698652385847851e+01 6.815124837027522631e+01 6.691732386908294927e+01 5.522248883760689608e+01 3.512057227069026766e+01 5.522248883760689608e+01 5.703062305201006410e+01 3.735963565161132038e+01 4.567357318116405906e+01 4.131360308626006628e+01 2.440089532121207228e+01 4.463706568076917591e+01 2.823582890902830300e+01 3.454475181984488330e+01 4.162850064095231062e+01 5.324346888977230208e+01 7.338963018228399449e+01 7.315668749879750976e+01 8.257721854369927428e+01 8.010422886407879162e+01 8.010422886407879162e+01 7.158212635637750054e+01 9.174563738325382189e+01 1.095130189775931342e+02 1.094945983615489240e+02 1.178166902879725200e+02 1.076299702953397031e+02 8.765730011095277519e+01 8.765730011095277519e+01 9.764363520314618938e+01
2.905961989428186565e-02 4.879772120620962994e+00 9.879772120621005627e+00 1.542677408287334551e+01 2.175132940321021735e+01 3.069560131320953289e+01 4.483773693694098483e+01 6.483773693773396474e+01 7.248951505439254106e+01 8.074664900198084183e+01 6.353979747610108575e+01 4.516087802633738590e+01 6.353979747610108575e+01 6.535554952434125653e+01 4.862473090208020920e+01 6.281400389870240275e+01 4.100347925231675816e+01 4.901981694054915550e+01 5.079261792214595772e+01 3.074365392545968234e+01 5.081628661664861113e+01 6.175823853691476018e+01 7.009224582069349196e+01 8.171618246102434568e+01 9.331154722827706394e+01 1.016339482729040924e+02 1.002459878400431279e+02 1.000700118894446717e+02 8.584997468399099319e+01 1.000700118894446717e+02 1.053282601347909377e+02 8.945522602053769390e+01 1.062381709857401972e+02 1.132372351981072285e+02 9.350715976955736153e+01 7.355347861682331256e+01 7.768439229180928862e+01
3.542675937824442400e-02 2.003542675937788786e+01 2.987977212063172772e+01 3.542677408289520002e+01 4.175132940325349296e+01 5.003560070043008068e+01 5.897987268468720856e+01 5.835539437046957545e+01 5.250084989112493616e+01 7.248951505439254106e+01 7.359156229681546790e+01 6.528409964887633521e+01 7.359156229681546790e+01 7.689810696951235514e+01 6.851328527028644544e+01 7.116506166019942725e+01 5.685830059897454447e+01 6.243509973951319836e+01 4.231072508706363777e+01 5.081628661664861113e+01 3.462366472051640187e+01 5.472026985736192728e+01 6.716443536133679970e+01 7.126257992662678475e+01 7.708233143972918811e+01 8.345225412790128416e+01 9.177358938628789531e+01 1.033759708161785937e+02 1.059790262309912237e+02 1.053282601347909377e+02 8.526223601956134246e+01 7.784398414433725577e+01 9.725914071301866670e+01 1.049217845382456886e+02 8.494881280304791460e+01 8.353031919319037968e+01 6.355448807302906999e+01
3.411803931810562102e-02 2.003411803931775026e+01 2.819823903046316715e+01 4.819824024740029955e+01 5.913224314576959983e+01 5.594071994772068734e+01 4.766693082527967817e+01 3.835911008178423032e+01 5.835539437056748113e+01 6.757197725894397422e+01 5.930637645827778215e+01 6.757197727562021328e+01 8.209953578532761753e+01 7.384782834860253331e+01 7.494838075220221185e+01 8.319861557936370389e+01 7.719234358475695501e+01 7.076827770087692215e+01 5.392245960908612545e+01 6.305654495322414732e+01 4.882183000692081265e+01 3.870782685933598799e+01 5.882720666270866161e+01 5.110146556239869398e+01 5.692212082349075786e+01 6.330878991409480960e+01 7.495605651180332529e+01 9.505827590706391561e+01 1.134640639777311719e+02 9.340211841068621368e+01 7.918323767989740247e+01 6.880023069517872614e+01 8.894442005189269196e+01 1.010478123109545692e+02 8.861392140549061480e+01 6.865041225988161955e+01 5.970726171915162439e+01
3.327314952832965272e-02 8.198238958805662335e+00 2.234037458270464782e+01 4.234037526959255615e+01 3.913963780799966941e+01 3.913963780801656611e+01 2.766865604685772695e+01 4.766693082527041980e+01 5.053547177176179162e+01 5.275867847531687715e+01 3.930993328393228836e+01 5.757983578827319349e+01 7.057054739284511413e+01 5.385939704928755845e+01 5.496139675936649382e+01 6.910075525681337183e+01 8.906579753084852769e+01 8.239017304416169907e+01 7.406358241095151129e+01 7.729125989952744646e+01 6.519724164185882387e+01 4.505100146594057264e+01 4.349943287821678695e+01 5.020135488910808164e+01 7.036291499482409506e+01 8.345225412790128416e+01 7.976482389168309339e+01 9.985943714118286607e+01 1.101393304586998738e+02 9.007413477248451272e+01 8.287071843352073586e+01 6.269802071695940526e+01 7.092989645434674628e+01 8.406826571176819130e+01 8.372391674517396609e+01 7.583004424611453942e+01 5.627809468394826808e+01
6.779948344387334846e-02 2.006779946328576614e+01 3.648244514734872723e+01 4.320444294206571811e+01 3.913963780795582892e+01 1.914062687176277322e+01 3.913963779928372588e+01 4.333399421207514024e+01 3.049791959683819798e+01 3.274812806979204538e+01 2.929202873158016374e+01 4.930815487110171347e+01 6.230750215720565421e+01 4.231243773871498348e+01 6.162273112681376830e+01 6.739432202879005729e+01 7.405766831049699306e+01 8.231014032720395335e+01 9.228730792586146947e+01 7.597251506245454777e+01 5.581698857947246495e+01 6.519724164400011546e+01 4.955980776226713402e+01 6.972118103942815992e+01 6.098449918634951672e+01 7.263197271360128582e+01 9.274430626585558457e+01 1.081778681200080001e+02 1.042610872987274320e+02 8.419770662737148825e+01 6.993828335237876104e+01 6.228878167146753952e+01 5.556596650589745678e+01 7.041265763341684192e+01 7.605836461992628017e+01 6.224707231344283542e+01 5.307393033609217525e+01
9.516927588586144779e-03 2.000951663472377362e+01 2.321695922330236783e+01 2.321554629326208286e+01 2.789105810653848394e+01 1.428991437072384407e+01 3.144022388254627387e+01 1.400322605728300118e+01 1.608238574296159840e+01 1.842786917321657469e+01 3.860908541264397797e+01 5.027295857005445612e+01 5.073270067388479987e+01 3.628214986421085797e+01 4.162743480308585475e+01 4.740094466084137537e+01 5.406762946210343301e+01 6.406759976888348262e+01 8.404773675845936509e+01 8.430491938966470400e+01 6.590534596777591503e+01 7.644178475142888374e+01 5.627997361653265074e+01 7.644178475142888374e+01 7.524327361305712714e+01 8.945629313004275218e+01 1.010633572712052057e+02 1.099403408761445178e+02 1.040614842276486769e+02 9.838849279566879602e+01 9.007413477248451272e+01 8.246349830189215879e+01 7.041265763341684192e+01 5.029484418975989968e+01 6.535876683067552051e+01 4.875733630382524098e+01 6.833109235313422403e+01
1.945935296826603253e-02 1.615633121903512048e+00 3.216914659954386746e+00 2.321125742337933318e+01 7.891565320669240435e+00 9.575869162802291612e+00 1.144087877928293473e+01 1.432468029473246673e+01 1.769160794132671555e+01 3.742445724851931033e+01 2.194821028350059322e+01 4.199804457767288568e+01 3.073429652978239091e+01 5.073270067390008364e+01 6.071299633326958656e+01 6.739432202879005729e+01 7.405766831049699306e+01 8.231014032720395335e+01 9.228730792586146947e+01 9.439808536692392238e+01 8.015415761290861951e+01 8.476779975184781790e+01 6.637596603409106422e+01 8.476779975184781790e+01 9.535016269116385956e+01 9.760381914795333103e+01 1.059157356081360035e+02 8.989331788260851397e+01 8.402467122853488490e+01 9.249322484890817009e+01 9.039564091080293906e+01 7.881615970896896783e+01 7.050878538553206454e+01 6.535876683067552051e+01 4.528821650750550276e+01 4.586853080650896430e+01 6.590779670969479298e+01
5.600688922766024203e-02 2.005600688922730512e+01 2.321695924007128653e+01 5.526315736712899884e+00 2.552659554673417830e+01 1.713515864848064751e+01 3.144022429566168242e+01 3.339640386225645585e+01 3.742445724852748867e+01 2.362194805457042079e+01 4.198762833146856366e+01 2.547321188112494283e+01 2.891157752239847056e+01 3.244831678701825695e+01 5.244541046117323901e+01 6.605161235593354263e+01 8.041826884426855315e+01 8.864679292128411703e+01 9.030714318182278078e+01 9.848947496031988180e+01 1.003092801029115435e+02 9.482662759722867918e+01 8.650760347000944250e+01 9.482662820956296912e+01 9.434620557134498142e+01 7.757629040649354124e+01 9.434620557134498142e+01 8.989331788260851397e+01 6.985173400969388524e+01 7.245251644764790910e+01 8.208853479325996716e+01 6.203182048015981565e+01 5.045203475026140438e+01 5.892901500718926400e+01 4.190470486981737963e+01 6.195112685002348485e+01 7.421151399530623394e+01
8.215197286175310309e-02 2.008039208920148866e+01 3.381158241294603073e+01 1.707372308447305898e+01 3.384174589284943835e+01 3.127724942708651312e+01 3.127724942708648825e+01 5.127345446478559410e+01 5.185789156395519939e+01 3.513423676209713875e+01 3.065944109220513525e+01 3.962463584151031881e+01 4.891052814486494071e+01 5.244541046117323901e+01 3.779367574914446237e+01 5.778920159267356382e+01 6.044616306931337135e+01 7.620280705106142705e+01 7.035646243776875508e+01 9.029563706939546819e+01 8.815897614082537359e+01 7.980837010869831261e+01 8.815905260146155342e+01 9.850389194199816245e+01 7.846132820907813255e+01 6.598720501961020091e+01 8.604092003787887677e+01 9.139258051758119450e+01 7.832230403859485079e+01 5.827119252157124407e+01 7.832230403859485079e+01 7.050878538553206454e+01 5.045203475026140438e+01 3.888890242472848513e+01 5.609491314159678410e+01 6.423908943009170969e+01 6.186183064385836161e+01
2.613274238814250472e-02 1.416953729719630850e+01 3.421502244723574648e+01 3.714013322503252823e+01 4.554609910584485988e+01 5.127345446592349987e+01 5.127345446479680646e+01 5.954121469843577330e+01 6.339490591834801592e+01 5.512841650525107440e+01 3.582062578597036406e+01 5.581656718447907650e+01 6.788250309567288809e+01 6.605161235471653924e+01 4.779368573023601385e+01 4.411824038521969982e+01 4.989174899762492288e+01 5.621632572705808428e+01 7.035668168068119144e+01 9.031659998601102757e+01 7.811105723497658460e+01 5.973915693667233739e+01 7.811106159532783977e+01 9.198983411104072161e+01 7.846132820912495731e+01 5.840090571629774274e+01 7.846132820912495731e+01 8.308378877187129774e+01 6.303740628625907760e+01 5.222734801926277726e+01 7.227666644481830360e+01 7.881615970905266977e+01 6.722608801260184919e+01 5.022144323631383855e+01 3.606590358004149977e+01 5.333574498517384654e+01 3.479257932528404496e+01
7.532853315450405152e-02 2.007532853315414911e+01 2.812183634738239491e+01 3.250489976336346132e+01 3.719280495712884971e+01 4.237974326657869995e+01 4.904334654843238894e+01 5.730612463294028913e+01 6.728942937676310976e+01 6.136210446792523499e+01 4.136738563673278435e+01 5.550900503822089860e+01 7.549273641536946400e+01 7.603710024514063548e+01 6.193463195289761813e+01 5.411827528502165308e+01 6.985268244010428873e+01 7.620280673246489300e+01 8.444121226533492575e+01 7.362461871650806700e+01 6.529087069235065144e+01 4.970784451418360561e+01 6.977376303963482940e+01 8.368138460952621926e+01 6.363091267708449550e+01 5.261457481529940594e+01 7.267038304598349896e+01 8.089120117295588841e+01 6.084441964334025243e+01 4.667099430487321854e+01 6.671598601239952586e+01 8.471575261983950611e+01 7.854811858654824164e+01 6.439735484323236392e+01 4.746988419745400023e+01 3.331694678273778720e+01 5.065288308766154302e+01
6.101047412966256744e-02 4.061010474129578718e+00 8.143493378764858903e+00 1.250785118337225832e+01 1.722189638842951354e+01 2.238587412596773163e+01 2.905253789909780693e+01 3.905228894665919626e+01 5.903440720092027050e+01 6.891818602267414917e+01 4.892667334268625012e+01 6.136210446792523499e+01 8.133269670449722355e+01 7.950638129547074584e+01 8.190805469654763726e+01 6.826071329263352538e+01 8.236634885801395001e+01 7.538642631011470030e+01 6.673821047455065525e+01 5.841048460723902025e+01 4.523127099414928409e+01 4.262200761737136645e+01 6.267938935783270438e+01 8.148899971737898795e+01 6.143720943063641471e+01 4.724520323896601326e+01 6.731024283070223646e+01 7.640860454992578354e+01 5.636238901175040183e+01 4.219323336190412022e+01 5.636238901175040183e+01 6.923491825488923723e+01 7.754136126085515457e+01 7.582736044685501042e+01 6.160000597491992380e+01 5.062098980826054628e+01 3.062689512890646881e+01
6.842009524227352091e-02 2.006842009524191894e+01 2.814160378260276829e+01 3.250489976336346132e+01 3.721734827401214574e+01 4.237974326657869995e+01 3.871356717103277134e+01 4.904334654843238894e+01 6.728961536485441286e+01 7.717383196683853441e+01 6.047346433124581466e+01 7.717383196683853441e+01 7.397799455836452864e+01 6.060805859392011996e+01 7.397799455842202576e+01 8.826084973928904276e+01 7.934281042080478130e+01 6.517932344150048607e+01 4.684160927137104835e+01 3.836206771079583433e+01 3.366867891367741805e+01 4.523127099414928409e+01 6.529087068900257407e+01 7.872472523395649091e+01 6.293169222349406056e+01 4.283925059987206652e+01 6.293169222348368663e+01 7.239936144232551385e+01 5.235474659427279676e+01 3.819016962246898572e+01 5.287096341024965085e+01 4.919324848323476118e+01 6.474445919322664622e+01 5.929862023755251954e+01 5.608317001165818994e+01 4.777845211617365351e+01 2.943632327841499574e+01
1.934550753332892059e-02 2.001934550753297515e+01 3.055285062034644028e+01 3.632635345083728851e+01 4.299302039717674262e+01 5.127733024793903382e+01 5.869235619894711675e+01 6.694758524560369040e+01 7.725423554743836974e+01 8.869538133877549058e+01 8.045389038105479074e+01 7.633958361953767735e+01 6.540659191667384675e+01 4.687305987728606027e+01 6.540659191667691630e+01 7.144676421320632187e+01 6.315328301390240284e+01 5.098202003065795651e+01 3.681237285610681198e+01 2.683108449456928923e+01 4.096259487640287489e+01 6.101403499727975088e+01 7.362461779590370270e+01 7.041793939114295142e+01 5.034762807743080515e+01 3.872363274518832554e+01 5.295301736586666408e+01 7.301945116516979795e+01 6.444129315101380939e+01 4.440089417968647467e+01 3.284496277990068336e+01 4.821501283672956362e+01 4.496816072276004661e+01 3.925844964177682783e+01 4.611275688851915078e+01 2.776266347853846028e+01 4.630992229761024248e+01
4.364784840791047227e-02 5.207625643351154743e+00 1.055285048159968930e+01 1.632635317349604875e+01 2.299301984016283384e+01 3.299301984016351241e+01 4.713515547372600167e+01 6.713516613320565796e+01 8.535513622597922279e+01 7.318649473070934164e+01 6.510834067702134575e+01 5.688650021095005371e+01 5.752535351709284583e+01 3.795238226246665647e+01 5.752535351709284583e+01 6.315328301390240284e+01 4.311430774982159164e+01 4.898104024226360309e+01 4.312052907337805152e+01 2.313687229074659157e+01 4.312052907337805152e+01 5.704744551533581642e+01 6.537097992137663027e+01 6.675423310544992717e+01 4.667179829908629074e+01 3.509340673537696631e+01 5.036268342475577242e+01 5.867446376611764691e+01 7.274669574717077580e+01 6.117457071541743119e+01 4.821501283672956362e+01 2.820222536715343864e+01 4.243011481080785074e+01 2.512211534155476045e+01 2.610214017252447150e+01 2.791376537608233477e+01 4.789245950663429596e+01
5.219006137575642884e-02 8.996461971374834832e+00 2.054346735516714517e+01 3.632635344932704413e+01 4.299302039717674262e+01 5.127733024793903382e+01 6.127740102946397371e+01 5.706524480710888980e+01 7.121024269071129709e+01 6.510834067702134575e+01 4.550848838889621817e+01 4.295133858525675663e+01 5.133583613479706287e+01 3.151640868874273238e+01 5.133583613479706287e+01 5.930346940180095316e+01 4.898358771664134537e+01 2.895543442663196032e+01 3.958779132241046739e+01 1.951535957353622663e+01 3.958779132228328734e+01 3.700677789040875609e+01 5.704744551540660069e+01 7.506757947468298653e+01 6.347130920577235003e+01 5.036268342474425452e+01 3.043534893580907053e+01 5.036268342475583637e+01 6.489703135636108300e+01 5.661636516542478148e+01 4.972533356509848090e+01 4.243080840361938755e+01 2.374438533062829748e+01 4.374454302074247636e+01 4.023493695081671007e+01 4.789162021618837173e+01 3.051160486211596989e+01
