MOVIE_S10_data/elevation_000903.asc
nrows	100
cellsize	150.0
xllcorner	0
ncols	100
yllcorner	0
NODATA_value	-9999
[rows 51 to 67 of 100, columns 37 to 73 of 100]
7.597355376179869779e+01 8.014126934364583121e+01 8.138506506851945232e+01 6.183183624236201581e+01 7.009600314222061002e+01 5.555986725821510674e+01 7.488934013616479035e+01 7.986624535466300756e+01 8.740383438345106981e+01 9.678718165961171849e+01 9.181519901661170024e+01 1.038968715435811276e+02 8.789151115799842273e+01 1.046733230001403854e+02 1.162510605630976812e+02 1.185745799483994460e+02 1.132917737910205034e+02 9.347262084859066533e+01 8.201312595300200314e+01 7.522110138230604548e+01 9.507688127132627187e+01 1.061171501204007086e+02 1.175659361020487950e+02 1.074868192852690498e+02 8.736814237056445620e+01 7.732037258945928215e+01 7.020723205909871467e+01 6.437909824664855307e+01 5.959436044766982832e+01 7.381864164719603139e+01 5.531403505811912424e+01 7.553585681551757602e+01 7.934694753272299295e+01 7.482838859439456769e+01 5.458917176410967897e+01 6.842818384467803128e+01 5.513442714245374532e+01
6.219022052710167259e+01 8.229788813732972130e+01 8.138506506854656664e+01 7.557924057885777813e+01 8.303103984452600628e+01 6.405108656199510619e+01 6.099257793451332077e+01 6.521398484632868531e+01 6.997525081754741905e+01 7.679325883317575574e+01 8.564668715513575137e+01 1.058225540303080408e+02 1.078973226595913530e+02 1.162510605630976812e+02 1.127754069201901075e+02 9.874150397968024606e+01 1.060310413347388163e+02 9.365410404546490497e+01 8.543402789851258206e+01 7.054562439172991617e+01 7.805187225473817136e+01 8.952225245655618835e+01 1.093393348762492820e+02 1.158362040558510699e+02 1.057712243233996787e+02 9.031854453518423043e+01 7.862144109232382050e+01 8.451290832742908776e+01 6.970645613816139985e+01 8.042678154616855579e+01 6.026098272198255046e+01 8.042678169908855068e+01 9.128417154847731751e+01 7.113003442049298997e+01 5.985708843964771830e+01 8.003945035876266445e+01 6.192181595008036510e+01
7.899924854280472175e+01 9.059571766850518770e+01 1.012441327683587105e+02 9.540156529231079219e+01 8.000053416716056631e+01 8.363095338002939627e+01 7.209659229371493439e+01 7.639281649903199423e+01 8.964860347858271439e+01 8.124829203163662328e+01 1.011236423148123436e+02 1.021490226138748767e+02 1.221895590160281984e+02 1.190209732014599950e+02 1.045504774391301481e+02 8.472062319475473657e+01 8.620084696387456802e+01 8.543402789851261048e+01 6.560602281264219471e+01 8.543402788150697802e+01 9.789793662989583822e+01 1.061171381618144522e+02 1.048304185353532034e+02 1.130562578340905731e+02 1.187929724803467622e+02 1.070803955391899507e+02 9.283974723823727970e+01 8.982819177011707268e+01 8.982819231953530448e+01 8.580601669562400957e+01 6.567876233564433619e+01 8.580601669562400957e+01 9.963721398409454366e+01 8.562598519785959184e+01 6.548345015179353368e+01 8.562598519785959184e+01 7.358153639820064029e+01
8.892095467370951667e+01 1.032570112144851748e+02 1.116172386499444684e+02 1.079642269322852002e+02 9.978446642969245772e+01 1.000955006637802285e+02 9.184792358571542081e+01 9.618922752053133252e+01 1.044325167444344373e+02 9.270005922140248344e+01 1.093664172070964185e+02 1.221895590160281984e+02 1.130275289080934584e+02 9.855915981148403660e+01 1.060310413430501342e+02 8.620084696387492329e+01 7.217399069946610268e+01 8.217432393819174763e+01 6.236943317935746478e+01 7.636415620612625332e+01 9.620130944992311584e+01 9.080787506488162819e+01 8.499954738044598912e+01 1.048304185353532034e+02 1.056965431098468997e+02 1.140298338048033315e+02 1.129713927706853838e+02 1.099566280780924785e+02 1.000293115881592598e+02 7.991453504950401054e+01 7.329745261134675616e+01 9.340653568058895928e+01 9.638532517396441790e+01 7.625644322476206582e+01 8.562598519785959184e+01 8.562598519785959184e+01 8.781422496565467384e+01
9.422080820437264492e+01 8.307095383468950445e+01 9.996326667502214036e+01 1.157839692056470113e+02 1.064550214860627477e+02 9.808310883367759914e+01 1.064550214859750099e+02 1.002637729412174821e+02 1.086382111602372618e+02 1.126304708112993325e+02 1.208645033913371094e+02 1.130275289080934584e+02 1.028414661436529229e+02 8.421699269078295913e+01 9.967927446363377442e+01 1.002289262192352624e+02 8.355131009241792128e+01 6.374314244451323219e+01 5.929888153513555693e+01 7.908131741114175384e+01 8.089504015067852549e+01 7.098220524563916456e+01 9.080787506488162819e+01 1.024334134190412158e+02 8.562452101687821937e+01 9.932710368901209108e+01 1.076552311879454464e+02 1.145832881052611185e+02 1.083742011417144795e+02 1.000293115881592598e+02 8.334957211370438301e+01 1.017481320031020147e+02 1.047415502582661162e+02 8.786919531568113939e+01 1.047415502582661162e+02 1.057735648092178593e+02 1.079664564647310243e+02
7.386742020057988611e+01 7.120981819026479798e+01 9.160258555238300460e+01 9.561114257264405580e+01 9.638670422476930355e+01 7.797751984373539358e+01 8.753990869159660804e+01 8.014557710742195695e+01 9.434799252592112850e+01 1.145457302518473313e+02 1.190209732014599950e+02 9.855915981148403660e+01 8.421699269078295913e+01 7.419968852133590076e+01 7.942544593396571884e+01 9.378414079040454965e+01 9.177004478907915086e+01 7.606453042444539392e+01 5.630240832600725298e+01 7.245646436987121319e+01 6.110484779968714975e+01 8.089504015067853970e+01 9.902789865968480854e+01 9.348879928421625607e+01 7.414805996165893021e+01 7.932236738048706570e+01 9.932710368901209108e+01 9.447933790520933428e+01 1.086969150577772893e+02 1.118106385369357554e+02 1.034634992474734219e+02 1.118106385369357554e+02 1.163817533204748855e+02 1.080185749023067814e+02 1.014493433277266803e+02 9.323897610523854951e+01 1.014493433277266803e+02
5.927731363003837117e+01 6.497827091992095916e+01 7.529673459959380466e+01 9.561114257264404159e+01 8.803031433870326339e+01 6.796437435918278425e+01 6.747562875746363886e+01 8.753990869159660804e+01 1.059633389977082629e+02 1.160547082226614606e+02 1.202534668332004486e+02 1.100344474186480568e+02 9.967927446976231920e+01 7.942544593396578989e+01 6.532919281446500293e+01 7.980275902407316835e+01 8.820366639284530663e+01 8.427961100641563519e+01 7.245647071648112103e+01 5.271452101290879710e+01 7.245647378392523308e+01 8.766244268686875785e+01 9.587028032292435853e+01 8.518161898940532240e+01 6.534030941153213234e+01 8.518161898940532240e+01 8.770730027955431751e+01 8.034988027386584974e+01 1.003676485901679030e+02 1.176382658565770214e+02 1.128906987036190515e+02 1.046244485284056367e+02 1.128906987036190515e+02 1.044197258649042084e+02 9.172969669396617576e+01 7.395803114585034166e+01 9.172969669396617576e+01
5.335394247350996721e+01 7.363230634719378997e+01 9.383310364212456989e+01 8.322464506763185454e+01 7.488870695505234210e+01 6.040859453693401093e+01 8.044611530639626551e+01 7.748837191960552673e+01 8.751200578097494542e+01 1.076708851462004901e+02 1.117730120812681776e+02 9.134971513277244526e+01 8.126252231866799036e+01 7.419968852133590076e+01 7.980275902407338151e+01 5.986881362714361643e+01 7.473953183005723133e+01 8.311457662315801542e+01 7.017686948739502384e+01 5.044185988506940532e+01 7.017675172536098671e+01 6.785707809324951256e+01 8.766244275506318218e+01 7.967862983129948873e+01 5.988039398156267623e+01 7.923251702914464545e+01 6.783217182014988111e+01 7.770847578391570210e+01 8.921495137201621617e+01 1.093052833518707274e+02 1.030165532616178723e+02 8.496239790177398277e+01 1.030165532616178723e+02 9.519027050348178420e+01 7.688417522144425220e+01 6.460751504293376968e+01 8.359850362554441006e+01
4.921240167458261539e+01 6.909792700317845515e+01 7.830629439867828978e+01 7.488870695499191754e+01 5.488647416099269094e+01 7.488870695505231367e+01 8.879086658803102239e+01 9.759144546358778882e+01 1.059633389977082629e+02 1.160547082226614606e+02 1.202534668332004486e+02 1.100344474186480568e+02 1.015613636070203398e+02 9.438463944440863429e+01 8.820366639309460766e+01 7.473953183005723133e+01 5.487503809431597546e+01 7.473953183005723133e+01 6.794265766990126565e+01 4.820796522252292249e+01 5.390121374170510649e+01 7.139500372516258153e+01 7.700159354211652385e+01 6.976399591605793660e+01 5.476449600062765910e+01 5.943733260719483980e+01 7.081738842110009102e+01 8.485633853972862539e+01 1.049027498834399807e+02 1.075900783885222722e+02 8.795435878017333664e+01 7.544962785948524697e+01 9.479342321508981684e+01 8.704433217699615000e+01 6.790499751942523687e+01 5.794577804615598637e+01 7.688417522144425220e+01
6.309979137475897204e+01 7.246326147512239402e+01 5.829414040479885273e+01 6.645310030809655188e+01 5.132688810145008063e+01 6.542227981455265251e+01 8.547709741022293883e+01 8.889828155232157769e+01 9.582671231541978329e+01 1.040751314312060458e+02 1.149007839460757197e+02 1.036079117291690892e+02 9.511003356923390584e+01 9.511003356923390584e+01 8.559280149069738286e+01 6.556185426542805317e+01 5.159247807724241852e+01 6.699325027932063392e+01 7.518297226096471775e+01 6.482263418654261500e+01 4.507909017238653604e+01 5.729027086392085266e+01 6.800410628699958693e+01 4.993024180350775509e+01 6.976399591605793660e+01 7.923251702914464545e+01 8.752086542141053371e+01 9.396704434945088735e+01 1.022907463984851688e+02 1.016892041234252844e+02 8.795435878017333664e+01 6.886077609211270101e+01 8.795435878017333664e+01 8.239296631960847606e+01 6.337091907284258241e+01 5.238232329733137504e+01 6.526039579255638046e+01
5.922038616126175015e+01 6.099226996032030002e+01 4.427556847012888852e+01 4.653725695993370692e+01 4.977871707534541912e+01 6.972631828448623992e+01 8.007084146580776007e+01 6.902687927445113303e+01 7.606660268818207271e+01 8.742043999796801756e+01 1.067857410025481641e+02 9.511003356923390584e+01 7.479285823198512162e+01 7.479285823198512162e+01 7.612452711153150631e+01 7.978651510206277919e+01 6.699325027932063392e+01 4.717611264779465330e+01 6.697782308322751987e+01 6.271445227873716988e+01 4.297297640810410968e+01 5.667297736763231342e+01 6.548466554491560032e+01 4.673145677514949625e+01 6.075566345965825832e+01 8.059807656911485196e+01 7.984555096071697733e+01 7.399623687814148809e+01 9.396704434945088735e+01 9.349764190383507412e+01 7.422517862220624352e+01 6.369271293682815127e+01 8.265875167705090121e+01 9.050823675856547368e+01 7.401023153563906476e+01 5.650123796432003331e+01 4.600507310234972635e+01
5.596125603906478574e+01 4.118483764641543132e+01 6.099523680915910973e+01 6.058760657271119499e+01 6.972631828448623992e+01 5.458417176301134077e+01 6.010419573929790005e+01 8.007084146580776007e+01 9.582671231541978329e+01 1.040751314312060458e+02 1.113618300056404706e+02 9.846563804091225336e+01 8.074362111370923856e+01 6.068846324660717784e+01 5.617355919912890982e+01 6.994564963551340497e+01 6.403989302378147386e+01 4.421890212598603398e+01 5.993554072464801408e+01 5.783382088338065330e+01 4.089865811580712318e+01 6.066950042718841019e+01 6.352443533445585899e+01 4.368633250633629217e+01 6.352443533445585899e+01 6.992784887873595778e+01 6.001014679675490271e+01 7.399623687814148809e+01 9.396704434945088735e+01 9.126452761050028073e+01 7.776174152833000619e+01 5.881669775976652659e+01 7.776173486942080615e+01 9.005394804625100846e+01 8.216277114804159964e+01 7.232746266563327708e+01 6.078362416100280541e+01
3.820444833407724161e+01 5.792268356852594025e+01 6.930500548761190771e+01 8.061365483479794136e+01 8.288556286830103659e+01 7.456170898171555450e+01 6.122248667308517867e+01 8.123132013727692424e+01 9.743709487356649390e+01 1.090525205981753913e+02 1.025705068246214182e+02 8.130459494091094541e+01 6.955998302325713212e+01 8.074362111370923856e+01 6.994564963551340497e+01 5.009568748236008418e+01 4.665308782689075429e+01 4.334504020284956738e+01 4.011749098780719436e+01 3.799836381055928314e+01 5.534799201484208453e+01 6.353547839708976142e+01 5.711830499604189981e+01 4.074608950587501965e+01 4.531886320923027967e+01 5.014132382658133480e+01 6.001014679675489560e+01 7.399623687814148809e+01 9.396704434945088735e+01 8.314425485876603261e+01 6.411093611082897326e+01 5.461796586760572580e+01 6.286363231924813988e+01 7.645898664328450423e+01 7.708222421269302060e+01 6.899832028540710382e+01 5.778685182762856698e+01
3.997159352366445262e+01 4.977746385550429409e+01 6.125355589807831791e+01 7.540444260510005847e+01 9.552478370659140694e+01 8.956625213381704498e+01 7.535605829938157285e+01 6.905836832037094553e+01 8.060065442768589605e+01 1.006803259266422259e+02 1.044912419616992878e+02 8.388169655690994375e+01 8.991809264880072305e+01 7.471310327878947533e+01 6.063846193740575075e+01 6.407367447533583515e+01 6.062913724836022311e+01 6.317088459205981366e+01 5.808823131371546822e+01 5.493807555746343496e+01 3.593471415085939213e+01 5.377976228681306736e+01 3.728558011601815991e+01 5.130956184735625669e+01 6.512891165263134496e+01 6.410657773930709880e+01 7.819685218085045619e+01 8.814349163831326450e+01 9.314849703654800805e+01 9.126452761050028073e+01 8.166428326900681611e+01 6.845382842906312248e+01 4.929848154637574709e+01 6.366499175942961841e+01 6.064190562277369168e+01 4.966737644367368887e+01 5.293822986671555952e+01
4.178762232586490910e+01 4.684316065623544034e+01 6.677125433804928889e+01 8.066488651197617799e+01 8.776646246466047785e+01 9.613116915805905194e+01 9.541545694881692441e+01 8.908732218148053050e+01 7.974341433403695589e+01 9.981722568420245523e+01 1.130495795249144209e+02 1.044912419616992878e+02 1.033924918690057666e+02 8.905279757389762096e+01 7.210418950775282099e+01 8.412183658509614759e+01 8.061378370411982530e+01 8.011646828512225227e+01 6.338493174106081796e+01 4.372580361259546322e+01 5.377965490266429072e+01 3.397487282389102603e+01 5.223160868244732313e+01 6.454789317743943400e+01 7.941728561585148327e+01 8.398164061379617351e+01 8.621343779225222193e+01 7.791895631943718570e+01 7.316667581726871106e+01 8.731539494014890579e+01 8.676093854930429927e+01 6.759550867607595137e+01 5.412104957978875319e+01 4.433692943876170744e+01 4.121326216511329932e+01 3.822723116576717928e+01 3.539454680703799738e+01
4.377982808457991126e+01 6.366613207371251093e+01 5.461110586930378474e+01 6.061296006254118396e+01 6.768017868393816627e+01 8.186486793415593866e+01 1.020141720198312072e+02 9.981722568420245523e+01 9.390952765277648950e+01 1.081882213776576549e+02 1.075146569200677078e+02 9.916072822069571657e+01 1.075146569200677078e+02 1.007456075096213368e+02 9.228448563805731908e+01 9.341100230509900371e+01 7.328000968184414887e+01 6.163014416129508533e+01 5.264896355791225346e+01 6.364017241739597353e+01 5.258605931324866845e+01 3.280343228796885313e+01 5.090926186319535418e+01 5.914766361660629457e+01 6.329594151318804762e+01 7.155791625052437155e+01 7.202745709922416495e+01 5.804151848779230249e+01 5.913401769704688604e+01 7.901921575193844660e+01 7.938150740804111649e+01 8.124882390604761895e+01 7.131698964618192349e+01 5.795323115606996112e+01 5.510014579632825615e+01 5.774582158328131953e+01 5.498425442170167088e+01
4.582246098621300945e+01 6.574299069995758771e+01 7.461899975435009935e+01 8.066487436331074434e+01 8.776645862398399345e+01 8.776646246466047785e+01 1.079414625331585995e+02 1.200140754778802972e+02 1.140796703940756913e+02 1.090756598893838003e+02 9.744063680833130547e+01 7.902102518079382776e+01 9.744063680833130547e+01 9.282035473856686281e+01 1.011710119447543690e+02 1.017302845935565330e+02 9.011535286828005553e+01 8.110747624987013182e+01 6.687286957070163851e+01 7.245844137359124204e+01 5.591854599693591155e+01 3.639456203631207387e+01 3.116209202823378988e+01 4.928385779180309356e+01 4.347986275963535974e+01 6.329594142577506943e+01 5.217687212238142536e+01 4.662162877718218823e+01 6.644271223653694847e+01 7.938150740804111649e+01 5.957038708353707790e+01 6.320579539873580188e+01 7.147148458472628363e+01 7.618574794380631943e+01 7.459127449820276468e+01 6.934693268564694790e+01 5.021731709274685329e+01
