MOVIE_S10_data/elevation_000493.asc
nrows	100
cellsize	150.0
xllcorner	0
ncols	100
yllcorner	0
NODATA_value	-9999
[rows 0 to 16 of 100, columns 37 to 73 of 100]
1.139555591832090897e+02 1.178132550205923650e+02 1.109908454125650366e+02 1.027079699947996403e+02 1.109908454125650366e+02 1.117393880505886585e+02 1.026084935560864295e+02 9.427515262616259406e+01 8.768854630070332234e+01 9.134492513248574141e+01 9.521278678786640626e+01 9.933002283339676808e+01 1.037460346626790368e+02 9.254296324769561011e+01 9.931219125776857481e+01 1.195581691110109546e+02 1.386488623578862587e+02 1.502398032957048031e+02 1.460824400693431642e+02 1.377337148838188341e+02 1.393450223617683719e+02 1.309842099974672180e+02 1.393450223617683719e+02 1.354850318345454525e+02 1.238410715262366324e+02 1.154991582988316878e+02 1.083615313533445317e+02 1.019811752387419403e+02 9.693965424816937571e+01 9.254134800835083752e+01 8.851335275210510645e+01 8.477810989502710015e+01 7.637298495048560198e+01 5.644865188989780336e+01 7.167687992053720336e+01 7.999906574180737096e+01 8.975884628254169684e+01
1.057061846979900679e+02 9.774833534743436303e+01 9.774833534743436303e+01 8.252586503357386505e+01 1.009269550864016765e+02 9.229959013078399721e+01 9.064148822474157896e+01 7.421677408724711711e+01 6.771699531555405827e+01 7.131811348296947983e+01 7.511478807656642687e+01 7.915976790910887928e+01 8.351383170552526281e+01 9.781869714714159159e+01 1.180558932814523700e+02 1.101765913587406658e+02 1.218479123593128151e+02 1.419198943658213068e+02 1.377337148838188341e+02 1.174555164383379378e+02 1.233948632527727796e+02 1.106780396455773854e+02 1.292097134243802259e+02 1.271593978841287651e+02 1.069632704939683805e+02 9.531090063989640271e+01 8.818507374821814437e+01 8.181509127645169599e+01 7.678408297460451593e+01 7.240137172712195479e+01 6.839845437326975741e+01 6.470141611312476471e+01 6.120633208325401853e+01 7.167687992053720336e+01 5.187174931477260742e+01 6.145492629011998531e+01 7.560687852747628312e+01
1.057061846979900253e+02 9.774833534743436303e+01 7.766134212261900416e+01 7.258140440519423464e+01 9.261691751418662477e+01 9.229959013078398300e+01 7.266115042053105810e+01 6.276168183772701781e+01 8.269567250717872753e+01 9.134492513248574141e+01 9.521278678786640626e+01 9.933002283339676808e+01 9.781782882870763274e+01 9.630470524389406251e+01 1.165506622127136325e+02 1.303313301511943223e+02 1.386488623578862587e+02 1.343000093946259312e+02 1.259318701514733476e+02 1.233948632527727796e+02 1.030172882652918958e+02 1.004304672749788523e+02 1.181363420805780606e+02 1.265341336016400646e+02 1.238410715262366324e+02 1.154991582988316878e+02 9.827765461195592422e+01 1.019811752387419403e+02 8.841236883937941116e+01 8.663349053575066705e+01 8.260803944765710582e+01 8.476849133566086891e+01 8.122910670998723504e+01 7.999906574181198948e+01 6.730274535991961216e+01 4.760216182426795228e+01 5.734496013029536954e+01
1.064235369984509845e+02 9.663892664495176632e+01 7.655628028064101898e+01 6.523313299065262072e+01 7.803993355283675726e+01 8.632174925415037592e+01 7.960875774522745019e+01 5.966202530029410411e+01 7.960875774522745019e+01 9.687763381942664864e+01 1.001273653163519555e+02 1.084818119259294633e+02 1.180178936122356959e+02 1.165501934289385417e+02 1.165506622127136325e+02 1.366904613350360762e+02 1.401697829589884918e+02 1.259318701514733476e+02 1.055604196199980294e+02 1.115270793380608012e+02 1.125025912561373644e+02 9.198735488186427744e+01 9.768932930941957693e+01 1.095418731577474745e+02 1.298864264033228437e+02 1.267949701764340347e+02 1.184599522798125264e+02 1.169332218129006264e+02 1.085881427418969452e+02 1.068041776432697247e+02 1.027700402217659388e+02 9.493707209947731940e+01 8.648760890089491227e+01 7.859720169084918950e+01 5.868437661180874443e+01 4.485218127580217384e+01 6.069679230574284645e+01
1.005882859514146759e+02 1.049381293861973745e+02 9.214685014995596646e+01 7.219665737504395508e+01 5.831374017924995456e+01 7.803993355283675726e+01 7.663527443350274382e+01 5.663065797571149318e+01 6.977229748697700984e+01 8.596672167979346568e+01 8.007593970778196990e+01 9.441181944231259138e+01 1.011047874914778077e+02 1.011047874914778077e+02 1.212457983736930771e+02 1.342117648574586042e+02 1.199338051201739290e+02 1.259318699899472023e+02 1.055604196199253977e+02 9.100464775415669294e+01 1.012658635483290652e+02 8.663048963062011865e+01 1.072055797407650317e+02 1.265340625041311284e+02 1.382913467703330355e+02 1.202846982911565163e+02 1.095130890065036198e+02 1.008092899221236820e+02 9.397376488148093188e+01 8.833810229722701024e+01 8.311305190292519285e+01 7.871781378569538390e+01 6.634987526342402475e+01 7.133024138604842790e+01 6.806854131481607340e+01 6.069679230574155326e+01 4.103942717629976045e+01
9.948965546718780217e+01 9.516354800613522968e+01 8.932391621305247043e+01 7.383429499160537546e+01 5.400045661906337102e+01 6.879900220709896530e+01 7.078166420094545686e+01 5.369122200077007534e+01 7.379202883974090810e+01 6.453029704756335150e+01 6.944783784471087529e+01 7.465098055115090858e+01 8.102588334398231495e+01 9.520149462119150030e+01 1.153565972015832557e+02 1.240709598887497975e+02 1.055292370172017655e+02 1.240709598887497975e+02 1.157461420788888802e+02 9.526793462694816128e+01 8.068228147573248066e+01 1.012658635483290652e+02 1.045845712442208111e+02 1.132164329315115907e+02 1.247164428563353624e+02 1.112239080263980782e+02 9.051672191146521129e+01 8.039885028001071987e+01 7.368832340101727141e+01 6.813022871708635364e+01 6.299102060803257785e+01 5.869063686771969657e+01 5.493742356074288580e+01 5.151562032613706066e+01 4.833854883867876140e+01 4.526762145071662502e+01 6.069669721204761004e+01
9.457319613983447937e+01 7.518813652016923754e+01 6.933290485665885683e+01 6.978572974349081903e+01 4.978744874610934801e+01 4.856838716762649710e+01 5.061311498378100282e+01 7.078166063695509536e+01 5.826788536551181608e+01 6.272443034392379957e+01 8.199450081091914910e+01 9.441181944231246348e+01 1.011047874914776941e+02 1.011047874914777509e+02 1.212457983736915139e+02 1.156950114112118939e+02 9.526148410972919578e+01 1.054782477604705520e+02 1.138852508674279562e+02 9.788187029828509367e+01 7.735649015120596061e+01 9.323369214800445093e+01 8.371812226258769840e+01 9.418685783769264219e+01 1.157475833314940843e+02 1.193188196311369467e+02 1.095093717446120252e+02 1.008092899221236820e+02 8.798636218768524486e+01 7.938674634585299827e+01 8.311305190292519285e+01 6.862943369466475474e+01 7.485681045299514835e+01 6.285509753918189801e+01 6.806854131481644288e+01 6.494525005805850526e+01 7.324767254894048563e+01
8.859961976592970245e+01 7.518813652016923754e+01 5.505558653772443733e+01 6.356460336833114155e+01 4.571060151295861829e+01 6.603317806697901915e+01 6.141178061524886544e+01 6.053462020459609505e+01 7.756302896412258008e+01 8.182663937697330425e+01 6.925331934242240095e+01 8.283013027182967392e+01 1.026874552048000169e+02 1.056419609909215467e+02 1.257362962141567664e+02 1.199000156870400247e+02 9.950455589188814542e+01 8.496430445590304714e+01 9.743201717449997545e+01 9.273871457261050466e+01 9.323369214787220471e+01 7.285403612497943016e+01 8.722659570595340028e+01 1.077360929273108070e+02 1.233142785824397407e+02 1.184680281561060156e+02 1.261113745313276553e+02 1.173804631781123788e+02 1.081738040645945915e+02 9.969321025759396093e+01 9.754283315467517923e+01 8.301248172629561850e+01 9.129602434087426843e+01 8.290750318159545884e+01 8.642083751333164798e+01 8.178558821698038628e+01 7.759737837167649843e+01
6.891892190847983102e+01 6.894726909651758717e+01 6.116892964603964344e+01 4.319802067607901108e+01 6.356460336833114155e+01 7.431709363925385503e+01 7.935699446691302228e+01 7.957176799982781290e+01 7.138585153383806414e+01 8.995834909209344232e+01 8.283013027182967392e+01 7.697047649178190909e+01 8.564996366401589967e+01 9.975601879641297387e+01 1.198518824642481633e+02 1.257383625096652082e+02 1.119002580814862284e+02 9.143907556714505347e+01 7.697438547457865354e+01 7.243482386202816770e+01 8.647279784930294966e+01 7.014489484337802594e+01 8.437752264268338820e+01 1.048501815088936269e+02 1.159534435628598033e+02 9.986670673208783455e+01 1.084236724667828327e+02 1.165174664938427185e+02 1.226397752727343402e+02 1.147489906779579201e+02 1.133654709194240979e+02 1.028020397859638422e+02 9.440280909215589134e+01 8.053227619266235138e+01 6.627133993506522813e+01 6.174502099105324504e+01 5.767123077486887439e+01
5.518533228303829219e+01 4.877387169941393807e+01 4.079087255184128225e+01 4.610983354659459366e+01 6.655220815484462094e+01 8.354215094558125543e+01 9.535734471662043177e+01 9.354158139313965137e+01 8.451553963405608272e+01 9.768358116065422792e+01 1.026874552048000027e+02 9.083456619275639810e+01 9.083456619275639810e+01 1.108647390186785486e+02 1.197516820053713360e+02 1.054277424362050652e+02 1.128927984851711699e+02 1.058640352597534218e+02 9.743201717424490482e+01 8.647279783118219143e+01 6.648093728291524940e+01 8.647279784465776231e+01 9.542640026496135874e+01 1.038400784921425242e+02 1.081219376548328768e+02 8.848625607297961437e+01 8.853564064273173528e+01 1.051429267514055823e+02 1.116307040542713196e+02 9.522915021932820423e+01 1.116307040542713196e+02 9.440280909215607608e+01 7.413457406551097506e+01 7.217299113823631274e+01 5.232374031804089043e+01 4.793294214975215795e+01 4.392377305905294094e+01
5.670864211751439399e+01 3.853689653365237433e+01 5.889786725638021636e+01 6.655220815484462094e+01 5.460079425045638857e+01 6.529340506926894250e+01 8.258893510087330014e+01 1.058556084939590676e+02 1.030984678622627513e+02 1.016832364598746778e+02 1.099343678490386367e+02 1.108647390186785486e+02 1.108647390186785486e+02 1.191878972510653938e+02 1.113765853256179099e+02 9.095743795907274887e+01 9.248510864981005852e+01 1.068745045957228257e+02 9.859055026445645353e+01 7.826804672111343564e+01 6.436798904099674701e+01 8.113452012710617112e+01 7.521463056312211393e+01 9.542639897470542110e+01 1.110528768569516984e+02 9.113958481776560916e+01 7.693609977603514949e+01 8.945935263728600262e+01 9.297423644078808991e+01 8.369791696894651523e+01 1.035543932942501044e+02 9.176775935332807421e+01 7.150838248041711154e+01 5.996406798801394444e+01 7.217299113823747803e+01 6.761442947399093839e+01 5.100109026564724246e+01
3.637664363218459584e+01 5.670864146782836457e+01 5.519684913354581823e+01 7.536550884693694741e+01 6.919363141715304266e+01 6.919363141715304266e+01 8.956137839499257325e+01 1.023864691733371615e+02 9.412739240490050463e+01 8.169234726077588959e+01 9.646391429649871441e+01 9.646391429649925442e+01 1.164164360302184207e+02 1.219890528830844119e+02 1.016492097087187574e+02 8.715949368166256761e+01 7.805090172982137631e+01 9.100916360591607202e+01 9.943228233723404230e+01 9.263812000599484975e+01 8.113452017875206934e+01 6.144253455785676721e+01 7.260829399888820035e+01 8.681149682339727747e+01 1.071943554810015087e+02 1.051429214047884813e+02 8.945935263728600262e+01 6.957232553092956095e+01 7.314707796369123116e+01 8.664457458213757945e+01 1.053010823944458565e+02 1.001689240487861667e+02 8.036201752299199086e+01 7.150838248041711154e+01 8.492415068203494855e+01 6.490364686596990396e+01 7.019104210641971520e+01
3.487506746323435891e+01 4.925968432587531964e+01 6.948892560816013031e+01 8.364271857528076737e+01 8.956137839499257325e+01 8.956137839499257325e+01 9.789067047402303956e+01 9.085863792367493375e+01 7.414916477075399825e+01 7.016994568029053880e+01 7.647066012244108890e+01 9.061328701855467216e+01 1.105885780193032417e+02 1.279046107872710394e+02 1.076066118462195078e+02 1.068745045957228257e+02 9.100916360591607202e+01 7.079377724631417834e+01 8.570034306239519140e+01 8.232803779810997469e+01 7.909006949425948108e+01 5.946358291566072296e+01 7.319382232558410806e+01 9.332518998053697601e+01 1.096868425919717680e+02 9.919793403797673648e+01 8.466873247008008718e+01 6.499930339839444571e+01 8.466873247008008718e+01 9.803382043183565031e+01 1.098941786537198908e+02 1.104584439935549938e+02 1.001689240196711665e+02 9.176775935331650658e+01 9.322592190995932526e+01 8.492415068203494855e+01 7.894692158527760739e+01
3.339072133007482535e+01 4.775176677355077715e+01 6.798945691452462370e+01 7.548910555671220379e+01 7.548912764008936449e+01 8.376200785317509201e+01 8.496977002438399040e+01 7.670224953677889346e+01 6.261659508814580732e+01 7.414916477075399825e+01 9.412739240490050463e+01 9.061328701855467216e+01 1.105885780193032417e+02 1.220958006512282878e+02 1.017585977829784269e+02 8.992664878549030050e+01 7.972235949591843962e+01 8.570034306239519140e+01 6.574951747260516299e+01 6.256219566451353842e+01 7.709495833025168565e+01 5.750902914518795228e+01 7.709495833751523719e+01 8.106266390902125352e+01 9.537488295171257846e+01 8.506550751598132365e+01 7.093308099398585398e+01 6.163428762662322669e+01 6.895093631026543335e+01 8.115152191009578075e+01 1.030556497126204505e+02 1.144045436027365952e+02 1.001513030663084862e+02 9.128283849623025503e+01 8.670132569558222713e+01 7.507719581466321301e+01 6.669656422623704373e+01
5.157492163145750652e+01 6.201603081882826274e+01 5.930411346990734955e+01 5.534344890288140562e+01 5.534344906006435139e+01 7.548912516925989280e+01 7.134107367479955997e+01 5.665221676906360671e+01 7.670224953677889346e+01 9.085863792367493375e+01 1.023864691733371615e+02 1.105885780193032417e+02 1.188303733261181918e+02 1.304415606790032029e+02 1.145619922679394307e+02 9.416675252684360942e+01 1.001403799430852501e+02 8.570033726723599443e+01 8.570030383379403816e+01 7.773257297455097614e+01 5.815390053294230199e+01 5.557437707106165448e+01 7.289755545608365139e+01 6.706037455445878948e+01 8.097181356077757641e+01 7.269352940586252032e+01 5.736200496327715115e+01 7.676840134145666639e+01 8.920413062900935586e+01 9.807626271507135129e+01 1.066825649829331581e+02 1.044765451332541062e+02 8.230996362721647586e+01 7.017865330948899327e+01 7.826464851108204357e+01 5.822813878349131755e+01 4.697253611719217048e+01
3.376094309196685828e+01 5.405179748986143551e+01 3.894922646674144318e+01 4.087988215868959685e+01 6.124397328353694547e+01 6.621383403592109573e+01 5.116367251755488610e+01 7.134107367479955997e+01 8.471815534448330709e+01 9.206256820260794882e+01 1.004963663443119515e+02 1.050670117082178194e+02 1.050670117391216536e+02 1.133169174537338222e+02 1.229285169311910551e+02 1.145619922679394307e+02 1.144265137703520310e+02 1.011062938515030396e+02 8.476312446732907802e+01 6.487772278833745077e+01 7.715958382077263877e+01 6.051968249233514996e+01 5.338091201138811925e+01 7.080975802734067770e+01 6.935847347563854726e+01 5.331926140816018744e+01 7.269352940586252032e+01 8.506550552739007287e+01 8.112835446698406372e+01 8.774453413723557560e+01 8.749554514689872065e+01 1.022196246875186603e+02 8.270125775406431501e+01 6.853014902602269842e+01 5.857603997172153498e+01 5.343562874700001686e+01 6.669656422623704373e+01
4.811933819503988019e+01 3.625760982544971256e+01 5.657931633209575750e+01 6.124346193287380657e+01 4.375977789471406965e+01 4.589877675587954542e+01 4.860255903642939046e+01 6.846082708001162587e+01 7.486411545383370481e+01 7.186412206291878135e+01 8.610887005011393569e+01 8.509818633012083922e+01 8.509818633014863565e+01 1.050670117391216536e+02 1.173817238098792899e+02 1.214554843122147361e+02 1.112853882635757543e+02 9.269142512707431081e+01 7.247814727629477716e+01 8.476312470287862766e+01 8.116802269447612161e+01 6.132789801606845259e+01 7.080975803232094279e+01 5.128751475221068290e+01 4.982309521582653389e+01 5.052529838720658972e+01 6.993608018449486963e+01 7.274666782562535161e+01 6.140336553202421044e+01 6.781476335981579950e+01 7.927472083628120458e+01 9.931451427165065127e+01 9.768969473010383808e+01 8.749383508505692930e+01 7.285017275564874240e+01 6.507143594334407055e+01 7.842078066068745557e+01
