MOVIE_S10_data/elevation_000301.asc
nrows	100
cellsize	150.0
xllcorner	0
ncols	100
yllcorner	0
NODATA_value	-9999
[rows 17 to 33 of 100, columns 0 to 36 of 100]
5.222468517465790605e-02 1.033551810489360534e+01 2.000446426494159624e+01 4.035763895084278374e+01 4.425727395818042709e+01 3.004719948940770990e+01 3.004719948940770635e+01 5.011928461842779114e+01 5.892008327165576986e+01 3.859285867569661832e+01 2.437387298648994971e+01 3.859285552576768197e+01 5.891941598519684220e+01 5.917947336023404148e+01 3.984424384443064326e+01 2.849693504096895325e+01 1.958247682359187181e+01 3.493452311142691968e+01 3.077022152451248260e+01 4.188932172992313241e+01 3.719225305400025405e+01 2.092044570522194036e+01 3.246835075613591926e+01 5.261633459148012548e+01 6.355675843592219820e+01 5.522815510182866916e+01 4.266698381126057171e+01 4.266698381126726503e+01 2.426006380885950620e+01 3.134747685016194652e+01 5.152845761658530677e+01 6.877437696987077231e+01 7.144199626202509990e+01 5.952384227652985516e+01 7.215465777511739986e+01 8.045036693260500726e+01 9.049026137704184691e+01
7.333276091007127906e-02 2.007333276090971452e+01 3.725775590962845030e+01 4.856236232639911066e+01 5.316210019400953968e+01 5.011928461842779114e+01 5.011928461842779114e+01 5.846734842695322953e+01 6.325976850112426320e+01 4.289885895115246939e+01 2.861745380878536693e+01 4.289886269085222636e+01 6.326062542651919074e+01 6.721491481600070017e+01 5.604087690227035523e+01 4.278602852675798829e+01 2.306637485400210963e+01 4.278602852654635313e+01 4.886022194362055870e+01 5.643173378704542387e+01 4.379539711634987498e+01 2.371722522155368296e+01 4.379539712442573318e+01 5.724059946157131407e+01 6.732304469686960147e+01 7.115128050189782982e+01 5.604996441399011786e+01 3.586020856879736129e+01 4.439340344189521659e+01 2.602922543722807092e+01 4.025954465789517656e+01 5.642975593958599489e+01 5.125500026371940976e+01 4.520178779061350127e+01 5.195922727728863322e+01 6.209315160080807061e+01 8.221616394942664385e+01
6.343274376862209629e-02 1.420556836749969776e+01 3.420556836750040475e+01 4.370986734330359269e+01 3.314969496940747717e+01 4.658276235141995869e+01 5.487665272164031904e+01 6.643931619373370268e+01 6.326074615421050140e+01 4.289886351953399668e+01 3.760763679133361137e+01 3.868111060759982678e+01 5.904425934634894446e+01 7.197873515437925107e+01 6.068395693983956107e+01 4.637604439218838337e+01 2.671830742417021298e+01 3.810592881947469124e+01 5.730778727885121526e+01 6.464170693376973986e+01 4.867653556876231136e+01 2.855108619018215776e+01 2.877989154106637315e+01 3.880558310958954849e+01 5.900732918253326176e+01 7.251337970474675387e+01 5.234989626180263400e+01 5.604996441399011786e+01 4.979699705672176435e+01 2.962462872719470752e+01 2.792890921869171450e+01 4.808730855757520573e+01 3.694998695529976374e+01 5.716763450704505090e+01 7.215465777511739986e+01 8.045036693260500726e+01 9.049026137704186112e+01
3.497053469895897854e-02 2.003497053469860489e+01 2.662876372325296259e+01 2.416140914827902364e+01 1.900316968691491581e+01 2.656311475573301450e+01 3.811669061958741622e+01 5.814763140736451419e+01 7.167333698721115809e+01 6.326077839191068364e+01 4.777572672313971935e+01 4.777572672313969093e+01 6.746044054010664581e+01 6.382230552431351356e+01 4.431229208257067853e+01 3.300852037811441164e+01 3.661040162322863978e+01 5.393126824232086847e+01 6.513402960993759905e+01 5.631085469939758781e+01 3.611234485129190119e+01 4.867653556876538801e+01 3.276850458737305871e+01 5.294094362273321508e+01 6.732304469686960147e+01 8.081196173061242405e+01 6.948527277486175535e+01 5.519839315596046703e+01 3.498821954235215514e+01 4.979699705672172172e+01 4.808731403809601801e+01 2.984578116679756121e+01 5.001957522939286349e+01 6.038838824512642134e+01 7.218922137743672351e+01 8.143498965421173352e+01 7.299220125294155537e+01
9.635555453094322986e-02 3.340783977146187578e+00 6.628763723253319640e+00 1.005873542628167350e+01 3.006695454348914254e+01 4.485565274164994776e+01 5.487665272164031904e+01 6.202190451202177002e+01 7.031682564412577108e+01 7.656413438090004320e+01 6.221123238928975496e+01 5.957150989166212440e+01 7.656413438090214640e+01 7.141531879487726542e+01 5.186273737648878068e+01 3.810317514318985843e+01 5.041447313702951050e+01 6.427724881830752679e+01 6.535558621441629157e+01 4.513095170859985217e+01 5.631085469939758781e+01 5.715617257966550113e+01 3.694066051647120474e+01 5.124153626061565348e+01 7.143536779762013111e+01 7.542491517089457886e+01 5.525654192559755984e+01 4.093430841739449022e+01 5.519839315596046703e+01 5.519839315595973517e+01 5.836110964276599589e+01 5.001961707468117879e+01 3.185741115420733394e+01 5.107273281145211996e+01 5.083062305718441820e+01 6.607235574856349558e+01 5.847283769854631430e+01
8.845047570523793812e-02 2.008845047570488163e+01 2.662876372325296259e+01 3.006695454348914254e+01 1.654760166674681088e+01 3.655975418689820344e+01 5.045045296139019086e+01 4.197956250900623587e+01 5.615085966224153680e+01 7.619586061366194940e+01 8.252396402236071538e+01 7.989373707506291566e+01 8.828731115662201034e+01 7.356858084174410806e+01 5.399835197519372798e+01 4.460280849562355598e+01 6.408292957853718974e+01 7.814002449958547913e+01 7.249831131267028184e+01 5.229563390016324576e+01 7.249831131267028184e+01 6.180045904374812693e+01 4.155648368195810605e+01 5.589287619547931030e+01 7.606262567688142440e+01 8.004532898840912480e+01 5.990541208052411548e+01 4.557663194001720086e+01 6.580425717031000943e+01 7.535786264065417583e+01 6.289149633794048100e+01 4.258829770510050849e+01 5.126207533002989436e+01 3.392881743135971107e+01 3.972717693849217113e+01 4.576908812933359627e+01 6.000568769387726320e+01
8.023991185656004221e-02 1.422237553558738554e+01 3.422237553558667145e+01 4.485565274164994776e+01 3.069400393728549048e+01 2.439251338907949673e+01 3.042340411876332951e+01 5.045045296139019086e+01 7.031682564412577108e+01 7.703163334676041529e+01 6.872328664445765867e+01 6.695854424702204710e+01 7.585871824461462154e+01 8.174965659042402422e+01 7.224206975494081462e+01 5.833718415038613614e+01 5.833718415038613614e+01 7.795438611712278032e+01 8.078805541303756854e+01 6.243879196686155808e+01 7.346004401708050580e+01 5.326505044810224376e+01 5.326505044810224376e+01 5.326505044810224376e+01 7.346004401708050580e+01 8.223566402963956534e+01 6.211138274892714861e+01 5.143270784054012523e+01 7.163662594986074339e+01 7.852503620487765090e+01 5.755802576981357532e+01 5.919166587032193405e+01 5.458230258413670555e+01 3.546196577930187743e+01 5.609432002456834709e+01 6.607235574856349558e+01 7.470283955362283734e+01
4.598823041778624804e-02 1.159299361416793595e+01 2.573512921573910006e+01 4.573511654325989184e+01 5.072092799300658328e+01 4.441207053692517093e+01 5.045045296139019086e+01 5.874818641278859843e+01 6.861479058271434894e+01 6.216034641267616223e+01 4.894409143708024601e+01 4.833251260706188646e+01 6.695854424702204710e+01 7.579335738153113766e+01 8.407562728297223487e+01 7.795438611712278032e+01 7.795438611712278032e+01 8.614695535949547889e+01 9.082360082681678648e+01 7.670231660605780633e+01 8.173400852089571345e+01 6.497185294850476112e+01 6.758535990425515649e+01 6.497185294850476112e+01 8.173400852090009039e+01 9.051170216319772521e+01 7.163662594986074339e+01 5.860777886687625227e+01 7.876233903224188282e+01 8.607948721347837306e+01 7.562716105400696165e+01 6.990254269468213977e+01 5.713081888273282516e+01 3.701100064512900900e+01 5.725252333575119223e+01 6.290897540781886477e+01 6.623844594700406674e+01
7.340434288523949025e-02 2.007340434280198238e+01 3.003515249355685057e+01 5.003506858837433668e+01 5.037089572250739167e+01 5.037089572250739877e+01 5.814012346744645043e+01 6.316573714744681922e+01 5.321463921800311425e+01 4.353634990018520767e+01 3.724549613630235001e+01 5.532075828074773938e+01 6.165121187738026265e+01 5.579334340850723351e+01 7.579335738153113766e+01 8.466932888926834266e+01 7.642880592630515935e+01 7.747320484994611434e+01 8.571633484020908611e+01 9.669429209850022744e+01 9.329818526367543541e+01 8.505512864893125879e+01 8.764278607692125433e+01 8.505512864893125879e+01 9.329818526368279663e+01 9.995950703099920531e+01 8.704034805208929981e+01 6.872882928823504756e+01 8.704034805208929981e+01 8.528821970808182584e+01 7.699124166356401133e+01 6.325801514338641596e+01 4.297285376318575345e+01 5.725252333575119223e+01 3.940989254187847735e+01 4.264944376413310323e+01 4.598606725409141660e+01
3.515918393995972474e-02 1.003515918393654083e+01 3.003515271751651383e+01 4.479676899880369234e+01 3.145341973835610005e+01 3.145341973835610005e+01 5.037089572250739877e+01 5.275627809412189606e+01 3.599279825312884640e+01 4.197089850426954882e+01 3.013778983489163821e+01 3.529164808118110130e+01 4.163255996651508895e+01 5.579334340850723351e+01 7.579335738153113766e+01 7.323665197881466327e+01 5.666510406455781634e+01 5.770721466270159539e+01 7.428165941034478692e+01 8.571633484020908611e+01 9.622162602857055447e+01 8.793166123409494617e+01 9.362705202095017398e+01 8.533947151309897095e+01 8.644017244012941603e+01 9.472873029660276245e+01 9.705525021363769156e+01 8.294840927917285001e+01 9.120833220738076363e+01 7.110232994282885954e+01 5.675329689544642520e+01 4.956118975598892007e+01 6.325801514338661491e+01 6.429740837486491500e+01 4.382886182482887705e+01 4.260856475208177585e+01 6.284571890296042795e+01
4.608085242692564615e-02 2.004605118343231851e+01 2.216219843546669210e+01 2.785231312717528951e+01 1.759904098414486739e+01 3.699408580247080636e+01 4.829642732363051039e+01 4.454404831867409342e+01 2.481621214285244292e+01 2.194055878260864390e+01 2.710897581461659556e+01 4.714390806330020922e+01 6.165121174751615740e+01 6.993448534574186226e+01 6.880903243069468544e+01 6.059164643393598482e+01 4.521421485247882543e+01 4.626190232156319837e+01 5.770721466270159539e+01 7.747320484994611434e+01 8.793166122729488166e+01 6.796832916466928509e+01 7.381545376142301507e+01 6.537928648005417642e+01 6.647873880646581313e+01 8.058834118373992794e+01 1.005677428240239237e+02 1.029128165152455239e+02 9.339346363028531073e+01 7.330492639711697223e+01 7.623778201368489249e+01 5.599372051913743320e+01 7.623778201368489249e+01 6.872645760946937799e+01 4.848830272552329745e+01 6.284571990034384470e+01 4.587938290514600936e+01
1.610643649003322755e-02 1.088218971327829188e+00 2.161875225517869481e+00 8.191904500606520756e+00 2.472388100307792058e+01 2.006324747584029566e+01 3.419518102235600310e+01 3.203281785086047506e+01 1.668728207843333422e+01 3.668134816282701394e+01 4.714383835355717878e+01 4.768994123103955474e+01 5.595892591440460251e+01 6.295892724081411274e+01 5.474152326478156283e+01 4.075291354637003849e+01 3.629514157245463934e+01 5.036443156830178935e+01 7.015721531124866317e+01 7.558423510892124852e+01 8.385681395886783207e+01 7.381545363026741313e+01 5.385765448384559306e+01 5.385765448384558596e+01 6.383611115963594074e+01 7.794438591045836517e+01 9.791893354934880733e+01 9.875609434401532383e+01 1.016577027918600038e+02 8.786449419593533605e+01 6.772643797129749998e+01 7.623778201368489249e+01 7.586666675555741790e+01 5.567110553040119925e+01 6.872645760946937799e+01 7.439064165989479704e+01 6.021934013369322258e+01
2.022278438842990689e-02 2.002022278438807490e+01 2.216220091920935431e+01 3.711843742102123311e+00 4.814479434942061431e+00 5.922176986185479386e+00 2.591982253969055350e+01 1.203738743940362355e+01 3.101464972230676054e+01 3.227033298221474666e+01 3.355066546252585624e+01 2.769380709030484766e+01 4.768468781737993822e+01 5.149008150676677786e+01 3.486610726679455041e+01 2.922719427752949883e+01 4.332978657037821080e+01 6.315940950965045175e+01 7.233083313483342636e+01 5.562404181186942509e+01 7.233082899528143628e+01 6.627211429805758769e+01 4.631026563857790990e+01 6.627211439542870153e+01 8.209495002945541842e+01 9.208104060025345916e+01 8.612193903037265841e+01 7.877974078987118389e+01 9.291772225596953660e+01 9.613448590495103474e+01 8.200514434165667410e+01 9.613448590495103474e+01 8.125415932206814773e+01 6.109600796439352877e+01 8.125415932206814773e+01 8.856194318609635729e+01 7.508784369344323295e+01
6.642187732006160639e-02 1.942517413095607282e+01 3.099639789674049339e+01 1.808478060656573305e+01 2.481718127411011565e+01 1.746870909021826890e+01 7.508280157621761042e+00 2.750572312187133051e+01 1.100429517367282983e+01 1.226983731912645581e+01 1.354253790423732262e+01 3.352494308804559608e+01 3.672540007213189028e+01 3.807104268706731176e+01 2.332513241201877818e+01 4.326644648808800753e+01 5.735516985911822729e+01 6.165716250638108420e+01 5.338931286095633766e+01 4.409472271485952177e+01 6.406021206635489307e+01 6.219741904570775404e+01 4.223160757092165341e+01 6.219741908033137179e+01 7.517501973708534990e+01 8.028516118653534761e+01 6.616001412277711324e+01 6.467045744732658363e+01 8.463067928225839864e+01 1.018082667784271393e+02 1.020102160808239802e+02 9.764292919006707905e+01 7.757086734581841370e+01 6.825594633911832432e+01 8.836311805880433212e+01 9.140094321515324793e+01 7.142155823943842563e+01
1.591255364720534082e-02 1.432904408121470574e+01 3.528639067432847298e+01 3.994506547148407805e+01 3.746425866684663930e+01 3.408394595529284032e+01 1.270596326552138677e+01 9.218364151258406025e+00 2.888241659299751873e+01 3.223720952097079362e+01 3.355104589654631297e+01 1.537861819367943639e+01 1.671269442558256202e+01 1.805934852563610349e+01 3.744084172955478351e+01 4.151621821826307013e+01 4.340023523891193236e+01 4.522344282874516352e+01 3.341226300179768316e+01 4.902011964665513943e+01 5.099973147090008752e+01 5.301770398601744461e+01 3.838467564150033695e+01 5.805068442509611515e+01 5.521444661634621554e+01 6.417846765390839892e+01 5.204850409638729758e+01 6.202779211239601409e+01 7.354649564899442282e+01 9.351377528011055063e+01 1.072972813169651403e+02 1.059372792444550981e+02 9.666124948540506523e+01 7.833456075954998710e+01 9.666124948540506523e+01 9.962196594564603913e+01 8.218783034704009083e+01
6.189296070378335485e-02 2.006189296070342820e+01 3.725102199952073789e+01 4.879802738331049738e+01 5.745904230177722383e+01 4.685085719566602336e+01 3.447353962418834783e+01 1.658176794610332294e+01 1.650752357428315875e+01 3.642224308636361485e+01 2.482232061512843657e+01 3.540482255437100179e+01 3.672794286520895213e+01 3.787307989367520378e+01 2.012500186839242389e+01 2.159637946540256692e+01 2.341075934200643260e+01 2.523831865892780613e+01 2.708808000143351080e+01 2.904015243961587345e+01 3.102051367375384316e+01 3.304079216971118882e+01 3.554062085007457483e+01 3.808019852838850028e+01 4.109415983986927046e+01 4.421541823468497512e+01 4.821067331117022547e+01 6.817041623949155849e+01 7.934008049993148859e+01 7.902467376545978084e+01 9.316097754137507536e+01 1.031525465420578911e+02 1.066844483746684062e+02 9.839167535805857767e+01 1.066844483746684062e+02 1.102894088097527288e+02 1.003757360258061908e+02
2.247884206357958492e-02 8.966750752062658592e+00 2.051375613585496893e+01 4.051375613585425839e+01 5.596376714006240860e+01 4.896102526359461393e+01 2.901502102757173418e+01 3.634606454255476393e+01 2.205542906748509679e+01 4.196692441828377440e+01 4.482070555366590270e+01 3.551670120362388872e+01 5.550428140920991638e+01 4.875220354660347510e+01 4.034201377135427435e+01 2.676552632503254614e+01 2.572702315912146531e+01 4.522370465014058993e+01 4.707152192774449873e+01 4.902149396059209607e+01 4.515155250098151640e+01 4.303448506003335439e+01 5.551443018022327891e+01 5.805068442540829921e+01 4.537718209765350963e+01 6.417846765390839892e+01 6.817041623949155849e+01 5.423077981221855026e+01 5.938474200705647377e+01 6.491940123032429710e+01 7.489212176175348645e+01 8.900153686001939946e+01 1.089941427057448209e+02 1.097354690892087064e+02 1.155798088447583325e+02 1.094614283634794987e+02 1.011963996648083253e+02
