MOVIE_S10_data/elevation_000231.asc
nrows	100
cellsize	150.0
xllcorner	0
ncols	100
yllcorner	0
NODATA_value	-9999
[rows 51 to 67 of 100, columns 0 to 36 of 100]
6.455108993161302877e-02 1.420668671366268754e+01 3.420668671594235377e+01 3.607396744469813399e+01 3.240389511494138475e+01 4.970365516903959957e+01 6.125079572476242618e+01 6.304593825449458677e+01 4.543145887038984654e+01 6.304593825449458677e+01 6.698454995438935100e+01 5.180819127528880585e+01 3.147440903832724146e+01 3.843396513047495233e+01 5.284587457559626245e+01 7.296245923918520759e+01 6.212517989583547262e+01 4.240399553503743846e+01 3.118126223282521181e+01 3.353494042833012401e+01 2.360379794779668927e+01 4.687770175866922528e+01 4.784064983927241599e+01 4.863296904519093289e+01 4.207821933630555122e+01 2.221091117266814408e+01 3.726523471663871589e+01 3.809848434443860299e+01 1.934239702804894634e+01 3.928181989608964386e+01 4.096620043158731761e+01 4.947174276571441709e+01 6.347782361323150013e+01 6.809552216241330314e+01 6.809552230006111984e+01 7.644073642197555785e+01 7.460303163586212349e+01
3.995603441288197999e-02 2.003995603441252626e+01 3.467840295104355874e+01 4.296267419850575919e+01 5.240391663122304777e+01 6.068844337391618637e+01 6.058054495169336207e+01 5.443317530791039616e+01 3.299005334347364027e+01 5.443317530791039616e+01 5.873803035275199846e+01 3.843396514540547315e+01 2.671202666129420678e+01 4.107860040269419954e+01 6.134835079501677058e+01 5.657703974276279979e+01 6.505279548464945094e+01 5.899362080685560272e+01 3.974860220075026263e+01 1.976613615030458604e+01 3.974860220131597544e+01 3.999841804944922075e+01 2.787392956425991386e+01 2.867404985224950309e+01 3.531971057889332144e+01 3.565064561711199076e+01 1.726738852066041474e+01 1.812664349488675697e+01 3.809849336175516754e+01 2.363999268377670404e+01 4.351551714114341252e+01 5.148109634509413723e+01 5.525476136669775684e+01 6.358942330659056097e+01 7.257463575843878800e+01 8.420290733749934020e+01 8.478963163697058292e+01
4.804567899273937126e-02 7.119113490858245186e+00 1.467840295104285708e+01 2.622540833483557776e+01 4.622540833483628120e+01 5.425933184382040508e+01 3.939471318826349489e+01 4.685186879508269442e+01 2.579663816064312343e+01 4.685188904001851995e+01 5.764762379581929963e+01 3.736916704054865335e+01 2.300694815510390612e+01 4.330560018014003276e+01 5.333126109969830964e+01 3.637850352791352293e+01 5.333767252865973063e+01 5.136722132376315386e+01 3.142300655380869756e+01 1.723174217362354810e+01 3.380723944860162788e+01 1.930404306803040981e+01 1.362967132600188869e+01 1.444098309108326994e+01 1.526042410597247034e+01 1.608537259876068504e+01 3.612087489553739061e+01 2.497993898161070447e+01 4.435065829753854416e+01 4.352075605169802230e+01 2.803721378724556601e+01 3.158536660618164049e+01 3.530328542465569086e+01 4.416089915009230538e+01 5.571957537829342755e+01 7.585518279622520765e+01 8.918203794775203619e+01
9.707512844716031930e-02 1.423921075217823606e+01 3.423921075217894128e+01 4.296267419850575919e+01 5.450967958229848165e+01 4.559987920821266982e+01 2.486167270975286314e+01 3.248388048286903285e+01 2.005740061159775678e+01 4.050349351760699790e+01 4.339603667215210692e+01 3.504356903250008060e+01 1.952041965564311354e+01 3.982688932197833509e+01 4.489667728075323794e+01 2.473278994155807098e+01 4.489662847299224069e+01 4.535417605445952205e+01 4.303048531660302700e+01 3.369715337044461734e+01 1.375215944592494210e+01 1.249650622115721710e+01 3.259768244550200933e+01 3.451975820438501330e+01 3.531970790127000726e+01 2.193742549728570523e+01 4.136067144078048585e+01 4.601667615581983029e+01 5.487092475993465257e+01 5.455764886786830203e+01 3.461510601888387839e+01 5.148428682254878908e+01 5.525476136669775684e+01 4.171102109444129979e+01 5.063512349590123307e+01 6.068380774529340016e+01 7.493053732367997100e+01
5.001202446392439237e-03 1.414713682617746748e+01 3.414713682617816914e+01 4.545294774349329714e+01 4.564216185527731540e+01 4.065345427503594067e+01 3.100110962082126775e+01 1.283870633459862631e+01 3.248272719129951014e+01 3.884055881098485941e+01 3.050960718447467457e+01 1.475395412870638268e+01 3.504356903250008060e+01 4.216211474446608776e+01 3.769865107523020242e+01 1.731369904366158252e+01 2.894194897473623840e+01 2.417706280312024703e+01 2.776451866912557520e+01 2.528165342743925592e+01 1.139577882201095704e+01 3.147874693530340195e+01 2.674838538227883689e+01 4.672158272717042848e+01 3.565507323657445227e+01 3.565507609116158250e+01 3.565507395349724362e+01 5.513520227602173662e+01 7.096049267374495173e+01 5.087119384626024043e+01 4.607536796466043683e+01 6.288877947487068099e+01 7.010298638837097940e+01 5.169599131886447907e+01 5.169599131886448617e+01 6.174725247592139965e+01 7.599429421150546204e+01
5.279685921607564503e-02 1.906343129711833839e+01 2.335871129683764380e+01 2.265657102953795032e+01 2.507436911730966145e+01 2.694541542524707722e+01 1.635829521667674769e+01 8.844318728932965001e+00 2.793664104006546722e+01 2.998581510371516501e+01 1.028905765204770795e+01 2.670731767625969155e+01 2.719812800085691507e+01 2.141625184065200926e+01 2.757926189376083315e+01 1.142953682694354534e+01 9.053394540891620323e+00 9.497538904409966065e+00 9.942361701996832224e+00 1.039780250401915396e+01 2.842717526892191060e+01 3.917187276365716286e+01 4.672181180148451318e+01 5.502471778375506517e+01 4.676803728772004121e+01 5.513572856025399460e+01 5.513520227602173662e+01 6.341730562405812321e+01 7.165974172345976001e+01 7.096049267374495173e+01 6.614466006368587614e+01 7.448831758400325498e+01 8.017010627539492873e+01 6.592011438844158988e+01 6.592011438840593485e+01 8.017010374165188580e+01 9.024589567034996662e+01
5.738623160518319517e-05 4.719865644146140071e-01 9.440471808895971595e-01 2.111758354778582003e+01 1.700925568218866246e+01 2.758873742373850746e+00 3.235203277693742940e+00 1.268053601832871990e+01 2.313712538295131793e+01 2.300174095046298461e+01 1.331414365448389603e+01 6.052427201808308510e+00 9.766028016575528881e+00 7.451050983338098455e+00 7.938961711103391217e+00 8.411693033730701430e+00 2.716394365572055136e+01 2.935597319005714922e+01 2.346578933935459332e+01 2.851819785206915370e+01 1.134169744466203689e+01 3.141106596417426999e+01 4.070365403768557400e+01 5.482585364144339479e+01 6.656444080805363228e+01 7.489759423821998041e+01 7.029231478543157152e+01 6.192373164958306830e+01 5.152897583581673047e+01 6.298994816757375048e+01 6.935130735451190276e+01 7.775496223251307981e+01 8.680086859021965040e+01 8.607230805739115453e+01 8.607230787538567540e+01 8.884389295271344622e+01 8.036212236345296844e+01
4.532054705376769438e-02 1.127229694083142419e+01 1.733031217234223220e+01 1.612760268822024612e+00 2.086008804777726322e+00 1.031966080750014747e+01 2.109582348195963064e+01 3.914466594485082496e+00 4.397733725141102390e+00 4.881455445143513039e+00 5.365639388238904850e+00 2.322847776564333699e+01 6.747123526134398475e+00 2.686223418275593389e+01 2.764542954708637268e+01 1.147873300874269020e+01 2.000826622510384567e+01 3.735793034340484553e+01 4.129868046276455118e+01 3.785590289306770018e+01 1.858656358241797335e+01 1.233255793845193082e+01 2.658090239867306792e+01 4.171939230108785068e+01 5.069632134617224040e+01 5.893328154185352474e+01 5.868050926597813799e+01 4.187507097797277567e+01 3.741242938288218056e+01 4.292575864432012622e+01 4.923492330935057737e+01 5.819520099926905488e+01 7.243500387129114415e+01 9.272152036947912279e+01 8.165717798066111754e+01 7.319734508430033770e+01 6.009707214965951749e+01
9.001595176218035732e-02 1.978585760128466475e+01 2.451494071042549194e+01 2.155024184790829267e+01 5.730824920994971983e+00 1.516943254140190511e+01 1.007079555368536106e+01 2.539987488815430439e+01 2.461505576373191673e+01 2.495808064436189255e+01 1.086838681455212274e+01 2.652806748287835603e+01 2.789347867122127056e+01 1.025102041858381163e+01 3.140721842726238933e+01 3.640755048641252500e+01 2.899851791918919730e+01 4.627830570727877557e+01 5.158130521500333288e+01 3.148699245577603278e+01 3.886304564785456250e+01 2.244930891247652482e+01 1.335192363574040897e+01 3.344051908588015465e+01 3.079929753659795821e+01 4.069504210155272972e+01 4.446572482971649265e+01 3.039630383139425973e+01 5.034964377603399299e+01 6.298994816753467063e+01 6.935130735451190276e+01 7.775496223251307981e+01 8.680086859021965040e+01 8.165715980054623913e+01 6.997685664592191301e+01 5.304635404747310901e+01 4.858329770261867253e+01
5.674351268809080251e-02 2.004142235136534467e+01 3.462637932146790831e+01 1.387454841708390063e+01 2.649179387119368911e+01 3.211129721109434598e+01 2.901976385992524143e+01 1.637501390504382925e+01 3.519529066665216988e+01 4.019461985457399322e+01 2.213556756353388622e+01 3.768311556773720383e+01 3.208799230350505383e+01 1.296458779528099647e+01 3.363238832992935556e+01 4.483061254256161732e+01 5.066513188649718558e+01 5.846541892787172401e+01 5.170347979815182526e+01 5.170328015634344609e+01 3.873376926416796806e+01 4.171180401231312374e+01 3.344051908476608048e+01 1.438837887067247401e+01 3.439256666131472429e+01 2.071449268291191714e+01 2.452474722821839848e+01 4.446572482971580342e+01 5.870216161014630529e+01 6.253264740041647229e+01 6.385059808403116222e+01 6.404259427628844037e+01 7.235078431154730083e+01 7.319734420985473378e+01 5.304635404734633397e+01 4.168112748937554812e+01 6.156316498475038657e+01
9.518805923843161321e-02 1.428776184545538008e+01 3.468782270680234348e+01 3.506725621548242344e+01 2.440568213526629648e+01 4.456192126042551394e+01 4.316088554554444556e+01 3.520272790744156310e+01 2.369698381936734677e+01 4.261662278310453900e+01 4.577643208299008393e+01 5.278631027073568305e+01 4.170298459129270441e+01 3.363238832992935556e+01 1.672627071321152314e+01 3.678418557827325230e+01 4.874672626915115359e+01 5.993974346209127901e+01 7.205982363874869634e+01 6.694933641109456346e+01 5.867522081209170182e+01 4.510614361078188495e+01 2.518933120178061458e+01 3.446015957074889258e+01 1.544246868614207457e+01 3.548706603368587764e+01 4.418671317245839703e+01 5.250854910059943137e+01 5.707631060102817599e+01 4.352366596349337868e+01 4.420053993026958494e+01 4.423280532957841160e+01 6.404259427628781509e+01 7.180039647943482350e+01 5.169927383818321687e+01 3.787058962018144115e+01 5.758675688563211992e+01
9.062254805971975413e-02 1.423294650674477246e+01 3.424188384632427784e+01 5.222049852235412004e+01 3.899839073028919501e+01 3.899839073028919501e+01 5.799347212095759119e+01 5.060473875755067041e+01 3.314647436506180611e+01 3.460066456609348506e+01 5.352400805090579183e+01 6.027903077342511295e+01 4.093049275026726264e+01 2.962221008836961644e+01 2.121561728415756676e+01 2.104229421383628917e+01 3.251829171783837324e+01 5.192224569837127746e+01 6.021797709491796979e+01 6.988560267118448621e+01 5.921536204553153482e+01 3.926191398062903914e+01 4.510614361077988832e+01 4.376321337998552963e+01 3.548672881192962336e+01 1.652578381950859665e+01 3.653555117865968782e+01 3.832531117553014610e+01 4.226359396739289309e+01 3.037182099004651548e+01 3.046520881272696357e+01 5.003491243503630415e+01 6.795041497340370995e+01 5.702919664875690842e+01 4.895624988174839132e+01 3.436133520881507053e+01 5.392555638008697372e+01
3.063233560239582431e-02 2.003063233560203926e+01 3.650590301302987228e+01 4.650590301303004992e+01 5.799347212095759119e+01 5.799347212095759119e+01 6.544260631441898113e+01 6.015298060772141042e+01 4.647075963538055277e+01 4.546221915772680688e+01 6.156614417947456985e+01 6.831234137081638380e+01 5.713374848173696563e+01 4.504146580689139512e+01 2.554892213819347546e+01 4.071965631030766986e+01 2.537992087807715080e+01 3.282635502073053146e+01 4.254142825938225059e+01 6.185485732704346162e+01 6.753992961588916444e+01 5.921536204553153482e+01 5.829271504339209997e+01 4.290952173470036257e+01 2.293116024586042201e+01 2.197323878280117881e+01 1.762714157677854132e+01 1.840573250879344158e+01 3.071141495326993720e+01 2.063639498682445961e+01 4.020439449688388578e+01 4.831537039491634289e+01 5.443024712176163860e+01 4.066207023414973776e+01 2.952988628303937091e+01 4.895424183469560120e+01 5.394392265146049681e+01
5.666595628964066211e-02 8.221631765566971950e+00 1.822163176556714959e+01 3.822163176556785658e+01 5.397459140840891223e+01 4.799641341254805837e+01 5.432152769540430626e+01 6.260920055201923873e+01 6.564502248966515197e+01 6.453661647893548547e+01 7.267620901568817260e+01 7.098554553078125195e+01 5.329829009571582787e+01 3.393432071051830690e+01 3.212369619589243541e+01 4.811216317153187561e+01 2.869695843451299666e+01 4.811216317153187561e+01 6.021797674614198570e+01 6.988560267118448621e+01 7.728329609726991123e+01 6.724851887729374766e+01 4.998011745447361420e+01 2.998145273256393750e+01 4.290952173470036257e+01 4.390111041172580997e+01 3.759535320893424171e+01 2.358776425003138044e+01 1.950594482659723639e+01 3.957321637496962552e+01 2.177311913079565286e+01 3.596855620887900784e+01 4.404466000247118984e+01 2.706140145965448340e+01 4.649891434394438505e+01 3.238048538171624813e+01 3.439282102297688226e+01
2.110006612196471329e-02 1.416323568985279024e+01 3.416323568985207970e+01 4.650590301303004992e+01 3.397246607523248940e+01 2.799520175751917961e+01 3.431976010071614525e+01 4.586690892971347466e+01 6.001043731968467654e+01 8.001880218626243391e+01 7.660568643027841063e+01 5.729875277812267598e+01 4.364295747051136232e+01 5.329829009571582787e+01 3.900904817085476139e+01 5.394487748514981007e+01 3.459995175461827444e+01 3.459995175461827444e+01 4.829087908818883079e+01 6.759484631663447374e+01 6.894263176397888060e+01 4.890066001750422231e+01 3.892778048449911665e+01 4.411666143125167849e+01 5.829271504339239840e+01 5.886588278132533247e+01 4.518447774436008046e+01 2.394266179223667024e+01 4.046720357905792298e+01 4.765416545160049111e+01 3.442971857404236147e+01 2.290604119689217555e+01 2.462363963877686146e+01 4.410522259421608027e+01 4.649827077170554901e+01 5.186101963506061452e+01 4.111417254004603450e+01
9.367352646185668485e-02 1.423580915019293158e+01 3.423580915019363857e+01 3.297060504410056581e+01 1.983023490836783154e+01 3.983095294717663393e+01 5.432152769540430626e+01 5.065046869270528873e+01 6.479504742921876925e+01 8.480513734386245517e+01 7.872569587701160287e+01 5.940893016787585879e+01 6.295362272092034317e+01 6.562603504459283954e+01 4.632801949743841874e+01 6.038173292232251299e+01 4.107116633797034666e+01 3.905988586859626110e+01 5.272415262793457202e+01 7.202208584488158749e+01 7.728329609726991123e+01 6.724851887729374766e+01 5.044743523312023115e+01 6.413575250836832709e+01 6.432365015027929189e+01 5.032093200572487035e+01 2.883359850561445015e+01 4.518447774436008046e+01 5.378210659071402233e+01 4.832398337722160164e+01 3.444403770677273968e+01 2.380526858894738140e+01 4.358034510092230107e+01 5.237403408579501729e+01 6.638447843907415802e+01 6.937948740759534871e+01 6.096592584218412014e+01
3.648181865326004941e-02 2.003648181865290567e+01 2.664582644174154069e+01 1.297029147930503079e+01 3.297060504410056581e+01 4.810630528023953190e+01 6.139987324128176027e+01 6.379127414259458817e+01 7.207340200532762253e+01 7.442869470901345608e+01 8.271000524801183929e+01 7.872569587701160287e+01 7.927569767961291802e+01 5.997215965935032500e+01 6.562603504459283954e+01 6.767358495058378764e+01 4.838115754202272711e+01 4.518088031328481691e+01 5.022183704715010322e+01 6.135770811405866709e+01 8.065974656212668492e+01 7.883955201693760273e+01 7.049763292607326548e+01 7.047517893529290234e+01 5.585206932919651734e+01 3.443006226935408165e+01 5.032093200572487035e+01 5.886588165821787300e+01 5.933717086233748006e+01 4.339665790264821510e+01 4.379900615961698662e+01 2.470366811204900159e+01 3.892648236668254214e+01 6.042154921577626681e+01 5.805468590636462523e+01 5.805468589892137743e+01 7.745025771542034931e+01
