MOVIE_S10_data/elevation_000534.asc
nrows	100
cellsize	150.0
xllcorner	0
ncols	100
yllcorner	0
NODATA_value	-9999
[rows 0 to 16 of 100, columns 37 to 73 of 100]
1.130033277449699511e+02 1.095129833117270692e+02 1.066869176701225257e+02 9.836459552128981443e+01 9.992428188558095314e+01 1.082679043306328737e+02 1.028799881233670277e+02 9.421367676664826263e+01 9.697639516342029253e+01 1.056147018885906306e+02 1.138657887058645457e+02 1.054708274778676440e+02 1.138657887058645457e+02 1.081299609484104565e+02 9.969018911249399650e+01 9.792452907507960447e+01 1.051800499674844787e+02 1.113460482000442227e+02 1.196093160813169050e+02 1.207997040252209899e+02 1.291176985519048230e+02 1.383932695517760862e+02 1.266080370232677978e+02 1.181514238818071760e+02 1.109662923896326276e+02 1.048548417723671520e+02 9.944907955883709860e+01 9.455265757097413371e+01 9.004564762121533761e+01 8.584775933027020756e+01 7.661797317691625153e+01 5.647950561978545636e+01 5.288868158961215471e+01 6.809143601331638251e+01 7.645806517004764657e+01 8.609865198857391988e+01 8.487950569723896876e+01
1.045629995081316821e+02 8.947828649933175882e+01 8.947828649933175882e+01 7.838797017101916254e+01 7.992744188049334753e+01 9.669272827239092294e+01 9.052269293339602996e+01 7.264414366578863280e+01 7.545787499646236540e+01 9.697639516342029253e+01 1.036604631601331761e+02 8.500076911545225755e+01 1.029063655246052349e+02 9.534182842287793846e+01 8.175108614659711748e+01 7.382204625477899640e+01 9.074773477061744131e+01 9.220452621785499048e+01 1.067693805251815746e+02 1.009578302469832636e+02 1.207997040252209899e+02 1.299347050908993708e+02 1.095254633568801381e+02 9.782880307447267398e+01 9.069690376737729309e+01 8.462833165496884646e+01 7.926061451528106261e+01 7.439669632511726149e+01 6.991328262415503048e+01 6.572753380292634517e+01 6.178142273842773591e+01 7.661797317691625153e+01 6.809263262400340011e+01 4.786191715803058599e+01 5.754047203384065767e+01 7.182211878664234916e+01 6.470646175595211957e+01
1.045629995081316963e+02 8.947828649933175882e+01 6.969189600315446853e+01 6.709746324428101616e+01 6.861010958047134523e+01 8.837860229404977019e+01 8.175215173185671347e+01 6.053246143951007241e+01 8.176050363226497097e+01 1.008860506880348140e+02 9.523579829665992236e+01 7.531433791185993698e+01 8.748549035205867597e+01 7.791765376024373779e+01 6.935577697865373636e+01 8.090401832244889135e+01 7.823209167907188544e+01 8.268875144094569407e+01 8.764879202116325985e+01 9.688595251244616691e+01 1.107882126980276638e+02 1.308111953524139608e+02 1.266080370232677978e+02 1.181514238818071760e+02 1.109662923896326276e+02 1.048548417723671520e+02 9.944907955883709860e+01 9.455265757097413371e+01 9.004564762121533761e+01 8.584775933027020756e+01 8.190185846173882567e+01 9.028790498833737388e+01 7.646167200041421097e+01 6.345138480051361540e+01 4.314828776278223899e+01 5.908038405082843525e+01 5.047365011045082639e+01
1.051198503933311343e+02 9.097230354415513887e+01 7.116195870542607338e+01 5.740972165115240244e+01 7.696427437104594560e+01 7.905356856543944843e+01 7.533121882010536297e+01 5.445611329779806198e+01 7.533262197657430193e+01 8.068463838204039007e+01 9.059016413180596317e+01 7.722008962529362464e+01 6.651172655564572267e+01 6.489806957012787336e+01 7.314216841241295697e+01 9.220234084929802520e+01 9.127331209166815995e+01 8.582388417028698768e+01 1.045398540304934016e+02 1.150377643994441001e+02 1.249653199696544448e+02 1.308109598937905105e+02 1.223591124200576132e+02 1.258419199070032306e+02 1.173980116253685253e+02 1.151669559699033272e+02 1.137899059996738060e+02 1.054274854341979477e+02 1.054464290669778137e+02 1.051300108574890828e+02 9.670807468550414399e+01 8.926441364905575426e+01 8.495755407369489376e+01 6.950915590212996165e+01 5.635025437739767540e+01 3.871397537983081349e+01 5.256772200083006652e+01
9.667468350331994031e+01 8.642708443951354980e+01 6.670013792643717920e+01 5.285842994972189501e+01 6.656235384091394280e+01 5.921880589731105715e+01 6.664550196714405672e+01 4.904050196493660252e+01 6.062600358895771535e+01 7.277599381824133218e+01 7.451983604235408620e+01 6.784847112649808309e+01 6.079715623569071425e+01 7.989536371658232383e+01 9.192236105481514130e+01 8.877572357125008295e+01 1.090195582375358327e+02 9.877620145897982695e+01 9.732058438645631782e+01 1.111083872328409967e+02 1.310955061679125890e+02 1.223591124200576132e+02 1.020058781756284247e+02 1.079672024667434727e+02 9.709123465239385098e+01 9.487389883283009340e+01 1.054274854341975498e+02 8.524043150157304183e+01 8.524076695419641680e+01 8.447465051280296677e+01 8.418164993862841072e+01 7.117738631153285667e+01 6.531900923182232077e+01 6.225586600469499388e+01 4.192393330722268985e+01 5.658685171741422693e+01 3.622038938661709295e+01
8.882541131950300439e+01 7.887893630390333044e+01 7.063157929128912826e+01 6.656235384091394280e+01 4.675191300303919206e+01 4.496643526122421264e+01 4.664099028671381575e+01 6.305953630074974114e+01 5.157407923443325615e+01 5.337952278794455907e+01 5.519491754353978763e+01 5.711355847680000863e+01 7.636366602996604058e+01 8.321474947160754709e+01 9.131669223144807290e+01 1.092765282508630094e+02 1.175989316351095226e+02 1.184545395523600888e+02 1.169624788325415210e+02 1.252666691804061401e+02 1.322649821943188613e+02 1.204937270253273738e+02 1.079672024667434727e+02 8.773564912197817023e+01 9.715298232126458799e+01 8.063392108839994421e+01 8.916454655699892839e+01 8.585675314007481518e+01 7.102409539282548678e+01 8.039281406952545694e+01 6.399448584292832010e+01 7.128193399966038157e+01 5.538423271923631575e+01 4.522296252009589779e+01 6.225586600468899690e+01 6.369401275857216405e+01 4.393520844940752568e+01
8.054761926365073066e+01 6.071778467894436204e+01 5.068402360235116078e+01 6.065680675189732085e+01 4.263851005693948082e+01 6.276038081946805391e+01 6.664550196714391461e+01 7.058411663433560079e+01 6.199110829073937623e+01 7.276597893048798937e+01 6.091839743586088929e+01 7.636351770365618563e+01 6.124269433101224536e+01 6.419382792784649894e+01 8.321474947326240112e+01 9.566282108255012417e+01 1.094973776870726851e+02 1.151608110374117899e+02 1.151608110374117899e+02 1.234711856327069484e+02 1.238076272797508182e+02 1.034314133981906281e+02 9.177953668541326238e+01 8.279182683889285954e+01 7.699961113846156024e+01 7.290594087217037611e+01 6.904402467487528838e+01 6.574013705115181949e+01 8.039281406951531039e+01 6.027143545249703038e+01 5.387469311369223135e+01 5.128618535915405374e+01 4.874694236901554945e+01 5.956144713945290903e+01 7.387586917066550996e+01 6.376153953657392748e+01 5.793668953053204973e+01
8.882190056429254810e+01 7.883430785959180298e+01 6.065680675189732085e+01 4.053431346521938394e+01 5.863947652463698290e+01 6.657202715386085856e+01 7.870101728231421134e+01 8.544929771794350870e+01 8.032859778017557062e+01 8.561387042880123488e+01 6.679082244925442069e+01 8.594043825688137872e+01 8.034723766128459488e+01 8.321474947326240112e+01 6.852125511356177867e+01 8.182826447802759162e+01 9.664625908193502823e+01 9.530026896605556885e+01 9.530026896605556885e+01 1.151608110374117899e+02 1.302528453506224366e+02 1.098407437958903898e+02 9.552036964729775548e+01 1.029811329599441478e+02 8.859886767247697037e+01 8.711393074227349587e+01 8.324700569201604594e+01 8.130123666559843798e+01 6.118061873989128685e+01 5.810012770099438484e+01 7.403454383805481598e+01 7.147104334516060931e+01 6.945916031029020132e+01 7.731636187470321886e+01 8.759786041575453908e+01 8.385907125481855928e+01 7.782397141994947276e+01
8.728745510772637317e+01 6.744716680421650778e+01 5.333525868900068900e+01 5.860393686508142252e+01 3.856760297736828136e+01 5.257447070890037821e+01 6.920228580758623593e+01 7.684092014366315482e+01 8.539150378962398236e+01 9.405050444162621659e+01 8.027610365169094564e+01 7.884489429556619200e+01 9.815037893754205811e+01 9.566277368729626573e+01 7.687048011721624619e+01 7.342246397616349896e+01 7.736574767525631557e+01 8.162852792747649744e+01 1.011172870607150571e+02 1.182677887300751394e+02 1.282670997611529344e+02 1.242712919667137754e+02 1.158193094116571871e+02 1.172802600223791245e+02 1.088381202382787762e+02 1.073440403546565136e+02 1.034507539691377076e+02 8.968302980315903028e+01 8.130123666560868401e+01 7.824736941709663540e+01 8.654119329388080928e+01 8.154634004162365102e+01 8.008882985363590024e+01 7.178754810575354384e+01 8.008882985369247365e+01 8.212121885270741473e+01 7.625542219131293109e+01
8.393863022128692819e+01 8.149852607478423749e+01 7.325337939710483681e+01 5.722974906350308544e+01 3.721632134414278426e+01 5.515014114784557364e+01 4.992759560719640888e+01 5.692507771356763158e+01 6.823901986526563235e+01 8.859133444340862695e+01 9.961562523020199933e+01 9.815037893754205811e+01 9.815037893754205811e+01 1.043537305165132381e+02 8.782468504201500537e+01 8.103264772061282883e+01 9.664625908193502823e+01 1.011172870607150571e+02 9.018024432069236695e+01 9.998477720769814425e+01 1.199463038035562334e+02 1.220782180207270358e+02 1.121664186378640267e+02 1.039620124477989265e+02 9.730957261727847651e+01 9.127299263994493117e+01 8.640928336539728605e+01 8.203024656073692711e+01 7.784314033150161549e+01 7.423955908583646135e+01 7.083109507587947462e+01 6.154033394616090646e+01 6.452574777870334799e+01 5.157008969789338693e+01 7.000593257615969378e+01 6.199837401689409688e+01 5.609291130364323408e+01
6.191176826271765776e+01 6.595610507640839160e+01 6.997930275690539759e+01 5.000585099077234474e+01 3.586873558048252875e+01 4.096862844809550097e+01 6.229163508215349054e+01 7.684092014366315482e+01 8.539150378962369814e+01 9.722496669392059232e+01 1.044557365496222161e+02 1.127886796806885457e+02 1.178664188198360847e+02 1.157571733805116594e+02 1.074726713825493363e+02 1.004715309542184656e+02 9.466538920960216785e+01 1.144887970991315882e+02 1.015237748522618233e+02 1.182677887300751394e+02 1.282670998091237493e+02 1.138803057214181820e+02 9.404372385897067943e+01 8.400469502203257832e+01 7.728849636897518849e+01 7.121940812176019620e+01 6.634201787228808200e+01 6.194959242886062611e+01 5.774058440499017308e+01 5.409871564501242602e+01 5.060366149507445499e+01 4.719083500788367047e+01 4.422633854771757456e+01 4.135088043742245389e+01 5.786572912711182681e+01 5.535781486852427236e+01 4.170601117775203903e+01
4.682520961100266987e+01 4.449133562286922938e+01 5.225069407989496995e+01 5.266989358344301309e+01 3.456191915252618685e+01 5.301393624873142585e+01 5.704364964997099463e+01 7.628568026749137232e+01 9.408469172628844035e+01 8.810486826837718866e+01 8.443009447936795198e+01 1.039633190234487188e+02 1.140228014513232040e+02 1.282634415353633415e+02 1.187458401768336671e+02 1.104371123881100090e+02 1.144887970991315882e+02 1.227948096913618912e+02 1.214972068408757337e+02 1.298194495549825547e+02 1.411479503092479035e+02 1.220780022404714913e+02 1.121664009221010048e+02 1.039620124480743186e+02 8.761708219423826449e+01 9.127299263994493117e+01 8.055765625127661167e+01 7.043856036721450664e+01 7.784314033150161549e+01 7.229825713638855689e+01 5.742626474190235086e+01 6.745696466213858855e+01 6.430598318813581216e+01 5.786572912711182681e+01 3.751585636284000458e+01 3.501277265793428484e+01 3.259496592914183566e+01
4.840490875330651477e+01 3.011361405013034798e+01 3.141465670662607579e+01 3.271822483171421680e+01 5.263949494252980088e+01 4.867437625372503618e+01 6.865029586228911285e+01 8.435326271559954137e+01 7.428970357032365257e+01 6.846645927082980165e+01 7.572324916306580178e+01 8.557028849141532589e+01 9.978216136728325125e+01 1.110762416336933853e+02 1.072278160234340874e+02 9.053255815595235845e+01 1.059668062915413316e+02 1.142681745778787104e+02 1.242679977348688709e+02 1.425896070328035989e+02 1.329191852071371613e+02 1.129803151121929830e+02 1.166391679945979831e+02 1.157516450275306283e+02 1.075399823760934908e+02 1.087550462157650628e+02 9.833853305315585658e+01 8.188808772231647026e+01 9.413252809617790717e+01 7.262545688321392845e+01 7.219466184841996892e+01 8.576761365642927615e+01 7.215858573117920116e+01 5.194543408455308509e+01 5.194543408450261524e+01 4.943232358580198138e+01 4.699383673020736296e+01
2.829638405468043061e+01 2.982602344768006475e+01 4.817689342768613869e+01 4.210489164570303444e+01 5.926546267596006601e+01 6.864807870911178611e+01 7.690942672246349332e+01 7.379492960263202406e+01 6.069245097218595930e+01 7.174504920779311590e+01 9.148355026849345961e+01 1.039633190234487188e+02 1.027289887716339365e+02 9.119669038500326508e+01 9.119669038500325087e+01 7.919027954381870416e+01 8.610674036010024679e+01 9.598422667497288785e+01 1.159493859081097753e+02 1.343612717540778760e+02 1.144263976471938662e+02 1.166391681332839880e+02 9.665478254821027804e+01 1.051011801441780875e+02 1.103195506214651260e+02 1.185730129053482216e+02 1.090977235563889565e+02 1.011562863510912393e+02 1.039703846424764464e+02 9.534745991007891064e+01 9.350476059042863142e+01 9.416554257078313128e+01 8.045597968205234451e+01 7.215858572225964451e+01 7.215858545343549224e+01 6.966321627432532182e+01 6.723847320293113228e+01
4.840490739221498018e+01 4.988124487103557669e+01 3.201399495446890597e+01 5.137120422523826591e+01 6.310550107831421229e+01 7.625522626303730078e+01 6.808673788616688682e+01 5.443750968842109472e+01 7.379492960271602442e+01 8.834755080540003291e+01 9.980158259849727642e+01 9.697640640415156099e+01 8.293664404923798372e+01 8.482577043773498815e+01 7.156019631763560085e+01 8.538848453802262384e+01 1.052189397138383811e+02 1.142681745778787104e+02 1.242679977348688709e+02 1.295994067935151293e+02 1.096550295178360130e+02 9.811197768322942636e+01 9.142299535501710750e+01 8.502755932050372678e+01 9.028629010531737720e+01 1.070250619474859377e+02 1.074662908005711017e+02 1.157334608692621742e+02 1.093065997234788398e+02 9.630866462665524352e+01 8.889445955452058001e+01 7.615861143087519736e+01 7.687895114406785524e+01 7.200494468042317919e+01 6.747274281407331387e+01 7.286548767505713897e+01 6.476833452720696016e+01
5.872676587000267290e+01 5.859310949665026413e+01 4.991741995783935693e+01 3.423452875197919809e+01 5.532181306077064420e+01 6.288779293267523940e+01 4.863406709749871482e+01 6.808673788616688682e+01 8.200303578190002440e+01 9.612399388218389618e+01 9.435275500749193611e+01 8.612151218483485593e+01 6.911057880132993603e+01 6.524562082872297708e+01 8.482577043773498815e+01 9.369092323053085636e+01 1.006868915939458020e+02 1.089764090624433663e+02 1.189569140285820055e+02 1.378333021383122627e+02 1.263295705127779058e+02 1.180845152045823880e+02 1.051011801441780875e+02 9.875334432590707934e+01 7.854104233018992431e+01 9.325225283924228847e+01 8.736700645040777147e+01 1.074648091665794283e+02 1.010223620744508963e+02 8.044922946337952396e+01 7.020895640462993015e+01 6.260277710233891924e+01 5.668893030698603752e+01 5.165439193037411769e+01 4.694531099849372424e+01 5.885795670665456214e+01 5.838393137275821232e+01
5.872676773843620879e+01 6.477469776514600142e+01 4.707147743103907800e+01 3.582219154503005143e+01 5.578461964357959602e+01 4.329220313977518941e+01 6.288779293267523940e+01 7.625522626303730078e+01 7.638914744636382181e+01 7.638914744636382181e+01 8.298042833027525944e+01 6.649635746007027137e+01 5.932608650201405709e+01 6.396355630977888040e+01 6.883809420863583739e+01 7.402228833647946260e+01 8.089930491099694621e+01 9.072778306369168888e+01 1.106460001241998583e+02 1.214591731702833783e+02 1.131785317318420141e+02 1.214591731702833783e+02 1.250626115666117215e+02 1.070250619474859377e+02 9.325225283924228847e+01 7.287914553840541032e+01 8.318474402373328758e+01 1.033065953417743117e+02 1.094384423155193389e+02 9.874951339940932371e+01 8.274870364436958425e+01 8.274870364436958425e+01 7.687895114406785524e+01 7.200494468042317919e+01 6.140675273258879940e+01 4.067371115430820794e+01 3.768191242692957843e+01
