MOVIE_S10_data/elevation_000583.asc
nrows	100
cellsize	150.0
xllcorner	0
ncols	100
yllcorner	0
NODATA_value	-9999
[rows 0 to 16 of 100, columns 0 to 36 of 100]
8.271705653423140625e-02 1.422485268026530747e+01 3.422485268026601091e+01 4.290448484530484308e+01 4.451778565631730800e+01 3.623767810274826218e+01 3.961789531521854713e+01 4.309894015957630131e+01 4.676053275429946865e+01 5.076708549877609755e+01 5.504069827873088627e+01 6.335874730121579290e+01 7.493828598047365119e+01 8.373829657496121115e+01 9.213115958460740273e+01 1.020391310068091002e+02 1.010197125364637429e+02 9.271621213431875219e+01 1.010197125364637429e+02 1.125734787102951771e+02 1.211743932882808537e+02 1.105242869702825601e+02 1.021104041559363225e+02 1.034926724862855991e+02 1.010670444583165590e+02 9.261282746949595435e+01 9.750717618209002069e+01 1.059274856747897218e+02 1.039729811305778924e+02 1.124319430767196479e+02 1.242473189052474964e+02 1.264492296360850787e+02 1.181920836039643774e+02 1.181920836039643348e+02 1.197250688289811791e+02 1.150140194828638585e+02 1.150140194828638585e+02
7.813061968023242432e-02 2.007813061967987878e+01 2.596297922093550881e+01 2.290586008484480018e+01 3.164979934730332189e+01 1.623883619990608551e+01 1.961945321874801706e+01 2.310100633756508159e+01 2.675249005349375153e+01 3.075249008010240814e+01 3.501650503770795098e+01 4.656635463270337283e+01 6.661532652928367781e+01 6.357012872563563377e+01 8.373838207795490973e+01 8.207815219635942583e+01 8.207815219635942583e+01 7.281422436041408730e+01 8.427264697697980012e+01 1.042503366377528238e+02 1.010886694996357704e+02 9.875719917972395479e+01 8.170092612488019768e+01 8.342343101074122558e+01 8.342343101074121137e+01 7.227415492385509310e+01 7.713605925607132008e+01 9.216661640913666531e+01 8.352678167758200800e+01 9.530567700614011528e+01 1.158128701528382578e+02 1.181920836039643632e+02 9.846311090738835503e+01 9.846311090738835503e+01 9.998406898619492722e+01 9.530647116363873295e+01 9.530647116363873295e+01
2.526786264046545702e-02 2.002526786264010994e+01 5.963210008516946381e+00 8.763770176572942106e+00 1.165052152252103568e+01 1.920981078426135369e+01 3.920635457175134775e+01 4.309894015957630131e+01 3.829622068035352100e+01 5.076708549877609755e+01 5.504069823590653954e+01 4.231967669541813137e+01 4.939202546558671258e+01 6.947691006218919085e+01 8.859359955609915005e+01 8.031843772475602350e+01 6.226485539615420350e+01 8.207815219635942583e+01 9.323745087025288569e+01 9.064456532919670906e+01 8.697513862929820050e+01 9.032698652068646084e+01 6.994563048484987178e+01 7.929455802045752932e+01 6.423301013402314652e+01 6.058699799750455384e+01 6.600443910960888161e+01 7.183652476524861186e+01 8.617691694128664892e+01 1.066338800613990117e+02 1.131767107305681037e+02 1.049607380034330362e+02 1.042415932243704191e+02 8.454780768121668189e+01 8.607027728434675851e+01 8.137864840888981632e+01 1.005990166651314439e+02
4.163169627051844027e-03 2.078066559087906384e+00 5.280629635189662885e+00 2.528105998637071039e+01 3.164979947777245783e+01 3.920635457175134775e+01 3.335112518687137850e+01 5.331008893798323811e+01 5.816487481418563021e+01 6.545008593394597085e+01 7.064930272710091685e+01 5.126754473762294140e+01 6.947690264353346379e+01 7.784540665452372821e+01 7.714217231214121284e+01 6.054527951489097859e+01 5.663143652269557293e+01 7.635854607579321396e+01 7.333642887370925223e+01 7.076190019879875592e+01 9.064456532919670906e+01 9.875719917972395479e+01 7.943269346869246306e+01 5.907342835945411963e+01 5.431407773172308140e+01 7.462931599206461897e+01 8.629906634060726844e+01 9.216847163956660438e+01 1.006350930700272102e+02 1.131767107304233235e+02 1.017755193466411754e+02 8.524960938034129754e+01 9.766369417046892920e+01 9.439470045279392707e+01 7.461278290934509982e+01 7.384177322816192657e+01 8.085175498933004690e+01
5.883922493566802470e-02 2.005883922478054160e+01 2.528105998636390339e+01 9.994674843106496454e+00 2.999594512433267113e+01 4.329141494075476260e+01 5.332722013835886798e+01 6.155730762730181738e+01 6.199597966534124538e+01 7.019366042317727761e+01 7.964085331749448926e+01 6.546991658821876570e+01 7.985598267945303519e+01 8.290149790155234655e+01 6.310370280195829906e+01 4.931506369245655463e+01 6.659213473895142954e+01 7.109565536595123092e+01 5.939878350992387368e+01 7.076190019879875592e+01 9.064456532919670906e+01 9.744820454301643053e+01 8.786744980139678773e+01 7.072448804298274183e+01 5.040140408098591962e+01 6.056029232813230578e+01 7.227786292941053148e+01 8.666548105854580797e+01 1.071022898129374852e+02 1.049607380034330077e+02 8.524960938034129754e+01 7.376048064476144361e+01 7.787432440770504627e+01 9.187070742596414163e+01 8.663559402430706768e+01 6.668598544228635205e+01 8.120599829161821503e+01
1.256007409845548775e-02 2.001256007409810067e+01 3.828548535670913111e+01 2.999594512433267113e+01 1.499467484345521662e+01 3.499723601872754841e+01 4.461517975746580333e+01 4.933286897584566333e+01 4.197150911978361165e+01 5.611266670865018114e+01 7.609493617288769940e+01 8.576781110124856866e+01 9.021481268267042708e+01 7.036516314886920043e+01 6.462808860535250233e+01 4.510821720049922590e+01 4.703902810573759297e+01 5.146526406270813681e+01 6.272696333268129365e+01 8.252750127984627682e+01 9.894310005319366041e+01 8.900211326111178778e+01 6.864106412241103783e+01 6.766066785730848210e+01 4.734597994142541211e+01 6.766066785730100719e+01 7.004801413613083128e+01 8.443502131013654832e+01 1.048504202846935272e+02 1.027786428523029088e+02 9.457187544919477773e+01 8.367049661581049236e+01 6.360785950535300515e+01 8.367049661581049236e+01 8.462846081137456622e+01 7.639481937093563602e+01 6.105678815110012891e+01
9.594114293757748102e-02 1.423807676666865341e+01 3.423807676666935862e+01 4.329141494075481233e+01 3.499723601872754841e+01 2.043798539439878326e+01 2.460827370801360203e+01 2.932231909914261792e+01 3.639339481589034619e+01 4.794130349261413926e+01 6.209524760681311761e+01 8.222455215223968139e+01 8.559929465738196086e+01 7.036529512084675275e+01 5.075047179164545241e+01 4.105831758044153901e+01 6.055791502760961009e+01 7.109565536595123092e+01 7.934389874199759163e+01 9.080788839218284636e+01 9.854786221915989586e+01 7.814681433551838552e+01 6.377962765609707674e+01 5.205822737522061772e+01 4.440039614991700745e+01 5.346423157111930635e+01 7.378534369437286955e+01 8.648888646054771812e+01 9.667454979834099049e+01 9.457187544919477773e+01 7.471509124201993757e+01 7.830853130563136233e+01 5.801805918746580204e+01 7.830853130563136233e+01 7.194299515277590729e+01 5.601213537721300639e+01 6.779212383790856222e+01
7.711341127313005306e-02 9.021913409769620529e+00 2.058692225963567779e+01 4.090190820174817077e+01 4.874373352032828421e+01 3.458069853259026161e+01 3.615548684670424251e+01 4.933286897584566333e+01 4.933286897584567043e+01 5.053808117721946758e+01 7.057172418152630655e+01 8.559929465738196086e+01 6.547749433925559970e+01 6.909667272809922167e+01 5.780025672162192762e+01 3.828505266176794919e+01 5.780025672162192762e+01 6.781680240944187688e+01 7.604342156375227546e+01 8.600125391798242447e+01 9.398301479175484019e+01 8.553666875235035150e+01 7.645126284102637726e+01 5.612316303140546125e+01 4.180246333288719995e+01 6.207712561700645182e+01 5.771623211581233903e+01 6.786514333019391643e+01 8.822592799378375616e+01 9.457187544919476352e+01 7.471509124201993757e+01 6.032692733746456781e+01 5.286866324557432506e+01 6.769643339471662102e+01 5.135702326178343924e+01 6.599796045176240966e+01 8.400650617147573485e+01
2.297228869525369793e-03 2.000229722886917116e+01 3.744628557583480699e+01 4.943975495252516339e+01 5.377630418277341562e+01 5.459473411313231850e+01 5.617133518178123097e+01 6.449080609243981144e+01 6.938377786925437363e+01 7.057172418152630655e+01 7.889976369779195409e+01 8.342537228192884413e+01 6.327076465346861056e+01 4.921890573864763496e+01 4.219179456639385251e+01 3.558296765861113897e+01 4.176971821699031295e+01 4.823765659569752273e+01 5.795638085990913879e+01 7.769926120413352066e+01 8.553666875235035150e+01 6.518474354178461283e+01 7.114568442575755114e+01 5.954279283149134017e+01 3.929231821279797288e+01 4.601156492028162148e+01 6.035151378898476793e+01 8.068961865292421010e+01 9.667454979834099049e+01 9.266074036354535792e+01 8.444216608803078827e+01 8.052913316059047588e+01 6.769425851212609757e+01 4.697016716809600467e+01 6.769643339471662102e+01 8.020439037591047793e+01 9.357578177222619331e+01
9.647730019007895452e-02 2.009647730018972211e+01 2.971333167046520174e+01 3.435119868549493560e+01 3.385374411468237099e+01 4.570504359107426495e+01 5.274758790640985495e+01 6.099328570330786192e+01 7.247810046677098228e+01 7.844218012800502038e+01 7.955294346600190636e+01 8.575989652814256203e+01 6.728040972624881988e+01 6.104102497644051795e+01 4.472465187178905666e+01 3.326020673415174400e+01 5.272663990602013229e+01 6.781680240944187688e+01 7.574747877993115708e+01 8.590767565162433073e+01 8.553666875235035150e+01 6.518474354178461283e+01 5.083487634739516636e+01 4.368394958309131226e+01 3.696718402885318966e+01 5.720446942035908933e+01 6.819708481088262886e+01 7.663268799334693426e+01 8.680514931309632232e+01 8.444216608803959900e+01 6.428290566338219492e+01 7.018724672710226287e+01 6.533299012638303793e+01 4.457625069784170080e+01 5.938803340006049325e+01 7.969024549411102498e+01 9.207252507168364275e+01
3.582433992925927735e-02 2.003582433992890444e+01 9.897509386716324187e+00 1.437003372109883870e+01 1.971697680718967760e+01 2.575184169922087918e+01 3.282826453768751662e+01 4.434616450590321790e+01 6.422414569945097185e+01 5.838301044205007173e+01 5.942176856959630271e+01 7.367727700000334323e+01 6.719360708342119892e+01 4.828877258332015998e+01 5.041905531469878810e+01 3.099074987567679429e+01 5.049371978574355779e+01 6.302614487372530760e+01 7.101056270254301239e+01 8.127545463544259974e+01 7.920031415868403712e+01 7.083233735439648626e+01 6.937423820063646929e+01 4.907742907196846716e+01 3.474086536036347894e+01 4.116562912320217293e+01 4.789751322239273890e+01 5.803308379088582569e+01 7.836108583769062363e+01 8.444216608867736795e+01 6.428290566338219492e+01 4.960384703914304083e+01 5.989448327412875983e+01 4.225134589824961751e+01 5.167478170742322163e+01 6.369883374446552438e+01 8.384445942235028326e+01
1.813270376062421294e-02 3.867134498160263334e+00 2.231159133074239165e+01 3.413308524682760492e+01 3.069280442421791122e+01 4.570504359107426495e+01 5.274758790640985495e+01 6.099328570330786192e+01 5.829959434924846562e+01 4.417756366991398664e+01 4.525629001604292512e+01 6.536565715777010155e+01 6.447365268567328656e+01 4.524797273043181178e+01 3.458420582608903970e+01 2.875231082571925256e+01 3.617760883430047159e+01 4.417782365869636862e+01 5.492164007978052354e+01 7.339090716785206325e+01 7.083233735446566470e+01 5.061016241335102706e+01 5.653310032318143641e+01 5.018907011676324004e+01 3.252260407015057808e+01 5.298387330726977495e+01 6.819708481428814650e+01 7.663268799334693426e+01 8.680514931309632232e+01 8.702156930145940805e+01 7.536471888265546681e+01 5.989570189019175928e+01 3.907232635922268571e+01 5.989570189021882385e+01 7.135024588683948821e+01 8.047488729946239516e+01 8.630212533325206437e+01
2.372884694381488524e-02 1.944269460876870426e+01 2.056068945303911022e+01 4.093438697510115531e+01 5.062918642610395636e+01 5.888003765772283060e+01 5.748846993512744064e+01 5.242216004103737959e+01 3.823679648758861305e+01 3.259667726955430567e+01 4.678431172205012700e+01 6.686101311009852566e+01 5.916921358034202427e+01 3.961754919728857516e+01 2.571439955324145998e+01 4.254758296745435331e+01 4.680597628287713974e+01 5.466037767261438773e+01 6.423326737959699528e+01 7.714986092065848311e+01 7.083233735559775823e+01 5.061016241335104127e+01 3.640577827312158377e+01 3.082992780419197132e+01 3.034036624751674083e+01 6.076766801231431003e+01 6.887218294843303568e+01 6.887218294843307831e+01 8.922951065427166384e+01 7.878149105962876320e+01 5.847012592671996600e+01 4.639046565885431761e+01 3.688896487754897890e+01 5.495219103211732659e+01 6.336768995561972417e+01 7.114070728758537143e+01 6.781903583921130974e+01
8.175220331382776484e-02 1.438430438598939354e+01 3.525284823545739243e+01 4.928542008261106844e+01 5.417008126476751784e+01 4.586790233459371535e+01 3.737918734728010151e+01 3.737918734728009440e+01 2.410149908380431327e+01 3.823260725623773482e+01 5.829455468202834822e+01 6.637047068622278800e+01 6.490513598961604202e+01 4.533730882962215958e+01 4.254682224628409415e+01 2.281956257444096536e+01 2.914000535125125779e+01 3.595264752708226297e+01 4.717801016113814683e+01 6.852736177389768102e+01 7.674874149386015176e+01 5.653310032330260526e+01 4.828800910248329359e+01 2.814266035210935968e+01 4.828800910248207856e+01 5.715998039997493407e+01 4.858605306596633966e+01 6.291393337240644712e+01 8.325666988288470804e+01 8.282653309413576892e+01 7.455348742219389635e+01 6.620245627234193364e+01 5.495263503136266081e+01 3.383611453209141473e+01 5.486119292874975883e+01 5.164123452847756113e+01 6.438747770723546182e+01
9.124702163186203252e-02 2.009124702163150644e+01 3.002239879027747804e+01 5.002240118275926761e+01 4.586790233459371535e+01 2.579134869034422550e+01 3.167163510988942221e+01 1.727345481381958692e+01 2.625138628115006867e+01 4.688141741304090715e+01 6.067498841401219067e+01 4.677813567849262455e+01 5.771105081266073711e+01 3.810139302968507735e+01 3.809924962309392527e+01 2.084931725805244440e+01 4.067285866368570169e+01 5.534828746410028089e+01 6.423326737980349321e+01 7.027281941791704867e+01 6.186098297937339652e+01 6.074022863200018207e+01 4.050742987654079741e+01 2.629441671789426849e+01 4.643347942965279174e+01 3.694390922812488753e+01 4.858605306596633255e+01 6.887218294843255251e+01 8.627013729449558355e+01 6.597630442117306870e+01 5.379997557462328217e+01 6.257144177036906285e+01 5.327977053610656100e+01 3.187694213744272176e+01 3.852662336815297550e+01 5.163940847844443027e+01 4.423916856118516705e+01
2.239863785106879432e-02 1.002239863785115581e+01 3.002239865806869190e+01 3.442087783998795203e+01 3.002614025617346627e+01 2.673023404313893536e+01 1.165482804090544633e+01 3.167163510816380878e+01 4.427953492482881614e+01 5.786610188921311249e+01 5.251659774297817052e+01 3.290691484384672094e+01 4.011434531199630982e+01 3.557174347831322336e+01 1.809958204242509439e+01 3.810201037212238617e+01 3.348302300317442359e+01 4.730857085786125538e+01 6.689340055305146393e+01 6.186098297937339652e+01 4.162622808058002732e+01 4.755285057478887722e+01 4.224631166748982736e+01 2.448260877279098224e+01 2.875382505664222066e+01 4.890680390417132628e+01 6.558106436765075387e+01 7.730588780023411744e+01 9.445147128546113890e+01 7.717441692989423530e+01 5.652269140829638872e+01 4.204675377849705598e+01 5.098547472328966279e+01 3.027266609842203238e+01 3.018552676483550457e+01 3.122005567613785715e+01 3.226492348191965931e+01
1.766589122093755945e-02 2.001766452182397060e+01 2.106234139715591880e+01 1.855242142393329985e+01 1.062703756346511952e+01 6.769099399413337714e+00 2.673021757877858562e+01 3.997857367966462050e+01 4.715322140528463990e+01 5.255681788777895491e+01 5.285560203081082165e+01 4.011434263046513848e+01 2.018099292263399747e+01 1.537760573347621040e+01 2.980753183476632273e+01 4.623407875841983383e+01 5.304483466719879203e+01 6.121957103496561103e+01 6.261018381027257362e+01 5.419711208102960853e+01 4.755282074412740201e+01 2.741150994703892962e+01 2.214939265513063305e+01 4.224630654113897776e+01 4.890680347622228652e+01 3.948936381289387754e+01 5.114279547207721777e+01 7.143939262964184422e+01 8.402260248314060220e+01 7.581328465791341387e+01 7.097649060966584500e+01 5.381968540468407269e+01 3.394307939533733531e+01 2.872978050916110959e+01 4.929666864353846734e+01 5.193702713728037423e+01 5.294037871395835992e+01
