MOVIE_S10_data/elevation_000048.asc
nrows	100
cellsize	150.0
xllcorner	0
ncols	100
yllcorner	0
NODATA_value	-9999
[rows 68 to 84 of 100, columns 0 to 36 of 100]
5.009162696260269221e-02 1.419222725069342772e+01 3.419222724836392757e+01 3.688673018640369605e+01 2.953584082707769909e+01 4.367797645080815272e+01 6.367797645080744218e+01 7.113091748172979578e+01 5.111740295948924739e+01 3.692669471553305982e+01 2.808003296543612493e+01 4.816892811080512615e+01 4.969054011533351201e+01 3.097576684152743454e+01 4.488272286821331392e+01 3.400944017649742079e+01 2.572307495138138478e+01 4.608330333817708890e+01 6.625200489223503553e+01 5.444349116094455354e+01 4.596168035299467647e+01 3.497432941145667940e+01 1.477748486179717702e+01 3.493481743026787001e+01 4.967188001305804335e+01 5.821922461020408690e+01 6.268300799436239146e+01 7.120800906324579671e+01 8.359860805004409201e+01 7.974541689969335323e+01 7.146697879446418256e+01 5.873855577689555929e+01 5.611794750436599344e+01 6.619699678070482207e+01 8.617687290288337465e+01 8.530801248383649238e+01 6.711987141861384032e+01
4.695337527364121244e-02 2.004695337527328647e+01 2.688673018640422896e+01 1.688673018640440660e+01 3.688673018640369605e+01 4.341180067943714249e+01 5.048286849130249720e+01 5.876713973876410080e+01 6.526295004711060699e+01 5.395766323936859266e+01 3.390489653090730826e+01 5.395766323936859266e+01 5.549377506041643926e+01 3.686586578299417027e+01 4.841107960153755130e+01 3.164498645768900786e+01 4.490893367673567838e+01 5.644605223631030100e+01 6.082716472018122289e+01 4.011601938010765878e+01 2.436911622699279789e+01 1.863981277619197030e+01 1.544493671272416435e+01 3.550420387439713465e+01 2.921662669046233773e+01 4.371228174455897175e+01 6.418987988236828812e+01 7.592117486617581790e+01 6.353533368277354043e+01 6.353534026726594419e+01 5.130279597297528227e+01 4.698158114589169543e+01 6.721181085657971721e+01 8.445302058841645021e+01 7.794881924818398033e+01 7.706814221794289210e+01 5.700631827894096659e+01
7.614146464036156137e-02 3.456758483554420724e+00 6.886730186404583343e+00 1.105701846754604389e+01 1.708724535910121034e+01 2.341180067943785659e+01 3.048286849130320775e+01 4.202987387509531203e+01 6.202987387509460149e+01 6.063331097123188584e+01 4.060636777564202049e+01 6.063331097123188584e+01 6.196169192140416015e+01 4.333321646226139734e+01 5.266683485467817150e+01 3.571085669769132664e+01 4.723693276025420573e+01 6.599579521303381568e+01 5.720101753605839434e+01 3.651832142376478885e+01 4.494695624079019325e+01 2.431104967622844271e+01 3.568851827857112369e+01 1.640190653280949107e+01 3.589277017426926619e+01 4.106359572318362439e+01 6.547317283092117179e+01 5.655600370366155971e+01 6.171618881172521043e+01 4.321485256589954815e+01 3.942709280062496902e+01 5.982518241950354820e+01 6.518250560175924591e+01 7.123042009795483409e+01 5.809751619330453565e+01 6.175051276909812259e+01 5.014089148232665849e+01
2.352828262072655108e-02 2.002352828262037221e+01 2.688673018640422896e+01 2.519915409127674266e+01 2.048510888336651092e+01 4.048510888336579683e+01 5.048286849130249720e+01 5.876713973876410080e+01 7.031414512255520322e+01 6.891419954822603700e+01 5.062850589036737858e+01 6.891419954822603700e+01 6.938097364582854709e+01 5.078399317328029383e+01 5.777983786190424809e+01 4.014222083200991875e+01 5.778454393754154239e+01 7.177546532998397311e+01 5.125378419782958161e+01 5.726444542779295688e+01 5.319463603719918154e+01 3.284010743401670140e+01 4.238296885431203265e+01 3.390006238746649103e+01 1.738190190788119338e+01 3.672472018551530937e+01 5.929892293844311979e+01 4.298824008169745525e+01 4.779688912285863012e+01 3.287858415612391383e+01 5.337510100084288212e+01 5.913787028447890748e+01 4.473228145880153050e+01 5.202312102162564855e+01 4.377777485216365250e+01 4.126817694569652417e+01 6.175051276905944775e+01
6.786455232800275850e-02 2.006786455232764865e+01 3.648181348826858539e+01 4.519915409127602857e+01 3.462724450709696100e+01 3.313421952403957960e+01 4.727635514777003323e+01 6.727635514776861214e+01 7.224025308840651860e+01 7.891497749030398268e+01 7.063811605209635047e+01 7.891497749030398268e+01 7.710926185168227676e+01 6.129842121846231606e+01 6.405756758013725971e+01 4.538265518548887911e+01 6.408192428480268177e+01 8.029268587989491834e+01 7.177546532998397311e+01 6.746805356875928794e+01 4.744800295618671271e+01 5.331173654470113377e+01 4.749623115797007955e+01 3.831056014982620894e+01 1.809204020343787889e+01 3.849883807389184653e+01 4.145835690294521925e+01 3.187490719941436623e+01 2.730454897969356409e+01 4.547289794514886552e+01 4.696747649536558100e+01 4.847580932427165834e+01 3.011093629297145213e+01 3.165586423197109767e+01 3.338578280477815952e+01 5.404412046540009840e+01 5.858883825905714104e+01
3.257643153035955086e-02 8.197542240807690561e+00 2.233967786453889204e+01 4.233967786453959548e+01 5.462724450709625046e+01 5.313421952403886905e+01 6.141849077150047265e+01 6.636920445288022563e+01 5.220941142175723826e+01 6.636920445288022563e+01 6.348421554328838567e+01 7.192812100032203659e+01 8.439883641955719895e+01 7.408291770913662333e+01 7.269947479272407520e+01 5.413340567910952217e+01 7.284633849750598245e+01 8.930222311380569522e+01 8.123886121259833715e+01 7.547990498236974588e+01 6.746805357158731908e+01 6.006990721806151612e+01 3.659166890180801346e+01 1.938113383674969015e+01 3.585494133465118693e+01 1.983205056444450420e+01 2.106946563447327136e+01 2.231323504752160858e+01 2.356231682948490302e+01 2.500979930299128995e+01 2.647500477616476999e+01 2.796038846412478307e+01 4.417014003167563629e+01 4.767517711251279167e+01 3.691496770718195819e+01 3.604882693336111288e+01 3.795903123845152294e+01
1.880098487986705744e-02 2.001880098487951187e+01 2.819754224080804761e+01 4.819754224080875105e+01 5.767574753528657538e+01 6.596079293317669112e+01 6.976623516897112154e+01 5.740390396792245298e+01 3.801843501260146496e+01 5.123672525849425341e+01 4.277677418461151859e+01 5.503247796824700089e+01 7.665679240550402085e+01 9.198237825112275345e+01 8.322050105889626082e+01 7.436480825122990268e+01 8.339030121146016938e+01 8.109006136638321038e+01 6.132806596909770747e+01 6.719802290947809809e+01 6.218530701084451806e+01 5.011339121485584513e+01 3.783482885260457351e+01 2.030313469437822960e+01 4.052630391986821934e+01 4.021985276840457146e+01 3.015669985510172424e+01 4.271125325971725317e+01 2.691692719777226728e+01 4.547290051103387043e+01 4.696747649537444147e+01 4.847580932427165834e+01 4.781387422974200518e+01 5.940057199370031782e+01 4.071536893199109386e+01 5.669786873046736275e+01 5.818409363783856492e+01
2.900726248362994752e-02 1.417114288621445439e+01 3.417114288621374385e+01 4.353349108206560913e+01 3.767557665658306831e+01 5.767574753528657538e+01 5.969156069050336555e+01 4.151343131373376139e+01 2.903483108144206071e+01 3.094571024210085497e+01 5.123672525849425341e+01 6.514585355881074236e+01 7.343612781812370827e+01 8.499385565645575014e+01 9.988794698952786177e+01 8.831315301748135482e+01 8.002450984816888990e+01 7.287178783624166556e+01 6.719807066787028305e+01 4.694120713992884220e+01 5.383275635062631892e+01 3.337097007769690293e+01 2.160355323207136635e+01 4.070954574146932714e+01 4.911897458925999871e+01 5.060106769692943374e+01 4.466041058758631266e+01 4.739962180532859293e+01 4.740408789858992122e+01 3.202700508544705116e+01 5.252979788351819224e+01 6.405562805223354417e+01 6.722082335841628264e+01 6.929876912001139999e+01 6.100024022753540009e+01 4.644571952425147998e+01 5.813010352754608334e+01
5.081304048347550645e-02 2.005081304048312063e+01 3.353346474818847867e+01 2.353343841431134820e+01 4.353349108206560913e+01 5.596169807108608296e+01 4.569108927879206306e+01 3.153895534172219683e+01 2.145234733386321224e+01 4.151991970640948892e+01 5.357414646620001264e+01 4.510306894410389589e+01 5.668331986658182586e+01 7.670588956277697434e+01 9.162056558668919592e+01 7.153560788017134087e+01 5.979355689386488137e+01 5.255672475766492369e+01 6.378661543406292367e+01 5.638804604409698840e+01 3.598896004880703714e+01 4.295087141217040738e+01 2.251991686908836954e+01 3.696625690661048935e+01 5.740009946400633112e+01 7.082213598459786397e+01 6.497107646952240145e+01 6.764662869129543310e+01 6.087813585767229796e+01 4.127777395974343477e+01 3.800021667406237924e+01 4.375823610436066247e+01 5.817896994410457268e+01 7.824415208084211315e+01 7.087790804913697684e+01 5.079546821759058162e+01 7.087790804913697684e+01
4.469920835086939326e-02 2.004469920835051511e+01 1.353343840759414007e+01 3.353346474818847867e+01 5.181818479487992590e+01 4.180127252330945709e+01 2.764084697553282766e+01 1.736528034966564960e+01 3.741191817257131902e+01 2.681125866462085838e+01 3.350610417414017661e+01 5.357414646620001264e+01 6.589409894089666864e+01 7.418352248834271734e+01 8.313554587041087984e+01 8.831315301748135482e+01 8.002450984816888990e+01 6.378661543406292367e+01 4.341282573450793336e+01 5.634715930051812194e+01 4.678422317444083234e+01 2.636513909833247382e+01 2.343440578446837819e+01 4.389099248020367838e+01 5.404839444341783405e+01 5.995214389998923821e+01 6.827849870387555598e+01 7.804340499530187003e+01 5.794469433359846278e+01 6.163287645896540567e+01 4.456004639104170906e+01 6.405592572621186775e+01 5.400732932970557698e+01 7.410452212271799510e+01 7.548217117582400704e+01 5.541265349712470112e+01 6.698274320562433104e+01
2.324776005098762310e-02 5.368472598299498522e+00 2.536847938298888394e+01 4.181681274660246572e+01 3.815904656697099284e+01 2.987314809125961901e+01 1.347845371587404806e+01 2.504083818467519507e+01 4.507403978080959206e+01 4.688479903551340300e+01 3.370032041284365931e+01 3.950221839165016746e+01 4.585554544144543598e+01 5.482676231599190686e+01 6.898677179461381570e+01 8.899744524769900522e+01 8.398468633698863073e+01 6.378661543406292367e+01 5.634715930052118438e+01 3.596536287469373860e+01 3.115665773122480786e+01 3.947020945019388449e+01 2.439860412326266825e+01 4.482827853784980476e+01 3.352520551570547269e+01 3.950262606416497135e+01 5.403625164746780030e+01 7.423437120956444346e+01 7.804340499530187003e+01 7.154836855383139493e+01 5.142067692697052905e+01 7.154836855383139493e+01 6.304966090060861461e+01 8.238880860854779087e+01 8.085424331322477087e+01 6.075378991803676598e+01 8.085424331322477087e+01
8.699724428260374731e-02 2.008699724367724215e+01 2.315362787626365915e+01 2.474644419365997905e+01 2.635409777551675248e+01 9.856603346565172785e+00 2.987314809125961901e+01 4.180127189771783947e+01 5.336426131380255100e+01 6.206289203630801410e+01 4.529703077599400274e+01 5.955735193355629065e+01 6.589409894089666864e+01 7.418352248834271734e+01 8.313554587041087984e+01 9.464016125062968854e+01 8.303437060361579825e+01 7.472856654196532133e+01 5.874840733184871056e+01 3.836884837484651456e+01 5.154312381203537541e+01 5.258841025089026999e+01 4.488083657944194726e+01 2.577713889627731803e+01 4.629166012710248168e+01 5.994932303987576461e+01 5.140220369795014221e+01 6.575642098084570364e+01 8.581546659401445254e+01 7.983241398407028555e+01 6.154616274546423682e+01 7.983241398407028555e+01 7.460932475813288534e+01 9.133268666093132993e+01 8.692424875258664940e+01 6.679231823480694175e+01 8.692424875258664940e+01
2.249585233037712170e-02 1.584233471332311627e+00 3.150754373591509783e+00 4.741868966262778429e+00 6.348307792319634935e+00 2.635478223041483758e+01 3.769245922997479425e+01 4.522398797030331963e+01 4.522398796889027750e+01 6.522735363088673921e+01 6.533940195364456827e+01 7.362962532558380246e+01 7.070038631368345250e+01 7.070038631368345250e+01 7.901800703892109823e+01 8.636255471605007017e+01 6.621189610388010749e+01 5.443480438577518754e+01 4.670338225420867673e+01 5.874840733184871056e+01 6.710582116355733717e+01 5.716584592243182072e+01 4.730940166258821478e+01 2.677565524663604180e+01 3.866378721158381637e+01 5.904763764753416666e+01 7.163157941681254215e+01 7.163157941681254215e+01 9.166432063046410406e+01 8.983349687718512655e+01 8.155057436219851752e+01 8.983349687718512655e+01 9.457566413695624874e+01 1.028700997306422664e+02 9.404060780751257198e+01 7.391250482712686676e+01 9.404060780751257198e+01
2.739267172789772165e-03 2.000273926717243356e+01 1.469895536731357666e+01 2.474644419366166304e+01 2.635478223041483758e+01 9.398302924824680105e+00 2.940590452405582056e+01 2.521559778709969990e+01 4.522398797030331963e+01 5.274727265664832032e+01 6.109960726965096001e+01 6.477396396166057002e+01 5.052992088440014129e+01 5.052992088440014129e+01 7.070038631368345250e+01 8.647561196885540369e+01 8.303437060361579825e+01 6.335252217989147994e+01 6.705824542322582715e+01 6.970750808028242318e+01 6.143070046850051114e+01 4.878382382988494470e+01 2.823006156988045490e+01 3.224839733872850900e+01 5.279714601036337029e+01 6.723484318680573324e+01 7.467658909619245833e+01 8.294059545304105541e+01 9.447672293125323506e+01 1.017994808335363786e+02 9.350615140250459945e+01 9.194117979265983820e+01 1.002161571624667999e+02 1.086600034542967990e+02 1.023097273567489935e+02 8.556115284448164005e+01 1.023097273567489935e+02
8.327778614586213435e-02 2.008327778614550851e+01 3.470292530434863920e+01 4.298804553316556110e+01 2.940590452405582411e+01 2.940590452405582056e+01 1.256072900616339894e+01 3.256957091227140921e+01 3.842947333977286917e+01 3.261418217553223542e+01 4.461507285454386817e+01 4.821880722333180103e+01 3.630376810817170963e+01 4.635075578432081045e+01 5.799867489743147786e+01 7.817139844275816074e+01 9.183542884946243134e+01 8.354682298403463392e+01 8.044848646824891603e+01 6.143081677252065731e+01 4.099605816855956419e+01 3.498504622000688613e+01 2.926562963607743839e+01 4.982359602447248648e+01 4.071283667866534017e+01 4.726854302540102282e+01 5.453233671521393688e+01 6.621909700193337756e+01 8.622973814925627778e+01 9.026933610929668816e+01 7.355661860490661752e+01 7.205976101097192554e+01 8.046263793051087987e+01 9.460348472698515820e+01 1.028823837656691609e+02 1.056237586972588076e+02 1.138645345540103335e+02
6.510866554257997707e-02 1.420724428927365501e+01 3.420724428927435667e+01 4.936479828321584051e+01 4.941288123072135363e+01 4.084515167135380409e+01 3.254160045265445689e+01 1.591798550860782235e+01 1.841870684068783603e+01 2.104606960682184180e+01 2.453010560133785489e+01 2.812537087933764113e+01 3.298095321357305210e+01 4.719021676706800150e+01 6.736023454754088391e+01 7.697192082217178211e+01 8.705078498850797075e+01 8.378587624680419310e+01 6.376265371667437876e+01 5.203052881617636416e+01 6.142766905578969272e+01 5.090276286633452685e+01 3.032467786957506917e+01 5.090381531375758328e+01 6.114088652833780202e+01 6.755452036593082710e+01 7.467658909619245833e+01 8.294059545304105541e+01 7.964507448292629022e+01 7.582740781218804216e+01 6.213733151696720824e+01 6.058173198762887068e+01 6.722300963643866112e+01 7.470471260820878001e+01 8.876285816239312965e+01 1.087040045919799525e+02 1.132417923948816423e+02
8.953482861371392376e-02 2.008953482861335971e+01 3.303486666466103117e+01 2.936479828321513708e+01 4.936479828321584051e+01 5.008637232008356932e+01 3.006849000861266674e+01 3.006803618639559517e+01 2.842527232420165362e+01 3.900606580799479417e+01 2.737604349240767831e+01 4.743509281370437947e+01 5.309787819831532829e+01 4.084482800441382722e+01 4.844593291428740400e+01 5.854345219381013266e+01 7.873080179489967634e+01 9.196000825351934793e+01 8.044848646824891603e+01 7.222546332898986066e+01 6.400112634397567035e+01 4.536895694463014195e+01 3.139073270800910009e+01 5.197225187765857868e+01 4.982120719732890990e+01 6.422649995614091267e+01 8.431502123148574412e+01 7.317502606052882186e+01 6.254915237324309629e+01 5.545989427577842434e+01 5.315730813293535562e+01 7.320315919053858522e+01 8.708245580958113408e+01 9.460348472698515820e+01 1.028823837656691609e+02 1.100114498227756883e+02 9.329410660698292190e+01
