MOVIE_S10_data/elevation_000550.asc
nrows	100
cellsize	150.0
xllcorner	0
ncols	100
yllcorner	0
NODATA_value	-9999
[rows 68 to 84 of 100, columns 0 to 36 of 100]
5.009162696260269221e-02 2.005009162696224578e+01 2.518967992477511686e+01 2.783874466567129602e+01 1.183874458553332154e+01 1.512672433164049579e+01 1.855669603449073080e+01 3.855669630178919505e+01 3.410369799674413827e+01 5.410369874839555138e+01 6.701836240485476992e+01 7.701838203297369034e+01 9.059148315031661980e+01 8.233905472450697971e+01 8.233905472450697971e+01 8.233905472450787499e+01 9.059148315351085046e+01 8.679081477804059830e+01 7.231808950511400269e+01 5.244210105593190718e+01 7.231808950532125380e+01 8.679081498166891606e+01 9.361915678004085350e+01 8.205205985589446982e+01 7.394472778924523482e+01 6.187102546987213003e+01 4.205973673559307713e+01 6.187108751279984631e+01 7.392596248025166972e+01 8.532535001223371296e+01 8.958707388440338093e+01 7.890095248849972620e+01 5.855899419512924453e+01 7.890095248849972620e+01 7.615495632195612075e+01 5.588128124703630561e+01 6.179256389717188114e+01
4.695337527364121244e-02 2.607690973931565903e+00 5.189679871403187761e+00 7.838744585533286013e+00 2.783874463371408581e+01 2.126683500135412430e+01 2.855669603449119620e+01 4.684097297080488431e+01 5.410369874839555138e+01 4.675280863836037071e+01 6.089494430754243126e+01 8.089495112588566883e+01 7.616921404450835098e+01 6.788828434996534611e+01 7.048994320601410379e+01 7.877088516380537442e+01 8.530130774321435183e+01 9.230515201215476395e+01 7.231808950532125380e+01 6.233586249484086039e+01 6.497600717712214191e+01 8.495185109621529307e+01 9.735350368949612232e+01 7.933640467361220772e+01 6.029227639093858215e+01 4.953950791711087476e+01 6.187108751279955499e+01 4.601770505742569384e+01 5.740145548330637126e+01 7.712749480785129208e+01 8.949304420512615366e+01 8.665002342951198955e+01 6.614848321172036094e+01 8.665002342951198955e+01 8.463493019487050617e+01 7.615608486257185916e+01 6.777003922156428928e+01
7.614146464036156137e-02 2.007613932630413700e+01 2.518967702184857060e+01 1.938574996931025041e+01 3.612295788425268483e+01 2.833790281321972415e+01 4.833790315314643493e+01 4.488662768379494850e+01 6.488662979679749299e+01 6.675281068085803327e+01 7.503713507621451129e+01 7.813996077988583977e+01 6.462649514262579942e+01 4.789544249051737523e+01 5.049734917037612547e+01 6.722826242911936845e+01 6.542930183123192478e+01 7.952347605144673537e+01 9.058218893505913627e+01 7.643698504558257412e+01 7.908927057025185547e+01 9.322994783772826111e+01 8.915438154681467608e+01 6.968240145869944513e+01 5.838155294720441191e+01 6.919135889532181238e+01 7.392642467501939052e+01 6.573869235818031598e+01 5.017885525656240731e+01 6.155568714297038468e+01 8.128751385919261452e+01 9.513800047511035984e+01 8.060415579227321814e+01 9.513800047511035984e+01 9.556800306979995696e+01 8.540068167540485433e+01 7.146517931925643552e+01
2.352828262072655108e-02 2.002352828262037221e+01 3.542313641082002107e+01 3.938574756308625524e+01 4.766992918740548646e+01 4.248003844031696730e+01 4.248003844031718046e+01 6.248003959388906026e+01 7.317090537874969414e+01 7.232647478952756614e+01 6.404590188343433965e+01 5.817420792187417078e+01 5.568496323927903546e+01 3.635088855698956678e+01 3.895306946572806339e+01 5.894721365773958155e+01 5.144462525974671507e+01 6.959610315007857650e+01 8.106347342421805990e+01 9.645565087189380904e+01 9.910480055701954427e+01 9.493551905570920724e+01 9.404212578907559816e+01 7.447276233523592737e+01 7.233586217477075309e+01 8.620360542515109614e+01 8.666306225634104976e+01 7.297684928246101776e+01 5.324518031128096851e+01 6.206913223756560427e+01 7.346257816835344556e+01 9.319238979575646908e+01 1.012463626723811245e+02 1.015921788797833187e+02 8.108972341386291305e+01 6.681047545188062031e+01 5.679049016140213979e+01
6.786455232800275850e-02 7.138932364193508739e+00 1.608320427419282339e+01 2.763020965797078432e+01 4.763020764763799519e+01 6.248003958940609692e+01 6.248003959439351007e+01 7.076429323366731694e+01 6.773209062685198489e+01 6.404590188343433965e+01 4.405265487264621527e+01 4.990854134416838406e+01 3.818793802006428706e+01 2.740725146069997820e+01 4.695011126879158780e+01 5.246873005348467700e+01 4.150205031133808120e+01 5.297426756101646816e+01 7.278472350603549046e+01 8.499645740012326200e+01 8.228985996571705641e+01 7.494224724285609796e+01 8.908445888499039711e+01 9.404212578907559816e+01 9.189229057730369732e+01 8.666306394357896181e+01 6.694240392647343185e+01 6.098327271354403933e+01 5.754313150947915290e+01 7.728484555239111842e+01 9.000445048452870367e+01 1.014166542607437407e+02 1.119238344025495451e+02 1.000737071401798630e+02 8.388737490706721189e+01 6.366924779850701555e+01 6.836782456788110096e+01
3.257643153035955086e-02 2.003257622025327933e+01 3.542317510830783078e+01 4.436742238913495129e+01 5.591436612331719402e+01 6.232049411189216670e+01 5.646369817284531933e+01 6.232049411175442089e+01 4.773745249732258600e+01 4.773745249732369444e+01 4.990854134416838406e+01 2.991282474576403771e+01 3.919292364132501660e+01 2.186027835579857381e+01 2.702422091956097816e+01 3.257079030305386880e+01 5.247109648949655281e+01 6.956931170266302900e+01 6.511769779976130224e+01 6.511769779976130224e+01 6.230221002610908698e+01 6.081025885209923132e+01 8.079776283043136687e+01 9.797633797632779817e+01 9.720904378961108705e+01 7.747932209377340484e+01 8.666306225634104976e+01 8.071706016549427432e+01 6.413427212529347798e+01 6.638211412930657218e+01 8.032122949990471739e+01 1.000694199233619202e+02 1.034690890359841404e+02 8.289706922269962774e+01 7.120776136037184756e+01 8.388737490706721189e+01 8.867965568161922363e+01
1.880098487986705744e-02 2.001880098487951187e+01 3.002900726248407182e+01 5.002900726248866903e+01 5.232156232575826493e+01 4.232266165970253979e+01 3.646525254994567433e+01 4.232266165969787153e+01 4.773744533777647803e+01 2.774040002912622782e+01 3.509020526930973460e+01 3.669103594738667340e+01 1.922275651706018706e+01 3.922040459144151470e+01 2.496487963275686184e+01 4.496007578660564263e+01 5.038518628638481545e+01 5.274130127272184865e+01 4.515406236349262059e+01 5.999333649964925286e+01 4.816911539872470627e+01 5.816312667143921544e+01 6.970144900942851507e+01 8.969043281833445747e+01 1.054409598909201833e+02 8.884461414849303651e+01 1.054409598909201833e+02 9.082928528525586387e+01 7.111754174537990991e+01 8.610534055877218407e+01 7.776484667918246885e+01 9.749866707840037350e+01 1.034690890359841404e+02 8.289706922269962774e+01 9.159182785901006696e+01 9.159182785901006696e+01 1.056626660829486610e+02
2.900726248362994752e-02 1.002900726248371654e+01 3.002900726248407182e+01 3.805682944519630695e+01 3.232296436002343398e+01 3.232296529685449826e+01 2.232326896442765118e+01 4.232266164600151370e+01 4.115746295009701328e+01 3.287514246453343247e+01 1.509165285535745049e+01 1.669293439331642404e+01 2.054193557621361066e+01 4.052827212208948993e+01 4.496007578572709917e+01 2.812715224736927766e+01 3.039169789840399361e+01 3.274870055633584798e+01 3.515637387381521251e+01 4.000669022898389926e+01 5.154906017062525336e+01 6.568178557021410313e+01 8.567013378101822241e+01 8.880264819653534403e+01 9.708495467919961186e+01 1.086350671675460262e+02 1.168907447721573050e+02 9.904725488207903084e+01 8.096112684084613420e+01 9.904725488067782635e+01 8.913288524404138968e+01 1.057321701655394861e+02 1.119238344024635694e+02 9.744663648785726195e+01 1.119238344024635694e+02 1.121322607323386364e+02 1.141132882085219933e+02
5.081304048347550645e-02 2.005081304048238167e+01 2.261858056473292677e+01 1.805718890716449820e+01 2.522796187090178321e+01 1.232327282142081337e+01 2.791666113439716668e+01 2.929345792364564005e+01 3.069366671807998870e+01 1.287625775290960028e+01 3.287536827858900068e+01 3.083420883693728953e+01 4.052809279348374361e+01 2.631532826041796014e+01 4.628662663804134070e+01 4.812140110263289472e+01 4.039032644980595421e+01 5.274130127272184865e+01 5.514817869964854680e+01 3.932638729033654101e+01 5.931638039989256583e+01 6.789848606829076516e+01 7.248342585426782136e+01 6.881576432774416219e+01 8.546506079106421794e+01 9.374684965373229772e+01 1.037422335705990548e+02 1.089388867644341872e+02 1.006974437296655509e+02 1.089388867642076093e+02 1.089265375866531826e+02 1.171839827804885772e+02 1.264010323167598102e+02 1.094923641017138607e+02 1.011763760865089239e+02 1.094923641017556264e+02 1.128464060108150306e+02
4.469920835086939326e-02 1.330347901417318068e+00 2.618661154218977050e+00 3.915068601323303366e+00 5.228132929920523253e+00 6.549770130830697035e+00 7.916941984880017991e+00 9.293798766523035937e+00 1.069407885055103513e+01 3.069366671807998870e+01 4.115807704923173560e+01 5.082150059526258445e+01 5.453852212595226234e+01 4.628662663804423971e+01 3.263880793250614687e+01 5.258516894460802860e+01 6.038004612296364826e+01 6.038004612296364826e+01 6.759608377335108287e+01 5.346239578654815006e+01 4.374292340957263292e+01 4.791197426540452398e+01 5.249813666497492903e+01 5.881834628889816941e+01 6.547944111379528920e+01 7.547101857788129564e+01 9.545910300424708339e+01 1.094581650567308913e+02 1.009428793532717066e+02 9.259756036103560461e+01 9.173371522600139372e+01 1.000794944275113352e+02 1.117185627647471051e+02 9.946435018867587985e+01 8.112885754293604634e+01 9.946435018867587985e+01 9.277037363010506965e+01
2.324776005098762310e-02 1.998118991525259247e+01 2.261089787512381832e+01 1.546207085251629110e+01 2.522796457971643846e+01 2.069187712026834447e+01 2.791666498793442130e+01 1.823806976836638327e+01 3.069361213749393258e+01 1.569408419078825467e+01 3.569854262343423557e+01 4.942986676739455021e+01 5.943214226986442839e+01 5.771822924695763390e+01 3.780023794666107051e+01 4.893060346932359295e+01 6.884612054121551239e+01 8.036704602468370240e+01 8.172977175916929582e+01 6.857840877305021365e+01 4.859207273826365991e+01 6.204472337335743504e+01 7.248342585426782136e+01 6.881576432774416219e+01 8.546506079106421794e+01 9.374684965373229772e+01 1.037422335705990548e+02 1.003597953005649970e+02 8.089112804331574580e+01 7.232142481137853451e+01 7.144909201408337651e+01 8.320878425713567594e+01 1.033789874949806773e+02 9.115261681472247801e+01 7.114010725158389903e+01 8.448178029384972376e+01 7.861290137790587096e+01
8.699724428260374731e-02 1.423311039739263073e+01 3.432203276294940508e+01 3.546178901888197998e+01 4.374544755667395890e+01 4.069122880129904019e+01 3.823745648759553717e+01 3.238008139734639457e+01 3.569852858991806244e+01 3.569854262343410056e+01 2.113748752873688375e+01 3.114143492949432712e+01 5.115890032645697971e+01 6.321985301075957153e+01 4.334021346113363649e+01 6.321985301075957153e+01 7.710770285328618456e+01 9.198129663248673182e+01 8.787118804758526380e+01 6.788462724042676655e+01 5.375339354106337453e+01 7.373855536824619605e+01 9.031216722035317446e+01 8.880264819653534403e+01 9.708495467919961186e+01 9.729386645750685148e+01 9.509658416569837414e+01 9.200862173388868825e+01 7.171270299744784893e+01 6.048392449411939964e+01 8.089112804331585949e+01 1.000794944275113352e+02 9.201323016851297609e+01 8.370730751030124850e+01 6.406622576659884771e+01 6.447078782846008949e+01 7.079848888695511278e+01
2.249585233037712170e-02 2.002249585233002094e+01 2.763392228419180441e+01 3.171848484683172131e+01 3.608592603441518065e+01 4.439082691983131923e+01 5.823500680424157849e+01 5.237840988306054157e+01 5.569923444598037321e+01 4.552445866542340980e+01 2.550210365182024574e+01 4.552445866542957731e+01 5.943214226986442839e+01 7.119895749649879235e+01 5.722978821123784599e+01 5.398100843388328229e+01 6.389778817509769482e+01 8.371505372861638250e+01 8.787118804758526380e+01 6.788462724042676655e+01 6.788462724042676655e+01 6.639273840913953961e+01 8.052411224883746854e+01 1.005137364687317216e+02 9.729386645750685148e+01 7.722924262460173850e+01 7.503537864090347398e+01 8.922687750792518102e+01 7.543707347879795577e+01 5.513355696411213103e+01 7.543707347879795577e+01 8.735566110311818022e+01 7.905159800389668590e+01 6.368234374914034390e+01 5.737377569087088602e+01 6.894613228555830631e+01 8.896434868589079770e+01
2.739267172789772165e-03 3.782383997265295950e+00 7.631385791871539759e+00 1.171386869676138609e+01 1.607822650676690301e+01 3.608592603440464330e+01 4.950501104107004124e+01 5.777610848813465338e+01 6.888893085969162655e+01 5.020050691374424900e+01 3.021708114278406043e+01 4.438709107888429628e+01 6.441617103658497001e+01 7.864516203051580590e+01 7.607504949621041135e+01 7.380359416337735468e+01 8.205227699762193083e+01 9.198129663248673182e+01 9.615334873101325286e+01 8.787118804758526380e+01 8.787118804758526380e+01 8.637893762947373943e+01 9.466088945151651046e+01 1.023161655401236914e+02 9.072985311248069706e+01 8.091116970033878886e+01 6.084972618540763989e+01 8.091116970033878886e+01 7.089706916788533420e+01 5.080748357656461422e+01 7.089706916788533420e+01 7.578215003435140318e+01 5.901271447570841389e+01 5.208635888800688463e+01 6.368234374914034390e+01 8.370730751030124850e+01 9.727348813377085435e+01
8.327778614586213435e-02 2.008327778614550851e+01 2.763392228419180441e+01 3.171848484683172131e+01 3.608592603441518065e+01 2.314929892092142083e+01 2.947388122065853366e+01 4.102052172356374626e+01 6.099562631527987833e+01 5.852532999617103826e+01 3.917310566242594660e+01 4.023702576170369127e+01 5.030153435432183784e+01 7.055962100136149218e+01 8.616086444699692493e+01 7.779457819487687686e+01 8.616086444699692493e+01 9.625986531527865964e+01 9.261920022977356837e+01 8.439142069846242578e+01 8.439142069652154987e+01 8.326061656505611097e+01 9.148899389849515273e+01 9.399436568891053412e+01 7.393561209193089212e+01 6.235354586599027726e+01 5.415942829649412005e+01 6.713011677605778971e+01 6.670810099966162454e+01 4.682130196458363258e+01 6.670793452008309998e+01 6.748141468619004968e+01 4.740489847368669274e+01 6.748214320463762306e+01 8.044719422047823798e+01 9.201323016851297609e+01 9.459156833297849687e+01
6.510866554257997707e-02 2.006510866554222616e+01 3.471989210066292486e+01 4.300416334739202995e+01 5.148940440408750874e+01 3.729469165397837571e+01 4.316593431178959861e+01 4.362605042723779292e+01 6.373721457289691728e+01 6.747525566560180721e+01 5.075719234462235363e+01 5.446541848347330017e+01 6.862461805257605363e+01 7.885208566270237895e+01 7.616652062107272059e+01 5.789259127571324370e+01 6.784358473529509581e+01 8.585839794302019357e+01 8.439142069846242578e+01 6.445161541689002149e+01 6.445161541688952411e+01 6.331691580735456171e+01 7.929058177023588883e+01 8.752265549954000790e+01 9.072985311248069706e+01 7.871328861954148692e+01 5.865064647382642704e+01 4.707556484185703027e+01 6.094114768518597458e+01 4.302433810325076280e+01 5.831435269384357412e+01 6.031299572923094132e+01 4.437440854010900892e+01 5.858392477645521979e+01 7.863033515326269196e+01 8.702194188673746567e+01 7.871699827326536081e+01
8.953482861371392376e-02 7.160602640479159398e+00 1.471989210066363896e+01 2.886202772439433772e+01 4.886202772439317243e+01 5.734036796432512517e+01 6.323350958697471924e+01 6.374607308420431906e+01 7.216022344451660331e+01 7.900901325458572444e+01 7.077491651727385147e+01 7.454906257504219980e+01 7.660899427196551414e+01 6.828241242053069016e+01 6.784358473529509581e+01 4.799709954926400712e+01 5.757145600475998748e+01 7.749824367450131035e+01 8.299480487160487030e+01 7.029184916832321051e+01 5.028116165680243910e+01 5.174357285200372303e+01 5.932980047196409856e+01 7.346119315912463321e+01 9.336397092679382581e+01 8.702901772087314214e+01 7.252182283276846420e+01 5.246350508943076107e+01 4.090133454184293527e+01 3.922742144193114200e+01 3.824510836021658378e+01 4.023554016526709631e+01 6.028361945619133166e+01 6.725218074004774849e+01 7.028586973116485126e+01 7.345714234752627192e+01 5.868806362328408710e+01
