MOVIE_S10_data/elevation_000264.asc
nrows	100
cellsize	150.0
xllcorner	0
ncols	100
yllcorner	0
NODATA_value	-9999
[rows 51 to 67 of 100, columns 0 to 36 of 100]
6.455108993161302877e-02 1.420668671366268754e+01 3.420668671366339453e+01 3.825125371941673791e+01 4.574809601518304447e+01 5.075862614789777894e+01 4.280443136142761063e+01 4.128726996028716201e+01 2.145392335480338275e+01 3.289094020447718236e+01 4.110985659340831688e+01 3.219768696948911924e+01 1.268383351854025420e+01 7.842075906045208988e+00 8.354969171188308508e+00 8.868137494579761082e+00 2.307670540790941160e+01 1.678871644238803640e+01 2.703596881097989879e+01 1.140336554130296420e+01 1.195451422047920076e+01 1.267076440736052234e+01 3.278608508677870503e+01 3.474138706617932115e+01 2.057992392810352555e+01 3.985907647615898952e+01 5.444158265858625612e+01 4.943232069658458272e+01 2.936190406178721091e+01 4.529400917468709054e+01 5.339778882629327939e+01 4.894534410758542009e+01 4.287078253895649738e+01 6.361063485125031036e+01 5.419690898782287292e+01 7.098542937851451029e+01 8.256780290876238837e+01
3.995603441288197999e-02 1.003995603441310713e+01 2.418209166260643883e+01 4.418209575933757804e+01 4.936228764745660413e+01 3.926411083474649644e+01 2.326488620469633517e+01 3.617007532122212865e+01 3.283167871466620369e+01 1.311028825960676159e+01 2.575979455764386117e+01 2.625977301781403739e+01 7.117655422242120444e+00 2.696954915334983127e+01 3.395469771025160810e+01 2.661770862945105875e+01 2.567851683785940864e+01 2.314634499433870118e+01 3.648437778472085569e+01 3.149158774427748853e+01 3.202554511445618601e+01 1.644770400777659347e+01 1.367660220747226951e+01 4.060179486544123506e+01 2.560744141938248575e+01 4.479793811766104739e+01 6.092424037798951275e+01 5.767515713048496195e+01 4.943193412918861895e+01 3.366703744753635874e+01 5.375359626027553617e+01 6.648409650322629716e+01 6.361063483949129704e+01 7.209697704811554786e+01 7.430279273474022261e+01 8.256781761799227581e+01 8.848755142271315322e+01
4.804567899273937126e-02 2.004804567899238421e+01 3.832417551903206032e+01 4.511104724964106083e+01 3.478589947254616987e+01 1.974052331348704570e+01 1.163229088279494050e+01 2.300846318763932175e+01 2.451418857920277361e+01 1.719269471016203354e+01 5.898315985540553363e+00 6.401423416036760905e+00 2.625948678717263718e+01 1.414984792906502520e+01 3.398091637669039500e+01 4.866861523879642704e+01 4.270616374079997257e+01 2.921528236108855836e+01 4.599196023386711119e+01 4.771815848742585331e+01 2.925998959165423940e+01 3.269038942493234856e+01 1.440074551479435527e+01 3.423923808212593656e+01 4.481446411201984148e+01 3.332353532662385476e+01 5.272386960561470204e+01 7.074166055154944388e+01 6.193061336229746416e+01 4.791459161096957331e+01 3.829536165089186284e+01 5.834206837090940923e+01 7.097170284559486220e+01 7.902680363517606565e+01 8.078419379303791459e+01 1.001400804875008106e+02 9.675295655534564787e+01
9.707512844716031930e-02 1.423921086865350993e+01 3.423926688216641878e+01 3.667424194101482016e+01 1.633660691897311068e+01 5.455283078658243134e+00 3.309842073272296403e+00 1.614523692485059669e+01 4.693639226329771041e+00 5.191806500718747053e+00 2.505572337640406033e+01 1.154305393219843978e+01 3.032751754135437494e+01 1.942958822957029952e+01 3.928654468398554656e+01 5.605677906852100278e+01 5.360963604753619904e+01 3.847548449699257844e+01 5.356243291411344387e+01 5.518335590644775834e+01 4.427636254311632058e+01 3.437478516318179800e+01 1.512631558792476483e+01 3.474865271265321809e+01 5.241369023076118339e+01 5.272386960561470204e+01 4.284460089134888960e+01 6.257095624950012791e+01 7.594663683642778551e+01 6.648413903125873503e+01 4.838641742588990269e+01 4.352858117835822327e+01 5.113858171446305789e+01 6.115921192882050406e+01 8.078419383067536330e+01 9.109969776975552236e+01 9.975375681744087331e+01
5.001202446392439237e-03 2.000497817551782731e+01 2.100356521858972059e+01 2.147889760969368211e+01 2.195363263799709586e+01 2.631814960642101298e+00 2.213835033635553273e+01 3.988743121137217962e+00 2.410984345024948894e+01 1.446618761389547814e+01 3.135491601805556883e+01 2.445702671852654575e+01 2.295970161237071139e+01 3.928654468398554656e+01 2.783780849888410813e+01 4.779398575214814571e+01 6.378963090279747661e+01 5.613522847064104582e+01 5.962280345471609877e+01 5.154122992116906943e+01 3.766930529031370867e+01 1.610360083195280367e+01 2.995076646488586647e+01 2.588234549587200917e+01 3.862738596704333105e+01 5.814861237540214489e+01 6.257095625086016355e+01 5.676314630457268606e+01 7.659224979087261431e+01 6.837662393010879214e+01 6.833774556810939771e+01 5.186806891970335442e+01 5.064789355579532781e+01 5.645913138759813421e+01 6.353558981278266060e+01 7.238721922116734220e+01 8.612996517593063572e+01
5.279685921607564503e-02 5.280453157367812622e-01 1.003428004255041639e+00 1.479214072068967933e+00 1.955438379068771271e+00 2.195520312117339046e+01 2.625454098270199665e+01 5.738355139327355303e+00 2.632539807764088380e+01 3.202424739331195980e+01 4.024611225833496064e+01 4.458234262541250814e+01 3.451389255582686388e+01 5.134107681595595096e+01 4.192478679733773816e+01 3.932335254883362552e+01 5.936013333459602137e+01 6.588189317384374988e+01 4.560638716401033577e+01 3.202588331373251407e+01 3.631288450820591152e+01 1.676539659908311108e+01 3.604988674598325815e+01 4.392362233286725370e+01 5.236069437244937319e+01 5.924691030755175802e+01 6.761475242538269015e+01 7.659224979087261431e+01 8.472017479852623012e+01 8.805261425234999706e+01 7.895962952750315367e+01 6.175496440292064193e+01 6.220392015488160098e+01 7.618240167335019919e+01 7.618240167335019919e+01 9.109969776975552236e+01 9.975375681744087331e+01
5.738623160518319517e-05 1.998942148785648243e+01 2.100148058088955594e+01 2.095260650806353553e+01 4.260481358215243652e+00 2.551632103140541119e+01 2.783297549319794584e+01 7.511579274684629937e+00 2.815720191260425054e+01 2.705123217968083082e+01 4.168514064628348592e+01 6.188814326745703198e+01 5.465352570049093117e+01 6.300304203547921844e+01 6.193876405727039014e+01 5.089764856614689847e+01 6.758083980497136167e+01 6.811685776292473804e+01 4.782049306560617907e+01 4.173853343980343311e+01 2.287212667830256407e+01 1.741381447834022467e+01 3.701965330179628211e+01 3.532612499290028296e+01 4.413335091365846097e+01 3.878199822094258309e+01 5.924691030755175802e+01 7.096476616462089737e+01 6.710120986215751770e+01 7.550695829466923215e+01 6.265419613748181860e+01 7.261998819449635789e+01 8.180035579459872963e+01 8.980916596636681959e+01 9.558175819224251768e+01 9.617916003187822582e+01 8.790528120223967790e+01
4.532054705376769438e-02 2.004518502630895682e+01 3.624776683269758593e+01 1.600601401350906627e+01 2.553480087285036504e+01 3.393860082512031084e+01 2.813184825667862654e+01 2.815721320743007894e+01 1.008680765987469741e+01 3.082247901707135185e+01 4.198781091582826264e+01 5.670944638966067686e+01 5.829140280261457008e+01 5.680606992122455523e+01 6.478187045065034511e+01 7.092010250743634003e+01 7.909053921601436343e+01 7.653181367179705319e+01 6.124573159150227752e+01 4.165274260512053672e+01 2.845059844521385628e+01 3.570975710362152000e+01 1.836845583057107234e+01 1.906975272588344339e+01 2.546216921118769960e+01 3.838401264969246540e+01 5.841650085750580246e+01 5.071692313205979019e+01 4.646685629628202463e+01 5.674905386276935104e+01 7.808929181254636376e+01 9.051830550442532797e+01 9.851153934189282779e+01 1.027276864387264936e+02 9.116294300343386681e+01 8.287974875621664239e+01 6.780315141814750746e+01
9.001595176218035732e-02 2.009001594961710424e+01 3.834081989442348970e+01 3.625573923101715934e+01 3.043822564151307830e+01 5.030057187417268239e+01 4.856349146984024401e+01 3.925168734572291385e+01 3.082247901657030198e+01 1.275465699121851593e+01 3.358021697989734378e+01 3.648284285829736007e+01 3.724247047538230504e+01 3.694296744154404877e+01 5.159148144431811289e+01 5.829668134032572624e+01 6.650778693656992857e+01 7.538712276420423564e+01 6.184790969433323937e+01 4.213028600624807751e+01 4.790510185492849615e+01 3.072875477192265237e+01 3.803482720342289980e+01 3.875676354341906205e+01 2.010297158323569633e+01 3.978263473691090013e+01 4.865077089303394331e+01 3.642058889788264509e+01 5.664737905189616640e+01 7.550695829466923215e+01 8.660478813138585963e+01 8.325057173390881360e+01 9.153520649982878865e+01 9.446334739784556689e+01 7.439996601605832893e+01 6.275305148136460787e+01 5.614044518640308468e+01
5.674351268809080251e-02 1.005674351299944291e+01 2.419887977666529366e+01 4.419898550881954691e+01 5.030060501047341859e+01 5.857274086502430066e+01 5.823269742374229452e+01 3.799309657424967668e+01 2.323929554527538954e+01 3.358021697933170913e+01 1.561503797274818339e+01 3.650427814283138872e+01 2.224801967274339631e+01 2.481813012591177880e+01 3.128125408035363009e+01 3.823139032090865896e+01 4.730819743934314658e+01 6.718660310397802959e+01 7.007328618695770217e+01 6.184790969433323937e+01 4.682866824569876485e+01 5.048164687485818547e+01 4.508128096971845622e+01 2.568328715729776945e+01 2.084095519901644167e+01 4.050830612527116870e+01 2.869449920144348454e+01 4.865077089303394331e+01 6.500108871818200384e+01 8.099123272683453933e+01 7.995443133454224949e+01 6.316821651733477694e+01 7.995443133454224949e+01 8.542682648495700448e+01 7.713546422261036639e+01 7.125959466668280129e+01 5.111293828967446018e+01
9.518805923843161321e-02 2.009518805923807605e+01 3.141112720220870003e+01 3.807779386887582973e+01 4.636206511633803018e+01 5.636206511633820782e+01 5.823269742377491553e+01 3.799309657424967668e+01 4.392113841456662016e+01 2.692781833315094531e+01 3.650452733501536784e+01 1.873006689220493470e+01 3.961735092231908339e+01 4.547822875009189403e+01 2.894419286978342498e+01 4.936619247862050486e+01 6.650778693656992857e+01 6.718660310397802959e+01 8.697409286106628201e+01 7.501969945622131775e+01 6.673553781590936751e+01 5.611357614074049849e+01 3.547404178087806059e+01 4.508128096971394427e+01 4.051089197783472429e+01 2.188149620193919276e+01 4.154621751268834373e+01 4.961787253341177006e+01 6.072748700333243477e+01 6.093320440682644801e+01 6.093320440682644801e+01 5.159547018261783791e+01 7.165601854365824863e+01 7.383238847344290434e+01 5.702367668530042977e+01 6.730843812226109435e+01 4.720668551589264439e+01
9.062254805971975413e-02 5.637624510312035042e+00 1.141112720220834298e+01 1.807779386887512629e+01 2.807779386887530393e+01 4.807779386887600737e+01 6.649033240282697932e+01 5.823269742377491553e+01 4.381250671796865959e+01 3.897321442807990621e+01 4.518615495653681791e+01 2.446657565685579527e+01 4.518618058271452043e+01 5.214401990944440257e+01 3.188768101524213705e+01 5.214401990944440257e+01 6.065903636075761085e+01 6.882541280470732659e+01 7.765855616093330127e+01 8.902162085705118955e+01 7.044095097287186036e+01 5.017898317206869763e+01 5.611357614074049849e+01 6.050475585641418519e+01 4.576880440694740315e+01 2.599042641037955192e+01 2.293127647099969124e+01 3.350688546118497868e+01 4.787398737418065764e+01 5.309724251536412254e+01 4.095534311065863875e+01 6.093320440682640537e+01 7.650310052856781340e+01 6.486594265000380233e+01 4.547875413584568349e+01 5.840232627612774507e+01 4.354009215979954206e+01
3.063233560239582431e-02 2.003063233560203926e+01 3.141112720220798593e+01 3.807779386887582973e+01 4.636206511633803018e+01 5.636206511633820782e+01 7.243345765677702275e+01 7.215791360358726081e+01 6.391660700061515143e+01 5.331332196239839760e+01 5.143083928970319363e+01 3.091463607321450979e+01 5.143108781782626693e+01 5.697763020823886393e+01 3.695623928623932386e+01 3.703091595959236315e+01 4.072169836234522933e+01 4.972570495654338174e+01 6.118791164121325465e+01 8.086467106043167519e+01 7.871594058969564855e+01 7.044095097287186036e+01 6.806039958695144776e+01 5.220972961155343484e+01 3.233257131586602640e+01 4.551827874059806334e+01 4.261849240509033621e+01 2.396966357382024526e+01 2.841432757353599214e+01 3.319093491396407813e+01 5.309724250586598515e+01 6.923575152628153262e+01 6.233245613891008219e+01 4.816161604515735206e+01 3.664941090452708750e+01 3.846706257316230904e+01 4.060573433110277364e+01
5.666595628964066211e-02 1.005666595628955307e+01 2.419880158002025183e+01 4.419880158001954129e+01 4.996465562354890011e+01 4.409785874484780521e+01 5.826565820081239622e+01 5.883818847954057674e+01 6.715990349894666167e+01 7.324616473684562834e+01 5.886562890144072924e+01 3.829616535783910791e+01 5.882675198907214309e+01 6.136194425048005030e+01 4.223935195710923551e+01 5.707818410305414858e+01 6.065903636075761085e+01 4.681786704612601113e+01 6.086836070515173702e+01 8.055263427765773088e+01 8.551712816491414060e+01 6.545694982191228917e+01 5.128216867151672176e+01 3.978976970694215254e+01 4.634998628377439189e+01 5.732839976825859907e+01 3.844041226416222656e+01 2.471179126295894690e+01 4.446558270323635043e+01 5.309645481210313989e+01 5.699912662962443477e+01 4.990244575176104291e+01 5.159244627388669358e+01 3.414585900145667807e+01 5.403091528090276086e+01 5.840253752691577205e+01 5.208299201478335050e+01
2.110006612196471329e-02 2.002110006612160831e+01 3.834093720375044967e+01 4.410663274108977561e+01 2.994760728136719763e+01 2.994760728136719763e+01 4.616623196323826761e+01 3.880206597847666217e+01 5.296081405766391015e+01 7.302742551997975795e+01 6.819835145059286674e+01 5.303727271237428198e+01 5.858330726736382132e+01 6.707913166658616433e+01 4.783769010022560764e+01 6.783987275246252580e+01 7.258121667436793700e+01 5.285570443981865196e+01 5.678587749829620890e+01 7.648162441694276481e+01 8.465890365242509574e+01 6.459702566162238213e+01 5.042408488347517448e+01 5.388328947721553419e+01 6.635640142550285248e+01 6.067167392038545870e+01 4.762932346890175239e+01 2.534768800536950195e+01 2.575084361844306713e+01 4.559447690142002330e+01 4.405643359006275972e+01 3.004042810172004963e+01 3.172270671715657286e+01 5.159244627388669358e+01 4.816169859738857184e+01 6.820609233871279287e+01 7.219222113946311481e+01
9.367352646185668485e-02 2.009367352646150096e+01 3.832501765151761219e+01 3.003384712006301527e+01 1.580318960116615656e+01 2.080324190117424266e+01 2.614865445727596338e+01 3.509456483326185605e+01 4.665058388530178490e+01 6.084859887904739395e+01 8.127000211175065658e+01 7.493689534664241592e+01 7.860976107138897362e+01 6.195062602358606796e+01 5.676777616492876888e+01 7.620047586010083762e+01 7.913387030480227224e+01 5.947590941349917415e+01 7.648162441694276481e+01 6.925815825387016389e+01 8.891147041781337634e+01 7.877666916237593853e+01 6.199168992757159202e+01 7.393537879859009365e+01 6.624810604570062367e+01 5.263808911875977969e+01 3.229161958881866923e+01 4.759499497763867737e+01 3.591396915996551797e+01 2.687741602826855924e+01 2.768718664756071490e+01 4.753859635752057500e+01 5.158917543929291583e+01 5.985523693027286640e+01 6.820347482038459930e+01 7.653058201028017038e+01 7.664002896621741456e+01
3.648181865326004941e-02 2.003648181865290567e+01 2.468670380959916955e+01 1.002967134731631127e+01 3.003384712006301527e+01 4.081465986228993614e+01 4.616623196323826761e+01 5.447789302081366003e+01 6.349393060115781395e+01 6.752429430016447043e+01 7.603105294749465770e+01 9.145655803272106255e+01 9.033524071929222998e+01 7.609749669835591135e+01 6.826574976427664865e+01 8.518761939543131234e+01 8.655306472976721466e+01 6.692372135287332924e+01 8.655306472976721466e+01 8.314609768945717860e+01 9.707511758180477557e+01 9.035659190303319122e+01 8.205871738777581470e+01 7.227020222855156817e+01 5.796402215079984188e+01 3.803620548000382939e+01 5.263808911875977969e+01 5.180068398989173772e+01 5.305346241182274980e+01 4.673086829651560947e+01 4.753859633752884406e+01 2.899001750002256728e+01 4.884666199377031148e+01 5.121638331480483686e+01 5.931789902992564123e+01 7.249142576253176173e+01 5.675711850514437629e+01
