MOVIE_S10_data/elevation_000405.asc
nrows	100
cellsize	150.0
xllcorner	0
ncols	100
yllcorner	0
NODATA_value	-9999
[rows 68 to 84 of 100, columns 37 to 73 of 100]
5.276206044813979901e+01 7.293000156429008030e+01 6.651319764370694543e+01 8.329587559761556292e+01 8.842138377984154829e+01 9.290392785203410142e+01 9.509038758788014434e+01 1.033606612042432005e+02 1.125684236233888669e+02 1.178841450924976328e+02 1.063247856972978838e+02 9.504689628840203852e+01 7.485066470651858594e+01 6.060120557796465590e+01 5.709649893608865057e+01 5.375250081201225782e+01 5.057796765249855753e+01 4.787014799869181303e+01 4.525739667659271959e+01 5.861759789729528336e+01 3.876229975324881849e+01 5.576356509209163193e+01 4.990029922679532604e+01 6.991874106388912935e+01 8.142264310603523825e+01 7.595211720042220804e+01 6.765397281370832161e+01 5.785610707387328944e+01 3.686764978889159039e+01 2.300664148574864498e+01 3.687936040328572318e+01 2.043862661043626616e+01 1.980356447347120863e+01 3.066719914573906891e+01 2.699850186614658654e+01 3.697024285868424442e+01 3.644320251371960495e+01
5.866898377150927502e+01 6.373138717182690272e+01 5.484767004997639361e+01 7.002541382375289913e+01 6.834990713980508303e+01 7.285738133691141627e+01 7.505171369965584915e+01 8.429999372324471096e+01 9.925490341290036156e+01 1.096589053229591002e+02 8.956961282081159936e+01 7.785528482995054844e+01 6.879558941152912155e+01 7.485066470651858594e+01 7.720133756437276418e+01 5.868760939943044264e+01 7.059232634699965558e+01 5.936975613357142123e+01 6.526491853483898353e+01 6.693362043742426692e+01 5.576356509209163193e+01 3.600651692403808113e+01 5.309710919652129490e+01 5.309710919652129490e+01 7.291227718415564141e+01 6.765397281370832161e+01 4.764039039741882675e+01 5.350223296902200332e+01 4.849634371309342384e+01 2.519699783520861658e+01 2.133790364316838861e+01 2.838385199450671692e+01 2.485250666436879641e+01 1.890853101874113662e+01 3.435278503941808026e+01 1.714832200376947213e+01 1.654001492768970039e+01
4.141550973610345920e+01 4.351810484278671964e+01 4.577939690535134076e+01 4.983841182611883625e+01 5.407042283257952420e+01 5.860349637961680713e+01 6.421305346493143418e+01 7.093409624627116727e+01 8.512649022202951699e+01 1.051216688862105570e+02 1.032738223266664903e+02 8.312205138130178739e+01 8.312205138130178739e+01 9.504689628840196747e+01 8.489154449755216092e+01 6.470597450249876204e+01 8.489154449755216092e+01 7.357542380274057336e+01 7.892106064317799508e+01 5.880636635256578160e+01 4.731257189990635226e+01 5.309710919652129490e+01 3.346691118246685193e+01 4.468562403856735443e+01 5.879895050991486016e+01 6.421235784198381680e+01 5.311473935736480456e+01 3.374584163707012863e+01 4.178684158602879251e+01 2.240154631358727855e+01 4.076123104588276647e+01 3.238739116124862250e+01 4.021730782315057695e+01 3.823806629872368035e+01 1.801670332048663781e+01 2.398213656810172978e+01 3.296253731327869474e+01
5.570966107678527379e+01 5.027409202655804421e+01 6.556093098652137030e+01 4.992211733422013964e+01 7.011035082257386364e+01 7.872887887181930466e+01 8.429999372324471096e+01 9.098294246173152544e+01 8.512649022202951699e+01 1.051216688862105570e+02 1.115218266955027673e+02 1.032738223266664903e+02 1.032738223266664903e+02 9.915092374408176568e+01 7.898511622261817422e+01 7.898511622261817422e+01 8.489154449755216092e+01 9.372978125897898849e+01 8.724122555291516790e+01 7.563274289479178947e+01 6.730783647982593720e+01 6.138458813250198887e+01 4.468557278583268300e+01 3.102181131817949122e+01 4.802938536542845327e+01 4.914229142388546734e+01 3.833126411583430837e+01 4.281810603056826636e+01 2.345907888942482344e+01 4.170396195650267401e+01 4.994920448626554332e+01 4.461772049533627182e+01 5.838465268099034944e+01 4.710417615899788046e+01 3.818301431815719837e+01 2.229416365370405728e+01 2.819195240989755291e+01
7.586440261475289049e+01 5.744065526269752553e+01 7.306029797446760199e+01 5.291529008395104938e+01 6.720217744745772848e+01 8.728856081925938781e+01 1.020181497321733275e+02 1.102891853541495948e+02 1.051216688862105570e+02 1.133833166037714477e+02 1.163684907014753378e+02 1.081173199715019848e+02 1.081173199715019848e+02 1.074126169179122030e+02 9.915092374408176568e+01 9.915092374408176568e+01 1.050069540830049277e+02 9.783360222643135273e+01 8.954574542981282548e+01 8.188963613880756043e+01 7.358362661535819882e+01 7.288303358660424180e+01 5.879491297187342269e+01 4.802938536591734930e+01 2.864562846936719964e+01 2.696126414960982487e+01 2.526205447522765368e+01 2.451797656165091865e+01 2.711366718415040822e+01 3.478547494240110893e+01 5.416109466798047123e+01 6.392438866151520926e+01 6.295400619899290007e+01 4.759758742053851677e+01 2.728914532205298116e+01 4.252249200058746936e+01 4.765072373823754504e+01
6.913741870062152373e+01 7.784844147711960716e+01 7.619425444571562878e+01 5.604620504312558893e+01 7.619425444571562878e+01 8.935589453133658822e+01 8.199736635769473025e+01 9.616464414537497873e+01 1.161497623072488636e+02 1.207143965050572803e+02 1.081173199715019848e+02 8.799189452222671548e+01 8.799189452222671548e+01 1.021801926118510124e+02 9.920866058626980077e+01 9.092936705122012597e+01 9.092936705122012597e+01 8.622527420478488125e+01 6.939912277700335608e+01 7.358362661405892879e+01 5.361145216170822891e+01 5.945932809118297513e+01 6.240967542520105837e+01 5.511662774869336801e+01 4.569576509392068431e+01 2.641911146845642477e+01 4.459518518599190173e+01 4.385699257042379884e+01 5.038104400147184947e+01 4.756548031195591619e+01 5.416236474745193163e+01 7.095191776426958086e+01 5.463423925622035426e+01 3.411905007242708621e+01 4.160393253915749057e+01 3.582238379528563854e+01 5.635104481688199485e+01
8.361332049700065738e+01 9.179863432640949839e+01 7.174049868457814227e+01 6.009901251145363688e+01 6.369275646685083103e+01 6.928950666131268576e+01 8.349304566962472052e+01 1.035100637674250805e+02 1.091514386617103440e+02 1.008781350099375373e+02 9.239104987154468063e+01 9.388649516205508405e+01 7.363652943953073304e+01 9.388649516205508405e+01 9.092936705122012597e+01 7.085395347500524110e+01 7.085395347500524110e+01 7.791408741739761012e+01 5.783544483986894846e+01 6.632167772004500250e+01 5.946116662447214907e+01 3.975134413339603157e+01 4.308712631582358910e+01 4.688541388888656769e+01 2.759255254324211393e+01 4.569576509416612708e+01 3.174437534862531507e+01 5.119811302297162570e+01 6.556108326045809065e+01 6.815805500460231769e+01 7.420321047572988959e+01 6.271368827656166900e+01 4.211505419954692542e+01 5.463423925622035426e+01 6.206748345803318756e+01 4.355602163866331011e+01 5.635102983329826998e+01
1.045581529195892045e+02 1.000775174046867022e+02 8.731598276939685377e+01 6.724003934593028475e+01 6.801864230948793022e+01 8.809115049198420877e+01 8.349304566962472052e+01 1.035100637676317632e+02 1.008781350099375373e+02 8.069258520632014609e+01 7.806341526965528033e+01 8.748289373970365546e+01 6.721517526284758048e+01 8.748289373970365546e+01 9.092936705122012597e+01 7.085395347500524110e+01 5.669421685474026162e+01 6.777188455157569535e+01 6.262835015360070656e+01 4.641444432058833058e+01 5.636806102015633257e+01 4.893153329449846467e+01 2.959792974777749208e+01 2.875984434031901316e+01 3.295273136749707277e+01 5.333313978118819421e+01 4.538821321333985281e+01 3.760037416877264604e+01 5.141927674404085025e+01 7.138645777057863029e+01 8.273047821801431212e+01 6.271368842410906552e+01 4.947629962239844303e+01 6.995345645102999299e+01 7.234819758851857330e+01 5.397930930676784556e+01 7.234819758851857330e+01
1.141170709797821701e+02 9.412728358704542586e+01 7.995517777087302136e+01 8.731598310836794496e+01 7.409019273319640320e+01 9.413483862943856195e+01 1.035100637675710686e+02 1.117803529478128581e+02 1.008781350099375373e+02 8.069258520632014609e+01 6.634253877910771280e+01 7.754323901891629589e+01 6.162175783156292397e+01 8.186164003162878089e+01 8.861041799808110397e+01 8.503130703063744988e+01 6.777188455157569535e+01 4.785106148757333955e+01 4.281137256438223204e+01 5.583087860729647645e+01 3.671251192233432903e+01 3.076799311122395153e+01 3.095457454370205141e+01 4.808027094588073425e+01 5.410304823766186644e+01 6.594232262960660762e+01 6.522445193941354091e+01 4.884106436361791026e+01 4.490714057849169194e+01 5.889736768770617203e+01 7.897514360114237775e+01 7.811045429740089219e+01 5.992794052299203145e+01 7.811045429740089219e+01 8.239447618127387329e+01 7.427187760156517982e+01 8.239447618127387329e+01
1.048563356414042715e+02 1.082546166708968229e+02 9.998215675990067552e+01 1.008087383692874823e+02 8.078703915480973308e+01 1.008087383692874823e+02 1.075450921799888988e+02 9.926724370487829674e+01 1.007402937202651145e+02 9.244125277165893806e+01 7.754323901891629589e+01 5.734893449597380766e+01 5.648995710692538808e+01 7.663572491895840244e+01 6.843513195774633573e+01 7.470699094903548598e+01 7.607033230889580011e+01 6.777188455157569535e+01 5.583118291689715562e+01 3.619575467024490933e+01 3.198740914344907793e+01 5.014949548345136066e+01 3.448068460706065252e+01 5.423765905387228514e+01 6.713851297272725560e+01 8.013654883912963101e+01 7.709618999722044919e+01 6.877829296603506748e+01 5.232387366376928384e+01 5.889736768775180309e+01 7.897514382558729551e+01 8.805481096631588400e+01 7.997897243933196876e+01 8.805481096631675086e+01 8.916161612047135065e+01 8.089746233115950247e+01 8.916161612047135065e+01
9.054982484310670543e+01 1.108416868557851132e+02 1.149413821585147986e+02 9.495480563960163067e+01 1.008087383692874823e+02 1.090799509141916843e+02 9.926724369629329203e+01 7.906220248841613341e+01 8.498012203700859857e+01 7.219283343312527279e+01 7.194234667816212436e+01 5.192018990062959460e+01 5.175746019918874197e+01 6.508559242028303515e+01 5.432880667648134221e+01 5.471520019532692913e+01 6.887389310701979639e+01 6.243528426019971533e+01 5.279662916360386049e+01 3.325964681049863003e+01 5.097033696405980407e+01 5.958548545761348691e+01 4.190646506199671251e+01 3.907342911119887674e+01 5.883126186256980361e+01 6.003638075049466494e+01 8.013654883912963101e+01 8.067038368338189969e+01 6.121599216670320942e+01 7.897514382558729551e+01 8.729155273530692227e+01 9.403148784241953706e+01 8.578140950432761258e+01 8.447518812237724717e+01 7.919246392096378884e+01 6.096459562866074577e+01 7.919246392096378884e+01
9.649317362371856177e+01 1.167362784582352049e+02 1.232051024017894747e+02 1.149413821585147986e+02 1.170291714479781149e+02 1.080585748717830796e+02 9.926724349231734834e+01 7.906220248839893827e+01 6.469711359158104358e+01 6.049265034715692479e+01 5.680246380249440108e+01 6.781209109907736376e+01 4.796288110374973712e+01 4.532409495356499463e+01 4.307697066237472683e+01 4.090071017648962481e+01 5.751729093744038579e+01 5.414921671415365978e+01 3.454836093994888557e+01 5.279662916360384628e+01 6.086957319451755666e+01 6.985129190439054980e+01 5.067609933392285626e+01 5.883126186256980361e+01 4.384706128504444678e+01 6.372483031868659964e+01 8.364322658286351952e+01 8.966755915056663184e+01 7.544536053110633134e+01 8.966755915066367777e+01 9.403149497046067040e+01 8.254978398453286559e+01 6.590716785474099026e+01 6.456584940153764762e+01 6.680423998790631401e+01 5.091582277517618138e+01 7.054908224961458529e+01
9.663983590534756729e+01 1.168748866992920910e+02 1.216623613915812996e+02 1.229046954333350072e+02 1.029353921806354890e+02 8.866167639030103942e+01 7.957029457539749728e+01 7.237694149552491751e+01 8.498012203700859857e+01 7.482616887383616699e+01 7.106200249770297717e+01 7.615023723589965243e+01 5.929506894809605200e+01 6.508559242028303515e+01 6.278836499496468093e+01 5.751729147934248942e+01 3.791228859765890036e+01 3.586082916091477557e+01 5.414921562738420846e+01 4.683114830356791458e+01 6.674185128009031587e+01 7.909462040193258758e+01 6.219286452169362889e+01 6.798264889507682085e+01 4.801170954644320688e+01 5.523984886806135108e+01 6.940891442508994658e+01 8.957536324121123528e+01 9.560297821197919177e+01 9.822023824281356497e+01 8.578140945237026926e+01 6.590716785474063499e+01 5.435343519255464884e+01 5.037815451217160501e+01 4.674275491679395600e+01 4.328227979491425970e+01 5.052073912280527423e+01
1.019493617699729242e+02 1.103011120700671768e+02 1.014684936735389016e+02 1.157186342449429191e+02 1.170291714479781149e+02 1.080585818583951578e+02 8.894616650774054278e+01 9.263813239070481131e+01 1.009365103289027275e+02 9.505420133449433706e+01 9.129795001909828045e+01 8.777858326071832096e+01 7.944655972191250726e+01 7.785602278261113440e+01 6.948419839639274187e+01 5.280017776678599972e+01 3.735596618333232044e+01 5.552064645850010294e+01 6.381409964378536159e+01 6.085800787360444986e+01 7.505935368482265346e+01 9.075510711071436276e+01 8.242176116312820966e+01 6.655631306458735708e+01 5.240852893601942242e+01 7.246810688575457959e+01 7.531553053088050831e+01 9.545911257491464141e+01 1.014671825403300716e+02 8.157669016769047232e+01 7.013887458894190274e+01 6.125279185934535775e+01 7.430701071603913022e+01 6.456584940168538367e+01 6.680423998790631401e+01 5.312308930338991075e+01 3.888960110357534461e+01
8.156890108387634086e+01 9.564483674330806195e+01 8.705180193301721658e+01 1.014684936735389016e+02 1.216623613915812996e+02 1.173156258213022625e+02 1.090654965963203153e+02 1.102137102168905471e+02 1.020486668997736217e+02 1.000578630011104480e+02 9.893851369308228527e+01 9.080274548017536063e+01 7.893674506216382269e+01 5.885731845152130859e+01 4.685764821106742062e+01 5.817451897888725654e+01 3.842256184153108478e+01 5.231523392700257347e+01 7.232186389844980567e+01 8.094670611926896697e+01 8.632489127794245576e+01 9.463819972712511230e+01 9.505193371387628076e+01 7.918939700556664718e+01 5.902552665090239969e+01 6.307249542608666815e+01 7.472019937012267121e+01 9.491939338641037693e+01 1.097025879160176913e+02 9.046447266557788680e+01 7.061779527704450743e+01 8.110865922194211919e+01 8.840600554394866606e+01 8.447518865442073377e+01 8.140899789567816924e+01 6.726604359953385881e+01 5.496830184841673628e+01
6.972335820863793288e+01 7.520738237356310663e+01 8.547117057789597538e+01 9.990012730942649455e+01 1.201067255477532001e+02 1.115144145903312278e+02 1.030207623375540038e+02 1.011852687464062228e+02 8.124152669792609061e+01 7.985068403749340860e+01 8.749427902468164575e+01 7.090597825883125438e+01 7.367825287797477074e+01 6.252705840728563658e+01 4.289452521583029920e+01 4.100397706462899095e+01 3.976435988295058621e+01 5.955744906418049567e+01 6.984932985057115218e+01 7.356274015185783810e+01 6.614615857705702240e+01 8.042058073981210953e+01 1.005791578552611014e+02 8.683407725818877054e+01 6.660815448667995042e+01 7.734627997232192342e+01 9.157830966548318941e+01 1.032086853747937454e+02 1.045308767035006383e+02 8.463797733925069622e+01 8.463797733925069622e+01 9.870129938347801613e+01 9.494891173919485539e+01 8.299927742080269866e+01 7.469583441998582884e+01 6.646573695210750543e+01 4.640872500619904173e+01
8.336291760788904526e+01 9.564483674330806195e+01 1.040154489605849619e+02 1.141576515847465885e+02 1.152490691084951351e+02 1.031109091401257274e+02 8.249708295728416374e+01 8.383180470044459298e+01 8.293080082474243397e+01 6.514107771580998474e+01 7.410013035307353846e+01 5.915346204353602388e+01 6.532362182116256122e+01 4.554893228151696860e+01 6.252705840728563658e+01 5.473942523679907168e+01 5.955706419742664082e+01 4.169269449260796279e+01 6.153148222418365521e+01 5.350562272983471246e+01 7.356274015187911175e+01 8.674803232426725685e+01 9.837858571660771645e+01 9.514805006267756937e+01 7.829760670798852118e+01 9.514805006267756937e+01 1.058103540134160738e+02 1.151470073738996831e+02 1.127646214277054071e+02 1.045308767035006383e+02 1.045308767035006383e+02 8.840031356180512034e+01 7.426818371469408930e+01 7.469507928581668921e+01 5.455129891464876835e+01 6.045044119205907407e+01 5.035446248899869914e+01
