MOVIE_S10_data/elevation_000602.asc
nrows	100
cellsize	150.0
xllcorner	0
ncols	100
yllcorner	0
NODATA_value	-9999
[rows 51 to 67 of 100, columns 37 to 73 of 100]
8.714642055528206299e+01 8.965927135697174322e+01 8.724124001746950796e+01 7.061498925898924028e+01 8.724124001746950796e+01 9.871165630793333889e+01 1.030396368868024553e+02 9.486524472326247803e+01 1.030396368868024553e+02 1.063541451379281426e+02 1.145500382945913316e+02 1.167633896791034971e+02 9.727268226313233868e+01 8.583168391830108135e+01 9.048905563769115190e+01 9.074293822741478266e+01 9.289117600200950164e+01 1.077571525614757775e+02 9.392848436600881712e+01 9.965802239452756339e+01 1.192008519513941422e+02 1.158423702030763707e+02 1.061279761336969756e+02 9.809795091591045946e+01 8.469820478062867153e+01 7.058765554548611476e+01 6.881847948001676230e+01 8.788706060615837146e+01 8.180794170820122702e+01 7.121560676632954312e+01 9.125424757673319220e+01 9.162048589870411774e+01 7.751021709699419660e+01 5.715973405545911845e+01 7.751749718259524968e+01 7.977004759215073193e+01 7.145967866837357008e+01
7.343425982965456456e+01 6.978777170062052448e+01 8.965927135697174322e+01 9.048501481889483955e+01 9.871165630793333889e+01 1.050990627252581788e+02 9.680353559003103214e+01 1.050839930635103769e+02 1.042006859628386337e+02 1.063776845887886537e+02 1.146739898344094541e+02 1.248593142636069757e+02 1.135971808460071486e+02 9.576069694736207794e+01 1.101027546727826376e+02 1.103525400341303424e+02 1.124836263029394559e+02 1.205791407402726634e+02 1.134903508091099127e+02 1.145570174256665013e+02 1.062437689672673855e+02 1.078024080323062464e+02 1.161125766167197639e+02 1.115015701374197192e+02 9.877684604706361426e+01 8.220921482795858992e+01 8.045622644285859337e+01 9.657670926725401728e+01 9.939089675307613447e+01 8.029854874147700627e+01 9.939089675307613447e+01 9.035753634142106705e+01 7.010594962128243424e+01 6.898695626908958900e+01 8.583851906062872672e+01 8.751384062423655052e+01 6.739337190090138563e+01
5.357021968067343209e+01 6.348891097553600815e+01 7.756716980695509278e+01 9.741207745065132428e+01 1.075220428742255194e+02 9.511022332338436058e+01 7.688843155357395176e+01 9.502454207069558834e+01 8.429860702898163538e+01 8.647389317135953490e+01 1.046928461227423952e+02 1.146502891503410950e+02 1.233522778128173485e+02 1.152601561308594995e+02 1.233522778128173485e+02 1.203260582948955317e+02 1.120237992936142888e+02 1.120237992936142888e+02 1.070912809242786778e+02 9.876456559671341040e+01 8.604916686993993835e+01 8.761372754539317498e+01 1.044779702031629398e+02 1.099875096784107313e+02 1.099291572750239254e+02 1.017999613864514430e+02 9.981780505742491982e+01 1.076981972975469262e+02 1.082206360429472625e+02 9.438592596008405167e+01 1.082206360429472625e+02 9.886211519060182695e+01 8.444647813361986266e+01 8.916178698923650359e+01 9.742767761132287774e+01 9.578273513569423869e+01 8.751384062423655052e+01
6.379904372611002117e+01 7.343425982965456456e+01 9.160375829735515651e+01 9.709559958442683580e+01 8.882413049709519726e+01 7.930362772371195490e+01 6.689432014087913103e+01 8.307502349710696876e+01 7.018393569891874506e+01 7.651335061361982071e+01 8.648638719810730890e+01 1.005206716562473872e+02 1.204485513122383367e+02 1.262737342988990719e+02 1.179849910453574893e+02 1.120237992936142888e+02 9.184878881196591749e+01 9.184878881196591749e+01 9.876456559671341040e+01 7.857434796399392951e+01 7.439144157977254679e+01 7.595328061831470734e+01 9.614646791860359087e+01 8.981978088234065183e+01 1.040508109983737199e+02 1.074363360569103634e+02 9.910685470463209867e+01 1.017254014299367242e+02 1.100494619314809057e+02 1.139550651256983400e+02 1.171458247592796056e+02 1.090458600741442439e+02 1.048580330264677798e+02 1.062685595582789659e+02 9.790566984485072055e+01 9.526764802448957425e+01 1.036395774657466120e+02
8.366778877680880555e+01 9.189576965533201758e+01 1.015311850654029513e+02 8.882413049709519726e+01 6.888842151396193003e+01 7.472745548736014598e+01 5.935655539721756213e+01 6.311628036142878528e+01 6.943684961008315781e+01 8.938309751328301900e+01 9.059693394679558764e+01 1.046370820194118920e+02 1.246017964246140224e+02 1.146583008250007509e+02 9.782184914660490449e+01 1.126418834910333118e+02 9.775791257153089475e+01 7.755825082889514022e+01 8.765808170021304591e+01 8.448792579498527289e+01 6.434552625068334919e+01 8.448792579498527289e+01 9.397164589457796069e+01 7.554262702400247065e+01 9.397164589457796069e+01 9.573327410338661991e+01 7.876980584259806051e+01 8.141708627529231990e+01 1.017254014299367242e+02 1.110299333231248227e+02 1.026824190126329341e+02 8.860242038775770368e+01 1.055642894867773407e+02 9.790566984485072055e+01 7.761600794483288723e+01 7.498717649451427292e+01 9.194228375155589106e+01
8.705681366636027008e+01 8.705681366636027008e+01 8.948123532292184734e+01 7.908440187306146640e+01 7.082207489848913440e+01 5.481384365670081849e+01 6.183175669616213099e+01 8.178034735089988772e+01 8.938309751328301900e+01 8.012182743226904336e+01 1.000181054675953334e+02 1.187887582985657673e+02 1.221104288331168561e+02 1.063437956424040891e+02 8.613060733581517070e+01 9.467370593241435017e+01 8.412069795563463970e+01 8.600062650125555308e+01 6.749058914638008844e+01 7.863890484299481898e+01 5.954355373868581580e+01 7.291630213407957228e+01 7.557200226268908239e+01 6.550930507058777152e+01 8.563469945479036483e+01 8.736525406961413864e+01 6.659391926697686870e+01 8.736525406961413864e+01 9.975999596730933661e+01 1.026824190126329341e+02 8.176663791240558510e+01 7.621457522053560751e+01 9.635053025023540840e+01 9.742606829790260292e+01 7.722688138178959605e+01 6.353570477609292766e+01 8.355871232736569709e+01
6.713488624471453647e+01 6.713488624471453647e+01 7.539066946234781597e+01 6.130010360177379880e+01 5.095379315202443848e+01 7.082207489848913440e+01 8.178034735089988772e+01 7.445733031383979039e+01 8.854955758346510208e+01 1.000181054675953334e+02 9.418868418428350253e+01 1.140915733905536342e+02 1.138135958096897014e+02 9.362128054188069370e+01 8.349503810930134762e+01 7.446681061778822652e+01 6.985142764802259308e+01 6.583426564293387173e+01 6.211765533222957458e+01 5.855975088370622927e+01 5.576901748661695279e+01 5.312971822551322987e+01 5.567037159530241297e+01 7.557200164745587756e+01 8.230594753315108392e+01 7.378668334484892455e+01 5.977348724377477396e+01 7.079902235001817701e+01 9.140589964192648154e+01 1.019938469898144007e+02 8.789272836284881407e+01 6.638449407552020887e+01 8.789272836284881407e+01 8.475305336023355096e+01 7.640445687315560974e+01 5.741079953981213890e+01 7.722688138202907737e+01
6.713488515821991598e+01 5.309458670463440910e+01 6.360057597122617778e+01 4.730903787978653696e+01 6.713262698022560926e+01 7.082207135308601664e+01 9.075391750316664741e+01 9.438149643604916150e+01 1.026564648429600055e+02 1.167633721024549800e+02 1.140915733905536342e+02 1.224032113077186779e+02 1.221104288331208068e+02 1.074544585988140142e+02 8.724631428026744118e+01 9.467370593241435017e+01 8.149588448803841345e+01 8.008473883679612015e+01 8.225582730186903291e+01 6.749058914638008844e+01 7.574072860712107058e+01 6.957176628130660845e+01 5.010291927746218477e+01 6.957176050793795241e+01 6.701406681180577607e+01 5.184089764016125912e+01 7.378668334484892455e+01 8.952074277812349123e+01 9.975999401104000697e+01 9.352113137075969007e+01 7.231138070870623835e+01 6.032596126506652467e+01 7.749087811656693248e+01 6.948052213401687993e+01 5.661140942561960543e+01 5.226228167726015528e+01 7.193081073902453682e+01
7.280483213850591540e+01 6.359805915265710041e+01 4.381250891227193023e+01 6.360057597122617778e+01 6.751940288343887175e+01 7.577652173275703262e+01 8.487741861751295858e+01 9.314474009938012955e+01 1.072457812877585894e+02 1.090357343386887123e+02 1.107052422340083240e+02 1.190119548010750350e+02 1.275564800385534454e+02 1.074544585988140284e+02 1.074544585988140142e+02 1.100304978452337252e+02 1.017065722131840459e+02 1.002828427342692805e+02 8.395394476421033403e+01 8.765808170021304591e+01 8.155572136204214928e+01 6.160374123747715913e+01 4.821481301484286064e+01 6.647085425442757867e+01 4.509614641197084950e+01 6.700629983102520271e+01 7.274372065967999390e+01 8.107402276519604811e+01 8.801106027401770859e+01 9.124956114754628800e+01 6.997113609073977614e+01 5.485320135137585851e+01 6.770471788335369467e+01 5.670874749259682090e+01 4.544403698280267179e+01 5.916227064780597544e+01 7.901477859246801927e+01
5.295612577127923259e+01 5.876945142873159966e+01 4.158330213953580312e+01 4.458955999213243615e+01 4.769219266046360417e+01 6.751946840028281827e+01 6.494725895439276542e+01 7.904369891008117577e+01 8.911848582940446306e+01 8.911848582940446306e+01 9.081557116263785190e+01 1.107052422340083240e+02 1.232330968700703409e+02 1.150756570339492839e+02 1.168908065503177625e+02 1.087104682745255104e+02 1.168908065503177625e+02 1.124571997374039967e+02 1.041396010028216210e+02 9.103507523169007243e+01 7.092934886289884844e+01 5.702808402861574422e+01 4.634055641213548427e+01 6.151687861340809604e+01 4.117608378013405712e+01 5.861934121812726062e+01 5.276883177186006435e+01 7.274372058889588288e+01 6.789596066179800005e+01 8.211866570547687161e+01 8.485667116589488046e+01 6.964994767852380164e+01 4.873734259473511088e+01 4.495876188109227201e+01 4.139662020302223056e+01 5.710899070674377498e+01 6.459491500546710085e+01
5.633242820711262056e+01 3.912154209519211179e+01 5.832199182329436127e+01 6.435644897444467460e+01 6.751946840028281827e+01 5.238920969320975018e+01 7.227247882232570930e+01 8.227935523613712121e+01 6.917939706336578354e+01 7.673809922710829312e+01 9.081557116263785190e+01 1.107052422340083240e+02 1.117354163601673633e+02 9.506964639526528060e+01 1.068790940606658495e+02 8.857340737942590181e+01 1.068790940606658495e+02 1.065492475710849192e+02 9.477143583769550617e+01 8.635017261312975734e+01 7.918787315008596295e+01 6.654322994115837275e+01 4.757535231849942647e+01 4.366916006545714879e+01 4.835975968850921447e+01 3.886487934818099177e+01 5.633396153805601614e+01 6.114393498282870354e+01 5.379624695430580772e+01 7.378753693397428037e+01 8.306033514706361132e+01 7.834061993845547534e+01 6.964994767855110069e+01 6.592036694506428773e+01 5.710899070674377498e+01 3.762820481112905924e+01 5.457819794326454854e+01
3.678290151078333281e+01 5.633242820711262056e+01 5.295960063587954636e+01 7.280839697910931818e+01 8.053444061689256728e+01 6.384846614346690785e+01 5.809471325680024734e+01 6.233001980839473077e+01 8.227943480459140346e+01 8.071028060375465429e+01 1.006043077678749995e+02 1.176400903628199046e+02 9.767859468484022045e+01 8.330878114667241618e+01 9.271906092552397638e+01 7.834682269952327260e+01 9.864193782697569191e+01 9.816704923695571949e+01 7.769961853771613391e+01 6.609213053630155343e+01 5.925223021515903099e+01 5.360181602415229207e+01 6.654321240620410549e+01 5.681617155064321878e+01 6.219574450749459515e+01 5.633396246303639288e+01 3.659248582193986721e+01 4.134343393541454503e+01 6.114393499384352282e+01 7.718794049430668736e+01 6.303652650036972460e+01 7.718794049430668736e+01 7.729874519608722494e+01 6.735982204169269494e+01 5.456999642507328474e+01 3.505420011506983258e+01 5.209977696737330888e+01
5.399717379285009855e+01 6.444574446182660665e+01 7.282950100094770107e+01 8.109624986298176452e+01 9.204605880840117038e+01 8.377989413166011445e+01 7.802620482960588788e+01 8.227943480459140346e+01 9.054300033767553657e+01 9.219659289369789690e+01 1.088863200179386013e+02 1.159116440935533205e+02 9.591801672766308684e+01 8.152652264752722999e+01 7.240112239333579680e+01 7.114279685351093008e+01 9.146653106118409937e+01 1.023010491117780560e+02 9.477143583769550617e+01 8.635017261312975734e+01 7.918787315008596295e+01 6.238500953240276203e+01 8.155413567873860359e+01 7.650758010704022638e+01 6.521828206648453374e+01 4.535233949934013253e+01 5.414340072987101848e+01 3.440500971758874016e+01 5.202379201941906928e+01 5.826401669057762689e+01 4.900070919876826991e+01 6.890136426782592594e+01 6.893937068767695564e+01 4.918722535543013663e+01 3.946971476219390951e+01 3.250948586541441188e+01 3.246257891364357562e+01
3.672578072203214816e+01 5.624346519378153175e+01 5.852625176944241758e+01 7.835334235832573313e+01 8.307947961001160309e+01 8.506560462404630130e+01 9.334328666311681388e+01 9.297292433590499172e+01 1.012660490679594716e+02 1.120894598737773435e+02 1.204005285229223148e+02 1.216866469875883183e+02 1.017740146026153525e+02 9.674681223665537289e+01 7.646932928420750386e+01 6.475643277222675920e+01 7.377981041298814091e+01 8.804042976238309848e+01 8.919465171448989338e+01 9.748085325809847745e+01 9.147321900809309625e+01 7.960327978397465643e+01 9.147321900809309625e+01 7.592494373176026556e+01 5.589461387797650360e+01 6.521828206648473270e+01 6.242523323206422958e+01 5.202379201941906928e+01 3.228527021323027668e+01 3.850737312446210581e+01 5.826401669057762689e+01 7.718794049430668736e+01 7.729874519608722494e+01 6.735982204169269494e+01 5.894448168987688774e+01 4.048816799778111175e+01 2.913837630500361442e+01
5.624346776549273841e+01 3.901047518000797254e+01 5.852625206185008722e+01 6.510511799284338963e+01 6.318203784777693244e+01 6.514567622356476306e+01 7.888884154477740651e+01 7.305502343910706031e+01 9.297292433590499172e+01 1.046688306187174788e+02 1.162226568816814023e+02 1.080356671983159487e+02 1.162226568816814023e+02 1.049961930686339144e+02 9.335014969634636373e+01 7.971298079995655428e+01 5.951245397674073701e+01 7.488413128340962999e+01 6.895656439552955419e+01 8.919460624615670952e+01 9.560512015003230601e+01 1.023825762058332316e+02 9.016202154672528479e+01 7.002775301224060911e+01 7.592494373176026556e+01 7.139663087427766186e+01 6.308287877855832448e+01 5.057814973395473856e+01 3.083832344935242631e+01 4.863047795848522981e+01 5.689115988178118499e+01 6.072573043403978943e+01 6.902683198425273758e+01 7.924495715350349201e+01 5.981759574472263097e+01 4.882514454129636050e+01 4.619454299620184656e+01
4.864721404139746141e+01 5.852215949169166009e+01 4.132927440117641282e+01 4.756813291453388359e+01 4.932257752119537031e+01 5.371046180743817899e+01 5.896861437115207139e+01 6.649114747860222963e+01 7.647144282539319704e+01 9.637254339614048604e+01 1.080356671983159487e+02 8.789056913916175517e+01 9.640488941101185105e+01 1.011416854365468652e+02 9.738404026291946991e+01 8.804042976238309848e+01 7.488413128340962999e+01 5.477827596643952290e+01 6.895655597659073521e+01 8.919321905654186367e+01 7.673249222079057574e+01 9.193363013429512876e+01 9.849200779349271784e+01 9.016202154672528479e+01 7.724406287690759143e+01 5.721712426575982846e+01 4.324957865460611117e+01 3.759252231204747119e+01 4.862893599694398716e+01 2.889201919377843808e+01 4.670622286539425971e+01 4.089978226624907620e+01 6.072521672577186536e+01 7.091685203703788432e+01 7.685041117872125938e+01 6.220334581474514124e+01 4.438621038020578169e+01
6.258163919521000906e+01 6.293383667045409169e+01 4.412872915470794766e+01 4.385878810111319837e+01 6.797967132472135177e+01 7.356493689117665724e+01 7.888884154477740651e+01 8.642199311076674917e+01 9.469954855851428022e+01 1.046688306187174788e+02 1.162226568816814023e+02 9.640488941101185105e+01 7.609984336318294140e+01 8.090614688981980862e+01 7.712866397733353097e+01 9.137997576714916192e+01 7.185305405125913580e+01 5.179074865308819398e+01 6.766977419652553749e+01 7.196437977717189938e+01 6.414650325083299265e+01 8.371792429208407782e+01 9.891408568097364196e+01 8.624608429440232271e+01 6.613205451166115267e+01 5.462743082068229228e+01 6.308287877855832448e+01 4.740772322928183513e+01 5.688808165590929633e+01 4.670622286536609380e+01 2.699813181501091464e+01 4.482571401119066223e+01 5.307383806421851347e+01 5.100474099296766184e+01 6.512157955352509475e+01 5.396911680285766266e+01 3.428626577899014904e+01
