MOVIE_S10_data/elevation_000160.asc
nrows	100
cellsize	150.0
xllcorner	0
ncols	100
yllcorner	0
NODATA_value	-9999
[rows 51 to 67 of 100, columns 37 to 73 of 100]
4.628558646725646497e+01 4.740224593323019775e+01 5.520842192883741006e+01 3.879740534362885995e+01 5.291495441741221128e+01 7.300958601672670056e+01 8.929675013737394806e+01 8.877455756119285013e+01 9.080277244349517218e+01 9.905484698210524641e+01 1.003769220639095892e+02 1.086382301745152716e+02 1.068698600900868030e+02 9.518997684637822942e+01 7.667536872099340428e+01 5.651523827068722028e+01 7.118847615673313101e+01 5.661771963966995003e+01 7.083080306476745136e+01 9.114493109055634079e+01 8.549238419379041432e+01 6.516077085866839980e+01 8.549238419379041432e+01 1.044430908794306703e+02 9.236311948906416092e+01 8.140137752433956564e+01 6.125409614178204265e+01 4.923709661141893434e+01 6.570334928964508947e+01 6.304045237738529295e+01 5.448057353431422456e+01 4.144580441298832341e+01 5.564920748341285162e+01 4.967253664674814218e+01 7.007821542911000279e+01 6.864398756480963470e+01 4.854170624844983450e+01
5.835651374534869262e+01 6.745241497696807187e+01 6.141421634440524713e+01 4.133680354224154030e+01 6.141421634440524713e+01 7.380012824662408377e+01 6.942824774265316989e+01 8.160561012460298969e+01 8.864329879280212765e+01 9.684809366264727259e+01 1.067452646079198360e+02 1.082589542097799438e+02 9.814806768749964760e+01 8.980928454455482779e+01 8.302463619177831333e+01 7.118847618349134621e+01 5.122742849918161312e+01 6.741619274915576909e+01 7.577267030797771952e+01 8.741444227731716410e+01 8.005853196376251901e+01 5.982495096386251987e+01 8.005853196376251901e+01 8.423109026752196371e+01 1.011015302778495908e+02 8.959410801890909681e+01 6.976933919848212895e+01 6.570334928964508947e+01 4.507663850197375410e+01 4.240813242140753658e+01 3.985739675867777265e+01 3.752496157558718437e+01 3.527741256225403532e+01 5.279637664831626154e+01 6.116484876436178553e+01 6.468812132130884152e+01 4.453487741454214444e+01
7.889372284956488102e+01 8.718155109689561755e+01 6.857241477632895510e+01 4.837961545847996092e+01 4.536802447704975805e+01 6.552726482236899130e+01 5.511763594028927571e+01 6.156545228530784897e+01 6.873770928974988692e+01 7.875183784806088738e+01 9.853475973754349582e+01 9.995752056737360647e+01 7.966104852173737072e+01 6.945533948622637865e+01 6.273250325216257295e+01 5.701420105034383567e+01 5.197199978615228844e+01 4.756735165265754972e+01 5.889804092464624574e+01 7.905220453350354148e+01 7.515116774922847753e+01 5.505573466995396359e+01 6.400084302649491974e+01 7.255115157714230634e+01 8.916075477619094158e+01 9.795370196497965765e+01 7.999655569587962134e+01 5.978290934644502386e+01 5.978290934644497412e+01 6.304045237738529295e+01 4.830211660274201790e+01 5.204338497619703219e+01 5.279658513351260751e+01 3.257001187082614990e+01 5.003126496663528400e+01 5.802927764256747167e+01 5.928266529506370119e+01
9.293291953643776537e+01 8.143539261999583800e+01 6.118924619629902395e+01 6.857248289129012164e+01 5.960695255569864770e+01 4.969125037374417531e+01 6.988358877933752922e+01 6.255756309730814024e+01 8.257923759979269107e+01 9.684809255732535860e+01 1.067452646079198360e+02 1.082589542003775591e+02 9.814806768234869594e+01 8.980928454455479937e+01 8.302463619177817122e+01 7.122227018541916266e+01 6.489538740910101922e+01 4.507909823272031247e+01 6.181930275098380179e+01 7.014872373971405750e+01 7.054095922189992507e+01 5.058070684195684663e+01 5.253867347812231259e+01 6.068850952944535493e+01 8.081119767604701565e+01 9.297859068422721407e+01 8.820374436315943001e+01 7.999655569582417058e+01 7.999655569416727019e+01 6.512952243750603998e+01 6.292052420501403986e+01 7.243250380165223135e+01 6.116532883704828549e+01 5.003126496663551848e+01 2.991578727223665268e+01 4.902973913186457366e+01 5.614369637342529273e+01
1.009149591033776403e+02 8.983953363997540009e+01 7.556350225828010991e+01 8.627144870343261118e+01 7.544162232573735594e+01 5.532343713468219448e+01 7.548535894357988241e+01 8.257923759979185263e+01 7.081694295137769757e+01 8.233832142483785788e+01 1.021081177191185958e+02 1.084449791672169425e+02 1.001401251667237915e+02 1.001401251671194501e+02 9.985059879304593267e+01 8.133424611667355464e+01 6.120083796387473285e+01 6.181930022900238697e+01 4.200554170302073942e+01 5.888191538352599963e+01 6.719049803100240581e+01 6.438109160527191932e+01 4.454612486991203468e+01 5.849203348379960943e+01 7.859853559173367898e+01 7.280564319891253433e+01 8.133173402323259893e+01 8.966250660591505550e+01 9.341263233924067322e+01 8.521693859762726220e+01 8.304768113310531419e+01 7.504628549759270584e+01 6.599669407647819241e+01 4.813017409897104670e+01 2.805806564187691166e+01 4.556939438806169562e+01 5.393047722184329729e+01
8.980958984137885182e+01 9.785876262615006738e+01 9.636569162851006354e+01 8.701636075251880698e+01 6.703893686112607497e+01 6.703896966364686705e+01 8.375947536109978842e+01 9.768918330736926237e+01 7.790387552916496361e+01 9.768918740393398537e+01 1.103250324130607112e+02 1.001401251666787857e+02 7.988121414779608642e+01 7.988121414779608642e+01 9.416309671300240325e+01 8.968519141417064588e+01 7.599776652428025159e+01 5.594639100245019137e+01 5.888191538352599963e+01 3.903756820689746121e+01 5.601490312316890652e+01 6.097932828217940227e+01 4.114342338856831560e+01 6.097942287380894300e+01 7.184754108128305461e+01 5.860727314265334087e+01 6.121272259323026788e+01 8.133173402323259893e+01 7.933735818802858830e+01 8.766573535535492567e+01 8.098869491399911169e+01 6.089202648455206912e+01 4.642896471295085803e+01 3.737878079472974235e+01 4.485124725907502352e+01 2.553065515638834526e+01 4.556934770457588257e+01
7.024115881642198644e+01 8.414542085509594926e+01 1.034841034276361711e+02 9.525491772416368974e+01 7.862542028621139423e+01 8.702638799811990111e+01 9.529514012614311014e+01 9.768918751545479040e+01 9.190310743001674609e+01 1.058982597619208832e+02 1.102311050202060301e+02 9.004914531366959807e+01 7.566951915761519842e+01 6.556140094643676264e+01 7.754645062158601831e+01 8.590649834189507317e+01 8.435108333203440623e+01 7.599776658889960856e+01 6.719851663773737016e+01 5.016870923365528512e+01 3.613054960306349983e+01 5.321913124265369532e+01 3.785016922280103557e+01 5.771840270481457935e+01 5.180299520580042838e+01 4.709813151208544468e+01 6.710544461030828245e+01 7.196005917559206466e+01 5.939349779754463299e+01 7.612364270479062611e+01 8.766573535535492567e+01 7.504628549759270584e+01 6.599669407647819241e+01 5.767673209184745531e+01 4.379803289709078484e+01 2.376633340253184912e+01 4.196412562625518206e+01
6.679274795961634936e+01 8.079821409035871227e+01 1.004076034215685382e+02 1.067275536631706387e+02 9.848217199849919723e+01 9.913541199057922881e+01 1.073611610283692670e+02 1.174705020250051746e+02 1.116580226872035837e+02 1.134542503907830735e+02 1.112655231216150469e+02 1.042775701647679796e+02 8.924427611266433757e+01 6.898304802404234692e+01 5.741939027729004152e+01 7.083743050682157616e+01 7.666394097256824125e+01 8.501603288905143074e+01 7.848131943511104680e+01 6.432436034774525524e+01 5.321913124265369532e+01 3.329690073592276178e+01 5.093978520325958925e+01 4.983815367882396430e+01 3.768887537971271939e+01 5.767390676692440366e+01 6.613301961920467420e+01 5.199740240082271470e+01 4.786589337640385367e+01 5.939349779754463299e+01 7.933735818802858830e+01 9.069566160083503803e+01 7.141729169963238633e+01 5.845047396020391517e+01 4.204174206511047629e+01 2.201274759245424661e+01 2.181795321227195217e+01
6.462516845931368437e+01 8.434333701940772698e+01 1.013870262825815729e+02 9.800185934696169454e+01 8.976188346682390318e+01 7.924421526948663086e+01 9.588243287154786287e+01 1.058257673695062806e+02 1.134542503907830735e+02 9.329460893883141637e+01 9.108250207190714320e+01 1.053083464000621063e+02 9.758195199868187331e+01 8.249053341646006743e+01 6.230676711113823529e+01 5.083478094062466823e+01 5.657077402118247278e+01 7.340158258161881122e+01 7.248851557224679709e+01 6.284396336608435973e+01 5.241924221159597863e+01 3.240537095520040367e+01 3.092804084338460413e+01 2.983606146430427231e+01 4.813456296032649107e+01 4.725422898549308570e+01 4.995569014920282314e+01 3.697295208940890632e+01 5.199740240082271470e+01 7.196005917559206466e+01 8.458828053841698136e+01 7.046323510995875949e+01 6.296788217107093288e+01 4.201495220573004019e+01 3.194471950978861230e+01 3.975283100706879935e+01 1.962232825719432938e+01
7.851616257090640261e+01 8.970712823816417369e+01 8.161096839656008228e+01 8.646821956827659506e+01 6.976986443444367580e+01 6.764054584941550274e+01 7.770177036505582180e+01 9.760067772834558752e+01 1.112655231216150469e+02 9.108250207190714320e+01 7.666328403823690962e+01 8.740999382237511384e+01 9.575999227945375480e+01 9.084112569522567071e+01 7.919202258133283578e+01 6.506316349577042502e+01 4.512589257782167351e+01 5.991515404170025505e+01 5.244936990266479881e+01 5.452784193722848727e+01 3.452388019957318477e+01 5.241906337035985786e+01 4.507527125771431287e+01 4.831515473274671280e+01 2.834071709337849043e+01 2.730808535705438800e+01 2.808709115046625016e+01 4.995569014920275919e+01 5.845468967066540955e+01 6.677797965884350617e+01 7.448005200594732855e+01 5.599789277404398291e+01 7.149922601642377629e+01 6.058704323117964208e+01 5.217906435194812786e+01 4.809968753666542085e+01 3.194017769569369847e+01
6.971503005520661134e+01 6.971421323818346139e+01 6.741601769838688085e+01 7.109514042102316012e+01 5.807170273705075658e+01 7.236966822058657556e+01 9.233746277064800267e+01 1.058257673695062806e+02 1.051664506471379070e+02 9.685185117002359334e+01 8.740999382237511384e+01 6.709306681125113414e+01 8.740999382237511384e+01 8.772688120747703522e+01 7.937698618179204857e+01 7.079904123130290827e+01 5.991537945579770508e+01 3.997189962485888515e+01 3.835619422582133353e+01 3.675908841787277481e+01 3.990072797540717175e+01 5.977736380870079103e+01 6.506878622103147336e+01 5.451213570647544771e+01 3.555689164520475032e+01 4.576923926650147223e+01 2.584089372105438542e+01 4.431774418782497094e+01 3.846202963830535992e+01 5.845468967066535271e+01 6.619353420166103774e+01 4.593223292231491683e+01 6.613707950142941172e+01 6.713671533968945937e+01 6.690145651063967591e+01 6.046923947275705302e+01 4.620515052686361201e+01
4.956065222537213089e+01 6.240300714057269005e+01 6.526118047076911921e+01 5.088449134604634594e+01 6.260622998012397034e+01 7.685364683338625014e+01 9.678432614511986287e+01 1.111244301315449121e+02 9.093995531946404753e+01 7.651699011484657831e+01 6.884111831295152228e+01 6.175153940576248601e+01 7.601499941792985737e+01 7.937698618179204857e+01 5.926063979723502229e+01 6.246639630724829573e+01 4.254231776472558124e+01 5.991537945579768376e+01 5.831862320805003463e+01 5.087370397407733691e+01 5.978555632228280814e+01 4.838664810685025230e+01 6.825728637756365913e+01 6.291031911268131438e+01 4.462173590696139058e+01 5.407408511067738743e+01 3.846202963829502153e+01 2.439076929758445189e+01 4.288336914887150186e+01 5.118317396665378993e+01 5.902181741630700174e+01 3.902944904919982605e+01 5.007228956325989344e+01 4.916133835490441584e+01 4.400049762094256778e+01 4.369167680963031586e+01 5.223427207914338766e+01
3.956944114091422193e+01 4.227386019755552837e+01 4.507641286143243775e+01 6.526118039139846871e+01 7.746524733704283960e+01 8.455226424095695847e+01 9.277747094641435410e+01 1.027205416803536195e+02 1.051664506471379070e+02 9.685185117002349386e+01 8.575707014617792368e+01 7.601499941792984316e+01 5.591877813073329406e+01 7.044131047438682458e+01 6.515258124057426414e+01 4.523130054025370583e+01 6.246636471640636756e+01 5.245104889699624096e+01 7.248174415765754475e+01 7.090404369875834334e+01 7.489392404458564556e+01 5.498401104351963653e+01 7.489392404458564556e+01 6.440253550598957588e+01 6.440253550598957588e+01 6.677796652843434799e+01 5.262000212614741912e+01 4.288336914049311588e+01 2.295159916547105894e+01 4.152718397498264125e+01 4.962350938276261303e+01 4.300225035117166783e+01 3.065435436820876092e+01 4.890474474278980210e+01 4.063660579126364780e+01 2.135747488656527793e+01 3.636737635922956713e+01
4.619475668439264382e+01 6.240300714057269005e+01 5.674291894209253684e+01 5.144452267590207839e+01 5.731209747063014959e+01 6.450715810448737386e+01 7.459737827287986534e+01 9.450715217993035822e+01 1.031789579563459256e+02 9.148216044790937929e+01 7.738815016404325320e+01 5.725587781685834443e+01 5.378601011678031796e+01 5.046834748376575419e+01 4.800504451268368911e+01 6.515258058906589156e+01 7.349340202613089446e+01 6.656643501200933599e+01 6.656643501489689640e+01 8.676256371573977333e+01 8.320100636327020993e+01 6.489642882838187177e+01 8.320100636327020993e+01 8.505522295471260463e+01 7.181099654272443900e+01 5.175640731211782253e+01 4.723524436809214677e+01 2.729244676223552801e+01 4.152718397100265690e+01 2.158809732006902848e+01 4.013068189877910896e+01 2.398284835040575302e+01 3.868072470550679043e+01 3.807842067786597084e+01 3.580098484051271157e+01 1.677148977526236706e+01 1.620856636995877409e+01
5.332250033477313167e+01 7.349017186016530445e+01 7.099197527295056886e+01 6.577750350212450314e+01 6.427545996677021378e+01 7.746524045088567334e+01 9.277742240341568447e+01 1.027205115973630285e+02 9.485539626587791417e+01 7.452782712919507446e+01 6.285670502567022311e+01 6.724043148599928088e+01 6.789831250118984940e+01 7.044131047438682458e+01 5.165967729603993774e+01 5.788357425820461089e+01 7.800580590356993582e+01 8.676256182977276410e+01 8.676256371573977333e+01 9.510137082397581310e+01 9.321211224063962675e+01 8.489141926078943357e+01 9.321211224063962675e+01 7.657860421645509064e+01 6.499599064454133668e+01 5.175640731211782253e+01 3.179149233392820406e+01 4.723524436809214677e+01 4.982429439597918019e+01 4.017792565707238595e+01 2.023257594544273985e+01 1.927938371372420079e+01 1.870863293902349156e+01 1.813892643260772886e+01 1.756968125732835162e+01 2.769978531733949723e+01 3.534250546043636376e+01
6.346252017732516748e+01 8.174703096673161440e+01 9.065075697330036064e+01 8.581899522392146196e+01 7.591358648570418666e+01 9.256423558316495814e+01 1.056126887441212574e+02 1.040540039424381433e+02 8.378420302801052344e+01 6.937290906078982289e+01 8.311926860326323663e+01 7.895710697273727874e+01 8.814774372696342652e+01 7.545384586299209673e+01 5.536997210318237705e+01 7.545384586299209673e+01 6.944448766371594672e+01 8.114196291815227369e+01 1.013923512936816280e+02 1.019569308850420413e+02 9.363573963767744601e+01 9.334845644107447526e+01 8.501248918450920655e+01 6.823815432272255066e+01 4.820711107743115775e+01 3.670101373038874470e+01 5.175640731211782253e+01 6.007046247231834712e+01 5.431097407610396033e+01 3.432042251721739490e+01 2.029022196483705542e+01 3.925696591988155859e+01 3.350429855914183719e+01 3.811803363519075560e+01 3.766090705692041496e+01 2.369475280514340199e+01 4.200531139473392273e+01
8.351783083876830460e+01 9.174728625877928323e+01 8.893272351044485902e+01 9.720923431691586813e+01 9.583436560023062611e+01 1.040514731891631186e+02 1.167779307326378984e+02 9.665963654484443168e+01 8.226446425322664879e+01 7.549920675049875740e+01 9.586014389812812908e+01 9.335094818690346585e+01 9.384389683535786730e+01 7.354526203496787673e+01 5.930685123826925320e+01 7.949059451917281649e+01 8.970078411387527240e+01 9.803731088739453980e+01 1.096933767915252389e+02 9.363573963767744601e+01 7.339404456958929757e+01 7.932269979232202672e+01 6.484420387556231447e+01 6.221415903226199617e+01 4.223604127837423761e+01 5.667322611290454404e+01 6.499599064222920219e+01 6.249422462838280978e+01 5.418346347993263379e+01 4.089719382599110986e+01 2.099227496684770955e+01 4.089719383273676101e+01 5.384978260064343658e+01 5.117782469538826717e+01 3.117588023993875979e+01 4.361882694805862570e+01 3.812443805235226080e+01
