MOVIE_S10_data/elevation_000445.asc
nrows	100
cellsize	150.0
xllcorner	0
ncols	100
yllcorner	0
NODATA_value	-9999
[rows 68 to 84 of 100, columns 0 to 36 of 100]
5.009162696260269221e-02 2.005009162696224578e+01 3.551566863052025980e+01 3.882128936156016152e+01 4.329181330134852601e+01 2.683422803518438116e+01 2.070025074817056066e+01 2.486293828848386411e+01 2.944572601329167227e+01 3.610971639983277726e+01 4.318114607322642229e+01 5.318233797023225407e+01 7.317431137158729371e+01 8.333144121984088315e+01 7.499721436973875655e+01 8.333144121984088315e+01 8.170902690541554136e+01 8.170902690541554136e+01 9.005320202316075040e+01 8.719624489509057241e+01 6.715439062515140733e+01 7.562507522284185768e+01 8.311971687139387654e+01 9.146700631138807580e+01 7.932463707612888015e+01 6.344844841262582236e+01 4.333669383652656393e+01 3.332919821391926263e+01 4.987322269405292019e+01 5.817728247427673693e+01 6.056901668233257396e+01 5.883088700002443971e+01 4.471714314901664267e+01 3.295461333889261368e+01 5.285014317054430677e+01 5.120764063205609062e+01 5.310165097926008571e+01
4.695337527364121244e-02 2.004695337527328647e+01 1.640452591783770586e+01 2.789206603762585246e+01 3.066424788928447498e+01 1.545887431541540202e+01 3.544764877098970857e+01 4.485459796117396536e+01 4.944207505021063298e+01 4.944207505021064009e+01 6.317832467090974546e+01 7.145510897226105840e+01 8.144881927918147824e+01 7.545585221199723946e+01 8.379069361313148079e+01 7.585922025127767654e+01 6.166523847939438951e+01 6.166523847939438951e+01 8.170902690541554136e+01 9.555058343514924957e+01 8.131105643623665458e+01 9.555058343514924957e+01 9.113881159709946189e+01 8.219807456092847531e+01 7.104130507096165559e+01 5.099618367968132304e+01 3.931750567685396902e+01 3.653831872495459976e+01 4.822492324153169818e+01 6.829736206537815235e+01 8.053299705412808862e+01 7.297696402681874872e+01 5.802450444911949745e+01 3.507224993468027208e+01 3.525899306167573855e+01 3.706907864351140347e+01 3.892548664819620541e+01
7.614146464036156137e-02 2.636858807715086517e+00 5.218678248679889720e+00 7.914723946641767149e+00 1.068615171526120200e+01 1.734094897101804378e+01 2.439982449198699044e+01 3.333719968278781920e+01 4.488660417110890677e+01 6.489151514148674949e+01 7.771044380369592375e+01 8.394694543492248329e+01 6.390265106663972716e+01 5.544512083817508596e+01 6.801298276023051415e+01 5.970433645714373938e+01 4.756920865783969532e+01 5.752044984043664755e+01 7.167164342473610361e+01 9.174641038609478016e+01 1.014043436882092806e+02 9.699227729816642807e+01 7.699921238140103696e+01 6.286581111998943072e+01 5.391002822060825395e+01 4.627838272351216631e+01 5.946824883976722020e+01 4.004613761479320999e+01 6.022042713789044655e+01 7.658135175668041938e+01 7.966109777206624187e+01 5.948183621668115961e+01 4.682954658684158744e+01 5.802575364579543304e+01 5.522892788136064013e+01 4.118854687081709187e+01 5.899240267785405223e+01
2.352828262072655108e-02 2.002352828262037221e+01 2.519582099707104916e+01 2.789206603762585246e+01 2.066947139833400726e+01 3.066424783040829993e+01 4.439540133984236547e+01 5.267827926237864489e+01 6.162305075767520890e+01 7.316949092387510234e+01 7.766392224944532074e+01 6.927312161453593831e+01 6.390265106663972716e+01 4.398056758026866930e+01 5.325384951853867932e+01 3.982260045199098641e+01 5.970433645714373938e+01 7.585922025127767654e+01 8.588902683347140510e+01 8.773089151911963768e+01 8.773089151911963768e+01 9.607261962590243343e+01 9.113881159709946189e+01 7.635502789440222671e+01 5.635336428591877223e+01 6.635419609016045683e+01 6.383107781213036702e+01 4.372782566146940297e+01 5.797505796774868969e+01 7.796876034196237981e+01 8.792213259545582105e+01 7.631143021853542052e+01 5.948183621666024123e+01 7.631143021853542052e+01 6.568725985738831241e+01 4.553444585412488976e+01 6.568721610142358713e+01
6.786455232800275850e-02 2.006786455232764865e+01 3.381924297291723036e+01 4.224589478557221867e+01 3.479265659868935501e+01 4.887109526255386527e+01 5.893954039939099943e+01 6.646264882543773922e+01 6.646264882543773922e+01 7.480708892396511089e+01 6.927312161453593831e+01 4.883377726871419355e+01 5.482032262459845384e+01 5.325384951853858695e+01 3.343779452336206504e+01 5.325384951853867932e+01 5.970433645714373938e+01 7.973000387930005672e+01 8.186348521203194650e+01 6.765435079816130326e+01 6.765435079816130326e+01 8.773089151911963768e+01 9.634764055403925909e+01 7.635502789440222671e+01 6.790594325129330855e+01 8.463782713323944051e+01 6.768413732168278329e+01 4.766305281628892487e+01 6.183111648138880412e+01 8.181457961517281774e+01 9.245789075199591878e+01 8.792203417231833384e+01 7.966109577125246233e+01 7.258912185595380606e+01 5.246692281130423652e+01 6.568724261577062862e+01 7.176189227454079855e+01
3.257643153035955086e-02 6.699243399662772269e+00 1.377033249356991895e+01 2.532248608978876447e+01 4.550512022968910486e+01 6.276228833522429795e+01 6.058862025356733483e+01 4.637015158316956587e+01 4.637015158316956587e+01 6.646264882543773922e+01 5.920468176618801692e+01 5.474859526332000570e+01 3.455242939048095963e+01 4.483300697926106437e+01 2.983291045014405896e+01 4.380366343412663355e+01 6.371633331713830728e+01 7.239961610825091043e+01 6.407695977531206211e+01 5.347187790068920066e+01 7.353463343256207452e+01 7.944983872175504303e+01 8.778335548885229400e+01 9.618111949888191248e+01 8.789669215561382032e+01 7.767415513239912173e+01 5.769411951096643065e+01 6.768413732168278329e+01 5.525764026304855037e+01 6.418558901777099379e+01 7.572276789885341941e+01 9.571808179320247234e+01 8.892473020141933659e+01 6.891776934879821681e+01 5.832234294560963406e+01 7.837895518682965701e+01 7.712355646711222334e+01
1.880098487986705744e-02 2.001871046420971467e+01 3.381805538415719070e+01 4.226549039683224152e+01 5.416730960154604446e+01 5.110479013883419697e+01 4.277143505576492544e+01 3.213719989104648533e+01 5.225510769689987711e+01 4.874138164511121118e+01 3.873013615678272004e+01 3.873013615678271293e+01 2.726563612486775057e+01 2.502849399656129492e+01 4.483300697926106437e+01 5.791695497279015115e+01 6.517958375999293708e+01 6.407695977515211894e+01 4.402701285087963612e+01 6.299896048014599614e+01 6.786358991772853244e+01 5.938186712404694845e+01 7.096367048154382928e+01 9.104216011867245584e+01 9.181044855546666383e+01 7.181871067487888638e+01 7.181871067487888638e+01 7.523479031225885194e+01 6.937964613855206153e+01 6.937964613855206153e+01 8.937035878607132133e+01 1.040034176772221599e+02 9.720553372384547686e+01 7.837896229020587668e+01 6.545539174017871176e+01 8.544709772481942878e+01 8.315030126770685115e+01
2.900726248362994752e-02 1.002964222394851390e+01 2.158889545781078567e+01 4.187338004025013305e+01 5.714288094127964257e+01 4.267789371738065540e+01 2.268660809353823282e+01 4.277143505576492544e+01 4.289558786169450144e+01 2.873659675643958877e+01 3.620125168296466001e+01 1.865948749291142406e+01 2.040666511090178759e+01 4.037630917826986376e+01 4.593956850034059158e+01 4.844055935069144425e+01 4.513175128728887131e+01 5.365617519357646614e+01 3.847810098681975433e+01 4.295102143459949673e+01 4.780620891719449617e+01 6.198492300444865322e+01 8.205594730844268270e+01 9.938722167076339531e+01 1.000956037340524887e+02 9.181044855546666383e+01 9.181044855546666383e+01 9.522711450351800977e+01 8.937035878607132133e+01 8.937035878607132133e+01 9.765516173030391656e+01 1.125088034966162525e+02 1.066434658462096365e+02 9.372479437290526505e+01 7.546491484777862979e+01 9.372479437290526505e+01 9.020441646691607218e+01
5.081304048347550645e-02 1.419431091262956279e+01 3.423948299642810156e+01 5.003782350621891339e+01 4.880726085239847833e+01 2.883838982161367781e+01 1.741316329474929603e+01 3.084780535595618289e+01 3.235239325269503752e+01 1.459266097411509477e+01 1.621415828393264036e+01 3.599031277459663158e+01 4.034712412047552732e+01 2.349632610172652747e+01 2.594426601633212215e+01 2.843263254789995287e+01 3.098543913882127754e+01 3.362987287345298171e+01 5.365617519388998602e+01 6.299896048015769878e+01 6.786358991772853244e+01 5.938186712404694845e+01 7.096367048154382928e+01 9.104216011987301727e+01 1.041897270762285501e+02 9.583933540355653236e+01 1.041897270762285501e+02 1.086537092732713319e+02 1.057198762828208061e+02 9.981363634432757692e+01 1.066156811968099589e+02 9.236124594625484008e+01 1.066156811968099589e+02 1.037114540969901668e+02 9.542928060186032724e+01 1.037114540969901668e+02 9.847826155556489880e+01
4.469920835086939326e-02 2.004444000274554583e+01 3.408461925994949837e+01 4.231388450999522632e+01 3.934417712307042336e+01 3.538680463981388868e+01 1.649056642615662938e+01 1.082346465167777261e+01 1.232971837012723526e+01 3.235236355060045810e+01 2.106845865283454700e+01 4.100986880626984288e+01 5.151857583646433625e+01 4.347832059641191904e+01 3.102878756787003312e+01 4.844055935069107477e+01 5.100362547052023388e+01 4.778284544705546466e+01 4.029500892632306375e+01 6.033675416894237742e+01 7.598466002179928580e+01 7.944983872200917574e+01 8.778335564770952715e+01 9.938722219552907688e+01 9.413832138538604966e+01 7.576006048696312689e+01 9.413832206015749193e+01 8.852365377794107815e+01 8.560273483106252002e+01 7.971638669071974448e+01 8.666272328332946984e+01 7.817122260356462959e+01 9.826232892829860077e+01 1.046214508099248377e+02 1.129771848657661337e+02 1.177122267958291673e+02 1.084602151273409021e+02
2.324776005098762310e-02 2.002299207775746481e+01 1.428997936947340364e+01 2.408963592536359144e+01 1.958438926015632120e+01 2.682402098893121334e+01 8.809769608247819406e+00 2.880999561724325275e+01 1.735902117498693187e+01 3.751304773380937974e+01 4.104935128119740284e+01 2.860328948035363794e+01 3.614864700125347952e+01 5.618484317770694503e+01 5.104297729761777447e+01 3.918612793227983815e+01 5.922300699120453515e+01 6.783541677324119235e+01 6.033675416894237742e+01 4.760465539953004566e+01 5.656828742549421207e+01 6.814856038534634308e+01 8.822340058953160735e+01 9.748871287121293960e+01 8.579969794525985094e+01 6.574209644925062435e+01 8.579969794525985094e+01 7.433529299953821123e+01 7.802083393553522228e+01 6.554291246083592171e+01 6.660069580146056012e+01 8.302308704559482067e+01 8.820072152746845973e+01 8.451024683677806593e+01 1.012452594835649506e+02 9.754439303276070916e+01 1.177122267958291673e+02
8.699724428260374731e-02 1.414443867482546358e+00 2.744824077958022190e+00 4.090169665950641686e+00 5.450997300830179526e+00 6.824602940317063826e+00 2.682540417842942659e+01 3.353448164856619229e+01 2.270483401844065696e+01 4.263702257316746369e+01 5.693198818112754367e+01 4.273843298353811804e+01 4.493107430047314921e+01 4.880846445376627685e+01 6.754239724940865131e+01 5.074625944506176012e+01 5.074625944506176012e+01 7.080245948070290751e+01 7.475348743349596248e+01 5.468976594196807639e+01 7.475348743349596248e+01 8.496425267725541630e+01 9.656536429300312818e+01 8.914623940683898695e+01 6.908141779512597225e+01 5.904508609029422672e+01 7.152855654332043400e+01 7.731335729836970927e+01 5.794626060978824711e+01 5.655443277404180691e+01 7.614598713162261845e+01 6.297306764138190971e+01 6.814782943679311700e+01 7.447812176798271366e+01 8.115073575490593782e+01 9.534016175117614011e+01 1.155014265162368332e+02
2.249585233037712170e-02 2.002249585233002094e+01 2.274524852637274464e+01 1.563728875402444451e+01 2.545575498122260427e+01 2.096602543310153521e+01 2.110922336980016212e+01 4.105150601929533138e+01 3.421411336006512727e+01 3.211039785825274606e+01 5.202472768444921769e+01 6.279164699312907771e+01 5.910453057869061411e+01 6.038476316754974960e+01 7.721586753995443075e+01 6.492246820617079095e+01 6.231955474414252194e+01 7.913096777597782250e+01 8.308295809199573512e+01 6.626983401021021791e+01 8.308295809199573512e+01 9.241048243484142688e+01 1.007541885615509756e+02 9.748871287121293960e+01 8.311526401000675435e+01 6.304641876397040789e+01 5.140583945654950782e+01 6.513162613272389478e+01 4.889341570776934986e+01 5.244282081265483697e+01 5.607939135666626385e+01 6.367361536460580851e+01 7.263196441666738679e+01 9.269089285225057040e+01 1.012452594835649506e+02 1.096024086189294735e+02 1.132494126806811607e+02
2.739267172789772165e-03 1.414485108025478866e+01 3.414084335033130913e+01 3.566150472544668304e+01 4.401104883871688855e+01 4.094345547940638141e+01 4.171110230660798379e+01 5.024504043878435056e+01 4.822814133707181128e+01 4.620933261480023901e+01 4.472551497011400556e+01 6.458491526179247444e+01 7.919743365960260917e+01 8.047938766487550311e+01 8.882761191841896675e+01 8.499801416231383655e+01 8.239032284872762091e+01 9.072912713897936499e+01 9.468229794144085076e+01 8.634237352665373066e+01 8.914919967098180109e+01 7.232788730898904817e+01 8.914919967098180109e+01 9.013855015954658256e+01 9.144894940131919725e+01 7.985426033171182780e+01 6.516538454641059275e+01 4.494241140228076148e+01 6.516538454684452120e+01 7.254197545796240831e+01 7.026828026349548395e+01 7.246219126963875112e+01 9.204692909714502491e+01 8.900164183150884867e+01 1.090944812972283415e+02 1.096585822636716188e+02 1.012899096903935146e+02
8.327778614586213435e-02 2.008327778614550851e+01 2.832712343936624322e+01 3.317469027912120794e+01 3.833749270215244564e+01 4.500681676363755912e+01 5.329810161696447324e+01 6.224899263293899310e+01 6.780165764362465097e+01 6.606433333215343850e+01 5.878043743300933954e+01 7.281750203092171603e+01 8.669094678115726538e+01 8.248268789203767426e+01 7.421386311334951813e+01 8.248268789203837059e+01 8.726842021004601690e+01 9.554377295071532217e+01 1.008422839982717534e+02 9.332315333046335581e+01 7.322394252214142796e+01 6.072964837564293816e+01 8.081579073290428994e+01 7.004790195315096923e+01 8.426348717348513162e+01 8.015652475144733557e+01 6.287559772151001880e+01 4.260915641950005295e+01 5.698370090659360443e+01 7.709989492018407020e+01 9.033602676846487611e+01 9.253699903185307107e+01 1.008812075296338691e+02 1.090944812972283415e+02 1.069827700098980046e+02 9.803975992832796749e+01 8.119839586141206667e+01
6.510866554257997707e-02 4.147591467468510373e+00 8.317878274031064834e+00 1.316857335874940738e+01 1.833246421071606491e+01 2.499884457918218317e+01 3.394378993452079385e+01 4.809444286584030692e+01 6.811044267467403301e+01 8.118645556240031169e+01 7.859816435853467453e+01 8.085921276112753731e+01 6.675273795111327502e+01 7.252275417999283036e+01 5.431174122022365225e+01 7.252275417999533147e+01 6.732620291571411997e+01 8.090156049130833082e+01 8.090156049123011428e+01 8.742841661574705370e+01 6.734025670619931248e+01 5.308800413049243616e+01 6.500348009681268024e+01 5.581033934591914658e+01 7.420377430419263476e+01 6.590554851917750057e+01 5.165147164847772387e+01 4.034073492084242218e+01 5.212089171460538495e+01 6.638701956119132319e+01 8.647801977399572593e+01 9.733546026226083825e+01 1.032410358970516882e+02 1.042801128760022777e+02 9.267328619445365234e+01 7.845038993024962792e+01 6.964304959250047489e+01
8.953482861371392376e-02 1.887872662384714673e+01 2.770025033910262380e+01 2.458862492863318749e+01 3.823584623395169046e+01 3.466525714926616075e+01 5.329810161696447324e+01 6.224899263293899310e+01 7.530334450096077603e+01 6.128336157732892531e+01 7.530334450096077603e+01 7.090099950313330623e+01 5.269313226820898421e+01 6.426280216678644308e+01 4.438758064777368872e+01 6.167958412265738133e+01 5.584944888373811267e+01 6.098128443040054947e+01 8.090156049130833082e+01 9.128600753545306645e+01 7.967802985842179453e+01 6.500346055203368678e+01 4.477768300653480082e+01 4.565502695128213162e+01 6.291691372427977313e+01 5.456489999606119312e+01 3.724644931392366942e+01 5.710671908863687918e+01 6.858300060804917564e+01 7.605180095988070832e+01 8.451351536013368104e+01 7.724598203422131348e+01 8.313005397671153673e+01 9.592022675307241286e+01 7.584930994361700130e+01 6.429423839000352814e+01 8.433227753025852280e+01
