MOVIE_S10_data/elevation_000470.asc
nrows	100
cellsize	150.0
xllcorner	0
ncols	100
yllcorner	0
NODATA_value	-9999
[rows 0 to 16 of 100, columns 37 to 73 of 100]
1.156141994952556473e+02 1.073665653505181155e+02 1.083989144763119015e+02 1.001679564833583385e+02 1.083989144763119015e+02 1.054364610489688090e+02 1.015383682584963481e+02 9.218409851269124999e+01 8.419069087971811882e+01 7.039765812019204816e+01 7.470555776364413703e+01 7.922939135567649771e+01 8.400416137648197434e+01 1.039297197261212489e+02 1.173506867230761230e+02 1.241484537694759780e+02 1.326732514513432477e+02 1.429715300971964496e+02 1.377565900610936751e+02 1.294713104483973041e+02 1.294713104483973041e+02 1.268799349223663882e+02 1.351631997551189954e+02 1.467015337292339439e+02 1.352521922189770862e+02 1.269728752643126342e+02 1.352521922189761483e+02 1.242294362824961382e+02 1.140827995726070725e+02 1.057142228708849530e+02 9.884890964504315036e+01 9.310008255566015123e+01 8.773744356850592396e+01 8.331552432060574631e+01 7.918038677344304688e+01 8.549453179121667290e+01 9.396179209862958714e+01
1.073665653505181155e+02 8.759971621542909759e+01 9.338929228440518671e+01 8.042948516781929413e+01 9.851022791133544843e+01 8.566713742220245820e+01 8.566713742220245820e+01 7.406626464244787655e+01 6.445470204251883217e+01 8.419069087971811882e+01 9.437073098104873736e+01 9.898233003112598283e+01 1.039297197261212489e+02 9.144451513453910252e+01 9.713889454003030721e+01 1.037551526302763278e+02 1.138435994370704378e+02 1.344533081018813334e+02 1.294713104483973041e+02 1.094410743964197081e+02 1.094410743964197081e+02 1.068364001175200713e+02 1.184385030108324344e+02 1.384111453578383930e+02 1.252426265337580418e+02 1.069408651279765650e+02 1.252426265337558107e+02 1.158980319544667452e+02 9.553041378730321753e+01 8.511828319335970150e+01 7.812121880049622291e+01 7.233067106668886481e+01 6.699680383948853546e+01 6.263983658479236993e+01 5.858197347251648068e+01 6.484733264197853941e+01 8.126010763089789180e+01
1.029390171201437170e+02 9.338929228440518671e+01 7.366191422574699743e+01 7.057687875085882467e+01 9.029872081446283971e+01 8.400272549311567616e+01 6.595894284602303514e+01 6.019072971122690774e+01 7.922967275038436696e+01 7.142335758882950358e+01 7.669391873170332019e+01 8.236999812129045040e+01 1.015924377798329772e+02 1.115160448942329623e+02 1.173506867230761230e+02 1.241484537694759780e+02 1.326732514513432477e+02 1.429715300971964496e+02 1.294713104483973041e+02 1.094410743964197081e+02 9.516429398528562444e+01 1.153077947072767131e+02 1.301556817268540840e+02 1.301261945707520908e+02 1.169568701961446209e+02 9.684020134047335659e+01 1.169568701961446209e+02 1.242294362824939356e+02 1.140827995726070725e+02 1.057142228708849530e+02 9.286097707043286675e+01 8.395759109809918641e+01 8.169403244110392848e+01 8.331552432060574631e+01 7.357421348057955868e+01 5.308772970407771652e+01 7.117314574058239884e+01
9.852674381328449726e+01 9.423535408160468307e+01 7.450592893999429123e+01 6.315527964567579033e+01 7.645651740804230201e+01 7.581304008212403289e+01 5.620865458099437717e+01 7.581304013411271114e+01 8.763832325429005721e+01 9.091448314532469510e+01 9.606224301655841202e+01 1.015924377798329772e+02 9.153947773528300047e+01 1.025604977030395872e+02 1.158873889010436784e+02 1.349890741071697562e+02 1.356093821741303600e+02 1.320605966066922292e+02 1.237682184832355290e+02 1.102719195267789019e+02 9.009597269567295541e+01 1.017822299044284478e+02 1.218690512211548338e+02 1.218427456779753300e+02 1.017657969249690524e+02 9.008604760118988963e+01 1.023418457255274490e+02 1.106541547178872804e+02 1.222604355011817319e+02 1.216506181109995026e+02 1.129442515144622945e+02 1.045558583648136164e+02 1.023275286752757864e+02 8.460642522851675551e+01 6.401823300432596398e+01 4.964380352485591885e+01 6.530440841362566573e+01
9.031514276578573686e+01 1.024548050651390980e+02 9.104472416666243362e+01 7.645651740870252411e+01 5.685079653583644443e+01 7.079681675510984462e+01 5.362716976910668620e+01 6.740040984063588780e+01 8.709760702422941847e+01 9.293103263944270509e+01 9.145577518772206815e+01 9.966934795366967137e+01 1.105577259798461540e+02 1.050060278034775081e+02 1.239607110114372972e+02 1.297486148056790967e+02 1.156009483777181401e+02 1.237682184832355290e+02 1.036910561358486547e+02 1.058691669757814680e+02 8.567789029815138235e+01 1.058691669757814680e+02 1.216780486560095085e+02 1.263695637371862830e+02 1.165679616787756885e+02 9.644919555779986808e+01 8.214041733081910479e+01 9.383096977064040800e+01 1.139679184883614340e+02 1.126404884866268787e+02 1.023899275131712017e+02 9.395027182398506227e+01 8.662542876139312398e+01 8.088726773586502361e+01 6.938277549087186458e+01 4.899094010464285276e+01 4.498500733934874773e+01
9.031514276578573686e+01 9.595069972173729411e+01 9.619309346417105644e+01 7.645648555767571963e+01 7.079681375050030567e+01 5.129662671848556244e+01 5.110709976984373526e+01 7.060354044920387651e+01 7.565686384575353429e+01 7.320146934448290210e+01 7.173003968211671122e+01 8.566762149226818224e+01 1.054296143404502857e+02 1.239607110114372972e+02 1.320085108113172510e+02 1.197173225295172188e+02 1.013758356355262862e+02 1.197173225295172188e+02 1.095715208404150189e+02 8.940978798159424912e+01 8.155261119293446370e+01 9.323313797485160137e+01 1.133787112481477095e+02 1.180745719513595162e+02 9.796920280554323313e+01 9.793353264148075255e+01 7.773085047254434699e+01 9.203341072922432886e+01 1.121776869817049658e+02 1.042530198625300528e+02 8.364752378544012856e+01 7.323248702124099907e+01 6.593619495698241906e+01 6.028041274304296593e+01 5.505717281518242601e+01 6.938277549086836871e+01 5.929194970529226083e+01
9.020142934128759293e+01 7.622843851008066451e+01 8.347724651421179942e+01 8.091933369957858702e+01 6.129624004098467083e+01 4.757269960840532264e+01 4.985744768490055634e+01 5.294540876699215204e+01 5.606090831872273839e+01 5.931944862269518381e+01 7.898012464374491515e+01 9.176759464112289777e+01 9.997990698708849777e+01 1.088231047543509646e+02 1.202672189898800070e+02 1.114185592955809341e+02 9.126993988906596655e+01 1.013442495929025284e+02 1.096596540833385944e+02 9.793116979943306433e+01 7.773957060452769952e+01 9.203044306674343034e+01 1.121752037964197939e+02 1.158832897432197484e+02 9.576655018397015340e+01 8.147858932683706712e+01 7.370424004939371798e+01 9.389299620769341459e+01 1.099726077082197406e+02 1.126404884866268787e+02 1.023899275131712017e+02 8.662542876139312398e+01 8.662542876139312398e+01 7.178256455432007499e+01 6.952275265916259173e+01 8.406795402286570607e+01 7.981976777048143390e+01
8.200495507864245326e+01 6.236988573016216009e+01 6.383297207581405530e+01 7.080942561323166728e+01 6.266125131704907858e+01 4.549495223247956233e+01 5.197500501442679877e+01 7.149989528729230415e+01 7.565686384575796808e+01 7.064407864286332028e+01 6.507932533662365415e+01 7.204194677217087417e+01 8.085845801048608905e+01 9.223497855471264018e+01 1.120109121595337456e+02 1.129714420364083622e+02 9.283255395294521861e+01 8.116007773212886889e+01 9.371534971263663749e+01 9.465549230580947437e+01 7.446944072804978987e+01 8.875189294927042738e+01 1.089077127869571200e+02 1.158832897432197484e+02 9.576655018397015340e+01 8.147858932683706712e+01 6.985109406709196378e+01 8.147858932683706712e+01 1.016586067855106847e+02 1.029521057256005321e+02 1.051502334276975716e+02 1.071736804816529514e+02 1.008501081824716437e+02 9.240363047422627574e+01 9.015774045730778141e+01 9.420131407318795880e+01 8.593344871958055364e+01
7.216022001945690079e+01 6.958664684733120964e+01 5.004167174094406789e+01 6.037305722343213432e+01 4.311091241117271977e+01 5.692532226910781645e+01 7.149951242181371924e+01 6.319251207378843560e+01 8.284799179591112761e+01 8.458055303962825633e+01 7.901165063769289532e+01 7.312029071771549127e+01 8.297603279914969221e+01 9.435451137583264369e+01 1.141420229567128786e+02 1.212686303803045291e+02 1.053596578371160462e+02 8.519112454873619811e+01 7.353197536844731985e+01 8.733249069430829081e+01 7.135998567649504309e+01 8.563522129657516757e+01 1.058002661453132305e+02 1.111497477940383050e+02 9.101021179915940706e+01 7.673232279303610426e+01 6.670904023550944828e+01 8.258073780065619474e+01 9.091437341639078795e+01 8.280189662659947203e+01 8.500749482658716261e+01 1.051502334276975716e+02 1.050734078440432455e+02 9.355882630047402415e+01 8.529136620855685180e+01 7.928632039979311230e+01 6.599979096011267643e+01
5.258499001492511127e+01 5.668686787505379243e+01 5.817978350116174369e+01 4.075521549374623476e+01 6.037305722343213432e+01 7.080610619018018781e+01 8.467049907510987339e+01 7.451189121669105475e+01 9.104824406286550698e+01 1.043379999069080100e+02 9.875220434919508250e+01 8.450045987200824982e+01 8.705939795121945224e+01 1.068190474960283893e+02 1.224033214160261309e+02 1.210164475840725373e+02 1.136687742207812164e+02 1.020427864519350152e+02 8.733280197099711017e+01 6.716379951447889596e+01 8.733280845195130837e+01 9.987365112061529260e+01 1.075739388604180391e+02 9.905305178815267197e+01 1.052304180930146060e+02 9.421489813379743339e+01 7.406394133128812030e+01 6.255046202997820615e+01 7.865247753075878734e+01 6.860119926981596450e+01 8.280189650899909282e+01 1.029520716545899859e+02 9.679713556341717151e+01 7.686855846063011199e+01 6.537488241184968274e+01 5.935911199602779931e+01 6.965768531884802428e+01
4.768302106209655733e+01 3.702825297422540274e+01 3.855504412382300217e+01 4.896660595485386835e+01 4.672773146360464835e+01 7.796208633133549881e+01 8.985757369602031019e+01 9.423531695562790844e+01 1.024566399680499700e+02 1.050439866001333655e+02 1.124865695242091448e+02 1.042482671662727682e+02 1.068190474960283893e+02 1.150631782527079423e+02 1.210164475840725373e+02 1.009278377832093838e+02 1.046141663660764749e+02 9.918332538869454140e+01 7.901497844256012115e+01 6.477535547732108512e+01 7.901497793748141873e+01 9.918316543731808110e+01 9.583835170557593131e+01 7.882773849914747188e+01 9.583835170557593131e+01 1.025394508684008770e+02 9.091437307856662642e+01 7.865247753075878734e+01 5.872057964481987824e+01 7.015300682209468164e+01 8.436243598654237985e+01 1.045070597519446949e+02 9.789741707086949418e+01 7.796550055845074212e+01 8.297428956513840603e+01 6.304866731237650868e+01 5.152473332917372062e+01
3.488237230245949405e+01 5.461147698792549221e+01 4.410225369956000918e+01 4.755741880795743270e+01 5.410578969816784678e+01 6.056253797051030574e+01 7.574649692135893986e+01 9.573744894419377260e+01 9.927168487092875182e+01 8.528091134619590719e+01 9.731302099011514883e+01 9.731302099011514883e+01 1.171048423348319147e+02 1.233590839285915450e+02 1.150641370626385509e+02 1.046141663660764749e+02 8.445480914286132190e+01 9.297515604656338439e+01 8.259579899208816300e+01 6.249319217146874195e+01 8.259443119344535944e+01 9.961709258223068275e+01 8.737585901899618079e+01 6.742657183995316927e+01 8.737588628861888651e+01 9.317521665529245922e+01 8.485236531820788741e+01 7.619902959464371861e+01 5.633504613330681110e+01 7.619902914607258992e+01 8.865724840296320508e+01 9.718112348976546855e+01 1.061740918245952940e+02 9.204758047474571470e+01 9.124051605780317686e+01 7.973124443829632924e+01 7.147022621042447099e+01
5.461138966703689590e+01 6.275188580160421736e+01 6.611758860548184202e+01 7.289332256107546471e+01 7.282624886297844569e+01 8.099619814613933499e+01 8.985757369602031019e+01 9.133415909582015502e+01 8.362098715468179932e+01 7.136278145586675237e+01 7.756890111795772214e+01 9.152005868163394098e+01 1.112984691615664445e+02 1.150641370626385509e+02 9.494177940059273624e+01 1.008354815063449337e+02 9.297515604656338439e+01 7.280813725179157814e+01 8.032076895806154937e+01 6.028626058424541156e+01 7.125662597270982701e+01 8.541658373950798477e+01 8.026362243980739208e+01 6.063187581860343300e+01 8.032214036741646623e+01 8.485236531820788741e+01 6.485936876234920589e+01 7.071518187732087313e+01 5.400558480731338307e+01 6.089708593202460207e+01 6.837954177431467429e+01 8.272056322450156074e+01 1.031913691928788097e+02 1.120201719188979865e+02 9.971926223597071726e+01 8.969261116571789216e+01 8.140465703509786977e+01
5.373450642094111629e+01 6.427061470785847064e+01 7.817006577541152978e+01 8.121463304232875657e+01 8.940586790892920988e+01 9.139314929823433431e+01 8.320356761589015093e+01 7.163683110368400264e+01 6.396761410765541456e+01 7.528449032273583441e+01 9.500885360568844362e+01 9.152005868163394098e+01 1.112984691615664445e+02 1.124619248522264030e+02 9.232433426583853020e+01 8.065297861927858492e+01 7.427273547657118513e+01 6.869676509553619326e+01 6.337239446807781462e+01 5.991708981687097690e+01 5.724292144472030941e+01 7.714254181567524427e+01 7.423596275004216238e+01 5.489302289339536856e+01 6.707858079549897923e+01 7.536603749826070953e+01 6.777293511979823393e+01 5.097758121585528102e+01 7.071472805018240138e+01 6.793557899982297954e+01 8.795810659288875399e+01 8.870214274445260116e+01 1.091089920869607397e+02 1.055861383013034356e+02 8.559420075279248863e+01 7.135961037850231037e+01 6.126127163186966129e+01
3.637117646403834925e+01 5.037121450571323322e+01 6.671217183509465087e+01 6.158259795068733666e+01 8.121463304232875657e+01 8.002869145310182830e+01 6.355602637429031176e+01 5.779800741057811564e+01 7.740604490132507465e+01 9.181271668380533413e+01 1.032155061435869499e+02 1.112984691615664445e+02 1.195244250916143471e+02 1.207587217422063759e+02 1.091504316645921193e+02 9.445321370573951469e+01 9.424779566408727760e+01 7.408126614577196278e+01 8.346833221583025875e+01 7.499255801021077161e+01 5.517559885066601311e+01 7.255901858146008010e+01 6.968853173680513180e+01 5.803361227097571629e+01 4.735740696185053622e+01 6.491066601845867012e+01 4.806690754899434381e+01 6.777293511979816287e+01 7.901476825803820248e+01 8.795810596446283114e+01 9.602908822695331992e+01 1.007108336118153886e+02 1.090198571203461739e+02 9.881888385391515328e+01 7.879364369902387466e+01 6.712982659517891193e+01 5.809947580940202982e+01
5.034691219914184046e+01 3.887415138894785827e+01 4.772291731976121554e+01 6.296771215983493164e+01 6.487303974238170667e+01 6.688855996515584934e+01 5.228000461403263444e+01 7.186005439113823456e+01 8.558636246373282574e+01 9.910143749523922452e+01 9.951033933336250925e+01 1.016788824081253608e+02 1.099142596330293458e+02 1.188651716921681185e+02 1.228765202373316328e+02 1.084908084872856193e+02 8.834814658366471463e+01 9.424779566408727760e+01 8.285469548272008922e+01 6.280720203595218720e+01 7.254015522714618669e+01 5.283111734489529709e+01 5.122424958493958513e+01 4.962267801311841708e+01 6.491069657137227011e+01 4.519124382577856380e+01 5.692747331218493656e+01 7.353464722366040007e+01 7.462872960675309741e+01 8.016553490841380381e+01 8.651292893285288699e+01 8.060720587450438757e+01 1.007488606645796381e+02 1.070796628328850488e+02 9.553194387745799077e+01 8.655040577913472077e+01 6.694712496794934964e+01
6.652391668197397223e+01 5.856282366936660111e+01 4.144364315322896175e+01 4.334900917386379149e+01 4.527459353413078702e+01 4.730183598128481748e+01 4.981987264908369895e+01 6.939358413571299877e+01 7.118068524877831749e+01 8.113873396602757282e+01 7.975015912055296496e+01 8.191015235126612026e+01 9.080695522470155368e+01 1.052833951693184815e+02 1.167335112156825545e+02 1.167958712338580085e+02 1.084908084872856193e+02 9.186496940673966094e+01 7.171738441673799969e+01 8.285465720260106082e+01 6.324489147702152536e+01 7.256231960190048369e+01 7.093041208675190035e+01 7.335907952918054775e+01 6.086076409381865915e+01 4.396794585525302779e+01 6.368424482718483404e+01 6.737747303485384975e+01 5.477319313973124082e+01 6.020567109341153156e+01 6.644648400078342831e+01 8.060784133078740865e+01 1.007539182381862872e+02 1.055998457450540542e+02 9.727948548198280321e+01 9.533834259432613578e+01 8.705814606460802452e+01
