MOVIE_S10_data/elevation_000603.asc
nrows	100
cellsize	150.0
xllcorner	0
ncols	100
yllcorner	0
NODATA_value	-9999
[rows 34 to 50 of 100, columns 37 to 73 of 100]
4.720494234742584183e+01 6.704220264168881727e+01 7.375609200120692321e+01 7.409262047771302662e+01 5.424313928877588609e+01 6.598888494025504770e+01 4.982212707171225929e+01 6.393407773912316117e+01 7.391927480165691122e+01 8.459713850658451406e+01 9.080633140317300445e+01 9.770776619820138365e+01 1.057936436093996520e+02 1.170347389168822758e+02 1.099478941365494506e+02 1.016849306156567820e+02 1.020056691160620943e+02 9.373142494716178419e+01 9.196998801919791333e+01 8.797778322679110374e+01 9.288394868155141637e+01 7.305332825755029091e+01 5.976447369898737350e+01 7.969775553436190307e+01 6.313894744720310115e+01 4.216542392719247800e+01 4.528524505914107579e+01 3.381731555281610468e+01 3.250689086864393573e+01 3.339092558566466096e+01 5.261299680163059378e+01 6.236161332154398451e+01 7.063423861243965973e+01 6.462797584068260903e+01 4.468913693483459326e+01 3.065113070663505113e+01 5.052903180422165974e+01
5.349587883307607683e+01 6.390017427829094743e+01 8.384608485357038887e+01 8.034774482009430585e+01 6.056692051351902961e+01 7.334162035251547707e+01 5.347985638711158174e+01 5.560220814094754616e+01 5.986654545893659218e+01 6.486328072099122721e+01 7.117113941861511250e+01 7.818756082427567833e+01 8.949979126355560766e+01 1.089200684725534671e+02 1.034105506460095683e+02 1.116770023906515803e+02 1.069194092691050741e+02 9.864873449474193023e+01 9.864873266595660084e+01 1.061880622194079820e+02 8.648770783176993859e+01 7.239862131536681034e+01 7.388604575514870021e+01 8.226776007350746056e+01 6.197335477845449958e+01 4.882735571498735538e+01 5.985271187767559553e+01 4.486358910529659738e+01 5.008772457780496268e+01 3.064031951593186065e+01 4.841987845589182626e+01 4.264582068074462740e+01 6.236149909175484396e+01 6.119906112679276333e+01 4.125328895774025995e+01 2.719919849305886927e+01 4.250077410164202263e+01
6.034777841590848624e+01 8.027322180048030020e+01 9.204815493314377761e+01 8.730812809589990309e+01 6.762119152340626727e+01 7.708871398335921299e+01 5.726108778198761939e+01 7.544291206061585342e+01 7.136346906960504555e+01 8.459713850658451406e+01 8.101207912606876960e+01 9.770776619820138365e+01 1.057936436093996520e+02 1.001258039148978867e+02 8.338245741417588874e+01 9.913629179785171175e+01 9.864873414720332789e+01 7.868484671648060669e+01 7.868484671475567893e+01 9.280210001034562595e+01 1.003767180572750135e+02 9.225780804013095349e+01 9.372846410392237715e+01 8.248339393284175003e+01 6.260595550939625298e+01 6.260593587656155989e+01 7.257547751158884353e+01 6.459436345478707153e+01 5.005238397257248550e+01 4.834263734343213059e+01 2.894229908275464425e+01 4.841878607872528306e+01 5.326340089977805548e+01 5.437052858779940578e+01 5.534912671473260559e+01 4.250077034662543696e+01 2.256885756002251853e+01
7.037962397598757036e+01 8.846782954505272301e+01 9.966103831063136909e+01 8.012937230557579937e+01 8.730812809589794199e+01 8.096908912030464478e+01 6.118298057683112745e+01 8.096908912033671868e+01 9.100196493393823971e+01 9.909522724987019160e+01 1.005488234474573375e+02 1.086506710517428047e+02 1.086597408382583865e+02 9.184732564714838077e+01 7.189976636641098651e+01 7.915214453647350012e+01 9.327992188935886020e+01 8.453213353102755434e+01 6.479636347872467184e+01 8.453213353102755434e+01 9.808076544433630772e+01 9.921555423234246973e+01 9.093901435219024165e+01 9.051936862612269863e+01 8.248339393284175003e+01 8.248255851362851843e+01 8.109869060048400513e+01 7.771318705268744509e+01 6.160796760495317415e+01 4.152650771366531757e+01 2.775756704159157806e+01 4.508400440342424531e+01 2.492246609643037303e+01 2.394687287469496084e+01 4.970073562874740247e+01 4.047414622356627234e+01 2.049812606829508965e+01
9.016681962497317215e+01 9.836059766485196576e+01 1.077602428830775523e+02 9.395819703740710338e+01 9.146201873309463792e+01 7.183154493585558953e+01 7.522996738387401194e+01 6.872960788939073495e+01 7.760667100975766175e+01 8.892984602389813631e+01 1.083624561956022490e+02 1.186578578570808560e+02 1.003898355089698100e+02 8.035587406680193112e+01 8.500536933918408522e+01 6.523529089761689193e+01 7.904446644272297817e+01 7.564329442464033093e+01 5.877624685927537485e+01 7.821628998434751168e+01 7.821629250821573009e+01 8.753926894372398237e+01 7.061461318456487390e+01 8.753926894372398237e+01 9.349002979404893665e+01 7.610796884750784841e+01 6.157111997625691657e+01 6.157111997625691657e+01 5.646934167414262618e+01 4.659424165665272710e+01 2.718067519726145065e+01 2.609162341616288217e+01 3.492953702402389382e+01 2.382958346535096084e+01 4.151684147464876418e+01 2.159395255211394726e+01 4.045996520106457695e+01
9.886808460717855951e+01 9.927939794123771833e+01 1.075795435211230995e+02 1.134289150565105757e+02 9.955166882363153036e+01 8.171306098575307431e+01 9.482455465261533334e+01 7.683988017449695462e+01 8.840610657774877268e+01 1.052305052619352637e+02 1.164762966330039546e+02 1.104007585349662719e+02 9.037891248297177071e+01 9.945842219554212704e+01 7.946408448799800794e+01 6.808025579735549115e+01 5.950622063136540874e+01 5.622657905759357533e+01 5.304543455751779391e+01 5.869364495622576783e+01 7.664025270547178081e+01 7.920471586694367261e+01 5.879068708868800286e+01 7.920471586694367261e+01 7.334832554539981686e+01 6.795776974475451482e+01 4.989507717260165975e+01 4.297930714838415867e+01 4.831602749166899713e+01 2.872870338906047039e+01 4.678638291271293070e+01 4.377081571537451765e+01 3.925353680993065808e+01 4.266346369283329665e+01 2.269772226874503218e+01 2.642640490914232743e+01 4.766942164671986149e+01
8.657175291045697918e+01 7.918684694414399416e+01 9.340464022687224599e+01 1.134623176909144604e+02 1.093079274113806747e+02 9.551464406821283148e+01 1.044717016498220374e+02 8.817190148811971540e+01 1.044717016498220374e+02 1.160235957137330871e+02 1.244943948381375520e+02 1.045629832350406048e+02 1.104007585349675651e+02 1.077284501285236615e+02 9.618957124337744347e+01 8.730079187960286902e+01 7.064620870252345242e+01 7.564329442464055830e+01 6.271068064796799746e+01 4.906448909938568193e+01 6.482280542729033357e+01 7.192748797253544524e+01 5.155375105358795906e+01 6.273698533238647457e+01 5.902628013606990720e+01 6.330364203750109908e+01 5.318866166035636667e+01 3.745436311479887337e+01 3.031359839493110542e+01 3.436090113287905012e+01 5.376018787141848065e+01 6.458397806989802348e+01 5.698262853522515314e+01 4.616027095480919940e+01 2.620797564641112842e+01 4.554443357430096739e+01 5.854749611287045497e+01
6.647946258195963765e+01 8.068785931878416307e+01 1.007767286190338751e+02 1.051654779716800050e+02 1.134720741351286648e+02 1.149631394458117484e+02 1.157169003432637169e+02 1.076057739338099424e+02 1.115276020454466703e+02 1.198521111726432196e+02 1.327527324791210219e+02 1.244943948381375520e+02 1.157996019831357444e+02 1.058223336773048970e+02 9.755551402078012302e+01 9.879083965275619050e+01 9.051669986336476370e+01 9.057030677435689370e+01 7.664049371116541920e+01 6.482280542729033357e+01 4.531778197109267126e+01 6.122658356535605151e+01 6.133711757181723812e+01 4.245564132533839796e+01 5.613984535777697005e+01 5.378985805289800481e+01 4.130314882756427153e+01 3.192050940986976570e+01 4.987912311809839849e+01 5.376026790247576770e+01 4.345428906842567329e+01 6.295119775236456405e+01 6.399674537390742302e+01 4.393152091516120805e+01 2.982637540269610454e+01 4.133353152574088796e+01 6.138549642610250601e+01
8.657175291045697918e+01 9.488194359899297581e+01 1.015421765422058513e+02 8.424991234881065338e+01 1.015421765422058513e+02 1.121810187127426843e+02 1.103322932516227581e+02 1.019887675729992509e+02 9.129270207645301127e+01 1.081927812324655065e+02 1.182954151568229264e+02 1.133757257336404223e+02 1.033810326911093256e+02 8.755837154741610107e+01 7.761736113858519559e+01 8.127608036245216283e+01 7.726203975762403786e+01 7.350887884686643758e+01 8.162681520195924634e+01 7.202197680447680739e+01 6.126873529980909439e+01 4.164196454880171672e+01 5.145235194406647139e+01 3.751777757679985115e+01 3.617223256056946212e+01 3.485040327094623791e+01 3.352604565183835916e+01 4.338053468655301970e+01 5.669724322645974723e+01 7.117114252735727575e+01 5.210530468380086688e+01 7.117114252735727575e+01 6.809646508081375771e+01 4.801202234010783343e+01 3.387675076337831825e+01 5.389461942250768089e+01 6.976152147850547180e+01
9.277508921865795344e+01 9.599431480314603959e+01 8.743651718919723237e+01 7.163655081867510432e+01 8.109662091752227298e+01 1.031167725459730775e+02 9.767125121740893690e+01 8.164411731097044367e+01 7.947564852016738257e+01 8.972085133378921284e+01 1.099691028688567798e+02 1.051165461250185871e+02 8.510646482863330675e+01 7.512779148033366994e+01 6.769202247861043986e+01 6.161137892126443916e+01 5.776004459792132195e+01 5.411204734434053165e+01 6.844248840357631991e+01 6.386080622709141608e+01 4.432071357230042707e+01 5.986423912796326618e+01 3.953846439077960895e+01 5.755473670902574668e+01 4.336440441639287968e+01 5.476531504699527630e+01 5.513747170966323807e+01 3.656562952773995079e+01 5.088039007541306802e+01 7.116900254281725324e+01 6.334101333332387185e+01 7.998841676048262173e+01 6.997814219984978479e+01 4.988680702268177214e+01 3.833250404074539119e+01 5.248909890891541608e+01 7.260011666484295745e+01
8.446524780620934791e+01 8.378258266349354244e+01 6.608180218545163598e+01 6.285139594612527958e+01 8.394652023912973959e+01 1.006482541627386951e+02 8.331394685926275656e+01 6.979170949854277239e+01 8.429173028381202926e+01 1.046098969623879356e+02 1.182954151568229264e+02 1.133757257336404223e+02 1.033810326911093256e+02 9.123200967007760198e+01 7.132015474787802134e+01 8.127608036245216283e+01 7.726203975762089726e+01 6.850035356650471385e+01 4.911150742681577697e+01 4.706033902748974640e+01 5.968886027483470968e+01 6.469780150305756194e+01 5.704065943311215392e+01 6.931447849228500502e+01 6.308686021472498595e+01 5.505000461872831607e+01 5.912845747143496311e+01 3.876521506948897411e+01 5.912845747143496311e+01 7.809850758886710764e+01 8.317937088345460950e+01 9.147342623367400449e+01 7.838127810154911401e+01 6.374243302775507658e+01 4.367609884358311945e+01 6.374243302775507658e+01 7.989955712760441031e+01
7.652170587695094639e+01 6.782842754127459273e+01 5.399004987780087816e+01 7.510736673331710733e+01 8.161824447720009346e+01 8.996903765706690592e+01 8.523041244505598968e+01 6.501640892647365888e+01 8.523041244505598968e+01 9.378195707512669799e+01 1.021213052798694889e+02 1.122125064567746335e+02 1.053639553864711758e+02 8.537836887292148447e+01 8.537836864983424334e+01 8.591981104704001382e+01 6.620112877999213197e+01 5.262164254796360296e+01 6.850035356651254403e+01 6.652134728272383768e+01 5.533589200774415673e+01 7.466925315965953303e+01 8.569931114314769616e+01 8.835888367677934241e+01 6.935604611591746504e+01 7.460524955337338326e+01 6.148847227398425730e+01 4.105014455083404101e+01 4.946219062271251943e+01 6.127011689126315019e+01 8.141744410325914316e+01 8.750904481249229150e+01 6.729970066751390334e+01 5.311629966526557922e+01 6.374243302775507658e+01 7.212922048569461708e+01 6.841020208729945296e+01
6.782754369956204243e+01 4.705693939604682896e+01 6.514484084791480711e+01 6.752984319940247815e+01 6.143723331157534062e+01 7.249906179437448372e+01 7.584362103714386194e+01 6.063948299671070430e+01 6.670265760194888571e+01 7.346461547632551969e+01 8.367027932674534441e+01 1.038936348235080658e+02 1.136258937033035892e+02 1.053639526750497311e+02 1.053638310524393091e+02 8.849659272437503432e+01 6.870397687052161473e+01 5.511003201621322489e+01 7.450111132895703747e+01 8.288177213513149866e+01 6.487863885028713185e+01 6.890712369956207795e+01 8.858129123570518004e+01 9.697675720703296065e+01 8.874155100797162277e+01 7.075230410201406528e+01 5.045805428385700253e+01 4.353168729827940808e+01 6.398755416262831375e+01 7.809850758711270657e+01 8.970837980865366035e+01 8.750904481249229150e+01 6.729970066751390334e+01 7.321888052424543503e+01 8.163568089590910404e+01 7.099995562317934628e+01 5.952286215002105507e+01
5.986680338892941222e+01 4.266642100858985032e+01 4.502168879103096799e+01 4.741155134894793832e+01 4.984878122817076473e+01 5.237483179103297459e+01 5.571088268278637656e+01 7.298174406195423103e+01 8.624040288583042013e+01 9.378195707512669799e+01 1.021213052798694889e+02 1.122125064567746335e+02 1.169225372608370890e+02 1.086645952750519939e+02 1.017910596239163965e+02 8.183724237729501283e+01 7.712845519636751135e+01 5.764355158179800753e+01 7.131008199945578951e+01 9.117525067929992133e+01 7.606312451541593589e+01 8.858129123570518004e+01 9.685642057070090516e+01 9.569609844663908405e+01 7.563573501738406435e+01 6.138307967256973541e+01 6.671448659081484323e+01 4.630799286450211838e+01 5.662476434814792015e+01 6.831539937227998394e+01 8.840013820530566591e+01 9.597166112430450369e+01 8.750904481249229150e+01 8.389198548634441011e+01 7.562312811508323307e+01 6.275296675168736726e+01 4.288695550033084913e+01
3.976009439815161528e+01 4.462494647127141434e+01 6.415917203705849658e+01 6.752984319940247815e+01 6.996673225314198419e+01 7.249906180876047301e+01 5.815475968451449518e+01 7.831382094673683980e+01 9.006441161267945006e+01 9.736639275328464294e+01 1.056955561769301255e+02 1.157774865296595976e+02 1.086645952750519939e+02 8.866816526726195491e+01 9.452498401702145259e+01 8.183724237729501283e+01 6.213897233860413394e+01 6.234904626383308823e+01 7.621103518175264924e+01 9.616332251181556501e+01 9.593145503958874087e+01 1.042250848338191531e+02 1.120214658947207624e+02 9.202705583909954612e+01 7.783175560591307374e+01 8.151127943274622112e+01 6.958715377588434592e+01 4.927432930933741062e+01 6.369761569597517337e+01 8.380575648441926262e+01 9.668099719037846285e+01 9.281803508842214967e+01 8.129660274230843697e+01 7.237623469664995923e+01 5.568343509342696507e+01 5.521458748268180017e+01 3.537238077936763148e+01
5.397124377365172876e+01 5.853133231320805407e+01 5.244391902326225363e+01 7.171979110468359409e+01 8.831591754376525216e+01 8.669598170101761525e+01 7.833617838010944467e+01 6.450185041229806870e+01 6.988967258560728624e+01 7.706813785152478147e+01 8.726148125019751944e+01 1.074713042563717522e+02 1.140793121227425786e+02 9.452498401702128206e+01 7.453370449294067157e+01 6.709381523410918646e+01 8.183724237729501283e+01 8.205492484054560975e+01 7.026610889829657935e+01 8.433195550857934109e+01 1.043257583359689420e+02 1.146292881954806120e+02 1.046227356876574817e+02 9.635201133849302835e+01 8.965891476347130151e+01 8.360679487997641957e+01 7.256726521082660497e+01 5.235516607256479205e+01 7.256726521081466785e+01 8.819806466394040001e+01 9.977036897549322703e+01 8.454406613794800762e+01 6.459640473444618181e+01 5.308981041207952245e+01 4.421424740770535067e+01 4.048454199587941815e+01 3.991627995141980989e+01
7.410299025477317514e+01 7.774597896859249602e+01 7.171979110468359409e+01 6.116567054106133838e+01 7.215949661891282574e+01 9.132136232481261118e+01 9.310681784004815142e+01 7.461726549679973175e+01 9.018987590964091794e+01 8.647972469563983111e+01 1.056955561769301255e+02 1.157774865296595976e+02 1.058206828568586246e+02 8.581148666030274796e+01 7.427819959319602106e+01 7.453370449294067157e+01 9.452498401618973389e+01 9.774844525748395085e+01 7.774539993876580013e+01 9.018800477501505952e+01 1.101658660793799243e+02 1.063775390198295128e+02 8.632648365715667182e+01 7.627272161342779100e+01 6.958630392366937656e+01 6.353470283854889544e+01 5.793242421759024552e+01 7.256726521013261788e+01 5.980771004834629423e+01 7.142412833003599815e+01 9.149291080461023284e+01 8.249723657527445653e+01 6.252203861871766577e+01 5.101281271074365975e+01 6.411097169126161077e+01 6.034747401031371794e+01 5.135607020391948652e+01
