MOVIE_S10_data/elevation_000365.asc
nrows	100
cellsize	150.0
xllcorner	0
ncols	100
yllcorner	0
NODATA_value	-9999
[rows 17 to 33 of 100, columns 0 to 36 of 100]
5.222468517465790605e-02 2.005222468479865228e+01 3.118603189563238942e+01 4.116958083692793480e+01 4.945389592980733084e+01 5.443532550509501533e+01 6.273363483285304198e+01 5.235315655231762122e+01 3.554313769096102504e+01 4.062417307567358904e+01 2.656258238910359992e+01 4.080789483254155670e+01 6.090443159067378787e+01 6.006862863842791000e+01 4.319097163870955569e+01 2.289773246709304289e+01 4.319097163870955569e+01 5.422825879448670605e+01 3.413165297043570234e+01 4.348790285892245322e+01 4.885025196386450830e+01 4.102195351650408384e+01 2.091659054026148823e+01 3.696475712685533921e+01 1.786384118391141840e+01 1.857001396421206252e+01 3.732677219790915046e+01 2.968664277507301819e+01 4.138539851746501341e+01 2.296817665938765529e+01 3.123693147181821317e+01 3.947832195985560588e+01 5.865634303955663142e+01 5.695691058257499861e+01 5.357907071189332981e+01 6.741864658776545127e+01 8.706930008417886313e+01
7.333276091007127906e-02 2.901759885656267191e+00 2.290175979937478346e+01 2.116958049453630508e+01 4.116958087820960088e+01 5.299349070988829169e+01 6.127777538802269675e+01 6.395035414703806964e+01 5.565259496022252961e+01 5.143529398597230085e+01 3.131983218514190170e+01 4.555192615624140018e+01 6.563900039301148581e+01 6.107662820274880033e+01 4.064490106554669779e+01 2.629848559689535747e+01 4.061513883956331483e+01 6.072726244853058120e+01 4.420509994564297074e+01 6.250768185139580169e+01 5.809169110509638045e+01 3.811679717412513213e+01 2.385780524063835628e+01 4.396730815302459661e+01 4.094075238353653390e+01 2.864663631374813590e+01 4.283579085153206023e+01 4.945791594329399743e+01 5.105348807720307747e+01 4.301131659574723898e+01 2.456831057075388713e+01 4.460607676832252366e+01 5.467476596409309764e+01 4.304204245776031001e+01 6.270015804723861663e+01 7.317418974211776117e+01 9.286075397702195744e+01
6.343274376862209629e-02 2.006343274376826713e+01 7.027444870691458512e+00 2.702744486654819056e+01 3.666355871003581512e+01 3.299349024289657706e+01 4.965478080372818681e+01 5.793906175477156495e+01 6.793906716908138321e+01 5.749604976582657656e+01 3.739479689814326946e+01 4.775028202048113002e+01 6.783171692857540336e+01 6.215949429882862631e+01 4.170129601805772523e+01 2.998506023314180169e+01 4.170502316349153915e+01 6.222828607026270475e+01 5.841735438437478933e+01 7.251769628294917425e+01 6.114883668081805013e+01 4.123517334748784435e+01 2.705991349164326820e+01 3.403332846579214532e+01 5.761477165981752790e+01 4.510791976565572980e+01 5.901653817151873227e+01 6.191068425033168410e+01 4.879026078665646082e+01 2.920220087591750513e+01 2.571394349071725216e+01 4.420437874617486784e+01 3.486580315303771727e+01 5.467476596409309764e+01 7.085212491602158025e+01 7.956096778759493304e+01 8.774338233848015989e+01
3.497053469895897854e-02 2.003497053469860489e+01 2.702744490371538788e+01 1.149958082569107631e+01 1.666355862063439019e+01 2.298811394097126026e+01 2.965478060763804535e+01 3.965478060763868484e+01 5.965478099987991811e+01 6.419248518462323716e+01 4.410317892823333352e+01 6.419248518462323716e+01 7.611424603503667186e+01 7.055379581585947335e+01 5.460097432024218023e+01 3.420417669264946881e+01 5.460097432024218023e+01 7.069177833067367089e+01 7.833609228684360914e+01 7.659802616697719202e+01 6.437836011681100956e+01 4.448993247982084398e+01 3.038125455121184260e+01 4.631700911276262644e+01 6.348686467581733694e+01 6.998366010229203482e+01 6.745845148318383622e+01 5.373483443344544241e+01 3.426802850357407948e+01 4.879026078665646082e+01 4.575534830101762651e+01 2.745139146221492510e+01 4.746633474527433094e+01 5.740092200532996003e+01 6.350990822076198583e+01 5.990259348785213689e+01 6.938617830955014654e+01
9.635555453094322986e-02 1.164336093832335806e+01 3.164336093832300278e+01 3.149958089200982769e+01 1.739725907188706699e+01 3.739725922687495796e+01 4.965478080375925174e+01 5.793906175477156495e+01 6.793906716908138321e+01 7.248163992563917191e+01 5.415327300936576194e+01 7.248163992563917191e+01 7.826073093096690059e+01 5.777374037172148746e+01 4.593965143144804131e+01 3.961462072640160414e+01 5.406144541078637644e+01 7.456616942910719104e+01 8.241227722292732949e+01 6.257095764980678609e+01 4.849574148294739473e+01 3.853957141829568656e+01 3.475543887822993128e+01 4.625215992626004891e+01 6.614123561161133580e+01 7.325859354168510151e+01 5.346492515973405801e+01 3.971961514890098499e+01 4.796680115539370348e+01 6.191068218134454071e+01 5.564173193513007476e+01 4.746633474527433094e+01 2.926043119148698679e+01 4.923305373970309518e+01 4.379240885711522679e+01 6.272500354946136980e+01 5.550632514347772428e+01
8.845047570523793812e-02 2.008845047570488163e+01 3.992763218578425466e+01 4.176161711954855349e+01 2.176161687660698973e+01 4.176161711954856770e+01 5.509481223165904140e+01 6.337912231266081164e+01 7.337909709672231884e+01 8.250575664771930917e+01 7.423169735988064133e+01 8.250575664771930917e+01 8.656426460473740292e+01 7.481058230505023232e+01 6.643256141670127590e+01 4.979952718810024948e+01 5.050969416583299676e+01 6.239174885627939204e+01 8.285906841363066633e+01 6.991776587979433089e+01 5.003603558825044928e+01 5.843904354401590240e+01 3.958801421790855812e+01 5.948368019369200255e+01 7.435896617063089309e+01 7.758726634687872092e+01 5.775079503324597852e+01 4.386298937454188263e+01 6.356076296557808547e+01 7.585455728570146050e+01 5.979934699811767729e+01 4.003590636325076701e+01 4.923534362104370388e+01 3.111206810962542235e+01 5.103948949630588316e+01 4.302149272525722523e+01 6.272500354946136980e+01
8.023991185656004221e-02 1.422237553558763601e+01 3.422237553558834122e+01 5.004590376149067055e+01 3.590375250105820726e+01 2.906458431000933373e+01 3.509481120156481637e+01 4.509481120156727485e+01 5.923694683574456121e+01 7.923694998885490293e+01 8.471285668383613654e+01 7.886434639210648356e+01 7.675443248098318350e+01 8.502248016711934042e+01 7.869500766281127824e+01 6.435062618572023041e+01 6.506181407933141259e+01 7.939746279494947601e+01 9.112966995497910716e+01 7.813284084852593026e+01 6.153062904635747543e+01 6.522821602190798274e+01 4.532856018116827812e+01 5.583787500874331045e+01 7.570565296830710622e+01 7.974729885016409980e+01 5.992292204956940793e+01 4.900003043561707727e+01 6.887168643460036321e+01 7.370207973823251280e+01 5.404064654311367377e+01 5.979934699811767729e+01 5.919979403831557363e+01 5.103824340962081862e+01 3.299581332209339024e+01 5.287324813735933304e+01 6.314061132824173939e+01
4.598823041778624804e-02 2.004598823041743216e+01 3.007340434288479614e+01 5.007340434288408204e+01 5.590375332805356123e+01 4.906458482359827400e+01 4.906458049152630707e+01 4.923694681980135357e+01 6.923693960350639998e+01 8.036720380309509437e+01 6.469617837765856905e+01 5.882753103209351764e+01 5.670925870381740452e+01 7.346365590720157002e+01 8.347666456836645921e+01 8.478171267249410903e+01 8.548031984892739388e+01 8.130743736591116999e+01 8.720234846421340080e+01 8.958667271234465090e+01 8.137480785928528348e+01 7.226062285427758525e+01 5.236997261735309195e+01 6.522821602190798274e+01 8.391988898574658151e+01 8.793829214890315882e+01 7.462160013536815484e+01 5.470331479763598281e+01 7.462160013536815484e+01 8.187450801884162388e+01 7.370207973823251280e+01 7.107276722339175024e+01 5.688149799107503668e+01 3.704927171328562707e+01 5.287324813735933304e+01 3.517670138070430141e+01 5.499402496188923806e+01
7.340434288523949025e-02 1.007340434288515318e+01 3.007340434288479614e+01 4.120402124632238383e+01 4.948828309280992954e+01 5.948827787192961836e+01 6.906452583375846643e+01 6.923694028622574592e+01 7.752093410712170396e+01 7.209243479589518699e+01 5.203715417860151859e+01 4.461894520389513019e+01 4.510521426431153458e+01 5.515559927080933278e+01 6.935076973407022649e+01 8.934550716231306922e+01 7.540546650273951457e+01 6.117932744770556752e+01 6.707471435015646932e+01 7.944996484326345865e+01 8.777722638055945481e+01 8.047164238349748189e+01 6.233946906819604550e+01 8.047164238349748189e+01 9.328625353240936136e+01 8.518772018371836907e+01 6.542031961949335539e+01 7.462160013536815484e+01 8.280397108033911024e+01 8.915395442311324814e+01 7.767006456024937222e+01 6.282781389144227546e+01 4.308731265814054012e+01 4.099296180153011449e+01 6.076541260405412714e+01 5.499402496188923806e+01 3.737355832442813863e+01
3.515918393995972474e-02 2.003515918393069128e+01 1.453735472467847778e+01 2.120402139134526109e+01 3.120402139134723996e+01 4.534615701585120462e+01 6.534615602292018366e+01 5.763488053567364489e+01 6.598372273792426768e+01 7.262583912543190934e+01 5.571736674232881370e+01 3.564382030732312501e+01 5.571736674232881370e+01 6.135644763707618665e+01 8.139088530552584189e+01 7.194305313407534186e+01 6.362693650488164110e+01 4.716533602254623503e+01 6.522903327153323971e+01 5.933853054494283441e+01 7.944996484326345865e+01 9.038845726219730636e+01 8.218177664035911789e+01 9.038845726219730636e+01 9.691049395220969132e+01 9.336671609775052616e+01 7.942618458455213215e+01 8.518772018371836907e+01 9.613007951829223430e+01 8.084165153037321261e+01 6.102428399677648230e+01 4.968371083696951729e+01 6.282781389144227546e+01 6.098664245069446110e+01 4.685408242929986500e+01 6.484445701461527278e+01 5.620996130310923178e+01
4.608085242692564615e-02 5.593082814679240400e+00 2.559308276007736538e+01 4.120402124433714164e+01 4.948828190637286184e+01 4.926620892219180092e+01 4.864981496709330600e+01 3.767035097602588678e+01 5.439514874863296257e+01 5.334050109391174743e+01 5.115420811573744686e+01 3.116585045963764955e+01 4.121066479605075727e+01 6.133349907771488319e+01 6.890665993873693651e+01 6.044592147039315932e+01 4.378094620792589353e+01 3.918595190971772979e+01 4.536269241778007455e+01 5.933853054494283441e+01 7.944996484326358654e+01 9.666069258626345118e+01 8.842247721362814161e+01 9.104293932038339676e+01 7.694981167726253091e+01 9.104293932038339676e+01 9.909729756732066619e+01 1.048875200998120221e+02 8.778887765312629199e+01 6.788108393176980826e+01 5.805460352184956463e+01 6.939709468837993711e+01 7.766965652270309306e+01 7.071861488529729911e+01 5.105903332069096479e+01 6.961523964116604191e+01 6.651255306657874655e+01
1.610643649003322755e-02 2.001610254890542961e+01 3.387721818280324726e+01 3.745143907738174960e+01 4.248843262057270920e+01 2.748731361814337504e+01 2.841994438225606956e+01 2.606703460448137832e+01 4.610350808865766936e+01 5.011594807094159165e+01 3.353924993398621979e+01 2.724101368557412428e+01 4.067171200173498846e+01 5.932964342209031372e+01 5.424765616598160989e+01 4.077966851066504717e+01 3.243213000888945174e+01 4.634469417851710915e+01 6.522903327153325392e+01 7.355787846298925103e+01 8.719638824313854286e+01 7.894611876293166119e+01 6.844932483434277515e+01 7.211446658559319189e+01 6.281254132835218229e+01 7.694981167726253091e+01 9.691049395220969132e+01 1.056524919444781574e+02 9.613007951829223430e+01 8.614255134782287371e+01 6.788108393176980826e+01 8.610878339896768807e+01 7.746017591540331182e+01 5.778080330265564868e+01 7.071861488529729911e+01 7.650895746255851293e+01 6.919846652340733328e+01
2.022278438842990689e-02 2.002022070741805493e+01 2.222464711242020030e+01 1.745143601783566822e+01 2.440201717187018104e+01 8.253315725425762750e+00 1.436477413053909480e+01 3.399215087482419051e+01 4.664170941713770446e+01 4.201298852780997350e+01 2.198744764671575425e+01 4.201298149900958379e+01 4.964575503730111450e+01 4.976790063503455031e+01 3.926575085829765754e+01 2.680643770425454164e+01 4.658646163480506175e+01 6.044592488563210964e+01 7.454715559258447399e+01 7.791468692142079533e+01 7.894611876293166119e+01 5.896260540372743009e+01 6.481564095470629638e+01 5.212580937892535360e+01 6.626303980283282158e+01 8.624106048376637546e+01 9.302312997085741131e+01 8.568371732879778335e+01 9.979360666284118508e+01 9.613007951829223430e+01 8.191102599852689536e+01 8.802181785444903994e+01 6.828597235787772490e+01 6.471443525848962963e+01 8.445048562576758400e+01 8.230649963049889095e+01 6.341199504088739758e+01
6.642187732006160639e-02 1.144749609354444697e+00 2.224648103666520438e+00 3.309300392759799259e+00 4.402017122176101083e+00 5.522410305580731205e+00 2.550464916706724949e+01 1.985594242078783012e+01 3.531283761714816194e+01 3.866830573140354232e+01 1.865446656100134604e+01 3.406821114965179476e+01 2.964492951482171890e+01 3.695330600531305265e+01 2.173267791682934558e+01 4.153460371174235632e+01 5.484316542240705417e+01 6.007746000330704561e+01 5.787144796606809649e+01 5.786857034941368738e+01 6.712860980618967233e+01 5.892088208967229690e+01 4.482554105789927945e+01 6.481564095470629638e+01 8.037285182048458410e+01 8.716108016879033471e+01 7.303893302306430257e+01 7.154641869457664427e+01 9.153243600174469918e+01 1.056014853961263924e+02 1.019792668352773006e+02 9.618643417882039159e+01 7.816092225964564477e+01 7.353580794959474076e+01 9.261787882142589012e+01 9.118239485176304981e+01 8.291472298542629460e+01
1.591255364720534082e-02 2.001591255364684940e+01 2.222464814955412393e+01 1.745143601655296450e+01 1.856747405032521669e+01 2.514499219082550852e+01 7.116960025208463492e+00 8.250375532465042738e+00 2.823615633327846552e+01 3.102555155784358831e+01 3.221624252668134858e+01 1.406726693731301125e+01 1.550261051205960072e+01 1.695322506607073620e+01 1.857508161648745570e+01 3.857564170851367891e+01 4.917670910194112111e+01 4.007786829506824944e+01 3.786100191356845102e+01 4.982917682091390787e+01 5.345183782570974529e+01 3.892821125711921582e+01 5.892088208967229690e+01 7.307949682343306108e+01 6.617808558721245049e+01 6.995466717107562715e+01 5.890035228198483708e+01 7.889146809342869915e+01 8.565320648486584787e+01 8.565320648486584787e+01 1.009555413775482577e+02 1.060449140029352719e+02 9.212272011575409181e+01 8.495856697479652553e+01 1.014428651880450474e+02 9.718052244532989903e+01 7.768295400407413354e+01
6.189296070378335485e-02 1.420402858443485883e+01 3.420402858443556227e+01 3.745143617855380569e+01 3.873655663652251491e+01 2.341871369127097324e+01 2.709893448667763494e+01 2.512423325039322464e+01 9.868664574313553928e+00 1.102930269491827531e+01 1.221989405279445506e+01 3.221598781863463046e+01 3.550270082627856993e+01 3.695338207791891705e+01 3.857564172022494375e+01 2.089167854552523806e+01 4.089292377494135877e+01 2.593308006247032793e+01 2.785801493775705850e+01 2.982947145357569241e+01 3.348298865192132467e+01 5.347920888719417576e+01 5.809614107691010787e+01 6.101212673142048004e+01 4.618239748872406381e+01 4.996024464768244400e+01 5.495747158109563202e+01 6.011908492121928305e+01 6.566451961433583051e+01 7.273485536110820249e+01 8.687378139896443940e+01 1.068288556242316787e+02 1.117888993904948194e+02 1.046488158320788102e+02 1.128153487087611495e+02 1.053193818417878447e+02 9.718052244532989903e+01
2.247884206357958492e-02 2.002247884206322581e+01 3.646988187318714836e+01 4.646988187318932972e+01 5.161041230592834950e+01 4.335826661437457830e+01 4.127382189986500549e+01 2.138213878762885045e+01 2.986132921570329657e+01 1.679838890218323399e+01 3.221856879976246546e+01 1.653094270026225843e+01 3.653204914160310324e+01 4.580072674261366217e+01 4.917479827759251521e+01 4.089194873772984096e+01 2.324833119655611213e+01 2.751304460983230626e+01 3.187915953747189945e+01 4.983041142399926571e+01 3.321198673199076268e+01 3.563872239439375988e+01 3.810169577077267178e+01 4.101964142656807155e+01 4.618239748824167634e+01 5.152496681214363861e+01 7.151093567393687067e+01 8.010934222018202888e+01 8.565320648486584787e+01 9.271848732046430541e+01 8.905829709630626212e+01 1.090044661794908194e+02 1.133599583733950737e+02 1.050263930152597993e+02 1.133599583733950737e+02 1.107486746721769038e+02 1.024188281969173175e+02
