MOVIE_S10_data/elevation_000627.asc
nrows	100
cellsize	150.0
xllcorner	0
ncols	100
yllcorner	0
NODATA_value	-9999
[rows 51 to 67 of 100, columns 37 to 73 of 100]
7.494348982684898886e+01 5.822099044407191570e+01 5.423804017186746762e+01 7.420895447919805576e+01 8.418820462194608467e+01 1.042185673961554926e+02 1.036810360866114706e+02 9.544303700446583605e+01 1.002109892161141573e+02 1.084409206173704661e+02 1.178383667638045438e+02 1.212339147915025990e+02 1.010330696025115316e+02 8.676586687666593889e+01 9.094463380650293516e+01 9.259983552282739083e+01 9.851386377603752464e+01 1.001555415668081395e+02 1.143917894134096258e+02 1.142038828566644213e+02 1.146592436654883755e+02 1.066288622953685774e+02 9.822318163788764878e+01 9.993784980213389701e+01 7.989392421759737317e+01 6.852752724295805820e+01 6.749191523764727663e+01 8.673377842770906909e+01 7.892953055177558497e+01 6.796910926971577283e+01 8.779669763447073194e+01 9.490727366613667471e+01 8.455178186510312344e+01 6.799462328291458846e+01 4.802667713018268358e+01 5.356603861599117522e+01 6.529034844056781139e+01
8.648029710961122873e+01 7.818945656146449608e+01 6.835861915801532973e+01 6.422971081859519416e+01 7.832668574088913260e+01 9.833919785222195742e+01 1.066725621405945645e+02 1.148961669862577537e+02 1.130262937758681971e+02 1.089107896536407907e+02 1.171278122266558057e+02 1.270609882232616741e+02 1.152967412898721875e+02 9.684165375124571540e+01 1.111334921970070582e+02 1.127915909931950296e+02 1.186953866510302475e+02 1.203260437118542114e+02 1.113583461679800877e+02 1.029953001443845864e+02 9.445670087032274864e+01 1.048947045302917047e+02 1.132576102042832389e+02 1.082794503601153622e+02 9.669110783851519386e+01 7.989392421759737317e+01 7.884232626220624240e+01 9.563266479393227826e+01 9.486082221205931830e+01 7.488046064422165671e+01 9.486082221205931830e+01 8.632017570510186033e+01 6.561751976600673686e+01 5.563848469066502389e+01 6.799462328291458846e+01 6.772694501245506160e+01 7.758305563703713403e+01
8.615720978563976473e+01 9.516872856183854879e+01 8.833292368574228703e+01 7.832668580414794235e+01 9.248633255366981132e+01 1.033584783995420509e+02 8.663471712841318606e+01 1.033584678840094995e+02 9.306629766851359875e+01 8.891410069809070649e+01 9.896572420520384128e+01 1.188558551024284782e+02 1.253901638216497219e+02 1.170578665940890346e+02 1.253901638216497219e+02 1.173543877439030183e+02 1.089920528436148004e+02 1.089920528436148004e+02 1.029953001443845864e+02 8.281046839958092676e+01 8.019303738074745525e+01 8.470622469653828546e+01 1.016015558881398135e+02 1.072949728183640730e+02 1.082794503601153622e+02 9.993784980213389701e+01 9.887458584296560105e+01 1.072162849025415170e+02 1.032018834168797099e+02 8.635261274760914318e+01 1.032018834168797099e+02 9.490727366613667471e+01 7.596884773555419201e+01 6.561751976600673686e+01 8.455178186510312344e+01 8.835270489296904373e+01 8.633786614538847459e+01
6.667195392804184451e+01 8.098830245223382462e+01 1.010917089694485895e+02 9.833923450390190624e+01 1.019357030185076098e+02 9.367206504131756617e+01 7.488767034590851779e+01 9.068462848298170798e+01 7.875849081167054067e+01 9.891244517590054386e+01 1.171278112724527602e+02 1.270609876402938738e+02 1.263887893393070954e+02 1.149322923382922284e+02 1.066296576479020501e+02 1.089920528436148004e+02 8.879548277370206222e+01 8.879548277370206222e+01 1.017742330830043187e+02 8.159842500789373787e+01 6.857263020927194930e+01 7.307702033737412251e+01 9.323888026375333027e+01 8.706541437517360293e+01 1.014048560645690600e+02 1.038709096125048745e+02 9.552879387223595131e+01 9.813990162717712451e+01 1.064832685405270070e+02 1.064832524812172920e+02 1.148261606862850073e+02 1.052728178456150232e+02 9.490727366613667471e+01 8.632017570510186033e+01 9.490727366613667471e+01 1.042661056093033523e+02 9.800661431426442505e+01
8.615731882509210493e+01 9.516883654449699748e+01 1.001430547515312242e+02 9.186641515782785916e+01 9.025702042606647524e+01 7.344433439814964970e+01 6.653240143210261692e+01 7.039656290210582767e+01 7.608672698855477279e+01 9.628724380353089884e+01 1.134742360219189550e+02 1.249517754988672209e+02 1.179723644932925311e+02 9.832621994483746164e+01 8.710931435214475016e+01 9.535958219062794683e+01 9.471092119047021640e+01 7.454282861155276407e+01 9.471092119047021640e+01 8.159842500789439157e+01 6.147882044773225374e+01 8.159842500789439157e+01 9.140024190675066507e+01 7.310753400156954740e+01 9.140024190706492391e+01 9.225193213425666272e+01 7.541034373646377276e+01 7.802059187099929716e+01 9.813990162574584986e+01 1.117403960501120821e+02 1.124407683636161721e+02 1.048463512231661952e+02 1.129529192382608045e+02 1.010681607058076423e+02 9.295473350120458633e+01 8.467423441475897050e+01 9.509552935564602194e+01
9.546274077134800962e+01 9.456759208722378673e+01 9.186713703034865830e+01 7.163320893100369346e+01 7.753742688989775900e+01 6.167275033665697492e+01 8.199357930938933237e+01 9.068462848298170798e+01 9.628724380353089884e+01 8.520687868941702448e+01 9.683765959042275995e+01 1.167448954901777824e+02 1.183196427309309513e+02 1.082132298525836660e+02 9.535958219062794683e+01 7.568952397837141177e+01 8.638065110120570012e+01 6.784003922923858454e+01 7.897768166022498804e+01 7.604386665531058043e+01 5.690379119142730957e+01 7.063317180515514337e+01 7.317628830502651738e+01 6.330355217787980138e+01 8.304902443217268626e+01 8.391340127016165695e+01 6.380911832495217340e+01 7.166502768911901455e+01 8.327346524361428237e+01 1.033945049277868122e+02 9.292622068931383694e+01 8.531031174407580409e+01 1.016678719847962640e+02 9.295473350120458633e+01 7.312275562553098496e+01 7.052662001066337893e+01 7.529860396459832828e+01
8.863310808839823096e+01 7.444540422192531537e+01 8.863310808839823096e+01 7.755913458419563256e+01 5.727195403617970015e+01 7.755851482855175050e+01 9.028318335818144647e+01 9.027599964907409458e+01 9.855587291962497432e+01 1.052514474846126546e+02 9.942478963942741643e+01 1.193182438780351049e+02 1.099565143105645859e+02 8.973442198117651003e+01 7.964271810247241490e+01 7.142698791910790135e+01 6.623736643003785218e+01 6.229859655924326489e+01 5.886445932509174384e+01 5.596075114182280430e+01 5.327261187418219635e+01 5.065474231673064054e+01 5.344317158881183616e+01 7.317628830502651738e+01 7.919843463816371809e+01 7.086852937500445648e+01 5.749385055294575153e+01 6.905609088387677730e+01 8.916678132690587688e+01 9.864189937132886143e+01 7.896944318814387032e+01 7.380967163060701353e+01 9.285833552154151960e+01 9.260485259968497473e+01 7.893140746097427041e+01 5.861083539873992976e+01 7.893140746097427041e+01
8.033905659536154076e+01 6.011907656379982257e+01 8.033905659536154076e+01 7.469068122749037286e+01 5.443579891700085227e+01 7.071464173613291848e+01 7.747527117133195418e+01 7.003736446864624554e+01 8.439291786749305402e+01 1.044790154763493177e+02 1.193182438780351049e+02 1.275236824044106214e+02 1.183196447278511982e+02 1.024114826206561730e+02 8.219283545068029184e+01 9.160416111578240361e+01 7.501778721368724234e+01 7.652244027369758328e+01 7.897768166022498804e+01 6.491252785753398769e+01 7.331090079678702409e+01 6.743827437387385260e+01 4.754022558883883676e+01 6.456623841827523336e+01 7.086852937500445648e+01 5.090346939833150941e+01 6.498467072219658291e+01 8.507342073369939328e+01 9.750693236636236350e+01 9.864189937132886143e+01 7.896944318814387032e+01 6.466203338040260462e+01 8.473137220160350580e+01 8.444737914851022254e+01 6.429286984522576631e+01 5.275240262248937739e+01 7.329549480580914178e+01
7.269619612420288490e+01 5.250299529175157431e+01 6.319013797030759605e+01 6.512881660982696985e+01 6.711719922516644488e+01 5.050891971808723468e+01 5.720204667561135636e+01 7.155292056571347814e+01 9.177545193464287365e+01 1.064487885465055683e+02 1.033972402279200935e+02 1.116358761152866208e+02 1.189300562424547678e+02 9.869901791645243350e+01 9.648519378412635206e+01 1.035486471969675790e+02 8.665073379162289768e+01 9.669288912442600292e+01 8.134636197301774985e+01 8.504930891285980010e+01 8.014156771422817371e+01 6.005589734384407308e+01 6.456623841827523336e+01 4.474609164103646464e+01 6.176324638021397817e+01 4.692507365708175371e+01 6.679317857276178927e+01 8.276382842475837265e+01 8.982707677264701829e+01 9.338421412873775296e+01 7.356175057962050801e+01 5.906486989328664805e+01 7.240383198803176867e+01 6.820376342784655321e+01 6.429888740032878047e+01 4.732238021611821921e+01 6.799129121210242488e+01
6.877794216832781160e+01 6.010862618635263743e+01 4.304890407049354195e+01 4.497415171333688022e+01 4.694476286206529636e+01 5.023320756770653617e+01 7.044143482849523252e+01 7.949716559827653839e+01 7.802378267791436883e+01 9.068973618703078898e+01 8.330491215541820793e+01 9.755826802850648960e+01 1.174937661020640292e+02 1.189300562424547678e+02 1.167188095043466660e+02 1.152064829902025878e+02 1.068436247610583365e+02 1.098875571568751894e+02 1.015255333397569473e+02 1.003098800920098199e+02 8.014156771422817371e+01 8.014156771422817371e+01 7.289557190231175809e+01 6.176324638021397817e+01 4.200261891940643011e+01 4.311930039608507315e+01 5.445121119067457016e+01 7.443350579029755920e+01 6.970335570488693122e+01 8.394356660973808459e+01 8.402533463083898368e+01 6.389625433938418553e+01 5.182778398929117714e+01 4.754110332207232403e+01 4.362717962753644940e+01 4.269372696826238922e+01 6.336958221131103386e+01
5.802186913462217177e+01 4.045148688805771542e+01 6.057791243030974471e+01 5.657761638198179099e+01 6.711719922326568621e+01 7.041561059763265007e+01 5.509246376979405824e+01 5.919643862981511262e+01 6.361131478956475149e+01 7.041461911337749768e+01 8.480967897261800204e+01 1.048854500615958898e+02 1.234714200254993699e+02 1.151803035931526296e+02 1.125780736477469617e+02 1.208716427948864407e+02 1.206611906714055635e+02 1.176786601470515023e+02 1.060218339275499631e+02 9.766002338033609931e+01 9.003385815117600544e+01 8.177378911816747120e+01 6.738907176199371918e+01 4.749877537585459919e+01 5.929342360077453833e+01 3.955799252282432832e+01 5.709379844966898787e+01 6.538955198557505355e+01 5.559542577315519907e+01 7.392098529994855483e+01 9.216550846027330124e+01 8.062556108414115386e+01 7.240383141280697998e+01 6.228564414223004775e+01 5.297081175737476144e+01 3.834956792179060869e+01 5.506619061046504982e+01
3.789833551778091447e+01 5.802157359899425160e+01 6.892160176918643799e+01 7.682423106122415390e+01 8.513575980599614468e+01 8.209306040608630894e+01 6.181849654136060224e+01 7.949714317934730445e+01 8.393136382914629223e+01 7.381859243830373885e+01 8.556525961432721772e+01 1.056264946928510682e+02 1.151803035931526296e+02 9.504614889745063522e+01 9.242606542280077520e+01 1.092587844614749173e+02 1.005643676089329972e+02 1.093185577376755191e+02 8.912538388897627328e+01 7.748308672689066157e+01 6.987828792066119377e+01 7.342437135886007127e+01 5.340754709867122330e+01 6.738907176199371918e+01 6.759953514076053693e+01 5.709379844966898787e+01 3.735446049875552887e+01 5.498357445980629166e+01 4.574157868662287996e+01 6.559641583246845187e+01 7.623665529976379673e+01 8.457927830230855193e+01 9.065279803720295604e+01 8.165549820618706178e+01 6.731325703713436326e+01 5.506619061046504982e+01 3.452533502190695458e+01
5.754167021543086946e+01 4.047225913709191047e+01 5.206088953223602545e+01 6.634634598617580536e+01 8.660289092986560888e+01 9.039525137714274194e+01 7.621014372119067559e+01 7.621014372119067559e+01 9.641885610756632730e+01 8.556525961432721772e+01 1.023092574288170482e+02 1.138609071716702772e+02 1.125780736477469617e+02 9.242606542280077520e+01 8.073962253447132298e+01 9.269518692647956470e+01 8.627196675469448905e+01 1.031273283867733568e+02 1.060218339275499631e+02 9.217211289141550878e+01 7.201159286193181686e+01 6.042780189086467857e+01 6.752694541624492786e+01 8.177378384592915950e+01 6.597382853893456911e+01 4.611747757748951670e+01 5.498357445980629166e+01 3.521740017531588052e+01 5.498347637901927953e+01 6.210141068417961208e+01 5.624641631043964907e+01 7.623665529976379673e+01 8.459879392565437684e+01 6.443830905696745504e+01 6.443830941533171597e+01 5.239199889816177347e+01 3.187999773708383699e+01
5.391634095381908764e+01 4.231767616167901735e+01 6.245284966261908721e+01 7.350437452974720998e+01 8.229437094918210960e+01 9.060100904629679519e+01 9.641885610756632730e+01 9.641885610756632730e+01 1.047052901019642661e+02 1.056264946928510682e+02 1.138609071716702630e+02 1.262875210309251628e+02 1.208716427948864407e+02 1.069605693586973416e+02 8.678627205061603433e+01 7.250178136978388466e+01 7.460529521254727570e+01 9.410786955382975805e+01 1.057484263773154254e+02 1.005328878212145582e+02 8.888911791227174319e+01 7.462608894175292562e+01 8.766201671081836366e+01 7.667716810243288705e+01 5.665305328309629829e+01 6.597382673980854406e+01 5.353424759234957264e+01 3.373507079102884632e+01 5.149815975203571838e+01 4.226454059661077878e+01 6.210142175280527965e+01 7.259701726406048294e+01 7.878941660318785978e+01 5.849388618305168563e+01 4.383773376218727691e+01 3.658566459422171135e+01 2.979461350954129628e+01
7.078393148078319541e+01 6.245284966261908721e+01 4.500334701405152771e+01 6.515826762135428396e+01 6.205651761724326576e+01 8.229437110781870501e+01 9.045864509298782252e+01 9.758828056982267185e+01 1.058336932502656396e+02 1.158189449094451078e+02 1.204084384905814744e+02 1.062444390167576813e+02 1.124631119831620936e+02 1.041556065229755745e+02 1.010260114307654078e+02 8.576890596209612738e+01 6.558809830869954283e+01 7.723500183701288790e+01 9.742643579046038838e+01 9.627742824763338092e+01 9.856511416306231865e+01 9.479160286981642969e+01 9.091524203720915409e+01 7.077956477657758683e+01 7.667716809604024775e+01 7.158477628834506845e+01 5.571626762502874186e+01 3.642221630178345038e+01 3.163123813894987180e+01 4.957755196549131682e+01 5.646572868340950180e+01 5.284030430597049133e+01 7.259701726406048294e+01 7.273837956859284759e+01 6.443830941533171597e+01 4.831629963128877137e+01 2.781553165363174429e+01
7.204039993695256783e+01 5.772251559595591175e+01 6.515826929774675591e+01 4.780394117675970733e+01 6.798404751007841185e+01 8.140196456312645523e+01 7.020712063997541463e+01 7.742241695216144137e+01 8.757638826920491226e+01 1.076001728704404172e+02 1.121149218228292597e+02 9.198759789809047049e+01 9.938528446159439511e+01 8.400608198369995705e+01 8.770358862932449995e+01 8.195509179721345561e+01 6.178881403161746277e+01 8.195509179730426297e+01 9.027130003533808633e+01 7.615202435113062052e+01 7.836247720873890898e+01 9.853729389838854047e+01 9.927363124634985070e+01 9.091524203720915409e+01 7.756154439444044613e+01 5.721761788739633658e+01 4.343904919774020357e+01 5.571626811901928278e+01 4.957755196549131682e+01 2.962454118232979994e+01 3.668616392869527942e+01 5.581414858661209166e+01 5.987628358873990209e+01 6.817935230249354106e+01 6.086159663451115875e+01 4.035603027811421128e+01 2.586726553640906801e+01
8.627537262691679132e+01 7.795349145041481620e+01 7.004289502236109399e+01 4.984538326146086717e+01 7.004574441430146692e+01 6.110926356715155805e+01 8.140178763711246290e+01 9.617039220955425094e+01 1.058336932502656396e+02 1.158189449094451078e+02 1.136111570818571437e+02 9.349273265774534991e+01 7.920125837827708892e+01 7.312296708250842414e+01 6.753384787382435661e+01 6.279068178274872025e+01 5.821610527740639185e+01 7.432641223307281564e+01 7.198840314046715605e+01 6.196193373488209488e+01 8.196246540635381450e+01 8.775730019860444031e+01 9.620910175797605746e+01 9.043889522080289112e+01 7.007801580062438518e+01 5.569965382478715554e+01 5.301421219241287730e+01 7.158480856655529578e+01 5.654156317398120279e+01 3.668649404852865104e+01 2.756845217526738878e+01 4.579645738689639956e+01 3.996440241835069429e+01 5.987628358864835576e+01 6.213296006241064617e+01 5.377064307938458398e+01 4.363508803274684311e+01
