MOVIE_S10_data/elevation_000557.asc
nrows	100
cellsize	150.0
xllcorner	0
ncols	100
yllcorner	0
NODATA_value	-9999
[rows 68 to 84 of 100, columns 37 to 73 of 100]
4.468630953557098451e+01 6.492128556285041441e+01 7.601234396264787563e+01 7.615288763468635125e+01 6.205376062466417153e+01 8.204886374081112876e+01 9.692481199701570915e+01 1.077115796838992452e+02 1.159016276540594248e+02 1.273258804052926081e+02 1.131959709200718436e+02 1.015508686650918122e+02 8.460412854411590899e+01 6.444661466810926242e+01 7.724364650810572641e+01 7.383184988390334524e+01 7.055391680092196793e+01 6.333739718653604456e+01 4.308529219148685740e+01 4.099754760491363470e+01 3.897147832501503473e+01 5.640315965291227229e+01 5.640542989524520578e+01 7.635735561650400882e+01 7.793501017603699665e+01 6.719055939215913043e+01 5.031845370880564161e+01 6.719055667712625279e+01 6.104241186785117890e+01 5.948957836488278161e+01 3.961179888150575579e+01 3.690058949900626573e+01 1.868489700659722175e+01 3.781747936774687702e+01 3.715832740025375358e+01 3.611094148191987330e+01 2.773175959757417175e+01
4.822666151635094423e+01 4.758191039405230072e+01 6.774425434667449508e+01 5.612710019260639882e+01 7.615288763468635125e+01 9.028296762494342431e+01 1.049582448558824979e+02 9.832649195536896514e+01 1.066000907281651422e+02 1.166094434850544417e+02 1.120211145274814157e+02 9.184849491446144043e+01 8.283478612898390736e+01 6.267564669384911014e+01 5.705920736004441807e+01 5.362576696217564631e+01 5.032846995993553207e+01 4.722954269864477084e+01 6.333766691319718944e+01 6.123357476624573081e+01 5.639522488577818393e+01 3.619013408958127087e+01 4.780634997524363428e+01 6.208874426372687338e+01 7.378782740222581538e+01 7.686367433176206987e+01 7.052574859545291019e+01 7.884205877690145314e+01 6.424971330810852521e+01 5.589518717176130735e+01 3.981316422712986025e+01 1.974648954445334326e+01 3.874626180483373616e+01 4.709003648289584731e+01 5.133044589099280586e+01 3.389464829925332623e+01 2.058519960118784198e+01
5.184073533367682529e+01 6.774425434667449508e+01 5.051379176449818686e+01 6.756963149958161807e+01 7.788223587896001732e+01 7.678452921545803633e+01 8.758255520652411974e+01 7.822642680569514084e+01 8.829871864631550693e+01 1.083542652644225228e+02 1.061151431141126835e+02 8.593905574056024932e+01 7.169322934074659770e+01 8.283478195105625730e+01 6.610076198952350524e+01 7.383184988390334524e+01 6.202585000400571147e+01 5.893703027039656206e+01 7.580489353982606815e+01 6.910257055144887772e+01 4.897253637218376099e+01 5.372753439117419560e+01 3.354947022796349643e+01 4.522472441056257253e+01 5.950627590643546938e+01 5.653196915483836449e+01 7.086685978891893001e+01 7.563929378056836583e+01 5.589505768802716545e+01 3.574369741849485393e+01 4.057023254594158601e+01 2.049869027462332483e+01 3.005284677543727412e+01 4.964754851380619982e+01 4.596194506729251827e+01 2.677005259413720495e+01 4.030343564776434562e+01
7.193254042881618204e+01 7.887649352588566387e+01 7.061559448337767719e+01 5.399679629781059020e+01 5.819783806564946360e+01 6.258189090800270549e+01 6.745712375105304659e+01 8.169748214157212374e+01 1.017218103462738554e+02 1.166094434850544417e+02 1.061151431141126835e+02 8.593905574056024932e+01 9.184849491446144043e+01 8.255740960995255762e+01 8.625840999304126910e+01 9.054987359241707168e+01 8.220317246518600030e+01 7.918922877171841890e+01 8.754053318988054855e+01 7.743377409981350468e+01 6.327310407092382860e+01 5.001819648353366432e+01 5.114352983782698914e+01 3.100024954242469732e+01 4.863610252002549572e+01 4.241722993488107818e+01 5.547311863591445302e+01 5.547239937060707859e+01 5.107544790973539506e+01 4.164279074553962090e+01 2.156665569482536426e+01 4.057023298429903946e+01 4.729883473054805165e+01 5.307676334732803269e+01 3.399010542694202286e+01 4.596201089369296966e+01 4.236318495597983969e+01
8.546575423018353490e+01 9.123168836360513012e+01 7.124193398075186678e+01 5.703739474275623422e+01 7.709678729783155404e+01 8.262955804255682324e+01 8.158474537954451478e+01 8.172746323749674957e+01 1.020484377476830389e+02 1.205631626522057900e+02 1.144614332301075166e+02 1.061151431141126835e+02 1.110716864122057927e+02 1.027259732356313009e+02 9.919831833813131539e+01 8.761325163784182735e+01 7.929674268714344976e+01 7.929674268714344976e+01 8.761325163784182735e+01 9.166205148842735184e+01 7.856034816331209925e+01 7.022315187406174175e+01 5.683625840473266777e+01 3.442886718213190278e+01 2.849505005933262680e+01 3.998516139516449641e+01 3.531260379419251194e+01 4.460526690129554339e+01 4.273046797650814455e+01 2.264350588248547069e+01 4.164584594687409691e+01 3.574369381581031746e+01 5.589490169926970253e+01 5.894482188344160534e+01 3.943367817349833615e+01 5.894481487985645174e+01 6.197624786132994501e+01
9.454019042208651058e+01 9.669038831792660460e+01 7.680833773170789414e+01 6.260944606543268520e+01 6.250524338525682566e+01 8.261199902692729324e+01 1.007214807620222530e+02 1.019606355028841875e+02 1.104798104752367180e+02 1.005944555626846295e+02 1.054408036032579901e+02 1.137533306370287534e+02 1.041931640471312903e+02 9.584577094346330739e+01 9.087507347128449453e+01 7.082081628631330261e+01 5.919104306325800025e+01 5.919104306325800025e+01 7.111989830239605226e+01 7.946242216385383017e+01 7.233866222226870946e+01 6.392079841923001027e+01 6.156869718647096335e+01 5.447379493241723480e+01 4.618463109592796911e+01 2.607756853767728700e+01 2.528985550363139367e+01 2.450631881440855508e+01 2.372520899590206511e+01 4.233807366896618163e+01 5.094757708967201637e+01 5.589490169948336984e+01 6.424825836686093794e+01 6.644840543562490609e+01 4.659580805523655300e+01 5.894482188344160534e+01 7.899912186811907588e+01
1.064219868950475245e+02 9.200790658090373597e+01 7.208717871739885652e+01 8.263168635746758639e+01 6.652318819764730051e+01 8.072421468338067996e+01 1.006129404667128568e+02 1.147581775312867762e+02 1.031590023569158205e+02 8.634560999961114192e+01 8.528155938910538225e+01 1.021297786985858522e+02 9.254336092918927648e+01 7.565709080428887034e+01 9.254336092918927648e+01 8.188852529868751162e+01 6.180172190023846213e+01 4.750343142234234506e+01 5.092787445281675929e+01 6.687047521941053674e+01 6.397775782215526874e+01 4.374939560350736656e+01 4.563560777317523787e+01 4.745042593854953594e+01 2.733826814884040601e+01 4.618508313936603571e+01 4.539347804937191455e+01 4.460521599627352884e+01 2.764658551582974511e+01 4.775436104070421095e+01 6.019471005237726047e+01 6.863154850405358331e+01 8.031257901126015497e+01 6.644842495224482093e+01 6.053421407008599431e+01 7.478731745859811042e+01 7.238120367328235716e+01
1.033454398925189963e+02 8.366395919034971485e+01 9.200790658308530112e+01 9.081395786938570325e+01 7.081181929254461238e+01 8.500302385096938451e+01 1.048427935867012195e+02 1.064784799890168046e+02 8.634611691691961255e+01 7.469611741063437194e+01 7.363104330243722018e+01 9.311768726995667578e+01 8.418983103052771355e+01 6.398900589700812702e+01 8.116955218846234743e+01 7.284854742947774753e+01 6.462436775677888079e+01 5.602141743481033842e+01 3.908562528877189379e+01 4.692568325660754169e+01 5.190646031157638163e+01 4.964951158016317123e+01 2.952464193080407284e+01 2.861767629953382652e+01 4.742912249302365524e+01 3.551656274392119883e+01 5.568335999966531347e+01 5.612571696578625335e+01 4.776816306703354087e+01 3.368332309365531785e+01 4.003562847409942549e+01 5.170025582289802912e+01 7.194547224995325507e+01 8.662556063820169072e+01 8.072660324151286204e+01 7.871812048396178341e+01 6.410178600584681874e+01
1.113134061024858710e+02 9.767084514725128486e+01 1.113134061024858710e+02 9.551819704654771215e+01 7.555980051157962407e+01 8.972463552066437842e+01 1.095050918567780940e+02 1.054408036032579901e+02 8.528155938910538225e+01 7.363104330243722018e+01 6.460179330919159213e+01 7.840140138603551634e+01 7.655463680458741749e+01 5.633672109967773167e+01 6.702262445846589856e+01 5.264856023253757655e+01 5.635793039236417457e+01 3.583448580401918804e+01 3.415945866500594263e+01 3.270651546893683559e+01 3.176019225968266113e+01 3.081684096499424186e+01 4.298503496224835629e+01 4.873621550871478547e+01 5.706801700618679263e+01 4.976930699724604068e+01 4.558506838430312058e+01 6.578165638585618069e+01 5.994617694586290924e+01 3.973882103112355679e+01 5.994617694586290924e+01 5.432771983269382332e+01 7.457116930568641067e+01 9.155135205807646059e+01 8.339701729656019324e+01 7.043425484836149053e+01 5.048326280662256949e+01
1.070689292327798796e+02 1.170451234875152835e+02 1.147738901316759552e+02 9.505985214698259256e+01 8.094419576308754927e+01 9.505985214698259256e+01 1.147738901316759552e+02 1.137533306370287534e+02 1.021297786985858522e+02 9.005103283479530774e+01 6.987327927609115363e+01 5.819326422245222830e+01 7.279768879500760193e+01 6.702381994032303680e+01 4.681680651549013561e+01 4.094668537352089288e+01 3.879088775248612109e+01 5.444975394582210981e+01 3.427497917024142993e+01 5.286192015255203103e+01 5.186049966503779274e+01 5.095464753537186908e+01 3.615467820515161890e+01 5.627279220570002138e+01 7.072413912862654684e+01 6.996083767631733963e+01 5.462087207924992072e+01 7.413299168215837653e+01 6.709692336121609912e+01 4.687155823784944175e+01 6.709692336121609912e+01 7.457116930568641067e+01 8.293537717541336463e+01 8.339701729656019324e+01 6.359754293315594964e+01 6.939667471026785961e+01 6.719128810569763743e+01
9.778421094297868876e+01 1.059380353222867797e+02 1.157547077387723675e+02 1.083105661813649192e+02 8.852932607245044494e+01 1.008339601881300780e+02 1.205140382385889950e+02 1.091530494809246932e+02 1.008104674139650285e+02 9.838839428604708814e+01 8.674714732971635556e+01 7.279768879500760193e+01 5.256049830603097917e+01 6.428690864151369055e+01 4.409934868210966386e+01 6.119045522277455262e+01 5.918599708653133717e+01 6.140138924607822446e+01 5.278716346637730794e+01 3.585845092046790938e+01 5.685057133585416267e+01 6.463848221947263539e+01 4.773391434075587370e+01 4.217987813875920011e+01 6.235617442867053484e+01 7.787333303940539508e+01 6.628749731631458531e+01 8.315686496279390383e+01 7.545605918869996742e+01 5.855425002962243752e+01 7.545605918869574680e+01 8.682741272033622693e+01 8.108564301251693962e+01 7.279082083374886736e+01 6.939667471026785961e+01 4.940262102131499944e+01 5.870940347072139076e+01
7.815101097477543135e+01 8.798896520123690834e+01 1.075794566847205829e+02 1.164383448139957551e+02 1.000045497461418336e+02 1.164383448139957551e+02 1.140004164292858491e+02 1.008104674139650285e+02 8.062246886219614339e+01 8.653539673942506738e+01 8.045698192188736186e+01 7.486602843325050571e+01 6.748401001521654052e+01 4.726254195008839787e+01 6.428690864151478479e+01 6.428690864151411688e+01 7.749054133307795666e+01 5.845001814440939825e+01 5.692211348715544261e+01 3.699483102722507510e+01 5.731932593858606140e+01 7.630090895110856763e+01 6.793711628902634914e+01 5.380486652944336612e+01 4.927655739629381770e+01 6.950965451839090292e+01 8.645413323915474280e+01 9.479500709554770310e+01 8.711658265464967599e+01 7.876643214840493101e+01 8.216935118865674781e+01 6.675900998895959049e+01 6.675900998895959049e+01 5.265483812912899708e+01 6.849193177717886272e+01 5.870684561566625348e+01 3.862697500919264826e+01
9.778421094297868876e+01 1.059380353222867797e+02 1.157547077387723675e+02 1.277759863183083269e+02 1.196567956361307381e+02 1.199222085648053024e+02 9.975598859252082207e+01 8.546462085179810231e+01 7.537594942867846726e+01 6.637557546952186271e+01 6.029851243988337473e+01 5.467610564403125295e+01 5.150741596418868795e+01 5.749057974789254644e+01 7.182544333083545496e+01 8.449133372465662717e+01 7.288781252956911771e+01 5.492125770594484635e+01 3.863176020202659089e+01 5.721740056838933697e+01 6.583451394197918205e+01 8.450705579189590821e+01 8.239671058587356356e+01 7.403747825459731757e+01 5.832095817052152142e+01 5.939119328073844883e+01 7.109100415826590336e+01 9.129002707355070356e+01 9.805666013020461946e+01 7.805251697943138822e+01 6.384436302648823869e+01 5.374249405595012519e+01 4.659062271170178349e+01 4.099730248675140842e+01 4.834759937411149622e+01 5.235789220656667453e+01 3.227603077162227407e+01
9.755581052707911738e+01 9.500858336639299750e+01 1.031600166389630431e+02 1.145191023609849452e+02 1.259150844307781938e+02 1.142788317848003032e+02 1.059409164458752741e+02 9.879699286477342923e+01 9.270635552277775560e+01 8.056770477084039328e+01 6.040923475865205461e+01 7.486602843325482581e+01 6.318685356513982043e+01 7.650181451885541151e+01 8.503538739408999447e+01 8.544393976266540847e+01 6.833638234299284875e+01 4.484425211076829498e+01 3.979931025008396261e+01 6.002989801928659119e+01 5.616146804479272703e+01 7.040906419227120239e+01 9.040884859825776232e+01 8.691582338607123859e+01 7.002314792723790049e+01 7.109100415826590336e+01 8.798155092161405832e+01 9.963430448366206349e+01 1.020611478346145304e+02 9.219162000909044252e+01 8.216935118887286649e+01 7.387797894147736599e+01 6.675900998895959049e+01 5.424773773249405906e+01 3.410472551041708300e+01 4.799645689820459893e+01 4.391607766744536434e+01
7.773782183769904464e+01 7.515061187467236437e+01 8.669513839749750161e+01 1.063649603868680629e+02 1.175913557701308463e+02 9.741220293002180597e+01 8.573484921197290021e+01 7.859663406724631329e+01 7.252502051317731002e+01 6.694724853500515849e+01 7.204109291680630633e+01 8.891967391594910453e+01 8.335967766130086432e+01 9.171039317930056711e+01 8.839531051851446364e+01 7.416651283194779865e+01 5.696810950345459901e+01 4.269017704899953003e+01 6.003013491753401354e+01 4.184559132536940496e+01 6.206188599454494437e+01 7.984872237836881936e+01 8.814259990177973236e+01 9.857004553075340425e+01 9.022510585847635411e+01 9.129002707355070356e+01 9.963430448364792369e+01 1.020611478346145304e+02 8.136968734111954404e+01 8.285507001597814281e+01 7.416412777727317973e+01 7.708048038440036009e+01 7.220128677780478199e+01 5.882581485192849868e+01 4.803146920410640774e+01 2.792517480784558259e+01 2.633514333763649162e+01
6.339996448593614531e+01 7.360095396656177513e+01 8.516775806140063310e+01 9.910938119246596045e+01 1.187070608593868144e+02 1.142788317848003032e+02 1.059409164458752741e+02 9.879699286477342923e+01 8.340494036753588603e+01 8.119600960329256623e+01 9.221527317165818260e+01 1.005641723185524512e+02 9.906607693547785232e+01 7.901258796925080219e+01 7.724688354231471976e+01 5.993771795368663646e+01 4.561889969773766040e+01 6.287684404716112851e+01 6.321886148580502152e+01 4.332071015611754206e+01 6.351966224335677680e+01 5.972316862805368487e+01 7.984871783506035570e+01 8.958736007882465913e+01 9.787125386022107421e+01 1.080142497148888481e+02 9.644634999960497623e+01 8.815832469158969786e+01 8.097815357708005024e+01 6.316161446727172546e+01 5.145722551840108849e+01 5.498668565124264518e+01 5.211102252994979267e+01 5.049888400399102295e+01 3.037755942230832673e+01 4.802612467767943372e+01 4.656547017699928404e+01
7.565326305345287494e+01 8.856981306967310275e+01 9.518722141181419261e+01 1.033502253806715601e+02 1.132036327633727097e+02 1.258395602799962063e+02 1.175974783038604841e+02 1.119304276108930054e+02 1.035905038246767305e+02 1.013844274112690442e+02 1.013702692828199901e+02 9.309525446325359610e+01 9.285668732755556221e+01 7.901258796930790140e+01 5.884973342724777012e+01 4.868071374901699500e+01 6.584299648993524556e+01 6.583772147037973355e+01 7.169472315123825013e+01 5.500573816820058681e+01 4.543864891389955574e+01 6.561770095144294146e+01 7.538592501561977599e+01 6.950357916184087514e+01 8.958736007882465913e+01 9.974157354147970977e+01 7.967879801675651663e+01 6.784974030046423366e+01 6.036012242402249228e+01 7.175748889864594560e+01 6.202677790694809801e+01 4.006733685229510655e+01 4.423006031695120299e+01 3.287861341295202777e+01 5.049888400399102295e+01 5.881651325083267778e+01 6.557293752422505406e+01
