MOVIE_S10_data/elevation_000504.asc
nrows	100
cellsize	150.0
xllcorner	0
ncols	100
yllcorner	0
NODATA_value	-9999
[rows 34 to 50 of 100, columns 37 to 73 of 100]
6.912506825432505764e+01 8.934066932720750742e+01 9.460282543888301632e+01 7.445028297812189066e+01 9.460282543888301632e+01 8.691215813604485163e+01 6.666170924728128000e+01 7.038802396558625674e+01 8.209898523806019455e+01 1.021874196008354829e+02 1.106809517145261452e+02 9.954145286010670191e+01 8.193507255670151324e+01 9.954145286010670191e+01 9.728923097445681378e+01 7.732711964384017733e+01 6.402988104324192875e+01 7.655557178672296459e+01 6.922260949311743161e+01 8.917383426376888167e+01 9.922597418821580106e+01 9.108382006041617274e+01 8.854870433629277215e+01 9.668318910552113721e+01 8.734528853572430762e+01 6.780282324368189961e+01 6.155088762136467295e+01 4.180672711802689179e+01 5.348971623217404670e+01 4.733072826209719608e+01 2.748664258639675140e+01 2.798173768657348148e+01 3.651184132018281758e+01 5.702963455044155694e+01 7.355303505711171397e+01 7.913098775258106343e+01 6.524458080067842047e+01
8.090565619937440545e+01 9.754372634842080458e+01 1.029199235388775122e+02 8.456721437430866217e+01 1.029199235388775122e+02 9.328384918228393019e+01 7.313479292926712105e+01 9.058935661388905203e+01 8.470806742713195092e+01 1.047880447327964077e+02 1.025249274723470450e+02 8.339486353088061321e+01 7.248850257702972044e+01 8.298684360320613962e+01 9.097716733255508359e+01 7.732674810267917564e+01 5.739940796026213121e+01 5.662994351308431362e+01 7.655557177733771823e+01 8.352423461135337845e+01 9.108382006041617274e+01 7.150060211471219418e+01 6.895520782919665237e+01 8.536328815146363524e+01 8.521573882299880154e+01 6.566168171450409830e+01 5.171284280085626506e+01 6.155088762136470848e+01 6.509633674181827701e+01 4.648219338493830577e+01 2.660900241249651188e+01 4.528858922810388776e+01 5.192260622845922313e+01 5.192748012175904648e+01 7.120955029897584154e+01 7.085433492960025603e+01 5.093257910860867099e+01
1.008631115410828585e+02 1.090222968121893246e+02 1.129573534786221245e+02 1.046384365034574984e+02 1.129573534786221245e+02 1.003845185719302151e+02 8.030079266639981483e+01 1.003845185719302151e+02 9.891691304364506721e+01 1.093505652353299666e+02 9.004474624281749584e+01 7.918553324708383911e+01 7.071438505613403436e+01 6.385101011917106462e+01 7.708117524332590165e+01 7.313343656439164420e+01 6.939642990175110526e+01 4.962184403227586671e+01 6.362875552078853758e+01 6.362875552304980431e+01 8.295807967875818179e+01 7.723639385355471632e+01 5.753456546070311362e+01 7.100612867443616949e+01 9.062885707838105986e+01 7.947953486658148847e+01 7.138893244187305243e+01 6.835692623119437883e+01 4.850591449027081126e+01 3.712434082022700466e+01 3.712399938102690555e+01 2.538397524377213088e+01 3.246782526015988424e+01 4.629126610095340766e+01 6.556390905794425805e+01 7.000709121257862932e+01 5.458828968532190373e+01
1.179642525201438872e+02 1.140317677490866828e+02 1.118334492021819955e+02 1.149845522911061977e+02 1.171809668319448861e+02 1.086981949261496823e+02 9.191717589537469735e+01 1.086981949261496823e+02 1.189622104832241831e+02 1.175596868717624801e+02 1.063267593977810321e+02 9.774395008518817463e+01 8.969887405876828268e+01 7.708135922090824010e+01 5.775707496412149311e+01 5.371017197506947127e+01 6.402667883972247864e+01 4.630253795214980528e+01 4.379164158764819348e+01 5.483304155456569617e+01 6.889556159876401864e+01 7.100612867443616949e+01 5.126738405778670682e+01 6.525480064778861333e+01 8.489106279802560096e+01 9.328496795769493133e+01 8.506076085200307091e+01 7.656390679704115598e+01 6.510914393337118611e+01 5.685324928011316814e+01 4.444965561013182054e+01 2.451006054825516145e+01 4.445187097503933416e+01 5.193026384810889340e+01 7.123382006302878722e+01 6.173773824462416826e+01 4.185404046091105812e+01
1.140317677490866828e+02 9.377936342869064390e+01 9.155687893339548111e+01 9.475166851335390561e+01 9.696872804425120762e+01 1.171809668319448861e+02 1.119511237706529840e+02 1.202753855301712207e+02 1.160551665813966622e+02 1.072880457463750190e+02 9.907353272653129750e+01 9.277721945207456145e+01 8.761424574412431809e+01 7.792383230649721781e+01 5.891075348109951193e+01 6.989562609301364660e+01 4.993822277601522330e+01 6.614911730876200124e+01 6.065299098666839939e+01 4.081897492196903698e+01 5.790250783591263684e+01 6.597225944062060421e+01 4.631868808741977972e+01 6.607144252027379139e+01 7.884733851970669605e+01 7.353943687610605195e+01 6.510524233734393817e+01 7.730664042612362152e+01 6.861538966917318305e+01 5.119112639334374393e+01 4.230398344788937237e+01 2.362083079118921347e+01 3.523941163267526377e+01 4.927427032986378919e+01 6.901601355449255948e+01 6.042330439768615236e+01 4.053288030469996528e+01
1.125062608144720855e+02 9.749574886591743450e+01 7.698161211321665576e+01 8.021908913876589509e+01 1.006777429688982579e+02 1.140454867431084551e+02 1.162417646174788359e+02 1.218598265298654013e+02 1.019258073912565692e+02 8.833109622081120449e+01 8.018459290316127408e+01 7.416185301418714459e+01 6.899238387443818965e+01 6.457267595372640301e+01 6.998668530753394634e+01 7.945371805248133512e+01 7.185025105512563925e+01 6.944563007876553229e+01 4.967180812362333597e+01 5.790250783591263684e+01 3.805933698170372281e+01 5.521332030711796079e+01 4.164655019595389263e+01 6.117491633857957112e+01 5.925034790099810067e+01 5.356099074771652369e+01 5.356099074771615420e+01 6.822726250848522511e+01 4.763797110448597749e+01 4.284014792361585933e+01 2.234174083552362688e+01 4.072380224502278878e+01 4.883316285919874389e+01 5.999611304687539359e+01 6.416265681650124009e+01 5.679003848986845782e+01 3.684193776188279656e+01
1.012782081824647378e+02 8.376607111026358155e+01 6.924077853483616707e+01 8.974213397894368427e+01 1.080787457617764318e+02 9.380368551120420761e+01 9.602197046950865911e+01 1.162417646174788359e+02 1.160551665813966622e+02 1.072880457463750190e+02 9.277721945207456145e+01 8.410914051747384690e+01 8.761424574412431809e+01 7.397623811182820930e+01 8.876617674047834328e+01 9.682556566129341036e+01 7.984318664832591139e+01 6.023400850750223157e+01 6.944563007876553229e+01 6.614242868759980354e+01 5.521332030711798922e+01 3.536037681685322553e+01 5.239333790541146385e+01 5.049450291859142226e+01 5.042897407351409811e+01 3.946970259155565230e+01 5.941246388680905710e+01 6.443249666101715434e+01 4.927490129795325657e+01 3.306549663555997398e+01 2.448979778592532242e+01 2.104221821439070084e+01 4.009782683578396956e+01 4.009695971283301219e+01 4.430479151633846868e+01 5.208470877689426715e+01 5.058111330050730459e+01
8.690232669338216454e+01 7.252644550720138739e+01 6.461825388768329503e+01 8.490991842398460676e+01 8.948415818428678392e+01 7.923592533025768603e+01 9.973237182859877237e+01 1.164856412022091092e+02 1.247879877684956682e+02 1.205091049069065718e+02 1.114292496950891689e+02 1.032101754974810035e+02 1.008219712682866316e+02 9.270795716267956266e+01 1.008219712682866316e+02 9.367036409756573789e+01 7.411578221960910184e+01 7.984318664839500457e+01 7.846235431040882702e+01 7.039292495439354980e+01 6.325253861649778742e+01 5.276063802906039513e+01 3.290974806251676199e+01 3.173834169439453845e+01 3.057068663527547514e+01 4.859699254632440102e+01 4.769499768317925259e+01 4.356019949645758516e+01 4.425411724039742722e+01 4.437060469964483644e+01 4.825777649898503796e+01 3.973932419060143673e+01 1.976285391290764082e+01 3.920866691720171104e+01 3.013077645577179098e+01 3.209994554669560785e+01 4.185105446973171439e+01
7.477624748282585188e+01 5.865040292461225846e+01 6.185932093464071357e+01 6.525818435818978003e+01 6.891192421700949922e+01 7.387954087292010286e+01 9.448066460512882259e+01 9.629676209973513323e+01 1.164856412022091092e+02 1.149073378162470362e+02 1.066388739637552732e+02 1.046258378683026109e+02 9.637339010580980414e+01 9.162377042344496658e+01 9.986882682738236383e+01 1.018441668103992868e+02 9.367036409756573789e+01 8.133281851207844682e+01 6.719201674435618088e+01 5.068873664682767100e+01 5.502940077488504755e+01 3.518583112730383533e+01 5.276063802906039513e+01 5.159075753297251055e+01 4.881817048447695839e+01 2.894764863415731426e+01 2.781040787990662722e+01 2.667098891972682750e+01 2.552565782103728509e+01 2.436297252778775757e+01 4.144115204913926931e+01 2.122116603551531355e+01 3.920864824895841139e+01 1.883506339840036503e+01 1.819813412311516032e+01 1.756836851928345666e+01 1.694340640427002143e+01
5.520947106763768630e+01 7.477624748335891525e+01 8.199899907434995328e+01 8.566399010258315627e+01 8.350272356346501113e+01 9.448066460512882259e+01 8.176018651485256328e+01 1.022099478842943938e+02 1.156301998528747674e+02 1.056909701438235345e+02 8.678961171369975602e+01 9.043201920264718296e+01 7.653021566209660875e+01 7.178786661109570844e+01 8.840482282449956131e+01 8.634479078334150870e+01 7.810788168582358537e+01 6.975206864297210529e+01 5.326392357328249005e+01 3.924980764510754483e+01 3.755917958662649170e+01 4.181162778348278408e+01 6.161897742857432547e+01 6.284460575428994389e+01 4.300870987330461759e+01 4.300832957782257182e+01 4.769379107991028377e+01 4.657606240710278200e+01 4.482772643686909220e+01 2.485859801037228323e+01 2.268540716845744498e+01 4.012035880538187627e+01 4.593924499655459925e+01 2.941118040103233255e+01 3.858167250413429628e+01 3.727041044104992551e+01 1.919352425167916465e+01
7.177470783173383495e+01 6.412355129186465774e+01 7.157457781442914779e+01 9.199432154217340951e+01 1.039246187683226452e+02 1.093818310443594015e+02 8.909668217892104281e+01 1.093818310443594015e+02 1.073590183501346331e+02 8.751781294471081196e+01 7.762133389629445901e+01 7.060438896527648467e+01 6.528743770738071817e+01 6.031229651547554482e+01 7.443864604174541455e+01 7.810787998844062940e+01 5.825904165727348527e+01 6.152466904419189575e+01 4.170715785051505975e+01 5.719867083818874676e+01 5.739124965831584291e+01 6.161897742863893512e+01 5.325342215193995798e+01 7.107094000953689772e+01 6.284403816681637522e+01 6.282617275289998560e+01 5.897193563849587150e+01 4.775893280955452980e+01 2.786780654645068012e+01 4.479652798980926320e+01 4.278158175345164693e+01 2.809671527346925046e+01 4.799219973029416764e+01 4.161764557126339525e+01 5.203766114063864023e+01 3.192399296489210414e+01 2.112898581527958441e+01
8.012130619159796652e+01 8.427638386513301327e+01 9.199432154217340951e+01 8.603305423141337371e+01 1.063860939327415167e+02 1.176909391858468723e+02 1.008828736915956057e+02 1.176909391858468723e+02 1.156301998528747674e+02 1.056909701438235345e+02 9.743841564742265859e+01 9.043201920264718296e+01 8.513286212122719121e+01 7.443864604174541455e+01 5.457699447845487128e+01 6.903298199490296838e+01 6.407263121819576668e+01 4.425413657230118503e+01 6.152466904419183180e+01 5.312382097573909334e+01 7.286811533617870396e+01 8.123261478672117164e+01 6.469461200332789019e+01 8.123261478672117164e+01 7.198737833960804267e+01 6.207626450242440797e+01 5.077175305227012103e+01 3.091201856995956021e+01 4.776076548176451553e+01 4.775479534665740999e+01 5.181830067457597266e+01 3.196923031773655310e+01 5.181830105594779212e+01 6.088499905573648618e+01 6.083828532784546184e+01 4.281094398807695711e+01 2.330296751131723099e+01
8.438521952281759297e+01 9.720487778633346920e+01 1.055457719779317785e+02 1.063860939327415167e+02 1.147193015744554430e+02 1.292867890895365690e+02 1.209916226939154456e+02 1.216023011959104991e+02 1.124164064432273875e+02 1.041497419910677138e+02 1.019731307288732438e+02 9.947104809135038295e+01 9.122708064889420143e+01 8.086065542228320169e+01 6.903298923029055345e+01 4.919065188836879088e+01 4.713422977775442746e+01 4.856323574926899767e+01 6.836695005690079086e+01 6.453206628463256322e+01 8.111639336274308221e+01 9.264214898020802025e+01 8.445548215462108033e+01 7.779599325242864438e+01 5.798024614799378895e+01 4.395747591567467083e+01 3.402820710333402587e+01 5.077191592034226630e+01 5.897980368341489310e+01 6.754938137863157976e+01 5.586479679701186996e+01 3.604109717339739660e+01 5.586479679701186996e+01 7.088173862777885859e+01 5.698205422121277763e+01 3.694108132713007109e+01 4.281094541516936403e+01
7.603660338014137210e+01 7.697305020173043033e+01 9.171078294032929534e+01 9.783780427200680663e+01 1.050033140501826097e+02 1.133196885392561910e+02 1.249289872930210095e+02 1.131641591869645538e+02 9.344579010558356913e+01 8.430958568260383856e+01 8.214188472497109217e+01 8.340016541568952846e+01 7.139224022336399855e+01 7.262910917485618256e+01 5.276888765043880625e+01 6.903298923029055345e+01 6.696428253965591182e+01 5.309969723478336334e+01 7.291228151039166505e+01 8.431155693193237255e+01 9.255788659212339553e+01 9.595316165372612716e+01 7.809273553226223896e+01 6.989151863995898850e+01 6.592526461930140158e+01 5.722276739425495862e+01 3.739232006844812162e+01 3.842149825534243490e+01 5.825024755777734953e+01 7.704823004867216696e+01 6.408350603533823175e+01 4.749283810727128241e+01 4.285190758157291668e+01 6.265835076094874267e+01 6.539580265767018830e+01 5.698205403008540770e+01 5.043098997772458603e+01
6.068931225472839230e+01 6.589317247813669098e+01 7.141272320916621652e+01 7.751677343232881867e+01 8.473619183095630092e+01 9.649212907476831447e+01 1.166298089429068767e+02 1.048944440859183658e+02 8.506479371370286913e+01 7.363181575997298012e+01 6.811676082991627368e+01 6.354695251633705766e+01 5.991088035249368460e+01 5.655016410227190704e+01 6.681511878719501851e+01 8.085805810406151295e+01 7.820454497923518034e+01 5.840327088155161306e+01 6.928638791051048429e+01 8.904647728792657801e+01 9.244505266360432927e+01 7.616308729656449827e+01 6.989151863995898850e+01 5.006024853667127417e+01 4.610007462607424600e+01 4.235510195126241229e+01 5.722276739425495862e+01 4.193128954504592087e+01 4.902236386428564430e+01 6.884691663032776887e+01 7.552937380409602497e+01 6.730110504663139182e+01 4.814775534482669883e+01 6.795098706412902345e+01 7.009551103948416539e+01 4.985401101864680840e+01 3.575868477220183195e+01
8.068565973758582288e+01 6.721207461587864884e+01 8.742245230157303126e+01 9.783780427200680663e+01 1.050033140501826097e+02 1.133196885392561910e+02 1.163755284543420458e+02 9.648970700224744235e+01 8.506479371370286913e+01 9.344558156475738997e+01 7.502049103907150140e+01 7.502049168803517887e+01 7.977543017168378015e+01 6.111352694419340992e+01 8.097383706303087081e+01 9.489069393126673901e+01 8.391059838687654349e+01 6.414424956140372558e+01 8.391059838687654349e+01 9.726544797166644685e+01 8.425157932257465632e+01 6.443890107027934278e+01 5.633064583956848992e+01 6.989151863995897429e+01 6.592526461930140158e+01 5.380008318251483246e+01 6.531508140002890173e+01 4.549079971940732747e+01 6.531508140000981655e+01 6.304462116044840769e+01 8.285489704660648158e+01 7.366898811098192823e+01 5.386125144921940233e+01 7.366898811098192823e+01 7.149867892393250202e+01 5.122797237188720487e+01 3.973152140903109597e+01
9.249741173905431424e+01 7.219757399630235284e+01 9.249741173905431424e+01 1.083022732948331281e+02 1.166126924627325820e+02 1.282091160008551185e+02 1.246678295425064533e+02 1.131641591869645538e+02 1.048944440859183658e+02 1.030879416014338545e+02 8.492841970585266154e+01 8.903131002171366504e+01 8.627678043145763809e+01 6.643567469151875571e+01 7.733321850177141243e+01 9.717373912296176286e+01 9.048249396537023870e+01 7.076680722988953676e+01 9.048249396537023870e+01 1.003975730510855868e+02 8.062285003857107313e+01 8.213904528202478161e+01 6.231903488132496705e+01 8.213904528202488109e+01 8.182336527674745241e+01 7.362399902098664484e+01 5.693646743013776046e+01 4.971205266535724121e+01 6.954306786997342726e+01 8.285489704660648158e+01 9.105183893741332213e+01 8.027478383639953563e+01 6.045739666014664948e+01 8.027478383639953563e+01 7.996142200110995191e+01 6.823104031083403243e+01 5.979538103944527450e+01
