MOVIE_S10_data/elevation_000979.asc
nrows	100
cellsize	150.0
xllcorner	0
ncols	100
yllcorner	0
NODATA_value	-9999
[rows 68 to 84 of 100, columns 37 to 73 of 100]
9.829219576936316116e+01 8.468204960148578664e+01 6.462004783514646533e+01 8.468204960139080129e+01 8.598905768546464401e+01 7.266096605063108882e+01 7.904351687665341331e+01 9.738418092652921132e+01 1.191062895992111663e+02 1.132756344859007811e+02 9.330374619080662058e+01 9.875002238871147142e+01 7.878277105276190184e+01 9.875002238871147142e+01 9.920727542425066758e+01 8.915367814180612527e+01 7.227298844677606837e+01 8.194681458696032905e+01 7.306539173793679254e+01 5.260826582264975571e+01 6.170153368293820506e+01 4.328769921870479465e+01 5.232016612712610026e+01 3.193092520592334438e+01 5.046253327730752858e+01 4.986156704622139557e+01 3.334871556440724305e+01 4.688437667719509250e+01 4.602123281097158980e+01 4.516514869784433017e+01 2.945779173771703796e+01 2.313051425996924948e+01 2.233881312406882813e+01 2.155791011320438955e+01 2.078825467766480983e+01 3.840218024216347459e+01 1.880552143996836278e+01
8.159307297106617796e+01 6.998205327545676369e+01 7.018485735005708648e+01 9.024601312349477666e+01 1.000486631049287212e+02 8.025471972544534083e+01 9.756240539299821535e+01 9.233618363345631508e+01 1.114866486801316938e+02 1.106768409208094965e+02 9.071761565250830017e+01 7.918721307522137920e+01 7.210307783771001766e+01 8.619919041376610380e+01 9.449051146704888993e+01 1.005848083902531300e+02 9.229707212312987963e+01 8.731973592075696899e+01 6.716104905467872754e+01 7.306539173793679254e+01 5.923179343975384370e+01 5.708549761953158708e+01 6.073414825369847847e+01 4.447832460696084667e+01 3.011591379892960063e+01 2.885039821834324414e+01 2.759579002620798605e+01 2.675177323676787466e+01 2.591452346425745645e+01 2.508855566587154939e+01 2.426893438070686670e+01 3.847299133923786485e+01 4.227582826057025045e+01 3.140325532184092694e+01 4.067457144270088065e+01 4.662379810468042507e+01 3.749959666924829094e+01
7.604395210838123376e+01 9.004376853724487262e+01 9.024601312350456794e+01 7.918101846648583830e+01 9.919778184370071017e+01 1.005867193607428050e+02 9.419743272851965799e+01 1.113669489225028002e+02 1.195659932957258036e+02 1.190028935567549695e+02 1.047214477559188595e+02 8.475612976443750313e+01 8.619919041376610380e+01 6.619728139548885792e+01 8.085345536892188534e+01 8.760062727133109206e+01 9.586598303342314864e+01 9.559251174019364328e+01 8.731973592075696899e+01 8.750588914588074374e+01 7.905969706850771672e+01 7.683598536577950711e+01 7.327867788289998430e+01 5.874309364017508983e+01 4.913115167475373113e+01 2.927090594083337649e+01 4.775120351989224332e+01 4.688437760382620922e+01 3.344271498807181331e+01 4.516622396672931927e+01 4.431919016034263592e+01 3.202083655348969415e+01 5.212074892104914170e+01 4.563936513349406709e+01 5.987223460040860346e+01 4.695639984272845169e+01 2.698709637212747481e+01
8.316563675191247285e+01 8.553493791605475849e+01 1.054973222003537074e+02 9.337128047276678444e+01 9.078259939059091721e+01 1.106931348521297735e+02 1.077093814264661660e+02 1.210629045970642039e+02 1.276506286345070293e+02 1.247567960397089450e+02 1.047214477559188595e+02 1.047214477559188595e+02 9.449051146704888993e+01 8.085345536892188534e+01 6.086142315141520953e+01 6.762552351770879966e+01 8.434339194303758802e+01 8.583891145216880147e+01 9.418988569502684527e+01 9.497503517144718899e+01 8.912678878902278257e+01 8.277652568459431848e+01 6.278032396098106460e+01 4.860297622156679864e+01 5.052799689096153202e+01 3.046439078452051774e+01 4.997041282653474781e+01 6.167080814482061157e+01 4.776464492597664702e+01 4.998653607505551122e+01 5.821660422096690013e+01 3.803949906246020873e+01 5.821660720798259803e+01 6.582239671372246903e+01 5.380309887531473834e+01 3.956386754238509695e+01 4.089890104210006427e+01
9.733889914666400500e+01 9.313133683431702536e+01 1.130112067604926835e+02 1.132642004745947446e+02 1.023165240655291655e+02 1.189077525323824176e+02 1.264732360795891992e+02 1.218186715559638316e+02 1.076271159740962986e+02 1.218186715559638316e+02 1.206786403609710732e+02 1.006579644358590997e+02 8.654208802155578439e+01 7.499933850878696262e+01 7.607458185203509515e+01 5.610405780257454467e+01 7.166383095744248521e+01 6.581305178704045034e+01 8.582759664130544763e+01 7.506347248248721371e+01 6.923825613637755794e+01 7.350386005983317261e+01 6.463433800934754458e+01 5.228183738779753753e+01 3.220247476149179988e+01 5.053081665437223791e+01 3.943794911837398587e+01 5.949405011155982237e+01 6.805454736282233341e+01 6.434906650791012339e+01 6.536733016621644765e+01 4.514203401514235026e+01 6.536733016621644765e+01 8.204489882707693482e+01 6.792724933292845435e+01 5.967765797084447854e+01 6.104421065502563692e+01
1.171924601595354574e+02 1.072149197220697516e+02 1.093793216206903196e+02 1.291712424370095960e+02 1.221357979842408668e+02 1.303540070156988691e+02 1.244280882789442870e+02 1.128801906793741097e+02 9.355271316408175153e+01 1.097649147165419237e+02 1.067550830554967547e+02 9.845702504195806171e+01 1.000596802176021782e+02 9.176673529816798691e+01 8.140964459760976979e+01 7.166383095744248521e+01 5.170406494974278644e+01 6.752902428198817120e+01 7.350479717610853925e+01 7.503534999034962993e+01 5.513554426203901926e+01 6.251297674152131378e+01 4.571624606118508183e+01 5.353239485956108723e+01 3.344546943645475068e+01 4.766179811674193445e+01 5.949375885906802353e+01 5.017993453305643925e+01 7.018991823734199897e+01 8.454188298370095822e+01 7.368271197911006709e+01 5.682815829038036526e+01 7.368271197911006709e+01 7.103331700364502410e+01 7.933940896098485496e+01 7.259038406114338216e+01 6.427584552095534320e+01
1.196060396230216298e+02 1.270046815400604885e+02 1.291712424370095960e+02 1.234607550930197561e+02 1.151636181299017494e+02 1.234607550930197561e+02 1.160947373479065448e+02 9.614163155808677175e+01 8.463328235991062343e+01 8.981286590888447563e+01 9.118982672753483598e+01 7.848500270204752383e+01 8.338883785983941266e+01 7.177666252780679201e+01 7.312448812441927259e+01 5.316989758193410864e+01 5.037241441831234567e+01 4.760709845281193253e+01 5.645774339622669658e+01 7.197779687892456479e+01 6.351410388272608287e+01 4.341558485720648974e+01 3.655905540164375367e+01 3.522821167713821922e+01 5.308275093944173051e+01 6.166203727703044279e+01 7.595927112752168853e+01 7.018991823734199897e+01 6.433913136949584555e+01 8.431496724425062439e+01 8.531063399280252213e+01 7.703205605216940910e+01 6.772538486103495359e+01 5.089133625183416143e+01 6.602905874188638791e+01 6.098114338617833141e+01 4.415366810631666539e+01
1.096867337815887566e+02 1.144967307115102244e+02 1.227359811409604333e+02 1.135293476136131545e+02 9.537049279135892732e+01 1.135293476136131545e+02 1.197532968223726471e+02 9.977653261071107238e+01 8.568578003002269838e+01 7.568028506220716167e+01 7.119151606204101768e+01 6.691598569343148029e+01 6.338188845968764440e+01 6.023225238635522061e+01 5.726988606872900789e+01 7.312448812462281467e+01 7.033028655243681726e+01 6.481914754727250738e+01 4.479717221584323994e+01 6.209866564287634105e+01 5.860563728576079257e+01 3.850948157423124485e+01 5.665851032234287032e+01 5.532311094262352213e+01 4.117202649426425864e+01 6.123388014021231385e+01 7.601243648185099744e+01 8.755470698989641676e+01 8.431496724425062439e+01 9.261207877107722197e+01 8.676261721548993933e+01 7.778733744344653189e+01 5.940433360626693116e+01 3.924863182569136200e+01 4.588660597995378509e+01 4.761467269229650867e+01 3.263962982474230756e+01
1.014508226185032100e+02 9.468966978164048953e+01 1.112861224747008748e+02 1.052670554606304165e+02 8.552448515457781753e+01 1.052670554606304165e+02 1.171619264070732953e+02 1.139355282209287168e+02 9.565668570608237076e+01 9.565668570608237076e+01 7.958587752095937162e+01 8.692617256774944678e+01 7.155776287154634474e+01 8.022546140302829087e+01 7.724504977307540798e+01 8.351765350554359202e+01 7.522356513678241186e+01 6.438157129724139338e+01 4.434912761078141585e+01 4.203443985455869125e+01 4.056746466333251533e+01 4.327724314047868859e+01 6.309754313728438291e+01 6.951976744525661900e+01 6.123388014021231385e+01 4.771144929902545329e+01 5.928203377201015911e+01 7.926577665084953139e+01 9.311319947534460084e+01 9.263006023307261216e+01 7.259248369399774958e+01 5.838029049859575537e+01 4.932783783144360257e+01 5.178619380425766394e+01 3.178028229845335417e+01 2.768263876910566879e+01 2.353376702256726105e+01
9.444333832892289138e+01 8.324635833038327348e+01 1.024191704997042933e+02 9.868619869194623107e+01 7.894571416690700971e+01 8.910383554352821989e+01 1.088875711001233668e+02 1.151740588690310858e+02 1.156355847126281162e+02 1.078571834571106223e+02 9.111999132859283179e+01 9.984142553186956093e+01 8.311476061334438725e+01 9.984142553186956093e+01 8.677053052611822181e+01 6.677059981547689915e+01 5.523501745312891131e+01 4.767437093525008862e+01 6.438120678502552607e+01 5.209791111464816993e+01 6.064701599932146792e+01 6.309754313728438291e+01 5.058057810951146394e+01 6.447697631010552755e+01 7.601243648185099744e+01 6.772815732033532754e+01 5.589994489505871655e+01 6.484678933065983131e+01 7.897214783564113816e+01 9.894232861102564414e+01 8.676261721548993933e+01 7.778733744344653189e+01 6.602905874210335924e+01 4.588660597995378509e+01 5.178619380425766394e+01 4.761467269229650867e+01 3.866270089445536939e+01
8.428204290103037977e+01 7.436439730229591305e+01 9.419968849976503122e+01 9.273421866018513526e+01 7.298172369515567937e+01 9.273421866018513526e+01 1.069915616477584166e+02 9.535567621182993037e+01 1.094123120082542755e+02 1.194041379711732986e+02 1.110822934520939640e+02 1.113811173453543972e+02 1.030752881971727533e+02 1.037060119881193287e+02 9.507141149068841912e+01 8.351765350554359202e+01 7.012770968247157555e+01 5.014985085020837374e+01 7.012768735699307854e+01 7.208963862214547191e+01 7.208963862214547191e+01 7.598900299113815038e+01 5.627108877792365149e+01 7.598900299113815038e+01 9.267556901041714923e+01 8.417444425027817090e+01 6.590176090364826678e+01 8.417444425027817090e+01 9.311319947534460084e+01 8.367919757318408358e+01 7.538952676680085574e+01 7.319673714920112673e+01 7.434264331751192856e+01 6.602905874210335924e+01 6.103788218853706127e+01 5.287254689522707451e+01 3.690219840062508894e+01
6.441609497432423836e+01 7.847416724861074044e+01 9.830349506967833406e+01 8.794353494781459801e+01 6.817299127906764511e+01 8.718970173215214459e+01 8.718970173215215880e+01 8.140535075347035843e+01 9.951035589641102774e+01 1.109484160799582213e+02 1.154318937367421967e+02 1.054282380304317428e+02 9.712586520771228038e+01 8.371807488986218004e+01 8.498242851974084999e+01 8.061452356231751537e+01 7.264450912219700740e+01 5.266803287395164546e+01 6.678606104531098708e+01 8.678805321857919353e+01 9.204394578896848600e+01 8.349575775248263199e+01 6.363482074413921197e+01 7.598898004781062809e+01 9.601181335728736599e+01 9.416578120354016335e+01 8.587488574880678982e+01 9.416578120354016335e+01 8.296252391782630298e+01 7.401399244284021961e+01 5.533891464966768581e+01 5.314151017637718866e+01 6.220133906659305723e+01 6.857670220565624675e+01 5.206675327444791890e+01 3.308091230869074906e+01 3.779161583685496595e+01
7.616839946213158896e+01 9.070355105160614073e+01 9.174601448730689413e+01 8.340786116302905384e+01 6.360910219680710753e+01 6.740596125958575158e+01 8.196653521728006808e+01 7.151996368855911612e+01 8.293100498302257506e+01 1.026916787392466119e+02 1.071144478250327552e+02 8.713728259039172030e+01 7.714129093393820824e+01 6.956507050076221788e+01 6.496609227227502004e+01 6.060297898338957623e+01 5.723503540963404390e+01 5.701174326912342849e+01 7.700806402680738927e+01 9.197575421665419526e+01 1.019822167193572540e+02 9.183363011433607426e+01 7.500293670043761551e+01 9.183341619741580075e+01 9.084419600082829049e+01 8.244414196661254834e+01 9.084392918107838000e+01 8.880139868084566501e+01 6.882588155308241085e+01 5.466478274316401809e+01 4.560075264946451767e+01 3.880235232359860476e+01 4.275098658379786798e+01 5.888709104480253842e+01 4.816556549110510588e+01 3.908209606294204974e+01 1.904837429586885733e+01
6.262434092240160055e+01 8.250237602499481682e+01 7.194764657435737831e+01 8.127824047731445489e+01 7.306405640875836127e+01 5.743966618649852052e+01 6.215890284816357081e+01 7.104156096768795692e+01 8.245384935279618333e+01 1.022129431998462650e+02 1.154318937367421967e+02 9.899240016103624384e+01 7.900957517408512842e+01 8.914545452283935845e+01 6.913877589908000232e+01 8.061452356231751537e+01 7.137302453050796203e+01 7.700806406597634179e+01 6.366691996048705704e+01 7.367970632138677445e+01 9.367756595489520066e+01 1.034441138337394790e+02 9.509712926576109737e+01 9.241959386916028052e+01 8.071004846273079636e+01 6.218141890937885563e+01 7.725844536427410958e+01 8.565588272589856444e+01 8.296252391782630298e+01 7.401399244284021961e+01 6.572702946674803570e+01 4.576393071356581288e+01 3.136455059717148686e+01 4.552186810852026611e+01 3.679696398967782045e+01 2.026383889462584165e+01 3.908073521323111521e+01
6.389728470802520377e+01 6.409213142003834207e+01 5.787354501881691249e+01 6.904055547100452372e+01 5.314874362565058874e+01 7.306405531752024274e+01 8.196653499934004117e+01 9.018022516046040948e+01 9.903138453990939638e+01 1.104681920576240799e+02 1.190159260746264636e+02 9.899240016103625805e+01 8.794843598734571799e+01 9.580914357873518838e+01 7.581816908545224010e+01 9.580914357873518838e+01 9.137666492420088105e+01 8.945388360218267110e+01 6.944783953417558564e+01 8.945388360218267110e+01 1.019822167193572540e+02 1.096474249584597942e+02 9.792753216179018239e+01 8.401472590120975781e+01 6.374657685731824586e+01 5.204660281701750080e+01 5.699159366381707770e+01 7.163742623838135160e+01 8.003420296543949064e+01 8.231369830399837895e+01 7.430883701062532509e+01 6.003607080771446647e+01 4.564244584241303926e+01 2.537796969021141891e+01 2.151909757786487987e+01 4.038961027712055341e+01 4.038836228392290906e+01
4.395077445619212853e+01 4.416948543874360666e+01 4.631715947565896840e+01 4.908305657758348417e+01 6.904055547100452372e+01 8.127790633568733369e+01 8.822940197846047283e+01 9.644976870334075159e+01 1.045293606995045508e+02 1.115222945494610656e+02 1.198020665538327307e+02 1.162460555647970040e+02 9.946708268248762863e+01 1.041134090568074555e+02 8.581794121559883592e+01 1.041134090568074555e+02 1.009938845925667152e+02 8.100601655782639909e+01 8.359817534424769292e+01 9.775367207922036528e+01 1.104832362723960557e+02 1.012661232489200813e+02 8.093966776649911310e+01 6.924586181221150127e+01 6.160302806395198161e+01 6.555736564905814134e+01 4.526133596858228714e+01 5.135656013815887633e+01 6.832660430666879847e+01 6.244519651146172379e+01 7.653882190413303022e+01 6.999305690067691899e+01 5.398601406354512733e+01 4.267346677553036471e+01 2.245254338279265127e+01 4.260116325591122433e+01 5.374234969868203393e+01
4.120545878254934991e+01 6.107640565016116341e+01 6.627294920598306760e+01 5.176861023580875809e+01 7.169664807191647071e+01 6.388940569698264227e+01 6.845557324325214665e+01 8.822932524060190929e+01 8.477434693841908597e+01 9.174329076668816185e+01 1.031239901286013207e+02 1.229945917370707207e+02 1.135973227972814357e+02 1.141195326772652976e+02 1.058003459418715835e+02 1.141195326772652976e+02 1.093078452668104319e+02 9.254009794448290904e+01 1.035908138957894096e+02 1.044952052466524464e+02 9.014484435643957738e+01 9.874086022483454883e+01 9.792753216179018239e+01 8.953063870447340378e+01 8.186372953056074664e+01 6.183708759684565592e+01 5.992826273601907161e+01 3.962274923878329957e+01 5.492938938128094861e+01 4.826577358373494064e+01 6.653794241268747101e+01 6.171957947507371500e+01 4.155290914318953810e+01 4.374000775825772536e+01 2.350323372922725440e+01 2.569541922467834993e+01 4.552712271554651124e+01
