MOVIE_S10_data/elevation_000597.asc
nrows	100
cellsize	150.0
xllcorner	0
ncols	100
yllcorner	0
NODATA_value	-9999
[rows 51 to 67 of 100, columns 37 to 73 of 100]
9.027814448951892246e+01 8.498310158859359831e+01 9.309602232639637975e+01 7.879060702373659808e+01 9.314946901862079187e+01 1.086951542657833585e+02 1.028354617935548276e+02 9.454855093704506430e+01 1.028358109700044309e+02 1.062291435981523051e+02 1.145171124112224277e+02 1.147390369002796717e+02 9.479472218198996813e+01 8.329967559176786551e+01 8.799210490552408714e+01 8.824731685932533765e+01 9.042627903302260961e+01 1.063134049888564761e+02 9.219499302936777951e+01 9.802285642153607625e+01 1.179722264497641646e+02 1.144298775485124366e+02 1.043760277215746726e+02 9.601995627316303228e+01 7.962609391360275879e+01 8.330565851724618653e+01 6.510166727528326192e+01 8.512394082458801847e+01 8.085395951479033272e+01 7.026758363735787327e+01 9.029495105501865737e+01 9.091597258465122877e+01 7.114656449773458746e+01 5.827094983778249571e+01 7.818847198515456398e+01 7.842566936301963665e+01 7.016198133572683560e+01
7.327787264755268382e+01 6.503313023736896525e+01 7.649329334786816048e+01 9.657830690974428478e+01 1.074748700624119664e+02 1.049846031648602036e+02 9.680938548289161361e+01 9.936376526833494438e+01 1.075429315596857265e+02 1.104244984189830205e+02 1.186173672266946966e+02 1.230858554323050242e+02 1.115360486475786388e+02 9.325688045951667959e+01 1.079296590109650253e+02 1.081853689428636756e+02 1.103755426294609379e+02 1.187085331981533614e+02 1.120925632625667845e+02 1.142988691229561482e+02 1.061127824028295379e+02 1.076549526014842826e+02 1.158343574652019470e+02 1.080399395631424255e+02 9.967750793517512875e+01 8.144349390166844671e+01 7.665542978766094961e+01 9.345763263026799450e+01 9.863857993701603277e+01 7.921644178966721483e+01 9.863857993701603277e+01 9.935455726784422836e+01 8.645434244932395984e+01 6.823252086321993204e+01 8.645434244932395984e+01 8.603241611476308037e+01 6.611092804676501089e+01
5.316394556401743898e+01 6.473016631098545304e+01 8.495425664739268257e+01 1.048591042275567986e+02 1.067387414198573765e+02 9.356361961014657425e+01 7.700891963565403842e+01 7.958430780711896091e+01 9.936376526833494438e+01 9.075368448018821255e+01 1.072420663794059834e+02 1.207326088524280578e+02 1.215332576917177221e+02 1.131914823982284162e+02 1.215332576917177221e+02 1.201900493785811648e+02 1.119377692236730581e+02 1.119377692236730581e+02 1.069109577357445318e+02 9.869785943724689048e+01 8.609652649615027542e+01 8.764924935966128317e+01 1.043278352645757536e+02 1.097604674235375484e+02 1.098692513381217140e+02 1.015000516569766802e+02 9.669214203325904577e+01 1.050494379026136613e+02 1.076208390173953831e+02 9.336958761792962491e+01 1.076208390173953831e+02 1.077659067466614005e+02 9.642018759539908501e+01 8.814442310708918171e+01 9.642018759539908501e+01 9.430519898724732286e+01 8.603241611476308037e+01
6.395205117897285874e+01 7.327787264755268382e+01 9.326601318985825628e+01 9.646152817372060895e+01 8.827172660445074825e+01 7.872285129007642013e+01 6.541340241170254899e+01 8.257298984082734705e+01 8.656288521418338178e+01 7.929593970762414301e+01 9.283971427684646471e+01 1.084662459182921026e+02 1.183029411427275903e+02 1.264606760122452584e+02 1.181696757535051319e+02 1.119377692236730581e+02 9.191396584200998632e+01 9.191396584200998632e+01 9.869785943724689048e+01 7.867060477610124281e+01 7.451651204866197986e+01 7.606793980843457348e+01 9.610465444948994218e+01 8.987063816225288804e+01 1.039120369979472827e+02 1.110590606262656053e+02 1.028731379645394384e+02 1.054376988487390037e+02 1.136234813227205507e+02 1.134727014044215281e+02 1.019702220239123420e+02 8.776594332200956217e+01 1.019702220239123420e+02 1.033497136281159925e+02 9.505630719011863050e+01 9.247168035086671978e+01 1.007584716044475215e+02
8.415829296977659624e+01 9.247743684060353075e+01 1.017470528861639565e+02 8.827172660449060970e+01 6.834749606598241201e+01 7.418316808079744362e+01 5.867615348326263813e+01 6.256708308354413361e+01 6.661340834740305183e+01 7.299063795529136200e+01 8.056511100692044636e+01 9.048056555207290330e+01 1.101155799896634733e+02 1.149006362250066786e+02 9.814447712723881523e+01 1.128983649715435575e+02 9.777880206735295587e+01 7.772203646700832280e+01 8.775041926718064644e+01 8.453645185780088411e+01 6.452754202320156196e+01 8.453642608297472805e+01 9.394238504024870906e+01 7.572103327569656983e+01 9.394501204771796665e+01 9.966217757124788079e+01 8.314251248329996713e+01 8.570087381977496932e+01 1.054376988487390037e+02 9.968535245957949087e+01 9.137045576991840790e+01 7.407596552728269046e+01 9.314928359965803395e+01 9.505630719011826102e+01 7.533443478494599788e+01 7.279412327258177129e+01 8.934207420402724154e+01
8.658816156642826911e+01 8.658816156642826911e+01 8.893335873347834308e+01 7.851869201328074155e+01 7.028484800314986103e+01 5.411533756625228619e+01 6.124465540544757403e+01 8.125947563510626992e+01 8.656288521418338178e+01 7.735114096164673470e+01 9.714102110071337393e+01 1.084662459182921026e+02 1.183029411427275903e+02 1.066081219360545163e+02 8.653863770967103619e+01 9.502099981545507035e+01 8.453762315443681530e+01 8.623178884680318390e+01 6.771984076842788625e+01 7.877711028374334035e+01 5.970197900590193285e+01 7.302494469885084527e+01 7.570233917874223550e+01 6.569617133249877838e+01 8.570861963284801277e+01 9.148113822842070419e+01 7.176272775940219617e+01 9.148165603166617643e+01 1.051092984006152022e+02 9.137045576991843632e+01 7.187140437438236518e+01 6.556988177343208690e+01 7.758254430142650904e+01 9.722690263077483053e+01 8.111083747472461880e+01 6.163671838187907071e+01 8.111083747472461880e+01
6.665707565179232574e+01 6.665707565179232574e+01 7.483631710526070435e+01 6.073927547152976558e+01 5.023385426357038597e+01 7.028484800314986103e+01 8.125947563510626992e+01 7.396467133018981599e+01 8.803709594784160686e+01 9.714102110071337393e+01 9.137918189121207035e+01 1.110513314645043863e+02 1.166241016508755024e+02 9.659214222123368643e+01 8.498335514913404154e+01 7.494278334535520969e+01 7.035629795475843196e+01 6.620029065487086939e+01 6.244158504927578690e+01 5.881315994814931969e+01 5.591413588740680041e+01 5.307522924377919793e+01 5.569302387124503184e+01 7.515918625110217022e+01 8.536430769107577987e+01 7.831188549033173274e+01 6.575743228356803627e+01 7.719961351747991785e+01 9.692414401243964051e+01 8.975078282611598013e+01 7.758254430143010438e+01 5.832818088855238159e+01 7.758254430143045965e+01 8.217639756796312156e+01 7.398601239559249620e+01 5.579258243664827432e+01 7.523916964257323059e+01
6.665707565179307892e+01 5.247204417547514765e+01 6.305595889428465028e+01 4.658372558984626721e+01 6.659316076835229126e+01 7.028484800311096592e+01 9.019859497915429358e+01 9.381207740129661943e+01 1.019920002416767204e+02 1.159469045355115639e+02 1.110513314645043863e+02 1.192460718684870926e+02 1.249138840903347329e+02 1.077113964534517265e+02 8.764612359158752497e+01 8.914563711182753991e+01 9.041472232522592378e+01 7.775065290867955525e+01 8.244650434841852871e+01 6.771984099011244496e+01 7.588133757331134177e+01 6.962914750581295209e+01 4.969489535476250808e+01 6.421874715779664200e+01 7.189233357790166679e+01 5.842725717424551846e+01 7.251286361360565991e+01 9.193180981424812614e+01 9.584104778948905334e+01 7.570502294594616899e+01 6.210279145538269319e+01 5.346871526205160308e+01 6.694575691569566800e+01 6.334452614115635072e+01 5.449987074716789692e+01 5.037419241699716110e+01 6.984565677305441511e+01
7.231213263381876288e+01 6.305595889382130537e+01 4.309602809817491931e+01 6.305595886798838023e+01 6.701638833167628206e+01 7.525857572227407388e+01 8.443279269738373216e+01 9.263156390881445645e+01 1.066344876628052987e+02 1.084298086670547860e+02 1.100964270632670008e+02 1.182902352444328784e+02 1.277191532749971685e+02 1.077113964534517265e+02 1.077113919398667718e+02 1.092051457238914196e+02 1.061170546948818441e+02 9.781839082763045212e+01 8.407366772432709467e+01 8.775318427709082414e+01 8.157101983317959082e+01 6.158629598593267929e+01 4.751948653511828979e+01 6.611544260548937757e+01 5.206727602186296622e+01 7.201463400819491767e+01 8.192024940379192799e+01 8.506225695321148805e+01 8.741120018746570963e+01 8.975078282804284413e+01 7.809797655930836413e+01 5.878205631610226334e+01 4.756255020458119276e+01 4.392138883280028949e+01 4.321961733143760398e+01 5.702154312950199255e+01 7.653083789246758784e+01
5.234499389310003181e+01 5.819323342277389344e+01 4.084970405259759474e+01 4.389156482210121624e+01 4.701245711431345597e+01 6.701638833891965419e+01 6.447047244013845102e+01 7.862863995347503021e+01 8.868924867867636408e+01 8.868924867867637829e+01 9.041230671596210300e+01 1.100964270632670008e+02 1.198447256440804551e+02 1.115444380403915545e+02 1.134161363549989829e+02 1.051070321636070020e+02 1.134161363549989829e+02 1.124192636363340654e+02 1.041251554370136461e+02 9.097553285539402168e+01 7.096381809273432850e+01 5.685622032858363895e+01 4.538491334398428734e+01 4.617796138256836258e+01 6.046108451741542211e+01 5.878062740126562602e+01 5.967595395132328662e+01 6.517760757468801103e+01 6.768050042833948510e+01 8.164706922768823461e+01 8.629174385242764345e+01 7.506096094457831214e+01 6.694575691569566800e+01 5.847692853471708929e+01 3.898345058519358730e+01 5.479219479158174266e+01 6.184830710473998039e+01
5.573576827168843550e+01 3.830446063683849900e+01 5.276690798736795784e+01 6.350366090107970507e+01 6.701638833891961156e+01 5.176480114750214767e+01 7.180751281831169308e+01 8.185632898984651717e+01 6.876803567541522000e+01 7.636519895659783685e+01 9.041230671596210300e+01 1.100964270632634197e+02 1.082248314153984126e+02 9.138191391869835911e+01 1.033306953426054520e+02 8.489020143051756406e+01 1.033306953426054520e+02 1.066524639800916106e+02 9.492865098766921506e+01 8.655445328330054622e+01 7.939876050163366017e+01 6.651874224745343156e+01 4.685645222734868298e+01 4.243799030172440467e+01 4.057881653492640339e+01 3.893176338575683104e+01 4.670905301919653141e+01 5.948777362969066473e+01 5.379206299380408751e+01 7.345948859023179978e+01 7.990763816408041009e+01 8.823766701527095790e+01 7.795938849474200083e+01 5.846549954879189670e+01 5.479219479158174266e+01 3.537719392787904127e+01 5.086600323889892650e+01
3.587316763088871596e+01 5.573564632928078311e+01 5.249470733447041226e+01 7.217744178425994050e+01 8.003754099893941998e+01 6.336535762340773914e+01 5.755579467647035585e+01 6.185133910757301123e+01 8.185632898991264028e+01 8.033376913435807865e+01 1.001030459967745543e+02 1.141486748433857628e+02 9.400309582872489500e+01 7.963550058002870458e+01 8.906984483500225735e+01 7.468288373380981682e+01 9.499861679706228301e+01 9.832870294649015364e+01 7.793510430884495577e+01 6.631509772328352881e+01 5.942499883734144106e+01 5.357647189425016165e+01 6.651874224745317576e+01 6.233946306348587996e+01 6.046101971977772394e+01 4.254011445176824679e+01 3.666930106394001854e+01 4.137758605215983465e+01 6.102071647079491612e+01 7.618840244300187692e+01 5.872324606311011053e+01 7.618845511752051891e+01 7.490094216664118676e+01 6.492318794804549498e+01 5.230039302368487597e+01 3.296135676710201778e+01 4.991442600300243981e+01
5.331820395840580318e+01 6.386539931034469930e+01 7.247024439803425366e+01 8.066808536808605368e+01 9.153964610811782165e+01 8.333971127763642528e+01 7.759125081640738131e+01 8.185632898991264028e+01 9.005554400698312634e+01 9.178694336233778017e+01 1.082811482524974593e+02 1.123953678447327889e+02 9.223730908921766058e+01 7.785670218012175781e+01 6.871326101631323979e+01 6.745040606498206159e+01 8.781592049016150270e+01 9.874724916309239120e+01 9.492865098766921506e+01 8.655445328330054622e+01 7.939876050163366017e+01 6.346583868606366252e+01 8.172331370177499821e+01 6.969489505243264205e+01 5.179887949513874901e+01 6.231939729663773875e+01 5.421295973890858022e+01 3.457187744139586272e+01 5.208898538601734884e+01 5.679162332673097779e+01 4.659954397012590732e+01 6.766986771621635910e+01 6.655039345622920166e+01 4.699154445507313937e+01 3.731274679297148111e+01 3.057005752924388275e+01 3.061489385407596941e+01
3.576342099154118159e+01 5.559534333243690440e+01 5.796904242951131181e+01 7.800266493649687050e+01 8.615779479585634704e+01 8.831210580763416829e+01 9.643100918341086469e+01 9.638581148553087985e+01 1.044876803501724680e+02 1.114630534558938848e+02 1.196604663692914556e+02 1.182686260476889828e+02 9.814146780315122953e+01 9.310945434492417405e+01 7.278613311102166961e+01 6.101294089086405137e+01 7.007539636011541972e+01 8.441132276160392678e+01 8.680707572101283631e+01 9.543630051215939147e+01 9.274261635090734046e+01 8.421709274059608674e+01 9.259993407565532664e+01 7.886384246186921132e+01 5.919603015486840292e+01 7.413453371234368205e+01 5.421292459291237975e+01 5.208899312549471716e+01 3.258715866105723080e+01 3.763350245537654359e+01 5.679160626999679096e+01 7.492773752833493006e+01 7.480293426024319103e+01 6.492419696582797428e+01 5.674017328808824345e+01 4.664934350361391324e+01 2.734581708784526199e+01
5.556373447702244306e+01 3.807681095904516866e+01 5.212710521331206337e+01 7.240745912712860388e+01 6.625323016354435879e+01 6.843586046687013891e+01 8.241957697842774166e+01 7.663978054362816295e+01 9.638581148553087985e+01 1.092046061470613836e+02 1.127116997513618344e+02 1.044753868950499509e+02 1.126311258093593040e+02 1.014484822389434981e+02 8.974712720622505913e+01 7.602823599521910580e+01 5.571670930224981078e+01 7.117285243468000999e+01 6.543747128258581824e+01 8.593040025168826901e+01 9.006009482637294639e+01 9.840807715203639816e+01 9.287707403774930981e+01 7.305937189046471758e+01 7.886287477202709795e+01 7.276387084798660965e+01 6.441110051070394604e+01 5.065258750611167216e+01 3.121886441202012463e+01 4.866030656204160465e+01 5.179937453130570901e+01 6.088358435532012436e+01 6.951663264266736064e+01 6.909777492129640564e+01 4.961519502023246986e+01 3.845025010367268692e+01 4.410328050861600957e+01
5.915349697632149173e+01 3.974424116735396950e+01 5.963613819572662322e+01 6.605436443760929421e+01 5.206622157994487310e+01 5.706785179323135537e+01 6.244775505505048585e+01 7.067968197006406683e+01 8.071612552912657179e+01 1.008033645306512653e+02 1.044753868950499509e+02 8.427589288047843752e+01 9.281208953130753514e+01 9.944578396460029523e+01 9.112551931987921705e+01 8.441132276067570217e+01 7.117285243468000999e+01 5.093674881086791117e+01 6.501625175033812809e+01 8.406843404163222999e+01 6.974741397096798323e+01 8.670741040483416384e+01 1.011015535466617479e+02 9.287707403774930981e+01 7.858335766638572295e+01 5.854221189631395106e+01 4.450806107612575602e+01 3.836791959041652689e+01 4.870340028918998598e+01 2.927808317919424752e+01 4.678971158980636602e+01 4.103503779280154617e+01 6.104399114883219113e+01 7.726536568838264429e+01 6.597739008793281812e+01 5.784950580512849427e+01 4.234687504433201610e+01
6.783266651406221115e+01 5.963613819572662322e+01 4.214473018470053489e+01 4.608123773430497039e+01 6.605436443760929421e+01 7.708745950826862270e+01 8.241515767722268038e+01 8.956747318441647110e+01 9.701378609075749182e+01 1.087602382142353861e+02 1.126099565158482250e+02 9.281054248794438877e+01 7.249000398647919496e+01 8.323684381848231340e+01 7.079233655737094466e+01 8.767941005591669068e+01 6.817051641900803816e+01 4.794000838220355121e+01 6.376589165928338332e+01 7.210095506689323486e+01 5.803743543736297283e+01 7.764116826910387203e+01 8.670741040486232976e+01 9.840807715213387041e+01 7.858004504048378180e+01 5.854218197501383969e+01 6.441098612854547412e+01 4.968358252675474063e+01 5.692240293882361613e+01 4.101359877503981011e+01 2.721458119149721000e+01 4.490186734474188057e+01 5.304285061516919342e+01 6.383106928015952519e+01 6.479416500820269675e+01 6.271048825522583314e+01 4.982415942970003897e+01
