MOVIE_S10_data/elevation_000369.asc
nrows	100
cellsize	150.0
xllcorner	0
ncols	100
yllcorner	0
NODATA_value	-9999
[rows 51 to 67 of 100, columns 0 to 36 of 100]
6.455108993161302877e-02 1.420126679196560815e+01 3.410449824429893084e+01 4.021473522940609513e+01 3.416140007434324133e+01 3.061273366464432044e+01 1.080702515161236299e+01 2.391561238429384062e+01 2.443508013580362359e+01 8.254605140743100478e+00 2.714136451306804076e+01 3.940455602852185280e+01 4.743281892267420119e+01 3.989323227611546230e+01 3.887128266295827927e+01 1.568721350375230017e+01 1.051013003663857504e+01 3.057520517091556655e+01 3.871551542791051048e+01 4.090365452352790498e+01 3.733215703046231937e+01 5.114431741756575889e+01 4.530595014336196868e+01 6.523938287306479822e+01 5.772511667697915527e+01 4.342209901476250877e+01 3.670496462991711439e+01 4.850751507464268997e+01 6.872353137777803056e+01 7.767530722548366384e+01 5.722661721551709491e+01 4.272317178080556488e+01 6.321589984322452693e+01 7.915469018795275247e+01 7.478458487459548110e+01 7.546241470581512090e+01 5.543247201936777202e+01
3.995603441288197999e-02 2.003980790920486399e+01 2.137216114244470688e+01 1.772976135703241596e+01 1.535470463286085163e+01 2.291056076649221396e+01 1.835741469834943729e+01 4.251976440109422661e+00 4.757541014796231593e+00 5.250440402953961971e+00 2.494138520419601335e+01 3.390522908404248881e+01 2.817785728184129113e+01 1.929836540720134153e+01 2.829782552351829139e+01 2.881757887660277362e+01 9.836248686891631010e+00 2.981966287567883001e+01 3.945049143131723213e+01 4.828926251383695245e+01 5.735488788216166967e+01 6.591938847581330663e+01 6.523938287306613404e+01 7.349956180267361106e+01 7.202813434356025368e+01 6.345897353888869219e+01 4.319774001843426703e+01 6.345897353888869219e+01 7.704068473978874465e+01 7.767530722548998767e+01 5.722661721551709491e+01 6.321589985305654125e+01 5.026486355485886293e+01 6.466048753468794530e+01 8.516139787781318660e+01 8.374718422215467228e+01 7.546241474026965079e+01
4.804567899273937126e-02 5.536058181582981241e-01 1.059327555582472158e+00 1.565697239129058449e+00 2.072717365910618614e+00 6.447543309015337343e+00 3.527405119284243717e+00 2.311117942450578155e+01 1.858451076933598145e+01 2.495713550028225569e+01 5.932681662810610490e+00 2.565440904874273542e+01 7.295815509365817242e+00 7.792759847444149734e+00 8.302961590792818924e+00 8.829584196849310729e+00 9.601669698153271426e+00 2.992919213245565047e+01 1.802165429471325098e+01 3.769037425545732134e+01 5.353423688761026966e+01 5.818576857653727785e+01 4.985819436615769717e+01 5.695500625664680427e+01 6.528696109992777963e+01 7.178419246246197361e+01 5.755745614648877506e+01 5.755745614648877506e+01 7.770649686620136265e+01 8.617143321620449115e+01 7.767530722548998767e+01 7.916061735991688408e+01 6.466048753468794530e+01 6.043319262696046934e+01 7.486608023307397275e+01 9.545671552255228676e+01 8.914818421054059172e+01
9.707512844716031930e-02 1.851901737290246430e+01 1.266328409298422564e+01 2.132476784487319321e+01 7.892923136707319820e+00 2.791203162734420040e+00 2.098161198594781141e+01 2.989852579810102284e+01 3.877372268644357689e+01 2.994445422963047321e+01 1.199106198813905166e+01 6.607930183957537729e+00 2.231666686551574941e+01 2.755541267803304351e+01 1.241970926187883251e+01 2.311771643162586543e+01 2.348542555210943306e+01 1.070840664160532185e+01 1.149494357964703717e+01 2.562309411594378261e+01 4.085006690808662455e+01 4.131128721550459915e+01 2.981392036757235431e+01 3.688219100636610648e+01 4.845590316990799096e+01 6.856499698251487018e+01 7.770649686620136265e+01 7.770649686620136265e+01 8.601092877843505846e+01 8.180402776034419787e+01 8.180402776034419787e+01 9.008559019445381466e+01 8.516139787781318660e+01 8.089693768042313593e+01 7.486608023307395854e+01 9.545671552255227255e+01 9.643525985755415775e+01
5.001202446392439237e-03 1.617461094298315416e+01 3.000868424485635799e+01 2.630340293070282698e+01 3.078121646616553519e+01 2.051869371631688210e+01 6.169530599476101607e+00 2.737243549721969060e+01 3.882380448858719291e+01 3.908973502181655135e+01 2.578097464452769927e+01 1.146995686377588797e+01 3.111747592450229405e+01 2.576899419042827688e+01 3.349590053924575273e+01 1.898243128701222915e+01 3.459677365592289533e+01 3.072690913429422821e+01 2.366865954141489681e+01 1.261468047909857937e+01 3.263812290254429627e+01 2.129544679090460946e+01 4.131128721550459915e+01 5.695500625664680427e+01 6.528696109992777963e+01 7.689867343788621667e+01 7.874350387067740087e+01 7.675457076901706444e+01 6.845225770004812205e+01 6.170350383944058592e+01 6.170350383944057882e+01 8.180402776034419787e+01 8.828588204663100214e+01 9.655803267476538565e+01 9.545671552255227255e+01 1.039398918651291126e+02 1.047441802357169536e+02
5.279685921607564503e-02 1.602728025207990825e+01 3.725659107823511818e+01 4.293630940864463241e+01 4.902108338589803793e+01 3.566112034997117775e+01 2.737243549724734848e+01 9.899456180036224850e+00 3.058317616241242831e+01 4.212016661830750763e+01 4.229479527815432505e+01 2.847137032575945526e+01 3.369542370764998651e+01 3.612331579228046508e+01 4.230712593729863613e+01 2.359596696346858735e+01 4.231992298173061329e+01 4.654253165893031507e+01 2.706807903657133707e+01 3.263812278951688484e+01 1.374141842440950079e+01 3.146396295627035755e+01 4.257116267969427525e+01 5.751914747829377461e+01 6.584824792267119165e+01 7.284011385315702114e+01 5.864982629798763014e+01 6.515960994932285644e+01 4.835283317320327257e+01 4.749257045204768701e+01 6.607658194614266733e+01 7.190304208499838978e+01 6.822108282479224783e+01 8.778763901432510863e+01 9.934276773751271605e+01 1.016799961740586724e+02 9.333410774342668503e+01
5.738623160518319517e-05 2.000005738623125140e+01 3.535781353653271708e+01 4.349024633238012427e+01 5.544756642206846919e+01 4.463611248480160754e+01 2.476225934651342442e+01 3.058317616241242831e+01 1.369174728802183516e+01 3.387988232643250797e+01 4.558390901486394853e+01 5.454254148667971691e+01 5.485072878592687573e+01 4.817326677021615922e+01 4.758493913713288492e+01 2.859178106470661973e+01 4.758894232063414620e+01 5.526588571981255882e+01 4.697881009541293906e+01 4.208777283152979010e+01 3.376735299369713772e+01 1.488494629418257098e+01 3.491276725750603305e+01 3.741667846959894206e+01 5.751915082811500213e+01 6.453512819974045556e+01 4.451889454349556985e+01 5.187575049412210149e+01 3.695945335661556896e+01 4.129590012216424810e+01 4.592548247373942161e+01 5.171959210745271207e+01 5.938863918500553041e+01 7.103859845352556590e+01 9.107530925865357574e+01 9.157621865018251128e+01 7.310219776312688111e+01
4.532054705376769438e-02 7.119781262493461327e+00 1.476127114687467667e+01 2.686821888321989604e+01 4.869516777363055127e+01 5.291288279135123673e+01 4.463611248480168570e+01 4.212016661830750763e+01 2.294138001530351900e+01 1.744398314639455094e+01 3.734335826121275659e+01 4.912566120872107689e+01 6.054017054063314873e+01 6.535400459388047523e+01 5.445637284909319220e+01 3.503234426472272389e+01 4.758894359637250915e+01 6.737645566043902079e+01 6.405476164364088731e+01 5.166555573655911360e+01 3.570955713667567011e+01 1.569584942717703768e+01 2.325115805439373062e+01 3.741668177470388201e+01 5.751986237610553587e+01 6.603584404231264671e+01 4.601074003405270929e+01 3.210103103395582735e+01 5.187575048412144696e+01 6.132692224845989415e+01 6.607658194614266733e+01 6.238692483183336890e+01 7.950710888163817458e+01 8.778763901432510863e+01 9.274007430705911759e+01 8.321815275327671202e+01 6.302596038539789447e+01
9.001595176218035732e-02 1.423215157549325660e+01 3.423215157549395826e+01 4.428966628108051395e+01 4.887202548015774539e+01 5.715681556618517334e+01 5.889066797903092265e+01 3.909713574951132387e+01 4.272931658914544784e+01 3.734403342720170116e+01 2.112729650020617100e+01 3.256715666854911717e+01 5.225767315550248782e+01 6.454055950958749577e+01 6.275568106356482190e+01 4.862184078244582963e+01 5.079562385493999699e+01 7.074483794948160664e+01 5.567736183615042478e+01 3.387794079848662676e+01 2.210317552508620764e+01 1.651320669156370968e+01 3.654547330446640530e+01 4.606180111387451603e+01 6.339451278710756554e+01 5.291899527756871890e+01 4.478944627435003412e+01 2.906483738845879117e+01 3.886180779167604982e+01 5.290645616142334973e+01 7.298416725420358375e+01 8.249367343064869829e+01 9.077377700815952721e+01 9.867726212603383829e+01 7.846819263795450183e+01 6.419387052532098892e+01 5.631514142730080152e+01
5.674351268809080251e-02 2.005674351268773492e+01 2.817767096486448608e+01 3.254204176843284557e+01 2.887196167931447732e+01 4.489688486609390594e+01 5.318271990181148112e+01 5.889066797903092265e+01 5.226999092662197910e+01 3.256720310729325973e+01 4.089429032281521614e+01 2.513891134522188864e+01 3.650427942258814795e+01 5.621034522160019264e+01 7.051549449845657591e+01 6.854217929449396252e+01 7.074483794948160664e+01 6.745150739592578759e+01 5.583876088385258640e+01 4.182184246899725366e+01 2.177335958439536157e+01 3.654547173932922277e+01 1.770619250892537977e+01 3.772687150892306107e+01 4.701519682572916992e+01 3.550027771697689616e+01 2.501958431941530847e+01 4.477653426434957140e+01 5.697678561440869771e+01 6.709237505343111252e+01 7.748805959828527534e+01 7.748805959828527534e+01 8.576730302656970650e+01 9.117681337344372139e+01 8.282459404258410984e+01 7.010838675440716372e+01 4.993527498619303628e+01
9.518805923843161321e-02 4.095188059238448197e+00 8.177670963877114119e+00 1.254202876859699956e+01 1.857225566015237916e+01 2.489681098048924923e+01 3.903894822619171379e+01 5.903923944489533682e+01 6.057955541243595121e+01 4.389512494962347233e+01 4.802159310712007567e+01 2.836597590854886164e+01 3.499038098355828907e+01 4.238172947928473633e+01 5.369947910240485811e+01 7.368376944273103391e+01 7.297486720463959387e+01 5.914502152630849707e+01 3.900651893133420600e+01 2.737127830859111555e+01 4.182184246899725366e+01 4.605044898958951194e+01 2.925464319320264650e+01 1.890721283737975611e+01 3.886467981702129038e+01 2.136497962180123977e+01 2.225183939076973871e+01 4.077012055344960118e+01 5.142033594262647966e+01 6.803777115975469769e+01 5.744097048118682380e+01 5.744097048118682380e+01 7.748805959828527534e+01 8.282459404258410984e+01 6.263195287405295630e+01 6.506510756323187650e+01 4.487981443289758232e+01
9.062254805971975413e-02 2.009062254805936476e+01 2.817767096486448608e+01 2.668416345321181282e+01 2.887195445677233607e+01 4.489662325735533699e+01 3.903894835272114960e+01 5.903925545887707216e+01 7.209670538253025995e+01 6.371140563062521522e+01 5.129371542949590435e+01 3.166090415383345302e+01 5.129371542949590435e+01 6.214583403516470383e+01 7.051549449603670894e+01 8.211682903450511617e+01 6.468892209399194826e+01 4.458928855647763356e+01 3.448605410169815144e+01 3.900651893133420600e+01 5.583888948923678441e+01 4.931943718541224086e+01 4.679181990663555268e+01 3.670144701655482322e+01 2.011411184750338421e+01 4.014957834590353514e+01 4.228897426980275753e+01 2.357794424569849312e+01 4.361665914422751200e+01 4.795491012484233551e+01 4.321187994667006649e+01 5.744097048118682380e+01 7.748805959828527534e+01 7.400462367029693667e+01 6.854624054224910878e+01 4.836525084395476171e+01 4.011162356765330372e+01
3.063233560239582431e-02 1.417276795933347167e+01 3.417276795933417333e+01 4.668382574497585580e+01 4.887160855662213521e+01 5.715064755484987558e+01 5.903921314372932727e+01 6.732644159200553702e+01 7.877720690282605176e+01 5.872107183654694751e+01 4.481760350274382176e+01 3.507960716792543820e+01 5.471188772388565980e+01 6.790305458274589512e+01 6.790305458278768924e+01 8.815139381709700217e+01 7.297486720463959387e+01 6.069902157443195279e+01 4.058395051208891147e+01 5.914502152631266085e+01 6.745150740647882515e+01 6.937469263109677797e+01 5.656423516305903831e+01 4.347178007016314183e+01 2.344669272115872616e+01 4.353498271099960704e+01 3.689288493762327192e+01 2.451747649054676259e+01 4.455909936906471103e+01 3.370526585315719359e+01 5.359382605298795710e+01 6.427855941422859587e+01 6.790030674559768897e+01 5.309657297698299772e+01 6.381138458531092539e+01 5.573693470314208298e+01 3.794766905605705887e+01
5.666595628964066211e-02 1.005666595628972715e+01 2.419880158002093040e+01 4.419880158002163739e+01 5.063381311182555322e+01 4.501970277481532179e+01 5.168637118205931102e+01 5.997081421802869983e+01 6.997091105586586934e+01 7.294516537262352074e+01 6.017203985326933946e+01 4.048027263885234106e+01 4.243576996710142168e+01 4.804721167243945956e+01 6.199696557052694601e+01 8.216161477763301946e+01 7.486193371309727240e+01 5.483255128389819077e+01 5.067290235262214537e+01 6.897645221707396956e+01 6.783858764890186421e+01 5.934351790512690172e+01 4.871028940190345224e+01 2.851358274168770990e+01 4.353502489256583630e+01 5.193624161223342384e+01 5.154430715633213822e+01 4.444427713126238899e+01 2.585055109348632385e+01 4.589968377944290978e+01 3.955008122454460562e+01 4.751315633638438385e+01 5.062035509719969895e+01 4.038888316049531113e+01 5.330265624166572991e+01 3.555141215681238265e+01 4.982194771497220387e+01
2.110006612196471329e-02 2.002110006612160831e+01 3.834093720410588446e+01 4.477603615030857753e+01 3.063380622171720447e+01 2.501969924285818081e+01 3.168636590952515064e+01 4.168636590963858168e+01 6.168637651779150843e+01 7.431276808320816940e+01 5.431767477480280348e+01 4.782622612739213963e+01 6.217116645831200827e+01 6.790305458303296859e+01 6.050140795646780845e+01 8.063950625929234661e+01 8.312035315024991178e+01 7.486193371309727240e+01 6.227127491894781031e+01 7.553132273816405018e+01 5.934351790512690172e+01 3.904011800446319569e+01 3.429601587761684556e+01 4.013816602517263021e+01 5.715428688719255490e+01 6.626807219040705377e+01 5.176359197944842094e+01 3.172443780052133988e+01 4.589966535950846094e+01 2.724285941457641869e+01 2.832307719994372164e+01 2.940723720239702388e+01 3.049614168079552812e+01 3.159074920413152654e+01 3.321632380360086501e+01 5.338138211329151517e+01 6.406408875327102237e+01
9.367352646185668485e-02 2.009367352646150096e+01 2.505624599775724093e+01 2.942060408825422968e+01 1.649167058863361035e+01 3.649167261605226287e+01 5.168637121371507703e+01 5.997081421802869983e+01 6.997091105586586934e+01 8.275772024281003780e+01 7.431276808320816940e+01 6.177200959025662996e+01 6.177200959025662996e+01 8.193284920277858419e+01 7.466753300537089899e+01 8.911488759846261587e+01 9.186343069159732977e+01 9.034778481478653589e+01 8.217569273272611952e+01 6.711234247037069167e+01 4.691850112658261907e+01 5.934351790512690172e+01 4.375564480859316774e+01 6.056412151223707951e+01 6.907783222638195753e+01 5.802702023263496756e+01 3.804946917827923869e+01 5.176359197944842094e+01 5.555259524423535566e+01 4.718938407643995703e+01 3.067770198988791819e+01 4.947083654184515922e+01 5.062035516064625540e+01 5.173610597754110785e+01 3.330557553581685681e+01 5.371357285395338010e+01 6.434641761293180195e+01
3.648181865326004941e-02 2.536481818653265385e+00 5.056244972048125064e+00 9.420602776768010500e+00 2.096760816062320387e+01 3.510974380949772211e+01 5.510975431748376963e+01 5.757315022529837023e+01 6.582751025216434471e+01 6.546818797340569063e+01 7.373059621184927437e+01 8.193284920277858419e+01 8.193284920277858419e+01 9.041210869914689852e+01 9.505712508303872710e+01 8.598352515151532316e+01 7.177275914692157244e+01 8.598352515151532316e+01 8.759006489284799102e+01 6.711234247037070588e+01 5.393418774539439653e+01 7.355132497990823026e+01 6.040702064692371209e+01 7.437627275513986547e+01 6.497199446740809492e+01 4.535349372882726016e+01 5.802702023194380132e+01 6.626807219040705377e+01 6.551860798783656037e+01 5.343127323901283887e+01 3.339087927411582513e+01 3.886345170863261700e+01 5.874260969051240266e+01 6.210475209947883002e+01 5.371357285395338010e+01 3.520476593900625772e+01 5.597284164881519075e+01
