MOVIE_S10_data/elevation_000681.asc
nrows	100
cellsize	150.0
xllcorner	0
ncols	100
yllcorner	0
NODATA_value	-9999
[rows 34 to 50 of 100, columns 37 to 73 of 100]
4.727146344171244152e+01 6.110922480279869973e+01 8.164685858362589954e+01 8.154883823449884517e+01 6.172621191530253526e+01 4.845304883200620338e+01 6.753495387109178694e+01 7.548590679905072420e+01 7.005355200660989112e+01 8.312109747133615656e+01 8.183066080267666109e+01 8.186183570747959948e+01 1.025852297051533668e+02 1.083666713857286084e+02 8.819855556318708523e+01 7.648232779124211334e+01 8.126234793440144699e+01 8.240928618614266554e+01 6.541793220601050507e+01 8.564370893772260729e+01 8.816665281286270783e+01 6.803055640105480961e+01 8.801478693729941938e+01 8.579739713253164268e+01 8.769741151977828508e+01 7.314910735608482639e+01 5.802136150002139914e+01 3.805357751774902653e+01 3.122052750402672672e+01 4.953844597206298062e+01 4.824703059276594530e+01 3.586356365651205635e+01 4.599765217502609005e+01 4.761514398231076228e+01 2.763791295330649334e+01 4.411475144650586344e+01 5.241525023833965946e+01
5.213139796722806807e+01 6.327735558210585509e+01 8.344155002715122293e+01 8.006340965827308764e+01 6.025441885058045699e+01 6.752707847412894182e+01 5.135669955374203965e+01 5.477066857891658458e+01 5.846889323216955603e+01 6.262627138269746041e+01 6.720817591611323394e+01 8.185554782482809344e+01 1.024739618024536867e+02 1.166308272178331435e+02 1.050234009208231782e+02 9.672260428653670772e+01 1.014707315022120895e+02 9.397427277373532206e+01 7.972491662256715017e+01 8.564370893772303361e+01 9.575922135705839366e+01 7.567049305812531657e+01 9.575921675240471131e+01 9.421672904653662783e+01 7.307042819443674375e+01 5.870045983530688716e+01 4.871140980987308922e+01 5.135484601050133335e+01 4.953844597206298062e+01 2.928426011829195730e+01 2.799032040657255749e+01 2.676459729638807872e+01 2.559948974458961857e+01 4.393793234719416319e+01 4.411421939188452512e+01 2.412011417378402456e+01 4.071056070049188236e+01
5.754421379332117681e+01 7.774880459788033704e+01 9.180033338234501628e+01 8.006356787341060510e+01 8.006348554676092988e+01 7.902579077306164379e+01 7.077062057374101300e+01 5.537315715380718473e+01 7.485323248416959530e+01 8.313676246732298125e+01 8.790160710245757514e+01 7.694158952287351383e+01 9.168527727093874091e+01 1.121382506711648119e+02 1.232987315390921879e+02 1.116140115492443243e+02 1.032694355385412166e+02 1.059026287976007836e+02 9.993293761784194373e+01 1.058099616517352075e+02 1.039387533036536553e+02 8.993518549630755388e+01 1.039387533036536553e+02 9.199724574956260881e+01 8.365511529273067026e+01 7.727623441952235339e+01 6.882791349479111886e+01 7.133544049745856341e+01 5.578766492097832241e+01 3.667542532408599243e+01 4.824699277131104225e+01 4.690694088978880671e+01 3.974173105794513816e+01 2.397275285755311458e+01 4.208856816153286218e+01 4.071060091518008761e+01 2.072107606968912208e+01
7.181497893442508484e+01 7.181497893442508484e+01 9.207432699135173948e+01 1.000772706312058205e+02 9.156351777578554163e+01 7.186513797492804656e+01 6.446404744138092724e+01 5.882167346820315856e+01 7.843392313312305930e+01 9.254640947527957451e+01 1.060636570849744089e+02 9.767581448443678482e+01 9.168527727093874091e+01 1.121382506711648119e+02 1.150067434863459965e+02 9.467712977666597851e+01 8.289866867640854764e+01 8.554606968448220528e+01 9.557000937670153462e+01 1.039395133511092268e+02 1.179158277673086559e+02 1.007206783680554025e+02 8.904343168803224273e+01 8.068657597237724133e+01 6.349333038218899361e+01 6.719308684787318953e+01 6.218379065005305506e+01 6.970164477342784437e+01 6.386354729366604488e+01 5.537450394909855333e+01 6.385240996384527534e+01 6.387886307839507083e+01 5.157722487438982739e+01 4.219764608916887028e+01 2.232472817163980494e+01 3.951296901988875732e+01 1.950298934490809799e+01
9.207432699135173948e+01 9.207432699135173948e+01 1.004220421876194962e+02 1.055393351486666802e+02 8.577454467468869836e+01 9.156350357905373016e+01 8.411822437956901410e+01 6.679118843558200069e+01 6.469664805730315038e+01 8.436367659281286535e+01 9.838797837958186676e+01 1.065894352511744216e+02 1.121382506711648119e+02 1.204420368990102475e+02 1.123767453150274349e+02 9.201218156265575487e+01 8.024668701802845305e+01 7.129739852009137735e+01 7.530385458370064100e+01 9.224905461294260078e+01 1.039395133509284079e+02 9.236918187343550812e+01 7.213710068516962792e+01 6.050636440199217247e+01 5.344512047563670620e+01 4.715630775766397420e+01 4.218614173479444673e+01 4.964264241285135171e+01 5.582522204263802479e+01 4.325789177021037801e+01 4.668963426676934603e+01 4.319482785869371355e+01 4.439687936838789994e+01 4.172399358435581718e+01 2.170119279252758204e+01 2.062995700813640099e+01 3.867027694422657902e+01
9.447235736999259359e+01 1.026411437929310466e+02 1.140319160586989682e+02 1.137288803933324601e+02 1.055393351486666802e+02 1.004272408130842251e+02 8.068438980711670183e+01 8.646638856866377409e+01 7.347258433951211032e+01 7.211378436588529439e+01 7.865017806598092420e+01 8.848641347459837903e+01 1.024844635318452930e+02 1.223042455542393725e+02 1.206793736660884377e+02 1.089760414974628020e+02 9.707879992972372918e+01 8.386933945152374292e+01 6.383496657695589249e+01 7.530385458370064100e+01 9.557000937670152041e+01 9.988727359468346378e+01 8.904343168803224273e+01 8.068657597237724133e+01 7.355149132692136504e+01 6.719308684787318953e+01 5.551778818042724595e+01 3.554058817261345382e+01 4.784464166198852553e+01 2.782808451004428463e+01 2.666336964465684289e+01 2.550688847301496764e+01 2.436285160005813211e+01 2.322761706625171030e+01 4.171116467236566905e+01 2.729974778207673580e+01 4.725185362866010763e+01
7.454342298688067103e+01 8.613033623132139383e+01 1.058677701643243267e+02 1.018630586829117277e+02 1.100111973535817924e+02 1.086235463083956176e+02 1.004272408130842251e+02 8.953466095711071659e+01 9.314876175283343684e+01 8.192891494680564790e+01 9.838797837958186676e+01 1.065894352511744216e+02 1.164903066239335345e+02 1.157291046856839785e+02 1.206364531826458233e+02 1.030666482111585367e+02 8.274865065800523212e+01 6.855766735263604517e+01 5.972344589438174722e+01 7.444791519395450052e+01 7.968255975799571900e+01 7.968255975799571900e+01 9.443439691663381552e+01 9.407349706750791540e+01 7.565883564674591355e+01 6.722863530266737087e+01 5.952648600761096276e+01 4.949434808174240885e+01 2.949159240454469710e+01 4.784464166196245571e+01 4.668963426676210560e+01 3.967424393107679492e+01 4.439808789410717793e+01 2.689089449395381592e+01 4.685124430528382788e+01 4.735115012415833036e+01 3.886535896363144360e+01
8.296638173924063153e+01 9.876568943751537688e+01 9.817560082723210257e+01 8.102002506256805248e+01 9.817560082723210257e+01 1.093497600092443776e+02 1.173440775876259039e+02 1.092296661727864091e+02 1.098831629463365402e+02 1.016861945637482165e+02 1.098831629463365402e+02 1.214245092348751314e+02 1.096027885681012179e+02 9.516638758743225424e+01 1.001783414474071918e+02 1.001783414474071918e+02 9.707879992972372918e+01 8.604405426589552519e+01 6.595895222165903249e+01 5.453922975977133092e+01 5.969509846784341534e+01 6.600585593649213934e+01 8.607618048437915093e+01 7.388686308286831661e+01 6.723398965982568143e+01 4.713343951796170472e+01 5.117225305018734360e+01 3.124989109989595804e+01 4.949068869411542693e+01 4.103833497853047163e+01 6.104618163780539675e+01 5.970077687337055039e+01 5.070677820465355268e+01 3.069081477077909526e+01 5.070373530124121686e+01 6.711110103771025592e+01 5.304731424917372351e+01
7.102589562439602844e+01 8.780500514908474941e+01 7.971206585179960769e+01 6.851196324350328837e+01 8.098568337603236955e+01 1.014554223589565964e+02 1.079424824059384918e+02 9.972244709806406604e+01 1.079424824059384918e+02 1.066707457040858884e+02 1.148929320732472092e+02 1.131031894869504129e+02 9.246732571956435720e+01 8.019097682151104323e+01 8.996511614112540656e+01 7.914997774950589360e+01 9.818820334751879386e+01 9.441476716995408935e+01 8.279772936355703905e+01 6.968882911291957782e+01 4.981889701376047697e+01 6.968882911291957782e+01 7.651486944720114991e+01 5.965984872773851322e+01 6.306404268427512250e+01 5.293446943968528728e+01 3.302550269494095403e+01 4.287094525519464838e+01 5.932831764428004107e+01 5.515893636076963702e+01 6.104618163780770601e+01 6.630147970215259079e+01 4.622659882575950263e+01 3.470490449837878089e+01 4.622779555310498267e+01 6.640214192315184505e+01 7.326741325507667568e+01
7.250428936038399286e+01 7.963467837452886045e+01 5.858385231504284718e+01 7.626503625122644792e+01 7.939965476885197404e+01 9.808837268315171798e+01 9.797179283743349743e+01 7.974111357795678146e+01 9.797179283743412270e+01 8.677270228216472958e+01 1.034128963335868576e+02 1.150293658674909238e+02 9.444636888455755752e+01 7.945524157974053026e+01 6.882113878668903340e+01 6.851827383892327816e+01 8.966415947505734607e+01 8.999176574839142972e+01 8.164256082471375464e+01 6.672679425077107851e+01 4.687300615699883366e+01 6.275185346866501845e+01 6.816986857409928291e+01 4.813828652748546943e+01 5.478980645950741035e+01 3.483245099298268599e+01 4.377489671679441585e+01 5.045663434136303493e+01 6.802573141484647579e+01 7.525859970952164701e+01 8.116419283702549592e+01 7.470179938762974814e+01 5.943253073662062747e+01 3.941639613964695599e+01 5.943253073662062747e+01 7.498136618371579232e+01 7.399688535632249398e+01
6.874959840461308147e+01 7.373896346890126097e+01 5.314407015537656775e+01 6.054144736784972736e+01 7.394235646895415925e+01 9.264437043601006394e+01 8.973178033801040954e+01 6.959561923937690153e+01 8.446393410583004879e+01 7.512980854003241404e+01 8.935943527534810471e+01 1.092409870878898204e+02 1.088944855398704448e+02 9.654342089353913536e+01 7.551172484362238890e+01 6.068990505462573282e+01 7.548455255206654613e+01 7.365417314595140397e+01 6.144421726959501484e+01 6.480159572550518021e+01 4.482317931924877996e+01 4.278831609760324284e+01 6.039892956887033648e+01 5.660408951497986862e+01 3.665341736561267538e+01 5.479200494850518766e+01 6.114296833793353159e+01 6.797788858535592738e+01 7.651868405002484508e+01 9.179647905487396997e+01 9.165859406631194872e+01 7.024400658049945889e+01 5.578863035615285781e+01 4.694142834532235042e+01 5.202994579410845688e+01 7.214427077613670747e+01 6.564350825131846534e+01
5.979741451673296382e+01 6.234919997493807386e+01 4.808866430617051435e+01 6.831584231225052406e+01 7.700132788970370257e+01 8.532392195718057337e+01 8.261257230805613005e+01 6.240667553141334878e+01 6.427762235371798738e+01 7.599347723617687222e+01 9.021321935512429491e+01 1.100893163159766175e+02 1.104568766207382851e+02 9.846393955991858604e+01 8.908635714668162109e+01 7.548455279246063299e+01 5.475560183189499952e+01 5.224388928493097950e+01 4.993377199197478689e+01 4.773953687121613143e+01 6.480159572146240521e+01 6.039912977857914456e+01 4.044592296069259163e+01 3.881327534308838523e+01 5.622268054125712666e+01 4.023438337561680100e+01 6.018864481124589361e+01 7.093741530394470374e+01 6.353130493065736317e+01 7.513343936100490339e+01 9.500469815830564357e+01 8.133121808046888646e+01 6.109554943098323321e+01 6.109554943098323321e+01 6.622476841629946875e+01 8.051982199418540631e+01 7.399688535632249398e+01
3.958661702487747647e+01 4.212244291313206901e+01 6.088220268379154021e+01 6.265378445102197702e+01 5.677719461189419548e+01 6.762302885797538465e+01 7.108771055863755350e+01 5.600561936506232996e+01 6.316563251240653898e+01 7.225582555040695354e+01 8.392854165652855158e+01 1.038563019699826810e+02 1.020490748717260914e+02 8.108028708312828314e+01 6.880940648753643529e+01 5.954553482853793867e+01 7.463665617464998547e+01 5.880995852704979399e+01 5.978533375439452868e+01 6.775231952198784313e+01 5.710904192144305824e+01 6.873344695792800962e+01 6.039913011331651660e+01 5.876505885266598028e+01 4.509188023632959386e+01 6.018864481124589361e+01 4.389077029699996757e+01 5.089631565686426029e+01 7.093741530394470374e+01 8.797192508854769244e+01 1.030588825723155253e+02 8.977036939010973526e+01 8.133121808046888646e+01 8.133121808046888646e+01 8.643521365575560367e+01 8.735876160428391302e+01 6.718953543786328453e+01
3.639776711198337722e+01 3.851676220546386276e+01 4.066485635423509137e+01 4.285237025116237675e+01 4.510494514811220057e+01 4.742593573442987065e+01 5.088531834051809000e+01 7.108771055863755350e+01 8.336416709763415156e+01 9.162668752599252286e+01 1.005852326464131892e+02 1.120766495900764141e+02 1.010849144719835948e+02 8.009432469282879197e+01 6.511291109482731088e+01 8.049157775247019231e+01 7.054818725191471174e+01 6.956922452538933044e+01 7.096347683476957968e+01 8.447801944886394665e+01 6.420413843382448249e+01 8.453130901663008956e+01 7.176782669359246825e+01 5.170104043706098196e+01 6.507885667146491926e+01 7.220130891983399124e+01 5.797149735980273988e+01 4.797523982586044866e+01 5.947601141093792165e+01 7.963206679808583033e+01 9.297014415044226610e+01 1.030597431639556731e+02 9.785789790664728116e+01 8.774826965003029500e+01 7.938099512876156894e+01 8.206221123028822717e+01 6.718953543786328453e+01
4.014012618498569651e+01 5.873899624404976549e+01 6.088219654822985660e+01 5.452860368540972758e+01 6.530476514403974875e+01 6.762302885382889883e+01 5.199281760466616475e+01 7.219422394399599341e+01 8.256148233477733811e+01 9.081152829360634371e+01 9.976383321828771500e+01 1.112368690566581080e+02 1.053512645678857211e+02 8.445052629246620768e+01 6.936020134363992895e+01 9.057214943789171002e+01 7.942814851409870869e+01 8.215172857952016727e+01 8.446177014749696355e+01 9.287729908059552031e+01 7.594879327553593384e+01 9.287729908059552031e+01 7.680090780076326951e+01 5.666858547224163800e+01 7.680090296713866849e+01 8.643425763266037620e+01 7.143679053258526324e+01 5.136765440477459066e+01 5.734745255152711962e+01 6.442576471236486668e+01 7.452204763632219908e+01 9.474955489208085169e+01 8.949843913299187648e+01 6.926355112453121876e+01 5.920757417758995445e+01 6.190901000823769351e+01 6.190905865289173704e+01
6.035524884932075906e+01 4.598156383517109447e+01 6.618754456719581469e+01 7.471436811752887763e+01 8.292764551337110390e+01 7.759580569868876410e+01 5.738488480906060829e+01 5.794448081022693486e+01 6.236182039943183497e+01 7.145415939767721625e+01 8.313378545198608549e+01 1.030408368177228766e+02 1.099923557961895995e+02 8.923676826027907794e+01 7.410134221232975449e+01 9.531593747838186914e+01 8.970511253521318906e+01 1.005564170934004267e+02 1.039695547879727542e+02 1.045562405076353087e+02 9.625524354734463373e+01 9.697675204278857564e+01 7.680090701339089776e+01 6.269549845974086111e+01 8.288967890977099273e+01 8.929078572466357855e+01 6.907278948760848891e+01 5.486855265048097152e+01 7.499461587030845067e+01 8.463580126420148986e+01 9.297014415044226610e+01 1.030597431639556731e+02 9.785789790664728116e+01 8.600334781691047681e+01 6.859784805469708147e+01 4.853130484182939597e+01 4.189645520964121772e+01
7.049606580182043558e+01 5.029247419865068736e+01 7.049606580979553883e+01 8.548020416740767757e+01 9.369425889998609591e+01 8.342494471467963990e+01 6.323253221855920714e+01 7.815355472378332991e+01 8.256148233480000442e+01 7.066343545281556260e+01 8.235148536187507773e+01 1.022697166890199014e+02 1.151337550555367244e+02 9.456815838284869358e+01 7.948870994765198361e+01 9.456815838271649000e+01 1.085659551296824787e+02 1.166887520122302675e+02 1.197483811975173325e+02 1.113081611397845450e+02 1.099075360923257136e+02 8.977106326980943152e+01 7.546318422864763420e+01 7.434763062806054279e+01 9.122816612328499275e+01 8.324830790904475464e+01 6.303096153690600545e+01 6.907279063974534949e+01 6.242024797466374508e+01 7.671211478650445770e+01 9.693451579673053686e+01 9.925472539688034601e+01 8.913912681295555274e+01 7.763584790101447197e+01 5.748060378115086877e+01 4.596143959741724672e+01 4.189645520964121772e+01
