MOVIE_S10_data/elevation_000750.asc
nrows	100
cellsize	150.0
xllcorner	0
ncols	100
yllcorner	0
NODATA_value	-9999
[rows 0 to 16 of 100, columns 0 to 36 of 100]
8.271705653423140625e-02 2.008271705653387684e+01 3.510496313658010337e+01 4.628261432724313806e+01 6.022978784005004371e+01 5.436898543901742187e+01 5.655843005731507844e+01 6.484705592212046099e+01 6.057534541724718480e+01 5.227992337851497240e+01 4.499031655554278331e+01 5.030582032893570243e+01 5.221475062164319780e+01 5.540334547231478979e+01 4.171468854547714500e+01 4.518355454112413128e+01 6.452535688936062286e+01 7.494417882375250883e+01 7.980730468645595010e+01 8.517812041763164643e+01 9.124129989568282895e+01 9.834907345647705768e+01 1.066634771908608741e+02 1.182543856466714374e+02 1.153357925424095782e+02 1.070926326383456484e+02 1.070926326383456484e+02 1.029720571788730581e+02 1.112147619656006299e+02 1.201147430913534748e+02 1.315997181213568297e+02 1.361384269362143300e+02 1.279076178099659700e+02 1.304865370134439786e+02 1.387170318629574126e+02 1.320987768005219891e+02 1.236540480034353777e+02
7.813061968023242432e-02 7.637422564383554047e+00 1.764044203431349445e+01 3.784009693364652094e+01 4.001315947500230408e+01 3.406678166163947452e+01 3.629468849711624756e+01 4.820920891459799407e+01 4.900963846276744817e+01 3.224517494575029275e+01 2.493167310030836248e+01 3.802005388284717213e+01 3.387075080028569829e+01 3.697113765802101426e+01 4.971027132016616434e+01 6.452535688935705593e+01 5.072310534247561975e+01 5.499439259060228125e+01 5.975612308385663596e+01 6.508236806407636266e+01 7.113200853040419247e+01 7.824525392057300621e+01 8.986257427462457770e+01 1.099418469280831658e+02 1.070926326383456484e+02 8.717980072874384234e+01 8.717980072874384234e+01 8.305221114600371379e+01 9.197053160146501227e+01 1.034673895892426287e+02 1.233540430828781922e+02 1.246403518548792277e+02 1.079740099627331062e+02 1.105636718468010997e+02 1.304865370134439786e+02 1.236540480034353777e+02 1.038329029158133068e+02
2.526786264046545702e-02 2.002526786264010994e+01 3.596775509184286790e+01 4.631409563499529014e+01 3.979602627955198813e+01 1.821874296878795363e+01 3.834315700343428546e+01 2.808779180220006566e+01 3.667914210323301205e+01 2.054814034731521488e+01 4.071285963034900846e+01 2.937520055889954662e+01 3.740831344970427352e+01 4.772646054351304201e+01 6.317806801693713936e+01 7.742937700126516631e+01 7.048327100836115733e+01 7.494417882375250883e+01 7.980730468645595010e+01 8.517812041763164643e+01 9.124129989568282895e+01 9.834907345647705768e+01 1.066634771908608741e+02 1.125320885978771628e+02 1.070926326383456484e+02 8.717980072874384234e+01 7.306214873206265281e+01 9.301213416243842858e+01 9.794371930900173595e+01 1.178472061207034045e+02 1.300105859887096926e+02 1.100740110195445425e+02 9.639774983450685397e+01 1.163989439534455528e+02 1.294513117714915325e+02 1.153778775877840843e+02 9.538139488383500009e+01
4.163169627051844027e-03 1.414224807619950930e+01 3.398840317893400709e+01 3.480073080552811859e+01 2.643269247787126730e+01 9.858030937972364072e+00 1.122368806033451705e+01 1.358516761251371996e+01 1.631538870630490479e+01 2.819316127835380925e+01 4.827120748604561129e+01 5.315653914038331607e+01 6.229449480360931091e+01 6.568528422395084476e+01 7.386667209921381527e+01 8.176246900699756281e+01 8.437582294131557603e+01 8.211280578210462977e+01 7.385983968264091004e+01 8.211286740638892923e+01 9.100342790148721406e+01 1.025075892847269614e+02 1.067027448568665164e+02 9.263435551486135466e+01 1.067027448568665164e+02 8.830987750164129579e+01 6.833671258972188411e+01 7.800334024689337298e+01 9.794371930900173595e+01 1.135623154577035336e+02 1.241863738691419883e+02 1.042284789301111374e+02 9.005210520049483591e+01 1.012394616056354835e+02 1.212113813624259393e+02 1.200836709572136272e+02 1.000976856831416342e+02
5.883922493566802470e-02 2.005666268414632825e+01 2.286837879110441207e+01 2.430955203409605048e+01 6.398514696635531074e+00 8.072297980047382637e+00 1.366211719709292005e+01 3.076330038557863134e+01 3.667044416469985180e+01 4.496414751992100634e+01 5.656489690020315919e+01 5.819908822573237472e+01 5.809325493139359509e+01 6.633960747976124139e+01 6.189462259235098429e+01 6.200668263776082512e+01 6.450561735575725208e+01 6.450561325008325753e+01 5.401654166819893987e+01 6.288872343449794755e+01 7.432826397716888778e+01 9.422032665459850875e+01 9.846226660463679536e+01 7.852699170775549931e+01 8.695263027655317956e+01 8.384374205475464237e+01 6.384178919577649225e+01 7.386796962184429560e+01 8.540134232670885694e+01 1.053189515129621583e+02 1.203337476770528554e+02 1.049043771664436520e+02 8.488375365606594869e+01 1.049043771664436520e+02 1.172715783431322052e+02 1.166082868968335617e+02 1.082894033487712875e+02
1.256007409845548775e-02 1.437087179781829427e+00 2.865964673649623595e+00 4.306292196449430953e+00 2.422839082939230693e+01 2.793151431361777171e+01 1.086916068095721322e+01 3.068754820107890424e+01 3.301406881914385849e+01 5.145135073595708519e+01 5.235856495375954012e+01 3.826102755502977715e+01 3.818405005771430893e+01 4.931247463279295573e+01 4.215949151578650600e+01 5.507260843725967447e+01 5.864658832553413959e+01 4.463668322391544052e+01 5.093612931552772238e+01 7.078116869715032067e+01 8.896620520729936743e+01 9.892053163676462191e+01 9.982789685390217471e+01 7.988612039485727223e+01 6.696552204987744972e+01 8.019190179641556426e+01 6.015914746088934351e+01 7.434684348839728329e+01 9.430312083649496913e+01 1.122767563612547974e+02 1.120847116594611350e+02 9.208092308779950486e+01 8.052911480829922652e+01 8.901939612053132578e+01 1.031454872318316802e+02 1.082894033487712875e+02 8.807743266112339597e+01
9.594114293757748102e-02 2.009594114293722100e+01 2.286858243419445103e+01 2.430955192320151070e+01 1.585493482238213936e+01 3.584190029832522839e+01 3.067614723495880824e+01 1.358875692004915869e+01 3.300302996668100519e+01 3.842640838630903488e+01 4.067030166898408083e+01 2.412508771828757403e+01 2.664439649066586213e+01 2.936667686493627372e+01 3.216933700501407856e+01 3.515365502049803581e+01 3.874751047012811256e+01 4.689335317994112273e+01 6.675512114138200559e+01 6.086044143643371740e+01 7.076544475509147958e+01 9.063834716064238251e+01 9.399767715304520266e+01 7.404060524453606718e+01 5.984468035818239429e+01 7.202593457136920563e+01 5.668701775458418979e+01 7.675631277136550068e+01 8.410425605425830042e+01 1.040313585342688327e+02 1.074694570172662509e+02 9.798928854636507424e+01 8.971982825040932141e+01 7.490378046334397766e+01 9.487685333053433112e+01 1.082894033487712875e+02 8.807743266112339597e+01
7.711341127313005306e-02 2.007711341127277649e+01 3.828656847633033067e+01 4.409398292071095682e+01 3.584559481415070792e+01 3.584543153036679541e+01 3.348993628612229401e+01 3.333283183798094740e+01 1.643823683288359661e+01 1.852262578778732305e+01 2.067092080909075236e+01 4.067030166899839827e+01 3.549602081329254588e+01 4.931247463279295573e+01 5.210326617855743336e+01 4.925308433681610865e+01 4.408555074674347196e+01 6.396132482706502032e+01 6.093973804090905588e+01 8.070189595786699499e+01 8.896620520730088799e+01 9.892053163676462191e+01 9.756499481357488435e+01 7.773013600970485015e+01 6.356436926287647537e+01 5.189361087070621892e+01 5.955739826295647532e+01 6.777601182404445979e+01 8.192325169714258948e+01 1.018543918513955759e+02 9.335451400056912519e+01 7.923957098387185738e+01 6.979709852770552914e+01 8.127073858550558327e+01 1.012614855338182736e+02 1.082894033487712875e+02 8.807743266112339597e+01
2.297228869525369793e-03 1.000229722886943762e+01 2.414443285260013639e+01 4.414443285259942229e+01 5.003747344574937728e+01 5.579128484385997666e+01 5.345965735824965748e+01 4.491347294477213836e+01 3.141725371574898062e+01 3.266299505706039952e+01 4.067030166900523369e+01 2.801957079320611399e+01 4.835536166794913981e+01 4.860525381699755343e+01 6.633570911311039708e+01 6.912218244709438864e+01 5.112839530511120500e+01 7.097988703732077909e+01 7.496622832782581725e+01 8.905949793613964971e+01 8.829787932136724748e+01 9.653058631872826822e+01 9.677800923711750158e+01 8.357741322784399074e+01 6.358099076707924269e+01 4.926954880487819821e+01 6.944775556094440105e+01 8.248701479005347892e+01 8.248701479005347892e+01 1.024260052829125556e+02 8.508788755575450580e+01 6.522537145137913228e+01 8.508788755575450580e+01 9.798873909742718524e+01 1.095228971748230293e+02 1.035975242481427188e+02 1.023428597789770009e+02
9.647730019007895452e-02 2.009647730018972211e+01 2.761507602725297872e+01 3.166157693229176928e+01 3.015084860118915344e+01 4.074939101022247456e+01 4.598253475767560161e+01 5.184484366164256386e+01 5.280459811640451306e+01 4.405811951012987038e+01 5.432872554114555896e+01 3.364572658446870435e+01 5.432872554114431551e+01 6.379812246026774147e+01 7.400538018443347710e+01 7.922973976504643190e+01 6.105536175523840114e+01 7.922973976504643190e+01 9.486586816491498553e+01 8.500485169735524948e+01 6.829841758563404142e+01 8.500485169735524948e+01 8.852921836675372447e+01 6.853803896839630738e+01 5.690260852324408347e+01 4.671575842232414999e+01 6.694495704146955006e+01 6.245235973648158989e+01 7.664267893590641734e+01 9.659648967219870030e+01 8.205888217969305742e+01 6.223220832040374262e+01 7.792472352309486894e+01 8.617972752148033067e+01 9.499167360393875015e+01 8.287199058795880546e+01 9.740773696345274857e+01
3.582433992925927735e-02 3.811756221623491037e+00 7.648978436930882197e+00 1.172030989554377634e+01 1.607288595909828643e+01 2.090239548549664050e+01 2.620495652811853304e+01 3.215469857817321042e+01 4.013920995928212676e+01 4.560214230714800721e+01 6.274862258475365451e+01 4.539574394973977434e+01 4.589061391463455664e+01 5.906263083303185368e+01 8.094564790516947994e+01 8.916963715763793630e+01 8.090441231940322098e+01 8.916963715763793630e+01 8.856500014097967721e+01 6.854778838461176349e+01 5.665598751884871120e+01 7.603972210083153982e+01 8.431554037626960962e+01 8.222347345046608780e+01 6.454419285335337975e+01 4.426791300005128704e+01 5.075792467986754986e+01 6.245235973648158989e+01 7.664267893590641734e+01 9.659648967219838767e+01 9.031375005595256766e+01 7.792309957016344413e+01 5.812063803141065677e+01 7.093418833421144143e+01 7.230413935631203515e+01 6.829194855367609307e+01 8.894235885331667646e+01
1.813270376062421294e-02 2.001813270376026921e+01 2.761507602725297872e+01 3.166157693229176928e+01 3.597550616324773642e+01 4.074939101022247456e+01 4.598253475767560161e+01 5.184484366164256386e+01 5.184484366164256386e+01 5.431587457464964785e+01 7.314275713619262831e+01 5.991160870784017334e+01 6.851490860312654263e+01 7.802955519282086527e+01 9.047624289794418928e+01 9.161250692585637978e+01 8.335924060080986919e+01 8.440528065799142610e+01 8.189755264510132804e+01 6.181881367575237363e+01 4.835905384403420726e+01 5.592644837781590894e+01 7.603416982364421983e+01 7.394681613707831502e+01 5.380764854208988623e+01 4.201205331982956892e+01 6.231836537114927665e+01 6.577389090015898887e+01 7.249110846406335895e+01 8.076272596104587365e+01 9.076727264608841494e+01 8.617663284501806231e+01 6.818012988338767855e+01 5.416969290632548706e+01 5.646415510116026581e+01 7.588189262054372364e+01 7.947259957617634996e+01
2.372884694381488524e-02 2.002372884694345956e+01 2.699327702527758532e+01 3.064476074197865785e+01 3.892903198943990617e+01 4.787330389943890907e+01 5.113603803576962292e+01 7.113603803576820894e+01 7.160836276972453618e+01 7.376626953280486987e+01 8.197147976611032050e+01 8.003389338448468493e+01 8.753237154695713684e+01 8.753237154695713684e+01 9.579004229523592073e+01 8.005392697986631845e+01 6.329988390701436884e+01 6.435211167546300715e+01 7.850466512069962732e+01 6.181906989902822147e+01 4.155697046975640063e+01 6.181906989901006710e+01 6.709800474910997536e+01 7.436614620963044331e+01 5.425365350190711666e+01 3.983709873960657433e+01 5.714071923066058645e+01 4.553010346278037446e+01 5.233949940642463616e+01 6.247013714525177619e+01 8.251218533396358623e+01 9.631645020743083307e+01 7.777007701203835666e+01 5.783338109229317325e+01 5.031400329522624304e+01 6.688976487627256517e+01 5.957739103891187682e+01
8.175220331382776484e-02 3.511723906163997544e+00 6.993277025277939707e+00 1.064476074197901490e+01 1.958903265197801602e+01 3.113603803577032636e+01 4.769783413274562633e+01 5.436450079941252511e+01 6.264877204687472556e+01 7.264877204687607559e+01 8.873240406139014169e+01 8.047089132978679515e+01 6.755948935985395565e+01 6.755948935985395565e+01 8.753237154695713684e+01 7.177796561387627605e+01 5.161709715669478982e+01 5.005061667988594110e+01 6.844463981834479682e+01 5.704304484742976200e+01 3.675025920524539913e+01 5.062566145112580074e+01 4.691760830815093186e+01 6.710390206128722923e+01 6.268254355628497621e+01 5.435862675133704158e+01 3.683009705399855704e+01 5.714193220275585361e+01 7.249110846406335895e+01 8.076272596104587365e+01 9.076824540938915220e+01 9.910639796164169013e+01 7.777007701203835666e+01 7.697695189790739789e+01 6.688976487627256517e+01 4.686743265043720186e+01 6.688976479819902465e+01
9.124702163186203252e-02 2.009124702163150644e+01 2.699327702527758532e+01 3.064476074197937194e+01 1.681689474046279997e+01 2.166760724118954329e+01 2.769783413274492290e+01 3.436450079941182167e+01 4.436450079941216984e+01 6.436450079941359093e+01 8.047089132978679515e+01 6.046169223487744659e+01 5.336389510990105833e+01 7.340941111261642504e+01 8.557322978764493371e+01 7.177796561387627605e+01 5.161709715669478982e+01 3.987006538771241537e+01 5.273724923414577148e+01 6.101226427970465949e+01 5.061699484950755590e+01 3.030782747588639126e+01 4.831156800397212692e+01 5.000471830705615872e+01 5.172605179962204147e+01 3.403706797462741207e+01 3.826255113952035458e+01 5.935640129950125754e+01 7.687938759850993620e+01 8.512121373577274142e+01 9.665541416814718900e+01 1.005021890955662087e+02 8.057707879729821343e+01 8.057707879729821343e+01 6.463707701723249954e+01 4.456961037699718986e+01 6.166207842782982596e+01
2.239863785106879432e-02 1.416453426158214413e+01 3.416453426158285112e+01 4.510116598792570386e+01 3.095903036419400323e+01 3.580974286492099168e+01 3.799753885974464396e+01 5.436450079941252511e+01 6.264877204687472556e+01 7.264877204687607559e+01 8.079858761471001571e+01 6.632225096366471462e+01 4.624743014985706679e+01 5.728233477203679769e+01 7.730754557376550906e+01 8.005392697986631845e+01 6.702487503674677782e+01 4.681912085259657630e+01 3.242263029026761956e+01 4.646632519927453586e+01 4.432376694331833988e+01 2.628981979765489996e+01 2.798425565004647453e+01 2.969140200355720793e+01 3.140660743309366509e+01 3.700043553388147899e+01 5.702294084707985888e+01 4.795763710978164340e+01 5.606922673746108643e+01 6.840250851784051633e+01 8.845901976751342488e+01 9.466048936528848401e+01 7.474353913556811335e+01 6.069900456118023868e+01 5.362118822745930657e+01 6.166207835229239009e+01 4.154681507215578051e+01
1.766589122093755945e-02 2.001766589122058093e+01 3.833646152625293979e+01 5.247856274390615283e+01 5.095903036419471022e+01 5.580974286492169512e+01 5.799753885974534739e+01 6.628181010720854260e+01 7.147736175806780068e+01 7.979908867281497464e+01 7.253050507973111394e+01 5.248465722002770661e+01 4.087972164099729611e+01 5.508920615669773468e+01 7.512320793000837682e+01 6.975451114564346256e+01 6.154772138533903103e+01 6.106671320576261763e+01 4.646712536887374512e+01 2.610366600100244838e+01 2.407617790304557204e+01 4.446517031750036608e+01 4.238434504899538524e+01 5.000475091811858874e+01 3.823928291082955866e+01 5.633076480295238753e+01 4.572105811268916398e+01 6.584701752623503523e+01 7.687938759850993620e+01 8.512121373577274142e+01 9.115165611084114516e+01 8.897042873425304776e+01 8.883078666418376201e+01 8.057707879729821343e+01 7.354911825264134961e+01 6.991907361633228390e+01 6.166207842709946618e+01
