MOVIE_S10_data/elevation_000540.asc
nrows	100
cellsize	150.0
xllcorner	0
ncols	100
yllcorner	0
NODATA_value	-9999
[rows 0 to 16 of 100, columns 37 to 73 of 100]
1.135117121779646681e+02 1.078720259236657313e+02 1.020433817108405634e+02 1.078720259236657313e+02 1.010009786443755075e+02 1.092478924504334401e+02 1.064690969805746334e+02 9.825179898348669383e+01 1.008157917000407195e+02 1.090390398155984286e+02 1.176194014360037698e+02 1.093765335370245566e+02 1.176194014360037698e+02 1.109167448945041912e+02 1.026903698117422152e+02 9.648480279659833059e+01 1.046969039727755870e+02 1.182248726561403487e+02 1.264839937754013164e+02 1.283327588548150970e+02 1.366032232147547631e+02 1.318262426198967887e+02 1.217867155862356441e+02 1.134875691578032502e+02 1.067649248642505597e+02 1.006777330145627047e+02 9.578137295451340094e+01 9.148100917865207293e+01 8.745226314251063116e+01 8.378037811166348092e+01 8.028500015653938249e+01 7.255519913666195464e+01 5.255799727709364788e+01 6.819145165720462387e+01 7.650871114930895089e+01 8.656044573746734727e+01 8.590531645454252896e+01
1.052585174895489928e+02 8.804575634960031039e+01 8.224775008395683074e+01 8.804575634960031039e+01 8.121149516453809269e+01 9.780208118770099190e+01 9.510548374984436748e+01 7.863404293094551178e+01 8.117192768409005055e+01 1.008157917000407195e+02 1.077287997976028464e+02 8.964455548189174294e+01 1.077287997976028464e+02 9.953589047617123242e+01 8.303751300642916533e+01 7.690872706866673525e+01 9.648480279659833059e+01 9.840457708996437702e+01 1.142525536934793138e+02 1.084203417546584518e+02 1.283327588548150970e+02 1.235449662773398387e+02 1.034301720382668321e+02 9.331963627714499410e+01 8.657599347192662265e+01 8.048952330592356930e+01 7.561087892723968196e+01 7.133727899794506300e+01 6.734052054290496869e+01 6.370096047513509774e+01 6.023610726638107593e+01 5.700891482664129484e+01 6.819145193711295860e+01 4.820536925187720811e+01 5.820005372618864214e+01 7.238024973182800181e+01 6.582298107916840024e+01
1.052585174895489928e+02 8.804575634960031039e+01 6.850870393604117226e+01 7.827723014282061342e+01 7.000631156689503598e+01 8.957551503016772187e+01 8.692548224565562975e+01 6.740325889406641124e+01 8.692548224565562975e+01 8.837014975708625286e+01 8.998664800364340977e+01 7.989322313667466346e+01 8.902465904040953149e+01 8.667687479548554563e+01 7.182041394378147459e+01 9.134387452297943355e+01 8.239517989037173606e+01 8.826283626275164806e+01 9.444695742626394974e+01 1.058407794463411307e+02 1.257432510059696540e+02 1.318262426198967887e+02 1.217867155862356441e+02 1.134875691578032502e+02 9.698118102954596509e+01 1.006777330145627047e+02 8.725414247005716106e+01 9.148100917865207293e+01 7.893023049266551538e+01 8.378037811166348092e+01 7.177848021227664788e+01 7.703264025980440977e+01 7.650871736349040475e+01 6.406863787490553364e+01 4.407911414795647431e+01 6.014836973832326805e+01 5.169027501798892388e+01
1.059121905281293579e+02 9.214556589739869708e+01 7.253277738573069655e+01 5.904116179300631018e+01 7.827723014028157422e+01 8.054339431195454324e+01 7.338595103714325774e+01 6.152699597979982116e+01 8.103931043377045285e+01 6.863245374473987681e+01 7.044058293165937812e+01 8.430623344689122689e+01 6.951362196360031476e+01 6.718403765469118127e+01 7.451391460642807374e+01 9.406739613809926936e+01 1.020416690933807473e+02 9.159379039708078096e+01 1.113591480424676945e+02 1.225117824847066430e+02 1.340130732812563679e+02 1.324701205911129875e+02 1.242503759603778946e+02 1.254192755605531175e+02 1.171255031555597270e+02 1.157404033229439619e+02 1.074297864202055592e+02 1.074166517875760576e+02 9.909357623407962024e+01 1.002341846442639763e+02 9.190512249820540092e+01 8.942974606757201173e+01 8.111440140703649604e+01 7.181419291627214818e+01 6.014836973832326805e+01 4.015048906909194670e+01 5.765305748402930419e+01
9.766277089694804658e+01 8.764608362698589872e+01 6.815551927612720817e+01 5.464663314434881869e+01 6.964097529808577747e+01 6.098721888806407776e+01 5.383966622715033168e+01 7.006353014089843612e+01 7.180562159241974030e+01 5.482333900101232871e+01 5.665897891032398803e+01 7.616532677204631341e+01 6.303755134165691487e+01 8.252098795326493530e+01 9.406739613809926936e+01 8.829382521746431678e+01 1.080060293580192337e+02 1.055344739858662564e+02 1.040524544309386812e+02 1.180903451431807980e+02 1.380357140496946897e+02 1.242503759603778946e+02 1.044794127076962127e+02 1.102701937738165441e+02 1.152052946182591739e+02 1.069849414277101829e+02 1.058154598476670145e+02 1.023061816609183694e+02 9.641526593416745072e+01 1.047154659345374199e+02 9.527468016996151334e+01 8.111439515895204977e+01 6.111388420864869175e+01 6.351237348742620270e+01 4.353705389463070929e+01 5.768228824899996710e+01 3.767694905549797113e+01
9.556559814862174562e+01 8.582980731668929764e+01 7.449945556988102169e+01 6.246248029686564962e+01 4.873217091576591997e+01 4.705008828940956533e+01 4.871577866948403823e+01 5.047791566895490689e+01 5.225058808041762859e+01 7.163387842748309708e+01 7.614048278354005106e+01 5.931477427654355239e+01 7.880564318486968034e+01 8.567418668443416152e+01 9.384529152453768575e+01 1.080060293580192337e+02 1.162461566163087241e+02 1.254211551463175311e+02 1.239322084426313921e+02 1.321992263738160602e+02 1.338820002960238185e+02 1.224522628658882866e+02 1.102701937738165441e+02 9.053504498045623450e+01 9.972131302213662707e+01 8.718195415661655545e+01 8.595767920513075921e+01 8.241137462209265152e+01 7.648749035094996884e+01 9.316213731800628750e+01 8.701285884133818627e+01 6.704967957491201958e+01 6.697162510300161387e+01 4.702179761869289365e+01 6.351207967722250913e+01 6.370312701791186072e+01 4.456692167446728803e+01
8.745569085382298624e+01 6.802862327872843196e+01 5.816415933130592464e+01 5.108452015291649673e+01 4.470837574051545715e+01 6.444176806327288887e+01 6.833911495856492024e+01 7.006353010244041002e+01 6.608254501342162257e+01 6.820739256223670566e+01 8.673708007512477991e+01 7.880448091320643300e+01 6.321860035378730203e+01 6.618662967083133708e+01 8.567418668443416152e+01 9.833896524043851173e+01 1.122872638169476005e+02 1.183162057789638766e+02 1.183162057789638766e+02 1.265783712658588769e+02 1.256592479356380494e+02 1.058849756982017567e+02 9.450823979001822295e+01 8.568629709983778753e+01 7.997621271915338070e+01 7.575411743299123657e+01 7.194189052816406615e+01 6.838354204848010909e+01 6.503392263352658631e+01 8.048721637031576392e+01 7.753818124623252572e+01 7.071985412666074922e+01 5.079468511091629068e+01 5.852422166588342378e+01 7.526618244769174737e+01 6.397589096802418851e+01 6.397588623013656672e+01
9.556559814862174562e+01 8.582980731668929764e+01 7.773456979512451426e+01 6.299475252381193968e+01 4.322115026747643896e+01 6.097019054530409221e+01 6.097076361953103429e+01 8.058899352799684834e+01 8.562235115626461379e+01 8.766339087856896128e+01 9.568997030409832405e+01 9.085483196278653395e+01 7.190397820049781785e+01 8.567418668443416152e+01 7.063810006146290732e+01 8.439066666392952243e+01 9.965710343573734065e+01 9.848618933398324771e+01 9.848618933398324771e+01 1.183162057789638766e+02 1.319069757309643478e+02 1.121072452137667170e+02 9.815906415029839138e+01 1.054171073173382354e+02 9.781305181560601625e+01 9.532564892194299944e+01 9.177388092961066945e+01 8.823842869335558703e+01 8.048721261696653073e+01 6.060104332187602694e+01 5.764301505591051722e+01 5.477534988343563072e+01 7.071985413219189809e+01 7.851099279408015263e+01 8.681949585080782583e+01 8.539763251193629401e+01 7.578597559447445065e+01
8.685048592918066390e+01 9.285840224313032820e+01 7.325036336577677787e+01 5.939885025796386486e+01 6.097098932408022876e+01 4.114637623142975542e+01 6.097098376449461909e+01 6.956346057088124724e+01 7.521083104510424278e+01 8.212199319052488988e+01 9.035426478706287412e+01 9.949270378321521946e+01 8.313127928143038048e+01 9.712417838481552224e+01 7.839411048221921874e+01 7.581632862765417258e+01 8.004516922254023825e+01 8.462044922812332004e+01 1.042942666796773210e+02 1.218823258712631343e+02 1.333804524833498704e+02 1.261201764333761588e+02 1.179064520165877497e+02 1.161171738529897084e+02 1.085757183462077222e+02 1.003167715755240863e+02 9.858353820357341135e+01 9.006198238528169497e+01 8.875630183870255507e+01 8.048721637031576392e+01 7.753818124757017927e+01 7.468060567663289362e+01 8.053762868651273266e+01 7.181278251200964746e+01 6.730512310437906365e+01 6.930655291847341459e+01 6.746387645262940680e+01
7.859816622365370620e+01 8.793436764927739091e+01 7.837967016929211184e+01 7.022656363122730738e+01 5.955762010019287800e+01 3.970553474783262260e+01 4.475549772132720250e+01 4.993090864377574434e+01 5.565130445246616375e+01 6.258573653126845215e+01 7.383577635706606657e+01 9.346749254125101913e+01 9.699068667641212471e+01 1.055844093395810006e+02 8.900353421727838565e+01 8.373868281275056802e+01 9.965710343573734065e+01 1.042942666796773210e+02 9.383218915723679743e+01 1.052159092858209704e+02 1.251106313823031400e+02 1.145143984121099692e+02 1.059135347098145274e+02 9.320261707466366374e+01 9.234456502239966369e+01 7.811731727697745953e+01 8.226042102923832999e+01 6.949959238267361172e+01 7.448688317587328811e+01 7.090941357255101707e+01 6.781865026415886177e+01 6.496938995376532944e+01 6.218260381614913967e+01 5.143790935873123971e+01 4.726374951648701739e+01 4.875267260742343467e+01 5.188578439984102175e+01
7.185095532142509001e+01 6.823147426860835196e+01 7.022795752658143442e+01 5.053868901082579868e+01 5.630534862975162014e+01 3.833056040937805875e+01 5.820458178398333615e+01 6.956346385620068418e+01 6.947784232864756859e+01 8.212201353503203904e+01 9.036262173342744575e+01 1.018627826790392703e+02 1.168638382164883183e+02 1.170235210717311958e+02 1.085268437659887582e+02 1.033795414824958812e+02 9.757752510739392449e+01 1.173868481043777479e+02 1.052159092858209704e+02 1.218823258712631343e+02 1.180071331460073338e+02 9.706040620818593823e+01 8.487433162781701412e+01 7.747224311924010465e+01 7.150583798641754640e+01 6.603946307314855346e+01 6.171066536564489269e+01 5.773945139995944942e+01 5.409365942820873840e+01 5.052411446839727205e+01 4.737009947388575881e+01 4.439406945685883699e+01 4.143024247550173556e+01 3.850149488826253474e+01 3.569644357794031464e+01 3.313826032925840082e+01 3.070901335410615118e+01
5.210369030817248159e+01 5.426437590438975178e+01 6.261117544738788609e+01 5.445408475854770813e+01 3.640968886603256038e+01 5.607107870715942965e+01 5.818701837523411768e+01 7.776452619243866593e+01 8.907146435710563992e+01 9.331277678208365955e+01 1.012820533887252026e+02 1.097105958902062781e+02 1.214435698192497881e+02 1.253164690106786026e+02 1.233284289100146509e+02 1.151240163413551585e+02 1.173868481043777479e+02 1.256503418930415421e+02 1.251106313823031400e+02 1.333804524833498704e+02 1.265558718277208214e+02 1.145143984121099692e+02 1.059135347098145274e+02 9.847505312479387385e+01 8.290764430200670176e+01 8.672207483600580247e+01 7.620584944787117365e+01 7.819029887336068896e+01 6.070968297142793091e+01 7.090941357255101707e+01 5.577024440852981257e+01 6.496938995376532944e+01 6.218260381614913967e+01 5.944627019119050715e+01 4.394872968762620502e+01 5.430625741470895917e+01 5.187503512307421971e+01
3.800361761496495916e+01 5.135756571857677244e+01 5.262143353524342615e+01 3.454648256611513091e+01 5.445408429070074163e+01 4.907422068026845352e+01 6.309458842459616079e+01 8.292857052706871457e+01 8.393521594368765193e+01 7.343148550534195351e+01 8.089607373862894235e+01 9.272239563140192331e+01 1.131472051769492140e+02 1.055029306854180788e+02 1.055029306854180646e+02 9.531114456596782247e+01 1.106904910905426789e+02 1.188951906167362438e+02 1.287996693610303112e+02 1.422190863805750496e+02 1.341557000481912496e+02 1.323783600051007454e+02 1.242902842853416416e+02 1.122530782988810358e+02 1.036943443715932744e+02 1.054182283361208334e+02 9.405413315957393650e+01 7.358630775859663231e+01 7.511295514548793051e+01 8.459722488683159725e+01 6.750659374690522441e+01 8.459722488808212404e+01 7.903220400446981841e+01 5.863506449095683593e+01 6.460924833765668041e+01 7.276203835698282774e+01 6.858389582296979370e+01
3.043670458641584986e+01 3.142023975160139670e+01 3.270856053578204836e+01 5.262143353538752422e+01 6.261122212096488227e+01 6.892723391850456949e+01 7.719466531364473383e+01 7.680134525578910143e+01 6.438700991457847067e+01 7.551640605291500208e+01 9.544936258555247832e+01 1.097181995569459900e+02 1.092603684718188504e+02 1.038028048775938004e+02 8.569159432076622807e+01 8.387409822605020793e+01 9.087611004226158684e+01 1.007855730241967507e+02 1.205954091568885644e+02 1.341557000481912496e+02 1.150362537876841316e+02 1.206362099448548122e+02 1.050165802785137004e+02 1.085533708619536668e+02 1.129117989778407178e+02 1.209818107652567960e+02 1.025407747530818909e+02 8.804691936257967200e+01 9.558522361776668674e+01 9.638801625172742149e+01 8.791173391792605685e+01 9.217379419664976581e+01 8.751317215873453392e+01 7.903220400446981841e+01 7.541992129176934156e+01 8.337675686085414384e+01 6.691878547085434548e+01
4.965781791297774106e+01 5.134449072510944490e+01 3.360217498441726036e+01 5.174578593596410059e+01 5.492900743207056991e+01 7.309477500017156615e+01 7.049665620273464128e+01 5.736807880149297745e+01 7.680134525578910143e+01 9.223604517790930402e+01 1.037708899108502010e+02 1.070292606989689546e+02 8.948423218715944927e+01 8.948423218716817473e+01 7.581867528004929113e+01 8.979450897903744533e+01 1.096063487599732724e+02 1.188951906167362438e+02 1.287996693610303112e+02 1.341291083984087322e+02 1.150354932458763528e+02 1.015627717688800544e+02 9.509904898721414668e+01 8.916389891877608420e+01 9.353175814676461641e+01 1.097753739485635123e+02 1.117439130696378697e+02 1.085568301969835687e+02 1.040202966549404522e+02 9.233876810387265266e+01 8.396233588905276690e+01 7.195712335975871099e+01 7.267993446116474843e+01 6.794194693277670183e+01 5.506718832875843361e+01 7.191361361122312701e+01 5.859740527852492420e+01
6.082059233793072650e+01 6.286299421515332853e+01 5.362006932328036868e+01 3.581561206930752661e+01 5.563904207944996472e+01 6.475767944149704647e+01 5.103405691608452344e+01 7.049665620273464128e+01 8.504870030779540002e+01 8.449233251467450145e+01 9.272505817262225492e+01 9.303055315399416259e+01 7.905142322407080258e+01 6.976507818992259047e+01 8.948423218716817473e+01 1.036884202535651411e+02 1.130120549965807584e+02 1.235409295177085767e+02 1.248366109003359696e+02 1.160336301395883112e+02 1.242834353370592169e+02 1.206362099448548122e+02 1.143182727124400770e+02 1.017227271880046970e+02 8.211464977478213711e+01 9.582603004834612648e+01 9.224856747367817889e+01 1.117439130696378697e+02 9.564980827692609466e+01 7.540651228907110237e+01 6.378436632474043932e+01 5.774468832114158090e+01 5.257835579816154592e+01 4.786331663241120538e+01 4.349791126096744875e+01 5.799147197143643950e+01 5.523725874597094787e+01
6.086492614224185616e+01 6.498472018282762974e+01 4.369042009513766089e+01 3.740259935520160184e+01 5.721427043728294137e+01 4.523943807819468077e+01 6.475767944149704647e+01 7.870065518036022922e+01 8.128573184349376390e+01 6.472755379601828452e+01 8.129101786191726831e+01 8.054667716117778298e+01 6.514173475094314369e+01 8.484276583291273255e+01 7.855282219324575976e+01 8.552882577821314669e+01 9.688223428058715569e+01 1.156415455817762989e+02 1.136161587447383283e+02 9.440955768087108879e+01 1.136932337189850699e+02 1.182390188012956145e+02 1.093047147874376037e+02 1.011973383862971758e+02 9.582602580184651231e+01 7.603648956049563878e+01 9.011299129244719097e+01 1.096185256952004181e+02 9.827802420468101730e+01 7.803258363401344866e+01 8.396233588905276690e+01 7.787844915486778063e+01 7.267993446116474843e+01 6.794194693277670183e+01 5.799147197143643950e+01 3.794855180725263466e+01 3.519781377612200401e+01
