MOVIE_S10_data/elevation_000749.asc
nrows	100
cellsize	150.0
xllcorner	0
ncols	100
yllcorner	0
NODATA_value	-9999
[rows 51 to 67 of 100, columns 0 to 36 of 100]
6.455108993161302877e-02 6.402247524350166419e-01 1.216137036155922946e+00 1.793006780693683355e+00 2.372879753201071029e+00 2.233844816477554929e+01 2.377125677033223283e+01 1.704596235469700716e+01 5.190075126077595691e+00 5.789724056602235436e+00 1.932845990700024785e+01 2.797118418643211513e+01 3.109783770603077357e+01 9.670602872353022406e+00 9.816975594616776490e+00 2.808246953505241450e+01 1.533963695682217399e+01 1.224372014952953514e+01 3.225513653746983067e+01 1.593830911444075049e+01 3.544058486188976076e+01 5.462527084257779109e+01 4.679914571545640456e+01 4.679842017671830945e+01 4.022764366825571614e+01 2.381535107341409940e+01 4.359410560092049991e+01 4.970795361084755370e+01 4.191898995156525842e+01 2.375451104404392666e+01 4.366124141551985360e+01 5.332822215828264945e+01 6.559098665684105356e+01 6.932635272209394373e+01 7.748256909900823075e+01 8.435233061275260980e+01 7.980209903532872318e+01
3.995603441288197999e-02 1.996502098183998086e+01 2.121362740155958093e+01 2.180181886214039366e+01 3.183328900794957672e+00 2.703954393555812885e+01 2.960901760463974242e+01 9.657081908834706852e+00 2.519211238858012791e+01 2.387432406366844972e+01 6.641490834141293931e+00 1.287782888634729872e+01 2.749067320312480689e+01 8.909938288092702052e+00 2.892794581650776564e+01 1.071092521986467538e+01 1.134893161600023781e+01 3.066318538493207058e+01 1.313184723575959012e+01 1.376008272583544034e+01 3.376009681682926100e+01 3.469545548325518070e+01 4.290381571284552109e+01 2.731999874637684300e+01 2.041097927684671731e+01 3.872951027705232718e+01 3.956394854183069043e+01 3.897125595798623010e+01 2.200207583724928639e+01 4.191898995156525842e+01 5.077519225460651597e+01 6.443857608226078071e+01 6.496223752127686168e+01 7.321326346163655785e+01 7.945698813049588694e+01 6.732958382879643011e+01 7.945698813049588694e+01
4.804567899273937126e-02 1.419830968057484633e+01 3.431071119254544044e+01 3.407935635958817500e+01 1.437081116498184308e+01 3.407965095215488560e+01 3.284304516011710717e+01 1.289046240153527911e+01 3.284304565823092759e+01 3.720097167444536268e+01 2.836967337679874746e+01 7.494453165184427945e+00 8.098133264954181953e+00 8.282132137291279506e+00 3.126186274197233317e+01 3.149426336904270940e+01 3.139368736076361444e+01 3.063084454752181074e+01 2.766714356138415809e+01 3.376009684598278682e+01 1.469226870706050292e+01 3.469754321642115258e+01 1.662077815245775625e+01 1.732565804955329014e+01 1.803708065470431521e+01 1.878464971021567820e+01 1.953000415366963693e+01 2.027312602771924333e+01 3.105973057759397804e+01 4.192832545570749403e+01 2.537173325713256133e+01 4.994111492636799454e+01 4.518915377616123408e+01 6.496223752127686168e+01 7.081740498706301423e+01 5.215373307041434714e+01 6.141650902850026483e+01
9.707512844716031930e-02 1.423938904992981591e+01 3.424831353462494832e+01 4.275320307342268222e+01 2.618236273931426794e+01 4.275318263322913737e+01 3.654525749873177176e+01 1.658057970869733921e+01 2.438692889212592974e+01 4.439431557365845293e+01 4.000722304592644463e+01 3.132611697707013931e+01 1.683100132245244396e+01 3.126420244709944640e+01 1.600809767667134764e+01 3.605121020984012858e+01 4.929980215853150582e+01 4.895085174612691503e+01 4.861871214473446656e+01 4.196685953591266838e+01 1.696632568316458745e+01 1.562869292547499533e+01 1.914564639735653273e+01 3.655495641923847927e+01 3.858891769928352744e+01 3.882320384665857915e+01 2.896199484028034732e+01 3.971058683737295780e+01 2.160396694101436665e+01 2.255665468692710718e+01 2.352231157811135986e+01 3.127426442814754282e+01 5.098055592013607651e+01 6.543670792616281062e+01 5.713619517756925603e+01 4.275733439844879769e+01 4.729380381560454794e+01
5.001202446392439237e-03 2.000500120244603863e+01 3.650203391590308399e+01 4.650203391577451839e+01 4.623074174765169175e+01 5.434771851762528172e+01 4.038591756524344589e+01 2.039952773394246321e+01 4.038591801355378408e+01 3.852715675995615641e+01 5.855888995429538824e+01 4.534653798730271035e+01 2.822679612567245400e+01 4.422648044326903971e+01 3.605493704311115977e+01 2.122481778517798645e+01 4.110173217768220155e+01 5.791054812596247814e+01 6.069279206537185445e+01 4.860592492671674592e+01 3.764137235763583078e+01 1.789323928592162005e+01 2.983633637721298015e+01 2.409528695627695427e+01 4.301860700516697733e+01 5.591678144860058808e+01 4.315941849193871604e+01 3.959050581967414928e+01 3.821137731088943212e+01 4.260258802780916909e+01 4.356196729074816432e+01 2.490189446037541998e+01 4.493467316875423023e+01 5.195921403533771610e+01 3.717070364916817482e+01 5.713619517756925603e+01 6.727755344175005803e+01
5.279685921607564503e-02 8.217762668493264755e+00 1.821776266849308712e+01 3.235989829222354075e+01 5.235989829222283021e+01 5.244764200468014792e+01 3.481688448404816683e+01 2.474367076636232099e+01 4.475394941195549592e+01 5.855888995429538824e+01 6.685247949435090220e+01 5.692435560840332442e+01 3.655863047771099161e+01 4.793520378701668250e+01 2.811354598214612466e+01 4.110173218375273052e+01 3.012626319984528322e+01 4.984191137975980013e+01 5.195497681778502397e+01 3.451167125758343701e+01 2.120895655037113059e+01 3.789676017295496280e+01 3.698818236051118902e+01 4.301860700530622239e+01 3.053936445273167877e+01 5.017767687519489783e+01 6.499678186628236176e+01 5.461890470653074203e+01 6.121442476676596556e+01 5.776821733115318125e+01 4.518754765613923752e+01 2.587751848619758377e+01 4.590787081037741757e+01 3.196576804626070256e+01 4.004778618144160163e+01 4.884943881222366713e+01 6.023064428628167377e+01
5.738623160518319517e-05 2.000005738623125140e+01 3.576957581651475948e+01 4.405384706396638705e+01 5.560085244775109459e+01 6.081504008209019219e+01 5.127631748791959865e+01 3.631768157162694166e+01 3.206748341610268938e+01 5.205083925820272839e+01 6.880524681713120572e+01 6.696013665362553979e+01 4.772051600937729177e+01 3.596263272802092814e+01 4.794225624481935455e+01 5.591748232714655842e+01 3.764540342105905779e+01 5.711842126061382174e+01 4.465423027605343265e+01 2.466353529377359166e+01 4.118889209250306038e+01 4.118889209250306038e+01 5.685496193288459921e+01 5.645308344669295764e+01 3.660850543764104259e+01 4.653713573221764932e+01 6.637622734388737911e+01 7.420642307443662844e+01 6.251283205149966449e+01 4.996002892421317654e+01 2.990595304109881880e+01 4.590787088315276065e+01 2.734624076862951725e+01 4.737916472596083395e+01 5.587942066054451118e+01 6.559180756087029351e+01 7.692130617955506011e+01
4.532054705376769438e-02 7.604610007238279401e+00 1.576957581651547002e+01 2.731658120030778036e+01 4.731658120030706982e+01 5.928766728476524150e+01 6.453583329519490519e+01 5.627810559497397946e+01 4.621618255957594101e+01 4.062079215747250771e+01 6.054770228689711331e+01 7.540647994138976173e+01 6.233747996020648685e+01 4.251775889101212869e+01 6.233747996020648685e+01 6.486009485957158915e+01 4.897166896421043703e+01 6.486009485957158915e+01 4.715653536821298530e+01 2.716222197677616634e+01 3.716927682908389841e+01 5.714379390734210773e+01 6.942246114816322233e+01 6.347909015346253625e+01 4.360654220599318620e+01 6.347909015339820371e+01 7.459762805568048805e+01 6.724843846368497680e+01 5.419316985878010229e+01 3.411361934419283415e+01 4.996002892421317654e+01 5.569572832794339234e+01 4.737574552270271511e+01 2.889854284268047735e+01 3.788118611466651942e+01 5.658573524509046848e+01 6.636585258072308591e+01
9.001595176218035732e-02 1.929486886613325325e+01 2.826926075365267366e+01 3.323593552969053633e+01 3.884267102302472807e+01 3.884267102302472807e+01 5.409853176397286489e+01 6.325347619294135626e+01 6.613694659181850000e+01 6.054770228689711331e+01 5.128372306570324923e+01 7.118582123215469437e+01 7.056011500560698835e+01 5.241742761490344549e+01 7.056011500560698835e+01 7.513408731615253089e+01 6.723704660430654201e+01 6.760077810821432820e+01 4.978571347862323648e+01 2.978934975099862115e+01 4.978571347862323648e+01 5.714379390734210773e+01 7.712461623036480773e+01 7.169396373682965873e+01 5.510615066882734681e+01 7.169396373685026447e+01 7.227226844359474001e+01 5.892954715588111014e+01 3.883480012565214423e+01 4.308356785944039302e+01 6.251283207401342423e+01 6.359711409020709993e+01 4.311847021922791612e+01 4.894294808521363649e+01 3.047220854508505283e+01 5.051975855269192550e+01 4.624182219882051470e+01
5.674351268809080251e-02 4.227032034551823969e+00 8.491051128842398654e+00 1.307942704717584448e+01 1.862729871384449964e+01 2.530185551270342259e+01 3.430299994513149642e+01 4.873453348897966464e+01 6.931743157480553919e+01 7.945176651523438238e+01 6.276241799065945770e+01 7.945176651523438238e+01 8.048268022308691627e+01 7.225753230550949979e+01 8.048268022308691627e+01 8.007690354444574155e+01 6.005584770592759725e+01 4.851105701448587126e+01 3.956997975682856605e+01 3.249001498148107459e+01 5.249780456374627846e+01 6.522379871214020852e+01 7.523740281284975140e+01 8.313786195448501815e+01 7.491673819383500188e+01 7.795612252235517303e+01 6.395499805017113459e+01 4.385319447301097995e+01 5.892954715588111014e+01 5.468940885712017774e+01 7.149838678443866513e+01 7.216152129951584016e+01 6.327353352854873236e+01 5.660994126389910264e+01 5.027533574998563637e+01 3.205601096786494963e+01 5.212719550802783175e+01
9.518805923843161321e-02 2.009518805923807605e+01 2.861171534390624061e+01 3.323593552969053633e+01 2.950034861641764650e+01 4.561307877818539680e+01 5.409853176397286489e+01 6.325347619294135626e+01 7.071125232511857917e+01 7.900437058967253279e+01 8.269240404635735331e+01 9.096571382508527392e+01 8.119548603075119786e+01 7.303444651465316895e+01 8.119548603075119786e+01 8.852584299905861087e+01 7.691526046246127635e+01 6.758995040774752283e+01 4.879161237442049526e+01 5.249780456374627846e+01 3.691492155388532836e+01 4.691465334534896670e+01 6.104328782516539320e+01 8.109247754857864265e+01 8.123611625501891353e+01 6.115353391694194585e+01 4.953685212853522302e+01 6.395499805017113459e+01 6.026905374732803011e+01 7.478079233815560656e+01 8.309486617382931684e+01 8.117052470910090278e+01 6.122069451923594130e+01 5.610667675753450112e+01 4.120171157934604622e+01 3.377861074182445122e+01 3.418008181874656515e+01
9.062254805971975413e-02 2.009062254805936476e+01 3.586730854284309089e+01 4.584667288456043366e+01 4.985739118357356858e+01 5.833128419068959403e+01 6.744909197936694056e+01 5.915765465988629757e+01 5.069983415872712129e+01 6.744909197936694056e+01 7.108705199281941134e+01 7.284974672366124082e+01 6.783048792947901973e+01 5.366811642377367519e+01 6.979501132601943425e+01 7.793906907135277606e+01 8.770831995889999178e+01 7.672198507999540595e+01 6.858710088954289574e+01 6.029488862326372356e+01 4.029982758708087687e+01 5.029294292301037217e+01 6.182285062933544850e+01 8.187251132102406359e+01 8.954819393165820429e+01 7.413639257625212053e+01 5.403431748115272626e+01 7.413639257625212053e+01 8.035556941814185450e+01 8.866896464577406789e+01 8.433322296593081546e+01 7.593868139916840221e+01 6.145654432384299781e+01 4.109790419733511868e+01 3.621610397525942204e+01 5.527559825429108997e+01 5.425945162599306570e+01
3.063233560239582431e-02 7.589921779110671451e+00 1.758991476476223070e+01 3.173131969770939520e+01 5.171441434657752012e+01 5.629847982563273945e+01 5.589426384683369520e+01 3.914565898910433361e+01 3.914565898910433361e+01 5.915765465988629757e+01 5.166189937771660823e+01 4.907680689313456668e+01 4.955772478395811476e+01 4.398166879614012004e+01 5.046382175560520977e+01 6.007670576011065577e+01 7.951331689192817009e+01 8.063745338338860336e+01 6.059463258479501491e+01 4.647146693212205548e+01 6.029488862326372356e+01 5.098229532540784703e+01 7.098883264299493590e+01 9.021433344072092098e+01 8.359954381145978175e+01 6.352516858203228622e+01 7.413639257625212053e+01 6.479349353222150398e+01 8.486513763826062018e+01 9.016284526411477884e+01 7.004683981289034023e+01 5.576981980093712110e+01 4.933538735415827148e+01 5.789696315881545985e+01 3.803860942957034297e+01 5.814505917581720240e+01 6.730806916945344653e+01
5.666595628964066211e-02 2.005666595628928661e+01 3.586730854284309800e+01 4.458299500572453411e+01 3.634930162778416474e+01 3.634362250954788465e+01 3.943263772180690552e+01 2.758873259406033895e+01 4.760372357233872265e+01 5.425628834468034256e+01 4.496629705869444393e+01 3.206039480692432875e+01 3.652717374581236953e+01 5.603025602284215978e+01 6.979501132601943425e+01 7.793906907135277606e+01 8.770831995889999178e+01 8.283873713117915827e+01 6.278513417551390319e+01 5.162943314194326661e+01 7.162887171867510006e+01 7.098883264299493590e+01 6.511130562291113222e+01 8.517843808809533357e+01 9.191069889200666410e+01 7.512459130395852469e+01 7.991882869450842009e+01 7.483935861073798890e+01 9.317669860177599617e+01 9.016284526411477884e+01 7.004683981289034023e+01 7.593828764226982742e+01 6.949413892823969263e+01 5.996759080891535376e+01 3.987647453606926717e+01 5.417186177485554310e+01 7.434167724715547365e+01
2.110006612196471329e-02 2.002110006612160831e+01 2.370970457398598796e+01 2.554502658272552651e+01 1.633902542147432868e+01 3.210771279142351631e+01 1.941596913127116508e+01 3.943263772180690552e+01 5.050074468977113895e+01 4.239516568295923094e+01 2.639670605458381658e+01 4.358654276220083545e+01 5.491519758978291321e+01 6.411837209826539663e+01 6.987003813913197803e+01 7.630940059197509129e+01 8.445304789008727653e+01 9.117921936465496913e+01 7.995794087205887024e+01 6.315357732514514311e+01 6.103613568859810101e+01 8.107553527999969845e+01 8.517843808809533357e+01 9.352168294351777433e+01 1.034914000812521806e+02 9.517654423257306462e+01 9.409639764824886754e+01 8.901304719294959966e+01 1.032057228614023359e+02 9.861960611897117701e+01 9.016284526411477884e+01 8.133382345714760220e+01 7.305211932260630192e+01 6.205056084350819390e+01 4.177767102666623344e+01 5.615631933113048291e+01 7.630901829558025895e+01
9.367352646185668485e-02 1.890056915640916824e+00 3.694793459482839104e+00 5.523666823863110587e+00 7.377650221698052846e+00 1.210363816848785845e+01 3.212358377982832280e+01 3.646825268389851260e+01 3.874643026873334861e+01 2.257606274528434298e+01 4.239548092460120898e+01 3.195138233610182255e+01 5.162032811451447856e+01 6.162652455138567120e+01 5.053729256983952922e+01 5.699133653206628480e+01 6.659109055799774524e+01 8.602771066266531363e+01 9.155123680987452417e+01 8.320633916478861636e+01 7.257511216790331332e+01 7.518119989092670608e+01 9.530571971747521332e+01 1.108573576479886071e+02 1.026510069074204523e+02 1.108573576479886071e+02 1.141735108911415182e+02 1.090813488649566807e+02 1.042403829715948831e+02 9.530205296626861866e+01 8.701813981726165537e+01 7.309098727396705897e+01 5.291617690195121781e+01 4.821838273428394928e+01 4.400868429786246594e+01 5.842099518551611226e+01 7.854499434852181139e+01
3.648181865326004941e-02 2.003647919491244522e+01 2.370970457218082927e+01 2.554502658272552651e+01 2.740448510629709133e+01 1.033782203954847034e+01 2.940912465296550593e+01 1.658365663929176392e+01 1.888575078847622279e+01 2.522218186212446511e+01 4.500107127352576697e+01 5.162032811372626639e+01 3.784065889351620626e+01 4.218058028916048841e+01 6.162651452279079223e+01 7.630934418012846265e+01 8.445252282761944684e+01 8.602771066266531363e+01 1.057556040687320973e+02 1.010392991308601864e+02 9.268732919403962001e+01 9.530571971747521332e+01 1.036564870366517965e+02 1.008749755865368058e+02 8.262291745579869939e+01 9.349413607307222662e+01 1.017294761844808875e+02 1.100753127063227197e+02 9.010236670149473071e+01 7.597490167653869264e+01 6.698692912738447092e+01 6.059524597667341084e+01 7.309098727396705897e+01 6.661105011344386639e+01 4.633445623622859699e+01 5.654693227954219736e+01 6.821136898572525809e+01
