MOVIE_S10_data/elevation_000192.asc
nrows	100
cellsize	150.0
xllcorner	0
ncols	100
yllcorner	0
NODATA_value	-9999
[rows 51 to 67 of 100, columns 37 to 73 of 100]
4.929198014145371332e+01 5.664490335317400849e+01 5.858520826950470450e+01 4.221944886571138511e+01 6.216809212684160713e+01 6.854411521734887458e+01 7.688453888912778211e+01 9.108854973383418496e+01 9.462956055811849865e+01 1.029972598238049386e+02 1.040011125847170064e+02 1.123442465967541324e+02 1.111750290229305875e+02 9.958053831878750373e+01 8.334886674123249861e+01 6.313072936261888657e+01 7.641410283193425812e+01 7.673165603451001004e+01 5.655941035531731131e+01 7.081618613582803334e+01 8.243377499943933628e+01 7.411881957435248580e+01 6.051229188213165600e+01 7.215614992536913519e+01 9.226106238441171570e+01 8.830962321931838233e+01 1.024893734183876148e+02 1.070111989472375740e+02 9.798280158830264952e+01 8.962837784025097676e+01 7.484800989680728378e+01 5.418118829396978242e+01 5.993520519589308293e+01 7.705054201786261103e+01 8.885845079530893997e+01 8.518932866737277720e+01 6.904220694952057613e+01
6.340723290581756544e+01 7.631620171978001110e+01 5.626706289024389918e+01 4.480623377227050952e+01 6.474177012585479929e+01 7.239282774400520282e+01 7.618389354666531688e+01 8.021034864368277795e+01 8.857617176738406783e+01 9.761738112479639540e+01 1.092895692628213880e+02 1.141723028844857595e+02 1.058848234533412551e+02 9.700876687426502087e+01 8.536964352481915341e+01 7.641410283193425812e+01 5.624960499603742647e+01 7.003752872843439548e+01 5.328473920584438162e+01 7.341535927325877253e+01 7.411881957457725889e+01 5.401514333844801286e+01 7.411881957457725889e+01 8.896016476263983463e+01 9.244255807960789184e+01 7.407268839686396689e+01 9.244255807960789184e+01 1.017367003118078230e+02 9.663935138999897845e+01 8.827344760879722685e+01 8.324754603386871565e+01 6.861672879460812169e+01 4.782519537418176725e+01 5.993520519624446052e+01 8.047591057352708788e+01 7.679026748486170106e+01 5.616531263022387321e+01
8.351787545471893282e+01 8.465532154986624391e+01 7.180703891029891395e+01 5.181579198236183004e+01 4.890433969931289226e+01 5.239652614307846790e+01 5.612345884817662522e+01 6.007806166403469916e+01 6.902676201510043086e+01 8.069866414289360534e+01 1.009504253132419223e+02 1.058848234533412551e+02 8.579193356316552865e+01 8.869718167253020624e+01 6.849771230345400852e+01 5.686460693838691327e+01 5.215487699128163257e+01 4.993240946651541634e+01 5.008540567539191812e+01 7.019188028154793813e+01 6.968833995275608117e+01 4.993205948061577004e+01 6.412476147652179748e+01 8.423588727935985787e+01 8.413013862039181845e+01 6.398215638551497619e+01 7.331505831836948062e+01 9.343290074295447312e+01 8.827344760879722685e+01 6.788021876683035316e+01 7.385325720435331220e+01 6.488245915503300409e+01 4.407538167739112822e+01 6.488245915503300409e+01 7.761941266372048176e+01 7.768185824609949464e+01 6.101559969695570373e+01
8.917141620862335571e+01 8.454549034522095496e+01 6.440646221934160565e+01 7.180845059722679480e+01 5.418333224142383386e+01 6.648604623099235766e+01 7.618389354666531688e+01 8.021035155470295308e+01 6.713736793943763814e+01 7.879876694151519700e+01 9.905534382460074028e+01 1.032862106045460280e+02 8.317847624343215784e+01 7.147353944188989772e+01 6.507228791634048548e+01 7.703503980009485019e+01 6.575110291079789704e+01 4.565083847109215043e+01 6.270183910066480593e+01 6.882192312360965047e+01 6.019368550963832121e+01 4.614057083444910745e+01 6.047071391528594830e+01 8.174983273933283101e+01 7.700675118763807347e+01 5.683960676079182406e+01 7.700675118763807347e+01 9.156358858310703397e+01 8.827344760879722685e+01 6.788021876683035316e+01 5.317278810530249444e+01 4.653083551532591855e+01 4.053704053532012352e+01 5.702809989032448357e+01 5.702809929930661070e+01 6.924448872840746105e+01 4.852474942128686308e+01
9.184009915205537311e+01 9.288590695263404484e+01 7.863119765305195585e+01 7.979024863413833657e+01 5.967145730274980053e+01 7.979024863413833657e+01 9.500967946346189308e+01 9.320985523319579613e+01 7.294606793816049617e+01 9.320985523319579613e+01 1.073981861310867600e+02 1.115749163547319540e+02 9.998211822389073689e+01 9.167700473707934350e+01 8.528814043869158468e+01 8.156701230868061714e+01 6.191866503006905020e+01 6.119929567219841715e+01 4.258765796571497475e+01 5.976679411307902967e+01 4.103551605544562619e+01 6.113803956939345596e+01 6.953182250388650232e+01 7.786901557600732815e+01 7.161685512229189499e+01 5.144164393766327237e+01 6.310093736362132688e+01 8.324981511717496119e+01 8.983124094668185933e+01 8.225978507841469423e+01 7.385325720435331220e+01 6.731351866098029291e+01 5.702809989032448357e+01 3.632962928369955335e+01 5.097351485518114345e+01 7.164515381636493885e+01 5.448921849156949548e+01
8.479451113935127182e+01 9.305563219557363652e+01 9.882385597449921022e+01 8.815337365205016340e+01 6.861378867515085744e+01 7.386660374397989415e+01 9.409119246664121761e+01 1.008705081351779285e+02 8.060232567442021434e+01 9.320985523600535316e+01 1.134147238318631565e+02 1.122679548692409668e+02 1.040206206754887432e+02 9.663077955880142156e+01 1.012647924099333920e+02 8.965665853037934596e+01 7.792742371519582889e+01 5.703396028645808258e+01 5.935513785964894851e+01 3.964111712844972146e+01 3.764240739284567638e+01 5.527243197587330314e+01 4.941404175727021908e+01 6.953344772527471207e+01 6.698834424237674057e+01 4.681378815318185360e+01 6.698834424237674057e+01 8.394688780698110975e+01 6.976021585568493322e+01 8.394688780698110975e+01 8.663341126643443602e+01 6.616730192557444923e+01 5.421139479042315656e+01 3.358675833951673440e+01 5.050709983715839968e+01 5.901488551742192357e+01 5.177957799385573168e+01
6.492963701378778296e+01 7.897278194880868796e+01 9.884940870762254406e+01 9.718994898964011497e+01 8.027567250666540133e+01 9.409119246664121761e+01 1.024401435601205463e+02 1.092098492757672119e+02 9.232719409491494389e+01 1.092098492757672119e+02 1.154209751038753780e+02 9.567498200848845613e+01 8.446893885191067852e+01 7.721205479923337123e+01 8.176549208156072268e+01 9.414465464665481420e+01 8.727270813449959519e+01 7.831883774980070712e+01 6.290751385528150053e+01 4.654496228028449423e+01 5.530595394354530470e+01 3.522568597479531149e+01 5.299818389271018759e+01 6.087251514558041521e+01 5.686562912742522258e+01 4.252089778591195568e+01 6.268711443200400879e+01 7.224583511927805546e+01 5.537853468569025495e+01 7.491278132065525597e+01 8.500621857582498819e+01 6.616730192557444923e+01 4.545906331691480062e+01 5.050710073058075977e+01 2.998310763405754642e+01 4.693433212473880189e+01 5.325585755642082120e+01
6.156533221514205678e+01 7.560618188039755694e+01 9.548816565329643424e+01 1.088590736365640623e+02 1.005206213318757875e+02 9.462161556375360760e+01 1.029721178095730636e+02 1.114926923345088170e+02 1.125408921466853087e+02 1.208571584512263541e+02 1.237154121881770834e+02 1.122679548692591709e+02 9.870930657865758917e+01 7.925386980355096966e+01 6.824240421820837810e+01 7.478219953701903933e+01 8.855824810871921215e+01 9.342603008707345680e+01 7.474499901893581466e+01 6.409702824139810673e+01 5.455713737189216062e+01 3.442204944398471866e+01 3.287419402953931069e+01 5.010120380218207004e+01 3.672299029614814714e+01 5.686562912742522258e+01 6.619459605949613490e+01 5.182014338661459618e+01 4.599783195658417867e+01 5.645766686137887547e+01 7.669869270659005167e+01 7.461824050551155096e+01 6.616730192557403711e+01 5.615824099163877037e+01 3.553295374698841158e+01 2.648226278932018829e+01 4.357203067363170845e+01
6.488699859547236315e+01 6.960809961101598731e+01 8.922647395759879885e+01 9.504251736495194791e+01 8.668280359332393914e+01 7.438153698786238976e+01 8.293600074954417778e+01 9.894148605673092334e+01 1.090522168472090527e+02 1.263021023686571453e+02 1.179399327295242870e+02 1.198115750199113450e+02 1.069271635288515512e+02 9.414465464665522632e+01 7.478219953701903933e+01 6.132384226823916862e+01 7.468557336769431743e+01 7.678232910791116694e+01 6.898433074693120659e+01 4.993895253028881598e+01 3.663866185386932983e+01 5.455713777400125508e+01 5.138992765605603807e+01 3.128218092697759900e+01 4.983347361676149490e+01 4.878634499073858422e+01 5.095547320709945893e+01 3.726103965192697132e+01 5.182014338661459618e+01 7.224583511927805546e+01 8.500621857582498819e+01 8.744158741055125006e+01 6.699870825514884132e+01 5.237622352133407588e+01 5.544132089821464149e+01 4.357203264522802044e+01 2.313350492264532221e+01
4.999588234497103656e+01 6.975327368560741093e+01 8.425362781119434885e+01 8.338989342480552125e+01 6.649953451694187834e+01 6.277954349269994339e+01 7.034989553831417197e+01 8.045475162841427164e+01 1.007125197290199878e+02 1.143834482282665732e+02 9.710748130398999933e+01 1.055744220025551101e+02 9.133726898519896054e+01 9.724253309178689619e+01 8.855824810909300027e+01 7.468557336769431743e+01 5.552675612251500326e+01 7.431948092611835932e+01 6.907897875492507467e+01 5.837753892435483749e+01 3.822958280184450075e+01 5.837753795052909567e+01 5.973476653522663327e+01 4.395177325774017163e+01 2.976423917172950695e+01 2.870409964863571162e+01 3.118097668508010756e+01 5.095547320709945893e+01 6.619459605916217981e+01 6.272232196850415420e+01 7.105993402156657623e+01 8.269270682203912770e+01 7.136533586130866524e+01 6.208830390323064563e+01 5.424104623644407752e+01 4.817279601240181819e+01 3.987585650879854171e+01
5.592019733583485674e+01 5.628714098678143074e+01 6.492146353767944333e+01 6.869268479816398099e+01 5.498967618030834359e+01 6.911579066071696786e+01 8.930812260409784642e+01 9.894148605673092334e+01 1.090522168472090527e+02 1.059123112911122604e+02 8.464447317990817510e+01 9.363331923252722788e+01 7.703935702656448825e+01 7.703935702656073659e+01 8.714094470336628717e+01 7.173948437031855008e+01 5.174356988412981906e+01 6.504438645205920011e+01 6.073873059750095393e+01 4.058906585392323052e+01 4.429014983023936480e+01 6.445804091691596227e+01 7.244950264436386078e+01 5.610591771911362002e+01 3.677057329021496201e+01 4.728472820368556739e+01 2.720743880528732106e+01 4.583008132030896320e+01 5.108521815743455363e+01 4.256626691477821112e+01 5.419834916715361572e+01 7.436628535631651005e+01 6.335616543863465466e+01 4.512592703425402618e+01 3.603629556431728531e+01 2.961826714885801692e+01 2.388550235326909998e+01
3.960129258639039307e+01 4.223341445596643240e+01 4.498117638204766422e+01 4.873728961972004470e+01 5.681788867459979286e+01 6.679046884995085520e+01 8.105321528657674435e+01 1.012874587163278903e+02 1.132446145307878567e+02 9.224125279020435642e+01 8.017015405162267427e+01 7.290776485848148525e+01 8.295673030029702488e+01 6.277700434326521162e+01 6.695435072846204605e+01 7.015183271770325746e+01 6.611578729700899260e+01 4.652324136806999633e+01 4.298055532394246825e+01 6.073873057897271366e+01 6.445804099308176660e+01 5.436899495601564070e+01 7.454708110578069125e+01 5.694892549293323469e+01 5.694892549292689665e+01 4.358747412425151424e+01 4.583008131843435962e+01 2.575980164690559349e+01 3.098011138161378142e+01 5.108521808478020887e+01 5.718899793734884440e+01 6.552767637513402121e+01 7.136533586114578043e+01 6.208830390324028770e+01 5.424104623644407752e+01 4.814349292933695068e+01 3.690624752210739956e+01
5.956379120434855423e+01 5.630930299245797244e+01 6.492146353767944333e+01 5.096192784076249893e+01 7.094583341917841324e+01 8.524583984053835195e+01 9.533941739734089538e+01 1.083898784144302709e+02 1.216561561421444679e+02 1.011183179759748043e+02 8.017015405162267427e+01 6.675448609878533546e+01 8.036093766736502175e+01 7.286686731918986482e+01 5.273163182413990313e+01 5.001855452679211567e+01 4.785208306283488611e+01 4.573666533941175061e+01 5.880675864963787092e+01 7.000253949218536320e+01 8.286887836100606819e+01 6.446792950693615865e+01 8.286887942330541534e+01 7.874336144972379259e+01 7.207145717843577870e+01 6.373562231922929300e+01 5.417028380186941661e+01 4.438351599931474567e+01 2.431676147160496626e+01 4.295753434053339959e+01 3.706266985866327701e+01 5.718899796017313264e+01 5.513865205390071367e+01 4.676637413124947784e+01 5.479596645202455107e+01 4.440808274757572605e+01 3.594359146251229475e+01
7.305919919980489396e+01 7.636149634817277843e+01 7.651004711943519965e+01 5.644791716156431249e+01 6.157889763268480721e+01 6.974580790042006129e+01 7.983387666460220089e+01 1.000678386292242266e+02 1.109688076976785851e+02 9.931885740984316158e+01 8.457381294491605672e+01 6.436957288504639507e+01 6.019617040979426292e+01 5.706543015176438871e+01 5.539124597021665863e+01 7.015183271773952356e+01 5.945802135864046534e+01 6.784939819622279344e+01 5.332177683725482353e+01 7.335460863740715354e+01 9.293238856753619359e+01 8.462619098958154495e+01 9.293238856753619359e+01 8.965913537507528019e+01 7.807528127759302095e+01 6.384236806780744189e+01 5.551021242851481219e+01 4.651369855422505850e+01 2.637551349024311875e+01 2.289255682317178398e+01 4.159700000483486804e+01 4.733827508420641550e+01 4.540357553419838155e+01 2.821631729316543513e+01 3.826539206111169733e+01 3.684475999224188314e+01 1.680916093122721477e+01
7.305919919980489396e+01 9.308614478587938379e+01 8.486350554897281029e+01 7.059437884263668650e+01 6.641711250965418856e+01 8.660309411136886126e+01 9.829380717399102707e+01 1.083898784144302709e+02 1.026465869203373700e+02 8.243237396369190151e+01 7.073071095716706225e+01 8.457381294491605672e+01 8.036093766736502175e+01 7.721173010714268514e+01 5.925396736815323351e+01 7.941579668009804038e+01 7.370887317629605207e+01 7.968965822952462474e+01 5.965647241632692044e+01 7.335458952870621374e+01 9.340092571521070397e+01 8.862679520728336513e+01 8.031712342961129991e+01 7.319688132190096042e+01 6.122238572416213742e+01 4.960945645161461215e+01 3.538416620251629041e+01 3.153467464018681099e+01 4.609307031023334389e+01 4.132794788901324523e+01 2.153554291646055674e+01 2.792734978711293792e+01 3.882986769482921829e+01 1.878367436051275519e+01 1.820443466586816328e+01 1.762513790251145807e+01 2.469520811053119402e+01
6.813753940974578427e+01 7.523297323105236956e+01 8.359238668822837326e+01 9.079192555211743354e+01 8.067919187736744391e+01 8.067919187736744391e+01 1.009046592268673379e+02 1.134870904933628992e+02 9.333349056075714145e+01 7.900248592965887440e+01 9.097590562836171557e+01 9.097590562836171557e+01 9.774925662961805983e+01 7.753311562880263352e+01 6.326183798284907311e+01 8.345428623851812233e+01 9.390146487720045343e+01 8.677943320928496007e+01 6.672652140379410923e+01 8.677943320928496007e+01 9.191162975143937786e+01 7.182938750566390240e+01 6.017824634935088568e+01 5.303601933342173425e+01 4.695480873035422320e+01 4.157726907595610299e+01 5.551021243559078044e+01 5.163695311237770369e+01 5.920880780056675263e+01 4.883351983249188066e+01 3.725129523271574072e+01 2.018806032263021066e+01 1.960428292451638299e+01 2.733372435799426725e+01 3.818283136438194703e+01 2.418848975298535464e+01 4.288739956086308069e+01
4.808603126759475543e+01 5.516405574902731246e+01 6.670631318205600735e+01 8.688060746741517448e+01 1.009046592268673379e+02 1.009046592268673379e+02 1.092251539250469392e+02 1.156835647710245354e+02 9.553991464493137187e+01 8.808014226478597664e+01 1.075637980126186051e+02 1.111477488976654939e+02 9.995379512730212923e+01 7.974610620669629668e+01 6.844660339171258556e+01 7.974610619634671593e+01 9.995379315354294647e+01 9.508112973921006983e+01 7.829848116997972340e+01 9.508112952007014940e+01 1.002140619407101809e+02 8.862490267527344656e+01 8.031697129857003858e+01 7.319685467328528716e+01 5.803438206291636448e+01 5.582974919057645735e+01 7.005719358703107957e+01 6.419473912431199381e+01 5.585572104737309473e+01 4.131223470018629484e+01 2.124103701540698097e+01 4.025200085244979675e+01 3.965716965301314900e+01 2.727290505943422971e+01 4.739265595316356183e+01 3.231070244520979884e+01 4.413623629079968680e+01
