MOVIE_S10_data/elevation_000227.asc
nrows	100
cellsize	150.0
xllcorner	0
ncols	100
yllcorner	0
NODATA_value	-9999
[rows 17 to 33 of 100, columns 0 to 36 of 100]
5.222468517465790605e-02 2.005221723199446160e+01 3.815711462277462118e+01 5.196437158458255112e+01 4.782925312004062590e+01 3.961727209966201002e+01 2.912511301015359066e+01 4.682662007607937227e+01 4.592208838872029730e+01 4.479413907299788633e+01 3.136129546673940283e+01 2.324046879136838228e+01 4.475913712675606604e+01 5.949201031542563811e+01 6.827754939329031458e+01 6.555917245892376854e+01 6.916775575186878200e+01 4.936374148633379377e+01 5.524342134865268861e+01 5.818051002840653751e+01 3.817123423251523207e+01 2.411129103805675555e+01 3.817544395130423140e+01 5.826403758659607490e+01 6.193088203963640836e+01 4.478873759011674593e+01 2.484707806534362717e+01 2.362726748009569278e+01 4.351742054782068436e+01 4.175972497267046890e+01 5.570703049862019895e+01 5.001190003428519759e+01 6.957847041068876592e+01 7.330039656591969788e+01 8.146520725049033729e+01 8.376131046452961471e+01 7.897284095089264611e+01
7.333276091007127906e-02 2.007325374476591051e+01 3.159162545713904180e+01 4.441870953276655598e+01 5.270300335430207639e+01 5.650789576180472551e+01 4.838372059959119298e+01 5.650789576180472551e+01 6.553026838207043170e+01 5.483176207156927973e+01 4.575898300378349148e+01 2.720411127342679336e+01 3.200958819932296961e+01 3.903567060011720002e+01 5.078084414408294123e+01 7.236375133554328443e+01 7.617684018205446250e+01 6.916774969863294587e+01 6.392998602502819239e+01 5.569311553801764347e+01 4.691846595160352251e+01 2.691381693032007050e+01 4.105828571644356373e+01 6.106654398180729260e+01 6.233280962356791832e+01 4.217971699814664532e+01 2.799319312020933381e+01 4.348762380865829158e+01 2.547075766968918131e+01 4.542906890620435689e+01 3.621546397635265890e+01 5.569075572532186413e+01 6.059205511607542149e+01 5.350602119405608903e+01 6.754347465769909320e+01 8.720473575795713828e+01 8.726093901442860101e+01
6.343274376862209629e-02 3.307861166383879059e+00 2.330786151330421774e+01 2.441870726136838599e+01 4.182651114011761706e+01 5.011079971700484492e+01 5.905508013066556572e+01 7.060210406379408710e+01 6.443260640749370793e+01 4.467104521001987649e+01 3.327050974048021459e+01 4.692743148251439322e+01 5.210543125059141545e+01 5.949219429020236305e+01 6.828712278735517316e+01 8.167609242304045836e+01 7.960127634671363239e+01 7.076751882729715248e+01 5.569311553839821727e+01 3.559444978712703289e+01 3.132043846626200789e+01 4.691846595152818367e+01 4.325020697047532536e+01 6.324034666199098353e+01 6.555067312155246384e+01 4.558359376564032317e+01 3.132010584816077881e+01 5.141697590367071768e+01 4.533289730752773039e+01 2.734243471301732242e+01 2.868130011208217311e+01 4.876515310782379942e+01 4.075946768468303816e+01 6.078229774161950161e+01 7.453064245374824281e+01 8.275285036169182717e+01 8.964584205225462199e+01
3.497053469895897854e-02 2.003497053469860489e+01 8.088775603721495955e+00 1.475544227038822065e+01 2.182651008225382228e+01 3.077078199226320265e+01 4.231778737992378581e+01 6.231779189857586232e+01 7.268973321152927269e+01 6.125115173387319345e+01 4.314779290950756518e+01 4.134190787735442285e+01 4.830289560684238381e+01 6.224252597868289172e+01 8.214370348943518252e+01 8.270639296527436102e+01 6.306513322640666530e+01 5.158047274132616877e+01 4.255266100425313880e+01 5.569311553839821727e+01 5.140963937330689504e+01 3.844152019867550507e+01 5.850213925969754314e+01 7.148160605653806954e+01 6.925277359340181249e+01 5.502265686478079942e+01 3.491942907549967146e+01 5.504672097337675041e+01 5.554254325641489487e+01 4.737474710143796841e+01 4.876515229635803195e+01 3.064467672637963958e+01 5.078402729820253114e+01 6.049572176884572627e+01 5.468610488058934749e+01 7.452815026358207717e+01 6.994588689942794701e+01
9.635555453094322986e-02 2.009635555453058942e+01 2.808877605962319635e+01 1.426090960220522597e+01 3.426091025713436977e+01 4.592757758549388569e+01 5.225213351785809124e+01 5.932320238453573324e+01 6.760750743688144837e+01 7.115220744419082166e+01 5.708449341116797626e+01 5.270829370954536586e+01 6.807144502352178961e+01 6.224252597723111080e+01 8.214370043905154262e+01 9.092364415482192896e+01 7.871878219729680382e+01 5.891399691731988497e+01 5.019639590259490092e+01 7.005353635781560229e+01 6.452248025397115327e+01 4.455526806597028866e+01 5.485677500585406108e+01 7.472215011588245659e+01 6.111675270371861757e+01 4.104989852360827030e+01 5.497928076244748041e+01 4.772092697441034659e+01 6.764111464648247818e+01 6.080818225641626640e+01 4.075987229727735439e+01 5.078402729820289352e+01 3.273962361356876016e+01 4.043020374386656357e+01 6.049641546671775671e+01 6.581510501829555437e+01 5.593996139690987235e+01
8.845047570523793812e-02 1.423058609943631403e+01 3.423058609943701924e+01 3.426091026160082720e+01 2.092757626887200928e+01 2.592757626887209810e+01 3.225213158920907830e+01 3.932319940107635858e+01 5.087020479225393643e+01 7.087021183372138466e+01 7.693555436754165555e+01 7.252118592281399856e+01 8.079876310672698025e+01 8.214370043905154262e+01 9.043790328722700167e+01 9.241441402322645615e+01 8.696161056617788176e+01 7.827177358151045894e+01 6.170903301900722226e+01 7.827177358151045894e+01 7.113973801128030061e+01 5.128796473935294387e+01 7.113973801128030061e+01 8.296133825455974886e+01 6.944989495536981394e+01 6.108748301544518000e+01 4.801455703275976106e+01 6.183520206847896361e+01 7.582188474918483223e+01 6.901325538844379537e+01 4.981388190836701568e+01 6.113638360925440196e+01 4.706569161812872437e+01 3.493266632035707175e+01 5.510460235065067991e+01 4.588018794738113826e+01 6.582791587124275168e+01
8.023991185656004221e-02 1.162724529564917830e+01 2.576938091938038156e+01 4.576938091938108499e+01 4.092757726031805987e+01 4.592757758762887477e+01 4.225750804049769727e+01 5.932320238453573324e+01 6.760750743688144837e+01 7.915453819578152661e+01 7.979380227060521236e+01 7.792723947184916256e+01 8.621319779435965813e+01 8.915106442699750744e+01 8.085560150325849804e+01 7.239396345326035487e+01 7.903066865882540526e+01 8.732641589053696407e+01 8.145233990059197993e+01 8.969837431805710537e+01 7.936253462466206088e+01 6.126259141218459092e+01 7.936253462466206088e+01 9.046092585014552867e+01 7.097167751661685031e+01 5.956540715512988271e+01 5.438358120448202726e+01 7.406016737227540148e+01 8.911206622960679624e+01 7.789249131348297794e+01 6.135420665726591238e+01 7.518270169739757591e+01 6.331581434168628419e+01 5.510460235065067991e+01 3.717695721191879699e+01 5.732255251669872820e+01 6.382326101116428418e+01
4.598823041778624804e-02 2.004598823041743216e+01 3.096563114388567683e+01 3.729018646481351595e+01 4.557445812766711413e+01 5.451873076517523486e+01 6.225751439288995925e+01 7.054182960999609975e+01 7.663204761860615122e+01 6.838801124545969401e+01 6.003839256827068738e+01 5.819728491630537803e+01 7.477574925610943524e+01 8.085560150356526776e+01 6.092693830394772903e+01 5.834978321152087943e+01 5.911541782074887408e+01 7.415593480495621748e+01 8.244694309559305623e+01 9.244066981531854310e+01 8.926172227480689969e+01 8.101688461037605293e+01 8.926172227480689969e+01 9.842108060509065126e+01 8.721490871996765293e+01 7.920880307847923518e+01 6.584089900675667195e+01 6.692312281986514222e+01 8.646928562499358861e+01 8.930221997045286741e+01 8.110709141360410968e+01 7.708381517705386443e+01 5.730475480905773367e+01 4.309149105974388050e+01 5.732255251669872820e+01 3.975307090329168602e+01 4.385699092934475374e+01
7.340434288523949025e-02 5.418629181133749917e+00 1.096563114338608891e+01 1.729018646372296075e+01 2.623445837372227629e+01 4.037659399745493261e+01 6.037659402282375254e+01 6.306353207460675492e+01 6.838801123814168648e+01 4.900139645585217352e+01 4.652088818400209647e+01 4.719680177358576145e+01 6.605452030975635580e+01 7.374224175541456816e+01 6.546508863826495883e+01 4.681518257613273448e+01 4.759128568257840897e+01 5.428591006829575605e+01 6.417414208394656328e+01 8.413772752596578641e+01 9.872460913416365713e+01 9.039549096138050288e+01 9.872460913416365713e+01 1.032279441986298707e+02 9.491470061271947145e+01 9.339295513585574326e+01 8.539919330935315145e+01 8.079005793122246359e+01 9.445953178109606085e+01 9.487414008804239529e+01 8.331770551103782907e+01 6.360441337194065881e+01 4.951794859029574525e+01 6.309790746534571326e+01 6.804284022160619827e+01 5.984375590320397009e+01 4.267444243038073637e+01
3.515918393995972474e-02 2.003515918393960504e+01 3.096563114388567683e+01 3.729018646481351595e+01 4.557445812766711413e+01 5.451873076517523486e+01 5.708879147735964210e+01 4.285145764213894637e+01 5.708879147735964210e+01 5.467960443873364085e+01 3.603727256105124610e+01 3.904365987580470687e+01 5.788732772481512967e+01 6.214818414761786869e+01 4.534278918384822532e+01 3.939926666817880374e+01 5.971096889593745516e+01 7.415593480495621748e+01 8.244694309559305623e+01 9.244066981531854310e+01 8.860008673040367455e+01 7.008813534226838726e+01 8.860008673040367455e+01 9.155163065111953813e+01 7.462693393048314761e+01 8.695810968347475978e+01 9.529637779349495474e+01 1.001801541471005663e+02 1.006151674481311460e+02 8.090086776461659213e+01 6.700188404575612822e+01 5.710072615205196911e+01 6.360441337194065881e+01 7.755812058246745266e+01 7.861148109788952354e+01 6.471413880923552142e+01 4.475748729532779180e+01
4.608085242692564615e-02 1.659174287711953966e+01 3.466411135112577568e+01 3.219546687963642739e+01 3.653608128886732942e+01 4.548546789561779491e+01 4.875204044734154252e+01 2.854360720542309693e+01 4.875219851212197852e+01 4.846549380826234454e+01 3.028555815412443764e+01 4.289004983648988656e+01 6.192579404340118288e+01 5.384747332569899214e+01 3.305260255851295170e+01 5.384747375650569268e+01 6.798118362001876847e+01 7.960687026125130217e+01 9.483932864269490892e+01 8.653992859043253816e+01 8.024181315182433138e+01 6.002477546201731684e+01 8.024181315182441665e+01 8.250807269601563121e+01 6.295338936125656915e+01 6.670085827852426519e+01 8.103109011781485549e+01 1.012672007033418566e+02 1.006151674481310607e+02 8.090086776461659213e+01 6.700188404575612822e+01 7.683846825066514441e+01 8.331770551103782907e+01 8.436046617792760571e+01 6.466945635565508610e+01 5.061287196759467832e+01 6.471413883288933278e+01
1.610643649003322755e-02 2.001610643648967880e+01 2.206440289726203119e+01 1.038928553184006098e+01 1.774682299735908231e+01 3.721728360744369013e+01 4.107869130486022868e+01 2.095921568936923762e+01 4.047701509104660289e+01 4.434148794811829930e+01 2.644693580719070169e+01 3.916841729851959997e+01 4.701880825165262934e+01 5.011259891960617097e+01 2.919589335505142813e+01 5.011252953203119631e+01 5.118462592029909786e+01 7.133131641816373758e+01 8.325844388505636573e+01 6.647207021865517618e+01 7.350280058855405230e+01 5.343363023465907702e+01 7.350280058855540233e+01 6.681273602649123688e+01 5.406250971718596787e+01 6.821374110742065966e+01 8.846876061668002933e+01 9.461221761932763741e+01 1.029283690642610338e+02 9.487414008754903705e+01 8.090086776461659213e+01 8.667505245557413218e+01 9.074168221420296732e+01 7.107345346920993734e+01 5.711626534285394996e+01 7.043681960418778942e+01 7.337869377242937219e+01
2.022278438842990689e-02 1.041943799010409899e+00 2.064573233520021311e+00 3.090866761887443026e+00 2.309232699635390418e+01 3.279077901396524197e+01 2.754017407030612574e+01 1.463417307450155036e+01 2.874767643627868097e+01 3.076964625189564373e+01 3.734552211167567748e+01 2.099776546501010799e+01 3.916841731727176779e+01 4.652540947345671185e+01 2.579454646218406211e+01 3.421252675368891971e+01 4.897421440105626544e+01 6.914520409802335621e+01 7.432141425907835242e+01 5.499707475181931216e+01 6.770933013543796619e+01 4.775014137680187076e+01 6.016546587458845607e+01 4.687092557078302946e+01 6.681273602649123688e+01 8.250807269601510541e+01 8.344730435776409649e+01 7.430953304450606822e+01 8.930295430201486795e+01 9.763714996160184967e+01 1.006151674481310607e+02 1.064255955112149081e+02 9.290171707848985250e+01 7.322303971582024928e+01 6.262788692984503314e+01 8.228644818854300524e+01 7.906029131128619269e+01
6.642187732006160639e-02 2.006158093855831481e+01 2.206422355983471206e+01 2.309238961565921855e+01 4.560094918896929528e+00 2.454539624487380678e+01 7.543439087473558402e+00 8.606781200408429200e+00 9.695085616319666144e+00 1.078810608132125459e+01 2.857012349442574006e+01 1.720441636285208986e+01 3.489251725726617082e+01 4.297230328791589926e+01 2.293346487201126038e+01 3.724790840524312330e+01 5.776687570006717465e+01 6.867445213787787850e+01 6.602885083112775533e+01 4.610298320940022876e+01 6.602885083112759901e+01 6.016546587458844897e+01 4.020935273500757745e+01 6.016545934095135806e+01 7.165017842947652582e+01 6.331046991264994972e+01 6.331046963580084252e+01 6.263039014263659965e+01 6.904257476128329074e+01 8.669105025271355203e+01 9.503635683166598369e+01 1.051565685038301439e+02 1.011135805355435480e+02 8.820582551043770536e+01 6.857347194117421907e+01 8.820582551043770536e+01 8.526904993822996914e+01
1.591255364720534082e-02 1.156285376821551303e+01 3.155331016678226774e+01 3.072382834054881329e+01 1.209400869995543992e+01 6.044186486660777291e+00 2.604270045141571188e+01 1.831551191102039766e+01 2.981610847585942992e+01 3.080628267268787823e+01 1.234437404338098787e+01 1.348256491768860776e+01 1.972429353269054175e+01 3.534137662115050915e+01 2.020674073527594672e+01 3.425654856189628106e+01 5.473675699637377079e+01 4.869247549889643523e+01 5.084618704141707468e+01 3.935715945305678076e+01 5.938689495721848743e+01 5.683944689321025834e+01 3.675582096007013888e+01 5.631742267451564032e+01 5.911536343670893956e+01 4.341137886896739673e+01 6.331046926129263852e+01 5.270861665091108961e+01 5.927638242426050397e+01 6.635860220373045593e+01 7.653228730210820174e+01 9.684981320331893073e+01 1.021399124066469426e+02 8.243413773874266326e+01 7.988587537373258840e+01 9.640533712192392102e+01 9.345595855667131957e+01
6.189296070378335485e-02 2.005640191385296234e+01 3.974864269102278769e+01 4.229451785578365985e+01 3.175409853461692578e+01 1.603607037837864269e+01 3.414946934825428571e+01 3.095854197256073803e+01 4.580020586353822409e+01 3.719149026625621701e+01 1.668500827510724349e+01 3.513867511461082671e+01 1.517174533364301681e+01 1.636400089969717442e+01 1.767623052864250610e+01 3.803196798042842630e+01 4.143796629038029522e+01 3.436054797015539464e+01 3.057122363589087399e+01 4.731737046288731818e+01 4.892174994606658345e+01 5.061230502795854846e+01 3.333456650862626702e+01 3.621194249488066674e+01 3.913437502661687972e+01 5.911537246517118405e+01 4.789275532423324222e+01 6.782401015936662247e+01 5.968142136117488405e+01 7.991356756947565998e+01 9.503635683166598369e+01 1.051565685038301439e+02 1.103765365051050651e+02 1.021399124066469426e+02 9.957108875539672965e+01 1.078020798932607391e+02 1.048374953690993010e+02
2.247884206357958492e-02 2.002247884206322581e+01 3.132819881235733561e+01 3.797906382971841310e+01 4.395516767242042278e+01 3.583008418107717574e+01 4.406849092926119482e+01 4.641588186243188829e+01 3.357504332767624078e+01 2.336561762641853690e+01 3.719286173139224161e+01 4.558913903713419558e+01 3.399934604239713565e+01 3.665959233714691123e+01 3.803015118187740740e+01 1.955811181339736748e+01 2.096392262781257187e+01 2.240778358786138469e+01 4.289386340594816005e+01 2.689866541287005219e+01 2.854886268091767576e+01 3.022464171556800849e+01 5.061230502795854846e+01 5.631748020485461836e+01 5.911537282354070300e+01 5.911537277004369173e+01 5.929724623840967723e+01 7.618088915368451808e+01 7.396783748354849308e+01 6.788140271620312660e+01 8.821453341844360807e+01 9.906237148069372722e+01 1.191423560760923976e+02 1.158938838615877245e+02 1.075817632524929053e+02 1.075817632524929053e+02 1.098259400059598079e+02
