MOVIE_S10_data/elevation_000230.asc
nrows	100
cellsize	150.0
xllcorner	0
ncols	100
yllcorner	0
NODATA_value	-9999
[rows 51 to 67 of 100, columns 37 to 73 of 100]
5.327948943593555242e+01 6.061415315381459124e+01 4.375682556032655413e+01 6.360688571223320764e+01 5.016262540537454839e+01 5.427993689385174747e+01 7.427198158610374890e+01 8.579856786987500072e+01 9.137753038101429581e+01 9.809034302209428802e+01 1.064183793530324351e+02 1.164817711970502359e+02 1.125010457194321276e+02 1.010033981977650228e+02 8.473222491661459799e+01 6.525831507035627510e+01 6.021055782951981428e+01 5.719153814165991179e+01 7.670568642391934588e+01 9.251707489530619455e+01 9.112122836391021963e+01 7.148122612688072763e+01 6.150881339874053566e+01 7.148122612688072763e+01 9.112122836391021963e+01 1.045183963653209958e+02 9.621799486313169325e+01 1.045183963653209958e+02 1.059766653016419724e+02 9.426789097743736079e+01 7.497962176782162658e+01 5.461659099627001979e+01 7.497962176782162658e+01 7.919936452603018040e+01 8.468451185752655874e+01 6.454365210457724800e+01 5.251776130010831878e+01
6.736052000273116391e+01 6.360686732900382623e+01 5.774927091630127762e+01 7.190989593995311679e+01 5.307000192710335540e+01 7.304910742796899115e+01 8.259575610549219959e+01 9.542999014950405012e+01 1.037590673232602825e+02 1.127606212364164833e+02 1.243721147514355181e+02 1.146034878032862281e+02 1.062835991236219115e+02 9.838027238803552166e+01 7.868524357156766769e+01 7.868524355014785954e+01 7.301785903792435306e+01 5.344469669992041361e+01 6.476505158291224973e+01 8.429140367471066497e+01 8.894417819640788991e+01 6.934467091238856540e+01 5.566596710402676251e+01 7.508523368796265629e+01 9.034434284521530856e+01 9.463304297333061754e+01 7.655839469371379380e+01 9.463304297333061754e+01 9.000218736910227335e+01 7.983435109717797218e+01 6.972190983071972425e+01 4.944279641638843259e+01 5.884054104213620207e+01 7.919936452603484156e+01 7.629360694263903042e+01 5.594208817646028109e+01 4.434255807779911862e+01
8.742124121517588264e+01 8.363262034677462964e+01 7.775042123617757284e+01 6.496711974392376021e+01 5.605319746737579578e+01 7.606617404155184659e+01 8.536606419626802733e+01 7.530213846376261699e+01 8.429520839004135269e+01 9.592988048800287970e+01 1.160608227642324977e+02 1.062835991236219115e+02 8.640501833139059329e+01 9.222731984507045411e+01 7.868524357765907951e+01 5.919371533757192338e+01 5.477415472460003798e+01 5.063084878885940299e+01 6.702446084096563084e+01 6.481523192130001121e+01 7.297964115257772733e+01 7.084760230408589621e+01 5.138350489781505104e+01 6.260653231499379956e+01 8.210511326355126016e+01 8.638819477842268668e+01 6.679888360991679974e+01 8.638819477842268668e+01 8.163165442987650522e+01 6.124320345761714890e+01 5.114331691834706106e+01 4.459515071765643057e+01 6.480350238359220327e+01 7.826689773574538833e+01 7.976757138078916398e+01 6.050343329921381752e+01 4.034743327284337511e+01
9.549948883280035261e+01 9.927524360002537662e+01 7.915115863435001131e+01 8.275499508049432507e+01 6.268853196085974133e+01 6.136873227982027856e+01 6.528050079080306034e+01 8.536606430993771255e+01 9.968612018970010524e+01 9.968612018970011945e+01 1.198074393951062291e+02 1.036783605139205093e+02 8.384457627593472751e+01 7.266497650998012148e+01 6.684108877305250473e+01 7.294399206844582295e+01 6.859577277572805087e+01 6.702446084096783352e+01 4.735437199958587229e+01 4.510909730227847092e+01 6.173236422662897382e+01 6.595376801308772485e+01 4.749481290669870504e+01 5.994616928105359932e+01 7.851450262667154334e+01 7.985842438892073858e+01 6.014406223823144160e+01 7.985842438892073858e+01 9.000218736910112227e+01 7.983435109717797218e+01 6.058976977691038712e+01 4.042939694780698545e+01 4.961566679988371931e+01 6.394128226781451474e+01 5.945011918809817075e+01 6.890469731195850045e+01 5.511651570017904334e+01
9.655846405614450134e+01 1.075975728288399580e+02 9.927524360002537662e+01 9.035546665412684320e+01 7.024650902380984974e+01 8.142696121812736010e+01 8.536606430993771255e+01 7.284897380862965122e+01 7.954305210333619414e+01 9.378866289720204463e+01 1.139238415687650701e+02 1.119977299093442298e+02 1.005042530673383965e+02 9.222731984507045411e+01 8.632905140301546965e+01 9.254585083568771608e+01 8.816274196396527429e+01 7.518347208822059713e+01 6.701900204617305690e+01 5.598901444207488254e+01 4.199042015974862352e+01 5.557200762686350970e+01 4.383891094725873927e+01 6.271376393618366052e+01 8.564677999327676616e+01 7.416737824161963033e+01 5.428811771487337268e+01 6.840106369479514115e+01 8.808849302547262994e+01 7.633114123294265596e+01 5.599225281099283791e+01 4.437710291453939959e+01 3.543302808207609900e+01 5.110665218565006285e+01 4.518575471574969527e+01 6.540096315890386336e+01 5.161575174195839111e+01
9.390699208655431107e+01 9.390699208655431107e+01 1.022774691234942281e+02 9.868642935601336319e+01 8.184462108611948850e+01 9.868642935601336319e+01 1.013025668766471625e+02 9.297176416091295437e+01 9.297176416091292595e+01 9.599220482981242242e+01 1.161221586941987169e+02 1.153828413642687849e+02 1.070477673453245018e+02 9.117641200286436742e+01 8.288440655196663442e+01 7.826130022805213571e+01 8.341134113297418651e+01 9.161882828878748342e+01 8.370484987080858730e+01 6.986700955859819828e+01 5.874091150551210916e+01 3.895996855133835624e+01 5.241715411526170243e+01 6.925230067050496530e+01 8.101466714533721358e+01 6.919756310993255966e+01 4.925717324026459920e+01 6.919756310993281545e+01 8.429297994831675567e+01 8.471541289693429633e+01 7.298923189512881038e+01 6.119493818686847675e+01 4.101836618442774807e+01 3.101619668674570818e+01 4.716658970000318618e+01 5.554056787557875197e+01 4.821973682827616159e+01
7.348723836056969105e+01 7.348723836056969105e+01 9.390699208655431107e+01 1.103055583313976200e+02 1.019814979081921393e+02 9.636404847350691227e+01 9.856752878495085213e+01 1.068637161386779724e+02 1.131003329933272710e+02 1.161221586941987169e+02 1.161213615051274104e+02 1.060621747894875995e+02 8.697996392547669586e+01 8.288440655196663442e+01 6.327022756125053604e+01 5.879618541007644694e+01 6.381592785987547956e+01 7.291988784009036806e+01 7.834978872590765775e+01 7.275837693051531119e+01 5.696381391422699636e+01 3.717073199898108982e+01 5.447996457864779529e+01 6.264535305681027921e+01 6.698785015821681554e+01 5.296103343448788081e+01 4.477187786985193441e+01 5.624044148585283409e+01 7.607360790569816800e+01 7.703644379235144868e+01 8.149928975017033395e+01 6.119493818686202502e+01 5.948904036393943784e+01 4.716658969172493698e+01 2.709262187200017635e+01 4.340639101023374735e+01 4.562778858756999512e+01
5.931773193357805241e+01 7.348723836056969105e+01 9.390699208655431107e+01 9.584301391357021771e+01 8.752620610779777621e+01 7.620688434603691519e+01 7.841221137165605626e+01 9.338657660767862012e+01 1.017068360048983919e+02 1.133369312122559336e+02 1.077780790638697539e+02 8.766968497063379573e+01 7.775120536123191073e+01 7.083221442970129544e+01 8.288440655196663442e+01 7.210610882041629566e+01 5.276296154879592137e+01 4.898785174033324807e+01 6.358305143029274831e+01 5.415240123021683871e+01 5.873959059552884554e+01 5.447996452468060369e+01 3.465978305277179317e+01 5.205117572958845784e+01 5.352295044985007877e+01 3.913961439554719846e+01 5.876916980738623408e+01 6.146922709968450249e+01 6.013963902263643035e+01 5.424750466255891723e+01 6.896230412290654499e+01 6.344475623092625938e+01 7.148708284340041530e+01 5.554056683827952412e+01 4.340639100906912518e+01 2.334685326802599192e+01 3.980358970487237968e+01
6.404090074257524634e+01 8.428102786668563340e+01 9.046501210926898295e+01 8.214889550840845800e+01 6.741256200982718383e+01 6.203072749563561672e+01 6.718427912650808764e+01 7.322232830985470287e+01 8.484913229890665320e+01 1.050489424168574999e+02 1.161213615071567489e+02 1.060621747894875995e+02 9.772388201724766077e+01 9.066247446628896967e+01 8.913081651044349485e+01 7.096875522120727453e+01 6.459120062122372019e+01 5.034646358739639993e+01 4.380704884647184372e+01 4.063984208712722790e+01 3.883371630285600418e+01 5.433632477309974718e+01 3.920946421082179967e+01 3.218803465069368741e+01 3.401265690126889041e+01 5.352295044964190396e+01 5.550461309820804701e+01 4.039133586004195564e+01 3.927094174468717114e+01 3.841300285266643755e+01 5.973891300563077067e+01 4.468985460609088989e+01 6.114546755333899597e+01 6.359175754936369174e+01 4.340639100864912336e+01 3.980359170514292089e+01 1.976384380053923451e+01
7.836081228619568151e+01 8.585252939141729200e+01 7.887674138028091875e+01 6.207966182201833760e+01 5.589222636858510640e+01 7.001938237528081288e+01 8.730662555229073973e+01 8.730682699099831723e+01 8.596346045892379095e+01 1.002618288460098768e+02 1.203993497489311295e+02 1.211340821139032045e+02 1.128200340139013775e+02 9.977204547243518107e+01 8.057299008827232001e+01 6.814377650189871360e+01 5.976572252058065970e+01 6.094860062452868732e+01 4.395181992249494840e+01 6.055782363326824225e+01 5.619163910975972698e+01 3.634610807594680892e+01 3.461573533331828401e+01 5.033171861814994941e+01 3.045111384863201920e+01 4.870366059841696682e+01 4.611630557843228218e+01 2.612845642915371513e+01 2.502892770080419282e+01 4.346261087587775052e+01 4.240051512180210835e+01 3.374825277111236943e+01 5.301837428090683346e+01 5.333359243856038745e+01 4.475311232842821596e+01 4.756260458669945024e+01 3.720924374679380264e+01
7.315691079460135882e+01 6.579092771913184379e+01 6.579092771974001153e+01 5.060246247967885580e+01 7.051132674309040738e+01 8.418235630782471901e+01 9.838145688264864930e+01 1.074627292771481279e+02 1.061599721621891916e+02 1.144434943515199308e+02 1.193882114414097089e+02 1.128200340139013775e+02 9.283968471930838007e+01 9.869179353721889925e+01 9.432001310525697590e+01 8.556839438401281939e+01 7.777273681718109799e+01 6.521172552795971455e+01 4.633505374153523348e+01 6.609220433241937087e+01 6.225335524419881494e+01 3.953259257753413891e+01 6.143587740262280050e+01 5.535610590128588626e+01 3.566438403590772310e+01 2.881146789172698774e+01 2.769826726712321374e+01 4.500874862392622333e+01 4.248083034001304981e+01 2.349652336365025107e+01 2.244717571271294432e+01 4.079396215378200452e+01 4.910206303236154213e+01 4.332268734555554346e+01 2.404998828310186809e+01 3.685596486385531989e+01 1.653464945756612892e+01
5.318437565941084699e+01 6.134151418272737288e+01 4.589168848217772734e+01 6.579092771974001153e+01 7.887674138027952608e+01 9.568555282178176924e+01 9.225591216310810694e+01 9.226113884816400912e+01 1.124088032660045542e+02 1.193882114414097089e+02 9.931499670009367264e+01 1.029985002368971436e+02 9.869179353721889925e+01 7.895341154416686891e+01 8.814118456760913034e+01 9.280748573882851815e+01 8.015254572602094640e+01 6.845086853553713979e+01 4.875511194606568210e+01 6.842509916097171185e+01 7.358162784183220140e+01 6.451448016829826315e+01 6.561986338565077403e+01 4.649072714180737620e+01 5.305753155446931402e+01 3.389209328653331710e+01 4.759558060844571514e+01 5.193526082588338966e+01 3.244198333347808472e+01 4.346260416731141163e+01 4.091722456259590501e+01 2.101338837098073142e+01 3.944331061985968034e+01 3.675586672940901423e+01 1.800486298293857601e+01 1.743742072134079280e+01 1.951520204059487895e+01
3.920208019842593217e+01 4.149320677785900102e+01 6.134151418293443214e+01 7.032336299236426669e+01 6.934926647015610968e+01 7.960367887930455311e+01 7.266873733599189222e+01 9.225981290814645774e+01 1.067438433356961696e+02 1.213364394188406266e+02 1.029985002368971436e+02 8.317478745686057096e+01 9.155327432700516965e+01 8.706229719925710242e+01 6.857421760568921343e+01 7.316369469509257328e+01 7.197519478572546348e+01 5.235257668694060840e+01 6.845086853553713979e+01 6.270770296738752592e+01 8.231695771467803979e+01 7.830249890442718197e+01 5.873190974678745135e+01 6.137092832770841966e+01 4.187481039645979308e+01 5.305775843687944615e+01 6.127040697282328807e+01 5.924656740624035933e+01 3.950342124454959958e+01 5.924634807573323059e+01 4.918162679725392650e+01 3.944804875500138053e+01 1.966152446277639854e+01 1.875837073745259787e+01 3.758111441852756940e+01 3.699239403914194213e+01 2.691627712129167449e+01
5.583796071945491946e+01 6.134151226424761916e+01 4.657359312346619618e+01 5.036542042081354253e+01 6.250723533988647773e+01 6.160923267686337823e+01 6.915278052390441133e+01 7.851768763983034205e+01 9.849092829460096254e+01 1.130106206028360702e+02 9.298637987095823121e+01 8.165692882804178510e+01 7.197755886949727255e+01 6.753924744079654374e+01 6.338860195369975514e+01 5.938615787631688647e+01 5.614005047387860259e+01 7.197519478514780644e+01 6.837324736135055048e+01 8.231776461860934546e+01 9.054099486602069646e+01 8.649060358890100986e+01 7.253403614195092075e+01 6.800555550060600751e+01 4.810167617869010570e+01 6.800555550054758669e+01 7.310223872408018053e+01 5.350736067676857743e+01 5.924656758036941540e+01 6.203712011866584675e+01 4.855683576104473786e+01 3.939947614082618799e+01 1.967114808185079866e+01 3.258565188666438672e+01 4.668281976652986742e+01 4.636399324608289874e+01 4.636399324482935214e+01
4.741983972344547027e+01 6.733766394363520646e+01 6.060990077710827251e+01 6.749396806516715230e+01 5.591663536057325246e+01 7.681920632810178518e+01 7.411004664320741142e+01 9.366593986551498574e+01 1.067438433356961696e+02 1.182953803927315448e+02 9.822496702448653139e+01 8.425987701403968799e+01 8.573421079438151082e+01 8.706229719925710242e+01 8.289996900530707080e+01 7.891722788359125218e+01 6.091633655068989128e+01 7.468210054678836229e+01 8.800202290546276629e+01 9.624336688423662167e+01 9.956988792726193083e+01 1.004467630352622507e+02 8.218481917948562909e+01 6.213231686888084226e+01 6.800555550093653778e+01 7.628674302480938252e+01 8.123262489044961399e+01 7.310223872415940605e+01 6.044171462100560177e+01 4.884886504457271883e+01 3.455177277728277829e+01 2.061933865080692030e+01 3.939948048729967667e+01 4.765993748066899371e+01 6.077867998558821938e+01 6.627009488504278067e+01 6.202834563352842423e+01
5.887261022291868073e+01 7.565006241990457170e+01 8.065912078387657402e+01 8.379747620313439427e+01 8.010108730116192532e+01 8.972258981225864716e+01 9.366593989437259893e+01 1.018454375562856740e+02 9.814785497916626866e+01 1.065032383787131209e+02 1.124187681432204045e+02 1.041034549988190321e+02 1.056017364270897900e+02 9.724335389040133748e+01 7.753395650088442892e+01 6.962021840331600231e+01 7.214893321401866899e+01 8.865158103961005054e+01 1.026210614067885984e+02 9.370717535918024055e+01 7.948720347685409138e+01 9.370717535918024055e+01 9.044151649040921370e+01 8.218481969044117363e+01 8.269697683900781726e+01 7.367879402734827465e+01 6.495682148932466760e+01 6.478376375508010199e+01 4.975946494287374833e+01 3.415092517712272269e+01 2.162411492371542110e+01 4.007005249744553765e+01 2.991746635516342323e+01 4.399676105109055868e+01 6.391527938435740452e+01 6.902808907437925257e+01 5.381483795849773344e+01
7.890081329488263862e+01 8.722263300677296627e+01 8.716840985512861550e+01 7.888351469333461807e+01 8.716840985512861550e+01 9.239872857262365358e+01 8.754027597142952288e+01 9.489020713839963150e+01 7.805723385635610612e+01 9.413507172790613708e+01 1.024869189004076588e+02 1.141172078188785548e+02 1.113621972321873272e+02 9.139513749321247360e+01 8.919702610005822407e+01 8.919702610005820986e+01 9.177056721261895689e+01 1.000367239202381171e+02 9.632239827276252697e+01 8.475870103307856596e+01 6.540961490515853427e+01 7.904357045746579047e+01 8.736519690678632344e+01 9.045980491596712625e+01 7.224506313894255527e+01 5.354375237292929057e+01 4.470916108964784996e+01 5.034331181678859224e+01 3.672817107543146875e+01 2.266842125408130215e+01 3.532417506897586890e+01 4.924496590346055314e+01 4.399557102283896626e+01 4.399676104927667097e+01 6.391527616232161790e+01 6.082421078150212423e+01 4.099323787762706672e+01
