MOVIE_S10_data/elevation_000169.asc
nrows	100
cellsize	150.0
xllcorner	0
ncols	100
yllcorner	0
NODATA_value	-9999
[rows 0 to 16 of 100, columns 0 to 36 of 100]
8.271705653423140625e-02 1.422485268026530747e+01 3.422485268026601091e+01 4.384930009979234455e+01 3.550973450369892248e+01 3.970110374266197084e+01 4.441458941495009327e+01 4.986600567235517900e+01 5.592768539803748951e+01 6.298469488065068589e+01 7.120358106508663809e+01 8.266218344433787024e+01 9.855744420005763118e+01 9.020786422995425369e+01 9.855744420005763118e+01 9.234700489160894676e+01 8.381344922774248118e+01 8.649209399389468444e+01 9.502247252369201647e+01 9.734995658994056100e+01 8.882348055351720006e+01 9.734995658994056100e+01 9.117723154287914156e+01 8.263902222412950493e+01 9.117723154287914156e+01 9.225472013559982543e+01 9.225472013559982543e+01 1.007433728879699828e+02 1.087827269046826331e+02 1.148262628117629305e+02 1.090031175531768781e+02 1.006572129798982331e+02 1.006572129798982331e+02 1.030489443317444938e+02 1.030489443317444938e+02 1.113873041354139701e+02 1.195629917718088251e+02
7.813061968023242432e-02 2.007813061967987878e+01 2.603408110955728461e+01 2.936495196291773624e+01 1.526154809510270205e+01 1.973368539229580065e+01 2.444773308176944937e+01 2.968020944124609883e+01 3.584509720278905576e+01 4.302445784043645460e+01 5.459445444973125916e+01 7.444597645314603085e+01 8.845619841392944238e+01 6.998680662484477466e+01 8.845619841392944238e+01 8.049998606548309965e+01 6.332785379445437712e+01 6.597749960727408336e+01 8.649209399389468444e+01 8.695830977026029984e+01 6.795794085437439946e+01 8.695830977026029984e+01 8.074635102193980174e+01 6.167424614246741754e+01 8.074635102193980174e+01 7.144781782955672611e+01 7.144781782955672611e+01 9.225472013559982543e+01 8.764293193785324831e+01 9.383463453074428173e+01 1.006572129798982331e+02 8.041826130862710897e+01 8.041826130862710897e+01 8.279610220529029618e+01 8.279610220529029618e+01 1.030489443317444938e+02 1.077621433831340738e+02
2.526786264046545702e-02 3.075239269292564970e+00 6.161306268534416652e+00 9.363869344637407721e+00 1.568833685908096420e+01 3.556250099038430079e+01 4.441458941495009327e+01 4.363760911407985787e+01 5.590522097404763713e+01 6.298469488065068589e+01 7.120358106508662388e+01 7.600733693104794497e+01 6.994836314202665051e+01 5.979939085665371579e+01 8.009733542739947154e+01 7.198608518982382520e+01 5.167469011512705634e+01 6.556305810066703543e+01 8.603770559168442844e+01 7.839071070394577134e+01 5.740475608696620924e+01 7.839071070394577134e+01 7.215663418329837953e+01 5.109606633420560939e+01 6.707922151007089440e+01 5.661642460063104920e+01 7.754201841951072538e+01 8.213231007827158692e+01 7.236212396573608885e+01 9.383463453074426752e+01 9.800847570809614240e+01 8.634611300903561926e+01 6.617785847767987661e+01 6.854903873708502715e+01 8.279610220529029618e+01 1.030489443317444938e+02 9.931532996506277300e+01
4.163169627051844027e-03 2.000416316962669683e+01 2.616130626853477281e+01 2.350624421604935677e+01 2.929911257364444666e+01 2.567830906413959724e+01 3.714185258895928143e+01 5.614707745596106747e+01 6.971966958056498243e+01 7.142721723087466046e+01 6.998895454677111161e+01 5.560274659657064689e+01 4.944790444583226474e+01 6.401041603772232236e+01 8.428383557389187786e+01 6.556305810066703543e+01 4.533114352350850851e+01 6.556305810066703543e+01 8.057936307084381156e+01 7.139539249828587231e+01 5.040251452046051384e+01 7.138965806634216449e+01 6.469873761651695077e+01 4.375780775768159003e+01 4.630889673886309765e+01 6.698575965765574836e+01 7.245314518628700284e+01 6.077435868200416280e+01 8.213231007827158692e+01 1.023886495924222402e+02 8.832901099624098151e+01 7.046078746786221814e+01 5.901769112433914444e+01 7.921555787674863325e+01 9.152237229590163281e+01 8.842062539430051515e+01 9.677859170737070826e+01
5.883922493566802470e-02 1.420097484866649218e+01 3.420097484866577986e+01 4.350912366339377257e+01 4.906636910044315414e+01 3.715112152858806382e+01 5.340192016071467407e+01 6.429604236108740167e+01 7.142721723087466046e+01 5.087232942044849437e+01 5.464422161230871922e+01 4.077439481087375128e+01 6.157911273820551656e+01 7.292392458550943957e+01 6.444093061534634614e+01 6.033920021938529032e+01 4.017769367429811211e+01 5.175121016389476836e+01 7.207061280263353353e+01 6.533443833086181485e+01 4.445603723540710206e+01 5.744143520985898732e+01 5.366397420018581954e+01 3.742617795153035587e+01 4.146980760461958937e+01 4.584501960945858912e+01 5.113431011095078560e+01 6.352968757331107952e+01 8.464281497520592268e+01 1.012318486783457701e+02 9.287578949292715436e+01 7.470771517937947692e+01 5.472185125499921554e+01 6.308618875366156686e+01 7.417272779371691627e+01 6.827105550138276158e+01 8.842062539430051515e+01
1.256007409845548775e-02 2.001256007409810067e+01 3.245072335483039438e+01 4.073499460230021896e+01 4.967926651231787361e+01 5.664014691895018672e+01 6.461331279790444171e+01 6.368380638073367095e+01 5.521732350779857512e+01 4.855734856464576410e+01 3.355864128062994212e+01 5.464422161230871922e+01 6.998895454677112582e+01 6.444093061534634614e+01 4.423644272615774753e+01 5.015401020257303344e+01 3.576016305338428225e+01 4.726881227303888267e+01 6.753045835122914298e+01 7.222205197552825950e+01 5.132020292849855991e+01 3.688534751856064275e+01 3.337120034494488863e+01 5.371561540472638541e+01 6.245346170492440052e+01 6.708025567420537527e+01 6.321762215710247546e+01 8.108272238180613556e+01 9.319252511332972233e+01 9.287578949292715436e+01 7.266021128687172848e+01 7.858121705781849187e+01 6.896863870450606271e+01 4.895554802092350144e+01 5.411697148112684630e+01 6.827105550138276158e+01 8.842062539430051515e+01
9.594114293757748102e-02 6.126168034492875947e+00 1.245072335482968917e+01 2.139499526482900293e+01 3.553713088856045488e+01 5.553713088856115832e+01 5.876785699918908534e+01 5.026050428278802684e+01 3.418726734341010598e+01 2.732665853755039365e+01 3.973761644635372647e+01 6.060532669280630813e+01 7.569281908598760822e+01 6.551787206898934812e+01 5.015401020257303344e+01 3.025119497623016684e+01 5.015401020257303344e+01 6.428310336954962168e+01 7.602969772568229700e+01 7.895373689019653796e+01 6.600235990025467459e+01 5.077105716733597518e+01 3.064298282987956057e+01 4.202004761158694635e+01 5.660722939269824394e+01 7.749514602434916810e+01 8.426700388864350089e+01 9.280867545969009313e+01 9.828668680088807719e+01 8.993478943641673595e+01 7.858121705781849187e+01 5.845470562615548715e+01 6.520352092896041540e+01 4.521442628606428116e+01 6.520352092896041540e+01 7.417272788502607739e+01 9.434475001978542252e+01
7.711341127313005306e-02 2.007711341127277649e+01 3.245072335483039438e+01 4.073499460230021896e+01 4.967926651231787361e+01 5.694147436537294027e+01 4.668021829661240929e+01 2.915930998292161291e+01 2.187133734852407940e+01 4.307561491967433653e+01 5.707263291739742073e+01 6.903202521896587029e+01 6.446292845306685138e+01 4.891083354265212790e+01 3.632977701477827281e+01 2.690284320288779440e+01 4.079350842265283461e+01 6.092313774423975303e+01 7.367716963776385342e+01 7.058730887925450759e+01 4.993387526343109784e+01 4.839396240279754835e+01 2.840976648328777188e+01 4.839436464301862628e+01 6.192598414783908822e+01 7.022485633313007725e+01 8.175523113750837467e+01 8.891761938006324328e+01 8.054453143246659863e+01 6.973247800911686056e+01 7.343967122918925838e+01 6.782314417663683059e+01 4.778540589220695978e+01 4.216384975905667432e+01 6.209139441892430256e+01 6.662308973105675136e+01 8.677512868445559491e+01
2.297228869525369793e-03 8.946569138870861693e+00 2.049357452929955770e+01 4.049364033091162440e+01 4.997635867096894202e+01 4.140576132620608973e+01 2.737276991996447251e+01 1.701987327557515783e+01 3.807772407353756705e+01 5.164189474414576608e+01 5.772315339091316844e+01 6.591975454052088423e+01 5.640397794229390627e+01 3.924712723427874295e+01 4.343431167423089079e+01 2.380595778448819289e+01 3.355262122219837551e+01 4.494131479243344529e+01 6.516066679109165705e+01 6.849206005288309029e+01 4.767289714209589846e+01 3.345583969617951681e+01 2.619712707354743486e+01 4.608242037915519518e+01 4.211928268253162599e+01 5.351169632373806451e+01 7.342011507031516260e+01 8.054453143246659863e+01 6.039782988233815786e+01 6.629866214782921929e+01 5.334570844949288926e+01 6.114389808182683339e+01 4.124142726543607296e+01 3.922497639425248650e+01 4.661685837919069542e+01 6.072819515797194612e+01 8.085462415815750603e+01
9.647730019007895452e-02 2.009647730018972211e+01 3.723116227173357373e+01 4.877894530674706886e+01 3.789952956597867484e+01 2.039428893345979432e+01 1.265929043417675182e+01 3.353627520232101489e+01 4.668021185778528803e+01 5.404993873577092245e+01 3.684476415651014491e+01 5.404993888683488024e+01 5.639739978560078981e+01 3.652772946242366459e+01 2.618294044444526847e+01 2.081388108591299613e+01 3.472402493401079226e+01 5.459863238016669129e+01 5.607288417694708471e+01 6.448647364612573085e+01 6.226184863762193800e+01 4.390868818451963307e+01 2.407708543652519495e+01 3.087770177629307256e+01 5.027771732533808091e+01 5.998748892568023905e+01 6.794296232572602889e+01 7.866564582123409366e+01 6.629866214782921929e+01 4.631044850631666066e+01 4.449185534244286799e+01 5.514256712590722742e+01 3.545901342816809176e+01 5.514307734552697582e+01 6.662308973103313292e+01 7.497139156049253472e+01 7.125660006917064493e+01
3.582433992925927735e-02 2.003183892476286587e+01 3.578708318223465312e+01 4.539063773413771941e+01 2.927474138127815806e+01 8.566490501110084921e+00 2.927478209738344717e+01 4.215711984849520633e+01 5.179362706056338794e+01 4.566900839980057469e+01 2.438039893561860794e+01 4.566900840129623873e+01 5.308489006289085665e+01 3.652772949965121541e+01 1.671332820997323410e+01 3.652772944095861618e+01 4.886847977235220952e+01 5.292202008840318683e+01 3.617299458119851607e+01 4.736424140693882379e+01 5.315998487387428639e+01 4.248009608733757858e+01 2.205075028697137896e+01 2.846548825402965122e+01 3.507012119887029655e+01 4.245675986999086149e+01 5.240054258387678487e+01 7.063509473759729929e+01 7.465772463120079294e+01 5.630455532707293287e+01 3.658224755184490817e+01 4.932839195877063787e+01 3.313371678816294263e+01 5.270776509566189816e+01 6.337649380828906231e+01 6.799307853421073844e+01 5.115759595035011387e+01
1.813270376062421294e-02 9.322665557875398079e+00 2.076680649244995180e+01 3.620834591876189279e+01 2.572799749676065773e+01 5.882359810407275624e+00 2.647862465577482638e+01 3.914667286877667607e+01 3.354007101726405438e+01 3.346785715690318597e+01 1.637471712756514108e+01 3.072425216169973794e+01 3.691684335578529641e+01 2.463560044383908121e+01 1.424309369849385831e+01 2.819826251558522046e+01 4.836201575527221763e+01 4.442066302197244454e+01 2.487342600231179901e+01 2.766821493908581431e+01 3.342436201738073009e+01 3.700959246221840715e+01 2.012210702767967518e+01 3.907746967269424943e+01 5.270156922018766465e+01 5.655074732718644981e+01 5.358144054592146688e+01 6.135448182786500837e+01 5.963538030146811764e+01 5.802686871069248298e+01 4.822502021626547020e+01 2.990122838485006440e+01 4.703776060284894101e+01 4.814129585639676634e+01 4.339886877109399421e+01 5.036945487592632276e+01 3.967713321243687830e+01
2.372884694381488524e-02 1.757896190374769674e+01 2.090000983273724344e+01 2.184669977099703075e+01 2.665818521320454604e+00 3.253209512379766188e+00 2.332202937060168679e+01 1.882968015695830744e+01 2.506051638039200569e+01 1.570120315034587932e+01 6.568876651235488140e+00 7.054985967009295145e+00 2.731202742333288214e+01 1.111405795141160802e+01 3.006000037025870242e+01 3.526380407437768838e+01 3.274674812193306650e+01 3.199383885910489056e+01 1.981889572171971636e+01 1.380002498439447933e+01 3.333013180866523584e+01 1.742652151239460068e+01 3.700959246221840715e+01 4.775562247104233649e+01 4.713695810246648676e+01 3.492230826302061075e+01 3.523952899389953330e+01 5.035450074782450969e+01 3.751385241387224312e+01 4.342922981360305812e+01 3.600011840439395883e+01 2.786430978862872365e+01 2.755736418583101610e+01 2.862944865988411536e+01 2.969491475055940910e+01 3.075818412737908503e+01 3.182281966631154546e+01
8.175220331382776484e-02 6.659584530492171917e-01 1.250414227741242668e+00 1.835620812045639649e+00 6.519850239861330721e+00 1.832812179499537564e+01 4.103342040094910104e+00 4.702929339159274136e+00 5.306379652615349052e+00 5.908710451617200654e+00 7.398872158393651866e+00 2.116638251732361908e+01 8.012048782832486893e+00 8.758260140832158314e+00 2.867912550751299960e+01 1.079204652224517602e+01 1.148069233416594592e+01 1.216250398278151579e+01 1.284138245901045394e+01 3.249282735958241375e+01 1.476184953665152477e+01 3.438229756880083698e+01 4.290529810195493354e+01 4.539994298640904447e+01 3.688675661015028595e+01 1.976323025839741021e+01 3.702339181470458840e+01 4.103215488879719430e+01 2.302213784540094466e+01 2.398711809639556591e+01 2.495011234295516545e+01 2.602727362646997022e+01 3.217202692541048492e+01 4.814068327563280292e+01 4.925017965998828373e+01 4.540380417061027885e+01 5.149747343386912490e+01
9.124702163186203252e-02 2.009124582193472719e+01 2.135270191075714763e+01 1.597099755375908003e+01 1.474920885072487842e+01 2.801995722591540172e+01 2.394435443077320969e+01 9.052555257840730008e+00 2.522247277986866720e+01 2.587688850278495778e+01 1.153916952787528061e+01 1.623792442451202334e+01 2.804532936231969842e+01 2.767481222764160265e+01 9.792202522168024004e+00 1.331112190419947616e+01 2.754646706115297050e+01 3.125224415854727766e+01 2.389526710167921664e+01 4.053076242753297720e+01 3.434872059943261746e+01 1.579204884509905504e+01 3.476371342019353960e+01 3.656170246872926555e+01 1.866314817167281959e+01 3.816573285399555715e+01 2.087294055462413311e+01 2.166034633962284062e+01 3.693516823445913388e+01 4.311570584771906312e+01 4.442034786603147012e+01 3.441719377126166535e+01 4.851063994170024785e+01 4.201967660624726619e+01 6.202674532214246739e+01 6.726235316053313795e+01 5.667540542248636370e+01
2.239863785106879432e-02 2.001864647084422444e+01 3.581445466725363502e+01 3.571629087912688050e+01 2.815765195523303888e+01 3.550785738410809955e+01 1.571701103583096781e+01 2.892649618110451826e+01 3.708349374317153746e+01 3.817600238792431355e+01 1.710250088067454755e+01 3.261781583642316917e+01 3.439200630393396807e+01 1.477258096163803636e+01 2.958649793408980599e+01 3.034612075299179779e+01 1.782552918435411726e+01 3.298294420001636240e+01 4.055163790664944656e+01 5.027513274801196985e+01 4.276339751365242137e+01 3.022397604811786920e+01 1.682370497900122785e+01 1.756859458804673224e+01 3.716483584569690635e+01 4.632013282610135008e+01 4.137109366616335393e+01 2.972487695007828989e+01 2.361220387059078973e+01 4.299157561393853655e+01 5.139549588238870825e+01 5.434695218765414637e+01 6.235742787605183679e+01 5.613688698455717940e+01 5.613688774467185993e+01 7.624613127391124578e+01 6.821191109890931159e+01
1.766589122093755945e-02 7.576959404385617880e+00 2.172082990171440997e+01 4.174185815930129451e+01 4.756491393975466764e+01 2.826497176720891957e+01 3.553172694424704048e+01 2.459798828752019162e+01 4.437730732959338553e+01 4.311078665421950262e+01 2.291739359332460424e+01 4.259254710714890280e+01 3.344566374667233788e+01 1.834466654876897707e+01 3.794635996631461694e+01 4.384390862545552636e+01 3.613714373962676518e+01 2.246756218758791590e+01 4.051931457548284499e+01 5.429621074439007344e+01 4.155673819014995019e+01 2.191173391064051046e+01 3.651781046846340928e+01 3.721895437710933408e+01 2.156591333819297773e+01 4.119099589341985990e+01 5.348854636159713749e+01 4.853877701400320888e+01 4.299156411295413704e+01 2.555275525197135522e+01 3.158029844788190488e+01 5.264333900834090230e+01 6.915896103272203277e+01 7.624603877379848882e+01 7.624613165986473007e+01 8.456156104373290816e+01 8.531730206240565906e+01
