MOVIE_S10_data/elevation_000464.asc
nrows	100
cellsize	150.0
xllcorner	0
ncols	100
yllcorner	0
NODATA_value	-9999
[rows 17 to 33 of 100, columns 37 to 73 of 100]
5.642715102450706866e+01 5.052781965576928513e+01 6.866735743261928349e+01 5.755737003760704340e+01 4.387439938508845927e+01 6.370085682940855776e+01 6.916442670772057966e+01 5.297587453149875358e+01 7.285608992224217673e+01 8.121435856026182876e+01 6.789904672581570821e+01 7.356417405870325865e+01 8.057730113128637583e+01 9.066008795506817819e+01 1.110275671927235237e+02 1.176273420313397793e+02 9.759641720585669589e+01 8.600454276775253959e+01 8.860873627386817475e+01 8.896262475112844470e+01 7.071903225457519682e+01 8.775428463988009753e+01 9.603698222144890906e+01 7.727858197384108507e+01 5.708959413880223366e+01 4.267324842860151790e+01 6.128250772749984776e+01 4.817195408534552570e+01 6.845290761093752963e+01 8.245183485803092083e+01 8.952855066458675992e+01 9.776932243654621857e+01 9.826490552219601682e+01 9.541785103187400807e+01 7.873571070743643929e+01 9.233037716982647680e+01 1.005976002395791937e+02
7.638498479273647490e+01 6.066270038929416586e+01 7.815107925545045475e+01 6.986986226615803730e+01 5.045710008195166552e+01 7.045859506005227502e+01 7.961622590208365580e+01 6.106854584826567134e+01 5.705163202293471869e+01 6.136690817989062197e+01 8.121435855950358018e+01 9.367852843402771157e+01 1.008438275738957657e+02 1.092438909239293139e+02 1.194077102620618689e+02 1.259257356587777537e+02 1.143603398303664136e+02 1.060624821912299325e+02 1.086613998883454002e+02 9.894037680943213786e+01 9.064632700060353443e+01 9.894037680619410935e+01 9.118420628020494689e+01 7.098506832288072133e+01 5.679205656090380216e+01 5.458941514299895204e+01 4.093213366098289896e+01 5.961831978373943741e+01 6.794930145977441782e+01 7.244590065844882076e+01 8.073672842920603898e+01 9.238746331339474693e+01 7.826505574359318018e+01 8.412629289086923734e+01 6.695174704083744643e+01 7.223455687959182114e+01 9.233037716982647680e+01
8.904147443195553535e+01 8.075306123280026327e+01 8.904147443195553535e+01 7.877449704381021434e+01 6.045349230342928593e+01 7.877449704381021434e+01 8.025440706241943190e+01 8.025440706241941768e+01 7.688328981116760019e+01 6.263303604171742478e+01 6.753054981006852131e+01 8.749449272766460695e+01 9.166935858983116248e+01 1.060419392149101725e+02 1.263475810369753134e+02 1.258468023508953593e+02 1.221087614614698964e+02 1.106531218523254978e+02 1.024111687469022627e+02 1.054114391685436232e+02 9.700675001730510871e+01 8.876982006044880791e+01 8.845864413757138323e+01 8.523497548500907328e+01 7.355753074229569677e+01 6.195260329519628328e+01 4.161010500672220758e+01 3.925575627817772073e+01 5.813716172778948277e+01 5.221029429552108780e+01 7.244590058366613050e+01 8.385079959231529756e+01 6.387596478585080462e+01 6.387599902994727330e+01 5.775711000600382761e+01 7.223455687959180693e+01 9.233037716982640575e+01
8.120012766014158956e+01 9.016557485036342712e+01 8.589547387877195206e+01 8.879458703123184193e+01 8.046369782383493430e+01 8.879458985259896053e+01 1.015210448445676974e+02 9.324030072004420333e+01 7.315359987142817033e+01 8.250350749099192171e+01 8.749449272766460695e+01 7.524769437780447845e+01 8.681031041129335790e+01 1.071293599455885328e+02 1.200731476211830113e+02 1.059877558266607736e+02 1.138350739165790628e+02 9.404828974185022616e+01 8.260127886204440983e+01 9.097392348926271666e+01 7.719921642119743410e+01 6.872894668302356536e+01 6.840266674144000092e+01 7.146714780924386901e+01 6.531491630979485308e+01 4.501064775632257664e+01 6.195260330151353401e+01 5.813716172789815317e+01 3.778163739510291919e+01 5.667193947944514321e+01 6.501301929428798587e+01 6.371604354155045513e+01 6.371928203470537966e+01 4.962313908371357485e+01 6.387599902994727330e+01 8.412629289086923734e+01 8.904221298206006452e+01
7.300156124858996520e+01 7.014084380937242713e+01 6.592774717981102128e+01 7.750333362503867818e+01 8.380998734601904232e+01 9.139846403043536327e+01 9.976762210155524713e+01 1.016310693265570393e+02 8.730032937440431340e+01 9.324030072004420333e+01 1.037970230446707802e+02 8.524167804338522103e+01 1.037970230446707802e+02 1.155161212431587785e+02 1.118043180437660880e+02 9.206733546503470222e+01 9.932154903354226860e+01 9.437662092970225558e+01 9.003769442360355413e+01 7.099635406918645231e+01 6.377604016502194639e+01 5.695299877241503594e+01 5.401532457689481248e+01 5.119830943729095196e+01 4.859355562371871429e+01 5.520555267849641012e+01 7.362450120080357863e+01 6.647273035147463816e+01 5.667169518019188956e+01 3.634534006695438535e+01 5.522188833004856434e+01 5.838718781611496667e+01 4.378957194764518590e+01 6.372122326842560369e+01 7.814294695506090704e+01 8.313643075844183272e+01 6.897630817004638004e+01
7.283385909925699764e+01 5.617055832508162894e+01 5.199741287436356885e+01 5.766381847286552187e+01 6.386659719572654126e+01 7.132124188951091526e+01 8.547380598677069941e+01 1.057018537921657497e+02 1.075806601027955480e+02 1.135203128091366693e+02 1.139452782035198624e+02 1.055546244111866514e+02 1.139452782035198624e+02 1.206111924395523545e+02 1.008118718852643099e+02 8.946304867932212801e+01 7.954183879571512250e+01 7.449317260843768906e+01 7.004559525788991436e+01 6.594738906182951155e+01 6.207008389415084793e+01 7.719921642119786043e+01 7.427692648090480532e+01 5.890168582365468097e+01 6.035008414132413179e+01 7.542427155640960734e+01 7.542427156537591770e+01 7.318575851565177004e+01 5.296060032080454505e+01 5.522173574413253050e+01 3.494678458630627915e+01 3.851878346070463266e+01 5.839481744152770659e+01 7.206011637871911546e+01 7.731614826592610257e+01 6.901343637083311933e+01 5.462298622734830644e+01
5.896028924672309302e+01 4.477729157777336155e+01 5.464700349534496127e+01 6.860140639370288795e+01 8.380998734665524807e+01 9.139846403043536327e+01 9.976762210155524713e+01 9.646996431328255994e+01 1.048455452555042484e+02 1.071129874951085412e+02 1.154767248649971378e+02 1.149806309640480890e+02 1.233307384213541837e+02 1.289108977629600759e+02 1.132867984845372291e+02 9.353695330901670957e+01 9.932154903354226860e+01 8.602911689059837386e+01 8.423888698245025353e+01 8.022441783203025523e+01 7.640872137524641516e+01 9.048562549870668192e+01 7.543945850752189131e+01 7.064728327620045434e+01 8.051312714938433146e+01 8.877230036416997905e+01 9.541888007122183524e+01 8.147911902773458337e+01 6.855834153758743810e+01 4.830292713971761032e+01 3.401248842662430860e+01 5.286268145874321789e+01 6.092591076625087254e+01 7.305208281919581736e+01 6.901343637083311933e+01 4.876815259281588766e+01 6.901343637083309090e+01
3.908055870083846628e+01 5.896028924672309302e+01 7.283385909925698343e+01 8.278058071466543311e+01 9.695975503562807774e+01 9.935487182919493421e+01 9.319717985599946530e+01 7.631301691492630823e+01 9.319718150618629693e+01 8.686246321471877252e+01 9.842400607069644991e+01 9.470298953836135070e+01 1.124202759971714727e+02 1.241208886180187960e+02 1.215597321473279067e+02 1.132867984845372291e+02 1.140278537985364409e+02 1.057795234014819528e+02 1.040372603755215692e+02 1.000775790660171936e+02 9.632567869522236492e+01 1.036441275428795024e+02 9.539974412681756633e+01 9.065192381598454574e+01 9.889034456787631200e+01 9.375547090387176752e+01 8.793349196943701429e+01 8.265477954834490504e+01 6.262675576901148844e+01 4.829577286170699324e+01 5.240167206998738436e+01 3.270983107501214704e+01 4.549072858759407012e+01 5.965608212118265641e+01 6.041198482897009114e+01 4.499845601439065490e+01 5.515054810123900353e+01
5.364720777270557761e+01 6.404420254775460819e+01 7.196540085777101581e+01 8.027093601340340001e+01 9.346000078979332670e+01 7.920026395057118407e+01 8.483234512820899909e+01 6.487341736664296832e+01 8.118814301618800755e+01 7.529255899216488501e+01 7.823538414098261740e+01 8.378191663154422031e+01 9.546035801897407680e+01 1.157694501689654061e+02 1.140571218130860274e+02 1.058329291302875532e+02 1.058329291302875532e+02 1.030429870473150231e+02 9.481784801218071834e+01 9.481784801218071834e+01 9.485567751392862590e+01 8.662024580394987083e+01 8.809464463260886191e+01 7.984888780412448739e+01 8.809464463260887612e+01 7.376017899192102334e+01 6.788940053287535648e+01 8.202850266079821040e+01 7.675930388680642125e+01 6.538535866916251393e+01 5.628003670880945464e+01 5.020976584937191944e+01 3.141818193871906217e+01 5.150099662233092346e+01 4.015275533190629886e+01 6.041198478189827625e+01 7.356761278857793229e+01
3.581574841973196044e+01 5.578851274394490645e+01 5.214748443510479348e+01 7.196540086819874205e+01 8.510341192606237826e+01 6.515087199069778023e+01 7.248431766599927073e+01 5.748032899945513208e+01 6.130448946297199342e+01 6.567691555821636484e+01 7.113388112578415701e+01 8.004069367938963353e+01 9.169346190580012035e+01 1.120112383396824214e+02 1.058329291302875532e+02 8.603753967996367180e+01 8.603753967996367180e+01 9.481784801218071834e+01 7.486001751537878590e+01 7.486001751537878590e+01 8.662024577013697524e+01 6.655036304339721198e+01 7.242869021161600074e+01 5.969523310881251632e+01 7.805392081362970202e+01 7.376017897849617100e+01 5.356230327767467259e+01 7.376017899192102334e+01 7.201333153148655697e+01 5.036661484859294546e+01 3.667226010742906084e+01 3.019185105417381365e+01 4.571479557075582534e+01 3.562120373501547732e+01 5.582417277162453217e+01 6.873854390823241545e+01 8.242152462302766480e+01
5.578851284822550838e+01 3.806424158339093822e+01 5.795201757322836755e+01 6.863417469378950386e+01 7.647123108974777494e+01 6.817775964114704834e+01 5.274937753344659086e+01 7.248431766488712924e+01 7.890987561377228587e+01 8.565551999719808407e+01 9.122851187612582180e+01 9.960853716861414853e+01 1.086644336968026892e+02 1.203726723204280376e+02 1.032684100361197039e+02 8.346598569771563803e+01 7.186528945758148268e+01 8.332015928108225467e+01 7.811886956269444227e+01 6.054475587690711791e+01 6.992914340442882803e+01 6.700530358594832592e+01 5.219707413009730601e+01 4.953888824438944738e+01 5.928265110822617601e+01 5.710937321823798385e+01 4.643216308877512688e+01 6.578877334950229283e+01 6.710455730271260677e+01 6.539344664762865023e+01 4.930642712761363811e+01 2.933301756292030049e+01 4.930811903138037877e+01 5.582417005938949472e+01 6.416099874939678216e+01 7.510941130802439147e+01 6.690762265459477476e+01
4.346642578249841193e+01 5.795201765686488926e+01 4.056300852760416831e+01 6.037208110223192392e+01 6.502242979706160497e+01 4.847273107640233292e+01 5.188817434043067323e+01 5.539344101201113091e+01 5.907467664638027571e+01 7.890132199078554720e+01 8.952369931448228613e+01 9.788827118530093685e+01 1.118153737962175143e+02 1.201663119798860890e+02 1.114867666800080457e+02 1.000473307465248496e+02 8.332015928108225467e+01 6.317565107226803889e+01 5.789837309998483050e+01 5.296127810967865912e+01 4.967218692191701734e+01 4.675142958235932156e+01 4.393243834691546112e+01 4.132555378467750984e+01 3.918762748529244533e+01 3.714628957049356472e+01 5.421282706523163597e+01 4.638131554681563529e+01 4.519750803788175375e+01 5.909261144497168772e+01 4.841294063843260176e+01 2.847880082600370244e+01 4.840799212784475003e+01 5.390098927374121018e+01 5.727384217228628671e+01 6.080263195873048687e+01 4.665965917188484013e+01
4.944452752780615867e+01 6.863417427964921558e+01 6.037208092216712174e+01 4.307977715112672712e+01 4.530363199534870944e+01 6.502242979706160497e+01 7.161103019122354851e+01 6.929708213369339376e+01 7.890987561667455452e+01 6.471431611241423809e+01 6.947599151460335065e+01 8.953624252134535766e+01 9.151408882877585427e+01 1.118153737962172016e+02 1.132966236931834203e+02 1.018631215288895220e+02 9.155012558454951943e+01 7.976658844701738360e+01 5.957224684451710317e+01 7.321467885990199420e+01 6.992914340442882803e+01 6.700530358594832592e+01 4.842824007819023535e+01 6.151200922643658231e+01 5.928026221927344608e+01 5.420916312841657714e+01 3.449543536641605357e+01 3.282928083494976335e+01 3.117446041866967832e+01 4.808900016533323196e+01 4.720092115065992289e+01 2.762954466216853433e+01 3.065295651600280635e+01 3.375177211431579138e+01 3.703682146248773677e+01 4.053137624897752289e+01 6.080263195873048687e+01
5.564950225587809030e+01 7.545008988017387708e+01 5.918657037109223040e+01 6.283145226347946277e+01 4.736769197814881238e+01 6.700386269780035775e+01 7.972380952062472659e+01 8.931919495089252337e+01 9.303707845275306454e+01 7.875959610656353505e+01 8.096530660354491715e+01 7.725799692677050245e+01 9.151408882877585427e+01 1.118153737962074672e+02 1.050751750688624782e+02 8.529037741765625924e+01 7.371923440630068569e+01 6.728783938086681360e+01 7.391968411251747284e+01 8.801124316015739169e+01 7.631021511263753609e+01 5.610188788381316982e+01 6.867020248178893382e+01 7.269735378465161091e+01 5.254902170650051119e+01 4.358894316274520975e+01 4.049256016623071730e+01 5.177857338915737273e+01 4.775440548222903914e+01 2.883790530951629805e+01 4.578489190850147850e+01 2.681501091541052872e+01 4.661156403600364229e+01 5.389951447485207581e+01 5.727384381039260575e+01 5.490839217200930733e+01 5.227727634956958980e+01
6.257482150663747689e+01 8.249180799102167327e+01 7.317782491360956953e+01 7.525538610520661109e+01 6.700386269780035775e+01 5.181851432797508039e+01 6.309522367438846402e+01 7.699916773643809620e+01 9.701396041502582079e+01 9.894229569373158029e+01 9.522329231526873627e+01 9.151408882877996120e+01 9.151408882877585427e+01 1.118153737962172016e+02 1.076401170852552980e+02 8.785852166241519967e+01 9.365241681907640725e+01 7.895260137421861657e+01 9.388226418926514327e+01 8.529801933849601880e+01 6.520080004517907923e+01 7.631021511263753609e+01 8.451779695500333389e+01 6.903746752628332217e+01 6.369350034872927324e+01 6.369724353229631220e+01 4.750056472117091744e+01 6.425093511118126344e+01 5.510353722260833109e+01 4.533525796224987658e+01 2.649873938089067948e+01 2.600077822775524439e+01 5.111054255290466841e+01 6.178699807359563323e+01 7.012889747767120241e+01 7.503153789779523208e+01 7.244853035432618071e+01
7.139364211674551086e+01 9.084433474261247454e+01 9.322435208896013137e+01 8.200672173336801052e+01 6.225576847810094705e+01 5.557894285792206546e+01 7.523151610758843333e+01 8.658281763076401205e+01 8.658281763495087091e+01 1.067388637085533389e+02 1.154868832364091418e+02 1.118153738444870555e+02 1.118153737962175143e+02 1.201663119798861317e+02 1.158677213953639864e+02 1.076401170852552980e+02 1.070342366465155521e+02 9.881867270652642787e+01 9.923579995661177122e+01 7.945333594198363869e+01 7.686968802709323256e+01 9.355690704869773811e+01 9.689053573935018449e+01 8.890710617415885508e+01 8.371807659005480673e+01 6.774535143421994121e+01 5.654671112415879719e+01 7.241388668590582256e+01 6.303869510507694685e+01 4.468222420768759662e+01 2.484536637347729382e+01 4.361330521658980786e+01 5.193335617004643012e+01 4.158627209416392390e+01 5.649727696296803003e+01 6.365056287782996236e+01 7.194880134889382362e+01
8.292422174382451772e+01 9.983979956388441224e+01 9.614909622794941413e+01 7.614875841355299713e+01 8.200669416591635752e+01 6.430159484495611366e+01 6.174333702428386772e+01 6.677888949881619851e+01 8.658281763497305406e+01 1.044102624558396570e+02 1.161084660409852205e+02 1.180447266132327684e+02 1.097948583057920757e+02 1.123717987073026450e+02 1.206260093182769992e+02 1.140871941862936296e+02 1.053965601243636598e+02 1.053956107171813699e+02 1.073260864503286172e+02 9.923579995661177122e+01 9.681772340917906661e+01 1.050875281210326619e+02 1.023888225760962030e+02 9.410597077750574613e+01 9.585429805672804093e+01 8.482673773570716946e+01 6.828773658972988869e+01 6.580049329284744886e+01 4.453154711946548616e+01 3.438236001721860902e+01 3.165568433401758242e+01 2.380364577086766431e+01 4.255064206360977863e+01 3.009718610190821053e+01 3.632624465958974724e+01 4.341709613826864711e+01 5.248490800606545292e+01
