MOVIE_S10_data/elevation_000173.asc
nrows	100
cellsize	150.0
xllcorner	0
ncols	100
yllcorner	0
NODATA_value	-9999
[rows 68 to 84 of 100, columns 37 to 73 of 100]
8.857568441912690105e+01 8.030910408363695296e+01 6.677395015520156107e+01 8.042027404741638463e+01 8.620743843093050884e+01 9.288004236642197498e+01 1.011265685995145134e+02 1.110954480440564396e+02 1.084435804986264458e+02 9.435568182564017548e+01 9.435206136218995709e+01 1.143104826207348026e+02 1.020109823726336060e+02 8.188570662105017561e+01 6.801960036276904020e+01 7.177083597976793783e+01 8.350914792930366559e+01 1.036009110943440277e+02 9.686077435776438449e+01 7.666249931089042491e+01 6.647347052244590770e+01 5.926629833176504292e+01 5.340633918647509404e+01 4.865204104411464670e+01 5.394493944311923173e+01 7.087422718978855585e+01 7.221206467503229476e+01 5.186039622805233051e+01 4.354060274014265275e+01 2.287855225337088783e+01 3.261250927334550198e+01 4.346422853460777702e+01 6.068856280413992721e+01 6.122592475594425565e+01 5.323189828547646840e+01 4.149152683798968866e+01 5.433481408004035984e+01
7.701881091866547990e+01 6.026724132109725929e+01 5.519517692438235912e+01 6.036477578973283187e+01 6.616011294295189771e+01 7.286223055997517406e+01 8.289919918705076896e+01 9.702915363385552894e+01 1.169399318203713420e+02 1.144092999157219310e+02 1.085071054619402275e+02 1.114738627583307959e+02 9.146178380419948439e+01 7.979085101433383898e+01 7.979085101433383898e+01 8.350914737877398863e+01 1.002731169535809386e+02 1.118440253504178514e+02 1.051408284991833426e+02 9.507221865623104406e+01 8.676163683432734786e+01 7.958868684584146536e+01 7.372211860625236568e+01 6.893364347531407077e+01 7.422214877041690784e+01 8.253107668238311589e+01 6.625647186063970651e+01 4.589735872179075216e+01 3.165481943269695719e+01 2.358514353262134833e+01 4.347612783738982500e+01 5.325367324083246956e+01 6.779614452132585711e+01 6.829534886335925137e+01 4.965658321120054808e+01 5.996360442550212611e+01 6.799612169827148023e+01
6.318518646250879556e+01 4.871723048157819136e+01 6.873792922262313709e+01 8.042027404741638463e+01 8.620743843093050884e+01 9.288004236642197498e+01 1.011265685995136749e+02 1.031901812146837614e+02 1.115163256543742847e+02 1.201836556111272074e+02 1.283210744650627646e+02 1.196859326385203133e+02 1.081634721271111914e+02 9.991988358711907381e+01 9.406438582465860065e+01 1.035997055319757720e+02 1.118308727647389702e+02 1.046250331051350884e+02 9.319264034516552897e+01 8.499845738545467100e+01 7.790178771663713064e+01 7.153019411276957840e+01 6.651839648936058325e+01 7.141340439056254752e+01 7.965994034516242550e+01 7.055522052851878811e+01 6.225498596895285175e+01 5.993863635686487612e+01 4.861734546875426588e+01 3.824649479113645612e+01 2.460498137630772675e+01 4.717183243176963003e+01 6.587788035152202326e+01 7.634280391099547103e+01 6.263853249378992416e+01 6.161351790105834425e+01 7.992072375262407036e+01
4.320307299843913995e+01 6.318518646250879556e+01 7.701881091866886209e+01 8.447486267907207491e+01 8.791424536150138636e+01 8.904242417040497060e+01 9.732500411234295257e+01 8.316295733572884785e+01 9.163457456530242951e+01 1.100595990525121408e+02 1.204279549516568864e+02 1.123388000940530134e+02 1.098051721881611655e+02 1.178941386842048189e+02 1.140563056991870070e+02 1.119622226237170963e+02 1.037545923627729678e+02 9.644158810086665312e+01 7.662150430412116009e+01 6.492604439880763323e+01 5.775303960345492271e+01 5.148300361913398149e+01 4.662636543333906047e+01 5.145033251730729518e+01 6.814341617478378055e+01 6.226352463625487843e+01 4.211014487336629486e+01 4.769375458377926691e+01 4.719698416008012742e+01 4.452172532732712540e+01 2.533532806486149980e+01 3.687059400959384448e+01 5.728503940355317070e+01 7.089328443191246265e+01 8.195211166270415504e+01 7.553347347310554483e+01 8.789679451066461979e+01
6.090928617807600176e+01 6.392498034829044684e+01 6.705163229328971397e+01 6.443110463569746571e+01 6.786968270040487994e+01 6.899320818295335300e+01 8.265189762635274917e+01 7.156974758547897864e+01 8.161402601301435311e+01 1.016729557050346671e+02 1.123388000940530134e+02 9.286856859811597076e+01 9.034747827566471301e+01 1.058487209038452477e+02 1.139320084449371109e+02 1.005822365957955355e+02 8.408715607626797350e+01 1.005822743591546669e+02 9.319264034516552897e+01 8.499845738545467100e+01 6.785953088366441932e+01 7.153019411276957840e+01 5.988771947068676837e+01 4.015295780338992415e+01 5.441428138254890712e+01 5.742024747168554910e+01 4.800700097739760963e+01 2.793353179478308945e+01 2.716488077091008790e+01 2.640227230598365082e+01 3.784550757675258126e+01 3.161171963731830914e+01 4.164056949537474139e+01 5.614500253036425192e+01 7.702768360384172297e+01 8.961505211588558950e+01 9.889249819247929452e+01
4.094015964697382515e+01 4.392675442290825316e+01 4.703487714558040977e+01 5.026949197304314509e+01 5.369239862218750403e+01 5.740365236391699710e+01 6.257876399227239972e+01 7.418272070256433892e+01 9.422100845339275565e+01 1.100270179679441469e+02 1.073156154408144829e+02 9.857126737200404420e+01 7.894721422020019475e+01 8.630597920794312472e+01 1.058487206500309412e+02 9.239958291734430418e+01 7.255529949170833959e+01 8.489907110677543756e+01 1.046571502656336321e+02 9.606746459599716559e+01 8.786277249988405913e+01 7.984326467915592218e+01 5.988771944189272745e+01 5.441428137927066189e+01 3.468955188402733114e+01 4.911079915777624194e+01 2.903187597290550315e+01 4.800700102831237359e+01 4.723140066064647158e+01 4.673864329705457976e+01 4.583124624526784885e+01 5.195098385140229880e+01 3.918678351755459488e+01 4.845294886730333417e+01 5.944007924649466190e+01 8.179890098012208455e+01 8.398988379511651203e+01
5.674543563793907452e+01 6.392510732467893320e+01 6.705163229328971397e+01 7.030178544639088045e+01 6.786968270040496520e+01 7.159719303137353563e+01 6.743958521199135703e+01 8.749442263345474657e+01 1.025114042276731965e+02 1.073156154408144829e+02 8.780618334111358081e+01 9.140588696809518865e+01 7.211857793935536165e+01 9.202991635591679653e+01 9.869984312333112086e+01 7.882934666190323014e+01 6.476807707752600152e+01 8.489907110677543756e+01 9.144417872596116581e+01 8.354971632145964122e+01 7.532601515425139382e+01 7.218711727730672578e+01 5.892279268514060675e+01 5.107418854072304981e+01 3.098531146204207687e+01 3.017473301516105622e+01 4.112123393301637719e+01 3.325641980122425423e+01 5.323148191747079494e+01 6.574869230924456076e+01 6.700311815668675308e+01 6.864138173877388738e+01 5.110317337078220135e+01 5.377760230687914600e+01 7.483797449081902187e+01 9.063336497398637448e+01 7.563164349999584601e+01
4.058734617615037621e+01 6.056313998981863023e+01 7.206594124141341240e+01 8.229904430605479604e+01 8.791424536479730989e+01 9.163798098518429924e+01 8.163454621595451499e+01 8.163454621595451499e+01 1.016414157544140693e+02 1.052636146862369912e+02 8.566914945452201380e+01 7.142222239911710346e+01 6.668285766161965000e+01 8.687916188916187821e+01 8.791239605088991027e+01 7.882934764944083383e+01 5.850206164780831131e+01 7.140687253127801171e+01 7.140687253127801171e+01 7.532601515425139382e+01 5.526629647588633532e+01 5.930517783455075431e+01 3.737127938271540728e+01 3.216319321052564817e+01 5.107418878503283111e+01 5.025803634515711593e+01 5.695167474336634683e+01 5.323148191747079494e+01 3.758695701402753286e+01 5.750428509806863531e+01 7.041376263189218321e+01 8.140232066626228402e+01 7.268042142671903605e+01 7.483797449081902187e+01 8.350516117066864297e+01 7.889609036341329329e+01 7.057483775457792774e+01
6.056313994301653736e+01 4.451710149591990984e+01 5.548562578756484243e+01 7.398512948583906734e+01 8.526023425265717037e+01 9.525406921069520649e+01 1.016414157544140551e+02 1.016414157544140693e+02 1.099206472609971286e+02 1.109896174669431161e+02 9.140823544716718629e+01 8.200183894905309501e+01 6.143075189206179232e+01 7.646017723472405692e+01 6.760702657887537725e+01 8.054535252092377107e+01 7.140687253127801171e+01 5.110743362711673399e+01 6.498762633279196166e+01 7.319207932630379787e+01 6.114155271662808389e+01 4.125698629710616672e+01 3.335102256414786837e+01 5.225799599788332017e+01 4.635485707027119417e+01 6.650943405749873705e+01 7.164536432207054872e+01 5.164685829689472030e+01 5.750428509806863531e+01 4.236916477516268742e+01 6.222022429538115773e+01 7.168004851610182016e+01 8.028940588623754593e+01 9.147080023377772307e+01 8.216311041353586120e+01 6.209509999790963519e+01 5.048822211771813784e+01
7.282199812338801337e+01 6.453723676481205018e+01 4.877418124610728967e+01 5.695973449193733984e+01 6.698723533514360895e+01 8.114100278030286972e+01 1.011053768301318883e+02 1.197539546386519049e+02 1.084735386626284850e+02 1.003417448907688367e+02 9.383641805273754244e+01 8.813038701573380251e+01 7.649918925272987735e+01 5.544598780073145150e+01 5.229883682521175103e+01 6.682068070602734622e+01 7.740860083999604058e+01 6.498762633279196166e+01 4.505545094696135777e+01 5.930923684952107067e+01 5.462774542210335937e+01 3.454711978621199364e+01 5.244747598091133511e+01 6.146006128459695361e+01 6.650943405749875126e+01 7.477791172652466400e+01 7.985052632159454333e+01 7.164536432207054872e+01 5.857699617746322218e+01 6.222022429537960875e+01 4.772890584818298265e+01 5.295469869256618267e+01 6.409722287735047530e+01 8.344638983253580022e+01 9.050635682776275814e+01 7.889609036341329329e+01 7.057483775457792774e+01
8.626841151532735807e+01 6.626148986371342176e+01 5.206679746990732838e+01 7.212138155671081563e+01 8.327328892046658382e+01 9.152423913889847995e+01 1.030336759505594557e+02 1.115691807391208670e+02 9.212269141105500125e+01 8.083126315961742137e+01 7.406922792029629932e+01 6.804002861394842228e+01 6.248414373947556300e+01 6.901548999290338315e+01 6.955520867684816722e+01 4.808285470258051220e+01 6.569901341630391300e+01 7.319639678220123358e+01 5.932550076302881337e+01 3.962789810553110215e+01 3.586328445864170078e+01 3.656747040274030525e+01 5.667863525327014429e+01 6.784021796324597631e+01 7.541687751213601132e+01 7.541687751213601132e+01 9.531960416240589495e+01 8.658308631659424748e+01 7.843073043667979505e+01 6.745368377974898522e+01 5.407954657066808579e+01 7.227466449959422334e+01 6.271363298106793138e+01 7.545234769808440944e+01 9.405718417333835646e+01 8.246874147260439258e+01 7.234085846707951362e+01
8.069750991407383367e+01 7.767975816456171856e+01 5.763874593018353920e+01 5.843346317391347355e+01 6.319814457480807590e+01 7.484142853518468996e+01 9.479142440792529101e+01 1.108791616576146737e+02 1.003417448907688510e+02 1.003297712929287400e+02 9.383641805273754244e+01 8.812652834872110930e+01 7.299474412920754673e+01 8.666651739993251624e+01 7.791049948423200533e+01 6.569901341630391300e+01 4.423309433394582868e+01 6.210285515389248445e+01 5.735191802774641445e+01 3.722001226734198553e+01 5.598078806324298284e+01 5.668674349768279086e+01 3.946449045784877541e+01 5.962947200458111041e+01 5.524803404348988778e+01 7.541687751213601132e+01 8.869062218579526302e+01 9.674139848785416973e+01 9.518202558260574619e+01 8.111143860241111270e+01 6.181063908273265639e+01 6.443041826471485933e+01 8.084611267802290513e+01 7.523127266583144035e+01 9.128574789309175230e+01 7.298675074597043988e+01 5.350591987619028345e+01
8.065584955075247819e+01 8.371426027416511317e+01 6.370008055083314957e+01 7.850907222332729418e+01 7.743372511788004431e+01 7.230367635279101535e+01 8.265582753447220909e+01 1.027238221461448546e+02 1.198972891112188108e+02 1.082367773643551203e+02 1.000370083560982835e+02 1.009663854353724446e+02 8.710988586187190208e+01 8.943270605500708825e+01 6.922087858391438431e+01 5.686726799339271565e+01 6.210285665674323496e+01 4.084507776739440743e+01 3.858141743790316269e+01 4.678986695578973354e+01 6.048861276190138625e+01 6.790220581869526484e+01 5.962947200458111041e+01 4.244568405976706060e+01 6.266098088566955226e+01 7.401934972751679709e+01 6.899247764886791856e+01 8.867209574219050694e+01 9.134677612863772822e+01 8.913078748678456975e+01 7.289153575627435089e+01 8.756860444253129572e+01 9.670452368135153165e+01 8.683140598743592875e+01 9.485213262314353244e+01 8.246874147260439258e+01 7.234085846707951362e+01
8.880516440714841053e+01 9.037600774196216946e+01 7.039076482102642274e+01 9.037600774196216946e+01 9.737124305101387733e+01 8.241959717955751330e+01 1.005729657673794151e+02 1.102762287916725796e+02 1.066421311260067739e+02 9.667613952579233683e+01 8.067182456252962197e+01 9.694510390141456924e+01 1.066541527570419987e+02 9.762536980725768387e+01 8.602928482382316133e+01 7.776340202375733668e+01 7.058199864662442735e+01 6.210243036072678535e+01 5.909331879901581885e+01 4.008940596958646552e+01 5.394601533662208226e+01 7.383807643206075966e+01 7.094785356143674449e+01 6.266098088566955226e+01 4.560414542468544852e+01 5.468700476924335163e+01 7.339775502811248487e+01 7.760930845744840667e+01 7.444781903865512618e+01 8.888781063361047075e+01 9.234045646584851852e+01 1.004254501094088141e+02 1.067765618660433233e+02 8.712503824256916118e+01 7.209087892824771870e+01 7.894922349104768955e+01 7.049701492929945346e+01
9.006839435221336032e+01 9.832494616987690961e+01 8.453469724786636164e+01 8.453469724786636164e+01 1.044781787588407127e+02 9.648736378749613607e+01 1.105013727255411169e+02 1.056639451958080116e+02 8.861000773254863816e+01 7.866573058179557165e+01 6.937194897190263987e+01 8.313264112788587568e+01 8.964641310638418759e+01 9.519821636393332653e+01 9.289058812263873222e+01 7.314039902808279692e+01 5.910603598996632968e+01 6.024296425956910639e+01 4.161069009598043067e+01 5.976579815641353832e+01 5.394652092152550438e+01 7.386147976442076413e+01 8.009072762563553738e+01 5.997391861002332547e+01 6.586599555489974023e+01 4.905798489003517915e+01 5.312867414776539476e+01 5.740684543283166619e+01 6.215320775077758242e+01 7.398142799134397762e+01 8.802152280582750166e+01 1.078228928299611624e+02 1.163226182970494875e+02 9.736378979782789145e+01 7.325349732531525149e+01 5.638883309340985051e+01 4.901778117661506684e+01
7.003180000173000508e+01 9.006848807736675155e+01 1.044781787588407127e+02 1.044781787588407127e+02 1.127360201164529343e+02 1.162768077350913956e+02 1.159036638098861118e+02 9.677098181817876821e+01 8.348757541185214848e+01 7.708582873081425646e+01 8.313264112788530724e+01 6.340454567459146062e+01 7.165456314626133860e+01 7.170003205413981107e+01 8.366093905247751650e+01 7.919617704315082563e+01 5.775549371089601181e+01 4.312751184485232869e+01 6.128935268513647827e+01 6.951588084334944995e+01 7.386179188281424501e+01 8.211086984034155023e+01 8.830987769903153151e+01 8.009072762548422020e+01 7.248187365848973229e+01 5.219220761066993930e+01 7.248187365848973229e+01 7.760930845744840667e+01 7.655575357821309979e+01 7.096271197037765432e+01 9.080197924145332422e+01 1.088036104362280696e+02 1.045194579369006362e+02 9.414587745087291637e+01 8.557120181468469866e+01 7.062473017579598888e+01 5.003243091967965483e+01
7.003186256258199194e+01 9.007573670752530859e+01 1.031355747046818720e+02 1.005509687131875864e+02 1.087977948442003253e+02 1.202964966601492165e+02 1.144499312791870267e+02 9.535871958155443906e+01 1.023755888277932513e+02 8.808967435886782482e+01 9.122073993678424131e+01 7.207215542640106776e+01 5.789692440105084614e+01 5.439783227198370952e+01 6.987188103567618214e+01 6.665945215112263611e+01 6.190339038306096597e+01 4.419882862176581284e+01 5.697150760702832883e+01 7.487931110829471493e+01 8.869933859908596219e+01 9.678857479515957607e+01 9.892594566066075856e+01 7.905086711393683174e+01 6.618807000194128420e+01 5.547081851587089574e+01 7.581690805935805599e+01 8.928736054500974717e+01 9.631289817294114641e+01 9.080197924145332422e+01 8.098938218660121890e+01 1.006145762963054864e+02 9.590161848545540124e+01 7.527541118295377487e+01 6.501550228618488347e+01 5.813107585059651683e+01 7.062588478017096350e+01
