MOVIE_S10_data/elevation_000730.asc
nrows	100
cellsize	150.0
xllcorner	0
ncols	100
yllcorner	0
NODATA_value	-9999
[rows 68 to 84 of 100, columns 37 to 73 of 100]
9.520734091549898892e+01 1.034390973211219631e+02 9.923725212032623233e+01 1.074780164036843502e+02 1.057311266048312461e+02 8.764017056095984515e+01 8.849314390609181658e+01 8.466516107632762100e+01 9.996841645480861871e+01 1.084193316132900407e+02 1.148953012120786781e+02 1.066328097263772747e+02 1.148953012120786781e+02 1.203014651672102246e+02 1.006282206264038308e+02 9.995674376750956469e+01 8.008258652194406579e+01 7.556926985889772652e+01 5.532195769143042696e+01 7.556926985889772652e+01 8.285054269582106201e+01 1.026960569558493290e+02 1.058496100863049065e+02 9.429902345489408333e+01 8.533882043711608389e+01 7.704873631197570205e+01 6.795263955609138407e+01 4.785089959220539413e+01 3.379338351894337222e+01 5.189429220392148068e+01 6.020364231135607014e+01 5.217462256789968222e+01 6.877073500466765665e+01 7.990362369059828040e+01 6.643866158240639663e+01 4.646025112871440399e+01 5.231168720705461794e+01
7.526643557120441130e+01 8.795005623949279538e+01 9.618878961128014282e+01 1.076837930677960173e+02 1.156253990092523196e+02 1.017115825466767376e+02 1.025608342235487243e+02 9.872050298686257008e+01 1.126293608211556574e+02 1.141131642614795680e+02 1.048445021325315167e+02 8.646734847011326508e+01 1.048445021325315167e+02 1.071141998662051265e+02 9.896897967472956736e+01 9.813183040727064110e+01 8.697111252979111384e+01 6.691328637677035829e+01 5.252517884924383651e+01 6.272563258643736361e+01 8.285054269582104780e+01 9.861992256471783946e+01 9.423671360054717638e+01 9.639922709640762832e+01 8.863392983466157204e+01 6.863258687079361664e+01 5.442891164387981462e+01 4.437826446824081472e+01 5.131747857850599104e+01 3.204399461301930074e+01 5.007847442638320956e+01 4.029169791323787564e+01 5.206306493819476344e+01 7.174562417332671771e+01 7.474363961182042715e+01 6.643865732175589756e+01 5.937980928809432157e+01
6.372391848166665795e+01 6.798950777328788320e+01 7.952690000759105260e+01 9.945630163231653853e+01 1.134102572519332170e+02 1.214586733427572796e+02 1.223017798374897609e+02 1.184235861532980607e+02 1.081922684843794826e+02 9.402067998631501666e+01 9.655007909824527701e+01 7.625936290462578881e+01 9.655007909824527701e+01 9.896897967472956736e+01 7.912465045073086856e+01 7.824295917331940586e+01 7.824295917331940586e+01 7.017215736457276876e+01 4.990925145811311125e+01 7.017215736457276876e+01 7.870687078572140649e+01 7.870687078572142070e+01 7.429539594314287854e+01 7.648101210679010364e+01 9.639922709640762832e+01 8.277627040017040372e+01 7.275296523092391965e+01 6.445671044621747114e+01 6.004152692671265612e+01 5.007845932812782053e+01 3.031626837951161946e+01 4.262657415658920712e+01 6.090033648145937661e+01 7.008100901483371103e+01 7.838359470031950593e+01 7.054566555073503764e+01 6.064749188042566885e+01
7.785608385091556727e+01 8.795005623949138851e+01 7.529003085506720083e+01 8.527523732138213575e+01 1.051882390937914522e+02 1.224513106221936027e+02 1.142072964244311351e+02 1.193922072432610406e+02 9.990563237962678045e+01 7.965410977720449637e+01 8.709744487761972209e+01 6.940889053334109349e+01 8.978650703370544761e+01 9.896897967472956736e+01 7.912465045073086856e+01 6.485503769527471718e+01 5.804748510847895915e+01 5.259799483962946454e+01 4.736722646247191904e+01 6.445643243445823600e+01 5.855370731535334983e+01 7.006519664371758438e+01 5.999432062823373002e+01 7.429539594314287854e+01 9.423671360054717638e+01 8.795021872977685007e+01 7.792281587329672732e+01 6.962731936130525412e+01 5.436003394064435668e+01 3.443044369490767309e+01 2.911996605189180798e+01 4.882819486814594967e+01 5.589563552647425126e+01 5.002022412917311556e+01 7.008100901483371103e+01 6.217128321795561874e+01 4.158518449263393535e+01
9.778952300797300268e+01 8.681753166596767812e+01 8.681753166596767812e+01 1.034630255610775151e+02 1.134102572519332170e+02 1.108899800505542430e+02 9.413194997403748232e+01 9.936287212153575865e+01 1.014055614370900713e+02 8.117082894987747466e+01 6.668082674311041558e+01 6.317887012205236630e+01 8.364242448339052771e+01 9.251393078181382634e+01 9.311942515846808988e+01 8.493691991234172178e+01 7.824295917331940586e+01 6.393163131510132757e+01 6.445621045204373445e+01 4.422678876306638074e+01 6.144077196267799934e+01 4.983913551610238102e+01 7.006519664371758438e+01 7.779903608668386994e+01 8.603241882543076713e+01 7.966619822285954911e+01 5.958844049975110835e+01 4.951709766571471505e+01 4.283983683399482345e+01 4.762619435126258338e+01 2.795035834683083920e+01 4.593827826558053573e+01 3.598157904551334241e+01 5.002017957882760157e+01 7.007914756930752276e+01 7.054566555073503764e+01 5.809140493494410151e+01
1.149467176410320235e+02 9.678707902982077371e+01 1.067257580961277625e+02 1.149467176534788706e+02 1.167959596928218531e+02 9.674358525256073449e+01 8.239921801152328840e+01 8.504381487477091639e+01 1.018804100188341835e+02 9.542961591999532800e+01 7.796685567353968338e+01 5.745624611444263508e+01 7.216558062701911069e+01 7.216557927115039206e+01 9.161749336591604731e+01 9.612132403343711928e+01 9.223787433078521758e+01 8.402618528513620788e+01 7.274487566611139755e+01 6.144077520079777344e+01 4.123900021007393946e+01 5.865266536916362838e+01 6.355645643915907783e+01 5.765698678597527049e+01 7.779903608668386994e+01 8.795021872977685007e+01 7.792281587329672732e+01 6.962731936130525412e+01 6.292391212875897111e+01 5.342061544942151841e+01 3.237052139105037440e+01 2.629147569656502270e+01 4.426891426224828763e+01 5.254637598413920330e+01 5.671204520219843204e+01 6.500889086443747544e+01 7.038623704121944513e+01
1.248785537888533668e+02 1.166644371624301186e+02 1.248785537888533668e+02 1.330683024891064008e+02 1.131388341038309875e+02 9.894013209726330160e+01 9.357521679902154688e+01 7.325238183075254028e+01 8.639000958960156140e+01 8.293859952339410313e+01 7.519101454535812934e+01 5.467151200392872568e+01 5.171331054932668536e+01 6.284400360561026133e+01 7.582071038489620207e+01 7.582071038489620207e+01 8.744994623286390834e+01 7.908683348918516742e+01 7.908683348918516742e+01 6.973879977189545798e+01 5.865266425211749635e+01 3.848137305776237582e+01 4.335314046463567195e+01 6.355645643915907783e+01 6.757059283148659290e+01 7.584245204692867048e+01 7.142532171969016019e+01 6.267409612798449103e+01 7.143188016076130964e+01 6.413324643494803468e+01 5.238958109588067913e+01 4.428671981284342962e+01 2.465848356857226520e+01 4.265111469758674190e+01 3.682688660510369516e+01 5.671204520281904138e+01 6.940274172239924155e+01
1.211047009928882829e+02 1.128235816096962338e+02 1.154045452955491982e+02 1.236933848761226216e+02 1.202988424734302697e+02 1.102771407868274025e+02 1.007017410103212001e+02 8.046189633409821340e+01 6.597119227362570371e+01 6.245969464495327372e+01 5.909643204143687001e+01 7.519101356523627544e+01 6.882572777621307125e+01 4.848569633238202670e+01 5.539867910520431593e+01 7.401703445698800010e+01 7.908683348918516742e+01 5.872249457303647802e+01 5.872249457303647802e+01 7.308621497767848041e+01 6.695751711418564867e+01 5.592032075274796910e+01 3.578827205559337443e+01 5.331038535255699884e+01 4.740362111728263983e+01 6.757058953682395952e+01 5.861652817499020784e+01 4.231970096067835385e+01 6.057311821381826888e+01 6.349383576766400950e+01 6.209184428412755352e+01 5.256187952381709039e+01 4.265111471275364607e+01 2.302443954593718800e+01 4.103788582965228926e+01 3.831345894210225111e+01 6.053017667818178893e+01
1.096954422428624838e+02 9.315783871194081200e+01 9.569749960960247392e+01 1.154045452955491982e+02 1.120513147434279944e+02 9.195318958692847389e+01 8.177682197323666458e+01 7.404390553103006312e+01 8.046189633409821340e+01 8.293859952338840458e+01 7.101140837292084029e+01 8.797939064750607940e+01 7.723068802661040877e+01 6.560969474505122889e+01 4.538218625826552710e+01 6.254280784630951473e+01 6.085182677608205637e+01 5.918025529318925493e+01 4.446656301032783887e+01 5.594906957296225158e+01 6.432954668412858723e+01 6.422993528843124977e+01 5.331038509758668198e+01 3.323376602325586049e+01 5.079094105113117763e+01 5.908675334311686811e+01 5.217643575186987448e+01 3.253861457982814187e+01 4.482405506877734780e+01 4.433476949008161228e+01 4.528583655951292286e+01 5.709159695270174950e+01 5.091656838309522470e+01 4.103788582965228926e+01 2.139890228340809131e+01 3.989522534071869586e+01 5.467921410094027834e+01
1.014695596538631150e+02 8.204851715286122271e+01 1.014695596538631293e+02 1.144337121048327646e+02 1.202988424734302697e+02 1.102771407868274025e+02 9.066445330509122869e+01 8.845664667455494623e+01 1.007017410102892967e+02 9.968685726680482162e+01 9.137123229000208369e+01 8.971101597404766892e+01 7.795618918371189920e+01 6.955711103250266092e+01 6.254280784630951473e+01 4.239248339148290512e+01 4.072342714060989266e+01 3.906733286681087236e+01 3.743895333284638127e+01 3.586688016745939223e+01 5.372091038382846051e+01 6.192365183971588749e+01 6.162224124568336237e+01 5.079094187068750443e+01 3.079086770803545647e+01 4.831158598597789933e+01 4.551013730038476268e+01 2.567410498293054033e+01 2.491343826871770517e+01 4.331226253294661888e+01 3.266712385462111001e+01 4.124867871547557741e+01 5.002620575008127446e+01 4.098167274238382873e+01 2.025528041375214983e+01 3.166798692242137392e+01 4.205995773751550360e+01
9.561389501628417520e+01 7.628878127551260491e+01 8.667201495499540442e+01 1.061924025715200059e+02 1.195593674686665651e+02 1.190464822199467392e+02 1.107910799089815868e+02 1.086043013408093287e+02 1.073384164010587796e+02 9.905165545245039027e+01 9.694270037695623898e+01 8.135990797278589071e+01 6.091581244149449503e+01 4.919471601012430284e+01 4.629508518843145737e+01 6.254013495386573851e+01 6.085182675466609936e+01 5.059778877031565258e+01 5.753804205363059765e+01 5.372319826530549136e+01 3.367745408727240886e+01 5.134302796149714254e+01 5.105305107923877017e+01 4.971646259236364784e+01 4.831764698188536045e+01 2.841108871638837030e+01 2.675143450393186484e+01 4.541952030187204770e+01 4.334808489411205557e+01 2.383555419539081299e+01 2.307235853104992174e+01 2.230957234037143522e+01 4.095067161476088557e+01 3.962743981465067122e+01 2.909638280463157045e+01 1.863833254500173098e+01 2.327278481876651739e+01
8.429706865138120975e+01 7.095116468866240211e+01 8.055096329182124748e+01 9.166212042666836624e+01 1.112884252373465017e+02 1.256672487179670270e+02 1.175590248742811497e+02 9.749397181606462937e+01 9.568418197830088445e+01 7.879195490042185668e+01 8.318868906189510426e+01 6.822190309727089641e+01 5.371580866542604582e+01 6.955711103252183136e+01 5.792251538507029807e+01 7.495119593812192704e+01 7.929491419658873497e+01 7.090527262891838234e+01 6.254284152225979909e+01 5.189163503628115848e+01 3.268360175446397875e+01 3.154089198696699725e+01 3.064155582226081975e+01 2.974848166765677604e+01 2.886984364412192505e+01 2.799219514031813105e+01 4.660859007048599523e+01 3.185697334018689020e+01 5.005603783091410008e+01 3.258562852217841055e+01 4.379735184642737522e+01 3.102185861509154918e+01 2.122965178804419040e+01 2.047036756051148387e+01 1.971125667225991762e+01 3.746573203073207736e+01 1.774416693875172868e+01
6.493668031851885303e+01 7.109769983971713714e+01 7.789046056515581995e+01 8.645254735271494440e+01 9.762744866829507373e+01 1.173752897199547647e+02 1.123322786102199302e+02 9.749397181606462937e+01 7.721544019208207033e+01 6.694545153806930671e+01 6.271888139082930991e+01 5.881778344409318748e+01 6.556244761855806757e+01 8.258047589080091200e+01 7.834681385621995275e+01 8.671599346874209857e+01 8.201191097938703933e+01 7.001265861339409469e+01 4.975175535425790940e+01 3.432766952567985896e+01 5.281792786904739501e+01 5.155345102204684338e+01 4.529661377362312891e+01 3.545331729855291059e+01 4.880369733491677664e+01 4.200405990960848612e+01 5.555994498501774359e+01 3.557727964168142876e+01 5.293508527890102044e+01 4.750488835407234944e+01 5.313185131473296252e+01 3.882700126571295840e+01 2.760314611998897405e+01 3.797066178165120931e+01 3.594962834581461664e+01 4.538526583887975363e+01 3.665245540201507879e+01
8.429706864176196746e+01 9.040126672219132331e+01 9.724364818653609177e+01 1.054391934957653802e+02 1.142200482827388868e+02 1.182322540545659564e+02 9.819462442068862629e+01 8.386557322973526141e+01 7.472191643987615350e+01 8.735471188503554174e+01 7.724835091431326362e+01 7.071340154928454069e+01 8.598589723930163586e+01 9.431850837406982180e+01 9.266827315828797396e+01 8.438635364299175023e+01 7.357812499965602626e+01 5.337735936312149931e+01 4.973798834593403484e+01 3.550748489876803404e+01 4.128548747766314619e+01 6.376557835297977306e+01 6.072808776520964358e+01 4.160346067499830269e+01 6.179085129173548552e+01 6.237277576375633714e+01 5.954948948562307720e+01 3.956357808041948942e+01 5.954948954037227082e+01 7.267634772448597857e+01 5.911617187610748658e+01 3.924924788706444900e+01 5.087637484695041223e+01 5.429140617112465605e+01 5.831324024700076336e+01 4.858643618817954035e+01 3.806789270050186502e+01
1.006105527710413838e+02 9.231251103706105710e+01 8.783867993944656405e+01 9.613299840538077490e+01 1.123385991658319654e+02 1.206545423087684838e+02 1.123322786102199302e+02 1.021803090012029287e+02 8.195821398354149778e+01 1.021803090012029287e+02 9.752993398286955085e+01 9.107744496836217252e+01 9.939431514669954026e+01 9.860751799193012346e+01 7.849575449692466123e+01 6.410852310575792501e+01 7.156152729921599587e+01 5.743777716575371528e+01 3.721001618799104449e+01 5.571180741745137510e+01 6.199561744872158897e+01 7.506375406311386200e+01 6.885418275445184122e+01 4.888557786082611756e+01 6.885418275445184122e+01 7.824543888146536119e+01 5.844487987286516528e+01 4.427518905456337706e+01 5.376697127700346357e+01 7.346911877144263769e+01 6.840036782299097240e+01 5.982722340249516435e+01 6.835075126645317312e+01 6.450751985628721741e+01 5.090023898655397261e+01 4.035528364267489820e+01 2.054958340408544615e+01
8.906765444993261838e+01 7.233633862801043790e+01 6.787163224977487630e+01 8.783867993944656405e+01 9.232490317394373847e+01 1.113746609913504244e+02 1.213899233721966482e+02 1.104543796846241293e+02 9.369392375535110773e+01 1.104543796846241293e+02 1.086157663210497191e+02 1.003748079337058385e+02 1.018504507858886114e+02 1.039427080718852920e+02 8.588772191056082761e+01 6.562742353745757384e+01 5.122471161241744397e+01 5.929067937813344713e+01 3.905979234925009536e+01 3.950274572050150823e+01 5.986519192808145817e+01 7.945138030673631135e+01 7.696010905039030092e+01 6.055727828265322188e+01 7.696792720399245979e+01 8.037950897715937515e+01 6.061803046148902041e+01 5.006012584091992323e+01 6.997077760003000435e+01 7.345855354082908661e+01 8.200249037771135363e+01 6.983659769756393132e+01 6.062359593000846303e+01 5.210734266236318035e+01 3.678411910212931701e+01 2.284460598829243594e+01 4.035528364267489820e+01
7.001228245354677426e+01 6.081065971063315345e+01 8.077926252923539607e+01 7.601257595645753895e+01 8.306968713887798117e+01 9.306248359276108317e+01 1.130733806958707959e+02 1.220173838471036447e+02 1.137729268333381327e+02 1.143522976506043420e+02 9.458514212503612839e+01 8.074068418196679886e+01 8.220228249610012483e+01 8.427615321194480202e+01 8.556056097646431624e+01 7.288871725614100683e+01 6.197466494847279250e+01 4.171219763781624579e+01 5.929083519777476141e+01 4.113165314174279530e+01 6.123199921243268307e+01 5.928268887419309152e+01 7.355001904775775756e+01 8.020839416335464023e+01 8.834816032069942082e+01 8.841565045796681943e+01 7.620551216530967054e+01 5.641313762959227063e+01 7.617258692562965905e+01 9.224199053388640834e+01 7.315212268824134867e+01 5.258218471386186366e+01 4.098277960200969261e+01 3.210229139480892258e+01 2.517061436509828098e+01 4.267694074794401615e+01 5.100531891043264920e+01
