MOVIE_S10_data/elevation_000623.asc
nrows	100
cellsize	150.0
xllcorner	0
ncols	100
yllcorner	0
NODATA_value	-9999
[rows 51 to 67 of 100, columns 37 to 73 of 100]
8.864211672360653438e+01 8.271031379124855221e+01 8.158088088755205547e+01 6.145150080824735284e+01 8.158088088755205547e+01 9.452068040660009274e+01 1.041811586164625112e+02 9.576508190736038273e+01 1.006265075669592193e+02 1.090409200496789310e+02 1.186325563332054855e+02 1.196882401066634998e+02 9.984400440193994086e+01 8.581452010030943711e+01 8.992366092861060167e+01 9.155209669890129476e+01 9.736379298543205607e+01 9.782861719078505303e+01 1.122725930386499442e+02 1.121050163141299834e+02 1.078340414412694912e+02 1.077485503886762785e+02 9.950792115270860450e+01 9.953855907405593939e+01 7.966080645305439134e+01 6.820922864511847195e+01 6.716257482375245047e+01 8.637859720386408924e+01 7.861939142250537316e+01 6.764647123307722154e+01 8.749716309577972595e+01 9.765849716174747641e+01 8.758203027357910742e+01 7.136084862617242663e+01 5.135604122071477917e+01 6.558574481842599369e+01 7.076482768919171917e+01
8.664186626348862319e+01 9.500587196183859362e+01 8.998549635490054754e+01 7.302668486417721283e+01 8.998549635490068965e+01 1.065103973146043614e+02 9.811482529483077997e+01 1.065103972447450786e+02 1.062832776795913503e+02 1.014843350077810840e+02 1.098738800548238004e+02 1.216040785374823940e+02 1.139009102567630975e+02 9.573934768941337836e+01 1.097661361075992374e+02 1.113944689807675843e+02 1.172204782167519141e+02 1.183384519319450447e+02 1.045979116643700166e+02 9.629741783454483084e+01 8.785202299061438680e+01 9.629741758602204982e+01 1.045978894792575886e+02 1.078152359204698030e+02 9.632123822141191738e+01 7.966080645305439134e+01 7.861260231682553012e+01 9.527071689265618204e+01 9.452126259950829024e+01 7.465489648018204605e+01 9.452126259950829024e+01 8.929182716333930614e+01 6.915794489364549236e+01 5.917686633130681173e+01 7.136084862617242663e+01 7.970025077478722153e+01 6.707627038378714701e+01
6.641925760131714185e+01 7.808102598018403739e+01 9.833619156822386742e+01 9.326612996444455916e+01 1.016853456254930137e+02 9.634025032803124589e+01 7.774487784032142201e+01 9.634025028640668609e+01 8.590547929313009945e+01 8.109773484352315620e+01 9.287164802753699178e+01 1.132494978564439378e+02 1.238337986511369877e+02 1.155731565438385076e+02 1.238337986511369877e+02 1.172756828007677825e+02 1.089562299602254996e+02 1.089562299602254996e+02 9.629741776621398230e+01 7.638894595129126230e+01 7.381267817627882266e+01 7.638894595123294096e+01 9.629741758602204982e+01 1.039384744500654989e+02 1.078152359204698030e+02 9.953855907405593939e+01 9.848841756352412347e+01 1.067631159653430899e+02 1.027853813282474107e+02 8.611498112137014971e+01 1.027853813282474107e+02 9.765849716174747641e+01 7.923962339328782889e+01 6.915794489364549236e+01 8.758203027357910742e+01 9.552256403833432330e+01 8.717702558525755308e+01
6.641925760131712764e+01 8.664186626348860898e+01 1.066822884842073194e+02 1.043720487738133187e+02 9.579427510776746146e+01 8.738771544467671504e+01 6.762142586722569604e+01 8.389507541632788445e+01 7.153165843509697197e+01 9.187399825483757354e+01 9.775120716450025782e+01 1.121676983966243171e+02 1.324042565335989252e+02 1.199789139126662718e+02 1.116566635184089051e+02 1.089562299602254996e+02 8.896475567528425188e+01 8.896475567528425188e+01 9.629741669203646381e+01 7.638894595100926210e+01 6.235091774856533675e+01 8.222000229000268234e+01 9.811468369482992102e+01 8.397819537743714591e+01 9.811468369482992102e+01 1.050921672867699641e+02 9.675949396063074914e+01 9.785103001146950419e+01 1.062502265565492081e+02 1.060079741058605549e+02 1.143005820658563465e+02 1.080038656553987551e+02 9.765849716174747641e+01 8.929182716333930614e+01 9.765849716174747641e+01 1.043715819712930539e+02 1.007773306338210517e+02
8.333543551900996249e+01 9.500587196184528693e+01 9.441190734196503342e+01 8.600895767352793087e+01 7.567529412118953758e+01 6.710120663273521302e+01 6.003502334695910037e+01 6.362236021553908927e+01 6.881788450185121064e+01 8.914299686160258318e+01 1.058614617223094996e+02 1.076605696150910489e+02 1.279377596655016589e+02 1.116566635184087630e+02 9.164652475618929373e+01 9.750735870715990927e+01 9.482012292742699344e+01 7.492873357706355364e+01 9.482012292742705029e+01 7.708982661096939637e+01 5.717496806211141092e+01 7.708980684630542157e+01 8.920100959477061053e+01 6.993220841205128124e+01 8.920260249533205865e+01 9.358315286536505084e+01 7.690095451199501042e+01 7.794569798167727015e+01 9.469495115347218928e+01 1.065727448792499388e+02 1.130229954297328163e+02 1.052329807834501310e+02 1.135793131639814675e+02 1.011536832555802761e+02 9.272182409266298464e+01 8.419360942963000127e+01 9.493734394526681797e+01
9.374429492314187939e+01 8.960454597891853723e+01 8.600895766501712103e+01 6.575390343446592567e+01 7.168647146452119046e+01 5.553272749256112206e+01 7.567529412118955179e+01 8.389507541632730181e+01 8.914299686160258318e+01 7.708512482776787067e+01 8.726282646830929934e+01 1.076605696151004850e+02 1.184597252593603685e+02 1.084421849445078436e+02 9.750735870715828923e+01 7.760081566949229170e+01 8.686686387829854539e+01 6.832357935367457458e+01 7.930527854098876617e+01 7.239584879277929019e+01 5.240335288505711020e+01 6.904011147673801929e+01 7.154244411172967943e+01 6.101787094531938749e+01 8.092835571925549232e+01 8.468945029402371460e+01 6.545879590783022195e+01 6.650537497416958388e+01 7.794669023877639802e+01 9.793560566815420998e+01 9.295392086760973882e+01 8.514905092092691063e+01 1.019939497866780442e+02 9.272182409266298464e+01 7.270750994646105880e+01 7.012606799532514401e+01 7.489099287839083274e+01
8.396769218497091458e+01 6.997854103691001626e+01 8.396768734272239953e+01 7.168647142159240104e+01 5.159699395822516266e+01 7.168647146452056518e+01 6.821690137780079510e+01 7.990628689475192914e+01 1.002614526011831941e+02 9.149316161455422503e+01 9.149316161455422503e+01 1.118710196316571768e+02 1.101347913705960622e+02 9.012584252068023716e+01 8.020463168641147433e+01 7.213183183863192482e+01 6.701932523718532764e+01 6.295867942435591402e+01 5.942124833996512479e+01 5.641838655722992968e+01 6.904038258021256524e+01 4.897086049992054768e+01 5.152204012970596381e+01 7.154244566434294939e+01 7.803763088329279185e+01 6.978399252986895362e+01 5.651168239653679137e+01 6.803789656827618160e+01 8.787848513059867628e+01 9.884295905939444538e+01 7.885247055580563824e+01 7.368447837520787402e+01 9.304951962493932172e+01 9.260253555074305609e+01 7.856956683908575201e+01 5.865275622737514283e+01 7.856956683908556727e+01
7.547222346492348777e+01 5.704402262963091630e+01 7.547223280006579671e+01 6.907104421752333678e+01 4.899281029822333267e+01 6.314740512790649518e+01 8.337197404476638951e+01 9.691420191613684665e+01 1.086479275993640101e+02 1.118710196316525867e+02 1.118710196316581147e+02 1.202297619222871248e+02 1.184597252593603685e+02 1.026575043001020902e+02 8.271107618809405437e+01 9.199569000223775106e+01 7.550228836399546140e+01 7.698473155812629898e+01 7.930527854098876617e+01 6.535613568243806526e+01 7.730529163339342347e+01 6.576304405120743013e+01 4.561271961773247341e+01 6.282381714892807167e+01 6.387488753148534926e+01 4.975042163569533926e+01 6.396298806451069652e+01 8.383714012446318975e+01 9.617732284450740110e+01 9.888714363624960413e+01 7.885414246604426580e+01 6.481967687150481083e+01 8.472167266127935648e+01 8.421290237062235917e+01 6.422917270750515684e+01 5.310216659572837727e+01 7.304563746183734452e+01
6.493345839943155795e+01 5.038281842916352815e+01 6.116239041695159528e+01 6.305174555757214705e+01 4.646328934704370539e+01 6.062542206574588022e+01 8.082391771865445662e+01 9.568691295672931574e+01 9.738566367596885698e+01 1.058021265610049539e+02 1.053200307901022228e+02 1.137170098059669954e+02 1.190322414874139838e+02 9.897736609686866416e+01 9.678593741449085996e+01 1.036995720452907079e+02 8.695660909781312853e+01 9.689222714207757292e+01 8.156901412814013952e+01 8.522819938742247814e+01 7.838716289426228911e+01 5.842667839591066326e+01 6.282381714892807167e+01 4.260880461572219247e+01 4.370489221531666857e+01 6.387488753148534926e+01 7.180185089939639909e+01 8.007906425635501080e+01 8.740651448077439056e+01 9.354011050460511001e+01 7.354986059125786824e+01 5.949847440923026198e+01 7.257947678850128170e+01 6.842271105545127341e+01 6.450626984765088423e+01 4.791399997624132823e+01 6.789625542650315992e+01
4.787377355906426857e+01 5.121776436110248198e+01 4.109825545137348968e+01 4.297137319182643722e+01 4.603038107898670006e+01 6.611504023724417323e+01 7.901696204296345627e+01 7.532328907909554516e+01 7.699682190888903222e+01 9.240078541122201727e+01 8.489291026617249258e+01 9.934518945261335432e+01 1.197445737800952372e+02 1.190322414874139838e+02 1.168327207077254712e+02 1.152505078355152364e+02 1.069333702990506794e+02 1.098168575318432261e+02 1.015097066655429217e+02 9.833321547602287183e+01 7.838716289426228911e+01 7.838716289426228911e+01 7.110214313364991767e+01 5.993664547107913876e+01 3.967309629683829542e+01 5.760448689163438019e+01 5.172374618034429261e+01 7.180185090089229050e+01 6.743441856755536890e+01 8.156587056267919422e+01 8.668983618258293689e+01 6.673419801786106120e+01 5.263876599550378899e+01 4.844769040603221555e+01 4.449938833430974938e+01 4.341116379536639158e+01 6.342808727344809228e+01
3.681672957748341446e+01 3.857348783378014190e+01 5.942331456602440909e+01 5.711491136835955729e+01 6.610767071915833526e+01 5.051006107470367823e+01 7.061016599840836250e+01 6.105327939626519651e+01 6.532114351580192135e+01 7.204070965871386534e+01 8.641865785669006073e+01 1.068407300834093121e+02 1.224136816814543778e+02 1.141245763624952048e+02 1.115303906622495020e+02 1.198182789444291814e+02 1.193792925588294338e+02 1.154848889264393108e+02 1.039303642814141995e+02 9.562936067831880393e+01 8.810182650224301426e+01 7.994368096956908687e+01 6.563685009681017846e+01 4.548358337178632382e+01 5.760448689163376912e+01 3.731141698920875882e+01 5.532844947581191519e+01 6.363370367742398059e+01 5.322118744276413338e+01 7.154451397099036569e+01 8.567554378064657783e+01 8.089895706350542071e+01 7.257947678842747052e+01 6.842271105545127341e+01 5.916046484868564903e+01 3.911194587023000224e+01 5.526639978220350713e+01
5.683979386834482028e+01 3.934461184227490804e+01 5.940049561708080006e+01 7.697190541610336822e+01 7.851441313761844754e+01 6.191616962052363959e+01 5.541499595760004837e+01 7.556448916463929777e+01 8.561416039328612726e+01 7.542303121796906851e+01 8.716995854025620361e+01 1.076025585630612511e+02 1.141245763624952048e+02 9.421782449842741869e+01 9.164295984776187254e+01 1.083157530899409693e+02 9.943283989697252423e+01 1.071683976758421721e+02 8.718219932571469144e+01 7.571337726288273018e+01 6.820492355895844128e+01 7.167578734505912053e+01 5.164689836012000512e+01 6.563685009676119364e+01 6.589520973042125718e+01 5.532623806417181100e+01 3.500280382373806276e+01 5.314295207296960655e+01 4.304545320269099307e+01 5.737912432205076385e+01 7.463100746293619636e+01 8.292093868407997093e+01 8.481561785275498266e+01 7.676492889321572477e+01 6.747386223037256059e+01 5.526639978220350713e+01 3.518179029267326996e+01
6.123270153745202293e+01 4.115215368297437237e+01 5.532934058155443324e+01 7.548467576631070131e+01 8.940560904524699026e+01 8.119738856338918254e+01 6.961528461947438018e+01 6.961528461947438018e+01 8.992713946291061688e+01 8.716995459695282022e+01 1.042191670681643672e+02 1.160137147031785361e+02 1.115286982793678447e+02 9.164295936042729807e+01 8.025742054696426919e+01 9.196881047049338065e+01 8.543973024809342576e+01 1.020762649267610840e+02 1.039303642814141995e+02 9.021440929258238839e+01 7.030955534027616238e+01 5.879168572508726953e+01 6.584033324938546627e+01 7.994368092716665330e+01 6.435175958596262547e+01 4.417495735132195023e+01 5.314133971081288621e+01 3.277859937268059554e+01 5.247062186736811640e+01 6.032472798867273411e+01 5.451011537385584660e+01 7.463100746293619636e+01 7.676492889321927748e+01 5.700431833204771692e+01 6.279206716496206298e+01 5.256637063087303119e+01 3.245950772771636395e+01
5.706666996195488650e+01 4.300054128633130546e+01 6.309776458912872243e+01 7.298675451645496537e+01 8.182643810931283213e+01 9.130346986788086383e+01 8.992713946292205662e+01 8.992713946291100058e+01 9.834515477366053915e+01 1.075989740784969655e+02 1.159813837765594400e+02 1.203405383145159533e+02 1.198124282869214170e+02 1.059978713511609953e+02 8.615778311861626548e+01 7.218766447668274111e+01 7.403848600125374446e+01 9.320994177838302619e+01 1.046633377869564043e+02 9.850514892405344369e+01 8.699434604486259559e+01 7.288898077368371275e+01 8.576381976512611516e+01 7.505198240732067916e+01 5.503369859279916199e+01 6.435175904638879274e+01 5.164546580414415189e+01 3.125858661334325106e+01 4.953827655713827482e+01 4.011657671078167908e+01 6.040338822322469525e+01 6.999333468201682251e+01 7.676492890031251193e+01 5.700431833204797272e+01 4.284743299532148342e+01 3.645944777568416129e+01 3.032124096089425791e+01
7.144129573707321867e+01 6.309776458913139408e+01 4.570450258785549380e+01 5.387622727520735566e+01 6.333616680853097591e+01 8.290772251186267283e+01 9.037370177207174038e+01 9.715608033522077847e+01 1.055644436128122976e+02 1.157453229634514571e+02 1.145135318355345504e+02 1.003850469367347955e+02 1.071340445163560275e+02 9.886984848754188704e+01 8.770095685013149023e+01 7.946784825470312796e+01 6.511820390206281672e+01 7.660836442928285805e+01 9.640440913617652541e+01 9.586198125540477122e+01 9.695508613073759818e+01 9.280530302582076274e+01 8.915439724124932752e+01 6.921057092089573359e+01 7.505198240732067916e+01 6.847103905338660468e+01 4.852081148570989910e+01 3.412901099205897282e+01 2.913878060951423521e+01 4.756150672812530189e+01 5.405775059420189166e+01 5.047630979685852992e+01 6.999333468201682251e+01 7.090996801556940454e+01 6.279200750820768206e+01 4.850382902199095980e+01 2.831096981077292085e+01
7.262279344497801503e+01 5.839747820089135644e+01 6.580860061348984402e+01 4.856526990976117730e+01 6.866237745677027249e+01 8.173238294274095495e+01 7.010804446087453812e+01 7.680900744605321506e+01 8.694944765433494638e+01 1.073627174221133913e+02 1.062298750393772906e+02 8.639300582273942553e+01 9.368393739922051111e+01 7.904782486750598025e+01 7.946784833307773965e+01 5.947589205717737570e+01 7.430596247819826772e+01 8.247590607535039453e+01 8.128531670329491021e+01 7.601880787958724284e+01 7.711247944962589429e+01 9.114998672194657559e+01 9.744114954539685414e+01 8.915439724124932752e+01 7.625032302951655083e+01 5.641698412127799145e+01 4.218195646997619974e+01 5.436410056114269906e+01 4.756150672812530189e+01 2.718823251390196560e+01 3.432853086046894475e+01 5.342465361019206682e+01 5.806916080369880717e+01 6.650030292271401322e+01 6.486170964079360601e+01 4.483575751822804989e+01 4.578526276288791763e+01
8.695982790554592157e+01 7.856135783669257933e+01 7.072250399026614787e+01 5.064287433655427861e+01 7.072250399079854333e+01 6.158060275589684807e+01 8.173238293908683261e+01 9.715604172178791487e+01 1.055644436128122976e+02 1.157453229634514571e+02 1.051310908662385657e+02 8.530403945932511078e+01 7.391973894145539248e+01 6.817289688470393116e+01 6.278185977108689997e+01 7.430596260692534827e+01 5.413808523276591700e+01 6.938703647566700283e+01 6.122521522090222845e+01 6.183506186062855647e+01 6.294178805428028767e+01 8.292424439010595449e+01 9.558728315217349802e+01 8.879843459624714797e+01 6.895812815107868232e+01 5.493670286795364888e+01 5.230550869186082963e+01 7.046495380605543346e+01 5.589886116200928967e+01 4.560645912658843315e+01 2.527996197046752158e+01 4.370863203800877272e+01 3.778153730233791663e+01 5.806704610281578027e+01 7.318683395261217584e+01 6.205437852727912684e+01 4.395206213733970202e+01
