MOVIE_S10_data/elevation_000629.asc
nrows	100
cellsize	150.0
xllcorner	0
ncols	100
yllcorner	0
NODATA_value	-9999
[rows 68 to 84 of 100, columns 37 to 73 of 100]
8.996824535226812714e+01 7.477150912646966674e+01 5.465497292924555239e+01 5.896068571754577903e+01 5.170099704822485620e+01 5.444953665882835736e+01 6.611894674733875377e+01 8.626494380999413636e+01 9.865280348129184063e+01 1.072371422554503937e+02 1.155513332072131334e+02 1.033447237271915071e+02 9.504179927736285549e+01 8.910567622205630300e+01 8.018142399148911181e+01 6.051723611824628790e+01 5.557954564865809743e+01 5.089578506101089062e+01 4.856059434012629339e+01 6.521243350517458737e+01 6.975593928960580570e+01 6.398444089592044293e+01 8.369101462358561605e+01 8.991189642169368312e+01 8.221650014176273658e+01 7.402762737013641470e+01 6.312134723102307987e+01 6.710221302591173753e+01 4.715494922742875872e+01 5.292851222655304610e+01 3.770289630384576185e+01 2.354216540576851813e+01 4.172622459974282094e+01 4.960708097922285020e+01 4.895302239085656737e+01 4.968670916944749649e+01 3.898624921220188355e+01
8.166054688977673948e+01 6.153215605511786634e+01 7.477150912646966674e+01 7.002045709483270741e+01 7.188694743222559680e+01 7.463365647476079801e+01 5.853897984631490203e+01 7.019915973027460154e+01 9.033251051801673270e+01 8.714640948306686141e+01 1.072371422554503937e+02 1.156291096852997100e+02 1.055980904682737389e+02 8.791496528894427342e+01 6.822436766440385725e+01 8.018142211577139733e+01 7.504860202815743264e+01 6.229965163002432149e+01 6.527578348852030388e+01 4.543711542400740910e+01 4.999005696477258454e+01 6.975636270676731954e+01 8.418201471752098541e+01 7.018395993446200976e+01 8.418201471752098541e+01 9.097992468695301227e+01 8.276832180976983011e+01 7.539810994169849323e+01 6.710054479979194753e+01 6.562824673093399497e+01 5.177290909721427425e+01 4.172622459973160147e+01 2.172364757559792636e+01 4.085436043953572494e+01 2.731480432649859580e+01 3.876191959512591012e+01 3.998965533011705986e+01
6.975057531017604617e+01 8.166054688977673948e+01 8.996824535226812714e+01 9.066764291769129613e+01 8.465026934264028569e+01 6.450077053177878383e+01 6.568513927102767980e+01 6.617782004378078398e+01 7.290574613781043922e+01 8.453817217776082771e+01 1.046320609850405674e+02 1.072356282871831326e+02 8.725710284301307240e+01 7.745147632539502069e+01 8.791496528894427342e+01 9.610043449730315501e+01 8.975703354604858930e+01 8.183708110524013080e+01 7.347423399378526199e+01 6.228500367219792366e+01 4.235599925461925608e+01 5.943800304103728394e+01 6.542363957437784450e+01 5.624641210461227558e+01 7.596213875275468297e+01 8.754063961379569037e+01 7.926924634034038775e+01 8.106702595010796131e+01 7.284251286217119059e+01 6.449912451048352580e+01 4.462065166599440857e+01 3.046293973491163598e+01 2.045069909278049280e+01 3.772490652315194382e+01 1.776220663802985555e+01 1.712116895339579514e+01 1.648045025594144519e+01
8.983522043524769174e+01 9.809906340768469590e+01 1.052059152041874057e+02 8.513032214275841625e+01 7.088511870604241949e+01 8.465026934264028569e+01 7.331347075843795835e+01 8.632248129466420039e+01 8.263338454201741001e+01 1.013488713450973790e+02 1.129465382144455674e+02 1.156291096852997100e+02 1.055980904682737389e+02 9.724636556509813090e+01 1.055980904682737389e+02 1.046777979534495699e+02 9.638047478413702152e+01 9.486661650667835488e+01 8.344029079771716795e+01 7.048550827082338799e+01 5.943800304103728394e+01 3.942286772610046341e+01 4.557121500493362021e+01 6.542363957437784450e+01 8.418201471752098541e+01 7.599053191924450346e+01 5.924876928795159614e+01 7.284251286217119059e+01 5.303295093454837428e+01 5.883503720277737870e+01 5.867127940388720475e+01 4.795121656473499883e+01 3.863898602666140647e+01 1.867092602729022488e+01 3.700425510558009989e+01 3.375506602277992130e+01 2.884988111749199291e+01
1.080875090274550701e+02 1.125568710400027044e+02 9.247786050263806601e+01 7.825014009718188390e+01 9.101629560819910125e+01 9.933514370382279424e+01 8.232757660405580680e+01 1.017551930018566821e+02 1.027370794557007514e+02 1.110526097854991150e+02 1.093255840881855221e+02 1.176807387811228125e+02 1.137906152371359809e+02 1.022794721684975201e+02 9.398914407270211768e+01 9.321982387036106843e+01 7.661160796533441442e+01 8.660517752705591477e+01 6.687794888487830747e+01 5.546199074959307751e+01 5.754674753870163784e+01 3.749525069817166667e+01 5.754674754562607575e+01 7.362334939703217174e+01 7.943802564020964496e+01 6.771041852483902801e+01 4.757378454632533504e+01 5.608452747677114303e+01 5.883503204109413787e+01 3.890613674013223289e+01 4.904521961180939371e+01 3.973479265095123480e+01 1.973328336056627919e+01 3.867022372900973437e+01 4.570442312113170402e+01 4.068184633885319812e+01 2.264086381696644779e+01
1.180469961477977421e+02 1.184363031164716205e+02 9.835888422809394172e+01 8.462260343408618724e+01 1.047115747483937440e+02 1.107399856377332412e+02 9.654502754956850197e+01 1.107399856377332412e+02 1.113922397019373562e+02 1.030826351059941999e+02 8.948517041332733868e+01 1.061699461963133473e+02 1.054568668360780492e+02 8.559418836279654386e+01 7.426445408504778811e+01 8.344585378779535745e+01 6.526584810176224494e+01 7.250686596100668169e+01 8.036178732889409559e+01 6.272234142563917914e+01 4.279492545544672311e+01 3.560980390669686102e+01 5.567693583547237068e+01 5.962958372357650205e+01 5.962905712192249297e+01 6.834165581185422411e+01 5.593810695819716727e+01 3.652108016221038866e+01 5.130263873105740657e+01 3.132068098098342901e+01 4.080305877876548948e+01 2.080146249441995110e+01 3.973478704764364977e+01 4.798180398340686281e+01 5.241218006828268727e+01 3.257850328001390494e+01 4.181071939554748695e+01
1.134447375468598977e+02 1.211000842344664790e+02 1.010283412916465267e+02 9.883289902900510526e+01 1.010283412916465267e+02 1.211000842344664790e+02 1.166216604286562699e+02 1.148212533932385639e+02 1.030377849472199330e+02 8.378010707297494264e+01 7.836113057323385078e+01 9.737602655625290993e+01 1.075775368126109015e+02 1.022794721684975201e+02 8.344585378782596763e+01 6.377895286800936248e+01 5.808124477887980674e+01 5.276966931093124202e+01 6.063922028556982724e+01 7.092797943226047153e+01 5.388207697396271811e+01 3.380536668381184739e+01 5.138751738590703155e+01 3.965957028925297578e+01 5.636504684104987462e+01 5.967031705178320067e+01 4.078711218552995632e+01 3.053023407747329188e+01 4.375110501385578488e+01 4.188263114674131060e+01 2.188241971612552561e+01 4.080316580105547786e+01 2.933679474032510726e+01 4.932702941319179502e+01 6.079566045220675363e+01 4.642335737701645115e+01 5.241220344072225146e+01
1.018753741158529920e+02 1.160649032192491319e+02 1.211000842344664790e+02 1.189039533989351298e+02 1.211000842344664790e+02 1.227606084373168329e+02 1.111804797021019482e+02 1.022525590539345330e+02 8.712365717224466266e+01 7.610578631115744486e+01 7.008942658448252416e+01 7.978141033933113135e+01 9.928420876940514006e+01 9.374099072295781809e+01 9.169079062163032745e+01 8.344585378782595342e+01 7.776850851771970952e+01 6.641583506013579097e+01 4.658641775322150380e+01 6.091614425661892085e+01 6.003569494773064008e+01 3.577088708832130237e+01 3.127852670274105762e+01 2.958178305253379392e+01 2.928838892952927253e+01 4.645100549790325317e+01 4.452954041468865398e+01 2.452988430780173346e+01 2.375121727501677782e+01 2.297365459162162438e+01 3.695111997291762407e+01 4.936037888010412900e+01 4.932702941858264012e+01 3.936637437003368944e+01 5.928768446708053830e+01 6.687060314182420484e+01 7.279085238000344305e+01
8.768584501245682361e+01 1.029079908861865817e+02 1.112568186905037493e+02 1.157730150436269554e+02 1.241642146857138016e+02 1.143906419057588550e+02 9.439520188029952408e+01 8.294791568464593468e+01 7.383420989522927869e+01 7.160406578054997340e+01 6.472945339940238796e+01 8.336024053272710432e+01 8.820112637550219858e+01 7.408986535146971164e+01 7.408986538229579821e+01 8.226481975441960515e+01 8.780768388936604651e+01 7.461951870202260295e+01 6.091614425661892085e+01 4.098401002912370217e+01 5.576968935403650818e+01 5.813784217723203795e+01 5.138751724539079646e+01 4.726551860632832103e+01 2.726244496831395026e+01 2.644420505377179609e+01 2.564242968397938682e+01 4.435480482837520810e+01 4.375089219549317932e+01 4.297395627472954516e+01 3.237475908518132428e+01 5.226203787766309006e+01 6.750690180664076934e+01 4.937423805057992610e+01 6.750690180664076934e+01 7.034950722626319930e+01 6.208334059202533695e+01
8.882885186423646928e+01 8.299708153480834483e+01 1.029079908861865817e+02 9.522583369332211589e+01 1.123501701167779601e+02 1.192688009468171231e+02 1.077156567757677266e+02 9.939587783472194360e+01 8.354280182603874039e+01 6.409263103080293433e+01 6.072755844615487320e+01 7.420728904137459381e+01 7.085563803466610011e+01 7.012986677699849736e+01 5.442057475042383885e+01 7.233409220434133147e+01 6.758950000817475257e+01 6.821334032403161984e+01 6.912177641984952459e+01 5.576968935403650818e+01 3.576710563628417816e+01 5.081423236352033967e+01 4.856764018886361356e+01 2.858523508781818734e+01 4.726551837178909210e+01 4.061532324017044715e+01 4.564680828960300829e+01 3.153892562674647948e+01 5.154397786757706967e+01 6.050309118206622827e+01 4.128097551865919712e+01 6.050585253416369369e+01 7.742398491629879231e+01 6.920113088358108655e+01 7.742398491629879231e+01 6.208334059737759247e+01 4.206720201458320219e+01
6.923519535082570542e+01 8.882885186423646928e+01 9.953474256689571575e+01 8.327185459373087895e+01 1.031547993593920438e+02 1.109065338502096694e+02 9.096949280293645757e+01 7.958401898784597961e+01 7.260542201703836440e+01 8.095259350202664450e+01 5.883290982914608946e+01 5.523317824152795907e+01 6.941722939823202410e+01 5.543513413923701449e+01 4.517256723787789952e+01 4.297168578816260975e+01 6.031078069206496650e+01 4.904114746205205222e+01 6.477329767744808464e+01 5.947412689078770143e+01 5.084552475178794140e+01 3.084649851064846970e+01 2.991447984256055292e+01 3.272471925224947142e+01 5.222559303205608217e+01 6.054423643673217725e+01 5.590431325873771584e+01 3.592274407497489364e+01 5.590431325873771584e+01 6.939520272683932944e+01 5.534102602097569701e+01 6.939847380261788601e+01 8.042827195651021555e+01 7.216788802430099281e+01 7.581535528046963179e+01 6.480641825505371401e+01 4.792979320895808115e+01
8.882885186423646928e+01 9.343603387748707689e+01 7.888172881077892384e+01 7.399850291367741306e+01 8.864818060498184593e+01 1.092434418020795732e+02 1.077156567757677266e+02 9.939587783472194360e+01 9.239132796545351312e+01 7.959641259156393289e+01 6.042088374254564087e+01 5.491422908160036798e+01 5.107147811237837942e+01 4.866028293606910182e+01 6.241528538443930785e+01 4.390412428021163294e+01 4.037879415614430201e+01 3.834897970336241713e+01 5.430077683913265929e+01 5.115371796895875178e+01 3.222563589260261097e+01 5.076332300315353052e+01 4.989854903880458892e+01 5.222705462273681576e+01 3.887995736497794041e+01 5.890051848124800671e+01 6.190434900723620615e+01 4.200448170074746201e+01 4.666901365502655352e+01 6.650941795178029281e+01 7.518830027544946404e+01 7.888544150189294157e+01 6.890470488819507011e+01 5.220141262162989193e+01 5.435501916280438905e+01 5.159403767949148545e+01 3.650259098504694322e+01
8.590040528922691010e+01 7.737952001201672658e+01 6.425066985195098823e+01 7.888172881077892384e+01 9.953474256689571575e+01 1.108637765160726190e+02 1.092308980964380822e+02 8.938111706795709210e+01 7.562718668290854396e+01 6.886695950804423205e+01 6.335723472919478638e+01 7.711831274762357680e+01 6.494328980892703385e+01 7.211996872808046533e+01 6.241527406403686484e+01 5.416375244684566326e+01 6.031078069206810000e+01 5.571625131859173052e+01 3.555761875572687103e+01 3.362907638365062724e+01 5.215342456815239558e+01 4.642928005646488998e+01 6.636778248898811228e+01 6.396082071741798103e+01 4.371961177273802690e+01 6.396082071741798103e+01 6.850323981099560910e+01 4.870656739971727234e+01 6.650941795178029281e+01 6.072672382041589145e+01 8.047007655077541699e+01 7.062482081283916102e+01 5.065565533876252147e+01 4.062301585924050329e+01 5.074958390277001286e+01 2.717162113202673979e+01 2.436982667422988413e+01
7.175912841991723212e+01 5.672888267910794013e+01 6.359355678945663470e+01 7.140113666342189447e+01 8.176917315897769356e+01 1.024177619801675547e+02 1.092308980964380822e+02 8.938111706795709210e+01 9.519498332613096636e+01 8.827672247648000337e+01 6.978878282048985682e+01 9.034980613196577792e+01 8.450410272755905794e+01 9.020646945453975718e+01 8.186300809457708283e+01 7.368705087944789511e+01 6.527050714184704816e+01 5.535387120586712228e+01 3.530946791486930181e+01 4.076887101639569266e+01 6.061087646768636006e+01 6.637120027163780378e+01 7.466630320604029691e+01 6.954069989755508630e+01 4.942215940267694663e+01 6.954069989755508630e+01 7.670856262878224641e+01 5.760781809429650480e+01 7.670856262878224641e+01 8.047007655077541699e+01 8.870778597359179685e+01 7.888544150189294157e+01 6.890470488819507011e+01 5.168826415641112249e+01 3.167063954515749202e+01 2.641836263571328658e+01 4.441639704670846100e+01
5.109819596527055552e+01 7.175912841991723212e+01 8.427250162329681871e+01 9.209346756957260993e+01 1.005772808512053160e+02 1.108637765160726190e+02 1.175793262813205899e+02 1.092308980964380822e+02 1.010526831982788991e+02 8.102943368082684117e+01 8.448476250326579873e+01 9.866795921965245952e+01 9.636438442032459761e+01 8.395995975565246283e+01 7.589489329874101031e+01 6.797888337407684389e+01 5.704617906765476221e+01 3.700924111155469376e+01 5.535576526100342676e+01 6.061755828012459801e+01 5.341470947900975119e+01 6.729082410991736651e+01 8.682389038789230540e+01 7.580588998246011556e+01 5.599361934025634469e+01 7.580588998246011556e+01 7.731782114068712985e+01 7.731782114068712985e+01 8.554218510305705081e+01 9.016245030597610821e+01 8.431400993023692081e+01 7.931525567803387844e+01 7.167292731599930278e+01 5.168826415641110117e+01 4.803762417943313778e+01 2.793105188831872354e+01 4.803762416731770202e+01
6.659389530625560383e+01 8.028634314535244698e+01 9.581190285379999239e+01 1.042794247325666959e+02 1.078188200522576352e+02 1.078188201319889572e+02 1.162438376314252366e+02 1.152149148501540310e+02 9.518649477460269281e+01 1.010526831982788991e+02 1.045092740042828012e+02 9.803371112338138005e+01 7.927119643921052727e+01 6.995245032307333588e+01 5.566452005190993191e+01 5.977748707238382764e+01 3.983961985232143377e+01 3.854003745004671089e+01 5.855950885829513197e+01 6.893609451582358361e+01 7.301192676536808790e+01 8.118818293732638836e+01 9.187662788753526399e+01 7.219407405881608497e+01 6.750867572867089450e+01 8.400945141983386577e+01 9.710507899160026568e+01 9.183247359550409783e+01 8.356567338041772075e+01 7.018761475394067872e+01 6.433627028447692453e+01 5.934657788775351150e+01 6.071970955258350955e+01 5.644355556825328790e+01 4.980886825549319497e+01 2.969140275033086596e+01 3.261157603537822069e+01
6.484209259431905537e+01 7.824394073294864427e+01 7.516313902161803640e+01 8.750423588404134989e+01 8.720874822820312033e+01 8.720874822825454942e+01 1.078188201319889572e+02 1.235846495341751847e+02 1.152149148501540310e+02 1.042252420211840018e+02 9.589377846560640251e+01 9.364290897925819479e+01 7.683989631280611832e+01 6.042564988048490449e+01 6.029708923915173102e+01 4.273842837899518798e+01 5.977748707239434367e+01 5.855950885829513197e+01 4.073685909656854420e+01 6.071366302326023145e+01 7.112019534585705571e+01 7.908197867797305491e+01 8.733850392463689616e+01 9.187662788753526399e+01 8.714009543377849809e+01 9.539330271876048073e+01 9.511582182525930307e+01 7.511037788383092106e+01 6.357960003744920385e+01 5.653950275352106303e+01 5.022509954675100374e+01 4.519954182207239768e+01 4.068061700451133333e+01 3.636557202386024557e+01 3.223726978934360687e+01 4.980886825549319497e+01 5.270188995638512353e+01
