MOVIE_S10_data/elevation_000943.asc
nrows	100
cellsize	150.0
xllcorner	0
ncols	100
yllcorner	0
NODATA_value	-9999
[rows 51 to 67 of 100, columns 0 to 36 of 100]
6.455108993161302877e-02 1.927312694829191386e+01 3.514282785092695605e+01 2.797490543532411067e+01 1.414078937362678978e+01 1.928376782908171805e+01 3.762360274019321338e+01 3.463078479755364469e+01 3.179379366830756837e+01 3.623728669030028726e+01 1.626683345211524312e+01 3.114123891897362739e+01 3.934398984086772089e+01 3.102672819810023341e+01 4.475150625010854810e+01 4.905683960133379173e+01 3.575301465814786184e+01 1.578580400165446562e+01 3.296861730320588890e+01 3.366330141293943967e+01 3.418773389815296326e+01 3.491877586598035066e+01 1.580519129866254424e+01 3.385250640477996598e+01 1.750377337332147576e+01 1.822280473598974382e+01 1.898835805236635466e+01 1.975779904747822968e+01 3.981607680911521641e+01 2.240756477486409537e+01 4.246756842670295384e+01 5.939846233341606307e+01 6.772203393055212928e+01 7.516088073668412051e+01 6.154235487958462159e+01 6.909953586868898867e+01 4.891215987274338062e+01
3.995603441288197999e-02 2.002310792377688742e+01 2.127691171337594511e+01 7.384526268708746954e+00 2.308489681740610067e+01 3.083161639587170200e+01 2.521197506004212130e+01 1.409311931848439059e+01 2.755532084136430981e+01 3.475302390362634952e+01 2.728480844973621444e+01 1.110102491617564269e+01 2.824881890906413773e+01 1.830569896167978428e+01 3.588996602887990406e+01 3.903026104023282272e+01 2.809844963322904121e+01 1.224840858892204665e+01 1.293867824311787373e+01 1.363026578244014075e+01 1.432318570623673537e+01 1.501743642395938139e+01 1.707224510441611187e+01 1.658333969749253001e+01 3.641346932276498904e+01 2.216448047777484476e+01 3.905225179527896273e+01 3.981600743215464178e+01 2.084587040945626768e+01 3.910073638971673660e+01 5.015080388367319131e+01 5.247388369593022617e+01 7.260328796642671989e+01 8.863541778007325433e+01 8.064290431204540255e+01 6.909953586868898867e+01 6.320016938532701545e+01
4.804567899273937126e-02 6.345080317005618031e-01 1.221222680549419959e+00 1.831565846818870824e+01 2.237420729649491591e+01 2.293350512667419139e+01 4.095463389608656080e+00 4.694684907320588074e+00 2.308087612848022374e+01 2.601838467300233759e+01 7.008842215502858686e+00 7.618849328728526160e+00 8.239048040006625939e+00 8.860156354910563081e+00 2.888699009142408514e+01 3.041126970753074943e+01 1.129093565450713221e+01 3.132127340344377231e+01 3.297165221408791069e+01 3.366343140053593430e+01 3.435719024348783535e+01 2.915124445354283012e+01 3.589651936048746705e+01 2.390820669387201036e+01 4.302087500290869571e+01 4.226536289311484040e+01 2.798632969981527197e+01 4.815114466589320585e+01 4.090306656944868280e+01 2.236157247500847234e+01 3.236590999030308069e+01 5.247388369593022617e+01 6.978312475251172486e+01 7.369232804818533111e+01 8.198912413557647483e+01 8.921147663058332000e+01 8.334186644223066764e+01
9.707512844716031930e-02 1.845609483995852429e+01 2.110172823217591898e+01 2.060034924529461797e+00 2.654210835551767289e+00 3.249174952860495846e+00 2.029844537916161329e+01 1.838456450013523380e+01 5.545171418444859945e+00 6.147373757303892461e+00 2.491961232583417996e+01 2.757985177734596860e+01 2.826500827612386502e+01 2.813165344291104120e+01 9.741961440808335482e+00 1.038220388919596360e+01 3.041126297174838911e+01 1.424096552523966963e+01 3.427459357673216545e+01 3.945247952744939823e+01 4.773520825545087121e+01 4.888220483623876333e+01 5.148944759866950704e+01 3.746871268393763899e+01 4.321610997229436180e+01 5.250410736493500252e+01 3.231254889776722194e+01 5.132248866062445813e+01 3.723562775386425727e+01 2.344207976251363945e+01 4.347879675417767231e+01 4.135160663430574601e+01 6.147644149252578671e+01 5.352796900540555214e+01 6.843186091299521934e+01 7.605441895452003109e+01 8.434600131401487033e+01
5.001202446392439237e-03 1.905484376628048082e+01 2.842078174427111037e+01 1.708913625612110110e+01 2.278345726032140917e+01 2.175097354801267002e+01 1.258302367902505559e+01 1.930549172024151261e+01 2.598800574618590176e+01 1.021471883313162721e+01 2.009485251744962397e+01 3.816435724872060575e+01 3.373217585232487892e+01 1.370375262331296184e+01 2.977007522154735142e+01 1.869701511705089914e+01 3.680698858249508021e+01 3.427521555475210135e+01 1.724061835060343384e+01 1.941088141844673132e+01 3.945311172690944801e+01 4.972317981559908162e+01 5.802057644494378508e+01 5.774080926498845656e+01 6.301198231792987769e+01 5.715041792154024591e+01 3.699149108566670918e+01 5.688235496174032590e+01 5.069005001376182662e+01 4.350261232881312168e+01 2.498079281417494002e+01 4.504612426112210244e+01 5.442855792733001152e+01 4.188485209143563281e+01 4.825200426544429888e+01 5.588702602248991980e+01 6.755735797382038754e+01
5.279685921607564503e-02 1.454962348242885994e+01 3.564341183995876605e+01 4.009406348506090723e+01 4.110549298658622064e+01 2.276448902568851196e+01 3.254972351902233640e+01 3.360963419396313867e+01 1.727512209597032822e+01 3.395535677992685208e+01 3.079567027523324185e+01 4.651334894908637096e+01 3.650189612949926499e+01 1.656207670782691466e+01 3.659334207131956163e+01 3.786778636812418597e+01 4.644936938181037078e+01 3.727917814788582263e+01 3.727917869184428667e+01 3.945309318555472800e+01 2.257362554051737291e+01 2.964528062671728037e+01 4.122872412249410701e+01 6.133279439440767788e+01 7.629372879696805398e+01 5.632155519313204195e+01 4.208786346897028352e+01 6.217126940576541472e+01 5.773548347197313291e+01 3.763642396898236342e+01 2.607661328917888000e+01 4.612487057763922849e+01 3.430463725800741770e+01 5.442855792733001152e+01 6.843186091299521934e+01 7.605441895452003109e+01 8.186431935441386543e+01
5.738623160518319517e-05 1.414219300996268025e+01 3.414219300996338546e+01 4.549088880328834250e+01 4.924790247285339717e+01 3.325423484821470765e+01 4.947287837494294394e+01 4.374839990513008559e+01 2.299803593959671488e+01 4.334069224099274464e+01 5.232834475998436830e+01 5.112859876373316581e+01 3.106939700791383885e+01 1.951193371309812008e+01 3.367277502363309338e+01 5.373004446280808111e+01 6.562029227650954510e+01 5.499985033887606534e+01 3.490712527950152833e+01 2.595342191035686241e+01 4.262324239747458421e+01 4.972315434781649657e+01 5.804328482335949246e+01 6.966817813470237297e+01 8.210973397948805541e+01 6.217126940231713661e+01 4.848894555662270989e+01 6.849900616163748168e+01 6.598296213579186542e+01 4.614165024659034486e+01 4.614592278676102666e+01 2.764434339733910306e+01 4.772086467981687719e+01 6.275695526963833260e+01 7.714965773410587246e+01 8.544396888304287074e+01 7.360584575368210380e+01
4.532054705376769438e-02 2.004532054705341082e+01 2.938285492785252728e+01 2.569169004039604687e+01 4.549088880328834250e+01 5.206886066694653437e+01 6.066208727240406517e+01 5.093487363388913991e+01 3.060845640819998437e+01 4.374839990513009269e+01 6.391541890376856827e+01 5.941097799154150749e+01 4.271629493969673774e+01 2.267452726489808867e+01 3.684034907639976097e+01 5.690208313463845258e+01 7.138070555489130697e+01 5.131833714006847913e+01 5.431341599259198460e+01 4.601411114939731561e+01 2.954382237574581893e+01 4.961985524088132138e+01 6.056235123457630465e+01 6.884773951051096219e+01 7.887230709510821214e+01 7.555996400382908007e+01 5.558855931628496450e+01 7.555996400382908007e+01 7.453392720882023070e+01 6.173926234286724224e+01 4.881517961609874590e+01 2.878808000395943978e+01 4.887081394812496171e+01 5.895494712252327218e+01 5.700408066118627204e+01 6.910546297766464363e+01 6.086376543067898837e+01
9.001595176218035732e-02 4.678330614862723280e+00 9.392375511616968708e+00 2.938285492785252728e+01 4.456269289416017187e+01 5.282829448397804128e+01 6.280748465464206731e+01 5.928093552133340438e+01 4.095626776095664923e+01 5.928093552133340438e+01 6.661868959764861131e+01 4.655643802200922465e+01 3.496115495008071150e+01 2.600719744738941586e+01 4.605811443815826323e+01 5.854715531200727696e+01 6.682065980603464084e+01 7.138070555489130697e+01 6.382519386515021864e+01 4.373583429233892872e+01 4.961987124492070933e+01 3.335725330375131392e+01 4.044866032075085371e+01 5.051854822498200548e+01 7.060959147631825772e+01 8.377032716239794752e+01 6.713641098157172848e+01 8.377032716239794752e+01 6.775583924414009118e+01 4.759604572851792170e+01 3.337016126322085086e+01 4.887081394812491908e+01 3.052856525293832135e+01 4.054406709687992105e+01 5.370110998141536385e+01 5.501475041098396446e+01 4.090928177680016375e+01
5.674351268809080251e-02 2.005674351268773492e+01 2.938285492785252728e+01 1.792023609197289957e+01 2.458640756469169020e+01 3.458207245691660603e+01 5.454331333135411342e+01 6.930302912969546014e+01 6.091347950684131973e+01 6.930302913739227222e+01 7.487600706613683599e+01 6.331459141719830797e+01 5.210982698322358431e+01 3.203856713215515128e+01 3.267637522363011726e+01 3.846170086258494791e+01 5.267767913810408942e+01 7.271732429507018480e+01 7.209772460883216638e+01 6.382519393047885359e+01 5.641656054113447283e+01 3.630811625783172047e+01 5.641656054113447283e+01 6.884773951051096219e+01 7.887230709510821214e+01 9.524603181201307223e+01 8.706675142235782516e+01 7.950086474998974495e+01 7.049814697342016245e+01 5.696884391462314312e+01 3.680228924423962411e+01 5.655366293085577922e+01 4.374802913910102120e+01 3.229161837686864800e+01 3.357616469235573931e+01 3.487700242477475854e+01 3.618663466200157330e+01
9.518805923843161321e-02 1.423732368296925621e+01 3.423732368296854389e+01 3.790393111767276935e+01 4.456269289416017187e+01 5.282829448397804128e+01 6.280748465464206731e+01 6.485240236956200022e+01 6.485240236956200022e+01 7.312529814539820450e+01 7.784597008853435796e+01 5.783861853724184954e+01 4.362622988634456078e+01 4.362622988634456078e+01 4.164882169461164807e+01 5.854715531200727696e+01 5.007050431925712530e+01 7.012647590711866030e+01 8.109408168719757271e+01 6.107379616441496495e+01 4.943442645515738576e+01 3.936447771004692697e+01 5.948489548750888645e+01 7.295219091829510205e+01 8.487938910497265965e+01 9.310960510817859870e+01 8.281621797648108441e+01 6.269501342865468985e+01 5.103177144549198374e+01 4.199707478255029969e+01 5.696884391462324970e+01 6.015535558185574416e+01 4.009010771971638576e+01 5.240474965254357187e+01 4.361325181674184392e+01 5.501475041098407814e+01 5.634077391832279602e+01
9.062254805971975413e-02 1.423275817179054492e+01 3.423275817178983260e+01 4.395309566525310885e+01 3.567678144991494094e+01 4.038898401626550339e+01 4.538639312063151010e+01 4.487734277782660541e+01 4.487734277782660541e+01 6.485240236956200022e+01 7.946515295896450937e+01 7.196171975083696282e+01 5.783861853724184954e+01 5.783861853724184954e+01 5.326036659726162270e+01 6.999611176298999737e+01 6.168002515027987442e+01 7.837655771436708108e+01 8.933020963479796706e+01 7.108393900117333430e+01 5.099380631215882431e+01 5.948489548750888645e+01 4.455587655230472421e+01 6.468124267654209802e+01 6.488823005001739830e+01 8.487938910497265965e+01 9.109518710032662625e+01 7.642462569553642027e+01 5.627978350248726969e+01 4.662945119599476129e+01 6.680974900691795426e+01 6.623330475351085056e+01 4.607502785627961117e+01 6.623330475351085056e+01 5.788750004786516001e+01 7.210746453076872342e+01 6.276889041131819624e+01
3.063233560239582431e-02 2.003063233560203926e+01 2.626380027372305648e+01 2.950649466502867213e+01 1.568276710608471092e+01 2.039680168231856783e+01 2.539675670316746547e+01 3.074180508379713217e+01 3.968410476520026009e+01 5.122229750112232693e+01 7.119208342843181470e+01 8.291709280183899011e+01 7.784597008853435796e+01 7.784597008853435796e+01 7.329785109784231167e+01 8.154206802039277591e+01 8.166454221277479064e+01 8.989546127833979483e+01 8.739216714866766722e+01 6.741874836436875285e+01 7.108393900184999836e+01 5.881159410735173765e+01 6.468124267654209802e+01 5.063725555392307598e+01 5.827119966278581842e+01 7.248677433028863959e+01 9.240945436535973556e+01 7.642462569553642027e+01 7.170126398622339536e+01 5.153303105725613165e+01 7.170126398622339536e+01 7.339490471595287602e+01 5.313884112560059947e+01 7.339490471595287602e+01 7.803637246673292793e+01 6.895947775016850301e+01 4.890044562658690808e+01
5.666595628964066211e-02 3.142732955530300742e+00 6.266208193267163828e+00 9.510636615218746925e+00 1.583518751620221643e+01 2.250180038685498474e+01 4.249280452592563506e+01 5.072790227764050996e+01 5.900132046161246535e+01 6.793505550048249120e+01 7.702168045228422955e+01 6.292507284006503454e+01 7.702168045228422955e+01 7.981457558973951905e+01 8.801795824998465889e+01 9.011528969846602877e+01 8.191541567736922502e+01 8.191541567736922502e+01 8.411072080442963284e+01 8.739216714866766722e+01 8.709278772923826750e+01 7.301486128443632140e+01 7.708786757371174758e+01 5.702523145484865097e+01 7.708786757371174758e+01 7.248677433028863959e+01 9.240945436535973556e+01 9.646944106005032893e+01 7.708722030320255669e+01 5.693481706493541594e+01 7.708722030320255669e+01 8.172413996382077528e+01 6.484127385095760587e+01 8.172413996382077528e+01 7.582109476259142866e+01 5.581622242018821112e+01 6.895943259407769688e+01
2.110006612196471329e-02 2.002110006612160831e+01 2.626380027372305648e+01 2.365170618404613734e+01 2.581434480100950779e+01 4.249280452592563506e+01 3.404696588147540837e+01 4.558775076819615890e+01 6.556240894702872879e+01 7.771641786518598849e+01 6.806136872263112991e+01 4.868668684145774250e+01 6.806136872263112991e+01 5.980743428162087127e+01 7.650106006681028248e+01 8.191541567736922502e+01 6.212006932442141505e+01 6.212006932442141505e+01 6.430938304030945574e+01 7.010906059485496655e+01 8.991034722692789671e+01 9.294351172521855631e+01 8.532749641617073166e+01 6.604531540124690991e+01 8.532749641617073166e+01 9.240945436535973556e+01 1.006316357154226040e+02 9.128518255500026157e+01 7.120623178044687052e+01 6.457021070407667196e+01 8.469287099597285362e+01 9.337159466084146686e+01 8.507938177213098641e+01 8.365041361630915162e+01 6.368948880968584803e+01 7.582109476259142866e+01 8.407417796713443181e+01
9.367352646185668485e-02 2.009367352646150096e+01 3.723449506106192786e+01 4.364120442064248806e+01 4.548359538993724271e+01 5.374890718574523873e+01 5.403003467050898934e+01 6.230342598649874475e+01 7.383553602829999818e+01 6.947620275668410272e+01 4.947202726183048327e+01 3.983992797664917873e+01 5.979432880296231190e+01 4.822279078117130524e+01 6.755868614379014048e+01 7.909700727730457004e+01 6.791799203526339568e+01 4.813976947153031460e+01 5.033013919506861100e+01 6.946160978080979476e+01 8.088582135273047413e+01 9.618568773948335604e+01 9.424502878036408049e+01 8.020472900310068098e+01 9.424502878036408049e+01 1.009965962447127197e+02 1.016800035555782102e+02 9.954881986803171401e+01 9.128518255500026157e+01 7.466315461333475412e+01 9.296684578104320451e+01 1.071151307102228714e+02 8.721951577707032754e+01 7.311404714765227197e+01 8.365041361630915162e+01 9.189839164856969944e+01 8.528921316037630618e+01
3.648181865326004941e-02 8.980745760148993284e+00 2.312140074139577095e+01 4.309782183050746340e+01 4.398250192327638075e+01 5.245865717406677220e+01 5.232844911589786108e+01 6.011947707406090302e+01 6.042761919046210295e+01 5.475073020897679044e+01 5.314286186085795549e+01 3.339189270226914630e+01 5.039937775366618666e+01 3.939637598945282093e+01 5.083400801182263251e+01 7.086710998966006514e+01 6.092533438794723821e+01 4.108957898540246134e+01 4.143083722814123604e+01 5.290233228792492071e+01 7.268544142794227980e+01 7.636942316002343034e+01 9.618568773948335604e+01 1.000643589493715524e+02 9.517449933536043716e+01 8.115047603922326402e+01 8.183711998272245580e+01 9.585956719000006387e+01 1.029774668881050843e+02 9.472258737861083944e+01 1.029774668881050843e+02 1.071151307102228714e+02 8.721951577707032754e+01 9.304680647511446523e+01 1.012905638990283137e+02 9.274245815849444341e+01 7.766558646739224514e+01
