MOVIE_S10_data/elevation_000161.asc
nrows	100
cellsize	150.0
xllcorner	0
ncols	100
yllcorner	0
NODATA_value	-9999
[rows 17 to 33 of 100, columns 37 to 73 of 100]
8.232323610355544474e+01 8.092662736067137530e+01 7.011144041466937438e+01 5.183461711619948176e+01 4.525655772048668268e+01 5.002794023565126480e+01 5.506986101905835085e+01 6.045188658441572471e+01 6.754961476433740586e+01 7.752045671976190988e+01 9.734741385728152352e+01 1.061264391470840565e+02 8.610654949294685423e+01 7.466892355761075351e+01 8.676290996550562795e+01 8.180782381322633512e+01 7.715405618756975059e+01 7.276663974234897125e+01 6.525458966304047692e+01 4.588712395107069852e+01 4.878838053113516082e+01 6.769690838488880047e+01 8.150237571971248940e+01 8.677029777762703588e+01 6.764580777584855298e+01 8.663127993950200789e+01 8.397457090969207627e+01 9.166102952117772418e+01 9.131884168907826904e+01 8.374540035104995184e+01 7.567210574970908965e+01 7.104573618387823331e+01 7.910183951725349516e+01 6.597669354769402617e+01 5.775932755076730984e+01 4.874322490348213677e+01 3.201078972214137508e+01
7.399239060480216779e+01 8.693310816565269761e+01 7.186453003626948544e+01 7.186453003626947122e+01 6.534684341792475948e+01 4.947949937491517147e+01 6.952704408916639522e+01 8.040376634755293139e+01 8.743393528852172381e+01 9.565828586382458809e+01 1.055781940179875988e+02 1.072369545308234819e+02 8.720550026562838752e+01 8.869656091592040070e+01 1.029071824346568604e+02 8.909995703407294343e+01 7.276663974234904231e+01 5.323860785837480591e+01 4.846799539461898831e+01 4.395236385958451564e+01 6.105038658025835474e+01 6.922897144874771413e+01 8.089585018697691510e+01 7.812911350050507053e+01 5.755092440555812061e+01 7.795139149265700951e+01 6.595090689791761918e+01 7.904022847054537237e+01 7.186332239036948977e+01 8.271493653753719855e+01 8.350160187625839114e+01 7.786671349512452878e+01 7.162476484834682822e+01 6.330468063521691846e+01 6.692764932092322283e+01 5.692371334708290931e+01 4.752524825454857194e+01
5.908312875288923749e+01 7.875881607304373233e+01 9.176815142732124286e+01 8.662469844486713555e+01 6.671393879450400277e+01 5.252239754554897644e+01 7.254566527751983074e+01 8.403076095001894430e+01 9.105010387443201125e+01 9.927586970164054492e+01 1.081455852513863363e+02 1.156101101496739432e+02 1.013290294623443657e+02 1.087427387481918402e+02 9.488018288656513732e+01 7.498359713499498014e+01 6.110617425172719663e+01 7.276663974234904231e+01 6.788463059003363753e+01 6.105035471360282884e+01 4.169444373589170283e+01 5.312486490816758078e+01 6.701022775825414612e+01 7.119129653067116692e+01 5.131825051255429315e+01 7.091177816518026589e+01 5.552421627224828882e+01 5.751254293933681794e+01 5.816473531687551457e+01 6.363721046959771144e+01 6.365504718095624526e+01 5.785586612801504458e+01 6.330468063521691846e+01 4.308961517923972906e+01 4.901047076916550083e+01 4.047312749555370459e+01 4.024626025079051317e+01
5.422431229672125141e+01 6.814029126292294336e+01 8.811207438812037651e+01 9.086254355068102484e+01 7.098528807868106583e+01 5.681882515451246718e+01 5.923608907951376068e+01 6.411489262027380676e+01 7.119640394912693182e+01 8.009708191637771790e+01 9.410564120585202375e+01 1.139273482290709154e+02 1.214999473566297468e+02 1.038271068040198344e+02 8.383092067146012027e+01 7.241372133625705487e+01 8.081117217917025641e+01 8.909980675568137087e+01 7.705046090111412127e+01 5.745446912005650830e+01 5.884457413180384577e+01 3.947190295816214700e+01 5.884457360024875783e+01 5.794449181719173225e+01 4.608608805419260079e+01 6.534279872557810620e+01 6.172414686864222944e+01 4.229926304016322547e+01 5.357080851353406814e+01 4.991385746212728947e+01 6.355432170921883994e+01 4.393108770540334973e+01 5.249154786766582248e+01 4.901047076916550083e+01 3.019201295604245772e+01 4.137923134234032574e+01 2.149173045079055910e+01
6.001618625751711278e+01 7.348354020790554841e+01 8.193457836152948914e+01 9.374759599504997709e+01 8.503883820919561742e+01 7.680720141505248932e+01 6.371971730493525854e+01 8.363969864777783414e+01 7.479556692524243999e+01 9.463582494814869506e+01 1.081455852513863363e+02 1.204982642253248883e+02 1.178083324893267161e+02 1.121888212389994521e+02 1.006117568111573917e+02 9.228230335762059156e+01 9.703086339005885463e+01 8.848498530892797476e+01 8.531448557403659549e+01 6.855397879879097900e+01 4.908408435396877678e+01 3.791762456262068781e+01 5.511671805598203377e+01 3.908676525521673994e+01 5.278889279659140499e+01 5.190401758415714539e+01 5.462552461598144760e+01 4.960990532332355230e+01 3.392460639340430362e+01 4.785121645376941757e+01 4.701431149232709572e+01 4.576036859308288740e+01 3.254836150643833292e+01 4.333137871123333440e+01 2.348022592033236933e+01 2.265049866272309131e+01 3.847529097179530311e+01
4.733736546920480492e+01 5.296267951211473957e+01 6.481173047042474877e+01 8.544321477748563609e+01 9.210360466465355955e+01 7.225398557904432550e+01 7.525411360933266280e+01 9.186509497406055402e+01 8.472866801322716412e+01 1.028654047088463273e+02 1.145971170427786205e+02 1.002869573818620523e+02 9.762269031576667544e+01 1.119202287440540431e+02 1.048323635175688935e+02 9.301928901086326107e+01 8.447419082799734724e+01 6.843110457867354057e+01 8.535506074763209483e+01 7.677596309932313545e+01 6.545402532984724076e+01 5.516865921321281263e+01 3.574226913714471721e+01 3.420999467176714148e+01 3.330380580377199351e+01 3.239986192126593068e+01 4.448981078291579649e+01 2.985277904687881190e+01 2.895727328593062211e+01 2.807593006846541783e+01 2.719532464084051426e+01 2.634871108322133182e+01 2.550256546109431355e+01 2.466221095643630079e+01 4.317892967170811147e+01 4.251716289776584290e+01 3.049326179675039583e+01
5.875180575640579406e+01 7.353162175902249942e+01 6.751230486174905820e+01 8.806353824864149260e+01 9.870897398212241569e+01 7.889286602971584728e+01 9.509462083588860537e+01 1.033249769410988677e+02 9.873374865350000107e+01 1.127847153831160227e+02 1.062067120996702556e+02 8.620640813470389219e+01 8.357989040354711108e+01 1.019004060331987063e+02 9.620669999932235328e+01 7.589635868265992258e+01 6.449718289409315730e+01 5.719417253384234812e+01 6.885919257966985185e+01 6.427035854358065592e+01 6.436670072538980492e+01 5.522361946465500182e+01 3.584218303653619131e+01 5.367859594896138731e+01 5.278916807813966017e+01 4.947610030722697161e+01 3.112323659712216184e+01 4.961080124612492170e+01 4.872849218092540013e+01 4.784574151735766634e+01 3.024213834537363965e+01 4.606560174289728593e+01 4.491375004203659671e+01 4.449077958446077474e+01 3.614507430140191246e+01 5.601382619451447198e+01 4.443097795419460994e+01
7.930336556877229270e+01 8.765137884435971216e+01 8.806353824864149260e+01 9.635685186130996271e+01 1.069416328015784359e+02 9.290400573498833126e+01 9.290400573498834547e+01 1.127234070534987751e+02 1.185677115328874862e+02 1.184673602590273305e+02 1.100640161234270664e+02 9.355740921467217674e+01 7.375814100461013822e+01 8.547439181547879627e+01 9.377387305925650196e+01 9.301884743257721766e+01 8.292001499146994092e+01 6.303500923858268834e+01 4.941719071806542729e+01 4.496428254511354083e+01 5.326025642634711232e+01 3.753856912472937779e+01 5.521449891059757675e+01 4.185906927635271302e+01 6.119145442318700390e+01 6.150859462559586888e+01 5.061662262295928372e+01 6.125651016505486979e+01 4.666581641184055940e+01 3.936538698532589109e+01 4.994325290693753772e+01 3.519193269355620401e+01 5.459089557362098333e+01 6.388895752375639603e+01 5.601770138811205868e+01 5.601770138811205868e+01 6.416570090314569086e+01
7.778800342971410942e+01 8.987308937201837011e+01 9.810560130173976745e+01 1.054787542117284573e+02 1.109740542905967686e+02 1.127234070534987609e+02 1.127234070534987751e+02 1.209792598682103488e+02 1.243947398009092637e+02 1.041280360175927484e+02 8.999070597610403865e+01 9.736854007452497228e+01 8.547439181547879627e+01 6.572839140658618362e+01 8.068496211262524298e+01 8.896548465561554053e+01 8.768507181669868089e+01 6.840177056624145280e+01 6.021038679459359599e+01 5.859129696560213318e+01 3.924467780156693664e+01 5.116674232963457314e+01 6.477175956635615250e+01 6.119145442598967577e+01 4.825367407774918149e+01 6.766034460010989449e+01 7.491013179134432676e+01 5.848040654335996891e+01 6.309037500838761758e+01 5.865288578814296727e+01 5.896969382962417683e+01 3.929156054453197555e+01 4.568855246335485987e+01 5.448134574626803328e+01 7.406454110903872845e+01 7.605910776849043486e+01 7.520759452942505163e+01
7.200544010499692149e+01 6.999427232772991658e+01 8.987308937201837011e+01 8.566595837247366774e+01 9.116046808217592456e+01 1.035639373338173641e+02 1.118066813922269489e+02 1.217329725130656612e+02 1.179889947190001891e+02 9.777297987432670823e+01 8.630729773452269171e+01 7.753324982930786291e+01 7.228850390664690906e+01 8.068528154500347682e+01 6.097857880132261954e+01 7.616425446863082982e+01 8.442602785123325759e+01 8.614332907761715319e+01 7.754597387316147206e+01 5.909355397152705081e+01 4.050410442025123814e+01 5.979123051252712173e+01 7.803554031364399179e+01 4.825198719141110359e+01 5.302459046960716194e+01 7.253892931027749569e+01 8.480594106791514264e+01 7.121184552187386885e+01 8.424272625753708610e+01 7.723501923673988756e+01 5.748579341321509872e+01 4.356285494653564427e+01 5.748579334735713076e+01 7.341349134440093849e+01 7.050901656685552155e+01 8.988481108969730826e+01 8.668278967169177918e+01
5.583052624632109229e+01 7.581664303803526650e+01 8.445387836928432534e+01 7.162725447084652330e+01 7.715216196847764252e+01 8.376332470135969288e+01 9.365718145875815992e+01 1.134706932088763836e+02 1.264045439813077110e+02 1.147157568813261719e+02 1.057322133093519483e+02 9.736854007452497228e+01 8.363375962913693229e+01 8.757716443655766625e+01 6.780942450989907400e+01 5.656040457065833493e+01 7.198470011137725066e+01 8.022256287360859517e+01 7.422269972495114132e+01 5.525148428959922597e+01 4.176807316111842994e+01 6.105614699879874507e+01 7.484557210136415506e+01 8.078158732188263969e+01 7.253892931027749569e+01 6.123888430052714682e+01 8.093915144582719279e+01 9.035542184654875086e+01 8.653304546654058527e+01 6.680895327031299757e+01 5.282421348466618127e+01 5.097867411303302987e+01 7.073885353585615121e+01 8.535055523318730764e+01 8.988481108969730826e+01 8.111999017211091711e+01 6.949817198713000721e+01
7.581664303772205926e+01 5.994129245461341782e+01 6.455303240017113353e+01 8.445387836928432534e+01 9.696373312299806457e+01 1.035639373338173641e+02 1.118066813921999341e+02 1.217329725130656612e+02 1.317571252682077159e+02 1.211145738591984014e+02 1.126854220096648476e+02 1.119722506286636730e+02 1.035878150229202674e+02 9.588978840854488794e+01 8.336266926908136554e+01 6.365544860098626856e+01 5.253477769724019453e+01 6.813298437472425917e+01 6.553861450843285752e+01 6.231768344315224084e+01 4.303633887773327160e+01 4.905264831778813317e+01 5.573195443211576361e+01 7.489357956333968502e+01 8.921743895513623102e+01 8.093915144582719279e+01 7.169723037706808100e+01 9.155194032031164397e+01 8.653304546654058527e+01 6.680895327031299757e+01 6.680895327031299757e+01 6.495812333251704729e+01 6.712033610598575706e+01 8.683940972414656301e+01 9.265563452252330023e+01 7.284946795622961702e+01 5.265213566432762349e+01
8.651598585386648210e+01 6.663296185204737299e+01 6.645528360664707179e+01 7.222845334877324319e+01 8.626337165727728973e+01 1.060760258600315638e+02 1.201368042306527997e+02 1.257716497436141623e+02 1.113571745735156924e+02 1.126854220096648476e+02 9.249967088833521700e+01 9.841194050842878482e+01 1.011500837109653048e+02 9.524555181833389383e+01 9.165652995572690998e+01 8.022513636151450100e+01 6.813303874075454303e+01 4.882374190038241579e+01 4.624792149042595213e+01 4.486885126927240464e+01 6.225077088660142977e+01 6.807184137666637014e+01 7.484557210136415506e+01 6.917168094602138240e+01 8.870746480779331478e+01 9.986315952073921665e+01 8.310876460449995307e+01 9.986315952073921665e+01 9.462135972912101067e+01 8.653304546654058527e+01 8.653304546654058527e+01 8.469477079317709922e+01 8.683940972414656301e+01 8.578088050901173744e+01 8.441329929888432559e+01 6.438370156787730991e+01 5.265213563541421138e+01
7.813775578828388291e+01 8.651598585394295071e+01 7.460579038626977422e+01 9.206636371995830359e+01 8.216240090066803248e+01 9.206388739843242774e+01 1.118767656800708750e+02 1.173321817961197127e+02 9.701459595899498822e+01 1.044822122358610414e+02 9.841194050842878482e+01 7.853753349067626743e+01 8.123385878897096291e+01 7.543002550542972529e+01 7.813051638392592224e+01 7.853675959958135877e+01 6.788273190597239193e+01 4.854612053072387567e+01 6.553733615233522869e+01 6.415226733233632217e+01 5.012291932468282596e+01 6.375412181780406229e+01 8.349304675662855857e+01 8.870746480779331478e+01 9.706227331032513916e+01 1.114219822027603186e+02 1.030855328367259887e+02 9.450937247349777692e+01 8.622005462251793517e+01 8.396970929868433586e+01 7.569152152864054983e+01 7.490954252719954809e+01 7.167428401605052102e+01 6.583114042523430953e+01 7.995069859236524223e+01 8.111366622568017704e+01 7.284920565712749863e+01
8.805469700630322905e+01 1.026659412470644952e+02 8.863123375611380084e+01 9.443481951811000386e+01 9.616399087677868351e+01 1.102115293007810664e+02 1.201368042307506983e+02 1.162079565218424904e+02 9.589837166196235785e+01 8.442175193401472200e+01 7.881637156298012314e+01 8.778862310475365405e+01 6.812433015695279437e+01 6.160659586285714795e+01 5.855079430573729127e+01 7.028459398984453799e+01 5.086264009859959145e+01 6.787963918149226572e+01 6.788298107375098311e+01 7.776896717043341312e+01 6.953551929927000685e+01 5.597712961886715277e+01 6.464914149407518096e+01 7.602482089832780332e+01 9.592726847554578740e+01 1.062121752773367973e+02 9.467195268562211652e+01 8.574913151713958825e+01 6.627890950599254438e+01 6.993817781509130782e+01 5.575469605542734541e+01 5.496606964357540903e+01 5.172486293719735073e+01 5.172486293719727968e+01 6.482496129576671251e+01 6.226856234889800845e+01 6.316037491087856637e+01
1.078670249184640824e+02 1.161199617084451177e+02 1.084459149751164091e+02 1.142678761962527432e+02 1.159880608432846287e+02 1.142779777990207037e+02 1.227517913542530437e+02 1.246481536879113463e+02 1.129111019791653518e+02 1.044822121780050281e+02 9.089568505156152867e+01 7.121492949366611924e+01 6.714109498708397439e+01 8.123385863132278928e+01 7.385786993064411377e+01 5.439894151650166521e+01 5.305957581612358354e+01 7.258395487869267981e+01 8.418755508352715822e+01 9.593481156998150539e+01 8.068504295972901730e+01 6.094184532994586334e+01 8.068504295972901730e+01 9.273250067191534640e+01 1.042590946728545447e+02 9.790649943352319440e+01 7.794451840949697896e+01 6.645551463885212229e+01 5.754218170316069347e+01 4.999469411921378281e+01 4.422243007138317239e+01 4.083797715534684869e+01 3.758656658456370536e+01 5.335547537788410466e+01 4.485877218986276915e+01 4.229490768702181214e+01 4.566229241859101506e+01
1.018513668637343130e+02 1.018513668637343130e+02 1.103492320971468246e+02 1.222014647447553131e+02 1.109048460488304499e+02 9.373282034530683404e+01 1.064643480220893963e+02 1.149495017584947618e+02 1.167570085322781779e+02 9.649254250073644812e+01 8.245354183665835990e+01 8.502974645887007910e+01 8.679196383540570991e+01 8.222583600674408899e+01 6.260121719936277174e+01 7.385787047700367225e+01 7.258456047617318063e+01 5.625897279221562286e+01 7.011567141919813650e+01 8.998178741311875228e+01 8.896875288123831638e+01 7.075671047760805266e+01 7.143944760355731205e+01 9.130205113410620754e+01 1.087935614400320929e+02 9.879478120773876526e+01 9.049800861649633532e+01 8.385545645113006685e+01 7.082816941228354324e+01 5.088663109982732635e+01 6.418098997489430246e+01 6.041668722084920518e+01 4.044456411152457775e+01 3.335788945437410291e+01 3.069936728083549227e+01 2.812773651707934164e+01 2.563270143611717700e+01
