MOVIE_S10_data/elevation_000954.asc
nrows	100
cellsize	150.0
xllcorner	0
ncols	100
yllcorner	0
NODATA_value	-9999
[rows 51 to 67 of 100, columns 0 to 36 of 100]
6.455108993161302877e-02 2.006455007352243669e+01 3.729229623452413733e+01 4.881030605309435799e+01 3.451777854573373361e+01 2.863752164386175991e+01 4.242542582690938957e+01 3.312423875640354964e+01 1.319421802392670884e+01 2.582970037609046088e+01 6.769630058819506857e+00 2.644224620452401808e+01 1.828783144592039989e+01 2.889653050059082418e+01 2.956574614801628087e+01 1.047962914716609006e+01 1.112933082233776894e+01 1.178006166180594683e+01 2.413280003869016710e+01 3.318117782380479497e+01 3.431404462753080509e+01 1.506183739644284181e+01 1.575580365934673743e+01 1.649373434715881359e+01 1.723325053028076326e+01 1.797443292307330154e+01 1.871740626529630092e+01 1.978231778350671988e+01 2.085273561800108055e+01 3.276906276366808157e+01 4.963907123784351683e+01 6.426612796719736309e+01 4.982248887364657719e+01 6.333551348240860790e+01 4.759179663534121829e+01 5.720728634089265086e+01 6.580860355673779338e+01
3.995603441288197999e-02 9.735527855975226075e+00 2.066425904166531424e+01 3.857520306722950920e+01 3.416167422097043271e+01 1.467591729589708116e+01 2.384602105440550801e+01 2.420557177945882543e+01 2.504322517370616552e+01 5.883835450374824028e+00 2.589781808622450399e+01 3.460027433042962031e+01 3.224916409374506543e+01 4.525847362259009543e+01 3.706828057044559444e+01 2.091504905392023872e+01 2.427784099258851924e+01 3.160036668042337382e+01 1.270607806343499213e+01 1.339353830083376629e+01 1.408204440450355577e+01 3.358509904608563801e+01 2.246228160287269660e+01 3.676710526860265560e+01 3.751731555818037833e+01 3.826934747375836565e+01 3.903026807670605081e+01 2.021056796637462938e+01 4.051594835631370728e+01 4.865540116030417295e+01 5.809389352907852100e+01 6.775289972026321550e+01 7.031638899837737711e+01 7.589461592184331096e+01 6.765499830268989001e+01 6.177474744261559181e+01 8.185117967923734739e+01
4.804567899273937126e-02 2.004749312893917335e+01 2.127892249588095908e+01 2.041995723059072620e+00 2.237309879878274543e+01 2.000157157961623255e+01 3.924401700023723016e+00 4.463189895917878403e+00 5.035497324665333174e+00 2.504746169097098729e+01 9.482487700184437429e+00 2.949649215777455069e+01 4.101890647675460144e+01 5.780531884218925853e+01 4.500249240792686578e+01 3.816168109084825488e+01 3.409993774016040646e+01 1.577312162972213727e+01 3.338175480832840947e+01 3.160446341614224153e+01 2.092142966314990815e+01 3.912010977341352458e+01 4.272077319111929228e+01 3.334251679862084927e+01 5.355367136750071921e+01 5.422293227638615321e+01 3.530286279750690426e+01 2.127210360449076987e+01 4.158796476649848728e+01 4.426173283258263780e+01 4.022022861227014801e+01 5.965393883888109627e+01 7.056834182552624668e+01 7.426320279033902239e+01 8.253888282822552469e+01 8.185117967923734739e+01 9.001448440107107274e+01
9.707512844716031930e-02 6.800510178511283144e-01 1.263328790103885213e+00 3.758486286594325154e+00 2.744211175288245208e+00 3.216444239724551402e+00 2.302846533562063058e+01 2.447754902556047440e+01 8.622652113661345652e+00 2.783494033131158218e+01 2.949649215247870515e+01 1.316646888244123303e+01 3.318520813245931578e+01 4.496164392158392076e+01 5.570446176790876081e+01 4.861658665693180836e+01 2.919948520400266290e+01 1.796622243183074730e+01 3.740771441638983674e+01 4.692760136238824487e+01 4.080489619139951429e+01 3.448925366607428344e+01 5.464671539306027626e+01 4.351713497758871085e+01 6.181953394058221107e+01 6.029540437150196652e+01 4.527377449397940268e+01 2.484462332982328547e+01 2.282918889283920549e+01 2.393085756495176497e+01 4.417031066217212754e+01 4.216312648983306843e+01 6.230502086887885582e+01 5.428228706572784290e+01 6.875746158056854540e+01 7.581415442748523503e+01 8.408994587785636554e+01
5.001202446392439237e-03 1.939100001583731014e+01 2.122319972306229374e+01 1.648709458427316221e+01 2.244716930842437463e+01 7.904390727044633636e+00 2.732842949228653495e+01 3.275401088307807385e+01 1.301609950732352239e+01 1.730402858122528897e+01 3.722648419854183288e+01 3.318520813245967815e+01 1.698048328642163085e+01 2.843769770291289234e+01 4.773583528817501787e+01 5.680238810055534771e+01 4.553293394521129756e+01 3.170589378472313768e+01 2.121418721436332078e+01 4.056718841476696014e+01 5.197413147358794561e+01 5.479192953320546167e+01 6.309139391280104547e+01 5.775068839179337488e+01 7.182752164787642357e+01 5.240354540481060752e+01 3.121626475056177696e+01 4.530403992962284576e+01 4.315265898912257825e+01 4.426831623941802007e+01 2.549920706366626888e+01 4.586581571420204995e+01 5.539290957669854976e+01 4.264139113166445583e+01 4.875739866109958598e+01 5.585481296826359454e+01 6.737764081890199463e+01
5.279685921607564503e-02 1.153802962813118604e+01 2.997865902954750439e+01 3.742054298973347670e+01 3.490617022835277794e+01 1.436051880363161182e+01 3.461709842734963871e+01 3.810798683971763978e+01 1.804844945394703259e+01 3.722648358123655754e+01 2.873655212443171436e+01 4.532330189704627799e+01 3.700582721687549537e+01 2.106268443716711047e+01 4.108794518469344581e+01 6.054840615988969432e+01 5.937781847431791959e+01 4.871522428744811606e+01 4.056718841497995243e+01 2.451436179206325505e+01 3.555959525048254477e+01 4.926616406781214863e+01 6.907498518091173878e+01 7.768733809497172160e+01 7.200834639835733242e+01 5.193799697182557651e+01 3.715602749798627258e+01 5.785477371705702865e+01 6.124707097935036160e+01 4.109786685475847179e+01 2.661670957502786194e+01 4.700543119714595974e+01 3.513917805498842029e+01 5.539290957669854976e+01 6.875746158056854540e+01 7.581415442748523503e+01 8.408994587785636554e+01
5.738623160518319517e-05 1.999331368503307260e+01 3.868001193146967154e+01 4.553741558605237572e+01 4.425998688169131867e+01 2.663160257472926773e+01 4.420648905308426180e+01 4.386002390244544813e+01 2.385258474763179848e+01 4.386002390244544813e+01 3.878326369013436903e+01 5.715432806779638497e+01 4.404117445071693737e+01 2.401137701101020738e+01 3.217774127317936461e+01 4.373791063141625557e+01 6.382031314879843364e+01 5.747718096807125221e+01 3.790473411764502742e+01 2.690505781169303745e+01 4.617705203145228410e+01 5.797642765562191158e+01 7.150232915551418955e+01 8.128735810282464058e+01 7.784808524546008357e+01 5.785477371705702865e+01 4.439509092873277751e+01 6.458461511121912224e+01 6.126676664777118475e+01 4.109824680743562197e+01 4.700543119573790563e+01 2.823510474582803909e+01 4.864166511602799403e+01 5.799408004584820020e+01 6.637071439812844176e+01 7.491167819595172261e+01 7.976167644036817705e+01
4.532054705376769438e-02 2.004532054705341082e+01 2.938957932781745441e+01 2.571388838502916130e+01 4.530644299717886980e+01 4.908324753733808876e+01 5.808982910911399955e+01 4.983689005852805565e+01 3.060096413911395175e+01 5.063695437658366671e+01 5.036306119953484739e+01 6.148567074019282330e+01 4.141187704084231314e+01 2.725586772400257374e+01 4.729135543466239966e+01 6.054840616014552523e+01 7.214593253963634822e+01 6.571541024297991385e+01 4.617796407430675742e+01 4.617705203145228410e+01 3.043827501829329663e+01 4.397718362586360286e+01 5.365806350024448079e+01 6.352161026024366208e+01 8.320856572146762176e+01 7.211439325371699738e+01 5.219247286117768425e+01 7.211439325371699738e+01 6.955409713860929344e+01 6.126740420063200787e+01 5.678907093722923349e+01 4.839114052823201462e+01 2.994078062361145598e+01 4.578606283168100788e+01 4.656153280668461036e+01 6.669083624814153666e+01 7.271970683570592087e+01
9.001595176218035732e-02 4.678330526971628878e+00 9.392374214723476555e+00 2.938957932781745441e+01 4.458009661795280465e+01 5.285250656085431586e+01 6.284307184240963551e+01 5.895201180053776113e+01 4.061609544850395537e+01 5.895201180053776113e+01 6.457348996160858690e+01 6.232016951050928810e+01 4.224299512094786735e+01 3.068612688158170343e+01 5.072860744245227238e+01 6.321226487965045493e+01 7.153872766763393543e+01 7.416720433392846701e+01 6.371796341505540084e+01 4.398711673294997837e+01 4.976614792758660144e+01 3.423268367638745246e+01 4.380603137600142105e+01 6.354171034970593723e+01 7.330978175810201947e+01 8.035642297730505845e+01 6.629602160846644665e+01 8.035642297730505845e+01 7.951938971742137596e+01 5.954639502828598552e+01 5.486811078386696039e+01 3.460622936620301004e+01 5.033910577251648988e+01 3.182196420664309855e+01 5.218019145360938182e+01 5.769928188920393808e+01 5.886843443659686415e+01
5.674351268809080251e-02 2.005674351268773492e+01 2.938957932781745441e+01 1.792028137883292160e+01 2.458666866487902780e+01 3.458548600851091237e+01 5.457470722739468272e+01 6.898025744613826760e+01 6.065781330466341359e+01 6.898025744613826760e+01 8.473271445111384992e+01 7.064620455330575055e+01 5.677656549701774935e+01 3.671775784249275887e+01 3.735462739005533450e+01 4.313184533622978023e+01 5.731917185388029168e+01 7.743825534080555428e+01 7.197421142562799901e+01 6.371796341505540084e+01 6.193910324586055083e+01 5.369927141074352051e+01 3.844390799261579872e+01 4.525480082625347222e+01 5.925321684260799771e+01 7.912957045197377681e+01 8.616118499060785041e+01 8.288041650020356599e+01 7.290110493708635886e+01 5.954639502828598552e+01 3.942470864097507643e+01 5.486767430920584587e+01 5.344554782372219393e+01 3.317911185248281214e+01 5.349400559742516492e+01 3.724908708515827982e+01 3.873266890584319100e+01
9.518805923843161321e-02 1.423732368296925621e+01 3.423732368296854389e+01 3.791562063359489088e+01 4.458009661795280465e+01 5.285250656085431586e+01 6.284307184240963551e+01 6.625130989091861977e+01 6.625130989091861977e+01 7.453558106652175752e+01 8.261037757807095261e+01 6.248518640089076115e+01 4.828246806075084407e+01 4.828246806075084407e+01 4.630906086011829359e+01 6.321226487965045493e+01 5.470941373269859298e+01 7.482736713149584773e+01 8.815670435030155261e+01 6.811563340427019853e+01 5.657443827062281372e+01 4.668958666335877439e+01 4.271489484616727594e+01 6.251396362052758349e+01 5.925543046333179120e+01 7.921515118698332003e+01 8.871769919201923926e+01 6.876440946887424843e+01 5.465458703915570027e+01 4.461115136438363038e+01 5.954639502828598552e+01 6.780338571792269420e+01 5.804541899623948353e+01 3.648457825676156574e+01 3.515842820802505742e+01 5.487314062294775852e+01 5.880792844215081772e+01
9.062254805971975413e-02 1.423275817179079539e+01 3.423275817179150238e+01 3.347592045657120963e+01 3.732492225115883855e+01 4.191323692855477390e+01 4.676394942926007303e+01 4.625130989132644288e+01 4.625130989132643577e+01 6.625130989091861977e+01 8.088472271954744031e+01 7.670615865627013363e+01 6.248518640089076115e+01 6.248518640089076115e+01 5.789526367863931000e+01 7.472806256740992126e+01 6.631742712653351646e+01 8.315060710652748810e+01 9.642537448966264435e+01 7.924016654936561110e+01 5.922302154793782591e+01 6.657956376863320713e+01 4.729521387042316860e+01 6.717857388676912933e+01 7.915064509570366624e+01 8.749848510931491319e+01 8.462338559944531369e+01 6.467545426884488791e+01 5.055605647719447404e+01 6.463159204682590087e+01 7.290119452468329087e+01 6.744825088737125895e+01 4.643078434371409458e+01 5.804895410608227735e+01 5.535492403155085839e+01 4.123070822828855597e+01 6.132989347447957584e+01
3.063233560239582431e-02 2.003063233560203926e+01 2.822366314219288341e+01 1.347592045661251703e+01 1.732492225120995499e+01 2.191323692862111017e+01 2.676394942934768650e+01 3.210917426759598925e+01 4.105344617759482873e+01 5.260045156138693301e+01 7.260045156087532803e+01 7.875547612149077281e+01 8.261037757807095261e+01 8.261037757807095261e+01 7.801987448826268690e+01 8.634097598923912642e+01 8.645216608785638357e+01 9.476378344240985996e+01 9.924633047276563502e+01 7.924016654936561110e+01 7.924016654936561110e+01 7.299534683568316495e+01 5.299234866845932146e+01 6.135881739089163034e+01 7.292065406897738455e+01 9.292027354750170787e+01 8.203307599231348490e+01 6.208849724717509133e+01 7.051806808493414280e+01 5.839916453786636197e+01 7.833918924529628214e+01 7.454588589234001006e+01 5.447074252273835526e+01 7.454588589234001006e+01 6.584183381942017377e+01 4.567995404424963368e+01 6.498162619872773860e+01
5.666595628964066211e-02 2.005666595628928661e+01 8.223663142223658795e+00 2.822366314219321737e+01 3.732492225115883855e+01 2.997403289188324749e+01 4.676394942926007303e+01 5.210917426747644043e+01 6.039344547892444126e+01 6.933771737221242404e+01 7.296969833322981458e+01 5.890152415279053599e+01 6.734464152941238524e+01 7.560361388117249248e+01 8.968448645313654310e+01 8.834393422870462587e+01 8.006975728904940581e+01 8.006975728904940581e+01 8.453227007176472796e+01 8.671633496481139503e+01 8.933521396139218496e+01 6.932304549995994591e+01 7.299534683568316495e+01 6.452835911879006403e+01 8.456146715048991780e+01 1.011504734913938677e+02 9.030886595482181178e+01 7.359695307364017935e+01 8.435215110078748069e+01 6.440941274740384870e+01 8.435215110078748069e+01 8.280558484345766601e+01 6.617314960682782043e+01 8.280558484345766601e+01 7.068415616524293910e+01 5.043578835314563946e+01 7.037108026976731878e+01
2.110006612196471329e-02 3.223663142223700984e+00 1.138862895150089116e+01 2.138862895150071353e+01 3.553076457523116716e+01 4.997403289174415875e+01 4.630396451043540651e+01 6.630396450969021771e+01 6.612966564702396965e+01 7.442620258746977413e+01 6.315732116648212724e+01 4.521610459656051262e+01 4.777285730326443769e+01 6.152274130920854134e+01 7.932594958864409307e+01 8.006975728904940581e+01 6.010404490602852690e+01 6.010404490602851979e+01 6.457651928028406019e+01 6.675922555125239910e+01 8.671633496481139503e+01 8.933521396139218496e+01 9.280815241388209813e+01 7.871048113879372465e+01 9.280815241388209813e+01 1.036502957703679897e+02 1.018383803680061277e+02 9.355703420866935005e+01 9.140881798727585306e+01 7.144954995523411867e+01 9.140881798727585306e+01 9.428026779270970792e+01 8.598325635753738538e+01 7.868751818085996774e+01 5.828286863487080183e+01 7.068415616524293910e+01 7.880076176448413605e+01
9.367352646185668485e-02 6.238061764713146218e+00 2.553864426715763969e+01 3.967289995704227579e+01 4.967289982473135268e+01 6.381503507423133215e+01 6.630396450969021771e+01 6.288428922672594723e+01 4.615440419823556084e+01 6.288428922672594723e+01 5.496635832381571163e+01 3.599225048009981265e+01 5.496635832381571163e+01 7.362691983066798684e+01 5.966204214136075734e+01 7.362691983066798684e+01 6.595186667179514473e+01 4.577534224686546338e+01 5.032437668023180066e+01 6.685159900005633915e+01 7.512371110532419038e+01 9.093715440603018862e+01 9.922112495265123755e+01 9.868699693318207267e+01 9.781408330462862466e+01 8.368492824101127781e+01 9.155975535438095392e+01 9.984267451584204878e+01 9.968969357838300027e+01 8.296484055401536750e+01 9.968969357838301448e+01 1.035444303076455981e+02 8.222015167672263658e+01 6.772283285756816440e+01 7.868751818085996774e+01 8.748366997287773472e+01 8.914099273346282359e+01
3.648181865326004941e-02 2.003645666317696339e+01 1.556912686387685341e+01 2.418153085171431016e+01 3.597197504821200909e+01 5.655550510149414123e+01 6.703445547173983243e+01 4.705515501940571710e+01 3.464324744336497730e+01 5.459694307243289302e+01 4.970388765176172541e+01 3.100220805974989702e+01 4.819052790996308744e+01 5.432834811252290308e+01 4.620762126162379246e+01 6.542146728804547706e+01 5.881838805097323331e+01 3.846701173056888479e+01 5.862186038682523304e+01 4.669293868154455396e+01 6.685159900005633915e+01 7.099874700204541966e+01 9.093715440603018862e+01 9.250829665750016773e+01 8.422880413262410570e+01 6.956712804358505764e+01 7.159461578753189315e+01 8.831045283108643673e+01 9.984267451584204878e+01 1.029435056700920512e+02 1.112281353698055000e+02 1.059207422624512418e+02 8.454299937121960795e+01 8.222015167672263658e+01 9.736408853053242751e+01 9.759617121357653957e+01 8.114797149638162921e+01
