MOVIE_S10_data/elevation_000964.asc
nrows	100
cellsize	150.0
xllcorner	0
ncols	100
yllcorner	0
NODATA_value	-9999
[rows 0 to 16 of 100, columns 37 to 73 of 100]
1.095066879463117857e+02 1.176906474635786424e+02 1.275716935655993467e+02 1.417995096164189022e+02 1.335148185974413195e+02 1.417995096164189022e+02 1.422915949042267130e+02 1.364300392975810041e+02 1.364300392975810041e+02 1.447093099512750598e+02 1.384988109038219761e+02 1.283655491218528937e+02 1.199974062789879099e+02 1.123210240516713014e+02 1.069050829705823986e+02 1.018499543848416522e+02 9.764274919824350718e+01 9.369276887192917513e+01 9.008106652101668033e+01 8.663692593561897581e+01 9.351910487978069852e+01 1.018863504011843872e+02 1.018308150714665601e+02 1.018308150714665601e+02 1.101999877139121651e+02 1.175176756805476259e+02 1.058047001782333894e+02 9.739089769733884339e+01 9.941284472521978444e+01 9.101212698919894706e+01 9.241045079099278325e+01 1.008137927752601257e+02 9.340815695441270350e+01 8.520726687082603235e+01 9.340815695441270350e+01 9.400115256628747318e+01 8.567284270990607808e+01
8.971965612167453230e+01 9.962387474977627733e+01 1.193895011428473509e+02 1.316984776964526134e+02 1.132294769460589237e+02 1.316984776964526134e+02 1.221158769289072268e+02 1.161867567417918963e+02 1.161867567417918963e+02 1.364300392975810041e+02 1.301571941404288566e+02 1.098376184175467785e+02 9.968760793683220811e+01 9.205642809928251324e+01 8.668456862761948400e+01 8.167290712590954627e+01 7.750172243605861411e+01 7.358429948478327276e+01 6.999958113178969654e+01 6.657602899789613105e+01 7.340902217794820217e+01 9.026046654831797866e+01 8.166616898544432956e+01 8.166616898544432956e+01 1.018308150714665601e+02 1.090895875678161389e+02 8.882686233015805044e+01 7.721945358765174205e+01 8.574490901066756976e+01 7.088654532919971984e+01 7.227448274679049689e+01 8.916266824511922096e+01 8.355992792317555029e+01 6.555315883174841929e+01 8.355992792317555029e+01 8.241306229146653095e+01 6.561624429966823868e+01
1.095066879463117857e+02 1.176906474635786424e+02 1.275716935655993467e+02 1.233721477717500647e+02 1.029312657520293612e+02 1.233721477717500647e+02 1.221158769289072126e+02 1.016573918441358870e+02 1.156463358944610746e+02 1.359114726811056926e+02 1.384988109038219761e+02 1.266780047804321754e+02 1.063741679190894160e+02 1.123210240516713014e+02 9.813119993767510607e+01 9.591453480730098136e+01 9.764274919824350718e+01 8.515553492817439007e+01 9.003002050742472306e+01 8.185636256353406282e+01 6.186548257608781398e+01 7.753486880612906873e+01 6.749748052844464041e+01 8.757225708381341178e+01 1.022844815555226035e+02 9.631772908230544772e+01 9.040376372485886236e+01 8.574490901066756976e+01 6.565719789510207249e+01 5.933633411515563694e+01 6.072095309492571147e+01 8.016860782263219676e+01 7.538021285128728266e+01 5.569574599098697831e+01 7.538021285128728266e+01 7.345213321503059944e+01 5.407611645869964434e+01
1.085870925445392885e+02 1.184897139356038878e+02 1.309309156352768753e+02 1.106052794147948077e+02 9.608246256907256111e+01 1.165585204318432204e+02 1.156463358944610746e+02 9.516536350128895094e+01 1.156463358944610746e+02 1.264464768134128434e+02 1.365835523493468884e+02 1.350279259714160673e+02 1.266780047804321754e+02 1.267604664919986419e+02 1.183965141534384884e+02 1.161793248273150425e+02 1.137600165129761223e+02 1.053633452141277616e+02 9.579306892851529653e+01 7.566176697797632755e+01 6.566260554686363093e+01 5.749473811036857995e+01 7.381350995946750970e+01 7.381350995946750970e+01 9.047660340289100134e+01 7.618600451908301352e+01 7.029681582949575613e+01 8.453117011385458568e+01 8.574490901066756976e+01 7.181205460903056803e+01 5.178293387551163818e+01 7.181205460683000297e+01 6.881872389785391420e+01 4.908086168821458273e+01 6.881872389785391420e+01 6.514126610752521174e+01 4.515189964555632685e+01
9.048087098702474407e+01 1.102575257548646022e+02 1.252935984353249239e+02 1.049089619925893118e+02 9.043614569124413549e+01 1.036516722802136030e+02 1.043299456019155258e+02 8.991546272588468014e+01 9.762614256981343885e+01 1.079115729379097814e+02 1.282773739817353373e+02 1.306251068861167823e+02 1.205592449746700225e+02 1.122628876192095788e+02 1.205592449746700225e+02 1.170177284879980988e+02 1.252942170012684642e+02 1.160312889652608845e+02 9.579397571671248102e+01 9.408775586976221916e+01 8.278298501728635017e+01 6.272662906551446582e+01 5.377067113672606524e+01 7.037619145912799468e+01 7.037619145912799468e+01 7.618600451908301352e+01 5.614696817615344315e+01 7.618600451908301352e+01 8.364903592927372245e+01 6.763569423517644452e+01 4.761917117546892797e+01 6.763569423517644452e+01 6.312089386787235412e+01 4.334305903588660414e+01 6.312089386787235412e+01 6.014392449203299407e+01 4.018245658304505952e+01
1.085870925445392885e+02 1.184897139356038878e+02 1.293673307485314012e+02 1.191410588251759464e+02 1.036516722802128214e+02 8.330519427342477456e+01 8.397269646579431424e+01 9.569362366971644462e+01 1.161273807565529097e+02 1.264464768134128434e+02 1.365835523493468884e+02 1.223712252165844063e+02 1.021545500218347087e+02 9.197642233778363163e+01 1.026997561746751160e+02 9.676905785681420014e+01 1.170177284879980988e+02 1.152301063070567864e+02 1.069194516111328142e+02 9.923136095375505761e+01 7.908629688284419501e+01 8.215246447298189025e+01 6.449640669863009634e+01 5.033501710853073519e+01 6.708144269147970817e+01 6.489153564842611388e+01 4.908330840397307782e+01 6.910113368357359320e+01 7.528392713162089933e+01 5.523752763207860284e+01 4.370874826512095268e+01 6.371013109380228201e+01 5.801388493046519557e+01 3.822390158336176569e+01 5.801388493046509609e+01 5.568040457451517966e+01 3.575994849781657337e+01
1.118114394571785795e+02 1.244176205975341816e+02 1.116573186297809031e+02 1.107612133179723770e+02 9.036225648038208647e+01 7.872505384054412048e+01 9.898387009660490321e+01 1.127327699239339438e+02 1.244880419626514509e+02 1.420309877313557934e+02 1.339156876741436406e+02 1.306251068861156170e+02 1.205592449746628461e+02 1.026997561746751160e+02 8.235665940789134254e+01 9.572213154883398545e+01 1.040769337117786364e+02 1.035524642740094237e+02 8.662584192721355691e+01 1.035524642740094237e+02 9.923136095375505761e+01 9.292492626087218355e+01 7.710679335379057875e+01 5.705609202916876654e+01 4.704918379304056941e+01 4.488589896485425612e+01 4.277449759647933547e+01 5.994300611841459414e+01 6.826329146299418937e+01 6.011777662224211838e+01 4.013631674036937369e+01 6.011777662214396400e+01 5.334935610457987565e+01 3.357605729350389367e+01 4.718357420486924525e+01 4.621117789771906814e+01 3.174343713484520535e+01
9.983474247311309568e+01 1.119549757203336213e+02 9.941769872090056026e+01 1.048496076281326452e+02 9.577984252645204322e+01 7.599317576827016296e+01 9.620110767073941815e+01 1.126405468962786927e+02 1.244708273621410655e+02 1.339156876741436406e+02 1.142925877184755734e+02 1.200400606275892414e+02 1.281617877249155697e+02 1.110316374290413535e+02 9.572213154883398545e+01 7.537951766639871209e+01 8.944426461074367296e+01 9.520293059729286256e+01 7.493499374824577330e+01 8.436926265073500986e+01 9.273607710788209602e+01 9.723743871604101230e+01 7.710679335379057875e+01 6.539555195799565013e+01 5.656723004583403736e+01 5.923389825518223972e+01 5.994301805672671435e+01 3.996225623996554788e+01 5.718541095562244436e+01 5.526821767448704747e+01 3.673802741996634325e+01 5.668961924369978078e+01 4.947847899903867841e+01 4.556365160786810264e+01 2.735989846800978853e+01 2.637460405758730531e+01 4.425676873468194827e+01
8.104159992462824391e+01 1.035814243439595401e+02 1.048495956785785950e+02 8.664639460287283157e+01 9.127368718646977186e+01 7.333931774903776102e+01 8.333017429940338161e+01 9.733268365499716879e+01 1.089701994389585167e+02 1.171131293310171628e+02 1.200400606275892414e+02 1.003507053982218906e+02 1.200400606275892414e+02 1.102578712304410402e+02 8.996209779911531257e+01 7.820119255051186258e+01 6.920483835461567423e+01 8.412913088110460080e+01 8.117124231854825211e+01 6.430682895077119099e+01 8.436926265053421048e+01 9.728760774233754205e+01 9.232576241274247764e+01 8.255472634800604226e+01 7.732978123814538662e+01 7.816676337948553055e+01 6.826335671188155629e+01 5.718541095562244436e+01 3.722643551931721362e+01 3.532756502699232470e+01 3.345391183253405387e+01 4.960439117400419207e+01 2.976360791064250932e+01 2.876929116920204876e+01 4.718356975084836336e+01 4.488049752642639589e+01 2.500760756603446922e+01
9.983474247311309568e+01 1.117820948138766965e+02 1.027065097186740132e+02 8.704767763209711973e+01 7.637495576424863941e+01 7.082056009811974207e+01 9.063830211783435686e+01 9.221816700525086219e+01 8.916734206859713652e+01 1.013604139807291631e+02 1.054104630150550861e+02 9.371818415030232075e+01 1.134769422178001435e+02 1.185607192655585749e+02 1.068853809422599568e+02 9.781464412713138756e+01 8.412913088110460080e+01 6.407058056952345737e+01 6.121402512105099447e+01 5.842839576792560763e+01 6.882907447989479977e+01 8.305834138776889120e+01 9.388616310681851473e+01 9.875810170734087023e+01 8.770271130199110132e+01 7.942516545582816434e+01 7.797414259118644964e+01 6.387657006069219534e+01 5.567847252125657320e+01 5.429422210338888988e+01 5.104011871765528241e+01 3.117205591735572767e+01 4.960439117341503135e+01 4.063602719762128856e+01 5.764205653465417356e+01 4.912918227583887898e+01 4.355563862450741652e+01
1.034888967453491944e+02 1.163967912705326313e+02 1.064817062833685810e+02 1.026098559286384386e+02 8.824085846449767701e+01 6.832503314919659942e+01 7.073939545272986607e+01 7.414270145174148752e+01 7.765775777902135246e+01 8.149286190511277539e+01 8.556870234560872746e+01 1.054104630150550861e+02 1.216066527564680797e+02 1.142742290576175037e+02 9.400395971395771255e+01 8.224309725164002316e+01 7.213100648229062983e+01 7.818533737177348542e+01 8.117124231854825211e+01 7.471837057340978561e+01 5.486645152279947979e+01 6.549136919596101336e+01 7.968876615138971431e+01 7.858361127157657222e+01 7.942516545582816434e+01 5.941624294082301816e+01 6.527450978320059960e+01 4.984054003860119764e+01 3.574371119459298995e+01 3.435581147027823334e+01 3.298638521002148849e+01 4.325894495357993463e+01 5.804989427507376121e+01 6.297214369836405012e+01 7.012621919975462959e+01 5.870372633585061095e+01 4.589104740630689605e+01
8.591381015522941311e+01 9.984534387661406640e+01 1.126862220218769863e+02 9.794129957115184482e+01 7.758371916182440486e+01 6.607006726489694870e+01 8.339337794770733581e+01 9.117455791958215627e+01 9.747278692687287105e+01 1.013604139807123659e+02 1.054104630150550861e+02 9.553936709624197476e+01 1.152797085231451177e+02 1.225631787293918933e+02 1.067646831195470014e+02 8.646005151655218413e+01 8.381874237649911663e+01 9.841358312676764797e+01 8.893638907520460180e+01 6.882907447989485661e+01 7.136278380337985539e+01 5.150827927607203094e+01 6.814195786311289282e+01 6.446723878400155172e+01 8.227212096930705343e+01 6.527672066123170680e+01 4.528571160304579024e+01 3.774574681356268258e+01 5.570198424270211746e+01 4.843533294739987127e+01 5.290199543507761604e+01 3.855639367484090485e+01 5.843288720034133377e+01 7.523790139265722132e+01 6.362578209304607668e+01 5.038839170027353731e+01 3.078486286010285156e+01
6.910831613340238277e+01 8.056263876393842338e+01 1.045232500126842012e+02 1.061437617829774211e+02 9.421290613311542472e+01 8.339749958226376236e+01 6.349527739819861694e+01 7.235812696533898247e+01 8.626848748325878091e+01 1.055542117821628381e+02 1.234001612110659494e+02 1.152700327570652234e+02 1.095265522137699463e+02 1.291690565116914797e+02 1.150815346244542496e+02 1.067646831195470014e+02 1.041373433286072583e+02 1.124601203785772157e+02 9.728760851268995680e+01 8.893638907520460180e+01 7.968876615138971431e+01 6.814195786311289282e+01 4.826654009880644480e+01 6.516897139915457160e+01 6.355511709558249578e+01 5.394714390428831052e+01 3.981595399736107055e+01 5.772540460954149211e+01 5.772540460536575324e+01 6.843883181999350995e+01 6.258678748208394182e+01 4.266538156620486433e+01 6.258678748208414788e+01 6.691818847965946304e+01 4.679413905002082430e+01 3.535022360193990210e+01 5.038839170027353731e+01
9.079691065275312667e+01 9.984474564960933662e+01 1.103499021977214909e+02 9.884141401422859019e+01 9.516342176562226030e+01 8.163748929275539012e+01 6.174029097930189636e+01 8.163748929396390963e+01 9.191714535029436206e+01 1.112168616152098792e+02 1.145438411098936200e+02 1.227574571477533567e+02 1.291690565116914797e+02 1.372737702083622366e+02 1.247502327130146256e+02 1.152766069354746179e+02 1.069808778498660473e+02 1.047792615109765393e+02 1.000244488201662136e+02 9.171183321973188640e+01 7.976845569579722905e+01 6.773351032118371506e+01 4.770382103590600309e+01 4.513767350800564770e+01 4.355433538683762862e+01 4.199807485801627394e+01 4.515617086844783756e+01 6.509499110627216112e+01 7.775301996777263014e+01 7.867215537728968400e+01 5.855435573122119308e+01 4.706512155029174238e+01 6.705713833612907138e+01 7.071887619553427839e+01 5.060734156435954390e+01 3.895781494760745289e+01 5.910747626240903685e+01
1.073262674556707026e+02 1.051649792871222218e+02 1.084724282713431620e+02 8.965063510994264107e+01 7.628737721717354248e+01 7.989797719539967602e+01 6.000476054938838644e+01 7.405704064420619659e+01 9.400299919898290568e+01 1.072317923007244076e+02 9.482949793309860809e+01 1.113337089581492165e+02 1.227199585161400393e+02 1.218441834389374065e+02 1.117800798840348762e+02 9.634359135853415523e+01 8.683492550922801456e+01 8.463027518267875848e+01 8.591199497996475998e+01 7.162384027139894727e+01 7.145341924949643442e+01 5.142109660300206997e+01 6.773351028043549604e+01 5.027587877079741219e+01 5.402831750354606299e+01 6.199802890340136230e+01 6.509499110765788998e+01 5.367675046992138732e+01 7.358307745310131054e+01 8.700830836125015821e+01 7.224156720533798648e+01 5.216236053529489425e+01 7.224156720533798648e+01 7.903681255113069426e+01 6.332079040603748865e+01 4.312275144716171127e+01 5.743989148060768457e+01
8.745318683967826701e+01 8.527404907227837327e+01 9.930618209774918625e+01 9.583775286616017297e+01 7.594446869720545124e+01 6.411353753433822078e+01 5.829367611176409980e+01 7.819106001508414749e+01 8.852966088349262463e+01 8.743037517480681231e+01 8.330518466008054190e+01 9.482945701507229330e+01 1.145333957174869113e+02 1.135601926944017492e+02 9.337859995799659885e+01 8.331457627000428090e+01 7.621087461973532129e+01 7.039461522856935005e+01 6.576894700092648804e+01 7.531005565971780413e+01 5.527038503324708785e+01 7.145341924949643442e+01 7.554709371433044396e+01 5.551878381369780158e+01 7.104971300410988988e+01 7.877655612309715139e+01 8.021163171449622098e+01 6.032596893031156071e+01 8.021163171449622098e+01 9.239078263762210952e+01 7.224156720533800069e+01 5.846969784990722729e+01 7.861071648598743877e+01 7.229742642986829537e+01 5.222505807130921340e+01 5.744151347859869361e+01 5.397905986419040403e+01
8.268326230012162625e+01 7.113385624145992381e+01 8.217085166730170442e+01 9.039655404903781744e+01 7.594710288951915800e+01 5.606175267033313503e+01 7.491022384476320894e+01 6.426613690054074368e+01 6.859512593032435745e+01 7.328888792096536520e+01 8.224917842058387407e+01 9.378385765488236814e+01 1.134927334588378471e+02 1.218441834389374065e+02 1.117800798840348762e+02 1.034693963261991883e+02 9.634359135853415523e+01 9.053177664420213944e+01 7.969571541673930426e+01 5.961100633611518873e+01 5.948147229372437295e+01 8.109794893824671647e+01 8.320640207318929527e+01 6.294177700021957378e+01 6.808337617001180320e+01 8.839035508688624532e+01 8.847375227172209122e+01 7.027220099009328180e+01 8.847375227172209122e+01 9.286547279714694980e+01 7.270620320955897853e+01 7.009064138799091381e+01 8.694848600186344356e+01 7.938020639080097851e+01 5.934707943069000891e+01 7.749143593632931015e+01 6.401886086992149671e+01
