MOVIE_S10_data/elevation_000353.asc
nrows	100
cellsize	150.0
xllcorner	0
ncols	100
yllcorner	0
NODATA_value	-9999
[rows 17 to 33 of 100, columns 0 to 36 of 100]
5.222468517465790605e-02 2.005206503734665802e+01 3.133777055107225351e+01 4.548048587815878818e+01 5.267641197694209154e+01 5.182945168996280927e+01 3.501012721356038071e+01 5.182945168996280927e+01 4.450755085268315980e+01 3.585617794777121503e+01 2.043690564092280582e+01 3.703386315767621539e+01 6.013878333654035657e+01 5.690357629434065245e+01 4.217254945180764736e+01 2.226303538793158054e+01 4.217249963678068525e+01 4.301452468475429924e+01 3.248449724093691771e+01 5.152616347495348492e+01 5.549977517905670510e+01 3.933815287100044600e+01 2.393173966645130335e+01 1.733744513881407556e+01 1.805318157166583859e+01 3.750403304759453960e+01 2.787134252860702333e+01 4.159431220438327159e+01 4.133969891463598856e+01 2.387266363633706945e+01 4.275796758884589366e+01 4.447568996799248708e+01 6.410842897030725851e+01 5.623311163116202493e+01 5.212028082312215815e+01 6.616236354767781336e+01 8.619658104374603624e+01
7.333276091007127906e-02 3.054756730909784501e+00 1.719688859761908972e+01 3.473085820989878414e+01 4.563109769073555100e+01 6.102604638097436407e+01 5.341466398907387969e+01 6.105362115822676827e+01 5.911910778215585793e+01 3.821081732196749670e+01 2.576419269675648493e+01 4.113887992265058813e+01 6.184279222096029827e+01 5.978597402398095539e+01 3.964488402199468453e+01 2.560052539833528229e+01 4.554406908683937161e+01 5.841480034917059072e+01 3.891952828280481214e+01 5.841480034917059072e+01 5.273663548929528133e+01 3.285704538730523439e+01 2.144739998913777512e+01 3.993745569730746325e+01 3.930360650168034908e+01 4.752416854039147864e+01 3.783305684307606498e+01 5.391027816560055896e+01 5.098776877528022311e+01 4.287617190071327400e+01 2.542423842024845015e+01 4.449410731361871996e+01 5.423236722862573345e+01 4.207971997531068098e+01 6.207526540981606900e+01 6.834981688559537361e+01 8.840629937252418813e+01
6.343274376862209629e-02 2.006343274376826713e+01 7.472017773903628424e+00 1.813992354994889311e+01 3.609671703603645199e+01 4.394219951289265680e+01 5.096232402411170881e+01 5.920654339883571282e+01 6.750242050425670470e+01 5.355577708241800394e+01 3.248571479017694230e+01 4.341479757453883082e+01 6.405810065281212928e+01 6.080116256092507143e+01 4.060307731543505128e+01 2.913885159738770980e+01 4.060009612345027108e+01 6.075820771402018039e+01 4.852499733464260601e+01 6.658924394345525855e+01 6.105811444142062072e+01 4.429651274364202607e+01 2.448117867788204549e+01 3.845654418286962795e+01 5.849200000594473181e+01 6.499468962276436912e+01 5.672678397350288293e+01 5.856685496256736201e+01 4.101716189874127849e+01 2.945563417826249264e+01 2.650902010072476855e+01 3.010496615193446246e+01 3.422723470670333512e+01 5.423236722862573345e+01 7.038213989002946391e+01 8.840629937252418813e+01 8.548184999225186687e+01
3.497053469895897854e-02 2.003497053469860489e+01 2.747185455615248628e+01 1.224923641159544374e+01 1.802206948940793652e+01 2.407848751851398461e+01 3.112960855093757928e+01 4.256693148809434746e+01 6.243064350305359511e+01 6.044020243274609783e+01 3.978692638176181617e+01 6.044020243274609783e+01 7.240492049869683910e+01 6.906279534386673902e+01 5.323907388859957734e+01 3.315297052548228152e+01 5.318241652639324002e+01 6.878108718778425157e+01 6.250212512113640173e+01 7.646881886025093422e+01 6.433967579708820494e+01 4.749149118368315214e+01 2.765019967054075067e+01 3.750551309622006357e+01 4.899342946301329249e+01 6.904601305617134699e+01 6.722160628329450560e+01 4.762491860472798066e+01 3.402804532447059671e+01 4.863962095726460433e+01 4.565435895229229857e+01 2.817809998076895184e+01 4.742167882279184710e+01 5.751479012290996451e+01 6.736223032284051726e+01 7.567906802460241522e+01 6.546264930388673520e+01
9.635555453094322986e-02 1.164336093832335806e+01 3.164336093832300278e+01 1.652540201220280380e+01 3.656682038195506834e+01 4.395040022389932233e+01 5.096232402411170881e+01 5.920654339883571282e+01 7.068617752083467565e+01 6.878367349167454847e+01 5.029646796446651535e+01 6.878367349167454847e+01 7.662012108444049829e+01 5.637953979239094338e+01 4.467763564160846812e+01 3.825448464581052832e+01 5.251810482789099410e+01 7.278712525361633823e+01 8.231301823135427753e+01 7.019860264214753443e+01 5.012085816152201545e+01 3.604378471557802044e+01 3.183491995863094104e+01 4.330250902839475913e+01 6.338230713887171675e+01 7.737592416151558439e+01 7.081270688853767581e+01 5.114356199673161996e+01 3.751591533202289241e+01 5.690452114885653145e+01 5.565273408782583431e+01 4.742163584420851663e+01 2.986308632348392678e+01 4.926858543122584422e+01 4.753096098554219395e+01 6.244784670659803538e+01 5.404689583213305326e+01
8.845047570523793812e-02 2.008845047570488163e+01 3.992763218565191607e+01 3.656682038195506834e+01 2.304548863715529450e+01 4.306057039583937041e+01 5.724750187149152225e+01 6.477540905156429574e+01 7.304258451889484149e+01 7.889466193469186805e+01 7.058393690102570872e+01 7.889466193469186805e+01 8.475416432920782484e+01 7.317027236949839164e+01 6.493421602692119166e+01 4.829799766975390440e+01 4.829799766975391151e+01 6.006199121339481195e+01 8.029041560614278694e+01 6.758509503164029297e+01 4.752173997762283619e+01 5.600149336896641472e+01 3.647841724358455906e+01 5.658807513392919475e+01 7.171854579417335174e+01 8.692196247875465076e+01 7.537589885181726856e+01 6.070898690892950356e+01 4.130998607013581392e+01 6.070897277262931624e+01 6.176416019809205693e+01 4.200692835703292616e+01 4.926853757583418769e+01 3.160204564996374899e+01 5.117003515165480820e+01 4.265258993903356810e+01 6.244784596140033983e+01
8.023991185656004221e-02 1.422237553558763601e+01 3.422237553558834122e+01 5.132318669363541375e+01 3.721838297920560734e+01 3.064333834479242213e+01 3.732177745948367686e+01 4.485843876031434263e+01 5.893322375482783571e+01 7.887969202884185904e+01 7.693625106437416150e+01 7.759011073728970587e+01 7.286153954276443301e+01 8.118621391250886177e+01 7.682422854569998094e+01 6.270634476373323452e+01 6.006199121339552249e+01 7.682423696286514314e+01 8.838847591862686670e+01 7.594323532515488751e+01 5.907719455524387797e+01 6.231401806691042822e+01 4.202590240592432025e+01 5.288582952912837953e+01 7.306393290803684692e+01 7.854886423655557337e+01 5.861784999310874156e+01 4.752149450026708166e+01 5.238223737106555689e+01 6.898876162482034147e+01 6.176416586023183442e+01 6.176416299055812686e+01 5.942709186589079451e+01 5.117002542286199684e+01 3.342117487460051706e+01 5.311531038348472578e+01 5.975679227180088304e+01
4.598823041778624804e-02 2.004598823041743216e+01 3.007340434288479614e+01 5.007340434288408204e+01 5.716485849100173766e+01 5.060559373415559747e+01 4.694820912486687092e+01 6.477540905156429574e+01 7.304258451889484149e+01 7.108224122515497356e+01 5.689206024201558876e+01 5.754727274987998697e+01 5.282810676338583988e+01 6.960906514808834800e+01 7.963399341638236706e+01 8.286790574357182493e+01 8.029041597125123531e+01 8.838850017561134109e+01 9.402419772254684460e+01 8.757940770238145944e+01 7.920721487189440779e+01 6.513951199355985011e+01 4.891107735144054658e+01 6.231292527801081604e+01 8.142860364954185570e+01 7.481768260475824661e+01 5.499455373465885089e+01 6.704243670291502610e+01 7.208353830860198741e+01 8.044589149290220575e+01 8.173274240442668770e+01 7.317810600395966958e+01 5.881634948778811633e+01 3.904411830895618607e+01 5.311628824163733498e+01 3.548961758077865625e+01 4.000993564632028665e+01
7.340434288523949025e-02 1.007340434288515318e+01 3.007340434288479614e+01 3.850555567159833004e+01 4.678985219178266419e+01 5.678986614380841758e+01 6.687908903859911902e+01 7.514603834447234476e+01 7.522961559406950016e+01 6.106172617576922335e+01 4.273994465554476108e+01 4.339479098223193176e+01 4.127470164043614886e+01 5.127981927678168006e+01 6.543595739791618371e+01 8.549349530606868086e+01 8.979808282954024889e+01 8.158233797032779933e+01 7.457917396115126962e+01 8.842694718199417991e+01 9.667600028069617224e+01 7.776759298905585638e+01 5.911679087560353452e+01 7.776169212626037108e+01 9.094821440721409544e+01 8.320425532957298742e+01 6.629497940313628135e+01 6.543620294298460749e+01 8.559073100453672112e+01 9.018238390441487695e+01 7.951292092183362570e+01 6.490519812087907781e+01 4.514485246209526537e+01 5.881634948778811633e+01 5.689664572416973698e+01 3.707820623389619641e+01 5.689664572416973698e+01
3.515918393995972474e-02 5.808661875836241606e+00 1.183888876739156792e+01 1.850555543405835124e+01 2.850555543405852887e+01 4.264769105893410028e+01 6.264769267705019473e+01 6.676638948641907234e+01 5.519347438906699210e+01 5.275095118777510095e+01 3.273812387759539888e+01 3.184546603349041760e+01 4.184690390713547004e+01 5.599853187793487308e+01 7.603821378193451608e+01 8.261420011092538118e+01 7.442456228885427549e+01 6.218007918038588144e+01 6.121918996286252934e+01 7.173535418329016977e+01 9.037418338894592296e+01 8.797170869451480257e+01 7.953606684890115730e+01 8.797113242428454782e+01 9.998593208146786537e+01 9.486993010279969951e+01 8.645991168708880537e+01 7.544537620353158047e+01 9.400057204348442497e+01 8.210379257467685932e+01 6.315225932942423270e+01 5.190749271038033186e+01 6.490519812087907781e+01 7.039690383603881685e+01 5.554018345358849729e+01 3.870588507553573265e+01 5.854220755243028407e+01
4.608085242692564615e-02 2.004608085242657012e+01 3.183888878686502011e+01 3.850555552797382575e+01 4.678983317057965508e+01 4.944043117765625084e+01 5.037544993885163791e+01 4.671783939012244247e+01 5.519347438906699210e+01 3.517927860722195277e+01 2.518394211755702017e+01 4.518679558721883183e+01 6.016419836914442953e+01 7.018225936490422612e+01 7.681842346534406829e+01 6.864799785140317567e+01 5.496643745496657374e+01 5.107430264865017477e+01 6.218007918038588144e+01 8.158233797032779933e+01 9.851121217595645874e+01 9.216309095796785300e+01 8.380144510258323010e+01 9.211448351356612818e+01 7.981916832435248921e+01 9.407670383333629616e+01 1.041487456232919300e+02 8.978390087174597056e+01 9.213836299717848988e+01 7.214361646037107789e+01 6.070598704315352734e+01 6.584777514277527644e+01 7.442151692350894621e+01 5.281981107761267680e+01 4.458865985654794173e+01 5.784951043434837459e+01 4.128070772852571224e+01
1.610643649003322755e-02 1.415826189754048592e+01 3.416043161109955406e+01 3.746994913023484486e+01 4.360876201098715654e+01 2.964576855487297991e+01 3.036451912787327601e+01 3.255662938441076903e+01 4.518344085848249136e+01 3.688884102743706705e+01 2.151574132712500642e+01 3.313597373460464723e+01 5.314811928921626105e+01 7.179000828453376926e+01 6.550966140657240544e+01 4.911772679880743198e+01 4.371066372222563956e+01 5.496643743325486042e+01 7.442444594468769026e+01 8.979808282954024889e+01 8.461427054767503364e+01 8.211032903368214875e+01 6.375081979729883130e+01 7.413883816396013060e+01 6.565907752143242249e+01 7.981916832435248921e+01 9.998593208146786537e+01 1.101059313984646479e+02 1.004601776600680552e+02 8.895490489829337832e+01 6.955163690488900841e+01 8.575672189737970541e+01 7.090963393379942659e+01 5.113531223428756078e+01 6.447038527110753137e+01 6.907209104276108746e+01 6.112081170713310740e+01
2.022278438842990689e-02 2.001929612901007971e+01 2.223629830576045308e+01 1.746918192271774828e+01 2.442591129367945513e+01 1.553011174253453497e+01 1.622121916088106985e+01 3.623280739768056691e+01 3.685658194640618035e+01 1.723268061743462809e+01 1.713529511753950985e+01 4.970255968264391555e+01 6.145504348548415408e+01 5.217174617277444071e+01 5.217174617277444071e+01 3.776867917624632298e+01 5.737217621766237841e+01 7.132479998418028799e+01 8.260955290764439951e+01 8.461426005200472389e+01 6.455400371274188842e+01 6.823510879094455106e+01 5.378743950220301429e+01 5.414908310254226365e+01 6.825750259814206800e+01 8.834264559761366797e+01 9.432481091370404158e+01 9.432481091370404158e+01 1.027330339006625195e+02 9.792843699864961593e+01 8.108926568097963639e+01 8.091253697469818462e+01 6.090673089290073250e+01 5.801802669473632079e+01 7.796028805317136801e+01 8.102501137121197416e+01 6.130654262308830482e+01
6.642187732006160639e-02 1.151074166286713440e+00 2.237325057142505180e+00 3.328414486552238927e+00 4.427713769239399078e+00 5.532034693607167597e+00 2.553017782419431114e+01 2.829660668270781088e+01 1.076241417700050285e+01 1.424050822878654721e+01 3.379111999144220135e+01 4.302793772591644483e+01 5.140143977007734577e+01 5.217174617277444071e+01 3.247326117126633704e+01 4.735292159895059427e+01 5.550975434618595017e+01 6.687538331935741098e+01 7.459657814447136559e+01 7.642340617048446916e+01 6.760962076608200277e+01 4.825488936458936706e+01 4.564167665836405519e+01 6.561615625542970065e+01 8.247525647246048663e+01 8.861685833545618607e+01 7.450068277024988106e+01 7.450068277024988106e+01 9.432481091370404158e+01 1.095457467461037737e+02 1.012076092295609584e+02 8.932923323491105805e+01 6.975288145394982564e+01 6.682551659757177731e+01 8.636780598541864151e+01 8.940019216850485861e+01 7.710955573261402662e+01
1.591255364720534082e-02 2.001591255363972621e+01 2.223648985798682176e+01 1.746917988231507479e+01 2.442591129368165070e+01 1.203996895241626497e+01 7.134177132271172006e+00 8.276365156437201165e+00 1.081374766097398599e+01 2.931542056949319175e+01 3.251256064075859342e+01 2.475541325024763140e+01 4.120079820819591987e+01 5.064608625646150841e+01 4.289894580601907137e+01 2.757862299901845660e+01 3.903545419804590466e+01 5.871479469343383784e+01 5.666751141676650860e+01 5.797369429600068713e+01 4.810303028795934210e+01 3.931894718621054352e+01 5.929967658656040896e+01 7.393643927381062042e+01 7.881290531321791093e+01 8.028246799391396848e+01 6.066294116968921912e+01 8.028246799391396848e+01 8.980415457362262543e+01 9.867813646874694200e+01 1.103077261283285537e+02 9.838281231107694680e+01 8.134407473786083642e+01 7.838375112170496095e+01 9.540563204626089089e+01 9.126092627802019308e+01 7.126850668684781454e+01
6.189296070378335485e-02 1.420402858443460836e+01 3.420402858443389960e+01 3.746941825566899098e+01 4.045479635962765030e+01 2.142109600824604954e+01 2.706763004698435537e+01 1.563686929810083903e+01 9.973441837429135148e+00 1.118874180819287290e+01 1.243010448639054744e+01 1.373215541371748927e+01 3.384977176673681498e+01 3.808494481896739359e+01 2.306216491655203882e+01 4.168733745639265464e+01 4.332712454189379514e+01 4.519196561868064066e+01 4.590859422544180291e+01 3.873817454823021222e+01 3.397360628611084366e+01 5.395960473062401519e+01 5.878032982053718314e+01 6.167367698227420192e+01 5.875454655308662666e+01 6.772268367371029285e+01 5.435909012932206252e+01 6.187473582319554311e+01 7.061614176505655394e+01 8.182116554440605682e+01 1.018488774485532389e+02 1.101378024088334939e+02 1.016843531712805770e+02 9.869550253597279266e+01 1.071489927766873791e+02 9.969706778715224971e+01 9.126092627802019308e+01
2.247884206357958492e-02 2.002247884206322581e+01 3.647228988580641129e+01 4.647886668641891106e+01 4.953047887763302981e+01 4.120742378930514604e+01 3.775187846947714121e+01 1.743572788445749921e+01 3.640611583191638800e+01 3.137699742836678141e+01 3.254028915648819975e+01 3.384956255199062269e+01 1.565316548828697307e+01 1.868630950392225643e+01 3.859145160150180942e+01 2.170422634028005149e+01 2.333129329933398211e+01 2.519388305507510850e+01 2.707252751403660795e+01 2.897679678596990271e+01 4.899832018776355369e+01 5.477192489256538011e+01 3.873855784628795362e+01 4.162824510185418347e+01 4.458239061755986654e+01 4.767689692886629871e+01 5.228192724644069500e+01 7.232007843940944269e+01 8.609117716656312780e+01 9.369508867773375016e+01 9.369508867773375016e+01 1.139310897172145189e+02 1.023270338987190513e+02 9.401878551644699655e+01 1.023270338987190513e+02 1.032090762210560371e+02 9.490160519098367331e+01
