MOVIE_S10_data/elevation_000982.asc
nrows	100
cellsize	150.0
xllcorner	0
ncols	100
yllcorner	0
NODATA_value	-9999
[rows 68 to 84 of 100, columns 0 to 36 of 100]
5.009162696260269221e-02 2.005009162696224578e+01 3.359524721870069897e+01 3.991582628282106526e+01 4.817879279739611320e+01 5.710752761609951023e+01 6.251361729590809091e+01 4.228505856747398184e+01 2.824602855412841507e+01 4.877776054310670872e+01 5.138257448712491993e+01 3.138016418209175740e+01 4.551955279858748327e+01 6.553716096407970326e+01 6.559357007633813907e+01 5.570964177232743708e+01 4.155046164508956963e+01 3.205219752060060756e+01 3.721292842264258383e+01 4.276541725601370558e+01 4.910206618948080859e+01 6.326354382534487542e+01 8.328358244843079206e+01 7.851739552529322452e+01 5.846239345737535587e+01 7.367799528692791000e+01 6.364713949201600940e+01 7.521878517813313181e+01 9.530649725148475682e+01 1.005209360518738748e+02 1.005209360518738890e+02 1.088850113223062408e+02 9.735827693189686727e+01 7.924207639306196427e+01 9.350744514621790415e+01 1.017215650060497865e+02 1.098501577729759475e+02
4.695337527364121244e-02 1.825006850844759398e+01 3.570744356826087795e+01 4.292043847749823726e+01 5.110317601980973734e+01 5.181251911250662090e+01 5.662124622955662545e+01 3.630375194381156945e+01 2.193114577359977346e+01 4.228505882101268298e+01 4.711804628125300098e+01 2.711954149541915271e+01 4.711804628125300098e+01 5.971880574290454291e+01 5.144002138557868165e+01 3.728647269481815840e+01 2.740885155779881188e+01 4.155046164508956963e+01 5.724042851678020583e+01 6.279662326775412140e+01 6.913006297533735278e+01 7.742767095381412901e+01 7.981879117790460043e+01 7.150805733623572280e+01 5.178011199180064494e+01 5.362478418902446009e+01 6.779895750911911989e+01 8.787124835959137670e+01 9.465278770561816657e+01 8.042056408893006392e+01 8.042056408893007813e+01 1.005209360518738890e+02 1.072663560090707904e+02 9.905061778280756357e+01 1.072663560090707904e+02 1.142831611741333830e+02 1.016349947696433134e+02
7.614146464036156137e-02 1.193070905819581995e+01 2.814044553276930216e+01 2.331262071068803721e+01 4.290971229726519454e+01 3.168950778234586352e+01 4.114880624382098517e+01 3.712885115800972358e+01 1.729877057317385791e+01 3.712882349115017178e+01 4.311833425328121905e+01 2.310699483373506880e+01 4.280192408529936188e+01 3.919193695942929878e+01 3.914723359639605604e+01 2.313868222996088519e+01 4.303446982852956637e+01 5.566004543452962139e+01 6.986882189956668299e+01 7.593381876928644658e+01 7.004991649033001977e+01 7.473969337208991703e+01 6.641478091436130171e+01 5.145495497435922516e+01 4.544155884163956216e+01 5.961549472722442289e+01 7.967676995615765634e+01 8.078491230889767394e+01 8.630782673250432424e+01 6.624827773170208900e+01 8.630782673250432424e+01 9.217239162068619862e+01 9.852373632997995401e+01 1.068878059793825201e+02 1.185313233500726824e+02 1.060621360891306466e+02 8.630872569082544032e+01
2.352828262072655108e-02 1.005318911775866120e+01 9.504187182701416603e+00 2.905646275861389682e+01 2.692037199527537084e+01 1.742102216046841789e+01 2.103958637405159848e+01 2.793299385449320127e+01 1.301470254719176012e+01 3.257885921457639711e+01 3.933930796545492115e+01 1.928043865958634484e+01 3.423035715748415697e+01 3.394923937738479225e+01 1.909629390982698638e+01 3.914723008246188130e+01 5.143999638996742618e+01 5.668141189566475902e+01 5.788452520216257113e+01 5.587013636513172798e+01 4.999670263469514708e+01 6.315560084829296983e+01 4.636484253550959522e+01 3.988497533793676553e+01 5.993050679703150507e+01 7.381453049931795363e+01 7.492355701385534417e+01 6.072325182423374912e+01 7.177670583279720518e+01 5.990866861220827388e+01 7.996444036467532612e+01 7.210471932631566006e+01 7.843902084375169181e+01 9.001064698064931235e+01 1.101528326458522429e+02 1.142831611741333830e+02 1.031690904862557261e+02
6.786455232800275850e-02 1.020245544548881167e+00 1.973708750225965813e+00 2.216231555186363167e+01 4.721687342454339742e+00 5.703130083471149803e+00 6.691611910282156295e+00 7.687011968090443403e+00 8.689588812339250623e+00 2.894477044299502921e+01 3.150222624612884559e+01 3.236918433941236373e+01 1.398556630183364646e+01 1.518366834095734497e+01 3.531940155913384416e+01 4.543351498647654552e+01 5.061559071429833523e+01 3.644707580239346356e+01 3.786238992407537296e+01 4.532991854646810026e+01 3.583767641853816599e+01 5.011654120803786583e+01 3.480346438802023812e+01 5.434947615751848815e+01 5.637415185296671893e+01 5.926780182244560535e+01 6.222384771398880332e+01 4.654893059971341529e+01 5.172420354047225999e+01 7.177670583279720518e+01 6.392299183452895051e+01 7.549287498231331028e+01 9.557315212891052170e+01 9.262023535160057008e+01 1.127760484574662598e+02 1.171516743033980390e+02 9.737731463217686212e+01
3.257643153035955086e-02 2.003257643153000345e+01 2.109940330460375080e+01 3.337759835617687187e+00 1.932680895851348168e+01 2.562110515037911540e+01 2.692935839761237560e+01 2.793298811852147168e+01 2.858005464678119623e+01 1.016345410119054904e+01 1.126344156807966534e+01 1.237779140384983556e+01 3.233171337841754678e+01 3.529587748241004874e+01 1.706546970406801478e+01 3.714368906492144617e+01 4.029474791121315036e+01 2.230165069100188546e+01 2.373559853975523026e+01 2.532079897349457198e+01 2.691173723605703927e+01 3.010013545952824288e+01 5.011654128092492755e+01 3.431257392794636019e+01 3.633088489318528502e+01 3.922018619977529852e+01 4.217480666239216447e+01 6.222385171708744878e+01 5.245965149818442796e+01 5.683425616851664586e+01 7.100906519947443485e+01 9.108321188315348138e+01 1.039320631498933665e+02 1.127760484574662598e+02 1.211553766071645555e+02 1.253923522907378327e+02 1.171516743033980390e+02
1.880098487986705744e-02 2.001880098487951187e+01 3.149803557924176900e+01 2.210143781371625593e+01 1.303070828764516165e+01 2.170145247486182782e+01 3.876342444044797020e+01 3.544632933828915355e+01 1.530449148357020306e+01 3.041418003704427520e+01 2.562813266216798525e+01 2.680942868314347294e+01 2.715565998318284002e+01 4.496103335594485628e+01 3.410625566612757353e+01 1.895077039855672041e+01 2.028301301834932602e+01 4.028532380384599776e+01 4.372503681021851918e+01 2.864660988501437089e+01 4.690479885210049105e+01 2.958401509606356683e+01 3.149136084892276344e+01 5.151582905966465376e+01 5.637415165353683477e+01 4.046164839851292072e+01 6.050975195280858543e+01 7.054528309731013280e+01 7.251244356319688222e+01 7.688864663659060739e+01 8.522128518133386876e+01 9.237205929203553012e+01 9.946712561298062383e+01 1.078281717602840359e+02 1.194700457327207914e+02 1.194829127121166295e+02 1.111015007202463494e+02
2.900726248362994752e-02 1.157558436454777429e+01 3.149150260621538777e+01 3.942260821647195712e+01 3.502168542616917790e+01 3.845702191028388484e+01 3.876349870301139333e+01 3.910987268094542912e+01 1.904382911460168515e+01 3.910987275470237989e+01 4.568353862824964295e+01 4.745526206338488606e+01 4.178273801973344348e+01 5.164551352244080107e+01 4.685012823706841800e+01 3.898560198000789967e+01 2.389395687045596617e+01 4.384583342111927351e+01 5.217793352899654025e+01 3.217125019396716112e+01 5.217795497594337206e+01 4.959783378411560761e+01 4.564342068230043026e+01 4.414729541905188626e+01 6.419530112374371811e+01 6.050975195273918672e+01 4.473460598212496109e+01 6.478437493190153873e+01 7.341825767036372952e+01 6.120659205312438189e+01 6.649242559049963575e+01 7.238010228945773861e+01 7.939924757894635832e+01 9.095339485046262951e+01 1.110970981155612947e+02 1.093585864169098869e+02 9.084699359897285831e+01
5.081304048347550645e-02 2.005081304048312063e+01 3.976099825959919798e+01 4.999905355322149347e+01 4.170013041936226017e+01 4.999905355322149347e+01 5.713062321272046518e+01 3.910987275478600367e+01 3.910987275478660763e+01 2.487649951828524308e+01 4.488616587497095622e+01 6.023699310861576350e+01 6.128954942323046851e+01 6.456396623926903544e+01 4.406487931582972095e+01 3.207338785770843259e+01 4.384762816957071863e+01 3.095728055572003612e+01 5.089759337563724273e+01 5.217795497594337206e+01 3.751133137705005538e+01 5.752750071573465362e+01 6.569287479120794160e+01 6.419529883104256385e+01 6.419530124716735031e+01 7.310685706332498057e+01 5.475726973610506576e+01 4.939478081383115438e+01 5.409220352013277733e+01 7.341825767036372952e+01 8.634425745544740494e+01 9.237205929203553012e+01 9.946712561298062383e+01 1.078281717602840359e+02 1.048437604145294273e+02 9.646275063447910725e+01 8.076920162557128435e+01
4.469920835086939326e-02 2.004469920835051511e+01 2.827601889360703069e+01 3.275242049560064572e+01 2.169244278688182348e+01 3.583632325893538706e+01 5.585661319320536222e+01 5.910746251891390557e+01 5.316784702776948990e+01 3.383346033863505653e+01 3.196040878523065132e+01 4.610029065877296972e+01 6.609121613260258243e+01 7.374305183952581899e+01 5.926429431574420903e+01 3.919262026040345148e+01 5.622198305979930666e+01 3.629994107358545818e+01 5.622198305979930666e+01 6.145319955145836133e+01 4.143610056140391151e+01 6.145293854139688960e+01 7.317310173256208827e+01 8.136913000948246122e+01 8.427228359827707038e+01 7.481148012736321107e+01 7.481148012736321107e+01 5.738587229521462518e+01 5.600174469061808935e+01 6.178212650348767454e+01 7.155405309926437951e+01 8.319579089936017624e+01 1.033593325616792669e+02 1.048437604145277646e+02 9.317979497050605175e+01 7.627299669921681868e+01 7.365130267049102031e+01
2.324776005098762310e-02 4.105730664689600573e+00 8.276018945831060236e+00 1.274815490098441906e+01 3.275242049560064572e+01 3.583632325893538706e+01 4.738835231729654396e+01 6.742447267557075463e+01 6.210952322657410463e+01 4.537893710506062206e+01 4.610029065877296972e+01 4.090395231675866228e+01 5.504193777132513077e+01 7.503027010245538975e+01 6.754575413020333485e+01 4.821374579332297827e+01 6.221718490276291647e+01 4.233334984720546856e+01 6.221718490276291647e+01 6.968348079939701734e+01 6.145307076093925502e+01 4.761952332203946270e+01 5.317885809207113823e+01 7.317321390158392092e+01 9.130197660571356266e+01 9.490437609845177747e+01 8.543022384114841827e+01 6.716094079292122387e+01 8.150040507688636637e+01 7.551737892912129269e+01 7.572972921100054577e+01 9.589492982616050654e+01 1.117268750081663171e+02 9.646275063447910725e+01 7.627299669921681868e+01 6.461173859881373005e+01 8.480619076508322962e+01
8.699724428260374731e-02 2.008699724428224798e+01 2.826695459659580933e+01 2.688726164987231471e+01 2.539759909570163643e+01 3.954329983192997133e+01 5.956958248041655679e+01 7.573373985045540735e+01 7.365192026995632091e+01 6.536961677834057127e+01 6.609121613260258243e+01 5.244849971326428317e+01 5.504193777132513077e+01 7.503027010245538975e+01 7.648633039984621007e+01 5.977587535042172107e+01 6.923182994876063390e+01 4.939141763019420495e+01 6.923182994876063390e+01 8.173063771582685888e+01 6.178613342018379484e+01 5.919019194873153822e+01 7.317321390158392092e+01 6.319966605206447952e+01 7.733890964124584855e+01 9.716601922456989371e+01 9.542202652279102892e+01 8.708439417974322794e+01 9.542202652279102892e+01 9.581681712327326750e+01 9.589492982616050654e+01 1.042582279343920106e+02 1.008854905077694610e+02 9.445501518745716396e+01 7.425757136964014649e+01 5.992798016288389817e+01 7.524025619371789730e+01
2.249585233037712170e-02 1.416463147606145334e+01 3.416463147606215500e+01 4.680496301972198836e+01 4.540724822724661891e+01 5.370912044393399754e+01 5.544324916126078762e+01 5.991537873711703810e+01 5.991537873756850274e+01 6.819964096963309430e+01 8.071972712218703805e+01 7.243641035747764079e+01 7.503027010245538975e+01 8.331415595503325733e+01 8.801483905789217488e+01 7.971792168975254356e+01 7.749922691451477874e+01 6.083639489982783033e+01 7.749922691451477874e+01 8.989327568765348531e+01 8.173065560409796149e+01 7.915938793754691005e+01 8.735627782250577411e+01 8.314613558687254624e+01 7.951231771582961017e+01 9.931477093122055066e+01 9.540938405660349986e+01 8.705081973450985799e+01 8.705082245971708232e+01 9.540949459495347185e+01 1.070398729649400309e+02 9.504625501301076440e+01 8.087133690730426849e+01 8.822742834418365021e+01 7.585695632164220115e+01 5.555137692908562741e+01 5.492644011844169682e+01
2.739267172789772165e-03 1.414487489090361549e+01 3.414487489090290495e+01 4.823540912664801539e+01 4.623976851701743129e+01 4.958537760804119188e+01 3.544324296547722497e+01 3.991537891730488496e+01 3.991537891730504839e+01 5.991537873756850274e+01 7.440489960314249629e+01 8.268915464485698408e+01 8.250828985638635515e+01 7.422354612577620969e+01 8.250828985638635515e+01 8.368030327022927395e+01 8.899488053859113279e+01 8.070020750142506927e+01 8.290193725251862134e+01 7.464037149014865236e+01 8.290193725251862134e+01 8.451723721306838399e+01 7.625750495575472598e+01 8.451723721306838399e+01 9.931477093122055066e+01 9.441314705138468355e+01 8.377719479464491315e+01 6.691662856246804836e+01 6.691662856251504365e+01 7.855176877811358338e+01 9.866075102180528233e+01 8.673334677717140551e+01 6.669328502011582316e+01 6.819010178399527433e+01 8.236354123256489856e+01 6.999525143655350234e+01 4.961662804010136085e+01
8.327778614586213435e-02 2.008327778614550851e+01 1.995113849234905601e+01 2.889506985834655950e+01 2.623976856766144650e+01 3.552760436396943078e+01 2.130110733872338002e+01 2.577324329372288148e+01 4.577324324093049768e+01 6.026276429286360070e+01 5.440490004643056920e+01 7.440489960314249629e+01 7.251027908524301324e+01 5.422964499777996394e+01 6.735676447672707923e+01 6.368813284992580748e+01 8.368030327022927395e+01 8.580011424298022860e+01 7.286506189446373583e+01 5.451336674604650057e+01 7.286506189585924176e+01 7.447904599803064229e+01 5.612494489706649148e+01 7.447904599803064229e+01 8.741351825534523812e+01 8.605301083043902111e+01 6.588559812626664325e+01 5.519619141815476837e+01 7.542633477507068562e+01 8.283563036796358858e+01 8.416879709162996903e+01 9.253030148533530053e+01 7.405889885662502081e+01 5.388409217859890532e+01 7.405889885662502081e+01 6.692306152509780759e+01 4.653226531743282379e+01
6.510866554257997707e-02 2.922251522685431535e+00 5.809002868633547756e+00 8.895069867875360359e+00 1.209763294397707512e+01 1.552760464682722308e+01 2.552760464682704722e+01 4.552760357100090260e+01 3.393820910299985627e+01 4.026276442333639238e+01 5.440490004643056920e+01 7.440489960314249629e+01 6.422659556177805484e+01 4.422028582809891617e+01 4.735415737628954247e+01 6.150120091061908312e+01 8.149334545336260760e+01 7.634274564575059685e+01 5.744202188681929755e+01 4.439647367823205570e+01 6.457686911809753383e+01 6.619122492641062649e+01 4.597859730742635520e+01 5.904498189891947391e+01 7.795365215319921504e+01 8.698560397405967137e+01 6.958639678862436995e+01 4.930532209459938286e+01 6.263004654062534371e+01 6.263004365622541769e+01 6.398856103788293126e+01 8.416879952927367015e+01 6.797593561400513806e+01 4.772860031218406363e+01 6.797593561400513806e+01 6.394884064769325960e+01 4.356827240739526275e+01
8.953482861371392376e-02 2.008953482861335971e+01 1.735600825242585898e+01 2.889506985834655950e+01 2.623976856754845599e+01 2.707461003061720106e+01 4.381178562396225828e+01 4.552760273277770864e+01 5.393820901378611410e+01 6.026276429286360070e+01 6.854702734564379796e+01 7.164617424234128862e+01 5.666492124642869754e+01 3.663049285128705890e+01 5.666492124642869754e+01 7.164617424008328328e+01 7.620872517897096543e+01 6.806134370773992259e+01 4.792624425541386302e+01 3.727777030791772006e+01 5.744202188682001520e+01 5.904498189891947391e+01 3.884907904568812143e+01 4.951641340776768629e+01 6.967142488074070172e+01 7.862457711533576799e+01 5.840935290800200619e+01 6.211891233452097083e+01 4.233180718130249431e+01 4.963662934339044597e+01 6.989921660485272525e+01 7.808967097711006033e+01 6.256458688724622874e+01 4.230594078380511291e+01 5.543110444315061613e+01 5.694049096602598325e+01 4.068644752293227640e+01
