MOVIE_S10_data/elevation_000168.asc
nrows	100
cellsize	150.0
xllcorner	0
ncols	100
yllcorner	0
NODATA_value	-9999
[rows 51 to 67 of 100, columns 37 to 73 of 100]
4.754485270935558816e+01 5.486439620699114528e+01 5.678598258827699397e+01 4.041664655583115007e+01 5.440854831969722483e+01 7.425669048210744450e+01 8.593659602597341518e+01 9.206734416585943848e+01 9.227900177620706756e+01 1.005289139778556091e+02 1.019060350503355039e+02 1.101466910423775687e+02 1.118753233113634735e+02 1.005076398743127726e+02 8.431385773827229002e+01 6.469895488908227321e+01 7.635159109051267023e+01 5.679463218414488068e+01 7.075036133836263730e+01 8.987732789545999879e+01 9.005322012443140522e+01 7.105505820105322812e+01 9.005322012443140522e+01 1.012101200719234839e+02 8.162186029552421473e+01 7.022793010966394434e+01 6.140133274701764776e+01 7.653028223815937281e+01 6.962975828508064069e+01 4.983300487180253668e+01 4.721020719058790860e+01 4.834356490606400314e+01 5.255529511907885620e+01 6.908109749179791947e+01 8.120565111956672411e+01 6.138505806390234909e+01 5.003270044417060092e+01
6.161098843156047167e+01 7.421370007206002128e+01 5.437630285044860301e+01 4.292628474651109372e+01 6.276209332533427698e+01 7.041419245682142503e+01 7.409159502247457851e+01 7.213634467798820538e+01 8.624266689554559662e+01 9.839226438257882990e+01 1.066730152799314482e+02 1.071162548252506497e+02 9.760447979313214262e+01 8.967153290056741355e+01 7.914966574523566578e+01 5.943841465822807635e+01 7.227474624660366942e+01 5.359251934125618533e+01 7.330593254815480009e+01 8.575901486579394373e+01 7.778544551577218158e+01 6.561700810707871767e+01 8.478418508248120133e+01 9.591652006009344689e+01 9.796209135628720333e+01 8.792545490608213754e+01 6.818843688395396896e+01 5.676741312782063176e+01 5.383929917194055292e+01 6.962975828508064069e+01 6.336955504413860751e+01 4.356128580179363752e+01 4.113744302030629996e+01 5.795065244159722795e+01 6.616146596670154167e+01 6.596923069425169217e+01 4.621010452989641237e+01
8.157930092371809394e+01 8.247232117808020746e+01 6.937121635962216715e+01 4.954264302387233698e+01 4.701696957034683777e+01 5.059292733502480388e+01 5.428817614425312144e+01 5.817754424335807784e+01 7.797399927216008564e+01 7.839111047889988981e+01 9.839226438257882990e+01 9.913017348121221062e+01 8.021289231992261648e+01 7.064434300163286196e+01 6.403322733144652545e+01 5.791767789699868274e+01 5.243058383855792925e+01 5.046413369738746013e+01 7.031761404419528105e+01 7.778544551688061404e+01 5.832670408853199717e+01 7.147228455158354166e+01 7.946641749874065397e+01 7.674957763294283097e+01 9.591652006009344689e+01 9.601449503296660737e+01 8.464621255454967752e+01 6.818842799602713001e+01 6.783353721628604660e+01 7.592781872494845175e+01 5.607127224316623426e+01 6.336955504380155446e+01 5.795171884364805237e+01 3.813107070683510358e+01 5.795171162007293475e+01 7.417995224543085442e+01 6.086252745963045641e+01
8.685655444613102816e+01 8.193210107162167333e+01 6.207159916818383749e+01 6.355148111828417257e+01 6.685418814806840260e+01 5.452632579731085372e+01 7.409159502247457851e+01 7.797399927216008564e+01 6.440502896472041527e+01 7.839111047889988981e+01 9.839226438257882990e+01 1.071162548252506497e+02 9.760447979313214262e+01 8.967153290056741355e+01 8.332912742835330278e+01 7.190899910749888591e+01 6.735277210760149558e+01 4.740603660691296994e+01 6.425112668681769890e+01 7.229687720146901597e+01 7.147228457482172814e+01 5.174262925081829678e+01 6.087309377089647455e+01 7.559166307490491477e+01 8.360298774362865970e+01 9.309267943709916437e+01 9.598387918275950881e+01 8.792045672527058287e+01 8.760750255247950236e+01 7.592742228296509666e+01 7.592781872494813911e+01 5.999926579983121400e+01 4.595039376906228057e+01 3.606236578150200245e+01 5.305866483201085515e+01 6.128022000681968962e+01 6.908560053829160097e+01
9.509427792200203555e+01 9.019559976270404889e+01 7.608924219688388746e+01 8.342130152286514999e+01 7.984402952151562260e+01 6.001666563659397724e+01 7.984402952151562260e+01 9.055513756365986922e+01 7.061436886597250862e+01 8.057861020298544474e+01 1.005820664944484832e+02 1.081369205909079767e+02 1.000224763982304808e+02 1.000224763982304808e+02 9.898550407644930260e+01 8.320244211509417198e+01 6.379064006016848509e+01 6.425112668681769890e+01 4.424792713510792197e+01 6.128098085943130968e+01 6.735841414478386469e+01 4.749618692432660083e+01 5.082691019698840051e+01 5.600328221007801233e+01 7.559166307490491477e+01 7.367198482106276458e+01 8.188013617268094890e+01 8.996624751939413045e+01 9.127631304237563370e+01 9.569417563144213545e+01 8.806279734587636199e+01 7.403103157368829557e+01 6.399932661764466246e+01 5.296315131460764292e+01 3.322615397474783094e+01 5.305766366461394057e+01 7.073032581875851577e+01
8.693440418459360330e+01 9.529256533804817764e+01 9.603801021004575489e+01 9.135441235698540652e+01 7.141784447138286396e+01 7.141784447138286396e+01 8.811567672161815779e+01 9.764285565697984737e+01 7.759576154927918878e+01 9.764285565697984737e+01 1.088607828983545573e+02 1.000224763982304808e+02 8.082270624565084916e+01 8.082270624565084916e+01 9.447981341827944846e+01 9.119754611222175811e+01 7.807569454871369885e+01 5.852480318447317131e+01 6.128098085943130968e+01 4.125011181390288328e+01 5.837017154951362130e+01 6.173957557298651011e+01 4.175753686525263220e+01 6.174058613292102393e+01 7.265227163715347558e+01 5.975018076121781263e+01 6.230487940585365436e+01 8.188013617268094890e+01 7.171354088489148637e+01 8.555524227148238481e+01 8.652108754243580790e+01 6.634484683982167041e+01 5.219030255105742810e+01 5.110993782501277138e+01 3.126591153995728689e+01 4.270217267623470292e+01 6.257738689731879589e+01
6.671247842200635603e+01 8.101583578476039804e+01 1.012230922853038919e+02 9.963547693639837632e+01 8.289419598414647794e+01 9.135441235698540652e+01 9.963547693639837632e+01 9.764285565697986158e+01 9.176949165996290958e+01 1.059274336008043633e+02 1.096835785995884578e+02 9.036137419687261740e+01 7.687166061328125011e+01 6.716489055554364995e+01 7.857463171005721847e+01 8.659467438443222420e+01 8.606895121852792840e+01 7.807569454871369885e+01 6.935007667727548153e+01 5.837017154951362130e+01 3.833199873198270780e+01 5.552883189641130457e+01 3.844641137463722202e+01 5.845681734049814793e+01 5.287216490755307063e+01 4.815580765840276456e+01 6.803833936938954707e+01 7.221338569533278928e+01 5.770645249120941145e+01 7.570920822074751300e+01 8.706622718472729616e+01 6.784509702800977493e+01 4.741833663086340067e+01 3.595301753898800712e+01 2.934721375312422609e+01 4.661281600709460093e+01 5.483132136370841891e+01
6.370292984783827706e+01 7.799465472840266500e+01 9.820202044867124869e+01 1.111852523215671766e+02 1.029112828437965561e+02 1.002708072910716766e+02 1.086096606820260035e+02 1.176653981923078334e+02 1.118224106753320939e+02 1.157331011841034467e+02 1.135493712947914844e+02 1.041100319633266764e+02 8.968705436489752003e+01 7.043977373153470012e+01 5.901329822199697617e+01 7.205418721403718507e+01 8.009367649232940778e+01 7.658538539353006058e+01 7.797174446541075099e+01 5.837017153125849944e+01 5.553221387033529766e+01 3.549601154560824767e+01 3.522543089862733012e+01 5.081767018610585041e+01 3.862896036341687278e+01 5.866562403605934151e+01 6.641285089627277216e+01 5.248867683711155507e+01 4.782854673492798270e+01 5.924187357943102938e+01 7.895718937838321949e+01 7.644331109385026934e+01 6.440380394767555572e+01 5.586934082262676782e+01 4.661744671215280533e+01 2.674824828750262995e+01 4.410656021136323091e+01
5.812225629534078308e+01 7.239396908383491791e+01 9.266083488785388056e+01 9.908969894609633400e+01 9.073922195743237751e+01 8.005129645733121890e+01 9.695078205626539614e+01 1.070495336378983779e+02 1.157331011841034467e+02 9.616801935218009589e+01 9.404582119605987600e+01 1.079399071733710969e+02 9.773990720400247767e+01 8.327129415377663690e+01 6.384269502021442122e+01 5.223424877414667122e+01 6.644826195308401395e+01 5.690709076606382411e+01 5.907016792212024114e+01 5.747892586170503648e+01 5.590264334412751879e+01 5.273893259586123605e+01 3.268975656157888210e+01 3.067553367203820613e+01 4.864134231232064565e+01 4.819510327598617039e+01 5.107275966016627677e+01 3.856659582066578906e+01 5.248834677262258452e+01 7.219547153826295016e+01 8.088311467530728294e+01 7.305458629376482804e+01 7.322760496786222006e+01 5.319152224836388143e+01 3.916718568409575596e+01 3.032251403866280626e+01 2.419249103961692526e+01
5.591433960946473292e+01 7.610143306637685612e+01 9.209435626494949645e+01 8.742220850518157249e+01 7.051000590596873963e+01 6.836564978861380837e+01 7.848595073833426738e+01 9.870818494035614776e+01 1.119772776274617883e+02 9.262653930896567545e+01 8.088946974100197451e+01 9.550305479674726428e+01 1.036212412667632776e+02 9.130520403544259977e+01 8.009368167812725403e+01 6.644826206263563506e+01 4.645943998652651885e+01 4.262364980853865148e+01 3.900520912841149368e+01 3.741714249074091470e+01 3.584495465302958195e+01 3.434209594080098782e+01 3.283575769736875571e+01 4.927645772827005288e+01 2.901907471962901397e+01 2.780529469924398711e+01 3.120409267834378753e+01 5.107275965988699795e+01 5.936542003297047643e+01 6.752599111129835308e+01 7.022867664767514384e+01 5.452353278279096571e+01 7.022867664767514384e+01 6.730802668190248994e+01 5.860023542242174699e+01 5.104104836820090441e+01 4.122010453085763970e+01
7.019230678726600559e+01 7.739718704324414489e+01 7.190415257304239560e+01 7.190753264488363072e+01 5.882997797866620715e+01 7.313595556073092041e+01 9.336151507475921107e+01 1.070495336378983779e+02 1.067324968141878543e+02 9.262653931852770484e+01 7.386574087776187980e+01 7.666501589298539443e+01 9.261641099102274666e+01 8.915624968332117817e+01 8.094934183612923562e+01 7.194558717729643149e+01 6.160752227068715570e+01 4.154798050098349904e+01 5.907016180461374688e+01 5.747884963337513398e+01 4.121996293182073856e+01 5.439950088054749244e+01 5.340022186171561458e+01 5.507751793572086285e+01 3.593787143846502374e+01 4.666396086595995740e+01 2.606792916379448855e+01 4.515925033014679713e+01 3.927513949034525353e+01 5.936544560078398547e+01 6.244817026720600950e+01 4.332045177909535738e+01 6.244817026720600950e+01 5.570950557711630324e+01 4.720797919765236372e+01 5.609437093169817246e+01 4.989599421382752098e+01
7.125960489620429428e+01 5.718109011512909490e+01 6.594929464798157426e+01 5.170177200381598936e+01 6.335747875526811868e+01 7.766504875970700539e+01 9.788427652506321408e+01 1.123139265537622862e+02 9.288513418705541369e+01 7.966235984523264335e+01 7.122569394301217471e+01 6.563540757818473992e+01 8.462385499655772492e+01 8.114540165118002335e+01 6.142485437804841553e+01 6.193754249114627441e+01 4.424928448510127055e+01 4.767279625951979227e+01 6.762264160541194258e+01 6.935868367935523793e+01 6.125811113503247896e+01 4.986776208238239860e+01 6.972546344744807811e+01 6.348227671608465528e+01 4.481322883079119634e+01 5.488839424938021949e+01 3.927512724197534055e+01 2.442278457289941684e+01 4.366215426802550326e+01 5.186443598079402761e+01 5.346294678295959812e+01 3.608472896394126650e+01 4.695906214625133401e+01 4.312371022459363701e+01 2.708881831570203857e+01 3.829100006768440778e+01 3.815309738741974144e+01
5.921742539691157958e+01 4.299627338683126965e+01 4.579549893021243889e+01 6.594929464798157426e+01 7.858253601461173332e+01 8.573627728634670575e+01 9.409429056468736974e+01 1.041965601080121928e+02 1.067324968141878543e+02 9.817216787472538897e+01 8.001935592875651082e+01 6.075443399906747999e+01 7.485981895291365618e+01 7.232042824953576599e+01 6.701057688359541942e+01 4.701632360075136319e+01 6.428489308941955471e+01 5.934680753245185514e+01 5.934680759732948729e+01 7.892773371514303449e+01 7.627525182704634688e+01 5.662588668825128480e+01 7.627525182704634688e+01 6.534180704065053646e+01 6.534180704065053646e+01 6.752349716530589774e+01 5.339391379550183814e+01 4.365977600132990943e+01 2.291681354445064045e+01 4.327263782633518474e+01 2.025554922659852508e+01 4.016503318561242253e+01 2.705279336248913324e+01 3.732763799134586691e+01 1.751176985174240031e+01 1.694605912470969145e+01 1.638650404667303206e+01
3.923488274944099885e+01 5.923009145596186897e+01 5.740428121810441553e+01 5.197832624354274600e+01 5.835264644838923687e+01 6.550244142995551044e+01 7.562302691017514178e+01 9.584952766251828393e+01 1.012164523461206755e+02 9.123083898007604375e+01 7.852693642996439394e+01 5.882157522929021098e+01 5.511648225191289185e+01 5.248208665343945967e+01 4.990594728662935609e+01 6.639496417118978400e+01 7.491831659673114530e+01 7.327272512500024959e+01 7.076628513818184274e+01 8.696760217114930924e+01 8.431202974129027439e+01 6.659413890411032355e+01 8.431202974129027439e+01 8.570964342177887829e+01 7.023857216929529557e+01 5.866314022696690955e+01 5.039952602498238576e+01 4.309464181173492392e+01 2.397960343930323646e+01 2.149162075603574351e+01 2.060953811551627268e+01 1.997356182241748712e+01 3.728440286912074697e+01 1.832641620017782458e+01 3.682963631058984788e+01 3.509830828088233545e+01 3.273929821340751545e+01
4.620997521914067363e+01 6.634894884959628314e+01 7.169837309830192851e+01 6.626059697362208567e+01 6.207000804532463434e+01 8.230055833685531752e+01 9.409429056468736974e+01 1.041965601080121928e+02 9.310135812085934504e+01 7.527167993664440360e+01 6.432780715002667193e+01 7.852693642996439394e+01 6.718680692937563492e+01 7.232042824953576599e+01 5.367113313563313426e+01 6.158090420343938121e+01 8.106017423616462736e+01 9.257989558504473848e+01 9.007674318383885748e+01 9.814485755610921558e+01 9.400226600905473617e+01 8.595636474998244125e+01 9.400226600905473617e+01 7.518164419411024824e+01 6.200076861725113275e+01 4.190554388172692768e+01 3.043707521403333516e+01 2.758138398473906605e+01 4.093685361156249769e+01 2.158920285618815882e+01 4.057942826288476112e+01 3.759421047909847147e+01 1.914941714232762138e+01 2.690386617796587387e+01 4.372320512974444284e+01 4.782018221597606100e+01 3.947478453371078189e+01
5.624614682155770851e+01 7.470728893393942371e+01 9.191984981531876997e+01 8.648874100792905040e+01 7.637757360291612940e+01 7.637757360367893966e+01 9.659991127515964138e+01 1.039960197454887236e+02 8.461574272878144143e+01 7.080813946965811567e+01 8.399624049401042214e+01 8.226031808300419357e+01 8.444880144385163590e+01 7.714610042140196811e+01 5.751994809480158466e+01 7.714610042140196811e+01 7.544072338199669048e+01 8.901085165683892342e+01 1.082932525926408545e+02 1.054037573123177509e+02 9.605084546934455147e+01 8.784343838336695853e+01 8.567812786437879424e+01 6.694703189222107653e+01 4.686214341074144585e+01 3.523789139421845817e+01 5.039952561622641269e+01 4.724318152630871737e+01 4.220484748352011195e+01 2.230549764677281033e+01 4.220496320087008257e+01 4.670590849597456895e+01 3.394808337894285444e+01 4.501901398674549881e+01 4.966993832416593335e+01 2.989596531841413452e+01 2.549087967432848245e+01
7.645175119508090233e+01 8.480402282205892561e+01 8.669672614794239962e+01 9.494777008188052037e+01 9.659990883813628670e+01 9.659991114933971801e+01 1.049447251653177631e+02 1.061420511935357069e+02 8.673114188485764942e+01 7.622448936052151680e+01 9.569602713483435252e+01 9.773324132841888456e+01 9.491837557834278982e+01 7.583285593278917247e+01 6.203522125679539556e+01 7.008744003125787003e+01 8.929235482434897619e+01 1.027293072232014737e+02 1.024903291261846476e+02 9.260590024866135650e+01 7.739680642842765224e+01 6.799719872274137344e+01 6.582387585970215582e+01 6.083407584367531484e+01 4.068802823195088081e+01 5.535101612079523647e+01 6.362012580206319257e+01 5.481481186454819010e+01 3.892128039200411393e+01 2.301888342566891055e+01 4.230756018250667694e+01 5.874622791892318929e+01 5.696393772133354361e+01 5.566201900422407078e+01 3.682124935478471173e+01 4.987649462150000090e+01 3.449253057506600584e+01
