MOVIE_S10_data/elevation_000819.asc
nrows	100
cellsize	150.0
xllcorner	0
ncols	100
yllcorner	0
NODATA_value	-9999
[rows 17 to 33 of 100, columns 37 to 73 of 100]
5.073540578914347066e+01 3.177985634687087924e+01 5.214403961224653727e+01 3.688808825521451240e+01 5.665359261627774146e+01 6.241553394923167275e+01 6.502798352240095880e+01 6.182493163881529341e+01 6.771838085957281805e+01 6.508070554456500645e+01 7.661385668357070244e+01 9.683262645193323692e+01 8.774213313878874487e+01 8.774213313878874487e+01 1.080962678053396360e+02 1.234744281206297813e+02 1.117173491799049714e+02 9.679282274735517433e+01 9.679282274735516012e+01 8.978294637883487894e+01 6.900724497379802358e+01 6.741627363286168872e+01 8.820941425875285802e+01 8.530234300950485249e+01 7.435552739512853293e+01 8.905508685524303303e+01 1.095734517777186738e+02 9.881494719365029766e+01 7.822683271571659702e+01 7.977054165542195108e+01 9.423867388920805865e+01 1.064979510161177529e+02 9.811540253777680221e+01 9.405844176576547966e+01 8.572979675383093934e+01 7.602521747290749943e+01 6.770669091994903965e+01
3.026178315411774378e+01 5.073499591640261741e+01 6.044838609081756431e+01 5.665451008531820776e+01 4.009614813523619858e+01 4.236669975363409435e+01 4.479203557064403896e+01 4.740632629454506031e+01 5.430144963437631134e+01 7.442684646863374098e+01 7.952742762739200089e+01 8.360853734270951065e+01 7.351335352804440504e+01 9.370372115737757213e+01 1.068226598987235434e+02 1.170091036685197849e+02 1.256056643507791790e+02 1.081996380689789845e+02 8.767940439464379665e+01 7.836196972149772932e+01 8.978294637883487894e+01 7.481776430372028130e+01 9.553355082060321024e+01 1.035152831966519216e+02 8.638052555401304744e+01 9.506477680217595605e+01 1.155297618606545313e+02 1.071925255097951180e+02 9.284905366755390332e+01 1.003355061394678813e+02 1.023957962078078197e+02 9.407844700553106065e+01 8.646005398209312887e+01 8.007379412313144940e+01 6.552342365589974804e+01 6.923136220642010130e+01 6.500685733819901202e+01
2.918863384970213559e+01 4.386608544761946149e+01 6.392333495735683613e+01 6.832689583012523826e+01 5.145078315389186940e+01 5.125592068834279758e+01 6.502796835415725241e+01 6.771838083008974252e+01 5.194256552402143967e+01 5.556798507590208658e+01 5.955690698713288356e+01 6.361526456903212079e+01 7.059017926782408381e+01 7.810795774910610589e+01 8.819748980532622795e+01 1.085966740383400548e+02 1.248198455590383844e+02 1.044643316741240682e+02 9.902271058698025286e+01 9.302885733031170901e+01 1.039798249971554469e+02 8.525593941404241605e+01 1.039798249973014634e+02 1.153365173433235498e+02 1.069276846200132951e+02 1.048659334863046695e+02 9.650309264506398677e+01 1.048659334863206851e+02 1.132178882560258870e+02 1.083022158555720438e+02 8.818676903978408177e+01 7.392207367556497388e+01 6.626492709806835535e+01 5.984005132924422554e+01 5.420393158653705257e+01 4.897134858901714694e+01 4.476429659272512396e+01
2.813460363833442912e+01 4.025171271264458994e+01 5.451168272757939093e+01 7.451692713919106836e+01 6.569294654670308375e+01 6.554398080495914769e+01 7.144383964023646172e+01 7.920182833218116514e+01 5.917666784170639005e+01 7.561088630272558930e+01 6.822541127401262884e+01 8.360853734270951065e+01 7.617525856915582949e+01 9.639942032754944989e+01 1.068226598987235434e+02 1.170091036685197849e+02 1.223586713061647941e+02 1.248198455590383844e+02 1.194403602886264935e+02 1.134931524101034199e+02 1.142202580612553220e+02 1.058111622271641323e+02 1.142202580612743503e+02 1.039560577708748355e+02 9.559927874783470259e+01 9.482311300646131258e+01 7.646054763253781061e+01 9.482311300657508468e+01 1.066110865375875818e+02 1.006956125839474652e+02 1.023957962078078197e+02 9.407844700553106065e+01 8.646005398209312887e+01 8.007379412313144940e+01 7.446196357406142852e+01 6.068245815190407910e+01 5.645290240597690712e+01
2.994926909150930783e+01 5.034043562397153693e+01 5.568100421011953216e+01 7.576780135026629637e+01 8.585376604131850797e+01 8.568737701741758883e+01 9.161978142648150936e+01 7.920182866065252369e+01 7.329527801579530433e+01 7.920182869188842290e+01 8.238183318227906682e+01 8.831951050481785614e+01 9.043658241879893467e+01 1.048183942031834874e+02 1.165154105150710535e+02 1.143668353573328176e+02 1.027827511234949043e+02 1.166656313129056173e+02 1.207611013946847009e+02 1.125992035445081711e+02 1.207611013946842462e+02 1.129694701721915067e+02 1.013332047979315860e+02 9.236723731715770214e+01 7.556936093853882142e+01 8.648182013880087027e+01 6.656806286642949999e+01 8.648182013880088448e+01 8.649330596959154605e+01 8.061051795294430633e+01 9.483252157894405343e+01 8.904463279039813983e+01 8.087182707891942357e+01 8.904463279055595137e+01 8.924390200508757687e+01 8.090938231940484116e+01 7.078043670319267733e+01
5.034046842735585159e+01 3.499578302627202930e+01 5.568154350208709502e+01 6.707036131309301652e+01 7.367222181126875569e+01 8.203179128886337423e+01 9.100774850942183036e+01 9.941160575466365401e+01 9.346150355778796381e+01 9.941160635599810291e+01 1.026543316258862717e+02 1.086090100008072596e+02 1.107949844770874250e+02 1.165154105150710535e+02 9.697798570959871256e+01 9.484550454376109485e+01 8.903503677519363180e+01 1.068967409299807798e+02 1.109797186341400419e+02 9.309517307724190971e+01 1.109797186341400419e+02 1.046058394361122765e+02 8.446655749364620647e+01 7.298032613169124261e+01 6.413680740293725080e+01 7.555038234537097708e+01 5.998564126191894275e+01 7.984390104801047983e+01 8.649330596959126183e+01 6.656973216543424599e+01 8.649330596959153183e+01 7.919381758759506340e+01 6.118231987154963036e+01 7.919381758817304728e+01 8.178529655782094210e+01 8.995178605761977053e+01 9.096301518417089937e+01
6.401182972394114756e+01 5.568154350208656211e+01 4.123188302914375214e+01 4.715059411135539591e+01 5.386664031674172293e+01 6.262327951222266620e+01 7.668020454315637835e+01 9.692922014664225117e+01 1.035737021855657645e+02 1.005271273021040912e+02 1.027942168767498430e+02 1.113050856248817979e+02 1.204738876416131319e+02 1.143668353573328176e+02 9.484550454376109485e+01 8.109477174122925192e+01 7.931023789735581886e+01 9.844481920543067588e+01 1.028471883108750120e+02 8.337861050279305175e+01 1.028471883108750262e+02 1.030482299095975236e+02 9.469479646070941214e+01 9.236723731715770214e+01 7.555038234537097708e+01 5.570786246694537880e+01 5.402169170899415462e+01 7.385641043893150481e+01 7.056435774968080921e+01 5.958201595650258753e+01 7.944925889839626620e+01 7.102707347523458736e+01 5.131645055410905343e+01 7.102707347523458736e+01 6.209646318557515343e+01 7.857989811478864794e+01 9.147334561317873636e+01
7.304203048135821064e+01 5.312964943720566424e+01 6.154561192531022584e+01 5.788221325140867179e+01 6.707036131309303073e+01 8.203179128886337423e+01 9.100774850942183036e+01 9.745900370226431164e+01 8.283722030533191116e+01 7.981832842912670856e+01 8.208326464135615197e+01 9.975126742322973428e+01 9.975126742322974849e+01 1.143668353573328034e+02 9.484550454376108064e+01 8.109477174122923770e+01 7.133573605457296196e+01 7.895674355262417521e+01 8.805258274706940824e+01 7.688052418848792513e+01 9.635766237484776298e+01 9.469479646070941214e+01 7.468074123395497566e+01 8.054272229082928902e+01 7.024724583999105221e+01 5.039952623646343000e+01 4.850531117035065876e+01 6.835524925314716427e+01 5.071983296882090286e+01 7.056435774968082342e+01 7.821899923123217491e+01 5.850398783539890246e+01 4.471340305823109418e+01 6.445686583485931465e+01 5.069984981117901413e+01 6.976345272329658087e+01 8.009611616842782666e+01
8.139272128918263149e+01 7.304203048135865117e+01 7.304203048135791221e+01 7.784586674856319632e+01 8.620864149919117381e+01 9.548631529446939226e+01 9.301991756440550319e+01 8.449352866637281068e+01 6.854154110504964592e+01 6.563896877316294365e+01 7.181922141493657819e+01 7.892568770275092049e+01 9.365379618410979390e+01 1.144718651848931472e+02 1.086893657157902311e+02 9.893320345403958527e+01 8.466466875905499023e+01 6.512492969844680601e+01 6.853633800985465996e+01 8.805256851633059512e+01 9.410579262080310059e+01 9.469479646070941214e+01 7.468074123395497566e+01 6.067885013014867468e+01 5.442499877165441546e+01 4.868559369626074584e+01 4.328870102014191446e+01 5.907196540345606195e+01 4.515011386107931202e+01 6.506047685471081365e+01 7.244710552933294423e+01 5.272855939509816636e+01 3.868760009419585089e+01 5.170702291967641884e+01 4.181276217008232265e+01 6.159968348570446040e+01 6.959023091049266441e+01
7.146593938866551809e+01 7.988928383088646967e+01 9.316216183584475630e+01 9.301278107312268162e+01 8.453212286487865867e+01 9.301278107312268162e+01 8.131034833729069078e+01 6.433744785017822210e+01 5.882084969745975656e+01 7.872616816757498270e+01 9.238831310198399649e+01 9.975126742322973428e+01 1.082874867352842188e+02 1.000412592861102894e+02 9.131114687589889911e+01 8.321254425524642784e+01 7.629818319609394450e+01 6.109733207458850757e+01 8.067613622525335870e+01 8.840473525979726332e+01 7.458632095529566186e+01 8.840473543643454946e+01 8.886448557177624252e+01 8.054272229082928902e+01 7.426121437301318906e+01 6.853499216443928788e+01 5.907196540345606195e+01 3.894635356120707570e+01 3.982857331690477309e+01 5.991964323529224856e+01 7.407100538148885960e+01 6.667270300968533547e+01 5.170702291967641884e+01 3.169569119523437095e+01 5.166824242758597308e+01 6.369946893275471922e+01 4.979773228352230063e+01
5.147318151172507328e+01 7.134157294847206288e+01 8.117432149951582687e+01 8.284538376580800900e+01 6.425503874104227009e+01 8.284538376580800900e+01 7.285640998133500545e+01 5.310895973708934292e+01 7.285640998133500545e+01 8.723513675366484676e+01 9.065160379553864800e+01 1.112846613206700681e+02 1.057177551226450305e+02 8.622230768615176544e+01 7.243421984054002394e+01 6.365577896995663565e+01 5.667804994605197777e+01 7.255676838703332976e+01 8.065899148660352580e+01 7.964734850600829930e+01 6.071914758961841585e+01 7.964978289717137727e+01 7.489500669284295498e+01 7.218493018153705520e+01 7.422252452913134846e+01 7.740416672620877137e+01 6.734210688761734787e+01 5.504684303500720688e+01 3.465824977740081181e+01 4.572288643233232364e+01 5.989694588091736449e+01 6.667627752173672206e+01 4.799062536554676939e+01 2.775278857829156465e+01 4.747648989904166683e+01 4.910136969079646718e+01 3.558254779525073985e+01
4.936951931300017549e+01 6.829102030484688157e+01 6.096861708785140621e+01 6.366648765526925757e+01 5.432502714562509283e+01 7.269113839435114244e+01 6.431510964396201757e+01 4.950733258382753377e+01 6.925103533067360218e+01 7.031532327920643866e+01 8.683266836653409371e+01 9.538697143095198783e+01 1.057278129650957794e+02 1.000412592861102894e+02 8.864984041611292298e+01 6.912015542481084651e+01 7.255676887753028836e+01 5.290975525608791941e+01 6.896972493390370573e+01 6.649187892116142962e+01 5.189825959615814099e+01 6.279303447117735715e+01 5.526260417825481142e+01 5.329246960426034008e+01 5.233276995356253281e+01 5.756451233884264695e+01 7.066789141081683567e+01 6.279607374195519753e+01 5.159736277277681893e+01 3.098596846123844273e+01 4.823115244200602802e+01 5.114354558505170445e+01 3.855956724783947465e+01 2.391372050836967844e+01 3.091325653499062298e+01 2.889831312523866202e+01 4.910136957991322504e+01
4.977286109324036545e+01 5.368464586454643950e+01 4.684324682172638177e+01 4.367270936474846366e+01 5.875469972247751116e+01 6.054535745430892746e+01 4.450929357866434088e+01 4.936068110471794057e+01 5.427239440366886924e+01 6.010082842461830666e+01 6.653638195336739614e+01 7.648143347240416290e+01 9.718396961121686672e+01 1.081788711447179310e+02 8.864984041611292298e+01 8.864984017869919342e+01 8.065552118613094024e+01 6.896893414064152239e+01 4.930579513241386280e+01 4.681537373523453027e+01 4.489928336900375427e+01 4.304929845428824109e+01 4.119198864869355248e+01 3.931633322139406772e+01 3.742265073788736629e+01 5.484093512248688995e+01 4.895533941949411627e+01 5.548386069932305276e+01 4.897232862196253933e+01 4.821440907769557782e+01 2.744357717292295362e+01 2.639610837375049002e+01 2.536458635492411062e+01 4.309098919960985086e+01 2.253179389277463684e+01 4.147841033965222124e+01 4.091481910854543003e+01
3.170017610556130805e+01 3.344237114815260270e+01 3.515293952309907866e+01 3.689570724286188863e+01 3.869293343795894202e+01 4.052519539025570339e+01 4.296368870542933394e+01 6.293203116979233869e+01 7.404710028516626608e+01 8.006701018485119903e+01 8.683252282389426568e+01 9.538316132086848143e+01 1.057275788706441659e+02 1.092836000384751287e+02 1.011637391926332867e+02 9.487118971195839379e+01 7.534292732530099101e+01 7.078043833006648811e+01 5.112671154401643037e+01 6.649230980241641475e+01 5.885710516063584663e+01 5.704760275182517404e+01 6.101280143487171159e+01 5.918624025569278757e+01 5.460446050014380859e+01 3.475288696891711737e+01 3.354686205674027377e+01 5.035971347029250467e+01 3.022631644609662516e+01 2.906816033723398718e+01 4.704696483885403779e+01 3.134727821606113807e+01 4.533344815501007474e+01 5.125613362245707094e+01 4.180744257362712091e+01 2.121012036383720556e+01 2.031316715093042902e+01
5.206396702260414600e+01 5.368464590435537076e+01 4.286162502533269247e+01 5.700189506382056237e+01 4.875281465422028049e+01 6.054535745430871430e+01 6.293203116979233869e+01 4.645600982293166936e+01 6.637319753514113074e+01 7.835283580806918735e+01 9.250847527598956788e+01 9.555037058294860230e+01 1.040694260354990632e+02 1.011637391926332867e+02 8.167967142417441551e+01 8.738642274845780378e+01 7.534297796429682137e+01 5.571877815178328319e+01 6.505097239774980267e+01 7.888180528847243522e+01 7.846080246646802436e+01 7.666374133362359089e+01 7.300049664537340277e+01 5.712469742594187494e+01 3.700233324012020830e+01 5.498845763735037195e+01 5.131173138594493821e+01 3.186978267157414990e+01 3.302581563295397160e+01 4.866246366195687756e+01 5.324640315852785477e+01 3.561862575033168810e+01 5.334659672172189460e+01 6.171439016413540912e+01 4.588873919396230860e+01 2.618814465567198013e+01 4.040382814905883890e+01
6.532728793604015038e+01 7.127824363311708566e+01 5.698405910927649387e+01 5.918035717960938058e+01 6.875658479073469209e+01 6.875658479073437945e+01 7.478424465128416898e+01 6.637319753514113074e+01 5.001465825918576513e+01 6.398643457665501444e+01 8.101382546285111630e+01 7.499360526901705271e+01 9.555037058294860230e+01 1.011637391926332867e+02 8.167967142417442972e+01 6.786551278313682189e+01 6.090549673528933283e+01 6.708502602199376952e+01 8.343902349307853683e+01 9.271263817919613359e+01 9.369107144480105376e+01 8.375964999070728823e+01 6.485587093739513875e+01 4.507243215890099464e+01 3.858561180735646445e+01 5.853535211030447272e+01 5.167199701465814599e+01 5.263865267162007200e+01 4.205691784288354995e+01 6.224667027878997061e+01 5.964442058533445135e+01 4.082227212627088164e+01 5.967692528190187318e+01 5.361920983218600867e+01 3.392744286209143212e+01 4.588873919396230860e+01 4.573191091206953729e+01
5.710983562015083237e+01 6.945986931133309383e+01 7.711875783313655575e+01 7.934902034375414814e+01 8.780426387167214841e+01 8.905590265644464409e+01 8.069782741665439119e+01 6.053393884808900793e+01 6.991977561541723674e+01 5.391758012166946656e+01 6.082642932839940642e+01 7.499360526901705271e+01 9.555037058294860230e+01 1.005964982434485933e+02 8.111258166560179461e+01 6.729489476378887503e+01 8.048473884275250612e+01 8.662355010071365768e+01 9.472161279908019083e+01 9.951894489241175279e+01 7.964705472192618174e+01 6.560076891717702097e+01 5.569608219206007504e+01 6.005402395633609558e+01 4.018825802312189666e+01 5.997723278649848311e+01 6.976880613811742649e+01 7.094264568112031100e+01 5.688020166051369131e+01 5.912350546238934612e+01 6.785989823985673297e+01 4.888493020028007408e+01 6.514096447813882662e+01 4.518470003900596055e+01 4.777710306706122623e+01 5.361920983218600867e+01 6.513315337446955766e+01
