MOVIE_S10_data/elevation_000051.asc
nrows	100
cellsize	150.0
xllcorner	0
ncols	100
yllcorner	0
NODATA_value	-9999
[rows 0 to 16 of 100, columns 0 to 36 of 100]
8.271705653423140625e-02 1.985629500739987208e+01 3.110167230626314705e+01 3.623930694965478949e+01 4.194420665733996856e+01 4.851320357883451351e+01 5.669062941715980486e+01 6.653813501296160382e+01 8.506612051976775035e+01 7.686557309269721827e+01 7.545340228471555122e+01 7.545340228471555122e+01 8.366539874640123742e+01 9.062797630863116183e+01 8.232788001841574044e+01 8.272369516533170497e+01 7.442091476259226113e+01 8.272369516533170497e+01 8.877622394287978125e+01 8.290484107682368631e+01 8.140752661498514442e+01 8.140752661498514442e+01 1.014559778096572700e+02 9.774414503565252232e+01 1.035998476702358175e+02 8.948613057888002231e+01 8.123254161145544572e+01 8.948613057887843070e+01 9.143925982093519167e+01 8.559505681558172796e+01 8.956625864193874520e+01 9.391302129409439203e+01 9.890596211001069094e+01 1.047642301402450471e+02 1.052320085932892795e+02 1.135226635772384327e+02 1.138846953198433454e+02
7.813061968023242432e-02 2.007813061967987878e+01 1.109194605390826815e+01 1.642839833078985379e+01 2.218185436574882630e+01 2.880621281435085379e+01 3.868518307470588979e+01 5.834122408296317275e+01 7.337605242334416289e+01 5.643141862514115559e+01 5.496427346619060472e+01 5.496427346619060472e+01 7.545340228471555122e+01 7.906151570440846399e+01 6.229604969828194783e+01 7.271885643449785164e+01 5.442573792032979441e+01 7.271885643449785164e+01 6.873838491734136369e+01 6.287044664531989469e+01 6.137585473300187999e+01 8.140752661498514442e+01 8.623080649029313349e+01 7.780245771034890367e+01 8.364324269962844483e+01 7.962938430855329841e+01 6.160704206614972378e+01 7.962938430855217575e+01 7.160383633237145773e+01 6.580848305407350551e+01 6.971024951015348847e+01 7.399365241258446702e+01 7.893419884634543848e+01 8.478379287402071895e+01 8.522729312203043150e+01 1.052320085932892795e+02 1.056385398501477653e+02
2.526786264046545702e-02 4.025208723819358347e+00 1.108310268434524382e+01 3.067209551904968379e+01 4.194420665733996856e+01 4.851320357883451351e+01 5.669062941715980486e+01 6.653813501296160382e+01 6.506790851019131594e+01 4.419689290631304601e+01 3.993861373760405797e+01 5.301802203303130767e+01 7.360951137071268136e+01 7.076249739072559919e+01 5.081688951917600150e+01 5.924689531693572775e+01 4.454455711688577679e+01 6.442332634146100645e+01 6.023909066020102188e+01 4.880577305180745640e+01 6.873838491734136369e+01 8.044974232252901913e+01 6.639234268322407218e+01 6.382797784888966675e+01 8.364324269962844483e+01 7.141979183880263804e+01 5.202862436350346798e+01 7.141979183880263804e+01 6.656476855499047929e+01 5.208761075016418118e+01 5.591542191165157050e+01 6.011384065385326636e+01 6.496022330202781347e+01 7.115550653278400262e+01 8.263104974862956453e+01 1.026369512382931219e+02 1.057450060944950678e+02
4.163169627051844027e-03 2.000416316962669683e+01 3.067209551904941378e+01 2.338975417255981526e+01 3.418360406588150369e+01 4.693830423223248260e+01 6.513746894503145768e+01 6.095265406239329309e+01 6.770923950840358430e+01 4.693272050695951947e+01 3.187589565820577420e+01 4.693272050695951947e+01 6.770923950840358430e+01 7.336230910678679606e+01 5.340009948667119488e+01 3.946875083263281425e+01 3.765015825412432093e+01 5.300955427119331631e+01 4.044018985738117067e+01 6.023909066020102188e+01 7.204528563967812715e+01 6.383366543182234665e+01 5.257531293871761591e+01 7.220289420399076619e+01 7.225268840114767954e+01 6.314344382294432734e+01 4.569170916398739024e+01 6.192679336264672685e+01 4.716272631753721356e+01 6.079832887440750255e+01 7.552593993755142776e+01 7.399365241258446702e+01 8.478379287402071895e+01 9.108653862785483568e+01 9.937497834963440368e+01 1.109265803422465524e+02 9.748717765417222836e+01
5.883922493566802470e-02 1.420097532106294835e+01 3.420111628113566127e+01 4.212511275101577723e+01 4.399201739520395904e+01 5.342706937346843432e+01 5.513698551866281150e+01 4.087444813310223424e+01 5.513698551866281150e+01 4.829049885673124010e+01 2.724236024166825842e+01 4.194424628207814010e+01 5.048685679340412946e+01 6.250715370882326738e+01 6.753065694383609241e+01 5.081346613890261210e+01 3.123145215672684927e+01 3.337285184108777969e+01 5.300955427119331631e+01 6.852542776123269164e+01 6.383366543182234665e+01 4.437749375989242395e+01 6.383366543182234665e+01 7.368311531575348283e+01 5.941539873726690502e+01 4.561930210252283047e+01 3.968003182524572026e+01 4.261502479680087419e+01 5.618865386771713588e+01 7.477177075235572090e+01 8.874521263030395346e+01 9.391302129409439203e+01 9.407134205099004021e+01 9.874779309914431735e+01 9.063147413500750815e+01 9.874779309914431735e+01 9.278618952513696172e+01
1.256007409845548775e-02 1.858036421337413557e+01 2.455246400188599054e+01 3.266353301482708105e+01 2.248747625900948321e+01 3.813008868339062474e+01 4.623125910248629822e+01 2.708208141619654086e+01 4.626524667091652532e+01 4.501525820582791937e+01 3.645814729617899275e+01 2.111000429415697610e+01 3.306277353805764108e+01 5.407604334601735019e+01 5.538341599435036500e+01 4.663856672213260168e+01 2.716070559031570042e+01 4.663856672213260168e+01 6.127385051617336842e+01 7.399793846191749935e+01 5.896962251383988018e+01 3.960638701462038114e+01 5.896962251383988018e+01 5.985736219763693811e+01 4.603160907753141373e+01 3.598091892760412946e+01 5.523557142750147619e+01 5.579708124605343045e+01 7.010499044950849168e+01 8.402132708776431969e+01 9.080088396577109222e+01 8.265996722121744256e+01 7.430626106161111011e+01 8.414276689026733891e+01 7.083327643892467052e+01 8.887852108715132715e+01 8.447294561328114071e+01
9.594114293757748102e-02 6.984163066587435464e-01 1.301165627097226052e+00 2.154950167552567919e+01 1.138206349909176929e+01 2.962306086400024085e+01 2.895033634027836911e+01 1.878235544114012612e+01 3.793667305377650933e+01 3.138333796371723494e+01 1.584186590905729020e+01 3.448613647799745507e+01 4.931906886547511704e+01 5.321121175273703585e+01 3.568734079202635456e+01 3.969287885290864182e+01 2.426630401017067484e+01 3.792990149543141598e+01 5.763765436726465197e+01 6.578259157083951436e+01 4.628801342686553966e+01 3.523085410367929171e+01 5.452739163167785819e+01 4.844127833293290308e+01 3.249703920667410273e+01 5.172797767355253740e+01 6.338341049842954078e+01 7.439432637145098681e+01 7.802621365758631100e+01 7.652018961231576100e+01 8.265996722121744256e+01 6.277384870545072459e+01 6.018199817363068149e+01 6.427371653427113074e+01 6.082835073961536665e+01 8.073237528696604670e+01 8.158774432390602271e+01
7.711341127313005306e-02 6.095554098464436521e+00 1.605534367723678102e+01 2.155705910168658868e+00 2.761065938357486260e+00 2.280378067803734865e+01 1.002011029822912569e+01 2.872203838143308019e+01 2.651940492986264175e+01 1.087801486636477399e+01 3.130141483967130256e+01 3.736856994053341907e+01 4.547716921964873649e+01 4.261270868374605669e+01 2.358662240218667705e+01 2.026240617676948830e+01 3.141560185283157480e+01 5.099561106562142498e+01 6.257250515628030030e+01 5.441534436884107606e+01 5.058850240283930333e+01 3.133105398710087997e+01 4.524744719533561721e+01 2.921566130112124071e+01 4.844127833293290308e+01 4.784234670885281560e+01 6.659407364853821321e+01 6.903795925627929364e+01 5.537288401780409686e+01 5.652696513900510666e+01 7.080307676066637157e+01 6.859835796723946544e+01 4.852587672036185751e+01 5.004244883913710140e+01 7.009322664780550838e+01 7.744911021196348599e+01 6.756441318582758981e+01
2.297228869525369793e-03 1.234694620481113070e+01 2.375449782047591185e+01 2.219698626861519131e+01 2.157437568873515232e+01 3.623096610635592185e+00 4.244179802108519972e+00 5.063340767685081900e+00 5.961903419942457205e+00 2.610126279237275781e+01 1.970651030009508986e+01 1.932893959639824288e+01 3.541294485127166070e+01 3.245697236931489016e+01 1.639414938239129071e+01 2.412894616562590144e+01 4.426715476355041545e+01 5.922986367266577901e+01 5.441534433395082715e+01 3.505847642482883941e+01 4.072797174832883371e+01 4.256036297306606286e+01 2.601338942528440867e+01 4.524327942166412697e+01 5.655690959556908126e+01 6.659407364853821321e+01 6.861317048535603647e+01 5.830786208651796443e+01 4.042971541311407435e+01 4.286292619862082631e+01 6.238132668655530466e+01 6.190739202480308734e+01 4.211226855098480826e+01 6.190753088494683709e+01 7.827655323392586695e+01 6.918484517688392543e+01 4.948901730890713679e+01
9.647730019007895452e-02 2.009647730018869183e+01 3.695931170954168721e+01 2.879446694739201718e+01 8.894817866621753666e+00 2.366479871252258604e+01 9.289705221856490169e+00 5.323939296623542816e+00 2.169378575156183331e+01 6.976057640565215046e+00 7.644635397720686676e+00 8.313759100299440874e+00 2.811122487226225175e+01 1.280670022227749349e+01 3.245697236911397709e+01 4.255502838288744272e+01 5.441058194648399393e+01 5.777776248147865346e+01 4.627937066129169352e+01 3.819981243922359937e+01 2.143851037766761181e+01 2.330448503186045883e+01 3.688847157154399525e+01 5.335074441693826230e+01 6.401535952842696986e+01 5.578989197706193437e+01 4.572659082170022771e+01 4.416693446878339557e+01 3.094502766502505153e+01 5.003512679677365327e+01 6.046257138653646024e+01 5.786635671226729016e+01 3.863290731241513498e+01 5.256506011823342561e+01 6.104580344213231768e+01 7.744911021196325862e+01 5.781831470022165576e+01
3.582433992925927735e-02 1.417795996366033506e+01 3.417795996366103850e+01 3.253759232224390985e+01 1.273150890082907694e+01 3.253759086847389170e+01 1.849285826834261925e+01 2.517969143747427552e+01 3.089245144549531119e+01 2.667720249191218329e+01 1.327022463168068178e+01 2.810176740076812507e+01 9.257471950382537784e+00 2.901008666826610849e+01 3.811332065108204148e+01 4.822852147187322913e+01 4.644073422342243163e+01 4.957494228925028068e+01 3.009528646542850794e+01 1.884901919508894608e+01 3.819981282470551776e+01 3.452916426065329603e+01 5.064708198395805994e+01 6.441866398071466904e+01 5.578613499090940309e+01 3.656190833297068110e+01 4.165295938481971660e+01 2.452443018836966715e+01 2.548392540623136426e+01 4.444732798950742847e+01 4.112690985398497645e+01 4.775083618414652875e+01 4.863354791649964426e+01 3.404101839891520598e+01 5.257553847572047800e+01 6.243293322869490680e+01 5.425332871676626922e+01
1.813270376062421294e-02 1.416026832749169984e+01 3.416026832749240327e+01 3.648719927678196484e+01 1.673920376763451401e+01 3.648719927678196484e+01 3.880381177749291766e+01 3.880431741233928022e+01 4.112004765920100624e+01 2.169572035805844479e+01 3.284026163984074742e+01 3.712328493902391813e+01 2.901007301974230046e+01 1.022706431782983749e+01 2.994102928158106280e+01 3.006930966321868226e+01 2.699413876519439981e+01 3.336207105057835776e+01 3.221718234633186739e+01 1.705503637365858793e+01 3.645680696246049024e+01 5.371819651150539698e+01 6.184809825061153532e+01 6.064908500066727726e+01 4.871145486749040288e+01 4.080623180039672349e+01 2.316699039105220592e+01 4.035907677810297400e+01 4.423693170076583669e+01 2.685826857270520307e+01 2.783420645052451903e+01 2.881248097296291633e+01 2.979469051131227175e+01 3.077796938949071404e+01 4.972113380504437430e+01 5.222089500320874578e+01 3.524165498912826422e+01
2.372884694381488524e-02 1.416586447067489019e+01 3.416586447067559362e+01 4.069391119297213777e+01 2.096272778047855567e+01 4.069391119297213777e+01 5.573383029154007318e+01 5.902168711245262500e+01 4.757793882160529364e+01 2.820426533452608808e+01 4.757793882160529364e+01 4.766488557422071182e+01 2.837034847801805526e+01 1.456800968699894661e+01 1.120079078516333482e+01 2.811214602991284295e+01 1.314656890650540255e+01 1.383687241360095577e+01 1.452757899391768603e+01 3.263345794341718431e+01 3.950392843359395556e+01 4.507371635282887468e+01 4.186717159568286917e+01 4.655791091235396806e+01 3.412826502486237956e+01 2.181206413077529405e+01 4.086965421594516101e+01 4.872927313320636955e+01 5.318211636446106638e+01 3.623688276664519492e+01 4.677918739005419724e+01 3.961341217912748647e+01 4.872897746660479612e+01 3.712534586505206136e+01 3.222827037540620410e+01 3.326006822248974970e+01 5.222089500320874578e+01
8.175220331382776484e-02 1.422388782704490318e+01 3.422388782704560839e+01 4.893724709601179512e+01 4.069391119297213777e+01 2.770135818866787147e+01 4.747687856529619665e+01 6.422041325225502817e+01 5.557947697624801719e+01 3.791601765418395331e+01 5.557947697624802430e+01 4.051745187655982505e+01 2.128188941568616599e+01 3.386816727964484386e+01 2.060057978585712490e+01 1.217001719277688387e+01 3.187489087141757693e+01 3.336220004150059282e+01 3.360871724678698769e+01 1.558797055154287570e+01 2.937066160062393294e+01 3.652341844926228021e+01 1.850742545568591524e+01 3.802144027173066831e+01 2.070433868121450516e+01 3.978263177352272351e+01 2.370671401769483921e+01 4.191330523083380655e+01 5.253049438394943138e+01 5.537262368836379522e+01 5.537262368836379522e+01 5.310542432968165372e+01 6.308837647619436950e+01 4.391977793275727038e+01 5.117997569376579037e+01 5.205293155858491616e+01 3.537738931467389847e+01
9.124702163186203252e-02 1.163825240542447936e+01 2.578038802915568084e+01 4.578038802915638428e+01 5.573724962789300719e+01 4.164897599297604813e+01 3.608494247501060670e+01 5.594541064900159455e+01 6.523994365988268385e+01 5.161475164369578295e+01 5.629768633784124887e+01 3.697092511203002374e+01 2.680144022512164881e+01 4.509373316036185741e+01 3.688730035942614904e+01 1.676841445579059808e+01 2.836648131253371119e+01 4.929556534572446225e+01 4.393869176329311443e+01 3.543088443943286592e+01 1.665165936009901415e+01 1.742096652753279074e+01 3.073866251000545802e+01 1.959629720522435647e+01 3.327990484374894464e+01 4.598931593872462997e+01 4.258023186923684733e+01 2.559613450657107592e+01 3.896216445455001320e+01 5.867009298379048232e+01 7.497806898195385372e+01 7.277687194834675211e+01 7.159903630343552550e+01 5.753047666458119380e+01 6.825766243933101407e+01 4.866392911882195449e+01 5.439693860109231593e+01
2.239863785106879432e-02 2.002239863785071350e+01 3.464802316327175902e+01 4.293229441073395947e+01 5.293229441073413710e+01 6.154667999558056124e+01 5.010094128897141275e+01 4.751544054255764138e+01 6.746096396754742841e+01 7.082007284614245179e+01 6.448071997013379075e+01 5.166544385943444695e+01 3.255939507972995983e+01 5.166543794124473976e+01 4.316159089920046910e+01 2.209696054782485675e+01 4.316029756412496710e+01 5.799741461664812192e+01 4.571159031846341492e+01 2.482336699241974998e+01 3.731149027373113825e+01 1.807545159038410176e+01 3.953537628209330279e+01 2.358816323417529404e+01 4.239119194970423621e+01 5.469545895108353051e+01 4.586890158599032219e+01 2.693691745297721596e+01 4.577879976480131319e+01 5.587138859268912228e+01 6.961155518425167088e+01 6.817248756365223983e+01 7.632967469982459363e+01 7.741041961158444451e+01 7.655429822053135069e+01 6.826846977520592930e+01 6.231145661271725800e+01
1.766589122093755945e-02 7.088733703086443683e+00 1.464802316327105558e+01 2.464802316327123322e+01 3.879015878700268161e+01 5.879015878700338504e+01 7.005520784286039770e+01 6.746096396754742841e+01 6.379180916733041329e+01 8.378683061579680214e+01 6.542046135640865145e+01 4.596792906150850655e+01 4.346958579122308208e+01 5.981458862376132402e+01 4.988478889397612193e+01 2.815694853200021441e+01 4.988209035421066062e+01 5.585184782568957473e+01 3.514046570599479224e+01 3.960050605758306119e+01 4.572127582000879897e+01 2.518569932892948060e+01 4.572100638578709919e+01 4.249726316756119360e+01 2.951297626397280993e+01 4.837742459018957675e+01 5.395321704215754721e+01 3.777454749764592634e+01 2.885245146413508266e+01 4.212996435634958203e+01 5.597069877589543552e+01 4.887978697829877461e+01 6.244328237757834188e+01 8.200401242549035885e+01 8.620370970874834882e+01 6.592326520294052727e+01 5.182451006521302617e+01
