MOVIE_S10_data/elevation_000898.asc
nrows	100
cellsize	150.0
xllcorner	0
ncols	100
yllcorner	0
NODATA_value	-9999
[rows 0 to 16 of 100, columns 37 to 73 of 100]
1.200471987588578173e+02 1.118019317709832592e+02 1.200471987588578173e+02 1.214299627175891061e+02 1.133279050727651622e+02 1.117410992759158574e+02 1.150783240916370431e+02 1.190301335077423914e+02 1.232502900429797279e+02 1.279292579545157196e+02 1.301139884637192949e+02 1.383772760317963275e+02 1.427923885151910781e+02 1.428424519017821694e+02 1.230771299213892007e+02 1.089930046701976636e+02 1.126398147322219074e+02 1.062973282735415523e+02 1.010945098564606468e+02 9.632775342064131507e+01 9.190330500949676207e+01 8.776124779226316264e+01 9.606909809977392456e+01 9.290912060574292752e+01 9.878888196686385470e+01 1.008835243143011127e+02 9.259054884399976970e+01 1.008835243143011127e+02 1.124847486732958401e+02 1.000025654618699917e+02 9.155295262414648505e+01 1.000025654618699917e+02 1.022561343820061381e+02 8.835412912029040911e+01 7.993999059236158189e+01 7.993999059236158189e+01 8.209276300324566478e+01
1.078789874429636200e+02 9.206726162120919810e+01 1.089235523385367088e+02 1.102251013024444433e+02 9.372238067083650037e+01 9.199876556846591313e+01 9.533503582769026252e+01 9.927108642721545095e+01 1.034560013211804232e+02 1.080780783193075223e+02 1.102466251180209298e+02 1.264633876312697538e+02 1.227935284276592256e+02 1.427923885151910781e+02 1.267041340838631527e+02 1.068141829112374950e+02 9.258311149401055218e+01 8.614689919084811720e+01 8.087087505625916606e+01 7.605238366814469941e+01 7.160248790238902927e+01 6.745796721713119837e+01 8.223317628681546410e+01 7.266228486127482711e+01 7.859244575325928395e+01 8.246080102567817960e+01 7.233105320735661792e+01 8.406766860221179627e+01 1.042330197676947137e+02 8.976906132435729546e+01 7.105784477812692046e+01 8.976906132435729546e+01 8.179307660461945773e+01 7.993999059236158189e+01 5.966791278520340569e+01 5.966791278520340569e+01 6.181196959261649937e+01
8.816367071078924766e+01 8.219169867957324982e+01 8.916822855321348129e+01 1.014034550978988420e+02 8.233136268864417673e+01 7.801237824596519488e+01 8.137841600965232658e+01 8.535504607712751124e+01 8.957620883832854020e+01 9.421184732492639569e+01 1.001017934063874719e+02 1.066088904013468834e+02 1.206055951210429384e+02 1.406053497550266798e+02 1.288662586971195765e+02 1.089930046701976778e+02 1.062973282735437692e+02 1.062973282735437834e+02 1.010945098564627500e+02 9.632775342064131507e+01 9.190188789598424535e+01 8.221421857793460219e+01 6.195720403142599508e+01 5.834555793558148196e+01 7.382045119250999221e+01 6.219738444963832791e+01 8.246080102567817960e+01 1.008835243143011127e+02 1.005319825338054613e+02 8.130539870113665302e+01 6.097139514090688550e+01 7.113839692102183676e+01 6.739680597347889091e+01 7.993999059236142557e+01 5.966791278520340569e+01 4.542052679513153635e+01 4.755310506571382945e+01
1.063538421882408045e+02 8.660947924052395308e+01 7.516450610644204744e+01 8.911869951915069521e+01 7.344569226798350314e+01 9.324770350433328758e+01 1.011177110772795231e+02 9.278182268378587594e+01 1.092536142590310817e+02 1.138923542199076877e+02 1.198452218879620546e+02 1.264633876312697538e+02 1.347364285061648843e+02 1.320946107610882905e+02 1.239328307600980850e+02 1.288662586971195765e+02 1.262128694140297398e+02 1.110168763162463961e+02 1.027445127693868301e+02 1.019265911980677970e+02 9.606635524217146838e+01 9.055170454961344717e+01 7.820909638435493605e+01 6.985760438152398422e+01 5.361309302418414546e+01 6.525795063823842668e+01 7.960162066646635992e+01 9.979813462101823518e+01 9.208473888960796216e+01 7.164947122624904807e+01 6.003412544479012070e+01 5.110535827332335401e+01 6.516969515618809794e+01 8.554811767144209966e+01 7.038364146823978729e+01 5.016965545848884744e+01 3.596688793049289501e+01
1.145850288141142670e+02 1.031640585247817796e+02 8.911869951915041099e+01 6.930185081837781524e+01 8.583475799617124835e+01 9.403938654097088090e+01 1.062909038301019820e+02 1.125047463859039283e+02 1.066955315226328054e+02 1.265294316955523328e+02 1.256992376067764638e+02 1.174666025381054197e+02 1.256992376067764638e+02 1.239328307472302271e+02 1.040652139482311327e+02 1.098843041906232116e+02 1.180799140987591755e+02 1.027445127693868301e+02 8.255331844578986988e+01 8.170752394852875966e+01 7.577701615259391588e+01 7.646982384189004733e+01 6.985760428108788744e+01 4.967695744178010386e+01 6.985756348066381349e+01 7.824821986597318357e+01 8.658144241561139154e+01 9.720156372642573217e+01 9.426949460643004386e+01 8.028643160320561378e+01 6.003412544479012070e+01 4.604263893893106996e+01 6.003412544479012070e+01 8.028643160320562799e+01 6.625747885226907385e+01 4.606966963072576249e+01 3.188409881700214044e+01
1.052090672208821047e+02 1.051795822430042904e+02 9.583530292456985933e+01 8.549773605345768601e+01 6.601748607503093069e+01 7.752370808372552347e+01 9.773254177695497447e+01 1.118312228998025688e+02 1.265294316955523328e+02 1.347859619407678338e+02 1.158805767061521550e+02 9.792787078676546741e+01 1.158805767061521550e+02 1.229218472515739791e+02 1.098843041058566143e+02 8.980700553318477830e+01 1.098843041800901830e+02 1.027445127693868301e+02 8.255331844578986988e+01 6.817461112567369241e+01 6.143241658135355721e+01 5.623862469558369526e+01 5.150650711948308924e+01 4.701658069087775260e+01 6.395502493836204394e+01 5.803485466439723695e+01 7.824826700869672891e+01 7.739057333100213043e+01 7.408927823732189211e+01 7.615244691964369395e+01 5.599513119452979737e+01 4.200046989168003364e+01 5.658094709303753689e+01 6.494882336346320528e+01 7.198043051647815105e+01 5.194987162418104987e+01 4.663564394549665337e+01
8.505446823272200163e+01 8.504523185088420689e+01 8.510025733107443102e+01 7.862650938035572779e+01 6.379829537618243762e+01 8.246601009437560492e+01 8.553746365979048960e+01 1.039265202382669742e+02 1.118855483545072644e+02 1.200727340417422795e+02 1.076972366624354294e+02 8.821140324631973328e+01 1.076972366624354294e+02 1.147398364238072617e+02 9.473817404478087667e+01 8.301104362103957612e+01 9.556423539816836410e+01 1.038243993106699321e+02 9.678509738101821824e+01 8.846718234291603267e+01 8.170485173211540086e+01 7.646982384189004733e+01 7.170075145398479322e+01 6.395521426774600826e+01 4.379850622499080970e+01 6.093359172206061913e+01 6.688843890233447098e+01 6.322405486820768061e+01 5.978997527304279913e+01 7.667215438890542600e+01 7.029621377410468597e+01 5.658094706487915460e+01 3.667608778862715724e+01 5.168070947399784387e+01 5.677604679144699418e+01 6.331949632994074761e+01 4.818829699465867833e+01
7.981606541588111270e+01 7.084252112073750141e+01 6.551646544469339517e+01 6.069238843226408164e+01 7.628301056193411966e+01 7.026376925349580915e+01 9.016457837220221450e+01 9.802537825230393764e+01 9.228430781917326442e+01 1.118855483545072644e+02 1.012019588570635307e+02 8.166944585183354377e+01 1.012019588570635307e+02 1.144875050165581314e+02 1.114159191876205028e+02 9.556423539816836410e+01 7.528937388069738290e+01 9.556423539816836410e+01 9.810995928374038044e+01 8.982413161665512291e+01 8.695891328128574571e+01 9.525536125470139837e+01 7.824822707722529458e+01 5.803485451599808442e+01 6.093359597875158329e+01 4.078500619923351422e+01 4.681019002228583759e+01 5.668417771459606058e+01 4.815499145615101639e+01 6.833113067073000479e+01 6.671313082858094390e+01 6.494882226742080888e+01 5.168070947399784387e+01 3.175810550513292441e+01 3.782640146689997351e+01 5.268509437737335332e+01 4.322214561784817022e+01
9.929283895581822605e+01 8.974943114807165045e+01 8.227833581910866201e+01 7.766807135139534068e+01 5.788069892387733262e+01 7.772164669008995475e+01 8.754319705963783349e+01 7.841501290778299449e+01 9.802537825230393764e+01 1.040753949042263145e+02 9.556340803630376968e+01 7.596322792161048199e+01 8.673357618293444204e+01 1.063052191758762461e+02 1.051567708934625784e+02 8.501284340227950054e+01 7.061468714781028666e+01 8.479273282218565555e+01 8.114825732735019415e+01 6.956397846862944334e+01 6.669843901634884276e+01 8.359704656988596128e+01 8.658094367570868144e+01 7.824822707726288229e+01 6.864680812252343856e+01 5.795704730345889999e+01 3.782356394543009515e+01 3.655130982139840512e+01 5.484176422902535819e+01 5.367370862894735950e+01 4.654500201663017833e+01 5.124015782976182720e+01 4.850760458589677881e+01 2.843245014230937073e+01 2.741232693069392923e+01 4.462351545465006097e+01 2.457131078545490510e+01
1.089537172941446386e+02 9.226409158577644121e+01 7.295105529130827904e+01 7.110373067440346517e+01 5.596345888397724622e+01 7.581035115363994237e+01 6.785092472542780229e+01 8.754319705963783349e+01 8.446193385289691946e+01 8.446193385289691946e+01 9.032503957516712489e+01 7.066348039851206408e+01 8.459513702272730029e+01 1.041582480283435928e+02 1.065412099923283762e+02 8.641787437572517661e+01 7.466246875729443389e+01 6.450115205089170445e+01 6.088055561749477818e+01 5.786546264212636714e+01 5.496250133017214523e+01 7.139065145662416967e+01 6.896638661050080543e+01 7.104344736554915585e+01 6.030584414735163534e+01 4.015790327417992955e+01 5.795712986235011499e+01 5.490464337033690612e+01 3.478319845440013580e+01 3.356366016494117588e+01 3.235193871423131640e+01 3.114952180222083200e+01 2.995353900674706438e+01 4.843350355845909405e+01 4.555002399345228525e+01 2.597625482558721544e+01 4.403885833079640122e+01
9.629143651615277122e+01 8.119535964299313946e+01 7.313138121094634414e+01 5.326367939774286953e+01 7.065755652749763271e+01 5.894713728128501629e+01 7.873654512600678856e+01 7.204296168516688681e+01 6.474608467834043779e+01 7.729726534748510858e+01 8.034685869754724763e+01 6.633184482844683316e+01 8.029573444745086874e+01 9.988922721592942366e+01 1.147557552315639384e+02 1.012715030756431531e+02 8.108921360163104453e+01 6.951401779903882527e+01 8.114825732735019415e+01 7.812692674281944960e+01 7.139065145662416967e+01 5.096987431773408161e+01 5.057808246436764676e+01 6.268930089839822273e+01 4.253534533054858713e+01 6.030584414735163534e+01 6.864412746970999990e+01 6.059244309583014143e+01 4.132329337081704779e+01 5.367370815975841936e+01 5.245208495375242563e+01 5.123799936308039804e+01 3.242784919232526164e+01 5.251635792569705075e+01 5.378574766118681794e+01 4.603390711302747462e+01 3.353596080079137920e+01
7.835478007221213659e+01 6.847146638394265494e+01 6.144128299617121769e+01 7.065514565574069650e+01 5.073467297957148503e+01 6.831773266799076794e+01 6.847046300661530438e+01 5.215213111269309110e+01 5.476622001074986912e+01 5.750595590695343873e+01 6.059232885506092714e+01 6.556422474965681602e+01 8.528679196135992413e+01 1.011025201598060050e+02 1.124100731223289387e+02 1.095116814413545825e+02 9.620125799621737883e+01 7.594893991754388196e+01 9.620125809997030331e+01 9.151444498101848524e+01 7.000727987864792112e+01 4.948550826254540880e+01 4.702564329331692505e+01 4.502906353493924030e+01 4.888572765854708990e+01 6.878539649815725454e+01 7.477839662032714330e+01 5.471642875078909896e+01 5.471642875078902790e+01 6.898537292582919633e+01 5.626003267772392036e+01 3.614097061644264386e+01 5.252438231122881263e+01 4.662085135241382972e+01 6.677695525243113650e+01 6.028007090383614752e+01 3.988699858018620859e+01
9.629568057366326173e+01 8.815581091246865242e+01 8.119628112340055281e+01 7.881483098978564783e+01 6.831773271848531692e+01 4.834694882730494214e+01 4.850525819760368762e+01 6.847046305987721837e+01 7.460400926560998869e+01 7.729726534747184985e+01 6.688773852482810867e+01 8.523849203139327813e+01 7.334293862470167369e+01 8.471233812242915917e+01 1.042527754927267551e+02 1.103920823216698750e+02 9.032322625099371294e+01 9.032322625099371294e+01 1.044587541806514963e+02 8.590784130652731676e+01 6.550774975550092449e+01 5.097425306738517747e+01 6.769509907744316024e+01 5.401698390211176815e+01 6.878539649815725454e+01 5.954097944905987561e+01 7.940105158543092045e+01 6.873129176163421050e+01 7.477839661980873132e+01 7.321591594573891371e+01 5.304075095296998654e+01 3.881864215385862593e+01 5.894991998408496414e+01 6.677714695103232145e+01 7.508244013951392049e+01 5.653645132874119383e+01 5.182533552631009144e+01
8.594963958630813750e+01 9.420143516987707244e+01 8.441346379239548980e+01 7.625284780981310462e+01 7.228239121024350311e+01 6.409787019270844155e+01 4.599614305539610370e+01 6.599631807792781046e+01 8.473272790379235175e+01 9.464910391490759878e+01 8.656780881968420260e+01 7.829798130874816309e+01 9.297109871690240368e+01 8.387565438019120734e+01 1.034156837492762264e+02 1.185942821102779448e+02 1.103920823216698750e+02 1.103920823216696476e+02 1.000379367088444837e+02 7.993659191920218632e+01 6.558940949544545163e+01 5.382094330513198344e+01 7.415009742325968034e+01 6.566766085991396551e+01 8.256220496659400965e+01 6.943121825046371498e+01 8.771169761243625373e+01 8.937739918327581279e+01 8.708186950802725335e+01 7.544480447038614557e+01 6.174363646849882770e+01 4.160201700379892742e+01 5.164971853970141780e+01 7.173815705244896890e+01 8.561244731980667666e+01 7.717020273850413048e+01 7.326858807136073892e+01
6.605956857535515780e+01 8.280618043486094848e+01 7.625284396613903937e+01 5.640278780971501504e+01 6.221673336471539528e+01 4.409975332670722992e+01 6.388605876589582522e+01 5.676286516776443847e+01 6.826968048861203897e+01 8.795407459006348461e+01 1.059297098729992967e+02 9.215523414308177053e+01 9.786460328453733837e+01 9.768384856896211943e+01 9.982073919994077471e+01 1.194113526474192071e+02 1.125235880040820575e+02 1.025031612024248204e+02 9.425672903428463201e+01 8.659549318799268747e+01 7.698992975943828299e+01 5.672624147222929736e+01 7.698992975943727401e+01 8.590494765390201337e+01 9.418904481649954619e+01 8.346975117063387017e+01 9.770962376139902972e+01 9.309824976988777223e+01 7.880008690306787855e+01 5.859158181210630545e+01 4.696944822087706228e+01 4.633574262502771290e+01 6.645087261764369657e+01 7.156230861520997166e+01 9.079316912867349743e+01 8.668088972992983088e+01 7.515834853501986856e+01
5.606763868891485458e+01 6.289189331756129775e+01 7.625270688198918378e+01 5.640278747237401546e+01 4.224723662994706785e+01 6.042727579299624807e+01 6.880617467858422742e+01 7.658792017858186796e+01 8.473272789692009610e+01 9.609055057818187606e+01 1.072882720758000090e+02 1.116482396984340824e+02 1.173514248941327907e+02 1.172535579788791296e+02 1.194113526474193208e+02 1.184240703494873230e+02 9.849475600507172146e+01 8.418154103641631991e+01 7.398700424961322142e+01 6.630232847094437432e+01 6.178630820952317748e+01 7.698992975943707506e+01 6.411780683802976455e+01 8.439360412198939798e+01 1.012853632533419699e+02 1.036174820524569782e+02 1.001522789119841548e+02 8.488146490375952169e+01 6.467578735889298969e+01 5.302539310588904442e+01 6.713206808881759002e+01 6.651537165101412086e+01 5.367183789440026942e+01 7.388827572205229899e+01 9.280594333112699701e+01 7.841729699952868771e+01 5.845652853320481768e+01
6.030572123287890918e+01 4.873799535970017871e+01 6.269844949657505850e+01 6.617650956439322840e+01 5.799672815153896011e+01 4.045849819070014775e+01 6.066506004186852152e+01 7.758135901771420606e+01 8.585109785782643144e+01 1.014632532139433181e+02 8.734598838063845960e+01 1.014632532139433181e+02 1.066697493240697412e+02 1.066697493240697412e+02 1.149628310781380947e+02 1.213209240785606653e+02 1.014365000797722161e+02 8.715617128370271871e+01 7.539947037827504062e+01 8.659549318800421247e+01 6.788478242171181876e+01 8.817576507071451886e+01 7.847829798248315569e+01 7.277183926066970798e+01 8.714661224120695238e+01 1.072439500760190043e+02 9.202463596041464200e+01 7.183673818494428076e+01 6.014294173891106965e+01 7.322131618288435106e+01 8.151940955179648540e+01 8.217952903015114430e+01 6.268996639222928025e+01 6.446309264625652702e+01 8.478026114851905959e+01 8.100877761102782415e+01 6.104597155438052880e+01
