MOVIE_S10_data/elevation_000971.asc
nrows	100
cellsize	150.0
xllcorner	0
ncols	100
yllcorner	0
NODATA_value	-9999
[rows 34 to 50 of 100, columns 0 to 36 of 100]
2.064481644892168788e-02 2.002064481644856642e+01 2.656138516388545057e+01 2.413355089614918825e+01 2.784744020784340179e+01 3.778745833537885090e+01 2.509079622781135654e+01 3.509076897350779234e+01 4.923232799413724337e+01 6.922861963736296786e+01 7.291072324664233406e+01 7.877278149094949811e+01 8.128152704623819602e+01 6.859398624870975425e+01 8.128152704623907709e+01 9.433473488261822126e+01 8.741769597261944114e+01 7.742405131297162768e+01 6.188246865337229252e+01 5.283696014491220438e+01 3.348227784076507874e+01 3.382336195653880395e+01 4.270205024796305082e+01 6.272424043421943907e+01 7.390809194111318448e+01 7.035916130625318488e+01 6.465377920406166368e+01 5.745026900307987461e+01 3.768276098193211254e+01 5.104416629834676655e+01 3.167666891228980219e+01 4.548384280290173365e+01 6.538445823722199179e+01 7.598444741451041295e+01 6.769665986431778038e+01 6.173752764290920680e+01 4.178622915690723261e+01
2.905961989428186565e-02 3.273488042509526075e+00 6.561467788616657693e+00 9.991439491466772793e+00 1.370534625500559756e+01 1.778782915957303246e+01 2.933481532394582914e+01 4.933398341811737708e+01 6.337145871427293287e+01 6.711569314514811424e+01 5.300585704877569526e+01 5.883383006923006064e+01 6.916586584479667010e+01 5.220283930788210114e+01 6.381351890567938767e+01 8.158265801192284528e+01 7.913347772122719448e+01 5.915140034219670184e+01 4.913173669789350839e+01 4.097242141469030940e+01 5.341345581872213444e+01 3.813090702596764459e+01 5.813537840424363878e+01 5.904952458383891667e+01 7.907485091813030920e+01 8.093853573666284262e+01 6.449083208967589087e+01 4.461321034439112054e+01 5.746304403120711157e+01 5.461263903698590383e+01 3.481384765345653420e+01 4.359963422872271366e+01 5.767886278599207373e+01 7.763053278799752377e+01 8.020319694196332705e+01 6.024703301831539903e+01 4.613710858891949584e+01
3.542675937824442400e-02 2.003542675937788786e+01 2.656138516387119708e+01 2.413355089614918825e+01 2.784744020784340179e+01 2.933481532394582914e+01 4.607099331833297384e+01 5.761724819731662706e+01 6.235072565693640456e+01 5.883170162933893010e+01 3.898265386311483383e+01 5.882889713837367651e+01 4.927536168347377554e+01 4.302462321850336480e+01 5.311909276413639702e+01 7.327299117228474756e+01 8.741769597261944114e+01 7.362307545927401975e+01 5.362254617259187484e+01 5.511625295686476989e+01 6.273249589867015885e+01 4.269412533949373767e+01 5.426525712907588428e+01 7.429895914458212758e+01 8.737226554498958819e+01 7.262281541295863008e+01 5.270360567409366581e+01 6.449083208967589087e+01 7.278781350057559507e+01 5.830748339038624550e+01 3.841013761061513065e+01 5.830748339038624550e+01 6.352242509120664238e+01 8.349173701482327203e+01 8.760359158356708065e+01 7.079434945829120807e+01 5.084410386350774758e+01
3.411803931810562102e-02 1.427884096773248679e+01 3.506781783494142957e+01 4.413314231526031506e+01 4.784678472399975391e+01 4.933398341815038179e+01 5.761724822311720118e+01 6.099582375859978356e+01 4.249777317255598064e+01 4.251706823372571620e+01 3.192248230582188739e+01 4.815989464508844264e+01 3.512203473923912611e+01 5.512123541579443042e+01 7.151926801017269497e+01 8.158265801188719024e+01 8.922628057248640232e+01 8.191492787868526193e+01 6.777139807301126950e+01 7.511279326534774725e+01 6.809080208064872863e+01 4.804185617425238064e+01 6.809080208064872863e+01 8.259360864280640158e+01 8.329872092358291980e+01 6.332593056641898244e+01 7.262281541295863008e+01 8.093853573666284262e+01 8.057564882407456253e+01 6.288167585764528411e+01 4.294323314455814256e+01 4.902511143812493799e+01 6.053432146305691219e+01 8.048559839504092395e+01 7.929870401656330614e+01 5.935435195044826173e+01 6.236234321974767880e+01
3.327314952832965272e-02 1.956189372083320421e+01 3.028646318224004119e+01 4.415491773848328450e+01 4.720905542937772026e+01 5.536910420500843344e+01 5.789308569725191944e+01 4.704314348716444272e+01 3.302466147766551785e+01 2.255468340891480139e+01 2.523725739468903839e+01 2.823099319810942376e+01 3.224660302249669286e+01 5.213818015720156041e+01 6.307329685066039815e+01 6.933920437280389137e+01 6.933920437280389137e+01 8.646239273007579129e+01 8.775704564231249094e+01 8.224553027789123405e+01 6.222772168964590378e+01 5.962911628497642624e+01 6.222772168964590378e+01 8.224553027789123405e+01 9.164039880177615771e+01 7.482512470082032507e+01 9.164039880177615771e+01 8.639795110750191043e+01 6.643640899539134637e+01 5.233976939298467101e+01 4.998923582918045128e+01 6.896672328768323723e+01 6.896672328768323723e+01 8.879225029420699400e+01 8.635169092126172075e+01 6.640267243222369586e+01 8.231267452845129640e+01
6.779948344387334846e-02 1.828701543377210248e+00 2.191597933977117307e+01 2.429873063631024621e+01 2.739545790738009146e+01 4.720905544173614032e+01 4.391260222133801960e+01 2.987813759686138582e+01 1.889165360447455910e+01 3.880261198945532897e+01 4.516349083498735695e+01 4.815989464508988505e+01 5.213818015720156041e+01 3.828018688142628889e+01 4.326021439262174084e+01 4.952431394964673927e+01 5.836257369601544553e+01 7.238864216968643461e+01 9.229155515465573956e+01 9.054217794984577949e+01 8.224553027789123405e+01 7.379018978326381273e+01 8.224553027789123405e+01 9.054217794984381840e+01 9.233559772191708248e+01 9.487386862528835252e+01 1.032412219084430234e+02 8.639795110750191043e+01 6.643640899539134637e+01 7.228300931708764665e+01 6.150218681989057501e+01 6.408806269172659142e+01 8.404319438311981116e+01 9.726808138243190172e+01 9.467115151676259188e+01 8.048973572583062719e+01 8.267654174014855073e+01
9.516927588586144779e-03 1.903410960225555115e+01 4.348491347535807350e+00 1.329396902901933508e+01 2.879223185252003958e+01 3.070725211462941573e+01 3.266282327987589440e+01 1.574195590475327755e+01 3.569697165270635963e+01 2.598098384589374987e+01 4.587486410539054305e+01 6.187188626083786147e+01 6.634998755319746522e+01 4.820868859869512590e+01 6.307329685066039815e+01 5.942970160860038931e+01 7.757580637352407393e+01 8.646239273007579129e+01 9.016920627551785117e+01 8.534322744869251665e+01 9.372920586613456351e+01 9.379574019119945660e+01 8.904781885887965132e+01 8.067232659985121757e+01 7.213421955604808034e+01 8.034904038897680323e+01 8.872519407908205835e+01 9.471488865275773605e+01 8.639795110750191043e+01 8.975669455659867424e+01 8.144919733521707883e+01 8.404319438311981116e+01 9.235561745871804362e+01 9.383231952357544969e+01 1.023295504052722720e+02 1.005037041019090793e+02 1.027042318135137293e+02
1.945935296826603253e-02 2.001945935296791035e+01 2.429833313834631170e+01 6.963561151171914432e+00 8.845315639122359741e+00 1.076163077068337159e+01 1.270544834231371745e+01 3.266282327987589440e+01 4.392050663784090858e+01 4.587486410539067805e+01 3.382193809789688288e+01 5.365340564419642533e+01 7.178039649264125899e+01 6.803147765789286439e+01 6.803147765789286439e+01 7.928543650705977086e+01 8.753270249837181893e+01 9.016925029302099404e+01 7.004918459463830516e+01 6.524848076586518175e+01 8.210181421633460275e+01 9.591116968624139361e+01 8.067232659985121757e+01 6.052697932305385820e+01 5.791831160967826264e+01 6.020454459947794135e+01 7.708168768611464827e+01 8.716211627141804286e+01 9.795280997166183568e+01 8.947020918034452563e+01 8.947020918034452563e+01 8.778278854789802210e+01 7.926854119402078425e+01 7.323602669052384329e+01 9.383231952357544969e+01 1.004593621172965641e+02 9.215412075160622862e+01
5.600688922766024203e-02 2.005548368710227791e+01 3.512901292192145775e+01 2.109313960434215574e+01 2.297536884847702154e+01 3.070725211442134750e+01 1.771383941861648381e+01 3.760609913147696659e+01 5.384020622503395970e+01 6.187188570962543110e+01 5.365340564419642533e+01 4.375489740400620065e+01 5.774492404363717668e+01 7.757122751448686415e+01 8.791390382933097669e+01 8.444356620948835257e+01 7.620938174456189529e+01 8.444353920034238570e+01 7.374151105669871242e+01 5.367835455001297618e+01 7.374151105669871242e+01 7.570904520650452696e+01 7.970612059636171409e+01 6.642741483625171384e+01 4.633802126985384717e+01 4.862159170145264397e+01 5.865035863167916119e+01 7.878686201276154577e+01 8.947020918034452563e+01 6.898117866634210316e+01 6.898117866634210316e+01 7.926854119402078425e+01 5.885013064757514201e+01 7.204954291479947415e+01 9.258031915609105056e+01 8.926101474601667007e+01 7.302912509522359130e+01
8.215197286175310309e-02 1.422428759845275259e+01 3.422429100154051440e+01 4.097341911981912688e+01 4.283158863655471293e+01 4.577082006875858866e+01 3.760609913147696659e+01 2.588703138543000293e+01 3.993136445950680269e+01 5.959619484769115871e+01 7.178039649264340483e+01 6.355191388438669975e+01 6.355191388438669975e+01 8.339690228052803889e+01 8.733440702758024088e+01 7.444680594386457528e+01 5.616859312529918213e+01 7.444680594386457528e+01 6.739697151475523640e+01 4.733803692873483016e+01 6.739697151475523640e+01 6.152195603369663246e+01 7.134014743736526043e+01 5.123242786468559018e+01 3.964916954136177196e+01 5.973095036599718100e+01 7.708168768611464827e+01 8.716211627141804286e+01 8.646425971937748045e+01 7.498225986277395805e+01 5.466172957781075326e+01 7.204954291479947415e+01 5.174187612536486824e+01 6.604307866904942159e+01 8.655043035879798197e+01 8.111229936114324346e+01 6.310630896991412442e+01
2.613274238814250472e-02 2.002613134279225093e+01 2.992604049085652917e+01 3.547304311245871844e+01 4.375732838437373573e+01 5.375733611822220581e+01 5.384020717452586524e+01 3.993136445950680269e+01 3.846064668826187471e+01 5.239148536892768249e+01 7.199376511109917942e+01 7.544577580099119984e+01 7.544577580099119984e+01 8.364284490998853983e+01 7.787324781825151376e+01 5.894521644511083736e+01 4.570051677046131289e+01 6.618898465505199624e+01 6.183361614353992053e+01 4.177327207511255835e+01 6.183361614353992053e+01 4.995294190029692771e+01 6.833537282802889479e+01 5.563177398754557856e+01 3.554925174095677676e+01 5.563177398754557856e+01 7.346966478902689346e+01 8.183698596473070097e+01 7.797821248803016658e+01 5.761752908173507848e+01 4.755927865379149466e+01 5.985964364223787726e+01 4.637628676618380297e+01 6.077404569557035785e+01 8.205948870846576426e+01 8.339292045934773512e+01 7.071653596174131451e+01
7.532853315450405152e-02 4.926041033881185527e+00 9.926041033881228159e+00 1.547304299613356804e+01 2.547304299613374567e+01 3.961517862038162718e+01 5.961517941293437417e+01 5.959619484769115871e+01 5.813286017869401689e+01 6.628253297393119681e+01 6.958376826354593447e+01 5.552469161710366308e+01 5.552469161710365597e+01 7.544577580099119984e+01 6.959768050779662474e+01 4.913322775531521813e+01 3.796422285227654925e+01 5.894521644511083736e+01 5.681852452874901616e+01 3.676183996363372586e+01 5.013295644370158755e+01 3.992954289492355713e+01 5.463456294145996850e+01 4.649871895536212207e+01 3.170629010602209874e+01 5.176689077959846230e+01 5.334981291177746243e+01 7.346966478902689346e+01 8.646375984462324027e+01 7.422278284758260725e+01 5.391022255173245981e+01 3.968866031547301532e+01 5.985964364223787726e+01 7.510547143704650352e+01 7.899639987835111299e+01 6.463319192793618129e+01 6.442146925693448622e+01
6.101047412966256744e-02 2.006101047412930782e+01 2.992604111794358346e+01 3.547304311245871844e+01 2.812215363681804092e+01 4.226428926187954005e+01 6.226429033780888744e+01 6.639369707522307351e+01 7.438827875612930995e+01 7.377888882123149017e+01 6.135944208597620531e+01 4.135667866907719770e+01 6.135944208597620531e+01 6.452907465050884639e+01 5.614744365696121520e+01 5.288852480483861029e+01 3.153282014087404406e+01 5.288852480483861029e+01 6.432047719260621932e+01 4.425629293305246392e+01 3.013367902027910361e+01 3.178730427632810063e+01 4.208351469242541043e+01 2.655587777197484201e+01 3.248460366478047234e+01 3.915869744531293861e+01 5.334981291177746954e+01 7.346966478902690767e+01 7.424262307081514223e+01 6.576306368187709950e+01 5.649438986170006416e+01 3.635695239014258107e+01 5.187007177740316166e+01 6.027784245875113811e+01 6.281572012339061928e+01 5.442909055352367176e+01 4.556772418341178366e+01
6.842009524227352091e-02 1.161542547903489186e+01 2.575756110276609334e+01 4.575756110276680033e+01 4.812215395328099277e+01 5.640645046516829808e+01 6.300290881426691669e+01 4.649993186574550919e+01 6.300290881426691669e+01 6.556221215168189076e+01 4.555233819689367891e+01 3.490829468442471040e+01 5.503401289648694217e+01 5.614744365696121520e+01 3.504551813495085355e+01 4.122612902425426284e+01 2.637514426259968658e+01 4.176003487990536911e+01 6.256933126665249745e+01 5.846143112930411689e+01 4.423970180509853378e+01 2.442097133149244570e+01 2.246804198051724200e+01 4.219706010587336920e+01 5.254808653509454075e+01 5.924278107400566284e+01 6.759339943825386854e+01 7.754686181508543541e+01 6.576306367255251928e+01 4.542154207095082086e+01 5.137943577876502133e+01 5.187007177736541763e+01 3.178917342189360795e+01 4.748602161604824801e+01 4.277025610810864009e+01 4.981401237771216017e+01 3.589596995302396465e+01
1.934550753332892059e-02 2.001934550753297515e+01 3.184737743185987568e+01 3.891844524372654490e+01 4.720271649758791455e+01 5.874972188628648695e+01 5.490802637633598948e+01 3.490596703014354318e+01 5.490802637633598948e+01 6.338490941652901967e+01 4.335866823109585511e+01 2.879527418278602724e+01 4.922421848280255574e+01 5.722447049191251978e+01 4.121089178708467671e+01 1.989345892256977777e+01 4.122602657487778544e+01 4.908767168922607027e+01 4.683907281174114701e+01 4.729341300767391942e+01 4.453823150049842639e+01 3.624866780318637183e+01 1.970116834731387101e+01 3.343761347321596844e+01 5.341666560652502938e+01 7.278060553984836645e+01 7.160481283168093114e+01 5.719703870128142142e+01 6.429420673119592777e+01 5.131853508803117592e+01 3.123090699134611725e+01 4.480599399195684640e+01 4.571667702456466031e+01 2.746129454480830034e+01 2.865332992294211323e+01 2.985108406522582669e+01 3.105857071529501923e+01
4.364784840791047227e-02 5.817150540304192319e+00 1.184737743185951864e+01 1.891844524372512026e+01 3.046545062751783917e+01 5.046545062752136346e+01 4.783623047564174158e+01 2.794513559146834325e+01 4.783623047564174158e+01 5.450052192831446263e+01 4.453618409513653376e+01 2.362117630684008063e+01 4.453749720944441748e+01 4.914828681883582107e+01 2.824971435702099853e+01 1.624966608929582890e+01 3.209218653165477519e+01 2.690568360726025077e+01 2.665001021610503784e+01 2.730984447845021990e+01 3.384049597971012702e+01 1.677071689130700705e+01 3.624866470833960364e+01 3.928934111927490846e+01 5.931208053015724602e+01 5.255528806674394104e+01 5.255528808137223251e+01 4.295245065783782934e+01 4.885446914551739184e+01 3.627549163611750771e+01 2.369418117810564084e+01 2.479171693736143567e+01 2.588949938932658412e+01 4.590502333770858456e+01 4.868973802630183201e+01 4.039898843067025069e+01 3.676652017847580822e+01
5.219006137575642884e-02 2.005219006137540205e+01 3.184737743185987568e+01 3.891844524372582725e+01 4.720271649352782362e+01 5.056238079368570482e+01 4.183883971199072960e+01 2.183674810005007316e+01 4.183879862731206600e+01 3.387287364521649380e+01 3.387282613780905649e+01 1.857838247413192079e+01 4.007814257654396783e+01 4.956193628968971154e+01 3.762990957493367716e+01 3.014428159589562739e+01 1.153409864333656998e+01 1.220048420941336431e+01 1.285694476316974999e+01 1.350375379008241339e+01 1.414274947419782436e+01 1.477729949189493475e+01 3.453503283375358279e+01 3.556201663825488879e+01 5.560827517231361128e+01 5.240520571141536266e+01 3.251214852253500709e+01 3.990566757215401594e+01 2.880134122880235736e+01 2.215597565510896416e+01 4.218765925812454043e+01 4.480598016279205353e+01 3.174081829326281934e+01 5.107366818195676217e+01 6.550148077460102058e+01 5.769912819548884642e+01 4.271514977625769660e+01
