MOVIE_S10_data/elevation_000018.asc
nrows	100
cellsize	150.0
xllcorner	0
ncols	100
yllcorner	0
NODATA_value	-9999
[rows 0 to 16 of 100, columns 0 to 36 of 100]
8.271705653423140625e-02 2.008271705653387684e+01 2.706466947639503218e+01 3.605228846424050460e+01 4.820124786372831238e+01 5.149176503383520043e+01 5.149176503383520043e+01 7.149346254242249188e+01 7.811342557736854531e+01 6.999925150529553264e+01 6.999925150529553264e+01 6.999925150529553264e+01 7.811342557736853109e+01 8.052123806622887514e+01 7.220744833109674232e+01 7.307095380105144500e+01 6.477382844925898553e+01 7.307095380105144500e+01 7.717272106304410784e+01 7.133111177259333147e+01 6.984550254037819172e+01 6.984550254037819172e+01 8.978109989328753215e+01 9.334035590117483139e+01 9.922239702821154594e+01 9.461784859558913752e+01 8.639422798742400289e+01 8.687095301214381493e+01 7.861601329356004442e+01 8.687085299195918253e+01 9.278716403692088477e+01 8.695093554045710960e+01 9.107514347677972921e+01 9.562395621937476164e+01 9.092339526027522822e+01 9.843496814672633377e+01 1.067421441488368714e+02
7.813061968023242432e-02 4.160613524318844902e+00 8.330908925730394543e+00 1.988411879273558114e+01 3.991299080727578286e+01 3.145937825898656470e+01 4.563124723562425089e+01 6.564030658480498914e+01 6.999925150529553264e+01 5.013301883196550079e+01 5.013301883196550079e+01 5.013301883196550079e+01 6.999925150529553264e+01 6.899653516633702566e+01 5.229159652432029048e+01 6.312092500762581437e+01 4.492802246972095048e+01 6.312092500762581437e+01 5.730812486626386004e+01 5.149961350468188215e+01 5.002216787240539020e+01 6.984550254037819172e+01 8.182618328319824741e+01 7.339722391972104276e+01 7.923843203899055254e+01 8.325803570998517955e+01 6.679210345236624846e+01 7.695656969331643893e+01 5.882919938127530912e+01 7.695585066356701986e+01 7.298630264409203505e+01 6.720196833558404137e+01 7.129608430512766404e+01 7.579612389708844944e+01 7.115304922845338353e+01 7.856119982642064770e+01 8.997852562069101623e+01
2.526786264046545702e-02 2.002526786264010994e+01 2.834931615811646211e+01 1.540302887716876334e+01 2.075069089582906656e+01 4.078400389800307124e+01 5.977450576134614835e+01 7.065865681930553421e+01 6.256868635908126208e+01 5.595170366535409556e+01 3.607730685345991617e+01 5.013301883196550079e+01 6.999925150529553264e+01 6.070902592931368247e+01 4.094647752506144656e+01 5.014549946943672154e+01 3.519496687142635238e+01 5.485092545948997156e+01 4.891992176174723284e+01 3.763604484725154009e+01 5.730812486626386004e+01 7.603477016476041683e+01 6.194133379708284792e+01 5.936668124479437836e+01 7.923843203899053833e+01 7.507693611041990778e+01 5.539734951150142450e+01 6.371492148999376326e+01 4.889556081705015345e+01 6.437202928335629792e+01 6.772106229044902648e+01 5.328557337843858477e+01 5.741226153552029388e+01 6.192607035126759740e+01 7.579612386308038197e+01 9.562392833379784918e+01 1.067421441488368714e+02
4.163169627051844027e-03 1.414629879335787699e+01 3.414629879335716822e+01 3.542987578542178539e+01 4.078400389800307124e+01 3.491832125700288714e+01 5.494501448248207254e+01 5.926803907996455933e+01 4.275745550282570662e+01 5.064004769114691840e+01 3.081752639132582772e+01 4.482045906124039192e+01 6.468977749511590503e+01 6.899653499769127052e+01 5.014549946943672154e+01 3.064728121776629877e+01 2.847174879374943401e+01 4.157137030556051371e+01 2.947748211211561298e+01 4.891992176174723284e+01 5.436221234454073681e+01 5.930585892670686832e+01 4.792592160874900742e+01 6.776547136869226051e+01 7.799662798612123993e+01 6.974239528049287173e+01 6.371492148999376326e+01 4.390149805990643017e+01 4.136181597815366473e+01 4.454838113993106674e+01 4.797026787197159337e+01 6.091268554848237926e+01 7.708923568948519289e+01 8.160356282692346497e+01 7.579612392292339962e+01 9.562396366393008407e+01 1.045965413123889078e+02
5.883922493566802470e-02 2.005883922493531202e+01 2.450745750192987771e+01 3.864959312566033134e+01 5.864959312565962080e+01 5.494501448248207254e+01 6.322646577645251398e+01 5.113066689124429587e+01 3.132742651007035306e+01 3.970711089758609802e+01 2.616968786928817181e+01 4.596783461399397197e+01 6.099763693034945788e+01 5.600883811618422925e+01 4.784050141541166568e+01 4.142563117919198845e+01 2.216855896174248386e+01 2.232439342134507854e+01 2.627021899269065131e+01 3.037089128548081618e+01 3.471113949852685465e+01 3.953144465174689515e+01 5.930585892670686832e+01 6.754915921483618035e+01 5.929638701870355533e+01 4.984709616805974264e+01 5.349795157865683137e+01 3.728215385559443007e+01 5.716540343153816650e+01 5.601806397940501370e+01 6.772106229044902648e+01 7.262527599450638149e+01 8.241598047200612598e+01 9.758788739524293021e+01 9.562397755210372452e+01 1.039204191027254609e+02 9.128921343560678281e+01
1.256007409845548775e-02 8.177525883375645677e+00 2.231966150710634622e+01 4.231966150710563568e+01 5.842905075582307717e+01 5.894627535121990292e+01 5.064655938703760540e+01 5.085184204536486874e+01 3.970711089758609802e+01 1.990240751560341792e+01 3.970711089758528090e+01 4.456705386230125754e+01 3.851992539391173409e+01 4.020455069833399619e+01 2.920827568689965048e+01 3.381146183655875603e+01 1.808365883390616347e+01 3.722129125192650179e+01 4.560241014874790721e+01 4.985395669561349052e+01 5.436221234454073681e+01 5.930426235247842470e+01 6.755398754184014365e+01 5.606028935170860450e+01 3.940729131177982225e+01 5.008902828387776651e+01 3.365116323926125830e+01 4.508609135699946791e+01 6.498876633395092028e+01 7.578379171002866599e+01 8.402673775480444363e+01 8.583019789787431364e+01 7.745319128871209102e+01 7.419102726070649112e+01 7.850116040871198209e+01 8.715276726794495232e+01 8.300433346707342253e+01
9.594114293757748102e-02 2.009594114293722100e+01 3.381484788980606737e+01 3.014477950836017328e+01 5.014477950836087672e+01 5.064655938703760540e+01 3.069416547456745903e+01 3.070572810534759256e+01 3.609195940433351524e+01 1.626015866779759023e+01 3.113527392507679181e+01 2.688647715835600849e+01 2.942306557406059753e+01 1.811086652085797510e+01 3.229259739308653820e+01 1.509635717362029261e+01 3.381146183655793180e+01 4.537838513445811373e+01 5.745373858473892170e+01 5.745379443390940821e+01 6.572914629069150294e+01 6.399652033343666346e+01 5.295272769531975143e+01 4.470976291980910133e+01 2.808614128758311068e+01 3.030930855453558337e+01 4.425896974695283603e+01 6.174448811030705286e+01 7.323708178632888632e+01 7.313835157433923939e+01 7.957948273864690236e+01 7.268620165157656743e+01 5.542461117404288018e+01 5.613860979004442697e+01 5.791757048683623310e+01 7.850116040871198209e+01 7.788263266800696272e+01
7.711341127313005306e-02 6.743780077939825368e+00 1.381484788980536216e+01 3.381484788980606737e+01 4.767783202308468304e+01 3.944727940523146970e+01 3.653620229598856639e+01 1.657189060915891332e+01 2.656107174749468669e+01 2.714251023607328506e+01 1.126352406381506555e+01 2.521233971932694473e+01 9.399608921531319439e+00 1.005499793222439209e+01 2.289278689000556000e+01 1.344966302308280248e+01 3.175017403982624842e+01 4.080840583894164553e+01 3.764551645276051772e+01 3.764551681066008371e+01 5.745379443383291118e+01 4.994242376942038675e+01 3.589332650086803511e+01 2.502985904975197684e+01 4.470976470580680484e+01 4.146496557592473664e+01 5.762777228739463453e+01 7.241767148245200758e+01 6.689733824182967226e+01 5.160364999796506424e+01 5.791101805885642051e+01 6.292673896897656505e+01 4.320516121376877550e+01 4.357163149027368121e+01 6.394636439379051751e+01 7.903611466363375371e+01 6.633284915327196529e+01
2.297228869525369793e-03 2.000229722886917116e+01 3.381484788980606737e+01 4.209911913726826782e+01 3.910841070699658673e+01 1.946792738940012057e+01 2.505103979840694706e+01 2.489243519942873561e+01 6.571822271820010997e+00 7.201769299149590964e+00 7.832663528592500590e+00 8.475197621795818037e+00 2.838102834897750171e+01 3.004063835557233375e+01 1.098621159838607930e+01 1.166384996090907933e+01 1.236968252203612195e+01 3.258196638654430899e+01 2.367775197041727253e+01 4.344721038149841519e+01 4.746656420538260335e+01 3.893170609594399423e+01 2.202916901828769269e+01 4.170521231027714748e+01 5.295272784170897040e+01 6.011113259948683663e+01 6.813424045494845416e+01 6.874434546608659957e+01 5.755845304015062425e+01 3.711055125482121753e+01 4.667718401266049710e+01 4.744506250797002167e+01 3.423037074234763821e+01 5.439861398199035136e+01 7.122279910824073568e+01 6.268558983362777326e+01 5.059228181591913653e+01
9.647730019007895452e-02 1.862785675885438863e+01 3.018999708320412267e+01 3.854159996993985970e+01 3.114601996899070002e+01 1.831112187376825773e+01 5.060943125040357593e+00 5.685334109413142656e+00 2.567516045876223529e+01 2.709013984079259885e+01 2.782896919782252354e+01 1.148259203697789488e+01 1.932777455850218828e+01 3.839316201864390621e+01 3.653385130015036708e+01 3.872396611514010800e+01 3.258077467850709752e+01 1.340489017649080061e+01 3.356246720033196596e+01 3.634235136268956978e+01 3.577165615807718524e+01 1.905739679482540438e+01 3.667558334695110034e+01 4.425093774805329616e+01 5.781625011658854163e+01 5.433540630579943098e+01 5.798457271608917551e+01 6.063871865103000403e+01 4.116015828889686645e+01 4.499087450477002648e+01 2.662823136514522915e+01 2.759556019079857592e+01 4.744506250797002167e+01 4.991634044528265690e+01 5.804218852349852398e+01 4.170061527673595236e+01 3.634853981514518750e+01
3.582433992925927735e-02 1.969770325267588618e+01 1.141325760641766607e+01 2.864745385802521938e+01 2.222890459063461321e+01 4.180491992709337801e+00 2.417090834974582947e+01 1.166622226030528608e+01 3.145858633746806987e+01 3.762316485090185836e+01 1.720095898248807842e+01 3.137464886494765537e+01 3.865133628545321187e+01 3.316289481133331662e+01 5.261973226565629602e+01 4.768206880498168942e+01 2.785861937830598123e+01 2.935613263882563828e+01 1.449612738268304035e+01 1.530885293013741943e+01 1.612094031476569711e+01 1.691527068399965472e+01 1.888919890611742147e+01 3.158665988892679977e+01 3.949713652564878430e+01 3.434253500217003818e+01 3.941935111276239212e+01 5.099078923815478248e+01 4.360426973441972365e+01 2.526603991211445432e+01 4.413350902043185897e+01 4.705202610611603831e+01 2.899415441280784478e+01 3.000869602206801190e+01 4.991410510477840745e+01 5.289259253397555227e+01 3.488380525619385253e+01
1.813270376062421294e-02 6.203347674203016915e-01 1.222810000549079179e+00 2.126754524830800719e+01 2.267432903402425382e+01 3.559421885601393054e+00 1.770006416152505224e+01 3.210861191775845924e+01 3.210861191775845924e+01 3.766110950964367277e+01 3.766110950964367277e+01 2.464913596563561171e+01 4.477759382930211274e+01 5.264136651790876442e+01 6.072210696009842934e+01 5.591914189303582816e+01 4.748989503847763416e+01 3.784934502061805262e+01 1.744351125906943878e+01 2.362836030242660712e+01 3.591375914653348644e+01 3.677336248727381474e+01 1.797632396359790619e+01 1.873253193191046506e+01 1.954619780466259016e+01 2.038550173091833884e+01 3.753545353290553521e+01 4.189874211633546963e+01 2.390005015710833902e+01 4.360677959823119210e+01 5.229101690850334450e+01 5.339448140610522842e+01 3.355222782598085018e+01 4.988944128099373643e+01 3.146066218007394966e+01 3.286104696740901687e+01 5.162978851116241685e+01
2.372884694381488524e-02 1.836768662787971351e+01 2.002889442469944470e+01 2.077557686890454391e+00 2.682785219560033241e+00 2.195977675611183955e+01 3.156135502219535738e+01 4.594070701197446738e+01 5.291558824472401312e+01 5.761133446855119189e+01 4.477759382930211984e+01 4.477759382930211274e+01 3.337459267999898316e+01 4.744187398853178195e+01 6.728691337313097165e+01 6.017033876347726107e+01 4.055592293427451267e+01 2.914400024384442389e+01 2.029082289632659908e+01 3.917514169456519113e+01 3.518595991909984377e+01 5.175156732164747808e+01 4.629772805223759491e+01 3.855520210970063033e+01 2.618537024889171505e+01 3.999643659904457138e+01 2.153847996667506592e+01 2.252507789048152986e+01 4.224491332252851805e+01 5.190825670456705154e+01 6.075788398516524325e+01 4.080888002554993932e+01 5.347901152177957584e+01 5.959128200068446546e+01 5.143356776677206454e+01 3.286784577270048402e+01 5.352178989041102142e+01
8.175220331382776484e-02 2.004961324615507223e+01 2.602024331849329641e+01 2.205973176344492259e+01 9.140242729418099898e+00 7.087043707233702250e+00 2.702682874357884302e+01 3.987569003218999342e+01 5.096869980941260536e+01 5.923536155705177464e+01 6.463033556290662318e+01 5.325435145136676596e+01 4.744187398853178195e+01 4.744187398853178195e+01 6.728691337313097165e+01 6.840560375680547622e+01 5.664785196729690853e+01 4.274824801088654880e+01 2.325068714701158967e+01 4.274824801088654880e+01 4.711610564714435867e+01 5.975351807940585047e+01 5.639500481427835865e+01 3.668848400431179613e+01 4.586242826447065823e+01 4.973790635314929887e+01 4.155506591042534836e+01 2.338561155522343782e+01 4.299714975742718792e+01 6.051250356324531765e+01 6.873889557209366785e+01 6.076587118623974249e+01 4.938288469726553132e+01 6.922775030052213197e+01 6.187748055529216629e+01 5.352178989041089352e+01 3.509574951946907362e+01
9.124702163186203252e-02 1.522361972594692325e+01 3.641199572142577523e+01 2.183052210452922282e+01 2.280863452323729490e+01 2.702682874357884302e+01 1.164416785766823459e+01 3.160650505754190220e+01 3.100968418135482096e+01 5.096869980941260536e+01 7.075111444553381546e+01 7.308700927216742116e+01 6.728691337313097165e+01 6.728691337313097165e+01 7.548667501782595934e+01 6.392928410927401472e+01 4.450591200315228235e+01 3.167320193523970318e+01 2.669623336570131045e+01 4.619605427745874948e+01 6.007539974047060838e+01 7.239962469452662219e+01 6.434739992890223448e+01 4.814139075488847652e+01 6.433661932930911576e+01 4.564083043302979092e+01 2.517668071834225785e+01 4.152893322356373318e+01 3.236930647017468488e+01 4.643217701492207539e+01 6.645590951696014770e+01 7.579923282977695465e+01 5.608478533221759221e+01 7.579923282977695465e+01 7.015950349429239452e+01 5.003210979174264139e+01 5.592728691960805776e+01
2.239863785106879432e-02 1.416840045658321046e+01 3.425497197087824475e+01 3.306703565930281030e+01 4.517438406897592529e+01 3.987568798185730401e+01 2.056099014927014323e+01 1.686780968829615190e+01 2.841754163246830345e+01 4.254339586445717458e+01 5.446519551267184767e+01 6.199210127325566333e+01 7.026285893968454843e+01 8.177742154130065444e+01 7.564912236260546763e+01 5.534976705134599939e+01 4.206881119495690058e+01 5.019488597952568654e+01 3.461390884004327972e+01 3.228817510070393126e+01 5.184025975698251898e+01 6.630847552562164537e+01 7.552789241235360862e+01 6.767053267980615772e+01 6.248288317563606853e+01 4.628557478967611871e+01 2.640439937284383376e+01 4.612593914559296593e+01 5.224444263631259844e+01 4.643161908761440770e+01 6.643324325705624744e+01 8.376344525210193126e+01 6.605747251189346514e+01 8.376344525210193126e+01 7.848544809260182831e+01 7.015950349429239452e+01 6.668360994472459424e+01
1.766589122093755945e-02 1.415980151503442386e+01 3.415980193994262493e+01 5.264484174616525536e+01 6.064732094548627828e+01 4.880826152334640966e+01 3.210941739913801030e+01 3.685554451300466638e+01 2.319163943949421736e+01 2.875061731798772868e+01 3.453104803692284008e+01 4.207778048893140266e+01 5.357261855600725653e+01 7.349332855174107237e+01 7.885978786713580746e+01 6.980013148766528275e+01 5.534976705134599939e+01 6.243455417700209154e+01 4.435283234588284529e+01 5.184025975698251898e+01 3.843464679173606413e+01 5.225109661888563295e+01 7.201573295975114775e+01 6.827486297814105853e+01 4.834945575558009523e+01 3.417432363262096118e+01 2.763283997578456308e+01 4.767865083648866431e+01 5.812764277602726537e+01 6.642196198072372226e+01 7.480653817909953318e+01 9.344716329619201645e+01 8.554099314766068574e+01 9.344716329619201645e+01 9.119477664473804168e+01 7.110178286550832638e+01 5.700486902363982011e+01
