MOVIE_S10_data/elevation_000610.asc
nrows	100
cellsize	150.0
xllcorner	0
ncols	100
yllcorner	0
NODATA_value	-9999
[rows 68 to 84 of 100, columns 37 to 73 of 100]
8.396039932989661736e+01 7.023433551338457903e+01 5.050278866649224341e+01 6.505257745027691385e+01 4.868366286740056381e+01 6.843200669596259900e+01 8.212132806118064821e+01 8.807502347658254394e+01 9.640864074566302122e+01 1.080055508180178663e+02 1.087271125174783037e+02 9.680093055541544800e+01 7.692728677735857445e+01 6.276122328484190405e+01 5.906534334142554599e+01 5.557514075163499712e+01 5.216480788375466204e+01 4.878658524876428970e+01 6.597303241976229060e+01 5.084673672613201489e+01 7.011016919868121988e+01 6.644098389048339470e+01 8.643617159187819254e+01 9.620365095139685252e+01 8.477366048860021408e+01 7.657813806260629974e+01 8.189487152503372158e+01 6.782127949403745504e+01 6.126028075949413676e+01 4.103413701822095305e+01 4.496589860644602510e+01 2.509056961089468274e+01 4.316396897178867675e+01 3.639607064627246302e+01 5.523083439311171361e+01 4.816830750537063466e+01 4.456317400531868600e+01
7.568987423499878275e+01 5.601964966334976737e+01 7.023433551955113785e+01 7.085719183502088470e+01 5.115011938233905653e+01 7.085707996996148950e+01 6.247156759149134331e+01 6.832884966763518264e+01 7.959903854780563393e+01 9.965343421138574342e+01 1.004855131242358368e+02 8.063909480797074991e+01 7.064695006082706641e+01 7.692740666099021496e+01 7.910104571349596370e+01 7.566495110434935611e+01 5.967172122436988957e+01 6.597303241976229060e+01 4.570112938048129081e+01 4.359090547068623067e+01 4.991178063087679107e+01 6.937361232621130114e+01 7.279796962383763059e+01 8.108972901915835507e+01 9.296766989326852126e+01 8.468578421455562477e+01 9.296766989326846442e+01 8.774540578733656560e+01 6.963933435922841397e+01 6.125426452301017832e+01 5.332633298817911793e+01 3.727394932411446149e+01 2.324493979283009537e+01 4.133227164365120387e+01 4.521866897313114464e+01 2.147551642859222909e+01 3.796112120913816312e+01
6.208763009432907154e+01 7.568987423499878275e+01 8.396040005329896871e+01 7.909867160820962795e+01 7.085706300586697637e+01 5.476539311242166264e+01 7.441411487415685144e+01 8.807502347658254394e+01 8.219077472477468405e+01 1.022808566175737894e+02 1.087271125174783037e+02 9.758380737347007994e+01 7.772429824773585949e+01 9.680982706490341627e+01 9.380399579208616956e+01 7.388610494692210295e+01 7.388610494692210295e+01 7.424623688330505900e+01 6.009761901390882599e+01 6.107779184316873256e+01 4.073001990690314500e+01 5.840599853690645205e+01 5.252160597001302023e+01 7.273887836737387147e+01 8.293170208394691656e+01 6.458166631830445681e+01 8.293170208394691656e+01 8.235544451675048094e+01 7.402009634331795951e+01 7.402009634331795951e+01 6.568237359367455497e+01 5.147816083331362336e+01 4.133227163828883732e+01 2.142671349085238575e+01 3.856964449454590493e+01 1.876479872263227477e+01 1.814239025895381729e+01
8.176130083886508260e+01 9.006572029659567136e+01 9.262860667342265231e+01 7.277857202153595040e+01 5.898651781221367685e+01 7.441408466744279337e+01 8.267232411733921538e+01 1.019807795120261034e+02 1.022808566175737894e+02 1.106265067665512021e+02 1.116017400628403493e+02 9.177738953709977920e+01 9.758380737347007994e+01 1.058216849124681289e+02 1.020463720294504242e+02 9.380399579208616956e+01 9.380399579208616956e+01 8.834080349806518484e+01 7.532139056443655534e+01 5.518159740791425349e+01 5.840599853690645205e+01 3.796365491387663837e+01 5.512134289561362976e+01 6.387318600728966089e+01 7.456466748529631161e+01 5.444247935805377381e+01 7.463372526643003368e+01 7.402009634331795951e+01 5.377778358459610075e+01 5.377778358459610075e+01 6.793492235655750733e+01 6.242824770172928339e+01 4.878541132763670873e+01 3.947683065856249840e+01 1.964148870899290600e+01 2.588982157265996875e+01 3.796082424116253407e+01
9.733122116807156488e+01 1.076252861135673697e+02 8.752548820123050177e+01 8.216953351950108697e+01 6.256743248392563572e+01 6.728398710997706189e+01 7.373553417080168515e+01 8.510082233399594998e+01 9.934703575438507528e+01 1.196147013148571006e+02 1.198659802878364786e+02 1.116017400628403493e+02 1.137059602986267777e+02 1.020765518679872912e+02 9.375621600504538833e+01 8.654838542190806550e+01 8.038235203513593774e+01 8.679021383562333369e+01 8.361121741415477970e+01 7.532287353758619020e+01 6.638439103628191162e+01 5.556784462411128089e+01 3.522870288438887343e+01 5.551334390017424880e+01 5.924101680707603634e+01 4.764568551302677690e+01 6.789194197768125605e+01 7.402009635028814216e+01 5.377778358459640629e+01 3.935419426633185935e+01 5.063640358358701832e+01 4.917413415412364230e+01 3.468002775733670973e+01 2.067485725758652393e+01 3.950284358800746531e+01 2.861199758971324769e+01 4.878996988368711385e+01
1.063109543503180845e+02 1.017155742672050280e+02 8.164817986174449516e+01 6.783483686515178590e+01 8.216935103673532126e+01 8.699903994471483770e+01 9.363094005460392566e+01 8.992379388012574282e+01 1.101258489329427022e+02 1.100842421817744423e+02 1.053144942353836484e+02 1.135911977778312547e+02 1.054171175220287466e+02 8.521984363255667461e+01 7.336939247312454881e+01 6.609796623318048603e+01 5.991719635985159442e+01 6.637610290270147573e+01 8.075986639509055465e+01 7.834796768452359572e+01 5.696799682059241121e+01 3.311689350703409218e+01 3.518152824145911950e+01 5.157840751101446841e+01 3.897089606119201477e+01 5.924721804089740829e+01 6.039310670466927888e+01 6.790893998212632710e+01 6.356684624088164526e+01 5.050825331586958100e+01 3.045962559239532652e+01 4.164716163704467533e+01 2.173257927400265643e+01 3.449280462293978644e+01 4.885313672208819469e+01 4.285970682916260444e+01 4.133927418729756909e+01
1.179829493803553646e+02 1.017187217273136071e+02 8.164821507942642143e+01 8.715684778912248021e+01 7.444415223387031233e+01 8.581863353206630052e+01 1.060558132916196143e+02 1.101258489329427022e+02 1.100842421817744423e+02 9.013464288648322054e+01 8.536294613052008629e+01 1.008485457101910185e+02 1.091243448598079340e+02 1.020765518679872912e+02 9.375621600504538833e+01 8.654838542190806550e+01 7.235525756305986533e+01 5.188314267685606040e+01 6.571322642227534061e+01 7.407745838661581672e+01 7.180240983637843044e+01 6.140302678875518438e+01 3.257028658374704122e+01 3.140919388091577247e+01 4.908620853671121154e+01 4.844775329052497170e+01 3.922955775017214108e+01 5.574672624073802751e+01 5.102704336390098661e+01 4.042817423798360466e+01 4.272691960259133737e+01 2.281138538990783715e+01 2.796081534184243367e+01 4.806780602840705541e+01 5.945803281160461751e+01 6.314321180455907268e+01 5.574110888300696587e+01
1.147730035624165907e+02 1.100745880592152588e+02 1.017176949926514737e+02 9.973246368619564350e+01 7.982579363145133300e+01 9.997116956892058681e+01 1.144062937224969119e+02 1.131388527383593896e+02 1.045529534569748051e+02 9.379546256629096490e+01 7.382511191367269987e+01 8.088880454523314256e+01 1.008485457101908906e+02 9.471497500879742404e+01 8.888190141565831937e+01 9.471497484304600789e+01 8.075986639509056886e+01 6.571322642227534061e+01 4.522842489832023460e+01 6.340274835903055362e+01 5.559863299049804652e+01 6.351524764267102796e+01 5.827030596858994471e+01 4.926590053106432521e+01 2.920675185173990585e+01 2.842686678302363745e+01 2.764756213869023327e+01 4.646884102777659820e+01 4.474381055898431470e+01 3.151643839848333073e+01 2.390203931591953790e+01 3.900291638249196069e+01 4.793909922232344201e+01 3.868157672757448040e+01 5.366875047483688377e+01 7.580091759732940204e+01 7.588183880349151877e+01
9.684447323411913544e+01 1.053792909014365051e+02 1.175035875032732520e+02 1.083561203457501847e+02 8.978741225574971452e+01 9.248443137020719007e+01 1.128541114156805492e+02 1.045529534569748051e+02 8.400427243582417702e+01 8.673487738172121908e+01 6.677378575571722763e+01 8.604967888170325807e+01 8.662034533830703253e+01 7.478313614231228712e+01 6.894323636749319917e+01 7.478313613469354948e+01 7.592569135148487192e+01 5.545420387289149744e+01 4.095964270659897721e+01 5.461691445440207815e+01 3.407130345173475661e+01 5.239941757232962516e+01 5.061282189042387358e+01 3.049443816194807155e+01 4.926584529010384728e+01 4.843523643397323042e+01 4.627296734566752434e+01 2.654545565955328712e+01 2.576161447253421954e+01 2.499347837340184242e+01 4.382017528682791863e+01 3.354836431348500270e+01 5.329258355323310781e+01 5.053306442897631712e+01 6.764838829865800562e+01 6.957134169484437791e+01 5.965995606236478466e+01
7.637346081719667268e+01 8.814939167561206546e+01 1.089180102290373640e+02 1.185249256623900322e+02 1.041915061233039665e+02 1.068994738924413497e+02 1.212068960865130975e+02 1.025225221006923846e+02 8.956124529192791783e+01 6.976885501050580274e+01 6.160741092359432258e+01 7.417998502096367019e+01 6.667777290734302653e+01 7.008441795280235453e+01 5.473532796752755303e+01 7.478313613342309907e+01 7.654740244663784665e+01 6.989003449689366221e+01 5.588267290674786381e+01 3.543735953320895504e+01 5.103877370840855576e+01 3.272683438037724102e+01 3.179545015433149402e+01 5.034886012407282152e+01 5.884612693693630803e+01 6.105802865127081702e+01 4.055037585099088915e+01 2.810897413346928175e+01 4.576334912267359556e+01 4.855347249491096306e+01 5.881543590763386931e+01 4.225647146237589880e+01 6.159135475983536878e+01 7.109301932267126745e+01 7.945621512523382535e+01 6.138643370831952950e+01 4.153770972812276341e+01
7.901409027360222126e+01 9.941755790718494268e+01 1.014963262230163821e+02 1.098741930298532736e+02 1.245546082113298354e+02 1.272292825903424500e+02 1.142586647970218507e+02 9.367768547336588369e+01 7.376329934007941347e+01 6.671768550986631396e+01 6.004768298435188711e+01 5.552444896342902325e+01 5.244424715980238005e+01 4.995221960672955674e+01 4.750691357886216792e+01 6.450312266421175877e+01 5.647789199686308592e+01 6.025487798994049626e+01 5.660226497709604843e+01 3.644659915157382102e+01 5.606087792745841369e+01 3.920987148617574292e+01 4.780085517891745894e+01 4.605920557689664463e+01 6.628857272435077164e+01 6.927612260001275502e+01 5.318842767359531365e+01 3.197247983092649903e+01 5.326868224971558874e+01 7.172841018455501683e+01 7.054148419210980592e+01 5.634837019660118074e+01 7.054428353468586010e+01 8.010662524454392042e+01 7.437046528049457095e+01 6.957134169483880726e+01 5.965995606235738791e+01
9.344064246905196569e+01 9.816942331439479119e+01 8.120347967019817759e+01 9.816942331439479119e+01 1.125011289254594686e+02 1.200345596463856737e+02 1.003237332083311060e+02 8.652846959448282860e+01 8.813641455409950254e+01 6.899067920032410939e+01 7.883510204328985083e+01 5.886125540380145083e+01 7.251881714172151305e+01 7.008441795260212359e+01 6.450312266321496679e+01 4.424831720403072666e+01 4.207034084221844950e+01 3.994964898240873197e+01 3.789666341125801097e+01 5.442230848865511206e+01 6.269375157564574863e+01 6.364646102350040024e+01 5.280789034595505171e+01 6.630473956802740076e+01 7.461853723748566836e+01 7.478525134064642543e+01 5.824293006649920557e+01 3.774182120111709793e+01 4.282968019275943306e+01 5.497863121230803785e+01 7.545676234072790578e+01 7.644611990730246021e+01 7.603697668314144664e+01 6.043147625963872116e+01 5.465775796143052645e+01 6.482856361734545203e+01 4.499935905588733931e+01
8.757743872302116017e+01 7.966065942000335554e+01 6.954107303688365960e+01 8.383771770332994322e+01 1.016115653758485706e+02 1.117518134202306612e+02 1.143029273666016934e+02 9.977254236423839018e+01 7.967495629496839626e+01 8.902993073960844583e+01 8.353317272019741324e+01 6.360094691538724021e+01 8.353317272019741324e+01 7.867165220528588065e+01 5.863447108906133565e+01 5.863442685242501540e+01 6.112607842597164165e+01 5.110379624872400939e+01 5.345183979721686285e+01 3.959431855435596503e+01 5.527704340418241458e+01 6.577541709361535993e+01 6.745767516915569217e+01 8.325000635940541827e+01 7.814062107166429882e+01 5.796148112770436001e+01 4.629948876921305612e+01 4.971503494883815222e+01 6.293244552305845474e+01 6.298972870888257347e+01 8.384617164534675737e+01 7.926346069657898852e+01 5.959633050006246435e+01 4.813011394494652961e+01 4.061958901276909017e+01 5.234354413693831276e+01 4.499935905588733220e+01
6.739964729522361608e+01 5.957680048205214973e+01 6.584242254223798341e+01 7.293759519813309566e+01 8.307086079984578930e+01 1.033758391856346037e+02 1.140073235186167722e+02 9.387630295268189684e+01 9.977254236423839018e+01 9.166401398241835352e+01 7.174760171040981049e+01 8.353317272019741324e+01 8.353317272019741324e+01 8.693239824184101394e+01 7.867152657977585761e+01 7.866702896986426197e+01 7.719166480154757437e+01 7.169216854272296757e+01 6.149220831646347563e+01 4.080404890612771851e+01 4.594586384498580856e+01 6.522200668062164652e+01 7.986576539311852230e+01 9.413660498975305302e+01 8.649122682452919264e+01 7.412313273960008075e+01 5.392826234385510276e+01 6.989225143806471863e+01 7.822804806252555920e+01 8.827975294740510037e+01 9.740578232485889032e+01 8.736353341857470411e+01 7.603702940701163016e+01 6.790876718424506464e+01 5.234354413693831276e+01 3.254656555591020606e+01 2.748034329975546441e+01
5.338730440763130503e+01 7.330958554865463839e+01 8.605125260436311407e+01 9.322334999274021072e+01 1.016115653758485706e+02 1.117518134202306612e+02 1.223472961701941699e+02 1.140073235186167722e+02 1.031541610327007845e+02 8.325264255517392087e+01 8.325264255517392087e+01 9.991755949794826108e+01 1.034443367569642760e+02 9.760221621216669519e+01 8.943612751051303178e+01 8.943612750988006610e+01 8.703475197294928023e+01 7.608572573618877755e+01 5.637494742459237074e+01 4.205846291023202355e+01 6.197478341844018246e+01 5.391304911980157755e+01 7.239892939509284986e+01 8.771555493886286570e+01 9.559905814015802150e+01 8.247287568605392494e+01 6.560702780841813819e+01 8.247287568605392494e+01 9.024455094120972376e+01 7.968357257205497035e+01 8.949333894031718728e+01 9.049923565679111448e+01 7.809348867588632004e+01 6.358532152643154944e+01 4.382585167157989758e+01 2.988897725636194735e+01 4.724130352350422868e+01
4.943094233021497530e+01 6.933601336116073810e+01 8.733029157441926316e+01 9.656740709278338386e+01 1.049523369556953014e+02 1.046258873781150243e+02 1.130009220519356461e+02 1.194055092856889360e+02 9.950175385964300290e+01 1.031541610327007845e+02 1.031541610327007845e+02 1.114146515096350072e+02 1.034458898651363796e+02 8.943612751051266230e+01 7.007561897452607980e+01 7.007561897452607980e+01 6.766147294356468933e+01 7.099941723137079919e+01 6.338805573510161651e+01 4.332632388553726344e+01 6.338811196462993536e+01 7.077703173388638902e+01 6.300715877110614827e+01 6.993479507361374203e+01 8.780857157472888730e+01 9.410858953750317824e+01 8.575634841688845711e+01 9.296191748617842165e+01 8.234701161555408078e+01 6.428904588020024846e+01 6.836842861378987379e+01 7.106817944904089757e+01 6.993958436865484884e+01 5.020657839338029049e+01 5.131582526526781152e+01 3.160847310728205883e+01 4.308269405207919078e+01
4.756681033444430540e+01 5.886586011429786680e+01 7.894537467514136608e+01 7.626884781950450076e+01 9.026987290404757402e+01 8.432341700726446732e+01 1.046258873781150243e+02 1.164693596251467937e+02 1.194055092856889360e+02 1.142784666759742720e+02 1.060360618404219935e+02 1.060360618404219935e+02 9.525078924247220868e+01 7.582717269764026469e+01 7.574618063727402273e+01 5.631286908901231669e+01 5.378840350064623976e+01 5.133937693192793006e+01 6.463332832871434164e+01 4.460500833800569609e+01 5.996191827849112599e+01 8.145101983144807889e+01 8.077456502635044444e+01 8.771555493886286570e+01 8.780857157472890151e+01 1.063616129734750757e+02 9.606978605779664804e+01 7.663930983709748546e+01 6.547337764739474153e+01 5.814990356243355762e+01 5.164575782672248749e+01 6.470139945739475706e+01 6.048251178945646700e+01 5.382765245841680724e+01 3.409776007177310220e+01 5.131582526526781152e+01 5.114494612236148896e+01
