MOVIE_S10_data/elevation_000174.asc
nrows	100
cellsize	150.0
xllcorner	0
ncols	100
yllcorner	0
NODATA_value	-9999
[rows 51 to 67 of 100, columns 37 to 73 of 100]
4.850420165954670892e+01 5.588765829393963003e+01 5.781625117788304635e+01 4.131678385730534586e+01 5.545707590496473216e+01 7.558069051743272837e+01 8.704807028601516095e+01 9.423148794903818271e+01 9.347480422488069962e+01 1.018583857265886223e+02 1.032608803382069596e+02 1.116361349678822705e+02 1.115062075914743360e+02 9.987841787981108155e+01 8.368642515083459443e+01 6.376959916061942124e+01 5.881560692984064787e+01 5.522602552514338470e+01 7.511130031458792189e+01 9.423019957775734667e+01 8.291269528031349978e+01 6.327441020041602115e+01 7.711199421407155796e+01 9.689664698265730181e+01 9.749317045285177130e+01 7.763331685296556373e+01 6.604876951441809751e+01 8.011870751822966952e+01 7.653523135713098213e+01 7.060564998666279735e+01 5.694085351807753170e+01 4.619624342697570540e+01 5.505964381730649393e+01 6.759507928483589012e+01 7.772113223412341654e+01 6.063269924411449807e+01 5.032942163311262362e+01
6.268613990906990807e+01 7.553798065705892384e+01 5.541159047500681822e+01 4.387016500844357125e+01 6.391800969970608293e+01 7.185767950255424807e+01 7.580536366885736754e+01 7.399285845111897686e+01 8.829515846971324322e+01 9.733929315728835263e+01 1.090245291938024508e+02 1.093964868428866168e+02 9.942311777391014971e+01 9.113963883293811818e+01 8.456496281929865688e+01 7.888160931847589552e+01 7.188469625859148948e+01 5.194571935951415043e+01 7.188412381732595691e+01 8.025505406175692258e+01 6.619611650566788796e+01 5.849504076321780133e+01 7.238687198079247764e+01 9.222030946120699468e+01 1.056958401403408772e+02 9.045717809859493741e+01 6.208220041147031765e+01 6.046821572781692566e+01 5.699672855418518225e+01 5.367604622107216272e+01 5.054584673153509300e+01 6.226222692101175227e+01 4.268627169755417583e+01 4.546262909568813626e+01 7.423048899273642576e+01 6.323730024213450918e+01 4.314548535397784690e+01
8.285282218878700178e+01 8.390413643119502751e+01 7.061552698729427391e+01 5.052296077666615304e+01 4.798478346723869237e+01 5.175698558119334081e+01 5.567604506274346221e+01 5.976008006786944549e+01 6.873922807922293998e+01 8.040166338036080163e+01 1.006663990762062468e+02 1.010917384227871452e+02 8.118753924308927594e+01 7.142513090902205874e+01 6.491254997071825983e+01 5.917832657297437748e+01 6.639957815894959481e+01 4.924774421450252504e+01 6.926697801568720081e+01 7.200443060963134201e+01 5.217176678840541371e+01 7.200443060962703612e+01 8.410244885157305816e+01 8.410161740441758127e+01 1.041577656315840699e+02 9.898729535300061855e+01 8.756861800714627009e+01 7.431722261476981828e+01 7.653523135711115799e+01 6.481124059534191417e+01 7.161066182710807482e+01 5.733435996621852127e+01 4.028012366992960125e+01 5.250712164479342192e+01 6.479640186370784249e+01 7.146456699485605668e+01 5.802393295222223202e+01
8.660567943227850662e+01 8.337692189284464916e+01 6.319938858181401287e+01 6.470407269214226176e+01 6.805900541152000471e+01 5.483758753462453228e+01 7.496142457630442379e+01 7.992061578913737208e+01 6.734303082036240085e+01 8.162906483849673123e+01 1.018890380244682490e+02 1.093964868428866168e+02 9.942311777391014971e+01 9.113963883293811818e+01 8.456813619163278872e+01 7.106284649913834528e+01 5.149729896007033858e+01 4.657496636885733210e+01 6.356733693080143865e+01 6.813566125540320684e+01 4.814251811224653466e+01 6.813566125536432594e+01 6.414750603325262546e+01 8.410244885157244710e+01 9.533045400433448435e+01 8.703469594660366226e+01 9.533025065023072386e+01 9.412471422037158675e+01 9.274086355974733920e+01 8.451177308750136774e+01 7.556134617109165674e+01 5.614977165308265938e+01 5.481733025917082358e+01 3.709055038218522782e+01 5.089589222064689977e+01 7.050177820315408894e+01 6.627769924625319220e+01
9.499446253552839892e+01 9.174595384623189886e+01 7.745196104417104266e+01 8.488704810992531691e+01 8.078336098870273929e+01 6.061558173598167798e+01 7.125247805264082501e+01 9.146434269666532657e+01 7.446337506903691406e+01 8.384646185982111888e+01 1.041000994049897059e+02 1.102748827550761490e+02 1.019227585967056768e+02 1.019227585967056910e+02 9.525037408619340340e+01 7.226125890032932375e+01 5.975426786017069958e+01 6.123887619909292113e+01 4.328465958282868087e+01 6.050986078486808140e+01 4.424135493781972173e+01 5.144047194038020621e+01 7.148208309691268880e+01 8.979509019898888766e+01 8.541545591903263812e+01 6.728704948979397216e+01 8.541546510783388158e+01 9.073715246643607202e+01 8.235919402745093976e+01 9.073715247337692347e+01 8.375398347656819453e+01 6.840735010355611223e+01 4.874123447718062607e+01 3.492232156271341381e+01 5.148346227232398320e+01 5.962272534844986893e+01 6.533436699436384743e+01
8.637897194160788672e+01 9.468516523032366194e+01 9.768104273024212603e+01 9.246631780155871638e+01 7.223084301905910820e+01 7.223084301905909399e+01 8.915657067759399013e+01 9.982973172684316410e+01 8.211157224955339018e+01 1.023933147113694275e+02 1.124536838291224683e+02 1.019227585967056768e+02 8.178520737471571067e+01 8.178520737471572488e+01 9.603004506489601511e+01 8.644940700688813706e+01 7.676978302176668478e+01 6.291699403960647174e+01 5.417811411295814139e+01 4.005532296450780194e+01 4.034390737311075981e+01 6.076002911211042345e+01 6.147199364392239573e+01 8.149576111058824779e+01 7.716086861401483077e+01 5.713659791719447156e+01 7.716086861310107281e+01 8.067794316179191583e+01 6.228541201651821524e+01 8.067794316273126753e+01 8.438399437521026414e+01 6.469280915278689292e+01 5.085792887405116858e+01 5.146727099350083279e+01 3.195881948831535979e+01 4.572048075589702876e+01 6.502349255681555462e+01
6.637683039040678068e+01 8.051154914706545185e+01 1.005441836283696375e+02 1.008336300461689348e+02 8.390641689648848001e+01 9.246631780129807510e+01 1.008336300149279339e+02 1.023933147113694275e+02 9.646926327899905118e+01 1.107489209573708138e+02 1.120280941098506418e+02 9.181742308356068349e+01 7.762972756745988079e+01 6.770712833446027901e+01 7.952809731885784572e+01 8.785392326561991183e+01 8.921645116438243406e+01 8.019276843403002886e+01 6.867787129928215961e+01 5.749406685963422348e+01 3.694972211126827943e+01 4.486913069357557049e+01 6.334622337533232184e+01 6.998271575977818770e+01 6.161076915588273550e+01 4.967152846005445355e+01 7.048611039624717023e+01 7.147103738074363832e+01 5.237644300212863158e+01 7.232230302198314575e+01 8.420923820175202934e+01 6.950691670890971352e+01 4.990646856100502049e+01 3.865099959071166325e+01 2.992597670028611745e+01 4.668241161561815034e+01 5.482217690120055664e+01
6.339422156388138774e+01 7.753114303999316803e+01 9.755712684027746207e+01 1.125116796729146529e+02 1.041593598917621364e+02 9.965866850424292522e+01 1.079767912754256827e+02 1.225913133827201165e+02 1.166952400235937120e+02 1.187447137501784198e+02 1.165350964599637393e+02 1.060935128664855256e+02 9.108579610353616829e+01 7.106727458989608692e+01 5.963550297819806900e+01 7.289723253863785146e+01 8.120277781908386316e+01 7.928928730680999593e+01 7.106863503924874692e+01 6.581947899377655631e+01 5.501026261459468714e+01 3.446531962560099061e+01 5.257435922157914376e+01 5.351945367814774102e+01 3.945059337716091363e+01 6.160862834164664292e+01 6.567188823636028872e+01 5.156336941224451209e+01 4.530693163992212646e+01 5.530903060836189411e+01 7.566906728593725973e+01 7.770763537474223881e+01 6.635785655013330597e+01 5.759617866532442321e+01 4.668241161341772738e+01 2.715019425421561650e+01 4.402906364125297500e+01
5.784965868833090497e+01 7.198618623469906197e+01 9.200291826846697063e+01 9.852764296096609087e+01 9.021675548388978427e+01 7.962934633204702095e+01 9.640399533827289247e+01 1.064243423196908225e+02 1.187447137501784198e+02 9.850958569928887698e+01 9.629445394490426224e+01 1.105825964659617142e+02 9.943499775014251441e+01 8.441295559898951240e+01 6.446713817256795664e+01 5.298300192521119811e+01 6.726463753509119670e+01 6.780163422854818123e+01 5.107674877615877307e+01 5.790494742121028793e+01 5.628166714770647872e+01 5.257435922158016695e+01 3.211777897151024064e+01 3.099386840792955056e+01 4.938250206876714543e+01 4.831377135459119643e+01 5.073157658724609576e+01 3.693976072253934717e+01 5.156336941224451209e+01 7.147103738074363832e+01 8.358307402881801806e+01 8.030286659916588121e+01 7.339210322156834820e+01 5.334004451058755336e+01 3.949893361882568854e+01 4.402906429591060089e+01 2.449657901518269654e+01
5.566273026608493524e+01 7.565932499428544133e+01 9.161262453791809435e+01 8.696818058739913226e+01 7.021285844482585503e+01 6.809655108565183923e+01 7.808252111807949802e+01 9.810694679480037905e+01 1.148012558129516805e+02 9.459345540862295820e+01 8.203745009326046045e+01 9.764343701254526309e+01 1.060019035876540272e+02 9.274866127899807111e+01 8.120277781884945512e+01 6.726463753509113985e+01 4.722329003571064732e+01 5.954576893272889038e+01 3.918400436020684197e+01 3.750066697906782309e+01 3.587510237753574671e+01 3.430080222554874325e+01 5.094769990715187191e+01 3.348919616539161836e+01 2.942192243956094089e+01 2.835289795491256015e+01 2.780946015914895852e+01 5.073157658724609576e+01 5.949396838300280876e+01 6.779455464231573103e+01 7.577165912522092128e+01 6.253375119266480198e+01 7.576753236096151056e+01 6.736042847898913521e+01 5.911768864769376108e+01 5.216484318598659087e+01 4.143485176608249532e+01
6.917153876190987205e+01 7.701655100358073014e+01 7.160027748811543802e+01 7.160027748811543802e+01 5.867837588830782636e+01 7.280641894383381896e+01 9.281740186605634335e+01 1.064243423196908225e+02 1.092702140308306724e+02 9.459345540862295820e+01 7.449470502107485004e+01 7.751680300025293491e+01 9.437290996915633912e+01 8.987110504564365954e+01 8.154570464257213303e+01 7.293830854474816761e+01 6.190836211280806367e+01 4.165334494690078770e+01 5.954576893272903959e+01 5.202754625077917439e+01 5.589823136653197366e+01 5.008324922304968396e+01 3.746780960900787960e+01 5.114251460970279339e+01 4.352162405947423451e+01 4.681473525788899082e+01 2.692796676460437411e+01 4.536268892167996114e+01 3.950932131511565615e+01 5.949396838300280876e+01 6.809772882849220821e+01 4.933189755927986653e+01 6.809685568038759129e+01 6.723519793987532012e+01 5.278152782116789865e+01 4.553143865720647909e+01 4.889836350299812295e+01
6.015639229307480207e+01 5.702077753899919088e+01 6.570511590339438612e+01 5.160881190240439764e+01 6.314945926720025682e+01 7.727964911314180085e+01 9.730285337600123796e+01 1.152152625802173560e+02 9.498898211068006958e+01 8.075470991491769723e+01 7.185083125669534354e+01 6.606345207050098622e+01 8.602331938698719682e+01 8.154570464257213303e+01 6.161042402880325852e+01 6.464709386628406662e+01 4.452160784774270041e+01 4.856469461125883669e+01 6.858019586358308572e+01 7.209424911358252075e+01 6.109419325499528952e+01 4.295072826944954159e+01 5.353398267548654843e+01 5.003763101649587242e+01 6.351298460445809013e+01 5.510668244711371244e+01 3.950932131505904010e+01 2.549378952566868861e+01 4.392904429367968788e+01 5.221537783751528394e+01 5.880046169983747006e+01 4.186436963886720264e+01 5.172554816188847582e+01 5.485366348866396180e+01 1.928774213379890412e+01 1.922493387174308310e+01 3.671335396434989207e+01
4.016114647740563726e+01 4.288213325424596434e+01 4.571076150076135036e+01 6.570511590339438612e+01 7.819555066745186878e+01 8.526370367538142148e+01 9.356961758347088676e+01 1.035854326010781534e+02 1.092702140308306724e+02 1.002528198674115743e+02 8.118234051585410782e+01 6.130074668691426609e+01 7.566818081653683237e+01 7.299202213924964155e+01 6.744933253571942089e+01 4.743734563461249110e+01 5.622055941402946644e+01 6.858019586358307151e+01 6.015442274132808365e+01 8.009001599510747837e+01 6.745453038546104096e+01 4.837413374575653791e+01 6.745453038546104096e+01 6.908607780985867919e+01 7.734632035207705769e+01 6.779452313952671716e+01 5.365192261445378108e+01 4.392904392636165767e+01 2.408080954460914924e+01 4.250429025127490235e+01 3.699504206234604453e+01 4.351334482690212013e+01 3.191976246809177908e+01 4.596299612253643119e+01 3.726991307736434322e+01 1.769525289886916397e+01 1.714204657245786123e+01
5.637764601933854181e+01 6.287740399169997829e+01 5.725502641373994805e+01 5.188323180882071739e+01 5.820672297274082041e+01 6.527194798589702884e+01 7.525642972883768778e+01 9.527097762192511254e+01 1.060929928171833865e+02 9.446683083125527958e+01 7.980910980580009095e+01 5.994927851453086731e+01 5.582281692071992296e+01 5.311597478147748319e+01 5.044981449764537729e+01 6.090806768876426958e+01 7.512789445986760484e+01 7.615795399380684216e+01 7.162637829334656203e+01 8.841428011087238303e+01 7.559157113980977272e+01 5.774094049552272878e+01 7.559157113980977272e+01 8.455003285504660937e+01 7.379442167530363861e+01 5.961758924188757192e+01 5.130533175220568864e+01 4.813727496114227478e+01 4.250429025127001381e+01 2.268319433906437510e+01 2.170897725977045312e+01 2.413175169375316997e+01 4.037730840811854449e+01 3.770745042884042419e+01 1.847334687194065239e+01 3.723800103651258553e+01 3.671289413191728102e+01
4.707088543517583190e+01 6.706489215038190821e+01 7.138678793697441449e+01 6.601658476744010784e+01 6.187834960378986437e+01 8.187070707672592107e+01 9.356961758347088676e+01 1.035854326010781534e+02 9.774037562012154012e+01 7.761482828471677919e+01 6.616044829783950831e+01 7.980738765951176106e+01 6.569231982561008465e+01 7.299202213924964155e+01 5.392065031130918840e+01 7.358803191389505116e+01 8.714725451931457201e+01 9.620549950573457920e+01 9.165156010414042953e+01 9.999621913535351325e+01 8.535524646928648451e+01 7.717284705578330772e+01 8.535488824909785421e+01 7.449830133826519329e+01 5.616181512610539528e+01 4.544075680847150522e+01 3.126795350882004598e+01 2.814699588619271609e+01 4.357718964699112263e+01 2.368469642739835734e+01 4.010988745092334540e+01 2.034880013745841509e+01 1.979782655833697547e+01 1.924744483871332790e+01 3.637387614418988591e+01 4.541933990443601488e+01 5.221970636642202379e+01
5.861326121516705001e+01 7.535788992337266734e+01 9.138987484472939116e+01 8.601685492547851197e+01 7.600716822974952436e+01 7.600716822974952436e+01 9.602654208459790652e+01 1.079996244997436747e+02 8.779546371268189375e+01 7.362594657023441869e+01 8.612088544843705051e+01 8.562949635486407374e+01 8.563329870352845319e+01 7.767735861935986463e+01 5.783051331354388935e+01 6.535564285131995632e+01 7.526352443785459911e+01 8.942385518997289751e+01 1.096100284088108481e+02 1.070446019034092870e+02 9.750729290457769594e+01 8.912421685927721171e+01 8.032890260807623406e+01 6.030829892377259682e+01 4.615137401526641980e+01 3.613706496180751770e+01 5.130533175220993769e+01 4.378722634610944908e+01 2.432793921063012732e+01 2.201004296770445379e+01 2.131786433012164750e+01 3.928453513194222069e+01 2.990022861265279985e+01 3.891975611183024597e+01 2.553551990746224831e+01 4.532430772817442488e+01 6.005204409756798611e+01
7.861003471129576781e+01 8.690997491850630752e+01 8.775610478448382423e+01 9.600170545890902929e+01 9.602654208459790652e+01 9.602654208459790652e+01 1.043399887563130193e+02 1.139129977885387461e+02 9.371312539902899630e+01 8.026608629807211059e+01 1.004366449302549285e+02 1.057027945188642093e+02 9.593441652178582046e+01 7.585408870543624005e+01 6.185482445183662747e+01 8.173548048740376260e+01 9.363841034963976995e+01 1.036879795770854855e+02 1.040488990433638179e+02 9.396501069854136290e+01 7.851554934731346691e+01 6.907595575138738297e+01 7.275488021113891079e+01 6.171958940730948484e+01 4.168074881293744482e+01 5.616181500239735414e+01 5.706741342250955995e+01 3.702633861168129670e+01 2.303247719862714149e+01 4.182328641597214869e+01 4.111839966901609245e+01 4.633190912024724639e+01 4.192394633555902317e+01 4.988625528116046581e+01 3.029115637869579558e+01 5.025190263324269324e+01 6.646650755188112214e+01
