MOVIE_S10_data/elevation_000918.asc
nrows	100
cellsize	150.0
xllcorner	0
ncols	100
yllcorner	0
NODATA_value	-9999
[rows 68 to 84 of 100, columns 37 to 73 of 100]
7.255409221611139969e+01 5.888068323018011085e+01 7.824413232304212329e+01 8.874788256422115751e+01 9.574135779285494152e+01 1.040619217810952222e+02 1.130123711485191933e+02 1.246285699879321243e+02 1.101715637195089954e+02 1.018431680157430463e+02 8.575457517177603961e+01 7.397056561225942062e+01 8.896173652134638132e+01 7.071899480835777752e+01 8.896173652134638132e+01 9.013461309875934546e+01 9.842666135242133407e+01 8.588727534086302740e+01 6.575316105159387803e+01 5.174604017484948315e+01 4.309166578358377109e+01 5.472383696568252276e+01 4.830546963931430327e+01 2.832707848497495817e+01 2.715352257019308979e+01 3.917399805862321216e+01 3.850630570099227867e+01 3.140921664198717522e+01 5.125814337751368299e+01 5.991644548460558184e+01 4.580709173235016607e+01 2.587207528812381696e+01 3.987233636069120024e+01 4.870181209231969888e+01 5.463604498000103860e+01 4.374902808090516260e+01 2.378008177967443970e+01
7.531255562992018326e+01 7.824413232304212329e+01 6.478077896694385629e+01 6.915760371743952817e+01 7.596082275994669430e+01 8.470856506544623699e+01 9.617481008065993819e+01 1.162677236803026801e+02 1.018431680157430463e+02 8.189438215491081507e+01 8.575457517177603961e+01 6.583850103794736697e+01 7.684783605014278862e+01 6.074498906832337752e+01 7.604207826692547201e+01 7.020475921136466013e+01 9.013461309875934546e+01 9.177422522015898210e+01 7.165030659373590538e+01 6.274884804275656336e+01 5.431425247819027646e+01 6.245228566482384736e+01 4.244567460568940476e+01 4.731047625062212347e+01 3.456663210401033126e+01 2.551184498180843718e+01 2.436888955457543915e+01 3.712003899171506305e+01 4.159916616258415445e+01 4.019761950470510214e+01 3.442467061220784075e+01 1.983934860006702294e+01 1.918429520083740769e+01 3.767228800523692200e+01 4.633471552864477871e+01 5.202578296918202483e+01 4.123311838440428545e+01
6.087349603103837126e+01 8.022880925413718955e+01 8.425356433285806190e+01 8.874788256422115751e+01 7.882964492922016575e+01 9.020403167811969070e+01 1.102255480881209309e+02 1.134073411999388412e+02 9.337760569738618699e+01 7.931358655669627922e+01 6.783545796727067057e+01 6.206846620717899299e+01 5.689971054665694083e+01 5.318000068432530725e+01 5.609157796852754529e+01 7.604207826691090588e+01 7.849002429025578920e+01 8.677650010058286512e+01 9.110261341799325407e+01 8.260182662724722036e+01 7.427071985025979473e+01 7.073464658595842991e+01 6.245227921349195555e+01 5.429541497499584324e+01 3.773965230328807507e+01 4.550850625778684133e+01 4.278353279878570703e+01 2.281097554627354995e+01 2.212489804089166867e+01 2.144578906385493866e+01 2.077707164520340299e+01 3.894632158713407222e+01 3.647201531418527765e+01 1.825986801674724802e+01 3.692117903902484954e+01 4.531984877307731807e+01 4.946529548204193816e+01
7.445790355519376646e+01 6.614374048955566820e+01 7.982357681355840384e+01 9.966366130742447638e+01 9.020403167811969070e+01 1.069943871239348994e+02 1.185780189015394228e+02 1.182212682906130681e+02 9.816227397582754577e+01 8.407386639289649111e+01 8.773724625685980527e+01 7.615485038954558661e+01 7.101123014263484379e+01 6.850213443208404840e+01 4.852355510506568947e+01 6.438086819449517861e+01 5.853666438599275068e+01 7.849002429025547656e+01 8.912014071136793802e+01 8.082586278204597363e+01 8.082586278204597363e+01 8.043375551399333290e+01 7.215375953501745698e+01 6.493270451756403361e+01 5.270272764771916485e+01 4.407146504320241576e+01 2.408237264280123213e+01 4.278350349970483535e+01 4.207919098629150056e+01 2.077324512116608801e+01 4.068484646983807806e+01 4.787187081397861732e+01 4.493040287427024992e+01 3.708399594884475192e+01 1.733499117994171712e+01 3.615548021969300407e+01 3.548421841722219483e+01
8.972587832851678513e+01 7.010481124518565821e+01 8.388802473022917638e+01 1.038197036606513564e+02 1.102255480881209309e+02 1.185780189015394228e+02 1.076903449135795512e+02 9.935817845544735860e+01 9.716320923436927615e+01 8.985786522794819575e+01 9.817257137040732573e+01 9.608444957236189055e+01 9.093864919027549831e+01 7.677790236210095998e+01 6.438086819449517861e+01 4.439487446158886286e+01 6.056968872784943159e+01 6.884577434272912910e+01 8.082586278204597363e+01 6.082217999827764032e+01 6.082217999827764032e+01 6.890073508986564832e+01 5.218254009815925087e+01 5.494128781912829851e+01 4.536525214033416376e+01 2.536882529983439838e+01 4.407146504268401088e+01 5.235003803993742366e+01 5.511195106820267853e+01 3.511747706827923565e+01 5.511274944569603917e+01 5.896992786420523203e+01 4.357603300475927455e+01 2.363013083537270376e+01 3.615394307347966674e+01 1.641510460113014247e+01 1.577132984557547779e+01
8.839918783402903557e+01 7.449484933065866699e+01 8.581306824859223070e+01 1.057996901562150782e+02 1.140563994203939018e+02 1.040294172832108472e+02 9.570175782362809969e+01 7.937055455448911800e+01 7.718764439645090647e+01 6.991131369128608242e+01 8.621281963959593497e+01 8.699125013192136180e+01 7.873415193589032413e+01 7.878474240357543579e+01 7.265658224164080536e+01 6.056968872785203217e+01 4.058179944757757340e+01 5.688962002049684230e+01 6.457737317527428900e+01 6.665488394439005049e+01 4.666062392007024329e+01 5.665910280747892358e+01 4.063450167753877196e+01 4.666976582887449609e+01 2.667138281575805436e+01 4.536512432887437996e+01 3.951063602480349601e+01 5.949955439145590219e+01 6.339342181714840763e+01 4.666773928012442951e+01 6.339342181714805946e+01 5.065651565935601042e+01 3.063241630589370601e+01 4.357481818406905205e+01 3.866271230499300060e+01 1.876372675876823237e+01 3.549940726348726372e+01
8.839918783402896452e+01 8.097753464586457994e+01 1.009018456035543068e+02 1.141485245301838063e+02 1.057077044830163857e+02 8.569581116423971423e+01 7.574980200226156057e+01 6.910905689610322611e+01 6.311274635480137363e+01 5.844409844412651722e+01 7.208094500304852659e+01 6.978819373774730650e+01 5.879701166305864035e+01 5.888996302247549863e+01 6.235615617972484159e+01 6.004234641656824323e+01 5.688962002048650390e+01 3.690225429680510416e+01 5.234765562137513939e+01 5.232920504516858529e+01 5.132393663092973668e+01 3.665254586349947630e+01 4.798117970709689217e+01 2.798314451003311021e+01 4.666522344604339878e+01 5.494444664275856383e+01 5.949954941954354126e+01 6.777930530480313109e+01 7.493243588765078300e+01 6.664904956001502967e+01 5.921002898760617228e+01 3.915043589772681543e+01 5.065651565935601042e+01 5.887889230082700465e+01 4.246500426030093678e+01 2.182209804075516146e+01 4.247112056563254612e+01
1.084106473234513288e+02 9.241852999077153186e+01 9.501786128518958208e+01 1.151070403457414670e+02 1.140563994203939018e+02 1.040294172832108472e+02 9.570175782362809969e+01 8.905110588317252507e+01 8.303835187944561369e+01 7.246902350511277291e+01 5.260491914507198885e+01 4.992126814124610945e+01 4.732249893175545452e+01 4.482410959600405675e+01 4.245201199099884093e+01 4.012935124407373166e+01 3.785270176994401936e+01 3.559007567311190456e+01 3.334066370218454978e+01 3.233164540195757297e+01 3.132628396934387638e+01 3.032829297523190348e+01 2.934475683981861494e+01 4.244323167089444127e+01 3.364044908523349164e+01 5.363463854367049066e+01 6.794068895954885079e+01 7.793094012833269346e+01 8.501547068878491586e+01 6.491984130429410982e+01 5.072166398268087306e+01 5.332707705846411983e+01 6.752800542551754859e+01 6.070239143813056160e+01 4.640175425220735406e+01 2.600075892451820536e+01 4.640175425194610881e+01
1.208498512068427715e+02 1.124902702389369153e+02 1.151070403457414670e+02 1.234677645643160560e+02 1.205064876708219828e+02 1.121461462658690493e+02 1.036310391748073272e+02 9.208892016804460923e+01 7.778416811128656150e+01 5.789671803382439919e+01 7.246902350511277291e+01 6.395831937754037000e+01 6.720193900173812551e+01 5.477551049756503687e+01 6.235615617972484159e+01 6.004234641656821481e+01 5.513249168748917128e+01 3.513630572468226632e+01 5.333853145693624498e+01 5.232919925436411290e+01 4.132189989889511850e+01 5.032653197341873863e+01 4.934376593776466535e+01 3.639415348288204655e+01 5.363463854367049066e+01 3.966917198985001392e+01 4.967424273951736069e+01 6.380808318493559739e+01 8.375980681678073836e+01 7.912620196996014954e+01 6.491986109671444183e+01 7.341339156783347164e+01 6.740392016278551068e+01 5.231622126253751759e+01 3.229261927418627209e+01 4.640175425220735406e+01 5.112755794802090747e+01
1.181177714267063266e+02 1.149043420236926920e+02 1.067355208164198217e+02 1.149043420236926920e+02 1.121461462658690493e+02 9.209903698714528275e+01 9.530622346908923248e+01 7.535873705775944131e+01 6.387198208580024783e+01 6.935997491759115974e+01 8.607304875363715269e+01 8.386275548508989175e+01 7.465850748841366169e+01 7.465850748841366169e+01 7.807250146572197025e+01 6.285438203461121986e+01 3.697740690992783641e+01 4.331109077332614277e+01 4.358323636601402029e+01 6.218578696720327059e+01 6.100782464299788899e+01 6.100782221145997397e+01 6.145382606398995051e+01 4.152101959597892034e+01 6.145382748066575829e+01 5.966302523993020657e+01 4.697530849752516247e+01 5.698235950885554502e+01 7.109671853066849678e+01 9.104616562871979113e+01 8.501791344168168507e+01 7.534157247736138174e+01 5.899908310135427314e+01 3.895035598327858395e+01 5.231622126253751759e+01 5.998009338882039998e+01 4.270362164234811075e+01
1.067499733022506376e+02 1.050606342275560792e+02 8.706213188502454159e+01 1.050606342275560792e+02 1.121461462658690493e+02 9.209903698714528275e+01 7.802692175251583251e+01 7.139170270112605010e+01 7.535873705775944131e+01 8.929183002026087479e+01 9.760336410516821104e+01 1.029215821128196353e+02 8.955070917455195456e+01 8.128780163756229626e+01 6.978763345079532598e+01 4.977823360596670454e+01 3.828068521607993091e+01 5.509615768255736867e+01 6.284973398236089537e+01 5.372257654779055969e+01 7.326935558690874473e+01 8.023215166403026899e+01 6.722228191863291613e+01 4.724009801371793316e+01 6.722228191863291613e+01 7.401934624661141982e+01 5.405439828121849644e+01 6.696067123579857139e+01 8.522652872914187583e+01 9.565611349581088518e+01 8.542587222073241549e+01 6.691115458006859740e+01 4.673909762557730829e+01 5.307889683989737506e+01 6.478132752446155962e+01 4.568108413735272677e+01 3.426090992820883230e+01
9.858887351249369146e+01 9.689882635072224559e+01 7.721873002169569133e+01 9.616396519756848704e+01 1.043264625611706720e+02 1.063027623289837180e+02 9.797069935169533039e+01 8.133947357705240222e+01 9.530622346908923248e+01 1.036310391748019839e+02 9.696905493307710344e+01 8.869143733273951113e+01 7.804404477314623989e+01 6.136253986550484285e+01 6.665551671164514858e+01 5.955867973899675150e+01 3.959042945282318016e+01 5.955867031782617715e+01 7.398081072374635880e+01 7.326935558692665040e+01 6.748254148428320320e+01 8.723996067647325958e+01 7.389834493979600438e+01 5.387060539470660814e+01 7.389834493979600438e+01 8.229999042677923171e+01 6.405108317348106084e+01 8.229999050671320049e+01 9.522328128831418326e+01 8.717646939708089349e+01 6.688986660808889440e+01 5.679017337544800625e+01 6.097624311751771131e+01 7.329157137856974202e+01 7.235538750301681432e+01 6.146266502227857842e+01 5.375364739539951842e+01
9.163206085069555229e+01 8.994086156639257013e+01 7.023667724591390993e+01 7.647228224243907846e+01 9.039804935801296892e+01 1.100841174169251815e+02 1.096459244852658372e+02 1.013060733935526088e+02 1.096459244856901876e+02 1.057939128769814943e+02 8.869143733273951113e+01 6.880475025949775159e+01 6.978402843269924460e+01 4.975398749337076509e+01 4.661336478177668141e+01 4.361407203455879511e+01 5.343072456779604096e+01 4.168077477921381302e+01 6.490566229950108834e+01 8.444114848008653951e+01 8.723996067647325958e+01 9.561873617129249681e+01 8.220588140487835460e+01 6.388802248438327069e+01 8.220588140487835460e+01 9.228064932803620479e+01 8.398760932363636300e+01 9.228064994385380260e+01 9.425904859918580314e+01 9.567071646834548915e+01 8.548509365179053532e+01 7.703190348997712533e+01 8.123929832156483144e+01 7.112159364064373790e+01 6.085283543517081029e+01 5.246181163655060686e+01 4.913157541817945173e+01
8.569299562170969864e+01 8.370985137754362881e+01 6.396821875976057470e+01 8.370985137754362881e+01 9.467186322906553642e+01 1.034789897604599531e+02 1.148476281709419169e+02 1.124405263414798952e+02 9.250068594798906929e+01 8.588872503329400843e+01 8.588872503329409369e+01 7.462942604791538770e+01 5.465133988226353523e+01 6.978402843269655875e+01 6.665594735096011902e+01 5.519110144672292506e+01 6.244468843389756785e+01 4.317006200812021177e+01 6.319152666673775798e+01 6.446572162749536972e+01 7.599774808315481778e+01 9.597504792324906475e+01 9.223339613332524323e+01 8.390982016809194022e+01 9.222959874795310498e+01 8.919117326391092604e+01 9.756906718384168187e+01 8.840376290446334906e+01 7.421104099114526775e+01 8.336939283188691263e+01 7.502219517443317898e+01 8.336938645566888795e+01 7.740342216096748018e+01 5.665719519234600909e+01 4.238783458284081007e+01 3.238488750334586541e+01 4.078044602850064138e+01
8.042001681294647142e+01 7.357008570527985114e+01 5.927449731922792608e+01 6.678641972574513375e+01 7.562841027995506238e+01 8.700026499505558775e+01 1.066795270213971207e+02 1.065675475289216365e+02 8.667400110114178347e+01 7.266480320390414249e+01 6.602178722629737706e+01 6.046280851952626278e+01 6.622405090321396415e+01 8.288690259408930672e+01 8.343120453235748357e+01 7.516797045342684669e+01 6.472908475430227782e+01 4.468180001647245803e+01 5.178656390650234442e+01 6.595651371092252191e+01 8.593330926549846538e+01 1.042983660490768756e+02 1.039814035146212774e+02 9.229173587549324509e+01 8.390536123539972380e+01 6.903452713026644005e+01 8.419720255877776083e+01 8.008296646548431852e+01 6.003556212659012914e+01 6.740387468701466389e+01 5.493072397043284383e+01 7.331480248834778024e+01 7.572078606792042876e+01 6.817273272927522498e+01 6.083578275806329572e+01 4.240698037891235117e+01 2.244531797661228367e+01
6.901935522169085857e+01 5.373391140802540633e+01 6.004779584097808964e+01 6.707310270494087945e+01 7.591387081845456919e+01 8.728485502661976625e+01 1.069597744384075781e+02 1.065675475289216223e+02 8.667400110114178347e+01 9.099286151953810986e+01 7.113544867459998500e+01 7.198529328690158025e+01 8.611138202391579455e+01 9.438256979638917699e+01 8.695461134427266359e+01 7.800992691746365892e+01 6.631432447294069732e+01 4.625766945160620480e+01 6.631473497392913430e+01 7.764266405450943864e+01 8.088892620116293131e+01 1.008916533170005323e+02 9.559536773616032690e+01 7.534768253603250798e+01 6.382149341431004075e+01 5.754451286368475849e+01 6.410715469842224934e+01 7.834137200330980022e+01 6.740387468701466389e+01 4.734844416887424501e+01 4.490070337216823049e+01 6.492198694415554883e+01 6.817268879598377396e+01 4.826779953950858726e+01 5.340407983456498187e+01 4.353098663150638004e+01 2.355093133542214190e+01
4.914154493177159111e+01 6.901935522169085857e+01 7.982308995267619878e+01 8.679626795047826704e+01 9.495037339706837543e+01 1.037542855538132329e+02 1.151165118884201632e+02 1.148925470181748665e+02 1.065675475289216223e+02 8.733912993108236833e+01 8.516574855006950884e+01 9.184413616450527229e+01 1.001269643468399124e+02 9.018531832662364423e+01 7.022554330247925236e+01 5.867806112492636572e+01 4.969342075079720900e+01 6.631473552223309298e+01 4.931766749697278840e+01 6.090765258352998046e+01 8.078690255758692729e+01 9.492018938519294124e+01 1.004521059406596208e+02 8.018656522466660874e+01 8.390536123026710413e+01 6.999139322807320696e+01 5.002059669237705464e+01 6.351207003884156421e+01 7.184474351863447339e+01 5.737615942727419593e+01 3.733808725678773754e+01 5.102159367818487823e+01 4.970108979015186179e+01 4.829895493167493470e+01 3.411917139957147782e+01 2.519876928382085879e+01 4.353007096993096781e+01
