MOVIE_S10_data/elevation_000525.asc
nrows	100
cellsize	150.0
xllcorner	0
ncols	100
yllcorner	0
NODATA_value	-9999
[rows 0 to 16 of 100, columns 37 to 73 of 100]
1.141590070164615298e+02 1.119543999257470404e+02 1.091591471588739921e+02 1.009936216971898517e+02 1.025266285843655965e+02 1.106881072066541805e+02 1.079840602072862055e+02 9.972491330111537877e+01 1.023351220689470154e+02 1.105808257754496111e+02 1.173000548688992524e+02 1.091963234631749202e+02 1.173000548688992524e+02 1.090760802381725938e+02 1.008005776644907314e+02 1.071451100860508490e+02 1.084479008759105341e+02 1.167575181202252139e+02 1.149765611176208040e+02 1.232147901398651442e+02 1.373299880796275261e+02 1.379209121546369374e+02 1.265613666215750328e+02 1.184013980011406773e+02 1.114588862838267289e+02 1.055388962866280167e+02 1.002900899418120275e+02 9.552567647422600317e+01 9.113345439697953054e+01 8.160093611711921824e+01 6.202051972541453040e+01 5.839660541366663438e+01 7.291244511071384693e+01 6.960321460838950713e+01 7.635810273379415491e+01 8.449023186189064916e+01 8.593395876783698384e+01
1.061151724850311950e+02 9.211874810264262692e+01 9.211874810264262692e+01 8.104892487115347421e+01 8.259876864529786644e+01 9.922068275871988874e+01 9.641853448671250248e+01 7.965442358484619945e+01 8.225624319797540807e+01 1.023351220689470154e+02 1.072971484429614577e+02 8.900756300747880800e+01 1.041405932617577861e+02 9.588220231033838559e+01 8.042550929642622748e+01 8.671383372014025781e+01 8.792316082107319630e+01 1.020953366270233431e+02 9.460955689650569411e+01 1.090995922001026059e+02 1.270156331317953118e+02 1.297470259637681238e+02 1.100958218887233073e+02 9.876500954602165905e+01 9.182450070046148483e+01 8.589966125480154346e+01 8.064590997083958257e+01 7.588313638200467892e+01 7.150248865727608916e+01 6.742898741596667378e+01 8.160097266642318914e+01 7.291243041917226719e+01 5.333477343829616757e+01 4.998949723318906280e+01 5.675997318036428396e+01 7.316941826987353181e+01 6.646027673417029291e+01
1.061151724850311950e+02 9.211874810264262692e+01 7.209543496468566559e+01 6.943124026202598031e+01 7.098771486649360440e+01 9.102127328417172691e+01 8.813721066065971854e+01 6.833883577930933484e+01 8.813721066065971854e+01 8.387102940103201831e+01 9.221590989770572833e+01 7.886734874828273689e+01 9.252523356143838384e+01 7.568832631276087852e+01 6.898893175333989802e+01 7.241759137903898136e+01 7.607857845300817701e+01 8.147683812720829621e+01 8.935059075433598252e+01 9.863849297714328657e+01 1.130205334528256884e+02 1.329125636437778155e+02 1.265613666215750328e+02 1.184013980011406773e+02 1.114588862838267289e+02 1.055388962866280167e+02 1.002900899418120275e+02 9.552567647422600317e+01 9.113347098452892681e+01 8.704015541565365766e+01 9.518119713254199610e+01 8.104142642101940908e+01 7.291244511071384693e+01 6.504311795052124978e+01 4.535494204670182228e+01 6.079705661359081859e+01 5.306711181212791217e+01
9.600529741697233987e+01 9.341838998307642328e+01 7.358850521875045558e+01 5.924810207660463135e+01 7.945489293889910698e+01 9.722893738281072729e+01 8.216777602972918260e+01 6.240975612251898497e+01 7.540092035791174396e+01 6.368748688286726889e+01 8.053068574527320322e+01 7.079936299039567871e+01 8.013256540560726648e+01 6.439281633852620246e+01 7.177005211385801431e+01 9.182607631840332374e+01 9.659793668020311941e+01 8.572423490349551400e+01 1.063063777460082804e+02 1.180419934947429681e+02 1.270156331317953118e+02 1.377487103300460092e+02 1.264142453364616188e+02 1.176385334302814130e+02 1.095047695752941905e+02 1.025680322715830499e+02 9.636011851114555782e+01 9.069181604245569872e+01 9.715240491252689026e+01 9.252644758405781999e+01 8.999968569403448271e+01 8.804131626835423674e+01 7.419264684340144811e+01 6.607315805087371530e+01 6.079705673590480330e+01 4.101198754568468274e+01 5.192354310467165845e+01
8.730453693690600403e+01 8.901719160156440580e+01 6.894006713053080659e+01 5.426854286887824230e+01 6.894006713065813585e+01 7.755455027445320582e+01 8.228947713798845598e+01 7.006309373318559608e+01 5.455586915034201212e+01 5.205697097113471727e+01 7.218642479112202182e+01 7.666939083921639053e+01 6.032811755901089867e+01 8.013256540560726648e+01 9.177618376398014277e+01 8.594457113359187872e+01 1.047586550179273246e+02 1.002032681286960099e+02 9.880353070285522676e+01 1.132565780948217338e+02 1.335981005687476681e+02 1.296014983018040425e+02 1.099850545883256387e+02 9.866300762347444220e+01 8.988471362823857191e+01 8.293688527069978988e+01 7.672454277426770375e+01 7.106752951551810327e+01 7.752613013388638308e+01 7.291368518111909225e+01 7.039240927719309582e+01 7.739255978281339310e+01 6.033516158105452831e+01 4.641051271503249609e+01 4.416519190578371479e+01 5.836628622323330262e+01 3.850947486636670192e+01
8.445136766816276008e+01 8.233164065512025331e+01 6.206111567950770791e+01 4.960101593910589202e+01 6.500829778761344357e+01 5.619920653538693500e+01 6.563840275138430513e+01 6.710124212574825719e+01 4.949941366441358781e+01 6.961791318992860056e+01 5.468716171243750068e+01 5.656458402962523024e+01 5.953980717958493329e+01 7.963178149904510406e+01 9.221863947085982716e+01 1.052993262309357334e+02 1.126328919448704369e+02 1.194377268209271676e+02 1.191453680022299295e+02 1.276212306701340680e+02 1.315780136325206513e+02 1.202535144704137622e+02 1.114819062259003175e+02 1.033546489466027651e+02 9.844777765694324501e+01 9.381877298070372717e+01 9.003886789922505329e+01 8.327453292711970789e+01 6.368879527558454612e+01 5.910361657943819580e+01 5.658331014996316100e+01 6.929527956237825492e+01 4.969106747779208888e+01 6.607291105836208089e+01 6.387497675853968815e+01 6.532245060014263061e+01 4.563163539644728672e+01
9.306739107443985404e+01 9.059260202306489873e+01 7.714785869975511901e+01 6.500555691328924013e+01 4.416860802487681781e+01 4.400939775065684501e+01 4.555471699639043237e+01 4.713648143172912341e+01 6.725764723173074344e+01 7.787917151641569546e+01 7.479876248760666613e+01 6.263092938934691745e+01 7.963151911145232020e+01 6.386943724629325914e+01 8.396587715839609700e+01 9.675926856852278490e+01 1.108726110044740949e+02 1.201068285471864101e+02 1.166807176585333536e+02 1.247694832590058951e+02 1.234416085915223817e+02 1.038387690927831386e+02 9.251525367504017083e+01 8.372716378796474146e+01 7.880857407666427150e+01 7.417781003397698214e+01 7.040896454420132500e+01 6.690406154968420083e+01 6.356632331065937080e+01 7.865813029113922994e+01 7.265095255885323411e+01 5.308622647257548266e+01 6.929621072469730336e+01 6.929597497736861555e+01 7.917608461741588144e+01 5.958409437459945934e+01 5.958410088180059461e+01
1.011876741823900971e+02 8.153806057677077490e+01 6.889869229406734519e+01 4.884596501542301183e+01 4.184567022268764447e+01 5.983780294696648383e+01 6.563767800603859826e+01 5.534454987643336210e+01 6.725603562472953456e+01 8.733240354856184240e+01 7.267442256679576928e+01 8.272709108055025240e+01 9.097170824656676302e+01 8.396587715839609700e+01 6.840289536478644550e+01 8.264578141794392252e+01 9.202926761020172819e+01 1.026187294598874189e+02 9.679406323406790591e+01 1.166807176585333536e+02 1.276984210351049711e+02 1.080931184397762337e+02 9.422772881699550851e+01 1.033546489466027651e+02 8.660603581693671060e+01 8.807144765494568617e+01 8.429007845022249512e+01 8.076427199228488973e+01 7.740267718945364095e+01 9.091050231011749361e+01 8.078217348178328905e+01 7.265121241941615438e+01 8.078217348161517464e+01 8.889341298659516610e+01 8.726832824898632168e+01 7.917608530967548575e+01 7.917717772421137568e+01
9.564013842866945936e+01 7.573802398322948193e+01 6.152237791708347459e+01 6.600618340593216260e+01 5.777331654295189622e+01 3.987252724620689293e+01 5.990082944139732035e+01 7.547684150985128326e+01 6.958851985304377763e+01 8.968826649112980931e+01 8.692241111876104753e+01 8.542242285149168879e+01 1.053885190151200959e+02 9.675929785103828351e+01 8.852194353914671865e+01 7.333866773861647914e+01 7.773118376784810835e+01 8.249967636349870759e+01 1.026187294598858841e+02 1.196657685342015895e+02 1.295134601813372797e+02 1.219659795442096026e+02 1.055499730708184103e+02 1.143593510577666308e+02 9.794217905426499726e+01 1.076940437295191231e+02 1.039176733542344522e+02 1.003924532434400732e+02 9.702624792994659231e+01 9.626026583481991850e+01 8.181793968999282640e+01 7.362856831236673827e+01 8.181793707699961260e+01 8.854889389012444667e+01 8.042266594822839920e+01 7.422498129250550392e+01 6.846238348874044277e+01
8.299013470910649914e+01 7.130118425363656343e+01 6.264133645957215180e+01 5.594358109093132470e+01 3.790958405117161334e+01 4.430488407842929632e+01 6.371809233131060779e+01 8.355781584165468701e+01 8.968879097951698043e+01 9.792354839220644180e+01 1.068785709664902726e+02 1.053535058832661520e+02 1.053885190150678852e+02 1.076368608522588204e+02 8.761678314111321697e+01 9.348052826288942185e+01 8.500181314171962299e+01 1.026187294598908011e+02 9.157210851127730677e+01 1.016599824067442199e+02 1.214512846687660925e+02 1.332913487336946901e+02 1.251534530873068007e+02 1.256855243440836176e+02 1.175517453183705783e+02 1.086104905248708263e+02 1.003500069732163951e+02 9.375823044568925013e+01 8.780412594417494176e+01 8.316099313856548747e+01 6.787770180037868784e+01 5.406177697250851111e+01 6.873587199530727787e+01 7.688970021541298649e+01 6.078463666340662996e+01 5.449105764974448363e+01 4.870445101857357173e+01
7.434714965864255021e+01 5.434993564721759185e+01 4.377425711866448665e+01 3.600510906507982867e+01 5.586030532809535742e+01 6.305640417793941310e+01 5.510654714019175060e+01 6.917032915641041768e+01 8.963919818171565623e+01 1.005242972358360163e+02 1.028140434976698572e+02 1.111745080889414083e+02 1.249335758295724901e+02 1.157744996249565332e+02 1.076368610672514734e+02 1.132126264898945180e+02 9.665926064472223800e+01 1.132126264898940775e+02 1.032027477970457738e+02 1.196657686697965914e+02 1.295134602103369161e+02 1.368934794265388746e+02 1.285748713760774251e+02 1.243425327148251114e+02 1.044239417431867878e+02 9.044205226016620713e+01 8.057467742888530893e+01 7.401069988238621988e+01 6.810498200295069182e+01 6.351597354113386018e+01 5.946438775636380569e+01 6.873587201576965811e+01 4.914637903413463249e+01 6.418055760368572749e+01 6.124526506420131255e+01 4.459009860407989123e+01 3.420602270549556323e+01
7.247743732569797714e+01 6.839265629781711198e+01 5.331257420647296641e+01 3.468999962031799811e+01 5.461378366267970108e+01 7.038651315556285226e+01 7.516470740460488287e+01 8.355781584165468701e+01 9.262152980304996674e+01 8.039304082882748048e+01 8.260501158236374408e+01 1.022127642074656251e+02 1.122563457539674658e+02 1.264084972143157586e+02 1.191149308552471666e+02 1.106824374607858061e+02 1.165419348990466517e+02 1.246327596281857097e+02 1.229658876544419428e+02 1.310235729969533338e+02 1.341026335547157942e+02 1.252911692443981764e+02 1.084737208046293091e+02 1.252911692443981764e+02 1.185471513665339955e+02 1.086104905248731001e+02 1.003500069732163951e+02 8.200926334925372885e+01 8.780412594417494176e+01 7.481713679736289180e+01 7.328784554329551781e+01 7.690766562803801776e+01 5.843489677590957854e+01 4.449647268090193819e+01 4.142987216493708047e+01 3.841284881266791729e+01 5.449083414675356352e+01
5.532076676179988795e+01 4.669256911964534140e+01 5.146153850436550670e+01 3.338345093823957654e+01 4.223869556981296824e+01 5.637594449308466693e+01 7.661546362578432934e+01 8.669989429014557913e+01 7.248428554863626516e+01 6.613580748315905566e+01 7.374768381453885979e+01 8.384880727822610424e+01 9.810419429361763832e+01 1.112817295143282621e+02 1.072924996766031853e+02 9.015600694840387064e+01 1.060867442267772134e+02 1.145347305811920933e+02 1.247728627185858414e+02 1.435726926486381672e+02 1.257836059862844991e+02 1.057374671462212774e+02 9.698487790565879152e+01 1.169694667309818641e+02 1.173866844159038294e+02 1.257063745065407687e+02 1.100599254080582625e+02 9.597606761858790492e+01 1.028060185422601478e+02 9.455891286617605829e+01 9.301134011112939959e+01 8.624592267666355383e+01 7.233897170995545878e+01 5.589546343736567735e+01 5.549635589450985407e+01 5.841565398335887949e+01 6.657922005985905400e+01
3.514821138067851791e+01 3.026282875959562801e+01 3.155587579417562338e+01 4.464995677202983870e+01 6.059121921323782800e+01 7.070233780900231579e+01 8.049067929944934008e+01 7.217330030792160755e+01 5.826603976560983966e+01 6.986770946146185679e+01 9.001356016047142816e+01 1.022127642074656251e+02 1.027135692047382065e+02 9.080491671596043091e+01 9.080491671596041670e+01 7.836765181988029383e+01 8.556580696283879206e+01 9.581505207444850214e+01 1.163584363791059246e+02 1.352561282853600915e+02 1.151046685022847242e+02 1.094160021625704218e+02 8.995509275967643248e+01 1.032294508555840622e+02 9.736533270921647443e+01 1.173866844159038436e+02 1.227202399549243523e+02 1.158402990285615033e+02 1.129097886957517858e+02 1.015212111618516388e+02 9.271427252230361660e+01 8.454242493463411279e+01 8.368089094517169713e+01 7.549784532359362288e+01 7.512711624716962433e+01 7.666556144108984938e+01 6.849644213463133724e+01
2.842910527110573682e+01 2.997783276600706870e+01 4.995664998942729795e+01 5.918146000113657834e+01 7.105683887351604255e+01 7.489439252520300272e+01 6.658992134484830672e+01 5.208713481415635016e+01 7.217330030792160755e+01 8.669989429014557913e+01 9.831238407318235772e+01 9.670590034692132519e+01 8.225240407308766066e+01 8.419371763116224372e+01 7.042783260858776373e+01 8.480402551416112544e+01 1.052923496416695741e+02 1.145347305811919369e+02 1.247728627185853441e+02 1.304502888605093460e+02 1.102757791905272597e+02 9.808309258658283625e+01 8.948736544687515959e+01 8.342703341698525321e+01 9.811648866124748736e+01 1.031918652875805122e+02 1.031029070043213665e+02 1.205587022161162594e+02 1.047079260623892623e+02 8.501362907712442052e+01 7.367121432424174543e+01 6.488997993121684260e+01 7.471619916080808821e+01 7.052362662763957246e+01 6.658474014011099484e+01 6.848939874064669198e+01 4.875397758208166721e+01
3.682997881227601766e+01 4.991507020108322479e+01 3.215637395175162538e+01 5.152518682162158825e+01 6.267746025962733825e+01 6.149768777239835060e+01 4.653025809964096737e+01 6.589208775021990050e+01 8.015243746805418823e+01 9.346490115339065596e+01 9.399171154940474082e+01 8.553650454247669188e+01 6.790719189975078507e+01 6.390442670823352245e+01 8.419371763116224372e+01 9.339495339182147404e+01 1.006379727656605638e+02 1.090990426001786489e+02 1.193442123851831838e+02 1.387689660832789400e+02 1.271366712444457363e+02 1.187592145595537403e+02 1.032294508555843180e+02 9.811648866124748736e+01 7.843213224562580876e+01 8.344475898957431070e+01 9.323666791828095768e+01 1.123685007580078690e+02 1.018209713487141244e+02 8.213457013062115664e+01 7.079545692925448463e+01 6.201449350275441930e+01 5.505127922223211812e+01 5.082942886104152080e+01 4.685594411047237884e+01 6.120833648462462406e+01 5.450511470821776072e+01
4.567183320691404447e+01 6.024748159360765243e+01 5.211531496953726617e+01 3.434271064862193867e+01 5.436059253665200686e+01 4.144296191535990914e+01 6.149768777239679451e+01 7.489439251485752891e+01 8.023100544399592593e+01 7.309489162128546980e+01 8.225284927914077571e+01 6.523748882644839853e+01 5.787213959438103217e+01 6.258329400912884921e+01 6.759756019926257409e+01 7.298320757802430592e+01 8.015162030363194390e+01 9.036649626765812116e+01 1.109094492636631912e+02 1.217704776500823556e+02 1.134780800493330304e+02 1.217704776500823556e+02 1.232710343847832490e+02 1.064039090632897597e+02 9.334328929096103877e+01 7.373885182445845032e+01 8.495961450725668840e+01 1.045784809249711884e+02 1.100177771293789135e+02 9.863451610779686973e+01 8.166299746692894246e+01 7.110751057148397081e+01 7.471620234834604446e+01 7.052362661811901035e+01 6.121527690415221201e+01 4.143673007927352359e+01 3.861444425793979462e+01
