MOVIE_S10_data/elevation_000821.asc
nrows	100
cellsize	150.0
xllcorner	0
ncols	100
yllcorner	0
NODATA_value	-9999
[rows 68 to 84 of 100, columns 37 to 73 of 100]
6.783682459387263464e+01 5.129780414188327597e+01 5.533692349538400634e+01 6.045779712828711183e+01 6.633182321326370356e+01 7.290002549596864867e+01 8.017408473068849162e+01 9.196326952790961684e+01 1.120835127182173636e+02 1.003707831363635989e+02 8.178150519027843757e+01 8.656965297946329940e+01 1.009522329560722511e+02 9.773719869932452298e+01 8.067792438433588131e+01 6.042602392842015746e+01 7.470596474618697869e+01 7.470596474539378562e+01 9.482076483100195219e+01 8.655059163433475078e+01 7.653488867951686814e+01 6.821476328586338411e+01 6.126122454262242201e+01 5.118730226303543418e+01 3.088970612708445174e+01 3.590570665896179747e+01 4.119040211517037875e+01 5.535045172868382224e+01 7.523923649307967310e+01 7.241780615221189521e+01 5.254377800314042446e+01 5.254377800376647656e+01 6.914949214060024474e+01 5.990922609176877245e+01 7.391474728263092686e+01 6.279748141851384702e+01 4.271495774484718311e+01
7.245341055935882935e+01 7.245284967396588627e+01 6.210457965545460723e+01 6.540286191095546542e+01 8.597343085381925221e+01 9.329242588232983735e+01 1.004670848961323628e+02 1.087322547350572819e+02 1.063410798557615067e+02 8.598875324466503400e+01 7.166020793658282173e+01 7.223905462695451263e+01 8.692818631586942502e+01 9.534545531588453571e+01 8.908884761266563146e+01 7.470596474618697869e+01 5.446966574211671031e+01 6.614084032782631084e+01 8.640614228486060711e+01 7.820762084819946836e+01 5.822190572352725013e+01 4.821371848270195670e+01 4.147232861402478221e+01 3.500202108806428924e+01 2.965629931830384791e+01 4.832736296638290696e+01 5.665581483324069723e+01 6.313164194788337369e+01 7.145671746388116219e+01 8.060487456577523346e+01 6.094353066500102045e+01 4.096822599302480938e+01 5.310857561807860350e+01 4.578201919164315115e+01 6.571581514012858349e+01 7.109606885725241909e+01 6.279748141851384702e+01
9.293954473748425471e+01 9.053826242177883898e+01 7.006885761812358737e+01 8.597232878634349618e+01 7.737873878594555777e+01 8.919307322968174390e+01 1.093537990160671143e+02 1.172220109722510131e+02 1.088087498145487189e+02 1.003707831363635989e+02 8.238520075882172478e+01 6.211610298465103597e+01 6.664726773968610019e+01 8.362946929849026390e+01 8.540096633170745122e+01 6.513592495268056837e+01 5.085202315466892742e+01 7.107141815099927840e+01 8.775189445319479375e+01 8.655059163433475078e+01 7.653488867951686814e+01 6.821476328586338411e+01 5.152200182242710724e+01 5.519756916596004714e+01 4.830687245615728642e+01 2.795903420820161500e+01 4.668869428278352984e+01 4.299322614721059921e+01 5.933424949302656870e+01 6.765819180307644842e+01 6.914949214060024474e+01 5.310857561807860350e+01 3.322379904108915127e+01 5.310855974673071955e+01 5.742615697738975911e+01 6.564323905430686068e+01 6.395656069688442358e+01
8.993440020092981513e+01 9.825658974027206227e+01 9.054096370416890238e+01 8.461424794367475499e+01 9.771399855623934627e+01 1.059927211560410143e+02 1.175827637969101715e+02 1.088087498145487189e+02 8.843211816660826230e+01 9.440029539854964469e+01 9.080059140310339671e+01 7.521899251649712426e+01 5.496677305347163411e+01 6.924693880828348824e+01 7.765288397793507613e+01 6.765371660965229239e+01 4.744659317911246177e+01 5.909696957140498341e+01 7.934245043954935284e+01 7.553910844392919444e+01 8.446775093715130822e+01 7.989229303997045406e+01 7.156197496883864062e+01 6.255722876929816323e+01 4.243362029078888753e+01 4.668869430107988450e+01 2.628749938342757630e+01 4.506566233135585975e+01 3.915542013026732349e+01 5.933424954527366424e+01 6.294832333538487745e+01 4.303733349765635552e+01 2.935680387228930499e+01 4.345738273003779994e+01 3.767138860925503963e+01 5.742611334051458982e+01 5.847121079351504846e+01
6.852017375681742806e+01 7.852663411823641582e+01 9.915900346474748517e+01 9.897564509738950278e+01 1.130961965448141342e+02 1.205280543188595459e+02 1.121197985782893056e+02 1.097605076472345331e+02 9.440029539854964469e+01 7.408569718896633560e+01 8.354168590565930685e+01 8.362946929688371256e+01 6.924693880828345982e+01 4.902094474039735417e+01 6.374212047418041749e+01 6.173790734439192818e+01 4.425123795267560922e+01 6.445868985961934072e+01 7.194931251135731998e+01 5.380396441750638559e+01 7.194931251135731998e+01 8.017282782073120018e+01 7.920269285212894772e+01 7.088366892721985835e+01 6.255816544358084030e+01 5.502331351970285311e+01 3.915542013025325474e+01 2.464794389725112111e+01 4.346396477506370815e+01 5.075708641303420876e+01 5.717147363557799622e+01 5.709565423976771825e+01 4.345738230873348584e+01 2.484280971169847874e+01 3.888859765679295322e+01 4.193319801144155434e+01 3.821646124624854934e+01
6.828068639982747356e+01 8.968604504870019412e+01 9.548903287100671378e+01 1.155034217184361722e+02 1.271809572357134499e+02 1.121197985782893056e+02 9.172106556342885142e+01 8.940085775283446878e+01 8.940085775283446878e+01 8.298243894321514347e+01 6.323998845139666969e+01 8.354156037904688503e+01 7.554924824846270326e+01 6.374212047418313176e+01 4.352984013857306422e+01 4.151648762358130540e+01 4.111485862854213735e+01 5.697861412442033213e+01 5.534285268038361494e+01 4.176836635652470875e+01 6.049704077135402969e+01 6.049704077135402969e+01 5.893223249870270308e+01 7.326478572661974908e+01 7.866094833706573297e+01 6.765817648547435681e+01 5.340644088641129628e+01 3.754596002048782566e+01 2.306107457937680394e+01 3.812305540068681609e+01 3.633033869636656021e+01 4.055883361039295920e+01 3.979978645603105036e+01 3.825544993286820983e+01 2.117236421949675318e+01 2.168559390356600858e+01 4.193155493264686839e+01
7.489124695733936221e+01 8.596039588297846024e+01 1.062632827967592135e+02 1.236213244206889783e+02 1.162394682724053041e+02 1.078151859025747683e+02 9.769571613586755632e+01 7.737754560878867949e+01 6.910397704166294375e+01 6.268029938597942419e+01 5.682748611749589429e+01 7.325158884000036608e+01 6.714326494149860025e+01 4.691950969979887276e+01 6.374211994981779839e+01 5.892970838782943588e+01 3.868104352618250630e+01 3.669876013887095212e+01 3.503235615714824291e+01 3.337875994703142624e+01 4.120463495390042397e+01 5.052436596505677358e+01 4.458104091138155667e+01 5.837750885210693497e+01 5.837750582719987591e+01 6.070068538338968978e+01 6.607592404289609078e+01 4.962612365424896410e+01 2.670687620442321020e+01 2.152866724437883761e+01 2.087172532320634488e+01 2.021577738180722505e+01 1.956249892997676199e+01 1.890794057989494092e+01 1.825062789946516162e+01 1.760263341155900108e+01 3.649711046003117332e+01
8.213638270278160292e+01 9.565846347708634312e+01 1.144284807222683185e+02 1.196265289881156519e+02 9.916868265833160478e+01 8.742173986636142047e+01 8.027610717097486770e+01 7.387875727622157740e+01 6.776021664025239488e+01 6.189443345182133527e+01 7.325161598400326568e+01 5.298007970560686175e+01 5.042411960082448275e+01 6.714350540229440867e+01 7.555118457583438385e+01 6.732257487524020689e+01 5.892971188017842366e+01 5.697861412442017581e+01 5.503758701562422573e+01 4.908332392882309136e+01 3.108781704596216500e+01 3.010494136921620267e+01 4.914505705012812342e+01 3.805021026209805513e+01 4.726658506635483548e+01 4.036641071453957608e+01 4.609194386002521782e+01 4.313766826534335053e+01 2.273546033015956169e+01 4.188490956044205404e+01 4.117845908438309266e+01 2.602736896654211307e+01 2.936726741355895953e+01 3.916924693568249438e+01 4.304050838332379669e+01 2.240697573311953050e+01 1.668410606054010970e+01
9.247554449537335586e+01 1.103451427864740708e+02 1.236288633321470058e+02 1.280165682478048836e+02 1.162394682724053041e+02 1.078151859025747683e+02 1.006050139105905714e+02 8.896306952309087990e+01 6.866618880125035673e+01 8.219744261581067235e+01 7.325173441600594515e+01 6.732095440735814407e+01 6.569990119724759836e+01 7.909384610857492248e+01 7.345726351193289361e+01 6.508314624847039909e+01 6.229534447028690636e+01 5.937416821828252012e+01 5.232133439673968667e+01 3.285450371766978606e+01 5.149018226998754955e+01 4.916758477738343913e+01 2.872258273952399321e+01 2.775064615693693071e+01 2.678512835329494735e+01 2.582422230752187176e+01 2.487376646330025665e+01 2.397745023826324839e+01 4.313766190414394686e+01 5.128352824637445195e+01 5.236434976483455017e+01 3.222457410967219715e+01 4.880217810116449328e+01 4.662373163719809810e+01 5.905770558524231717e+01 4.302636499204636067e+01 3.547222596821226404e+01
1.115108306032147141e+02 1.197544705918153483e+02 1.132831567556006576e+02 1.215357904969785494e+02 1.231421219430889238e+02 1.027208577546082182e+02 8.831339509323666448e+01 7.661718101373756440e+01 8.896306952309087990e+01 8.896306952309087990e+01 9.357388089599328396e+01 8.779733909354924037e+01 8.799836793657657097e+01 7.731648953195512775e+01 6.508314624847164964e+01 4.492427653704496748e+01 4.211102580351440139e+01 3.935749445865505436e+01 3.665842343539883075e+01 3.426873572850153948e+01 5.460243320821737001e+01 5.582493143347619480e+01 3.728274877441712931e+01 3.995975169798252580e+01 4.726645809346900506e+01 4.617845306948206030e+01 2.804290156917739196e+01 4.386790527690119745e+01 5.256307927664937552e+01 6.488884081018355232e+01 4.508341916321695919e+01 4.657524738858840152e+01 5.237249404467348057e+01 6.410757604722331848e+01 6.598077990457606745e+01 4.347851621595993521e+01 2.835541193213679634e+01
1.125138854503252475e+02 1.100065103251984766e+02 9.329493697452977585e+01 1.100065103251984766e+02 1.231421219430889238e+02 1.027208577546082182e+02 8.831339509323666448e+01 9.095721375175448031e+01 1.053587008691737736e+02 1.093206663921061761e+02 9.717064695247452732e+01 8.533009621060448069e+01 7.542774306577429400e+01 6.922547267325383302e+01 4.908347041394200261e+01 6.508314624847164964e+01 6.229534447028705557e+01 5.958083067137151545e+01 5.599372190032756436e+01 3.568804094937722482e+01 5.599375824713013117e+01 6.628392136524823286e+01 5.718385260338782672e+01 5.921936997048076279e+01 5.290628506107395168e+01 3.314350316809244390e+01 4.805987856708985362e+01 3.827758555073354074e+01 5.781948354406115698e+01 7.291318637310153861e+01 5.920061044092706481e+01 6.643375197127559773e+01 7.206794158755212720e+01 7.128912609583245796e+01 6.313168826641197739e+01 5.749918438126982778e+01 4.893688406301880178e+01
9.033262679365275005e+01 1.017429526843780678e+02 8.168132845553715526e+01 1.017429526843780678e+02 1.129321458347588845e+02 1.171182223565132148e+02 1.027208577546082182e+02 1.113518995666771048e+02 1.095851948362284674e+02 9.945700074719381689e+01 8.877168747796339687e+01 6.863938706640560383e+01 5.703185418080344959e+01 5.347398435737932942e+01 6.922547266944913247e+01 7.759730829859877588e+01 8.160218785427343846e+01 6.760504449869902999e+01 5.739308909414567239e+01 3.711484310135682563e+01 4.884189836711764343e+01 6.906859097646508872e+01 7.148298044246531902e+01 5.240909132473775855e+01 3.852929324031789093e+01 5.290628506306801881e+01 6.091025418208336362e+01 5.220869250660226157e+01 5.220869250660227578e+01 7.136953231862845826e+01 7.872783159060190883e+01 7.288077244158638734e+01 6.422121483793384300e+01 5.983064744102845367e+01 4.323369214662577065e+01 5.981335979725539431e+01 4.627001646887465824e+01
7.836153919669213508e+01 8.678024425309961032e+01 7.458582999036343608e+01 8.462827082401786072e+01 9.882846926755485129e+01 1.187792717034261472e+02 1.231421219430889238e+02 1.155655773909269897e+02 9.519596726741690418e+01 8.093833595010862325e+01 7.092729787565046706e+01 6.272930467282913014e+01 7.714829841580321101e+01 6.018544996832628868e+01 8.031265506229514983e+01 8.156421039189682176e+01 6.958216752533212457e+01 3.955480558618660325e+01 3.918338824203330972e+01 4.481043160559359251e+01 6.503867696032612855e+01 7.743699483610716072e+01 7.272601945727897998e+01 5.375590574016673884e+01 4.250996479623663049e+01 5.620833563173894021e+01 7.520926444126902766e+01 7.136953231816828236e+01 7.136953231862845826e+01 7.942949794174464273e+01 7.705517193354856431e+01 6.067843842097263973e+01 4.296336351230151962e+01 5.164187161707740614e+01 3.163715993000585769e+01 4.098619287951022727e+01 3.796848441387487583e+01
8.678024425309961032e+01 6.673991054582214133e+01 8.090979196374307492e+01 1.009527697873283358e+02 1.055304790993786384e+02 1.137630245665361599e+02 1.234022217321105614e+02 1.171413978144527306e+02 1.069773786546103054e+02 8.994624082928176279e+01 6.983280297043336304e+01 7.692343028443526975e+01 8.792207311388308710e+01 6.778944519513679268e+01 8.792207311384827051e+01 7.316716638981876031e+01 5.293323310920145985e+01 4.115414771258622295e+01 5.942771734819577745e+01 6.504017957090904645e+01 5.910915748511362011e+01 7.935893354250876541e+01 8.078578239885415258e+01 6.603435016162575266e+01 4.697980916496158699e+01 6.047630113644292749e+01 7.945246271083838963e+01 8.521326507597127886e+01 7.376927319849258424e+01 6.554850696384895059e+01 5.705502861753082300e+01 5.169112724768368849e+01 3.245292325279083201e+01 4.408060110953773858e+01 4.061408755528535863e+01 2.103653813503049719e+01 1.985638389321934127e+01
7.709427783241601162e+01 6.265308977844495075e+01 8.267018047744561215e+01 8.926804531310529001e+01 8.561314672329505981e+01 9.529149862864369425e+01 1.105671318608130633e+02 1.087166830178610866e+02 8.839321032631434605e+01 7.836574189369733290e+01 8.139694489676588773e+01 9.710701943447554640e+01 9.631812330406383182e+01 7.937853087839813782e+01 8.485248283804750713e+01 6.459885212788884701e+01 5.030273376233211025e+01 6.147727476914170097e+01 4.341746772886811812e+01 6.363789667800472216e+01 7.935893354250876541e+01 8.776642954659521934e+01 7.447506372180723133e+01 5.560105442361540895e+01 6.603435016162575266e+01 5.907277170673540212e+01 7.801354660042595413e+01 7.697829096482611533e+01 5.718132435559583371e+01 4.561994404155563387e+01 5.404247549686600394e+01 3.695043969404015627e+01 2.537539705756912056e+01 2.408818578201427485e+01 2.280775251740606890e+01 4.098791184581621394e+01 3.946617613502095168e+01
5.707090381995708839e+01 6.060452663567774323e+01 6.425078027191865715e+01 6.927836405782096563e+01 7.531388474051605897e+01 8.239835962392804447e+01 1.023429904984688505e+02 1.171413978144527306e+02 1.069773786546103054e+02 8.839321032631434605e+01 1.016247962575696846e+02 1.100469689090001282e+02 1.080047133679160680e+02 9.959276884586103051e+01 9.077064778315131832e+01 7.052811891826446811e+01 5.933982813275156332e+01 6.514812993019245368e+01 4.495696566162000352e+01 6.516120711720135716e+01 7.598793764524177163e+01 9.617783413553451055e+01 8.116261225049746031e+01 6.224736860010307993e+01 8.116261225049746031e+01 7.236719798017367111e+01 8.612640240687402127e+01 7.371335099208712904e+01 6.476307911992655875e+01 5.404274579610047624e+01 3.393718276247877697e+01 2.723668750235586700e+01 4.544839513562082800e+01 3.804412810131616851e+01 3.745895551470603380e+01 3.917632528395548519e+01 5.131575174644039095e+01
7.355236851027557066e+01 8.062414637194480349e+01 8.427043685327417677e+01 7.233358350648612145e+01 9.241821749838464939e+01 1.023429904984688505e+02 9.653197648941691966e+01 1.163720193302621908e+02 1.171413978144527306e+02 1.087166830178610866e+02 1.171413978144527306e+02 1.168865645448842514e+02 1.084842073729834482e+02 1.092585746943882441e+02 9.610394994063484830e+01 7.586291719158985813e+01 7.957721586935893754e+01 6.670191956468373462e+01 4.649562682216183873e+01 5.561693773192995138e+01 7.003766465171312916e+01 9.021315759235989162e+01 8.931692188783128472e+01 7.300620506943727150e+01 8.931692188783128472e+01 9.164504582400505228e+01 7.954037231375237127e+01 5.958016984166803809e+01 4.541010619834050743e+01 3.634139760959738652e+01 2.917116623589576818e+01 4.737266975671792579e+01 5.567820568704885176e+01 5.737355255330845694e+01 5.959625434478900274e+01 5.354839875621364342e+01 6.741723738266030352e+01
