MOVIE_S10_data/elevation_000664.asc
nrows	100
cellsize	150.0
xllcorner	0
ncols	100
yllcorner	0
NODATA_value	-9999
[rows 17 to 33 of 100, columns 37 to 73 of 100]
4.605157693466689750e+01 6.576295175876022370e+01 8.084461187274180816e+01 7.800555975296131805e+01 5.835723819151593261e+01 5.619731049266781042e+01 6.637378001230001701e+01 4.956365007730112637e+01 5.174464531572886017e+01 7.150445988039427903e+01 7.717084802433751634e+01 6.349516391394726611e+01 6.635336733438134615e+01 7.074568909277283524e+01 9.059247450822908831e+01 1.078624172763131241e+02 1.093955661431792521e+02 8.925100677844731933e+01 7.500548162290020571e+01 8.802862046861137912e+01 7.902915059303266787e+01 9.741736739767030429e+01 1.097523268750992571e+02 9.151551689079481378e+01 7.140495293603036941e+01 5.987715376040696924e+01 7.775654106163320023e+01 7.186929047527149805e+01 9.196962127231687134e+01 1.019259085961749349e+02 9.037087901366552956e+01 8.205929970209194835e+01 6.635509565389186548e+01 4.694347923211419982e+01 4.175782929105620411e+01 3.671510182763941543e+01 5.044238503406738516e+01
4.253147062690711522e+01 5.644096218129529774e+01 7.620455008053667711e+01 8.676773303383841096e+01 7.849866900156257543e+01 7.015354518005371176e+01 5.702800127986436252e+01 6.937869270329633764e+01 6.057282393190582326e+01 7.975444601141229839e+01 8.770486584892505277e+01 6.788969210706693502e+01 8.615437588872457297e+01 9.059247450822908831e+01 7.956755188446747695e+01 9.363474215050665350e+01 1.137059840661627987e+02 1.009762803810214109e+02 8.079765025122085831e+01 1.009762803810214109e+02 9.918478609612412811e+01 9.918478609611410945e+01 1.124974177251340706e+02 9.982690176528872428e+01 8.463426888285640359e+01 6.456831153071814811e+01 8.463426888285643201e+01 9.196962127231687134e+01 1.002770940517591356e+02 1.081819646297332298e+02 9.691166646923673511e+01 8.858520878466987369e+01 7.457202257953927926e+01 6.635509565389186548e+01 5.831348667409023534e+01 3.889309034143136046e+01 5.831348613576761863e+01
5.271175762179574775e+01 5.772574584874379866e+01 7.738817668530418814e+01 9.007330455592953911e+01 9.823203097563435904e+01 8.226635993026989979e+01 6.249664200659960045e+01 8.226644229577136969e+01 7.195493199441013132e+01 8.865079074564873451e+01 9.238077289915707979e+01 7.252221617548052279e+01 9.238660551791538467e+01 1.078591958640030839e+02 9.951347280076670643e+01 9.363474215050665350e+01 1.137059840661627987e+02 1.092629553236926512e+02 9.246110812043178839e+01 9.357534984153525670e+01 1.137114998438371316e+02 1.192532726749688550e+02 1.042110405986770587e+02 8.404244837449752481e+01 7.399016287815580029e+01 7.873522432760333345e+01 7.873522432760358924e+01 9.887582225399458480e+01 1.099146705031972715e+02 8.977096659215020225e+01 7.981443763808051983e+01 6.874438955462998990e+01 7.238524772053726508e+01 6.243954557802775440e+01 4.309152374170172095e+01 4.854571971586484835e+01 4.367843244975431816e+01
3.830664847698339059e+01 5.772574598160495185e+01 6.204184920586197194e+01 7.605757695608626534e+01 9.209589281480754153e+01 8.853205008431864087e+01 6.872133601983658480e+01 8.852534080573671815e+01 9.183793072489885390e+01 1.002096070657195384e+02 1.006927909184202719e+02 8.240381083120446704e+01 8.135471053923275520e+01 9.543493770140847232e+01 1.154943076106029451e+02 1.137059840661627987e+02 1.220900924021196516e+02 1.208545152411842594e+02 1.126082220065873258e+02 1.078556392242131778e+02 1.219544947598076874e+02 1.269788974812447293e+02 1.124974177388145335e+02 1.024370668289598427e+02 8.560506874308373426e+01 9.887582224616821236e+01 9.887582225378194778e+01 1.071743066740775134e+02 1.015700455498231349e+02 8.977096659215020225e+01 6.985790868401079479e+01 6.015864867359253765e+01 5.292846972558929508e+01 4.740861994659399414e+01 6.243954557802775440e+01 6.715653611943663748e+01 6.304456291767677811e+01
5.772574572056303310e+01 4.377636744207528352e+01 4.829704675488618904e+01 6.783165115540749923e+01 7.223098580165714111e+01 9.209589281480754153e+01 8.269989214741747219e+01 8.121639658382999016e+01 9.526889295028105664e+01 1.152691051065503416e+02 1.106965658262455321e+02 9.649108121566121099e+01 1.013101911214821058e+02 9.283786330516321073e+01 1.069905935887466626e+02 1.271105969909764752e+02 1.186298403914689885e+02 1.103047540989860806e+02 1.186298403914689885e+02 1.278487979710998417e+02 1.211828938978162284e+02 1.070135645924935801e+02 1.211792062928449383e+02 1.140494276825401556e+02 1.057675700346696317e+02 1.045187506701243478e+02 1.127033539925054413e+02 1.048653360354915520e+02 8.469216125459250577e+01 7.321282727916413080e+01 6.524638386133494805e+01 5.797376262826338689e+01 5.304700805649927986e+01 5.848234138796336623e+01 7.495802799041338460e+01 7.553808440769076071e+01 5.596791771859798104e+01
7.143059382121444401e+01 5.238158428338972783e+01 6.783165115540749923e+01 5.617106712331123219e+01 6.749177674040981856e+01 8.732968696843025214e+01 1.026121248734877724e+02 1.011231808838388844e+02 1.094343606899132908e+02 1.064866520929762714e+02 1.105853426864650260e+02 1.165605737021753470e+02 1.212176253069012972e+02 1.128836061477633308e+02 1.212176253069012972e+02 1.186298399250329680e+02 1.086961875666192583e+02 9.053322800236908563e+01 1.086961878171177744e+02 1.118374808415677961e+02 1.123079895336077811e+02 9.312559255585087215e+01 1.122841173347478048e+02 1.136841447147072017e+02 1.014422963343710506e+02 8.511950875285161544e+01 1.014422963343710506e+02 1.132140632990781199e+02 1.015700455498231349e+02 8.904973593643873642e+01 6.915869587002249830e+01 7.756563859963172547e+01 6.027823774641880306e+01 7.808254057725397956e+01 8.635051099777626860e+01 8.123101719775114304e+01 6.151011952483202805e+01
8.024054763987950878e+01 6.619940647497526243e+01 8.024065414667775542e+01 6.596203903186689388e+01 8.412806792553574553e+01 9.560541108574487623e+01 1.047914538920328482e+02 1.060891674278578449e+02 1.007786674815313290e+02 8.683778271985539732e+01 9.089744775983049863e+01 1.048649802088220895e+02 1.080371693331949388e+02 1.162776482455156497e+02 1.244348636852542000e+02 1.044518710692748158e+02 9.053322800236908563e+01 8.078369627159865729e+01 9.204647322523385355e+01 9.204647322523386777e+01 1.040350163234815852e+02 8.443303694203434873e+01 1.040350163234815000e+02 1.044253609545973660e+02 8.585708502308021650e+01 7.369319978693488338e+01 9.331859312711385712e+01 9.861997064084606279e+01 1.068453577395293763e+02 9.738882273577198134e+01 8.055420050340335081e+01 8.824383704738566792e+01 6.997957467861348846e+01 8.824383704738566792e+01 9.538327579768662190e+01 7.536895974744666660e+01 7.278547424662357912e+01
7.599945543692923877e+01 8.600957359111747280e+01 9.406339903488498067e+01 8.579048928437914867e+01 9.406339903488498067e+01 9.907418486883993580e+01 8.508205323540089182e+01 8.666614561073120626e+01 8.666614561073120626e+01 7.317115437021489299e+01 7.717413111261923575e+01 9.411282140112733430e+01 8.834516764046315984e+01 1.080371693331949388e+02 1.194812650452165883e+02 9.956750610448294481e+01 8.570974393477999342e+01 7.835202702088453464e+01 7.243157494580088951e+01 8.660627926296415069e+01 8.984903720633369062e+01 7.827140936186121678e+01 9.783635863897457341e+01 9.372007605321368828e+01 7.830700822521345117e+01 6.590578893722360476e+01 8.461760502763870306e+01 7.881763528534163754e+01 9.861997064084606279e+01 1.090029940786089782e+02 1.006548531567159870e+02 9.823289382825552707e+01 8.989482408093272170e+01 9.823289382825552707e+01 1.037281948805464253e+02 9.538327579768662190e+01 9.276784341774410336e+01
6.106430930888247843e+01 8.219508840537918104e+01 8.505290321252573449e+01 9.323530329474326095e+01 1.006023854307595826e+02 8.929526081934045578e+01 7.141521083640279244e+01 8.511741417097391604e+01 6.741985363882803028e+01 6.363489688899823449e+01 6.891569704993314360e+01 7.464631539628766177e+01 8.834516764046315984e+01 1.080371693331949388e+02 1.194812650259080584e+02 9.956750610448212058e+01 9.795785182230098087e+01 9.795785182152602033e+01 8.660627926296415069e+01 6.690106342196129674e+01 7.023529182812596616e+01 8.894085920530008593e+01 1.006661258068228335e+02 8.622545345774631187e+01 6.816422246808625118e+01 5.933484283111803137e+01 6.456002500742501127e+01 8.461760502763870306e+01 9.323213626730340309e+01 1.014941886346124562e+02 1.129796342060644605e+02 1.037955375126867494e+02 9.549075745631702716e+01 1.037955375126867494e+02 1.025036834832621082e+02 9.420349737148447389e+01 1.025036834832605876e+02
7.599945543745251086e+01 8.197341711228506256e+01 6.564942860625308185e+01 8.197341711228507677e+01 9.237645708069500472e+01 7.290569425321228891e+01 6.183682991266136497e+01 7.203775902549604382e+01 5.783210657747330430e+01 7.709695646108671951e+01 8.824256649955705711e+01 9.411282140112733430e+01 9.411282140112733430e+01 1.138460766160286681e+02 1.278404228970737933e+02 1.194812650257940163e+02 1.178287958988277921e+02 9.971217211638750655e+01 8.294711254351737750e+01 6.313216265014108330e+01 8.294711254351737750e+01 9.804961420666532490e+01 9.232000445130219646e+01 7.294070827736986473e+01 6.281620853844300711e+01 5.359376640828261174e+01 7.389630048086861791e+01 8.177098354351072373e+01 7.338083743638803469e+01 8.484615308749853568e+01 1.046876023266257789e+02 9.386648406598044403e+01 7.571193342096812273e+01 9.386648406598044403e+01 9.256668722558147522e+01 7.439761372953903162e+01 9.256668722558147522e+01
7.852392616382543622e+01 7.385029953497760857e+01 5.449568250466620611e+01 7.385029953497760857e+01 8.633623940442332412e+01 8.573558859472225890e+01 6.636393204088555819e+01 5.269882747707966786e+01 7.203775902549604382e+01 7.886935032812125712e+01 8.443531607349584078e+01 9.091114874060723139e+01 9.914223821791861724e+01 1.090263823764443742e+02 1.152259895465233654e+02 1.069098223404464250e+02 1.089420237218052989e+02 9.147192033863547067e+01 7.176067570505199456e+01 6.017060646464594953e+01 7.431624594660050320e+01 9.403464419971054156e+01 9.503979567768077175e+01 8.328200480368730041e+01 6.974315597767578367e+01 4.948857744228534017e+01 5.496804283294786586e+01 6.177362356707484992e+01 8.177098354351072373e+01 9.796654950429089581e+01 9.749169541841483522e+01 8.560134543864266732e+01 6.577036845668760634e+01 8.560134543864266732e+01 8.430055555051177407e+01 6.441305362094691134e+01 8.430055555051177407e+01
5.908341237298409965e+01 5.908375107559585615e+01 4.759762954694299708e+01 5.881918188438621087e+01 7.819254335650204268e+01 7.362698927893393375e+01 6.554086359906739290e+01 4.969170593734248342e+01 5.460558712471122078e+01 5.962526403182294388e+01 6.515424514514221244e+01 7.148365073927298852e+01 8.106980093356852990e+01 1.007524965476461460e+02 1.069098223404464250e+02 8.712324004181310499e+01 9.291859582057715272e+01 8.089760816094263873e+01 7.738453969319687076e+01 5.736229844606945250e+01 7.738453968652312653e+01 9.335357174346310671e+01 8.680694203245731444e+01 6.679705178824443124e+01 5.499294066305732542e+01 4.583766752235958819e+01 6.610142156349458276e+01 7.343882227493779169e+01 6.978307848039594319e+01 8.970501679099535863e+01 8.920812517136948827e+01 6.932620180177373470e+01 5.903682180713582994e+01 7.899101977799089980e+01 7.767138824065681035e+01 5.765923586708929349e+01 7.767138824065681035e+01
5.288914943608578056e+01 3.961834667867337600e+01 5.560354393820733065e+01 6.367931374511368148e+01 7.062306134077256559e+01 6.254036467923285159e+01 4.609540813376695212e+01 5.039074239901736973e+01 6.952246873863090570e+01 7.886935032812125712e+01 8.443531607349584078e+01 9.091114874060723139e+01 9.914223821791861724e+01 1.090263823764443742e+02 1.043251570221611075e+02 8.456841348137363923e+01 7.320230395329691930e+01 6.688407028134761845e+01 7.473604577497553692e+01 5.462316177447982568e+01 6.520779326481240901e+01 7.928099136174279238e+01 8.128638063626348753e+01 7.545341615500804267e+01 6.317200378249374637e+01 4.294166004670336179e+01 6.268807322142676242e+01 5.332605376528074714e+01 6.760168252998514049e+01 8.753092421266951817e+01 8.703098833109746124e+01 6.715146156476619410e+01 5.290403528891158658e+01 6.611683852238157044e+01 7.189437746068526280e+01 5.177997005417493881e+01 7.189437746068526280e+01
3.340992527422985603e+01 3.474426739426309041e+01 3.613456276937723999e+01 5.560435606626682414e+01 5.962179821166154881e+01 4.307109799965281383e+01 6.254036467923285159e+01 6.952246873863090570e+01 5.685326838125547511e+01 6.191633959465077197e+01 6.950622861846369460e+01 7.796403502386509388e+01 8.928522183949081636e+01 1.093261805557731776e+02 1.126311990131837888e+02 1.011746147941682779e+02 8.668375688925112854e+01 7.945393356479668512e+01 5.947920831205052394e+01 5.476241266640028016e+01 5.082250446480340855e+01 7.103767242651295533e+01 6.124194656138778470e+01 5.535539142687746761e+01 5.957106525556332599e+01 4.013699208260330664e+01 4.250850314692080900e+01 6.268722890707088879e+01 7.682148156179761145e+01 7.427219516412446865e+01 8.253435442016831303e+01 7.683244285545559649e+01 5.749468356513948919e+01 4.594142198327665483e+01 6.016743276085063030e+01 4.654141677190242632e+01 5.824152087833213187e+01
5.288914943608592978e+01 5.421719267953018573e+01 5.560435606626682414e+01 3.812107436896223334e+01 4.014837526173549520e+01 5.962179821166154881e+01 7.062306134077256559e+01 8.400465159451383101e+01 7.018125496660330498e+01 7.523412011429454083e+01 7.379453181069560230e+01 9.335858324758396520e+01 1.060721718026150739e+02 1.176534541446974913e+02 1.102607277613376056e+02 1.019378000707943812e+02 1.064934907082208753e+02 8.768101753872137749e+01 7.938153450358338148e+01 6.835605972947372777e+01 4.826248362679123005e+01 6.543168368705268279e+01 6.124194551015164478e+01 4.104381816327666854e+01 3.941562930401576637e+01 3.781923026764885520e+01 3.625194212507379632e+01 4.848695041071140110e+01 6.007456239274245746e+01 5.419418110168044223e+01 7.427219516412446865e+01 8.469546738751908777e+01 7.279038705775357698e+01 6.016743276085063030e+01 4.002917829696548324e+01 5.165953495354837344e+01 6.580925526640933754e+01
5.550190791143952396e+01 6.992582316696309874e+01 6.567123768731748612e+01 5.759155352361685232e+01 4.091511223761938965e+01 5.470236511731890516e+01 7.407286679587789990e+01 9.095192317374525715e+01 8.955969593464180889e+01 9.482997216932822937e+01 9.335858324758396520e+01 9.335858324758397941e+01 1.133469255050351165e+02 1.165854887916120077e+02 1.019378000707943812e+02 8.219971176621228892e+01 8.798086398296548793e+01 8.254154812314322953e+01 7.259795445802467384e+01 5.251216234290892970e+01 4.876084725329613434e+01 4.516920458680039019e+01 4.342695641678653118e+01 6.124157390642358223e+01 5.368066399659949894e+01 4.941062100709642380e+01 5.437687485256795838e+01 3.438604021250905163e+01 3.996809013613922446e+01 6.007489270560732564e+01 7.309252567966561287e+01 8.489073705159295002e+01 7.684349433331850321e+01 5.724660747529557625e+01 3.718506602089925650e+01 5.724660747529551230e+01 7.428265655937390477e+01
4.110606603091918743e+01 6.134601173137998842e+01 7.355284753781734253e+01 5.420558219943684009e+01 4.292556459489018295e+01 6.238271535717164085e+01 7.350792335855935278e+01 7.152681732373449108e+01 9.095192317374525715e+01 9.331690364967711560e+01 9.482867646152585905e+01 1.028378356129465487e+02 1.111802688586615631e+02 1.082321060961158992e+02 8.837095860143293180e+01 7.712274441099387445e+01 6.836913174693192730e+01 6.280325534707947810e+01 5.811612162991945496e+01 7.259795445801668734e+01 6.892601867280700390e+01 5.106209019354375300e+01 6.366873064375813840e+01 5.628607719819085986e+01 7.378360145741484644e+01 6.370498066937778958e+01 6.267753879482051360e+01 4.659001115911278390e+01 3.253772259113887344e+01 4.474086617233155749e+01 5.877479881357560032e+01 7.079146702547731707e+01 5.704242073180013506e+01 5.443822541801696246e+01 3.444158485782816825e+01 4.595612559378076156e+01 6.620589753023854485e+01
