MOVIE_S10_data/elevation_000779.asc
nrows	100
cellsize	150.0
xllcorner	0
ncols	100
yllcorner	0
NODATA_value	-9999
[rows 68 to 84 of 100, columns 37 to 73 of 100]
6.602383012227301151e+01 7.755024663744674740e+01 9.762035704994711693e+01 9.819952115049139252e+01 1.066121962700253363e+02 1.062522190945586971e+02 8.788709819374702192e+01 1.062522177396889589e+02 1.044031749370701476e+02 1.127132184202571921e+02 1.174200242221083670e+02 1.068794131134677770e+02 8.697762996163478988e+01 7.292069266872050548e+01 6.396239451719771552e+01 7.393790838174123792e+01 5.608750725313799990e+01 5.447367398914562386e+01 6.872412596073804991e+01 8.864077913030720879e+01 9.236170703248707525e+01 8.240641848799664615e+01 6.340202667639715628e+01 6.706297645057725276e+01 6.164004499324011732e+01 5.971334358079871407e+01 5.077163569998200643e+01 3.081977375816711628e+01 4.233462812066277792e+01 6.230937982430926070e+01 5.806430946600014664e+01 5.806430946600014664e+01 7.793802413710932342e+01 8.883446037770265491e+01 6.897417513449209991e+01 6.719010212693650885e+01 5.308913373639304467e+01
8.603287340062446731e+01 9.433963795554699061e+01 1.059226045834190018e+02 1.070450551972673310e+02 1.153363071238209443e+02 1.162964372912921078e+02 1.079890730962372061e+02 1.162964372812719347e+02 1.136614708208814619e+02 1.219893814722700256e+02 1.182552228624151667e+02 1.099428435399518378e+02 1.010773223639790928e+02 8.803315366027835864e+01 6.809946662239586601e+01 5.380316441760783874e+01 4.918184509172534291e+01 6.945626174116439699e+01 8.281721486056640913e+01 8.067774655079870172e+01 8.894580123975985941e+01 9.163630242224436984e+01 8.335324076267413318e+01 8.327401503656386694e+01 6.371577857097912556e+01 4.963418056294451475e+01 4.938195824742905415e+01 2.949140797988969354e+01 4.947676989672012127e+01 5.448829572150314249e+01 4.395137179349086409e+01 6.388518572579935295e+01 8.154881419889161975e+01 7.329439509728992164e+01 8.154881420392399605e+01 8.128000670050843723e+01 6.469402207287376427e+01
8.545262283712828832e+01 8.994309436534436486e+01 9.630408191854324684e+01 8.695053419252755589e+01 9.857371355110331024e+01 1.186171230900642968e+02 1.219893815288959615e+02 1.104583718508110337e+02 9.374429159798881983e+01 1.104583718508110337e+02 1.099428435399518378e+02 9.003469519272373134e+01 9.586565684275905141e+01 9.386932316234056373e+01 7.393790838174125213e+01 6.632785094067500609e+01 4.590532067239939806e+01 6.256775834180312046e+01 7.087477499565636663e+01 6.062607014413183038e+01 7.738431943345666753e+01 8.893904702863501655e+01 9.140264446331504189e+01 7.990874095728284487e+01 7.091888267147940894e+01 5.330759331603096740e+01 3.334182168264476331e+01 2.817444499199954322e+01 4.635969633453006367e+01 3.454165549759583342e+01 5.448829572150314249e+01 7.211802780267814228e+01 7.174991183196804911e+01 5.383333295308515432e+01 7.174991183196804911e+01 8.096578234921345540e+01 6.103723178127889071e+01
6.541647233371180903e+01 6.986070854547514841e+01 7.618887308245331269e+01 9.630408191854324684e+01 1.153363071238209443e+02 1.269007860421051532e+02 1.136614708209339426e+02 9.374429159798881983e+01 8.231133424105831864e+01 9.280445550299221225e+01 9.265348660497441813e+01 8.439431803619118000e+01 7.599671519894702953e+01 8.796250731877397300e+01 7.970172733005883003e+01 7.461207610026394832e+01 6.256775834180802320e+01 4.201730793789952401e+01 5.893491763324208677e+01 4.876889687446636401e+01 6.062607012390886041e+01 8.067764159014180336e+01 8.315707377393866295e+01 6.324844572074965043e+01 5.169358286359356214e+01 4.274462948974851173e+01 5.330687592242986739e+01 4.635967116709083768e+01 2.638283625230969420e+01 4.382319536968859097e+01 5.801152842373823404e+01 6.685454994286835984e+01 6.356386402518646150e+01 4.469421867267315918e+01 6.356386402518646150e+01 7.897900012741770581e+01 8.096578234921345540e+01
6.930741789838830869e+01 8.937300570705691882e+01 7.988870780223993506e+01 9.151313766890176282e+01 1.115873093554170907e+02 1.290076544254156659e+02 1.207039202400029865e+02 1.068619396813225819e+02 8.698165490348139883e+01 7.295051432183667828e+01 8.439431803618698780e+01 6.447960076591843404e+01 7.548818572237186686e+01 7.176919034569462497e+01 5.969384633507428362e+01 7.642096017762425220e+01 7.087477500365788785e+01 5.893491763324208677e+01 3.839424110823327396e+01 5.560278049094381458e+01 6.395350306287596709e+01 6.543778910142873428e+01 6.576900163015554313e+01 7.402392560885235184e+01 7.099004464857044638e+01 6.273309471859803210e+01 5.924956089769768397e+01 3.928608687963200907e+01 2.516623031997794158e+01 4.342376702060255411e+01 3.806621694088568830e+01 5.864584551040989879e+01 5.727398224092357992e+01 3.889487678850315433e+01 5.160174210724997579e+01 6.785362424092691924e+01 7.369248328920721747e+01
7.562764122675152123e+01 9.572996654309923770e+01 9.151313766890176282e+01 1.082966051567502035e+02 1.198754849462837200e+02 1.207039202400029865e+02 1.007469589092297184e+02 1.065922175511354766e+02 1.010694772595086306e+02 8.530026466866814872e+01 6.540256714042429564e+01 6.037990869974168362e+01 5.546088714607651582e+01 5.161944663204505446e+01 4.782094269790926688e+01 6.495565907680706630e+01 7.324379442350989677e+01 6.726759173768409994e+01 5.560278049094380748e+01 3.520198104668603634e+01 5.237667928632905046e+01 4.511157638827963723e+01 4.557435978826995893e+01 6.529961989129135702e+01 7.469290365558235578e+01 7.201329039250910569e+01 5.198034980367433633e+01 3.781073871093609995e+01 4.029080418049986889e+01 2.347873986422506931e+01 4.172343509428520747e+01 5.000686303916259590e+01 5.199808089948911771e+01 3.401981652878529871e+01 5.199841587894883332e+01 4.753017773495535181e+01 5.348247954841195195e+01
8.461919721197129718e+01 1.040397665754582874e+02 1.115873093554170907e+02 1.198754849462837200e+02 1.298419693590788313e+02 1.198496967864833778e+02 1.065922175511354766e+02 8.673428079878158314e+01 9.597654036566268587e+01 8.473510209995052378e+01 6.483907893889536922e+01 7.991352810841274845e+01 7.239389480013001332e+01 5.226373976632086737e+01 6.495577223422330349e+01 4.444989809579706730e+01 6.182868359679072512e+01 7.013941218862805727e+01 6.305441120538699806e+01 5.237713145615785493e+01 3.212500297801687310e+01 3.082902860335907036e+01 4.259032354805487586e+01 5.681205065188250813e+01 5.451024363152859564e+01 6.874490558176742638e+01 6.612966581145190048e+01 5.770590169220703558e+01 5.092910758640552160e+01 4.173447936066992270e+01 2.181819084018550470e+01 4.007267076217215163e+01 4.146472374420270768e+01 2.940442437489035399e+01 4.741914451501276773e+01 3.227664813824624446e+01 4.497829394433004779e+01
9.884568463737595323e+01 1.130224720017097439e+02 1.232461663696183081e+02 1.315893246417690818e+02 1.215427491342984467e+02 1.015795545768925336e+02 9.167892732539793599e+01 9.597770387463049246e+01 7.614326617408778475e+01 6.984210975939322452e+01 7.991164067531984472e+01 5.996386427768588590e+01 5.675413065981065586e+01 7.239389480013001332e+01 7.324404489846497768e+01 6.182868359679072512e+01 4.121250862381491942e+01 5.875543157777995873e+01 5.469663117567690591e+01 3.434298812044374216e+01 5.237708649550300777e+01 4.923266127870366660e+01 2.900511332319862490e+01 4.755094140086416132e+01 4.007057886472743036e+01 6.041714889771776598e+01 6.461140754375823292e+01 5.009660577882486621e+01 4.140975495415930396e+01 4.107581557914843273e+01 3.995473673028399730e+01 2.016385686750809469e+01 2.295098820932636841e+01 3.588041742721189564e+01 3.716573942022146326e+01 2.321099528933041967e+01 2.815235521918829775e+01
1.188986166351216838e+02 1.191645192279629413e+02 1.034729283232190369e+02 1.201110645482935126e+02 1.298419693590788313e+02 1.198496967864833778e+02 1.009336558157509387e+02 8.110682097802387602e+01 7.614326617388877594e+01 8.970536982734793696e+01 7.991320355196765490e+01 7.991352810841654275e+01 7.675928137043827348e+01 7.687593713947416063e+01 6.860544305477132809e+01 6.561129023920894099e+01 5.875543157777995873e+01 3.816795966274710850e+01 3.656859590777363422e+01 5.469662619474460286e+01 5.872461194912032312e+01 4.874086552472064682e+01 2.837253398707821717e+01 2.719425102365814695e+01 4.613822682116381912e+01 4.565366181355262398e+01 5.144520876677790966e+01 3.594760170966045365e+01 2.171194784614191775e+01 2.091039223288057514e+01 2.010838880673505358e+01 1.930819790293493199e+01 1.850953119996226448e+01 1.785773356249202948e+01 1.720814879903625538e+01 2.831988378525498717e+01 2.512691735883561606e+01
1.191645192279629413e+02 9.950390364758050055e+01 9.233512636104373428e+01 1.113288717468463602e+02 1.227248746154744055e+02 1.135052133009581894e+02 9.362035126667751683e+01 9.510255048359715602e+01 9.015432820048684448e+01 1.042370282220424258e+02 9.980266926380197390e+01 9.127293829186700691e+01 8.130419711269330207e+01 6.860548851336967857e+01 4.829784862723607120e+01 4.514074225144951669e+01 4.213486265119294671e+01 5.874078536950033680e+01 5.706312143775007684e+01 6.038606425286364043e+01 5.026582477360385326e+01 3.006015790924951503e+01 4.874086552515247206e+01 4.632225219114892667e+01 2.599163668448336395e+01 2.515544638240357145e+01 4.306512040355246285e+01 2.284371530440699516e+01 4.189957937251361386e+01 4.108098933796006946e+01 3.432035184495468627e+01 3.963220638722307143e+01 3.969549233215983008e+01 2.589610513130365632e+01 3.660691922354823902e+01 1.629450939389780117e+01 1.564711508363146741e+01
1.036821247561042298e+02 9.552256854486597604e+01 8.376383824574047310e+01 9.484565935241164425e+01 1.144132053524569557e+02 1.217886297412766794e+02 1.076589066850258405e+02 1.150111893922626649e+02 1.100347544796620696e+02 1.097315020623780839e+02 9.707734741047413252e+01 7.719305396750671378e+01 6.307759472017889379e+01 5.293580400907448080e+01 6.860548851336967857e+01 5.973874357867145335e+01 5.681914331340939839e+01 7.098610487143118064e+01 7.079714362200083144e+01 5.214325054979151020e+01 3.175933330114240860e+01 5.043271471953573126e+01 5.043271471953570284e+01 5.458643592362042796e+01 4.572108285983511422e+01 4.377512126515409108e+01 2.398092177474335784e+01 3.284685905413678597e+01 3.345443022226100993e+01 5.378019842708097542e+01 5.471079611039766633e+01 5.854400488599013386e+01 3.941711061627952262e+01 4.501718824880457248e+01 4.394612051035511513e+01 1.735593741870587436e+01 2.063111079449213037e+01
9.035071565874808641e+01 7.617180261927681784e+01 9.552258003418945975e+01 1.102630633092416019e+02 1.185389899586323565e+02 1.284524477907244773e+02 1.276484900040226478e+02 1.185021552516494694e+02 1.069847458094523915e+02 8.982239586665119191e+01 8.982196174429095947e+01 7.796799164617166866e+01 5.798040499602512909e+01 7.304739613357702410e+01 8.130717007868220492e+01 7.978887203274733508e+01 7.695335577294939355e+01 7.673455244694036992e+01 5.658368449698536296e+01 4.208104575819830018e+01 3.295948207404700980e+01 5.336025921236213776e+01 7.068977858555574301e+01 6.299709606460972111e+01 4.334655380880653297e+01 2.905058724734969644e+01 4.424176284023271677e+01 5.045945071710667662e+01 5.372169327381262605e+01 4.782506678712470460e+01 6.815702310824183030e+01 6.679374229461035384e+01 5.854711219724321580e+01 5.239180226741249413e+01 3.240151384549932345e+01 1.853611929788961632e+01 3.681645331741681559e+01
7.091216873111766006e+01 9.035071030562045280e+01 8.441864434089603719e+01 9.080661079191111185e+01 1.004129547584073947e+02 1.201133497202264806e+02 1.239065925611417356e+02 1.101857350946846168e+02 9.029037895955363524e+01 7.885012943774846406e+01 6.995235100996083588e+01 6.327989191004473923e+01 7.796799164617166866e+01 8.622354440498536121e+01 9.256064542517673033e+01 8.266262199274190436e+01 7.443288500308047162e+01 6.914884027155380863e+01 7.080004661936801824e+01 5.459436902684551285e+01 3.416621427035891401e+01 4.946301452159045198e+01 6.856212060339025527e+01 6.015534257430498144e+01 3.993138304538556582e+01 4.937717129974548413e+01 3.546024208558490898e+01 5.581340190046353911e+01 7.168815713301836468e+01 6.815686605518790486e+01 7.647272876422658783e+01 6.453742088557254419e+01 5.622938250002018634e+01 4.977391824438904422e+01 3.950140776370685813e+01 1.971209765727252616e+01 3.950107108946034629e+01
9.035071565874808641e+01 9.848220736418863908e+01 1.037774156288702727e+02 1.102631522393168524e+02 1.185389899586323565e+02 1.284524477907244773e+02 1.155775590984455050e+02 9.564672935741860726e+01 8.574946748130395235e+01 7.688416179068589429e+01 7.058587750401714800e+01 7.480286893546681881e+01 9.145554209595687212e+01 9.834550234838806659e+01 7.848352367217630388e+01 6.456480746750467858e+01 5.466180000132037264e+01 4.881626743916611844e+01 6.196019019795063798e+01 5.584428732822506447e+01 3.542225815869451822e+01 3.720763697745383780e+01 6.846507331520025730e+01 6.833298038628711879e+01 5.015615210449454509e+01 6.407581147187524095e+01 4.728665599754211968e+01 4.320534121767874325e+01 5.763246703880490429e+01 7.758060091892002674e+01 7.043225938907828265e+01 5.034938434460948997e+01 3.616582533664273313e+01 4.143447995409032814e+01 2.165487253079489349e+01 3.950140727269859298e+01 2.348118439235005184e+01
9.352428867649156530e+01 9.637641427991457022e+01 1.047325058413450165e+02 1.078742514460784889e+02 1.101517862360953899e+02 1.186812398982613246e+02 1.239065925611417356e+02 1.108011485133877585e+02 9.090052848828256060e+01 9.045370611952924378e+01 8.463221874160454661e+01 9.466833034340119468e+01 1.029441871473630243e+02 9.988771989664884643e+01 8.001554264371269198e+01 6.608524844413712174e+01 7.443288500308047162e+01 6.196019020965082547e+01 3.776360017253338697e+01 3.721612696771617124e+01 5.584428732822554764e+01 4.121620999578642852e+01 6.197120658732091414e+01 7.827421787712528101e+01 6.440060912017689532e+01 7.565861539161605265e+01 6.746115341546915545e+01 5.047724203097512685e+01 6.347277181125917167e+01 8.333092236983223700e+01 6.932766160376533549e+01 4.924042861955963701e+01 3.506124454652866262e+01 2.366462143569245313e+01 4.150674943220855795e+01 4.980949488745429221e+01 4.336371809029337498e+01
7.326229460531838811e+01 7.719961597404980580e+01 9.164490301910883829e+01 8.729106581896773775e+01 8.956421072167674424e+01 1.079869414577706550e+02 1.165200252677283714e+02 1.191163283998368172e+02 1.108011485133877585e+02 1.103653757053506155e+02 1.045080199004989225e+02 1.069735623609801536e+02 1.047925338241079913e+02 1.057433652661189427e+02 8.583596860415663343e+01 8.583596860415661922e+01 7.392851932037207519e+01 5.372308449656548390e+01 3.900526442659266735e+01 5.769869132907039244e+01 6.603425145788884265e+01 4.618143781225717959e+01 6.667208298769109831e+01 8.207312350277344137e+01 8.405040320433400325e+01 8.457402108616675207e+01 6.478765774863634874e+01 6.478765773733678657e+01 7.874973588544993675e+01 7.882447885953155264e+01 7.052879024503273797e+01 5.921928101313881143e+01 3.913173465109384352e+01 2.512255235883517557e+01 4.501524051108977886e+01 6.184842264287779301e+01 5.566960802494188698e+01
6.231335793499793141e+01 8.170888121250467862e+01 6.847757871369272209e+01 7.330456672869354406e+01 7.968922972241004743e+01 8.730138752658668011e+01 1.019380191739353592e+02 1.225903316731470483e+02 1.191954339363716286e+02 1.108965258701089880e+02 1.069735623609801536e+02 8.753871450935741905e+01 8.543554468328774476e+01 9.928776173902593882e+01 9.008283621326916091e+01 8.181326160821471660e+01 7.294997200629345002e+01 6.170636319011477866e+01 4.115982978216597843e+01 4.173375629520249674e+01 6.206609262772217050e+01 6.667208298769109831e+01 5.363033318907346825e+01 6.796118549670829623e+01 8.791271365614802846e+01 9.273289303972454434e+01 8.457402108616675207e+01 8.457401896946852560e+01 7.943071426217450437e+01 7.052879026129208739e+01 5.042496060389886736e+01 5.631308014890802838e+01 4.650865111809411445e+01 2.658519310178271056e+01 3.356230881923087139e+01 5.358828797221309514e+01 6.942070053983455580e+01
