MOVIE_S10_data/elevation_000348.asc
nrows	100
cellsize	150.0
xllcorner	0
ncols	100
yllcorner	0
NODATA_value	-9999
[rows 17 to 33 of 100, columns 0 to 36 of 100]
5.222468517465790605e-02 2.003932034474636126e+01 2.119696418092165047e+01 1.127554545043947698e+01 2.839183208318764429e+01 4.389482017677593007e+01 2.550539735629951110e+01 4.263010527974285679e+01 3.626892374232794936e+01 3.063142265135534359e+01 1.621920152340365462e+01 2.630071095522600189e+01 4.636463659748093136e+01 4.597398093479376513e+01 2.598668837684648025e+01 4.597810605924657779e+01 5.828451394803203556e+01 5.006745558124534057e+01 3.861514381421338982e+01 5.857785227564455255e+01 5.562667184489213668e+01 4.698115252644404194e+01 4.180558982191923434e+01 2.183450765734822951e+01 3.767361333456599226e+01 3.307471150942473059e+01 2.110922403578671336e+01 4.123089274668543425e+01 4.155086267391234145e+01 2.315742146594048023e+01 4.289176478435561535e+01 4.492316366979551390e+01 6.491024564785918471e+01 5.676464041771097868e+01 5.201576103756626424e+01 6.626239917800035073e+01 8.636218670911317474e+01
7.333276091007127906e-02 3.196807998682186014e+00 2.318932510398753166e+01 2.927061869326670163e+01 3.777086631648383985e+01 5.398092562913056014e+01 4.563872910720096598e+01 5.398980089922946490e+01 5.266749351097643483e+01 3.264227799201294289e+01 2.128354798851343688e+01 4.132900159807746121e+01 5.473198821794629509e+01 4.596969418071824265e+01 4.597809952093577124e+01 3.115215219645740063e+01 5.113859116543006422e+01 6.522426556949251619e+01 4.528492741568924629e+01 6.522426556949251619e+01 5.780986734496864443e+01 3.780814512555603812e+01 2.629635354666803337e+01 4.180558982191976725e+01 3.812069205636628055e+01 5.073669599814657971e+01 4.098032122445910375e+01 5.533172163281211198e+01 5.157492836894866173e+01 4.323901010301891290e+01 2.487915241771452912e+01 4.497135194415940873e+01 5.503837945747390847e+01 4.249778733209490866e+01 6.265835948791174559e+01 6.626239917800035073e+01 8.047849512313688081e+01
6.343274376862209629e-02 2.006343274376826713e+01 7.725916135223864778e+00 2.772404257332827626e+01 3.798358789734341912e+01 4.401238326435732517e+01 5.108082618992697377e+01 5.934594342788261656e+01 6.096139186935011622e+01 4.736709007608803290e+01 2.733892767492961795e+01 3.765514842756981295e+01 5.767579843421651731e+01 6.584610668251490040e+01 4.907746031332879966e+01 3.493317653391035549e+01 5.491476290655025849e+01 7.338259346515710035e+01 5.528395277069455460e+01 7.338259346515710035e+01 6.606935621825827809e+01 4.960406564256630446e+01 2.961624873977703842e+01 4.960406564256630446e+01 5.810940873242908111e+01 6.641652075944463718e+01 6.162436830124719478e+01 6.247513616431549366e+01 4.927877096593108774e+01 2.944633335957406928e+01 2.610841578208110292e+01 4.623025564331199178e+01 3.487977250377000615e+01 5.503837945747390847e+01 7.098633329377837242e+01 8.636218670911317474e+01 8.691508368260062412e+01
3.497053469895897854e-02 2.003497053469860489e+01 2.772404257332827626e+01 1.243996134186997438e+01 1.798696323859001467e+01 2.401718898885798836e+01 3.108823920234301852e+01 4.263448867737051984e+01 6.261895002058309245e+01 5.403962617024665605e+01 3.402456558239722995e+01 5.403962617024665605e+01 6.598245166511256343e+01 7.718118063780616467e+01 5.899199018371893288e+01 3.901777872693175198e+01 5.315996743977623851e+01 7.307364228971256637e+01 6.937962358729269852e+01 8.324665901170300231e+01 7.086089570151493433e+01 5.308816612405141910e+01 3.307737977630542048e+01 4.200133038553020270e+01 5.357645319462875477e+01 7.364307299222907943e+01 6.831865535221854202e+01 4.828369196338737623e+01 3.435357782619914246e+01 4.927877097738157630e+01 4.623025746453762252e+01 2.799290997935346681e+01 4.812403434611812969e+01 5.845106981347943531e+01 6.859367433742633580e+01 7.691923234637781093e+01 6.684186137694530316e+01
9.635555453094322986e-02 1.164336093832335806e+01 3.164336093832300278e+01 1.670397566113595289e+01 3.670086349710273055e+01 4.401238277245083452e+01 5.108089804652088617e+01 5.935123649664100043e+01 7.088398555012331315e+01 6.234048832327186318e+01 4.403654332048403575e+01 6.234048832327186318e+01 8.196256620264539094e+01 6.210550836338000380e+01 5.056894263553521540e+01 4.436668907145472929e+01 5.850296545078335697e+01 7.838563567134448817e+01 8.910198289101059288e+01 7.673327091118373744e+01 5.666524181061567589e+01 4.248623347483437129e+01 3.790384337424064398e+01 5.795253586148561453e+01 7.037532085789834468e+01 8.196482519686279034e+01 7.205144153435513488e+01 5.193705783768103856e+01 3.802497098865543279e+01 5.782842442304873742e+01 5.646196248982735000e+01 4.812403434611812258e+01 2.997138707795059887e+01 5.011353379096880190e+01 4.844732666040445679e+01 6.371268804397217878e+01 5.521175151351054922e+01
8.845047570523793812e-02 2.008845047570488163e+01 3.992763218578425466e+01 3.670086349710273055e+01 2.319283152007061233e+01 4.318822319981672564e+01 5.740775213139217925e+01 6.496063163603828627e+01 7.321796332951359432e+01 7.235124825734840215e+01 6.404270902000918397e+01 7.235124825734840215e+01 9.009616842923705349e+01 7.866891785684804006e+01 7.049808809877103499e+01 5.436961649972167265e+01 5.505930856809776230e+01 6.658893574304987339e+01 8.641456321424554687e+01 7.673326998365033091e+01 5.666524181040468022e+01 6.254303125751001602e+01 4.607455647420307088e+01 4.734233370192464463e+01 6.154855909305391037e+01 8.186509151880719060e+01 7.685952608978674050e+01 6.180271771648594381e+01 4.192651472746002383e+01 6.180271771648594381e+01 6.436302611179480948e+01 4.421120081475138619e+01 5.011353379096879479e+01 3.198996404548329764e+01 5.214425034095671663e+01 4.355495862571903842e+01 6.365348815810432370e+01
8.023991185656004221e-02 1.422237553558763601e+01 3.422237553558834122e+01 5.145879300477251661e+01 3.733410754465037940e+01 3.075209975333393331e+01 3.741868554790509194e+01 4.497759078430813418e+01 5.911356044725086889e+01 7.907671020016972818e+01 7.663882459620745635e+01 7.747694486399424818e+01 7.338295483453447332e+01 8.161938038335370038e+01 8.244231742362094906e+01 6.848175254632191411e+01 6.916854776917874403e+01 8.312493368795520610e+01 9.453308474748219226e+01 8.505652383078168555e+01 7.673326981348012055e+01 7.447288240770674861e+01 5.611080417740474502e+01 5.631935380223703902e+01 7.577965758621236603e+01 8.274437441797591930e+01 6.256544643385983306e+01 4.838762310870701100e+01 5.326636224926517826e+01 7.015651685354575307e+01 7.269093881227382781e+01 6.436302611179480948e+01 6.048096993419750333e+01 5.214425034095671663e+01 3.404745201115443365e+01 5.421321385106175228e+01 6.322973797602731594e+01
4.598823041778624804e-02 2.004598823041743216e+01 3.007340434288479614e+01 5.007340434288408204e+01 5.732131818941463308e+01 5.074472993689650480e+01 4.707873953713077242e+01 6.496063163603828627e+01 7.321796332951359432e+01 7.096226639133617198e+01 5.703207318672870230e+01 5.785939670375716304e+01 5.382753355564907594e+01 7.027340659535106226e+01 8.161939265539481880e+01 8.828951832229861907e+01 8.896990783894747779e+01 8.950712440681641624e+01 8.114551378546325111e+01 8.225968935590529441e+01 9.061792020612213605e+01 8.451543815658904180e+01 7.029916092556157992e+01 6.790734086379772805e+01 8.477956733067131267e+01 7.647400505764902334e+01 5.616217514095208685e+01 6.850704997898806425e+01 7.346359614044376940e+01 8.180899986584311989e+01 9.214734140600540968e+01 7.384960213110508676e+01 5.970417037242934555e+01 3.952910785669189409e+01 5.421321385106175228e+01 3.635988196856722254e+01 4.638537603183117852e+01
7.340434288523949025e-02 1.007340434288515318e+01 3.007340434288479614e+01 3.768021915842616210e+01 4.596449040588835544e+01 5.490876231588767098e+01 6.705651661779573658e+01 7.531174536867146685e+01 7.620462278044824700e+01 6.119243652345857498e+01 4.332901458887555890e+01 4.414946409509805392e+01 4.265226153908002260e+01 5.382753355564728537e+01 7.338295420015960246e+01 9.037131419857271908e+01 8.180977643365908136e+01 7.341921896056170738e+01 6.070346540392520751e+01 6.183701653124020936e+01 7.634066846361039893e+01 9.654916765730715156e+01 9.038939677687626784e+01 8.803719847076104088e+01 9.641968175775028271e+01 8.480319483742262321e+01 6.791536436701770185e+01 6.704218386595687207e+01 8.730486222085106363e+01 9.197707239997092188e+01 7.205703496409361719e+01 6.552472944369850438e+01 4.536172136391012089e+01 5.970417037242934555e+01 6.486890582520815940e+01 5.653517613218446769e+01 3.871869959835847652e+01
3.515918393995972474e-02 5.582161146192274437e+00 1.135566383808858326e+01 1.768021915842545511e+01 2.662449106842477065e+01 4.076662669215622259e+01 6.076662669215692603e+01 6.067290661656713979e+01 5.683338393650041098e+01 5.305184686265598515e+01 3.357102981567393130e+01 3.288601458803941568e+01 4.265226153908000839e+01 5.635357589944747048e+01 7.594792066188958302e+01 7.851563907211665594e+01 6.145471268463557379e+01 5.269608635474634895e+01 4.847199182411364404e+01 5.801190383497008440e+01 6.995299430012914854e+01 9.020026785094222532e+01 1.018271858197375366e+02 9.347542055386942650e+01 9.871926497587764970e+01 9.645407443452711505e+01 8.816532566291471085e+01 7.725058178170816348e+01 9.559523300993147643e+01 8.365874753017027388e+01 6.356399191091526291e+01 5.192311715329618238e+01 6.552472944369850438e+01 7.384960213110508676e+01 6.464396425331572971e+01 4.446775216616901361e+01 4.072187977245415169e+01
4.608085242692564615e-02 2.004608085242657012e+01 3.135566383808894031e+01 3.768021915842616210e+01 4.596449040588835544e+01 5.490876231588566725e+01 4.810805352723257755e+01 4.112893966772776366e+01 5.484772487303284549e+01 3.745485826080332004e+01 2.608410563588446607e+01 4.568865383893520971e+01 6.050784207759755162e+01 7.027338815474617206e+01 7.031097423184939998e+01 6.183206193088403069e+01 4.921214945261709772e+01 4.023444937911976638e+01 5.269608659675999718e+01 7.341944699905390337e+01 8.687483620212528024e+01 9.854878171804729448e+01 9.018049487275445131e+01 7.329938995880418418e+01 7.854284709185185420e+01 9.280521349844750034e+01 1.056282559179512788e+02 9.150976355658747252e+01 9.264028227579993313e+01 7.255696004229564267e+01 6.094708810702552881e+01 6.617195806069469199e+01 8.037748086350174503e+01 7.070702310362277387e+01 5.059813181531142590e+01 6.464396425331518969e+01 6.094092142325751382e+01
1.610643649003322755e-02 1.415824206022110943e+01 3.415824206022181642e+01 3.747799959442858153e+01 3.858907760047863178e+01 4.221380342224415472e+01 2.778557233749311450e+01 2.754861053234515822e+01 4.505889270250164458e+01 3.713390553796821081e+01 2.237679740452036725e+01 3.633215332157095645e+01 5.585383879647543637e+01 6.573018140165100931e+01 5.822050586612890299e+01 4.069549598457259521e+01 3.400113604104478071e+01 5.532895566118074981e+01 6.992427482458396071e+01 8.181590579356061710e+01 8.947544752141999425e+01 8.544251268673379229e+01 7.709016115044163087e+01 6.166847629250757024e+01 6.429012297064572579e+01 7.854284709139106724e+01 9.871926427298717499e+01 1.114807930228997890e+02 1.009583946026721861e+02 8.936355749667725945e+01 6.994380306746469955e+01 8.626486743988800754e+01 7.739389562504386788e+01 5.733327806078061428e+01 7.070702310362277387e+01 7.900932022615477024e+01 6.748853011230403354e+01
2.022278438842990689e-02 2.002018513248891196e+01 2.223553691242430830e+01 1.745725127600541171e+01 1.855270677013380265e+01 2.553596004164757005e+01 1.366033280327761901e+01 3.088494469993176850e+01 3.246241600853387865e+01 1.738044896551027918e+01 3.713392245736906006e+01 4.609375551189010878e+01 5.430092921411367257e+01 4.476208502933377531e+01 4.476208511437370419e+01 2.841506991573939800e+01 3.789511164013364208e+01 4.868134604980212998e+01 6.357568239392094256e+01 8.401417002362155984e+01 6.931625262408518040e+01 6.931611635011290673e+01 5.695022014322420034e+01 5.268471760186078257e+01 6.690554657216661383e+01 8.707039647667056670e+01 9.429592743328632309e+01 9.429592743328630888e+01 1.026402980021596960e+02 9.834471416630681517e+01 8.153705222681504949e+01 8.741709902191330173e+01 6.737069222817447667e+01 6.443621514071791978e+01 8.448068640218490089e+01 8.387139264781990278e+01 6.380656577873570257e+01
6.642187732006160639e-02 1.146320368498140674e+00 2.227796462656866705e+00 3.314047004653987827e+00 4.410038477439588434e+00 5.528065588895220372e+00 6.651357262395279690e+00 2.442913857946497558e+01 1.266732540223530101e+01 3.068760746785945415e+01 3.196136120690216131e+01 2.608024589918275282e+01 4.606328039508373706e+01 4.476208484073941918e+01 2.376483926155072979e+01 4.329466092322393678e+01 5.271477816391359994e+01 6.222483054122092483e+01 7.797863579027561798e+01 8.174134708365600943e+01 6.759759171843981562e+01 4.920924129048815843e+01 4.537329241421943493e+01 6.546236030036600084e+01 8.116389457338506475e+01 8.841931123285014849e+01 7.419836491393319022e+01 7.419836491393319022e+01 9.429592743328630888e+01 1.099402856583957373e+02 1.016229840778832454e+02 9.571536294951212653e+01 7.633228047450511156e+01 7.339720372595782294e+01 9.277993963407169531e+01 9.218617555659966456e+01 7.988106712265280862e+01
1.591255364720534082e-02 1.935896427814831000e+01 2.220542702732297258e+01 1.273865966706175001e+01 1.070598737043609816e+01 2.553335280516771633e+01 2.665976390137217322e+01 8.270809711053862756e+00 9.423466876123656633e+00 1.066123299752277553e+01 1.190614697932675270e+01 3.191904930806884977e+01 3.517131061050667995e+01 3.653208209032314358e+01 2.074009870386829135e+01 3.357860826498305329e+01 3.403390836068678027e+01 5.398444823557179717e+01 6.873637244596598350e+01 6.289414075848970498e+01 5.336869895584352719e+01 3.921798588963663690e+01 5.926274355493094959e+01 7.381058551376935384e+01 7.802737293327177781e+01 8.008480469053111506e+01 5.999978164020716065e+01 8.008480469053111506e+01 8.966041512705949401e+01 9.865166987599371851e+01 1.102683648000546128e+02 1.046795597462813703e+02 8.790907820466215128e+01 8.497035786417497150e+01 1.017439761522146000e+02 9.406767564534506221e+01 7.400478146847601124e+01
6.189296070378335485e-02 1.493214215320944582e+01 3.555055552247730333e+01 2.601663524134978900e+01 3.040233993357405140e+01 2.054223328227961431e+01 3.710449811861241187e+01 2.379844883057326044e+01 2.793936865918471568e+01 2.367337646149656294e+01 1.564537852754324199e+01 1.380102998132146119e+01 1.514832802495613429e+01 1.650703801460910114e+01 1.806689250315561424e+01 1.963712685501068478e+01 3.958212222718552198e+01 5.015358942257731911e+01 4.862993498372821222e+01 4.275415408044756305e+01 5.060124907293704410e+01 3.559287451884306819e+01 5.560326113511347756e+01 6.119162431720904038e+01 5.795099709089692652e+01 6.704248668842178915e+01 5.366073485226252160e+01 6.123918886004756956e+01 7.021882584655620008e+01 8.181338973852611218e+01 1.019173729122726968e+02 1.162494805581514612e+02 1.079631011550984852e+02 1.050272838763704755e+02 1.133160609990052308e+02 1.023857561425112408e+02 9.406767564534506221e+01
2.247884206357958492e-02 2.002247879900616923e+01 3.829341478303240365e+01 4.788660887708265790e+01 4.756980697649283485e+01 2.794126580811107274e+01 4.756987908430992462e+01 4.744609114724445220e+01 4.239049046263242104e+01 2.328138178636943678e+01 2.065176923769232431e+01 3.384545068285343916e+01 3.517581600802824227e+01 2.545856337933885527e+01 3.801660539244937809e+01 3.958212222718507434e+01 2.190757635421718419e+01 4.183331492061508072e+01 4.590274458280425307e+01 2.867946554511408053e+01 3.063966903039919742e+01 3.305714464175915879e+01 5.303830893966546967e+01 4.075052019238390244e+01 4.378980746414490000e+01 4.698820409857801650e+01 5.170435181560903004e+01 7.177262374459984073e+01 8.580304587888996082e+01 9.339680318122670144e+01 9.339680318122671565e+01 1.135290518591530997e+02 1.039886415500200911e+02 9.567274593886180867e+01 1.039886415500200911e+02 1.031096578797568952e+02 9.479924691910942158e+01
