MOVIE_S10_data/elevation_000095.asc
nrows	100
cellsize	150.0
xllcorner	0
ncols	100
yllcorner	0
NODATA_value	-9999
[rows 34 to 50 of 100, columns 0 to 36 of 100]
2.064481644892168788e-02 2.002064481644856642e+01 3.183278920334624473e+01 3.890385701522142625e+01 4.718812828725910435e+01 5.873513369309420540e+01 6.870363095712474433e+01 6.047847718342968193e+01 6.870363095712474433e+01 8.267520145061338610e+01 7.447189584752477742e+01 7.704441690656526021e+01 8.524611483481561436e+01 7.893567601399152522e+01 7.061353265286584246e+01 7.893567601399152522e+01 6.393593700165590121e+01 4.390891154742486435e+01 4.978270556518804568e+01 3.327122826094299057e+01 5.329577804326734736e+01 5.388475085321003633e+01 6.269775174938423135e+01 5.081074251496371375e+01 5.748602896214358537e+01 6.506838208060868567e+01 7.669438249839737409e+01 9.683700229004153925e+01 1.024748975418642232e+02 1.108055957520358561e+02 1.047623418931346180e+02 8.647668936362755687e+01 1.047623418931346180e+02 1.065441088146361039e+02 8.653329999349764989e+01 8.653329999349764989e+01 9.239433020018164200e+01
2.905961989428186565e-02 5.802562311790564031e+00 1.183278920334588946e+01 1.890385701521148931e+01 3.045086239900420821e+01 5.045086239903710634e+01 5.874292614862334716e+01 4.053050329516959494e+01 5.874292614862334716e+01 7.120590473754982952e+01 5.458296561871203068e+01 5.716707932233902056e+01 7.704441690656526021e+01 7.566939160912497186e+01 7.781282682724300059e+01 8.587424819687514344e+01 7.229345738853764658e+01 6.397161443337084563e+01 4.961079261102101157e+01 5.329577812428211558e+01 3.697725362574876584e+01 3.972194613788272477e+01 4.263958974595004747e+01 6.266437690806012029e+01 7.315521431140112441e+01 8.153463195777463568e+01 9.350217010232306336e+01 1.050978282900468628e+02 1.095976300857905272e+02 1.013300879785485478e+02 9.648995701875321629e+01 7.644362324382935014e+01 9.648995701875321629e+01 1.032605882605272569e+02 9.239433020018164200e+01 7.236280123108357998e+01 8.343595810654980482e+01
3.542675937824442400e-02 2.003542675937788786e+01 3.183278920334624473e+01 3.890385701522114914e+01 4.718812828577158314e+01 5.325683751148071110e+01 5.050449023929962067e+01 3.053808785041819363e+01 5.050449023929962067e+01 6.298894046168221905e+01 4.305770692727532634e+01 6.298901670882460735e+01 6.977208654137039900e+01 5.580487104926243092e+01 5.798448609785355501e+01 7.331708493739705546e+01 7.841251208793806882e+01 7.802386723233102828e+01 6.969208342516886034e+01 6.534667009561221107e+01 4.853333873341427562e+01 5.128048599472207059e+01 6.269775174938423135e+01 4.772267597700970754e+01 5.307105754307620060e+01 7.317344353690846503e+01 9.055624441156241744e+01 1.022204901590818622e+02 1.013300879785485478e+02 8.130820376553849371e+01 8.717247787939727743e+01 6.978234220051272985e+01 8.980784576044521827e+01 9.499635707385722583e+01 7.498717348383712533e+01 7.865892694931291373e+01 6.345095297150560754e+01
3.411803931810562102e-02 2.003405366431675461e+01 3.705369696601364637e+01 4.499879803480236262e+01 4.041740156697914443e+01 3.345363098298161475e+01 3.533160047569037943e+01 2.387389688032188317e+01 4.384902277633916867e+01 4.915612024992863383e+01 3.703372477446028199e+01 5.697949498009580083e+01 6.162301367929612184e+01 4.136951602452423771e+01 5.445863254682419807e+01 5.342764929292395237e+01 5.864370321486789095e+01 7.017574217807975856e+01 7.642877161568760869e+01 7.717775983874295775e+01 6.872775079070903814e+01 6.547316776245683911e+01 7.282714755651046801e+01 5.272552067544670251e+01 7.282596914839430724e+01 6.203372505042084128e+01 7.364903984323075292e+01 9.384691207523513867e+01 1.013300879785485478e+02 8.130820376553849371e+01 6.716802870864317754e+01 6.378178771879259301e+01 8.376992925624324471e+01 9.306633990227597053e+01 7.865892708545072765e+01 5.870960445233395575e+01 7.430585709767825620e+01
3.327314952832965272e-02 2.003306445684145842e+01 1.757751385720925086e+01 3.401950599424837662e+01 2.056816420604697626e+01 1.933331150619735439e+01 1.534728661823564266e+01 3.533160047569037943e+01 4.209860313687990896e+01 2.919446963279125740e+01 4.915607662203043304e+01 5.536441802476623053e+01 5.446232834776555620e+01 3.382952752312243661e+01 3.382952700974133364e+01 3.890211108342735002e+01 4.435736802639583942e+01 5.027071277181305220e+01 5.663746858931234840e+01 6.419772858781196589e+01 8.384570097960367718e+01 8.561125311510919289e+01 7.841113257986364715e+01 5.827778825674068486e+01 7.841113257986364715e+01 8.218566510502985523e+01 7.626885595167603071e+01 9.647010600902967781e+01 1.071788805745715365e+02 8.717247787936925363e+01 7.822621623972854366e+01 5.827454022180297954e+01 7.307471564331511615e+01 7.307471564331511615e+01 8.693688983260672387e+01 7.430585759039792038e+01 5.437693132698577614e+01
6.779948344387334846e-02 1.366939088367136401e+00 2.019352764116779753e+01 2.436288373385930939e+01 6.436708312168736512e+00 7.788183068963176581e+00 2.777919965380904443e+01 3.804452974463197990e+01 2.212529870519945874e+01 3.544608951212501324e+01 3.917370323664504639e+01 3.663979869142841750e+01 4.348421544077854861e+01 2.728319596614725029e+01 3.323889355093063358e+01 4.001773288209042789e+01 4.738426125331402972e+01 6.740229871788326932e+01 7.642877161568760869e+01 8.384570097960374824e+01 7.818906349260232957e+01 9.750203191815026571e+01 8.679035920693530670e+01 6.725424967655995090e+01 7.249534875467378470e+01 9.269309812270439863e+01 9.647010600902967781e+01 1.048436328714488894e+02 1.050328378901121056e+02 8.502066612763013609e+01 7.087139335496141257e+01 7.307471564329755154e+01 5.313951830917173424e+01 6.837594457022677830e+01 7.571708970678575668e+01 6.744322207485816989e+01 5.149721266629895666e+01
9.516927588586144779e-03 2.000951692758822986e+01 3.223892470137640132e+00 4.542653416929177901e+00 2.454065579624901616e+01 2.777919965380904443e+01 9.793201897273007717e+00 2.978301985700678500e+01 3.300600984993395315e+01 1.545898018976035360e+01 2.353676137705066651e+01 2.625547303962041568e+01 2.332918635082793557e+01 4.348429784275989363e+01 5.390317824896428078e+01 6.032485369926163088e+01 6.740229871788326932e+01 6.013041405087054159e+01 7.418580146068261172e+01 9.374808381177061278e+01 9.750203191815026571e+01 1.053650936346429745e+02 9.582532723636657579e+01 7.889146642891051897e+01 9.269309812270439863e+01 1.010853696591967008e+02 1.108063721748583390e+02 1.022146085335894554e+02 1.058463052717002029e+02 9.915909437472103605e+01 9.088209553056421441e+01 8.135366682001119898e+01 6.837594457022677830e+01 4.842227935669676242e+01 6.396891716657070504e+01 4.748417264660144355e+01 5.303675995336506332e+01
1.945935296826603253e-02 2.001945935296791035e+01 2.380347739932696172e+01 1.609817595686944003e+01 3.301247285555312061e+01 3.761136311530061960e+01 1.979230406854998847e+01 1.183977993564501574e+01 1.330232477979488515e+01 3.329024105878874451e+01 1.778080500353483018e+01 1.945174351773809462e+01 2.156887628124569289e+01 4.214756240549901634e+01 5.297689494336749760e+01 6.508655909329527844e+01 7.544484094160520726e+01 7.991546130583040508e+01 8.796886007104259875e+01 9.800982970859361387e+01 8.987666092394636053e+01 9.457595542876984496e+01 1.027066243682732818e+02 9.911098486464146617e+01 1.075079630685743837e+02 1.170942785267055797e+02 9.605124741880477757e+01 8.098491064410158913e+01 8.466216734034432534e+01 9.407017131740145999e+01 1.027162194791636978e+02 8.835426469628296786e+01 6.837594432671129141e+01 6.396891630208236990e+01 4.395970435466303883e+01 6.396891716657070504e+01 7.297233746960380074e+01
5.600688922766024203e-02 1.160121593148240571e+01 3.141178609153235612e+01 3.645951542490551844e+01 4.536345043285210465e+01 3.976216121833582662e+01 3.976216121833582662e+01 2.338498795267690156e+01 2.743588398186678745e+01 2.224573076415896367e+01 3.814401208238322738e+01 4.007876907553388435e+01 4.214756242198004799e+01 2.469781028200529249e+01 3.878312216337542395e+01 4.784789037797258970e+01 5.713554195259996504e+01 7.700982482326581646e+01 8.745557619299430030e+01 7.929805404159654358e+01 7.008589963238554787e+01 7.482633707072176321e+01 9.310710035982532418e+01 1.012367492946635821e+02 1.107670077852922788e+02 1.231125792125441194e+02 1.022146085335894696e+02 9.086685768684922948e+01 6.989704367227238890e+01 7.303463532102611566e+01 9.059876348834472992e+01 8.374896153517074993e+01 6.376457663091559880e+01 4.965043953129774934e+01 4.202438923337457766e+01 5.947111427357742031e+01 6.632438166715456873e+01
8.215197286175310309e-02 2.008215197286139642e+01 3.972172758143481275e+01 4.291004709995187483e+01 5.119431834741347842e+01 5.965270002752077261e+01 5.162240276766333835e+01 4.336573271807539953e+01 4.730177860501545695e+01 3.378720166490032284e+01 3.378724339313633607e+01 5.374693163976139232e+01 5.338215502390178813e+01 4.512754558880750011e+01 2.793332259451277366e+01 3.711487614480196839e+01 5.130308611557309462e+01 7.121633593629259451e+01 7.600861661570411343e+01 5.941636612236828796e+01 5.856148629048635001e+01 7.696867582963162135e+01 7.334164768413016589e+01 8.295898519494824086e+01 9.856521288653776480e+01 1.099039593156623340e+02 9.860355033286154480e+01 8.928392025718810032e+01 8.081781856991524648e+01 6.140885515692070129e+01 8.192529894734606444e+01 8.594568499261936267e+01 6.595009733960461062e+01 6.961743513734633382e+01 5.947111407128458183e+01 3.937349325153747515e+01 4.866406290958193637e+01
2.613274238814250472e-02 2.002613274238778729e+01 2.744071901339626862e+01 2.291004709995258537e+01 3.583517767115910146e+01 4.099915546610223060e+01 4.766582213276878122e+01 5.522511159295306271e+01 6.196447380996995946e+01 5.374341132547101552e+01 4.532297506307995860e+01 6.197388485408151837e+01 5.709859628779080509e+01 3.710115660805024618e+01 3.030134190172866582e+01 5.043279323589251106e+01 5.663796366751625300e+01 5.946114618035900179e+01 6.283372261058499930e+01 4.787682193388192786e+01 5.234554683546717513e+01 5.705901590178876859e+01 6.309137665204055168e+01 7.064703667368056017e+01 8.212981623908436291e+01 1.017920063709898386e+02 9.080480244864902772e+01 7.224365581686183191e+01 6.276132336962196234e+01 5.681546254394724826e+01 7.711317723653948519e+01 8.935873235028267914e+01 8.594396549799404283e+01 6.769313673282412935e+01 4.768221860408377921e+01 3.754600416905600468e+01 5.521427018999970926e+01
7.532853315450405152e-02 3.726812249855603554e+00 7.440719013396625670e+00 1.136304171616027325e+01 1.583517767115981378e+01 2.099915546610294470e+01 2.766582213276949531e+01 3.522511159295377325e+01 4.677211697674587754e+01 6.677211697674445645e+01 5.943403563134710765e+01 6.860493087472590901e+01 4.867537476126720719e+01 5.709859544595494185e+01 4.458870461580848854e+01 3.386565181668126456e+01 3.665425609513987837e+01 3.949823118677493738e+01 4.288129137476678920e+01 6.283372261058499930e+01 7.227592398093298698e+01 7.117390005889717486e+01 8.295898519494824086e+01 9.044003560547680820e+01 9.856521288653776480e+01 9.565249727975137262e+01 9.860355033286153059e+01 8.928324045509903328e+01 7.218684612871703621e+01 5.243689308149165385e+01 6.117752592070483786e+01 7.526305160058815602e+01 8.769129875855529122e+01 6.768895047490566697e+01 6.595934856271631475e+01 5.521415203942127192e+01 3.498791542398787868e+01
6.101047412966256744e-02 2.006101047412930782e+01 2.744071901339626862e+01 2.550517733989097380e+01 2.738218305495212590e+01 4.099915546610223060e+01 3.732908708465689074e+01 5.522511159295306271e+01 6.350938284041466630e+01 7.505638822420577583e+01 7.930555985480498293e+01 7.679015775955872414e+01 6.021057473906308388e+01 7.273715843836450290e+01 5.943153102145623023e+01 3.946203404468553089e+01 5.663796366751625300e+01 5.946114618035900179e+01 4.766221540841159054e+01 6.760120405919145981e+01 8.723610707709335088e+01 9.095850208624923994e+01 8.910512623436740398e+01 8.084852836771601403e+01 8.910512623448094871e+01 7.569138076048859887e+01 8.979389641502623931e+01 8.739864176037195875e+01 6.741245913049112914e+01 5.604957944718337615e+01 4.723668165126257179e+01 6.252471689793576815e+01 7.076395601980328820e+01 6.958542981895556068e+01 6.855387058530325817e+01 5.347982274715792528e+01 3.317530964729031950e+01
6.842009524227352091e-02 2.006842009524191894e+01 3.985062213878664039e+01 4.550517733989025970e+01 4.738218305495141180e+01 5.566645430241302250e+01 5.732908708465618020e+01 6.561335833211678903e+01 7.801979107109649192e+01 7.542606478603417486e+01 8.370688340478379530e+01 8.822837807332298610e+01 8.007183460445514811e+01 7.350488881420977805e+01 5.360215809092527905e+01 4.702749724134192633e+01 6.696853786696452460e+01 7.579037620314574042e+01 5.919990670268416011e+01 5.919990670268416011e+01 7.329018059838834631e+01 9.304963115168132504e+01 7.912799597137765772e+01 6.088554037160788823e+01 7.912799597137546925e+01 6.157457633842940936e+01 7.981686012045298639e+01 9.569492794703968741e+01 8.414879338173859935e+01 7.526297944618428915e+01 5.671287693121012552e+01 4.268492940585912265e+01 5.834211894664841225e+01 4.970557661572461683e+01 4.728653640287470949e+01 4.975797249428121205e+01 3.187318176282036930e+01
1.934550753332892059e-02 1.156635089132574379e+01 3.156635089132538852e+01 3.946949787216591687e+01 4.775376911962811732e+01 5.930077450342083267e+01 7.476680009913091851e+01 6.648617239460851636e+01 5.802977243350241565e+01 5.543585768727339769e+01 6.957136949050247665e+01 8.956054957206869460e+01 8.942336701272412824e+01 8.167907433628559488e+01 7.350488881420977805e+01 5.702237559071284778e+01 7.515910450893434813e+01 8.723610707710543011e+01 7.907758967292761554e+01 7.907758967292761554e+01 8.723610707709335088e+01 8.823168528938553834e+01 7.086703436966197955e+01 5.088944465563186981e+01 6.087823951264689981e+01 5.157955086603146810e+01 7.155621638367723847e+01 7.574574756672437559e+01 8.417493957755320366e+01 8.483746302001348738e+01 7.077516997561191658e+01 5.834211894664841225e+01 3.840447748153042085e+01 3.552334763713212595e+01 3.276150308907100595e+01 3.247443354233308099e+01 3.066682798903186580e+01
4.364784840791047227e-02 6.073874739963157410e+00 1.239843006029986228e+01 1.946949787216521344e+01 3.101650325595793234e+01 5.101650325595863933e+01 6.322259611666905954e+01 4.648939085549403671e+01 4.388601867164726400e+01 6.388471333640825378e+01 8.370688340478379530e+01 8.395038392018760476e+01 7.045321708918206127e+01 8.395038392018760476e+01 8.507841092960508433e+01 7.691470014321603799e+01 8.507841092960499907e+01 8.498163002733306826e+01 7.636918089957927691e+01 7.907053445970092298e+01 8.768098117022313431e+01 7.458526659808595127e+01 5.998633395329893148e+01 5.998633395329892437e+01 4.083931132197603375e+01 6.084853838458322883e+01 7.250315862330849370e+01 5.568272994529695552e+01 7.254304370364663157e+01 8.083698282285227776e+01 7.255611077124571295e+01 6.658766722464864074e+01 5.834211894239480500e+01 5.549404974268734492e+01 4.748842989134906389e+01 2.898388601910777140e+01 4.910719999236739142e+01
5.219006137575642884e-02 2.005219006137540205e+01 3.239843006030056927e+01 3.946949787216591687e+01 4.775376911962811732e+01 5.673210928657183416e+01 4.844898709836183315e+01 3.493121992989343028e+01 4.494211143008784859e+01 5.908503255946183685e+01 7.907493336467190659e+01 7.542212923945604075e+01 5.698167466308403561e+01 7.542212923945604075e+01 8.441260568598930547e+01 7.580839557385137084e+01 8.441260568598930547e+01 7.300531646905869820e+01 5.564577280998500441e+01 5.832965176788835038e+01 7.907053445970092298e+01 6.631286058640883141e+01 4.628474342500006600e+01 3.993351786570586626e+01 3.607704477350665684e+01 5.615576343306867813e+01 6.416235894223696334e+01 4.413404123548433233e+01 5.414445336942837628e+01 6.248144317326433850e+01 5.252921523716803875e+01 5.620421896089134606e+01 5.434256987358054403e+01 4.604181029303763495e+01 2.736530353522130099e+01 2.965333145712805063e+01 3.198691022140773654e+01
