MOVIE_S10_data/elevation_000406.asc
nrows	100
cellsize	150.0
xllcorner	0
ncols	100
yllcorner	0
NODATA_value	-9999
[rows 0 to 16 of 100, columns 37 to 73 of 100]
1.103426704989738596e+02 1.102390248331381741e+02 1.020602532143383456e+02 1.102390248331381741e+02 1.072180569509583137e+02 9.904074558423974395e+01 9.904074558423975816e+01 1.037259625371587219e+02 9.794961091285782118e+01 1.008101786514051810e+02 1.008101786514051810e+02 1.089816073537481742e+02 1.248657142179135064e+02 1.166796899260055085e+02 1.151572825886983935e+02 1.233404744833324571e+02 1.321522055299339513e+02 1.435664703995309708e+02 1.520049236533359078e+02 1.439410915638380004e+02 1.520049236533359078e+02 1.353224491972560770e+02 1.270731609548298167e+02 1.247546790414549776e+02 1.189098063854016800e+02 1.174568808234231199e+02 1.174568808234231199e+02 1.257272857668493344e+02 1.306797221145867240e+02 1.248740744388991715e+02 1.306797221145867240e+02 1.115361095807763405e+02 1.015188283664083713e+02 9.321389989721993174e+01 8.654331321528559329e+01 9.216289298265280650e+01 9.641176315150410403e+01
9.061424081114452633e+01 1.003433506320591704e+02 8.224983150515500085e+01 9.469756662376589418e+01 9.904074558423974395e+01 7.917171142924726723e+01 7.917171142924726723e+01 8.389222263191619788e+01 7.806946193335414819e+01 8.099158088741837958e+01 8.099158088741837958e+01 1.008101786514051810e+02 1.135097189128817945e+02 9.704932019914357966e+01 9.553489877112131978e+01 1.042870652938540132e+02 1.156073456800423855e+02 1.353497631583047109e+02 1.421437329733731474e+02 1.241132644518349650e+02 1.421437329733731474e+02 1.270731609548298167e+02 1.070771076703132394e+02 1.047941630592107174e+02 9.894727215188129321e+01 9.749781733332166311e+01 9.749781733332166311e+01 1.174568808234231199e+02 1.107516288216185387e+02 1.049019203130645224e+02 1.107516288216185387e+02 1.032248401165922473e+02 8.320295967784761615e+01 7.320213985141703006e+01 6.653532380613775388e+01 7.215033548247563999e+01 7.639545117978457256e+01
7.909217229548494288e+01 8.748611598719922711e+01 7.216527894728444892e+01 7.476579494547620186e+01 8.242776787570635122e+01 7.493860173603260932e+01 6.482299229010817498e+01 7.996740126354549716e+01 6.368796802111832278e+01 6.667618007667911684e+01 8.679631377888158283e+01 9.463822944870805998e+01 9.860010643739666136e+01 8.567833587917014881e+01 9.553489877112131978e+01 1.068386941980211731e+02 1.207331287256223931e+02 1.404930840834605874e+02 1.340271780078363975e+02 1.140655353051704992e+02 1.340271780078363975e+02 1.315433616541439505e+02 1.129338160803806943e+02 9.299581949521089541e+01 8.495573612820085430e+01 8.352240622751129706e+01 1.033405203297463260e+02 1.146498098061253614e+02 1.107516288216185387e+02 9.082644145639466160e+01 1.107516288216185387e+02 1.115361095807763405e+02 1.015188283664083713e+02 9.321389989721993174e+01 7.801187786555405523e+01 5.799935039934776881e+01 6.224639870146668130e+01
8.748611598719922711e+01 6.738751057670026512e+01 8.061394707252478042e+01 6.038756196872810733e+01 7.014663016724892941e+01 5.461511972327053854e+01 5.703965831694512190e+01 5.966811873638266661e+01 7.996740008228272245e+01 8.679631370586115224e+01 7.133530638887505404e+01 7.474402212078267382e+01 7.880503292333328602e+01 8.696658496820344908e+01 9.681088258369983635e+01 1.106661974979221128e+02 1.303705341193134188e+02 1.303597953292843954e+02 1.273732971069479589e+02 1.073514130585695909e+02 1.188359370631414293e+02 1.138278150947214016e+02 1.033939788762328220e+02 1.051858519254917184e+02 9.633502939309123292e+01 7.652890307930461233e+01 8.659432947297992200e+01 1.006433645346300381e+02 1.041098995433015091e+02 8.424968566430140982e+01 1.041098980486928411e+02 1.173304196125508980e+02 1.043541698617633244e+02 9.330557558957504227e+01 8.509852008173270121e+01 7.070433605030925150e+01 5.067432610970109863e+01
7.233448270137087377e+01 6.054751795522741986e+01 7.313693412092152357e+01 6.848345581032910445e+01 5.130137110092466202e+01 7.157445548075098429e+01 7.736834446325713088e+01 7.996740126354549716e+01 7.411856170666239052e+01 9.408775083102830195e+01 8.554106453999824566e+01 9.463822944870805998e+01 8.460006145533253630e+01 1.033081955669975969e+02 1.147902028223480499e+02 1.246234195775108589e+02 1.244822563814174572e+02 1.103374914496767332e+02 1.244822563814174572e+02 1.188359370631414293e+02 9.880344920446522394e+01 9.385602811716825045e+01 8.935552344664731095e+01 8.536282354355739699e+01 8.165026806641498069e+01 9.239251911712656806e+01 7.253305144653816683e+01 8.870196566936976978e+01 9.693505873478102330e+01 7.852331606974134104e+01 8.921987330941166761e+01 1.091145283244766233e+02 9.625264463581780205e+01 7.677424993069178072e+01 6.534767437146619784e+01 5.718425005982211928e+01 7.070433605030925150e+01
8.901420830917011529e+01 7.313693412092152357e+01 5.285015583877958534e+01 4.830016672870591776e+01 6.572723799142143264e+01 6.762581198861379050e+01 7.087333136081792873e+01 7.937957818564575518e+01 9.408775248448665707e+01 1.022713071151778479e+02 1.052802175720812699e+02 1.114162820738562658e+02 1.033081955669975969e+02 9.773680312257350522e+01 1.167587267676292271e+02 1.247955295519785750e+02 1.155358499749964665e+02 9.619123526360516507e+01 1.155358292664343907e+02 1.270307877926765343e+02 1.188359370631414293e+02 1.138278150947214016e+02 1.033939788762328220e+02 9.934142586559255506e+01 1.014396516859956705e+02 9.604953650461797565e+01 8.870197239988004867e+01 6.870583015675119043e+01 8.672254353580737529e+01 7.295018133605964294e+01 8.446793829380142427e+01 1.043488425774751249e+02 9.925464408729123988e+01 8.015160927327112006e+01 6.615630910841481693e+01 7.720113998355184037e+01 8.550549577896133258e+01
8.599466354903404408e+01 8.140615472412279985e+01 7.312872371780822789e+01 6.570060542741993004e+01 4.563768984142897267e+01 4.784148747457208373e+01 5.064496580303554651e+01 7.087922423893873258e+01 8.132968787370208474e+01 8.667167954581076117e+01 9.242916964329913299e+01 9.893341777132806669e+01 1.076102710010955406e+02 1.167587267676292271e+02 1.250957610251390406e+02 1.165176249632705776e+02 9.653268461515386889e+01 8.730434395959079552e+01 1.038975963162260712e+02 1.121764961706876420e+02 1.085486270822476484e+02 1.168278995821695219e+02 1.233739363268000204e+02 1.192955445836033306e+02 1.184084749643605647e+02 9.528905646241592819e+01 7.834297012680555383e+01 6.607569185232608788e+01 6.666416524393079612e+01 8.669443066322550351e+01 1.010523310544953688e+02 1.125756394169838046e+02 9.894029877665522577e+01 7.988417731179062287e+01 8.155893025129934415e+01 9.493581714509593894e+01 9.228668581404946281e+01
7.774593883092417457e+01 8.163073725720390428e+01 6.153467496091413125e+01 6.151343759208768347e+01 4.378628434311242756e+01 6.380984866157791657e+01 7.087922423893873258e+01 5.502351808913315523e+01 5.996148514508721661e+01 6.559941921842268187e+01 7.167024387882908343e+01 7.836517921987012869e+01 9.286939165780557914e+01 1.135732718571785824e+02 1.240171983370773034e+02 1.140158930665031392e+02 1.001999894991468807e+02 8.029078224873346414e+01 8.396750981569356043e+01 1.006602459854411080e+02 8.859348760831632319e+01 1.053012491615915280e+02 1.168278995822836492e+02 1.110872186662431886e+02 1.011026362881712686e+02 9.280890694789147233e+01 8.615140151787296929e+01 8.262961927258967876e+01 6.248583391341025361e+01 8.262961927258967876e+01 9.832543158030118491e+01 1.065237196063995384e+02 1.075426467028762403e+02 9.899113269000167747e+01 1.028992667022490934e+02 9.813930391388882413e+01 7.813689493504914196e+01
7.011640448832957873e+01 6.767413158280199070e+01 5.937038915194447242e+01 4.157561022794747174e+01 6.153521417012427719e+01 6.624142938322978580e+01 8.375821001520316145e+01 7.591908358924487743e+01 6.263106061605083852e+01 8.329835634481320028e+01 9.242916964329913299e+01 9.893341777132806669e+01 9.286939165780557914e+01 1.135732718571785824e+02 1.157364725245384420e+02 9.572923522691850451e+01 8.579643129851723415e+01 7.878307625235150624e+01 7.247388475771039396e+01 8.706789474087861436e+01 7.710826754650022963e+01 8.859348760831632319e+01 1.085486270822476484e+02 1.027712588289680014e+02 8.284655506682437931e+01 7.283639065784002753e+01 6.608139218890134714e+01 7.759182144749937038e+01 6.038017742129479615e+01 8.052948407696807465e+01 7.825436301374752190e+01 9.247151454323868336e+01 1.123380627342160238e+02 1.095776539060385062e+02 9.805321662477454936e+01 8.977600677856896993e+01 9.228668581404936333e+01
6.374476349957805610e+01 5.937038698939996095e+01 3.944652549764449390e+01 5.937038915193140554e+01 5.039344272565145388e+01 6.465791213510375712e+01 8.477234797056188143e+01 9.148483814178563023e+01 7.750448011023651418e+01 7.224122333454633349e+01 8.656127773451244423e+01 1.059625022831688170e+02 1.135732718571785824e+02 1.223511503443856725e+02 1.240171983370773034e+02 1.140158930665031392e+02 1.057328538757285514e+02 9.868426407727243088e+01 8.706789474087860015e+01 6.710629457267971532e+01 8.706789474087860015e+01 9.380682516656868586e+01 1.020772617973139660e+02 1.110872186394091869e+02 1.011026362885633176e+02 9.280890694789147233e+01 7.759352078547118481e+01 5.746865541124136456e+01 7.485673999418867197e+01 6.551360534176859574e+01 8.524617909959272311e+01 9.396137106891370649e+01 1.031022145553998826e+02 1.012879724743940670e+02 8.134866299423494240e+01 6.984509566316457096e+01 7.826888988089577026e+01
5.430103467225728053e+01 5.576879637330573303e+01 3.792957779267330665e+01 5.786428662672324208e+01 7.054929496224715990e+01 6.203367753137359841e+01 7.373205507040975704e+01 9.372447199474760282e+01 9.728601092903944902e+01 9.224376472240473390e+01 8.403987029279551280e+01 9.778025428380526307e+01 1.171396608882706545e+02 1.304326115682546003e+02 1.188869630138893854e+02 1.106083105144362548e+02 1.132042570828335073e+02 9.543054113238713398e+01 7.548652397582540630e+01 6.392215715932945841e+01 7.969743966366334575e+01 7.385314147274483787e+01 9.380682484187532566e+01 1.094627601268616388e+02 1.083861253160470284e+02 1.001577006428659615e+02 8.588266606856146268e+01 7.486282199046482333e+01 5.480120509742232571e+01 6.878434039951244472e+01 7.525772953297800427e+01 7.441811479506070270e+01 9.463588815214136218e+01 1.023350446478469706e+02 8.239310353198301584e+01 6.830381690699474007e+01 5.831267248038401618e+01
3.413635524221087536e+01 3.575009802695092986e+01 5.576855561078565415e+01 5.197927903572600172e+01 7.207201263141647019e+01 8.218184470172991496e+01 9.042894019567337693e+01 1.019480869908786644e+02 1.073102731989037864e+02 1.052148298586729993e+02 1.034504931940704182e+02 1.034504931890515138e+02 1.230030600562931511e+02 1.221603046744633900e+02 1.021516638605575196e+02 9.064050315705559058e+01 9.322938680869980033e+01 1.036811117617437219e+02 9.217762477785363728e+01 7.969743966366335997e+01 5.967602304777771849e+01 6.971920970538924678e+01 8.124790499032651780e+01 1.011882035811624689e+02 1.001577004477290984e+02 8.025914530163521476e+01 8.608729708791481983e+01 8.314871518251327132e+01 7.226736735269685141e+01 5.226834769747379283e+01 6.033860138559658282e+01 8.090963882512724581e+01 1.002638047364582263e+02 1.085161865457901911e+02 9.650952220837994844e+01 8.653729946500001802e+01 7.826888988089577026e+01
5.430115114694439171e+01 5.546753488808032273e+01 6.406591941782137667e+01 7.207199302118991113e+01 8.035199820013185956e+01 9.582088680363538913e+01 9.732716736371891386e+01 9.151541994774059674e+01 8.748874437057150999e+01 8.538362139781720828e+01 9.940690612072341992e+01 1.093289400836835625e+02 1.234209970497295501e+02 1.151463863097835230e+02 1.154402209846515177e+02 9.907989156152589771e+01 7.916094748581242868e+01 9.902834063771678075e+01 9.116992592728163913e+01 7.117455645152929833e+01 5.698315587189007658e+01 7.117391314872479313e+01 9.114024862650650505e+01 9.909428568601168763e+01 9.083199452988078804e+01 8.608729027713225435e+01 6.610748370382863470e+01 7.540762661266799682e+01 7.051207589470546111e+01 5.053843542497190811e+01 7.051216076716937664e+01 8.396293919204332212e+01 8.030199092803349004e+01 9.928814804444567699e+01 1.092549080779810282e+02 9.743154494300640067e+01 7.748560752917717309e+01
5.394736220526298354e+01 6.487228918958628299e+01 7.243915890596224472e+01 7.694685373017094321e+01 7.581524184220651819e+01 7.581912764872986088e+01 7.737130301563753676e+01 7.151262471096376316e+01 7.332982349844337477e+01 7.120024013444928812e+01 8.126519426331500995e+01 1.011189011806069686e+02 1.151463863097835230e+02 9.516573309665672298e+01 1.010179309302447876e+02 8.723014162243816827e+01 7.314304076384345876e+01 8.553972585627009551e+01 8.366667869651058709e+01 7.444870252248084341e+01 5.440133412503523402e+01 7.088283823522506566e+01 7.915938680177062281e+01 8.756937806889382614e+01 7.086511733573405536e+01 8.756940938437604416e+01 7.540762529445829898e+01 5.541042456774821545e+01 6.647527510744176027e+01 4.881900066644012526e+01 6.878040285399174536e+01 6.391832769010128601e+01 7.104240831030145387e+01 8.106465365329350448e+01 1.010007074219299739e+02 9.158320698050613373e+01 7.164619063953328748e+01
3.667482148843918566e+01 5.657189225608708938e+01 5.213305767482265907e+01 6.163244537716791172e+01 5.561575300720842563e+01 6.800872331706972318e+01 7.176712490153092006e+01 5.716520900065619770e+01 6.162047290942203404e+01 8.176781923985747369e+01 9.940686913281135162e+01 1.093289095907773572e+02 1.125505199398385088e+02 9.257548983241167662e+01 8.110342986040546975e+01 7.509649412194254126e+01 8.553972585627009551e+01 6.556398589344983918e+01 7.539599770248530319e+01 5.534700461182189457e+01 5.306288125457559346e+01 5.080895607850065687e+01 6.853336753649691104e+01 7.681060240694414176e+01 5.928451820319214249e+01 7.930409880426005031e+01 8.022247131733600156e+01 6.057535440627581380e+01 4.652095787010054551e+01 6.646418976674415546e+01 5.606048166237948749e+01 7.609906673630987939e+01 9.103268053761169654e+01 9.928814804444567699e+01 1.092549080779810282e+02 9.158320698050613373e+01 7.164619063953328748e+01
5.068526498746576436e+01 3.929075903847115825e+01 4.127939914324943516e+01 4.338965067246804352e+01 4.554733413811005249e+01 4.780267761357668377e+01 5.152742998526679230e+01 7.176714483484487062e+01 8.176781926267484835e+01 7.332982349844353109e+01 8.491298274884999842e+01 1.047434774639944806e+02 1.208269929060339081e+02 1.092933650731930157e+02 1.010179309302447876e+02 8.688240630152179733e+01 6.691886637077182343e+01 6.153806709525561303e+01 5.866062939830589329e+01 7.539559549233091218e+01 7.312592571001404451e+01 6.853336804689243422e+01 4.845474383677815666e+01 6.622254651062330311e+01 5.167755860498845522e+01 6.311490499224558448e+01 7.140041417692538062e+01 6.492179328794618698e+01 4.496573896635529621e+01 4.952698376877329167e+01 6.950425930704457755e+01 8.155343621790457576e+01 8.758622250179944047e+01 9.463713067590853711e+01 1.028876220475476231e+02 9.986291839996259512e+01 9.158320698050613373e+01
6.508720681420460608e+01 4.496712490152326325e+01 4.939189082492672611e+01 6.349320893277858602e+01 6.570603073148767237e+01 6.800872332771599815e+01 5.203740660696466591e+01 6.639528827660647892e+01 8.647066972615583325e+01 9.329433591832354011e+01 1.015086491275054215e+02 1.129580035889184870e+02 1.175682024996179678e+02 1.075850426193678686e+02 9.931079069929097614e+01 8.646248806573633772e+01 6.649537986856122984e+01 8.154692582951125246e+01 7.868851743299545376e+01 7.025282323530635153e+01 9.021187018437652227e+01 7.681310448696770266e+01 6.622257786414331804e+01 4.614770946780183181e+01 4.457473912226947732e+01 4.303526501132664350e+01 6.096832898126365308e+01 6.139925020453291893e+01 4.348913370270162204e+01 6.345851984382955635e+01 5.634069192725591790e+01 6.150315874328727261e+01 6.757773395771792480e+01 7.469415074216375672e+01 8.621345812605943593e+01 1.061440813721639387e+02 9.639693619657251134e+01
