MOVIE_S10_data/elevation_000342.asc
nrows	100
cellsize	150.0
xllcorner	0
ncols	100
yllcorner	0
NODATA_value	-9999
[rows 0 to 16 of 100, columns 37 to 73 of 100]
9.809381176303526217e+01 1.063833744944680859e+02 1.053597223175206068e+02 1.136564437610347511e+02 1.050173570450231182e+02 9.658096467744620384e+01 1.050173570450231182e+02 1.100461361492729822e+02 1.045391343549491694e+02 9.626253363560323351e+01 9.644854931528678321e+01 1.047178394100814103e+02 1.166258034669852037e+02 1.205607040383397930e+02 1.289105824321491127e+02 1.292637162313379520e+02 1.376239097049932525e+02 1.436505587589424806e+02 1.352905232150847610e+02 1.326538030483284274e+02 1.410258568826780277e+02 1.242603095051439794e+02 1.159056629821595976e+02 1.159056629821595834e+02 1.218167308464806382e+02 1.222285901622989996e+02 1.138743543328935885e+02 1.222285901622989996e+02 1.157436635336408273e+02 1.100078829670867862e+02 1.100078829670867862e+02 1.184725893883696841e+02 1.164955287797598089e+02 1.065991573188998700e+02 9.838908434056659758e+01 9.184372235771171233e+01 8.619742601324939812e+01
7.797283861545045625e+01 9.118201854154560237e+01 8.530942135422847628e+01 1.053597223175206068e+02 9.498098250830774703e+01 7.663020307126519981e+01 9.498098250830774703e+01 9.024336466307758542e+01 9.024336466307757121e+01 7.636550933310378753e+01 7.642220379336409053e+01 8.814357895905327211e+01 1.081059033897314521e+02 1.006182718904864117e+02 1.150588393099206570e+02 1.091749866372289119e+02 1.292637162313379520e+02 1.352905232150847610e+02 1.148905461334755955e+02 1.122361215881914518e+02 1.292723781360046189e+02 1.159056629821595976e+02 9.593867253578446253e+01 9.593867253578446253e+01 1.017868686376406941e+02 1.122269861738077736e+02 9.393978215028057832e+01 1.097097670226299471e+02 9.523036869498376689e+01 8.953582294173368439e+01 8.953582294173368439e+01 1.100078829670867862e+02 1.082738053778335541e+02 8.850436330329961265e+01 7.875299839200199870e+01 7.228437807131335546e+01 6.665996925186961164e+01
6.779136261606589642e+01 7.097812367136305056e+01 9.118201854154560237e+01 9.458934844777108708e+01 8.660558387435567340e+01 6.716647812889776503e+01 8.660558387435567340e+01 8.852639789143168514e+01 7.034017193580888261e+01 6.479669109928535420e+01 8.477498129848265762e+01 9.825982412687613987e+01 9.881067130583188884e+01 8.925822683913844457e+01 9.517959765960380025e+01 1.091749866372289119e+02 1.292637162313379520e+02 1.333151647285145316e+02 1.208656445693872570e+02 1.004307770824165686e+02 1.208656445693872570e+02 1.159056629821595834e+02 9.593867253578446253e+01 8.212287042395529113e+01 9.340211295368530386e+01 9.252636473768812664e+01 8.419511154695696575e+01 1.012385736487474190e+02 8.099082865699109846e+01 7.545245085360852499e+01 9.553195049830169694e+01 1.090562352796688970e+02 1.164955287797598089e+02 1.065991573188998700e+02 9.838908434056659758e+01 9.184372235771171233e+01 8.619742601324939812e+01
6.028928920282065462e+01 8.038258247259949485e+01 8.876775535261958794e+01 7.465882578939097414e+01 8.008762719644805372e+01 6.082221660022476328e+01 8.008764954741039332e+01 7.622823036184702516e+01 6.032173155369239481e+01 8.030788732517248718e+01 7.007704615907603340e+01 8.999675629015536060e+01 8.205249237100471760e+01 9.600686248489562047e+01 1.150588393099206570e+02 1.150588393099206712e+02 1.351803869388480450e+02 1.249202358025851538e+02 1.044883739910216462e+02 9.433728388133178555e+01 1.075034729966857583e+02 1.045395799908568932e+02 9.614624129052828039e+01 9.340211295368530386e+01 7.384393025283256407e+01 7.297671754463502225e+01 9.252636473203163803e+01 9.126146599342349930e+01 8.843277531747321518e+01 6.857515141786301172e+01 8.843277531750402431e+01 8.866427754338222655e+01 1.090562352796688970e+02 1.019024489869437815e+02 9.310851610336456474e+01 8.494036215215709262e+01 7.841081149543214224e+01
5.568391110095937790e+01 7.550924303037533036e+01 8.049630651557441752e+01 6.059238296933242651e+01 6.790795952767894050e+01 5.521180326602561905e+01 7.217927738442888597e+01 5.627315541665160481e+01 7.622823036184702516e+01 8.857282020744588635e+01 8.999675628992609688e+01 7.575359988947938916e+01 9.559765491248654712e+01 1.101275822843088292e+02 1.242483020837219811e+02 1.301560468208139980e+02 1.384351796969461077e+02 1.333152744799326967e+02 1.176964766552196124e+02 9.731046933800257648e+01 8.728876277621500890e+01 9.614620298551815836e+01 7.624401942139586197e+01 9.124662271578519324e+01 8.600981567280933859e+01 6.642022757388738796e+01 8.046904382304467163e+01 7.113355496611264073e+01 7.762610946691145841e+01 6.365639153812289663e+01 7.242051468795574465e+01 9.240627150956814262e+01 1.076658472254120227e+02 8.793719571203551766e+01 7.409359148418137408e+01 6.535171018198199988e+01 5.879137279360262625e+01
5.149404216675957713e+01 6.530170651381033053e+01 6.398452859339737131e+01 6.556396025300813335e+01 4.816012164752125102e+01 4.981200150618290223e+01 5.242529861382283940e+01 7.231472025931573455e+01 8.449512679769354406e+01 9.910362512938664281e+01 1.038692188372172751e+02 9.559765491248654712e+01 1.038692189448407674e+02 1.094285023215480805e+02 1.160353935361166009e+02 1.101864274360267899e+02 1.301560468208139980e+02 1.380624464845230079e+02 1.176964766550969301e+02 1.131278986003851088e+02 9.282934378882140436e+01 8.137016975460041124e+01 9.124655942877913617e+01 7.142019523266627345e+01 8.663707172243768184e+01 8.046904383817781081e+01 6.079357281443135719e+01 5.701589929796146805e+01 5.779441064706792730e+01 7.762597017933121890e+01 9.185840884366892567e+01 9.182612686822187698e+01 1.002513823036084659e+02 1.019024489869437815e+02 9.310851610336456474e+01 8.235434415418089316e+01 6.276356191926885231e+01
6.530169203418657276e+01 4.595027066163642360e+01 4.437660122658551387e+01 4.589655205609665245e+01 6.556434723563643274e+01 6.963345660261710179e+01 5.322041995540956805e+01 7.312418252669519347e+01 7.089857757391625626e+01 8.500510005515793921e+01 1.049153206944273506e+02 1.092481635117955108e+02 1.010017948518438970e+02 8.966351715255422050e+01 9.621159994508833790e+01 1.101857215424656573e+02 1.301309588104791146e+02 1.251929358310737541e+02 1.168226411200750192e+02 1.215446624211363513e+02 1.098212141653005176e+02 9.545813677262097485e+01 9.961236530673549794e+01 8.663707172243768184e+01 6.682881313350118546e+01 6.389508567901458491e+01 6.101327359745781820e+01 7.388741864744235954e+01 5.389289362000963735e+01 7.388392721749990244e+01 7.916450993174012751e+01 7.180680643201658597e+01 8.588548847092066296e+01 1.061680966561408326e+02 9.621905435299133558e+01 7.661139315146104423e+01 7.435644079792817251e+01
5.597315959529192497e+01 4.224957594815150230e+01 6.177794221060170088e+01 5.200567637332014925e+01 7.182444289032275719e+01 8.138800866531667566e+01 7.312418253200867468e+01 5.677815409537732450e+01 7.673830925108286749e+01 8.892497735261463276e+01 9.019565807463023077e+01 9.402648421275881674e+01 8.127079726245155200e+01 9.519557846878691976e+01 1.150192411898926963e+02 1.243108035664864559e+02 1.280018793970755553e+02 1.135175292956025288e+02 9.659414727961353719e+01 1.135175292956015056e+02 1.111728423212086341e+02 1.157739805627146126e+02 1.007885357099150667e+02 8.077534341139011076e+01 8.077534341139011076e+01 8.371650320934674028e+01 8.188360618033149763e+01 7.089778896211393544e+01 5.203471361352013957e+01 6.934917594030422094e+01 5.931017128884257517e+01 7.914442753429641186e+01 9.349536973028151010e+01 1.050556535502149558e+02 1.043705564947386080e+02 9.621905435299133558e+01 9.396762907369044626e+01
5.836246408691900456e+01 4.087698479862013556e+01 6.034989846876464270e+01 7.182444289032275719e+01 6.256273725490208903e+01 8.245995100547042966e+01 8.500110150177638957e+01 7.082683308783175846e+01 6.067114230207609893e+01 8.066170208696119914e+01 7.035022273155236405e+01 7.426966022038990900e+01 8.175138260048846917e+01 9.159070326517527860e+01 1.055407423917774281e+02 1.254758074335147597e+02 1.188197614305437355e+02 9.922219578581487553e+01 8.494013545212318661e+01 9.503981159767205611e+01 9.097515693664693970e+01 1.052457847455514468e+02 1.091811336453053514e+02 1.007885357099150667e+02 1.007885357099150667e+02 1.026999544346890190e+02 8.246966009283123356e+01 6.829008594444597691e+01 6.934916851053046116e+01 4.952597628932893059e+01 5.744317666809603651e+01 6.599788126455581505e+01 7.673885690962588058e+01 9.645220517802754046e+01 1.065164310713962550e+02 9.828598370005668983e+01 8.966990251837192716e+01
3.896230062147118645e+01 5.002910327821576431e+01 5.671130725902749248e+01 7.647573282916863491e+01 7.251917679019425123e+01 9.069347931560332654e+01 9.830496350951412410e+01 8.821605710027480995e+01 6.956108322394942434e+01 6.498884023160731260e+01 8.494737691338515617e+01 9.052460578146040859e+01 1.014851455121413721e+02 1.097367800713343513e+02 1.196611990216812131e+02 1.126813064591316191e+02 9.820442857231113010e+01 1.126813064591126476e+02 9.503981159767205611e+01 7.491856815337237663e+01 7.675755559744030165e+01 9.173791627459881681e+01 1.000850876366282307e+02 1.103410809789765068e+02 9.907979538911916961e+01 9.068304465038859519e+01 9.068316322331098434e+01 8.177607735142115075e+01 6.175325260664612159e+01 4.793654887522703234e+01 6.761780545883138416e+01 7.964627170708098447e+01 8.808040394666906536e+01 9.817805729754037714e+01 9.828598370005668983e+01 7.857419989302852059e+01 8.148492216123787557e+01
4.810843796519690585e+01 6.647184332606953205e+01 6.965171784800004673e+01 8.469777809320557083e+01 9.240072522074686390e+01 9.240072522074687811e+01 1.122547738544726315e+02 9.748800748121793447e+01 8.072142963447031150e+01 7.318547803786037775e+01 7.602980973055339575e+01 9.327322643437528882e+01 1.155442099003898164e+02 1.199339220976130633e+02 1.080526176795888773e+02 9.958633796861708731e+01 8.343157845367103675e+01 1.034317303153358552e+02 1.034023049658688791e+02 8.682423880947642658e+01 6.677122806404139510e+01 7.164854317625824365e+01 8.847568771194519854e+01 9.017859257355276270e+01 9.068304425759122012e+01 7.057025839796176570e+01 7.057025863726425996e+01 7.940001847543776137e+01 6.144348157659064213e+01 4.640653298906400437e+01 5.268359324294701196e+01 5.963227076296238494e+01 6.961758066365159436e+01 8.978218552106886818e+01 9.571144331928014992e+01 7.602877194128524252e+01 6.481301736284265758e+01
6.408507497782875362e+01 6.773752321811467425e+01 8.747842953841731628e+01 9.736554483893982592e+01 9.337750055395251536e+01 9.079060454058078733e+01 9.907290839812382899e+01 1.081720923376545613e+02 9.984686097683395190e+01 8.209622266432579352e+01 9.628420942911623115e+01 9.261666484900739249e+01 1.126029114195104199e+02 1.115466405641606968e+02 9.083078879478125600e+01 7.895973428683841178e+01 7.440680013336849186e+01 9.493558387822430689e+01 9.855380361458929883e+01 9.021837394663353393e+01 8.013931130842100004e+01 6.010571230158068090e+01 7.010000216242242743e+01 9.017859257355276270e+01 8.805706942164765394e+01 6.797238165753165617e+01 5.658770944692902560e+01 6.784957022226434731e+01 4.981704821799536376e+01 4.494742710068621250e+01 5.848702768427657617e+01 7.841686614916511644e+01 8.808040394666906536e+01 9.817805729754037714e+01 1.039400449883443969e+02 9.254531548221233095e+01 8.434764770082387031e+01
6.706811171834191043e+01 7.781442888818996551e+01 7.696938723675512506e+01 8.523873311941325426e+01 7.344774854907012696e+01 7.086237831355224159e+01 8.495132689330388587e+01 1.048878678310990153e+02 1.099643566853462318e+02 1.017700450876013321e+02 1.017700450876013321e+02 1.126029114195104199e+02 1.084430324519855873e+02 1.000777927641733100e+02 1.015914283736223496e+02 8.767756278047454543e+01 6.766027769621307186e+01 8.767756278047454543e+01 9.021837394663353393e+01 7.013277377366300414e+01 7.601570986012436038e+01 5.631582127051505182e+01 7.635305774790155908e+01 9.261240410198081463e+01 9.645232195725373003e+01 8.482549270273402442e+01 6.798709930737079787e+01 4.846305150060403122e+01 6.057257902462237098e+01 4.349964882543704903e+01 5.693245485919728566e+01 7.680034517763644430e+01 8.072418439185602779e+01 8.795176838267235553e+01 9.632456900589163240e+01 1.064410222201752276e+02 9.498095214822076571e+01
5.884785858754222687e+01 5.767665939607099546e+01 5.709872509971676635e+01 7.079248928681856512e+01 5.936824800255950407e+01 7.928503776393397118e+01 9.907290839374392988e+01 1.025860300700114038e+02 1.047724079493448386e+02 1.130772329704445553e+02 1.214969466984945541e+02 1.144151550432030007e+02 9.413906285954291775e+01 7.989505220552609899e+01 8.139883242169766220e+01 8.282265803103271651e+01 6.315641362348242183e+01 8.282265803103271651e+01 8.791018203942861930e+01 6.783508614340752274e+01 5.597735597645696970e+01 5.265927872184199288e+01 6.421642419277361569e+01 8.427597115089106694e+01 9.448066096089037558e+01 8.296007644504855705e+01 7.469313429247041825e+01 6.057243227190763690e+01 4.143086076847539090e+01 6.057257869326860344e+01 7.104749559480210053e+01 7.138612186214301403e+01 5.984364179727774768e+01 6.750907377666611353e+01 7.782737154266949631e+01 9.807616522267507264e+01 1.031918505819626830e+02
4.201423923927582393e+01 4.387942665550313848e+01 4.583182411462592398e+01 5.097879933437107525e+01 7.079249023185325029e+01 8.755600771141058658e+01 8.335627805943532564e+01 8.267201023610692801e+01 8.484860578707844070e+01 1.038267825738175389e+02 1.137987534206974232e+02 1.171555055244660082e+02 9.689957415497467252e+01 8.731310684625637464e+01 6.733388839568621620e+01 7.784707041043044740e+01 5.895568361854712691e+01 7.842515209529193498e+01 8.201846201307996864e+01 6.196013949795443665e+01 4.782246321999200944e+01 6.366202495016975149e+01 7.197660635528234252e+01 8.214845537307525092e+01 8.622365818620484390e+01 6.625166530001371257e+01 5.492219647054298548e+01 5.912125829164327939e+01 3.998534446822149135e+01 5.912146021763052772e+01 6.435418068754822229e+01 4.971222353978841824e+01 5.867216069186379457e+01 7.935145562189335067e+01 9.632456900589163240e+01 1.064410222201752276e+02 1.084033008014811372e+02
6.152892243647810488e+01 5.251717773186648941e+01 6.549705860857545758e+01 4.895556077376058823e+01 6.872547151340884852e+01 7.651304671597323193e+01 6.340500167492270123e+01 6.856497168428907685e+01 7.563736214764553267e+01 8.559376059020411276e+01 1.054903749384054095e+02 1.097539385192498855e+02 9.689957415497465831e+01 7.675229016578532537e+01 6.685534248362939991e+01 5.797781255655079491e+01 5.486078199588555293e+01 6.859084478351972791e+01 7.688318088994904542e+01 7.615456505197033721e+01 6.366201523140205154e+01 4.369657912763310748e+01 5.380459475876189401e+01 6.696298228708151612e+01 7.783435756135099837e+01 8.296007637252765221e+01 6.412526670462099787e+01 4.476395649496359397e+01 3.851745024514272586e+01 5.679429020894128399e+01 4.233703437833422356e+01 6.435418068755186027e+01 7.930765762364445948e+01 7.340353192352310430e+01 9.371101368245913932e+01 1.024740440934561576e+02 8.822325070348027509e+01
8.059292430711812472e+01 6.391339263888557554e+01 7.698766283719511705e+01 6.872547151340941696e+01 5.220316513203117381e+01 5.658857449044419496e+01 7.651304671597323193e+01 8.850469160477391029e+01 9.554206776430481796e+01 1.038267825738175389e+02 1.137987534206974232e+02 1.013735063768711342e+02 8.101767085495964693e+01 7.106881205516978639e+01 6.369227326041366410e+01 5.717255670595724126e+01 5.090699261201884696e+01 4.909898285120290495e+01 6.357857874130491638e+01 6.189277418972446299e+01 6.022708599908593641e+01 5.861316311230920206e+01 3.975398155567069125e+01 5.077729007313043041e+01 6.918328704876124391e+01 6.593461342753798249e+01 7.022844992407902964e+01 5.183862171604759794e+01 4.433471041690699366e+01 3.646700318173223820e+01 5.804824096465804217e+01 6.258702989596483945e+01 8.508579393681171155e+01 9.371101368245913932e+01 1.020780865325634466e+02 9.347317046664747409e+01 7.401078250140008663e+01
