MOVIE_S10_data/elevation_000356.asc
nrows	100
cellsize	150.0
xllcorner	0
ncols	100
yllcorner	0
NODATA_value	-9999
[rows 17 to 33 of 100, columns 0 to 36 of 100]
5.222468517465790605e-02 2.005222468517430201e+01 3.127491955938299739e+01 4.139902014993207047e+01 4.970685589761724543e+01 5.243726080823532243e+01 3.707883222432889880e+01 5.243726083983092678e+01 4.297683968153955902e+01 3.478979988304379845e+01 2.067887534329085142e+01 3.473966385146942315e+01 5.446410769009099795e+01 6.169313130367995512e+01 4.705996593639762438e+01 2.703748905357453580e+01 4.705996593639762438e+01 4.663121654247615311e+01 2.602120015139631093e+01 3.692221389812794996e+01 3.452699582611992213e+01 2.508444269959325368e+01 2.093460568444020353e+01 3.772363569317317911e+01 3.769710162757721150e+01 2.647207719969079065e+01 3.915003319465146348e+01 3.381990484954530274e+01 4.102091933361577247e+01 2.267828994865647374e+01 2.956385705360028027e+01 4.260196725802219930e+01 6.343787824831539979e+01 5.635092480684708249e+01 5.225385844857437689e+01 6.624211797493173037e+01 8.613212740012706092e+01
7.333276091007127906e-02 2.990632590867968510e+00 2.298966363024510429e+01 2.139680046501813493e+01 4.139942990813459289e+01 5.716551921847597129e+01 5.512246914067591064e+01 6.303298892175163104e+01 5.631344849428925414e+01 3.661993524592022453e+01 2.514792588727450351e+01 3.917566518271375031e+01 5.886928706271054068e+01 6.465909662221709198e+01 4.462743606161063781e+01 3.046751504303841074e+01 5.049457360138518425e+01 5.512755056118550812e+01 3.522928309308885275e+01 5.512755056118550812e+01 4.844533557515897115e+01 3.486737268593804373e+01 2.366150530024141929e+01 4.299470715980694990e+01 4.888300347366772769e+01 4.037560861371583343e+01 4.606534525160935090e+01 5.259012833782694685e+01 5.088492747600603394e+01 4.267008597169955664e+01 2.435778482179617299e+01 4.433215463332933837e+01 5.437652217150080958e+01 4.231468812046253447e+01 6.216081265314070237e+01 6.841451551858531843e+01 8.832287121893804738e+01
6.343274376862209629e-02 2.006343274376826713e+01 7.254646917980196008e+00 2.725430477651009298e+01 3.724979930739646505e+01 3.716541698789434633e+01 5.009439569270354298e+01 5.837904551512475138e+01 6.450637033401503118e+01 5.089230792624808686e+01 3.116331746541696646e+01 4.132918805669667961e+01 6.102694326375770828e+01 6.571605980893548349e+01 4.568389282042227251e+01 3.412621390245323028e+01 4.828259380659621058e+01 6.433023873245693380e+01 4.980396505181684574e+01 6.433229385469533668e+01 6.186835165276925608e+01 4.592803034283507202e+01 2.638230873561307988e+01 4.266424736701450371e+01 6.490726753842174901e+01 6.015123293699335960e+01 6.558364614585765651e+01 6.157886136651386977e+01 4.860686518144143520e+01 2.885826553462032606e+01 2.555072930994992930e+01 4.553081249758596272e+01 3.446958750424149542e+01 5.437652217150080958e+01 7.041279722830854837e+01 8.832287121893804738e+01 8.533133099937261079e+01
3.497053469895897854e-02 2.003497053469860489e+01 2.725465927680373213e+01 1.190455246773300857e+01 1.724977730598158843e+01 2.302327999787853940e+01 3.009434780988616964e+01 4.164135355192421883e+01 6.164146599626858603e+01 5.744595962031539926e+01 3.778500453811356152e+01 5.744595962031539926e+01 6.923577368499159945e+01 7.401471329530762944e+01 5.823763757503471084e+01 3.821474971390705377e+01 5.823763757503471084e+01 7.660750870280203628e+01 7.046615332734729975e+01 7.592297325312082990e+01 6.557854511131149877e+01 4.902918955225448627e+01 2.917208185429003109e+01 3.878721502171786994e+01 5.049219445790771488e+01 7.126345960943378088e+01 6.727412525237187424e+01 4.761614453903499822e+01 3.371911871685075113e+01 4.860686518144217416e+01 4.553081249758729854e+01 2.737336772661194573e+01 4.733835792357248096e+01 5.746579314261298066e+01 6.735716006150821045e+01 7.562241307926066725e+01 6.548335178255852895e+01
9.635555453094322986e-02 1.164336093832335806e+01 3.164336093832300278e+01 1.616856679484529380e+01 3.616858726776102628e+01 4.302331095170566044e+01 5.009439569270354298e+01 5.837904551512475138e+01 6.992634486410968009e+01 6.564011903038080220e+01 4.762640377058313845e+01 6.564011903038080220e+01 8.137967250769357008e+01 6.133373320877043255e+01 4.976890283007701754e+01 4.337974889041375093e+01 5.753842588389174040e+01 7.758259277052864888e+01 8.211392118553916930e+01 6.131528019941581675e+01 4.666451226734626090e+01 3.662288917488876194e+01 3.310404102924102432e+01 4.460087059342202309e+01 6.528843131514658182e+01 7.975436879490909803e+01 7.086761073755678808e+01 5.118528013452548464e+01 3.736207741283482164e+01 5.695010129859789316e+01 5.558223480902778135e+01 4.733835792357248096e+01 2.927532184336675769e+01 4.922326118310830623e+01 4.750227291256858564e+01 6.244330107241394501e+01 5.407684335383960672e+01
8.845047570523793812e-02 2.008845047570488163e+01 3.992763218578425466e+01 3.616858726776102628e+01 2.265742364007864396e+01 4.265745394530542711e+01 5.688345284428812931e+01 6.444278668947353594e+01 7.272769642118836941e+01 7.549214704724714409e+01 6.726551547004768850e+01 7.549214704724714409e+01 8.967475513041488000e+01 7.810458138090474733e+01 6.980614405730143801e+01 5.338781653262016391e+01 5.338781653262017102e+01 6.495732641066553015e+01 8.500539298320587989e+01 6.901843041606277041e+01 4.826388266649908587e+01 5.703578668594324341e+01 3.766305238739474959e+01 5.818046423995550498e+01 7.381246175314873881e+01 8.535637035269061812e+01 7.541075989045857852e+01 6.078143805495525243e+01 4.124537717114344559e+01 6.078143805495525243e+01 6.178664772573862507e+01 4.192218942582866958e+01 4.922326118310830623e+01 3.121331398889132913e+01 5.114571258969318279e+01 4.260827228775668374e+01 6.244296966532656512e+01
8.023991185656004221e-02 1.422237553558763601e+01 3.422237553558834122e+01 5.094200510005008908e+01 3.679956059382218569e+01 3.021671310067361560e+01 3.688337976980573529e+01 4.444266925779925970e+01 5.858481642092886688e+01 7.858517795977250842e+01 7.937848011081015898e+01 8.002506254986349177e+01 7.537358371854229233e+01 8.357447829002856565e+01 8.172880237681934545e+01 6.755888327184329967e+01 6.495732641066553015e+01 8.172880241310915039e+01 9.329940922502275669e+01 7.752389521193872213e+01 6.022082778320552165e+01 6.392742905791761387e+01 4.320645272846766716e+01 5.436533768170315284e+01 7.515583072831879008e+01 7.703897640364954214e+01 5.722748848367670860e+01 4.755572940228983470e+01 5.245873017843025110e+01 6.902037762903029261e+01 6.178664772573862507e+01 6.178664772573862507e+01 5.938724258437062531e+01 5.114571258969318279e+01 3.317963826300280772e+01 5.268262709894144535e+01 5.966456181684650062e+01
4.598823041778624804e-02 2.004598823041743216e+01 3.007340434288479614e+01 5.007340434288408204e+01 5.679965952139141905e+01 5.021676181946062911e+01 4.654665485157637761e+01 6.444278668947353594e+01 7.272769642118836941e+01 7.362399274602012156e+01 5.966098429428915040e+01 6.030514308837338433e+01 5.566098119882595086e+01 7.217884082167709892e+01 8.204659431542101800e+01 8.760630226716713764e+01 8.500539298329846361e+01 9.329940930146190681e+01 9.426639590427609505e+01 8.946124593475899189e+01 8.103617910494659782e+01 6.392742905791782704e+01 5.093469900581941090e+01 6.392742905791761387e+01 8.362442139603884073e+01 8.535478997237861165e+01 7.259793906278217435e+01 5.289435025579651750e+01 7.215046844256538350e+01 8.044622422991767507e+01 8.167082598188594034e+01 7.288712691420845147e+01 5.865754741237443426e+01 3.873718397083272436e+01 5.309896329497673406e+01 3.535225543598880904e+01 3.983456175141058253e+01
7.340434288523949025e-02 1.007340434288515318e+01 3.007340434288479614e+01 3.850555543405905468e+01 4.678982668152125513e+01 5.678982668152143276e+01 6.654686512797873377e+01 7.483190380557374510e+01 7.771309585365608541e+01 6.374355922865475321e+01 4.567790658125259995e+01 4.632389228195317088e+01 4.422542943415876238e+01 5.413637267340696013e+01 6.807069077856505146e+01 8.779785027425798205e+01 8.936377613412912524e+01 8.116014125687345881e+01 7.453741735790542577e+01 8.851766298224791285e+01 9.309671368307613193e+01 8.032609597532875512e+01 6.137154984209789887e+01 8.032609597532523082e+01 9.309671367567059974e+01 8.199709469626655789e+01 6.205866938043286751e+01 7.259802201254342435e+01 8.090439406230048291e+01 9.124799046533341595e+01 7.962993270560369297e+01 6.457747467717628354e+01 4.464124651334787330e+01 5.865754741237443426e+01 5.688354429877399099e+01 3.699324545904199368e+01 5.688354429877399099e+01
3.515918393995972474e-02 5.808661875836241606e+00 1.183888876739156792e+01 1.850555543405835124e+01 2.850555543405852887e+01 4.264769105778997726e+01 6.264769105779068070e+01 6.441758798392191920e+01 5.796820801604928164e+01 5.555700584609171244e+01 3.571506318970479299e+01 3.482393442698081287e+01 4.479224577683714870e+01 5.878114537512628601e+01 7.849837810562260643e+01 8.191086455280338896e+01 7.372081515233982429e+01 6.147753446236675501e+01 6.063568440791569003e+01 7.198444669891122771e+01 9.169688014437377888e+01 9.069268148300425025e+01 8.227272914765205769e+01 9.069268148300393761e+01 9.956630389622218047e+01 9.032676145345620000e+01 7.611589886293465668e+01 7.611589859197610508e+01 9.619552966896969792e+01 8.287821480119508522e+01 6.278967715128441540e+01 5.129106732652026324e+01 6.457747467717628354e+01 7.277514774666363451e+01 6.068650054704800567e+01 4.108702317061396769e+01 3.956061394845207246e+01
4.608085242692564615e-02 2.004608085242657012e+01 3.183888876739192497e+01 3.850555543405905468e+01 4.678982668152125513e+01 5.143857702813777877e+01 5.036612455440703684e+01 4.460664583768916458e+01 5.796820801604928164e+01 3.814670487693292955e+01 2.814765497387963933e+01 4.805745644649112336e+01 6.286103702583761077e+01 7.274318710141619704e+01 7.582294764016698707e+01 6.763870330597944758e+01 5.401252024119253292e+01 5.007453688488252652e+01 6.147753446236675501e+01 8.116014125687345881e+01 9.992389497832054701e+01 9.939419803106331130e+01 9.116403598581453593e+01 9.380387314644625008e+01 7.979324303422970388e+01 9.380387687365585236e+01 9.619567960105716509e+01 9.030143512136254458e+01 9.189841082977304154e+01 7.172863933949957982e+01 6.018848877705454470e+01 6.539068753459002892e+01 7.922101027397276596e+01 6.547776262414754456e+01 4.725544572068918114e+01 6.068453978274092009e+01 4.300218690512281228e+01
1.610643649003322755e-02 1.985264362476783617e+01 2.628500003011568964e+01 2.414130655164045791e+01 3.289254661027043625e+01 2.984439711793364580e+01 3.009126534145931586e+01 3.049714245117380784e+01 5.040913645062531145e+01 4.448155053970911155e+01 2.454873286936248178e+01 3.867466151029600496e+01 5.850062078971265578e+01 6.977771978708348399e+01 6.441728396211317431e+01 4.788489145113985046e+01 4.254877647833785659e+01 5.656988375444920791e+01 7.627789199241507845e+01 8.936377613412912524e+01 9.001262465415500458e+01 8.180357741052108622e+01 7.144935492889257489e+01 7.506706636391403720e+01 6.590806280151798546e+01 7.979324303422970388e+01 9.956630389622218047e+01 1.104251432291022326e+02 1.002752081478916608e+02 8.862112023328899113e+01 6.911256588818217494e+01 8.549837275400898307e+01 7.301395792759144854e+01 5.384488656003972551e+01 6.662426747174087893e+01 7.078088492423947287e+01 6.269730700578882221e+01
2.022278438842990689e-02 2.002022278438807490e+01 2.687942654967686806e+00 3.779028618349206337e+00 2.377732119209073858e+01 8.891297429250650808e+00 1.625851940318085553e+01 3.632875978505554571e+01 3.342149799621493855e+01 3.653669366947558927e+01 2.116772998015648000e+01 3.529791870128403986e+01 5.514942202191003418e+01 5.047507814959394068e+01 5.082977699020686657e+01 3.637805773140134136e+01 5.623383471406660306e+01 7.052141318081470445e+01 6.658705850034094453e+01 7.467948146141196730e+01 8.180357725626231513e+01 6.212378850433190536e+01 6.788786523312626286e+01 5.540611659982889137e+01 6.929703337563512378e+01 8.899715825955730963e+01 9.537151667348213380e+01 9.537189498323031955e+01 1.036546135191234583e+02 9.764334467026893094e+01 8.071875397117948125e+01 8.251922414900720071e+01 6.350869170617573900e+01 6.071972089563612940e+01 7.973789943204809560e+01 8.250563396375228820e+01 6.309224724309584786e+01
6.642187732006160639e-02 1.149482596461336659e+00 1.363593585726813195e+01 2.261911129026817235e+01 5.333630091787798122e+00 6.457832767149389142e+00 2.639030424254879748e+01 2.911686103850990648e+01 1.348070966659566317e+01 1.658970874966012232e+01 3.653669366947766406e+01 4.640839516542695975e+01 5.419681668049710765e+01 4.859343038869460685e+01 3.092835737587443035e+01 5.082977699019739504e+01 6.086526734039635755e+01 5.277316939505086424e+01 4.705125661222169953e+01 6.658704640680288378e+01 7.025268484142260661e+01 6.207577846992816717e+01 4.817818626324150699e+01 6.788786528884396887e+01 8.326014960027163170e+01 8.932351097874267509e+01 7.553656322934941159e+01 7.553658458868918046e+01 9.537189498323031955e+01 1.093195850737314174e+02 1.009429432196556746e+02 9.054641059851343243e+01 7.200662034599871220e+01 6.924725471992572068e+01 8.774293758174738400e+01 9.061984790368812526e+01 7.863878612673076418e+01
1.591255364720534082e-02 2.001587667484530897e+01 2.533574327485048983e+01 2.389332204151554251e+01 2.528577890615765966e+01 2.044549341410807131e+01 8.051639630376298484e+00 9.188149060593076456e+00 2.912097391999958163e+01 2.373889592481395994e+01 3.343774714619418376e+01 2.636641611375614147e+01 4.288906810254695046e+01 4.735060220310845835e+01 2.744346818659618492e+01 4.259583927082950794e+01 4.421467015461208661e+01 3.300716636361421763e+01 5.277291933231725807e+01 6.487218164511193663e+01 5.669469330712981048e+01 4.230446522388878350e+01 6.207577852173996291e+01 7.606822124729714574e+01 7.985712936797101236e+01 8.097824222536326033e+01 6.172616281218611789e+01 8.016584419784729221e+01 8.635842590854636569e+01 9.457683616567763352e+01 1.034149401546864766e+02 9.912060557542997685e+01 8.289817279401421501e+01 8.013027067630871159e+01 9.629673398011628649e+01 9.236385106586274674e+01 7.295367810841996459e+01
6.189296070378335485e-02 1.420402874948855398e+01 3.420409715001515139e+01 4.224538937538903838e+01 4.191159424720486015e+01 2.243143531005603108e+01 2.798391562580335545e+01 2.708366443829502757e+01 1.093413960893279757e+01 1.221381042631201375e+01 1.350088525072701984e+01 1.479765171282467229e+01 3.473710353890345459e+01 4.481867758340469976e+01 4.054251249183979411e+01 2.266134042978782048e+01 2.428806977542514289e+01 2.593220887016598297e+01 4.584952707599200039e+01 5.165811308314309969e+01 3.686571257937704615e+01 5.669469331374637022e+01 6.026797361444270962e+01 6.307783664170368354e+01 6.024012768519127548e+01 6.888848126792326809e+01 5.522449459908926173e+01 6.063901387034292867e+01 6.677576340523881981e+01 7.546644044915500160e+01 9.517022740400742009e+01 1.103124286719265683e+02 1.021243212909671882e+02 9.928262786408109264e+01 1.074499438488292213e+02 1.005153816854609659e+02 9.236385106586274674e+01
2.247884206357958492e-02 2.002247884205954875e+01 3.646986375877501274e+01 4.646989881622378959e+01 5.045265976161879706e+01 4.229084637378792877e+01 3.787158587279073174e+01 1.797653464525345512e+01 3.086922549354216017e+01 3.214954270397844738e+01 2.760972537963757745e+01 3.473710346223526813e+01 1.665783839280425127e+01 3.660279990060137578e+01 2.060225199369042315e+01 3.472715881000788585e+01 4.421461099872072253e+01 4.584952528424874174e+01 2.834969264347564533e+01 3.178258326437585168e+01 5.165811308686693337e+01 3.775465600695449098e+01 4.055492716455323432e+01 4.340876491659914649e+01 4.634895757299928221e+01 4.941657954235917316e+01 6.899170812015421461e+01 8.016584415090147786e+01 8.635842582398375100e+01 9.457682977611759156e+01 9.517022732114187988e+01 1.150499388466484874e+02 1.035272315905529581e+02 9.532333828897399997e+01 1.035272315905529581e+02 1.022611315437323469e+02 9.407944999027735378e+01
