MOVIE_S10_data/elevation_000083.asc
nrows	100
cellsize	150.0
xllcorner	0
ncols	100
yllcorner	0
NODATA_value	-9999
[rows 17 to 33 of 100, columns 0 to 36 of 100]
5.222468517465790605e-02 2.004935194686325772e+01 2.669535340667354006e+01 2.172417155453216608e+01 3.410400303920027909e+01 3.827573718589865592e+01 2.679770013351036084e+01 3.574553347828945249e+01 4.730109588306776658e+01 6.731086837221992880e+01 7.201665838122411856e+01 5.542740333233088990e+01 5.285094622772171391e+01 6.943731952397114071e+01 5.565502193741585302e+01 3.593187756359852614e+01 5.565502193741585302e+01 6.059038229841426926e+01 4.139748461419468839e+01 6.059032829367969697e+01 5.318980613633283383e+01 3.356271058619001479e+01 5.319003612794012525e+01 3.562495005582201202e+01 4.948954560585152507e+01 6.880782228668481082e+01 6.692451029006946328e+01 5.855945960887751767e+01 4.763449693107248351e+01 2.818816681183351136e+01 4.790672457043316967e+01 6.164311682707338491e+01 6.479523779365813141e+01 7.128133660723885612e+01 7.950204865158755752e+01 8.934791829403640406e+01 8.994772536372533978e+01
7.333276091007127906e-02 3.361312504512161237e+00 6.694645796888191391e+00 1.017619856130013822e+01 1.409851923053735234e+01 1.826880516147482680e+01 2.721410912923833436e+01 3.876674745001439959e+01 5.877867272344708027e+01 7.560345194036244720e+01 8.346155140753836577e+01 7.522699588924743352e+01 7.265017090675229383e+01 8.088022443504802084e+01 6.386037652775570450e+01 4.473677151159190402e+01 6.386037652775570450e+01 6.834028837885091434e+01 5.261022071837943770e+01 6.833746552774267968e+01 5.861940818425124178e+01 3.904355244077446230e+01 5.861940818425124178e+01 5.534506160338269609e+01 4.281044112467511553e+01 5.411172416389059237e+01 7.382575320104497507e+01 6.066545723559975301e+01 4.103065846749122869e+01 2.962683153218530663e+01 4.932322776102715522e+01 5.650396680290185714e+01 4.535048373165314217e+01 5.182304016649661804e+01 6.149959353064137701e+01 8.106307968383636364e+01 9.156340566042558748e+01
6.343274376862209629e-02 1.889684210952571419e+01 2.589481617367418664e+01 2.174153347559379057e+01 3.410400303920027909e+01 2.981811228574095551e+01 3.827573720991259165e+01 5.551522691983142721e+01 6.706997074031855277e+01 7.536882243354094157e+01 7.792554881763031460e+01 6.954074697892085055e+01 7.059833143837131786e+01 7.905866127733713711e+01 7.270457141005296364e+01 5.868611717821507057e+01 7.270457141005296364e+01 7.919132455104265489e+01 7.149299952230531119e+01 7.246260614728880967e+01 5.288536784134551283e+01 4.780190364938033554e+01 6.671338481933283049e+01 6.838132991327722721e+01 4.871086347799513305e+01 6.838132991327722721e+01 8.202956548698320205e+01 6.889645643761515714e+01 5.750045701467865200e+01 4.932322776102710549e+01 3.169933652759889853e+01 3.700614851573730135e+01 5.650396680290186424e+01 7.128133660723885612e+01 7.950204865158755752e+01 8.934791829405766350e+01 9.743748631772695035e+01
3.497053469895897854e-02 1.442854403627679893e+01 3.512518933745229077e+01 4.187027279014673553e+01 5.024696379476286978e+01 4.982906224125016337e+01 5.811943606422661901e+01 6.657925031421029871e+01 6.942876416436517673e+01 5.518134460736458635e+01 6.627113056552681769e+01 4.936140449471009362e+01 5.041707913388658824e+01 6.738275049123191707e+01 7.909420029732147839e+01 7.849523029472315727e+01 7.998778719927297232e+01 7.180478075789153536e+01 7.998778719927297232e+01 8.054140199016210033e+01 7.246260614728880967e+01 5.908787543044938673e+01 7.545947755458485062e+01 7.536249799048738396e+01 5.561677283849375897e+01 7.536249799048738396e+01 8.279435636933575893e+01 7.134156795970486087e+01 5.702900787988483700e+01 3.742676761414565334e+01 5.136001173720186586e+01 3.403581448873881499e+01 4.790267063200482767e+01 6.753049036605789013e+01 8.562794393672818671e+01 8.403806931066446850e+01 9.232398271079448193e+01
9.635555453094322986e-02 1.164336093832356056e+01 2.578549656205476381e+01 4.578549656205547080e+01 5.066010030498299699e+01 5.066010040074367282e+01 5.894845590532529656e+01 6.494595916781501899e+01 5.941501466898332495e+01 4.101929783483743108e+01 5.727068421436462131e+01 3.784079794961603227e+01 3.889359852730544986e+01 5.041711886975105017e+01 7.060635623215540591e+01 7.956484912491934836e+01 7.017685285893273317e+01 5.222730999679053099e+01 7.017685285893273317e+01 8.045732415527936610e+01 8.269998924503163096e+01 7.868584782831158009e+01 8.675421227461696105e+01 8.360204130544623524e+01 6.696507011120219488e+01 8.360204130544623524e+01 7.450246853888823750e+01 5.474086863348995990e+01 4.348090443147290074e+01 5.702035407745182738e+01 5.459477056995866917e+01 3.570244023514659659e+01 5.528704800407422226e+01 5.763704670398762175e+01 6.795827762856150400e+01 6.434442691496364830e+01 8.334132671923697444e+01
8.845047570523793812e-02 1.423058609943631403e+01 3.423058609943701924e+01 4.479911821623952051e+01 3.064979230152255951e+01 3.064979230153251066e+01 5.066010038682814809e+01 4.533328572494351505e+01 5.104912240503588805e+01 3.103741392563305723e+01 4.259313873811471751e+01 2.891286786477207826e+01 3.889359714657745570e+01 5.302227047089971279e+01 7.319739281347958126e+01 5.996598463369422660e+01 5.997226902081043676e+01 4.244434476664949329e+01 6.080959816217196590e+01 6.080959816217196590e+01 6.303412078777455463e+01 7.690479274531365661e+01 9.669083123126786461e+01 9.507985360255113960e+01 8.683359780003880246e+01 8.262172597620862291e+01 6.273368816447633378e+01 5.143013438215486843e+01 5.729495222265096999e+01 6.298240295121561161e+01 6.322614209157135434e+01 5.528704800407275854e+01 3.809124528491243211e+01 5.763704670398761465e+01 4.850429189730149204e+01 5.578283805614512403e+01 6.436947176335074516e+01
8.023991185656004221e-02 1.422237553558912992e+01 3.422237554887687594e+01 3.651067581305334642e+01 1.650559871582552773e+01 3.650603755353284186e+01 3.513448903060990602e+01 3.141666210801317405e+01 4.345180045758061027e+01 2.348310088123441020e+01 2.259026745703694772e+01 4.259313873811471751e+01 5.732195905987429541e+01 6.737539962805836069e+01 6.812404053095322354e+01 5.831855698792623599e+01 4.036626719459611934e+01 3.497176735054407004e+01 4.123359448054638676e+01 4.923611522094090986e+01 6.879412030098252728e+01 7.524053000871158758e+01 8.115581414709323838e+01 8.811705670496895948e+01 9.631689117464644312e+01 9.093552558196756763e+01 7.814901756739816108e+01 5.832271760267654059e+01 7.709107899788644147e+01 8.256611577342897590e+01 6.743106280251484463e+01 4.784303060546030650e+01 5.763704670398761465e+01 4.058487273060696765e+01 6.010229691907925087e+01 6.983398902955842402e+01 8.006063905230168132e+01
4.598823041778624804e-02 2.004598823041743216e+01 2.210019580237639403e+01 2.312348203862541141e+01 1.018103155076318345e+01 2.519765454877083499e+01 1.519142141743672170e+01 3.354819104526940521e+01 3.676577602865796024e+01 1.681543675046736297e+01 3.676198441533036743e+01 5.042560796525071964e+01 5.939225112528082917e+01 5.362688022936603005e+01 5.421586236019825833e+01 4.030770916986711683e+01 3.045765382752101402e+01 5.017121226119102317e+01 4.108392771144300326e+01 4.559930349644757541e+01 5.048560251180868619e+01 5.568200998143669267e+01 6.153703613174069176e+01 6.842768943233592438e+01 7.976796938563903439e+01 9.952212208158810824e+01 8.645532569023282576e+01 6.816283433197767749e+01 8.645532569023282576e+01 7.992719377908650813e+01 6.016907586621113069e+01 6.743106280251484463e+01 6.831042154198149774e+01 6.010229663388436450e+01 4.323412621346326290e+01 5.297189938523520425e+01 7.040684245197377322e+01
7.340434288523949025e-02 1.086143709968905080e+00 2.100183963095690665e+00 3.123472983288990257e+00 4.150803977164014391e+00 5.197651822344437456e+00 6.248828484801953742e+00 2.621187995035186447e+01 2.883261695165146676e+01 1.348136423811726914e+01 3.179675074350831565e+01 4.000293661611262053e+01 3.969117495867848788e+01 3.391881901897594531e+01 4.229251343508980199e+01 2.629123218784812366e+01 3.623411568505552793e+01 5.588943388244359056e+01 6.065581798763560784e+01 5.939245227103472047e+01 6.987626100867740320e+01 7.524053000871158758e+01 8.115581414709323838e+01 8.811705670496895948e+01 9.631689117464644312e+01 1.077339583677069896e+02 9.645982141810843302e+01 8.813520080281860203e+01 9.645982141810843302e+01 7.992719377908650813e+01 7.992719377908650813e+01 8.434852536346851082e+01 6.909748064261887635e+01 4.951478334135504866e+01 6.274401426622796407e+01 4.622813085216957774e+01 6.065775498498468465e+01
3.515918393995972474e-02 2.003473693926370913e+01 1.104445587277452390e+01 2.312348158902937456e+01 1.829294666588284102e+01 2.519765456704956108e+01 1.995216599339007502e+01 7.754248420690319499e+00 8.831012416651949692e+00 2.731803627699850168e+01 1.213161849858898833e+01 3.203073680004772683e+01 3.615661334033664076e+01 1.984943714940431292e+01 2.247688296867746871e+01 4.228596194470132730e+01 5.421214412847090358e+01 5.588943388244359767e+01 7.554606092194946143e+01 7.899827506532680843e+01 7.687463575527632997e+01 8.031046534524351443e+01 7.914214049501032378e+01 7.914216503033578931e+01 8.731286347645762191e+01 9.562613259738176907e+01 8.983018370691480925e+01 8.983018370691480925e+01 9.805374147021836961e+01 9.990828199842835033e+01 9.013796661563539203e+01 7.023270006354803741e+01 5.636186951558206459e+01 6.909748064261887635e+01 7.396935634964042094e+01 6.573590251283404484e+01 4.928038746276947535e+01
4.608085242692564615e-02 2.004608085242657012e+01 3.104430326527356243e+01 2.737435779212528786e+01 3.829423062287550295e+01 3.908763428722767230e+01 1.921821521389744447e+01 2.775853652469149679e+01 2.883305957028768418e+01 1.045323065931009410e+01 3.049469576582719554e+01 1.382201899797155953e+01 1.628436271980859473e+01 3.615661206109276549e+01 3.931606962561852470e+01 4.748632733468840428e+01 5.719684660500843165e+01 6.499096499569326113e+01 7.596905670090772844e+01 7.091839840951425344e+01 5.709540606127033868e+01 6.099093394907635712e+01 5.998945246524265684e+01 5.998945249952199532e+01 7.914216503033578931e+01 7.629130010707140741e+01 7.068331090062555688e+01 7.068331090062555688e+01 8.983018370691480925e+01 1.008417934867915022e+02 8.081676704718610438e+01 6.681536249800804228e+01 6.613382957543988994e+01 8.434852536346851082e+01 8.336020079443267150e+01 6.347194907833007704e+01 5.218617614854333908e+01
1.610643649003322755e-02 1.415824210785570259e+01 3.415827687686530822e+01 4.737318771953994201e+01 5.564903108526561937e+01 4.748318739332411553e+01 3.328803503628566318e+01 4.748318717855203630e+01 3.563396619771677365e+01 1.516829697820980094e+01 3.563143772117759767e+01 3.368003097758529663e+01 1.576490730710971988e+01 3.377620185171403477e+01 1.982843980002580153e+01 3.951407013371281352e+01 3.798094648672196172e+01 4.914834116033446776e+01 6.272388841530113979e+01 6.113144536818803232e+01 4.354581885151656451e+01 4.754198873338759768e+01 4.668276445785230067e+01 6.246569356867634326e+01 6.525704601149959672e+01 6.817011393874163616e+01 5.818002505326637674e+01 7.624415890670991303e+01 9.031687913552006819e+01 1.020004753195823355e+02 9.500211728077871953e+01 7.822677897138584058e+01 8.012824878634930315e+01 9.431047328116682138e+01 9.168137076021413634e+01 7.500248313905436248e+01 5.523970350724715672e+01
2.022278438842990689e-02 1.416235840811950553e+01 3.416235840812021252e+01 4.730639599354120151e+01 4.581337101048379168e+01 5.409764225794540238e+01 5.334409417568163292e+01 4.377029232542004422e+01 2.303716366386141345e+01 3.563809020063647637e+01 4.318548676110717111e+01 2.391732851049427921e+01 3.564066846322517534e+01 1.778076792627506464e+01 3.770598106989417886e+01 2.189811957889954996e+01 4.153216448798811911e+01 3.546274486169079410e+01 4.741077231314678642e+01 4.972027747874324888e+01 3.376536489106167949e+01 3.635985443834918129e+01 5.087490427585179731e+01 4.472617683422701162e+01 4.771500433669820040e+01 5.069170637528930712e+01 6.408843321603170295e+01 6.487460817991072304e+01 7.334089407119604687e+01 9.336186369337234225e+01 1.065753887667723347e+02 9.823195562276833925e+01 1.001476844449214383e+02 1.011746818689127849e+02 9.235899490659123501e+01 7.236291597002664844e+01 5.838779506245226258e+01
6.642187732006160639e-02 2.006642187731970495e+01 2.845021516190050193e+01 2.730639599354191560e+01 2.581337101048450577e+01 3.995550663421495585e+01 5.995550663421424531e+01 5.009461494760036970e+01 2.911920975703318959e+01 5.009461494760036970e+01 4.941492031849859501e+01 2.991483275235004058e+01 4.638184875401548624e+01 3.227548534443042882e+01 4.620168231641971346e+01 3.817048063480749676e+01 2.400170323402606343e+01 2.555003158241010297e+01 2.789096721383570454e+01 3.026345519793619232e+01 4.972027747876536807e+01 5.561776974348066460e+01 4.047659667322425037e+01 5.034664083086341435e+01 6.248834123851656841e+01 6.817011393874163616e+01 5.574326964122004568e+01 6.042813749205622997e+01 7.935769082093719362e+01 9.684905131800142897e+01 1.057581246606203251e+02 1.171311550134772546e+02 9.697134405282309899e+01 8.278634700874806640e+01 7.282005435475959132e+01 6.581634855327922651e+01 7.236291597002664844e+01
1.591255364720534082e-02 4.186200834788683878e+00 8.450215161900857197e+00 1.316426036981121506e+01 2.072354982999589268e+01 3.486568545372734462e+01 5.486568545372804806e+01 5.761147272227928084e+01 3.635058829951822901e+01 5.761147272227928084e+01 5.587674509896089603e+01 3.649127075757410665e+01 5.587674509896089603e+01 5.429077612287053256e+01 5.142658429787661589e+01 3.211648749857415908e+01 4.361398166589935954e+01 4.512576356825596235e+01 2.856481440581352160e+01 4.806237041350532735e+01 4.644274521057256067e+01 6.571082007137862036e+01 6.212997111426042807e+01 7.071742047449777147e+01 7.699800551774508506e+01 8.206239212442669384e+01 6.581704170290143452e+01 7.935769082093719362e+01 6.902579445307841866e+01 7.758516105645487926e+01 9.159830817178237794e+01 1.116115873847619042e+02 1.112315961485657994e+02 9.283118149225394689e+01 8.207291132921379528e+01 7.988054540330305997e+01 9.235899490658316324e+01
6.189296070378335485e-02 2.006189296070342820e+01 2.259235078563155596e+01 3.316426036981192027e+01 3.316426036981192738e+01 3.486568545372734462e+01 5.486568545372804806e+01 6.636401630716578381e+01 4.854403218729997604e+01 6.636401630716578381e+01 6.396186533202740065e+01 4.621108533184740708e+01 6.396186533202740065e+01 6.100261771297534352e+01 4.185054988182232449e+01 5.142658429787661589e+01 5.948475890505229557e+01 5.016208512248202567e+01 3.072017209470800481e+01 5.016208487512403735e+01 6.574698694029132184e+01 7.118598216983647831e+01 7.931430443484202897e+01 8.006317820705491783e+01 8.835889201334614995e+01 9.226998601016065038e+01 8.502153349275189953e+01 9.327002605395855994e+01 8.857173605537944638e+01 9.684905131800142897e+01 1.057581246606203251e+02 1.191357455446929379e+02 1.213176736359077950e+02 1.104962434300690717e+02 1.021448442261985008e+02 9.994121551270202986e+01 1.047796527349508011e+02
2.247884206357958492e-02 1.416461446579465466e+01 3.416461446579535988e+01 5.087662203309245257e+01 5.316426036981263081e+01 5.486568545372804806e+01 6.314995670119024851e+01 7.067611156781678972e+01 6.999782684036567559e+01 7.865798679477299515e+01 7.367008928032601034e+01 6.554240486607433525e+01 7.367008928032601034e+01 6.913009940899719652e+01 5.139395265723735662e+01 6.913009940899719652e+01 6.584315744223529521e+01 4.667400390298806911e+01 3.291272730223573006e+01 5.228889771235201067e+01 5.778239721281573793e+01 5.210442150996008337e+01 6.553763649984799144e+01 6.015981744456984615e+01 7.312211344829586324e+01 7.224244573873295394e+01 8.389093373203762383e+01 9.146275289618330362e+01 9.975705590220572105e+01 1.113152386106421403e+02 1.132471102901485551e+02 9.910281504049778789e+01 1.132471102901485551e+02 1.127445541302036673e+02 1.044945510929207728e+02 1.044945510929207728e+02 1.083250108140481274e+02
