MOVIE_S10_data/elevation_000158.asc
nrows	100
cellsize	150.0
xllcorner	0
ncols	100
yllcorner	0
NODATA_value	-9999
[rows 68 to 84 of 100, columns 0 to 36 of 100]
5.009162696260269221e-02 3.763998390503648039e+00 2.376399839746347809e+01 3.339348326970718261e+01 3.775784107786392241e+01 4.247188629063128928e+01 4.913855296760118563e+01 5.669784244656735694e+01 6.498211621807043059e+01 6.523897756381177260e+01 7.348231522349061606e+01 7.841940879923868124e+01 6.998948632055412133e+01 5.018920419649757747e+01 3.868870937324903281e+01 5.855778810619955976e+01 6.951502494484029171e+01 7.774936912472803385e+01 7.919964761662571107e+01 8.745639956136216142e+01 8.970819679695112825e+01 6.961099972459462037e+01 6.112414050574282953e+01 6.050881695314088660e+01 4.024912981430529157e+01 5.613250972651924542e+01 6.447019706067064249e+01 4.690927088476925633e+01 5.052519035981529072e+01 4.439465827976692935e+01 2.527690870132505552e+01 4.567898124605831356e+01 5.532140526366309530e+01 6.063974000313547918e+01 6.732026143749357061e+01 7.659834202767127920e+01 8.558454262506361943e+01
4.695337527364121244e-02 2.004695230930899541e+01 3.204823415139092191e+01 4.838076464107655994e+01 4.646409722287891242e+01 4.986418011853148613e+01 4.157718428214710116e+01 4.594171209810274092e+01 5.110613602392944443e+01 4.524714770475533498e+01 6.523897756381177260e+01 7.367570013796434125e+01 7.822314857081940431e+01 6.677833870504422009e+01 5.855778810619955976e+01 4.485003123030120520e+01 6.467631082311068269e+01 7.650567169357501029e+01 8.970859998644873201e+01 9.743638820218299657e+01 8.582941013024338872e+01 6.961099972459462037e+01 4.946446348128088744e+01 4.501196835489461279e+01 5.461625774179731252e+01 6.884336479514483642e+01 7.666460216494917290e+01 6.823802456452028764e+01 6.634575025221174371e+01 5.403607720712559370e+01 4.567898125689002597e+01 2.656838501134321717e+01 4.696924835493786787e+01 4.372463670147325132e+01 4.701358509211892311e+01 6.201601581171907895e+01 8.285691847037490732e+01
7.614146464036156137e-02 2.007614141427974630e+01 2.009592824522137988e+01 2.907731867901494383e+01 2.646383432582540962e+01 3.580351244126289600e+01 2.157675084712435165e+01 2.594110865186977577e+01 3.110508644707369186e+01 3.777175313626655395e+01 4.533104345023208026e+01 5.687825496377516998e+01 7.690251043181575596e+01 7.718144029932378203e+01 5.740909450925285284e+01 5.888385641698695849e+01 5.297540182975208722e+01 6.224376855283765053e+01 8.171275630059867012e+01 8.907711027686420380e+01 6.900521447025786870e+01 5.740458769951806772e+01 6.961099972459462037e+01 5.027587674454710509e+01 7.044808875536163839e+01 8.307046722144113460e+01 8.568616770472505095e+01 6.563586521952227315e+01 5.802171214296614465e+01 3.775852926375124952e+01 3.291051074666278708e+01 4.696965835629313801e+01 2.789571693185214940e+01 3.478448264741086149e+01 5.532896961886081044e+01 7.127782430878531272e+01 7.634416939565552696e+01
2.352828262072655108e-02 2.972367405718675748e+00 5.953791375718407330e+00 9.077266613490555969e+00 1.232169503610583483e+01 1.580324815521982273e+01 3.580351244126289600e+01 4.593962558741958446e+01 4.226970173131895336e+01 5.777145375394557192e+01 6.534105152836860952e+01 7.367570013796434125e+01 8.526422310462989174e+01 8.543088717038727964e+01 7.137823980056478490e+01 7.866053280980226248e+01 6.439575072147904677e+01 6.742566203473791120e+01 8.662976158933747683e+01 8.907711027686421801e+01 6.900521447025788291e+01 7.160692047795269843e+01 7.607547091914382520e+01 5.589841057201925878e+01 7.607547091914382520e+01 9.400710402017720924e+01 8.398180424457335391e+01 6.563586521952227315e+01 4.549071002225949911e+01 5.802171214114993347e+01 4.734483777611787758e+01 5.658064240078159912e+01 4.566570727728790757e+01 2.924376589989441655e+01 4.351817719185078914e+01 5.867418497812744249e+01 6.212703616165634202e+01
6.786455232800275850e-02 2.006786455232764865e+01 2.595382148644014109e+01 2.907731867901494383e+01 2.646381141975750140e+01 2.994520124045187615e+01 2.994542019447091263e+01 4.994739400161954990e+01 6.224603434666507695e+01 7.047570446166928093e+01 7.863770492690026970e+01 7.033508607399956247e+01 7.864113788005555250e+01 8.862847520696658421e+01 9.119160564859798512e+01 9.242949715807422706e+01 8.415914485965068081e+01 8.701835914611430667e+01 9.522954643288478849e+01 9.743638820218299657e+01 8.057782849400838643e+01 9.168821623361617412e+01 8.252599937197733482e+01 6.227726831991263623e+01 8.252599936301874095e+01 8.566243795235995151e+01 6.565126824008399353e+01 5.561487732176674115e+01 6.563586521952227315e+01 7.395246757827099771e+01 6.753795431453060871e+01 6.910632349388346540e+01 4.654901128910520214e+01 3.020220654345732214e+01 5.058222676157631525e+01 3.774489628010876174e+01 4.140085788515084886e+01
3.257643153035955086e-02 1.003257643588168513e+01 2.417471628237035830e+01 4.417512445203657023e+01 4.646176853790068861e+01 4.993366195094505144e+01 4.994692254318309921e+01 5.823813500029350365e+01 7.488092275153110222e+01 6.666032033798586554e+01 6.860564286278720658e+01 5.048997230467515607e+01 6.041082117731235002e+01 8.016558440557265897e+01 9.055085255376239672e+01 8.461364285644013705e+01 7.631485384518992987e+01 8.461364285644013705e+01 8.177268131386937000e+01 9.008599406525873121e+01 1.006873451061678679e+02 1.090670739604721717e+02 9.096203514831452708e+01 7.130480838751023498e+01 9.096203268761630056e+01 9.400710402017720924e+01 8.398180424457335391e+01 7.565685311410990721e+01 7.996780815048991542e+01 7.946597473292173675e+01 7.024461773789042240e+01 6.050977279713089274e+01 5.171773644707417361e+01 3.135613174937012104e+01 3.269468583175405030e+01 5.297115425956472734e+01 5.479016164515829956e+01
1.880098487986705744e-02 2.001880098487951187e+01 3.831635220164935873e+01 4.309353472711947575e+01 5.138493419156180408e+01 5.778582463997938135e+01 6.607199006083087056e+01 6.758222903543952498e+01 5.932598891095103966e+01 4.682336835431024724e+01 5.230712815225955126e+01 4.056212381794265553e+01 5.202093816811954241e+01 7.187161450264905227e+01 7.054084255217370014e+01 7.460746152972056677e+01 5.631188817681737646e+01 6.542456860887253356e+01 6.175041412149278131e+01 7.701765944709417511e+01 8.418601741716821607e+01 9.267189591800634219e+01 1.004382970833225102e+02 8.615149811791577861e+01 1.004376765201638619e+02 9.635582465079023962e+01 8.810718100409256692e+01 7.996780815049710611e+01 6.004570081259235081e+01 6.369788099385223035e+01 5.117534719713734148e+01 3.800188061684337981e+01 3.299927691695798870e+01 5.171758493135997270e+01 5.239157286410487302e+01 3.559441509004002313e+01 3.769085582329292805e+01
2.900726248362994752e-02 2.002851281234379499e+01 2.894986978323751359e+01 2.309158640803331153e+01 4.309351426719729972e+01 3.778400127195676816e+01 5.452346699711214484e+01 5.932598891095103966e+01 3.945559878071635040e+01 3.533804998192826474e+01 3.241955749780004936e+01 5.230712815225955126e+01 6.867558069342220506e+01 7.314378373985799442e+01 5.640232641958512261e+01 6.631337101100362474e+01 4.631315494704400493e+01 4.542058394755789408e+01 5.096744433506915328e+01 5.699708331719867971e+01 6.406635775316772197e+01 7.562937458685485126e+01 9.599226786174938297e+01 1.082357042032181340e+02 1.021349475141657592e+02 8.229668986581722834e+01 6.829562082353591279e+01 7.557725910633352839e+01 6.370147562421342258e+01 4.357909179592716953e+01 5.496480816048956086e+01 3.466335118489067924e+01 5.333525106058411325e+01 6.165532379855200418e+01 6.274171647989917489e+01 4.722064961445515507e+01 5.774033846596203290e+01
5.081304048347550645e-02 1.390112100848326815e+00 8.949401600479859553e+00 2.894991112621313434e+01 3.469020070293215952e+01 2.623679581072102351e+01 4.623776653416818760e+01 4.809865101665072729e+01 3.985324903307071764e+01 2.535275109284372519e+01 4.527550130503989578e+01 6.055561781290939649e+01 6.603058614071578347e+01 6.485503040934550256e+01 4.485722851445187587e+01 5.330929410212785058e+01 3.875395136615259162e+01 5.875399930540800142e+01 7.097732273281121707e+01 7.701765944709417511e+01 8.418601741716821607e+01 9.267184041423577412e+01 1.045952057567587161e+02 1.018115663350705375e+02 9.332896720628437492e+01 8.523927630208211781e+01 7.557725910633352839e+01 5.568563468591035814e+01 4.853216796318503157e+01 5.921345486196081254e+01 3.899652498971155978e+01 5.404563445368800956e+01 3.647030223626344991e+01 5.720878383309592863e+01 7.418047923176060010e+01 6.674667482213193637e+01 5.487285622838001586e+01
4.469920835086939326e-02 2.004469920835051511e+01 3.319083389529978945e+00 2.331922516391944100e+01 1.468974744552103573e+01 3.469020070293215952e+01 4.311588758886460226e+01 3.486741374234377133e+01 1.990976823021501119e+01 3.985302833035893855e+01 5.351744554043268209e+01 6.496966695709551232e+01 4.603371470982575886e+01 4.603371488072077256e+01 4.859512083216251455e+01 3.331063887647896138e+01 5.330929410212785058e+01 6.204836563966063778e+01 6.721348029656171263e+01 7.298900081279097662e+01 7.966249003959327979e+01 8.802813039486839841e+01 9.810481686828477166e+01 9.598685606776240320e+01 7.697410899096983883e+01 6.570557329696126203e+01 5.995750618640607854e+01 5.438410457530859787e+01 6.854451111126766705e+01 6.751939431515071988e+01 5.335031841293684352e+01 5.791146194506942635e+01 3.775019779967871614e+01 5.800116764866663033e+01 7.759873481802789286e+01 8.329935838259136460e+01 6.901913082067920868e+01
2.324776005098762310e-02 2.002324776005063356e+01 2.331922516391944100e+01 5.261655114244515374e+00 2.526189661951881860e+01 2.872569582733356341e+01 3.019621848412769793e+01 1.490979699859664720e+01 3.486737473412821942e+01 4.809690824021371469e+01 5.189838602016562419e+01 5.081995788642863943e+01 3.667017626740044989e+01 2.603585572406679205e+01 2.859659332803253662e+01 3.286060784944033486e+01 3.733274516402539689e+01 4.204679512167997046e+01 4.721077425522836535e+01 5.298417424990946500e+01 5.965009279343946247e+01 6.964595585049113424e+01 8.969001618458251812e+01 9.645932122376906648e+01 7.702284854223235300e+01 8.433900583715380606e+01 6.440087715173778804e+01 7.426629626078569402e+01 8.247538443092520311e+01 8.161775180941191365e+01 6.686749011945744314e+01 4.676168010314592038e+01 3.903514450889683474e+01 4.923017491029195725e+01 6.345587750903726487e+01 8.343036190740049562e+01 8.914779808900809144e+01
8.699724428260374731e-02 2.008699724428224798e+01 3.346380163596027302e+01 2.506980554122130300e+01 7.266673942712865930e+00 8.725323857691822838e+00 1.019575310187945050e+01 1.185096487908420038e+01 3.185158584934917769e+01 3.597140497644153356e+01 3.189444386036846524e+01 3.971486817890507837e+01 2.252762364472933143e+01 4.252980453194275157e+01 4.825018086144031315e+01 5.283441843065135402e+01 5.733362123543194855e+01 6.204836563966063778e+01 6.721348029656171263e+01 7.298900081279097662e+01 7.966249003959327979e+01 8.802813039486839841e+01 9.811683641202391470e+01 9.645348677030567330e+01 9.074920126284870037e+01 9.267746620557953463e+01 7.437710043569620666e+01 9.267746620565431215e+01 9.102837147420972030e+01 7.106549430217555141e+01 5.952462211755709376e+01 6.056500310546022092e+01 4.034996407441369826e+01 5.469851349464385493e+01 7.472796188741810397e+01 8.475866487040522657e+01 9.304406113423061697e+01
2.249585233037712170e-02 1.156950123612279313e+01 3.156950123612243786e+01 3.356923607473534332e+01 1.359123002225125632e+01 2.872569582733356341e+01 3.019622606015429866e+01 3.185158482504277444e+01 1.421621446304055070e+01 1.597033050165462420e+01 1.775207211440415023e+01 1.971323346578623514e+01 3.971486817890507126e+01 2.760762955651355810e+01 4.734192326617974800e+01 5.693987898142170678e+01 6.156127212710725161e+01 6.645533448563239176e+01 7.186347323605119186e+01 7.798532691760404134e+01 8.518978283217673209e+01 9.358025558237234520e+01 1.037607406232452831e+02 1.159525568774750468e+02 1.102447702762002137e+02 1.026862685922950504e+02 9.438024776650429715e+01 1.026862685922950504e+02 9.935772818946736606e+01 8.780747206498023161e+01 7.504489891065205143e+01 6.187135412401811152e+01 4.167556022188299636e+01 6.187135977461747416e+01 7.411469864451390777e+01 6.484562744014058921e+01 7.891891073447833094e+01
2.739267172789772165e-03 2.000273926717243356e+01 3.985377248357778512e+01 4.066974035703611889e+01 2.066231826298541918e+01 4.066974035703611889e+01 4.274574739294415338e+01 2.274424735195719194e+01 3.421707914553160634e+01 3.011265444807235880e+01 3.775338469526884921e+01 2.441300252933012160e+01 4.410268824987249303e+01 4.766831602225604314e+01 3.295287222718586406e+01 3.695291946552554663e+01 4.142531954086626911e+01 4.627745777346841294e+01 5.162913089958227175e+01 5.768281752690350572e+01 6.482314081603243494e+01 7.501407231306136225e+01 8.945194641485825571e+01 1.096911210082100041e+02 1.157522554330103048e+02 1.042271345604785466e+02 9.592150758986751669e+01 8.892973661943484842e+01 8.296780269581293510e+01 7.747534836414098436e+01 6.679032803513345584e+01 4.177794551699500403e+01 4.301712555012760220e+01 6.318692040561639089e+01 5.413297547711834312e+01 7.411469864451390777e+01 8.475866486872719463e+01
8.327778614586213435e-02 1.422541340987693737e+01 3.422541340987763903e+01 4.896198191612251094e+01 3.221051608473811712e+01 4.896198191613538597e+01 4.941315721496638247e+01 2.941092774915183483e+01 4.941315721496638247e+01 5.011567996059101660e+01 4.946252192931171265e+01 2.993699107083058308e+01 4.047473368477185574e+01 6.013148385277033015e+01 4.740589413386286566e+01 4.849203024568182485e+01 6.156127212710725161e+01 6.645533448563239176e+01 7.186347323605119186e+01 7.798532691760404134e+01 8.518978283217673209e+01 8.650219733297264213e+01 9.481354100932566098e+01 1.032941594307933713e+02 1.073944431817492529e+02 8.752277112611562870e+01 7.614580368107300501e+01 6.915624630674307127e+01 6.316448325381454509e+01 5.761445688465235548e+01 5.231136480830440405e+01 6.679029532530827851e+01 6.318751341883073991e+01 4.504808614951156898e+01 6.518640850452744928e+01 7.964998297771974478e+01 8.822635624685601385e+01
6.510866554257997707e-02 1.161211404933519731e+01 2.575424967306640056e+01 4.575424967306710755e+01 5.222525560930509414e+01 6.051878382852869720e+01 5.770157896056809221e+01 3.941111048990348564e+01 5.770157896056809221e+01 6.555401857782776176e+01 4.586215581904480842e+01 3.688874819081846823e+01 5.638049096431623042e+01 6.843814019137502669e+01 6.918096396840969931e+01 6.836436776458729980e+01 7.655435105578628452e+01 8.521413038126124206e+01 7.690892076792952992e+01 8.521413038126124206e+01 8.324414258781250453e+01 6.647441824565747481e+01 7.493915368564086066e+01 8.668400557709226462e+01 9.499669333855415232e+01 1.042271345604785466e+02 9.592150758986751669e+01 8.892973661943484842e+01 8.226160271118531853e+01 6.243295081213349818e+01 7.234728684489245154e+01 8.058997965615670012e+01 6.664139600254726759e+01 4.653403308832083241e+01 6.654351795238193290e+01 5.945802137233710738e+01 7.105263855036464804e+01
8.953482861371392376e-02 2.008953482861335971e+01 3.649288173439489924e+01 4.649288173439472160e+01 6.063501735812517524e+01 6.104401351571601708e+01 6.770496833448339657e+01 5.941520394002922956e+01 6.770496833448339657e+01 7.390262576882342671e+01 6.468639102952982967e+01 4.653765190711650490e+01 6.468639102952982967e+01 8.127398330408715310e+01 7.297209182565929098e+01 7.037449818618668473e+01 7.867487691310002162e+01 7.519871108682087879e+01 5.688624678316003269e+01 7.519871108682087879e+01 7.493915368564084645e+01 5.491989729203455539e+01 7.493915368564084645e+01 6.665416530912423809e+01 8.342590472311529481e+01 8.883744581883448177e+01 9.715382604839311398e+01 9.846443677320742438e+01 7.862009885374286000e+01 7.645464981460835929e+01 9.052144499650164278e+01 8.638789878849621573e+01 6.660022265459684832e+01 6.646891417112004774e+01 4.866633476852128126e+01 6.880729045653097842e+01 8.767884951475085131e+01
