MOVIE_S10_data/elevation_000027.asc
nrows	100
cellsize	150.0
xllcorner	0
ncols	100
yllcorner	0
NODATA_value	-9999
[rows 51 to 67 of 100, columns 0 to 36 of 100]
6.455108993161302877e-02 1.420668671366268754e+01 3.420668671366339453e+01 5.105504642719662201e+01 3.991352423153321638e+01 2.600746743972363717e+01 1.501131283598412658e+01 3.499575881308104641e+01 4.671377806480212769e+01 6.230118350243900238e+01 6.169550291121271357e+01 5.165466811156108662e+01 6.848338980131576648e+01 5.727911882743099881e+01 7.414395433883900921e+01 8.315884816712160443e+01 9.478299580045896278e+01 9.322910678604498003e+01 8.989376699382069091e+01 8.088594233914759002e+01 6.405599070225591163e+01 6.886446069833958461e+01 5.127670823273739131e+01 3.671267567558712130e+01 5.407741658213836189e+01 4.601025784079234882e+01 6.016623991223413270e+01 4.860163946793997525e+01 2.822082334477017440e+01 4.690906154489891122e+01 4.781458343562540847e+01 4.951307738918024626e+01 5.209798521079338940e+01 3.494742124276635309e+01 5.583825395547617632e+01 6.810992634970779136e+01 8.382029543504113178e+01
3.995603441288197999e-02 1.418209165814395689e+01 3.418209165814466388e+01 4.300017297788392767e+01 2.339026244408793076e+01 1.192271741891035397e+01 3.187428302108816069e+01 2.497819071932413948e+01 3.392330043964385311e+01 4.810251179843719882e+01 6.818787596904751069e+01 7.149796486235544535e+01 7.964793106432969694e+01 7.745462322611000161e+01 8.577896976090462999e+01 9.369291888456008621e+01 8.538265986184261180e+01 7.314382761284520029e+01 8.733973851515800391e+01 9.249438061133511724e+01 8.424895102243178258e+01 7.995099648636363554e+01 6.155716658423325072e+01 4.088598500792025447e+01 3.357414182419624638e+01 3.153301826996647605e+01 4.911015118929722689e+01 4.713358710169851662e+01 4.689089700263862426e+01 2.660010216227573920e+01 2.755822997479524616e+01 2.896002456679597259e+01 3.119687775496026205e+01 5.209799079855851289e+01 6.426259971913826519e+01 7.584205043766112908e+01 7.771392456520466396e+01
4.804567899273937126e-02 2.004804554982885634e+01 3.852663258978189020e+01 3.516211759803586290e+01 2.687468793601815520e+01 9.837642457457604905e+00 2.977212814534632201e+01 4.501332399010524199e+01 5.332691450532446709e+01 6.230128219057753114e+01 7.540017671632824658e+01 8.370226463643432169e+01 7.725809930633589317e+01 8.555998370695053268e+01 8.485398797358499223e+01 7.653624936888547836e+01 6.526301763573439985e+01 5.888341186882179557e+01 7.727890774551610775e+01 9.081547035276678059e+01 8.859038441995318180e+01 6.855343486223090110e+01 5.408085497438497669e+01 6.098043922686267848e+01 4.485024874500679459e+01 4.911015118954156122e+01 2.872757340768892220e+01 2.682229272882101512e+01 4.412417421938138062e+01 2.547218517608730082e+01 4.575800733527908193e+01 4.951332772655685233e+01 3.197258169941808248e+01 5.285390554617189451e+01 5.874798384054221145e+01 5.534688679337334349e+01 5.791274979073902074e+01
9.707512844716031930e-02 1.009804046247119658e+01 3.016925174337876570e+01 2.687861689683388988e+01 7.037147595756814589e+00 2.687861689683389343e+01 2.609639115301695611e+01 4.024493151232297095e+01 6.031406608446765460e+01 7.209254591266468992e+01 5.526437770596287891e+01 7.209254591266468992e+01 5.713335675992489371e+01 7.395486185217339425e+01 7.322271488857509780e+01 5.636330385634320805e+01 6.895504077473610494e+01 4.872805668157033665e+01 6.895504077473610494e+01 7.071624922717552408e+01 8.491980958959109671e+01 8.267525543603485971e+01 7.442212151339508353e+01 7.182839426520503423e+01 6.351480272190508458e+01 5.743766752307486456e+01 4.909016253914543881e+01 4.436444599081097095e+01 2.418718708388898264e+01 4.431227509850132407e+01 5.427734286234856853e+01 6.128650137070270887e+01 5.285390554614575365e+01 3.545548752168700446e+01 3.807366016005778420e+01 4.074434733001297815e+01 4.348042822214820546e+01
5.001202446392439237e-03 1.999690130975167790e+01 3.792503243242213529e+01 2.488916339905012620e+01 5.309494175005651684e+00 1.904293734770708113e+01 3.901894055947461482e+01 4.586718664048522953e+01 5.410473748488232104e+01 6.377476773734559146e+01 4.355022558656521880e+01 5.397067723301266540e+01 4.542881811790770286e+01 6.563907377979357705e+01 6.418090548117817207e+01 4.463000299206355237e+01 6.285637560405145052e+01 4.257346600242290435e+01 6.285637560405266555e+01 5.643338902633995247e+01 7.660317479829338083e+01 8.663334136846583533e+01 7.650001133145610765e+01 6.817033110790539752e+01 6.129121133201779514e+01 6.300235548719366108e+01 4.441226837576763842e+01 4.281111341738059650e+01 2.337918815483114088e+01 3.751780203035450967e+01 5.770770207448010325e+01 6.954082933035252267e+01 6.468427946187716771e+01 5.029806221945936073e+01 5.278467810015091999e+01 5.267700167951075230e+01 6.391539656850271456e+01
5.279685921607564503e-02 1.990312066712679240e+01 2.094869382350246667e+01 2.117601421333082712e+01 3.735142968238757799e+00 2.295890199770939333e+01 3.165586806574694378e+01 2.579479273228191261e+01 4.586718664048522953e+01 5.613060927641107867e+01 3.587194311810209513e+01 3.370401955292543050e+01 5.397067723301266540e+01 6.373803007402335652e+01 5.538487926816269891e+01 3.552321963966670637e+01 5.169016885816974849e+01 3.712258554029552471e+01 4.357287041193094979e+01 5.531932971071130112e+01 7.549526234368782696e+01 7.836870638802889744e+01 5.797195582778198286e+01 4.753297178024247671e+01 4.056721000206798067e+01 5.245446746052379439e+01 4.399545482736765223e+01 2.916164477633759589e+01 2.257381134612664297e+01 4.370339748574612315e+01 4.191029660017419189e+01 5.580686833016795134e+01 6.971101419865505022e+01 7.071119206576447880e+01 7.314467743557230506e+01 6.709301553580152699e+01 7.672556215959303927e+01
5.738623160518319517e-05 8.332138149572372754e+00 1.124385051983395556e+00 1.571710434689760127e+00 2.019400306270343393e+00 1.338969088242109429e+01 1.152844879211400375e+01 2.579479273228191261e+01 4.586718664048506611e+01 4.937780639017599071e+01 2.912694974405686565e+01 2.696798503125252822e+01 4.721512467016810177e+01 5.204633244815351389e+01 3.509933642423756339e+01 2.786473845137571104e+01 3.137763362129904365e+01 4.312288712089726062e+01 6.339329335262099363e+01 7.218029499216373779e+01 8.381264040759570833e+01 8.663334136846583533e+01 7.650001133145610765e+01 6.817033110790539752e+01 5.245446747341794946e+01 3.176122564415649308e+01 2.638740260715806585e+01 2.149995046896841089e+01 3.195364906156722995e+01 2.578338523298615925e+01 2.811609743981924936e+01 4.191348977186130753e+01 5.929409173319616144e+01 6.850625551336064234e+01 7.689131704586633020e+01 8.733051399753496469e+01 8.578821861206589006e+01
4.532054705376769438e-02 4.920875986606513264e-01 2.073777877295184879e+01 2.025280139297641568e+01 2.186979505830298365e+01 2.671129737854663677e+00 2.251968216910308840e+01 3.067219911901063156e+01 4.994158679558449876e+01 5.772486283264350959e+01 4.111035890201635823e+01 2.091597419023820592e+01 3.687830207201865562e+01 3.954019394812880250e+01 2.342640691374517914e+01 4.367301565035546673e+01 4.575835026290761220e+01 6.005130142827331241e+01 7.173017970093515316e+01 6.722315187290625715e+01 7.545150053255086675e+01 7.727453392100389351e+01 7.247679661687686803e+01 6.106906359235709658e+01 5.263803564495903942e+01 4.776015275952570960e+01 3.947356959201805182e+01 2.074724794180047382e+01 3.447528481775410825e+01 4.527062163746209933e+01 4.761989115358247915e+01 3.165784549221648447e+01 5.108050770262268259e+01 4.893153468532181449e+01 6.850625551336717933e+01 8.309129173819523828e+01 9.744660713682547737e+01
9.001595176218035732e-02 1.669909275196347664e+01 3.300708310256491274e+01 3.546589914238368380e+01 2.300656987377346141e+01 3.133974423593075098e+00 1.872369461465498830e+01 2.970358596088798109e+01 3.930817203849591124e+01 4.780110210791161052e+01 3.707150875025792658e+01 1.693027333803119205e+01 1.673354761323616913e+01 1.934484916779286223e+01 3.954019394812851118e+01 5.204633318352369287e+01 6.601084576038842044e+01 6.914130346245877945e+01 6.090980327864892985e+01 4.734892358971971049e+01 6.397867153472167701e+01 5.729936446710942732e+01 5.253275342949506665e+01 5.263511378307579491e+01 3.253477770303895511e+01 3.834593654984170286e+01 1.967831189950727833e+01 3.946540107373883899e+01 4.859852327523357474e+01 6.150747724295727892e+01 5.929409173964020141e+01 5.108050770265398910e+01 3.536263004631408080e+01 5.466483767601543065e+01 5.487933618218473697e+01 7.466385304816382984e+01 8.148629405815592008e+01
5.674351268809080251e-02 1.421591599344025347e+01 3.447878155438433367e+01 2.922854876635683397e+01 1.100732330412442472e+01 3.597810590676635556e+00 2.342428548273157318e+01 8.014545017563108331e+00 3.010429377507075444e+01 2.372824571249828907e+01 2.871512849030438019e+01 1.312427500517513401e+01 3.320073207278361593e+01 3.282043748962235696e+01 3.208506918001041441e+01 4.640754960025793707e+01 6.661812275553947416e+01 6.090980327864740218e+01 4.099329606933911663e+01 3.579843967947414995e+01 5.506729976783237390e+01 4.319768873440732904e+01 3.842776394353687408e+01 4.562310353990943668e+01 3.727893431162080873e+01 1.861585091333224895e+01 2.518953320987620614e+01 2.605109010935619906e+01 4.015104229953475112e+01 6.035721833150896032e+01 7.171440565295738168e+01 6.291142584680653727e+01 5.466483767601543065e+01 3.928473769293406548e+01 5.850986267178593891e+01 6.625778368230722037e+01 6.131590535653856477e+01
9.518805923843161321e-02 2.009518805923807605e+01 3.837489379552270918e+01 3.765966097585217653e+01 2.841766307837107775e+01 1.092747474833358190e+01 4.255581141827992298e+00 4.720855414413819062e+00 2.455181291287999912e+01 8.197710077974820209e+00 1.020780046027577193e+01 3.020791055608169273e+01 4.156961733663824532e+01 5.114253955082923397e+01 5.226435706635845690e+01 6.068148004866343115e+01 6.523990764347796301e+01 5.692826248300462311e+01 4.682670597339556195e+01 2.691737848037205794e+01 3.869875706008341609e+01 4.588750484667160379e+01 2.697832792654918421e+01 3.624797960606146319e+01 1.755014103902455957e+01 3.733768716855800562e+01 4.507417126872537239e+01 3.746683398258338116e+01 3.411493058262832534e+01 4.314135444534650077e+01 5.481676552138212344e+01 7.502449575415761274e+01 6.679907851491844895e+01 4.773227067071280771e+01 4.359168678340586922e+01 4.683757239970148589e+01 5.021529779911816860e+01
9.062254805971975413e-02 1.009062254805980707e+01 2.423275817179100855e+01 4.423275817179171554e+01 3.761164254101377225e+01 1.892733984057999663e+01 2.410009136686077369e+01 9.138891434639345945e+00 5.377936495314687981e+00 2.521274185038965499e+01 2.752564273888522095e+01 3.290270860893631522e+01 4.237989876584785520e+01 5.204450050071987022e+01 5.204452797977596390e+01 6.030189153569151728e+01 5.692826248300462311e+01 3.688270980863498494e+01 4.275020557405955657e+01 3.854405392933334440e+01 1.890172732750820472e+01 3.382094501316721136e+01 3.519656282210624454e+01 1.648398732266344169e+01 3.627771628786366875e+01 3.147150288326460199e+01 5.149993211564319751e+01 5.177338847799668997e+01 4.839652526281644640e+01 4.839652526288062973e+01 6.860891282009976067e+01 8.337205291517942385e+01 7.561658028450392521e+01 5.877153997009268949e+01 5.197971272452650027e+01 6.625778368230722037e+01 6.131590535653856477e+01
3.063233560239582431e-02 2.003063233560203926e+01 3.379440043482252065e+01 4.207867168228472110e+01 4.674797408754775319e+01 3.844510504303396914e+01 3.291881225745085970e+01 1.272918045416913557e+01 2.393011102377861832e+01 6.053168704559954705e+00 2.588322401781577753e+01 1.489066567109527739e+01 3.301832961142164180e+01 3.217655571949582338e+01 3.217655583805594688e+01 5.204452797977596390e+01 5.682488058037747436e+01 3.685062422381869141e+01 2.282485816240190601e+01 3.021002280181467015e+01 1.397145003863420953e+01 1.469517020654834916e+01 1.542302618682063198e+01 3.522581778572958910e+01 4.459447616603252129e+01 5.149992384147969915e+01 5.984769257915829854e+01 7.201532613661274240e+01 6.860891273694403480e+01 6.860891282009976067e+01 7.696110173969928780e+01 9.302705986321412013e+01 8.723793904077004413e+01 7.878069879417813581e+01 6.315475640650295475e+01 8.013058235608046687e+01 8.148629405815592008e+01
5.666595628964066211e-02 6.723332622956278648e+00 1.379440043482181544e+01 2.534140581861453612e+01 4.534140581861524311e+01 4.192409054823971104e+01 2.178767613373312173e+01 3.291881225745101602e+01 3.220518636216620934e+01 1.561468919399582589e+01 6.725978409400671154e+00 7.200156553962586692e+00 2.703287353963301598e+01 1.795440886450871787e+01 3.700508677390183720e+01 4.451181775554380948e+01 4.719644653812346746e+01 4.318171006144558532e+01 2.618986359663412955e+01 1.296549264587140371e+01 3.275951167194613589e+01 3.464345518408008218e+01 3.202150975011734602e+01 1.987778721754420985e+01 3.973391600434468529e+01 4.874913194096034630e+01 5.303832996198007521e+01 5.765956740949854264e+01 6.325091574649235326e+01 6.933795908444449196e+01 7.649192330447088750e+01 7.277573616513375043e+01 9.302705986321412013e+01 9.184216985374865772e+01 8.335734931873084008e+01 9.078598708860388911e+01 8.512382709813559245e+01
2.110006612196471329e-02 2.002110006612160831e+01 3.379440043482252065e+01 4.207867168228472110e+01 5.362567706607743645e+01 4.900902414441407018e+01 2.896980578396897243e+01 4.900902414441407018e+01 4.159645219877567257e+01 3.260538828609778506e+01 2.655629494475948604e+01 2.026588483247760308e+01 7.867181033454389905e+00 2.770942891581499268e+01 2.047202693737842338e+01 2.788954840855796036e+01 2.766857126732485739e+01 2.828330901321373858e+01 3.105364101025535462e+01 1.226793410862898348e+01 2.633851978157989038e+01 4.650220828156678721e+01 4.647374657713691448e+01 3.125992605820718140e+01 2.468182015797568596e+01 2.868778258029782791e+01 3.292020796718562536e+01 3.751606038165977708e+01 4.309102261848087068e+01 4.914952024982467549e+01 5.625745685508467631e+01 7.055786700391323052e+01 9.081800250516248241e+01 8.914912990208647159e+01 8.079926964773585496e+01 7.060575475770674814e+01 6.493763991321009144e+01
9.367352646185668485e-02 2.009367352646150096e+01 2.453137924648540391e+01 3.867351487021685585e+01 5.867351487021755929e+01 5.730612451022509646e+01 4.314803667081577032e+01 4.900902414441407018e+01 5.986831033924563172e+01 3.981008217434743557e+01 3.345414484838169500e+01 1.342927984789002771e+01 1.192173226216716486e+01 8.535644353817080088e+00 9.009201652030569107e+00 9.481064438252865045e+00 1.955348924087697426e+01 1.081726113958137425e+01 1.129160741027826909e+01 2.267725232504699306e+01 3.079702075640662073e+01 4.995765870840080680e+01 5.966035912776525407e+01 5.130960012672174031e+01 4.465412615051597101e+01 3.529353694980810729e+01 5.303832996198007521e+01 5.765956740949854264e+01 5.395245106371948651e+01 6.933795908444449196e+01 7.649192330447088750e+01 7.943482517419165845e+01 8.344158164223289020e+01 7.508927461387672508e+01 6.061138860281931784e+01 5.632566512538055292e+01 7.651640796150648782e+01
3.648181865326004941e-02 8.201447627930591011e+00 2.234358325166179426e+01 4.234358325166250125e+01 4.942502059238350398e+01 5.770929599489127071e+01 6.315869959207390849e+01 6.902988835563449754e+01 5.399653897189088525e+01 3.393385936681215753e+01 1.971084409317314012e+01 3.345414445830180483e+01 3.173311273638601193e+01 1.248440664675480960e+01 2.828967909435895578e+01 1.329407961403330773e+01 1.014773733442419967e+01 3.018822782485341349e+01 2.728751202641147700e+01 1.223287913252370807e+01 3.323217660276417007e+01 5.360536673087846538e+01 6.367576057298725800e+01 6.585385318478097361e+01 6.391719348090511232e+01 4.952747344570485666e+01 5.182842759600139004e+01 7.261638180945965360e+01 7.415434356534618132e+01 8.251640026134693073e+01 7.351729705098176737e+01 5.924975825393632078e+01 7.178995026736843954e+01 5.490103010281157481e+01 4.895516812499958803e+01 5.798312998958821396e+01 7.226281217347630559e+01
