MOVIE_S10_data/elevation_000376.asc
nrows	100
cellsize	150.0
xllcorner	0
ncols	100
yllcorner	0
NODATA_value	-9999
[rows 34 to 50 of 100, columns 37 to 73 of 100]
1.052062856277808152e+02 1.135246366240324676e+02 1.053625001775196495e+02 9.705200829981819766e+01 1.018621947633763654e+02 1.101642808309012480e+02 1.129921084189115277e+02 1.007479979649162232e+02 1.149671508310402430e+02 1.247463046808615132e+02 1.164001661602195270e+02 1.190117432593454367e+02 1.273596002890909347e+02 1.165264699670425301e+02 1.000098747078088621e+02 1.165264699670425301e+02 1.184850866458815233e+02 1.072240328938650009e+02 9.848680642954391828e+01 8.214307688017181874e+01 9.056849713873694441e+01 7.101722592484605912e+01 8.565874482105184029e+01 8.535761235606062769e+01 9.717854476948603804e+01 8.501254559679134104e+01 7.666858585368399304e+01 7.646497872209741331e+01 8.469297460012680290e+01 9.130555207442144194e+01 7.598339610737865257e+01 5.607405882646985162e+01 5.607405882646985873e+01 7.017335363630365919e+01 7.028148934296923755e+01 6.200929299711336995e+01 4.962617597354531540e+01
8.524692071462436616e+01 1.040540173932144654e+02 9.575009712983461441e+01 1.040540173932144654e+02 1.156100219064286563e+02 1.129921084189115277e+02 9.294983218812491543e+01 8.662345719914979725e+01 1.049461418455484534e+02 1.131454311386159475e+02 9.633008393180621454e+01 9.893126198814081818e+01 1.190117432593454367e+02 1.083405542844166973e+02 8.864780142928111673e+01 1.083405542844166973e+02 1.103885803456977328e+02 9.090125098738718634e+01 7.959449683391051167e+01 7.079429016940068209e+01 8.163075515754945854e+01 6.477794132680728012e+01 6.622044453830905297e+01 8.411256104414276535e+01 9.540214030712053273e+01 9.033095243218531323e+01 8.212157761915892706e+01 9.033095243218531323e+01 9.640481216499317441e+01 8.808975043239429681e+01 8.427264844613746675e+01 7.598339610737865257e+01 7.598339610737865257e+01 7.580736196775454516e+01 6.200929299711336995e+01 4.207755425858066189e+01 4.791542537425826964e+01
8.890953241869971180e+01 8.513621470094369670e+01 7.589332686118964943e+01 8.730251601760789981e+01 1.072896669219568935e+02 1.098332401878199249e+02 9.662765840246525784e+01 7.668582230707460212e+01 9.103480051910237592e+01 9.587029100482554611e+01 8.481686710849496080e+01 1.048126987829871695e+02 1.149969411986406982e+02 1.013781147423681119e+02 8.167373005457451995e+01 1.013781147423681119e+02 9.797340211029994350e+01 9.464122673674125963e+01 9.547136840216911935e+01 7.589778544006730954e+01 6.196297621514789711e+01 7.419703345432272101e+01 5.633758685779461217e+01 6.774843098511718154e+01 8.733101593581739053e+01 8.037762336183263301e+01 6.217868650807506015e+01 8.037762336183263301e+01 8.485210718453538448e+01 6.810657981396167315e+01 8.485210718453538448e+01 7.937767350058241789e+01 7.109844968117953101e+01 6.753089508949723552e+01 4.759674840324114342e+01 4.791542537425765147e+01 2.796848932570882340e+01
7.603195582525941632e+01 6.545282826271609622e+01 7.857508926438967478e+01 9.842785213427147539e+01 1.098332189710725402e+02 8.981163028431696205e+01 9.032145187971248390e+01 7.040400014201469503e+01 7.111451147645138349e+01 7.593305298051953400e+01 8.741198452821424780e+01 1.074245525248710322e+02 1.068120507262555350e+02 8.710991822158440812e+01 7.572291321257925745e+01 8.823844551314020634e+01 7.825998674904714392e+01 7.492442677695916586e+01 7.753847880999272490e+01 7.456009300131633211e+01 7.419692966098692466e+01 5.447107160313620255e+01 5.189462241747901317e+01 7.163142569470123533e+01 7.404295434297003453e+01 7.215013181246908402e+01 5.203766418398168980e+01 7.215013206361700782e+01 7.655246149657997989e+01 5.662499416889530579e+01 7.655246149657997989e+01 7.109844968117953101e+01 5.117192458242087838e+01 5.700826865836327784e+01 5.125473247645565067e+01 3.131298263339641252e+01 3.725333957235930171e+01
5.651944206549249827e+01 5.901514992632918677e+01 7.277754658906705743e+01 9.257160257473070430e+01 1.042850596691423277e+02 9.348561987194366907e+01 7.355349878090966342e+01 6.466008984346794364e+01 8.457180532343353718e+01 9.587029100482554611e+01 1.041871526209058629e+02 1.157603066747464169e+02 1.084292064592794134e+02 8.872641248298543815e+01 7.734207670824370950e+01 6.851743726795149314e+01 6.430633827528157553e+01 6.095974835923239254e+01 5.778210239339506415e+01 5.478559056473959288e+01 7.042866154566313242e+01 6.743106861415465403e+01 4.765645916024265460e+01 6.306786041030300538e+01 5.430284701717515361e+01 5.720992845831749207e+01 4.544110591961817391e+01 6.544477978767471882e+01 6.950703785694035730e+01 4.958772827538935246e+01 6.101341571061006874e+01 6.929041675112956966e+01 5.700826865836327784e+01 3.707812393727990496e+01 4.635515819900774659e+01 3.864246246915199379e+01 1.867861626517672136e+01
5.195422016563369993e+01 7.143281198360905648e+01 8.682092820947174516e+01 9.844485344742831501e+01 8.427482358238249560e+01 9.844271820565082010e+01 8.134162838605412560e+01 6.142929737421725633e+01 7.549848792639924966e+01 9.544840256388130229e+01 1.016111102865601623e+02 1.099273358046750673e+02 1.166160069953678544e+02 1.052301277139573870e+02 9.332794042537538814e+01 7.361232976095159586e+01 8.403391242801097860e+01 8.069934378188071378e+01 6.920217397737319232e+01 7.043684844286114810e+01 5.063909546395294115e+01 6.647730088819899663e+01 6.306786048639190057e+01 4.326093445194040754e+01 4.024337512880912016e+01 3.730773386442493234e+01 4.192969083725465396e+01 6.172322147806399073e+01 7.779532692567633489e+01 6.101341571061006874e+01 4.108780511839983518e+01 5.373761144698577397e+01 6.198340549108281294e+01 4.635515819903491064e+01 2.640618849827122716e+01 2.008614634262079690e+01 3.864246038572396458e+01
4.868073302597328222e+01 6.243767600281448438e+01 8.206498178691791168e+01 8.950991116282965265e+01 7.019220236401845625e+01 8.950991116282965265e+01 7.826913559811997345e+01 5.835563927850508747e+01 7.826913559811997345e+01 8.897945792818248378e+01 8.163871425460479259e+01 9.574127693490868296e+01 1.157821415729871006e+02 1.072643254801397461e+02 8.755530072523828267e+01 8.755530072523828267e+01 1.015028590877345920e+02 9.710040223538938164e+01 8.892608298504192987e+01 7.861320213809098334e+01 6.647730089620186789e+01 4.666407101445800976e+01 4.393335814636957082e+01 4.197547220801468626e+01 4.003493043129773099e+01 5.502803792402519178e+01 3.512325229994421960e+01 5.290668126414353623e+01 6.111706158597469596e+01 6.337295523340941372e+01 5.373750535855170085e+01 3.379892397843853757e+01 4.726249865262393968e+01 4.150227214222325500e+01 2.156848680118608641e+01 4.004674084097482734e+01 2.542801371478627459e+01
6.387830445719402661e+01 6.818638077055649660e+01 8.788771489596227582e+01 8.121665639944448856e+01 6.128752247456477420e+01 8.121665639944448856e+01 7.530060748879022015e+01 5.538224227825210733e+01 6.202454079040465729e+01 6.905966052199380556e+01 8.897945792818248378e+01 1.021411793736780993e+02 1.136976452166210834e+02 1.154504174502308445e+02 1.072643254801397461e+02 1.072643254801397461e+02 1.017808628410943186e+02 9.362277161572296791e+01 9.404869175190390251e+01 8.013936833622969402e+01 6.772987596988798487e+01 4.794940142951546136e+01 6.375574645487102998e+01 5.601963551068384817e+01 6.002689736985655600e+01 5.138790442080487963e+01 5.290668129432012279e+01 3.299398769434579748e+01 5.081377794151516980e+01 4.352559536640752214e+01 5.699789241381412808e+01 4.724575587591995429e+01 2.731866697718809434e+01 2.305857450635397399e+01 4.152435088027007026e+01 4.978506411465499326e+01 4.537881726120237857e+01
7.205295329456485831e+01 7.706680454869714936e+01 7.504924533735670877e+01 6.677163825896043647e+01 5.496842784540070426e+01 7.491450044429768695e+01 7.263743877382903236e+01 5.270760577278451819e+01 7.263743877382903236e+01 6.638148797470775264e+01 7.389985343671889950e+01 8.539020067148821624e+01 1.053805546776082593e+02 1.116387281508921205e+02 1.199642215420471274e+02 1.049412074978712468e+02 8.533710148777980464e+01 7.400824711637734765e+01 8.313836726128930366e+01 6.623004492055579817e+01 5.223656037810931707e+01 5.940202023288817657e+01 7.588423001435120341e+01 7.579601216185757551e+01 7.942775292786772923e+01 7.122477457272366053e+01 6.112067785102792072e+01 5.081398449915786841e+01 3.089422894929154850e+01 2.942158277018515022e+01 4.731612431187438261e+01 4.444020436412630914e+01 2.475990100247119230e+01 2.561728861927909051e+01 4.556089174909671868e+01 5.850485816037843279e+01 5.928164813680987066e+01
7.704300600668349830e+01 5.649303292475908478e+01 6.002316217841219270e+01 4.676324410014253630e+01 6.327653018711632171e+01 6.496351921063276791e+01 6.667244064118223434e+01 5.008875050564891040e+01 5.642187305929168417e+01 7.634213630374961213e+01 9.383911841097896911e+01 1.021411793736780993e+02 1.084048869398208410e+02 9.164975000050067422e+01 1.084048869398230153e+02 1.131253800653007460e+02 1.017808628410943186e+02 8.313836726128930366e+01 6.346986636459725872e+01 5.720413934158234781e+01 5.973812654281098844e+01 7.910593846568183096e+01 8.725527273026266073e+01 9.003334174722964178e+01 8.017290866931112703e+01 7.198951524944958180e+01 6.502160171057872162e+01 5.250597691284095703e+01 3.264086801413772321e+01 4.764000326163412069e+01 2.768608841765338013e+01 2.647018454589454350e+01 4.471112146132908549e+01 2.978294740074286295e+01 3.032597870544453400e+01 5.025924088176927285e+01 6.348654020413417953e+01
6.608652275632744022e+01 5.740792266304676161e+01 3.993275162728087935e+01 4.152950743637198627e+01 4.322154322571681462e+01 4.493362513582829365e+01 4.667032156533647225e+01 4.920285871478039041e+01 6.918774724357427885e+01 7.561955291987031558e+01 7.998595595633005928e+01 8.457714907018137751e+01 8.942726333729817156e+01 8.013480457598264195e+01 1.000980862349381084e+02 1.083375371517404062e+02 8.871509049910613953e+01 7.484862040333925393e+01 6.346986636459725872e+01 7.691864116182821931e+01 7.943457253718504774e+01 7.221928674106659685e+01 9.185034209619600176e+01 8.183520513099873028e+01 6.214382536790048306e+01 5.228127959355254717e+01 4.525811521937290394e+01 3.992952717525217565e+01 3.521943531325806731e+01 5.506727097332707643e+01 4.193747312270883043e+01 4.067844609480692242e+01 5.395653216693995802e+01 3.404136884603042290e+01 5.025924088176927285e+01 3.531907682719787545e+01 5.523929556662650242e+01
5.569261011270071293e+01 3.771468151844212002e+01 5.781754933078006076e+01 6.160543547196233050e+01 6.327669743837431326e+01 5.911946981133594647e+01 6.667142617467821708e+01 6.576899583767925606e+01 5.284469669861221064e+01 5.562016726884376538e+01 5.997658352706871909e+01 6.456460225662328867e+01 6.942972991766023938e+01 7.701051602290486642e+01 9.697199213739945378e+01 1.074947184268184373e+02 8.787682311004897429e+01 7.400824711637734765e+01 8.313836726128930366e+01 7.333052660197850514e+01 9.294620792060008796e+01 8.610195610406883304e+01 1.000081199574611475e+02 9.003334174722964178e+01 8.017290866931112703e+01 6.140408451228133657e+01 6.502160171025144564e+01 5.766971984443348020e+01 3.784170984453106001e+01 5.737889853931835660e+01 6.302327982070228529e+01 6.162043297131593533e+01 5.820069220255885512e+01 3.850664691142187479e+01 5.840144098000683925e+01 5.523929556662650242e+01 4.065507474240941832e+01
3.558797307804822196e+01 5.569261011288426744e+01 4.723673052762663360e+01 5.483695022257067109e+01 7.479825132874306348e+01 7.903386436021466466e+01 8.326535401506572498e+01 6.348951586644638923e+01 7.284613713361822818e+01 7.561955291987031558e+01 6.095782184643065449e+01 8.096731487735236499e+01 8.942726333729817156e+01 9.697199213739945378e+01 9.111822484298379266e+01 1.111042365305541040e+02 1.017808628410943612e+02 8.533710148777980464e+01 1.011027724632597966e+02 8.314851320839558468e+01 1.011027724632597966e+02 1.057281735201450772e+02 9.641641186386939921e+01 8.820892661548445801e+01 8.931352402176105443e+01 8.111770738043669837e+01 7.304538575501291575e+01 6.034041112984991884e+01 4.053406226640734644e+01 6.033954991779885546e+01 7.624584361376324182e+01 7.724337776467747574e+01 5.741281995964149587e+01 4.334811319092576554e+01 6.322150444481404463e+01 6.538216947083456887e+01 4.549485082551408510e+01
5.569260964139574099e+01 6.398023883884708596e+01 6.725358746046383374e+01 7.479825152216707806e+01 6.895306577718098140e+01 8.890977822230425431e+01 8.328604754309074565e+01 7.746428026785578425e+01 9.158640463740596260e+01 8.489185910117294043e+01 6.488053152195372775e+01 8.489185910117299727e+01 1.004847955640863688e+02 1.104808734828787067e+02 1.111042365305541040e+02 1.194285031788289331e+02 1.131253800653008597e+02 1.049412074978712468e+02 1.109222829112667057e+02 1.027439026328048470e+02 1.109222829112667057e+02 1.021950019215205288e+02 8.241570453935278806e+01 6.852905921462598826e+01 7.893174815415174805e+01 7.416962803268597781e+01 6.487390633388123717e+01 4.511286010981857686e+01 6.034041112984991884e+01 4.834882091548817584e+01 6.231270719409907599e+01 8.199636258207715400e+01 6.872588988094963725e+01 4.887954595104555722e+01 6.872588988094963725e+01 7.069279824845141036e+01 5.082224485426693406e+01
5.679444663882507172e+01 5.231852412126740859e+01 6.645899111961963968e+01 8.641934139855501940e+01 8.890977822230425431e+01 9.721504198145784414e+01 1.032421454320906520e+02 9.734103705594294809e+01 9.902054876490463187e+01 7.903956422389477154e+01 7.490268468640731214e+01 7.220489746565202438e+01 8.220769555628990588e+01 9.630849795910044975e+01 1.163221894966537491e+02 1.164425528136034274e+02 1.079085635952369984e+02 1.079085635952369984e+02 1.079085635952369984e+02 1.164425528136034274e+02 1.162183115499521051e+02 9.638635688406697000e+01 8.241570453935278806e+01 7.893174815415174805e+01 5.929702389146930130e+01 5.450786524923767473e+01 5.017377857368794736e+01 5.655453079984489762e+01 7.304339961871284004e+01 5.976137861516727412e+01 5.976137851894422681e+01 7.944223329651013898e+01 7.499337958848610697e+01 5.517383690100848526e+01 7.499337958848610697e+01 7.771480950007763511e+01 5.785356240570515496e+01
3.957966033387119609e+01 5.966457381011561267e+01 7.230524206656167507e+01 9.228054954195279436e+01 9.641016116565383243e+01 1.047186567673523427e+02 9.957303245127282310e+01 1.078867543121812247e+02 1.073263503219707360e+02 9.902054876490463187e+01 8.643803487411845765e+01 8.220769555628990588e+01 8.484853279213579924e+01 9.895436346833348296e+01 1.189818183781378735e+02 1.079085635952369984e+02 8.722369356887719505e+01 8.722369356887719505e+01 8.722369356887719505e+01 1.079085635952369984e+02 1.154709118388091014e+02 1.104171191883861241e+02 9.287095171749642475e+01 7.315794098953493574e+01 7.893174815415174805e+01 6.840367026979575371e+01 5.677615076113177395e+01 7.623590652418677394e+01 8.441021679152187573e+01 7.366514725751753190e+01 7.111128081940110235e+01 8.763392794852587997e+01 8.322512676064313553e+01 6.404361476395028774e+01 8.322512676064313553e+01 8.597862907124432752e+01 6.777186873288259505e+01
4.170113120983314303e+01 6.176817210714023076e+01 7.317213521957440037e+01 8.488328436823672973e+01 7.644501608142506655e+01 8.544846414675848223e+01 7.959787580676466234e+01 9.957303223159711081e+01 1.153036496296190023e+02 1.147315491786489332e+02 1.064143841447826873e+02 9.371743025923777282e+01 1.048202692015074149e+02 1.131347978751067274e+02 1.117989521092038672e+02 1.033383861880412695e+02 9.328215173163550844e+01 7.278358669557147209e+01 8.491364759870012335e+01 9.324750330923855302e+01 9.597573335644875669e+01 1.130979166256347668e+02 1.010833143053750689e+02 9.287095171749642475e+01 9.628134794440866528e+01 8.461762554304235096e+01 6.811091902214931793e+01 7.066046069164814014e+01 9.035871570941202435e+01 9.338973386090894735e+01 9.082259287233115685e+01 9.903286830763427417e+01 9.209610219087495864e+01 7.803652248935779312e+01 9.209610219087495864e+01 9.593623694740665542e+01 8.765775026727251884e+01
