MOVIE_S10_data/elevation_000802.asc
nrows	100
cellsize	150.0
xllcorner	0
ncols	100
yllcorner	0
NODATA_value	-9999
[rows 68 to 84 of 100, columns 0 to 36 of 100]
5.009162696260269221e-02 2.005009162693734837e+01 3.833122344801420667e+01 4.345674698112962631e+01 4.017405706577743985e+01 2.461392276364288279e+01 4.447167923139831203e+01 6.289935687556458532e+01 6.383938230266543457e+01 5.555230031196645513e+01 6.383938397070228632e+01 6.566857793274638766e+01 7.395415916055928562e+01 7.082762442727684515e+01 7.906697457694046705e+01 8.729812906618148816e+01 7.888527252233654963e+01 6.128330749073925432e+01 7.888527252233654963e+01 8.729812906618148816e+01 8.047106828933907252e+01 8.465404724741921427e+01 7.623499252060595666e+01 7.026461070275733789e+01 7.138929712461508359e+01 8.580264741227570369e+01 9.763706664255413159e+01 9.763706664255414580e+01 1.060567335841804777e+02 9.510765444550720815e+01 7.536839294021771707e+01 8.114988877950240465e+01 6.655614016847643200e+01 7.668294908013626809e+01 5.690582787433366008e+01 4.287358317050237133e+01 4.541487646663453148e+01
4.695337527364121244e-02 1.004695337527372878e+01 2.418908899900569054e+01 4.418908901738029016e+01 5.278814827929648601e+01 3.863273788268188014e+01 4.081350141322634073e+01 6.080580801621809428e+01 6.645708916186943327e+01 5.806336663916911789e+01 6.069350594744405925e+01 6.908680531608466424e+01 6.747591364505512956e+01 5.067478971631238238e+01 6.747591364505512956e+01 7.626108005719768812e+01 5.868973959734925927e+01 5.126513450613493461e+01 5.868973959734925927e+01 7.449442292547320221e+01 6.008351154152511953e+01 7.289861161318712846e+01 5.585922823942010496e+01 5.585924139830965629e+01 5.698162443155342061e+01 7.736392453242747536e+01 7.724269534408809079e+01 7.724269534408809079e+01 9.763706664255414580e+01 1.033290670940852891e+02 9.510765444550720815e+01 9.450933535774611016e+01 8.630266440977511877e+01 8.215992038949462994e+01 6.517332527348807503e+01 4.536085120086252687e+01 6.517331568840477019e+01
7.614146464036156137e-02 1.421827708837143689e+01 3.421827708837214033e+01 4.994252014358650626e+01 5.763054638381430550e+01 5.860390748173041686e+01 6.080580801621809428e+01 6.274227032126752590e+01 5.467717556013949576e+01 3.760231264841349486e+01 4.026754664112146997e+01 6.069350594744405925e+01 5.919237988005065176e+01 3.903689118751747600e+01 4.788001495262451357e+01 6.801209902853439360e+01 6.239568893907106428e+01 4.236589690388822760e+01 6.239568893907106428e+01 6.604569832823871423e+01 4.578369671032975674e+01 5.323047781065486106e+01 4.421074298062698205e+01 4.421074303039179654e+01 6.447302607805910668e+01 7.301074082026502765e+01 6.280541324115761626e+01 8.321606839937254563e+01 9.545774308483463244e+01 9.545774308483463244e+01 1.038801410980894104e+02 9.353896247416832921e+01 7.382988461078834064e+01 6.241969565379736906e+01 5.492236454905325616e+01 4.790595151056854917e+01 6.770678594618310342e+01
2.352828262072655108e-02 2.002352828262037221e+01 3.683089231696136778e+01 3.140347057029769573e+01 4.994252014358649916e+01 5.103948708549469870e+01 4.268612053233742643e+01 4.267150912116175476e+01 4.625017151952570060e+01 2.456378177592444700e+01 3.658722920310032833e+01 4.510255767556110129e+01 4.368264489720824173e+01 3.145441515450730563e+01 4.567406275586848352e+01 6.581880711414730456e+01 5.704250184450053496e+01 3.705749975956979370e+01 5.675281162901956833e+01 5.178573606610427049e+01 5.004072234741998670e+01 3.318017605091828415e+01 3.534034520883190567e+01 5.541133186979782721e+01 6.431757117633488008e+01 5.262345086991062715e+01 7.301074082026502765e+01 7.593225134194000248e+01 7.505968170921565275e+01 7.505968170921565275e+01 9.545774308483463244e+01 1.017537148822235906e+02 9.035385891070707487e+01 8.215992063506232057e+01 7.237064639255729048e+01 5.258356077834155684e+01 5.279156891276539199e+01
6.786455232800275850e-02 1.958363311348398383e+01 1.772896477075200039e+01 3.683343239853795126e+01 3.859845760133261194e+01 4.201375336524485249e+01 2.258953038452093764e+01 4.185774191819595558e+01 3.920273851563850798e+01 3.059707727102949804e+01 1.352459449211801790e+01 3.579705335134710964e+01 2.361862286018475388e+01 4.368264434645056582e+01 4.939932253575020127e+01 5.777046775959375680e+01 5.209813959184518950e+01 3.207297407926222377e+01 4.549749516906576474e+01 2.820905666084288654e+01 3.022647499932913817e+01 5.026870700548338533e+01 5.541133186979782721e+01 3.876206475762250392e+01 4.403951843692543378e+01 6.431757117633488008e+01 6.913470172519525647e+01 5.553960249170553709e+01 6.062659867853500373e+01 6.784200179206817438e+01 8.227736162636310269e+01 1.026663330691365843e+02 9.377806517259676866e+01 7.406162420908486865e+01 6.008381458828264954e+01 6.659017069214282003e+01 7.256950629224863292e+01
3.257643153035955086e-02 7.102367213484713560e+00 2.211521154026018721e+01 2.335527667830933041e+01 1.850555868892960376e+01 2.549085738363852727e+01 1.364360579226029735e+01 2.772326465181018307e+01 2.889103412861689790e+01 1.058803718507300751e+01 1.185459661591335490e+01 1.661672893387136796e+01 3.506069834699740539e+01 3.641729887164888169e+01 2.926366467014419115e+01 4.614134701159234453e+01 5.143486941568737336e+01 4.251399605780546409e+01 2.539261721008794126e+01 3.913799657145792565e+01 4.920648562856743524e+01 4.434309886727862704e+01 6.457439053804579032e+01 5.889803361763461709e+01 4.269119539859155310e+01 4.566528995332424756e+01 4.880816835820337474e+01 6.913470172519525647e+01 8.103413556307506838e+01 8.824915310053260953e+01 8.227736162636310269e+01 1.026663330691365843e+02 9.121674572701337524e+01 7.150547118902183286e+01 6.894032458349425951e+01 8.632595095420556675e+01 8.270238628416885263e+01
1.880098487986705744e-02 1.095563394220494757e+00 2.173879374680984355e+00 3.256890060836859835e+00 4.357707242509525791e+00 5.465085630080550594e+00 6.577354366322699875e+00 7.712421080493800041e+00 8.852745780563660460e+00 2.864007605162759873e+01 3.184679010454372516e+01 1.371190259432269443e+01 1.502914195284557586e+01 1.636801379475117457e+01 1.771845629566265856e+01 3.777682610729073787e+01 4.117016120057765249e+01 2.320789252337235453e+01 4.331547677050760115e+01 2.958234069562880819e+01 4.965612770725273606e+01 6.457439053804579032e+01 7.300509319153827903e+01 7.135448153563358176e+01 5.272793562206670259e+01 5.732916423939109052e+01 6.913470172519525647e+01 5.547842075789490224e+01 6.980533193010644766e+01 9.018053927013650650e+01 1.026663330691365843e+02 1.110810675886646663e+02 9.942630360805847545e+01 8.288028631550893977e+01 8.032057613920773065e+01 9.685509791375282873e+01 8.816721628641386133e+01
2.900726248362994752e-02 2.002900726248327601e+01 2.218939198794539536e+01 9.921431676984347803e+00 2.437336558965339606e+01 2.549897879481473240e+01 1.657370007533311096e+01 2.775526942303883260e+01 1.226502290508615722e+01 1.839965896103778675e+01 3.455641302785038960e+01 3.377271022578311488e+01 2.395341222971730133e+01 3.641730022398711952e+01 3.777384183602987378e+01 1.966357976226934667e+01 2.105698696675008108e+01 2.995963379294854079e+01 4.912096181262713657e+01 3.260162501955792891e+01 5.266623362419823451e+01 6.549646349024038727e+01 7.718081065045947753e+01 8.154167776667345890e+01 6.712539452609627233e+01 7.174768566165847972e+01 7.577309199191930134e+01 7.577309199191928712e+01 6.358642398602499668e+01 8.379571817093517438e+01 1.024306942829870906e+02 1.126655240620028167e+02 1.108413669949710396e+02 1.026045610607461356e+02 1.000319320971394745e+02 1.082622305663764735e+02 9.637883710909044055e+01
5.081304048347550645e-02 2.005079504326701567e+01 3.690129981826812866e+01 1.699164280893246826e+01 3.690340122643210918e+01 4.487362788017273374e+01 3.074623196467421948e+01 3.777942166373518518e+01 1.596301956709200098e+01 3.432295450188868813e+01 4.262980236292673197e+01 5.245774899320158369e+01 3.814135517253219376e+01 5.245271824330761490e+01 3.602780424958335459e+01 3.973215940832733395e+01 2.488864707899671558e+01 4.440052415289097354e+01 5.850310333562962484e+01 5.266623362419823451e+01 3.700345568862818624e+01 4.856012213038491865e+01 6.878032026663763077e+01 8.480277558366596224e+01 8.752863762236229661e+01 9.214726095728212840e+01 9.614485416334458989e+01 9.221840666941113795e+01 7.783648907828374774e+01 7.396948874447687672e+01 8.460772642231675889e+01 1.042903605285571302e+02 1.116080698448190702e+02 1.032786389683153061e+02 1.059002283557909863e+02 1.142273440285273693e+02 1.052117003504339010e+02
4.469920835086939326e-02 2.004469920673164296e+01 3.830740834126255834e+01 3.690098855938635580e+01 3.112449015183968370e+01 5.086492348478684988e+01 5.089495566494741752e+01 3.169615273678298806e+01 3.777942385852700369e+01 2.229754517045936879e+01 4.356517857582412034e+01 5.815612481617232277e+01 5.835136887415873730e+01 6.460906913108266281e+01 5.621214545611175595e+01 4.843341167054855845e+01 2.878823408366681491e+01 4.266484578257083626e+01 6.266105212400901081e+01 6.549646349024038727e+01 5.118064830876598137e+01 4.190554426253385145e+01 5.613455343560760014e+01 7.270540298387730616e+01 7.794697838896207998e+01 8.471556962284752501e+01 9.311521009732560117e+01 1.021866978578604090e+02 9.818256986770238370e+01 9.402506191798468649e+01 1.024306942829870906e+02 1.091435378891909380e+02 9.659416981020038406e+01 8.333256255178491756e+01 8.595635865343727744e+01 1.059002283557909863e+02 1.130238067994072679e+02
2.324776005098762310e-02 1.002324776005797169e+01 2.416538344268915495e+01 4.416541700084840016e+01 5.088694973206163041e+01 5.889829550488165211e+01 6.087012616542028809e+01 4.651169867588189533e+01 5.198525729747024826e+01 3.757675255460940633e+01 2.912468561602708306e+01 4.979653058253514075e+01 6.642085461848668615e+01 7.806109476054753316e+01 6.811873340755529682e+01 4.695143671768830984e+01 3.323198352191722194e+01 2.952840618065595635e+01 6.406579426410792166e+01 7.981227867171462265e+01 6.922736144019090432e+01 4.898452142590814162e+01 4.793613681600513843e+01 5.242999429644137876e+01 5.764644413717819305e+01 6.440979592119127517e+01 7.350013476823009739e+01 8.785248322348850536e+01 1.081211798498538315e+02 1.048248334193447988e+02 1.001986083292201215e+02 1.024026983452940556e+02 7.109302782681913868e+01 7.205199626269859436e+01 9.179778284615578343e+01 9.661880866247143729e+01 9.293186946537073823e+01
8.699724428260374731e-02 1.422913286801367860e+01 3.422913286801438204e+01 4.211254361198159302e+01 5.039604471962863386e+01 5.106553943198893109e+01 5.934868263529136101e+01 6.684844678237402604e+01 6.639376204033111151e+01 5.747996910706324059e+01 3.715150155730827919e+01 3.777161645557522007e+01 4.954844592903652511e+01 6.973966338257925202e+01 6.769020523176763504e+01 4.846070658424130073e+01 3.821900272629352457e+01 5.847074339229996554e+01 7.274430290017164680e+01 8.951569437492615577e+01 6.922736144019091853e+01 5.908216992744368667e+01 6.817168377420763647e+01 6.412630502733586013e+01 7.794697838896207998e+01 7.422354010801691970e+01 9.311521009732560117e+01 1.021866978578604090e+02 1.048248334193447988e+02 8.487391427437647451e+01 8.113473578792994090e+01 9.667597516610877051e+01 8.556597374419915525e+01 6.530916395706213962e+01 8.394026217908213994e+01 7.657226650814170910e+01 9.339247585281719921e+01
2.249585233037712170e-02 2.002249585233002094e+01 2.671664664911439147e+01 2.211269648429433943e+01 3.473589766020884895e+01 3.106589441248855721e+01 4.856645345653534918e+01 6.011291181744836365e+01 7.397384833418442440e+01 5.377305434141408824e+01 5.156149505852173576e+01 5.217185829076057502e+01 5.066090713298137160e+01 6.492552187680071540e+01 7.584450723293230112e+01 6.653542938174086885e+01 4.841600809400054573e+01 5.118921943960630472e+01 6.595507945897742275e+01 8.651694232158085640e+01 8.777419541024507055e+01 7.937255295293817881e+01 8.777419541024507055e+01 8.442466873406790739e+01 9.282512763597922856e+01 9.451437882791374534e+01 1.029133465800447738e+02 1.111038392563421411e+02 1.010669916387613938e+02 8.853497615111260188e+01 6.898229978837228771e+01 7.906632827350813386e+01 7.572694292659150506e+01 6.014404555216768244e+01 6.395708640130698086e+01 6.851762371629840231e+01 7.335155170445513306e+01
2.739267172789772165e-03 3.336072600506116537e+00 6.716689619420169066e+00 1.056569141401764078e+01 1.473597969515910044e+01 2.028298165740882553e+01 3.182998609674628199e+01 5.182971975085917649e+01 6.750972211937101974e+01 7.397384833418229277e+01 7.176842942360859467e+01 7.235122701665083866e+01 7.079571005361138702e+01 7.904974947053018752e+01 9.286081816009068746e+01 7.770975932902413774e+01 6.320610996583241814e+01 7.197750965760619124e+01 8.043195330210775751e+01 8.856231242344338739e+01 8.841509657878609119e+01 7.998210645886109660e+01 8.182891011367351553e+01 7.762105675592805198e+01 8.605105900153058940e+01 9.513488459628510441e+01 1.068984860199267075e+02 1.027728741136477169e+02 8.271534720783232331e+01 7.276859213850394781e+01 6.583559063416498702e+01 5.935332766742385502e+01 5.588124782395384926e+01 7.572694292659150506e+01 8.394026217908213994e+01 8.853183778821247074e+01 9.339247585281719921e+01
8.327778614586213435e-02 2.008327778550889420e+01 2.671377580710758082e+01 1.936579631769317444e+01 3.473589766279945223e+01 2.887811083852799143e+01 3.028298148303663595e+01 3.922725226364576656e+01 5.336932410118410530e+01 7.336814878319269440e+01 7.622266041995884223e+01 7.939232110341573900e+01 7.109508205144217641e+01 7.417875447851562853e+01 7.417875447851562853e+01 8.247606334331703692e+01 8.381554590828949358e+01 8.527336701471300273e+01 7.684773983132642172e+01 6.827207750494311256e+01 7.671476350601950855e+01 5.975525072989751862e+01 6.158889253096336347e+01 5.741305610328043940e+01 6.640930584912730694e+01 7.808366499452688458e+01 9.845014852498393054e+01 1.111038392563421411e+02 1.010669916387613938e+02 9.274411034777661200e+01 7.763751558204944558e+01 6.936773517393669408e+01 5.293758807460731219e+01 6.692709559525849272e+01 8.684972361579845312e+01 8.979494830473988998e+01 8.426136924079601442e+01
6.510866554257997707e-02 1.420732659012903021e+01 3.421217665294530264e+01 3.091277229057893905e+01 4.764978481845901825e+01 4.042509847060963324e+01 5.028275480083760840e+01 5.856601985775277086e+01 6.750972211959971503e+01 7.033916258315920800e+01 5.615837958423683318e+01 6.780510184447187783e+01 5.100954638125286067e+01 5.410551215230747601e+01 5.410551215230747601e+01 7.417875447851562853e+01 7.997105418209552852e+01 7.684773983132642172e+01 5.664508026856523770e+01 5.403197227000513436e+01 6.768661832197450678e+01 4.816526167812806847e+01 4.738395453481788877e+01 6.751705642960418174e+01 7.748456781744047817e+01 8.591647852465035839e+01 9.607711655781990601e+01 1.036581578821539154e+02 9.352283934429729584e+01 8.514772802462914569e+01 6.936773517396699162e+01 4.947737303065886749e+01 6.936696021102338250e+01 8.093107712008360011e+01 8.786241624305269227e+01 7.002694025434041691e+01 6.423172753397689405e+01
8.953482861371392376e-02 2.008953482861335971e+01 3.986472233718087921e+01 5.090991586133515057e+01 5.918541509430664860e+01 6.042451399757414521e+01 6.870724872245899917e+01 6.912905428144090081e+01 7.499794029980162691e+01 6.029088998316063908e+01 4.191835580808471207e+01 5.881466829078333802e+01 3.937485466241459875e+01 3.986242937672557929e+01 5.998482870925301569e+01 7.407239100253197250e+01 5.974454692963654168e+01 7.407239100253197250e+01 6.256230225649476040e+01 4.246678342631079062e+01 5.435672369882799870e+01 3.922720016351596684e+01 4.455938614587134339e+01 5.059778270346611606e+01 5.727909517459080746e+01 6.733849234007541895e+01 8.763064329480546633e+01 9.530430803752078361e+01 7.499114801173760725e+01 6.493107113053780211e+01 6.704617564838643773e+01 4.702909712759491612e+01 6.386604400787773272e+01 7.214675086793630499e+01 7.433762940164513111e+01 6.022738746853762137e+01 5.004228934609307089e+01
