MOVIE_S10_data/elevation_000948.asc
nrows	100
cellsize	150.0
xllcorner	0
ncols	100
yllcorner	0
NODATA_value	-9999
[rows 34 to 50 of 100, columns 37 to 73 of 100]
4.356115413186268626e+01 4.468959700377726563e+01 6.303755670438032155e+01 7.345480004973418886e+01 7.172715217889511052e+01 6.352283996153045109e+01 4.725165029188466548e+01 5.000235489375867104e+01 5.280361928846001263e+01 5.569266970246712134e+01 5.911691333444259300e+01 6.865777078400502376e+01 8.851618507963405591e+01 1.001542750930687617e+02 1.103408438099062039e+02 1.134569680872317292e+02 1.085452310652245842e+02 1.002962255815351824e+02 9.156781155739162159e+01 7.174521032512156182e+01 7.191141351224955258e+01 5.221586530708144380e+01 6.037562828550617411e+01 7.879034031726246212e+01 9.447139595627805875e+01 9.564203161860650937e+01 7.611655702228335940e+01 8.183543612629981112e+01 6.895770277210242227e+01 8.684225214605739041e+01 9.362717111256350222e+01 8.031004347303054658e+01 7.153192420476440816e+01 6.326178644278328989e+01 5.701251325313918983e+01 6.306801618854365188e+01 5.321750543658655630e+01
4.841138094179199669e+01 6.303765652013125020e+01 5.082985465958479665e+01 6.110509702987010172e+01 7.937824380121251977e+01 7.271157065939105735e+01 5.332112067058880456e+01 5.332112067053319038e+01 7.216531232928295481e+01 7.509005105611151976e+01 7.858697793181954694e+01 6.447800766921365323e+01 7.170380354968196457e+01 8.152888957935599024e+01 1.019010981303778181e+02 1.097668383665527614e+02 9.832635086224533438e+01 8.049661089075100051e+01 8.412990788282361621e+01 7.538272542614939198e+01 5.559320254710657139e+01 7.191141351224955258e+01 7.860611293228423335e+01 7.518731309954574726e+01 9.482190583151890451e+01 1.036909061958895819e+02 9.564203161649494689e+01 9.662363605629180086e+01 8.857429409880244009e+01 9.662363605629180086e+01 8.557910265227690161e+01 6.416246899763697797e+01 5.146839203852027111e+01 4.298998705566618384e+01 3.688735518209377773e+01 4.312933261906151472e+01 4.879112325584477361e+01
6.752491861290027941e+01 7.345998238123648605e+01 5.552131187641123944e+01 7.345998241027943720e+01 8.749281133601371607e+01 7.962949406521364892e+01 6.007108340905930532e+01 7.269176433812884852e+01 5.968509383003868862e+01 7.922113488889817745e+01 8.897592544452896846e+01 6.908420642689874569e+01 8.897592544452896846e+01 1.001542750930687617e+02 1.103408407663974771e+02 1.015135182879468658e+02 8.174347066551993635e+01 7.030112163899747202e+01 6.428101417478850976e+01 5.931918653928711649e+01 7.538272542614939198e+01 6.957710727509291360e+01 8.939872732339077288e+01 9.482190583151890451e+01 9.530560337219056066e+01 1.011205682761096796e+02 9.206510463568443470e+01 8.384524290811626202e+01 9.206510344691480441e+01 8.608279481562743740e+01 7.786335196814549420e+01 8.031004347303054658e+01 7.153192420476440816e+01 6.326178644278328989e+01 4.896923782863020591e+01 2.910997808901082706e+01 4.057997564083112252e+01
8.167643152886000735e+01 8.117866827444407818e+01 6.271296654392602221e+01 6.562247411195679092e+01 8.416621784815956175e+01 8.798165140696451658e+01 6.863872585660095638e+01 8.413896246781555988e+01 6.444824198589472530e+01 8.414589503482386590e+01 9.435903195272541666e+01 7.421729226144907443e+01 8.835487061131651387e+01 1.088543596938308156e+02 1.129666768783698672e+02 9.312922453145766610e+01 8.174347066551999319e+01 8.398205273571093699e+01 6.413190809000522563e+01 7.916768565627053533e+01 7.553161872326789705e+01 8.939872732339077288e+01 9.763135699386748456e+01 8.953123392958232785e+01 7.552114734054255507e+01 8.131581649235158693e+01 8.216510805030102915e+01 6.406368892104484303e+01 8.216510805030100073e+01 7.463538710906696849e+01 5.804248705695050603e+01 7.463484751581808041e+01 6.544653839772432491e+01 5.744026755050396105e+01 5.180984156190315559e+01 4.205877691610683655e+01 2.247396821115152221e+01
9.010193223451322808e+01 8.963388760697151270e+01 7.317029612674629391e+01 7.598220678432676323e+01 9.237760868741523268e+01 9.692108123223503924e+01 7.994899191745749079e+01 8.967079206341853137e+01 6.975049253508598213e+01 8.967079206341853137e+01 1.028119706227775509e+02 8.570006209795377572e+01 8.570006209797747943e+01 1.061874066235271528e+02 1.212451067360240557e+02 1.097668458911264935e+02 1.015135184258437846e+02 8.748640546727982326e+01 6.766279247714312817e+01 8.748640546727982326e+01 9.534632742737312583e+01 1.035869782552759517e+02 9.530549239555278973e+01 7.552114710440959300e+01 6.153676512950749355e+01 7.142629045546644306e+01 7.395446591080388998e+01 5.413190344497781581e+01 7.395446591080388998e+01 6.641975362333695898e+01 4.640371677261730810e+01 6.641941439529477975e+01 5.430336219426520472e+01 3.784356670912526255e+01 4.358809004428602663e+01 2.396573507185451035e+01 3.625671415468853809e+01
1.002256149508156540e+02 1.009920855950533536e+02 9.263267980040380678e+01 9.534578486620803517e+01 1.036887628261174257e+02 1.086300906384862799e+02 1.002006477528112072e+02 9.731327230577961984e+01 7.709317018463266891e+01 8.593527760379944880e+01 1.062919253355118201e+02 1.001674138605777244e+02 9.748809894702449697e+01 1.146175269773585512e+02 1.243111627018661380e+02 1.143579365575314739e+02 1.060906246274545879e+02 9.115995158792830466e+01 7.137729992214921992e+01 8.128427557410556403e+01 1.010356275803938644e+02 1.083723777473362020e+02 9.692858640828301020e+01 8.807430519245382072e+01 7.142632779396627996e+01 5.161014396320452846e+01 6.545152277424858767e+01 4.741000965948443024e+01 5.843087651042211661e+01 5.550492159119950486e+01 3.910968808757839810e+01 5.005577237852970285e+01 4.625317311869204673e+01 2.656463867285973635e+01 2.548750062070531541e+01 2.726616103709396555e+01 4.910214450985264278e+01
1.069675382063768012e+02 9.867025615702857522e+01 9.606451914807932724e+01 1.043650348269193273e+02 1.077867349987997585e+02 1.051870518797356482e+02 1.134762629623855190e+02 1.057428857317739670e+02 8.865512157612431565e+01 1.057428857317739670e+02 1.146840232620592275e+02 1.207209483833540986e+02 1.180708863669335784e+02 1.264352179092251163e+02 1.160221869073987193e+02 9.615905686258135177e+01 8.632742738543876726e+01 7.888118698353139280e+01 7.800154572661581653e+01 9.773915407462756377e+01 1.010356275440826579e+02 1.001263126194798190e+02 8.034096269362375153e+01 6.893051057150523775e+01 6.008048565016455456e+01 6.545152277424858767e+01 4.553157951333044906e+01 4.179830445151599605e+01 3.815926776489145311e+01 3.517487222846149564e+01 3.254024383035030610e+01 3.033612465514023881e+01 2.809876978294862582e+01 4.625357843081775400e+01 3.674909324581482650e+01 4.910214447319700071e+01 4.018305181381779789e+01
9.867025615702857522e+01 7.858968231559623518e+01 7.598420821356475585e+01 9.277861084234379518e+01 8.770713833433407558e+01 8.509745209186715442e+01 1.018906617625232229e+02 1.175316989363744966e+02 1.091405261519002892e+02 1.138941980613103055e+02 1.056070657128157961e+02 1.138941981144386233e+02 1.092172584691884367e+02 1.175044981230725085e+02 1.243111627018661380e+02 1.111520477031549632e+02 9.133846750000382997e+01 9.862083853500892872e+01 8.545089939586276273e+01 1.052058068529589008e+02 1.209254921692040483e+02 1.078642316059322468e+02 8.804274122988724116e+01 7.406670167267877503e+01 7.944928522863514786e+01 5.965345972276489306e+01 5.965345972276489306e+01 5.606649856053596892e+01 5.260595322967804321e+01 5.550492159119950486e+01 4.964598376651218103e+01 2.983927671090647493e+01 4.784965884226080846e+01 5.608196886639146328e+01 5.660493178142254322e+01 6.483620269079622744e+01 5.284660655215522240e+01
8.006062676595296068e+01 8.447114622457456790e+01 6.460726799401264486e+01 8.447114622457456790e+01 7.356162159116333044e+01 7.356162159116333044e+01 9.358831603408151523e+01 1.016720691817986193e+02 1.099582244807233309e+02 1.038941351427453412e+02 8.560974915232350213e+01 1.023844576320380213e+02 8.921707146185161719e+01 1.059562045470071610e+02 1.159570573618075713e+02 1.194290187349654389e+02 1.053112995567483523e+02 1.134707706146906219e+02 9.680829412377968879e+01 1.134705603261509879e+02 1.149393835362992178e+02 1.065331768499654146e+02 9.829546629291027671e+01 9.384832134564709349e+01 8.766520515454799067e+01 7.944928522863514786e+01 7.944928522863514786e+01 7.589384889903223552e+01 7.249352226878770011e+01 6.431601276150340141e+01 4.502652976563224030e+01 3.108153500860398921e+01 5.093252643042289662e+01 5.685996068838723971e+01 6.046961772991342343e+01 6.868417086696106821e+01 7.281405532885709420e+01
6.034911926098617130e+01 7.076853301650524486e+01 5.881650017804388852e+01 7.426775957256774063e+01 6.224644744513977201e+01 7.615737227807929344e+01 9.619377445935141679e+01 8.169132308914905138e+01 9.841831031090258364e+01 9.560840743230626515e+01 7.563855420617997538e+01 8.240022950449983341e+01 7.769437049346100821e+01 8.767051199642801862e+01 1.018102573676392808e+02 1.218159254719491571e+02 1.252528704533142445e+02 1.249657832524272862e+02 1.166770204882989503e+02 1.094606868977750622e+02 1.012184133431732107e+02 8.688035106503021154e+01 7.852390172517910116e+01 9.128591824707700653e+01 8.307027376168926480e+01 8.427123082928905262e+01 7.605565156585902287e+01 7.645938740597085825e+01 7.524467790151219049e+01 5.542827620469107330e+01 5.278182878136625789e+01 3.288415073764199548e+01 3.359831541520127018e+01 3.708434489954036195e+01 4.069744007330529456e+01 6.046961879954916697e+01 7.078736956217743170e+01
7.076853301648058903e+01 5.129661428958084457e+01 5.328201401896230749e+01 5.470950296667705004e+01 7.426775957256774063e+01 9.032537945880832808e+01 8.949875094894822780e+01 7.021218700204883589e+01 8.949875094894822780e+01 8.806051238142993043e+01 6.814351673211818650e+01 6.833505765554278355e+01 7.826491558732844567e+01 9.238376044163048562e+01 1.123851447680692530e+02 1.126323508369151511e+02 1.209199303611754743e+02 1.179855061230575330e+02 1.065332695436473074e+02 9.829666734673665474e+01 8.144626259858033279e+01 8.507451809573083779e+01 6.708262502267439231e+01 7.545012699742022733e+01 6.324837716385513886e+01 6.805286139805646428e+01 5.618969305255337332e+01 5.659223923966646908e+01 6.028642930919568244e+01 5.545423565556567524e+01 3.550849238108328620e+01 5.278862513640270748e+01 5.339000317425777808e+01 3.662115190868864545e+01 5.642129665733896360e+01 4.614642979096410613e+01 5.090928885788135716e+01
6.514747425717808937e+01 4.572081330084835571e+01 4.810993335852857911e+01 6.755933290102173316e+01 8.253768488590291952e+01 7.912568462714480688e+01 8.122589948042886476e+01 6.139367438740439553e+01 8.122589948042886476e+01 7.611961369405469213e+01 6.158362000472370568e+01 8.142151383161643707e+01 9.653556912182837380e+01 1.065280601455968394e+02 1.093689327418546924e+02 9.262597541876257878e+01 1.093689451948378917e+02 1.097211307565010685e+02 8.993337979822086936e+01 7.856561604344274485e+01 7.156856850381409174e+01 6.527836942091968808e+01 6.028963205081355170e+01 5.557988144623161020e+01 5.173116594473428620e+01 4.813746064311115447e+01 4.465327074606623370e+01 4.246903671430114002e+01 4.033547590447155784e+01 3.825234214725723092e+01 4.962414839465451166e+01 6.368140973881335754e+01 5.859042976580023065e+01 3.879833956159443176e+01 5.859042976580023065e+01 5.311598199157169375e+01 7.078737021856699130e+01
6.118130057664779287e+01 4.201089532126414383e+01 6.140881161274091227e+01 7.578255193550344870e+01 7.331719047983938253e+01 5.932855639461890718e+01 6.703914613915254961e+01 5.520263333123426719e+01 7.109982905039983336e+01 5.635670177707348927e+01 7.611961369405469213e+01 7.965030750738674215e+01 8.362567209644294053e+01 8.778147898291551599e+01 9.213896952828713438e+01 8.108519037824163433e+01 9.522191565422498627e+01 1.152283499669754718e+02 1.065332700672588544e+02 9.829666734694177421e+01 9.132068718980420385e+01 8.507451899157616992e+01 8.012548158247403762e+01 7.545012699742022733e+01 6.873784941852039765e+01 4.882644762915336401e+01 6.458603509511128493e+01 6.187464819026839535e+01 5.367741731092014845e+01 4.403309971763199826e+01 6.405204370576323925e+01 7.771052228227080150e+01 6.079869852593510160e+01 4.101590740640926214e+01 6.079869852593510160e+01 6.203055208732863690e+01 7.299176182171768801e+01
5.318110027496459224e+01 3.928967587337629652e+01 5.864278819940994225e+01 7.067802872002428671e+01 6.244769602512263162e+01 4.545563339360226252e+01 4.735240713770550514e+01 4.930255193404359204e+01 5.139247222881063948e+01 5.407930338549102345e+01 5.689593901595429770e+01 5.983619295354067447e+01 6.374884945854523011e+01 6.785092964753459910e+01 7.217043957605034166e+01 9.213896952120617811e+01 1.010816629510214710e+02 1.210878064516645907e+02 1.178763737261392066e+02 1.079588949056069396e+02 9.971834850302485620e+01 9.314086034325768537e+01 8.744108487322914414e+01 8.215483060194536336e+01 7.173700636249637341e+01 5.184285041642918657e+01 6.593340662894888737e+01 7.891507121803741143e+01 7.002970096431310765e+01 5.040005058854036690e+01 7.049156288344470056e+01 7.454366962049039103e+01 5.463587605591465746e+01 4.326309006838805971e+01 6.304989964701113792e+01 8.185396294230169190e+01 7.823243563846020265e+01
3.552378277870671752e+01 3.691415342800380728e+01 5.635705882477538609e+01 5.988536813153024951e+01 4.284126949884850433e+01 6.247451865258994275e+01 5.867374541517882136e+01 6.899901774593966763e+01 6.528397636738779397e+01 6.388145443302276760e+01 6.825083813828709367e+01 7.965030750738254994e+01 6.678040895311947622e+01 8.668908875179340612e+01 9.213896954545451479e+01 8.283031757268804540e+01 9.437258428737544591e+01 1.143792452951182810e+02 1.096110381774865346e+02 8.982566048637671940e+01 7.998588478092781884e+01 7.339625934928123741e+01 6.766173288343914294e+01 6.233498755322288076e+01 5.786975417926772280e+01 5.655571039462016358e+01 7.641876153371119074e+01 9.396616766960244149e+01 7.870276244287109080e+01 5.945889029651794289e+01 7.870276244287109080e+01 8.277204869578682178e+01 6.538096220702784933e+01 4.556645971325547606e+01 6.538096220702784933e+01 7.722341554042547784e+01 8.539136140985971224e+01
5.494279687313818528e+01 5.635627236573402854e+01 3.886921877627267463e+01 4.031986737483941852e+01 5.988536813153024951e+01 7.069812189048072071e+01 7.846649604289815727e+01 8.673043690868034616e+01 8.514053947449154691e+01 7.530644818495541415e+01 8.230320226290240271e+01 9.202315127228796143e+01 7.206491683829858630e+01 9.202315124598970897e+01 1.097350594739708498e+02 9.696861018310229952e+01 1.111158408391216881e+02 1.226672907963314714e+02 1.178762998178212911e+02 1.079588940849447454e+02 9.971834850302485620e+01 9.314086034325768537e+01 7.852555462255399732e+01 8.215483060194536336e+01 7.772297891185291974e+01 6.209470636341177396e+01 7.278678463896899586e+01 9.257928151475060474e+01 8.760257854829852420e+01 7.363431436749463899e+01 8.760257854829852420e+01 8.107556150254708882e+01 6.813807075289689408e+01 4.825649219239666365e+01 5.227832251610818304e+01 5.739444187693978705e+01 6.889710908340073559e+01
6.555829211852453398e+01 4.590075619839727494e+01 5.838025776053794402e+01 5.983829128303346323e+01 4.416588435118692502e+01 6.381521848342007530e+01 7.616091039026187559e+01 9.020709870208824555e+01 1.035414676278325885e+02 9.525727185586816859e+01 1.022816051482792830e+02 1.003083403380469747e+02 9.202315127256252936e+01 8.145484731566777725e+01 9.299271635149177939e+01 1.129981941447282736e+02 1.252630599153242059e+02 1.300738378393393475e+02 1.099434663693037919e+02 1.099434697129375564e+02 1.182857428243929974e+02 1.065400000231099114e+02 9.830325684597646330e+01 1.017078496622678472e+02 8.191629526245360182e+01 6.839473691316760551e+01 8.816968228483560210e+01 1.008068375450536678e+02 1.015708473395912677e+02 9.103651200490470785e+01 8.282792779681263085e+01 7.284734072074961375e+01 5.286760016494609715e+01 5.349735051635382632e+01 7.214501119616360825e+01 7.722341554625036508e+01 6.733245221148230542e+01
