MOVIE_S10_data/elevation_000354.asc
nrows	100
cellsize	150.0
xllcorner	0
ncols	100
yllcorner	0
NODATA_value	-9999
[rows 51 to 67 of 100, columns 37 to 73 of 100]
6.258271246062481197e+01 4.558734448949021356e+01 4.800042794764960519e+01 5.065820938083835756e+01 5.341685665119121751e+01 5.628324979017294538e+01 7.620084198190576785e+01 7.695546060318929449e+01 9.672426253836447074e+01 1.032213174347034652e+02 1.114998547377236235e+02 1.104759014784869322e+02 1.187808938616639836e+02 1.119877593055678773e+02 9.231681263986006059e+01 8.101173182281367247e+01 7.411617894466995438e+01 6.797395787144479584e+01 6.455032903465441052e+01 8.405109563640444037e+01 7.021607007503922659e+01 8.976238251794497103e+01 1.018486906502768790e+02 1.004332021318699333e+02 9.227308434264445225e+01 1.004332021318699333e+02 1.017106558033345323e+02 1.047402377332198142e+02 1.129820964995932258e+02 1.080364500071717941e+02 1.022467776445435987e+02 9.562568640263390307e+01 7.915792395630658973e+01 9.562568640263390307e+01 9.534529548961036483e+01 8.717237382450555572e+01 9.534529548961036483e+01
5.722518116005657163e+01 5.232549101726969099e+01 5.439862468417508268e+01 7.066687642503923428e+01 7.338406999620467275e+01 7.620084304801440567e+01 6.074157646715688230e+01 8.058310321532594855e+01 8.925004167846030612e+01 8.346324356703934200e+01 1.032210467574782342e+02 1.134498929672741951e+02 1.217613677820860545e+02 1.202079826305122765e+02 1.088214601627915101e+02 1.006307329529066834e+02 9.369436858330907114e+01 7.917590398609823410e+01 5.969900974146931105e+01 7.406102099400929717e+01 6.287756823627120895e+01 7.410291283865920775e+01 9.367386579223007459e+01 9.066033179906342809e+01 7.279135059593275514e+01 9.066033179906342809e+01 9.588750253078355001e+01 8.503224486958268358e+01 1.015716173529227717e+02 8.835046409244814924e+01 8.259442255218118589e+01 8.745437831519161875e+01 6.787558716764606004e+01 8.745437831519161875e+01 8.552802227230523613e+01 6.757785363074039253e+01 8.552802227230523613e+01
7.714517979022434702e+01 5.945442578259269339e+01 7.434822808226694235e+01 6.443661624092713680e+01 8.425983960544392914e+01 8.879917470630795151e+01 8.058310321532594855e+01 6.560407334846608762e+01 6.951305112972329425e+01 8.924813076811891221e+01 1.009133377430366352e+02 9.362910372064801834e+01 1.075978841412964471e+02 1.275778921070214835e+02 1.136628510863929478e+02 9.397415818796247322e+01 8.013043406739903673e+01 6.888362054552301572e+01 5.917673827931078279e+01 5.456747562398425089e+01 7.050200281903822486e+01 7.862094967256061295e+01 8.991076762059907423e+01 8.253221746928865343e+01 6.308769484918925485e+01 7.660881093693515709e+01 7.630459107962724374e+01 7.377553292738267032e+01 9.336182274821172200e+01 8.835046409244814924e+01 6.875660031429690378e+01 7.703794156566775087e+01 6.095506398804287329e+01 8.053223032125937664e+01 7.737511372762297412e+01 5.777763327204633015e+01 7.737511372762297412e+01
7.569962489497197566e+01 7.097026652024381121e+01 8.755318963262675425e+01 7.846650105133858233e+01 7.846650105246749263e+01 9.824619611145864440e+01 9.283570914926072248e+01 7.310790652161529124e+01 8.925004205633655374e+01 7.610633816278631514e+01 8.119262645219677665e+01 9.510382710733799172e+01 1.149414254553754660e+02 1.228689520586192856e+02 1.114729576192227256e+02 1.032753488677845581e+02 8.662109516430126632e+01 6.709890474094197543e+01 7.865119429785478644e+01 7.050200281903822486e+01 5.096225131986944490e+01 6.225647442315439406e+01 8.176560407537883179e+01 7.565754056848487608e+01 5.619382844063257210e+01 5.714758057483981446e+01 6.255807939347375424e+01 7.630908544302252494e+01 9.592233435325525193e+01 8.835046409244814924e+01 6.875660031429690378e+01 5.744051024828360141e+01 5.473520216756770651e+01 7.434138674676621861e+01 7.084262024243072631e+01 5.120102206531782940e+01 7.084262024243072631e+01
9.549204600166764578e+01 9.075339990007255153e+01 9.899378240871378409e+01 9.824619400189472174e+01 9.824619611145864440e+01 1.065063918462438295e+02 1.010751109423871270e+02 8.448553969021224930e+01 1.010750928346823372e+02 9.002421537241798433e+01 9.510380625251610809e+01 9.510382711033791736e+01 1.149414300557864550e+02 1.146417297408749363e+02 9.495458057050338141e+01 8.364515935652177347e+01 7.626599392935516164e+01 8.662109516430126632e+01 8.192137231676831277e+01 6.239599022656093297e+01 4.853399014467095185e+01 6.482844920514325793e+01 6.314438871766630257e+01 6.428101401915709801e+01 4.996907109608029884e+01 6.950257436389929921e+01 8.205367219132676837e+01 9.022388500686687962e+01 9.994481108731456231e+01 9.652460223956354923e+01 7.999561248948026559e+01 6.039911392460439998e+01 4.902332203667057087e+01 6.333127180646766163e+01 5.994892722748414826e+01 4.547000520358081133e+01 5.942603220636666350e+01
1.025424863796736616e+02 1.015269735252138616e+02 9.332855114874118385e+01 9.132437693353415398e+01 9.711260420023694451e+01 9.937488996572065503e+01 1.075912848338841883e+02 1.042422530466933637e+02 1.125202221166971981e+02 1.098248762575504429e+02 1.149392327127417985e+02 1.149414301427192271e+02 1.232568825827627279e+02 1.144798843938268362e+02 1.062757695994444020e+02 1.032753488677845581e+02 9.585583463408886473e+01 9.395860550513897635e+01 8.580422944910374383e+01 7.605212978137268465e+01 6.462756138120114713e+01 4.518909785815914404e+01 4.347651161396971276e+01 4.465773703911103354e+01 6.427410575269919946e+01 7.749694308479871552e+01 7.970126796330892205e+01 8.784456261223216700e+01 8.033514689299569511e+01 9.422895355778311455e+01 8.815223422153042065e+01 7.466209928749249514e+01 5.503651420026656638e+01 4.360898327462393809e+01 4.018466326708864500e+01 4.032098007466429834e+01 6.005649747981269115e+01
9.266942646460272215e+01 9.012685726637519679e+01 7.360250501605361251e+01 7.158644286271851342e+01 7.736754990544746136e+01 7.965524086923734615e+01 9.937488996572065503e+01 1.094485519484873350e+02 1.080521056002055644e+02 1.080521056002055786e+02 1.278896611599907089e+02 1.204049078446161190e+02 1.105467305895252252e+02 1.023532555597699343e+02 8.663342807731733330e+01 1.031116162071285061e+02 9.642293040216392797e+01 8.580422944910374383e+01 6.627874872281634566e+01 6.837276996080761648e+01 4.879650341939572655e+01 6.482844882276158671e+01 6.077733716348470239e+01 4.107117442113916184e+01 6.057950234673224088e+01 6.372056409958054246e+01 6.013530859361990366e+01 7.479619394967261314e+01 6.653683758793064840e+01 8.033514689299569511e+01 9.994481108731456231e+01 8.281056300566768869e+01 7.147201524004626094e+01 6.333127180646766163e+01 5.529044555163658714e+01 3.547194193591597866e+01 5.489950554175344166e+01
8.447675984971697005e+01 8.128546155423072150e+01 6.216697229527535029e+01 5.756732597488313274e+01 6.567967276593618919e+01 8.543099236697807441e+01 8.971060916879984859e+01 8.971060916879984859e+01 8.834066868365133018e+01 1.022532600241605394e+02 1.220517572360004408e+02 1.121847392237704497e+02 9.252177189576940464e+01 8.272707993913417113e+01 7.534448252829770354e+01 8.693735766171315049e+01 7.683406791853082041e+01 7.917948651433199814e+01 7.199762962161874214e+01 5.247716294541750415e+01 6.837276996080761648e+01 7.058681476215843986e+01 5.099367364753942411e+01 3.954649840347178724e+01 5.699296107874020123e+01 4.406468310728060800e+01 4.957196408694225198e+01 5.526298542914116041e+01 6.653683758793064840e+01 8.033514689299569511e+01 9.994481108731456231e+01 8.235620483938340897e+01 7.207229517316075373e+01 6.348524211586568100e+01 5.264145014272305900e+01 3.278593448989232684e+01 4.943552113537939618e+01
7.040633366453326403e+01 6.927913278673257480e+01 5.325740985353807133e+01 7.309732653167286287e+01 6.254101560533809590e+01 6.616782644106540090e+01 6.998837683391354858e+01 7.698275787037347584e+01 9.667170219031866907e+01 1.096583562976507125e+02 1.178989611494137506e+02 1.204049078446153231e+02 1.088345102178746799e+02 8.917799983846425960e+01 7.534448252829770354e+01 6.741270634794354066e+01 6.308580480862621442e+01 5.970584785928014071e+01 5.645043437133293196e+01 6.627874872281630303e+01 8.011867658662836789e+01 7.871426299128113158e+01 6.697178838820491364e+01 4.735781843832292282e+01 3.741214106420621022e+01 5.520067918039106303e+01 6.330679468358111706e+01 7.459505200177534334e+01 8.292369455376369558e+01 7.962030721855809645e+01 8.776511593685755486e+01 7.376726436319381719e+01 5.326891579101298646e+01 4.326639098997168986e+01 3.571287027817853499e+01 3.011535684590747763e+01 2.951962525063326837e+01
5.053027270898100909e+01 4.938928510199237110e+01 6.927913278673257480e+01 6.947219993737829213e+01 8.230972800548389046e+01 8.014155163038660135e+01 8.971060916879984859e+01 7.746334192993772660e+01 8.340197680338539499e+01 8.994693059592663076e+01 1.012939265306798546e+02 1.210843798475036408e+02 1.109955220927475352e+02 9.132579654365873978e+01 9.179330217130203096e+01 7.223093299509778831e+01 8.257151290425623813e+01 7.917948651433199814e+01 6.207207800168036727e+01 8.155937943609423257e+01 9.395860433042273030e+01 8.648607049430721361e+01 6.697178838820491364e+01 6.527260116527732237e+01 5.520067918039106303e+01 3.540734793252590862e+01 4.689865955395932673e+01 6.652573859507698728e+01 6.577870485435180115e+01 6.004532543012206958e+01 7.962030721855809645e+01 8.235620483938340897e+01 7.018350985695066413e+01 4.986095605493228788e+01 5.580852648824453155e+01 4.674545071358515003e+01 2.668677036003392899e+01
4.564501441811473370e+01 6.558568079462489209e+01 7.747382217182232012e+01 8.922729012927710812e+01 9.742951107802940669e+01 9.985355513555555262e+01 1.053604649766085117e+02 9.715235760097326079e+01 1.030878810637427279e+02 1.096583562976507125e+02 1.096583562976507267e+02 1.293547404685853053e+02 1.192113452718262465e+02 1.042107384751950860e+02 8.457704776501262245e+01 8.604033776539694145e+01 9.133751212925854190e+01 7.178124674356958224e+01 8.155937943641409049e+01 8.970365662694923969e+01 9.299467145144031122e+01 8.485844078395577128e+01 7.796383476306269245e+01 6.771970610390262379e+01 4.807422722328293929e+01 3.400294728267643052e+01 5.190265068417381400e+01 5.595369628337643064e+01 4.612868771240102461e+01 6.004532543012206958e+01 7.962030721855811066e+01 8.994173234533191419e+01 7.873872209002560396e+01 7.018350985695066413e+01 6.081697534132641181e+01 4.093440470051731239e+01 4.405132276148943049e+01
4.430916966227564302e+01 6.425675230875089028e+01 7.654310554436563052e+01 8.426710327222843944e+01 9.030221061415480222e+01 9.883635435205732733e+01 1.102653012985206118e+02 1.076324473606036918e+02 1.158527476839564514e+02 1.156596662524709274e+02 1.239035329795665632e+02 1.377935411446974854e+02 1.239612758516488782e+02 1.042107384751951002e+02 1.042107384751950860e+02 1.056821868638878357e+02 8.773146787413114112e+01 8.558564549519665832e+01 9.950574807527571863e+01 9.613603357722944054e+01 7.660266987220683177e+01 6.535755010002331744e+01 5.845319284150151162e+01 6.923841043880905488e+01 6.196203386168061655e+01 5.190263881560534287e+01 3.201753846239020618e+01 3.615735277754926358e+01 5.595337886684630035e+01 6.218887965607363810e+01 7.033980397214988045e+01 7.003058842518028371e+01 7.368435141216825457e+01 7.948450830114208543e+01 6.903376764933049969e+01 6.080086999841687145e+01 4.255790576944325210e+01
6.023028598237880971e+01 4.846426717480854052e+01 6.835637588321658598e+01 6.261008309219437251e+01 7.118852530282806867e+01 8.227021298234578239e+01 1.019904349135349264e+02 8.796384055386192813e+01 1.017271836394918125e+02 9.595616038366853218e+01 1.156596662524709274e+02 1.301857033000544277e+02 1.212768384279879967e+02 1.130514841293367994e+02 1.212768384279362834e+02 1.155897139412736720e+02 1.073825690544702383e+02 1.052237465661717266e+02 1.019662132985599783e+02 1.043034797136906917e+02 9.299467145144031122e+01 8.485844078395577128e+01 6.923841043880905488e+01 4.966617490815573888e+01 6.252518896324831843e+01 5.348657267693606343e+01 3.364845186590452641e+01 3.001830053170478152e+01 4.822391435988706831e+01 4.245076119187852015e+01 6.218863825336224949e+01 5.560480549972733399e+01 5.337312911461752662e+01 5.932214839138276830e+01 7.166295348677871857e+01 6.243514205287380747e+01 4.255790573908394947e+01
6.766954461692240841e+01 6.835637588321658598e+01 5.279870990274044118e+01 6.954538659914278753e+01 8.091187247147060191e+01 8.531923451888647492e+01 8.952644195729553189e+01 7.659634726479517042e+01 8.207544473463576651e+01 9.085592919310619209e+01 1.021766674822041807e+02 1.219224407460042272e+02 1.114012065591050060e+02 9.334433337608609804e+01 1.114012065591050060e+02 9.876974443818984639e+01 9.057204817986729495e+01 9.619932578098475062e+01 8.222998549576803384e+01 9.619932578098475062e+01 9.686075179830487514e+01 7.731249293150651170e+01 6.352241448490183018e+01 6.252518903564310904e+01 4.285872923417809233e+01 3.893692952962084064e+01 5.348657272000747298e+01 4.823031093369428390e+01 2.818643779094350421e+01 4.245050769248086908e+01 6.217346133850683998e+01 5.932184316665083657e+01 3.914513182481620390e+01 5.932212859033271712e+01 5.156670668481126540e+01 6.567085621976539755e+01 5.299611083790065891e+01
7.786558233500926463e+01 8.080518404030320312e+01 7.262865899718933349e+01 5.787645023245590181e+01 6.157612432490327592e+01 6.555390598717190187e+01 6.979288988333537702e+01 8.952644195729553189e+01 1.017271836394918125e+02 1.099298466816175335e+02 1.187510623098759481e+02 1.150004861609873217e+02 1.031979087527114416e+02 8.348093056343431329e+01 1.031979087527114416e+02 9.057204817986729495e+01 7.083667794958297748e+01 7.661703406080614798e+01 6.827608792896307932e+01 8.801057196987720488e+01 8.950327015311957268e+01 9.117223108283903343e+01 7.634423921532797408e+01 5.680115103210323468e+01 5.680115103210323468e+01 5.293421897849881219e+01 6.097823315771334052e+01 4.121841999795574196e+01 2.693666193428205347e+01 4.684246309931812391e+01 6.012720202733201091e+01 5.293991300056445937e+01 3.329572768974220054e+01 4.492154512764687979e+01 3.763442991257823422e+01 5.717141775425863415e+01 4.638353071128708649e+01
7.901934919865983886e+01 7.618455456101003165e+01 8.444121511846006456e+01 7.767292919430235543e+01 7.559129775613901359e+01 8.531923451888647492e+01 8.952644195729553189e+01 9.770748669996889646e+01 1.126215334894796882e+02 1.207778317151433498e+02 1.170887586916395549e+02 1.067871014753281429e+02 8.705183384113813361e+01 7.688417040665504487e+01 9.662558268961906549e+01 9.057204817986729495e+01 7.083667794958297748e+01 5.687550318019759743e+01 6.915509867941453592e+01 7.702055036790815734e+01 6.976676746712220734e+01 8.372946724753568049e+01 8.446616553211842415e+01 7.634423921532797408e+01 7.634423921532797408e+01 7.251152427026440250e+01 6.140987217226141581e+01 4.023492129004336704e+01 2.573207497239508257e+01 4.079785563661076253e+01 3.960934752119435132e+01 4.864735398727642490e+01 4.450247650002562239e+01 2.610143390974974054e+01 3.855653276573679733e+01 3.981037684166249591e+01 3.830391969556096399e+01
6.521501319853098266e+01 5.582346248961654567e+01 6.750036373459326455e+01 8.804737984120707495e+01 9.530794083787125714e+01 1.020685156484305622e+02 1.069806732853140829e+02 9.887677869791639296e+01 9.318351485175787730e+01 1.126215334894791766e+02 1.088701300665539122e+02 8.912794351533781878e+01 9.067332292831865459e+01 7.092276840171005858e+01 9.067332292831865459e+01 9.298016420841437935e+01 7.324503807412648371e+01 5.928544442108632495e+01 4.938605064361910024e+01 5.726922073623218523e+01 5.579408679250953185e+01 7.554744168848338859e+01 6.780753718756979254e+01 6.580739658248884894e+01 7.057247716833752804e+01 6.893870746985568587e+01 6.064001611895341171e+01 5.318427498121972263e+01 4.413027934844637912e+01 2.407448843436932151e+01 2.344847820249898263e+01 2.281442061357801521e+01 3.965982669889058343e+01 2.594569961932314683e+01 2.035987655301365606e+01 1.972553430663267449e+01 1.909035199706500663e+01
