MOVIE_S10_data/elevation_000056.asc
nrows	100
cellsize	150.0
xllcorner	0
ncols	100
yllcorner	0
NODATA_value	-9999
[rows 34 to 50 of 100, columns 37 to 73 of 100]
1.019320900379169643e+02 1.010426686618624359e+02 1.093351251163153250e+02 9.816957553628556354e+01 1.149244463652479595e+02 1.261117496713877557e+02 1.219662957306936022e+02 1.136963762553560855e+02 1.120708904443874872e+02 1.018426991742029344e+02 9.344417582853945703e+01 8.028867953106693278e+01 5.953781274368134291e+01 5.620354694475448554e+01 7.691643712093103602e+01 7.308183212295847397e+01 7.998840250072646541e+01 7.800393003144816362e+01 5.728105176513342656e+01 4.808292936441251442e+01 6.873637635511143174e+01 6.411093238029808106e+01 7.880964049526075144e+01 9.940757768947101169e+01 9.606715377326648309e+01 7.745587472025766829e+01 9.606715377326648309e+01 9.986473106349012596e+01 9.149043722354461750e+01 9.379498970799485846e+01 9.891178807130168593e+01 8.582141652181394420e+01 6.561287966479129352e+01 5.137624312010149907e+01 4.134206131809464324e+01 6.142558249918096891e+01 5.267401814616071931e+01
8.535794355469910499e+01 8.090879545156258246e+01 9.393775681706925695e+01 8.655721122189110872e+01 1.060907839933768884e+02 1.060907839933768884e+02 1.243869061973411050e+02 1.180609471505136412e+02 9.781818793563400050e+01 8.314119681733272671e+01 7.264440473043256929e+01 6.708123728980250178e+01 8.028867953106693278e+01 5.962180051857551177e+01 8.037528845157707735e+01 9.375382022685464278e+01 9.487691951958643699e+01 7.421181217848638312e+01 6.519257724325774461e+01 5.058922563703571029e+01 5.785978738823985879e+01 7.859184032259351227e+01 8.484263662099031933e+01 1.053369773078112956e+02 1.062460002808035426e+02 9.791269288801386494e+01 1.062460002808035426e+02 1.116267978401844516e+02 1.031033849864568168e+02 9.294457680866888438e+01 7.857109286813803806e+01 7.533084303798858627e+01 6.638832075377771957e+01 5.497077885807425446e+01 3.509263265437083135e+01 4.820751799929252002e+01 4.653303798659475632e+01
6.497294750446732792e+01 6.911623159723120580e+01 7.372645144317597499e+01 7.962472903434418470e+01 8.602800416510298476e+01 9.607502895022012979e+01 1.161065390365330359e+02 1.170139308445961888e+02 9.675402370871134394e+01 8.475276193206019570e+01 9.344417582853945703e+01 8.615111805064361761e+01 6.532580584445081229e+01 6.805546064055903344e+01 8.037528824425099572e+01 1.009977306910460157e+02 1.032790107853205654e+02 9.436707880793545655e+01 7.402651238735066386e+01 5.333844213919525146e+01 7.402651238735057859e+01 6.982174419917900821e+01 8.455510945616104834e+01 1.050981079898433848e+02 1.034454765153610225e+02 9.503045100676311563e+01 9.503045100676311563e+01 9.130050717211560141e+01 9.169436071398558852e+01 7.436247096348306229e+01 6.419619736787022646e+01 6.699799590882797418e+01 4.718264069897703905e+01 4.232560676777659125e+01 3.002835963746877823e+01 2.834794635621176084e+01 2.667620304405243559e+01
7.981122719411675348e+01 8.941837154406600519e+01 9.393775681706925695e+01 9.974637594819418496e+01 1.060907839933768884e+02 1.143771460032663896e+02 1.243869061973411050e+02 1.252777911007081570e+02 1.136330118210409665e+02 1.053168680059357172e+02 1.076129097024050196e+02 9.040871078826125995e+01 6.955138241499749086e+01 8.887471175643085530e+01 8.283913766335660966e+01 1.034458765886383844e+02 1.034184350740123222e+02 8.283239805527114186e+01 6.809330078517409390e+01 5.616189235382499589e+01 7.687114732980953136e+01 8.455510945616104834e+01 9.899743493920335879e+01 1.094492446181236289e+02 9.503045100676311563e+01 7.465584179752796956e+01 7.465584179752796956e+01 7.688580412023145527e+01 8.327933422186667656e+01 6.298535955153219135e+01 5.411427451826864399e+01 6.357912855281669096e+01 5.250199240831081227e+01 3.256774945697034696e+01 4.990607145454742977e+01 4.820563179751273708e+01 4.651125846207861514e+01
8.816161874980753055e+01 9.696001252628468592e+01 9.696001252628468592e+01 1.052656548524305578e+02 1.140076387494467269e+02 1.057161353372580521e+02 1.140076387494467269e+02 1.281786077683130145e+02 1.236998606784300421e+02 1.035964647279964055e+02 8.902414589194336259e+01 7.850944755503061856e+01 7.587278253319894361e+01 9.668332561392432467e+01 1.034458765886383844e+02 1.117876453932026806e+02 1.039100489482289191e+02 8.573626156024532463e+01 6.494572581070792694e+01 5.953241030360685215e+01 7.421058086624778127e+01 9.494116870732516134e+01 1.134397602872553676e+02 1.011666199238911332e+02 8.104363484925775651e+01 8.061107390695178765e+01 6.028868083193389538e+01 7.195006376444216301e+01 8.037201737381694500e+01 6.670937523707719663e+01 4.655649497275880577e+01 5.519712554779000868e+01 3.520944115171242572e+01 5.250199240831081227e+01 5.250199240827878810e+01 6.679161774483630154e+01 4.718518956139994458e+01
9.100268582767118630e+01 7.673971680291175801e+01 7.673971680291175801e+01 9.696001252628468592e+01 1.039656577484908553e+02 8.560462730015724730e+01 1.039656577484908553e+02 1.081449761318616538e+02 1.188026020025518932e+02 1.177794422149088689e+02 1.076129097024077055e+02 8.902414589194336259e+01 9.070042382159678596e+01 8.713222007017407122e+01 1.076511607533505384e+02 1.099793711430914129e+02 8.952832717448534083e+01 7.476746367421567641e+01 8.385023840754081448e+01 6.304651610412658869e+01 7.778524855297165175e+01 9.849241917009665315e+01 1.081521281314632148e+02 9.798006672954117846e+01 8.473627141239326477e+01 6.445509159480150174e+01 5.543638183280545206e+01 5.172669116211055496e+01 6.758857905839992952e+01 6.107419030850530106e+01 4.099514537487073085e+01 3.844398072377604336e+01 3.863478899957154766e+01 5.850824081261603027e+01 7.268246155460170144e+01 7.091439884732152166e+01 4.979141581875631317e+01
8.145387759223723378e+01 6.223654486573142464e+01 8.266210430269016740e+01 9.388081987627488445e+01 8.555090504983718347e+01 7.544142878096664617e+01 9.566038131870760708e+01 9.395410601191252908e+01 9.875262159462333500e+01 1.188026020025518932e+02 1.177794422149062967e+02 1.035964647279964055e+02 1.111273282633078736e+02 9.754266094769971573e+01 1.159546408113163665e+02 1.099793711430914129e+02 8.952832717448534083e+01 9.551829927053273650e+01 8.765791511899978161e+01 6.680241085346878549e+01 8.160804749609860664e+01 1.022635875847696667e+02 9.975113650805620580e+01 7.938119374768315595e+01 6.916470332135416754e+01 6.149609424180349748e+01 7.571538092636777151e+01 6.758857906186997866e+01 4.742519364074436083e+01 4.471574034136838804e+01 6.107419032250088975e+01 5.848199677935420482e+01 4.218388284800503385e+01 6.208205868822921758e+01 8.216672963052049283e+01 7.971623196532853228e+01 6.466294598789727388e+01
6.102560683907105243e+01 5.534109724400801866e+01 7.193519537323626878e+01 7.723029682169071464e+01 6.516966054127736641e+01 8.555090504983718347e+01 9.294637766488223463e+01 8.231011161396253328e+01 9.655817919853379294e+01 1.166121851501620483e+02 1.268018529054334635e+02 1.236998606784300421e+02 1.260244869727663115e+02 1.177596605590014605e+02 1.260244869727663115e+02 1.182917707219726253e+02 1.099793711430914129e+02 1.085731081039374857e+02 9.175291421074389575e+01 7.087243393379620215e+01 8.572833239066110878e+01 1.062975413484144411e+02 1.081521281314632148e+02 9.798006672954117846e+01 8.731186136964835498e+01 6.690573973477812331e+01 8.731186136964835498e+01 7.475189955450125012e+01 5.449096130312145903e+01 6.484468761684324534e+01 7.325362634114429738e+01 6.624017258803878860e+01 4.629855892227602254e+01 5.356598106494377021e+01 6.509245334179560416e+01 8.549417705382906263e+01 7.188719089436834508e+01
4.644636966078402907e+01 4.881162280964818478e+01 5.138937358692211888e+01 5.672245709538471914e+01 7.723029682169101306e+01 8.468153548634930416e+01 7.270173152284404239e+01 9.294637766488223463e+01 1.033537138027324005e+02 1.104445872891184024e+02 1.067683757318616387e+02 1.268018529054334635e+02 1.277524138078807709e+02 1.277524138078807709e+02 1.361180464113303117e+02 1.209985121938403410e+02 1.008645089665841681e+02 8.890860103915987622e+01 7.947753558354831682e+01 7.947753558354831682e+01 8.572833239066110878e+01 1.062975413484144411e+02 1.108102076982718955e+02 9.049283090001574692e+01 7.869701179780223299e+01 7.711585165922393514e+01 9.573487048770688546e+01 8.317436604492186802e+01 6.457504111455490658e+01 8.317436604492186802e+01 8.505413517927648570e+01 6.463287290353690651e+01 5.057016727648796461e+01 7.061412213364791057e+01 8.216672961895190497e+01 9.394607908194652168e+01 8.037681642577551600e+01
6.700592006954281032e+01 6.936696647300455254e+01 7.193519537324579005e+01 5.569352370706330646e+01 5.892420315572087475e+01 6.428039094238972950e+01 8.468153548634930416e+01 9.436502696516686228e+01 8.325439900547810623e+01 9.038856838208076283e+01 1.104445872891184024e+02 1.216669903753717676e+02 1.072159343394132947e+02 1.072159343394132947e+02 1.277524138078807709e+02 1.292597760770199500e+02 1.176674568219197425e+02 1.002216727434036585e+02 9.160350250824349416e+01 8.890860103915987622e+01 1.062975413484144411e+02 1.146195471869083349e+02 1.192150518446366760e+02 1.074892542456698266e+02 9.907996473457167497e+01 9.155781611099924078e+01 1.059179500190101635e+02 9.334667462569117902e+01 8.492875799444851737e+01 9.334667462569117902e+01 7.638678262015609732e+01 6.199124197592695396e+01 6.463287290353690651e+01 5.984559354873650250e+01 7.153828264433268203e+01 9.207367042341010688e+01 9.224122571174633833e+01
6.474307853906262267e+01 8.512447795652259686e+01 8.458093989286369663e+01 6.761473178196644085e+01 7.941398259681413663e+01 6.491101598323798783e+01 6.943069288106764247e+01 7.415782279056806203e+01 9.436502696516686228e+01 1.104445872891184024e+02 1.187314081214801860e+02 1.132309299140290051e+02 9.253676356282423399e+01 1.132309299140290051e+02 1.153094805200278188e+02 1.357336350565806242e+02 1.287352566186680463e+02 1.202804041932354551e+02 1.119943122187713840e+02 1.008645089665841681e+02 1.176674568175140081e+02 1.183109230117414228e+02 1.100958873970003964e+02 1.129992133660052360e+02 1.071974048044507128e+02 1.118725744832753293e+02 1.008142077119891979e+02 9.262747075138315722e+01 1.008142077119891979e+02 1.053262171639463247e+02 9.085649988998466142e+01 7.638678262015609732e+01 8.505413517927648570e+01 6.994650304781717409e+01 8.868567308907360314e+01 1.005156652327813305e+02 1.050676400206888275e+02
8.173817045863717112e+01 9.346416216039325775e+01 9.628885941626958811e+01 8.796122498517121358e+01 9.362776210802313415e+01 8.529968420399812601e+01 8.972917638997905954e+01 9.436502696516686228e+01 8.698313579079916735e+01 1.011973877752877371e+02 1.212391508225977788e+02 1.066868599192066966e+02 8.598576483609508614e+01 9.466406684473875544e+01 1.153094805200278188e+02 1.347946827029517749e+02 1.264227099146625761e+02 1.347946827029517749e+02 1.292597760695744569e+02 1.209985121938344150e+02 1.157317974896276951e+02 1.068827413794984835e+02 9.031770932489939696e+01 9.324540578242923061e+01 8.746629856529175129e+01 1.014373713975848403e+02 9.098888399115975290e+01 7.302399559058295608e+01 9.098888399115975290e+01 1.008768987361463019e+02 1.034479497349490913e+02 9.689395895865462194e+01 9.893446564720390768e+01 9.048861420178423032e+01 9.893446564650542996e+01 1.050676400206888275e+02 8.534826164337606258e+01
8.176560205027919892e+01 9.016070801853375372e+01 9.335271578495847677e+01 8.497809176884689464e+01 8.121540978870284277e+01 8.736875092536050147e+01 9.453206863952937056e+01 1.028860183457009754e+02 1.070674842649109024e+02 1.153565638523043901e+02 1.164805063710325754e+02 1.007109685098294136e+02 8.003463950022394613e+01 9.466406684473875544e+01 1.153094805200278188e+02 1.245471032375348699e+02 1.058101509799745230e+02 1.245471032375348699e+02 1.255627532126864310e+02 1.215261625610380207e+02 1.017158445466173333e+02 8.774862503898960142e+01 7.899730795833426100e+01 9.028552299056089225e+01 7.364270828858758478e+01 8.192778310751694448e+01 7.853045955455135640e+01 6.328702258442853434e+01 8.122343524719289576e+01 8.122418461784180010e+01 8.379040082456208438e+01 9.768136305422625298e+01 9.822321980781731554e+01 1.064359084066318530e+02 1.062012316978500195e+02 9.482908932632059873e+01 8.664557999421477064e+01
6.108868649486084479e+01 7.616757298137531507e+01 8.133361230583626877e+01 6.447822453594704939e+01 6.063341667672840174e+01 6.696042716800806716e+01 7.427114651359937625e+01 8.599627983519548025e+01 1.061921729875882221e+02 1.227714408245614237e+02 1.080230923868400197e+02 8.735021452912953066e+01 7.544833915304326410e+01 9.003783571747723613e+01 1.106930256798728180e+02 1.161164304473185780e+02 9.528260798804606679e+01 1.161164304473185780e+02 1.049199241140262586e+02 1.194321251556903150e+02 1.157317974896276951e+02 1.068827413794984835e+02 9.028552299056089225e+01 7.072651057284092246e+01 6.639342323136814628e+01 6.241164512694707156e+01 5.899090090755038318e+01 5.587005671281708885e+01 6.166536341247466879e+01 7.569873457875519307e+01 6.995996924976057585e+01 8.433404867481509370e+01 7.858185430421087858e+01 9.822321980781731554e+01 9.798399298833324167e+01 7.834528560532095298e+01 6.712847144724796067e+01
5.929617832129984834e+01 3.953093032146198027e+01 6.625192534360903096e+01 5.241577479272901741e+01 7.314248790358064412e+01 8.736875092536050147e+01 9.453206863952937056e+01 1.028860183457016859e+02 1.145382142957592890e+02 1.143431157361596888e+02 9.372490312842089111e+01 9.203990856627045503e+01 7.144402272550938449e+01 8.599143741391777951e+01 1.066422096539027962e+02 1.091718229608944313e+02 8.818547616155134961e+01 1.002232146182799681e+02 9.001885477256919899e+01 1.090329636833011762e+02 1.167494624936949350e+02 9.695535777569891422e+01 8.304023632627333029e+01 9.028552299056089225e+01 7.760747393831270813e+01 8.192778310751694448e+01 6.772250807081140067e+01 7.144611433390963384e+01 5.183795668531325163e+01 5.612003921074271062e+01 7.388560154532841295e+01 6.478812167366343999e+01 8.433467706845374323e+01 8.986087508560260062e+01 9.814993154073786741e+01 8.893010100772303872e+01 7.537737212082032556e+01
3.905093389103016221e+01 4.176009706724271808e+01 4.576721616460237385e+01 6.641347003715968356e+01 7.586022748865330811e+01 8.083541062339486416e+01 8.917728314313724525e+01 9.820083225967159990e+01 1.097930880541166374e+02 1.129120697544748708e+02 9.750841563709995796e+01 7.687222690620738774e+01 6.773356923101790983e+01 8.827963147734178051e+01 1.052941560482704517e+02 1.149760785086647132e+02 9.411237831103829876e+01 7.913160458098140282e+01 7.940366961086130004e+01 1.004924617733590111e+02 1.131736689762895196e+02 1.109619261555228320e+02 1.027529168200833141e+02 1.054571218261232275e+02 9.725618139743532709e+01 8.366039356555151585e+01 8.727427597927672309e+01 7.958678540650562638e+01 6.770696610771751978e+01 4.808433416728022536e+01 5.431300572479506172e+01 7.388608872908898206e+01 7.617985215838633906e+01 7.051298691479605907e+01 8.986087508560260062e+01 8.076735767715193504e+01 6.127470179101999292e+01
5.929617832129984834e+01 6.201939530366145448e+01 4.671052805451832768e+01 5.074027200083100553e+01 5.518221092106445980e+01 6.032337338185675435e+01 6.966586447302280760e+01 8.139797638990468442e+01 1.014471714345792179e+02 1.044435271990431602e+02 8.378816701675489753e+01 7.351278953165281393e+01 6.440965508669277995e+01 7.618947591972079181e+01 9.680324447579590696e+01 1.002492256421922860e+02 9.167501815558796352e+01 9.252164755725944190e+01 7.161138697227787020e+01 8.363412770821757647e+01 1.046622254476891811e+02 1.055623288651724323e+02 9.708346172076458913e+01 1.055623288651724323e+02 1.115599194949192992e+02 1.033542087107706777e+02 9.461393147195201436e+01 8.481797755927659921e+01 6.539146291604937744e+01 4.579924132012099136e+01 6.045653991061969634e+01 6.724223214053733955e+01 5.722171878075835849e+01 7.051298691479605907e+01 8.986087508560260062e+01 8.893010100772485771e+01 7.915244084643074984e+01
