MOVIE_S10_data/elevation_000709.asc
nrows	100
cellsize	150.0
xllcorner	0
ncols	100
yllcorner	0
NODATA_value	-9999
[rows 17 to 33 of 100, columns 37 to 73 of 100]
3.891729344861330020e+01 4.696656153935894906e+01 6.117186279366340784e+01 8.127659525066229662e+01 7.541024866713564734e+01 6.116594962634192001e+01 5.030217535493552816e+01 7.055433260339503931e+01 6.584465551239846093e+01 7.995706972702033966e+01 8.436972713652215816e+01 7.093441719971855264e+01 7.638056998891687499e+01 8.803489775749660851e+01 1.079508378490928209e+02 1.117798195272340536e+02 9.467841776690522693e+01 7.441379605747712844e+01 8.561580343078530575e+01 6.787596260479328691e+01 7.376551145462610748e+01 9.200258256691357417e+01 8.800083965651560902e+01 7.037741175195854737e+01 5.734250098869095069e+01 6.149873203645091024e+01 8.097672223420653381e+01 9.140894903792235482e+01 1.113568725335094314e+02 9.452949852234408468e+01 7.421746866751628602e+01 8.016672447233172250e+01 7.373171373273858364e+01 6.810836643230999243e+01 5.691408633457376709e+01 3.719652022454116036e+01 3.320629373669585505e+01
3.932358996159214115e+01 5.923434106930400844e+01 6.705650715506895665e+01 8.706755511462532127e+01 8.965454770792935335e+01 7.055433260339739832e+01 7.055433260339685830e+01 5.400325102682408840e+01 5.676468960057759006e+01 5.972199098114782601e+01 6.414854773913873487e+01 8.436972713652215816e+01 9.645138176469099278e+01 1.046996528821453012e+02 1.162020441238115325e+02 1.090225638205351402e+02 8.873687793083122699e+01 8.452883147914225503e+01 9.520473758733692193e+01 7.494414732814817626e+01 9.371074172871489338e+01 9.371074172871489338e+01 9.734219694302839798e+01 8.577535123159860575e+01 6.279818072396295037e+01 7.255854928958719086e+01 7.189203979761016683e+01 8.558280820274602263e+01 1.054744972585006479e+02 1.028869995670648052e+02 9.452949852234408468e+01 9.147853407262333292e+01 7.119177975881345333e+01 6.948343176909101260e+01 5.686629946028442362e+01 3.715391247131272223e+01 3.671188335196821839e+01
5.313782205511598278e+01 5.553279176246278581e+01 6.959700341021245151e+01 8.912445478459385129e+01 9.119522631845818239e+01 9.068526707524394226e+01 8.256215543750676034e+01 6.415350043543932657e+01 7.700548096057897851e+01 7.995706972702033966e+01 6.570914874001587691e+01 7.064700531407522988e+01 9.080425095751986930e+01 1.066179524475797251e+02 1.165681645614260020e+02 1.173596839316192870e+02 1.090225638205351402e+02 9.626067576121022284e+01 1.035683975507079850e+02 8.506263196727952902e+01 1.035683975507079850e+02 1.136297469865909449e+02 1.046751144793713166e+02 8.209882899352247421e+01 7.076372407977447665e+01 8.128010469622982725e+01 9.140894903792234061e+01 9.968299811587345971e+01 1.091967227892946539e+02 8.901595660435218349e+01 8.901595660435218349e+01 8.849653174153208113e+01 7.119177975881345333e+01 5.101603223574532819e+01 4.122776951222743236e+01 5.686629946028442362e+01 4.079737667056529205e+01
5.083068779554808714e+01 6.325758103822175826e+01 7.773102955247728119e+01 7.556225316214549537e+01 7.204882262066183785e+01 9.119522631845818239e+01 9.263018317166989846e+01 8.434861718418935084e+01 9.263018316669673879e+01 9.418809460281521240e+01 7.587571416050235484e+01 9.080417478899580885e+01 7.833931815176590874e+01 8.842623603648613084e+01 1.025198116099138161e+02 1.223580320264064767e+02 1.248473754335750243e+02 1.165311921460930478e+02 1.136895368255353844e+02 1.053468432073941159e+02 1.136895368255353844e+02 1.213820348532066618e+02 1.132810783940100237e+02 1.016511672142669624e+02 8.399569144580338786e+01 8.912367448251275448e+01 1.084682065002363487e+02 1.084944359950950457e+02 9.840949207382629993e+01 8.901595660435218349e+01 6.856461700893935074e+01 7.608139373973398278e+01 5.982566623333517697e+01 4.570796010249456032e+01 6.110390599727936234e+01 6.511011377117748111e+01 4.510684149374367991e+01
3.588016819759183562e+01 4.972214029344360142e+01 6.354757922121870450e+01 5.656538566334546658e+01 7.261082238502505959e+01 7.783296152816937763e+01 8.495793965986942453e+01 9.311107219272665247e+01 1.043327363225984215e+02 1.042047451783342211e+02 9.595525445018594723e+01 1.042037128239666401e+02 8.996979305229393731e+01 9.106793990500806046e+01 1.051455120888937955e+02 1.249891171754848358e+02 1.153281759180713664e+02 1.070158464769825031e+02 1.044074777563300955e+02 1.127217957711150120e+02 1.154956317563143813e+02 1.013401082229337788e+02 1.154956317563143813e+02 1.138316437277213851e+02 1.053967264328685332e+02 1.103156676993359042e+02 1.187165661435094250e+02 1.001781520241232357e+02 7.996990705663418453e+01 6.968023540743395472e+01 6.237683095670892897e+01 5.558621047316509589e+01 5.060267777831683134e+01 6.576770103071646645e+01 7.416109898743367523e+01 7.049971673922443927e+01 5.033366898205277806e+01
5.528280874891466823e+01 4.072698260483618782e+01 4.431648512835568710e+01 4.860791928211003921e+01 5.365971824905659560e+01 5.900427107979113117e+01 6.610701942632610439e+01 7.684538456986767585e+01 9.603989600160016948e+01 1.082135035937692322e+02 1.104046368857264042e+02 1.181011304446379029e+02 1.098642554612886215e+02 1.109575642822274659e+02 1.191991194542908516e+02 1.203864771444036421e+02 1.070158464769825031e+02 8.685794062940122728e+01 8.423698649994405230e+01 1.010616358569623401e+02 1.064908352430824436e+02 8.707130366781377973e+01 1.065070699843582815e+02 1.128603732486969164e+02 1.045637490563258467e+02 1.019569976674477232e+02 1.102574585228473438e+02 1.084944359950950457e+02 9.840949207382629993e+01 9.007402954037866039e+01 7.990969315568295883e+01 6.094488523794099422e+01 5.768894713777451955e+01 7.811823119014117367e+01 8.333344148497681658e+01 6.304154095485538534e+01 5.788202781537795971e+01
6.800630078437144732e+01 6.003647787451028961e+01 5.798067611863437776e+01 6.216425087441287900e+01 6.423079239567935872e+01 7.783296152816937763e+01 7.432325218286929669e+01 9.311107219272665247e+01 1.024461415339928863e+02 8.835264334456935842e+01 9.052101491285947077e+01 1.104046368857264042e+02 1.086916504795323704e+02 1.170199563085377434e+02 1.174716921856152396e+02 1.074202486222888240e+02 9.197376355717904062e+01 9.197376355717902641e+01 7.255839279377261164e+01 9.274147966636282092e+01 9.819947914952730628e+01 7.802271786495342099e+01 9.820382291712982692e+01 1.045637490563258467e+02 8.441774258555780364e+01 8.179830541159036272e+01 9.506683053012032758e+01 9.506683053012032758e+01 1.033794963609840352e+02 9.387423378493747350e+01 7.412539103473562818e+01 7.990969315568295883e+01 6.948344819864153976e+01 7.438514511904841697e+01 9.171395032082045873e+01 7.739243209289161030e+01 7.222123174389338374e+01
6.875790492907221108e+01 7.703010057741120420e+01 7.698727219189461835e+01 8.112480411843486650e+01 8.323248710995153488e+01 9.136275290652403669e+01 9.344937726023259472e+01 1.016997830530918634e+02 9.416975463136166979e+01 7.441460799845735608e+01 8.868703980168221790e+01 9.464421920747003014e+01 8.882558265807790576e+01 1.086916504795323704e+02 1.091822425950839630e+02 8.904191656824727374e+01 7.892187291299718765e+01 7.177233120378181752e+01 6.618295305432867792e+01 8.052447087183496421e+01 8.357874413995195084e+01 7.163415758805416544e+01 9.182090030085974774e+01 1.093426601209148146e+02 9.031837126701776697e+01 7.013861125754421266e+01 7.489832170021539071e+01 7.489832170021539071e+01 9.506683053012032758e+01 1.024938730270333167e+02 9.387423378493747350e+01 9.819211563933559717e+01 8.983874945534796552e+01 9.472855937239525304e+01 1.030702976429691944e+02 9.767630693353488880e+01 9.251979314066915094e+01
4.902576973997040710e+01 5.776515403137851479e+01 6.919412543697889362e+01 8.920384309855786853e+01 9.617843603586176471e+01 8.791881693530525865e+01 9.617843603586176471e+01 9.515807060959996022e+01 8.718526054403504588e+01 6.743439143049512552e+01 6.893458840123851417e+01 7.488649030963951247e+01 8.625978341736636423e+01 1.060975714931510225e+02 1.174716921856152396e+02 1.074202486222888240e+02 9.911207958166555443e+01 9.197376355717902641e+01 8.054273346372207243e+01 6.038661646604649036e+01 6.341153517281512819e+01 7.767352427358932232e+01 9.783520598746908092e+01 9.160993894597298492e+01 8.089311029072207759e+01 8.080554117007375226e+01 6.064751791283024573e+01 8.080554117007375226e+01 9.151723985403243944e+01 1.031423259371303800e+02 1.055458838931379120e+02 9.723367318340740439e+01 9.621545876354571192e+01 8.791731997692626521e+01 9.621545876354571192e+01 9.518524450287650041e+01 1.034939038049871272e+02
6.875790492907221108e+01 7.703009717066630913e+01 8.593966242551009316e+01 9.749237404137704743e+01 8.626469942897202259e+01 6.813815450934563955e+01 8.626469942897202259e+01 7.534568604975333983e+01 7.534568604975333983e+01 6.116239931428894039e+01 8.093949094536259281e+01 9.464421920747003014e+01 1.029227694833077607e+02 1.144185293870284568e+02 1.152576595926154965e+02 1.069639976477159280e+02 1.039500203109815999e+02 8.380888281060893519e+01 7.666384500222713427e+01 5.653134383073881963e+01 7.666384500222713427e+01 9.189919016691558795e+01 9.160993894597298492e+01 7.145399276945101974e+01 6.663064360993686819e+01 7.605424952323613752e+01 5.591352119753351957e+01 6.303095519391472124e+01 7.466679681756973253e+01 9.482997701633823340e+01 9.400174258482824996e+01 7.726862816919394561e+01 8.623414276788004429e+01 6.798403386074174648e+01 8.107172573777617686e+01 7.522571485246452028e+01 9.518524450287650041e+01
8.121386649562343507e+01 7.307942273418989032e+01 7.587326380702661766e+01 8.404709857800855843e+01 7.802848572232537094e+01 5.820260241782040112e+01 6.811554407007392342e+01 7.101735793145083164e+01 5.551079195283009682e+01 6.105339862422892594e+01 7.503697132214925603e+01 9.481904969495460023e+01 1.098848516804897031e+02 1.100154537603071105e+02 1.017134103914660841e+02 8.682706289882341366e+01 9.876602439346065410e+01 8.380888281060893519e+01 6.364555296935728990e+01 5.360447692170872358e+01 7.372721788997888837e+01 9.092998003802058804e+01 8.768450776475820874e+01 6.754025104178933248e+01 5.501208970649480534e+01 6.635288906588640145e+01 5.141982065188226159e+01 7.155064575797352688e+01 9.151723985403239681e+01 9.660383047954998403e+01 8.507396777171850033e+01 6.576963973831730925e+01 7.795067691883397742e+01 5.801115116648658443e+01 6.113340418070903581e+01 8.107172573777617686e+01 9.669760472708428267e+01
6.981326786341344359e+01 5.328853614360950530e+01 5.591184046377806993e+01 7.580722001951171762e+01 7.189497647406977876e+01 6.438445035900610947e+01 4.819695218576718787e+01 5.112352181819799313e+01 6.521890172505911210e+01 8.083100793158023123e+01 7.038773843906125194e+01 8.177237440188986284e+01 1.015807437293765787e+02 1.017134103914660841e+02 8.155238050474279987e+01 7.516734273839239222e+01 8.107517183077538903e+01 7.027961957215535449e+01 7.096314684235959191e+01 5.083960693752828774e+01 6.244475427691273950e+01 8.259948748616426428e+01 8.143242890504249942e+01 6.754025104178933248e+01 4.741984232831156021e+01 4.623555781714184576e+01 6.635288906588640145e+01 7.155064575797352688e+01 9.169840292122418646e+01 8.830503361827571496e+01 6.836155003099047178e+01 5.684447669754275267e+01 6.787045454355164509e+01 5.045206515553577020e+01 7.041424457579407203e+01 6.844054229322377125e+01 8.839878646704008247e+01
5.280653233242696132e+01 4.181794644588704557e+01 6.165314458901391959e+01 6.908374340584127538e+01 5.988800268324627751e+01 4.446425531947359389e+01 4.946244712876456617e+01 6.939726625444953356e+01 7.924360468888005471e+01 9.326830765270091206e+01 9.014437636594450964e+01 8.433543708832544894e+01 1.041683963529746251e+02 9.910429826965231825e+01 7.893129507154067426e+01 6.727500202027982823e+01 6.091730340956812739e+01 5.604836205506925495e+01 5.166086046679996713e+01 4.819100596941006387e+01 6.832079660092139761e+01 7.514864593408363191e+01 7.309797744731132241e+01 5.296417218171281149e+01 4.140017194981966497e+01 6.147371955740923255e+01 7.469025147251400654e+01 8.358221203754189332e+01 7.524357651232166688e+01 8.358221203754999351e+01 8.197592876869637735e+01 6.202774030733925770e+01 4.792220128059030770e+01 4.547893849476022865e+01 5.215567479902529868e+01 6.625893569433394248e+01 8.621164292032997878e+01
3.298024535017655268e+01 5.207380470770219461e+01 5.638016536051605243e+01 5.801521046505739321e+01 4.126460524827892584e+01 6.114826229227400489e+01 6.939726625444953356e+01 5.737927941405408205e+01 7.146417054483968911e+01 9.120394104617211894e+01 1.022573400473638259e+02 1.041683963529746251e+02 1.124805246932688760e+02 1.074105065201984246e+02 9.578391713252500494e+01 8.745740944285945773e+01 8.107517183077538903e+01 7.618617061383774569e+01 5.982138859716277324e+01 4.559229963243414829e+01 6.265229348252021424e+01 5.501065099856402441e+01 5.920041652981378633e+01 5.751930788154829344e+01 3.861221881084244956e+01 5.863170531572562538e+01 7.608017282477953813e+01 7.357767888939497425e+01 5.528511911113781707e+01 7.357767888939497425e+01 8.281309489650055866e+01 7.614701883613409450e+01 6.058638459058862935e+01 4.070645987576839531e+01 5.474367139338275479e+01 7.469194203233928420e+01 8.728563842243039517e+01
5.273434287579531343e+01 3.511391646647520304e+01 3.663459329533610287e+01 3.816348544578682578e+01 4.038168746472162951e+01 6.026375984268977959e+01 7.061689467650910501e+01 7.696562436542902219e+01 6.681536199500425255e+01 7.429471423352480031e+01 8.562988478984075869e+01 1.054172533015288593e+02 1.169412864144717616e+02 1.053373918662075965e+02 9.702763736667647265e+01 8.989212618373711905e+01 9.512924951488281522e+01 8.829794070315571730e+01 7.405658520953363677e+01 6.265162961034797462e+01 4.254697771284652674e+01 4.083840724343916406e+01 3.916769497758031093e+01 3.751780291506982223e+01 3.587599360951778493e+01 4.796033853360228250e+01 5.758680963962944332e+01 6.356960656169120227e+01 4.559853134875681491e+01 5.441452236148606403e+01 7.446798936397233604e+01 7.442457227596202074e+01 5.751884595314335513e+01 3.765594262754036237e+01 4.755552071650819812e+01 5.905189933442071037e+01 7.899813673017405335e+01
6.277428143922158199e+01 4.918885781641429134e+01 5.647000111776704045e+01 4.701084687274273932e+01 6.026369338883304749e+01 4.359335083154009283e+01 5.496687549993571764e+01 7.240532633810798302e+01 8.654775449714684044e+01 9.399301076475138927e+01 1.022573400473638259e+02 1.137285873192461594e+02 1.086524747912495172e+02 8.851766574216084393e+01 7.684536398792103284e+01 6.970884295943712061e+01 7.495780954234491844e+01 7.547858770230251935e+01 6.699349272130618260e+01 4.686419064776782761e+01 6.264751862137834593e+01 5.501069697416966164e+01 5.330451334396386898e+01 5.751930788154908214e+01 4.796656058597086059e+01 3.387651424371092190e+01 3.247817576676300888e+01 5.055438836741437569e+01 3.827885837910198319e+01 5.221166673630838773e+01 7.224116641970331898e+01 6.614847568383383702e+01 4.623579320678129534e+01 3.468509547913679114e+01 5.465188309764831587e+01 6.187139972067006966e+01 8.182187796993838447e+01
6.886682388032640745e+01 6.980309713688431827e+01 7.515986461357796600e+01 5.851411693505055212e+01 6.689571436559231188e+01 6.351264830044883070e+01 4.696273927616566368e+01 6.107490219738929937e+01 8.095298866419085471e+01 9.948058151394255333e+01 1.002197675545892537e+02 1.002197675545892537e+02 1.085237690514102269e+02 1.053373918662075965e+02 9.702763736667647265e+01 8.086588752400392366e+01 6.070845735136873600e+01 5.534397617371934075e+01 5.154401497475428329e+01 5.847864244691754720e+01 7.531350775293334721e+01 7.515185781597716641e+01 7.343438596353136916e+01 7.638657173528845590e+01 6.217656616064476083e+01 5.273412173388381063e+01 4.044651617779391728e+01 3.050907119165900028e+01 4.255552261699411787e+01 5.611421429974577535e+01 6.485369494585380323e+01 5.645260563722586511e+01 5.190923413616388871e+01 3.169742352054767309e+01 4.194706855165775039e+01 6.187139972067006255e+01 7.337165804306927441e+01
