MOVIE_S10_data/elevation_000611.asc
nrows	100
cellsize	150.0
xllcorner	0
ncols	100
yllcorner	0
NODATA_value	-9999
[rows 68 to 84 of 100, columns 37 to 73 of 100]
8.439456404040190307e+01 7.053741218013493608e+01 5.027284436680732682e+01 6.521567595411083573e+01 4.847483151965764847e+01 6.877052235922822376e+01 8.010423306944529998e+01 8.677882139342743528e+01 9.532327122858626467e+01 1.073948348801060035e+02 1.109250226152713594e+02 9.886089132497490084e+01 7.872078795757583691e+01 6.456607326308271411e+01 6.090613818737806895e+01 5.745493500037727586e+01 5.409362406546139113e+01 5.077817050138835953e+01 6.786150689529549140e+01 5.281350519357853557e+01 7.199598287849391909e+01 6.830736683297688216e+01 8.840844213808742325e+01 9.585651550593593129e+01 8.431140225851532932e+01 7.602476287411225542e+01 8.141503289711698699e+01 6.721891327804330274e+01 6.063606837193746202e+01 4.051057307081019587e+01 4.448649290261761280e+01 2.419892951029368788e+01 4.258638300289042888e+01 3.647231674426165426e+01 5.425991003455076367e+01 4.649721576021276803e+01 5.002676915593384877e+01
7.612465563400519386e+01 5.597956287257629526e+01 7.053741218013522030e+01 7.378082319542583889e+01 5.927574997944585533e+01 5.223892120736233835e+01 5.806165294066363458e+01 6.472853692149644189e+01 7.782566353635398571e+01 9.900906247028231633e+01 1.025967428106012704e+02 8.241933489673452584e+01 7.239661082732236252e+01 7.872078795765803250e+01 8.095841542700738103e+01 7.751947825152569749e+01 6.152693549527172223e+01 6.786150689529549140e+01 4.776092402949567628e+01 4.570108257727638090e+01 5.190649695285405585e+01 7.133361230522868368e+01 7.457095941144173423e+01 8.289972514462213837e+01 9.221795738142290588e+01 8.386395084924491528e+01 9.221795738142290588e+01 8.729007596546561842e+01 6.896910054552482450e+01 6.063606810556684934e+01 5.282484919791535560e+01 3.668090853013251262e+01 2.228966351931591561e+01 4.072263765346735909e+01 4.490460506858160272e+01 2.777529103643273700e+01 3.728307585084203168e+01
6.227726438458158498e+01 7.612465563400519386e+01 8.439456404100867815e+01 8.216478893912245951e+01 7.359565507849522703e+01 5.527147405930496404e+01 7.559044150916447791e+01 8.677882139342743528e+01 8.061629779387932615e+01 1.016564694459010099e+02 1.109250226152713594e+02 9.963906889791151400e+01 7.946947010674492162e+01 9.886089173148627651e+01 9.583536713538963170e+01 7.571408902717365663e+01 7.571408902717365663e+01 7.618763234511165194e+01 6.197679070513596855e+01 6.301212101895093554e+01 4.292029174682462411e+01 6.036253614500241582e+01 5.447721793540200963e+01 7.457095679515873599e+01 8.214049227208427340e+01 6.371458171748629695e+01 8.214049227208427340e+01 8.086035615083467576e+01 7.252333436849539794e+01 7.252333436849539794e+01 6.517713473500255361e+01 5.092902163204284705e+01 4.072263765346715303e+01 2.043118312286342686e+01 3.794361237961131650e+01 1.767330610850689965e+01 1.702753210988729649e+01
8.230550482009806501e+01 9.056813901646758325e+01 9.386826434182366086e+01 8.007032340957441363e+01 5.978107885965259527e+01 7.559044150782705174e+01 8.391475046994503373e+01 1.036561799626510378e+02 1.016564694459010099e+02 1.100302446632930895e+02 1.139099335274433002e+02 9.372788322156890217e+01 9.963906889791151400e+01 1.079724976649857098e+02 1.041635924055544535e+02 9.583536713538963170e+01 9.583536713538963170e+01 9.039842864957404345e+01 7.938389787239408690e+01 5.932171589325875516e+01 6.036253614500241582e+01 4.027659264347116874e+01 5.779080766608690567e+01 6.611611773840495232e+01 7.378926322581180841e+01 5.373116750263609731e+01 7.378926628336560611e+01 7.252333436849539794e+01 5.254690860300974720e+01 5.254690860300975430e+01 6.670352192045670847e+01 6.256264845209464909e+01 4.830117196877345265e+01 3.887104641831260921e+01 1.859227446584114318e+01 3.794305097667476190e+01 3.729038309631814485e+01
9.785195120636717547e+01 9.978002160708561519e+01 7.970268891302676195e+01 6.533457537986247132e+01 8.006784825346552736e+01 6.848295212190488712e+01 7.528041482255612493e+01 8.693657119958052704e+01 1.010931348713122304e+02 1.210398834614710921e+02 1.222171121084025742e+02 1.139099335274433002e+02 1.175346513282953254e+02 1.060061900932382315e+02 9.777828651018489836e+01 9.066978652033556330e+01 8.461193795778244464e+01 9.093510358552924799e+01 8.764747113235655718e+01 7.374892358423116434e+01 6.358943801990142219e+01 5.526032126415951495e+01 3.770433524702968242e+01 5.779082502204809657e+01 5.857263648362395259e+01 4.709721288486574764e+01 6.710323285313482700e+01 7.252333436849563952e+01 5.254690860300975430e+01 3.860540350252106379e+01 4.979898138563223142e+01 4.902402405342179748e+01 3.403930752379094571e+01 1.966476979306773742e+01 3.887104757004276934e+01 2.817975713883598132e+01 4.840558368471470629e+01
1.067654419394588388e+02 1.039459717038066771e+02 8.392691020939177804e+01 6.960146038007985680e+01 8.978899464599132330e+01 8.868618611539380936e+01 9.538907176833097878e+01 9.172215230806506270e+01 1.117049922943967175e+02 1.082648814946489040e+02 1.034468313435023248e+02 1.117917419895858302e+02 1.093655734027520054e+02 8.929580378294890863e+01 7.767241232263702955e+01 7.057817580155303006e+01 6.453217159309510009e+01 7.085454665498960480e+01 8.501748351605863263e+01 6.533787887380366044e+01 4.521581996826022021e+01 3.516060090582096365e+01 5.280393516346221361e+01 5.109734020385771203e+01 3.857850637025158846e+01 5.857263675818541770e+01 6.135128038810649542e+01 6.062767032515006349e+01 6.580802637939403610e+01 4.979897571174093684e+01 2.977454376096051902e+01 3.942852861248776009e+01 2.074337801417520311e+01 3.403930739535387318e+01 4.830122877347739774e+01 4.250784308690738555e+01 4.100373329260845878e+01
1.182806601753755160e+02 1.039459718468675362e+02 8.392691020941585123e+01 8.979034123337225992e+01 7.730737864978441110e+01 8.893418827889840372e+01 1.088999795148963017e+02 1.117049922943967175e+02 1.082648814946489040e+02 8.815485610203936062e+01 8.335206834880760596e+01 9.895318401325621949e+01 1.072936422936964078e+02 1.060061900932382315e+02 9.777828651018489836e+01 9.066978652033556330e+01 7.673600560994206887e+01 5.666152101788283346e+01 7.004455492493222835e+01 7.372614153060547437e+01 6.359398238551802507e+01 5.280509628285745549e+01 3.267507051678864372e+01 3.093405835912283663e+01 4.473605932639274130e+01 4.797546159366139307e+01 4.126226692344523883e+01 4.044315260550995816e+01 4.300954548855138171e+01 5.158102065641660516e+01 4.213765878156128508e+01 2.183386811590083454e+01 2.719982013774323804e+01 4.743520078020524977e+01 6.256000027802033969e+01 6.264399063139726564e+01 5.525086575551596013e+01
1.154070393377934067e+02 1.121934940161521439e+02 1.039459718014085183e+02 1.036921391492487174e+02 8.370254700718885488e+01 1.036921497180227476e+02 1.171299789255176194e+02 1.103137470588762312e+02 1.019708436326835255e+02 9.184511451921353853e+01 7.193605690385010121e+01 7.894632692480887215e+01 9.895318401325621949e+01 9.353476674345282049e+01 8.767804983560469623e+01 9.353476674344214814e+01 8.163534446496305463e+01 6.155840221231446918e+01 4.996820830265453139e+01 6.424957140359065022e+01 6.038654511521308876e+01 6.112839904642592614e+01 5.280495758071005241e+01 4.879845563083851090e+01 2.858897100684170667e+01 2.774360929729322223e+01 2.690145174784112925e+01 2.606397602823141213e+01 2.523249700132267748e+01 4.324795701579638774e+01 2.294151812377869604e+01 4.213749390020952035e+01 4.743519508167305787e+01 3.806646182428851688e+01 5.231216046416152210e+01 7.239291192927117891e+01 7.536577849086614833e+01
9.772496445162747136e+01 1.059394247272412457e+02 1.173971230893898365e+02 1.119199237433421956e+02 9.526956033919063316e+01 1.000386011924184402e+02 1.199453231892245526e+02 1.019708436326835255e+02 8.192573384489220700e+01 8.480619969578499706e+01 6.508296176970496560e+01 8.480616935841727866e+01 8.483097673511529990e+01 7.369686009115974912e+01 6.790566168089978305e+01 7.369686009115952174e+01 8.987342409802957377e+01 7.829701716219553020e+01 6.424663041228717475e+01 4.417622500737743252e+01 4.031500832187356309e+01 5.511332099568060983e+01 5.015241456543446219e+01 2.997879976198479923e+01 4.879845562839269490e+01 4.208793244710324188e+01 4.715401002966517296e+01 4.625191150903976478e+01 4.306942739059056180e+01 2.406527211387887988e+01 2.795247731917227085e+01 4.140197557121588545e+01 6.118972958283973185e+01 4.970525790560397184e+01 6.650492935758704505e+01 6.899813349336687907e+01 5.894698922791540241e+01
7.781629384820473661e+01 8.933189712661503279e+01 1.091901163039071321e+02 1.233372387411732518e+02 1.151404750201283633e+02 1.199439191087774219e+02 1.085823812923872538e+02 9.851581146769702002e+01 8.779679013478612148e+01 6.799728775820524618e+01 6.008786900400765774e+01 7.379621538560247984e+01 6.510430894467629059e+01 6.855169508482056528e+01 5.406142228055364285e+01 6.415989182733973450e+01 7.239462181229332316e+01 7.482691907913529406e+01 6.621216646755608792e+01 5.817481155663759296e+01 5.393407289447868891e+01 3.502694495368977101e+01 3.136928486364941193e+01 5.013392976577802074e+01 5.846636811776929932e+01 6.223897209090057459e+01 6.249826026171336935e+01 4.926461652565141947e+01 2.920799276371401731e+01 3.321587489573872887e+01 4.835122805309146798e+01 4.225516708090127338e+01 6.358134027143886868e+01 6.978897443943951373e+01 7.809498822873571555e+01 6.068874672322160535e+01 4.056920441822676082e+01
8.040279683081345752e+01 1.003004569573763405e+02 1.037065914107101179e+02 1.045031863161534886e+02 1.135946626701334026e+02 1.144759460398063595e+02 9.430430656924691846e+01 8.014255974850833297e+01 7.031950060320691875e+01 6.421275587373065719e+01 5.837839137468980510e+01 5.418365986050087457e+01 5.124230213537373402e+01 4.886515056735201057e+01 4.655202554061320797e+01 4.436809542209139323e+01 6.110534000200676985e+01 5.905218249283108634e+01 4.856565060710764925e+01 4.885205985975268561e+01 3.383996363624797254e+01 3.281297933010171164e+01 5.019998646399495357e+01 4.773930108879125100e+01 6.745288057599110232e+01 6.856492236239311922e+01 4.874576931572212146e+01 3.457070080541244295e+01 4.929820768509591034e+01 5.339301447416607260e+01 4.969879512390117782e+01 6.364606351710531129e+01 7.238693500753426235e+01 7.976272399485205256e+01 7.391970141852102927e+01 6.899813349336687907e+01 5.894698922791540241e+01
9.445812320765074332e+01 9.813439075442019544e+01 8.406184156251042339e+01 8.413040363591493076e+01 1.045725158357058149e+02 1.186397746888689539e+02 9.848000795180630007e+01 8.429040198610472601e+01 8.679808243178761984e+01 6.703919302295761895e+01 7.642059787849034080e+01 5.731391072895856809e+01 7.088211617028186140e+01 6.301005369532762757e+01 6.626354196024425391e+01 6.004211287808048780e+01 4.133456134135527549e+01 3.927993068206903615e+01 3.727171699138131800e+01 3.529301215487787147e+01 5.393656057764811607e+01 5.293179284949601282e+01 4.453908948703260506e+01 6.505847020658507063e+01 7.557627968644062832e+01 7.516387590596131929e+01 5.922494672216563316e+01 3.934090695523723724e+01 4.531941624108787892e+01 6.512224043774531879e+01 6.981675495400334341e+01 7.813556688691700458e+01 7.566152175386625345e+01 5.980771895883466982e+01 5.396234443206132880e+01 6.426408500988145533e+01 4.407284735761432160e+01
8.842168827918847285e+01 8.047951499721349933e+01 6.991883450379333453e+01 8.977650705789558572e+01 1.020623692074470767e+02 1.119766841832694553e+02 1.127376867508405525e+02 9.748548026006152156e+01 7.749126375656879873e+01 8.679812199248291904e+01 8.088676134659461070e+01 6.172879688312299606e+01 7.748054766029424911e+01 8.355361962033816781e+01 7.538581214907347317e+01 5.561324019174698918e+01 6.112789149023296176e+01 5.076419011823123384e+01 5.654695941180393959e+01 3.648886528914589178e+01 5.695603334279394403e+01 7.193699831643259301e+01 5.662242591147304438e+01 7.388828351178030118e+01 7.833569385666183393e+01 5.866576537229354926e+01 4.720961377157965444e+01 5.088284294581486478e+01 6.512400310220509425e+01 5.935298065008118584e+01 7.905741585933682813e+01 7.889996031964086853e+01 5.895488252614143221e+01 4.737052299743706385e+01 3.972039794433784010e+01 5.160710450515973235e+01 4.407284735761431449e+01
6.844023534069189907e+01 6.043492030401959880e+01 6.680025902390056558e+01 7.391054032248182182e+01 8.393476678237608724e+01 1.037822385579311515e+02 1.117216186688725372e+02 9.158867865531148311e+01 9.748548026006152156e+01 8.887949780469217842e+01 6.932929710803153966e+01 8.089816179205503488e+01 7.862723871644628559e+01 9.825131858421953268e+01 8.453246916439668723e+01 7.655224087861340365e+01 7.871702863369078784e+01 7.048021880785815085e+01 5.817361886499826795e+01 3.768631694236755436e+01 4.287033542865470537e+01 6.344935362233674425e+01 7.830368406912141666e+01 8.741405998057116733e+01 8.654597179850725297e+01 7.393729562235779440e+01 5.425705872750923930e+01 7.062047240166681661e+01 7.881285266160088554e+01 7.905761215746952075e+01 8.727866676957719960e+01 8.718738462258177435e+01 7.566152179808835854e+01 6.738075678111714240e+01 5.160710450515973235e+01 3.139219734334547240e+01 2.607940914644888863e+01
5.420888366108597722e+01 7.429263085020009783e+01 8.680583294670734062e+01 9.385850267015368331e+01 1.020623692074470767e+02 1.119766841832694553e+02 1.200708743917499675e+02 1.117216186688725372e+02 1.005899904767937727e+02 8.030682218705082676e+01 8.030682218705082676e+01 9.733869016259833984e+01 9.984290285804229370e+01 9.468847925229934503e+01 8.594810296530789628e+01 8.159961341598213380e+01 8.523786959015257025e+01 7.406479333974408519e+01 5.337001475236404957e+01 3.891757637700638384e+01 5.943136739177796102e+01 5.119243182046791674e+01 7.177993146408799419e+01 8.915219048839576033e+01 9.751999950487997637e+01 8.213350067342393857e+01 6.411634243314485104e+01 8.213350067342393857e+01 9.415024454465354609e+01 8.585448448479564831e+01 8.585534810426649699e+01 9.172578465911563228e+01 7.804398236915204734e+01 6.319336668719621031e+01 4.302263119032844685e+01 2.861614448228343122e+01 4.643068019730590379e+01
5.030925200843616807e+01 7.042704234371370831e+01 8.835286270193033431e+01 9.750314981690199545e+01 1.057270225012078981e+02 1.054052964952653326e+02 1.136208958969912004e+02 1.174230775248184813e+02 9.680684049306201189e+01 1.005899904767937727e+02 1.005899904767937727e+02 1.090889409390161404e+02 1.008002697779379844e+02 8.627701967061000232e+01 6.564618444687988585e+01 6.361492938682484066e+01 6.431036802369006011e+01 6.652433698715110211e+01 6.070066417471829823e+01 4.015542547998185796e+01 6.070066417720783392e+01 7.177985965408603874e+01 6.094110145441712945e+01 6.876371958856384481e+01 8.915219460673505125e+01 9.198968617727392427e+01 8.375841175861908994e+01 9.198871760651552165e+01 8.585460240935253751e+01 6.577738852566338323e+01 6.577739132416367340e+01 7.165793429850425866e+01 6.973284678444164797e+01 4.960314437049549241e+01 5.071632636625827217e+01 3.043325354535899407e+01 5.071596184192153345e+01
4.836424915228912624e+01 6.002954871482843657e+01 8.009729093702983960e+01 7.753479602854986297e+01 9.132272682183668167e+01 8.548953547003861786e+01 1.054052964952653326e+02 1.170201654562200275e+02 1.174230775248184813e+02 1.120386634560327082e+02 1.036308227775101471e+02 1.036308227775101471e+02 9.237471880502899069e+01 7.179977260770115777e+01 7.161874513611091686e+01 5.071849659505052443e+01 4.819828751288852686e+01 4.579143069398789123e+01 4.344550522875595533e+01 4.162615569090802126e+01 5.614466113064536756e+01 7.686725151216045049e+01 8.144606306682241836e+01 8.915219048839576033e+01 8.915219460673505125e+01 1.093793910012699229e+02 9.931838564636525746e+01 7.925944099639994533e+01 6.766316265532186947e+01 5.867216365960335622e+01 5.155015882044568798e+01 6.476103878759197130e+01 6.025895710833796670e+01 5.329701358836204861e+01 3.305876330260647222e+01 5.071632636625827217e+01 5.071631880053330832e+01
