MOVIE_S10_data/elevation_000981.asc
nrows	100
cellsize	150.0
xllcorner	0
ncols	100
yllcorner	0
NODATA_value	-9999
[rows 34 to 50 of 100, columns 37 to 73 of 100]
4.585005599527744380e+01 6.599749746592205213e+01 8.100898291186433653e+01 8.841426690966413560e+01 8.666782196210240841e+01 6.662407812992766765e+01 5.237279611628581932e+01 5.151923187898724876e+01 5.425394422896413005e+01 5.763644598259827490e+01 6.194310209180159177e+01 8.197629467520138746e+01 9.537861743781103030e+01 8.950930779374900226e+01 1.095481005262526679e+02 1.138604461548449507e+02 1.038081365672224052e+02 9.550370118518060281e+01 8.874948018271295780e+01 7.251153171644605777e+01 5.835324819972963439e+01 7.463618850670530946e+01 8.297566137153603449e+01 9.461091514284836990e+01 8.413181510817305764e+01 6.603822603472319486e+01 8.413181510817305764e+01 8.580795634913627623e+01 8.857765661398434531e+01 8.754739230273193584e+01 7.923793435111716121e+01 7.468046965256360181e+01 6.689469788292993258e+01 5.506699966297461657e+01 4.290581941580690994e+01 2.368357575913050539e+01 4.121646178626712498e+01
6.599749746592205213e+01 5.257369661129460070e+01 6.684540301933604667e+01 8.686632045322471640e+01 9.399425676008323194e+01 7.751372097517693760e+01 5.743800028880610853e+01 7.164925630979601578e+01 7.436041185085626637e+01 6.140218106217793093e+01 8.144750359944164586e+01 6.829310922485065305e+01 7.536957253907520737e+01 8.950934487199822343e+01 1.095525309987357190e+02 1.055791813194939834e+02 8.542822105086727902e+01 7.524103817789317361e+01 6.848399902441222764e+01 6.245449470145758397e+01 7.843041066240928672e+01 7.100053778109354141e+01 8.531287769549089717e+01 1.054654348080174628e+02 9.406040455484149732e+01 8.581743019067008049e+01 9.404452208010914660e+01 8.914667090381888670e+01 8.917861064022615381e+01 8.911652385381212582e+01 8.006457723480180277e+01 6.160314339412771290e+01 4.872724972487270634e+01 5.522643727241851508e+01 4.304353247783411263e+01 2.276107914173087465e+01 3.717752705318585527e+01
7.327393788530825702e+01 7.270939256477190327e+01 6.053497405117361296e+01 8.056627822278170470e+01 8.569011597955196180e+01 6.566214304978491612e+01 7.751358168097270607e+01 8.581586368086722416e+01 8.679785359537616785e+01 6.677867701126147892e+01 8.679785359537616785e+01 8.830442665820426384e+01 7.724194104841024000e+01 8.878555227338023315e+01 1.088225124700176423e+02 1.138604461548449507e+02 1.038081365672224052e+02 9.550370118518060281e+01 8.611221017937485556e+01 6.586125724657462399e+01 8.611221017924083299e+01 9.121542868558022121e+01 9.953407694142237006e+01 9.868790575059844628e+01 9.030223190111739484e+01 9.750664607179137988e+01 8.327561252378457368e+01 6.904371148366277566e+01 6.904489444213912464e+01 6.901802393052371087e+01 6.901142247331549129e+01 6.837135435251428817e+01 4.979402723654165186e+01 3.655990358172560661e+01 3.951509913236880323e+01 2.183902059563543219e+01 4.226025852104650227e+01
8.156913939708746852e+01 8.659455492995012094e+01 6.660121290204759248e+01 8.659449985576939923e+01 9.399615174189537470e+01 8.569010023904066031e+01 7.637221066199398933e+01 9.638989661291084587e+01 8.679785359537616785e+01 8.679785359537616785e+01 7.679030028870604951e+01 9.680540690204632881e+01 8.618241178757747889e+01 1.055703664800305717e+02 1.171494488157834155e+02 1.181858874550095067e+02 1.066030389463559658e+02 9.173885871581595097e+01 7.145163297175736261e+01 8.611221017937485556e+01 8.019353415985243316e+01 1.004011580970039148e+02 1.013033022090963158e+02 8.702460049313036450e+01 7.012026498081564796e+01 8.702425337518309334e+01 6.904416669000929119e+01 5.490919762360753964e+01 5.490921920702095349e+01 6.901802393052371087e+01 4.900379681343606109e+01 5.636128622365077945e+01 6.092109808591730769e+01 4.701513871117919052e+01 2.711567284479994555e+01 2.090342469000466252e+01 3.991887618534673976e+01
9.312538266153153188e+01 9.490011928422339338e+01 7.813671615803505688e+01 8.073122205308121124e+01 1.007499206049925107e+02 1.047003413999780292e+02 8.792142340129595368e+01 1.047003413999780292e+02 1.068361485911422335e+02 1.051213823024898915e+02 8.678895461007296319e+01 1.051213823024898915e+02 9.773122287167451816e+01 1.145367279302088264e+02 1.271261106030989652e+02 1.099118994840643495e+02 8.981381884085108425e+01 7.805999034422258376e+01 8.163837837836889832e+01 1.000548145043943578e+02 1.004011580970116171e+02 1.086974151245234310e+02 8.870216414484434608e+01 7.273645266061168968e+01 5.858592123368029547e+01 6.861811382955005456e+01 6.478107488901420652e+01 6.119891785556093566e+01 4.338588784221587247e+01 5.443709807904740927e+01 5.157447209261118104e+01 3.633988010634712396e+01 4.616535370614535339e+01 3.558647361242435636e+01 2.241330547480897906e+01 2.534895126199490889e+01 1.989415264224042446e+01
1.052242752418458878e+02 1.064651567118087172e+02 9.814819690393521512e+01 1.007499206049925107e+02 1.090690165153654334e+02 1.162760825062687502e+02 1.079580461512446874e+02 1.055368650016202139e+02 1.139265123319984525e+02 1.151477199367894144e+02 1.068218591940195097e+02 1.151477199367894144e+02 1.177955953334763706e+02 1.261308113945498945e+02 1.188574081618757390e+02 9.885464266497545793e+01 8.718298929603254521e+01 8.825150888795097615e+01 1.018390200484226966e+02 1.018384646712803914e+02 1.112113126465551716e+02 9.951414081833225111e+01 8.032160293313343402e+01 6.021504433325509353e+01 5.396592731474235904e+01 4.868033164037538540e+01 4.483651766237253611e+01 4.122121644435430454e+01 3.775881647455869938e+01 3.439829416453781619e+01 3.152804398523844043e+01 2.876255314148547981e+01 2.626150074514887578e+01 2.388140038900079531e+01 4.211401514798075141e+01 4.119637029198073463e+01 2.322496863526630761e+01
9.848156822177676872e+01 8.980328153818793169e+01 8.710199596630279473e+01 9.577173275827541943e+01 9.398776371355386061e+01 1.026804962149506935e+02 1.022578388515335206e+02 8.534421632971371707e+01 1.022578388515335206e+02 1.148411139277279602e+02 1.160339710013200545e+02 1.076684774866082819e+02 1.102863257516426501e+02 1.186534159191087383e+02 1.214480509115580702e+02 1.014521391623756870e+02 1.014521391623756870e+02 1.025093586290817882e+02 1.166398240115263150e+02 1.218586805536280480e+02 1.028031356332641906e+02 8.257174997046831777e+01 7.091390198852110416e+01 7.396113855522470715e+01 7.396247139743030630e+01 6.013123037308760388e+01 5.890654270305036988e+01 6.119891785556093566e+01 5.777276272828216008e+01 5.443709807904740927e+01 5.157447211853104818e+01 4.879458844023623953e+01 4.494546502737910032e+01 2.503092441766978737e+01 4.494167456812063222e+01 5.216090451981277454e+01 4.381912561922135296e+01
8.980328153818793169e+01 6.930051124984740341e+01 6.667009706259554491e+01 7.941134221761461731e+01 7.337359074312978180e+01 9.398776371355386061e+01 9.387863385524343585e+01 7.382692439261690254e+01 8.629980005526770981e+01 1.050458883287930405e+02 1.043675178739358387e+02 8.745711373113152831e+01 9.008161982876275431e+01 1.102863257516426501e+02 1.297165251345366812e+02 1.214480509115580702e+02 1.214480509115580702e+02 1.225018560167306987e+02 1.172201065350616176e+02 1.104734037228816277e+02 1.021831828372009312e+02 9.951414081833225111e+01 9.112206076890753081e+01 9.413663157551496852e+01 8.858899559870016560e+01 8.021141223003579057e+01 7.896345016496516678e+01 7.421693324060382224e+01 6.591809529341206542e+01 5.926035198842978247e+01 5.677682174277905602e+01 4.672726338697260218e+01 2.672662663401953154e+01 4.494546502737910032e+01 3.908347380976393026e+01 5.909871902126636911e+01 6.098428038910626725e+01
9.051454927902976522e+01 7.530563363419219058e+01 5.514135008434796958e+01 5.915562471084975016e+01 7.941134221761461731e+01 8.745207379607705889e+01 8.629980005526769560e+01 6.631469072052638580e+01 7.658892712148924886e+01 9.667103657404156536e+01 9.599944118169435114e+01 7.581041298843432230e+01 9.599944118169428009e+01 1.017784640938441925e+02 1.101455037088414741e+02 1.218059750802074888e+02 1.225732349011815359e+02 1.125654663214935738e+02 9.717056477739102149e+01 9.717056477739102149e+01 8.204165320978449927e+01 8.573769276176133758e+01 9.405832491063767975e+01 8.993981062423647188e+01 9.582579520157450759e+01 9.011605328236528578e+01 7.004467959730071414e+01 5.591274174489720394e+01 4.594489625937747235e+01 3.925955649895434618e+01 4.844088463074069040e+01 2.848857734807016939e+01 4.672726338720201511e+01 5.502312950603391783e+01 5.909918448003079305e+01 6.740882189212175035e+01 6.993064010273785414e+01
7.928935114969885944e+01 6.858420578424416192e+01 4.849086242707295469e+01 6.858420578424416192e+01 7.849377823067487725e+01 6.636595142857984797e+01 7.946608862253023631e+01 6.024256898597753462e+01 7.439730611906935565e+01 9.446180871477422158e+01 8.991222014542613294e+01 6.979717162342382153e+01 8.991222014542537977e+01 8.157827098396010967e+01 9.324377006002964663e+01 1.134370729575625631e+02 1.143011987040065804e+02 9.426699079220941258e+01 8.416399362623725722e+01 7.698262642830485447e+01 7.113327510941059018e+01 6.556068032136995782e+01 7.919140549725416633e+01 6.979792184916075826e+01 7.569734448547521311e+01 9.363553407457979461e+01 8.422782798613405930e+01 7.421693324060382224e+01 6.591809529341206542e+01 5.073391386837435846e+01 3.068736475058613422e+01 4.852674387045013304e+01 3.167212229893343434e+01 5.171594585017048473e+01 6.098956705735350425e+01 6.764208620028172447e+01 7.595097108824501220e+01
5.922104018921189805e+01 6.397446019342697809e+01 4.389221830034420435e+01 6.127561849729557508e+01 6.151245394454932125e+01 5.364120608188814288e+01 6.873515152835420849e+01 5.544178190633296310e+01 7.548921584222431136e+01 8.752809378624118608e+01 7.917857440457774487e+01 6.448967999564641218e+01 6.999825580774891876e+01 8.001553790037917224e+01 9.430191478061239252e+01 1.144947843746726193e+02 1.225732349011815359e+02 1.125654663214935596e+02 1.042840947481080605e+02 9.200987948189698784e+01 7.180314713327882714e+01 6.509961658686714259e+01 5.911955312426288600e+01 5.570532754872806436e+01 6.522568049948981184e+01 7.943060728703596851e+01 7.954229118773825746e+01 7.123350643424630846e+01 6.299133182619181071e+01 5.235978275609726751e+01 3.231472516519821170e+01 5.235978273623372559e+01 5.171594585014133827e+01 3.493458762717742161e+01 4.100949321325877150e+01 4.768452686520574701e+01 5.657456880774396524e+01
4.508148106997066407e+01 5.724743092938751232e+01 3.948585912108350726e+01 4.125389381062540650e+01 4.303302826412994619e+01 4.483174910803374047e+01 4.902559616180732860e+01 6.907327535901788451e+01 7.198867396226101789e+01 7.419797706636940404e+01 5.917727821872732363e+01 7.917857440457753171e+01 9.011587716417024296e+01 9.848217447854689510e+01 1.085825765831527576e+02 1.111940765946962841e+02 1.195918919213000891e+02 1.152056888755526245e+02 9.515980412154280543e+01 8.350175627819567126e+01 9.200987948189698784e+01 8.527430203235762463e+01 7.919140549725439371e+01 7.111086124837864020e+01 5.120191011512960699e+01 7.111086124837864020e+01 7.123350643424630846e+01 5.124389538211523387e+01 5.469703783420528964e+01 3.465925008204773405e+01 5.235977819582798531e+01 6.065450268057428218e+01 6.325978194963569479e+01 5.496536741347100019e+01 3.855759996579518400e+01 5.855744517157251749e+01 7.595097108824501220e+01
5.508168273955809013e+01 3.716130633838146480e+01 5.119136254172035905e+01 6.123027798855091675e+01 5.746810746677329718e+01 6.483548374041589568e+01 4.772187644050647748e+01 4.981772588734419571e+01 5.198525626749619022e+01 5.419188657178627011e+01 5.716864596071589233e+01 7.718128423763091916e+01 8.565574531770539579e+01 9.005609400151001864e+01 9.681477456813357207e+01 9.085869262756507680e+01 1.111940765946962841e+02 1.234781265807476842e+02 1.119172198479728166e+02 1.036321919166807817e+02 1.007441562068309366e+02 9.452847216495167970e+01 8.621043629274566911e+01 6.810947393571922248e+01 4.821420097605526678e+01 6.396102275202932219e+01 6.191697187859248430e+01 5.709871690600287764e+01 3.707671842206939061e+01 5.469586135884024714e+01 4.884060992336180362e+01 6.883609857714593261e+01 7.527769654362980134e+01 5.527773730192326695e+01 4.116536778231973415e+01 6.113558974036454430e+01 7.597288756804175591e+01
3.495744234344629575e+01 5.508173772382294686e+01 6.511186607631061918e+01 7.531732687059016484e+01 7.850009229401079835e+01 7.607107738687631127e+01 5.924489716781635451e+01 5.873863930291557978e+01 7.198867396226101789e+01 6.570078717066307661e+01 7.718128423763091916e+01 6.151330744728301880e+01 6.556463208083918914e+01 6.989063483688383371e+01 7.653915745888738797e+01 8.821820933474168669e+01 1.085579344832058837e+02 1.153872675070666958e+02 1.038103941228025207e+02 9.480916597404763024e+01 8.059699005193037635e+01 8.290778830255068499e+01 6.607673443807838964e+01 7.130374517314092486e+01 6.396102275202925824e+01 4.403807989782146848e+01 4.195436963196122093e+01 3.981851171526425048e+01 3.736165871323368748e+01 5.470033550626258290e+01 6.883598936161563131e+01 7.714478718125536716e+01 7.744820873332280087e+01 6.410736470673423071e+01 4.417209228843145041e+01 4.968830408214845562e+01 5.596319394570252825e+01
3.509325950830331919e+01 3.743806690976742146e+01 5.749029404675846422e+01 6.913254489007906045e+01 8.456727070280314251e+01 8.767945281198851148e+01 7.930263741420459667e+01 7.287308141944410522e+01 7.878319770440458569e+01 7.987727281421972236e+01 8.643067786560514776e+01 6.632636579666196042e+01 8.565574531770539579e+01 9.005624331933633187e+01 7.932834493048349600e+01 9.962344545709154886e+01 1.169584438963433684e+02 1.071270264934322398e+02 8.702983489881211199e+01 7.534039098133244750e+01 6.631734125952218051e+01 7.458507799875597755e+01 5.461965680752783214e+01 5.139165904231097670e+01 4.825974007470004068e+01 6.396102246566728411e+01 5.606058655753745512e+01 5.991065480430668089e+01 4.412866101638633864e+01 6.432443408820380171e+01 8.304124140522381481e+01 8.383345723527014570e+01 6.899255074041158764e+01 4.964248399544342050e+01 4.875559783425441651e+01 6.867784034987603548e+01 7.597288756804175591e+01
5.496211884384148760e+01 5.749027292586371374e+01 4.080445959760155716e+01 5.511314704377340234e+01 7.259019493701427450e+01 8.230301507772865932e+01 9.039991083936520511e+01 9.305148059475831701e+01 9.899052004170732744e+01 1.001170091061016194e+02 9.226281554989168399e+01 7.205969797804863219e+01 8.270982760538910838e+01 1.029865629344475479e+02 9.366850713822611851e+01 9.214962527917215596e+01 1.124840904372879038e+02 1.076127387802112594e+02 8.751789667884804658e+01 7.583056768692334515e+01 7.977157280721425536e+01 5.968896685289232096e+01 7.458519618353882663e+01 7.130374517314088223e+01 5.968613491551407435e+01 7.646743795187876458e+01 7.605553701060792093e+01 6.815641743488407656e+01 4.824616501713866512e+01 6.228668686797261955e+01 8.232720057699616234e+01 7.533530364610747654e+01 5.527775782845750996e+01 6.899255074041158764e+01 6.867784069696479321e+01 5.574648098295103438e+01 6.985664759247734423e+01
6.451716779761281373e+01 6.913235490738686906e+01 6.080229412200576178e+01 4.428889027001355316e+01 6.425126762053740492e+01 6.271952014724903535e+01 7.926445953737982109e+01 8.857954012628221108e+01 1.002660947198471177e+02 1.154802754775415679e+02 9.868106284423386398e+01 7.838478280789976793e+01 9.868106284423386398e+01 1.113894328074640896e+02 1.139999383095916841e+02 1.065366807477141151e+02 1.208804243607679609e+02 1.158742926002885270e+02 1.042978424416440077e+02 8.595819317908494384e+01 8.811140285187285315e+01 7.124455263814002137e+01 7.124454249428610808e+01 8.806079166052609253e+01 7.972898399902544497e+01 8.205348700286509711e+01 6.197021087022190500e+01 5.600554924487110497e+01 5.450137928961868283e+01 7.447153523719339319e+01 8.463000166070465013e+01 6.384561302106875047e+01 6.257258719820956117e+01 8.325923987035223206e+01 8.407228522308511742e+01 7.575023616683988337e+01 6.421271037477518462e+01
