MOVIE_S10_data/elevation_000396.asc
nrows	100
cellsize	150.0
xllcorner	0
ncols	100
yllcorner	0
NODATA_value	-9999
[rows 17 to 33 of 100, columns 0 to 36 of 100]
5.222468517465790605e-02 7.123292497040163873e+00 1.468258195722477488e+01 2.622958734101749556e+01 4.622958734101820255e+01 5.364316300522924053e+01 6.192749324683988732e+01 6.527597662322828853e+01 5.712855262742648677e+01 5.130939224888173555e+01 5.712855262742649387e+01 7.023740103896963660e+01 6.194020050530655652e+01 5.630822319176034796e+01 4.353451894190040861e+01 2.381395904228658011e+01 3.062327995950058224e+01 4.661603439783670666e+01 4.997306555233502223e+01 2.981533270757365983e+01 2.081529696785253947e+01 3.588622940978422804e+01 5.601105015048363356e+01 6.051722158508136573e+01 4.634795138843430351e+01 5.998251541141030430e+01 4.463059330969086602e+01 4.652942264727462174e+01 3.423992199147503612e+01 2.284521155519862035e+01 3.931876095299664797e+01 3.898458096740095158e+01 5.902262039313740161e+01 5.973628532625909315e+01 6.192728548357150231e+01 8.197862774651292739e+01 8.538742837911492245e+01
7.333276091007127906e-02 2.007333276090971452e+01 3.468258195722548010e+01 4.253272748969525452e+01 5.038046130331600381e+01 3.364315694159453329e+01 5.038046130331736094e+01 5.895898634606034250e+01 6.724332655889935495e+01 7.117724853493332660e+01 7.689617094369141626e+01 7.609201318532620917e+01 6.497755078187508104e+01 4.829705266663537344e+01 2.866063278508314482e+01 4.353451898987503199e+01 4.944835764416638568e+01 5.786814262589916780e+01 4.412206218899839882e+01 4.459258641995334926e+01 2.412486950227735605e+01 4.459246860915303046e+01 5.508830898569787848e+01 6.329101162384545631e+01 6.893362513182633222e+01 7.151274026626985858e+01 6.330153323566403856e+01 6.024265083021875000e+01 5.054409691878986877e+01 4.308107637749095886e+01 2.459977904166700924e+01 4.466599432915300838e+01 5.562187995262628704e+01 4.563698455944292931e+01 5.973628532625909315e+01 7.977939196878453743e+01 9.379192227761872402e+01
6.343274376862209629e-02 2.006343274376826713e+01 2.550383819571549537e+01 2.253272406587016263e+01 3.140570307101418734e+01 2.209615155178984836e+01 4.209615412059558537e+01 3.895897906571620695e+01 5.569629004792148663e+01 7.098221911029423836e+01 7.926660612227003355e+01 6.806527130397762448e+01 4.886725153152326584e+01 3.756274570622659326e+01 4.829705266663537344e+01 3.497350285419193483e+01 5.445887289807608056e+01 7.176003384143241703e+01 5.811487924962207074e+01 5.284318496081398564e+01 3.872179355991531224e+01 2.860257357620188046e+01 3.503981080668228287e+01 5.508860477001372402e+01 7.480469999849341889e+01 8.624238239800614281e+01 7.404463279555270105e+01 6.230050514184798516e+01 4.859631814445698694e+01 2.914582647890444989e+01 2.584303255443801461e+01 4.581097428976713104e+01 3.570482446960637191e+01 4.976657414405469382e+01 6.975783864752180818e+01 7.752578201797201984e+01 8.600011056976721591e+01
3.497053469895897854e-02 2.756625804458051388e+00 5.503837083431843524e+00 8.390588429379997493e+00 1.140570187515766065e+01 3.140570307101418734e+01 4.010900820048608040e+01 2.741197367782574190e+01 4.741197675895922004e+01 5.098219992769768538e+01 7.098221911029423836e+01 7.055613401109692973e+01 5.135840468388760627e+01 5.698128942044336043e+01 5.902091380001147058e+01 3.966583178885048255e+01 5.902091380001147058e+01 7.606940026320130244e+01 7.748073929727921438e+01 6.696457636171274430e+01 5.209171182525125232e+01 3.203169902518176571e+01 5.209171182446127091e+01 4.663915417379963912e+01 5.822589573798693152e+01 7.811203922419853996e+01 6.572344356167440083e+01 4.527751256986690009e+01 3.365088805701788033e+01 4.859631814445582165e+01 4.581097428968695340e+01 2.761509305600040065e+01 4.749077610060894017e+01 5.662712754926987913e+01 6.810153369805108525e+01 5.743712062536716445e+01 7.433931875442947046e+01
9.635555453094322986e-02 2.009620424172443620e+01 1.705084245335946136e+01 2.839054131051314300e+01 3.140570307101418734e+01 1.632936151433105820e+01 2.010900624442339790e+01 4.010900820048608040e+01 3.684006409379596647e+01 4.838706949910516641e+01 6.838708323886670826e+01 7.859669687986250608e+01 7.055613401109692973e+01 7.112657419912723356e+01 5.198532836439338922e+01 5.902091380001147058e+01 4.890097883699267101e+01 6.804638520665653800e+01 7.560870922999120580e+01 5.569856712840601176e+01 4.150824087447052335e+01 5.209171182525125232e+01 3.796356124798092679e+01 5.800019184491731039e+01 7.480469999849341889e+01 7.643095388878622032e+01 6.044009903525014238e+01 3.981850935771326760e+01 4.527751256986690009e+01 6.230050512489053460e+01 5.577629166974887198e+01 4.749077610060950150e+01 2.936262707311924558e+01 4.166738457009925156e+01 5.611735194401583726e+01 4.612752354713993697e+01 5.743712062536716445e+01
8.845047570523793812e-02 2.008840234126401825e+01 3.705071574111783406e+01 4.533278201587867784e+01 3.632936310073264252e+01 3.047149716294004307e+01 4.010900820048608040e+01 2.953709666027785019e+01 4.953710036070471290e+01 6.512440302498427513e+01 7.667145508879627869e+01 7.714733121944486527e+01 7.494878297196605388e+01 7.915844363563958552e+01 6.550167077143395034e+01 7.605170558773909306e+01 5.849770327008503301e+01 7.607013692199294042e+01 7.413379250319067637e+01 5.420562502190473708e+01 6.153011273557255834e+01 6.237092068097010156e+01 4.234172494789360996e+01 5.653914373236246149e+01 7.645007568303353196e+01 6.812856645193568284e+01 4.778679370454650410e+01 5.030688849770753990e+01 6.572344356167440083e+01 7.404463279555270105e+01 5.987997942888102187e+01 3.993521880830537185e+01 4.921905644268176871e+01 3.110945079612322672e+01 3.680671971114801266e+01 5.651478656558262514e+01 7.432518499150525315e+01
8.023991185656004221e-02 2.008023991185620361e+01 3.367548431612920012e+01 4.522248969992315892e+01 5.632937893664987428e+01 5.047150249431496150e+01 5.782141811571856493e+01 3.953709666160989400e+01 4.953710036070472000e+01 6.953713313772313143e+01 7.714733121944486527e+01 5.713102451842351570e+01 5.494515959704860819e+01 6.910404872104300011e+01 8.470629234130323937e+01 8.568511609767483606e+01 7.759558493898335030e+01 8.568596761913902071e+01 8.227282452576157823e+01 6.834697562763028600e+01 7.860555769783573510e+01 5.872226926537873481e+01 4.839870045344274985e+01 5.872226926543542902e+01 7.860555772938312202e+01 7.418291515839315764e+01 5.410291214910006374e+01 7.057330957279259565e+01 7.057330957279259565e+01 7.403106619714829151e+01 5.401840736714625990e+01 5.987997942885648683e+01 5.098849665633145634e+01 5.098849664922741454e+01 3.290413444715449032e+01 5.201482811612310542e+01 6.318550655125660143e+01
4.598823041778624804e-02 5.391213068666297126e+00 1.693821845245901514e+01 3.693821845245972213e+01 5.066286419213601988e+01 6.220986957592981526e+01 6.782144557464596346e+01 5.953710405979948206e+01 6.782144557464752666e+01 6.943535016334669763e+01 5.917271454662665775e+01 5.090903949623265845e+01 4.101399375720510676e+01 6.080408523526023146e+01 7.063063283850515006e+01 8.219194665007617573e+01 8.352884130342238223e+01 7.530188901617084696e+01 8.352884130342238223e+01 8.810440429726097022e+01 8.672957858616766202e+01 7.545267763394905103e+01 5.551092649166648840e+01 6.840220390292112995e+01 8.672958327406662704e+01 8.083330023983303647e+01 6.088214499551339287e+01 8.083330023983303647e+01 9.060460213121766060e+01 8.235470364243595043e+01 7.403106619714829151e+01 7.930212518164132973e+01 6.820572639699855699e+01 5.569854123627031584e+01 3.574932929727166453e+01 3.494036583765104353e+01 5.488808801095758128e+01
7.340434288523949025e-02 2.007340434288488495e+01 1.481930348448701373e+01 2.237859294467169136e+01 3.392559832846461632e+01 5.392559832846531975e+01 6.557705368398065104e+01 5.736441792765389636e+01 6.557705368398065104e+01 6.114580207564404191e+01 4.132370337686107575e+01 3.118204301029184577e+01 3.508510437815679239e+01 4.251056610363826849e+01 5.387262705553530395e+01 7.387610174994685508e+01 7.359613241043842891e+01 5.543489804829861356e+01 7.359613241043842891e+01 7.818244722674521086e+01 8.641355562810795732e+01 8.358239534846644858e+01 6.555066996241419019e+01 8.358239534846644858e+01 9.627012076001058460e+01 8.914219000843928598e+01 7.084188687902053516e+01 8.914219000843928598e+01 9.639448587605647845e+01 8.478180267058479558e+01 7.644998573785927931e+01 7.012123187291690840e+01 5.990344774637800640e+01 3.995782492125176333e+01 5.569854123431657911e+01 5.488808801095758838e+01 3.702198681669680980e+01
3.515918393995972474e-02 2.003515918393960504e+01 3.481930348448771895e+01 4.237859294467239835e+01 5.066286419213626147e+01 5.916599348866844110e+01 5.565547371967013390e+01 3.751458779258640419e+01 5.565547371967013390e+01 6.123111616054848128e+01 4.461492128473140184e+01 2.517744325470439648e+01 4.496112626127582246e+01 6.232709025040044537e+01 7.063063283850515006e+01 7.092339120749650760e+01 6.269063637333486128e+01 4.542787134819353412e+01 6.414049770504378500e+01 5.832413178943802023e+01 7.818244722674521086e+01 9.344427343045732925e+01 8.535468530775305851e+01 9.344427343045732925e+01 9.973835694367352289e+01 9.915095813583359075e+01 9.082471360064549515e+01 9.915095813583451445e+01 8.806208720937654277e+01 6.794933747806329905e+01 5.643670877404794339e+01 5.016700047489786130e+01 4.442642362927134059e+01 5.990344774637799929e+01 6.820572867626681557e+01 6.528016088923034488e+01 5.112703954437800036e+01
4.608085242692564615e-02 1.004608085303413745e+01 2.418821768104574232e+01 4.418842912268544865e+01 5.356250730168448371e+01 3.984555221296912464e+01 4.743950286012017870e+01 2.761495345122076372e+01 4.698714162989279686e+01 4.716481174413302568e+01 3.472395594368907012e+01 2.117950837663933683e+01 3.520460646362301560e+01 5.499577498181123048e+01 7.349679209028013815e+01 5.941083952874059548e+01 4.272348478038967556e+01 3.782461939438306331e+01 4.418996271464531134e+01 5.832413178943802734e+01 7.818244722674521086e+01 9.168466385152582632e+01 8.341799000371771911e+01 7.980254746617482908e+01 7.980254746617482908e+01 8.623325885391824386e+01 9.450325967266613247e+01 1.060224349806130277e+02 9.067540185622095805e+01 7.055762545123295126e+01 7.591155458315230931e+01 5.590530575779523303e+01 4.877021926391114448e+01 6.283749088022452156e+01 8.289691702818532804e+01 7.943328223912614305e+01 6.755681906900944966e+01
1.610643649003322755e-02 2.001610643648931998e+01 3.833006988973082940e+01 3.955354748348706551e+01 3.723148070421232347e+01 2.607432753677056070e+01 3.195560366629457150e+01 2.099424866571201065e+01 3.955064882171979690e+01 2.581968861635028034e+01 3.262054210556479461e+01 1.753027123810241861e+01 3.737970483911673369e+01 5.611879780229918424e+01 5.454970994138583507e+01 4.531909931929293833e+01 3.110619994820649836e+01 5.116250319717956785e+01 6.414049770982647658e+01 7.236884020928262373e+01 7.876757962988276063e+01 8.019148342155325793e+01 6.353223701448995087e+01 5.993008159755986242e+01 7.559871901437696806e+01 6.633785658113762906e+01 7.780633321847575701e+01 9.774465334773496750e+01 9.900597988993669674e+01 9.067540185622095805e+01 7.222264245402929816e+01 7.591155458315230931e+01 6.871276077225154211e+01 5.557076903320308503e+01 7.557371444631436930e+01 8.279897727652452488e+01 6.273922585493813386e+01
2.022278438842990689e-02 2.002005155309121776e+01 2.463561592656042620e+01 1.844404028672382267e+01 1.855480349504068016e+01 2.536470650764665180e+01 1.207984973381646654e+01 2.686460656882319142e+01 2.938783324288934296e+01 1.129029425249511043e+01 1.263868102113294256e+01 1.399627743795321244e+01 3.401582148624158464e+01 3.611474566298910815e+01 3.453736134860217533e+01 4.193665995263038582e+01 2.716248568177343969e+01 4.298537717174334460e+01 6.531625432252150176e+01 5.941950982785747470e+01 5.941950982692809902e+01 7.130126537697273648e+01 5.207814262628239987e+01 5.001047769467611204e+01 5.574108738855066747e+01 7.559871901437696806e+01 9.450325967266613247e+01 9.993613492365678042e+01 1.082183613578085470e+02 1.006531815786841690e+02 9.232533126371360765e+01 9.199769428371705260e+01 7.188250921001920801e+01 6.129783894508110365e+01 8.136725616291080598e+01 8.837569762631433434e+01 6.826853831143701257e+01
6.642187732006160639e-02 2.006630059236058372e+01 2.643371987275702217e+00 3.740299216436525853e+00 4.844270749297717060e+00 5.955239397047657590e+00 7.079941574857715025e+00 8.237460067484496662e+00 9.400338821921611299e+00 2.913892083640165964e+01 3.259421348133811591e+01 3.401582142454331859e+01 1.609227671291924366e+01 3.611474566298851840e+01 2.036549150644254169e+01 2.189805745264314396e+01 4.001263423332872549e+01 4.593035262772389871e+01 4.825685710989262844e+01 4.013695879711627867e+01 5.382948847593473829e+01 5.754294295560458750e+01 4.317886257206680511e+01 6.305581868321047523e+01 7.559871901437696806e+01 8.385773793608409221e+01 9.669403857238226863e+01 7.998965090238428388e+01 9.669403857238226863e+01 1.008307646458664948e+02 1.091116397533615583e+02 1.003272652447112563e+02 8.970282021261247962e+01 7.023357937927369221e+01 7.546767042141270565e+01 9.561011607241856325e+01 8.050108007762560192e+01
1.591255364720534082e-02 1.097388694518956820e+00 9.967643118482902409e+00 2.338602851329628152e+01 2.483567404525114952e+01 1.473461514690401231e+01 2.706982940661957926e+01 2.822592840904329492e+01 1.300884585869686205e+01 1.285632130178574073e+01 1.547943312421445405e+01 3.543803206834404307e+01 3.609245551223664705e+01 1.821695689552755937e+01 3.736402631028740018e+01 4.193666862537077833e+01 2.431446519600985923e+01 2.627812501421703217e+01 2.826429902169111585e+01 3.028367092911834391e+01 3.389618170570342670e+01 3.762728684308040528e+01 5.754294295560458750e+01 7.130126589485368527e+01 6.999789044624770895e+01 7.330507355590229679e+01 7.692939874229981001e+01 6.851767504341765402e+01 8.672317340833221522e+01 8.087961778532967116e+01 1.008307646458664948e+02 1.131768752911133902e+02 9.870686312161724629e+01 8.185736256998910676e+01 8.971387645119364151e+01 9.474639720728242764e+01 7.460047652221591363e+01
6.189296070378335485e-02 2.006189295927665128e+01 1.869805896561802072e+01 2.245742254549210060e+01 3.937438439882816965e+01 2.642095953923443119e+01 4.316523973920217827e+01 4.230336175258322839e+01 2.212028510468650566e+01 3.286136799806340036e+01 3.543803206843571729e+01 1.932176160509947849e+01 3.927859337620345315e+01 3.824352771799822648e+01 4.652427759693426168e+01 4.490976988985943308e+01 4.490603576261473506e+01 2.958353616670393649e+01 4.825685711039265868e+01 5.026156835379919130e+01 3.389618170569152511e+01 5.384436529651851799e+01 6.575362651736031694e+01 6.544431810425884066e+01 5.015053398879986446e+01 5.346031055679595312e+01 5.707820749718682407e+01 6.187757827658788301e+01 6.682569630518943882e+01 7.343640940940834128e+01 8.492792586633576946e+01 1.048939377345523241e+02 1.103312989863895126e+02 1.020093387807185792e+02 1.098448977329811953e+02 1.030822616530546867e+02 9.474639720728242764e+01
2.247884206357958492e-02 1.937698176952439866e+01 3.515874249732232926e+01 3.927843870736098353e+01 4.706138822481759121e+01 4.643050855498336915e+01 5.471708222159240620e+01 5.070238575712814821e+01 3.118128053420588941e+01 5.070238575712814821e+01 4.461267417577658989e+01 2.465501328145095883e+01 2.389959063002123685e+01 4.385739987483596991e+01 5.684316380243815559e+01 6.617091027121976765e+01 5.790858516991067972e+01 4.962217069042551287e+01 3.515559257549824679e+01 5.517439304709834857e+01 5.384436649070323000e+01 3.759560661954305516e+01 5.751110423046704057e+01 4.558361716736984448e+01 6.544242049622546631e+01 6.336521836800946517e+01 7.692935080010600757e+01 7.109745589860307291e+01 8.672317340833221522e+01 9.336655540779423745e+01 8.751751427822027551e+01 1.074873898296894907e+02 1.171689120362389502e+02 1.089234328059285133e+02 1.171689120362389502e+02 1.204149683487688378e+02 1.121499693050786846e+02
