MOVIE_S10_data/elevation_000814.asc
nrows	100
cellsize	150.0
xllcorner	0
ncols	100
yllcorner	0
NODATA_value	-9999
[rows 34 to 50 of 100, columns 37 to 73 of 100]
3.937134500106871826e+01 5.934361282131073523e+01 5.998932338086607530e+01 7.994434585695012174e+01 9.648732658414164121e+01 9.920572623584835981e+01 7.927041502091691427e+01 7.709011261302654816e+01 8.447996807311302803e+01 7.621771846065338707e+01 6.066910800177551977e+01 7.220020273448542980e+01 9.213406462804103114e+01 1.055470058782918557e+02 8.583116776164860084e+01 7.188602723039956288e+01 8.251677976676080561e+01 1.022425240753035354e+02 9.968519467122885658e+01 7.978495616930766232e+01 8.343671601326897758e+01 7.665333418060754411e+01 6.609245171409510533e+01 5.768597159127004659e+01 3.972445390485952288e+01 4.506805596975772943e+01 5.087942449228059161e+01 7.111016932074056740e+01 8.371478429781595310e+01 8.942781552861896444e+01 7.884638299863665623e+01 6.032302291794405136e+01 7.884638299863664201e+01 7.056707100842193370e+01 6.390252635208219090e+01 4.719323879493661877e+01 6.385775812452568090e+01
5.934361282131073523e+01 4.367796000380138821e+01 6.365113948832269841e+01 6.828074921524370211e+01 8.238430590238044715e+01 9.389996225573034394e+01 9.920572623584835981e+01 9.702399909818539925e+01 8.561180724602310477e+01 6.566555465316228890e+01 8.062524409780785106e+01 7.478702263424825958e+01 9.471995753527119177e+01 1.055470058782918557e+02 8.583116776164860084e+01 8.072227555882888339e+01 9.980597166666058229e+01 1.104681528366936760e+02 9.495101876373571770e+01 7.500766426702912781e+01 6.338910048091740634e+01 5.700827319259927606e+01 5.142980699915405296e+01 4.625743759183116310e+01 4.125894278178905239e+01 6.131998490634266119e+01 7.110947772304784564e+01 6.101824249918536935e+01 7.532455000647297538e+01 9.539174765633079289e+01 8.897714502354592980e+01 8.045338790080435842e+01 8.897714502354592980e+01 9.058078541125226479e+01 7.542694123806941775e+01 6.715903594564261425e+01 6.085878854770165702e+01
5.366979098472224052e+01 5.183633368378188067e+01 4.944616411093763020e+01 5.415822174967206593e+01 6.569260863098503478e+01 8.563495568693882376e+01 1.012747228443503218e+02 1.090208807481547097e+02 8.925183350003766236e+01 6.931458860768968577e+01 8.925183350003766236e+01 9.471995753527119177e+01 1.029859841185515279e+02 1.137807755716726632e+02 1.055470058782918557e+02 9.206580342748650025e+01 1.086317096647795495e+02 1.196816931661542469e+02 1.031335331912199962e+02 9.165117450784207165e+01 8.343671739871118120e+01 7.709710407274651800e+01 7.150816002181032616e+01 6.297298860232059070e+01 4.289011878540878087e+01 5.708768639398903844e+01 7.721371708442592308e+01 8.120209611870551214e+01 7.532455000647297538e+01 9.539174765633079289e+01 9.630394612026630341e+01 8.480389321720251417e+01 7.656879827299691499e+01 7.915576971705313269e+01 7.897107093071684858e+01 7.071925586337630421e+01 5.259224958187328980e+01
7.363248799186490601e+01 6.077380832071274597e+01 5.838511650088516802e+01 7.412123624591097837e+01 6.309544867680821056e+01 7.307609558553453155e+01 9.300647594583173827e+01 1.007517606566631230e+02 8.083330253804672338e+01 7.367486685448379546e+01 9.359981326986796546e+01 1.093939009434415084e+02 1.183092374975696828e+02 1.298380320119534019e+02 1.200604943938695897e+02 1.118101868066919309e+02 1.113208931802958688e+02 1.033558184334282828e+02 9.167203188650097445e+01 9.536446412572760778e+01 9.334236866297972313e+01 7.897113699302394707e+01 7.058629145185133780e+01 6.463843143825371840e+01 4.454638032574352025e+01 6.463843143825241100e+01 8.265849725745589183e+01 9.079955698124494745e+01 9.539174765633079289e+01 1.036310284518418143e+02 8.809001195522608896e+01 6.813468449274759564e+01 5.650494248769156513e+01 5.911516996646816580e+01 7.071925586337630421e+01 5.062718635281707691e+01 5.651201726438839756e+01
8.898810773217600456e+01 7.229895828790668588e+01 6.991377668294677505e+01 8.660337437619263312e+01 7.461772718723213416e+01 8.304128576568308517e+01 1.012747228443503218e+02 1.007517606566631372e+02 1.007517606566631230e+02 8.259346132696862242e+01 8.121512648471959039e+01 9.011646787956796345e+01 1.015983681023156464e+02 1.215506452546925829e+02 1.197620706698391331e+02 1.115840215028992333e+02 1.033558184334282828e+02 8.345283975704877832e+01 7.725428159184902199e+01 7.502586946663751633e+01 7.774053253305181954e+01 6.459990268526961188e+01 5.057794666341963108e+01 4.809892112012128251e+01 4.674031145805139431e+01 6.683788497024403341e+01 6.263329381232817639e+01 7.684988042776963368e+01 9.668177913788851185e+01 9.254543370239164801e+01 8.257648071513287391e+01 7.433913550361050682e+01 6.498492573436915620e+01 4.485111160124821339e+01 5.598081032476820695e+01 5.205723703427549509e+01 3.646471177056290713e+01
1.005019176969325514e+02 9.223344902401080958e+01 8.985044904078533534e+01 9.811749358699879053e+01 9.454808077411335887e+01 1.028175196183665179e+02 1.112553797440767198e+02 1.207019527502863667e+02 1.107747078335565192e+02 9.408170002696370204e+01 9.528715911913495518e+01 9.380103577250606861e+01 1.078778207196317709e+02 1.278511905348714350e+02 1.115840215028992333e+02 9.161197299477110789e+01 9.746165056861518394e+01 8.928228724554907103e+01 6.884623429409428752e+01 6.012814337829910727e+01 5.700555029605750690e+01 5.421086513863321699e+01 7.058629145181303954e+01 6.196190099463048995e+01 6.684236009735552386e+01 4.989666203621829510e+01 7.002040156593199072e+01 7.346619344839012911e+01 9.378118392946568349e+01 8.432929433931163032e+01 6.434897666790929804e+01 5.425129973633745806e+01 4.748925315150286508e+01 4.142688029588402543e+01 3.597443355320173453e+01 3.215424963729147834e+01 3.158400053286072406e+01
1.001449554261253780e+02 9.178170077182736009e+01 1.001449554261253780e+02 1.037466682381807459e+02 1.068310661839041273e+02 1.152242433494082974e+02 1.131648734381861203e+02 1.153838106708879678e+02 1.222917985353654302e+02 1.140094906784958511e+02 1.152185034391602443e+02 1.137278833710501118e+02 1.220079685776719742e+02 1.230098944972771164e+02 1.032197019501855948e+02 8.900319544353811807e+01 7.720207203604734048e+01 7.018610944811683794e+01 6.577375172351908361e+01 8.093004668106456734e+01 7.175766457102128015e+01 6.866659554281839917e+01 7.466204864105260697e+01 8.230480670683751043e+01 7.799449177996500282e+01 6.978838155996429293e+01 5.325707706930973018e+01 6.753857166953579849e+01 8.796540774334496859e+01 9.254543370239164801e+01 8.257648071513287391e+01 7.433913550361050682e+01 6.764319024785277179e+01 6.156654957539665673e+01 5.598081032463372253e+01 4.688870387474655388e+01 2.680422318884981081e+01
9.017715067066804124e+01 7.195174608161595131e+01 8.371836968488284469e+01 8.371836968488243258e+01 8.669901721473897283e+01 1.068310661839041273e+02 9.295010355963204063e+01 9.515967442871223625e+01 1.153838106708879678e+02 1.127233880934261379e+02 1.043324159248608112e+02 1.127233880934261379e+02 1.163662103511881440e+02 1.247547859010120419e+02 1.104784475614896735e+02 9.039551729460848151e+01 7.847697257155120099e+01 9.070845772442584121e+01 7.798036492794147989e+01 9.478694493430569423e+01 9.218445350893502166e+01 8.913635282378338331e+01 9.500966068663537101e+01 9.102897286913351138e+01 7.113902170075401443e+01 5.690227404684569734e+01 7.340585900275384290e+01 6.935874653897313635e+01 9.243983451203709478e+01 1.005865968682056604e+02 9.242540364738724179e+01 9.026623985419692531e+01 8.603439339210336811e+01 7.783633642569675715e+01 6.438847928627964734e+01 4.346217922267747014e+01 4.631133852544063245e+01
8.186672342672179070e+01 6.213842943741487801e+01 6.397260975118320658e+01 7.274556167779709881e+01 8.222191861439014815e+01 8.818645747297318849e+01 7.888216222838606484e+01 9.887087257693487174e+01 1.075529691040518543e+02 9.916838934681160822e+01 8.414830493452234350e+01 9.982030798069568789e+01 9.610170128038163284e+01 1.158691671618954331e+02 1.186626000090588491e+02 1.059087633946437279e+02 8.547695199847996150e+01 1.059087633946437279e+02 9.902307841258273413e+01 1.065867677650153098e+02 1.018195941295640239e+02 9.745336360956621036e+01 9.335569996988466812e+01 9.131558051386041086e+01 7.956980064172445566e+01 5.955440716323820993e+01 7.722962933415116993e+01 9.191194640545985806e+01 1.002579128298689284e+02 9.155102342412175176e+01 7.265942756312195172e+01 7.049597534781918284e+01 7.109445484063738263e+01 5.794487423242055257e+01 6.213013439544802452e+01 6.395501357077572635e+01 5.682812327133975572e+01
7.441012918568237922e+01 5.430882236854583311e+01 7.441012918568237922e+01 7.443141274187580336e+01 6.235994788203658601e+01 6.840432003155865459e+01 8.818645747297318849e+01 9.234723466045338114e+01 9.594589682224410865e+01 7.912156460601747199e+01 7.430232819956745516e+01 7.970152097115058609e+01 8.721837094122021483e+01 9.890631902646696005e+01 1.191860993662409527e+02 1.141343817796780797e+02 9.630144623243677415e+01 1.141343817796780797e+02 1.141521192659684800e+02 9.609874753425700078e+01 8.248135904400385243e+01 7.796461595469244799e+01 7.374129254217473317e+01 8.318333081731282164e+01 6.359537993101284314e+01 7.956980064172438460e+01 7.376088401075082857e+01 9.359425263417223562e+01 9.365117744578262204e+01 7.476191334732371274e+01 6.392979702247588847e+01 5.655234751927982728e+01 5.128484067887011122e+01 4.649039973660834590e+01 4.226950448497641588e+01 5.638246359559736476e+01 5.254565256499994064e+01
6.979857313047151024e+01 4.905523018330192997e+01 6.740854521049814707e+01 5.406766714070239743e+01 7.443141274187632916e+01 8.818645747297318849e+01 8.660634759366483593e+01 7.250912362425289359e+01 8.202035104403356058e+01 6.788728849490108530e+01 8.759434968631683205e+01 9.982030798069568789e+01 1.074775627279659460e+02 1.158691671618954331e+02 1.275718012922052651e+02 1.253980526663302726e+02 1.136162859439368447e+02 1.185588876916841201e+02 1.004866220800110597e+02 8.984841809315541639e+01 1.018195941295640239e+02 9.745336360956621036e+01 8.207125547396208276e+01 6.798518600672252887e+01 8.353209134461076246e+01 7.774516578932296795e+01 9.359468942829992955e+01 1.016812230037280500e+02 1.016932915483521498e+02 9.157286811811552241e+01 8.344062714760733002e+01 7.628655175588544068e+01 7.109445484063738263e+01 6.635199537383350332e+01 5.647873755365839799e+01 3.655464332390693016e+01 3.466830825235909685e+01
6.527078975456930721e+01 4.407496119009718427e+01 4.635938717059429592e+01 6.740854532120832232e+01 8.231877858153222860e+01 7.785656729855941194e+01 7.342041162923939623e+01 5.872293105448459727e+01 6.243766808050082773e+01 8.202035104403356058e+01 9.594589682224567184e+01 1.021197974313086121e+02 1.104544422134773640e+02 1.116996613356244694e+02 1.200202797320132078e+02 1.295206008451851574e+02 1.355099271915673285e+02 1.212413700442109672e+02 1.148650112150318705e+02 9.597703695608252872e+01 1.148650112150318705e+02 1.099996213375463725e+02 9.297917005680257319e+01 7.314722675595103851e+01 9.297917005680257319e+01 9.177773038297122810e+01 1.055645043321901539e+02 1.042984868230700926e+02 9.433188656791902815e+01 8.607493783046501790e+01 7.941588665528546187e+01 8.767704484429347644e+01 7.104524244600963812e+01 5.959411362704075543e+01 3.964597358281578465e+01 5.647873723614163310e+01 3.688024523271271704e+01
5.720102916981218044e+01 4.024596193553714585e+01 6.073119204655574066e+01 7.374858337932660390e+01 7.573854040144091471e+01 5.954608980347767044e+01 5.371590834284835836e+01 7.342041162923939623e+01 7.890600777580711167e+01 8.254302592008772876e+01 8.639488607691974664e+01 8.202369337169646712e+01 9.522076535561097899e+01 9.151721799790740874e+01 1.010371975687768753e+02 1.165267765420527013e+02 1.266092897359726379e+02 1.279775336102861587e+02 1.094336266019966644e+02 1.094336266019966502e+02 1.225941115174139782e+02 1.182281498521437584e+02 9.869539751064544930e+01 7.889896976500837411e+01 9.869539751064544930e+01 1.113249057831135502e+02 1.101218802590440760e+02 9.020877902363415046e+01 7.610868431989857186e+01 6.609778430492644929e+01 5.941070240853670725e+01 7.124880438613568856e+01 6.277173933915209147e+01 4.280067141405000797e+01 5.959411362704075543e+01 5.906834934351291366e+01 3.912092881063870209e+01
3.714848842625652736e+01 3.867670857405373397e+01 5.631761234956665163e+01 6.232996686140912601e+01 6.432207470666018878e+01 4.883744447579738335e+01 6.875639884264396073e+01 7.392492668116675247e+01 5.929547189566215337e+01 6.295708380659749537e+01 6.675417597360282684e+01 7.074687327923902558e+01 7.526567877778340687e+01 8.088848534480990793e+01 8.793884332250483737e+01 9.809163593267830095e+01 1.183102148294360347e+02 1.357545964328314199e+02 1.279775336102861587e+02 1.279775336102861445e+02 1.239183921013185881e+02 1.043197634492889563e+02 9.037588065721378427e+01 9.293463082470258030e+01 1.068575084802979802e+02 1.107867824159700376e+02 1.053784523258797066e+02 9.712216034836356471e+01 9.433188656791902815e+01 8.607493783046501790e+01 7.124880438613568856e+01 5.123417743715283024e+01 4.608777392891391855e+01 6.277173933915209147e+01 6.277173933915209858e+01 6.137365148579206675e+01 4.140914930367377167e+01
5.505505735472709716e+01 5.874769644656909406e+01 4.086449765588769623e+01 4.254808903546922494e+01 4.425909131794871598e+01 4.634142320619700683e+01 6.619681414284373488e+01 5.419111716168448822e+01 6.814115743189323382e+01 8.254302592008772876e+01 8.639488607691974664e+01 9.051730634282887422e+01 9.522076535561097899e+01 1.010371975687768753e+02 1.082009253810571323e+02 1.165267765420527013e+02 1.266092897359726379e+02 1.234913979032891831e+02 1.152241606809815551e+02 1.126319437782072015e+02 1.209003801592451737e+02 1.182281498521437584e+02 1.100600688795070283e+02 1.126031185718407528e+02 1.107867824159696539e+02 9.087901180061386697e+01 9.387416251676158652e+01 7.719881244043986612e+01 8.154061295503966278e+01 7.769054266729014557e+01 6.996869778420619923e+01 4.995580556729569111e+01 5.762737279604194640e+01 7.435349437886094393e+01 8.275442366519017412e+01 6.372848724261983477e+01 4.374704327773710588e+01
6.586630739590739836e+01 4.685874187572956373e+01 6.152478730910574001e+01 6.262760073980273745e+01 5.850962197851807645e+01 6.636610389232602358e+01 4.935873170585598757e+01 6.929227802835566763e+01 8.216253888742809863e+01 9.618392034292890003e+01 9.315579104522180387e+01 9.876633051741032432e+01 1.049188920304749075e+02 1.121657905790341658e+02 1.206252967419966353e+02 1.324315008838091501e+02 1.287055719642096108e+02 1.152241606809815551e+02 9.522167057113917110e+01 9.262384798096087479e+01 1.093565342372142766e+02 1.158979121797506906e+02 1.241150241998451378e+02 1.194948200054295455e+02 1.095370426518677647e+02 9.453215577463230090e+01 7.460265051417341908e+01 6.563746667570676152e+01 6.153506090165963371e+01 5.767133675037279517e+01 5.395121110285978716e+01 6.996869778420546027e+01 7.762898764413122876e+01 8.589281111401263047e+01 8.542870921243292059e+01 6.633215493474300217e+01 4.633299102716385676e+01
7.484884775729240403e+01 5.846123084060868536e+01 5.382670368380237846e+01 7.347077203049788352e+01 7.835457691140409509e+01 7.196560173223700474e+01 5.213970252392156368e+01 7.196560173224867185e+01 8.425153153769413450e+01 8.584877743577469289e+01 7.314471013576472558e+01 7.853724276741984056e+01 8.451315399205847712e+01 9.166846615400514509e+01 1.035123249372353769e+02 1.239866444765071520e+02 1.204407479335374518e+02 1.004495387305597518e+02 8.887272963340795684e+01 8.102500704924099750e+01 1.010802642836951151e+02 9.602170531246275686e+01 1.126459747906152273e+02 1.112282476686961985e+02 9.132997243643197294e+01 8.137664825469036600e+01 7.382451125378543111e+01 7.978485245627842914e+01 8.154061295503966278e+01 6.213934361596680844e+01 6.397866103494186518e+01 6.812311853322813704e+01 8.809610030795232660e+01 8.869864312016912322e+01 6.874133517591995712e+01 5.716487346485961041e+01 4.899249386620791569e+01
