MOVIE_S10_data/elevation_000516.asc
nrows	100
cellsize	150.0
xllcorner	0
ncols	100
yllcorner	0
NODATA_value	-9999
[rows 17 to 33 of 100, columns 0 to 36 of 100]
5.222468517465790605e-02 1.419080858785208932e+01 3.408530448012739811e+01 2.558018800035487672e+01 7.687251926639477873e+00 3.030217007170621812e+00 5.831348208211576178e+00 2.669793287677849492e+01 3.992958759209472674e+01 3.599971726284398699e+01 2.864345672584186886e+01 7.857620242700459556e+00 1.869858742920445849e+01 3.442935884504550614e+01 5.130756660203882547e+01 4.567704136477703258e+01 4.347336765319315077e+01 2.362017786378309125e+01 3.372913784053358199e+01 2.216800678777110534e+01 1.436347494562285299e+01 3.580066120316853073e+01 4.684667186421310703e+01 5.042023713845405553e+01 4.794032449262750362e+01 5.393406995424327022e+01 4.064154790304228015e+01 3.776921263196560119e+01 5.653284218096113278e+01 6.043497834720912465e+01 4.066071320466978989e+01 3.433548318035964542e+01 2.520172747249448975e+01 4.550603879208861002e+01 4.669216938430737684e+01 6.613826776974751454e+01 8.118329386907026901e+01
7.333276091007127906e-02 2.007301262513054851e+01 3.409502207924020212e+01 3.386104337591554980e+01 1.979002984443236457e+01 2.302654056013774309e+01 1.485220565590127961e+01 1.242631301329601534e+01 3.338809989911133158e+01 4.051289311181425745e+01 2.200461179039033510e+01 8.413599326741628914e+00 2.780883068091445764e+01 2.477109693959668846e+01 4.344424402298747623e+01 3.221962045620505677e+01 3.951725692767483622e+01 2.753963246324338954e+01 1.308057106666554326e+01 1.363225957921834919e+01 1.421985099143769027e+01 3.425202727700066418e+01 4.211383661238190967e+01 3.299647281585534841e+01 2.228490342730139062e+01 4.114690201538132186e+01 2.936232355042942288e+01 4.845650426897048391e+01 6.347033609985693658e+01 5.126157709237141802e+01 4.308464919125560755e+01 2.400397423288390542e+01 4.428935906107321330e+01 3.339402851933415661e+01 5.332993128379506942e+01 7.026897237195802859e+01 7.903104575805524235e+01
6.343274376862209629e-02 5.836935436708380109e+00 2.583754986337915227e+01 4.355309313785590319e+01 3.962510834824013983e+01 3.180671524566929165e+01 3.547819488547557398e+01 3.338810012432708163e+01 2.025166243277500655e+01 4.055075879350366108e+01 3.583500468797715399e+01 2.223369459327868469e+01 9.193344873958471553e+00 2.797607974594598090e+01 3.012047703824138267e+01 2.081782918494013046e+01 3.131432465585483627e+01 1.231385615482079743e+01 3.045460956978288891e+01 3.005038777883257950e+01 3.289752758015119838e+01 1.506418548939517166e+01 3.381058744558023932e+01 1.684237713218209720e+01 1.749137405964177105e+01 2.234389783931610296e+01 3.889829693636126962e+01 4.435049973980729732e+01 4.960950422627225720e+01 4.188569352343483843e+01 2.281885401375789613e+01 4.232483589026633553e+01 5.223340866592519660e+01 5.332993128379784764e+01 4.249093777557250462e+01 5.133011799987556856e+01 6.508952910753009746e+01
3.497053469895897854e-02 2.003497053469860489e+01 1.526502932922782030e+01 2.940741798104403060e+01 4.941050267988068612e+01 4.599828849399984421e+01 5.308620317752564688e+01 3.324913568418023146e+01 4.057827229024801596e+01 3.060185388438592469e+01 4.932286572879648645e+01 3.610801135315999488e+01 2.260130538406983192e+01 9.960563100245781953e+00 1.049558456659525518e+01 1.102256345115575797e+01 1.155741755201081666e+01 1.787085017034216605e+01 3.618832481475968876e+01 3.886298675152929150e+01 2.681374427065950883e+01 2.101263381218272031e+01 1.593173955043454981e+01 3.610000802695746813e+01 3.761362043064706029e+01 1.842480947296817106e+01 1.908642301686830223e+01 3.839632157140263047e+01 4.077054850297989219e+01 2.163384126702056420e+01 4.188508433034466094e+01 5.044392963008277064e+01 6.167390858237678941e+01 7.027113552671896457e+01 6.211094326989718439e+01 7.027088060391569968e+01 7.903103581131222199e+01
9.635555453094322986e-02 2.009635555453058942e+01 3.526618584468405970e+01 2.940741798104403060e+01 4.941050267987946398e+01 6.572839127899682410e+01 6.114604786632263256e+01 4.733128032519232420e+01 5.881043581641925755e+01 3.958248772239409163e+01 5.887865372869899261e+01 4.447632984486651964e+01 2.425421100546311948e+01 3.020496972750311926e+01 3.036725951130028278e+01 1.333546868166626176e+01 1.923787218114219755e+01 3.174910899046602708e+01 4.636583334841225934e+01 4.389904757240176991e+01 4.536946754944398208e+01 2.797777252485417065e+01 3.622266621565644584e+01 1.976490076326459544e+01 4.009400974867555334e+01 3.940648802306619558e+01 3.929074561032986423e+01 2.002468632200056931e+01 2.068888048686422820e+01 2.695523923489304252e+01 2.318953503605116495e+01 3.647480696250035948e+01 5.186063725315589323e+01 6.585558676370598619e+01 7.145327921448152608e+01 7.145328414445326359e+01 7.964693435351173889e+01
8.845047570523793812e-02 2.008845047570488163e+01 3.836451115931736666e+01 4.941050267987946398e+01 5.769932311930373459e+01 5.580964452193746439e+01 6.416656996648713118e+01 6.683467941887778352e+01 6.782778550438132470e+01 5.367676460535937366e+01 6.787573867604480427e+01 5.374375552792656663e+01 4.499525438463873428e+01 4.086963087714914877e+01 1.971632686817591917e+01 3.429950424509458173e+01 1.725337534142476414e+01 3.688365975136236585e+01 5.085299235084458047e+01 6.226208297793235147e+01 5.673067525889089069e+01 3.984382551094849134e+01 4.848349078616394792e+01 4.009410092618968946e+01 2.378565981823033582e+01 4.411387058380925197e+01 4.908164817206027664e+01 4.042373314890520675e+01 2.700935132311885312e+01 4.284453745330217345e+01 4.289801632021690381e+01 2.473454402365382876e+01 4.461735326506779842e+01 4.619637411129960469e+01 5.190739618598716731e+01 5.190739618900727947e+01 7.145328423901514725e+01
8.023991185656004221e-02 1.008023991185647361e+01 2.422237553558717238e+01 4.422237553558645828e+01 5.019185723133392685e+01 3.575207354719563568e+01 5.129001356977327220e+01 5.960257129090757644e+01 6.962585494981486534e+01 7.374007827259200099e+01 7.422326737533907703e+01 6.437456565741487680e+01 4.780525236494815999e+01 2.716197186869545277e+01 4.086963087714914877e+01 4.215735023225670375e+01 2.187484769486001213e+01 2.285081253252621281e+01 4.306547672304336771e+01 5.842953822783687201e+01 6.838086374861647698e+01 6.008658149729133413e+01 6.133989291150920309e+01 4.107729310185670357e+01 2.670368537789742192e+01 4.107725358265170001e+01 6.133591947022598845e+01 5.430279460729278185e+01 3.399802153093145307e+01 5.435978967272404816e+01 3.970931917176977777e+01 4.438381686378388480e+01 2.628606583131646346e+01 4.619637428699359560e+01 3.795109245345614823e+01 5.763225415555519504e+01 6.302467872902758472e+01
4.598823041778624804e-02 2.004598823041743216e+01 2.756807572354579960e+01 3.156897963259936191e+01 3.018179143169052381e+01 2.420406643320150408e+01 3.127517852463076053e+01 4.127596786965614228e+01 6.130406515260839484e+01 7.998705196489486013e+01 6.010519578856463596e+01 4.609086010739111572e+01 3.606204662303697717e+01 3.929151929959456169e+01 5.619053628591620253e+01 4.778134066079095987e+01 2.729146217186428558e+01 4.306547672304336771e+01 2.951803921951738019e+01 4.383600617235823904e+01 6.433205562257903409e+01 7.451048909657713182e+01 5.424069060403322595e+01 3.994481849338669832e+01 2.979476481866304738e+01 5.006152994848573456e+01 6.390015360583365123e+01 6.503803336039631233e+01 5.001750659872372040e+01 5.534392153137828529e+01 5.236631057996604000e+01 5.422103363911824658e+01 4.610392836631525881e+01 2.786682333137630962e+01 4.779168251097144804e+01 5.072143516640718985e+01 4.607683260558687977e+01
7.340434288523949025e-02 3.787311106426331619e+00 7.566955836520690148e+00 1.156695583658152415e+01 1.603909179369100002e+01 2.758624048298417364e+01 4.759421141725859172e+01 5.960257129115144892e+01 6.962594060248933658e+01 7.416464092570888056e+01 6.521731334837343752e+01 6.437456565616167836e+01 4.554369345195233620e+01 5.943522800259135863e+01 6.784913144777017635e+01 5.388887329390608016e+01 3.338424191868553237e+01 5.388887329390608016e+01 4.983916006879309180e+01 3.747931005327425424e+01 5.175440098617199425e+01 7.244903023712258516e+01 6.852175257199786529e+01 5.589754214676247557e+01 3.568089622110752401e+01 3.545198801148072221e+01 5.508068083461594000e+01 6.961535966964875399e+01 7.340950557075359484e+01 7.588929373418700663e+01 7.093967687338654571e+01 7.166026436848360959e+01 5.590425328715846121e+01 4.776387457728086616e+01 2.951034788313653578e+01 3.085124022145206979e+01 3.221476794589062109e+01
3.515918393995972474e-02 2.003515918393960504e+01 2.756807572354579960e+01 2.311403258706872776e+01 3.604260401241704415e+01 4.433650717016357845e+01 5.589248179542512673e+01 6.466439299493684700e+01 7.303205342323988702e+01 6.182490591364465615e+01 4.475756043696948439e+01 6.182490589232313738e+01 6.505919260644554925e+01 6.235641502371751699e+01 8.109510925428651262e+01 5.886767741435129153e+01 4.043935169152173614e+01 6.106348514066849020e+01 6.646774236935047497e+01 4.646965423418010488e+01 5.175440098617199425e+01 7.244903023712258516e+01 7.243828370715846177e+01 5.218015633200693060e+01 4.330844491734153934e+01 5.564911118890284314e+01 4.154248588101463469e+01 5.158640647952533698e+01 6.578179968504028352e+01 8.566916418496001029e+01 7.587564849860677896e+01 6.391394023182071749e+01 4.459121778706271044e+01 3.307236929863687891e+01 4.941690237252824147e+01 4.494372027979856909e+01 5.173603951424200176e+01
4.608085242692564615e-02 1.418821647615800075e+01 3.418821647615870774e+01 4.311865208444640984e+01 5.141154789421965887e+01 5.874742990197672299e+01 5.037971410929190341e+01 4.446280638071319657e+01 6.466439299493684700e+01 5.329662139253378683e+01 3.319162023703831466e+01 5.329662139253378683e+01 6.606707093439040079e+01 8.161725678806020312e+01 7.742996684060719303e+01 6.974840538849652205e+01 5.229173709950176629e+01 6.974840538849652205e+01 7.571269871187357126e+01 5.815219281582206889e+01 7.244903023712258516e+01 8.118446956664072900e+01 8.075077644260633747e+01 7.189581808723755785e+01 5.231991253821025367e+01 6.678469179786074506e+01 4.656423141189867465e+01 6.678469179786074506e+01 7.979227489998417866e+01 8.039095302446374092e+01 6.770470201973017765e+01 4.821358711882950843e+01 3.678589563563598830e+01 5.286224473476071495e+01 6.099621852303700109e+01 6.400254959460237103e+01 5.657149920906913820e+01
1.610643649003322755e-02 1.420883088679015316e+01 3.455559408787888032e+01 5.234080969486529966e+01 4.830679796005193083e+01 3.995501951018223963e+01 2.953032491107255453e+01 5.037971410929190341e+01 4.658251355892713974e+01 3.828413412526366955e+01 2.612761190783650989e+01 3.766860088151267405e+01 5.771827557516169094e+01 6.673269951167701208e+01 5.741721218711787600e+01 7.157175239814016265e+01 7.304591580049873301e+01 8.179172502970780556e+01 7.898035602286478252e+01 7.907202887280740811e+01 8.782294170477054251e+01 8.708291262385471043e+01 9.540398718329821293e+01 8.094919079215783597e+01 6.405023026728815694e+01 7.319833337657094319e+01 5.291661789188850662e+01 6.307226467292094441e+01 8.330309821111049473e+01 7.219785008174976326e+01 5.275080204230894765e+01 4.295814420799237610e+01 5.645150158493684955e+01 4.165205729607640706e+01 6.119028558806983398e+01 6.145198413316749964e+01 4.206208652067047638e+01
2.022278438842990689e-02 1.963372879739615229e+01 2.933414954337061431e+01 3.272969241599624013e+01 3.993455478583872065e+01 1.838831489329488633e+01 3.401849642523121986e+01 4.192324016792183983e+01 3.828192239531356478e+01 1.829691193710608133e+01 3.828413412526366955e+01 5.447344405709956305e+01 6.087485186464085984e+01 4.672323809271338746e+01 4.327041419673724931e+01 5.741721218711769836e+01 7.742996683516565781e+01 7.312863511582970943e+01 5.895372413645341680e+01 7.312863509755464975e+01 7.288045926895128446e+01 6.699761047037904405e+01 8.708291262385471043e+01 9.260774899100495361e+01 8.435027944531606181e+01 8.038094710485646033e+01 6.006544760919953774e+01 8.038094710485646033e+01 9.155368788220106069e+01 8.039095302446374092e+01 6.733296446274739822e+01 4.789841085987526981e+01 6.463088930819962741e+01 4.516819188670778829e+01 6.463088930819962741e+01 6.479584807284744841e+01 4.529793829769582914e+01
6.642187732006160639e-02 2.388427080415244763e+00 1.286930657965459268e+01 2.416510988661933368e+01 2.538499963814417981e+01 1.222136226453559793e+01 1.713064023392388080e+01 3.374002348238356319e+01 3.160321244612716285e+01 1.358578619881080840e+01 3.356965457284925947e+01 4.389538593806012301e+01 4.473813458510465324e+01 3.258108534812895130e+01 5.258387365443724093e+01 7.157175239814016265e+01 7.488670336988353426e+01 6.417882864438517743e+01 4.491407309559384942e+01 6.220462342893085150e+01 5.290779925354497237e+01 7.288045926895128446e+01 8.123347301492653116e+01 8.162454396133517776e+01 9.023559644616680941e+01 8.864720195521155688e+01 7.184396628248437366e+01 8.864720195521155688e+01 8.993534183112856795e+01 7.027041843575412372e+01 5.909825043670903710e+01 5.477939773498344067e+01 6.823425956378308399e+01 4.882984445004330354e+01 6.823425956378308399e+01 7.299070798201897503e+01 5.903043670491001649e+01
1.591255364720534082e-02 1.230018773326724046e+00 2.597772554807758372e+00 4.003562246296576532e+00 5.332554060289051989e+00 6.597245829118874028e+00 7.879965702195902644e+00 2.787655791116638326e+01 1.163849350267815197e+01 3.162855474433863989e+01 1.562911271016909787e+01 3.560882628405585848e+01 2.474521505858984938e+01 4.473813458510465324e+01 6.087485186464154907e+01 6.126717084488826259e+01 6.082839972145417562e+01 4.673908552201832123e+01 3.602489828660665694e+01 4.232107709636471071e+01 6.220462342890451168e+01 6.583935792666252951e+01 5.653943854561414639e+01 6.482014831700826107e+01 7.806274320735556671e+01 9.078859658465991345e+01 9.204267977983738547e+01 1.002397197749397577e+02 9.822304194242776987e+01 8.681143118184823493e+01 7.858179301521572313e+01 6.206309781145072435e+01 7.203411888201566171e+01 5.265892815735938370e+01 7.203411888201566171e+01 8.695097689350590997e+01 7.390930447127526293e+01
6.189296070378335485e-02 2.006189296070334294e+01 2.295571855488265811e+01 2.416633108138532648e+01 1.638159439242454596e+01 1.277097884498603086e+01 1.690385908694644357e+01 9.709415111363002282e+00 2.970490474383500157e+01 3.991353168265870721e+01 3.560882628405585848e+01 1.768992488392205686e+01 3.766957009858047911e+01 4.813814297679200394e+01 4.501977946062553571e+01 4.133097586485826724e+01 4.936101248983518985e+01 3.267029797043804962e+01 5.257826421800440642e+01 3.986579591178897175e+01 4.290200591847985834e+01 4.596239534931610393e+01 4.928907740991693487e+01 5.268082305594371917e+01 6.371179279901947012e+01 8.260875145587517920e+01 9.149102860154101791e+01 9.974355973324649938e+01 1.097242253568174419e+02 9.406044264493515072e+01 7.431552327824626047e+01 8.157265916191391852e+01 7.607717637020692791e+01 5.668776869108253891e+01 7.607717637020692791e+01 9.196027947369765343e+01 7.223172880975866406e+01
2.247884206357958492e-02 1.416461454488881344e+01 3.416463778357027081e+01 4.184827368507743728e+01 2.410657088070298570e+01 3.703707614385710656e+01 2.692976272934574666e+01 1.567374572924479104e+01 1.667950740099626827e+01 3.640151201792509994e+01 4.593909019573234787e+01 3.764815134147638531e+01 1.986652137900159687e+01 3.984993028239695434e+01 2.508243288211705391e+01 2.723507363685350668e+01 2.942778008624284070e+01 3.994164530330481711e+01 5.826277752947208910e+01 5.974208823223303000e+01 4.920668759807514903e+01 5.997009761805193051e+01 6.910151149485072608e+01 7.258006698778871169e+01 5.819049990361179425e+01 6.416678930350477117e+01 7.132250020556769243e+01 8.149463998408744203e+01 1.014874172189944233e+02 1.023682609522915641e+02 8.821739113000192845e+01 8.587007693136253295e+01 6.628554480795664006e+01 6.221622319967709558e+01 8.170233122801698755e+01 9.391361382979705752e+01 7.417189873480494100e+01
