MOVIE_S10_data/elevation_000288.asc
nrows	100
cellsize	150.0
xllcorner	0
ncols	100
yllcorner	0
NODATA_value	-9999
[rows 17 to 33 of 100, columns 37 to 73 of 100]
6.697698763061616489e+01 7.459483816794882216e+01 6.025955073801224415e+01 7.586740190376427506e+01 5.891753526346319347e+01 5.094938749290403024e+01 7.117585248568636302e+01 7.940593843266775309e+01 8.778610320650402343e+01 9.939357601365628625e+01 1.077141388819806735e+02 1.109124788180174619e+02 1.012807555110202884e+02 9.321443660962434308e+01 8.138390456774332904e+01 6.294424918734756602e+01 5.737501595463385939e+01 5.182307369066553804e+01 6.849531409045953012e+01 7.680897271221127198e+01 8.275350632782867422e+01 6.767944532741829278e+01 4.828649420998295483e+01 6.154685530885356570e+01 4.703524787882199121e+01 6.808723748866943026e+01 6.825268142515247405e+01 6.803433715925231695e+01 4.806911080534027292e+01 5.736113577739310898e+01 5.272768741005270954e+01 3.438074479201281974e+01 5.445298803968692170e+01 6.275760863253356092e+01 8.277820573406255278e+01 7.411923778177825284e+01 6.583696575149011210e+01
8.172802085735455080e+01 8.960855071642517089e+01 7.090445708897104282e+01 8.756108012455119649e+01 7.918390199878048463e+01 6.103512985879375208e+01 5.550216434268972421e+01 5.913043199572086905e+01 7.940574296363170959e+01 7.908714145252339733e+01 9.939494195081695693e+01 1.164846660664261151e+02 1.044594483454423681e+02 8.513397312401859551e+01 7.197353536981722755e+01 8.138390456823746888e+01 6.741543344592092524e+01 6.849532367760930640e+01 4.860296286589299797e+01 6.530998531882106306e+01 6.377327673659041096e+01 6.224990100501636192e+01 6.154685510017116457e+01 4.242054952761687758e+01 4.170222180238601339e+01 5.540972310608173501e+01 4.828556943358927356e+01 5.311392886398925128e+01 5.733054515069922275e+01 3.734573483379119097e+01 3.264300892431594292e+01 5.273382573455383948e+01 5.075713515054666658e+01 7.049470503947301836e+01 6.924192299159626884e+01 6.097395693409751516e+01 4.606303842823120931e+01
1.021289843345073791e+02 9.983815920030190227e+01 9.147058236877961690e+01 9.983815920030190227e+01 8.131679194068546224e+01 8.131679150347460450e+01 6.314238636704959617e+01 7.940597124865308842e+01 6.473725642144354708e+01 8.503540167994601973e+01 8.790842799570899047e+01 1.081876961314391252e+02 1.044594483455231000e+02 8.513397312401859551e+01 9.079427376674462380e+01 9.475640213742524054e+01 8.659197881606236535e+01 7.667460375590331978e+01 6.530999672139856216e+01 4.545122093724320678e+01 4.390945978362060487e+01 4.236973929889009582e+01 6.010453465956530295e+01 5.667971575085910274e+01 3.668488123243444932e+01 3.535741264677135831e+01 3.402651296876601350e+01 3.269424142968564695e+01 5.093205606642030148e+01 3.098942288898598463e+01 5.102920272099469656e+01 6.093535476957976726e+01 7.048973287979970337e+01 6.463727658616541305e+01 5.638157917054473245e+01 4.109237764333573750e+01 4.850515733729397994e+01
9.558217245319615074e+01 9.860384160243795293e+01 9.860384169727109338e+01 1.070091163001201267e+02 1.015892534715685684e+02 9.181941756233126739e+01 7.327566484221354415e+01 9.178286021160829478e+01 8.503561848192464367e+01 7.130503089633204183e+01 8.568525406639996334e+01 1.059822702285799636e+02 1.126996985300375940e+02 1.044594483455231000e+02 1.030080131669364647e+02 9.386405036600731933e+01 7.983365021490975266e+01 6.836096940841177627e+01 4.847106542362507753e+01 6.530999672139837742e+01 6.377325233517792213e+01 6.010586205378258740e+01 4.018923002380319787e+01 3.873143214298578840e+01 5.669323778448324447e+01 4.956383832010265422e+01 5.408022789192681756e+01 4.512388651486434554e+01 3.087582508289361272e+01 2.993854409424017504e+01 4.862829701247213876e+01 5.691086323518631929e+01 6.077289842095324701e+01 5.251323800837167255e+01 3.644112865653530520e+01 4.225098078532721502e+01 6.190087021857390681e+01
8.715506225966291254e+01 7.813105052471684075e+01 7.813105052498517011e+01 9.860384169727109338e+01 1.159254483450375801e+02 1.019713875282989477e+02 9.359558561488731243e+01 1.019678690912733146e+02 9.776113862492738349e+01 7.742614344546349514e+01 9.162990688638485892e+01 1.118802028575169203e+02 1.092724639673913316e+02 1.009877666850042459e+02 9.459147844991957754e+01 7.481352205518128073e+01 6.563943632731610478e+01 5.156737673440083825e+01 6.836096940841177627e+01 7.667460349854124502e+01 6.053850896310287766e+01 4.650041239315523001e+01 6.010607291143862341e+01 5.025672179877252432e+01 6.702117303294006945e+01 6.951629693694668788e+01 7.146283457157606733e+01 5.686337918540387903e+01 3.663588138016291396e+01 2.935901990929198035e+01 2.845931031924685684e+01 4.743819688755377939e+01 4.879140496531211824e+01 3.246770406119662766e+01 5.251323800837167255e+01 6.191523465410351434e+01 5.136901830237476929e+01
8.412709991100453522e+01 6.371120509171239377e+01 8.412739222953167939e+01 8.713115304563005736e+01 1.028971435234223009e+02 9.624099260219168173e+01 1.046553517397960178e+02 1.148581292005481913e+02 1.045349715127977106e+02 8.421347284918660137e+01 1.045349715127977106e+02 1.153540737952370137e+02 1.009877666850042459e+02 8.092059234788580113e+01 8.638034844822504965e+01 6.634665066923854226e+01 5.481795948366596605e+01 6.564071773571104984e+01 7.983153681017004999e+01 8.887162524388871532e+01 7.123449815855481404e+01 5.129453643685459241e+01 7.123449795536389217e+01 7.021417946354831940e+01 7.858007555803659727e+01 7.344137392653361474e+01 5.354268426964203798e+01 4.650107376321230390e+01 4.227261234422005742e+01 5.346386440674797313e+01 4.743659470709842196e+01 2.726976126904111553e+01 2.867450096162722417e+01 4.874802543120193121e+01 6.041267540770778766e+01 7.507447896829768297e+01 7.071562308196719471e+01
7.727054245658193565e+01 5.699135787540028275e+01 6.670166151013826550e+01 7.401649288788034653e+01 8.528598109625912116e+01 7.574604274050847152e+01 8.600031668280728070e+01 1.064816685215758127e+02 1.128544578563679863e+02 9.440529402184907326e+01 1.128544578563679863e+02 1.071868518297260380e+02 8.719808452773128238e+01 8.676995178385504914e+01 6.674413415027822793e+01 5.856357964837036434e+01 6.081752483298856049e+01 8.087321066630239841e+01 9.400643036351334558e+01 8.540605014789154836e+01 6.536444924125825651e+01 6.122207579832213753e+01 6.276825955994863193e+01 8.279959511551082585e+01 8.499467677377056418e+01 6.498242717591668338e+01 7.203250701150444968e+01 5.308400962980805105e+01 6.220379963166506343e+01 7.032270594696383625e+01 5.566980933158136935e+01 4.555097414401046763e+01 2.609340543432554327e+01 3.502809375189566055e+01 4.616088756199090426e+01 6.644014086191333490e+01 7.538639938296245191e+01
6.636587959282586269e+01 5.093751024952764794e+01 5.502034551865548195e+01 5.963608017913591652e+01 6.485359330165341873e+01 7.503803672789132406e+01 9.553392546462669088e+01 1.148581292005481913e+02 1.229446406067907134e+02 1.146646490037463053e+02 1.229446406067907134e+02 1.053293876004136962e+02 8.502260157805164908e+01 7.084146956051883137e+01 6.264679784663821493e+01 7.861632796478943419e+01 8.087405699403548454e+01 7.084042550083162837e+01 9.090768848727471152e+01 9.373763822657740263e+01 8.540605011569242322e+01 7.276294851077811643e+01 7.431336985327271805e+01 9.112941666581718891e+01 9.321885656396771935e+01 7.650986293388028514e+01 8.017598310954127783e+01 6.346796842073906220e+01 8.017589453504578501e+01 6.974249239093833808e+01 4.652340979618033856e+01 4.458298164326858881e+01 2.531100190004953276e+01 4.545883266796849398e+01 6.077984219620193329e+01 6.833431174481549419e+01 5.424066751126332520e+01
4.622752816572346291e+01 6.641519678494520917e+01 7.533618060820667495e+01 8.001036125280839428e+01 8.528598109625912116e+01 9.372865999881936716e+01 9.553392546462670509e+01 1.159276619689881329e+02 1.174519661625022309e+02 1.258127932499130424e+02 1.187843743509297667e+02 1.087133845191500967e+02 9.090128652902012618e+01 7.084147209876809370e+01 6.637800253058962596e+01 8.643772831066580409e+01 9.924437465755818266e+01 9.090768848727471152e+01 8.501751953159576658e+01 1.051278142647435345e+02 1.011743768339981671e+02 9.283624174909284932e+01 9.439199443152746483e+01 1.027307728646239298e+02 1.047462665044023282e+02 9.658514623989341885e+01 9.024691894320426400e+01 8.213159123639611892e+01 8.570583718968656228e+01 5.825972991068099560e+01 3.747464762552449713e+01 2.420822324520050373e+01 3.903422990331915798e+01 4.241767350721050889e+01 6.162080980268803643e+01 5.820841791202064996e+01 3.977419178716316139e+01
4.630538079745519298e+01 6.048785141236432139e+01 8.075498041415909256e+01 9.033137610092371972e+01 9.876832264162266029e+01 9.772721472172366930e+01 1.061595530943664158e+02 1.140285246921703646e+02 9.694734829152048405e+01 1.140285246921705635e+02 1.104368893584623947e+02 9.030260946963667834e+01 8.028421860433505231e+01 9.090128652902012618e+01 7.174435516677705493e+01 7.424523758625124970e+01 8.841165608427219524e+01 1.085373661600926312e+02 1.051278142647435345e+02 1.134712298970986950e+02 1.045241800627396316e+02 9.624221868231968813e+01 9.405434565257574775e+01 8.699151752919188141e+01 9.527309379978596837e+01 9.165680280133237545e+01 8.382223255769339687e+01 8.382223255769339687e+01 8.217791931966834795e+01 6.767840396219358468e+01 4.536946750407403783e+01 4.079172355407234818e+01 2.311403783715260118e+01 4.288633107510447218e+01 5.443573803246373188e+01 4.626954651719637468e+01 2.967936627408589700e+01
4.864474860740374851e+01 6.879921406685878082e+01 7.520566165657247382e+01 6.998008613617686535e+01 8.216604952646594029e+01 7.730441374175195790e+01 9.008811234673646595e+01 9.464916437364219348e+01 8.510100222914090295e+01 1.056136195150605630e+02 1.187832125844811912e+02 1.087133845191500967e+02 9.446862239344210366e+01 9.736231144562965767e+01 7.729640919580724301e+01 9.430634008991820849e+01 8.368004724159965235e+01 1.037829298167641383e+02 1.111814695140280236e+02 1.011823734336273333e+02 9.289825670285010517e+01 7.625555996408826331e+01 7.406985978164564699e+01 6.699312718150729040e+01 8.372784577343374224e+01 8.382223255769339687e+01 6.503199264720258554e+01 6.503199264720258554e+01 6.274000626041650008e+01 6.275715247679882935e+01 5.990138737703130545e+01 3.777496504677731082e+01 2.234309012145553552e+01 4.148064717740105323e+01 4.277448921921267555e+01 2.605967279100365630e+01 4.626954652525851941e+01
6.285647605984199515e+01 5.211538747504206270e+01 5.497538170732686069e+01 5.832619331525967965e+01 6.188906622253473699e+01 6.563372263616003011e+01 6.974749962656119351e+01 7.425150267102026191e+01 8.139876272869315699e+01 9.588907310959525887e+01 1.163977964755266328e+02 1.229581466448583740e+02 1.068471601468905874e+02 8.672675764132033294e+01 9.736231144562965767e+01 1.057111451136870812e+02 9.125113028654918423e+01 1.113975672446456571e+02 1.028967584682820302e+02 8.289975493741825119e+01 7.292820502264486038e+01 6.626106093245631712e+01 5.989812395471473394e+01 5.537334654390711108e+01 6.976819570222076550e+01 7.805694592747644833e+01 7.053552649686325537e+01 5.132261064714506205e+01 6.089163908504990275e+01 4.297990806036743550e+01 4.881717021760337616e+01 4.337756915351769038e+01 2.337929539785622524e+01 2.125345883747800357e+01 2.260350161171978911e+01 4.276109389947168893e+01 5.450941881624448371e+01
7.737705345773896681e+01 5.713133036861267300e+01 7.520566165679197468e+01 6.398373700313282342e+01 8.216604952668751594e+01 8.593610507833089684e+01 8.409263722715445510e+01 8.597976300500631908e+01 1.018960245360596701e+02 9.588907280708558289e+01 1.163976840173094303e+02 1.233312829992588462e+02 1.031424380764320006e+02 9.831761841150576231e+01 1.152033388498704198e+02 1.197539690606836729e+02 1.028610977939535758e+02 1.197539690606836729e+02 1.111814695140040641e+02 1.011823734336195173e+02 9.289825670285010517e+01 7.625555996408826331e+01 7.992318017471382063e+01 6.976819570222112077e+01 4.964081326024015084e+01 6.448248611970129218e+01 6.133438189051125278e+01 5.824507287485644724e+01 4.127554384781400643e+01 3.475849374929608615e+01 2.852152341159047921e+01 2.633198993960796130e+01 4.326562022928337825e+01 4.043946706221487375e+01 2.022309562809084227e+01 3.419063257684248924e+01 5.308708116633816587e+01
6.572425850198322905e+01 7.737705348915729076e+01 7.737705348915730497e+01 7.301624596544517942e+01 7.830593346463673754e+01 9.871765883943447761e+01 1.045624696933018356e+02 1.064918193525837751e+02 1.149028691782782232e+02 1.163976840173094303e+02 1.247594480506200370e+02 1.224403769441062195e+02 1.233312829992588462e+02 1.184987308400660453e+02 1.268527627401990259e+02 1.314083262928321290e+02 1.230586013729209185e+02 1.114291106907489990e+02 1.031573934098247491e+02 1.114291106902236237e+02 1.045241800657246216e+02 9.624221868232045551e+01 8.502595811561623407e+01 6.500832761434324425e+01 5.337482373442654193e+01 4.432478364114770386e+01 4.116536183647073699e+01 3.808489353924518639e+01 3.522068909645719970e+01 3.237160056171202172e+01 4.899125648079678541e+01 4.662993732654700807e+01 5.123270871843251228e+01 3.971194370735720014e+01 1.952626600150191294e+01 3.973698239423697487e+01 5.794663201393356644e+01
7.583427738895009895e+01 9.447897452797566586e+01 9.774989171646633679e+01 8.316832970903826094e+01 9.871765883943447761e+01 1.071391421375506638e+02 1.102192306127386559e+02 1.043369322786668505e+02 1.043369322786668505e+02 1.126559646968392343e+02 1.165286635524972496e+02 1.023447509241759406e+02 1.165286635524972496e+02 1.163954257635887757e+02 1.246786926013187298e+02 1.180798191279104969e+02 1.081037564716411765e+02 9.983385828557113939e+01 8.323547559298664567e+01 1.014611554070861388e+02 9.653241260154246106e+01 8.826759506929437293e+01 9.330800632417053464e+01 8.175471087054813779e+01 7.278019595952024190e+01 5.443933878975619223e+01 6.133438189051125278e+01 4.576363641639991897e+01 5.551566553769250589e+01 5.273840212599972688e+01 5.929610345759459733e+01 3.972892128360143005e+01 3.136447331070261768e+01 2.495143694609148000e+01 1.882992944518354861e+01 3.920117634271714735e+01 4.346296900156934129e+01
9.624472807422233700e+01 1.046760979936504441e+02 1.120460142103958106e+02 1.036326881986929891e+02 1.120460142103958106e+02 1.084646632423922483e+02 9.013628636184209597e+01 8.425418623203874802e+01 8.425418623203874802e+01 1.043369322786668505e+02 1.075377242693155324e+02 8.809681711336092746e+01 1.021748011547578017e+02 9.628442557636336119e+01 1.163954257635887757e+02 1.098044636583321250e+02 8.986325291281011118e+01 7.992158693307494843e+01 7.327092315825872504e+01 8.592066647976129445e+01 8.121079784694515524e+01 6.828304914874024689e+01 8.249640427872482462e+01 9.075110382865776160e+01 8.281114266085876352e+01 6.866436470267900916e+01 7.420353402914089713e+01 5.587029609809545150e+01 7.420353456576982865e+01 7.276824601060734210e+01 5.394795995755627871e+01 5.123856311973318611e+01 4.966751748946450817e+01 2.975569036390669453e+01 1.813823926777752149e+01 3.733911707634424459e+01 2.320329348566578886e+01
1.016606521755539774e+02 1.035181801544877516e+02 1.117030515795931507e+02 1.098267069978604837e+02 1.015148222675881300e+02 1.001650776763378587e+02 8.012148848220434161e+01 7.011308781135139157e+01 9.012495313775188777e+01 1.006032389085189749e+02 9.922651156204155143e+01 7.912221715611761397e+01 8.206233906392576216e+01 9.628442557636336119e+01 1.163954257635887757e+02 1.180798191278671112e+02 1.081037564716208976e+02 9.983385828557113939e+01 8.592066647976129445e+01 6.593838618718910993e+01 6.116988437618818608e+01 5.663656770985660671e+01 6.245980617919084210e+01 7.920528254249180122e+01 8.904167940261726244e+01 8.867598769860242669e+01 8.423031562778199088e+01 7.594455116912024550e+01 8.423031562778199088e+01 8.059888244817965131e+01 7.282514940680015059e+01 7.052521987529929959e+01 5.772692400268893920e+01 4.533379529990462942e+01 3.147869824079032952e+01 1.716294181346068370e+01 3.637141664992093126e+01
