MOVIE_S10_data/elevation_000071.asc
nrows	100
cellsize	150.0
xllcorner	0
ncols	100
yllcorner	0
NODATA_value	-9999
[rows 68 to 84 of 100, columns 0 to 36 of 100]
5.009162696260269221e-02 2.005009162612185136e+01 3.134783780560425015e+01 3.886323080363017368e+01 3.299569493703745593e+01 5.310293730016702796e+01 5.527437307680914813e+01 6.356752765170994479e+01 6.252438213955085189e+01 6.841240073402191513e+01 6.584564318228557056e+01 5.784910992134935981e+01 5.167638378447274050e+01 3.253482149812096935e+01 5.167638432479175492e+01 6.621080953680490211e+01 7.185671204453456085e+01 5.812550339694793422e+01 7.185672751199537345e+01 6.681073242872206208e+01 4.678832688115402760e+01 4.675574464821460907e+01 3.916175304430114323e+01 2.628067658437127108e+01 1.724479412808162238e+01 3.853903826987909298e+01 5.251945499169047338e+01 6.201718201438863076e+01 7.395115109998509695e+01 7.901310192820518807e+01 7.051683510352563644e+01 6.601480165610360018e+01 5.373369213099531549e+01 6.478076401356560154e+01 8.550789012417551760e+01 9.251605830562957067e+01 7.418946929964589287e+01
4.695337527364121244e-02 3.062066821051284027e+00 2.306247467257090733e+01 1.884687156668942976e+01 3.446394231438091538e+01 3.893677138347551647e+01 3.526497919206025955e+01 4.987702247233777797e+01 5.654658370881514173e+01 6.484036245387956399e+01 7.484970821176757738e+01 6.730161313728494576e+01 4.816469428468903402e+01 3.766806744344227553e+01 3.913350511711698232e+01 5.822456312194046291e+01 7.372638370055500445e+01 7.742696898358644830e+01 7.495377340995469240e+01 6.491328337273240834e+01 4.678833005989947935e+01 2.800772510006172311e+01 2.328380364350170240e+01 1.831245166779496003e+01 3.722350170451413476e+01 4.453609050112240908e+01 5.419279135003959880e+01 7.136099291055190008e+01 7.269719092253860993e+01 6.669554320356229482e+01 4.884136817606269432e+01 4.407220560586519298e+01 6.601480165610360018e+01 8.356432922976762256e+01 9.383740216878851470e+01 8.422811499751666986e+01 6.407415946859832445e+01
7.614146464036156137e-02 2.007614146464000626e+01 7.479327864161950501e+00 1.068189094057135868e+01 1.446153567301849563e+01 1.893367166657769118e+01 2.409765015422927803e+01 2.987116088647976753e+01 3.653790065481373261e+01 4.653900352198185431e+01 6.655416390009142447e+01 7.532418782134897128e+01 6.179479740978418079e+01 4.293578391510472869e+01 5.822456312194046291e+01 4.662876821567058983e+01 6.007602216008155693e+01 7.930509425923376909e+01 6.666247883924361872e+01 4.655497904535067022e+01 3.687112756070997222e+01 4.515364994293345546e+01 2.757321718066856064e+01 3.771881697076476314e+01 1.937361919468274962e+01 2.731831666088733002e+01 4.507135882615772715e+01 5.116765687137384333e+01 5.124816643006039385e+01 5.124816643006651873e+01 3.611596127049056548e+01 5.800249843814405892e+01 7.457005372850542813e+01 7.512886891132576750e+01 8.100617319708032937e+01 7.751012982121061157e+01 5.730905227574941563e+01
2.352828262072655108e-02 2.002352828262037221e+01 2.748055116015519772e+01 2.068192351689216579e+01 3.446394231438091538e+01 2.711089927456091786e+01 3.824088974495079896e+01 4.987702268988258680e+01 5.654658370881514173e+01 6.484036245387956399e+01 7.484970951154562613e+01 8.096062526863696007e+01 6.179479740726756631e+01 4.913241128200563423e+01 6.786998508118156792e+01 5.511715415922692074e+01 6.007602216197762601e+01 7.930509737141592552e+01 7.495377342244491103e+01 6.491328337780950619e+01 5.660872894229606800e+01 5.805033215028502980e+01 4.847205681165162616e+01 4.690684462312322012e+01 3.871791684386565180e+01 2.041354374058818877e+01 3.133448330429578732e+01 4.971065580597454669e+01 5.124584543252289137e+01 2.998839615016311910e+01 5.124585571620090718e+01 6.292896992285393054e+01 6.924841690534034910e+01 5.507153370231358736e+01 6.094619036285953229e+01 7.138360547920827059e+01 5.124844776153841508e+01
6.786455232800275850e-02 2.006786455232764865e+01 3.648181348826858539e+01 4.068576203133522284e+01 4.068576203133522284e+01 3.865906051250931341e+01 5.540857346900460811e+01 6.654521648535984468e+01 6.700066415932451491e+01 7.527912055350763865e+01 7.194251673147326187e+01 8.023768333127534902e+01 7.468703141332677831e+01 5.600070284560062106e+01 7.468703141332677831e+01 6.462441913914439340e+01 7.930509737141592552e+01 8.737674523913241842e+01 9.054914382827961106e+01 7.047015709891138613e+01 5.629846032371038689e+01 5.997819816921042957e+01 5.052618989105043568e+01 4.089242443110683212e+01 2.167665768092258105e+01 3.971696872633268782e+01 2.208579930127791258e+01 4.139310047250586422e+01 4.431302041135200653e+01 2.648530249919469881e+01 4.630551936580157246e+01 4.309606028481279338e+01 5.035244956545143680e+01 4.112824581682905745e+01 6.093106602390511739e+01 6.735525124557540266e+01 5.951760654153085284e+01
3.257643153035955086e-02 8.197542240807690561e+00 2.233967786453889204e+01 4.233967786453959548e+01 6.069817914249750146e+01 5.867018979999262029e+01 6.696402809701345404e+01 6.373766449059613137e+01 4.700844231062332312e+01 6.373766449059613137e+01 5.171742641224537351e+01 6.859433678871512541e+01 8.195935059096126452e+01 6.660800764089201209e+01 8.270150974119145815e+01 7.822876571893242215e+01 9.201766900118231263e+01 8.765351994062751828e+01 7.933895522839034697e+01 7.415471981525706724e+01 5.410609120283931617e+01 3.996596662964834934e+01 4.223458731832461410e+01 2.290877779258186209e+01 4.097215182005094647e+01 4.928120345728461871e+01 4.138926745813278529e+01 2.371330691710934246e+01 2.487047698135878449e+01 3.742497998673869830e+01 2.820114158799341553e+01 2.952122781785418937e+01 3.087899610615367507e+01 5.032329842879315862e+01 5.393808599856766506e+01 5.567839211554132106e+01 3.972648804731421990e+01
1.880098487986705744e-02 2.001880098487951187e+01 2.819754224080804761e+01 4.819754224080875105e+01 5.770330401206083337e+01 6.599664980504964262e+01 6.773452149148870660e+01 5.545814949327815668e+01 3.542744252222797741e+01 4.965878769019268191e+01 3.976713117196374014e+01 5.254662020878706130e+01 7.399032332098816767e+01 8.572318312307504584e+01 9.380438346636093172e+01 9.768801339848809562e+01 9.358529248886898699e+01 7.343792912095895531e+01 5.891134672959911001e+01 6.641940122711167760e+01 6.343645213361575941e+01 4.341386674405318047e+01 2.957516467862666332e+01 2.376650379188741624e+01 4.313240043379862954e+01 5.378763569721576232e+01 3.393016711827779375e+01 4.308789952739553542e+01 2.568605589720446147e+01 4.807712643520265772e+01 3.153374322210497027e+01 4.889330453501627716e+01 5.035244956545153627e+01 3.291230313961780496e+01 3.439299137000949713e+01 3.605577265634243389e+01 3.823667113564836484e+01
2.900726248362994752e-02 1.417114288621445439e+01 3.417114288621374385e+01 4.354541116583551741e+01 3.768101993430395424e+01 5.770330401206083337e+01 5.583548947952520081e+01 4.012967304820669767e+01 2.781880824448358069e+01 2.937380516739240122e+01 4.965878769019268191e+01 6.429667090576214150e+01 7.257488538645789333e+01 8.411252776066812942e+01 1.002325027269925073e+02 8.864320446042461299e+01 8.034293530814321116e+01 7.317168409329332235e+01 6.641940122711167760e+01 4.535829674758585384e+01 5.588884898734232820e+01 4.626475391347089072e+01 2.497099788463029668e+01 3.093725824777445510e+01 4.550663141681416590e+01 6.215191674414977285e+01 4.522800705411795974e+01 6.140271112293233813e+01 5.698073395740852476e+01 4.814726875429705899e+01 3.499118184874298976e+01 5.450421690875676006e+01 5.247496721305873990e+01 4.663752975590090699e+01 5.400158486161086557e+01 3.941434768571341607e+01 5.795344985477153443e+01
5.081304048347550645e-02 2.005081304048312063e+01 3.353962135234095854e+01 2.353383153884642098e+01 4.354541116583551741e+01 5.548017905828960750e+01 4.459700997094577701e+01 2.982774742090818165e+01 2.069737129938491549e+01 4.079346362159439821e+01 5.274881050370424163e+01 4.429518997075008002e+01 5.585119125416461117e+01 7.583341065719763208e+01 9.195182860877568487e+01 7.184463559299118174e+01 6.005957385432160578e+01 5.265032625197618188e+01 4.608143509456101583e+01 3.947691522728553792e+01 3.398289796053983025e+01 2.994599026215125903e+01 4.472883885332585407e+01 2.620064835821483129e+01 3.935459882101655893e+01 5.930160886455121982e+01 6.548035774957401145e+01 7.382768298402669416e+01 7.684368700336919744e+01 5.833313944338424761e+01 3.867663007545847620e+01 5.833313944338424761e+01 7.245817480956773693e+01 6.663148312602503154e+01 6.296435217278695262e+01 4.302770384051804342e+01 5.444915189432389013e+01
4.469920835086939326e-02 2.004469920835051511e+01 1.353345339788105051e+01 3.353962135234095854e+01 5.183883486967681620e+01 4.132730479734455287e+01 2.717443053639944495e+01 1.675488085351735279e+01 3.681264049305347896e+01 2.598692736981099571e+01 3.270235797762040164e+01 5.274881050370424163e+01 6.452225214740442993e+01 7.158562679140661089e+01 7.986373194329289049e+01 8.864320446042461299e+01 8.034293530814321116e+01 7.317168409329332235e+01 5.492715903887808793e+01 6.095013555706019304e+01 5.588884898734716700e+01 5.182101600332026692e+01 4.613348530492060462e+01 2.706340115432348625e+01 4.027727042681328840e+01 6.040289269563895402e+01 6.893578594787717861e+01 7.736979381567498137e+01 7.709457881417522174e+01 5.709297127456520116e+01 4.316973184889477011e+01 5.099191052345397424e+01 6.248799969806390919e+01 8.254628077061599356e+01 6.715457184013045833e+01 4.705898426987946692e+01 6.715457184013045833e+01
2.324776005098762310e-02 5.368472609998713452e+00 2.537006867536236498e+01 4.178752084093292751e+01 3.762500340268707077e+01 2.950846891511502790e+01 1.299631578685914413e+01 2.457545233476784929e+01 4.459854700782970127e+01 4.020270011128661736e+01 3.289670133819479503e+01 3.847667758233742319e+01 4.452889344279947181e+01 5.160738635830038845e+01 6.314239133103654211e+01 8.311930092249124868e+01 9.564292228421044229e+01 7.549088715311017950e+01 7.549088715311017950e+01 6.950815110042776723e+01 5.484656309176490652e+01 3.511650343652421924e+01 3.136406433852072340e+01 2.792076328211346592e+01 4.708091763978121946e+01 5.386272302548885449e+01 4.775077694496963687e+01 6.893847905197807791e+01 8.213952760924300378e+01 6.217376423945921715e+01 4.815711849633123620e+01 6.802341501404951885e+01 7.923648857767474851e+01 9.079123669714178391e+01 7.167070268397354482e+01 5.147395155975640790e+01 6.314862623330268576e+01
8.699724428260374731e-02 2.008699724428224798e+01 2.302974932223524007e+01 2.454877192925776086e+01 2.590549359760279913e+01 9.482181208130606720e+00 2.950846891511502790e+01 4.132730479734455287e+01 5.288437344579961774e+01 6.022351033737407278e+01 4.448879532805600689e+01 5.849402768168229017e+01 6.452225214740442993e+01 7.158562679140661089e+01 7.986373194329289049e+01 9.139975106584103060e+01 9.369043142619791809e+01 8.359226544307840356e+01 7.525536268231267911e+01 6.116420385041228514e+01 4.118606961266280564e+01 5.484466014975185288e+01 5.073162095688035578e+01 4.708101233341781722e+01 2.915434670494011371e+01 3.306490129968816660e+01 5.394949390986268867e+01 6.505495136379046528e+01 7.457989626040861708e+01 7.627687809804245944e+01 5.790842570086260821e+01 5.958199049799224412e+01 7.111191065076661744e+01 9.108756443897136990e+01 7.689001529128550771e+01 5.667570448451609622e+01 7.689001529128550771e+01
2.249585233037712170e-02 1.521559729762011370e+00 3.024857041006553171e+00 4.541081356858163609e+00 6.075113480996027882e+00 2.593445654220123231e+01 3.710872632765843093e+01 4.457742424778345480e+01 4.457742424778345480e+01 6.457768762877054769e+01 6.448979786828083149e+01 7.276801558723040841e+01 7.486313590382557948e+01 7.226833862046409251e+01 8.055181932032775194e+01 9.209755377928463815e+01 8.538222380694368496e+01 6.512850153250712992e+01 5.502692705322081679e+01 4.838827386130704866e+01 6.116420385041228514e+01 6.950815110042758249e+01 6.858163571099765932e+01 4.751262265427349973e+01 3.005145973758011735e+01 3.222377604677525653e+01 3.655917025531394415e+01 4.412125961110932337e+01 5.789091828044544741e+01 8.197418970211732869e+01 6.912088183104057748e+01 7.955461534711253080e+01 8.779549732873741164e+01 9.930546955243632112e+01 8.326552197955062695e+01 6.310439960699567052e+01 7.689001529128550771e+01
2.739267172789772165e-03 2.000273926717243356e+01 2.302974932223524007e+01 1.868954305156842821e+01 2.608597666536253001e+01 8.948028484957006867e+00 2.895939995670090994e+01 2.457369510698878656e+01 4.457742424778345480e+01 5.813869135040751246e+01 6.642276221860377916e+01 6.591945332324796425e+01 5.486445419478278041e+01 5.226937649963139876e+01 6.381639664997623385e+01 8.381390608773287454e+01 9.369043142619791809e+01 7.525536268220784564e+01 6.851255080735930392e+01 6.258979510553341186e+01 7.685935142455278424e+01 7.597303020088850189e+01 6.435356421687630757e+01 5.131213879690277935e+01 3.099462825482443051e+01 4.998977042123560466e+01 5.661461078447568696e+01 6.504604284787599511e+01 7.455549222472163251e+01 9.175444744326492241e+01 8.870704637078658550e+01 9.688065414616119142e+01 9.716381907085322212e+01 1.058711278142781538e+02 9.158614883094431036e+01 7.478070673211801989e+01 7.738653495305638330e+01
8.327778614586213435e-02 2.008327778614550851e+01 3.834937991300355975e+01 3.869420175082345992e+01 2.895939995670091704e+01 2.895939995670090994e+01 1.191544679918242267e+01 3.192595509138462617e+01 4.333536282361248482e+01 3.813838157985131971e+01 5.813869135040751246e+01 4.591980172741441635e+01 4.072171685759945348e+01 6.072193240627824906e+01 7.746639360625027848e+01 7.573582702541948208e+01 8.402000224088011748e+01 9.542581065001732554e+01 8.870232802545618256e+01 8.281134795002370197e+01 7.877879485151871108e+01 6.763733961894863000e+01 4.751419077620886355e+01 3.592098468708057624e+01 3.201310342448992685e+01 5.239262711743380407e+01 6.201684335034452289e+01 5.838859524726152017e+01 7.136275457393861643e+01 8.937392604622168335e+01 9.087539149908454306e+01 8.253825801557707109e+01 7.648015226916608356e+01 9.716381907085322212e+01 1.031801888595118015e+02 9.485599515396111769e+01 9.745865219192832285e+01
6.510866554257997707e-02 1.006510866554266670e+01 2.420724428927386995e+01 4.420724428927457694e+01 4.896304891714639496e+01 4.021093158887556740e+01 3.192595509138462617e+01 1.504244431445242469e+01 2.399333707380526093e+01 4.101498593810723747e+01 4.393260168783609032e+01 3.177675606802942454e+01 5.111994345421184249e+01 4.918465640282214224e+01 5.940683259542364425e+01 5.573699540151559972e+01 7.251298356264739198e+01 8.079649800201991638e+01 9.079541911356545825e+01 8.210615863918052071e+01 6.189879913634569419e+01 5.031165612714985969e+01 4.214376661496199716e+01 5.601923421857214436e+01 5.239262711743380407e+01 3.359883065882736020e+01 4.258672820230507483e+01 6.239773784927140809e+01 7.572974333961499838e+01 8.842695893906521576e+01 8.206868619811501731e+01 6.200080942350221846e+01 8.253097380580391018e+01 9.009924553210453269e+01 9.350588698228824569e+01 9.938706400985989831e+01 1.017029667290960617e+02
8.953482861371392376e-02 1.423167045234478856e+01 3.423167045234549022e+01 4.616013182199763776e+01 5.444440306945983821e+01 4.923026749494110277e+01 2.919708253325153180e+01 3.451615993537619431e+01 1.842683949299956225e+01 2.101124885726058267e+01 2.393043605053057377e+01 2.746720292464600988e+01 3.111926557899251122e+01 3.504183290907473491e+01 3.940632163803794441e+01 4.495358744209375601e+01 5.251365396091638615e+01 6.251440241913458351e+01 8.251156967409644949e+01 9.042412960241335895e+01 7.877879485151871108e+01 6.759491435268482462e+01 4.752514376199902557e+01 6.759491435268482462e+01 6.237713513981822189e+01 5.398370711624205853e+01 3.520428194889056783e+01 4.696943570096415499e+01 6.738560682221518050e+01 6.875035784810165751e+01 7.513590433814256642e+01 5.518444730758972128e+01 7.256124866170377175e+01 6.990384813305419698e+01 7.335192437058668702e+01 7.925488328331590537e+01 8.162430290335376526e+01
