MOVIE_S10_data/elevation_000729.asc
nrows	100
cellsize	150.0
xllcorner	0
ncols	100
yllcorner	0
NODATA_value	-9999
[rows 68 to 84 of 100, columns 37 to 73 of 100]
9.468924307013929820e+01 1.030008786218664625e+02 9.821044886829274390e+01 1.064442115894822791e+02 1.021285409167746394e+02 8.398411431798582782e+01 8.483374507247660290e+01 8.273188748947271165e+01 1.008758511127078492e+02 1.123346501850757591e+02 1.136084726167757850e+02 1.053186639306217529e+02 1.136084726167757850e+02 1.207773528445504923e+02 1.008431458943302488e+02 1.000856741246087580e+02 7.967644155440072495e+01 7.499429115394951850e+01 5.406077527883110889e+01 7.499429115383854594e+01 8.253313851238957000e+01 1.028715196150021143e+02 1.054384171350453414e+02 9.378899578570748474e+01 8.474918871790222852e+01 7.273570614550145308e+01 6.865875658976787577e+01 4.763884939363499882e+01 3.327519554530744728e+01 5.054670353295409058e+01 5.855839618239861721e+01 5.141377403092400300e+01 6.864334832663887198e+01 8.061507287376298336e+01 6.730124953002122368e+01 4.675079201291453046e+01 5.040137771008408407e+01
7.484078152034669529e+01 8.743208398169099382e+01 9.564626752986931990e+01 1.070888896009144986e+02 1.120520573387416761e+02 9.801031486473489451e+01 9.885941723337003850e+01 9.675873662741669534e+01 1.107991143249366246e+02 1.128052067542228514e+02 1.035661631643064311e+02 8.520453216631652538e+01 1.035661631643064311e+02 1.071227960397723820e+02 9.883984897338808651e+01 9.794011042684755353e+01 8.677081122241773414e+01 6.604981122024493345e+01 5.124208236561690910e+01 6.170456470330213961e+01 8.253313851250088362e+01 9.859564429493896398e+01 9.420725365263251661e+01 9.641204124917098284e+01 9.813925476383357704e+01 7.474097135265446923e+01 5.565021926981283684e+01 4.443286702252184028e+01 5.168893002331403608e+01 3.142370335578891272e+01 4.981780162164655934e+01 3.964881676244628039e+01 5.139761206661504644e+01 7.205009175191410975e+01 7.569772588008497394e+01 6.720501865885918846e+01 6.123591150611943590e+01
6.338035970872920899e+01 6.763236130892713049e+01 7.906030395432192392e+01 9.886814819518524189e+01 1.127952205880271492e+02 1.178409423417811865e+02 1.186905167055129766e+02 1.165891927546898330e+02 1.069170827110319664e+02 9.273466641015072298e+01 9.526159804846913914e+01 7.504169593615887379e+01 9.526159804846913914e+01 9.883984897338808651e+01 7.840980459592428531e+01 7.745201207833162016e+01 7.745201207832036516e+01 6.942367228797985490e+01 4.861813250657976226e+01 6.942367228797985490e+01 7.820561328902384446e+01 7.820561328902384446e+01 7.369571490957468995e+01 7.594822532560587547e+01 9.641204124917098284e+01 8.693706451369531862e+01 7.468280746621231003e+01 6.575851373434092295e+01 5.892269756372662926e+01 4.947679306559646761e+01 2.959161045753047503e+01 4.385956587744966839e+01 6.424845240491956133e+01 6.959233723729686005e+01 7.791229774800387986e+01 7.240413606116683809e+01 6.219157224243923565e+01
7.740974662170441434e+01 8.743208395466643879e+01 7.486003356504619433e+01 8.475450435423157103e+01 1.045718261897063428e+02 1.210178276491036229e+02 1.128089731121300332e+02 1.179657835248679305e+02 9.861319157485134212e+01 7.844039323666220298e+01 8.585479366926387002e+01 6.828253718732918287e+01 8.852163067769899385e+01 9.883984897338808651e+01 7.840980459592428531e+01 6.356878412664027422e+01 5.651816156098166744e+01 5.092837398792303105e+01 4.607392039667755768e+01 6.354854067881252178e+01 5.747096235972838230e+01 6.931636408056924381e+01 5.892932264629266825e+01 7.369571490957468995e+01 9.420725365263251661e+01 8.345287756486185060e+01 7.415856262145231881e+01 6.626911412445443261e+01 5.255800814780049279e+01 3.387158184883310241e+01 2.832820187951868007e+01 4.968229168632733916e+01 5.541425298782839093e+01 4.954149820323016939e+01 6.959233723729686005e+01 6.398849016712882332e+01 4.351864354307624438e+01
9.721567574237469955e+01 8.628795795339682684e+01 8.628795795339682684e+01 1.028813302889048771e+02 1.127952205880271492e+02 1.095130786730660759e+02 9.283706303900422085e+01 9.804156219206838330e+01 1.001116562478334799e+02 7.994948023139245663e+01 6.566436792568603664e+01 6.225001189124603940e+01 8.241931438638256679e+01 9.128623040408945144e+01 9.276630031784836206e+01 8.439362605414136453e+01 7.745201207832036516e+01 6.499520295238433221e+01 5.853485527522959586e+01 4.293624242312392170e+01 6.040256147858941915e+01 4.858316318595173300e+01 6.931636408056924381e+01 7.729021041246963364e+01 8.570104945469657309e+01 7.537364317591978136e+01 5.716458507298914071e+01 4.833686044042831753e+01 4.213913047178999705e+01 4.678003095769963693e+01 2.709806858231806004e+01 4.540208975563758997e+01 3.538992652344675349e+01 4.954149820323017650e+01 6.959233723729686005e+01 7.240413606116685230e+01 6.219157224243924986e+01
1.143290507153975142e+02 9.620035784049987626e+01 1.061039112317220372e+02 1.143290655550335657e+02 1.153836604038535540e+02 9.543550642772530068e+01 8.114987710056701076e+01 8.378420773573813563e+01 1.005438468027093677e+02 9.418192002326334489e+01 7.682535633953608567e+01 5.678398283749532283e+01 7.118832271904321374e+01 7.115769912551164111e+01 9.019179884918315793e+01 9.485769249476146570e+01 9.464349246432638552e+01 8.612097002043783789e+01 7.201277714111725459e+01 6.047569751441474040e+01 3.995623688982067279e+01 5.764374520966536863e+01 6.265128267301501808e+01 5.658764026473320996e+01 7.729021041246963364e+01 8.345287756486185060e+01 7.415856262145254618e+01 6.626911412445443261e+01 6.029168080754720194e+01 5.531046071063580882e+01 3.693774286311466426e+01 2.536346014176434593e+01 4.372086213878587557e+01 5.202567054389020029e+01 5.622119958359611758e+01 6.453547816422643280e+01 7.925139917746538742e+01
1.242439620780333343e+02 1.160074645221063321e+02 1.242439620780333343e+02 1.315688328970541932e+02 1.117461258934185508e+02 9.762071508466731018e+01 9.227653230458162170e+01 7.203286523324558743e+01 8.511931695911407303e+01 8.169746252636780071e+01 7.409385669122389118e+01 5.413087451687857765e+01 5.122263025309894857e+01 6.201717288231176184e+01 7.475329605775725383e+01 7.475329605775725383e+01 8.630484262806420759e+01 7.799237184298067405e+01 7.799237184298121406e+01 6.894117650356518823e+01 5.761851565404394648e+01 3.720104433975729563e+01 4.207615053539259264e+01 6.265128267301501808e+01 6.702940108194201230e+01 7.589696274315011237e+01 7.828141553404256570e+01 7.217864286565821885e+01 7.702721112278439364e+01 5.696412831188251147e+01 5.370326627251249363e+01 4.372086213878587557e+01 2.366604157816627207e+01 4.205254078891235281e+01 3.618418959121515144e+01 5.622121360013493785e+01 5.922057858948891607e+01
1.224120612136453872e+02 1.141119644742449140e+02 1.167144362024450572e+02 1.250131364294689433e+02 1.188759103683771627e+02 1.089033519526731340e+02 9.936955958563702040e+01 7.921667319610116920e+01 6.487535087744967655e+01 6.152582626160176460e+01 5.834552684608562600e+01 7.407171969994764993e+01 6.767649662624363316e+01 4.793451223073650880e+01 5.473260612671621317e+01 7.305096652479946329e+01 7.799237184298067405e+01 5.790368565540787671e+01 5.790368565540787671e+01 7.209779586294278886e+01 6.612802268028725905e+01 5.487436386479116379e+01 3.449741087954419072e+01 5.219817435770176672e+01 4.621534674069304316e+01 6.695498797044106709e+01 5.734814639056592966e+01 5.122242590362660764e+01 6.606029562931206556e+01 6.871986397971753036e+01 6.127997287311644925e+01 5.202683427161576191e+01 4.205288334814812146e+01 2.198001505126399735e+01 4.040578851213145128e+01 4.871319031145729639e+01 5.922057858948586073e+01
1.108002532377667819e+02 9.396905668156266245e+01 9.658737004606439314e+01 1.167144362024450572e+02 1.106643447087487999e+02 9.066925564228365886e+01 8.052971775360722972e+01 7.282181641968348629e+01 7.921667319594128287e+01 8.169746239800511489e+01 6.989028427506153207e+01 8.582766363226953388e+01 7.603240345555853708e+01 6.474295111276349246e+01 4.465200948119390745e+01 6.169729710625986030e+01 5.999757557526974239e+01 5.831370161231625815e+01 4.364033384540579874e+01 5.507820564295180077e+01 6.340136353155486404e+01 6.332139542182918035e+01 5.219241560975593330e+01 3.190667423133147551e+01 4.956232688051005653e+01 5.805342267745412244e+01 5.704375438175340918e+01 3.726618942477685437e+01 5.701427628316236706e+01 6.120335782205233954e+01 4.359421812425657805e+01 4.857015683553952812e+01 5.011264375545041361e+01 4.040578851213145128e+01 2.031843152047251166e+01 3.876888835245324572e+01 4.393346447763661899e+01
1.024824512377814614e+02 8.219759014230403693e+01 1.024824512378779531e+02 1.155611405707608697e+02 1.188759103683771627e+02 1.089033519526731340e+02 8.938018866716096511e+01 8.718260598708006626e+01 9.936955886565854712e+01 9.836137590139051667e+01 9.008409100503722300e+01 9.175302157829050032e+01 7.693616153032915861e+01 6.861616861642413312e+01 6.169729710625986030e+01 4.144277883814987717e+01 3.972104349011831204e+01 3.811104202912763128e+01 3.660310742768970727e+01 3.515868238883759744e+01 5.287172336329555833e+01 6.118848284643258495e+01 6.070147701237284821e+01 4.968194742189279367e+01 2.939070367878107959e+01 4.717461306955929956e+01 4.906423860559726791e+01 3.075448680663465595e+01 4.369297459252611304e+01 4.225426291280393087e+01 4.229376433444336669e+01 2.988948166927657724e+01 4.045144908901503555e+01 4.138972336461659296e+01 3.876212045733789324e+01 1.867478297663110709e+01 2.252653165050873696e+01
9.636633549416812627e+01 7.599997269368381581e+01 8.700316526466501443e+01 1.072456083073147397e+02 1.208208380277438465e+02 1.176305096812251634e+02 1.094098414191207382e+02 1.072345978547565153e+02 1.059902379124191185e+02 9.770464346404490641e+01 9.564136171274850540e+01 8.141081135464781937e+01 6.277337267073674099e+01 4.865112299036824339e+01 4.560889663464003263e+01 6.169728404065207172e+01 5.999709187471430027e+01 4.981493298966144323e+01 5.666415688288167729e+01 5.287134640532990915e+01 3.311262566649504890e+01 5.092799381163710848e+01 5.009511141886717667e+01 4.909243191927618000e+01 4.710894537963834239e+01 2.690096743786454425e+01 4.162641657747831658e+01 2.462473692524574886e+01 2.383673945273460149e+01 2.305022099420938630e+01 2.226703961237392093e+01 2.148668529596083232e+01 2.071200602463157381e+01 1.994507204426908942e+01 3.896849772272960166e+01 3.714920482561053205e+01 1.704959318778731969e+01
8.442287184021580515e+01 7.032007445699532866e+01 8.056419919621255588e+01 9.234612906356306894e+01 1.125167731347485898e+02 1.270153547185149563e+02 1.154078876823814568e+02 9.588974434601610142e+01 9.412284960402892864e+01 7.747699246439827903e+01 8.187592461046581604e+01 6.718026099654827021e+01 5.311072886499403012e+01 6.861616904749443790e+01 5.719821269907897232e+01 7.398423031047202869e+01 7.822348948585913320e+01 6.992256953584063695e+01 6.189885699855893364e+01 5.186199407125603500e+01 3.216067929265962277e+01 3.117008434112352688e+01 3.187370466452841811e+01 2.911804244118008000e+01 2.819977306033975140e+01 4.264783769322701090e+01 2.574812827676151272e+01 3.998534706732917243e+01 4.390431994892735190e+01 3.728262775559789333e+01 4.240614151251173070e+01 4.202610830496989536e+01 2.784975775969138567e+01 3.571903840850907841e+01 1.886552268479211847e+01 1.811124638505928175e+01 3.703716687722388201e+01
6.406617898548415724e+01 7.047621575891950840e+01 7.772189167094673223e+01 8.688601422631369076e+01 9.861143892894774865e+01 1.187183865920827941e+02 1.110403067544366849e+02 9.588974434601610142e+01 7.589700875847957207e+01 6.569407152514435211e+01 6.162147548023430232e+01 5.794733354084356591e+01 5.843305242573674008e+01 7.965876817635881935e+01 7.724628026464506547e+01 8.556572733724613045e+01 8.126454730829692608e+01 6.789413321018578529e+01 4.787477053546245997e+01 3.376634858512857562e+01 5.208646262463194176e+01 5.081008805007347462e+01 3.017992203320332578e+01 4.909242855707493192e+01 4.818342384124615307e+01 4.496999773359699759e+01 4.587180865952106501e+01 3.085677683001591021e+01 4.501094909053313131e+01 5.750650095231203096e+01 5.887322818199338315e+01 3.930250284100811342e+01 4.750816741284823763e+01 3.036853037875887651e+01 3.896853880874420639e+01 3.821316221638151234e+01 3.773249357452265684e+01
8.442265458103202036e+01 9.087285573368787084e+01 9.806535681002603155e+01 1.063964227172965309e+02 1.154195046537873282e+02 1.169470352714227062e+02 9.687583662122138151e+01 8.255133079785831285e+01 7.341128741563368010e+01 8.602620371432509216e+01 7.594878310693965773e+01 6.948451554023372978e+01 8.189701538734144037e+01 9.091272736486708084e+01 9.072969394472499971e+01 8.239970933241508533e+01 7.294881099086839527e+01 5.291366172020808989e+01 5.490886741075980382e+01 3.494659204438084998e+01 4.904845250169599780e+01 6.359931920235612779e+01 5.516443895149541987e+01 4.398734710124509206e+01 6.512870235584694001e+01 6.364600456160034270e+01 5.473159511383141052e+01 3.463599426372141465e+01 5.473283167738600241e+01 7.350614843826696188e+01 6.703135166948828783e+01 5.059989077872702978e+01 5.728680184387710028e+01 4.152158308818807342e+01 5.728679976724502154e+01 4.999251180049480325e+01 3.923998037998275379e+01
1.006722646220510029e+02 9.241727503834307811e+01 8.798022356444110414e+01 9.623186293251585255e+01 1.123432387446583789e+02 1.206342220122869833e+02 1.110403067544366849e+02 1.008876980037094881e+02 8.064609141363855827e+01 1.008876980037094881e+02 9.618531001438348937e+01 8.974592334538169780e+01 9.805764260648548714e+01 9.665294715286196947e+01 7.649582491945693619e+01 6.234891459057513430e+01 6.971298803400955535e+01 5.658996608528940442e+01 3.663466664154857710e+01 5.491038035455310506e+01 6.319556124818244314e+01 7.731057026939264176e+01 7.275850792495867836e+01 5.266448358667219054e+01 7.275850792495681674e+01 7.360969061809962000e+01 5.328531859312569452e+01 3.908955750323860201e+01 4.728666238952558132e+01 6.754584247052628143e+01 7.836649531423188364e+01 7.017489631937270644e+01 6.816441805708466006e+01 6.028644968964436401e+01 5.247920021611511743e+01 4.168800786469476094e+01 2.158990515213891115e+01
8.924176083588918118e+01 7.266966271260884014e+01 6.828297905452042471e+01 8.798022356443944147e+01 9.240085564415353758e+01 1.113749274864844381e+02 1.213673878569945117e+02 1.091951504319287523e+02 9.237456590361138353e+01 1.091951504319287523e+02 1.074703729154250169e+02 9.928656071484640222e+01 1.007678201659880273e+02 1.029418240555036874e+02 8.390446368253873288e+01 6.384244365266572174e+01 4.982449317744150363e+01 5.426714493081576762e+01 3.783560774090007328e+01 5.778638345031717449e+01 6.831940716125491520e+01 7.809868033861135928e+01 8.104591596584408819e+01 6.687705950335615057e+01 8.104696066495480977e+01 7.583565801075290835e+01 5.550798889210102516e+01 4.440670869061541737e+01 6.464780632135540372e+01 6.381238695526969451e+01 8.415760573936620403e+01 7.262419664740841085e+01 6.259738259001036909e+01 5.428511176907984748e+01 4.417223163722901802e+01 2.408180097068817460e+01 4.168800786469476094e+01
7.039893072237966010e+01 6.136417712134049651e+01 8.101620975621339937e+01 7.626816154133722137e+01 8.320993889791068909e+01 9.310444190209236126e+01 1.130725079941705502e+02 1.207996371915381388e+02 1.125168527182162848e+02 1.133172516206885660e+02 9.347485825218173261e+01 7.926292650296461773e+01 8.076332005904694711e+01 8.290561462981320062e+01 8.574230454297513404e+01 7.154856801202168981e+01 6.043915509259747409e+01 4.047874761753877237e+01 5.778648074265598211e+01 4.007392790490212064e+01 6.001676509730702946e+01 5.804183037761089992e+01 7.217121556290661033e+01 8.595677738778739752e+01 9.511367849342049396e+01 8.424803477963367015e+01 7.108368969294247108e+01 5.073118645888779099e+01 6.464776291921783979e+01 8.415760573936620403e+01 7.847641246578444907e+01 5.843132155949951567e+01 4.426811622771970178e+01 3.422943661034625507e+01 2.661920225598305123e+01 4.417224483243474964e+01 5.247921379164770883e+01
