MOVIE_S10_data/elevation_000955.asc
nrows	100
cellsize	150.0
xllcorner	0
ncols	100
yllcorner	0
NODATA_value	-9999
[rows 51 to 67 of 100, columns 0 to 36 of 100]
6.455108993161302877e-02 2.006455108988661706e+01 3.770828659230147650e+01 4.587099890497622567e+01 3.702947455461885795e+01 3.104708927503054383e+01 3.399959337638772183e+01 3.327380314264096484e+01 1.327625720827170497e+01 1.920879683339651578e+01 6.783863831501831143e+00 2.693608156652127761e+01 8.605796223684913926e+00 9.259365758228479848e+00 9.926029699349536273e+00 1.059387988614884080e+01 2.267991699682576723e+01 3.140269025209067166e+01 3.287474067996494398e+01 1.388616581573164233e+01 1.457815721683692978e+01 1.526806234715858324e+01 1.598985829288563210e+01 3.570290286227476173e+01 1.801112832697623034e+01 1.873226670566732466e+01 1.946333056962655306e+01 2.051926236363815548e+01 2.158261825631863573e+01 4.159544406883476597e+01 4.473995311087752214e+01 4.536207055038153868e+01 3.609166725461455627e+01 5.393243926143411215e+01 4.321503386508683775e+01 5.948007636751495397e+01 6.763950000458706313e+01
3.995603441288197999e-02 2.003940681875284824e+01 2.641978830485403051e+01 3.000014888382692746e+01 3.679023518093323730e+01 1.615740703882661577e+01 1.605666010908211661e+01 2.459393386163239725e+01 1.856375220061789122e+01 5.890979130032833133e+00 2.604864708158896391e+01 3.522918418933780060e+01 2.939838074624732300e+01 2.351708017872373446e+01 2.415517419702471358e+01 2.824669301959830392e+01 1.153972372682560099e+01 1.220663587005447326e+01 1.290417365718712794e+01 2.261588133548829305e+01 3.443879890220747342e+01 3.524540002531525573e+01 1.965039668451144195e+01 3.801133235550271650e+01 3.855382862268557886e+01 3.871907921227463589e+01 3.946470052039308740e+01 2.094399057764455208e+01 4.060123965380961408e+01 4.973842598634274736e+01 6.456426552114781714e+01 6.330993120129625851e+01 5.497130600595635741e+01 6.332641873406964095e+01 6.661104165383999032e+01 5.981797915964281032e+01 8.301094525737867968e+01
4.804567899273937126e-02 6.915089626127964628e+00 1.233484035250612187e+01 2.192183525364925956e+01 2.256788072806408252e+01 2.069333423823073304e+01 3.853242374231640621e+00 4.445418772633888516e+00 5.039090660237945052e+00 2.054182311936610006e+01 9.364393986415366911e+00 2.945294993986083298e+01 4.122766152264124884e+01 4.386384316576337739e+01 4.427093683935148505e+01 4.244838911746177956e+01 3.553022957964137163e+01 3.228484043056906927e+01 1.441590646533306064e+01 3.343023423087564083e+01 3.639926710084380801e+01 4.749237193346467478e+01 4.152517232557697469e+01 3.001643673670260526e+01 5.192123182710007967e+01 5.603162472505444924e+01 3.613954236534575415e+01 2.199716122519501127e+01 4.199942379124276925e+01 4.463561257730137299e+01 4.463332499757787275e+01 6.036013559851158305e+01 6.870098332280186071e+01 7.436938895738981614e+01 8.264141091209575052e+01 8.301094525737867968e+01 9.175422945890021253e+01
9.707512844716031930e-02 6.799082177554151007e-01 1.263085532363370955e+00 1.847667690065293966e+00 2.432907142228867503e+00 3.019376874153412604e+00 2.315963011751842870e+01 2.226427624714518672e+01 7.550339999340585528e+00 2.839575046802110236e+01 2.945294993986061982e+01 1.290848962297785896e+01 3.288797589593897897e+01 4.507684137901044608e+01 5.662630437006153272e+01 4.929313710032580076e+01 2.912446777973706347e+01 1.718581431390292380e+01 3.446744620386754576e+01 4.246860782940890999e+01 5.203565220664741986e+01 5.327910324095375927e+01 5.942242347638208599e+01 4.158622337040454653e+01 6.055663727478176384e+01 6.048203725818452625e+01 4.584265271282801990e+01 2.623722498942695935e+01 2.354381114730261970e+01 2.464006272661283248e+01 4.458883966164122370e+01 4.035569572573721331e+01 6.037056970953095458e+01 5.443965146512636011e+01 6.887280761734817247e+01 7.591650563634564719e+01 8.418915709685676063e+01
5.001202446392439237e-03 2.000497401736097203e+01 2.173170568069740938e+01 1.860482521164646386e+01 9.870457047219279190e+00 8.868135897242463983e+00 2.768219068978287822e+01 3.296137498935731713e+01 1.234333297237064464e+01 3.344928084144476799e+01 3.960397732363312429e+01 1.961026459239357678e+01 1.679164170837874082e+01 2.833521446161147139e+01 4.833477356847567563e+01 5.764125214559027910e+01 4.599932316183589620e+01 3.174118919313733755e+01 2.067492637420236790e+01 4.094419286529157631e+01 5.265578901260400357e+01 6.156211058969649486e+01 6.942733645269247234e+01 5.728549130372999088e+01 6.641204233869179063e+01 4.636682462439776486e+01 3.253871573857458088e+01 4.584453842214623620e+01 4.354463935818542097e+01 4.464235681185243010e+01 2.620338500441039287e+01 4.620928792517005945e+01 5.557856726103137390e+01 4.291384688799028879e+01 4.894036370081366982e+01 5.599391910089210711e+01 6.749165834972731659e+01
5.279685921607564503e-02 1.159980224128738335e+01 3.159972673268044119e+01 3.600497457981619931e+01 3.162869140578024130e+01 1.537942756203642425e+01 3.478518414744171139e+01 3.874690673537720897e+01 1.834119654534724120e+01 3.874682748643980545e+01 3.114958786898731091e+01 3.960465482728864828e+01 3.678804096599683504e+01 2.088147867414019032e+01 4.086771390430237716e+01 6.027890357271299848e+01 6.025747209750632294e+01 4.929202414362372053e+01 4.094419286529159763e+01 2.420639925234090128e+01 3.439205164111366031e+01 4.918352967597773073e+01 6.993418418682689719e+01 7.855339896368938923e+01 7.163877305914890314e+01 5.151706349530887508e+01 3.748852916381164135e+01 5.741708135433579940e+01 5.712429262207264458e+01 3.918023821838067988e+01 2.731902878200601847e+01 4.628954784779745069e+01 3.560256411749822547e+01 5.557856726103137390e+01 6.887280761734817247e+01 7.591650563634564719e+01 8.418915709685676063e+01
5.738623160518319517e-05 2.000005708765221613e+01 3.988302783964380183e+01 4.588114218587195836e+01 4.338132118005671600e+01 2.660041096851671227e+01 4.338127630872978102e+01 4.456377758089802654e+01 2.441354226823867890e+01 4.456377758089802654e+01 4.114605869271087357e+01 5.943688917661614113e+01 4.381483096742119443e+01 2.382651054547438108e+01 3.197381410572086935e+01 4.352207214574450234e+01 6.354393633428803412e+01 5.843715753653385292e+01 3.823421908004525704e+01 2.669320342836704896e+01 4.677298558152148189e+01 5.887533481776420530e+01 7.315679274892487172e+01 8.313216213399694254e+01 7.751656903278986022e+01 5.741708135433579940e+01 4.398719147609475755e+01 6.413202629345627770e+01 6.123333058530189277e+01 4.159090363613696439e+01 4.732870897761466011e+01 2.892124934865037034e+01 4.893413830900111350e+01 5.887372720080459487e+01 6.653185173197003621e+01 7.480616829093899867e+01 7.994546115426010147e+01
4.532054705376769438e-02 2.004532054705341082e+01 2.961230002789640992e+01 2.595595912850506792e+01 4.588113195949178902e+01 4.666877745837190616e+01 5.495983579265254804e+01 5.127694064921537631e+01 3.113739365050158270e+01 5.127697607230138743e+01 5.270113901117530020e+01 6.121481863864146789e+01 4.119522481864261465e+01 2.706145412327440170e+01 4.705882809193518312e+01 6.027833406745823908e+01 7.184038711846925196e+01 6.678801685848276293e+01 4.677298562190244979e+01 4.677298558152148189e+01 3.035915276680981734e+01 4.459347987035130245e+01 5.459940704809847745e+01 6.471689562560520415e+01 8.489079567370795587e+01 7.175713741254241995e+01 5.158298967220697762e+01 7.175713741254241995e+01 6.979384245992375213e+01 6.154273134368654752e+01 5.721039225011364238e+01 4.893412721695030143e+01 3.058660736927054202e+01 5.059864751978317798e+01 4.655453168969744127e+01 6.653186590546030743e+01 7.288598713132152795e+01
9.001595176218035732e-02 4.804052322072162262e+00 9.654654054759433279e+00 2.961230002789640992e+01 4.538607590932507208e+01 5.355140521748349158e+01 6.440113351666811070e+01 5.951381782561485068e+01 4.129387082088489791e+01 5.951381782561485068e+01 6.685509779075334791e+01 6.205106592635726059e+01 4.202760700707177222e+01 3.048046982780185843e+01 5.049051652919908406e+01 6.294130744251499721e+01 7.122767562484142445e+01 7.530899593066179420e+01 6.481430448256449495e+01 4.459347987716557071e+01 5.051602228290314400e+01 3.438767649928136905e+01 4.448191898040573022e+01 6.471689651554260081e+01 7.462278626627345091e+01 8.004830570050953042e+01 6.589146181683561565e+01 8.004830570050953042e+01 7.971112953330235484e+01 5.974299447841913491e+01 5.508288512057469433e+01 3.507312481723084119e+01 5.059884910711546269e+01 3.239890671350395479e+01 5.240574514376088899e+01 5.760407100156886173e+01 5.903457554422235631e+01
5.674351268809080251e-02 2.005674351268773492e+01 2.961230002789640992e+01 1.859060421613303760e+01 2.564140592040399724e+01 3.704404268792702482e+01 5.639011936871243336e+01 6.947863772909290958e+01 6.126008132371785564e+01 6.947863772909290958e+01 8.685983811489195716e+01 7.034496963599308117e+01 5.652814228318156609e+01 3.650360303263318684e+01 3.714072381455182637e+01 4.292017844886847655e+01 5.708372000949714931e+01 7.710191872356125486e+01 7.315719686496714758e+01 6.481430448256449495e+01 6.295661572078788026e+01 5.459940887259098474e+01 3.889106911752870843e+01 4.603683291480462003e+01 6.036516328788941621e+01 8.056264908370444289e+01 8.591813098817868877e+01 8.174667324527671042e+01 7.167647900199435185e+01 5.974299447841913491e+01 3.973645499433946071e+01 5.503914314750934977e+01 4.897795484187135884e+01 3.369765938773956293e+01 5.369960864886056129e+01 3.761918627377926327e+01 3.905691544830766304e+01
9.518805923843161321e-02 1.423732368296925621e+01 3.423732368296854389e+01 3.844852294347460031e+01 4.538607590932507208e+01 5.355140521748349158e+01 5.737545120455470027e+01 6.511419621972389393e+01 6.641852348307516252e+01 7.467910920025583721e+01 8.224174265114206150e+01 6.222534183637820604e+01 4.806573185884724353e+01 4.806573185884724353e+01 4.609668527051606191e+01 6.294691468119884092e+01 5.448625242259910806e+01 7.450439425891340761e+01 8.949235345579916157e+01 6.934532762865580935e+01 5.764845873919181685e+01 4.751311848979291597e+01 4.340678449402328454e+01 6.365005595856823106e+01 6.036516328940801657e+01 8.056265310576485206e+01 8.858933199325387875e+01 6.654129136167769332e+01 4.854085734516150552e+01 4.482839580493147480e+01 5.974299447841913491e+01 6.757788855322452548e+01 5.860919343888350141e+01 3.389089710920995202e+01 3.552693227430641798e+01 5.559054671836918970e+01 5.903457286530144188e+01
9.062254805971975413e-02 1.423275817179079539e+01 3.423275817179150238e+01 3.330739798452798084e+01 3.710451120810126469e+01 4.160753055215207752e+01 3.751909146205706236e+01 5.166229611538039990e+01 4.643589240573548693e+01 6.641852348307516252e+01 8.101216243547813178e+01 7.638202324689754619e+01 6.222534183637820604e+01 6.222534183637820604e+01 5.766052578151855812e+01 7.441345698617291760e+01 6.604451340537139004e+01 8.280233608539668921e+01 9.779725118800179473e+01 8.052835004680366637e+01 6.033105759753183150e+01 6.775446067643876802e+01 4.817226419101650947e+01 6.842326062081714610e+01 8.056265024973845357e+01 8.888052193098430109e+01 8.480908232457188944e+01 6.479351663165081732e+01 5.054615512754556761e+01 6.482116222806538985e+01 7.309031358494736708e+01 6.771776607305335460e+01 4.801884968445122581e+01 5.890814284745355423e+01 5.559056804947312003e+01 4.150596175873533156e+01 6.148084059605780993e+01
3.063233560239582431e-02 2.003063233560203926e+01 2.812464737681021987e+01 1.327125063899090129e+01 1.705131976742865874e+01 2.152497243081035094e+01 2.669395689954321327e+01 3.225298185848018306e+01 4.123064878919855403e+01 5.280268721196570425e+01 7.275327141711301238e+01 8.180123579774949860e+01 8.224174265114206150e+01 8.224174265114206150e+01 7.767618801269851758e+01 8.597126985657440912e+01 8.606080641805058917e+01 9.436352357462217810e+01 1.006323323333778461e+02 8.052835004680366637e+01 8.052835004680366637e+01 7.426656447774294634e+01 5.402477265301888565e+01 6.250973781145007280e+01 7.419494782818588874e+01 9.431758260244741621e+01 8.221878032718248619e+01 6.219163588794733499e+01 7.065610309409045442e+01 5.846664864809018525e+01 7.852275536429118574e+01 7.463054574492224447e+01 5.507825221361413526e+01 7.463054574492224447e+01 6.583791801298823998e+01 4.587130371759196379e+01 6.583787992703958025e+01
5.666595628964066211e-02 2.005666595628928661e+01 8.107057361524955041e+00 2.812464737681021987e+01 3.710451120810126469e+01 2.972316018085853528e+01 4.675334534940101605e+01 5.228866954233926378e+01 6.055750080299571181e+01 6.949569240059665276e+01 7.595805301011922950e+01 6.188004722168471972e+01 7.035337646113849530e+01 7.859524307606218940e+01 9.267237503818563482e+01 8.865905396140546202e+01 8.041461925339552863e+01 8.041461925339552863e+01 8.486534096086521117e+01 8.704246078552684196e+01 9.071415295074123719e+01 7.057005332167715039e+01 7.426656447774294634e+01 6.574232092509133452e+01 8.591089771871082803e+01 1.026169999182519632e+02 9.049274309517221582e+01 7.378170440928727203e+01 8.454735864995211614e+01 6.456601004067253768e+01 8.454735864995211614e+01 8.285796427085047355e+01 6.629674347265000733e+01 8.285796427085047355e+01 7.054329282675365675e+01 5.058009129328102915e+01 7.054327896522514152e+01
2.110006612196471329e-02 3.183377750335319778e+00 1.134861328076849496e+01 2.135077309932157874e+01 3.550105167027498254e+01 4.980603904469995058e+01 4.612035677012438128e+01 6.620544452058169327e+01 6.656084575202488907e+01 7.481407364436464036e+01 6.603649044895412601e+01 4.789563634225353184e+01 5.051301848924471471e+01 6.451811111393847398e+01 7.738862906307532796e+01 8.041461925339552863e+01 6.056857276310551441e+01 6.056857276310551441e+01 6.500329300498712826e+01 6.717500634489242373e+01 8.704246078552684196e+01 9.071415295074123719e+01 9.421868795187111800e+01 8.002639778854558017e+01 9.421868795187111800e+01 1.039673063278976173e+02 1.020216544028147467e+02 9.374404036468524737e+01 9.159974373149724158e+01 7.165258647269959624e+01 9.159974373149724158e+01 9.428351652512233727e+01 8.601473135896266342e+01 7.837373247134402732e+01 5.840995019745556505e+01 7.054329282675365675e+01 7.881580587985548902e+01
9.367352646185668485e-02 6.418228846798588627e+00 2.641818621378648402e+01 3.964564365955583014e+01 4.965144061620168259e+01 6.380182956212814815e+01 6.620544452058169327e+01 6.329566655939878217e+01 4.659985363653962764e+01 6.329566655939878217e+01 5.780523230428583759e+01 3.805703554105266306e+01 5.780523230428583759e+01 7.159830505976351844e+01 5.739006373788800630e+01 7.159830505976351844e+01 6.638134520036800268e+01 4.650556349411444046e+01 5.096009289342153892e+01 6.727477317825074010e+01 7.550822738084073649e+01 9.125370686581453583e+01 9.950281963209911851e+01 1.001173372578993366e+02 9.815225359222776547e+01 8.409535757114110766e+01 9.193327257750465265e+01 1.001705784405715605e+02 9.987544637005035497e+01 8.316733632387162345e+01 9.987544637005035497e+01 1.019008642824087616e+02 8.193632613459485015e+01 6.782202786013215245e+01 7.837373247134402732e+01 8.664816833361719262e+01 9.015080347740742184e+01
3.648181865326004941e-02 2.003648181753947810e+01 1.641822884463827137e+01 2.536250073814328232e+01 3.690950524763310625e+01 5.690914245140017158e+01 6.744400881438237150e+01 4.748472657404919772e+01 3.505661336091319669e+01 5.503636158085745933e+01 5.232806799445587131e+01 3.251129076565368337e+01 5.232626271934361739e+01 5.178255754891048213e+01 4.338963138007030551e+01 6.324750790763322073e+01 5.935419518743024270e+01 3.927737234483704754e+01 5.916180608260523144e+01 4.740214349392965687e+01 6.727477317825074010e+01 7.136771067972443916e+01 9.125370686581453583e+01 9.287615603628645999e+01 8.464206128586785383e+01 7.006175818617519724e+01 7.207657601994942809e+01 8.870124998006484418e+01 1.001705784405715605e+02 1.031186264653737936e+02 1.114023372151676767e+02 1.040875403078005803e+02 8.411962284947662738e+01 8.193632613459485015e+01 9.606123857035952085e+01 9.830150062521558141e+01 8.187903917891861738e+01
