MOVIE_S10_data/elevation_001000.asc
nrows	100
cellsize	150.0
xllcorner	0
ncols	100
yllcorner	0
NODATA_value	-9999
[rows 34 to 50 of 100, columns 37 to 73 of 100]
4.672235765706449229e+01 6.738667376560984223e+01 8.286962489452621128e+01 9.192665659895388330e+01 7.235062245777301371e+01 5.863959061447349086e+01 7.073491260006224479e+01 5.474196281773122053e+01 5.980046973288852286e+01 7.921505312705794211e+01 8.527200249319737679e+01 8.068292374041081416e+01 9.596138062800203272e+01 9.013158937212203625e+01 1.100357773866226268e+02 1.085436913186695165e+02 8.850805160254846271e+01 7.693319217637171903e+01 6.797812827379958378e+01 6.263571053475057937e+01 7.852784698089911330e+01 7.296034459266164163e+01 9.263620942955509463e+01 9.256624840635272733e+01 9.359405714404901744e+01 7.696613744194736739e+01 8.426823770301986372e+01 9.249915204649846601e+01 8.544832949460219140e+01 6.544315284285927703e+01 5.137969340735146062e+01 4.255072060150789071e+01 5.224881488071893187e+01 3.587933742738126597e+01 2.642675896647203615e+01 4.481147053226637667e+01 5.046594878516206961e+01
5.113636974438065153e+01 5.505561939449377462e+01 6.883850398957839900e+01 8.862429254487076946e+01 8.394899712783855250e+01 6.449803390369213218e+01 8.236074174224303590e+01 7.420222924977959167e+01 5.888138403176594693e+01 6.231996765076818434e+01 6.584646998096449977e+01 6.954419823493786623e+01 7.632861430394284241e+01 9.013158937211673560e+01 1.100357773372430188e+02 1.122513666645627097e+02 9.222168041297990726e+01 8.064695503865860360e+01 8.619924170558809351e+01 6.616788080010189788e+01 8.619924175505876462e+01 9.271020071742144353e+01 1.009945459654158100e+02 1.082340666777613905e+02 1.050656248352932636e+02 9.683339405303463820e+01 9.986933073312854958e+01 9.138085671627955264e+01 8.306181424371260391e+01 7.959384065663579122e+01 7.067174390190874078e+01 6.239276850831382148e+01 6.455828711014486032e+01 5.304081412176311972e+01 4.481147057333974715e+01 2.499343386974627990e+01 3.129202589968772585e+01
7.041232942288687013e+01 7.463362728624842646e+01 6.628348144034170275e+01 8.604013863192909639e+01 9.046020750175250669e+01 7.092657638001051623e+01 9.046020750175250669e+01 8.390287580982932525e+01 6.447653134414233023e+01 8.172540171036413881e+01 8.527200249319737679e+01 8.902015355346271974e+01 7.680072085617230471e+01 9.061316235222921023e+01 1.105242640903973381e+02 1.205308090264214513e+02 1.089736556654623172e+02 9.186765517703602768e+01 7.182679068713638060e+01 8.619924270445009995e+01 8.252247296186985182e+01 1.025589940116360737e+02 1.023475965935576113e+02 8.813855593901615748e+01 1.023475963032741873e+02 9.708069628666358142e+01 8.876060627641813028e+01 7.147440468511541667e+01 6.299183216011300601e+01 7.979108597328796293e+01 8.754382848555725616e+01 6.751779883595317244e+01 5.341047674141802304e+01 4.196530018771629500e+01 3.209502931220526278e+01 2.399194567850276982e+01 4.381957040942913295e+01
7.137449072471153499e+01 9.061447848267863492e+01 7.762983068913190721e+01 9.431236996122461846e+01 9.871023471575016117e+01 8.059728320629524490e+01 9.871023471575016117e+01 9.211586185356318879e+01 7.561113135246382910e+01 7.561113135246382910e+01 9.522960938027959799e+01 1.034491513004891914e+02 8.363838865876554962e+01 9.278739040383912595e+01 1.127194364301340386e+02 1.229737524113906773e+02 1.114186810495151860e+02 9.604750690794358547e+01 7.600164221380178731e+01 9.604750690398547874e+01 1.025589942862100941e+02 1.034081639726125275e+02 9.336847128295167408e+01 7.395311499820641643e+01 9.336846666552253282e+01 8.876060627641813028e+01 6.868792052021433392e+01 7.147440468511541667e+01 5.136935959760617010e+01 6.142188214136800894e+01 6.974248826411550795e+01 7.305979260259911712e+01 6.478388710979756127e+01 6.015810595759952406e+01 4.283794755467874893e+01 2.299984018957266940e+01 4.283019085771658041e+01
9.061447847516791398e+01 9.872788196761591450e+01 9.752883293018594202e+01 1.058216181094151978e+02 1.086165368397515607e+02 1.003231317972097116e+02 1.086165368397515607e+02 1.035024415677517311e+02 9.522960938027959799e+01 8.941075204059285397e+01 9.522960938027959799e+01 1.117620301475078151e+02 9.345964795057786034e+01 1.117620301475078151e+02 1.210465571459081104e+02 1.146977659781915548e+02 9.466972363334912188e+01 8.308932789570165767e+01 8.757820848916479406e+01 1.043363427610618572e+02 1.092955696355359692e+02 8.919859246340055847e+01 7.501163034021989517e+01 6.499189228592149448e+01 7.686027362401381424e+01 8.517685822820310193e+01 7.456707406157978824e+01 5.447395463576538077e+01 4.621000899855579291e+01 4.122409024103052388e+01 6.142188052015599453e+01 6.478438912104984126e+01 4.464722521406002187e+01 5.054088959712492368e+01 4.185717285299174506e+01 2.201073486561339365e+01 3.961141305218300346e+01
1.026538355164376242e+02 1.005652663271527985e+02 9.224220598626965284e+01 1.005652663271527985e+02 9.600206615576018976e+01 1.043266792938571967e+02 1.082311457314480663e+02 9.992054726986214064e+01 1.082311457314480663e+02 1.092775736872656722e+02 1.151517931996066295e+02 1.217719353546790160e+02 1.134386546543641003e+02 1.217719353546790160e+02 1.272947117314361662e+02 1.072911874099981588e+02 9.311905664199377952e+01 9.466972363334912188e+01 1.076167837002268612e+02 1.158977452168802955e+02 1.064288968291382815e+02 9.638645718635555681e+01 8.806435963961283164e+01 7.686026629522613973e+01 5.680359144137305094e+01 6.976916679776957153e+01 6.632391885073080573e+01 6.301477321586487790e+01 5.559128168379802304e+01 3.533700689568826192e+01 5.203839854097483908e+01 6.037562268410166411e+01 5.054469978326257973e+01 3.034465099583765380e+01 2.274855398137168905e+01 2.167959917953070814e+01 2.061466898901192479e+01
1.025412924763835321e+02 9.047340294787890969e+01 7.202116620598175700e+01 9.047340294787890969e+01 7.582275286789901259e+01 9.269000005895208005e+01 9.820054557689225305e+01 7.986032417681917650e+01 9.820054557689225305e+01 9.572969775404402526e+01 1.040445882644791595e+02 1.140772964361681119e+02 1.328045503631986435e+02 1.268978358243039537e+02 1.294794857744475394e+02 1.094801347425347444e+02 1.072911874099981588e+02 1.146977659781915548e+02 1.229737524113906773e+02 1.123183720418892477e+02 9.221625778308697363e+01 7.802469663669224076e+01 6.800479188803747377e+01 6.132677635250988146e+01 5.527436197936567908e+01 4.968009189222350130e+01 4.619517165974948369e+01 4.283922114274086823e+01 3.968447008759035555e+01 5.203843251695576555e+01 3.178930900479588573e+01 4.859097983543382071e+01 4.445189406758446893e+01 2.427858748532134925e+01 4.291142463598649215e+01 3.704140355977805399e+01 4.062102103399261921e+01
9.249988470504378313e+01 8.213168609611680893e+01 6.169631171839196782e+01 7.257841674889824901e+01 6.395989661344752619e+01 8.435153419695178911e+01 8.989043572334064436e+01 6.967057617009218973e+01 8.496655773169212011e+01 7.559389212555007020e+01 8.570895832725400965e+01 1.057507934180163147e+02 1.126903953132697325e+02 1.068054840219761843e+02 1.210273890360072357e+02 1.294794857744475394e+02 1.272947117314361662e+02 1.200897932544037872e+02 1.117872305116160305e+02 1.097212477158905557e+02 1.014184607243332437e+02 9.638649554400886643e+01 8.806436368019554095e+01 8.137783946491695986e+01 7.533221552619153272e+01 6.129132629126730336e+01 6.632391655078814097e+01 5.452579314174327152e+01 5.990116252126985330e+01 5.803749112849311587e+01 4.859097983630033468e+01 2.837245748321787175e+01 2.601463233267081776e+01 2.658999856470162726e+01 4.677927362955038149e+01 5.872016804289754077e+01 5.291576312840148688e+01
8.419690696769697524e+01 7.490669019683163299e+01 5.435327650503153052e+01 5.198793898217943621e+01 7.257841674889824901e+01 9.109279076075246451e+01 8.274163582096981884e+01 6.232529969011365267e+01 6.460760681100687464e+01 7.907557718801311353e+01 9.918864287944650471e+01 1.140739945876055117e+02 1.126903944707810581e+02 9.269687906918530018e+01 1.126903948625684251e+02 1.255259478848521013e+02 1.208322826879969938e+02 1.108123914076301872e+02 9.174312042789836141e+01 9.542128316052153991e+01 8.137233888645144475e+01 8.505087083337778608e+01 8.067932307042144657e+01 8.898164984961421453e+01 8.966849128393920410e+01 8.135011106905935208e+01 8.292741735117867563e+01 7.461092954280000811e+01 6.010681144853374747e+01 4.966306088801361085e+01 2.951115970639615327e+01 2.805641097420653196e+01 4.613266687360317775e+01 2.893211941091211159e+01 4.325733483162768067e+01 6.362135672435076117e+01 5.893942231557895894e+01
7.742697393253509119e+01 7.971140375101489894e+01 6.558659493186536338e+01 4.517461519861595320e+01 6.571492412977292474e+01 7.078583905351470662e+01 7.078583905351469241e+01 5.570790629339588662e+01 6.503659750216489499e+01 7.949597493897910283e+01 9.960550831228913182e+01 1.057637668773332109e+02 9.746868205646015326e+01 8.565108738147044676e+01 9.715746810728808214e+01 1.171838606417700817e+02 1.125303486299097671e+02 9.249175040359935451e+01 8.245816204667237059e+01 7.536826371895627119e+01 7.001781786948184561e+01 6.501792230551529883e+01 6.065306891287016100e+01 7.489824145606036154e+01 8.192809051996275116e+01 9.022999193256765693e+01 8.351230517052076152e+01 6.343913324709223645e+01 5.184680461102885829e+01 3.159394932850444704e+01 4.973929072134517071e+01 4.235771688975417248e+01 5.155075328144712188e+01 3.132815519961618023e+01 5.156278832021639857e+01 6.338703615488521592e+01 6.721635865496676843e+01
6.379046468602977882e+01 6.700128748139276524e+01 5.259169054026744305e+01 4.090108805091807653e+01 6.133082859712779111e+01 6.571040376748042888e+01 5.016718077720499025e+01 7.078583905190353676e+01 8.464097676430051820e+01 8.538591636633238124e+01 1.054803515965142822e+02 9.746868205646015326e+01 7.745725553010032627e+01 9.746868205646015326e+01 1.021713640929402800e+02 1.222322205281511458e+02 1.208322826879969938e+02 1.108123914076301872e+02 1.025110495167544826e+02 9.542128316052153991e+01 9.006188828047486084e+01 8.045242019579238502e+01 6.042654395659641153e+01 5.486944506277716016e+01 6.189609449150267295e+01 7.866272674007406351e+01 8.183243244296825480e+01 6.343913324709193802e+01 4.325894516264136769e+01 3.308277770652289007e+01 5.334903920486662798e+01 6.250016816736724223e+01 5.984074450456873961e+01 5.156278832021639857e+01 3.487220676866165547e+01 5.511327224361100008e+01 6.715754210579196126e+01
4.328632482608927035e+01 5.672415790042416006e+01 3.861837266183407991e+01 5.900323958421630977e+01 4.337853457294539083e+01 4.516569077255486775e+01 4.729296389228212405e+01 6.789412058092592872e+01 7.943288541704957595e+01 9.379289249979051135e+01 9.350539636887904749e+01 9.261521364120287103e+01 7.251190803887719483e+01 8.213458645241068723e+01 1.021713640929402658e+02 1.118546240569345116e+02 1.201893067179817933e+02 1.170361194319293929e+02 9.699946845666271145e+01 8.542144730599575553e+01 7.645423227876167971e+01 6.937453838021760077e+01 8.045242019579238502e+01 7.036261222052579001e+01 5.031034439661800661e+01 7.036261222052579001e+01 7.352414850891656783e+01 5.341892323814766286e+01 5.487722400811548340e+01 3.460356716385776821e+01 4.636002498510386260e+01 6.650858642766385742e+01 6.931879556559883326e+01 4.922921754603094513e+01 5.511331871678620331e+01 3.868941700440341691e+01 5.889890895792019165e+01
5.458331314164500014e+01 3.636709078008283313e+01 5.672416219800766868e+01 6.743441069488397943e+01 5.360256905727774779e+01 6.571040376748042888e+01 6.789412058092592872e+01 5.039334968864935860e+01 6.507287833434800461e+01 7.674093629285182772e+01 7.332085893809777133e+01 8.227972368981427564e+01 6.776754533799289959e+01 8.800322569677510387e+01 9.771073780688789157e+01 9.185216007614879175e+01 1.118546143342042001e+02 1.253398151194162864e+02 1.137699170431940274e+02 1.048053437882038708e+02 9.650288344177475608e+01 8.941461484626974254e+01 8.157469014812093633e+01 6.153723060471419615e+01 4.731958406567440534e+01 6.334864984238686958e+01 6.150113891482163098e+01 5.710830081642436085e+01 3.684352954602133678e+01 4.372586722717148433e+01 6.319520182675319830e+01 7.480070160030744830e+01 7.754528552496118721e+01 6.931879556559883326e+01 6.197404316485805253e+01 4.180907885637834909e+01 4.737256276359458695e+01
3.424074994774667857e+01 5.458331314848675220e+01 6.515672353290911190e+01 8.069573264120462852e+01 7.414308851027712421e+01 7.414308851027712421e+01 7.943279611613895952e+01 6.507287829549987634e+01 5.368146333675254311e+01 5.612770651537123712e+01 5.868454329912189849e+01 6.184013189420843304e+01 6.679302771180026355e+01 7.181851179580567646e+01 7.770135197966185103e+01 9.185215873806475884e+01 1.118542380555031173e+02 1.105682422595770049e+02 1.005376073976964904e+02 9.222557042205194477e+01 8.554214547882914133e+01 7.975819374482114199e+01 7.440571572899007435e+01 6.582362979659895075e+01 4.571679759787634367e+01 4.319468500503365505e+01 4.130910767248572313e+01 3.944722481786864421e+01 4.026200899645645137e+01 6.036366278683276221e+01 5.801935611966107587e+01 7.809325100963806676e+01 8.059286480473146241e+01 6.061633256624438815e+01 4.637280543098697194e+01 6.197404316485805253e+01 6.161744382891843941e+01
4.029219482076738501e+01 3.749363675512531557e+01 5.186036872259911235e+01 6.965384157840711055e+01 8.407305228935108232e+01 9.440519718810496386e+01 9.379208341799073878e+01 8.269715936089673392e+01 6.413653713764760766e+01 6.816778573638760008e+01 7.923277307645946621e+01 6.550672417071724851e+01 8.582482433022909163e+01 9.193452539695002201e+01 8.826215757074967883e+01 9.185216007614879175e+01 1.118546143342042001e+02 1.022538183062920325e+02 8.219732253781197073e+01 7.217529559238333547e+01 6.550574541917445970e+01 5.973121699390240025e+01 5.437421532701480231e+01 4.933773229743691502e+01 6.582362979659895075e+01 5.747509561987359206e+01 6.150113891483074013e+01 5.967303830220451033e+01 4.378019077676566440e+01 6.379640606824976601e+01 7.809324836466977615e+01 8.640091877979799051e+01 8.387334797378660767e+01 6.391910074040419687e+01 4.971335840025423636e+01 6.976356444158955128e+01 8.159030255457976466e+01
6.016139855123606850e+01 5.784964576181320695e+01 4.081589392316391240e+01 5.523581789570127398e+01 7.366391719487955925e+01 8.607656576824835781e+01 9.442278166283199425e+01 9.284866892905812108e+01 7.862597999910843782e+01 8.257060089271568870e+01 9.121126129308287034e+01 7.105709689057579226e+01 8.214228555070701532e+01 1.022103298059531085e+02 1.023994114004081837e+02 1.118546240569345116e+02 1.201893067179379386e+02 1.105682422595758538e+02 1.005376073976915592e+02 9.222557042205194477e+01 8.554206109274491610e+01 7.371798867909456021e+01 5.368569106135639402e+01 6.352930287499109596e+01 7.770020823427520895e+01 7.752866410571220968e+01 8.021735304729892846e+01 6.732069800281573180e+01 4.738429690303161124e+01 6.147368849132373470e+01 8.143448691837828335e+01 9.339050965941993354e+01 7.706507907581629979e+01 5.706917521868373200e+01 6.976356444158955128e+01 5.662483903475955316e+01 7.079041379956730395e+01
7.664343892145117820e+01 6.620264487780562490e+01 4.569305090775115730e+01 4.475113706871632502e+01 6.524812847265319249e+01 6.570766113750957516e+01 8.568878030249632616e+01 9.402607073572654883e+01 9.874992527661410691e+01 1.026512189232768435e+02 9.699558972503601240e+01 7.695808740931413183e+01 9.699558972503601240e+01 1.105311559356595410e+02 1.224588666125523559e+02 1.202765735852581770e+02 1.102477834278094804e+02 1.019365020152360728e+02 9.525004582093113470e+01 8.920279020536615633e+01 7.888870900137067110e+01 5.886307317582367915e+01 5.972950547119287279e+01 7.975646581065041119e+01 9.187051914323208734e+01 8.021735304729892846e+01 6.019401510661461430e+01 5.390277157213472492e+01 6.462785962338338663e+01 5.735984455568340934e+01 7.728128613348496856e+01 8.521198201271785422e+01 6.525631636541476155e+01 7.706507907581629979e+01 8.482876885795516841e+01 6.819749880215692883e+01 6.559296532213993203e+01
