MOVIE_S10_data/elevation_000413.asc
nrows	100
cellsize	150.0
xllcorner	0
ncols	100
yllcorner	0
NODATA_value	-9999
[rows 17 to 33 of 100, columns 37 to 73 of 100]
6.017853098139344326e+01 5.087357113378441653e+01 6.213306914746834053e+01 5.344122831639416660e+01 7.400634452839489086e+01 7.768805096329512594e+01 5.715534214751089337e+01 7.768805096329512594e+01 9.212245539315257759e+01 9.883142490998911001e+01 1.070635308017816953e+02 1.170207695760198021e+02 1.075676487193106823e+02 8.790743335111697832e+01 7.774950539432195740e+01 6.994501797049927916e+01 7.885545380997440645e+01 9.306042679700212261e+01 9.145279160855517375e+01 8.295719228389317834e+01 8.948512154688222608e+01 6.934303627895947386e+01 7.524208372340449102e+01 5.964323756426104950e+01 6.124361263088960072e+01 4.113510415029837475e+01 4.048355177687044204e+01 6.066291290811344084e+01 6.262431304361970064e+01 7.253184990195887849e+01 6.727089687210083468e+01 7.253081026998428626e+01 8.455385290808989396e+01 9.169829257182045978e+01 9.988734660812205846e+01 1.113649050132892455e+02 1.016962322646895132e+02
8.055031746904984402e+01 6.141975849910610208e+01 8.055031746904984402e+01 6.539272029531446151e+01 8.236321330957595421e+01 8.178142881538788345e+01 6.131453955475571149e+01 6.562361359267752903e+01 7.185398474593202423e+01 7.870451635947935642e+01 8.885744533939022460e+01 1.088054044805881091e+02 1.156760958576779927e+02 9.722658378515176025e+01 7.703568177003442941e+01 9.030860669459886481e+01 9.856914203419167109e+01 1.072653997840296682e+02 1.112705860648428597e+02 1.030579961043375334e+02 9.754671991398844000e+01 8.948512154685226960e+01 8.778102394252378815e+01 7.968498146349764966e+01 6.966765618729913001e+01 5.915618145732308619e+01 3.901913091912434339e+01 5.772090297399380177e+01 6.628445744282291230e+01 8.244515628465319423e+01 8.748839804823286670e+01 9.269468948573434375e+01 9.168347667824154712e+01 8.328082576859672770e+01 8.593549999582582188e+01 9.432499391803288802e+01 9.810729312150401427e+01
9.101316759363406561e+01 8.265322090278601763e+01 9.101316759363406561e+01 8.577277404948203809e+01 9.407112163631782664e+01 9.008956517702746680e+01 7.322518096004816357e+01 6.803574070884826597e+01 8.838292813647701962e+01 9.883142490998911001e+01 1.070635308017816953e+02 1.170207695760198021e+02 1.205289699735571247e+02 1.024097023132738400e+02 8.233557057238584775e+01 9.660132242619361875e+01 1.164323718120779887e+02 1.050020222077592962e+02 9.673470549344148139e+01 9.454091152518478225e+01 9.012088538846133190e+01 9.600015649978713839e+01 9.380456233031979707e+01 7.381781187188610716e+01 7.207052400029834871e+01 6.366337342264020549e+01 5.604307071412551267e+01 3.754075369819469898e+01 4.866801715554173313e+01 6.628939881699099601e+01 9.013542606166764415e+01 8.293268905759704523e+01 7.448824562047947495e+01 6.266039752047664990e+01 6.534471453814056474e+01 8.593549999582582188e+01 8.795312173783129595e+01
8.812402209817541632e+01 9.422633027208078715e+01 1.000259157919486768e+02 1.000116501972064214e+02 1.021758820161916361e+02 1.017242692526472467e+02 9.346948074695566788e+01 7.725331120102158877e+01 7.644175182620291764e+01 9.658653347440672121e+01 1.147451741086878911e+02 1.246588070535400021e+02 1.123490261116556894e+02 9.247037851479677784e+01 9.660132242619361875e+01 1.106087598712430093e+02 1.020305991052304933e+02 9.375813118380405342e+01 7.650643266431966083e+01 7.428580718187627951e+01 6.982913445227700322e+01 7.577245069932082799e+01 8.595222604324128213e+01 7.381781187189048410e+01 5.372600248853467519e+01 4.366042642661409445e+01 3.607997782606343407e+01 5.501744031288129122e+01 5.302159131444282281e+01 7.212395940788384507e+01 7.809465678573987191e+01 7.107812125817709159e+01 5.389504682779027434e+01 5.079205657756222081e+01 6.534471453814056474e+01 8.593549999582582188e+01 7.957376465151743616e+01
7.989561751834881420e+01 7.432266337150744562e+01 8.015231243620715418e+01 8.016001524294195235e+01 8.233323001833888100e+01 1.021758820161916361e+02 1.057386376504968979e+02 8.909682152000742406e+01 9.000475861098351515e+01 8.660238361020941511e+01 9.661881872754257472e+01 1.164347802202485838e+02 1.205289699735571247e+02 1.024840503539395939e+02 1.164323718120779887e+02 1.053741960756461822e+02 8.525458149895861482e+01 7.347907484103917852e+01 6.574184600358633190e+01 5.984453701277713122e+01 5.541112040202323641e+01 7.012523374366500661e+01 6.658861955786400699e+01 5.730782957461354954e+01 6.009617017456749011e+01 5.522423404468253949e+01 3.505983794443996970e+01 5.485148320498193186e+01 7.141512141846989437e+01 6.963569745053723636e+01 5.464303106570780955e+01 6.172207915362243824e+01 4.227096840541467060e+01 6.259875675404482820e+01 7.983485422808666954e+01 8.269422405355342676e+01 7.235185884686025304e+01
7.899482972419903604e+01 6.006755558497825120e+01 7.655598454122528551e+01 6.599489620703667470e+01 8.016001524294195235e+01 1.000116501972064214e+02 1.174959705782466273e+02 1.092299723886703475e+02 1.082116763350127684e+02 1.065249910418738466e+02 1.147451741086878911e+02 1.246588070535400021e+02 1.303980640971736875e+02 1.222140018686985599e+02 1.303980640971736875e+02 1.136043392367475491e+02 1.020305991052304933e+02 8.239378060126708192e+01 8.609336834002625949e+01 7.164377442224582637e+01 7.012523374360347361e+01 4.980894290062035168e+01 4.631601247216612904e+01 4.302417409438578488e+01 3.989751441548627753e+01 3.694180879554058805e+01 3.404437748595876201e+01 5.284661794651843536e+01 6.121802789435750469e+01 5.806971382891357791e+01 3.943955334570433280e+01 5.230415827485594349e+01 3.783430590861276244e+01 5.782834580685251780e+01 7.768452373299801650e+01 6.829812944583477474e+01 5.390203483811613694e+01
5.885630315800532486e+01 5.088287555509172932e+01 5.640398497458620852e+01 7.655598454122528551e+01 9.418195315592188877e+01 9.964706594871275058e+01 1.078956669365706773e+02 1.076145315749489839e+02 1.157964015961184714e+02 1.114934015231994380e+02 1.173425813190242053e+02 1.184518096849116944e+02 1.267650050341539014e+02 1.265039761671225591e+02 1.184232952814046058e+02 1.265039743871647033e+02 1.108005245204051619e+02 1.025546460364900980e+02 1.002137154062035194e+02 9.193153244736942042e+01 7.848970058506364467e+01 6.152853411192149480e+01 6.063751043030547550e+01 6.325582277676776499e+01 5.151935523702268682e+01 5.704928658841190980e+01 4.618588077891887167e+01 3.269285817619818602e+01 5.149741026144958767e+01 4.946560243105111709e+01 2.937572588969455722e+01 3.214259861258833695e+01 4.824874121454986664e+01 6.119962186294394257e+01 6.331063530985930754e+01 4.893674688672048489e+01 3.945258904748270368e+01
4.432890654453040469e+01 6.475474102613807759e+01 7.655598454122528551e+01 8.478626750629348408e+01 9.641164112022380550e+01 7.976566349357152319e+01 9.140749161887923435e+01 8.776504250831406750e+01 9.892366719217341142e+01 9.161892479444914272e+01 9.744002425576586290e+01 9.858841970231738117e+01 1.152619622413224931e+02 1.166271538011583146e+02 9.856810468886905596e+01 1.093450180391035360e+02 1.174722335323220079e+02 1.114214098597606721e+02 1.119904981369279824e+02 1.038112311245278789e+02 9.019093504006875150e+01 8.186847299932715316e+01 8.095597026412558250e+01 8.016584197357794039e+01 7.181231690391030043e+01 7.283559128744747113e+01 6.058929666976438710e+01 5.135253270862592245e+01 3.135442901664969284e+01 3.053325883769168314e+01 4.821018136252456543e+01 2.822408903844956285e+01 3.988661918934486295e+01 5.512350801571859193e+01 5.036048566595803067e+01 3.472294056489459280e+01 3.599100237758260334e+01
5.885820163451835185e+01 6.947684425557257271e+01 7.779876901590652949e+01 8.603199238457524700e+01 8.747871607122752380e+01 6.816325179487419916e+01 7.106512747529745866e+01 9.028784582088016464e+01 7.904054229132449905e+01 7.755586811616625198e+01 9.551888597374828294e+01 8.712607708020061636e+01 1.069836761314423654e+02 1.084956999854008330e+02 8.846227533872132653e+01 8.932660881261929831e+01 1.040769382218083621e+02 9.143814149050025719e+01 1.004391559332965613e+02 8.369560389375418197e+01 9.840572542659357680e+01 7.823626577688192185e+01 7.823612566460589335e+01 7.973535168045464161e+01 7.778833528549532161e+01 6.474263623165111881e+01 5.391439479769748289e+01 3.375579733289578854e+01 4.954695585784732970e+01 4.518428415673013632e+01 5.647865766868090276e+01 4.720378946202044546e+01 2.709328666627622084e+01 4.607950852456057333e+01 3.027564427439094530e+01 5.036048566595803067e+01 6.271487471669428970e+01
4.068982840926894795e+01 6.116981616227429441e+01 5.763569888726036083e+01 7.779876901833485192e+01 7.922189920204401403e+01 5.906248632764894069e+01 7.633710650416414012e+01 7.566290309143154502e+01 6.492603237779539427e+01 7.009997368062681744e+01 7.563181316865426140e+01 8.712607707989927519e+01 1.069836751876067495e+02 1.119116978256907942e+02 9.193690177244279482e+01 7.757188147313746640e+01 8.396862219363876534e+01 7.707545955441970875e+01 9.219688311830873317e+01 7.190561004116031540e+01 9.219688311832486249e+01 7.823627671471724909e+01 5.790471968224994015e+01 5.942507054539998990e+01 5.746854862994702273e+01 5.636962691834594352e+01 3.619794380247523691e+01 5.391439479769748289e+01 6.151469567306322261e+01 6.627978836472419744e+01 5.799268746226610460e+01 3.780331976646944980e+01 4.579175386028062178e+01 2.596428997426425767e+01 3.037582835533683934e+01 4.976660502573304257e+01 6.299970288796116336e+01
6.116981619004289428e+01 4.307202726650966440e+01 6.354132539698606763e+01 6.815004471805569608e+01 7.044996684377746021e+01 5.354421037021894136e+01 5.622452152280929738e+01 5.895416166796923818e+01 7.900846681028474450e+01 9.000314860930102157e+01 9.551770307172940022e+01 1.037705347901613777e+02 1.152619517810743872e+02 1.104283779482261139e+02 9.043788693644205523e+01 7.869359269809338286e+01 6.953052903504067217e+01 6.524810482579444226e+01 8.007517893760739014e+01 6.415496844089781803e+01 7.881759708994887603e+01 7.049876634987640500e+01 6.537750447352536298e+01 4.511240845773360775e+01 4.317795552996924613e+01 5.811945902768131589e+01 3.794439130881109890e+01 4.955703343357801316e+01 6.984402453153442991e+01 7.232421606453355878e+01 5.205896521956866252e+01 5.799229335647383010e+01 4.541924234739945376e+01 2.519640981843004823e+01 4.502142156299723297e+01 3.660242785350994410e+01 5.526278676782715849e+01
6.718738745349557462e+01 4.699909895719387976e+01 4.580891780310426498e+01 4.777043504201044044e+01 5.013752977109035669e+01 7.044653229678040418e+01 7.633710572729496846e+01 7.900846681028474450e+01 6.419095931587405346e+01 8.416600669316441952e+01 9.807073499754979196e+01 1.069900315886023066e+02 1.184992400020800858e+02 1.185384001202233293e+02 1.070664132375268451e+02 9.809817658319127531e+01 8.985821160004746844e+01 8.007517893760739014e+01 5.967215490127294686e+01 5.692823299938505954e+01 7.048831815715175253e+01 5.016410101721220371e+01 4.798838871984249010e+01 6.536330408750923482e+01 6.069008491759149848e+01 4.047902729828926027e+01 5.589399145266373381e+01 6.602022467222604973e+01 7.828768611726994209e+01 8.071826457851619807e+01 7.232704781660568472e+01 6.374902764070000671e+01 4.064137917569609471e+01 2.442330209880457659e+01 4.182622111008573995e+01 5.043860420164976688e+01 4.328450078328896922e+01
7.111704576409626100e+01 5.107726625495095618e+01 6.618402582704524661e+01 6.814527387601202690e+01 5.297941363430423678e+01 6.735304036844398468e+01 8.734908486065300792e+01 9.242966139814001281e+01 7.832743330156424122e+01 6.986047209586598683e+01 7.878719738618697477e+01 9.031113524757951438e+01 1.102165206833694526e+02 1.215209034146594149e+02 1.100783858111166751e+02 1.011342869029992357e+02 8.595483733265984938e+01 6.558710326324900564e+01 8.007517715527180258e+01 7.372053870516351992e+01 5.334796818977093835e+01 7.049876634987640500e+01 6.829316221977323664e+01 5.703724316101643410e+01 6.907744607318545604e+01 6.069117551819519463e+01 4.904794443750400035e+01 6.338760429199900415e+01 8.363379324525631375e+01 8.395095546012382215e+01 7.222714612881694052e+01 5.325949806642204010e+01 4.003782019644241785e+01 4.335987107532803009e+01 2.332422457527630399e+01 4.350177898923630693e+01 6.188023700240054836e+01
5.736242039850608165e+01 7.111703732219018548e+01 7.110123810773315256e+01 7.693687781466134368e+01 5.682457692662073612e+01 7.110244008596050946e+01 9.104058757164823135e+01 1.065318894947156281e+02 9.582130301427147856e+01 7.587755315858699134e+01 8.053017037293614067e+01 9.050998469529659474e+01 1.104142183598100502e+02 1.134273925641127363e+02 9.349257486185587140e+01 8.177584363875726581e+01 7.262737517906798246e+01 7.583689328736262780e+01 9.422274864300300123e+01 7.917340768856900013e+01 5.877568766599301853e+01 7.917340768856900013e+01 8.418207760857421817e+01 6.383134750866074114e+01 8.418207760857421817e+01 7.654581756025798711e+01 5.620112267147307250e+01 7.654581756025798711e+01 8.909244030762884847e+01 7.569131090350113311e+01 5.597661833025975398e+01 5.959308244990545234e+01 5.101094934994381447e+01 4.036013844111052151e+01 2.253978551002185782e+01 4.346918956592410410e+01 5.986956166061631279e+01
6.438416186643908645e+01 8.429659762529480815e+01 9.091729804675243543e+01 7.253099470550824890e+01 6.092396952136490995e+01 7.511677782614012244e+01 9.502188488406947897e+01 1.079624902033034743e+02 1.024654108067043410e+02 8.253308742940576792e+01 1.004621015275532869e+02 1.087309683921445469e+02 1.104142183598100644e+02 1.139160679165765089e+02 9.397972221162086726e+01 8.226770562700767186e+01 9.291261833299095940e+01 9.021395023803651725e+01 1.042784198986802693e+02 8.531601228223395594e+01 6.494355347643202947e+01 8.531601228223395594e+01 9.246863707282756195e+01 7.405817595320684177e+01 9.246863707282756195e+01 7.654581756025798711e+01 7.061229244370089475e+01 8.489716416479095074e+01 8.082710198996376505e+01 6.108158689245458817e+01 4.976204117529366044e+01 3.989266071780608769e+01 4.519562479950246825e+01 2.529224067056648195e+01 2.175155916099834386e+01 4.088664135616718909e+01 3.914700609832133438e+01
7.323704865412850040e+01 9.251743467074861371e+01 9.244304492255912464e+01 8.919835041028507305e+01 7.253099493072703297e+01 6.829269470869564884e+01 7.982408911515352656e+01 9.970122114502650845e+01 1.107329319458009849e+02 9.663893684761580971e+01 9.663893684761580971e+01 1.165317632595495780e+02 1.303580443724691520e+02 1.220197932544437265e+02 1.105724821867259919e+02 9.397972221162086726e+01 1.105724821867259919e+02 1.102172509605069735e+02 9.959677938867595515e+01 7.940072486565411225e+01 7.676475034908695250e+01 9.362843077438664352e+01 1.025376526056049329e+02 9.430597926394169406e+01 1.025376526056049329e+02 9.675186767470866300e+01 9.087061436933194614e+01 8.741499700520026295e+01 7.752175711068350950e+01 6.928743150342580748e+01 6.274503388110796465e+01 5.030698086714975403e+01 3.049680396597824839e+01 4.517710849040793164e+01 4.088554842480510132e+01 2.065900596368022946e+01 2.506933069718277096e+01
8.480517302983706429e+01 1.014341453258362691e+02 1.123338075391898343e+02 1.006971862830822460e+02 9.244311875084657970e+01 7.723432054500565869e+01 7.982408911515354077e+01 9.130649174405346002e+01 1.111686347646517703e+02 1.165317632595495780e+02 1.165317632595495780e+02 1.248269270439861458e+02 1.264647137392054645e+02 1.181097881095399629e+02 1.220197932544437265e+02 1.139160679165765089e+02 1.119488299205304713e+02 1.092739686161949777e+02 1.078561366831192316e+02 9.959677938867595515e+01 9.699725331732776112e+01 1.052626493049157403e+02 9.973264520954259638e+01 9.152057195972855652e+01 9.973264520954259638e+01 1.031547772854714111e+02 9.496226306332471268e+01 7.914217407083025080e+01 5.943268893602138547e+01 4.966023863647511405e+01 4.308938987146662924e+01 3.735078328461850106e+01 4.453690888225979450e+01 5.527188501762478978e+01 4.015684884450741521e+01 1.989397327225441359e+01 4.015684860511085219e+01
