MOVIE_S10_data/elevation_000873.asc
nrows	100
cellsize	150.0
xllcorner	0
ncols	100
yllcorner	0
NODATA_value	-9999
[rows 51 to 67 of 100, columns 0 to 36 of 100]
6.455108993161302877e-02 2.006455108993125691e+01 3.694851123966977013e+01 3.321067584247791160e+01 2.604899316898627504e+01 2.734383626834339864e+01 4.520274071325105325e+01 3.880119618126416015e+01 1.873841340394317356e+01 1.763733442266624252e+01 1.480518769081909092e+01 1.790930245325106540e+01 3.212763268014681017e+01 5.100861666932660654e+01 6.257256420915082629e+01 7.011120390812448022e+01 6.613342933108718569e+01 4.655363119729795329e+01 3.232970626163020711e+01 3.893038590455064707e+01 2.005982820744538841e+01 3.609129200610205146e+01 4.463266315390974626e+01 3.252969310386922075e+01 3.823998236193565248e+01 2.619447353134660972e+01 4.647633101739196348e+01 5.852983111947192896e+01 3.834876183707741149e+01 4.424118072176304395e+01 2.555820886790623803e+01 4.578526874135972236e+01 3.624010629735953870e+01 4.339407722647037957e+01 5.506271253689429557e+01 7.536573434418316708e+01 7.492053194876574196e+01
3.995603441288197999e-02 2.003644132116928489e+01 2.129961002984731877e+01 9.308358471409837520e+00 1.449453665078673659e+01 2.624686021679092107e+01 2.312348109429173348e+01 3.294591586943139561e+01 2.717948675865959984e+01 1.076711442603936675e+01 3.061053403632042347e+01 3.799220169419285753e+01 4.629051498645828389e+01 6.045350032603043644e+01 6.422944803412393355e+01 4.987470233375264428e+01 5.580213221734739193e+01 6.027912645172001049e+01 4.287979279983740355e+01 2.288976263133915268e+01 2.325736903469114836e+01 1.728122153737176347e+01 3.573260894025943912e+01 1.688557421650160251e+01 1.762915358395448351e+01 3.786152678738417166e+01 4.530857332477710031e+01 5.021240406620540142e+01 4.218676659898532222e+01 2.391156280690969638e+01 3.834042604651268960e+01 5.409769042175910414e+01 5.642772033452710900e+01 6.362594893272183327e+01 7.208786237850024747e+01 8.383347832866709837e+01 8.198485424126029386e+01
4.804567899273937126e-02 6.295294836223468415e-01 1.211259210786277851e+00 1.122727892824256202e+01 2.183660539152166180e+01 3.454599200609182130e+00 4.044126550794875818e+00 2.415693500593993903e+01 7.734304360111084797e+00 2.713832918474899714e+01 3.864002371359624988e+01 5.089218658235800774e+01 6.242991392701416231e+01 5.431067724590573675e+01 5.224424278096049790e+01 3.561246293350372838e+01 3.561246453693969727e+01 4.992222804249164625e+01 4.191260446835783426e+01 3.353156266755929948e+01 1.444827033569460539e+01 1.512725537224691053e+01 1.584654961584348065e+01 3.072564898704374059e+01 3.792917806260017954e+01 1.870868479013612173e+01 3.624223880993879732e+01 4.097111796801145545e+01 2.225520267822400911e+01 4.268870271746335021e+01 5.255216799010180750e+01 6.676390993297080456e+01 7.321168304101237823e+01 6.908923199745200350e+01 7.534660632361701005e+01 8.356463135214953297e+01 9.017789561887128968e+01
9.707512844716031930e-02 1.311074595542292087e+01 2.104286708139558826e+01 2.037099694837424035e+00 2.623059259741125082e+00 1.238079782405086782e+01 2.168711338914576814e+01 4.880075788324937491e+00 5.476462989688553051e+00 8.308896537649536285e+00 2.193626215678213498e+01 4.260073980508328617e+01 4.317357912014885102e+01 3.433044943283754691e+01 3.214132349518971665e+01 4.150087381112102491e+01 2.136378498537541404e+01 3.203419999835241327e+01 3.267668716846978327e+01 1.349886360394953044e+01 3.363739195728915377e+01 3.238797397591552851e+01 3.643979194121743603e+01 2.449368541372602692e+01 4.334850294828465422e+01 3.948911730929827257e+01 1.981059223733594976e+01 2.060179715519470989e+01 4.109267884561945294e+01 5.088232487332561504e+01 5.019807394086432595e+01 5.470788050821553838e+01 5.353746018465707124e+01 4.835042570699668119e+01 5.546979743670548402e+01 6.955650153160763693e+01 8.934101008168791225e+01
5.001202446392439237e-03 1.874475860166506180e+01 1.405844039542009050e+01 2.606116241170034442e+01 2.279834629000974644e+01 1.328576245194798133e+01 1.125684208798208452e+01 2.377982374765193896e+01 2.545066917374481719e+01 6.350300740764197371e+00 2.633712894049897102e+01 2.920114664863623588e+01 2.268036944157412194e+01 2.919382074367768709e+01 1.791037429789936652e+01 3.043266929938141629e+01 3.058982505998885415e+01 1.191671117964049564e+01 1.255533115606177041e+01 3.267678714115408667e+01 4.197776585935084626e+01 5.392465547838852302e+01 5.134301614202637154e+01 3.395272767500213718e+01 3.769238226717859419e+01 5.025640970081467174e+01 4.174192086160515203e+01 4.113720535625157027e+01 2.217581980939656106e+01 4.260644260351547530e+01 2.999728137058869493e+01 3.453859781926191630e+01 3.931210371600608511e+01 5.092276488974994919e+01 7.020105800517677608e+01 7.171990308420801341e+01 9.150889043732499317e+01
5.279685921607564503e-02 2.005224679385098341e+01 3.346636136001502848e+01 2.681764036839913956e+01 3.899333073714370101e+01 2.898839448307846567e+01 3.024004079704107895e+01 1.777369819754594360e+01 3.426294039019403215e+01 2.633668854113215119e+01 7.226619206546295970e+00 7.848247446823615192e+00 8.480963808777515212e+00 9.114795374585758836e+00 9.748654253971158923e+00 1.038336111803450379e+01 1.101685620050671055e+01 3.107475046309057376e+01 1.479762723924802970e+01 3.444888936770201582e+01 4.602596511070767349e+01 6.025063063698164711e+01 6.086785746540817854e+01 4.706280995620566188e+01 5.067695326995223581e+01 6.423808369787509776e+01 5.271337802875513745e+01 3.251487930092211798e+01 4.261412660260815244e+01 2.377098562516758662e+01 4.410702013876235128e+01 5.395980324610894030e+01 5.950930670806788925e+01 6.735996898895744778e+01 7.790084331916027338e+01 9.150889043732499317e+01 8.775516252684305130e+01
5.738623160518319517e-05 1.414220159001405719e+01 3.414348912938667979e+01 4.329148071404866016e+01 3.994912801575618033e+01 5.080078506205291689e+01 4.426269769394390607e+01 2.744669511631190417e+01 2.611361470212365887e+01 3.463264338207833504e+01 1.856665121191103296e+01 1.132431972545728271e+01 2.831781110865372852e+01 2.918559411524439895e+01 2.982712125952046733e+01 3.044097498223326781e+01 1.624894599928112271e+01 3.558491295128835219e+01 3.444887871881760333e+01 1.792069558608042712e+01 3.180253174038460529e+01 4.943718985300305491e+01 6.350549458188538665e+01 6.646107623460297020e+01 6.970455478887700451e+01 6.542606081945795893e+01 4.532554383573438628e+01 5.271337907584300808e+01 4.041283428420614854e+01 4.410726536466978587e+01 2.539956517319242835e+01 4.565389481654234061e+01 5.551302978749152572e+01 6.308167488831703196e+01 7.135144076926192724e+01 8.678830101537589314e+01 7.880854873202778776e+01
4.532054705376769438e-02 2.004532054705341082e+01 3.204063518225206764e+01 4.041646624135295696e+01 5.113320377854869747e+01 5.542721298833446042e+01 5.631821267125017272e+01 4.350438325999854072e+01 3.241290267829916161e+01 4.465773957679964212e+01 3.696433920114189675e+01 3.059653376038224337e+01 1.638244123357575077e+01 3.247789360064205511e+01 4.456576654542084270e+01 2.480465188912909014e+01 3.561649738640294771e+01 4.390210147183532285e+01 4.602469543621416648e+01 3.769927360931649929e+01 2.112157245647192028e+01 3.521972674768487366e+01 5.163175963823697145e+01 5.877080825634902084e+01 6.707837805004739096e+01 7.369141602367679411e+01 5.956683271516154576e+01 6.882253173231929111e+01 6.054561649365124509e+01 5.396225914243594701e+01 4.565389467037608995e+01 2.700252931885317764e+01 4.720817527466431329e+01 4.296389735087370809e+01 6.308167488831703196e+01 6.679759286410531161e+01 6.679759286410531161e+01
9.001595176218035732e-02 5.654636520333817806e+00 1.151288244812753803e+01 2.247899126434801431e+01 3.995976712398829278e+01 6.322592420542832770e+01 7.292755804683932297e+01 5.731586823111685902e+01 3.906434662716228701e+01 5.731586823111685902e+01 4.958715467831343915e+01 3.099848872116261234e+01 2.006773285598118406e+01 3.884824983240955731e+01 5.269193470340945140e+01 4.501361180738916801e+01 3.633384238250204845e+01 5.685114371413705925e+01 6.232354775795894852e+01 4.616634684214211148e+01 2.598646834328278388e+01 2.506440265230846265e+01 3.143385501345566979e+01 3.860607235792872416e+01 5.026959773317704361e+01 7.038370580949992927e+01 7.957151118090811792e+01 8.513246014564360564e+01 7.689431931280294918e+01 6.394616877553045242e+01 5.061971107907350387e+01 3.043626196173227783e+01 2.867143060487623885e+01 4.885625796918841957e+01 5.860844843608848009e+01 5.860627511152328140e+01 4.671557055745829246e+01
5.674351268809080251e-02 2.005674351268773492e+01 3.204063518225291318e+01 2.607999667759109741e+01 4.052806471886523099e+01 6.068156914503193633e+01 7.238250923928957548e+01 6.512074852303408079e+01 4.960703422223706127e+01 6.512074852303408079e+01 5.759050836565640452e+01 4.264937571838478192e+01 2.406812055614114598e+01 3.478889307818437970e+01 5.338672247537790838e+01 6.482354029330751644e+01 5.091482211637863031e+01 6.513168245834252446e+01 5.405440979997244000e+01 3.390569546211455076e+01 4.616634684214211148e+01 2.834951281041700710e+01 4.857471484367798809e+01 5.877078827808675499e+01 6.707828700466465932e+01 7.867492430712607643e+01 8.513246129832863573e+01 7.359478819872285271e+01 5.687105034820402238e+01 5.566217242902029483e+01 3.549232705034010138e+01 5.061971108384854290e+01 4.885625796918841957e+01 3.034189172771702303e+01 4.997268902422236891e+01 3.472083770128786284e+01 3.663356587407542264e+01
9.518805923843161321e-02 1.423732368296950668e+01 3.423732368297021367e+01 4.643088950061402898e+01 5.218470446157510167e+01 5.803974192956297173e+01 5.239292123716779059e+01 6.652869662852104682e+01 6.784633132080398354e+01 7.582362819331979154e+01 5.768457361655757154e+01 3.896827525907148271e+01 2.857825608712563792e+01 4.688887074959015422e+01 6.144818020867905517e+01 7.303540621451006132e+01 7.118269182605371270e+01 6.346756279837438086e+01 4.344556006319864849e+01 5.405440979997244000e+01 5.347238443184611612e+01 3.327878088579550564e+01 3.512020067052760197e+01 4.679786325741695663e+01 6.104363830084688658e+01 8.109590109457617757e+01 7.689431931518679164e+01 5.687105034820402238e+01 4.523137631682740789e+01 4.100724515410903592e+01 5.566217242932764009e+01 6.394617385411469002e+01 5.659588852247128443e+01 3.643740664846617960e+01 3.204730039620895354e+01 4.531083076462651604e+01 5.567971830904947694e+01
9.062254805971975413e-02 2.009062254805936476e+01 3.902523870097136438e+01 4.402347621083759321e+01 3.219385957288258027e+01 3.804904247913220416e+01 3.825836936437136160e+01 5.824773600986188882e+01 6.189433791812320607e+01 7.015885436755306159e+01 6.581455041513137871e+01 5.487289260991043705e+01 3.898057716551003438e+01 3.661557745406835096e+01 4.566160041855118124e+01 6.478880975304433321e+01 7.590488317479081104e+01 5.614835804720977563e+01 5.764699436796681908e+01 6.108690467073096642e+01 4.094077776557347903e+01 5.347238443184611612e+01 5.530113710619996681e+01 4.306354817787727285e+01 6.319885370633535615e+01 8.093820970984783969e+01 7.291292313769524469e+01 5.286065872694162238e+01 6.533387958704307152e+01 5.527455112362098077e+01 6.941283150845534067e+01 6.663267333156215955e+01 4.655596364374703455e+01 5.659056113900120266e+01 5.223390482066550078e+01 3.428879212892835682e+01 4.041275903444615381e+01
3.063233560239582431e-02 2.003063233560203926e+01 1.903100258746426832e+01 2.403052616851977419e+01 1.805455135740200490e+01 2.561323865838458147e+01 4.560535049307137001e+01 4.928031629576300077e+01 4.194981852748790629e+01 5.605387048079184353e+01 7.599447361592689276e+01 6.583696833291301687e+01 5.769180068574461018e+01 4.710862471982664346e+01 5.520922903015280525e+01 7.311077641354521006e+01 8.294952116905319883e+01 7.018236948249979434e+01 7.751965804378514235e+01 6.108690467073096642e+01 4.733132041522647881e+01 6.744852256509221888e+01 7.148450423866324854e+01 6.319885370633535615e+01 5.257709329629403783e+01 7.267140137841496994e+01 8.115741474826762669e+01 6.292257258135322928e+01 6.361497886379787303e+01 7.530801859868201120e+01 8.073537417509854208e+01 6.079114745490848293e+01 6.079115663487154819e+01 7.014465077235539070e+01 5.023131549784243788e+01 3.594049760778754887e+01 5.610826238314034953e+01
5.666595628964066211e-02 2.464383018004191683e+00 4.889739268344425405e+00 9.889738061054133667e+00 2.988632565999079560e+01 3.502551687858695573e+01 3.861035394352877859e+01 2.931864456984442313e+01 4.731533438860852669e+01 5.213882178991551086e+01 5.840384604224809806e+01 6.537445045016984579e+01 7.353594700824278618e+01 6.627486030402072004e+01 7.454600842951487039e+01 8.298561276419763999e+01 8.616037222263034323e+01 8.972025334158594490e+01 8.941121564313964143e+01 7.573391693845735517e+01 5.896568578668900784e+01 6.157371483771658660e+01 8.163156305685663483e+01 8.093820970984783969e+01 6.264699442551179231e+01 8.093820970984783969e+01 8.290327369403706825e+01 8.290327369403706825e+01 7.258904889900213675e+01 9.181664118576765077e+01 8.892460969513766145e+01 8.073537363091926977e+01 8.073645837310445472e+01 7.241677056726040007e+01 5.774025838368368113e+01 3.762006533618725967e+01 5.777647974235689077e+01
2.110006612196471329e-02 2.002110006612160831e+01 2.488717876046553812e+01 8.972221997268238880e+00 1.195364549933951892e+01 1.503971066453691741e+01 1.863180596859418969e+01 2.289574491009087254e+01 2.736755125256638266e+01 3.221704748525499440e+01 3.853589707485465254e+01 4.558953495765914710e+01 5.703820785452874986e+01 7.088352244371910160e+01 9.019917867666040934e+01 7.934051041190217290e+01 6.473172863466311355e+01 7.475414288191288392e+01 8.326691516890255684e+01 8.730228521098604233e+01 7.903629310054790835e+01 8.163156305685663483e+01 8.989411903919842928e+01 9.094200752972278678e+01 8.269580833131823283e+01 9.094200752972278678e+01 1.027645963387262071e+02 1.007089276117584404e+02 8.668444901707472638e+01 1.007089276117584404e+02 9.533728929294973398e+01 8.538135818776518704e+01 7.714786800374501752e+01 6.429428564468760499e+01 4.420880983702326006e+01 5.777637764064656523e+01 4.021617894555033246e+01
9.367352646185668485e-02 2.009367352646150096e+01 3.724333888992565988e+01 2.896582804313398896e+01 2.609204950227157482e+01 3.502551687858695573e+01 2.503809426412771089e+01 4.286138260541397216e+01 4.731533438860852669e+01 4.631938463425877472e+01 4.849331504666786685e+01 6.537445045016984579e+01 7.353592355554667392e+01 7.281913099864621586e+01 7.856373475724603850e+01 6.866404018706171541e+01 5.043136928713307299e+01 5.456634488162688967e+01 7.475414288191288392e+01 8.570675387580747895e+01 7.753279032197417564e+01 8.570675387580747895e+01 9.547579288955238042e+01 8.732901818159309926e+01 8.988697665720189889e+01 9.803029499545175440e+01 9.776868553349225976e+01 1.059025700634610985e+02 1.065059703516784140e+02 1.011469323716612081e+02 8.129422556823386969e+01 6.718902652769635608e+01 5.716281235533789840e+01 5.158240884777058000e+01 6.429428564465389684e+01 4.972593485247539746e+01 4.208390461678145300e+01
3.648181865326004941e-02 1.158348720244567431e+01 2.572562282617637308e+01 4.572562282514034138e+01 4.607124247435367437e+01 5.328201080056675210e+01 3.916649614581737637e+01 3.916649614581737637e+01 5.912750231357183139e+01 6.618818589647993633e+01 6.835946665124292565e+01 7.659160421611377956e+01 6.633382497346613604e+01 4.908211419779572537e+01 6.598013678157251150e+01 5.656254012978151735e+01 4.062083496637026769e+01 5.420521348021522812e+01 7.412322194139879628e+01 7.577243417815583371e+01 5.760825457706927466e+01 7.577243417815583371e+01 8.054631079663934656e+01 6.749177045447125067e+01 7.007243214479744609e+01 8.988697665720189889e+01 7.803478795252942746e+01 9.452559565765483285e+01 1.059025700632288505e+02 1.037742778090254490e+02 8.392514308141645074e+01 6.983254894545495972e+01 7.714898876499260894e+01 7.160576305689171761e+01 6.132308160707284372e+01 6.409983781804736225e+01 4.402440558330907550e+01
