MOVIE_S10_data/elevation_000170.asc
nrows	100
cellsize	150.0
xllcorner	0
ncols	100
yllcorner	0
NODATA_value	-9999
[rows 0 to 16 of 100, columns 0 to 36 of 100]
8.271705653423140625e-02 1.422485268026530747e+01 3.422485268026601091e+01 4.354607338344504086e+01 3.526155857939095739e+01 3.973368210338684037e+01 4.444772728659373229e+01 4.961171886368951078e+01 5.564195148645536904e+01 6.271302916812266659e+01 7.099761593526088177e+01 8.254485822198019207e+01 9.407542318125925362e+01 8.575322124106361343e+01 9.407542318125925362e+01 9.173120481514264668e+01 8.337185195924965342e+01 8.598956148996406057e+01 9.434946543540580421e+01 9.606749260190622408e+01 8.787305572222017247e+01 9.606749260190622408e+01 9.039942354036021754e+01 8.216037774436189522e+01 9.039942354036021754e+01 9.179665837684282792e+01 9.179665837684282792e+01 1.000354519880702924e+02 1.057547562484739387e+02 1.115794817461876107e+02 1.080171470447645703e+02 9.975138935453300348e+01 9.975138935453300348e+01 1.020990299893476987e+02 1.020990299893476987e+02 1.103665953576361574e+02 1.190544887869403397e+02
7.813061968023242432e-02 2.007813061967987878e+01 2.616130063560262542e+01 2.936386939256943407e+01 1.526154759083212475e+01 1.973368354583178075e+01 2.444772875374217946e+01 2.961170654868549335e+01 3.564193344024097598e+01 4.271300125210760257e+01 5.426000668322900111e+01 7.426007262124842612e+01 8.405938641541834500e+01 6.574579311029991402e+01 8.405938641541834500e+01 8.006788536851676952e+01 6.316202346382882382e+01 6.578630530162753587e+01 8.598956148996406057e+01 8.616674047433731687e+01 6.806393672890206403e+01 8.616674047433731687e+01 8.046088428304929607e+01 6.228898952462707683e+01 8.046088428304929607e+01 7.191486587245306339e+01 7.191486587245306339e+01 9.179665837684282792e+01 8.586881282090499212e+01 9.169327080054803503e+01 9.975138935453300348e+01 7.982507878839663817e+01 7.982507878839663817e+01 8.217419922674577037e+01 8.217419922674577037e+01 1.020990299893476987e+02 1.076050427318454439e+02
2.526786264046545702e-02 3.075239269292564970e+00 6.161306268534416652e+00 9.363869344636187364e+00 1.568842466497289223e+01 3.568841908786676953e+01 4.444772728659373229e+01 4.375384211971331894e+01 5.564195049183631170e+01 6.271302916812266659e+01 7.099761593526088177e+01 7.204552669311757995e+01 6.574877169819211531e+01 5.574569577341314641e+01 7.574934559801330636e+01 7.170370203714226420e+01 5.135892027203930610e+01 6.527011714946371512e+01 8.551455564079972760e+01 7.796849622556106851e+01 5.815041155575793397e+01 7.796849622556106851e+01 7.222468363449451090e+01 5.238283273172798005e+01 6.780925850513834519e+01 5.788040893543170284e+01 7.773810807484493068e+01 8.105942269118733634e+01 7.179918125569651011e+01 9.169327080054803503e+01 9.838115803430504513e+01 8.566136002918882753e+01 6.575416797878750685e+01 6.809733546201528043e+01 8.217419922674577037e+01 1.020990299893476987e+02 9.937693016509989263e+01
4.163169627051844027e-03 2.000416316962669683e+01 2.616130626853477281e+01 2.350600496853126486e+01 2.936386647751086443e+01 2.568842466495376087e+01 3.723543004443762072e+01 5.723537513972934221e+01 7.203609705556316101e+01 6.774149534833642861e+01 6.619520677224340943e+01 5.204218767244066157e+01 4.574405871232755771e+01 5.988164569003246385e+01 7.976332916626029146e+01 6.527011714946371512e+01 4.479626178169356621e+01 6.527011714946371512e+01 8.011296825913036912e+01 7.136246800229338305e+01 5.154134431536920147e+01 7.136246774839976581e+01 6.520952944700830756e+01 4.535203087830556257e+01 4.795468737976744222e+01 6.721431613026967966e+01 7.217246687262364446e+01 6.118759800043733321e+01 8.105942269118733634e+01 9.993404727211624561e+01 9.012097476374377436e+01 7.020598754057242274e+01 5.876517896189207590e+01 7.862310478256198110e+01 9.097257669454850770e+01 8.785631215690995077e+01 9.611618525014253578e+01
5.883922493566802470e-02 1.420097484866649218e+01 3.420097484866577986e+01 4.350600513162522986e+01 4.936382735739441330e+01 3.723543004469588880e+01 5.397221250091682521e+01 6.551861290887050870e+01 6.774149534833642861e+01 4.774074041101157206e+01 5.141094732603737327e+01 3.789937988185753426e+01 5.790103002522344866e+01 7.397352721007442256e+01 6.917404974158817765e+01 5.998379042466144995e+01 3.940896005197298280e+01 5.137493730129138925e+01 7.174370248863395716e+01 6.564060241730014411e+01 4.578665342249963999e+01 5.813651497265059476e+01 5.472658384531400344e+01 3.899132028037960396e+01 4.311592391731218754e+01 4.738178119843096425e+01 5.233988828592583076e+01 6.377157632285253896e+01 8.364829677802366348e+01 1.004105445676428872e+02 9.214821849172021473e+01 7.438937184445306627e+01 5.456731562243093947e+01 6.284815801621037679e+01 7.379178404568521898e+01 6.796606575364404534e+01 8.785631215690995077e+01
1.256007409845548775e-02 2.001256007409810067e+01 3.245072335483039438e+01 4.073499460229259483e+01 4.967926651229190327e+01 5.723539753077033509e+01 6.551888438290116312e+01 6.058647182056950697e+01 5.230050912451218181e+01 4.575487196703038251e+01 3.141430791374978426e+01 5.141094732603737327e+01 6.619520677224340943e+01 6.841302224300687840e+01 4.934849686001119551e+01 4.954857728953432883e+01 3.475490025827426877e+01 4.674053424052089412e+01 6.718910828194917428e+01 6.963154632014291678e+01 4.975113511970600655e+01 3.818596448797757148e+01 3.470190528809485642e+01 5.472658613174372277e+01 6.298600436536100489e+01 6.721432031410903107e+01 6.356887764689434306e+01 8.040980009905808856e+01 9.188847654991040770e+01 9.214821849172021473e+01 7.224817877569273605e+01 7.807676546263554940e+01 6.866723844017023737e+01 4.887399892523052358e+01 5.396878310562637893e+01 6.796606575364404534e+01 8.785631215690995077e+01
9.594114293757748102e-02 6.126168034492875947e+00 1.245072335482968917e+01 2.139499526482900293e+01 3.553713088856045488e+01 5.553713088856115832e+01 5.599588163638114224e+01 4.771213786696792880e+01 3.230285863518687250e+01 2.575614930047119699e+01 3.575579016781716035e+01 4.989054790924721061e+01 6.981807529563403136e+01 6.085424558287019181e+01 4.081393733881874653e+01 2.893206741580219443e+01 4.954857728953432883e+01 6.379987937936326148e+01 7.556909369844591140e+01 7.788422685469603834e+01 6.634477894414320076e+01 5.183627205446217090e+01 3.175968813660867696e+01 4.341673924640502236e+01 5.751798299230559053e+01 7.738728822762298876e+01 8.343468006978450546e+01 9.167433101331675971e+01 9.735911340287107407e+01 8.911736685966216953e+01 7.807676546263554940e+01 5.822536505275144236e+01 6.492666852168360947e+01 4.511314964401229588e+01 6.492666852168360947e+01 7.379178404568926908e+01 9.369241663650628027e+01
7.711341127313005306e-02 2.007711341127277649e+01 3.245072335483039438e+01 4.073499460229259483e+01 4.967926651229190327e+01 5.437113131354306006e+01 4.444516612885158935e+01 2.770252247888101138e+01 2.072560988313197328e+01 4.075486023134013180e+01 5.399783911883643128e+01 6.395883842692087740e+01 7.068484845426985430e+01 6.017023486003574106e+01 3.991623191439878582e+01 2.545111767171377437e+01 3.993962946200715436e+01 6.043666546974503007e+01 7.307131065563260108e+01 7.506788808893904275e+01 5.532235681712727171e+01 4.948638534452179982e+01 2.937722791970215397e+01 4.948638536233106322e+01 6.358292032813043448e+01 7.181578124129083562e+01 8.329141514454433093e+01 8.819236753381761673e+01 7.998086671780214374e+01 6.930587539831280708e+01 7.294135181839159543e+01 6.746574560814269717e+01 4.763669862208327288e+01 4.197042047491392225e+01 6.183231716936843725e+01 6.629972055513032103e+01 8.617328283946108058e+01
2.297228869525369793e-03 8.946569138868760263e+00 2.049357452266147916e+01 4.049357452557555348e+01 4.777108047849306871e+01 3.948745667665114212e+01 2.606634190566561315e+01 1.610072507400851194e+01 3.615958103627507825e+01 4.903973508949587057e+01 5.158520662181258132e+01 5.977155551114291399e+01 6.229330763203728338e+01 4.186042819420963212e+01 4.261900403337077137e+01 2.226510429228272869e+01 3.235303903554867588e+01 4.424592827266663875e+01 6.468613608673916815e+01 6.940109434728866233e+01 4.952296096366053035e+01 3.533459462083182245e+01 2.704774187208305136e+01 4.717961283728615740e+01 4.365266101841911706e+01 5.518196760658998556e+01 7.505883516174678505e+01 7.998086671780214374e+01 6.040028363523428112e+01 6.613530364053177379e+01 5.319568448099039415e+01 6.085606327945618688e+01 4.095987904584236361e+01 3.887572441808530499e+01 4.646633838879015599e+01 6.048343949272800302e+01 8.034146517855569414e+01
9.647730019007895452e-02 2.009647730018972211e+01 3.723084065631220341e+01 4.877784669236401527e+01 3.622600866178797219e+01 1.949154548317531876e+01 1.199247796507584241e+01 3.193060644039130480e+01 4.444516612345098139e+01 4.855991832588605916e+01 3.230876522745745660e+01 4.855991832601267078e+01 5.581508200730926461e+01 3.539701802799229569e+01 2.518390640069851827e+01 1.920112666094502529e+01 3.355619806929934157e+01 5.402263480475480151e+01 5.754283233637358563e+01 6.578479022275172383e+01 6.356538195188047524e+01 4.498304545287305700e+01 2.484692469010997584e+01 3.201372218401795777e+01 5.207617032610344410e+01 6.418496340983919879e+01 7.309266905191556418e+01 8.458547395359062193e+01 6.613530364053177379e+01 4.671358186557332459e+01 4.435924555537642533e+01 5.485713799662223522e+01 3.484035390934014487e+01 5.485713801921234278e+01 6.629972055513032103e+01 7.453940853031193114e+01 7.215109965500874978e+01
3.582433992925927735e-02 1.417805247795646295e+01 3.418530411213547637e+01 4.208429382415052089e+01 2.208564245227426071e+01 8.359361721624665620e+00 2.794281196640660525e+01 4.021873660768013536e+01 4.660558794243844005e+01 4.038161096377545789e+01 2.119669413685526749e+01 4.038161096377550763e+01 4.142344812753345451e+01 3.240566450511112606e+01 1.461538686058467462e+01 3.539701802799140040e+01 4.799818335200333763e+01 5.423928756437044996e+01 3.750421123515930333e+01 4.876603006139340124e+01 5.460600387377142795e+01 4.290619048829250914e+01 2.279062119383032226e+01 2.916651948338044775e+01 3.592384337358654989e+01 4.492375472667912106e+01 5.643396623112934662e+01 7.632655293649840189e+01 7.211850139988885644e+01 5.604727407030483732e+01 3.619590254821441277e+01 4.890796561258849096e+01 3.231725261715595821e+01 5.233257405637484538e+01 6.530383842535547956e+01 6.893098874562498679e+01 5.234103272478483859e+01
1.813270376062421294e-02 2.001500701485475631e+01 2.977772619544454713e+01 2.233070526534472577e+01 2.291418318179846381e+01 5.991357776462720608e+00 2.076299564458873448e+01 3.940675895835225617e+01 2.558991068497964250e+01 2.694863596627990887e+01 1.421141791433253765e+01 2.894340817697374391e+01 2.755149692510753567e+01 1.045940053457531960e+01 2.606597526224364003e+01 3.370966692426867439e+01 4.998225518965377745e+01 4.581028147701159980e+01 2.591234389576935015e+01 2.873193855764655780e+01 3.459978754252738753e+01 3.824876728185569874e+01 2.086867593998290005e+01 4.095229404755208691e+01 5.593406974973795087e+01 6.407873259488103201e+01 6.239956068202954498e+01 5.665091084523578502e+01 4.879079165245197913e+01 4.586633337504371610e+01 4.599854666534672276e+01 2.882366502087543836e+01 4.801805243942113322e+01 4.104438822850720214e+01 4.859391900864926583e+01 5.143552699273541151e+01 4.080925070362793150e+01
2.372884694381488524e-02 2.002362060415925527e+01 1.809422256475415836e+01 2.328614370729587435e+00 2.915076723437416639e+00 3.502297093586896004e+00 2.350189425617674033e+01 3.158649884849306133e+01 9.672999189068999470e+00 6.945798569300809966e+00 7.560527861307958730e+00 8.177880598393235445e+00 8.801629443577317247e+00 9.444273675066046536e+00 2.955188136004175803e+01 3.678546658233642574e+01 3.089483557892645393e+01 3.296048189130194572e+01 2.205043801129565750e+01 1.451681321169001393e+01 3.459978337045686914e+01 1.816396405002423364e+01 2.252402236142658154e+01 4.711426459950907031e+01 5.365803295894516367e+01 5.439822193746355339e+01 4.247365492041315349e+01 3.662382570829260686e+01 4.313459932948068598e+01 2.475388645918756936e+01 2.573070618492291217e+01 2.682794969888053060e+01 2.792949846755391619e+01 2.905769968678000481e+01 3.019676030039989456e+01 3.134590313823186492e+01 3.250784351567028096e+01
8.175220331382776484e-02 2.002083854257613638e+01 1.500299004167001682e+00 2.149320656104707084e+01 2.291310720838164627e+01 2.350497863547023769e+01 4.356288346624605623e+00 2.435840021992184390e+01 6.077120733176551326e+00 2.607326148720096981e+01 2.565460210131578123e+01 1.234388291034404617e+01 2.862601071355987514e+01 2.751062721658589538e+01 1.035216477421086978e+01 2.788292089771774229e+01 1.221917287797148255e+01 1.288615865559354390e+01 1.355693972937035774e+01 3.363769146394795229e+01 1.548757425040130897e+01 3.552377302700556072e+01 4.378846347464690325e+01 3.937430070061313359e+01 3.367819897923323680e+01 3.446462624409201680e+01 4.111303379257656587e+01 2.240675455152886997e+01 2.337714149366524552e+01 4.240272099845711296e+01 4.358406341366239189e+01 4.682321638162947863e+01 3.377329354622879265e+01 4.915080925122214239e+01 5.029024295553889345e+01 4.561206291139751556e+01 5.258777347636444688e+01
9.124702163186203252e-02 6.744588651516666422e-01 2.024133021475603655e+01 1.564949258614319838e+01 3.568723149882784185e+01 3.060897854846602684e+01 1.576966074938892071e+01 5.211962198202232166e+00 2.511553287473997287e+01 3.426824300667709622e+01 1.845563448764265146e+01 3.133576619861063861e+01 3.526059382131870734e+01 1.716779954553701515e+01 1.238542446735789682e+01 1.127838749005790220e+01 3.145294981397243461e+01 3.296044905697572602e+01 2.219028606804124948e+01 4.013849602719449905e+01 3.490988547056718261e+01 1.653125822384632926e+01 3.660749262397155235e+01 1.865436031158976249e+01 1.944952850683226231e+01 2.024499737328689264e+01 2.103878662149344336e+01 2.241632168220349186e+01 4.249007943390754605e+01 4.141183443917050511e+01 5.565385886087818079e+01 5.825925928626533334e+01 5.390389386611872879e+01 4.331719676769286309e+01 6.346638569068427671e+01 6.549483011747111050e+01 6.005055130984158751e+01
2.239863785106879432e-02 1.824961782156673351e+01 2.844575770021139505e+01 3.566538506746635306e+01 4.394826170219825201e+01 3.155275437063126276e+01 1.166710546380842928e+01 2.521722974787787663e+01 3.344570132953909081e+01 4.114401294959633759e+01 2.280986308582658850e+01 4.114739755878984084e+01 3.844194550775982577e+01 1.744555826747996363e+01 3.751302415771942833e+01 3.183993923646296054e+01 1.672184688802974151e+01 3.748773243585406334e+01 4.126612110412632717e+01 4.984489460716838494e+01 4.272024905966906516e+01 2.318281271605785676e+01 1.757615157330862843e+01 2.148972617932999540e+01 2.109842457602776733e+01 4.033017856089939102e+01 3.516760167328694564e+01 4.248612361203731069e+01 2.437026986084824642e+01 4.445169883691192325e+01 5.437278489051051622e+01 6.903452175775817068e+01 7.132881058569834920e+01 5.755675004734090550e+01 5.755675004734144551e+01 7.773350821005323041e+01 7.405402264078345809e+01
1.766589122093755945e-02 8.184562968209085909e+00 2.234795814179672391e+01 4.236410363773387644e+01 4.307601354370869018e+01 2.311722194263671426e+01 3.155275542746315409e+01 2.052530695838927244e+01 4.047414864353786612e+01 4.555405268235102056e+01 2.738597464873221909e+01 4.555402973714068082e+01 4.669809418894241304e+01 3.249338667399339897e+01 2.335191109346938276e+01 4.382671935537310048e+01 3.748787208897816470e+01 2.253929259123860618e+01 4.354803016084122902e+01 5.891632508575244742e+01 4.273553304662666363e+01 2.265466816189761801e+01 3.765330090570383703e+01 4.011503569463014429e+01 2.418702098764941510e+01 4.436639038778199051e+01 5.450155482505203253e+01 5.267915847000922014e+01 4.445169883640273412e+01 2.634035528130485204e+01 4.175401642581190487e+01 5.669337808444326754e+01 7.078673147988496339e+01 7.773350820587774024e+01 7.773350821007028344e+01 8.606069359647537453e+01 9.389736568744505973e+01
