MOVIE_S10_data/elevation_000897.asc
nrows	100
cellsize	150.0
xllcorner	0
ncols	100
yllcorner	0
NODATA_value	-9999
[rows 51 to 67 of 100, columns 37 to 73 of 100]
5.360250108844449812e+01 7.341626983002187501e+01 7.221671766080147847e+01 5.319103585167616188e+01 6.736860643459955611e+01 5.228619121378861934e+01 7.210658733262636133e+01 8.179323298704454714e+01 8.657018157583912910e+01 9.353873794033671629e+01 1.017893089205925463e+02 1.066862611334854876e+02 9.107905034018394019e+01 1.066862611334854876e+02 1.174536438434177512e+02 1.252634596224895915e+02 1.134896219820489733e+02 9.364851461560226653e+01 8.218397301537630995e+01 7.528267882132809063e+01 9.512613105777953137e+01 1.122126583838099378e+02 1.221271518390494464e+02 1.079227555919404580e+02 8.760074946575279853e+01 7.583746252052851844e+01 6.937861436973275886e+01 6.390210055788624288e+01 7.801083879844372859e+01 7.472103826276816108e+01 5.525485998122106679e+01 6.989555280840559703e+01 9.027252771231906081e+01 8.763234063786063643e+01 7.247645465958514421e+01 5.228607204263008867e+01 7.247645465958514421e+01
6.353830619091568366e+01 8.163952873225042595e+01 7.300736261576074071e+01 6.721864865610936590e+01 8.031177818920212985e+01 6.119125802897154642e+01 5.782454208070702606e+01 6.206884017486914473e+01 6.687431797609417572e+01 7.382868409866895831e+01 8.259137328429413571e+01 1.023953419906947886e+02 1.093965391892979540e+02 1.174536438424751026e+02 1.194579116397938066e+02 1.054534949888064119e+02 1.127344632067171375e+02 1.064916967733572903e+02 9.057373090042857200e+01 7.073800963160789479e+01 9.057373090042857200e+01 1.081914048871416583e+02 1.163869121522885735e+02 1.163453480306740744e+02 1.046104148064748216e+02 8.975385305756836374e+01 7.834762297794516428e+01 7.834762297794516428e+01 9.027260180614285900e+01 6.989555298108614068e+01 6.052856266493704140e+01 8.097561564685545932e+01 9.094386091532494731e+01 7.065696171863228869e+01 5.896689528416870019e+01 7.247641671392361218e+01 5.937553401521428498e+01
8.330312305363453618e+01 9.154717833955533024e+01 9.279517528488490541e+01 8.698255436608326363e+01 7.730779816586095876e+01 8.093727423848176272e+01 6.924939875389267741e+01 7.345344135388197060e+01 8.657018157583912910e+01 7.821927770090965737e+01 9.797772841355465800e+01 9.873208803220698826e+01 1.186949529041959579e+02 1.185868581130774260e+02 1.112556954602496262e+02 9.141504374899029983e+01 9.289712226420111563e+01 9.828298404078660155e+01 7.843740204338975275e+01 6.698571727592778302e+01 8.682513193236469817e+01 8.837928658929479298e+01 1.008553485400830141e+02 1.090538646142553034e+02 1.185108658028777739e+02 1.071209406093751824e+02 9.274333771897651957e+01 9.869878886631164505e+01 9.027260180614285900e+01 8.642134177027681119e+01 6.604530039422962773e+01 8.642134177027681119e+01 9.934182706072796520e+01 8.486002288732804288e+01 6.456498192998175512e+01 8.486005440239374309e+01 7.106759358028419626e+01
9.667518490050696300e+01 9.566726221045465195e+01 1.037049370162910549e+02 1.053375062500170856e+02 9.708659079496057132e+01 9.721447800869718492e+01 8.897868981466896798e+01 9.318560022021370060e+01 1.014324762199209573e+02 8.957425710968119859e+01 1.062375744747349415e+02 1.186949529041959579e+02 1.127572885260338467e+02 9.873851847403115300e+01 1.097067348921478782e+02 9.870734490555454954e+01 7.885895096163139328e+01 8.935071388428644923e+01 8.337153313343908678e+01 6.352185301172836773e+01 8.337153313343908678e+01 7.691809489814451695e+01 8.102826593149377743e+01 1.008553485400830141e+02 1.088394681989636865e+02 1.170420820685711192e+02 1.130765197962584381e+02 1.189947457866781377e+02 1.007870013157727840e+02 8.047089075409779468e+01 7.377235213319004004e+01 9.410718686245208175e+01 9.570069926242111080e+01 7.541972136864617937e+01 8.486007213425494911e+01 8.486007213425494911e+01 8.541705689927081835e+01
7.775024119671248002e+01 7.676380382287484849e+01 9.270626544691968718e+01 1.035194702464914087e+02 1.116100607853727524e+02 1.064519692699829250e+02 9.812040060973573929e+01 9.923052309741936483e+01 1.075612018405602726e+02 1.094570836946192429e+02 1.177335629410337248e+02 1.127541062273099328e+02 1.027929233329075061e+02 8.457962634514065314e+01 8.978362697492369193e+01 1.038404146504871903e+02 8.935071388428644923e+01 6.950651130682703638e+01 6.419449484413489415e+01 6.020128366743178105e+01 7.836184415299226202e+01 6.696303709100534718e+01 8.102826593149377743e+01 1.008553485400829999e+02 8.898749074149975513e+01 1.014882077795060979e+02 1.096963011700515835e+02 1.161406146049088335e+02 1.091957004919219543e+02 1.007870013157727840e+02 8.395921690707992013e+01 1.025151247207738550e+02 1.040988569665256875e+02 8.713818501762267488e+01 1.040988569665256875e+02 1.051367720539832078e+02 1.056839084251717082e+02
6.435725741018374890e+01 6.582531704304065556e+01 8.475334542177060371e+01 8.445961195550449929e+01 9.976646655111063922e+01 9.144652786775861841e+01 7.809935388044300453e+01 7.919863487788741452e+01 9.332922588668985497e+01 1.134775148591570257e+02 1.185844397957874321e+02 9.873849913890072116e+01 8.457962633422405929e+01 7.442076330954458285e+01 7.549326300390373490e+01 9.381987545633164416e+01 9.756355311221024351e+01 8.935071388428644923e+01 7.679796545038784927e+01 5.692495383227027617e+01 5.845408053234048396e+01 7.788496881271107952e+01 8.950422287360642315e+01 9.566665271358129985e+01 7.752465063826186054e+01 8.163700425711083142e+01 1.014882077795060979e+02 9.630505371747024412e+01 1.103222799530018392e+02 1.126636876919505283e+02 1.042551568178242292e+02 1.126636876919505283e+02 1.157987970644354192e+02 1.073971740797212533e+02 1.053155764085002204e+02 9.685959301337106808e+01 1.053157646252745678e+02
5.458694617928337323e+01 6.042657830846962241e+01 6.905454655143223874e+01 8.795716111893365508e+01 8.823166878717918848e+01 7.151018176228556911e+01 6.668657304793585183e+01 8.656124457589613996e+01 1.048951966097035040e+02 1.149568217175893210e+02 1.197724938484636397e+02 1.098449164010247330e+02 9.974621267242815748e+01 7.967881716940067349e+01 6.523829941236459717e+01 8.012617611214881208e+01 8.841877100933223232e+01 9.767368929479496842e+01 8.501430410579190777e+01 7.300833030394628054e+01 5.312415923435467136e+01 6.294487882049681815e+01 8.102480772861390790e+01 8.745128715410614006e+01 6.761208624008364154e+01 8.745128715410614006e+01 8.955903485172558476e+01 8.226241833809883985e+01 1.021147549927623714e+02 1.191464518148463014e+02 1.105599664076116397e+02 1.022580666964765896e+02 1.105599664076116397e+02 1.082562893706618610e+02 9.494642198922747411e+01 7.598753611711389055e+01 9.494642067277112574e+01
4.903943470484664857e+01 6.848948732100079440e+01 8.336187252947657100e+01 8.260407476498572521e+01 7.432302999065016991e+01 6.009025408132863078e+01 7.993635500910855285e+01 7.655967336293819869e+01 8.649824834341764301e+01 1.066273832342906047e+02 1.115833763556727547e+02 9.169306451310903583e+01 8.163314372351666748e+01 7.442076330917120686e+01 8.012617611243408078e+01 5.987548408362896168e+01 6.922641152417121191e+01 8.345005040948306885e+01 8.472853039058225022e+01 6.487821937448120480e+01 5.080275431239155637e+01 6.816065383452767890e+01 8.683670023610329736e+01 8.172420315999717388e+01 6.188116787173404987e+01 8.109814408160654864e+01 6.971648714657005996e+01 7.963192885791058018e+01 9.109745931480607339e+01 1.109452929207810428e+02 1.005783379287442187e+02 8.232765766884411107e+01 1.005783379287442187e+02 9.851310610062201079e+01 7.900674475454430024e+01 6.544532071428452014e+01 8.642355804608654068e+01
4.474344126061575366e+01 5.622159645665492889e+01 7.543622479011064286e+01 7.432302996636055070e+01 5.445714820109061094e+01 7.432302996638817660e+01 8.823252993589629511e+01 9.656281578885405281e+01 1.048951966097035040e+02 1.149568217175893210e+02 1.197724938484636397e+02 1.098449164010247330e+02 1.016382204343908882e+02 9.456535773418278268e+01 8.841877099135146523e+01 7.514080143270678036e+01 5.516432270160188267e+01 7.514080143270622614e+01 8.249519518365590898e+01 6.263865162068508141e+01 4.854948662193901043e+01 6.845449857933506621e+01 7.974976363315465733e+01 7.153153507948884737e+01 5.656011729641297592e+01 6.125440067323164328e+01 7.271050213503727377e+01 8.674273127596474353e+01 1.065900490324262790e+02 1.052130684388210540e+02 8.531762195719976205e+01 7.256390352734665328e+01 9.229286218266042852e+01 9.001098959383249110e+01 6.913108147705690953e+01 5.806949063611929063e+01 7.900666161834230650e+01
5.766382875031381872e+01 6.095410515006023644e+01 6.343483067412494592e+01 6.572251715515366755e+01 5.080187607267754402e+01 7.069603274245781677e+01 8.099420848285133445e+01 8.673273474333086597e+01 9.338525064358400130e+01 1.017147533914885855e+02 1.117667715473711780e+02 1.062141540216583593e+02 9.800396146184276347e+01 9.800395650892750155e+01 8.618593777518282195e+01 6.604197548498922288e+01 5.218344366633611031e+01 6.768076509700776455e+01 6.479435759035879983e+01 6.323098393443402188e+01 4.634384435918077116e+01 6.626963947109169339e+01 7.153153450175568651e+01 5.164439186264505821e+01 7.153153507948884737e+01 8.109814408160654864e+01 8.931401213255745120e+01 9.558028206021978690e+01 1.037906621874239477e+02 9.953659224487185497e+01 8.531762195719976205e+01 6.578046510776060529e+01 8.531762195719976205e+01 8.774530562069480766e+01 6.683942447138356613e+01 5.213475367860867493e+01 6.602000361179294430e+01
5.804293467399354967e+01 4.117745350607452792e+01 4.345972939215600661e+01 4.577893182205649225e+01 4.896147549298692780e+01 6.887008678362174408e+01 6.114035259740368389e+01 6.685389665589357833e+01 7.342770294282418320e+01 8.333537073683140761e+01 1.034351305503366234e+02 9.800396162755934881e+01 7.815627937008824233e+01 7.815627936750530580e+01 7.900958661541881156e+01 8.024733792329375603e+01 6.768076509702689236e+01 4.810414677854364385e+01 4.520685808685402662e+01 4.326315843947975281e+01 6.323098393443255105e+01 7.449149924666475897e+01 6.830541444228445869e+01 4.839306153123953180e+01 6.830541444228445869e+01 8.746262231408208265e+01 8.154611678560466714e+01 7.573297519227349994e+01 9.558028206021978690e+01 9.126138679768570228e+01 7.158113753501901044e+01 6.048772516235829499e+01 7.324098081845993136e+01 8.142108674499209542e+01 7.806886145773709984e+01 5.719864865567446799e+01 4.536511579861638666e+01
3.798324341913136237e+01 5.826236153522770422e+01 6.343483102262416651e+01 5.989380355527275412e+01 6.887039492487537018e+01 5.361960416563876919e+01 7.349021742986130334e+01 8.673273474333086597e+01 9.338525064358400130e+01 1.017147533914885855e+02 1.117667715473711780e+02 1.021059417767162074e+02 8.396953069707478789e+01 6.412975758088755640e+01 5.915779143285620734e+01 7.239232190358399066e+01 6.893152629054553415e+01 6.565928231287441008e+01 6.111438130664168966e+01 4.109898370287489655e+01 6.111439849520969148e+01 7.963872219517229212e+01 6.519562738011298109e+01 4.524679152130907056e+01 5.937562223708454923e+01 7.161871388238068903e+01 6.169131097915666118e+01 7.573297519227349994e+01 9.558028206021978690e+01 9.356111283422639247e+01 8.373334049166312809e+01 7.324098081845993136e+01 5.390456636294347703e+01 7.324098081845993136e+01 8.661407325724991324e+01 7.461247980185645190e+01 6.115159298931752829e+01
3.840083911719356990e+01 5.261636644408811492e+01 7.252967741261632284e+01 7.979427657946396835e+01 8.176993391352137053e+01 6.508480011301328716e+01 6.044865698193853376e+01 8.029873959662141658e+01 9.642248209601348208e+01 1.080060072238720608e+02 1.079281841149368546e+02 8.807973767139230858e+01 7.404584835546104671e+01 7.867020803497945280e+01 5.881778886982599630e+01 5.251156469267858995e+01 4.902725755652912909e+01 4.572239858647409960e+01 4.251909030037112558e+01 3.935615996859905863e+01 5.148774670423027544e+01 6.556323444622887564e+01 5.871299767093536559e+01 4.221840564859707001e+01 4.686222241950458312e+01 5.172855156570541624e+01 6.169131097915666118e+01 7.573297519227349994e+01 9.558028206021977269e+01 8.531596202048690714e+01 6.576397497298580674e+01 5.612875989385536002e+01 4.974688723724742800e+01 6.911844340479474624e+01 7.383019360950660825e+01 6.569622617863677760e+01 5.794629320458169275e+01
4.028969549266461314e+01 5.189609814521917031e+01 6.597481599433893962e+01 8.585487185497404994e+01 9.328097349388485782e+01 8.497223101408545176e+01 7.444986299123476670e+01 6.820684690153100860e+01 7.963225640856462917e+01 9.967289925561519226e+01 1.079281841149368546e+02 8.807973767139230858e+01 8.927713675587553155e+01 6.943339013596829545e+01 7.867020803497945280e+01 6.400327070610704538e+01 6.311578825341548793e+01 6.565928466834381538e+01 6.250698542585152495e+01 5.732497220880964051e+01 3.718365235537953595e+01 5.531587100395734780e+01 3.861531942080543445e+01 5.287972602245915965e+01 6.679464086730538952e+01 6.580401920803420523e+01 7.983739550856036260e+01 8.976181868984259893e+01 9.468913795775024766e+01 9.356111283141311219e+01 8.373334047481462505e+01 6.516424106028185292e+01 4.571919677495294110e+01 6.037720207380129267e+01 5.735992192326483519e+01 4.619128264233860648e+01 5.514809409220040948e+01
4.220980296511262253e+01 6.219595508575559961e+01 7.455286600902050509e+01 8.053116577943966092e+01 8.754527890368599685e+01 9.583945754744625845e+01 9.441917682199255069e+01 8.810242888741383638e+01 7.877797413729120990e+01 9.880999376917264954e+01 1.161321458820402484e+02 1.079281841149368546e+02 9.749109506838939865e+01 7.935174771151632456e+01 9.206693098499771111e+01 8.385197905068390867e+01 8.297195993499371980e+01 7.921399217813754490e+01 5.933633792532002360e+01 4.518708888030712245e+01 5.531587100395734780e+01 3.509654264078739772e+01 5.531465313995755650e+01 6.694251560236044440e+01 8.101593584792398417e+01 8.565662862610270167e+01 8.777046485182049196e+01 7.955296618179997381e+01 7.483116923251243691e+01 8.886427236939145757e+01 8.390586441258038519e+01 6.436539931151003202e+01 5.066573511552800824e+01 4.082299180372160663e+01 3.774004102032449737e+01 3.476186471754304108e+01 5.046057362171673333e+01
4.415129335104415276e+01 4.934760075358644116e+01 5.469800148376172899e+01 6.070338855669158562e+01 6.770637108702935336e+01 8.169948012759061839e+01 1.016582855918396007e+02 9.880999377123134764e+01 9.290778173401251649e+01 1.071437467971622937e+02 1.089627543099533398e+02 1.007587777682823287e+02 1.074118335607103205e+02 9.920252580023465327e+01 1.074118335607103205e+02 9.487555565121411405e+01 7.502588486107489985e+01 6.355643953883016195e+01 5.464508921337606751e+01 6.515836809662197027e+01 5.409659868245430658e+01 3.383404819466204572e+01 5.237823766007050352e+01 6.063813716049639879e+01 6.488183553258492964e+01 7.311483413754980631e+01 7.365096447914356759e+01 5.966250876313985430e+01 6.075950831456497525e+01 8.064743361154421564e+01 9.011521307124317559e+01 7.825175596369621189e+01 6.849862476030382652e+01 5.467827385855259337e+01 5.735867244084362682e+01 5.046057372148957398e+01 3.072771006588935805e+01
4.628047316541370293e+01 6.619812222469653307e+01 7.454782608665303201e+01 8.053116577943966092e+01 8.754527890368599685e+01 8.754527890368599685e+01 1.075402268291555856e+02 1.189530828221396632e+02 1.130591941194867047e+02 1.089627543099533398e+02 9.751315256050064306e+01 8.091707226571658396e+01 9.751315256050064306e+01 9.506698794545529552e+01 1.032668554552645048e+02 1.030860278780667016e+02 9.163052246120831512e+01 8.275271793569328338e+01 6.871883534963555462e+01 7.386292185987001346e+01 5.717146353366085521e+01 3.755674012492228542e+01 3.206292242741834997e+01 5.070268545084206124e+01 4.482955894253026230e+01 6.488175755773775677e+01 5.371280014314358908e+01 4.809588594025247232e+01 6.224509308496941884e+01 8.212985578252187224e+01 7.035050712759682767e+01 7.035050712759648661e+01 7.660118459579092587e+01 7.413563186205047373e+01 6.429499318173884603e+01 4.473296907069858719e+01 4.693419116653697643e+01
