MOVIE_S10_data/elevation_000747.asc
nrows	100
cellsize	150.0
xllcorner	0
ncols	100
yllcorner	0
NODATA_value	-9999
[rows 34 to 50 of 100, columns 0 to 36 of 100]
2.064481644892168788e-02 2.002064206580077510e+01 2.389482947591496043e+01 2.001734252564819272e+01 2.220214705800608002e+01 3.191549587474319338e+01 1.516183550125236401e+01 3.512808114243431845e+01 4.106685094615605180e+01 3.780365232848396317e+01 4.703329054589730873e+01 4.930884256523061282e+01 5.405357265593679017e+01 4.940914845323300142e+01 6.605277605318953249e+01 7.166566578261033271e+01 5.586351374705198936e+01 7.166566578261033271e+01 7.350982207528633694e+01 5.766173959917026082e+01 3.762284664023658109e+01 4.914637421242252202e+01 6.929394503986765130e+01 6.788467503321032837e+01 4.827889332298046554e+01 3.843838860739813157e+01 5.367978903999007656e+01 4.524009204746860036e+01 5.934468444145476695e+01 7.936544530390897023e+01 8.760598164197065785e+01 7.220353428423462105e+01 5.222092592483089390e+01 4.078592216581735386e+01 5.544564472040120506e+01 6.316239854034848378e+01 5.487075441242097185e+01
2.905961989428186565e-02 1.417119524362535721e+01 3.417119524362605887e+01 4.004642133721009145e+01 3.633164422653461401e+01 4.338266274223891372e+01 2.928333693039203922e+01 1.856611142573929740e+01 2.112578393089943773e+01 2.375000295575917519e+01 2.712611686193099558e+01 3.060018004212054876e+01 3.418093445392243979e+01 3.794411009805435242e+01 5.780737757197560711e+01 7.218689579951781354e+01 7.460363788971493193e+01 8.256753805472210672e+01 7.669161438996836466e+01 5.647218084509609071e+01 4.231569539504457822e+01 6.239431581850858066e+01 7.772325282514691480e+01 6.439564696110954856e+01 4.455674873958049886e+01 5.837877481368882115e+01 4.733787183951953637e+01 6.520862953251521787e+01 6.520862953355340608e+01 8.522628563200385088e+01 7.929036045422652990e+01 5.924511036213277038e+01 4.777466513225392220e+01 4.777466513225393641e+01 6.771736302555480336e+01 7.756377460267887614e+01 5.752513164830214265e+01
3.542675937824442400e-02 1.417756238310932027e+01 3.417756238311364569e+01 4.911962175861803814e+01 5.629505599038107988e+01 5.739314556112827859e+01 4.607769627404532287e+01 2.611610887314191132e+01 4.106685094615605180e+01 4.367783998935921375e+01 3.022538273440705936e+01 5.013851165234110852e+01 5.405357265593679017e+01 5.780737757197560711e+01 4.407691457018128744e+01 6.393603593019535936e+01 7.944951357172327278e+01 9.095088342596288555e+01 8.265942304995007817e+01 6.239431581863843235e+01 4.936981835273873287e+01 5.647218084509608360e+01 7.669161438951071830e+01 7.267852282632455285e+01 5.853789985818948338e+01 5.150469192416546349e+01 6.731105295619616413e+01 5.729404713327232201e+01 7.145686808050604100e+01 9.150236699099252746e+01 7.625979946279372257e+01 5.622599135637955925e+01 6.771735958873111372e+01 5.664174302339008449e+01 7.602999176826548933e+01 7.495634376515019426e+01 5.493032126547109328e+01
3.411803931810562102e-02 2.003411803931634338e+01 2.083534072490471445e+01 4.083534100641001885e+01 5.735538513494716284e+01 6.075638209646989907e+01 5.438760021839090086e+01 4.022623843771977192e+01 4.608661989592151542e+01 5.839248861162078441e+01 4.018486358917795798e+01 3.835901849777683026e+01 5.826514082035557607e+01 7.218651164702198741e+01 5.811009668092044933e+01 5.132134464183870648e+01 6.277839594004706214e+01 8.268434775453125951e+01 8.386557876348066998e+01 6.357454333745342012e+01 6.095059220998477656e+01 7.669161438943466180e+01 8.513783945764707539e+01 8.681914461270105221e+01 7.661730086523313332e+01 5.658872330588675226e+01 7.661730086523313332e+01 7.732805877912004178e+01 7.145686808050604100e+01 9.150236699099252746e+01 8.295286659156683129e+01 6.287366522203980423e+01 8.295286659156683129e+01 6.819156089358092743e+01 8.499657783721907833e+01 8.328164725832591841e+01 6.646338145630197403e+01
3.327314952832965272e-02 4.505409104527926978e+00 2.450540915800796782e+01 3.735537893170304358e+01 3.735537893170304358e+01 4.075637796519229994e+01 6.075638209646989907e+01 6.023483229299193198e+01 6.611434667115011621e+01 6.835056939922924357e+01 5.425732549498525970e+01 5.826515821928286698e+01 4.773996997371846618e+01 6.765158227376154798e+01 7.800098692705037706e+01 7.119164111596306554e+01 6.067292933868895943e+01 8.057228941837634295e+01 9.232560507611083267e+01 8.386557876348066998e+01 8.122046861574443710e+01 8.967798195998226163e+01 9.978795189967776480e+01 7.973864170728633383e+01 6.812904261931913652e+01 7.073751663883722074e+01 7.073751663883722074e+01 9.081235568842532757e+01 9.150236699099252746e+01 9.976024765465741950e+01 9.127200825885351776e+01 7.291236347352847247e+01 9.127200825885351776e+01 8.827004744719401685e+01 9.659032455209467116e+01 9.488453433342250776e+01 8.655794603243401752e+01
6.779948344387334846e-02 2.006779948344225772e+01 1.180837653793020436e+01 1.735537850018259221e+01 2.442644631204819206e+01 3.856858193830781545e+01 5.856858463609800225e+01 6.218431308689635273e+01 6.218431308689635273e+01 7.046399420566083904e+01 7.417869562487969404e+01 7.591386171243271974e+01 6.181344730221302086e+01 6.181344730221302086e+01 8.174608690103852382e+01 8.883780568824025181e+01 7.214664798656252742e+01 7.691245664017777983e+01 9.685667782527261238e+01 9.594757238582953107e+01 8.748316191666596353e+01 9.594757238582953107e+01 1.080321231701920368e+02 9.648135773168982610e+01 8.821247726303414538e+01 9.081235568842532757e+01 9.081235568842532757e+01 9.907563047390642907e+01 1.037392257448720301e+02 1.096093489774073362e+02 1.013132314155453315e+02 9.299336970960493431e+01 1.013132314155453315e+02 1.055517837185802250e+02 9.727354937935844248e+01 9.468414246215812113e+01 1.029604800163776162e+02
9.516927588586144779e-03 2.000951692758822986e+01 3.180837676780321033e+01 3.735537864627619342e+01 4.442644689175129002e+01 5.271076456448461300e+01 5.632583887472243589e+01 4.218768354378408247e+01 4.218768354378408247e+01 6.218431308689635273e+01 6.859971521685537255e+01 7.376225545939804817e+01 8.174608690103852382e+01 8.174608690103852382e+01 9.001427612265223388e+01 1.003530011456630149e+02 9.208192965741271507e+01 9.685667782527261238e+01 9.776547456532742331e+01 8.559042010379579324e+01 6.665312193619851655e+01 8.327106595938077760e+01 9.176169394216698549e+01 1.022130053938038685e+02 9.390764083921099825e+01 9.130200567217747221e+01 9.960929920289804329e+01 9.784606008284899303e+01 8.365486002365901186e+01 8.953743454757135112e+01 1.008607050411062005e+02 9.259639587077556655e+01 1.008607050219565480e+02 9.727354937935844248e+01 7.735174734088043635e+01 7.477000192871481943e+01 9.063294869986582114e+01
1.945935296826603253e-02 2.001945935296791035e+01 2.488908018688224644e+01 3.311443921868406903e+01 4.709872059986382453e+01 4.632733653491964532e+01 3.804516841671288319e+01 2.804577512269849393e+01 4.560888581208281778e+01 4.987264855521235773e+01 4.860400357338666311e+01 5.376782307590482901e+01 6.565339326875387371e+01 7.272285714480115359e+01 8.100112237400783499e+01 9.254131895541729591e+01 9.760942032744162589e+01 8.916305387961024564e+01 8.846436541166777090e+01 6.849946708124362260e+01 5.607926078389858304e+01 6.238087048798406897e+01 8.327106595938077760e+01 9.390764083921099825e+01 7.383716624260036099e+01 7.123388733887377100e+01 8.444632839395370638e+01 7.881291730524471006e+01 6.947369996790291680e+01 8.953743454757164955e+01 9.090678300282408486e+01 7.270676197356323200e+01 9.090678297186870793e+01 9.497912814234335599e+01 8.318670806449466681e+01 6.334973708627683919e+01 7.075113640669790982e+01
5.600688922766024203e-02 2.463723950943038865e+00 4.889080201306359008e+00 1.903020299935799997e+01 3.107935984120634743e+01 3.378128343437920478e+01 1.804577823842275208e+01 2.152733135753371840e+01 2.560981426212724443e+01 2.987382858868947721e+01 3.446214325922048971e+01 3.962612095383336452e+01 4.565634625168968341e+01 5.272739376037564085e+01 6.427372579955350318e+01 8.426458520232084481e+01 8.566012161217685161e+01 6.833973569094818856e+01 7.995372508495202624e+01 5.905783107699885193e+01 4.751936548068731980e+01 6.849946708124362260e+01 7.970939182026317837e+01 8.821982436200676148e+01 7.971567215026890096e+01 5.973143418745010536e+01 6.443334487250227482e+01 5.883665874315692434e+01 7.293491064939227897e+01 9.300368069352280997e+01 8.265157892216733160e+01 6.283085913998493766e+01 7.967912816579938351e+01 7.858641361309545914e+01 6.416277980304973028e+01 5.678755580088039068e+01 7.075113640669789561e+01
8.215197286175310309e-02 2.008215197257243645e+01 2.488908018685405565e+01 8.481186241841827567e+00 1.108496446145828251e+01 1.378176391131122713e+01 3.378128253834739070e+01 4.152659102934887869e+01 3.221777186349769551e+01 4.987264855521235773e+01 5.446061191910786192e+01 5.962405673505408288e+01 6.565339326875387371e+01 7.272285714480115359e+01 8.100112237400783499e+01 8.857633089807914928e+01 6.776970128507002755e+01 5.618644227994665385e+01 7.269337208202270517e+01 6.289229907203011294e+01 4.203155603132140783e+01 6.289229907203011294e+01 5.883650671000511068e+01 7.970939182026317837e+01 8.614733378168587308e+01 7.029501184351137510e+01 5.040694040045931246e+01 7.029501203416070609e+01 7.519734294385119711e+01 8.349714880710253340e+01 7.564389623917790573e+01 5.583128268090498381e+01 6.125201435232722957e+01 6.975658743292947861e+01 4.974110374880895336e+01 6.884248298689659862e+01 7.965047796162676264e+01
2.613274238814250472e-02 1.416826836611921792e+01 3.416826836681198643e+01 2.262394851632832626e+01 2.522706070590171734e+01 2.532876114498371933e+01 2.643085547087306253e+01 4.642960083405807126e+01 5.221620392277718281e+01 4.486668524233152766e+01 5.900745883769148037e+01 7.899937651048223586e+01 7.572623735034302683e+01 6.741437804433034842e+01 7.002082078762644812e+01 7.833111588566615069e+01 6.776977667570992026e+01 4.685667290852678235e+01 5.178814038306077805e+01 5.822769512201209352e+01 3.750657723940440746e+01 4.410882333746532424e+01 5.883650671000511068e+01 7.970939182026314995e+01 7.784187778951380210e+01 5.788089266514059261e+01 4.644840271209717741e+01 6.109954398870651460e+01 5.526004446187643282e+01 7.519734294385112605e+01 8.388780203782314970e+01 6.719576943217683151e+01 4.722696674171562847e+01 5.993984752626825951e+01 4.533117347042973222e+01 5.677422790480832049e+01 7.579711087294232641e+01
7.532853315450405152e-02 1.421746415688532927e+01 3.421746415688461695e+01 4.265675725719860623e+01 4.522577674621339838e+01 3.947067602141097353e+01 4.057271093929678329e+01 5.471099050299228850e+01 6.325796374066450767e+01 6.486295595512878265e+01 7.314228022297020004e+01 7.771024377351969292e+01 6.413820024489274374e+01 4.734145932341498053e+01 4.994528460564063721e+01 7.002082078762644812e+01 7.269351859965586016e+01 5.178813951745429023e+01 3.719647656343323661e+01 5.380732206129201245e+01 3.322638669833128233e+01 4.499944020925860144e+01 5.973225468187210652e+01 8.056310442436176800e+01 8.188423977254997510e+01 7.360529342937759623e+01 6.109954398870651460e+01 4.123333977691172691e+01 5.526004446187643282e+01 7.519734294384744544e+01 7.440559368670487572e+01 6.352635540111996448e+01 5.566819747287853204e+01 3.961691646890527352e+01 5.993984752626911927e+01 7.336595736196869666e+01 6.945317322565821883e+01
6.101047412966256744e-02 2.006101047412930782e+01 3.591102765254118623e+01 4.485437095144486364e+01 5.640007818326567701e+01 5.946761649591513788e+01 6.056938478630994638e+01 5.741777143016653895e+01 4.328937597531542281e+01 5.327366985798995103e+01 6.155588265176038476e+01 6.841128097702934951e+01 4.944558978200326749e+01 3.576442142310345673e+01 5.577562710527766399e+01 6.549465675677834042e+01 6.772298413308838860e+01 4.632928088618976403e+01 3.182481790860980553e+01 4.551051316927514989e+01 2.980059279657416482e+01 4.419449920640040830e+01 6.505512690899961115e+01 8.191786068771185114e+01 7.360529342935167563e+01 5.367047812636695880e+01 5.787648713574749593e+01 3.799909037518825983e+01 5.204209771278962648e+01 7.196308605060023922e+01 6.644036029427032020e+01 4.708795340485958292e+01 3.547040574517975386e+01 5.251329727095259159e+01 5.400622965414587640e+01 5.551256507830007081e+01 5.704588048173653192e+01
6.842009524227352091e-02 7.627709555426738675e+00 1.657198146529507099e+01 2.811898674574311130e+01 4.811875011121267676e+01 6.152868367446621534e+01 6.070887286012587225e+01 4.737836201106022571e+01 2.903051879830305992e+01 3.320684137347954135e+01 5.327366985798995103e+01 6.015858613323324988e+01 4.020108057455504991e+01 2.940417677590077972e+01 3.794618996234287067e+01 5.181222220449625127e+01 7.087005452383800730e+01 6.099041015824857936e+01 4.551903946865873962e+01 2.518317894842795823e+01 4.551903946865873962e+01 5.624120756954835798e+01 5.240415508606411521e+01 7.331413352503305703e+01 7.054285286573511371e+01 5.061593480043403304e+01 3.962273685842679072e+01 3.491811013826643517e+01 5.481028601111351151e+01 7.097274498404833309e+01 6.268401203522157772e+01 5.284057917562415696e+01 3.303033222382590139e+01 3.261494850616274732e+01 3.410363026178966805e+01 3.560154159774506866e+01 3.712932018375610710e+01
1.934550753332892059e-02 2.001934550753297515e+01 2.897950688747937775e+01 3.726497324506289743e+01 4.183307272348800154e+01 4.183307172795534257e+01 4.658108903571717008e+01 3.244937583196242770e+01 1.858256909084391140e+01 2.991571386395930787e+01 3.827751888852571227e+01 5.772032631201455644e+01 4.386335108072711364e+01 2.390187683982811606e+01 4.386335108072711364e+01 5.730233924231784215e+01 6.552622910224924624e+01 5.744677937522317279e+01 3.683142341377066487e+01 2.264145899541809825e+01 2.888776683907881093e+01 3.557060376826336068e+01 5.013611154355886157e+01 7.131670827985729488e+01 6.469155016657785495e+01 4.478591407840250582e+01 3.070623225614056295e+01 5.061579565900333932e+01 6.308040811508295320e+01 6.268556780900042469e+01 4.276612916158163102e+01 4.859383465338534336e+01 3.051324544448727849e+01 4.459732634802767848e+01 5.400622965414592613e+01 4.556177104646157261e+01 5.704588048173653192e+01
4.364784840791047227e-02 2.004339486110823643e+01 1.103150393578168398e+01 2.786458006915634300e+01 2.200150839221479870e+01 4.183306460808429250e+01 3.818373570703958109e+01 1.833223749629617672e+01 2.568672625791808883e+01 1.015240143020966457e+01 2.991517108544659465e+01 3.780979003923932424e+01 3.970432468876348509e+01 1.993312274978381637e+01 3.970432473427430153e+01 3.739369278062766710e+01 5.730233924231775688e+01 5.500401449439029733e+01 3.446181889532616793e+01 2.038598981763426110e+01 4.047848868583105997e+01 5.624120762234248616e+01 6.487811481424472504e+01 6.976143870191748420e+01 6.213628806559287199e+01 4.795556658254611904e+01 2.803982769909532990e+01 4.795556652229713990e+01 6.740649834039209054e+01 5.507475829701469650e+01 4.681200798119488837e+01 2.867240683768527632e+01 3.573442965565782004e+01 5.562687678213816156e+01 7.278581212203806672e+01 6.546335911013856901e+01 6.546335911013858322e+01
5.219006137575642884e-02 6.276253990142366401e-01 1.203299061320508345e+00 9.367869430198343395e+00 2.200093691651997929e+01 4.192381745341269550e+01 3.223360056224101555e+01 1.977390313961846502e+01 5.687164986418607349e+00 6.284860031917438583e+00 1.783102537810462707e+01 3.530586726089295269e+01 3.113167119567248520e+01 1.629622938534070542e+01 2.318404300539875607e+01 3.739369278062773816e+01 5.730233924457863992e+01 5.264525054877599075e+01 3.217822323207650470e+01 1.822656754397515755e+01 3.217822323207650470e+01 5.264525054876244070e+01 6.688520291161408693e+01 6.213628806559287199e+01 4.237203489730001138e+01 4.536069187770770839e+01 2.545525581311791541e+01 4.536275822615838393e+01 5.331299971216154887e+01 3.921946750076181587e+01 2.688655790217684327e+01 4.098131172925889842e+01 5.562687678213816156e+01 4.830918538575213717e+01 6.236455713375358556e+01 8.235240325718955035e+01 8.546028679901733938e+01
