MOVIE_S10_data/elevation_000052.asc
nrows	100
cellsize	150.0
xllcorner	0
ncols	100
yllcorner	0
NODATA_value	-9999
[rows 17 to 33 of 100, columns 0 to 36 of 100]
5.222468517465790605e-02 2.005222468517430201e+01 2.874639595728997676e+01 3.396206874646398433e+01 3.959084392016755771e+01 4.121638416793248894e+01 4.671140963087690778e+01 6.695689731905716258e+01 8.268683260105484578e+01 7.429573091702113175e+01 7.293082359970252071e+01 6.479496454673568451e+01 6.319395678682193562e+01 7.139853939911188263e+01 6.417165655677881375e+01 4.454118682408524421e+01 6.417165583979546284e+01 5.009248819036727696e+01 4.789681642259702699e+01 5.795132350253140174e+01 5.007301374871875765e+01 3.063264896950869343e+01 5.007301374871875765e+01 5.309079905704337676e+01 3.367443121124827599e+01 5.309079905704337676e+01 5.715214929550125333e+01 5.592645492884980030e+01 4.161549976066208956e+01 2.954525754585979058e+01 3.504711956074280010e+01 4.400877910127051251e+01 5.833150595433124153e+01 7.877384204281467817e+01 8.689268174988259830e+01 6.643984776047336993e+01 6.643984133508554635e+01
7.333276091007127906e-02 4.337354477569481226e+00 8.701801819812855499e+00 1.386673429899256504e+01 1.941857798006815727e+01 2.628035912592732259e+01 3.814768313330800709e+01 5.856695825174040948e+01 6.787544507339239885e+01 5.424455785137211450e+01 7.104479892571988842e+01 7.905915855991300134e+01 7.334835724056628692e+01 7.547381677313876480e+01 7.205120217595020904e+01 5.600018486565355147e+01 7.205118124763821186e+01 6.429418592994932169e+01 6.801528625834808395e+01 6.910616950637368916e+01 4.986061383087375276e+01 3.601133128180208587e+01 5.551097736097279522e+01 5.812186444415675624e+01 3.863663198618604611e+01 5.812186444415675624e+01 7.747525161743983801e+01 7.023741056338580790e+01 5.110277654871224229e+01 3.102589517866270441e+01 5.085856699636450884e+01 6.347121377794008623e+01 6.431371347484497392e+01 8.473311400922661107e+01 9.525948166893087432e+01 8.689268341457523093e+01 8.689168486049180729e+01
6.343274376862209629e-02 2.006343274376826713e+01 2.874639595728997676e+01 2.506175028855196985e+01 3.959084392016755771e+01 4.677788426545644285e+01 5.519558487811762149e+01 6.197032614711973508e+01 4.777370640854455530e+01 4.250868276304512250e+01 6.199588263599078175e+01 6.002272455491470993e+01 5.450306681906489104e+01 5.655017074399498256e+01 7.547381677313876480e+01 7.533437719954665113e+01 8.312660782069636412e+01 8.427856849419079310e+01 8.145476815550222227e+01 6.210490576494593995e+01 4.842156596653086353e+01 4.735292726916856054e+01 6.351899312667827502e+01 6.432580627189577172e+01 4.470721962505253089e+01 5.812186444415675624e+01 7.804055863037699226e+01 6.700902191775671213e+01 4.669578898019392454e+01 3.253206751768606608e+01 5.263100608001410308e+01 6.940555907909319444e+01 7.792512090089476828e+01 7.642086700915361064e+01 8.485007439918840078e+01 9.664233011496787640e+01 9.891094488586311684e+01
3.497053469895897854e-02 2.003497053469860489e+01 3.732489914457477198e+01 4.514118906613018112e+01 5.346003088101306844e+01 5.735375421897320081e+01 6.321206982311881717e+01 5.181116122984040118e+01 3.323586853031769550e+01 3.323588574590322509e+01 5.366836495856948375e+01 6.002272455491470993e+01 4.185403073855454181e+01 6.002272455491470993e+01 6.546501525673058097e+01 8.097994241193549669e+01 7.286366513908622267e+01 7.340590252260652449e+01 8.176870369281850515e+01 7.580967018551874048e+01 6.773589983097787126e+01 6.665508103172341237e+01 7.467192879800576577e+01 7.133508598704329984e+01 5.150984911578665049e+01 7.133508598704329984e+01 8.127666221334578722e+01 6.844928897490838438e+01 4.823288614956467057e+01 3.406240817353412353e+01 5.417862210840402781e+01 4.960840584587803903e+01 6.457528959909190291e+01 5.599469892305330632e+01 6.775732077384208196e+01 8.825549125500063496e+01 1.011178105181582509e+02
9.635555453094322986e-02 9.040627464530178514e+00 2.318276308826257548e+01 4.318276309625738207e+01 5.149622323842547189e+01 3.735376197024356770e+01 4.321162407619168988e+01 4.344861894007174641e+01 2.310115502224340744e+01 4.344861894007819103e+01 5.560254382522543182e+01 4.781717611950814728e+01 3.627931838571150536e+01 4.483443637256445413e+01 6.267279636271707233e+01 6.754289354516971855e+01 5.153655248273867073e+01 5.331708358090644850e+01 7.340590252260652449e+01 7.125429429824914962e+01 7.959647759675473822e+01 8.049935687763370140e+01 8.888178818124235647e+01 7.969365976982926725e+01 6.282515690694289390e+01 7.969365976982926725e+01 7.285998402037189692e+01 5.250364887427025451e+01 4.090502074993841575e+01 5.417861493202236289e+01 3.638670949830742529e+01 3.805332872659140975e+01 4.436688344291151509e+01 5.864220075237325602e+01 7.907836051502286523e+01 8.317111180876712240e+01 9.161489574667797342e+01
8.845047570523793812e-02 2.008845047570488163e+01 3.732489851203109055e+01 3.994949258424190219e+01 3.166519490858518537e+01 2.321262206073662782e+01 4.006261201520694470e+01 3.172489178960658052e+01 1.845570282657769567e+01 3.836092217752228350e+01 4.239349660641958195e+01 2.962229773443223735e+01 4.009939518375451684e+01 5.835986093858894463e+01 7.061803858834372249e+01 5.920095894696349603e+01 3.883531297272585903e+01 5.188522059213700999e+01 5.575441868128918799e+01 5.134487402576571924e+01 6.421699355931816910e+01 6.055761520291012090e+01 7.785760560051923562e+01 9.133120529015633338e+01 8.295986529486437178e+01 8.157704400627775954e+01 6.113473652545336989e+01 4.944819286922052015e+01 5.514106244024318926e+01 5.652829700785390088e+01 5.652829818660602967e+01 5.821472010192613311e+01 4.054502819069103481e+01 6.073896410355147424e+01 7.019864000790020953e+01 6.267257762811024691e+01 7.717213029203429642e+01
8.023991185656004221e-02 2.008023991185620361e+01 3.153155943280295403e+01 2.395910336732037038e+01 1.166609891991133097e+01 2.605436359835894677e+01 2.711582620558054302e+01 1.232809161279920040e+01 3.172489073940132798e+01 4.239344174397775333e+01 2.383870616742838777e+01 4.239344201516777133e+01 5.560254382290759168e+01 6.629813426473930349e+01 6.504505908746759246e+01 5.258431268313351126e+01 3.228671560367119042e+01 3.172911798306112274e+01 3.564947563752163262e+01 3.973375371438343251e+01 4.428285533344612901e+01 4.966048864616642788e+01 6.952637533869651065e+01 8.645257355076783767e+01 9.486758070441855750e+01 8.997354681730597292e+01 7.749533221308939801e+01 5.706838653682623885e+01 7.551152334444762459e+01 7.686888091556546954e+01 6.940523557677539657e+01 4.908102729929788666e+01 6.073896410355147424e+01 4.318742547153667743e+01 4.985977968911652880e+01 6.420252834776411532e+01 8.463892164980627797e+01
4.598823041778624804e-02 2.004598823041743216e+01 2.005021831493641926e+01 3.959696044342631449e+00 4.999446534166327005e+00 6.055006162118004021e+00 7.116495947034297664e+00 8.182500364129742465e+00 2.818781005554185271e+01 3.667038913664868005e+01 1.995940639691717422e+01 3.878866507810555220e+01 4.926383082335033947e+01 5.046633374962473084e+01 5.084929082445025017e+01 3.665366905878178727e+01 2.640525849313888074e+01 3.358045748849340839e+01 4.265348040982416933e+01 5.975958491795823591e+01 6.421699376366373713e+01 6.368304750682064252e+01 5.901085785660837502e+01 6.648138785846988696e+01 8.054444938376911978e+01 1.007160465610126181e+02 8.590782470017715866e+01 6.884308817321081619e+01 8.590782470007752636e+01 7.963175375390078159e+01 5.917871739977725554e+01 6.940523557683908962e+01 7.185466694442163771e+01 6.341865605690833263e+01 4.598446217804605141e+01 6.625736612120016389e+01 7.573142645547110874e+01
7.340434288523949025e-02 2.007340434288488495e+01 2.495191992464725672e+00 2.249528521896189304e+01 2.499882978349178231e+01 2.019674741130054230e+01 2.711582620558430534e+01 2.567989879510335527e+01 9.746707061570811348e+00 2.818025127483099368e+01 1.618712963838524033e+01 3.344468098462966310e+01 2.910451989054932298e+01 3.033403616874749176e+01 3.874685483910359096e+01 2.219800348233592402e+01 4.253339819664071086e+01 5.370819519806796905e+01 6.201415000862914439e+01 5.680838495244405095e+01 7.675861679918826042e+01 8.363341663980317264e+01 7.890417490149721402e+01 8.645257355076783767e+01 9.486758070441855750e+01 9.972702974245341068e+01 9.768075142279080580e+01 8.931451737130622348e+01 9.409884628601190570e+01 7.363928781899389264e+01 7.363928781899389264e+01 8.670634166701873369e+01 6.619080536997272191e+01 5.251865466351536327e+01 4.868107885843614469e+01 5.143509888834784505e+01 5.537193852465945554e+01
3.515918393995972474e-02 1.051816319490658458e+00 2.105189245757092564e+01 1.249520273159304118e+01 3.249536796903706914e+01 4.019590012991219652e+01 4.036230527583347083e+01 2.094169603297241267e+01 2.975309936059450777e+01 1.133577886418613012e+01 1.246876468762442158e+01 1.366328581252016505e+01 1.487830346873829690e+01 1.610322971399551406e+01 1.638029861192375947e+01 3.869738980919020577e+01 3.884709493831434202e+01 5.303424696116726267e+01 7.287114297561416265e+01 7.675861679918826042e+01 8.512757785526029863e+01 8.545659446945414572e+01 7.716921459830108176e+01 8.289295303290357708e+01 8.620426602373814262e+01 7.971787358873180551e+01 9.389301011075393433e+01 1.039295971684954765e+02 1.024570248704912814e+02 9.409884628601190570e+01 9.409884628601184886e+01 7.993226286330944674e+01 5.967489356795018551e+01 7.219966683169879218e+01 6.898921265980332862e+01 5.257192379377307390e+01 7.293525320602388717e+01
4.608085242692564615e-02 1.883462288874202173e+01 2.899535804717698539e+01 2.663742796711387228e+01 2.663742796711387228e+01 4.663768617016941676e+01 4.855044324536277855e+01 3.149361387715584115e+01 4.102252336065576799e+01 2.576615513363411125e+01 3.334929974704309075e+01 2.121587680127895226e+01 3.490721469089304918e+01 3.622610822715159884e+01 1.799847874043183182e+01 2.387941758669493453e+01 4.404854355290176926e+01 6.015815835608669460e+01 6.843251305376406890e+01 7.995910035051475973e+01 8.121702593420482685e+01 7.294043548601305815e+01 5.733448243535156763e+01 6.304308625528366861e+01 6.633639046777992121e+01 6.572099564758278234e+01 7.564970741741132088e+01 8.557852443161439737e+01 1.056243865491922236e+02 1.026327649258177530e+02 8.150981552873098224e+01 6.942710132128816269e+01 7.104587807841835456e+01 8.800642852988788434e+01 7.082527708645038445e+01 5.685279575075748681e+01 5.785106740848806339e+01
1.610643649003322755e-02 1.441763017856440676e+01 3.511766811244789466e+01 4.663768617016941676e+01 4.663768617016941676e+01 5.492215966874803712e+01 5.855336472833702999e+01 5.040413071005372103e+01 5.746802277787544710e+01 5.145420695791946741e+01 3.691455246407963386e+01 3.531898525711800829e+01 4.886064881697555506e+01 3.954707104736007750e+01 1.954081605876456607e+01 3.968766458811178666e+01 3.290977976696340335e+01 4.008115062934103889e+01 5.172484299782932737e+01 7.167828137359182961e+01 6.972427566225904627e+01 5.306565202133998582e+01 4.577443502658216090e+01 4.900197867406814822e+01 5.236408402133032780e+01 5.588380302706212177e+01 6.572099565996813908e+01 8.557846450071255617e+01 1.002127180643204269e+02 1.110396659131353658e+02 9.898415497604864299e+01 8.150981552873098224e+01 8.592949655482767923e+01 9.764740147487630395e+01 8.172821365144123718e+01 6.148130684301668225e+01 6.173603858648943543e+01
2.022278438842990689e-02 1.416235840811950553e+01 3.416235840812021252e+01 4.398565669501022057e+01 4.757776273554575397e+01 5.157776273554582502e+01 5.334699030032746236e+01 6.163126154779016019e+01 6.757348760843231616e+01 6.442155507617556509e+01 5.616813312693746951e+01 5.544948982772401536e+01 5.496755722198168570e+01 3.523759574335311129e+01 2.101295306390823470e+01 4.116126652642856953e+01 5.305985846156027463e+01 6.015815794862054133e+01 6.843221318175825729e+01 6.590021264607153739e+01 5.763745528458863276e+01 4.139011391403286666e+01 5.152748753776592849e+01 6.885697762879901518e+01 7.215555635342339258e+01 7.564970768896412778e+01 6.210266751289652376e+01 7.194726703760196074e+01 8.600436718537234526e+01 1.060696081614163546e+02 1.110396659131353658e+02 1.026327649258177530e+02 1.068988918085924240e+02 1.029977149540105472e+02 8.700915767370968013e+01 6.641243426979909259e+01 6.588281397758225921e+01
6.642187732006160639e-02 2.006642187731970495e+01 2.646290405236457488e+01 2.398565669500951714e+01 2.757776273554504698e+01 3.157776273554511803e+01 3.334699030032675893e+01 4.757348760843090218e+01 4.757348760843090218e+01 6.292882666775680889e+01 7.292882666775545886e+01 6.796235423454332647e+01 4.834580699294184569e+01 3.413268123261342879e+01 2.249207948482977315e+01 4.265164142414336368e+01 4.643222647450470930e+01 5.473439913544859081e+01 6.219918685622933907e+01 5.392173418310907351e+01 3.745956283035310008e+01 5.763745528458863276e+01 6.146572390259967733e+01 6.775199954740094199e+01 8.765332203226485319e+01 9.021987727234150611e+01 8.191487055247424109e+01 6.981341385572343938e+01 8.972457189393350063e+01 1.080783429784042227e+02 1.181392794425404560e+02 1.155413855890217576e+02 9.545189711362846197e+01 8.351351260248711128e+01 7.420591258392299494e+01 8.700915767370962328e+01 8.045245724373876328e+01
1.591255364720534082e-02 3.218475629748954958e+00 6.462904052364219609e+00 9.843521071278315659e+00 1.343562711181384550e+01 1.743562711181391478e+01 2.179998491653383752e+01 2.757348760843019519e+01 3.464455542029591584e+01 4.464455542029556057e+01 6.464455542029413948e+01 6.759671707858171885e+01 4.756634154990336327e+01 3.327143494121636280e+01 4.264888235704072628e+01 2.466018443605863197e+01 2.623550629358983599e+01 4.643223565866508551e+01 5.037364818688721613e+01 3.369140095111068689e+01 4.546238414614643375e+01 6.547862292776876814e+01 8.136756827889040267e+01 8.765332203226485319e+01 8.863005081841757260e+01 9.695018603770000709e+01 9.804991178367542659e+01 8.385136569279234209e+01 7.971365616858261660e+01 8.968265384702974075e+01 1.097883213915392133e+02 1.236945930719005275e+02 1.121645607288453022e+02 9.480649739528230668e+01 8.460757021502868724e+01 1.031043037829755491e+02 1.008337084087736031e+02
6.189296070378335485e-02 2.006189296070342820e+01 2.646290405236457488e+01 2.984352107127867271e+01 2.498263249560656618e+01 3.743562711181461822e+01 3.594212054026528591e+01 3.812991653508893819e+01 5.464455542029520529e+01 6.292882666775680889e+01 7.292882666775545886e+01 6.981235867715557220e+01 4.976355957791821538e+01 5.344257021299911514e+01 5.197896931267687393e+01 3.178771725321486130e+01 4.643178229381700106e+01 2.850238278788214430e+01 3.014048772741004001e+01 5.037365185962850944e+01 6.183161087912711906e+01 7.374303507402110824e+01 7.325507212382693467e+01 8.153260669316827602e+01 6.873338085447697665e+01 7.714270305875940892e+01 9.710904485326690860e+01 1.039037459593422454e+02 9.973548761928446993e+01 1.080783429784042227e+02 1.181392794425404560e+02 1.241809029032844620e+02 1.231369805117549419e+02 1.132205032896501109e+02 1.050054245755362530e+02 1.132205032891824175e+02 1.130328081891478149e+02
2.247884206357958492e-02 2.002247884206322581e+01 3.647128223814362968e+01 4.801924746980367331e+01 4.498263249560726962e+01 5.326690374306947007e+01 5.594212054026598935e+01 5.812991653508964163e+01 6.641418778255284394e+01 7.139535272182679648e+01 6.311180988350687215e+01 7.139535272182679648e+01 6.981235867715557220e+01 6.614068245038920679e+01 4.611373311652781126e+01 4.611373311652781126e+01 4.504086537925527978e+01 4.284181579298031295e+01 5.037365185962851655e+01 3.331779523403058363e+01 5.355337874824545707e+01 5.929893092630010187e+01 5.339418650887978401e+01 6.569778164944401055e+01 5.731951774729536453e+01 7.516339670052849442e+01 8.045414904097479791e+01 8.748390202572161911e+01 9.580629214863839138e+01 1.058272848025371644e+02 1.183179092941618222e+02 1.041145274970438521e+02 1.183179092941618222e+02 1.212219048959914147e+02 1.128642265100240110e+02 1.131318541490794161e+02 1.047597418034690122e+02
