MOVIE_S10_data/elevation_000991.asc
nrows	100
cellsize	150.0
xllcorner	0
ncols	100
yllcorner	0
NODATA_value	-9999
[rows 51 to 67 of 100, columns 37 to 73 of 100]
8.689120983043530089e+01 7.457863453191708913e+01 5.424337202258055868e+01 6.842226463390814217e+01 5.225909829762415626e+01 7.262302115569588068e+01 8.419740670672227623e+01 7.682505900261504905e+01 9.105636722679037121e+01 1.109512449192147443e+02 1.066060399493988626e+02 9.832647525332127714e+01 8.986913991365759102e+01 1.014371138864256494e+02 1.214118013729485881e+02 1.331061325696205415e+02 1.324971156609766183e+02 1.150678293494705713e+02 9.508660511031490614e+01 8.104579865946855932e+01 7.118597808354098788e+01 7.050520709084425164e+01 6.946522400044298706e+01 8.925621528192068865e+01 9.252212765153375074e+01 7.269833291820971510e+01 8.107685442823004962e+01 6.365256753642583476e+01 7.328039586788712256e+01 6.344318787979632646e+01 8.311760385461658984e+01 9.207153553926178802e+01 7.221579700098989463e+01 8.456677178643013804e+01 9.588904614088963285e+01 8.759104585797280151e+01 7.658824762253878760e+01
9.692353582020176361e+01 8.019725822193750275e+01 5.993902291112246417e+01 8.019725811057561771e+01 7.262302115569588068e+01 5.675592075102260026e+01 6.398710385654037225e+01 8.419740670672227623e+01 9.312808437730464561e+01 9.980147531330918298e+01 1.079920896598070499e+02 1.168688872153122560e+02 1.098794101756258925e+02 1.181527929492550726e+02 1.296849056434339218e+02 1.266606947374795311e+02 1.126238512563085123e+02 1.210232811072648644e+02 1.092266148737293037e+02 9.926319175149089347e+01 9.099238442651162018e+01 8.189532279644120649e+01 7.642037297688665376e+01 9.627637054614302770e+01 1.008184764998331815e+02 8.407344628277162712e+01 9.159919836035028595e+01 7.493544656082146105e+01 9.138583138758880864e+01 7.320085556519812542e+01 9.138584647637819103e+01 9.207153553925557787e+01 8.624690306895425351e+01 1.003435181808674201e+02 1.127657745481341607e+02 1.048151886933980848e+02 9.649249661616534013e+01
1.002241218703959049e+02 8.019725931852372014e+01 6.715576219372826472e+01 8.732988868969506768e+01 8.468855544658721612e+01 6.448403855013393127e+01 6.243431284024248384e+01 6.688651269375422714e+01 7.302109322959600490e+01 7.978130250529547141e+01 8.879798861170093005e+01 1.029154359721885754e+02 1.226770648127213548e+02 1.285421368097102004e+02 1.324971156609765899e+02 1.126238512563085123e+02 9.855317046042166851e+01 1.011351884951414206e+02 1.151858460021987156e+02 1.153963490051156953e+02 1.100827271741472941e+02 1.017943061021547919e+02 8.525798610747573036e+01 1.045584770863918465e+02 1.123708362085639720e+02 1.040632410199484781e+02 1.030954922016600932e+02 9.479619107431737746e+01 1.013315495537298432e+02 9.303435216504684035e+01 1.013315523353599872e+02 1.119967860613617603e+02 1.061334422449145194e+02 1.117500391030277598e+02 1.037491579698297102e+02 1.117500391043747356e+02 1.078625887302868165e+02
9.530386128367449317e+01 9.556883404665335036e+01 7.730415167228547091e+01 9.556883404665335036e+01 9.293904812593099507e+01 7.464637053897865826e+01 7.260736199357766907e+01 8.706559844094574885e+01 7.703770594128639004e+01 9.709349094060512186e+01 1.079920896598070499e+02 1.168688872153122560e+02 1.226821070665127849e+02 1.086251434551896153e+02 1.226821070665127849e+02 1.184445956361225427e+02 9.855317046042166851e+01 8.709845354415267593e+01 9.916982825979776806e+01 9.552300094175825507e+01 1.153963490051156953e+02 1.134844773566971412e+02 9.933091001953773969e+01 1.134844773567746898e+02 1.188373142819254156e+02 1.073391492105643863e+02 9.908026621648743060e+01 1.016632838716250404e+02 1.011512772907240532e+02 1.094131286272942987e+02 1.044757576354406439e+02 1.127802078449196159e+02 1.132551192344317172e+02 1.019235908008167542e+02 8.395664619023241926e+01 9.850029416350056977e+01 9.763523518998420059e+01
8.704854490050394134e+01 1.055581205362108790e+02 9.735562570710463604e+01 1.055581205362108790e+02 1.029414436895712726e+02 8.889745519998885470e+01 9.271695985102705606e+01 9.271695985102705606e+01 9.126868330193647694e+01 9.126868330193647694e+01 1.111558205400934582e+02 1.233803520306528583e+02 1.137573109562495404e+02 9.445942370546985956e+01 1.137573109562495404e+02 1.266606947374789485e+02 1.132225293905450485e+02 9.334900886346645166e+01 7.930962715208704594e+01 9.916982825979776806e+01 1.116788176714026264e+02 1.199829734023360146e+02 1.193365653630831389e+02 1.232945768176911940e+02 1.105652468363577867e+02 9.067267687879848381e+01 7.934804574961475510e+01 8.189905472656661800e+01 8.138643349626738654e+01 9.797127825270072776e+01 8.461490066361896822e+01 1.012817693377641177e+02 1.052650136813258399e+02 8.549865656623589416e+01 7.409052471959002162e+01 7.875297100909760672e+01 8.912618779209901732e+01
8.812542324941591687e+01 9.636758110261379784e+01 1.001822548258408432e+02 9.195151858808867473e+01 1.001822548258408432e+02 1.088133611145199637e+02 1.078044657457809734e+02 1.126047784311056432e+02 1.111558205400934582e+02 1.111558205400934582e+02 1.193213457406363744e+02 1.151568163209138476e+02 9.517917407057343837e+01 8.550592040471553901e+01 1.055147493904126321e+02 1.189946327365289420e+02 1.088857716695641784e+02 8.901636160454175695e+01 7.494415094171563396e+01 9.483597707441060720e+01 9.150924434747071246e+01 1.027057388807038336e+02 1.110252664545655961e+02 1.150199418160342049e+02 9.507231398322430493e+01 8.367869642683555753e+01 7.498114617959708994e+01 6.817715167110479513e+01 7.018720157862823328e+01 8.918518175521953140e+01 7.336607467565846719e+01 9.245411548900931109e+01 1.040285861304762562e+02 9.818045592237952235e+01 7.872087654296333881e+01 6.497869799751946118e+01 8.241649681984436882e+01
6.837776685485144412e+01 8.494078728556374358e+01 9.014739364493449614e+01 7.179938126870278836e+01 9.014739364493449614e+01 1.019378342996597695e+02 8.786684808709794936e+01 1.019378342996622422e+02 1.059439609200184549e+02 1.141504132321321521e+02 1.237141458661873799e+02 1.037763783909453537e+02 8.964197941746641618e+01 7.887811438838997447e+01 9.078681773835006652e+01 1.048907252374395682e+02 1.049118896565597510e+02 8.503613937015376223e+01 7.094190499635946878e+01 9.085761184787156708e+01 8.017991710023034102e+01 8.278524621241857062e+01 9.679841434919009657e+01 1.169672818820236273e+02 1.117728862624982042e+02 1.028887233727137414e+02 9.463739783863799460e+01 8.099574449871903425e+01 6.159511396579176790e+01 7.550841753506794873e+01 6.475314026516078059e+01 7.590380630459961253e+01 9.569515867550593669e+01 9.303199466030871179e+01 7.347675615590205211e+01 5.985597658888589478e+01 7.652001567245493163e+01
5.682112658982141795e+01 6.606138316290015666e+01 7.429542204217904100e+01 6.155834350537934796e+01 8.187544992839572444e+01 9.297744691926936866e+01 7.360260146018201510e+01 9.183222321385719056e+01 8.598695006731338708e+01 1.059439609200184549e+02 1.175140341030847537e+02 1.075358262334061124e+02 9.330728329141322774e+01 7.341704721474718554e+01 7.671656499732043244e+01 9.492965522797584299e+01 1.064341851508516328e+02 8.715935792897236922e+01 6.725200925189041357e+01 8.218252075974967852e+01 7.058611937068292264e+01 9.008243851125958201e+01 1.036829880143509115e+02 1.158130762974156767e+02 1.132286884419214203e+02 1.017987897670475945e+02 9.357764622237998253e+01 8.556732568722934218e+01 7.550841753506794873e+01 5.615720692792756807e+01 6.726562862527573827e+01 8.098847563153560714e+01 1.007218658573250849e+02 8.833334217275685774e+01 6.880905437894058707e+01 5.514880327713344599e+01 6.841783355777317865e+01
5.826896821511213886e+01 4.582940758166371609e+01 6.540109819297147453e+01 5.425997602140292742e+01 7.469226806549391995e+01 7.733074092902197094e+01 6.449110329386390106e+01 7.170374272791107728e+01 8.598695006731338708e+01 1.059439609200184549e+02 1.092802076777692974e+02 8.929140030812972384e+01 7.933812461835893259e+01 7.237952495494663196e+01 6.691572443570319706e+01 7.825395677408005213e+01 9.818357511022885831e+01 9.539010595424107919e+01 8.218252075974969273e+01 6.234896827573388123e+01 6.883747357468520534e+01 7.554512306533224830e+01 8.610054946899406048e+01 1.071663590933098362e+02 1.050056951690194467e+02 8.520995711774205006e+01 7.395544279691718259e+01 6.608334226785635224e+01 5.928299057409410722e+01 5.314742807098506461e+01 7.248560789009025029e+01 8.823954417109112569e+01 9.644253293819247119e+01 8.763510777409018715e+01 7.706057474970761234e+01 6.807087618037664356e+01 4.892207330785302588e+01
3.773436111798383763e+01 3.927707857035068173e+01 4.499451220341527602e+01 6.555129609124328738e+01 7.732009992811924803e+01 5.699647545158155992e+01 7.733074092902195673e+01 8.582269637115162197e+01 8.582269637115162197e+01 1.057975457820278109e+02 1.175140341030847537e+02 1.075358262334061124e+02 9.928580399294966696e+01 8.287410596851441369e+01 6.318995035536939042e+01 8.287410596851441369e+01 8.700652256035256471e+01 8.380205242730032467e+01 7.555755503749641377e+01 5.952079917761930261e+01 7.110052061695469661e+01 9.110217808032149378e+01 1.036829880143509115e+02 1.079852721812922880e+02 9.818393362274679248e+01 8.672081798399845809e+01 7.850677934134310476e+01 7.164700648806841343e+01 6.581551269607805921e+01 5.020702321163414439e+01 6.953595172657242074e+01 6.870582701533571424e+01 8.511885985487174366e+01 8.000110232950093803e+01 6.177835144702792292e+01 5.082612551935333300e+01 5.900370002659677482e+01
5.825785544138130234e+01 5.982854179867407396e+01 4.164795377671395471e+01 6.203866733901070774e+01 6.738404273336318795e+01 5.224533009912244097e+01 5.877981379651886584e+01 6.561455676997704245e+01 7.995731123808749885e+01 9.998298870793631465e+01 1.185829577329815976e+02 9.864146881201024541e+01 9.864146881201024541e+01 7.972211847096838255e+01 6.008091682512801412e+01 7.538410272757919017e+01 6.725410038345931696e+01 7.335904553207092249e+01 5.595117406421079664e+01 6.456288697701992874e+01 8.377967295256087255e+01 9.942020995850938903e+01 1.021819313654933552e+02 8.826193451005244128e+01 8.982319073952153587e+01 7.023626665856512830e+01 5.911288501925858441e+01 5.230811345860801964e+01 4.649468831871057972e+01 6.247690562400114089e+01 6.576315760607083405e+01 5.756523002227471153e+01 7.696174272570354447e+01 7.477246969805327126e+01 7.693847462917229052e+01 5.901408394560152004e+01 3.956143599212610695e+01
6.965309603405381722e+01 7.057671876316044290e+01 6.221088194930278092e+01 4.407055174766359329e+01 4.687195954100729267e+01 5.121576873048106648e+01 7.165388040909309098e+01 8.582269637115162197e+01 8.582269637115162197e+01 1.057975457820278109e+02 1.128440298654976317e+02 9.864146881201024541e+01 7.872345953313742939e+01 8.604421365501077901e+01 7.538410272396896517e+01 5.576733807661581466e+01 5.341585249843439698e+01 5.972189565849191695e+01 5.354821730898612486e+01 7.830326701846995263e+01 9.262809149917956120e+01 9.388944018787908874e+01 8.571246497785361385e+01 7.432971038560037869e+01 9.233658212231378570e+01 8.671980949100283453e+01 7.850679796974733904e+01 7.164696198831624940e+01 6.247691220765271680e+01 4.315680619087267900e+01 4.643835651995238578e+01 6.576315809686839486e+01 6.914494281877549042e+01 5.537592663280450012e+01 6.914494281878261006e+01 5.670028070951556742e+01 3.726312749766028531e+01
7.805744650176035293e+01 7.853690074504181950e+01 5.821099437302824953e+01 4.627065665066583477e+01 6.680173242916487197e+01 7.165388028190568548e+01 5.775873299818071871e+01 7.808004283534970114e+01 9.348418092975190063e+01 1.050298099637526548e+02 1.046023201355244083e+02 8.463000693225347959e+01 7.319569886888037047e+01 6.629582852123056114e+01 6.128374559798687926e+01 7.538410271821842912e+01 6.979182629422354012e+01 5.016028249985460974e+01 6.747015125462100116e+01 7.566700094478882477e+01 8.733196837919672362e+01 8.251708935896920138e+01 6.605216105422067585e+01 6.453596859155399557e+01 7.841043169982680183e+01 9.812726306509479457e+01 8.855139055267113690e+01 6.901222384241809493e+01 5.535319558153220498e+01 5.932155634881120676e+01 3.998931914598887971e+01 5.639009391009402350e+01 5.437542551100349186e+01 4.169841025403188439e+01 6.046499813298157733e+01 5.442233682659168181e+01 3.501719121744657315e+01
7.686922303271549595e+01 8.682428193152713902e+01 6.903765805178808534e+01 4.854506816531382896e+01 6.903765796434296931e+01 8.636611519858239205e+01 7.808004283534970114e+01 6.501218479030480069e+01 7.674891007098790396e+01 9.680850323363735299e+01 1.071920969318963017e+02 8.722227401925961487e+01 9.154533756748284645e+01 7.171430080577175659e+01 8.094520254264000414e+01 8.918160310553976444e+01 7.799462565119866042e+01 6.747015125462100116e+01 4.784571787703183787e+01 5.941271201528128643e+01 7.337234019722842504e+01 6.669133167833260245e+01 5.476391161962828136e+01 7.185302858343187893e+01 7.495114534153715624e+01 8.140171401455857847e+01 8.879878311413280301e+01 8.288291544374429520e+01 7.473511327311676666e+01 6.740428500197295136e+01 5.638934551729882116e+01 3.702633310795510369e+01 3.496759979767713133e+01 3.293329433294326236e+01 4.969331457363008298e+01 5.219744042387186056e+01 3.281073218363464150e+01
8.517066936151309164e+01 8.367926221462148817e+01 7.130929517495236780e+01 5.086456088276697329e+01 6.538838407629133087e+01 8.560363904707276106e+01 9.348418092975190063e+01 7.936034085629812296e+01 7.518774892852196956e+01 8.684041433349240435e+01 1.067765921337822306e+02 1.013500863013096023e+02 9.979517939708432550e+01 8.311592610830919625e+01 9.979517939708432550e+01 9.573715012620777998e+01 8.427582417389288594e+01 6.947095137040727764e+01 4.983755613707684518e+01 4.557592627141360708e+01 6.306670774427283988e+01 4.709761966806991040e+01 6.027898442026077674e+01 5.286608036687304235e+01 5.442790705258538964e+01 6.786401510000781911e+01 6.937291966584996317e+01 8.091036649511117673e+01 7.285663955534775482e+01 7.280160331952269814e+01 6.347303830887071285e+01 5.105372604899824296e+01 4.970629358512647400e+01 4.969338420640576715e+01 3.012361576500300586e+01 4.702387651262700530e+01 4.481788210762274360e+01
8.963519714089012780e+01 6.947740356288223040e+01 5.502053652474621970e+01 5.486470211378757966e+01 7.522826462607775966e+01 8.935312406855143763e+01 1.009261478576636506e+02 9.939068122681317163e+01 8.684041433349240435e+01 1.034908318668388034e+02 1.149779207657156945e+02 1.212959582277861443e+02 1.113021620244669236e+02 1.030601277602693671e+02 1.020532576620963852e+02 8.747762558782477527e+01 6.766274976731773450e+01 5.636704336913891211e+01 6.947095137040727764e+01 6.306670774427283988e+01 4.348576507709521621e+01 4.207612218969450879e+01 4.072251420972090585e+01 3.937313037731203735e+01 5.427489039137293503e+01 4.986034018148826874e+01 6.937314343306117337e+01 7.285651464555671453e+01 5.331734522166556900e+01 5.330690687955231510e+01 6.169975831591071369e+01 6.469277561896454642e+01 6.952268080250389914e+01 5.775835570493669024e+01 4.702387651262700530e+01 2.731243816917642064e+01 2.664630653258078752e+01
9.195730765153713548e+01 7.826765579983764098e+01 5.806827680297474359e+01 7.522826462616451693e+01 6.080971166611599443e+01 7.257814559638201501e+01 9.269306013502691144e+01 1.023857422032938445e+02 1.067765921337822306e+02 1.149779207657116586e+02 1.278330155804184756e+02 1.196355306964320846e+02 1.196355306829246814e+02 1.079327453390235974e+02 8.793064700469271600e+01 7.387531755581728987e+01 6.510336994273535538e+01 7.022617026064541790e+01 8.422075154884480241e+01 6.826631696296382756e+01 4.869159575484588487e+01 6.164200829849210805e+01 6.027650542286236401e+01 4.723807768461897894e+01 3.748132118326595474e+01 5.517216466370529560e+01 5.661001768123490763e+01 5.498427926472700022e+01 5.903933847520251277e+01 3.948409038781255731e+01 4.322689734338835876e+01 4.550859784914844397e+01 5.642080293120107370e+01 6.431126505059357612e+01 5.233148223952380107e+01 4.444595420105732586e+01 2.448794631464458860e+01
