MOVIE_S10_data/elevation_000199.asc
nrows	100
cellsize	150.0
xllcorner	0
ncols	100
yllcorner	0
NODATA_value	-9999
[rows 68 to 84 of 100, columns 0 to 36 of 100]
5.009162696260269221e-02 2.005009162696224578e+01 2.471149983751914547e+01 9.964986262115505866e+00 2.996326080527031621e+01 3.935264709237160474e+01 5.348359060230201578e+01 4.744093472520950883e+01 5.568550943769487560e+01 7.212475714053040576e+01 8.032171750172169311e+01 8.496704492884197180e+01 6.491132845029127907e+01 5.088438125158284464e+01 5.929530696752708963e+01 4.878911162007203473e+01 6.866487729464735423e+01 6.148798624387041656e+01 8.140706265372351425e+01 6.671778302059485100e+01 8.335533997150544394e+01 8.820187628631629195e+01 6.811907642855499034e+01 5.401341729257582358e+01 4.404377564700467218e+01 5.857392041630187407e+01 5.503364061872615309e+01 3.920540952759446895e+01 5.925851585215617945e+01 6.949471032534864889e+01 6.135322792248874890e+01 5.077505974691474222e+01 3.055654860057246935e+01 4.466343625459128219e+01 2.583392388523850869e+01 4.627507050703685820e+01 5.498554763579333837e+01
4.695337527364121244e-02 2.371906150150022707e+00 4.712729094072592773e+00 7.836204331777658183e+00 1.108063275260879088e+01 2.522134523835284980e+01 4.015877375232220459e+01 2.747727966383090248e+01 4.744093472520950883e+01 5.228218015576891986e+01 7.158047813466731668e+01 8.275302381949117603e+01 7.912916147960251578e+01 6.491133213672318902e+01 7.699340190040184950e+01 5.761853516602081982e+01 7.699898660582510956e+01 7.557809375666865037e+01 7.775805947730600565e+01 8.663487022913385260e+01 9.483355638093294715e+01 9.061993004492116199e+01 7.066320059380545615e+01 5.069551299766796149e+01 5.814486920039817619e+01 7.234006112119580223e+01 5.925855285346064960e+01 5.339791578613418466e+01 6.758443229126544338e+01 6.135322792248874890e+01 4.157459500372735306e+01 3.691323693742249645e+01 5.056385782683727825e+01 4.684049425578058390e+01 2.677965189972917059e+01 3.679173341230343652e+01 5.682463617933041888e+01
7.614146464036156137e-02 2.007614146459068749e+01 2.471149984289855084e+01 2.197756211836881945e+01 3.107561382514013815e+01 1.600429149864612555e+01 2.017457573898553846e+01 4.015877441827753813e+01 3.600268056118763838e+01 4.355469223541384594e+01 5.505389621959859170e+01 7.453077700750220913e+01 7.942290204540140053e+01 8.496768071361050545e+01 8.595851234869475377e+01 7.170753970683813350e+01 8.596264195928422680e+01 9.547943841964401201e+01 9.764326485857662874e+01 1.058195182864566704e+02 9.647728940819671095e+01 7.633232190646762660e+01 6.219377703457389117e+01 5.698549887529041769e+01 7.698879973883933303e+01 8.653525304199347090e+01 7.930431086914448713e+01 7.340738234554673625e+01 6.868887731183841083e+01 4.911645222411705447e+01 6.135322792248874890e+01 5.684428042398344161e+01 4.858345273869245062e+01 2.813604351224998013e+01 4.668751485625776354e+01 5.411520402514771177e+01 5.592341021194390294e+01
2.352828262072655108e-02 1.416566390635180106e+01 3.416566390647106743e+01 4.197013427696614940e+01 3.599445781604571692e+01 3.599454885066874255e+01 2.755002209216717191e+01 3.282027222253977783e+01 4.694507852204084486e+01 6.341382809796004949e+01 7.158047813466731668e+01 7.290453780343224821e+01 5.848440843762763564e+01 7.290457176845870890e+01 8.398268096839628072e+01 9.183108669706619764e+01 8.866459761582619592e+01 8.038697062340990840e+01 8.866459761582619592e+01 9.834175804253631270e+01 9.249241996511307207e+01 9.061992992202934261e+01 8.223264743184397219e+01 6.511969645014323760e+01 7.698879973883933303e+01 9.714069588688052193e+01 9.464404398233749305e+01 7.691103773216704553e+01 5.751981127952620909e+01 6.868887731183841083e+01 7.471802392758043254e+01 5.554745636514432761e+01 3.565730781874192701e+01 2.910049617019512169e+01 4.923578004857528612e+01 5.158626213123385185e+01 5.476518312714419068e+01
6.786455232800275850e-02 1.421000017605907750e+01 3.421000017605977916e+01 4.512096093051234647e+01 5.596563357783524850e+01 5.578868667938667869e+01 3.754583449315668275e+01 5.278741558756031793e+01 6.106166303262436656e+01 7.514753132570824334e+01 6.736327687768465466e+01 5.897174270185251999e+01 4.388667013231730607e+01 5.520932652422859377e+01 7.276819952079259224e+01 8.449161305427354307e+01 7.871906747513787650e+01 6.053439039592273474e+01 7.871906747513787650e+01 7.841311695624689548e+01 7.258128324857023017e+01 8.667115372978662435e+01 9.357363686259773772e+01 7.666476835669597278e+01 9.357363686259773772e+01 9.769878693075874310e+01 7.840318559042735558e+01 6.726360916159141823e+01 7.691103773216704553e+01 7.930097921744230405e+01 5.792392179330053636e+01 4.635285579148426649e+01 5.554270239362463712e+01 4.941296838733389762e+01 3.048744224756332599e+01 3.253412957762353841e+01 3.448609411818957682e+01
3.257643153035955086e-02 7.591930422711104853e+00 1.653796623178889647e+01 3.072802875240470399e+01 5.102142782454416903e+01 6.577378085946459407e+01 5.751273418853497787e+01 6.577424642507709507e+01 6.543979443921824668e+01 6.104502345369172644e+01 5.264686317257717008e+01 3.851252876087229282e+01 3.471279623923424396e+01 4.388620161909565098e+01 5.577523185360644931e+01 7.611021612615658682e+01 7.046068050966644591e+01 5.073999044095663891e+01 7.046068050966644591e+01 7.841309726877227604e+01 5.856555282713578237e+01 7.841311397201813804e+01 9.112810246038431217e+01 9.680556290025835153e+01 1.052390304604361546e+02 1.058485788697151264e+02 9.464404398233749305e+01 8.655846630274277231e+01 9.464404398233749305e+01 8.911538757196861127e+01 7.569513535640712121e+01 6.672798512822519967e+01 6.708253476163375240e+01 4.706368649361018441e+01 5.073828892753196129e+01 3.203877932541827533e+01 5.221844626182536331e+01
1.880098487986705744e-02 2.001880098487951187e+01 3.593007678111633396e+01 4.499006057480968934e+01 4.391176465355378156e+01 5.300101360701120257e+01 5.836931821196746029e+01 5.893127886585082820e+01 4.436824408149962551e+01 4.933253322602267588e+01 3.235539877856822244e+01 2.699431864244127510e+01 3.692428323710176841e+01 5.143249589855081894e+01 7.178954253739374280e+01 7.581693115154523355e+01 6.388708623008797360e+01 4.424627898999243314e+01 6.159899233999853152e+01 6.541067550206885528e+01 5.160922410706572805e+01 6.299886111741214734e+01 8.286655146432821084e+01 9.565716941082311564e+01 1.056107840605349111e+02 1.128263673604209032e+02 1.011478057118480223e+02 9.272237905314189277e+01 9.533715430942510238e+01 9.104543920545526703e+01 8.951015207124932260e+01 8.111002102329896957e+01 7.539483024989787907e+01 6.504342808466820713e+01 5.327260969559223724e+01 3.313392723447594790e+01 5.327261393097298026e+01
2.900726248362994752e-02 1.413307559090654841e+01 3.342116111110498622e+01 3.922210696843156796e+01 2.234183021356138354e+01 4.014404187775198096e+01 4.007242690299307952e+01 4.525806307836605669e+01 3.000393099381393824e+01 3.584957896703200930e+01 2.119123335175939360e+01 3.498411129138038689e+01 5.529002228050526213e+01 6.579089769798747511e+01 7.519964648961197895e+01 6.173293054955681924e+01 4.786736323801142134e+01 3.834610084906802996e+01 4.198757060452430778e+01 4.573300990277776634e+01 6.541067550206672365e+01 6.045152689912767130e+01 6.749775969910547246e+01 7.745771039601915220e+01 9.735505382052976131e+01 1.043370492010077442e+02 8.421985039178086652e+01 7.259724071802787648e+01 7.520719703632542519e+01 7.086811789888714941e+01 7.301371996994497238e+01 6.091980678487998091e+01 6.897432967240014534e+01 5.675440538734656570e+01 3.705451225327737319e+01 4.546916790756138482e+01 3.481372712781456613e+01
5.081304048347550645e-02 2.005081304048312063e+01 2.257277470937347630e+01 2.380054499327611950e+01 1.192391155013348225e+01 3.105459996500153963e+01 2.642184597053875805e+01 2.448857308871322758e+01 3.168017904379214755e+01 1.627051969991948965e+01 3.572245587783856280e+01 4.088140891114647246e+01 6.092405542435526655e+01 5.433279849221314350e+01 6.245024008959008199e+01 4.784675063470405831e+01 3.397743022142119429e+01 5.363874051500924622e+01 6.124161894282383400e+01 6.539932855452478577e+01 7.301196381030261762e+01 8.016776873255126645e+01 8.740638210827438570e+01 9.565716941082311564e+01 1.056107840605349111e+02 1.097576854523879035e+02 9.809947045472277694e+01 8.110312501795925755e+01 6.081609953325671825e+01 5.650813416247145682e+01 5.287234529552270601e+01 4.949905331532492880e+01 6.063894378037248600e+01 4.101284943532631644e+01 5.673901787994633139e+01 5.532020315004557176e+01 3.600194897503551772e+01
4.469920835086939326e-02 1.280303334781299318e+00 2.518272255961642614e+00 3.768272255961639949e+00 5.025661608322702811e+00 2.503057715215683032e+01 2.824386719779655408e+01 1.024419556012352572e+01 1.168055506222266793e+01 1.329308772405306094e+01 3.329077495125491737e+01 4.387669979905305695e+01 5.092827340792401003e+01 3.419508332974558584e+01 4.481737106201642007e+01 4.709354053027345799e+01 3.110131221005668323e+01 4.912296637588846693e+01 4.149339706793684002e+01 6.176080119701030213e+01 5.593853658690058950e+01 7.466684537794161258e+01 8.527112050385262876e+01 9.303695825744641468e+01 1.021030183048769402e+02 1.012871020128560815e+02 8.120100739644630039e+01 6.955145223974621160e+01 8.110312501795925755e+01 6.667970439347476486e+01 7.301371996994497238e+01 6.474995994285416145e+01 4.503438888225304737e+01 6.063689784265586979e+01 6.873156683043559667e+01 5.717929080906760220e+01 3.719590187434722139e+01
2.324776005098762310e-02 1.993467012306921049e+01 1.402321820521142115e+01 2.370450785095774648e+01 2.502376010695035191e+01 6.840114744274997882e+00 8.243884614543196321e+00 2.824449288612862929e+01 3.168017904379214755e+01 3.329077495125491737e+01 1.559672293680065280e+01 3.559130021417254852e+01 3.960817159237732454e+01 2.265135864987664149e+01 2.485922595732115781e+01 2.710809742803420619e+01 3.103070937854323574e+01 3.512052555630943118e+01 5.361085165689932808e+01 4.839074214449129130e+01 6.411240536839949300e+01 6.336846343835750872e+01 6.870266628453198621e+01 7.646032815214638845e+01 9.408191285555872696e+01 1.039145506520387841e+02 8.379847422731936035e+01 8.379847632260459989e+01 8.687598169754247124e+01 8.687598169754245703e+01 7.155317803960706158e+01 5.736203575282151945e+01 5.886023450695203962e+01 7.307285445854461159e+01 7.252306344706717312e+01 5.248718357127414436e+01 3.839173221008390868e+01
8.699724428260374731e-02 2.008699723864774001e+01 3.346917884305908331e+01 3.918536338104064498e+01 3.491505722841930748e+01 1.837417231132512185e+01 1.162230756959796452e+01 3.155991356200918929e+01 4.495414997437656979e+01 4.344146468470676581e+01 3.356513650807347204e+01 1.793944303538823348e+01 1.961885060260504332e+01 3.960761092690990637e+01 4.484496973440407430e+01 4.679597729116866844e+01 5.223780856098622394e+01 5.673318556747016572e+01 6.296290858613198083e+01 6.752604811279989860e+01 7.418057527139190199e+01 7.974830243074569580e+01 8.527112050385262876e+01 9.303695825744641468e+01 1.021030183048769402e+02 1.123979614673200444e+02 1.039144350515122426e+02 1.039151585868971921e+02 1.070719168487878505e+02 1.001657454590900613e+02 8.585949358434532996e+01 7.746279968899365542e+01 7.896901587725793092e+01 7.882780177895827478e+01 6.875575149542753195e+01 5.961414472199478354e+01 3.970366733222593325e+01
2.249585233037712170e-02 8.978148440750121750e+00 2.076182986870177061e+01 4.176629745209867650e+01 3.792655060428965186e+01 3.151313122468114258e+01 3.155991356200918929e+01 1.678832574779623243e+01 3.670686540520593155e+01 5.044167048348364801e+01 4.539838422913013005e+01 3.207578310060549143e+01 3.960773814719330232e+01 2.357913448404323731e+01 2.673995599289673564e+01 4.672512315997304455e+01 5.961206586148582431e+01 7.558229115421464428e+01 6.730817141024547823e+01 7.265099530767565739e+01 7.842719931543183520e+01 8.510292499432117097e+01 9.336125593556498359e+01 1.033289861369113254e+02 1.041882543558986072e+02 9.587330555600800608e+01 1.042001679194072636e+02 1.179660548044125221e+02 1.066913280109909579e+02 9.850907674347915588e+01 9.132949800160474751e+01 9.424705489880069820e+01 8.061016167261382748e+01 7.135619788666078023e+01 5.287588582662038306e+01 4.157799833982543447e+01 4.598538852092494267e+01
2.739267172789772165e-03 2.000273926717154538e+01 3.789622728539469421e+01 5.125313762347636981e+01 5.675632247334210945e+01 5.140517290866008437e+01 4.495414997437723770e+01 3.670686540520593155e+01 2.244507712485285822e+01 4.233928663364913803e+01 5.784722738172280287e+01 5.206430395809090328e+01 3.300124327315621997e+01 4.356645941970021596e+01 4.672636514930988483e+01 3.138711660415777516e+01 5.137208356908709561e+01 6.045103020685133544e+01 4.731838880221867072e+01 5.265470878022095036e+01 5.841771301724335785e+01 6.507558172989881484e+01 7.508235861012627765e+01 9.511584130550117777e+01 9.414986405908435074e+01 7.579885902550792309e+01 9.415488909364249537e+01 1.096563741312937736e+02 9.034868843370625768e+01 7.951369677177687834e+01 7.233128979244578716e+01 8.237365680379487287e+01 6.697326844640284094e+01 5.308860147125512441e+01 6.279647325020234661e+01 4.290351787601730393e+01 6.279646267084957145e+01
8.327778614586213435e-02 2.008327778614550851e+01 3.186883824899454254e+01 3.893990606086049411e+01 4.722417730832673755e+01 5.877118269212490276e+01 5.856209122585974569e+01 3.869321586207865948e+01 3.241455463108187729e+01 2.973525688954934409e+01 4.959068145543069051e+01 4.453721734183712044e+01 5.298791147816297098e+01 6.127293546247749134e+01 5.965634220960081535e+01 4.292370538163421401e+01 3.654780550735494415e+01 4.046713897339729726e+01 5.045370834198696031e+01 7.044292899280439713e+01 7.842719931543183520e+01 8.510292499432117097e+01 9.336125593556498359e+01 1.033289861369113254e+02 8.583564986316613954e+01 6.575010655166177287e+01 8.583564986316613954e+01 1.016492771939936830e+02 1.066913280109909579e+02 9.585113724240447652e+01 7.679110161950481483e+01 6.317298913738444099e+01 5.883410456733753335e+01 6.787484322892663613e+01 4.780455080315940819e+01 4.422553885795898765e+01 6.415341510998875663e+01
6.510866554257997707e-02 5.838611357438861837e+00 1.186883824899418727e+01 1.893990606085978712e+01 3.048691144465250602e+01 5.048691144465320946e+01 6.684331266518940140e+01 5.226204216306231132e+01 5.226204216306231132e+01 3.548463256989743542e+01 5.531212744759915267e+01 6.453141718669643012e+01 5.866924096903238706e+01 7.868396251640179173e+01 7.120015402303256735e+01 6.291483722487156882e+01 4.808189998001378740e+01 5.459283549263467705e+01 6.854245632230238527e+01 7.043643425927184865e+01 9.036872261916531102e+01 8.479144418175988562e+01 7.651503949245444858e+01 8.479144418175988562e+01 7.914031802758606204e+01 5.910136000349737628e+01 7.326013072612070687e+01 9.086510922815482161e+01 1.024549281661999771e+02 9.441143990795509922e+01 7.537796559729750356e+01 7.433592363768912037e+01 7.258846088131535623e+01 7.407617275882523700e+01 5.410837236741897271e+01 6.415328707559288546e+01 4.627815703579327788e+01
8.953482861371392376e-02 2.008953482861335971e+01 3.186883824899454254e+01 3.893990606086049411e+01 4.722417730832268745e+01 5.144192822500420448e+01 5.972619947246639782e+01 7.217147114228512805e+01 6.280761325927490191e+01 4.297642184596774939e+01 5.165870997891536831e+01 7.156797100061261574e+01 7.868396251640179173e+01 8.696210608930520891e+01 8.168320435062125284e+01 7.635745735945307899e+01 6.807592723473869967e+01 7.459396802367251667e+01 7.644832104778518556e+01 6.814337998678810493e+01 7.656688593967295731e+01 7.493868797581646390e+01 5.692364127535840623e+01 6.985436331543674271e+01 6.714577507957575619e+01 5.374325186650263930e+01 6.249607435522812438e+01 7.406702511030677272e+01 9.414163110008624358e+01 1.025430768887323438e+02 8.876338077896309642e+01 8.771539086630079396e+01 9.169190229616526722e+01 8.243538627704670319e+01 6.301406207979664487e+01 6.774178782699881651e+01 4.773851486442033121e+01
