MOVIE_S10_data/elevation_000766.asc
nrows	100
cellsize	150.0
xllcorner	0
ncols	100
yllcorner	0
NODATA_value	-9999
[rows 51 to 67 of 100, columns 0 to 36 of 100]
6.455108993161302877e-02 1.793906621205383090e+01 2.079347390736263890e+01 3.228841942650370100e+01 3.553028034536316682e+01 4.260439753167695898e+01 3.288643844785987369e+01 1.405923594080847394e+01 2.779072481115347415e+01 1.830648998279434636e+01 3.047042963629281687e+01 4.510012081798474526e+01 3.511949955197527373e+01 9.724282580586958602e+00 9.458307305709080737e+00 2.794392197821063917e+01 3.099477602026475154e+01 2.520749619816210085e+01 2.907983616095167179e+01 1.384933585685837265e+01 2.520926713152389453e+01 3.653835172523324104e+01 4.334318361065876957e+01 3.757983832871993712e+01 5.344123144769683620e+01 3.965226142787866337e+01 4.831461201486364843e+01 4.007302094545822513e+01 2.162172314517362892e+01 4.159371620872011732e+01 3.736502416418007755e+01 5.700001027513570762e+01 6.046526863657947359e+01 6.880480832099362942e+01 8.533069664796265386e+01 7.707317072583035156e+01 8.533069664797011455e+01
3.995603441288197999e-02 6.125543687267499537e-01 2.071957217562672326e+01 1.234856872171862818e+01 1.940731777004468483e+01 2.731183593029162893e+01 2.414463816349459790e+01 2.204871157429298734e+01 8.654028488479836412e+00 2.568668160851813553e+01 2.661520954534573136e+01 2.332733004683131384e+01 2.783026374165558892e+01 8.618973554947245930e+00 2.869486972170579975e+01 1.032485265596476687e+01 1.094970521317687862e+01 1.158255866635787967e+01 1.221649455719144761e+01 1.290660010754482023e+01 2.888958051458140375e+01 3.415916534435754670e+01 2.337798722951567143e+01 3.601823314394744102e+01 3.672549856553194303e+01 2.682775478298369265e+01 3.854254615851657917e+01 2.016403066156200197e+01 4.000731419334804428e+01 4.988269933491856989e+01 5.736817315616126223e+01 6.553246199752865664e+01 7.326012907331937640e+01 8.153808735052619738e+01 8.253881986588352504e+01 7.420158232211392146e+01 8.253880930128116233e+01
4.804567899273937126e-02 1.733863431894227247e+01 1.423661474380562009e+00 1.997745652804429728e+00 2.019965521584647661e+01 3.632575302858739086e+00 4.211998937734493076e+00 4.792076681017944928e+00 5.378658674533691730e+00 5.975110763450986795e+00 6.572107227413038544e+00 7.169162814759562075e+00 7.765797359816125400e+00 2.173130617498872752e+01 3.580466521214584219e+01 3.095431403273757454e+01 1.921739390965351291e+01 3.083243926128671220e+01 2.826797947508845255e+01 1.444474663585168095e+01 1.386520478324200134e+01 1.453519550113902348e+01 1.520479194600880390e+01 1.588242756689457558e+01 1.657528115245553124e+01 1.762866677858436759e+01 1.868738136820117646e+01 3.838296362128788530e+01 4.826863431296862927e+01 5.015991752589810204e+01 5.892883931768705708e+01 5.912943812193854143e+01 5.327631428417381443e+01 7.326012907331937640e+01 7.250572515148226671e+01 5.416097942376526930e+01 6.867275709204881196e+01
9.707512844716031930e-02 1.983211378806052494e+01 1.863196282609852616e+01 4.443696294184771745e+00 2.813656429440576368e+00 9.785183642201953802e+00 2.361233390992501313e+01 8.853000153869848177e+00 2.569518331365707908e+01 2.030254882248930315e+01 2.242988174637159204e+01 2.202322842000636172e+01 1.142504316411232423e+01 3.103380229569193460e+01 4.852855118687007518e+01 3.930143031197923165e+01 3.355426031435291634e+01 4.453661244659181762e+01 3.631668010427317483e+01 1.651278158499371784e+01 3.461524592352304097e+01 2.887323424670309535e+01 3.533581449407255803e+01 2.059930870069349140e+01 3.475515817207663360e+01 1.789411389836748256e+01 1.882291522076396717e+01 3.868949520495881700e+01 4.096489975180100629e+01 3.155258731165186603e+01 4.765223182580366768e+01 3.906483148267322747e+01 5.912943812193854143e+01 6.687144298686693844e+01 5.852185822692304384e+01 4.377592934264389868e+01 4.858624678413721654e+01
5.001202446392439237e-03 1.964824100198100965e+01 3.327627687142751967e+01 1.543853607345544532e+01 2.370175758282884360e+01 9.729132679068019485e+00 2.954947098681449447e+01 1.299126907823582577e+01 3.235932575778160469e+01 4.147460283934412217e+01 4.212678422514713361e+01 3.421501714752992740e+01 1.504641436967171941e+01 2.888649186083039666e+01 4.900878954163460577e+01 5.876675643886350997e+01 5.314623419829738538e+01 5.078838761061920337e+01 3.918213704870113645e+01 1.881994964561875960e+01 3.918213559089620901e+01 5.020254886503109049e+01 4.618297350644623833e+01 2.548343374282611506e+01 4.517571244837046862e+01 4.465364131691553240e+01 3.865283399599447733e+01 2.011210449182024007e+01 2.101354624470265264e+01 2.379910686145109011e+01 2.846532780935658735e+01 4.840445474414985938e+01 6.173870837937407430e+01 5.334444063820605919e+01 3.750844209746889391e+01 5.852185822692304384e+01 6.867275727307273314e+01
5.279685921607564503e-02 1.428106190332846026e+01 3.484653033654505805e+01 2.927817438124557725e+01 2.971379453480713551e+01 2.979454521378242049e+01 3.578487655860217842e+01 1.728677913710916059e+01 3.649981838411976298e+01 5.166374303793122635e+01 5.335255157885251975e+01 3.322375097370915142e+01 1.895624279636703235e+01 3.911639025083152177e+01 5.504202394319555935e+01 6.510162125279531153e+01 5.675122673492188596e+01 3.655680515687839005e+01 2.217902331884044642e+01 3.918213704870120040e+01 2.974717121062388614e+01 4.992741546634577787e+01 5.485827957801240018e+01 4.618308534827563960e+01 3.378650374701607717e+01 5.473007992383622167e+01 4.001490679348456325e+01 3.411104268645726734e+01 4.096489978145503841e+01 2.224452048732100806e+01 2.310559519392348093e+01 4.327874341824230697e+01 5.284066777921593427e+01 3.214952419566697728e+01 5.334110193926643007e+01 5.481468886509750860e+01 6.909258955092182930e+01
5.738623160518319517e-05 1.414221862110973404e+01 3.414538859708952856e+01 4.999226457697561443e+01 5.138810635769903712e+01 5.725224175582744124e+01 4.460473100992712148e+01 2.835759408910663737e+01 2.432278579837236165e+01 4.350359323325612593e+01 6.036837878527555290e+01 4.740579007953413537e+01 3.059187955141033299e+01 2.650323984371923558e+01 3.678644060206427469e+01 5.680424026100631352e+01 6.453582220598494246e+01 4.486631135294502570e+01 2.456847301733110100e+01 4.486631135294502570e+01 4.992741546634577787e+01 4.408041718402456866e+01 6.404331807738016380e+01 6.141899661535663313e+01 4.028976077776859910e+01 6.141899659520895227e+01 6.016327349335549712e+01 5.427882912680234995e+01 5.798561742795975249e+01 4.567547430083813964e+01 2.591384117273868881e+01 2.447993693973761964e+01 4.475974451567025625e+01 2.943521862193728111e+01 4.966677034124900558e+01 5.858637764389832370e+01 7.781504348690971540e+01
4.532054705376769438e-02 1.418745617078459276e+01 3.418745617078388221e+01 5.011179690857199631e+01 4.818560993707494333e+01 5.646988118453713668e+01 5.581359744152003088e+01 4.762230361441856985e+01 3.780245697573212738e+01 3.280955465743528521e+01 5.214197783952136689e+01 5.900746854079781656e+01 5.076263021409239684e+01 3.381467281975063344e+01 5.387691620600590880e+01 6.504002860751630521e+01 5.049332679804067681e+01 3.612452946288177458e+01 2.699995962476872435e+01 4.731153280561481012e+01 5.960975796850585340e+01 6.404331806612007938e+01 7.221490824230173189e+01 6.945206796467066113e+01 4.819911834227567482e+01 6.945206796467066113e+01 7.483939579230111860e+01 6.321170360668207877e+01 5.040986794408848937e+01 3.015305904945638815e+01 4.617975172151167129e+01 4.471881786738016729e+01 2.592714480287681056e+01 2.703781199009941005e+01 3.878152039670706586e+01 5.710226599588183660e+01 6.913315414258053693e+01
9.001595176218035732e-02 2.009001595176182420e+01 2.182752566110909598e+01 3.185567831851978227e+01 2.818560993707423634e+01 4.274790511902109813e+01 5.030719457920577753e+01 5.859146582666811298e+01 5.726735370710766659e+01 4.386072476226255645e+01 4.639404878571301083e+01 6.606412143428893557e+01 6.211780806862941517e+01 4.396064012221220452e+01 6.211780806862941517e+01 7.846353632587400284e+01 6.455563347416047293e+01 5.342559094279307175e+01 3.314296729550837739e+01 3.102356021660269647e+01 5.133349954151974259e+01 6.582462132694884360e+01 7.992770245960605280e+01 7.806157000006449209e+01 6.327678610619106081e+01 7.806157000006449209e+01 6.650801322245470715e+01 4.635750548737451027e+01 3.466138703260232745e+01 5.040986800472203555e+01 5.874339169435099706e+01 4.624619217477825828e+01 4.048016018385790460e+01 4.733247807592471901e+01 2.863775861721236282e+01 4.358984258546063728e+01 6.088336761680512410e+01
5.674351268809080251e-02 3.836388242780371272e+00 7.685390037377892725e+00 1.185567831851942522e+01 1.720090315676800685e+01 2.274790511902039469e+01 3.030719457920507409e+01 4.185419996299799550e+01 6.185419996299869894e+01 5.766587927499803357e+01 6.606466868268533688e+01 7.437494584045063561e+01 7.204829296500582814e+01 6.379319228979959178e+01 7.204829296500582814e+01 7.500345518200121830e+01 5.506022874929679034e+01 4.336670146534890335e+01 5.342796060987144102e+01 3.495957369974799178e+01 3.734430244834562274e+01 5.172158308339383126e+01 6.468210093058306143e+01 8.455127540184052748e+01 8.436098919394387963e+01 7.622683708628926524e+01 5.999522364116477746e+01 3.983338762238363984e+01 5.487411217155964493e+01 4.897297027884857812e+01 6.912072896243677178e+01 6.641053511532516040e+01 6.051479208501658746e+01 5.006995579621896297e+01 2.978296196288461672e+01 5.006995579620883774e+01 5.551303201061526948e+01
9.518805923843161321e-02 2.009518805923807605e+01 2.768539003737824800e+01 3.185567831851978227e+01 2.818560993707423634e+01 4.274790511902109813e+01 3.907783673757549536e+01 5.859146582666811298e+01 7.013847121046190125e+01 7.753458323396031915e+01 7.458803627581389151e+01 6.626916487107966702e+01 7.106399827835491578e+01 7.938846160661896079e+01 8.844021474328079080e+01 8.321447433860109300e+01 7.172055170746781982e+01 5.506022875426798180e+01 5.919936267079177128e+01 3.898768448395755115e+01 5.757764433842899621e+01 4.458766319875249451e+01 5.885550296803513248e+01 7.874875275426180110e+01 8.213487542023922572e+01 6.199727927329937671e+01 4.775375414130592588e+01 4.488927100242526080e+01 5.913193536362926039e+01 6.912072896243719811e+01 7.745045699325955013e+01 7.544952542817803476e+01 5.499754432037396867e+01 3.025658743350518165e+01 3.105176575749763401e+01 5.121356273238021117e+01 3.533388335036325856e+01
9.062254805971975413e-02 2.009062254805936476e+01 3.647985086581447689e+01 4.647982105896201688e+01 4.818560993707494333e+01 5.646988118453713668e+01 5.907783673757619880e+01 6.736210798504554020e+01 8.013808374296735337e+01 6.840247907840367247e+01 6.008872544297629759e+01 4.624225220320264640e+01 5.103038489993087268e+01 6.005723493655673195e+01 7.347364724167674410e+01 8.179848446205166113e+01 8.321498398370221139e+01 7.500348291123749789e+01 6.330723333153054710e+01 4.318348288507420563e+01 6.330723333153054710e+01 6.468210093058306143e+01 5.366309661259896302e+01 7.359666268492307495e+01 7.796693141642496983e+01 5.782395783945901968e+01 6.789544462794198409e+01 5.047593962269872492e+01 7.061653817076398809e+01 8.759483345059406645e+01 8.514176720104272533e+01 7.677752755975835441e+01 6.934105789653375496e+01 5.295592212354073069e+01 3.273550413126029923e+01 3.313364441530849547e+01 5.334174011456906328e+01
3.063233560239582431e-02 8.195598144879586044e+00 1.819559814487940841e+01 3.233773376687628343e+01 5.233773160721414541e+01 6.629219440549417186e+01 6.093141023714188975e+01 6.926441102436331221e+01 6.008872544297630469e+01 5.683532683839922584e+01 4.006885831330984615e+01 3.469288977841143407e+01 4.003707246546311183e+01 4.636322751516195950e+01 5.343912808905764678e+01 6.500064121695258734e+01 8.504798871786879033e+01 8.170693544574338318e+01 6.186454246789531197e+01 4.765491897579056513e+01 6.767624481613874821e+01 8.061291768728432316e+01 6.076795172446978910e+01 8.061291768728432316e+01 8.629170595514551678e+01 6.683502900355740906e+01 7.669096997506167668e+01 5.654435886560469271e+01 7.669096997506167668e+01 9.106332758622895085e+01 7.086015543944598960e+01 5.659285200159978757e+01 5.022630473442497134e+01 5.478768716794729698e+01 3.459972645800487356e+01 5.334174011458254228e+01 4.744239125657444589e+01
5.666595628964066211e-02 2.005666595628928661e+01 3.233985626886565257e+01 4.136517518034282404e+01 3.805623237158612682e+01 5.217421338755544724e+01 4.053410520724862209e+01 4.943837042220406630e+01 5.170277561691920454e+01 4.006885831330984615e+01 2.852778071378113722e+01 4.853024976652289268e+01 6.005723493655672485e+01 6.639037506636245212e+01 7.347364724167674410e+01 8.179848446205166113e+01 9.338728205702155094e+01 8.650998784097737371e+01 6.670649549005186429e+01 5.258989791540407310e+01 7.250680410846203472e+01 8.881322953881742421e+01 7.224358789290573668e+01 8.881322953881742421e+01 9.528993837922406840e+01 7.847340359171609236e+01 8.381464381040011347e+01 6.366585150668423410e+01 8.381464381040011347e+01 9.106332758622895085e+01 7.086015543944598960e+01 7.677752755956787212e+01 6.179479434430637497e+01 4.164859605407605159e+01 3.643883342200277298e+01 5.659006841933123155e+01 6.758402813675552068e+01
2.110006612196471329e-02 2.002109736584220556e+01 7.037524915764150180e+00 2.944778986976174551e+01 2.401788549293001296e+01 4.389946133988171795e+01 2.829959228575075869e+01 2.944872085927179484e+01 3.170410172146767636e+01 3.988142358737896132e+01 2.489074855593294799e+01 4.487831526452762887e+01 5.473016891895927216e+01 5.973512151614741583e+01 6.528932458962091800e+01 7.162423890374758173e+01 7.994736895252898989e+01 8.892021085621941268e+01 8.070760090227885541e+01 6.413606195277107247e+01 6.203578516548661526e+01 8.184491966403558649e+01 9.204563479905547752e+01 1.002445913186505067e+02 1.068916312309572021e+02 9.858326155884543596e+01 8.381464381040011347e+01 7.792313525340686908e+01 9.213474563085357261e+01 9.942337896381955886e+01 9.106332758622895085e+01 8.194172749714496717e+01 6.178466160149994835e+01 5.852750596968756014e+01 3.839155815137171146e+01 5.852750596968758856e+01 7.479866508440562711e+01
9.367352646185668485e-02 1.875415139211354720e+00 3.692811884751963536e+00 1.159057062330996501e+01 2.826145230045352719e+01 3.022152693489591968e+01 1.862826286144104060e+01 1.536306878122968733e+01 1.761925278060856570e+01 1.992535813253364907e+01 3.988142358562214440e+01 4.805891857882081553e+01 3.471641790023230811e+01 3.971531112739486957e+01 4.526336061387255683e+01 5.159148088910396979e+01 6.054559335595210712e+01 8.058705142657041165e+01 9.214027162797572146e+01 8.394145054166511954e+01 7.348122197479861484e+01 7.604791613918226290e+01 9.584012419486097656e+01 1.105809402360976179e+02 1.023262184192495567e+02 1.105809402360976179e+02 1.039135596996239457e+02 9.803800367152982176e+01 1.012313391993300513e+02 9.232467798946629500e+01 8.404077309806767460e+01 7.699679288892281193e+01 6.496883256858254185e+01 4.491574554568590116e+01 4.056228915874068264e+01 6.070144111429559786e+01 5.462282750709916712e+01
3.648181865326004941e-02 2.003648181865290567e+01 2.367026899200913448e+01 6.347852690933839526e+00 8.275005443302900332e+00 1.022923877520070945e+01 1.221911592680848635e+01 3.222110163745323774e+01 3.756157769070701136e+01 3.988142358680278221e+01 2.448048127662369211e+01 2.805742052984707868e+01 4.805891857938362222e+01 5.973512151614741583e+01 6.528932458962091800e+01 7.162423890374758173e+01 7.994736895252898989e+01 8.058705142657042586e+01 1.006744714359488313e+02 1.014697964545643742e+02 9.326994317710637006e+01 9.584012419486097656e+01 1.040391014021766267e+02 1.005959234056105771e+02 8.233904779170082122e+01 9.688863204383058303e+01 1.051479301851799590e+02 1.070033143046537703e+02 8.708586136907977959e+01 7.306600342868932785e+01 6.411738840834708242e+01 5.700983731439151114e+01 5.181458770706539241e+01 5.004071035415353919e+01 6.070144570218473490e+01 4.386342785077354023e+01 6.401422690132211812e+01
