MOVIE_S10_data/elevation_000962.asc
nrows	100
cellsize	150.0
xllcorner	0
ncols	100
yllcorner	0
NODATA_value	-9999
[rows 34 to 50 of 100, columns 0 to 36 of 100]
2.064481644892168788e-02 2.002064474083810452e+01 2.647855322752764806e+01 2.404839860341348157e+01 2.769996590002739367e+01 3.756213436423492880e+01 2.462857458964817425e+01 3.462863573068281653e+01 4.877364458639875266e+01 6.881237754180726540e+01 7.727533893850140601e+01 7.727533893850140601e+01 8.556449242028213575e+01 8.340097465036811286e+01 9.169203328276236675e+01 9.212245785358491901e+01 8.411789828194648067e+01 7.515960495705773781e+01 6.176397481487047258e+01 4.180878825550248479e+01 3.203278487879385494e+01 4.684904818911098801e+01 3.452343102671754593e+01 5.433840401068235337e+01 6.675074609083357302e+01 5.716773268598353042e+01 6.079596588945712199e+01 6.016806833157885848e+01 4.012690250943454373e+01 5.340440493672564060e+01 3.403892331733883481e+01 5.351867255241142374e+01 6.889579946315906511e+01 5.204099108734649093e+01 6.889579890731334899e+01 6.411304693339374694e+01 5.709742537621212932e+01
2.905961989428186565e-02 3.231622695996031247e+00 6.476051118611295898e+00 9.906022821461503369e+00 1.355750653816270201e+01 1.755750653816775042e+01 2.910458988786302115e+01 4.911535497259573901e+01 6.296442809978140076e+01 6.727420634664203192e+01 5.727307375478275731e+01 5.727307375478275731e+01 7.727533893850140601e+01 6.338867414377629927e+01 8.013723419763793743e+01 8.999398335115186853e+01 7.000648963051307305e+01 5.580363085596361117e+01 4.686059093593329550e+01 3.938932483057646294e+01 3.762931867339913339e+01 5.753370363315725200e+01 4.103438123036698215e+01 5.066835088661891007e+01 7.066826774167192582e+01 7.693975211322894836e+01 6.752467115096538919e+01 4.737778459705096878e+01 6.016806833155425238e+01 5.716466603145486403e+01 3.752554559245366050e+01 4.512690281965669925e+01 6.498204317408344366e+01 7.226922436518277948e+01 8.052390448215786023e+01 7.622134262850545383e+01 6.141199464274890119e+01
3.542675937824442400e-02 1.999999775442954331e+01 2.061784101619424803e+01 2.990904290064843707e+01 2.769996665619242648e+01 2.910458987569861122e+01 4.586581347659478070e+01 5.743041564594479098e+01 6.141750378726143111e+01 4.727304214812182437e+01 4.313089343248319807e+01 6.313160158800234711e+01 6.115139573567295628e+01 5.183747198245543331e+01 6.598533377657868471e+01 8.599786192274969210e+01 8.411789828196221208e+01 7.348327219574787250e+01 5.345324246649656885e+01 5.345324246649656885e+01 5.753370363315725200e+01 4.694600714707836886e+01 4.803608959034291104e+01 6.807537144594101619e+01 7.894189910728189830e+01 7.611439922529311275e+01 5.596970125908070059e+01 6.752467115096538919e+01 7.585979017824779191e+01 6.097674775592499685e+01 4.116338436293019498e+01 6.097674775592499685e+01 5.912460446491676436e+01 7.912315118605951625e+01 8.248908910257281946e+01 6.208519114645120140e+01 4.785847600976497773e+01
3.411803931810562102e-02 2.003411803931775026e+01 3.825441101298009983e+01 4.883228555406496696e+01 4.771171120520302367e+01 4.911523491491063709e+01 5.742785619274987141e+01 5.235778509050799556e+01 4.528646587612998076e+01 3.313090019413507292e+01 5.313124751024280101e+01 6.044141504892216687e+01 4.114558070206600604e+01 6.115139573567295628e+01 7.196958874428577246e+01 7.713639167250420314e+01 8.299837859495688974e+01 8.174117800646814658e+01 7.348327219574787250e+01 7.348327219574780145e+01 7.406945690175827224e+01 5.400577149910195374e+01 5.698732971540390935e+01 7.635382753763383334e+01 8.684979228905358184e+01 6.676571091058310969e+01 7.611439922529311275e+01 8.444559529962869249e+01 7.921596239129164019e+01 5.918344637553894927e+01 4.508610484397532758e+01 6.505083447245594641e+01 7.912315118605951625e+01 8.740081430621756908e+01 8.649900939746872552e+01 6.719478718048559074e+01 5.300784559950434272e+01
3.327314952832965272e-02 1.003329964224560378e+01 2.417762236783413599e+01 4.421439428909570069e+01 4.220130380643907841e+01 4.409840678090683497e+01 4.650009757539492483e+01 3.235732424515473582e+01 2.528625525910915073e+01 4.528646587612998076e+01 4.334603095611576151e+01 4.043567988601164842e+01 3.482090016445056335e+01 5.373755478163477761e+01 5.196041523100257820e+01 5.712544997837858318e+01 6.298651910265938625e+01 7.762457515195566771e+01 8.591537575316506548e+01 9.039792848078549525e+01 7.039971665670852019e+01 6.560612238467709290e+01 6.859045911251942584e+01 8.531035434220781610e+01 9.518833891476738529e+01 7.837729438479617272e+01 9.518833891476738529e+01 8.863328371880807310e+01 6.865612840586466348e+01 5.444710536037604243e+01 6.505083447245594641e+01 5.396060976608531234e+01 6.556826340647336337e+01 8.543082130432253507e+01 8.275013071636189466e+01 6.251400647877004246e+01 7.305790771694732655e+01
6.779948344387334846e-02 2.006779948344351894e+01 3.450530916751363719e+01 2.620611655354647240e+01 2.220096646549201580e+01 2.409927525972316076e+01 3.189072542725846304e+01 1.821518747322814136e+01 3.674185972458282379e+01 3.926313025125912759e+01 2.334398416172955848e+01 2.629282328857893702e+01 2.988492936227524766e+01 3.373393143834353225e+01 3.781641638886455326e+01 4.298041977119937940e+01 5.005183207529336187e+01 5.761253340865997785e+01 7.176259274326679360e+01 9.177665258540493198e+01 9.039792848078549525e+01 7.978981998643560303e+01 8.859597647450337377e+01 9.684537576125174496e+01 9.538598342290370624e+01 9.842343965977987352e+01 1.067862440490881113e+02 8.863328371883756063e+01 6.865612840586466348e+01 6.865612840586466348e+01 8.224881584540908364e+01 6.401536748075830019e+01 8.224881584540908364e+01 9.361609137279066317e+01 9.160685909554278794e+01 7.754857667255843978e+01 7.668147199886756482e+01
9.516927588586144779e-03 2.000951692758822986e+01 2.358292703725593142e+01 6.193833567334065648e+00 8.058843183814678568e+00 9.957159175319659994e+00 1.189063215341097113e+01 1.429834921512633450e+01 1.674173810225239833e+01 1.926150125564728910e+01 3.926313025125912048e+01 4.629522405260600237e+01 4.143235309513779896e+01 5.373755478163477761e+01 4.936438868238691668e+01 5.414912602096726602e+01 6.298651910265938625e+01 7.762457515195566771e+01 8.591537575316506548e+01 8.968866557988323507e+01 9.801152266775575583e+01 9.973144543629345549e+01 9.213493915601198125e+01 8.381060216762733717e+01 7.533683497178456889e+01 8.339576429474112729e+01 9.171622450221619260e+01 9.688000150482285733e+01 8.863328371883756063e+01 8.863328371883756063e+01 9.222101988782165449e+01 8.400921649986891282e+01 9.222101988782165449e+01 9.432089116749794755e+01 1.026560418567900257e+02 9.953476845859393052e+01 9.597983041081856470e+01
1.945935296826603253e-02 1.801200965717764113e+00 3.590055347717599599e+00 1.513696597860821846e+01 2.805506009926339317e+01 2.995675203673568276e+01 1.689063215340607726e+01 3.429845515219611229e+01 3.090382317312497662e+01 3.336025384918559666e+01 2.820569948902525681e+01 4.818791398130490933e+01 6.143828699919032488e+01 6.972780738911949072e+01 6.351140873106064078e+01 7.415878286933099162e+01 8.244933777114665929e+01 9.128960228306802094e+01 8.657503112993930472e+01 6.999795395244770191e+01 8.657503112993930472e+01 9.850776819693190589e+01 8.381060216762733717e+01 6.376512878753789693e+01 6.116444716937817105e+01 6.341885262126233869e+01 8.016387080719658798e+01 9.016657364084711901e+01 9.910907346686168751e+01 9.078446483584731652e+01 9.078446483584551174e+01 8.852387230021264486e+01 8.022882688973339782e+01 7.439170274404997940e+01 9.432089116749794755e+01 1.139642894691983486e+02 1.056000104603649561e+02
5.600688922766024203e-02 2.005600688922730512e+01 2.359005536018596416e+01 3.180931381680033354e+01 3.510763197744649489e+01 4.205454082899903767e+01 2.205460994818423970e+01 4.205463255490598584e+01 5.105813954022533352e+01 5.294098621674700667e+01 4.818789558698371422e+01 3.889462038704858315e+01 5.302166716491792187e+01 7.295394283392018053e+01 8.352367751213311919e+01 8.572622889064453489e+01 7.739267417025118334e+01 8.572622889064453489e+01 7.832022792124803345e+01 5.861851142859952546e+01 7.832022792124803345e+01 7.837895235668214866e+01 8.094653347077081662e+01 6.935824020547458701e+01 4.958106629064739224e+01 5.186273073854442828e+01 6.187465762537452463e+01 8.184952029958704145e+01 9.078446483584733073e+01 7.088283236453503378e+01 7.088283236453503378e+01 8.022882688973338361e+01 6.041651199213013967e+01 7.322411578218410000e+01 9.314539488622573060e+01 1.023443905822709752e+02 8.550146622244550088e+01
8.215197286175310309e-02 2.008215197286139642e+01 3.311849898783945179e+01 4.469103850421623036e+01 5.495036588450096815e+01 5.033850713297783841e+01 4.205463255490598584e+01 3.099888134656256966e+01 4.514099322087150057e+01 6.514117337968633592e+01 6.711206251516287580e+01 5.885969554388908875e+01 5.885969554388908875e+01 7.878415707316193561e+01 8.872695814312359630e+01 7.582052776760610868e+01 5.770867514461369296e+01 7.582052776760610868e+01 7.135461925476464273e+01 5.159679962159541589e+01 7.135461925476464273e+01 6.420439863780927681e+01 7.305466383080560888e+01 5.431025948032706907e+01 4.290422501136568911e+01 6.291810406346250772e+01 8.016387080719658798e+01 9.016657364084711901e+01 8.912268275306243481e+01 6.922153462171711169e+01 5.689427974684358702e+01 7.322411578218410000e+01 5.340981106116979760e+01 6.740410736809006664e+01 8.727485902861704403e+01 9.399611053440618491e+01 7.402392876565916424e+01
2.613274238814250472e-02 4.745208695716544689e+00 1.634421786948853494e+01 3.640111519636871407e+01 4.620053819365446657e+01 5.454209309779374593e+01 5.928267551666942126e+01 4.514099322087150057e+01 4.514099322087150057e+01 6.514117337968633592e+01 7.717755284742888477e+01 6.910430504475759506e+01 7.161529931649880609e+01 7.969910930463322529e+01 7.934961540480851738e+01 6.074776998228072245e+01 4.830915454717059276e+01 6.755067465743248079e+01 6.539389304125134572e+01 4.558615868352789846e+01 5.999271256748693304e+01 5.267265995870351247e+01 7.264511883240703582e+01 5.872948355511210394e+01 3.881403541738651342e+01 5.872948355511210394e+01 7.637823164987398172e+01 8.469179225703075531e+01 8.326235480658411348e+01 6.340563647421198112e+01 4.938251702389505482e+01 6.112228960323613336e+01 4.808511880400364902e+01 6.211476053930997665e+01 8.196417726211220156e+01 7.738644338044744586e+01 8.246516601390749202e+01
7.532853315450405152e-02 2.007532853315414911e+01 1.266914815748348211e+01 1.882242197748719192e+01 2.580224933927235043e+01 3.763632207401605712e+01 5.789947682675282437e+01 6.514117337968633592e+01 6.514117337968633592e+01 7.342435781246726378e+01 6.603484681577650406e+01 4.988360871604823643e+01 5.237058432691993204e+01 7.161529931649880609e+01 7.107426822959652668e+01 5.177520219413537461e+01 4.193380738255837770e+01 6.074776998228071534e+01 5.990173647157430281e+01 4.003724173693942845e+01 4.003748210967248866e+01 5.999271252895005802e+01 5.792892219370371265e+01 4.966075561263971849e+01 3.494462070174345314e+01 5.489859399928717920e+01 5.648303167920924750e+01 7.637823164987398172e+01 8.663436641373263569e+01 6.675305075565795221e+01 5.273747942532392585e+01 4.122443580781683181e+01 6.112228846559953865e+01 7.048547782729984590e+01 6.221378728138462577e+01 5.747963531266554327e+01 7.158392170436010815e+01
6.101047412966256744e-02 2.006101046744691274e+01 3.290737049073117504e+01 3.918204194218123604e+01 4.223571214772283611e+01 5.454209309755711388e+01 6.620541632791520215e+01 7.122073151597615492e+01 7.949573070474595227e+01 7.063164025065286467e+01 5.800723084536518570e+01 3.867042100976836139e+01 5.800723084536518570e+01 6.679180442035287513e+01 5.865343333292803862e+01 5.531664679654411287e+01 3.679651849246849338e+01 5.531664679654411287e+01 6.803113723423609827e+01 5.280886017498635709e+01 3.293244227174244543e+01 4.748117727979823144e+01 4.534484814743105829e+01 2.964271597952111037e+01 3.572528821409856192e+01 4.240812037402779566e+01 5.648303167920924750e+01 7.637823164987398172e+01 8.289539372649338134e+01 6.332210187847058336e+01 4.935869523523906821e+01 3.783028475467851592e+01 5.330542958193877467e+01 5.833169246201394742e+01 4.228857339111217328e+01 4.338746673447090529e+01 6.331020399931018261e+01
6.842009524227352091e-02 1.421055571897445624e+01 3.421055574009621125e+01 5.282739240002915437e+01 6.432678486852428534e+01 5.938215315758495194e+01 6.548804260228145324e+01 4.993464577846157226e+01 6.742750416267919888e+01 6.257864822385850090e+01 4.321233371392963818e+01 3.266788540835673160e+01 5.217696331198990123e+01 5.865343333292803862e+01 3.990494156921639757e+01 4.539624766978739245e+01 3.252708008485647184e+01 4.538949353281775245e+01 6.437906653205888574e+01 6.119897345161255231e+01 4.748117727979823144e+01 2.743889200074453072e+01 2.528671852273949128e+01 4.534484814742951642e+01 5.567617401637510000e+01 6.231020083755122130e+01 7.058741196811986640e+01 7.431333969378660242e+01 7.352859464327040939e+01 6.494329591091430132e+01 6.600846522112445314e+01 5.330542958193670700e+01 3.334085648817200820e+01 4.724282220608731819e+01 3.072235804952430982e+01 5.070995835887452330e+01 5.530034076276918142e+01
1.934550753332892059e-02 2.001934550753297515e+01 2.439219823602708814e+01 4.451943105643213272e+01 5.735981560110323585e+01 4.337397484573661188e+01 5.599455007104408821e+01 3.653905957506463409e+01 5.800481028681785034e+01 6.046438491807900562e+01 4.109211115475834930e+01 2.709389246555439712e+01 4.676611864133055718e+01 4.843673798651118290e+01 4.053794218895045987e+01 2.689614855652007464e+01 4.539624766978739245e+01 5.898951849263718827e+01 6.203505341161007891e+01 7.004334616357614607e+01 5.575450195142988719e+01 4.238826101704663785e+01 2.236364327237498273e+01 4.234324616030923494e+01 5.082714042101333973e+01 5.886420188832078537e+01 5.992579549366300284e+01 5.594243343534193258e+01 6.039597285072951394e+01 4.306184694280501901e+01 6.035418736971293896e+01 5.502747981092837648e+01 4.708272670465338905e+01 2.902368815280273751e+01 4.900792473749785216e+01 3.246095082615973126e+01 3.533009258291283317e+01
4.364784840791047227e-02 7.748618883538822999e+00 2.492943563581788169e+01 4.651816208267106134e+01 3.937100534044695621e+01 3.375791635553696324e+01 4.802887357949612834e+01 2.667552707996254213e+01 4.936506611442023029e+01 5.126150824583820764e+01 4.236727513874810569e+01 2.255961813564922025e+01 4.236727512640788973e+01 4.053794218895045987e+01 2.179383167495713280e+01 4.053794218895045987e+01 4.752086413456537173e+01 5.517089506788311581e+01 4.328622690552809615e+01 5.912239435149936639e+01 5.436163765327297170e+01 3.429899901798481210e+01 2.018389502509003108e+01 3.712544000380378861e+01 3.178666866709652084e+01 5.001051635164338194e+01 3.925792413821107374e+01 4.144698663271100969e+01 5.149922305535375244e+01 3.129838954651020444e+01 4.479308297759331481e+01 4.587345103281445091e+01 2.745774403926359852e+01 4.743311402649866437e+01 5.516952527592296462e+01 3.953212305651743463e+01 3.443380748200372210e+01
5.219006137575642884e-02 2.005218682855339551e+01 3.632431569834707119e+01 4.024996620545388026e+01 2.309428554620782847e+01 3.938452642348922694e+01 3.283419614171247503e+01 1.874197675365309834e+01 4.027505440763529521e+01 3.156422747560261399e+01 3.261404610753388056e+01 1.829913660351448712e+01 3.823709310155962982e+01 3.732295592248209459e+01 1.838922314927409118e+01 3.287287336699343854e+01 2.927133480651675157e+01 4.030968284153547643e+01 3.293245939434843450e+01 4.523406205665815349e+01 5.331852306850952061e+01 4.196566828186330866e+01 2.104748151323186178e+01 1.712817983923079623e+01 3.488577985749410004e+01 3.877862813185102908e+01 2.271704021445279764e+01 4.533039929593866191e+01 4.219467286673741313e+01 2.375418649784712954e+01 2.482765955790224055e+01 2.590734738442861484e+01 4.587296559750203784e+01 5.569061818650211393e+01 5.064482154495226496e+01 5.919835641271306059e+01 4.484593470381430791e+01
