MOVIE_S10_data/elevation_000268.asc
nrows	100
cellsize	150.0
xllcorner	0
ncols	100
yllcorner	0
NODATA_value	-9999
[rows 34 to 50 of 100, columns 0 to 36 of 100]
2.064481644892168788e-02 2.002064481635502702e+01 1.621978235065365226e+01 3.653614781732056116e+01 4.173001460685465247e+01 2.494223746441473111e+01 4.173005711134037199e+01 5.674304011850174589e+01 3.845554373655502900e+01 5.674519410243137685e+01 4.222109233657865701e+01 5.060994372919710571e+01 5.881395376379931150e+01 5.474499084686623718e+01 3.479420645532556478e+01 4.657960959793546607e+01 4.306382560152220407e+01 2.580465178182049968e+01 4.568308674542468140e+01 4.408525736602994272e+01 4.466203805910439684e+01 5.424113113793002583e+01 3.863783330226583956e+01 5.276180069874401113e+01 7.263934180614970160e+01 8.151885824667949976e+01 8.246304161014053591e+01 9.067068910751825683e+01 9.473581882119354702e+01 7.663714778052930399e+01 7.817194008726127663e+01 9.796777097194348016e+01 1.089823184198940993e+02 1.008536051875256305e+02 1.089823184198940993e+02 9.971194326378231665e+01 8.001644168718034678e+01
2.905961989428186565e-02 6.068793873919314130e+00 2.617865299077042351e+01 3.065314978623083064e+01 5.073895041654748894e+01 4.502670518578455017e+01 5.331265322620462399e+01 6.674828070974507455e+01 5.850989565721958741e+01 6.674871021126693904e+01 5.206441024739116585e+01 6.995092598066516132e+01 6.541493527427275012e+01 4.545329708263625434e+01 4.890249274256229484e+01 6.270713879723371775e+01 4.935787164344509392e+01 2.948333561746138543e+01 4.937948188582771536e+01 6.374245516480682738e+01 6.297113615230464490e+01 6.169696339843313382e+01 4.178919878602452798e+01 5.333858710200708231e+01 6.742281631231062988e+01 8.720058889583586392e+01 1.004668185570795202e+02 1.042904055902461380e+02 1.046343106974702977e+02 9.065421981921257100e+01 9.218101443592753697e+01 1.061632047798742633e+02 9.914755178495335031e+01 8.116539770407884191e+01 9.253176091781561752e+01 1.006685444618337755e+02 8.578512054009672738e+01
3.542675937824442400e-02 2.003542675933698902e+01 3.447078308169614047e+01 5.073895633498470659e+01 5.898123418806653007e+01 5.998051197801900258e+01 5.144277884010398338e+01 5.998051203652143215e+01 6.501812827730401523e+01 7.399585640121685515e+01 7.137541969404497877e+01 7.137541969502436245e+01 7.363940435147644337e+01 5.545093365689851339e+01 6.884966243287577470e+01 6.503169869070465836e+01 4.488265095866001531e+01 3.336831344820797796e+01 4.487171004957644271e+01 6.478320897554706903e+01 7.913412249264683851e+01 5.930202732702608870e+01 4.516692386839831386e+01 6.511071351589971812e+01 7.544870021661613180e+01 8.073917555623181386e+01 8.073917555623182807e+01 8.457373647660460847e+01 1.042904055902461380e+02 1.104085787196252966e+02 1.119382370833443048e+02 1.049168173102574428e+02 8.524890259853846430e+01 7.126170766924454369e+01 7.279303909079028756e+01 8.928841704828900561e+01 7.879055904101939234e+01
3.411803931810562102e-02 1.417625366304918089e+01 3.417625366304988432e+01 5.362627425945807857e+01 6.175202518470499058e+01 4.982735469557471220e+01 3.126304759903999297e+01 4.982735473250048841e+01 4.319940153826693319e+01 6.089538103934239643e+01 7.479776516808139775e+01 9.063785259920861392e+01 8.358700928930147711e+01 7.537893689164700106e+01 8.358700928930147711e+01 7.295921425877011757e+01 5.771244046308679998e+01 3.792596779266015261e+01 5.786642027870279748e+01 7.300052834718810857e+01 7.913412249264770537e+01 5.930202732702608870e+01 6.511071351589954759e+01 5.072452546578802668e+01 5.558924188044972681e+01 6.094402942221356767e+01 6.847398825260340516e+01 8.241999081102603952e+01 1.021262232872536089e+02 1.117771442320370596e+02 1.037575959376475510e+02 1.016399488556974546e+02 9.508285995439796068e+01 7.535846221425663316e+01 6.133445657671043705e+01 7.390524761513066210e+01 7.411900535636284815e+01
3.327314952832965272e-02 2.003327314952797522e+01 2.534200301199718552e+01 4.534200301199647498e+01 4.131256258223585576e+01 4.133949593650667964e+01 2.125760414363227468e+01 4.066920437157097723e+01 3.127151231226552497e+01 4.580217559741372213e+01 6.520386714235945647e+01 7.715757491872851404e+01 7.465050556502636425e+01 7.215466965363894758e+01 8.003536919403957484e+01 7.277297102820830332e+01 5.391336193845527447e+01 4.345761406027891383e+01 6.343739493770041804e+01 8.318505603608875276e+01 8.732481323809953722e+01 7.913412249264773379e+01 7.764428635116590272e+01 5.781075494809213211e+01 7.544870021661613180e+01 8.073917555623181386e+01 8.073917555623182807e+01 9.637887281560357167e+01 9.117012301020147902e+01 9.936228217253929529e+01 8.425399307458678777e+01 8.211393335299977991e+01 9.588664550233642103e+01 8.532419878382799538e+01 6.554599519049614287e+01 5.408952064910586444e+01 6.778998150954703306e+01
6.779948344387334846e-02 9.012071393442953493e+00 2.901207139344259645e+01 3.933707371634756100e+01 2.706673398859944513e+01 3.086521729978510109e+01 1.418584194935137788e+01 2.051119574366417098e+01 3.958370437991822399e+01 3.756162948640287169e+01 5.719018396971837603e+01 5.797114193389148085e+01 5.545039856600178751e+01 5.294088774753404891e+01 6.659304299132004701e+01 8.040441134755349140e+01 7.102712727099665813e+01 5.346349556588301510e+01 5.500974200404856163e+01 6.912708255012725544e+01 8.900702518863744217e+01 8.934950577007452921e+01 8.582871460779728068e+01 6.930305111399339069e+01 7.764428635116591693e+01 9.738461114810824881e+01 1.004668185570795202e+02 8.792412053033687869e+01 7.134462255366858585e+01 8.792412053033687869e+01 8.783297088418618159e+01 6.814523515456484404e+01 8.783297088418618159e+01 9.347111992388938972e+01 8.207073548726458512e+01 6.778998150954696200e+01 4.797533164213930235e+01
9.516927588586144779e-03 2.000951692758822986e+01 2.365001734294655833e+01 1.961299662075667172e+01 2.737531980729374226e+01 1.070428103680600174e+01 3.035186938401960077e+01 1.831160861154190300e+01 2.129318023094663204e+01 4.116353639510367657e+01 4.890651931860733015e+01 4.410446495982517234e+01 4.153244759269554720e+01 6.107686923265526957e+01 8.003536919403957484e+01 9.317643484831806688e+01 8.164396458902393761e+01 6.758675361107148660e+01 7.494978293934728697e+01 8.318505603608875276e+01 8.349204537878920007e+01 6.919021457654055496e+01 8.349204537878920007e+01 8.903862558408542327e+01 9.722973595070978092e+01 9.284542143338602216e+01 8.464777470409140392e+01 7.972386498480312866e+01 5.986727097683068877e+01 7.972386498480312866e+01 8.127039230764567890e+01 6.152940626187737649e+01 7.285280757467748458e+01 8.096033119767977837e+01 7.570296903374450892e+01 7.596310091517814556e+01 6.218552179611768338e+01
1.945935296826603253e-02 1.830174273818783170e+00 3.648356092004677809e+00 5.489505327862318040e+00 7.370947065281460375e+00 1.065892733532831294e+01 3.063256053255003053e+01 3.821178340041849708e+01 4.116353639510367657e+01 2.582312724689204231e+01 2.911225710895509877e+01 3.259589465561212762e+01 5.234377857137330636e+01 6.471408876983845460e+01 7.115847053758781726e+01 7.914991197777413845e+01 8.875750478595799109e+01 8.746738950039187444e+01 7.646752568283827145e+01 6.809232486980046417e+01 6.959348209360415183e+01 5.503920974662744214e+01 7.449446872998640856e+01 7.882535068745313822e+01 8.723499383803300589e+01 8.464777470409140392e+01 6.480767450953246112e+01 7.061870531709824661e+01 5.284048868899227358e+01 7.270349884765037984e+01 8.677273932741178442e+01 6.708693001697523073e+01 5.306821194215601878e+01 6.586107367092741072e+01 5.593936991563857219e+01 6.406436024627224413e+01 5.587307291985747071e+01
5.600688922766024203e-02 2.005600688922730512e+01 2.365001734294655833e+01 1.963293280846772859e+01 2.151509786178206340e+01 3.063255432508323750e+01 1.550968066763206288e+01 3.547481749892011749e+01 4.891832323946841399e+01 4.565313669043832334e+01 4.318976920279717291e+01 4.664935643043200031e+01 3.966911170634635653e+01 4.520827652858485379e+01 5.182532523433980032e+01 6.158312868377442584e+01 8.073381239140117316e+01 8.231149018349846358e+01 6.220255375124174435e+01 4.805621514679921091e+01 4.954968385033656375e+01 4.609793340500119996e+01 6.462519236546695822e+01 5.874329420065512863e+01 7.882535068745313822e+01 8.464777470409140392e+01 6.480767450953246112e+01 5.075306384785208991e+01 4.655086398041481743e+01 6.642226351880812274e+01 8.036047849390821796e+01 7.715452673340222134e+01 5.750399681193162138e+01 4.604335553186692209e+01 4.186727492718288346e+01 5.586631298652918076e+01 3.590819944888887960e+01
8.215197286175310309e-02 1.422428759659282882e+01 3.422428759659353403e+01 3.963759602846241137e+01 4.152315658855278713e+01 3.547481710928484233e+01 3.547481759465352980e+01 2.076221673721239114e+01 4.071455950836322302e+01 5.594625306646967289e+01 6.270797498089413580e+01 6.609132973391150756e+01 5.362960115451762988e+01 5.907655670710121854e+01 7.115847053758781726e+01 7.914991197777413845e+01 8.875750478595799109e+01 7.827828002791959250e+01 6.666969049431915550e+01 5.542037643505458533e+01 3.536677982493556982e+01 3.854778470324597350e+01 4.460411310356229109e+01 5.614574880584622463e+01 7.620832767786519923e+01 8.164846119454929863e+01 7.344259205081625907e+01 6.068588458247518247e+01 4.078151169828164768e+01 5.229078100899040038e+01 7.215380933130427366e+01 8.530611956803001306e+01 7.389422679303501695e+01 6.586107367092741072e+01 5.621868018861216854e+01 3.626676770125419580e+01 3.335717458485035536e+01
2.613274238814250472e-02 2.002613274238778729e+01 3.306655054497673518e+01 4.135082649021968848e+01 5.135082755214825312e+01 5.534126927385612049e+01 4.701655412498551811e+01 2.708789733433942715e+01 2.783456440876157600e+01 4.775886273777933155e+01 6.371581103009403080e+01 7.187255964109006356e+01 7.290687540742234773e+01 7.829722361448223467e+01 7.279610801584843216e+01 7.750880142857546673e+01 7.146393133419040566e+01 6.989632723246741364e+01 4.984315903718537299e+01 3.826477877974917874e+01 3.032502700669435924e+01 5.040697728282792411e+01 6.462519236546695822e+01 7.298914401934416674e+01 8.460936782386497157e+01 7.344259205081625907e+01 5.366239702311978021e+01 5.670501000563571381e+01 3.675785428489357543e+01 5.088486107616660803e+01 7.075609248619112179e+01 8.193189742594931602e+01 6.845751638915528758e+01 6.029953653965313265e+01 5.732036691401673778e+01 4.919019341497605069e+01 3.083425000460017174e+01
7.532853315450405152e-02 6.399883853491290076e+00 1.306655052015801566e+01 2.306655052015819152e+01 4.306655059009495545e+01 5.763009502076832291e+01 3.777397817450178508e+01 4.701655412498551811e+01 4.195325567811728007e+01 3.636217435076838456e+01 4.391267083303677055e+01 5.794908827719050493e+01 7.763791131059927864e+01 6.702537270648529955e+01 5.268158783586662963e+01 5.718129885984794925e+01 5.126523878592843175e+01 6.566590071849158505e+01 6.666969049431568806e+01 4.674053156118274188e+01 2.667005969305530400e+01 3.896515761174453019e+01 5.367664159843970140e+01 7.238339194154193024e+01 6.613109886690266137e+01 7.306010457078009779e+01 5.564130319875834374e+01 3.982255103898445014e+01 3.301521340604911359e+01 5.300091617840152480e+01 5.912694268603755887e+01 6.731470180368349077e+01 5.450310584864470087e+01 4.038521185197568286e+01 4.769808603008382164e+01 2.922624075397541787e+01 4.930450284770287794e+01
6.101047412966256744e-02 2.006101041378726180e+01 3.306655054089139156e+01 4.135082649021968848e+01 5.135083302609645273e+01 6.579757658150943200e+01 4.927997997623168658e+01 6.579757658150943200e+01 6.177483803902461545e+01 4.787618501795061121e+01 6.371581103009403080e+01 7.187255964109006356e+01 7.279610800288872952e+01 5.268158783586604699e+01 3.848586315607437314e+01 4.697568376518481159e+01 3.709426909719435628e+01 5.717875598315755781e+01 5.662841727450039997e+01 4.359837977118058916e+01 2.355328025863319752e+01 3.772040650803556616e+01 5.778906254233181272e+01 6.005270384266875539e+01 4.252664784657130070e+01 6.004662585476559400e+01 6.764330026032293119e+01 4.941137133122583691e+01 2.940112180894006144e+01 4.502242443213530976e+01 3.917780149614468144e+01 5.912436785000023320e+01 5.457795519595826050e+01 4.633697669773710004e+01 2.763508189588175412e+01 2.968111599058515893e+01 3.175988340313229585e+01
6.842009524227352091e-02 1.421055571897334957e+01 3.421055571897405656e+01 3.936246965673777964e+01 4.764674090419796926e+01 5.764674090419814689e+01 6.903656429612806278e+01 7.719303259457664979e+01 7.579968697034625791e+01 6.764371816558967510e+01 6.649410483779395520e+01 5.845244679405986687e+01 6.649410483779395520e+01 5.659799837960408553e+01 4.594351859743667177e+01 2.675789325933833496e+01 2.949337982074673903e+01 4.958215679064243631e+01 3.657800360783497950e+01 3.657800360783497950e+01 2.054941065227321317e+01 3.472484795181213002e+01 5.479646134264064017e+01 5.057276490346691844e+01 2.959193680426727369e+01 5.057891362564384963e+01 6.736745301724941726e+01 5.716673779377912723e+01 4.500079358579847622e+01 2.496899980515301465e+01 4.306826245090962146e+01 4.402237322558215027e+01 4.496752869023973886e+01 2.625748449825816522e+01 4.049407264401729378e+01 4.976124133162409180e+01 5.181176415992511153e+01
1.934550753332892059e-02 2.001934550753297515e+01 2.867201998023955412e+01 1.936246965673707621e+01 2.936246965673725384e+01 4.350460528046870223e+01 6.350460528046940567e+01 6.710076036745580552e+01 5.881063135700819089e+01 6.710076036745580552e+01 5.649279797892062049e+01 3.820613723524645877e+01 5.649279797892062049e+01 4.779475052337029695e+01 3.001460751172668751e+01 2.004193446423103353e+01 4.010770172385322496e+01 4.107090734565773005e+01 3.275325762348587233e+01 1.656069671564419110e+01 1.760756038004374346e+01 4.847776667202223422e+01 4.559300586122499510e+01 3.735762052006183609e+01 2.276342094770249247e+01 4.242237412150409881e+01 5.451037966474923735e+01 4.059775170114424014e+01 4.000989372963898205e+01 2.208015954085466603e+01 2.301393344878829339e+01 2.395156354430427470e+01 2.489225377100156678e+01 4.345780869941118141e+01 5.410918244778667230e+01 6.861856259892132925e+01 7.089175841683534429e+01
4.364784840791047227e-02 4.307662175520101222e+00 8.672019980239911163e+00 2.867201998024026821e+01 4.468735970210553177e+01 5.297163094968281882e+01 6.451863633355588945e+01 5.710936848877560834e+01 3.884083656382802729e+01 5.710936848877560834e+01 4.832929201465315572e+01 2.745710480304734702e+01 3.789319840885514878e+01 4.564300290681774896e+01 3.558205323192559177e+01 1.557859927431545977e+01 3.000091061469217024e+01 3.049670085728396884e+01 1.109680455579226077e+01 3.274776519876161984e+01 4.450885055289553094e+01 4.291166216428259617e+01 3.386886285610943759e+01 1.592800992515578606e+01 1.674533790320368354e+01 3.681683918230263686e+01 3.331037159545329018e+01 3.849698799045461328e+01 2.082485478283652114e+01 4.088699273462250261e+01 3.723160484139432924e+01 4.402315190038084580e+01 3.388895019673120856e+01 3.251387241057624067e+01 4.669445191054899880e+01 6.655674724797260922e+01 7.912259665294844524e+01
5.219006137575642884e-02 2.005219006137540205e+01 2.867201998024026821e+01 1.761629189023922848e+01 2.468735970210482833e+01 3.623436508589774974e+01 5.623436508589845317e+01 4.882573396041808422e+01 2.892551472768507281e+01 4.882573396041808422e+01 4.693898758776165181e+01 3.767175749717223709e+01 1.664325471673235413e+01 3.228689369853764646e+01 3.095803412793978637e+01 2.341804056073118190e+01 9.927791164158342951e+00 1.044756255765811481e+01 1.097625688601668159e+01 3.026757058406291989e+01 3.971662641313315589e+01 3.320121599075748975e+01 1.477367362731784084e+01 3.154816002812463083e+01 3.611472883293748026e+01 1.791430718771927033e+01 1.874410439212081414e+01 1.957779228252757875e+01 3.963636544768878878e+01 4.913867763269687572e+01 5.721477488527971644e+01 5.343607955791078012e+01 4.779279257744020981e+01 5.251225227711714183e+01 4.151762406928972382e+01 5.303051186465474132e+01 7.284971644185434059e+01
