MOVIE_S10_data/elevation_000969.asc
nrows	100
cellsize	150.0
xllcorner	0
ncols	100
yllcorner	0
NODATA_value	-9999
[rows 0 to 16 of 100, columns 37 to 73 of 100]
1.076423188289613933e+02 1.158837927240587362e+02 1.258379809361488810e+02 1.401367748941939624e+02 1.318231220892690487e+02 1.401367748941939624e+02 1.413088443234697422e+02 1.354343320996993327e+02 1.354343320996993327e+02 1.437350685215504029e+02 1.405564822132796792e+02 1.304509743813978844e+02 1.220619367316690074e+02 1.153606812926351921e+02 1.095705014667883574e+02 1.045637539670825191e+02 9.405199836416603887e+01 7.399772028732945728e+01 8.826282694113349692e+01 8.464909020613887947e+01 9.129480710994188541e+01 9.962672682744367592e+01 9.899643858134722052e+01 9.899643858134722052e+01 1.073389046903829325e+02 1.140706975422455827e+02 1.024325060827682563e+02 9.407786119986688789e+01 9.606338515744077711e+01 8.771253469938984892e+01 8.910682634179255501e+01 9.745845693729961567e+01 9.817240147629169655e+01 8.973762074218382168e+01 9.817240147629169655e+01 9.262071746534915917e+01 8.427176894134881024e+01
8.761886045056542116e+01 9.768328499224412553e+01 1.176013526656784762e+02 1.300473279840537089e+02 1.115995095798669183e+02 1.300473279840537089e+02 1.211921236305935565e+02 1.152928077245449145e+02 1.152928077245449145e+02 1.354343320996993327e+02 1.321500837110879161e+02 1.119737897522499424e+02 1.019581704145680590e+02 9.530291000598099060e+01 8.954351146796503258e+01 8.454927659253871752e+01 8.006796523244145192e+01 8.826282694113349692e+01 6.814239233138067675e+01 6.447459204496590246e+01 7.118165285852239776e+01 8.801407419616160155e+01 7.891933097236770323e+01 7.891933097236770323e+01 9.899643858134722052e+01 1.057092864699725112e+02 8.556306693770906691e+01 7.394893140774546225e+01 8.245641816588644701e+01 6.762676713712460241e+01 6.901352353384328353e+01 8.584586150298017060e+01 8.815762190141262522e+01 6.984632727834974730e+01 8.815762190141262522e+01 8.427176894134881024e+01 6.416475873980363076e+01
1.076423188289613933e+02 1.158837927240587362e+02 1.258379809361488810e+02 1.217113158345678556e+02 1.014248005219275655e+02 1.217113158345678556e+02 1.211921236305935565e+02 1.010477177373769280e+02 1.148219031572453304e+02 1.349473786791767225e+02 1.405564822132796792e+02 1.304509743810827445e+02 1.220619367316681121e+02 1.153606812926351921e+02 1.036787117812201444e+02 9.868116378375361819e+01 1.000883807727214219e+02 8.458270380916864895e+01 8.826282694113349692e+01 7.968247208930904435e+01 5.943907258895107759e+01 7.509824481985519640e+01 6.462359298158983734e+01 8.479977964442223026e+01 9.941983513069975231e+01 9.370072445309976672e+01 8.780906266298113394e+01 8.245641816588644701e+01 6.240629146350464396e+01 5.611960263865231013e+01 5.749789968818578956e+01 7.688144887221068302e+01 7.979197401026677028e+01 5.982345272388194957e+01 7.979197401026677028e+01 8.097712685502430929e+01 7.005396567844901767e+01
1.065630010271573980e+02 1.165552329210761968e+02 1.273967351403387624e+02 1.149491440636877684e+02 9.478814297593140736e+01 1.149491440636877684e+02 1.148219031572453304e+02 9.475900479801644849e+01 1.148219031572453304e+02 1.269535452889030438e+02 1.385697414813265311e+02 1.363121417308516641e+02 1.277585275931702853e+02 1.193756452871090374e+02 1.237945400323369967e+02 1.187655829695577978e+02 1.129876209027901552e+02 1.046374970689901573e+02 9.338974093200629056e+01 7.329646056465649906e+01 6.314741072080391859e+01 5.481717835519388871e+01 5.741089986919656241e+01 7.091458025014716782e+01 8.754150266659000579e+01 7.354754475393903590e+01 6.764023061598706477e+01 8.189362458689600999e+01 8.245641816588644701e+01 6.855807929449207450e+01 4.859373468590225542e+01 6.855807929449207450e+01 7.313580024813855118e+01 5.312844916145536445e+01 7.313580024813855118e+01 6.089347677306501083e+01 6.089347677306501083e+01
8.829293319556215636e+01 1.083132733743748020e+02 1.189977650057867606e+02 9.835714369048211836e+01 8.933981904588345913e+01 1.041942935159047039e+02 1.034743894261070807e+02 8.965736311780041490e+01 9.853076401067281154e+01 1.101159880578052679e+02 1.302617976067243717e+02 1.243475731891945770e+02 1.077911869806781340e+02 9.931077492213904634e+01 1.137937649605993755e+02 1.137937649667792641e+02 1.221617749303783995e+02 1.134775009850459213e+02 9.338974093200629056e+01 9.167305688266877439e+01 7.996193300745532895e+01 5.973143722576816117e+01 5.064214560082187688e+01 6.735855997416072682e+01 6.735855997416072682e+01 7.354754475393902169e+01 5.331213722936814747e+01 7.354754475393902169e+01 8.292934327534165106e+01 6.439522567639839679e+01 4.436203019700686667e+01 6.439522567639839679e+01 6.736017548030450541e+01 4.738312382730359218e+01 6.733577170666656286e+01 5.917226526391077357e+01 4.097987291152148970e+01
1.065630010271573980e+02 1.165552329210761968e+02 1.273967351403390325e+02 1.110882892727071436e+02 8.427800721683863117e+01 8.829024621907423409e+01 8.348347669177957187e+01 9.240753472937170443e+01 1.039233393199874342e+02 1.240378674360757287e+02 1.275912493238964061e+02 1.074672115052421191e+02 9.593226826878176894e+01 8.775344052709212406e+01 9.373603946081506422e+01 9.373603946081533422e+01 1.137937649669570277e+02 1.147417621220761106e+02 1.063981156635765757e+02 9.638167132128266701e+01 7.627168103183065284e+01 7.926357612942933883e+01 6.735855997366554959e+01 4.713720044159495615e+01 6.405775549074616038e+01 6.183487057001056542e+01 4.623228514012444634e+01 5.765287901907106516e+01 6.602896663959766954e+01 5.460163518352936052e+01 4.006151811032400190e+01 6.046639280451236687e+01 6.220137852462006833e+01 4.231273201583099564e+01 5.536890861676877762e+01 5.090338534808410031e+01 3.120816827675777461e+01
9.648182354133092531e+01 1.045550128397381400e+02 1.142389249508965321e+02 1.071669414613335363e+02 8.376024307428858151e+01 7.807091848500579090e+01 9.822468446195372849e+01 1.117863380497180259e+02 1.207385575644439086e+02 1.323393421488193553e+02 1.359933000858954699e+02 1.243475731891945770e+02 1.111841962623596913e+02 9.113850539896084513e+01 7.950658458990373845e+01 9.368239823588797321e+01 1.020182729275018971e+02 1.032614695682674579e+02 8.662090326737201451e+01 1.032614695682674579e+02 9.638167132128266701e+01 7.998296246007808463e+01 5.991412222729616843e+01 6.405775524518122666e+01 4.392061414618185466e+01 4.178069663530514788e+01 3.971871831507850459e+01 3.780282201891554195e+01 5.484218232080268507e+01 5.674102557750988751e+01 3.554494987840931230e+01 5.674102557750420317e+01 6.225226850953462332e+01 5.537875851535493155e+01 3.563946668359999137e+01 4.912754658526208829e+01 4.482269393781330535e+01
7.732266836562659762e+01 8.684868526206535932e+01 1.061149618205966192e+02 1.094949947252326581e+02 9.213163693625645578e+01 7.523142438680933708e+01 9.533912982990109697e+01 1.126647681933705769e+02 1.136488396897779012e+02 1.220050119654927556e+02 1.349301703872810378e+02 1.265434156902675937e+02 1.195463688338424362e+02 1.079489071508190108e+02 9.368239823588797321e+01 7.348769092740045039e+01 8.818609507914921153e+01 9.495975444583936564e+01 7.517945694224225406e+01 8.834258282665049933e+01 9.605885444370575499e+01 8.821491195592044221e+01 7.411131014777262749e+01 7.232761619452689672e+01 5.550537820352717233e+01 5.594349132253110213e+01 5.967120495727984775e+01 4.895671838797404973e+01 3.516091727870946926e+01 5.185564363400377630e+01 3.178963074746000572e+01 4.920599020886175623e+01 4.235071998894227363e+01 4.997069707952641693e+01 4.913336482056135424e+01 2.946589085544335163e+01 4.209560722060756177e+01
7.813901462848727419e+01 9.730810219612024525e+01 1.142389249508782427e+02 1.085695084220849651e+02 9.269885875517469742e+01 7.259385492438627807e+01 8.418787828299444698e+01 1.043250742912861995e+02 9.368733921380336938e+01 1.104443704746919508e+02 1.232809568171226573e+02 1.063955412356250889e+02 1.200442245058024611e+02 9.995913882911814596e+01 8.577379648525325706e+01 7.564256488514105570e+01 6.790120646690719752e+01 8.340490098137244956e+01 6.750814153731286638e+01 6.936875586833438945e+01 8.502891992612885019e+01 9.468703439101400932e+01 9.360759306897085708e+01 8.375285464974307104e+01 7.559159347289808295e+01 7.642289868996736857e+01 7.726751482276517891e+01 6.314208931947744929e+01 5.212665104351757606e+01 3.258861092659525838e+01 3.073038640982327507e+01 2.962303977353275997e+01 2.856527150613109001e+01 2.750508530736106749e+01 4.568280959600212299e+01 4.271081449827257615e+01 2.356938191223450474e+01
9.426215411177049930e+01 1.053854749655800447e+02 1.144819324749149274e+02 9.432509404276189002e+01 8.010283739292310656e+01 7.006122377006974489e+01 8.671794860317740472e+01 8.954191496618784640e+01 8.222994038186490684e+01 9.844282819328000755e+01 1.034000185246814709e+02 9.497336965438286427e+01 1.149110349502809925e+02 1.141928743175853072e+02 1.041452129924158925e+02 9.580786035417972357e+01 8.340490098137244956e+01 6.305191899718062132e+01 6.025474068589306142e+01 5.769272327598120143e+01 6.787449334402496959e+01 8.253154723207818222e+01 8.783009918253414128e+01 9.616995919263672477e+01 8.618587338440556778e+01 7.783567850290934587e+01 7.412436531987292199e+01 5.402509329505848257e+01 5.212283244480655497e+01 3.258360690016846206e+01 5.024805861236632865e+01 4.920594846134459033e+01 4.770644162841670521e+01 2.955097639625431682e+01 2.600481447771040067e+01 2.499248300756153540e+01 4.336995715570046883e+01
9.333571773418005080e+01 1.014035402960413847e+02 1.128961515920308614e+02 1.042563839274052810e+02 9.595035441769434215e+01 8.671794860283455364e+01 6.661572627283395320e+01 6.960022395094399883e+01 7.398178271732098210e+01 7.858021804936004173e+01 8.357125719907548955e+01 9.754767753066096247e+01 1.175288195240780169e+02 1.171541401467036394e+02 9.706696404888155882e+01 8.284416997327424781e+01 7.110621655959769782e+01 7.749532682572080944e+01 8.063521094772849551e+01 7.457372623319467664e+01 5.421868538774223367e+01 7.131303199618153599e+01 6.760084591193681547e+01 8.183679894589265302e+01 7.783567850290934587e+01 5.763958410434263868e+01 6.355488320019921389e+01 5.402509340993541542e+01 3.439687525336456986e+01 5.212283244480644839e+01 6.043927282074686502e+01 5.318105665822903205e+01 3.450356633286971686e+01 4.826221727688795227e+01 3.991202685742237577e+01 4.507353754873656726e+01 5.017201755255443629e+01
7.407578308010785406e+01 8.546589420198814935e+01 1.046478905289894925e+02 9.572752756250639550e+01 7.576347132487394731e+01 8.151896247690574171e+01 6.424138021609267923e+01 8.433225372877438986e+01 9.388431362745117781e+01 9.844282819328000755e+01 9.754767753066096247e+01 9.754767753066096247e+01 1.175288195240780169e+02 1.145404845313315434e+02 9.446580294409638157e+01 8.284416997327424781e+01 8.284416997327424781e+01 9.767187505249715684e+01 8.886963270470539555e+01 6.865216788627759570e+01 7.131303199618184863e+01 5.097853714065297481e+01 7.131303199603502208e+01 6.211360489912432570e+01 6.225267394784265207e+01 6.355488320019921389e+01 4.349048104905374146e+01 3.622289540927216933e+01 5.402509340993541542e+01 5.402509340993542963e+01 5.850922964740079379e+01 3.964507006124471644e+01 5.318135038309263507e+01 6.120173257613294737e+01 5.980340193356652634e+01 5.495136600636643465e+01 3.528559948662734769e+01
6.622307691346105685e+01 7.734132192765407865e+01 9.656426632360972917e+01 9.263082399441081805e+01 7.414712955745930856e+01 6.145961053235369320e+01 8.151896247908840110e+01 9.265631451553198872e+01 9.604610942850705158e+01 1.161423789022166346e+02 1.175288195240780169e+02 1.175288195240780169e+02 1.259011879708925221e+02 1.229111371468663378e+02 1.112983780869079879e+02 1.029503617130452824e+02 1.029503617129814614e+02 1.112983780577079926e+02 9.720900505694353910e+01 8.886963270470539555e+01 6.910665470493357532e+01 4.880684529107170277e+01 6.597880210182978544e+01 6.170756324613847710e+01 4.217242056636388980e+01 5.797895493154685909e+01 3.810672235074486025e+01 5.597125198932958767e+01 6.431656351432071972e+01 7.412436693679204325e+01 6.265242302067544955e+01 4.372420458014394029e+01 4.862613034592614270e+01 6.894227861937103796e+01 5.755034294043599630e+01 4.029748794366761189e+01 5.495136600636643465e+01
6.799183275950385053e+01 7.909619706247333681e+01 9.833686721009139831e+01 9.352146754874324586e+01 7.391155860000060329e+01 5.959555772778967508e+01 7.960936366592707714e+01 7.594450750885575019e+01 9.015308186327564499e+01 1.102729672551656250e+02 1.075594428493177190e+02 1.158970430577433461e+02 1.244044527705695486e+02 1.205694841926490852e+02 1.122011692684696982e+02 1.111453922860996357e+02 1.027974135315453026e+02 1.006002471273843639e+02 9.755753204989279936e+01 8.922454098139007783e+01 7.747311666737064684e+01 6.604520481758626715e+01 4.581378356337149427e+01 4.429288853033025930e+01 6.009238025388656013e+01 4.011024089684995175e+01 4.289612616609853291e+01 6.253990233432311641e+01 7.866999100305926618e+01 6.926935186198801375e+01 4.997785497931841547e+01 6.265242302067289160e+01 6.728427791063757013e+01 7.440369704922343885e+01 5.820822924877225546e+01 4.398549330414206793e+01 6.386449623572363521e+01
7.909619706247333681e+01 9.527021785366217443e+01 1.064286416282835290e+02 9.217315190177005491e+01 7.187069397056767173e+01 5.778198040859290074e+01 6.329967224017072169e+01 7.511188274465919790e+01 9.495602393655666162e+01 1.006777580917714943e+02 8.741514144445307011e+01 9.592912501058214048e+01 1.158970430577433461e+02 1.122011692684696982e+02 9.215752684264934658e+01 9.802817378949373506e+01 8.273333056803986096e+01 8.053950225489347758e+01 8.190204344787755986e+01 6.906219350817717384e+01 6.976317394951298922e+01 4.947799365176763331e+01 5.080826610720323089e+01 6.463251942947184148e+01 6.844854106325918508e+01 5.417714063141999503e+01 6.253990233433839308e+01 5.049485507903565207e+01 7.031335920112833549e+01 7.753283594660497613e+01 6.926935186198686267e+01 5.731133275441904118e+01 7.698664377001929893e+01 8.430440105633880421e+01 6.805447560759574799e+01 4.797177474647755702e+01 6.207529136032937345e+01
9.833686721009007670e+01 1.064286416182506514e+02 1.026117404894825995e+02 9.663857903536984395e+01 8.608054033162316898e+01 7.515475351601924103e+01 5.529109176781357604e+01 5.415734546271503547e+01 8.160612451488032093e+01 8.055481256110283539e+01 7.581807867380638299e+01 8.741514144445307011e+01 1.075594428493177190e+02 1.095911302924615569e+02 8.956350214361239637e+01 7.799780379213758863e+01 7.189277545030806493e+01 6.623189477998003838e+01 6.164770621366804448e+01 5.728132209862553026e+01 5.328815563845182623e+01 6.976317394715566422e+01 7.074618272586783974e+01 5.843486872756583494e+01 7.822684502410048424e+01 7.437499426006891667e+01 7.739955237152014433e+01 5.735677139689251192e+01 7.031335920127159511e+01 9.047563187856974309e+01 8.298298480984752246e+01 6.309537146530373519e+01 8.298298481004748339e+01 7.706631489412026781e+01 5.673540054588850268e+01 6.214029138033623667e+01 5.865571455953734414e+01
1.063369428710271194e+02 1.024079111837752976e+02 8.201392602687432998e+01 7.595619640582434329e+01 9.050668391144762381e+01 7.341298308971151698e+01 5.362335450401514692e+01 5.808053072744770873e+01 6.163032754757055187e+01 6.635983932637911664e+01 7.533240824462633611e+01 8.692838195980496607e+01 1.070716887568547691e+02 1.179537933811218124e+02 1.063635055176396946e+02 9.802817378949373506e+01 9.198878999920077604e+01 8.641515839239283991e+01 7.985885427308065232e+01 5.958484707704771211e+01 6.050396038688807465e+01 8.076580047278420693e+01 8.571973900646662514e+01 6.598456220183183518e+01 7.095691484236381541e+01 9.073664441348913101e+01 8.577439968015599447e+01 6.727234104389418690e+01 8.577439968015599447e+01 9.715938634658094486e+01 7.711092702796847220e+01 7.451430051279471911e+01 9.130891428514036079e+01 8.422505767463587745e+01 6.397707541514463969e+01 8.233257937941873195e+01 6.874043652249976333e+01
