MOVIE_S10_data/elevation_000708.asc
nrows	100
cellsize	150.0
xllcorner	0
ncols	100
yllcorner	0
NODATA_value	-9999
[rows 17 to 33 of 100, columns 37 to 73 of 100]
3.195775753430055843e+01 5.135214637827778006e+01 7.872925393780076320e+01 7.887752812361158306e+01 7.525463680156667579e+01 6.148444112953620788e+01 5.096031989472374590e+01 7.052928422276058029e+01 6.600598686260809700e+01 7.957417337361225407e+01 8.383826951064729371e+01 7.127910257922275150e+01 7.663716391897209235e+01 8.729118318584228575e+01 1.062289633284075450e+02 1.122150527226130521e+02 9.511400525092996361e+01 7.500515728939070925e+01 8.612105505268799277e+01 6.794102341867981920e+01 7.390075192392633596e+01 9.224181267729939293e+01 8.871591329552423133e+01 6.862118349506660309e+01 7.450679358750923598e+01 6.003777805821289348e+01 8.021329015433103393e+01 9.093792464341950676e+01 1.109026423592743527e+02 9.503118470351340363e+01 7.502186540771346301e+01 8.088245934252645952e+01 7.451791098525544044e+01 6.891213322346519021e+01 5.756194916584323096e+01 3.721848671161433941e+01 3.302053301078841230e+01
5.057484109546256690e+01 6.415104792958388202e+01 6.816928921623315318e+01 8.753721998294439288e+01 8.902483247348386897e+01 7.052928427479672280e+01 7.052928426291195763e+01 5.448894222271871257e+01 5.714791761740634257e+01 6.001969443076348654e+01 6.450971734583977479e+01 8.383826951064729371e+01 8.228597667995806830e+01 9.960823676520229242e+01 1.143638061579620739e+02 1.092228422366391811e+02 8.926993362213802641e+01 8.512674469963556589e+01 9.526334137468380447e+01 7.512434114572374710e+01 9.399027771422173316e+01 9.399027771422173316e+01 9.699561058620601273e+01 8.871591329552423133e+01 8.540774126498759244e+01 6.528971862072603471e+01 7.087397071514509150e+01 8.508902413733279957e+01 1.050584195701857766e+02 1.032765855663590457e+02 9.503118470351340363e+01 9.203484997176228433e+01 7.197958198844527544e+01 7.018087832733201026e+01 5.751656224902450987e+01 3.717318532161179689e+01 3.671858374659917956e+01
4.109364549848541515e+01 4.897043328505639437e+01 6.250267098967832169e+01 8.184971794394334665e+01 9.276637433660351917e+01 8.996854586864179737e+01 8.214803649015929921e+01 6.436462279990301738e+01 7.674044284663295912e+01 7.957417337361225407e+01 6.564984444522626461e+01 7.021541260758962721e+01 8.977901539581716861e+01 1.048078109828628044e+02 1.152976470542644307e+02 1.174925631462055406e+02 1.092228422366391811e+02 9.669104141181449563e+01 1.035585035179238957e+02 8.523583509066190800e+01 1.035585035179239668e+02 1.139762965694372951e+02 1.054677804527512137e+02 8.551448353054998108e+01 7.391966887819476995e+01 7.955090148859414967e+01 9.093792464341962045e+01 9.921171075764453917e+01 1.093068521124301213e+02 8.936650878415026966e+01 8.936650878415026966e+01 8.909540357166007141e+01 7.197958198844526123e+01 5.173114514465797242e+01 4.150458148807970815e+01 5.751656224902450987e+01 4.104152170600681160e+01
5.140369377394848982e+01 6.414974168050937919e+01 7.620736725838942505e+01 7.698503199141241282e+01 7.343825623565584237e+01 9.276637433660351917e+01 9.187410824852153723e+01 8.381423951999278188e+01 9.187410231931268356e+01 9.332856958214340182e+01 7.596394615187719523e+01 8.813029043274613628e+01 7.767994663213850970e+01 8.744169742465179240e+01 1.012687177813400439e+02 1.210635314993276523e+02 1.248682756857375153e+02 1.165898459710518296e+02 1.135795036328755288e+02 1.052908476587058999e+02 1.135795036328755572e+02 1.220476273827431442e+02 1.137408299489523245e+02 1.022174722775986737e+02 8.551448353054998108e+01 9.028735888954099664e+01 1.078198255635002880e+02 1.086882023259911421e+02 9.871544851355022843e+01 8.936650878415026966e+01 6.931865411468380955e+01 7.668713219303909057e+01 6.067855876708821228e+01 4.626087513788493055e+01 6.185536356655160972e+01 6.592327025174246558e+01 4.560673668519749668e+01
3.610380549103084746e+01 5.603811756939240496e+01 6.456702111711081216e+01 5.735043280564647006e+01 7.398014420968905824e+01 7.941291862554358261e+01 8.674397203951569679e+01 9.470022013073652545e+01 1.057719199574741111e+02 1.043482749416575928e+02 9.613704641087798564e+01 1.031174506982699626e+02 8.741436809873319191e+01 9.002234500051407906e+01 1.038501549902562289e+02 1.236647515673168414e+02 1.158908109200611705e+02 1.075623754555515745e+02 1.049414885931915506e+02 1.132758248393568863e+02 1.161073467080570509e+02 1.018708243164132625e+02 1.161073467080570509e+02 1.137408299489523245e+02 1.054677804527512137e+02 1.102345633201850177e+02 1.185143102357144613e+02 1.004512535236379591e+02 8.048099493446702013e+01 7.043690100970353285e+01 6.329194768131299753e+01 5.650908117017492316e+01 5.138934894782101992e+01 6.657930181494727151e+01 7.488698116937416671e+01 7.133661728614336539e+01 5.108172736770637101e+01
5.603811741166749272e+01 4.103208411545718093e+01 4.469452024342151475e+01 4.907900801303068050e+01 5.426615786825668408e+01 5.982476819801945567e+01 6.734782127836963639e+01 7.865122562937922623e+01 9.779885087094478990e+01 1.084386977939465453e+02 1.092913038626583102e+02 1.140021276094090439e+02 1.063291309750550937e+02 1.095368710996438892e+02 1.178933153084080203e+02 1.209961970629492640e+02 1.075623754555515745e+02 8.729805747562554075e+01 8.466237828152617340e+01 1.015944341978433414e+02 1.070636374357954708e+02 8.750862691132655868e+01 1.070636374357954708e+02 1.134426585297979528e+02 1.051105019797397659e+02 1.024891765007579778e+02 1.108268739718700573e+02 1.086882023259911421e+02 9.871544851355022843e+01 9.046612422905245410e+01 8.239491490276363095e+01 6.227921202624273178e+01 5.861542077326689082e+01 7.876743096945587297e+01 8.405232680586948391e+01 6.394702473215905769e+01 5.880053819358487743e+01
6.902216761401301426e+01 6.093881575301637810e+01 5.882495337434571070e+01 6.317510260492208118e+01 6.531627133932487084e+01 7.941291862554358261e+01 7.588050316822075558e+01 9.470022013073652545e+01 1.028431851913290416e+02 8.908432961082176860e+01 9.073598192338958768e+01 1.092913038626583102e+02 1.094244052763627479e+02 1.176296200074765324e+02 1.180763912159253550e+02 1.079679781263734384e+02 9.244424236120235605e+01 9.244424236120235605e+01 7.295467315789169049e+01 9.323333879582538941e+01 9.871462788510601172e+01 7.842814332504052288e+01 9.871462788510601172e+01 1.051105019797397659e+02 8.485994502822904906e+01 8.222767964434333976e+01 9.556429788426139282e+01 9.556429788426139282e+01 1.039150873626082756e+02 9.653844898686020315e+01 7.653647126524465705e+01 8.239491490276363095e+01 7.029783330950772324e+01 7.509511579454151331e+01 9.231291647657241128e+01 7.819608938367440487e+01 7.308866186947891208e+01
6.922140165990822425e+01 7.740702382353144628e+01 7.842959893775937985e+01 8.268756573336943916e+01 8.479212284229789987e+01 9.278276788361279159e+01 9.513036497014998361e+01 1.031124303557793240e+02 9.475309280607790186e+01 7.548466536253729942e+01 8.965703438199383868e+01 9.555440699629102141e+01 8.980926559859375402e+01 1.094244052763627479e+02 1.097546954543851996e+02 8.948548144529733861e+01 7.932373072973091155e+01 7.216813380334725991e+01 6.657502047582796934e+01 8.097624846857615921e+01 8.402499829938057019e+01 7.203121077318409959e+01 9.229947819234142514e+01 1.099064764034802977e+02 9.079119583652224890e+01 7.054482603986186007e+01 7.531653236931757078e+01 7.531653236931757078e+01 9.556429788426139282e+01 1.047826518872671357e+02 9.653844898686020315e+01 9.858800374643861630e+01 9.033711653277826770e+01 9.510735967250415968e+01 1.033536792405121503e+02 9.819053461500955393e+01 9.311368408852932532e+01
4.892302918988828964e+01 5.818624456188048555e+01 6.982852596932097811e+01 8.951505292518972112e+01 9.716717492625728880e+01 8.899568437472761673e+01 9.716717492625728880e+01 9.610790596996933743e+01 8.805329766235961131e+01 6.857008914153620083e+01 7.006876241647222514e+01 7.599503478574996507e+01 8.727159290257837654e+01 1.068689414631261343e+02 1.180763912159253550e+02 1.079679781263734384e+02 9.962008844984129041e+01 9.244424236120235605e+01 8.097624846857615921e+01 6.076521714984066591e+01 6.379637807235954483e+01 7.808968690214624075e+01 9.835314426370057106e+01 9.209787098963336405e+01 8.133283340942183770e+01 8.124696558476951225e+01 6.106231115362805184e+01 8.124696558476951225e+01 9.200674962596220041e+01 1.036786821104354175e+02 1.062045211828609723e+02 9.787869485839934214e+01 9.700518072072858899e+01 8.866111914198540944e+01 9.700518072072858899e+01 9.600147131645503862e+01 1.043368467739609287e+02
6.922140165990822425e+01 7.740296213260668878e+01 8.629615939373108802e+01 9.765714591081430740e+01 8.731205516269619693e+01 6.929268686937899702e+01 8.731205516269619693e+01 7.644096925015534794e+01 7.644096925015534794e+01 6.230458408311307750e+01 8.197388199816634824e+01 9.555440699629102141e+01 1.037194428030351503e+02 1.150667807075277125e+02 1.158507958025329856e+02 1.075229375214023833e+02 1.044908503581490464e+02 8.425491411638648742e+01 7.708663367775211839e+01 5.690400347656085955e+01 7.708663367775211839e+01 9.239460591991083049e+01 9.209787098963336405e+01 7.188101007086034144e+01 6.704840672790315637e+01 7.648939691004703434e+01 5.634895468548084807e+01 6.345217295212442821e+01 7.508840316266373804e+01 9.532900120965774704e+01 9.459563134716441368e+01 7.776866460522238356e+01 8.693584169718110388e+01 6.852478909826139386e+01 8.174597608171727359e+01 7.584115661714375278e+01 9.600147131645503862e+01
8.143417922764541572e+01 7.325624458678150575e+01 7.557605312737496206e+01 8.375615375620155589e+01 7.914418562205331398e+01 5.935439693320896737e+01 6.924929129763528124e+01 7.213753899293921279e+01 5.665552890647861517e+01 6.219665086566206469e+01 7.615732173043168984e+01 9.579095852704800507e+01 1.106824119674305393e+02 1.105817681109975723e+02 1.022423394128141609e+02 8.727796316405877519e+01 9.927968921033244953e+01 8.425491411638648742e+01 6.403047335614431290e+01 5.399614475891784338e+01 7.414269364080969638e+01 9.141078811230906354e+01 8.816449491720747744e+01 6.798216756273923522e+01 5.546001115348758503e+01 6.679636113469651093e+01 5.188702559671900616e+01 7.198585711894340022e+01 9.200674962593240025e+01 9.721230553407667685e+01 8.562965803043235269e+01 6.624273422599665651e+01 7.859295412012242821e+01 5.853405700700243841e+01 6.166342995327867982e+01 8.174597608170532226e+01 9.748217985416835063e+01
6.980017871172894672e+01 5.331721251693569741e+01 5.587664704479669098e+01 7.557258231531916692e+01 7.372156913105047238e+01 6.553075741470732396e+01 4.934975884490620501e+01 5.227877750841799553e+01 6.636131448832884416e+01 8.190788080880685129e+01 7.152964923827141774e+01 8.286978982875432109e+01 1.024923226567322985e+02 1.022423394128141609e+02 8.197895973849402651e+01 7.557760677015642159e+01 8.151071229687011055e+01 7.068091419125323682e+01 7.137535177569642997e+01 5.127678103338084981e+01 6.283374104269750404e+01 8.304340893258596168e+01 8.190341426253517909e+01 6.798216756262671367e+01 4.791186444942606926e+01 4.673493121625025282e+01 6.679636113469651093e+01 7.198585711867768566e+01 9.218943647571630606e+01 8.888521576862918039e+01 6.884071732356395046e+01 5.735456092733431177e+01 6.838704888079611521e+01 5.100558271105874297e+01 7.101140364359655166e+01 6.903291956566123133e+01 8.914629048733243621e+01
5.392908719905037174e+01 4.175939814383135484e+01 6.164405343862939191e+01 7.045578094033602667e+01 6.230176123355802531e+01 4.558966263091577531e+01 5.060788821622359990e+01 7.050504717710012414e+01 8.030605954716780559e+01 9.425080460600665333e+01 9.116324804631689460e+01 8.541266671475212036e+01 1.050463794885101692e+02 9.961831435368496557e+01 7.934578874324651565e+01 6.766509935332105385e+01 6.130141733444125407e+01 5.644584710121925752e+01 5.210525312702872469e+01 4.868484383992130660e+01 6.873627959350795891e+01 7.559849467116173116e+01 7.354278674058237186e+01 5.343014848321898569e+01 4.187898453017599820e+01 6.193074969030905663e+01 7.515289906290826139e+01 8.495158838668156420e+01 7.650582212324002285e+01 8.495158839643896442e+01 8.131455998971530619e+01 6.223030603019144991e+01 4.846160725535274594e+01 4.602126983381214131e+01 5.269814930779195805e+01 6.683456034194615825e+01 8.694165459553697417e+01
3.394614964089235798e+01 3.543103753932122402e+01 5.541406175503739462e+01 5.915364100092750022e+01 4.233730300166543259e+01 6.230176123355802531e+01 7.050504717709921465e+01 5.846478789041084667e+01 7.250421631599853356e+01 9.220831789771037279e+01 1.031856093429135655e+02 1.050463794885101692e+02 1.132432463372450542e+02 1.079634926021402208e+02 9.628036392474579941e+01 8.791396623534481591e+01 8.151071229687011055e+01 7.660923831161379383e+01 6.024038592600589226e+01 4.612677460591482514e+01 6.310741941885104467e+01 5.547560580763024518e+01 5.966272164798455435e+01 5.797937595675326605e+01 3.903055187108675739e+01 5.909407160918867419e+01 7.672969235229560070e+01 7.472413569076135786e+01 5.602398404689620293e+01 7.472413569076849171e+01 8.634264831780330951e+01 7.668824264280348757e+01 6.116198175823005556e+01 4.117103658340094086e+01 5.529222906597029663e+01 7.533281831559260411e+01 8.803110435060442285e+01
5.183944163507791814e+01 5.541424607734959551e+01 3.761128902906700233e+01 3.917223113813063406e+01 4.143776031248393110e+01 6.141852679798999048e+01 7.289417780992097562e+01 7.827541405209333902e+01 6.785140631236637887e+01 7.533542234942053994e+01 8.669628299220950396e+01 1.063587461294069527e+02 1.175429444443092137e+02 1.058766305810513728e+02 9.752647117757486228e+01 9.035641259250994040e+01 9.562142337954593074e+01 8.877375507201919902e+01 7.155887757868029553e+01 5.036050294833093233e+01 4.306433543642183537e+01 4.131978860883305060e+01 3.960334459373555660e+01 3.790838872536934190e+01 3.622817053449886515e+01 4.840560652750730242e+01 6.261076501199892874e+01 6.626490308495546344e+01 4.589062415118801397e+01 5.588449925589040390e+01 7.760530913502293515e+01 7.509836929908531999e+01 5.808505996345117239e+01 3.806991829025997021e+01 4.807484500249871218e+01 5.960760319784326811e+01 7.969021856549341010e+01
6.006560722455844115e+01 5.759350303818838768e+01 5.759401768203382233e+01 4.919202295486867627e+01 6.141849685500807965e+01 4.471053613774233071e+01 6.468387674857640945e+01 7.629183606421322850e+01 8.757160474335992717e+01 9.500661774421494954e+01 1.031856093429135655e+02 1.145615617653452460e+02 1.092197072055939202e+02 8.896642830016986636e+01 7.724648298955810333e+01 7.009022550860193235e+01 7.535811158403190291e+01 7.588453290716920208e+01 6.738730897297303102e+01 4.734483358894561178e+01 6.310741933772286671e+01 5.547560580762515769e+01 5.377144567617704496e+01 5.797937597437794466e+01 4.840668276076625887e+01 3.419044977228534776e+01 5.230831782608701275e+01 5.195418059447901271e+01 3.876578814526343564e+01 5.906174846806759149e+01 7.861186416178851744e+01 6.677026794950663202e+01 4.673451811715328574e+01 3.515646893472297307e+01 5.520267271801122888e+01 6.247599726037714873e+01 8.258117308261044798e+01
7.283292905305891907e+01 7.745904905694312959e+01 7.730769803859824663e+01 6.331222840557403231e+01 6.468374861955578581e+01 6.468387674857640945e+01 4.812758453033610806e+01 6.227572730476262564e+01 8.211537164437325487e+01 1.005270471499209464e+02 1.012949214517910690e+02 1.012949214517910690e+02 1.095064955547089767e+02 1.058766305810513728e+02 9.752647117757486228e+01 8.129309819964068140e+01 6.105609992121568297e+01 5.568785348924831879e+01 5.193424717409295965e+01 5.856048370016497984e+01 7.516874683388299161e+01 7.559849461164971274e+01 7.388551999881065058e+01 7.686022031067474813e+01 6.263345155373015416e+01 5.230831782608701275e+01 3.218221965893197734e+01 3.083296375559361024e+01 4.738145786643856638e+01 5.671555244679097996e+01 5.880822032989651404e+01 6.634528040472795851e+01 5.245467186557709738e+01 3.237289905564218628e+01 4.243334647078309274e+01 6.247599726040471069e+01 7.196353968572286419e+01
