MOVIE_S10_data/elevation_000246.asc
nrows	100
cellsize	150.0
xllcorner	0
ncols	100
yllcorner	0
NODATA_value	-9999
[rows 17 to 33 of 100, columns 0 to 36 of 100]
5.222468517465790605e-02 2.005222468517430201e+01 3.463358156844715552e+01 3.463358181351213716e+01 5.435651467903618794e+01 6.016466727657650182e+01 4.309811255021311638e+01 6.016466727657650182e+01 5.728625840556637172e+01 3.763193174529856577e+01 2.363621841920468469e+01 4.027631232417068219e+01 2.986091187793124391e+01 4.965559040005363300e+01 5.975608996011433049e+01 3.807732341852985058e+01 2.216065260482917409e+01 3.653859817941162191e+01 4.762824662828825950e+01 4.800192841649813857e+01 4.184121790777550842e+01 2.178165026731507581e+01 4.173306481527148293e+01 3.792488958052913262e+01 2.896654328726213734e+01 1.939204689979010254e+01 2.060057189065688021e+01 3.720335985527243849e+01 4.337609115594744225e+01 4.004434792698778267e+01 5.634324592159503453e+01 5.047494399425540479e+01 7.051058002267872382e+01 7.636676420563914292e+01 8.465669966018842274e+01 9.621951693294711561e+01 9.088107459640413310e+01
7.333276091007127906e-02 2.007333276090971452e+01 3.163906404340380973e+01 4.454420160249381411e+01 5.283744978416493865e+01 6.398988113748442430e+01 6.356594624454037046e+01 7.177632926544002601e+01 6.116590812692464141e+01 4.157432808717999251e+01 2.763242602739666154e+01 4.731256898949310141e+01 4.384573595416497938e+01 4.384573595416497938e+01 6.368181979873166654e+01 4.743768674523184359e+01 2.688549666969860041e+01 4.743768674523184359e+01 6.585650604941288577e+01 5.940833868831600739e+01 3.943062242167621889e+01 2.522563698519367037e+01 4.528196007541462365e+01 5.568920218190823590e+01 4.594139543766872436e+01 3.977698100432579054e+01 4.076669940503277445e+01 2.233304256302624324e+01 2.364958495867374566e+01 4.372465695681825792e+01 3.627849165356892769e+01 5.634324592159503453e+01 6.478771894743005078e+01 5.631126951661901359e+01 6.789651598539624899e+01 8.793733845420395312e+01 9.920869438355842362e+01
6.343274376862209629e-02 3.351412489878032197e+00 2.335256790672907456e+01 2.453370610156319032e+01 3.468251391072894307e+01 5.032180477786189954e+01 5.924485587854655932e+01 7.075814627518616362e+01 6.288269957092902018e+01 4.332518324208358251e+01 3.198418481052246065e+01 5.159116233180272104e+01 6.368181979873166654e+01 6.368181979873166654e+01 7.200606612752024205e+01 5.338816235834558910e+01 3.277511017612038557e+01 4.362743808125622280e+01 6.439134909304469545e+01 6.047524046329879610e+01 4.050146084544621061e+01 2.889277891743779136e+01 4.050146084544618219e+01 6.047524043884330780e+01 6.177319519218198707e+01 4.784321392237696813e+01 2.712956681653737334e+01 4.289170519787023750e+01 4.372465695682076614e+01 2.553794572612238412e+01 4.561818363291160239e+01 5.586350776668447793e+01 4.472791607671468483e+01 6.478771894742973814e+01 7.557523857236344611e+01 8.371497649841539612e+01 9.737503945856562382e+01
3.497053469895897854e-02 2.003497053469860489e+01 8.202125014692418503e+00 1.452668535637865865e+01 2.208586300514282286e+01 3.102769072231075853e+01 4.255645954293347444e+01 6.248740539474445654e+01 7.112142109975361848e+01 5.950727909457364717e+01 4.180846669357337930e+01 4.038589475775371795e+01 4.775423692983437718e+01 6.733943165999605185e+01 7.426871516601670464e+01 5.338816235834558910e+01 4.002103104212201146e+01 6.069888923135626158e+01 7.306618030389762453e+01 6.869942253803169763e+01 5.312176729584635382e+01 3.308797469652299839e+01 5.312176729584635382e+01 6.869941863403110460e+01 5.315208900609113840e+01 3.225102690254039572e+01 4.784321392290816277e+01 5.647085740111881336e+01 5.391782018090190576e+01 3.974343473915904923e+01 2.747947942250117137e+01 4.756483411031160813e+01 3.802844729240223387e+01 5.805977160816904359e+01 5.605072923493387549e+01 7.557523858480561785e+01 7.730876350741107217e+01
9.635555453094322986e-02 2.009635555453058942e+01 2.820570044331432058e+01 1.469098607788053990e+01 3.469627239691862286e+01 4.755234246005590393e+01 5.388181636333303004e+01 6.144937186549788066e+01 6.974542360555660991e+01 6.906586890109393551e+01 5.542975268943461487e+01 5.163188903483332126e+01 6.733943165999605185e+01 6.153900669022883818e+01 8.134289628953575857e+01 6.938532751811496269e+01 5.025893966762113507e+01 6.938532751811496269e+01 7.525467263689533581e+01 5.538946850326869509e+01 4.383549012128262490e+01 3.867393002261668755e+01 5.867055769049079572e+01 6.393958674052387892e+01 4.264419675214965366e+01 5.315208900609113840e+01 3.888689246024413393e+01 5.995186535931471639e+01 6.809220562264468413e+01 5.586344887209496335e+01 4.756482633246370995e+01 2.944720166271975970e+01 4.953499077560648800e+01 4.200165601213316791e+01 6.106326524024905922e+01 6.681018519918085019e+01 6.312980750448696909e+01
8.845047570523793812e-02 1.423058609943631403e+01 3.423058609943560526e+01 2.883470955283158332e+01 2.199401964725238301e+01 2.754117185454989425e+01 3.386626243838105665e+01 4.142750197409106505e+01 5.558252830247971588e+01 7.561318516365777498e+01 7.454408919152801616e+01 7.125597981736262909e+01 7.953842743454640640e+01 8.134289628953575857e+01 8.968692784770742321e+01 7.984589638172160164e+01 7.113883879509145913e+01 7.984589638172160164e+01 8.347895303417153912e+01 7.201146899441928895e+01 5.796987688883823608e+01 4.473867624731468595e+01 6.468967402378399356e+01 7.248901661178335587e+01 5.227408800031848557e+01 6.555774184270603655e+01 4.444256184864542547e+01 5.610699484752705501e+01 7.705957726384338002e+01 6.586959712018327195e+01 4.585468265471933336e+01 3.844631328456988939e+01 3.152703632639837750e+01 3.300798396020355341e+01 5.303537096317901955e+01 4.675967434458470962e+01 6.678581306276983298e+01
8.023991185656004221e-02 1.422237553558763601e+01 3.422237553558834122e+01 4.884733691181580184e+01 4.200224232927051560e+01 4.755234246005590393e+01 5.388181636333303004e+01 6.144937186549788066e+01 6.974542360555660991e+01 7.564109225457063701e+01 6.735191497046558595e+01 6.994249879113498025e+01 7.823523958048568261e+01 8.967068833592396970e+01 8.139377833615844793e+01 8.621632291998622577e+01 7.793916719507816993e+01 7.582165374820769443e+01 8.409899331767640263e+01 8.605306110000050523e+01 7.133753419173345378e+01 5.142367597541475988e+01 7.133753419173345378e+01 8.218480598418136651e+01 6.513837188380999521e+01 6.821713251367224018e+01 5.063517467693377938e+01 7.192237750956476816e+01 8.550980991962345001e+01 7.407636201880706039e+01 5.482600036861602888e+01 5.849701251348282227e+01 5.161250666210132465e+01 5.308947199193217159e+01 3.515869495435730130e+01 5.516975591846421878e+01 6.069044814045134473e+01
4.598823041778624804e-02 2.004598823041743216e+01 3.187713392633633447e+01 3.894820173820158260e+01 3.894820173820300369e+01 5.894820173820229314e+01 6.858551773479321412e+01 6.049208006273216398e+01 6.858551773479321412e+01 6.416401524081166485e+01 4.752810983223564989e+01 5.009279090113779631e+01 6.994249879113498025e+01 8.139377833615844793e+01 6.140369799100962211e+01 6.725865696763979429e+01 5.794743609463375833e+01 5.582880796530612599e+01 6.996792861282759191e+01 8.995379636044641813e+01 7.968035415175219782e+01 6.140000669355423923e+01 7.968035415175219782e+01 9.485645234748253074e+01 8.642603368593381674e+01 7.973997345597976505e+01 6.311628705582300114e+01 6.427921688849068005e+01 8.507441661864780258e+01 8.300286085606502695e+01 7.480476691054073513e+01 7.564309316070664124e+01 6.101595757448759372e+01 4.097118407829265152e+01 5.522952988755066173e+01 3.754544181394994240e+01 4.102200165451213110e+01
7.340434288523949025e-02 5.846907034781471779e+00 1.187713392633669152e+01 1.894820173820229314e+01 3.309033736193374153e+01 5.309033736193444497e+01 5.869514508904241268e+01 4.061131946970384377e+01 5.869514508904241268e+01 5.590663573754584803e+01 3.612397786563946056e+01 5.590663573754584803e+01 6.890538430647488610e+01 7.314587033182540665e+01 6.486682992508312395e+01 4.726049299472703069e+01 4.639822926571106620e+01 6.639693586267001990e+01 6.996792861282759191e+01 8.995379636044641813e+01 8.993447522078243139e+01 8.135460621227667843e+01 8.982070624079906906e+01 9.400875104316509123e+01 9.981754088669218561e+01 9.231123046282394284e+01 8.395172077739958638e+01 7.912336417596453941e+01 9.342831988209502470e+01 9.322335458413813569e+01 8.151553607892007847e+01 6.148545771280070227e+01 4.731538951239518553e+01 5.514841056441771627e+01 6.590327183251858401e+01 5.760341959535565337e+01 4.029994253573551788e+01
3.515918393995972474e-02 2.003515918393960504e+01 3.187713392633633447e+01 3.894820173820299658e+01 4.723247298566519703e+01 5.707967128553775638e+01 5.055169976621800032e+01 3.061456519903526896e+01 5.055169976621800032e+01 4.994193996326547591e+01 3.001614351283370041e+01 4.076984553004730572e+01 6.063690223749249952e+01 6.160133116272256615e+01 4.486764005272907951e+01 3.909220376037770706e+01 5.909444071328216808e+01 7.467559820021963901e+01 8.995379636044641813e+01 9.823005802252080798e+01 9.977370248608006875e+01 9.168646075060631517e+01 8.794183564712538725e+01 7.406353667553129583e+01 7.990535471159192582e+01 8.775326778481607448e+01 9.599610272145146439e+01 9.944152813616742037e+01 9.908238220022342091e+01 7.908281947916377419e+01 6.491128214164577059e+01 5.488756175281305616e+01 6.148545771280070227e+01 7.518146914405988923e+01 7.638577678845166474e+01 6.229529756397887041e+01 4.227125469569252658e+01
4.608085242692564615e-02 1.418821647615775028e+01 3.418821647615703796e+01 4.530918590517804034e+01 3.700034922577196284e+01 3.700034922577196994e+01 4.390598824382373522e+01 2.395681082798602546e+01 4.390577991025189419e+01 4.441544343101183756e+01 2.400069262407224002e+01 4.441551836276621401e+01 5.957957754098773506e+01 5.332029226870498917e+01 3.331704687478365656e+01 5.332029226870511707e+01 6.737441293635873762e+01 7.846804572445087445e+01 9.417346130825990258e+01 8.589368856115578410e+01 8.839659946181527062e+01 7.180865151705849314e+01 7.990535471159192582e+01 5.985133955686559659e+01 7.509857862540863493e+01 6.774444737223167579e+01 8.191333001791825552e+01 1.018521247450755851e+02 9.908238220022342091e+01 7.908281947916377419e+01 6.491128214164577059e+01 7.492591896052107359e+01 8.151553607892007847e+01 8.226352443783100910e+01 6.220524695044413477e+01 4.804074436518380509e+01 6.229457473677512525e+01
1.610643649003322755e-02 1.415824206022110943e+01 3.415824206022181642e+01 3.688249443149037177e+01 1.698077470092430730e+01 2.561248816604857481e+01 3.059749409726612512e+01 1.819529206064036941e+01 3.813906497032368748e+01 3.361090151319639574e+01 1.844338851513768773e+01 3.124461653761207103e+01 5.132605847468236249e+01 4.972760333821417333e+01 2.972477289739990169e+01 4.972760333821417333e+01 5.018820018326933763e+01 7.018653500848489557e+01 8.260383090591703592e+01 6.583377030992878076e+01 7.949054135017132694e+01 6.017422629368999054e+01 7.232808563703075322e+01 5.213929049352876177e+01 5.494947030227771023e+01 6.924029611352928271e+01 8.924172371780106516e+01 8.898763700914315677e+01 9.725703926715505077e+01 9.322335458413814990e+01 7.908281947916377419e+01 8.494055577939640500e+01 8.876981696171834813e+01 6.871607659088691378e+01 5.452605237023738027e+01 6.808018040757829681e+01 7.055999766340882218e+01
2.022278438842990689e-02 2.002022278438807490e+01 2.209317125883036681e+01 2.311112813031101609e+01 1.433830370529684295e+01 5.609580877584031455e+00 1.062334027323095853e+01 2.821024236049547440e+01 2.930976140638770033e+01 1.201341444865543018e+01 3.344416604400679915e+01 4.763031680560831660e+01 5.021478678386348804e+01 4.193238099318237744e+01 2.629542809892423350e+01 3.385486944560131661e+01 4.800039662093060144e+01 6.799937919296711186e+01 7.359265712096078005e+01 5.410799735385489839e+01 7.126856392633239068e+01 5.103235758363723562e+01 6.115338046402823124e+01 4.522560987988332926e+01 5.971307889825771298e+01 7.981295969943820978e+01 8.571265096727277921e+01 6.897917853988739978e+01 8.571265096727277921e+01 9.764050949857846717e+01 9.908238220022342091e+01 1.049348902944036155e+02 9.096087896748971957e+01 7.091033841098257540e+01 6.008567867999104095e+01 8.015625841642631144e+01 7.592570138506577848e+01
6.642187732006160639e-02 1.079161244403727071e+00 2.093201497530512878e+00 3.111174694649086359e+00 4.133126964531766312e+00 2.413382383600649206e+01 7.136868614531977073e+00 8.220065777173463317e+00 9.308278701175671799e+00 1.045270321277236114e+01 3.041548375088415312e+01 4.032233758982371796e+01 3.776228127597261874e+01 2.193342151660406358e+01 4.193238099318237744e+01 5.385697905795829143e+01 5.536899118848315737e+01 5.541417550450994156e+01 6.378348417635642420e+01 4.487866342962146149e+01 6.527590686130967867e+01 6.115169215428783644e+01 4.064915302373529471e+01 4.064915302240564188e+01 5.976134453425476778e+01 6.268635346004589337e+01 6.582753210585454440e+01 5.732972819398301567e+01 6.934954567147329385e+01 8.401421818807543218e+01 9.228440406669841423e+01 1.022713588166317464e+02 9.926349334384794076e+01 8.620513414752008430e+01 6.614328294399527408e+01 8.620513414752007009e+01 8.197923432254810905e+01
1.591255364720534082e-02 2.001591255364684940e+01 2.209317125883036681e+01 2.308683167265305514e+01 9.679856229925979605e+00 2.947641507932166505e+01 2.717841945518639335e+01 2.822629033708305357e+01 1.931189862912762223e+01 3.041489437099505366e+01 1.207251649669842131e+01 3.204041480728238156e+01 1.776924786251452204e+01 3.668769246658759187e+01 3.809391030866255079e+01 3.951228876138333845e+01 3.494783940867500860e+01 3.494910261468298529e+01 5.541577457000781948e+01 3.752834371081578979e+01 4.838358151800646567e+01 5.003659248658039616e+01 3.434915176339841736e+01 5.497290905648693382e+01 3.919423275312205845e+01 4.221157401068431625e+01 4.547036791182232918e+01 4.911711822535263394e+01 5.636660570562168715e+01 6.400157834903932041e+01 7.402398510830781220e+01 9.400445126784306638e+01 1.003676094785698893e+02 8.033884478862482581e+01 7.773856245645013985e+01 9.450476507618449773e+01 9.028349446228311592e+01
6.189296070378335485e-02 1.420407461853067410e+01 3.420615854388264410e+01 3.760044638630736102e+01 2.947641507932166505e+01 1.907148259749950014e+01 3.875518876948930824e+01 4.763956475789650113e+01 3.345410083260419043e+01 4.022379507713026214e+01 2.863138274670189531e+01 1.370224512411915896e+01 1.501541972566647232e+01 1.638019796411087370e+01 1.775808873759689632e+01 1.914827158035982890e+01 2.054989996257320328e+01 4.094317323425259048e+01 4.456081969257878939e+01 4.611978368096681891e+01 2.782226449668562296e+01 2.944412338210430846e+01 3.221036816974712735e+01 3.504162297726055186e+01 5.568847303277484428e+01 5.151477601778577764e+01 6.582753210585454440e+01 6.934954567147373439e+01 5.545735661973456132e+01 7.555039065830575851e+01 9.068778737905967091e+01 1.022713588166317464e+02 1.086706853639388441e+02 1.003676094785698893e+02 9.777068616048373428e+01 1.060717338687879874e+02 1.018590954121188901e+02
2.247884206357958492e-02 2.002247884206322581e+01 3.237542702834016239e+01 3.993471648852457179e+01 4.695646780405202492e+01 3.875518876948930824e+01 3.152741322728723006e+01 5.119216192419745681e+01 5.350861072668974572e+01 5.165710823135365359e+01 3.753049457965893509e+01 1.828255347672127584e+01 2.005170622653742640e+01 3.618204372967438331e+01 3.809390723090276509e+01 3.951228876138168999e+01 4.093183971293474599e+01 2.257882502758959475e+01 2.408914777551363429e+01 2.561250926582861354e+01 4.611992496206913472e+01 5.004348420357545990e+01 3.311095286090053946e+01 4.158176071660969342e+01 6.138735860291433966e+01 7.172434818964144654e+01 6.804909394781822130e+01 8.382636791807894383e+01 7.555039065830575851e+01 6.239763893177512699e+01 8.241696172865952974e+01 1.001049633231656060e+02 1.116304746742400766e+02 1.105887744862386057e+02 1.023996881516100927e+02 1.023996881516100927e+02 1.057364514488730691e+02
