MOVIE_S10_data/elevation_000633.asc
nrows	100
cellsize	150.0
xllcorner	0
ncols	100
yllcorner	0
NODATA_value	-9999
[rows 51 to 67 of 100, columns 37 to 73 of 100]
7.520493608863776558e+01 5.835517999552521218e+01 5.408796032730268166e+01 7.421307861955901330e+01 8.428461881494216357e+01 1.044423744554223674e+02 1.020459322820166221e+02 9.372224657029273942e+01 9.855124656767507929e+01 1.068629529698358738e+02 1.163513958849043917e+02 1.242430171911296526e+02 1.042096291054686077e+02 9.000777612558432850e+01 9.347403744499540323e+01 9.592509437280374129e+01 1.100773879421108603e+02 1.069814643195189348e+02 1.152413576863127673e+02 1.098063747840380699e+02 1.015215418873899154e+02 1.062043302634230741e+02 9.789386064284747135e+01 1.037591056594737893e+02 8.366758808341300835e+01 7.211417426790812613e+01 7.036858579912181710e+01 8.804616005096153231e+01 8.144471218623728248e+01 7.036858579912181710e+01 9.040548666525835131e+01 9.437233037133903224e+01 8.435316714653284009e+01 6.788905333861421809e+01 4.795577560628441915e+01 6.225107099629217799e+01 7.053930512490835270e+01
8.682954825095579565e+01 7.848826853111404489e+01 6.569803758362402846e+01 6.414153842417601936e+01 7.837726252984262487e+01 9.854623847619932064e+01 9.934229350900105260e+01 1.076521061691727539e+02 1.056599601997878750e+02 1.014997978642430212e+02 1.098148332755335304e+02 1.198539384821603875e+02 1.183571230558482483e+02 1.016051455434922133e+02 1.135347536398419521e+02 1.159794463177577484e+02 1.108825257495523147e+02 1.103568767693749777e+02 1.023856376816297455e+02 9.409407127938291637e+01 8.146823713589773774e+01 9.409407127938291637e+01 1.023856376816297455e+02 1.120673433333592470e+02 1.004731918029766859e+02 8.627447892680440589e+01 8.191508577384996670e+01 9.871999277788235361e+01 9.750291912119934068e+01 7.742834864676217421e+01 9.750291912119934068e+01 8.606805945294364335e+01 6.603385733903770927e+01 5.605845567637709337e+01 5.943355285074385819e+01 7.618518750452787458e+01 7.932524457921553562e+01
8.588951666817618502e+01 9.418479821967801513e+01 8.584484098891326198e+01 7.837726252984262487e+01 9.262585282390462282e+01 9.612692175101093994e+01 7.942128515320109727e+01 9.612692100387442906e+01 8.565619304629929331e+01 8.153052372832662797e+01 9.145906100755617274e+01 1.115405347209297986e+02 1.299133078441374209e+02 1.216503619046010556e+02 1.177482648066448974e+02 1.050184198099480710e+02 9.080812753822240779e+01 8.975814513110780979e+01 9.409407127938291637e+01 7.398205357108005842e+01 6.980169335802173691e+01 7.398205357108005842e+01 9.409407127938291637e+01 9.657129428978036856e+01 1.048552695274046869e+02 1.063663870820785036e+02 1.020035899712363090e+02 1.103136636456493136e+02 1.058172074885313521e+02 8.900321467864908698e+01 1.058172074885313521e+02 9.437233037133903224e+01 7.605095839599067631e+01 6.603385733903770927e+01 7.943948180675698723e+01 8.774210588718953829e+01 8.827852492980400712e+01
6.745871470558545013e+01 8.171682530694813806e+01 1.018954138144756456e+02 9.854623847619932064e+01 9.482229455319965439e+01 8.654556645120189273e+01 6.810840928301685437e+01 8.343734278992359066e+01 7.172862845080960881e+01 9.151516079628476064e+01 1.098148332755335304e+02 1.198539384821603875e+02 1.234539196076615468e+02 1.119146855211258753e+02 9.777916200739205976e+01 9.668736127151750281e+01 7.655573896766335906e+01 7.544640201649214362e+01 9.227165924865914803e+01 7.987258329017717529e+01 5.972806932518624023e+01 7.987272717449802428e+01 9.327556876353094140e+01 7.649091128423586383e+01 9.327556876353094140e+01 1.034871737710916051e+02 9.520499215981747909e+01 9.779859387871712784e+01 1.060812874215003347e+02 1.091137313143823917e+02 1.174171466351151309e+02 1.043964721097443658e+02 9.437233037133903224e+01 8.606805945294364335e+01 9.437233037133903224e+01 1.028424077598672994e+02 9.985308921499316170e+01
8.588951666817618502e+01 9.596965697737724099e+01 9.314200118837050013e+01 8.486859548864492808e+01 8.338372477082754131e+01 6.680352631808544572e+01 6.010927885409346061e+01 6.376963335236117558e+01 7.761510987793739957e+01 9.749345645532166316e+01 1.061271447354968700e+02 1.177148433946315293e+02 1.151560691882809664e+02 9.518868407311848046e+01 8.359295873430967561e+01 9.291875817331785470e+01 8.395489495887456144e+01 6.377858404148420846e+01 7.534321867528458938e+01 7.252603612582718995e+01 5.459838229664922693e+01 7.467138497805682107e+01 8.497787973610438428e+01 6.484884415448149753e+01 8.497787975609824684e+01 9.190955225681258867e+01 7.512790862603952746e+01 7.773781709212501312e+01 9.779859387871712784e+01 1.113016916962814804e+02 1.116740099473309158e+02 1.040640634127826303e+02 1.121876689126435451e+02 9.962166281668886825e+01 9.151185922841955289e+01 8.321732202577479143e+01 9.287630485449356854e+01
9.522089034166799593e+01 9.501739769161481775e+01 8.486688536933370131e+01 6.510469970578392918e+01 7.089234288501779702e+01 5.541716377520938863e+01 7.514749570047064253e+01 8.343734279206506699e+01 7.172862845080960881e+01 7.789756905526775199e+01 8.933089438661873771e+01 1.093996784333850627e+02 1.153155021662542765e+02 1.037682752438941804e+02 9.291875817331785470e+01 7.277858591624058704e+01 8.391179224846905527e+01 7.534399231881866399e+01 5.525203693277470052e+01 5.249343936826008417e+01 4.981892651124213245e+01 6.647186828799864600e+01 6.887840223895669567e+01 5.777506476027218696e+01 7.786119096233952064e+01 8.361348257704815978e+01 6.348503668034803837e+01 7.136377991830291023e+01 8.299000691464628687e+01 1.030179679405630822e+02 9.209991751531255488e+01 8.444995436788180143e+01 1.008637943683698381e+02 9.151185922841955289e+01 7.150324288010723706e+01 6.887056366904319304e+01 7.331271797168311366e+01
8.909645728698697553e+01 7.489784550579976496e+01 8.481887077939470032e+01 6.510319585963482325e+01 5.105989006624621851e+01 7.089234288501779702e+01 8.338377550196395305e+01 9.292950371128837617e+01 9.151516079651685232e+01 9.781296056167597897e+01 9.193305170800903170e+01 1.120083162617165868e+02 1.070298971491502158e+02 8.703068826234361666e+01 7.536779837844292729e+01 6.894222518855522708e+01 6.372063085388698767e+01 5.993487687113380957e+01 7.534399231881866399e+01 7.253004916483793352e+01 5.400102294529563807e+01 4.654613727133894230e+01 4.891116033800178542e+01 6.887840223953115526e+01 6.629496174204321335e+01 7.055799217458040573e+01 5.716412458655872797e+01 6.875026285323505704e+01 8.884980576212883818e+01 9.783303645307847773e+01 7.808922106799380458e+01 7.291084515875677141e+01 9.202429568623176692e+01 9.074599933062359014e+01 7.736363092636788963e+01 5.698622174274726859e+01 6.783398530865564169e+01
7.904662305799813282e+01 6.064521505925466016e+01 7.904662305799813282e+01 6.814189962037818304e+01 4.819660179561507363e+01 6.814189962037818304e+01 7.838369079676702711e+01 7.235861781173298368e+01 8.693726594063316782e+01 1.073960454061683691e+02 1.120083162617165868e+02 1.203212377629847367e+02 1.081294199289994964e+02 8.813422536794803364e+01 8.544525366422736568e+01 8.912225303296150969e+01 8.391179224846905527e+01 6.754768300795115010e+01 8.677090955065430933e+01 6.665654523567816625e+01 7.404946856628578189e+01 6.334049473635457161e+01 4.346198350568323576e+01 6.054295175392748973e+01 4.636941465192661838e+01 5.056260704920087079e+01 6.446619312662303969e+01 8.353733411538472353e+01 9.713774399799652315e+01 9.783303645307847773e+01 7.808922106799380458e+01 6.386684665192201038e+01 8.387205070778982474e+01 8.253490999150919549e+01 6.253471163424363510e+01 5.134359145651931300e+01 7.115936604276852506e+01
6.869112709825380136e+01 5.044071844924044257e+01 5.988354631036735043e+01 6.187466783556032368e+01 4.534535467153565236e+01 6.545244605390521997e+01 5.785605590130074205e+01 7.235861781173298368e+01 9.292950371152394951e+01 1.047416563578886013e+02 1.016632766913413377e+02 1.100425904947138207e+02 1.164164872844401373e+02 1.022835086606529984e+02 9.963141610673149273e+01 1.019062807136227633e+02 8.184484947339288397e+01 8.184484947339288397e+01 8.677090955065430933e+01 8.677090955065430933e+01 7.601302906580534113e+01 5.597599296201368446e+01 6.054295175388077155e+01 4.070468220773535961e+01 5.807262663484591059e+01 6.636150407115856353e+01 6.995127342571639417e+01 7.825115428456595623e+01 8.014730090617814540e+01 8.842787060190438808e+01 7.852543502710703649e+01 5.847466074448647078e+01 7.143641579546617493e+01 6.716796029205006846e+01 6.318520656505430821e+01 4.646893707352518277e+01 6.620481641492558822e+01
5.512091081682178384e+01 5.711136681087139522e+01 3.912686643550049581e+01 4.127845765954617718e+01 4.447045541825811910e+01 4.763645220316740847e+01 6.811987334906012848e+01 7.727261640241133023e+01 7.573402828122209485e+01 8.865935195756276244e+01 8.110226635127176564e+01 9.570306072826721788e+01 1.160525109040673044e+02 1.222426981974710998e+02 1.196100551661753713e+02 1.101955024268853975e+02 1.019062807136227633e+02 1.019062807136227633e+02 1.068120776866403929e+02 9.608044569843947613e+01 7.601302906580600904e+01 7.601302906580329477e+01 6.883918453771030954e+01 5.807262663484591059e+01 3.827647487244905733e+01 5.584525928068194389e+01 5.000235691078197675e+01 6.995127342571639417e+01 6.007995335419428073e+01 7.685488184683596558e+01 8.554085743013911269e+01 6.559416478068493461e+01 5.141558483213830044e+01 4.725354695567776986e+01 4.341974044985640546e+01 4.226820285759630025e+01 6.189859842287706471e+01
3.428205386488034634e+01 3.623385271398888818e+01 5.715792345653726869e+01 6.187451926408814273e+01 6.590768238539743606e+01 6.811987334860417320e+01 5.261656298362700568e+01 5.675238586206103975e+01 6.116665453288351273e+01 6.798605798361531072e+01 8.264371322728374025e+01 1.031823885665388048e+02 1.216241198832979933e+02 1.132618913215159040e+02 1.106246754248029731e+02 1.190257731393736407e+02 1.188388182170128715e+02 1.140521612611612596e+02 1.025018750491053225e+02 9.421771142514802477e+01 8.320931080878143860e+01 7.490031737728909889e+01 6.369718948480851139e+01 4.381135682271591492e+01 5.584525928068194389e+01 3.609917244281071191e+01 5.367772798620432440e+01 5.788101188154755050e+01 4.858021265746504724e+01 6.268542173007647023e+01 8.274730875104060601e+01 7.964594368126535073e+01 7.143641579546617493e+01 6.715853911703186441e+01 5.780511221398663224e+01 3.826722346817284404e+01 5.780563179396936135e+01
5.523971948512736674e+01 3.701472134010175807e+01 5.771235183701099913e+01 6.876810937266185420e+01 7.964894506395074814e+01 7.993773148596325484e+01 5.937636267668764845e+01 7.727261640241133023e+01 8.176825396624694520e+01 7.144344109091957762e+01 8.341789978919550208e+01 1.039435654171973908e+02 1.132618913215159040e+02 9.267019572764459667e+01 8.997687160276393570e+01 1.071653690282457916e+02 9.834158095245778952e+01 1.057713599959570132e+02 8.575985365852024245e+01 7.412865743326938173e+01 7.490031737401599798e+01 5.484244514147730598e+01 4.974136093284712956e+01 6.369718948480851139e+01 6.412386653398310443e+01 5.367698760662944579e+01 3.399265162752801928e+01 3.807569545163049440e+01 5.769791958583878966e+01 7.154382181239380145e+01 7.308018045335855106e+01 8.136316243025166273e+01 7.811168350508506819e+01 5.813132186651271383e+01 4.419541257576688764e+01 3.564366428863670677e+01 5.153551943047336437e+01
6.610364054392059074e+01 5.771226892724413915e+01 3.983312672599359416e+01 5.164782334420820575e+01 7.144813642406663234e+01 8.840949254813284597e+01 7.390602361250098795e+01 7.390602361250098795e+01 9.449956244183871945e+01 8.341789978919550208e+01 1.005168416705657677e+02 1.123133665970122053e+02 1.106246754248029731e+02 8.997687160276393570e+01 7.780273352933129161e+01 9.017081916341541614e+01 8.356422577435493793e+01 1.008513053824066787e+02 1.025018750491053225e+02 8.347966038916298714e+01 6.335931755124772025e+01 6.603663909112762553e+01 6.383884000751643839e+01 7.803025291902881122e+01 6.255968929401242917e+01 4.269900004819807293e+01 5.159685131251019641e+01 3.197607442068068551e+01 4.529555289748210356e+01 5.864399554356642597e+01 5.303282828265091808e+01 7.308018045335855106e+01 8.389918986866673833e+01 6.397136582124992543e+01 6.130358818772220530e+01 4.169152978472592963e+01 3.208532073796298079e+01
7.964518953239499410e+01 5.807848735746859603e+01 4.185037114144031989e+01 6.229197592000047479e+01 7.539299560735693717e+01 9.182493536082495211e+01 9.449956244183871945e+01 9.449956244183871945e+01 1.029129614837648319e+02 1.039435654171973908e+02 1.123133665970122053e+02 1.236726200885353819e+02 1.190257731393736407e+02 1.048596613598359966e+02 8.408650151009967999e+01 6.919997602638514422e+01 7.139670099246980328e+01 9.153694163726699173e+01 1.035395378049831407e+02 9.177780772985848046e+01 8.347966038827951252e+01 8.024343569724858583e+01 8.392314599062251546e+01 7.324951209801221808e+01 5.325068517218711150e+01 6.255968945603682840e+01 5.018437306089367667e+01 3.060242733690653338e+01 4.820220031219205481e+01 3.902026864213760149e+01 5.890456178861429493e+01 6.489501168532714814e+01 7.339422847689152718e+01 8.036084280563997595e+01 6.116733135093769391e+01 5.971658904060924300e+01 4.877241071513607551e+01
7.411626127921385887e+01 5.397954739081097841e+01 5.611427611898713508e+01 4.474120709888624248e+01 6.002420990791651434e+01 7.769861835360241287e+01 8.348090946640954257e+01 9.015697183556792993e+01 9.847843449634855517e+01 1.085221813724251092e+02 1.176500772634467751e+02 1.032707535916238015e+02 1.097467638039013167e+02 1.012922172390226194e+02 9.868910627353817233e+01 8.297787930892296515e+01 6.209235927802797761e+01 7.413930160539344172e+01 9.505160098526698675e+01 9.401247835959283350e+01 9.626378525484659576e+01 1.002959791511002834e+02 8.743508586829918272e+01 6.737365505231539942e+01 7.324951209801221808e+01 6.860500309441395927e+01 5.290863267049392960e+01 3.331225859108821652e+01 2.865911040652146369e+01 4.634298504517497719e+01 5.064742725064961348e+01 4.474588454677350313e+01 6.489501168532714814e+01 7.855299874159706519e+01 6.336470841737848758e+01 5.504738691212907042e+01 4.691662568865680072e+01
7.369443369521083298e+01 6.652631081571878724e+01 6.646594358969633731e+01 4.679648796214485884e+01 5.210412375271940988e+01 5.759155134296440792e+01 6.345048944527331258e+01 7.012878728927849181e+01 8.011417527404510963e+01 1.001997683970907360e+02 1.092463219397065473e+02 8.856499318654093145e+01 9.616630115995971551e+01 8.047551637744776087e+01 8.429545215935154090e+01 7.903088702292252776e+01 5.825753448897500419e+01 7.903088702292252776e+01 8.784319234792853592e+01 7.321936617988303908e+01 7.549914530958773184e+01 9.626378525484659576e+01 9.572804243526476853e+01 8.743508586829918272e+01 7.439372048478062993e+01 5.455236735059322228e+01 4.063934699652395466e+01 5.290863233345410777e+01 4.634292030882223656e+01 2.681240903338565218e+01 3.187698152147915920e+01 5.064742725066595597e+01 5.673654110032966003e+01 6.501153041346171335e+01 4.924650015609291387e+01 3.534155794520270888e+01 4.252659600789899486e+01
9.036080986422224726e+01 8.183960309684695744e+01 6.946115537516897120e+01 4.906535175945439420e+01 6.946130977910029003e+01 7.604838167081976508e+01 8.348088524024559831e+01 9.015696708651660174e+01 9.847843449634855517e+01 1.085221813724251092e+02 1.081202805294388014e+02 8.741538091378470199e+01 7.521293845143797796e+01 6.856101039880746839e+01 6.338639010778695138e+01 5.894031980909603163e+01 5.465147129718819485e+01 7.132161010391766354e+01 6.895399732706749774e+01 5.859846691019246379e+01 7.930952773497917008e+01 8.518278801778038201e+01 9.369816914488082205e+01 8.698148290249626768e+01 6.707848295997159482e+01 5.307385996167594300e+01 5.045377279498160306e+01 6.860457477964902751e+01 5.192527244114042162e+01 3.228458737400777068e+01 2.495433547665423291e+01 4.271356461501051882e+01 3.695147282676810363e+01 5.673288919885155224e+01 5.270286747970749275e+01 3.425557924268905907e+01 2.295939545707538088e+01
