MOVIE_S10_data/elevation_000129.asc
nrows	100
cellsize	150.0
xllcorner	0
ncols	100
yllcorner	0
NODATA_value	-9999
[rows 17 to 33 of 100, columns 0 to 36 of 100]
5.222468517465790605e-02 2.005222468517430201e+01 2.660574092963209125e+01 1.293029624996915139e+01 1.764434145787938490e+01 2.341784414977554007e+01 2.944807104133070652e+01 3.700736050151498802e+01 4.855436588530709230e+01 6.855436588530567121e+01 6.449543526165301444e+01 4.742527712556633901e+01 5.019951140585738614e+01 6.464311680468087218e+01 5.335023715292838631e+01 3.320143086355783169e+01 5.335023715292838631e+01 5.666661571134937248e+01 3.470939251332886499e+01 5.666661571134937248e+01 4.425648031766023394e+01 2.420966014055932192e+01 2.438756203628209818e+01 3.927809178224357112e+01 3.930539938913561571e+01 3.268137617229976399e+01 5.040850005295209968e+01 3.522411652666009019e+01 5.440740291341486312e+01 5.527445947351138500e+01 4.704562898464617149e+01 2.901575463856916670e+01 3.571808774000020037e+01 5.563659898732306175e+01 7.524753676075209796e+01 7.220806032394250451e+01 8.039902970399283788e+01
7.333276091007127906e-02 3.317761183525315349e+00 6.605740929632447411e+00 1.263596782118766804e+01 1.970703563305301742e+01 2.726632509323743037e+01 4.726632509323671627e+01 4.944807104133000308e+01 6.529163174893334087e+01 7.683863713269353468e+01 7.627210234127650779e+01 6.783929439969719510e+01 7.066516960606662678e+01 7.409344231367840905e+01 5.335023715292838631e+01 4.060099415911858500e+01 6.109700217767764485e+01 6.531787585075856839e+01 4.467000160999779013e+01 6.531787585075856839e+01 4.831418482062066033e+01 2.843557389990095174e+01 4.482811395845277502e+01 3.095347589150261314e+01 5.131795826740637523e+01 5.073981766325186271e+01 5.859994059577538650e+01 4.372461495864970260e+01 6.267180791315180244e+01 6.888388982978949571e+01 4.900853117326284547e+01 4.900853117188884767e+01 3.107903649892667630e+01 5.103183993410691954e+01 6.227968414450388934e+01 5.235130802992968313e+01 6.127310698911083620e+01
6.343274376862209629e-02 2.006343274376826713e+01 2.660574092963209125e+01 2.293567254818668033e+01 3.263596782118696638e+01 4.726632509323671627e+01 4.140846071696788044e+01 6.140846071696716990e+01 7.773234228868425078e+01 8.251466443863083100e+01 7.946614070070110358e+01 7.115468147902053886e+01 7.164142756276753232e+01 7.995229818144993317e+01 6.971388768266383806e+01 5.227522942767296854e+01 6.971388768266383806e+01 7.486700759323467480e+01 5.748884576841474825e+01 6.381543994039448364e+01 4.425648628527171979e+01 3.278163857286381955e+01 5.252307278259107193e+01 5.137283974196481040e+01 3.803202167459888727e+01 5.256437942613068515e+01 7.143441745473117521e+01 5.742327592570659789e+01 7.143441744629687662e+01 7.487307703790521884e+01 6.670803926920910953e+01 5.246868095637125151e+01 3.253420162791244508e+01 3.737882727467679445e+01 4.236240006067765762e+01 5.235130802992968313e+01 7.220806030000419184e+01
3.497053469895897854e-02 2.003497053469860489e+01 3.593991626217842139e+01 4.293567254818596979e+01 5.121994379562038802e+01 6.092023906855306592e+01 6.140846071696716990e+01 6.969273196432764905e+01 7.660833070407495882e+01 6.240529373170025451e+01 6.785911874876951799e+01 5.103485948518584081e+01 5.152154410786660321e+01 6.834549143431101470e+01 7.839802112281358859e+01 7.314777148306733068e+01 8.174478223836241852e+01 8.685616578586309799e+01 7.850680456103923177e+01 7.193645760677547685e+01 5.728423879521051276e+01 3.765344871659324610e+01 5.728423879521051276e+01 6.407697661066788442e+01 4.356032801470726668e+01 6.407697661066788442e+01 8.108727038580205715e+01 7.724983665935978649e+01 8.121217195159282198e+01 6.670803926408888174e+01 4.591998737164539079e+01 5.398123265972849794e+01 3.405896048837514911e+01 5.398123266394188846e+01 6.227968414450388934e+01 7.048265637328792366e+01 7.220806026516821419e+01
9.635555453094322986e-02 7.655645014715520169e+00 1.765564501471569869e+01 3.179778063844690195e+01 5.179778063844760538e+01 5.591730565790030028e+01 6.429332031819895121e+01 6.332949034453870496e+01 6.829519204636608265e+01 4.820848538151639673e+01 5.559124329584421531e+01 3.951101835282975117e+01 3.999300400059943428e+01 4.996517347953659538e+01 6.419449398353418701e+01 8.430676366607087857e+01 9.165822952073212093e+01 8.332916740226990271e+01 9.165822952073212093e+01 7.321742839505620282e+01 5.370333614773542052e+01 4.363917515615288067e+01 6.317430100608623889e+01 7.128045593060254248e+01 5.090593961563448744e+01 6.187870595867384793e+01 8.351779788170694019e+01 8.121217196671189242e+01 6.188649847532457926e+01 5.493529304792903645e+01 5.945958151350090759e+01 3.556085349861406542e+01 3.565687876414831692e+01 5.550986835937136021e+01 6.604164809855093665e+01 7.597043705162857918e+01 8.413758430013298550e+01
8.845047570523793812e-02 2.008845047570488163e+01 3.593991626217842139e+01 4.593991626217859903e+01 5.269714062011698985e+01 3.588859709227676831e+01 4.696019489006465619e+01 4.328127968837797823e+01 6.332949034453870496e+01 5.559124329584421531e+01 3.565077497461552269e+01 3.073822801862509735e+01 5.058193617409812504e+01 5.374988021796779236e+01 7.383613541572589156e+01 8.313087751834260075e+01 7.479022391994773500e+01 6.312584641600478363e+01 8.157050873234953769e+01 8.136268493034100402e+01 6.966497647208694843e+01 5.019295127826584491e+01 6.966497647208694843e+01 7.956057492510272766e+01 6.121397771469586502e+01 7.956057492510272766e+01 9.173093462616478178e+01 7.371860914614872229e+01 7.457195373385904702e+01 7.457195373674490213e+01 6.775976550776043439e+01 5.945958150379826179e+01 5.550986835937136021e+01 3.793693865699114554e+01 5.783029641271550503e+01 5.628602066599295739e+01 6.940267275964447435e+01
8.023991185656004221e-02 2.008023991174857770e+01 3.707112256740339973e+01 4.820541484502337681e+01 4.352640045210276298e+01 2.369671338913170544e+01 2.644480458404107281e+01 4.696019489006465619e+01 5.597511842093270218e+01 4.887775168990602026e+01 4.060131679443895081e+01 2.585846062377743593e+01 3.383829387772579622e+01 4.786772852698862124e+01 6.795065060626562570e+01 7.149641610491426036e+01 5.463238362334333686e+01 5.307667188770614786e+01 6.731141940936393553e+01 8.751020558727600474e+01 7.779411868031198196e+01 5.992979900009761707e+01 7.779411868031198196e+01 8.959466212611893354e+01 8.134693414650922705e+01 8.959466212611893354e+01 1.007625561622349437e+02 8.452386593366243517e+01 9.415950099175168475e+01 8.571261902590835291e+01 6.943819104376258622e+01 4.955058128406547269e+01 4.455831202751494402e+01 5.783029641271550503e+01 4.043572303259637124e+01 4.477674291513056204e+01 4.962401713902340106e+01
4.598823041778624804e-02 8.989855242225663901e+00 2.052404951710014558e+01 4.024601624570348690e+01 3.506191105924598617e+01 1.374759272547503741e+01 3.506191105925116602e+01 5.177896897309354785e+01 3.607104512950927955e+01 3.607104512950927955e+01 2.085432042022497967e+01 3.220201229986020763e+01 5.207497965450773592e+01 6.206585607416382544e+01 6.438870447147469633e+01 5.605043220827272421e+01 4.306556957115563478e+01 5.463238362334333686e+01 6.887489364408909864e+01 8.907109449784201161e+01 8.756466181518808867e+01 7.940015744156949040e+01 8.756466181518808867e+01 9.754402999332734225e+01 8.928489201016002141e+01 9.754402999332734225e+01 1.119655952381737762e+02 1.038151160105112467e+02 9.558619266239369949e+01 7.752494518740084573e+01 5.771652385985166944e+01 6.364589038908803786e+01 6.446628860871912536e+01 6.855710149317354762e+01 6.034919934693557764e+01 4.323056487945413551e+01 6.315023399409376026e+01
7.340434288523949025e-02 1.981582022642292529e+01 2.814917010211802761e+01 3.267063711807612947e+01 2.481785636815443752e+01 9.202521200191581485e+00 2.955932679204435942e+01 3.190140173256274636e+01 3.190140187025118479e+01 1.629269053507380960e+01 3.025612844106038679e+01 4.887773926954074710e+01 6.038227174647137474e+01 5.887200149033684227e+01 5.055189348022127405e+01 3.598227169053924968e+01 4.309078164007567580e+01 5.224941794030797126e+01 6.476668111704559294e+01 8.668514085648588718e+01 9.627930154251048123e+01 8.808440523204178874e+01 9.627930154251048123e+01 8.750825915863855187e+01 6.915858354675692965e+01 8.750825915863855187e+01 9.678159456049198184e+01 1.013451067227861699e+02 8.161014463495581595e+01 6.765950917077974225e+01 7.752494518740084573e+01 8.342204183139375573e+01 7.449870363406746776e+01 5.519053991826173444e+01 5.006352258025880531e+01 4.542876968535419735e+01 6.535590263653151055e+01
3.515918393995972474e-02 1.008743950962431635e+00 1.983764119957490735e+01 2.328959065291082098e+01 4.766785827957295218e+00 5.759636712784240054e+00 2.576761139954568947e+01 2.822780055714619607e+01 1.208661823870293794e+01 3.190140187025118479e+01 4.433175084437806390e+01 5.840737324769578009e+01 6.473586943661838689e+01 4.467669827070770339e+01 3.051557852642726232e+01 5.055189348022127405e+01 6.340710945202521742e+01 7.180235713035959577e+01 8.158952239343338420e+01 9.481230592073706021e+01 8.629321847439261717e+01 6.803423547841164520e+01 8.629321847439261717e+01 7.922173777845848974e+01 5.909474389341264100e+01 6.841629347360340319e+01 8.852206258133840322e+01 9.882614468570140787e+01 9.558619266239369949e+01 8.161014463495581595e+01 9.558619266239369949e+01 8.269883336281536401e+01 6.346782881233135498e+01 6.879883820881801171e+01 6.730352544363360323e+01 5.564218000221234917e+01 4.864820996898538397e+01
4.608085242692564615e-02 2.004608085242102433e+01 2.390521022669362505e+00 3.369925236418144010e+00 2.322135291079798236e+01 2.574542110590851607e+01 7.203599742502313497e+00 8.231580115295015432e+00 9.261790588859657447e+00 2.926819781573404455e+01 3.913470942402948083e+01 5.329990368708677551e+01 5.078970959131259377e+01 4.248895946281016478e+01 2.701720262999943500e+01 3.703903465241783266e+01 5.117127194974186466e+01 7.124630637717720560e+01 8.785920465044401340e+01 8.112280448319403092e+01 7.695954636070015908e+01 5.786287442642059631e+01 7.805932231393997256e+01 7.210577084795038161e+01 5.200460891422596177e+01 7.210577084795038161e+01 8.173247256393517546e+01 7.875389464423017216e+01 9.882614468570140787e+01 1.013451067227861699e+02 9.656099719897585487e+01 7.695693709803981619e+01 7.195968656546423858e+01 8.812138063195877180e+01 8.235011396746089929e+01 7.491505145110346575e+01 6.855680139515661153e+01
1.610643649003322755e-02 2.001610643648967880e+01 2.293861499074195009e+01 1.751225513554580715e+01 2.333190591061694974e+01 2.717840585031126466e+01 2.134362839761193698e+01 2.822780128092038154e+01 2.926819781573404455e+01 1.082748733657725282e+01 2.496951516046209818e+01 3.527491001146464811e+01 3.820382756540774949e+01 2.247100979397274045e+01 4.248895946278155833e+01 5.535574278471606391e+01 6.537348314678169459e+01 7.370894974627377394e+01 6.783817545602131815e+01 6.783817545602131815e+01 5.851246618313680870e+01 5.079436332914955443e+01 6.153590450675856260e+01 6.093984241603963170e+01 4.666366028635397356e+01 5.332938616836544554e+01 6.230892537775498141e+01 8.243722115531373618e+01 9.865649611079392400e+01 1.067853464373513503e+02 1.048677494610760164e+02 9.656099719897585487e+01 8.299538291507876409e+01 9.967773831266545415e+01 9.433918973590034796e+01 7.870223243122063650e+01 5.892043579536773734e+01
2.022278438842990689e-02 1.416235840347489194e+01 3.416234850501396636e+01 3.752611184881199335e+01 4.315373980248135410e+01 4.706557616792184717e+01 4.135459865843393601e+01 3.900935027242490349e+01 1.898717803913425328e+01 3.083533149267210405e+01 1.243284056263665960e+01 1.528441461614482400e+01 1.819996293740981130e+01 3.820382756540774949e+01 5.073689002602917242e+01 5.279709707181561384e+01 6.110552490979888773e+01 5.367022274606466681e+01 5.367022274606483023e+01 4.780074650955685911e+01 4.753398673219916049e+01 5.348106410170683489e+01 4.140902654890006573e+01 4.090530537280735501e+01 6.093984241603963170e+01 7.343557362827769452e+01 8.173237994836830467e+01 8.448681704825695249e+01 7.861754385963884317e+01 9.865649607874807714e+01 1.100041919276360005e+02 1.111874188272776394e+02 1.028501759232467236e+02 1.000825000684853165e+02 8.037397057690459690e+01 6.645087656288131939e+01 7.870223243122063650e+01
6.642187732006160639e-02 1.420855750105088688e+01 3.420855750105017279e+01 3.857092257934040447e+01 4.564199039120433810e+01 5.392626163866594879e+01 4.845043153804346758e+01 2.842287378410997079e+01 3.900935027243587427e+01 4.074508037623495227e+01 2.657900990989758938e+01 1.419632613362117723e+01 1.545877607655075892e+01 3.638789432023348525e+01 3.860646414555562700e+01 3.276659942286296001e+01 5.279803068075406003e+01 5.367022271506791498e+01 3.367070794024549940e+01 4.885489503436031811e+01 5.072996013073100130e+01 3.347975702278564114e+01 3.547226475020097780e+01 5.548827545293580243e+01 6.742338413379300732e+01 6.733540303968243279e+01 7.371264174175759365e+01 6.433022868055087429e+01 8.448681705011337328e+01 8.189482838643510831e+01 9.610625364162882533e+01 1.158802150910577353e+02 1.094003516749333471e+02 8.963420350390506997e+01 7.574385411340432483e+01 8.614646521777349619e+01 8.902810492569925316e+01
1.591255364720534082e-02 2.001591255364684940e+01 2.962665066934034286e+01 1.857092257933970103e+01 2.564199039120505219e+01 4.564199039120433810e+01 5.675525562783137445e+01 4.257887135825139779e+01 4.257887135825139779e+01 5.490999381381027433e+01 4.074617338518850573e+01 2.135698304143665638e+01 2.455149182813319442e+01 1.725773242256667217e+01 1.857937428346148678e+01 3.863313138423609416e+01 4.877446224916160844e+01 4.449122814710351292e+01 2.699966859059035329e+01 2.885410665217326454e+01 3.073073054571263540e+01 5.072843465900740512e+01 5.548802520820195383e+01 3.914997679953379617e+01 5.915173972472203445e+01 4.720551290137861145e+01 5.354594687000240327e+01 7.371266729210086055e+01 6.760905480793346101e+01 8.775360593810039234e+01 9.528481665802678435e+01 1.034378310892386565e+02 1.133650971974804662e+02 1.036368575471481677e+02 8.555470995939236900e+01 1.036368575471481677e+02 9.722593180515306699e+01
6.189296070378335485e-02 4.775938168614080936e+00 9.626650669340698130e+00 2.117365605313300847e+01 4.117365605313229793e+01 3.978412601493550227e+01 5.978412601493479173e+01 6.262563175638724999e+01 5.414398692412370195e+01 6.449712042397182188e+01 4.233028564902065938e+01 3.994292190327792724e+01 2.371719705806903278e+01 3.730912212081056367e+01 3.863313617895426688e+01 2.049021863002212029e+01 4.051734289101025865e+01 2.447808411523266514e+01 4.449120783587119377e+01 4.885489165172201353e+01 5.072811126226596912e+01 4.486143000193747099e+01 6.490344481293482204e+01 5.918306973413542948e+01 4.295153362243270578e+01 6.305471582505941797e+01 5.221263226927710122e+01 5.594444309780431723e+01 6.202929399755942086e+01 6.842529822223875158e+01 7.517217362923433654e+01 8.528654846235554032e+01 1.052830848536980142e+02 1.135263124469523319e+02 1.052924385711301056e+02 1.135263124469523319e+02 1.086252260995281631e+02
2.247884206357958492e-02 2.002247884206322581e+01 2.962665066934034286e+01 3.791092191680159118e+01 4.945792730059390152e+01 5.978412601493479173e+01 6.806839726239539345e+01 8.251340724476320077e+01 7.421177406313623237e+01 6.036763702337789539e+01 4.080313100218026534e+01 3.035293307761085302e+01 4.172987667398962941e+01 4.980682277039939976e+01 3.113621164567430100e+01 4.053858797366614652e+01 2.245823238477780137e+01 4.249315521149075892e+01 2.788839094841457467e+01 4.785576345585750602e+01 5.955897013326488576e+01 6.490404987489964128e+01 7.321756818493416574e+01 7.062116743325523771e+01 4.969407952485336466e+01 7.067444638357365250e+01 6.647882966265839855e+01 7.612314770004333297e+01 6.497681254714450461e+01 7.927094847769294006e+01 9.528481665802678435e+01 1.034378310892386565e+02 1.133650971974804662e+02 1.149595262734788577e+02 1.066897368737270284e+02 1.066897368737269147e+02 1.119207681954381570e+02
