MOVIE_S10_data/elevation_000922.asc
nrows	100
cellsize	150.0
xllcorner	0
ncols	100
yllcorner	0
NODATA_value	-9999
[rows 0 to 16 of 100, columns 0 to 36 of 100]
8.271705653423140625e-02 2.008265170617053741e+01 2.973740689057585129e+01 3.894039922894516792e+01 4.583052247996791095e+01 3.760177035748805707e+01 4.583058493589120275e+01 4.598707587691384902e+01 5.317639755964376747e+01 4.492509096453093775e+01 5.317642094877284364e+01 5.389552832438388918e+01 5.637431154819035584e+01 5.634040425722751166e+01 6.462779851945501264e+01 6.435661027674463242e+01 6.724383656077948501e+01 5.976972211824851655e+01 6.477337964009548443e+01 5.261101665823807849e+01 5.838619533376755300e+01 7.840837710450250597e+01 9.494009543571355891e+01 1.032481495705648484e+02 1.148295449690640879e+02 1.128540148816247637e+02 1.045878658471776674e+02 1.093460371871950798e+02 1.176220904956033024e+02 1.091823998313757613e+02 1.009136113590028287e+02 9.938156288841302910e+01 1.076481088871783953e+02 1.165264367824531462e+02 1.280664516178362362e+02 1.362269045966409919e+02 1.249809149883623434e+02
7.813061968023242432e-02 1.451736259167121457e+00 2.145174998817887513e+01 1.894043183177426926e+01 2.620547995471077840e+01 1.762322315362576219e+01 3.584580656653465525e+01 2.597536785659254122e+01 3.337662509814042266e+01 2.493294049951024860e+01 3.732501852534717557e+01 3.389140047867232397e+01 3.637221669394259038e+01 3.633766350925954214e+01 4.746469932870158459e+01 4.435343845413801489e+01 4.724054604825695947e+01 3.976376859409299414e+01 4.476445613495806697e+01 6.477266902470000787e+01 7.839269101497144732e+01 6.781821839577378341e+01 7.489403328891178546e+01 8.646103573332382553e+01 1.065227063893828472e+02 1.013901562390201292e+02 8.477341072384828635e+01 8.950755565808363201e+01 1.086569676199379160e+02 9.776611441622280552e+01 8.121573627352883307e+01 7.970075771177978652e+01 8.845069881957613234e+01 9.979930364699984580e+01 1.197342868333115860e+02 1.280492099238769867e+02 1.086799684037160034e+02
2.526786264046545702e-02 2.002506010276336923e+01 3.408200211345191466e+00 4.798296305059017719e+00 6.205491394519595971e+00 7.623253804536273215e+00 2.762333565669994329e+01 1.183278412666910029e+01 1.337581762629634241e+01 1.493281551464066936e+01 1.732327273416828106e+01 1.974862899354856438e+01 2.222932374935501798e+01 2.479006170388158026e+01 2.746267578263151421e+01 3.020989326440280820e+01 3.309666517204443181e+01 5.309937419307384232e+01 6.334323061496279195e+01 6.793982563246348150e+01 7.635822278185987955e+01 8.561431784279058377e+01 9.494009543571355891e+01 1.032481495705648484e+02 9.813799972032428798e+01 8.990065026076732124e+01 7.336246546149685344e+01 9.314798484787769439e+01 1.003902071173080088e+02 8.068418543003608079e+01 6.993167106015718559e+01 8.954116566817737066e+01 9.817798710525676142e+01 1.064364470297867911e+02 1.089405592970490488e+02 1.172385051204301902e+02 1.249809149883623434e+02
4.163169627051844027e-03 2.000416279039410128e+01 2.340819119259095871e+01 1.894043183650524398e+01 2.620548101828714849e+01 2.679591329285539558e+01 9.669831844922923025e+00 2.966802026983045337e+01 3.337631876464666192e+01 3.493371633634215101e+01 1.793094228064332540e+01 3.793159732594900646e+01 4.223080366169788391e+01 4.479181650186018970e+01 4.746469932870224540e+01 4.435343845413788699e+01 5.309937419479480525e+01 3.875380670408448935e+01 4.334264549898578167e+01 4.834365293988422962e+01 5.729072559542360921e+01 6.884537740575025566e+01 8.888097577369811120e+01 9.813799972032428798e+01 8.671469550677238658e+01 7.015673322053717698e+01 6.683119263476868355e+01 8.655281171908414706e+01 9.821856506111457463e+01 7.853517685799707237e+01 6.480511116008149486e+01 8.211393056371176158e+01 7.850361624225512003e+01 9.278339114525091702e+01 8.915215046692271983e+01 1.084937617224882729e+02 1.199800106395306329e+02
5.883922493566802470e-02 1.420097484638187169e+01 3.420096851417845585e+01 3.894040578620642634e+01 4.385286311145098637e+01 2.383229683062065263e+01 2.967051041777943254e+01 1.751449661144571834e+01 3.165722844687516613e+01 4.621443508483120866e+01 3.793183447280529919e+01 2.099880236861404725e+01 2.766552209859191080e+01 4.766701674614904505e+01 6.663764861115856775e+01 6.435661027443131843e+01 6.704162016925165801e+01 4.875546412984299849e+01 6.334323061569691760e+01 6.835961018774720799e+01 5.903798651829931998e+01 7.906392406742968149e+01 9.718317544977313105e+01 8.990065026076732124e+01 7.015673322053717698e+01 5.904902230470411695e+01 7.850149444273280608e+01 9.478396616909127204e+01 9.372417018866970295e+01 7.994104929694333350e+01 6.068497809868244985e+01 6.276294289306517271e+01 6.778823271056992894e+01 7.315381688413947359e+01 8.054013489520600899e+01 9.184456173418084290e+01 1.116674553847287683e+02
1.256007409845548775e-02 7.571849534283032312e+00 2.171398515914800242e+01 4.171398778060958534e+01 5.220479435034342686e+01 4.391026790292988125e+01 2.751474917798253372e+01 3.751554602317257547e+01 4.579914457181158127e+01 5.993762899112633136e+01 4.330938990542806977e+01 2.330820375313534498e+01 4.330938990542777134e+01 3.835672129238585626e+01 4.990530355631806003e+01 6.990536012006405997e+01 7.704265099619641433e+01 6.875617922578797447e+01 7.704265099619641433e+01 8.736630308230320452e+01 7.059417111107015330e+01 8.736630308230320452e+01 9.878230094454033861e+01 7.900003900803660883e+01 7.425661701289774896e+01 5.521113841861816240e+01 7.425661701289774896e+01 7.926045576833975304e+01 7.996054304973895910e+01 6.619691591080830051e+01 5.696058292299541392e+01 6.760687468054175042e+01 8.707634512586821529e+01 9.278339114525091702e+01 1.002227023994675363e+02 1.084937617224882729e+02 1.171394757421654305e+02
9.594114293757748102e-02 2.009594114293722100e+01 2.171398515822009045e+01 3.585612078638207834e+01 5.585612212530678988e+01 5.579847644702432774e+01 4.165806214509969152e+01 4.165806214509969152e+01 6.165906350098403976e+01 5.980962291157778310e+01 3.980834668801310272e+01 2.566522729141404824e+01 4.566657084987959792e+01 5.835832207917803771e+01 6.663764861115856775e+01 7.818125913533289406e+01 8.217161309792300017e+01 7.872124845217737743e+01 8.699465773261211154e+01 9.698729162183201424e+01 9.063382176959504477e+01 9.893736252217786387e+01 9.296319276206119753e+01 7.321631134961883447e+01 5.964869099842026401e+01 5.184539626831351455e+01 6.691964889290616725e+01 6.037502175568289431e+01 6.828079354701053205e+01 5.344971700166516371e+01 6.371939858094873443e+01 8.297182036082821810e+01 9.529238792680423842e+01 9.078662514359416491e+01 9.906899714267028401e+01 1.075200538290465033e+02 1.090978145536780914e+02
7.711341127313005306e-02 1.421924903500420534e+01 3.421924903500490700e+01 4.999827763498604583e+01 5.234627842689463506e+01 6.063054967435683551e+01 6.165906350098403976e+01 6.165906350098403976e+01 6.993889074894893554e+01 5.964004681828429710e+01 3.963841972161691274e+01 2.809058628364633847e+01 4.809211215153082009e+01 6.002489594360812930e+01 7.334579852453084925e+01 7.630883106827373297e+01 6.217451684945511658e+01 5.872261782565190913e+01 6.872385488190437286e+01 8.286474757535914648e+01 1.028511933893182118e+02 9.743732936253041998e+01 8.747264839578360807e+01 7.922840274740327970e+01 7.057772770344666924e+01 4.888893613433339169e+01 5.290809337700411419e+01 4.792180809660371921e+01 5.023630082032241262e+01 6.828079354701053205e+01 7.996054277089820062e+01 9.116527437156477731e+01 8.385773255347554311e+01 6.981329635477632678e+01 7.867766812156772005e+01 9.906899714267028401e+01 1.090978145536780914e+02
2.297228869525369793e-03 1.414443285260060001e+01 3.414443285260130523e+01 3.820414280316318667e+01 3.234627842689393162e+01 5.234627842689463506e+01 5.801263264241949713e+01 5.801263264241949713e+01 6.629690388988269945e+01 6.791848038007243815e+01 5.637339433316299164e+01 4.223390589911358006e+01 3.174209258019613600e+01 5.174393163153232678e+01 5.334599673733236358e+01 6.268578960877125894e+01 4.802959895790230149e+01 6.217451684945511658e+01 8.217161309792300017e+01 8.427721442225319493e+01 1.042599469442286164e+02 8.920385006806499462e+01 6.925295542674153637e+01 5.935036949960102248e+01 5.347724036215285537e+01 4.902396809823427759e+01 4.453666576638541841e+01 6.132426846821369537e+01 6.801675488882264631e+01 7.623232050622966938e+01 7.553203783187353793e+01 7.864363245624748799e+01 6.550289856939748745e+01 5.404016450060208143e+01 6.981329635477632678e+01 9.078662514359416491e+01 1.037332277454313498e+02
9.647730019007895452e-02 2.009647730018972211e+01 2.665713741937011605e+01 1.820414280316247968e+01 3.450613921396804074e+01 3.887049701868796348e+01 3.801263264241879369e+01 3.801263264241879369e+01 5.801263264241949713e+01 7.370177364994451352e+01 7.051329756073241128e+01 5.806918815059196959e+01 3.806697051795201503e+01 3.586788030627479884e+01 3.920139195934441290e+01 4.268329973585248638e+01 6.268578960877125894e+01 5.533456602092891785e+01 6.428060571413448088e+01 7.842233476915131973e+01 9.841214428683416315e+01 9.743732936253041998e+01 8.747264839578360807e+01 7.922840274740327970e+01 7.258489124856892261e+01 6.248645962148030009e+01 5.078017287266666813e+01 4.183178575200098948e+01 6.660505957961596835e+01 7.029938654156019595e+01 5.700294915968465403e+01 6.528056224829293797e+01 5.235187763987924114e+01 5.782882965358322735e+01 6.531782349243982821e+01 7.505494756368112519e+01 9.519709539733422332e+01
3.582433992925927735e-02 3.323804086036411753e+00 6.657137419369759002e+00 1.050613921396729822e+01 1.450613921396733375e+01 1.887049701868725649e+01 2.387049701868734530e+01 3.387049701868769347e+01 4.541750240248061488e+01 6.541750240248202886e+01 6.876018305928327834e+01 4.875916302324947793e+01 5.806918815059196959e+01 5.587006787523741025e+01 4.529724044370124147e+01 6.268578960877125894e+01 7.096455853742921249e+01 7.533445914408974886e+01 6.533636113873834006e+01 7.947789324325698601e+01 9.946696615488691862e+01 9.795486845608900239e+01 8.969374693422970779e+01 8.180128826372241235e+01 6.234396380174636931e+01 4.885641453169486681e+01 3.911963007438238549e+01 5.594364831702550589e+01 6.400364559339193704e+01 5.858008401952220368e+01 4.498966367397520116e+01 4.772119368171783549e+01 6.528056224829293797e+01 7.627428260059419074e+01 7.053077968861026648e+01 9.014032522623523391e+01 1.034951907775573261e+02
1.813270376062421294e-02 2.001813270376026921e+01 2.665713741937011605e+01 3.050613921396765349e+01 2.864827483769853700e+01 3.041750240247997539e+01 4.387049701868804874e+01 3.801263264241879369e+01 5.215476826615024208e+01 7.215476826615166317e+01 7.703690777008924329e+01 6.030816924459227124e+01 7.703690777008924329e+01 7.357684840042880126e+01 5.684644349422994480e+01 5.944176336887566947e+01 7.943954101466196960e+01 9.360317716319860892e+01 7.688328416724186809e+01 9.360317716319860892e+01 9.795486845608900239e+01 8.651214057609131203e+01 6.992602388457557083e+01 8.238095173551472783e+01 7.617310571432889788e+01 6.650006221968405384e+01 5.593694655823845352e+01 3.648432861565540719e+01 5.481140607057906067e+01 4.106658073122599717e+01 5.862137587801898775e+01 6.528048933252458141e+01 5.506084064307960091e+01 7.354852050908991146e+01 9.014032522623523391e+01 9.842232018095086232e+01 1.038818595125626700e+02
2.372884694381488524e-02 1.157073423073622997e+01 2.571286985446693052e+01 4.571286985446621998e+01 4.864827483769924044e+01 5.041750240248067882e+01 5.870177364994287927e+01 5.801263264241949713e+01 6.404337939307654892e+01 6.622652318790993320e+01 7.448996604533603261e+01 8.030584864328835693e+01 8.857803016076991298e+01 8.511912042374250120e+01 7.684535209930395183e+01 7.943954101466196960e+01 8.771193343198807213e+01 1.051381970411954967e+02 9.687447868663464590e+01 9.107265683413123725e+01 8.969374693422970779e+01 6.992602388457557083e+01 5.888730366002762651e+01 6.286922179958292389e+01 6.383269689557573656e+01 7.104595904706556553e+01 5.821934549506990209e+01 3.464858276486429389e+01 3.695804005846519402e+01 4.130357424594011917e+01 5.390733905509786439e+01 7.245259206254071671e+01 6.786525360948461127e+01 6.537879137066364876e+01 7.638054276113186347e+01 9.608460583559721613e+01 1.112740149450468152e+02
8.175220331382776484e-02 2.008175220331347077e+01 3.837551826909266595e+01 5.251765389282336827e+01 5.046768017433364406e+01 5.875195142179584451e+01 6.139268437918246235e+01 5.355671272692113405e+01 4.411942826443127785e+01 4.629977548066975146e+01 6.451874430252929926e+01 7.342936640091552647e+01 8.493676458553224506e+01 7.532373609310171503e+01 6.694228140348366196e+01 6.958343910527712239e+01 7.795576502589491952e+01 8.939736754059971702e+01 8.117489811969909397e+01 7.127713940526686542e+01 8.529239439435448844e+01 7.980988540940273879e+01 6.036621174484800889e+01 4.957856202689234237e+01 4.489145230220706395e+01 5.191036674653364713e+01 5.780477038387446242e+01 3.281307684072093878e+01 4.453010918362027581e+01 4.070277554387750740e+01 5.589678281651228531e+01 7.902587040753785175e+01 8.726878194507943931e+01 8.470845556331182991e+01 9.292568332114915108e+01 1.043401418520861199e+02 1.083111435550518138e+02
9.124702163186203252e-02 1.009124702163177467e+01 2.423338264536247522e+01 3.632554455060244436e+01 3.046768017433294062e+01 5.046768017433364406e+01 4.950405739043542042e+01 3.429810155128019744e+01 3.000282338192193521e+01 3.632464451823117457e+01 4.525150520098598861e+01 5.674951076619229440e+01 7.666650071214898787e+01 6.350613440307735402e+01 4.637664196908982461e+01 4.905650378025968905e+01 6.958343910527712239e+01 8.117489811969909397e+01 6.139678131457412746e+01 5.730420299230641490e+01 7.539707442758687250e+01 8.804517542341848468e+01 7.674528581983076947e+01 6.858407518513683954e+01 5.751904507912865228e+01 3.849188937802062327e+01 5.195634510413400164e+01 4.837927159556750212e+01 3.060443168364017907e+01 5.031414082616306871e+01 5.984880068573306033e+01 6.630658545991462915e+01 7.366327586012285167e+01 8.184700952906780458e+01 9.169139320289514217e+01 1.068028218699551530e+02 9.713377507478274708e+01
2.239863785106879432e-02 2.002239863785071350e+01 2.538707776019852247e+01 1.632554455060174092e+01 3.117569218710235290e+01 3.429916742487485237e+01 3.758714717098204972e+01 2.293237200922992969e+01 3.049166146941460909e+01 5.049166146941531252e+01 5.260521224977805588e+01 7.252604299013142963e+01 6.905019426851978892e+01 4.854052763630589595e+01 3.442479785323152441e+01 5.506870393997962765e+01 6.824534187557475207e+01 6.696151272937635213e+01 5.875962613871111984e+01 4.741948137872946489e+01 6.718965760769557960e+01 8.460293810879221610e+01 7.834085218945855900e+01 6.960952700698048545e+01 6.556765032795075854e+01 5.195634510413400164e+01 3.260869785996241177e+01 2.854836574852922126e+01 4.833181369346974776e+01 3.635899359767116579e+01 4.050819630376012270e+01 4.696336378288828683e+01 5.419938030679914220e+01 6.384727139343360136e+01 8.347928032681210198e+01 9.868388485052678050e+01 7.945462764404898337e+01
1.766589122093755945e-02 2.690278310345186608e+00 5.387077760198165421e+00 8.160578741324334473e+00 1.117569218710199763e+01 1.429916742487414538e+01 1.758714717098134628e+01 3.758714717098204972e+01 5.049166146941531252e+01 4.463379709314605748e+01 6.463379709314747856e+01 8.079293173538789574e+01 6.601685856608364134e+01 4.854052763630589595e+01 2.789590240531465426e+01 3.924599186978214505e+01 5.982886497137184989e+01 5.875962613871111984e+01 3.892377856262804414e+01 5.875962613871111984e+01 5.659869795452644325e+01 7.060081803165940073e+01 6.960952700698048545e+01 4.748321371010488434e+01 5.396386083210165907e+01 5.985129010888951484e+01 4.708544336117136453e+01 2.717415122812391814e+01 4.708544336117136453e+01 5.582136710882183195e+01 5.415996863752827295e+01 4.914577723722941727e+01 5.875540789821273080e+01 7.829644656876685360e+01 9.169139320289514217e+01 1.068028218699551530e+02 9.713377507478274708e+01
