MOVIE_S10_data/elevation_000332.asc
nrows	100
cellsize	150.0
xllcorner	0
ncols	100
yllcorner	0
NODATA_value	-9999
[rows 68 to 84 of 100, columns 37 to 73 of 100]
4.363189158869219852e+01 6.323786176612870946e+01 6.673006697188722569e+01 7.818673052904793508e+01 9.784273883447764319e+01 8.951148880575723865e+01 8.951148880575723865e+01 7.030894796566924754e+01 9.034214692783476153e+01 1.063109676926746232e+02 1.146342806879585510e+02 1.093891516743513961e+02 9.661590230793714795e+01 7.661563333742745385e+01 9.552212323255875503e+01 9.143505654216036760e+01 7.742857042317049832e+01 5.722600003319374906e+01 4.805507716246147965e+01 6.196206703081356437e+01 5.587419699613572988e+01 7.418209984375187105e+01 7.038135709525943184e+01 5.068496726672941577e+01 5.645390628261212385e+01 5.558805038065608528e+01 4.605781363072948409e+01 2.590044482596903919e+01 4.493361152738320641e+01 4.413835671145835704e+01 3.755801258963104061e+01 3.429389726043486064e+01 3.125029326559271325e+01 5.141561237615246682e+01 5.346057644496440275e+01 5.975546570640950961e+01 5.114973569231339923e+01
5.555009289072562950e+01 6.546664277671861498e+01 7.940406652120496744e+01 9.109548373129938170e+01 8.300280491300902952e+01 7.616530829719509654e+01 6.948807231214681224e+01 6.512476092480666523e+01 8.517007989873808071e+01 1.034706316413689677e+02 1.124089957247797571e+02 1.010905970514074852e+02 8.109258525206834634e+01 6.950627512081206305e+01 7.549960939417914574e+01 7.138412273417225151e+01 7.344168284572273819e+01 6.991504705225085559e+01 6.196206703081356437e+01 4.156756447015380473e+01 4.563741483611595129e+01 6.592223151394367164e+01 7.185029143004246066e+01 5.645333180029406606e+01 2.816300913701421038e+01 4.721061466811608653e+01 2.702836369865793387e+01 4.605774987950603361e+01 3.131240646584393161e+01 5.157154753208079256e+01 5.765829110205523733e+01 4.859798186978433421e+01 5.147349348896579357e+01 4.134554557939101471e+01 6.160145175868819223e+01 6.764133741207920991e+01 4.835132994998627964e+01
3.770594803066157397e+01 5.150594201366446612e+01 6.732575347833760304e+01 7.975717870842071022e+01 6.313912764214027362e+01 5.622058090319338675e+01 5.949123936864154416e+01 6.948807232480372420e+01 7.517119190451847999e+01 8.414340666535889568e+01 1.040873386655930659e+02 1.018698356100815516e+02 8.187179797895123556e+01 7.028903297887752899e+01 6.124314537522597846e+01 5.706864725807653116e+01 5.318270259860024396e+01 4.959331479185546243e+01 4.620765818124420576e+01 5.829980415813354711e+01 3.792613040588621942e+01 5.490419186609229030e+01 5.867661888673357851e+01 4.324692477625301734e+01 2.897045141156422687e+01 2.816423609401150685e+01 3.874690861936613828e+01 5.462525341570400172e+01 5.157213414351309666e+01 3.711119779776908700e+01 5.744077862116330380e+01 6.870827232616359481e+01 6.991973179509616898e+01 5.150900860681386462e+01 6.991975062076227232e+01 7.574603425067026308e+01 6.150026863296337609e+01
5.727856094002110154e+01 3.959821381486665359e+01 5.913521924077785741e+01 7.155101180916379633e+01 5.177558653538093125e+01 7.159073019430250895e+01 7.950029253339123159e+01 8.779797105861491957e+01 8.584562595288791442e+01 1.034706316413689677e+02 1.040873386655930659e+02 1.101689247870140349e+02 9.861667114258332845e+01 8.965868897650257452e+01 7.289982678936546279e+01 7.725690493208909970e+01 6.494559640016109370e+01 6.401916022976915599e+01 6.657417484835129073e+01 6.666082158755904175e+01 5.490419186609229030e+01 3.457736104416136413e+01 5.027447155738867934e+01 3.012302132207977223e+01 4.858813958089238128e+01 4.836953418149094119e+01 5.534891768851589688e+01 6.569922654445396404e+01 6.580356679078698789e+01 4.886451870981970558e+01 4.388249577879855678e+01 6.421991989945418311e+01 7.998891780770541970e+01 7.169389502690970062e+01 7.998893146334044957e+01 7.111592605751033602e+01 5.188461120841913754e+01
6.045576078179947643e+01 4.093792077884270242e+01 6.045576078190877212e+01 6.457185554607895028e+01 4.893422291594616524e+01 6.863605950551171020e+01 8.077341318602613285e+01 9.232640499544122292e+01 1.058258707181797007e+02 1.141525525164148576e+02 1.241244502749675576e+02 1.153418305667726571e+02 1.069606904397544014e+02 1.012207619066650039e+02 9.292644598148937973e+01 9.334396024849682760e+01 8.504755276310872603e+01 8.414897698130332060e+01 7.692319442094536441e+01 6.858770844017897161e+01 6.127223503120566050e+01 5.158278552710893905e+01 3.131634950284526298e+01 5.036841223687244451e+01 3.497271125618910759e+01 5.529236521423204920e+01 6.881337952456530616e+01 7.892618398858760997e+01 7.748978131234848377e+01 6.915616752951675039e+01 5.567008859583113889e+01 5.190114785689511478e+01 6.627401614224832826e+01 8.640426490538024495e+01 8.483150521554784973e+01 6.543474715445066181e+01 6.543474715445066181e+01
6.833480356030293024e+01 6.022647203009087491e+01 4.283215643167921627e+01 4.501149209319194000e+01 4.873976362780900473e+01 5.264290489892505320e+01 6.403413411120652654e+01 8.402767680654000060e+01 9.639602213492891281e+01 1.079459911889994714e+02 1.162754569387459327e+02 1.037377778135249287e+02 8.691782237297793756e+01 1.037377778135249287e+02 9.480124032704790693e+01 8.477947759140397466e+01 7.648934801312987020e+01 6.975469106830797728e+01 6.858771031006665453e+01 4.827926823013187629e+01 5.290204835250201398e+01 3.260849226906447029e+01 4.563722156105662009e+01 5.996229624053326290e+01 5.529236521423204920e+01 4.010326088286105772e+01 5.032285353529266558e+01 6.470997483017957563e+01 8.483733258376311426e+01 8.421876836349244400e+01 7.589920698121538578e+01 6.023309716175786832e+01 6.627401614224832826e+01 8.640426490538024495e+01 9.305426865207613218e+01 8.483150521554784973e+01 8.483150521554784973e+01
6.472173191463998876e+01 4.519015712448289435e+01 6.235694450373966191e+01 5.617952640414325316e+01 6.843426828524876271e+01 7.248439954933496665e+01 5.916301741316943463e+01 6.807907219553072764e+01 7.965446046159057403e+01 9.963135031553906629e+01 1.065067970230134193e+02 8.782411040905391530e+01 7.537429014722464160e+01 9.538893516606864864e+01 8.652328125847751039e+01 6.645541476778237211e+01 5.628630509692459327e+01 4.944807682695785189e+01 6.109559920963076962e+01 5.422747163101369239e+01 3.390959306185978051e+01 5.290109492789384404e+01 6.127545446473860835e+01 7.428736678731539200e+01 6.881337952456530616e+01 5.189950295291061622e+01 4.640601029061124194e+01 6.673884717217102036e+01 8.220535147659676056e+01 9.379971771018232118e+01 8.871652524137191165e+01 7.036313153712659130e+01 8.640426490538024495e+01 9.471411947128703446e+01 1.019957639808952337e+02 9.103318419270692630e+01 8.264359765241223954e+01
5.177563563885756537e+01 4.685317081906293168e+01 6.642909803894217191e+01 7.603588212460047657e+01 8.432671162337794613e+01 8.744141631518236579e+01 6.913785103923564179e+01 6.982996692806641192e+01 8.399039357924718274e+01 1.039688239772305138e+02 9.814861413324727835e+01 7.810621593668386708e+01 6.779154451886776656e+01 8.782411040905391530e+01 9.480124032704790693e+01 8.477947759140397466e+01 7.648780814246370596e+01 6.109550453632638067e+01 4.071198718598294874e+01 3.531001470294729216e+01 5.422747163101369239e+01 3.770307172573889432e+01 5.213688442293165792e+01 7.242170672869713144e+01 8.048222841333665656e+01 7.216331457966616370e+01 5.820785349764649652e+01 5.365563060471075119e+01 6.539943654665150063e+01 8.549848960898941641e+01 9.875432956829763498e+01 9.044745772053107657e+01 9.875432956829763498e+01 9.923311547322940385e+01 9.395777907836867371e+01 7.514303723528594503e+01 6.450298209828363838e+01
6.826489733552425321e+01 4.862462440640705807e+01 6.826489733552433847e+01 7.987082385315262911e+01 9.054626511217942664e+01 9.745196856975339017e+01 8.330091757665142893e+01 8.139962845127959667e+01 9.814257709732007129e+01 1.058041046349061389e+02 9.421523884668049220e+01 8.178406453216112482e+01 6.170817043429472903e+01 8.178406453216112482e+01 8.221778722355907121e+01 7.880769407424087092e+01 5.857696800179063246e+01 5.710331548795880963e+01 3.674127518467672360e+01 5.565354358834590442e+01 6.088074272439475010e+01 4.047868430367844184e+01 6.088074272439475720e+01 7.347402247369228689e+01 8.773203261469156189e+01 8.669964683379267001e+01 7.839240124985261104e+01 6.539943654665150063e+01 6.383963477531643349e+01 7.808181635784818297e+01 9.811348768362343264e+01 9.354607497737065103e+01 8.536497850428817458e+01 7.915018595143622804e+01 7.915018595143622804e+01 8.222507958616421320e+01 8.264359765241223954e+01
7.289898498723022158e+01 5.325809802959734895e+01 5.139258675631818107e+01 6.121431957442765537e+01 7.576689608263939135e+01 9.781449538763335738e+01 1.032788898993057671e+02 1.013743529066493636e+02 1.096935030210123756e+02 9.744792077620249415e+01 7.741729675615668782e+01 6.582952942490243231e+01 5.677372610459168811e+01 7.097562357976346448e+01 6.209478504566214241e+01 7.225726917102753077e+01 5.857745420884278786e+01 3.818504954080511737e+01 4.784450040312777475e+01 6.496747346588044536e+01 6.923637268939457101e+01 5.230698843040742929e+01 4.474115425020617209e+01 5.921601233269296927e+01 7.806462367346067310e+01 9.229131436833505120e+01 9.379971770278866927e+01 8.549848960897290340e+01 7.393149631617126261e+01 9.224989547463681561e+01 1.009375491439218990e+02 8.536497850428817458e+01 6.519467091852091301e+01 7.110241723177371398e+01 5.887708071760958006e+01 6.196843936967079713e+01 6.743415543464269035e+01
7.219627597291990639e+01 5.826935499454191358e+01 5.343118367594375684e+01 7.339026965494119281e+01 8.387150961830181473e+01 9.248993630080177297e+01 1.059332402302850653e+02 1.140232953707820940e+02 1.093158164113301041e+02 9.772461714085120832e+01 8.938818828820046747e+01 7.572675454346607182e+01 5.556941300770245817e+01 5.071715797934101744e+01 4.765911844671864372e+01 6.143619657193097083e+01 3.966269288336377485e+01 4.408546445546982540e+01 5.960673325197207362e+01 7.326434130552627266e+01 8.091592015999742671e+01 7.259270889578739627e+01 5.658419703646985255e+01 4.940608470903793403e+01 6.383793297858639448e+01 8.296470124435761306e+01 9.301272295901570430e+01 1.022685606489506540e+02 9.396641778516418242e+01 1.022685606489506540e+02 9.280401257551082495e+01 7.273823764140664139e+01 6.098580244774003489e+01 5.079961456425041888e+01 4.871191957959863572e+01 4.759151420467912885e+01 4.714099813143891993e+01
6.627499547754324283e+01 7.559638575941285410e+01 5.579502565561777061e+01 5.979542689991248494e+01 6.447996432759799745e+01 8.437334344139971165e+01 8.641647336374668953e+01 1.059332402302850653e+02 1.009514507133534664e+02 8.092329269173632156e+01 6.935939007791634481e+01 6.298659708227241083e+01 7.572675453934486711e+01 6.248211468131686530e+01 6.389647594643300721e+01 4.347535049914296224e+01 4.071502332069064067e+01 6.052878957496974266e+01 5.234975255315044507e+01 7.022633205128892087e+01 8.869001846482950668e+01 8.512627839431178245e+01 7.681078982625044205e+01 6.973739326551131512e+01 5.440378115606223730e+01 6.459262579123840453e+01 7.883190865824825266e+01 9.887566308605590848e+01 1.032905507612183129e+02 9.330092022709519028e+01 8.507464841487218621e+01 7.833073318136733576e+01 7.247041347648004717e+01 6.202272785210445960e+01 4.173215018005642207e+01 3.590787267860618925e+01 3.282848966307877703e+01
8.560842177443495871e+01 7.814445226839622194e+01 5.822218338238383240e+01 7.814445510059306343e+01 8.437334344139971165e+01 7.234998783576001813e+01 8.641647336374668953e+01 1.059332402302850653e+02 1.035594032426240290e+02 8.351827885877378321e+01 8.305452617416020189e+01 7.718623129880251099e+01 8.257797242801630944e+01 7.993221738218679207e+01 5.935631817758434892e+01 5.373317414582226803e+01 4.186448459701212244e+01 6.227858301466517332e+01 7.006227682406849055e+01 6.153314135788494355e+01 7.466179828672795793e+01 9.444334060997528013e+01 9.104710520235197180e+01 7.096190400868437109e+01 6.007015935871473999e+01 6.275632539540012544e+01 7.699228811281869866e+01 9.703713502937601731e+01 9.511368803743243916e+01 7.503560879231183378e+01 6.484290271435769171e+01 5.802999022644351612e+01 5.214435368243495361e+01 4.690209802813011919e+01 4.213554841991879130e+01 5.615176062182765548e+01 5.308472629386198349e+01
9.924767057026102179e+01 8.067977166044455828e+01 6.073040895027327224e+01 7.230119019130586366e+01 9.212512679496568069e+01 8.641647339413506757e+01 8.641647336374668953e+01 1.059332402302859748e+02 1.119309554229287613e+02 1.035594032426240290e+02 1.031166526025039758e+02 9.722184325025344265e+01 1.026509505204161030e+02 8.835564674704141908e+01 7.797512444273448295e+01 6.433842029876069546e+01 5.605643502671890843e+01 4.351507031448680607e+01 6.475997948531914972e+01 8.002779358307823543e+01 8.045566174883609278e+01 1.003086500898172346e+02 9.936082718476129116e+01 8.603725076562949425e+01 6.593628256753117967e+01 7.041789304633975632e+01 8.286328784683209392e+01 1.029141214644701421e+02 1.032905507612183271e+02 9.330092022709519028e+01 8.507464841487218621e+01 7.833073318136733576e+01 7.247041347648004717e+01 6.129395943724976803e+01 6.248550654582868447e+01 7.078105663213698051e+01 5.676797895560768126e+01
8.317955272728038096e+01 7.157396404544445545e+01 6.336493048392961214e+01 8.332561478439345137e+01 1.002177746197282175e+02 1.059332680112771072e+02 1.059332402302859180e+02 1.140232953718478797e+02 1.149141000131063919e+02 1.066072602530751396e+02 1.051985371002110412e+02 9.689057293882622446e+01 9.566387725507949824e+01 8.735115908031562526e+01 7.770039821629208632e+01 6.864325699934651936e+01 6.129119841786324940e+01 4.469439490422790584e+01 6.513069679597778361e+01 6.731766556843061267e+01 8.087474950884566738e+01 1.004804803670514843e+02 1.024941228397711939e+02 8.236379132057420804e+01 7.354582562350401531e+01 9.044353623914771845e+01 8.312368711303143698e+01 1.031116241625576180e+02 1.081240653955969435e+02 9.654679316199529637e+01 8.752760007352983962e+01 7.921517982154607296e+01 8.339582366346975562e+01 8.153429026146039860e+01 7.571997388050789368e+01 6.737306050073465258e+01 4.838535991200627961e+01
9.971722724104563440e+01 8.617612467159723622e+01 6.622255518080068271e+01 8.617612467159723622e+01 9.605814367767500528e+01 1.019703709141911219e+02 1.019703798155162389e+02 1.213425881898324263e+02 1.066072602530751396e+02 8.654924639842680278e+01 9.242410263931954262e+01 7.679140963069610848e+01 8.047967481820555236e+01 6.720887866434172508e+01 6.935798793678165453e+01 4.900335233403341562e+01 4.640825563487079108e+01 6.170932517584645893e+01 5.489715172542641142e+01 7.497392579390476897e+01 8.659914755605525727e+01 1.062219863342272390e+02 1.108879706374146537e+02 1.019343754570413267e+02 8.364748001715956605e+01 8.324817050132345742e+01 9.735171085710911143e+01 1.114332065933059965e+02 9.988180246223636516e+01 7.976565580998101268e+01 6.802560034559616042e+01 5.891251755845827631e+01 6.312735028040009411e+01 7.741064062821996572e+01 6.737306050073465258e+01 4.707115429742981405e+01 5.024416999961619723e+01
1.000957437573606370e+02 8.041042966320659957e+01 8.617612467159723622e+01 7.066928716532527233e+01 7.627710062869147123e+01 8.236171263571566215e+01 9.630245732149927562e+01 1.156539551710652631e+02 1.040049849144485279e+02 8.394630627135251189e+01 7.232083469597955627e+01 6.592198773909318277e+01 6.029458656353910584e+01 5.549363018107570866e+01 5.277467886169360867e+01 6.821721762413642409e+01 4.778909190198864820e+01 6.784766471800055854e+01 7.436806627472351749e+01 8.136721330035713606e+01 8.604231660184832720e+01 9.423151414016578542e+01 1.082098887494971535e+02 1.119651117767687936e+02 1.036251774752974626e+02 1.117909533125750556e+02 1.172166128764584840e+02 1.069513373037852801e+02 9.536526729031234595e+01 8.633691134607192907e+01 7.801728301253440634e+01 6.906384869000214621e+01 4.874485341600419730e+01 6.109415186156019217e+01 5.851570816624857230e+01 5.301744495336453156e+01 3.273268744073455849e+01
