MOVIE_S10_data/elevation_000217.asc
nrows	100
cellsize	150.0
xllcorner	0
ncols	100
yllcorner	0
NODATA_value	-9999
[rows 34 to 50 of 100, columns 37 to 73 of 100]
7.993959775378245070e+01 8.254877183265772089e+01 1.026701567248028084e+02 1.058799181229541801e+02 8.600896833005580788e+01 7.442775441378326207e+01 6.886329014557156825e+01 8.890174672429846225e+01 1.060700042245521217e+02 1.015683030292347269e+02 9.324106512085137410e+01 8.000668774533228600e+01 9.206432187877318540e+01 1.139365973227496056e+02 1.073449474791908500e+02 1.044340779463643258e+02 1.178772194392621486e+02 1.149154337682646201e+02 1.175944036407781823e+02 1.047944280336919718e+02 9.541850516364354462e+01 7.444174235433889919e+01 8.156890885178960104e+01 6.479263150968328944e+01 8.236727395157559783e+01 9.066563946516269823e+01 1.025113990540195488e+02 8.982792063998090271e+01 7.010807229608798252e+01 7.010807229608798252e+01 7.817858806294802321e+01 6.991289058623976871e+01 6.774532595096491150e+01 6.856614604665607260e+01 6.024642792957400417e+01 5.146578824716673495e+01 4.016199786091593893e+01
6.833576300062043174e+01 8.208397883778917503e+01 1.022074404031959176e+02 1.040926268340497529e+02 9.589547883077160861e+01 8.372783948342437554e+01 6.363548252893514956e+01 7.788444133034394667e+01 9.538494046346647792e+01 8.709364085269439215e+01 7.305751946008342657e+01 8.735047056491508499e+01 9.657646553990704774e+01 1.168300422040197901e+02 1.212362858346181582e+02 1.233836098771412111e+02 1.213337003953621718e+02 1.130427956090654504e+02 1.089877027690764351e+02 8.756689262551886088e+01 7.575265859337611118e+01 6.817510206986939636e+01 6.145533140555652807e+01 5.654503654816029723e+01 6.235626277069437151e+01 7.775052125964514005e+01 8.897172634129702828e+01 9.779625426846070013e+01 8.982792063998090271e+01 8.982792063998090271e+01 7.890421434155003055e+01 7.056761299975129020e+01 7.890421434154097824e+01 6.415519482111999139e+01 5.584315972226935543e+01 4.813211069798417441e+01 3.957494671782109208e+01
6.198617736215985019e+01 7.619252105000951758e+01 9.630721613055477803e+01 9.589547883077160861e+01 7.595180520306463734e+01 7.978627318759197351e+01 5.965234144805426553e+01 7.878402802456874099e+01 8.166879667242002938e+01 6.695375817130781115e+01 8.122454420396149999e+01 1.012628935809438531e+02 1.157861354935505602e+02 1.252202343985587447e+02 1.381578913281838652e+02 1.216338916751619621e+02 1.098256106343944651e+02 9.315098699849040997e+01 1.098256106343944651e+02 1.047944280496865872e+02 9.608175244912891344e+01 8.819842648585753864e+01 8.156890885442876993e+01 7.081391125953717847e+01 5.070232326439669635e+01 6.337958824931460100e+01 7.653012590831949069e+01 8.534857032143349898e+01 9.367898357491860395e+01 8.045906809593617481e+01 6.895404890932292119e+01 5.076089653735566998e+01 6.535326685399613211e+01 5.584315972226936253e+01 3.563242277909731826e+01 3.994824714835398538e+01 1.974462687724461674e+01
5.674852838154671275e+01 7.100509778504523695e+01 9.111362450500804755e+01 9.149836005362264757e+01 8.076214674870463739e+01 6.168990233746222884e+01 5.579804291690076212e+01 5.862977538033373293e+01 6.153566093204179310e+01 8.166879667242002938e+01 9.538494045693731493e+01 1.044807603632555981e+02 1.110828504298939379e+02 1.193437705445146406e+02 1.292799936555064448e+02 1.094964235565340260e+02 9.340016883871480502e+01 8.157547873560551466e+01 9.739398323203401731e+01 1.056597080825552979e+02 1.063680596459280565e+02 8.637409138965846012e+01 8.637409138965846012e+01 6.719358846056903189e+01 4.712048304595518999e+01 6.046766836880622975e+01 5.680777988102388321e+01 7.713442547175253594e+01 7.388511984287720225e+01 7.212058139785045796e+01 5.227764160780380820e+01 4.094465272808697165e+01 4.557560100832075278e+01 5.151804852658561629e+01 4.155201057697493638e+01 2.133018233750597759e+01 3.994824714591907622e+01
7.052395454463503199e+01 7.689474882337486861e+01 9.701158522390012706e+01 8.355703047431974539e+01 6.422454627640438218e+01 5.257197613234833966e+01 7.280556167120325028e+01 7.878402802456874099e+01 8.159442771212131618e+01 6.848102936748932734e+01 8.850476883459965904e+01 8.463684353655557402e+01 9.127658022997901810e+01 1.011761106908473664e+02 1.209895901689404241e+02 1.033092684669676657e+02 8.290454149897109914e+01 7.319988987472474662e+01 7.736943533506820359e+01 9.411025259247203678e+01 9.564576812474471978e+01 8.637409138965846012e+01 6.634922279268455725e+01 7.370925246725481372e+01 6.232153514495339408e+01 4.218671414645208984e+01 5.791677129039624816e+01 6.380081884744076604e+01 6.023146811853347771e+01 7.052810246880886780e+01 6.222660161418268387e+01 5.136834344788736217e+01 3.148806813806164584e+01 4.317789514039488807e+01 2.293665599934901778e+01 4.155201057697494349e+01 4.989380877361689670e+01
6.139341214399384938e+01 8.157264700954942782e+01 8.671688827254955356e+01 8.660514560674209861e+01 6.528306798573674996e+01 5.041551699023966648e+01 7.069415786692346160e+01 8.012797308537381014e+01 8.873160764795662203e+01 8.647366085625108667e+01 7.609854890640345104e+01 9.601928579775542971e+01 1.110828504298939379e+02 1.193437705445146406e+02 1.292799936555064448e+02 1.115986021056936437e+02 1.016696347993686516e+02 8.583280511332085894e+01 6.559541210684844259e+01 7.962440841258869284e+01 7.629565366641004687e+01 6.733196743808237272e+01 7.023477374178050070e+01 5.360853854493836934e+01 5.999018843132120082e+01 3.976097154428722291e+01 3.766102267007443061e+01 4.427132477792459042e+01 6.323517967081285462e+01 6.222660553398973349e+01 4.203471686614330594e+01 4.614770426610517973e+01 2.586979421332782891e+01 2.465006810733587628e+01 4.267837957389437520e+01 2.789858860038394184e+01 4.816524665076803302e+01
6.423763892336039305e+01 8.077704872268040504e+01 6.647319894540673602e+01 8.077681660996415758e+01 6.862174882949059906e+01 4.829464097010682622e+01 6.572890220930641192e+01 5.863544139194578264e+01 7.420236917030268842e+01 9.570471885319810212e+01 9.601928579775449180e+01 9.431891688896207881e+01 1.013555210187525546e+02 1.095905853353390427e+02 1.210542868562339009e+02 1.133345803491059485e+02 1.033876661269153487e+02 9.411025260502168521e+01 7.962440841259142132e+01 5.938863526160599093e+01 5.615804630071668413e+01 5.304709158327671048e+01 5.007483458514015950e+01 6.296498171707204961e+01 4.276839565675585675e+01 5.999018843132120082e+01 5.547933404169229021e+01 3.519236049826784551e+01 5.310644194816347152e+01 5.149043214907985799e+01 4.794878139357583535e+01 2.765325456182295483e+01 4.614776320143958799e+01 4.491208823955028606e+01 5.299611748072916839e+01 4.816524665076803302e+01 3.314197174526944423e+01
5.708702255724413277e+01 6.065965940813729418e+01 5.206309498160791804e+01 7.240273980251137687e+01 7.690843731217455570e+01 6.572890220913214421e+01 4.533336283947241441e+01 5.941622160347332482e+01 7.807270853793781384e+01 9.363643429065238877e+01 8.538830087590523021e+01 7.434945240282955581e+01 8.145299903195221702e+01 9.297406756647377790e+01 1.128047993552023343e+02 1.050730284896222884e+02 8.520045835553851532e+01 7.511210453783458263e+01 6.740122336033813610e+01 7.193645713457755164e+01 7.629565366641004687e+01 7.319756256778569536e+01 6.613003630380991638e+01 4.595817137834318800e+01 6.272328820489468626e+01 7.088585575819007545e+01 6.089714479872520769e+01 4.115399904354815419e+01 3.279778427483410042e+01 3.117859586358569146e+01 2.958208438537570828e+01 4.794852509709075150e+01 3.309140515368881807e+01 5.336790158538853035e+01 6.738908813161204137e+01 6.170620798868327483e+01 4.749996528282572683e+01
3.676303311934048423e+01 4.020593115747435320e+01 6.056489026976725398e+01 5.801524122291100127e+01 5.952192813805275762e+01 6.104104717446278983e+01 4.333942028966406923e+01 5.845070830546784180e+01 8.043715558730784210e+01 8.538830087406465452e+01 6.532943691277058917e+01 8.538830087591006190e+01 1.013555210187525546e+02 1.095905853353390427e+02 1.105932530336804689e+02 1.133345803491059485e+02 1.033876661269153487e+02 8.756814133930753030e+01 7.907481160414526755e+01 8.926628412873840546e+01 8.592285233739147543e+01 7.141852447012770710e+01 5.129181201674040835e+01 6.613036595137536722e+01 7.422543064434169935e+01 7.565764704861291534e+01 5.552287275579231363e+01 6.103273590861499542e+01 4.454929188911905413e+01 5.149043214906495081e+01 3.228041638872216623e+01 5.257800393889306179e+01 5.336790158538853035e+01 3.886861420358842167e+01 5.320242141544265024e+01 7.329136647677947280e+01 6.762482850949938040e+01
3.413627851555727233e+01 3.340971821196832536e+01 5.356692175712525028e+01 3.755625662394918152e+01 3.905361327801631433e+01 4.057244210162986775e+01 4.318027456401092934e+01 6.361645584292934785e+01 7.006985787018672340e+01 7.330877582277399540e+01 6.009132395853666253e+01 8.020912447117888178e+01 8.758179639469949507e+01 9.427134830802491194e+01 9.060308392959174739e+01 1.105932530336804689e+02 1.157782962747146627e+02 1.072003051450271016e+02 9.893633110399406405e+01 9.381811087650264369e+01 7.762112753801055476e+01 5.753640044526915887e+01 7.141852447012770710e+01 6.405183289322806672e+01 8.409482691964691981e+01 8.417531548577674982e+01 7.573996944856254743e+01 7.226523771415519093e+01 6.423176686363930799e+01 5.531116753006973141e+01 3.504155347163145962e+01 5.531116753006982378e+01 6.738908779148918882e+01 5.908633719702418574e+01 4.547586204908908059e+01 5.975340944103065510e+01 7.979310094703008360e+01
3.142147761772907444e+01 5.181560353908570704e+01 3.546065586413338622e+01 5.584552141904683964e+01 5.952192740817805827e+01 4.981911798667904634e+01 6.361611359127005016e+01 4.698023359825815959e+01 4.978268813915656921e+01 5.309050301340377587e+01 5.766795547240865716e+01 6.246027082816681997e+01 6.752107572308224803e+01 7.424450169156339996e+01 8.428342506301123649e+01 9.849443685696417106e+01 1.191960383399936489e+02 1.103992769755112988e+02 8.969452256923945299e+01 7.547915441059571151e+01 6.544603884808049088e+01 7.175642734543696122e+01 7.394652300171742354e+01 7.823623350148535849e+01 9.238847854500592405e+01 9.875487291945194102e+01 8.721901683953301188e+01 7.894159280755127384e+01 7.092266291302441061e+01 5.811665829506898717e+01 3.788597668749238778e+01 4.961588841567390773e+01 6.972892580408618812e+01 7.119620323469366951e+01 5.110136972870633798e+01 6.194702437634838077e+01 8.197866647046834032e+01
5.015053032053407378e+01 6.021035098046937861e+01 4.812677748691940138e+01 6.462457097097797032e+01 7.011362669492876876e+01 6.423689444347969868e+01 7.561918240723292683e+01 5.881814643376994667e+01 7.006985788038468854e+01 5.782325685306260254e+01 7.781852149792382534e+01 8.256097970312293910e+01 8.758179639469949507e+01 8.173324305624832675e+01 1.017014531846508021e+02 1.127932651797188299e+02 1.189779401483135644e+02 1.109702675114240549e+02 1.040429989591049917e+02 9.306225466185978235e+01 7.303712467079282078e+01 9.177976628217375321e+01 8.810352387078661707e+01 9.823872260233521558e+01 1.004112339270904357e+02 9.047587559609867469e+01 7.049791177746735116e+01 5.890090106653525481e+01 6.262732939242270902e+01 4.245499499688661871e+01 4.558615864930406758e+01 6.573050591989179736e+01 7.801569246393701462e+01 7.787642085063457387e+01 5.783576800281201713e+01 7.119620323469368373e+01 9.025887275109390373e+01
5.846940627086570430e+01 6.675204787899123460e+01 7.112362919453495635e+01 8.126264303538451372e+01 9.011466396213072017e+01 8.430132474021837652e+01 8.722657499278697912e+01 7.896567438989865195e+01 8.623846757747308800e+01 7.797376425486504559e+01 6.689460165256846835e+01 7.851250702954955329e+01 9.844651582742504559e+01 1.017014531846508021e+02 1.099786425268471959e+02 1.122780508680758231e+02 1.041595613283810877e+02 9.217662795825914657e+01 1.082636671972152556e+02 1.013989347688774956e+02 8.458459628218922433e+01 1.013989346602533459e+02 1.081371691700326636e+02 1.036485519535721522e+02 8.370292334164957992e+01 7.217366732071313606e+01 6.398112987900877613e+01 6.737109403612942060e+01 4.724500514875121837e+01 6.262732939242270902e+01 6.573050595650734351e+01 5.986063340125375731e+01 7.990163188880229939e+01 8.615248048662466829e+01 6.683031316784210674e+01 8.615248048662466829e+01 9.947259743076847371e+01
5.110255350683672049e+01 4.741790014956699650e+01 6.081297327181627566e+01 7.926636987904510079e+01 8.313960110607874299e+01 7.481516966279821190e+01 8.313960112142822823e+01 9.522970710082796586e+01 1.035725536644673923e+02 9.518870850084518054e+01 7.696518164748127333e+01 9.518870850084518054e+01 1.066935856856090368e+02 1.110044207355596910e+02 1.180001889359109981e+02 9.842661753798816449e+01 8.452982304555243331e+01 8.087525147036666340e+01 9.972564096368446940e+01 1.105104477101500038e+02 1.046431458870229676e+02 1.130010137359197557e+02 1.163402125166894052e+02 1.119382634916598107e+02 1.004112341447525267e+02 8.742868473180894284e+01 6.743681118315718948e+01 5.321252468221022269e+01 6.737109403612942060e+01 6.150487365290735653e+01 8.153340284517346959e+01 7.990163188880229939e+01 8.818154586565506747e+01 9.508850552851396287e+01 8.096897665375951192e+01 9.508850552851396287e+01 1.080354118595472528e+02
3.335319194490908501e+01 4.780454372543041330e+01 6.811222575929708967e+01 7.754878204034922362e+01 6.921629078512859223e+01 5.462780865188511115e+01 7.481516966279538394e+01 7.514413382176806522e+01 9.522959696941742891e+01 1.051611009421029621e+02 9.691220058018265604e+01 1.051695555023022450e+02 1.052452708836498942e+02 9.123529420090987685e+01 1.052452708836498942e+02 1.083479710756599701e+02 9.174454976099571013e+01 7.201301032840183325e+01 8.267052486361589558e+01 1.023613880610698885e+02 1.133755100481224076e+02 1.105262688328826357e+02 9.647504965241056141e+01 1.105262688328826357e+02 9.424671545145417895e+01 7.429044648194729916e+01 6.271525867082775108e+01 6.483934521057190636e+01 8.157143637401244973e+01 8.153340284517346959e+01 8.981151531919041986e+01 9.842548656773067250e+01 9.842548656773067250e+01 1.067837452564822200e+02 1.009214120758711459e+02 9.803225668403844395e+01 8.971274317599183235e+01
3.526998744761500149e+01 5.569090408371932455e+01 6.057312419676608783e+01 6.406654486488416467e+01 4.894145235831815910e+01 6.921629078512442845e+01 6.090126895855089373e+01 7.514373049929666593e+01 9.519589424454761684e+01 1.023416921409709772e+02 1.107162634631041271e+02 1.110073981926608582e+02 9.123531888989538174e+01 7.724808514844849583e+01 8.645390084492434823e+01 9.465408352280442728e+01 8.051479480932039223e+01 6.647504641172665174e+01 8.628387978425706706e+01 8.544682439838895505e+01 1.051885454907070283e+02 1.022934524625788129e+02 8.230399184353818498e+01 1.022934524625788129e+02 1.025270843731198198e+02 9.099952522560163004e+01 7.274606412317262993e+01 8.483924004110686212e+01 9.311487174278647672e+01 9.624506603290532780e+01 8.792091343175967211e+01 7.847159436949111466e+01 7.847159436949111466e+01 9.842548656773067250e+01 1.038426005623318105e+02 8.385996461217203546e+01 6.981839192885786360e+01
5.564095400176517359e+01 3.808167700683872425e+01 4.015352439885627689e+01 4.369633091257696123e+01 6.406654486488933742e+01 7.754878204668743535e+01 8.102553412694322788e+01 6.881876028310523452e+01 7.518000402950409011e+01 8.227704499243021985e+01 9.385631995584192566e+01 1.139797344933036953e+02 9.787155009083303980e+01 7.809560149391860762e+01 6.660838750198904279e+01 7.895288644504633169e+01 8.186088608708577397e+01 6.198674375654113078e+01 6.925464643835820766e+01 8.328716438777573217e+01 1.030292863253650495e+02 9.473815245762862958e+01 7.452529692917426019e+01 9.473815245762862958e+01 1.071735872341679396e+02 1.009826745977498774e+02 9.270385225660511708e+01 1.009826745977498774e+02 9.944625168575325347e+01 7.948378025541929048e+01 6.801248787371999072e+01 6.441360859015706808e+01 8.431595408329015129e+01 8.820874304650978104e+01 9.653498059622967276e+01 9.803225668403844395e+01 7.822673412810596005e+01
