MOVIE_S10_data/elevation_000680.asc
nrows	100
cellsize	150.0
xllcorner	0
ncols	100
yllcorner	0
NODATA_value	-9999
[rows 34 to 50 of 100, columns 0 to 36 of 100]
2.064481644892168788e-02 1.186838989897912100e+01 2.243321613793583325e+01 1.256112129191758875e+01 2.642516781165662820e+01 2.806448073633586660e+01 2.381845655319417077e+01 3.130138105026491147e+01 1.379273356688938712e+01 1.581293324769684361e+01 3.603922170162040572e+01 4.117956846349745348e+01 3.485732913795218479e+01 4.842998968304195984e+01 3.617239512642836985e+01 5.641487206315881764e+01 7.371201281248889359e+01 6.655548071971919910e+01 7.414874868527749641e+01 8.244628672777180611e+01 8.024431941531935308e+01 7.858991727253892634e+01 5.871802410837413078e+01 4.462562954416299732e+01 3.828033303994878622e+01 3.312111291775723743e+01 4.727524256842669814e+01 6.166421079840131370e+01 5.584142611368333320e+01 7.572165655502574566e+01 7.578939458684908459e+01 5.600300556205792191e+01 5.878713671854126943e+01 3.890921826592700938e+01 5.878695428227653252e+01 6.502368666481265791e+01 6.971934909619808707e+01
2.905961989428186565e-02 2.002905917092886057e+01 2.835844421005720051e+01 3.085745340985134533e+01 2.705145551745854604e+01 4.720564487638869622e+01 4.410789628220545211e+01 2.804866896191816394e+01 3.398147921289787377e+01 2.203445587251723126e+01 1.884112808511933324e+01 2.106662893243067813e+01 2.329164256308996173e+01 2.826258350508937767e+01 4.847278455791034446e+01 5.357805773009155814e+01 5.704491109238972513e+01 4.640102019872479389e+01 5.405885000121776329e+01 6.567423950540630528e+01 8.572514350978138964e+01 7.858991727253892634e+01 5.871802410837413078e+01 6.453836686114348709e+01 5.664472483009022596e+01 3.664055211484757280e+01 5.664472483009022596e+01 7.544465530354423777e+01 7.572165655502574566e+01 8.398531266690261532e+01 8.405456577763145276e+01 7.578939458684908459e+01 6.282079834423948483e+01 4.305999539632752260e+01 5.449154195714883286e+01 7.419882657000982817e+01 7.484961753936241280e+01
3.542675937824442400e-02 1.492088433816561199e+01 3.607246207847310160e+01 4.906085658782861714e+01 4.720564487423109767e+01 5.541901613430648865e+01 5.660207061770416459e+01 4.237268296663510370e+01 4.766187073217579950e+01 2.722270440876728159e+01 3.899815926206608196e+01 3.526824349835116124e+01 4.341663456035006874e+01 2.691289969552021688e+01 3.010213369850728427e+01 3.336496192123254900e+01 3.679842034482948776e+01 5.705457690560916717e+01 7.144813828170877912e+01 8.244628672777180611e+01 9.401728769957682630e+01 8.685726166210291410e+01 7.858991727253892634e+01 6.922247717583567805e+01 4.933530454679505795e+01 4.076618589334913167e+01 6.071721071940908843e+01 7.511549209575680663e+01 8.337774895675767084e+01 9.333021266666582960e+01 8.356446473923480767e+01 6.376827898623110968e+01 4.989966953768001190e+01 6.282079834423948483e+01 7.103388332721283405e+01 8.244736448986124344e+01 8.035374882034615496e+01
3.411803931810562102e-02 2.003411803931775026e+01 3.278967398980565662e+01 4.433666624801748668e+01 4.678346888938458648e+01 5.434275833339501105e+01 6.262702538818229669e+01 6.253403741718981479e+01 5.497394309042094562e+01 3.431387828398313644e+01 5.497394309042094562e+01 5.545076936594843886e+01 5.384985586304442506e+01 3.360784455793434233e+01 3.549769352446141113e+01 5.363073951427009689e+01 5.705457691480936688e+01 4.295456763142563261e+01 6.314102187631989693e+01 7.855056537333777555e+01 8.751749951936608340e+01 9.908422581375778293e+01 8.546141942319727036e+01 6.557285818891709539e+01 6.733779843400097320e+01 4.747603529296645064e+01 4.864883422259458001e+01 5.528618621624443108e+01 6.518039435150961936e+01 8.505058984000386602e+01 8.356446473923480767e+01 6.376827898623110968e+01 5.789858119260615155e+01 6.376827898623110968e+01 8.356446473923480767e+01 9.447320496174954485e+01 7.450527859324496660e+01
3.327314952832965272e-02 4.505409104527926978e+00 1.605241448832023821e+01 3.605241437792088277e+01 2.678346891600273949e+01 3.434275837618702099e+01 4.848489399984289605e+01 6.848489385399815887e+01 6.334916637925829974e+01 4.635639313952206209e+01 6.334916637925829974e+01 7.029964000445313843e+01 5.015285121281321778e+01 4.375843174086541865e+01 4.191885307882001399e+01 6.211630259360673278e+01 7.144814049663419553e+01 5.725920425487502996e+01 5.014086520774381484e+01 5.916156398918008108e+01 7.075164839806485872e+01 9.079418513119762224e+01 9.373682010241444118e+01 7.405755652806617206e+01 6.004161820040783937e+01 6.152132018042940587e+01 6.011579513071257708e+01 7.511549209575680663e+01 8.337774895675767084e+01 9.333021266666582960e+01 9.183358886296535672e+01 8.356446473923480767e+01 6.663940116390983803e+01 8.356446473923480767e+01 9.183358886296535672e+01 1.027648012785761438e+02 9.447320496174954485e+01
6.779948344387334846e-02 2.006779948344351894e+01 1.180837653793007824e+01 1.735537850018227246e+01 3.735537848611205192e+01 5.434275833339501105e+01 6.262702538818229669e+01 6.699711675425008650e+01 6.918491160973519527e+01 6.674573579434866133e+01 7.507248050107074278e+01 7.860792951601624168e+01 6.394127990963884400e+01 6.394127993750672800e+01 5.361622592262039433e+01 5.472597741025033002e+01 7.483327279208030802e+01 7.734098574941721438e+01 6.177400761871507484e+01 6.177400761871508195e+01 7.596194861977478752e+01 9.599976856507699097e+01 1.022677905578573530e+02 8.816266919663505064e+01 7.989276785147893634e+01 8.138001911902158270e+01 7.996657871563766662e+01 8.823689512165788074e+01 9.305853114166409057e+01 9.157450352831861551e+01 9.981263468256156557e+01 9.477516371305019049e+01 8.064324170442905881e+01 9.477516371305019049e+01 1.016485953608693507e+02 1.012516615987010056e+02 9.316217318094706457e+01
9.516927588586144779e-03 2.000951688896284963e+01 3.180837654435069695e+01 3.735537848611205192e+01 4.563964767865041949e+01 6.199579612007212148e+01 5.371153747585894678e+01 4.699711755170935135e+01 4.918491353557556778e+01 6.918491160973519527e+01 7.805720900991389044e+01 8.634146633048024455e+01 8.402340837693530773e+01 8.203152742120497010e+01 7.372762325970526831e+01 6.895758293428491470e+01 8.313668300757689167e+01 9.012467815209411981e+01 8.183089021583326428e+01 7.596194861977626545e+01 9.012467702755299115e+01 9.308347002875572684e+01 1.014467599115180718e+02 1.027336909593221748e+02 9.449459232614159987e+01 9.239637734060059415e+01 8.415544546205325105e+01 8.415544546198714215e+01 7.315062635257757506e+01 7.166324301368385363e+01 8.575194021688658097e+01 1.056314148425537951e+02 1.006272016996274203e+02 1.016485953608693507e+02 8.228122236383471488e+01 8.583520152723865237e+01 7.382174914077445749e+01
1.945935296826603253e-02 1.416159497669934098e+01 3.416159497670004441e+01 4.069851266313021654e+01 4.038259399722090848e+01 4.866685387032428878e+01 3.371153763585747498e+01 3.285498192856240962e+01 5.285498169440795380e+01 6.172727766854995224e+01 5.805720934940163858e+01 6.808562063662940034e+01 7.636989004048547258e+01 8.208561689092012159e+01 8.548661648827800263e+01 8.901844293506781014e+01 9.550837412087395251e+01 8.710101873661493244e+01 9.550837412087395251e+01 9.599976859818634978e+01 8.957408697482924254e+01 7.236476933367926279e+01 8.957408697482924254e+01 9.124436864760396304e+01 7.459071380523843686e+01 8.415544546205450160e+01 6.422093273986195072e+01 6.422093273986195072e+01 5.903154104075818509e+01 7.315062635257757506e+01 9.305853114162751183e+01 1.092200996145014358e+02 1.012108137441719293e+02 9.951809625721949715e+01 8.016756095755718547e+01 6.639316017467741915e+01 6.248827267081664871e+01
5.600688922766024203e-02 2.005600688922730512e+01 2.433415489473276239e+01 2.069851274237187155e+01 2.038259403163782935e+01 3.399956637635277445e+01 2.216453225206581124e+01 4.216453218444164008e+01 5.537813596696985741e+01 4.172727773345769720e+01 5.182457007348699562e+01 4.808562067881765500e+01 6.208561723260277176e+01 6.208561723260277176e+01 6.548661668576733064e+01 8.548661648827800263e+01 8.518369303602274556e+01 6.630576608612697953e+01 8.352213735760165036e+01 9.195549894229614551e+01 8.112152260519401636e+01 6.025310167577176657e+01 8.112152260519401636e+01 8.300308270418051393e+01 6.306376695124840381e+01 7.149111338676826222e+01 7.005961633653457454e+01 5.006865372211971277e+01 7.005961633653900833e+01 8.094502521029457398e+01 8.918873937351652614e+01 9.838268087835686515e+01 8.267395358206898948e+01 9.302793842411696801e+01 9.390258080561424947e+01 7.611418085096171637e+01 5.646878638389291893e+01
8.215197286175310309e-02 2.202147732874468744e+00 4.334154896430564285e+00 6.556377118652776836e+00 8.835588647845517229e+00 1.399956644278869433e+01 3.399956642198958434e+01 3.822088698704293819e+01 3.537813606337908112e+01 3.278300582345885772e+01 3.182457008711552859e+01 3.653861529502567862e+01 4.208561725727777514e+01 4.915668506914300195e+01 6.329882069271441480e+01 8.329882056293796211e+01 7.670339241137095598e+01 5.587583999728837370e+01 6.274618072791149359e+01 8.352213735760165036e+01 7.374342162926920707e+01 5.292553876512410937e+01 7.374342162926920707e+01 8.688639415136516675e+01 7.149111338676826222e+01 5.150577266002440524e+01 6.255339730306937440e+01 4.545894432743028801e+01 6.547337497757314395e+01 6.099513553861793014e+01 8.094502521029457398e+01 9.048427322046545385e+01 7.216054285121968803e+01 7.457794084619020225e+01 8.516083302337055727e+01 7.210408149762719177e+01 5.238268990716501605e+01
2.613274238814250472e-02 2.002613274238778729e+01 1.327842680642964446e+01 2.655637711582563654e+01 2.883558864381960518e+01 1.258193189417226066e+01 1.530358716393132390e+01 1.822088699388916311e+01 2.123600043966674633e+01 2.550001476677888235e+01 4.550001475746012147e+01 5.653861527719433866e+01 6.208561723260277176e+01 6.915668503097283804e+01 7.744095446572006836e+01 6.924062986295916744e+01 6.070336518146492466e+01 4.810902365739681841e+01 6.883131753911020212e+01 7.542778903061586959e+01 6.691055177735367465e+01 4.676263868638065446e+01 5.768420603318967466e+01 7.842316958848677189e+01 7.973968618082369630e+01 6.255339730306937440e+01 4.255604217072823303e+01 4.111208118931949684e+01 4.684803395011780935e+01 6.099513553861793014e+01 8.094502521029457398e+01 8.972107258908812355e+01 7.302551120268472573e+01 6.136427988308545167e+01 6.660980347862934536e+01 6.837708880787840826e+01 4.860148812481997282e+01
7.532853315450405152e-02 2.007532853315414911e+01 3.327842680313735002e+01 2.960835842488820902e+01 4.086620326073818177e+01 3.258193189073732299e+01 2.346855297320844258e+01 3.822088698704293819e+01 4.123600043262953818e+01 2.940096624894386323e+01 4.094797163273597107e+01 5.509010725630889738e+01 7.509010716078078929e+01 7.419734603989907384e+01 7.537313690804460009e+01 5.462694682873457452e+01 4.015075474774648967e+01 5.403521780105571537e+01 6.256694698218318251e+01 6.351788399488199133e+01 4.625459880805951229e+01 4.091911888788643381e+01 5.271603692740587377e+01 7.347517170070680947e+01 7.164259139626136630e+01 5.700712889512180226e+01 3.710650278616624576e+01 3.694570197959446745e+01 5.684317844482313831e+01 7.509193745202284731e+01 8.458877662538469622e+01 7.637274900006211453e+01 7.420275185332195633e+01 7.204327423429204202e+01 5.306798913211771662e+01 6.456067641259384970e+01 4.500987843061820826e+01
6.101047412966256744e-02 1.420314609786073845e+01 3.420314609786144189e+01 4.960835840560105225e+01 5.789262801078761100e+01 5.175282321637110527e+01 3.501555835700055042e+01 5.175282321678819386e+01 4.940096623704712897e+01 4.354310187264547238e+01 4.354310187264547949e+01 6.354310183214192875e+01 6.872076173720762426e+01 5.525357246871969608e+01 6.872075187179176226e+01 6.924062206697141164e+01 5.403521782276240515e+01 3.362105991899816360e+01 5.403521783540067958e+01 4.942360466240296546e+01 3.455157904143433001e+01 5.498483177016343859e+01 7.002650298040995835e+01 8.196905182516319144e+01 6.338559953657448887e+01 4.343793375610555074e+01 3.211799029306796172e+01 5.186880932851607184e+01 5.944613626355530300e+01 6.770088519203829946e+01 7.120688884201776148e+01 5.648132599539643195e+01 5.430295439593560047e+01 6.836093243684909737e+01 6.511447977725693192e+01 4.582557889152808883e+01 5.854615273977230316e+01
6.842009524227352091e-02 2.006842009524191894e+01 3.052854814072364675e+01 3.655877503227735303e+01 4.362984284413976610e+01 5.191411408081648204e+01 5.501555833328943379e+01 6.329982796805877854e+01 6.940096606566152104e+01 6.354310183214305852e+01 6.354310183214200691e+01 7.182737165262254564e+01 6.080207528645565418e+01 4.140545718585692470e+01 6.080207528645565418e+01 6.442551603405536298e+01 4.383835561979177697e+01 2.952138526590581336e+01 4.443028158078180923e+01 2.908433690057767151e+01 4.942360466215018988e+01 6.351788399488479087e+01 7.254541228797887698e+01 6.305068458407517085e+01 6.320892382170299584e+01 4.329812604682985011e+01 2.926301894022320838e+01 4.537538280598244000e+01 3.954708589104740213e+01 5.944613626355566538e+01 5.129385859886473042e+01 6.013145758892579096e+01 4.017157364822839583e+01 5.015161740989022832e+01 5.153788291316825365e+01 5.224957891938517918e+01 3.897348540679960394e+01
1.934550753332892059e-02 5.183323302476527950e+00 1.052854814072496836e+01 1.655877503228013481e+01 2.362984284414548597e+01 3.517684822793759025e+01 4.931898385166804388e+01 6.931898385159256293e+01 6.262952914317764197e+01 5.453606301133550005e+01 6.262952914317764197e+01 6.542777812018125871e+01 5.347084274989501296e+01 3.364124700142524205e+01 5.347084274989501296e+01 6.461656455414836842e+01 5.838897067963251430e+01 4.443028158078180923e+01 2.416614194294187001e+01 2.542678873181213817e+01 3.970067946083625543e+01 6.021839546284009259e+01 5.970229816931221478e+01 4.108610875144850638e+01 5.970229816931221478e+01 5.738147150935986218e+01 4.537538280573207317e+01 2.465991468554308241e+01 4.537538280598253948e+01 5.384639219274512101e+01 3.715913423405559257e+01 4.691118324614289037e+01 4.823235008794361534e+01 3.015586667950439548e+01 3.154527161536567093e+01 3.294582093962257119e+01 3.437528205723388908e+01
4.364784840791047227e-02 2.004364784840755576e+01 3.052854814072364675e+01 3.655877503227735303e+01 4.362984284413976610e+01 5.191411408081648204e+01 5.266970323258772879e+01 6.092322718874040532e+01 5.287638951013726540e+01 3.504348445364909281e+01 5.287638951013725830e+01 5.745014521410379871e+01 3.779163735596176821e+01 2.710445900989052248e+01 4.720017398653482843e+01 4.409713108939782700e+01 4.409713108867091336e+01 3.732681214922851609e+01 2.059277012617660674e+01 4.079073466058880371e+01 5.421761778327000059e+01 6.243790006907352819e+01 4.954591744355735727e+01 2.934591493395807049e+01 3.918420967463714533e+01 3.951646965270487044e+01 4.012687574730937712e+01 2.137024262471572200e+01 4.276067199498340443e+01 4.376107269492949570e+01 2.560580865337216849e+01 2.691679856916600500e+01 2.823814298406705703e+01 4.823633339989290647e+01 5.153788291316825365e+01 4.112331320624490871e+01 5.471823386959396629e+01
5.219006137575642884e-02 8.217155870652945282e+00 1.821715587065276765e+01 3.235929149438322128e+01 5.235929149438251073e+01 4.952471039444884582e+01 3.300267721818146072e+01 4.952471039444884582e+01 4.478977373249231420e+01 2.568607475222466974e+01 4.478977373249231420e+01 5.800510318767068441e+01 4.139904076178999048e+01 2.118990510439461517e+01 4.130857366259680674e+01 3.932797471113431698e+01 2.384607657258369429e+01 1.719799922969550821e+01 3.732681214921378654e+01 4.927889716820465793e+01 5.147213353568945138e+01 4.873686656421573815e+01 3.675939897111143040e+01 3.256406810697765764e+01 1.869142595799128159e+01 1.941643592472551916e+01 2.014347590418319456e+01 2.090192423138109490e+01 4.034368156011957751e+01 2.377617091600253119e+01 4.376131329211299459e+01 4.691118324609266921e+01 3.468627747990724686e+01 5.377736264792476106e+01 6.902275075240906688e+01 5.263957153342787620e+01 6.902275075240922320e+01
