MOVIE_S10_data/elevation_000224.asc
nrows	100
cellsize	150.0
xllcorner	0
ncols	100
yllcorner	0
NODATA_value	-9999
[rows 51 to 67 of 100, columns 37 to 73 of 100]
5.304600398590937971e+01 4.929392282245138546e+01 6.259141362964899713e+01 6.474699227854691230e+01 4.829285477190423137e+01 6.262926750133313902e+01 8.280821651623314494e+01 9.083826933719130636e+01 9.687668007038054441e+01 1.039342724967856952e+02 1.121787738358091531e+02 1.236727246128366318e+02 1.105753435693755193e+02 9.913736369976659546e+01 8.346813810574316506e+01 6.378096720623338456e+01 7.647575386887395155e+01 5.668180824302717014e+01 7.647575388376236560e+01 9.240243416770074703e+01 9.062774680198265287e+01 7.096732825430501634e+01 6.084307268326060125e+01 7.096732825430501634e+01 9.062774680198265287e+01 1.021012341034003015e+02 9.388441799624801831e+01 1.021012341034003015e+02 1.044263801378922381e+02 9.291225867387413473e+01 7.398725976193638587e+01 5.390599904040607981e+01 7.398725976193638587e+01 7.048259818021664103e+01 9.043451942461420856e+01 7.772812306384207659e+01 6.362813506472198100e+01
6.735889129903861772e+01 6.361363900316094799e+01 6.951834053254125934e+01 7.132224275943727321e+01 5.106389600519420213e+01 6.541757201818910517e+01 8.557737896215422779e+01 9.314185080772500669e+01 1.013966296981373461e+02 1.103216509108348475e+02 1.218176437478648637e+02 1.128711420565496013e+02 1.046096331042591885e+02 9.263450709181040565e+01 7.291865988647688823e+01 5.893586064231254795e+01 7.244544754820505261e+01 5.287627931746487064e+01 6.446151047262878819e+01 8.419085098181579951e+01 8.846879467991207946e+01 6.882011816969374252e+01 5.475919401744876325e+01 7.457508227819585045e+01 8.982609317695644791e+01 9.221869242165995217e+01 7.414918514933103211e+01 9.221869242165995217e+01 8.995069227871388762e+01 7.995353585026974486e+01 6.925406121828005723e+01 4.905372687356457106e+01 5.625320824203503633e+01 7.632638061500082927e+01 8.356214305346848903e+01 6.362813506474460468e+01 4.927891233553928174e+01
8.748955805251873130e+01 8.377355123833726225e+01 8.963736767493151092e+01 7.421663590477298555e+01 5.395588390283742086e+01 7.421663590477298555e+01 8.310635653347064533e+01 7.307086230677074923e+01 8.209825571339224837e+01 9.365832721045110532e+01 1.135754810473219720e+02 1.046096331042591885e+02 8.483326949893206859e+01 9.062563229172162949e+01 8.468958419980330632e+01 7.244544760267631034e+01 5.250848157616638190e+01 4.926756472706877332e+01 6.605533586480402164e+01 7.427035098653250600e+01 7.480197838595607607e+01 7.025090094878341063e+01 5.027225884384650101e+01 6.192204317695926363e+01 8.162862262330899910e+01 8.401680157278961758e+01 6.426617010931535390e+01 8.401680157278961758e+01 8.167860471715169979e+01 6.167446386617191223e+01 5.151838533930594366e+01 4.444115440602391232e+01 6.473712914197916746e+01 7.884804738780424316e+01 7.906407393337480016e+01 7.772811747507630287e+01 6.407126535792193067e+01
9.573632161645278416e+01 9.852452118403867587e+01 7.849344706037835806e+01 6.681121585365671933e+01 6.039136318273177295e+01 5.912289623374983449e+01 6.290898070527913433e+01 8.310635655795424270e+01 8.633972643469373054e+01 1.004711508725644222e+02 1.203796995593540515e+02 1.020335096566150952e+02 8.227448645410467520e+01 7.093798803480675019e+01 6.500301537829948018e+01 5.967812651724106843e+01 6.666536196133898784e+01 6.605533799741678536e+01 4.587077697922966024e+01 6.286387863900048956e+01 5.482826418174468586e+01 6.113778314363048594e+01 4.621266730962570790e+01 6.054007255437446844e+01 8.031682421534567595e+01 7.743325775163150126e+01 5.758914744121589280e+01 7.743325775163150126e+01 8.995069227871388762e+01 7.995353585026974486e+01 6.090155044433727483e+01 4.056043868278378284e+01 5.027733902841795555e+01 6.456274234392755318e+01 5.890414078885873295e+01 7.313411099465008647e+01 6.058890863449435216e+01
9.688627312398301683e+01 1.067765622425657170e+02 9.523002882044919204e+01 8.061047910826968632e+01 6.808852130198648922e+01 7.935579801830637336e+01 8.310635655795424270e+01 6.989616655870827344e+01 9.000291405167851622e+01 9.894735229297121748e+01 1.188598786733162029e+02 1.102891403308651519e+02 9.885220577774087758e+01 9.062563229172162949e+01 8.468958420025050771e+01 7.942812736775890414e+01 8.639980874966929036e+01 7.427019559315978370e+01 5.702917130810740787e+01 4.259685793048362967e+01 4.038505548070825313e+01 4.088271033491936635e+01 6.113777177872187707e+01 7.452625056122249703e+01 8.252661804006852719e+01 7.170475653685798534e+01 5.171839977930103061e+01 6.590858908511171421e+01 8.569794260864938451e+01 7.556598224949573250e+01 5.627060154223538291e+01 4.488936158370715646e+01 3.582320875806144755e+01 5.196064343243097028e+01 4.449405282332539002e+01 6.480884825310140229e+01 5.719859656974598039e+01
9.592903046055822358e+01 1.041997551845498577e+02 1.088926870321864726e+02 9.648300146958067103e+01 7.821100713152652872e+01 9.648300142255600065e+01 9.826158275030226719e+01 9.000291405167851622e+01 7.894698036489202764e+01 9.311290464068449069e+01 1.130329549440776304e+02 1.148445658499483670e+02 1.065776603503433506e+02 9.089784635636705445e+01 8.268883195931951491e+01 8.987512150492499075e+01 8.566906365236977194e+01 8.516043039101985812e+01 7.109483133430693158e+01 6.286385410717525701e+01 5.763767449870375970e+01 3.733171335267051916e+01 5.176682322022520566e+01 7.181114924923734577e+01 6.842197981262619066e+01 5.432706439100265072e+01 4.658451507090557442e+01 6.089159962664007963e+01 8.075065810797856614e+01 8.372124618552690833e+01 7.344262238214695060e+01 6.107879538529796548e+01 4.070965651711417621e+01 3.161589265521004677e+01 4.821487119791082421e+01 5.658815615898042495e+01 5.734452411863572507e+01
7.584280988064439555e+01 8.433224560174274131e+01 1.043677179446462304e+02 1.064762870175009084e+02 9.822727166150816913e+01 1.064762870092878160e+02 1.022067990379307503e+02 1.071941091973942264e+02 9.052593675838353704e+01 1.071941091973942264e+02 1.155620066137082489e+02 1.056392033869470310e+02 8.678482961781614335e+01 8.268883195931951491e+01 6.296961935163164270e+01 7.014695003753995195e+01 6.590780162824290755e+01 7.989753542425376054e+01 7.688040326959854553e+01 6.518919232642434736e+01 5.582867609711595946e+01 3.553167290598604211e+01 5.329155436723933548e+01 6.157512376935317633e+01 6.017918382262956101e+01 3.992024692393653140e+01 6.017919186703216639e+01 7.054094826635675020e+01 7.879178480042389765e+01 7.954077665471122316e+01 7.755976523128255451e+01 5.737702412573428035e+01 6.032587785432825456e+01 4.821487119791082421e+01 2.790262546878966177e+01 4.804540841394560147e+01 4.553707074034845448e+01
6.411661306274550043e+01 7.845503799792201960e+01 9.852107990776899271e+01 9.403873687139912363e+01 8.573994091855210797e+01 9.403873687139912363e+01 8.217688387888163959e+01 9.633438768852491307e+01 1.104512198490428716e+02 1.186934471692559612e+02 1.072922049649731804e+02 8.749608081361746770e+01 7.765946817090640764e+01 7.071414343809398417e+01 7.592519783463393424e+01 5.608728533094973301e+01 5.171438242537912799e+01 6.615390902680317708e+01 5.695385715841821650e+01 5.692291038507062950e+01 3.661757090772787393e+01 3.480603786498473085e+01 3.301387213333937609e+01 5.150273410767582050e+01 5.612737081887786417e+01 3.584935297048600944e+01 5.612735606150258860e+01 5.038626464698673857e+01 6.717850752189026764e+01 5.957066148114549264e+01 7.368621597500492726e+01 7.755976522019422248e+01 6.326020909344179444e+01 4.037511764292957395e+01 2.535931873939413705e+01 4.143992281008935663e+01 2.521815495317537525e+01
6.831624049472438287e+01 8.848805895284549194e+01 8.964800072278919174e+01 8.133624773142388165e+01 6.552057811824032285e+01 8.041252350147902916e+01 6.785381713376506241e+01 8.804351020237398018e+01 1.050528129095079066e+02 1.133361743847527094e+02 1.155620066137082489e+02 1.056392033869470310e+02 9.739414288929550878e+01 9.041688173035367981e+01 8.412425636361804493e+01 7.320384812446297929e+01 5.326361279039927865e+01 4.597159223903761216e+01 4.252096979071201588e+01 3.923764284164766281e+01 5.692291038507062950e+01 5.509946232337408389e+01 4.560494681542316897e+01 3.124304372111525296e+01 4.973254224856006545e+01 3.203507753157664695e+01 4.739546492090396868e+01 3.870588003690619416e+01 5.876688715909825333e+01 4.535009810070684466e+01 6.366419279832791744e+01 6.535257298881963095e+01 6.340156785214843893e+01 4.478122260100036556e+01 4.032326288442452267e+01 2.196022218791173941e+01 4.221865974048494508e+01
8.254452243980836101e+01 8.742978320668750314e+01 7.798317813871918247e+01 6.107513742566830928e+01 5.531118131186796205e+01 6.012309575030680264e+01 8.041252350147902916e+01 7.743978688783752773e+01 8.506987493247530097e+01 9.920848034261965154e+01 1.191622798555081033e+02 1.168184928935330760e+02 1.085618911348445579e+02 9.967155767543744105e+01 7.990914304913417254e+01 6.594334821809751190e+01 7.320384359715671962e+01 6.281109183258329409e+01 4.254242473508767119e+01 5.954451654519288439e+01 5.954451651765435116e+01 7.398210341187350991e+01 5.979352502394992541e+01 4.973263693957111542e+01 2.949200234033513723e+01 2.830803140141616936e+01 2.718382673553588447e+01 3.637553179859093433e+01 4.469750577463012320e+01 3.526095631481140913e+01 5.536676666254466284e+01 4.524842315615713773e+01 5.942602302915503998e+01 5.701287796810883179e+01 3.526100881591617053e+01 2.046970152516215435e+01 4.054476273469650494e+01
7.664556134387805741e+01 7.313820650207986773e+01 5.884662979747204758e+01 4.931993932604952136e+01 5.700848855716988339e+01 7.731279777606117420e+01 8.872263503125950024e+01 9.749997228784280878e+01 1.050528129095079066e+02 1.133361743847527094e+02 1.199847002540200691e+02 1.085618911348445579e+02 8.908504465129850303e+01 9.478968091019980591e+01 9.391551811822415630e+01 8.569742028055819105e+01 7.919511824847847947e+01 5.932606170328539719e+01 4.492833842747707962e+01 6.514561119134370415e+01 7.949399144198802958e+01 8.037562577991880630e+01 6.895791886622826894e+01 5.392185314560075682e+01 3.388128783352861717e+01 4.853351863977823655e+01 4.580911208635895093e+01 2.561443273148184474e+01 2.451452463514668167e+01 3.974048904786161529e+01 4.208976408037291606e+01 3.093837401460021752e+01 4.861184196384242284e+01 5.468668501974484997e+01 3.366497575108603257e+01 1.905726457046191769e+01 3.862450729741563293e+01
5.784398223338214251e+01 6.024570683500313351e+01 4.449706778482195091e+01 6.478142757125611695e+01 7.731279777606117420e+01 7.140996459326878210e+01 8.309391953200628222e+01 9.728053313828478110e+01 1.172626396816999801e+02 1.199847002540200691e+02 1.000551162506400118e+02 1.037122630559483554e+02 9.478968091019980591e+01 7.606219215480884088e+01 8.477941710486621218e+01 8.021655328054214351e+01 7.691391743764225453e+01 6.753578558815691224e+01 4.739570093721421529e+01 6.173225573670800514e+01 8.154676976317014692e+01 7.215211172295150277e+01 5.240807016772487970e+01 4.083717775005565187e+01 5.392185314561081810e+01 6.213764103609727840e+01 5.384668766275169105e+01 4.551104468844672368e+01 4.314714656885444555e+01 2.298189100088813319e+01 2.193763838549724809e+01 2.089730192477516013e+01 3.692099121065717782e+01 4.708677473858197970e+01 3.732564075119618252e+01 1.760829869951515292e+01 3.550199388944942314e+01
3.763423053151204556e+01 4.000841563767004061e+01 6.024570683500313351e+01 7.010005750439448491e+01 7.489041377456344151e+01 8.031332561276981608e+01 8.745453899794890162e+01 9.574622895504491282e+01 1.057670471138382595e+02 1.219583243754780710e+02 1.037122630559483554e+02 8.373847198835066763e+01 9.218038940633338996e+01 8.477941710486621218e+01 6.674563618131618625e+01 6.615974422577232872e+01 6.576955500289788858e+01 5.113268812455773116e+01 6.751823952609808543e+01 6.173233204431854659e+01 8.154984539498971685e+01 7.062417265907680530e+01 5.088159543473227586e+01 5.240807016772498628e+01 6.895792429181611283e+01 7.258618399565156665e+01 6.117762093103505805e+01 4.327518907391508662e+01 2.916802754634582229e+01 4.258069266880102788e+01 4.208976408036719619e+01 3.956284078854570652e+01 1.943468291900600065e+01 3.675313543634896973e+01 3.624483506831285240e+01 1.605320903646608599e+01 1.548419745954356053e+01
5.190875990422950537e+01 6.024570660531955468e+01 4.547755118413232367e+01 4.978134190487308786e+01 5.456665335694766128e+01 6.002264747552090540e+01 6.725613735570787810e+01 7.742389322135805685e+01 9.748518477453970377e+01 1.136665907906076427e+02 9.375793532128415109e+01 8.218845561647464137e+01 7.199741264159230525e+01 6.725562761908129517e+01 6.276558016500730020e+01 5.850634606344271305e+01 5.505738789393642918e+01 7.112693090316597022e+01 6.750124106512258493e+01 8.154956778320524791e+01 8.976903272564257463e+01 7.884419462636657272e+01 5.971826862430338423e+01 7.215211181128935891e+01 8.037563470093826368e+01 6.738472541692291884e+01 4.636846880450313080e+01 3.632400230104861549e+01 4.960753711385761733e+01 5.660815849241787134e+01 4.741119480871937242e+01 3.944903581011867288e+01 3.809791785524171814e+01 1.797011005352601387e+01 1.692557183928091291e+01 3.606827410291845837e+01 1.957987246484523070e+01
7.217287619052621039e+01 7.412231936301485291e+01 5.719698242562190416e+01 6.417498361729251144e+01 6.897914874746487612e+01 7.442134478992178970e+01 8.031332561276981608e+01 9.574622895504491282e+01 1.057670471138382595e+02 1.188985591348801734e+02 9.897391259146492359e+01 8.484100287406435825e+01 8.633305385227485829e+01 8.755009698015737740e+01 8.312148069272424777e+01 7.972879478874510539e+01 5.991073682463456862e+01 7.416905438911848591e+01 8.725012619366064825e+01 9.545807155257533338e+01 9.599098848504300463e+01 8.768946290730225712e+01 7.363300304885372327e+01 8.768946290730225712e+01 8.936790761370940572e+01 7.584883002772532734e+01 6.287667441317226746e+01 4.248385186124340152e+01 6.165910245602510997e+01 4.835798786936361893e+01 3.720319172941456287e+01 1.922814188254572443e+01 1.826915785860990482e+01 1.756689537657760170e+01 3.643340523732375402e+01 4.388309770765491180e+01 2.375668278132386035e+01
8.509388073024341281e+01 8.579910339784564144e+01 7.747644727005345544e+01 8.440445124069870531e+01 8.916146997376633010e+01 9.453782562453154981e+01 1.003955245207872764e+02 1.035080628163255909e+02 9.519167171405460692e+01 1.035080628163255909e+02 1.130872917922083474e+02 1.048097064512899124e+02 1.062971062046662496e+02 9.815243361149904899e+01 7.726755485561240278e+01 6.882924862829460722e+01 7.153626182244532572e+01 8.885364192348737333e+01 1.033765646965866267e+02 9.019140503035013978e+01 7.614574420297876145e+01 9.019140503035013978e+01 9.348403045406990941e+01 9.513422956185807777e+01 7.521573807832140801e+01 6.140744826355889074e+01 5.273340386257562784e+01 6.293831100476994322e+01 5.093937914497819719e+01 3.435081544093464601e+01 2.049387688685499853e+01 3.959496556337365547e+01 3.875173632849910632e+01 3.231330315488941807e+01 3.843482628972597581e+01 4.846741074881986577e+01 2.823963480920219382e+01
7.074475168867655839e+01 9.109046712528521539e+01 9.333305700920494985e+01 8.498942222916981848e+01 9.333305700920494985e+01 9.223536068475522143e+01 8.633128723011665784e+01 9.341550092137931927e+01 7.496198699447992908e+01 9.341550092137931927e+01 1.024465564133779054e+02 1.140526555407060698e+02 1.126495085231827034e+02 9.214754856834090901e+01 8.962621756286323205e+01 8.962621756286321784e+01 9.233189434499846016e+01 1.008008669295718676e+02 9.277539911922313820e+01 8.128548670716938318e+01 6.202841847367142236e+01 7.563640929294081161e+01 8.387559422266828335e+01 8.695262514371988516e+01 8.936790761370940572e+01 8.099327275922772174e+01 7.294982107619831879e+01 5.984508591532659949e+01 3.684445414673270136e+01 2.161914572151956904e+01 3.523807883315409128e+01 3.389363948405378579e+01 5.273550228924671046e+01 5.369566508629934276e+01 5.955767644031855923e+01 4.749186087913991372e+01 3.312399408160234771e+01
