MOVIE_S10_data/elevation_000434.asc
nrows	100
cellsize	150.0
xllcorner	0
ncols	100
yllcorner	0
NODATA_value	-9999
[rows 17 to 33 of 100, columns 37 to 73 of 100]
5.883931202457164034e+01 5.457277103347191627e+01 5.730475239732587767e+01 7.592698054915031491e+01 8.435567551923480778e+01 7.628666259155167495e+01 5.579732136505418794e+01 7.628666259155167495e+01 9.068359508834564053e+01 9.744145728314022392e+01 1.058669151456111592e+02 1.160409085246989775e+02 1.135727105672467445e+02 9.335031559102294807e+01 8.323628233860353021e+01 7.556212689678089589e+01 7.986480833286437075e+01 9.437210110861167323e+01 1.016827862920186192e+02 9.632564627387696987e+01 9.787020007329505233e+01 7.861505268208790653e+01 6.962934191728373889e+01 4.971237938546273227e+01 4.087251084192897821e+01 5.912206453990110333e+01 5.004917306774336794e+01 6.972208917123251126e+01 7.500276738158892442e+01 8.102603420987605887e+01 8.814387297216651973e+01 9.655552586182075459e+01 9.077604875314490585e+01 9.011472394882086689e+01 7.311970004626616060e+01 8.988987365534359242e+01 9.899518533552937072e+01
7.932515204433325096e+01 6.649324000010416569e+01 6.919578890795749260e+01 8.623333474714058866e+01 8.746196496492449057e+01 6.926997599693903851e+01 6.010803493725244806e+01 6.427117360171931182e+01 7.042740439556494891e+01 7.716787069875643112e+01 8.726450968429882948e+01 1.076184048819818031e+02 1.219709696249035176e+02 1.086098314848365334e+02 8.838273813820816827e+01 8.989206732919943477e+01 1.001090366900113224e+02 1.084984535982019054e+02 1.036399248495726226e+02 9.527812192914906575e+01 1.002852809494507085e+02 8.012860319625761463e+01 6.594284830611637460e+01 6.860680468473908888e+01 5.911562797609646225e+01 3.927942892304957212e+01 5.079326644477226438e+01 6.642601944647798007e+01 7.618691481899605833e+01 7.673644398738163375e+01 8.541493635254153105e+01 8.482804221308511217e+01 7.047893928006294573e+01 7.968956510844306251e+01 6.175485865968430943e+01 6.877360400967812382e+01 9.030720029930013482e+01
9.529409774633501229e+01 8.687167238785366408e+01 8.956520795389295131e+01 9.798750267003285330e+01 9.632560253337082656e+01 8.651249146243740995e+01 7.190873881001445511e+01 6.680922835824695483e+01 8.696859889715520353e+01 9.744145728314022392e+01 1.058669151456111592e+02 1.160409085246989775e+02 1.288691804246788877e+02 1.086098314848365476e+02 1.086098314848365334e+02 1.101213751144854029e+02 1.069819010443078469e+02 9.859598007757927007e+01 9.197557004427798688e+01 7.506820739781946372e+01 9.197557004427798688e+01 8.377118446943920560e+01 6.370265666396394266e+01 6.032161440291947940e+01 4.047270097960284829e+01 3.817080138743954620e+01 5.657226089895205234e+01 4.856731885681237770e+01 6.107485908367706173e+01 5.561058080889903721e+01 7.649662616344083688e+01 7.472721283873227094e+01 5.625858242823262856e+01 5.951423881537758120e+01 5.321506400304508588e+01 6.736960155892890612e+01 8.770466892936882175e+01
8.423847472301814321e+01 9.251589634541323903e+01 9.832432626524692409e+01 9.832438554076590265e+01 1.004900070984928959e+02 1.004525135859261695e+02 9.206561101471088193e+01 7.584142405475182613e+01 7.506120830594896631e+01 9.518348323869088290e+01 1.136980742334959018e+02 1.238533978380126541e+02 1.297474264307700480e+02 1.196214066539923664e+02 1.112340411475326647e+02 1.035790557241034833e+02 9.859598007757927007e+01 7.836331294489588117e+01 8.360992233418656383e+01 6.348449961154799581e+01 7.285393013735108525e+01 7.000401304940986336e+01 6.370265666396394266e+01 4.384356394152766256e+01 6.032149479135297554e+01 5.656522594606585130e+01 3.676816201464986733e+01 3.579496823140738115e+01 4.206839905478835107e+01 5.440835082260429800e+01 7.042907549643186371e+01 6.633684801814725063e+01 4.648697368340234704e+01 4.562290440240454359e+01 6.542345507396002802e+01 8.176021363565190825e+01 8.639140160867209772e+01
7.574448318570009064e+01 7.251110968998975181e+01 7.837037604517313127e+01 7.839167587987041941e+01 8.057544026969671336e+01 1.004900070984928959e+02 1.043670501848817764e+02 8.741726373714442389e+01 8.925280944025519148e+01 8.507634422741358549e+01 9.512980509442195398e+01 1.154514394055143214e+02 1.213613648666496516e+02 1.011067174284156636e+02 9.098085342731468472e+01 8.330643928077837757e+01 9.402245268445741999e+01 8.428932394656870031e+01 6.413033227453956897e+01 5.604057499042419721e+01 5.290451052176162960e+01 5.010125276277229744e+01 4.736827462610317951e+01 6.370265666396394266e+01 7.202830842982557158e+01 6.268486055093462994e+01 4.387684525926417223e+01 5.418042492943359179e+01 3.443028076052330988e+01 5.280549610465913446e+01 4.935618669223974564e+01 5.366753742973089913e+01 3.926825363549546211e+01 5.881484677300273489e+01 7.380771344998778716e+01 8.159782108726993499e+01 7.324557461949650872e+01
7.720747949342369054e+01 5.818591293514952412e+01 7.475067219199128488e+01 6.412149816346820330e+01 7.839167587987041941e+01 9.832438554076590265e+01 1.160606730836488367e+02 1.076548460266124465e+02 1.095013963568848538e+02 1.052906222499682229e+02 1.136980742334959018e+02 1.238533978380126541e+02 1.297474264307700480e+02 1.147827792548462753e+02 9.452875217784166750e+01 8.281544634423676143e+01 7.372192880203144227e+01 8.117134348306254310e+01 6.104579894692472664e+01 7.605945005898756506e+01 7.285393013735108525e+01 7.000401304940986336e+01 5.358974802105304036e+01 7.355874952570843561e+01 7.685006136913712282e+01 5.682041094330222819e+01 6.268695972908393088e+01 5.052083712035046403e+01 5.280549610710886554e+01 3.308954665437504161e+01 3.214901707827115018e+01 3.422972370720128765e+01 5.364621756232145344e+01 5.864831822186133081e+01 7.834480115068447503e+01 7.003518907399453042e+01 5.327529993331067004e+01
5.701270170926468239e+01 4.905445350135177307e+01 5.451929696976632300e+01 7.475067219199128488e+01 9.245668797961486973e+01 1.010150832569677277e+02 1.091566899908316941e+02 1.052904556045965876e+02 1.134270443723525119e+02 1.117488323351888937e+02 1.176057461190078612e+02 1.172705151256701868e+02 1.255857536459917014e+02 1.231695368457628064e+02 1.114769854675403451e+02 9.855864498983430622e+01 7.827024818823669250e+01 6.661214888932053668e+01 6.622929321216150811e+01 8.782509853007005063e+01 8.780808383667667272e+01 6.765648199931723639e+01 6.765648199931723639e+01 7.355874952570843561e+01 8.538185356671918669e+01 7.685006137387006220e+01 7.880789638958599141e+01 7.046372335245570184e+01 5.975825992774900186e+01 4.285962770801464217e+01 5.049010187627720114e+01 3.082028734290465621e+01 4.450108899636503423e+01 6.336895271611247438e+01 6.480699313304559439e+01 5.650674142266866795e+01 4.188048937201894262e+01
4.259942317236090759e+01 6.292761517768942525e+01 7.475067219199128488e+01 8.301162470756599987e+01 9.773252333844766326e+01 8.117331095597128865e+01 9.129266778401188276e+01 8.549459422550479815e+01 1.052904556045965876e+02 9.184651250911848308e+01 9.767576702483106033e+01 9.737919802383636636e+01 1.140704755333729139e+02 1.292581603586871211e+02 1.208936999268816521e+02 1.069483102432736672e+02 9.524054043548822790e+01 7.666111303098186625e+01 9.007198210285666562e+01 9.915221343203457138e+01 9.619078520033708912e+01 8.780808383667667272e+01 8.780808383667667272e+01 9.373443843441387457e+01 9.055135232165667958e+01 8.217938227624276237e+01 8.217938227614502011e+01 7.587742491142907397e+01 6.975368557177790763e+01 6.112666456005644022e+01 4.957091420012158522e+01 2.991452600321825273e+01 4.828025944523697177e+01 5.654906950531390208e+01 5.171126582334458988e+01 3.673448899231722464e+01 5.650674142267207856e+01
5.705937161448202488e+01 6.761008365986906199e+01 7.633983947587164209e+01 8.461967694749421298e+01 8.880099650839532899e+01 6.955339261151766550e+01 7.131182573387799550e+01 9.129266778401188276e+01 9.701597496683483257e+01 7.770326158764548552e+01 9.429285467345368943e+01 8.587909960191898051e+01 1.057862578423902562e+02 1.208936999268816521e+02 1.006741872909956044e+02 1.065963454297595661e+02 1.053688722457045799e+02 9.697468295468267740e+01 1.053688722457045799e+02 1.104027146410027740e+02 1.045046364351210570e+02 9.906540995236298386e+01 9.313810951587517195e+01 9.347089795260859546e+01 8.217938227624546244e+01 6.210776033469703350e+01 6.210776033469702639e+01 5.589941146139510408e+01 5.589941240570897207e+01 5.409801177833987396e+01 4.986765976400393185e+01 3.033748945732148883e+01 2.863403810885880674e+01 4.713806271974497974e+01 3.201511237566094081e+01 5.171126582334458988e+01 6.480699313304559439e+01
3.895274279694105957e+01 5.928445810817099471e+01 5.568715002879204690e+01 7.605184782363394902e+01 7.325752240514496805e+01 6.047410581436536603e+01 8.061245846246235658e+01 9.067698064268397218e+01 8.239499046244426950e+01 6.866712060260340422e+01 7.428542647043094860e+01 8.587909960191890946e+01 1.057862578405060248e+02 1.208936999268816521e+02 1.006741872909956044e+02 8.636836841591826897e+01 9.648235692283890330e+01 1.041196595866938850e+02 9.574646433312484817e+01 9.021799721490666002e+01 8.430027643055976228e+01 7.886435983099089242e+01 7.295198241513743653e+01 7.329341235785304320e+01 7.081096867872314249e+01 6.248567632480586553e+01 4.806909095642249952e+01 5.589940846947751396e+01 3.624848145176798653e+01 3.449605105304873831e+01 3.276291281663545618e+01 4.986765923597918970e+01 4.709685914828713038e+01 2.750724905943110699e+01 4.538840718851474065e+01 5.572843190646629097e+01 7.341330549373454062e+01
5.928434353530041534e+01 4.122219753635672390e+01 6.156511141686092259e+01 6.611757457407126992e+01 5.301792025669934816e+01 7.134358248296283023e+01 7.392140527931850613e+01 7.657706443509819394e+01 6.224110141377208549e+01 8.239499046244426950e+01 9.429282326150267579e+01 1.025610167006958022e+02 1.140704754742696707e+02 1.208936954585795718e+02 1.006741872877247204e+02 8.636836841591819791e+01 7.624679502475382264e+01 8.883403350554696942e+01 7.552078105231954908e+01 8.084154064508855697e+01 7.005455063980424768e+01 7.746550445917696948e+01 5.882455746818107656e+01 5.916424093609120405e+01 6.248567717358123730e+01 4.262343389814025585e+01 4.065231584608077497e+01 3.878547400191587258e+01 5.589941116504252250e+01 4.827331627556254290e+01 4.652586779916941850e+01 5.650460229892757980e+01 4.049935348813834679e+01 4.179886942343663492e+01 2.642277178317925745e+01 4.973737221819605026e+01 5.820752394735422541e+01
6.553115049864128139e+01 4.522023642572014523e+01 4.377497914243546973e+01 4.599094347450422049e+01 4.851429094069850123e+01 5.106038659772617194e+01 5.366579534945227437e+01 5.635447185443089069e+01 6.002152724451597976e+01 8.020245243470402841e+01 9.076416063089251907e+01 9.831361020705799092e+01 1.066082682640863339e+02 1.165891735913346707e+02 1.149661357839802633e+02 1.031394242148539604e+02 8.290854665870580220e+01 6.861838989573274716e+01 6.390888236131281275e+01 6.074439211006037453e+01 7.640158438503780758e+01 5.744950109226929413e+01 4.999374019730399965e+01 4.772758372967999918e+01 4.553688427748063106e+01 6.248532971895052412e+01 6.045849562155340351e+01 4.615408780342437467e+01 6.604329010609205852e+01 6.816007065711534096e+01 6.652964490490825256e+01 6.254217071477285828e+01 4.275811620801628266e+01 2.535007196103176952e+01 4.158820763632934359e+01 5.228768804616930055e+01 3.814442023534618187e+01
5.125840253286376935e+01 6.553115785176990471e+01 6.411817928065093497e+01 4.835178872332497235e+01 6.865895989830494273e+01 7.134867517141195492e+01 6.803598904388594804e+01 7.657706443509819394e+01 8.020245243470402841e+01 6.546147660015176939e+01 7.070358407428257408e+01 7.833964675872410055e+01 8.835917755497406745e+01 1.082680491389662762e+02 1.197048981758530459e+02 1.077408590234194463e+02 8.985745818141825225e+01 6.860117349966468225e+01 8.406916064611527872e+01 7.640362409628363594e+01 5.640488127939703844e+01 5.351153889460645985e+01 6.989748134605621033e+01 6.763373046980346714e+01 5.253498319556050689e+01 7.250434860434175732e+01 6.604372516422665740e+01 6.017029792941309552e+01 7.439041594159330373e+01 7.689304263642247861e+01 6.665342761100470170e+01 5.727901386071270906e+01 3.995388353247249569e+01 2.459967052419437650e+01 4.428121483200984443e+01 3.248129247647582929e+01 5.241650518550842008e+01
5.583517011697155397e+01 7.601172795834645513e+01 7.629869292165366801e+01 5.608614460572107419e+01 5.355598084066756570e+01 7.378768535209729862e+01 8.739965535287659293e+01 9.639296458068470486e+01 9.136625935525144371e+01 7.132017740607783196e+01 9.076415966214997866e+01 8.343270143446295606e+01 1.034319079435439193e+02 1.165890582779953775e+02 1.113549348837407393e+02 9.039897070935671763e+01 7.720201997724656451e+01 8.353529457998259034e+01 9.855469181924686950e+01 8.477256019666522491e+01 7.640362409929512921e+01 5.842228552068908698e+01 7.846013609869685013e+01 8.089691401433520923e+01 6.244633610320414618e+01 8.089743485442647852e+01 8.614170448763681520e+01 8.022717691616284696e+01 8.293826244095987477e+01 6.235269076107950070e+01 4.789703279694558802e+01 3.765076637638330226e+01 3.041505794531921225e+01 2.385145304464418814e+01 2.729681389445953243e+01 4.708159967937364598e+01 6.072603038825869248e+01
6.304248907983117078e+01 8.310484023117793129e+01 8.455544181612147270e+01 6.625957569280038228e+01 7.380142188427821281e+01 5.901824510923930944e+01 7.333864843467770811e+01 9.332899059591966306e+01 9.963683145978343703e+01 8.552936129802324672e+01 8.208655610475999254e+01 1.020224346983023764e+02 9.976121555024160159e+01 1.200023311375284862e+02 1.138522244388509534e+02 9.315063845875958748e+01 9.315368884838390784e+01 1.051205112915457960e+02 1.023023694999660762e+02 8.205318634185466919e+01 6.780015360916758027e+01 7.255116451765336194e+01 7.475978507184589716e+01 9.113131734991722510e+01 8.261587383261158379e+01 9.107862030971207901e+01 8.685070239428011973e+01 7.873513780620898217e+01 7.657340464362827959e+01 7.211343374204500378e+01 6.651868075143448777e+01 5.354476709940168178e+01 4.275107093392572466e+01 2.312430714360671757e+01 3.989641964735321267e+01 5.482548897236085850e+01 6.925641124977107665e+01
7.209876277578891290e+01 9.130011971236811519e+01 8.633784077011431179e+01 8.633784077011429758e+01 8.330091927397955942e+01 6.317965839204568113e+01 7.746144514899415867e+01 9.739865690364594286e+01 1.077858296785577039e+02 1.054577778072008840e+02 9.207879591807976283e+01 1.103008213573036898e+02 1.200161291335285085e+02 1.232302690973424291e+02 1.221736232752034255e+02 1.139262780596962159e+02 1.139823616482676840e+02 1.115086970904719834e+02 1.045227342604703296e+02 8.426704688661567388e+01 7.942836489746849793e+01 9.275680933129687844e+01 9.497151950290607658e+01 1.033875423566246354e+02 9.345285529559953375e+01 8.356813236907369458e+01 7.533432453269298890e+01 5.876010530818359712e+01 5.656537622076860572e+01 5.208254592270282757e+01 5.395359601141637995e+01 4.503086785883231613e+01 2.563182384378474410e+01 2.239598965068370262e+01 3.717943959305549839e+01 5.919798722456370399e+01 4.922856990134713584e+01
8.366177081954654682e+01 1.001802729370394900e+02 1.062082634001114343e+02 9.739865690364594286e+01 7.746144514899415867e+01 7.330915597871995715e+01 7.146123120020696717e+01 7.969580082104086216e+01 9.123339454407332028e+01 1.110088082719513665e+02 1.061231971171570336e+02 1.202667779943522675e+02 1.172912094391038806e+02 1.030083987426724974e+02 1.172912094391038806e+02 1.164391310852861068e+02 1.056327783980168959e+02 9.142107090714574724e+01 1.056327783980168959e+02 1.045227342604703296e+02 9.967129717499351216e+01 1.081038463893864190e+02 1.066415433731056055e+02 9.832095682988098417e+01 8.539568396856370214e+01 6.549466249134769669e+01 5.539598295107077064e+01 4.869498559317855779e+01 4.238818843031955907e+01 3.797626039111808893e+01 3.406486215858223687e+01 3.045814384915205864e+01 4.122216385200340483e+01 2.168390433452342592e+01 4.025647782340950442e+01 4.853809308247500098e+01 3.511925671600180010e+01
