MOVIE_S10_data/elevation_000398.asc
nrows	100
cellsize	150.0
xllcorner	0
ncols	100
yllcorner	0
NODATA_value	-9999
[rows 51 to 67 of 100, columns 0 to 36 of 100]
6.455108993161302877e-02 1.161155452433619040e+01 2.575357276964828301e+01 4.574923873325716528e+01 5.149371682966895492e+01 3.473576049237176022e+01 5.149371253200516918e+01 4.968729240522332447e+01 3.261872515107031489e+01 1.751230589938299076e+01 3.652038831043757483e+01 5.096594225040453097e+01 5.720989661848661001e+01 4.305675229998175269e+01 4.363827199495607090e+01 4.364126098306079626e+01 5.164207815264104795e+01 4.635908413254013283e+01 3.750647820979273206e+01 2.824282726739723870e+01 1.419152438335594546e+01 3.143697998803694205e+01 5.883410825060624205e+01 6.907362529922741601e+01 6.846711591551645881e+01 5.663473247087911489e+01 5.404335319014904115e+01 6.556667558297755249e+01 8.559436724057580648e+01 7.741211501937253558e+01 5.765865558059878992e+01 5.141069318323437187e+01 4.959924180307248776e+01 6.933804654178095461e+01 7.692067413277096932e+01 8.525730095554861521e+01 7.689268426765306685e+01
3.995603441288197999e-02 2.003995603441252626e+01 3.963438878538291732e+01 3.987243634787706270e+01 3.158691039593688998e+01 2.308310088756454448e+01 3.816116504714163682e+01 2.651892526871754541e+01 2.889239290043365216e+01 1.451145315936092040e+01 2.494762629782247743e+01 4.446359096733419847e+01 4.716337292380598711e+01 2.873528519134399062e+01 4.351764849867643647e+01 2.512920065385815604e+01 4.351705001374339332e+01 4.729872268677030434e+01 2.776674572821876907e+01 1.657428428478475979e+01 1.342537836566867249e+01 3.901508680734115586e+01 4.972235362841377793e+01 4.923203392421323343e+01 6.329835344107092254e+01 7.663025298050722256e+01 7.403137407081457866e+01 8.233157286299429245e+01 9.389764110424054877e+01 8.562988668164589967e+01 7.115627266900412451e+01 7.115627266900412451e+01 5.657777611633252235e+01 6.933804654178095461e+01 8.909239331831885522e+01 9.303993708294017040e+01 7.326366818802030423e+01
4.804567899273937126e-02 1.159453495496394737e+01 3.149944839262728635e+01 3.157427797810994718e+01 1.149547578195563169e+01 2.281369004554122881e+01 2.333613842253434356e+01 7.497863580246053594e+00 1.045811245161427294e+01 2.889239288902768976e+01 4.138247942935630164e+01 5.272091234660323522e+01 3.870795108686645136e+01 1.871672238188520154e+01 2.856694643051620019e+01 1.786866328351141320e+01 3.651235838532633693e+01 3.954808555932437741e+01 3.125986447442128480e+01 1.234946988799093859e+01 3.233751967632470325e+01 2.268344658652409862e+01 2.911309018678042193e+01 3.520172972212900220e+01 5.504801854953150553e+01 7.322416808476036465e+01 8.319217418493477112e+01 8.650627576821081277e+01 7.820474984045563360e+01 8.650627576821081277e+01 9.093678853059944345e+01 8.451768080891905299e+01 7.053563716397107441e+01 7.053563716397107441e+01 9.027400130934464073e+01 1.012612467931280236e+02 8.540098519035420566e+01
9.707512844716031930e-02 2.003499676169136734e+01 2.102862999487336637e+01 2.155717861463656249e+01 9.533628041874179004e+00 2.812086751026814380e+00 3.334617968349713024e+00 1.396263616702402999e+01 2.423725807233524066e+01 3.286954562182603468e+01 3.737050469425856392e+01 4.524019360272733081e+01 3.306072106011718148e+01 1.395872867596795075e+01 8.576594538486054020e+00 2.581109496923690827e+01 2.979503404022522517e+01 3.046644378881754278e+01 1.127304686548606938e+01 2.987921843880258521e+01 2.140998214961219404e+01 3.882905288916990827e+01 4.972235362833023231e+01 5.504801854952501827e+01 4.514972471101548734e+01 5.499839535156598203e+01 7.489422942452898724e+01 7.649421682785803966e+01 5.818789668675949400e+01 7.649421682785803966e+01 8.356170717872198850e+01 9.186468544046454099e+01 9.027400130934464073e+01 9.027400130934464073e+01 9.849972445386708841e+01 9.938650936051314488e+01 7.960800000065179916e+01
5.001202446392439237e-03 5.222618025582620449e-01 1.039695486362422816e+00 1.557649465605201566e+00 2.076125312969620218e+00 2.207661376165774669e+01 2.333608132471449892e+01 4.086012028826851328e+00 4.617903793929951206e+00 2.457830197013659301e+01 1.745416580229602488e+01 2.639677297934708022e+01 2.700715316809356636e+01 7.794756970654705519e+00 2.778642102886583132e+01 9.364054193146110094e+00 9.921445051709996577e+00 1.047939115722785175e+01 3.046550048652231979e+01 1.244825234159040228e+01 3.243665130839575994e+01 4.190780501239337497e+01 4.374190937273446167e+01 5.260610055504653104e+01 6.494631238804745976e+01 7.322416808476036465e+01 8.319217418493477112e+01 6.819632326360759578e+01 4.818411832883206358e+01 6.819632326360759578e+01 6.353882544066649984e+01 8.030070151962820546e+01 8.563213204060404848e+01 9.393553788605660770e+01 1.042938686696158470e+02 1.076113615675797064e+02 9.938650993993354632e+01
5.279685921607564503e-02 2.005277093436381364e+01 2.104525750227351111e+01 2.155297841572403783e+01 8.058447694028938457e+00 2.368712524391895258e+01 3.720894127236379489e+01 2.744125068003373613e+01 1.710024643544480583e+01 5.371506102365601443e+00 5.918182013364067018e+00 6.465941139775305935e+00 7.014378775257223531e+00 2.579020106026795389e+01 3.036286323011897181e+01 2.445270071234112663e+01 2.990884872733789024e+01 1.582132980120315047e+01 3.467080791259363792e+01 3.243665101670121231e+01 1.362412507775622039e+01 3.361678027165433491e+01 2.173855530320174267e+01 4.177963614333582854e+01 5.101683352245604652e+01 5.935605388106493052e+01 7.340864698288753232e+01 6.152558544787675032e+01 4.151623213192720385e+01 5.934312365059011540e+01 5.198685484832242309e+01 6.928256719957633436e+01 6.560808635207115458e+01 7.595393909336321769e+01 9.426945980876406850e+01 1.063084418033348584e+02 9.799463571347469326e+01
5.738623160518319517e-05 1.414219313008171675e+01 3.414225345371121989e+01 2.674763497287244007e+01 2.089248014751691329e+01 2.674721739123913622e+01 4.031355810924448235e+01 2.031153166400258314e+01 8.799678324074058366e+00 2.536579970924711347e+01 2.591166576622546458e+01 2.645901080645863246e+01 1.309585411882154915e+01 1.666788985939703593e+01 3.558478977936601240e+01 4.379113578050221633e+01 4.045321593981475417e+01 2.131360273434656349e+01 4.045325960032360513e+01 4.138581793511033879e+01 2.706600758942606078e+01 1.480432535680847828e+01 1.564065315606870321e+01 3.523035885304967962e+01 3.098949046376785788e+01 5.104204422335743629e+01 5.925485666460628664e+01 4.510075202530336469e+01 3.548605136308833607e+01 3.933490414776997568e+01 4.392304923114743787e+01 4.926982139385179238e+01 5.593982341200263875e+01 6.594291058783809945e+01 8.596496759888835015e+01 9.626928424535778106e+01 7.791341625675161708e+01
4.532054705376769438e-02 1.418745617092524469e+01 3.418745679403006221e+01 4.676918437811147555e+01 4.090678319344206670e+01 4.676556314658655111e+01 4.865324014856943791e+01 3.601142957296802649e+01 1.712623207704069017e+01 1.250271186750201657e+01 3.246030801529699517e+01 4.079331161757033897e+01 2.369326828114134642e+01 3.683917861479904587e+01 2.946900946457108361e+01 5.018329857382212111e+01 4.751865581311687237e+01 2.778353560947221013e+01 4.751832221104967857e+01 5.325899991904292818e+01 4.233490890738527668e+01 3.480298334888117040e+01 3.564504872031934468e+01 1.683205007025580358e+01 3.098284014751028437e+01 5.099110713316686372e+01 5.096195238094117741e+01 3.095558973546180681e+01 5.096196238343960516e+01 5.934312365059011540e+01 6.393393590146073535e+01 6.026013378812223209e+01 7.595393909336321769e+01 8.425451228789845004e+01 9.426945980876406850e+01 8.795402598511313386e+01 6.789431087102465767e+01
9.001595176218035732e-02 1.423215157549325660e+01 3.423215157549395826e+01 4.382853047290583248e+01 5.211280172036744318e+01 5.782852705136501470e+01 5.242464594101225117e+01 3.250832093092234487e+01 3.616303466562851554e+01 3.246030801529699517e+01 1.629601806628224736e+01 3.616297981914442516e+01 4.436798099540983742e+01 5.270418002279389214e+01 5.155399759683574956e+01 5.155360309574373190e+01 5.583402849484012620e+01 3.905699351049104706e+01 5.583381027763802962e+01 5.874193511258521028e+01 4.459951054198611331e+01 2.505648894418471784e+01 2.120882204520147596e+01 1.768115458295440590e+01 3.769893114969043779e+01 4.716410987956860623e+01 4.401735718387188712e+01 2.797130150162071160e+01 3.797547588673066343e+01 5.212129369209958440e+01 7.213680395300697512e+01 8.028048072177564620e+01 8.858215274068795964e+01 1.004809078750506472e+02 9.216393140012398533e+01 9.078152897810669231e+01 7.792416739848501095e+01
5.674351268809080251e-02 2.005674351268773492e+01 2.801751076200170587e+01 2.382853047290654658e+01 3.782852705136571814e+01 3.782852705136572524e+01 5.277946496549387234e+01 5.242464594101225117e+01 4.892575294376762685e+01 2.891308015828203537e+01 3.626862732980746529e+01 2.039782252288609854e+01 3.452903308645768021e+01 5.455017197210614910e+01 6.659594594397746903e+01 7.473799032762966021e+01 6.742521313719996101e+01 5.908068129529650747e+01 6.524745807561303934e+01 5.042675885495050636e+01 3.066548397739089893e+01 4.459925031693564534e+01 2.986365228606610245e+01 3.769893114968968462e+01 1.892570615839778370e+01 3.880303328285657471e+01 2.400403756199912308e+01 4.401735718386834151e+01 5.627198581583572690e+01 6.627867937560915834e+01 7.513387483183188920e+01 7.513387483183188920e+01 8.345119915332804794e+01 8.889689826858720778e+01 7.210599516371655682e+01 8.246917803880072029e+01 6.242243315767383649e+01
9.518805923843161321e-02 4.017510762002095781e+00 8.017510762002061142e+00 1.228152508911423446e+01 1.782852705136642868e+01 2.449519371803297929e+01 3.863732934176343292e+01 5.863732934176272238e+01 5.723364327813532526e+01 4.305963147699419125e+01 4.447835405166860312e+01 2.446472387557961170e+01 2.670615351272341087e+01 3.826026802848547703e+01 5.828320851773676736e+01 7.236282078555828434e+01 8.472704843346784287e+01 7.114897335405960632e+01 5.103731682703186578e+01 3.688948762883889998e+01 5.042675885495050636e+01 5.788590058128738036e+01 4.112862317399587653e+01 4.723697773560411406e+01 3.894529639087583917e+01 2.017946916840750049e+01 4.019776115913145986e+01 5.167398384508859266e+01 6.337395721544454830e+01 6.925814807640597337e+01 5.506509699948410486e+01 5.506509699948411196e+01 7.513387483183188920e+01 8.058347651464575279e+01 6.055249181714765427e+01 6.901858210741164612e+01 6.610109034549491014e+01
9.062254805971975413e-02 2.009062254805936476e+01 2.801751076200170587e+01 2.642366071284493501e+01 2.861145670766846649e+01 4.449519371803226875e+01 3.863732934176342582e+01 5.863732934176271527e+01 7.140765507927645217e+01 5.863759184901514487e+01 3.861340572314193054e+01 2.917510569799947362e+01 4.672295839927519978e+01 3.401177827491760297e+01 4.402264280372772021e+01 6.404548353128484450e+01 7.642209370671037050e+01 5.633975616246503648e+01 4.468792185878638890e+01 5.692813981486131070e+01 6.524746151439566688e+01 6.945103885566014412e+01 6.113340995781794618e+01 5.238265634803458681e+01 3.813916971445161153e+01 2.112121273485606565e+01 4.113754330510230517e+01 3.709563879990088253e+01 5.127405909827654540e+01 5.241899138706616412e+01 4.095228532596157578e+01 5.506509699948410486e+01 7.513387483183211657e+01 8.545934720395132445e+01 6.901858210741190192e+01 4.904633543062105616e+01 6.369621125532472661e+01
3.063233560239582431e-02 1.417276795933347167e+01 3.417276795933417333e+01 4.642366071284422446e+01 4.861145670766775595e+01 5.689572795512935954e+01 5.863732934176271527e+01 6.692160058922331700e+01 7.868546688054351534e+01 5.863759184901514487e+01 5.405402142076873417e+01 3.403102897116405501e+01 5.405402142076873417e+01 4.034382062673466862e+01 6.036546205528912168e+01 7.236283723259833778e+01 7.556299179243731601e+01 5.547882475435400806e+01 6.482755307021430724e+01 7.313813055865122692e+01 7.930118541589298786e+01 7.100136155245016312e+01 5.850384004016822814e+01 4.556311774045081364e+01 2.554990745512783334e+01 4.087023448418917582e+01 2.252491692197483175e+01 2.352080684776438702e+01 4.352967444825718246e+01 3.248003028604276921e+01 5.241899138706615702e+01 6.925814807580280785e+01 7.925725642220388067e+01 6.548467547764967378e+01 6.235932302390838800e+01 4.248214988048844987e+01 5.812052587000545145e+01
5.666595628964066211e-02 1.419880158002046500e+01 3.419880158001975445e+01 4.910142638149615379e+01 4.251876128592721216e+01 4.829219521237344281e+01 5.495874277781745576e+01 6.324108233491283215e+01 7.323983100557700254e+01 7.356755347033731596e+01 5.353840743280589010e+01 3.938399653880767204e+01 5.940480848582314621e+01 5.035300998373543990e+01 5.449833201062626387e+01 7.452996698132128017e+01 8.386836008916625929e+01 6.708481782718850184e+01 8.386836008916625929e+01 7.930118541589217784e+01 6.775105442658382060e+01 5.100925802977862134e+01 5.021459913249152152e+01 3.020782119213652450e+01 4.556311728916180925e+01 5.067700324753742080e+01 4.253667342302048127e+01 4.337109572061430640e+01 2.493837435709857431e+01 3.822450096547753873e+01 5.320128408908289686e+01 5.922842700284012096e+01 5.922842700284007833e+01 6.226263425048618672e+01 4.557933730599678768e+01 3.653047231338820211e+01 3.831453069006855827e+01
2.110006612196471329e-02 1.416323568985279024e+01 3.416323568985207970e+01 2.910177302302044566e+01 2.251893073199841666e+01 2.829243342287989904e+01 3.495910008148538850e+01 4.495909905195055956e+01 6.495838650368443723e+01 7.944796951118996731e+01 5.940480848582314621e+01 4.646255549427795017e+01 6.648316168698880801e+01 6.190775733201084563e+01 7.452996698132125175e+01 8.285965736298220463e+01 9.544729146521846985e+01 8.714439288558054386e+01 8.506031185085998914e+01 7.100136155245016312e+01 5.100925802977862134e+01 3.946756205220547997e+01 3.537966750000136074e+01 4.176378927421096421e+01 5.850381266536805924e+01 6.545725106984365027e+01 5.084009498089343282e+01 3.084106946831105489e+01 4.494438529978127406e+01 2.643135401179295130e+01 4.643348356313954639e+01 3.923044342430974751e+01 5.040545028821052398e+01 5.166843488044206367e+01 3.405161897709663066e+01 5.399622436853054097e+01 5.732551243268267172e+01
9.367352646185668485e-02 2.009367351524824841e+01 2.847071319714522630e+01 1.495964127213630945e+01 3.495953587033768173e+01 4.829219521237344281e+01 5.495874277781745576e+01 6.324108233491283215e+01 7.323983100557700254e+01 7.756116462799376166e+01 7.480177950305655088e+01 6.061425937133387265e+01 6.280504536169331686e+01 8.194836348262069237e+01 9.028799000177970413e+01 9.313764541132353258e+01 8.485586885632292820e+01 9.313764541132353258e+01 7.675626074898649165e+01 5.675703987994995003e+01 4.677097961540128068e+01 5.945891520196889246e+01 4.432835823808849796e+01 6.175861918419291641e+01 7.005270440723636227e+01 5.716417266388998542e+01 3.716568311510140177e+01 5.084009498089343282e+01 4.886992466884501596e+01 2.903749414311209875e+01 2.807163690806343226e+01 2.923535223439455422e+01 3.041319383637475937e+01 3.161073890269456044e+01 5.166843488044206367e+01 6.225824729613685804e+01 6.981706627424368605e+01
3.648181865326004941e-02 4.206770099794738371e+00 8.470784426906911690e+00 2.847071322196613252e+01 4.324289226743860581e+01 5.582241698623464998e+01 5.479934420632863379e+01 5.628669687153282553e+01 6.457096735495250073e+01 5.756116464709574387e+01 7.170329922667760059e+01 8.065194525368580969e+01 8.284890254915424634e+01 9.118962310260562276e+01 8.970611124052655327e+01 8.141867788852769650e+01 6.477651142321091982e+01 8.311047032875620744e+01 8.506031185085998914e+01 7.307812510081848245e+01 5.308786660462536133e+01 7.261310650931307009e+01 5.845805325317936507e+01 7.261310650931307009e+01 6.446826597197271269e+01 4.446518263717535291e+01 5.716417266388998542e+01 6.545725429321271349e+01 5.149363942211134315e+01 3.168502735478386256e+01 4.806728448962840616e+01 4.337016480372570015e+01 5.040545028803483518e+01 3.560116116244889639e+01 3.416698463369057492e+01 5.407646666348107090e+01 6.485629682513868488e+01
