MOVIE_S10_data/elevation_000461.asc
nrows	100
cellsize	150.0
xllcorner	0
ncols	100
yllcorner	0
NODATA_value	-9999
[rows 51 to 67 of 100, columns 37 to 73 of 100]
7.829827189301285273e+01 5.916086459597357106e+01 5.359761944329103756e+01 5.700043143471906149e+01 6.049968234994130967e+01 6.410455820626074797e+01 6.789238482630528893e+01 7.392435732162593354e+01 8.389161165916679863e+01 9.534506589278443300e+01 1.149398150027262631e+02 1.223478249599305911e+02 1.108323641419886769e+02 9.414082180296028923e+01 1.023890776962588376e+02 8.415664057598041836e+01 9.670049249613740017e+01 9.176768299521307881e+01 8.577184235982009852e+01 1.001684430858718713e+02 1.119573451597202904e+02 1.087541043940500316e+02 1.028498150478979341e+02 1.025547741495931149e+02 8.233034609678063021e+01 6.809851161457089574e+01 7.661719965613661998e+01 8.053688840398389459e+01 6.045061693397016001e+01 8.053688840398389459e+01 9.186802280285014888e+01 7.180610340009670267e+01 6.920318533853487963e+01 8.327736564634527383e+01 8.327736564634527383e+01 8.238296164404039246e+01 6.268880004769617642e+01
7.542950096920853298e+01 7.906023833611186546e+01 6.514928736500726814e+01 5.879163829011285003e+01 7.875134876964608566e+01 8.404747234105663267e+01 8.781318739678026475e+01 8.777791428843973165e+01 8.542608356538904957e+01 1.051424404477552343e+02 1.229412633225883127e+02 1.140430127882512465e+02 9.414082180296028923e+01 8.262843126324011678e+01 9.259045436433520138e+01 7.421173725364992890e+01 7.679357683617999442e+01 8.191697114912655309e+01 7.087116755756581199e+01 8.308055045115298753e+01 1.036345267364415577e+02 1.052447365477234626e+02 9.698487981629253341e+01 9.698487981629254762e+01 9.662732742719644818e+01 8.825394392782997954e+01 9.662732742718469581e+01 8.690913942201677855e+01 6.675831238270637868e+01 8.690913942201677855e+01 1.001837205096950782e+02 9.186802280285014888e+01 8.926452122239572873e+01 9.757948970024727942e+01 1.033402693541701467e+02 9.084902174528970420e+01 8.112524203415229351e+01
9.473901577466214974e+01 8.474122055497595341e+01 7.657707168285611488e+01 6.258730529811399634e+01 8.253422761514229933e+01 9.535000009710749680e+01 1.019595361853243105e+02 1.074553207977902787e+02 1.051424404477552343e+02 1.015626159875973116e+02 1.210708326641925936e+02 1.181735779880185646e+02 9.825910245607234117e+01 8.417079913727496887e+01 7.266065676864958789e+01 6.756948003141184245e+01 6.281162551769112667e+01 6.208235077168612293e+01 8.173632210262346121e+01 8.627473902494446634e+01 1.052694052692883275e+02 9.698487981629253341e+01 7.699964250113929154e+01 7.699964250113930575e+01 8.842926134703068897e+01 9.669386287593920315e+01 1.034353005421669849e+02 8.319496946647198854e+01 7.835249452392459091e+01 9.528654426030696811e+01 1.039580641222965482e+02 9.557871740815798489e+01 9.510973266773108037e+01 8.917532200770614281e+01 9.004848957313576818e+01 9.226595189742711511e+01 9.002091887735151943e+01
1.108254900517287780e+02 1.028823600985601985e+02 9.048578346395801475e+01 7.076171079693655486e+01 6.945849832343986918e+01 7.548536774373233982e+01 8.213092792067388359e+01 9.616848990272737296e+01 1.159403586611001913e+02 1.210708326641925936e+02 1.188830154702322943e+02 1.106029830866754224e+02 1.072267470039539461e+02 1.008607680446419863e+02 9.259045436433520138e+01 8.744460275224352586e+01 7.719508479890683361e+01 5.726773316559924609e+01 6.723595750345977251e+01 8.627473902494445213e+01 1.014150490654149195e+02 9.519602352226945641e+01 8.285318298712520857e+01 6.270238569513750093e+01 6.834806919616613641e+01 8.258416764052043391e+01 1.025405658466292351e+02 1.034353005421669849e+02 9.859773372397327762e+01 1.069693104341931758e+02 9.557871740815798489e+01 7.532940318410238945e+01 7.488933960775351295e+01 6.897189194586749750e+01 6.983915465323768501e+01 7.204832885402750264e+01 9.226595189742711511e+01
1.003435837674963125e+02 1.068004002768894196e+02 8.701712571510273619e+01 8.484899395321566828e+01 8.355346292716811263e+01 8.572406788824390844e+01 1.019595361853243105e+02 9.616848990272737296e+01 1.159403586611001913e+02 1.242321728510093948e+02 1.042994469466609360e+02 9.070498229644898913e+01 8.733245291872896132e+01 8.733245291872894711e+01 9.557608983594424501e+01 9.343180221476411873e+01 7.417134771708013830e+01 5.413920603152943301e+01 7.417292101799883142e+01 8.149282029634393609e+01 8.149282029634393609e+01 8.692387038741463812e+01 6.682338071723971495e+01 5.552379091922236398e+01 7.572880028138516195e+01 8.702725814468561794e+01 9.859233663943513193e+01 1.019469163025294165e+02 9.370732441242621746e+01 1.019469163025294165e+02 9.294509394012477799e+01 7.270641984965529048e+01 6.111357588769023153e+01 5.482302414018180770e+01 5.568187946474113659e+01 7.324284670017398469e+01 8.161015809740699467e+01
8.451868091771888203e+01 9.288211264597734385e+01 1.068004002768894196e+02 1.046460732707588477e+02 1.033802284052345044e+02 1.055412474091457113e+02 1.137065632566058042e+02 1.159403586611001913e+02 1.240900490635451092e+02 1.157462801183032326e+02 1.042994469466609360e+02 8.441322000165567374e+01 7.448979919020428042e+01 6.750972790902636689e+01 7.955714615743075058e+01 7.573753879820584700e+01 6.543161416183555446e+01 5.111062755323808915e+01 7.125174987612741972e+01 6.152327957777311696e+01 7.976877362744953359e+01 7.398081634098460313e+01 7.051188929674371764e+01 5.040295097298357518e+01 5.861904724960670876e+01 7.026379549206369290e+01 9.032516010106915871e+01 9.199824841589743585e+01 7.380783419688809488e+01 9.199824841589743585e+01 1.013287517003245739e+02 8.964373365319946174e+01 8.126029000595111995e+01 6.756215718936128667e+01 4.768725492101341956e+01 5.325239444950391032e+01 7.003201891349044672e+01
6.440426221352933567e+01 8.451868091771906677e+01 8.985748022175199878e+01 9.516374923222544169e+01 9.171705911975696779e+01 9.981962001246088789e+01 1.030576830919572728e+02 1.112718709697273880e+02 1.215538903386040062e+02 1.016467318013738605e+02 8.759329375516472282e+01 7.869931995526810908e+01 7.169834650734672721e+01 6.546700284545816828e+01 5.973497536659506579e+01 5.581973357737140162e+01 5.198939153789741852e+01 4.822110573248425425e+01 6.514716850937679737e+01 5.146269761010174193e+01 6.155666316185781284e+01 5.393699442229113572e+01 6.325252405314061832e+01 4.605502339582435667e+01 6.012379956019819360e+01 8.023896117331213418e+01 8.260709318264976275e+01 7.436116888084139021e+01 6.382478271618100507e+01 7.793191047204656741e+01 9.782198801023980650e+01 9.347949203092859705e+01 8.183064515206737610e+01 7.287215688155973226e+01 6.170136880978720484e+01 4.215690024062404007e+01 6.170129065544415425e+01
7.029563905233521837e+01 7.695644505165228111e+01 6.917309678410883578e+01 7.502007050624192175e+01 7.287159503794296711e+01 8.881813488523650335e+01 8.307398799187575378e+01 9.976013344931951110e+01 1.144039620164615201e+02 1.157462801183032326e+02 1.068435241339855537e+02 9.858495931134081047e+01 9.155432409288624740e+01 8.527531265893061629e+01 7.620225988359403857e+01 5.631265654726352210e+01 5.207870432821389528e+01 4.854491295834210263e+01 4.501590417895159391e+01 4.316733986894403330e+01 4.138656615055506904e+01 3.963927192356577223e+01 4.080846869897871443e+01 5.005235452715287892e+01 6.487019533035596908e+01 7.478244670138106187e+01 6.652976531568879182e+01 5.439492908207484589e+01 7.436116888084139021e+01 8.250598111101878374e+01 1.023951183613221616e+02 8.510121295832684041e+01 6.494576108590622709e+01 5.350141782536059054e+01 4.492275126718983103e+01 3.888096667916200033e+01 5.813305284770974879e+01
6.499734081673912556e+01 5.689239776728605591e+01 5.478745675392456604e+01 6.895924294657289977e+01 6.172998852115117785e+01 7.956549628238062155e+01 7.142410001254231133e+01 9.152009134652183775e+01 9.451974300375418636e+01 1.144039620164615201e+02 1.192321706434837125e+02 1.076912111329306896e+02 9.868652143029721913e+01 8.295175488818453857e+01 6.270326987441310251e+01 6.113593733885591064e+01 7.175480937303983353e+01 6.822086610482077162e+01 5.408274417578942206e+01 6.332456911768722563e+01 6.155666316185781284e+01 5.736191352134939336e+01 3.721748201879593410e+01 4.695863304072661748e+01 6.577934505672317300e+01 6.075458904951822348e+01 4.652396788434174368e+01 5.362084766758682264e+01 6.256898816491165860e+01 7.667933637340658493e+01 9.657274585969221903e+01 8.377734035443160110e+01 7.542861238638987231e+01 7.287215688155973226e+01 5.472973297933578607e+01 3.573119796078969301e+01 5.336043517601565611e+01
5.777686865844640351e+01 4.267195156675742851e+01 4.577003629033228549e+01 4.917547656874763362e+01 5.305727066070205211e+01 5.977374199548298606e+01 7.991766534021633106e+01 7.822190828943001861e+01 9.816856517670751714e+01 1.112923448381089173e+02 1.109697420230347547e+02 9.096270870050798862e+01 7.921588204954451840e+01 7.003045947828751139e+01 8.295175488818453857e+01 6.811224875759864972e+01 8.839626328615598538e+01 7.409837270908445817e+01 7.409837270908445817e+01 8.235491610254807426e+01 7.120505551126996124e+01 5.581369979440321316e+01 3.572483314192199089e+01 5.374861963541681575e+01 5.534389688864093415e+01 4.072329119424785659e+01 6.075458904951819505e+01 7.358988681213287464e+01 8.183631304600412193e+01 8.021298477785934722e+01 8.138539319537170513e+01 7.542861238638987231e+01 5.543392549639362699e+01 6.129023369828641421e+01 5.179819558413586122e+01 3.292480804937574135e+01 3.440302297619744820e+01
3.845513980607680082e+01 5.855003827244963333e+01 6.587060657102314565e+01 6.925727102891950437e+01 7.312391820692016609e+01 6.017487715376569923e+01 6.554577226761493591e+01 7.312964522795226685e+01 8.314248449777254280e+01 1.030616191260088641e+02 1.135631194455968540e+02 9.357387661348478503e+01 8.186365590251462265e+01 8.448905134386059501e+01 9.670949103112474177e+01 7.828868505423456270e+01 9.670949103112474177e+01 9.403415001653051775e+01 8.909375469748806609e+01 7.708644970026162468e+01 5.706171797279954205e+01 4.268562663115123001e+01 3.592259507431728593e+01 3.369065207291092889e+01 3.529374734847797157e+01 5.534389688661742213e+01 6.273753929381587113e+01 6.146404873355611187e+01 6.700409381607187242e+01 6.021328430735304948e+01 6.133972763014214280e+01 7.549290002610267436e+01 6.129023369877180016e+01 4.175655777309388128e+01 3.565680584454431568e+01 3.009168894788855653e+01 4.618533151683445226e+01
5.855003827244965464e+01 4.262564641335594473e+01 5.685188085166803518e+01 7.697316912881585438e+01 8.146267585989615156e+01 8.020598392226659712e+01 8.555319168257889828e+01 9.310205181134415398e+01 1.013398662499661498e+02 1.112923454339336757e+02 1.218267822897172294e+02 1.102925818467585515e+02 1.020223247155800834e+02 1.046146811890022974e+02 1.067841643542122654e+02 9.850384151807757860e+01 1.067841643542122654e+02 9.493142579170600470e+01 7.499818987835909923e+01 6.084617219482277761e+01 5.183963348391006321e+01 5.704090618612546137e+01 6.191942674546724845e+01 4.583140066661637491e+01 3.169820370859570957e+01 4.983560937712745442e+01 4.268257231097676652e+01 4.141714065614934270e+01 4.719523081593455771e+01 4.600190114289743804e+01 4.711305134236791048e+01 6.721096714080020718e+01 6.960563292541260694e+01 6.129023369828641421e+01 5.439003464711016989e+01 3.783495679737522011e+01 2.725192586569404085e+01
6.515219718053134557e+01 4.568725149301943844e+01 6.581719670422039314e+01 7.482402246028847514e+01 6.154671566105789537e+01 6.649892084235779066e+01 7.535995516224792823e+01 8.534962053336181498e+01 9.959209178647536476e+01 1.197513396535487828e+02 1.140095558484411526e+02 1.057441921748535378e+02 1.077005366603289360e+02 9.944052904639424639e+01 1.077005366603289360e+02 1.070508741829783474e+02 9.878936357033460069e+01 9.983340177902779544e+01 8.909375469748806609e+01 8.016108478729393028e+01 6.345263232704188994e+01 7.708628098250052574e+01 7.417752135703464944e+01 6.000446101182626535e+01 4.983560937816933034e+01 2.985629085665201643e+01 2.859132117121666283e+01 2.733234812309653350e+01 4.486967748515660048e+01 3.444309779765298885e+01 5.449991722882246137e+01 6.745485061281198114e+01 7.573633534671770917e+01 7.492119333237100420e+01 5.587903251403567140e+01 4.733714351849506130e+01 2.527781622309241172e+01
7.383314474265927174e+01 5.575715827227646315e+01 5.050450067185006020e+01 5.489765255617091100e+01 7.482402246028847514e+01 8.645059419906975506e+01 7.584306732010270480e+01 9.591044832540572429e+01 1.138293650177955811e+02 1.158825910103269763e+02 1.043803252145435323e+02 8.582877229926593543e+01 8.948331993869618373e+01 7.952611083099806422e+01 9.773937288035044446e+01 9.554755468745520375e+01 7.887361107073635935e+01 7.991715594856937344e+01 9.400644711159765166e+01 9.168821186317781269e+01 8.343116398475635265e+01 7.998256846860211056e+01 5.997516769606504994e+01 4.836259356203749604e+01 3.832075569230263312e+01 4.395416970658470746e+01 4.855653611049793739e+01 4.551454626327425501e+01 2.556477133140034397e+01 4.549060890894472209e+01 5.327896844391691644e+01 4.741151539292189199e+01 6.745485061281198114e+01 7.264826238957265048e+01 6.246567920060729762e+01 3.884804674540975356e+01 2.337489460442045086e+01
8.421785552258977248e+01 6.997948160928667960e+01 7.062751787852849361e+01 5.779065542064459748e+01 6.672503557598858492e+01 7.855926596103107329e+01 9.591044832540572429e+01 8.739383545109247109e+01 1.075443578659153303e+02 1.076168194237580451e+02 8.770790892478946432e+01 7.620515064027578944e+01 6.956142272665057646e+01 6.956142272665057646e+01 8.948331993869618373e+01 8.729099850357754065e+01 6.736836970608273134e+01 6.582683751222558044e+01 8.404345059214492153e+01 7.952857147544756344e+01 8.559736369498295971e+01 8.824735329612718715e+01 7.475843309992578156e+01 5.471978066990568124e+01 4.991834034529406239e+01 6.390207019303061742e+01 5.845790275532746705e+01 3.842753624863215833e+01 2.434468481741151535e+01 4.258306659338531119e+01 3.326763703263686267e+01 5.328207236123247981e+01 6.676035399607165743e+01 5.261557949898558206e+01 6.676035394369475284e+01 5.192279158081833401e+01 3.817828946315346883e+01
7.765463546900744518e+01 9.011567168828575802e+01 8.677429303784366255e+01 7.154527074827454669e+01 7.154527074827454669e+01 9.329911663984104564e+01 9.984612902767123899e+01 9.902313979337591832e+01 1.158746457857042742e+02 1.102016200402309920e+02 9.029060259998064453e+01 9.345383436940706190e+01 7.353475850589776996e+01 6.202044699075248957e+01 7.642510232764693967e+01 8.468036712477244521e+01 7.578866340437899396e+01 5.585439478138242464e+01 7.271361070477519206e+01 5.739497137042493335e+01 6.387775274911483336e+01 6.838894837225028311e+01 7.414386588518634369e+01 7.475843309992578156e+01 6.997544723008908818e+01 7.824268253960140385e+01 6.410308140424872647e+01 4.424763408101841122e+01 4.255077507135511894e+01 2.263322682453608792e+01 4.090530937527552169e+01 4.852724983768763423e+01 5.712266148774191521e+01 3.834322474865808772e+01 5.208405393266672689e+01 4.356098623799454828e+01 4.068228623404168331e+01
6.938017379117293615e+01 8.561067843203149152e+01 9.388417967631154681e+01 9.329911663984104564e+01 9.329911663984104564e+01 1.020033153274126363e+02 1.205011200312512898e+02 1.191845582241912496e+02 1.275004651999016261e+02 1.184700478291061643e+02 1.102016200402309920e+02 1.017116782395113717e+02 9.020849892772609735e+01 7.642510232764693967e+01 5.646976525259915292e+01 7.127265645033929786e+01 7.025989204598788263e+01 5.031346958233571343e+01 6.188678195839506202e+01 4.296577274710923433e+01 5.617713284724002420e+01 4.832415186443669342e+01 5.287874712377563213e+01 7.271537697221944541e+01 7.189622193332419897e+01 6.367680694439787459e+01 6.367680694136043940e+01 6.119426836398112357e+01 4.904278126647036373e+01 4.090530937527552169e+01 2.095067576358850658e+01 3.726115856020475547e+01 3.862688267639363460e+01 2.935400712918962896e+01 4.258735212533959924e+01 2.448692426269786537e+01 3.570122339728683158e+01
