MOVIE_S10_data/elevation_000595.asc
nrows	100
cellsize	150.0
xllcorner	0
ncols	100
yllcorner	0
NODATA_value	-9999
[rows 51 to 67 of 100, columns 37 to 73 of 100]
8.986372815357312049e+01 8.259959064393855499e+01 9.087868280833660606e+01 9.982454072641127141e+01 9.341013441228548686e+01 7.915311472303046969e+01 9.341013441228471947e+01 1.030537853093944278e+02 1.017149925250710254e+02 1.100024527121751845e+02 1.194743212929332259e+02 1.169691429047760209e+02 9.669782978182766442e+01 8.493756457510895075e+01 8.973577959982664254e+01 8.999680935867337439e+01 9.221995095109429030e+01 1.083799733510309551e+02 9.407527061911302724e+01 1.000158850119163390e+02 1.202627718809896606e+02 1.217653613067614913e+02 1.116420202359015406e+02 1.016595686412475743e+02 8.128468481299132975e+01 8.725235012381865829e+01 6.816279675106270020e+01 8.860164462784217676e+01 8.390477265582572386e+01 7.311284862777235105e+01 9.352907323151498531e+01 9.264416370892149644e+01 7.262020867743747488e+01 5.935970499531153877e+01 7.987261896093006897e+01 7.968972735458827117e+01 7.131891594857158623e+01
7.262308258757013846e+01 6.264657439069331701e+01 7.153516899412537100e+01 8.568506629817424880e+01 1.057122563246817464e+02 9.937318499017601425e+01 9.922423732913206607e+01 9.922423732913206607e+01 1.075175527583902948e+02 1.099760757781154865e+02 1.182430365215566894e+02 1.252915739589365245e+02 1.136182267806708381e+02 9.512627337652386927e+01 1.100402339897368904e+02 1.102999683020774313e+02 1.125112131053284656e+02 1.208443623091873889e+02 1.143577968478506364e+02 1.110863921973372754e+02 1.027941536628342050e+02 1.043436275852828032e+02 1.126353806995528686e+02 1.100228667283267612e+02 1.016595686276378103e+02 8.486679693090408705e+01 7.998694840523954497e+01 9.699955988627101533e+01 1.019140914289558992e+02 8.226978988742473575e+01 1.019140914289558992e+02 1.010810729316472560e+02 8.815503542698384365e+01 6.979846379525444888e+01 8.815503542698384365e+01 8.755461708761268369e+01 6.726068999108289859e+01
5.277747229084530289e+01 6.418615118516927964e+01 8.414814521323629037e+01 9.982454072641127141e+01 1.053603826295323387e+02 9.331004205925908934e+01 7.931079159921402777e+01 7.931079159921402777e+01 9.922423732913206607e+01 9.005800073447551313e+01 1.067365438448180015e+02 1.203685821283651052e+02 1.237318119238106249e+02 1.154047162563053490e+02 1.237318119238106249e+02 1.206456585096680385e+02 1.123558172240602744e+02 1.123558172240602744e+02 1.036863112471452126e+02 9.539919334269653461e+01 8.281542876780390827e+01 8.435777673228204776e+01 1.010910972214929160e+02 1.096698547033571174e+02 1.135732164297594124e+02 1.052198110940474862e+02 1.003695385055394382e+02 1.087365235858282233e+02 1.109990955907255881e+02 9.669736637850692773e+01 1.109990955907255881e+02 1.082226631868601743e+02 9.819457782016372960e+01 8.994677412660564642e+01 9.819457782016372960e+01 9.584726032916412919e+01 8.755461708761268369e+01
6.384062504435937058e+01 7.262308258757008161e+01 9.242601900392550363e+01 9.579785583876174826e+01 8.756736916975221163e+01 7.802264336994015537e+01 6.529060592274386465e+01 8.193291684311560630e+01 8.590227051030991845e+01 7.859497316558862678e+01 9.218280616022698837e+01 1.079605339807108351e+02 1.179277608714059511e+02 1.288248047149001820e+02 1.205400265479488269e+02 1.123558172240602744e+02 9.232838669484179661e+01 9.232838669484179661e+01 9.539919327156827933e+01 7.547930522743389758e+01 7.136797915347298726e+01 7.290164659325100160e+01 9.280479121531911346e+01 8.966474635474493482e+01 1.038141358822464184e+02 1.111730174544922249e+02 1.028819752583671772e+02 1.054809053233726672e+02 1.137709641257382316e+02 1.169800429352617499e+02 1.023834685500230961e+02 8.818723350640810565e+01 1.023834685500230961e+02 1.031711436728297286e+02 9.483395136115507285e+01 9.223408079583397523e+01 1.005597171350570420e+02
8.377672779913568490e+01 9.204978222134664634e+01 1.008724858693338149e+02 8.758769078629578075e+01 6.776072051521946094e+01 7.357307217076909467e+01 5.831259490857614480e+01 6.210294290022818586e+01 6.605550217436773153e+01 7.232200858060302551e+01 7.981464526675419791e+01 8.973618597526424878e+01 1.096598392761353296e+02 1.172543073821461803e+02 1.004829901794193034e+02 1.152573115964179067e+02 9.819428528710739101e+01 7.824504260379356424e+01 8.821966383000221867e+01 8.131370439525291260e+01 6.144645597867670972e+01 8.131367864373029875e+01 9.383401857770748222e+01 7.559325700882742183e+01 9.383654847102705787e+01 9.962966623388506093e+01 8.289769704227143166e+01 8.548836834203206081e+01 1.054809053233726672e+02 1.000143998545506179e+02 9.170279513714058339e+01 7.408295205381355686e+01 9.342322155604712464e+01 9.483377240268465869e+01 7.484286851432119647e+01 7.225275258831545955e+01 8.900344725062862494e+01
8.633871044642370407e+01 8.633871044642370407e+01 8.826496515619868433e+01 7.792334719282428068e+01 6.969693041298184255e+01 5.380855027865767681e+01 6.076267182944091871e+01 8.057786555918472970e+01 8.590227050849667023e+01 7.665088027246076763e+01 9.652593312972474848e+01 1.079605339807108351e+02 1.179277608714059511e+02 1.089600912014323058e+02 8.891782317427308158e+01 9.738868236078127438e+01 8.694957944912842152e+01 8.821966394545049184e+01 6.835389942209435787e+01 6.236425087648836296e+01 5.657000283115756645e+01 7.299950699277218291e+01 7.561222830907024672e+01 6.566589123549893259e+01 8.555868197025466770e+01 8.243789560723247689e+01 7.142928725235776710e+01 9.134404685074392205e+01 1.087413745524174686e+02 9.170280877712642109e+01 7.171820787498612049e+01 6.514462352945658097e+01 7.756978999009052700e+01 9.755814744301581243e+01 8.069785557643176332e+01 6.069070303851326997e+01 8.069785557645683127e+01
6.632275090281183338e+01 6.632275090281183338e+01 7.425362776269471965e+01 6.023445357147557644e+01 4.996600750317140438e+01 6.969693039699519943e+01 8.057786541544419379e+01 7.327802148907495905e+01 8.731254756173004239e+01 9.652593312972474848e+01 9.069176568127993221e+01 1.106108593089160195e+02 1.189901308820214041e+02 9.893005152084319320e+01 8.736892605868271744e+01 7.743730855629078746e+01 7.291944085795600472e+01 6.889579504070519533e+01 6.508292444226944440e+01 6.137694288487450223e+01 7.300007938674988850e+01 5.301300347726228068e+01 5.566289718833098732e+01 7.561223038031457122e+01 8.243789559710346282e+01 6.253772442776455165e+01 8.243789560723247689e+01 8.049239377751347035e+01 1.004536160780584311e+02 9.087049590524763687e+01 7.757166295093090014e+01 5.754401234893465755e+01 7.757187483155655627e+01 8.165482752047442716e+01 7.335138682042986602e+01 5.460629183261843878e+01 7.466543641704484457e+01
6.788003969364487489e+01 5.215937771689491598e+01 6.252123290292462343e+01 4.632138468923154306e+01 6.603315493971211936e+01 6.967709871923956655e+01 8.941405441976262125e+01 9.313913955113301313e+01 1.013701878287579916e+02 1.154278280957852019e+02 1.106108593089160195e+02 1.188780689736350098e+02 1.272761756936037614e+02 1.100652124603418969e+02 9.002185848919557998e+01 9.151793931251181391e+01 8.694957944912842152e+01 8.289942730293780926e+01 8.492991972295928349e+01 7.025373458235284829e+01 8.126120785604567232e+01 6.959725563249213565e+01 4.954821408067363109e+01 6.959725544199346814e+01 7.123810198709202268e+01 5.717506491465216811e+01 6.425454671321526234e+01 7.831117306107378795e+01 9.826442865752287048e+01 8.256649264325190529e+01 6.256351725961879140e+01 5.248664080265963605e+01 6.636864755913914848e+01 6.256286337538322329e+01 5.327102212654872915e+01 4.898967778422782260e+01 6.910200324632218383e+01
6.969206106555304814e+01 6.228484787183346327e+01 4.280282164463919514e+01 4.910682378882608390e+01 6.520785889825000936e+01 7.731301118474669920e+01 8.664729451201429811e+01 9.488238170423083773e+01 1.087581869339919933e+02 1.111547062583822196e+02 1.129043542860523814e+02 1.212142464228329288e+02 1.301022800666973751e+02 1.100652124603418969e+02 1.100652124603418969e+02 1.115619098491211645e+02 1.069635076387849466e+02 1.028781816543380785e+02 8.646796024990894125e+01 9.013608073032065704e+01 8.150035620771615186e+01 6.155461511167737143e+01 4.731236875423852695e+01 6.568495185538104408e+01 5.121593519394230043e+01 7.123810199079127869e+01 8.415534631852536052e+01 9.243181789769410273e+01 8.769868681302052948e+01 9.087323479113074143e+01 7.793998329809330983e+01 5.789783637282635453e+01 4.623028956597697459e+01 4.240094606225647311e+01 4.159068373364333837e+01 5.588012479749139771e+01 7.594840925065413728e+01
5.238335433761103843e+01 5.409120850385905044e+01 4.051334556156115951e+01 4.376796469435524983e+01 4.746247196005891311e+01 6.890288670678128824e+01 6.641305169855223767e+01 8.072036759698829655e+01 9.095091383584259859e+01 9.095091383584259859e+01 9.268713843965569765e+01 1.129043542860523814e+02 1.206811691263498290e+02 1.124647195877123096e+02 1.143297677049657324e+02 1.061117379153560591e+02 1.143297677049808811e+02 1.147478773917744093e+02 1.064573451832049074e+02 9.085892702615328176e+01 7.092410408732216354e+01 5.678881993173496312e+01 4.511843815116085921e+01 4.558470397916053685e+01 6.031293479785890099e+01 6.859319638553567700e+01 7.555691701788850878e+01 7.502917402398584557e+01 6.767033805184499329e+01 8.182351513549002675e+01 8.624217155212173225e+01 7.467071709085114151e+01 6.636864755913914848e+01 5.735710937562604528e+01 3.718341098261336697e+01 5.354463873475531699e+01 6.186600637064926644e+01
5.526316100536497800e+01 3.791671922196454148e+01 5.724958001889572756e+01 6.782103751806336334e+01 6.890286336801445088e+01 5.312744145088679204e+01 7.377386036547501647e+01 8.398401895729647038e+01 7.073740576707372441e+01 7.835132985857219978e+01 9.268703895697795758e+01 1.129028134079402008e+02 1.092210959820830283e+02 9.260983750790066438e+01 1.044023533911402950e+02 8.625079978116502843e+01 1.044023533911422561e+02 1.069114404972246746e+02 9.544518690092756685e+01 8.720211685006526636e+01 8.020129828568488506e+01 6.693744069893426740e+01 4.688085558146885745e+01 4.209179228951152396e+01 4.016270036539784627e+01 5.645122692661345809e+01 5.181556974493525303e+01 5.493444109573209744e+01 5.343190153814779819e+01 7.353650558802408455e+01 7.849841802956758841e+01 8.677569812308351516e+01 7.376045987373012736e+01 5.367054047669788019e+01 5.354463873475531699e+01 3.338238607962689031e+01 5.354463873469968149e+01
3.540466599379283963e+01 5.526316095585900712e+01 5.190834648053780143e+01 7.174851488321014870e+01 8.223442569234464372e+01 6.529769052228145654e+01 5.942418444585463533e+01 6.383071211255151667e+01 8.401773776672150973e+01 8.239089674688902676e+01 1.025208023351583932e+02 1.150382544195658738e+02 9.518728322422960275e+01 8.114475795392418433e+01 9.038762402444784527e+01 7.632745261648808821e+01 9.618126884826045853e+01 9.864551236101648612e+01 7.882496992494424148e+01 6.740081173129301817e+01 6.035160947666747688e+01 5.428216319143224666e+01 6.693724828048306108e+01 6.211020248890385886e+01 5.791311515295691947e+01 3.775769400362291606e+01 3.614828688504476872e+01 4.063131475963560746e+01 6.076234010318378154e+01 7.365293768661490503e+01 5.845702387245571430e+01 7.521464777206169572e+01 8.206890376797113618e+01 6.519484025366303115e+01 4.506815809201034995e+01 3.081483119278497185e+01 4.745575873916339305e+01
5.283687630516765665e+01 6.333580090622574943e+01 7.174851487924752291e+01 8.002623979903266616e+01 9.391966899148448533e+01 8.555412551833671841e+01 7.976291989723291920e+01 8.401773776672150973e+01 9.237543357409130351e+01 9.408062361225543668e+01 1.107126386769121353e+02 1.133062179435193855e+02 9.345272054772955528e+01 7.941127699838830267e+01 7.052479246423125403e+01 6.929738801636352719e+01 8.916188480330158939e+01 9.992890403304292590e+01 9.544518690092756685e+01 8.720211685006576374e+01 8.020129828714784992e+01 6.583519055872727677e+01 7.767489811575468650e+01 5.767040956229217130e+01 4.602553758485863256e+01 5.767714325680960030e+01 5.204709154277063732e+01 3.389486815335276049e+01 4.598316249254075672e+01 5.616173940673998288e+01 4.680342562854961130e+01 6.106041071711485557e+01 8.109195335465749110e+01 7.106956720569877461e+01 5.096312681460695870e+01 4.745575873933118061e+01 2.732797042031533152e+01
3.523079643547727358e+01 4.928429528980059615e+01 6.911742524697780254e+01 8.853782574882758638e+01 8.022947963885673062e+01 8.853782574882758638e+01 9.455279631401575102e+01 9.537072189206216422e+01 1.036651640882857492e+02 1.140503008831248053e+02 1.221870317503818484e+02 1.191146299164963551e+02 9.926767530468694645e+01 9.434674847362109062e+01 7.448606817671409885e+01 6.297229591637650969e+01 7.183016643476530305e+01 8.587953523390412158e+01 9.277168033059000152e+01 9.873031009749576015e+01 9.390737612739015105e+01 8.566532858526645100e+01 8.598055763702258503e+01 7.319185799743956977e+01 5.318125726976325041e+01 6.778488053374239541e+01 4.819912976701429841e+01 5.192066272305945063e+01 3.174517185542430653e+01 3.599204638070504103e+01 5.617073619866635426e+01 6.203217327367283218e+01 7.032924666890610865e+01 7.689759178640009907e+01 6.533034749813414521e+01 4.546281072422389968e+01 2.534632844960247056e+01
3.688695511287221507e+01 5.670614771407717569e+01 6.732073883406330594e+01 7.842388829948008322e+01 5.993129072910677735e+01 7.445083692778601403e+01 7.445083692778601403e+01 7.530138968420737910e+01 9.537072189206216422e+01 1.110887481390079614e+02 1.142770446171955712e+02 1.060529119166393883e+02 1.060529119166393883e+02 1.025675851458018570e+02 9.110254944864568927e+01 7.765204856060189798e+01 5.767948816919077615e+01 7.287773222495003722e+01 7.287773222495003722e+01 7.885717309694906874e+01 9.111915532591626743e+01 9.934073047743692086e+01 8.730069084809206004e+01 6.734778808144426421e+01 6.734778808144427842e+01 7.637049533139237667e+01 6.819872952971867619e+01 5.518106857019965616e+01 3.500220433857602131e+01 2.963196825198514262e+01 4.779232404140235246e+01 4.189491045091706667e+01 6.202995442012333882e+01 6.859607859840930644e+01 4.856330140272166318e+01 3.694488523566891303e+01 4.172671848090386959e+01
5.670614771407717569e+01 3.929128769036059055e+01 5.907017716765379589e+01 6.457709849342658970e+01 4.948897188673134195e+01 5.395160119109895902e+01 6.099338879535295632e+01 7.114263097126070079e+01 8.273678881998931445e+01 1.027999796340382659e+02 1.060529119166393883e+02 8.619421359180684306e+01 8.619421359180684306e+01 9.783765235256308301e+01 8.967931032485091691e+01 8.587821590106103997e+01 7.287773222495003722e+01 5.283305457461326426e+01 6.839559783913234980e+01 6.473623634887921696e+01 7.122768410346292001e+01 8.786366936862873445e+01 9.558365966344680942e+01 8.730069084809206004e+01 8.730069084809206004e+01 7.794145618487692673e+01 5.790108043150591755e+01 4.362612999382369594e+01 5.518106857019965616e+01 4.779232404140235246e+01 2.766528029330529748e+01 4.189307967579068759e+01 6.197149132811218664e+01 6.545201306358708848e+01 5.702846976335092677e+01 5.701649002287918222e+01 4.088946712301540032e+01
6.732073037009591587e+01 5.907017716765379589e+01 4.171808845788405762e+01 4.462583325850089011e+01 6.457709849342658970e+01 7.445083692778601403e+01 6.437646952065560413e+01 7.342970186931663079e+01 8.502312769354227839e+01 1.050835372457194126e+02 1.034764325740895998e+02 8.361718677418618029e+01 7.215423291821620921e+01 8.354115838643842551e+01 6.982626542296409866e+01 7.480274998283884713e+01 7.155606732756656641e+01 6.839559783913234980e+01 4.828607574290811755e+01 6.839559488685122801e+01 5.966502576699893012e+01 7.894646366544395732e+01 8.786370940348331260e+01 9.934086913008529507e+01 8.688760984160425949e+01 6.690145023486265075e+01 5.529521472885534905e+01 5.790108043150591755e+01 5.804483949244373520e+01 3.789830365202458751e+01 2.630347522554373896e+01 4.449620831156174461e+01 5.281325325675626914e+01 5.387951583722572479e+01 3.708632636555000772e+01 5.369059074004821497e+01 4.921533124279119420e+01
