MOVIE_S10_data/elevation_000956.asc
nrows	100
cellsize	150.0
xllcorner	0
ncols	100
yllcorner	0
NODATA_value	-9999
[rows 0 to 16 of 100, columns 0 to 36 of 100]
8.271705653423140625e-02 1.422485268026530747e+01 3.422485268026601091e+01 4.611752642706002803e+01 4.612220442503593887e+01 5.436826587557255408e+01 5.856832455507310442e+01 5.271353200931481098e+01 5.490138673461021313e+01 6.318095391584470377e+01 6.006040117969951808e+01 6.224834598653250595e+01 7.053014385732943481e+01 7.406319980792427771e+01 7.432888385270392462e+01 7.173415417517880144e+01 8.001321016842874201e+01 9.155585848957781536e+01 9.413836176778873721e+01 8.586211283401927119e+01 8.718379923677696297e+01 9.487357122567976830e+01 1.047153890925963964e+02 1.134296098447005505e+02 1.117947055841501367e+02 1.034831138395126402e+02 1.016039916575199982e+02 1.016056031711165417e+02 1.099026932726215620e+02 1.078120582893244546e+02 9.953022229402982646e+01 1.021213795124998711e+02 1.104050959727881462e+02 1.136328273827557354e+02 1.053564800694943671e+02 1.037744875942778151e+02 1.122745437749935462e+02
7.813061968023242432e-02 2.007813061967987878e+01 3.648367555044718102e+01 2.616129125604194172e+01 2.616188604001099449e+01 4.612220442503576123e+01 3.857263128863438340e+01 3.271527842595706659e+01 3.490303005926934077e+01 4.981097911668938139e+01 4.006118940975040488e+01 4.224898087465854957e+01 5.406523225330848703e+01 5.406523053614434815e+01 5.433056470472981658e+01 5.173551899562558276e+01 6.328225982236953939e+01 8.327965657121838206e+01 8.259580548414687939e+01 6.586498854550985982e+01 6.827501902565421688e+01 8.718377770078275546e+01 8.349001011510547698e+01 1.047147522365520018e+02 1.002524095843227059e+02 8.353755132015153606e+01 8.166780941830269569e+01 8.166782281241070507e+01 1.016056031711165417e+02 9.628369588214641794e+01 7.957345282185463020e+01 8.216229579150477491e+01 1.021213795124998711e+02 1.020431036189586536e+02 8.510602397823033982e+01 8.300410267632246075e+01 9.115786577472684371e+01
2.526786264046545702e-02 2.002526786264010994e+01 1.701930680624692016e+01 1.202169068054128687e+01 2.600639251228562898e+01 2.756809193651922385e+01 2.914428717459122709e+01 1.857153964525254253e+01 3.857262443271844887e+01 2.980982172251020401e+01 2.591617775127749468e+01 3.992196405868840969e+01 3.406359572242517686e+01 5.124385361163131591e+01 4.018837173138720686e+01 6.018793446716933460e+01 6.540445970395168729e+01 7.367404383078755359e+01 6.745730335733847483e+01 5.431802811100480710e+01 6.139088408455704382e+01 6.896840458781660743e+01 8.349001382550984829e+01 1.047158680320599444e+02 9.196711105626759775e+01 7.204727938245920882e+01 6.759243175818787108e+01 8.750746347766765609e+01 1.043779359065650425e+02 8.800817606711422059e+01 6.803219911468019632e+01 8.800817606711422059e+01 9.361563255264270822e+01 9.369900533280427624e+01 7.339927574715396474e+01 9.369900533280427624e+01 1.085608704530911979e+02
4.163169627051844027e-03 1.478927070351437445e+00 2.958599026890703865e+00 4.455836562471782614e+00 5.997708735172272654e+00 7.558790931571588878e+00 9.134624280782555061e+00 2.914137815850122593e+01 3.317741130070936606e+01 1.565621187495534805e+01 1.773830964734698412e+01 1.990500762876527929e+01 2.546569172811313919e+01 3.124321863135124389e+01 4.850993167705944131e+01 5.113593759629305424e+01 4.540301735482461254e+01 6.213478516020637699e+01 4.745596241657877812e+01 6.745713863151199519e+01 7.568183813915125313e+01 8.396851057777642779e+01 9.397002173008466741e+01 9.926990500008523099e+01 9.098507978674790309e+01 8.046655391114633460e+01 6.054489913787896427e+01 8.046655391114633460e+01 9.107776911053672109e+01 7.613710742012611377e+01 6.199918724097872769e+01 7.615361493331684528e+01 7.354964051687153415e+01 8.289749206502713719e+01 6.836384886454773380e+01 8.001173229775164941e+01 1.002041783886377573e+02
5.883922493566802470e-02 2.005882960477901378e+01 2.296455803645637417e+01 1.860530627660891412e+01 2.014824852258447407e+01 2.756809193651932688e+01 2.914216817570218154e+01 1.145886295543610522e+01 1.316686321912024660e+01 3.317781523662711152e+01 2.051612598082951422e+01 3.992196403639940172e+01 2.340775098650644992e+01 2.592520596429000079e+01 2.848452256612211642e+01 3.110927582127871815e+01 3.382907133890278573e+01 5.385741537211887220e+01 4.297601288255063423e+01 4.901459169627984380e+01 5.568291102038706697e+01 6.568284865141482953e+01 8.568157138632601288e+01 9.098508637068536586e+01 7.105629477290483464e+01 7.563481914041756227e+01 5.571277109478283762e+01 7.563481914041756227e+01 7.112916138254935561e+01 7.664335281002215083e+01 5.666421711218704615e+01 5.613773135943109338e+01 5.937192872294085788e+01 6.279828949982553610e+01 8.289749206309204510e+01 8.001173229775164941e+01 9.011321268964032072e+01
1.256007409845548775e-02 7.571849534283032312e+00 2.757185016770965547e+01 3.860619161879816374e+01 4.014920699328458653e+01 4.089840081050634524e+01 2.089637336162371639e+01 3.147071874295215466e+01 2.731962836245200776e+01 2.950758733830242520e+01 4.051957280747343049e+01 2.551909053776656222e+01 4.342974355297871369e+01 4.594931208681619950e+01 4.850993789358722807e+01 4.527738176906711232e+01 5.385742374811786704e+01 3.795058906174715219e+01 5.798269989680601810e+01 6.901511694216652870e+01 7.568183628248112882e+01 8.396877001362264537e+01 9.397307655973396834e+01 9.098499493781811509e+01 7.105629414031079705e+01 5.697143057783408437e+01 5.125644834287722063e+01 7.118009545068433397e+01 5.702953017214940701e+01 6.796122873324772229e+01 5.168257928536363721e+01 7.165221608992786173e+01 7.942683351291364602e+01 8.289749206502713719e+01 7.700878436635979085e+01 9.711409004992910354e+01 1.085608697212223603e+02
9.594114293757748102e-02 2.009594114293613387e+01 2.022096017548436109e+01 3.176796556416264394e+01 5.176798046147310828e+01 4.918568741216648021e+01 3.244509162940132541e+01 3.722809889334100575e+01 4.732076305335596800e+01 4.365077669940469463e+01 5.380343969634316892e+01 3.446408777390901435e+01 3.117660197755536799e+01 5.117658041366902921e+01 6.612652335847970164e+01 6.527973861107625453e+01 6.626643602210988604e+01 4.952817945256505539e+01 4.725063078620887325e+01 5.554781423513139060e+01 6.712281024795122164e+01 8.712360541526018665e+01 9.836338508749798848e+01 9.020169599310153785e+01 8.516294493132608068e+01 6.693234390255527444e+01 4.699630643161012244e+01 6.202441788703728776e+01 4.550308457842243826e+01 4.800834290146288907e+01 6.796122873324772229e+01 7.993802687478633118e+01 8.808721567880729708e+01 9.626863370786743701e+01 9.711409004963354619e+01 1.054452512018607422e+02 1.162020545902225450e+02
7.711341127313005306e-02 1.421924903500420534e+01 3.421924903500490700e+01 4.850540620743215214e+01 6.005252900136921568e+01 6.073506080820630615e+01 5.244583711178822938e+01 5.722935777133738355e+01 6.551973645394244272e+01 6.365015964500590684e+01 6.274740874818234460e+01 4.601124515840978546e+01 4.012105926878809470e+01 3.784341983857989078e+01 5.198560917681608373e+01 7.198454028871582011e+01 7.781393072745160566e+01 6.953179724015997465e+01 6.085193692011917221e+01 7.557609654464749838e+01 8.386289689351941945e+01 9.541089996642587323e+01 9.020169599310153785e+01 7.036218183745008048e+01 7.617304099819386920e+01 7.519559262748019535e+01 6.202441784008975389e+01 4.205248431458178970e+01 6.202441788803620426e+01 6.796122873324772229e+01 7.623676564926731203e+01 7.200086358061007275e+01 6.838553844710379792e+01 8.236964421732764663e+01 8.830035717425144526e+01 8.830035717578699916e+01 1.052697220382705012e+02
2.297228869525369793e-03 1.414443285260060001e+01 3.414443285260130523e+01 5.406193774695164933e+01 4.820407531966765902e+01 5.198372843019816258e+01 5.615404672853750867e+01 5.834189868424935810e+01 6.662656372264909521e+01 7.584398479163662898e+01 7.429365366763308032e+01 6.601052799399941762e+01 5.012115558575240470e+01 5.784316048300887303e+01 4.568819279154723745e+01 5.568821839542724206e+01 6.723479233735837113e+01 8.723266984623229803e+01 8.149543585155534231e+01 8.913035324832067374e+01 9.724262507516135656e+01 1.033624669031383405e+02 8.359556348547292259e+01 7.617304076260737133e+01 5.629068648707304590e+01 6.554547545481105431e+01 6.007114379327830989e+01 4.007921700839312251e+01 6.007114379563846285e+01 7.391836667692261642e+01 6.574267401067288574e+01 5.221073051037426893e+01 5.734877691211450923e+01 6.265550500815958657e+01 6.863040755357302203e+01 7.745070093453202276e+01 9.131598223157854477e+01
9.647730019007895452e-02 1.423863276124053101e+01 3.424128331211667842e+01 3.406183199678484641e+01 2.820394309212164430e+01 3.198358867955428408e+01 3.615387834884683116e+01 3.834168432534880822e+01 4.755881474291592781e+01 6.095453224467956943e+01 6.923921484449063257e+01 7.840320492802837293e+01 6.426290854758511273e+01 6.568755581159553003e+01 5.983016260899594840e+01 5.983016261260826241e+01 7.982855840116567947e+01 9.551470649974216087e+01 8.598214638322950520e+01 7.026376580909956715e+01 8.234880178582835697e+01 9.039691051047314829e+01 8.359556377760550561e+01 6.373260563360773290e+01 5.377642617417273385e+01 4.561758815825723445e+01 5.813063767244914715e+01 3.813012185987586378e+01 5.814338078798084553e+01 6.001300149850396082e+01 4.589450620695272676e+01 6.574267401067288574e+01 7.506822458313151003e+01 8.236964421732764663e+01 8.830035717578699916e+01 9.647257514186004812e+01 1.052697220382705012e+02
3.582433992925927735e-02 2.003582433992890444e+01 2.601388019807770746e+01 2.913817122949890859e+01 1.406180499648350057e+01 1.784144972657583850e+01 2.201173800771749711e+01 2.755873996999065767e+01 3.388329529148847286e+01 4.095436313452728427e+01 5.250137584955794523e+01 7.250175862257869142e+01 8.426100100424815764e+01 8.568549147916310460e+01 7.982855392146353779e+01 7.982855855566559455e+01 8.811131371011455826e+01 8.616319661186172141e+01 7.720785360148005338e+01 5.858327489340244654e+01 6.274142456114028477e+01 7.508296232708404716e+01 8.315205737400005148e+01 8.185337762856664767e+01 7.208267343360630264e+01 5.242316697327307651e+01 3.826997981824766981e+01 3.620593794858857706e+01 5.598812418867841956e+01 4.009087522375141077e+01 4.429069831833632520e+01 4.866235502588778417e+01 5.530185474788463296e+01 6.280572815395441921e+01 7.165292117007653871e+01 8.300871520654526137e+01 1.026503632365343748e+02
1.813270376062421294e-02 2.999556673760349401e+00 6.014670119537998794e+00 9.138145357310147432e+00 2.913816668941549182e+01 3.198358867566746611e+01 4.201179204238548692e+01 3.834168432534880822e+01 5.388340464334640956e+01 6.095453224467956943e+01 6.923921484449063257e+01 8.078661563036584425e+01 7.878819781505876563e+01 7.662713940751707753e+01 7.740565043713216653e+01 8.559798205411233596e+01 8.616319661186172141e+01 6.659959386140896243e+01 6.912908463252713887e+01 4.953959939550552605e+01 5.127777494576728401e+01 5.538319902217051549e+01 7.508296232708404716e+01 8.357735534661493659e+01 6.785746238445317147e+01 4.773553662332516012e+01 3.349648872526758936e+01 5.207000365367046868e+01 3.600443042119999859e+01 5.598812418867841956e+01 6.415499333444462593e+01 6.847943463804921294e+01 5.756152075180059313e+01 7.731221251514665482e+01 9.068691708080520186e+01 9.948966996557878417e+01 1.108598468440906260e+02
2.372884694381488524e-02 2.002372884694345956e+01 2.601468161815902391e+01 2.328028256907755278e+01 2.546824526134838962e+01 4.547227161778290849e+01 6.026817047633939239e+01 5.834189868424935810e+01 6.662656372264909521e+01 7.848849069904834153e+01 8.677317881945326405e+01 7.878819781505876563e+01 5.898794272110403369e+01 5.681997229950695072e+01 5.760291958833771986e+01 7.416904566103079333e+01 8.403886598497588523e+01 6.445302053989676949e+01 5.044576924701759424e+01 4.236862158000649714e+01 4.129520967074978444e+01 6.115312610640962987e+01 7.440169695954038787e+01 7.534949702815204375e+01 5.555868780369289794e+01 5.198457109904111917e+01 3.173854025435398540e+01 3.202981332235938794e+01 3.789308741885118081e+01 5.788059729278563736e+01 7.416926446655946847e+01 8.232033426686304267e+01 7.731221251514665482e+01 6.814938922157998036e+01 7.800908477341441483e+01 9.189156218607658388e+01 1.115837043020751480e+02
8.175220331382776484e-02 2.008175220331347077e+01 3.837306842859307210e+01 4.328036575017215171e+01 4.547166473762028005e+01 4.260420162588161475e+01 5.090520139136920363e+01 6.848055237722806510e+01 6.433512859293659858e+01 5.847261405540764656e+01 7.848849069904834153e+01 7.433379559062065312e+01 5.450152236764633784e+01 4.273190502251654266e+01 4.610415578027149763e+01 6.597253845089093716e+01 7.295440814641746385e+01 6.484972668560297393e+01 6.848446932341697391e+01 5.487350155421195552e+01 3.497881229367310141e+01 4.650472356797730811e+01 6.630546488203953004e+01 7.270248590314196235e+01 5.326045202843931037e+01 3.908334970407643993e+01 4.738958082363637914e+01 2.927038380602075662e+01 4.937789354204479508e+01 4.736098424259808581e+01 5.442170968438247058e+01 6.586650635851998459e+01 8.551104296361856427e+01 8.783417092458891773e+01 9.601043354925982953e+01 1.058556981114686977e+02 1.081086819587777796e+02
9.124702163186203252e-02 1.009124701140436464e+01 3.009044424975465049e+01 4.484902641154511826e+01 3.654799168176325708e+01 2.252826677900893415e+01 4.260420162801089816e+01 4.844572455821671753e+01 4.429245094006387973e+01 5.847261405540764656e+01 7.848849069904834153e+01 6.935595675430027995e+01 5.450152236764633784e+01 3.453789849784971011e+01 5.450152236764633784e+01 6.935595675430027995e+01 6.155288367038189534e+01 4.502649089027693208e+01 5.448742706927233570e+01 4.049038481512775434e+01 3.129440622721902088e+01 4.542759700788394639e+01 6.524263011894390729e+01 6.920756870450500742e+01 5.884137310329668935e+01 4.029026689080862411e+01 2.726648097277337257e+01 4.722572470981475590e+01 4.568820560396256525e+01 6.545266250531447838e+01 7.416926446655946847e+01 8.232033426686304267e+01 9.367179638673272279e+01 9.149444938745645572e+01 9.982289285324137040e+01 1.096689756452123277e+02 9.801430216856174127e+01
2.239863785106879432e-02 2.002239863785071350e+01 3.837306842859307210e+01 3.109041574137603092e+01 1.648722737126874804e+01 3.655109218922574144e+01 2.921971779151021309e+01 3.424440488554420625e+01 4.844572455821671753e+01 6.848055237722806510e+01 7.522068166993280158e+01 6.115374784141125986e+01 4.124535586447575497e+01 2.965288461969416645e+01 4.124535586447575497e+01 6.115374784141125986e+01 5.340477573109944132e+01 3.345898202401220090e+01 4.188906631341694720e+01 2.632966177286542475e+01 3.789915486732174799e+01 5.780172748111615277e+01 6.336195325005277112e+01 4.922936514823106080e+01 5.237834754374717505e+01 4.408908150743549470e+01 2.588765434895069006e+01 4.601793188217701669e+01 5.869773152670445882e+01 7.338983095592286077e+01 7.377918815183994639e+01 8.206433527032331199e+01 8.826684598566006912e+01 7.151647458397934543e+01 8.826684598566006912e+01 1.013439194520274356e+02 8.112097250866976594e+01
1.766589122093755945e-02 2.001766589122058093e+01 2.610339444689988397e+01 1.104123637692114990e+01 3.109041574137603092e+01 4.485535065125288412e+01 4.929644354626122293e+01 4.844572455821671753e+01 6.260657137481849333e+01 6.690523341600253104e+01 6.702329881015394619e+01 4.715662988220017837e+01 3.559827202349293174e+01 2.555794259994551965e+01 4.557577209009578922e+01 5.788735528702448363e+01 4.963906505409185854e+01 4.188905492124646912e+01 2.188695398678022030e+01 4.188906631341694720e+01 5.448742706894901033e+01 6.593164203045883198e+01 5.508084550973059379e+01 3.503230756196781215e+01 4.240103656312714264e+01 2.395406872542049825e+01 2.719229252599119206e+01 3.048155514917248965e+01 5.049809959430103845e+01 5.872606972061952746e+01 5.397534696348701289e+01 6.630045656491250838e+01 7.061074479095337608e+01 6.012705502870232976e+01 7.410297556968880883e+01 9.410065496576633848e+01 9.801430216856174127e+01
