MOVIE_S10_data/elevation_000886.asc
nrows	100
cellsize	150.0
xllcorner	0
ncols	100
yllcorner	0
NODATA_value	-9999
[rows 0 to 16 of 100, columns 0 to 36 of 100]
8.271705653423140625e-02 1.729307426909807432e+01 3.225092323545307238e+01 3.840330184331683228e+01 3.947528386630443009e+01 4.746203385714871814e+01 5.095265864095087238e+01 4.940626550839898101e+01 4.209439885589648611e+01 5.018295368424351466e+01 6.041570354802188803e+01 5.455496598748501214e+01 5.448152662188088158e+01 6.276796479639227755e+01 5.983542733550979875e+01 6.812028107267796884e+01 6.577147329862881975e+01 7.405520134134778232e+01 7.629766231172344249e+01 6.801560648467970793e+01 7.356311245734724480e+01 7.988756016566965457e+01 8.817021322049856735e+01 9.971529401944458471e+01 1.118467997445080471e+02 1.034356888690341094e+02 1.060705885508174759e+02 1.034356888690341094e+02 1.118467997446335573e+02 1.100177476282106142e+02 1.017362723665309545e+02 1.017362723665309545e+02 1.100177476282106142e+02 1.215741443087009515e+02 1.316424028301863416e+02 1.233606318572593494e+02 1.225660869397280379e+02
7.813061968023242432e-02 2.007813061967987878e+01 1.224705415708515055e+01 2.372836206128773640e+01 2.205387401746334319e+01 3.947570967579702739e+01 3.094062725371333045e+01 3.069529705459833835e+01 2.239957378486040795e+01 3.961470924674972593e+01 4.039161816317641751e+01 3.452496743220576292e+01 3.445055591778859139e+01 4.554909813267940422e+01 3.981548528873747728e+01 5.119950503982848034e+01 4.576131714527946315e+01 5.750958663755717737e+01 6.094161025570769397e+01 4.800843350681807919e+01 5.356004928501945273e+01 5.988790046473975792e+01 7.143573701982322177e+01 9.143296529118870808e+01 1.001671128432223696e+02 8.323752648088965600e+01 8.585254715440400730e+01 8.323752648088965600e+01 1.001671128432965929e+02 9.845872705971338235e+01 8.170404530905693719e+01 8.170404530905693719e+01 9.326686917630618723e+01 1.133056922792710566e+02 1.233606318572593494e+02 1.034548360059350784e+02 1.026327711152205211e+02
2.526786264046545702e-02 1.367580005114078734e+00 2.712926013154476124e+00 1.078464316705542103e+01 2.525731257289091758e+01 2.743109540863286711e+01 2.885870752599273814e+01 1.097294860458837995e+01 1.246017492665603932e+01 3.242961950467869059e+01 3.695721189930804229e+01 2.036576296968164712e+01 2.287490040224718513e+01 2.550090130991517512e+01 2.823168005515077894e+01 3.116319197957339071e+01 3.419216564076459264e+01 3.749132232502741147e+01 4.092890693530890900e+01 6.094098619933525640e+01 7.356277980500168212e+01 7.988756016566736662e+01 7.621799291614331651e+01 9.621526200288649022e+01 9.177427437710318259e+01 7.168569684749307669e+01 7.168569684749307669e+01 7.168569684749307669e+01 9.177427437710318259e+01 9.017066068243059362e+01 7.017704353148906193e+01 9.017066068243059362e+01 1.021450561961795671e+02 1.103924815551861798e+02 1.233606318572593494e+02 1.034548360059350784e+02 8.932809609391580352e+01
4.163169627051844027e-03 2.000416306844198644e+01 2.054489768832511132e+01 4.664724195381473315e+00 6.058178319064261963e+00 7.461837057067287837e+00 8.890134441316543956e+00 2.885849994021582177e+01 3.242952120285391970e+01 1.460572745154853536e+01 1.696053893175508165e+01 3.695721206326440722e+01 4.291664029374368994e+01 3.968457606160880857e+01 3.981548529762373789e+01 5.119950503982848034e+01 4.576131714527946315e+01 5.750958663755717737e+01 6.094176316573596353e+01 4.849701345228625371e+01 5.850304719321535174e+01 7.005191020779821542e+01 9.004969050247905216e+01 1.044972497772857309e+02 9.439769690811093028e+01 7.428536231629628617e+01 6.017920963327198791e+01 8.017612873274609342e+01 8.561564622026175186e+01 7.733241043563695882e+01 6.465267509303346571e+01 8.462542900399091650e+01 8.216078073950289706e+01 1.007505130091434324e+02 1.096850705405663007e+02 1.175486194180606816e+02 1.092851086258728373e+02
5.883922493566802470e-02 2.005883922493531202e+01 3.486883285604849192e+01 2.056135602956678810e+01 2.602962828862602152e+01 1.638345912408442473e+01 1.561452282401212877e+01 3.399040096268523570e+01 4.229212443095469354e+01 3.458404338113199117e+01 1.744028742419960665e+01 2.741201111475617580e+01 4.151989473785516793e+01 5.970693221043047316e+01 5.983546186876888839e+01 6.812081855426649213e+01 6.577147329863737468e+01 7.405520134417820088e+01 7.678670192554503160e+01 6.850350692968473254e+01 5.919362123864818415e+01 7.919434171927785826e+01 9.833143059571197853e+01 9.213106809322859192e+01 8.375827056325793762e+01 7.558852086238997003e+01 5.565013509345915566e+01 7.558852086238998425e+01 7.733241043563695882e+01 5.740716600859452967e+01 6.035517686033087159e+01 6.586283798956482372e+01 7.250465949665992582e+01 8.143151885551047542e+01 9.558650072301696810e+01 1.155572710347300642e+02 1.227905232200852765e+02
1.256007409845548775e-02 1.415469569782953130e+01 3.415469569814799655e+01 4.365638481614330146e+01 3.635608291884878440e+01 3.051043021594618665e+01 3.600625104521918018e+01 2.724770615876272828e+01 4.713671135113288813e+01 3.945818742750275732e+01 1.949714419694939949e+01 3.945818742750275732e+01 5.564534447141290485e+01 6.976913038045533710e+01 6.800663861352879280e+01 6.792028931750405718e+01 6.867807607497951494e+01 6.872600171938439928e+01 8.853034563677559277e+01 8.747670139342794471e+01 7.074230506092365545e+01 8.747670143887280858e+01 9.537739143928692442e+01 7.525248374272045737e+01 6.373992373357619812e+01 5.676263671139264488e+01 5.151441573385922368e+01 7.133764273347944140e+01 7.276124586285671114e+01 5.292651230800358064e+01 7.276001838163300306e+01 8.444492074004566007e+01 9.248961567189786592e+01 1.007505130091510779e+02 1.096850705405653628e+02 1.196011812696305583e+02 1.136633822303349746e+02
9.594114293757748102e-02 1.164294652673019570e+01 2.578508215046139895e+01 4.578508215416866989e+01 5.626013677770461641e+01 5.041944683166057217e+01 5.570173677144958901e+01 4.133447010798830235e+01 5.538043424671754877e+01 4.107988637913299357e+01 2.159202249492395964e+01 4.156228090925125684e+01 5.035333194015451141e+01 5.100883270548857240e+01 4.831214058228049879e+01 5.035779762506379598e+01 4.945761265928206996e+01 6.872600171938309188e+01 8.040610113545260162e+01 8.868260114004242212e+01 9.074003850830624174e+01 9.902172716843676881e+01 1.037755688111843284e+02 9.213106809322859192e+01 8.375827056325793762e+01 6.729124346644347554e+01 4.765554598880500237e+01 6.729124346644344712e+01 6.534112869384635758e+01 4.974775925909561636e+01 5.619845908347880936e+01 7.079106307798001296e+01 9.279435543551430499e+01 1.115869366672853431e+02 1.196011812696305583e+02 9.961806970669816508e+01 1.032850390021989853e+02
7.711341127313005306e-02 1.421924903500395487e+01 3.421924903500324433e+01 4.464228633891850251e+01 5.292656043900236540e+01 5.401352734144717971e+01 6.229780452641880117e+01 6.154169376200690067e+01 5.566758506257635020e+01 3.571967299673576690e+01 4.156228003485988154e+01 2.471182958675565189e+01 3.963715927467769973e+01 3.192299759367941547e+01 3.475480589559170852e+01 3.766079747921402543e+01 5.654694037984746302e+01 6.788526714475841572e+01 6.060892432773790262e+01 7.455065826076118185e+01 9.454239073725810272e+01 9.612278846516746000e+01 8.618653746492536527e+01 7.795237134998845363e+01 7.134626086558142788e+01 6.401862722017030194e+01 4.457394543844545609e+01 6.148025021287455871e+01 4.584464805135124976e+01 5.950163194846916070e+01 7.574403354368511998e+01 7.014735847863960316e+01 8.401245274082425851e+01 9.608181392464162229e+01 1.044059555600315861e+02 1.032850390021989853e+02 8.327293933937345116e+01
2.297228869525369793e-03 2.000229722886917116e+01 2.901279802025491250e+01 2.464228629346316879e+01 3.768359561198248997e+01 3.401352720647671646e+01 5.151487113336834511e+01 6.151487241128234018e+01 6.395080189920938807e+01 5.566758502827028821e+01 4.426415329774012264e+01 4.026283600942775109e+01 2.796481068032091244e+01 4.833276189974126424e+01 5.371783717380458967e+01 5.654694037984746302e+01 4.214698270814706405e+01 4.860985420603672935e+01 6.788526714475923995e+01 7.541267737126780446e+01 9.539690399765777329e+01 8.788591608218064266e+01 6.801882661779626460e+01 5.813403989676744743e+01 5.167374458754881772e+01 6.086250518284095534e+01 4.157124592963486265e+01 4.217440857486247552e+01 6.148025021287459424e+01 7.346948938052850053e+01 8.674201311723783192e+01 8.968808137083659915e+01 9.278625728680192708e+01 7.594362382563534197e+01 9.278625728680742668e+01 1.044059555599859408e+02 1.032850390021989853e+02
9.647730019007895452e-02 2.009647730018972211e+01 9.012798005031783077e+00 1.309528090967044811e+01 1.768359558708176493e+01 2.323059754933415277e+01 3.323059754933450449e+01 4.737273317333124112e+01 6.737273340454950699e+01 7.191328986800508005e+01 5.432111401390383776e+01 3.495007548869052272e+01 4.945185375625195690e+01 4.011417222501955848e+01 6.273413390838716452e+01 6.925011716139893281e+01 6.107053447137347746e+01 4.741276331242703179e+01 5.573650627690028614e+01 6.956199033559846612e+01 8.953748536198132513e+01 9.612278846516746000e+01 8.618653746492536527e+01 7.795237134998845363e+01 6.295787173959351435e+01 4.359954529397652578e+01 3.857569423619246862e+01 5.780610379563007939e+01 6.970009266844360241e+01 8.090458914879586416e+01 7.956789447183118114e+01 7.159024797453079714e+01 7.647706974586357376e+01 6.411515109254244749e+01 7.594362382563534197e+01 9.608181392464162229e+01 1.099679585713049335e+02
3.582433992925927735e-02 3.465796042779443198e+00 2.346579605375113431e+01 3.309528092882756312e+01 3.768359561198248997e+01 4.323059758332823321e+01 3.477760293312746143e+01 4.891973855727880505e+01 6.891973883044562399e+01 7.346748950198083605e+01 5.371481235334648119e+01 4.012173173171691332e+01 5.950023754359297357e+01 5.615151965732419370e+01 6.273413390838547343e+01 7.646610729156198261e+01 5.676035663537447817e+01 5.826952013466565461e+01 5.743276530306433614e+01 7.130258414669864919e+01 9.128552087506581358e+01 8.777625152050988788e+01 7.954771142534416128e+01 8.103417547681483768e+01 7.116210598514406627e+01 5.597927152252577798e+01 3.671941490130544139e+01 5.597927152252577798e+01 5.159137376653376350e+01 6.118728967904146288e+01 5.888343318852269448e+01 5.056591976622402029e+01 5.574404086810679360e+01 7.647706974586357376e+01 7.855821342053147305e+01 9.869118561205483786e+01 9.894243479113515605e+01
1.813270376062421294e-02 2.001813204744859576e+01 1.501280142657185834e+01 2.655980681036352209e+01 4.070194243386647770e+01 6.070194223604446648e+01 5.477760301355659323e+01 5.477760301355659323e+01 7.477760407719648583e+01 7.399490016378585722e+01 6.568220653567716738e+01 4.613310409615549190e+01 6.568220653567716738e+01 7.862597050917385388e+01 8.485673423590314712e+01 8.474494238415957170e+01 6.543455606928634438e+01 7.215736203418855155e+01 6.871284021602134828e+01 8.543459341818950747e+01 9.362770101309354231e+01 7.371558878002628035e+01 5.960235817226778465e+01 6.109233157159479788e+01 6.799982552579298556e+01 4.844916469841063389e+01 3.486184386211023423e+01 5.274911176441155192e+01 3.673131115402892988e+01 4.004719240977927086e+01 4.370321443611453560e+01 6.494177163321315049e+01 7.647706974586357376e+01 8.483432317082107943e+01 9.869118561205483786e+01 1.070143011530602735e+02 9.067473820161630726e+01
2.372884694381488524e-02 2.002372884694345956e+01 3.501280139426785354e+01 4.329707015210016863e+01 4.441518777239986093e+01 4.689587058067918690e+01 4.689587058067918690e+01 5.517977638859959200e+01 6.244809985964462840e+01 5.399525537216157289e+01 6.813646492592427251e+01 6.568220653567716738e+01 5.727625418814000824e+01 6.869385109776837339e+01 8.873668862993450546e+01 9.367551900097070927e+01 7.692662351095745521e+01 9.214277608026330313e+01 8.868827134715378691e+01 9.697089664863564451e+01 8.590558366569578652e+01 7.593459525001476607e+01 6.693316242207012579e+01 4.696419822920197618e+01 6.693316242207012579e+01 5.438934734277499672e+01 4.206165796229228704e+01 3.224466627956247322e+01 5.302048148386005266e+01 5.234820420708166466e+01 6.494177163321315049e+01 5.525821667342454191e+01 6.587095889717312502e+01 8.034851227698422349e+01 1.005058039419373301e+02 1.074945689720313453e+02 9.696161200344185715e+01
8.175220331382776484e-02 1.422388782704465271e+01 3.422388782704393861e+01 2.786536100477665556e+01 2.441522032680017062e+01 2.689591493264792987e+01 2.689591493264792987e+01 4.689587058067918690e+01 4.244825719357159954e+01 3.985312857296550959e+01 5.399525537216157289e+01 7.399490016378585722e+01 7.716495098541450659e+01 8.546266698906437398e+01 9.703143867219330332e+01 1.052305476401202782e+02 9.695312672795782305e+01 8.779970537668795316e+01 7.968286361240852500e+01 8.779970537668795316e+01 7.765928607735089884e+01 5.770337891156053445e+01 4.771044384977884789e+01 4.063686472263540139e+01 5.413477774998399639e+01 5.003121735566526951e+01 2.998943809436327257e+01 5.003121682470248288e+01 6.158098610232618597e+01 7.326170497995990161e+01 8.166150362064269075e+01 7.606170260623359525e+01 8.443534271957165060e+01 9.458854137383875127e+01 1.017599224481675861e+02 8.779768877685339135e+01 1.017599224481675861e+02
9.124702163186203252e-02 2.009124702163150644e+01 2.450863906223724697e+01 7.865367850389635151e+00 1.027308491210499852e+01 1.275377960388914644e+01 3.275376631852606835e+01 3.936182499056292272e+01 2.830612336819106289e+01 4.830607548780037774e+01 6.109077173574520714e+01 6.937402661157896944e+01 7.937340012003929246e+01 9.351378855148524849e+01 1.028487641223838693e+02 9.324327953376000266e+01 8.182767364284234191e+01 7.367852879256275855e+01 5.972565033370371168e+01 7.787402802853867456e+01 8.590558291684840242e+01 7.593459491579793053e+01 6.768098767339715494e+01 5.410925559808052299e+01 3.412791513078751393e+01 4.846767456956246889e+01 2.839956735721571945e+01 4.004422741894781979e+01 5.451193829898488019e+01 7.601398868226368677e+01 7.851870468537030945e+01 7.647686759127215339e+01 8.443574208290361582e+01 9.553449694535444792e+01 9.356676762586295126e+01 7.395751943574654774e+01 8.224536506764812316e+01
2.239863785106879432e-02 2.258466615350853690e+00 4.508642417202892716e+00 2.450863905838048140e+01 3.027307515476371336e+01 3.275376631792010329e+01 1.653342433398135469e+01 1.936185145872749658e+01 3.936182499056292272e+01 5.040039147658717411e+01 4.109090160382987733e+01 5.109090106985087232e+01 6.523301036679775677e+01 7.456960183443356982e+01 8.870918317608038706e+01 8.514994404071595113e+01 6.528086999619419828e+01 5.364302387749255274e+01 4.961445256564618234e+01 6.970425697280307986e+01 8.141441601814641160e+01 8.047224717157233442e+01 6.054961460327442069e+01 4.991184422627711825e+01 2.980728330487762889e+01 4.471201540849266820e+01 2.681371545097778153e+01 4.188259445175859952e+01 6.391271946702585893e+01 7.325156200258859940e+01 5.951941246851280454e+01 5.704076417299363300e+01 6.834979093090186097e+01 8.757868561855659095e+01 9.612257179846810118e+01 7.649723783188731829e+01 6.270811577900777678e+01
1.766589122093755945e-02 2.001766589122058093e+01 2.450863906223724697e+01 1.865077797496616085e+01 3.865076674837219173e+01 4.480579415323779813e+01 2.653342433999744543e+01 3.936182499056292272e+01 2.407589666663773187e+01 3.040045198697350060e+01 5.040039147658717411e+01 6.111164224990154992e+01 6.777825219184380501e+01 6.042752924474739729e+01 8.042707647688872896e+01 8.489827231223858917e+01 7.342001133905408494e+01 6.211102463649688588e+01 4.199048368189473024e+01 5.324315976456610855e+01 7.325822236329561576e+01 7.465171670036059481e+01 5.470833306808694374e+01 4.056634642618636377e+01 4.472664178254146350e+01 2.456697142988529592e+01 4.474839712966495142e+01 4.961455382935812963e+01 5.180277413602320991e+01 5.690199155795529862e+01 4.560990120517392654e+01 6.525542300353461656e+01 7.595935763411046082e+01 8.394835553512109527e+01 9.509329697377299340e+01 9.040967546178981706e+01 7.998129224055102782e+01
