MOVIE_S10_data/elevation_000422.asc
nrows	100
cellsize	150.0
xllcorner	0
ncols	100
yllcorner	0
NODATA_value	-9999
[rows 17 to 33 of 100, columns 0 to 36 of 100]
5.222468517465790605e-02 2.005222468517430201e+01 3.375681634563608924e+01 4.205348322899840241e+01 5.361001061677423962e+01 5.257384857438170656e+01 4.426548535712262833e+01 5.257384857438170656e+01 4.828230498260782610e+01 3.013898187828958086e+01 4.828230498260781900e+01 3.961773105041269361e+01 5.037581242771886991e+01 4.221282379611340474e+01 3.537739880160111738e+01 1.583542342365992717e+01 3.565201619591012161e+01 4.660243530175640103e+01 4.061540874603124252e+01 3.616049479923354681e+01 2.031229288003445888e+01 4.017288360796084845e+01 5.259963999166754434e+01 5.348050778051694465e+01 3.972545654760189393e+01 4.141207685869896693e+01 4.654539170667486303e+01 3.140224742900848298e+01 4.088829687771720955e+01 2.248826892053661552e+01 4.240228154040877939e+01 3.810717312794574951e+01 5.804448012065647333e+01 5.887774406540759742e+01 6.107731566115622002e+01 8.122746740682585198e+01 7.864789516216839615e+01
7.333276091007127906e-02 1.421546838464114693e+01 3.421546838464185214e+01 5.328473359738531911e+01 4.742686922186879173e+01 5.107835293834506274e+01 5.107835293834506984e+01 5.936262418294312937e+01 5.820521788340877833e+01 4.992913472972618649e+01 5.820521788340875702e+01 5.876671310455064656e+01 6.001357618102589697e+01 5.182411280221828065e+01 3.985050642698666934e+01 2.000005365832654647e+01 2.116703479332200288e+01 3.520623854977763756e+01 5.529456726301044966e+01 4.841073597878163071e+01 4.017288360796091951e+01 2.449828320116621327e+01 4.435547355014882953e+01 5.721212839643751380e+01 5.942611776397501444e+01 5.483399924852879792e+01 5.964335128901544891e+01 5.131870891485929320e+01 5.070980968993926297e+01 4.241189244449584095e+01 2.403039987453631454e+01 4.394614904388565435e+01 5.479684734085184772e+01 4.481875728039192097e+01 5.887774406540759742e+01 7.901202153278782703e+01 8.683871970922220385e+01
6.343274376862209629e-02 2.006343274376826713e+01 3.975920343831562320e+01 3.328473359789662567e+01 2.742686922164769214e+01 3.107835293834823531e+01 3.107835293834823887e+01 5.107835293834506984e+01 6.769666599051014089e+01 6.890986942610652477e+01 7.719414067484991904e+01 6.577856023636223881e+01 4.604329550196155907e+01 3.204829929517023146e+01 2.630406796161041072e+01 3.985050642698666934e+01 2.514686231637134028e+01 3.913735722985424559e+01 5.888881953328587571e+01 5.839721658757199663e+01 3.854573842055658872e+01 4.436010175909869702e+01 2.912087746720081682e+01 4.316264503318104317e+01 6.301229945296699952e+01 7.377564636816586585e+01 7.323472040089181689e+01 6.161442931818908164e+01 4.783102821901008639e+01 2.704021253226472510e+01 2.518894801486121082e+01 4.485718313794009049e+01 3.492402609577327866e+01 4.893653917311097246e+01 6.894488279909764117e+01 7.202522381150861008e+01 8.063713435170681976e+01
3.497053469895897854e-02 2.003497053469860489e+01 1.975920343836155268e+01 2.850381916057931164e+01 1.328473359791649067e+01 1.693621731461753654e+01 3.693621731461662705e+01 4.769666599051154776e+01 4.769666599051155487e+01 4.890986942610793875e+01 6.890986942610652477e+01 6.321869642103245468e+01 4.348269394063409976e+01 5.182411280221828065e+01 3.381931064168832535e+01 4.913460128766048740e+01 2.937775075042599937e+01 4.335021315717555268e+01 6.309934956230708991e+01 6.665354243673991164e+01 5.839721658757199663e+01 4.251630959437544277e+01 3.258872482657894665e+01 4.661589581573581853e+01 6.646812981284114130e+01 7.926640435234101290e+01 6.489552558403885030e+01 4.477093658565658529e+01 3.218602362196363487e+01 4.783102821900961032e+01 4.505214823113450251e+01 2.682839041816525238e+01 4.668740339389694327e+01 5.668068397147651183e+01 5.743223048394381181e+01 5.138761473204640851e+01 7.202522381150861008e+01
9.635555453094322986e-02 2.843566833504718172e+00 5.617067814630852141e+00 8.503819160578956371e+00 2.850381916053068920e+01 3.693621731460000746e+01 2.310835131310110668e+01 2.769666599051226186e+01 3.476773380237749222e+01 4.631473918616959651e+01 6.631473918616818253e+01 7.142052979996964268e+01 5.487795537277265367e+01 6.177934795666260470e+01 4.267757176186014334e+01 5.378811699584507977e+01 3.404492191415248925e+01 5.378811699584507977e+01 7.006299310473492881e+01 7.861101015341775167e+01 5.868887077870143543e+01 5.631746033789611516e+01 3.649767445797252918e+01 5.049922808904194937e+01 7.036391554211637356e+01 7.090436514830588521e+01 5.097529888818966981e+01 3.909484957861631216e+01 5.327658870849224115e+01 5.327658870848794948e+01 5.499397425645220494e+01 4.668740338744003537e+01 2.850708039561621376e+01 4.836905200076220268e+01 3.840999996295627739e+01 5.727939495366169353e+01 5.635939314214600415e+01
8.845047570523793812e-02 2.008845047570488163e+01 2.561706781463049509e+01 2.850381916057931164e+01 1.793190957639942340e+01 2.687618148639842275e+01 4.310835131309206503e+01 4.769666599051154776e+01 3.924367137430436969e+01 5.924367137430365915e+01 7.459901043471305115e+01 8.283321796113833102e+01 7.461236300871262017e+01 7.061344754834733806e+01 5.407264972092647071e+01 6.199318731379046454e+01 4.800285877868709150e+01 4.210836583047478143e+01 5.605488588837343400e+01 7.582682700593471736e+01 7.861101015341775167e+01 6.053958402168297681e+01 4.073606855576986163e+01 5.471361773639363690e+01 7.460471084155705057e+01 6.720071409481170122e+01 4.730841734170605406e+01 4.944308784198528173e+01 6.771660891126843751e+01 7.338727566560835669e+01 5.832022211018139046e+01 3.841807912670506653e+01 4.835791984781312181e+01 3.022197545840932520e+01 3.144309479242579997e+01 4.030713239597878328e+01 5.997023975948600594e+01
8.023991185656004221e-02 6.746906547531713372e+00 2.674453836127246831e+01 4.568075310193705008e+01 3.793190957641384387e+01 3.793190957637503402e+01 4.101831711012886927e+01 6.101831710991384483e+01 5.079067675809647398e+01 6.752794262257732782e+01 8.215149808797909259e+01 7.629295801618935968e+01 8.215149808797909259e+01 8.202491003697504368e+01 7.380487699417257375e+01 7.598351584889269361e+01 6.184595336448601444e+01 5.605488588837343400e+01 5.605488588837343400e+01 7.582682700593471736e+01 7.975223125315493178e+01 5.981597042352369442e+01 4.584260210808309211e+01 5.688684958797497870e+01 7.679238841757785394e+01 7.319782123789025263e+01 5.330766701673879737e+01 6.935353891467453025e+01 6.935353891467453025e+01 7.251042104420700696e+01 5.244244925895971932e+01 5.244243575946124736e+01 5.838749669394440645e+01 5.008846259916667520e+01 5.131314081462988241e+01 3.322255990946935356e+01 5.308981576745601672e+01
4.598823041778624804e-02 2.004598823041743216e+01 1.743728956066640379e+01 3.157699447073182597e+01 5.154504042785114137e+01 5.793190957575784950e+01 6.101831710991384483e+01 6.930258816694036739e+01 7.079067675809505999e+01 7.907494800692926162e+01 6.211763473767061328e+01 5.624602358468500540e+01 6.211763473767061328e+01 7.508482210086845043e+01 7.508482210086845043e+01 8.337036296997776219e+01 8.164249588124475565e+01 7.582682700593471736e+01 7.582682700593471736e+01 8.407110032109957842e+01 7.975223122835576817e+01 5.981597042352114357e+01 5.280858828873799382e+01 7.268119269524164849e+01 8.507483288352406703e+01 7.987523395450480734e+01 5.984299580466085899e+01 7.987523395450480734e+01 8.949803269700250041e+01 8.089703525677691687e+01 7.251042104420700696e+01 7.250970372329609859e+01 6.889469949798188964e+01 5.673909248148817852e+01 3.698401947781579935e+01 3.466052583552858835e+01 5.452328708686987113e+01
7.340434288523949025e-02 2.007340434288488495e+01 3.742549972443874395e+01 3.740856259551180329e+01 5.726897766901969078e+01 5.982728898682724150e+01 5.160425334154228949e+01 5.982728905119532925e+01 7.132257343550816131e+01 7.506845777379521678e+01 5.502336680623051990e+01 4.205201489016852179e+01 6.211763473767061328e+01 5.503963063131858746e+01 5.503963063131858036e+01 7.508482210086845043e+01 8.770578190524713591e+01 7.943936746370253843e+01 8.770578190524713591e+01 9.941042075295175096e+01 8.804042307138524848e+01 7.975223122457707348e+01 6.682335255830788867e+01 6.682335255830788867e+01 8.682326980004063444e+01 8.827828611084963484e+01 6.974588161139196529e+01 8.827828611084963484e+01 9.838331954621776276e+01 8.821945327525502023e+01 7.979765189524178481e+01 7.269798341806558994e+01 6.057534740111051264e+01 4.083497811790519449e+01 5.674063772904835190e+01 5.452328708676876801e+01 3.671049745800660702e+01
3.515918393995972474e-02 1.417729480767103567e+01 3.417729480767174266e+01 4.695358511633240539e+01 4.984068071384285048e+01 4.159257443593573811e+01 3.158089553172574071e+01 4.316499204039406123e+01 6.313249866598417981e+01 6.689222043908941373e+01 5.502336680623051990e+01 3.496887260935047692e+01 5.145448174608101510e+01 4.085099676704288640e+01 5.503963063131858746e+01 7.508482210086845043e+01 7.771007491451302940e+01 5.943365312163924585e+01 7.771007345229067198e+01 7.943936739395881830e+01 8.845111875092942455e+01 8.019823770498464910e+01 8.682326980002129346e+01 8.682326980004063444e+01 9.511278163232107374e+01 9.841399469263426170e+01 9.000458629761760676e+01 9.841399469263426170e+01 8.995973929734999786e+01 6.963556449313362862e+01 5.971675699769121337e+01 5.280574838385702208e+01 4.662969053504668437e+01 4.462699576274867752e+01 6.437605623940596900e+01 6.490621219114886742e+01 5.656577794974460716e+01
4.608085242692564615e-02 1.581824611347255249e+01 3.402283990316497153e+01 2.439984035846018529e+01 3.974249150540685349e+01 2.148430766731994623e+01 4.159257443463716442e+01 5.982728664786277051e+01 6.042937851847133857e+01 4.595524753844920696e+01 4.923413548023259523e+01 2.919195884263205443e+01 3.140796896499578850e+01 4.558054138846808456e+01 6.563542822200079740e+01 6.954659265377146937e+01 6.126927073091512455e+01 4.943094075456016867e+01 5.943365312163924585e+01 7.943936741319716077e+01 7.693483106876429645e+01 6.024209459215386886e+01 7.693483106876426803e+01 7.338204655326212844e+01 7.969300689656786574e+01 8.674646820850044548e+01 9.499603388574622898e+01 1.064995633819514040e+02 9.838331954621776276e+01 8.821945327525502023e+01 7.491456250831633668e+01 5.496374262335766048e+01 6.640750637211597507e+01 4.854328433884400340e+01 6.833424974352752201e+01 7.311494014305992550e+01 5.298554879516056104e+01
1.610643649003322755e-02 2.001609867985121127e+01 2.220046901197881795e+01 7.146205442338692038e+00 2.737286837272323936e+01 1.562859097343807235e+01 3.271249173682267042e+01 5.315709804492360036e+01 5.133326183643981722e+01 3.148281357681218040e+01 3.878732964482947665e+01 2.384613414195918324e+01 4.387762444007854867e+01 5.975365549930901921e+01 6.247642513775441131e+01 5.419701860275929306e+01 4.126592097480500598e+01 6.126927073091512455e+01 7.771007344160024388e+01 7.466341747813457630e+01 6.640405382597417372e+01 4.870704500405064152e+01 6.523189264392995312e+01 5.341832815024870484e+01 5.973599798872331945e+01 6.679626691048278531e+01 7.832178587519300095e+01 9.825479829461224313e+01 1.058737979816042269e+02 8.549874599522728147e+01 7.119460403094811340e+01 6.298204189150718690e+01 7.247736365429916816e+01 5.260768965953272414e+01 7.247736365429916816e+01 8.149031480841973973e+01 7.294485706005922054e+01
2.022278438842990689e-02 1.108082429526282775e+00 2.197575176090461380e+00 3.293610222013314992e+00 8.276517447224284396e+00 2.604740345317885541e+01 3.393366376568299358e+01 3.916613872653470452e+01 4.243681014484007363e+01 3.430171775768223341e+01 1.876691089599241025e+01 3.845714019110555171e+01 5.183771644768710729e+01 5.615246192852321627e+01 4.787176210324648196e+01 3.419480127648854761e+01 5.419701860275929306e+01 6.021130518432947554e+01 6.205032955569323860e+01 6.313783048849709445e+01 4.643162005334197318e+01 4.054447966427548522e+01 4.525814637219075109e+01 5.938670756242552073e+01 7.934341410438143782e+01 8.674646820850044548e+01 9.499603388574622898e+01 9.315137039355293780e+01 1.014032770714798488e+02 9.755791129350826907e+01 7.717749319538711461e+01 8.314675836186009406e+01 7.099362221951059837e+01 5.695839611205384045e+01 7.694699291088228676e+01 9.527885702535009216e+01 7.494341210871991166e+01
6.642187732006160639e-02 1.986336728185664668e+01 2.219957967996552028e+01 2.329815864740436382e+01 4.904248626476970685e+00 6.053539740549508608e+00 1.890937538612904234e+01 2.882829654216223503e+01 3.003206827819796843e+01 1.429671296630450605e+01 3.430171760894979371e+01 4.695422140716323156e+01 5.237850786783190671e+01 4.785310001877292763e+01 2.787017726699964015e+01 4.787176210324949466e+01 4.440537094224756487e+01 4.023265939711693306e+01 4.207341124902181662e+01 4.979667325657982246e+01 3.488758782289474425e+01 5.487296381434680370e+01 6.523189264392995312e+01 7.349177015405412305e+01 7.976376355943138208e+01 7.150459853341075700e+01 7.904816314664977028e+01 7.320643213038050590e+01 9.315136431661561289e+01 1.059616151179731816e+02 9.755791129350826907e+01 9.971998265728838362e+01 8.198465579438939699e+01 6.183407538217183941e+01 8.198465665542214253e+01 8.932446790612480925e+01 6.898658375619055505e+01
1.591255364720534082e-02 1.420054740950699745e+01 3.450306314021609211e+01 3.317807780564849907e+01 1.490419243765438928e+01 2.596474401953857836e+01 7.692531372819741975e+00 8.856407277047280147e+00 1.003592995021876355e+01 2.964599468803863047e+01 3.314436262600530370e+01 3.452067164620626016e+01 3.396004569024731268e+01 4.374542942644832522e+01 2.387027820127868338e+01 4.173739064262590404e+01 2.428213899385570684e+01 2.609279195185304090e+01 2.793390515895874060e+01 2.980705712294178511e+01 4.979667326846294628e+01 5.297684923987327466e+01 7.294107509184743776e+01 7.469430386423950097e+01 6.643325740551934189e+01 5.153871864982976803e+01 5.908976628582059476e+01 7.904814681845202529e+01 8.800237704742018252e+01 9.431065982133830516e+01 1.025595932765924374e+02 1.021075218388203751e+02 8.162573002816918688e+01 6.729094738391253827e+01 8.762407763029874275e+01 8.510488358804771281e+01 6.478194062939213893e+01
6.189296070378335485e-02 1.420604074130298500e+01 3.425757092807403836e+01 4.311589526888312918e+01 2.907998064183043141e+01 3.611749592619798221e+01 2.776855962295879365e+01 1.701637554479598080e+01 3.003207145122305732e+01 1.186375546641330558e+01 1.318714008020286776e+01 1.452245181984986466e+01 3.363741174136812617e+01 3.766585687591946652e+01 2.002164405432852945e+01 2.174270655931346496e+01 2.882091722852392834e+01 4.604792669240934799e+01 4.792451515967598397e+01 4.979667326846294628e+01 3.298912247736595305e+01 5.297684923987327466e+01 5.905563700246928249e+01 6.191028052799867964e+01 4.646033276810312174e+01 6.643325052103953965e+01 5.770485823037790141e+01 6.228639645142941106e+01 6.804919241777763261e+01 7.436211813135204807e+01 8.847544525769738755e+01 1.083981139602373105e+02 9.445401454888791193e+01 7.396420379312056070e+01 9.445401454888791193e+01 9.351694238953642468e+01 7.383431707963511315e+01
2.247884206357958492e-02 2.002247884206322581e+01 3.727240882249075327e+01 4.883202715745490252e+01 4.958060939910610188e+01 5.091848947007392923e+01 3.112994225387667413e+01 3.691060335954644955e+01 2.128882706428573357e+01 3.205682577676827094e+01 2.744903765417576125e+01 3.392655487684722004e+01 1.643703215293773212e+01 1.780681879938058998e+01 3.780692795799163264e+01 4.173739064262590404e+01 4.865400043092228088e+01 4.037638813413005323e+01 6.009414204996819819e+01 6.120126900201136522e+01 3.308981766554120441e+01 3.627977022619622716e+01 3.907390522210949513e+01 4.193123798793707380e+01 6.191028052799867964e+01 6.058797095823695145e+01 7.766417016287148556e+01 7.640151989609383065e+01 7.640151989609383065e+01 9.431065982133830516e+01 8.847544525769738755e+01 1.083981139602372963e+02 1.028819543253228375e+02 8.419594272524703626e+01 1.028819543253228375e+02 1.026196703474103487e+02 8.561622369343457706e+01
