MOVIE_S10_data/elevation_000484.asc
nrows	100
cellsize	150.0
xllcorner	0
ncols	100
yllcorner	0
NODATA_value	-9999
[rows 68 to 84 of 100, columns 37 to 73 of 100]
5.109420938315748373e+01 6.038815349608480432e+01 7.395258753115290062e+01 9.387082308949938181e+01 9.427993944220182243e+01 9.650372224695509260e+01 1.049417237958689952e+02 1.062257014589539494e+02 1.146937140418830836e+02 1.084495016720316301e+02 9.848870249323533699e+01 9.021223509433801269e+01 8.277694391213120184e+01 7.188358876206844172e+01 5.294235897886722597e+01 6.813251681998438869e+01 7.622627460359578322e+01 6.993191962746689683e+01 5.928960661939725441e+01 3.973688407732503691e+01 4.096270484636831100e+01 5.147272315074687299e+01 5.970927591192317863e+01 5.463970274472487176e+01 3.476321339657330611e+01 4.535634489434680461e+01 4.365866562692941244e+01 6.032335322744030037e+01 5.985223392303662848e+01 4.914076481361319537e+01 4.030387009861639314e+01 2.080904740810120046e+01 3.362091119420030338e+01 3.725585690180892584e+01 1.837065925933072563e+01 3.701874507267382342e+01 3.553319815980012208e+01
6.830324232843719301e+01 7.831559875533075399e+01 8.386905947199507239e+01 7.556187310874487650e+01 7.429238630514552710e+01 7.647042688561917601e+01 9.186274382626656632e+01 8.591341197901734006e+01 1.062257014589539494e+02 1.001483630981011146e+02 8.027610709057502447e+01 7.054030370086748292e+01 6.341076562280166939e+01 5.880129740742044220e+01 6.813251681956485584e+01 4.915942407955226656e+01 6.454680947645762501e+01 5.969293045321438740e+01 3.886652812510168786e+01 3.599998579689265199e+01 3.348406639422948672e+01 3.161514334132804649e+01 4.888596115607629855e+01 4.710335788682357361e+01 4.494599774998806652e+01 2.536242876986420214e+01 3.132403570231881673e+01 5.038945403954210889e+01 4.872549601950825604e+01 3.401048049711204868e+01 3.967450955354345155e+01 1.998366048370080961e+01 1.925714808012127932e+01 2.291715804024264003e+01 1.748230945614857035e+01 1.685584413977170826e+01 1.623669338290946840e+01
6.021243995410048200e+01 7.096659732743833615e+01 6.963829525866256631e+01 5.636728792431646440e+01 6.069523272427519345e+01 6.611278467581153961e+01 7.189391103181439746e+01 8.067999406806701757e+01 1.009097784244923162e+02 1.084495016720316301e+02 9.418800089599560010e+01 7.443177550352456251e+01 8.277694391213120184e+01 6.965950522228129671e+01 7.622627446606381341e+01 6.454679940465508992e+01 4.541842325509720979e+01 4.266910050762271567e+01 5.192166119583167472e+01 3.797507220366249925e+01 5.332421275592890453e+01 4.888630359898721167e+01 2.899807307693784963e+01 2.718299542981104366e+01 2.642183065855365598e+01 4.427448105712499427e+01 2.433945868368759236e+01 4.320036713284710572e+01 4.141321494608053655e+01 2.167855519273182452e+01 2.098117500634333865e+01 2.499424838145651151e+01 3.875651765897462298e+01 1.837068462689837034e+01 3.129564463583646372e+01 2.362966672575246108e+01 2.793310562674314568e+01
4.406896370765812776e+01 6.284105804415825247e+01 5.076363403279486164e+01 5.491388928551985060e+01 6.104307198710657900e+01 6.771660042821791592e+01 7.502855991734371344e+01 9.509274616123360602e+01 9.715494107355165454e+01 1.176168887033221608e+02 1.025140797356449838e+02 8.576202111884737178e+01 9.750073250787318102e+01 8.923896264870079165e+01 8.657812598741615773e+01 6.926710719259921234e+01 5.020405997968221357e+01 6.205642077831307546e+01 6.221876928497905368e+01 4.808776270761368465e+01 6.052639127039283551e+01 4.226635451336437654e+01 2.839270156945082491e+01 4.722896444280289074e+01 4.070223112023366241e+01 5.180874153867576126e+01 4.320002818005497858e+01 2.334542931798127441e+01 2.265800464431325878e+01 2.412460321822254627e+01 4.068576716277964067e+01 2.641490036213035353e+01 4.646886612334930078e+01 5.170812750916473988e+01 4.815742878624518397e+01 3.078027899570759729e+01 4.801102622330378011e+01
6.284105837028259600e+01 4.677036593059028036e+01 6.551950654336347668e+01 7.402199533428976963e+01 6.421753381729395471e+01 8.382645697767253523e+01 9.509274616123360602e+01 8.912802198757972860e+01 1.094928641570835168e+02 1.260773250067230435e+02 1.142268139704451499e+02 1.057337538993775894e+02 9.875509381091970340e+01 7.869406257456775222e+01 6.754111859972732645e+01 5.911166160927722757e+01 6.359929672262036604e+01 7.738624819504923380e+01 7.616551183290356164e+01 6.788735235897456732e+01 5.678123607367098202e+01 3.824889313164495519e+01 2.925632116888047207e+01 5.000837320675948661e+01 6.161393856874341424e+01 6.194625494656839493e+01 4.237100060722833916e+01 2.934760256815259893e+01 4.245121257943682735e+01 2.762511561297197815e+01 4.794217823897488984e+01 4.647029861802054285e+01 3.271030682381638854e+01 5.283304179472582263e+01 5.939178705682733295e+01 3.978080367173232190e+01 5.939428581700679644e+01
6.807759871759743930e+01 4.927953089025217537e+01 6.237696225450268628e+01 8.184015397509615752e+01 7.794352917313115370e+01 7.794352917313115370e+01 9.802910106985834204e+01 1.094928641570835168e+02 1.179605533731880200e+02 1.115612764017006242e+02 1.030955460822507490e+02 1.113108915996632646e+02 1.070283245234408724e+02 9.547774404478170140e+01 8.657823937271082571e+01 7.834480928798255661e+01 8.294973319205190876e+01 8.579018092579372023e+01 8.336376944649882148e+01 6.600798242656919967e+01 5.356443368473698285e+01 5.012697996847919768e+01 3.013028521835945384e+01 5.025053104649413882e+01 6.532811792154463149e+01 5.804668679635913264e+01 3.866557882224417853e+01 4.835630679685268518e+01 5.205130088043264180e+01 3.189335618640411241e+01 5.206074300911877373e+01 5.755115044914609967e+01 3.753416434219364106e+01 5.755115044914761313e+01 6.846467454577154399e+01 5.402789357373323753e+01 6.847013362350315901e+01
5.386154089920638199e+01 5.343938214006884380e+01 6.671293718998549593e+01 8.637268305448102979e+01 9.802910106985834204e+01 9.802910106985834204e+01 1.064737210140908417e+02 1.167639351951932980e+02 1.052019108142860802e+02 9.691661324922783649e+01 8.286271248623269514e+01 1.013056065170053017e+02 1.026290551368657162e+02 1.105776066096749020e+02 9.904671361467262614e+01 8.745989120731236710e+01 7.916859689733205130e+01 6.567464199855399443e+01 7.679877708074786824e+01 7.242355330083537979e+01 5.237353915570325569e+01 5.112503147920703839e+01 3.101084380008347452e+01 3.731968558168142636e+01 5.678734967615554297e+01 5.221940249592454109e+01 5.804668794356865646e+01 6.630436746248967950e+01 5.642190232690814611e+01 3.643655963552077992e+01 5.642190232691348939e+01 6.269169735411404076e+01 4.278119033193873122e+01 5.687284501665637038e+01 7.673798283472264359e+01 7.445443804738394533e+01 7.396177215930174498e+01
5.720776526346792679e+01 5.802598473479200436e+01 7.733404870351361637e+01 9.108369991376774522e+01 9.817075881228798551e+01 9.817075881228799972e+01 1.185746457878112921e+02 1.084919548693220861e+02 8.844287506835232193e+01 7.672504075030909121e+01 7.266472964291374126e+01 9.293793165746615159e+01 8.295020925512686460e+01 9.945432518035848091e+01 9.078658174744259668e+01 7.066367584489464093e+01 5.905127008742682904e+01 5.151915702962367760e+01 5.672204843766076721e+01 6.202066040329886931e+01 5.237404827356933623e+01 3.227519053930266324e+01 5.112523384171332452e+01 5.678734967615288554e+01 5.295640754600306366e+01 7.211499950304359174e+01 7.211499950302747663e+01 7.265033026198115351e+01 5.277464637775855749e+01 4.167140497351599748e+01 6.155611146629401986e+01 5.687273144432707284e+01 5.429522006483051655e+01 5.687328871534676011e+01 7.675659416076304353e+01 7.753919255853905668e+01 6.586497047041967789e+01
6.071135271481708173e+01 7.733404873302816895e+01 6.546776921610438649e+01 7.126628833547682973e+01 7.812553787321294863e+01 9.220423703754333644e+01 1.125752166010703803e+02 1.095380912690226296e+02 8.949411038862011480e+01 7.515315039671408215e+01 6.495673578481756749e+01 7.866845410063719157e+01 7.122911168563085482e+01 8.298503851712555957e+01 7.457811114587688905e+01 8.298332784021185660e+01 7.916859689733205130e+01 6.260238611317879531e+01 4.261953655398752261e+01 5.371071837900507262e+01 3.363602081539165312e+01 3.485079910165908501e+01 5.489251620433005741e+01 6.684184659767485925e+01 7.383308738943735250e+01 8.222818866308668362e+01 9.210094115241017221e+01 8.089800615981548049e+01 6.706187018433989522e+01 4.721057481610601769e+01 6.706187018433855940e+01 6.834116593858742306e+01 6.834010143723554620e+01 7.674662152371215029e+01 8.501965809524006090e+01 6.925506527859688788e+01 4.894330529871791668e+01
6.696950265723724272e+01 6.712930373021966091e+01 8.470801252372851309e+01 9.108370298408662791e+01 9.817075881228798551e+01 1.066230993809286929e+02 1.139021439900076302e+02 1.056264665737643043e+02 1.036522199689091366e+02 9.357627729290598495e+01 7.866845410063719157e+01 5.843244682615588914e+01 7.866845410060479082e+01 7.284574117067813859e+01 5.446323617406057593e+01 6.582247829335601352e+01 7.412299869439831923e+01 6.461401103195815665e+01 5.492717769406776540e+01 3.500586754614276686e+01 5.371071835863866539e+01 5.489251620432541046e+01 3.856365947595500643e+01 5.853849910406496093e+01 7.068316398421539759e+01 8.486482340090761056e+01 9.370388508900930447e+01 7.380386020041139261e+01 5.975662246950392387e+01 5.712661967224138948e+01 7.530565641914499508e+01 8.238975296920246194e+01 8.817964471441882779e+01 8.445933217093356404e+01 7.460511278765193310e+01 6.626598074462873456e+01 6.586497047009055450e+01
8.679420876628832104e+01 7.234149831349198223e+01 8.238274263373112660e+01 1.033161254965187652e+02 1.146731666026834375e+02 1.064063124924040551e+02 1.056264665737633237e+02 8.552601742313214572e+01 9.141330267445192703e+01 9.402146684587792436e+01 7.484585348871475219e+01 5.470047848372851718e+01 6.964644720919353915e+01 6.450856031493982812e+01 4.459490100789388833e+01 4.259471805399216748e+01 5.973317646502876244e+01 5.450898952898872807e+01 3.640568505906892938e+01 4.918420005461447175e+01 6.336178501422091358e+01 5.853849910354467312e+01 5.853849910406496093e+01 4.243109713892074808e+01 5.650150456776133012e+01 7.480358544371821949e+01 8.899792329179383898e+01 8.788508920824698123e+01 7.963244254447400294e+01 7.116931127114121125e+01 8.524810179941974297e+01 1.021909173595543621e+02 9.065257342529571361e+01 7.051539853322512386e+01 5.614714472576699933e+01 4.571713435112433643e+01 5.526979849092188601e+01
9.975872951455525595e+01 7.841587788368983070e+01 9.975872951455525595e+01 1.119817265027343041e+02 1.064063124924040551e+02 8.635226996685676681e+01 9.568697587251327263e+01 8.929218625445938073e+01 7.114931786612994813e+01 7.378749138981473266e+01 7.650743994615865518e+01 6.964644720844904668e+01 4.963251801135575647e+01 4.751697855364187717e+01 6.348313721206105242e+01 5.244526007767106535e+01 3.978366599825326944e+01 3.781079165050378066e+01 5.641960079291470720e+01 6.473072037264930145e+01 7.753937280126746145e+01 7.858078624050192218e+01 7.068316398421539759e+01 5.650150456776133012e+01 4.652761858396063843e+01 6.060924759564271369e+01 7.808349097819861129e+01 8.638437703533585932e+01 9.537141627359548579e+01 9.106669725003469296e+01 9.371542894470010765e+01 8.548919184372887514e+01 8.375849401930348392e+01 7.918371956940511325e+01 7.091666031388400881e+01 5.527979108895105753e+01 3.413704785642104866e+01
1.084719496194708768e+02 8.898965883623374395e+01 1.084719496194708768e+02 1.226978694349977985e+02 1.027448686168625898e+02 9.568697587251327263e+01 7.546487551965745411e+01 6.897350812071590553e+01 6.309082671790408625e+01 5.943454273220365991e+01 5.630794454817569772e+01 5.347398415192350996e+01 6.964644720919353915e+01 6.157958125362462454e+01 6.499481506434830180e+01 6.476209965020350978e+01 5.891533590048584301e+01 3.895722021454471928e+01 4.367758057288956763e+01 5.017615616267654843e+01 6.620091357433702228e+01 8.751414643876987043e+01 8.486482340066952190e+01 6.649301431616810021e+01 6.649301431616810021e+01 5.094196299545678386e+01 5.796261386218915135e+01 6.695186691472341067e+01 8.122144322584397003e+01 1.012550943179326026e+02 8.548919184372887514e+01 6.547687744399874532e+01 6.366224741082366023e+01 6.366224741082366023e+01 5.060131447503059832e+01 5.514495716677095061e+01 4.618247230830897365e+01
1.191271683096901768e+02 1.105278001929177663e+02 1.191271682925204232e+02 1.309675182065744252e+02 1.118900566403357431e+02 9.187903878998758955e+01 7.755410889542001485e+01 7.030479019495396642e+01 8.342668910994967746e+01 7.971388559053343670e+01 6.449759291839964703e+01 7.359189392038538813e+01 7.359189392006808816e+01 8.175425457823209285e+01 8.304367874888899337e+01 6.696830003922485730e+01 4.060460317135269293e+01 4.981147612906816846e+01 6.091928324834761810e+01 7.214976886139280055e+01 6.690760869179504766e+01 8.915464486059278215e+01 9.486707897091622499e+01 8.172536027446463436e+01 6.160333744251884269e+01 7.096968665075269200e+01 5.678684634260925890e+01 7.689573232670353775e+01 9.537141627359548579e+01 9.897573882535127154e+01 8.548919184372887514e+01 6.547687744399874532e+01 5.102929377464590743e+01 4.317392301295738832e+01 3.863577801838192016e+01 3.455263041197387963e+01 4.759072940788583850e+01
1.135502995083260913e+02 1.218028077447191464e+02 1.272448457361111736e+02 1.245061793293836274e+02 1.045583378101358250e+02 9.038245055208381018e+01 8.691814208075156500e+01 8.209801948977978725e+01 9.890215205975438550e+01 9.311374425796483933e+01 7.625444295133777928e+01 9.311374425796483933e+01 9.378845481886393998e+01 8.862204838694803755e+01 7.456416706822352580e+01 6.631337653009397570e+01 6.079126209898573308e+01 4.224865692154550345e+01 5.704499765886961882e+01 7.834906415964844939e+01 8.805429447550530142e+01 9.761687091861638521e+01 9.591906318208511095e+01 7.584613602983374392e+01 8.172536027446463436e+01 8.128918098953305105e+01 6.114203702850362987e+01 7.541423059762463765e+01 9.547256590394765396e+01 9.075655545549103920e+01 7.084830321149858889e+01 6.072608239229169413e+01 5.295135508674887603e+01 6.362717584180480657e+01 5.886538377834228442e+01 4.962597623587980422e+01 2.897193398041880741e+01
9.360749271385205361e+01 1.102921185842776310e+02 1.074287817903786078e+02 1.214602297525727010e+02 1.186677280595094857e+02 1.104009253191681523e+02 1.011493028841630633e+02 1.022217148817217804e+02 1.104952888268803690e+02 1.047449416435050296e+02 9.645690659814350454e+01 9.466969334577714790e+01 8.637760493903780912e+01 7.748207625020906164e+01 6.050628576082621635e+01 4.703168215728134527e+01 4.507137688924362351e+01 4.366024157372097392e+01 6.292867280440260913e+01 6.893197629461710108e+01 7.921098558502355047e+01 9.374299731108035871e+01 1.041920009113486856e+02 9.591906318208511095e+01 1.007397944065922530e+02 8.080732214066017605e+01 6.652500583040040283e+01 7.761057363914200380e+01 9.764407884834020024e+01 9.897573882535176892e+01 8.903118859537951835e+01 8.080242933349492773e+01 7.321428344191264159e+01 6.179114333449437879e+01 4.799968452655862450e+01 3.157805892599505526e+01 4.962597623015049209e+01
8.197462103259539390e+01 1.007091423470754563e+02 9.343117455056535903e+01 1.132327725429098138e+02 1.276650036957896219e+02 1.193809197343249480e+02 1.211259907136828957e+02 1.187241560356142571e+02 9.875186487443541239e+01 9.875186487442121575e+01 9.875186487179375661e+01 8.637760493903780912e+01 6.634827035343792545e+01 6.920627650622466831e+01 4.980010046502526677e+01 6.631337654077154298e+01 6.431260717819048978e+01 4.506166009093643510e+01 5.434784661027109109e+01 7.099175690432832653e+01 6.660302715100169735e+01 8.630502813780096005e+01 9.484840318946616833e+01 1.043744579026527362e+02 9.926374373212583180e+01 7.931260190657849307e+01 7.553837801690862364e+01 9.475852294338952220e+01 1.058818096128571682e+02 9.574898797420033247e+01 8.576390501332178928e+01 7.750717631082959258e+01 6.989231025730171609e+01 5.479282218718446273e+01 3.422076361049405335e+01 5.217927766317743021e+01 6.055743826923101381e+01
