MOVIE_S10_data/elevation_000599.asc
nrows	100
cellsize	150.0
xllcorner	0
ncols	100
yllcorner	0
NODATA_value	-9999
[rows 17 to 33 of 100, columns 37 to 73 of 100]
6.000917615407719552e+01 6.292813616999868032e+01 4.173715110780836568e+01 6.333438307796355105e+01 6.808836102329694029e+01 5.978742181824429736e+01 4.241829233825139767e+01 4.868106007242688094e+01 6.738572852296472604e+01 6.954593982110918660e+01 5.268373058529770958e+01 7.286346824767966268e+01 8.582730749534658798e+01 9.997248167177278333e+01 9.755857139992245664e+01 1.045873191813359711e+02 1.127867956816436532e+02 1.242120817016531760e+02 1.144273635424090969e+02 1.062083509219633441e+02 1.052268430807248478e+02 8.709714048998404223e+01 1.052268430807248478e+02 1.028981419889429674e+02 8.304176374519076376e+01 8.885756228298077986e+01 7.132409000484554440e+01 9.051528552203713218e+01 8.979983033237606094e+01 8.155694221248427311e+01 7.449687835884988374e+01 5.896474040414223339e+01 6.264037900156984051e+01 5.769151099818493122e+01 5.218293109412856268e+01 3.157020827840532817e+01 3.480155460158985647e+01
5.632373154158884887e+01 7.198978022708304536e+01 6.340340856794535540e+01 5.281608840167383079e+01 7.399072873421692975e+01 7.073997699907437209e+01 6.243883916867975614e+01 4.518411279332206476e+01 4.726715204164364081e+01 4.939683787552226590e+01 6.954593982110918660e+01 5.756887252645000785e+01 7.776070758399119143e+01 9.048285242791943972e+01 9.680357737055244627e+01 1.038347227533957096e+02 1.120340469968371622e+02 1.234598772023513789e+02 1.316114094859993600e+02 1.235734028167559870e+02 1.151423066752925166e+02 1.069198793401782410e+02 1.151423066752925166e+02 1.112350072928192048e+02 1.028981419889429674e+02 9.939073934127355869e+01 8.272257443601687044e+01 9.304909373861086408e+01 7.314410340707949842e+01 6.158806610642447765e+01 5.445125834479171090e+01 4.831774520743790902e+01 4.237288557447868698e+01 3.728358504092394554e+01 3.457559004531096747e+01 5.219711660809716847e+01 5.533840830698375868e+01
7.640752415439646938e+01 8.470852963358392174e+01 8.247622062499583251e+01 6.365274257664061253e+01 8.247622062499583251e+01 7.533951090745452461e+01 5.519057885571000810e+01 5.937050151496236339e+01 6.738569237521814159e+01 5.574640868982857000e+01 7.592786524248208480e+01 6.248142536119999590e+01 6.497257840845810506e+01 7.040219566519211014e+01 7.681569008839515789e+01 8.394764043452796898e+01 9.547242331116220271e+01 1.152578362255391085e+02 1.235734028167559870e+02 1.043611223433964028e+02 1.099882690119855084e+02 1.114744149758456615e+02 1.194760748418289467e+02 1.260905616739572821e+02 1.180713026162656973e+02 1.108900721156140179e+02 1.025680959426440211e+02 1.012905821698577569e+02 8.979983033237606094e+01 8.155694221248427311e+01 7.449687835884988374e+01 6.215019086741368426e+01 4.187045556561356108e+01 5.772478981531050835e+01 5.514181083051343535e+01 3.949880478589866328e+01 5.986474403389753718e+01
6.365040092996847676e+01 8.376873161089633868e+01 9.277112261676546723e+01 8.432871489179315461e+01 9.277112261676546723e+01 8.361458475844298732e+01 6.421814537093571573e+01 7.949568478981525743e+01 6.743136484429520294e+01 7.592787492838270680e+01 8.420232173713657176e+01 8.265304362842759645e+01 6.990023379474949650e+01 8.998809253936198616e+01 9.048285242791943972e+01 1.038347227533957096e+02 1.120340469968371622e+02 1.213668561596971358e+02 1.235734028167559870e+02 1.043611223433964028e+02 9.062262998089154564e+01 9.212919929752968073e+01 1.083117596513407364e+02 1.149539327224632927e+02 9.881150328809044936e+01 1.149539327224632927e+02 1.044962737345716874e+02 9.301106815396350669e+01 8.477037382697099588e+01 7.846599571145458185e+01 6.677568601711348606e+01 4.661362009573448262e+01 6.215019086741368426e+01 7.042910834891854677e+01 6.328775510784164027e+01 4.303694849595490268e+01 6.328775510784164027e+01
8.046090319905520971e+01 9.205843422870488268e+01 9.220170863368528558e+01 9.438978393442721426e+01 1.026628326813426639e+02 9.258571817028183659e+01 7.848467042797075521e+01 9.258476771622221690e+01 7.754077236735817280e+01 9.577010214234968544e+01 1.040655064030404020e+02 8.415703679388731473e+01 8.156435021177202316e+01 8.156435021177202316e+01 1.014951385537841588e+02 1.185634164275648033e+02 1.157656697263952310e+02 1.022417919378131046e+02 1.157656697263952310e+02 1.139672625800762802e+02 9.464654123058961943e+01 8.072948557022985483e+01 9.338430107619586806e+01 9.723419888079114060e+01 8.751674547197676191e+01 1.069516522896055477e+02 9.625454032051641207e+01 7.636338047111567562e+01 6.483417975101900765e+01 5.846844364184499199e+01 5.262593451842825942e+01 5.227099834368706155e+01 7.234252625165993322e+01 7.964138578664638146e+01 5.961236048414811961e+01 4.953129226877280189e+01 4.969807877447765065e+01
9.054941384092443002e+01 8.225715649820608633e+01 7.210030385000668218e+01 7.430162273720522137e+01 9.230379544182464713e+01 1.005749429953689571e+02 9.846552784301739791e+01 1.057400536532812509e+02 9.752767860541140976e+01 1.057400536532812509e+02 1.122710550339259896e+02 1.040655064030404020e+02 9.569316914726111634e+01 9.311922527192383825e+01 1.097006368229016573e+02 1.182561436515332360e+02 1.071366173955241123e+02 8.847821031205751297e+01 1.071366173955241123e+02 1.071904539954386166e+02 1.083117596513407364e+02 9.338430107619586806e+01 7.364676975166148054e+01 7.758605186370220963e+01 9.723419888079114060e+01 1.149539327224632927e+02 9.883562977808718131e+01 7.894435405376978565e+01 8.210624094063489053e+01 6.213816501160854244e+01 7.269319967619323108e+01 5.837378938089641167e+01 7.837230583828873876e+01 8.790307014092714155e+01 7.632588735491161458e+01 5.629756326636596953e+01 5.463005410865890354e+01
7.893770036233999576e+01 6.210664077898763225e+01 5.781903148673234227e+01 6.455170850413728090e+01 7.220178391215348768e+01 8.644608339536338804e+01 1.064455633088676763e+02 1.072011610109721289e+02 9.894416621478114848e+01 9.989599003762121754e+01 9.840482573772112573e+01 1.066672053954235082e+02 1.155023317834859284e+02 1.129368488767008500e+02 1.211401186360945132e+02 1.103353093574700239e+02 9.101897814283050536e+01 7.961124541102996943e+01 9.083758746438982712e+01 8.779013642444644461e+01 1.014584272986255655e+02 8.885620084258452778e+01 6.903060186664565379e+01 8.885620084258452778e+01 1.027765750296407106e+02 1.108029676954217564e+02 1.070777822541570288e+02 9.883562977808718131e+01 8.210624094063489053e+01 7.110003526171794874e+01 8.501721169743115070e+01 6.508249412000375855e+01 8.501721169743115070e+01 8.783864318556243234e+01 6.789796515174046476e+01 7.632588735491161458e+01 5.984956029604740735e+01
6.455189847395656955e+01 5.048685311024056688e+01 6.472548651325816138e+01 8.470594924758707123e+01 9.230379544182464713e+01 1.005749429953689571e+02 9.945612508452931877e+01 9.564417810907761464e+01 7.888616089882272320e+01 7.984121558408313035e+01 7.834064417220844234e+01 9.255426061224225975e+01 1.125293394111991461e+02 1.216190600653153382e+02 1.118959598999802267e+02 1.038167216308488747e+02 1.045941573548179946e+02 8.513942964404130009e+01 7.108053201736299798e+01 7.377430379400639993e+01 9.167061156620259510e+01 8.540500704493565820e+01 6.553645561694938237e+01 8.540500704493565820e+01 8.322925396690828848e+01 9.405741711831609564e+01 1.020964124855190960e+02 1.102500377031812917e+02 9.925170908766152422e+01 8.260354858462568473e+01 9.325791188222402184e+01 7.507162456345083967e+01 9.325791188222402184e+01 9.609508023347929395e+01 7.942250896555633233e+01 8.688273193480857515e+01 6.695430886074680643e+01
4.449423576488591436e+01 5.603840457875242009e+01 7.618154740976922312e+01 9.314991421142788397e+01 9.701715586836591854e+01 9.355728771949550548e+01 7.939245652844620338e+01 8.665037090541832754e+01 6.720892938532252003e+01 6.554596089067167952e+01 8.571512311088456215e+01 1.055669831380291015e+02 1.170962250546802608e+02 1.135154634406404313e+02 9.411797982105737503e+01 8.427195722428234603e+01 9.404433942756566012e+01 8.856994594739632021e+01 8.362333083891195429e+01 6.376658292484079738e+01 8.362333082980380539e+01 8.209358180693779161e+01 6.221384057714515592e+01 7.753285638354788034e+01 7.175123549185815364e+01 7.434959718351898061e+01 8.835984597303794885e+01 1.078125706498566956e+02 1.107372408659474132e+02 1.024944870639187826e+02 1.032043226921694981e+02 9.496279883141149014e+01 1.032043226921694981e+02 1.075974529483837330e+02 9.933529633175032814e+01 8.322916789471770471e+01 7.847078438481774754e+01
5.928449819029350465e+01 7.287195934727076008e+01 8.448539424898731909e+01 9.111288768897713908e+01 7.693720078374710170e+01 8.526896899304368560e+01 6.511005831945404054e+01 7.251935441775924573e+01 5.815100536542956888e+01 7.835042443697452086e+01 7.723177315528658937e+01 8.885546523777716743e+01 1.088439540638545253e+02 1.216190600653153382e+02 1.118959598999802267e+02 9.404433942756566012e+01 7.430613303274952841e+01 6.873834734303336802e+01 7.948291268272772925e+01 5.963856295487580894e+01 7.387693578244486048e+01 8.187859438643343424e+01 7.374893571977875695e+01 5.768987109649117428e+01 6.365597913268943842e+01 8.352314425634415329e+01 9.405741711832222052e+01 1.134685909876982493e+02 1.065748623079413591e+02 9.838868900678900786e+01 1.009466609633565639e+02 1.013505481019414987e+02 9.316766081154899837e+01 1.013505481019414987e+02 1.114036367386581645e+02 1.031392276557943291e+02 9.837366598339831114e+01
4.738403817874455370e+01 6.155201932165872591e+01 8.166797574609007881e+01 8.281848346183983267e+01 6.265850121224467983e+01 7.006819116229219446e+01 6.762450738344108458e+01 5.233738307379805121e+01 7.251935441775924573e+01 8.665330817579925338e+01 9.730359465942488839e+01 9.705381216086803420e+01 1.053185796374403509e+02 1.153060724299978403e+02 1.135293144130767899e+02 9.404433942756566012e+01 8.731449078427921506e+01 6.746110588672547692e+01 6.143519669419470119e+01 5.771760134947585641e+01 5.412566586443046646e+01 7.014425931662043467e+01 5.400174891527914411e+01 7.361732986655019317e+01 8.352216521741995336e+01 9.160910196141338702e+01 8.928560258965293883e+01 9.754753582044408233e+01 9.515657822196054383e+01 7.860589255914692330e+01 8.117655666951969806e+01 9.145020741405440390e+01 7.334815595609320837e+01 8.917313018307305583e+01 9.736284548759573454e+01 9.628353456635146301e+01 1.046908705256749670e+02
6.417379871464873986e+01 7.174606866221178336e+01 7.809737088158586005e+01 8.629585884936430773e+01 7.006819116217124588e+01 4.991584242291752815e+01 4.748962801524071864e+01 6.762450738306688436e+01 7.251935441760814172e+01 9.263292415733380381e+01 8.701729964909564785e+01 7.698078713732321887e+01 8.705717690736240399e+01 1.070504474143737355e+02 1.109163770043865611e+02 9.145167854938586061e+01 7.747622483545424643e+01 8.731449078427921506e+01 8.132649736195497780e+01 7.572897020060753448e+01 6.761207421236937876e+01 5.052894040835921885e+01 7.014425931661996572e+01 8.187326561030475602e+01 8.088413479652214733e+01 8.597374699361553496e+01 6.919765899756424687e+01 8.597374701925089369e+01 8.696708615241925600e+01 6.716121587520967751e+01 6.716121587520967751e+01 8.108993301456371228e+01 6.345308231825091383e+01 6.937342162991535588e+01 8.917313018307305583e+01 7.625187488291030036e+01 9.308069917200683108e+01
5.172227508699891985e+01 5.172001145861749194e+01 5.802573369776931855e+01 6.817219462504844785e+01 5.984754519075628565e+01 4.288073375233414453e+01 4.608832621836086219e+01 6.620692745207297492e+01 7.459999562340240686e+01 7.841928206703035187e+01 6.685316106401657521e+01 8.701729964909564785e+01 1.053185796373689556e+02 1.153060724299986504e+02 1.109163770043865611e+02 9.145167854938586061e+01 9.715275673310422633e+01 9.503987683691914867e+01 7.565522904578578789e+01 6.756493030463595062e+01 4.809762944683575370e+01 6.761207421236937876e+01 7.825431529822176913e+01 7.483736566148128588e+01 6.075687879398479652e+01 7.461485164955507798e+01 5.759818253537429911e+01 7.760103842654251594e+01 9.319437448978163729e+01 7.553216161633748982e+01 5.587663783256993355e+01 6.137733051777497906e+01 5.552378556173837154e+01 7.517262199961793101e+01 7.320237979423400532e+01 6.477217737657463204e+01 8.471825045580183655e+01
3.194215281898497949e+01 4.172759245762014757e+01 5.532523150768651732e+01 5.685008969472566065e+01 3.985218585782556033e+01 5.984754519095662317e+01 6.620692745207297492e+01 5.085596103906153331e+01 5.440091513711485049e+01 5.820951310311149030e+01 6.834391860208029357e+01 8.002036594009088333e+01 9.422275069456311769e+01 1.141889897983603674e+02 1.190198769918066262e+02 1.109163770043865611e+02 9.988777170545027673e+01 9.161284574666233027e+01 7.569123936579772760e+01 5.601267386607344889e+01 4.641585971236949604e+01 6.346083569310839323e+01 7.115152141258813856e+01 6.590913025286002380e+01 4.711811985475205944e+01 6.090762708574920481e+01 5.046080812660414949e+01 6.994401768889350990e+01 7.924051407555276683e+01 6.528665366132395320e+01 6.715101811410083599e+01 4.775548343388111050e+01 6.715101811424952416e+01 7.320237979423400532e+01 5.334790997409923108e+01 7.320237979423397690e+01 7.581131513614860751e+01
5.172212773571028066e+01 3.399466992699303347e+01 3.545522998768005607e+01 3.693365488544610997e+01 5.685008969483398289e+01 6.817164977700677753e+01 7.934858566246660416e+01 7.102926966274759479e+01 6.870064096234628437e+01 7.841928206703035187e+01 6.727493877620534590e+01 8.156509070387193105e+01 1.016070182714886414e+02 1.107944148579500165e+02 1.009888883997923443e+02 9.291239315693900380e+01 8.536545122260892526e+01 7.161540634780301673e+01 7.552451388924353637e+01 6.646636211825999396e+01 4.740701756276695278e+01 4.408440042514249058e+01 6.132772532587166125e+01 5.789827340350981899e+01 3.868595349735046796e+01 4.190541209761114771e+01 5.481849610311572718e+01 7.355431277591202388e+01 6.944574953271929019e+01 5.153661706921933927e+01 5.850841354192765920e+01 4.420901222941945008e+01 6.348560659215034718e+01 6.692384515756414487e+01 4.713515915617355034e+01 6.692384515756363328e+01 5.594181494171716196e+01
5.815545988687343737e+01 4.794931369130223686e+01 4.945976327396925143e+01 5.665596343888826425e+01 4.005286540696360476e+01 6.005224684146642744e+01 6.335157439704271809e+01 8.348107237734083697e+01 8.884229765537314449e+01 9.571656087714637806e+01 8.156509070387193105e+01 8.156509058079167573e+01 1.016069016432643082e+02 1.027645213180748840e+02 8.306028368815358931e+01 7.294511572232579510e+01 6.539589702991921172e+01 6.023380388234107130e+01 5.610468189656260307e+01 5.234279850679619273e+01 6.668242029897571399e+01 6.126385861074826522e+01 4.201833737789797851e+01 4.063180781879173509e+01 5.584069313674783785e+01 3.678332244250011485e+01 5.021914650352513121e+01 6.961803553601822614e+01 6.129339795141361691e+01 4.204804429856115178e+01 3.937326710455284484e+01 5.028633758385998220e+01 6.973955152467127050e+01 6.143545115355882302e+01 4.172370951733349642e+01 5.446629806357202597e+01 4.459294227691517420e+01
6.242733754805855284e+01 6.801870298490756284e+01 6.970465341582959695e+01 6.816711470669436324e+01 6.005224684146642744e+01 4.328254836739181144e+01 6.335157439704271809e+01 7.547805824092283444e+01 8.656938984107573276e+01 9.566598975896249613e+01 1.016070182714886414e+02 1.016069578393867374e+02 1.098668226027754855e+02 1.107931092596936224e+02 9.936556431194810557e+01 7.956638286895844203e+01 8.536544947225637259e+01 7.161259459791904192e+01 6.987336244952359721e+01 6.608477761703082365e+01 8.005639740555804451e+01 6.644773210821948339e+01 4.705070907334597052e+01 5.989546048888529839e+01 5.461851176621523507e+01 3.548958650950658722e+01 5.276072583146227402e+01 5.149010823256945457e+01 5.022812815457918845e+01 3.495493064530523242e+01 5.399821636152985604e+01 6.663474215889168306e+01 7.791110872900068784e+01 6.971490260767291147e+01 5.446629806357266546e+01 3.487036029217408384e+01 5.446629806357266546e+01
