MOVIE_S10_data/elevation_000710.asc
nrows	100
cellsize	150.0
xllcorner	0
ncols	100
yllcorner	0
NODATA_value	-9999
[rows 17 to 33 of 100, columns 37 to 73 of 100]
3.869520702052719230e+01 4.579501813158722712e+01 6.035320504818111687e+01 8.060590040449513083e+01 7.637097065459460055e+01 6.225938821916938792e+01 5.149340036777700647e+01 7.155798428864113703e+01 7.680153319194559458e+01 6.973607275230364166e+01 8.515471366816143473e+01 7.231570392206202769e+01 7.773226124927293768e+01 8.921507921186362466e+01 1.088361429497353186e+02 1.117864658425798012e+02 9.490448710386512232e+01 7.510625807933634235e+01 8.605044991727400827e+01 6.863233029830843179e+01 7.445728849985243869e+01 9.262640151647428866e+01 9.101543181398328386e+01 7.133506847991296240e+01 5.997121419168121292e+01 6.414149119194556192e+01 8.361328603853183949e+01 9.685576859628999102e+01 1.127105102930213008e+02 9.399610647337591729e+01 7.391117192495477184e+01 7.979391305449931338e+01 7.342446058703787060e+01 6.784522182130925216e+01 5.687175460263720339e+01 3.694200678355961287e+01 3.287163137083950204e+01
3.628797885861555272e+01 5.891498161518161680e+01 6.628508200826836116e+01 8.646675919288377088e+01 9.048255309001979185e+01 7.978945999407430634e+01 6.310403343538583698e+01 5.521495116044183504e+01 5.797346464166229651e+01 6.082139805231537366e+01 6.534767125738855498e+01 8.541621988675122168e+01 9.750791647537846529e+01 1.056589956890849038e+02 1.170036244713244571e+02 1.089873062261709578e+02 8.907119242695884509e+01 8.497173544560158120e+01 9.542671009216213918e+01 7.563037425052992546e+01 9.426742574215191439e+01 9.426742574215191439e+01 9.916563501844170503e+01 8.473859277521798106e+01 6.504211463554126738e+01 8.361291332141732369e+01 7.502742521734622017e+01 8.850851793178448190e+01 1.079831644989076835e+02 1.023227263671407030e+02 9.399610647337591729e+01 9.122052231753960427e+01 7.113377871886849846e+01 6.942612209063490525e+01 5.688233627915897017e+01 3.690515632535246482e+01 3.678804159227992443e+01
5.048442664770826127e+01 5.497182598207784565e+01 7.052412446677722357e+01 9.079045409506173314e+01 9.162968524650948154e+01 9.131300086325516929e+01 8.310461405245540334e+01 6.529004311050451292e+01 7.803215655933055928e+01 8.093441465469533114e+01 6.679613189571058740e+01 7.172472718193837693e+01 9.168923683179211537e+01 1.073667235651992655e+02 1.172371331588261540e+02 1.173334364139057158e+02 1.089873062261709578e+02 9.638098713629008785e+01 1.037266707167326416e+02 8.549201079181511886e+01 1.037266707167326416e+02 1.142429895906587944e+02 1.007939489595510167e+02 8.113025910016257569e+01 7.128188984645146320e+01 9.096145934938948585e+01 9.421250985008349232e+01 1.023179419658874139e+02 1.086054504002165402e+02 8.851360795411358140e+01 8.851360795411358140e+01 8.827546400196541754e+01 7.113377871886849846e+01 5.108811068949826506e+01 4.107915529248189301e+01 5.688233627915897017e+01 4.116476123513124463e+01
4.951802914844549974e+01 6.232692566158785752e+01 7.649081139387654105e+01 7.534476355897319877e+01 7.168481092868586302e+01 9.162968524650948154e+01 9.347868386236952176e+01 8.527008219683330026e+01 9.347868386236528693e+01 9.505367632575901382e+01 7.690967255685676207e+01 9.168923682841970901e+01 7.936419887364424142e+01 8.931940020786059620e+01 1.032515509831323044e+02 1.230045867873041061e+02 1.247576892810374716e+02 1.163886933038170781e+02 1.136995373834576810e+02 1.053614093925091026e+02 1.136995373834576810e+02 1.215168109380965973e+02 1.089533502947909795e+02 9.911263292007390646e+01 8.265606995390555767e+01 8.520602599737640048e+01 1.048585235148341894e+02 1.079754284669580358e+02 9.792921353223886172e+01 8.851360795411358140e+01 6.846220811642562865e+01 7.583198920174869784e+01 5.984112791651904217e+01 4.562702125097918326e+01 6.111094470418333202e+01 6.530072460543676982e+01 4.571555120128878258e+01
3.404846797545496884e+01 4.816382668372219911e+01 6.264021975486903671e+01 5.525711603179852460e+01 7.223506986704649080e+01 7.780870958682892535e+01 8.536643219352639278e+01 9.358078136278676595e+01 1.050364150800097036e+02 1.049769625655892611e+02 9.678459146118076717e+01 1.049769616997016612e+02 9.084332428591993391e+01 9.192896541252987674e+01 1.058631146961131293e+02 1.256293057891085141e+02 1.154533668076181101e+02 1.071519099692715002e+02 1.045547782247972037e+02 1.128545608899899122e+02 1.156494754126455433e+02 1.014733534209426438e+02 1.156494754126455433e+02 1.104659819507265013e+02 1.023081867502375673e+02 1.048586053117290930e+02 1.130230460135611281e+02 9.965017530094799270e+01 7.956044164456805845e+01 6.952551137011695914e+01 6.248390516257095584e+01 5.590008929037853846e+01 5.095931634589630477e+01 5.184818288633605476e+01 7.203453618801856351e+01 7.068888103486202112e+01 5.119764019308496472e+01
5.404014366120302526e+01 3.893799083709873798e+01 4.254982989593227671e+01 4.689629639455569787e+01 5.209451882694126823e+01 5.771266578619098908e+01 6.537057769819385555e+01 7.697595779211309264e+01 9.682803337566005553e+01 1.095910094968359232e+02 1.117772879556745096e+02 1.187661808575624320e+02 1.105639482858181424e+02 1.116524980287932607e+02 1.198561330563630065e+02 1.205453675587942115e+02 1.071519099692715002e+02 8.726777852620398335e+01 8.470015435202574849e+01 1.013605463113454164e+02 1.067302195006734564e+02 8.744435475729811458e+01 1.067302331175696679e+02 1.130911232660351970e+02 1.047996105969253762e+02 1.022067506434286486e+02 1.104960168225024404e+02 1.079754284669580358e+02 9.792921353223886172e+01 8.960530847275806821e+01 8.153514921591929010e+01 6.154312309439039552e+01 5.975755295485190999e+01 5.882415482138594598e+01 8.062419453485490806e+01 6.788877413055956822e+01 5.776691826814094810e+01
6.725655491655525964e+01 5.897223318326476260e+01 5.676063005523883476e+01 6.116362247307201727e+01 6.336011334231987036e+01 7.780870958682892535e+01 7.415553871262832786e+01 9.358078136278676595e+01 1.037040476030920644e+02 8.955667254021673784e+01 9.174940987189867769e+01 1.117772879556745096e+02 1.100736755991774061e+02 1.183388250131314976e+02 1.175907136131872903e+02 1.076063917099110228e+02 9.232326416676939118e+01 9.232326416676939118e+01 7.338382183360158706e+01 9.309170487691440599e+01 9.844457817395010579e+01 7.866933948152987455e+01 9.844457836627179859e+01 1.047996105969253762e+02 8.492277123420737439e+01 8.235365875083229525e+01 9.542957866230300112e+01 9.543040229734434376e+01 1.037058071890729565e+02 9.572795245403220576e+01 7.565629762660014990e+01 8.153514921591929010e+01 7.009595273487931877e+01 7.175048541451729989e+01 9.015381802904410335e+01 7.757885999379995212e+01 7.210498817722341869e+01
7.030411146675818657e+01 7.853155994495197945e+01 7.683480494890535795e+01 8.120908306894553164e+01 8.338529121559113833e+01 9.161518383373487495e+01 9.406345592021838797e+01 1.022775218058812214e+02 9.542459397823418499e+01 7.538959354337535501e+01 8.986291429208695547e+01 9.590591268195390739e+01 9.003743313315335683e+01 1.100736755991774061e+02 1.092805831638535778e+02 8.935078671976320663e+01 7.953813235404911097e+01 7.262347451706742163e+01 6.716350855527636554e+01 8.117377438410669299e+01 8.413938233128345701e+01 7.246850214241219135e+01 9.219109870273719309e+01 1.096443360846378567e+02 9.074456269499179939e+01 7.098191077282821482e+01 7.562886425995462503e+01 7.562887482742608825e+01 9.543016312346665586e+01 1.040495823205037027e+02 9.572795245403220576e+01 9.788885284760932848e+01 8.959420867060379123e+01 9.370046471028516066e+01 1.021780560780486979e+02 9.748694510996463691e+01 9.228028421113714330e+01
5.033781714105963090e+01 5.930113616043973934e+01 7.082520326038522285e+01 9.065368440434301078e+01 9.702557622696366479e+01 8.878709314536790487e+01 9.702557622696366479e+01 9.637371882997874195e+01 8.834115164417292476e+01 6.835410764383804860e+01 6.986742431203586534e+01 7.586935018306056122e+01 8.743512431478072244e+01 1.074771937050018806e+02 1.175907136131872903e+02 1.076063917099110228e+02 9.931568494180845619e+01 9.232326416676939118e+01 8.117377519268841013e+01 6.142755417891228831e+01 6.441394483567286500e+01 7.834412309393016471e+01 9.813037577956811219e+01 9.208245036947700157e+01 8.150678015713383218e+01 8.142835923606432402e+01 6.164515404109749852e+01 8.142366135527005611e+01 9.309157330583130374e+01 1.045829036719131437e+02 1.064074112400020766e+02 9.816686725121546431e+01 9.717243792941242475e+01 8.895339581613815483e+01 9.717243792941242475e+01 9.614304219305719812e+01 1.043778968307403829e+02
7.030411146675818657e+01 7.853155994209461710e+01 8.742515586871266464e+01 9.887742911933514733e+01 8.707443926901028419e+01 6.887951053302406024e+01 8.707443926901028419e+01 7.638421745578376942e+01 7.638421745578376942e+01 6.209185051280299206e+01 8.202069337082691902e+01 9.588122596319530544e+01 1.041557205177494154e+02 1.157458203334387434e+02 1.154467410179713198e+02 1.071517803137272438e+02 1.042099164841336716e+02 8.436086891051004955e+01 7.737361319375952462e+01 5.756336447736686068e+01 7.737361319375952462e+01 9.237643100581779265e+01 9.208245036947700157e+01 7.224260700816093106e+01 6.750563965257053667e+01 7.676528348219727604e+01 5.691364254613704077e+01 6.504554435449767880e+01 7.647727188352703820e+01 9.630288688538271913e+01 9.498112371883453875e+01 7.841883715881078842e+01 8.729339014289982401e+01 6.923027120337617646e+01 8.217984499488341044e+01 7.639609934130983504e+01 9.614304219305719812e+01
8.299256382284451661e+01 7.485070911997965482e+01 7.762585855930585410e+01 8.576419531967098919e+01 7.883329341460739670e+01 5.894859146566758312e+01 6.910841858819337347e+01 7.204168432919946952e+01 5.648423069523128248e+01 6.198313384586139563e+01 8.191044701960254315e+01 9.913694868607421995e+01 1.107322754007959844e+02 1.102291546935682760e+02 1.019412224765209487e+02 8.726600042630904852e+01 9.913109308667425523e+01 8.436086891051004955e+01 6.460711395583351191e+01 5.461375041197015179e+01 7.448399143317176652e+01 9.141498476587837274e+01 8.823296142174463341e+01 6.836259475540887820e+01 5.598540711687648752e+01 6.717818089322935293e+01 5.238750776584476654e+01 6.652337652485438468e+01 8.633776124994872703e+01 9.755664698430443593e+01 8.613858147597248660e+01 6.701854992513678155e+01 7.909183350975725091e+01 5.929175086814953488e+01 6.240193179906601273e+01 8.217984499488341044e+01 9.764961959873483011e+01
6.455823180292587438e+01 5.506701265466110584e+01 5.773070957866774933e+01 7.762585563519760967e+01 7.180311349477986482e+01 5.191431541068181588e+01 4.919082177680501644e+01 5.213656892155913170e+01 6.619683928277747498e+01 8.191203041050403044e+01 7.085463241049919247e+01 8.238716583605021526e+01 1.024457597973334231e+02 1.019412224765209487e+02 8.211215239572862856e+01 7.588982457178423147e+01 8.168351468797816040e+01 7.109891553839779021e+01 7.174724389311010952e+01 5.182055471452212458e+01 6.339296704370488555e+01 8.317681231190356073e+01 8.125139354568646866e+01 6.828367756519814691e+01 4.832582592493951523e+01 4.712555460085025771e+01 6.717818089322935293e+01 7.232637402386808390e+01 9.216054141607955330e+01 8.933527970954980901e+01 6.958821263921070965e+01 5.809929789977167047e+01 6.906382027998600392e+01 5.167486951378087667e+01 7.160810570858278368e+01 6.963723710375941778e+01 8.942653102671960141e+01
4.642449839015378643e+01 4.339034049405108107e+01 6.355785914189976182e+01 7.051001288853377957e+01 6.226666120662711279e+01 4.560027013329651169e+01 6.472755271527604748e+01 5.671310679222960971e+01 7.655582267638641270e+01 9.443262770911358928e+01 9.085996423563219082e+01 8.498858780690642334e+01 1.050347208396595988e+02 9.935200169968619832e+01 7.955111175126225476e+01 6.819860440310046101e+01 6.192204451929831777e+01 5.705596046989891335e+01 5.263874201399642772e+01 4.913731412375668128e+01 6.913713404693541520e+01 7.583822217154595080e+01 7.331413665316131301e+01 5.385869078201756111e+01 4.216255383771210319e+01 6.231473254698583020e+01 7.541200821106656349e+01 8.631670178879532784e+01 7.841051717430629253e+01 8.631670178879532784e+01 8.306802847221993602e+01 6.326308731489423565e+01 4.907403909745762149e+01 4.658562745366391056e+01 5.334303076925451137e+01 6.747281410586059280e+01 8.726100216042814850e+01
3.386238668257379203e+01 5.391556255068882564e+01 5.762374187477682597e+01 5.918354842680745520e+01 4.233378845420386227e+01 6.226671700499666429e+01 7.333234502298206792e+01 6.296545496264394615e+01 7.606798261175427456e+01 9.495482533003988124e+01 1.058186226065460573e+02 1.050347208396595988e+02 1.133258420725502020e+02 1.076364413338568653e+02 9.617065354464844518e+01 8.791995255776949136e+01 8.168351468797816040e+01 7.689065416898051808e+01 6.074163823752233782e+01 4.649020194538439199e+01 6.349528978759767739e+01 5.591353603773347913e+01 6.003282227994049691e+01 5.833911919600674878e+01 3.928149010395786433e+01 5.946101698453278317e+01 6.556989858138227589e+01 7.388777450353005349e+01 5.959078619374942321e+01 7.686766371345703419e+01 8.601025079823799047e+01 7.727178146992656593e+01 6.176458423124331176e+01 4.164177727499641435e+01 5.593589432227215497e+01 7.583628646034868837e+01 8.832338602449469533e+01
5.391559179621293652e+01 3.603495453020405392e+01 3.758552494872095195e+01 3.914759000984891912e+01 4.141582207154193185e+01 6.145586233723913239e+01 7.299635107970073022e+01 7.981543099753241677e+01 7.265290802044145835e+01 7.981031638246086857e+01 9.036454260795547100e+01 1.086157529379749747e+02 1.172738985533413683e+02 1.057617867441096422e+02 9.749009160926887319e+01 9.049875464945689885e+01 8.426837291486479842e+01 8.882737192310719365e+01 7.478450249743271172e+01 6.349528975820449972e+01 4.336011265987900742e+01 4.158488438143582044e+01 3.985009633877636048e+01 3.815147218697500620e+01 3.648595744836340771e+01 5.463442710440826744e+01 4.483120264164621460e+01 5.827700649933655086e+01 4.980193916466792814e+01 5.892577981572406998e+01 7.811719748767778526e+01 7.552977033007584851e+01 5.865956770726911884e+01 3.852011201387404782e+01 4.865945763190099882e+01 6.027570161028923224e+01 8.011240221878919954e+01
6.279858705348883063e+01 5.021423684084489025e+01 5.762374585228175050e+01 4.732476017296570348e+01 6.145580523061724421e+01 4.468294730568127449e+01 6.473481395914829761e+01 7.638899937932407624e+01 8.859442005535025544e+01 9.807841174090174263e+01 1.058186226065460573e+02 1.164803606944038137e+02 1.089851856155981977e+02 8.907509875885516237e+01 7.771562123899684593e+01 7.076849000078577490e+01 6.451139805086734214e+01 7.619832701547399267e+01 6.781596846928545119e+01 4.778205635298284193e+01 6.349528957618927194e+01 5.591353603776500591e+01 5.418856803934203015e+01 5.833911919600674878e+01 4.876831341724756896e+01 3.449348461678339817e+01 3.312723436288344914e+01 3.824464113827433920e+01 4.275060196643170229e+01 5.681448458795530598e+01 7.604669928932311507e+01 6.731043086275141718e+01 4.729183242480372229e+01 3.563714787574608067e+01 5.575268766580341406e+01 6.302013209331355625e+01 8.289206658132006567e+01
5.698189037364286946e+01 7.023361261947506762e+01 7.561023821825152424e+01 5.736040299659836705e+01 7.299087476953108933e+01 6.473519232578438221e+01 4.806411434062091104e+01 5.952543223762278046e+01 7.983024712481089580e+01 1.007208083339009050e+02 1.015724010287739532e+02 1.015724010287739532e+02 1.097807917992183064e+02 1.057617867441096422e+02 9.749009160926887319e+01 9.015725556760571635e+01 7.040684033896688732e+01 5.635467529755479887e+01 5.252441112643316501e+01 5.943003036126460614e+01 7.604344002207587039e+01 7.583822231859122098e+01 7.414210012954976037e+01 7.704154246871219414e+01 6.289105789763787868e+01 5.462379697402605672e+01 5.125366467194347564e+01 3.123371892161684471e+01 4.944127326899813113e+01 5.769243370605700250e+01 5.940568774651286077e+01 6.075708828145010187e+01 5.298960577611978096e+01 3.293731378055893799e+01 4.295907945892587776e+01 6.302013209331355625e+01 7.459085562974392758e+01
