MOVIE_S10_data/elevation_000465.asc
nrows	100
cellsize	150.0
xllcorner	0
ncols	100
yllcorner	0
NODATA_value	-9999
[rows 34 to 50 of 100, columns 0 to 36 of 100]
2.064481644892168788e-02 1.643944485689709367e+01 1.749252834821333380e+01 2.808892785637987899e+01 4.756598153431680487e+01 6.554213706087473668e+01 5.787637369115547159e+01 4.957001913789493130e+01 3.549024868077560058e+01 4.068667905990493949e+01 6.070553409250364751e+01 6.733281775554964099e+01 4.732329380640194216e+01 3.320934883270397364e+01 5.281713000417904169e+01 4.452797064592535037e+01 2.844131690663800072e+01 4.255267331075984316e+01 6.254754674400604131e+01 6.349319663205540820e+01 5.288259493293588775e+01 7.295578958142874626e+01 7.081792821263398707e+01 6.145105286982924042e+01 8.157421228416751546e+01 9.389247736175421721e+01 1.021411944946012511e+02 1.078260202989071956e+02 9.966980473528957418e+01 1.078260202989071956e+02 1.032563744112744502e+02 1.116821170595572568e+02 1.119534658314064899e+02 1.099926418210347094e+02 1.182428212278668553e+02 1.128995034475929060e+02 1.045967258731616027e+02
2.905961989428186565e-02 6.923226306772605199e+00 2.840045261199423265e+01 3.726424398053259779e+01 3.726424397963782553e+01 5.189276225002767973e+01 6.017442732414308182e+01 6.380269294323322526e+01 4.703134601146725657e+01 6.070546941506437122e+01 6.903396969636989411e+01 6.261098628934163912e+01 4.261321751374715205e+01 5.318394768279272000e+01 6.148022538329737330e+01 5.126407204350995528e+01 3.129104319337193374e+01 4.540610623696630199e+01 6.540645254158539501e+01 8.127639065930225115e+01 6.707181019957489809e+01 6.707181017263185652e+01 8.716095456451409973e+01 7.568962984753035528e+01 7.788766033167087244e+01 9.797748738303793914e+01 1.031462248796748753e+02 9.491412477095624922e+01 7.982323698724293592e+01 8.897795590343019967e+01 8.312457019736808661e+01 1.032498092330167765e+02 1.127455591802295629e+02 1.209054513915326652e+02 1.230700237318814487e+02 1.126235785612603024e+02 1.041514195394884865e+02
3.542675937824442400e-02 2.003540647994005752e+01 2.909494945678638800e+01 1.726275359352360894e+01 2.433620970203192257e+01 3.189632842800375911e+01 4.603607045374190676e+01 6.603206693017425266e+01 6.705830235954105945e+01 7.537117508869371818e+01 7.677648068796558789e+01 5.674344639171152238e+01 5.674344639171151528e+01 7.091372931807832458e+01 6.838913671596174026e+01 4.838457269472192479e+01 3.426592410894053131e+01 5.424426440595869536e+01 6.779807819242836331e+01 8.531678109648021291e+01 8.716097240582416816e+01 8.716095456451409973e+01 9.547940015207345255e+01 9.578091297214689348e+01 9.797748738303793914e+01 9.625050583434439488e+01 9.491438551954014713e+01 7.500515704396106287e+01 6.980772558601033495e+01 6.895393463957482538e+01 8.895629681191442728e+01 1.039037796966511564e+02 9.303438544215434547e+01 1.095271363642934404e+02 1.025639949285629058e+02 1.008246123076014698e+02 8.372213174747831488e+01
3.411803931810562102e-02 4.506327243723997178e+00 9.095104266564256079e+00 2.064551246772989757e+01 4.064589739622979181e+01 5.189276225002767973e+01 6.017442732414308182e+01 6.238457171870571472e+01 6.238960537769957426e+01 7.072026296591134553e+01 8.508401224444516231e+01 7.677648068796558789e+01 7.677648068796558789e+01 7.432824016609178841e+01 5.430681489887579971e+01 4.277690715523719689e+01 5.424426440595869536e+01 3.950986243587275482e+01 5.949917048985328449e+01 6.528025684015707952e+01 7.828020771431810942e+01 8.659016793774127052e+01 9.661849248046436855e+01 1.003468707040637042e+02 9.041416134099240764e+01 7.638555066675796468e+01 9.041416134099240764e+01 8.083153844863636550e+01 6.087272578227482001e+01 6.140444569643288020e+01 8.137553570901208388e+01 8.410787743790160675e+01 8.152646771359844990e+01 1.013653013403817766e+02 1.025639949285628916e+02 8.214913453827523426e+01 7.208408878571074752e+01
3.327314952832965272e-02 2.003327314952797522e+01 2.909676248534310616e+01 3.738138962439994373e+01 4.892813197832030880e+01 5.632762051863135611e+01 5.651802638304266679e+01 4.234928199497738888e+01 4.234932335184389984e+01 6.238977145315774209e+01 6.637552594604966316e+01 6.649225018943936050e+01 7.474813864660326601e+01 8.263686692398005107e+01 7.033204229031829868e+01 5.032182874435059006e+01 6.779807819242836331e+01 5.949917048985328449e+01 4.527913933299925020e+01 5.160044668546449742e+01 5.826007842814586013e+01 6.825412343914806002e+01 8.830629267094943202e+01 9.215478123811460875e+01 7.225294167747296115e+01 6.226556908505153132e+01 7.280486017960676293e+01 7.481379154515221330e+01 5.488275872811399836e+01 5.477980444211966926e+01 7.471286051828441543e+01 6.996589316823343552e+01 8.410803013999289135e+01 1.039176199849879936e+02 1.055579855576135770e+02 1.008246123076014698e+02 8.329043787515803388e+01
6.779948344387334846e-02 1.420993622748942720e+01 3.421025408584462468e+01 4.833440611457133684e+01 4.003085885593585402e+01 3.630502351988782550e+01 3.878530540219651357e+01 2.820849662350782694e+01 4.821794514354770911e+01 5.417852998696982070e+01 4.643605721204958314e+01 4.648016838423831842e+01 6.649225018943936050e+01 8.288308252276260646e+01 7.863985836621597514e+01 6.446002859794096196e+01 7.033204229031829868e+01 7.194928674891207265e+01 5.194219702269702310e+01 6.563683095058047456e+01 7.828020771448824178e+01 8.659016794079258261e+01 9.661853218538591648e+01 1.003468864754203480e+02 8.688575119017266957e+01 6.697222104801078046e+01 5.289735828836448661e+01 6.499665782611175757e+01 4.940108781609630029e+01 6.928471785160060392e+01 6.180822745863589063e+01 8.176842663765755503e+01 9.808994498400015516e+01 9.958123862713111407e+01 8.515239562834383946e+01 9.265591330470603282e+01 9.024470227420324875e+01
9.516927588586144779e-03 1.875854319901670308e+01 3.449569963037546216e+01 2.862292430487323358e+01 2.004383046649907740e+01 2.218271872587264326e+01 1.880954814044889645e+01 3.878530543608079029e+01 4.019261102319946843e+01 3.581809755901585390e+01 3.228166655092642401e+01 4.681594521918938057e+01 6.809337253800003964e+01 6.290334341412665964e+01 7.703649668662322370e+01 8.450833738489630775e+01 9.038784594843974673e+01 8.025534912180798131e+01 6.087772812810018763e+01 8.025534912180798131e+01 9.382083389460305511e+01 9.379669742665844012e+01 9.578351357065542970e+01 1.037543102754033555e+02 9.156561718229377789e+01 7.902586334454716166e+01 5.916377999097144169e+01 4.514961160754450731e+01 6.499682291504201714e+01 7.751457770742334219e+01 8.176926266704221291e+01 8.998115967419619210e+01 8.953123211792460268e+01 9.112905454451497178e+01 7.091575734162786659e+01 7.241878664633382812e+01 8.676405138551849916e+01
1.945935296826603253e-02 2.001945935296791035e+01 2.353423926924919130e+01 6.432892613263919479e+00 8.517997106959574793e+00 1.066207980267029320e+01 3.063017748419485287e+01 3.648140807011668585e+01 2.020715011244573844e+01 2.286633271969081704e+01 4.272208958333423112e+01 4.966746840924035666e+01 5.719111061885561043e+01 4.874438358538389338e+01 6.290334341412665964e+01 8.288308252276260646e+01 9.198371219433674639e+01 8.921702011839903435e+01 7.502896924844196747e+01 8.921702011839903435e+01 9.003142912070174475e+01 7.256198969169230395e+01 7.838990323363890411e+01 9.627503303344157359e+01 8.360494323553854201e+01 6.382528684836866972e+01 6.244776565649322464e+01 4.261916124901843972e+01 6.245514219712522674e+01 7.757277069366405442e+01 8.568831112427324115e+01 8.324932893359019204e+01 6.844540745970446949e+01 8.324932893359019204e+01 7.834511480725278432e+01 5.844667197842744599e+01 6.986035212522108395e+01
5.600688922766024203e-02 1.790226828350412580e+00 3.531003389443503337e+00 1.964087599989242960e+01 2.780935841366781602e+01 3.063017355546472942e+01 1.406525835217574816e+01 1.650556860949282623e+01 3.648140813588254616e+01 4.288815762984994251e+01 2.720583855480856172e+01 3.043695175441389011e+01 3.712672548261212313e+01 5.720198082644348148e+01 6.625651487692249475e+01 7.201909156855113281e+01 7.201909156855114702e+01 8.783521664803110696e+01 9.509565635965456920e+01 9.709792800014650993e+01 7.777909993910094499e+01 6.381030433852771466e+01 7.554213461520281214e+01 8.399580243786687106e+01 8.147326192209587248e+01 6.165173038133915639e+01 4.761623986528922359e+01 4.014227627321363912e+01 5.998244393435419397e+01 5.807352046876333418e+01 7.441462925278811724e+01 7.396204140243185066e+01 5.284864344968757166e+01 7.396204140243185066e+01 8.676405138551849916e+01 6.986035212522108395e+01 5.030100457482225096e+01
8.215197286175310309e-02 2.008215197286139642e+01 2.353423925532161931e+01 8.454831082760378536e+00 2.846136904572715309e+01 4.199563224908244052e+01 3.402691571604599119e+01 2.917751186673718777e+01 3.065108809475136198e+01 5.060577155584677911e+01 3.877883014468768863e+01 5.050825478911632160e+01 3.599819360763736853e+01 4.103712167839176317e+01 4.624863528246114441e+01 5.205694034372532286e+01 5.961561929689350592e+01 7.111877386339540408e+01 9.108088347680302377e+01 9.709792800014649572e+01 7.777909993910093078e+01 7.609049767870230596e+01 5.629990189562248304e+01 6.950453954119527111e+01 7.756536629004421002e+01 7.556427399798339195e+01 5.764933954081465117e+01 3.782057568621529242e+01 5.443282078670384294e+01 4.693328229181467037e+01 6.333148958100038328e+01 5.481193205250465894e+01 4.293293572154552606e+01 6.540569002587852765e+01 7.038792170886199528e+01 6.851500019415031772e+01 6.024407025551298034e+01
2.613274238814250472e-02 2.002613274238778729e+01 3.673558140774579783e+01 2.846137027579650081e+01 1.370846480816202018e+01 3.372437468758722190e+01 4.759448593103520864e+01 4.666948083058660046e+01 5.032553278676746800e+01 5.888120125034878782e+01 5.297858190715646742e+01 5.607715735421297154e+01 5.607715735455084882e+01 4.761951825331890120e+01 6.625651487692249475e+01 7.201909156855113281e+01 7.955575411790937324e+01 8.783521664803110696e+01 9.936785623231573084e+01 1.051016713663064905e+02 9.709792800014649572e+01 8.089269703856336946e+01 6.116782964884396279e+01 4.969827006062077146e+01 6.379616841040915887e+01 6.035221221859559648e+01 6.584643850229501538e+01 5.443254845522497476e+01 3.460310136333829689e+01 5.443214446248299510e+01 5.131547065801575513e+01 3.305143001777670264e+01 5.313765650529266082e+01 5.535097386489027116e+01 5.076810813041169723e+01 5.805318543912882490e+01 4.089470556815959412e+01
7.532853315450405152e-02 1.421746415688557974e+01 3.421746415688628673e+01 4.199613646788517940e+01 3.372437468758722190e+01 1.948773934053225787e+01 3.951426566110026073e+01 5.153175686810358513e+01 5.859156147058741482e+01 6.684073523901209057e+01 7.298505176709805653e+01 7.607194851568844740e+01 7.590624650667713524e+01 5.919150618123011753e+01 7.590624650667713524e+01 7.981899650742590779e+01 7.981899650742590779e+01 8.818142416071654566e+01 1.045955989743723507e+02 9.628039903546704181e+01 9.628039903546704181e+01 8.887799318019057182e+01 7.531707281002108800e+01 5.544244260708247651e+01 4.399426628494056501e+01 4.055213751883270845e+01 5.562319808186666847e+01 5.224558124475544219e+01 3.244828341013481321e+01 4.967481120234499059e+01 3.141970608550987620e+01 4.455357829697651795e+01 3.471228533022235752e+01 3.589148447232947348e+01 3.707792055035110224e+01 3.865260022914606708e+01 5.805318543912882490e+01
6.101047412966256744e-02 2.006101047412930782e+01 3.305964208224643386e+01 4.134391332866293567e+01 4.778181597585911788e+01 3.365959414062166388e+01 2.616970829534473708e+01 3.153180295085378404e+01 3.862341863751416327e+01 4.862800621778851706e+01 6.272838113366888280e+01 8.262210080844434401e+01 8.743771156785999210e+01 7.915839702639553366e+01 7.398908964519593212e+01 5.979675512967531148e+01 5.979675512967531148e+01 7.981899650742590779e+01 9.628039903546704181e+01 7.610752631769899779e+01 7.610752631769899779e+01 8.677081563896905436e+01 8.349773052395411810e+01 7.189022626333209587e+01 5.543991996627063656e+01 5.562320373933874151e+01 3.581834022129873318e+01 3.263536692769263681e+01 3.030655625477032089e+01 2.978859423554101227e+01 4.384376725593342172e+01 5.579232324093035089e+01 4.845378083764465060e+01 5.535097386489027116e+01 5.651461848192393944e+01 3.968031032478385356e+01 5.326217815441341230e+01
6.842009524227352091e-02 6.392975415579004839e+00 1.305964208224573042e+01 2.720177770597642919e+01 4.720177770597457112e+01 5.364869304905865022e+01 3.774477162372286898e+01 5.153175686810358513e+01 4.787314992518273726e+01 6.684073523901209057e+01 7.680160749676960563e+01 8.609377577059383668e+01 9.416816368316035835e+01 7.862726183301421656e+01 5.861146846015819989e+01 4.572166903245821601e+01 6.437508204102906006e+01 7.269988213251627940e+01 8.427462573354711139e+01 8.201602394072016011e+01 6.185192010120840678e+01 6.660378884003860378e+01 8.085168179775995156e+01 8.323925882904813989e+01 7.521101606543537343e+01 6.374607629023695665e+01 5.468253919611976244e+01 4.653315340599870353e+01 2.816723691722521394e+01 4.811511072134796052e+01 5.803645572123646446e+01 7.213681737798924587e+01 6.804589488569715172e+01 7.471098818072273673e+01 5.506147601150156135e+01 4.153678682895949237e+01 6.081668907178425343e+01
1.934550753332892059e-02 2.001934550753297515e+01 3.305964208224482093e+01 2.938957370079996423e+01 4.353170932453041786e+01 6.353170932452564301e+01 5.771822033562569487e+01 6.596947442492680125e+01 6.781069101534394861e+01 7.606022588971650578e+01 8.297694547851780555e+01 6.675538948092921032e+01 8.297694547844596968e+01 7.269988213252314324e+01 5.861146846015819278e+01 3.870379219082404632e+01 4.443837234909969425e+01 5.592241000747684865e+01 7.592164676871963991e+01 9.035156264603567422e+01 7.251057423307446470e+01 5.238428830767919209e+01 6.516149369964934124e+01 7.025539416378852309e+01 7.859446030210135348e+01 6.082533826691176415e+01 4.089314290429570065e+01 2.682017149722687321e+01 4.539758763244925177e+01 4.539625430386187332e+01 6.533736396829648641e+01 5.889698077038961799e+01 6.728397222854626136e+01 7.746218179445655494e+01 6.907442149933574171e+01 6.081668907178425343e+01 4.418933640298924104e+01
4.364784840791047227e-02 2.004364784840755576e+01 3.021616785783512427e+01 3.598967055136170501e+01 4.265633722130774430e+01 5.094061002266270322e+01 6.094061305035224052e+01 7.757766478958698997e+01 6.954073909896669647e+01 7.003690715116091781e+01 6.461731945501597352e+01 5.563782704460174244e+01 7.492875324056311115e+01 6.437508204102906006e+01 4.443837234909968714e+01 3.296682814493932767e+01 5.286461733112557226e+01 6.303826476228730513e+01 7.201055385161490108e+01 8.367908790803613783e+01 8.085168179775995156e+01 6.516149369964934124e+01 4.500522002121490317e+01 5.010565178625322602e+01 6.696395292815405753e+01 6.592456639191789236e+01 4.507359672691075048e+01 3.192345961432112489e+01 2.550654475690555500e+01 4.407228043667556960e+01 4.892039147948283073e+01 3.894383355544020020e+01 4.867380868118607395e+01 6.912015386832098329e+01 7.590777322765431734e+01 5.621021499823098111e+01 6.344994355790013429e+01
5.219006137575642884e-02 5.052190061375776864e+00 1.021616785631904456e+01 1.598967054821535250e+01 2.265633721488213581e+01 3.265633721488248398e+01 5.265633723643543362e+01 6.640573882506205905e+01 5.021214673496717040e+01 5.070146289278506657e+01 4.526317238572278967e+01 5.896242007193673373e+01 7.826945423950118652e+01 6.713718051378521068e+01 4.871564147996351579e+01 2.882117651006586456e+01 3.478319536133111001e+01 4.366991779932688900e+01 5.515784045322599383e+01 7.521210825279733569e+01 8.692386103133631536e+01 7.350143240462540462e+01 5.862193497801691677e+01 3.831956616564210805e+01 5.319091447743355161e+01 6.153874111540201142e+01 5.918350737027178354e+01 5.174894495864475630e+01 4.407228046880187122e+01 2.423934180160111040e+01 2.986913253914434918e+01 4.892041508296370012e+01 6.728397222854626136e+01 7.746224864846544733e+01 8.429967404898705752e+01 7.001314156376402309e+01 7.461871044560712107e+01
