MOVIE_S10_data/elevation_000827.asc
nrows	100
cellsize	150.0
xllcorner	0
ncols	100
yllcorner	0
NODATA_value	-9999
[rows 17 to 33 of 100, columns 37 to 73 of 100]
3.461155106863747477e+01 5.465754534740148785e+01 5.188631217069445967e+01 3.341251360217169264e+01 3.491332644358254811e+01 3.717671650851405474e+01 5.210673525152276397e+01 6.736905405385765278e+01 7.374021073223040901e+01 6.432593326394830058e+01 7.600331411141011984e+01 9.622717124675398281e+01 8.729195593240692119e+01 8.729195593240692119e+01 1.074924283307899060e+02 1.200822686607614571e+02 1.050247930401387606e+02 8.491095795741070162e+01 9.341206731260024299e+01 7.484545163178026428e+01 8.419346742371467940e+01 6.652388460007017557e+01 8.658028078784384718e+01 8.434568051734389371e+01 7.430519766663414316e+01 8.849354647644680938e+01 1.086121989856399921e+02 9.836805126858173765e+01 7.827711417974639119e+01 7.167572451295032465e+01 9.174835438366960716e+01 9.977461078540652295e+01 9.143546975382110986e+01 9.618340368765672110e+01 8.201441219147902473e+01 6.929951624454685088e+01 4.938451641989585283e+01
3.262438797748320241e+01 5.029848680369318714e+01 3.183402275634671597e+01 5.188631217069444546e+01 4.961832580972854601e+01 5.802999281360834516e+01 4.115727661799603254e+01 4.722750245549280379e+01 5.359284429877965295e+01 7.374021073223040901e+01 7.841187609446552642e+01 8.306134686344410056e+01 7.291415641216654819e+01 9.320853731472172399e+01 1.053349859152423562e+02 1.154144492435962235e+02 1.133696104281373351e+02 9.651276761732103182e+01 1.032677285311972781e+02 8.381167248100778977e+01 9.327289142673659228e+01 7.319506208827718297e+01 9.327289142673659228e+01 1.027251512297937381e+02 8.588515184017563797e+01 1.027251512297937381e+02 1.093204370675823327e+02 1.067084137413670248e+02 9.836805126858173765e+01 8.169680370631411392e+01 1.000856307965187995e+02 1.020539862004878273e+02 9.202788825660678640e+01 8.372141298856948310e+01 6.784542069530131414e+01 5.372155264052631907e+01 4.378472383587832439e+01
3.065931463321353334e+01 3.026303781989255981e+01 3.779146328389299470e+01 5.789938229672272740e+01 6.994562322240702201e+01 5.785310281501399743e+01 6.155468893525129914e+01 4.543564716889723343e+01 6.558553234413457744e+01 5.468171082356501955e+01 5.820808861938078138e+01 6.279477364051993504e+01 6.952088354852540419e+01 7.671640955836309672e+01 8.690542176279554099e+01 1.071035834509596185e+02 1.249988038629750235e+02 1.166524097244356000e+02 1.039214574484018812e+02 9.802271104447521566e+01 1.016119237957702097e+02 8.321839937506936735e+01 1.016119237957702097e+02 1.143430322623861599e+02 1.059987610729994287e+02 1.034838909822441337e+02 8.932129709935384199e+01 1.034838909822441337e+02 1.101428142857197656e+02 1.017999050610250578e+02 1.101428142857197656e+02 9.374692715648639307e+01 7.369589882065250208e+01 6.369399872135178242e+01 5.703914018850088752e+01 5.103192214155632911e+01 6.371721567366293471e+01
2.870903707762586521e+01 4.873520994638477077e+01 5.789883480246741954e+01 5.198409479278211620e+01 7.218018017344104464e+01 7.211141693424428922e+01 7.393681486375166401e+01 5.706011228165534988e+01 4.976021358323122001e+01 6.987507879909232145e+01 7.841187609446552642e+01 6.719971089908867157e+01 8.750160623485787426e+01 9.700450260687760817e+01 1.053349859152423562e+02 1.154144492435962235e+02 1.155663687868916583e+02 1.236909660475262314e+02 1.240658194092737716e+02 1.181622910177613193e+02 1.116716763403262149e+02 1.033273834784036609e+02 1.116716763403262149e+02 1.059887908080012409e+02 9.767930919080986030e+01 9.517890957814898911e+01 7.520471657432516110e+01 9.517890957814898911e+01 1.037874360629358108e+02 9.555019677666621192e+01 1.037874360629358108e+02 1.020539862004878273e+02 9.202788825660678640e+01 8.372141298856948310e+01 7.704560823283030402e+01 6.255129467556714218e+01 6.462027058810315339e+01
3.093008501782965070e+01 5.093917850362484501e+01 6.457574909875991409e+01 7.218015128149107795e+01 8.054116799277400673e+01 9.230116901859584289e+01 8.557869910053757678e+01 7.723074959830898933e+01 5.871103617582126333e+01 6.395515942258481346e+01 8.416702844601223887e+01 8.156063999467500025e+01 7.892496109307163010e+01 9.334082818658214364e+01 1.140218255420827376e+02 1.122983276767792518e+02 9.578582089559391477e+01 1.122984775707904674e+02 1.186192970771452622e+02 1.104577653686010734e+02 1.186192960601262456e+02 1.075382071015700518e+02 9.598700593605877884e+01 8.768938924872647078e+01 7.769946930492575632e+01 8.762937424567425637e+01 6.766078949150200117e+01 8.762937424567425637e+01 9.382489904470408248e+01 7.560912612928098042e+01 9.382489904470408248e+01 9.181843433079053796e+01 8.358879876864952507e+01 9.181843433079053796e+01 9.087810281310882488e+01 8.257292455035806711e+01 7.876970672995612688e+01
5.093917850331977348e+01 3.624772248413909637e+01 5.625541220843664547e+01 6.850978514090446936e+01 7.522018148944707150e+01 8.354415103656238273e+01 9.254427236424365333e+01 8.726446899077062369e+01 7.034834781728488906e+01 8.416702844601223887e+01 9.251499560430468705e+01 1.018443675055082025e+02 9.331467750091245250e+01 1.077086924107199195e+02 1.114701261024739409e+02 1.039553443279040863e+02 8.428943034545652324e+01 1.041460468337923970e+02 1.087155000969457745e+02 9.060713043303924508e+01 1.087154967546399718e+02 9.922647210194595857e+01 7.924365842918680869e+01 6.772202279040484996e+01 6.617850644295828033e+01 7.316630935501822819e+01 6.135522343952313662e+01 8.131475329834447052e+01 8.557966145297363880e+01 6.563190557722582241e+01 8.557966145297363880e+01 8.184629041131466920e+01 6.361295197707221405e+01 8.184629041131466920e+01 9.144312152405346694e+01 9.967718945495060723e+01 9.881753386883767121e+01
6.358916260283420741e+01 4.375479605000687400e+01 4.288959179835811852e+01 4.842159059782385100e+01 5.508899244381935034e+01 6.408338975091220391e+01 7.834293439871886733e+01 9.844275403219059228e+01 9.059828605976689175e+01 9.893487195787380983e+01 1.072925189322203323e+02 1.155013545047844161e+02 1.136624840429574448e+02 1.185243563329998864e+02 1.039552200274705314e+02 8.418826934930723382e+01 7.674489749681463024e+01 9.664094302027066874e+01 1.005324478997085720e+02 8.063681652876482531e+01 1.005324478997085720e+02 1.025883112848934786e+02 9.429642934483133843e+01 7.616122484942324888e+01 5.621304307325804928e+01 5.322472239112484971e+01 7.316630935501822819e+01 7.867970286839936023e+01 7.042706137395779820e+01 5.898829047671858916e+01 7.893040949439102860e+01 7.360087537286089798e+01 5.369656583847859110e+01 7.360087537286089798e+01 7.153407747459350219e+01 8.818781210063684739e+01 8.101246761320335565e+01
7.052193899975490865e+01 5.352767813588395995e+01 6.293832241347579526e+01 5.924749207613314894e+01 6.850978514090446936e+01 8.354415103656238273e+01 9.254427236424365333e+01 1.047219978497488171e+02 9.646308959763560154e+01 9.304972256519073426e+01 8.715016311498334289e+01 1.072925189225679929e+02 1.218433180440437695e+02 1.103779098923092903e+02 9.055046588323097012e+01 7.904372878962200843e+01 7.008653702804296870e+01 9.000892430379902009e+01 8.576840897648345674e+01 7.398092386131423837e+01 9.390057077606837765e+01 9.429642934483133843e+01 7.432725560203886062e+01 8.017609117660923346e+01 6.801741374119929162e+01 4.807649402609349920e+01 6.278073701362003334e+01 6.316368821774537423e+01 5.049087433154360127e+01 7.042706137395779820e+01 8.091677811071727433e+01 6.106211779325106193e+01 4.715942752907808000e+01 6.696610552806686201e+01 6.013369738513937790e+01 7.931632207657504807e+01 6.950209897423619054e+01
8.079971626990753464e+01 7.303094386631168788e+01 7.746968085282959748e+01 7.936063414183500697e+01 8.767990843900294351e+01 9.694137781884674610e+01 9.779776599517096258e+01 8.950349894735985856e+01 7.617256936317538418e+01 7.271560055170579062e+01 8.186748868697669934e+01 9.362836931177307065e+01 1.136637971287157427e+02 1.089748961282186883e+02 1.007867153391532042e+02 8.486842305560431043e+01 6.493059601978742990e+01 7.871848066888628637e+01 6.582820052487575424e+01 8.576840897648345674e+01 1.020972909168476832e+02 9.429642934483133843e+01 7.432725560203886062e+01 6.022046319625254540e+01 5.392392350089416908e+01 4.816917255937275399e+01 4.278915855045902106e+01 4.316409801330414098e+01 5.730484686631897517e+01 7.714923939602596192e+01 7.516962208444343219e+01 5.548215672889854488e+01 4.159171684483472120e+01 6.054208406682924704e+01 5.135916201756166544e+01 6.436692278793637456e+01 5.610824570160541214e+01
8.517211589580769271e+01 8.224751126906271281e+01 8.990811444009105458e+01 9.591542867874287026e+01 8.775749323411049829e+01 9.591542867874215972e+01 8.610826632050086005e+01 6.916445644379943758e+01 6.437615752353013931e+01 8.474835228306891111e+01 1.013257231613407328e+02 1.103242587157469359e+02 1.152748219099346159e+02 1.007867153391532042e+02 8.088994574573315788e+01 8.671757463593966975e+01 7.871848066928927778e+01 5.877645572240734850e+01 7.871848066928927778e+01 9.398079487822656120e+01 8.769354240124582134e+01 9.351213359238407463e+01 8.845753230134118894e+01 8.017609117661041296e+01 7.386550908092863210e+01 6.810888396648385879e+01 5.856620331661331136e+01 3.845663531403843649e+01 5.505378793954725580e+01 6.167607834088886420e+01 6.988367277420933021e+01 5.483465479120519603e+01 3.608809133229977562e+01 4.053642135537175051e+01 6.054208406682924704e+01 5.307984038284886452e+01 3.671932818413441879e+01
6.457693902950630616e+01 5.657055571169086505e+01 7.104725262935671992e+01 7.985361965755978986e+01 6.761636588363762712e+01 8.591019907692074753e+01 7.776074728286998550e+01 5.740940474525766746e+01 7.776074728286998550e+01 8.414196719573658356e+01 9.246351941833638932e+01 1.041238741383622113e+02 1.070993338984875294e+02 8.722509329928037403e+01 7.570747559322316533e+01 6.677917029380289193e+01 6.076733871119889585e+01 5.567297210889763193e+01 7.560486169600534367e+01 8.065698743436013274e+01 6.776983206009377625e+01 7.360534479720476497e+01 8.281252808690288703e+01 8.161657391216294855e+01 8.742326736507531848e+01 8.337717828732689895e+01 6.684344182596767325e+01 5.509049921306415598e+01 3.485641279068117626e+01 4.489824655064831660e+01 6.329758176246583901e+01 5.159527946001468734e+01 3.019075770823313931e+01 5.159527945993418285e+01 6.045628705774961986e+01 4.491404235852721172e+01 2.553748268178362579e+01
6.362986544666449618e+01 4.318688038410186891e+01 4.958605476505157839e+01 7.008235963397893897e+01 5.747138448609189965e+01 6.605966463681883738e+01 6.911568667878434269e+01 5.328886578881421343e+01 5.833971407052005276e+01 6.376583147923095396e+01 7.556220894776774344e+01 9.586213729904635272e+01 1.133039703986169826e+02 1.038235751981379167e+02 9.006993118906585494e+01 7.013711193482065198e+01 6.016334978678075629e+01 5.265274526475720762e+01 6.901859800063591877e+01 6.073717113983540372e+01 5.369870446323690061e+01 6.289779387499800833e+01 6.289160700673916438e+01 6.171508850157900383e+01 6.754408752740064870e+01 6.935595223343626969e+01 5.533199553480680777e+01 5.271664935847518763e+01 3.245996924845201193e+01 5.253807926499447234e+01 6.136229892393418339e+01 4.376139682836517153e+01 2.632698565874647301e+01 4.406281909152821896e+01 3.856555757822854247e+01 4.074898088459748635e+01 2.101192440254530069e+01
5.294251221407883889e+01 3.512287019572256241e+01 5.524438363478522263e+01 5.792713226762126766e+01 6.207478962669555500e+01 4.581943904313244076e+01 4.884433149064644653e+01 6.884532686933459900e+01 7.864399677908846797e+01 8.414196719567291893e+01 7.468736889767063758e+01 8.490873941518145784e+01 1.050892201970446820e+02 1.099371342561254608e+02 9.006993118906586915e+01 8.833483846798317529e+01 8.010319041815725427e+01 6.901812372230058656e+01 4.913545108775891634e+01 4.670561905942760461e+01 4.483368606053864625e+01 4.299392065708578059e+01 6.036281008580519369e+01 4.763708049100880970e+01 6.686982693231203712e+01 6.018424002669609507e+01 4.248095746350631430e+01 5.039488480680157068e+01 3.016776598376756979e+01 3.938157181806668916e+01 5.401471322429158306e+01 4.496981272059226598e+01 2.492060586193865035e+01 2.400255190512654835e+01 2.311615662643087532e+01 2.224106436681484666e+01 4.073379937813556495e+01
3.285412849034039340e+01 5.285593924634112994e+01 3.749749737868659594e+01 3.919644138385375243e+01 4.189139106149161051e+01 6.207480429340966310e+01 6.733501978976562441e+01 6.988361236104475438e+01 7.819917347520923556e+01 8.984257292151131935e+01 9.499897980611312676e+01 1.032647402077441825e+02 1.133039703986169826e+02 1.089673322514765772e+02 1.005898324123271692e+02 9.527350435501206505e+01 7.537390642406589336e+01 7.086148077928532985e+01 5.096435903559215319e+01 6.651936268694250032e+01 6.470043915578850147e+01 6.034674758042574183e+01 4.039456491601971067e+01 3.859709347083127540e+01 5.626533840113021512e+01 5.303046447113649009e+01 3.277271293129994945e+01 3.168291394181923337e+01 4.899537106405002618e+01 2.882394056358378620e+01 4.629553998520763258e+01 2.621069346605806416e+01 4.496981241580139255e+01 4.351477314607318192e+01 2.888069889342887109e+01 3.254305424338063801e+01 4.921288983887589552e+01
5.067631932366295899e+01 6.113674949185354990e+01 5.171074386730522576e+01 5.934309991024922937e+01 4.235733872286197510e+01 4.465328116729364183e+01 4.712047561742238599e+01 4.964956767642751601e+01 6.132827960711571791e+01 8.157219656268549102e+01 9.624270695193870040e+01 9.917708065207355617e+01 1.073662178472254709e+02 1.005898324123271692e+02 8.027788914626371763e+01 8.622711958981733460e+01 7.537393621240333630e+01 5.544748780213969752e+01 7.086148277283045616e+01 7.901075068922797584e+01 7.099845243121579585e+01 5.109870494498665039e+01 6.036281010365742361e+01 5.626535180582457940e+01 3.610224292873558483e+01 3.436329753631236628e+01 5.303046479748414299e+01 5.193791297873818991e+01 5.723525282971203865e+01 4.763227691200114577e+01 2.749846243717278327e+01 3.766577141840386389e+01 5.337421220898366414e+01 5.116242890930649168e+01 3.417715227084649143e+01 5.034063143951610897e+01 5.088391905218312417e+01
4.624725032985919881e+01 6.638043035525407731e+01 7.191970169784964639e+01 6.253027784101043096e+01 6.253033330644291254e+01 5.135334825908428513e+01 6.733501978978631541e+01 6.988436565901328379e+01 5.345241918246991730e+01 6.779536545852789686e+01 8.497556924397450473e+01 7.909311061254355479e+01 9.917708065207355617e+01 1.005898324123271692e+02 8.027788914626371763e+01 6.709042328842554070e+01 6.049792160115352857e+01 6.694989683631111177e+01 8.360168257027228833e+01 8.507754799276584379e+01 6.516671549781980843e+01 7.099846435254927712e+01 7.064646193535037355e+01 5.069157876345329328e+01 3.652259543654393070e+01 5.459101803603385861e+01 6.284385964525149149e+01 7.034349910699559416e+01 5.036409580967292499e+01 3.608767077137112977e+01 4.763331197204858114e+01 3.597865685500701716e+01 5.570960078263662751e+01 5.887763704775356643e+01 4.018288627649902622e+01 5.885726539770737986e+01 6.909977005866684863e+01
5.498063275721332133e+01 6.753176740952372370e+01 8.073773992487603834e+01 8.270476271403232715e+01 7.875588652606577966e+01 5.849645216780009349e+01 7.875588652606577966e+01 7.001057726837086648e+01 7.371331507915486725e+01 5.753017423799688146e+01 6.470977188099260502e+01 7.909311061254355479e+01 9.917708065207355617e+01 1.006104429875035180e+02 8.069561813259905136e+01 6.663346101250678544e+01 8.043896674362392218e+01 8.688138800262584027e+01 9.508971538793662148e+01 9.327637102941440617e+01 8.507754841069986185e+01 8.363857603729626078e+01 6.367693963965488280e+01 4.956768262911288758e+01 3.806492975550428071e+01 5.800203218164944019e+01 7.367221293933260995e+01 6.690309662839911198e+01 4.690929925892350383e+01 5.621596682334053696e+01 6.268573746950266212e+01 4.265557306663502146e+01 6.268575867019757908e+01 5.960456437402201857e+01 5.974264223364158255e+01 6.773244612096712558e+01 5.996205335053637242e+01
