MOVIE_S10_data/elevation_000273.asc
nrows	100
cellsize	150.0
xllcorner	0
ncols	100
yllcorner	0
NODATA_value	-9999
[rows 68 to 84 of 100, columns 0 to 36 of 100]
5.009162696260269221e-02 2.530786318746766739e+00 6.244693082287788855e+00 2.624469258694522722e+01 3.796803154761768440e+01 4.213817145638938655e+01 4.672628611882799987e+01 5.172599550423376513e+01 5.727255132459669795e+01 5.141611145393436288e+01 7.141124788757231556e+01 8.603205457859901628e+01 8.793060408313733944e+01 9.209174565669069068e+01 8.377089225312860776e+01 9.209174565669069068e+01 9.271784638770844822e+01 7.850300658959689315e+01 9.271784638770844822e+01 9.997939749707929025e+01 1.007517396492544322e+02 8.861470206363436830e+01 7.986185485635891723e+01 6.400736706220129690e+01 4.404314047716089675e+01 4.993864678249427413e+01 6.618376942177974342e+01 7.117795864964737973e+01 5.139624713778408704e+01 3.121992325329262385e+01 5.139611517527383455e+01 5.001087889735779868e+01 2.990195490328241590e+01 5.002859464852794957e+01 4.536669584500170771e+01 5.654297369565122011e+01 4.335062186091945335e+01
4.695337527364121244e-02 2.004695337527328647e+01 7.311700756084321462e+00 2.731141252467086034e+01 1.796855500556395668e+01 2.213884328667105450e+01 2.672715796389867293e+01 3.172715796261078580e+01 3.727415991205475621e+01 4.621842827163793999e+01 5.776528688872529216e+01 7.775876429476723217e+01 6.871600940846163041e+01 8.238817990517286205e+01 9.184444446244387450e+01 8.356463759765007637e+01 9.184444446244387450e+01 9.862171007320033311e+01 1.015654827111860641e+02 9.329532098764182990e+01 9.216495292418866825e+01 7.102219057550379944e+01 5.896237288953858524e+01 5.179065008757466870e+01 5.350086346127128678e+01 7.116041107585397185e+01 7.986217775255794038e+01 6.856860350657633774e+01 4.838978712372487934e+01 3.408322680464044652e+01 5.430002560594384420e+01 5.834568733086564407e+01 5.001974003126245094e+01 3.133527349983096144e+01 3.235826078751875912e+01 3.665651482673371220e+01 5.656360429540377055e+01
7.614146464036156137e-02 2.007614146464000626e+01 2.731141243483504155e+01 1.231170075608423176e+01 3.231110252179614406e+01 3.628092948770854775e+01 4.672628611878887028e+01 5.172599550423376513e+01 5.727255132459669795e+01 6.555124490532254811e+01 7.449219499226884977e+01 7.282637113791498962e+01 5.534330062622463942e+01 7.282637113791498962e+01 8.186191273832751847e+01 6.360958096031364306e+01 8.186191273832751847e+01 9.484761659019423519e+01 9.002438888997681943e+01 7.329569177563585924e+01 9.002438888997681943e+01 8.849601957902473259e+01 7.879785556626326581e+01 6.184966529696406212e+01 6.573157595427872479e+01 8.041950072656622694e+01 8.301930749927282704e+01 7.126050545707305162e+01 5.733769029912582482e+01 3.708256382944387042e+01 5.725824752959289299e+01 6.425347170388496920e+01 4.406257137374034727e+01 4.556883331192043585e+01 5.250571808443442734e+01 3.385010609047623831e+01 4.806034100214572646e+01
2.352828262072655108e-02 2.002352828262037221e+01 3.832250724775392570e+01 3.231131713617325119e+01 2.645381591509523034e+01 4.645262659866308042e+01 6.455370021983519280e+01 5.675868527287359200e+01 6.504467960913423497e+01 7.042790218877524921e+01 6.856039943179852969e+01 6.059008603010230587e+01 4.580808590030198957e+01 6.484356725857391268e+01 7.358710927898188459e+01 5.364747024759396510e+01 7.358710927898188459e+01 7.485692099526674781e+01 8.016786829362644085e+01 6.175706782963957409e+01 8.174852967839744622e+01 9.401006327714631539e+01 9.005297912352470746e+01 7.628170572575066899e+01 8.348494133708145171e+01 8.820051736429665823e+01 7.375894663775956417e+01 5.540213554087197423e+01 4.261634959794222510e+01 4.232135123897054285e+01 6.255913591626840997e+01 7.259340893740889555e+01 5.834451324590402521e+01 6.577148923548821813e+01 5.507971841882648789e+01 3.490978350665139374e+01 5.500728208941668385e+01
6.786455232800275850e-02 1.006785245770428006e+01 2.420885932071357871e+01 4.418804442954140654e+01 4.645265644582218556e+01 5.473377378390117087e+01 5.349811384488106825e+01 3.676148532051792017e+01 5.349811388266006418e+01 5.125760020691102881e+01 5.748869978277358683e+01 4.144038470633597626e+01 3.892911633530097504e+01 5.811350795926756518e+01 5.843899765118079870e+01 4.700262626765480434e+01 6.694056262150779446e+01 6.072764457262362470e+01 6.018477089410689018e+01 5.421741081147581554e+01 6.574188925447040788e+01 8.573617167214594303e+01 9.906513194421061996e+01 9.756579698676634393e+01 9.474990592247131360e+01 8.002843752364439922e+01 5.357872279554101880e+01 4.885261262283664507e+01 6.291901139826663325e+01 4.876495988831412376e+01 5.886995331405501020e+01 7.900503369620450655e+01 7.856353352481085039e+01 7.092255292744225414e+01 5.046371053795058970e+01 3.616605175070496614e+01 3.775343225472322928e+01
3.257643153035955086e-02 2.003257643153000345e+01 3.534011553537468586e+01 4.340663068898166443e+01 4.754182793753053460e+01 3.924662866735670974e+01 4.324906557189910927e+01 2.521549844532137286e+01 4.521274538638996887e+01 3.755358461512805235e+01 4.266621345574849045e+01 3.010895471413131119e+01 4.953294986883954465e+01 5.090029985898058840e+01 3.849356097836722768e+01 5.843899765118079870e+01 6.746338391069596696e+01 4.920725163651037093e+01 4.607577994260394405e+01 6.603768465797209331e+01 8.246962955785390648e+01 8.340303453283016211e+01 7.972919323762961596e+01 9.906513194421061996e+01 8.639870842425781916e+01 6.611859470163062724e+01 5.636024607072256742e+01 6.925365252158502472e+01 7.565203995549074989e+01 5.553661676720416551e+01 7.565203995549074989e+01 8.733299998550317866e+01 8.178387660177932617e+01 7.139363810762503704e+01 5.910641184086813382e+01 3.911925718186402889e+01 3.814696477195222712e+01
1.880098487986705744e-02 2.001880098487951187e+01 1.541529519295811035e+01 3.524870271061571003e+01 3.592990716860620637e+01 1.919583882265730068e+01 2.325255882068833557e+01 1.765632218472849146e+01 3.210001767438491527e+01 2.617594705682131462e+01 2.305971647254708401e+01 4.266621345556063005e+01 4.405432487075268000e+01 3.094097572512914240e+01 5.090033082887897109e+01 6.181192444760615246e+01 5.354121133493381990e+01 3.922875378174237682e+01 5.919082946179720750e+01 7.431391650864117082e+01 7.356860972457735670e+01 6.366848670042049463e+01 7.509032794241490194e+01 9.475840290954366196e+01 9.474990592247131360e+01 7.642902718046413213e+01 6.304083515820144612e+01 8.312312319159555329e+01 8.397873015248529782e+01 6.560847892103933532e+01 8.397873015248529782e+01 8.765264626175455476e+01 6.781615342628870735e+01 5.361560059617838903e+01 4.347049378145000986e+01 5.929834541403089077e+01 3.955582355391671712e+01
2.900726248362994752e-02 1.276572985587239417e+00 2.115788989977473733e+01 2.431792036215170327e+01 2.560584865819332734e+01 7.648303439664970504e+00 9.110848287918699384e+00 1.058526784946577237e+01 1.210146393661633901e+01 1.657357578477382631e+01 3.590085953234378024e+01 3.776590676178876294e+01 2.408228688617696633e+01 4.133470376029524829e+01 4.476204127292383816e+01 4.829446805039201962e+01 3.357588547431782899e+01 5.352509545294017101e+01 6.724518213891262519e+01 7.356860972457735670e+01 5.374090472095151227e+01 7.356860972457735670e+01 8.753692618582071816e+01 1.029144321125464216e+02 1.048629972859951636e+02 9.145425040833049479e+01 7.200437019306065167e+01 9.145425040833049479e+01 9.402575416718102019e+01 8.569560098994210762e+01 9.402575416718102019e+01 8.252537918217379342e+01 6.254345516555175521e+01 4.826247676807157916e+01 6.365250799499881396e+01 6.809925854421074121e+01 5.976453148472935339e+01
5.081304048347550645e-02 2.005081304047148549e+01 3.061860356297043229e+00 4.329308857345994355e+00 5.607061987345868914e+00 8.464204844218290447e+00 2.846296223169932915e+01 3.058389411364986898e+01 3.210001767450578569e+01 1.443431131026587977e+01 1.610097797595223668e+01 1.778528181497168603e+01 1.949399712065959278e+01 2.135900670015254477e+01 2.478897459856353080e+01 2.832447143750298224e+01 4.829446805033488488e+01 5.123077848931551870e+01 5.624012177996453943e+01 6.084679450689082358e+01 4.799334920756229650e+01 5.947341411665905042e+01 7.931118951225781188e+01 8.609626104720447870e+01 9.436996313857295604e+01 1.004493395097713773e+02 8.622167541997727369e+01 1.004493395097713773e+02 1.045431843067725879e+02 9.633912670936356903e+01 8.929707958033196746e+01 8.299556382859579173e+01 7.189163039003628342e+01 5.181090743972298185e+01 7.189163038889516599e+01 7.748048031474472452e+01 5.735734526615750895e+01
4.469920835086939326e-02 2.004469854251554395e+01 2.311450865789180753e+01 1.858466702962544659e+01 1.966575697162275915e+01 2.833537337657344324e+01 1.263449274574242054e+01 3.263607874366987716e+01 4.311140434661488996e+01 3.507893667346561983e+01 3.608357581675922177e+01 3.191930333043794832e+01 3.362678004296758161e+01 4.133459846554815442e+01 2.456156761828185964e+01 2.687096378746782577e+01 2.941094711343860979e+01 3.199287281725478493e+01 3.635633185416200064e+01 4.094108150714864536e+01 6.084679450689082358e+01 6.880097488823319907e+01 7.349184767431664511e+01 6.616693363289907381e+01 8.024921760448400221e+01 1.002122726264052375e+02 1.063542955181094953e+02 1.078004342278574086e+02 8.794886728465490933e+01 7.642120959586954143e+01 6.936993709341757608e+01 6.304775331329955890e+01 5.723611027902324366e+01 7.189163039003628342e+01 8.013363728245462880e+01 7.842244550305832718e+01 6.472180628968183669e+01
2.324776005098762310e-02 2.002324776005063356e+01 3.837123418321854018e+01 3.920495738065466895e+01 3.905594292825194458e+01 2.677137616436984402e+01 3.263636352686435771e+01 1.716359373500489127e+01 3.716108851691531356e+01 4.660271919680337049e+01 5.488785242311356427e+01 5.188085621141927817e+01 5.358505326295721716e+01 5.279436627590493458e+01 4.453045304471240939e+01 3.264366670142700144e+01 4.936640423371803621e+01 5.194229008616759558e+01 3.670573752377461574e+01 4.055207616448237928e+01 4.454589653914963776e+01 4.889755052021192228e+01 5.359015993397829192e+01 6.248066446688061149e+01 7.242636667919295235e+01 8.652269309281155074e+01 1.064996126210823064e+02 1.159915695780299671e+02 1.045431843067725879e+02 9.633912670936356903e+01 8.505891056027046204e+01 6.511719691305214042e+01 7.723712694322082939e+01 8.546918883950988288e+01 8.520611304067890046e+01 7.011776090638232972e+01 5.044599830908909865e+01
8.699724428260374731e-02 1.008699724428251621e+01 2.422913286538034328e+01 4.422912901971804445e+01 5.496292397305233379e+01 4.088966769395090495e+01 4.348457119995551778e+01 2.348796323283522014e+01 2.260680706787848138e+01 2.660661624099058997e+01 4.660271919680337049e+01 6.121188229822832483e+01 7.276069237606911599e+01 6.519617858206730432e+01 4.526849417048040891e+01 4.675597231368679019e+01 4.675597231364887563e+01 6.368266663805339789e+01 4.376610886887103646e+01 6.047533259916745862e+01 5.604210675214429216e+01 6.880097488823319907e+01 6.765363990891614776e+01 6.765363990891614776e+01 8.758652804149848237e+01 1.006510219777567130e+02 1.000132999182308566e+02 1.083512777324825436e+02 1.090408018104580776e+02 8.920498305790503935e+01 7.510306126040053698e+01 7.923341852712717071e+01 9.328020070410399001e+01 9.106249921626182697e+01 7.091880606079668325e+01 5.723034591226097234e+01 7.011776090638251446e+01
2.249585233037712170e-02 2.002249585233002094e+01 3.180646885062388662e+01 3.887753666248887896e+01 4.716180790995048966e+01 6.079738732920195332e+01 5.055435157816242508e+01 3.055799433930464204e+01 4.260349860577666448e+01 4.660271919680337049e+01 3.292996040113566636e+01 4.447199842982949747e+01 6.447445746370217989e+01 7.345991692429672071e+01 5.935808937302657995e+01 6.668416335304996778e+01 5.826042878018090931e+01 7.194176247440536542e+01 5.372699503748415140e+01 7.194176247440536542e+01 7.595359432340552530e+01 8.422047916721483318e+01 8.758652804149848237e+01 8.758652804149848237e+01 9.586072990978209418e+01 9.669466642111061105e+01 7.979852788966658750e+01 9.669466642111061105e+01 1.112013773594553498e+02 9.137690059199202608e+01 8.920498305790503935e+01 9.912289243418153717e+01 1.030070150872353736e+02 8.495568023550623593e+01 6.502437069255761060e+01 7.681875718789136442e+01 8.394274783740735302e+01
2.739267172789772165e-03 5.776241959069022158e+00 1.180646885062424190e+01 1.887753666248959306e+01 3.301967228622004313e+01 5.301967228621933259e+01 5.883992915066220064e+01 4.055421650703347325e+01 5.883992915066220064e+01 5.292603236175749970e+01 5.292603236175749970e+01 4.109117554485501245e+01 6.109087580101270731e+01 8.092864669311532566e+01 7.929057273580660592e+01 8.646186132348262277e+01 7.819119844904034267e+01 8.190374957818445978e+01 7.363833826111410019e+01 8.190374957818445978e+01 7.894898904782704108e+01 7.076601448455973298e+01 7.894898904782704108e+01 8.559138972437267512e+01 9.135100462336806970e+01 8.834229584593225582e+01 6.819838321590511043e+01 8.834229584593225582e+01 1.033549535224238412e+02 1.112013773594553498e+02 1.090408018104580776e+02 1.090741968315789592e+02 8.856181876811461962e+01 7.417522238810771285e+01 8.495568023550623593e+01 8.985956422614867734e+01 7.564160864997410272e+01
8.327778614586213435e-02 2.008327778614550851e+01 3.180646885062388662e+01 3.887753666248887896e+01 3.887753666248888607e+01 5.887753666248817552e+01 6.884071747640251715e+01 6.055448665662610352e+01 6.884071747640251715e+01 7.293167681381503087e+01 6.937741670655366022e+01 5.263402689071623541e+01 5.263402689071623541e+01 6.678120871073213038e+01 8.679511534830888309e+01 7.714172675000753543e+01 6.895404985476221782e+01 7.714172675000753543e+01 8.273569032553224645e+01 8.128622130678040492e+01 6.910120715206846853e+01 5.109525561527859594e+01 6.910120715206846853e+01 6.598400116847079744e+01 7.172687231513492634e+01 8.122034723577156967e+01 6.118207391861852784e+01 7.488368882985341202e+01 9.032270498156665894e+01 9.933996184393870976e+01 1.109934229577964260e+02 1.090741968315789592e+02 8.856181876811461962e+01 9.456975520464109763e+01 9.653676397231390638e+01 8.154377069443302162e+01 6.152856540345766234e+01
6.510866554257997707e-02 1.420724428927365501e+01 3.420724428927435667e+01 4.419580331142820739e+01 4.531566839060955942e+01 5.357251575660651355e+01 5.717847573392486282e+01 5.936651811024261605e+01 6.765229045030756083e+01 7.764839968040999452e+01 8.092864699238393200e+01 7.264314624844438129e+01 7.264314624774272033e+01 8.092864669311532566e+01 8.424883870528412899e+01 6.729709575579961722e+01 4.929690541287281036e+01 6.729709575579961722e+01 6.303109663361585291e+01 6.303045827750752750e+01 5.351051716860392560e+01 4.131550888074749395e+01 6.041082417404921756e+01 5.212690199387915868e+01 7.172687231513492634e+01 6.873027627288134056e+01 5.494435323957716832e+01 6.192280539994645494e+01 7.082489191205904433e+01 8.244838949147951723e+01 1.026595201443470415e+02 1.174522114063563407e+02 1.090741968315789592e+02 1.024164876686455159e+02 8.232796025593059142e+01 6.820780466117683716e+01 8.154377069443302162e+01
8.953482861371392376e-02 2.008953482861335971e+01 2.657605284637883614e+01 2.419969299048959144e+01 2.531850558489596992e+01 3.803303887993542531e+01 3.717769005687217998e+01 3.936553593948438845e+01 4.936045895754442370e+01 6.581135961146780744e+01 7.735974864847030119e+01 6.993838955853499328e+01 6.173250373029350158e+01 6.993838955496828191e+01 6.452844709181250948e+01 5.912547763381752475e+01 3.952221390749466678e+01 5.912547763381752475e+01 6.303109663361584580e+01 4.339756616020721225e+01 5.058131917334131344e+01 3.392112319756503069e+01 4.083848922028015949e+01 5.917274321847544627e+01 6.300110833352653117e+01 4.888385636072892027e+01 6.873027620865180154e+01 8.197223135017216578e+01 8.499927170185081593e+01 9.207876167569735060e+01 1.003608868133075021e+02 1.103638828778246221e+02 1.106322766214068309e+02 9.050778585276603394e+01 7.633991232199466026e+01 8.821175371105489660e+01 9.653676396349690947e+01
