MOVIE_S10_data/elevation_000787.asc
nrows	100
cellsize	150.0
xllcorner	0
ncols	100
yllcorner	0
NODATA_value	-9999
[rows 68 to 84 of 100, columns 0 to 36 of 100]
5.009162696260269221e-02 1.419222725069367819e+01 3.419222725069566593e+01 2.133232348073369522e+01 2.355710079298286885e+01 2.169116434938819893e+01 3.399216468551512804e+01 2.406474625887165431e+01 4.401491978749888290e+01 5.349502147876822278e+01 4.928969429531584012e+01 6.607733837103280905e+01 7.909133921445557291e+01 7.449412755414979870e+01 8.280893165426320479e+01 8.258934008284110462e+01 7.424493067829361337e+01 5.883077914684422183e+01 7.424493068052923661e+01 8.258934110406167406e+01 8.493326146023758838e+01 8.697848906776356159e+01 7.883410703841076383e+01 8.179760502361713748e+01 7.071461934680014849e+01 8.752392155551966368e+01 9.658477774899078838e+01 9.658475694235131925e+01 1.048661335750962564e+02 9.494901668256869698e+01 7.468429014970035951e+01 8.061968159217288132e+01 6.561564111934278287e+01 8.256893289309246597e+01 6.834379870336016438e+01 4.804878711631597810e+01 5.479787031076259751e+01
4.695337527364121244e-02 1.418908899900471710e+01 3.418908899900542053e+01 4.133356387941800847e+01 4.359682472352491800e+01 4.166389654016192878e+01 4.159264112810219416e+01 3.846456308038286664e+01 3.811920512887009949e+01 5.753754507316653388e+01 6.809623478870346958e+01 6.554043061650975233e+01 7.110751985960691002e+01 5.414644348717066435e+01 7.110751985960691002e+01 7.424493067829361337e+01 5.387996993876436846e+01 4.855173419699663384e+01 5.387996993876442531e+01 7.424493068068414914e+01 6.468041301896941775e+01 7.551221033520086223e+01 5.889195692695997053e+01 6.156792920483284348e+01 5.892743512526007521e+01 7.921394350575816645e+01 7.665773817131847068e+01 7.665773813603932751e+01 9.658473288007330382e+01 1.032793699922239199e+02 9.494901668256869698e+01 9.426497410908459074e+01 8.591502101794895907e+01 8.947869364829334415e+01 7.086321468289152392e+01 5.055103361412125906e+01 7.086321469232345294e+01
7.614146464036156137e-02 2.007614146464000626e+01 3.053273089550754804e+01 3.719939755202162246e+01 4.548366537659050834e+01 5.442793568950030192e+01 6.115152319655565805e+01 5.930333562232887346e+01 5.753754507210230429e+01 6.536696967525169555e+01 6.030615591361464567e+01 4.699981766576527065e+01 6.012550867805281740e+01 4.188434418981198348e+01 6.260571172191267664e+01 5.573155430624194651e+01 5.984472884077467114e+01 3.938565973206723925e+01 5.984472884077467114e+01 7.061232596686035379e+01 5.018529937078471193e+01 5.616822987153422275e+01 4.702555088663681460e+01 4.702712059200455741e+01 6.750152243134854757e+01 7.282999825071271971e+01 6.233021423341246958e+01 8.249423293464624862e+01 9.212803698069431846e+01 9.550930777809125516e+01 1.053837688954658915e+02 1.055444338680074026e+02 8.535128756197266853e+01 7.098330130411923733e+01 6.080454603079675024e+01 5.312090380868305317e+01 7.344428693050799950e+01
2.352828262072655108e-02 5.187506077563925899e+00 1.053273091581236720e+01 1.719939758247891604e+01 2.614366949247791538e+01 4.028580511609939663e+01 6.028580492835800442e+01 5.786135718558992380e+01 6.356613204160209563e+01 6.218269470712617419e+01 5.231543467503083633e+01 3.477019573027531862e+01 5.207361774613599437e+01 3.308742053197696720e+01 4.410651754644020173e+01 3.539781926342387663e+01 4.976208899147688669e+01 3.433403689400722669e+01 5.472996156359486264e+01 6.159872066565899473e+01 5.318382398900696018e+01 3.570882373168761603e+01 3.785260350678211694e+01 5.835604347824209981e+01 6.437867497144246443e+01 5.238553274100505064e+01 7.282999825071271971e+01 8.983678342318630428e+01 7.349503850059151944e+01 7.381976264804050913e+01 9.350107198103890482e+01 1.097876477037033709e+02 9.959416422327446128e+01 8.947869663040785326e+01 7.887467059599333652e+01 5.855097419859409769e+01 5.772054026136208194e+01
6.786455232800275850e-02 2.006786455232764865e+01 3.053273089550754804e+01 3.053273075977881845e+01 4.548366537659050834e+01 5.442793568950030192e+01 5.159056438676130085e+01 3.677917660488043339e+01 4.280211103045869692e+01 4.024685023865057332e+01 3.966478388898949703e+01 2.769263669553230400e+01 4.522210081335057197e+01 4.410651754644020173e+01 2.409055145011842569e+01 2.116477665974753108e+01 4.135343237061478305e+01 2.961440090119915070e+01 4.992259601611387865e+01 5.028518429227161590e+01 3.278951474317574366e+01 5.318391857398446376e+01 5.835604347821573867e+01 4.128381122046179286e+01 4.382073427651085495e+01 6.437867497144256390e+01 7.165867243059103942e+01 7.629422866792246793e+01 6.314492196382686728e+01 6.992984208611481733e+01 8.156382253209578437e+01 1.015028453516148801e+02 1.018202553932506618e+02 8.161078633831192519e+01 6.723144955072510243e+01 7.887467060125793239e+01 7.804732887376484030e+01
3.257643153035955086e-02 1.417473396378789374e+01 3.417756591903167163e+01 5.053272809419090805e+01 5.116010032148259512e+01 5.941384452353990753e+01 4.273368356858912875e+01 2.248669756241710260e+01 4.269459446117538448e+01 3.846495065564236882e+01 1.866418430937724793e+01 2.896874216925474599e+01 3.562723314882837400e+01 3.720418128356949694e+01 1.904830752523686854e+01 3.924640670284831856e+01 2.330140197964422200e+01 4.350058084308735573e+01 4.745294018486518439e+01 2.996000873935285469e+01 5.028517412380897156e+01 6.159896684962681945e+01 6.182877631812837649e+01 5.585958631507819661e+01 6.437866730731515474e+01 4.799389230610312751e+01 5.119466512371130307e+01 5.593820232651974322e+01 7.629422866792245372e+01 9.001900550362017839e+01 8.417730893242135437e+01 1.041221085930766748e+02 1.018202553932506618e+02 8.161078633831192519e+01 8.161078633831192519e+01 8.753000278032384074e+01 9.212852450151567041e+01
1.880098487986705744e-02 1.416092806772261703e+01 3.415976456399718586e+01 3.483935556097647890e+01 3.117171518478373571e+01 4.053570602361278219e+01 3.547657300626809729e+01 1.541438632553134269e+01 3.019935310112950333e+01 3.128672761258648904e+01 1.314946779490255047e+01 1.442540680387738128e+01 1.571248794852324515e+01 1.701145066862980926e+01 2.052445906560975075e+01 4.069556865720367966e+01 4.350055679501399908e+01 2.557829912747049406e+01 2.719259969692750545e+01 4.745294017164678735e+01 5.870338469980051599e+01 7.192153974550981843e+01 8.214229772857292744e+01 7.623967578010925195e+01 6.257278413695515695e+01 6.257278413873424228e+01 7.165867243059103942e+01 5.775074690241638820e+01 7.801378390631238346e+01 9.384435741412326593e+01 1.041221085930766748e+02 1.124049993501168956e+02 1.101060214424196033e+02 1.018202553932506618e+02 1.018202553932506618e+02 1.076936868060073920e+02 9.928469825794290671e+01
2.900726248362994752e-02 2.002900722517713916e+01 2.219357350843982246e+01 1.484260415185273274e+01 3.463220621400092369e+01 2.052500383151890873e+01 2.749085634330328531e+01 9.089803725866330453e+00 1.023877370511632456e+01 1.139352535982908954e+01 3.141944390585284808e+01 3.544102732905902542e+01 3.589565138930148436e+01 2.328891652412910318e+01 4.039379840460856030e+01 2.570810676145049101e+01 4.591225516249894412e+01 4.580570797712589837e+01 4.520798088729776509e+01 3.138692280699381953e+01 4.310535932382931890e+01 6.354655114908606350e+01 7.665465746388744606e+01 9.116926105741583797e+01 7.695827043941034162e+01 8.284967970709348606e+01 7.435105539228847249e+01 7.801378390631238346e+01 6.552486670423668613e+01 8.560236495018645542e+01 1.032235648014699194e+02 1.131422366589805222e+02 1.247778682744044545e+02 1.165334795222109392e+02 1.165334795222109392e+02 1.158481504964641289e+02 1.075908600978663827e+02
5.081304048347550645e-02 1.121388495627855253e+00 2.193501030465652146e+00 2.218792882274290434e+01 2.482068294368747630e+01 6.382518845816847808e+00 7.493629956928029578e+00 2.749435659689328304e+01 3.024005509804056047e+01 1.466626201949099695e+01 2.837439506446353121e+01 4.835696949345015838e+01 4.970522300094180679e+01 2.957628654731838580e+01 4.970522984154538904e+01 4.591225516649969762e+01 3.116219145804468482e+01 5.142787275106324785e+01 5.890488112503307860e+01 4.310535932405090165e+01 3.604874387497112309e+01 4.786280754416326744e+01 6.829756650379567873e+01 8.442982327330729220e+01 9.707279303951848703e+01 1.025649613646979077e+02 9.431105686006127087e+01 9.384435741409953380e+01 8.560236495018645542e+01 7.508594263959270165e+01 8.508799613586759847e+01 1.048739468499457104e+02 1.165334795222109392e+02 9.675669663026035039e+01 9.675669663026035039e+01 9.607653832101738089e+01 1.100841317682379099e+02
4.469920835086939326e-02 2.004455776989717108e+01 2.219355877137518362e+01 3.729691775750792360e+00 4.820781226930758834e+00 2.481389061895172787e+01 1.504871435548402658e+01 3.475049822640148989e+01 3.759059682795918178e+01 1.800217769749927044e+01 3.168738996403959618e+01 5.179337503153322331e+01 5.853751263479907863e+01 4.096748358781398736e+01 5.853752473466531825e+01 5.549041613980083554e+01 3.517768977178822354e+01 5.549040677091608842e+01 7.192123132619282444e+01 6.354658263061056545e+01 5.052375809186621325e+01 4.120553170945130717e+01 5.574732412916139168e+01 7.284403720942670191e+01 7.826682929659965282e+01 8.539574661082541240e+01 9.370418593792123829e+01 1.037363904051745749e+02 1.032235648014586502e+02 9.498097149290676100e+01 1.032235648013397054e+02 1.131422366587717931e+02 1.059422033873495224e+02 9.773021593658276629e+01 8.283327171729746397e+01 8.215366009085815335e+01 1.002092188057182796e+02
2.324776005098762310e-02 2.002057707934679343e+01 3.201142888102282313e+01 2.373252499532133442e+01 1.467072315569127561e+01 3.237632720798112729e+01 2.498043730621152392e+01 4.290784341713349903e+01 4.120164166113239190e+01 2.142313419467233615e+01 4.120164166113534776e+01 5.589759478820139549e+01 6.419937186095353354e+01 6.214664525827865305e+01 7.066009517854024580e+01 6.028627102030795726e+01 3.993882199349080508e+01 4.954733353315083377e+01 6.983828677107895544e+01 7.927831855801196070e+01 7.008857370046666801e+01 5.150387869108903516e+01 4.727043453758804503e+01 5.244531915551108625e+01 5.797659922668961485e+01 6.523212350919622793e+01 7.536103116899312226e+01 9.543046205265768833e+01 1.079159056821196288e+02 9.973999184884632996e+01 9.719936719952356441e+01 1.053651038934056885e+02 9.453224934469348284e+01 7.799363799423589683e+01 9.201058477153671333e+01 7.227199006962834460e+01 8.311267894372377896e+01
8.699724428260374731e-02 1.422920300414734207e+01 3.423546445303070129e+01 4.178029770572879187e+01 3.363975514607886907e+01 4.176789838822448786e+01 4.451851936800066767e+01 4.451852122646948118e+01 4.641028370657609514e+01 2.623729980822841767e+01 2.922361816193640038e+01 3.555674905024412169e+01 5.001219850142611278e+01 7.010618850276772207e+01 7.682040131235778802e+01 5.657044144150879106e+01 4.558903479992265773e+01 6.592715783392615947e+01 6.983828677107895544e+01 9.002355590045516465e+01 7.190997557827159881e+01 7.190997557827159881e+01 5.917005914420187196e+01 6.403093989834106026e+01 7.826682929659965282e+01 7.457779450610100014e+01 9.370418593792392414e+01 1.037363904051867110e+02 9.973999184884632996e+01 8.015594481697348783e+01 7.761439701173436845e+01 9.403592524984354384e+01 8.568754163617205677e+01 6.656282774731798213e+01 8.032162793297570147e+01 6.696719446793575514e+01 8.673522343789846900e+01
2.249585233037712170e-02 2.002249585233002094e+01 2.814674180198531062e+01 3.273505647939693830e+01 3.773505647939702357e+01 4.440172314606380866e+01 5.268599439352600911e+01 6.417113674580680538e+01 5.206763084969573185e+01 3.166977564207806850e+01 4.946525490624308929e+01 5.589759478820139549e+01 5.001219851105986436e+01 7.010619830041650857e+01 8.516589041877929844e+01 6.592715783392614526e+01 5.580767120430351724e+01 5.849482214943637359e+01 7.281495469753528482e+01 9.296372341276813245e+01 9.207870139335776116e+01 8.777983250629922907e+01 7.945706733726473203e+01 8.426717209706727374e+01 9.258650414579952326e+01 9.468115175769372627e+01 1.029899167653882870e+02 1.082182808473780398e+02 9.841545505644690195e+01 8.589197938953272171e+01 6.620640550474031727e+01 7.708832311303466156e+01 7.374643770767976036e+01 5.766725686639323101e+01 6.051771175219100485e+01 6.434603863458882245e+01 6.832036914201819400e+01
2.739267172789772165e-03 3.782383997265070352e+00 8.146741801984955345e+00 1.273505647939623131e+01 1.773505647939632013e+01 2.440172314606310522e+01 3.854385876979455361e+01 5.854385876979525705e+01 5.924820405535584200e+01 3.893847602924103057e+01 4.837178788968022758e+01 6.851224619122204729e+01 7.010619830041650857e+01 7.838654523772756022e+01 9.445840549472917758e+01 8.438867901673454242e+01 7.014384333702246010e+01 7.871640435028807303e+01 8.705695649085159005e+01 8.710757343804550601e+01 8.730919954066251876e+01 7.913005102212773068e+01 8.091273055320836249e+01 7.683865577736087005e+01 8.484735513487102310e+01 9.300546317534271168e+01 1.043307699636276027e+02 1.000451238855929716e+02 8.049170248121811255e+01 7.062774172925273319e+01 6.360906859821455583e+01 5.730486483459863223e+01 5.387887745972008702e+01 7.374591943029538754e+01 8.032154775587341078e+01 8.412797544347031931e+01 8.807891948040288810e+01
8.327778614586213435e-02 2.008327778614550851e+01 1.532938938105768756e+01 3.273505647939693830e+01 3.773505647939702357e+01 3.187719210312751983e+01 3.854385876979455361e+01 5.854385876979525705e+01 6.753343479887848844e+01 4.922110430089229993e+01 6.753343479887848844e+01 7.679463153790817387e+01 7.722490698166721756e+01 7.665617575407021889e+01 7.665619662798735590e+01 8.501164115785230990e+01 9.029726699919966393e+01 8.393901600256495499e+01 7.577205692322647224e+01 6.747402507330906474e+01 7.597617088267205077e+01 5.954906208824719727e+01 6.132430000217169663e+01 5.728161725579114716e+01 6.522631439989095270e+01 7.653378357055834158e+01 9.619454276048178087e+01 1.082182808473780398e+02 9.841545505647206937e+01 9.026841318340557052e+01 8.332062313156403377e+01 7.115955641422223721e+01 5.124823835124407623e+01 6.536158502377097079e+01 8.513864354921597055e+01 9.058930617887091330e+01 9.058931166053247352e+01
6.510866554257997707e-02 2.006510866554222616e+01 3.532938938105839100e+01 2.947152500478888726e+01 4.947152500478959070e+01 4.342419748692044124e+01 5.854385876979525705e+01 6.682813001725845936e+01 7.754878091256533423e+01 6.927530380981946223e+01 7.754878091256533423e+01 7.155716943274016728e+01 5.753091899906207374e+01 5.697398829626833106e+01 5.697398832388883250e+01 7.665619662798735590e+01 7.880694250387645639e+01 7.577205692322647224e+01 5.622073692420114099e+01 5.369161825668442134e+01 6.723460090836749714e+01 4.833289943812992107e+01 4.757687969615378876e+01 6.706161847776866125e+01 7.692455501050305600e+01 8.516252071357274644e+01 9.512413977387326725e+01 1.053628799378562633e+02 9.393508729976321092e+01 8.572317808891764912e+01 8.301142523254780770e+01 6.319699625831562173e+01 4.904681784052037585e+01 6.900035499126573768e+01 8.479589930338300974e+01 7.080600533586904533e+01 7.080600534360503673e+01
8.953482861371392376e-02 2.008953482861335971e+01 3.367314088606204336e+01 4.947152500478959070e+01 5.775579625225179115e+01 6.342419748692114467e+01 7.170846873438433988e+01 7.440649527865920732e+01 8.031423514653754125e+01 6.893262526881657948e+01 6.069338632859745530e+01 6.176026264557349776e+01 4.384766884955498512e+01 4.329610591827145782e+01 6.273877366743309381e+01 7.310359795510862568e+01 5.923084077530950253e+01 7.310359792336458895e+01 6.194718613658749717e+01 4.245766920689579393e+01 5.423323212982697328e+01 3.961005484926804598e+01 4.503810536631221595e+01 5.088779480394811117e+01 5.734096992208796451e+01 6.708256554451996578e+01 8.678930219306931804e+01 9.713298587052072719e+01 7.737061908818948552e+01 6.592874362524632659e+01 7.514260781348782814e+01 6.688540734575103386e+01 4.690134103105233265e+01 6.392395607708021288e+01 6.666883677511812323e+01 5.673761629976115728e+01 7.289078017280375832e+01
