MOVIE_S10_data/elevation_000826.asc
nrows	100
cellsize	150.0
xllcorner	0
ncols	100
yllcorner	0
NODATA_value	-9999
[rows 34 to 50 of 100, columns 37 to 73 of 100]
3.986493997897870400e+01 5.969928830454939117e+01 6.091102652314589250e+01 8.122298251232402322e+01 8.641927847897228787e+01 7.199906475652663573e+01 7.797919665403563272e+01 8.358583449160259704e+01 8.546756183159614295e+01 7.702272161800983952e+01 6.138750560166812420e+01 7.563101537009383435e+01 9.613676792159259321e+01 1.009685383302640531e+02 8.116340799428868991e+01 7.069731304427806151e+01 8.116340799428868991e+01 1.009685383302640531e+02 1.024930900084634828e+02 9.088172405148667110e+01 8.191537577020250183e+01 7.359073916991326314e+01 6.823636485502980520e+01 5.738483193802957771e+01 3.780862768198436896e+01 4.385670983509610465e+01 6.380578658453469387e+01 7.200702222690799204e+01 5.779389080845279381e+01 6.369498397502965759e+01 6.983912677649352929e+01 5.157127902499877337e+01 6.983912677649352929e+01 8.443382171382333468e+01 7.230102202097393160e+01 5.238108657780059474e+01 4.085510750761638121e+01
4.628408814595337617e+01 4.457610951448069159e+01 6.463824708530054863e+01 7.915298198037176292e+01 9.087976436546911430e+01 9.241651218583614025e+01 9.839426788269575752e+01 1.040386671973052444e+02 8.690452210820674850e+01 6.650354017621465630e+01 8.163701123909439161e+01 7.563101537009383435e+01 9.613676792159259321e+01 1.092290261066260939e+02 9.052004772936044219e+01 7.732448093219602470e+01 9.711783112793115436e+01 1.092290261066296182e+02 9.413826309261575886e+01 7.405116819714702103e+01 6.252764118829274054e+01 5.362634357989696809e+01 4.847381489595215243e+01 5.933854924775796036e+01 3.936420993175790528e+01 5.933854924775801720e+01 5.384008615699043787e+01 7.377148628903938743e+01 7.794149895248396831e+01 8.381978869401108057e+01 7.983014446828723010e+01 7.148129694306709325e+01 7.983014446828723010e+01 8.333792977574479721e+01 7.187924892589821013e+01 6.297558962720216158e+01 5.474949090781852590e+01
5.327414483281064150e+01 5.262205957369289422e+01 5.046837830869537811e+01 6.215513114378823900e+01 8.250227914435167520e+01 9.401383704446385536e+01 1.041393436683648730e+02 1.110806761712449884e+02 9.078226045591543425e+01 7.026319775674893719e+01 9.078226045591543425e+01 9.613676792159259321e+01 1.045608898206676827e+02 1.186255746564075650e+02 1.053600015476967684e+02 8.876440205135300232e+01 9.348501635190810077e+01 1.132820032110105331e+02 9.675848307115471414e+01 7.666073214055060703e+01 6.512508255817427028e+01 7.359073916991326314e+01 6.172778677343248432e+01 4.160953700399067401e+01 5.089708656624765126e+01 6.710316635882259106e+01 7.377148628894011040e+01 6.644080411329274227e+01 8.054056377705219916e+01 1.004975301181554670e+02 9.185164673393207124e+01 8.361876258318295640e+01 8.510475201305779080e+01 7.514458560074160687e+01 5.527000856821994290e+01 4.372340603188121833e+01 3.475833989192728524e+01
7.358942433143656103e+01 6.167917986692262389e+01 6.215513114378823900e+01 5.808769585574980709e+01 6.530406895013577184e+01 7.550008615940581080e+01 9.578475907223692332e+01 1.026831898040522191e+02 8.207017551579185977e+01 7.488277610010855767e+01 9.551580097894732546e+01 1.120090826028280588e+02 1.211385801213355364e+02 1.328179703124507682e+02 1.168092715952916052e+02 1.085288274552486030e+02 1.132820032110105331e+02 1.109744201322126429e+02 1.051156266528004011e+02 9.349896461284502891e+01 8.515504116126437850e+01 7.735442591096999365e+01 5.741070612644117688e+01 4.329953777669413029e+01 6.319850024933154486e+01 7.035608637927381892e+01 8.900936053707894757e+01 8.638582388644958598e+01 9.466502272086447078e+01 9.769425649064974948e+01 7.778850210961030598e+01 6.362402151401118289e+01 6.511940551851574810e+01 7.896421430018699539e+01 7.030662272483372988e+01 5.787085892451052871e+01 4.476973631987807778e+01
9.040706557473673399e+01 7.344993640749426334e+01 7.656096432501699667e+01 7.250505157794000866e+01 7.472780237861364583e+01 8.564242261582131732e+01 1.041393436683648730e+02 1.026831898040522191e+02 1.026831898040522191e+02 8.520391415963804604e+01 8.296244519744267620e+01 9.226857406999673117e+01 1.042094238373512951e+02 1.245316722519354755e+02 1.154052666829771994e+02 1.070380602806599626e+02 1.051118330274269823e+02 9.095573635144222635e+01 9.942796515362744003e+01 9.111379204661274400e+01 8.809118098067708047e+01 6.812729445865886646e+01 6.495603587862798634e+01 4.501264702952688879e+01 6.495603022511532743e+01 7.706855072208242063e+01 8.429618992904021013e+01 8.429619009726938827e+01 1.042996823264344641e+02 9.374866745992316908e+01 8.384389254962013638e+01 7.097297798240435895e+01 5.094204474934537075e+01 6.196045264487154469e+01 5.722676714132880704e+01 4.331345346775333383e+01 2.928084161402542662e+01
1.021057542006272598e+02 9.374781830525871840e+01 9.684588195978081160e+01 9.280827732137068153e+01 9.502130076923066326e+01 1.033770402077662993e+02 1.142242193883475778e+02 1.230508297346955544e+02 1.142072152894330088e+02 9.985171812052928431e+01 9.763056621927269418e+01 9.763056621883592356e+01 1.180705603949834739e+02 1.204484536562816999e+02 1.070380602806599626e+02 8.698209938846737543e+01 9.285480195822466953e+01 7.679203567145911791e+01 8.309453571630403701e+01 7.111407416550976279e+01 7.970703283140335316e+01 6.812730008796349068e+01 4.819787959599267424e+01 6.495603587862798634e+01 4.886381601818161613e+01 6.879101938010660433e+01 6.434029113103052566e+01 7.844002156412965121e+01 9.843423159351770835e+01 8.557141707868629510e+01 6.573373343911681843e+01 5.573626750863159884e+01 4.865916368322555030e+01 4.198064070467933817e+01 3.796663668539023462e+01 3.429943662767046675e+01 4.687201728546495616e+01
1.045194859616710943e+02 9.625254943939620489e+01 1.045194840892213790e+02 1.028284566704988379e+02 1.028284566565824178e+02 1.110978451395299942e+02 1.100237422752838654e+02 1.100237422753308607e+02 1.182953810653279163e+02 1.202549548424572947e+02 1.180705624135033531e+02 1.180705614756368504e+02 1.263875469532562335e+02 1.119340129293557027e+02 9.179993683165568541e+01 8.177467249359044388e+01 7.281537176266924405e+01 6.681579673446955780e+01 6.313681921215579962e+01 5.963246617596671939e+01 7.142466759378982033e+01 5.150535125748341159e+01 6.812730008796349068e+01 7.640519806263550606e+01 6.879103203903486019e+01 5.285654708641345678e+01 6.097352023958123368e+01 7.506111856011372652e+01 9.505168977741253400e+01 9.374866745992316908e+01 8.384389254962013638e+01 7.565257525890152124e+01 5.831060512581206012e+01 6.196045264487154469e+01 4.953413975760654608e+01 5.430309384082324442e+01 5.514857158120067027e+01
9.454934864976543452e+01 7.631968439065470022e+01 9.454933797999954947e+01 8.289091778755781093e+01 8.289091778755712880e+01 1.028284566565824178e+02 9.007789615228526259e+01 9.007789615228526259e+01 1.100237422753308607e+02 1.144648521695547743e+02 1.062346381791678596e+02 1.144648521695547743e+02 1.186987828495821731e+02 1.203975094927683926e+02 1.091602523443661141e+02 8.911956215024483186e+01 7.495342895775840475e+01 8.680969624995046274e+01 8.309411802956736892e+01 7.486657611037568927e+01 5.494985248027423808e+01 6.557709036742220121e+01 7.967308707511614330e+01 8.967180357979191285e+01 7.604916409033336322e+01 5.613108181327488211e+01 7.604916212131365683e+01 7.724739390500633363e+01 9.724062165349133124e+01 1.059477082877484975e+02 9.769867164239121848e+01 8.639418796571560222e+01 7.820041174364921233e+01 7.765474418774736876e+01 6.945855152786809583e+01 6.110370671258210251e+01 5.075512795337164818e+01
8.628611690858890881e+01 6.627306148399621577e+01 8.628611690858890881e+01 6.874181628401694866e+01 8.117548005492481877e+01 8.652354583252974862e+01 7.598722361807357117e+01 9.591989922520812684e+01 1.087623396757536938e+02 1.005278864666367156e+02 8.637976081082013025e+01 1.025759778813230980e+02 9.891883344330817351e+01 1.186987828495821731e+02 1.056975726662663817e+02 8.566431198619537213e+01 9.498934440844413984e+01 1.033154069922787954e+02 9.275869241909261120e+01 7.856649236135133663e+01 5.864117636866065908e+01 7.856198900626179693e+01 9.366110683844190987e+01 8.137897921252428546e+01 6.143663709043878640e+01 7.604916409033336322e+01 6.870800558996192819e+01 8.868153112048469211e+01 1.055443263474047484e+02 9.722395049699255765e+01 7.779460276992732304e+01 8.144706746147446097e+01 7.591129383742386949e+01 7.091881717460896084e+01 6.716572519610198810e+01 4.717822458492757676e+01 3.299858767710525598e+01
7.961509843396321173e+01 5.949426880909196313e+01 7.961509843396321173e+01 6.107945320810242151e+01 6.107945320810241441e+01 6.651291601081950944e+01 8.652354583252974862e+01 1.041866385089569462e+02 9.729340046604532688e+01 8.066582235918852462e+01 7.645390964315079430e+01 8.274065208527889581e+01 9.417695742382393576e+01 1.140492531931721487e+02 1.140418462467201266e+02 9.722442629283806070e+01 1.140418462467201266e+02 1.043216065249425952e+02 8.445502997616380014e+01 6.448800234889415606e+01 7.270993731115459013e+01 8.685765050483567506e+01 1.005354382441285708e+02 8.537321246987959000e+01 6.540204618310320939e+01 8.537321246987959000e+01 8.282306350874735301e+01 9.697920804968434538e+01 1.004605082852778395e+02 8.057792579427197666e+01 6.904760436989653272e+01 6.148755181059906505e+01 5.594138718616436989e+01 5.094119660152120588e+01 6.425961031691304015e+01 5.442447908263901724e+01 3.439634995209586066e+01
7.380671523400130241e+01 5.358609487906516478e+01 6.856833941727461479e+01 5.385437375616379541e+01 7.407046162577179871e+01 8.652354583252974862e+01 9.478683357406808341e+01 1.071199808968852807e+02 8.906073009024312626e+01 6.913740199486437632e+01 8.906073009030072285e+01 1.025759778813230980e+02 1.107952618313552193e+02 1.222601959506008455e+02 1.256441497729179559e+02 1.172721058623535129e+02 1.075662354834964987e+02 8.754979301341232656e+01 7.599556607645548922e+01 6.979468959901483061e+01 8.980133540064332465e+01 1.009387105883826337e+02 9.223684439294257231e+01 7.222609060929035252e+01 8.537321246987959000e+01 7.951311413812874207e+01 9.952074133923230193e+01 1.111353525906212099e+02 1.087080087910223796e+02 9.722395049699255765e+01 8.898129393191076986e+01 8.144706746147446097e+01 7.591129383742338632e+01 6.425961031691289804e+01 4.426894499807078631e+01 3.999330318570078902e+01 3.580457596323650904e+01
6.840252695132221561e+01 4.811317168882809625e+01 4.828106713209756862e+01 6.856833941727461479e+01 8.235253733613714644e+01 8.301523266686935187e+01 8.266880889413259581e+01 9.092732444400871827e+01 7.898904940601123315e+01 6.481401150305418923e+01 8.481419950385904372e+01 9.086003279687068357e+01 1.107620303007600739e+02 1.163199827731316134e+02 1.245735820885727492e+02 1.225947477769325218e+02 1.158924462601252117e+02 1.043216065249428937e+02 8.612749781230978385e+01 8.980208099216375217e+01 7.979063545220863318e+01 9.981352653211916959e+01 9.758750071974803575e+01 7.756717795046731112e+01 9.758750071974803575e+01 9.952074133923230193e+01 1.078257117041567170e+02 1.093022913123023869e+02 9.936530428966150907e+01 9.113506312261011999e+01 9.390816334708496527e+01 8.567090333867285779e+01 7.433750536401794307e+01 6.608493979438718213e+01 6.425885979481998334e+01 5.744344126374571857e+01 3.743558812559401616e+01
5.918421776370271203e+01 4.301916814728636496e+01 6.333018826556055814e+01 7.488065997449699296e+01 6.657829966020192103e+01 6.292190565511144484e+01 6.258689258698615987e+01 7.341203943044226321e+01 7.579229822136370842e+01 6.080805841607897833e+01 7.092555805288382942e+01 9.086006056292968935e+01 1.000530499205876964e+02 9.639714018870712664e+01 1.063002086613097816e+02 1.026380945633839872e+02 1.225947477769325218e+02 1.144779538940735080e+02 1.061521011599278950e+02 9.613844696936926937e+01 9.395001160047652888e+01 1.081288999350349940e+02 1.042546781330614465e+02 8.425314589312128533e+01 9.758750071974803575e+01 1.175977094396172049e+02 1.151101769159691628e+02 9.525985342393674671e+01 8.119624767921393982e+01 7.121040247307526272e+01 8.117273253749172568e+01 6.573188253206544118e+01 6.608493953085141470e+01 4.610658875591011707e+01 5.976113232753509408e+01 3.976335002433601318e+01 5.744417021159615189e+01
3.889857163802397366e+01 5.918421865169644747e+01 6.175002485377900285e+01 6.348014737698898102e+01 4.625752505218350308e+01 4.850015671545697415e+01 5.079263945035752670e+01 5.316674047680252357e+01 5.559337316725981992e+01 7.579227709730494666e+01 8.389761584257200866e+01 8.748081209158777938e+01 8.017459650810258154e+01 9.693287028596394350e+01 8.642908320068175954e+01 9.633177829182081098e+01 1.104132359975962459e+02 1.304048324467171938e+02 1.245081632889015566e+02 1.161657553504866343e+02 1.139693038032677350e+02 1.183893972640593262e+02 9.839988576866774395e+01 9.839988576866774395e+01 1.125592934153692823e+02 1.136280584641331046e+02 1.036987518256759131e+02 9.547174110732294139e+01 9.936530428953155081e+01 8.117273293246260835e+01 6.121307310744855812e+01 5.518790647299569230e+01 4.941855238247255500e+01 6.286536039769990225e+01 4.287776040570945923e+01 5.976261431580106631e+01 4.333737178643632859e+01
5.569332566001886420e+01 3.984323329756451670e+01 4.143422479264155811e+01 4.315480346077188756e+01 4.606034436358005735e+01 6.638345009787187223e+01 7.107450910830709745e+01 7.341203943044226321e+01 7.579229198026858683e+01 6.036933309642886769e+01 6.387787216337976304e+01 6.753054984131898664e+01 7.173880144302313511e+01 7.708384748035962275e+01 8.852866665739767882e+01 1.084132259411628922e+02 1.245311890200215856e+02 1.233574012794101407e+02 1.151662867280520146e+02 1.140720876473825598e+02 1.222654230857437909e+02 1.267187010620696128e+02 1.183893972640593262e+02 1.183893972640593262e+02 1.194317110304541814e+02 9.958751291618862922e+01 8.554373823799828358e+01 7.556469331521063282e+01 8.483097647586306778e+01 8.099013630574413014e+01 7.316441978747445773e+01 5.319609518500697476e+01 6.939059612624851070e+01 7.112775303888871292e+01 5.442890548958718000e+01 6.592337729413308978e+01 4.594579978616722826e+01
3.761063901674135934e+01 5.788173950163429282e+01 4.597840971373241814e+01 6.347933794277248154e+01 6.638242006561016240e+01 5.032979377471060900e+01 7.061273588427761183e+01 8.324650116931441346e+01 8.871672130392890665e+01 8.046429003694493076e+01 8.389763921388930612e+01 8.748081209158785043e+01 9.162799580019007806e+01 8.238167339291308622e+01 1.022458388929378685e+02 1.166741798920637763e+02 1.291940346697950588e+02 1.093558032810308447e+02 9.523589897071694566e+01 9.413465013966276729e+01 1.107810831210794333e+02 1.168616389910417723e+02 1.250504168850682589e+02 1.219643870232302021e+02 1.120468814112406051e+02 1.038218726345857590e+02 9.680424003842551883e+01 8.483097647586309620e+01 6.487338552066972852e+01 6.102692724699381444e+01 5.731720522109336002e+01 6.074880705533329461e+01 8.070845917577435102e+01 8.307317986604694227e+01 7.452075079967218585e+01 6.859172431992460872e+01 4.862033013073337884e+01
4.435097084813339308e+01 6.470445523194118209e+01 6.629282501115208959e+01 5.280243533772987519e+01 7.303694031557265021e+01 7.061273588427748393e+01 5.476036863259631104e+01 7.497160272930078406e+01 8.450457388488473498e+01 8.965301694242695874e+01 9.516889269867718326e+01 1.034305391665698721e+02 1.105018598177460376e+02 9.382778542190136761e+01 1.105018598177460376e+02 1.251267104179206484e+02 1.170338396950541124e+02 1.157517472519312349e+02 1.025612027353491271e+02 8.262362355596607699e+01 1.025612027353491271e+02 9.695705870790091296e+01 1.168616389910417723e+02 1.137303001287153279e+02 9.391344514045610481e+01 8.397301024810317926e+01 7.690660305086274207e+01 7.173732730861209461e+01 8.433791721232920224e+01 6.438377180868673122e+01 7.728306144848022541e+01 7.074523718462889121e+01 8.894736718739132186e+01 8.472091133802111074e+01 6.480576985192310246e+01 5.326779673600216114e+01 5.464678063925868656e+01
