MOVIE_S10_data/elevation_000657.asc
nrows	100
cellsize	150.0
xllcorner	0
ncols	100
yllcorner	0
NODATA_value	-9999
[rows 51 to 67 of 100, columns 37 to 73 of 100]
7.836249289537973084e+01 6.179006290583387795e+01 5.848744035634242522e+01 7.815744733681692935e+01 9.706867042906488052e+01 9.474843195355001058e+01 9.543485911068626137e+01 7.719351147973600291e+01 9.543485911068626137e+01 1.041511968205030740e+02 1.124526142627500747e+02 1.171896369277078378e+02 9.724994489452863888e+01 8.573310514037132180e+01 9.043425038455241349e+01 9.335507157861671601e+01 1.074611572950774985e+02 1.206871238245085323e+02 1.110287406447973382e+02 1.027018568498483546e+02 1.027018568692027856e+02 1.086220947844500699e+02 1.003489435600559005e+02 1.018399053037915110e+02 8.824943541339661124e+01 7.410408992350328106e+01 7.149964423693684523e+01 8.885052718852097087e+01 8.227005397864630254e+01 7.121403986721374224e+01 9.121455728484453118e+01 9.739230998713841814e+01 8.027168827484224778e+01 6.000080981816675774e+01 4.992131456559680913e+01 6.389778482716797470e+01 5.976803509906844170e+01
8.979577842016161071e+01 8.151594251751893694e+01 7.233321592913041798e+01 6.891698687325261119e+01 8.291384967262530381e+01 1.029030774997794992e+02 1.054113834052941598e+02 9.711787314156035222e+01 1.054113834052941598e+02 1.153511969900927880e+02 1.236383630879538060e+02 1.254600228782115892e+02 1.139433067675207099e+02 9.570811367405454462e+01 1.103778513354230739e+02 1.132983756185900575e+02 1.122248338762735784e+02 1.111165526424525467e+02 1.027018568483454146e+02 8.244864762846029294e+01 8.244864762846144401e+01 9.504686330296378571e+01 1.033903898098367904e+02 1.164969226829782656e+02 1.023731790481874953e+02 8.824943541339661124e+01 8.305424583843991115e+01 9.977328060633033147e+01 9.828252591362509349e+01 7.829129172712708851e+01 9.828252591362509349e+01 8.895102519799335994e+01 6.859617585341069912e+01 5.851721577512093120e+01 6.156268047651610686e+01 7.855973541451923836e+01 7.354145971665047909e+01
8.378085568021928964e+01 9.199456658579444479e+01 9.221838578852523938e+01 8.291384967262530381e+01 9.706867042906488052e+01 1.087510817161213623e+02 1.004964996734313729e+02 9.682244820694997145e+01 1.028151820782432537e+02 9.553001703691991509e+01 1.095221886255206698e+02 1.294236680390293088e+02 1.239164650338079525e+02 1.156467870555326272e+02 1.239164650338079525e+02 1.062847786494176887e+02 9.203400436931558204e+01 9.091820649710213331e+01 1.009563298794260646e+02 8.070880550414896959e+01 6.808281578345668095e+01 7.476978750845893273e+01 9.504686330296378571e+01 9.816852179371691989e+01 1.065040608242651246e+02 1.082251842897393033e+02 1.030365588469304328e+02 1.113077083945450170e+02 1.065537850248228153e+02 8.984239367822544864e+01 1.065537850248228153e+02 9.739230998713841814e+01 7.877360052570199400e+01 6.859617585341069912e+01 8.184796151419649846e+01 9.028596874775182357e+01 8.197089852891193118e+01
6.447138482796142966e+01 7.547779538996793747e+01 9.512304696585663066e+01 1.029030774995854500e+02 1.032206266443122189e+02 9.496466424420258079e+01 8.055118338591887550e+01 7.683076762576591534e+01 8.293953235928587731e+01 9.700720989554368145e+01 1.168368673371246160e+02 1.275284811067041062e+02 1.154281766420874504e+02 1.068751411965742335e+02 1.096134264657218296e+02 9.794776141412214088e+01 7.767535737092356385e+01 7.655566450605888917e+01 9.039278878381966820e+01 8.070880550603578740e+01 6.042752685048147754e+01 8.070880550603578740e+01 9.482745993740093127e+01 7.790234672131839488e+01 9.482745993740093127e+01 1.030979942490189956e+02 9.475508745143967815e+01 9.737698500027588011e+01 1.057149716952569207e+02 1.098119609584808529e+02 1.180829396323675269e+02 1.075818420980422587e+02 9.739230998713841814e+01 8.895102519799335994e+01 9.739230998713841814e+01 1.071689084170348565e+02 9.213339214403428912e+01
7.345950935886496325e+01 9.199456669829467614e+01 1.033894533406884193e+02 1.032206266443005802e+02 9.165899971950203451e+01 7.490054008211366465e+01 6.878843134527674863e+01 7.563884861249391633e+01 9.565217461212262151e+01 1.028151820594069363e+02 1.226847892358370160e+02 1.191505620657143822e+02 9.788890943607235329e+01 8.486885710308854414e+01 8.777285057919145572e+01 1.029523866825522020e+02 8.512636732937939144e+01 6.483850063048431878e+01 7.011377061089957863e+01 7.341393986659321058e+01 5.536104919352930409e+01 7.563848583952484717e+01 8.646784015372897159e+01 6.617905423146264354e+01 8.646784016022351693e+01 9.141376327627808962e+01 7.447759032898034093e+01 7.711255485729917325e+01 9.737698500027588011e+01 1.086527960948568108e+02 1.109498503443486186e+02 1.027056473729481070e+02 1.027056473729481070e+02 1.003874900097976166e+02 9.454906981081256845e+01 8.721519156734117928e+01 1.013135162740746722e+02
8.159178173088305641e+01 9.031139966571886646e+01 9.863106441893474141e+01 9.496466424420258079e+01 7.490054008211366465e+01 6.303718061719946775e+01 8.338063675816647446e+01 9.565217461212262151e+01 8.726155747831077747e+01 9.873090368632338709e+01 1.185654533640949921e+02 1.219549931667163065e+02 1.103366828455799435e+02 9.416980715133682622e+01 7.358130786960367686e+01 8.750247328745530240e+01 8.385573571476852806e+01 7.605335748734523804e+01 5.577960584843899028e+01 5.313511584917231545e+01 5.057700939363088821e+01 6.769152585951879075e+01 7.022355834736136160e+01 5.901104635410017352e+01 7.929467110261013829e+01 8.304786902929599535e+01 6.275915818188384065e+01 8.007880283666970911e+01 8.007880283703019586e+01 9.857139730838942171e+01 1.027056473729481070e+02 8.272886816354429129e+01 8.272886816354429129e+01 8.038308967074942757e+01 7.451534857242728549e+01 7.301633544724013802e+01 9.305949992274024396e+01
8.695358288716559514e+01 7.002719318532612647e+01 8.695358288716559514e+01 9.492377360057618318e+01 7.994196505548229936e+01 5.953582635356063690e+01 7.405293066964222248e+01 9.415935173905870670e+01 1.071139707692428971e+02 1.153782489564409843e+02 1.268632175524488588e+02 1.136525652063988474e+02 9.349606120662072328e+01 8.181633319091426415e+01 7.270429520524245959e+01 6.719829784536543116e+01 6.356788437840096151e+01 6.009954107845103266e+01 7.605335751794264354e+01 6.747463696108086140e+01 6.769152589148070831e+01 4.741640131147487125e+01 4.994607279917567411e+01 7.022355834757766502e+01 8.461884781393938226e+01 7.624597795027939640e+01 5.635009239585647833e+01 5.979470087580163806e+01 6.993791257576386045e+01 9.021969309829647443e+01 1.027056473729481070e+02 8.272886816354429129e+01 6.850425590207277082e+01 7.960181633852181449e+01 6.025033934303611716e+01 7.401655501084179889e+01 9.406154318007372694e+01
7.860030759396619260e+01 5.819773885649912160e+01 7.859760975547546025e+01 8.031650196589994550e+01 6.640146917459534848e+01 5.624406257883193661e+01 6.984017645058382584e+01 8.905789530067440296e+01 1.103253351812261940e+02 1.024397106338036565e+02 1.105776138800841153e+02 1.180243378426370242e+02 9.792810748952264532e+01 8.364027979674584401e+01 9.303076608783877077e+01 7.735372131810353835e+01 8.385573572477106552e+01 6.684422564331562455e+01 8.714248407377455408e+01 8.775268549212302105e+01 7.607410415659958858e+01 6.459959843734661433e+01 4.435517203540047859e+01 6.183183741582203652e+01 7.021622459774884817e+01 5.596935317335429261e+01 5.024602114313132972e+01 7.051678547722842438e+01 8.844793169666895949e+01 9.857139730838942171e+01 1.079492707649485652e+02 9.683935925394655442e+01 7.960181633852181449e+01 5.946387023470553856e+01 5.384782047111604442e+01 6.842275450744162413e+01 7.672516905933333931e+01
6.305326331584683430e+01 5.106091009549240312e+01 6.622497876213348889e+01 6.786505072193384080e+01 5.196785546677423895e+01 7.232927678878094468e+01 7.667436773883964918e+01 9.678439208576469355e+01 9.271454937217654901e+01 8.326854650698280125e+01 9.674911373194082387e+01 1.161780268524739483e+02 1.121237418053960084e+02 9.531580629317289777e+01 9.765122525680706644e+01 9.765122525680706644e+01 8.342669548858532380e+01 8.120740582895626858e+01 8.714248407432155830e+01 9.064075761176188450e+01 7.037175908957912895e+01 5.602815204739751209e+01 6.183182646391007609e+01 4.164246975681879093e+01 5.913391967882999012e+01 4.431431973766334664e+01 6.453926318115034633e+01 7.889685512382179411e+01 7.813270857237493772e+01 8.650101096400715051e+01 9.969968588156120859e+01 7.969742298860327878e+01 8.336790661864354490e+01 7.625792373659876944e+01 6.842275450744162413e+01 4.823901107608997307e+01 6.842275450744162413e+01
4.300941371808247027e+01 4.450021233253404063e+01 4.604565003699877934e+01 4.800893384469487302e+01 6.822343887862365364e+01 7.555765838923124988e+01 7.896560687885930463e+01 8.432023511750719535e+01 7.323533131704985522e+01 9.271454937211731817e+01 1.024397106335841556e+02 1.219701847344247341e+02 1.237195020442769788e+02 1.154231201540529526e+02 1.178125588444359551e+02 1.120018835715934529e+02 1.036758472729051590e+02 1.014710304680276920e+02 1.073692009392762117e+02 9.655482178121734194e+01 7.630841130886639689e+01 7.630841117045493149e+01 7.021615194693423234e+01 5.913391967883899980e+01 3.901647012793950609e+01 5.693892597987178306e+01 6.531744390226633357e+01 6.380549138280031940e+01 5.787096369222309278e+01 7.813270855639969170e+01 9.399862884596034007e+01 8.336790661864354490e+01 6.325783817858703628e+01 5.610707993100008650e+01 4.971923355991674498e+01 4.462862533149179711e+01 6.479764717242262861e+01
6.089811382004702978e+01 6.460935553553028399e+01 6.622497876213358836e+01 4.977379604173741257e+01 5.216111467564548576e+01 5.542365763439517679e+01 5.886884159644796455e+01 6.445017993470460738e+01 8.432023511747790678e+01 8.750510142624501952e+01 1.012398429380075129e+02 1.207854503733412912e+02 1.217517874475126121e+02 1.134975667910020434e+02 1.109121190347558468e+02 1.191662066274813299e+02 1.207997084813295317e+02 1.153531030463525866e+02 1.037047033404648033e+02 9.536524402261146349e+01 8.770131347902035657e+01 7.934687557361864663e+01 6.485510436421752445e+01 4.462766192695737288e+01 5.693892597987178306e+01 3.688138969725058303e+01 5.478232631817509457e+01 4.362908095496813132e+01 5.367581358514136980e+01 6.536627849702784943e+01 8.564049126841470638e+01 9.163805884617130459e+01 8.336790661864354490e+01 7.491440043274020866e+01 6.128667112743421796e+01 4.115599511470798433e+01 5.538758667629792853e+01
5.496440767988236331e+01 7.522338710423726127e+01 7.313135329642884130e+01 5.247319709531138443e+01 5.970565176132899410e+01 7.555775696894284010e+01 7.896560687885930463e+01 6.568121268609073127e+01 7.136016646485252579e+01 9.107598940035295243e+01 1.007984042496899662e+02 1.203362743309617997e+02 1.134975667910020434e+02 9.352854355757573046e+01 9.093328711705089518e+01 1.008482992957611089e+02 1.008482992957611231e+02 1.070376258947182606e+02 8.682046744694196150e+01 7.508838973753533708e+01 6.741475485788518540e+01 7.096722067624922659e+01 5.069562419069784909e+01 6.485510436421752445e+01 6.531745254079592655e+01 5.478232631817509457e+01 3.477625737494300040e+01 5.275695583170716674e+01 6.110772374216100644e+01 7.531011291254549178e+01 7.430130093141981718e+01 8.269610279807689324e+01 8.083393979180917199e+01 6.071702371741105253e+01 4.645456640678100513e+01 3.829842380975086513e+01 5.838106506279445540e+01
7.522336705721052397e+01 8.358168158906741496e+01 7.602637950613600992e+01 5.526671201130682221e+01 7.602637950613600992e+01 7.087850667702809915e+01 9.011444572451161150e+01 8.560780397654610852e+01 8.202093970388285982e+01 8.135357455101171809e+01 9.510177597805970606e+01 1.145512814832363944e+02 1.109121190347558468e+02 9.093328711705089518e+01 7.931216099246586282e+01 8.079473287159753170e+01 9.909895077350556392e+01 1.132421592339116785e+02 1.037047033404648033e+02 8.984737582929210475e+01 6.956638104767480968e+01 5.785505576371146219e+01 6.502616953827133273e+01 7.931941991394825209e+01 6.417467664641267788e+01 4.410774931959479517e+01 5.275695586736373599e+01 3.279540215141593507e+01 4.684580671500796001e+01 6.000572650517425899e+01 5.408714122713664807e+01 7.430130093141981718e+01 8.669412965207514787e+01 6.660913201904160985e+01 5.569741458349402308e+01 3.566147774546844573e+01 5.569741458349402308e+01
8.106837195376137117e+01 9.102450607847150366e+01 7.023191107266404742e+01 5.818895678631592716e+01 7.901989627385890458e+01 9.011326503163653001e+01 8.541825276576517467e+01 1.040353569459298626e+02 9.585263409319478001e+01 9.510177597805970606e+01 1.089361354022067871e+02 1.194749902911082557e+02 1.191662066274813299e+02 1.061785410363026756e+02 9.082151608367928475e+01 7.068513385323815612e+01 8.495574231309949198e+01 9.471328939357188403e+01 1.029875197634723492e+02 9.819829585856727761e+01 8.650936599015594197e+01 7.220080306560181782e+01 8.524863073822943704e+01 7.553874800778072540e+01 5.565091696848553227e+01 6.417467664640942360e+01 5.134946427668127455e+01 3.142272532390122564e+01 4.937234564835788575e+01 3.998990376950819581e+01 5.998964403868868800e+01 7.129262357520485693e+01 7.954632429372725255e+01 6.887944344978691902e+01 5.308896272561710106e+01 3.308754594651352932e+01 5.008773134778997616e+01
8.942135884343737473e+01 9.952679885074564936e+01 7.901989589877392461e+01 7.901989627378753767e+01 6.278313777565104914e+01 8.054067192410391840e+01 1.029073246911057851e+02 1.121332333392459191e+02 1.153644742360761342e+02 1.145512814830850203e+02 1.136318043970610461e+02 9.953511306832253069e+01 1.120779159008368708e+02 9.791145491831285597e+01 7.783253333103539262e+01 6.614865857025260709e+01 8.049624155518976920e+01 7.460734752368495037e+01 9.471328939351207055e+01 9.395989221370807343e+01 9.614890507723306712e+01 9.247200177602975657e+01 9.094838364748588333e+01 7.170849054787525745e+01 7.553874800778072540e+01 6.676630587852923782e+01 5.810797682288250599e+01 4.922100210475017690e+01 2.949324844908377230e+01 4.529849326276719523e+01 5.655673484751676483e+01 5.116161775584563998e+01 7.129262357520485693e+01 6.056846338446980127e+01 4.048763347799688717e+01 3.053760585751831158e+01 3.009959670668714793e+01
8.776247547766200796e+01 9.945771963251353043e+01 9.972830476273186662e+01 8.704821098602567986e+01 6.618973723725231650e+01 8.704821098613479080e+01 1.011101413917004521e+02 1.029724877173377848e+02 1.234281025152218803e+02 1.168909242058656588e+02 9.694539559083665381e+01 8.535947433242125726e+01 9.467642275002455676e+01 8.378127844878316921e+01 8.514509627699942484e+01 8.049624155518976920e+01 6.026821505606707063e+01 8.049624155415453686e+01 8.803954879576791370e+01 7.384173065723817331e+01 7.604508381389493366e+01 9.614890507723548296e+01 9.896506302655208742e+01 8.735401483715914139e+01 7.272890073323634397e+01 5.219398555339351020e+01 3.796200591832847238e+01 3.289241211232709361e+01 2.814319479632211340e+01 4.606838778798945100e+01 3.692025500991913844e+01 5.705785284823007686e+01 6.799927889231473443e+01 6.887944348061094502e+01 5.884141878493725386e+01 4.707426993229427126e+01 2.705708347858773166e+01
7.081033903586006772e+01 9.114935385918634836e+01 9.903008029036332971e+01 7.827687388578578975e+01 8.704821098613479080e+01 7.179500383896601079e+01 8.225093153678227509e+01 1.029724877173377848e+02 1.170542748871357617e+02 1.251437236012885847e+02 1.088166775908223798e+02 8.881933741955435835e+01 7.456955477055424808e+01 6.950447974465690493e+01 6.496602882759545139e+01 6.071325553904132022e+01 5.662770556951090128e+01 7.192468237375010176e+01 6.959747646121086007e+01 5.946074917030735207e+01 7.973420375211989608e+01 8.796814766167423727e+01 9.625591034118379241e+01 7.882991965275768109e+01 5.762573048093891259e+01 4.739892276024266238e+01 5.820852295847888769e+01 5.274503598555712358e+01 3.503139953646570603e+01 2.623414250030365480e+01 4.437707796148720973e+01 5.153799877265431917e+01 4.783841048921750172e+01 6.799927889231473443e+01 5.677607487818825405e+01 3.672476661903861128e+01 2.513868111041221809e+01
