MOVIE_S10_data/elevation_000856.asc
nrows	100
cellsize	150.0
xllcorner	0
ncols	100
yllcorner	0
NODATA_value	-9999
[rows 68 to 84 of 100, columns 37 to 73 of 100]
6.560008956224669419e+01 6.172895325820012857e+01 7.693668298543555295e+01 8.145532757459909590e+01 7.226963657625336168e+01 9.200354568925398269e+01 1.034818100957966749e+02 1.135037669151905391e+02 1.118598966798748080e+02 1.005650123042971700e+02 8.110135178804523548e+01 7.712778648656070857e+01 9.495222782766373371e+01 9.352868665174176499e+01 7.599375458745787171e+01 8.196911539657411083e+01 1.011461746838169802e+02 9.325358082304016705e+01 8.497726959517217438e+01 7.282997608054058958e+01 5.349116558353126294e+01 5.682326154475092750e+01 3.714018662254471081e+01 3.043471087800821451e+01 4.836320717637961764e+01 5.122295117593478864e+01 3.816951749968134777e+01 5.679733520459303264e+01 7.292305490047422722e+01 7.169397351071749824e+01 6.068871398690090757e+01 4.018944841578985461e+01 6.068871398690090757e+01 7.169397351071749824e+01 8.408205519934588779e+01 6.153148051119081430e+01 4.594647604760761794e+01
5.056263121615297251e+01 5.399928084893759461e+01 5.746105034592759608e+01 6.242369853125153156e+01 6.774776413218540938e+01 7.526903083569776243e+01 8.515739240418182021e+01 1.051646621925755625e+02 1.036128814605403505e+02 8.407551335237195644e+01 8.680212596657635515e+01 6.781095980684767710e+01 8.680212359045285098e+01 8.548817132655668161e+01 6.674727788063559331e+01 8.548817136491368274e+01 8.669180027742815753e+01 9.451852298262753038e+01 9.299271307027136402e+01 7.282997604111612588e+01 6.381814594907354632e+01 4.967573149562390000e+01 5.701438768904102972e+01 4.827300077097925168e+01 2.889997494941869149e+01 3.160415083818801563e+01 5.122295117593736791e+01 5.965299064736893797e+01 6.780350310703030914e+01 6.297266665152921661e+01 4.210350456764150806e+01 3.261396358907633442e+01 4.210350456764150806e+01 6.297266665152921661e+01 7.105531574012881890e+01 7.527061997721357045e+01 6.677811128069330948e+01
5.290240549541438497e+01 7.237536132360284569e+01 7.693668298543555295e+01 5.926605344675908071e+01 8.535703319023689062e+01 8.764255933826011358e+01 1.034818100957930085e+02 1.135037669151905391e+02 9.735157429518143601e+01 7.796980010460730171e+01 6.863817109024928698e+01 6.237479533468471971e+01 7.560770011798642543e+01 7.983757937121342252e+01 6.111147230096666050e+01 7.660522286947836790e+01 6.924574443112976496e+01 8.541455998820181605e+01 8.805643844309248891e+01 9.194376820858585120e+01 7.788096392862861705e+01 6.964244796251333014e+01 6.279692440628006977e+01 4.258291146404404515e+01 4.669418080528777182e+01 2.734165936967411881e+01 4.531006318343144557e+01 4.074152985448244380e+01 5.598849535123769527e+01 4.956306034148698814e+01 4.593123917896549102e+01 2.551427554620407179e+01 4.549139241541634249e+01 5.951174510803723905e+01 5.183883867317406668e+01 6.549440290678542453e+01 7.662665733041015415e+01
5.596474675624874351e+01 7.545742401301603763e+01 9.388225067935518098e+01 7.919979485158206955e+01 7.919979485158206955e+01 1.002219214941806342e+02 1.159773510010090689e+02 1.171673702190421977e+02 9.735157429518143601e+01 9.581857548647313649e+01 8.661420326162783567e+01 6.755038060287655810e+01 5.648492722566319912e+01 7.049692413762718957e+01 5.598759879554415875e+01 6.585551683314503180e+01 5.887746000153321546e+01 7.399093833838531964e+01 6.951975351729524277e+01 7.683333701954019546e+01 6.832924302362965818e+01 7.662360593521202645e+01 7.165913444735255666e+01 6.276902406200591145e+01 5.503069834406834104e+01 4.531006318340966033e+01 2.581165248262754375e+01 4.396162802634889744e+01 4.280396219406558345e+01 2.260487867451958621e+01 4.073376118194458684e+01 2.064892467508315832e+01 3.056283443505520481e+01 4.520132173140120102e+01 3.828752797494218640e+01 5.746721449556935113e+01 6.279169393838401447e+01
5.942599967211370426e+01 6.714292470593869666e+01 8.681524128623208014e+01 1.002219214941809042e+02 1.002219214941803074e+02 1.085647065058648337e+02 1.124809362883174373e+02 1.042512159273380519e+02 1.020284343946746759e+02 9.757919151800085444e+01 9.475325394390017664e+01 8.364772751540968443e+01 7.049692413762718957e+01 5.102966339804024898e+01 5.085929903764239413e+01 6.096432627224380241e+01 4.984917735936534200e+01 5.453065039602017094e+01 5.625089125284908675e+01 6.385615271287473860e+01 4.587038917991181819e+01 5.483521404872739424e+01 7.420921608050220186e+01 6.838373907335527235e+01 5.436184260510164989e+01 4.486275286755857650e+01 2.520258423236521494e+01 2.428492033472532796e+01 2.358621286336886769e+01 3.166292929678427015e+01 2.162563744999981807e+01 3.848248248622132195e+01 1.968365860163051195e+01 2.585572932582292438e+01 4.569135410326195057e+01 4.857552848113828503e+01 4.268699997276721092e+01
6.300353487102686501e+01 8.260746992777788478e+01 8.099244995329772223e+01 1.008727030930708679e+02 1.187419776823486615e+02 1.088408285106372091e+02 1.006090588402087889e+02 8.475701523871688892e+01 8.263554154350923397e+01 7.809062988450511966e+01 9.181518479050664894e+01 8.719093883367314390e+01 6.803130856043141250e+01 5.966197950945612405e+01 4.574741477808385071e+01 4.388918257302267989e+01 4.212554011979106150e+01 4.046825946713036615e+01 5.766317529822034516e+01 5.401170731179157514e+01 3.441110103645051055e+01 5.263129012561773123e+01 5.260792096090875702e+01 5.565026436596205883e+01 4.034110979618561288e+01 2.650286550096897997e+01 4.486214265973264048e+01 4.378812883543393042e+01 2.984613282048819372e+01 3.735827158818538152e+01 4.164405266892627111e+01 2.676403020575003566e+01 3.878950619193206251e+01 1.873017570105292151e+01 3.783973549920629864e+01 2.849070717670644370e+01 4.857552850161614089e+01
6.694988309511276725e+01 8.662328606359673699e+01 1.008727030930708111e+02 1.091900389574853563e+02 1.104808188861763085e+02 9.073729879424121236e+01 8.114649523692372668e+01 7.492733474748081335e+01 6.935652635020034040e+01 6.482066671476974307e+01 7.788176532237287120e+01 7.523243558248032059e+01 6.907388024460776421e+01 4.940662919264347153e+01 6.560982205859761507e+01 6.360491057503255519e+01 5.358436856015799066e+01 5.766321591576449634e+01 3.819682087621396960e+01 3.662510823650256953e+01 4.940520503044670875e+01 3.223571857529695706e+01 4.965715783051781784e+01 4.742333827226375575e+01 2.780753913625106932e+01 4.613949250662452073e+01 5.435559556095005718e+01 4.249314407042474784e+01 4.140223228740529748e+01 4.868962819237501805e+01 5.183925462825127539e+01 3.193379951906729275e+01 4.710915293344989863e+01 3.783973998537264549e+01 1.778339855372548683e+01 3.689642766357776082e+01 3.623447910492350843e+01
7.196730025815972454e+01 7.823074099746423826e+01 8.962982084669178562e+01 1.096414152310797334e+02 1.187419776798202662e+02 1.088408284716914665e+02 1.006090588402087889e+02 9.412153763911440763e+01 8.725373606212446020e+01 7.785204530901927455e+01 5.887743319426465405e+01 5.604383793616138831e+01 5.325767992846828491e+01 6.862972304305849036e+01 7.706723432261473761e+01 8.099770043254535778e+01 7.295936411437386937e+01 6.571098804032439489e+01 5.766320692770832324e+01 5.601838020128739970e+01 5.080528067222731181e+01 3.122530471804746810e+01 3.005523584432944517e+01 2.911054294149475652e+01 4.219488774144177512e+01 5.481977036449502094e+01 7.047549673504425982e+01 5.393256542235597095e+01 5.541061523607975658e+01 6.789867528761830329e+01 5.734886741434264223e+01 3.748788462157788359e+01 5.734886850611909637e+01 3.783973986213201357e+01 3.689643163891692268e+01 1.684406400152699490e+01 1.618653037357990598e+01
8.176539227922414454e+01 9.808771582633956143e+01 1.064061631376687131e+02 1.179801272712396951e+02 1.225130184330221965e+02 1.110442599305432338e+02 1.022586714280863305e+02 8.727202797738462436e+01 6.833074829131660977e+01 6.423703707145064357e+01 7.789549721032727803e+01 6.963749127747638568e+01 6.704528329505291140e+01 8.056444819952820069e+01 8.453953663640763239e+01 7.608471211913496290e+01 7.854775811308661559e+01 7.020016101099727734e+01 6.243697001445030281e+01 5.249710742602054836e+01 3.285798516482810072e+01 4.787027473753673945e+01 4.965716649105105773e+01 4.871516273734643221e+01 3.434723693348723828e+01 4.820419471451680238e+01 6.809459495506074234e+01 6.785593252964157784e+01 7.500777182451653857e+01 6.722004189854962419e+01 4.747784329041157036e+01 5.734886860519654306e+01 6.551080412051892665e+01 5.793039447862804536e+01 4.100094945627627396e+01 2.129614823317899308e+01 3.530223921922479491e+01
9.580382854889467126e+01 1.100137574946478054e+02 1.224587600837311072e+02 1.308282254792850097e+02 1.142267507805287750e+02 9.442041213478590578e+01 8.326178969197052027e+01 7.486514261943086979e+01 8.158488808115242819e+01 7.502640671355162283e+01 9.122948733275237032e+01 8.873982600433652124e+01 8.616406771522476049e+01 7.557144783402330290e+01 6.723534593653141656e+01 5.581127568701931807e+01 6.140684123087061153e+01 5.020164911926971030e+01 5.421011871524088832e+01 3.449379041466098528e+01 5.249707582882416546e+01 4.677631821887313635e+01 6.654130647071679050e+01 5.807198158568511559e+01 3.826863850209544182e+01 5.223630761760347241e+01 7.216054482501542111e+01 8.728724104571482201e+01 8.110849053740766124e+01 6.146712694270308930e+01 6.146712473914180208e+01 7.143812740115396309e+01 5.137217521199457337e+01 3.949702565245133457e+01 3.006963848178620680e+01 4.100094945729279061e+01 4.362056155957827031e+01
1.158793154173681756e+02 1.191552059441117137e+02 1.022352838605704761e+02 1.191552059441117137e+02 1.194142242586642197e+02 9.955140046558722133e+01 8.577698035725782688e+01 8.577698035725782688e+01 1.010019982459622270e+02 9.421917964192155637e+01 1.024079595615698963e+02 9.179098749553946845e+01 7.171063764447187339e+01 6.723534593653141656e+01 4.719388160041189906e+01 4.419974649384204213e+01 4.139023048801518456e+01 3.870451394302068593e+01 3.616586613257243243e+01 4.135296696515190717e+01 6.104968318600278110e+01 6.670931652790486055e+01 7.491944316620248401e+01 6.304833816171451133e+01 4.314291185757804925e+01 5.223630781244583687e+01 6.632514166952005041e+01 8.624891606898449936e+01 8.928502229326460338e+01 8.110911344550675039e+01 8.110839215629110299e+01 7.973630240710490114e+01 6.815669596920153595e+01 5.909371245015663021e+01 5.074955612288992057e+01 5.909371245015671548e+01 5.486235606006850674e+01
1.105499603613470754e+02 1.107827306423393168e+02 9.053577820394896492e+01 1.091834944049233229e+02 1.175573325009297321e+02 1.136293562865950122e+02 9.955140046558722133e+01 1.053690868610659663e+02 1.136293562865950122e+02 1.068153193229180999e+02 8.652980217764019244e+01 8.491046408694870706e+01 7.171063764447185918e+01 5.171515066255096826e+01 6.723534593653141656e+01 6.424531080117601789e+01 6.140684123087061153e+01 5.743807680912467362e+01 3.752181409982250671e+01 5.702744335794848496e+01 5.282726246873128417e+01 6.420270311411549358e+01 8.302661321541316397e+01 6.838029045596799449e+01 4.842995176824818060e+01 6.838029045596799449e+01 8.041983294189464004e+01 8.542662794090550449e+01 7.716816330686032188e+01 8.542662794090550449e+01 8.917324466743106370e+01 8.323145175150713726e+01 7.629667278826289589e+01 6.870428104623475463e+01 6.723679978036956584e+01 5.510531511960480344e+01 3.415566664820954657e+01
1.004235616618526166e+02 1.031301019339202298e+02 8.285674527722802907e+01 8.892724337326711748e+01 1.032590644024202078e+02 1.234863336662965452e+02 1.194142242586642197e+02 1.117287940424869532e+02 1.015498973468413482e+02 9.309656549216384747e+01 8.652980217773479410e+01 6.656083501326948237e+01 5.661141836814950778e+01 7.171063764447185918e+01 7.988748526992078780e+01 7.611293151782690813e+01 6.423183032147044003e+01 4.400376267854100831e+01 3.890393108890371821e+01 5.879124169736158478e+01 7.215503740691897860e+01 7.979672425567173377e+01 9.055452401963489706e+01 7.502857727589719161e+01 5.508371681610975656e+01 6.838029045596799449e+01 8.830480379142404956e+01 7.545373144360300444e+01 5.721901697564902634e+01 7.062657322363361345e+01 6.851194649328840569e+01 6.241492778391219076e+01 6.870428104623475463e+01 5.118937428413171631e+01 4.864929247507216559e+01 4.952657657541050185e+01 3.674114525426137590e+01
9.204045747220082774e+01 9.637231638068634254e+01 7.609188670123796783e+01 9.044029397740131060e+01 1.106934853224231574e+02 1.223623066273693922e+02 1.177640376713786026e+02 9.724460043555166067e+01 8.293852652853395568e+01 7.304255127622138843e+01 6.711357027245449558e+01 6.216044848646915710e+01 7.654531859552946571e+01 8.491046408694870706e+01 7.926015517341103589e+01 6.268414650897805984e+01 5.165158710970170830e+01 5.665271190756846664e+01 4.036987427097515990e+01 5.205395007610438540e+01 6.672287153987659281e+01 8.765167378196869663e+01 8.910504425164475606e+01 6.919791374424551123e+01 6.919791374424551123e+01 8.328320354718030671e+01 8.290692344252380508e+01 6.719359014125474516e+01 4.730786057393842015e+01 5.072559831709214961e+01 5.552200450791084307e+01 4.797304478375405523e+01 6.197217693836896757e+01 5.294652645796418255e+01 3.833533730784638038e+01 2.962327196929205897e+01 3.847166870132599570e+01
8.215315398898894728e+01 8.518967173017709626e+01 7.134568570441487623e+01 9.159217326416374760e+01 1.021314332052029101e+02 1.021314332052029101e+02 1.195583192251088462e+02 1.075043190534651103e+02 8.712867856374344910e+01 8.332994574867365145e+01 8.705005270173349174e+01 6.875242849053407213e+01 8.872402605571400613e+01 9.082022267690425110e+01 7.290383841326406866e+01 6.075473968039673878e+01 6.958850692730064225e+01 6.169018535919354207e+01 4.187431711836529047e+01 6.205017917742939915e+01 6.812044257619749033e+01 8.849849945856065858e+01 9.736849335011505957e+01 8.910504425164475606e+01 8.910504425164475606e+01 8.876112956298545953e+01 6.880081703986076036e+01 5.470291501319328376e+01 4.480774814892694735e+01 3.676861592558201863e+01 3.651860235866067228e+01 4.825394209350132257e+01 4.986389315318471915e+01 3.545207756076125349e+01 4.302306879160111208e+01 3.831247222690856091e+01 2.021831608695604388e+01
6.209080783136370485e+01 6.504769167793381257e+01 6.937321067029486699e+01 7.543881048564514913e+01 8.185448286682262165e+01 9.093946965080590417e+01 1.111859219211342662e+02 1.159711161299393609e+02 1.075043190534651103e+02 9.760145974996443385e+01 8.499586795688536256e+01 8.017114649833061435e+01 9.716081433964055236e+01 9.089579312383168030e+01 7.293921480786035261e+01 7.819852840383535408e+01 7.423066870940922968e+01 6.362442366197794286e+01 4.340635106843176771e+01 4.867301190200721805e+01 6.812044264370180713e+01 8.609553222193083855e+01 9.801877981561538888e+01 9.596131079801384089e+01 8.595810813568098752e+01 7.768611264142384698e+01 7.099797497806797253e+01 7.293530039994182346e+01 5.999348549811075060e+01 4.964710311700399359e+01 2.974173783336167176e+01 2.832702353759304970e+01 4.446200942012847435e+01 2.451684889599237849e+01 2.325702013019231273e+01 2.200473570383407562e+01 4.018777452626644475e+01
8.215304174709405061e+01 8.518967173339483168e+01 8.960450128874541065e+01 7.946735288692670451e+01 9.974164968875859927e+01 1.105082443592755368e+02 1.111859219211337120e+02 1.314041917903492731e+02 1.263499062193415057e+02 1.137019571267792060e+02 1.052838776230996558e+02 1.004015634232468557e+02 1.088540467950013522e+02 9.886946041122308770e+01 9.089579312383168030e+01 7.995725651122853606e+01 6.001395013406202139e+01 4.571455975871261757e+01 6.362442715031539819e+01 6.812044264193932008e+01 5.752199534529014358e+01 6.881290713422117733e+01 8.953761550279843107e+01 8.770424422935582243e+01 6.766798105353805681e+01 5.762169965136029504e+01 5.101856356400507053e+01 6.247872532549646252e+01 5.176247721218518905e+01 3.187995793533838196e+01 4.964388760753004703e+01 4.624300681001930968e+01 2.633787263863150940e+01 4.409355279007212403e+01 4.319847879414874114e+01 4.181576281562230690e+01 5.166157937162748937e+01
