MOVIE_S10_data/elevation_000114.asc
nrows	100
cellsize	150.0
xllcorner	0
ncols	100
yllcorner	0
NODATA_value	-9999
[rows 17 to 33 of 100, columns 0 to 36 of 100]
5.222468517465790605e-02 2.005222468350231679e+01 2.074824125572474642e+01 3.009049468373174818e+01 2.788206206496974104e+01 2.059872942290895637e+01 2.614576206895277011e+01 3.370533922650189140e+01 4.370631858398589031e+01 6.369974419256219988e+01 7.898483099193101964e+01 6.221331032952992501e+01 5.920794700515278208e+01 7.603504240752798182e+01 6.341094965687016582e+01 4.236371158258241110e+01 6.341094965687016582e+01 6.131057135361237442e+01 4.143594880102918410e+01 6.131057135361237442e+01 5.480214856936807877e+01 4.580058714335744696e+01 3.065552597434730941e+01 5.073785149238418057e+01 6.486677335815645051e+01 7.633904322477206961e+01 7.722914584126316129e+01 6.895602815657983342e+01 6.797890765172915906e+01 5.093908744865629501e+01 3.054148690882071193e+01 2.895969845485672423e+01 4.943504155573296543e+01 4.568273215076725080e+01 6.595107864315912138e+01 7.572394818557447138e+01 8.392940392360743829e+01
7.333276091007127906e-02 3.317761183525541391e+00 6.605740929639936532e+00 1.008729404894115333e+01 1.373877776870362055e+01 2.129808420005975123e+01 4.130625530906603160e+01 4.616821117572644084e+01 6.198585354791527635e+01 7.198326318843717786e+01 9.055546869109683428e+01 8.237173441886807268e+01 7.944871426829074323e+01 8.764402100579351895e+01 7.069355438363540145e+01 5.009523763564845211e+01 7.069355438363540145e+01 6.957621997067418818e+01 5.035287261500891276e+01 6.957621997067418818e+01 5.863649189149172969e+01 3.729959256520035638e+01 4.787284065867667948e+01 3.670117167653487655e+01 4.823783586367902387e+01 6.804779522933698388e+01 8.165821244188171590e+01 7.886495542569568329e+01 6.861403848918186554e+01 5.471673517274805221e+01 3.440468968275668260e+01 4.943504155573296543e+01 3.119525556173347169e+01 5.161919339492629888e+01 6.153033754922880405e+01 5.565115152557464029e+01 7.572394818560495366e+01
6.343274376862209629e-02 2.006343274376826713e+01 2.660754732647246357e+01 3.009049468405057937e+01 2.528615656288723201e+01 4.130625530906603160e+01 3.544265109345305831e+01 5.546224813078688953e+01 7.457152006248657017e+01 8.245302768720992503e+01 7.959824254004084310e+01 7.130205586075611279e+01 7.235988713828049868e+01 8.065580889479173265e+01 7.893616160114463298e+01 6.218790232438286836e+01 7.893616160114463298e+01 7.846654325531193308e+01 6.177357352487438646e+01 7.338437953542778303e+01 5.353510678893250230e+01 4.269443911624952648e+01 6.110768878156094530e+01 5.661050985693800897e+01 4.359975606077848198e+01 5.350568636298007874e+01 7.334460729470428930e+01 7.062478309315329739e+01 5.032599398080124331e+01 4.009346255951813731e+01 5.471673517274805221e+01 5.996153533178856776e+01 5.161919339492629888e+01 3.346513975434155697e+01 4.118531834066736508e+01 6.153033754989890980e+01 6.066350565737787548e+01
3.497053469895897854e-02 2.003497015869007214e+01 3.545134387519375707e+01 4.439695538626773441e+01 4.529718672911090493e+01 5.359368388906405301e+01 5.546224813078688953e+01 6.376232105600982436e+01 7.658448512581969680e+01 6.241928132155442910e+01 6.802515729593454807e+01 5.125008894224720990e+01 5.230920013828654191e+01 6.908335432950057964e+01 8.065580889479173265e+01 8.231249117232923140e+01 9.049075132423233470e+01 8.998298884316952240e+01 8.165282983353526447e+01 8.173994775288119286e+01 6.810508160542322287e+01 4.844314076988714390e+01 6.810508160542322287e+01 6.911903608388762166e+01 4.933229202178618067e+01 6.911903608388762166e+01 8.164593038861056584e+01 7.843982153658743073e+01 6.484858298338791371e+01 4.469937816736067759e+01 6.412528044461930676e+01 7.249114140149558239e+01 5.013384318057160272e+01 3.524562513820646359e+01 3.912044350152787331e+01 4.637101795328476328e+01 5.812671609441402865e+01
9.635555453094322986e-02 7.167423366396448614e+00 1.611169527645494526e+01 3.025383278883029803e+01 5.025433813309027187e+01 5.649448669705165571e+01 6.468599591598423615e+01 6.380740026070962045e+01 6.828702977948360342e+01 4.827270393285187566e+01 5.562885867785677618e+01 3.977132148468900397e+01 4.081932213681140098e+01 5.230920013828654191e+01 7.235988713828049868e+01 9.132001643286933756e+01 8.900104472049990534e+01 8.070725170989369701e+01 8.330244108601756636e+01 9.159794679117180749e+01 7.465425702418362164e+01 5.500673076790333482e+01 7.465425702418362164e+01 7.572396101366987864e+01 5.590918622432299401e+01 7.572396101366987864e+01 8.353153147842760973e+01 6.561358084515089217e+01 5.226323461740791743e+01 6.484858298338791371e+01 7.308184150408744983e+01 7.189706952613997260e+01 5.150818518276767577e+01 3.702759187766975657e+01 5.634902228739520780e+01 4.615185526561437968e+01 6.650564802188874580e+01
8.845047570523793812e-02 2.008845047570488163e+01 3.545196748912827900e+01 4.439713834490110145e+01 5.321918185204044960e+01 3.659815248395216258e+01 4.759657553639411276e+01 4.395327581857626598e+01 6.380740026070962045e+01 5.562885867785677618e+01 3.576077826985423513e+01 3.102349406041902569e+01 5.080146986910425966e+01 5.379403510786027454e+01 7.381008094553966714e+01 7.132098702032291726e+01 7.132098702032290305e+01 6.071899545518318320e+01 6.331194618275570463e+01 8.330244108601756636e+01 8.295199390385268146e+01 6.476857398666199117e+01 8.295199390385351990e+01 8.404461217772136195e+01 6.577086754710740024e+01 8.404461217772136195e+01 8.140410895342974129e+01 6.191699614010343566e+01 6.635566841458151544e+01 8.034120695012715885e+01 8.043239210033610220e+01 7.213430665308251832e+01 5.930532028688596569e+01 3.882356494368650601e+01 5.930532028669061617e+01 6.485213450924391054e+01 5.391624814626742790e+01
8.023991185656004221e-02 1.008023991185664769e+01 2.422237553668645660e+01 4.422237811638290594e+01 4.431446050629930511e+01 2.505998042931777192e+01 2.766072284129720771e+01 4.759657553639411276e+01 5.586559963649927596e+01 4.885476698940534135e+01 4.060165444394035461e+01 2.596899749464289187e+01 3.395502640729340982e+01 4.793313241363158994e+01 6.794350588001609026e+01 6.961453943265735234e+01 5.133862541837045512e+01 4.918595680334043152e+01 6.331194618275570463e+01 8.330244108603886843e+01 9.289683647496318031e+01 8.453994006170691478e+01 9.289683648715327990e+01 9.403885497979689490e+01 8.567705448023258441e+01 9.403885497979689490e+01 8.882962915600366216e+01 6.950230850611809785e+01 8.608585530411367870e+01 9.043583700489578803e+01 7.213722488266127186e+01 5.190317941689353631e+01 4.612601621969334076e+01 4.063684141131876970e+01 6.115918689459400071e+01 7.165706028227245383e+01 7.356968154309990382e+01
4.598823041778624804e-02 2.004598822637760591e+01 3.836447380780737859e+01 3.793222334269040630e+01 3.608652205409355673e+01 1.611592515590314534e+01 3.608652215297376387e+01 5.066501743978384553e+01 3.601169792326749786e+01 3.601169792326749786e+01 2.085950496773465446e+01 3.222674660096795662e+01 5.203190752004628195e+01 6.208705626105012954e+01 6.329413342620035365e+01 5.501126499506187173e+01 4.134882446093124742e+01 6.132980621934670040e+01 6.549830545243621316e+01 8.549096360970672492e+01 9.170564448521274414e+01 8.339754357944721619e+01 9.170564452773665209e+01 1.003632675031634136e+02 9.200316818297272903e+01 1.003632675031634136e+02 9.707223588102208112e+01 8.123375056301448183e+01 9.707223588102208112e+01 8.213262766938760251e+01 6.214182209593503359e+01 7.213430665308251832e+01 6.568649864955642670e+01 4.510079214498390598e+01 4.373789243945026328e+01 6.420433512325715242e+01 7.574632308579671758e+01
7.340434288523949025e-02 1.997816281044111975e+01 3.190585215080693615e+01 1.761597074602200763e+01 2.446214908439818458e+01 1.095006156130656727e+01 2.249773154376697448e+01 4.244900473619044590e+01 3.601169792326749786e+01 1.622061466668165153e+01 3.601169792326749786e+01 4.883946101503705250e+01 6.028073723086208702e+01 5.785317698495539673e+01 4.957090185079994882e+01 3.502209441672896162e+01 4.656585114383424440e+01 6.654791486131183831e+01 8.549096360971630304e+01 8.322583978120789538e+01 7.491680825870275839e+01 6.333196438259859917e+01 8.167403369574893190e+01 8.999817888943005073e+01 7.104636971768229614e+01 8.999817888943005073e+01 1.082311577751499385e+02 1.002723036696374663e+02 9.623771439377969728e+01 7.629010944969556363e+01 8.213262766938760251e+01 8.641626966719201164e+01 7.029307274014625762e+01 4.986541643771931831e+01 6.420433512325715242e+01 4.697111526544703253e+01 6.739382621406149099e+01
3.515918393995972474e-02 2.002980664079687401e+01 2.203394704802046178e+01 3.448222130752390591e+00 4.456324037716342445e+00 2.419282347075284179e+01 2.695558839248034388e+01 2.802717730715806610e+01 2.910513206625052263e+01 1.316906098206225373e+01 3.299358602130455864e+01 4.818847791622052057e+01 5.646598281737629321e+01 4.957090185079994882e+01 2.956872420364273069e+01 4.957090185079994882e+01 6.329413342620042471e+01 7.483494105568138366e+01 7.163078565196657621e+01 7.088835398943092514e+01 5.486089406002049884e+01 5.331028883625526049e+01 7.336475398101975998e+01 8.152476806692546063e+01 5.945299397113190309e+01 7.729909589234422640e+01 1.012940423497350224e+02 1.043676854025381147e+02 1.045815645600960266e+02 9.623771439377969728e+01 9.238406660761630462e+01 7.200958589535170518e+01 5.764701994206851765e+01 6.169545337993037748e+01 7.574633303098590886e+01 6.739382681371631634e+01 5.035367898871909631e+01
4.608085242692564615e-02 1.037451463398939122e+00 2.030083122934175144e+00 2.171198109502362072e+01 2.443764267552161229e+01 5.926221530491565304e+00 6.971605382485681623e+00 8.021595169994343522e+00 9.100310535218502750e+00 1.018379469757349298e+01 3.020133471075242326e+01 2.818352635741443990e+01 3.800443988863029432e+01 4.125164320152516240e+01 2.602483699172859488e+01 4.018012446275012195e+01 6.016986184406828642e+01 5.940138046034093122e+01 4.805759175425176011e+01 5.310168407882661512e+01 4.321640630430008656e+01 6.333752079724816753e+01 8.167386272605537556e+01 7.440098330106349067e+01 5.222780776590261809e+01 7.440099620035903172e+01 8.372385189492860036e+01 8.426359755692416798e+01 1.043676854025381147e+02 1.041714495137430561e+02 8.375510093519565658e+01 6.936984162705661561e+01 6.779844594522306522e+01 8.203763919827011364e+01 9.047765971020415066e+01 7.393838641025675429e+01 5.376619869254359685e+01
1.610643649003322755e-02 2.001610424913915764e+01 9.020081574699624127e+00 1.926826106359972357e+01 3.383102328744647735e+01 2.016453319207517225e+01 2.675630123368431867e+01 1.287763020094984689e+01 2.910505729336789926e+01 3.020137257577044920e+01 1.183619062976216973e+01 3.185446668105167944e+01 1.798604058253683746e+01 2.123464560814138125e+01 4.125164100257274669e+01 5.019804508309708524e+01 4.198577454212694704e+01 4.265138096277938473e+01 3.406553040447303005e+01 4.792689203008771415e+01 3.771626863540298302e+01 5.780223056491848865e+01 6.925972044541465777e+01 6.069043175917605737e+01 4.643064048857214487e+01 5.572056060121754228e+01 6.713099155154742448e+01 8.795276641392368333e+01 9.908660575828338324e+01 1.073948133090139407e+02 9.817651467828127920e+01 8.375510093209986451e+01 8.217617707600338406e+01 9.659869557303898091e+01 9.154802788599843666e+01 7.141334205429710380e+01 5.723829535012404790e+01
2.022278438842990689e-02 1.675228775191493114e+01 3.097895672823667468e+01 3.662869880227435004e+01 4.592877498982876716e+01 4.105242999225743716e+01 3.287720945392107552e+01 3.287723630598094360e+01 2.072416849645067316e+01 4.013480969251718022e+01 3.185468314027298220e+01 1.350833974539419913e+01 3.352820561922587927e+01 3.668557682979072609e+01 3.802896165409730145e+01 3.936201102070353386e+01 2.203660156094156264e+01 2.393570854667792602e+01 2.584661018431555490e+01 3.048257836514120811e+01 5.051975455373020907e+01 5.326749373049906211e+01 5.553269332222890853e+01 4.076850068293504137e+01 6.069046829897349227e+01 5.824725104386461538e+01 7.720380343710080240e+01 8.750151249536574483e+01 7.902062807902576935e+01 9.073512747000106060e+01 9.904004661213929239e+01 1.041714451020169179e+02 1.025919561392292536e+02 1.021251733445164547e+02 8.461886211607858854e+01 6.460451264681850603e+01 7.731065499734175717e+01
6.642187732006160639e-02 1.420739807737684224e+01 3.417312794345168214e+01 3.720889730516350369e+01 4.387556510655903708e+01 5.215982395654746995e+01 5.286866211746463762e+01 4.649227566717862459e+01 2.649777479821237236e+01 4.649227566717862459e+01 4.172668975999848584e+01 2.765089360723992584e+01 1.532925975293422205e+01 1.666173674739089705e+01 1.800336680459901118e+01 1.937613342688034024e+01 2.152521173559549439e+01 4.151359585829353449e+01 4.577659915420071002e+01 2.892339810641696474e+01 3.112348777579236270e+01 3.335300554672968332e+01 3.562801080866886849e+01 4.950307826210167406e+01 5.358435033521350732e+01 6.609224618592817535e+01 6.951579357663048597e+01 6.741592940528317968e+01 6.741592940223591768e+01 7.064357123176337439e+01 8.486362352262658248e+01 1.049102459177161961e+02 1.054168691246578931e+02 8.500904740749446376e+01 7.347503484262725237e+01 7.607483969175885363e+01 8.933953090213748283e+01
1.591255364720534082e-02 2.001591255364684940e+01 2.936425277597657058e+01 1.720889825155289898e+01 2.387556491821968407e+01 3.801770055231380496e+01 5.801770115996173871e+01 5.315633677923889877e+01 3.316415344305795543e+01 5.315633677923889877e+01 5.544668728430283977e+01 4.050512271422807231e+01 2.050152095451224099e+01 3.668524916559862703e+01 3.802896165376455428e+01 2.312549568460517690e+01 4.123365489614523227e+01 2.458882874880035274e+01 4.454550692915137233e+01 4.884697905581947452e+01 5.104396064934719845e+01 5.326749287143844924e+01 5.553269269490440507e+01 3.980648707400388275e+01 4.288996199387614894e+01 4.616062660901901893e+01 4.955327231324627490e+01 5.328075218286561920e+01 5.990493702543508192e+01 7.999578132049481383e+01 9.073487411500840949e+01 1.107760443935112988e+02 1.139335535157048440e+02 9.363440776267979970e+01 8.500904740749446376e+01 9.029295942518965035e+01 9.779110248590792764e+01
6.189296070378335485e-02 4.650207638115039011e+00 9.364252846025397758e+00 2.936425297455490480e+01 3.720889837711261805e+01 3.801770055231380496e+01 5.801770115996250610e+01 6.142806172052383573e+01 4.316233400501557327e+01 6.142806172052383573e+01 4.905266162535094310e+01 2.904572752348819265e+01 4.052167455954316466e+01 4.880425185671526833e+01 3.178335321236594524e+01 4.376825321192524143e+01 5.188028317367265174e+01 4.448982085539659437e+01 2.768597545388172065e+01 2.995415036716859802e+01 4.991832427570147956e+01 6.148193576583930309e+01 6.800449697599222532e+01 5.385980813495892505e+01 5.435998790384979173e+01 6.609224650958157099e+01 5.948375723409591131e+01 7.329886048828247169e+01 6.177364741452823438e+01 7.182283837818356176e+01 8.603936431209518787e+01 1.060856871583664542e+02 1.226236947671171862e+02 1.139335535157048440e+02 1.054168691246578931e+02 1.107688666425336237e+02 1.095390713616341714e+02
2.247884206357958492e-02 2.002247884206322581e+01 2.936425297455490480e+01 3.764852230435790403e+01 5.720889859632801233e+01 5.801770115996250610e+01 6.630194736078119888e+01 7.141791992613525508e+01 6.315033955346220296e+01 7.141791992613525508e+01 5.571791821525593491e+01 3.572215339772697718e+01 5.571791821525593491e+01 6.049978021188826460e+01 3.939227806047991720e+01 6.049978021188826460e+01 6.178007112308285542e+01 4.179377367761060924e+01 4.764374042206223692e+01 4.991893406883374951e+01 3.323040710530418096e+01 4.321410007504090345e+01 5.733589505226361638e+01 7.384505741372653631e+01 7.436595507077969103e+01 8.267582785044875493e+01 7.366773284342441741e+01 8.786233334337489964e+01 7.076035762582453970e+01 9.017847495917814626e+01 1.002203914990681994e+02 1.118290844786804428e+02 1.200469398708448097e+02 1.146056128474853608e+02 1.064046138647087787e+02 1.064046138647075992e+02 1.077730109912663750e+02
