MOVIE_S10_data/elevation_000832.asc
nrows	100
cellsize	150.0
xllcorner	0
ncols	100
yllcorner	0
NODATA_value	-9999
[rows 34 to 50 of 100, columns 37 to 73 of 100]
3.993805178535658484e+01 5.030744049599739753e+01 6.461750350752659244e+01 8.446449646502470898e+01 8.818821354819591818e+01 7.428784221236573160e+01 8.005320271448783842e+01 9.307629704815869331e+01 8.069564768498415219e+01 6.092310026100059872e+01 6.812171109222187226e+01 8.208270356625718023e+01 1.017727353674798394e+02 9.926127060050541218e+01 7.943018685849258986e+01 8.781178906373231996e+01 7.686321389543653027e+01 9.666937191111003358e+01 1.077632209120801576e+02 9.623110998868808963e+01 8.723638426745525010e+01 7.894438341117135849e+01 6.725161247068331249e+01 5.890891750068186639e+01 4.076354710490016231e+01 6.110207847857009256e+01 7.662687503622252905e+01 8.032742115217293133e+01 6.618810368872588867e+01 7.206788267713453422e+01 7.857808183566405091e+01 6.026312465588325296e+01 7.857808183566405091e+01 8.550473322435249202e+01 7.436721234786070056e+01 5.435344605249099459e+01 4.016390957273307549e+01
4.653803579589706629e+01 4.533384887723994439e+01 6.560228436790958995e+01 7.925928212569404252e+01 9.069571375155571502e+01 9.397201423068132442e+01 9.970995819858381992e+01 9.810763401125778671e+01 7.841686966735282738e+01 6.445015537051011734e+01 8.418415977203363809e+01 8.208270356625718023e+01 1.017727353674798394e+02 1.075231636777580775e+02 9.083804681202198594e+01 9.083299473920592959e+01 8.825156807104622203e+01 1.049296084404664668e+02 9.952071838165069551e+01 7.951543349259333127e+01 6.778728978109172942e+01 5.870754294967751719e+01 5.156479653257622431e+01 5.297246101603013813e+01 4.225199405549286524e+01 4.909834818610883644e+01 5.640605791535774216e+01 7.662749120938229908e+01 8.626292485470689542e+01 9.208079818393383675e+01 8.859486452932661393e+01 8.036463606115135860e+01 8.859486452932661393e+01 7.550526778702361241e+01 5.706778978938209690e+01 5.706778978675796310e+01 5.059443107634923820e+01
5.383811408211631289e+01 6.560228436790958995e+01 5.099511719233418461e+01 6.268229178996654127e+01 8.251473951456443956e+01 9.374565846495980281e+01 1.036094443077410432e+02 1.018275049906072809e+02 8.214375656457491459e+01 6.819902266096433152e+01 8.790899435457730249e+01 1.017727353674798394e+02 1.099592397161335384e+02 1.190341915748571040e+02 1.107676082773353983e+02 1.023190262207846928e+02 1.081682990558670951e+02 1.164356359918864712e+02 1.024327948478684931e+02 8.246276931081163752e+01 7.076642910559723987e+01 6.168145533203230713e+01 6.505401633189478616e+01 4.455025536874240544e+01 6.268821968284224511e+01 5.897885613804228910e+01 7.662687503622252905e+01 7.077590598414377610e+01 9.075438694056637701e+01 9.911037910714240695e+01 8.759738024599072048e+01 7.935789647611738928e+01 8.194789540023344898e+01 6.722144377364715240e+01 4.691413579986878091e+01 3.679130448570321477e+01 3.044261319785742970e+01
7.383568286530143610e+01 7.809416274382671475e+01 5.821119047208004815e+01 5.870094306085906055e+01 6.579418396530559221e+01 7.571044487733119865e+01 9.542543519627550097e+01 1.003580324719298744e+02 8.067437487607800506e+01 7.702625530287627953e+01 7.566151543827456294e+01 9.535087142994626674e+01 1.128108017513000618e+02 1.241947055553686852e+02 1.305524823337191833e+02 1.222897158925306940e+02 1.173526033395395984e+02 1.091170115747471385e+02 1.106762435266224998e+02 9.915814090997142216e+01 9.017989331268061903e+01 8.189770437019778626e+01 6.681776591202493876e+01 4.632484769704127103e+01 6.681776591202493876e+01 7.918009806702265507e+01 8.742886796013009132e+01 9.075443037323211115e+01 9.895647393311517703e+01 9.089701212318202295e+01 7.091071166913931734e+01 5.924136685452788953e+01 6.185999437869259765e+01 7.550526778702361241e+01 6.539677613206525564e+01 5.672170167925366258e+01 4.230489146035210979e+01
9.205566519814786375e+01 7.231111907614160828e+01 7.231111907614160828e+01 7.279445238254945139e+01 7.495474211233980100e+01 8.556794003680334981e+01 1.036094443077410432e+02 1.003580325339482755e+02 1.003580325297454721e+02 8.687660164360963222e+01 8.703553154271165226e+01 8.495115356952879893e+01 9.630994995447233009e+01 1.159845166622254169e+02 1.173297468700510819e+02 1.090948659668051022e+02 1.059040982773177859e+02 8.930978249492559939e+01 1.013534927823060201e+02 9.312944282072571411e+01 9.179719572945133166e+01 7.181092320600875212e+01 6.859773188236715669e+01 4.814748010797251254e+01 6.859772468198819695e+01 8.099970292317098597e+01 8.995201343341769018e+01 1.014419574387173526e+02 9.558145476127361917e+01 8.559624352116568957e+01 7.735454936415570160e+01 6.774360436809770647e+01 4.756360581296927137e+01 5.871883108635076098e+01 5.497716061260938858e+01 5.062568552372015063e+01 4.086786949711528649e+01
1.002395062777049475e+02 9.205566519814786375e+01 9.205566519814786375e+01 9.253683212707497319e+01 9.469344474215090202e+01 1.028810528781734348e+02 1.134884172034834791e+02 1.200656025154981847e+02 1.147393720736122162e+02 1.007831796910483888e+02 1.009425561032015821e+02 9.630994995447225904e+01 1.128107986222809416e+02 1.220828228151096084e+02 1.090948659668051022e+02 8.929862893342088626e+01 9.509680780326318938e+01 7.780891879642457809e+01 8.511291358931596562e+01 7.321083405143723155e+01 7.833170502873129237e+01 7.181092320600875212e+01 5.148554018969824853e+01 6.859773188229353025e+01 5.244608309171718474e+01 6.164048029321777733e+01 7.329739035287511228e+01 9.322726645282776303e+01 8.736998752257653678e+01 6.733911179494485566e+01 5.719348866535908371e+01 5.043921290153005543e+01 4.436211666081515403e+01 3.856932151821295207e+01 3.485163726180849153e+01 3.131400972092002277e+01 4.457690322432671337e+01
1.032207456747729708e+02 9.496542459062733599e+01 1.032207456747729708e+02 1.014324072065401765e+02 1.014324072065401765e+02 1.096975736748091350e+02 1.103731992871178278e+02 1.103731992871178278e+02 1.186524413688446344e+02 1.204724337648065955e+02 1.206332841049537592e+02 1.159845165927873722e+02 1.241946920598297766e+02 1.138402373299273904e+02 9.406387833163817902e+01 8.415112735513345399e+01 7.522127721459773397e+01 6.914812057354129138e+01 6.510175888364753405e+01 6.157020894826991508e+01 5.821381431755919067e+01 5.490600895833330242e+01 7.181092320572419396e+01 7.642012184864333335e+01 5.613111154926840385e+01 6.212717222265276007e+01 7.628050945215201750e+01 9.560962143019250448e+01 9.558142698130042447e+01 8.559624352116568957e+01 7.735454936415570160e+01 7.063419571736564251e+01 5.502522676022412185e+01 5.281816431503848719e+01 5.497716061260890541e+01 4.721694376373865509e+01 2.646049164687431343e+01
9.331276158832488932e+01 7.519673473310969314e+01 9.331276158832488932e+01 8.161297978659469265e+01 8.161297978659469265e+01 1.014324072065401765e+02 9.048277214366778765e+01 9.048277214366778765e+01 1.103731992871178278e+02 1.130575364084103143e+02 1.047575451901322907e+02 1.130575364084103143e+02 1.174398040713187470e+02 1.220828228151096084e+02 1.112067900445122461e+02 9.141315494168615885e+01 7.735387517688266712e+01 8.910411209447219960e+01 8.511291358931596562e+01 8.005595388741272700e+01 5.996646782502835293e+01 7.511026430252437081e+01 8.336370527927620344e+01 8.007463843157330530e+01 5.988370689734630048e+01 7.989646454564078226e+01 7.373625890516743198e+01 8.760112616467023372e+01 1.065494311313223790e+02 9.742980010997230522e+01 8.920718738600091058e+01 8.340943995563389990e+01 7.515348907261977729e+01 7.296429898218501364e+01 6.141924591893950236e+01 4.812682314695562269e+01 2.781919734628614904e+01
8.508107966186845772e+01 6.542419502189846980e+01 8.508107966186845772e+01 6.773433465096913153e+01 8.171869352875546610e+01 8.698231789707854489e+01 7.652463154198153461e+01 9.630854337328730708e+01 1.072833759213028202e+02 9.898041514304212285e+01 8.468670393753252768e+01 1.010748624963166122e+02 9.739692580671206201e+01 1.174398040713187470e+02 1.077897239187637553e+02 8.799795126199643391e+01 9.721057643897175637e+01 1.054294440204548522e+02 8.560420407196447456e+01 6.559970637158677675e+01 8.005595113793529549e+01 7.422158845104843294e+01 9.414135905081766964e+01 8.395316594644506836e+01 6.379974580347523272e+01 8.395316594644116037e+01 8.760112616467023372e+01 1.009698290207483069e+02 9.453420529550264462e+01 8.631420893677677952e+01 6.920087849221675924e+01 7.287210457724214052e+01 6.783535803383465179e+01 6.321392067806267079e+01 5.311837727313117341e+01 3.303761828063345263e+01 2.918720859720193772e+01
7.852878478187847122e+01 5.899319685678375436e+01 7.019878210176696598e+01 6.041931797350739686e+01 6.210819874370552895e+01 6.728763889813892263e+01 8.698231789707854489e+01 1.045676067560981437e+02 9.567610160593453372e+01 7.885147654445178489e+01 7.455728717044519271e+01 8.098574125151759517e+01 9.260471835976260024e+01 1.126452945605654747e+02 1.160212586167818358e+02 9.942593410958052402e+01 1.160212586167818358e+02 1.093545404718249046e+02 8.967623038753059461e+01 6.972745172464827590e+01 8.386782791558488270e+01 9.414135864268381226e+01 1.023686311640789057e+02 8.806195489415493682e+01 6.793308212880036479e+01 8.806195489415493682e+01 1.065494311311940550e+02 9.780200265218411460e+01 7.790456027031875408e+01 6.628232637291533536e+01 5.912052817967948215e+01 5.272511840362071212e+01 4.769097962612799790e+01 4.308667347058727870e+01 3.881574606305588304e+01 5.073322916121676940e+01 3.065823818390508748e+01
7.396486999937802409e+01 6.581620141405217339e+01 5.084582593445463061e+01 5.532622578860937068e+01 7.478533660628940538e+01 8.698231789707854489e+01 9.521994835147049230e+01 9.736209354841106745e+01 8.735896337289217684e+01 6.714274118668319602e+01 8.735896702464449959e+01 1.010748624963166122e+02 1.093749531598442672e+02 1.209447037452336247e+02 1.274703389499317865e+02 1.192148732700214850e+02 1.125586229085963055e+02 9.276322947330065460e+01 8.129167417008953578e+01 7.510898051257549923e+01 9.498953100095859270e+01 1.119278532520951330e+02 9.517607141783008728e+01 7.505431127365862665e+01 8.806195489415493682e+01 8.214499968769597160e+01 1.023467484015421434e+02 1.060069634375089009e+02 9.453420529550275830e+01 8.631420893677677952e+01 7.923186893632392014e+01 7.287210457724214052e+01 6.783535803383465179e+01 6.321392067806267079e+01 5.892277715516117098e+01 5.222170067860508169e+01 3.214112634028059290e+01
6.581607089768331775e+01 4.650848451498720237e+01 6.581620141404778224e+01 7.460209229734962832e+01 8.279246497608953348e+01 8.197523558869447413e+01 8.421420951673185584e+01 7.723065055122503964e+01 7.723065524815564231e+01 6.289402388556798229e+01 8.304885325321552614e+01 9.632169153895095803e+01 1.163852656392592166e+02 1.168282808234570496e+02 1.251258375642583189e+02 1.224551642236736200e+02 1.208008518935718740e+02 1.093545404718249046e+02 9.135549891183347881e+01 9.498953100095859270e+01 8.508759491852416090e+01 1.048914670833928255e+02 1.005605933736952693e+02 8.041355702328608857e+01 1.005605933736952693e+02 1.023467484015421434e+02 1.108178629705049190e+02 1.045392562531228009e+02 9.464105889500974911e+01 8.641316014294181969e+01 8.915272141249182880e+01 8.093999705516475274e+01 6.963204948476052891e+01 6.133045920121890049e+01 5.906393169965406287e+01 5.373677139127815394e+01 3.363636286159450606e+01
5.882596971959630849e+01 4.355445428711354339e+01 6.185279055900888068e+01 5.516297121296834405e+01 6.692730143842641155e+01 6.201393482170873028e+01 6.418848592242301265e+01 7.231579286821956032e+01 5.726653484544774386e+01 6.608427985792768311e+01 7.617483294689206730e+01 9.632169153895094382e+01 1.052585743282051141e+02 9.678896134502106463e+01 1.060928331275624288e+02 1.024154831297003483e+02 1.224551642236736200e+02 1.193992225862410521e+02 1.111591195064651600e+02 1.012575079239634164e+02 9.909382416040695318e+01 1.131186434096722024e+02 1.073054493900461352e+02 8.707088134099360843e+01 1.005605933736952693e+02 1.209800651723088265e+02 1.102601959033335675e+02 9.049401298914753511e+01 7.654292635934471889e+01 6.651232657900530398e+01 7.645133814394385752e+01 6.093031046412647811e+01 6.133045920121890049e+01 4.118512211511818322e+01 3.893362517329221362e+01 3.672378584583217531e+01 3.601088999480099062e+01
3.932483347167872978e+01 4.092132019484385808e+01 4.250614196065518513e+01 4.408153689483850712e+01 4.620142527755553630e+01 4.831212553500188989e+01 5.043541747323148172e+01 5.259657560258045805e+01 7.231582817495993254e+01 8.013762079151622686e+01 8.360311612839757345e+01 8.724040830907296140e+01 8.518360418559467462e+01 8.518360418559467462e+01 8.605619902081767236e+01 9.607738905277113872e+01 1.102340584535836427e+02 1.302898957739812431e+02 1.293212558008794986e+02 1.210607310889668895e+02 1.188882152578618587e+02 1.217860367284720695e+02 1.013073937233420025e+02 1.013073937233420025e+02 1.158048968636632026e+02 1.090523061826665128e+02 9.914168803451062217e+01 9.094156675029138626e+01 9.454243146847306889e+01 7.645503797566310311e+01 5.637706273402006474e+01 5.027762701757582420e+01 4.447614756369094380e+01 6.133045920121890049e+01 5.906393169965398471e+01 5.684091122939513241e+01 3.841989779862026211e+01
4.417053180228801779e+01 6.033741213174678109e+01 6.185279055814767446e+01 6.323136279626145040e+01 4.735965327637414646e+01 6.632877373370789087e+01 7.005387464786167584e+01 7.231582817516921580e+01 5.688442277750499443e+01 6.003868823769893481e+01 6.339597955487651859e+01 6.698882252830797768e+01 7.083391439541557588e+01 7.651390753647221743e+01 8.817917097986942565e+01 1.082153892263615802e+02 1.244082558293819289e+02 1.249237685656310362e+02 1.166018762482077022e+02 1.154929784796079133e+02 1.238157555670216539e+02 1.303024000039843315e+02 1.217860367284720695e+02 1.217860367284720695e+02 1.148345262714911001e+02 9.507479813413233671e+01 8.102084498942079449e+01 7.096049212407351092e+01 8.023739633297807927e+01 7.628603152679274046e+01 6.846101129212593150e+01 4.826584581732754486e+01 6.464643383844810387e+01 7.294102417838300312e+01 6.236496849792806785e+01 4.220227528043557896e+01 4.600072801702803815e+01
6.351835345770348340e+01 7.165247742831971323e+01 7.218352121627701479e+01 5.320384769354055265e+01 6.632877373370789087e+01 5.132107051962129418e+01 7.028250643283182342e+01 8.246242381929027943e+01 7.683337663769269454e+01 8.013762079625728063e+01 8.360311612839757345e+01 8.724040830907296140e+01 9.106342680824775471e+01 8.171352080850270738e+01 1.018002181780634317e+02 1.165143938527476024e+02 1.308252309961418973e+02 1.107103698091696629e+02 9.640006984694572623e+01 9.528367561857554335e+01 1.091022357823481883e+02 1.174357881772339027e+02 1.290670339822369215e+02 1.173621210802993602e+02 1.074824774157293916e+02 9.929596010776535309e+01 9.228456266939727470e+01 8.026123311159595630e+01 6.009546751732560921e+01 5.617854696351087540e+01 5.241974725413015079e+01 5.590612486326936903e+01 7.608967665518420631e+01 7.933439071353956251e+01 5.920455243323303307e+01 4.492695240511142174e+01 6.507842452724524662e+01
6.106408629662363552e+01 8.062685079435013336e+01 7.654949459494011421e+01 5.751865784877379184e+01 7.654949459494012842e+01 7.028250643283182342e+01 5.538049896350012347e+01 7.438005636030192136e+01 8.352109855731943355e+01 8.850037471259925326e+01 9.389200895915452350e+01 1.021217920802660899e+02 1.100992940697956186e+02 9.333174720407136249e+01 1.100992940697956186e+02 1.211529130933586345e+02 1.128186438750916381e+02 1.174357884389685012e+02 1.038251320326561853e+02 8.354590007103330151e+01 8.885463117625413076e+01 1.005764154409474713e+02 1.207487229538395042e+02 1.091736512589278050e+02 8.941826895660304331e+01 7.946473341070917229e+01 7.234356387429305357e+01 6.709312934700534470e+01 7.975641312489635482e+01 5.959839392078699660e+01 7.262947708763917376e+01 6.605932464258836490e+01 8.434150302339683947e+01 7.996204968576972760e+01 5.982214568056146220e+01 4.813758113198888111e+01 5.352254530912142627e+01
