MOVIE_S10_data/elevation_000556.asc
nrows	100
cellsize	150.0
xllcorner	0
ncols	100
yllcorner	0
NODATA_value	-9999
[rows 34 to 50 of 100, columns 0 to 36 of 100]
2.064481644892168788e-02 1.156765020024153934e+01 2.570978582397274081e+01 4.570978582397344780e+01 4.980388205255940193e+01 3.563617142050142661e+01 3.900695618116159835e+01 3.067378845272139287e+01 1.238540147169795169e+01 1.865863457523649771e+01 3.448612471978113803e+01 1.804061681198951206e+01 3.816216148836591771e+01 2.278211061625295031e+01 2.449866200510136949e+01 4.453852671546939490e+01 5.083998514492346033e+01 5.464090986891787338e+01 5.759731716037104832e+01 6.055074220351510661e+01 4.543584418505919587e+01 4.880921972554796184e+01 6.837274978678689763e+01 6.146700582156891102e+01 8.096527065964156122e+01 9.569473976247593328e+01 1.060027040324073226e+02 9.649952967596389897e+01 7.577456381632229920e+01 6.242666974429398863e+01 8.358881223716736031e+01 9.220630031781837488e+01 7.439027556361149607e+01 5.535070113138463910e+01 6.322607439611695668e+01 8.656237873868349197e+01 7.666498000483369424e+01
2.905961989428186565e-02 1.417119524362535721e+01 3.417119524362605887e+01 5.067981503212173067e+01 5.896408589020766300e+01 5.568706051773058618e+01 4.550083987511576566e+01 2.526641847476356872e+01 3.265613289269074215e+01 2.073810400886295113e+01 3.541184734658983757e+01 3.828517896228726158e+01 2.640138967882679211e+01 4.357137523615382690e+01 4.453871047919930248e+01 2.822981336517812423e+01 3.092528666500935941e+01 4.563460571541880029e+01 6.102365851787057949e+01 7.192884088547899069e+01 6.703882075264310458e+01 6.008717148015479381e+01 7.652085531177075950e+01 7.521095431195284675e+01 7.012585711268322086e+01 8.973133096569370082e+01 1.090198297850443083e+02 1.057813227545256183e+02 9.321248874131777029e+01 7.312516242336585037e+01 9.281484760267088063e+01 8.491040248487539088e+01 6.924977380496211765e+01 6.046521390009800712e+01 7.645675444876361837e+01 9.287242245431436061e+01 8.335435652629207937e+01
3.542675937824442400e-02 2.003542675937788786e+01 3.587767865096640918e+01 3.067981503323231962e+01 5.067981503212173067e+01 5.722996415603258669e+01 5.245975810255418281e+01 3.961264998117537317e+01 4.932429716262917196e+01 2.754553631876086683e+01 4.644655959862270578e+01 5.222033341165902698e+01 3.253791549525577409e+01 5.265648063183670047e+01 5.643317961169513097e+01 4.234410264270877633e+01 5.084005020715959944e+01 3.484479613668897002e+01 4.374576614115561313e+01 5.524049427076901964e+01 7.519407022966011311e+01 7.969106279445625773e+01 8.785842908724367817e+01 9.485740473884457913e+01 8.396067961969463056e+01 8.140309923933534719e+01 9.533851545861612919e+01 1.150067428819765638e+02 1.073857354252047287e+02 9.736635589658121148e+01 1.040282255058619114e+02 9.467139463344830119e+01 7.988351998938311738e+01 6.918147173776189618e+01 7.437896252509688111e+01 9.441021022538946283e+01 9.168894517917446763e+01
3.411803931810562102e-02 7.593407499502617064e+00 1.653767940950161730e+01 3.517398387312174890e+01 4.119867424062996264e+01 3.753561660718372650e+01 5.712413862885282612e+01 6.036569362814805118e+01 5.823939432210189437e+01 3.837422754707026229e+01 5.823939431591500693e+01 5.265645921265190310e+01 4.678928713270635598e+01 4.678928713270635598e+01 6.682191487902750282e+01 6.227017547860660329e+01 5.771725289363445199e+01 3.781580709792586248e+01 5.771754612599157497e+01 7.066223254626218875e+01 8.344299834621767786e+01 8.114077600415288316e+01 8.779885803168099301e+01 9.603110058204103439e+01 1.036629156181406586e+02 1.010992058969991803e+02 1.091950967899296074e+02 1.125238255021924374e+02 1.043677487221985558e+02 1.007629426297572763e+02 1.092885875590166478e+02 1.076430102774491075e+02 9.751188216432375100e+01 8.072108445256054665e+01 9.441021022538946283e+01 1.027270769038876637e+02 1.017556615114028062e+02
3.327314952832965272e-02 4.883985206539199098e+00 9.883977573212776591e+00 1.522912557094860908e+01 2.125876773692363386e+01 3.125015236472569669e+01 4.535467672344110923e+01 6.539837374615267152e+01 6.910401480958714160e+01 6.039462097086595804e+01 6.910401480078756720e+01 7.264569671192747080e+01 6.682191487902750282e+01 6.682191487902750282e+01 7.504482449570942038e+01 7.032113427607184519e+01 5.039311165359090694e+01 5.771754612599157497e+01 4.250455587494835186e+01 6.240906041194691056e+01 7.262376167763279966e+01 6.117199071361233820e+01 6.782461194909653557e+01 8.195901721852870025e+01 1.018974809248932729e+02 1.108830153515521459e+02 1.025805122515932766e+02 1.043677487221985558e+02 8.446728478873959034e+01 8.184328126487133659e+01 9.849555470432545690e+01 1.085868832570590428e+02 1.090958191992695276e+02 1.007761527375457007e+02 1.056729282854211931e+02 9.734255899595183337e+01 9.894508583179498373e+01
6.779948344387334846e-02 2.006779948344351894e+01 2.985521831216423649e+01 3.517398387312174890e+01 4.090321042780211513e+01 4.940598888899784669e+01 5.942517103986934757e+01 6.219951548457931523e+01 7.037625339654792356e+01 7.035544074032291917e+01 7.621847038171173949e+01 7.962905875039484727e+01 7.132764376580624344e+01 7.243240291365525252e+01 8.073380797153103572e+01 7.857109355608344003e+01 6.447801145537481204e+01 7.066201553159736193e+01 5.398125797659569258e+01 4.771992548814086632e+01 5.268325522419933549e+01 7.262645888369321767e+01 8.779885803168099301e+01 8.414185187192258297e+01 1.040706694288212617e+02 9.921777700425847968e+01 8.230913367273524273e+01 9.921777700425847968e+01 9.029599572609139102e+01 7.020792360325198445e+01 8.030394666346761312e+01 1.003618241214112743e+02 1.072359449778575851e+02 9.552377689689258489e+01 8.715467570229283467e+01 7.696679240746129835e+01 7.855382784513425065e+01
9.516927588586144779e-03 8.174482735367215369e+00 1.817448218788162606e+01 3.231643526804984390e+01 5.230430603294166048e+01 5.527180164557645980e+01 5.897257422312765840e+01 4.244305823126486388e+01 5.897257422312517150e+01 5.034375636061270143e+01 5.620504234960781531e+01 6.804129646637761653e+01 5.124482781763180839e+01 5.235260764018168089e+01 6.656105726346699214e+01 8.660708537880795177e+01 8.442768063641045728e+01 8.216970628490176409e+01 7.392162532535714092e+01 5.583324076961392990e+01 5.920563352234718479e+01 7.262602530631427555e+01 9.257378986344484417e+01 1.040706694288212617e+02 1.058535577533328649e+02 9.087682637224476423e+01 7.056566031393013816e+01 9.087682637224476423e+01 8.398463575840281692e+01 6.377280575446901167e+01 7.810435233915043796e+01 9.818089573975960604e+01 9.891282934180927100e+01 7.854710983596547180e+01 6.675255115911741655e+01 6.517240253886305368e+01 6.675367846657496784e+01
1.945935296826603253e-02 2.001945935296791035e+01 3.645208583096183474e+01 4.644015130907587974e+01 4.855817119606529531e+01 3.409005054568917359e+01 4.844050501448317192e+01 3.094125297954786191e+01 4.465386515945883161e+01 3.619781578266374567e+01 5.620504301246493384e+01 5.114836067515608420e+01 3.960047141829828377e+01 5.973282532724901728e+01 7.486171402035535039e+01 8.120501207376136676e+01 8.290826473771198835e+01 9.121754024896789304e+01 8.403469934871951352e+01 6.580174856348364187e+01 7.916229294069911759e+01 7.331819085596467289e+01 9.327120345355825748e+01 1.029462215417703135e+02 9.281960611929696370e+01 7.726676810882642599e+01 6.336553554976580926e+01 8.369574474542469034e+01 7.910216932011611846e+01 5.882726526589249261e+01 7.910216475436662620e+01 9.458854242868262929e+01 9.023472214340038988e+01 8.704894653037861474e+01 7.537550360500237900e+01 5.496996819342427187e+01 7.537550360500237900e+01
5.600688922766024203e-02 2.005600680892924359e+01 3.008872765861328702e+01 4.016552959707627934e+01 3.909683369098748074e+01 1.975305572217688166e+01 3.300236800205354371e+01 2.278062680326269884e+01 2.464983339228254522e+01 4.025021223750034949e+01 4.324509722362246578e+01 3.099891359046116790e+01 5.074565739393366925e+01 5.478009897567930153e+01 5.478009880500758300e+01 6.114573967413791422e+01 6.286346739736037392e+01 8.290826473771198835e+01 9.400663125591368896e+01 8.577053248357357518e+01 9.400663125591368896e+01 9.327120345355825748e+01 1.014896860337470343e+02 9.460805097416309195e+01 7.430382779897361445e+01 6.412567298128479365e+01 5.692478971280404210e+01 7.098857907754499763e+01 7.458418618245276832e+01 5.427746116151742939e+01 6.602470038477494541e+01 8.627665000923332173e+01 7.048447257754435213e+01 7.048447260751751742e+01 5.828007417621002162e+01 5.032096041710754974e+01 6.922238460573868224e+01
8.215197286175310309e-02 1.803477904509495744e+00 2.180384629653418926e+01 2.016198923350244598e+01 2.782479969734563596e+01 1.080418700297953372e+01 1.299947220527530156e+01 1.522169443670067324e+01 1.757871707934248917e+01 2.013947230503407226e+01 2.312133908132114968e+01 2.677758489533447062e+01 3.057371663088745706e+01 3.460973936158061548e+01 4.101581560301947604e+01 4.865660540926887734e+01 6.286346739736037392e+01 8.290826473771198835e+01 9.471710796124905585e+01 8.621034843189508479e+01 8.621034843189508479e+01 9.471710796124905585e+01 1.066598233186647633e+02 1.029462215417703135e+02 9.281960611929696370e+01 8.445180234544187670e+01 7.096989909499798443e+01 5.066488393590754669e+01 6.512165570532668823e+01 5.023077698753318288e+01 7.053423005685688452e+01 8.121567690965157738e+01 6.107638462887889830e+01 5.097380892377502448e+01 4.396699697156853404e+01 4.638394358101678705e+01 4.885100889399711122e+01
2.613274238814250472e-02 2.002613249227725589e+01 4.265307724096510711e+00 6.019423762711459958e+00 7.822763032049740772e+00 1.147424676267804955e+01 3.147673942492333410e+01 3.522396240061139849e+01 3.172173881871833956e+01 3.280901641450335404e+01 2.816641408500344568e+01 4.309008540021402212e+01 5.074565739393366925e+01 5.478009834405989409e+01 4.366179823224648970e+01 5.374396457868546406e+01 6.793691379958468701e+01 8.800208566280728917e+01 8.267584835259761178e+01 6.522216605966809766e+01 6.522216605966809766e+01 7.740626454969577708e+01 9.823695067202822884e+01 9.336018090483227638e+01 8.499761265302271340e+01 8.405072320388752871e+01 6.969353387907533204e+01 6.129791522281814053e+01 4.486163391721263594e+01 6.512165570532468450e+01 7.890007962516207840e+01 6.679705456781061912e+01 5.838623545790348857e+01 4.102598199538604717e+01 6.124574078101746011e+01 6.671498977401805064e+01 6.922238460573868224e+01
7.532853315450405152e-02 2.007532853026213360e+01 2.426628946987066726e+01 1.601950466783042160e+01 2.782480101621539603e+01 3.147673942492341581e+01 1.691756125318819315e+01 3.692098059006441702e+01 5.172777785072645429e+01 4.932276204909348394e+01 3.781186732641963744e+01 3.896712671685851603e+01 6.105062628219266685e+01 7.209855600905190443e+01 5.529715363449183485e+01 7.209859290616826399e+01 8.213704157510274229e+01 8.890590461759653351e+01 6.795692327915432429e+01 5.311604243258859981e+01 7.409014339287377027e+01 8.501596671821575057e+01 9.698638212262224556e+01 8.499761265302271340e+01 6.465022825234542836e+01 7.060983874016577033e+01 5.534758737252953154e+01 4.110225613378977982e+01 6.129791522281814053e+01 7.351129747101214207e+01 6.399598905761402534e+01 5.559129885326978382e+01 3.823165832675164921e+01 5.838623545790348857e+01 6.966050467511709599e+01 7.563919207383088406e+01 7.786775398050860986e+01
6.101047412966256744e-02 1.006101047412957605e+01 2.420314609786005278e+01 3.602227644920379390e+01 3.602227644958147579e+01 4.092183292864596922e+01 2.091757123573827570e+01 4.092183292864596922e+01 5.362324051561153482e+01 6.191235507623907353e+01 4.980542111124663052e+01 5.257837999402978113e+01 5.555419294720184809e+01 7.794266430175002824e+01 7.539274425896508092e+01 8.375251649448274804e+01 9.829962367211379615e+01 8.390533873575859047e+01 6.848621101399156430e+01 4.759266036548820722e+01 5.556574705479735599e+01 6.766497237267871867e+01 8.857083618454741725e+01 8.499761265302271340e+01 6.465022825234542836e+01 5.029344628284945173e+01 4.424273598662421136e+01 3.858853654428251900e+01 5.873615509561624748e+01 6.994609822588390102e+01 4.964534626798007366e+01 3.549515543542075591e+01 5.286927908524145181e+01 5.555466074289788736e+01 5.834950903264442701e+01 5.527290743210986079e+01 5.750098957932890897e+01
6.842009524227352091e-02 2.006842009524191894e+01 3.834528093040204055e+01 5.248741399327676760e+01 5.602846170616751209e+01 4.921016883396220010e+01 3.246560803487754043e+01 2.758439594027293040e+01 3.361507431799629586e+01 5.362324051561153482e+01 6.857732747104188320e+01 7.115614070684348746e+01 7.768198583457207462e+01 8.654000513791001481e+01 8.380827608917317662e+01 6.920941111351798725e+01 8.380827608917317662e+01 7.535302068646706175e+01 5.441094070122206006e+01 4.245912401494680921e+01 6.326210516959516639e+01 6.962331556128967236e+01 9.045134139395938178e+01 9.093012363728105640e+01 7.060983916387270654e+01 7.060983916313803377e+01 5.622066650576604729e+01 3.611745181534686822e+01 5.304505216520787059e+01 6.127069350220436661e+01 5.736470884537154546e+01 5.067395638953472314e+01 3.281893788509647436e+01 3.545911480072194877e+01 3.819557659391190185e+01 4.101824412328944192e+01 6.123759314636124884e+01
1.934550753332892059e-02 1.416148113126440400e+01 3.416148113126510566e+01 4.643903503157089574e+01 5.472328992992954255e+01 6.076220696366934959e+01 5.247325095362699443e+01 3.575028485932475064e+01 5.362324051561153482e+01 4.516545989972035358e+01 5.931517470703581552e+01 7.932795961637863513e+01 7.301474465873113218e+01 8.135633260762678276e+01 7.530849794165047228e+01 5.440829370723712088e+01 6.324544912775202476e+01 7.182374260321688553e+01 5.918230490619246353e+01 3.845160546554957648e+01 4.873900930857561775e+01 6.961694272056335819e+01 8.484629896020219064e+01 8.648745952355655220e+01 7.808754970391214556e+01 7.646409763512109237e+01 5.621475331406483633e+01 4.711353988832699713e+01 3.298998988529594811e+01 4.997944322150767960e+01 4.123239690747021768e+01 3.064939034574798526e+01 5.063398524646882493e+01 4.960868058117532087e+01 5.834950903264442701e+01 6.123794161957484761e+01 4.541296923427736942e+01
4.364784840791047227e-02 2.004364784840755576e+01 3.378992448513828606e+01 2.643903518057885549e+01 4.058117080392938192e+01 6.058117029648325769e+01 6.404828295606048982e+01 4.989777957193304303e+01 5.575912703536066317e+01 5.931517470703581552e+01 7.346600370321232276e+01 6.976515200078448231e+01 5.296385460441916138e+01 6.976515200078448231e+01 7.757253505260986515e+01 6.324544912775202476e+01 4.245468878187009665e+01 6.324524629624288963e+01 5.551716068989422581e+01 3.484931537519014455e+01 5.551765966739466762e+01 5.552111634318608679e+01 7.638278233313791077e+01 7.474416819597666972e+01 5.772238803537900509e+01 7.474416819522501498e+01 7.560620955028451817e+01 6.142225486188925743e+01 4.998763062514847633e+01 2.996206447233344505e+01 4.701950355416622074e+01 2.912783694654564925e+01 4.322823316280408790e+01 6.343547830780106977e+01 7.831521795865927515e+01 7.414359379079111534e+01 6.572423519161556271e+01
5.219006137575642884e-02 6.718856728042394089e+00 1.378992453990780653e+01 3.378992448513828606e+01 4.478067890030614251e+01 5.306495451174990308e+01 6.461196292281897513e+01 6.990967157534890930e+01 7.577120053407557521e+01 7.932795961637863513e+01 7.238309179508821956e+01 6.143835788838248391e+01 4.148688402516121698e+01 6.143835788838248391e+01 6.901545958749994725e+01 4.816578180209018001e+01 3.628626405359561602e+01 4.966320163198890469e+01 4.762726107913681517e+01 3.140853243182898780e+01 3.862100196577497258e+01 5.323631325357455779e+01 7.412062646492981344e+01 6.632971813245308113e+01 4.606645541479850436e+01 6.632971813245308113e+01 8.112595495661597056e+01 7.014344337301760390e+01 4.997229120822914439e+01 4.694313894828825795e+01 2.698555834982433055e+01 4.701948324448206762e+01 4.914679016984496229e+01 6.938651569845931988e+01 7.016243462188241153e+01 7.856670039682526863e+01 7.769578007501287686e+01
