MOVIE_S10_data/elevation_000905.asc
nrows	100
cellsize	150.0
xllcorner	0
ncols	100
yllcorner	0
NODATA_value	-9999
[rows 68 to 84 of 100, columns 37 to 73 of 100]
6.852460642748441444e+01 5.439054216450496426e+01 7.380988093222194379e+01 8.377590523222178831e+01 9.044121643030401003e+01 9.798793688136012747e+01 1.062183868247480660e+02 1.161620551406466717e+02 1.143169429944467907e+02 1.027648172142916820e+02 8.274663171979608478e+01 7.105802549724936057e+01 8.219627737424154645e+01 7.480451317062191663e+01 9.157532427346818338e+01 9.073590742817623322e+01 9.901758502372635462e+01 9.608130626984937805e+01 7.950948741869522962e+01 5.942711196268010099e+01 4.517600332235093674e+01 5.672432076847909599e+01 4.980504470942868522e+01 2.982081908966054939e+01 4.818941582966896675e+01 5.103053189665769196e+01 3.859719527809337336e+01 5.854194527035549100e+01 5.865666606204806044e+01 5.650687292489541846e+01 6.211188629543956097e+01 4.280868375559712291e+01 5.481661181095186919e+01 7.434708086765635926e+01 7.545279050738707838e+01 6.762871052162378760e+01 5.950531728741997739e+01
7.482253403297849559e+01 7.380988093222278223e+01 5.973127966884108986e+01 6.382971578695235593e+01 7.044528283606099706e+01 7.802119135374128689e+01 8.803711395647955840e+01 1.079387598062406113e+02 1.061091032365758480e+02 8.612352884871734204e+01 8.979095008101262465e+01 8.219627737424154645e+01 6.196690280741484003e+01 6.308440114925841868e+01 7.682565845949423533e+01 7.106384468067989246e+01 9.073590742817623322e+01 9.219344315185767869e+01 7.213834822308548667e+01 5.792675404492215563e+01 5.942711196268010099e+01 6.414933360504203108e+01 4.386344571263173009e+01 4.818941582966898096e+01 2.826774449626222463e+01 3.137193206334642426e+01 5.085641102341980968e+01 5.864396953977735905e+01 4.155054922775159554e+01 4.716161948590569608e+01 4.692853557886309090e+01 3.549140312015421728e+01 4.916026010922931277e+01 6.894389832115318484e+01 6.762871030731622568e+01 4.800656621796797907e+01 5.386263408213469006e+01
5.977053091351225333e+01 7.994605251281022618e+01 7.952336335392668332e+01 8.377590523222319518e+01 7.272781587981647533e+01 8.429176977163156437e+01 1.042189739979611431e+02 1.161620551406466717e+02 1.039361972647041910e+02 8.393179685440766491e+01 6.962033652209809986e+01 6.396565061983260136e+01 5.853980338728785426e+01 5.403875255233519681e+01 5.707833001949493479e+01 7.682565845949423533e+01 7.984685247650028828e+01 8.813346755866898263e+01 8.629625623762356668e+01 7.801234953038289177e+01 7.950948741869522962e+01 7.250596389069887948e+01 6.414933360524473471e+01 5.656324932484422874e+01 4.659209767353538467e+01 2.671411640413439059e+01 3.870509667422972910e+01 4.448118207876058250e+01 4.359186008181125516e+01 3.051387876324066895e+01 2.750597176483341144e+01 4.687993593636358725e+01 5.266116450051180919e+01 7.202267792844716610e+01 6.757997499031043276e+01 4.800145636992199627e+01 3.390975116859006278e+01
7.408366242622696518e+01 6.542017910538200454e+01 8.551910921144731503e+01 1.009521388173729548e+02 8.274588209311973230e+01 1.009521388173730969e+02 1.124460932442266881e+02 1.165137270069787689e+02 9.662690634492975050e+01 8.243334244362485208e+01 8.979095008101262465e+01 7.509975199667174195e+01 7.289355837606885302e+01 6.968881672045810660e+01 4.951121902457018820e+01 6.557008183795122136e+01 5.965644981257418067e+01 7.984685247650028828e+01 8.177163269810522195e+01 7.344298727253874404e+01 7.344292947729310583e+01 6.904571191404616570e+01 6.063039197707354333e+01 5.581785009304797995e+01 4.612116207587714456e+01 2.610292131495530299e+01 2.520253307747776361e+01 2.451250950744333323e+01 2.382455633856077881e+01 2.313262742802675476e+01 2.243827416392455021e+01 3.287723299133431709e+01 4.958871463274817870e+01 5.452214342724475671e+01 6.282050277613799949e+01 6.189112450976581670e+01 5.385133105142547549e+01
8.960923071919182803e+01 6.956642748846272184e+01 8.377634910800945534e+01 1.036910526126249437e+02 9.686499994105105316e+01 1.109094712578337436e+02 1.155842737918845700e+02 1.073537611661903668e+02 1.106650883356483774e+02 1.024516212606031047e+02 1.034452154170220837e+02 9.520793416789236119e+01 9.302415007851926987e+01 7.723388718300712696e+01 5.703158371577553964e+01 4.544221544904339538e+01 6.183243088208045890e+01 7.015797108847091579e+01 7.344297166420244594e+01 5.155792407063100313e+01 5.155792390772143108e+01 5.751794653298030369e+01 2.979879751397838916e+01 4.744252104147371085e+01 2.738134998432950695e+01 4.612116200926990928e+01 4.509308005357497251e+01 3.017289878607693510e+01 4.378802837423175731e+01 4.270016110382209007e+01 4.132972412188927791e+01 2.145634477072674073e+01 4.036251662165016540e+01 3.450715859515358375e+01 5.452215886622819596e+01 5.306262954472541793e+01 6.128386429157004045e+01
8.118352305207041297e+01 7.565198061765268278e+01 8.595752056929440243e+01 1.058574775747774765e+02 1.167258643775213329e+02 1.127461410728902536e+02 1.045727704612855291e+02 8.734874169537950195e+01 9.113445863935018565e+01 9.923147511668418019e+01 9.331952112383211784e+01 9.049982482409039619e+01 8.770565177344325036e+01 8.552896648206335328e+01 7.389495868373541043e+01 6.183243088208045890e+01 4.173828139175445529e+01 5.822331336091156828e+01 5.573415395879256096e+01 5.590598144370414246e+01 3.601625021934618331e+01 4.973540106676311012e+01 2.961158792397372608e+01 2.867249675287969879e+01 4.739856070939242016e+01 5.578651860888383140e+01 5.869608990333628640e+01 5.045698650243538452e+01 3.959513039700723169e+01 5.964000883048723267e+01 4.960640360876754329e+01 4.034988377812246085e+01 2.046557033967953032e+01 3.940278449661307292e+01 3.872495921485994330e+01 3.292609727305068645e+01 5.293827104522632965e+01
1.010929477535641468e+02 8.200936093441791286e+01 1.019352544401979230e+02 1.140518608197375698e+02 1.160665914843258548e+02 9.615870949931668576e+01 8.445777794765339763e+01 7.725840303783783725e+01 7.080146893527295049e+01 8.382490066749620894e+01 7.328264204141024152e+01 7.035075641083504649e+01 6.753554008687490295e+01 7.074096850896908961e+01 7.902376407821589055e+01 6.954828572104574391e+01 5.822341512020923915e+01 3.815427407624980560e+01 3.568489687255033260e+01 4.686279349261234017e+01 3.196073418873835337e+01 3.098600868785965901e+01 3.263183018052118456e+01 4.877377156138102521e+01 3.618533839959988541e+01 4.783030036256784712e+01 6.815924875003832994e+01 6.834387423053125588e+01 4.867549334333159550e+01 6.834384494188067549e+01 5.103970563434855023e+01 3.106480830903104007e+01 3.940277895089532478e+01 1.947202407742073760e+01 1.876663435880800179e+01 3.554065977236994200e+01 3.710548396239616409e+01
1.101309351691559186e+02 9.355382979868475957e+01 9.613141492803656263e+01 1.159469625042947456e+02 1.241897760873222865e+02 1.127461410728902536e+02 1.045727704612855291e+02 9.725260296233703627e+01 8.253817954963308523e+01 6.357119420365027906e+01 5.890318423410586490e+01 5.599591343997690274e+01 5.322039537014892119e+01 5.055581671458031678e+01 6.702351271315023951e+01 6.124313607299436768e+01 4.116356714809895578e+01 3.887453984725975431e+01 5.360104372659515803e+01 3.335743291752731920e+01 5.210542550920098392e+01 5.110883164175923810e+01 3.665513339796850545e+01 5.728963159518488624e+01 4.252905158395284246e+01 6.284830388495767295e+01 7.650166076114095404e+01 7.744001571385254579e+01 6.053727151156590480e+01 6.522933483553275380e+01 4.516224325584253307e+01 5.103975825976087322e+01 4.655346739502789433e+01 3.273236079163087453e+01 3.776832630382724432e+01 1.777120796076960474e+01 1.708423891802248562e+01
1.215701184302335918e+02 1.133851536790119781e+02 1.159469625042947456e+02 1.241304554102753457e+02 1.285626574821280030e+02 1.203646485346261841e+02 1.108802343789628537e+02 9.924911459740916087e+01 8.490569087546914773e+01 6.466401633791682002e+01 7.917881749474025810e+01 7.625228191448594828e+01 7.344317395152825156e+01 5.445240765491474377e+01 4.688860985389447933e+01 4.448898722047223941e+01 6.124850335646551969e+01 5.894471607855049200e+01 5.487828692712649570e+01 3.460266215135312251e+01 5.487828692719581625e+01 6.199950197439043365e+01 4.146965295425714970e+01 6.199950197439043365e+01 6.284830388495767295e+01 5.337611400481108603e+01 7.372551768381136128e+01 8.910118247789148427e+01 8.086325715792034430e+01 7.351783703085301624e+01 6.522933484275787919e+01 6.656436293338796872e+01 4.673130969260613909e+01 4.243571320607267694e+01 2.255662921156687162e+01 3.598104484334401576e+01 3.710113908268194649e+01
1.170227031958459492e+02 1.134961759534243271e+02 1.050738674586713444e+02 1.134961759534243271e+02 1.203646485346261841e+02 1.005478731076825198e+02 1.026683194591987700e+02 8.267968027349644444e+01 7.097275572369100871e+01 8.490569087546913352e+01 9.316361559401950387e+01 8.155640617065905928e+01 6.725251805066241673e+01 7.466345732000156943e+01 6.702446274192200804e+01 6.460302528590912630e+01 7.292753772363691667e+01 6.643530927921955254e+01 5.616562819440122922e+01 3.585970459020198575e+01 4.691455038580986781e+01 6.573321201991322482e+01 6.199950197439043365e+01 4.903353283199817980e+01 6.086604856107881290e+01 7.372551768381136128e+01 6.779938757908543323e+01 8.803246135502841696e+01 8.368448015700720077e+01 7.555614686458314111e+01 6.655991923584430481e+01 5.832159382896529110e+01 4.769552272029367401e+01 2.764673593376356209e+01 4.254371503670166987e+01 4.210899973548470143e+01 4.970567390836973232e+01
1.051173633932582874e+02 1.031786106615193859e+02 8.431369442046079143e+01 1.031786106615193859e+02 1.203646485346261841e+02 1.005478731076825198e+02 8.641840378581687787e+01 7.927600015325877791e+01 8.267968027349644444e+01 9.936740637511603325e+01 1.097622705006115069e+02 9.565933833563532573e+01 8.741590013911056189e+01 7.717637865913377482e+01 6.877682819717489338e+01 6.573937375555840390e+01 6.280675694872202541e+01 5.802612076242307637e+01 3.769668639259161580e+01 4.254600049016160312e+01 6.264835470126188000e+01 7.414369590652545128e+01 7.560499199090268974e+01 5.521492003784896951e+01 7.560499199090268974e+01 8.119282222954669237e+01 8.215529788765086039e+01 8.960510116969552996e+01 6.973687900686383045e+01 5.558237696702420294e+01 5.827862218537185157e+01 3.830509209089547085e+01 3.356725304652494657e+01 3.923082578761696482e+01 5.598347524039652967e+01 6.146904774022088702e+01 5.796622091104761409e+01
9.663181423487782240e+01 9.469378093956606790e+01 7.385618912832633498e+01 9.389829778806065974e+01 1.023846954072325843e+02 1.145552652949053112e+02 9.930445617686854121e+01 9.930445617686854121e+01 1.026683194591986990e+02 1.108802343785505968e+02 1.020958546942649292e+02 9.385513461733984286e+01 8.171160307406269396e+01 6.877682820908015060e+01 4.817580979897106630e+01 4.521509870721074975e+01 4.235620471649332330e+01 3.955761075722169551e+01 5.204081978174207279e+01 6.308058591208492061e+01 5.439116189578329852e+01 7.495055986861828501e+01 8.278993066465923789e+01 6.246785523016834674e+01 8.278993066465923789e+01 1.012759787875097857e+02 1.022211891062551530e+02 8.960510455781320616e+01 6.973687900818202934e+01 6.616791279610087884e+01 4.615925470250789431e+01 5.832159382896529110e+01 4.359565666400239081e+01 5.925851376566630790e+01 6.754109373075756650e+01 6.665361729179379324e+01 5.913298626343281938e+01
8.926577371621981172e+01 8.732657970290361504e+01 6.658574438250997218e+01 7.313708148305559575e+01 8.784371865561941206e+01 1.085153448440614312e+02 1.191550127418167335e+02 1.139356844998402494e+02 1.039688261326035388e+02 9.574024366542367659e+01 8.860760839685617896e+01 7.360730655196239525e+01 7.334207375910268922e+01 5.267204540627030696e+01 6.877682820908015060e+01 6.573937375117350257e+01 6.147408190210087753e+01 4.105495220291994940e+01 6.147408192718413744e+01 8.090101560139346759e+01 6.634228745317140863e+01 8.329035867105250190e+01 9.107276481594075790e+01 7.427112898212870107e+01 9.107276481594075790e+01 9.042483374665947338e+01 9.863783214332191562e+01 9.763228925381882561e+01 8.960510507148470083e+01 7.453848672489046123e+01 6.618031637230522790e+01 7.190064625697706902e+01 6.362147058175358438e+01 7.191805132644788046e+01 6.075392487932275998e+01 4.655587838327851813e+01 4.652229927115524788e+01
8.300400835852799730e+01 8.076775168421247031e+01 6.020538991136911733e+01 8.076775168421247031e+01 9.224929187673801323e+01 1.015072496462805418e+02 1.134104254815917443e+02 1.057353353854031184e+02 8.574515194544436270e+01 7.556610460088812431e+01 6.823443609540049692e+01 6.159535832126035615e+01 5.755882598035561415e+01 7.334207373270592711e+01 8.171160210446895178e+01 8.149072134863082795e+01 6.302028051909942263e+01 4.256599577583830296e+01 6.301988369596045203e+01 8.024580352881707768e+01 8.670967867081564862e+01 9.498279823626032226e+01 1.026641789100832369e+02 9.442683017279777857e+01 8.716913179482547491e+01 7.054536827662573728e+01 8.716913179482547491e+01 8.998771441413542505e+01 8.189590284222698813e+01 7.989850326282622461e+01 7.173983813314531233e+01 7.097781008461825536e+01 7.214348541899552458e+01 6.682981025416199827e+01 5.243703377253741849e+01 3.244132277697256228e+01 3.823272739419801525e+01
7.026521018570643662e+01 7.026518403122791767e+01 5.552825765961942039e+01 6.308523179877755638e+01 7.223101661287397235e+01 8.425371836645250312e+01 1.049851366076178891e+02 1.139356844998402494e+02 1.039688261326035388e+02 9.043836668128366796e+01 7.013821716719509425e+01 8.216504563329112898e+01 6.497352750526532361e+01 8.548221826373058718e+01 8.494098728770448758e+01 6.435683665301743872e+01 5.238645063092008058e+01 4.409060256058401706e+01 5.125458736598765341e+01 7.187273249265952302e+01 8.481886225041506577e+01 1.049177307916989861e+02 9.681299365506423271e+01 8.533864918368217900e+01 7.711453149985038635e+01 5.897796388404304224e+01 7.805054108591228612e+01 8.189589993978087534e+01 6.188022305840775772e+01 6.774267598598707707e+01 5.161817618668188601e+01 5.254887029751910887e+01 4.903391565265270202e+01 5.842419568281790276e+01 3.827248773739405152e+01 3.978915320155714852e+01 1.985677892832931235e+01
5.008976685735349577e+01 5.008976685735349577e+01 5.630301973845183738e+01 6.337746322877809746e+01 7.252999824013635077e+01 8.455659156295935475e+01 1.052844771603763832e+02 1.123563300140349384e+02 9.217720495796619673e+01 8.042904616048195976e+01 8.437955290310340217e+01 9.374613988187867619e+01 7.535496372369253493e+01 9.378311254135574870e+01 9.331136230407740584e+01 8.126498705547264478e+01 6.607623812570058419e+01 4.568653596158368657e+01 6.622058463100754011e+01 6.434794217088189328e+01 7.890831057514890290e+01 9.908819626594971908e+01 8.859983668040167970e+01 6.870670456725287067e+01 5.713017500777860391e+01 5.081027998878306562e+01 5.809556754869758066e+01 7.218650213947228167e+01 6.774267646336213033e+01 4.758404471825862458e+01 3.996006130932747880e+01 4.929358803518609733e+01 3.458614552835339140e+01 4.450229877858663485e+01 4.145467624498269998e+01 2.155671006049911398e+01 2.320220264639419838e+01
4.563331786702412529e+01 6.563662589413873150e+01 7.672234008659879123e+01 8.402089559206014258e+01 9.254880502661386288e+01 1.018070086122342275e+02 1.137080359462754586e+02 1.205766607892303313e+02 1.089826314960127860e+02 9.216710379898471217e+01 1.032498287124695366e+02 1.038986711102996878e+02 9.570579057120282584e+01 1.039907696767156722e+02 9.119725410456302939e+01 7.128763144005526442e+01 6.712342460318829751e+01 4.729835196138007092e+01 6.788351940488936975e+01 7.946419317751160349e+01 8.136643055738585417e+01 1.015327773341286814e+02 9.117229402940567695e+01 7.129161560348836701e+01 7.546864985366050860e+01 5.550087048117188004e+01 4.402121703807886632e+01 5.827246067162710119e+01 6.652820087635953428e+01 5.770614526669634614e+01 4.939397165177120996e+01 3.143171563765186605e+01 2.596659610941553709e+01 2.460844177372772990e+01 2.324976104197796545e+01 4.144465893142746893e+01 4.313115621592169191e+01
