MOVIE_S10_data/elevation_000507.asc
nrows	100
cellsize	150.0
xllcorner	0
ncols	100
yllcorner	0
NODATA_value	-9999
[rows 68 to 84 of 100, columns 37 to 73 of 100]
4.218781065128316499e+01 6.216091950638995201e+01 6.668248964124755673e+01 6.476513613070744668e+01 6.898544074103982382e+01 6.765137193860070397e+01 8.835352831756252101e+01 1.038254861795155080e+02 1.154219492233351900e+02 1.040214525471533733e+02 8.380600636489909050e+01 8.972697346696955378e+01 8.677442018654161870e+01 7.272444105867131725e+01 5.249792410782616514e+01 6.360586542934498056e+01 4.317509841921123837e+01 4.063673813278024483e+01 3.821323155792105553e+01 5.550554269220227610e+01 3.962378994548527800e+01 5.994017714893028881e+01 6.528811179214282845e+01 7.358436870534173124e+01 7.134399601381753087e+01 6.157720440862537714e+01 5.350323124691889376e+01 5.148077903268330147e+01 4.139741591460645509e+01 2.143254865505090834e+01 3.090124149651290253e+01 3.865664833921842813e+01 2.980093375882670870e+01 1.736973022063790850e+01 1.673022980247330693e+01 1.609202776355530418e+01 1.545513752948177810e+01
3.702281380447286097e+01 5.703288128281192115e+01 4.655279329120034504e+01 5.050548705814930628e+01 5.471942010495835973e+01 7.488153565670575063e+01 7.538973719915341576e+01 8.701653194493437127e+01 1.071014791682273000e+02 1.040214525471533733e+02 8.380600636489909050e+01 6.956824307816337694e+01 8.113126194713817085e+01 7.101647371479495519e+01 5.076668879213664098e+01 4.697959741217471219e+01 6.360586542319973091e+01 6.107154383564166977e+01 4.101252281915387243e+01 3.530982070629892178e+01 3.344109288196217022e+01 5.073847964866833138e+01 4.491931072159922422e+01 6.495425330286829535e+01 6.559211850581125702e+01 5.087480922410016149e+01 3.433409315885700863e+01 4.226233793691550744e+01 4.131518191719183619e+01 3.661087820571069784e+01 1.957727252596730239e+01 1.892557652034636462e+01 1.828057759815104788e+01 3.521132068885201960e+01 3.682191657213681424e+01 3.618035305247005340e+01 2.016596856632858703e+01
3.904656253856374093e+01 4.119975958402368121e+01 4.620434132306088060e+01 6.630218533146860693e+01 7.488153565670575063e+01 6.263790928014600468e+01 7.165757003848162299e+01 8.329203165062527603e+01 1.033840806684937377e+02 1.062310372595660226e+02 8.601776977246382216e+01 8.113126194754347864e+01 6.098095897193149995e+01 5.632959944624651882e+01 7.101647371577354306e+01 6.731938567914133387e+01 7.046535254200206566e+01 5.016535672030413906e+01 6.138691841634877022e+01 5.550554313503117498e+01 5.085666528961001376e+01 3.090212998646115850e+01 4.830131653210713694e+01 5.585142384012400640e+01 5.226129020847287165e+01 3.711213835591111376e+01 2.292071562232274573e+01 2.215060303513681461e+01 2.139540484587420721e+01 2.064129200216890325e+01 3.965929442359727375e+01 2.362262914543626025e+01 4.028807708162341328e+01 4.964854549040564535e+01 4.741327182287962927e+01 2.723444918538064741e+01 4.027925355914209149e+01
4.287308906046416013e+01 4.250400398568010019e+01 6.259447615005582577e+01 5.382062976897137219e+01 7.388629325748537724e+01 8.278314861709993977e+01 9.110863263727347316e+01 1.001042685618833019e+02 1.117029963176082958e+02 1.145571205440123634e+02 9.540155733214348288e+01 7.522031206017189220e+01 8.113126188168990893e+01 6.397341576227339743e+01 8.412507777552929156e+01 8.324298037825386132e+01 6.303977685892696314e+01 6.454832723951578544e+01 7.881833574096387451e+01 7.263606801954944103e+01 5.923528315024909574e+01 4.830131807873336669e+01 2.839990983001944613e+01 4.604743366587778297e+01 4.400747183522026518e+01 2.401477983881850164e+01 4.301452206685517865e+01 2.605557116863117173e+01 4.150610243268338451e+01 4.217256638737080010e+01 4.113780137055950092e+01 4.359073308823230519e+01 3.062132099520134787e+01 5.053576983191761940e+01 5.282064368782621955e+01 3.259330686198584459e+01 5.282084898578371224e+01
6.298596256831127249e+01 4.500357904170924428e+01 6.510797991142580088e+01 7.388629325748537724e+01 6.239569342374790750e+01 7.135931778067478604e+01 8.136942322590427068e+01 9.552696320198940327e+01 1.155674834851250807e+02 1.128777469890637661e+02 1.037463380250240448e+02 9.540155733214348288e+01 9.247773079907145188e+01 7.559294599636710643e+01 9.247774829916585304e+01 8.324298040125256648e+01 8.324298040327551007e+01 8.475031532489201425e+01 7.300092970762099753e+01 5.080932284489804829e+01 5.244177545559055886e+01 4.693906302281911991e+01 2.678482847885730322e+01 2.590628940173140649e+01 2.512071175169495163e+01 4.414447740271495491e+01 3.217469396321133956e+01 4.621705438944357525e+01 3.182302985015924079e+01 5.205852431987319306e+01 6.204368784991847008e+01 5.576648920059492553e+01 3.589006264294992121e+01 5.576648920082737959e+01 5.892890931428342327e+01 3.867191943651195629e+01 5.892890789024072973e+01
7.340011748236531730e+01 5.402296271679138329e+01 4.881467340109479380e+01 6.890622674257990354e+01 8.242816994831447630e+01 7.656255399318067134e+01 9.658901953887036029e+01 1.097079476760160759e+02 1.068470023595110518e+02 9.248924291634158124e+01 1.026834949527026311e+02 1.110522927377702587e+02 1.041265253609522148e+02 9.578018662727411936e+01 9.920564108391641867e+01 1.034215024268824692e+02 9.306286187200377924e+01 8.142024793249153447e+01 7.201641989777280628e+01 5.379736126074434566e+01 3.357535268431256981e+01 2.803066036850920284e+01 4.695109989125090522e+01 4.598483981501977524e+01 3.426388993093716806e+01 5.359715363247229902e+01 3.824242983119332706e+01 5.849172728570677293e+01 5.205852432126320650e+01 3.803613689433723977e+01 5.831745900674834360e+01 6.162478043195850574e+01 4.181294851555639269e+01 6.162478043195850574e+01 6.608816046245517839e+01 4.583874032263624088e+01 6.608816046245517839e+01
6.821335658400633406e+01 7.163681240324196153e+01 5.156899880739493369e+01 6.577492050279850844e+01 8.578975558207359597e+01 9.658901953887036029e+01 1.048978621333850327e+02 1.068469922745104554e+02 9.667526225009838470e+01 7.807697672817920420e+01 8.229823176242632599e+01 1.026834949527026311e+02 1.048378967852520418e+02 9.321817503372274416e+01 7.885187652570895978e+01 9.321817503372274416e+01 8.440045509036114879e+01 6.455441381164082770e+01 5.322735004631902456e+01 4.431676640676201373e+01 4.785169209206622298e+01 2.892422978057055616e+01 4.934729935251166211e+01 6.229136312670060249e+01 4.871389199272702797e+01 6.274619971126328011e+01 4.499654886173323831e+01 6.523235702050361340e+01 6.297254893943268428e+01 4.268143266194362440e+01 6.297254893943268428e+01 6.840353157043556109e+01 4.871758527213469137e+01 6.840353157043556109e+01 7.440315722751600447e+01 5.755592118248387834e+01 7.440315722751600447e+01
8.822094589854134483e+01 7.447165960023650655e+01 5.443332113635378278e+01 7.447165960023650655e+01 8.898155260114616283e+01 1.017752561731766292e+02 1.101651804101725389e+02 9.846089716043198337e+01 7.807697672817920420e+01 6.799448856447567380e+01 8.060591586371330663e+01 8.901000463851720212e+01 8.450604759722509129e+01 8.415364144093737764e+01 6.455355703412972446e+01 8.415364144093737764e+01 8.376268297825174614e+01 6.505024950801895045e+01 6.537630334692202894e+01 5.963365473457857036e+01 5.001872645278670149e+01 2.982111710120541659e+01 3.924028887200066151e+01 5.887700772861596477e+01 6.967412820323063727e+01 7.286039443760198253e+01 5.267850444046425906e+01 7.286039443760198253e+01 6.804144683796303639e+01 4.776579653069862985e+01 6.804144683796303639e+01 7.666850309686135745e+01 5.962163619381396273e+01 7.666850309686135745e+01 8.602603082772560583e+01 7.774341607011939459e+01 6.391095533648999805e+01
9.257352386916454634e+01 7.839165735865113049e+01 5.839161084806642776e+01 6.064496840188613191e+01 8.065596939272143118e+01 8.164514914603248030e+01 1.017752564806274478e+02 1.068469922745104554e+02 9.233391583117094115e+01 7.202042401636826696e+01 6.040051146397756554e+01 7.421640597545069795e+01 7.017021747196054093e+01 7.389366532416480027e+01 5.547606117654338220e+01 7.575289833702511544e+01 8.077295455213308628e+01 6.539219599984193110e+01 4.534282190006318558e+01 5.144674531257810202e+01 3.118354053386605429e+01 3.239796138760904398e+01 5.249920370373081369e+01 6.411863330588164445e+01 7.658295633438144989e+01 8.113781664043175113e+01 6.698339736299570291e+01 8.113781664043175113e+01 7.365518314966487878e+01 5.341449724011057043e+01 7.365518314966487878e+01 8.694380666156449422e+01 7.875670948281953088e+01 8.562999195381885897e+01 7.792950164617360542e+01 7.251487132901047516e+01 5.060293832944271486e+01
7.322274527487562068e+01 6.429972995201396202e+01 7.839165619706560051e+01 8.065597056192473246e+01 6.750351872784308682e+01 7.904025057763534790e+01 9.915354308084816637e+01 1.183775522871370498e+02 1.007310814565753816e+02 8.591022571003068720e+01 6.565593579518647971e+01 5.396498536134565427e+01 6.859967216287158465e+01 5.356508307556786264e+01 4.853575011710275788e+01 6.039913115124811327e+01 6.039912894472686133e+01 6.266878776415133956e+01 5.284020723553624066e+01 3.255536070161304707e+01 5.144674531275233420e+01 5.265946682006050139e+01 3.617108867981106357e+01 4.790357768907088598e+01 6.817750394074447229e+01 8.331201072169872646e+01 8.704872048114351912e+01 8.793921480506257637e+01 6.773854351263256035e+01 6.511765693068095118e+01 6.994831383096490640e+01 9.014767788051570108e+01 8.178679491300506754e+01 7.180188291819627011e+01 5.467740957673013469e+01 5.655873959638581283e+01 5.585551286440549745e+01
7.582389758247806810e+01 7.060759133483701078e+01 9.058824040644491049e+01 9.432237728245253550e+01 7.415468304184842907e+01 9.432239384615107269e+01 1.075407956489065242e+02 9.807178466059662014e+01 9.807179050958903588e+01 9.431118488113001774e+01 8.261272842897743374e+01 6.859967248569166998e+01 4.815108310270584013e+01 4.417168477639417290e+01 4.191594620587890319e+01 3.994715271524783162e+01 5.747774865190184101e+01 5.425202716517020463e+01 3.394713876779690764e+01 4.688085732414600670e+01 6.122639061410062311e+01 5.647234716180680181e+01 5.647234716181007741e+01 4.027203003544621396e+01 5.463816033851017551e+01 7.340069546374337506e+01 8.773599445031277355e+01 9.628783323982612785e+01 8.793921480506257637e+01 7.940015147602441914e+01 9.014767788051570108e+01 8.763512315662531194e+01 6.765493354790250180e+01 5.349698938164910089e+01 4.331635503164864787e+01 3.604991870768267859e+01 4.773171010257768643e+01
9.582973995245647814e+01 7.766510838964453001e+01 9.748119900028572715e+01 1.028767966478887246e+02 8.416992439172015850e+01 1.028768195547598765e+02 1.124723534189265024e+02 9.210688204673441248e+01 7.770981629993667639e+01 8.631580058841139191e+01 7.956840435541997181e+01 6.906093094795546961e+01 4.863311194420887773e+01 6.480246475844464271e+01 6.252448705999440648e+01 5.747775414470655164e+01 3.728667273312493791e+01 3.535452442696237796e+01 4.565516138761811504e+01 6.261622179764835039e+01 7.543003920028812104e+01 7.675805092984056444e+01 5.685381062570920818e+01 6.057393892604532226e+01 4.471951176912074999e+01 5.906539647578586738e+01 7.814967710922431365e+01 8.656650216808206721e+01 9.672119517328366101e+01 9.960379223705281504e+01 9.276912370305331024e+01 8.274874673545170367e+01 7.443789552454865088e+01 7.180188291819627011e+01 6.350519896297439004e+01 4.850937025585749751e+01 2.807143330294145755e+01
1.061234417473558551e+02 8.770447942820061371e+01 1.061234417473558551e+02 1.135139767833745879e+02 1.047451654768694169e+02 1.135550976730392705e+02 1.156354216397188708e+02 1.034829609140942921e+02 8.631580058841139191e+01 6.607361022924955307e+01 5.937508272570173773e+01 5.322435838626152105e+01 6.906093094795546961e+01 7.745324296462774782e+01 7.170553726658852156e+01 5.136581569779792744e+01 3.699157519844025899e+01 5.567719253124020184e+01 5.564748733877429032e+01 6.595957005196609657e+01 8.613043825242205287e+01 8.553391376550867164e+01 7.712674195020471757e+01 6.499938399198775585e+01 5.150991161318500389e+01 5.026883947443418776e+01 5.793093263912579260e+01 6.799938603390081937e+01 8.829996818454782215e+01 9.867855832285546569e+01 7.860694955999753120e+01 6.434182824705122528e+01 5.420356002530368755e+01 6.361897460705197460e+01 5.720608860764543380e+01 4.521588536465121422e+01 2.503525339910296310e+01
1.161971067405462463e+02 1.078607736597999889e+02 1.161971067405462463e+02 1.295236297964557082e+02 1.094222200746688856e+02 1.094222205524090583e+02 9.568192047524266286e+01 9.511319288171097242e+01 7.479167618507189275e+01 6.318261736665524353e+01 5.888933073979561783e+01 6.492509540136440194e+01 8.186989415635120793e+01 8.825509430062331262e+01 6.861003450163642015e+01 5.849781251418036732e+01 3.815472537877927550e+01 5.849942663876680626e+01 7.581964505702146084e+01 7.791066349487543619e+01 8.631392610704749302e+01 9.645167918995177558e+01 9.368282759991721775e+01 7.889375704039753145e+01 5.867152969238753002e+01 7.050771001067539601e+01 5.703204936461079910e+01 7.724554033370769446e+01 9.672119517328366101e+01 9.412886462057507231e+01 8.390215246239610281e+01 7.535742769740795666e+01 6.355222311018704318e+01 4.333453085276381245e+01 3.692353411101652227e+01 4.663009333329814865e+01 2.643119556340893084e+01
1.045770510389550623e+02 1.128909044841101235e+02 1.221834023361673900e+02 1.237018216812102338e+02 1.035074160995813912e+02 8.903082220044193207e+01 8.181874151951713259e+01 7.542229030714980809e+01 7.005442309687974500e+01 8.338056515464275265e+01 7.050487774354114379e+01 8.516595491144751406e+01 9.356007605612390421e+01 8.713942118961462313e+01 6.861171219195881577e+01 4.936878296316910308e+01 3.932286020704849250e+01 5.968469277153262453e+01 6.779685600473794693e+01 5.768490112589311281e+01 6.777778338628594668e+01 8.805663820487062310e+01 9.327871289394963128e+01 7.293531382857646861e+01 7.293531382857648282e+01 8.230210010952271205e+01 6.207586100626283354e+01 7.633267334363519296e+01 9.671357116732121995e+01 8.565062716616301941e+01 6.520335455541000158e+01 5.502618790429084328e+01 4.733024533842613124e+01 5.747318409357291813e+01 4.892750673786135707e+01 2.869944010721105698e+01 2.937731042042922880e+01
8.449258215845033249e+01 1.028505813387124448e+02 1.017352585846555968e+02 1.162015161472243676e+02 1.177100833327640714e+02 1.094222205524090583e+02 1.022127725788710109e+02 9.576361373549677580e+01 9.033123418336704447e+01 9.870709080981767158e+01 9.078546311861150286e+01 9.916994578816711225e+01 9.302593647953048617e+01 7.284392934036426936e+01 5.866892512297982876e+01 6.171273599461065373e+01 4.135834298687417743e+01 4.138504156350886376e+01 4.754040176480348379e+01 6.779687177987065638e+01 8.631392610704749302e+01 9.645167918995177558e+01 1.016875359713134372e+02 9.327871289394963128e+01 9.327871289394964549e+01 8.872161339824457116e+01 6.842132993616523606e+01 8.230210010952271205e+01 1.026808293876007951e+02 9.412886462057507231e+01 7.920777162781908487e+01 7.084718993461029868e+01 5.747318381669565213e+01 3.716937413822669356e+01 3.109147620515093635e+01 4.892750673786972015e+01 4.960374346719576266e+01
7.441934610004963702e+01 9.453480530427593465e+01 8.740577052490864673e+01 1.018561785904433492e+02 1.231406730798079536e+02 1.190365996350889048e+02 1.092255361819061363e+02 1.009558574700372731e+02 9.334214593359740775e+01 1.016787563077476051e+02 9.598894903531608236e+01 8.759858516006804052e+01 8.774326737580332747e+01 7.619364290339271406e+01 6.470862764264269629e+01 4.431577177599849193e+01 6.174635445701031244e+01 6.170216876154756847e+01 4.354051832373726683e+01 6.385139681192477212e+01 7.704520217076692745e+01 8.378147111579723116e+01 9.217207380250147253e+01 1.022600372882697002e+02 1.016540368739814681e+02 8.120607994940151286e+01 8.273308460861449021e+01 9.714987534634306598e+01 9.559330005849339784e+01 8.724718461390662583e+01 7.084719749388086996e+01 5.057857981952297166e+01 5.390428280824317397e+01 3.362005643477952077e+01 5.134879476781275542e+01 5.973163080797863955e+01 5.026185131159677866e+01
