MOVIE_S10_data/elevation_000767.asc
nrows	100
cellsize	150.0
xllcorner	0
ncols	100
yllcorner	0
NODATA_value	-9999
[rows 34 to 50 of 100, columns 0 to 36 of 100]
2.064481644892168788e-02 2.002064481644856642e+01 2.445332895975728604e+01 2.086002118152546103e+01 2.320084407513755664e+01 3.148674693382603351e+01 1.514884204213348085e+01 3.517360145545872996e+01 4.750505854553220786e+01 6.089059074520089609e+01 5.455226536082610522e+01 6.867861221259799720e+01 6.860740626208610138e+01 7.688049117333930838e+01 6.693632600410950317e+01 4.561317896376673531e+01 3.638926181446107222e+01 5.789006918041212657e+01 5.346359442365390890e+01 3.246973064032904688e+01 2.059666237233524910e+01 4.134278151702098114e+01 5.620394872808466857e+01 6.829649827464676548e+01 6.178304546823611787e+01 4.979415956616215055e+01 3.632630230256960857e+01 4.244814296369068529e+01 5.112771208813285995e+01 6.959270365419534699e+01 8.466441669084038324e+01 7.314871333767692363e+01 5.809531686009415807e+01 3.849701794995363002e+01 4.442558773516255144e+01 6.098731744113448627e+01 5.655997518786979583e+01
2.905961989428186565e-02 1.417119524362535721e+01 3.417119524362605887e+01 4.086000688039988660e+01 4.320082299679981475e+01 4.346017049307270952e+01 2.931006130230576545e+01 1.919047350798560458e+01 3.922021749562671289e+01 4.089048085661276133e+01 4.040653638409520454e+01 5.707326922825544102e+01 4.862957318707544374e+01 6.275726580452821679e+01 7.543693270591282385e+01 6.650476158359526835e+01 4.904858964204758109e+01 6.650476158360417855e+01 6.206302821697207150e+01 4.459063769897890950e+01 2.379421107266809088e+01 3.568664446086056330e+01 5.675371865737347576e+01 7.365501382777561901e+01 5.480552805202759004e+01 4.278319515488512081e+01 4.082079987004443922e+01 5.899667181231794189e+01 6.828832623307648930e+01 7.767377775733466194e+01 7.637962051557541088e+01 5.645681944633271598e+01 4.510480972977943281e+01 4.578940473958159885e+01 6.414817841649136199e+01 7.241322078983397148e+01 6.767144283477207978e+01
3.542675937824442400e-02 1.417756238310932027e+01 3.417756238317669215e+01 4.592796248998228492e+01 5.421223473365392209e+01 5.761027968383962161e+01 4.750505854473279044e+01 3.335789632667329130e+01 2.350778006545987608e+01 2.671581320428704487e+01 3.037753449917255466e+01 3.706790302166027118e+01 5.707326922825681237e+01 7.688049117333942206e+01 9.099698303099773966e+01 7.854773879960046656e+01 7.014356941428941639e+01 6.929524285226997904e+01 6.074015482811200428e+01 4.806799075177160319e+01 2.720387244878505939e+01 4.806799075177291769e+01 6.533740770929277630e+01 7.615628193821422087e+01 6.572573808961570307e+01 4.776295445831743791e+01 5.899667181231794189e+01 4.787970789489301637e+01 6.093055361075880683e+01 8.051342010935761095e+01 7.336257230106942018e+01 5.346257737872748805e+01 6.487718595523676868e+01 5.456645567433078980e+01 7.384532873867516400e+01 7.918954804652545931e+01 5.923960461284467272e+01
3.411803931810562102e-02 2.003411803931775026e+01 2.959803086052335530e+01 2.592796247676738020e+01 4.391252963447463031e+01 6.264863909477780624e+01 6.165222075634626719e+01 4.354060319932769829e+01 4.354060319932791856e+01 3.490581348458125888e+01 5.040484188915896624e+01 3.770565985953165011e+01 5.770904563178472557e+01 7.252248367079660341e+01 8.079875564909272612e+01 9.078682213581822680e+01 8.044361293011202463e+01 6.074015482811071820e+01 3.945509560194869181e+01 3.344353258007280516e+01 4.806799075177291769e+01 3.592273832174331005e+01 4.653297676912534797e+01 6.766006879311581201e+01 7.204247992711859183e+01 5.322884426149018822e+01 7.204247992711859183e+01 6.666624241312757704e+01 5.693765334057437144e+01 7.639483148568074000e+01 8.001931817834754668e+01 6.004908054651308191e+01 8.001931817834754668e+01 6.602802175928455597e+01 8.276133125744661356e+01 8.747638072024500389e+01 7.073448105119194906e+01
3.327314952832965272e-02 4.747318357438666148e+00 9.598030858165367718e+00 1.562825774972069404e+01 3.562825775410657059e+01 4.264863904503746284e+01 6.264863909477780624e+01 6.354112093944310402e+01 6.319524688795939227e+01 4.906568852000759051e+01 5.491853798216892102e+01 5.770904563178472557e+01 4.588587489488081417e+01 5.255251326426310499e+01 6.253630395619859428e+01 8.250866338540150480e+01 7.198500880941598723e+01 5.094781340507562106e+01 6.074015482811157085e+01 4.084963043653632297e+01 6.211365571318813750e+01 4.653297676912534797e+01 5.709652278112205437e+01 7.615628194010372454e+01 8.042210330305256605e+01 6.206878063380197119e+01 8.042210333427415492e+01 8.465620701903550582e+01 6.647380251132138085e+01 8.465620701903550582e+01 8.830691505615206438e+01 7.001396670349967621e+01 8.830691505615206438e+01 8.601837132169231381e+01 9.430560715279179362e+01 9.902658295686569545e+01 9.073938435285045045e+01
6.779948344387334846e-02 2.006779948344351894e+01 2.959803085029967917e+01 3.562825775069148904e+01 2.631870742621785908e+01 4.046084304996303871e+01 6.046084308198287971e+01 5.669569904008627503e+01 6.510063061958845765e+01 6.904856653224685203e+01 7.490024646437943545e+01 7.414105245137118061e+01 6.586582686860600688e+01 7.252248367071713631e+01 8.079875564812226685e+01 9.078682215910977504e+01 8.044361294600484769e+01 6.326236631353697959e+01 7.065565229031028593e+01 5.160680807728741826e+01 7.065565229068242559e+01 6.159350367615510891e+01 7.615628181583228695e+01 8.641211846859313539e+01 9.045986883038311532e+01 8.201617922043847386e+01 9.045986883625892006e+01 9.460049424909824722e+01 8.631586046004005652e+01 9.460049424909824722e+01 9.831166072256280586e+01 9.002466965319538872e+01 9.831166072256280586e+01 1.023670482795653953e+02 9.417259261282173100e+01 9.161948299528550876e+01 9.980706614740437033e+01
9.516927588586144779e-03 2.000951692758822986e+01 3.052086804213368865e+01 4.461360840472237044e+01 4.631870743561048442e+01 5.068969459189099069e+01 4.249470236307798388e+01 3.664394167418891612e+01 5.665675181090418988e+01 5.868804975661780787e+01 6.387327575266434110e+01 6.892929173079421901e+01 7.763359467809426917e+01 8.947693464972704191e+01 8.116655974410667795e+01 8.947693468163384978e+01 9.229693279139236495e+01 8.390036034016732458e+01 8.107381220059299665e+01 7.262050335110625099e+01 8.107381190826079376e+01 8.230605257328993218e+01 8.629695207524167699e+01 9.447541960612784351e+01 1.031605829314750622e+02 9.738741248419168528e+01 1.004397472918635259e+02 9.226971329412127432e+01 9.482481990301019437e+01 1.029973362750799026e+02 9.608790854131491699e+01 8.787075683551252325e+01 9.608790854131491699e+01 9.417259261282173100e+01 7.451061007510018896e+01 7.196068629568542008e+01 8.843882917733293425e+01
1.945935296826603253e-02 2.255527330468059866e+00 1.639756523405248245e+01 2.782399015549853871e+01 3.019843738397423039e+01 3.276849038055203067e+01 2.250059380116907093e+01 4.249036080020731987e+01 5.534369005619264925e+01 3.886078435454113844e+01 4.933681096313186032e+01 4.856540472917723150e+01 6.505328371247894381e+01 7.042317059057180018e+01 6.106751899406631168e+01 7.267768643988189581e+01 9.276257616833963482e+01 9.840306035474051782e+01 8.700408203460568757e+01 7.882434438071491911e+01 8.700408204802290868e+01 8.307014277238617694e+01 6.653831093729107238e+01 8.307014277238620537e+01 8.345004314047270100e+01 7.767699573450133244e+01 8.600759806791820949e+01 7.254833129143705150e+01 7.510891250704908373e+01 9.482481990301019437e+01 8.622090928476657723e+01 6.817982020424310008e+01 8.622090928476657723e+01 9.449521110442147176e+01 8.026947142882730191e+01 6.054074928108001785e+01 7.041726909771962539e+01
5.600688922766024203e-02 2.005600688922730512e+01 5.499955753083297871e+00 7.824908527959673954e+00 1.019847184434735965e+01 1.278046074181894909e+01 1.542952545594905978e+01 3.535065273940670494e+01 4.272861645471557779e+01 2.772328910065567698e+01 3.157229868412932206e+01 5.161215273764621259e+01 4.497538251730009051e+01 5.033089365601996690e+01 6.192876005682106211e+01 8.202675116984951842e+01 1.010666855444253116e+02 9.022104580766881554e+01 7.048137989844360618e+01 5.899483056076207532e+01 6.822502340098435525e+01 7.488929529543614194e+01 5.502054751361027485e+01 7.488929529543614194e+01 8.345004314047270100e+01 6.367823832225532499e+01 6.624705817016580056e+01 6.109709050845290079e+01 8.088356808608011761e+01 9.103721239161956191e+01 7.802528851987777614e+01 5.825047761214320730e+01 7.802528851987777614e+01 8.054436981055110323e+01 6.659352851668076312e+01 5.420788766171932593e+01 6.826309840077254876e+01
8.215197286175310309e-02 2.008215197286139642e+01 2.550246499657112764e+01 2.782487254036833946e+01 1.686513851099542194e+01 3.278042948292038972e+01 3.543173653513100874e+01 1.959981373736624732e+01 2.272328897595972919e+01 4.272869442903007808e+01 5.161215276874744262e+01 3.789786144479679564e+01 5.795467369188920514e+01 7.042317059057180018e+01 7.873918913570568634e+01 9.033666967155191685e+01 8.967464856366183312e+01 8.152506577940526711e+01 8.223003333717308294e+01 6.242395834424507939e+01 4.825269445186372508e+01 5.970879372255023299e+01 4.788698957767603304e+01 6.206273528077858259e+01 8.187165026029776982e+01 7.203478630631018120e+01 5.214289197436939105e+01 7.203478630631018120e+01 8.905312439106450029e+01 8.283001655930841878e+01 6.309099107770931170e+01 5.155105915299080976e+01 6.363507745445040342e+01 7.057674519630653265e+01 5.250094560848052083e+01 4.915467212034842248e+01 6.907499818868851094e+01
2.613274238814250472e-02 8.970404652387221844e+00 2.051741003617953396e+01 4.051741003516769979e+01 2.393620632202011933e+01 4.393612636234909985e+01 4.789669737273745653e+01 3.114703686381923475e+01 3.686651543453771041e+01 3.686651646455408127e+01 5.688124398583330787e+01 5.795467370622294112e+01 6.627175230020583285e+01 6.977473545950354605e+01 6.977473546121736092e+01 7.833771849361113482e+01 8.152506577940526711e+01 6.171570488203713722e+01 6.751773235790459182e+01 7.218684349840485481e+01 5.970879372255023299e+01 3.957394269548559862e+01 5.970879372255021877e+01 7.605774390732496215e+01 8.326824250673115557e+01 6.769401909239678616e+01 4.771460312852976671e+01 6.769401909239678616e+01 8.104723477617072547e+01 8.922442168422158204e+01 7.764688721080976563e+01 5.783119581997476644e+01 4.360210641282699839e+01 5.672318812080440864e+01 4.237976576872793544e+01 6.243488949054047765e+01 7.088528234127426231e+01
7.532853315450405152e-02 2.007532853315414911e+01 3.725467564831389922e+01 4.880168063532246947e+01 3.807833422360865683e+01 3.807833422360866393e+01 5.807808758925874315e+01 4.529238978276230654e+01 5.688097996681071322e+01 5.688124398583358499e+01 6.518237436112318051e+01 7.053544720293903936e+01 6.197716076721492584e+01 4.914429199059389930e+01 4.914429199059394904e+01 6.977473546121736092e+01 8.152506577940526711e+01 6.171570488203713012e+01 4.752470287294340068e+01 5.225503687597464619e+01 5.583383983570487175e+01 3.560676427667948474e+01 5.583383983570486464e+01 7.193906386571032385e+01 7.509031374155829042e+01 5.521576536537490654e+01 4.354699639381242093e+01 6.361573788653918626e+01 6.121710297348582941e+01 8.104723477617072547e+01 8.255427083012729383e+01 7.133030190538119086e+01 5.676409274593014942e+01 3.660414873870522712e+01 5.279070496028292325e+01 5.399448246612016078e+01 5.095899206978445761e+01
6.101047412966256744e-02 1.160801585792207824e+01 2.575015148165277878e+01 4.575015148165206824e+01 5.807808758910083213e+01 5.807808758925874315e+01 6.636189032267341759e+01 6.532695040653474905e+01 7.133171808320588525e+01 7.133442492965460247e+01 7.988032251991005239e+01 6.197716076721492584e+01 4.143241255633335385e+01 3.471668666503837386e+01 5.360524637777692192e+01 6.215198216185768842e+01 7.405035740357024565e+01 7.569517672284946741e+01 5.809292787438548800e+01 3.791965517643953376e+01 5.046814749023489810e+01 3.184062816789412409e+01 4.365742429138311564e+01 6.372953855974424897e+01 7.396708924446018329e+01 5.405775805041120208e+01 3.974214533706757635e+01 4.701173597706391405e+01 6.121710297348582941e+01 8.104723477627211992e+01 7.456016289203000724e+01 5.491126384851371256e+01 4.329667221426642953e+01 4.947648362727873206e+01 3.227128535616837723e+01 3.375380630152974959e+01 3.662509977925467552e+01
6.842009524227352091e-02 2.006842009524191894e+01 3.183085057694580655e+01 3.892984991799907846e+01 4.734341050640845339e+01 5.924915021651849401e+01 6.696080332374982902e+01 6.083999856367326942e+01 5.034433503134733456e+01 5.034436408882233138e+01 7.133442492965460247e+01 6.215198216185768842e+01 4.744982998953035747e+01 2.719056420599564206e+01 3.321151596956761409e+01 4.490540929321009855e+01 6.548944484408110611e+01 7.015266285133398583e+01 6.630501877288024559e+01 5.046814749023489810e+01 3.016484712403371304e+01 2.833317290191225268e+01 4.277240806579774812e+01 6.287195967145954256e+01 7.044758347040942681e+01 5.047885487207528854e+01 3.610871323365923757e+01 5.632756006685165318e+01 6.886379901129959080e+01 6.580998303384843950e+01 5.756595713639866574e+01 5.717709209634886491e+01 4.886304334875693201e+01 3.037754267449818713e+01 4.937238057458868212e+01 5.384436552082518546e+01 3.619771386664059776e+01
1.934550753332892059e-02 5.792848202391613022e+00 1.182307518696279303e+01 1.889415166895392062e+01 3.044418302180989144e+01 5.058067413461697726e+01 4.613047874145369320e+01 4.003759613509445359e+01 3.576838386025134042e+01 5.649221057158392512e+01 6.735024975886889820e+01 5.360524637777692192e+01 3.321151596956761409e+01 2.177527580835018384e+01 4.183092062665792099e+01 4.657809273883979273e+01 5.509740309753683363e+01 5.012744997208666575e+01 5.012750787226661942e+01 4.554387384561793084e+01 2.519973840918399333e+01 2.497057052788074216e+01 3.678334884927349435e+01 5.700549778942264822e+01 6.482515638189823903e+01 4.476639077393914334e+01 3.295821222295639785e+01 4.910335175549742104e+01 4.889989564122254961e+01 5.282127482579453215e+01 3.736969715986177221e+01 4.714148512241155231e+01 2.853989829924247701e+01 4.891130289693503386e+01 3.955428233208663613e+01 5.940152418982381022e+01 5.656970073601315363e+01
4.364784840791047227e-02 2.004364784840755576e+01 3.183085057694580655e+01 3.892984991799907846e+01 4.734173120007783098e+01 4.675525463629679734e+01 3.843162508650721776e+01 2.576100887344047408e+01 4.613047874145369320e+01 4.584959601423263109e+01 4.584959421675966240e+01 5.210342989311263295e+01 3.178426086817089669e+01 1.728658249716903939e+01 3.217149018649282510e+01 2.620418433168437033e+01 4.657793467981710478e+01 5.012711772680437861e+01 2.980038347650280883e+01 3.727135257321586437e+01 2.031557295274552644e+01 3.495751471259050902e+01 5.360355698912283628e+01 6.532723937903405442e+01 7.302912536742284999e+01 6.149090590405581480e+01 4.910335175558324039e+01 2.871860879170163372e+01 4.516555341906914833e+01 3.850382754336400382e+01 2.545705434741222462e+01 2.671848916414744579e+01 4.712562224296518565e+01 5.716995999353093083e+01 5.940152418982386706e+01 5.033227026459713471e+01 6.703432948855427753e+01
5.219006137575642884e-02 1.005254472572647551e+01 2.421768801421883666e+01 4.452530238652827421e+01 5.201041965215539165e+01 3.516284248562006098e+01 1.829904767785216535e+01 3.181932479467265296e+01 4.035610593793830247e+01 2.463553842956312678e+01 4.406852688820343644e+01 4.127450649612490707e+01 3.663053163248678601e+01 2.918730667525367295e+01 1.018756983661602256e+01 2.620414733349675274e+01 4.657693704640103505e+01 4.629063779984989679e+01 3.727097541263027125e+01 1.634795873566330471e+01 3.727132431253298250e+01 4.919006759073457857e+01 6.338952401750005805e+01 6.684830689595560216e+01 6.105436636178887255e+01 6.209837095262354012e+01 5.737163736025141958e+01 4.517307248799552610e+01 2.471390941131838659e+01 2.370361214492190172e+01 4.417270661797766707e+01 4.710677398936139326e+01 4.124582362357474352e+01 6.139187725831899911e+01 7.758343592234044195e+01 6.019591558155477173e+01 7.758343592234048458e+01
