MOVIE_S10_data/elevation_000218.asc
nrows	100
cellsize	150.0
xllcorner	0
ncols	100
yllcorner	0
NODATA_value	-9999
[rows 34 to 50 of 100, columns 0 to 36 of 100]
2.064481644892168788e-02 6.050871708004168958e+00 1.237542702834087294e+01 1.993471648852528588e+01 3.148172187229005559e+01 5.148172035114968992e+01 4.490760024937523553e+01 3.928718539046742109e+01 4.753264271784102135e+01 2.955543659391176092e+01 2.852154842768892351e+01 4.819736718607614989e+01 4.897715962053032257e+01 5.100404504339361722e+01 3.092328884330671102e+01 5.100404504339115874e+01 5.166882360423512921e+01 3.172812001583869090e+01 4.384777405124891914e+01 3.972536900524055881e+01 4.732346362106576976e+01 3.079280540668742105e+01 5.071529318751637305e+01 6.229083369616034815e+01 6.986061513686877333e+01 7.821731016249937340e+01 8.828140683632916819e+01 9.701681413037883317e+01 8.862898299856090034e+01 7.667080557675181751e+01 7.580764716250622826e+01 9.007233084924999389e+01 1.103483735110369821e+02 1.058644282360272229e+02 8.550800545644796102e+01 8.550800545644796102e+01 9.674742799286859452e+01
2.905961989428186565e-02 2.002905961989392836e+01 3.237542676249671558e+01 3.993471584558796650e+01 4.821894711595979288e+01 5.976592447609792913e+01 6.405936772813561220e+01 5.890060385006125898e+01 4.885841563902745577e+01 4.908758654744412553e+01 3.548482696083281951e+01 5.515008630361053577e+01 6.913306673236651534e+01 5.708359404236549040e+01 3.692001111819502768e+01 5.708359404236549040e+01 5.768853205204507617e+01 3.772433661814031325e+01 5.768853205204507617e+01 5.970165015636307970e+01 5.413569700438660703e+01 3.419148848788178441e+01 3.567403811495669430e+01 4.230081604377188143e+01 4.983285596566450693e+01 5.981584281800154912e+01 7.399353521509780762e+01 9.417786131383039105e+01 1.052706771327484745e+02 9.687909328787283414e+01 9.601104623563203688e+01 1.044071014081793578e+02 1.132501875683009018e+02 1.041193601290363517e+02 8.377502038466414547e+01 7.111056369525523735e+01 8.834181613362760288e+01
3.542675937824442400e-02 1.417756238310932027e+01 3.417756238311002193e+01 5.292909017070697075e+01 5.866387042531756890e+01 5.745605376184577295e+01 6.028002049341984048e+01 6.868049279578660560e+01 6.762045024243118974e+01 6.339524766238614717e+01 4.526467211909305632e+01 6.339524772507157024e+01 7.132327394296798673e+01 5.118532550368432510e+01 4.857303842435784702e+01 6.543625594867906159e+01 6.476018457392228811e+01 4.475853076435856082e+01 6.476018457392228811e+01 7.183789590390152568e+01 5.179517716228392032e+01 3.769766819392265944e+01 5.562749447870214681e+01 4.166683858660545781e+01 6.165378581004677727e+01 7.350272746141418168e+01 8.109817514804485938e+01 8.947770835748956131e+01 9.957627950690392993e+01 1.096610430225256323e+02 1.011031840161518431e+02 1.071764084139773701e+02 9.255601659654639946e+01 9.817042362779044140e+01 7.781224912553155093e+01 6.336037392130565138e+01 7.544077586557384052e+01
3.411803931810562102e-02 2.003411803931775026e+01 2.459714814691998086e+01 4.464726729630186242e+01 3.961561509263653846e+01 3.808426597492643850e+01 4.030614952748328506e+01 5.926117026978397462e+01 7.050427011459755988e+01 7.331118878761469659e+01 6.503550048813769990e+01 7.331118880724899611e+01 7.968718639367470757e+01 7.132327394296798673e+01 6.870922921688418228e+01 7.707015512477342156e+01 7.310686215986943637e+01 5.627795473770743229e+01 7.310686215986953584e+01 7.556342026464065498e+01 5.550085758905175481e+01 4.139004692249940121e+01 6.137704614875156039e+01 5.577673923910557363e+01 4.830771262746765160e+01 5.345653336218195761e+01 6.100250947301929472e+01 7.101320694672064349e+01 9.118314334936894738e+01 9.776136315890512662e+01 8.051289925418362259e+01 9.188981338331855397e+01 7.805058220691769577e+01 9.687887380464087528e+01 9.036476610476626092e+01 7.544077586546286796e+01 5.493201570417269863e+01
3.327314952832965272e-02 8.201117389983240358e+00 2.821969246413111065e+01 4.337262956745838949e+01 2.739449370524760141e+01 2.447950591491224515e+01 3.181613556349433836e+01 4.282264790092341400e+01 6.226329919042233030e+01 6.419026069562519865e+01 7.278753959573552379e+01 6.944857440177095498e+01 7.754270238950486771e+01 7.370571850610193110e+01 6.712405321294296812e+01 7.285161762800362339e+01 8.120412724378223857e+01 7.634712601113744768e+01 8.471709097704942337e+01 7.958060025469193022e+01 5.949470030367918838e+01 4.537433397115135847e+01 6.537772419315042782e+01 7.584223134831128732e+01 6.243766058467524971e+01 6.760334628935366652e+01 6.760334628935368073e+01 8.774509349661103386e+01 9.957627950690392993e+01 8.921537756613845715e+01 6.869986948773632207e+01 7.135674777695561488e+01 6.782372037214165061e+01 8.833389057502854769e+01 8.195095439561414707e+01 6.150319804414978364e+01 4.960477639646245507e+01
6.779948344387334846e-02 2.006779948344351894e+01 3.650400268852592944e+01 3.621205394989345194e+01 1.671666749915835481e+01 3.621205394989345905e+01 5.106345474443082111e+01 5.926117026981282265e+01 6.057290673385968915e+01 4.380756385847151080e+01 6.057477488368908070e+01 5.005201986864259567e+01 6.653256503597648930e+01 5.387448541181496608e+01 4.743666289326907304e+01 5.301075248698256814e+01 6.436513973591786453e+01 7.852418643126864595e+01 9.873693020848853052e+01 8.178902656556577710e+01 6.168936815209345781e+01 5.202070887216709139e+01 5.477740810687734552e+01 7.483114769264945210e+01 8.254451673012920310e+01 8.774509349661103386e+01 8.774509349661103386e+01 9.613143639049171441e+01 1.021616098184714190e+02 8.157558254082488247e+01 6.711498402108971106e+01 5.683517125918163515e+01 7.088136198289782897e+01 7.940469830884973135e+01 8.136348044173438154e+01 6.090573963799291590e+01 4.639108903042471610e+01
9.516927588586144779e-03 2.000951692758822986e+01 2.327090492991082371e+01 3.004410798188931508e+01 1.224737611699800510e+01 3.184736435908787300e+01 4.469241785512610932e+01 5.283031339666202797e+01 5.212593773800298891e+01 3.255170188127637942e+01 4.714361938633182092e+01 3.893260407292595460e+01 5.361231642054480062e+01 4.008096014482038782e+01 5.132225225249284506e+01 7.110380242009465235e+01 6.436513973591786453e+01 7.590446858841715994e+01 9.611007338664215638e+01 9.016534010292349421e+01 7.915559088787551900e+01 5.907557122713777886e+01 7.483114769264945210e+01 6.632171383235233009e+01 7.791234289465619156e+01 9.812507935281716698e+01 1.010242742176073278e+02 9.273584126605733502e+01 9.273584126605733502e+01 9.614769365007963131e+01 8.094904780209857620e+01 6.182856715254905566e+01 5.032427741900841056e+01 6.528643222947857794e+01 6.172019985260099162e+01 5.972714011438939252e+01 4.341191970216365092e+01
1.945935296826603253e-02 1.641673564272505104e+00 3.269250481737345559e+00 2.126078405083572775e+01 7.983636252228121677e+00 2.747607136872426636e+01 2.491321366777867397e+01 4.429551419202729079e+01 4.129686344775053186e+01 2.512189416118287610e+01 2.766510934651629228e+01 3.026126109246001050e+01 3.349386811846359535e+01 5.361231642054480062e+01 6.758694931003356032e+01 7.944260481758784920e+01 8.444436201724774094e+01 9.282131018122868227e+01 1.044922044921670050e+02 9.936244997749243169e+01 7.915559088787546216e+01 7.324452738180306710e+01 7.915559088787551900e+01 8.645525051763893032e+01 9.484157594639972899e+01 1.065210190994346249e+02 9.273584126605733502e+01 7.272765906048093143e+01 7.272765906048093143e+01 8.687596663900633587e+01 8.940179696034323342e+01 7.871509363242081747e+01 5.926833036821975753e+01 4.479998692839350127e+01 4.134499718932153911e+01 3.938580063326634928e+01 5.939667922751300466e+01
5.600688922766024203e-02 2.005600688922730512e+01 2.327090492991082726e+01 5.610073391059816394e+00 2.568549226995829216e+01 1.058740928757809563e+01 3.037481183813817864e+01 3.322894871110292314e+01 2.172995487705655648e+01 3.504000491031230524e+01 4.708598199350090141e+01 4.971005874473704012e+01 3.734544867964613246e+01 3.710729195843119754e+01 6.554682623824167820e+01 7.420430601331294440e+01 8.288618585521859927e+01 9.492109356375085838e+01 9.193220291400379551e+01 8.369251797863444153e+01 9.193220291358495899e+01 9.342616057228435977e+01 9.936244997749400909e+01 9.407662240646278917e+01 8.578458771935233074e+01 9.407662240646278917e+01 9.152171722292935385e+01 7.151527683404967206e+01 5.858346431851641256e+01 7.151527683404965785e+01 9.152171722292915490e+01 8.834800703021102208e+01 7.380816869921541468e+01 6.528643222947857794e+01 5.685051847395002511e+01 3.663469759162230588e+01 5.507650353686038613e+01
8.215197286175310309e-02 2.008215197286139642e+01 3.436705337971855556e+01 2.700745793901960212e+01 3.219871897107954339e+01 1.247722087803531998e+01 3.224092958650464169e+01 1.844645337716340450e+01 3.809718876159089263e+01 4.892636694173096146e+01 5.517229279256351049e+01 6.153823868617502058e+01 5.522203198420361758e+01 4.156589405077157551e+01 4.646208705911605819e+01 5.375931148317491193e+01 6.540565873182791279e+01 8.621842528786832816e+01 8.204672159812135135e+01 6.397183941995562151e+01 8.204672159813334531e+01 9.075752897394292518e+01 9.723883649345032154e+01 8.405909733722909039e+01 6.574278277781745317e+01 8.405909733722909039e+01 8.618809819878683243e+01 7.151527683404967206e+01 5.151325326727882015e+01 7.151527683404967206e+01 8.112653765965758623e+01 7.287146466610607831e+01 7.029823647298073297e+01 7.854699605694742104e+01 6.030759886485191146e+01 3.453026658879765165e+01 4.079407514099249710e+01
2.613274238814250472e-02 8.965779773442516642e+00 2.046781570131892636e+01 4.025600852934427820e+01 4.034620680508440671e+01 2.650080121014559609e+01 1.522429810735352618e+01 1.969039863648275102e+01 2.436991214736568878e+01 4.380563058738361804e+01 5.841880297214362372e+01 6.572186210460431255e+01 6.635520000422040710e+01 4.707531298581212553e+01 6.696781460533266284e+01 7.420430601331294440e+01 8.288618585521859927e+01 8.621757351989536744e+01 6.637598675564701978e+01 5.407401112535872301e+01 6.274021403419309451e+01 8.250130195176910775e+01 7.721090010453625041e+01 7.576368524858479248e+01 5.572223514660305455e+01 7.576368524858479248e+01 7.790023242873412812e+01 5.789598805809897897e+01 4.634800809890327145e+01 6.635077655641288175e+01 7.287146466610607831e+01 5.306907417891803647e+01 5.050232225246548268e+01 6.681037777071894368e+01 5.685768361532788617e+01 4.882443546163471382e+01 3.155483725534934436e+01
7.532853315450405152e-02 2.007532853315414911e+01 3.703107590024630014e+01 4.846134629987673037e+01 5.422184203160480109e+01 4.187967916460383577e+01 2.227374783864535601e+01 3.916245659530110856e+01 4.380485046265717841e+01 3.146634720377423022e+01 4.118686550431674931e+01 6.184097840171641991e+01 6.664598535210771502e+01 6.106988113100579341e+01 5.953533899076644076e+01 8.032580673057402976e+01 8.856305618277670533e+01 7.706979565373346475e+01 6.636644123165584119e+01 4.655137781529727192e+01 6.636644123165584119e+01 8.068155795900986504e+01 7.721090010453507091e+01 5.717845744528487018e+01 4.905948491875471973e+01 6.908320188125765071e+01 7.602307308098529859e+01 5.601894937317047152e+01 4.187266424449710200e+01 6.187802155549483274e+01 7.287146466610607831e+01 5.306907417891803647e+01 3.903658295248067134e+01 5.063622423489935898e+01 2.759843683787262947e+01 2.855390579469125001e+01 3.000553477641374300e+01
6.101047412966256744e-02 2.006101047412930782e+01 3.496293940863068883e+01 4.324206230386126038e+01 5.476742620289375196e+01 5.001462455286092279e+01 3.212718892334708443e+01 5.001462455286092279e+01 5.770331588744877394e+01 3.784710593835480097e+01 5.770331588744877394e+01 7.087714632906137524e+01 8.595387094113864634e+01 8.185437749243169492e+01 7.412082363074867430e+01 8.903080085758023188e+01 8.025673023021494146e+01 6.046163092120954730e+01 4.901503972627314454e+01 4.141775864601900992e+01 5.265959402014857460e+01 7.245253198472964584e+01 7.721090010455053232e+01 5.717845744528487018e+01 4.304649480364217595e+01 6.304582405644883636e+01 6.934391480161951904e+01 4.933964646811317323e+01 3.778526012573229309e+01 5.253977568901471784e+01 6.082680933402864554e+01 6.705136123877059617e+01 5.075914747936487004e+01 3.087872678854251518e+01 2.701761743944563321e+01 2.881386476107954664e+01 4.882035429466900922e+01
6.842009524227352091e-02 1.937162999169153110e+01 1.499786511048901616e+01 2.653616555037014635e+01 4.649612873168101146e+01 5.979758794660119037e+01 5.163333500032081247e+01 5.979758794660119037e+01 6.612650123896089838e+01 5.174811187368779741e+01 5.396976013880343004e+01 7.431573389515544648e+01 7.618197508094564796e+01 8.444716650395071156e+01 9.532904409800819678e+01 8.686261425581359674e+01 7.486603918781887046e+01 6.650145193700295465e+01 5.629166581013548409e+01 3.649735325924577722e+01 5.629166581013541304e+01 7.212601973766122399e+01 7.261514257066382072e+01 5.259344331909660752e+01 3.847286848697604000e+01 5.845766325899700888e+01 7.763123287155111996e+01 6.608124108783117379e+01 5.253977568901471784e+01 3.252384787735697103e+01 4.768520012653217321e+01 5.259189914047510683e+01 4.432717115766170224e+01 2.565596273922983528e+01 4.568287072484957889e+01 4.869956894055112429e+01 3.138301768417111859e+01
1.934550753332892059e-02 3.474511845300090052e+00 2.346185570734941450e+01 3.730471315863758974e+01 5.146045567717343516e+01 4.963812252293772076e+01 5.720816181399824529e+01 6.547686543778992529e+01 7.701384046279075335e+01 7.208045018416915184e+01 7.431573389515544648e+01 7.292446519675125671e+01 5.622242784281133510e+01 7.186126138505184713e+01 8.009829385721864980e+01 7.813501184112678288e+01 5.806604161340597869e+01 4.662134938732324230e+01 5.248196881812482673e+01 3.279517982882516236e+01 4.411410615733649365e+01 6.391268178813093215e+01 7.021181709770137047e+01 5.429054548705793337e+01 3.431006667746682837e+01 5.429054548705793337e+01 7.106162698921195897e+01 6.519946617580851012e+01 6.082680933402864554e+01 4.768520012653217321e+01 2.766328276154259669e+01 4.299147419562214623e+01 2.432480980595217801e+01 4.434714266759696244e+01 5.396955140425765052e+01 5.951437763895763311e+01 5.138058791789372748e+01
4.364784840791047227e-02 2.004364784840755576e+01 9.038117355489196925e+00 2.314897064009692329e+01 4.019858769274878085e+01 2.961384523859785389e+01 3.717972041558296326e+01 4.875412728714947264e+01 6.875658768750749061e+01 7.889659708180735720e+01 6.737179584541247834e+01 5.910455708059986080e+01 4.468995897283771512e+01 5.193369148308526206e+01 6.440137977136534175e+01 7.206432851464235512e+01 6.902247392298103534e+01 4.919027954334615771e+01 3.530718839273431797e+01 2.949352877122733574e+01 4.321214134752103320e+01 6.297855107264923902e+01 6.191774776432719563e+01 4.192001471429847470e+01 3.038955900560653589e+01 5.037205120471027442e+01 5.110371739294743065e+01 4.526506707528233875e+01 5.938007854015508258e+01 5.005743157742264771e+01 4.176829305392475078e+01 2.301592475889120593e+01 4.302972686578355166e+01 3.434000305919767726e+01 5.435550661606467315e+01 6.997538448445040160e+01 5.003066980869974145e+01
5.219006137575642884e-02 2.002532963304045666e+01 2.896043577465383834e+01 1.522224043611964106e+01 2.023905032121189151e+01 3.173570520156524921e+01 5.175910016494797361e+01 6.547686543778992529e+01 6.458405736650057349e+01 7.063086417256047866e+01 5.066671466564325499e+01 3.912869567405761728e+01 3.574841469039284192e+01 4.040085196616897179e+01 4.453137822849868144e+01 6.440137977136534175e+01 6.731236809781707109e+01 5.912168789046881301e+01 4.570393831632013359e+01 2.642987273329112696e+01 4.570393831632013359e+01 6.239444435070717532e+01 5.832604888002455112e+01 3.833305703785582352e+01 2.679991171660961768e+01 4.207300944736071102e+01 5.032838872850960854e+01 3.118288411278468786e+01 3.965969626935968506e+01 4.051467605940123917e+01 2.176661286569099119e+01 3.590630779390480143e+01 5.131802821664749104e+01 4.849545471921958750e+01 4.849545508221985557e+01 6.850292973969548882e+01 6.411755272065030908e+01
