MOVIE_S10_data/elevation_000013.asc
nrows	100
cellsize	150.0
xllcorner	0
ncols	100
yllcorner	0
NODATA_value	-9999
[rows 68 to 84 of 100, columns 37 to 73 of 100]
1.000195213786468571e+02 9.597036406437598544e+01 7.708962679823667941e+01 9.597086354573480094e+01 1.140989847365032404e+02 9.701897748104256891e+01 9.174628590560953967e+01 1.013910567047769291e+02 8.328293522627917866e+01 6.345071667404467775e+01 8.328115911191697762e+01 9.801119733163253045e+01 9.360253042903933363e+01 7.358110900862844517e+01 8.464867856859756046e+01 8.089057277604560170e+01 9.763790637381322313e+01 1.092798607274284990e+02 1.028856032845039010e+02 9.278220059036242162e+01 8.438736216215384900e+01 7.094969751609821174e+01 7.981036821838981155e+01 5.979614372587148097e+01 4.564198232542529610e+01 5.126079777820816474e+01 6.540968277142511056e+01 5.580881147928973007e+01 4.645785929039923445e+01 3.292796027844686790e+01 4.182550374561370177e+01 2.184181127753469909e+01 3.070208477771010891e+01 5.092692509225269504e+01 6.024473897406871714e+01 6.699843914039227855e+01 6.116472179115572061e+01
9.262292927921177466e+01 8.416043206843870905e+01 6.689878554870132632e+01 8.574905110748879622e+01 9.873296740724843801e+01 1.125693453870012775e+02 1.114179480012112862e+02 1.039109257959281933e+02 8.751980371050665042e+01 6.764714310712002998e+01 8.168466412742083094e+01 1.016069328069137896e+02 1.006807716611743899e+02 8.066048216470677801e+01 1.006807716611743899e+02 1.018903465840703149e+02 1.101793758362495907e+02 1.064745553145639718e+02 1.110888590531458817e+02 1.034265793585251174e+02 9.993479045863070098e+01 8.878718851976518067e+01 6.876296521975895359e+01 5.719774391821945869e+01 5.979614430965748539e+01 7.127348960741002770e+01 7.499762654969759978e+01 5.927676965155191624e+01 3.950697486212193610e+01 5.211777309199007391e+01 4.145634843488867460e+01 2.254754586475722178e+01 4.262780182739145829e+01 4.722719811467747064e+01 6.154258944012283905e+01 8.144096987470679494e+01 8.108227868397024451e+01
8.103200450437287827e+01 6.423108673760029319e+01 6.032873460951115874e+01 6.914733138707848070e+01 8.190219855437398166e+01 1.041706375824351483e+02 1.097413292668082079e+02 8.981655958324034827e+01 7.573170401186976619e+01 8.751980371050665042e+01 8.019760191929186988e+01 1.001195476843719518e+02 1.006807716611744041e+02 9.483106305607221032e+01 1.089499317134002325e+02 1.104025975240882786e+02 1.019575773103614296e+02 8.840379972658456609e+01 1.003746098319017932e+02 8.448075146022513593e+01 1.003746098319017932e+02 9.714572802532713069e+01 8.553185096372978080e+01 7.722075865433801312e+01 7.981058137038908740e+01 8.331238087012989979e+01 6.683029111409906875e+01 4.684554316675639996e+01 5.927676965155191624e+01 5.835001424715791529e+01 4.330343338145619470e+01 2.325390062242096079e+01 4.330998844184434660e+01 5.026925833132077770e+01 5.862934896106916227e+01 7.175241196786681996e+01 8.004218539699540713e+01
6.709875525729339074e+01 5.328828381820221693e+01 7.265421914265809278e+01 8.455865339011354820e+01 9.286670766366113128e+01 1.028769319352055049e+02 1.155819946658919974e+02 9.565238950997726874e+01 8.463767461809946724e+01 1.039109257959266586e+02 9.428326018189262925e+01 1.083796894341396921e+02 1.206469874491791643e+02 1.148032175115429396e+02 1.158509377650358800e+02 9.707851535938499410e+01 8.369709876254931658e+01 7.502306915893397843e+01 8.565600195807628836e+01 7.321388116193115536e+01 9.253277627570913921e+01 9.380578685868044886e+01 1.017074863289072368e+02 9.465613646757060451e+01 7.500817989038526434e+01 6.339681267933364950e+01 5.576164532222759362e+01 6.683029111409906875e+01 6.485072112599395666e+01 4.493690754212459382e+01 3.127374317227128842e+01 2.395812378193551240e+01 4.327278695102563688e+01 2.997298741636280894e+01 5.026926242332832118e+01 5.155268287619220047e+01 6.841139469672819473e+01
4.720982280228421502e+01 5.008181104364312120e+01 5.708870549369852654e+01 6.459861819152355622e+01 7.456374208077681942e+01 8.868631741420301751e+01 1.087194975111496262e+02 1.128243283310672780e+02 9.872817363661653189e+01 1.128243283310630289e+02 1.142095988494750856e+02 1.114998192936974988e+02 1.032613325386690235e+02 1.032613325259823114e+02 1.114998177706642792e+02 1.104025975240882786e+02 1.019575773103614296e+02 8.565600195807628836e+01 6.621242680903131372e+01 6.573159992990457567e+01 8.012387649113519217e+01 7.444748017681317265e+01 9.381770656642127904e+01 1.026575122729031619e+02 9.136969719316552130e+01 8.331238087012989979e+01 7.578500657948558228e+01 8.389364258219927706e+01 7.078396379316804143e+01 5.076950699952746504e+01 5.072061255335687235e+01 4.401799039541303671e+01 2.494386275187077473e+01 4.502653660456260098e+01 3.555070588288355538e+01 3.971648293072876612e+01 6.009009293923098483e+01
6.709875525729339074e+01 6.996942812756860519e+01 5.462532803651370727e+01 7.453799924530768806e+01 8.714029942178599697e+01 9.345823670013233198e+01 1.017555658352195422e+02 1.107051484831647628e+02 1.186511593333294314e+02 1.204196939663081167e+02 1.089041852805526815e+02 9.996172476133467910e+01 8.323737508541195496e+01 8.323737508541195496e+01 9.996172386007701505e+01 1.080841168963385570e+02 1.046257454001160880e+02 9.355554113710302033e+01 7.834950764065490603e+01 5.871957241724496157e+01 6.049139404206614756e+01 8.012387649113519217e+01 9.015817225767233367e+01 1.006606483923048501e+02 9.143772478521785274e+01 7.924269018618328175e+01 7.116956946217460711e+01 7.014623197776698760e+01 6.161627499994219903e+01 6.965919301662798091e+01 6.018418127482350855e+01 3.980494894001020612e+01 2.564451859819472190e+01 4.575542291375371207e+01 5.587568273184321299e+01 6.009009293923098483e+01 4.676976491971295502e+01
7.702702631288163104e+01 7.911435652451335443e+01 5.917192955685820976e+01 6.143108722630390872e+01 6.717523233745437494e+01 7.347916478647277927e+01 8.240408320773819639e+01 9.653702803177317548e+01 1.165586820867620474e+02 1.121999663210866771e+02 9.221257355762480756e+01 8.062564215369590670e+01 7.170366526997162282e+01 7.170366526997162282e+01 9.102574150592965907e+01 8.483222783580582416e+01 9.711969451785948593e+01 8.232595169263858281e+01 7.001659779918001902e+01 6.045079047783194426e+01 5.297293026548858563e+01 6.252189041882822096e+01 7.633996831128651195e+01 8.008817122231637597e+01 7.982836088632936367e+01 5.644600453228722614e+01 4.986005274389353303e+01 6.025571989725780497e+01 4.200125756792410670e+01 5.016219662323061357e+01 5.572328857287120485e+01 4.648809883001132448e+01 2.633629122943520429e+01 3.033211812331764889e+01 4.368021908708132628e+01 6.559056042193851965e+01 6.704414946885800930e+01
8.408314515591023053e+01 8.395835151656837070e+01 6.399235565169257001e+01 8.135656527166068486e+01 7.771223068383436328e+01 9.345823670013233198e+01 1.017555658352195422e+02 1.107051484831648480e+02 1.168056535267316463e+02 1.140969130314280022e+02 1.058338538011950902e+02 9.797785890646539997e+01 8.275756643061887985e+01 6.283599036806579363e+01 8.275756643061887985e+01 6.889992791077803247e+01 8.738185748113748730e+01 9.597593918718112604e+01 8.744296293806564790e+01 7.977913137701609969e+01 6.827480100415787945e+01 4.838914418847373611e+01 5.715658337250592780e+01 7.121847455949760786e+01 7.128795047153029429e+01 5.837989588848066802e+01 3.647374826986494156e+01 5.117368560210670125e+01 3.970130015199249840e+01 2.941529082335452472e+01 4.751268241766702261e+01 2.730851200765565068e+01 4.648167746973621917e+01 5.250135651604413312e+01 6.152920612176353643e+01 7.384318562981572143e+01 8.270353453821769563e+01
9.241448242433101257e+01 8.912083714187532735e+01 6.913584179170233313e+01 8.325057005423444423e+01 9.773807357748965785e+01 1.061314974048170114e+02 1.189746299566304231e+02 1.109251177972999045e+02 9.679703955677982208e+01 1.025346573706349034e+02 8.577528638687844875e+01 8.971724151346310805e+01 6.974671375371939064e+01 5.823451072484131430e+01 7.230670299913472832e+01 5.829303987680530952e+01 7.829390753891084387e+01 8.930119394244294995e+01 8.803802157387109162e+01 8.300069602280687775e+01 6.873388660671609784e+01 6.013041703394567605e+01 4.400999834973825386e+01 5.904846205281329929e+01 6.157067837726796000e+01 4.860282406730035376e+01 3.215016580136729374e+01 3.133486846265219938e+01 3.053220230858924822e+01 4.647452808623514642e+01 2.832764489260755880e+01 3.424986611030468708e+01 3.084256002456312018e+01 5.122287622753986369e+01 6.341335328310351116e+01 7.771407773782929951e+01 9.097937817823543583e+01
1.040450153644799514e+02 9.515419563737279418e+01 7.514898507372620884e+01 9.515419563737279418e+01 1.116708506487036487e+02 1.154232887280360131e+02 9.897188224164612791e+01 9.897188224164611370e+01 8.257128666133482398e+01 8.882265425552817817e+01 7.420675138692833173e+01 8.213710676500039654e+01 7.508040211628002680e+01 5.507897333712659105e+01 5.218361413622260869e+01 4.980729738866254763e+01 6.109587231916286498e+01 7.520964430088822894e+01 6.794038240763454439e+01 6.794038240763454439e+01 5.426234608155298389e+01 3.990025181070512872e+01 5.673265423828291887e+01 5.165111020221520732e+01 5.335235348196030003e+01 3.333056453433203359e+01 4.949732520674935898e+01 5.177090232002738901e+01 5.145834495934202835e+01 3.183804443740562462e+01 4.863216259201617220e+01 5.476696316089218186e+01 5.122287622753986369e+01 3.458280607762581838e+01 4.911262882837780097e+01 6.744942164227488490e+01 8.170699769681806401e+01
1.163759360137422760e+02 1.022497205039672536e+02 8.220429316675722475e+01 1.022497205039672536e+02 1.187064153604588768e+02 9.871509817096804795e+01 8.709687844558479242e+01 7.886762151261581266e+01 7.255055291275196794e+01 6.882799322710239665e+01 6.535965982807790908e+01 6.224093166834194335e+01 5.919228069578427665e+01 7.508040211627999838e+01 6.645589910015979740e+01 6.696538919746517138e+01 4.660168835600374848e+01 6.397085363606141328e+01 6.182204366030818932e+01 4.907781643794925941e+01 5.761594133622267577e+01 3.713154593217559096e+01 3.624757511569221435e+01 3.537698803840981299e+01 3.452730610795980226e+01 3.493579667016862800e+01 3.944802898468720542e+01 6.016672499925344653e+01 6.040953315143774915e+01 5.213696911573969572e+01 3.553860453222180382e+01 5.584425536369730025e+01 6.341335328310351116e+01 5.505828479862621805e+01 3.862612832201286039e+01 5.319184558773159921e+01 7.173367836413616772e+01
1.083049778644152212e+02 1.107303297539613993e+02 9.374279954451432673e+01 1.107385365952601575e+02 1.269502351174503758e+02 1.154232887280360131e+02 1.011825126527224086e+02 8.108840599281271011e+01 8.673791321692651479e+01 8.294618168257379409e+01 7.941663456870594473e+01 8.213710676500039654e+01 6.911518313876648278e+01 8.738301324248288893e+01 8.643179312282533999e+01 7.525305033249773601e+01 6.397085363606141328e+01 4.352994791438161570e+01 4.143203455892884790e+01 3.937643937072724043e+01 3.845014826877692116e+01 4.003315786214182737e+01 5.673603795629198743e+01 4.322769221642580106e+01 5.520291803083200932e+01 5.420450223321016381e+01 6.016673207482070040e+01 4.682813781546511223e+01 6.713032474081234113e+01 6.410075565438755518e+01 4.998159017947575933e+01 3.945086603796003288e+01 5.970700299980425285e+01 6.744942164227488490e+01 5.911585537896746700e+01 4.299401057410450022e+01 6.342257488155082257e+01
9.719726405241188161e+01 1.164789110532059055e+02 1.139200362797617458e+02 1.226144672254301611e+02 1.242740246453100923e+02 1.043091603075536824e+02 9.271649718858047606e+01 9.271649718858047606e+01 1.068013465417557057e+02 1.030097140400683600e+02 9.946294909393327544e+01 9.737402128406280610e+01 8.909075387657918554e+01 9.737402128378555233e+01 9.318524736756184268e+01 7.328850463384937086e+01 5.909013675476400351e+01 6.037815485419086770e+01 4.084553477199959559e+01 5.984836013015456047e+01 5.302867664301811601e+01 5.110872955287297970e+01 7.145150633967465126e+01 5.581195415160138396e+01 6.020614766238125526e+01 7.531979758948060066e+01 7.232575099166082566e+01 5.220395164567588608e+01 7.232575099166082566e+01 7.821746872277924467e+01 6.248125650127793307e+01 4.228256633451371727e+01 6.248146809273418256e+01 7.985098764334520638e+01 5.973037336823215071e+01 6.342257488155082257e+01 4.777247448519862161e+01
1.164789110532059055e+02 1.074846801398102372e+02 1.210307623102419115e+02 1.400968228463790126e+02 1.325131614996694509e+02 1.209989262287474219e+02 1.127473048455720601e+02 1.127473048455720601e+02 1.209989262287474219e+02 1.135868487018255877e+02 9.339551596634147757e+01 9.339551596634147757e+01 1.017376809036869645e+02 9.829342553904741919e+01 9.018179797246503426e+01 7.726596136738955067e+01 5.692543237949245594e+01 4.232812443956275672e+01 6.101292646688337840e+01 6.881879568446696283e+01 7.365052258789530981e+01 6.582892806963802457e+01 7.999934577024284010e+01 7.312009802707241590e+01 7.469569429213738943e+01 8.230705391533909676e+01 6.234444806798248351e+01 6.389250211096629073e+01 8.056104853201976823e+01 7.932848249685397946e+01 5.952755592346494495e+01 4.520916774240158986e+01 5.952753908831763141e+01 7.932638896787833005e+01 7.985098764334520638e+01 6.220695093147783439e+01 6.808186968601292222e+01
1.345288568631222290e+02 1.264020313006069358e+02 1.262758486006200656e+02 1.445578715336565381e+02 1.280244734619890892e+02 1.197517813707467838e+02 1.172793174348562815e+02 1.089883280231141640e+02 1.067933181049676108e+02 1.077097115872591218e+02 8.746638200569582011e+01 7.296014875695605895e+01 8.247235272770777215e+01 8.711877206512272664e+01 7.014592908900326051e+01 7.384328035407705215e+01 6.393142141335400908e+01 4.345255652537912994e+01 4.626979972859502510e+01 6.651570630355365665e+01 7.859933469947787898e+01 8.590106770813639514e+01 9.200978723292513450e+01 9.708687836261117354e+01 9.505730027461140708e+01 9.052403815161765976e+01 7.130447023711388965e+01 8.384578319912613154e+01 9.206064451332574095e+01 8.226767318369910242e+01 6.252649877138527046e+01 4.830113662834921939e+01 6.830910779883099337e+01 8.162583423123724913e+01 9.053975631561890225e+01 7.641489467128708668e+01 7.816974347991357774e+01
1.244731735155562404e+02 1.275831762831645761e+02 1.361820945052664626e+02 1.308100204793379646e+02 1.192515976388690717e+02 9.968166626603385794e+01 1.033646010070205676e+02 8.878117515065277132e+01 8.656432060074723722e+01 8.811666776796617739e+01 8.400250223826421347e+01 8.011546115941366963e+01 6.194987938076150868e+01 7.279796601414233237e+01 5.829632182288659692e+01 6.494770099831416132e+01 4.514310690048260710e+01 6.397224511444218820e+01 6.651570868964734018e+01 5.036301475988724263e+01 7.039347299965810123e+01 7.740543369160882037e+01 7.309135121910033206e+01 9.198257890012986593e+01 1.077197985236248030e+02 9.941261350368742455e+01 8.539617089956314544e+01 9.941261350368742455e+01 9.109162210387333403e+01 7.136465478196193146e+01 5.739032291451355405e+01 6.830910779883099337e+01 5.361280297660557181e+01 6.510446078940347547e+01 8.478977833550216303e+01 9.638901211062098184e+01 8.393810815582048690e+01
1.129574367712485383e+02 1.057208665187811221e+02 1.231361413736541266e+02 1.225415052701318501e+02 1.024977825240870715e+02 9.084922918490548227e+01 8.312433168462723643e+01 7.737247017135133831e+01 7.197999631968365009e+01 6.754584011948956856e+01 6.343421417723207867e+01 5.957967447504447733e+01 5.589750161720770905e+01 5.221133916250461482e+01 4.897463348790056159e+01 4.684500552209065916e+01 5.959975543624575778e+01 7.009269817831946625e+01 7.852483707989564721e+01 7.039337164289067061e+01 5.461536596738729799e+01 5.774010644560338079e+01 7.724690285542975232e+01 7.996870138013186136e+01 9.401845012551359559e+01 1.054830359846194483e+02 1.052401270588697741e+02 9.995072877846675397e+01 8.015163651370471598e+01 6.881389969873085022e+01 7.714255830038661088e+01 7.736250683448308507e+01 5.767225028168157763e+01 7.736250683448308507e+01 9.302389587609626176e+01 1.002317378736212561e+02 8.027619844039112706e+01
