MOVIE_S10_data/elevation_000290.asc
nrows	100
cellsize	150.0
xllcorner	0
ncols	100
yllcorner	0
NODATA_value	-9999
[rows 51 to 67 of 100, columns 37 to 73 of 100]
4.751455829173730905e+01 6.794507043264964352e+01 8.581005063383271647e+01 7.306372704669647078e+01 5.269666744641875056e+01 5.666569085939108419e+01 7.106918886344301711e+01 9.129796283487389985e+01 9.916409462126706842e+01 1.074709388924078866e+02 1.074173999957238834e+02 1.157646306553722013e+02 1.200428807358051699e+02 1.083488987399223333e+02 8.983357768536846777e+01 6.966375095717258148e+01 8.159928040463013588e+01 7.761764541791728789e+01 5.775094693217759811e+01 7.171549589975654726e+01 9.186667896206192552e+01 8.378747814115068593e+01 6.375013146421807164e+01 7.786879790158829451e+01 9.807643624685145767e+01 8.378895476519234364e+01 6.544261731459056364e+01 8.378895476519234364e+01 9.679452972775162323e+01 9.938623160752173646e+01 8.519166117802213023e+01 8.519166117802213023e+01 1.052576023388829896e+02 9.398509049795458736e+01 7.401025000165978440e+01 6.257642689439133221e+01 7.308288793560832630e+01
5.477808678110599061e+01 7.522330144774035432e+01 8.834081263473164825e+01 6.810228737905264040e+01 5.633177969472891533e+01 7.665614097540135674e+01 6.537326396821198671e+01 7.180594647372686268e+01 7.897844188849508384e+01 9.065670026677632620e+01 1.107854114295137009e+02 1.159443860187213602e+02 1.075610944702364691e+02 1.075610944702373786e+02 9.821793124052489077e+01 8.159928040463013588e+01 6.162020996467614964e+01 7.379429731141182458e+01 5.402555781165246174e+01 6.860277197972955321e+01 7.691651431177658083e+01 7.178290662387004772e+01 5.869838456918698455e+01 7.861385747568574800e+01 8.624159559434424693e+01 7.545557431650220792e+01 5.559130970164414975e+01 6.843249621027717922e+01 8.731409815337640623e+01 9.106883927314788707e+01 7.109615785879732641e+01 9.106883927314788707e+01 9.001168898822490405e+01 9.832479526367100675e+01 8.716343190622754378e+01 6.725053563063551110e+01 5.330593936528214982e+01
6.654369442824493319e+01 8.401042868650010575e+01 9.665729680971404036e+01 8.381505367180676558e+01 6.355691326927735219e+01 6.296473413317990975e+01 8.323157116508382103e+01 9.202738865544928615e+01 9.916409462126706842e+01 1.074709388924078866e+02 1.190710476267727245e+02 1.075610944702364691e+02 8.725327692055753914e+01 8.725327692055753914e+01 8.813603458696945836e+01 8.346508385146458409e+01 7.389516615564960489e+01 5.453167414287947423e+01 5.170772125923929252e+01 4.893175247488192525e+01 6.551231681104869153e+01 5.202153829149185071e+01 7.154800284855849668e+01 6.617388772038303557e+01 6.617388771969375227e+01 6.843249621027669605e+01 4.866956725421507457e+01 5.907419694936455556e+01 7.898245317152637313e+01 8.475292284812191212e+01 6.485639217874675921e+01 7.663019821618765093e+01 7.006335641224119115e+01 8.678711116652578994e+01 8.164058802451904739e+01 6.178101497928528829e+01 4.785878958561299612e+01
8.733825549004831146e+01 9.635762225579721019e+01 9.650443118135881093e+01 7.639721240397474844e+01 8.381505367180676558e+01 6.790313540837746586e+01 8.813964599782966047e+01 1.034699780799002440e+02 1.117621312173728683e+02 1.217950846717097733e+02 1.147380624282222499e+02 9.443853158242214363e+01 8.006802225869292045e+01 7.294024143859930120e+01 6.796840259715351351e+01 6.357950998973414158e+01 5.961271523043570397e+01 7.430395536860224581e+01 7.114383437267652255e+01 6.551231712241110472e+01 4.586318533641737361e+01 6.283673862512756614e+01 6.544889862851390205e+01 4.791663891327914371e+01 5.720208615700967414e+01 5.596202003876992848e+01 4.300296752029238689e+01 6.272743003389809502e+01 7.409155550751235353e+01 8.241218195870514762e+01 7.663019821618765093e+01 5.683887006629555572e+01 5.867935869779937264e+01 7.536171526902148798e+01 8.364320614424222811e+01 7.585510479113898441e+01 6.082734194221386304e+01
9.977372181028366072e+01 1.044617286244478009e+02 1.047963178853638624e+02 9.068698597276200246e+01 9.646317103913436597e+01 7.961150983425703487e+01 7.655651943401822734e+01 8.331095933719029745e+01 9.341760698014726927e+01 1.135223491796532471e+02 1.147380624282222499e+02 9.443853158242214363e+01 1.003841265122514699e+02 9.320129896975944916e+01 8.219285469622936091e+01 7.769468798612508920e+01 7.381054851546944917e+01 7.932494922176178420e+01 7.972412800255909815e+01 5.969864535562199848e+01 6.283673882763932284e+01 4.318795082967081100e+01 5.441476094126366547e+01 3.873458659065940424e+01 3.747762706103649322e+01 3.621771110605386923e+01 5.426715913568360605e+01 6.005069931309029840e+01 5.423493063931255165e+01 7.409155550751235353e+01 8.491858917201631130e+01 6.963290704444919754e+01 4.990924882907020077e+01 5.557729926452602598e+01 7.218534425742660687e+01 7.157353532056569634e+01 5.178640140818142612e+01
9.368382215172930216e+01 8.429882949792974500e+01 9.854725196407331111e+01 1.107182590053828335e+02 1.080890974516823206e+02 9.978929664398116017e+01 9.675030516566359040e+01 1.034699780799002440e+02 1.117621312173728683e+02 1.217950846717097733e+02 1.231130041669798345e+02 1.147380624282222499e+02 1.156982438677951137e+02 1.073370085252954453e+02 1.024841400828170208e+02 9.794687073529125598e+01 9.548454660141766226e+01 9.895344321697243117e+01 8.827316956276496285e+01 7.976072132881893140e+01 7.094922317177272930e+01 6.020258113838256264e+01 4.053551433485309019e+01 5.844991193499922844e+01 5.720208615750420478e+01 4.847008019782678190e+01 3.447484306275622146e+01 4.030355378590683557e+01 6.005080141173084485e+01 6.812786510658499139e+01 7.579182267743145474e+01 7.789865939558610819e+01 6.393917735479652009e+01 4.420946646527003310e+01 5.892782577006854439e+01 6.716072879669921747e+01 6.581253184899681230e+01
7.351551412362211124e+01 7.003384544356237029e+01 8.429882689556889375e+01 1.044611092363711862e+02 1.026666247576548301e+02 9.434729291192330436e+01 8.942936425138501022e+01 9.775518615089292496e+01 1.067602755752517112e+02 1.183639165835943032e+02 1.224551123986288417e+02 1.123323095669141907e+02 1.039653687441010703e+02 8.705556984590184300e+01 9.077728318727518797e+01 9.916138831094430373e+01 9.418993479474632124e+01 1.001165807368218168e+02 9.540042274802590327e+01 7.670385735382909331e+01 5.685533467084389514e+01 4.301605088635066920e+01 6.020258200291027606e+01 6.847057742550462933e+01 7.656923445858694777e+01 6.251965736664798357e+01 5.258701560060454483e+01 3.270807471876707950e+01 5.227045141962660324e+01 5.108989854694279131e+01 6.812783258071065973e+01 7.591235251846718768e+01 7.218534500494214967e+01 5.892782577741703420e+01 3.911849551874139053e+01 5.425872185856123764e+01 6.248702331662009613e+01
5.927464831007942081e+01 7.942267477999567404e+01 9.854725196407331111e+01 9.672725225677518779e+01 8.840098873199931973e+01 7.418239434744840821e+01 6.925652138999119245e+01 7.828368246078314030e+01 8.994091695472100412e+01 1.100651301249228311e+02 1.141072351972527201e+02 9.382350229094947736e+01 8.365013365950372304e+01 7.690337340219259943e+01 7.056641371502618654e+01 8.363166175852344963e+01 7.399423164100798544e+01 7.990902707424150719e+01 8.598296680665914948e+01 6.704392577490440885e+01 6.444037312125662709e+01 4.479304777924492242e+01 5.861824790712023514e+01 7.849416870492505893e+01 7.221431314605695206e+01 5.273405693737257138e+01 4.149239947322117672e+01 3.146246259367544695e+01 3.862920149487969468e+01 5.544845761623489011e+01 5.965783565379382480e+01 5.600491093641722529e+01 7.591235251846718768e+01 6.716072885510757828e+01 4.846210417404989101e+01 3.431493180694054956e+01 4.990663007021496611e+01
7.119515994374430079e+01 8.773474690508577112e+01 8.286445836024161338e+01 8.509657526948845430e+01 6.823802831560040261e+01 6.254397941403684769e+01 8.270508329758800414e+01 7.828368246078314030e+01 9.255520027464226018e+01 1.126690492162501016e+02 1.224551123986288417e+02 1.123323095669141907e+02 1.039653687441010703e+02 9.077728318727518797e+01 7.056641371502618654e+01 6.358675567118202565e+01 5.998705224617808796e+01 7.507744300088525335e+01 6.596045319260001349e+01 6.704392577490446570e+01 4.738753429635331571e+01 6.444037312125662709e+01 5.861826183784000932e+01 7.849613818309158830e+01 8.044463441494900735e+01 6.278725127226869773e+01 4.113479510079617540e+01 4.980000707649310243e+01 2.975565500305924971e+01 4.819227331804515302e+01 3.979900540710104906e+01 5.965797966730637114e+01 7.424115579782119312e+01 7.651194245919685955e+01 6.248702331662330778e+01 4.409619199657765165e+01 2.981754742420892867e+01
6.628027813833324444e+01 7.681118240579722567e+01 6.256841760170463118e+01 7.169970011325948178e+01 5.662147490313770248e+01 6.823802831560040261e+01 8.840098873197901241e+01 9.255520027464226018e+01 9.105150231023388585e+01 1.052947338643676147e+02 1.253584703496034507e+02 1.168212562894186988e+02 9.655933006351527581e+01 8.220011644100102899e+01 8.363166175852346385e+01 8.363166175852344963e+01 7.507751329880656499e+01 5.529997946859238311e+01 5.210879050849590755e+01 5.014199447306226887e+01 5.352951987875803752e+01 7.324513872959458638e+01 7.849620758242326701e+01 8.684270736679788172e+01 7.559757889007428844e+01 5.340944059441555680e+01 6.278725127226869773e+01 5.553185152107108991e+01 3.611288406796895600e+01 2.812198816510572996e+01 4.659538388831744271e+01 4.635067608386625437e+01 6.231542238363076791e+01 7.358227040046681111e+01 7.218375847373602028e+01 5.617776595037768317e+01 4.018186207865191761e+01
6.108917470056687904e+01 6.407955598515218298e+01 4.837352138918490851e+01 5.161405735268689909e+01 6.582293298680426119e+01 8.509657526948848272e+01 9.672725222862085559e+01 1.126690492162501016e+02 1.111712662249532428e+02 1.194689401074341220e+02 1.317728187883517421e+02 1.227294867265168818e+02 1.024939108551808715e+02 1.024939108551808573e+02 1.038802312797809719e+02 8.793205795535490665e+01 7.556171542523441076e+01 5.588573152879129680e+01 5.821638484725026075e+01 6.982738673251834882e+01 7.324513872959458638e+01 6.397317120475979380e+01 8.389243089537373521e+01 9.347054457529719684e+01 7.158072151574215525e+01 7.559757889007428844e+01 7.791207144027373488e+01 5.618702223328640599e+01 5.488798855496768425e+01 4.661050149440490031e+01 2.658424303116492027e+01 3.479044746573714519e+01 4.598437027877556460e+01 6.522091583582167118e+01 7.027942526456416772e+01 6.563492936976508929e+01 5.024174065951833512e+01
4.104462248868411933e+01 4.401994784954211326e+01 6.404192715209401854e+01 7.171422647361507074e+01 8.006284112848629775e+01 9.430274927016621689e+01 1.050462135125572445e+02 1.058738658526465883e+02 1.141825771354853600e+02 1.258421641425897093e+02 1.116019459637346358e+02 1.181741697101965656e+02 1.134599513098497141e+02 1.051017281518928428e+02 9.221181631493209352e+01 7.956838842291602987e+01 5.973636889631207225e+01 7.556171542523441076e+01 6.758586552283040305e+01 8.763690286188608525e+01 9.220070948005009370e+01 7.542490154212417508e+01 9.220070948005009370e+01 9.105531141651009364e+01 9.347054457529719684e+01 8.866992233238971721e+01 7.841797370633740627e+01 5.849939723605604058e+01 4.450062692087778515e+01 3.450352214129210893e+01 2.553084237188847538e+01 4.551257680357917224e+01 6.128067442192126890e+01 5.828966960585417922e+01 4.957692067247453593e+01 4.803294738253733698e+01 5.488997814206445014e+01
6.108917500450331772e+01 4.574855328369268648e+01 6.582007898092849985e+01 7.523910598921172266e+01 7.986228116167677626e+01 8.490438183187345089e+01 8.490438183187346510e+01 8.572947795945695759e+01 1.058738658526465883e+02 1.175098578316135871e+02 9.724769125886332688e+01 9.792058309943425343e+01 9.792058309943425343e+01 8.479788046213214159e+01 8.383492056371390788e+01 6.382311097072247463e+01 7.956838842291602987e+01 8.793205795535490665e+01 8.212159643586886659e+01 9.650758957846491626e+01 1.037743049618054982e+02 9.545929109920314204e+01 8.524140451313620304e+01 7.112640678768444502e+01 7.842295040347502777e+01 7.016138999777840013e+01 6.054601881981774625e+01 7.260091917964055597e+01 5.850048937768936241e+01 3.859928375402017764e+01 2.447355831574071416e+01 4.295098704169917170e+01 5.080882186148234325e+01 4.309670819918664364e+01 4.335505889857503092e+01 2.861493627944812346e+01 4.602743925736580621e+01
7.415688631474530723e+01 6.582007898092849985e+01 5.074148790898399142e+01 5.510863007107752054e+01 5.971032778661566454e+01 6.473597915108655343e+01 7.145388035458024945e+01 8.311187123686372047e+01 1.032651109356674510e+02 1.163975464518740495e+02 9.612803488377504380e+01 8.437187231492298167e+01 7.761133077568501903e+01 7.311821303213856993e+01 6.914759880370293388e+01 6.904990250179578481e+01 8.328660331713187759e+01 1.035706074291817771e+02 1.025266245274064403e+02 9.702742117415515111e+01 8.809721443865801405e+01 7.980730554947254518e+01 7.353326072282582970e+01 5.715441467444481560e+01 6.295634615161110048e+01 5.039915266706901775e+01 4.659708248000377750e+01 6.317299064955813037e+01 6.335149409178080759e+01 4.420441147568586615e+01 4.233265685856766680e+01 2.296380951882537147e+01 4.157351343180538095e+01 4.047132040536174458e+01 2.892804141614955071e+01 1.932888630320746159e+01 3.776338245995906107e+01
8.892577561198538660e+01 7.918504419800443372e+01 7.084627600490999555e+01 6.077235911162519244e+01 7.986228116167677626e+01 8.490438183187345089e+01 8.490438183187346510e+01 9.995602754747113750e+01 1.115767764313266639e+02 1.247317413983292482e+02 1.096410425958410144e+02 8.934061126001134312e+01 9.792058309943425343e+01 9.337929622262434748e+01 8.932707958452724029e+01 7.570661302144860372e+01 8.922765057193541338e+01 1.094927535977433735e+02 1.028836244124096879e+02 8.285664580051235362e+01 6.878762791380735564e+01 5.996703375527274460e+01 5.376279137854731260e+01 4.832259586815234087e+01 4.323460567915869746e+01 3.899296257905691476e+01 3.511764625248119387e+01 4.999096757262149282e+01 5.797011147800825626e+01 5.160965056325863287e+01 4.227236309691618033e+01 2.220192691798830609e+01 2.143984037333591530e+01 2.081939788565556171e+01 2.020092450333910250e+01 3.710010661300474766e+01 1.846405147263739366e+01
8.530564863736530867e+01 9.362123343631178329e+01 8.925527605858547986e+01 7.501664118789756230e+01 7.501664118789756230e+01 9.517262750336574584e+01 1.050462135125572445e+02 1.054746260098219608e+02 1.039852015463109041e+02 1.122449900992220648e+02 1.179897831171588791e+02 1.037185687962163598e+02 1.179897831171588791e+02 1.068402928339598361e+02 8.653782883071133369e+01 9.598816934717891058e+01 1.012638896329332567e+02 9.297015364828814654e+01 9.858558505346826450e+01 9.702742117415515111e+01 8.809721443865801405e+01 7.980730554947254518e+01 7.353326072282582970e+01 6.804991911045775055e+01 6.295634615161110048e+01 5.874897428162265101e+01 4.998857209523230694e+01 3.002206562676011714e+01 4.506194029668843370e+01 4.343639791000533279e+01 2.328659365995071084e+01 4.234054775679389593e+01 3.576938542602860593e+01 4.107378370868496376e+01 4.162857390931762325e+01 2.444636680848959642e+01 3.271850422730759078e+01
6.598763613420598517e+01 8.054685827516624386e+01 8.925050657285493116e+01 9.517262750336574584e+01 9.517262750336574584e+01 1.034939109292734543e+02 9.964382275084538776e+01 8.555370651027476470e+01 8.406792331240121996e+01 9.814146376231357749e+01 1.180932325593896763e+02 1.239391591656943774e+02 1.211491463103954231e+02 1.009133716620107748e+02 1.068402928339598361e+02 9.866043315046974271e+01 8.973771777880018874e+01 7.303064990268453016e+01 7.862019263258611090e+01 8.705856036479545423e+01 8.705856036479545423e+01 9.534434445436690453e+01 7.962037056830450865e+01 5.978553254230494218e+01 5.978553247833075801e+01 5.535120395409228422e+01 4.705898046110619504e+01 4.528321809759015792e+01 2.516626785741124195e+01 2.438512572506356690e+01 2.754594285911658247e+01 4.918339598472142171e+01 5.578592972396491945e+01 5.960389969147761491e+01 4.030159890156787839e+01 2.879402107085671148e+01 4.790615070675338671e+01
