MOVIE_S10_data/elevation_000976.asc
nrows	100
cellsize	150.0
xllcorner	0
ncols	100
yllcorner	0
NODATA_value	-9999
[rows 51 to 67 of 100, columns 37 to 73 of 100]
7.593726401709498930e+01 8.461098954232134872e+01 6.423927195418795577e+01 4.980754994981384698e+01 4.847553505410338914e+01 5.149173154616710235e+01 7.186975062718967422e+01 7.269650139599103511e+01 8.752364547917946425e+01 8.752364547915477999e+01 1.026330009435492485e+02 1.004010660291832409e+02 9.303066552661162802e+01 1.072836326277669485e+02 1.270864742385276287e+02 1.275136499610305520e+02 1.212731423132881190e+02 1.130580730148509616e+02 1.212731423132881190e+02 1.150747449126992166e+02 1.068402650306290980e+02 9.890838232621526060e+01 8.104425852754121706e+01 9.718821114570917530e+01 9.231461053300417063e+01 7.313342142756900444e+01 8.272401598028653780e+01 7.691317758712314401e+01 6.296158392608639076e+01 8.229206298218504401e+01 9.224915470295051989e+01 7.261081971105834043e+01 8.394611217520917990e+01 7.819278440180643486e+01 9.783587411453561344e+01 9.339300020490379950e+01 7.692561407245797511e+01
8.433466242417401304e+01 7.932894873106624800e+01 5.893404211110065205e+01 7.020806921166554559e+01 6.290204813793896221e+01 7.186975062718967422e+01 5.604733385091235220e+01 6.149233287293294126e+01 6.715331074487382068e+01 7.396217118933472534e+01 8.837705631469154355e+01 1.086142141889016983e+02 1.130837506491342737e+02 1.212730810517360425e+02 1.262737791930378961e+02 1.180689649760639099e+02 1.112910367884456377e+02 9.303948428474505761e+01 1.112910367884456377e+02 1.215934517316245689e+02 1.157816462204413739e+02 1.086785960563107665e+02 1.004945536009349922e+02 1.086785960563107665e+02 1.003743695981295900e+02 8.269803935336905454e+01 1.003743695981295900e+02 9.034604629872897874e+01 7.267702871615323090e+01 9.034604629872897874e+01 1.004269115653707871e+02 8.243532560251345842e+01 1.004269115653707871e+02 9.783587411453561344e+01 1.060288923902477762e+02 1.047538161157681458e+02 9.656432969669720023e+01
9.452181055060412973e+01 8.653651877364464440e+01 6.615043216170801088e+01 8.653651877364464440e+01 8.326143890032754769e+01 8.412801837863820253e+01 6.375229776964445705e+01 6.349063935873293474e+01 8.386718080633808370e+01 9.430438262410491745e+01 8.837705631469154355e+01 1.027310797097587454e+02 1.228173572377132388e+02 1.252284916123688987e+02 1.180689649760639099e+02 9.809187649208732296e+01 1.030487786497980522e+02 8.298655136515864683e+01 1.030487786497980522e+02 1.016476993560552842e+02 9.579322687496592437e+01 1.098927838999136384e+02 1.090051799953879907e+02 1.172324011366645777e+02 1.100418756246335903e+02 1.019311817126396846e+02 1.100418756233274991e+02 1.000095528959790414e+02 9.190709724821682869e+01 1.000095528959790414e+02 1.102668366678573335e+02 1.020629838033876098e+02 1.102668366678573335e+02 9.891134539233152623e+01 9.049402636461397265e+01 9.891134539233152623e+01 9.780949778772450998e+01
9.686510977002575373e+01 9.488966111117116498e+01 7.794767175266903791e+01 9.488966111117116498e+01 9.848607144330584617e+01 7.818071806998025863e+01 8.412801837863820253e+01 7.369810306345836182e+01 7.311461248377321454e+01 8.489184137455552559e+01 1.051557661714394243e+02 1.168889455941016280e+02 1.193652069639987303e+02 1.053093914627699519e+02 1.193652069639987303e+02 1.039430302405674809e+02 8.388384154154680061e+01 7.630069312628333478e+01 8.948061430588219878e+01 9.775126044757132604e+01 8.159113034123728880e+01 9.484836546917814815e+01 8.898442089242165309e+01 1.090051799953879907e+02 1.156305176116295712e+02 1.072248758819382033e+02 1.065878415588105099e+02 9.818608903084771100e+01 9.957623398585126040e+01 1.079480785090740653e+02 1.032534960025177924e+02 1.116575092345261879e+02 9.891134539233152623e+01 8.881392777351156553e+01 7.035153550937081945e+01 8.608922090492755785e+01 8.771733833387239088e+01
8.852263948859487641e+01 1.004212442192442722e+02 9.826910199351549124e+01 1.065779048140701235e+02 1.067982312245034819e+02 9.848607144330584617e+01 1.023646220263633353e+02 8.811039207947227681e+01 8.489184137455552559e+01 9.345638373512018404e+01 1.134427820597705079e+02 1.219544008396821511e+02 1.104314536824934123e+02 9.111419854043856503e+01 1.104314536824934123e+02 1.121828278542596422e+02 1.010574437024420860e+02 8.100578699704871610e+01 6.944498135557083174e+01 8.369682526725232208e+01 7.341122347295986117e+01 7.479907547604048546e+01 8.637996135519024676e+01 1.064164206183983623e+02 1.072248758819382033e+02 8.696862494293161205e+01 9.290154348155031983e+01 7.800718349975490185e+01 7.939744052328313728e+01 9.629232935972227381e+01 8.303075396630256932e+01 9.997068533474644880e+01 9.049402636461397265e+01 7.035153550937081945e+01 6.040558542842856582e+01 6.600484158697456394e+01 7.932916303814464243e+01
8.383843789800036461e+01 8.011153722402069377e+01 1.004212442192442722e+02 1.069854478397867013e+02 1.054168848553807152e+02 9.707568119019833830e+01 1.054168848553807152e+02 1.083425657492897187e+02 1.051557661714394243e+02 1.134427820597705079e+02 1.218985772161579462e+02 1.137387680398457093e+02 9.372905997151576685e+01 8.212545288685723222e+01 9.363224442658777491e+01 1.018968733165657170e+02 1.093039282319527956e+02 9.775126044757115551e+01 8.369682526725232208e+01 6.370009350619309174e+01 6.587086911876346562e+01 8.588205040412573510e+01 1.031084110145430657e+02 1.146493341170635745e+02 1.045864816562090169e+02 8.434757505439907277e+01 7.277165886545303408e+01 6.647312871643771359e+01 6.785453567178382173e+01 7.996541732861970786e+01 7.146453877908837171e+01 9.157789044415656576e+01 9.891134539233152623e+01 8.881392777351156553e+01 7.188742009328012728e+01 5.196233468209260309e+01 6.484283858829422797e+01
6.337398986995282257e+01 8.383843789800036461e+01 9.624474876753417618e+01 8.648917555437748206e+01 9.512187071776241964e+01 7.629818761889592338e+01 9.512187071776241964e+01 9.594077965848833855e+01 1.042928901673119526e+02 1.160132949065915966e+02 1.282350463844839794e+02 1.083424353056661715e+02 9.417405074832612399e+01 8.258443867844948727e+01 7.357752441752141692e+01 9.363224442657718782e+01 1.022864277679038310e+02 9.402963137414116090e+01 7.984845244552839461e+01 5.988490238011991096e+01 7.984845244552839461e+01 8.220648567525887529e+01 9.638655892011205140e+01 1.163592952905246847e+02 1.129947186953865526e+02 1.012995712772807195e+02 8.307448724710286569e+01 6.890899153729908733e+01 5.897721539430303039e+01 5.997795620685015194e+01 7.996544144602384563e+01 8.873478106078582073e+01 9.040442619841492444e+01 9.875251491774784540e+01 8.024849027582020256e+01 6.484283858829422797e+01 4.494593146141701823e+01
5.562098269837450459e+01 6.746824493395305922e+01 8.789972286993669570e+01 7.167156107042389124e+01 7.549225523263919513e+01 6.574360739648039953e+01 8.391752232795261079e+01 7.511588708952545801e+01 8.730428371645849950e+01 1.077384525149822423e+02 1.139944506071088881e+02 1.039976473457225694e+02 9.573908102592145042e+01 8.845413798605635236e+01 6.842497016894600392e+01 8.845413798605635236e+01 9.402963137208027433e+01 7.401343281790590822e+01 7.708000592830255471e+01 5.715405241267621506e+01 7.708000616086833645e+01 9.403583749179652784e+01 1.022947799753092823e+02 1.138315593290434862e+02 1.172506695237697869e+02 1.116969653055115685e+02 9.738572627630719580e+01 8.731768015630574098e+01 7.330292739418077019e+01 5.338941084078905419e+01 6.867312883734530260e+01 6.867259114090907701e+01 7.032507823315465600e+01 9.040442619841492444e+01 7.555751352664564990e+01 5.557895622002824609e+01 4.150716521826619498e+01
6.736978469249044110e+01 7.580887753794820583e+01 7.744976330957879895e+01 7.547326933711944719e+01 5.503093915161404936e+01 7.404229041866850025e+01 6.297233240469899584e+01 8.391752232795261079e+01 9.789219318743006681e+01 1.097084871518018048e+02 1.057589409499901194e+02 8.571922110185279564e+01 7.569067211606542855e+01 6.903292291053719509e+01 6.418458725509630369e+01 8.418390505944181257e+01 9.093303137179887585e+01 7.095273624217131214e+01 5.992292384679689832e+01 5.456223365206892595e+01 7.439319148693203942e+01 7.398592217758879030e+01 8.557233663731879858e+01 1.055971946639644727e+02 9.729033239227668162e+01 1.113749738918574081e+02 1.014994177805330366e+02 9.313323780331184309e+01 8.164961906961724480e+01 6.867312883734530260e+01 4.878862098949874593e+01 5.626607941594471640e+01 7.619028187794171458e+01 8.096736460099137389e+01 7.081411889307079832e+01 5.817421273631752143e+01 3.823466553277316393e+01
5.971104914307230871e+01 5.533701625612467012e+01 5.698685273348849023e+01 6.565113441726383314e+01 4.979211690233027809e+01 5.373003830104674705e+01 5.918286926395612113e+01 6.844072050465305779e+01 8.076459628836263960e+01 1.014022263503111390e+02 1.139944506071088881e+02 1.039976473457225694e+02 9.573908102592145042e+01 8.010156140740814124e+01 6.013554892604100388e+01 8.010156140737294095e+01 8.401418975463312222e+01 7.095273642610862908e+01 5.114680586250227634e+01 5.478316428283200423e+01 6.294906860187863629e+01 8.331870695756838074e+01 1.022947799753092823e+02 9.657601124911582247e+01 8.310946196421633658e+01 1.013816063129852267e+02 8.988206147420012826e+01 7.304282266991303629e+01 8.551923721649382060e+01 6.582683150530743887e+01 4.593264396226392421e+01 6.582683150530743887e+01 8.453194917013598797e+01 7.254987672520327635e+01 5.259860840912180890e+01 4.264009170083572542e+01 3.504447070065626946e+01
3.921502641518191723e+01 4.081949930958283801e+01 4.246249441279191217e+01 4.514954691596078362e+01 4.975760430942496271e+01 7.022779925730107209e+01 8.007486470528594680e+01 7.238714956074583995e+01 8.731355490064396463e+01 1.077647505447133511e+02 1.157868469467048556e+02 9.584614100933482916e+01 9.584614100933482916e+01 7.681916917501598618e+01 5.688393017581334021e+01 7.230472651704862130e+01 6.404403907836362464e+01 6.755305379988904235e+01 4.884557836655469032e+01 6.315120507264330740e+01 8.280313418009851034e+01 9.159503745629370997e+01 9.069171088060910790e+01 7.655585835147427076e+01 7.309880145763258952e+01 9.312302087376885140e+01 8.153403121791262720e+01 6.154434512650982469e+01 6.999298057202504708e+01 5.722228669599738282e+01 4.311038383171529631e+01 6.306807525069923770e+01 8.140421881558405914e+01 8.080460391679962129e+01 7.072180738720916793e+01 5.250230636327545142e+01 3.252670628494090010e+01
5.371390022925177732e+01 5.533700692370405250e+01 6.298083891180025518e+01 4.550609136700506951e+01 6.598424182291937257e+01 5.657211388529024276e+01 7.107318373612535822e+01 9.149857368338250296e+01 9.330357142141912163e+01 1.136345079130960443e+02 1.096792706072261439e+02 9.584614100933482916e+01 7.582023167156903298e+01 8.318064386465897542e+01 7.230472651718460497e+01 5.241846580289885082e+01 5.003696307731585335e+01 4.772192381849082210e+01 4.664865595351980687e+01 6.062739484703979542e+01 8.056956790901307386e+01 9.221748869449329788e+01 8.241962537480186768e+01 6.244436972931215024e+01 8.241962537480186768e+01 9.419204957619267304e+01 7.409456918743691745e+01 6.000497623551046900e+01 5.007461834288422153e+01 4.486325052244775691e+01 4.030271041223330997e+01 5.448885848701050350e+01 6.611052504649748585e+01 6.470713635861430646e+01 6.460369052362672448e+01 5.005826830580313214e+01 3.010407983210327743e+01
7.418944738638909087e+01 7.580780616452422294e+01 6.814030343591025485e+01 4.768610701784688644e+01 6.814030343591025485e+01 7.705564194330506211e+01 6.430858146330169234e+01 8.480107735283705495e+01 1.018314709942037126e+02 1.134792493492669792e+02 1.014333718247162608e+02 8.138939097700672676e+01 6.983045370391873519e+01 6.319491160248981743e+01 5.823979016036748391e+01 6.385992389950823167e+01 6.989314984085946492e+01 6.429283048446353632e+01 4.447929927486037371e+01 6.429283048446353632e+01 8.286745573838265955e+01 7.810185939078407102e+01 6.398623008867990336e+01 5.695158304513529401e+01 7.102087713222445586e+01 9.102341987872533480e+01 8.832635764224026786e+01 7.831323721960568207e+01 6.413172246697135392e+01 5.193102227195117848e+01 3.743336528444537947e+01 5.453660943934283978e+01 4.634635335716172477e+01 4.409240583896665555e+01 4.543855053092728014e+01 4.546937983162248287e+01 4.373951860322247853e+01
8.930078822027309116e+01 8.272948749572134375e+01 7.033103608647880378e+01 4.989717459326938354e+01 6.435418343040153388e+01 8.476046256281784963e+01 8.480107735283705495e+01 7.308302462232177277e+01 8.494813574232718167e+01 1.052105457340839649e+02 1.040262595982576954e+02 8.399352071286841692e+01 8.983259744224062615e+01 7.232473377849915153e+01 7.232407224724978789e+01 7.797732853194939651e+01 7.680555347961040979e+01 5.689466616887509787e+01 4.290195718446723561e+01 5.470289037718426783e+01 6.878517305928234293e+01 6.397587481409171062e+01 4.996834971609320064e+01 6.398623008867990336e+01 8.395145307021304859e+01 8.427802798258865380e+01 9.017163409053824807e+01 9.249475037126995858e+01 8.023835090330020137e+01 6.383385805634469534e+01 4.564277273490507270e+01 3.372897098645369596e+01 3.107745194943201028e+01 2.848704137630835476e+01 4.482531923828044285e+01 2.949513196656744185e+01 2.397762601650825331e+01
8.127315556753188730e+01 7.433861287748581503e+01 5.390399950820314956e+01 5.356830682513152908e+01 6.802659137017795388e+01 8.842392533711760905e+01 1.018314709942037126e+02 9.351203787091267827e+01 8.758804714671695990e+01 1.078138166206383914e+02 1.122664305086527889e+02 1.040262595982576954e+02 1.006784590508259356e+02 8.648665241264961878e+01 9.234098495507849691e+01 9.799515005080553465e+01 8.049544319709275442e+01 6.503291123562530629e+01 4.525004245807915737e+01 4.067361880614450342e+01 5.847196419179871185e+01 4.413124241968822759e+01 6.397587481409171062e+01 7.810185939084904305e+01 7.848794049264456874e+01 6.437989605332606402e+01 7.020792396246264389e+01 7.903880975055628255e+01 7.098845860362906990e+01 7.089118628211770101e+01 6.201768739064828395e+01 5.453660943934193028e+01 5.227670716989042177e+01 4.684943429805359472e+01 2.505184381233130253e+01 2.291315841430416356e+01 2.203661533066352973e+01
8.930078822030192498e+01 7.726028334223747152e+01 5.680848232806537368e+01 5.741043656433187437e+01 7.786670319073034818e+01 9.137140238555072358e+01 9.968885004495308522e+01 1.097751098084993089e+02 1.078138166206383914e+02 1.160748948416902948e+02 1.273240654430925929e+02 1.188691513022673831e+02 1.106095289603134972e+02 1.065740273596815797e+02 9.930849248649209926e+01 8.937450141283086680e+01 7.226688366939326613e+01 5.245583425766819374e+01 5.922424842755585672e+01 5.847196419179871185e+01 3.856441469491532814e+01 5.655190931971477397e+01 5.524385260160033084e+01 6.331627596219966847e+01 7.016055973623031150e+01 5.063090221727778584e+01 7.020354557316694866e+01 7.098845860362906990e+01 5.296199888243027942e+01 5.719258942667723744e+01 6.600022170490211693e+01 5.897284760843754725e+01 5.027458612970028184e+01 5.484935259904222704e+01 4.685174260129893753e+01 4.015819976369811428e+01 2.023260704628606632e+01
9.464124905249504138e+01 7.428453018336661273e+01 5.977183359150740216e+01 7.786670319091997783e+01 6.318337631534411969e+01 7.096292483365509440e+01 8.124685910604914341e+01 9.561693864605278748e+01 1.156891241555671286e+02 1.218887265706275116e+02 1.136192109831335983e+02 9.900593585308260458e+01 9.050977703667577146e+01 1.073001239794770498e+02 9.107337274486791046e+01 7.121092266403206850e+01 6.129645400380706377e+01 6.645166364573481133e+01 7.905626376611883188e+01 6.283709760854137727e+01 4.296813657350786286e+01 3.658607765657467326e+01 3.523508132644769120e+01 5.307975884621172469e+01 6.155662525839975530e+01 4.370054694057931499e+01 5.400840683167882617e+01 5.736567973253675490e+01 4.970848414191432596e+01 4.090554882887526844e+01 5.824007468438119872e+01 4.903607241263230065e+01 3.112435776227406947e+01 4.153435712954578918e+01 4.070789540590438804e+01 3.876581477454138280e+01 1.918015744797142830e+01
