MOVIE_S10_data/elevation_000134.asc
nrows	100
cellsize	150.0
xllcorner	0
ncols	100
yllcorner	0
NODATA_value	-9999
[rows 0 to 16 of 100, columns 37 to 73 of 100]
1.121352507705337445e+02 1.129993337336211709e+02 1.048842834309490399e+02 1.129993337336211709e+02 1.183829090414249663e+02 1.102336688899724919e+02 1.102336688899724919e+02 1.120001023016177868e+02 1.062403012091808421e+02 1.120001022997989395e+02 1.131094726035677809e+02 1.151765558172253492e+02 1.229916319635373867e+02 1.209321316032251445e+02 1.293067811199072707e+02 1.360839278527464273e+02 1.245211112991149918e+02 1.162197561192723470e+02 1.176058308973672695e+02 1.117401704507158655e+02 1.116899574427703783e+02 1.033873926377234227e+02 1.116899574427703783e+02 1.051277312758673332e+02 9.684252651199551565e+01 1.051277312758673190e+02 1.065300702603370695e+02 9.826687740045828434e+01 9.826687740045829855e+01 1.065300702603370695e+02 1.180300233413587847e+02 1.069623069242063593e+02 9.870270222895548784e+01 1.069623069242063593e+02 1.051317068935953785e+02 9.687640762010872209e+01 9.945325915443474685e+01
9.251491483897562773e+01 1.031732485584776668e+02 8.520696789417891637e+01 1.031732485584776668e+02 1.102336688899724919e+02 9.050162918318997640e+01 9.050162918318997640e+01 9.227237185817233467e+01 8.648666608271548739e+01 9.227237185807771880e+01 9.380975625039417309e+01 9.593086155879782950e+01 1.067757504381574307e+02 1.009119853654633374e+02 1.209321316032251445e+02 1.277747311631782594e+02 1.077609273069426621e+02 9.620368268100175158e+01 9.758052793398194069e+01 9.171535139826889349e+01 1.016293820889836894e+02 8.336312710733780307e+01 1.016749105329177354e+02 9.517570292741663707e+01 7.697914434886664026e+01 9.517570292741663707e+01 9.504572571965744032e+01 7.839928610535430664e+01 7.839928610535432085e+01 8.986100622690817374e+01 1.097495109644670208e+02 9.703467895210106064e+01 7.888273468351464146e+01 9.703467895195207404e+01 9.010491224846640534e+01 7.705192768924848679e+01 7.962242068415127960e+01
8.114861538059400914e+01 8.945741423238132484e+01 7.538844596586962155e+01 9.474059813499106042e+01 1.028668585644269911e+02 9.628100980666440023e+01 7.656103123843841729e+01 8.642102052255143008e+01 7.259925443020127034e+01 8.824476597307236148e+01 7.988795914764367012e+01 9.642462180111851922e+01 8.679481692081296273e+01 1.009113611871086675e+02 1.209260913089871536e+02 1.305631832325985044e+02 1.222539307380647813e+02 1.046634707315674859e+02 8.462988319985085184e+01 7.757007128079524705e+01 8.971582369913825517e+01 7.341621562792661848e+01 9.337525987253063420e+01 8.691083543043107795e+01 6.719620745983989707e+01 8.691083543043107795e+01 8.679631821808055747e+01 6.690070728316847237e+01 8.679631821808055747e+01 9.877531073688980712e+01 9.292549224312142542e+01 8.879271845623502202e+01 6.886679906311073296e+01 7.882975875967291302e+01 7.016903488555939816e+01 6.544234198626348586e+01 8.543073879548228433e+01
8.945741423238132484e+01 6.988724063198766601e+01 6.806994125295221920e+01 7.512915737868642907e+01 9.154299183919944483e+01 1.025801883471536229e+02 8.642101908608441363e+01 6.689491960377307578e+01 6.535418455112061054e+01 6.866652913983752171e+01 7.256616466767641782e+01 7.688901652671971476e+01 8.436102359848436549e+01 9.855240934750808890e+01 1.187991931475445568e+02 1.222539307380647813e+02 1.022408412262573592e+02 1.081025394317724277e+02 1.017685762729393417e+02 8.973201602020216683e+01 6.982656473574157019e+01 6.647712436346431275e+01 8.203900373914646593e+01 8.033929277356735099e+01 6.067181098766911873e+01 7.432055114995038991e+01 7.400362081441925000e+01 6.135582519613111430e+01 8.127826857327229959e+01 7.887903556808500127e+01 7.306080270999866855e+01 8.713422871087848876e+01 7.882975875967291302e+01 5.851575785031220533e+01 5.553558156318226935e+01 7.016903488555939816e+01 9.010491224846641956e+01
9.758773260855487308e+01 8.070536653632741775e+01 6.126965122604678982e+01 6.394053897839430789e+01 8.123827725232261798e+01 8.886650081378797950e+01 7.478145144612769002e+01 6.113801918554356973e+01 8.053367950376971862e+01 8.824476597307236148e+01 8.390145135423944112e+01 9.679240905368645542e+01 9.612440039025700855e+01 9.870105883882496300e+01 1.193458243023582099e+02 1.196556996385140366e+02 9.964503917245468756e+01 8.807278923426500228e+01 8.172950422057338926e+01 7.658707363758425402e+01 8.973201602020216683e+01 8.203900373914646593e+01 6.224720827740197393e+01 7.449901692673506659e+01 5.470010762945837968e+01 5.247213734675439412e+01 5.405988661454962596e+01 7.400362081441925000e+01 7.887015594125625739e+01 7.887903556808500127e+01 5.906503303845922659e+01 7.887903556808500127e+01 8.707582951147225003e+01 7.053660261594507119e+01 4.957971953241096230e+01 7.053660261594507119e+01 7.623689623045518715e+01
9.551086177260594923e+01 8.882806948009066161e+01 7.470737457483950550e+01 5.529263700657612191e+01 6.204468867893366735e+01 7.215105442522175849e+01 7.438857704371005752e+01 5.856091751211791774e+01 7.220308513674589790e+01 9.179636988329218639e+01 1.037451749710503748e+02 1.119480242157795686e+02 1.147689817513605419e+02 1.192301926543754007e+02 1.278927704472892799e+02 1.279626135654522727e+02 1.164020122294279673e+02 1.017685762729393417e+02 1.017685762729393417e+02 9.659451011745514393e+01 9.916781361665971417e+01 9.031689714665284896e+01 7.795626807097623612e+01 5.816610304723113956e+01 7.363745705160057753e+01 6.405305392827469291e+01 4.936428055959719785e+01 6.652446740293240168e+01 5.894872654271038925e+01 6.307590848278159257e+01 5.204642594637795838e+01 7.187299199387781812e+01 7.165182538480888752e+01 6.664500712461121168e+01 4.550906814565806258e+01 6.664500476598659873e+01 5.569369020852230534e+01
1.036626490101620988e+02 8.693566663736434919e+01 7.104029370849515601e+01 5.156442025539058704e+01 5.080755038421299474e+01 5.288431759964427670e+01 5.497685988389925882e+01 5.878356509209258718e+01 7.789850171216153285e+01 8.829712342742158171e+01 9.428364519636092211e+01 1.009777251064978856e+02 1.091842497278224755e+02 1.191389196426489292e+02 1.235079735678455393e+02 1.151701560739084016e+02 1.235079735678452977e+02 1.217929252953375965e+02 1.107264863785409545e+02 9.070627788690008231e+01 7.916760804824760100e+01 7.216933980817556460e+01 6.561648955761985746e+01 7.212776046209789627e+01 8.320267451101695144e+01 7.490698414543813044e+01 6.652446740293240168e+01 4.659907905261034955e+01 4.486889916317945648e+01 4.316886524063446728e+01 5.812268513336881881e+01 5.915711587877021316e+01 5.174153758901338307e+01 5.974656631704519327e+01 4.188167267583323650e+01 4.658425524496994541e+01 6.700894030104299759e+01
9.382995364790130566e+01 7.877351171771023530e+01 5.925348019932034305e+01 4.790310384247685249e+01 6.748947598991799168e+01 7.233093886636667946e+01 6.866406900317750228e+01 7.789726047971403489e+01 6.433400605436781916e+01 6.881069513508829516e+01 7.442859868949440738e+01 8.089548537608706624e+01 9.098286123765875288e+01 1.109725889753369756e+02 1.134057743776697720e+02 9.493463935876454229e+01 1.066171138591145535e+02 1.149681117398010031e+02 1.190255909799049903e+02 9.916781361665971417e+01 9.916781361665971417e+01 8.178836234475124911e+01 8.545422868631526114e+01 9.202753017346530839e+01 8.635751952579859392e+01 6.644978566582244639e+01 5.234070910357304030e+01 6.652444123884343696e+01 5.894872652700917826e+01 6.075760904725986933e+01 4.085531798779148716e+01 3.924390182043972430e+01 3.763814996376260069e+01 4.537822855386281162e+01 3.851555457473153155e+01 4.255433669274815855e+01 4.749534531961829487e+01
7.414824260051074134e+01 7.409729491927690503e+01 6.538943125448166427e+01 4.611514479016047119e+01 6.006115698653917434e+01 7.958021233009570494e+01 8.820750570182333661e+01 9.175599299586230018e+01 7.371278107380727818e+01 8.829670145882356280e+01 8.464097711178702355e+01 1.009777251064978856e+02 1.091842497278224755e+02 1.191389196426489292e+02 1.050523977163365572e+02 8.487210302748074753e+01 8.643029814399463362e+01 1.001529349494067418e+02 1.085068194228572906e+02 1.191896523590439756e+02 1.100624836700642959e+02 1.017654633715183508e+02 1.000590704565133251e+02 9.255209294685272425e+01 7.874669628756807072e+01 5.881692891423360692e+01 7.228062591535243087e+01 8.052996105510855784e+01 7.887013959735675428e+01 6.863174235596508765e+01 5.228170712434717871e+01 5.915711587877021316e+01 5.535211270408989037e+01 3.537926932094847388e+01 3.564197670191751399e+01 5.629522704879349959e+01 6.706687628889422115e+01
7.414824260051074134e+01 5.451091221794728625e+01 6.170161667508796199e+01 4.433091788504698627e+01 6.408589301041503461e+01 7.696493943574515129e+01 9.073113279690066690e+01 1.016391877383050115e+02 9.342888989432161395e+01 1.016487835118581415e+02 1.045651089569520309e+02 1.127663496016468798e+02 1.180896593763316815e+02 1.097558419916057204e+02 1.134057743776693172e+02 9.496225037190863816e+01 7.501069948381045549e+01 8.008970188000969870e+01 9.423584339089094897e+01 1.144380576397790605e+02 1.115447934169381909e+02 9.165093768782183759e+01 8.019747486819636606e+01 7.267925622087318516e+01 6.636891197597495307e+01 7.292132763033906429e+01 8.699480000896716092e+01 8.847038299389890881e+01 8.018998792842174339e+01 7.946215416485519256e+01 7.150220587787300985e+01 7.209702729552915912e+01 6.360283723883663498e+01 5.327088040892670762e+01 3.314365590841624254e+01 4.139463267488530818e+01 5.129122952984882744e+01
6.769493943329140961e+01 5.956706648360234624e+01 4.179185793013250816e+01 4.559533837773894760e+01 4.943562983372257236e+01 6.319874607458957172e+01 7.888697859725519379e+01 8.405714030567875739e+01 9.022682907188799106e+01 9.719558671327612842e+01 1.053804289095242837e+02 1.168064495472845863e+02 1.097558419893713904e+02 8.972984448802685620e+01 9.559532335785617363e+01 8.942868577559572429e+01 6.967043826498465364e+01 8.942868577559572429e+01 1.001529349494067418e+02 1.203410200981273590e+02 1.198284979523975977e+02 1.083250571449420505e+02 1.000590704565133251e+02 9.255209294685272425e+01 7.786852024877543954e+01 9.281038030567314934e+01 9.010570217259220271e+01 8.018998792842174339e+01 6.042550625128152575e+01 6.621438890787712239e+01 6.178280497463049414e+01 5.192682610690460621e+01 5.378903778266443680e+01 5.014960237667392562e+01 3.183505765941879417e+01 5.196852599727586863e+01 6.904514124479845805e+01
5.745168380485256421e+01 3.949878431935937328e+01 5.381804623940418253e+01 6.520502531557744419e+01 6.887958797876432016e+01 5.526125809240359388e+01 5.960258852578468947e+01 6.471216655617601532e+01 7.071656010307538054e+01 7.748496357713943894e+01 8.881853020004494681e+01 1.086388587226766305e+02 1.097558420038073166e+02 8.972984448802726831e+01 7.602557190935338838e+01 8.530880637312606041e+01 6.564973730120976825e+01 8.530880637312606041e+01 9.853958093733224644e+01 1.101088561054148585e+02 1.080222558510714919e+02 9.965199589360349819e+01 1.080222558510714919e+02 1.060043502111514613e+02 9.774131164911288749e+01 9.332407510731862033e+01 7.333664203189937325e+01 6.199600748224326452e+01 5.393999766706112808e+01 4.640231394755053884e+01 4.189742516032094244e+01 3.767502446357956103e+01 3.376958260969185233e+01 3.001721400199262391e+01 5.012102520974773512e+01 4.610673988195117801e+01 6.027763546941434214e+01
3.722326319806042250e+01 5.745168380485256421e+01 6.769493924913869876e+01 8.157183153672889375e+01 8.268270594790577377e+01 7.457485788528987314e+01 7.888697835562572891e+01 7.529805608924867499e+01 8.405714030442621265e+01 9.719558671327612842e+01 1.053804289095242837e+02 1.091793713276358346e+02 1.006957845340137681e+02 1.036209964933346299e+02 8.625210863623696866e+01 6.682765632451236115e+01 6.183107709416515263e+01 7.049697675207956138e+01 8.177003524924417377e+01 1.017675532147818842e+02 9.788397536618003869e+01 7.934686832931932088e+01 9.788397536618003869e+01 1.096789058380088591e+02 1.015664384772731808e+02 1.018051956823042161e+02 9.010570217259220271e+01 7.289059132415991371e+01 5.895420254002294769e+01 6.042670238107449165e+01 6.178280497461683751e+01 5.763283746950219921e+01 4.046348371604658922e+01 2.882176970825087636e+01 3.890716603781550020e+01 5.896715181469742362e+01 7.436601184703978618e+01
3.866017384794275813e+01 5.872730977015455522e+01 6.937749651296428510e+01 8.204314492969923833e+01 7.737483724054898460e+01 8.354099679280575685e+01 9.166579827369955069e+01 9.485585235062411869e+01 1.030262267548670962e+02 1.119094438423802842e+02 1.061986993653558216e+02 9.769816404336302185e+01 7.983126370335044442e+01 8.180870862198779037e+01 7.850050802579265508e+01 7.788181848647595018e+01 5.835755795293752612e+01 7.211136370691215802e+01 9.181292867635941946e+01 9.680268311035764839e+01 8.842070148480119940e+01 6.923544878611475895e+01 8.949943211146140243e+01 9.822885113899639009e+01 8.149040376931236551e+01 9.822885113899639009e+01 1.010746992235390707e+02 8.698264527384954192e+01 7.870742153969220567e+01 8.023291786230915079e+01 8.028375819001279012e+01 6.048608445956885760e+01 4.774560252826856299e+01 2.765711685635919181e+01 4.774560563341052699e+01 5.896715175313737234e+01 7.892087057142479978e+01
5.872730977015455522e+01 4.172504440848096863e+01 6.114989025874417905e+01 6.359958063536993222e+01 5.793423898584392617e+01 6.404188821403036513e+01 7.269838648365431766e+01 8.401634444299453719e+01 1.036460938874235893e+02 1.097161836788544065e+02 8.890036306115136711e+01 7.669859118515624630e+01 6.935927723704185155e+01 6.288393540166985929e+01 5.793316378775591602e+01 7.168547983444659621e+01 5.543906959377213894e+01 7.502691459444881161e+01 9.214372107673044354e+01 8.511613928717724775e+01 6.817661388689116109e+01 6.212675622864484382e+01 8.233503209985956062e+01 8.999039498780402369e+01 6.984430001582042280e+01 8.999039498780402369e+01 1.011862031099188926e+02 8.560791077393517412e+01 7.565272252803180209e+01 6.740538681415215194e+01 6.074432414417037052e+01 5.518080513226805550e+01 4.656181340315649919e+01 2.651649100017051097e+01 4.656186987806358246e+01 5.795186011042736851e+01 6.621946528405126742e+01
5.586611879713947815e+01 6.157799742503710405e+01 4.486374225223897838e+01 4.993388946972210363e+01 6.963884493487023519e+01 8.354099679280575685e+01 9.166580800656988970e+01 1.004377709738313769e+02 1.117668764311857075e+02 1.181327849582152680e+02 1.061986993653558216e+02 9.769816404122919096e+01 9.027369385845446459e+01 8.365997461308192840e+01 7.168547983444659621e+01 5.137195507041376175e+01 6.449935570799894435e+01 6.446220712004341635e+01 8.394679012731468504e+01 7.608694419696550426e+01 5.656331736409814681e+01 5.578066822480088405e+01 7.594461416605335558e+01 8.287151613229382008e+01 6.276794813739624601e+01 7.282635528560294347e+01 9.293838473412388623e+01 7.736038732103658333e+01 5.745038630726775608e+01 4.742219880423090217e+01 4.068484098092291390e+01 3.506501514277594111e+01 3.003336702554049609e+01 2.540334779624716077e+01 4.378274151448346174e+01 3.791370048512592206e+01 5.795186012218172777e+01
7.536781409595626258e+01 7.264093859491198657e+01 6.453402569797837884e+01 4.832226840567560799e+01 6.783093510433305084e+01 7.628854476403549256e+01 8.168514343925960475e+01 8.761007439546817466e+01 9.462054406123890260e+01 1.028693653667815937e+02 1.143767255013055575e+02 1.051392063737301328e+02 9.313386185064310041e+01 7.785469621413690788e+01 5.739372023218936647e+01 6.852402434266166154e+01 4.841426132769975510e+01 6.566574708792688853e+01 7.403874753336251047e+01 6.771271184500844242e+01 4.758261707571208632e+01 6.179647930517943166e+01 8.199578069214970810e+01 7.651698145388878913e+01 5.646169116842816038e+01 7.062347984457711902e+01 9.074515296895683036e+01 8.560791077393517412e+01 7.565272252803180209e+01 6.740538681415215194e+01 5.490394054205424368e+01 5.518082348462998254e+01 4.982990381676463443e+01 3.294888884124710415e+01 2.390989810230510670e+01 4.221571364462355547e+01 4.114815231608857715e+01
