MOVIE_S10_data/elevation_000105.asc
nrows	100
cellsize	150.0
xllcorner	0
ncols	100
yllcorner	0
NODATA_value	-9999
[rows 68 to 84 of 100, columns 0 to 36 of 100]
5.009162696260269221e-02 4.900804127689283973e+00 2.490080412768963924e+01 3.823359627977095698e+01 4.490026294643774207e+01 5.318453419389994252e+01 5.946861000878470094e+01 6.165640600360818979e+01 6.994067725106879152e+01 7.964097252406952521e+01 8.537682446604574693e+01 6.555440718191545102e+01 5.144059703824951413e+01 4.144708381309687439e+01 3.389675093509070081e+01 5.385877286862368152e+01 6.728056325870539922e+01 7.546821062565079785e+01 8.538518370888409947e+01 8.284130992167916929e+01 7.426324376728034338e+01 6.594056074186140393e+01 6.021656519112345762e+01 5.537066104664695843e+01 4.986300841361112646e+01 3.190474263587163151e+01 2.116053377077686548e+01 4.011872994740739529e+01 5.257827818644587836e+01 6.554220925270861642e+01 7.161518087275371158e+01 5.711422784140866327e+01 7.161518087449965719e+01 8.726257558435580108e+01 9.582907111927622168e+01 9.580222260413444246e+01 7.547935697011084244e+01
4.695337527364121244e-02 2.004695337527328647e+01 3.318507537515017702e+01 3.295731097293328560e+01 3.687963367569562223e+01 4.096211658033432457e+01 3.946861000878541148e+01 4.165640600360890033e+01 5.135670127660963402e+01 6.671204033593595284e+01 7.671204033593630811e+01 7.953670889522709331e+01 6.960323328570477486e+01 5.843763841570623896e+01 3.847883400711070578e+01 3.978680491083251525e+01 4.734003318781695668e+01 5.733574804488919341e+01 7.722537847252156951e+01 8.504510218071146710e+01 6.594056074186140393e+01 4.578683722326609029e+01 4.025073832792642747e+01 3.537012768121739725e+01 3.085127104340159931e+01 2.676289977727007496e+01 3.731670451185588178e+01 2.227154639427172356e+01 4.334381632346267565e+01 5.115412668902347093e+01 7.208216911084242895e+01 7.756468620558743510e+01 8.202826849324519287e+01 7.357191968980924912e+01 8.202834688370953131e+01 8.574697766227338036e+01 8.143178650116109907e+01
7.614146464036156137e-02 2.007614146464000626e+01 2.761208613468369322e+01 1.295731097293258394e+01 1.687963367569633277e+01 2.096211658033503511e+01 2.532647438505495785e+01 3.135670127661033746e+01 3.842776908847606165e+01 4.842776908847640982e+01 6.842776908847498873e+01 8.396544768583520124e+01 6.413208170018913279e+01 5.260675000978934435e+01 4.401975178749563611e+01 5.974362919260972404e+01 4.734003318781694247e+01 6.728060853750631054e+01 8.538518370888409947e+01 7.675965141462509678e+01 5.651898614766337658e+01 5.998734367139019241e+01 5.431929532408562977e+01 5.537414453250304547e+01 4.502699933594457349e+01 4.661185806303953427e+01 2.336792875650012391e+01 2.544369011454094576e+01 3.102499125783447553e+01 4.507658579140404242e+01 6.613136339877725334e+01 7.687245138625991103e+01 7.180297241854349011e+01 5.325416218106629884e+01 7.185477293125966014e+01 6.546172415210499196e+01 7.520573187112282199e+01
2.352828262072655108e-02 2.002352828262037221e+01 7.612086134684048488e+00 1.427875280135077318e+01 2.322302471134977253e+01 4.096211658033432457e+01 4.532647438505424731e+01 4.165640600360890033e+01 5.842776908847535111e+01 6.671204033593595284e+01 7.671204033593630811e+01 9.211157606524257346e+01 7.287898277193058050e+01 5.296050654449250317e+01 6.397116940137755137e+01 7.216624380225594848e+01 5.400481011895023187e+01 6.364014907657541897e+01 8.347855975194926259e+01 8.504510218071146710e+01 6.822181736511770112e+01 8.018839231841310777e+01 7.445385076650774181e+01 7.333282276807274513e+01 6.109955285637486355e+01 4.395963694161946478e+01 2.412960842963249419e+01 4.329182959787764418e+01 5.103378543959740909e+01 5.998204494007033816e+01 7.056554945095133746e+01 5.653207605079704479e+01 6.331273860985564994e+01 4.317135932605019377e+01 5.797271545038962870e+01 5.118592825609706409e+01 6.261184245976240703e+01
6.786455232800275850e-02 3.082977998105645323e+00 2.308297799810599926e+01 3.427875280135005909e+01 3.427875280135006619e+01 3.736516033508021906e+01 5.736516033507950851e+01 6.165640600360818979e+01 6.994067725106879152e+01 7.246451660565804787e+01 7.246451660565804787e+01 8.070888176281400206e+01 7.990618312112012234e+01 6.003025904244657340e+01 7.990618312112012234e+01 8.094289540610060385e+01 6.107469278160494497e+01 8.094289540610060385e+01 9.162603396027631675e+01 9.665145186297398538e+01 8.842254961954807868e+01 8.663071882722640282e+01 7.831987994040652268e+01 6.749102333632224315e+01 4.783905940760696751e+01 3.389135152957643982e+01 2.489013801721193886e+01 4.508048941574606516e+01 5.189944340578791326e+01 5.970777551175627451e+01 5.148272103326409166e+01 4.224628174019716909e+01 5.382764502639670212e+01 3.599727483668245753e+01 3.775068704782493967e+01 3.952072990982618705e+01 4.241476913714459585e+01
3.257643153035955086e-02 2.003257643153000345e+01 1.941290961666045689e+01 3.941290961666116033e+01 5.427875280134935565e+01 5.736516033507950851e+01 6.564943158254011735e+01 6.964571109481651945e+01 6.140405004964333102e+01 5.257796798444148578e+01 5.257796798444148578e+01 7.246451660565804787e+01 8.805859242884329774e+01 7.154900975317642065e+01 8.805859242884329774e+01 8.094289540610060385e+01 7.516109361644481623e+01 8.909112507027747085e+01 9.744149916195362948e+01 9.525228606775544904e+01 9.257377795939251541e+01 7.241572206425979630e+01 5.813261631527958428e+01 6.555233338407074939e+01 6.173164631639655653e+01 5.284731207687190846e+01 4.510293151232995257e+01 2.601186233973788831e+01 3.421290475322475544e+01 4.870845184207406220e+01 3.067268368643266996e+01 3.212589801404579504e+01 3.360359349287061548e+01 3.681405669300355044e+01 5.703166227639784580e+01 5.973077518304666711e+01 4.277923129276002356e+01
1.880098487986705744e-02 1.416093660861094250e+01 3.416093660861164949e+01 4.769718086412336078e+01 5.950725200120324132e+01 6.780899236284125209e+01 6.964170212280198768e+01 5.817179526424482816e+01 4.154161948708513563e+01 3.854776185779532227e+01 4.999869151390557676e+01 6.405443218389298465e+01 8.395290557376081608e+01 9.132229424556199149e+01 9.944851964831195801e+01 1.006446789066349226e+02 9.490139970164067051e+01 9.744149916195362948e+01 7.731047203169647730e+01 7.510299305106006784e+01 8.930903640567674984e+01 8.101008876808944592e+01 6.555233338407211363e+01 4.538634271040965729e+01 5.579590844361687374e+01 4.971701165831566982e+01 2.950251125420004783e+01 4.589001198044464047e+01 2.724527800965809377e+01 2.862335238339326082e+01 4.728551676861722086e+01 5.221688534306401408e+01 5.383775847781927837e+01 5.703172518024314286e+01 4.153667635426613458e+01 6.172559593744627904e+01 6.268241241691203669e+01
2.900726248362994752e-02 1.417114288621445439e+01 3.417114288621374385e+01 4.515810411892552878e+01 3.921449245758892488e+01 5.950725200120324132e+01 6.140335138872723064e+01 4.154161593670720265e+01 3.007337914490762643e+01 4.993647041759011529e+01 6.664342487362782208e+01 7.318351254424277386e+01 8.142231840505110085e+01 8.108514350520101743e+01 8.108514350520101743e+01 8.932302920780762179e+01 1.066663689080520925e+02 9.507848694825548819e+01 8.100458433953539839e+01 6.080219380056599476e+01 7.090338907005070723e+01 6.660616579813586213e+01 5.251343365578500055e+01 3.822975234611878648e+01 3.559142210470328394e+01 3.302492961309459929e+01 4.906194111450644613e+01 2.885551113748252661e+01 4.749973230260645352e+01 4.885248608384146962e+01 3.472715970168570010e+01 4.188750941787849769e+01 6.196392217939361302e+01 7.010279234820247041e+01 6.172559593746224493e+01 4.651210125949415897e+01 6.669286170680905457e+01
5.081304048347550645e-02 2.005081304048312063e+01 3.407800481412222382e+01 2.442913641392223312e+01 4.515810411892552878e+01 4.523406919856533648e+01 4.753134907993872815e+01 4.549384959124147798e+01 2.561032884683766397e+01 4.522990819823586151e+01 6.206726306344494049e+01 5.326029005054778764e+01 6.992521847333031815e+01 6.117193922995531352e+01 6.117193922995532063e+01 8.108514350520101743e+01 9.841494517216354154e+01 7.828197090694806093e+01 6.657843308133405458e+01 5.833649147421638759e+01 5.074762583129050597e+01 4.646089146382674073e+01 4.241646279440051615e+01 5.842261044265988801e+01 5.579590844323579546e+01 4.469795968455445490e+01 5.018661551316710501e+01 2.998824690593361808e+01 5.018661555995470991e+01 6.077019845282159594e+01 4.034478195985793292e+01 6.065965116364879606e+01 5.355666186301481702e+01 7.344845334779586210e+01 7.507518367849785079e+01 6.075661009256755563e+01 5.188006110386310610e+01
4.469920835086939326e-02 2.004469920835051511e+01 1.338640959781320205e+01 3.407800481412222382e+01 3.935861500550103642e+01 2.533178803277040103e+01 2.763634425795421024e+01 3.582888529851460646e+01 2.144313630796291648e+01 3.538685593947101182e+01 4.905583329477209276e+01 4.178081283713544991e+01 5.706218273026980370e+01 4.711998373351784863e+01 6.700438172702179429e+01 7.613713420031731971e+01 8.437722551368783286e+01 9.507848679908418887e+01 8.517764021842572220e+01 6.499080092526932617e+01 7.090338356436291178e+01 6.660616579807295068e+01 4.682716119116965103e+01 6.696024095070744409e+01 7.322637769782789974e+01 6.488975058120358597e+01 5.131660357031704223e+01 3.111729588190591400e+01 5.131660357063817912e+01 6.725559913374435439e+01 4.675686302312360709e+01 6.725559913374435439e+01 6.513746312074913192e+01 8.156475331222766556e+01 8.939375400457926446e+01 7.623360752759123216e+01 5.597060460226060030e+01
2.324776005098762310e-02 5.186736747050489704e+00 2.482444212080649137e+01 3.621242654816167317e+01 2.796107196992366539e+01 1.121447854441293579e+01 1.352387738363086811e+01 1.589743313190900942e+01 1.898343960444107026e+01 2.214543229828710125e+01 2.920428112397917531e+01 4.909495577582489290e+01 3.721308792479174343e+01 4.293215865571115586e+01 4.918924795409288464e+01 5.620360551307161501e+01 6.771789037941935874e+01 8.763803514031930320e+01 9.346990947863224619e+01 8.517763986734637172e+01 7.384496644507878216e+01 5.371755370222970072e+01 6.696056843455916407e+01 7.527850677704559246e+01 8.171979247538385493e+01 6.669926422958450019e+01 4.655089869820035631e+01 3.224881394551914582e+01 4.655089861747274682e+01 6.669923963256503896e+01 5.445933775859667492e+01 7.504492454284020653e+01 8.480147712854621034e+01 9.289790711567329140e+01 9.621938959896668564e+01 8.066667245043167611e+01 6.035181691198008735e+01
8.699724428260374731e-02 1.497688475999801705e+00 2.150790329244385646e+01 2.492179166008462943e+01 8.032250367881562880e+00 2.798726540805746410e+01 3.346345625857441064e+01 3.582888529851460646e+01 3.890201706455160746e+01 4.205031067499226793e+01 2.730481283073443777e+01 3.121847803044070346e+01 5.107745546681859850e+01 6.279653393874011869e+01 6.908956754645332410e+01 7.613713420031731971e+01 8.437722551368783286e+01 9.587046664714006283e+01 9.809587423844938314e+01 7.680455903364000392e+01 6.229366067219127245e+01 6.534223815905170341e+01 8.213441947842362367e+01 8.764046432603029757e+01 6.760115444469956003e+01 5.335935979051887301e+01 5.359687567871830538e+01 3.339218190915710949e+01 4.769731341519304380e+01 6.783957681559722630e+01 7.504996821338053792e+01 6.904502840715733214e+01 8.954717533479869473e+01 9.959403671265279456e+01 7.927666088467125860e+01 6.750725962439487660e+01 8.066667245043223033e+01
2.249585233037712170e-02 1.987511065672600807e+01 3.502707304469216520e+00 4.927648304230041632e+00 6.834573482767535957e+00 2.682835181159579108e+01 3.782582171810284422e+01 4.501918336417628552e+01 5.327218565513939552e+01 5.541794453995203895e+01 4.136301091520835627e+01 5.107745546681859850e+01 5.931326991856131059e+01 6.432122600272749935e+01 7.062943045804205155e+01 7.886027873314134240e+01 8.775517196928070973e+01 9.921998888072093337e+01 9.578747925687996201e+01 7.641553081348646970e+01 7.237524905319325796e+01 8.545990940080001508e+01 9.371931092244926731e+01 9.344876833207908362e+01 7.347053241864279016e+01 6.185932953113189114e+01 4.172718748971021796e+01 3.454852765340387322e+01 5.474876242650760361e+01 7.155194637625906751e+01 8.029540972552320000e+01 8.954717533479869473e+01 9.791589360831285660e+01 1.079081449996842395e+02 9.464790000485862720e+01 7.429558291770548806e+01 8.786379430914084310e+01
2.739267172789772165e-03 2.000273926717243356e+01 2.349690546138343095e+01 1.906925525907250574e+01 2.682906188259118352e+01 9.568917205104757073e+00 2.956401836562053731e+01 2.503366775971614899e+01 3.917429250000064656e+01 5.912999815905980938e+01 6.123296756400429786e+01 6.440879179538521271e+01 5.616205045209011359e+01 4.434713870310118722e+01 5.068116216370541594e+01 5.962885558323331026e+01 7.114009383160602340e+01 9.098890765152304994e+01 1.037080375180319720e+02 9.520909529134472393e+01 8.655065333853804077e+01 1.005634915456546281e+02 8.691795157090702162e+01 7.870321767850506944e+01 7.238248241675458416e+01 6.024225513552399747e+01 3.494442121731198370e+01 3.574192186791736248e+01 4.813149957823200964e+01 5.214205433376329779e+01 7.205504608650819875e+01 8.854912468200762987e+01 8.785721475467543939e+01 9.602855576946393512e+01 1.029804873764400668e+02 8.871904036874292387e+01 8.871904036874292387e+01
8.327778614586213435e-02 2.008327778614550851e+01 3.834937991300355975e+01 3.905106441370482173e+01 3.782879269342229378e+01 2.371138778123376056e+01 1.238330758476260662e+01 3.237923345959014654e+01 4.359310328252755795e+01 5.487405248245681832e+01 5.756497687112548789e+01 4.930855666505906498e+01 3.617158559644667548e+01 5.616688151585873356e+01 7.062943045804205155e+01 7.886027873314134240e+01 8.252388751960054947e+01 9.076799504194865165e+01 9.672602336240997545e+01 1.053247466550646863e+02 1.063951953625983577e+02 9.275901868825935992e+01 7.288111427024732336e+01 5.871529753423818931e+01 5.237188793173816492e+01 4.688465679564306754e+01 6.024225513177971436e+01 5.592027312122318961e+01 3.747470396160530726e+01 5.764442153129276392e+01 6.853409182163687774e+01 6.853409182163687774e+01 6.785958358705488536e+01 8.205775338675296382e+01 1.018583530435726061e+02 1.089614333477753121e+02 1.089614333477753121e+02
6.510866554257997707e-02 1.006510866554266670e+01 2.420724428927386995e+01 4.420724428927457694e+01 5.194619760561069199e+01 4.064353653553450130e+01 3.237923345959014654e+01 1.533214838633123200e+01 3.532925378305133535e+01 3.489046012328286395e+01 4.313595704955088195e+01 2.930704010590743636e+01 4.930855666505906498e+01 6.441520116908029081e+01 7.666645419643526793e+01 6.841076153940076665e+01 6.256491335092196238e+01 8.252388751960054947e+01 7.586670363023002039e+01 9.283219032318267239e+01 1.052808985740788756e+02 8.548206806095944899e+01 7.139377343227639017e+01 7.238248240737809169e+01 7.238248241675458416e+01 6.721576913732725700e+01 6.378839356389353554e+01 4.379263392083133510e+01 3.872079765552007302e+01 5.859851005493998599e+01 4.845404674261788358e+01 5.513245641028182575e+01 6.935852425546922007e+01 8.933535425303290367e+01 1.011793494524730619e+02 1.079187717069815733e+02 1.110589711579486618e+02
8.953482861371392376e-02 1.423167045234453809e+01 3.423167045234382755e+01 4.858702028168247722e+01 6.013402566547519257e+01 4.948667622449364245e+01 2.947983402268241804e+01 3.489012467011774277e+01 1.841822513841023934e+01 2.074319578826214183e+01 2.313369588035128999e+01 4.313595834143649199e+01 5.060987088026577396e+01 5.404867475516263653e+01 5.771195277382052780e+01 4.839512311569312430e+01 6.720558857762210891e+01 7.259620850270820824e+01 6.412871997963634385e+01 8.442323386228667914e+01 1.024984306229997202e+02 9.947727550876302871e+01 9.128101125868900567e+01 9.227714692662473794e+01 8.999490308615777678e+01 7.170921811255180955e+01 5.166800200174457558e+01 6.378839356406776773e+01 5.887526407185195865e+01 4.054826737267443093e+01 6.067678007601183765e+01 7.127303753478730641e+01 8.343099250900125696e+01 8.216786601383574862e+01 8.216215341101002423e+01 8.952024350686123455e+01 9.101530725933604060e+01
