MOVIE_S10_data/elevation_000442.asc
nrows	100
cellsize	150.0
xllcorner	0
ncols	100
yllcorner	0
NODATA_value	-9999
[rows 17 to 33 of 100, columns 37 to 73 of 100]
5.862722470032529998e+01 5.453099708514969279e+01 5.714491453018663947e+01 7.244355801660550753e+01 6.873511984904590122e+01 8.059326841270045350e+01 7.219966294581760735e+01 5.656137371253709745e+01 7.656483673950260993e+01 8.632639256488269552e+01 9.159831685079112162e+01 8.561300161915292506e+01 1.060482793495153260e+02 1.163287200812002027e+02 9.687365572649733281e+01 8.547622458011862534e+01 8.804524626630976059e+01 1.044051988271308460e+02 9.572335959014604612e+01 8.756685437945438366e+01 9.572335946175731181e+01 8.799909903217820784e+01 7.867087714432140899e+01 7.026547712224028430e+01 6.088490924182297448e+01 4.051327748477859814e+01 6.086592996907950948e+01 7.169138305185822446e+01 7.391835981322118698e+01 7.994469642345828220e+01 8.700190641853853890e+01 9.522933497032981620e+01 9.223072644612008730e+01 9.223782765321661259e+01 7.560663193836863627e+01 8.918607149407935708e+01 9.740006997911049780e+01
7.862849144277197411e+01 6.590404590188336442e+01 6.856737514036868220e+01 8.550988139663914467e+01 8.299118633140449219e+01 8.941155494781531843e+01 6.909911000142560056e+01 7.656483673950079094e+01 6.134548588304624417e+01 6.600109139091470922e+01 7.118159049736985367e+01 9.159467829214038659e+01 1.108696493545166675e+02 1.209585681787498856e+02 1.015285988743857502e+02 9.940128628122999999e+01 1.076291712024514879e+02 1.156918965371382484e+02 1.036349305874167186e+02 9.542485828154978833e+01 1.036349305874167186e+02 8.875066331651083829e+01 8.051408983994738833e+01 7.127805452908029338e+01 5.972030770643012687e+01 3.935823073542216122e+01 5.825254071042034099e+01 5.722921747697313322e+01 6.533706492642716057e+01 7.007854847993742453e+01 7.837119729694444459e+01 8.637137950063930703e+01 7.229602285340891399e+01 8.136478174827017540e+01 6.404617235441175183e+01 6.924561697640713476e+01 8.918607149407935708e+01
9.450829469343490530e+01 8.610014821652239903e+01 8.879530180669546269e+01 9.720164407792786676e+01 1.033297117183719109e+02 9.782556501547146866e+01 8.343728443227854541e+01 8.696999077895766561e+01 6.663453806669650703e+01 8.632622031075406710e+01 9.159831685079112162e+01 8.207821023051913301e+01 9.656084929238467396e+01 1.169588269626186872e+02 1.209585681787498856e+02 1.188454017994182692e+02 1.091479955260668930e+02 1.009467654175300737e+02 9.368362647031715085e+01 7.548839209601381128e+01 9.368362647031715085e+01 8.051408983994738833e+01 6.048895930488576766e+01 6.299914141157579195e+01 4.265611690330204198e+01 5.824082495815539318e+01 3.791443365058427162e+01 3.691853940083527874e+01 5.542681250761385314e+01 4.988156919439267512e+01 7.009412574936176554e+01 7.637703794704465565e+01 5.810311275647413254e+01 6.136210868481965974e+01 5.503342028847509226e+01 6.924561697640713476e+01 8.918607149407935708e+01
8.180185193435478652e+01 8.824334443247892068e+01 9.415246044545880011e+01 9.124504110314748573e+01 9.124504110315359640e+01 9.959248469840368045e+01 1.038347214962647342e+02 9.286588289733990109e+01 7.244144481124071433e+01 9.286588364257733019e+01 1.108971394243674098e+02 1.025305520451446597e+02 1.109627027670605628e+02 1.231081099760955198e+02 1.149297624583444133e+02 1.068357557306985370e+02 1.009467654175300737e+02 8.103096798744338969e+01 8.545662518878175717e+01 6.550228469019369015e+01 7.547945493949025320e+01 7.262276278768226234e+01 6.635418424445953178e+01 4.608906462331976428e+01 6.299871489990604800e+01 5.547809218917335983e+01 4.420332661143980602e+01 5.579131920058788552e+01 3.552485136014486500e+01 5.437055680146295344e+01 6.268743639994466577e+01 6.811841471596517295e+01 4.799721223711933504e+01 4.709364320364318957e+01 6.722075598324688883e+01 8.332284347775882338e+01 8.765983912885454288e+01
7.342086136620849857e+01 6.813652394570094373e+01 7.402567531817759061e+01 7.108224581878765491e+01 7.108224581878765491e+01 9.124504110315359640e+01 1.019808966113744901e+02 1.012787823651717929e+02 8.688339955377028900e+01 8.422622750248680745e+01 9.605515089764736558e+01 1.164298049909557022e+02 1.263514049546094498e+02 1.065682668865633502e+02 9.510342426091693824e+01 8.696495476196548680e+01 9.690041385660227036e+01 8.686417000197819505e+01 6.690703094319111699e+01 5.876094414922134490e+01 5.548258954779361574e+01 5.255699091818321023e+01 4.979254846527747702e+01 5.782012072843155437e+01 7.430591901563379054e+01 6.950003988459359050e+01 5.359364144404771935e+01 6.410414569471990376e+01 5.437064275704068450e+01 3.415496420952868561e+01 5.296555057350551010e+01 5.517652373203110017e+01 4.041183184447531573e+01 6.051171839004563680e+01 7.547676918066167673e+01 8.288392954215582620e+01 7.463735041135534232e+01
7.345029993447997185e+01 5.417762402618761541e+01 6.945434161027948505e+01 5.705615603479286335e+01 6.447595077379087058e+01 7.341136735110468692e+01 8.771465708808347017e+01 1.079254117863660269e+02 1.073088778652865471e+02 1.046666844644167327e+02 1.130346754356365722e+02 1.247442556777370868e+02 1.345149569899515996e+02 1.172314073282282436e+02 9.741336185233853939e+01 8.591295667941830061e+01 7.696736199993148375e+01 8.386911864391578320e+01 6.391386196919530249e+01 7.871670209867873780e+01 7.547945493949025320e+01 6.158417498633046705e+01 5.810503219228126426e+01 7.721108989810880985e+01 8.579917114005878886e+01 7.827212095858996577e+01 7.175261991554596364e+01 7.082714087059497388e+01 5.066756322844284455e+01 5.290889924649118115e+01 3.280024505675137192e+01 3.505702361398881095e+01 5.469837034994623792e+01 5.845076276240760649e+01 8.009584024225566168e+01 7.131562840347874044e+01 5.454749456153103893e+01
5.989351093215004340e+01 4.548378173128354263e+01 4.972642374795158560e+01 6.099809070605278549e+01 8.100579516628091881e+01 9.294641783415002578e+01 1.019808963328415103e+02 1.127691936780698256e+02 1.100411020616837305e+02 1.016818547173694043e+02 1.100411009875060842e+02 1.133288307725074446e+02 1.216874613626293780e+02 1.254107186394605691e+02 1.139808455936112210e+02 1.011155046050670308e+02 8.120802552503192828e+01 6.966522065195177049e+01 7.505924182427180824e+01 9.145535217678038009e+01 8.978578032154881328e+01 7.312574807257837506e+01 7.225964696237511475e+01 7.445380136999719412e+01 9.449708195272482669e+01 9.969246932464852762e+01 9.430610465385224472e+01 7.907332300076855347e+01 6.725300877798186150e+01 4.705012241042079069e+01 5.157572203181619130e+01 3.145359753131658564e+01 3.574493467143042835e+01 6.213475964178380906e+01 6.601899255193774252e+01 5.772158161976822299e+01 4.279237141953653634e+01
4.022587483824847965e+01 5.989351093216421873e+01 6.945433777695387789e+01 7.777883077034475434e+01 8.935593599251691899e+01 9.411626358553682792e+01 9.261242689111250570e+01 9.261242688993905858e+01 9.987881931491696719e+01 8.129783251903992891e+01 9.987881148790060593e+01 9.274135813722581645e+01 1.098702642052678584e+02 1.289983166329174935e+02 1.222165212000016368e+02 1.093147811095464021e+02 9.784024619168283721e+01 7.966225811725431072e+01 9.363153078714641708e+01 1.017776030006676251e+02 1.012795014972553957e+02 9.306523749875087503e+01 9.219578412928012767e+01 9.451454087071887500e+01 9.923359393697825226e+01 9.102204815356874690e+01 9.102204815356874690e+01 9.258522768122109881e+01 7.553873572465367658e+01 6.725522324951603537e+01 5.063372207890382271e+01 3.053519111383723939e+01 4.932812957279222132e+01 5.681514147568788076e+01 5.280855119776463624e+01 3.746463824797462649e+01 5.772158161976822299e+01
5.489792641014256702e+01 6.532562472330197068e+01 7.328813140453584651e+01 8.161378679086720922e+01 8.822867868033299033e+01 7.398582256372061750e+01 7.248368420951713631e+01 9.261242689252148352e+01 9.148984361148571054e+01 7.092935022245454491e+01 8.980683699603008563e+01 8.012591636890238078e+01 9.650167082565126009e+01 1.205088329098083761e+02 1.044619737215552533e+02 1.080692505823173093e+02 1.077704035991196321e+02 9.956985235561256786e+01 1.077704035991196321e+02 1.143015415816792881e+02 1.053343839082333204e+02 9.713127661427030546e+01 9.713127661427030546e+01 9.660446694389287359e+01 9.102204815356874690e+01 7.108667694316061159e+01 7.108667694316061159e+01 7.846424023368771827e+01 6.434325278660115544e+01 6.167696859367585205e+01 5.085025723446415213e+01 3.091666291825419322e+01 2.923577201011831406e+01 4.480481000865746921e+01 3.262157657008072675e+01 5.280855119776463624e+01 6.601899255193774252e+01
3.735456420903367558e+01 5.706735364867169125e+01 5.345977973366039038e+01 7.328813190071973338e+01 7.837642128595940960e+01 5.986566085831825035e+01 7.988151142977589814e+01 8.655299712944713519e+01 7.813938209419124803e+01 6.356221058316668859e+01 6.885394430337585447e+01 8.012591636890238078e+01 9.846022048020593331e+01 1.209595494372065048e+02 1.044619737215552391e+02 8.954262277794569513e+01 9.798694103613325979e+01 1.026968013182361403e+02 9.449932443769938573e+01 9.449932443738858012e+01 9.713127661427030546e+01 7.723784159839829044e+01 7.723784159839829044e+01 7.674559509920932499e+01 7.674559509920932499e+01 7.692540825354795686e+01 5.687373937944431646e+01 6.689957129960018278e+01 5.000844569718286436e+01 5.335123040971786423e+01 3.320670220467643219e+01 5.085025723446415213e+01 4.816292586658913422e+01 2.809001864940595539e+01 4.333287218962077247e+01 5.897777787572922392e+01 7.110020021091767717e+01
5.706735364793830456e+01 3.958200010345202458e+01 5.926736826211588038e+01 6.351888731674658573e+01 5.937796491007576094e+01 5.369863231117685842e+01 7.009086062265150474e+01 7.260802291547388165e+01 5.779216243878875048e+01 7.813938209419124803e+01 8.980683699603008563e+01 9.823348769345172116e+01 1.098702642052678442e+02 1.217034355926844000e+02 1.019950528971835837e+02 8.820637752979045842e+01 7.877654031258539646e+01 9.039551998760246931e+01 7.468457208003272285e+01 8.251977481091647348e+01 7.950872948207985758e+01 8.306449381345322536e+01 6.310467999364160363e+01 7.308303786408532687e+01 5.673880208693322658e+01 6.463368020917575052e+01 6.254983174898574561e+01 4.670075151945746228e+01 5.592418872372140726e+01 3.559159742494094303e+01 5.335123040535464867e+01 6.025014267222076114e+01 4.727710935439778694e+01 2.730589995420380589e+01 4.736741684923643447e+01 6.374813520960404389e+01 5.598444755333023437e+01
6.310506867052573909e+01 4.347566589693630590e+01 4.205801441378568484e+01 4.385668193494701228e+01 4.566621247230871461e+01 4.785468270398742874e+01 5.021250347579121609e+01 5.261704803305371314e+01 7.260802291547388165e+01 8.256556758553759323e+01 8.782432770223832108e+01 9.552583914605314419e+01 1.038952499815052306e+02 1.140224951366763122e+02 1.159380679207676650e+02 1.043455062911893947e+02 8.461724646588663745e+01 7.088606587571480588e+01 6.595206112554774336e+01 6.280739732649402640e+01 5.974803543017356589e+01 7.533605519244562743e+01 7.246378871540089506e+01 5.303934861618315466e+01 4.661720521093908332e+01 4.444649256039785712e+01 4.229029753335369435e+01 4.017727977939521367e+01 3.821472149026948273e+01 5.592418660277416365e+01 6.423633886565576745e+01 5.364646012506219108e+01 3.460978771306518098e+01 2.652112985557436886e+01 4.709922772626046594e+01 4.973342479497951985e+01 3.580227530649054302e+01
4.922046857550394350e+01 6.310506867055467950e+01 4.944664981623866851e+01 6.348714177320389496e+01 6.533725492127283019e+01 5.028912715856628779e+01 6.998756547331414879e+01 7.260802291547388165e+01 5.749352393898023195e+01 6.228245105851638641e+01 6.745723734855668852e+01 7.514955514640111289e+01 8.537832024083563454e+01 1.056733580512705970e+02 1.207187700035289026e+02 1.092934878660048099e+02 9.264064326645888059e+01 7.283388801920047229e+01 8.563789779213949771e+01 8.251977481120621860e+01 7.533605519244562743e+01 5.546907249942557883e+01 5.249674820762982108e+01 4.998216876895008198e+01 6.672470113269363878e+01 6.463368020917575052e+01 5.406243567002174899e+01 5.462541374230142566e+01 5.269049654615087519e+01 5.845144005988986891e+01 6.758469294946772266e+01 4.845275299481205877e+01 4.504015054317774513e+01 2.573684006877720520e+01 4.462139469206926634e+01 2.978883379223647054e+01 3.666995849289050113e+01
5.353828946057306837e+01 7.333931269123326047e+01 6.337084380011518903e+01 6.329936671967830364e+01 7.335954870768622982e+01 5.357644974017969730e+01 7.341358873840775345e+01 8.604403287637828157e+01 7.764618924097172226e+01 6.562305707096359697e+01 8.594092346028557472e+01 7.922605685688078836e+01 9.956978410561583814e+01 1.140224951366763122e+02 1.125374487021322665e+02 9.273265859925975008e+01 8.125681547743150190e+01 8.683374242850671010e+01 1.008401130766398808e+02 9.357390454223144616e+01 7.367918997714622265e+01 5.958718471842359321e+01 7.246378871540089506e+01 6.004423394260086155e+01 6.636391863214856812e+01 8.239556713833823665e+01 7.415028109429634640e+01 7.472378559573701295e+01 7.283030382612810172e+01 7.801858915236917369e+01 7.587060099850668848e+01 6.713718067630367159e+01 5.373355336358788747e+01 4.462591466424118636e+01 2.462378826396231446e+01 2.697138221783529488e+01 5.511022258893152070e+01
6.041113833382489418e+01 8.041019247215560029e+01 8.388939129656658622e+01 7.475340313247784252e+01 7.697188394830077129e+01 5.702294029812929210e+01 7.106165594014578346e+01 9.127216691003319227e+01 9.433142479234558664e+01 7.998835328130316213e+01 7.647060200084669646e+01 9.681599169282787898e+01 9.364323778799693798e+01 1.138777326036437927e+02 1.151004067616419633e+02 9.530529330910327701e+01 9.530529330910327701e+01 1.066597420247982058e+02 1.024586077921008069e+02 8.259180736548438517e+01 6.849972193509947260e+01 7.950621696348996181e+01 7.950621696348950707e+01 7.158404826132668575e+01 8.628670542636236007e+01 9.448862836606141968e+01 8.358897565871718882e+01 7.209996616362455768e+01 6.383413254143854942e+01 5.874364434149189407e+01 6.699168373974275426e+01 6.476563830154012180e+01 5.654618217047053008e+01 4.386185374982800766e+01 2.385563558247406846e+01 2.666622652413025918e+01 5.631088981345207856e+01
6.927755016103172636e+01 8.874247088304416309e+01 1.020841763985630024e+02 9.448634453413021106e+01 8.084959427890184713e+01 6.075194917968236297e+01 7.491697484701521148e+01 9.517220457176070170e+01 1.054123396330706726e+02 1.003116991173627213e+02 8.667452900231815249e+01 1.051841111438121175e+02 1.138777326036437927e+02 1.222200595340870990e+02 1.232816824229063712e+02 1.151004067616419633e+02 1.151004067616419633e+02 1.110245967325509611e+02 1.046241373147766467e+02 8.476676227666712293e+01 8.000882974436299833e+01 9.662166267641849515e+01 9.937999622426019641e+01 9.149672247674874370e+01 9.972140880566051635e+01 9.094240916147498410e+01 7.529149002107180877e+01 5.544676474586767512e+01 4.411860385642690829e+01 3.918325367597532249e+01 5.222355307066422370e+01 4.861991001289044334e+01 3.703330144996604645e+01 4.269194067171391538e+01 2.309443484108600586e+01 4.309980881821950760e+01 5.642875466311335231e+01
8.089978805827111330e+01 9.774451584728645059e+01 1.027472741755743044e+02 8.241683411319665709e+01 7.072019878675108373e+01 7.491697484700860343e+01 6.854082710285834423e+01 7.678599002154760456e+01 8.852556351806022406e+01 1.087585474882644831e+02 1.010445761415301860e+02 1.153073377635568164e+02 1.217373446678883937e+02 1.134250708011591513e+02 1.217373446678883937e+02 1.159543962223200850e+02 1.051288446456667458e+02 9.091750572507444872e+01 1.051288446456667458e+02 1.046241373147766467e+02 9.988776999469344275e+01 1.080828220359576051e+02 1.048125373415620203e+02 9.646157037910083432e+01 9.672379094860644955e+01 7.679449046041412430e+01 6.277878151048617639e+01 5.391352094211799084e+01 6.383413085461319270e+01 5.222354949146882319e+01 3.281727411308809650e+01 2.920856030429970573e+01 2.582982682705743116e+01 3.410795610420174739e+01 2.233425062336327471e+01 4.435262106438401020e+01 3.798999916228268603e+01
