MOVIE_S10_data/elevation_000427.asc
nrows	100
cellsize	150.0
xllcorner	0
ncols	100
yllcorner	0
NODATA_value	-9999
[rows 51 to 67 of 100, columns 0 to 36 of 100]
6.455108993161302877e-02 2.001176505291610042e+01 2.057340787078632260e+01 3.369677289555573196e+01 4.303331186681641896e+01 5.016852303400809632e+01 3.522588312848758108e+01 4.290248857011844308e+01 2.383828391699073990e+01 1.971524769600004134e+01 3.368355858364216715e+01 5.261843178498589424e+01 6.648611815635915434e+01 6.197325826109186409e+01 5.726229919706178606e+01 3.806363873370467843e+01 5.726229919706178606e+01 6.722742398560690447e+01 5.325158457949405033e+01 3.373498722776987080e+01 2.999533945274305324e+01 4.450194825818906708e+01 3.860198367443688738e+01 1.926785111177768073e+01 3.867528675012320605e+01 4.786834666927613569e+01 4.908453277985845631e+01 4.174278875426562507e+01 5.729160689360109160e+01 8.044009621254801345e+01 6.688589302690925820e+01 6.871785447685654447e+01 4.957518374303726461e+01 6.917268844291349694e+01 7.514704249932174207e+01 8.122106995096362425e+01 7.577171673290823151e+01
3.995603441288197999e-02 7.862377485507816566e+00 2.738557677323513673e+01 3.617562396803432279e+01 2.029901131495518740e+01 3.617385900972350044e+01 2.427836929494596063e+01 3.055094371053820979e+01 1.498517236513720086e+01 3.474800663933197598e+01 4.758244287824742003e+01 6.157722733588373387e+01 5.618776718652178204e+01 4.207212096558502168e+01 4.900628943597545373e+01 2.934813628925949303e+01 4.245357951284076847e+01 6.226292129365381811e+01 6.144829797276004513e+01 5.325158457949405033e+01 4.451087310090303362e+01 2.489167286500543597e+01 2.161884463492006958e+01 1.851560317327278327e+01 3.785640184825999199e+01 4.273126851131232939e+01 6.231803962251089501e+01 6.266677638980394960e+01 7.117594974663838059e+01 8.976902750659843377e+01 8.420361573405745048e+01 7.615874208098919951e+01 5.639919847612412696e+01 6.917268844291349694e+01 8.916260806668746852e+01 9.215255458745045303e+01 7.209020743600264325e+01
4.804567899273937126e-02 1.894565963364502892e+01 2.112078892321514090e+01 2.168745708522380511e+01 9.015810068957133439e+00 2.771679148260320247e+01 2.668397752565455860e+01 1.075438797263204549e+01 3.055094371053820979e+01 4.290256651055479153e+01 5.018245337570032660e+01 5.088578942469268895e+01 4.789284732359011798e+01 2.809547083772057974e+01 3.537145252710474352e+01 2.279638152868531265e+01 3.666736887137921030e+01 5.642286964222898149e+01 6.656789346127989404e+01 5.845673329179076205e+01 5.263335217164034674e+01 4.410612993766289236e+01 3.616049480575667019e+01 1.778194021346480369e+01 2.334359247222853284e+01 4.273574675199695605e+01 6.138315479109265027e+01 7.278170694620079928e+01 8.153738642797085845e+01 8.989123486918786909e+01 8.778617540334148828e+01 8.450604917770513680e+01 7.615874208098919951e+01 7.028260424074805712e+01 9.034499374927327153e+01 1.005078237994323729e+02 8.453854919152516345e+01
9.707512844716031930e-02 6.237557815968834962e-01 1.150619151370715354e+00 1.678031814120604759e+00 2.205995491469060266e+00 2.221520634285909424e+01 6.805235491914896961e+00 2.650861853156405346e+01 3.786812834856912247e+01 4.340968595864925561e+01 2.835128099816760283e+01 3.042773504492166481e+01 4.502457697969487072e+01 3.537090026173809321e+01 1.505677281621908925e+01 3.537130193676283341e+01 4.619290583863505617e+01 5.992563189397886703e+01 5.398033380091345634e+01 3.967889238321522782e+01 4.393582427904309640e+01 3.637829077048459681e+01 2.035074513331657542e+01 1.704908434596374533e+01 4.133010913852896095e+01 3.364588370750875868e+01 4.488366095091546271e+01 6.450013510699585595e+01 6.155059513390176562e+01 7.832121714660650014e+01 6.773722157155900447e+01 8.194247754367873426e+01 9.353078886874439490e+01 9.034499374927327153e+01 9.872949411466223069e+01 9.879109507691173064e+01 7.863495138745321356e+01
5.001202446392439237e-03 1.998150411889057310e+01 2.115625961755652895e+01 2.168685440175146795e+01 2.131652232885181064e+01 2.955264140734805700e+00 2.198635131375826646e+01 1.073651886408727485e+01 2.951851292164626983e+01 2.578655299515502364e+01 9.003577548142832399e+00 1.833528822231808419e+01 2.912449658098180549e+01 2.816476050710567947e+01 1.112138844670485582e+01 3.125815624122300207e+01 4.223771108427051502e+01 3.620007034384023115e+01 2.901002530165869686e+01 3.369679812672197272e+01 2.472449425520606070e+01 3.501767068888720047e+01 1.600601971742802831e+01 3.077456153489395163e+01 4.861076416166452674e+01 5.317455847243079603e+01 6.139237736133564027e+01 6.941286189048487643e+01 5.015052433132606780e+01 6.297704507720422384e+01 5.371806426403361456e+01 6.514533914181809848e+01 8.517157939316095394e+01 8.570844650345092930e+01 9.407338755501025673e+01 1.071474950122853897e+02 9.879109507691173064e+01
5.279685921607564503e-02 1.419645143591120195e+01 3.422946998865730706e+01 3.632616305714915939e+01 1.806105919815963290e+01 1.233478852541624704e+01 3.721384514393913268e+00 1.000962404809771300e+01 2.271668675478415267e+01 5.822087005823975758e+00 6.379386042804668477e+00 1.234684806095597054e+01 1.470693039033161753e+01 8.517177573396951473e+00 9.074610093892175655e+00 2.852106746949882066e+01 2.516560914796644610e+01 2.986190817795380426e+01 1.227206155128784815e+01 1.283838271225844885e+01 3.221325735367997822e+01 3.049604306300733114e+01 1.526164824061673642e+01 3.573049063514840640e+01 4.941036293082076014e+01 5.779278377831785463e+01 6.894393670271661279e+01 6.065491910893955207e+01 4.134187389856817418e+01 4.318244190800015048e+01 6.208141748029969875e+01 6.674729793194075000e+01 7.303177972303535626e+01 6.566487642089757060e+01 7.980105673978758318e+01 9.997014698911101505e+01 1.027384107161201285e+02
5.738623160518319517e-05 1.999994131524719521e+01 3.831670644051786923e+01 4.420245154340185678e+01 2.940899703322952519e+01 2.328030246158199290e+01 2.409765300255473974e+01 4.489752156747196743e+00 5.034258871352056630e+00 2.505549564987156330e+01 2.633713355971340064e+01 7.169857539890345244e+00 7.728333225486957225e+00 2.786413991500787191e+01 1.911472531886716197e+01 9.870959207573651639e+00 1.921374072037044556e+01 1.147061847269710988e+01 2.692372188494420371e+01 2.953169188521401267e+01 1.363660623374838643e+01 1.419796472900250350e+01 3.350166058241421041e+01 3.293133539565424428e+01 2.948624885927598882e+01 4.916774195703382588e+01 5.747598472526286173e+01 4.085327065889678266e+01 3.386397240810462961e+01 3.799971318891600447e+01 4.231342179263049985e+01 4.695164368657399478e+01 5.315850334932173382e+01 6.456493585096399102e+01 8.459770354216144028e+01 9.950413501544359463e+01 8.266594934427695307e+01
4.532054705376769438e-02 1.004532076639089944e+01 2.418753279981575233e+01 4.419132762099438594e+01 4.863944262717978262e+01 4.489179949339494868e+01 3.682167339720472654e+01 1.607939079402740745e+01 2.521322976269014049e+01 8.770163622774322931e+00 2.897456533718436944e+01 3.684251818438183790e+01 3.606511107276460848e+01 4.082051942855797932e+01 2.458143908612345996e+01 2.945868188387549225e+01 1.066808490797125764e+01 3.045417596045707853e+01 3.626473149195459200e+01 3.040237987247222762e+01 3.014641787759488523e+01 2.735173553123967594e+01 1.534779355882352903e+01 1.615842427118996483e+01 1.809350934180998394e+01 4.392656411264620431e+01 4.922243309481591922e+01 2.943381877077949937e+01 4.922243309481591922e+01 5.776768716714232710e+01 6.208141748029969875e+01 6.089683271820064192e+01 6.089683271820064192e+01 8.087157039714382734e+01 9.296160801289376252e+01 9.112603917304973322e+01 7.123956225362240957e+01
9.001595176218035732e-02 1.423215157549325660e+01 3.423215157549395826e+01 4.408903412192773885e+01 5.237330241755517335e+01 5.770600608638602580e+01 4.627951552968225002e+01 3.164993420343524022e+01 3.744587460806231860e+01 2.897995936607820866e+01 1.264208703310662685e+01 3.289033092108979872e+01 4.559058797371795180e+01 5.202765226242269136e+01 4.371877494564300548e+01 2.606866443563395919e+01 3.234831728088504832e+01 1.814954832907301707e+01 4.010848536260734676e+01 4.682117374632604623e+01 4.321129761535301839e+01 2.486193473764813788e+01 3.467596706657798222e+01 3.551441222377052043e+01 1.729071718598158114e+01 3.670798565584735229e+01 4.246023163057645178e+01 2.657351657959500457e+01 3.644057451816837556e+01 5.041093937708583184e+01 7.028309687426354913e+01 8.087157039714382734e+01 8.087157039714382734e+01 8.922460732937774708e+01 9.161424206217721178e+01 9.044515276166019646e+01 7.212421614501083411e+01
5.674351268809080251e-02 2.005674351268773492e+01 2.817767095691011647e+01 2.408903415238913226e+01 3.770600653935871804e+01 3.770600653652503809e+01 5.265693408602233916e+01 5.251187066226462008e+01 4.738819087494509574e+01 2.688512070281738175e+01 3.289033092108979872e+01 1.679907988596543333e+01 3.712938199506540116e+01 5.040702661355111047e+01 5.578535583523598262e+01 4.149742801367133893e+01 4.589755443968665105e+01 2.423568980477398327e+01 4.589762206472829575e+01 5.747268254779186947e+01 3.732344166585078682e+01 4.470594198559913934e+01 4.470543002833365875e+01 1.728672804985825451e+01 1.808747213175303159e+01 3.603234823309029622e+01 2.278341700049611873e+01 3.409761628700773173e+01 5.388377663136642326e+01 6.450649245611008098e+01 7.299226828562260039e+01 7.299226828562260039e+01 8.129858515291512333e+01 8.529775459423937889e+01 7.028630711536531805e+01 8.529775459423937889e+01 8.715471272133999037e+01
9.518805923843161321e-02 4.095188059238415335e+00 8.177670963877011090e+00 1.254202876859682192e+01 1.770600656353995461e+01 2.437267323020650522e+01 3.851480885378175145e+01 5.851480829770284942e+01 5.580710356461777621e+01 4.738819087494552917e+01 4.503782145825858407e+01 2.439968936813102474e+01 2.150322683361952159e+01 4.194813545372419838e+01 5.553673961352342303e+01 6.198249852039942454e+01 5.221359563914253243e+01 3.125403378811178712e+01 5.221354613855543647e+01 6.585006879136672353e+01 5.152217704404345255e+01 5.838304121973813920e+01 3.904011852011082340e+01 4.470537572677553584e+01 3.756120035191512585e+01 1.924062552874910637e+01 3.878395246127870166e+01 4.839641316695875162e+01 6.215290163301052218e+01 6.726653303412982154e+01 5.323448091534462634e+01 5.323448091534462634e+01 7.299226828562260039e+01 7.591539242907029461e+01 5.562812031971633786e+01 7.591539242907029461e+01 7.223184508592848374e+01
9.062254805971975413e-02 2.009062254805936476e+01 2.817767095691011647e+01 2.668416439231535264e+01 3.184814218724531187e+01 4.437267314730775070e+01 3.851480885384227548e+01 5.006181423721380952e+01 7.006181356931278970e+01 5.969408060145631367e+01 3.901294262007332492e+01 4.507030769216574129e+01 4.194813545372419838e+01 2.651291410930678083e+01 4.103819666585492598e+01 6.168842222278414766e+01 6.037259839310731735e+01 5.221362669313375449e+01 4.372752180541969125e+01 6.377559418875095787e+01 7.183883596904074409e+01 6.655594432277828787e+01 5.838314838562813947e+01 5.383401373439161119e+01 4.137230461560278627e+01 2.193086271261792675e+01 2.055399211457687514e+01 4.015762424337606262e+01 4.979018422555837731e+01 5.041386658037597357e+01 3.941429995019542787e+01 5.318977086162981749e+01 7.293508669460608473e+01 6.717525528931665235e+01 4.674878503135180097e+01 6.533427104035060040e+01 5.249744956900634207e+01
3.063233560239582431e-02 1.417276795933347167e+01 3.417276795933417333e+01 4.668416434840104046e+01 5.184814210477276220e+01 4.864189423271873380e+01 5.467294493180202153e+01 6.296188525205652553e+01 7.834605036406605905e+01 6.800922097155616086e+01 5.969408060145631367e+01 5.745779553253125016e+01 3.672812377947541052e+01 3.482180322461874766e+01 3.419457578676758658e+01 4.346777596460881909e+01 6.420395861083223110e+01 7.177678003932931006e+01 5.805156259798427953e+01 7.178103347813006962e+01 7.888588921173598578e+01 7.056215764449960659e+01 5.836610790847748831e+01 4.552713687501528028e+01 2.581903703191893840e+01 4.137230460908089213e+01 4.015762207785131466e+01 2.187994074233868602e+01 4.154652683762553522e+01 3.062152291413161009e+01 4.146038167762603166e+01 6.107730936098518271e+01 6.384667579755270594e+01 6.042224594747401056e+01 4.019652132574483971e+01 5.409107273398791449e+01 3.862553011812097736e+01
5.666595628964066211e-02 1.419880158002046500e+01 3.419880158001975445e+01 4.845103784593995044e+01 4.079649669305272397e+01 2.863997665939372084e+01 3.467021267133230822e+01 5.467294493180202153e+01 7.365668883991921234e+01 8.521078638116790671e+01 7.046866615594666428e+01 4.989667340006290885e+01 5.745779553253125016e+01 4.410329959620601414e+01 4.150269280440424069e+01 6.227412878946271491e+01 6.048120160372360488e+01 8.076772333035837903e+01 7.759528979904079904e+01 7.888588919876114858e+01 6.732846589215471056e+01 5.057609934792335338e+01 5.005421219538791178e+01 3.006318886869763318e+01 3.965918327180658309e+01 5.383400493611478765e+01 4.979014470746843557e+01 3.574111602655338515e+01 2.322365282247800877e+01 4.246995214158546617e+01 5.233993841912640477e+01 5.064863801602660942e+01 4.411246050865064205e+01 5.114853999121708483e+01 3.422295506417868438e+01 3.601443640330918328e+01 5.569531151687142057e+01
2.110006612196471329e-02 1.416323568985304071e+01 3.416323568985374237e+01 2.844871630904138371e+01 2.079532791985889517e+01 3.234238977911020640e+01 5.234502150380784968e+01 4.536089822575314656e+01 5.690914296676299244e+01 7.691889974568594823e+01 7.870859724743478125e+01 6.456697323368064190e+01 7.311899840977143583e+01 5.619601199404272762e+01 5.629348916558463856e+01 5.629348916558510751e+01 7.671302500274201464e+01 8.892979719645376235e+01 8.314208766167791964e+01 7.056215764449419225e+01 5.057609934792335338e+01 3.893168079663907122e+01 3.496805843300828798e+01 4.157495084129264740e+01 5.836610784843702504e+01 6.800884411597532164e+01 6.383924919187760594e+01 5.119770996715777756e+01 4.295020532051423601e+01 2.461413021879528529e+01 4.439060793678466865e+01 2.848879192809511096e+01 3.013383248616611709e+01 3.180378438814413045e+01 4.547005437395784355e+01 5.551561530243945697e+01 4.992411394673202096e+01
9.367352646185668485e-02 2.009367352646150096e+01 3.430726064772446904e+01 1.430647099226472463e+01 3.430726064772523642e+01 4.908381734538519936e+01 6.063369387926782395e+01 6.536626128295574745e+01 7.365668883991921234e+01 7.061107551485000045e+01 7.888798472840537102e+01 8.471661324984246733e+01 8.479413202143452111e+01 7.661597556756129279e+01 7.671302498936054803e+01 7.671302500162140348e+01 8.489658911773216232e+01 8.899817704360326331e+01 6.893091146684787418e+01 5.483951674780206531e+01 4.589283370251652627e+01 5.902320150693178391e+01 4.401077168089544500e+01 6.163709861024987902e+01 6.995029258419202733e+01 7.544846025178846105e+01 6.560906837822847137e+01 5.736493365680210132e+01 4.661563304694284682e+01 2.687556338805810086e+01 2.619528629909228812e+01 4.153774614922809150e+01 4.928543813334026424e+01 5.154958239728614444e+01 5.862448412978781676e+01 7.012710139839464318e+01 6.966746520472365489e+01
3.648181865326004941e-02 2.003648181865156275e+01 2.478067754730345484e+01 1.022398808702443773e+01 2.436891314336054748e+01 4.444515761121427033e+01 5.387568921321781090e+01 5.545098887521438513e+01 6.373039194079323266e+01 5.061713163039662788e+01 6.734645728118833574e+01 7.888798472840537102e+01 9.006286766506842412e+01 8.178686145168836674e+01 9.006286766506842412e+01 9.406821499619650240e+01 8.821617010029471828e+01 9.191624568322816913e+01 8.314208766167791964e+01 7.189376777224563853e+01 5.194201096122183259e+01 7.189376777224563853e+01 5.558963942774383327e+01 7.235320456328096839e+01 8.117055784668890794e+01 6.140138255294286296e+01 4.747927943254196492e+01 3.767183780021424866e+01 3.019302407981458458e+01 4.661563304694284682e+01 4.540747039025821863e+01 2.846559849074767001e+01 3.010503049159250111e+01 4.989665101249921264e+01 5.398933718069854848e+01 5.564136622092301110e+01 6.391710367596098763e+01
