MOVIE_S10_data/elevation_000554.asc
nrows	100
cellsize	150.0
xllcorner	0
ncols	100
yllcorner	0
NODATA_value	-9999
[rows 0 to 16 of 100, columns 0 to 36 of 100]
8.271705653423140625e-02 1.422485268026530747e+01 3.422485268027571692e+01 4.173731252393065461e+01 3.345421166079306374e+01 3.698972327613883948e+01 4.527259897202129224e+01 5.941323938526402770e+01 5.487175311460351423e+01 6.119615666647796104e+01 6.826696201333928116e+01 7.654638588004115718e+01 8.654332993736402102e+01 9.744592007947996137e+01 8.912717290371715251e+01 8.652947551856131270e+01 9.484414779951301000e+01 9.018392144938124488e+01 9.018392144938124488e+01 9.850419690461173161e+01 1.157248486334807751e+02 1.110802866045865898e+02 1.027474399727933445e+02 1.001288190959796225e+02 1.084619339168844903e+02 1.017796715925067303e+02 1.101128434262711977e+02 1.227543717464846225e+02 1.145111629052206155e+02 1.145111629052206155e+02 1.145111629052206155e+02 1.227543717464846225e+02 1.166568178994153158e+02 1.085122029669188777e+02 1.110669103101837010e+02 1.089787300249144124e+02 1.089787300249144124e+02
7.813061968023242432e-02 2.007813061967592461e+01 2.542890538117437416e+01 2.867332153146581675e+01 1.345429132790375704e+01 1.698982523383643439e+01 3.113195855877850349e+01 4.670692128035709345e+01 3.487208128506746618e+01 4.119663660049581466e+01 4.826770437647640932e+01 5.826770220106175913e+01 7.826622182561662555e+01 8.912717290371715251e+01 6.905452381250692895e+01 6.644494534263715479e+01 8.325022194597286784e+01 7.011690121547493959e+01 7.011690121547493959e+01 9.018392144938124488e+01 9.568399118952872584e+01 9.946379563172183680e+01 8.262581111942058953e+01 8.000732223460869363e+01 9.684538734178237007e+01 8.165911980953498528e+01 9.849665940240736006e+01 1.145111629052206155e+02 9.460370194143519029e+01 9.460370194143519029e+01 9.460370194143519029e+01 1.145111629052206155e+02 1.051922697340262260e+02 8.857452476265095243e+01 9.117498790403452347e+01 8.904589939602564641e+01 8.904589939602564641e+01
2.526786264046545702e-02 2.002474077185459933e+01 5.428948467950998946e+00 8.673376890566222741e+00 2.867332153146581675e+01 3.698972327613883948e+01 2.253682719608863039e+01 2.670711547723005452e+01 3.426640493707813562e+01 4.426640475007766184e+01 5.840850203542547092e+01 7.654638588004115718e+01 8.654332993736402102e+01 8.932018104460749441e+01 7.493366661494435732e+01 5.473722443761727874e+01 6.590154309251497011e+01 5.580869082125146008e+01 7.599439536377839488e+01 8.521750074037913691e+01 8.154599622231908995e+01 9.113021213776482909e+01 7.095779822624737676e+01 6.832443697611282118e+01 8.782627092296962701e+01 6.998762244093707352e+01 8.948131033279015867e+01 1.011149845699745953e+02 1.004344622615215314e+02 8.025446445268011075e+01 1.004344622615215314e+02 1.142531982044340140e+02 9.700117716564066939e+01 7.678525619351603382e+01 7.678525619617525422e+01 7.461578204813736193e+01 8.904589939602564641e+01
4.163169627051844027e-03 2.226385391849269535e+00 2.222644415681232744e+01 1.001711733061386589e+01 2.408100451507934991e+01 4.390645415987168576e+01 3.667895917754073309e+01 4.084924063614544565e+01 5.426612418178037700e+01 6.254828158766606094e+01 7.254697204126385657e+01 8.668544204656237184e+01 8.168884287139934486e+01 7.880917093246716831e+01 6.083305114069046482e+01 6.083305114069049324e+01 4.562757528521709105e+01 5.151093005565324745e+01 5.795531270008986979e+01 6.513563253414154985e+01 8.521750074037913691e+01 9.374137622367130973e+01 7.357792557198791883e+01 5.916020990851155403e+01 7.206258753704804576e+01 6.084187690857105224e+01 7.261841682275829157e+01 9.278148728234428688e+01 9.483753788932702378e+01 7.452890566465053723e+01 8.590671781546453190e+01 1.059998245260009213e+02 9.958176105396887579e+01 7.942581923071155359e+01 6.487573296664866973e+01 8.532951817132075689e+01 9.797811648052412181e+01
5.883922493566802470e-02 2.005883921993383368e+01 3.051175455940875025e+01 1.339733913343051164e+01 3.324212830604756164e+01 4.645038966603048181e+01 5.667861345064952161e+01 6.084777234982375660e+01 6.388063127307380284e+01 6.388069553719748939e+01 8.403691102587518458e+01 8.168884287139934486e+01 6.154471582249767181e+01 6.453266350865906986e+01 5.025615825675550496e+01 4.054874525267435814e+01 6.083305114069049324e+01 7.174164844712191780e+01 7.811748814661660845e+01 8.521750074037913691e+01 9.352573526342696653e+01 9.860981102308487323e+01 7.843821193431514871e+01 7.206258753704804576e+01 5.157799719654254744e+01 7.206258752623807595e+01 7.737100441993622724e+01 9.754698346665199438e+01 8.959387159663209843e+01 6.918813491017650108e+01 8.959387159663209843e+01 1.055531341062531681e+02 9.528507072489999530e+01 7.503880509358536699e+01 6.046708741471216086e+01 6.938914548789423975e+01 8.123972958935948441e+01
1.256007409845548775e-02 1.415469569782920090e+01 3.415469569277632189e+01 3.324212830604730584e+01 1.839215282976296351e+01 3.819212858501590802e+01 4.768650957409243318e+01 5.234517673097268187e+01 4.390074835451986957e+01 5.797672530899662036e+01 7.813414053396694214e+01 7.405850512722193457e+01 6.524123201019737905e+01 4.497861055925265816e+01 3.591260501581788134e+01 5.617951221933627437e+01 6.917673831327451239e+01 6.454335697002358074e+01 7.287869774988428162e+01 8.189371162493796419e+01 9.349689013642493762e+01 9.565185607224888997e+01 7.843821193431514871e+01 5.807917727705110877e+01 4.770012280368041502e+01 5.699526022860740682e+01 7.145650390311695332e+01 9.164987181407161643e+01 8.514097478820244191e+01 6.467390636494789646e+01 8.514097478820255560e+01 8.595786578920990451e+01 8.595786578920989029e+01 7.686841253874743529e+01 5.633102932852737155e+01 7.091730038836463734e+01 9.123566820340477079e+01
9.594114293757748102e-02 1.423807676666923427e+01 3.423807678137840327e+01 4.645038966516528234e+01 3.819212858501590802e+01 2.381106540268646299e+01 2.794335817111515041e+01 3.258020945064814100e+01 3.996371251748459485e+01 5.397088503602591913e+01 7.410648809656282765e+01 6.571934117465342240e+01 4.549534321182696317e+01 4.920651598531624416e+01 3.301563537949894567e+01 5.325423613677063628e+01 5.442723811789934985e+01 4.431111926577479920e+01 5.338573463716898004e+01 6.507502338875880810e+01 8.517450304315835297e+01 8.730627605137722469e+01 6.701705431190363527e+01 6.496668845734784270e+01 4.437146466695155311e+01 6.041796449792297352e+01 6.883320447238706663e+01 7.904132069148987227e+01 8.096315189807137358e+01 6.045217662683513282e+01 7.527443092609789232e+01 7.169547077916291755e+01 6.570730777484422447e+01 7.334607626427718685e+01 5.278187002202960798e+01 6.737961001991756405e+01 8.775109687072030340e+01
7.711341127313005306e-02 2.007711341127277649e+01 3.645153428560976039e+01 4.645153428560993802e+01 5.184579380047848929e+01 3.774860996564200377e+01 3.927915763330594956e+01 5.234517673097268187e+01 5.234517673097268187e+01 5.397088503602591913e+01 7.410648809656282765e+01 6.351424184080783419e+01 4.328006188925551356e+01 2.902946733041036254e+01 4.548721119703073157e+01 5.384619021102903247e+01 3.420701952981312388e+01 5.442723811789934985e+01 6.383154940258454246e+01 7.393003429385656489e+01 8.124077429103262205e+01 7.105085853542217933e+01 6.264482032502148456e+01 5.025833139444917208e+01 5.625733050603332686e+01 3.982398727326995669e+01 5.016844399375695218e+01 7.066748529288670966e+01 8.706242147979676815e+01 6.664502289874084795e+01 5.471486969493724217e+01 5.111405536549197848e+01 6.683650635997069855e+01 6.557005148155298002e+01 4.942693840460967181e+01 6.136293264541274084e+01 7.592549884107795322e+01
2.297228869525369793e-03 8.167263038146856502e+00 1.816726303814703414e+01 3.230939866187848253e+01 5.230939866187918597e+01 5.762331754824766961e+01 5.917118579566885472e+01 6.750123960638245535e+01 7.239877399442801220e+01 7.410648809656282765e+01 8.244597322177754961e+01 6.865749485597216051e+01 4.894927085044148640e+01 3.928331561903269176e+01 2.542052170535636080e+01 4.196634078236401422e+01 2.820510402852415410e+01 3.525686873650705877e+01 4.536720572665672080e+01 6.559476009101460647e+01 7.287030048018291950e+01 5.241934016986007805e+01 4.211885721939479055e+01 5.238183877101616304e+01 3.575013707109479810e+01 5.624121177253152837e+01 6.879932705636778678e+01 7.904129019587664118e+01 9.537468449980299567e+01 8.364585088303618932e+01 7.527442410309214438e+01 6.705750289791039620e+01 4.644453483885860123e+01 4.498756262406423190e+01 6.557074177833172257e+01 7.838026946434321474e+01 8.896973763026338133e+01
9.647730019007895452e-02 2.009647730018972211e+01 2.960058204855602071e+01 3.494580688680620995e+01 4.097603377835775973e+01 4.804710159021653482e+01 5.633137282118076428e+01 6.787837819357838498e+01 7.892247287544870460e+01 7.063238961422422335e+01 7.892247287544870460e+01 7.486386730905159936e+01 6.574967956986594686e+01 5.356282527695430673e+01 4.196634078236401422e+01 2.208361782989276634e+01 4.196549554781942959e+01 5.548086122392748365e+01 6.383154937732862777e+01 7.393003429060961196e+01 8.124077429056418964e+01 7.105085853451441835e+01 5.238183877222924423e+01 3.204786298575788095e+01 5.238183877222924423e+01 5.865684642496464818e+01 6.514506775431432573e+01 7.237592501896838826e+01 8.074562808280539628e+01 9.087538621060160438e+01 7.813665572112223856e+01 6.790675547598033290e+01 5.947745114236306563e+01 4.199472327278031258e+01 6.253986915011235226e+01 7.457612289834641217e+01 6.861443210593917286e+01
3.582433992925927735e-02 4.749869547839557171e+00 9.600582048566174365e+00 1.494580688681461567e+01 2.097603377836978211e+01 2.804710159023513327e+01 3.959410697402724111e+01 5.959410697398327983e+01 6.777420561328294468e+01 5.056397065118400747e+01 6.889622826191295246e+01 6.681441715367211032e+01 4.706219528516400885e+01 5.076321795177589991e+01 3.985836183828182300e+01 2.013752767937464583e+01 3.985836183828182300e+01 4.225908378872575355e+01 5.653229205684693426e+01 7.668464681885190259e+01 7.703431714406796971e+01 5.664407670573115894e+01 4.991598383596042510e+01 2.974986594495045367e+01 4.991598383596042510e+01 3.819566089619313942e+01 4.462786245652589656e+01 5.192397706732736395e+01 6.222421210941658387e+01 8.252764093932418632e+01 6.975269586189305926e+01 4.920222493287035803e+01 3.901204365859710066e+01 5.655366986631776172e+01 4.629074347904107611e+01 5.404825528421833525e+01 7.457636306088971878e+01
1.813270376062421294e-02 2.001813270376026921e+01 2.960058204855602071e+01 3.494580688667470270e+01 4.097603377835775973e+01 4.804710159021653482e+01 5.633137282118076428e+01 6.188015253553869144e+01 4.769370676054656144e+01 4.049679437524488890e+01 6.059818012486119443e+01 6.489861637658410132e+01 4.490814421269520551e+01 3.079287531019190283e+01 3.780192823401068125e+01 1.820948205949975218e+01 2.597489210090708411e+01 4.005101084143939261e+01 6.023034295100894298e+01 7.970900691347046063e+01 7.109787281658952907e+01 5.065711832883812349e+01 3.624807552880270833e+01 2.754765972031574250e+01 3.142419386969944028e+01 5.163876785667121538e+01 5.114203978662744277e+01 7.158831589810259288e+01 8.074562808280539628e+01 9.087546287875022699e+01 7.813676481738853852e+01 6.790471656157322400e+01 5.655286048353249839e+01 3.618332913047242982e+01 5.382540025272590611e+01 6.148769960149146385e+01 7.028860379011186410e+01
2.372884694381488524e-02 2.002372884672924869e+01 3.307297419038766861e+01 4.135724557411489855e+01 5.135724566091572996e+01 5.892457852004653773e+01 5.061279436856364811e+01 5.181377857810069543e+01 3.340811330379870725e+01 3.282906420059993025e+01 5.300057146968889299e+01 6.366715167281284948e+01 4.354304007571167290e+01 2.949406025039247581e+01 2.039055872462213870e+01 1.627209317870444494e+01 2.587472120454942015e+01 3.990647063630290603e+01 6.006248185081329183e+01 6.022405843610968645e+01 7.402559586142660919e+01 5.963028002984987097e+01 3.928831875540816299e+01 2.546848613552403506e+01 4.524634127005801076e+01 6.007069327119445745e+01 7.158831589810259288e+01 7.158831589810259288e+01 9.184619855932538712e+01 9.311666486788479347e+01 8.477254999432770433e+01 7.684915585534183435e+01 5.653159165224005278e+01 5.376910051745741015e+01 3.352890047315248268e+01 5.197168902268052193e+01 4.849789660876125907e+01
8.175220331382776484e-02 6.406307523650613511e+00 1.307297419031733909e+01 2.307297419031751673e+01 4.307297419067366917e+01 5.061279436856364100e+01 3.037805733473037861e+01 3.630467459641359795e+01 2.316384791504720653e+01 4.349163138256836447e+01 4.349668074945085294e+01 5.206074355235223550e+01 5.101311857206605538e+01 3.315109889358022599e+01 1.351585352598320178e+01 3.315370479128972647e+01 4.415529956855535687e+01 5.415399791591178769e+01 6.422732104819397136e+01 4.631109163945911433e+01 6.422732104819397136e+01 5.760617920543130310e+01 3.734359869540284649e+01 2.367455271344200085e+01 4.327837112245180862e+01 5.519723830228344497e+01 6.361939088867956116e+01 7.381943782071488158e+01 9.154575749467956314e+01 8.122763057912551687e+01 6.399453807142458572e+01 6.389534578905972495e+01 5.562324685623980969e+01 5.058662039376472563e+01 3.168013483544618580e+01 3.271530980658204868e+01 3.375574696444326861e+01
9.124702163186203252e-02 2.009124702163150644e+01 3.307297419043272413e+01 4.135724559424691904e+01 5.135724575164829986e+01 5.061279436856361968e+01 3.037805733473037861e+01 1.584347104156566211e+01 3.039803389663049771e+01 3.717300682914640930e+01 2.020605823767667175e+01 3.905294595735701080e+01 4.279183686988375968e+01 2.297865180814936537e+01 1.182839458282011691e+01 3.136592182729691203e+01 4.934021601000818436e+01 5.437356535887074926e+01 4.623871711024865050e+01 3.635633509300507882e+01 5.612108907054960838e+01 5.340697479155813454e+01 4.136490327780631304e+01 2.192769986092792323e+01 2.806537205586338146e+01 3.488326869954079967e+01 4.496934840446200354e+01 6.542512820011857855e+01 8.319103194859216899e+01 6.236168745015271497e+01 5.160296347897523361e+01 5.565119775020416881e+01 3.831924989379612612e+01 3.040839094200455150e+01 5.062984317767497089e+01 5.307252927233935225e+01 4.805056831500390757e+01
2.239863785106879432e-02 1.830969443208880065e+01 3.115482204386506382e+01 3.629740069197909236e+01 4.383626982701316877e+01 3.717336659228512019e+01 3.418451857794535442e+01 2.732213863404197696e+01 9.914521448837504636e+00 2.559577179134291214e+01 6.558192196583314981e+00 2.707202584439266957e+01 2.744582865416569462e+01 2.792000744589649486e+01 1.042770004161429931e+01 2.125119314516233615e+01 4.103440693766183500e+01 4.623871667282503495e+01 2.646358472925461314e+01 4.623871061567402307e+01 5.340464674726491268e+01 3.342202229106964495e+01 3.708819582506284718e+01 2.027164685511407427e+01 3.110133650786199766e+01 5.111594408264182476e+01 6.361939088867956116e+01 7.381943782071488158e+01 9.154575749467956314e+01 7.765489585750695767e+01 5.664000647461396909e+01 4.123394534323604432e+01 3.503602779638099918e+01 2.952220358880434148e+01 4.373757052693963487e+01 6.417514103397310521e+01 6.856987087875059217e+01
1.766589122093755945e-02 2.001766589121477224e+01 1.305193587261028121e+01 2.306096094036344013e+01 2.435715551691657765e+01 1.599801379679024471e+01 3.814675506590850862e+00 4.333729460696273073e+00 2.350459504951649592e+01 5.803829579775353409e+00 1.637629763231775826e+01 7.325866156984752742e+00 7.873675849119586623e+00 8.423967772497370277e+00 8.996805948028441691e+00 2.851737404882933191e+01 3.754546612883898149e+01 4.075396108604856238e+01 2.114315366643395677e+01 4.017707685052067035e+01 4.356122734257766638e+01 3.522665056545402251e+01 1.796055296872207663e+01 2.429309700203351952e+01 4.488264630214481343e+01 5.952649502160237205e+01 6.006398827177864064e+01 6.842111132667604068e+01 7.489853359526556176e+01 6.649818931113703968e+01 6.797078421864794961e+01 4.756888853939024386e+01 4.756888828702719252e+01 2.865721642791395496e+01 4.019875064333725589e+01 5.461681736617968852e+01 7.508834373524895511e+01
