MOVIE_S10_data/elevation_000755.asc
nrows	100
cellsize	150.0
xllcorner	0
ncols	100
yllcorner	0
NODATA_value	-9999
[rows 51 to 67 of 100, columns 0 to 36 of 100]
6.455108993161302877e-02 6.411810206238423016e-01 2.096300076203630169e+01 2.278265998270581516e+00 2.858975181484911143e+00 3.441096013214470339e+00 4.024304718472635933e+00 4.607933375631113826e+00 8.737797696109057100e+00 3.323712232497187102e+01 3.550941904516083980e+01 2.244712012519937261e+01 1.242774200500094928e+01 2.954064445895214774e+01 3.018167314933411305e+01 3.080263844612445823e+01 2.629129554396563861e+01 1.845735213968629651e+01 1.486927727900580720e+01 3.447085231522046911e+01 4.583229188770617668e+01 4.993705222040385650e+01 5.151249446172857205e+01 3.097178907998817010e+01 3.859997005629136879e+01 2.156997267968431942e+01 4.232461866534512751e+01 4.980917949071331208e+01 4.264913096117226843e+01 2.392306289960747989e+01 3.855974131988927667e+01 5.446941317655235082e+01 6.857187554061339085e+01 7.272999003035276644e+01 8.099873613345218359e+01 8.302082155392800189e+01 7.474299453747198640e+01
3.995603441288197999e-02 1.776851222896964799e+01 3.184672814060581558e+01 2.597134706004123217e+01 1.283672633569732646e+01 1.475198576203771061e+01 2.372463972506837138e+01 2.441048091326675618e+01 5.440094012810116730e+00 2.523775465592178335e+01 2.312408669008205564e+01 8.510166400959995769e+00 9.099136712455063503e+00 9.691337477462043992e+00 1.028796854870642541e+01 1.088456550166736925e+01 1.148370504824223737e+01 1.208856671468412891e+01 1.270080402375373119e+01 3.017893862845195940e+01 3.624004467554121334e+01 2.942979724081767756e+01 4.111754701991642236e+01 3.005836092320773645e+01 1.793608255631223614e+01 3.842477540549418080e+01 4.014206977891976180e+01 2.156595277243225084e+01 2.219835876874903846e+01 4.264913096117202684e+01 5.269213054824754749e+01 6.682451977751318850e+01 7.485709384000597311e+01 8.304759133019473438e+01 8.293890063334873730e+01 7.477809574747350041e+01 7.041092844808477480e+01
4.804567899273937126e-02 2.004804567899238421e+01 3.838333409042563460e+01 4.358595705968847511e+01 2.766262177527928756e+01 2.839348691724940821e+01 3.525873884306590611e+01 1.772812433936256937e+01 6.027676532555017452e+00 2.582278247168094865e+01 7.673898356603406690e+00 2.749637116443929230e+01 2.905564435945999691e+01 1.331520142265483919e+01 3.018090113256125662e+01 3.080258640502191980e+01 1.882946548920639529e+01 3.400678239315458740e+01 3.291340158579362907e+01 1.361520483822798155e+01 1.426728748242258149e+01 1.495754733788399449e+01 3.194625232274679050e+01 1.693645453011966140e+01 3.519056399757736386e+01 1.898467197014485919e+01 1.972903138287508185e+01 2.056031013893386472e+01 4.091472151291422676e+01 5.055696642009937136e+01 6.305796588339993747e+01 6.095389111479350674e+01 5.519499598558795128e+01 7.485709384000597311e+01 7.163072893836927335e+01 5.511478792226358081e+01 5.073661049259450806e+01
9.707512844716031930e-02 1.009707513147899149e+01 2.423921449910337600e+01 4.423968127321955990e+01 4.936857256852644582e+01 4.753189928957144872e+01 4.075772133846435707e+01 2.770363711345099134e+01 6.959326708259315986e+00 6.846403679819503374e+00 2.665318779804981020e+01 3.577555197854904634e+01 1.946405511092780927e+01 3.330492675480983422e+01 2.532788788033293415e+01 4.487855811378421578e+01 2.750204176540999512e+01 4.539355990944621055e+01 4.067176657557688912e+01 2.505535463954128517e+01 1.637832391211683358e+01 3.511080966223990174e+01 1.594031295257440917e+01 3.650907066532503364e+01 4.395912734577824921e+01 3.348388363595284289e+01 4.014208533318689121e+01 4.064918842465392856e+01 2.193159519385426393e+01 4.227720953071113996e+01 4.355325276221547881e+01 4.113532880415274917e+01 6.095389111479350674e+01 6.586513133856973923e+01 5.764913062439575953e+01 4.376459568212828799e+01 6.345571614803547789e+01
5.001202446392439237e-03 2.000500120244603863e+01 3.589635756686355705e+01 4.484062947686287259e+01 5.638763486065558794e+01 4.745742668724992797e+01 2.747095014401417146e+01 1.330456402270518090e+01 2.774406421955908186e+01 1.819756438779388574e+01 3.417624988360206117e+01 4.395988602852337834e+01 2.393765868136242503e+01 4.395989750990776912e+01 3.705197448921690295e+01 5.380366653331090276e+01 4.094633481576681788e+01 5.517830201673529444e+01 5.057862274865080821e+01 3.803126851886134574e+01 1.851165078581088963e+01 3.818886164210790213e+01 3.716783800693625039e+01 2.292477677288725602e+01 4.447130149272665278e+01 5.362808909074987440e+01 5.591231977448081381e+01 3.500856330382804060e+01 4.134658029424537773e+01 2.326110402313090475e+01 3.017898355883688666e+01 5.039169611779426106e+01 6.045143892225490845e+01 5.224786857169962673e+01 3.779716110993322786e+01 5.764913062439575953e+01 7.168724049210014471e+01
5.279685921607564503e-02 7.612086319400653167e+00 1.655635822939996871e+01 2.810336361319268761e+01 4.810336361319339460e+01 4.912736534073960826e+01 2.913186129747019848e+01 1.761356053151878598e+01 3.757614382177180801e+01 3.780628546754117281e+01 4.580791191083601177e+01 4.881771829035769628e+01 2.878840928000641242e+01 4.881771829035769628e+01 5.709224170304482016e+01 6.537113012766278075e+01 6.105680638454379761e+01 6.559777366610711624e+01 5.170289643398604085e+01 4.034059575750917759e+01 2.069807308515042621e+01 3.027496224302786132e+01 4.994440063023741772e+01 4.447132862551186605e+01 3.086727167390350601e+01 5.273746618494705274e+01 6.448806831931230477e+01 4.973852953944832933e+01 5.176841689277109992e+01 4.365697863318261795e+01 2.464282336094169423e+01 4.506086497743124397e+01 4.759814610070163354e+01 3.213571368722240607e+01 3.984679530640576672e+01 4.773000440235601616e+01 5.816336086401960870e+01
5.738623160518319517e-05 2.000005738623125140e+01 3.588888125470124635e+01 4.483315316470056189e+01 5.638015854849328434e+01 5.741493241993595831e+01 4.586841698512145626e+01 2.913186129747019848e+01 2.542895266182353353e+01 4.542672876602841114e+01 6.313903350521416513e+01 5.711155862953492601e+01 4.033896879309518368e+01 3.773167914140683621e+01 5.778651072631035390e+01 7.182425741915939454e+01 6.190242135729560857e+01 5.359854660495800260e+01 3.779144253885385751e+01 2.400494698939570171e+01 4.034059575750917759e+01 3.484191413461644515e+01 5.381830503577511138e+01 6.007207325543613052e+01 3.806825204396887585e+01 4.875495874507005567e+01 7.045759218923754474e+01 7.038581962551646143e+01 6.017167458746556719e+01 4.756849815904777046e+01 2.709907791863050619e+01 2.615193716472487040e+01 2.723337147834524430e+01 4.760307193838273321e+01 5.734539724441105335e+01 6.681235305770263722e+01 7.498037693584967656e+01
4.532054705376769438e-02 7.604610007238345126e+00 1.654888191723766155e+01 2.809588730103038046e+01 4.809588730103108389e+01 5.862636276060513296e+01 5.741493241993595831e+01 4.912736534073960826e+01 3.957077145442280397e+01 3.486091299251523878e+01 5.484938468607698070e+01 6.868293394967652432e+01 6.039990549594286051e+01 4.480852310597329335e+01 6.488440784492735247e+01 6.343616644020652728e+01 4.376188947326736667e+01 3.428782282307430052e+01 2.744045764948802812e+01 4.350371746371470749e+01 5.170436349493443373e+01 5.418545646946844130e+01 6.246119442217964490e+01 6.834962376079154467e+01 4.644928365884415911e+01 6.834962376079154467e+01 7.905255651498360692e+01 6.488580434558285503e+01 5.193695765865125225e+01 3.121553483123173578e+01 4.756849815904777046e+01 4.654552875990836469e+01 4.760307150062324411e+01 2.887019448257942145e+01 4.916968265194927312e+01 5.898799356383050707e+01 7.156477650464059082e+01
9.001595176218035732e-02 2.009001595176182420e+01 2.849104612094138744e+01 3.307936079835222642e+01 3.862636276060442242e+01 3.862636276060442952e+01 5.357730067473458746e+01 6.252157258473342694e+01 5.956426032838456308e+01 4.899048837823787039e+01 4.899048837823787039e+01 6.899401161299981311e+01 7.316277731648072802e+01 5.483763785170328475e+01 7.316277731648072802e+01 7.183147530489813448e+01 6.190519365152929510e+01 5.233342879651553403e+01 3.306536677747831732e+01 3.142752006421506294e+01 5.065586967871767854e+01 6.297762021720834014e+01 7.289842782307438540e+01 7.695900123518731561e+01 6.212940071020399557e+01 7.695900123518714508e+01 6.988815422457460613e+01 5.667215334994696718e+01 3.640247824383381214e+01 4.194802114413522531e+01 6.017167458747833564e+01 6.397973046093004967e+01 4.498495538137036931e+01 4.918584316544438195e+01 3.053871977682534578e+01 4.875547333160208296e+01 5.570593000041708365e+01
5.674351268809080251e-02 4.227031793829569395e+00 8.491046120941742714e+00 1.307936079835293874e+01 1.862636276060513296e+01 2.529302942727168357e+01 3.423730133727052305e+01 4.837943696100097668e+01 6.837943696099955559e+01 6.899401161299981311e+01 6.899401161299981311e+01 7.728757863219037461e+01 8.318512888672525207e+01 7.493117783815125676e+01 8.318512888672525207e+01 7.370846378038937985e+01 5.367765141801161377e+01 4.252318872214713252e+01 4.654694289986417033e+01 5.065594734464748683e+01 3.539076632645282672e+01 4.481274241874454844e+01 5.863596241861362302e+01 7.877363266563649802e+01 8.336657061050560458e+01 7.532723461840554080e+01 6.168529892106116108e+01 4.200507960517367678e+01 4.584381889816778965e+01 5.476992357864494210e+01 6.935413257620008665e+01 7.206263904017356481e+01 5.969329055477604840e+01 4.059449029710128798e+01 3.172951905441999187e+01 5.191164158786732941e+01 3.569963468522499284e+01
9.518805923843161321e-02 2.009518805923807605e+01 2.849104612094138744e+01 3.307936079835222642e+01 2.940929241690717078e+01 4.529302942727097303e+01 5.357730067473458746e+01 6.252157258473342694e+01 6.910243735153666478e+01 7.757718984160045750e+01 7.693188540109775886e+01 6.871125798651398497e+01 6.980988200835005841e+01 7.802787414096724206e+01 9.208142197287490660e+01 8.214441687981457108e+01 7.052290854588383695e+01 5.367765141801161377e+01 6.630324152669193438e+01 5.793230421404659580e+01 3.862802076362756054e+01 4.548986814289605718e+01 5.940607380813789007e+01 7.978547216656710361e+01 8.105468677957152579e+01 6.131096493649761925e+01 4.759325755465472696e+01 6.168529892106116108e+01 5.941881223483778030e+01 7.229379700101243600e+01 8.111902327482349051e+01 7.889106834711672889e+01 5.871910885457525353e+01 5.733145711400746336e+01 4.983484963291616765e+01 3.343577182112333901e+01 5.356121342720754086e+01
9.062254805971975413e-02 2.009062254805936476e+01 3.608060413257968690e+01 4.612437034512695533e+01 4.940929241690646023e+01 5.769356366436806383e+01 6.576715825286997585e+01 5.740273409612385080e+01 4.891683654709927964e+01 6.587664960503006739e+01 6.541708582354077350e+01 4.872648757236124339e+01 4.982928908986572480e+01 6.397428755107820564e+01 8.215892646970003454e+01 9.034832352140934120e+01 8.214441688131788055e+01 7.370846378038970670e+01 6.298270599402908232e+01 4.342498408705321822e+01 5.793230421404659580e+01 6.532075689581155586e+01 6.162942220939777371e+01 8.201963757644448094e+01 7.546734539518607221e+01 5.582956377829496830e+01 6.131096493649761925e+01 5.670240823845955447e+01 7.636084148038578689e+01 8.883494758103384470e+01 8.274117443172507080e+01 7.446644950634907900e+01 6.377400621214022891e+01 4.811197781032380760e+01 3.603868854464512594e+01 4.643037131923297522e+01 6.148766432145299632e+01
3.063233560239582431e-02 7.612086714004779431e+00 1.771630955494915227e+01 3.200159000061392334e+01 5.200044733580271838e+01 5.768105079530037216e+01 5.416516153393022392e+01 3.734818629402305135e+01 3.734919394670196624e+01 5.743424410335401831e+01 5.114345174756466861e+01 3.711827017295100006e+01 5.717304542549263147e+01 5.513295674692771087e+01 6.221941982553479278e+01 7.375492373580998162e+01 9.363900769766777898e+01 8.181397327680500098e+01 6.159811002730753415e+01 4.774424472212486137e+01 5.243811185370172723e+01 5.982478200716329297e+01 8.000152910079034996e+01 9.045527317863714245e+01 8.206980403331611740e+01 6.226242811892259255e+01 8.105468677956879731e+01 6.402045458206274020e+01 8.385917176598617573e+01 8.854881029963726746e+01 6.863334467553781337e+01 5.488796809062032622e+01 4.862151111441028206e+01 4.328081150343100347e+01 3.788662765797138121e+01 5.640016140134440548e+01 7.171387227491457850e+01
5.666595628964066211e-02 2.005666595628928661e+01 3.479970452907944889e+01 3.778219305700530839e+01 4.615198821800345996e+01 3.764249888581846193e+01 3.764249888906699226e+01 2.579897454726625483e+01 4.582423552410447343e+01 5.114345171958138536e+01 3.109655447814929019e+01 5.114345157039565493e+01 4.560051783704078332e+01 6.569233311192674307e+01 8.215892646970003454e+01 9.034832352140934120e+01 1.017960759930735009e+02 8.689972227022704487e+01 6.655501777514767525e+01 5.253474583894493577e+01 7.238119234845306949e+01 8.000152910079034996e+01 7.402110292023962757e+01 9.443955509464663578e+01 9.036825431059736502e+01 7.362543770364946738e+01 7.839979584128879253e+01 7.386759234008231090e+01 9.216035164113584699e+01 8.854881029963726746e+01 6.863334467553781337e+01 6.794028903443945921e+01 6.794028903430363187e+01 5.950607644208677272e+01 3.984219738498972418e+01 5.378484359336611931e+01 7.335927961745512960e+01
2.110006612196471329e-02 2.002110006612160831e+01 2.125162054284029978e+01 1.779359503183592750e+01 3.786454639492222185e+01 3.077678719328553214e+01 1.763658109118992812e+01 3.764249888906699226e+01 5.015688322198698756e+01 4.188211542595484360e+01 2.718616126067470162e+01 4.722265221028367677e+01 6.308231240401470785e+01 6.224581205322120780e+01 6.778971721673835305e+01 7.412138431800984506e+01 8.242201698082367045e+01 9.139224086000227487e+01 8.097516652529002101e+01 6.393271227657990607e+01 6.180371691308224769e+01 8.206519713509848657e+01 9.443955509464663578e+01 1.028080412805770010e+02 1.019190891407906037e+02 9.360502295850261589e+01 9.252603324894789694e+01 8.797988624954659542e+01 1.021649939117938573e+02 9.684900418791220034e+01 8.854881029963726746e+01 8.776360599480729263e+01 7.519273689237923008e+01 5.565962331921595307e+01 4.181015292716968190e+01 5.565869125212270063e+01 7.515115846033883429e+01
9.367352646185668485e-02 1.854575335263920266e+00 3.622342225430020601e+00 2.362017927707238840e+01 2.806658846150609321e+01 1.077837469026634132e+01 3.077567688830166759e+01 3.599300457808933373e+01 3.825684155179474999e+01 2.188120621721514070e+01 2.556309218810958583e+01 3.954855074437388396e+01 5.389710656921951681e+01 4.226836523216387320e+01 4.780088046640364752e+01 5.409889489203703050e+01 6.302590228412078943e+01 8.309781784420911777e+01 9.273272074984555502e+01 8.423588736080138517e+01 7.340565530889563206e+01 7.605761949927834564e+01 9.656877254050462511e+01 1.081896047685315381e+02 9.989677503953352300e+01 1.081896047685315381e+02 1.125791932863090636e+02 1.080242729585562103e+02 1.040729976870409672e+02 9.516772778107348074e+01 8.688540035440617260e+01 8.065013846374048967e+01 7.521070394015195859e+01 6.329296882043066574e+01 4.379785994813710914e+01 6.328529257950831521e+01 5.772146072432079933e+01
3.648181865326004941e-02 2.003648181865290567e+01 2.362017915116470235e+01 6.204325973125354388e+00 8.069323917338580898e+00 2.805868625789237569e+01 1.377615449979766638e+01 1.599790632963530612e+01 1.826168808878011163e+01 2.458254771951380491e+01 4.452070316958239005e+01 3.097962311615284037e+01 3.497344437621735125e+01 5.495107489847033122e+01 6.778971545162228551e+01 7.412138431800984506e+01 8.242201698082367045e+01 8.309781784420913198e+01 1.031436459938574473e+02 1.023962534703204739e+02 9.389435125482549438e+01 9.656877254050462511e+01 1.050641631635095763e+02 9.818908287113400490e+01 7.990385737231383700e+01 9.075435540909555243e+01 9.904268411876429923e+01 1.098846005387640190e+02 8.991366683074818411e+01 7.591206160563028504e+01 6.716777097225484283e+01 6.105447228416019811e+01 5.571558035886040017e+01 5.072551575152321846e+01 4.783397891083251352e+01 4.738558459404045209e+01 6.680584779696576447e+01
