MOVIE_S10_data/elevation_000334.asc
nrows	100
cellsize	150.0
xllcorner	0
ncols	100
yllcorner	0
NODATA_value	-9999
[rows 51 to 67 of 100, columns 37 to 73 of 100]
4.534053208789492828e+01 4.551004224095689921e+01 5.649128187213649710e+01 6.480415128283061676e+01 6.768282714233592401e+01 5.148217183892901261e+01 7.163515182181750163e+01 7.030755852961362962e+01 8.826697204831707211e+01 9.808930146048746224e+01 1.118881985245593285e+02 1.072225864132998510e+02 1.149532191740764659e+02 1.171590876374353769e+02 9.718803145181352932e+01 8.556527118862783254e+01 7.798233426899125220e+01 7.133761318247388772e+01 8.518194956047913990e+01 6.666098045371745684e+01 8.664857452230398849e+01 8.895559564772075589e+01 9.707633461131236174e+01 9.795126064303642011e+01 9.026560023450971926e+01 9.846722446037558996e+01 1.018687916323371780e+02 8.826269562680795389e+01 1.019715937006786106e+02 1.043606967798888263e+02 9.866204451087969574e+01 9.096920800003785246e+01 7.419228879217538974e+01 9.096920800003785246e+01 9.987642987948549944e+01 9.985702714186687956e+01 8.572013844288863993e+01
5.442307199746900181e+01 5.138179243884708569e+01 7.143132110369019472e+01 8.278945722032526078e+01 7.649712916358342341e+01 5.645068303412266175e+01 5.652528825288209191e+01 6.020369881451904348e+01 7.030755852961362962e+01 8.429040439640067461e+01 9.814852938287168627e+01 1.062353142108544262e+02 1.149326696146987672e+02 1.253469961736593632e+02 1.138511695614043617e+02 1.056287931961168169e+02 9.804549474277496302e+01 8.518194956047913990e+01 6.520528866382099409e+01 6.114659696256768484e+01 7.752109006212258180e+01 6.762320548130512066e+01 8.713232581741877425e+01 8.904167965674413665e+01 7.232608629070884376e+01 8.903989652176916536e+01 8.932747918520881569e+01 7.467244666070516246e+01 9.315893697515538463e+01 8.445250694255067003e+01 7.860957735359427545e+01 8.265552109103373368e+01 6.267308680657525599e+01 7.143229097802681338e+01 9.147776687253136174e+01 9.157648206800881496e+01 7.158850631000314024e+01
7.446898847676138189e+01 5.859992330876954014e+01 7.155338308178585294e+01 9.134961873131007337e+01 8.163693671023204956e+01 6.173054767935106213e+01 7.656975988782266995e+01 8.015270789756358738e+01 6.663340151578960047e+01 7.202037698585083092e+01 7.865823572603490277e+01 8.742968863506885668e+01 1.011271744530435939e+02 1.205646546426534798e+02 1.221501676521767905e+02 1.023507501883590436e+02 8.833436835822955402e+01 7.683601488021817261e+01 6.688500990114691547e+01 7.752109007874581437e+01 5.757586045875140002e+01 7.471141050531291228e+01 9.043187984294097248e+01 8.122015434681836155e+01 6.318356730713079372e+01 8.121517863938133530e+01 7.004893116527431118e+01 6.606606128633551123e+01 8.534175446327627412e+01 8.447957334276998154e+01 6.449384914153014847e+01 7.293960144435533266e+01 5.517015344393587384e+01 7.510341747572475413e+01 8.498741130150024503e+01 7.670153546206827855e+01 7.893610468784054035e+01
7.502327962060101640e+01 7.028217914732518068e+01 8.677048923537671499e+01 9.549754113607870920e+01 7.589568637435775145e+01 6.848772292207993928e+01 8.821154360430807628e+01 9.449762492004039416e+01 7.662989808709058082e+01 9.165176338811036771e+01 8.808258124901620079e+01 1.062353142108557051e+02 1.149326696147033147e+02 1.278885410258469193e+02 1.196550430826668503e+02 1.088643648747693078e+02 9.340254045956694995e+01 7.351289580460868933e+01 8.677270839802720559e+01 7.515545095475783910e+01 5.522337923407717852e+01 7.515454704686726473e+01 8.218738915180273352e+01 7.518383318210325683e+01 5.674629886128394674e+01 6.810826921852061844e+01 5.632512597898210771e+01 7.005016603864565639e+01 8.936422662128262573e+01 8.707641457985441491e+01 6.708394171489746327e+01 5.303076665538154089e+01 4.946979318361080402e+01 6.934876665183342936e+01 7.347033164476884792e+01 5.677644281555111405e+01 7.347033164476751210e+01
9.472092815997817183e+01 9.005194526527500898e+01 9.814574054028953753e+01 1.035951833582959978e+02 9.549754113607870920e+01 7.996745694922491055e+01 8.250215123948380835e+01 1.019952360843761312e+02 9.048788420550826572e+01 1.042698092150146039e+02 1.075328027061348308e+02 1.156531559931221693e+02 1.311005636227870070e+02 1.112763405282257878e+02 9.989699215104529628e+01 1.006545914185718402e+02 8.079403117748854868e+01 9.340254045956694995e+01 8.699081418225094353e+01 6.698379784854354568e+01 5.292927472716466042e+01 6.962660086025310591e+01 6.220884386781865061e+01 6.623197000200350715e+01 5.083929509814650771e+01 4.862921588728594458e+01 6.810826921851428040e+01 7.455895458811558285e+01 7.455895458811625076e+01 9.459374765490426284e+01 7.553885715287472635e+01 5.561457462710057342e+01 4.420565873887654362e+01 5.873553815354512864e+01 5.552211691860392051e+01 4.535183933641154397e+01 6.519769108107657019e+01
1.040166650261225811e+02 9.819238150994861769e+01 8.996894587097045815e+01 9.819238150994861769e+01 1.075696705197434682e+02 9.947317540615200926e+01 1.019952360843761312e+02 1.101000767936377116e+02 1.099226995709334886e+02 1.084091999250352245e+02 1.165879072606210514e+02 1.264686619213139096e+02 1.393492640701656171e+02 1.278885410258469193e+02 1.090939206231586809e+02 8.930193927139268339e+01 1.006545850707427405e+02 9.674521113069654632e+01 8.778553211425825964e+01 7.948346124900777454e+01 6.963307349257773637e+01 4.976736162823178233e+01 4.822390642496027624e+01 4.670553229663980233e+01 4.519730336090569267e+01 4.374208046238219794e+01 6.138546975601732925e+01 5.436387611984743273e+01 7.441621908093624427e+01 8.416917415213490017e+01 8.383830235430943389e+01 7.021324899548510245e+01 5.033327066266085836e+01 3.892739256547903182e+01 3.569001234696371228e+01 3.786765945899900032e+01 5.769667622438290522e+01
9.404988526820896766e+01 8.820269031502813561e+01 6.993726796639758447e+01 8.683665077453035508e+01 9.506937353031401017e+01 9.317750161437182044e+01 1.013927604147107786e+02 1.033264998807696742e+02 9.773779304624012809e+01 8.844482573738689268e+01 9.852166747358248244e+01 1.182967323765043801e+02 1.282622573563817809e+02 1.199872163113573151e+02 1.173087300066708707e+02 1.090939206231586809e+02 1.026343960096017440e+02 8.256038442595846050e+01 6.841276149048975697e+01 5.951443599175451737e+01 5.290879316202140359e+01 6.963307345724589936e+01 6.220860404634780139e+01 6.650751954401472688e+01 6.563075524555843288e+01 6.138546975619588864e+01 4.176689289845590025e+01 5.976716843514054744e+01 5.791575270185795432e+01 6.853090346564391666e+01 8.697586166440993338e+01 7.850145019821913195e+01 5.873554256802296436e+01 5.033327066266085836e+01 5.108738501997657977e+01 3.117480370047575988e+01 4.714400226762879953e+01
8.581639306530408362e+01 7.995310691868397157e+01 5.988932804771344820e+01 6.679696181892791174e+01 7.836031746989931435e+01 7.314828087073775009e+01 8.521302231280853334e+01 8.326135504682362409e+01 7.757019396393188515e+01 9.190643164659721265e+01 1.118159448243570466e+02 1.264686618968625567e+02 1.199872163113203811e+02 9.992311014849867945e+01 1.057997507851384000e+02 1.002086376895027371e+02 9.516998076886872582e+01 9.674516549892278761e+01 8.778557292236436638e+01 7.525014074948641962e+01 5.530233998882697932e+01 7.525014040345622846e+01 8.217566596950882740e+01 7.543381296084005783e+01 6.733249287278621864e+01 6.001488096934708238e+01 4.039978925801035103e+01 4.692296564823545424e+01 6.722098184150158318e+01 8.416917415239319666e+01 9.496195325549352617e+01 8.695941583646640538e+01 7.850145019824330461e+01 7.021324899548510245e+01 5.840287828709887918e+01 4.714262052545164039e+01 2.709409850724612312e+01
7.684398916094870913e+01 6.856963817340455591e+01 5.226161433851513038e+01 5.519559006151258984e+01 5.831158548111092443e+01 6.155888727061793020e+01 6.513573357989874069e+01 6.891203839048968405e+01 8.326135504682362409e+01 1.033264998807696742e+02 1.132399738011784081e+02 1.230884242946869591e+02 1.199872163110658647e+02 9.992311014849867945e+01 8.564070583193668540e+01 8.005401000696072344e+01 7.505082727065585857e+01 8.846359628316349699e+01 8.408775349760558981e+01 7.773133800495099877e+01 5.776152478995194883e+01 7.773133813674840553e+01 8.117324337652793531e+01 6.159946741950231086e+01 4.772613703154824805e+01 5.677721719193507965e+01 3.907422746828381577e+01 5.873359156078825549e+01 7.443472195104831712e+01 9.103800133394938143e+01 9.919322388392056666e+01 8.816715972065436802e+01 7.665904454027300119e+01 6.776619899046508522e+01 5.017162885664730254e+01 3.021512123937197813e+01 2.423838059860764105e+01
6.492011740303948386e+01 4.841450094920239877e+01 6.856963817340455591e+01 6.940301581271218367e+01 7.249895328228684832e+01 7.325020395339215895e+01 8.521302231280853334e+01 8.248721185033771519e+01 7.798809434941794905e+01 8.518277389431860058e+01 9.523279978212744368e+01 1.149152114812767422e+02 1.199872163116003918e+02 9.992311014849867945e+01 1.057997507850072054e+02 1.002086376895027371e+02 8.846359629509294109e+01 6.841096641440599058e+01 6.407396006552576750e+01 6.139163321012790675e+01 7.773133791374225154e+01 8.603668410202990913e+01 8.689775181605946841e+01 6.733249321023178879e+01 5.686089876780807373e+01 3.725731142402992191e+01 5.686053009958558846e+01 4.825723298781557702e+01 6.755865056901799903e+01 7.182726483039989773e+01 9.103750464273197451e+01 7.989426293426912196e+01 5.999551639048637242e+01 4.855162785560199978e+01 3.968291365744379107e+01 4.263878462853234907e+01 2.239937014992166908e+01
4.474346410016267583e+01 6.492011740303948386e+01 7.684398916095125287e+01 8.942299159972198197e+01 9.251090238564110280e+01 9.369413676431281601e+01 1.015931298945845214e+02 1.000991968135136574e+02 9.804101384289070609e+01 1.050740056317020787e+02 1.132399738011784081e+02 1.230884242946869591e+02 1.282622575572670485e+02 1.199872163116054651e+02 1.131303423843846332e+02 1.030754915072405566e+02 8.918310945759020569e+01 6.912267365729174173e+01 8.408775372318372376e+01 7.290303995993451736e+01 8.956610516712926540e+01 8.070213481062259575e+01 7.269164436688048170e+01 6.604991508166193626e+01 5.559608701661730379e+01 3.600842802393947295e+01 5.372911315737877658e+01 6.265942967229927518e+01 5.847619061635155902e+01 7.182736491692142522e+01 9.104692758821119014e+01 8.241725546417158910e+01 7.414009979059308364e+01 6.776619899046508522e+01 5.952583296620856146e+01 5.089898224092102197e+01 4.013430307143092790e+01
4.449558143902106622e+01 6.481573943786706593e+01 7.741326083696280591e+01 8.863478480472069521e+01 9.682442378612400091e+01 9.615609971355793562e+01 1.043330122689205695e+02 1.053969136506059670e+02 1.135809817845428711e+02 1.146328448052099702e+02 1.228292616363615792e+02 1.378487873585667103e+02 1.295790013486572434e+02 1.190269830525622012e+02 9.895599654812708934e+01 8.469092941518256623e+01 7.464496335168111329e+01 8.918310945759020569e+01 8.918310945759020569e+01 8.709325256128552439e+01 8.305264752554879237e+01 6.453240610150169232e+01 5.395629377611814448e+01 4.712717074864932698e+01 4.095105626192182768e+01 5.067784833127339539e+01 3.423001292043041133e+01 5.037316411041230424e+01 7.394183375252777068e+01 7.341661486008983672e+01 8.168977628267546720e+01 7.090772760625334570e+01 5.422478503192348143e+01 6.264198610173366433e+01 7.090769318116593922e+01 5.850901500227807617e+01 4.543364645070385421e+01
6.481573943786706593e+01 4.882754240449646943e+01 6.914811928954377152e+01 6.866578111855027089e+01 8.077985747637906400e+01 7.632802657613791553e+01 8.928064939645523168e+01 8.565860165934331860e+01 1.007309837882212378e+02 9.497264441275862623e+01 1.146328448052099702e+02 1.295790013486572434e+02 1.095799504473963282e+02 1.154375368390808063e+02 1.014813133232758986e+02 8.132574606145902862e+01 9.476279090267023264e+01 1.030754915072405566e+02 1.092847176130110967e+02 1.071961637912892371e+02 9.097907397155158549e+01 8.070213169181964474e+01 7.261490966465242991e+01 6.537883771618461992e+01 5.214327997357078459e+01 3.238153578477754735e+01 5.045805996058986409e+01 5.869061534902588306e+01 5.935972165927987021e+01 5.353716616096859582e+01 7.341661498377185069e+01 6.264198745367905730e+01 4.272745757572035075e+01 4.272745757566654845e+01 5.939741712792881856e+01 5.018235169758933267e+01 3.012854458397096025e+01
7.739988350757883495e+01 6.914811928954377152e+01 5.346999488051496741e+01 5.689899313295071437e+01 6.065553207674686576e+01 6.467686393363683806e+01 6.935048606738691035e+01 7.495282297600576271e+01 8.099251326293158115e+01 9.242280978840985028e+01 1.120801605310249300e+02 1.295790013486572434e+02 1.095799504473963282e+02 9.534474125902247010e+01 8.924325783136715984e+01 9.559625173087954408e+01 1.097829091783311810e+02 1.028932073600308996e+02 9.460872670768452508e+01 1.028932073600308996e+02 9.625566426177994117e+01 7.984048368473536073e+01 5.971209818611764319e+01 4.537612709292155699e+01 3.974375569818612064e+01 5.014937550969634827e+01 3.045002012506384759e+01 4.876730853192132287e+01 3.954313749319583593e+01 5.935971430005970717e+01 6.405275169248626810e+01 5.148490538639642722e+01 4.323118315746634721e+01 3.121941435588271574e+01 5.114360235213794681e+01 4.832905494403933488e+01 3.922095278270305130e+01
8.097039884643781704e+01 8.197823225618026299e+01 7.373789481470967644e+01 7.126702844711769558e+01 7.496057452505743868e+01 7.632802657613791553e+01 8.928064939645523168e+01 9.477961100023257757e+01 1.007309837882212378e+02 1.089009530245600246e+02 1.202691902392025440e+02 1.354255567157333076e+02 1.154375368390808063e+02 1.154375368390808063e+02 1.093793310274113253e+02 1.156891088350398462e+02 9.947477177671731852e+01 9.119027918191527249e+01 7.459933902255582439e+01 9.288981427631698295e+01 8.796770493281674419e+01 6.789372733234269219e+01 5.622841739541585326e+01 6.560755710575307376e+01 5.973238038712074882e+01 5.858215186098271232e+01 4.876730868760239446e+01 2.843189428679793096e+01 4.709027654942750019e+01 5.530245559510238706e+01 4.415217783981957922e+01 4.323117760557546774e+01 2.302701683603977756e+01 3.067230592801288580e+01 4.167143664330908592e+01 4.012397231035243550e+01 1.987856843671063700e+01
8.064310538327899280e+01 7.242378600895021634e+01 8.067239743917244255e+01 9.120141520962783943e+01 9.482884930074636998e+01 9.615609971355793562e+01 1.043330122689152688e+02 1.044249580689128862e+02 9.933023299711051379e+01 1.062621714095602385e+02 1.144186488516524065e+02 1.257563962032663767e+02 1.139658620007903522e+02 1.056845341750888139e+02 1.139658620007903522e+02 1.052629646436565736e+02 9.119027918191527249e+01 7.119200310958021305e+01 6.461625399837650718e+01 8.460403286512018894e+01 9.170921413014895052e+01 8.467695199609330814e+01 7.637798856147657034e+01 8.467380279252144248e+01 7.685192265244813825e+01 5.696079341581407363e+01 4.295843167638630433e+01 4.709018173077261338e+01 2.680737316928983205e+01 4.569195439199435071e+01 4.415219229863820516e+01 2.398023555444039800e+01 4.231527888355564215e+01 2.208815703712075518e+01 2.143315791263958303e+01 2.078658167016165237e+01 2.369556162491874218e+01
6.337731084285854166e+01 5.219605193297996237e+01 6.656226074268363391e+01 8.657475980333610721e+01 1.062293703946681802e+02 1.093711374020272302e+02 9.867702976447920094e+01 8.477121329450274345e+01 7.964708556494905167e+01 8.665568877671719861e+01 9.798470035922099441e+01 1.175694071434139261e+02 1.039606844102496410e+02 8.566694631580230634e+01 1.039606844102496410e+02 9.698005497072577441e+01 7.697597888635712593e+01 7.704936255912642196e+01 5.710323685237385405e+01 7.704936255912642196e+01 7.172804855408327285e+01 8.583809753830585976e+01 7.912551820956021231e+01 7.095769224042943790e+01 7.095778909598480766e+01 7.103969711060089764e+01 5.575562482532565411e+01 4.632076625810624648e+01 2.646156720802208895e+01 2.562923164651779828e+01 2.494343752926595315e+01 4.012370144345608480e+01 4.650614965431778813e+01 2.385993318399656715e+01 4.167138140625770149e+01 3.518237378519616954e+01 4.769171579526562255e+01
