MOVIE_S10_data/elevation_000425.asc
nrows	100
cellsize	150.0
xllcorner	0
ncols	100
yllcorner	0
NODATA_value	-9999
[rows 0 to 16 of 100, columns 37 to 73 of 100]
1.100526925104722267e+02 1.017438667677129018e+02 9.914188447046362285e+01 1.074503334866003144e+02 1.006973186514218952e+02 9.247867859793123557e+01 1.006973186402540534e+02 1.032965137883847433e+02 1.088335509037132596e+02 1.100582383067799697e+02 1.017649960264723745e+02 1.075869580362149520e+02 1.110845525952450998e+02 1.154599642468065070e+02 1.072412689672290185e+02 1.121826372019954192e+02 1.176734773843686810e+02 1.239473009601878317e+02 1.321788018581652295e+02 1.436571245339899008e+02 1.405849795404437259e+02 1.306814375992793771e+02 1.224702218897095065e+02 1.258863721092999128e+02 1.258150851520296101e+02 1.200163203753172212e+02 1.200163203753172212e+02 1.282242129922919105e+02 1.368619330398996681e+02 1.310653350033290110e+02 1.206792865066008176e+02 1.089793639458620333e+02 1.005829828912184638e+02 9.345773228915220443e+01 8.711163663456379425e+01 9.051485770628174521e+01 9.888956181167490911e+01
1.017438663821912428e+02 8.168910815808894199e+01 7.908668757848926134e+01 9.344572266943508509e+01 9.075298899762256610e+01 7.257050693059068180e+01 9.075298896324244424e+01 8.350996672710135726e+01 8.926281892643432059e+01 9.847088957866344572e+01 8.186028348300810364e+01 8.779423927416894458e+01 9.130004254724251211e+01 1.008320324681963598e+02 8.748644462409286859e+01 9.241689114930561288e+01 9.787563758684507320e+01 1.041073000872924013e+02 1.155410911668581946e+02 1.354303970875652112e+02 1.323669103112731591e+02 1.125735334686087157e+02 1.026562136633981339e+02 1.060772237825509592e+02 1.059893850126945694e+02 1.001792381469657442e+02 1.001792381469657442e+02 1.200163203753172212e+02 1.170721973635389759e+02 1.112760499729845094e+02 1.122798300375634426e+02 9.202029486360115129e+01 8.042973012407044564e+01 7.338961520928417315e+01 6.713469293488171274e+01 7.049447387667447629e+01 8.729731570463997059e+01
9.974069814629145014e+01 7.914281787349023034e+01 6.747298880738671301e+01 7.346491430401891876e+01 8.252356111109892822e+01 6.251093903427440068e+01 7.789827779623837500e+01 6.938027719873267074e+01 8.305667034254119585e+01 8.577764034303503138e+01 7.030901198383497785e+01 7.372178533156169067e+01 7.727684384872868861e+01 8.105625378828821681e+01 1.008320324681963598e+02 1.121826372019954192e+02 1.176734773843686810e+02 1.239473009601878317e+02 1.202969793271198000e+02 1.401838610840780746e+02 1.405849793225366966e+02 1.233179994292347175e+02 1.035054709763721519e+02 9.208757899873130270e+01 1.043073640278738452e+02 8.609731104805894120e+01 1.059893850126943562e+02 1.167715857577992011e+02 1.164053581977485692e+02 9.723121849418987495e+01 1.164053241189508014e+02 1.089793639458620333e+02 1.005829828912184638e+02 9.166455858063025630e+01 7.895608371297839767e+01 5.913637373066517000e+01 7.895608371297839767e+01
1.078534664914364782e+02 9.584374970942926097e+01 7.931716592274575817e+01 5.925108468130726891e+01 7.219265975868684393e+01 5.540531620898700993e+01 5.784633535016855888e+01 6.035825892876261634e+01 6.303145319584869810e+01 6.578491177254564093e+01 7.292049193333465951e+01 8.048768789967381565e+01 9.709351717977556007e+01 1.008320324670892063e+02 9.356156943214877231e+01 1.075312691898967898e+02 1.273729015949487149e+02 1.345675809210097498e+02 1.401838610841251409e+02 1.351801669069477612e+02 1.268655640599352949e+02 1.315307124181082372e+02 1.196550172599424968e+02 9.802391955166626758e+01 8.436999548725779619e+01 7.982893080594421065e+01 8.873605613534559211e+01 1.027538209481428879e+02 1.081990418651386534e+02 8.832891816137109231e+01 1.081990418651386534e+02 1.091915567692638689e+02 8.898000473031267177e+01 7.482449247135804171e+01 6.340788006739076366e+01 5.471499228527942904e+01 6.883878707259644614e+01
9.888950493518120766e+01 9.548742020580920098e+01 8.600045809372267058e+01 6.633015391937814798e+01 5.218622591770409969e+01 7.219697069054396366e+01 7.789818020792812092e+01 8.040397689543908655e+01 8.305667034254119585e+01 8.577764034303503138e+01 8.213599908758389745e+01 1.002855355446649952e+02 9.302069632627008389e+01 1.127865746119756096e+02 1.133427487715034374e+02 1.215679562946399557e+02 1.288165908110321141e+02 1.148377530299807603e+02 1.288165908110321141e+02 1.236741497019131799e+02 1.070025766837054846e+02 1.236517598020923714e+02 1.299917061668691360e+02 1.125369136872508165e+02 1.017314949496644658e+02 8.218253889230953746e+01 7.473031640555380761e+01 9.017720259889868828e+01 9.380691415126129584e+01 8.205352033719249505e+01 1.019155568204619300e+02 1.094439876994519665e+02 9.781443536415922324e+01 8.885275863942841568e+01 8.051938173702687607e+01 6.883878707259472662e+01 4.930499449164525316e+01
9.080213656822724033e+01 9.032620396136894669e+01 7.272681582337183670e+01 7.016368375394046097e+01 5.019157531915233506e+01 6.732287133436815907e+01 6.732333769639012644e+01 8.726357558420723137e+01 8.903312735986021664e+01 9.723074537697794995e+01 1.019703341816360620e+02 1.101639294717934234e+02 1.127865746121900941e+02 1.127865746121900941e+02 1.325185119933361477e+02 1.291350491882035953e+02 1.199881181578408587e+02 1.008985089664380581e+02 1.199881181578408587e+02 1.153949768352547238e+02 9.552232328419118801e+01 1.153923416008836256e+02 1.260760858295922304e+02 1.083999971982507446e+02 9.570123970015771420e+01 1.017314949496661001e+02 9.017720259889868828e+01 7.036564053336418567e+01 7.397388694903648343e+01 8.541347676572881653e+01 1.052725628449725406e+02 1.010612918475130755e+02 8.095751854099218292e+01 6.947512525989201038e+01 6.068548303208403638e+01 5.569239339536266442e+01 6.292233078951845471e+01
9.275891606940849954e+01 8.375578250708882422e+01 7.636261267930034080e+01 5.715001180423289640e+01 6.456930123884318107e+01 4.741623370718324537e+01 6.732371081490465770e+01 7.338996281774026897e+01 6.911888886323731640e+01 8.210012199093540630e+01 8.694033041700278375e+01 9.227573884646515978e+01 9.980139696957159856e+01 1.080205918383029200e+02 1.179377443404308252e+02 1.209309927589739289e+02 1.011933087803294882e+02 9.204715689484105212e+01 1.113112395248814863e+02 1.083675786016674891e+02 8.847988555306545777e+01 1.083676402929133786e+02 1.221629601399132241e+02 1.221436617889001894e+02 1.104737152854968372e+02 1.000453221965332204e+02 8.719628595524731907e+01 6.737740025248484699e+01 8.719628595911939328e+01 1.020230552627592573e+02 1.134819694577812612e+02 1.074292746456961822e+02 8.727787129583997228e+01 7.316175796143232901e+01 7.465203569830931940e+01 6.955208801516745609e+01 8.196998028666749292e+01
8.023805663135429711e+01 6.330804879196514179e+01 7.058931169062934430e+01 6.233851521999409329e+01 4.472605053606604741e+01 4.755653825263483014e+01 5.050178036445301188e+01 5.353962909903349754e+01 5.766520668768302471e+01 6.220129354650057962e+01 6.699684014934480558e+01 7.231246848491173296e+01 7.989037712373881561e+01 8.988780120316765476e+01 1.097149927359756845e+02 1.187712360754064633e+02 9.903447895223330022e+01 8.501754977955006609e+01 9.154211475870094716e+01 9.529779547637626536e+01 8.246544424934403139e+01 9.397067193606721958e+01 1.138658308873184239e+02 1.185833550609692111e+02 9.592046060294470067e+01 8.087917437094718309e+01 7.192226486088893012e+01 6.491230877909684693e+01 7.892837614638798982e+01 9.877495997662111904e+01 9.790891167652847571e+01 1.061242693648754596e+02 1.015470448466760303e+02 9.318008068658745913e+01 9.468440811883753838e+01 8.951122543696055800e+01 8.821153992722932458e+01
7.183050010152743425e+01 5.178328341955263170e+01 6.019957091304636521e+01 4.254680066071892952e+01 6.062494923012761205e+01 6.151893651903119320e+01 7.032966273981693917e+01 7.339312285892616217e+01 6.053547013522958053e+01 8.042520663720711127e+01 8.694033041700292586e+01 9.227573884646515978e+01 8.645569337168169000e+01 1.063265715653154189e+02 1.179377443404308252e+02 1.161396990934414362e+02 1.079356497466009301e+02 9.733241724210978418e+01 7.748147029861047486e+01 7.540753806004434523e+01 9.529779231838722353e+01 1.103579672686927609e+02 1.046118471394318874e+02 1.134560038252051868e+02 1.075048404352808262e+02 9.649108195423771406e+01 8.246804892323665115e+01 6.262603059102715264e+01 7.937087071881639133e+01 8.535202872610989289e+01 7.805473645879955313e+01 9.209358821422215158e+01 1.119483444488146802e+02 1.043776837368865955e+02 9.270763573274858516e+01 8.370047398158810381e+01 7.533723681569122732e+01
7.427814354140731723e+01 5.436308740400321682e+01 4.044146113096255846e+01 6.019965491428381199e+01 5.179503876510351290e+01 7.174124880664221848e+01 8.962689382049885012e+01 8.866044024393663392e+01 7.459418827167193911e+01 6.899637629461133770e+01 8.309746425138297354e+01 1.029808228522491760e+02 1.063265715653154189e+02 1.145492580651688570e+02 1.219243046335938629e+02 1.021413591730517538e+02 8.810743824072474695e+01 9.539518768937575999e+01 9.071543862065283292e+01 7.083005186930699892e+01 8.952167216921131399e+01 1.002820191363782527e+02 8.293120284418446886e+01 1.005636108532357866e+02 1.105402546150999683e+02 9.068671839633870491e+01 7.665512670324967814e+01 7.937087062514571301e+01 5.950110838602916630e+01 6.551328054479289165e+01 7.542611162188306650e+01 8.946104557766292942e+01 1.093202604773254052e+02 9.598750874294546520e+01 7.579202085296310543e+01 6.422448934553064248e+01 5.547718186654812200e+01
5.528942996683744582e+01 5.670492245851649216e+01 3.898179669880133247e+01 5.873590264046852383e+01 7.174124880664221848e+01 6.330401878729690424e+01 7.485707450310131605e+01 9.475450784918456293e+01 9.450253025772887838e+01 8.892116515281284705e+01 7.965904781045934158e+01 9.374681604365449061e+01 1.135845235326669780e+02 1.260168376574751363e+02 1.178121099363241200e+02 1.094124713371534909e+02 8.958903869483559390e+01 7.550917527121303863e+01 8.602083153494726275e+01 6.767781619552614814e+01 8.757627671854628204e+01 9.157480567123856474e+01 7.086061677593612274e+01 9.157480567123856474e+01 1.094380884050243594e+02 1.047236825789691892e+02 9.138264325161560464e+01 7.152869555367308863e+01 5.744158279716245374e+01 7.732321417935794727e+01 9.218352880780651049e+01 1.034937700354631431e+02 1.097185282001381239e+02 8.947677061504312235e+01 7.521194383044267795e+01 6.519631377352622792e+01 5.778501177361567898e+01
3.545965962229976043e+01 3.692822962682253518e+01 5.670361747347881476e+01 5.141911289895173098e+01 6.548596195220986260e+01 8.326671935064079833e+01 9.149562201542646278e+01 1.029745218111417131e+02 1.017035334118406666e+02 1.077758197099134634e+02 9.955714604399109646e+01 9.955714604399109646e+01 1.193943026746534315e+02 1.145860510787715612e+02 9.801724318099732614e+01 1.100474797273985246e+02 9.022181569570680892e+01 8.602015370335057298e+01 6.610540796793623031e+01 6.459995633935012904e+01 8.451052599958599387e+01 8.384153351088264117e+01 6.372216012975926702e+01 8.384153351088264117e+01 9.022456821886540013e+01 9.278581695563696030e+01 8.389921093074364933e+01 7.484563067970856309e+01 5.539918484238246776e+01 6.437310599136033318e+01 7.583236773582650869e+01 8.988112277907431746e+01 1.101759325927404802e+02 1.037954113382245680e+02 9.368962948593559759e+01 8.530869398951291771e+01 7.770692880021623239e+01
5.528936457067407417e+01 5.087687222276202448e+01 6.490806210420831235e+01 7.132629981181999312e+01 7.957224293448247465e+01 9.365852391675539934e+01 9.664898457694748402e+01 9.587765351107685774e+01 8.183108575681359298e+01 9.468963047431458335e+01 1.029091885204037595e+02 1.128304452703110172e+02 1.171625884468011094e+02 1.057151308752360706e+02 8.653373829399470196e+01 1.057151308752360706e+02 9.022200592085239634e+01 7.032081651442142345e+01 6.033827004175859798e+01 8.027171164717077545e+01 7.805217319692968658e+01 6.980831228365750007e+01 5.766989219004030076e+01 7.770590498013282854e+01 7.628743752174847259e+01 8.452360404270395122e+01 6.501921523833597405e+01 6.742204293740802257e+01 5.337842507713639861e+01 7.498489086047236185e+01 8.881220008542319988e+01 9.694111626898187239e+01 1.058213761823445367e+02 1.114653082591115663e+02 9.525757919854898148e+01 8.466520928916817468e+01 7.593905153992291446e+01
5.450279052637690569e+01 6.536303960256491052e+01 7.881154149043543100e+01 7.821502445635961465e+01 8.529752694734062857e+01 7.723635466221328727e+01 7.723635466221328727e+01 7.949440062801539852e+01 6.767063697536669054e+01 7.478304848309619501e+01 8.476889356730221436e+01 1.046103673813269381e+02 1.089595764022318747e+02 8.912215854430679940e+01 7.761009890554733204e+01 8.902261042522135881e+01 8.445198197139190199e+01 7.774275911883975709e+01 5.778623991313622099e+01 7.421842557044413979e+01 6.980831069469347483e+01 4.976195382245295917e+01 6.597501653735280058e+01 7.206078248709616219e+01 6.476741027989983479e+01 8.458523270956254692e+01 7.082804716421900082e+01 5.056780315283668870e+01 7.082804715577016452e+01 6.243941137377535711e+01 6.909591453577182563e+01 7.891793071036283891e+01 9.716040378038090353e+01 1.015190802933242935e+02 7.785480736660771584e+01 6.465346245688941451e+01 5.552026692719383050e+01
3.736306547983797799e+01 5.715998201640466903e+01 6.196485071143885648e+01 5.824281091633002916e+01 6.628993261045464180e+01 5.747739071811923139e+01 7.237054170455174074e+01 5.944822714938514707e+01 7.365554684099929261e+01 9.359064062934326955e+01 1.029091885204037595e+02 1.128304452703110172e+02 1.093715503915250906e+02 8.953611275173973638e+01 7.802538197719169943e+01 6.909970288650694670e+01 6.452375958648541143e+01 6.016161299656314299e+01 5.716542380865026018e+01 5.421933831327580577e+01 5.236267611015743739e+01 6.739095002145779745e+01 4.733925442160796848e+01 5.207348903877206681e+01 7.208968338484798721e+01 7.742934586342337866e+01 6.901720352744165154e+01 4.855338872234558778e+01 6.609179324736830097e+01 7.844272906864760841e+01 8.897789183728221474e+01 9.694111626898187239e+01 1.058213761823445367e+02 9.585735739476895390e+01 7.617679760182484472e+01 6.515993783753278024e+01 5.726929408280701495e+01
5.129696372067404297e+01 4.009447974248173807e+01 4.216064254118236221e+01 4.424680192200875695e+01 4.639166748943824814e+01 4.859620569604162199e+01 5.238058257915687221e+01 5.904090007280064611e+01 6.616312861820341595e+01 7.515721683383635821e+01 8.667646314581925537e+01 1.065156328389114861e+02 1.175746422792401944e+02 1.061279605325175623e+02 9.724114489665413430e+01 8.611114741181469867e+01 6.618532901659622780e+01 8.010328732640390115e+01 7.705432298889529363e+01 6.238038758967839215e+01 7.238053559507713430e+01 7.563739240454918900e+01 6.501079954928027860e+01 4.497150740149922399e+01 6.274129754693376526e+01 5.728353248697933253e+01 6.482355592572268677e+01 4.661613478297499569e+01 5.207128820754986975e+01 7.234293406033370388e+01 8.680093088975230842e+01 9.501979568564041756e+01 1.038998214402659244e+02 1.044256335417148733e+02 9.353530276972514912e+01 8.498547273248469480e+01 6.856028416431263395e+01
6.497295114946740568e+01 4.514046607807695466e+01 6.196485071143885648e+01 5.824281091633002916e+01 6.043619809496460960e+01 6.855221554619181745e+01 5.279350398988001558e+01 7.282222152466671616e+01 8.616002449355477211e+01 9.438746319963688336e+01 1.032809770716264808e+02 1.147363971658208754e+02 1.236911867364706836e+02 1.137905426858261535e+02 1.055883826311161044e+02 9.056523197343845766e+01 7.064595949406366060e+01 9.056523197343842924e+01 8.163185516838784395e+01 7.601464670361073672e+01 8.972633534203286843e+01 7.910310413329757750e+01 5.915970153153102729e+01 6.273872839925267897e+01 4.273516286485706672e+01 4.305380595686880696e+01 4.433357813270337999e+01 6.482355244149164264e+01 7.234293388245282586e+01 6.051319810786350928e+01 6.688902355095568453e+01 7.581762296225011255e+01 8.987650822848202381e+01 1.097132598796852108e+02 1.056671777219996926e+02 9.709599626182178156e+01 8.864951105491634564e+01
