MOVIE_S10_data/elevation_000575.asc
nrows	100
cellsize	150.0
xllcorner	0
ncols	100
yllcorner	0
NODATA_value	-9999
[rows 34 to 50 of 100, columns 37 to 73 of 100]
6.080083709964912231e+01 8.056431665790691454e+01 7.914446080868454203e+01 5.932437005016583953e+01 6.923441574249153518e+01 5.492281030259253072e+01 7.472715179963780940e+01 8.234578940135484970e+01 7.137926894284576917e+01 8.542051492714075778e+01 1.052139943316635566e+02 1.106885834449039692e+02 1.164804946155882419e+02 9.644633042940920120e+01 1.001226680367862230e+02 9.338499761819149114e+01 8.752925391999943372e+01 9.417502765660852049e+01 9.200351582192546118e+01 8.384154898854689009e+01 7.008335324272205469e+01 5.580364189800148011e+01 4.879948739810291869e+01 5.279250298863391322e+01 3.309695113519980225e+01 3.753350740025756949e+01 3.741588420723747532e+01 3.596650691974221559e+01 3.903670556911195888e+01 6.003337486127694689e+01 7.290223316369086604e+01 8.465071670459096254e+01 7.397715923455064058e+01 5.362246129777040693e+01 4.185280829670743685e+01 5.657503721892043558e+01 5.901499705716200594e+01
6.737155370286187406e+01 8.716069813542939926e+01 8.735737643264569385e+01 6.817814091848461544e+01 7.877430360207898730e+01 5.894738994649807040e+01 7.296436551831735073e+01 9.280073492044458305e+01 9.121789082144918837e+01 8.394201827796518955e+01 9.794653954796730488e+01 1.177195341570497504e+02 1.142997509992751333e+02 9.425032802576448887e+01 7.990965839070950949e+01 7.310010520377682042e+01 6.719555136489339020e+01 7.390766314270250348e+01 8.497637773323388899e+01 9.330918406708855173e+01 8.423052603841719588e+01 6.888485049793978021e+01 6.889228069578996383e+01 4.910304204709234455e+01 5.092567247787415852e+01 3.121121029425999893e+01 3.188869383407153180e+01 5.545977035774269837e+01 6.003319899511951263e+01 6.845645105023878330e+01 7.178475502973041955e+01 8.011270796034143871e+01 7.712291401790268708e+01 7.060081832431208682e+01 5.657503721732566504e+01 3.620258272225296281e+01 3.864243423558251322e+01
7.725377736570106890e+01 9.538190905330149860e+01 9.622729904594648076e+01 7.964208899127397956e+01 8.321318363926809525e+01 6.336190862449072370e+01 8.321318363926809525e+01 9.761148424566786730e+01 1.058174551547945015e+02 1.037379155846025469e+02 1.119533573712165122e+02 1.154505725285395528e+02 1.073929511748334704e+02 1.084042747289892361e+02 1.001226680558284698e+02 9.338499816040926760e+01 7.984383677785136513e+01 5.946556829893170004e+01 6.463495786224039819e+01 8.160297176902294325e+01 8.406458678860307998e+01 8.887006934310026907e+01 7.748685394670168591e+01 6.918705881646904743e+01 5.924496628486867422e+01 4.073782726189237025e+01 2.932008512770980246e+01 4.754297259060068370e+01 5.586403105641545608e+01 6.845497332675064683e+01 5.155707089862687553e+01 6.845497332889100051e+01 5.682107504380165608e+01 7.114121883024662907e+01 6.496286994180138663e+01 5.131489208645633227e+01 3.092921619414491730e+01
9.706761890515778646e+01 1.052965134924129273e+02 1.076694014390481584e+02 9.945592157876424722e+01 9.142570882545260247e+01 7.482811068695205847e+01 7.114518054823014381e+01 7.778139772491870474e+01 8.925707042373103661e+01 1.090238257601614720e+02 1.154505725285395528e+02 1.041938501923110181e+02 8.787734662858930790e+01 9.901046424774891364e+01 9.080475349934273765e+01 8.882282120340090614e+01 8.819364056265798979e+01 7.323225345083969273e+01 5.286247267791231508e+01 6.747080941564748002e+01 6.374144268376197431e+01 8.406458679370052778e+01 8.417843767718468939e+01 8.095624100248841160e+01 6.076677496464552064e+01 5.753011349730083879e+01 4.755186876091532611e+01 2.763202036697811081e+01 4.591174240681490204e+01 5.403973151382272988e+01 4.003467204673462732e+01 4.853007727014298922e+01 4.263274072735369202e+01 5.517357878379947778e+01 5.233975468749827087e+01 4.393124883862746088e+01 2.766224501672066438e+01
1.043204521406868253e+02 9.807115166531792738e+01 1.063718650538959594e+02 1.096875027855974025e+02 1.028763577321719112e+02 9.466740630471747409e+01 8.263158770193973623e+01 9.761148424566786730e+01 9.761148424566788151e+01 1.172424306080636995e+02 1.073929511748334704e+02 8.787734662858930790e+01 7.630663621039184363e+01 8.621612392352652421e+01 7.069482557563935643e+01 6.850817497469370210e+01 7.101042831412598844e+01 6.774996317249888023e+01 6.462008222638543486e+01 4.719580937826661682e+01 6.747080941564748002e+01 8.002065348847882831e+01 6.524748252921025937e+01 6.524807486439966908e+01 6.599786786347073075e+01 6.387535896675374403e+01 5.568747182247545169e+01 4.578939188091052159e+01 2.593059664389941688e+01 4.405035542494109535e+01 4.350781189302574603e+01 2.853112609643820363e+01 4.519445200926512740e+01 3.484971880856828363e+01 4.003441551842941948e+01 2.353110275554728759e+01 4.392404758608844872e+01
9.273367612263513138e+01 7.798611753359614340e+01 8.961004659269694628e+01 8.961004659269694628e+01 9.716467652343581562e+01 1.054665253932294036e+02 1.024349073106403125e+02 1.106462167288029974e+02 1.173899291908754066e+02 1.175537819602947565e+02 1.077634678185753785e+02 9.964185794626976644e+01 8.621612392352652421e+01 6.612905827907668765e+01 5.995736496638792090e+01 5.406092190051192148e+01 5.064883003081738622e+01 4.746601634385024227e+01 4.444860268225547628e+01 4.368480599675892506e+01 6.379959441718737878e+01 5.656658639415289258e+01 6.450629068033298097e+01 4.834143607273759358e+01 4.775201448741080412e+01 4.355380659425098600e+01 4.818195307643693326e+01 4.696253245567211110e+01 4.426380554579324667e+01 2.420649567584590400e+01 2.338485485744023507e+01 2.256358477046084232e+01 3.394383269773221201e+01 2.028078662299169821e+01 1.948856462305527160e+01 2.544270011904501061e+01 3.808594183222343332e+01
7.350423658963561024e+01 6.639875578223374930e+01 6.953628546911519948e+01 8.296523845317430812e+01 7.708363862989997983e+01 9.716467652343581562e+01 1.159480699969134179e+02 1.134588880354676093e+02 1.217414252294894652e+02 1.094211240104701801e+02 8.986259188206921067e+01 7.987811406104540879e+01 7.311347702016864503e+01 6.695920050886022068e+01 6.128460083349471432e+01 7.411502882075340892e+01 6.505462093458238826e+01 6.774996317249888023e+01 5.437935559757080028e+01 4.032485348946334369e+01 5.694086102933183469e+01 3.999694411360971458e+01 5.371070270147059489e+01 5.183756712937437783e+01 3.759459528899918723e+01 2.953536730197256688e+01 2.828157451014785906e+01 2.702053106294584950e+01 2.574528870846717155e+01 4.427745338015429155e+01 4.350787345173996101e+01 4.202369914277550578e+01 2.141457189221599222e+01 4.080245183049513003e+01 3.898259276397098461e+01 1.841879475778511122e+01 1.769241420612864246e+01
5.336849451175286418e+01 5.633155039221939120e+01 5.949128927724731142e+01 6.289746737331734749e+01 8.296523845317430812e+01 8.755955214330859349e+01 9.924675503255699027e+01 9.335989679250118911e+01 1.134588880354676093e+02 1.175537819602947565e+02 1.077634678185753785e+02 9.964185794626976644e+01 9.305394331786168038e+01 8.704166651293664358e+01 8.228536250382649087e+01 8.968656196125141378e+01 8.538901926470157377e+01 8.302238180489887043e+01 6.870086870123492417e+01 5.717654968449240727e+01 3.728970670445186641e+01 3.515559739593314248e+01 3.387527167532154238e+01 3.259899800427535865e+01 3.132933948058498430e+01 4.759425028865096152e+01 4.817925430245855267e+01 2.857549004575943741e+01 4.571340068284747105e+01 3.986846697632920922e+01 5.989489255339851326e+01 5.146846795523091345e+01 2.829581877386386779e+01 5.146835162921993145e+01 4.188315454666510362e+01 2.084269791924905491e+01 3.824839093703566562e+01
5.832074048408232159e+01 7.643690379245967392e+01 7.957316603090609419e+01 8.296523845317430812e+01 6.836004592920821210e+01 7.336903746488825107e+01 7.915201206969662451e+01 9.335989679250118911e+01 1.134588880354676093e+02 1.195262909568683369e+02 1.112432104869597111e+02 1.119276302728845280e+02 9.770416540957802454e+01 8.758377457949450218e+01 7.923133305970490881e+01 8.758377280097576545e+01 8.411677165796959343e+01 8.240016201607166124e+01 6.792979334409453429e+01 5.713542430625067681e+01 3.736087744519504383e+01 5.500699287282105132e+01 4.781106172098296980e+01 4.394822588947717179e+01 5.412881478302208649e+01 6.140553724694691340e+01 5.042651107568365632e+01 3.055447619884895261e+01 5.042612836830814871e+01 5.989400920494394853e+01 6.824031555803024673e+01 6.071598263965682918e+01 3.880962820836752059e+01 5.965212557594545473e+01 4.611701213904766661e+01 2.478965358971644406e+01 4.611472733204941932e+01
7.775293234205919646e+01 7.254654125149616561e+01 9.262982863151218282e+01 9.477682945473330278e+01 7.469591320197056916e+01 9.344590240310510865e+01 9.924675503255699027e+01 9.555991134799388931e+01 1.156513281902660992e+02 1.112432104869597111e+02 9.117823033670575228e+01 9.705512695834156034e+01 8.348069588327435042e+01 6.907936933097371934e+01 5.881951933208491567e+01 7.345800029507370255e+01 6.374982695984697756e+01 6.200807797922145426e+01 5.951277441743363994e+01 3.948232794608895802e+01 5.713542429715233339e+01 5.339898556995617440e+01 6.795370281155609860e+01 6.411695041009251383e+01 7.240863652392302185e+01 6.323204397517169184e+01 5.240250880620950369e+01 3.254023089859413176e+01 4.651349810726491540e+01 6.661983788344977597e+01 7.984779540439197376e+01 5.806946536739583564e+01 6.206586339086906179e+01 5.280727139865338415e+01 3.251500772145723772e+01 4.612115952946189168e+01 4.240086825045015217e+01
8.935219877754910556e+01 9.262982863151218282e+01 1.009331460282404151e+02 1.030837601454943950e+02 9.477682945473330278e+01 8.628082857870830935e+01 1.063825824819582380e+02 1.156513281902660992e+02 1.175922990676798889e+02 9.760051349260812970e+01 8.593680757489428856e+01 7.682770778355070718e+01 7.115803541170150481e+01 6.586967677297165835e+01 7.345800028474376120e+01 5.295765778256771483e+01 4.914789978521488933e+01 6.200451799686148746e+01 4.166074753269511888e+01 4.819641479470216439e+01 6.790831442122239991e+01 7.376067016321107417e+01 8.212965141601162600e+01 7.565291374755398124e+01 5.555747852781522056e+01 5.537638341463048164e+01 3.547511766880089823e+01 5.240250881053371046e+01 4.368904574093097892e+01 5.750494974134343096e+01 7.750023916402032853e+01 7.984779540439194534e+01 7.475721574550267690e+01 5.780374949617986147e+01 3.781795231793459777e+01 5.780278828047629247e+01 6.267343690146220325e+01
8.511931668022251074e+01 9.343811100420066396e+01 9.689770369202901179e+01 1.052144187511370603e+02 1.146760681631578080e+02 1.063825824819582380e+02 1.063825824819582380e+02 1.264358522619735936e+02 1.258740504461772503e+02 1.143314273195158250e+02 1.053522604505006370e+02 9.705512695834156034e+01 9.144505026564839056e+01 8.620696555407714357e+01 8.183092040192195782e+01 7.345800029507370255e+01 6.465307343197551404e+01 4.409301886285129513e+01 4.872968887440012509e+01 6.866444179845220219e+01 6.493207549225157038e+01 8.527156739420138365e+01 8.987385277313593690e+01 6.976240793347714941e+01 6.405497549005991686e+01 4.416778416512484284e+01 4.680048156608289389e+01 3.862547121839337194e+01 6.058618710247803563e+01 5.969060115459294735e+01 7.969476943464064789e+01 8.073280926218028242e+01 6.045497311231935811e+01 4.624778920336001420e+01 5.780374949617986147e+01 6.615760916579651507e+01 7.307357498755392555e+01
6.500359888474223169e+01 8.511931659178222276e+01 7.680574693859310287e+01 9.361662976829138927e+01 1.040499840875077098e+02 9.573191041200695395e+01 1.040499840875077098e+02 1.156505182893480708e+02 1.257311718305999193e+02 1.141906438251269549e+02 1.052100239018604384e+02 9.691479100409755176e+01 1.052100239018804473e+02 9.752625663723506477e+01 9.363425667742275493e+01 8.130340971459425248e+01 6.089859698713600977e+01 4.625937965224780157e+01 6.687415709494253235e+01 5.976772634333013201e+01 8.017881951712232080e+01 9.354448558294515692e+01 9.807915785817179710e+01 8.987385277313593690e+01 7.237339389188699101e+01 6.405186163680505729e+01 5.908811657145830054e+01 4.086270604991086230e+01 5.485806567530535460e+01 7.512257055531949845e+01 8.795742394287394461e+01 8.073280926310798122e+01 6.045497311231940074e+01 6.045497311231745385e+01 7.475721524893047842e+01 7.250253782377271250e+01 6.257806385329623566e+01
7.089535620555668061e+01 8.463370455999969977e+01 6.521022593662617339e+01 8.050388729106823860e+01 8.499361593264947601e+01 7.564240098198607143e+01 8.723512875113473797e+01 1.073387300111684084e+02 1.174580763644088250e+02 9.746276685489161196e+01 8.579143006726783938e+01 7.667912157412550300e+01 8.737560495357591606e+01 7.730283161688279847e+01 7.337349109537829861e+01 7.558315237279578014e+01 6.914895860659336790e+01 4.856020887063523617e+01 6.914895860659315474e+01 8.017881951712232080e+01 7.425236524978490138e+01 9.448654578611211718e+01 1.088813051883550855e+02 9.734732519320644428e+01 8.911673399862912959e+01 7.754892331582618681e+01 5.724023411486619750e+01 4.314673088135956647e+01 6.318851146481738112e+01 8.167761017374031951e+01 9.178174721852749940e+01 8.905945859988578661e+01 8.073280926286825832e+01 8.073280923571759615e+01 7.830519975825964707e+01 5.854975102950310628e+01 4.443188992996738307e+01
6.775790785813791217e+01 7.111929931474008981e+01 5.619427205062147834e+01 6.041112687401624015e+01 6.491493904646470980e+01 7.201114116756998840e+01 8.620623126688155935e+01 1.063082189782599585e+02 1.154235324739280486e+02 9.540547348352900769e+01 8.108422363844401559e+01 7.386208907310881955e+01 6.704744004033251770e+01 6.286551266189145082e+01 5.890736946777079908e+01 5.513145266127913402e+01 5.226806013997326517e+01 5.395758341169593564e+01 7.444063020734971303e+01 9.113785336572153994e+01 9.448654578611211718e+01 1.027439419757652246e+02 1.007112769102676992e+02 8.062893949677206251e+01 6.884617853660378728e+01 7.741352326160109953e+01 6.567178209371276409e+01 4.549554825061738228e+01 5.299404505750978700e+01 6.320293192889884182e+01 8.353971406706961034e+01 9.898911084181064268e+01 8.916238385910602915e+01 8.102013319652346013e+01 7.358393909294133550e+01 6.830431334124476450e+01 5.703019024230410849e+01
4.755164077550458046e+01 5.095095120274471157e+01 6.523196999947174390e+01 8.050388729080131611e+01 7.650234837126549792e+01 9.209396715221569707e+01 8.620623126688155935e+01 1.063082189782599585e+02 1.154235324739280486e+02 9.540547348352900769e+01 1.012686272156244769e+02 8.367614378812750431e+01 8.737560495357591606e+01 8.202630580162315255e+01 6.165126565260524671e+01 7.558315237279578014e+01 5.881923986116560599e+01 7.444063020734971303e+01 6.238132584392833735e+01 7.683601924677444117e+01 9.710634988565402637e+01 1.043154766635880293e+02 9.619691675952181242e+01 8.860381016219929506e+01 7.741352334600563267e+01 5.700247191538784364e+01 5.024391052784224598e+01 4.955925028941114618e+01 6.991575020233672433e+01 8.167761017374031951e+01 9.178174721852749940e+01 9.084533669659357713e+01 7.119492969645332892e+01 6.134581289764013690e+01 5.382938839970422151e+01 4.846247689400269820e+01 4.357544564412037857e+01
6.775790796249522430e+01 7.111929931576209185e+01 7.944142359906744844e+01 9.365087683116284722e+01 9.659290313182818011e+01 1.049105105557107152e+02 1.063082189782599585e+02 1.146208130469073581e+02 1.236963636104515558e+02 1.154235324739280486e+02 1.121242379459514780e+02 1.038363194630633473e+02 8.899320701010339008e+01 6.868137410870947690e+01 8.202630580162315255e+01 8.600723220734209917e+01 6.566823963334219627e+01 8.600723220734209917e+01 7.262069431035295963e+01 7.684512132608546153e+01 9.723989447596993330e+01 9.619691675952181242e+01 7.608140152251922927e+01 6.834109375704288425e+01 6.214170246509667805e+01 5.621268939997050040e+01 7.060983948770953589e+01 5.784252370625785744e+01 5.695748639847252548e+01 7.144356094249526734e+01 9.167879743843003837e+01 9.898911084181064268e+01 8.748794669620865250e+01 6.782471057232936573e+01 7.358393909294133550e+01 6.830431334124476450e+01 6.349196113664423535e+01
