MOVIE_S10_data/elevation_000300.asc
nrows	100
cellsize	150.0
xllcorner	0
ncols	100
yllcorner	0
NODATA_value	-9999
[rows 17 to 33 of 100, columns 37 to 73 of 100]
8.077393707292326042e+01 8.077393707296306502e+01 6.458121323733237773e+01 7.288211816361908291e+01 6.931622628156290489e+01 5.334255266516517224e+01 7.271424609572960662e+01 8.529702224953032896e+01 9.976703577870799222e+01 9.979222550444048068e+01 1.080788299472870762e+02 1.079844494062027564e+02 9.793689617994778018e+01 8.961323379623418361e+01 7.929013433423475021e+01 5.898306198154501345e+01 5.281765940895846967e+01 4.715575640451879025e+01 6.415906991076265342e+01 6.257583661602747327e+01 6.100659687088660377e+01 5.945862030146214039e+01 4.128750746321644982e+01 3.907354718525095194e+01 6.221869185197215302e+01 6.948041179026608916e+01 5.517387410786961510e+01 6.948033840573761211e+01 5.394191173646454729e+01 3.360417513604991768e+01 5.284895781746668320e+01 6.576496257778333643e+01 7.373746670506619694e+01 8.233092644164661067e+01 8.805038158381209712e+01 8.229199644035431049e+01 7.395790896550242621e+01
1.006271782802620152e+02 9.247196120127611607e+01 7.583304482992062390e+01 9.247196120127611607e+01 7.962130612387905160e+01 6.008635049014434770e+01 5.760481541088006452e+01 7.706317670926434005e+01 7.985348795151939782e+01 7.985398777907424517e+01 9.979309834216920194e+01 1.154746590724833766e+02 1.035853654336212486e+02 8.350875703979420450e+01 6.919120917335008869e+01 7.929012657897217764e+01 7.316708876052443600e+01 6.415599212278002028e+01 4.380261199833620367e+01 4.221716476081724778e+01 4.064418405953331614e+01 3.909342552240808999e+01 3.755740963869919824e+01 3.614774664604102128e+01 5.457332031489433177e+01 5.328848277266197186e+01 4.077537161305126290e+01 6.035376682088254796e+01 5.268791767881922539e+01 3.236348758069417642e+01 4.144645592914469745e+01 5.320541810530102111e+01 7.349895195129600722e+01 8.209939800096985607e+01 6.784296255257909536e+01 6.860650357799583787e+01 5.358034293541501825e+01
1.048583964182213464e+02 1.039511154720795076e+02 9.568002384330338828e+01 9.215222194806707989e+01 7.233910436192698512e+01 7.962021136575255298e+01 6.617484462902133657e+01 6.236208919137963846e+01 6.597485849643098277e+01 7.573752503265795610e+01 8.719724051055494840e+01 1.071946459031877481e+02 1.035853654336212486e+02 8.350875703979420450e+01 8.938905949511945437e+01 8.155764818933998583e+01 6.129065768358444188e+01 4.687608283729952774e+01 6.415908195273520676e+01 6.257583661611787562e+01 5.243212918235521869e+01 5.945979072196811188e+01 5.792884412518112924e+01 5.457332031489434598e+01 3.421681025260915732e+01 3.295131038590678685e+01 3.169753069930950318e+01 5.023730920431100344e+01 5.142865902672635769e+01 3.114231391308037900e+01 5.145118626145050911e+01 7.014536143994028805e+01 8.183219308814230430e+01 7.194822837994965425e+01 5.338755685085055092e+01 4.816666439006134937e+01 6.860650342062348273e+01
9.074601349548791518e+01 1.026618256056070351e+02 1.048449856947491412e+02 1.004247039994634036e+02 8.630583904014052621e+01 9.404871803357330862e+01 7.746164907845506775e+01 7.357470195317279149e+01 8.569333177465752271e+01 7.284197521985731782e+01 8.686589089268049690e+01 1.068598026495644007e+02 1.118957081411819843e+02 1.035853654336212486e+02 9.763860732307009016e+01 8.931727872338778695e+01 6.943355334019841507e+01 4.908531407396472446e+01 6.943355333990641043e+01 8.114244817349394623e+01 7.281999279140980263e+01 7.528721508347173597e+01 6.049077549512290375e+01 4.019792868110418738e+01 4.122902200052268995e+01 5.328848293131035518e+01 5.024790646780773073e+01 2.994934091620829975e+01 4.825566836560928863e+01 2.992709470726100918e+01 5.033974717379216202e+01 6.649956807942179182e+01 6.751176239947625390e+01 5.912764581188007895e+01 4.319619649697251162e+01 6.357456769677966690e+01 7.696049319269523892e+01
8.247561786327231914e+01 8.271577884673922654e+01 8.489738837389370474e+01 1.048449856947491412e+02 1.062666388552096066e+02 1.054921028782768957e+02 9.729459035995672878e+01 8.757918912031837522e+01 9.874285776827461802e+01 7.877383898100498527e+01 9.272197206382634249e+01 1.127160736539932344e+02 1.089723392693517354e+02 1.006785425752382679e+02 8.931727872338778695e+01 6.910915733733301636e+01 7.168378834559905499e+01 5.133405365149326371e+01 6.294016231247562132e+01 8.202906626555326852e+01 8.127414645617264455e+01 6.097370353496851436e+01 4.658994625754583296e+01 6.049077549512290375e+01 5.452781632867898765e+01 5.452781632867881001e+01 5.865008605911318540e+01 4.848938312811586826e+01 2.820573805370139553e+01 4.726697769430853668e+01 4.953476153835498508e+01 4.626946515955791028e+01 5.496484243040652018e+01 3.894769430804341681e+01 5.912764581188007895e+01 6.357456765376328178e+01 8.334691684005794343e+01
8.396459611776390375e+01 6.867110967900552509e+01 8.855784068454764224e+01 9.564636400093371549e+01 1.039049121755118676e+02 1.022818386793223766e+02 1.105276700865432389e+02 1.075555245578973143e+02 1.054147287585846584e+02 8.539911578765486411e+01 1.054147287585846584e+02 1.152907327581798285e+02 1.006785425752382679e+02 8.059894650033096752e+01 8.648012402718457281e+01 7.502797905626749753e+01 5.468606110724215341e+01 6.575585557708711804e+01 7.939036719198966807e+01 9.011602276646880227e+01 7.461395586785148737e+01 5.425651274338913765e+01 6.691956560549871824e+01 7.528721508347173597e+01 7.536585142598232778e+01 6.646172230497477074e+01 6.287984181406312700e+01 4.229958052805086766e+01 3.154095424059026342e+01 2.697900334772956299e+01 2.962765526694878915e+01 3.228864760770797915e+01 3.499563165935033737e+01 5.496484243040652018e+01 6.751176239947625390e+01 8.384511581913038469e+01 7.503058185831054061e+01
7.111994078367250438e+01 6.119851868718297538e+01 7.939063336841176977e+01 7.573535027958786259e+01 8.966667016590427863e+01 8.233550589470152659e+01 9.644513316907456613e+01 1.163728922817404055e+02 1.136961681780091595e+02 9.540530813493786866e+01 1.136961681780091595e+02 1.069712375592982454e+02 8.692437197657260128e+01 8.648012402718457281e+01 6.624634253610339840e+01 5.851419559692304517e+01 6.085141766766901128e+01 8.114746868946890856e+01 9.432212612734237211e+01 8.892225295392397300e+01 6.868726516033683538e+01 6.447285383426037697e+01 6.868726516033683538e+01 8.892225295392397300e+01 9.591547416095855283e+01 8.752911798923533127e+01 7.126963563242917132e+01 6.221197774493585797e+01 4.643704239738197970e+01 2.618004572733518032e+01 4.528553729642773362e+01 5.219561280192016994e+01 5.496484242957497202e+01 6.334532270284531563e+01 7.769174121348578410e+01 7.907110198323577777e+01 6.860986583608207923e+01
5.129778715188096072e+01 5.535088086268356733e+01 5.956759682757096641e+01 6.449881206655446420e+01 6.977123305767392480e+01 7.864009646413201438e+01 9.274723959312149191e+01 1.126866431432202091e+02 1.236997717099849154e+02 1.154241493822313629e+02 1.236997717099849154e+02 1.047802850816486000e+02 8.473063330886587607e+01 7.041891578313732225e+01 6.269281146546212824e+01 7.883427951356237884e+01 8.114746868946890856e+01 7.105831193224854303e+01 9.123662544668729879e+01 9.722876271428317807e+01 8.892225295392397300e+01 7.624216986765920012e+01 8.892225295392397300e+01 9.722876271428317807e+01 9.081584057014525513e+01 7.916503115437613758e+01 7.082180989821878825e+01 6.372239838300212966e+01 4.963562729965319420e+01 2.625259273631786172e+01 2.506823901406475485e+01 4.414672233074443142e+01 5.247494466624551279e+01 5.742415306144605580e+01 5.742571362744803309e+01 6.475419594586075789e+01 5.043725774653808003e+01
6.631236236488284419e+01 7.516434778006326667e+01 7.939063336841176977e+01 8.434939092936993177e+01 8.966666997993678478e+01 9.791974587814102904e+01 9.858735568013028683e+01 1.185117821285857929e+02 1.185180984642451705e+02 1.267935730190135928e+02 1.206510357050475903e+02 1.106415484701435616e+02 9.891340672498886022e+01 8.617507421680339519e+01 6.593076085154237376e+01 7.767916898286451044e+01 9.778069659449189999e+01 8.536209147080013793e+01 8.536209147080013793e+01 1.054190050438957655e+02 1.046759091571304339e+02 9.638387921516317647e+01 9.962151442724918127e+01 9.173798530082767400e+01 8.249381915152149247e+01 6.227730610343179762e+01 5.074164180220938647e+01 4.373398975946604139e+01 3.714648311425102634e+01 4.963561913832275962e+01 4.414663126155952710e+01 2.394259736959924112e+01 4.391197065197226834e+01 3.710997075880415963e+01 4.979816954490626557e+01 5.239733996248580183e+01 3.605574704441540490e+01
7.410100217307706316e+01 8.327602137996279907e+01 9.154729235571852541e+01 9.203429900011967391e+01 1.003179009941049031e+02 9.915935323369784271e+01 1.074457379400050456e+02 1.152389675675740932e+02 9.849068548380600419e+01 1.152389675675740932e+02 1.123257776733204594e+02 9.233993052844101612e+01 8.229246746133519252e+01 7.462885135805501591e+01 7.010718446984921570e+01 9.029612430347221164e+01 1.060896761502903303e+02 1.054190050438957655e+02 1.054190050438957655e+02 1.137384548168032552e+02 1.026099407610415284e+02 9.443280176857436459e+01 8.830323620542384333e+01 7.189750692285137745e+01 8.830323593157983453e+01 7.916503096073164158e+01 7.082180989821878825e+01 6.372239838300212966e+01 5.769566642266533307e+01 5.767634343665530849e+01 3.740303012764915280e+01 2.314957798229631436e+01 4.334458562965210859e+01 2.702326815114657776e+01 2.952642405116312929e+01 3.209693721582788584e+01 4.115885383580532420e+01
6.589632702121315333e+01 6.340525489285708716e+01 8.327602137996279907e+01 7.210179185873168706e+01 8.398387553593551047e+01 7.916754182957080843e+01 9.177619398135604456e+01 9.624642803998267482e+01 8.692086450714076307e+01 1.069552661888168785e+02 1.206510356986195376e+02 1.106415484701435616e+02 9.475829992576068150e+01 9.475829992576068150e+01 7.625483077975438562e+01 7.878123867142160464e+01 9.299863569456820755e+01 1.129971146241536530e+02 1.092336517821928794e+02 9.934011651795358944e+01 9.116757639586592177e+01 7.445982186845132844e+01 7.809408699428841771e+01 6.018095476605098781e+01 6.869879926146617777e+01 7.693224470845412100e+01 7.418030755196845405e+01 7.126431113988350319e+01 6.845886797533421486e+01 5.693094111331655682e+01 3.660716363072296531e+01 2.235886271391381541e+01 2.361765510219494146e+01 4.381816260539492447e+01 4.979816954488934755e+01 5.239733995791825549e+01 6.077484575850840542e+01
4.939081473427909685e+01 6.922526764955591716e+01 7.591455314981322999e+01 6.069055693395329598e+01 6.412138977629113867e+01 6.771721958291534804e+01 7.182976262562957004e+01 7.625493357913417469e+01 8.329623934081381265e+01 9.746261115017969701e+01 1.174921300900366816e+02 1.231189358508039078e+02 1.057875192098305348e+02 8.578284186985618476e+01 9.635722387480075213e+01 9.885605455962752330e+01 8.954937198809084009e+01 1.095432111062722242e+02 1.010846445105461697e+02 8.125050828118553170e+01 7.114459505202847822e+01 6.435486171243803710e+01 5.790170505493024677e+01 5.309316719485177316e+01 4.841774541081728245e+01 6.327845962335464236e+01 5.397769191941037548e+01 5.104086461303155176e+01 4.822139608025400292e+01 6.245534572518705829e+01 5.043330787487384015e+01 3.989393348874782674e+01 2.124378140865852771e+01 4.041216496794779545e+01 4.685366807104977482e+01 5.542301953880301113e+01 6.635025776530459041e+01
5.490076552855757086e+01 5.329299723193927463e+01 5.609833385308389353e+01 7.591455314981322999e+01 8.398387553593551047e+01 7.916754182957080843e+01 9.177619398135588824e+01 8.777911267283927543e+01 1.033291214237643345e+02 9.746261115017969701e+01 1.174921300900532088e+02 1.221232517867422018e+02 1.021161470927452228e+02 9.734212883544678618e+01 1.140992436776104881e+02 1.178626517999854855e+02 1.010911673562451938e+02 1.178626517999854855e+02 1.092336517821928794e+02 9.934011651795358944e+01 9.116757639586592177e+01 7.812493196918568117e+01 7.812493196918568117e+01 7.154780372649889841e+01 5.129213016630241384e+01 4.297710812487425613e+01 3.959023519285021564e+01 3.666437215997213883e+01 3.386291917903802329e+01 5.031537481680582857e+01 4.464106401627634568e+01 2.444670067330721253e+01 4.034235770723594783e+01 2.023966864892049600e+01 2.726717862607886289e+01 3.703635331581918422e+01 5.740975685283785879e+01
6.188907282341435945e+01 7.311211654060367948e+01 7.591455314981322999e+01 6.540726693238904943e+01 7.943533445104671387e+01 9.915935322600883239e+01 1.074457360482454931e+02 1.078129959333549266e+02 1.160960870471297284e+02 1.174921300900532088e+02 1.257685110643257360e+02 1.275755044735814181e+02 1.221232517867422018e+02 1.173241370061154214e+02 1.256599428309472017e+02 1.294332645119716005e+02 1.210889175827067703e+02 1.155216458461894007e+02 1.072518854615087918e+02 1.050625485293463584e+02 1.008672034116346765e+02 9.805609189080203691e+01 8.573101768300340098e+01 6.567292414767537423e+01 7.002294572876573397e+01 4.976685475022578942e+01 5.989490104048130803e+01 5.696417496186689533e+01 5.031537481664385325e+01 3.005958419067604481e+01 2.771448067248297065e+01 4.462043883366965957e+01 3.959325601714103726e+01 1.953415826824470258e+01 3.972852030443486626e+01 5.497352316408751705e+01 6.508039992843471566e+01
7.177624179204171639e+01 9.001513560541691561e+01 9.356301731708548175e+01 7.530657336476689068e+01 9.356301731708548175e+01 1.076907001820478769e+02 1.159344119227520480e+02 1.104037084881100981e+02 1.104037084883422892e+02 1.186692553324216703e+02 1.217362720573912611e+02 1.076174125766040817e+02 1.150064922687552098e+02 1.232804143685089002e+02 1.348075465824801711e+02 1.217698972712104535e+02 1.117642012741840745e+02 1.034908279522099264e+02 8.714592934811187774e+01 8.494238016264573332e+01 8.070676615178261670e+01 9.492794593093992717e+01 9.385122880222773745e+01 8.573101768300340098e+01 7.824565326365863882e+01 5.995001700870503214e+01 7.824557902739765325e+01 6.115397963157824535e+01 4.087660879723974006e+01 3.769452773421413383e+01 4.794459598684773738e+01 5.069163162981651993e+01 3.043022141210588316e+01 1.882989089767197299e+01 3.798896475282845131e+01 4.347099115289128690e+01 4.652953035320984299e+01
9.170780631542137940e+01 9.999031786263003596e+01 1.035477980640090436e+02 9.526345077831679475e+01 1.035477980640090436e+02 1.101523095038302102e+02 9.609074884677322359e+01 9.056264382971576765e+01 9.056264382971585292e+01 1.104037084883422892e+02 1.117478323171264663e+02 9.348466736171208424e+01 9.503134347123146597e+01 1.065718717938752746e+02 1.265283956320839138e+02 1.135121405931635650e+02 9.346951531125628776e+01 8.336989764195244845e+01 7.568427076144092780e+01 7.057871421123456912e+01 6.631352839918402253e+01 8.108718030444168789e+01 8.778884448848017996e+01 9.610364501683285710e+01 8.825186899265210627e+01 7.426764144587814087e+01 7.541540539711026270e+01 5.524670513363098934e+01 6.115395688722969680e+01 4.678166538573692890e+01 6.626314556071532991e+01 5.917756540178618252e+01 4.291832645287270509e+01 2.365590082099678071e+01 1.783733050504919504e+01 3.699696926367231953e+01 2.630791696955371606e+01
1.006575985883850137e+02 1.006575985883850279e+02 1.089258445473632122e+02 1.142733889450947942e+02 1.059930133790704190e+02 1.019028233399589993e+02 8.200694960770341879e+01 7.642654311863373096e+01 9.637390647165948110e+01 1.064711977753716212e+02 1.034738349504160198e+02 8.343393889310577549e+01 9.424664741045721428e+01 1.083927864598352926e+02 1.283614672035464253e+02 1.217698972712104535e+02 1.074855641837689006e+02 8.739423718220301396e+01 9.000580832770860695e+01 9.083544103863728481e+01 8.108718030444168789e+01 6.074402519675933831e+01 6.750687114267726940e+01 8.442906097126440557e+01 9.413826326666290356e+01 9.416647360921452048e+01 8.359911936199424076e+01 7.541540539711026270e+01 7.527299246670922628e+01 5.853099783790944599e+01 6.562302308374691506e+01 4.509066995734762884e+01 3.346960359917898842e+01 4.291835955050407136e+01 3.106919625629348403e+01 1.685792680350552430e+01 3.601389629581936447e+01
