MOVIE_S10_data/elevation_000156.asc
nrows	100
cellsize	150.0
xllcorner	0
ncols	100
yllcorner	0
NODATA_value	-9999
[rows 68 to 84 of 100, columns 0 to 36 of 100]
5.009162696260269221e-02 3.832998856091214712e+00 2.387726996464072826e+01 3.361512241228938080e+01 3.799163171422608798e+01 4.271243526645578470e+01 4.938233485817463730e+01 5.694255044288992451e+01 6.522690207211739732e+01 6.132954465964740365e+01 6.961381396160767565e+01 7.766013391335602023e+01 6.935383457862501189e+01 4.943410401732969461e+01 3.787231754706279219e+01 5.785317278608081182e+01 6.887773253700228793e+01 7.714620291481483605e+01 7.862689624209295403e+01 8.690343629123303515e+01 9.351806064533836604e+01 7.262596774681892953e+01 6.373844816409940961e+01 6.272549565923009141e+01 4.209475760839384151e+01 5.796233861694001632e+01 6.618849787857688227e+01 4.786206116315158710e+01 5.172293352409204203e+01 4.528949552569042680e+01 2.655926135329330862e+01 4.099668922581800246e+01 5.472791907417123980e+01 6.366065221764511506e+01 7.188463396279038875e+01 8.073655418394656635e+01 8.412254671874053713e+01
4.695337527364121244e-02 2.004695337527328647e+01 3.130923107855317156e+01 4.545130434293174204e+01 4.798173139936935883e+01 5.161365037415701806e+01 4.332938007376110789e+01 4.780151602538979461e+01 5.280151602036475111e+01 4.132954469468827341e+01 6.132954465964740365e+01 8.030426243467719871e+01 7.762219394400611350e+01 6.611445556035627646e+01 5.785317278608081182e+01 4.407320441142674383e+01 6.400392745017038010e+01 7.212755468299792483e+01 9.208012594597988709e+01 1.014572870682081742e+02 8.944393780171546382e+01 7.262596774681892953e+01 5.168196124369848832e+01 4.723384986522768259e+01 5.390152948348776363e+01 7.132250528530083500e+01 7.556478694418596831e+01 6.717006383562907956e+01 6.559962831292200747e+01 5.473337861297869722e+01 4.652222804273434065e+01 2.780436664638198963e+01 4.775948042797236326e+01 4.383625890505826561e+01 5.272933059250398458e+01 6.672459374212714067e+01 8.650000596592637692e+01
7.614146464036156137e-02 3.024980587738310689e+00 1.716711621131711851e+01 3.055161594433024774e+01 2.798173142245622458e+01 3.743170183101657500e+01 2.332938008546483033e+01 2.780151604046433178e+01 3.280151604046415770e+01 5.280151602036475111e+01 5.201999437118487180e+01 6.356699975496092492e+01 8.356699957688850589e+01 7.659633209898085227e+01 5.668599214461399072e+01 5.817103322809099097e+01 5.222881310199291249e+01 6.628825687522017063e+01 8.622486664527028211e+01 9.298581201515003158e+01 7.203071126346252129e+01 5.982483047442097757e+01 7.262596774681892953e+01 5.410862212027502949e+01 7.477409852427496162e+01 8.332780313217918433e+01 8.428056417853217397e+01 6.473804547395833708e+01 5.752674415469247293e+01 3.793863554397017168e+01 3.325835956827462780e+01 2.868571887635456008e+01 3.444389456193267307e+01 5.431509525928052540e+01 7.188910477309676139e+01 8.077946078990746059e+01 8.078482270712261482e+01
2.352828262072655108e-02 2.002352828262037221e+01 7.389338392458140170e+00 1.055161605262649260e+01 1.383959579873361001e+01 1.743170183926904571e+01 3.743170183101657500e+01 4.194365166416726254e+01 5.280151602036475111e+01 6.108578590453952017e+01 7.201999429590617297e+01 8.030426243467719871e+01 9.185126562186694343e+01 8.487194867978902835e+01 7.075250318606821054e+01 7.808577978900216010e+01 6.370528460703967966e+01 6.628825687522017063e+01 8.622486664527028211e+01 9.298581201515003158e+01 7.203071126346252129e+01 7.476661334143163629e+01 8.317788444575387530e+01 6.164240933793998778e+01 8.317788444575387530e+01 8.868199481452805344e+01 8.052690516215962191e+01 6.473804547395847919e+01 4.535212201015342970e+01 5.660026242249210071e+01 4.302814353107933698e+01 2.959401758028723251e+01 4.999066074391406289e+01 6.252462835745985359e+01 7.470770586453501494e+01 7.539505407937043913e+01 6.701862078439394566e+01
6.786455232800275850e-02 2.006786444165803474e+01 2.738933851515900031e+01 3.055161604696921174e+01 2.538660118252592213e+01 3.743170183101657500e+01 3.157383746298883409e+01 5.157383743485111438e+01 7.022792063400599716e+01 7.536804793179865669e+01 8.122605158105454848e+01 7.355217090520294221e+01 8.183661295458715301e+01 9.028978185139048662e+01 9.070458311672267371e+01 9.191557563674884079e+01 8.363258956429015711e+01 8.622486664527028211e+01 9.450928822554385533e+01 1.014572870682081742e+02 8.423880747805053204e+01 9.566421431229687755e+01 9.177759170593343185e+01 7.422294464836329553e+01 9.109986147728250216e+01 7.395612107444989647e+01 6.148579635606760263e+01 5.438629422789781387e+01 6.473804547365453743e+01 6.661274827903487505e+01 5.034201000206856946e+01 3.050498395232526505e+01 5.053946967577756766e+01 5.427225172920552154e+01 5.425996648798246014e+01 6.701064617112916721e+01 4.671679951663553965e+01
3.257643153035955086e-02 1.003273726402293420e+01 2.418146924929872199e+01 4.423865811963932515e+01 4.538660116650736143e+01 5.367087131046680071e+01 5.157383743485111438e+01 5.985810719276918945e+01 6.950943838025123966e+01 5.536639740676550048e+01 6.122474521062423491e+01 5.355038817010914443e+01 6.200413625882411850e+01 8.183661295458715301e+01 9.101428671111986546e+01 8.565150338325607038e+01 7.736747718442190092e+01 8.565150338325607038e+01 8.430317685302678399e+01 9.258717421858423791e+01 1.049344424198456664e+02 1.133362808147223291e+02 1.038885066985867240e+02 9.541055969834962980e+01 1.003974461687792399e+02 8.868199481452805344e+01 8.052690516215962191e+01 7.355355058752004993e+01 7.536652449339375437e+01 6.383929051057474879e+01 5.278932123535870602e+01 3.781142355412631417e+01 3.179690953744347937e+01 3.348979746007526614e+01 5.422068011628601880e+01 5.867422081696496150e+01 4.295399229326731216e+01
1.880098487986705744e-02 2.001880098487951187e+01 3.829730219548731895e+01 4.756919381087733711e+01 5.585352831346961011e+01 5.788531739925627306e+01 6.616969816640390434e+01 6.792669646620089452e+01 5.964181533338410190e+01 4.121998006879889687e+01 5.305783404034296069e+01 4.199959635104304567e+01 5.355038817010914443e+01 7.355217090520294221e+01 7.101396182535847856e+01 7.565138160944344747e+01 5.736688770743933929e+01 6.797288072758000510e+01 6.430272861797558903e+01 8.381649126534694005e+01 9.381649093593979671e+01 1.122675634656842192e+02 1.039046670951016864e+02 1.039046670951016864e+02 1.014268557372186024e+02 8.121440663622418299e+01 8.121440663622418299e+01 7.537011107381910335e+01 5.534660970847939865e+01 5.544189191468005617e+01 3.684168106580795410e+01 3.488730508324550783e+01 3.299518867292263735e+01 5.414688954365080065e+01 3.595441139026567612e+01 3.775965432563079816e+01 4.002095743091843616e+01
2.900726248362994752e-02 1.993549893416235719e+01 2.964505061166692457e+01 2.756911449813234327e+01 4.430646472658566637e+01 3.788518672192529380e+01 5.462259472258991622e+01 5.964181533338410190e+01 3.963631771598948461e+01 3.305055221032468182e+01 3.305055221032467472e+01 5.305783404034296069e+01 7.028881004264745513e+01 7.360874417422333238e+01 5.687103067517855237e+01 6.736718244593060945e+01 4.736554058806678569e+01 4.797131074615563051e+01 5.553177101209640654e+01 6.553222062018187444e+01 8.553259787691378335e+01 1.039046670951016864e+02 8.366487642357573407e+01 8.366487642357573407e+01 9.550666262916521987e+01 7.529436036703971524e+01 6.107429982182623718e+01 6.958651054542363568e+01 5.901624760193652008e+01 3.975238875119146797e+01 5.523085284293708241e+01 5.312743294931759408e+01 3.419389659358667899e+01 5.447837367904087102e+01 5.687185505662124285e+01 5.268480260728534148e+01 6.087430009890069726e+01
5.081304048347550645e-02 1.421190460138539891e+00 2.142120491408061866e+01 1.602210251922134532e+01 3.479118922997913899e+01 2.633816441314750634e+01 4.633823642244217211e+01 4.843431548804878872e+01 4.014915871684274862e+01 2.549052123970460570e+01 4.549579230711302813e+01 6.134297519457842185e+01 6.694709688156835625e+01 6.532440173843680498e+01 4.532148298339951964e+01 5.377571121063778037e+01 3.980284501295894017e+01 5.394908243593143737e+01 7.395018920304489995e+01 8.381649126534694005e+01 9.381649093593979671e+01 1.039046670951016864e+02 8.366487642357573407e+01 6.936892747294322703e+01 8.054850536049873710e+01 7.495854400368773440e+01 6.958651054542364989e+01 4.959512183260566331e+01 4.319602441405167070e+01 5.901624760184444085e+01 5.625662325153889753e+01 3.593708033601509300e+01 5.425155144011951336e+01 4.581314466347523506e+01 6.569509374742217744e+01 7.315848460390546393e+01 6.178186104563349801e+01
4.469920835086939326e-02 2.004469920835051511e+01 3.372990606035610295e+00 2.337300662319281130e+01 1.479115553870949817e+01 3.479118922997913899e+01 4.456836613707471173e+01 4.014905292779548773e+01 2.015120125635021608e+01 4.014915871684274862e+01 5.378150709109515049e+01 6.562630697616765474e+01 4.694267906927314726e+01 4.694267906929992051e+01 4.969144022013756512e+01 3.376695141468331940e+01 5.377571121063778037e+01 6.580152991792692774e+01 7.157526875357768859e+01 7.824208343205637561e+01 8.652624495546648120e+01 9.652628210602586023e+01 9.796621994462992689e+01 8.054850536049873710e+01 6.039361306065450208e+01 5.486762861503367361e+01 5.112461292535066804e+01 4.748905913241598142e+01 6.292271430781767805e+01 7.126294535587751966e+01 5.750722109099800150e+01 3.719262167339807235e+01 5.748550143116886346e+01 6.554551767959564756e+01 6.153584715097089486e+01 8.051864394966408156e+01 7.750236410063115500e+01
2.324776005098762310e-02 2.002324776005063356e+01 2.337300662318344635e+01 5.363064986455596816e+00 2.536308276419852348e+01 2.891536290405831267e+01 2.456907825036361714e+01 3.195545853604694031e+01 1.667472416462906537e+01 3.080904915240297726e+01 5.081262391811339540e+01 5.148039961517299190e+01 3.733449210279741237e+01 2.693227216511720457e+01 2.968015705185939979e+01 4.969144022013756512e+01 4.063295878093430957e+01 4.579963138102897346e+01 5.157445181258668043e+01 5.824163939662035006e+01 6.824190578091396731e+01 8.824226108319889761e+01 1.016808187434641582e+02 8.319537801686330170e+01 6.301921032606215789e+01 7.495854400368773440e+01 5.807830811055478648e+01 6.744092139304240163e+01 7.579562346294655129e+01 7.775432355424375430e+01 5.750810016052285789e+01 4.553826207919269820e+01 3.904265318493952464e+01 5.443363711518394865e+01 7.689093060229511423e+01 8.853123273677310578e+01 1.007728622287582851e+02
8.699724428260374731e-02 2.008699724428224798e+01 3.242218819061079671e+01 1.666972047327933382e+01 7.420845866013506154e+00 8.920586576863433592e+00 1.043345063567362985e+01 1.196387449821605919e+01 3.195550990241278910e+01 3.626589157750748171e+01 3.813846278965745995e+01 4.021216825439768172e+01 2.318905827531886032e+01 4.319438651395235951e+01 4.969143782157649269e+01 5.797660045442894727e+01 6.063706210393271334e+01 6.580153023113093980e+01 7.157526875357768859e+01 7.824208343205637561e+01 8.652624495546648120e+01 9.652628210602586023e+01 9.331216675371803149e+01 7.307858928000864296e+01 7.726921669362369016e+01 8.656109988001726663e+01 6.809497005021115967e+01 8.656120643763303235e+01 9.026240886136932318e+01 7.001172523566548023e+01 5.831838867146157668e+01 6.060821922471149037e+01 4.036768552272916111e+01 5.468268257626957052e+01 7.491585259666476304e+01 8.298876613421681725e+01 9.218617784840751028e+01
2.249585233037712170e-02 1.156950123612279313e+01 3.156950116868039302e+01 3.265138561413494500e+01 1.387954559641086583e+01 2.891536289186777964e+01 3.042671135330734344e+01 3.195549891594425063e+01 1.443498488865199114e+01 1.627469475904647211e+01 1.814487342507842982e+01 2.021406387318720022e+01 4.021216662512675555e+01 2.853216370065534235e+01 3.245703383973099676e+01 5.246650932059947792e+01 6.321727447976505943e+01 6.856285585293080942e+01 7.459326924775524503e+01 8.166448104083499970e+01 8.994878069705724499e+01 1.014959013104032977e+02 1.016808187434641582e+02 8.319144636471024512e+01 9.750239705623923214e+01 9.666072647728746858e+01 8.828965452977487871e+01 9.666072647728746858e+01 9.853896678153769528e+01 8.688339255210451029e+01 7.619522967905302835e+01 5.597739934244526694e+01 4.170134241388983298e+01 6.190436942969349587e+01 7.386828980988269677e+01 6.417846896572567061e+01 7.821016614539621514e+01
2.739267172789772165e-03 2.000273926717243356e+01 3.985376265668966766e+01 4.091182736846778312e+01 2.102295899648983379e+01 4.091182755240200208e+01 4.295369249397506195e+01 2.295343126820471014e+01 3.442555274026675960e+01 3.040691575137979541e+01 3.813846278965745995e+01 2.475437398405011891e+01 4.418329829421742971e+01 4.854232893858231535e+01 5.246650932080373053e+01 3.836022505014565098e+01 4.321431712880443143e+01 4.856152182142366769e+01 5.459265068638972451e+01 6.166407380046272380e+01 7.321134780933201114e+01 9.321167577664263604e+01 1.117929922769432665e+02 1.034328871427258747e+02 1.117929922769432665e+02 1.058752068293261317e+02 9.758164129120633845e+01 8.998510823337203135e+01 8.360100234344270120e+01 7.776362787748615801e+01 7.236558769124188473e+01 6.320876019129262602e+01 4.303646337180855852e+01 5.720579258868905015e+01 5.356855560723879250e+01 7.386828991779364628e+01 8.213277197559173715e+01
8.327778614586213435e-02 1.422541340987693737e+01 3.422541340987763903e+01 4.917406590384110388e+01 3.249941279608481892e+01 4.917408418011311966e+01 4.962227155266464962e+01 2.961653437942862155e+01 4.962227155266464962e+01 5.041071047857629850e+01 4.942040139670095300e+01 3.013328326368017329e+01 4.051032597333172447e+01 6.029917820225331582e+01 6.665048282611226682e+01 4.836488061419579054e+01 6.321727447976505943e+01 6.856285585293080942e+01 7.459326924775524503e+01 8.166448104083499970e+01 8.994878069705724499e+01 8.903135636453073687e+01 9.735071691971501195e+01 1.058395154974783026e+02 1.117243699026768411e+02 9.172353129137336225e+01 7.748310399389572467e+01 6.979679279749881005e+01 6.339665606798988051e+01 5.762069144515844954e+01 5.231767857556746293e+01 4.841563314249862771e+01 5.542127507055656821e+01 4.504012469631103954e+01 6.868856418241942663e+01 8.222721884060113950e+01 9.414781844655682619e+01
6.510866554257997707e-02 1.161211404933519731e+01 2.575424967306640056e+01 4.575424967306710755e+01 5.240339985007933876e+01 6.067789981764442331e+01 5.790765782261333783e+01 3.961962768678395719e+01 5.790765782261333783e+01 6.581338614985412505e+01 4.576879320842649435e+01 3.676496073719971491e+01 5.642648224949071789e+01 6.869333972815334732e+01 7.665121075474375800e+01 6.836680881795361131e+01 7.665121075474375800e+01 8.116180335692074266e+01 7.285336443117236627e+01 8.116180335692075687e+01 8.576894900722574278e+01 6.898129521477747517e+01 7.745544816245224240e+01 8.933850740826305525e+01 9.765751922046666778e+01 1.058752068293261317e+02 9.758164129120633845e+01 8.998510823337203135e+01 8.195048942332141451e+01 6.172627702876003042e+01 7.239306485290771320e+01 6.844773604618842455e+01 6.000482419431777714e+01 4.649203740788587425e+01 5.478328481381291937e+01 6.429791774414182726e+01 7.756999774530738989e+01
8.953482861371392376e-02 2.008953482861335971e+01 3.649288173439489924e+01 4.649288173439472160e+01 6.063501735812517524e+01 6.104401351571601708e+01 6.790971362692553726e+01 5.962491541854535626e+01 6.790971362692553726e+01 7.424171113604342054e+01 6.486889839684556591e+01 4.630166856396808583e+01 6.486889839684556591e+01 8.138189396509235962e+01 7.302082206977536316e+01 7.039460236168304164e+01 7.875915427003830871e+01 7.116400546126253346e+01 5.288376060111054500e+01 7.116400546126253346e+01 7.745544816245224240e+01 5.743025924502753554e+01 7.745544816245224240e+01 6.928935261932667800e+01 8.607626370195731624e+01 9.182504538911707925e+01 1.001449590022311327e+02 9.849900797523547169e+01 7.823435258140050053e+01 7.340336797547796266e+01 9.036336499151522617e+01 8.615192155017307130e+01 6.808063397189367549e+01 4.796875937404320922e+01 6.213808523640346237e+01 8.242721595721270944e+01 9.070963082244490749e+01
