MOVIE_S10_data/elevation_000294.asc
nrows	100
cellsize	150.0
xllcorner	0
ncols	100
yllcorner	0
NODATA_value	-9999
[rows 68 to 84 of 100, columns 0 to 36 of 100]
5.009162696260269221e-02 2.569854780357456736e+00 5.109857320361277822e+00 2.510985732036163398e+01 3.368500067623646999e+01 3.760732337900022060e+01 4.197168118372014334e+01 4.668572639163054561e+01 3.823273177542276358e+01 4.977973715921568498e+01 6.977973715921808662e+01 8.253234274766819567e+01 8.868036265782971839e+01 9.682794294401469415e+01 9.354194795580576738e+01 1.018372290733844494e+02 9.853886996296371592e+01 8.436829844766978681e+01 9.438982593616330519e+01 1.026893342665044173e+02 9.904622854322467163e+01 8.746861779212720478e+01 7.916421422433792543e+01 6.424746407928486747e+01 4.436907233735377787e+01 5.796136466672648169e+01 6.624236024534994272e+01 6.524976762712584843e+01 4.539352632972025958e+01 3.139012253148879239e+01 5.120928475685281711e+01 5.569029054654819078e+01 4.743905446167728002e+01 2.910356647403191843e+01 4.894780942523786393e+01 5.799291322806051596e+01 4.514412806392571298e+01
4.695337527364121244e-02 2.004695337527328647e+01 2.510985732036163398e+01 1.003351695953463008e+01 1.368500067623576832e+01 1.760732337899951716e+01 2.197168118371943990e+01 2.668572639162983862e+01 3.375679420349555926e+01 4.270106611349503112e+01 5.424807149728795252e+01 7.424807149729083733e+01 6.880766625662710112e+01 8.538871288806424786e+01 9.963055801396566835e+01 9.149787706756862349e+01 9.963055801396566835e+01 1.044113534246567383e+02 1.019211902916991903e+02 9.359477096679377439e+01 9.074431819282551714e+01 7.068698976247507915e+01 5.913194385368576889e+01 5.210818157534210826e+01 5.425354912577576982e+01 7.254202367773943649e+01 7.424421528686124816e+01 5.432304095138707112e+01 4.291908966988784613e+01 3.407557760634766453e+01 5.387732296092634243e+01 5.909356001315047990e+01 3.812396137844321231e+01 3.018011353746721070e+01 5.002006588074642224e+01 3.816314188409175046e+01 5.798052551122096787e+01
7.614146464036156137e-02 1.421827708837143689e+01 3.421827708837214033e+01 2.417565258326583333e+01 2.782713629996696980e+01 2.915432876279223606e+01 4.197168118372014334e+01 4.082786201536129056e+01 5.375679420349626270e+01 6.204106545213832646e+01 7.098533736268390726e+01 7.651260976247468193e+01 5.732001026466150506e+01 7.651260976247468193e+01 8.974424406031057799e+01 7.166783946369082514e+01 8.974424406031057799e+01 9.479841998995802044e+01 9.032405978404216285e+01 7.351413806747521562e+01 9.032405978404216285e+01 8.746861779212720478e+01 7.916421422433792543e+01 6.206184560786564930e+01 6.836993622608967769e+01 8.254432254130661306e+01 8.254569232845290117e+01 7.102384315140812987e+01 5.673229476941573068e+01 3.694379363449228038e+01 5.543082644595403252e+01 6.513217345939908398e+01 4.781384192734483207e+01 5.002006137080324777e+01 3.171968602982275343e+01 5.155244488418635029e+01 5.387479351304202169e+01
2.352828262072655108e-02 1.416566390635180106e+01 3.416566390635250627e+01 4.417565258326654032e+01 4.782713629996767679e+01 4.915432876279294305e+01 5.743860001130889259e+01 6.082786201536277559e+01 5.953222557094952094e+01 5.122508666973895686e+01 5.953222557094952094e+01 6.831318823825013453e+01 4.842112743899268423e+01 6.831318823825013453e+01 8.158285826562979537e+01 6.174869166004241094e+01 8.158285826562979537e+01 7.471797634880343253e+01 8.005340085194687560e+01 6.194155908871501026e+01 8.200121215687418896e+01 9.432908623518200386e+01 9.040541402176246777e+01 7.622778631736272814e+01 8.841629588743742829e+01 8.952894519802443085e+01 7.796158387223017883e+01 6.965322909494446435e+01 5.968738956077025648e+01 3.989569028957353680e+01 5.338016540425431344e+01 7.188121729078962119e+01 6.699841691476210315e+01 5.978445712658682965e+01 5.153356138275976406e+01 3.331623193092375601e+01 3.450222528114424847e+01
6.786455232800275850e-02 2.006786455232764865e+01 3.003257643152991463e+01 5.003257643152920053e+01 4.534019392445318175e+01 5.338979967294324780e+01 6.008041799638349545e+01 5.707827234237457503e+01 4.953473329155217897e+01 3.125504722846147487e+01 4.953473329155217897e+01 6.202276629022983201e+01 4.211914931384985294e+01 6.202276629022983201e+01 6.651312949944410491e+01 5.513490401701670152e+01 7.497146939709905666e+01 6.054733020024835355e+01 6.000347008254340864e+01 5.438328681994161684e+01 6.593810675947189281e+01 8.600500513531105184e+01 1.010485020382820380e+02 9.628233836739882179e+01 9.686067352265476416e+01 8.120764134074204321e+01 6.119481227942469559e+01 4.976684018294972134e+01 4.557782747487813424e+01 4.467186756503799927e+01 5.637167706015188173e+01 7.701412698944767499e+01 7.264642719886553834e+01 5.269744491301722178e+01 3.872013268870550462e+01 5.313946051161873640e+01 5.431722349509696102e+01
3.257643153035955086e-02 1.003257643153027168e+01 3.003257643152991463e+01 4.223934184675300685e+01 2.607686760035389284e+01 3.856188256094387157e+01 3.888269058631012598e+01 3.704021499254925942e+01 3.703958033137690364e+01 2.126269147621904665e+01 4.123683563834285337e+01 4.922923669439150274e+01 3.658385476478292020e+01 5.650249616903494143e+01 4.666094003545681090e+01 6.651312945908564700e+01 6.732072545399655894e+01 4.900567104501232762e+01 4.587008878168271764e+01 6.000347008254340864e+01 8.005340085194687560e+01 8.460905030404917682e+01 8.091436783829080071e+01 1.010485020382820380e+02 8.853683483044569869e+01 6.846501181729158247e+01 5.696981702551007487e+01 6.965322909494446435e+01 6.541343673318094432e+01 5.012803038339028916e+01 7.013800134594451663e+01 8.559164500790706143e+01 7.744071879714253726e+01 6.259163796352082443e+01 4.275084357621470588e+01 6.256991180803808561e+01 5.743507440183957158e+01
1.880098487986705744e-02 2.001880098487951187e+01 3.271376041790968259e+01 2.443069096050831490e+01 1.466598593085585200e+01 1.839040039605420418e+01 3.787722145937654972e+01 3.703679808740641732e+01 1.704803139751907182e+01 3.701698432782517045e+01 2.591037873578150297e+01 2.928931125015924408e+01 3.413635769824638544e+01 3.912901364882825561e+01 5.900970717082331873e+01 6.166166268613853418e+01 5.336037414586196803e+01 3.902540897319483548e+01 5.901400202260302308e+01 7.418909370173471984e+01 7.456366130217756449e+01 6.451827230030576743e+01 7.610043217873435140e+01 9.623203881432999651e+01 8.640622515519990543e+01 6.634306850864406613e+01 7.694836241067280014e+01 8.526819317483307259e+01 7.620207549164207705e+01 5.608981684946823520e+01 7.620207549164207705e+01 8.324295314266969115e+01 6.317719150349908119e+01 4.913500238804999753e+01 6.259163796352073916e+01 7.078800382523057522e+01 5.886251277003253790e+01
2.900726248362994752e-02 2.002900726248327601e+01 2.259850857713330186e+01 4.428188620682248278e+00 5.730252947926893548e+00 2.573312083470721490e+01 2.827358490514350819e+01 3.035887288556911656e+01 1.424768369602799645e+01 3.423789396084757186e+01 4.586463574230587881e+01 4.922923669439150274e+01 5.259515386327148434e+01 4.528502202658056319e+01 4.603809174546802296e+01 4.811213115530459561e+01 3.337562891832855172e+01 5.336037414586196803e+01 6.732072614304291847e+01 7.456366130217756449e+01 5.454735267037943203e+01 7.456366130217756449e+01 8.870096028010433997e+01 1.045712450663057638e+02 9.473075551446044074e+01 8.051602154215233043e+01 8.051602154215233043e+01 1.006264346029440730e+02 8.334435668212012160e+01 6.314293483040804489e+01 8.334435668212012160e+01 8.545512337050546137e+01 6.536831990351331001e+01 5.483077884846611028e+01 7.482661881023155104e+01 7.296960047188476040e+01 5.304642298756807151e+01
5.081304048347550645e-02 1.323382566435032492e+00 2.598538293045703718e+00 2.260090545085380498e+01 2.509535608509090920e+01 7.625016202023418010e+00 8.986620888751192027e+00 1.036121226698344167e+01 3.032960996800825626e+01 4.088054877062733539e+01 3.750791605998874445e+01 3.932788953999215664e+01 4.117127084832599593e+01 2.400960249488432297e+01 2.605078281570412813e+01 2.812487608672661565e+01 4.579031433278078822e+01 5.384601198414434009e+01 5.715094467270301948e+01 6.172463877764737816e+01 4.881445871085096400e+01 6.030867008185086320e+01 8.036494839935478751e+01 8.915164646916277036e+01 9.749155439636464848e+01 1.006264346029873593e+02 1.006264346029443573e+02 1.089454894485875087e+02 9.171515282432362426e+01 7.478290019463420890e+01 9.171515282432361005e+01 9.393192237066351424e+01 8.117020779032186795e+01 6.111001807326793056e+01 8.117020779032186795e+01 8.127500032808983121e+01 7.297273955329649198e+01
4.469920835086939326e-02 2.001355422497509196e+01 1.016902966116887796e+01 2.893133587790732264e+01 2.026986495793543597e+01 2.762669795453199129e+01 2.455657185519383034e+01 2.708527840269781706e+01 1.263440808329602838e+01 3.263014934645327969e+01 1.750959177043835169e+01 1.932708077614462283e+01 2.116749703382469150e+01 3.889732106156930058e+01 4.459160533256158487e+01 4.811213115057839929e+01 3.177620805464726317e+01 3.444757350431848408e+01 3.721710680747222710e+01 4.178836835106160663e+01 6.172463877764737816e+01 7.142176017687449985e+01 7.643031084828014343e+01 6.903744874845197899e+01 8.325290018886148857e+01 1.033924797400639619e+02 1.029836128363845518e+02 9.471698032072610829e+01 1.029836128363845802e+02 9.503952373742120585e+01 1.033966791782432608e+02 9.542373696251419801e+01 7.526620269546944542e+01 7.526620269546944542e+01 8.961315094804585613e+01 9.036448962813965124e+01 8.205232037144408253e+01
2.324776005098762310e-02 2.002320142274600911e+01 3.042148751782676541e+01 3.949762091424619115e+01 3.437978286599141597e+01 4.021577089546676831e+01 4.638390365859606845e+01 2.965944464878280940e+01 2.779540038333660235e+01 1.495981836665549558e+01 3.495506317659990714e+01 3.932786324561740798e+01 3.791450254489203786e+01 2.850129694168494154e+01 4.882910009061009760e+01 5.886799287838992001e+01 4.967650490022302279e+01 4.735456028111062210e+01 4.534237545175995621e+01 4.285029904457639560e+01 4.699533903352917719e+01 5.143401553274433269e+01 5.639610816265778936e+01 6.793006234282502476e+01 8.214315743708067430e+01 1.022826090502934591e+02 9.293867859727301095e+01 7.457224836818994618e+01 9.293867859727301095e+01 1.053940955537758271e+02 1.147077995414148575e+02 1.039600988936716561e+02 9.542373696245743986e+01 9.542373696263456395e+01 1.005342146702707424e+02 8.219256053958619646e+01 6.213650034134695233e+01
8.699724428260374731e-02 1.422913302068430852e+01 3.422919646420267270e+01 5.227985863909361797e+01 5.430509234607314539e+01 6.015390347638972912e+01 5.701708481107033322e+01 4.884433410401299369e+01 4.192297639167147594e+01 3.495523722678214540e+01 2.113032572738331538e+01 4.043266726163776070e+01 5.298308766004507220e+01 3.410836204340535716e+01 5.447107494454616017e+01 7.336342047272970035e+01 7.305277766599520817e+01 6.627800359274515074e+01 5.423457309875166032e+01 6.279103714958645810e+01 6.107808197869175615e+01 6.553822445881912984e+01 7.053821388822024119e+01 7.053821388822024119e+01 9.065509124007387243e+01 9.712262246263443899e+01 7.696901172437026162e+01 6.433687864915015098e+01 7.696901172437026162e+01 8.645341937128011978e+01 1.005806093432352100e+02 1.036034576548141217e+02 1.118471192453020961e+02 1.064147216110609264e+02 8.634953150910254749e+01 7.215863145500382814e+01 8.219256053958619646e+01
2.249585233037712170e-02 2.002249585233002094e+01 2.399558739163071763e+01 3.562695445979652931e+01 4.229362112646331440e+01 5.057789237392550774e+01 6.057789237392586301e+01 6.260419661996495222e+01 4.264778650086428513e+01 3.112282602152881239e+01 2.715829295231084117e+01 4.712182208468537681e+01 6.278183449659658777e+01 5.447216604638282433e+01 4.427332353269513732e+01 5.876447217278726498e+01 7.949728103689395198e+01 8.257845649347684969e+01 6.836234119041039037e+01 8.257845649347684969e+01 8.113413738298476119e+01 8.562587190210960841e+01 9.065509124007233765e+01 9.065509124007381558e+01 9.899476911819745339e+01 9.402633022288402742e+01 7.696901172437026162e+01 5.653587494669249480e+01 7.696901172437026162e+01 7.213408538836377204e+01 9.052324431168844399e+01 8.358210782071954270e+01 1.003079766266795474e+02 1.086093560865948717e+02 8.854452440804520563e+01 9.222648962416873530e+01 9.726923656221730141e+01
2.739267172789772165e-03 4.853451767899470859e+00 9.853451767899514380e+00 1.562695445979582232e+01 2.229362112646260741e+01 3.229362112646295913e+01 5.229362112646366256e+01 7.089135330463102491e+01 5.936096544039140355e+01 4.264778650086428513e+01 4.127658548563481133e+01 3.783379978534491528e+01 5.778755311441074838e+01 7.339762906123502262e+01 5.876447217278726498e+01 7.339762906123502262e+01 7.243226236203084056e+01 8.074673060414407644e+01 8.845679839428362357e+01 8.235821543618395424e+01 7.399299169377843555e+01 7.136468763290329775e+01 7.973377931072037939e+01 8.147493566507546348e+01 8.727403458077102982e+01 8.454611364956375041e+01 6.556085729729259981e+01 5.102958647611418996e+01 7.048020662193101771e+01 6.188310027777876599e+01 8.039590508282302039e+01 7.186881559869935643e+01 9.204412593852056546e+01 1.063314959092973311e+02 1.086093560865948717e+02 1.031479800905241717e+02 8.310176181865064393e+01
8.327778614586213435e-02 2.008327778614550851e+01 2.985345176789986965e+01 3.562695445979652931e+01 4.229362112646331440e+01 5.057789237392550774e+01 6.057789237392586301e+01 7.191096623455187853e+01 7.089135330463102491e+01 6.260419661996495222e+01 6.123347578639059918e+01 4.935105694368571960e+01 5.778755311441074838e+01 7.776781443946444483e+01 7.949728103689395198e+01 6.906172062620157703e+01 5.212441851885471067e+01 6.906172062620157703e+01 7.342724887473734441e+01 7.399299169377843555e+01 5.365888904844215546e+01 5.101295587485297744e+01 6.800855224231302998e+01 6.130831047763032160e+01 6.721497824138560873e+01 7.055608892745142668e+01 5.624387997718253018e+01 4.607229756246439223e+01 4.999902993129366990e+01 5.484816555226038304e+01 6.001621112975914940e+01 6.780845681873951492e+01 7.800609422360940926e+01 9.808261794594636740e+01 1.098084157471903097e+02 9.979137595118338311e+01 9.149865117690534078e+01
6.510866554257997707e-02 1.420724428927365501e+01 3.420724428927435667e+01 4.918400190109579029e+01 4.834083848876711897e+01 5.000972257594086301e+01 5.829399382340247371e+01 5.191096623455329961e+01 6.605310185828274427e+01 7.898203404641694192e+01 7.760516731943432944e+01 6.931202120255130694e+01 7.016233568867271231e+01 6.172186151682642219e+01 7.016233568867274073e+01 6.070752325251221748e+01 4.039810183797653309e+01 6.070752325251221748e+01 5.314116327399268869e+01 5.836653760572941252e+01 5.008063317710109175e+01 3.928894123466275090e+01 5.549029617011613880e+01 4.690722934119086318e+01 6.721497743397422653e+01 6.222251864435109070e+01 4.180274433608874318e+01 6.222251864435110491e+01 7.048020662193101771e+01 7.530098159455509688e+01 8.039590508282302039e+01 8.804435608477788833e+01 9.631695410340599040e+01 1.063314959092973311e+02 1.015213536753083332e+02 8.147594867850237677e+01 7.142373453676638917e+01
8.953482861371392376e-02 2.008953482861335971e+01 2.089973065363489368e+01 3.034970107043930554e+01 2.834083848876783307e+01 3.000972257594157711e+01 4.362669498709168892e+01 3.776883061082284598e+01 5.069776279895704363e+01 7.052903943020974964e+01 6.805082737537753701e+01 5.987971436122350610e+01 5.986553866461091644e+01 4.103859568781069100e+01 5.494652709992146100e+01 5.352705845041546695e+01 3.327661992751264108e+01 4.447078702813726636e+01 3.880965631949568007e+01 4.250298310454758877e+01 2.980570504227108231e+01 4.588151490119260245e+01 3.522194768268361997e+01 5.549027260150881347e+01 5.320288019045568717e+01 5.540476743371009860e+01 3.898601112123958501e+01 5.936317831592968730e+01 6.681519528450513690e+01 7.163633873330259405e+01 7.673823672684231667e+01 8.260311402194056996e+01 9.088865384769215439e+01 1.009289705158452648e+02 1.098084157471903097e+02 9.979137595118341153e+01 9.149864579462636982e+01
