MOVIE_S10_data/elevation_000703.asc
nrows	100
cellsize	150.0
xllcorner	0
ncols	100
yllcorner	0
NODATA_value	-9999
[rows 17 to 33 of 100, columns 37 to 73 of 100]
5.064885976611426344e+01 5.002629187339028505e+01 6.492849397192260597e+01 8.414598810405281881e+01 7.633614952267227238e+01 6.226750467234688102e+01 5.168945224119531190e+01 5.421236122823837889e+01 5.682136160716213880e+01 7.657524145242659586e+01 8.484353460078774845e+01 7.140228346384893143e+01 7.633004155480692532e+01 8.777933451703094647e+01 1.079632771005819478e+02 1.166181695526548481e+02 1.054068768489504464e+02 8.543604846060271996e+01 7.140595365009325235e+01 7.200494926796405082e+01 7.610653806746503847e+01 9.433459974984633334e+01 8.621862787777614301e+01 6.632790665132188224e+01 7.214736847287886690e+01 5.844377341574559637e+01 7.816135487297624707e+01 7.590164731039632784e+01 9.572918999336231138e+01 9.487576411214556060e+01 7.507436236358552151e+01 8.087405865873962796e+01 7.459861198593026188e+01 6.908253123218433700e+01 6.393900991943824152e+01 5.503085599270924178e+01 3.502584210952179689e+01
4.385585214753757555e+01 6.365317511403581108e+01 7.055716768581088161e+01 8.982738661862396157e+01 9.040370710680220157e+01 7.146651561034238398e+01 6.565453481240822953e+01 6.557019384758379488e+01 7.657524145242659586e+01 6.082363548513637852e+01 6.501223679870692251e+01 8.484328821280764998e+01 9.631315922800747842e+01 1.047604879011132084e+02 1.164348573507972873e+02 1.128123847970327063e+02 9.281018863212942449e+01 8.130662588243184530e+01 8.284781105686293756e+01 8.085820528478504343e+01 9.602301897759167559e+01 9.602301897759167559e+01 9.459781973719893244e+01 8.621862787777614301e+01 8.278224480498333548e+01 6.298407513165713567e+01 7.439107809823313744e+01 9.426048041949297840e+01 1.039522628173351677e+02 1.031077471011606121e+02 9.487576411214556060e+01 9.300908440877211092e+01 7.317501268853290242e+01 7.145404644079998491e+01 5.906560120770257782e+01 3.909463129453043706e+01 3.922458369176003146e+01
4.287638282907255416e+01 6.279356454013201727e+01 7.357832524180608402e+01 8.187531296374838519e+01 9.057783747645999028e+01 9.137016870673809876e+01 8.549790256686387124e+01 7.954833389582323377e+01 8.061517190746002370e+01 8.061517190746002370e+01 6.675141818180402709e+01 7.152832257007432304e+01 9.142388975944362528e+01 1.076414399119350946e+02 1.177316313383582553e+02 1.210956914290420627e+02 1.095481832672917335e+02 9.281018863212942449e+01 9.695238424043080272e+01 9.236016615205970481e+01 1.090980851671345562e+02 1.160130046004149023e+02 1.026712243251912895e+02 8.283775823297769136e+01 7.139959500544732407e+01 7.696348116897627278e+01 9.098874220370450416e+01 1.024834220878095294e+02 1.100366634143459521e+02 9.020838599620284981e+01 9.020838599620284981e+01 9.000042582210745934e+01 7.317501268853290242e+01 5.327682280442201801e+01 4.327374054286163130e+01 5.906560120770257782e+01 4.359782417102596241e+01
4.771384028727243276e+01 5.952789612077116743e+01 5.370801793386570466e+01 7.357832524180608402e+01 7.061074685935811601e+01 9.057783747645999028e+01 9.389348669166848538e+01 9.954689146223167029e+01 1.006247021689862748e+02 9.493029997885615501e+01 7.815025776970334448e+01 8.554079860443924588e+01 7.926704980215912144e+01 8.919226021398164050e+01 1.034077142367081024e+02 1.236847732511607774e+02 1.210956914290420627e+02 1.128123847970327063e+02 1.169559285282960985e+02 1.123620902575317331e+02 1.206455411587419491e+02 1.240474858461844292e+02 1.108189232368971915e+02 9.939566045885979406e+01 8.283775823297769136e+01 8.757793906290916652e+01 1.047623211656388378e+02 1.094155474139018906e+02 9.950779765708375635e+01 9.020838599620284981e+01 7.040188651853377166e+01 7.768165583132899599e+01 6.192443904879461058e+01 4.780757092284795107e+01 6.322591774647749219e+01 6.824626235244402039e+01 4.831683850344265352e+01
3.193978530117162506e+01 3.956986239317112819e+01 5.952789620010084803e+01 5.444808492555528545e+01 6.878609497395501648e+01 7.390138542668643140e+01 7.390138542668643140e+01 8.974007018927071044e+01 9.975623514011303428e+01 1.065068166756445862e+02 9.814004404678907179e+01 1.056268962158684133e+02 9.335587029959268079e+01 9.185248146130054181e+01 1.060927849308323090e+02 1.263718517178886458e+02 1.177726240874260952e+02 1.094489872171932490e+02 1.068452553006621031e+02 1.151670459735387197e+02 1.181745707741254279e+02 1.039832857056163107e+02 1.181745707741254279e+02 1.108189232368971915e+02 1.026712243251912895e+02 1.072623341866763980e+02 1.152025076841652123e+02 1.011766383459472252e+02 8.139219925651993037e+01 7.149734243154470903e+01 6.446770577238285682e+01 5.781518569673431074e+01 5.281307238923533021e+01 5.934399207208911520e+01 7.591527360588395368e+01 7.398902421177088229e+01 5.409551357952526729e+01
5.198446842634290022e+01 3.690175983022464123e+01 4.063091355732177590e+01 4.453706998130424921e+01 4.899839429832863402e+01 5.408995069224383911e+01 6.153250568871064274e+01 7.142624250721837598e+01 9.140781485319611477e+01 1.096332386641336143e+02 1.096332386641336143e+02 1.180340855994957394e+02 1.135462437439344683e+02 1.120323860766261816e+02 1.204149756219784422e+02 1.228776799078787860e+02 1.094489872171932490e+02 8.940289780959039945e+01 8.680370607596385923e+01 1.035877609485082331e+02 1.092073185015472347e+02 8.981762923945740340e+01 1.092073185015472347e+02 1.117721212213276090e+02 1.034467133297731749e+02 1.008429348419017515e+02 1.091662449883615551e+02 1.094155474139018906e+02 9.950779765708375635e+01 9.128441880123349961e+01 8.331752535266205939e+01 6.348208834893823393e+01 5.988141601607213715e+01 7.915488528936195678e+01 8.732089403797142779e+01 8.026600299021875173e+01 6.041645322578201416e+01
6.516992462605128367e+01 5.691020781579560150e+01 5.473166952736558954e+01 5.854382553343361195e+01 6.038675557079220368e+01 7.390138542668643140e+01 7.023776485473274533e+01 8.974007018927071044e+01 9.975623514011303428e+01 8.945521149760064361e+01 8.945521149760064361e+01 1.096332386641336143e+02 1.101189144759092784e+02 1.185198998571742095e+02 1.199276056642017494e+02 1.098964714739938415e+02 9.449538940184737612e+01 9.449538940184736191e+01 7.524696984771439645e+01 9.527426146079541525e+01 1.008967538085258582e+02 8.086459385142511280e+01 1.008967538085287714e+02 1.034467133297731749e+02 8.344200736658480366e+01 8.085215044243825844e+01 9.401640450163087337e+01 9.401640450163087337e+01 1.023287499364133737e+02 9.732120567838285297e+01 7.751701103861128672e+01 8.331752535266205939e+01 7.136475463624272209e+01 7.393351124309897671e+01 9.372969129051986670e+01 8.026600299021875173e+01 7.446550760794546875e+01
6.700223373346378253e+01 7.452941284210459116e+01 7.458382284469686851e+01 7.840637162164240692e+01 8.025980597367971825e+01 8.857784027532156301e+01 9.020262758304349404e+01 9.854374908393116073e+01 9.536521882371168601e+01 7.534773507008692661e+01 8.981008383166290798e+01 9.584731126966394754e+01 8.993581966482980761e+01 1.101189144759092784e+02 1.116021343468779321e+02 9.155527362864884822e+01 8.154406487984817886e+01 7.446902681890198039e+01 6.892650318097889794e+01 8.316336633726466232e+01 8.638754968075309648e+01 7.453872631035518737e+01 9.456202861680120009e+01 1.077137276096497516e+02 8.930125008755977944e+01 6.937188706531442506e+01 7.406192716573792723e+01 7.406192716573792723e+01 9.401640450163087337e+01 1.055547119503619342e+02 9.732120567838285297e+01 9.937395622365860959e+01 9.116110819149875510e+01 9.372969129051986670e+01 1.019449838735777405e+02 1.000828024139072312e+02 9.426963761058549096e+01
4.728672168024443323e+01 5.461436884680030346e+01 6.602273325405028004e+01 8.614975326124128685e+01 9.728541957890473668e+01 8.893333613373482649e+01 9.728541957890473668e+01 9.638087655669150422e+01 8.828796957145860347e+01 6.833248498110859259e+01 6.984081264836036951e+01 7.582409308377590662e+01 8.732688183317881681e+01 1.074864343310553636e+02 1.199276056642017494e+02 1.098964714739938415e+02 1.015787039877634186e+02 9.449538940184736191e+01 8.316336633729831362e+01 6.316526779156563265e+01 6.638144107006679917e+01 8.638754968075332386e+01 9.615153378178871435e+01 8.784446897834867229e+01 7.939225222803808890e+01 7.990645826238764471e+01 5.999518150846330400e+01 7.990645823485067467e+01 9.165829383005817022e+01 1.032023598498600876e+02 1.079535006535751762e+02 9.967134714857969868e+01 9.935635521059946029e+01 9.107803635991069768e+01 9.935635521059946029e+01 9.919559815942584180e+01 1.074778872974565616e+02
6.700223373346378253e+01 7.452941284210459116e+01 8.288616462424643316e+01 9.452021133217044735e+01 8.728622385457752841e+01 6.900342316657157937e+01 8.728622385457752841e+01 7.633958195505603328e+01 7.633958195505603328e+01 6.204447175410505366e+01 8.197749125967168027e+01 9.584731126966394754e+01 1.042278597610021222e+02 1.158878097620082741e+02 1.087549789337234500e+02 1.004396414121613788e+02 1.079651481553496382e+02 8.791954758463758424e+01 7.931473047774537122e+01 5.932654834659538068e+01 7.931369805467907952e+01 9.468806041994979239e+01 8.784446897835213974e+01 6.789439718346223174e+01 6.531031323018986257e+01 7.521332532470822230e+01 5.529443094877331788e+01 6.343479442233727639e+01 7.492527946689678231e+01 9.488932720571681045e+01 9.642104662117796465e+01 7.970487279209963560e+01 8.937164868471629120e+01 7.111534044016082134e+01 8.507710157795924033e+01 7.922902881359763683e+01 9.919559815942584180e+01
7.900932983855182101e+01 9.332458827978921079e+01 8.501663996810258084e+01 7.738883292090552857e+01 6.913027726185788424e+01 5.929217487356260108e+01 7.896837965015321004e+01 7.197541453958687896e+01 5.634045442820856664e+01 6.193521897739080373e+01 7.600037507262614156e+01 9.603341964043643486e+01 1.112887469051741078e+02 1.087549789337234500e+02 9.718345584189879105e+01 8.041065181192037414e+01 9.387581581801288166e+01 8.557012723951106636e+01 6.791104599252143714e+01 5.638371618221899695e+01 7.050584492538884263e+01 9.051924401570009593e+01 8.665013834353892719e+01 6.669079862966420080e+01 5.380616651466291245e+01 6.569696471619985800e+01 5.082879222229522753e+01 6.079890544450125134e+01 7.487252688645403964e+01 9.483617760328581880e+01 8.749082679913121297e+01 6.818121197752651597e+01 8.109668840003577372e+01 6.113525374107530297e+01 6.511499724659320520e+01 8.012262353097403889e+01 8.839789782776944094e+01
8.119731468845790801e+01 8.090326765259575836e+01 6.517449665011413629e+01 6.881530789475499432e+01 5.024169482228376182e+01 6.525660203448545360e+01 6.780918500519284464e+01 5.177886754433185956e+01 6.611890767877956421e+01 8.186791797872547249e+01 7.130439033683597927e+01 8.279100828525112377e+01 1.028963684096935793e+02 1.004396414121613788e+02 8.041065181192037414e+01 6.885987877047607242e+01 7.886788882267090628e+01 6.556106612144634482e+01 6.975067070817128467e+01 5.361355948041178721e+01 7.359636304775949611e+01 7.698232075186618317e+01 6.949642450190999909e+01 6.667414263890542259e+01 4.674553473973733730e+01 4.575400881374867623e+01 6.569696471619985800e+01 7.903636002922880266e+01 8.901075170855617102e+01 9.333323384791232513e+01 7.336873699816720773e+01 5.925374224532687606e+01 6.980580861800967796e+01 5.358837116466319372e+01 6.600644216412401022e+01 6.015933067395322098e+01 8.012262194508605262e+01
6.130608863682164156e+01 6.102488014627274282e+01 6.828332205830454882e+01 4.959003341319094460e+01 4.576143462279098628e+01 4.490392319128150689e+01 4.738852124423689816e+01 6.780918500519254621e+01 8.029058722303939533e+01 9.446226676872063877e+01 9.128853332969239887e+01 8.539234454420639508e+01 1.055231922619246205e+02 9.938186125266065574e+01 7.935403846116709303e+01 6.780396357477893332e+01 5.887083311104227334e+01 5.402796774779058353e+01 4.976640817758436697e+01 6.654610936002775645e+01 7.483786411099052316e+01 6.493017858187779723e+01 5.033897655523081482e+01 5.726159620765188407e+01 4.098906381307959634e+01 6.092968642633904608e+01 7.397013284232782837e+01 7.378784989340239520e+01 7.378784989340239520e+01 9.380796146112294309e+01 8.392187976037162400e+01 6.395874049627241220e+01 4.984550981897669431e+01 6.197673530521513641e+01 4.604922558125583265e+01 6.015933061326946785e+01 8.012257662990693063e+01
5.392638749000938958e+01 4.705858290439363145e+01 5.696224354516384381e+01 4.324150510164746208e+01 4.168824642010605430e+01 6.420721533113164980e+01 6.780918495790567135e+01 5.559841573484944632e+01 6.982943992492019447e+01 8.983725449574362187e+01 1.010369032910401188e+02 1.055231922619246205e+02 1.139168431188028450e+02 1.076963819366629593e+02 9.612566866505221697e+01 8.716955913456740745e+01 7.886788882267099154e+01 7.375322349900852714e+01 6.000779069695681045e+01 4.656372852356150815e+01 6.346276102207266945e+01 5.930973006395857539e+01 3.935074071114970451e+01 3.771794676150123138e+01 3.817064883602498782e+01 5.808061706845873573e+01 6.225023357825715919e+01 5.380411223733531045e+01 6.792746505108397059e+01 8.793607046045327991e+01 8.141300795505921428e+01 7.678353081661842339e+01 6.197673530521513641e+01 4.205059614263021928e+01 4.182727241582662003e+01 6.175154843049147502e+01 7.592972592438647439e+01
3.402745219332225446e+01 3.555581192868036311e+01 3.710901104796530348e+01 3.871948438797025460e+01 4.113589412412404300e+01 6.133829348856820474e+01 7.289912360384479939e+01 7.568959313599143002e+01 6.513032217538479074e+01 7.266181110589747050e+01 8.416326630233029960e+01 1.042858385541005930e+02 1.147271106134586489e+02 1.046975198863874965e+02 9.638125060675329792e+01 8.970688618187526231e+01 9.533186198528764521e+01 8.632403716715874964e+01 7.428322449687334483e+01 6.346276105636761855e+01 4.348001181833317474e+01 4.174610845122976599e+01 5.930972971476534639e+01 5.531356390771024678e+01 3.545899489775059266e+01 5.333305662015679616e+01 4.231081973279817277e+01 5.639579576742220013e+01 7.638409674118493342e+01 7.562651143857493707e+01 6.158167158621763804e+01 6.851098855071420246e+01 4.856505811857005028e+01 3.717135110544655419e+01 3.784683054539223690e+01 4.771163186390752031e+01 6.765741379804531164e+01
4.736878492708516575e+01 5.541759226334856692e+01 4.193356590974295983e+01 5.875652392154155024e+01 6.128460436291062763e+01 4.463472532453040031e+01 6.462390755287569277e+01 7.633211534618327221e+01 8.510641234969043012e+01 9.266806599605851602e+01 1.010369032910401188e+02 1.126779908342404468e+02 1.064033570589719631e+02 8.635914415453510173e+01 7.635815733211917689e+01 6.970036170777478901e+01 7.531255672705324855e+01 7.601586827279945169e+01 6.772277642601419245e+01 4.774153265395517565e+01 6.346247582074325067e+01 5.327693221745440155e+01 7.001016332457945168e+01 5.531356777088706167e+01 5.333305662026921112e+01 3.359061794227798003e+01 5.142892675298054428e+01 5.970223210657919566e+01 6.734808184528951358e+01 6.587734742768144258e+01 4.805171470625524677e+01 6.587734735474276704e+01 5.256245257033855722e+01 3.294975855830972478e+01 5.256245256666946375e+01 6.595312015198258848e+01 7.592973339327120641e+01
6.553765503505901791e+01 7.186976398719001224e+01 6.510997264244838334e+01 7.417574375237319373e+01 6.097164671298603622e+01 6.462390755287569277e+01 4.820931395205822412e+01 6.805122003106808393e+01 7.990823809852581405e+01 9.404272161255121887e+01 9.816509727485393455e+01 1.065700209387191961e+02 1.147271106128729627e+02 1.046975198863874965e+02 9.638125060675329792e+01 8.117607548254659378e+01 6.119067887386150772e+01 5.603784968748409057e+01 5.232804597836668137e+01 5.927511331466088507e+01 7.601305797920005602e+01 7.326157004536463546e+01 8.155629899197181487e+01 7.529902113897004767e+01 6.161325393394184147e+01 5.142891829118148195e+01 3.184379656990975604e+01 4.805858794513227394e+01 4.388819569443399615e+01 5.655491540890366053e+01 3.880269118430157249e+01 5.763597827195148682e+01 4.986844186035737181e+01 3.045728195613007117e+01 4.986844186035737181e+01 6.693064527760014926e+01 7.647531830414374099e+01
