MOVIE_S10_data/elevation_000050.asc
nrows	100
cellsize	150.0
xllcorner	0
ncols	100
yllcorner	0
NODATA_value	-9999
[rows 68 to 84 of 100, columns 0 to 36 of 100]
5.009162696260269221e-02 1.419222725069342772e+01 3.419222725069271718e+01 3.688673018640369605e+01 2.953584082707769909e+01 4.367797645080815272e+01 6.367797645080744218e+01 6.851191869845084170e+01 4.766034601398034454e+01 3.306611975513911261e+01 2.410395355284583374e+01 4.460989524217636415e+01 4.705609752255183764e+01 2.723055169575576784e+01 4.705601497524769883e+01 4.122488602680234493e+01 2.098043474895922955e+01 3.530341917323417533e+01 5.552115360811858125e+01 5.411460196905098030e+01 4.417666852679664657e+01 1.916180651670740787e+01 1.586671521258201167e+01 3.481766207900550114e+01 4.757879457157215342e+01 6.502507302431361325e+01 6.129818137201883843e+01 6.962232917858122505e+01 8.434386347790717764e+01 8.085878717446237829e+01 7.256240404537234667e+01 6.045800516601703123e+01 5.892251877407532135e+01 7.038353256478835362e+01 9.036158673460781188e+01 9.048248543602176142e+01 7.223046795187100599e+01
4.695337527364121244e-02 2.004695337527328647e+01 2.688673018640422896e+01 1.688673018640440660e+01 3.688673018640369605e+01 4.341180067943714249e+01 5.048286849130249720e+01 5.876713973876410080e+01 6.231209631327622134e+01 5.057532648374869666e+01 2.991046648482462444e+01 5.057532648374869666e+01 5.366299597162436896e+01 3.384230061968527536e+01 4.794497812082508403e+01 2.778521375734573340e+01 4.122505667042226207e+01 4.963371150879335403e+01 6.014883936634112871e+01 3.978278565005589940e+01 2.550984374653854303e+01 2.367027932215264840e+01 1.659005748820556292e+01 3.656129921888773993e+01 3.698336347105212951e+01 5.233427221691393072e+01 6.120471892438406059e+01 7.938719659407769313e+01 6.439931370762140261e+01 6.439931370762140261e+01 5.268853773013480435e+01 4.902165750842301861e+01 6.887525831966591738e+01 7.544472228802341363e+01 8.125585498057377265e+01 8.220566783029245528e+01 6.230100453068845923e+01
7.614146464036156137e-02 3.456758483554420724e+00 6.886730186404583343e+00 1.105701846754604389e+01 1.708724535910121034e+01 2.341180067943785659e+01 3.048286849130320775e+01 4.202987387509531203e+01 6.202987387509460149e+01 5.753193196484021144e+01 3.666211552156586606e+01 5.753193196484021144e+01 6.118255861395309836e+01 4.128766588853194008e+01 5.299278734868571661e+01 3.280155043737455856e+01 4.704348147618799203e+01 6.735568227320689516e+01 5.619355266644605251e+01 3.512913006960564388e+01 4.568597619346845562e+01 4.021627517534689389e+01 3.656130642624656701e+01 1.761363968657773782e+01 2.903943944752860418e+01 3.322566210031877887e+01 5.298937728516698087e+01 5.956922809229654092e+01 6.272983221529415943e+01 4.453971536552467825e+01 4.123175075990258875e+01 6.108822197843129231e+01 6.958871964204219296e+01 5.556775286806046665e+01 6.138339038165671724e+01 6.668714016895810914e+01 5.570629256050714417e+01
2.352828262072655108e-02 2.002352828262037221e+01 2.688673018640422896e+01 2.519915409127674266e+01 2.048510888336651092e+01 4.048510888336579683e+01 5.048286849130249720e+01 5.876713973876410080e+01 7.031414512255520322e+01 6.609061413989168443e+01 4.701245864893550674e+01 6.609061413989168443e+01 6.961167215341279757e+01 5.114026119911680013e+01 5.883718152112211897e+01 3.859160622902933113e+01 5.883718152113131339e+01 7.070904550545665757e+01 5.018103866817416758e+01 5.128255817152035689e+01 6.129503296876288942e+01 4.908908451633437409e+01 4.568467483534477935e+01 3.756646720665857941e+01 1.863333253771508424e+01 3.857559933877393377e+01 4.848679205408284076e+01 4.553207211850392611e+01 5.445497091545242796e+01 3.457399760362952179e+01 4.885472570281833526e+01 5.030748970453163338e+01 5.178384483956854467e+01 4.153845980339890076e+01 5.858391011448354391e+01 4.685609206171427132e+01 5.987379222127820100e+01
6.786455232800275850e-02 2.006786455232764865e+01 3.648181348826858539e+01 4.519915409127602857e+01 3.462724450709696100e+01 3.313421952403957960e+01 4.727635514777003323e+01 6.727635514776861214e+01 7.191804869360520058e+01 7.652480385013485886e+01 6.805140528074484507e+01 7.652480385013485886e+01 7.971401924478848855e+01 6.526682208242776539e+01 6.560492091080649857e+01 4.530170274206354009e+01 6.560492091085427546e+01 7.902976364631017248e+01 7.070904550545665757e+01 7.330689614476214899e+01 6.195198966177219546e+01 4.851843030726189454e+01 3.198321574224187103e+01 1.989673553442934306e+01 3.856345303202293451e+01 2.032878500155313262e+01 2.926497272333214994e+01 4.916635025692981742e+01 5.480178417490469656e+01 4.689841574631744692e+01 2.890966159482925235e+01 3.038627376919547274e+01 3.187460760638749946e+01 3.338000173342435772e+01 3.873327488464706647e+01 5.731249967236941956e+01 4.003477038128050935e+01
3.257643153035955086e-02 8.197542240807690561e+00 2.233967786453889204e+01 4.233967786453959548e+01 5.462724450709625046e+01 5.313421952403886905e+01 6.141849077150047265e+01 6.605795069704795708e+01 5.191200486458739505e+01 6.605795069704795708e+01 6.090384420843516011e+01 6.919007136300935201e+01 7.919283104603245249e+01 8.560882227347822493e+01 7.407258890061116574e+01 5.541225744167503819e+01 7.407258900393006229e+01 8.692375608665311404e+01 7.859428242433428125e+01 7.758869842968697128e+01 5.856934881344301402e+01 3.463420288816291759e+01 2.116195151587688628e+01 3.393733362329276559e+01 4.745020933357123027e+01 4.027456536569388845e+01 2.204633643563941447e+01 4.196176102390178642e+01 4.498379846853691078e+01 2.695826056442247420e+01 4.107344826593263321e+01 5.027108323622327646e+01 4.597427070536280524e+01 5.328370754837459344e+01 3.565724549069346949e+01 3.744460195624549215e+01 5.149912573408695948e+01
1.880098487986705744e-02 2.001880098487951187e+01 2.819754224080804761e+01 4.819754224080875105e+01 5.892699594817140252e+01 6.719863403768690091e+01 6.952248526132747486e+01 5.711032066874697932e+01 3.776306014710015546e+01 5.020911093626799726e+01 4.089583034291636920e+01 5.090076079176314039e+01 6.504788075533059555e+01 8.505191817638156238e+01 8.427826331789401593e+01 7.579758438068894577e+01 8.427826343734867010e+01 7.859428242404254661e+01 5.864199858080360173e+01 6.448588721848987859e+01 4.734859232000698626e+01 3.327398944794797586e+01 2.206174484171740957e+01 4.197874118442310021e+01 6.015473857244899136e+01 5.005033114246097625e+01 4.125486688202926189e+01 2.378384225607577562e+01 2.503292734541355458e+01 4.498380017353438376e+01 5.503361613908981553e+01 6.885630684579328431e+01 6.593074044146099766e+01 5.929322790506522978e+01 3.944627089299698497e+01 5.731249977301558118e+01 6.555064401101988381e+01
2.900726248362994752e-02 1.417114288621445439e+01 3.417114288621374385e+01 4.478752075922280085e+01 3.893075837112246518e+01 5.892699594817140252e+01 5.959725562859296133e+01 4.125922004259363263e+01 2.881353697449628015e+01 3.019933256005631250e+01 5.020911093626799726e+01 6.482948917954924184e+01 7.311553071148085792e+01 8.466525808477992143e+01 9.762027086088251338e+01 8.608861814762447295e+01 7.778573506169212237e+01 7.079224044743340016e+01 6.448588721849002070e+01 4.462736120789289629e+01 5.386971682859503119e+01 4.291944122873942291e+01 2.296926495440898108e+01 3.448861475288388334e+01 5.420399123758640769e+01 5.784978480234659060e+01 3.793081593549074881e+01 3.791517123855183513e+01 4.489446461915241571e+01 2.975747493517535602e+01 4.971604844830893200e+01 6.084466307632570192e+01 6.905174578318738554e+01 6.753634788736896155e+01 5.929322790820105382e+01 4.519897332670690560e+01 5.919096607979368230e+01
5.081304048347550645e-02 2.005081304048312063e+01 3.409793191567423776e+01 2.478872685113996610e+01 4.478752075922280085e+01 5.580203807248342684e+01 4.549880141872458239e+01 3.135649201678065978e+01 2.124832593337643871e+01 4.126046600107651585e+01 5.327821754905953355e+01 4.482209982351203337e+01 5.637431935194168631e+01 7.637946595737288646e+01 8.927691730245692270e+01 6.937360582241893781e+01 5.800514519795659396e+01 5.105295705574071263e+01 6.196456454924192769e+01 5.387105857024003086e+01 3.408078650924434783e+01 3.785545644789456787e+01 2.388526126732953614e+01 4.358474119460388607e+01 6.129813262993469181e+01 6.615929578599354954e+01 5.789958777275786872e+01 5.785656415040707401e+01 5.784515288563159885e+01 3.870226045463466846e+01 3.511103456483287033e+01 4.137400527370508030e+01 5.508353327349198025e+01 7.475326226049612899e+01 6.933729884977697111e+01 4.952088231118170114e+01 6.933729884977697111e+01
4.469920835086939326e-02 2.004469920835051511e+01 1.409827837120939797e+01 3.409793191567423776e+01 4.956032362552568316e+01 4.129026762292728137e+01 2.750463571767108206e+01 1.720342788964570246e+01 3.721736012678764638e+01 2.659811126158484740e+01 3.326893121080531301e+01 5.327821754905953355e+01 6.578379034833169214e+01 7.406092524697452006e+01 8.300238871827315279e+01 8.608861814762447295e+01 7.778573506169212237e+01 6.196456454924192769e+01 4.211873730288735374e+01 5.298463292837973881e+01 3.607070594666080865e+01 2.519192358586087721e+01 3.554070836228285657e+01 5.124047723574350499e+01 6.104157947332814871e+01 6.635221596549952494e+01 7.434850408023228852e+01 7.490481879213280081e+01 5.496776449098524608e+01 5.862628212147543394e+01 3.998397894531623109e+01 6.024197088424717350e+01 5.297028515685456540e+01 7.140809832735635609e+01 7.401548174036371108e+01 5.416783996653115452e+01 6.817697271291179106e+01
2.324776005098762310e-02 5.570249722303237228e+00 2.557016335795189477e+01 4.237938762209756760e+01 3.801963538555725819e+01 2.128320928187843819e+01 1.335066685956412691e+01 2.490783938025764499e+01 4.491929821935757161e+01 4.074814912565162928e+01 3.367355638079428815e+01 3.945025925555413693e+01 4.577831432851287019e+01 5.472699853377408630e+01 6.887300091834927684e+01 8.886636892785243447e+01 8.179816939076177107e+01 6.196456454924192769e+01 5.471789304578928892e+01 3.455995823283537760e+01 2.961054187330475074e+01 2.612859162058791185e+01 3.046049204417492717e+01 4.856360892554477715e+01 4.307151003990402671e+01 4.797255549994524415e+01 6.076280662130488253e+01 7.984624380990914005e+01 7.490481879213280081e+01 6.626195952514999021e+01 4.524264678974678588e+01 6.626195952514999021e+01 6.430179274432889258e+01 7.948861580995703946e+01 7.933288092763388022e+01 5.943699498015838145e+01 7.933288092763388022e+01
8.699724428260374731e-02 2.008699724428224798e+01 2.311892541770821552e+01 2.469366964428995459e+01 2.628345532157145570e+01 9.726957238754145862e+00 2.974155286604230142e+01 4.165333689507682635e+01 5.320602127811122273e+01 6.074949631375513093e+01 4.522669883111502287e+01 5.945746591882938503e+01 6.578379034833169214e+01 7.406092524697452006e+01 8.300238871827315279e+01 9.214889080419573020e+01 8.079124956691673276e+01 7.258085134808339944e+01 5.716395170893058264e+01 3.717192123854829333e+01 4.750159626340052910e+01 2.712749900484766741e+01 4.580011419589772714e+01 3.651715986029969230e+01 5.425159490423335029e+01 6.635221596392612753e+01 5.831309119018189335e+01 7.166279030482422741e+01 9.102504918854371851e+01 7.426456088716844306e+01 5.310463207406075270e+01 5.848379882342972280e+01 7.243813462945350068e+01 8.909832616023307139e+01 8.534431950272204404e+01 6.540663329888623423e+01 8.534431950272204404e+01
2.249585233037712170e-02 1.565529441066472405e+00 3.113177016371209582e+00 4.684532686089036169e+00 6.270667013073569329e+00 2.628354944126177983e+01 3.760389009369318103e+01 4.512418237300018831e+01 4.512418237300018831e+01 6.514747381102597501e+01 6.523189211157598777e+01 7.350868350929725636e+01 7.027642339613451838e+01 7.027642339613451838e+01 7.858048345488458608e+01 8.387006955349860959e+01 6.432846509126949286e+01 5.305769016886356582e+01 4.552355647455693344e+01 5.716395170893058264e+01 4.842924298121841531e+01 2.812883464793865329e+01 4.824934049593127838e+01 5.423844677478606968e+01 5.425159482567532621e+01 7.283387081704741206e+01 7.733386463277633993e+01 7.733386463277635414e+01 9.676344068900853301e+01 8.331287559896966854e+01 6.386340596644912182e+01 8.126629767229567847e+01 8.926778599185553276e+01 9.980343015772322701e+01 9.240121724941268155e+01 7.244129624611254314e+01 9.240121724941268155e+01
2.739267172789772165e-03 2.000273926717243356e+01 1.466322725609844113e+01 2.469366964428995459e+01 2.628354944126177983e+01 9.286420880245929155e+00 2.931203257339536350e+01 2.508830896148637279e+01 4.512418237300018831e+01 5.247662482215341129e+01 6.077490077208929620e+01 6.438207789075967469e+01 5.018367232663480593e+01 5.018367232663480593e+01 7.027642339613451838e+01 8.601010247722335578e+01 8.079124956691673276e+01 6.160699166635790647e+01 6.519421363473793463e+01 6.099236694798202052e+01 4.085886885672773161e+01 2.913257551775431509e+01 4.939981317490191515e+01 5.726631384664050728e+01 6.030406294045133819e+01 6.680764904623760003e+01 7.428784546573857028e+01 8.309877205296406544e+01 9.534703746320646189e+01 9.688481120760498300e+01 8.725770999048825161e+01 9.485819588048703110e+01 1.041783280970835932e+02 1.125885372827829372e+02 1.006831968818508329e+02 8.395761699503930231e+01 1.006831968818508329e+02
8.327778614586213435e-02 2.008327778614550851e+01 3.466962391320056014e+01 4.295549187980356720e+01 2.931203257339536705e+01 2.931203257339536350e+01 1.241209464008428931e+01 3.245238339476181721e+01 3.826582385138683406e+01 3.240856601681149840e+01 4.431574547886746984e+01 4.785080112458624768e+01 3.593903684871433057e+01 4.601792892439387117e+01 5.763438534145998915e+01 7.771032728580514970e+01 8.940727849823112194e+01 8.115552098813178361e+01 8.164311400146473829e+01 6.908969303294493614e+01 5.762841970729918017e+01 4.941029474727042015e+01 3.056335424344116092e+01 5.086041745854703322e+01 4.002708512697572019e+01 4.622795116141145400e+01 5.345951309474449431e+01 6.534503697393162724e+01 8.663518777512763336e+01 9.734881387797325658e+01 8.895534124547606325e+01 8.410764141916590120e+01 8.343078778797463713e+01 1.004889335185108905e+02 1.085565786167534981e+02 1.039353896962876291e+02 1.122221401341824247e+02
6.510866554257997707e-02 1.420724428927365501e+01 3.420724428927435667e+01 5.100387428983912486e+01 4.933311158643056160e+01 4.074785449602178744e+01 3.245238339470701305e+01 1.572767559236674018e+01 1.819526272532578304e+01 2.080752005147735773e+01 2.420342841410253243e+01 2.770584335591644276e+01 4.589128274089510029e+01 5.835530184061828862e+01 6.696185217811465407e+01 7.555497750514362565e+01 8.582268133304383184e+01 8.489403316185376980e+01 6.529063711620301547e+01 5.375910605713427515e+01 4.606940244510379046e+01 3.923750018516830806e+01 5.025589831388951723e+01 3.202277556369575962e+01 5.262950294438712007e+01 6.680764907019472787e+01 7.428784546573857028e+01 8.309877205296406544e+01 8.225755882208054004e+01 8.677407373937701607e+01 7.044586490184593686e+01 6.685787371160341763e+01 7.373112717698153062e+01 8.103860164565412560e+01 9.476959194753246152e+01 1.142966455070109930e+02 1.107496361779309098e+02
8.953482861371392376e-02 2.008953482861335971e+01 3.467399037415126628e+01 3.100393271368039905e+01 5.100387428983912486e+01 4.996075080050638917e+01 2.991307673982206694e+01 2.991307673982206694e+01 2.718140318398197408e+01 4.089032566462533680e+01 2.732747501720222161e+01 4.738588783864399545e+01 3.444743277401661885e+01 3.953315401476423574e+01 4.639656688310436294e+01 5.678122931735102696e+01 7.738512019736059244e+01 9.292465425842659954e+01 8.164311400146473829e+01 7.357580330080278941e+01 6.608776711635664469e+01 5.939424094876449800e+01 5.309700457545837082e+01 3.307681169090302831e+01 4.750918724819615591e+01 6.765576894350540726e+01 8.735361231064851495e+01 7.648090342518078444e+01 6.250130339889318520e+01 7.244661385878653448e+01 5.917138872677960393e+01 7.872974537694413755e+01 8.708220630365114800e+01 1.004889335185108905e+02 1.085565786167534981e+02 1.074669256788123022e+02 9.085510729775329253e+01
