MOVIE_S10_data/elevation_000211.asc
nrows	100
cellsize	150.0
xllcorner	0
ncols	100
yllcorner	0
NODATA_value	-9999
[rows 34 to 50 of 100, columns 37 to 73 of 100]
7.684899604236086645e+01 7.946768064980780366e+01 9.958033077002980349e+01 1.018777274037595220e+02 8.198569416444195213e+01 7.059901003171965783e+01 6.516438270432114166e+01 8.458270781994097831e+01 9.879328628082382124e+01 9.725342260034554442e+01 7.749682209423626489e+01 9.066788909830913212e+01 1.069941532667752284e+02 1.163532697259392421e+02 9.607397443811424864e+01 9.607397443811424864e+01 1.020136425102338791e+02 1.112800425779297484e+02 9.276900401078725622e+01 1.112800425779297484e+02 1.125622053044493214e+02 1.009751663704253843e+02 8.363860918870726380e+01 7.248166647208267932e+01 8.020665589962175090e+01 9.442252423441799181e+01 9.952202434299826450e+01 8.379742475784671285e+01 6.371410685794158013e+01 6.110581937831408794e+01 7.790517070423501877e+01 7.582212197242351692e+01 5.581932697394679366e+01 4.422723291237430487e+01 4.512525793468405055e+01 4.513317523129335740e+01 3.992533518876237508e+01
6.508201846597587803e+01 7.880262776065077901e+01 9.882390339444232552e+01 1.001956102147562717e+02 9.194402244294585103e+01 7.981305189175479597e+01 6.007451609478146537e+01 7.139244593304631792e+01 9.078561212793826485e+01 8.409805930555710063e+01 7.095839972005300922e+01 7.896989762063471119e+01 9.034749023947809121e+01 1.102003815814964724e+02 1.104621559107902158e+02 1.163532697259392421e+02 1.222349063339079294e+02 1.214040657433113495e+02 1.130889323866799714e+02 1.214040657433113495e+02 1.042553450640376695e+02 8.417987228632821939e+01 7.248166647208267932e+01 6.324092509241706495e+01 6.575766687807313815e+01 8.428796483281551843e+01 9.597840009997864286e+01 9.209623455053196039e+01 8.379742475784671285e+01 8.119468844609991720e+01 8.949500872129873130e+01 8.396697406035997346e+01 7.247574521976622464e+01 6.427350289006751893e+01 6.515449185450722780e+01 4.941645134609203183e+01 3.946215717139148893e+01
5.868357971308102350e+01 7.293364870351007312e+01 9.297165011084820208e+01 9.194402748940922265e+01 7.217571837459360040e+01 7.599183782585853919e+01 5.626446858499969750e+01 7.520062940593435030e+01 7.816955809543608780e+01 6.441171192268282653e+01 7.830963688736612482e+01 9.807254721229840300e+01 1.069941532667752284e+02 1.184786519396211872e+02 1.305756765959557413e+02 1.261290481804366692e+02 1.163776456459142423e+02 1.082993192819970858e+02 1.163776456459142423e+02 1.186340454093754886e+02 1.080787432656840679e+02 9.988211914723441964e+01 9.196473055157142085e+01 7.592900923765783716e+01 5.522234845237048262e+01 6.734279543521738276e+01 8.765799539044897415e+01 9.402314356264604100e+01 8.581314640867392995e+01 8.581314640867392995e+01 8.992841794200212746e+01 7.467102128813199613e+01 6.598589656762224820e+01 6.450536661377756786e+01 5.106939363510829111e+01 4.109761856054316809e+01 2.103492407206865167e+01
7.164799793138224970e+01 7.840448808384969936e+01 9.776702673822289569e+01 8.872807930254163011e+01 7.733831261182655226e+01 5.823610069930136035e+01 5.257767854496471216e+01 5.547531934372640450e+01 5.846386039481193819e+01 7.816955809543608780e+01 9.001821637001373233e+01 9.572351581224256734e+01 1.023321821044190330e+02 1.106106812454736996e+02 1.205823277120658901e+02 1.163776457671983451e+02 9.834057622204406357e+01 8.838183316209101292e+01 1.064796312198449044e+02 9.889023756159302536e+01 9.988211914723441964e+01 7.992325681128760095e+01 8.576907224471770519e+01 7.170227979221635906e+01 5.082989052023044252e+01 7.170227979221635906e+01 8.274811223228216761e+01 8.581314640867392995e+01 6.665479453472792670e+01 6.665479453472792670e+01 7.506557326145829734e+01 5.675928275521040689e+01 4.520793846411239514e+01 4.441653963746349376e+01 4.274999227315857553e+01 2.268289562426534900e+01 3.521602549979832020e+01
6.520302403156946980e+01 7.357573283677356812e+01 9.210804127105414807e+01 8.052959021954286811e+01 6.080154080650412851e+01 4.936806177032494247e+01 6.914246425969076881e+01 7.520062940593435030e+01 7.238566297900658242e+01 6.522649373705013431e+01 7.029869963395309185e+01 7.595977879957312950e+01 8.250618322788982084e+01 9.237825236757684877e+01 1.122861118412612456e+02 1.082993192821433155e+02 8.838183316209101292e+01 7.834067394330998013e+01 9.049596914595295516e+01 8.474386458617139795e+01 9.832461442580411415e+01 8.576907224471770519e+01 6.556651512003043081e+01 6.768538659613862762e+01 4.673415637884640006e+01 6.218332397856239879e+01 6.218332397938515754e+01 7.132723381450844613e+01 6.335970456692500363e+01 5.420610478791692088e+01 6.932277443907874215e+01 5.377100479920980547e+01 3.434732792340962249e+01 4.441653963745770994e+01 2.434957813134212046e+01 4.274999227315822736e+01 5.106897547146878935e+01
5.494843306459023324e+01 7.455967941349894090e+01 8.841842581910646004e+01 8.101652281890220308e+01 6.125061592400645338e+01 4.723731054081595460e+01 6.125023867427913160e+01 8.099897526371786682e+01 9.213311560088590113e+01 8.492665904241236774e+01 9.001821637001373233e+01 9.572351581224256734e+01 1.023321821044190330e+02 1.106106812454736996e+02 1.205823277120658901e+02 1.163776456866959563e+02 1.064796307679028473e+02 9.049596914595295516e+01 7.042610705336666399e+01 7.309270578615496561e+01 7.897304099434155944e+01 6.999009653772543516e+01 7.495902260420245966e+01 5.438025180889852095e+01 6.215127027938913074e+01 4.126471123619422343e+01 5.950027393310289625e+01 5.766794948552858813e+01 4.524251144395498159e+01 5.764974472518174764e+01 4.917508346013742226e+01 4.748322280601793466e+01 2.741958159238190262e+01 2.614335509673812297e+01 4.418472863233090209e+01 2.921809105886391933e+01 4.928180979629055969e+01
6.199039161249770302e+01 7.492093108951995362e+01 6.862417077872214577e+01 8.264333675279436875e+01 6.498163457963003964e+01 4.515948347384908601e+01 6.498163458057788944e+01 7.284176088221312284e+01 9.263460434576295199e+01 1.003852095628690648e+02 9.195110977342774561e+01 8.929832707646886547e+01 9.649041249897460659e+01 1.049288947556129017e+02 1.167139160317605189e+02 1.176298821382654722e+02 1.077355175042567481e+02 9.867528866258430753e+01 8.361206324018688463e+01 6.338686442132233623e+01 5.853977745410477240e+01 5.529370940512561106e+01 7.081406462279291247e+01 6.180681787410307493e+01 4.437871752257681379e+01 5.947312196091879599e+01 3.867343300018772112e+01 3.691391360635317653e+01 5.428524889759896865e+01 4.319669200736747428e+01 4.081215059976653237e+01 2.926424625229376275e+01 4.748322115150181588e+01 4.620758090978582544e+01 5.437889509078804906e+01 4.928180979629055969e+01 3.430699765576078875e+01
5.510471377118157932e+01 5.510469359379597876e+01 5.462783999144554059e+01 7.442177385150399971e+01 6.295854361225647011e+01 4.311149148737521131e+01 5.307532735837114757e+01 7.284176043948617973e+01 8.799436099332910999e+01 8.867806871645780120e+01 7.170868814226669485e+01 6.909727556160561335e+01 7.614812300646788401e+01 8.784662729735529751e+01 1.082980426692425198e+02 1.095546728753556494e+02 8.964439294301755012e+01 7.960392954052433367e+01 7.198481762404819051e+01 6.552052855036890833e+01 7.897304099434155944e+01 7.165272210049162993e+01 5.083882374037004581e+01 4.781263267401448047e+01 6.244909820106762766e+01 6.675343196835075332e+01 4.859151183905999716e+01 5.515872786122719873e+01 3.453663652436499376e+01 3.288318706332285046e+01 3.124914842445392438e+01 4.924626548938586978e+01 3.461454831399459664e+01 5.468465472743121580e+01 6.868971320338211228e+01 6.270172825899621927e+01 4.849211590141192829e+01
3.520552004846524596e+01 4.205050828913964267e+01 5.526089989966139626e+01 5.673491443195167960e+01 5.823812163569866129e+01 4.112486783513134014e+01 6.099339157640584119e+01 6.001326574946229186e+01 6.860353684676505281e+01 7.318145693230378868e+01 6.023128308080358551e+01 8.026414219562695962e+01 9.649041249897460659e+01 1.049288947556129017e+02 1.113961104348301632e+02 1.176298821397588341e+02 1.077355175042567481e+02 9.204190521942058467e+01 7.984582302975289281e+01 7.984582302975289281e+01 9.390411876471515029e+01 7.758854345529584862e+01 5.692214320624907486e+01 5.477199054991058347e+01 6.129570475389370898e+01 7.551428939814492480e+01 6.217559643489287424e+01 6.374193608328985050e+01 5.516930167052939282e+01 5.334007394233803012e+01 3.399665091296830610e+01 5.406386878548521935e+01 5.468465472743121580e+01 4.027347195872918917e+01 5.447698003720576310e+01 7.459111039360949746e+01 6.859618845529401199e+01
3.244174786739245064e+01 3.388661810567764832e+01 3.536384582814752520e+01 3.684944976219157553e+01 3.834570521342151750e+01 4.085081911018005485e+01 4.339975260369951116e+01 4.598913192087523782e+01 4.866165598307043183e+01 5.322678351214174342e+01 7.318145693230378868e+01 8.260822472366139380e+01 8.773478938648717929e+01 9.480364620061048697e+01 9.107457496020558096e+01 1.113961104348301632e+02 1.199535419705717914e+02 1.079624144996773083e+02 9.402450005063013805e+01 9.983083398455443103e+01 8.778166455338337926e+01 6.739641225940295044e+01 7.758903840639310090e+01 6.308998811970511866e+01 7.104085584675371479e+01 8.569923091247973446e+01 8.264349661439223382e+01 8.276853675887456063e+01 6.263206569644839306e+01 4.838891406883627155e+01 3.679523149949952909e+01 5.690149699394552840e+01 6.869025503626201612e+01 6.036834339372946090e+01 4.677767648788557153e+01 6.100486038497746222e+01 8.111638987517282828e+01
5.058600192410758467e+01 4.534232343988225011e+01 5.492041195009166898e+01 5.673259196785271286e+01 4.390217989104210261e+01 6.044980023674132497e+01 6.324151387324855023e+01 6.579895045096878903e+01 5.851945785702999814e+01 5.371396214115137724e+01 5.814616379459771878e+01 6.280154299974270771e+01 6.787968982410399121e+01 7.480989984659042591e+01 8.623568318695343748e+01 1.065077013359514524e+02 1.201226240101294138e+02 1.118394469961252042e+02 1.138485641155015884e+02 1.005721487060602897e+02 8.034861755668632100e+01 8.778166455338337926e+01 7.797546579213859275e+01 8.304120762013621970e+01 8.183329020238176099e+01 9.116891469144977123e+01 8.090061360919096956e+01 7.319537104573271336e+01 6.888293585760580129e+01 5.989484843226015442e+01 3.974519781760436388e+01 5.136980527902682780e+01 7.154027394793550343e+01 7.247748130090818108e+01 5.235096857379307522e+01 6.320579293578642677e+01 8.331221985821029818e+01
4.908492766521275996e+01 6.444289101371838058e+01 7.201416937022852949e+01 7.166911058391623612e+01 5.432094054042149622e+01 5.703831939073641166e+01 7.789092347451730802e+01 7.704010089098322567e+01 7.704010089098322567e+01 5.997271185846226160e+01 7.793905659832104504e+01 8.260822472366139380e+01 8.773478938648717929e+01 8.183335173056261169e+01 1.019821202129194262e+02 1.149546550271808769e+02 1.086489361766085864e+02 9.201794335002394121e+01 1.086489361766085864e+02 1.089249812139995441e+02 9.467121954100174719e+01 1.072569992472924838e+02 9.048621511280464347e+01 1.049898325299755442e+02 9.707139501739564480e+01 8.340512690309088839e+01 6.425034055812321299e+01 5.282744531738375571e+01 4.858723735308504388e+01 4.462261895845162485e+01 4.707821374342213261e+01 6.633282212718913229e+01 7.987573067743780086e+01 7.918461549451654946e+01 5.906321291369134485e+01 7.247748130090818108e+01 9.161743879679730185e+01
5.764227804436708169e+01 6.538439045917819215e+01 7.359937427550178768e+01 8.365656848708366056e+01 7.520103142748129699e+01 7.789092347451730802e+01 8.632240457961677293e+01 9.477275272910377169e+01 8.774576883715124609e+01 7.957429044778236005e+01 7.046233062098173150e+01 8.173042275418281122e+01 1.013859847420696667e+02 1.019821202129194262e+02 1.104168740062718967e+02 1.094054822000460376e+02 1.003954965303055360e+02 8.064436126394151927e+01 1.003954965303055360e+02 1.166999486654003704e+02 1.148182519269473829e+02 1.188271288173618956e+02 1.106835854548200189e+02 1.014302926588606368e+02 8.090397194604933873e+01 6.870755760142569102e+01 6.009486529295350010e+01 7.319537104573271336e+01 6.888293585760580129e+01 5.225993750937463744e+01 6.633282212718913229e+01 6.042115248631070301e+01 8.060485515046704563e+01 8.749248649786666476e+01 6.807383264304276338e+01 8.749248649786666476e+01 1.008638030650224806e+02
5.029507787541097485e+01 4.554469724047719126e+01 5.958684981199822772e+01 7.938090061756150817e+01 8.120306110075159722e+01 8.242113519880716410e+01 9.047421334401818172e+01 8.975031458882010327e+01 9.759073743723040195e+01 9.824762175986836610e+01 9.003784073728978399e+01 9.824762175986836610e+01 1.096428034697925540e+02 1.154305064721030476e+02 1.151888741236711269e+02 9.533584029523379400e+01 8.136564897193014190e+01 7.364226253849832915e+01 9.341241568881601154e+01 9.683098006339581332e+01 1.109101238560901095e+02 1.178338569070267852e+02 1.096908297900261573e+02 1.098097793754253786e+02 9.800903290790490985e+01 8.754643195772182196e+01 6.698590674815697810e+01 8.754643195772182196e+01 8.082132694978066922e+01 6.236301792965097945e+01 8.082132694978066922e+01 8.060485515046704563e+01 8.913565513058105694e+01 9.647313417903060895e+01 8.229847600586398926e+01 9.647313417903060895e+01 1.099644087278741296e+02
3.290424366418299940e+01 5.283484707752609921e+01 7.204273677837271350e+01 6.387721835747742460e+01 6.143788151537037123e+01 6.244497702040035847e+01 7.464451795166608861e+01 7.058596447233111348e+01 8.597384017249112276e+01 9.441650807790659883e+01 9.507094113809068858e+01 1.151098149883146817e+02 1.096444314023779327e+02 9.557124667277921048e+01 1.096444314023779327e+02 1.020199192531300838e+02 8.716054432428040855e+01 6.733123456194103085e+01 8.716054432428040855e+01 8.285450443174039492e+01 1.009909644834168176e+02 1.066156861143007148e+02 9.035506261745432255e+01 1.035595514201627481e+02 1.116729393005664690e+02 9.597049466770027948e+01 7.731869015516863897e+01 9.597049466770027948e+01 9.091651136829661084e+01 8.256925835873512654e+01 9.091651136829661084e+01 9.786867068761972632e+01 9.786867068761972632e+01 1.059476357098568258e+02 1.023568155608214738e+02 1.001366813260321607e+02 9.201337338582266057e+01
3.477606579939153875e+01 5.468520886325269714e+01 5.931489526187581163e+01 4.403458819092137588e+01 4.740878936890020867e+01 5.099168367141799507e+01 5.497528149413458465e+01 5.920977662356749249e+01 6.620579701833780462e+01 7.507009481981535259e+01 8.919763904024655687e+01 1.092503467186206478e+02 1.013878891986557420e+02 8.159882279168068919e+01 8.996266638157739237e+01 9.378113174491173254e+01 7.398396169435913805e+01 6.246222932828631969e+01 8.235123028703192460e+01 7.294227200834770031e+01 9.275248533174037391e+01 9.790565438378912688e+01 7.907214735354676804e+01 8.413836946701211161e+01 1.035595514201627481e+02 1.063568376743067034e+02 9.785681038024161182e+01 1.063277471025659651e+02 1.007711283093425578e+02 9.274466438997814066e+01 8.580497028080868915e+01 7.822584780812221084e+01 7.822584780812221084e+01 9.786867068761972632e+01 1.059111734744583941e+02 8.625671610195969663e+01 7.215126964436470303e+01
5.468395477421968565e+01 3.748019218491148763e+01 3.945197224707219874e+01 5.932469042475346299e+01 6.722690453023309942e+01 6.499463461070384085e+01 7.472880373749758576e+01 7.904364505244613781e+01 6.853903309443087721e+01 7.740174163750731395e+01 8.888715405552444793e+01 1.088370634523622158e+02 1.013878891986557420e+02 8.159882279168068919e+01 7.014735679705307803e+01 8.187310011868308379e+01 7.704798001758923931e+01 5.817287666686942060e+01 6.296010558051889916e+01 8.284737864590489664e+01 1.009909598315590387e+02 8.982670196243215344e+01 7.006674610418289717e+01 8.982670196243215344e+01 1.043776267830726567e+02 1.069558669678702643e+02 1.151232473567785348e+02 1.038908717097444452e+02 8.451449625483841999e+01 7.308616595125128867e+01 6.602252692023171221e+01 6.415130097445059221e+01 8.397909742788073117e+01 8.469449063185989246e+01 9.281675028335162381e+01 1.001366813260321607e+02 8.054598244401974227e+01
