MOVIE_S10_data/elevation_000523.asc
nrows	100
cellsize	150.0
xllcorner	0
ncols	100
yllcorner	0
NODATA_value	-9999
[rows 51 to 67 of 100, columns 0 to 36 of 100]
6.455108993161302877e-02 3.986873792695301955e+00 2.398689326547983214e+01 3.424902150847697158e+01 2.241387565246310487e+01 2.873843097128683155e+01 4.288054111066888652e+01 6.287946386597221959e+01 6.826750628479342708e+01 7.650041820855489050e+01 6.439195018047158214e+01 4.432172952121749887e+01 4.432172952121861442e+01 5.493075744898121826e+01 4.602305521251806653e+01 2.630136401837471638e+01 2.514635414777004030e+01 2.777040929196083141e+01 3.925318699255836918e+01 5.699402127341369351e+01 5.110588274200714665e+01 7.120924517496288786e+01 8.434918191877575566e+01 9.286787859409685097e+01 8.273105635108419165e+01 7.438438136411993185e+01 6.760445772055260250e+01 5.411149601590732772e+01 3.397072467003054186e+01 3.065547816369580758e+01 5.078592790318126049e+01 7.077718985822741615e+01 7.920039906585442679e+01 8.234561044534093810e+01 6.795076410033126990e+01 7.018422809050412070e+01 9.057456340036577558e+01
3.995603441288197999e-02 2.003995603441252626e+01 3.227138343953489397e+01 4.392340377708080723e+01 4.241524334645661298e+01 4.873803605386090254e+01 5.702035626401161039e+01 5.912431852686975020e+01 4.785524929752951806e+01 6.480644707279145678e+01 6.439195021073045666e+01 4.432172952121861442e+01 3.020199860514172130e+01 3.490857557716773130e+01 3.823078654899111228e+01 2.148927548785684394e+01 4.142268692129367480e+01 3.925318698742047729e+01 5.604352224899073320e+01 5.931050587241421823e+01 7.120924517496288786e+01 7.952239568367620848e+01 7.443636718511912420e+01 8.286048050300587420e+01 8.194456773048619880e+01 7.020863382208115411e+01 6.179166130986202887e+01 4.908059556968017034e+01 2.898189704261203303e+01 4.908139367750243309e+01 5.921251519424141208e+01 7.409173218975570308e+01 7.147242723608788140e+01 6.304927189823914802e+01 5.357755589280802866e+01 7.227130253046098574e+01 7.227130253384629555e+01
4.804567899273937126e-02 7.607309505192222154e+00 1.577183346552492083e+01 2.730707647158632767e+01 4.136364121732199806e+01 6.098257952975414042e+01 5.304664396753718592e+01 3.866466298980973448e+01 3.600039458662770642e+01 5.648249723689631452e+01 5.493824526354236326e+01 4.663194280555707394e+01 4.077293687327155425e+01 2.083290907729568886e+01 1.829727017378373333e+01 2.492621179524372366e+01 4.488307392586473554e+01 5.931043118546057968e+01 6.762658140314178468e+01 7.940082300144464966e+01 7.866527596722578153e+01 7.025580002115997047e+01 5.426254672714987493e+01 7.118542275807172359e+01 7.353236828856006468e+01 5.319751741796178379e+01 4.156855450477125657e+01 3.448963284029817800e+01 2.783676184251281072e+01 4.792464975480501721e+01 4.547317185122869887e+01 5.459194494082156979e+01 5.791020192073956707e+01 4.281673168902663207e+01 4.719081687485065402e+01 5.192580672573944867e+01 5.831061416082603444e+01
9.707512844716031930e-02 1.243209607574828901e+01 3.173872331514678891e+01 4.392340377708080723e+01 4.920164193444468026e+01 5.004319717176590387e+01 4.465715735565609634e+01 2.427058902568009557e+01 4.465715735587305346e+01 5.310209437971447244e+01 4.663194280536948355e+01 2.665153452011550428e+01 3.250366061594444034e+01 1.530264940825629694e+01 2.938764644076247379e+01 4.488307392586473554e+01 3.641309418143278975e+01 4.796372641048321839e+01 6.805022924472771706e+01 6.857296017459411530e+01 6.020372570704969917e+01 5.024094605978758921e+01 4.294330770697040123e+01 6.225448154953890878e+01 7.382036354912750653e+01 7.018724610099411620e+01 6.179203665327707284e+01 4.678921693151677630e+01 2.671128826218170005e+01 4.678921548740755298e+01 3.126884659433518721e+01 3.442432132112771370e+01 3.774501432813691082e+01 5.196009682168996591e+01 6.150224151992507871e+01 7.227130253384629555e+01 6.852601430480636679e+01
5.001202446392439237e-03 2.000500120244393187e+01 3.858917511302045966e+01 3.507699438632014477e+01 2.905986065584233913e+01 3.069804300653291662e+01 3.104592877836878628e+01 1.850933698739009969e+01 3.877118649199819345e+01 3.294488818785804085e+01 3.294535737830025823e+01 3.250366061189883027e+01 1.255648942377993471e+01 3.250366061594444034e+01 4.353728282844846120e+01 5.768928063914626847e+01 5.645328142629845303e+01 6.476824410310435098e+01 7.636164638572725494e+01 6.020372570563380776e+01 4.052454564177144647e+01 4.628844403337899394e+01 3.447307219651634824e+01 4.549470229445807234e+01 6.541511199796330800e+01 7.158587120425858075e+01 5.994390535039672585e+01 3.974305199243620024e+01 2.558990010022395722e+01 2.697092543072931292e+01 4.706612210335736535e+01 5.459176602887481522e+01 3.512430502987542980e+01 6.593357581032577741e+01 8.069135501311343717e+01 9.030331812534548419e+01 8.893592409272581278e+01
5.279685921607564503e-02 2.004734921408092418e+01 2.266606126318036374e+01 5.380975580731569785e+00 1.898801661138785946e+01 2.954575721484435391e+01 1.101190277077749080e+01 2.479741217284593802e+01 2.514021131686861210e+01 2.569104561423434063e+01 1.460031065011245133e+01 2.795311886193527684e+01 1.068401514620802040e+01 2.478734448968965154e+01 4.481687190942420074e+01 5.088366625734141735e+01 5.921930200361233432e+01 6.070127308852854497e+01 6.176439614872805350e+01 5.347416326453931390e+01 4.628844400344307530e+01 2.714087265225772683e+01 4.052454564177104857e+01 6.020372570253957889e+01 6.588865973150319633e+01 5.186999069268772899e+01 6.588865195252999740e+01 5.404261659236730253e+01 4.406757800328323782e+01 2.401112635882374846e+01 4.405488633541485655e+01 5.327820619455300744e+01 5.874646999831873728e+01 6.598789241699857655e+01 7.444307499447289445e+01 8.459867827392452000e+01 9.638907261290732720e+01
5.738623160518319517e-05 1.999983670067462427e+01 1.359419802360606111e+00 1.904563526404314810e+00 2.015890217351607916e+01 2.306096567445322520e+01 1.557034774421151369e+01 4.560082319064093781e+00 5.120128634670175316e+00 5.680960769013092104e+00 6.242816179923321940e+00 8.069720333654833766e+00 2.803216145364943301e+01 3.620244038220424443e+01 4.023333909596072999e+01 3.061312403061428000e+01 4.861846139456835658e+01 4.185565698402459844e+01 4.675979243549671338e+01 3.344902109013201397e+01 3.691293257249304105e+01 2.306244379278870937e+01 3.649939927750597235e+01 5.618093832205950378e+01 5.709084662106675978e+01 3.807431703836839176e+01 5.709084736660810222e+01 5.731216481416058173e+01 3.711800215858217200e+01 2.296998923611422327e+01 4.301822470966652645e+01 3.318621644191578213e+01 3.874149584567866356e+01 4.582462989836804468e+01 5.587429449016231331e+01 7.623231345798325265e+01 8.463658698687767412e+01
4.532054705376769438e-02 5.890478012162791988e-01 1.747749777102137259e+01 2.173623964506341721e+01 2.678160724359273992e+00 3.226049048228392113e+00 3.774622788572669752e+00 2.316791677991598775e+01 2.506735573586604460e+01 2.075411461018412140e+01 2.625234881350933591e+01 7.080053105361153065e+00 2.708901983739832886e+01 1.764958717873547656e+01 1.620822042860179835e+01 2.286844816298913940e+01 4.058673167172218399e+01 2.814330251918741865e+01 2.623887314238874424e+01 3.266540532643514894e+01 1.764094904231649963e+01 3.674461245541254328e+01 4.970442695274158496e+01 5.161346680511007889e+01 4.460771938810699311e+01 2.929971344447832848e+01 4.886724502470771370e+01 4.894112971694020331e+01 4.056802233390686752e+01 2.193474248078594258e+01 2.587472458744630543e+01 4.593041839150504302e+01 5.888342642146461969e+01 5.886299086473504616e+01 7.441194959011433241e+01 8.459867827392452000e+01 7.617410857697181825e+01
9.001595176218035732e-02 1.891824703595147383e+01 1.585550547810322719e+01 3.047530696146906948e+01 1.701518152994031396e+01 2.324377194392526036e+01 6.667331491979624936e+00 1.710573213126951231e+01 3.219583584030325341e+01 4.232555114595842127e+01 3.321993714504688455e+01 1.405305482656315874e+01 7.919857748298460010e+00 8.514437021089948487e+00 9.109744563434395204e+00 2.871617986927424226e+01 3.056005718783443825e+01 2.761540894506847721e+01 1.204638562454886319e+01 1.266276706261644946e+01 2.519047436514547300e+01 3.385388192547402042e+01 3.506701692069146503e+01 3.445150323041313811e+01 2.649662985418213523e+01 2.275849076016323025e+01 4.267647674497668930e+01 3.916082239063936754e+01 2.051850403193024519e+01 3.191640895331543959e+01 4.585268594607333625e+01 3.584255850549584466e+01 4.744269948885607846e+01 6.775144421962532704e+01 8.719896748543612830e+01 8.212244224113982227e+01 7.368780301243020858e+01
5.674351268809080251e-02 1.978890635994834213e+01 3.142424337874153650e+01 4.094040738206974339e+01 3.815112470941367917e+01 3.034082839785829222e+01 1.000552227299817076e+01 3.030329716692220998e+01 4.321192929958076689e+01 5.264515518202291844e+01 3.187424845308313692e+01 3.333018125509302365e+01 1.945505086193213273e+01 2.799058738138903379e+01 1.992270112307238605e+01 9.955358296786545935e+00 1.056591656941281165e+01 1.117736175980528124e+01 3.120136120436075089e+01 3.269076845659785135e+01 1.355003657160470354e+01 1.417847639340523891e+01 1.482786870684342340e+01 1.547838166562994289e+01 1.613000441446717304e+01 1.678341924367367710e+01 3.679843365457621474e+01 1.911401651821150338e+01 3.597390681617631714e+01 4.848931500032077224e+01 5.106380996592092458e+01 4.744261757924989098e+01 6.445681791846301678e+01 7.625901019098689915e+01 7.748541244517780058e+01 6.905075619654510888e+01 5.329207661006309138e+01
9.518805923843161321e-02 2.009518805887255866e+01 3.772548149722152999e+01 4.970858371880053994e+01 4.472858684957898845e+01 2.440154523339394643e+01 3.034496700097802346e+01 1.700273815732748517e+01 3.730581300145081514e+01 5.403617632408840876e+01 5.464190095544349646e+01 4.705042833543306813e+01 3.913864777154395114e+01 3.400964871995692107e+01 1.420572715525666929e+01 3.001780337441008939e+01 3.055677102600087025e+01 1.831267656034771463e+01 3.698387957530658099e+01 4.526274442979955381e+01 3.475029707825465408e+01 1.671954914402937220e+01 3.275843176712374571e+01 3.548359121942023364e+01 3.617219523478168242e+01 3.682792874640128389e+01 1.771452188090243851e+01 3.758035528381893187e+01 4.727746830818641399e+01 6.118993016055257783e+01 7.049912391779511722e+01 6.774136427850920938e+01 7.619487982887841326e+01 8.113740352099522113e+01 6.905075619001209475e+01 4.870322004443981001e+01 5.466287539591760947e+01
9.062254805971975413e-02 9.137877405814103682e+00 2.147770294513500744e+01 4.342346103072441110e+01 5.331759108922007329e+01 4.478009265348578793e+01 3.730581300145080803e+01 3.730581300145081514e+01 2.533094733532635345e+01 3.959072657731424982e+01 5.999584785840805523e+01 5.747629943176592349e+01 4.924298801297047845e+01 3.722027395845167774e+01 1.727073129810550611e+01 3.721702781485161893e+01 3.693573848963514905e+01 3.123005495189896052e+01 4.533843632896148534e+01 4.046428867096855697e+01 2.049822068857666579e+01 3.670468741197893081e+01 3.136939324544397323e+01 5.075998625786868246e+01 5.186445149264428522e+01 3.187370755442258741e+01 3.769879415029941327e+01 1.897027811655724605e+01 3.040205392334185674e+01 5.004449628718722209e+01 7.262595178400133022e+01 7.816637743230263879e+01 7.513947290557526060e+01 6.670754934815802528e+01 5.238725279162828485e+01 5.238725270236854215e+01 3.462964019106049562e+01
3.063233560239582431e-02 2.003063233560203926e+01 3.056586858947915530e+01 3.659609548103750143e+01 4.366716329290553489e+01 5.195143454504759006e+01 5.765965808733937337e+01 5.275341470818212031e+01 3.242786658525845667e+01 5.275341470818212031e+01 6.686474604923289178e+01 4.924298801297047845e+01 2.923985128951069257e+01 2.408408097410725901e+01 2.149475626319845034e+01 4.148145175485417013e+01 5.655064348179274702e+01 5.115337736956759329e+01 4.487508063674346914e+01 2.490591035000624487e+01 2.603148368298045057e+01 4.600380861309405844e+01 5.248060369144160120e+01 6.018970261008083611e+01 5.984808179473839829e+01 5.143504643112665065e+01 3.983523445967401244e+01 1.986350102480598778e+01 3.398952896009668478e+01 5.389771735164654132e+01 5.749591204714300829e+01 5.421262820852135889e+01 6.124040440186928436e+01 4.644069685315754725e+01 5.015975756543834763e+01 3.240110664722805467e+01 5.238725279332849283e+01
5.666595628964066211e-02 5.220643751232885599e+00 1.056586858948142016e+01 1.659609548103679799e+01 2.366716329290239784e+01 3.521416867669532280e+01 5.521416867670266981e+01 6.123894623714937779e+01 4.410087395469141569e+01 6.123894623714937779e+01 5.864581769481351614e+01 3.869940381560161313e+01 4.341084441240886349e+01 4.407820031773062652e+01 2.594320766511521725e+01 3.752223002302805099e+01 5.747905336160114587e+01 6.221531259089966426e+01 4.221561515783385232e+01 2.809704036166550623e+01 4.600397293702594226e+01 3.495000009318035694e+01 4.649254303860261217e+01 6.649429833814298263e+01 6.371774936214544738e+01 4.343914007916701081e+01 2.961694772263359710e+01 2.076024633979094602e+01 4.081211783946511673e+01 4.010070804514288056e+01 5.390743688658577071e+01 2.495214140657661872e+01 4.120328856299438769e+01 4.810928863900821995e+01 3.019191255168408716e+01 5.015898043663755601e+01 6.079999738341818727e+01
2.110006612196471329e-02 2.002110006612160831e+01 3.056586858948264407e+01 3.659609548103880883e+01 4.366716329290553489e+01 5.195143454504759006e+01 6.349843993207158377e+01 6.113855700031457729e+01 6.457300518473061857e+01 7.306246714703246425e+01 6.686474912112898039e+01 4.766050962981671546e+01 6.332302819115371761e+01 5.095901203946581148e+01 3.095171511999156166e+01 5.095901203946581148e+01 6.570250445461942945e+01 6.554553198560465432e+01 4.554605828946546353e+01 3.141599112929018034e+01 5.140553216122627589e+01 4.388703933891523690e+01 6.320890276235581950e+01 7.474997942368577242e+01 6.896230871694716313e+01 4.908197119859658386e+01 4.857187150509810181e+01 4.081210472573462056e+01 2.203966370450988066e+01 4.209358774309319529e+01 2.468989431198042794e+01 2.617170662507381351e+01 2.677137766767324223e+01 2.798302223586686210e+01 2.945126389778972609e+01 4.956100995084364769e+01 6.004131034482541907e+01
9.367352646185668485e-02 1.423580915019293158e+01 3.423580915019363857e+01 5.135734307039740543e+01 5.724855996093867816e+01 6.035378689006738284e+01 5.200806359043633620e+01 4.104007670032811461e+01 5.526703945251065875e+01 7.094847279725551914e+01 7.574623545615285991e+01 6.173558469444427743e+01 7.574623545615285991e+01 5.761236413899894160e+01 3.765230784039963652e+01 4.512984556336812858e+01 6.503186480339152808e+01 6.649662314837182464e+01 4.648380730178298847e+01 3.493758881557766927e+01 5.494182633771453084e+01 6.389079650145961153e+01 6.022749704865126574e+01 8.018210145347109119e+01 6.677150815468652922e+01 5.663463613034435440e+01 4.513379223303731180e+01 2.506675715087809664e+01 4.035913705515502414e+01 2.345676061944204349e+01 2.529625268980113972e+01 4.454540684444505416e+01 4.705168109305992630e+01 4.810972678054898921e+01 4.956101003288511464e+01 3.150123640319224094e+01 5.163182094012717016e+01
3.648181865326004941e-02 1.417861744238433452e+01 3.417861744238503974e+01 3.129515443958853993e+01 3.717123344410881458e+01 4.875003984152639447e+01 3.193052674941123925e+01 2.686009819082376993e+01 4.692678528865094023e+01 5.082446503686871608e+01 7.094847279725551914e+01 8.152960360987830768e+01 7.164861862134092974e+01 5.179835716749275321e+01 4.921715889566030455e+01 6.503186480339152808e+01 7.325236637015940744e+01 7.476582887698423008e+01 5.931015632976880170e+01 3.929195348063443305e+01 4.648380518165997444e+01 6.649569810263133718e+01 8.018210145347109119e+01 7.272008636853774988e+01 5.237785453404907798e+01 3.813975976223346009e+01 2.814263791305433671e+01 4.513326810075977846e+01 5.133302095582423163e+01 4.351679332080238538e+01 2.672913350367880980e+01 3.114672480189573633e+01 4.563424569638359429e+01 6.595215536124311484e+01 6.004126922378457465e+01 5.163182195368009531e+01 3.358185364816704777e+01
