MOVIE_S10_data/elevation_000424.asc
nrows	100
cellsize	150.0
xllcorner	0
ncols	100
yllcorner	0
NODATA_value	-9999
[rows 17 to 33 of 100, columns 0 to 36 of 100]
5.222468517465790605e-02 2.005222468517430201e+01 3.465429447014009412e+01 4.290352193159908722e+01 5.441116573008359580e+01 6.373487599374882251e+01 5.587282165274545065e+01 6.373487599374882251e+01 4.926606993349047769e+01 3.076479340178924815e+01 4.926606993349047769e+01 3.381641051619676830e+01 2.734625060930918039e+01 3.916213381551462192e+01 3.482597387943759060e+01 1.531378065766738494e+01 3.452339196776079433e+01 4.336158253032782284e+01 5.199533712210758551e+01 5.301985588795422899e+01 3.316654514620117311e+01 2.164267568200521197e+01 3.749199961161345129e+01 4.553896338827168933e+01 3.708468642482965549e+01 3.712083394073812315e+01 1.980190603452509635e+01 4.312012874396952355e+01 4.027521867857758053e+01 2.182622349294873842e+01 2.686988073291128742e+01 3.728135908451806557e+01 5.742297434543402090e+01 5.836625213186010797e+01 6.056571989250205945e+01 8.071577184504592140e+01 7.795587349644827668e+01
7.333276091007127906e-02 1.421546838464114693e+01 3.421546838464185214e+01 5.305764951924685136e+01 4.719954805556551491e+01 5.079172048736722900e+01 5.079172048736722900e+01 5.907715011937433758e+01 5.938475406440406346e+01 5.102724935397851880e+01 5.938475406440406346e+01 5.601803792017709327e+01 5.145834177173226465e+01 4.176580972844022455e+01 2.151399371966746443e+01 3.537391759009087622e+01 2.025802418477524469e+01 3.461691634591069544e+01 5.481362793849006465e+01 6.119246120881988560e+01 4.455616715996735167e+01 2.465143481815199422e+01 4.455631296163966937e+01 5.735910340440943145e+01 5.702189184071951189e+01 4.376441977626717517e+01 3.769699570771228991e+01 5.233565624755694756e+01 5.012297092492907069e+01 4.180695253290444668e+01 2.337653654739804310e+01 4.334792912193465497e+01 5.425498938508785329e+01 4.424665544989795052e+01 5.836625213186010797e+01 7.850011256163531925e+01 8.644989599419373860e+01
6.343274376862209629e-02 2.006343274376826713e+01 3.965698078847084673e+01 3.305732149623951699e+01 2.719941945321367882e+01 3.079152624146988160e+01 3.079152624146988160e+01 5.079172048736722900e+01 6.715328115190173719e+01 6.885305042468695547e+01 7.713689625125515192e+01 6.506008927384337426e+01 4.498736359331238788e+01 3.060039750639648304e+01 2.868270318070602443e+01 4.437428208020277509e+01 2.403602893716289302e+01 3.847628774374940264e+01 5.862229814243210768e+01 5.855900670767480420e+01 3.875620730538631165e+01 4.455631296383967310e+01 2.935954068515660609e+01 4.345449773575833063e+01 6.321631254763472896e+01 6.430760847839491134e+01 5.851830099912348260e+01 6.100538723580062594e+01 4.730489553893423249e+01 2.781565224250178758e+01 2.447741872594163226e+01 4.446270651012863340e+01 3.429070190972617382e+01 4.838218957042558799e+01 6.843318234674769940e+01 7.213062146837366129e+01 8.044559583406027059e+01
3.497053469895897854e-02 2.003497053469860489e+01 1.965694619177915214e+01 2.834325653593280236e+01 1.305728260679958730e+01 1.664938864733514734e+01 3.664944751104506793e+01 4.715192520462196057e+01 4.715192520462196768e+01 4.885317572675366193e+01 6.885305042468695547e+01 6.246780473115049404e+01 4.237381259450963711e+01 5.086653296196669771e+01 3.642988222973796297e+01 4.852702945095482079e+01 2.819817994503176450e+01 4.852109633974689729e+01 6.369808919607610420e+01 6.669073987138544624e+01 5.855900670767480420e+01 4.697119489744164866e+01 3.288887124078621582e+01 4.697632346012560589e+01 6.670243574366942596e+01 7.874187641867217735e+01 6.703807958986337212e+01 5.259408606919176776e+01 3.245315271410287039e+01 4.730489553893423249e+01 4.446270651051074907e+01 2.613020367025826118e+01 4.610460315294940870e+01 5.611515345523552867e+01 5.815781891664688885e+01 5.237009459536024281e+01 7.213062146837366129e+01
9.635555453094322986e-02 2.793155004383917284e+00 5.514810274143015612e+00 8.343237398889229439e+00 2.834325653593280236e+01 3.664944751104506793e+01 2.267961553889134052e+01 2.715175149389354559e+01 3.471104095520278321e+01 4.885313531742937698e+01 6.884958484522837807e+01 7.073987689782765642e+01 5.402200284761430282e+01 6.485170261394478075e+01 4.553266171032535681e+01 5.677348298546141336e+01 4.003026940807266953e+01 3.526510463739219148e+01 4.960753550375896737e+01 6.972575102386390711e+01 7.410950962504827544e+01 5.657378110041041452e+01 3.672955515409701377e+01 4.824091797997994746e+01 6.795669309475361786e+01 7.037267846742201982e+01 5.007555895258774825e+01 3.810388167378142299e+01 5.259419094077272661e+01 5.259419094077272661e+01 5.442492410103258038e+01 4.610460315294940870e+01 2.783323057446159154e+01 4.779138733954449236e+01 3.855236753753381862e+01 5.703958900813950805e+01 5.437654030814757533e+01
8.845047570523793812e-02 2.008845047570488163e+01 2.551482070118460044e+01 2.248537255406353097e+01 1.777132781603704714e+01 2.671559974119502812e+01 4.267973199573172138e+01 4.715192520462196057e+01 3.715175172677088966e+01 4.869877428931292229e+01 6.870543051739072382e+01 8.227350390929817081e+01 7.400498465939143955e+01 7.378259029354028087e+01 5.712832827476294995e+01 6.827722127462784840e+01 6.010033095742679166e+01 4.095963062697630619e+01 5.517958989292944949e+01 7.509821985416516554e+01 7.486065232667104397e+01 5.505813551290442120e+01 4.098540453967959962e+01 6.079917127201802174e+01 7.606299433169178315e+01 6.664740729645536987e+01 4.626847153310586691e+01 4.849234712626243038e+01 6.703890154680594549e+01 7.293054409021361550e+01 5.780495328010207601e+01 3.780522089993142743e+01 4.626079533158731749e+01 2.957000934287648164e+01 3.080081403053793920e+01 3.396650323723763876e+01 5.831417666853887027e+01
8.023991185656004221e-02 7.151307723722005072e+00 2.715130300320969070e+01 4.248514158157821896e+01 3.777135660009551543e+01 3.777135678897219151e+01 4.085773935191848238e+01 6.085790459342594261e+01 4.869876891484870640e+01 6.544581090657089817e+01 7.703749043100089011e+01 8.191462034642729861e+01 8.788928309843629449e+01 8.527233149501941512e+01 7.706244974360110689e+01 7.511210324618967604e+01 5.518000852033004122e+01 5.517960008832689311e+01 5.517960008832689311e+01 7.509861224830255821e+01 7.973369754675040610e+01 6.017065757860287079e+01 4.614304625166447948e+01 5.719936306281306315e+01 7.681642245186088758e+01 7.272406908109373092e+01 5.257006196355676764e+01 6.881591498609859059e+01 6.881591498609859059e+01 7.201827055528404742e+01 5.191760449840986524e+01 5.190308782401362464e+01 5.724449796089392350e+01 4.951383743354323030e+01 5.073879567152865633e+01 3.256547117077848696e+01 5.250946543526506360e+01
4.598823041778624804e-02 2.004598823041743216e+01 1.869831310505812993e+01 3.284044823365676535e+01 5.284035959857396136e+01 5.777156936771854845e+01 6.085790459342594261e+01 6.914274746670346872e+01 6.870154808857411410e+01 7.699956082105173039e+01 7.594827204258771758e+01 6.158405431506541561e+01 6.753873924029049647e+01 8.164048085941372790e+01 8.387180839213517913e+01 8.339996591985870111e+01 7.511523359533046573e+01 7.509861224830255821e+01 7.509861224830255821e+01 8.333710035784726244e+01 7.973369958794945944e+01 6.017065758154308952e+01 5.319862436866183941e+01 7.284744249196040755e+01 8.492944284007842271e+01 7.940508533547757963e+01 5.936203657232608322e+01 7.940508533547757963e+01 8.898621565289354862e+01 8.040133979320610536e+01 7.201827055528404742e+01 7.194633884689028491e+01 6.836617839070999025e+01 5.606507601954020004e+01 3.336162616515100154e+01 3.398184908991881770e+01 5.385319509541741922e+01
7.340434288523949025e-02 2.007340434288488495e+01 3.869828664931112172e+01 3.869828664927790385e+01 5.869801601111178257e+01 6.203664150409982625e+01 5.377410353676275889e+01 6.203664150409986888e+01 7.355917162879219973e+01 8.019823839434587853e+01 5.990725311767513972e+01 4.734752483952375002e+01 6.753873924029049647e+01 6.131797838931116473e+01 6.353915119092864927e+01 8.387180839213517913e+01 8.847607328695359286e+01 8.002908916358558145e+01 8.847607328695359286e+01 1.004542955491052680e+02 8.784427535447258606e+01 7.973369958794945944e+01 6.714269083856913767e+01 6.714269083856913767e+01 8.661996598200586561e+01 8.779232908909818889e+01 6.933787356581646577e+01 8.779232908909818889e+01 9.780101453909446718e+01 8.770664708654592800e+01 7.931773093888841686e+01 7.224472600881564688e+01 6.003668566762110714e+01 3.940033331884319523e+01 5.606507601954319142e+01 5.395084502053572351e+01 3.601507404222037678e+01
3.515918393995972474e-02 1.417729480767103567e+01 3.417729480767174266e+01 5.130859713777196873e+01 5.136101612234450897e+01 4.309300076008951663e+01 3.379158998146344572e+01 4.533485227744804291e+01 6.530233514590634059e+01 6.992121765479535611e+01 5.990725311767513261e+01 3.978133716140889931e+01 5.647606162879741731e+01 4.707610541913997082e+01 6.727030122482891272e+01 8.137432921696662902e+01 7.293455952974443335e+01 5.969821917652971877e+01 7.830157024410718236e+01 8.002908927526138427e+01 8.904660442832668821e+01 8.059882861283576005e+01 8.661996598200587982e+01 8.661996598200586561e+01 9.474502315994162416e+01 9.788540596020582996e+01 8.947229710513859402e+01 9.788540596020582996e+01 8.938563004862558614e+01 6.924983182915141811e+01 5.931225194120698774e+01 5.228622150952917735e+01 4.593692531982718208e+01 4.379798568800042347e+01 6.382094509638672264e+01 6.435583107198338837e+01 5.600781854702945139e+01
4.608085242692564615e-02 2.004603530045307025e+01 2.940718683922808196e+01 2.940717482609013800e+01 4.309300074115972023e+01 2.310239747863846205e+01 4.309300076008951663e+01 5.712620475832344624e+01 6.402254164983054352e+01 4.970208085314575186e+01 5.383910104483125281e+01 3.375017702937314823e+01 3.636918072841957184e+01 5.055213449300639894e+01 7.077768686253415353e+01 6.966066540250854189e+01 5.268169963632885100e+01 4.964306523603700327e+01 5.969821917652972587e+01 8.002908927526138427e+01 7.729752607353037774e+01 6.026735751110037143e+01 7.729752607353037774e+01 7.363437750302864515e+01 8.006441036586475946e+01 8.728389064775024053e+01 9.573590781673753725e+01 1.075415409778521507e+02 9.780101453909446718e+01 8.770664708654592800e+01 7.445086155623170043e+01 5.447539199904812790e+01 6.593329271796928026e+01 4.778519279356009974e+01 6.773342938748805864e+01 7.253234213326715007e+01 5.241605879389130962e+01
1.610643649003322755e-02 2.001610643648967880e+01 7.862565536633093544e+00 2.832347858881601965e+01 3.025470485918707553e+01 1.732986711677703440e+01 2.887513275275863833e+01 4.886113370724394400e+01 5.562412891113182667e+01 3.551349828169325917e+01 4.290504931687434720e+01 2.820307576284374562e+01 4.826746746127333410e+01 6.487796880993187187e+01 6.273439875401239618e+01 5.433404144409993819e+01 4.110284436438264777e+01 6.124156598537610563e+01 7.830157024410718236e+01 7.500275581644977763e+01 6.657386969681920164e+01 4.865866639218779710e+01 6.536568957030868887e+01 5.338031122555591423e+01 5.973086108956967877e+01 6.686411679189501456e+01 7.862376364264090967e+01 9.911384413672941207e+01 1.052404087806104656e+02 8.495774746943958178e+01 7.075436132327423877e+01 6.258726439609848313e+01 7.180512633993193106e+01 5.185967214119723678e+01 7.180513682504761164e+01 8.090707804702431361e+01 7.234265805480160338e+01
2.022278438842990689e-02 1.111312235568390872e+00 2.204063193359174555e+00 2.209644733069091060e+01 1.025954189075006973e+01 3.025470424222201160e+01 4.069973262441322959e+01 4.888981756524262323e+01 4.653729685921955905e+01 3.817993843049355718e+01 2.285804592971215143e+01 4.290504931622704987e+01 5.664832953587934128e+01 5.651681150249708452e+01 4.813346120356300162e+01 3.424186511302786329e+01 5.433404144409993819e+01 6.030976564618494251e+01 6.217253417980917618e+01 6.332175622868746956e+01 4.639034383616168356e+01 4.048814010863890900e+01 4.520218247886727170e+01 5.941551215039363854e+01 7.973068859599361247e+01 8.728389064775024053e+01 9.573590781673753725e+01 9.472914104130363455e+01 1.031254031993643139e+02 9.693615071092001756e+01 7.671202305170972124e+01 8.263553289950989722e+01 7.026125358843427193e+01 5.619913279211191082e+01 7.616177961841582089e+01 9.343499795072128222e+01 8.175021019561798141e+01
6.642187732006160639e-02 2.006642187692199641e+01 2.220520703082024383e+01 3.768673947387371381e+00 2.376934092817685951e+01 2.656905062406898921e+01 2.069289692289531502e+01 4.062557116840710592e+01 3.369992955414278413e+01 1.814467918999561391e+01 3.817993843049355718e+01 4.268925722995669503e+01 5.157052920224578685e+01 4.813326989252394839e+01 2.807032230708509957e+01 4.245922534533955428e+01 4.424472896883709438e+01 4.016855622340535348e+01 4.201963749248088220e+01 4.981828685964782721e+01 3.483187785744681975e+01 5.492090560799083931e+01 6.536568957030868887e+01 7.379580278467460630e+01 7.826952713291746022e+01 7.256507579868106461e+01 8.027477551552991031e+01 7.428758127925642896e+01 9.472914104130362034e+01 1.053552727621503351e+02 9.693615071092001756e+01 9.883421693613918535e+01 8.101495416507658831e+01 6.100726771864444942e+01 8.101495416507658831e+01 8.501527421398155582e+01 6.481329277045006165e+01
1.591255364720534082e-02 2.001591245356783588e+01 3.172612157337954031e+01 2.350506907817241142e+01 5.392047440135122827e+00 6.551666546649664191e+00 2.650691570677069819e+01 2.935429202726118803e+01 1.367414615018298463e+01 3.193091198886276416e+01 3.326001475735824187e+01 2.400435117527753803e+01 4.141555825702406679e+01 4.852506614202658142e+01 4.016607590244706927e+01 2.241739709191942609e+01 2.419644657083056316e+01 2.601297095072106558e+01 2.786146193267880733e+01 2.975152698063930146e+01 4.981828745355390708e+01 5.305392744914831127e+01 7.328814626710327218e+01 7.406132948282382245e+01 5.105426484992562308e+01 5.229037245313244142e+01 5.987682738176275166e+01 8.027477551552989610e+01 9.201785550746117792e+01 1.002219036430083605e+02 1.091191815853902511e+02 9.759832359740236996e+01 7.730431907277602477e+01 6.697701283720918752e+01 8.707144913835745115e+01 8.344404703453739103e+01 6.325926257107974493e+01
6.189296070378335485e-02 1.423745935339562330e+01 3.453112905187568060e+01 3.324354937452898184e+01 1.539094078239789987e+01 2.655145943101073414e+01 8.213737934869763890e+00 9.398834308202829391e+00 1.058969407634224069e+01 1.190782129778775200e+01 1.323439963289295385e+01 1.457022912086048905e+01 3.460301148551359063e+01 3.791372752521583323e+01 2.013449265814490730e+01 4.016533691678207418e+01 3.574555061226308084e+01 4.606777988196787987e+01 4.201963749360590583e+01 4.981828745355390708e+01 3.297536013407172817e+01 5.305392744914830416e+01 5.935231155725513474e+01 6.235232999622871120e+01 4.693603808776501296e+01 6.710531470500663431e+01 5.916610443492326965e+01 6.441153790487612696e+01 7.160316139738860386e+01 8.074219006314592662e+01 1.009776827609457968e+02 1.061358600767350566e+02 9.380940256103143327e+01 7.359554229300974271e+01 9.380940256103143327e+01 9.186329061184525813e+01 7.222476908609738189e+01
2.247884206357958492e-02 2.002247884206322581e+01 3.830496355911118656e+01 4.307156744077405364e+01 2.945800412225392151e+01 3.643031099280177187e+01 1.976678303791381452e+01 2.941759135301489181e+01 1.725375845382764339e+01 3.193091226690788531e+01 2.900884523465217768e+01 2.011378492874018420e+01 1.650894828241392887e+01 1.788631225353445231e+01 3.791372746701527063e+01 4.852172303151827748e+01 5.585488864260942421e+01 6.426414308233276529e+01 6.217253645186258382e+01 6.144832249724236561e+01 4.714032858950945837e+01 3.635579843996016081e+01 3.924190757966903931e+01 4.222248499965984081e+01 6.235232999622871120e+01 5.964135403269803959e+01 7.955363709191274779e+01 8.476893581539910372e+01 7.731925062934506343e+01 9.785049230049683899e+01 1.009605641729521466e+02 1.205231085974051126e+02 1.022461957046668175e+02 8.362825834603746955e+01 1.022461957046668175e+02 1.009456216591070330e+02 8.391019004776350698e+01
