MOVIE_S10_data/elevation_000738.asc
nrows	100
cellsize	150.0
xllcorner	0
ncols	100
yllcorner	0
NODATA_value	-9999
[rows 51 to 67 of 100, columns 0 to 36 of 100]
6.455108993161302877e-02 2.006423485152879493e+01 1.444598722461748697e+00 2.022430227483818843e+00 2.601227642588519018e+00 3.180993211948715427e+00 2.320574740973750849e+01 2.046955959593416452e+01 4.095168983080759517e+01 4.374517382313366198e+01 4.340728587047598097e+01 3.367175315429909688e+01 1.357257838743484157e+01 2.921079903811724776e+01 1.002598825809772087e+01 1.064068658079485452e+01 1.127078288805416761e+01 1.190363088333437958e+01 1.412119964364360314e+01 3.347001612242384994e+01 3.442822768429991243e+01 1.518286209718488600e+01 1.589575893069468471e+01 1.660960378605651044e+01 1.732249647312701057e+01 1.984124569016360695e+01 3.864693113406309521e+01 4.877159773556333278e+01 4.204917423760944217e+01 2.372065587728220848e+01 4.374949324482393109e+01 5.375346182898088898e+01 5.729043372281817170e+01 6.550874737651564317e+01 7.438152049084641249e+01 8.309990764439028510e+01 9.133789285854581408e+01
3.995603441288197999e-02 1.987812306364688197e+01 2.633380836710449202e+01 1.569735104203295428e+01 1.624229367141739644e+01 2.308632056713697622e+01 4.007831862119233257e+00 2.403035162566112604e+01 3.277299671484057342e+01 2.610057142113934248e+01 2.259420432523725708e+01 2.774975906436541706e+01 2.744462782296874082e+01 9.158394722336401728e+00 2.643540523085261995e+01 1.364151329053482087e+01 3.010890183873556936e+01 3.206525640241532216e+01 1.284279239953979079e+01 1.350939295518993077e+01 1.417884748372578052e+01 3.061936624574345345e+01 3.154452767521187440e+01 3.460606328372354312e+01 3.750613384426800678e+01 1.837010650788807808e+01 3.860806766111455346e+01 4.043196239092819155e+01 2.016516314010670996e+01 4.200408737609522092e+01 5.096548905587762590e+01 6.394742135572775510e+01 6.431527770149591561e+01 7.259247112766027499e+01 7.979736538688257497e+01 6.306948919532005249e+01 7.936438714466231659e+01
4.804567899273937126e-02 2.004804567267909476e+01 3.580071566640395275e+01 3.442193686351859583e+01 3.399805129494679079e+01 3.118513311399259891e+01 1.110709749986876638e+01 4.839106545358399458e+00 2.461099833982782314e+01 2.433277314807511615e+01 7.113042622214068800e+00 7.711120120058698291e+00 8.309188408586617669e+00 2.835314164103644785e+01 3.436718008776447419e+01 1.661688540675953618e+01 2.895135256689030001e+01 4.128998115260597501e+01 3.505300122240782912e+01 3.059751266662691194e+01 1.619266336291482489e+01 2.663102075826610005e+01 4.118086329217464225e+01 5.375534005539814331e+01 4.267472242619891176e+01 2.097365676286397473e+01 1.942309008853404251e+01 2.016653744473290999e+01 2.110759688048534954e+01 4.138940638903434888e+01 3.771795953354148878e+01 5.029525620833805277e+01 4.471583961983040467e+01 6.431527770149591561e+01 7.120017748711762806e+01 5.140186911003427639e+01 6.232595697402576462e+01
9.707512844716031930e-02 7.657966323126310648e+00 2.180507594201980481e+01 4.162613911730424832e+01 4.392074923187370672e+01 2.388334069488011124e+01 3.080551910568347296e+01 1.878004219047599932e+01 5.671317922258568345e+00 6.267966015271366764e+00 2.630134269706515937e+01 2.774972155626433690e+01 1.120052064070365994e+01 3.328570003632431451e+01 3.780935272006766468e+01 1.956904639723084216e+01 3.773531648769105828e+01 5.085672844916000912e+01 5.086102037018617494e+01 3.115620963990262027e+01 1.807517744637124224e+01 3.800110729124546083e+01 4.751298809351688845e+01 5.101395900047626242e+01 3.081646256593668909e+01 4.279595514073393758e+01 3.381180735243225399e+01 4.043243126507039165e+01 4.133480323127707834e+01 2.246747238549702175e+01 2.345131018408184786e+01 3.115696118393381298e+01 5.045638212650436571e+01 6.557044837030839801e+01 5.737390685611880059e+01 4.318344344837112914e+01 4.805581470566625768e+01
5.001202446392439237e-03 2.000500120235014379e+01 2.401068856681164476e+01 4.399984131605656756e+01 4.392074930384992371e+01 4.392074930618749562e+01 3.076589375040607166e+01 1.073543008399027698e+01 2.577640177502842889e+01 1.464448783866108172e+01 3.284413894953405588e+01 2.950787629982497862e+01 2.725603877851046164e+01 4.165925292780196543e+01 4.082973648681238643e+01 2.247173620499534152e+01 4.082973645853375189e+01 5.477316464050011291e+01 5.399935084007476860e+01 3.330519518807643209e+01 3.927263272903851288e+01 2.116282353280188744e+01 4.282496512041225145e+01 5.723509572045941951e+01 3.810588563020684916e+01 5.723509572045941951e+01 5.383729588520155573e+01 5.686071754025898173e+01 3.690364099471304371e+01 4.274789377263530810e+01 4.371421082532914681e+01 2.488373036158905549e+01 4.509295242786861024e+01 5.213226991921689546e+01 3.750404762028855288e+01 5.737390685612454888e+01 6.800356351885771744e+01
5.279685921607564503e-02 1.419493248294689991e+01 3.419493248199515278e+01 5.225706847214139117e+01 6.371358424551090138e+01 4.611335233619435314e+01 2.597834985325096113e+01 1.443975571358892651e+01 3.448790198065833579e+01 3.401513774990045391e+01 4.310457181769509560e+01 4.411728973183391389e+01 4.784266034510666543e+01 4.800654592671716614e+01 2.901849285272905021e+01 4.082973610603520598e+01 2.805255014414983705e+01 4.697868563148016108e+01 6.243569669035593250e+01 5.422601351956883775e+01 4.537503523823245644e+01 2.366877074102876222e+01 4.537601751083611390e+01 6.237908718634808736e+01 5.723509572045941951e+01 4.973063795512587859e+01 6.848140685782998105e+01 6.508292142205425534e+01 5.686380952139742817e+01 5.812214175162815621e+01 4.599014517598948260e+01 2.590574726390621763e+01 4.606902685087050031e+01 3.219005101553791093e+01 3.979311369101299078e+01 4.868802649137717964e+01 6.012165793479761078e+01
5.738623160518319517e-05 2.000005738623125140e+01 3.588888125862833789e+01 4.483315317778144760e+01 5.638015856402491721e+01 5.447949120007636026e+01 4.284395117609649617e+01 2.597834985325096113e+01 2.074440494929221046e+01 4.084159699870468785e+01 5.682216881042955237e+01 6.367951943926323821e+01 5.633051313513033165e+01 3.680907975650389830e+01 4.800654599574762216e+01 5.181318924982700480e+01 3.247947866073828749e+01 4.599215262886644240e+01 6.586641655973770071e+01 5.198219471371265854e+01 2.804243113392876197e+01 4.090040773363911342e+01 3.291812939470324295e+01 5.158063393822969545e+01 7.498710994564002874e+01 6.283063205480965507e+01 7.651499877863146537e+01 7.376297368913859032e+01 6.232650323076704524e+01 5.002003025219227084e+01 3.003410982187472911e+01 4.335647664288027414e+01 2.745533576441867396e+01 4.752173490600691252e+01 5.728544690798426586e+01 6.782963270263620359e+01 7.668299207495149972e+01
4.532054705376769438e-02 7.604610007238345126e+00 1.654888191723766155e+01 2.809588730103038046e+01 4.809588730105502208e+01 5.968525094824237698e+01 5.447949495153090993e+01 4.611335233882392970e+01 3.075719813430455929e+01 2.829975888723764754e+01 4.255162642188187050e+01 6.273204481386317610e+01 6.292615317761909211e+01 4.313923315302751149e+01 6.292615317761909211e+01 5.748576741401488732e+01 3.783538085809602336e+01 5.748576741401488732e+01 6.619144186742069280e+01 4.621352956363195119e+01 3.121751397008178230e+01 5.100496537814048992e+01 4.134152667468404019e+01 5.281432834382164287e+01 7.225929956394011811e+01 8.212358402519778622e+01 7.836625681047250680e+01 6.555794590891423468e+01 4.574831083313755187e+01 3.424123540237798125e+01 5.002003025219907784e+01 5.496526977578496798e+01 4.749416134560039637e+01 2.908987046776576690e+01 4.909921888507583532e+01 5.887646185565937174e+01 6.455582412384630686e+01
9.001595176218035732e-02 2.009001595176182420e+01 2.849104612114287249e+01 3.365502391680183081e+01 3.968525080905757818e+01 3.968525081387048914e+01 5.552881186114181133e+01 5.928551850810725199e+01 4.501660868240817592e+01 4.846233412171148558e+01 3.779039219841925501e+01 5.797963395898552363e+01 7.126835832325446063e+01 5.291329671048558225e+01 7.126835832325487274e+01 6.411149693852051712e+01 4.423430836500365615e+01 6.411149693852051712e+01 6.640823291243913218e+01 4.653253750574991443e+01 3.445087670265336044e+01 5.493299481905609838e+01 5.978752971210315792e+01 5.433895020463533854e+01 7.294156420430064713e+01 8.356694636507936025e+01 7.016082843357509091e+01 5.036328876181185166e+01 3.890301833815034627e+01 4.421481631828864778e+01 6.232650323335180076e+01 6.537164895998759562e+01 4.546751360371632700e+01 4.909937629055880137e+01 3.072434073033690538e+01 5.066878347627604740e+01 4.529656200937586163e+01
5.674351268809080251e-02 4.227031793829604922e+00 8.491046120941851072e+00 1.365502391588511877e+01 1.968525080744049660e+01 2.724454026762517600e+01 3.879154565141809741e+01 5.879154565386775033e+01 6.519251854005642599e+01 6.633805711643424274e+01 4.682912558423451088e+01 6.633805711643424274e+01 8.130707485964201453e+01 7.293900964475260196e+01 8.130707485964350667e+01 7.248158408807678654e+01 5.405581588277745198e+01 7.248158408807678654e+01 7.457275554954993879e+01 5.790452891930651447e+01 3.775060415812542658e+01 5.790452891930651447e+01 7.664076726346451096e+01 7.294156423121235377e+01 8.095081750270280452e+01 7.535806982440077206e+01 5.556781908137480741e+01 4.412574077840115905e+01 4.883143741475063138e+01 5.822908789256149475e+01 7.223211372771473293e+01 7.367848728530540825e+01 6.459655461623167128e+01 4.485740320187870367e+01 5.045205437528748149e+01 3.235969384566594442e+01 3.386959221202413062e+01
9.518805923843161321e-02 2.009518805923807605e+01 2.849104612114287249e+01 2.263318174467249122e+01 3.365502391673700799e+01 4.724454026866052203e+01 5.552881186114242240e+01 6.707581748367672958e+01 7.294773042069068936e+01 7.536045599312653565e+01 6.109942412414670798e+01 7.536045599312653565e+01 8.153448412358527264e+01 7.324466623225958983e+01 8.153448412298462245e+01 8.255897134417621430e+01 7.416717799426355384e+01 8.255897134422203010e+01 7.507632488056997033e+01 6.121869813390998871e+01 4.133368320444782995e+01 4.869633605202179183e+01 6.269411292153887416e+01 8.244353661713617498e+01 8.403452586736035812e+01 6.424371448839772825e+01 5.024765479890817943e+01 5.403718069405186952e+01 6.283266229424827998e+01 7.683607848417661046e+01 8.623513956286868165e+01 8.415585425223530081e+01 6.459655461623167128e+01 5.468748745446449533e+01 3.484819030976989040e+01 5.225818480761228102e+01 5.373503015524016035e+01
9.062254805971975413e-02 1.009062254805963299e+01 2.423275817179033353e+01 3.677531736839398491e+01 5.091745119236252037e+01 6.193929635486833263e+01 6.598075513602418596e+01 5.769209060666195654e+01 5.293292989282694094e+01 6.708360890013329936e+01 8.124724669866341742e+01 7.482315380426217644e+01 6.672808469073746096e+01 5.323372664667632392e+01 7.032115131830792620e+01 7.862092547985048441e+01 9.018878433443290987e+01 8.087994301867591673e+01 6.112451162657867343e+01 4.719292003714085126e+01 4.773535511778179341e+01 6.745441161281776488e+01 6.485595102895919695e+01 8.459745877202242070e+01 8.870008617367048487e+01 6.890579018993028626e+01 5.491956308533281828e+01 7.382714582863935959e+01 7.382714582863935959e+01 9.083949467410494094e+01 8.323164505358870713e+01 7.506730275968122612e+01 6.881894230289546499e+01 5.642573559224269530e+01 3.660665732306653553e+01 5.642573553942042963e+01 6.414641121353319875e+01
3.063233560239582431e-02 2.003063233560203926e+01 3.837489379551862356e+01 5.251702941923833379e+01 6.505958501632198931e+01 6.839473474155228416e+01 5.439427856470924638e+01 3.759979961959043493e+01 3.870940368117597785e+01 5.879512924334215285e+01 6.906797719713715367e+01 6.354308220066567259e+01 4.692450416056300355e+01 4.322607781456486720e+01 5.030495214821100092e+01 6.185343230158124328e+01 8.188827060673813207e+01 8.274222007740188189e+01 6.295589928698171178e+01 5.160613017191873553e+01 6.745441166803868782e+01 5.825667408831298388e+01 7.801646325128669446e+01 9.273912565402328312e+01 9.086808206520373687e+01 7.107047704390309661e+01 6.063336139291062210e+01 8.041341484827374586e+01 9.363049376777219379e+01 8.900686078951517288e+01 6.929334877023741512e+01 5.530825208150525185e+01 4.903103357727137990e+01 5.818341361431898662e+01 3.837503163544908347e+01 4.981098653667253728e+01 6.929077296545462161e+01
5.666595628964066211e-02 2.005666595628928661e+01 3.821728261958998019e+01 5.206927263564164576e+01 5.116055130707608356e+01 5.709823288582430223e+01 3.996571093461290758e+01 2.577385918004868870e+01 4.609180019615146051e+01 5.375012501920639352e+01 4.904185500698297062e+01 4.904185501293915905e+01 3.532199723913369382e+01 5.538695029208477649e+01 7.032115131830818200e+01 7.862092547995017355e+01 8.966003991036852483e+01 9.088720843114163017e+01 7.626046094958240928e+01 5.649294400851894693e+01 7.626046094958240928e+01 7.801646325128669446e+01 7.223219817559764522e+01 9.198091444537597283e+01 9.908648497139667199e+01 8.862525702143324224e+01 7.051490632210743570e+01 7.313536292924746363e+01 9.293718979198533248e+01 8.900686078951517288e+01 6.929334877023741512e+01 7.506730274964593264e+01 6.074057000406729401e+01 4.093505097474663046e+01 5.818368757948181980e+01 6.615859272915740519e+01 7.723012227501777716e+01
2.110006612196471329e-02 1.002096684901037449e+01 2.415233769715418788e+01 3.969747959968052697e+01 3.083596120223243631e+01 3.679723087444192231e+01 3.996571091599751924e+01 1.946456236377392202e+01 3.704566368059466441e+01 3.355705981580772601e+01 4.332697324487600810e+01 2.883668189249491931e+01 4.904185501293915905e+01 6.367481959227107779e+01 7.808957154769805697e+01 7.339874960554209338e+01 6.974410726629997725e+01 8.966003991103326598e+01 8.442133282754285517e+01 6.789170955409771580e+01 6.578650416058138717e+01 8.560119649331765856e+01 9.198091444537597283e+01 1.001080171185106167e+02 1.110318017987177512e+02 9.853013671514230509e+01 8.450640650456021774e+01 8.713100187569638422e+01 1.011568445830794047e+02 9.716994133694026914e+01 8.900686078951517288e+01 7.663571372863866316e+01 5.687727407236581456e+01 4.285747674109630623e+01 6.266438713043411468e+01 5.846199775657846942e+01 7.243907787446758562e+01
9.367352646185668485e-02 2.009363142989833406e+01 2.652045148529112595e+01 1.967504605307294696e+01 1.629317206315250388e+01 2.959582012387589600e+01 3.162330830459005426e+01 1.410661985421096531e+01 1.647534037581528565e+01 1.892674797712600210e+01 2.291317283337258104e+01 4.332697324572604458e+01 5.480895829020065690e+01 5.905980492376599500e+01 5.821248441889346026e+01 5.353385464311301689e+01 6.346158807615633179e+01 8.333591113463945987e+01 9.582508601430689055e+01 8.769238795377098938e+01 7.725879935900040607e+01 7.982846865294153815e+01 9.953779433744247740e+01 1.050517431376692628e+02 9.063555391648897341e+01 1.050517431376692628e+02 1.043276809382896744e+02 1.069545674051771300e+02 1.001266617409122546e+02 9.131460133650523403e+01 8.315275684379159316e+01 6.945185960917119417e+01 4.966314709559848239e+01 6.266438721693192804e+01 4.591343422154513121e+01 6.572071735888992805e+01 7.821122602765959186e+01
3.648181865326004941e-02 1.786756657918533442e+00 3.537828166695009546e+00 5.308842394210147475e+00 7.183184628649558867e+00 9.124325580145956849e+00 1.110096149642469499e+01 3.162331122929327520e+01 3.704801783956754946e+01 3.946913010424413670e+01 2.364125960774876489e+01 4.399429582154080265e+01 3.480285373661195081e+01 3.912119483339564852e+01 4.413665408924793354e+01 5.563697183209794872e+01 7.550537727527679976e+01 8.333591113464099465e+01 1.033372247164266753e+02 1.051082293419598557e+02 9.699712290725349817e+01 9.953779433744247740e+01 1.076490256691057255e+02 9.596208866513110536e+01 7.630773186051185064e+01 8.910215671831163320e+01 9.753530352547883808e+01 1.058840659533446313e+02 8.619924268069966899e+01 7.226047998400176198e+01 6.343126505148408256e+01 5.716729057677616765e+01 6.945185960909718403e+01 6.797747929463257321e+01 4.817447367751776000e+01 5.963415320650695861e+01 7.360381737693548132e+01
