MOVIE_S10_data/elevation_000251.asc
nrows	100
cellsize	150.0
xllcorner	0
ncols	100
yllcorner	0
NODATA_value	-9999
[rows 34 to 50 of 100, columns 0 to 36 of 100]
2.064481644892168788e-02 5.567646778701273114e+00 1.134114947059987877e+01 2.134114920707024510e+01 3.288814044124725910e+01 5.288513156324086850e+01 4.456560794403391412e+01 4.755056070758417519e+01 6.165086745860459416e+01 4.710403016327795456e+01 2.714057208299911750e+01 3.927371768605276259e+01 4.654875978321072694e+01 2.677669788578996091e+01 3.870181511463947288e+01 2.036167978309978466e+01 2.188811216667480508e+01 2.348704629405292721e+01 4.356903515925046833e+01 3.722389668918081185e+01 5.542867094320836685e+01 5.298956819729387036e+01 3.664810815277568423e+01 5.663947588467445371e+01 6.825388732112212153e+01 8.825060468845011030e+01 8.832554640547138547e+01 9.660609359966396426e+01 9.093415574767885801e+01 7.265437787889084120e+01 7.208241709056576951e+01 8.363013528823212539e+01 1.036230410554100274e+02 1.086996997635811937e+02 1.073974095037666387e+02 8.713485919575309424e+01 9.085310645639744109e+01
2.905961989428186565e-02 2.002905961989392836e+01 3.134093257721961834e+01 2.548327590248058172e+01 4.548256676735496029e+01 6.115616058976089420e+01 6.467508685066208329e+01 6.753141222619008488e+01 6.121570475165191283e+01 4.125878302932310504e+01 3.469781309397303204e+01 5.464236052090807050e+01 5.482568844138945252e+01 3.550616977680866881e+01 3.866842436229644164e+01 4.991283435743613239e+01 4.212701817181005026e+01 2.911655886653139191e+01 4.883245396227155766e+01 5.134754783959629520e+01 6.535661352263117863e+01 5.931109920130751334e+01 3.931850096659297833e+01 4.825720517683903665e+01 6.239662376351408568e+01 8.239457244029291871e+01 9.141839659380731575e+01 9.969877866357376206e+01 1.009316982372793063e+02 8.679647179443396965e+01 8.363013528823212539e+01 1.003600250762352886e+02 1.027374202501514304e+02 8.845276499187968966e+01 9.589441386049360005e+01 9.085310645639738425e+01 7.055950516702264963e+01
3.542675937824442400e-02 1.417756238310932027e+01 3.417756238311002193e+01 4.548256676743653770e+01 5.376355050387000034e+01 6.679566339758719096e+01 6.679566339720649637e+01 7.506006881413053122e+01 6.949736716271507930e+01 6.121570492191536772e+01 4.466064147836335962e+01 6.292106294180072723e+01 6.376048854256413279e+01 4.703363793088304590e+01 5.071331795774450768e+01 6.743981483467715066e+01 5.474489175553088671e+01 3.513469161929323548e+01 5.474489175553088671e+01 7.120984317484676751e+01 6.686899809098393632e+01 4.687267719063896010e+01 4.269629082289224442e+01 6.269078568148487562e+01 7.227810415672574607e+01 7.727806931166254856e+01 7.142095397500392551e+01 9.141839659380731575e+01 1.044998431327087332e+02 1.067880148718134450e+02 1.036230410554100274e+02 1.119019417205574598e+02 9.438295488826940982e+01 7.410241638790375873e+01 7.561742300015589535e+01 8.993145721568312467e+01 7.913659028914996441e+01
3.411803931810562102e-02 2.003411803931775026e+01 2.819823895880467646e+01 4.819823895878144526e+01 5.739603795133852771e+01 4.685604671687383416e+01 4.685604671687382705e+01 6.679566339715422885e+01 6.949354092311878617e+01 7.290801906178940328e+01 6.462407956345292348e+01 7.290801906178940328e+01 7.530030846537616185e+01 6.702363014798486063e+01 7.072066010267242575e+01 7.897939071661198795e+01 6.175224704651903807e+01 4.212496983811961115e+01 6.175224704651903807e+01 7.539645222305850325e+01 5.539779959693139233e+01 6.686899809098393632e+01 6.269078568148487562e+01 4.769297426432134301e+01 5.227926656417596263e+01 5.727820869191506858e+01 6.622279555664940176e+01 7.622388944958242973e+01 9.622005786428886154e+01 1.074169052979409145e+02 9.907221070677034902e+01 9.907221070677036323e+01 9.589441386049360005e+01 7.561742300015589535e+01 6.138817589696426325e+01 7.295664959425933205e+01 7.463353560975197354e+01
3.327314952832965272e-02 8.198238958805520227e+00 2.234037458253622077e+01 4.234037458253551023e+01 3.744212919418294661e+01 3.273517043283752770e+01 5.269622522831144096e+01 6.362667526571362231e+01 4.946383784742840106e+01 6.362667528864142952e+01 7.159890881392364292e+01 7.353540366609753676e+01 6.523806731894468669e+01 6.098681029116038843e+01 6.654187299125203481e+01 7.483971807310081203e+01 7.004783471951422769e+01 5.339546902784136506e+01 7.004783471951422769e+01 8.206281119569139548e+01 6.206373427779278273e+01 8.206281119569139548e+01 7.346328430793164443e+01 5.346423533489726054e+01 7.227810415672574607e+01 7.727806931166254856e+01 7.142095397500392551e+01 9.141839659380731575e+01 1.044998431327087332e+02 9.907221070677034902e+01 7.878105341635641423e+01 7.878105341635641423e+01 9.309897935714870698e+01 8.461797744140032762e+01 6.441996512643444817e+01 5.294624872009222827e+01 6.609313855494877998e+01
6.779948344387334846e-02 2.006779948344351894e+01 3.648251020546280898e+01 3.545119733865691103e+01 2.331032908952131422e+01 4.328649375797626675e+01 6.095805781939588286e+01 5.467288169625969374e+01 3.531229392732234373e+01 5.157033866710568759e+01 5.157033866718379045e+01 6.197200573743410956e+01 4.521097904091141118e+01 4.096375022059097404e+01 4.651280958765412521e+01 6.067266151057293655e+01 8.071140294834326312e+01 7.319694539229988095e+01 8.153626764881438760e+01 9.034405509413072366e+01 7.206424139756558134e+01 9.034405509413072366e+01 8.102245217607504912e+01 6.102277387837723666e+01 6.979368980829121938e+01 8.979110739425566123e+01 9.141839659380731575e+01 9.969877866357376206e+01 1.088360276358893799e+02 8.859401265139958070e+01 7.426323560414243730e+01 6.449439208880593810e+01 8.472419578859579303e+01 9.298831345179975472e+01 8.132532582836866197e+01 6.609313855384760927e+01 4.615969848432595057e+01
9.516927588586144779e-03 2.000951692758822986e+01 2.838542206494403786e+01 1.546616689711918902e+01 3.545119733865458755e+01 4.489379500087630959e+01 4.456704747524136678e+01 3.627373108505334898e+01 2.636692628712616937e+01 3.155541886524534334e+01 4.448156899490057015e+01 4.749837358908386165e+01 3.365949633842574684e+01 5.367542251053917823e+01 6.654187299125203481e+01 5.721445103583976532e+01 6.723194944361178216e+01 8.140561080410638795e+01 1.014406605280241678e+02 1.003416171785931255e+02 9.206138099381728068e+01 1.003416171785931255e+02 8.930383518034169299e+01 7.516569074885759960e+01 8.102245217607504912e+01 9.807174829177898800e+01 9.609757845817092914e+01 9.727800769034929829e+01 9.128937637748528289e+01 9.230849160996569935e+01 7.204625667953868629e+01 5.787088739974696949e+01 7.063777934991709628e+01 7.900177899289590755e+01 7.581820494980740932e+01 5.576137398385695576e+01 4.168830860882957978e+01
1.945935296826603253e-02 1.987038002716874274e+01 8.395154083503081566e+00 2.692542313651278008e+01 2.876278612811391611e+01 2.488230037697896790e+01 3.276430061486512102e+01 1.626752146060916715e+01 1.880752407290443884e+01 2.155473566865617130e+01 2.447203690090965367e+01 2.748715577963129419e+01 3.220127298967897644e+01 5.221585605951896980e+01 6.782411411582508265e+01 7.725284522522201769e+01 8.554927480792696315e+01 9.556735270471919819e+01 9.246376509975422664e+01 8.412631058504349824e+01 8.412631058504349824e+01 8.335840545016161229e+01 9.165495312356308943e+01 9.516192504524738638e+01 1.010168798128144800e+02 9.008316626083166057e+01 7.558765443049128407e+01 7.668698730696888788e+01 7.063847971091225020e+01 8.520252877655676116e+01 8.228022946407797633e+01 6.211491434176534909e+01 5.065323493232575913e+01 6.461221249179514814e+01 6.077407893314872211e+01 5.713001316422782594e+01 3.750104402355470512e+01
5.600688922766024203e-02 1.728490909241843232e+00 2.172876181488197744e+01 6.893679563338799277e+00 8.758689179822242821e+00 1.073898426578778142e+01 1.275928935494587080e+01 3.276420512858032197e+01 3.881451726572070982e+01 4.156287876613372845e+01 4.448156899490057015e+01 3.903645181491899763e+01 5.221585605951895559e+01 3.950518190877276936e+01 5.365887821176152528e+01 7.369277162598631037e+01 8.483985469988321881e+01 9.640747285367478980e+01 8.412631058504349824e+01 6.361086535317835455e+01 6.361086535317835455e+01 6.287037928203621817e+01 7.982372659051280550e+01 8.927703072990900068e+01 9.335496888733091225e+01 7.970992737728467148e+01 6.074321390859455505e+01 7.668698724924809085e+01 5.564845583441541521e+01 7.668698730696888788e+01 9.065199227326455400e+01 7.900177899289590755e+01 6.461221249179514814e+01 4.466868550236315372e+01 4.081637790352503004e+01 3.715884630422391410e+01 3.480461442021967855e+01
8.215197286175310309e-02 2.008209652916600518e+01 4.278797761495208185e+00 2.366807809445771582e+01 1.478889251169488084e+01 3.074353145063091119e+01 3.276434748626756033e+01 1.801154877529706155e+01 3.801839423942065821e+01 4.356801370316243549e+01 6.359111898884494707e+01 5.905757369742953244e+01 6.735450784592823936e+01 5.365887821176152528e+01 4.893821710223173937e+01 5.650506128549427132e+01 6.807271083753002472e+01 8.811417140728516983e+01 8.261235358363637715e+01 6.961970014253046202e+01 4.899185011604783568e+01 5.092629034166363766e+01 6.122247583336582721e+01 8.108115871398646846e+01 8.184995491142065305e+01 6.275307734117751579e+01 5.002575076315448399e+01 6.924874227860603071e+01 4.803582479459811339e+01 6.924874285428919052e+01 8.501030191070178432e+01 7.663310238494757698e+01 7.295784909154288300e+01 6.461221249179514814e+01 6.076739077534166000e+01 5.212984071518175000e+01 3.217188165680646961e+01
2.613274238814250472e-02 2.002613274238778729e+01 2.427941999640315629e+01 2.056843848799354646e+01 3.467219400874761703e+01 2.421255430795548591e+01 4.400016630457185585e+01 3.801839424526058764e+01 2.355857613584817400e+01 4.356801370118521533e+01 5.567560924903362718e+01 6.397193550516671934e+01 7.398613181624972412e+01 7.369277162598631037e+01 6.896951334569028802e+01 7.654322875238368340e+01 8.483985469988321881e+01 8.473521859647155452e+01 7.422125443971134473e+01 5.361920183932249984e+01 4.179549623673081982e+01 6.232665382501798490e+01 7.982372659051280550e+01 8.927703072990900068e+01 7.317847093325168828e+01 5.199378753885778792e+01 4.120938150367809527e+01 5.448442989323761054e+01 4.151754947654401917e+01 6.285280690685628713e+01 7.663310238494757698e+01 5.597350137835697126e+01 6.202455841657896229e+01 6.926280346055288817e+01 5.663714875741099064e+01 4.814186661295581615e+01 3.009539226327059680e+01
7.532853315450405152e-02 1.421740006301361348e+01 3.421268765980518367e+01 4.030511721420694471e+01 4.836209882089283951e+01 4.400016631811317325e+01 3.571169569554103873e+01 5.186218387756440507e+01 4.356801371284089441e+01 2.988332643379463960e+01 3.565737745540897663e+01 4.566170733744935006e+01 5.982099078152669591e+01 7.985737266543075918e+01 7.632351500803466138e+01 6.797434772601521047e+01 7.632351500803466138e+01 7.026409949218206918e+01 5.579298038789259806e+01 5.804798341274257467e+01 3.759981810801915003e+01 5.202429068990186067e+01 7.259046407979271009e+01 8.548486631813533165e+01 8.172930923998050901e+01 7.121547209941255119e+01 5.448442990260922869e+01 3.282077587968046117e+01 4.897892595155639839e+01 4.897892594806782540e+01 7.018286466756148911e+01 6.202455841657896229e+01 4.050121724210025320e+01 5.067213418692261229e+01 4.220087652239137554e+01 2.852693282412135289e+01 4.846700339147328407e+01
6.101047412966256744e-02 1.420518745294755725e+01 3.426414275379719498e+01 4.264696492034963171e+01 5.093622758253036409e+01 6.335970617440988661e+01 4.711249453426306388e+01 6.335970617448512598e+01 5.746368266978613093e+01 3.744370791797373954e+01 5.567560925116410431e+01 4.980886544147720230e+01 6.983918172347877373e+01 7.932627627061467024e+01 6.638946986668410943e+01 4.822579227178588468e+01 6.638946986668410943e+01 6.180832751383669432e+01 4.132942103779547693e+01 4.885632982306419336e+01 3.374053701244683623e+01 4.809882523288169409e+01 6.863800270285524618e+01 6.568084065821609840e+01 7.932575869566146309e+01 7.428591332471116004e+01 6.314988054585668209e+01 4.897680086027087754e+01 2.691050916458920028e+01 4.498707139895069673e+01 5.345926505965305608e+01 6.666322491128563854e+01 5.067243476824498316e+01 3.020416387979460637e+01 2.696362957146651951e+01 2.892290847711051782e+01 3.089595004297849457e+01
6.842009524227352091e-02 2.004109901800623206e+01 2.999274526888282821e+01 2.264453748647595077e+01 3.678725287775561270e+01 5.679356120518082918e+01 6.653740507822327288e+01 7.456862415483963957e+01 6.576012719291294673e+01 4.899783070295634246e+01 6.576012719291294673e+01 6.983918172347877373e+01 7.813500556885634296e+01 6.991685033179689412e+01 5.122397016465325947e+01 3.865152819473421886e+01 5.810006941971896310e+01 6.494884970257140822e+01 4.885632982303381056e+01 2.856912438740656057e+01 4.420373756800559306e+01 5.266454440779104118e+01 6.978013220321487609e+01 5.154330244466149935e+01 6.978013220321487609e+01 5.984834025653626810e+01 4.557231763421500403e+01 4.905516363796775892e+01 2.320972670229473778e+01 2.740140734448657867e+01 4.499431418110871306e+01 5.250927791744183537e+01 3.835529942026923322e+01 2.560100672122948851e+01 3.967504222801986913e+01 4.883795720952657149e+01 5.082313130307683480e+01
1.934550753332892059e-02 3.670829224234444244e+00 9.995384545947164412e+00 2.154240881104689009e+01 3.568500560458695503e+01 5.569082746357694447e+01 6.125701165325198616e+01 6.954324335574925442e+01 7.732437813670669868e+01 6.902825109393612024e+01 6.336902625593601357e+01 5.529520991987528333e+01 6.336902758246358047e+01 6.162581106365822592e+01 4.207587926731949324e+01 3.196144664359989207e+01 5.122397016465325237e+01 5.648762035862698383e+01 3.610202233752733747e+01 3.984284571114831408e+01 2.397685251239177973e+01 4.420374437811754831e+01 6.155418299266469973e+01 4.154209364000006133e+01 6.155418299266469973e+01 5.143900630053605028e+01 3.137474154254062952e+01 3.646158602646639935e+01 1.988325725896699225e+01 2.075610195057768337e+01 4.099337635535945878e+01 4.288716589906844234e+01 2.425833375462056196e+01 4.420722168835067123e+01 5.376443406825478633e+01 6.750067956043046991e+01 5.572696971379508568e+01
4.364784840791047227e-02 2.004364784840755576e+01 1.015968607015525471e+01 3.015990861809414625e+01 4.257644848982248931e+01 4.860687793049381611e+01 4.125539401844155663e+01 5.539812560081534087e+01 7.540161382144303559e+01 6.489283735199957448e+01 5.315900204001623308e+01 3.449091852349296516e+01 5.315862212120681818e+01 5.589508200417876083e+01 4.566137434575441745e+01 2.647276309740103528e+01 4.566335764324365698e+01 5.424553454244631467e+01 3.387706238207830012e+01 1.967571160789787754e+01 3.984284839655524024e+01 5.266468752972335921e+01 5.488643569752513685e+01 3.487006596887898979e+01 5.488608821220469025e+01 4.562443777731338201e+01 3.655075483644120027e+01 1.869390193632784758e+01 3.091454158073968017e+01 3.719733672205825314e+01 2.199958849720050935e+01 2.293243551176911410e+01 4.288716672510463468e+01 3.422737509474857376e+01 5.418706888414974543e+01 7.201928866047181543e+01 5.199008729751898272e+01
5.219006137575642884e-02 2.005219006137540205e+01 3.015990861809414625e+01 1.723075391107321508e+01 2.257597882952522994e+01 2.860620615107437814e+01 4.274848191852695578e+01 6.275029703633659039e+01 6.120544523064610587e+01 5.683489441579382628e+01 3.615103631094532943e+01 2.289130515316983505e+01 3.505357772265129057e+01 3.500423408962658556e+01 4.087337463519877900e+01 2.191713232660062260e+01 3.521840635399104968e+01 4.381770435678477327e+01 3.701963170404219738e+01 1.695775614773580386e+01 3.701963170404219738e+01 4.956009215375818400e+01 4.125839315534296503e+01 2.908575627195572011e+01 4.470712242095202527e+01 3.639061788427179067e+01 1.751391652720930381e+01 3.756566939810576145e+01 4.271018956108267162e+01 4.363327206008690240e+01 2.467498912065077121e+01 4.278823173320122919e+01 5.118723962091969071e+01 4.832099031320780114e+01 4.832099031321308757e+01 6.834903532831117445e+01 6.471944849082309759e+01
