MOVIE_S10_data/elevation_000042.asc
nrows	100
cellsize	150.0
xllcorner	0
ncols	100
yllcorner	0
NODATA_value	-9999
[rows 17 to 33 of 100, columns 37 to 73 of 100]
7.720348198054323063e+01 6.521554320855453568e+01 4.627655870774242430e+01 4.440319024734337461e+01 6.430565911802408152e+01 6.548403726197919639e+01 6.133755464560210413e+01 7.549453183058122363e+01 9.564710800625587694e+01 1.103406931340191477e+02 9.055984641326905660e+01 7.645440935491212997e+01 8.376821822802608608e+01 7.421909046416939759e+01 5.415776789567189553e+01 6.705546473737318536e+01 4.705553891744465744e+01 6.414662758991995872e+01 4.795926518537938676e+01 6.810174005285631438e+01 7.628623665141476806e+01 5.925741500391939809e+01 5.768006420449243876e+01 6.945357085413412790e+01 8.984725162472275883e+01 1.057065043713007384e+02 9.737776051587977122e+01 9.737776051587978543e+01 9.401803623959409606e+01 8.589591493822358359e+01 9.401803623959409606e+01 8.829156606438357358e+01 7.999871282534365946e+01 7.999871282534365946e+01 7.320990082556777168e+01 5.305964781847182365e+01 4.013434726354135762e+01
8.587248147366854312e+01 6.578562461883434764e+01 5.171430387332554091e+01 6.430565911802413837e+01 4.779517444329202647e+01 5.140823130430307231e+01 7.136731968982992669e+01 7.804391582448758413e+01 9.819853315224260371e+01 1.107779438115227038e+02 1.045142554892383799e+02 9.635352228016508036e+01 7.999777937556252994e+01 5.997981378422679910e+01 7.421909046416939759e+01 6.716789003813759962e+01 6.414663484278314343e+01 4.398762812694219093e+01 4.421063642958762330e+01 5.915690828911405674e+01 6.080451155509562966e+01 4.787387891819184205e+01 6.190643184281892530e+01 8.228955151571847182e+01 8.341601189062035360e+01 9.173753897710956551e+01 9.438385110828114932e+01 8.629018752264916259e+01 8.411512044111108821e+01 6.600836058108734505e+01 8.411512044111108821e+01 8.129770070975393992e+01 7.285429697574302565e+01 8.129770070975393992e+01 7.443670356115487152e+01 5.424983414397631520e+01 6.016243130534056860e+01
7.522183923586700871e+01 6.106751732994314352e+01 7.166892990405396802e+01 7.100394627293610483e+01 5.104858676083598823e+01 7.100394627293610483e+01 5.801412742051469706e+01 7.804391582448756992e+01 8.222673010208767153e+01 1.024078896320035170e+02 1.111506081034134041e+02 9.971805544479792616e+01 8.425915951575659335e+01 6.427151494759201000e+01 8.425915951575659335e+01 8.706307084897905213e+01 7.245414180666897153e+01 6.116007855394438053e+01 4.101574122668899491e+01 3.904272862957180479e+01 4.111320070601520626e+01 6.080451155509562966e+01 7.628623665141476806e+01 8.018088912299047877e+01 6.342964369850819395e+01 8.018088912299047877e+01 8.298942954627318613e+01 6.647333236719519789e+01 7.595213775965555669e+01 5.594208661528958970e+01 7.595213775965555669e+01 7.112212199156495274e+01 5.251681785323832941e+01 7.112212199156495274e+01 8.290722174822683144e+01 7.443670356115487152e+01 7.447763057903479478e+01
7.742478493030650100e+01 7.522183923586700871e+01 8.948003337780727406e+01 7.443225708004844421e+01 5.444194168319814509e+01 7.443225708004844421e+01 7.804391582448756992e+01 6.582428656330445449e+01 8.002024995729428269e+01 1.001975416792304969e+02 1.030039502143418844e+02 8.314668763230636728e+01 7.160171973822789937e+01 8.425915951575659335e+01 8.061305229707954823e+01 8.435652567900849874e+01 6.429206629812543383e+01 5.265933860906923769e+01 5.527189399568763406e+01 5.669873737050776441e+01 3.661532514187155130e+01 5.441741504104454208e+01 6.274279238664269087e+01 7.187687683478142731e+01 5.210336319322376397e+01 7.187687683478142731e+01 7.411784608029743993e+01 5.485862817986049578e+01 6.928212071153346585e+01 4.918981178226800921e+01 6.928212071153346585e+01 6.268555741449066687e+01 4.266529685048243437e+01 6.268555741449066687e+01 6.990689942524326739e+01 7.825212617770318957e+01 6.660467894676388312e+01
9.757997520508047273e+01 9.537079333531821135e+01 9.227220950346638517e+01 7.213055137495801716e+01 5.799904246853154177e+01 7.802990645645698464e+01 9.429389289068978997e+01 8.002024995729428269e+01 8.002024995729428269e+01 1.001975416792304969e+02 1.030039502143418844e+02 8.314668763230636728e+01 8.314668763230636728e+01 9.971805544479792616e+01 9.469679260503519913e+01 9.266812335468098638e+01 8.108364657123708241e+01 7.277230446797969421e+01 7.537538292266548012e+01 6.502468726438843305e+01 5.441741504104452787e+01 3.435607961484771522e+01 5.227220226403132131e+01 5.621560758246012313e+01 4.549855625811480309e+01 6.488588404286636546e+01 6.592431164857451620e+01 4.579943406101664749e+01 5.586352483162117721e+01 4.332545751093257991e+01 6.348197072705723798e+01 5.601213722648794402e+01 3.646552963978374606e+01 5.601213722648794402e+01 4.972794987711193926e+01 6.660717996609707825e+01 7.464670308785652253e+01
9.576736336063801502e+01 1.029938101357110583e+02 9.615325047699522543e+01 7.598677001976977863e+01 6.181811799517644346e+01 8.189339539302510218e+01 9.679395240539432166e+01 1.001975416792304969e+02 1.001975416792304969e+02 1.085675358240853257e+02 1.111506081034134041e+02 9.465485233696023215e+01 1.030039502143418844e+02 1.111506081034134326e+02 1.144503519559527831e+02 1.026538714153541179e+02 9.105540535612958308e+01 8.273868177485842068e+01 7.560881344759211231e+01 6.156341607916220937e+01 4.141132659891309942e+01 5.227220226403127867e+01 3.221597231001614858e+01 3.742276891473368750e+01 5.621348276604560823e+01 6.925765110178876682e+01 6.993565187834357744e+01 4.997390603659209063e+01 3.565364833039515702e+01 5.037557193635585406e+01 5.865901330266156322e+01 5.034498159561371722e+01 3.124674065127311806e+01 4.656667187056529400e+01 3.800906758868088531e+01 5.825657717672685010e+01 6.753882233429393978e+01
8.735315007521253960e+01 8.302196194202879553e+01 9.715146441281984835e+01 9.025475935112328330e+01 7.337317400001988688e+01 6.829027070950787959e+01 8.251227153083459598e+01 1.027044622135974095e+02 1.126729909747463694e+02 1.243420838454582054e+02 1.225309961665808345e+02 1.144090300135279534e+02 1.054281773867494394e+02 9.701477085107754306e+01 1.054281773867494394e+02 9.434325063232066100e+01 7.424354777126454508e+01 6.257236880214972530e+01 5.541148795138688854e+01 4.931020398943470440e+01 6.156341607905769564e+01 5.514853895977067566e+01 3.076685180773346318e+01 3.765513244590523101e+01 4.458446204639211174e+01 4.547431395714588120e+01 5.716599965516721937e+01 6.366756618399155343e+01 5.029082078755531171e+01 3.016820583444326331e+01 5.029144370576625533e+01 4.508953268681799642e+01 2.639564669175476652e+01 2.636841472782291973e+01 4.624453999061005049e+01 5.841697746965940752e+01 5.808419754655781730e+01
7.623687685375327305e+01 6.889435975774462406e+01 8.887158084513005463e+01 1.019013304533680184e+02 9.353223426173806843e+01 7.989378753258709764e+01 7.648403161945971362e+01 8.409901679621967219e+01 9.575876055106525087e+01 1.159702715078935853e+02 1.105611816260899758e+02 1.010317452255951594e+02 9.305722280874815056e+01 7.730990579986013245e+01 9.548686712958223666e+01 9.530930981088168608e+01 9.105540535612958308e+01 8.273868177485842068e+01 7.560881344759211231e+01 6.931523684482893088e+01 5.994988410671507495e+01 5.024195841801052609e+01 2.988099485938941768e+01 2.873746041418343111e+01 2.785072367113188463e+01 2.696793397944528081e+01 4.464958211021885148e+01 4.499871209887980683e+01 4.413432816800995084e+01 2.664571582976805786e+01 4.241240387037758097e+01 4.036034215257466684e+01 2.797798597664471032e+01 1.980739595703834866e+01 3.209171804943960638e+01 4.647309596302711299e+01 4.982617868718318022e+01
5.630758082706606871e+01 7.623687685375327305e+01 9.157788721711820301e+01 1.031160447391370525e+02 1.084533414809012726e+02 1.000822298766923382e+02 8.656331170260889962e+01 1.043011502162396908e+02 1.126729909747463694e+02 1.155697239366697460e+02 1.020654712140867986e+02 8.194628221433274007e+01 7.154945697737556998e+01 6.786250468458841567e+01 7.687795644442806520e+01 7.522519573724943598e+01 8.948077909827092924e+01 8.967859722699121505e+01 7.339122361870093414e+01 5.344234468279432804e+01 5.056886487546030651e+01 3.151850922251787068e+01 5.024195847887808242e+01 4.910285159118875953e+01 4.774834814029487262e+01 4.186730889908668729e+01 2.572511202681983633e+01 2.488116962412987831e+01 2.404242344979859425e+01 2.321141173433735716e+01 2.243298828778836551e+01 2.166050736849006597e+01 2.089254228404007208e+01 3.868230763582280929e+01 1.873883427897348497e+01 3.758766903244431035e+01 3.682580846016013254e+01
7.623687685375327305e+01 6.332435051506527657e+01 7.485344623833518085e+01 9.483577475913359933e+01 1.105042290109279435e+02 1.151394743399881833e+02 1.067676113063504459e+02 1.151394743399881833e+02 1.215097412151190355e+02 1.011312526502583466e+02 8.703437380349321018e+01 7.738248417470633456e+01 6.886568892250315344e+01 6.189722732771658542e+01 5.671167262306447299e+01 6.100520694074533168e+01 7.941314401289440639e+01 6.946743412158529907e+01 6.946743412158529907e+01 5.359271525227254784e+01 3.318118104632671361e+01 5.190939668408939411e+01 6.029666673838433155e+01 6.155187228598789773e+01 4.182524105176642593e+01 3.034994994621601450e+01 4.586046533639084544e+01 4.488441756813772088e+01 3.255138957318921911e+01 2.659635818637934790e+01 4.144556460306290546e+01 3.627778732079251967e+01 4.674621954459414042e+01 4.702663275203330784e+01 3.758776734068136705e+01 1.766505115066906484e+01 1.690969298329651949e+01
9.157788721711820301e+01 7.744735029448507646e+01 7.330626810593970788e+01 8.225477581003809746e+01 9.637560123193075867e+01 1.163320701804807840e+02 1.164521874319184462e+02 1.080392922444621462e+02 1.063856043867659196e+02 9.798822176674656248e+01 9.611155319517813211e+01 9.659543775802094956e+01 8.826391296643998885e+01 8.212586376756101458e+01 7.105645174801864528e+01 5.055363646570460645e+01 6.593074792744016577e+01 6.251221635110689334e+01 4.894794578249805284e+01 5.479190791346155009e+01 3.437042973916494759e+01 4.622705761681219627e+01 6.647274423968285362e+01 6.981875860504273135e+01 5.360391244143230693e+01 3.383563119558013454e+01 5.360391244143215062e+01 5.694630783495507131e+01 4.853708943830759637e+01 3.023609829638406765e+01 5.173731320947288737e+01 5.800571476838268126e+01 6.149485354007874349e+01 4.491970362594990007e+01 2.483687255111586367e+01 3.742202713458335950e+01 3.681708474364012318e+01
8.924255063150600620e+01 9.742603651274473009e+01 9.329167591129051118e+01 1.015709675340133060e+02 1.105042290109279435e+02 1.157032258833958451e+02 1.066586402824649440e+02 8.785575908455857075e+01 9.155950642835944109e+01 7.788131225051581907e+01 7.600640735812780235e+01 9.025450932422273809e+01 8.775684126275913854e+01 8.528484869081287911e+01 7.941314401289442060e+01 6.593074792744016577e+01 4.513662253960600168e+01 4.187547111806944145e+01 3.896127648732198168e+01 3.605948517002431686e+01 3.447004090025679091e+01 6.243059555030458796e+01 7.478823763855071149e+01 7.116557691958337273e+01 5.141619168890471059e+01 3.750049497475330185e+01 5.720065269870507763e+01 7.016202120837978384e+01 4.975909150812748294e+01 3.429678456178572077e+01 4.707315707203032673e+01 6.756722948660579675e+01 5.315307177411163764e+01 3.298552094664965750e+01 4.491970362595127142e+01 4.954299187384629732e+01 2.949542839576432840e+01
7.510987456941344931e+01 9.509477548740595410e+01 1.038892509168090044e+02 1.138729326733688936e+02 1.216463895339203845e+02 1.013343943589170522e+02 8.710173489209121556e+01 7.816248397286558713e+01 7.149739737571140097e+01 6.632453874889300494e+01 6.183851152579190114e+01 7.610523902889535464e+01 6.767442135882208731e+01 6.520135096273089914e+01 7.942707641625514725e+01 7.431102918735192020e+01 6.593073498938976229e+01 5.840756637220427905e+01 3.801257977516479514e+01 5.652410706869471113e+01 6.243527717975531743e+01 5.650982366215117736e+01 7.674058742516660914e+01 7.504741209602498486e+01 5.525385878279838892e+01 4.141695329760391076e+01 6.105125632446498685e+01 7.161251056475320809e+01 5.138610517401588851e+01 3.893569643560466176e+01 5.993478996767254330e+01 7.586294693998063110e+01 5.987925761810089398e+01 3.970070008613315338e+01 5.987925761810089398e+01 5.590479810745893019e+01 3.583868782387111196e+01
6.745388765236985762e+01 7.562268939841322890e+01 8.563481638828136511e+01 9.974498558762091704e+01 1.196977713144793682e+02 1.157032258833958451e+02 1.066586402824649440e+02 9.825801765610647465e+01 9.155950642835944109e+01 8.637949214497928097e+01 7.610523902892246895e+01 5.603591073784709664e+01 5.346771454626185971e+01 5.096257155378948056e+01 6.768257787497221045e+01 6.531998399202711880e+01 6.348964672733804093e+01 5.966476707842843297e+01 3.937524636123820443e+01 5.978071730123161132e+01 7.640206802207991643e+01 7.674058742516660914e+01 8.513672396186601077e+01 7.928375555286619658e+01 5.941354343887326195e+01 4.561743018847425191e+01 6.523339382344667570e+01 7.989466632183938088e+01 6.454562300217280324e+01 4.419149932485483134e+01 5.605420939326138807e+01 7.609560266621407720e+01 6.821596640040003479e+01 4.981067110382047503e+01 6.821596640040003479e+01 6.347887722403089583e+01 4.347202232728176341e+01
8.745135007258492976e+01 7.640316934412513206e+01 8.795687228968714066e+01 1.020624274893913110e+02 1.220229242039512201e+02 1.172378360134645590e+02 1.081869492436803029e+02 9.978225294395797107e+01 9.267250054091789480e+01 8.096974824645003821e+01 6.091294778258413345e+01 7.610523902892246895e+01 7.355642596604165817e+01 6.768257787494842148e+01 4.749567609252817135e+01 4.507114146925075460e+01 4.320582257187759012e+01 4.136440101508014777e+01 5.967697400835812260e+01 4.906918473963553851e+01 5.626661311924901554e+01 7.049861624725552645e+01 9.065426136186454187e+01 8.147949107436875238e+01 6.158216678617302620e+01 5.062165589005489608e+01 7.031930493834418883e+01 8.381285246035729131e+01 6.392128743098035670e+01 4.960102747391952249e+01 6.974739193967177187e+01 8.437986609053101006e+01 7.828215665074132801e+01 6.994784413238133425e+01 7.828215665074132801e+01 7.158487051746901386e+01 5.770271617630830718e+01
1.046673005289317899e+02 9.054528989674557238e+01 9.272735529320213743e+01 1.126842627129493479e+02 1.231863331036623350e+02 1.028630508128628094e+02 8.861641897666197565e+01 7.967283639697002684e+01 7.260496961518693126e+01 6.759800912037758280e+01 6.627486376310608307e+01 8.632951547481914645e+01 8.163160632070555778e+01 6.900464455432073407e+01 4.922367228228026903e+01 6.531878278161519802e+01 6.350158425358055325e+01 6.171921676607956897e+01 4.449163087011614692e+01 6.476175853939524529e+01 7.640206802213508297e+01 7.269992731022185239e+01 9.287470514613266914e+01 8.982681944809237962e+01 7.582409383294893246e+01 5.597629521284722642e+01 7.582409383294893246e+01 8.381285246035729131e+01 6.392128743098035670e+01 5.733755183618979601e+01 7.728792374423430545e+01 8.840117764368234532e+01 7.683010468434376605e+01 6.853205120143063311e+01 6.852729061008889744e+01 7.682000881725122099e+01 7.744782243316137738e+01
1.104205076256762368e+02 1.104987260526414303e+02 1.126842627129493479e+02 1.156801463117169391e+02 1.240247180723793718e+02 1.172378360134645590e+02 1.054254774095829674e+02 8.526125048337105738e+01 9.267250054091789480e+01 8.765561780948519299e+01 7.205728779358483393e+01 8.764197751995169483e+01 6.728403277148090922e+01 5.337074162682717571e+01 6.901002471065110910e+01 7.741760269897866920e+01 7.855384598100593507e+01 5.844102479205869116e+01 4.672572182661211571e+01 6.694170395900876258e+01 7.861389163771330857e+01 9.277112296863532492e+01 1.013246601543977334e+02 9.000015994940204678e+01 6.995217498641622456e+01 6.476228140319950910e+01 8.416173218768973641e+01 9.212364451165520052e+01 8.381285246035729131e+01 6.738073088375242037e+01 8.556714104448033709e+01 8.010788445718603157e+01 6.005795311827239402e+01 4.840432830978844692e+01 4.840422390617737136e+01 6.295599720989101655e+01 6.169816297951714290e+01
