MOVIE_S10_data/elevation_000317.asc
nrows	100
cellsize	150.0
xllcorner	0
ncols	100
yllcorner	0
NODATA_value	-9999
[rows 17 to 33 of 100, columns 0 to 36 of 100]
5.222468517465790605e-02 1.892154187500774043e+01 3.090641009448196286e+01 2.933860837582876968e+01 3.363111156733695850e+01 2.847072101372645037e+01 2.847745668912360983e+01 4.863978009493944654e+01 5.060483368832238682e+01 3.049790820885041853e+01 1.879908160908602355e+01 3.899610135304300229e+01 5.494832703323712053e+01 5.891990913443856215e+01 3.905382870716127997e+01 2.483553107021005246e+01 4.487246894871346825e+01 4.603040071353519380e+01 6.564011121570359819e+01 6.389196119613998803e+01 4.676193778853715344e+01 2.658422479655981263e+01 4.087845304934756996e+01 6.096592643502214059e+01 5.632264044228030997e+01 6.449463939843911930e+01 5.853989970212431615e+01 3.864377686820697022e+01 2.430233583760159632e+01 4.454429923597727026e+01 5.367893425679341846e+01 6.407908592165057371e+01 7.067210668240079485e+01 6.356975895663158838e+01 5.168539968678630458e+01 7.176875403680794818e+01 9.169004257119907209e+01
7.333276091007127906e-02 1.421546839866311451e+01 3.421547918166629643e+01 4.732789856333452860e+01 5.228226021052145001e+01 4.853366316293645610e+01 4.863978009493944654e+01 5.713968995491207181e+01 5.888440984363694497e+01 4.507187722202092317e+01 2.492079728706852393e+01 2.787076486064101388e+01 4.799668764341949867e+01 6.277554400149443836e+01 4.872005496761783405e+01 2.872741155387619116e+01 3.561097677696471209e+01 5.550773193681843765e+01 7.377931275107427211e+01 6.386343620571320656e+01 4.378889968696016410e+01 2.953068131546134722e+01 4.966859530412585855e+01 5.485432654095109228e+01 7.492653867504138532e+01 6.950033914934691381e+01 4.941347727431399051e+01 3.518425604865711165e+01 4.454429923597691499e+01 2.610700182437280858e+01 3.780482488677915143e+01 5.482577485282136109e+01 5.059551701711883709e+01 4.350505258301264178e+01 6.356975895663158838e+01 6.327503972990352565e+01 7.748670326301346734e+01
6.343274376862209629e-02 1.420556836749969776e+01 3.420556836750040475e+01 4.127629016227198377e+01 4.962147750091395437e+01 4.676787851694728460e+01 5.514314554638981036e+01 6.679569822333731111e+01 5.924671783185647200e+01 3.920047345403400385e+01 3.397532868130308970e+01 3.502461535252491132e+01 5.509134956093789981e+01 5.458731173451064222e+01 3.469047599016277417e+01 4.291527642702469336e+01 5.550773193681188644e+01 4.971691795283591375e+01 6.948799359412890908e+01 6.922712305228841956e+01 4.915805201053876772e+01 3.495261022143813534e+01 3.477007582399519947e+01 4.897626741350575941e+01 6.904521665535715158e+01 7.171624369203281901e+01 5.161286643866004908e+01 5.530190489955368349e+01 4.976204988783589300e+01 2.963437467374749446e+01 2.806030469850490761e+01 4.821349638769105894e+01 3.641173850381021282e+01 5.647581398698010702e+01 7.189006076805819134e+01 8.337138355252666599e+01 9.169004257119907209e+01
3.497053469895897854e-02 2.003497053469860489e+01 2.640309848261586723e+01 2.121901518005324760e+01 3.603425014081138045e+01 2.668799257580417716e+01 3.825288996391376628e+01 5.839956919332478691e+01 6.751766889319415554e+01 5.924671783185647200e+01 4.404303386956407707e+01 4.402909644169180581e+01 6.336470078620600788e+01 5.902169749880736305e+01 3.919052148388046675e+01 5.902169749879666227e+01 7.092352849063355791e+01 6.948799359412890908e+01 7.768183241373183989e+01 6.400951523054627046e+01 4.394445399961873022e+01 5.503614705354542735e+01 3.880321218409963535e+01 5.038507735786327402e+01 7.045377053366836151e+01 8.004652584758932221e+01 6.874554965714568766e+01 5.486139860085029341e+01 3.478524264408441269e+01 4.976204988779822713e+01 4.821349637653481324e+01 3.002008831719306770e+01 5.013099621974407683e+01 6.046302118959565064e+01 7.110504002275121138e+01 7.969177302317014266e+01 7.320252662985595293e+01
9.635555453094322986e-02 3.219830792332925906e+00 6.382108453270545212e+00 9.670088211523919952e+00 1.599466722161104748e+01 3.603472800876782145e+01 5.514314554638981036e+01 6.494290649533240867e+01 7.335878235595774299e+01 7.232153216549275498e+01 5.820743018123527435e+01 5.560096991899156649e+01 7.230694012054226505e+01 6.720502610442323999e+01 5.901820566538360424e+01 4.648097531866694965e+01 5.790796450791272321e+01 7.761081500571484071e+01 7.473933076005901910e+01 5.466568399266999023e+01 6.400951523054627046e+01 6.324450654933607296e+01 4.318473319540006372e+01 6.324450654933607296e+01 7.877188891370229840e+01 7.462840641550560861e+01 5.454389710474244879e+01 4.036123865310804604e+01 5.486139860085032183e+01 5.486139860327513418e+01 5.844738248877493447e+01 5.013099617895613846e+01 3.207989365202004706e+01 5.188530963534085316e+01 5.063111557706854171e+01 6.638035862510814411e+01 5.899686191467184671e+01
8.845047570523793812e-02 1.904565936690587691e+01 2.634336868290847278e+01 2.969745622294777831e+01 1.570033382251586573e+01 3.574774473943557496e+01 4.843445039656149476e+01 4.472425955376949958e+01 5.605048131988045412e+01 7.634168813294206757e+01 7.817341707351130253e+01 7.557005967875845442e+01 8.383235469124036854e+01 8.015983229088740813e+01 6.046248604444575392e+01 5.397892523620786420e+01 7.368276791736330722e+01 8.581836551809455216e+01 8.305786711776403308e+01 6.625143710625955862e+01 8.305786711776403308e+01 6.797396311591603535e+01 4.790857825857744245e+01 6.209231544162646799e+01 8.217351670028638466e+01 7.891157887433440976e+01 5.882112106550911790e+01 4.463517329033332715e+01 6.470551497340947833e+01 7.494133990398367473e+01 6.485119131497047817e+01 4.478358879838663142e+01 5.215932509640753523e+01 3.417374054168430320e+01 5.420326829475411046e+01 4.631352459594979365e+01 6.638044176943847674e+01
8.023991185656004221e-02 2.008023728545649433e+01 3.686427424800016439e+01 4.369970394150622184e+01 2.985537144305513735e+01 2.256060354725728345e+01 2.833510546508858141e+01 3.590035751940079223e+01 5.011471960049798469e+01 7.038067776582870749e+01 7.562554661287438762e+01 7.254966772478383064e+01 8.079994685864845394e+01 8.833081934359921661e+01 8.016086633148543683e+01 6.790810555339020027e+01 7.006240123696305488e+01 8.979155232663515562e+01 9.465258859165460592e+01 8.633400911555139601e+01 8.067407397373025901e+01 6.059343555005763449e+01 5.948709959436892802e+01 5.948709959436892802e+01 7.956723428480103166e+01 7.741180984289040623e+01 5.732139367477174829e+01 6.470551492310205788e+01 5.281848603819826593e+01 7.290635181815680710e+01 6.485119129488431611e+01 6.485119131512018953e+01 6.255145240334353218e+01 5.423418251086452813e+01 3.629690191097432717e+01 5.634775159019886104e+01 6.385624941510970842e+01
4.598823041778624804e-02 1.009757013415854310e+01 2.486539789186580407e+01 4.688560406794130841e+01 4.997319226612230381e+01 4.263226929320096303e+01 3.892981855676075753e+01 5.605048131988045412e+01 6.445934277522914613e+01 6.976347384657552197e+01 5.565402524432867892e+01 5.257228997170536644e+01 6.256097884824458788e+01 7.081996305776608835e+01 8.234211173691976171e+01 8.762396250123627794e+01 8.979155232663515562e+01 8.930999607687009245e+01 8.109555582761933579e+01 8.930999605419748377e+01 8.899295049707535554e+01 7.479102966321249824e+01 7.368419663173500567e+01 7.107795806763152768e+01 8.788617551328631805e+01 8.573070944033624130e+01 7.152701757547916372e+01 6.285819282543880604e+01 7.290635182051593688e+01 8.122626968008748349e+01 8.493824417642981928e+01 7.622709388319618995e+01 6.794369567138302557e+01 5.811976303935956167e+01 3.807196884239758816e+01 4.067134237549872466e+01 4.379676764451625814e+01
7.340434288523949025e-02 2.007340434288488495e+01 3.092738598444116604e+01 3.725194130477838428e+01 4.553621255224058473e+01 5.448048446223990027e+01 5.910628586815173691e+01 6.751378486483679353e+01 7.391851456114095242e+01 5.977520852178502508e+01 4.151239327277632185e+01 4.102405729595505335e+01 4.257122710569204571e+01 5.411872673251041732e+01 7.409330970349050460e+01 8.746793901743221511e+01 7.924409375530453303e+01 7.934940483474265704e+01 6.113719006367177400e+01 7.934940499429578153e+01 8.930999607471619584e+01 9.487699933618003456e+01 9.377014357478454087e+01 9.116380125719743432e+01 9.948213024793727755e+01 9.993438157166097824e+01 9.054937649243605335e+01 7.045525037431615090e+01 9.054937649243605335e+01 9.444556011268329598e+01 8.290266085763886394e+01 6.794395113831299682e+01 4.790460384481520606e+01 4.373371347340663107e+01 4.006616095840107050e+01 6.011463812562188735e+01 6.385624957440445115e+01
3.515918393995972474e-02 5.380384022188470006e+00 1.092738598444080900e+01 1.725194130477768084e+01 2.619621321477699638e+01 4.033834883850844477e+01 6.033834883850914821e+01 6.476643806779972579e+01 5.394760200151554130e+01 5.150797084767000200e+01 3.151012655430063347e+01 3.102179575689392621e+01 4.102405729595505335e+01 5.516595269916019362e+01 7.513831882589785494e+01 7.880041903138129555e+01 5.918743710227271748e+01 6.286790217324600860e+01 5.091182839531054327e+01 6.113719006367177400e+01 8.109555582747262292e+01 9.669522148936914618e+01 8.846003424434248075e+01 8.846003424411784977e+01 8.697169844492859170e+01 9.520908830284487578e+01 9.886487867875970892e+01 8.466694296137498554e+01 9.886487867875970892e+01 8.617435782526686694e+01 6.617134558658591459e+01 5.458062676035403626e+01 6.794369567138302557e+01 6.376527348813683460e+01 6.011464613476688612e+01 4.292479017141031505e+01 6.297962212865959941e+01
4.608085242692564615e-02 2.004608085242657012e+01 3.092738598444116604e+01 3.725194130477838428e+01 4.553621255224058473e+01 5.448048446223990027e+01 5.886758447394198157e+01 4.469413365591218934e+01 5.394760200151554130e+01 3.395139033448352706e+01 2.395101800589425523e+01 4.394949616800604275e+01 5.928746489756681370e+01 6.927605419075344173e+01 7.030373960661337662e+01 6.203062398887270490e+01 5.030444731636640654e+01 4.242484523782838579e+01 6.286790217324600860e+01 7.934940483474265704e+01 8.930999601602830751e+01 8.846003424430465145e+01 6.848102681691084115e+01 6.848102681691084115e+01 6.698775460425871131e+01 8.113223202032254733e+01 1.010694174842471540e+02 1.047508273135613166e+02 9.509731119762552964e+01 7.514498091143705949e+01 6.356006752207467514e+01 6.877022853832468741e+01 8.290266148734920648e+01 6.949453399595408598e+01 4.941422702452482696e+01 6.297962212865959941e+01 4.616816026096951475e+01
1.610643649003322755e-02 8.960378346489269674e+00 2.050738373028199035e+01 4.050738373028269734e+01 5.853527605027545633e+01 5.020173883328034492e+01 5.055446736620049819e+01 3.041893197546048100e+01 3.786793675143304228e+01 3.531291466946206725e+01 2.023872478376197748e+01 3.437984085294016978e+01 5.437358182594084610e+01 6.779858202686483537e+01 5.862956602851573962e+01 4.170797117159293776e+01 3.579274014884377664e+01 5.623529867659892290e+01 7.114018362007860219e+01 8.255331094975456097e+01 9.072790534990829769e+01 8.484828101164376335e+01 7.433274261104854475e+01 5.432219982773505507e+01 6.511557028392167012e+01 7.925962139291941355e+01 9.920057508079186448e+01 9.969896309706881254e+01 1.033716040211193672e+02 9.184813346327499062e+01 7.254190448559036497e+01 8.876176269773183947e+01 7.660198272760972316e+01 5.649908194725191635e+01 6.949453399595408598e+01 7.432004270462094553e+01 6.019275713340338996e+01
2.022278438842990689e-02 2.002022278438807490e+01 3.724464959395217534e+01 4.879165497774489069e+01 4.693784525478950087e+01 3.012748827409465235e+01 4.660864281477443427e+01 3.743799672396299627e+01 1.768157166765673693e+01 1.531762908475652374e+01 3.531291463984683077e+01 4.850900690676462546e+01 6.044815057924640911e+01 5.212166161510705109e+01 3.927022010011223330e+01 3.018864166399206894e+01 4.845403435315394347e+01 6.395060409888645125e+01 7.925375564838904552e+01 6.262209336516892932e+01 7.255585615939534705e+01 7.072144677568385873e+01 5.659461253972398964e+01 4.876676060417955938e+01 6.292747796249608427e+01 8.291885457420575278e+01 8.817867172604572090e+01 7.974526647160053017e+01 9.384193032812737556e+01 1.007767874161540931e+02 8.667286580344462266e+01 1.007767874161540931e+02 8.197691765733590330e+01 6.186575267409678958e+01 8.197691765733590330e+01 8.731378514961359372e+01 7.507505144713948653e+01
6.642187732006160639e-02 2.006098573533669338e+01 3.723281917493486759e+01 4.523244329894683347e+01 3.861169542499514762e+01 1.857463137083258076e+01 2.788200381105554726e+01 2.885720646912618648e+01 1.060316655493973492e+01 3.060057245791624680e+01 4.060991117198982181e+01 4.953121436451798587e+01 4.886335885749262076e+01 3.207132485143821299e+01 2.544568679420141066e+01 4.519583741705356061e+01 5.862956602851573962e+01 6.809262202620395499e+01 5.966338835385729311e+01 5.106549518239335583e+01 5.256011522195321817e+01 5.679138969631126344e+01 4.243574114921264595e+01 6.245302529716283857e+01 7.704405016981824872e+01 7.965586957569016135e+01 6.819379065405890117e+01 6.559765583386599985e+01 7.974526647160053017e+01 9.969896309706881254e+01 1.065886964818823515e+02 9.838439825208828893e+01 7.828942054120820160e+01 6.897946932768128647e+01 8.908545819129818710e+01 9.534836752158726370e+01 7.522312141598521862e+01
1.591255364720534082e-02 2.001591255364489186e+01 1.743008926333084574e+01 3.326400276398356226e+01 2.523122193839694560e+01 2.630572481062976919e+01 7.880711815061569148e+00 9.001894763781120190e+00 2.900198903880472301e+01 1.233589510319720617e+01 3.233126976549554854e+01 2.953289234185691825e+01 3.667593333328304794e+01 2.097476264262131096e+01 4.054559428827502643e+01 5.353440045814223680e+01 5.739541464801843773e+01 5.582944654307236476e+01 3.909600042474166059e+01 4.941938084046637414e+01 3.840608532353744664e+01 3.677770602888402607e+01 5.654964509896680624e+01 5.943943069523314193e+01 6.242395825673531817e+01 5.965492146751029168e+01 5.403368892231407727e+01 6.819379075759360376e+01 8.817869097902658382e+01 9.436154690290487679e+01 1.026055557355699648e+02 1.067003320954204213e+02 9.740322310633739278e+01 7.904030427149933757e+01 9.740322310633739278e+01 9.616974580698871478e+01 7.604122094966868417e+01
6.189296070378335485e-02 1.121890840710144222e+00 2.085529485654382142e+01 2.366433951709876737e+01 5.231607233851482519e+00 6.317943162840358617e+00 2.631985968024829958e+01 2.314043926810831309e+01 3.687060346502711639e+01 1.766858899884032397e+01 1.412475234748274211e+01 1.539651424117153233e+01 1.668087830973516716e+01 1.810432285299906141e+01 3.810141167625891967e+01 4.161993837159296561e+01 3.738840372662880185e+01 4.488548088417473991e+01 2.751501682812831362e+01 2.941265438542230370e+01 3.133631798632117693e+01 3.370865771757583929e+01 3.653563041942940259e+01 3.942143124163904844e+01 4.240313551647614787e+01 4.549139371021098555e+01 6.551343529408168820e+01 7.523841530468479277e+01 8.023951039913977468e+01 7.438997135095230817e+01 9.436154690290487679e+01 1.047870483493315277e+02 1.074462369001668804e+02 9.913061211109707926e+01 1.074462369001668804e+02 1.044873097041494674e+02 9.616974580698871478e+01
2.247884206357958492e-02 2.002247884206322581e+01 2.631593552902942168e+00 3.702169008047330845e+00 2.370292710915845191e+01 1.129561172654971557e+01 3.163191821328469189e+01 4.300168553750022937e+01 2.569236653641773671e+01 3.730920109678299212e+01 2.826070213052412683e+01 2.953289234185873013e+01 3.667593333451308979e+01 3.809519425761790501e+01 2.013341717432040312e+01 2.161917426106254680e+01 2.324614279826569074e+01 2.488967039893222832e+01 4.486939622533085270e+01 4.940123854813201376e+01 5.134462127833067768e+01 5.371961887971685456e+01 4.019693135356762070e+01 5.943943069523209743e+01 6.242395825673531817e+01 6.551343529408168820e+01 5.104730484810194469e+01 5.522570825867828859e+01 6.023513002131967653e+01 6.656896922153778462e+01 7.657734821720616480e+01 9.071201062508475843e+01 1.106313420564062113e+02 1.078913435172531337e+02 1.137635673141367647e+02 1.067035254186291553e+02 9.839248651932285838e+01
