MOVIE_S10_data/elevation_000699.asc
nrows	100
cellsize	150.0
xllcorner	0
ncols	100
yllcorner	0
NODATA_value	-9999
[rows 68 to 84 of 100, columns 0 to 36 of 100]
5.009162696260269221e-02 2.005008872039014989e+01 3.043288179836656582e+01 2.636515321872195017e+01 2.827166610929381463e+01 2.825906806657044967e+01 3.457922502760752792e+01 5.178332402437399651e+01 4.400042804690799159e+01 3.452295493426828443e+01 4.459488867075637586e+01 4.217948883150186390e+01 4.577203086904864904e+01 4.962053972699012405e+01 5.119935460255397430e+01 6.477679516329799014e+01 6.112878261622839204e+01 8.003805183148099900e+01 8.891875725951001641e+01 9.451924539024176397e+01 8.637271271267402994e+01 9.451924539024176397e+01 1.043529802284915178e+02 9.833190240772154311e+01 8.198974966090966632e+01 9.833190240772154311e+01 1.069239353754440884e+02 1.100069379885657241e+02 1.183798229563496847e+02 1.036717065611040738e+02 9.349538692727345790e+01 8.499832982042715912e+01 7.848883363138099867e+01 7.205463737811682279e+01 5.285157122888782055e+01 5.332140991845990641e+01 6.322599026341877959e+01
4.695337527364121244e-02 2.004695337527328647e+01 3.187987104735084287e+01 3.895093885826936742e+01 4.723520613143755753e+01 4.823487233447802680e+01 5.422708110826206251e+01 6.206689243875138828e+01 6.254755035166278532e+01 4.860505851284217016e+01 5.076396555817298406e+01 6.213429035986031579e+01 6.571706637981728250e+01 6.955308686508944049e+01 7.112992518764424688e+01 7.934607532469905777e+01 8.100858957302850172e+01 8.921884391363859379e+01 9.155161351695619487e+01 8.486197329604199524e+01 6.720435504795290171e+01 7.678853388031352267e+01 9.385970446936779865e+01 9.020065951132994542e+01 7.098505843048421582e+01 7.938296883250667690e+01 9.875522990926755540e+01 1.025383330494770888e+02 1.107429662138434168e+02 1.140490444529136909e+02 9.391088404595561201e+01 7.971908977167279886e+01 6.823326184648037440e+01 5.846729816185688833e+01 7.239916506726342504e+01 6.056468559189515588e+01 5.841167145001534067e+01
7.614146464036156137e-02 5.849644156536643713e+00 1.187987104809196914e+01 1.895093885995757077e+01 3.049794424375028967e+01 5.049794417998170815e+01 6.010072037561450742e+01 5.182079563753055140e+01 6.010072066003017710e+01 6.832387054736925336e+01 7.047258625267261323e+01 7.864422652721776785e+01 8.494397442012679278e+01 7.672061101507186720e+01 7.926552175168954761e+01 8.742931027542761058e+01 8.919145395048261094e+01 9.155161351695619487e+01 7.224280083412020304e+01 7.578603397964673150e+01 5.773531171919690763e+01 6.652898790161566467e+01 8.572871017229738300e+01 8.293784497525263077e+01 6.376180936652126263e+01 8.293784497525263077e+01 9.534741492781937211e+01 8.308993245096620228e+01 9.945366245400917649e+01 1.107429662138434168e+02 9.949221403758656379e+01 7.938965217690895315e+01 6.533116888028420988e+01 7.822556619795554411e+01 8.654920432945817765e+01 6.855568825990188486e+01 7.818709183491286296e+01
2.352828262072655108e-02 2.002352828262037221e+01 3.187987104735084287e+01 3.895093885826936742e+01 4.723520927679587800e+01 5.878220992005997658e+01 5.009661953654450883e+01 3.180485674111406169e+01 5.009661953654450883e+01 5.935582065351973569e+01 6.345212372491415209e+01 7.239101546881467186e+01 7.350616698184754227e+01 5.692718242013248897e+01 5.949120085574452332e+01 7.922897648950375071e+01 7.000844928946239065e+01 8.145803585809133551e+01 7.578603397964673150e+01 5.664429492222210882e+01 5.087911832061650586e+01 7.005220258352385088e+01 7.779258727102705961e+01 7.059668328239921209e+01 5.838695101695835632e+01 7.761936961775994348e+01 7.604602909646206399e+01 7.208875451171864768e+01 8.308993245096620228e+01 1.025383330494770888e+02 1.017002099388747496e+02 8.158666719053206862e+01 7.157046629861571319e+01 9.161676837795862127e+01 9.692078688497775829e+01 7.850925952072527991e+01 9.284041182647813173e+01
6.786455232800275850e-02 2.006786455232764865e+01 3.466293370358098969e+01 4.294720495104319014e+01 5.449421033483590548e+01 5.651298150656628394e+01 4.181282617952810909e+01 2.177318101862985245e+01 3.105400388026151148e+01 5.107400035679401640e+01 4.216858753244925140e+01 6.005276093012621175e+01 6.529286968759799947e+01 4.549655142347935310e+01 6.529233198321028908e+01 7.252025609981357945e+01 5.656635310014964091e+01 6.253932424050793060e+01 7.598044422698842482e+01 6.473454359345868170e+01 4.539045232354119008e+01 5.997556746598198174e+01 5.848430889777277031e+01 5.122535153653682016e+01 7.059668328239921209e+01 7.579002347096852077e+01 6.255111353048576461e+01 6.860168368208715606e+01 8.775658612933152369e+01 1.062854263971145627e+02 1.100606561104129355e+02 9.872618881301018234e+01 7.861771121328526135e+01 9.872618881301018234e+01 1.069903855663078076e+02 9.271448923311756118e+01 9.454227780078191756e+01
3.257643153035955086e-02 7.103644243395804914e+00 1.466293370358028447e+01 2.620993908737300515e+01 4.620993908737371214e+01 3.722268628467373475e+01 3.442039478887788562e+01 1.468568712363603446e+01 3.472774168352010804e+01 5.012764032968868122e+01 3.040375539546473860e+01 5.067692214527941275e+01 5.932583033624708690e+01 3.949200343540543656e+01 5.154832853979534235e+01 5.977250968651927820e+01 4.533173151512224308e+01 4.892857781258851446e+01 6.808048658198539727e+01 6.051331367337819955e+01 4.103969862435117477e+01 4.035266494893991762e+01 4.460748796186866372e+01 6.413957270044997472e+01 7.045523834682651909e+01 5.655518216229137352e+01 7.015636508902164792e+01 8.775658612933152369e+01 7.874954253082987066e+01 8.981668741575312254e+01 1.094144057906427747e+02 1.070900394950779031e+02 9.019740629728175918e+01 1.070900394950779031e+02 1.133576897482072638e+02 1.129006298892962548e+02 1.147199267876096513e+02
1.880098487986705744e-02 1.416093660861069203e+01 3.416093660860997971e+01 4.294720495104319014e+01 3.885100033515270468e+01 3.517594892854199884e+01 1.873759494396112046e+01 9.336202525759345505e+00 2.893652679467738054e+01 3.941996616732214420e+01 2.142487682748633659e+01 4.184987656467298223e+01 5.563235595976886572e+01 5.154793540839497012e+01 3.165948879505618052e+01 4.831202317286015813e+01 3.646026838623681243e+01 5.596775593177605401e+01 6.162938805142973564e+01 5.364617812628890192e+01 3.687585624097681603e+01 5.656510958171903525e+01 4.470740887482411807e+01 4.785922121406122187e+01 5.108600846924942118e+01 7.045523834682651909e+01 8.383715858083436956e+01 9.751795207264717646e+01 9.809965781139781882e+01 1.062854263971145627e+02 1.176471756356704503e+02 1.187442324839573047e+02 1.103767223928479950e+02 1.074654378440284574e+02 9.324116702426073289e+01 1.032994283862340552e+02 1.116316303097045335e+02
2.900726248362994752e-02 2.002900726248327601e+01 2.236601179713059295e+01 2.353442427273668613e+01 1.885100033557700883e+01 2.589389055031930909e+01 7.603361160603507862e+00 2.760828005993820611e+01 1.112289679799799202e+01 3.113523322874300803e+01 1.475769614905331828e+01 3.479133956032563191e+01 3.639368891688243934e+01 4.050478525953468534e+01 2.679293054975760668e+01 2.861999799263901423e+01 4.831201978185102064e+01 6.377882363727864146e+01 5.352078634502532850e+01 3.391386491133491177e+01 5.364617812628890192e+01 5.950444359444811937e+01 6.423774180559048830e+01 6.731313434986192590e+01 6.482154223122607561e+01 6.151308035118228190e+01 7.110356150416954790e+01 8.464037702917778461e+01 1.041138943301294404e+02 1.138323877661853771e+02 1.067351299299772194e+02 1.150680733489814287e+02 1.049239186466866158e+02 9.659069222106276698e+01 7.900293964275272174e+01 8.317321989072044630e+01 1.032994283862340552e+02
5.081304048347550645e-02 1.207442904415954921e+00 2.366011797142937301e+00 3.534424272816907298e+00 4.708864711846309170e+00 5.891489505377467850e+00 2.589377069037578849e+01 3.532125682880614193e+01 1.636435539604128664e+01 1.293562103513800388e+01 3.212403221903853279e+01 1.662163226618062595e+01 3.585449002880133662e+01 2.058197769092360829e+01 2.203486192819914535e+01 2.358476408411655711e+01 4.347146591699485185e+01 4.742202288470712546e+01 4.911278470711353350e+01 3.187374115278802122e+01 3.579284629835452591e+01 3.986967925405809154e+01 5.950444359444811937e+01 7.370940487158424048e+01 8.405618391277937462e+01 8.072379984861578350e+01 8.880033597061269290e+01 9.847902331173358448e+01 1.079368873234397199e+02 9.370975115755403806e+01 8.661380036789431358e+01 1.034516650480605477e+02 9.659069222106276698e+01 7.644273732999191395e+01 6.889571031267384171e+01 8.234393669054594511e+01 1.024846855317479992e+02
4.469920835086939326e-02 2.004469920650096526e+01 1.391301718093535200e+01 2.353442427273051507e+01 2.470886471134378937e+01 1.222935486230766422e+01 2.689772397298326467e+01 4.441175577706061972e+01 3.101201212740717494e+01 3.293675262026345507e+01 3.978059015793532183e+01 1.919349969402210121e+01 1.856208643764578525e+01 3.855481394369080306e+01 4.194711192392743015e+01 4.347158195708799155e+01 2.590607354330979106e+01 2.760846434712543740e+01 2.932248639236502896e+01 4.904704493475706073e+01 5.549130620108975620e+01 5.950444359444811937e+01 4.617078398111386406e+01 6.567093175917976566e+01 7.939196389747948501e+01 8.746580731150494614e+01 9.714387482457684087e+01 1.031025249095048650e+02 9.476773943294615776e+01 7.946757454128197651e+01 7.497061044074517611e+01 9.444516477578559943e+01 9.659069222106276698e+01 7.644273732999191395e+01 6.213843242053573590e+01 8.234393669054594511e+01 9.769193028609549856e+01
2.324776005098762310e-02 2.002324776005063356e+01 3.391301717995391130e+01 4.219728706813690167e+01 3.964307878094675175e+01 2.281755072406949836e+01 2.537620313342069167e+01 4.547013643583500908e+01 5.251001964813194434e+01 4.824470982475445879e+01 2.739725698889646566e+01 4.063229712732188403e+01 3.870976443359564456e+01 2.711097628463325293e+01 4.733206610311110296e+01 5.170312291051779141e+01 3.195044791242790083e+01 4.742202485806691215e+01 4.338050634108952153e+01 3.873002559816835344e+01 5.837034899595656867e+01 7.370940459685151325e+01 6.001584382754587210e+01 5.364181897710410851e+01 6.015644479215294638e+01 6.977016615547942990e+01 8.901376163947965381e+01 9.476773943294615776e+01 7.461163816662430293e+01 6.936548099280847168e+01 6.592396315915236471e+01 8.610785487391405013e+01 9.196843436373676184e+01 7.180180798859247204e+01 5.749833157034279907e+01 6.918183950391552628e+01 8.935607829960234483e+01
8.699724428260374731e-02 2.008699724428224798e+01 3.195738125390897011e+01 4.609866000599598834e+01 5.125097535839282870e+01 4.279633833674015619e+01 4.547013643423511553e+01 5.390996111581730332e+01 6.774968401869170975e+01 4.799245144146947695e+01 3.403991064466856642e+01 5.387340851059426683e+01 5.409765626436036001e+01 3.380088578101049990e+01 5.409765626432836427e+01 5.825118244376993459e+01 3.860715280639866620e+01 5.825126968798145555e+01 6.295052450931371624e+01 5.015232705310866379e+01 5.268111580520859860e+01 7.210558579939029755e+01 7.932352016014630181e+01 6.336101857992836983e+01 7.939196321089191599e+01 8.746580731150494614e+01 9.714387482457684087e+01 9.429179737363854485e+01 7.412914299239638183e+01 6.032066367693247599e+01 5.877412395526592093e+01 7.897177152279249412e+01 8.725484508623911495e+01 7.366644719424198229e+01 5.347891261445975175e+01 7.366644719424198229e+01 7.465416465447411554e+01
2.249585233037712170e-02 3.673979569031476711e+00 1.781610341864573144e+01 3.750252372523529942e+01 4.341421559934035201e+01 4.973786622844230720e+01 5.680737518037980749e+01 6.508168755056588850e+01 7.360825923779823654e+01 5.387340851059508395e+01 4.164681618822879017e+01 6.130259434211325242e+01 6.269702423016218518e+01 4.383670970047189286e+01 6.269702423016218518e+01 6.630823936159799814e+01 4.852079755200478672e+01 6.630890463442251814e+01 7.765015691802516073e+01 6.959646129082484833e+01 7.210558579992360251e+01 8.016805767094538737e+01 9.069169554174513337e+01 8.259922971450322393e+01 9.069179300811005362e+01 9.858229942151626801e+01 1.068645251311410789e+02 8.839382055789276649e+01 6.822052008189108108e+01 5.395417576325827014e+01 5.241523233727739495e+01 7.258471455371704906e+01 7.299881445392922785e+01 5.874278403697546480e+01 4.970611580113988737e+01 6.985136175984054319e+01 5.444923904884323917e+01
2.739267172789772165e-03 2.000273926717243356e+01 9.220981531254750507e+00 2.922048633699119335e+01 2.341617365019348185e+01 2.974072711332303243e+01 3.681178430208370855e+01 5.095295109319359028e+01 7.094120521154857784e+01 6.950828274493531467e+01 5.296178915918527963e+01 6.950828274493531467e+01 7.301207276254936573e+01 6.435860282824891954e+01 7.301207276254936573e+01 7.603760779062700692e+01 6.798174734401040098e+01 7.603760176568827944e+01 8.318506376873028785e+01 7.500707487171521848e+01 7.238294266987061576e+01 7.941690288641193263e+01 8.751043818362298055e+01 9.860599591470088399e+01 9.532715012873593707e+01 7.860384340410659831e+01 9.532715012873593707e+01 8.864487155683232800e+01 7.856000391437326869e+01 6.676228656017872254e+01 4.665150090986541187e+01 6.676228656016745333e+01 6.156875652075035532e+01 4.456340144695024463e+01 4.735077851698999041e+01 5.018791628563148777e+01 6.443392526706645640e+01
8.327778614586213435e-02 2.008327778614550851e+01 2.919938765642854150e+01 1.525120842089593332e+01 2.232227672177810973e+01 4.232676308814538402e+01 5.680737518037980749e+01 5.680737518037980749e+01 7.679016563478937485e+01 8.092367472554994379e+01 7.269634611000978452e+01 6.480840572954672041e+01 5.649370910946814206e+01 6.480840572954672041e+01 6.433681224945831900e+01 7.265004643965237108e+01 7.851132549888309597e+01 7.028983376730523958e+01 7.028983376730523958e+01 5.491676522774924507e+01 5.227936685299477659e+01 5.947942485640139409e+01 7.106517515080221870e+01 9.069101488134303679e+01 8.704773246187176028e+01 6.706716781074095479e+01 8.704773246187176028e+01 8.030222841504985354e+01 6.012115340454242585e+01 5.007014468861051881e+01 4.300452753545050655e+01 5.854198180893439485e+01 4.149140247280652716e+01 6.156875652105777874e+01 6.746666927199656527e+01 7.034646085928689274e+01 7.869728931483456336e+01
6.510866554257997707e-02 2.005930649163636659e+01 3.543013582563527564e+01 3.525004916097650209e+01 4.231278915955547859e+01 3.497184424347410214e+01 4.911795455741867045e+01 6.914181502512992950e+01 6.338547735408765504e+01 7.170475024994037483e+01 6.357442290389099071e+01 5.477299570033803633e+01 3.642397979498286986e+01 5.477299570033803633e+01 4.428060846615518642e+01 6.106827188555154606e+01 7.028983376730523958e+01 5.001459635595729480e+01 5.001459635595729480e+01 4.296793386318221053e+01 6.340792919066853983e+01 7.941690288641193263e+01 8.751043818362298055e+01 8.923356881219568493e+01 7.998353608349627564e+01 5.990590483621429030e+01 7.998353608349627564e+01 8.864487701878849180e+01 7.856017799992702066e+01 7.021168215883662356e+01 5.854195851948151841e+01 3.846342192530108406e+01 5.839273449744140265e+01 6.075869363198847140e+01 6.350930223679871744e+01 7.183195552481657842e+01 8.268781248509372972e+01
8.953482861371392376e-02 7.160602651649862871e+00 1.610487771734053908e+01 2.765216797044148933e+01 4.768798434530965835e+01 5.498280750287806029e+01 6.328079716605932248e+01 6.008207775850161170e+01 4.323513319843299030e+01 6.008207775850161170e+01 5.525835476268384383e+01 3.505871553386559469e+01 2.610395237839427551e+01 4.195875258392356244e+01 3.255501752226750511e+01 5.275735759624626553e+01 7.028983376730523958e+01 5.001459635595729480e+01 3.501289073207715319e+01 5.595307590357389671e+01 6.805712614692569673e+01 7.815917527615847860e+01 8.268551245603227073e+01 6.837386355383411285e+01 7.392990128234680469e+01 5.365436722390285951e+01 7.392990211506428011e+01 7.428664103650196182e+01 6.599018106236290748e+01 7.428627520396304362e+01 5.678573996936108159e+01 3.672312908093262962e+01 3.852212713193161875e+01 4.096185840691066460e+01 4.348394629405419209e+01 6.350928926138252706e+01 6.252053755084417475e+01
