MOVIE_S10_data/elevation_000407.asc
nrows	100
cellsize	150.0
xllcorner	0
ncols	100
yllcorner	0
NODATA_value	-9999
[rows 0 to 16 of 100, columns 37 to 73 of 100]
1.103969785098872336e+02 1.103489567896003081e+02 1.020454099848551692e+02 1.103489567896003081e+02 1.072550499839016993e+02 9.895298473343866874e+01 9.895298473343866874e+01 1.037059264043215450e+02 9.783661409515737262e+01 1.007237352350866644e+02 1.007237352350866644e+02 1.090275324442270914e+02 1.251844341047416975e+02 1.168736279461831202e+02 1.153220939654750623e+02 1.236327068691284268e+02 1.326020942420728943e+02 1.441940364900284237e+02 1.529306974543200113e+02 1.447544710058818964e+02 1.529306974543200113e+02 1.346074786890639530e+02 1.263509332991733487e+02 1.245615232251416131e+02 1.187186082461754779e+02 1.181882013597998622e+02 1.181891282538624210e+02 1.264750948357031177e+02 1.310822817301662440e+02 1.252230345863227399e+02 1.310822817301662440e+02 1.118091107294628443e+02 1.020648024962605263e+02 9.387134225267539023e+01 8.738915752960616601e+01 9.008485161145996756e+01 9.770456698732660072e+01
9.036117532345843983e+01 1.003420451095424255e+02 8.204513635878491584e+01 9.464187297727960413e+01 9.895298473343866874e+01 7.896314752026690087e+01 7.896314752026690087e+01 8.370348162945121828e+01 7.784934648334811413e+01 8.072117322709411269e+01 8.072117322709411269e+01 1.007237352350866644e+02 1.136116913770617458e+02 9.683711949742098568e+01 9.528899483386511804e+01 1.042384009272141867e+02 1.157996928547264019e+02 1.358855855461992235e+02 1.429445076832076040e+02 1.246854874328427059e+02 1.429445076832076040e+02 1.263509332991733487e+02 1.062260754464635824e+02 1.044624224848031560e+02 9.855731699473250274e+01 9.795053207898352809e+01 9.795058965732607703e+01 1.181891282538624210e+02 1.109912873263238851e+02 1.050963045949660710e+02 1.109912873263238851e+02 1.035724784189863641e+02 8.424804501078563135e+01 7.443285581652965277e+01 6.766190980684224598e+01 7.063448839182288452e+01 8.581643246819616877e+01
7.883240186241602032e+01 8.728408638464102864e+01 7.208580263603856508e+01 7.467288622361137129e+01 8.318677208647750376e+01 7.491011084259289987e+01 6.489591412560086781e+01 7.983572181185772365e+01 6.379296935139328895e+01 6.665215292338143627e+01 8.657978799813075454e+01 9.443244123895016173e+01 9.843559750219986881e+01 8.527637946002485592e+01 9.528899483386511804e+01 1.068443546355469636e+02 1.210186547554200018e+02 1.411087289648438343e+02 1.347199792193621875e+02 1.145369787185076831e+02 1.347199792193621875e+02 1.265877898670121340e+02 1.062401060920132068e+02 9.188182613782592512e+01 8.416625181232464570e+01 8.354806881601643909e+01 1.037717556652743127e+02 1.120654220966359702e+02 1.109912873263238851e+02 9.079628274502125862e+01 1.109912873263238851e+02 1.118091107294628443e+02 1.020648024962605263e+02 9.387134225267539023e+01 7.928687786019604289e+01 5.888838507434819292e+01 7.164828741986417526e+01
8.728408638464102864e+01 6.733991167734011185e+01 8.052166748510421712e+01 6.060875053793176193e+01 7.161627734953803781e+01 5.501072205697533235e+01 5.739181667560431066e+01 5.993879404141747358e+01 7.983572181180539928e+01 8.657978799812751447e+01 7.113697810986504066e+01 7.444184457465716775e+01 7.841981681959413208e+01 8.658324868051876422e+01 9.659477152774849174e+01 1.107524919228645643e+02 1.308203981953774644e+02 1.301448574497289599e+02 1.279923123857441141e+02 1.077836220829040883e+02 1.193752978873957034e+02 1.143189123368551350e+02 1.095956598198111038e+02 1.054475336064245852e+02 9.619587722059709733e+01 7.581933777916758288e+01 8.352592509290154510e+01 1.004293223125907701e+02 1.042596191325493606e+02 8.400041302710596369e+01 1.042596191324831665e+02 1.175996232169479612e+02 1.069577827284973921e+02 9.566682652192298519e+01 8.703292389126102080e+01 7.225847988602016869e+01 5.180045780676611145e+01
7.219720956040330861e+01 6.071753254483206774e+01 7.310754445475619434e+01 6.858082686532199546e+01 5.171114589991190513e+01 7.161634056692908246e+01 7.728818125988033216e+01 7.983572181185772365e+01 7.398776270350651885e+01 9.395394400352134312e+01 8.523669720182631693e+01 9.443244123895016173e+01 8.442016513935475075e+01 1.044446567610000471e+02 1.149192733514805838e+02 1.249412761842572479e+02 1.243087081610233184e+02 1.102658171112865375e+02 1.243087081610233184e+02 1.193752978873957034e+02 9.914975568523414040e+01 9.407397944040152993e+01 8.939755219069313341e+01 8.513212153598946941e+01 8.118944640583767125e+01 9.212095003856005349e+01 7.176430163554749697e+01 8.830780173003819300e+01 9.669216069261305790e+01 7.810596131542932596e+01 8.906786405364708514e+01 1.092949591772041629e+02 9.886246958858033906e+01 7.930026809834758694e+01 6.769893532052709872e+01 5.850468742567203861e+01 7.225847988602016869e+01
8.892442702351482353e+01 7.310754445475619434e+01 5.319995884056766045e+01 4.867260528577943290e+01 6.848639338102678664e+01 6.811887546200927090e+01 7.126634454675846087e+01 7.953651885268344301e+01 9.395394400359452902e+01 1.022527091067791645e+02 1.052575701676839941e+02 1.127496256824416463e+02 1.044446567610000471e+02 9.857400310450650238e+01 1.186176684385019229e+02 1.246023625716864416e+02 1.153872198680270031e+02 9.609648503662779717e+01 1.153872198506578712e+02 1.276662181734768069e+02 1.193752978873957034e+02 1.143189123368551350e+02 1.037570887451480246e+02 9.952288191684672825e+01 1.015387262444338319e+02 1.004941693290661391e+02 8.830780173033606673e+01 6.801407065985716827e+01 8.637731935375958869e+01 7.247652259008170006e+01 8.421736782239771912e+01 1.044758388908935416e+02 1.018935524146488234e+02 8.206358068448925280e+01 6.772963001606834155e+01 7.886387156285177014e+01 8.709970326436298649e+01
8.583567474751291115e+01 8.138581736578555592e+01 6.668559890834519877e+01 4.656609349032201095e+01 6.319934896451974282e+01 4.821301365872775335e+01 5.136001595977806033e+01 7.126634480766735180e+01 8.085338101711128900e+01 8.600009456816471243e+01 9.153753605112342484e+01 9.786048687357843789e+01 1.061545769759202926e+02 1.186176684385019229e+02 1.269252482603768044e+02 1.163769207021051102e+02 9.638097766058862703e+01 8.707329399830656769e+01 1.037589241902612684e+02 1.120085465307403041e+02 1.084171461032204888e+02 1.166563859673227483e+02 1.239600742498265191e+02 1.197509116366799162e+02 1.117912374744031041e+02 9.150583846412931166e+01 7.711693219548752154e+01 6.548242538821673975e+01 6.614049449081232979e+01 8.619629014855941307e+01 9.789098980301098152e+01 1.127925898796329562e+02 1.018935103540221832e+02 8.206358050102802792e+01 8.206358164992651893e+01 9.605828772557609341e+01 9.380823497414522194e+01
7.753449694654686652e+01 8.147886083338917729e+01 6.152242150951218491e+01 6.152242056922136015e+01 4.388376400347137007e+01 6.378279859340591429e+01 7.126634480766735180e+01 5.612047749343681602e+01 6.094245122832726480e+01 6.606694174796253094e+01 7.157200684943451563e+01 7.786556074138549377e+01 9.200131928383616753e+01 1.120057687329512675e+02 1.238459727076592571e+02 1.138694670051826279e+02 1.000503015762812851e+02 7.990996417339779612e+01 8.365273649599110684e+01 1.004323355763373229e+02 8.835349289077396406e+01 1.051017782536402052e+02 1.166563859673228905e+02 1.111056352551129152e+02 1.010789024266820775e+02 9.276530053171497059e+01 8.594864606918359584e+01 8.216140023089103295e+01 6.203106712011471302e+01 6.950034406192277459e+01 8.779767172494480576e+01 1.085061881552707490e+02 1.100509443644459964e+02 1.018935126047087891e+02 1.018938618792027739e+02 9.966279702864520118e+01 7.977685348274397370e+01
6.999946539371950394e+01 6.762668067404814565e+01 5.936676909514468292e+01 4.164828800454932178e+01 6.151863499669937596e+01 7.204826208023224865e+01 8.429918919762852170e+01 7.602426111858059699e+01 6.337656294796600775e+01 8.329884115669095479e+01 9.153753605112342484e+01 9.786048687357843789e+01 9.200131928383616753e+01 1.120057687329512675e+02 1.156245576345842778e+02 9.562815336858925264e+01 8.553796131426523175e+01 7.836949830298688369e+01 7.188104678852175766e+01 8.673334232488191731e+01 7.663329412967655685e+01 8.835349289077396406e+01 1.084171461032204888e+02 1.027848489128102614e+02 8.274575215061953770e+01 7.290763321054534174e+01 6.600490598830060662e+01 7.724043599626723733e+01 6.003564909389093174e+01 8.010121983367001519e+01 8.363611731561107376e+01 9.593652507838845622e+01 1.141035941955567523e+02 1.141663620486133510e+02 1.002309260703570857e+02 9.206445303137716962e+01 9.380823497414522194e+01
6.370343646822161077e+01 5.935721278645912236e+01 3.952772607178214770e+01 5.936676909514467582e+01 5.051255211610222062e+01 6.458173311267887584e+01 8.454738398336276362e+01 9.158204548400350120e+01 7.744830100498148795e+01 7.226377355690111415e+01 8.636962441289998083e+01 1.063659015197005573e+02 1.120057687329512675e+02 1.203078346680043040e+02 1.238459727076592571e+02 1.138694670051826279e+02 1.056263555015867723e+02 9.852403562508504820e+01 8.673334232488191731e+01 6.624784491230360572e+01 8.673334232488191731e+01 9.361023235314769408e+01 1.018739573529390299e+02 1.111056352550903625e+02 1.010789024266824612e+02 9.175882892426800197e+01 6.982854616214150667e+01 5.723511200393848952e+01 7.459337582250141452e+01 7.349415039114214210e+01 9.129128186729685979e+01 9.216252488507166163e+01 1.006368686300195634e+02 1.051020693415392202e+02 8.627759418854108731e+01 7.204495604845686785e+01 7.940336607608689690e+01
5.433599519685247259e+01 5.578489951815412695e+01 3.805923537333051598e+01 5.786707728557045982e+01 7.042956450130095902e+01 6.199592780727739694e+01 7.349430441975795247e+01 9.350099420435785191e+01 9.742329453815631268e+01 9.222639837899130555e+01 8.377618693436153308e+01 9.790909787220627436e+01 1.179181101369937750e+02 1.301336737722229486e+02 1.186692574905325728e+02 1.104649497022360123e+02 1.130447126329161449e+02 9.519429456535480938e+01 7.492931120684588109e+01 6.296615030040049987e+01 7.968284400406793111e+01 7.391393086147049019e+01 9.361023235313321322e+01 1.092757774094930170e+02 1.149573639075352531e+02 1.014197285210493220e+02 8.558386735001066370e+01 7.458577008640605754e+01 5.462789820556735521e+01 7.202472221226527438e+01 7.825211372167579782e+01 7.249221705233105695e+01 9.216117067915668315e+01 9.696187524621159071e+01 7.707037015882991682e+01 6.687665138351701444e+01 5.908646533779792520e+01
3.460716052180812596e+01 3.602394248089652251e+01 5.575146493749279131e+01 5.203398472395301866e+01 7.195720727801213457e+01 8.195012647162576513e+01 9.025374823975803906e+01 1.018160541501263054e+02 1.084942255052324356e+02 1.063689832599855407e+02 1.037696018797175554e+02 1.037696018797173707e+02 1.237888233651555652e+02 1.219576574924923591e+02 1.020517036832258384e+02 9.044593778937736772e+01 9.305092212819650399e+01 1.034693994409838353e+02 8.916748080197955062e+01 6.017838706473706623e+01 6.200811793217559398e+01 6.989284014692100300e+01 8.100780162968031561e+01 1.010205621390527568e+02 1.074477528620832771e+02 8.907348936136826012e+01 9.275002182201154710e+01 8.293097620530502923e+01 7.202487642432117809e+01 5.208508340973215667e+01 5.901598501954791232e+01 7.249094495494263413e+01 9.211959985198832612e+01 1.051265117187873699e+02 9.520801560512401807e+01 8.701632946892600273e+01 7.940336607608689690e+01
5.433599520200942834e+01 5.572069855531510285e+01 6.401441846984688766e+01 7.195452500432399745e+01 8.025772039195470597e+01 9.249587478017741660e+01 9.634663200314821552e+01 9.261785444097004927e+01 8.850699647665170744e+01 8.639804662376893418e+01 1.005382094802690744e+02 1.105244994321731014e+02 1.232453605052542116e+02 1.150189593376954207e+02 1.152326879228602081e+02 9.890696778543670575e+01 7.880306946480905594e+01 9.890696550300414458e+01 8.788661135717181594e+01 5.771854831471435432e+01 5.840987974471061506e+01 7.111307165679285447e+01 9.091583386434652425e+01 9.890921248804779964e+01 9.060614346333765923e+01 9.275009761442692025e+01 7.340161485893629845e+01 8.170077316815701352e+01 7.028255269754782830e+01 5.036995106622529761e+01 7.028255270130557619e+01 8.095331052073765932e+01 8.768904016726918371e+01 9.607181668402407126e+01 1.061770350168871317e+02 9.927173891219445068e+01 7.940168188744945610e+01
5.518153875458519764e+01 6.602530529410067572e+01 7.405476174816153900e+01 8.244111753354346206e+01 8.020265152904033812e+01 7.020580735352582735e+01 7.553665146740654279e+01 7.277303876204577193e+01 7.451326024483884680e+01 7.242271472157351297e+01 8.227900606012734386e+01 1.022157910155987963e+02 1.150189593376954207e+02 9.501571210246784460e+01 1.008745275719149959e+02 8.697561733916607807e+01 7.273140922668571307e+01 8.524303496618959741e+01 8.335458951692938001e+01 7.411537477590489686e+01 5.408920500901943029e+01 7.054722904239385173e+01 7.880716398285251501e+01 8.726459281953147240e+01 7.050151593313327680e+01 8.731181862601744115e+01 8.170077316809855006e+01 6.200336404045956584e+01 6.854068791617358158e+01 4.868196783356552260e+01 6.856794058248814849e+01 6.090705036510245662e+01 6.754152817214857407e+01 7.759516138273492913e+01 9.779396028183535350e+01 9.350416870914918377e+01 7.356024058271363231e+01
3.799143152464346684e+01 5.779302028526497281e+01 5.408869547101932085e+01 6.465625508303691049e+01 6.406847245623268350e+01 5.671565979962694115e+01 7.253156111321804644e+01 5.876923240034634688e+01 6.312125461694560613e+01 8.290195296361103772e+01 1.005382094492454286e+02 1.105244994065971866e+02 1.124353674158314789e+02 9.241140542800138746e+01 8.076585550483015652e+01 7.468748535580232328e+01 8.524303496618959741e+01 6.514481396490683096e+01 7.505358059629557488e+01 5.501683722064078808e+01 5.277083132262188059e+01 5.056344985350579435e+01 6.817045477842393097e+01 7.648698846624445480e+01 5.894047799619207240e+01 7.899873134620590065e+01 8.646025664071183314e+01 6.669740210323722351e+01 5.269219220149508942e+01 4.702058731004630232e+01 5.246920586776972328e+01 7.240746720106258749e+01 8.769456083228520527e+01 9.607181668402407126e+01 1.061770350168871317e+02 9.350416870914918377e+01 7.356024058271363231e+01
5.196031723898232713e+01 4.063295785947097727e+01 4.263321962590587333e+01 4.475784932982492137e+01 4.693054515504228874e+01 4.915175958815162716e+01 5.299416634381755387e+01 7.292792793315985023e+01 8.290195296361217459e+01 7.451326024483884680e+01 8.592113944593589281e+01 1.058903486061713863e+02 1.206650303967665678e+02 1.091305363038611063e+02 1.008745275719149959e+02 8.659592602861376065e+01 6.648322788753355894e+01 6.113878180446226196e+01 5.828981257210564593e+01 7.505358057848756914e+01 7.278486616126920694e+01 6.820830247653915990e+01 4.826668428884634920e+01 6.591330855258479460e+01 5.143718980510303140e+01 6.283641978732017463e+01 7.109601577202398914e+01 7.146131840804069668e+01 6.322255726054716973e+01 4.550215973790104584e+01 6.531348189741130739e+01 7.730012902040151346e+01 8.334710347842282374e+01 9.046106706981795753e+01 9.879638973615571729e+01 1.016598418077894053e+02 9.350416870914918377e+01
6.622593131507255748e+01 4.632768056987796967e+01 5.072517592694116217e+01 6.465633746889746192e+01 6.684189169213723858e+01 6.912170952209201857e+01 5.336121564931669070e+01 6.747963204908762691e+01 8.745992400134649358e+01 9.436112032200183819e+01 1.026553296080805211e+02 1.142002131038013601e+02 1.174176244399291278e+02 1.074163616376851849e+02 9.915577839781120417e+01 8.617163308220210638e+01 6.606040860652345259e+01 8.122059186993945445e+01 7.835174137248789350e+01 6.985521285638465372e+01 8.995821516858623568e+01 7.650648721221804749e+01 6.591330855397296773e+01 4.602335858784513789e+01 4.449864566250032283e+01 4.301709702133535274e+01 6.069765258185480405e+01 6.120032559532271677e+01 4.347067785193748080e+01 6.314086577576696158e+01 5.222999199754350741e+01 5.732211399122336104e+01 6.329155808430363095e+01 7.033973948345868621e+01 8.195822916234618560e+01 1.020761596556856858e+02 9.851543558022233071e+01
