MOVIE_S10_data/elevation_000574.asc
nrows	100
cellsize	150.0
xllcorner	0
ncols	100
yllcorner	0
NODATA_value	-9999
[rows 17 to 33 of 100, columns 0 to 36 of 100]
5.222468517465790605e-02 5.642043702238027647e-01 1.076351889955580621e+00 9.642648681050513204e+00 2.055812646450157999e+01 3.049383232204419869e+00 3.566468429480975644e+00 5.220510106256577743e+00 1.005069492594345526e+01 1.045418054869757363e+01 3.314265234888621592e+01 2.836238271653396126e+01 1.068134657404050714e+01 3.068893184771045313e+01 4.133161506932663798e+01 4.493951384806523919e+01 4.740495160070584291e+01 5.563256456109323267e+01 5.144339359149891067e+01 3.158134466808253649e+01 3.654890741152227918e+01 1.982389517538905466e+01 3.371298342414012694e+01 4.968630536593376945e+01 6.279542377882606985e+01 6.327279439998328314e+01 7.135846680744326420e+01 8.341553950246580484e+01 7.747169772949439448e+01 5.796480939250741216e+01 5.399215448992779898e+01 3.508767313255658138e+01 2.904700539117649782e+01 4.870322241854292855e+01 3.789420375908233751e+01 4.355270386220909984e+01 6.284881376647909690e+01
7.333276091007127906e-02 2.006612634990823807e+01 2.112206747171129706e+01 1.803744839382941612e+00 2.318600318595666288e+00 9.922343630351305066e+00 2.309938234854779537e+01 4.281975079238730331e+00 4.778215491088890765e+00 5.287215818422296820e+00 2.529560053921749230e+01 8.369204636252648655e+00 2.836234943801646580e+01 3.871780297525646120e+01 3.464929784748515118e+01 2.405418187309484424e+01 2.607695066272093243e+01 4.144204427317909278e+01 4.231914826767769711e+01 3.436702590158100890e+01 1.772482420450191398e+01 3.148974539874743428e+01 4.741573175448363742e+01 6.129688994943666103e+01 7.500684224182111848e+01 7.658029341542982138e+01 6.838498323341093510e+01 6.369539282796696256e+01 7.766862656529841047e+01 6.367824470656216818e+01 4.459624115210253592e+01 4.782472047657525849e+01 2.812487804089121823e+01 4.784150140298659437e+01 5.727872223784427774e+01 6.284881374234095119e+01 5.265969113055038520e+01
6.343274376862209629e-02 1.668839841532108892e+01 3.287317333515758833e+01 2.812563756675899995e+01 2.302276897359442742e+01 1.034922228930236976e+01 2.874843468374387001e+01 3.645814740343556082e+01 2.983332840465969582e+01 1.229343158467414021e+01 6.050144884575241910e+00 2.606075033978127209e+01 3.402620722915010276e+01 3.361528855299041396e+01 1.448219839909127948e+01 9.810213237449135093e+00 2.279561860640756166e+01 2.466395779607256245e+01 3.303341756626397796e+01 1.564661407253063707e+01 3.507789482781918622e+01 4.513124306733597990e+01 5.874013859267427051e+01 6.924739987179496836e+01 5.527919858329153868e+01 6.517797203459862487e+01 4.865056944104771475e+01 4.973871349504184280e+01 6.947128999640874270e+01 7.122179103629532904e+01 6.367817508791977588e+01 4.698001671361916465e+01 2.719508948841041374e+01 4.595020429472192802e+01 5.579719848385615677e+01 6.590752923324114931e+01 7.193553288562999626e+01
3.497053469895897854e-02 2.003497053469860489e+01 3.383407248051005922e+01 4.211797203518233346e+01 3.786948093881890998e+01 1.987143532162567894e+01 3.786731038865320897e+01 4.325959064150128341e+01 2.368030626404017625e+01 3.141730863048687183e+01 1.640193763708707664e+01 6.864597540098910322e+00 2.623653173915030479e+01 2.784545619413966477e+01 9.018419231852064399e+00 2.864520218156485143e+01 1.060761208519239851e+01 2.365326115542339025e+01 2.868194917676968458e+01 1.414037385204052200e+01 3.489808849231318533e+01 4.758847696168832897e+01 5.578681109711389041e+01 6.105729290944395160e+01 4.129228608993290806e+01 4.855680555942485910e+01 3.721063706491990786e+01 5.699131278462896688e+01 6.540751272569902142e+01 5.623176119787069638e+01 6.490797005768176575e+01 5.193163776740184545e+01 4.246049962142966194e+01 2.587569898617309150e+01 3.395649857556330886e+01 4.775704003571656386e+01 7.214684779083800947e+01
9.635555453094322986e-02 6.763022221197580564e+00 1.383409003306299390e+01 2.538109540298095013e+01 4.538093758009586054e+01 4.100451005630627321e+01 5.028941609881970010e+01 5.146718902630861692e+01 3.498294517788882274e+01 4.434088478990156545e+01 3.276049850334594993e+01 1.655480685078405401e+01 7.665044728334708957e+00 8.226027327341826734e+00 2.820606989604779713e+01 3.415426970890666070e+01 2.913570190890544964e+01 1.141364721854584197e+01 1.198838413768711497e+01 1.517157247161595102e+01 3.271755171931729222e+01 2.767982682061447974e+01 4.758842840251716666e+01 6.549903299898717535e+01 4.855669895432546923e+01 2.884029315196595888e+01 4.855596410498287696e+01 5.711763890787270981e+01 5.576313826343791646e+01 3.793456842161346287e+01 5.470716969198303303e+01 4.699244550543265575e+01 3.804007210997455246e+01 2.495202846993981538e+01 4.686248895261066849e+01 6.541868341151041477e+01 7.956165532734074475e+01
8.845047570523793812e-02 2.008845047570488163e+01 3.383407248051005922e+01 4.211793922022891223e+01 5.366371263225813948e+01 5.299444119322988911e+01 6.126928588050737545e+01 6.284188554257838888e+01 5.456808812195583869e+01 4.926272603426080821e+01 2.914096348033625006e+01 1.511443813386716073e+01 2.791561464922683911e+01 1.093689156829946718e+01 2.244464609162697144e+01 3.804637822933155178e+01 4.260752705830222453e+01 3.564441856433738565e+01 3.230636053080113612e+01 1.286714429269273730e+01 1.349233340010671434e+01 3.351080524964048379e+01 4.256040034572858843e+01 4.587802705315068152e+01 4.414656325517417201e+01 2.472474572415146810e+01 3.930597106162942111e+01 3.839042522839129390e+01 4.344387885372420044e+01 2.795960533074176624e+01 4.494676381990512226e+01 4.234371071976517698e+01 2.366680292777135008e+01 4.389956908470663421e+01 3.826341241037874141e+01 5.262542176755759016e+01 7.262523433235955395e+01
8.023991185656004221e-02 2.008023991185620361e+01 2.781692665438189493e+01 3.208060051349107766e+01 3.666840927794628868e+01 3.299921805848163814e+01 5.040175254852076137e+01 5.866673118846092194e+01 5.943895542301421386e+01 3.917425089951805717e+01 2.502100244383230176e+01 2.656683018088694226e+01 4.118911876959445806e+01 3.367792748574874651e+01 1.701536966886155255e+01 3.043560510642811678e+01 5.350831764412840386e+01 4.119010538765420648e+01 2.002632923689417410e+01 3.560892156118122642e+01 2.339183480464224019e+01 1.437576033826075950e+01 2.599074362327741383e+01 3.594025982040801637e+01 3.658963441512890569e+01 2.103403284050203936e+01 2.423355196074139783e+01 3.801590516975062428e+01 1.955878910816845462e+01 2.023008185197998898e+01 3.499740461479866838e+01 2.241191488051572733e+01 4.270613602836603206e+01 5.255739176628583209e+01 5.971892670141716053e+01 6.824851275875289502e+01 7.473229951942587945e+01
4.598823041778624804e-02 3.894990025015283575e+00 7.817312727778947590e+00 1.208132705488999292e+01 1.666964173225832369e+01 2.333630835409219628e+01 3.040737521179583780e+01 4.195415199825738739e+01 6.193425574865846528e+01 5.351170974279329329e+01 3.500471914387157568e+01 4.665777261971393131e+01 5.506431009062917781e+01 4.340944057944609824e+01 2.248193550314915612e+01 4.340944057944609824e+01 6.049979541873157984e+01 4.501946273489831896e+01 2.484869890906349710e+01 4.488753681415973773e+01 4.015707168911333724e+01 2.731397781985991813e+01 1.527833041174396911e+01 1.592988980440975055e+01 1.659086635833979173e+01 1.725417492838938571e+01 1.793361199377067550e+01 1.860821179577612483e+01 2.951140840408513100e+01 3.988349414087834788e+01 2.118641451346072557e+01 4.163953426920457446e+01 5.070749140074565275e+01 5.913050797883592935e+01 6.738611709870349387e+01 7.473229951942587945e+01 5.498474422658457428e+01
7.340434288523949025e-02 2.007340434288488495e+01 2.195941438238137522e+01 3.208060421773929249e+01 3.081165141351347714e+01 3.299921805848163814e+01 5.040175177950254692e+01 5.866673118846092194e+01 7.016485894042685345e+01 6.363357238180886810e+01 5.519174943986686799e+01 6.363338675209994477e+01 6.049895140060267096e+01 3.956866066780000324e+01 2.916833826765188675e+01 4.999559858039648219e+01 5.314240455815624387e+01 3.366393655318281475e+01 4.501946722802194500e+01 3.326177128361190682e+01 5.150542178502372792e+01 4.235397998650430651e+01 2.690316703583992108e+01 3.595389669273127708e+01 3.652674113420521707e+01 2.053084128265695085e+01 3.807839732041139058e+01 3.903087146539096608e+01 2.936771291017137742e+01 4.645916896910696181e+01 4.167601024735369464e+01 2.278440877082875105e+01 4.292225998410107479e+01 3.898763095475343476e+01 5.915294938952294501e+01 6.198456206066513374e+01 5.378834163892763343e+01
3.515918393995972474e-02 1.417729480767103567e+01 3.417729480767174266e+01 5.023939449555469139e+01 5.080787556316764864e+01 5.299444119322988911e+01 6.126928588050737545e+01 6.755183754171797261e+01 5.928614260325985441e+01 6.755184142713174822e+01 6.584643007763420997e+01 7.411659434156780435e+01 6.919378906244331517e+01 5.738374339296127147e+01 3.648691420355022075e+01 5.738374339296127147e+01 5.962083815376339402e+01 4.018658284236917666e+01 5.962075726439412904e+01 4.724364783631330056e+01 4.265513049316670902e+01 5.557709353792601803e+01 4.708119037416249597e+01 4.467358675581452587e+01 2.506350541020711020e+01 3.977058894337274353e+01 4.793597265303097288e+01 4.714025692615036434e+01 4.306202972381827720e+01 5.610621735218239081e+01 5.156087004897196380e+01 4.327343172702081375e+01 2.443005010527662435e+01 4.487755361231315732e+01 4.805823594876297733e+01 4.938759681144052394e+01 3.382118255048626310e+01
4.608085242692564615e-02 2.004608085242657012e+01 3.646527955268545895e+01 4.801213407786294596e+01 6.072804651654300301e+01 5.475437367040206027e+01 6.072804651654300301e+01 5.762549910008616649e+01 3.947595713457437938e+01 5.179859567620898275e+01 4.597979214516727353e+01 6.584643007763420997e+01 8.087853443627363959e+01 6.609267287574090233e+01 4.849658475295129278e+01 6.609267287574090233e+01 6.772890087838204920e+01 4.989155083986610606e+01 6.772890087838204920e+01 6.667227402526462754e+01 4.956998463457048132e+01 6.893025829879795197e+01 6.102331533657749674e+01 4.112416903661426915e+01 3.081547111357208379e+01 3.209694410504801709e+01 5.202853240130171741e+01 6.522413226618616022e+01 6.515347679759636890e+01 7.000660949358446317e+01 5.845708383334120128e+01 4.698553949845011601e+01 2.678685365635821114e+01 2.637839478728977838e+01 2.776004947756235097e+01 2.913927820082959386e+01 3.063604996399891434e+01
1.610643649003322755e-02 8.181072245767223805e+00 1.972807762943653032e+01 3.972807202913463698e+01 4.022010409113310914e+01 3.419981251221321372e+01 4.022010409113310914e+01 4.938104960944496469e+01 2.968695396403009568e+01 3.207616628529351033e+01 4.597979214516727353e+01 6.584643007763420997e+01 6.090978924548124240e+01 7.502068776266581551e+01 6.952382786267715176e+01 7.823217797427511755e+01 7.748447155281729692e+01 6.935012546766064645e+01 7.748447155281729692e+01 7.698659901342165313e+01 5.926234782812392865e+01 7.698659901342165313e+01 6.929566801164413903e+01 5.704309426875551736e+01 3.718359856222953397e+01 5.202848248279575216e+01 4.031067892069775382e+01 5.436503927191544250e+01 7.398862540491414563e+01 6.179891554846873447e+01 4.171616505401461694e+01 3.010401702306573668e+01 4.698553949855804035e+01 4.673694276505712253e+01 4.218002279783293318e+01 4.938759681144052394e+01 5.085023537738773314e+01
2.022278438842990689e-02 2.002022278438807490e+01 3.646529755576101195e+01 3.785831674156623450e+01 4.019365610187394822e+01 1.986466911660069101e+01 3.161765336850496411e+01 3.572213680265146962e+01 2.228305321890651669e+01 3.359459447766462858e+01 5.333383928231773297e+01 6.503094702652309422e+01 4.676543409537774920e+01 6.503094702652309422e+01 7.793598974033598381e+01 7.751247527617671551e+01 7.201802832854743031e+01 8.055819810556668870e+01 8.927230306304953444e+01 8.668031387107997432e+01 7.859816876947199660e+01 8.668031387107997432e+01 7.092956384953461679e+01 5.129113031219529262e+01 4.873486464849803923e+01 6.516582610137390930e+01 4.699317938805289430e+01 6.667239217458235601e+01 7.758068504271254540e+01 6.607461195770304130e+01 5.255504432958951355e+01 3.246885890284558940e+01 5.255504432959954642e+01 6.529177850076858647e+01 6.224949786025823784e+01 6.707859920842992096e+01 4.707451085834490101e+01
6.642187732006160639e-02 2.006642124720366382e+01 2.247630781842459768e+01 1.785557982849386249e+01 2.496188613734335604e+01 1.286124474308356014e+01 1.187633813940183281e+01 1.603196073011234901e+01 3.572213680265146962e+01 5.015858827067106063e+01 6.158605360966163289e+01 5.676196660272543681e+01 3.671689435849074812e+01 4.967496301626396615e+01 6.507169007013732198e+01 5.741182936881965304e+01 5.188273203198925643e+01 6.039290959151669114e+01 7.897317575513180543e+01 9.349062028397401036e+01 8.676778974537731415e+01 7.854467870262507745e+01 7.904130440141561564e+01 7.092956384953461679e+01 6.266520816264483784e+01 7.478734162893820780e+01 5.584235571343369031e+01 7.478734162893820780e+01 6.940332447723771736e+01 4.939667712622929230e+01 3.768044245390427704e+01 5.255504432959954642e+01 3.689559135293465175e+01 5.706507883850653684e+01 7.009151942777207012e+01 7.526521930933444082e+01 6.707859920842992096e+01
1.591255364720534082e-02 1.244502787315109105e+00 2.475417697108438730e+00 3.713386618288786689e+00 4.960952341392402154e+00 6.225863405459759470e+00 2.622237584246904518e+01 2.955788026575117300e+01 3.784803521740256826e+01 4.712050587358538678e+01 4.979776605112180476e+01 4.151868856035031996e+01 2.946276643089922942e+01 3.738919355161013414e+01 4.954762587751757508e+01 4.346225458830689803e+01 4.050020272513701514e+01 5.034471985057552246e+01 6.445573122556115209e+01 8.161630666416060365e+01 7.339481385536880964e+01 5.860357970726894195e+01 7.526980095899074286e+01 8.676779281060480287e+01 8.221888366373634938e+01 8.354892959057184498e+01 6.717409939035744060e+01 7.794106714231355681e+01 5.812238125424617152e+01 4.377977627583480569e+01 5.200667394264045384e+01 6.529177850076858647e+01 5.706507883850653684e+01 4.169586916540873744e+01 5.607488154677520953e+01 7.593970344584396059e+01 7.740246348447915636e+01
6.189296070378335485e-02 2.001515701225761035e+01 2.247362990971574348e+01 2.371421587879540027e+01 1.390522864391121161e+01 2.622686634584955456e+01 8.163869737905812940e+00 9.557335766489059026e+00 2.955852978285106758e+01 2.711595239246258160e+01 3.446600288336859563e+01 2.138626191639899332e+01 4.151862542844752824e+01 4.065513674556589763e+01 3.745604830188024437e+01 3.204042030185503620e+01 5.191063088318807672e+01 6.885148810277424047e+01 6.839843339886637352e+01 7.011790231483274738e+01 5.344454455743625942e+01 4.706762791062852358e+01 5.860357970747170242e+01 7.854467905308500519e+01 8.880564026604555750e+01 9.484589135454582731e+01 8.671741322414894171e+01 8.246445750189874957e+01 6.274745604228114360e+01 4.849201814821034873e+01 6.852243206513806228e+01 8.014255006984689089e+01 6.551032879706245637e+01 4.537074726961019167e+01 5.971945762047197803e+01 7.949072852779535481e+01 7.023405816030710014e+01
2.247884206357958492e-02 2.001359987085138314e+01 3.619368981932651508e+01 4.213082661137841711e+01 2.545254992401478589e+01 2.230604832187232844e+01 2.230653162256074751e+01 2.955598394029246379e+01 1.155235443870434153e+01 1.297369254774175573e+01 1.446440453274162863e+01 3.440559660832765587e+01 3.829188899495891718e+01 2.065698387866626362e+01 2.516475051158720078e+01 4.579962804709445834e+01 6.030325350976326604e+01 6.253803950287294100e+01 4.844172899206989058e+01 5.717009251605356468e+01 4.190731746821825965e+01 6.187698930806131159e+01 5.309196105580488023e+01 6.064494756749208193e+01 6.958246182253989787e+01 8.110167727976131857e+01 1.009436543652768563e+02 8.461418176252969658e+01 6.490589384893216618e+01 5.441511816366877952e+01 7.424756686266572103e+01 8.073312685075026707e+01 6.103393390873282698e+01 4.935739234209291482e+01 6.359423555635490999e+01 8.327907827323815582e+01 7.534018270032841258e+01
