MOVIE_S10_data/elevation_000241.asc
nrows	100
cellsize	150.0
xllcorner	0
ncols	100
yllcorner	0
NODATA_value	-9999
[rows 34 to 50 of 100, columns 37 to 73 of 100]
7.714008303670352973e+01 7.978581622306909082e+01 1.001256496324286474e+02 1.045006830384101448e+02 8.418365474808085480e+01 7.239737001831925056e+01 6.263389402431944575e+01 8.304784445031749840e+01 1.005377673964557630e+02 9.603468057669714142e+01 8.764730172167703870e+01 7.688385152204311623e+01 8.091632253449523660e+01 8.813448823683033595e+01 9.833185505760826572e+01 1.185681605299894983e+02 1.088298694301281984e+02 8.884441191258156323e+01 7.885874315024418024e+01 7.180401068854284574e+01 6.646803424827832885e+01 6.146815522134932763e+01 5.753700812257989838e+01 6.123090196602958457e+01 8.055167227094641191e+01 9.015408492858719569e+01 8.747146243612810679e+01 7.919341662388272596e+01 7.919341754213340323e+01 8.137992997136610995e+01 8.965765422014204944e+01 8.590085000622850941e+01 8.004203757108022899e+01 6.638307057488209750e+01 5.809577588641187162e+01 4.904484301179500250e+01 3.767997517088689108e+01
6.533834536973864715e+01 8.574321550046578011e+01 9.894269818293243191e+01 9.276146813575239491e+01 8.100148879145555725e+01 7.258305331315197861e+01 5.792383947772568575e+01 7.836456301762746079e+01 9.069067732014323724e+01 8.229231021057758255e+01 6.725610973333532172e+01 7.221178247663284822e+01 8.399621297799667730e+01 1.043285362581204652e+02 1.167829019351253095e+02 1.268741145559649937e+02 1.171003707922159691e+02 1.071103807258571408e+02 9.883714067135503001e+01 9.177371048914598362e+01 8.643658371981841526e+01 8.144444635193340787e+01 6.642515255623955284e+01 5.226430603281777820e+01 6.189005213601417665e+01 7.602206862451322422e+01 7.919341659058386540e+01 5.918958683354230743e+01 5.918958683381142549e+01 6.137818399067735697e+01 7.257699495258590616e+01 7.843054565345862272e+01 8.037072023514760133e+01 7.207150461163075761e+01 6.973370638142004907e+01 5.142536300579973840e+01 3.140446267008283243e+01
5.916067442918873809e+01 7.018466044907960111e+01 9.056534778584780554e+01 8.436836901023112034e+01 6.395560417998608216e+01 5.211606066697978434e+01 7.161834677789387626e+01 7.440328659695194347e+01 7.726655631328452500e+01 6.187759482756032270e+01 8.229231233711580273e+01 9.258966393909047099e+01 1.009660733635960668e+02 1.126735452309136605e+02 1.234519345721885912e+02 1.151768273945861694e+02 1.151768273945861694e+02 1.106233312014945227e+02 1.017082753172707328e+02 9.344450511321808506e+01 9.126412175703416096e+01 9.467819219373261319e+01 8.055167237498611144e+01 6.774517490354715221e+01 4.771280742428843524e+01 6.773594909485045434e+01 6.933406534515495423e+01 6.504649434261601471e+01 4.502096580026682204e+01 5.650785764965219471e+01 5.256745902368869139e+01 5.842811573145753101e+01 7.207150461163075761e+01 5.193387552624428594e+01 4.962546497019740599e+01 4.962229811656266776e+01 3.830631403878566488e+01
5.348196864301858255e+01 7.392458625841956632e+01 8.592545745526970791e+01 7.424662266332295246e+01 6.584071297805945733e+01 4.845191260075055339e+01 5.114867788617942779e+01 5.393824201249539385e+01 5.681872053995179073e+01 6.212370004006644564e+01 8.253733391568157174e+01 9.764563863791055098e+01 1.060085912869955109e+02 1.161371683336924008e+02 1.151768273945861694e+02 9.522169756872355606e+01 9.522169756872355606e+01 1.023542545558070316e+02 8.243144913968743026e+01 7.351844266796410921e+01 7.133901443720878888e+01 8.543286000921662549e+01 7.890014116353668783e+01 5.890118057308639976e+01 4.472010472301092676e+01 6.375638120884614324e+01 4.972967446364209820e+01 5.405609834997239460e+01 5.249726559477882404e+01 3.647961093182979653e+01 3.840258566663241879e+01 4.801981147694942820e+01 5.630717312486903126e+01 5.783205046549028339e+01 3.773010344944652417e+01 2.966419010868227346e+01 3.151027013092196682e+01
6.113069000571597655e+01 8.154662996314675638e+01 7.760230761805934208e+01 5.720297409043493531e+01 4.542651111164887112e+01 6.584071419545405490e+01 7.161834672651841061e+01 7.440328659695194347e+01 7.726655631300809546e+01 8.253733391568157174e+01 7.047615874300784355e+01 7.728366449773606917e+01 8.748922627973315969e+01 1.078020509960879565e+02 1.151768273945861694e+02 9.522169756872355606e+01 8.114943752803276311e+01 9.167746430340282870e+01 8.608735205105695343e+01 6.615860014051276039e+01 5.716179563452381274e+01 7.290812574525573098e+01 8.117084065788566249e+01 6.186635137729629719e+01 4.182771555821317122e+01 5.562944858689422745e+01 3.560327183482132796e+01 3.403241810544731294e+01 3.247491552528880732e+01 3.093026419725251586e+01 2.944899355508222882e+01 2.799391399013032355e+01 4.598116744854311122e+01 4.476011390847899918e+01 4.360486911922941999e+01 4.085117189421261230e+01 2.083286232755958878e+01
5.677833973420368352e+01 7.719393846873440168e+01 7.831252824721498484e+01 5.778063855859404896e+01 4.338606298354570612e+01 5.166166486092230770e+01 6.081135968615680554e+01 7.262490828544297017e+01 9.299955304357631292e+01 9.923806103210270635e+01 9.085831392451902389e+01 9.764563863791055098e+01 1.060085912869955109e+02 1.161371683336924008e+02 1.121030258268347808e+02 9.215121303921722529e+01 8.066857684911492754e+01 7.178927604623915215e+01 6.694895381848110105e+01 6.221306392580870437e+01 7.290812584579117583e+01 5.284446821575117070e+01 6.885465488418937241e+01 7.014977048053084729e+01 5.789783582881062074e+01 3.786592792075664704e+01 5.562962033172535570e+01 5.405609850759390156e+01 5.249719949112945727e+01 5.095251621880395021e+01 4.947241809112972533e+01 4.598111570856253394e+01 2.595092354123663725e+01 2.472574913934375118e+01 2.357612069184780168e+01 2.243524734936756104e+01 2.416228338097489825e+01
5.381427335478002760e+01 7.421602191434517692e+01 6.746004388636107763e+01 5.902814820805513563e+01 4.144088838596195501e+01 5.313782280253897738e+01 7.355993283821038631e+01 8.963595119928288568e+01 1.013718348238598281e+02 1.054974637807085855e+02 1.037406940251949550e+02 9.536460421811013077e+01 1.037406940251949550e+02 1.138811649142500642e+02 1.203773089639576597e+02 1.088540535562134437e+02 9.994102322300797425e+01 8.222917897157851996e+01 7.074627267438425804e+01 7.633016250534241465e+01 8.117084331794296759e+01 6.885465488418937241e+01 4.876119942795159545e+01 6.495135738835938355e+01 5.987981601669885379e+01 3.983511691349286821e+01 4.939475251285522006e+01 6.779641859015679017e+01 7.103165939109264571e+01 6.103730068512749085e+01 4.932898716616438151e+01 2.931712888511456683e+01 4.316995435505854317e+01 2.821695345628644347e+01 4.263193354435246363e+01 3.659486525439931626e+01 4.405940449400089420e+01
5.385629600689507868e+01 6.228168142688134878e+01 5.902814733796971325e+01 3.874981854599518272e+01 5.902810263728290607e+01 7.020048836811973558e+01 8.197525847573726310e+01 8.708218998447971160e+01 9.547250359272213416e+01 8.517846462316850875e+01 8.517846462316850875e+01 7.499232502822687252e+01 8.519958199394720566e+01 9.960207095390792631e+01 1.198400112940031050e+02 1.221078956418208890e+02 1.021498141686273158e+02 9.817342647331945216e+01 7.826468653745536130e+01 9.624210817426447306e+01 9.012919487693545761e+01 7.712421830335063078e+01 6.495135738835938355e+01 4.484980142206613607e+01 4.272422993424522275e+01 5.987978306253504712e+01 6.652434585053462968e+01 7.655593982137327203e+01 6.276144784061274606e+01 4.275952301403083311e+01 3.275157352223948948e+01 4.932897378560298307e+01 3.338207714577698226e+01 4.883928673432091472e+01 5.677738412176839233e+01 5.661935250931491481e+01 5.727201786731530575e+01
3.357339042186079325e+01 5.309907746412705620e+01 5.448799146678754823e+01 3.687457963857548293e+01 5.712908906538865494e+01 6.725206196338552900e+01 8.371809559743456930e+01 6.668020192322514106e+01 8.371809563141218291e+01 8.517846210911206128e+01 6.477214643286681905e+01 8.517846462316850875e+01 9.830775933368074959e+01 1.126499278877655854e+02 1.120638655214381032e+02 1.204001818361203391e+02 1.122780268833072626e+02 9.233110969164950177e+01 9.817342647331945216e+01 9.614632116388338545e+01 8.185420891007316868e+01 6.190518229628082736e+01 5.033098759905247732e+01 5.270566046720900033e+01 6.277371747251967804e+01 5.542085174482006238e+01 7.542816904659626687e+01 8.079455472169865970e+01 7.103169116760655299e+01 5.530153832460012353e+01 3.529263874838705561e+01 5.530160974270572893e+01 5.304185471670913898e+01 3.869883874210672303e+01 5.827324475589816188e+01 7.214034898254671191e+01 7.137689489901605100e+01
3.139246207436919534e+01 3.280613268914971314e+01 3.421934696957215749e+01 3.638950076174312898e+01 3.855907991521782208e+01 5.883392489936746017e+01 6.437920368987244046e+01 5.486636423944447216e+01 7.530309668503122111e+01 7.509728919779919920e+01 5.929084115711850700e+01 6.952940978030130736e+01 8.396559077959597062e+01 9.771425494183260696e+01 9.177045162498740183e+01 1.120638655214381032e+02 1.205521174428006645e+02 1.122780268833072626e+02 1.013795800326366390e+02 8.786759600214401189e+01 6.792344649208101259e+01 5.639934792667771291e+01 7.033663302452916355e+01 6.169071620202090145e+01 7.980746917737079116e+01 6.957579463240625728e+01 8.371205089332960370e+01 7.252810032484266856e+01 5.254744313066991879e+01 4.497666282421936756e+01 3.789655812282639857e+01 5.790670270508743300e+01 6.647493204960429125e+01 5.827336761244697527e+01 4.438156020737077512e+01 5.813119523584429515e+01 7.786484192214965105e+01
5.007770092514529381e+01 5.309590689758209692e+01 4.245584062121452007e+01 5.664584341752728847e+01 5.883392489937202896e+01 4.167608411933797896e+01 4.399576169858153918e+01 6.437920368352804701e+01 7.068521173909772415e+01 5.463928558881182340e+01 7.509730076051005199e+01 6.577362520016303904e+01 7.088718212135712804e+01 7.734565615304188668e+01 8.755281066851262040e+01 1.019527376233292699e+02 1.221749934195471639e+02 1.072364016573212098e+02 8.724167543125361135e+01 7.313664038703012693e+01 6.423850464951162564e+01 7.050937828146066977e+01 7.269097539296657828e+01 7.511361821026835628e+01 8.971585039210737023e+01 8.955706182633259971e+01 8.883369107939221010e+01 6.886689558550334311e+01 7.253087082654887752e+01 6.076535161651887762e+01 4.075481327276611410e+01 5.491196774492409105e+01 7.489650969823803450e+01 6.828090319874847580e+01 4.873831025011708817e+01 5.991959211445649203e+01 7.970266632044275923e+01
5.849182275494933236e+01 7.108219016276140678e+01 5.416334626878022362e+01 7.114546339184494173e+01 6.972959886201564927e+01 4.930437509769004834e+01 6.437920368987244046e+01 4.758169925476924078e+01 5.022303407867531888e+01 7.068521174055206302e+01 8.351461642331408086e+01 7.757082502203638796e+01 9.127313844996000114e+01 8.531948697762716449e+01 1.056465245801085473e+02 1.162210808587599473e+02 1.198610080293321687e+02 1.115532794107837873e+02 1.013795800326366390e+02 9.171364623088865642e+01 7.175769473851157443e+01 9.046019058077914110e+01 8.679304080503203522e+01 9.577015281552969839e+01 1.018404325977048188e+02 9.357545110764667129e+01 9.708804010942282048e+01 7.909058578664453876e+01 6.547999214506944554e+01 4.547746641349893082e+01 6.076535161651887762e+01 5.077046305861652797e+01 7.076023601733588464e+01 7.335001170636174095e+01 5.371743889146897999e+01 7.335001166476500600e+01 8.800086442570439260e+01
5.117032176247215602e+01 6.236916369424262285e+01 7.450808887689285598e+01 8.286083677232520017e+01 7.815445583851816025e+01 5.951612554375228115e+01 7.645117738742185054e+01 6.203994973916412192e+01 6.470660407643258338e+01 5.896244449595712211e+01 7.940369399479013168e+01 9.793242404464163542e+01 1.063023569806510409e+02 1.056465245801085473e+02 1.139983795431630682e+02 1.120222936759883794e+02 1.037247905349332058e+02 9.158743435706708169e+01 1.083183699123259629e+02 9.999512574012329935e+01 8.326351042504005306e+01 9.999512574012329935e+01 1.067771358932156005e+02 1.051060983016700163e+02 8.513443151747024729e+01 7.360424517322287841e+01 8.290039250660097991e+01 7.082147535911327907e+01 5.083547523495726495e+01 5.443561942604194570e+01 7.375087180190168112e+01 5.971877392300709175e+01 7.902975258846493034e+01 8.163350990796568851e+01 7.335001170636174095e+01 6.236815704867025545e+01 8.223451875418986390e+01
3.369575863476264033e+01 5.398377018950364459e+01 6.615582034689245461e+01 8.649704491139942775e+01 8.834809716144040692e+01 7.994307218027896056e+01 8.834809716144081904e+01 8.246101306338638892e+01 8.511884744737712083e+01 7.343279730429533458e+01 6.990856164890109881e+01 8.012578398576876282e+01 9.455481178564022571e+01 1.150440571715242157e+02 1.178511570553434495e+02 9.787345793512611181e+01 8.375270249858668592e+01 8.005195732360822092e+01 9.937919774312992161e+01 1.101585838085696309e+02 1.032567435878131192e+02 1.115381073000196892e+02 1.112491889650486172e+02 1.133658684715437914e+02 1.018404325977048188e+02 8.290039250660097991e+01 6.293451913001000264e+01 5.661555102972105402e+01 7.082147535911327907e+01 6.597492415890819473e+01 8.268369885351897608e+01 7.125266801543740769e+01 8.796060315460080403e+01 9.380290831454610156e+01 7.376586983425973187e+01 8.223451875418986390e+01 9.054325966589172481e+01
3.571149871987277180e+01 4.580614937902328165e+01 6.615582034689245461e+01 8.001034184162156748e+01 8.072547348750376273e+01 8.910847388045576167e+01 8.792835108857148896e+01 9.629474550132080424e+01 1.005368334982629079e+02 9.381871376451142908e+01 9.031759063032997403e+01 9.875263803349166380e+01 1.090127003658941902e+02 1.108830886799619577e+02 1.087259554917911544e+02 1.053770352684835530e+02 9.109333297008227248e+01 7.111219009710984551e+01 8.188569198983154251e+01 1.018626924448501114e+02 1.142086362377452247e+02 1.054320486700516994e+02 9.135070129173564624e+01 1.054320486700516994e+02 9.753007023258965091e+01 7.755839601415979701e+01 6.603187630861290813e+01 6.814703208458467998e+01 8.485492356788304846e+01 8.594454106102425328e+01 9.421104823822571461e+01 9.122262942111987627e+01 9.948737333172699948e+01 1.021179464928242595e+02 8.792608715189119550e+01 1.021179464928242595e+02 1.015165582876617378e+02
3.776734295347895909e+01 5.803928905746930411e+01 6.329736522886894790e+01 5.961874123401916137e+01 6.032932795001185156e+01 7.250794748546540802e+01 6.757430754830720332e+01 8.025714008281360634e+01 8.025714008281174472e+01 1.003516456404906592e+02 1.083183352236890329e+02 1.166433042521881305e+02 1.109114325913876797e+02 9.056017008170154270e+01 8.833748829591112894e+01 9.708503804744374577e+01 7.710850259136130092e+01 6.557762282201053949e+01 8.555155996270846686e+01 8.590512816837511423e+01 1.058962550190976515e+02 9.651943819767552668e+01 7.724789967947346270e+01 9.651943819767552668e+01 1.057932974332962601e+02 9.426644719751803336e+01 7.601346131953827978e+01 8.811533271825612701e+01 9.638166362691747224e+01 1.002435160887435757e+02 9.208462593072366076e+01 9.292479600613523871e+01 1.010853798178002592e+02 1.094121678926839962e+02 1.079908096690688666e+02 9.575553220967108814e+01 8.183227925793238455e+01
5.207335512036281244e+01 4.074035214509162017e+01 4.294864451742981259e+01 4.520212050718728136e+01 4.852128888396986639e+01 5.206765443092798051e+01 5.574886075515726702e+01 5.985613252628898806e+01 7.166502943309251350e+01 9.199418150243414516e+01 8.808672214420339230e+01 1.083183352236890329e+02 1.060597379385500147e+02 8.570274669985556670e+01 7.401244759674860063e+01 8.522740395492827759e+01 8.005916455275968246e+01 6.123982024735816765e+01 6.960008832072168161e+01 8.957356920574191861e+01 1.004782500741213056e+02 8.826544886690118119e+01 6.832893594072663745e+01 8.826544886690118119e+01 1.004782500741213056e+02 1.042493366607848202e+02 9.598537617328499039e+01 1.042493366607848202e+02 1.034107408599095237e+02 8.379333435019512422e+01 7.241751192421692451e+01 7.326136929678121135e+01 8.157211130229919149e+01 1.005332718889396801e+02 1.016459846125735851e+02 8.759715079437610541e+01 6.779369875040346471e+01
