MOVIE_S10_data/elevation_000423.asc
nrows	100
cellsize	150.0
xllcorner	0
ncols	100
yllcorner	0
NODATA_value	-9999
[rows 34 to 50 of 100, columns 37 to 73 of 100]
1.019710631557193778e+02 1.101629581288008097e+02 1.143210775922821796e+02 1.101917961235577508e+02 1.020212857471316141e+02 9.370189673101080530e+01 8.905849481833232062e+01 1.055475308925107782e+02 1.154001001346310176e+02 1.293308646203294359e+02 1.254157759436431405e+02 1.178878134884291029e+02 1.095906480495721098e+02 9.452798110944485188e+01 1.127985799831948412e+02 1.017853251341265803e+02 8.766685766999829355e+01 7.847277998751999917e+01 9.670797789900980490e+01 9.639570734401165453e+01 1.047050930998516094e+02 1.056326166467105168e+02 9.471182647366228480e+01 7.643174863535081442e+01 9.471182647366228480e+01 1.000286579450968816e+02 8.932703283394775440e+01 8.242427989271226352e+01 7.332871469830912758e+01 6.550489044750571566e+01 5.930976352151829190e+01 4.659549525909337575e+01 2.613569591461607899e+01 3.871007842731197712e+01 1.888969904176841297e+01 3.798242732350592377e+01 4.441408540305823038e+01
1.043004940539454566e+02 1.084868152860037469e+02 9.438143187771781584e+01 1.043512547350000261e+02 1.126181864350544970e+02 1.133857824871176376e+02 1.087496934379596780e+02 1.169232830537627166e+02 1.281941917453644351e+02 1.199267318991180531e+02 1.237399769940998198e+02 1.037298041022704780e+02 8.967225415139601807e+01 8.462708687388058593e+01 1.045070812294886053e+02 9.350887769970076135e+01 7.351001721630784402e+01 6.839203194111546225e+01 8.843663593955986357e+01 7.640446371576007323e+01 9.314053343586164146e+01 8.566067822020517042e+01 8.566374997800910762e+01 6.625489571849988124e+01 8.644519608154661228e+01 9.020858603477144300e+01 7.536219157343032293e+01 9.020858603477144300e+01 8.752617317593866630e+01 7.593148183920244776e+01 6.765114029231666848e+01 5.504086709606637129e+01 4.613872678813758199e+01 2.596456280341347878e+01 3.797625375723343666e+01 1.787307106302841575e+01 2.579490423888207573e+01
8.445095266919312849e+01 9.857588536628021814e+01 8.045447226959919362e+01 8.453358429750601033e+01 1.043512547350000261e+02 1.084053145861977896e+02 1.084053145861977896e+02 1.167893259553644327e+02 1.166469958707690040e+02 9.990945389263450238e+01 1.166469958707690040e+02 1.084885739387401031e+02 8.857791499779881406e+01 7.711651401257512362e+01 9.017551986464215474e+01 9.844134624864842920e+01 8.086048775260923094e+01 6.062579045674571887e+01 7.321250595210115364e+01 6.469388021925522025e+01 8.485143002444094407e+01 8.566374997800910762e+01 6.543892933936321299e+01 5.896244192170611598e+01 7.930684693109481032e+01 8.220933701606327304e+01 6.296003952443710716e+01 8.220933701606327304e+01 7.929876076998347401e+01 5.912447865751300213e+01 4.738099842863299926e+01 4.021517547503319179e+01 3.384028317049191514e+01 4.613872678812682437e+01 3.725971036071884157e+01 1.715710753380759712e+01 3.624201101104380740e+01
7.318931240320897302e+01 9.033804558132780471e+01 7.074727969883004164e+01 9.033804558132780471e+01 1.026283250545679948e+02 8.846732415377162795e+01 8.846732415377162795e+01 1.084053145861977896e+02 1.083697510536312194e+02 8.842907282724264917e+01 1.083697510536312194e+02 1.167848749127225432e+02 1.052694317482722397e+02 9.017551986464215474e+01 7.021125363616080506e+01 8.428837893279145987e+01 7.635501280744617247e+01 5.598913299826487133e+01 5.277556473419094374e+01 6.959966723757069929e+01 7.792618008963486886e+01 7.820693216889306143e+01 7.287338118403418719e+01 5.241552230516553124e+01 6.585655907785418606e+01 6.628099462285587151e+01 5.555975971610383368e+01 7.524522234761388972e+01 7.584632794305204584e+01 7.593148183920189354e+01 6.765114029231666848e+01 6.048456466874083759e+01 4.814825554389130957e+01 5.168640659693532768e+01 3.137834329359692376e+01 3.494547697730155988e+01 1.614814867281551258e+01
6.450739836516510195e+01 7.729650636542791631e+01 6.514070372106553464e+01 8.468267860338229980e+01 9.430702634819671459e+01 7.464572672810041354e+01 9.430702634819671459e+01 1.069006330620384944e+02 1.013196566559620635e+02 8.150880474456583613e+01 9.546846830528008354e+01 1.154458380075693071e+02 1.101051688475018864e+02 9.017551986455524116e+01 8.428837893272682891e+01 6.417045410208841361e+01 6.070898122647136574e+01 7.635500422790137520e+01 6.959965505154602283e+01 4.911487877061527740e+01 6.618553903332463051e+01 5.790360089391219134e+01 6.156464089322498978e+01 6.585655907785418606e+01 4.535170760891934805e+01 4.614490205463548023e+01 6.628032288419981910e+01 6.983703560826270973e+01 5.550371666571508911e+01 6.579832343947379059e+01 5.740520206588794849e+01 6.579899419057267096e+01 6.838400116320089239e+01 6.005749438055092781e+01 5.160789409470931588e+01 4.429886714026008576e+01 3.523364081992859553e+01
5.756002442148931664e+01 5.772161934033776731e+01 7.154783662271859157e+01 9.117502282388038282e+01 8.808957749234599532e+01 6.854845775887879711e+01 7.882633080298583650e+01 9.856553423843553219e+01 9.560075410743411339e+01 7.593427098238402095e+01 9.560075410736055801e+01 1.102164555849700491e+02 1.083410172879958964e+02 8.841885168980502385e+01 7.432277453781388488e+01 7.845142007095654435e+01 7.508536411619235196e+01 8.388388244562001717e+01 6.368299029622583163e+01 6.618553903334424149e+01 4.569498395491149978e+01 4.337815639473519980e+01 4.111700712658831947e+01 5.839596869546642210e+01 4.080587073119443886e+01 4.032067926535209779e+01 6.061984701229707895e+01 6.146186287259303072e+01 4.106325186774572700e+01 4.856077560165668672e+01 3.701472713570547057e+01 5.390970662157294413e+01 6.400713710386962418e+01 6.729187826630010250e+01 6.842152250624869225e+01 5.952031017804974766e+01 4.241647074297025455e+01
5.124826591837042145e+01 7.094557438205944777e+01 8.547764175558442901e+01 8.338183787559628968e+01 8.244854212309520847e+01 6.293938520424604377e+01 8.243639635083700057e+01 9.233409199745653950e+01 8.418206126765100805e+01 7.097915495851253809e+01 8.215849326258232566e+01 1.019489024942143800e+02 1.083411841608131141e+02 8.841885191726785820e+01 9.425396793457103684e+01 9.838004417985358430e+01 9.505860901038987265e+01 9.216963016989123503e+01 8.388389087185827009e+01 7.444111635996905818e+01 6.605749832036332236e+01 6.075559577460849425e+01 4.037518313750414478e+01 3.797037600176257399e+01 3.640687902271319842e+01 3.494254523745239993e+01 5.329909439074634747e+01 5.190025146690773283e+01 4.855997413341350466e+01 2.826627495044404270e+01 2.693239940585257841e+01 3.667210816877325641e+01 5.270677845215375612e+01 4.641998491976951868e+01 5.095374575697878328e+01 4.539061555198079390e+01 3.127222027719269803e+01
4.769245982748361001e+01 6.582888781530283495e+01 6.766457017458928647e+01 6.377959777235530936e+01 7.149912534486763604e+01 5.828976144473414678e+01 7.599686731623428670e+01 7.931839138349285179e+01 6.472827118207820263e+01 7.082128723682940574e+01 9.036108918665925671e+01 1.091973768598764849e+02 1.166333464935373172e+02 1.083411841614091600e+02 1.060978690552280881e+02 9.783190441460476450e+01 9.076768525510273378e+01 8.471202865558042561e+01 9.101271082760806053e+01 7.628758123048342554e+01 6.430797488599334599e+01 4.387684617992095326e+01 5.249797143971272106e+01 4.426457393632489357e+01 5.680602472903698441e+01 5.329876756968381102e+01 3.294956361993398275e+01 3.156731737896722123e+01 3.019544930722084075e+01 4.856077560002852067e+01 4.532715242796265898e+01 2.507368950132527274e+01 4.526417446231495489e+01 3.208391563778440059e+01 3.918264062722870733e+01 3.722773762374503548e+01 1.708401573899289971e+01
4.419431832823958217e+01 4.602702350240838314e+01 4.789366745029685291e+01 4.978725759342011514e+01 5.181200732884495608e+01 5.412247036167180880e+01 5.645925006866713858e+01 5.983047748068464955e+01 7.931842181460102381e+01 9.036108918665925671e+01 8.115625575613988474e+01 9.250314982719771706e+01 1.124443415922699074e+02 1.093356428529167914e+02 8.941058340078076583e+01 7.785127532877294243e+01 7.068334445528383014e+01 6.450532256759493066e+01 7.089353681563612497e+01 6.795025996617377473e+01 4.750854728744820221e+01 6.430799679426628757e+01 6.843838099894919935e+01 5.153362565593857880e+01 7.443107163514414992e+01 6.141695717173469404e+01 4.307038560760038592e+01 5.190033638307540542e+01 5.051305468033730506e+01 5.456634934042191531e+01 4.401337532770926941e+01 2.377853089630688643e+01 4.209994653249393792e+01 3.874843523898375253e+01 1.946504434066983080e+01 1.844729825816609292e+01 3.302306490184471244e+01
6.176191507739252984e+01 6.007658833304076040e+01 6.766456793000982373e+01 5.582998771060493226e+01 6.568866353977625749e+01 7.366876952751195518e+01 7.602423949689912774e+01 6.113783520644702207e+01 7.486538047972852894e+01 9.448960576515911214e+01 1.009312891587434251e+02 1.091973768704636285e+02 1.207146898603515268e+02 1.176103936198973372e+02 1.060978693065377030e+02 9.783190441459659326e+01 9.076768525509044139e+01 7.678630645187062953e+01 5.641773692922473771e+01 5.141596561399416743e+01 5.778588664221697258e+01 7.629539000990470754e+01 8.232461921149398165e+01 6.109305061002518755e+01 8.232461921149398165e+01 7.134574627980344985e+01 6.317680921773972358e+01 7.134574424847430407e+01 5.754902854871890128e+01 4.615664455857895376e+01 2.600434654831655124e+01 2.396869663304825693e+01 2.195575344280642227e+01 2.092161943660311252e+01 3.964584763827226510e+01 3.861134540117429026e+01 2.279735831596500617e+01
6.993162985734596759e+01 7.971615572996078924e+01 8.166654105706133748e+01 6.208228909900991965e+01 8.158082985192706360e+01 9.232583190778066751e+01 8.399876915291386581e+01 6.455005734651854254e+01 8.399876915291386581e+01 9.391128228303972492e+01 1.021525839563888667e+02 1.110319627398410915e+02 1.225464769577506274e+02 1.192628231545637334e+02 1.095266115189200065e+02 9.540016503154014060e+01 8.712500706763007940e+01 7.664789561378148619e+01 5.627643543663742065e+01 7.184620271159406002e+01 7.811463329013074031e+01 7.811463329013074031e+01 9.088748490827569526e+01 7.382089664169771481e+01 9.088748490827569526e+01 8.262595748385470529e+01 6.241777366042155961e+01 6.058687114908139648e+01 4.913407741453640654e+01 2.894014528271965503e+01 4.615664455857895376e+01 4.399101236268176507e+01 2.547484535509662251e+01 4.132571902098098349e+01 5.063281585967847320e+01 4.618020887440575706e+01 2.595330490833769588e+01
7.129944241366195001e+01 7.943549170355794331e+01 8.989584839085536316e+01 7.587540325477363012e+01 7.587540325477363012e+01 9.564759320047799918e+01 9.219388338907459968e+01 7.569734756941723219e+01 6.989769659750945152e+01 7.429371437208835971e+01 8.295290157675724174e+01 9.434179248785008554e+01 1.142992310060992196e+02 1.109726563486341320e+02 9.103106673809301697e+01 8.127371864261613155e+01 6.697631485573926113e+01 6.236953182835474507e+01 6.315908237994808161e+01 7.664789561378140093e+01 9.672795019619698564e+01 9.818907816570012415e+01 1.026616891422486475e+02 9.436846768779535921e+01 8.478867802425021694e+01 7.306468590721532053e+01 6.241777366042156672e+01 4.197228247215803520e+01 3.193964522456111510e+01 4.913407741453639943e+01 5.754903236686210022e+01 5.380229128799265936e+01 3.941743358050384671e+01 3.071022678148058205e+01 5.071186150256537672e+01 4.951307703278750694e+01 2.924003148143972197e+01
5.231174982334361800e+01 6.561359041267485281e+01 8.502630342809112562e+01 9.564759320068095860e+01 9.564759320046368885e+01 1.039162933637843906e+02 1.035748096013515180e+02 9.533872192345886276e+01 7.775149882410825342e+01 9.391128228303972492e+01 8.295290157675724174e+01 9.693116377233302217e+01 1.168894091581466910e+02 1.087881328532280492e+02 8.885095134843962228e+01 7.467529652019923958e+01 8.712500706774652315e+01 7.675247191658490920e+01 8.339230223069806414e+01 7.406136885361959799e+01 9.410730674069776569e+01 1.057665447108858103e+02 9.420165693089853676e+01 8.518947999012360128e+01 7.646607114527134286e+01 5.607087958910242520e+01 4.416899941267179486e+01 3.513184993579692161e+01 5.220700685458137258e+01 4.621956294543829102e+01 6.666197514398287183e+01 6.818714898509395539e+01 5.467094046665975782e+01 3.448351957287938063e+01 5.467094046666091600e+01 5.792946979359033577e+01 4.951307703278881434e+01
6.232381372903849126e+01 7.129944208781189730e+01 9.083549605651563752e+01 9.602820492975237698e+01 8.714256918003309238e+01 9.602820536581954514e+01 1.011747346945765429e+02 1.057018498947739715e+02 8.904443664417205184e+01 1.057018498947739715e+02 9.693116377233302217e+01 9.544117845660642274e+01 1.153996343387893688e+02 1.087952557365130133e+02 8.885122463573074469e+01 8.626505299576410835e+01 1.029324499519543110e+02 9.678361948134691772e+01 1.023770729852220995e+02 8.567530355989488555e+01 1.023770729852220995e+02 9.748978605102877282e+01 7.743847071736841770e+01 6.570265112160147680e+01 5.648330194771313728e+01 4.956837894355421525e+01 4.336562568673048901e+01 3.772061798922072029e+01 5.820265070626157211e+01 6.666197514398290025e+01 7.502914942563180034e+01 7.356980986393232058e+01 5.288179881134326621e+01 3.846184217558102603e+01 5.017444424468261843e+01 7.091675655585504501e+01 5.860618439674922797e+01
5.723227765172169512e+01 6.797061309350831948e+01 7.871977311504572583e+01 8.347109520593959076e+01 6.411666874668303251e+01 8.205640384263672615e+01 7.950449834057197052e+01 9.595165735861471035e+01 1.089425406882561589e+02 1.171937651246243774e+02 1.168894091581466910e+02 1.153996343387893688e+02 1.153996343387893688e+02 1.170935783062482614e+02 1.087935592838166343e+02 1.061735250695318200e+02 1.143647758909200434e+02 1.146828522372832140e+02 1.138995894490212208e+02 1.056256372904654768e+02 1.100157799204966835e+02 1.010854529767621415e+02 9.281432412609315463e+01 8.518947999012360128e+01 7.687474220022366467e+01 7.007759544938689089e+01 6.095116594775992525e+01 4.038316123573402905e+01 5.496762920079608961e+01 7.539663277997485125e+01 8.894826864435874825e+01 7.579598089134479721e+01 5.515314621736543899e+01 4.370530186675603090e+01 6.449835385760938777e+01 7.930727148376719526e+01 6.343602294950382259e+01
4.006520477986889262e+01 5.337756977837575789e+01 6.294819183858282940e+01 6.867624879465769538e+01 5.361096425900635154e+01 5.894205719414201639e+01 6.806588429747367286e+01 8.759950111274487483e+01 1.053163565954557725e+02 1.018401975852950443e+02 1.101856216114368721e+02 1.202529069388474596e+02 1.353289553815781403e+02 1.292264070327243530e+02 1.177435126352583410e+02 1.088761010142108887e+02 1.006412397190029395e+02 9.483916074403413177e+01 1.088847259846056090e+02 1.158461108366602161e+02 9.590389425346678820e+01 8.177560652832512744e+01 7.275273769926765510e+01 6.659854091609192039e+01 6.088201821485306908e+01 7.350323979688205611e+01 6.381021635732250274e+01 4.319332060241305271e+01 5.104824028898222110e+01 6.033588255336603368e+01 8.064901648653487598e+01 8.416226998081404531e+01 7.052557604829100057e+01 4.964666592275671064e+01 7.052557604829100057e+01 8.708832235929814658e+01 6.856723394837001706e+01
5.993640103155198062e+01 4.287026406707416015e+01 4.593120002995391360e+01 4.907006679117364456e+01 5.919736045303655203e+01 5.799374830898261024e+01 7.554209359330984341e+01 8.598709887731692447e+01 8.524804907551504130e+01 8.179562013841425028e+01 9.177832404624012952e+01 1.119020711243498454e+02 1.307393044232701698e+02 1.209903465950814194e+02 1.010991749886689917e+02 8.970229496250286161e+01 8.090595938674378829e+01 8.090596052152167772e+01 9.899273859024825128e+01 1.129985767924290201e+02 1.100157799204966835e+02 9.281432412609316884e+01 9.281432412609315463e+01 8.676552822817799893e+01 7.350323979688205611e+01 5.302440553742618334e+01 4.884183901235486047e+01 4.837848070903923059e+01 6.301482964623053817e+01 7.990031830471352237e+01 8.064901648653487598e+01 8.498481480638622543e+01 6.453636325309727795e+01 6.024168265987172077e+01 7.891217297823888543e+01 7.876988376928883895e+01 5.836458412745130886e+01
