MOVIE_S10_data/elevation_000378.asc
nrows	100
cellsize	150.0
xllcorner	0
ncols	100
yllcorner	0
NODATA_value	-9999
[rows 68 to 84 of 100, columns 37 to 73 of 100]
4.163968196857993576e+01 6.171122313347084543e+01 5.587271014018398319e+01 7.005629595109878949e+01 9.013252867138544389e+01 9.891676861280718924e+01 1.071833316959024245e+02 1.072925892561624863e+02 1.155480898980957818e+02 1.208034139299359282e+02 1.109272334334252008e+02 9.128897380159797592e+01 7.134000877493180326e+01 6.430731170231371152e+01 6.064206411604108382e+01 7.552198604133147342e+01 7.570306913159691931e+01 6.740790066345221021e+01 6.260567275639709095e+01 4.296093806805983206e+01 4.274469892993900544e+01 5.553604347642614414e+01 5.553604347691639020e+01 7.257095132627172518e+01 5.297746762674035637e+01 5.297746762674035637e+01 6.433437281079390857e+01 5.060775146324262863e+01 4.265918217490805375e+01 4.166883320755669473e+01 2.174820568869482074e+01 2.096799974356109431e+01 2.031460141696847899e+01 1.966472127553635119e+01 3.778769891874037512e+01 1.788112069824512673e+01 3.701120856144985538e+01
6.171122530595276601e+01 4.432298765549146680e+01 6.435266032302519079e+01 8.424063669707302893e+01 9.561878058736148489e+01 7.885608242614554797e+01 9.313146687310299399e+01 8.726573792361445214e+01 1.072925892561624863e+02 1.126955167343824797e+02 9.286935712471530735e+01 8.287517483701832077e+01 7.581135709942266487e+01 8.423593456165203008e+01 7.563733815546163441e+01 5.581991348080063631e+01 6.738989482306598688e+01 4.775612517295282089e+01 6.357445408677880039e+01 5.757057099366780761e+01 3.782610366355562093e+01 3.577752203037540113e+01 5.282200182139676059e+01 6.104109060051793278e+01 5.861579065164028890e+01 3.965379243257323338e+01 5.631925199906376633e+01 3.657792832219624302e+01 4.266026812228087550e+01 2.284604272674873826e+01 3.707350017244311147e+01 4.091262422555546863e+01 4.014371666089238033e+01 3.581383584908295603e+01 1.875479479818820749e+01 2.726297743928193995e+01 4.426780621045035247e+01
6.628835362256457131e+01 4.626538643658743410e+01 6.040914092737814656e+01 8.048202864730723149e+01 8.098211855824666827e+01 6.724601731055932419e+01 7.305096760034852821e+01 8.204553656277469997e+01 1.021001728926147649e+02 1.208034139299359282e+02 1.097749650783501636e+02 8.993240586968371986e+01 9.574415685782665264e+01 8.045557719725329093e+01 6.636773923719921697e+01 7.136356501953351028e+01 5.164514616773981004e+01 6.352976146516559908e+01 4.397503564382669339e+01 4.139505935098949152e+01 5.757057099017926305e+01 5.282200180570586667e+01 3.303504986721608105e+01 5.016597529774123387e+01 5.193635260456145630e+01 3.286181058779460784e+01 4.566050706545434679e+01 4.366257205762671134e+01 2.394352323261015059e+01 4.271506059293499646e+01 3.544066623671599103e+01 5.510764247022396489e+01 4.318239118797362153e+01 2.353999524307664259e+01 3.878103592390199594e+01 2.780273813809223071e+01 4.551132063463676758e+01
6.826210769279921919e+01 4.823068618827096543e+01 6.826210829147957782e+01 7.518200301400493402e+01 6.088992893345469781e+01 8.098211855824666827e+01 8.365755458277092771e+01 1.014069139108545556e+02 9.843581466862744378e+01 1.184046972241292508e+02 1.178960307774737686e+02 1.097749650783501636e+02 1.085002665791527079e+02 9.447792188822882054e+01 7.786682191047815138e+01 7.957246421444266105e+01 6.296203375795893464e+01 7.171268783177181660e+01 5.521823075099573686e+01 5.525618020991408486e+01 6.926236464592813036e+01 6.104108795730836334e+01 5.016597529774119124e+01 3.035368157390267640e+01 4.644035408061460402e+01 2.659874543461011243e+01 2.582028593500247737e+01 2.504191208740865804e+01 4.028199523840525131e+01 5.149197724574221979e+01 4.940690249481605889e+01 6.344189703603576902e+01 4.653277639432372581e+01 2.699684142706549039e+01 4.653277639432323554e+01 4.198085956520712614e+01 4.048621034836916266e+01
5.606020191830680233e+01 6.826210829147970571e+01 5.126469975640628718e+01 5.510270122895958167e+01 7.518200301400499086e+01 8.927443786263772552e+01 1.036962627367062311e+02 1.119581192188243364e+02 1.184046972241292508e+02 1.181163906348610340e+02 1.066083417870945311e+02 9.835772638219901864e+01 1.009447760205345190e+02 1.059378856861482490e+02 9.777713502493344322e+01 9.102456694005218196e+01 8.283781628291083621e+01 8.324737116001378467e+01 7.499033650306041920e+01 7.501748120490134397e+01 6.825706155771280237e+01 6.005258340001682171e+01 5.700277275783015796e+01 4.754128347950918254e+01 2.770853158119449944e+01 4.644077317942566197e+01 4.566937562101519887e+01 3.910704535998751652e+01 3.923484197596648926e+01 5.912310298548887033e+01 6.922272115951928129e+01 6.114514309596266628e+01 4.188071118231934520e+01 3.059108806154727844e+01 5.002281814483548317e+01 6.209201608719764920e+01 5.464373093529198400e+01
6.210233817646385290e+01 7.962930327737620928e+01 7.132060519805526155e+01 5.503326340331400246e+01 7.511561270037782378e+01 8.828443402950185259e+01 9.587573632130796852e+01 1.041612396672533976e+02 1.157238160978777728e+02 1.098735710096828058e+02 8.992754302281174716e+01 7.838474350240079502e+01 8.097826310318473020e+01 9.508610603662890526e+01 9.453517371134437042e+01 8.633885713612370694e+01 8.633885713612370694e+01 8.575884612569504384e+01 7.750380773752570462e+01 7.200634182461615751e+01 5.824897063798671581e+01 4.194036259066747618e+01 4.878810531998731648e+01 2.896397937082645768e+01 4.754177948295112799e+01 3.324192269316901616e+01 5.303000635177578204e+01 5.905223363350496157e+01 5.930495830311078009e+01 6.779268888185045228e+01 8.025610799172778798e+01 6.934155146856384988e+01 5.445110381192856153e+01 3.514865409594019496e+01 4.105899893463357131e+01 6.031625390122781027e+01 7.490872143584402920e+01
7.631468605896002089e+01 9.049606524086937043e+01 7.829303136799890694e+01 5.819727122873261749e+01 6.261507246452220699e+01 6.819005557160492970e+01 7.579103833007455648e+01 8.740140373091696802e+01 1.074518899199002675e+02 1.037432636713043337e+02 1.003989443177360670e+02 8.682631934002769469e+01 6.686037097616900837e+01 8.682631934002769469e+01 8.633885713612370694e+01 6.646590475017434585e+01 6.646590475017434585e+01 7.428520647240731023e+01 5.765428349228228200e+01 5.219455985908452789e+01 5.092984767589889827e+01 3.112213782361286363e+01 3.022654806922454895e+01 4.295606916389304786e+01 5.688702280739570938e+01 5.303000635177578204e+01 3.909977860163473906e+01 5.885571382043423228e+01 7.368887277186360052e+01 8.516601654017556200e+01 7.194148641108694164e+01 5.262841414669347273e+01 4.309602371152949019e+01 4.383926133897288224e+01 6.031625390122781027e+01 5.462656157535140267e+01 7.405238628008879687e+01
9.639114828714942007e+01 8.975664227852107047e+01 6.966351787771404247e+01 6.145380247484067837e+01 8.155365859181378596e+01 8.240788722951421619e+01 8.828443402950185259e+01 1.041612396672533976e+02 9.959479762906823908e+01 8.378967978120350324e+01 8.378967978120350324e+01 7.218681682232333685e+01 6.113167032142789026e+01 8.106264650877773192e+01 8.633885713612370694e+01 6.646590475017434585e+01 5.252954169714814014e+01 6.297301092457873040e+01 4.626951443315854107e+01 5.219455985908572160e+01 3.239857833749254468e+01 5.092984767588258421e+01 5.004124272283090846e+01 5.808321556593229928e+01 7.026410824316056392e+01 5.885571382043423938e+01 5.885571382043423228e+01 4.567718308168934271e+01 5.705287060324754123e+01 7.690881271036391809e+01 8.025610799172778798e+01 6.955824013702455488e+01 5.031492395911283211e+01 5.484322616229846403e+01 7.124828477164163587e+01 7.405238628008879687e+01 8.238126393754617993e+01
1.039416286926146284e+02 8.388102852372533391e+01 8.522297329785058650e+01 6.512530894699931139e+01 8.522297329785058650e+01 1.024716730139521985e+02 1.083288243062038418e+02 1.028649425957271291e+02 8.290077979733416669e+01 7.136598863285412619e+01 6.384469914626829734e+01 5.813859001816536676e+01 5.586435965819558191e+01 7.573586906041957434e+01 7.950852882984594316e+01 7.065161247401019295e+01 6.213170709041594364e+01 4.338777594021478734e+01 5.353739524565054353e+01 3.375600426760148309e+01 5.219455656072535987e+01 3.635258151495382606e+01 5.610639852523553373e+01 6.836542960464295504e+01 8.240363405625861049e+01 7.870403817720790585e+01 7.368887277186360052e+01 5.705287060324754123e+01 5.495672923013103883e+01 6.637963014235270975e+01 8.629879892481747561e+01 7.784631761990655718e+01 5.979368086141866456e+01 7.422816351023445236e+01 8.256610105217896489e+01 8.748090468562448052e+01 8.530040875688005997e+01
1.122183763401909147e+02 1.039416286926146284e+02 8.909007173727324869e+01 6.899603881238446945e+01 8.060548619263865078e+01 9.481578433485417179e+01 1.148382581249019267e+02 1.111119662843495632e+02 9.959479762906823908e+01 9.133862782992950713e+01 8.378967978120350324e+01 7.076799170986360821e+01 5.097548157376103717e+01 7.076799170986360821e+01 7.093160564471396867e+01 5.191154078807002037e+01 4.189676447011606797e+01 5.485583581751229332e+01 3.513006274152965602e+01 4.774288591470341458e+01 6.175193863791390214e+01 5.610639852523046756e+01 4.040637322636580819e+01 5.432722515302430111e+01 7.302881721503713663e+01 8.450412129725549448e+01 8.516601654017556200e+01 7.690881271036391809e+01 6.484139842267826737e+01 8.305494454272985649e+01 9.455920973908689575e+01 8.771963251124728345e+01 7.932279941263024625e+01 8.771963251124728345e+01 8.748090468562448052e+01 6.754737947206965032e+01 6.536684337612156526e+01
1.141842597866314009e+02 1.049580975671812411e+02 8.489312542026691233e+01 7.328214350344137529e+01 8.489312542026691233e+01 1.049580975671790810e+02 1.092252580600992218e+02 9.924897885641421169e+01 9.099322306364186375e+01 8.433524176699944519e+01 7.832033950600238370e+01 6.737360422510329272e+01 4.763588836319791398e+01 6.367639100890296078e+01 6.564903711949810372e+01 4.161634824257220089e+01 3.753147783783807512e+01 3.652893245796238375e+01 5.236559622809560466e+01 6.260609968254551916e+01 7.574010666270235959e+01 6.711967845646648811e+01 4.735864960988106986e+01 4.504849155266076366e+01 5.639548165254251444e+01 7.624541703276710791e+01 8.627258401159302537e+01 9.301626368613283091e+01 8.475552450977745877e+01 9.301626368613283091e+01 8.870157366821803180e+01 8.030378175819254238e+01 7.604291429395003377e+01 7.301543833643493997e+01 8.020593577240198613e+01 7.120524950292036692e+01 5.124018039439421557e+01
1.059225797227831549e+02 1.132324035605356727e+02 9.856009508409103148e+01 7.847281046288705397e+01 9.856009508409103148e+01 1.132324035562287179e+02 1.009783667712661526e+02 8.100807935601754650e+01 7.101927917371492072e+01 6.438606781661168554e+01 5.842165420853995528e+01 5.366117919052873475e+01 6.367633920412717430e+01 4.397713417832134297e+01 5.854462293467948797e+01 3.896599653893194670e+01 5.726869610106292185e+01 5.628896255662237280e+01 4.584036733473551095e+01 5.976211903436464468e+01 7.962584415052867826e+01 7.536768960442171306e+01 5.614528440934505227e+01 6.478505149759777737e+01 5.010677787016945928e+01 5.812998234405173292e+01 6.957841243951318688e+01 8.952818238887910240e+01 1.016010281030407896e+02 9.337117429887473463e+01 8.052097751620753741e+01 6.049067930083899114e+01 6.263057337513735234e+01 5.144958109973345728e+01 6.651114701286947195e+01 6.859348064059190619e+01 6.179362566725576045e+01
1.048750614815584328e+02 1.127266626190976666e+02 9.269211067888075206e+01 8.853271674063591945e+01 9.269211067888075206e+01 1.127266626189432088e+02 1.092252580613487254e+02 9.924897885641421169e+01 9.099322306364184954e+01 7.465824623061932641e+01 7.832033950600238370e+01 6.506915272445857568e+01 7.168854162849737577e+01 6.013582711177708973e+01 4.040952912537657937e+01 5.852183248159777662e+01 5.288302687767689036e+01 7.266851857927558456e+01 5.979166286478638881e+01 5.979166286478639591e+01 7.972229417240315286e+01 8.425757712866308680e+01 6.757336970948357191e+01 7.403116842695341404e+01 5.419058918498288335e+01 7.403116847197946981e+01 8.627257403809828418e+01 9.778986191244352710e+01 9.337117429887473463e+01 7.348187962764285430e+01 7.930731916382922009e+01 6.624697088510671961e+01 4.591465878471748852e+01 4.184152543603502039e+01 5.738385669370107678e+01 4.826171596115525375e+01 5.120361601195429557e+01
1.131344580671983806e+02 1.209929253151149027e+02 1.127266626190920249e+02 1.001360552339256884e+02 1.127266626189432230e+02 1.209929251911069485e+02 1.135336101889321156e+02 1.052848292666606795e+02 1.028677206655528096e+02 9.461478597193440976e+01 9.326093769237826336e+01 8.500302725779495461e+01 7.539110806813593513e+01 5.541382288516173560e+01 4.152315322135709863e+01 6.117792748675311287e+01 7.260633405125790318e+01 8.076845046116979177e+01 7.972229417240315286e+01 7.972229417240315286e+01 8.811119994535697231e+01 9.576797760044840402e+01 8.750661329139283851e+01 7.301080173065446388e+01 5.895877640708915379e+01 7.037177599461465149e+01 8.446855425777121695e+01 1.044247804998418871e+02 9.078387915757824089e+01 7.089164739243992130e+01 5.926897658817377845e+01 5.248841400038938332e+01 6.624697085205696112e+01 4.881832040130306183e+01 3.661576224316467432e+01 3.355973251281072578e+01 3.089123446503496595e+01
9.585369210696316600e+01 1.041074720495534649e+02 1.140573634213813961e+02 1.201323253765455092e+02 1.283918674269229996e+02 1.183262822349960430e+02 1.052848292666606795e+02 8.530838501565442300e+01 9.115935007277917634e+01 9.676684481715125230e+01 9.160717210772436658e+01 9.311930909535621481e+01 7.652019163334020391e+01 5.652282778110053840e+01 4.263947372855888318e+01 6.232085619563249423e+01 7.200607147576181433e+01 7.283490851881920491e+01 7.815188872845988044e+01 8.416511577311106862e+01 9.122398601837306842e+01 9.947658132565661049e+01 1.012326383318068821e+02 8.591134890082182096e+01 6.595937113576839295e+01 7.042092921645493675e+01 8.194196007733197007e+01 1.019101282475334784e+02 9.900879207459662723e+01 8.130669481945126620e+01 6.198925940585112926e+01 7.260996356270786123e+01 6.908459630372799154e+01 6.569930928546729376e+01 4.881832040130366579e+01 5.421675198106300542e+01 4.709989523049666360e+01
7.598107615489570321e+01 8.591482125449107343e+01 9.995955776109997259e+01 1.198746832217569533e+02 1.241704055098216344e+02 1.042473466334978980e+02 9.011476281717966685e+01 8.010968222134609107e+01 7.117149279168491205e+01 7.678351825045450596e+01 7.163205218668076668e+01 7.416362147702713514e+01 6.509933678553969116e+01 6.883227800766121618e+01 6.232545390119445017e+01 4.422169918413439405e+01 6.365740349008908794e+01 5.301614874564108248e+01 5.825821521837464445e+01 6.422149788678549953e+01 7.125848594661027846e+01 8.279115273654707607e+01 1.027434505072263846e+02 9.417583640005676671e+01 7.486852837134838978e+01 9.038150099960590467e+01 9.864355602144036084e+01 1.101659491367133228e+02 9.487932897833273671e+01 7.568472567371424020e+01 7.568472567371424020e+01 8.941758063289616132e+01 8.903328538306143969e+01 7.734547990088330494e+01 6.908459686615356077e+01 5.596579789191471832e+01 4.533604523008940390e+01
7.940962845177571694e+01 9.928616789465505121e+01 1.068601480936972621e+02 1.151201597857186556e+02 1.222872494093867317e+02 1.107760245565696238e+02 1.025253431665401678e+02 9.545768342141796836e+01 8.263649909129833304e+01 6.267564741369210424e+01 5.756866715954693348e+01 5.430448775776169867e+01 5.115101613576668171e+01 4.908695945846346831e+01 4.706457707666123014e+01 6.390982065278630131e+01 4.612405615018478500e+01 6.583207542010799784e+01 7.815188872845988044e+01 8.416511577311106862e+01 9.122398601837306842e+01 9.947658132565661049e+01 1.109878242800716635e+02 1.031049893873771595e+02 8.899934629095892547e+01 1.031049893873771595e+02 1.054973064969067877e+02 1.032154544771152871e+02 1.031504684267652010e+02 9.487932897833273671e+01 9.487932897833273671e+01 8.310902747810874303e+01 7.483915628927545072e+01 7.149232835749020865e+01 5.819632244194551163e+01 4.768557958236590366e+01 2.768001566956109372e+01
