MOVIE_S10_data/elevation_000770.asc
nrows	100
cellsize	150.0
xllcorner	0
ncols	100
yllcorner	0
NODATA_value	-9999
[rows 17 to 33 of 100, columns 0 to 36 of 100]
5.222468517465790605e-02 2.005222468517430201e+01 2.832610394669060838e+01 3.279823990169057168e+01 3.814346473993754927e+01 4.391696743183370444e+01 5.058363409850025505e+01 5.886790534596186575e+01 6.886790534596050861e+01 7.891157504779999954e+01 6.782275799575837993e+01 5.947987972158770731e+01 4.815309485285516189e+01 6.864344117202136886e+01 7.993144115825595009e+01 5.990556355844707070e+01 4.591921379454198160e+01 5.639589108709112253e+01 5.126899576346311704e+01 4.677908983982714375e+01 2.842154266157329801e+01 4.882944632063913559e+01 5.932176143774693600e+01 6.943476138524795260e+01 6.944208411540816428e+01 7.760325471082717286e+01 8.089556223327888063e+01 6.992865635222202059e+01 8.649942836987587214e+01 8.397482529105643323e+01 6.415861983339580377e+01 5.789140507070687391e+01 7.114486483901822567e+01 7.936409785777016168e+01 8.343272962933826875e+01 6.362172630851404875e+01 6.362172630274431384e+01
7.333276091007127906e-02 4.155815665548719728e+00 8.326103946690251334e+00 1.279823990168986825e+01 1.814346473993826336e+01 2.391696743183441853e+01 3.058363409850096915e+01 4.058363409850061743e+01 6.058363409849990688e+01 7.062828605216910205e+01 5.015842549236833037e+01 3.865693963217962192e+01 5.947987972158770731e+01 7.053680697913621600e+01 8.222046653897444912e+01 7.402925232045294024e+01 5.641278210006169758e+01 3.653422980698186251e+01 3.128900864474133314e+01 2.644436041398366655e+01 4.658372088637490549e+01 4.999714371579086958e+01 5.491821133412955191e+01 6.099445190953684914e+01 6.764258297875663573e+01 7.576332267149125244e+01 8.559806530971508209e+01 8.979273826507196077e+01 9.793156999040286337e+01 7.923224742473273352e+01 5.942228673506162551e+01 4.803333876063138774e+01 5.136908439176123409e+01 6.472844771179269685e+01 7.294099813481403771e+01 6.362172630621526537e+01 4.386009250496814360e+01
6.343274376862209629e-02 2.006343274376826713e+01 2.832610394669060838e+01 3.279823990169057168e+01 2.912817152024468115e+01 4.391696743183370444e+01 5.058363409850025505e+01 5.886790534596186575e+01 6.886790534596050861e+01 7.217943175384525034e+01 5.391471489302450948e+01 3.302035220350447275e+01 4.151838961722928900e+01 5.360146228579661454e+01 7.395495071565680689e+01 7.633877918839668553e+01 5.641278210006124283e+01 5.639589108708995724e+01 4.597919518406501282e+01 2.513224749557297955e+01 4.163178290707350726e+01 2.970950226282255002e+01 3.462828504880937430e+01 4.084207336686812795e+01 4.769847237778114390e+01 5.778931011532381490e+01 7.749655237118821560e+01 9.009570191190833555e+01 8.179584080759920539e+01 8.745703160701157231e+01 7.601189493944748676e+01 5.972731267435944602e+01 3.996195085951899273e+01 4.495882035720551784e+01 5.692168644445119696e+01 4.886219099263432497e+01 4.977936074873893801e+01
3.497053469895897854e-02 8.979242444698193992e+00 2.052624782849091289e+01 4.052624782849161988e+01 4.912817152024538814e+01 5.741244276770758148e+01 6.757993635053369985e+01 7.537506070333962782e+01 7.217943175384525034e+01 5.175969312592240357e+01 4.912121934285058700e+01 2.830887837092636872e+01 4.912121934285058700e+01 6.095125464801936488e+01 7.119078662071044050e+01 6.954881837993325178e+01 6.132712293758437028e+01 6.003801576408054785e+01 4.971804416037085161e+01 4.150366874860868194e+01 2.330265601277654142e+01 4.351888110285414513e+01 5.491821133412955191e+01 5.126551452292478928e+01 6.764258297875663573e+01 7.576332267149126665e+01 8.559998516688695247e+01 7.819177128798772003e+01 6.093714594981224764e+01 7.819177128798772003e+01 7.952433354905605256e+01 5.972731267435944602e+01 5.331458250882518257e+01 3.339169272413267464e+01 4.731795746607401298e+01 2.869554137559763163e+01 2.968543373656380879e+01
9.635555453094322986e-02 2.009635555453058942e+01 3.726351369218886589e+01 4.881051907605668561e+01 6.483367395109523557e+01 5.942908883757553440e+01 4.935672032455374136e+01 6.475311772299373558e+01 6.004456276060459885e+01 5.163041616969390901e+01 3.472488748247991452e+01 2.449211498605380299e+01 3.182537516131726463e+01 4.222901667311668206e+01 6.286168383514634428e+01 6.132712346932613912e+01 4.107553359747076627e+01 3.984229008650657988e+01 3.984243372704277419e+01 2.157989122963539330e+01 3.804237328711387534e+01 5.096886773895218425e+01 6.446380526709086212e+01 7.117084832908183500e+01 7.929404936830334805e+01 7.965411389077991089e+01 8.829846399721201067e+01 6.975306771651163729e+01 4.843628818055115204e+01 6.975306771651163729e+01 7.259439564340873119e+01 6.733839880279428769e+01 5.452011194269004335e+01 4.629726274750933612e+01 2.730788575787379813e+01 4.756454194118116874e+01 4.967712609236311749e+01
8.845047570523793812e-02 2.008845047569909426e+01 3.672684037812111058e+01 4.793943324067451783e+01 4.645230394285579223e+01 4.107714373463434754e+01 3.868784103633625193e+01 5.705875767243303187e+01 5.163045562889835338e+01 3.105214499246700655e+01 3.707805303101368821e+01 2.111057089465215952e+01 4.147010915912984785e+01 6.095125464801936488e+01 7.119078661074307490e+01 6.132720853444552489e+01 4.107553372390425750e+01 2.674190308278523887e+01 1.987562711862544518e+01 3.799370951625706994e+01 2.845077212377116282e+01 3.629998914237168606e+01 5.011722700057854496e+01 7.037333288772691731e+01 7.509518211300473922e+01 5.595716045077109158e+01 7.509518211300473922e+01 6.221644803504351273e+01 4.084945453019893336e+01 6.221644803504351273e+01 5.276799571729485905e+01 5.196951976403650519e+01 3.921012140715750149e+01 2.597552515691911168e+01 4.629726274051361656e+01 5.577967990677427679e+01 6.265156415422097780e+01
8.023991185656004221e-02 7.700919947531021492e+00 1.813687804074072574e+01 3.940309761687908008e+01 4.645230385310873800e+01 2.750989283123339035e+01 4.645230400732199882e+01 5.065858748904131659e+01 4.138534031952177372e+01 3.312423685607308244e+01 1.710761274304639201e+01 3.707916034477204192e+01 4.147006567722801407e+01 6.204703713814837585e+01 6.574741404939281608e+01 5.779701769858186822e+01 5.531241879230132241e+01 4.451305196748134563e+01 3.627234120769766434e+01 1.820060497207331096e+01 3.816563584277555066e+01 5.590063521397433277e+01 6.446380526709086212e+01 6.706766650842408239e+01 6.560553850646275009e+01 4.102957989463845223e+01 5.675209288838741628e+01 5.577405709300693815e+01 3.448938359423992495e+01 5.577405709381347521e+01 5.276799571728440696e+01 3.430623872551289111e+01 2.468226133802924593e+01 4.504297786678762350e+01 3.528387594536859950e+01 5.520727983586414211e+01 7.400144316980285453e+01
4.598823041778624804e-02 2.004598806069832406e+01 3.670036904390251919e+01 4.788046405130543093e+01 4.119862409682284721e+01 2.161656904270419943e+01 4.119861844538547047e+01 3.778231723947089904e+01 2.320623870376712361e+01 1.348893304117775216e+01 3.312423685607308244e+01 4.554565343232241759e+01 5.016957494297806619e+01 5.849981431027414658e+01 5.779701769859340033e+01 3.999957292549701293e+01 4.521232381173525994e+01 3.593384624432952279e+01 1.653148519972400976e+01 1.955312422958325769e+01 3.373724685623382413e+01 5.466791798279403025e+01 6.117702552174880282e+01 4.684351053408695265e+01 5.408917339477337549e+01 3.238877781439504133e+01 3.918480404794773619e+01 4.988831144789858030e+01 2.887980200504497930e+01 5.008548882110030576e+01 5.597325923732062591e+01 4.416177360481699310e+01 2.379106970667114851e+01 4.416177400381599227e+01 5.520727983583463327e+01 4.599623577612905478e+01 6.578461166896357781e+01
7.340434288523949025e-02 1.322973113969924697e+01 2.850134821421100995e+01 4.067987937251815111e+01 3.630284991727167920e+01 1.590648420127721785e+01 3.629769470052662683e+01 2.939714822211194445e+01 9.960363470451824242e+00 2.896548561629586871e+01 3.971981969559050896e+01 4.694348583909704331e+01 3.023158199575727423e+01 4.695935667848788597e+01 6.025520462852755088e+01 4.521232381174311854e+01 2.806883169003214107e+01 2.168320937712539020e+01 1.534238463578641820e+01 3.462342744268747197e+01 5.228015772934257654e+01 6.311070119241051657e+01 5.273298062208776571e+01 3.257959626466300307e+01 4.033359375508107547e+01 2.666056444648813084e+01 4.462180118503826520e+01 4.249984880560696610e+01 2.382342815047786999e+01 4.154402724091583110e+01 3.571964258004965131e+01 4.204895429170066734e+01 2.291236548580598864e+01 3.079766263388406955e+01 5.106339011604677580e+01 6.578461166896357781e+01 6.214875785802060193e+01
3.515918393995972474e-02 2.003026808466303876e+01 1.403583319627368731e+01 2.657661502707443901e+01 2.709327838775329411e+01 1.051150568222234050e+01 2.832035245332422235e+01 2.435039128516240936e+01 7.495177887931504301e+00 2.028162158203132748e+01 3.672435032750746586e+01 3.815707718863402675e+01 1.819962120195291533e+01 3.815787662539283076e+01 4.022051894735584909e+01 5.272220164894374506e+01 3.984354654056806311e+01 3.207163921074229762e+01 1.417651544129795305e+01 2.362036414518949812e+01 4.222754348235545052e+01 6.427747202938945748e+01 5.263007229672160747e+01 3.378836417595589126e+01 2.008845996456447835e+01 2.757483409560316190e+01 3.719511410172628274e+01 3.830957636236502850e+01 1.915412126154480887e+01 1.999631939928860902e+01 2.084081595402707876e+01 2.169079585738758098e+01 3.616139616970885129e+01 5.098305932950878372e+01 4.519364857945064529e+01 6.523419974132188770e+01 8.196230590701362928e+01
4.608085242692564615e-02 5.522882023409126928e-01 1.338519418967452301e+00 1.714119510904028232e+01 1.141813064477707229e+01 2.225895453115787248e+01 3.513311312634482153e+00 4.026798091085130871e+00 1.255458605217309120e+01 2.374064217296256984e+01 2.576731438775700056e+01 2.633673259248422127e+01 9.920591140005347697e+00 1.974999487769236950e+01 4.020418428684889989e+01 3.830495967307602712e+01 3.056381934458820737e+01 1.254073467190876912e+01 3.213733931481721839e+01 4.209952078711515355e+01 5.331259724289240864e+01 4.759207197099303244e+01 4.317159283411933046e+01 3.496586334592645073e+01 1.595906978804604215e+01 1.663358357071823335e+01 1.730817287058600584e+01 1.798228820422651708e+01 1.913818812410588421e+01 2.029715944370829916e+01 4.051020530655434015e+01 3.513415822910343422e+01 4.900230355398676352e+01 6.373581070096924606e+01 6.523419974132188770e+01 7.348533744346184449e+01 7.928976064868362528e+01
1.610643649003322755e-02 1.825902786550626899e+01 1.137163198417136867e+00 1.691596652504549825e+00 2.264166232413351576e+00 2.791003196672337872e+00 9.778849826628052355e+00 2.259087034557112617e+01 4.770001338370889243e+00 5.296921959756239140e+00 5.824317669963581245e+00 6.353266276826611936e+00 6.882591875327738862e+00 2.686917528743068218e+01 2.815819311347233622e+01 2.786906985603015485e+01 1.091766408874036820e+01 3.055181385558226381e+01 3.762887719686168708e+01 4.501570596369965216e+01 3.712428595306194268e+01 3.922246572242049467e+01 2.679942886854767181e+01 1.501684655919274114e+01 1.757956489647828846e+01 3.706954751698582129e+01 3.762919167133754428e+01 2.843012148323105137e+01 3.782202414577587746e+01 4.033039090647542935e+01 2.195840310098529713e+01 4.217634266613730176e+01 5.197142547947807856e+01 6.598051042536609145e+01 6.090947260737746660e+01 5.464947836201120168e+01 6.199022497005644539e+01
2.022278438842990689e-02 2.001541021572509393e+01 3.028264394826718586e+01 2.411654445469559960e+01 1.391023306710078522e+01 1.697390172676890430e+01 2.446172324663013242e+01 1.555284545451954159e+01 2.947134032481807253e+01 2.524125720458913236e+01 1.335295707610614890e+01 2.631821553158088278e+01 2.124074213614166240e+01 7.634678837851005540e+00 8.169380199789808117e+00 9.305949329569306983e+00 2.895780786884981950e+01 3.319269699957690989e+01 3.110037554198541088e+01 3.121036031796555577e+01 1.232696055230606191e+01 3.261218575107817941e+01 1.410691174401431525e+01 3.416731693055034924e+01 3.759203980746674034e+01 2.127924887956833899e+01 4.127319766820578195e+01 4.781512890229099355e+01 5.416907235442190682e+01 5.025692162327437273e+01 3.639302726704481472e+01 2.366139050216131068e+01 3.810080483342607494e+01 5.375043801031653601e+01 4.800940826835403641e+01 3.172545398921384319e+01 5.023968770820557239e+01
6.642187732006160639e-02 1.420855750105113735e+01 3.420855750105184256e+01 4.457899051033594873e+01 3.549291325698453647e+01 3.745223281985957442e+01 4.232811109041580977e+01 2.654490944306321509e+01 4.160753208433929018e+01 2.574166247099202565e+01 3.319579939719515949e+01 3.477327801830825393e+01 1.467836057846358244e+01 2.762251532927132658e+01 2.513766132614907178e+01 9.024781374421113611e+00 9.629386007323162744e+00 1.023359231458301011e+01 1.084497861790694806e+01 1.145735345642386704e+01 2.643071663462153609e+01 1.320150848742172123e+01 3.324404432059658632e+01 4.241784289995951696e+01 4.353620269974739898e+01 2.396004640218248127e+01 4.391748059308314112e+01 5.609647101469146691e+01 6.756259405888349079e+01 6.433179249825916202e+01 5.092225114066661718e+01 3.103991279630861655e+01 2.543621707730881809e+01 4.560051075722449099e+01 2.948602181752326601e+01 4.479873356150083907e+01 3.396140445542183528e+01
1.591255364720534082e-02 1.415804817737828003e+01 3.415804817737898702e+01 3.761272677724583957e+01 3.896514051249647537e+01 4.750309085575158008e+01 5.548689275352524675e+01 4.748836421597503232e+01 5.317082988184736081e+01 3.941073931757156856e+01 4.992302422225856873e+01 4.031613548416364523e+01 2.001082906971110731e+01 4.031611450995920620e+01 4.042195887744624372e+01 3.250783696450565685e+01 2.457729231265795278e+01 1.417885334693896482e+01 3.046702591865087584e+01 3.162040251014703784e+01 3.487541698164690729e+01 1.576381056986119944e+01 2.726226575902885685e+01 4.694542917414747762e+01 4.386658053111693079e+01 4.391748059309373531e+01 2.798779551957973766e+01 3.947644336846432367e+01 5.929080168487885771e+01 6.326989139588656030e+01 4.374655792844766466e+01 5.074104475259922964e+01 3.634809735284601118e+01 2.726330171896501042e+01 4.733433653437668198e+01 5.472111107786901130e+01 5.317559282598921300e+01
6.189296070378335485e-02 2.006189296070342820e+01 2.467652786476258342e+01 1.131890695990267304e+01 1.959874830107583676e+01 3.347446714871312423e+01 5.266132262517735541e+01 4.871569718808375882e+01 5.696306495549777082e+01 5.893231185875163902e+01 6.113860979559079567e+01 3.805015256519003941e+01 2.706555079990886625e+01 4.724870769470329890e+01 4.854008227877218928e+01 2.992893099780649990e+01 1.990047169001282157e+01 3.232481128301605366e+01 3.213150600112999200e+01 3.935062812921936626e+01 1.962314303470327204e+01 3.558046985787314043e+01 4.378248272435926935e+01 5.516159423082397950e+01 6.358292238303704380e+01 5.076942478324521346e+01 3.097554601013070297e+01 4.495679050363811058e+01 6.480236529418755254e+01 7.136684005193772862e+01 5.757557992403902603e+01 5.444397532595601064e+01 5.399529815656801190e+01 4.733433657864726740e+01 3.065060234219023627e+01 5.049120363895181640e+01 5.759235788886507379e+01
2.247884206357958492e-02 2.347431615516817338e+00 4.688254532729128954e+00 7.179382402261349050e+00 2.708302565833305309e+01 3.336670842008467730e+01 3.612378028008259179e+01 2.880612841972854454e+01 4.288624691347845186e+01 6.278923510221557081e+01 7.079136772456350002e+01 5.574012692425342408e+01 3.708071973174786251e+01 5.574012692425342408e+01 5.672576231608567809e+01 4.219385714031530199e+01 2.411549746460456944e+01 4.219285872813374283e+01 5.009272962446338084e+01 4.211094234893629817e+01 2.241284411078603966e+01 3.128244931444265475e+01 4.255048373783654370e+01 6.224590160010831852e+01 6.527601086951928266e+01 4.542740843571991149e+01 3.406966198061815021e+01 5.381641491132740640e+01 7.270606198704001599e+01 8.269565657565084393e+01 7.701717537959753201e+01 7.365498236072480154e+01 6.740096945772953063e+01 5.395950778951726079e+01 3.433981671741880604e+01 3.502701663558877954e+01 3.811565417921519128e+01
