MOVIE_S2_data/elevation_000557.asc
nrows	100
cellsize	150.0
xllcorner	0
ncols	100
yllcorner	0
NODATA_value	-9999
[rows 0 to 16 of 100, columns 37 to 73 of 100]
9.709114015284504262e+01 9.660541683579337757e+01 9.660541683579337757e+01 1.047828097204160684e+02 1.019516924203338846e+02 1.101361069778188124e+02 1.144337703887599957e+02 1.032788033024183392e+02 9.467692550911580440e+01 8.666716812894695465e+01 9.467692550911580440e+01 9.119065373877342040e+01 9.922053372466938015e+01 1.027999972689093937e+02 9.711625749886181325e+01 8.886088268871320395e+01 8.886088269509922100e+01 9.711625922103053199e+01 1.086385328946721103e+02 1.155079878787294803e+02 1.073251463395560847e+02 1.047550688242031782e+02 1.129412385910421364e+02 1.131829571783827078e+02 1.050147666142749472e+02 1.080277102257180957e+02 9.985968507697165819e+01 1.080277102257180957e+02 1.114000158814399839e+02 1.195527991696134364e+02 1.317965023745382496e+02 1.204512072717779461e+02 1.121103156139212587e+02 1.204512072717779461e+02 1.223053102576127884e+02 1.139651982815887976e+02 1.223053102576127884e+02
7.713544033823433210e+01 7.664570937812641205e+01 7.664570937812641205e+01 9.660541683579337757e+01 8.209391692875222191e+01 9.868793082942457318e+01 1.063332213127119985e+02 8.710979292968211496e+01 7.607727732115925789e+01 6.756002828828299300e+01 7.765997602867157923e+01 7.205538581304789147e+01 9.119065373877342040e+01 8.284562166319120990e+01 8.284562166319120990e+01 6.891051979350915246e+01 6.891051979350915246e+01 8.041484892450559130e+01 1.003983794015972109e+02 1.073251463333661491e+02 8.744415813096600232e+01 8.485743531679997886e+01 1.014760739146092448e+02 1.050147666142749472e+02 8.517384704365841230e+01 9.098511784091512311e+01 7.997918135119887495e+01 9.524015339631210963e+01 9.160830718038631915e+01 1.104279426207707360e+02 1.121598079072748391e+02 1.103845442489976563e+02 9.197838452246708130e+01 1.103845442489976563e+02 1.122369034868577842e+02 9.382755544423108063e+01 1.122369034868577842e+02
6.295347817529079038e+01 6.246401601664903325e+01 8.249177234197735231e+01 9.047435213225747930e+01 7.052574655203356713e+01 9.047435213225747930e+01 9.741599307164939603e+01 8.938425024420631360e+01 9.119065373877342040e+01 7.205538581304789147e+01 5.862895831846157790e+01 7.205538581304789147e+01 9.119065373877340619e+01 8.284562166319120990e+01 6.291912400970920771e+01 5.743787032009588955e+01 7.734253530152388123e+01 8.762969465963604421e+01 9.914325417046492817e+01 1.061862565965091108e+02 9.326716476246741649e+01 7.338925175649819721e+01 9.326708479676626951e+01 1.031202549373449955e+02 9.098486434301383952e+01 7.101297817948594115e+01 6.993582019939847783e+01 7.533184142354394908e+01 8.239232892675082098e+01 9.237391594056275324e+01 1.121598079072748249e+02 1.020443500681940634e+02 8.201888284490981107e+01 9.203161645655188750e+01 9.387228643882170331e+01 8.384819601473331829e+01 1.038963768629099746e+02
7.541089118718171846e+01 5.539751493064340337e+01 6.975025356100732665e+01 7.350479070767150347e+01 6.295221355459599977e+01 8.291564034906495806e+01 8.938425024420631360e+01 7.025636589706741120e+01 7.585879351259235648e+01 7.329396113438001237e+01 5.428854005302223840e+01 7.329396113437985605e+01 8.823107820500628407e+01 9.110272528004874459e+01 7.134105288594237493e+01 5.144052992970425464e+01 5.945433093649043599e+01 7.094090841546143622e+01 9.089294693050837282e+01 9.798714183965040547e+01 7.813460200668733080e+01 6.745714570324393833e+01 8.727374385473790142e+01 9.494385222103733213e+01 7.501120730301551021e+01 6.325624530308255800e+01 8.343589300894993244e+01 9.524015339631210963e+01 1.022668619239187109e+02 1.104279426207707360e+02 1.105333995038672299e+02 9.048713925343967901e+01 9.048713925343967901e+01 7.221292318198946703e+01 7.401209039820844282e+01 8.799253627039907144e+01 1.080672590387928977e+02
8.365169866611574889e+01 6.975025356100732665e+01 4.976092030378649866e+01 5.353000598420133826e+01 6.767077206664855282e+01 8.758935763396640084e+01 8.938425024420631360e+01 7.025636589706741120e+01 5.681854338669170090e+01 6.633866844964200027e+01 5.022355708776746752e+01 6.118838527221344492e+01 8.024342277936922585e+01 8.269695061696849336e+01 6.677555989330764419e+01 4.687631385567454601e+01 6.677555989330764419e+01 8.010314246470844068e+01 9.161055073156786932e+01 9.581716973549765726e+01 7.596223528187371699e+01 6.202171896799927708e+01 8.177761094332579717e+01 8.380064971612455338e+01 7.574573288712915087e+01 5.959454253213016983e+01 7.135403523714238361e+01 8.554287646323116689e+01 1.052303522140676648e+02 1.052885671904972185e+02 9.528687267512948722e+01 8.707112249222377898e+01 7.071767475382512202e+01 6.610812931992087726e+01 7.477739342232736419e+01 8.617172523712606846e+01 1.062387944528755810e+02
7.015160214788905080e+01 6.189388847594534582e+01 4.599097978369795214e+01 6.597262465582161894e+01 8.170139492701882489e+01 8.528175715742743535e+01 7.729876893131802262e+01 7.569671669888896304e+01 6.633866844964200027e+01 4.728290456826670152e+01 4.642941172747734413e+01 5.746381794727384573e+01 7.650640516486082277e+01 7.444129982834280668e+01 5.453076677051480914e+01 4.305866790859798243e+01 5.194309705056140558e+01 6.342327221587732566e+01 8.335507141131948572e+01 9.133728913748623768e+01 7.735969688558785151e+01 5.763595892481965421e+01 7.736000728192485099e+01 7.574593365917552035e+01 5.873375290364518975e+01 5.636172485231521279e+01 8.228330192118926334e+01 9.306359127341582393e+01 1.030977402409493209e+02 9.699094623442991292e+01 7.718661293602619367e+01 6.745332945472922859e+01 6.106351433748371704e+01 8.060240700363237920e+01 9.406283696579352238e+01 1.029818781688388896e+02 1.145791681913507887e+02
5.800856973804589956e+01 4.189298612331585048e+01 6.189388847393059478e+01 6.011525410276369996e+01 8.011356808698084819e+01 7.729876893131802262e+01 5.822075008148257780e+01 5.657518195269710759e+01 5.657518273301808875e+01 4.142814389105082284e+01 5.444787771054966186e+01 7.190461777063848103e+01 8.448089492657321387e+01 7.474667244042790060e+01 5.963140149110912347e+01 3.976472965725708519e+01 5.121905708746598407e+01 6.528394482702611867e+01 8.521930846739199694e+01 8.313382655045705860e+01 6.336099081949154765e+01 5.350754447799911873e+01 6.806324987525222525e+01 6.826343500839550416e+01 5.239981132096125549e+01 6.175430543254277893e+01 6.537517836020950313e+01 7.486865231694238787e+01 9.471615410782150946e+01 1.051920041831959765e+02 9.528687267512829351e+01 7.729973134973654680e+01 5.782056576328469077e+01 7.729973134973654680e+01 9.009840749327823062e+01 1.000360954364245600e+02 1.028416278115624465e+02
3.795347997414710051e+01 5.800856973804589956e+01 7.015160214786014592e+01 8.011356808644880800e+01 8.833902865103532065e+01 7.729876893131803683e+01 5.822075008148257780e+01 4.467081950790128531e+01 3.727766312986175734e+01 5.657518273301808875e+01 6.843438131770012944e+01 7.756356957376925720e+01 6.937582339500069395e+01 6.067853823133950897e+01 4.661063789298855653e+01 3.668204271878550315e+01 4.658386677229729855e+01 6.063782390077930273e+01 8.057234015585629550e+01 9.134246897402820764e+01 8.144953817082229364e+01 6.806339054263851551e+01 4.818972162284445915e+01 4.840498542671323179e+01 6.247594092824230216e+01 7.842956164486882642e+01 8.476876135990968919e+01 9.308710575474233906e+01 1.031568780443512878e+02 1.011919711937134849e+02 8.153566914369083918e+01 7.442735691289888678e+01 5.499020593913692778e+01 6.225145026972381856e+01 7.192806930076622507e+01 9.172342039428340854e+01 9.450055839462008578e+01
3.543817977312884437e+01 4.966145917040719127e+01 6.966806332090132514e+01 8.836461909531936953e+01 8.255044652904491898e+01 6.847951027359670206e+01 6.037076033503064565e+01 5.403031701454953861e+01 3.466041593947137045e+01 4.842030499493563411e+01 6.757408415987042360e+01 5.957801968632315237e+01 4.585059464384916339e+01 4.528586518589533227e+01 3.260058749904406739e+01 5.243467079247535167e+01 6.477686363139073933e+01 7.473537034587860717e+01 7.509209210851325622e+01 8.334292401817083373e+01 7.855007883097277954e+01 5.875121186023752529e+01 4.444050337275636764e+01 6.455018610508356858e+01 7.643097274381729278e+01 9.023199291883412343e+01 9.907203423392940067e+01 9.052777339899829201e+01 9.907203423392940067e+01 9.014709847890343042e+01 8.157308283247972724e+01 6.201798866259941434e+01 5.240275551687741284e+01 7.180620216567633918e+01 9.009840749327823062e+01 1.000360954364245600e+02 1.028416278215880055e+02
3.309099732376652270e+01 5.315422226514113646e+01 6.745919321570413274e+01 6.741860070219667023e+01 7.205676009684253813e+01 5.472444950336295477e+01 4.102506588868855886e+01 4.811664903184764341e+01 3.212855098369306717e+01 5.156014915298827361e+01 5.118508515226691458e+01 4.438034943581169500e+01 3.251505437723724867e+01 2.873208600660504075e+01 4.857747873722188103e+01 6.059432989227719446e+01 6.925844210488395447e+01 6.103625390041593590e+01 5.521253503766422455e+01 7.509407889903934574e+01 7.649703613605996111e+01 5.665258671466106932e+01 4.217487846229390414e+01 5.665258671465519313e+01 7.649703608201129157e+01 9.039933130310967613e+01 8.848527533554306501e+01 6.909857215534930219e+01 8.848527533636479347e+01 8.188982596728733654e+01 6.230471785357052283e+01 6.589865215533761500e+01 4.995716875760837894e+01 6.357827661464088465e+01 8.318804704717864240e+01 9.081903194145843372e+01 1.108154565297268590e+02
4.750516795931974912e+01 5.563066116918606951e+01 4.526446904266799720e+01 6.305237278858235328e+01 5.377061686187694534e+01 4.479147629144843279e+01 4.485344874327648057e+01 2.859509374518940561e+01 4.808478845372987820e+01 5.070166978583062445e+01 3.709253933674241921e+01 2.443083110416647941e+01 2.494226286650065205e+01 4.483887889813769334e+01 5.366411645515903217e+01 5.979098796667923921e+01 5.174173974548074995e+01 4.133387689057495606e+01 5.522215642780233225e+01 7.527770176338552233e+01 7.449239054788324665e+01 5.458434160363430721e+01 3.998570149762763037e+01 5.458434160363430721e+01 7.449239054792532500e+01 6.911360404061306895e+01 6.911360404061353790e+01 5.840646508275958837e+01 7.981904047909128508e+01 7.105610034084600102e+01 6.290190731248014799e+01 4.659347394826598787e+01 5.168980341978411985e+01 7.107989659621945577e+01 7.105678773798625514e+01 8.496967453201817477e+01 1.049406299305041728e+02
3.148174320065523446e+01 4.770109560679551208e+01 3.445331634899216056e+01 4.303909413890433910e+01 3.196181970929711014e+01 4.353132431807382829e+01 2.523736860659998626e+01 4.189432006786606877e+01 4.245583542443583980e+01 4.295866547748681796e+01 2.370502351972418964e+01 4.365559647019159684e+01 4.488353082492686497e+01 2.567691129002153261e+01 4.551517562906060022e+01 4.777172846630163150e+01 3.271510444969670317e+01 5.154994644399657489e+01 5.655225117736495832e+01 7.612269868306131571e+01 7.261197402864191019e+01 5.255300740819626526e+01 3.794630129625870296e+01 5.840227332289141060e+01 6.833895117360535210e+01 6.083155458852397857e+01 4.799733806070647546e+01 6.911360356608534516e+01 6.812186329699365217e+01 5.998157060243106287e+01 4.353058505503468467e+01 6.290190731248014799e+01 7.107989659621945577e+01 5.987512432177540944e+01 7.940929493079406143e+01 9.910993719432181592e+01 9.435501726956084667e+01
2.468010686530703524e+01 3.961954532000210349e+01 4.225999906593285971e+01 2.241887881927380732e+01 2.007350196454434510e+01 3.708504220224376979e+01 3.110383114855120823e+01 2.194261891882651838e+01 2.245941036493207932e+01 2.297574081027369886e+01 4.295794169469522217e+01 5.191994870476690949e+01 5.292402576306835016e+01 3.801276878207274734e+01 2.641060389661754115e+01 2.692926676495009630e+01 2.745197594968653476e+01 3.828220404263264953e+01 5.536338297325085733e+01 6.238950020265907881e+01 6.985324655236600222e+01 5.639712093039105412e+01 3.606058215123216115e+01 5.545471515378571326e+01 4.731710361998703007e+01 4.002476042851389337e+01 6.082955895959837989e+01 6.450770744572113813e+01 5.706374131294082019e+01 4.008541286073257481e+01 5.998157060235035232e+01 7.105610011998763298e+01 8.765728630248142395e+01 7.940929493079406143e+01 8.765728688857213058e+01 9.171103390710864289e+01 7.503636920485260475e+01
4.157240413150117320e+01 2.155177490181043609e+01 1.957583718276464424e+01 1.941483681059722599e+01 3.893590925151173820e+01 2.074754094587463271e+01 2.123292867028009212e+01 4.130913564487581624e+01 4.245761061589830376e+01 3.416210509550197827e+01 3.361548381391136076e+01 5.320558952712877243e+01 6.321289339613890235e+01 5.341425958682392405e+01 4.634328033934006896e+01 3.114480110257913381e+01 4.730650608109991140e+01 2.819611929821821406e+01 4.819464698230447652e+01 4.305090093178790056e+01 6.176709408066545137e+01 5.573904217439174147e+01 4.027409973609215399e+01 3.219837621318897902e+01 3.288551081622227201e+01 5.293828462903346832e+01 5.702615048102422435e+01 5.305415082881425803e+01 3.658967624560000331e+01 5.706373681820301158e+01 6.804073432166359225e+01 7.977137514371476357e+01 7.222011947721460956e+01 7.242780375848261087e+01 8.071789965272081702e+01 8.128884659197440499e+01 6.398386422979304200e+01
3.776711890920489623e+01 3.820616971062961653e+01 1.876447257361112619e+01 3.883451828387502047e+01 4.642836133640859231e+01 3.590521011567889786e+01 2.085745706705070646e+01 4.228757733213949876e+01 5.268932369820785055e+01 5.148140139784855762e+01 5.334477978082959737e+01 4.757973575819929835e+01 6.739218869382466437e+01 5.582263730336666185e+01 3.693875499894865300e+01 4.985342146026996346e+01 5.556778056450892933e+01 4.515980461803530233e+01 2.894191136476393567e+01 4.701367606591499992e+01 4.989252667496662497e+01 5.049666665751551164e+01 5.064696286757187238e+01 3.208667857452058314e+01 4.939734202671381524e+01 3.376529238397229449e+01 4.497217233080189658e+01 3.540717779713631330e+01 3.601971082628012510e+01 5.568154703245733828e+01 6.182107568089409000e+01 6.766955331783060501e+01 5.090968877248909052e+01 5.302871063195377843e+01 7.064846501778391996e+01 6.231705231110735355e+01 6.250828780246762051e+01
1.766910284289777522e+01 1.812150549974239766e+01 3.821343936441274991e+01 2.502907940081574267e+01 4.500539415579094538e+01 4.953862122240445842e+01 4.228757733192932022e+01 2.432972151571074448e+01 4.430324532079373512e+01 4.636079247041585916e+01 6.677429395438339554e+01 6.739220944448511830e+01 7.561363553841457019e+01 6.039045494179426044e+01 4.100989863617737541e+01 6.039030729332053937e+01 6.639816444845980925e+01 4.626028828326720088e+01 4.767303892033923063e+01 2.969037416953442943e+01 3.022177900267859485e+01 3.075381418762356844e+01 3.128725889856331221e+01 5.128330825234228030e+01 5.781808887381870221e+01 3.512052414501221875e+01 3.458698226068440107e+01 5.460584466420070271e+01 5.221613201742204780e+01 3.689208160446451501e+01 5.622205164706861069e+01 5.794484200330551005e+01 3.928742418321279928e+01 5.230344306675713284e+01 6.012356472199838464e+01 6.013632009003691792e+01 4.304774739599645272e+01
3.647484174218831043e+01 1.881667829119772151e+01 4.129105745599489552e+01 4.501596980562912620e+01 3.172353163875880000e+01 5.166305240895769657e+01 5.275289021449667359e+01 4.430527835240486212e+01 2.626821431996211587e+01 4.039273082978530027e+01 6.077023020539421339e+01 7.816494228391304944e+01 8.038617943076644679e+01 5.946664635842918756e+01 4.544001380518400168e+01 6.559383573606056927e+01 7.508691159242385993e+01 5.899529715932875717e+01 3.867339050882515750e+01 5.028006431358581096e+01 4.729615948818868532e+01 4.239565224985592806e+01 3.288443032118046716e+01 4.998112575915294542e+01 5.330576390170719492e+01 6.377495918475488423e+01 5.559216650593020148e+01 6.813534376644017243e+01 6.012501606145461608e+01 4.163518372396148948e+01 3.776974287026851584e+01 3.839215322399281405e+01 5.627233460396759313e+01 4.019348297525534974e+01 4.083797942262490466e+01 4.148686367099373484e+01 5.683600254941802632e+01
