MOVIE_S2_data/elevation_000711.asc
nrows	100
cellsize	150.0
xllcorner	0
ncols	100
yllcorner	0
NODATA_value	-9999
[rows 68 to 84 of 100, columns 37 to 73 of 100]
5.437383228801702018e+01 4.549194819310002202e+01 6.545495082640692885e+01 7.912977640289088299e+01 8.739708387695326053e+01 9.736510112034365250e+01 1.160273419757314883e+02 1.102623677549249379e+02 1.102690221845733873e+02 1.184344660915801768e+02 1.081715197322088358e+02 9.985180314124758638e+01 9.765869359072259215e+01 8.770065621346699913e+01 1.044786569194717885e+02 1.001220342989526415e+02 1.143351140637976755e+02 1.238447056261472596e+02 1.154701090916591966e+02 1.073181109179472941e+02 8.726513008498062618e+01 9.729140771467066884e+01 9.194482953192263608e+01 9.729395408222021047e+01 9.383993578994495977e+01 1.038201070733273497e+02 1.240126224430138535e+02 1.350600310789214404e+02 1.268114804801086422e+02 1.242291380103823428e+02 1.324737613453571043e+02 1.148631248730960266e+02 9.505517088616126387e+01 9.653332458579018294e+01 1.105556415198791740e+02 9.955625182778854310e+01 7.958871859917795177e+01
4.020097905027550667e+01 6.021240950103164380e+01 7.371354911554544742e+01 7.881587544885067587e+01 8.705280466802371109e+01 9.700209922826860520e+01 1.086734665620312654e+02 1.003568386696920669e+02 1.086734665620312654e+02 1.012016874371003610e+02 9.289563351802584634e+01 7.990991791026819158e+01 7.773331324890143890e+01 7.625057878008654200e+01 9.184784203961790183e+01 8.598376453096129524e+01 1.034222047670597391e+02 1.105175543090212500e+02 1.188526853950900488e+02 1.156822117863659543e+02 1.014140395980086424e+02 1.036161978970506539e+02 1.120318956953465630e+02 1.174074549047617779e+02 1.139163647581706584e+02 1.222953403478908285e+02 1.323997809485280470e+02 1.300483017157938548e+02 1.215716462567878438e+02 1.189156883965662388e+02 1.273925941488343057e+02 1.230957856833667137e+02 1.090564436914313404e+02 1.163431045236998074e+02 1.094540887820541144e+02 8.965841487352305705e+01 9.955625182778854310e+01
5.542876266676410779e+01 6.847293003890345631e+01 6.886036814228241099e+01 5.890486083571390452e+01 6.886124462198294793e+01 8.877050627571851749e+01 9.867870002751881486e+01 8.040399779031088201e+01 9.867870002751881486e+01 9.289525937501124986e+01 7.303279731882945214e+01 7.885048059691835931e+01 6.382899203734487514e+01 6.781203040597090137e+01 7.197393457539548933e+01 7.742314372942897194e+01 8.339568770789287555e+01 9.044887520498149058e+01 1.020235220900928255e+02 1.221206181006410674e+02 1.215736835634290856e+02 1.237873334302387747e+02 1.321448451135257471e+02 1.257493762975922493e+02 1.172888030344316235e+02 1.124124851121000006e+02 1.208689025313725267e+02 1.215716462567878438e+02 1.012591003340329792e+02 9.863825446494033145e+01 1.132784927661200527e+02 1.217359701250344841e+02 1.288816933342474726e+02 1.234527920517149369e+02 1.036556360321239509e+02 1.036556360321239509e+02 1.162219314068839680e+02
5.217417732732041458e+01 6.035479354351021897e+01 4.891302757006512536e+01 6.886036814228241099e+01 8.705280466802209105e+01 9.700209922826812203e+01 9.038041823000149577e+01 7.053960293505974732e+01 9.038041823000149577e+01 9.288649376267628099e+01 7.303268424983345142e+01 5.913791029142880973e+01 7.885048059947706633e+01 8.761071073146057131e+01 8.339139528919315580e+01 9.738398268134078251e+01 1.034222047670597391e+02 1.105175543090212500e+02 1.188526853950900488e+02 1.304630906350195687e+02 1.309479878202109546e+02 1.224889971956820460e+02 1.214979267574499460e+02 1.130499392880187770e+02 9.708763890018158804e+01 9.228975521305579832e+01 1.092015144957548358e+02 1.131236152603409408e+02 1.072085072916447217e+02 8.719876744809465663e+01 9.313481606762285026e+01 1.073068251803406667e+02 1.276953736416925267e+02 1.317038727028074732e+02 1.234527920517149369e+02 1.234527920517149369e+02 1.276619223584606857e+02
4.986834251566344989e+01 4.034138705032261640e+01 6.035472275380516294e+01 7.047554561686023078e+01 7.872100715803560433e+01 8.867565566681223288e+01 8.376681313168758436e+01 6.398980300235610486e+01 7.533386767779686011e+01 8.013262509345128137e+01 7.188974676821850096e+01 5.613937601903181474e+01 7.007039350360726360e+01 8.990104564594450665e+01 1.033995631264486263e+02 1.117276784599346229e+02 1.207274601174324715e+02 1.124214558602620571e+02 1.207274601174324715e+02 1.299792156047539606e+02 1.192084151898102249e+02 1.021920250773863046e+02 1.130499392880187770e+02 9.293992512264959771e+01 9.883001190192869956e+01 8.096786630644166394e+01 1.007946215880566427e+02 9.301535772091095566e+01 1.005385921522373138e+02 8.072088947372166956e+01 1.005385921751745855e+02 1.091045558999263392e+02 1.175569003193513851e+02 1.293108792374847553e+02 1.334659409888909352e+02 1.251221710846656521e+02 1.251221710846656521e+02
3.269970977648379318e+01 3.780226583808118335e+01 4.386782726050249437e+01 5.054674956581192191e+01 6.052272740061153655e+01 8.042850996977890077e+01 8.935681081599862807e+01 6.952537444555443358e+01 5.555441447867487881e+01 6.811143254961228877e+01 5.207669194912747912e+01 6.607553277498057298e+01 7.584954703087946370e+01 9.560653903901473427e+01 9.497170701841069729e+01 1.036811916024154385e+02 1.107671455438234887e+02 9.255543620643194913e+01 1.017063758119525403e+02 1.158427957083531794e+02 1.107705348794496842e+02 9.070123531089151925e+01 9.918351937109541439e+01 9.883001190192869956e+01 7.905673919680202744e+01 7.453486678218060035e+01 9.418570316085170191e+01 7.913061513975510763e+01 9.047107480911553523e+01 7.604716470744278922e+01 8.215215866555791990e+01 8.904512907179589831e+01 1.005196284406271019e+02 1.208317848989754850e+02 1.251221710846656521e+02 1.052017029598015228e+02 1.052017029598015228e+02
2.954793097321501349e+01 4.964491450441421705e+01 6.383260423218439428e+01 7.047556559062961412e+01 7.872100715803564697e+01 8.867421659072837770e+01 8.058123972297298110e+01 7.233541190463077442e+01 6.483690455046028944e+01 4.819369448843260528e+01 6.811143254961228877e+01 8.007874742549206815e+01 9.358121492912546557e+01 9.112446181747390028e+01 7.292361079130110113e+01 9.112446181747390028e+01 1.024884460333469320e+02 8.293407763689629064e+01 8.785985738650366272e+01 1.075519837321890861e+02 1.134078764576976539e+02 9.329159774978684538e+01 7.939652765277359947e+01 9.033450766061680781e+01 8.826075305917852631e+01 6.873737887823359927e+01 8.346392425732085485e+01 6.797970731955524570e+01 7.091121378521323493e+01 9.047107480949573244e+01 1.020124775303952305e+02 1.091045558999263392e+02 1.175569003193513851e+02 1.274101351357561356e+02 1.190976196866850501e+02 1.110362729891638054e+02 9.152274576455700128e+01
4.875519683294514550e+01 3.858486263669455951e+01 4.756333837553033561e+01 5.909442667577672381e+01 7.901916700922876657e+01 8.376726315443777082e+01 6.396663247630168314e+01 5.249618267536376948e+01 4.482529412701233440e+01 6.483690455046028944e+01 7.634895360403940856e+01 8.610996039119844170e+01 7.706643217043384197e+01 7.239778934331175719e+01 6.038558886282875449e+01 8.224223272657019379e+01 9.509758948735417050e+01 7.596803016579238488e+01 8.786729567948133024e+01 9.601606673446514151e+01 1.057373456511367351e+02 1.017952712602289438e+02 8.194464641216465850e+01 7.075475292737895927e+01 8.341201896860168574e+01 6.442932799098696250e+01 6.400336331321059902e+01 7.768216056418866344e+01 9.047107479876882508e+01 7.912933410813084834e+01 9.890229267134635904e+01 1.173665697318315466e+02 1.275268499316155584e+02 1.190976196866850501e+02 9.936132493925092035e+01 1.051419518352779221e+02 1.012795093768603749e+02
6.186247212251133476e+01 5.275143335244888476e+01 5.859268442406785482e+01 7.578149814876682910e+01 8.729387452540058234e+01 9.204192226575011659e+01 8.058123972297298110e+01 6.265341715877227102e+01 4.259093715625851928e+01 5.966262612923664932e+01 6.658333940103852910e+01 7.307768834133609914e+01 5.926086944844180948e+01 4.930577287196067005e+01 6.631842911893883752e+01 7.567206345036490234e+01 7.880103000883472930e+01 8.211188793908544881e+01 6.921764240868611751e+01 7.824139158080542700e+01 9.749319910630262598e+01 1.101936533812595513e+02 9.866104457882487111e+01 8.341201899482018689e+01 6.393693327883320165e+01 6.020210974880327370e+01 7.964739425737604961e+01 9.173835470851363993e+01 1.057945417554186776e+02 9.890229266973393862e+01 8.888272400938922146e+01 9.878924030218699670e+01 1.190544823667640202e+02 1.190976196714294844e+02 9.936132493924684184e+01 8.579644249538165468e+01 9.546919718234491370e+01
6.808163010382619973e+01 7.269471198239662613e+01 7.853720388097445948e+01 7.472343409696588878e+01 8.299795497479496476e+01 9.074175395194281180e+01 7.087731154653164367e+01 5.683700756770868168e+01 5.966262588043055359e+01 3.954706319945245241e+01 5.457042488548939474e+01 6.158272979637541766e+01 4.532871251188431927e+01 6.099598672099291008e+01 5.373613977071448744e+01 5.698537916376452017e+01 6.028982378384859686e+01 6.367782706052140185e+01 7.409858250242227484e+01 9.305820903069331962e+01 1.057373456511367351e+02 1.148941341942712882e+02 1.032708508444193143e+02 8.341201900445355477e+01 7.740204510255844639e+01 5.794979867899284187e+01 7.740204510255844639e+01 9.178674472362874326e+01 9.985267091363060388e+01 1.110348539901791014e+02 1.089218613321541369e+02 1.173665646297979492e+02 1.275268488837451599e+02 1.206447307894377445e+02 1.008729225906939462e+02 8.727406832361583611e+01 7.632918499710650906e+01
5.981166446294437833e+01 7.359351029453004855e+01 6.532418743273629502e+01 5.478462093400034405e+01 7.147990958435461550e+01 8.145474317124593711e+01 8.495459551878347781e+01 7.198250134956641944e+01 5.758547098516858398e+01 3.745048489127308500e+01 3.897237118388353139e+01 4.156103777993579484e+01 6.173987449579193765e+01 7.132369056916436989e+01 6.473484320073573883e+01 7.567206345036490234e+01 7.326176339366571710e+01 7.409858250940887103e+01 8.211185653177476240e+01 1.012523431877438327e+02 1.087056078846178622e+02 9.371341919197550396e+01 1.023020935039478303e+02 8.930792076619131592e+01 6.970564801219516937e+01 5.598212108540871412e+01 7.544702077774881843e+01 7.254978067193647462e+01 8.364421141576156060e+01 1.029096520765844076e+02 1.019272692348053369e+02 1.102344855213551824e+02 1.205710026008302123e+02 1.200237139284102454e+02 1.004054998797829654e+02 1.000700751476214521e+02 8.796186675486957540e+01
5.981166446294437833e+01 6.205332638939164980e+01 4.532594818906189005e+01 4.320015999946555496e+01 5.324165328925317908e+01 7.318185661075902715e+01 7.779520051688260196e+01 5.791091750441775332e+01 4.368478732672168974e+01 3.537968790852438872e+01 5.554946936148894565e+01 6.037366687457321035e+01 6.703729760136477012e+01 7.529433002839247990e+01 8.343894234220719852e+01 9.146810077224701274e+01 9.217358839176854701e+01 9.305821339996435881e+01 1.012522640971700412e+02 1.096140856439560594e+02 9.991710698576929417e+01 7.936101484604546386e+01 8.173430430290474646e+01 8.173430430855289330e+01 7.352908722152190535e+01 5.404543917880169346e+01 6.141125342996173941e+01 7.574193733407017248e+01 8.060324999511273347e+01 8.580757421390745776e+01 8.218475542956419133e+01 9.233081554093494958e+01 1.105297418467369539e+02 1.141727709180548089e+02 9.470290950615429892e+01 8.130506025489121669e+01 7.283708550780907842e+01
5.535532932940837725e+01 4.706417626155532474e+01 3.363613154050134568e+01 4.532594818906189005e+01 6.532418743273629502e+01 8.145474317124593711e+01 8.362484660670206438e+01 6.373488915902930785e+01 5.399333934550848113e+01 3.381303291074534911e+01 5.180449241074526157e+01 4.027763490203252417e+01 4.704705274094514778e+01 5.710148848544224620e+01 7.115244770988276457e+01 9.103711678420769715e+01 9.672574537911987136e+01 9.885292881891989225e+01 9.064366698522002253e+01 9.885292881891989225e+01 1.087056078816050189e+02 8.804904165541250904e+01 6.808008881360647990e+01 6.196586667537606985e+01 5.694087206315029448e+01 5.217857007203958375e+01 6.840909685696587417e+01 5.627652437957344489e+01 6.115215850462549696e+01 6.632885617029539560e+01 7.276109158036152280e+01 8.245034900345302731e+01 1.022112821108156169e+02 1.079388023947714430e+02 9.974839355221457993e+01 9.519788667789993042e+01 7.701157875574364198e+01
4.116832394205803780e+01 2.707050063116584582e+01 4.706417626155532474e+01 6.205332638939164980e+01 7.359351029453004855e+01 8.910478009393354171e+01 7.522382398776635171e+01 6.556837653667849963e+01 5.727495867462409507e+01 4.973463801240528426e+01 3.160422500482058084e+01 5.180450997272036062e+01 6.703737108422427582e+01 7.529433002880151093e+01 8.525366816670971559e+01 9.107900458406849964e+01 7.725227355179650601e+01 8.900487923958483805e+01 7.099843826288332593e+01 8.900487923958483805e+01 9.885292792895889136e+01 9.672572794446858779e+01 8.804904165541304906e+01 8.173430430854213569e+01 7.662947160283465564e+01 6.927014858129069808e+01 4.971254545866098340e+01 6.702099613811230938e+01 7.522872655487948634e+01 8.403816195828474633e+01 9.233081553842475842e+01 1.006021733507026141e+02 1.105297411487991326e+02 9.974839355221457993e+01 8.044628702281127630e+01 8.609974313408837077e+01 8.086208568423109000e+01
2.204238868471684398e+01 4.116823138396004822e+01 5.534894770716321233e+01 6.517056357434945824e+01 6.230165295451821095e+01 7.101907458659395900e+01 6.134286755482197862e+01 4.732393663097577274e+01 3.721079135927082859e+01 2.950986996411814900e+01 4.592838272655653498e+01 4.241845005227484933e+01 5.243315386026482372e+01 6.648299241375724478e+01 8.641056010152315991e+01 8.127845889219264564e+01 6.335886917853191846e+01 7.239298268182230345e+01 6.105547650462906972e+01 7.099843826288332593e+01 9.064366697858216071e+01 9.646877301611920075e+01 8.814066783011867301e+01 8.479235295682269680e+01 7.654508517152189029e+01 7.294746918413773074e+01 6.481358023768022747e+01 4.740338815748079071e+01 5.623117745156932301e+01 7.000630117992253076e+01 8.989251624397802232e+01 9.921174686018272837e+01 1.073310296829382366e+02 9.974839319282432371e+01 8.044628702277334753e+01 6.691558678717626663e+01 7.650766497690031542e+01
1.895650474539069563e+01 3.884065071276884851e+01 4.780418742787632880e+01 4.512448651462687366e+01 3.885094839846815518e+01 5.897545590198622989e+01 6.684082736155676230e+01 5.451442181596235770e+01 4.566554113640945900e+01 2.806317944409054022e+01 4.830650140020657801e+01 6.235769510141295768e+01 7.064054352388086500e+01 8.059849558951678716e+01 8.220993180981471937e+01 7.210099182129509643e+01 5.331753420057545156e+01 5.244852489831176001e+01 6.661662702503713263e+01 8.633833864121612578e+01 9.885292792856171218e+01 8.500775533924895910e+01 6.839512777529614596e+01 7.654813862640151001e+01 5.695089467508969250e+01 6.267495779835334702e+01 4.513492793052162710e+01 5.361149448694112607e+01 7.253008459405356234e+01 8.420675401055505915e+01 9.619048908753833871e+01 7.995997846713463275e+01 9.619048407515401777e+01 9.024497880764833724e+01 8.136902286759236347e+01 7.418067392900778145e+01 5.717251159273456551e+01
3.880959372749963165e+01 1.958667033304754312e+01 3.951557154090549773e+01 3.424227347601161142e+01 2.472226244822606489e+01 4.909079931080206904e+01 4.959646781340517663e+01 3.845789952152940572e+01 2.605755054387312342e+01 3.286420877316161437e+01 4.101242093232054486e+01 5.503679922459970442e+01 7.506571836440954826e+01 8.059967977061211286e+01 7.421550296409887437e+01 5.622510978944117710e+01 4.500671058998167950e+01 6.511029640316253619e+01 7.362352700167920716e+01 8.118267152722627600e+01 9.505299189517930358e+01 7.470508115585259645e+01 5.678401332256260048e+01 6.545646962597625418e+01 6.060202165655976358e+01 4.292885900982427927e+01 6.268164408962017120e+01 6.023344850405693762e+01 6.804143915961383016e+01 8.696648475204018780e+01 8.810364508359829472e+01 6.893370942270669843e+01 7.785996494741470997e+01 7.714586433474504190e+01 6.509215250409374676e+01 5.474376638516023519e+01 6.854535224143523919e+01
