MOVIE_S2_data/elevation_000079.asc
nrows	100
cellsize	150.0
xllcorner	0
ncols	100
yllcorner	0
NODATA_value	-9999
[rows 34 to 50 of 100, columns 37 to 73 of 100]
6.172336302168899635e+01 4.970838044580780490e+01 7.031427950477591082e+01 7.598672570798549941e+01 9.614022494903065308e+01 9.637511663923864091e+01 8.808000068534811078e+01 7.736860158611318639e+01 5.783059364414651782e+01 7.736860158611318639e+01 8.313686520122939783e+01 6.510238268603484357e+01 8.313686520122939783e+01 9.417260493488804229e+01 7.441354354502678348e+01 8.276470552251733181e+01 9.103066118632463599e+01 1.009480171302687097e+02 1.078130571484344387e+02 9.102618625760658233e+01 8.947320397937126302e+01 1.021133805137079804e+02 1.104154362597894021e+02 1.079461684809032960e+02 9.962047908398244545e+01 9.372427281506169550e+01 1.007299504136003918e+02 1.090546565297350838e+02 1.169684562284925136e+02 1.095572766033364047e+02 9.542040017442879218e+01 1.070465897909524244e+02 8.708161450813078375e+01 7.658326718158532742e+01 9.649257900434814417e+01 9.961739979669968648e+01 7.964981336994893013e+01
6.076127397242999706e+01 4.608873824046854395e+01 6.672725289773360657e+01 7.321305650401473031e+01 8.157357644308260092e+01 8.808000068534811078e+01 6.839054946319541273e+01 7.248409958695614819e+01 5.296726764293091350e+01 6.597848893432659168e+01 7.415964040818826675e+01 5.539324682247346487e+01 7.491373776823269282e+01 8.330557440276000136e+01 7.508195756299738832e+01 6.317746464070115309e+01 7.289749856105092363e+01 9.263191248396952915e+01 9.950935718896889171e+01 7.944996463393887609e+01 7.789936411089632884e+01 8.205230997445690377e+01 1.021133805137079804e+02 9.632897141192019319e+01 7.948996342053838760e+01 7.948996342053838760e+01 8.059915967519708602e+01 9.483434202567970317e+01 1.149632081421589760e+02 1.012777838701900066e+02 8.133099353712320578e+01 8.866232597772605573e+01 9.074525573422191371e+01 7.083923418485352386e+01 9.074525573422191371e+01 9.676542664056493948e+01 8.103718566692764114e+01
5.734997870598328262e+01 4.275273220261006202e+01 5.873212307596209314e+01 5.273392405422239904e+01 7.321305650401201603e+01 8.496457045028992638e+01 7.360035349556189033e+01 5.460938969904324836e+01 6.597848893424935568e+01 4.645332628497114769e+01 6.009143087817837880e+01 4.850086276135935037e+01 6.495920980995784078e+01 6.857946963884099034e+01 5.557449379048073013e+01 6.931736008511957436e+01 8.899892697225429572e+01 1.009480171302687097e+02 1.031088099784559660e+02 8.792806149754194678e+01 6.786884155512605332e+01 8.792806149754156309e+01 9.894752637881826729e+01 8.732633800431736404e+01 6.786014483577534406e+01 6.786014483577534406e+01 8.799812044688485457e+01 9.924881643350714455e+01 1.014498182742640324e+02 1.027706863396551995e+02 8.281845177296796123e+01 6.872448074996174228e+01 7.974585052689586462e+01 6.610726054594144330e+01 8.605336145955398308e+01 8.847798321629403517e+01 6.850543634353545031e+01
6.635020346160690963e+01 5.873212307413319166e+01 3.835453748151358866e+01 5.273392405422150375e+01 7.321305649019537043e+01 7.671677150247718657e+01 5.714329935679321437e+01 4.587227848399221131e+01 5.667711327737964666e+01 5.444330336352144428e+01 4.052574326236177882e+01 4.195654430635350707e+01 4.543860471273137591e+01 4.908381327135582950e+01 5.778252488941688370e+01 6.899810222522704350e+01 8.867463008577003336e+01 1.031088099784559660e+02 8.304430579840354198e+01 8.306296732794176307e+01 6.296471229793054647e+01 8.306298605106684363e+01 9.061783879501419392e+01 7.048154468089832392e+01 5.878741368533209766e+01 7.899214396775026614e+01 9.334255049102620205e+01 7.911192879414542745e+01 8.131509630903344998e+01 1.014498182742640324e+02 9.693409906569561940e+01 7.974585052689586462e+01 5.970038842340678542e+01 7.481101765177709240e+01 8.308492429697638215e+01 9.042790854134506162e+01 7.320985876542181359e+01
4.597004819670771525e+01 5.193925746918605313e+01 3.565070880500753958e+01 4.982884926712096529e+01 7.028746619974117493e+01 7.036650845340433591e+01 6.217395045033619283e+01 5.666321133004049670e+01 3.708226015926729247e+01 3.483284502087917645e+01 3.765200426715453119e+01 5.151373718262739487e+01 6.495920980995784078e+01 6.031055333927318429e+01 7.676786541070524095e+01 8.555020869029432617e+01 9.696947315704130688e+01 9.686501453568773456e+01 8.498890859260555430e+01 6.662886199474510818e+01 5.841464611625955428e+01 7.856887344655730487e+01 9.044244406579970530e+01 7.458311035273153777e+01 5.432647212061478115e+01 7.458311035273206357e+01 7.492346682151826087e+01 6.483704701131355819e+01 8.500988663172290671e+01 1.027653074942597442e+02 9.890548232569750553e+01 7.896296286846101964e+01 6.481565570083296279e+01 5.466386709770212349e+01 7.041454896359995530e+01 7.041454896359996951e+01 8.147656879761996152e+01
4.597004819670829789e+01 3.203028515738032667e+01 5.193925748296064171e+01 5.582103942095359628e+01 7.622351219252900023e+01 6.218681180035479628e+01 4.259365955557672123e+01 4.833045861904168561e+01 3.160842120255844989e+01 5.124095248462357688e+01 4.898251776319156647e+01 6.539541035059792762e+01 7.927854526695161042e+01 7.987477690912311346e+01 8.812046000997075623e+01 9.073223129667256615e+01 8.631385861759896727e+01 7.799863450055300973e+01 6.843961889887802386e+01 5.649875217731079857e+01 5.406814347283488331e+01 7.427207107203345515e+01 8.210815540710848381e+01 6.191259192937047118e+01 5.016630960187041666e+01 7.044824138817581627e+01 5.467826613914274958e+01 6.260511093403124505e+01 7.428795511615163605e+01 9.443829421597212104e+01 9.754650068614344605e+01 9.306110621079416489e+01 7.481060135573866887e+01 7.041454896359995530e+01 5.020176314210566915e+01 6.628863133503138272e+01 7.183307126194404191e+01
4.348634260880440650e+01 2.962529188497840238e+01 4.348634260880510993e+01 6.378254527351850811e+01 6.871948572578415337e+01 6.217315543089620178e+01 4.259350877977713168e+01 2.867303267105770459e+01 4.833045861904181351e+01 5.938763872969892788e+01 6.852431523355126330e+01 7.671863116652370707e+01 7.409850743451585231e+01 8.237819564982332565e+01 8.483287315981577592e+01 7.062718683171875966e+01 7.799863450055300973e+01 5.782998674924954230e+01 6.373724690824352024e+01 4.821388650454105829e+01 5.992161097625884736e+01 8.007548119913857931e+01 7.835793338589435564e+01 5.813459097305349843e+01 4.641695066800939173e+01 6.176698935773812593e+01 4.825822359999035882e+01 6.260511093403155058e+01 8.280449052091972817e+01 9.123366602898909150e+01 7.643453493519878350e+01 9.123366602898909150e+01 9.478355935918843045e+01 7.869945996166426028e+01 6.628863133503138272e+01 4.607292708550655647e+01 6.228527430844560797e+01
4.110919202108052417e+01 2.726454017747887804e+01 4.702917235866041068e+01 5.643997555938287292e+01 4.973485497789373966e+01 4.966606341506736300e+01 4.363252325785867924e+01 2.668165900787148104e+01 4.062495507743393119e+01 6.022172469182839194e+01 7.182296608908271196e+01 7.079029669118405366e+01 5.399879979559268151e+01 7.079235617728984664e+01 7.476442088199544855e+01 5.635498963301599673e+01 6.787011521340717479e+01 5.953292167096225995e+01 4.357401429751093502e+01 6.373724690821894256e+01 7.676583391624872377e+01 8.838662878320003813e+01 8.669628486092771880e+01 7.503602348588357529e+01 6.176698935803636203e+01 4.156327771547125138e+01 6.176698935803636203e+01 7.687229426150618394e+01 8.410984563815739534e+01 8.261808649210379940e+01 6.119772441049532574e+01 8.261808649210379940e+01 8.242374553727738373e+01 7.413709782193978981e+01 6.940246842178216014e+01 6.109279339333960479e+01 4.213613700679598395e+01
4.469270831407557409e+01 2.494419840723945470e+01 4.146684849104334347e+01 3.506427910517560775e+01 3.940834438323071964e+01 3.099975865986691659e+01 2.389221444188239474e+01 3.574848309727821061e+01 4.808813627459534246e+01 5.642358209270012992e+01 5.171872993663988183e+01 5.171897759592008015e+01 4.233588255526520072e+01 6.249393581920828211e+01 6.643540382623133667e+01 4.630019158468262930e+01 5.567268016653820695e+01 3.947452134108029043e+01 5.953281761927303961e+01 6.373722536151822737e+01 8.388184202904582776e+01 7.887368255364130221e+01 8.733641013763724459e+01 7.356011586833183458e+01 5.315380431355989543e+01 3.888375015244130850e+01 5.906714871717196047e+01 6.910954742481743551e+01 6.399719559448609374e+01 6.445668047536847212e+01 5.317028838906870192e+01 7.452195053947068004e+01 7.413709782193960507e+01 5.401455120861886883e+01 5.990830865691168583e+01 4.097323196484926200e+01 5.519815633903237284e+01
5.140863118421316358e+01 4.111352371365060776e+01 2.172852304445960314e+01 2.217442356634761680e+01 1.920160109766070633e+01 2.112378000556808288e+01 3.997871706889060306e+01 4.078960276594894196e+01 2.205802954383162984e+01 4.736578766279762931e+01 5.166162887263403292e+01 3.227165840950758025e+01 5.166229823817531042e+01 6.851186824189549895e+01 6.049598596122743288e+01 5.217058243035126708e+01 3.570765045362284695e+01 5.567255680883972246e+01 5.362613086680372021e+01 7.379349047872727851e+01 7.540725112927931661e+01 5.810530699123408027e+01 7.536896314287967868e+01 7.336302225757076201e+01 5.143670168186410763e+01 3.632309019614049106e+01 5.306814240430320950e+01 5.161713682912551349e+01 6.389337752021813799e+01 4.353201460007652202e+01 5.672324744363496762e+01 5.711502820167701344e+01 6.425478148514096688e+01 5.873822396693503123e+01 3.981145209954644315e+01 5.990830865662660187e+01 6.938392728714245550e+01
3.708223428340876637e+01 2.985467979757488166e+01 3.781972430359202519e+01 1.856416396070327224e+01 3.812317672553394488e+01 1.985670636170856440e+01 2.032007294172221279e+01 2.078393937395406965e+01 2.124852040206282311e+01 4.125732290518762113e+01 4.251266285190596506e+01 2.801669079965823528e+01 4.614276153443690021e+01 4.841051459058094508e+01 4.882859135582819476e+01 3.225837172995019841e+01 4.628498156863594204e+01 6.400591938480945942e+01 7.379349170492785959e+01 8.211905528954710576e+01 6.674240694452252853e+01 4.641311622938498260e+01 6.669838610225305331e+01 6.516804530337573453e+01 5.326068819794497955e+01 3.465089202923631717e+01 3.299785179348898367e+01 5.220839599256834873e+01 5.944055034399298876e+01 4.347840113611173507e+01 3.613122321928366176e+01 3.669445586226804323e+01 5.531632843978646008e+01 3.865492341144244648e+01 5.873822396673446633e+01 5.139567352930585287e+01 6.566722058032576115e+01
1.707215442926244364e+01 1.750476821015094586e+01 1.793787903444387410e+01 3.799570783200494617e+01 4.632335328019388498e+01 4.076413994445280053e+01 3.448191920430462432e+01 4.079909484772669970e+01 2.799416624684910815e+01 2.190529743616670899e+01 2.236964273895205579e+01 2.651243795985820384e+01 3.545297622241539415e+01 4.555973706159132774e+01 2.893584831511141786e+01 4.882859135582819476e+01 6.049597463403967623e+01 7.470689958009513987e+01 8.191504237549892764e+01 7.691066573084962954e+01 5.946735195414490960e+01 3.932842334133757589e+01 5.044996938270507769e+01 4.509051394970121862e+01 5.151117406125603537e+01 3.224237726379618607e+01 5.229487597004300170e+01 3.377654935457623964e+01 5.299988581481578365e+01 3.534183177314739766e+01 5.313381315910918090e+01 5.631111006902582972e+01 3.749415389703067092e+01 5.477319114186239801e+01 6.623220995666072497e+01 7.153678449442067233e+01 7.153678449442294607e+01
3.713798316375500974e+01 2.914445315790386104e+01 3.365578451512580216e+01 2.076323005013751199e+01 4.079179735287657849e+01 5.199324696953912195e+01 5.469658069890769525e+01 5.473255942068816893e+01 3.812922269845656587e+01 4.190672800215196503e+01 3.182987665173996206e+01 2.302913684605251632e+01 2.349557946995849278e+01 2.573013715775272914e+01 4.561489088920841795e+01 5.714218661047719650e+01 6.817023006249576156e+01 5.988474026142129958e+01 5.988474031083281801e+01 6.518794360402036148e+01 4.862501375870186138e+01 3.988423763145394219e+01 3.044153820309679048e+01 3.096923112826837965e+01 3.149579629449609186e+01 5.072133375268668942e+01 5.881569390676558129e+01 4.015646721842056621e+01 3.455665801906452828e+01 5.260793901625493874e+01 5.272955414758543213e+01 6.415512725707316122e+01 5.759630915142949448e+01 3.859561097772702709e+01 5.279816615959880721e+01 7.300348797872381112e+01 7.518939234442802899e+01
5.637705473456195904e+01 4.877279604945421454e+01 3.652619373973220718e+01 4.079181582223978353e+01 2.365972240464432730e+01 4.366952734010112636e+01 5.375405845409760275e+01 6.195006391811305235e+01 5.598915011996652424e+01 4.994215272091042834e+01 4.488521768608939055e+01 5.003211555345470174e+01 4.349348254711741646e+01 2.416836702328460262e+01 4.414502733660893341e+01 5.169885054755216913e+01 5.892573702619623788e+01 3.926506619017165889e+01 5.865703940659681592e+01 5.671084837137230750e+01 3.815786843058482702e+01 2.969383221016901331e+01 4.969643457742368753e+01 4.184647455514318182e+01 3.992169173318841047e+01 4.829215887381385386e+01 6.642390754464166491e+01 6.007421038905000898e+01 4.613529241471066200e+01 4.404450662235475988e+01 6.115870591016193458e+01 7.394307216578035025e+01 5.936484348342568040e+01 3.937386424234256310e+01 5.948255298074284525e+01 6.807834578723075936e+01 5.508626381004235384e+01
5.056813460870501586e+01 6.385350335574610625e+01 5.571513604753777571e+01 4.366952734042644124e+01 4.366952734010112636e+01 2.663142264623647648e+01 3.639327732176388963e+01 5.506611977380010359e+01 6.971520479679351467e+01 7.012760109880350967e+01 6.746041151940045211e+01 5.716787957943718368e+01 4.594951991864019192e+01 2.607462763101000291e+01 2.485743333133972399e+01 4.484837925580630014e+01 4.603508522160501570e+01 3.255438562931038859e+01 5.061256335779604143e+01 5.664109748859149818e+01 4.843701730345651413e+01 2.916082332706714553e+01 4.916306291924539806e+01 5.365952936710271359e+01 5.893307559288700759e+01 6.617621937101473861e+01 7.556313739084770020e+01 7.519519254755238080e+01 6.662225740154754305e+01 5.242194759562190143e+01 7.036985425100884584e+01 7.474565969221742989e+01 6.039349545085665483e+01 4.014999147718366856e+01 4.395468093910301377e+01 4.788437945953342023e+01 6.808186913232547965e+01
4.878828901537495000e+01 6.731097283493716077e+01 7.209214183808300902e+01 6.085724957005212588e+01 4.075223652038984312e+01 4.664085850679189349e+01 2.976289971383288346e+01 4.126923862782788177e+01 6.137744294804299017e+01 7.178667981673697795e+01 6.015299910777932269e+01 4.738445322502615653e+01 2.868813155465441866e+01 4.593045457644377194e+01 3.745456396823514922e+01 2.554334371953495619e+01 2.602818723880364615e+01 2.651375910255021751e+01 4.646534286037302053e+01 4.768934113428525734e+01 2.843095506405615680e+01 4.524456910623445793e+01 3.181507745128105924e+01 3.371533938161307020e+01 5.376728032165314630e+01 6.488843767714753596e+01 7.218124533484872529e+01 8.050328229133644697e+01 8.210015082073586257e+01 6.454237283227459443e+01 8.210015084451958955e+01 7.124217277531076320e+01 5.041806101423798481e+01 4.093987529074276921e+01 6.078607880214863002e+01 6.767836011698808818e+01 5.962344538216495948e+01
5.815964388915711680e+01 7.349271851329477556e+01 8.428475169647390430e+01 6.919227242860324623e+01 6.085724957005212588e+01 5.204971128137770364e+01 3.202731894826405323e+01 4.354208696188755567e+01 6.367134222765293572e+01 6.346271341275139832e+01 4.329036784313290553e+01 3.152292239305242916e+01 4.291071211251313855e+01 5.694873036585980941e+01 5.224418272139327968e+01 3.444246607543610850e+01 4.597110651515473734e+01 4.163067679293136791e+01 2.720657017123140520e+01 2.770053901325458412e+01 4.712046442188469797e+01 5.595205669934847492e+01 4.601823768027917083e+01 5.376728032165314630e+01 3.646684747797529980e+01 5.655268630235763538e+01 5.201506361822495705e+01 6.628803557072295405e+01 8.640871227825060430e+01 8.563862598661465597e+01 9.421322547300404437e+01 8.006335706711477940e+01 6.857682972684108336e+01 6.104932535614330646e+01 4.205893672897796165e+01 5.629222601940752924e+01 7.591307074904550234e+01
