MOVIE_S2_data/elevation_000948.asc
nrows	100
cellsize	150.0
xllcorner	0
ncols	100
yllcorner	0
NODATA_value	-9999
[rows 17 to 33 of 100, columns 0 to 36 of 100]
9.533491951124807226e-03 2.000890075524077361e+01 2.084640989191565197e+01 6.438277468944225923e+00 2.451697649022576186e+01 3.222640181082462618e+01 1.228737752225204893e+01 2.625795486833581194e+01 2.312595014794717585e+01 4.527792607363513966e+00 1.829341835543587891e+01 3.360024307659592324e+01 3.762343602504255813e+01 2.945682494419251185e+01 1.396177078938033311e+01 3.343765907566835693e+01 3.683048911442846673e+01 2.773190486515116504e+01 2.351564702659818096e+01 2.982291217726655219e+01 3.017270564486138085e+01 1.158727711689136264e+01 3.157861525120023316e+01 4.551943054709779801e+01 5.380503864979199591e+01 6.298677863160616397e+01 5.473215439951793826e+01 4.373267727285330864e+01 4.373267727285330864e+01 2.682868892748038903e+01 3.598765690715033116e+01 4.760023938217074857e+01 6.751428270421197908e+01 6.660864139932218109e+01 5.252264113364479670e+01 3.322456474594849141e+01 2.767454412170890521e+01
1.329665511360111864e-03 2.000131796381174354e+01 3.310294492681295253e+01 2.018472516050661625e+01 2.009190452740640609e+01 3.659156442981897328e+01 1.677366198296888555e+01 3.721221487258672056e+01 3.876551012148247821e+01 2.171526908676975154e+01 1.161733600965935054e+01 3.213561759531082629e+01 4.662883931791586178e+01 4.165570006269845038e+01 3.343789608000006552e+01 1.821091732204049762e+01 3.757492691288702247e+01 4.988155076658075870e+01 4.488727707668558509e+01 4.757461328379231702e+01 2.746040820129009674e+01 1.299156395194299485e+01 3.335172245303890293e+01 5.056786113863285692e+01 5.952910490884686823e+01 7.107240072393383912e+01 7.198955912611033625e+01 5.368066555189355427e+01 3.954067652846421055e+01 2.935061139335337543e+01 4.952502251490100349e+01 6.147271337412207970e+01 7.576550309490454538e+01 7.291772227800174733e+01 5.241382635213886942e+01 4.130780250763225325e+01 3.100590724102570306e+01
4.760174870478865901e-03 1.414692363275760201e+01 3.414966790125183849e+01 4.147146832145931938e+01 3.277334172474319729e+01 4.243881911779119775e+01 2.195796109513055328e+01 4.255171398900006352e+01 5.285137981051878597e+01 4.066405144543871586e+01 2.607328258402687027e+01 1.740422061910962626e+01 3.811389008959247349e+01 5.375241320220439434e+01 3.394358121921816007e+01 3.757492788394684169e+01 2.269692915085288831e+01 3.619347202714354239e+01 5.601773381483377534e+01 4.935046049842316052e+01 2.926539712578425068e+01 1.482583838206865856e+01 2.212113041890064835e+01 3.119116392697600659e+01 4.279721602696631066e+01 6.276884517687452814e+01 8.183904786164319489e+01 6.775984261524115482e+01 5.778286029245053612e+01 4.952502251490100349e+01 3.316146285303577201e+01 5.321929324068339184e+01 6.563854132344502545e+01 7.713712159308920491e+01 6.755928077146197097e+01 5.437791624071737573e+01 3.478944388663420284e+01
4.522672674103187483e-03 2.000452267267374751e+01 3.658843710456032028e+01 4.660175812134271212e+01 5.168695912134421633e+01 5.106968423191704431e+01 3.378558298536287197e+01 3.218227089731961854e+01 5.292113835103568675e+01 5.525481798694666224e+01 4.265549007264667125e+01 2.184640969307846348e+01 3.660977922673598073e+01 5.722150377580440761e+01 5.375550328525110899e+01 4.535193755732655774e+01 2.594787624069250143e+01 3.947866752928673861e+01 5.953126571449972460e+01 5.122850750212583648e+01 3.114127475156394453e+01 1.679696822210447493e+01 3.701782163741778930e+01 5.056784768172820321e+01 5.342513647869811422e+01 5.876307534777795638e+01 6.705693957626436941e+01 7.859362244184619328e+01 7.313540517872124269e+01 5.321929324068339184e+01 4.033465885803045836e+01 3.742450520265497005e+01 4.897146701347006115e+01 6.887295526833756298e+01 7.603626857381205184e+01 5.454158717354621899e+01 4.407126610779947384e+01
8.979627706787422434e-03 8.174047089913475617e+00 1.817777505744957978e+01 3.239685073910111868e+01 5.299329292539633229e+01 6.300680356114396119e+01 5.453204062869196633e+01 4.143215170536257830e+01 6.140859566596162011e+01 5.111082428999481664e+01 3.039956985805195799e+01 4.265549007479211951e+01 3.661045678959485628e+01 5.725335942931707933e+01 6.326332596599529978e+01 4.301396495043227475e+01 2.935732719625726261e+01 4.033608253367997776e+01 6.021964262504201315e+01 5.049520930062951152e+01 3.043878545442844796e+01 1.872239215178932525e+01 3.891788589763941530e+01 4.635157480632688021e+01 3.341808429839458938e+01 3.879033669467325751e+01 5.033463609686101847e+01 7.027653768845145521e+01 7.285012251926335125e+01 5.295308928351288813e+01 5.443795431240213389e+01 5.738282566724545575e+01 4.192942869927226468e+01 5.601153384767732035e+01 7.606363115402825770e+01 6.472764583781025749e+01 6.484763774412715520e+01
6.790954771729373202e-03 1.414892657850255375e+01 3.414892657850184321e+01 3.900058024551070446e+01 4.655989663472911388e+01 5.484497385977974204e+01 6.484547990944615492e+01 5.348743523248508325e+01 7.064676998659729179e+01 5.762238860027588316e+01 3.703101424912419048e+01 5.762238860027588316e+01 5.725438922859671464e+01 6.571551270499716679e+01 6.943844193536773446e+01 5.300972214804307470e+01 3.315053600183508564e+01 5.243897979569639034e+01 6.723741013691967794e+01 5.876392683186734445e+01 4.721377033588856875e+01 2.781600479926735403e+01 2.157092281173802562e+01 2.626296066763995540e+01 4.635157553834917366e+01 5.876307543639367736e+01 4.948063207200866032e+01 6.942239733846840011e+01 8.111160067592835787e+01 6.701793271197644231e+01 7.433660368865645296e+01 6.510868058866313390e+01 4.521451872345398471e+01 5.927342346794294059e+01 7.919899010689115926e+01 8.570955325792725432e+01 8.088855871800161879e+01
6.689336105942520969e-03 2.000668933610558753e+01 2.957247171731411584e+01 1.900056005817889826e+01 2.655984951859791110e+01 3.655984952960637457e+01 5.655999036193049534e+01 7.413913819411277473e+01 8.248495983393786446e+01 6.607266098092557627e+01 5.161783469639188127e+01 5.161783469639188127e+01 7.211866407103302379e+01 7.554310966692308682e+01 5.495117884244306339e+01 4.065595612442552920e+01 5.300972214804307470e+01 4.351190687895712728e+01 6.388654445599136977e+01 6.202840033729756897e+01 4.204700818165525078e+01 4.396649316675860319e+01 2.383501232713924978e+01 3.101918661848516123e+01 4.520026824695678869e+01 6.516390273237529129e+01 6.942239733846609795e+01 6.357673489205112105e+01 8.353507489771374139e+01 8.693027425034912881e+01 8.267189407605631857e+01 6.273495279843447747e+01 4.867580821372121136e+01 5.756194786725603052e+01 7.170539134289569461e+01 9.222379523769133414e+01 9.292182324286345363e+01
7.711933663051398317e-03 4.721757141573387884e+00 9.572469642300090342e+00 1.957246964228749064e+01 3.371460484905209398e+01 5.371445663920250269e+01 6.484637764987250819e+01 7.056556894323415463e+01 7.056556894322703499e+01 7.878184777597002153e+01 7.211866407103302379e+01 7.211866407103302379e+01 8.052748727983491506e+01 7.554310869362335268e+01 5.495117884215386539e+01 5.495117884215328274e+01 5.720817458163005398e+01 5.360531997243156610e+01 7.230831410972290030e+01 7.033147292054799493e+01 6.202840033729719948e+01 4.633354557988077005e+01 2.625251907025436537e+01 4.633352371650084933e+01 4.370977544390386527e+01 5.782790612952613429e+01 7.778596444380200126e+01 8.353507489771374139e+01 9.189675966107637350e+01 9.420279502852463338e+01 7.423068872180506617e+01 6.015134510678490898e+01 5.322968090341601055e+01 7.314270985117089197e+01 7.754626973790374223e+01 9.769554179182465248e+01 1.015492043992067863e+02
5.464868864810172588e-03 2.000546486886445408e+01 2.957247171731411584e+01 3.785677599312931818e+01 4.785630994311732422e+01 5.277692324514573130e+01 5.863302401327512570e+01 5.053646628523554085e+01 5.053646628523554085e+01 7.056556894322656603e+01 6.401100735804689634e+01 7.235079138270886290e+01 8.397668579648676257e+01 8.392571168973327644e+01 7.554310869941220119e+01 7.554310868751245778e+01 7.179762438654090317e+01 6.819329415229756819e+01 8.253732126246218570e+01 7.494793452548937296e+01 6.286772129782586660e+01 4.289726174436368922e+01 2.870739899335033840e+01 4.874648541168109261e+01 6.367367870974822353e+01 7.197426517280104008e+01 7.728747307626956342e+01 7.728765183598846988e+01 9.741644498002654018e+01 9.639470064132507332e+01 7.641382405477082784e+01 7.866947044420757607e+01 5.874245181307845343e+01 6.729995132554280701e+01 8.139075118322197966e+01 1.013899347960153250e+02 9.329091404850332481e+01
5.889614652278742785e-03 1.414802523838335446e+01 3.414802523838405790e+01 3.993283671664478618e+01 4.492110194351966612e+01 3.274919840122892367e+01 3.861510870874166557e+01 3.636777896985059755e+01 4.662011617476513692e+01 5.240880205264662095e+01 4.391539828924841515e+01 5.549917667925763709e+01 7.563838429798481400e+01 7.551044874075743962e+01 7.551044874075743962e+01 8.385633446984260786e+01 9.220860266644103831e+01 8.860180683246258582e+01 7.810983597736353090e+01 5.843388972959707672e+01 4.696641366135570905e+01 3.880466151728595037e+01 3.121900027283654211e+01 5.122898691710395269e+01 5.938619625340133723e+01 6.315941259915519623e+01 5.730756280013812898e+01 7.366472752087676668e+01 8.075685014186173305e+01 8.919948640226921555e+01 9.639470064132507332e+01 8.531462640209471715e+01 6.537915856807232728e+01 7.866947033440744974e+01 9.554998038975229235e+01 1.073458424507659430e+02 8.746904337847082900e+01
6.299055471926359555e-03 2.000629905547157250e+01 3.407421148029884961e+01 1.990062075624152627e+01 2.490123274874822812e+01 1.860107825166946682e+01 2.567244987786242305e+01 3.904641524779591322e+01 2.658210063140365875e+01 3.235620595546316025e+01 4.652035159672967524e+01 6.662477900468344671e+01 6.961311283479822976e+01 5.536989119975052631e+01 5.536989119975052631e+01 7.551044874075743962e+01 8.502979540323899244e+01 8.956973281582341428e+01 8.634094015254788701e+01 7.494793452548937296e+01 5.851337819953180741e+01 3.792643968723757553e+01 4.971819264776422642e+01 3.589094052931827861e+01 3.943098214588344064e+01 4.320642244022775458e+01 4.835648252290329907e+01 5.368655411911910846e+01 6.073911707003463079e+01 7.224859788848522157e+01 9.237933886178021226e+01 9.361354478544615176e+01 7.428159217952729421e+01 9.361351389953422597e+01 1.069703675781565977e+02 1.131990149462347830e+02 9.329082301830263191e+01
4.664899311792800908e-03 2.000466489931143599e+01 2.333959827756940086e+01 5.756377691637915461e+00 1.075637774768871502e+01 3.026519066160471283e+01 3.217834211427217639e+01 1.902256061532413867e+01 3.904645818915636823e+01 5.240880205264662095e+01 6.074208874624127930e+01 5.956297202013766423e+01 5.122798271846667717e+01 4.118704151029981375e+01 5.999266785685517789e+01 6.486640992960583674e+01 6.486640992960583674e+01 6.938427161996953885e+01 8.956973281582341428e+01 7.711196848045329943e+01 5.716165468954697104e+01 4.296207381956982374e+01 6.217898116067510017e+01 4.588136946630931590e+01 5.353837694795609536e+01 5.317837998326354665e+01 5.949054252401036536e+01 7.366472732407500246e+01 6.997908311482048305e+01 8.100418574211141731e+01 1.008938696141409537e+02 1.025540997847335376e+02 8.837304651351257689e+01 1.025540938620426914e+02 1.033113367706005050e+02 9.488361146904098575e+01 9.266131544279652132e+01
3.445177533103992596e-03 1.664354774607905263e+00 3.331021441274575334e+00 2.334113511867120749e+01 8.382506348832434284e+00 1.025567797199599518e+01 1.216260315048780427e+01 1.428259891050388219e+01 3.430025819625842587e+01 4.567326667832815446e+01 4.388143718274989880e+01 4.629324138138258604e+01 3.118296884018868198e+01 3.544705871926813501e+01 3.991951346155723002e+01 4.477145657163817560e+01 5.294875913421631708e+01 6.717564958342416048e+01 8.736294926037963648e+01 8.300561031677783319e+01 6.300902321758789526e+01 4.934745972432887129e+01 6.932715880520915164e+01 5.739473746018854428e+01 7.350408094049556951e+01 6.468778014759614337e+01 7.948401212090031720e+01 8.786371289610751489e+01 9.006396493694450101e+01 9.852190106752060217e+01 1.112582495946191727e+02 1.153316147906527505e+02 1.084059176261818749e+02 1.061171905729119089e+02 9.440766748340293191e+01 7.463144828363722638e+01 7.241880120920492914e+01
6.170631355331793709e-03 1.975832254905865426e+01 2.330783760760408896e+01 1.747474733908623534e+01 2.840715932839407643e+01 2.440076548320734418e+01 2.630814943264178396e+01 3.430025812165304444e+01 1.733257031754036248e+01 3.735340718544891558e+01 2.385157351554701322e+01 2.625929077590519967e+01 4.629324142846052581e+01 5.550417408178167733e+01 5.999266785685517789e+01 6.486640992960583674e+01 5.634853966442297946e+01 6.796890953110711564e+01 8.815850612807514608e+01 8.342638192370851868e+01 6.348706941347241894e+01 6.090933395857172883e+01 7.765059769647218957e+01 7.735851373706408651e+01 8.571415178396382828e+01 8.468677249218228553e+01 9.308629524646333664e+01 9.943369070263437948e+01 9.118099392904103695e+01 9.943369715338569392e+01 1.088979249162038911e+02 9.568492975086547858e+01 1.095649663209768647e+02 9.768253941515034455e+01 7.743483387228107517e+01 6.576646210826385186e+01 5.813173538156048892e+01
2.708283848820350944e-03 1.000306415774573843e+01 3.002138708315743898e+01 3.749598968457375037e+01 3.749593033920788798e+01 4.443982047576520955e+01 4.635040674131297322e+01 4.556315613866824066e+01 3.147544017188947763e+01 2.049484798500359872e+01 4.051969954465035784e+01 4.629324142846052581e+01 3.125931138842012302e+01 5.130455143987877165e+01 6.491375099442862506e+01 7.653262249429833730e+01 7.650203709798569207e+01 8.485161469527031386e+01 9.649895835411294343e+01 9.181412597947188203e+01 8.342638192370851868e+01 8.082612146204662906e+01 8.920036120549519865e+01 9.331695203443833009e+01 9.331695203443833009e+01 1.015733670558295927e+02 9.029903744940951071e+01 8.203557890501691929e+01 7.117748068800132444e+01 8.944361190074712908e+01 1.014393105711829435e+02 8.167157336670008760e+01 1.014393105711829435e+02 1.008413537848394554e+02 9.440766748340293191e+01 8.599252116950252400e+01 7.041840996748793202e+01
1.252954368065604170e-03 1.999621968330786004e+01 3.003870261611135817e+01 5.012278330884613808e+01 5.753907230104162807e+01 5.123673876969937169e+01 5.508572986132400473e+01 5.957774281816253392e+01 4.876186774338225405e+01 3.464359432800366534e+01 3.464359432803060201e+01 5.470587265358923901e+01 5.130455131736556496e+01 3.651175570602040210e+01 4.807231593265142067e+01 6.818480480129741750e+01 7.585199610524644243e+01 8.420321903116365547e+01 9.429296226716074614e+01 9.928043050942177672e+01 9.102554050767474791e+01 9.928043050942177672e+01 8.744278395063099651e+01 7.331220084543238613e+01 7.331220084543238613e+01 9.331695203443833009e+01 7.872945558471903382e+01 6.195946534355928037e+01 6.109662473877134659e+01 8.117923728872406741e+01 9.398171511303429781e+01 7.410244047273646117e+01 8.462438269002890934e+01 8.097970160696465314e+01 1.008413537848394554e+02 8.902413527292650031e+01 7.733787615863532494e+01
3.452158733728009216e-03 1.414576805664633596e+01 3.415732076461178224e+01 5.176179099702348907e+01 4.347763140933069081e+01 3.123674778334401836e+01 3.508574953730614965e+01 4.922778895261134124e+01 6.077472787564325074e+01 5.470587249100650240e+01 5.470587268410989168e+01 6.304221425746091256e+01 5.657285392690332770e+01 5.657285393891129388e+01 4.268532681034236731e+01 4.901522454688846864e+01 5.569683802623686120e+01 6.575485881680204159e+01 8.594913339369080063e+01 8.928451111083037972e+01 7.100770094567621982e+01 8.928451111083276714e+01 7.917145681274263325e+01 5.907417436191430227e+01 7.018367886812949052e+01 7.847184191538721620e+01 7.044462933602783039e+01 5.029720127744140257e+01 7.044462933602783039e+01 8.128714753813912353e+01 8.556857418326281106e+01 7.732133362567242330e+01 6.460587377314092805e+01 8.462438269002890934e+01 9.270500944939406907e+01 8.061539891555202075e+01 6.039876326738167478e+01
