MOVIE_S2_data/elevation_000895.asc
nrows	100
cellsize	150.0
xllcorner	0
ncols	100
yllcorner	0
NODATA_value	-9999
[rows 51 to 67 of 100, columns 0 to 36 of 100]
8.392818110607037224e-03 2.000839281811025216e+01 3.463143396984476396e+01 4.291544196256003119e+01 4.887333914234769594e+01 5.715460549388868827e+01 6.552182143144744941e+01 5.829893244146384745e+01 4.000617915142728975e+01 5.829893244146384745e+01 7.564367760524082485e+01 6.423681187041755436e+01 5.523880262364023963e+01 3.537975307113483581e+01 3.713697598461253335e+01 1.684405429354002237e+01 3.241871514212200367e+01 4.065582581568053655e+01 2.347171979838894984e+01 3.302076632747394314e+01 5.325126518912758655e+01 4.733179989985659830e+01 2.931395110392048764e+01 1.575996876621159792e+01 3.602005651159966959e+01 4.405871054499932882e+01 5.088918493982021118e+01 5.917182882040673775e+01 6.917066572733506291e+01 6.306543793421690935e+01 5.461711022264271520e+01 4.481169603431619919e+01 2.481339761636223074e+01 4.481169603467236584e+01 4.628695935092642344e+01 6.655460008455465015e+01 7.108853998275304775e+01
9.749586777120887796e-03 2.000974958677676696e+01 3.881518346690989318e+01 3.254453361924499433e+01 2.887471832197700650e+01 4.717433144765902853e+01 5.545518177507544522e+01 6.631385435766154046e+01 5.033628990591485319e+01 6.631490709080827628e+01 7.906675745048394788e+01 5.935115256721813637e+01 4.535015051298586997e+01 5.523880262364586713e+01 4.060263799915792760e+01 2.040217148511133516e+01 4.060282732622916768e+01 5.164546586578590137e+01 3.135517099471245217e+01 5.164528596708542096e+01 6.131761824121181803e+01 5.153176372946862216e+01 4.336226960720902923e+01 3.602184230574006563e+01 1.809697940185138165e+01 2.403844355130924271e+01 3.083498994668023130e+01 4.089952671176323662e+01 6.088232851084394071e+01 7.428037279330848719e+01 5.406781772680832177e+01 4.668277505438604891e+01 2.679259722658690990e+01 4.078625902341513410e+01 6.091833017834851915e+01 7.504553465675557788e+01 8.239677040903404759e+01
8.728394755072454644e-03 2.000872839475471565e+01 1.884178058468804906e+01 1.254487999562133638e+01 1.961594776208584179e+01 2.717523676019127876e+01 4.131723843564341081e+01 6.131438322407284858e+01 6.917616955937113232e+01 7.733852230743815426e+01 7.906686248364424330e+01 5.935115380595674850e+01 6.511747969478651044e+01 6.242296177461166451e+01 4.421760189080053749e+01 2.409619604689309114e+01 4.421747669718329377e+01 5.970815874683744795e+01 4.584809773814612299e+01 5.970864294942242623e+01 5.641762363038863981e+01 4.378889683045463954e+01 2.361605495486938011e+01 2.059398491919154850e+01 3.836628746833874004e+01 4.420196227221486396e+01 5.088982643129719463e+01 5.917214355645628387e+01 6.917728866957732237e+01 6.816983082777910852e+01 4.822745092258117694e+01 3.488900208846774831e+01 2.876097261072799327e+01 4.859899765510218117e+01 5.991272065750758458e+01 6.411964026690353080e+01 7.262734272698176596e+01
2.389047986999138715e-03 2.343211991909605274e+00 4.700234595864773546e+00 2.470028758247565293e+01 3.683364632683138495e+01 4.717433144765902853e+01 5.545518177507544522e+01 5.946515173318775993e+01 6.774919061676129672e+01 8.189119685663942505e+01 8.718131099144126495e+01 7.906680256932040152e+01 6.828625708664725380e+01 4.839426131257836516e+01 3.422564927288689063e+01 2.865646252574013531e+01 4.288165983957379268e+01 6.297029384003404573e+01 6.554698547969937295e+01 6.106480810864621844e+01 4.817062503533690432e+01 2.809092505918107108e+01 4.378889683045463954e+01 4.083470420213888730e+01 2.373449521716165478e+01 3.803722384221401143e+01 5.801627980076037971e+01 6.907583696264926232e+01 7.901532435836327295e+01 6.816871689085610342e+01 4.822744270899400476e+01 5.406813117272726288e+01 4.859899765510218117e+01 3.161364414841748172e+01 5.146414510232909123e+01 4.384452475216133394e+01 5.279347425380777281e+01
9.035844539165390626e-03 2.000903584453881123e+01 2.470028758247565293e+01 8.549236390462311874e+00 2.854928472903215564e+01 3.925657378868104530e+01 4.681590000704885313e+01 3.946492865747998735e+01 5.360718437688125704e+01 6.924281756469569871e+01 7.752190707154589688e+01 8.596965173338516308e+01 6.826695336862880481e+01 4.839365221179382104e+01 5.354804908873412472e+01 3.356396930079373675e+01 4.772883509860813689e+01 6.760483714641887332e+01 6.605178398739501233e+01 5.282592781658015468e+01 3.280237785410169948e+01 4.817062503533690432e+01 5.641876863732485248e+01 4.608147902325159606e+01 2.598669808586504359e+01 4.608147904862468636e+01 4.090057654523229758e+01 5.090325975265857039e+01 7.079372252690895095e+01 7.680401368311417798e+01 6.816871689234282883e+01 6.097215672463578784e+01 4.080246614200493838e+01 5.146416913064261678e+01 3.460636713360251804e+01 5.456185988515868246e+01 7.262734272698176596e+01
9.762552285145669959e-03 2.000976255228479062e+01 3.683364632683138495e+01 2.854928472903215564e+01 1.258984656867118979e+01 1.925651323640457946e+01 2.681580275403729630e+01 4.462016614640175760e+01 5.290355378483178583e+01 4.924369685349925163e+01 5.769631989513173664e+01 7.264098847538092230e+01 7.650103523978862086e+01 6.826695336862880481e+01 5.907668295889614996e+01 3.914291005676009405e+01 5.907668295889614996e+01 7.187837433791081310e+01 5.199748257399303242e+01 3.783936904805157297e+01 5.282599585959894029e+01 6.106480810864621844e+01 6.019388803608431715e+01 4.023592786118110354e+01 4.608147904878800460e+01 2.929684708295991413e+01 4.349267443731893934e+01 6.342795311391386548e+01 7.901506469274248445e+01 8.736949755258405048e+01 6.674182223695426330e+01 5.232533740560918289e+01 6.097215672463578784e+01 5.692586175669371329e+01 3.686662095558524044e+01 5.692586175669371329e+01 7.557328109569215258e+01
8.769847284209264732e-04 1.414301260845924624e+01 3.414301260845853392e+01 4.087408550647430872e+01 2.413685326337769510e+01 1.737076100601100848e+01 2.090629491195000611e+01 2.462020167551919059e+01 4.462016143911503008e+01 3.769667203725375515e+01 4.436334000611280004e+01 5.850546310201719535e+01 7.849883418618414055e+01 7.887993909517582836e+01 5.907668295889614996e+01 4.622751805042884854e+01 6.610412459688367903e+01 7.563505299512380020e+01 5.577477297122224087e+01 4.164159565668641250e+01 5.319535570382680589e+01 7.306135355565868394e+01 6.842299467464036411e+01 6.019388802250220039e+01 5.177572955367176633e+01 3.176926171648305797e+01 5.177565271196674246e+01 6.266237902467775456e+01 6.969307121948332906e+01 7.792799801520624214e+01 8.126850829547684896e+01 6.674182223695426330e+01 7.115876374556169992e+01 5.071101293728239767e+01 3.918983322042989670e+01 4.668162587038366240e+01 5.676532611486928914e+01
6.221065917130529088e-03 1.414835668964795623e+01 3.414835668964724391e+01 5.242100921373533140e+01 4.413694332942783660e+01 3.151290528417673897e+01 3.504844080641316140e+01 4.462016379653179854e+01 3.039370437068390629e+01 4.453585751693373851e+01 6.436257430020310721e+01 5.850551168961065684e+01 7.850277429036394494e+01 8.224427730520334023e+01 6.247670805221150658e+01 6.031192950896402039e+01 7.430387233519590495e+01 7.221199612878474738e+01 5.234326822907333110e+01 4.682881882775009075e+01 6.673023746319782390e+01 8.128398563688980971e+01 7.148646689360020900e+01 5.159919502838832273e+01 3.745424478064481377e+01 5.177572957894397376e+01 3.638164253699570594e+01 4.272910032848792383e+01 4.980955604806413106e+01 6.130646347202925739e+01 8.115341728894082962e+01 8.736949755258405048e+01 7.967695944232532668e+01 6.201305865508199133e+01 4.175652950159312837e+01 6.201305865518278893e+01 7.557328109569215258e+01
9.675647279733478462e-03 2.000967564727937997e+01 3.873143418184007913e+01 3.873143418184007913e+01 5.873119226385405511e+01 5.151293757913767024e+01 5.504839181772203460e+01 5.865136370519679332e+01 4.039370752614968296e+01 5.867658019847090856e+01 7.281702951083099151e+01 7.850277429036394494e+01 8.677646526115246672e+01 8.819575281700852543e+01 8.224427730520334023e+01 8.008772053404992164e+01 8.623683399574112229e+01 6.640271807443826901e+01 7.221199612894780273e+01 5.286390786942460096e+01 6.673021331998157279e+01 8.656983717342802720e+01 7.572147299795032893e+01 5.585732802605541991e+01 4.173469830086379773e+01 6.019868557850568891e+01 4.024624674933915003e+01 6.019860825516978053e+01 6.969284990726953311e+01 7.792755577568681247e+01 8.942406406346074732e+01 9.243497733585736853e+01 7.177640672098351615e+01 6.475413866577464717e+01 4.442571911033756038e+01 6.475413866577476085e+01 7.698794528586967090e+01
8.858006633845233110e-03 2.000885800663348846e+01 1.873146817397676500e+01 3.570799584533244087e+01 4.237473512816875854e+01 5.065900590459725805e+01 6.065901011267501275e+01 6.868366233340287863e+01 6.039467565701065155e+01 6.868710284427055512e+01 8.361383825132125480e+01 9.516177703501143981e+01 8.233084311074694028e+01 6.816963438386953555e+01 7.619068873108020057e+01 8.448643716272368920e+01 9.446575403073724431e+01 8.623683399574112229e+01 7.898355214485789588e+01 5.916321646391618572e+01 7.898355214485789588e+01 9.315838203353548863e+01 8.170899642051237777e+01 6.624184965837621064e+01 4.633724537578939362e+01 4.756713625773948451e+01 6.019868548511198725e+01 5.025704802372307256e+01 6.432905721684294065e+01 8.416996727555330438e+01 1.006589126834588512e+02 8.872722724853321097e+01 7.177693181402955247e+01 5.130206520899135114e+01 6.475413866577422084e+01 4.927912276822641502e+01 5.640039613250132788e+01
1.018086960643932535e-03 4.589332764371860662e+00 9.934557602620301964e+00 1.570806029451651042e+01 2.237472696117928805e+01 3.237472696297242436e+01 5.237474329336508561e+01 7.096147237243611983e+01 6.267523824453288483e+01 5.531979946931732428e+01 6.687521943407443814e+01 8.688421588009438778e+01 7.231581126546748806e+01 5.400405538678529638e+01 5.616048639981206492e+01 7.170869830104207665e+01 8.000438886120466009e+01 9.156715868043320938e+01 8.720709661736925966e+01 6.802941455736009857e+01 8.720709661736925966e+01 8.494155419251816852e+01 6.511109866835028015e+01 5.363583775919003926e+01 6.042943975826320724e+01 5.291159172640219310e+01 7.277187213430518398e+01 7.014032792632853841e+01 6.432905723427568034e+01 8.416997644570382420e+01 9.218975614340267555e+01 7.143237159650583123e+01 5.955984551715985731e+01 7.177693181402955247e+01 7.381262049494795008e+01 5.329525541147185663e+01 7.381262049494817745e+01
2.494342646960768899e-03 2.000249434264660664e+01 2.993452703722102726e+01 3.570799584533244087e+01 4.237421476843401535e+01 5.065900590459746411e+01 6.065901011267504117e+01 6.267524271305546080e+01 4.265942761518631698e+01 6.267524271305546080e+01 7.618672707645990272e+01 7.890825472053168710e+01 6.401960202943115519e+01 4.398563217285646942e+01 4.459242581143777784e+01 5.167649816867293566e+01 6.324427261006984224e+01 8.327131882335555702e+01 9.607630079650122923e+01 8.203124184683294118e+01 9.607630079650122923e+01 8.284027087554920854e+01 6.301058076470888381e+01 7.349247025185952964e+01 8.027424846929250180e+01 7.277187218005632019e+01 6.139694631511366651e+01 8.122775921046016379e+01 8.416997644570382420e+01 9.239010037491237881e+01 9.487035384997389542e+01 7.413108270653133047e+01 7.413108270653133047e+01 8.872722724853446152e+01 7.820901061095885609e+01 5.758811312405945415e+01 7.212738946457245959e+01
6.187401196855389120e-03 2.000618740119649885e+01 3.299389399587630578e+01 4.128134314286165107e+01 5.128568972525654601e+01 6.175955378488768588e+01 5.347109603274928702e+01 4.878037277059224408e+01 3.632968059436662145e+01 4.788660766867567986e+01 6.790104297353194340e+01 6.793104861532329153e+01 5.058025008544471035e+01 3.641619711653919467e+01 5.644747317028760136e+01 7.170869830104207665e+01 8.000438886120466009e+01 8.148595340744327586e+01 8.986881166204049975e+01 1.018828238963833144e+02 9.601412507958114873e+01 9.105919242961928717e+01 7.703009127299050363e+01 7.703009127299050363e+01 9.686728543412392867e+01 8.944698894085021834e+01 7.284563914653196548e+01 7.393796000914115041e+01 8.795774708683208587e+01 1.078079892167414613e+02 1.033233717905375215e+02 9.487035384997389542e+01 9.487035384997389542e+01 9.020534035736493195e+01 6.942708773223968421e+01 7.820901061095885609e+01 6.629115663981460216e+01
2.476637442850607596e-03 6.327031957779635896e+00 1.299369862444797441e+01 2.299369865995411288e+01 4.299445687223414581e+01 5.020479656224541287e+01 3.345629448767554948e+01 2.876609975250529772e+01 4.878037277059224408e+01 5.619878105285631165e+01 4.790313279564910687e+01 4.790313279563056170e+01 5.227066338112434352e+01 3.224328328940202937e+01 4.640349873181072127e+01 6.643525185015403167e+01 6.492582982368922728e+01 6.120402697862957098e+01 7.595542111948570607e+01 8.437641268854805787e+01 7.561090532527742880e+01 9.003563229897638109e+01 9.686728543450176687e+01 9.686728543412591819e+01 1.050882934343520247e+02 1.009002261072214139e+02 9.267794815535751241e+01 9.377174839848755994e+01 1.019940569128554415e+02 1.023946437745665321e+02 9.414633639115797337e+01 9.673585547555275355e+01 1.049808503057612796e+02 9.020534035736494616e+01 8.414235432500628065e+01 8.706849928055093812e+01 8.099283521268495178e+01
6.350445426094172667e-03 2.000635044542573837e+01 3.299389399587751370e+01 4.128134314284744022e+01 5.128672419315677189e+01 4.191554497292403170e+01 2.190448386638049882e+01 4.191554497292403170e+01 4.523898697051484419e+01 3.694600254739062706e+01 2.788117029009522341e+01 4.103575655088772578e+01 4.315800181867304275e+01 2.839303793667440701e+01 4.841639228541650652e+01 5.246040533704547215e+01 4.472961744085417735e+01 5.993642736523356973e+01 5.578033868614278390e+01 6.988007939419070169e+01 6.131011385281027515e+01 7.561090532527742880e+01 9.601412507958114873e+01 1.082545261889375610e+02 9.997668393590231517e+01 1.082695042848183249e+02 9.593640194236300545e+01 8.767558341196469485e+01 9.593640194236300545e+01 9.084318759639681673e+01 7.409947035193039255e+01 7.670552488703224014e+01 9.673585547555275355e+01 1.108121926408602604e+02 1.048426834651640434e+02 1.077211339192046324e+02 1.017364498796260506e+02
3.512071127920179947e-03 2.000350904563245535e+01 3.983942607363038491e+01 3.933436043442203101e+01 4.088814760051263164e+01 3.783067001612153746e+01 1.782179208952184979e+01 3.228144024509700927e+01 3.415656308763445992e+01 1.693480773881645263e+01 1.893481407689736074e+01 2.101997477535340408e+01 2.314000938630454840e+01 2.612160018868904032e+01 2.913711392871327277e+01 3.238245024590795396e+01 3.576484130441368592e+01 3.993632023316127544e+01 4.429175999756083826e+01 4.979913237492952760e+01 5.975076723159346415e+01 7.404063291835649352e+01 9.457333754074217325e+01 9.785207113351138730e+01 8.000464386687191620e+01 9.821140075473411457e+01 8.591917622575304847e+01 6.760340901079821663e+01 8.229134395312925676e+01 7.400486950531704622e+01 6.247993096589250683e+01 7.670552488703224014e+01 9.673585547555275355e+01 1.030526628674383858e+02 1.019444996637873970e+02 9.981320237126942629e+01 9.981320237126942629e+01
8.642982713123801772e-03 1.155564836636330206e+01 3.155564191619463799e+01 1.932944591837777537e+01 2.088211340862068610e+01 2.831371149339591042e+01 2.990561209022059685e+01 1.227470041335254436e+01 1.414787227182109852e+01 3.415658305618892854e+01 3.238658845981352385e+01 4.076311461098875100e+01 4.314336719947508669e+01 3.130630866989909222e+01 3.808945435633683019e+01 5.246039528177025346e+01 5.590008312260609102e+01 4.849572014279395660e+01 6.430763243872976886e+01 6.059112028284845053e+01 7.830207051001490015e+01 8.852068973680000852e+01 9.065891571821093464e+01 8.985988736548372913e+01 6.995191552959499859e+01 8.996884902617748025e+01 7.763949595663821412e+01 5.754723259058034301e+01 6.689973089915324067e+01 5.390850274656210672e+01 6.812716898587207481e+01 8.819489381492827818e+01 9.714525580530003879e+01 8.291511016659079303e+01 8.180431124337199833e+01 7.966777419929726989e+01 7.966777419929726989e+01
