MOVIE_S2_data/elevation_000261.asc
nrows	100
cellsize	150.0
xllcorner	0
ncols	100
yllcorner	0
NODATA_value	-9999
[rows 34 to 50 of 100, columns 0 to 36 of 100]
2.978181695229736945e-03 3.432949884545399399e+00 2.343294988454575645e+01 3.208443360124572052e+01 3.608443360124564947e+01 4.034844792835778549e+01 4.519916042908436538e+01 5.348343167654596897e+01 6.348343167654561370e+01 7.762556730027506546e+01 8.680074317110349114e+01 7.217637075110376088e+01 5.226546683356125556e+01 6.068080501450182140e+01 5.883947300150217785e+01 3.864884311437425168e+01 5.245480051173954195e+01 4.637540128669592576e+01 5.516807246968532752e+01 4.142832111221166969e+01 6.153136190528429239e+01 6.784443891573322105e+01 5.551381137468916904e+01 6.701618516148967331e+01 8.670270638083867709e+01 8.663463317117120255e+01 6.666455809941706434e+01 5.647795707794092834e+01 7.630816901532401175e+01 8.780092280283385264e+01 7.378145083214248245e+01 8.780092281563665324e+01 8.388893381828908957e+01 6.392515179780901491e+01 5.755889837433277734e+01 5.384524129516754698e+01 7.390997662886262276e+01
1.893497408783086870e-03 3.715800260949813083e+00 2.371775508156605383e+01 3.315428447905048870e+01 3.751679848202746825e+01 4.285863304266768381e+01 4.862822534563699861e+01 5.528791423555139062e+01 6.352034241146463955e+01 7.348087553624637280e+01 8.274560273855951209e+01 7.284293398515404760e+01 6.068080501450182140e+01 4.052103195088657372e+01 5.117739685419229545e+01 5.245480051173954195e+01 3.204906175494076592e+01 3.182908769321080911e+01 3.486359461295297990e+01 3.904204378816361753e+01 4.334600995691913283e+01 4.790405557900641753e+01 6.784443891573322105e+01 8.347654492703857443e+01 9.483051098867349538e+01 8.358829211040173846e+01 7.032913515421395800e+01 5.052061931796934147e+01 7.032913515421395800e+01 6.879660879775551052e+01 6.041606575480183494e+01 7.953477842221818150e+01 9.200340818452667691e+01 8.388893381828907536e+01 6.942456390376891306e+01 4.939169091411029910e+01 6.942456390376901254e+01
9.179827644033159914e-03 1.999644955663958967e+01 9.159110800032658872e+00 1.315911079882809176e+01 1.752346859708907445e+01 2.286869334035058543e+01 2.864219495458845088e+01 3.530884756580836381e+01 4.530823346918132444e+01 6.526759500192135022e+01 7.459125922344269100e+01 5.473662582905301122e+01 4.462129245891631513e+01 3.733819318044486124e+01 3.074343095731868303e+01 4.487116023957883471e+01 2.767956438506619321e+01 4.820000582794614985e+01 5.517407536500661536e+01 5.920708325921737725e+01 5.758281575740634395e+01 6.205900323170425281e+01 7.600418134435885520e+01 8.449444235766360123e+01 9.263499626953618815e+01 7.520069347000739413e+01 5.562489119380071401e+01 4.572821550340304952e+01 6.428758211636929332e+01 4.944512546029419298e+01 6.879530111695825667e+01 8.583133093869001584e+01 8.809177047074270206e+01 7.811204407665296401e+01 6.604085598500687126e+01 4.605645423379054648e+01 6.604085598500687126e+01
6.604900230173384179e-03 2.000660490022981719e+01 2.915555153235155572e+01 2.730077740400476571e+01 3.166486939424662594e+01 3.385141204587493036e+01 4.860456379756742251e+01 5.528791423555139062e+01 6.352034241146463955e+01 7.348087553624603174e+01 8.274560273855814785e+01 7.284293398515458762e+01 6.466394252624792216e+01 5.757660292985443107e+01 4.486847743581126480e+01 2.432513154413837597e+01 4.487116023957883471e+01 5.606309659103573750e+01 6.365532338830146131e+01 7.183833092444442059e+01 7.739487531277029575e+01 8.181171620835313263e+01 8.147968457546524235e+01 6.531017469735893144e+01 8.054162474541536199e+01 8.338986964915108047e+01 6.158192156479050539e+01 4.119738493123606560e+01 5.254064810492145909e+01 4.291919820177100320e+01 5.501297878273235398e+01 7.829355510031838605e+01 7.989619192867269248e+01 5.986484164015359255e+01 4.985708703205847314e+01 4.287481110890042402e+01 5.869291359772714145e+01
5.101467937297931264e-03 1.414723709166837295e+01 3.414723709166907639e+01 4.728590064707280760e+01 5.164460505179351202e+01 5.382589783300281283e+01 6.206064409506257817e+01 6.308023808870504467e+01 5.461980817383868470e+01 6.318185274807810003e+01 7.998837604780140964e+01 6.980036494488182086e+01 6.163502207088615137e+01 5.423208305624387293e+01 4.282675373456279289e+01 2.230311300476879310e+01 4.282675373456279289e+01 3.577630099027829402e+01 4.356817938553596292e+01 5.784554468328877874e+01 7.768136993232947418e+01 8.728081745356094245e+01 7.296374435486288235e+01 5.454991706053487377e+01 6.148279821472925732e+01 8.054162474541536199e+01 7.037530755169949259e+01 5.568368280140838777e+01 3.570288066945492034e+01 5.443983515541619767e+01 6.247544031701543332e+01 8.242809522404024847e+01 8.809177047074270206e+01 7.811204407665296401e+01 6.988045342987048514e+01 5.869271110036437022e+01 3.883394467443157083e+01
5.600358222118538565e-03 2.000560035822176275e+01 3.016855369915444030e+01 3.594205639105233985e+01 4.301312420292359207e+01 5.129739548140288008e+01 6.284440089291874898e+01 5.291209079425842532e+01 3.423850003187726543e+01 4.830774442476413100e+01 7.149469295598389351e+01 5.725921286535298549e+01 4.409903904455873658e+01 3.492267283061661232e+01 4.081424948623563864e+01 2.033447684181980009e+01 2.600023122697732703e+01 4.649980943247506815e+01 6.365532338830146131e+01 7.183833092444442059e+01 8.133287483603983503e+01 6.708347050893804919e+01 6.498015804661550021e+01 4.624017657717813989e+01 5.698940309906568302e+01 6.490628550234977467e+01 6.595208122204162748e+01 4.660901948459428468e+01 3.272160012644750537e+01 5.269932785842366485e+01 7.054669561982056791e+01 7.888446709494122899e+01 7.766980866870444800e+01 7.183836300701979383e+01 6.766759050533860886e+01 5.693003278173645754e+01 5.177985542193255242e+01
4.575904209876861112e-03 5.004575904209897175e+00 1.016855369915316487e+01 1.594205639104947281e+01 2.301312420291507266e+01 3.456012958670799406e+01 5.456012958674384095e+01 4.442167241640616027e+01 2.409114762820600930e+01 4.216054996151488865e+01 5.393150130074978676e+01 6.356994286330518662e+01 6.163502053342437392e+01 4.470373112157358264e+01 2.455537551462327528e+01 1.852290089419763319e+01 3.893687532882022850e+01 4.649980808067377325e+01 6.658344744430395679e+01 7.746120444600406074e+01 6.933438986582618213e+01 5.267823421794361138e+01 6.389853107899379125e+01 5.638721559192004662e+01 3.814450637346919137e+01 5.698940309906568302e+01 6.404918754384924284e+01 4.396161632180001533e+01 2.984723945577048454e+01 4.984512971517045088e+01 5.051710986675880832e+01 6.735439626714487815e+01 5.771944866757691273e+01 5.187120286219568044e+01 5.553887653879245789e+01 3.658565726286981601e+01 3.189886439700421050e+01
4.658155261040713979e-03 2.000465815526068525e+01 3.016855369915444030e+01 3.008419201478067606e+01 4.301312420292323679e+01 5.129739547392147614e+01 5.451962798446858471e+01 3.793589785803047221e+01 1.844508447707646326e+01 3.644435717788284990e+01 2.995040081122471420e+01 4.757984048301744906e+01 6.455805943010410886e+01 4.468738081831152442e+01 3.716869683480898345e+01 1.684236218589924050e+01 3.472810172905553117e+01 4.269914489969244897e+01 5.186947138293270143e+01 6.546310609469077235e+01 4.969429237680996181e+01 4.242973511728075664e+01 5.342505367449390263e+01 3.775022213715607933e+01 3.306465806424048282e+01 5.241883217116780713e+01 6.128929832396539013e+01 4.121976942481078510e+01 2.707473222669272062e+01 4.709783352857561312e+01 3.899198858856026817e+01 5.901454703726768969e+01 5.771944866757691273e+01 3.778566914340633076e+01 4.621067569333034442e+01 2.902410540452019205e+01 4.896162950338428743e+01
5.330849696878311485e-03 1.000528572836928731e+01 2.414247683948707035e+01 4.405327663336649380e+01 5.836846327862121342e+01 4.759789258457197292e+01 3.914336718828942452e+01 2.668867326253852568e+01 1.391391930966532087e+01 2.589099359829872782e+01 1.815879105560921758e+01 3.823855300525426770e+01 5.274383410331366662e+01 4.437222322147797371e+01 3.989858593038701429e+01 3.212146527244311756e+01 1.455885118676316736e+01 2.153191689910729423e+01 3.396302367831395941e+01 5.716424397583895711e+01 5.339671115198272133e+01 3.324035824737293865e+01 4.579304533617635542e+01 2.637308093108361362e+01 4.566466013503461596e+01 5.999272108010018911e+01 5.668399659988723727e+01 3.604432862859300712e+01 2.440129854508981566e+01 4.084093732261570864e+01 3.082871084392567695e+01 5.084580256110538699e+01 5.184481527627534092e+01 4.358895593019349235e+01 2.623973280909635974e+01 4.037041274026196902e+01 5.721273027970771352e+01
9.384206039104543359e-03 2.000938420603824142e+01 3.824249675530220571e+01 4.832720616095454602e+01 5.632344845809417677e+01 3.914497106703924345e+01 1.837181214728343193e+01 2.441937704921007679e+01 2.314550187086232214e+01 8.210116239827581097e+00 2.230129744795208424e+01 3.843195397563737714e+01 4.441818934617285208e+01 2.412127531219508469e+01 2.980217360497315227e+01 1.247010442047050560e+01 3.246283196242576707e+01 4.269916872017763154e+01 5.186915036422366398e+01 4.713184555605166537e+01 3.862391390856697626e+01 2.678588940559099285e+01 4.190905243109514089e+01 2.231396938695132093e+01 4.190905243114553258e+01 5.638465843035910297e+01 6.518990281739253589e+01 5.280043685649226148e+01 4.084173634721943813e+01 2.079082358391651653e+01 4.084173644099855238e+01 4.928874404182756308e+01 4.102957105811474747e+01 2.359519655771207880e+01 3.774655809298631226e+01 5.446370288877308496e+01 6.855699304265117178e+01
9.768314284573654735e-03 2.000085188459617314e+01 3.455020411415294035e+01 2.891536738254637839e+01 4.821244277456293759e+01 4.048175322875420790e+01 2.425504175873887291e+01 3.290118971822064697e+00 3.129888972241487988e+00 1.141892644674101653e+01 1.140020343005509496e+01 3.103391023187820608e+01 3.620631803400015514e+01 2.787880828723992011e+01 1.049765603189058005e+01 2.444203981617344112e+01 3.211576788427610296e+01 5.281087853290474499e+01 5.394861639785920460e+01 3.862391390434370919e+01 1.814113233091028476e+01 3.500669337854803587e+01 3.337549420524724297e+01 1.852145507608118535e+01 2.999017382234813667e+01 4.801142906088486484e+01 5.512806000406528284e+01 4.357476667328226938e+01 3.525658428120903665e+01 1.847796851351217384e+01 3.850890310773975500e+01 3.852949797740542692e+01 2.103013405957612747e+01 3.558176333066664654e+01 5.184481527501154119e+01 6.594307245058899980e+01 6.843293916930170440e+01
9.313476842122882932e-03 7.431004771962750333e+00 1.525219211031497579e+01 3.356637681939977824e+01 3.136904651513587794e+01 2.728222646798864659e+01 1.162463515523310420e+01 2.653292303084761716e+00 2.265698262737557656e+01 3.610443276362054199e+00 3.952767411125611474e+00 2.393760918913950064e+01 2.787673949031997367e+01 8.529295187421023883e+00 2.750022007131285307e+01 3.712645299802949950e+01 5.242086440063689423e+01 5.839279052872633713e+01 4.506422436071756010e+01 2.502096718440547463e+01 2.061833026700460536e+01 1.050196840997991465e+01 1.358359604332775916e+01 3.337320741431302906e+01 4.610382302278780742e+01 4.720876968720781264e+01 4.681551583047764353e+01 2.679220066763840080e+01 1.516550427686415148e+01 3.435311340805647262e+01 3.606146622425494286e+01 1.854284671791135253e+01 3.852949797740479454e+01 4.928874403511628088e+01 6.337420670655790644e+01 5.838640052116195989e+01 5.060735782112561054e+01
1.757287057980242524e-03 1.968295056721080272e+01 2.054620500950677453e+01 2.096990825744897080e+01 7.879838808415956741e+00 1.831859805757973136e+00 2.171204083678861085e+00 1.599132496851522589e+01 3.049182907036512091e+01 2.866071822296367344e+01 2.342645913592050277e+01 4.435747265553287022e+00 2.444931510085027071e+01 7.057596249730895721e+00 2.202861756687777373e+01 3.033870924727045804e+01 3.819286067314606470e+01 3.654681500304965880e+01 3.638847469017755287e+01 1.074711172409730331e+01 9.229465886126371643e+00 9.594546330914068832e+00 2.760267693103824982e+01 3.424805378269603295e+01 3.286603423735739682e+01 2.555351277003462585e+01 3.148373198019381647e+01 3.180584744710811407e+01 1.291646347815647999e+01 1.437468302601124215e+01 1.610062350382150242e+01 3.604993533431858310e+01 3.640803200907895842e+01 3.555443564209596730e+01 4.285920981259284446e+01 4.241586616862355896e+01 3.139545184225227459e+01
1.954507115700021471e-03 3.394694693910891292e-01 6.770113447690455644e-01 1.014784948639914308e+00 1.352701901724734590e+00 5.969436117952406029e+00 4.911389616206510489e+00 2.994120914015305956e+01 4.221790115570107815e+01 3.926261368952787478e+01 1.967495822397070526e+01 1.262004842027193519e+01 4.916355851672373767e+00 1.111252022793108196e+01 2.041774102667231361e+01 9.022397879100084950e+00 2.093437399378074559e+01 3.654555261943211519e+01 1.274205796271378333e+01 8.713280769230316025e+00 2.364558927722997694e+01 2.907661526733494384e+01 1.010206886884099831e+01 2.480145070887178704e+01 1.110013966280987674e+01 1.144981206716433064e+01 1.179621327017821386e+01 1.213980668470157909e+01 1.249357750098140052e+01 3.211493092365635960e+01 3.599707327178206384e+01 3.598296468844311846e+01 1.569192690805714285e+01 1.483588921197637234e+01 3.478550992489124383e+01 2.288982577005143781e+01 4.174642276307770317e+01
9.499524778340364892e-03 1.872657885984497739e+01 1.207265457008025322e+01 2.053427813439241234e+01 2.136603136476596276e+01 5.151166183106450802e+00 7.725840979908476847e+00 2.696000370213829811e+01 4.106163935426825873e+01 4.768185356388739393e+01 3.674112033945192479e+01 2.805349031068026733e+01 6.842407134183593698e+00 5.408887883689049936e+00 5.757088091894866366e+00 6.105287121861250554e+00 2.612242225735765189e+01 2.752915249166536427e+01 1.267258777930341296e+01 8.346209376242969213e+00 2.210399361375176497e+01 3.025263331207949946e+01 1.140820877039790382e+01 1.059884229119399279e+01 1.195316294452721273e+01 3.055301847116478697e+01 3.132649936602833307e+01 3.176192624002116816e+01 3.185497883441370348e+01 1.298478821489346835e+01 3.236991652864956137e+01 3.345554031605706768e+01 1.432217800199364177e+01 3.319402170589489742e+01 1.536164140502104125e+01 3.433038568639230448e+01 3.634166430630213540e+01
7.291241591682445615e-03 2.000729029287291993e+01 3.128813290528943725e+01 3.841903432860873835e+01 2.427048127780275522e+01 1.844925677804477360e+01 2.696001892806832956e+01 1.299367205558582228e+01 3.280087497297852650e+01 4.795569678823108717e+01 4.357398859642275113e+01 2.242554177080691957e+01 3.130063495727775447e+01 3.186919960606419977e+01 2.678766757100514084e+01 1.598627745978856396e+01 6.599537643048968505e+00 1.128053879846619445e+01 1.302331557273429752e+01 7.979331701875753247e+00 2.289845979265411202e+01 3.527924479435996119e+01 3.436803539582928835e+01 2.040349514539914111e+01 3.101363051354797662e+01 1.386654306598881981e+01 3.291832088079780050e+01 4.273858390000838625e+01 3.684771058167332569e+01 1.755895887248935949e+01 1.347316515493711542e+01 1.382069811510903889e+01 3.277565116348014840e+01 4.024069671879297516e+01 2.771725171357753581e+01 1.590079942708175054e+01 1.628781084757986619e+01
1.086749991637594439e-03 1.154419701615170801e+01 2.564371790154457997e+01 4.542596734033413242e+01 4.420647826788604817e+01 3.836040577069929469e+01 3.280087648580283854e+01 3.280087650244583131e+01 1.968753810474660781e+01 3.964386113875473683e+01 5.201000515127083190e+01 3.760767867586405089e+01 5.140912391680343063e+01 4.259086328665355836e+01 3.069462147495455184e+01 1.122302274842555470e+01 2.605701366086406878e+01 7.101449040210802366e+00 7.463080965499260699e+00 2.044930046493252007e+01 1.967396059504720185e+01 3.856271194355823440e+01 5.025609863919123654e+01 3.527205857573186165e+01 4.137521666369935502e+01 3.325024598466632142e+01 1.584605186020328382e+01 3.526920488842134205e+01 4.624148459024858226e+01 3.107562742720564231e+01 3.252394853560214472e+01 1.432986340362914746e+01 2.720416833890326558e+01 4.293634162838450408e+01 4.219370437808781560e+01 3.124377707163504780e+01 2.034520119122585768e+01
