MOVIE_S2_data/elevation_000177.asc
nrows	100
cellsize	150.0
xllcorner	0
ncols	100
yllcorner	0
NODATA_value	-9999
[rows 0 to 16 of 100, columns 0 to 36 of 100]
4.047028337263018118e-03 2.000404702833690607e+01 2.778081074917227511e+01 3.195110205751565502e+01 3.642324254439709108e+01 4.470771734497417782e+01 5.625487089148681008e+01 6.128296792663830672e+01 6.956811337195520650e+01 8.111578093962073410e+01 7.401012274399093371e+01 6.572117299375673838e+01 7.239384277676091983e+01 7.140597787568887611e+01 6.309374917528795379e+01 6.569442483787082665e+01 7.400853539309869689e+01 8.261160764892454722e+01 7.680252533383065838e+01 7.680252470389585540e+01 7.086779149173952419e+01 7.906564214064206908e+01 8.044147476242085304e+01 8.863269867324937934e+01 8.964024551531522889e+01 8.138291134831050044e+01 8.084983496669218539e+01 8.084983496669218539e+01 8.910697416592645936e+01 9.526750228009839816e+01 8.701486172440441180e+01 8.959528499365379162e+01 9.785073635322906682e+01 1.054427647146919185e+02 9.717980812361473397e+01 9.717980812361473397e+01 9.937124263531001134e+01
9.482596902220898072e-03 3.858484391499733768e+00 7.780807094263431090e+00 1.195109537540496270e+01 1.642323133040461869e+01 2.797023672096185365e+01 4.797026323754754884e+01 4.128288175196222198e+01 5.282988767955374954e+01 7.283009028438421240e+01 6.244755890214000260e+01 4.568774121310150349e+01 5.237189022897526769e+01 5.982430621716450503e+01 4.303679194385082241e+01 4.564007704123044817e+01 6.569442483787082665e+01 6.291169928876709605e+01 5.715793073477856723e+01 5.715793073452388739e+01 5.137942502946530965e+01 6.644751929678461977e+01 6.065103315167299058e+01 8.044147476242085304e+01 7.813323759036875060e+01 6.145390326632150391e+01 6.091677974868240852e+01 6.091677974868240852e+01 8.084983496669218539e+01 8.378547446098171747e+01 6.714239291082091654e+01 6.972021256873446760e+01 8.959528499365379162e+01 9.717980812361473397e+01 7.730767621409925994e+01 7.730767621409925994e+01 7.949367303620947212e+01
3.324160138653916522e-03 2.000332416013829828e+01 2.778081074917227511e+01 3.195110205751565502e+01 3.642324254439709108e+01 2.426787673593433325e+01 3.059243205628085960e+01 5.059247218783944788e+01 6.956811337195520650e+01 6.505379883248367889e+01 5.347073543111168448e+01 3.406034956531230762e+01 3.816279431920451515e+01 4.329844273496617291e+01 3.139542166673267687e+01 4.303713378591979932e+01 6.312891511035422809e+01 6.291169928685442869e+01 4.366487528455244416e+01 4.366487528455228073e+01 4.046940415260750967e+01 4.712556790403817075e+01 6.065103315167299058e+01 8.044147476242085304e+01 6.987689359730514127e+01 4.987213093914872530e+01 4.672368707435919077e+01 5.918389810607532553e+01 7.915229324636365504e+01 7.554148650541954169e+01 5.562131733519798615e+01 7.554148650541954169e+01 8.024352418475777426e+01 8.607244078986479963e+01 8.312808889376272248e+01 6.326003554396120876e+01 6.545059385101193072e+01
6.476169185215582824e-03 2.000647616918486094e+01 3.591553174957023487e+01 4.525817653249998784e+01 5.255181611549958376e+01 4.426790435525365552e+01 5.059247218783944788e+01 5.250731467932674690e+01 5.781307717007395297e+01 5.676194993567664682e+01 3.668120237075775236e+01 2.502453633919689224e+01 2.651116110566604434e+01 2.314342614676293053e+01 3.480505238102659860e+01 5.490076481752162607e+01 7.150103533489038909e+01 6.529856005575051370e+01 5.174356784146380051e+01 3.260790799298181497e+01 5.179954023089341320e+01 5.319822979368377247e+01 6.130879088675401789e+01 7.254817487576202950e+01 7.813320858208614084e+01 5.918389791542567480e+01 3.905133449926886868e+01 5.333025259932384188e+01 7.331584857108487085e+01 6.953532951468947942e+01 4.955081353031238933e+01 6.953532951468945100e+01 6.032374632922165603e+01 6.615811418337847272e+01 7.610367126745235566e+01 5.619445484521597933e+01 5.839430396568864978e+01
5.418514359027011389e-03 7.948598834101103350e+00 1.771324263319304748e+01 3.157189012009601470e+01 5.091795030715287851e+01 5.227271692253317070e+01 4.627039220030069799e+01 3.152891628134780433e+01 3.746232071779790829e+01 4.942768251076397945e+01 5.347054627001088534e+01 3.657898376354215486e+01 1.643455066179472368e+01 3.657898416053062363e+01 5.160818035352606614e+01 6.320407035255128392e+01 7.116517040233772207e+01 5.175059592292760158e+01 3.828273342944431334e+01 2.853130185493867188e+01 4.288954561883446814e+01 3.391244764831148473e+01 4.501741907948542831e+01 6.437342505283072569e+01 6.766709343522597919e+01 5.468212004867274345e+01 3.448933293029971736e+01 4.881486222740602443e+01 6.884693345471438874e+01 6.419424295368619937e+01 4.413595504728073848e+01 6.419406971564353626e+01 4.612259802289035093e+01 6.054999774023450243e+01 6.404147415132325705e+01 4.983254310727524938e+01 6.398288418425734392e+01
5.264502547137648453e-03 2.000526450254678323e+01 3.166787897686699083e+01 3.317706380009732214e+01 3.697082672884741328e+01 3.647529306593954601e+01 3.744520341770435579e+01 1.735618612693127716e+01 3.057465486729573101e+01 2.770361581379125582e+01 4.341768113207132274e+01 3.322120412256996502e+01 1.320190550169599142e+01 2.473111160756746330e+01 3.923627584542703772e+01 6.059065099937249954e+01 6.204900262025314817e+01 5.665327362261571409e+01 5.595138567569965460e+01 4.288954561883446814e+01 2.325672236687330852e+01 4.288954561883446814e+01 6.130879088675401789e+01 6.012033643588433307e+01 5.182904704474183433e+01 3.925227310361429289e+01 3.032050914702748301e+01 4.467943812942191784e+01 6.475790403821497421e+01 5.932958387584277915e+01 3.919788013269100446e+01 5.279751965713179374e+01 3.703418550685306343e+01 4.043783093073450630e+01 4.398454118551595826e+01 5.561694152987578121e+01 7.554959972723133887e+01
5.458922989205592172e-03 2.000459833574019086e+01 6.099994396637283600e+00 1.910521910379719301e+01 2.134516072853853075e+01 2.986356650307304150e+01 2.478993811309316797e+01 1.860508974727912701e+01 3.639238055390865867e+00 1.775529735401901377e+01 3.553731838623942707e+01 3.005899991340293198e+01 1.035150554421623248e+01 2.420736300905285177e+01 4.429993124100668922e+01 5.723129749230136554e+01 4.237103783017418124e+01 3.673272174351522779e+01 4.367476634028442817e+01 3.556422253968679570e+01 1.982973884821062427e+01 3.414526700787732949e+01 5.353747999919541201e+01 4.848110041550135918e+01 3.161014719012533902e+01 2.485990217410719438e+01 4.515097710446249835e+01 5.885154159034378551e+01 6.919142701906207549e+01 5.761769427911885089e+01 4.932943723367034039e+01 3.257371750524966103e+01 4.275514439902905650e+01 6.054999774023454506e+01 5.561694451538545536e+01 7.229151699601514736e+01 8.379527240356001982e+01
8.589772593009903194e-04 4.109913688568542223e-01 8.212951753558075385e-01 9.488552301073095663e+00 2.081144218741357221e+01 2.204811568669467903e+01 2.812058519094890574e+00 3.226025227838194898e+00 3.641160437223458946e+00 2.265170003801716803e+01 2.558378611995756202e+01 2.513412680292848123e+01 5.176112999171034623e+00 2.709257653645768116e+01 3.831815512852656980e+01 3.862009907912075590e+01 4.227502921583054984e+01 2.267577528415403876e+01 3.128706514592900945e+01 1.464602084057568376e+01 3.556348046804885144e+01 3.748619209136167285e+01 4.547839898619149324e+01 4.015562989140783401e+01 1.992201648355556642e+01 4.015565977096089512e+01 5.345968326942014670e+01 7.195266049544719067e+01 6.094103293791776110e+01 4.082787410194443822e+01 2.907307979992739533e+01 4.932943723367034039e+01 6.107681461443750237e+01 5.918093182737929681e+01 7.555190850172112960e+01 8.379936790190858176e+01 7.964664337594354038e+01
3.158951013565912836e-03 1.722841506949851720e+01 2.350160543712444650e+00 1.403539844583857832e+00 1.815255974425602936e+00 2.227124497365216893e+00 1.679692897757965397e+01 2.196236049316988570e+01 2.341128788982648246e+01 4.228684875359090434e+00 4.644666572928214165e+00 5.063197377370674879e+00 5.483122073101197813e+00 1.231881732102429083e+01 1.987314196746530470e+01 3.804700700745966202e+01 3.234367777915523590e+01 2.520171716590990840e+01 9.377798028927161411e+00 2.963578813024080105e+01 3.022197621485705810e+01 1.040592550880158562e+01 3.667128366274079809e+01 3.695327372855813763e+01 1.707746642249035318e+01 3.695643556687829090e+01 5.139595302462750936e+01 5.139595336675510850e+01 6.122166918705955396e+01 4.109859950280223018e+01 2.672561543386375860e+01 4.109851636969096944e+01 6.121478314424348355e+01 7.912405651662776052e+01 8.737528779941986556e+01 8.553096185087476044e+01 6.556438027924443190e+01
4.111938136589871236e-03 1.947986926904214044e+01 1.280002957901814042e+01 2.303442551547051309e+01 1.837263884846402462e+01 6.942871403349093917e+00 9.166736961208805212e+00 2.525432598731149980e+01 2.984658134140626373e+01 1.917685517087438640e+01 8.856052770066177970e+00 2.487093024518793527e+01 2.555923323292011418e+01 6.081303149187877288e+00 2.616138124477686944e+01 3.265459729242584075e+01 8.329465332468876326e+00 8.765276387254441914e+00 1.167318501652150964e+01 9.981147024157634107e+00 1.039314548597197607e+01 1.078718227933017104e+01 3.062385874630098215e+01 3.174291959637382732e+01 1.462512975159918938e+01 3.386330750792113520e+01 3.118453375455312226e+01 5.139595336674157977e+01 4.991382850654721182e+01 4.159777588237729873e+01 2.446061124704420564e+01 3.882596104159262040e+01 5.896570460436671368e+01 6.386071979793639741e+01 7.220577569419189956e+01 7.857798666080708472e+01 7.057946677658880219e+01
7.351428307265867393e-03 1.997599724485722561e+01 3.340466937689114246e+01 2.758388102241154982e+01 3.769151403360292818e+01 3.285320343481460981e+01 2.207868089076807294e+01 1.637868404750279794e+01 3.231966377025735682e+01 1.522710144885489569e+01 2.761151652502081433e+01 3.188741274668238290e+01 1.376118548992562118e+01 6.505570417309355591e+00 2.655035420612919239e+01 7.713111691474821008e+00 1.003487904636041961e+01 2.844526681181733707e+01 3.020454843241635956e+01 2.979123520876426667e+01 3.014989106707876232e+01 2.230308769383878698e+01 1.132580388434086416e+01 1.170884597461167864e+01 1.210437684872129438e+01 1.930623124328494455e+01 3.861282309262765722e+01 4.686689066907192114e+01 3.854468195453910084e+01 2.134497654580626502e+01 4.159227744921043524e+01 5.301667574704202934e+01 4.959486020865163880e+01 4.368574768785963869e+01 6.386071979793639741e+01 6.719657265448876160e+01 5.072280620293190623e+01
9.944443931579059412e-03 1.417815929403907305e+01 3.444776595244575645e+01 4.608415880470912640e+01 4.525755422279702600e+01 4.964226232240099534e+01 3.832009153513205746e+01 2.159097618680931419e+01 2.773573270399355195e+01 1.984580013446145585e+01 4.249646444519289901e+01 4.090063606731479240e+01 3.050023321662008158e+01 9.416367184838989601e+00 7.106738434333784937e+00 1.582535861989345349e+01 2.842132430252936359e+01 1.314002422781727120e+01 3.195340343596754451e+01 4.348120275485485564e+01 4.532083640521389611e+01 2.576258591963629385e+01 2.276352015728427602e+01 3.174431404920705191e+01 3.216704274069695657e+01 1.270421177387422418e+01 3.283257946326481402e+01 3.556219541265350870e+01 1.831668181315104960e+01 3.854468193634779993e+01 4.779046809992839684e+01 3.970228147556910159e+01 2.980795084376133985e+01 4.368607213729126215e+01 6.387391084268398345e+01 5.911408156697695659e+01 3.904838819572146491e+01
6.062025039522273874e-03 2.000606202503502118e+01 3.733783300232577318e+01 4.901770125959507851e+01 5.954170726927951307e+01 5.282556550590933853e+01 3.325704413480946897e+01 3.327482296271423223e+01 3.896809125349510339e+01 2.437605541473492821e+01 3.748253125516840356e+01 5.696112510440941179e+01 4.078965994041750776e+01 3.123575981787741895e+01 2.719052531293501218e+01 1.158975076112336922e+01 3.014723082180187319e+01 3.195330828250801858e+01 1.611685592301039449e+01 2.942800531175040746e+01 4.930799630162383806e+01 4.005441283369366801e+01 3.706147872634463170e+01 4.364367430142945636e+01 2.342746552640840463e+01 3.280965773066772329e+01 1.332837859865831298e+01 1.537431752420619624e+01 3.462287916547334277e+01 3.509704598531748587e+01 3.543250888463001758e+01 2.089455906218753256e+01 3.387113598913462198e+01 5.373138692762972113e+01 5.220145575963851314e+01 4.196366007274398413e+01 3.927931733928610925e+01
5.865714242623007793e-03 8.950336185158127122e+00 2.050600717623290947e+01 4.071731385734895525e+01 5.516111026701332065e+01 6.158864072087339281e+01 5.378949828657947307e+01 5.340077262922108048e+01 4.865019470628368481e+01 2.940337876899075553e+01 4.284904415448437476e+01 6.255427589165341828e+01 4.863802539278509585e+01 2.908516319177086373e+01 1.608443421220377090e+01 2.449075557615000776e+01 3.827541920668084430e+01 3.767503386836207824e+01 1.826056036906984659e+01 3.767505501149935299e+01 4.961792263579496876e+01 6.031542924044364185e+01 5.726179386223690670e+01 3.994804872356784387e+01 3.774230458946365729e+01 3.941843631263947856e+01 2.008929133053558402e+01 1.397890594441176759e+01 1.444705111892587368e+01 1.491513303598017792e+01 1.538303112422515539e+01 1.585071166630385875e+01 3.605203106094109700e+01 4.503363758960484375e+01 3.885377531928448036e+01 1.857514634629245975e+01 1.907087428679052010e+01
3.580119829443586393e-03 2.000358011982908835e+01 2.910787007824776751e+01 3.414396158089567734e+01 3.408573349527113550e+01 4.647743138327767554e+01 5.483260115074804020e+01 6.493122049608642499e+01 5.516577368026792527e+01 3.561903675831500493e+01 5.516577368026792527e+01 5.760639553967779847e+01 3.770503571950059296e+01 2.408060890491330497e+01 2.006547899241943611e+01 3.923107279761560306e+01 5.206054121752992359e+01 4.593411430036132970e+01 3.183720443044116521e+01 2.160323996101791622e+01 4.135427084102518336e+01 5.353273033861466246e+01 6.839383720016938639e+01 6.008843965963092870e+01 5.793253987722015808e+01 4.941299218310165031e+01 3.667977871021112435e+01 1.673895042477584028e+01 3.442694067018432946e+01 2.497937690348534900e+01 2.963179033168142240e+01 3.605017120650290252e+01 1.651529051406770776e+01 3.673119140176949315e+01 1.787693359332480370e+01 2.979564273748340142e+01 3.901600810277581388e+01
9.038799794707020815e-03 4.481179705082293907e+00 9.069558767774019259e+00 1.407008369641831536e+01 1.962003691513139358e+01 2.630074134283689702e+01 3.636801162701168977e+01 5.658685113957180590e+01 6.352679555470098904e+01 4.526860287552450046e+01 6.352679555469837425e+01 5.611424320253020426e+01 3.622314650189550633e+01 3.770503571950059296e+01 3.923107279761560306e+01 2.649292360710685656e+01 4.619779792333091706e+01 6.003102417018840242e+01 4.135432225179825849e+01 4.135432225179825849e+01 2.535023161948286585e+01 4.527623615257807188e+01 5.794610714351394876e+01 6.943823531740423505e+01 6.164872290426702506e+01 4.162240407192874869e+01 2.724431817217837803e+01 1.957428293320891299e+01 3.983758488641086615e+01 3.667152562567434870e+01 4.949136560151943343e+01 3.988408227641350123e+01 2.095602711864600209e+01 1.718316287143940357e+01 3.519900438432999579e+01 3.601344722874132742e+01 4.098504197903365309e+01
2.154417243255324355e-03 2.000215441724289889e+01 2.910787007824776751e+01 3.414396158089567734e+01 3.975186803645260625e+01 4.647743138327767554e+01 5.483260116959119301e+01 6.493122055170761087e+01 7.351253271210195805e+01 6.506294448501135719e+01 7.351253271210124751e+01 6.441087889191427962e+01 5.025980264129888297e+01 5.760639553967779847e+01 5.152320479378160911e+01 3.159735683938327000e+01 5.152320479378160911e+01 6.956801875676767111e+01 5.594922901028664342e+01 3.598188772777121613e+01 4.527623615257807188e+01 2.974874649831700424e+01 4.128810443037048827e+01 6.120062247973604741e+01 6.167336606899773699e+01 4.162297935841288421e+01 4.306785165453633368e+01 2.272756971021536287e+01 4.306976383577026724e+01 5.655800763915654272e+01 6.458916758349555209e+01 4.891014423962674584e+01 3.992045870946217434e+01 3.741193143598886195e+01 1.988749936428347453e+01 3.995966362436981711e+01 4.938476553263849667e+01
