MOVIE_S2_data/elevation_000141.asc
nrows	100
cellsize	150.0
xllcorner	0
ncols	100
yllcorner	0
NODATA_value	-9999
[rows 34 to 50 of 100, columns 37 to 73 of 100]
8.014503469015126313e+01 8.760840293261811951e+01 9.605020372735194201e+01 1.025908501172028195e+02 8.220782727552622760e+01 6.773792966477903121e+01 5.875215794888543286e+01 7.207926088660300934e+01 7.662799037030039528e+01 5.638314221727803499e+01 7.660610522776438813e+01 6.800466569160965946e+01 8.494966432486945962e+01 7.476155701790541741e+01 9.184506321493539360e+01 8.249470512496782248e+01 9.952421835594581978e+01 1.081504300671996219e+02 1.119162957107162981e+02 1.202602070987532130e+02 1.072659744707632257e+02 8.727802410190500382e+01 7.556128485794644689e+01 8.670802430235673341e+01 6.781046046043299214e+01 6.837547678505112003e+01 7.367413996794033437e+01 7.932761622936747870e+01 9.101489896985211203e+01 1.109487232551054490e+02 1.267203394836718218e+02 1.185407717187511309e+02 1.152126639679696609e+02 9.526011520211332595e+01 1.036930545669833208e+02 9.442309549616342679e+01 7.417387621962022592e+01
8.408903051588873723e+01 8.956114397955900586e+01 9.026751912684423473e+01 9.807309268885894937e+01 9.655369870334811822e+01 8.647161749246886586e+01 6.611775158594323898e+01 5.200163420581856855e+01 6.602562867014924564e+01 5.095518744936906330e+01 6.455566627645346500e+01 5.640847112922976692e+01 7.085750947994800697e+01 6.296948637386359593e+01 7.814676429558150517e+01 7.059166105075972553e+01 7.924662270690187427e+01 9.980819213395125189e+01 1.122064088281027807e+02 1.122421208645598369e+02 1.041050877199383393e+02 1.039401769822219421e+02 8.670802430235673341e+01 6.638664991172672103e+01 6.182482817475347758e+01 8.223818778037396271e+01 9.386177378309045594e+01 9.943992443803573167e+01 1.076351580582067129e+02 1.191014407077423414e+02 1.152522396155831643e+02 9.862934648757595824e+01 1.152522396155831643e+02 1.036930545669833208e+02 8.357667366565156897e+01 1.026842378309635819e+02 9.104604754949613721e+01
6.558515422636945402e+01 7.100481411333512938e+01 7.209905366750342637e+01 9.026751912684423473e+01 9.934275025869844455e+01 9.106004321965041015e+01 8.048320071793374098e+01 6.602562867014924564e+01 4.612062612598214173e+01 4.574739049094896615e+01 4.473622178866282439e+01 4.764352702341135881e+01 5.079308012252814564e+01 5.407569114559095880e+01 5.777305666931903261e+01 6.245794082906281375e+01 7.162042769233615047e+01 8.217780448622202982e+01 1.036165689627210753e+02 1.041050877199383393e+02 8.429502546829205301e+01 9.009725836607155713e+01 8.410126389656859658e+01 7.873732549000440883e+01 5.823288834004372205e+01 7.281599624679977012e+01 9.303267885622537392e+01 1.050155358397849028e+02 1.050155358397849028e+02 1.132005890307435294e+02 1.070449050015829329e+02 8.697730017338761854e+01 9.631831902440043791e+01 9.698759426653938931e+01 7.677895624999760571e+01 9.698759426653938931e+01 1.015125061667110486e+02
5.209552565718499295e+01 5.897758510719577174e+01 7.196137430542584923e+01 8.948831587022134215e+01 9.106004321965041015e+01 7.079245285211628413e+01 7.672869263245588911e+01 7.434885571506504220e+01 6.047198741829673452e+01 4.069054615129091701e+01 6.050464155039278324e+01 6.759400530168841215e+01 7.085750947994800697e+01 7.428289319930587453e+01 6.945557364505823728e+01 8.301974238021858810e+01 7.269047745846536657e+01 9.334894736862841569e+01 1.121291279484151460e+02 9.988485824024920134e+01 8.162642182044666583e+01 7.004967232680007783e+01 6.383928606620300883e+01 7.586612999247493860e+01 5.529572979975473146e+01 6.992811055423213418e+01 9.020177705391778034e+01 8.497952507135906330e+01 8.497952507135906330e+01 1.050155358397849028e+02 1.104767818742989789e+02 9.045369168961687478e+01 7.609557544443481447e+01 8.806241852939047021e+01 7.085343735276471477e+01 9.115386296713320746e+01 9.708956880651952304e+01
7.100481411333512938e+01 7.742047399679086084e+01 7.561887856536257857e+01 8.579363870703681982e+01 9.089298734852589234e+01 7.078074532482671088e+01 5.658192554579002120e+01 6.724191545882673893e+01 5.842522281960251007e+01 3.862363789959585603e+01 4.739559388969762921e+01 5.725199968117161120e+01 7.148394688450575529e+01 9.183444010101356980e+01 9.001915151841518536e+01 9.840412536977648017e+01 8.735831833233355326e+01 8.735832207180476416e+01 1.078118729871995072e+02 1.089531761846640450e+02 9.009725836607155713e+01 8.043721681256297984e+01 7.697783961311151302e+01 5.648734391879014538e+01 5.247459010335600027e+01 7.309241779632574776e+01 8.129153087075511053e+01 7.057573853863000579e+01 8.497952507135906330e+01 1.050155358397849028e+02 1.070398449612381881e+02 1.045653170299460015e+02 8.806241852939047021e+01 6.769705491991260260e+01 6.531911865742254975e+01 8.572834600598879717e+01 7.685381313366924871e+01
7.346762994044479456e+01 7.044032490607187924e+01 5.283192986138286784e+01 7.044032490607187924e+01 8.154591830143603204e+01 8.506760155540733592e+01 6.724191545882673893e+01 4.731401145045128942e+01 4.188780696867835474e+01 3.663313759689843607e+01 5.055977942387751511e+01 7.057760503808796670e+01 8.583204093234220977e+01 8.286682479276426250e+01 8.510946006361069749e+01 9.356218337002337648e+01 1.078109810777710607e+02 1.078118373040764055e+02 1.161053322873149369e+02 1.179958721798614221e+02 1.085781845841243722e+02 1.004044038139269617e+02 8.527317974609574946e+01 7.036151980515278126e+01 4.971840944125830930e+01 7.036151980515276705e+01 6.083796213545790721e+01 7.537700071620636777e+01 9.557046978493136180e+01 1.012382708188770835e+02 8.734889968888955991e+01 1.012382708188770835e+02 9.234336076861252707e+01 7.204836442932058560e+01 6.009597867397249615e+01 7.572026023908892967e+01 6.228970803056906647e+01
7.876089058349994332e+01 6.111779301254080821e+01 4.114314845466419257e+01 5.003392631812025826e+01 7.147334037289424202e+01 8.120565023151451101e+01 7.284604001274990992e+01 6.724191545656842095e+01 5.457605718493788771e+01 3.479877310054320816e+01 4.872240765917503325e+01 6.870823449157894913e+01 7.695236117302989953e+01 6.263275425018210285e+01 6.484584787150708962e+01 8.168864309968905957e+01 9.009777723923583892e+01 1.002799048569453788e+02 1.188272523017148075e+02 1.073420543891301264e+02 9.837780136684067145e+01 9.012789311864140984e+01 8.295599765728771047e+01 6.804172929856508745e+01 4.739783791046512107e+01 5.267903598896300110e+01 7.326898117045547565e+01 7.969429139301493592e+01 9.984240372640934424e+01 9.233258585059027723e+01 7.307602219516661535e+01 9.233258585059027723e+01 1.006095172744005026e+02 8.730900575027959576e+01 6.709317653325246056e+01 5.507882813091735130e+01 5.185037851533097353e+01
6.952875502199736957e+01 4.880487675994985608e+01 3.384621409494157263e+01 5.248824334225579236e+01 6.701071553951389603e+01 7.284604001186893640e+01 5.278847187956886700e+01 5.866319757188443873e+01 5.276121633690053159e+01 3.299786615253807298e+01 5.276170514419740698e+01 5.776265615356395244e+01 6.171536565058669055e+01 4.860257594516571800e+01 5.479817889841983458e+01 6.139874367802663357e+01 7.149377255689488209e+01 9.188410499160056588e+01 1.106445581600864188e+02 9.070032759136434208e+01 7.900133136765295205e+01 6.984283886799990171e+01 6.253402925306529170e+01 6.575060229729501771e+01 4.513420772121736491e+01 6.298196448947288673e+01 5.923019293873572622e+01 7.218950652109990074e+01 9.245371645539522376e+01 8.415398436928370529e+01 6.387668448575946911e+01 7.739488440810893621e+01 9.736046348783760607e+01 9.541660691438720221e+01 8.363013474233767397e+01 7.572026023908892967e+01 6.831294344625209192e+01
5.791608231816354646e+01 4.787090662845965738e+01 2.864957900801330481e+01 3.944651033229891368e+01 5.863886268944820301e+01 7.284604001358006542e+01 5.278847187956888121e+01 3.883116190879590590e+01 4.874406921053140707e+01 3.121972583065944562e+01 3.454129940650769726e+01 3.796545187267111032e+01 4.189498641603464790e+01 5.169816796705728024e+01 6.579548682445094698e+01 8.168856345562679167e+01 9.009364632149326724e+01 1.002598520153518109e+02 1.115543287747954793e+02 1.031474038675062985e+02 9.491685831660156225e+01 8.819699808705902910e+01 6.786907444072862461e+01 5.324241525487104099e+01 6.298551688974958296e+01 4.244827411304628839e+01 5.160849595911948029e+01 7.218965575816443447e+01 8.492168366453026351e+01 7.739488440810893621e+01 5.696497119180077107e+01 7.739485891480158841e+01 8.803190662240564279e+01 7.973975237060867016e+01 8.803171996728868010e+01 8.775663044032502569e+01 6.793052186467303954e+01
3.849769811067513814e+01 3.759396764513203948e+01 2.380296520871932131e+01 4.264729460086636692e+01 5.566829976623890275e+01 6.696363009481105166e+01 5.494345869968937279e+01 4.665962641285970136e+01 2.900942866361045347e+01 4.874739331946208409e+01 5.431508465891626258e+01 5.776242512203807422e+01 5.040350254047830703e+01 6.171572255961982734e+01 8.012962038573989787e+01 9.446691363985235057e+01 9.323556639668881019e+01 8.485155550095034016e+01 9.323668571622853563e+01 8.324089288573077283e+01 7.469344625568341201e+01 8.672447905270895774e+01 7.959120915927776707e+01 7.122495963410442243e+01 6.111252204698298840e+01 4.068348997635213493e+01 6.112746645016550673e+01 8.053622233090702309e+01 6.468643129698676830e+01 6.468643129698676830e+01 5.143338568056550741e+01 7.193476121053902261e+01 7.788317148347591967e+01 5.930417057097961475e+01 7.788317560893268876e+01 8.473218487477159044e+01 7.632703255414159571e+01
1.891396295614549317e+01 1.782231009030475377e+01 2.978134079094072462e+01 3.235330815571092700e+01 4.544486734916544179e+01 5.287626135003816330e+01 3.878864093082482611e+01 2.693569608392809300e+01 4.665961871504873670e+01 3.779375067723183435e+01 4.915949335801082754e+01 6.922571918092425847e+01 6.188087960602813098e+01 7.899236355329921366e+01 9.024802845317400113e+01 8.849490973988007170e+01 7.989003410931313454e+01 6.435610128478218428e+01 8.302293487541484751e+01 8.323954787272241163e+01 6.283234935543405442e+01 6.637079879558339712e+01 7.124764267404903251e+01 5.077021998588608653e+01 5.665706780216664384e+01 3.896279753348485997e+01 5.338304278057132279e+01 7.461684587671311419e+01 6.468551445283593182e+01 4.420412963487846270e+01 6.458535861814286250e+01 7.302238244017220836e+01 6.931223449641473167e+01 4.952051884304013640e+01 6.932989643232727417e+01 7.635443833816407277e+01 5.570477294424227210e+01
1.724240199973406362e+01 3.671904453572707183e+01 1.839629342648272115e+01 1.972791900579329294e+01 3.929782400685499510e+01 4.258510777442296558e+01 2.490503592719385040e+01 3.878864093841013982e+01 5.494365578339462530e+01 4.762437785866534057e+01 5.788355563428786610e+01 7.765762026108895100e+01 8.246331979625040276e+01 9.124380447095983016e+01 9.456769554698574609e+01 7.387011614987387986e+01 5.932446438646611853e+01 5.409789566679454254e+01 7.460230019490427367e+01 8.155847482229791012e+01 7.233225372079277804e+01 5.182525558947352806e+01 6.358815238998739972e+01 5.676845411837436473e+01 3.656443232738665472e+01 5.676664226010770165e+01 6.714450911247566012e+01 6.597404739113690653e+01 5.740303425212058386e+01 3.999491107947100232e+01 5.583490990493572781e+01 5.152207830609343375e+01 5.767277327413085430e+01 4.350463883689801037e+01 6.269697169927663793e+01 6.909022519863644618e+01 6.064905580539690533e+01
3.618112785986281210e+01 3.853870571116618748e+01 1.881722842874629720e+01 3.801346948725731067e+01 2.158673150213147096e+01 2.294049317030385993e+01 4.258510777442703699e+01 5.287631682795292676e+01 6.696399271757486815e+01 6.171295384191713396e+01 7.614736387795709049e+01 8.762826453477734390e+01 9.063380758504030155e+01 9.871985262512190218e+01 9.038984454089435872e+01 7.808473516791671898e+01 6.685449223082751757e+01 4.652450662781704693e+01 6.685602963990685055e+01 6.026685327414931237e+01 6.706442025145626928e+01 6.358815238998739972e+01 4.282633395359665229e+01 5.469129826977256670e+01 3.490825376992994222e+01 5.384186478499860584e+01 5.434096784322471763e+01 3.496569765430153609e+01 3.547275589697882481e+01 3.598108211418120561e+01 3.649411669768850430e+01 3.700315820203116601e+01 3.750573183443454894e+01 3.800099570052743303e+01 5.828767270693143843e+01 5.959905804673700658e+01 4.014901405804377532e+01
3.894214337921902569e+01 2.608711548524102497e+01 1.923531777172320290e+01 3.994905699298848134e+01 2.694302798905250285e+01 4.254076945331675574e+01 5.084994291482986029e+01 6.906834299727229620e+01 7.768786797197830651e+01 8.215735634835102985e+01 8.411500138636226609e+01 7.539456458254900895e+01 6.889509739498544150e+01 9.057706933265511395e+01 8.174428245720373809e+01 6.070485794828542225e+01 4.892688965276397539e+01 4.150815800191444538e+01 5.567258544912007068e+01 4.747722683698091117e+01 4.820567294904945044e+01 6.110525519820540552e+01 5.573254263714608214e+01 3.485011115601436416e+01 3.325567344876628084e+01 3.375219191228003268e+01 3.425170603999283259e+01 3.864117598503749207e+01 4.593371703197598777e+01 4.181105296783628233e+01 5.415753951729514881e+01 5.722363891161325000e+01 5.775158059402324540e+01 5.551196079374602022e+01 3.869575287848842748e+01 3.918949746975867043e+01 5.959905264604203268e+01
4.750509599221391710e+01 3.935701733265278790e+01 1.965104930462078059e+01 3.948145989665214728e+01 4.644880822503471052e+01 3.529251702163599447e+01 4.182471099784618929e+01 5.056143371252257168e+01 6.424913149066431117e+01 8.339223777234974477e+01 7.532351566744358706e+01 5.318493943749371056e+01 7.539322445090630254e+01 8.005115279966794617e+01 8.764122051672372038e+01 7.807887859830208299e+01 6.941477445400140311e+01 5.567351323194043289e+01 3.584813903860242590e+01 3.870858284819720296e+01 3.826620855734442017e+01 4.996614603880136229e+01 5.192261000836833773e+01 3.258670300095205619e+01 5.249133768844392023e+01 4.694239305606936341e+01 5.436991597665358000e+01 4.105161741105990103e+01 5.035260072639815832e+01 6.094517506835648391e+01 5.108674753337208330e+01 7.108459635480230077e+01 6.588636166318772780e+01 4.531116117779625085e+01 5.905201420568516113e+01 5.723818991730247774e+01 4.024441180400336293e+01
4.735806440420471120e+01 2.023208885482511832e+01 2.929123219791863519e+01 3.643279720561375967e+01 5.552503888301238533e+01 5.473092651656005359e+01 6.119012439186229813e+01 6.906834295802873669e+01 7.768786775188749516e+01 6.788948321012949805e+01 5.891379870381771156e+01 4.660410084002118225e+01 6.801746461126803922e+01 5.845815185852836748e+01 7.357318044863079365e+01 7.377288369670178270e+01 6.539137138384198522e+01 5.771733293649924690e+01 4.883830321521730866e+01 3.051562885807733494e+01 3.098968416222840716e+01 3.145828588624470257e+01 3.192380331368808299e+01 3.479690464361964075e+01 5.472554323028913359e+01 6.605665348383632818e+01 7.138589134588119123e+01 6.312167647590515429e+01 4.960939277432804317e+01 6.798896380222325320e+01 5.856829365764638595e+01 7.880151904121721884e+01 7.104350731764026250e+01 5.043662727146769953e+01 7.099946561859135841e+01 6.833807334944003742e+01 6.075106533339268822e+01
4.624181452452639007e+01 2.063823371529692352e+01 2.915900046370025578e+01 4.306722966177316181e+01 5.626750716900154003e+01 5.619392987039845622e+01 4.787311372766935591e+01 5.622582240210908822e+01 6.662515038191378380e+01 5.891873215081049864e+01 3.899463172252768572e+01 5.891857123453478806e+01 6.638155808161540961e+01 4.603645171299380223e+01 6.077301351689710174e+01 5.872735024226793854e+01 4.524954660431933462e+01 4.896345813648851930e+01 2.984043983243357445e+01 4.963122024809506172e+01 5.236798268288048064e+01 5.132059841685817503e+01 3.221152959156131601e+01 5.453385941608838294e+01 3.915054434011235429e+01 5.999817088118683728e+01 7.381964996972968152e+01 7.630883216563680094e+01 5.988014521554461567e+01 7.630824710789175924e+01 6.862492135065664911e+01 8.718262528750186391e+01 7.674243417410158941e+01 5.619466122794239737e+01 7.674243417410158941e+01 7.286239397998554068e+01 5.064617390042707257e+01
