MOVIE_S2_data/elevation_000837.asc
nrows	100
cellsize	150.0
xllcorner	0
ncols	100
yllcorner	0
NODATA_value	-9999
[rows 17 to 33 of 100, columns 37 to 73 of 100]
5.178503167434183041e+01 4.363501742909284786e+01 2.694340589637589289e+01 4.645076588855111765e+01 5.574663352193059040e+01 4.749887043060611802e+01 3.015527269403310484e+01 4.968197328615045194e+01 4.052806146115284491e+01 4.790323081082782153e+01 6.204302137732242528e+01 8.215518237356072007e+01 7.325693148050947912e+01 8.990147827123297475e+01 9.027071388599216561e+01 8.682275031927838427e+01 7.841760006868759092e+01 7.058601007992771770e+01 5.022642641182260803e+01 6.199233246786502605e+01 8.232222470348369825e+01 9.427045986865320515e+01 7.397327692884007888e+01 6.773159587818143734e+01 4.727600837817365687e+01 6.346806115725325981e+01 6.558459996564749872e+01 4.831037655746353465e+01 6.878251559873828569e+01 6.835367305707093522e+01 8.374489845714664682e+01 9.059153283701570558e+01 9.891601034100712297e+01 1.090490258263010332e+02 1.015434330861917402e+02 9.119842140447394740e+01 8.269181665116872182e+01
5.972612057995583967e+01 4.846220375366134192e+01 2.896146677792079416e+01 4.265616970207688041e+01 6.247920992047759370e+01 5.794330794220722680e+01 4.968197489493313412e+01 3.233624004497893623e+01 5.189163323499281688e+01 6.247592765526494674e+01 6.791733620060176690e+01 8.791298919922137145e+01 9.326119871789332194e+01 1.013845169568080138e+02 1.016586299193773471e+02 8.143218107964236196e+01 6.703161936921442532e+01 5.683564243861974319e+01 6.041559589922427875e+01 7.896264956182535855e+01 9.063062029218947657e+01 9.752131560877968752e+01 8.583863643207827465e+01 7.082369872769295682e+01 5.031364238589942062e+01 7.082369872769295682e+01 7.724692200092361816e+01 6.880502295332067320e+01 5.158688112536848536e+01 5.725623548951681840e+01 6.317942122504427260e+01 7.005162969740868562e+01 8.038852997222240049e+01 1.007945357018089680e+02 1.115129873213172402e+02 9.098110456409696667e+01 7.618484485311965670e+01
5.145945588137902860e+01 3.191930976652947649e+01 4.846220368921095911e+01 4.265616970207808833e+01 6.247920992682675490e+01 6.599422681063440166e+01 4.606871420060030431e+01 5.190473911182501610e+01 3.464602318712324092e+01 4.842275485175999705e+01 6.840878674104909862e+01 8.507897509239283806e+01 9.334886641804526164e+01 9.257124140867932738e+01 1.008587338417766972e+02 9.567838991938845083e+01 8.263095769844194649e+01 6.228770634560783748e+01 7.482475021375017832e+01 8.910637003408054113e+01 1.040733096365978696e+02 8.929632305936800662e+01 6.881780569615126808e+01 5.694116470392948770e+01 5.466134487176632462e+01 7.520324697043609774e+01 8.927465507859857041e+01 6.875536674108303714e+01 5.422220948305285759e+01 7.476532711671819698e+01 8.374489845714664682e+01 9.059153283701570558e+01 9.891601034100712297e+01 1.090490258263010332e+02 1.100009908344293166e+02 8.943634333397558578e+01 9.699476575844481374e+01
5.362277194790670620e+01 3.403644956739169913e+01 5.362277193573590495e+01 6.247920991227375254e+01 7.076321572690049777e+01 7.429042131948233418e+01 6.599421620668030641e+01 5.598338473721506858e+01 3.629793616110394794e+01 5.598341225873010529e+01 6.693514142503114783e+01 6.497241992778090491e+01 7.793855922601505881e+01 7.187750381206157613e+01 9.257124140867932738e+01 1.028384456220815935e+02 8.263095769843972960e+01 6.873432902243013132e+01 8.905780515286625132e+01 1.033879898505689710e+02 9.579046510062930508e+01 7.531694737404984608e+01 6.499873644838164921e+01 7.749165817730663264e+01 5.923725773027350527e+01 7.980156611665880462e+01 9.201532886197611560e+01 7.150600105937141393e+01 5.695101235122671568e+01 7.751304420143527807e+01 8.678925505209575419e+01 8.678925509941988992e+01 1.071101494069609714e+02 1.179305858468173227e+02 1.183356834929365107e+02 1.040685325347523502e+02 1.138523126964955310e+02
4.020808471083157798e+01 3.631521322806329266e+01 5.587978100994532582e+01 5.928329337962572509e+01 7.934800868912266480e+01 7.696719002273033539e+01 5.692807061689037340e+01 4.288375413506179967e+01 5.598341225873010529e+01 3.883445707533878988e+01 4.859496423877775584e+01 6.652109593468249216e+01 5.657844129489822649e+01 7.793855922601505881e+01 9.330779819844978817e+01 1.015571480260583286e+02 9.737509809407866612e+01 8.049817755431914179e+01 8.313500225973915292e+01 1.033567162247163935e+02 1.040733096365978838e+02 9.280870616823146690e+01 7.229148969917220313e+01 8.465073807367055281e+01 6.407744383001481481e+01 8.465073807367055281e+01 9.693838405867683150e+01 8.190144369720582063e+01 6.131802553129907807e+01 6.224421287379932011e+01 6.620413599421327433e+01 8.678925509941987571e+01 8.941014631520249623e+01 1.096902631776299017e+02 1.253212258961377330e+02 1.243232121197222284e+02 1.181830866613823474e+02
6.047251115777909547e+01 5.587978100994532582e+01 3.958527581008193863e+01 5.928329337962572509e+01 7.122296127024519308e+01 8.264235130788108563e+01 6.818685784209134226e+01 4.810499438752096779e+01 6.693514142503114783e+01 5.862850289251507974e+01 4.147359481966230277e+01 4.632426056994421515e+01 6.652109593468249216e+01 7.910874676868806432e+01 7.322730709365096402e+01 9.330779819844978817e+01 1.090184509524121381e+02 1.007504738994159226e+02 1.033567162247163935e+02 1.116151939284182646e+02 1.056602873296953362e+02 8.534015332732654713e+01 9.280870616823146690e+01 8.995892918573433406e+01 6.940039341022510655e+01 8.995892918573433406e+01 8.857702732464932183e+01 6.800149676332866022e+01 8.190144370362064308e+01 7.683311451305822004e+01 8.678925505209575419e+01 7.258001533244210179e+01 9.313161709864317572e+01 1.090239400280287185e+02 1.053612086115685287e+02 1.253212258961377330e+02 1.264767569283809223e+02
6.607250562601403487e+01 5.191217201721948271e+01 5.928329337962572509e+01 4.313371636690385458e+01 5.449389571312013913e+01 7.449647466473220447e+01 7.400488872219403902e+01 5.385063855350891515e+01 7.400488872219403902e+01 6.970329086761186943e+01 6.139047758737665106e+01 4.431753164390480748e+01 5.129356385672127061e+01 5.891118122187499040e+01 7.910874676868894539e+01 9.405797703297234591e+01 9.771594836239779625e+01 9.989414133593527367e+01 1.081296479997885740e+02 1.122118443040075846e+02 1.138803784425634547e+02 9.979480298455797538e+01 1.065356016675433608e+02 8.623340706070963790e+01 7.629510596784325571e+01 9.679084079467979507e+01 9.371345286073126601e+01 7.316775071640356032e+01 9.371345286073126601e+01 9.729972868549424447e+01 1.014643024058331235e+02 8.292779180988969756e+01 8.140859083929227324e+01 8.872243710723141419e+01 1.090239400280287185e+02 1.245164666150928809e+02 1.160610101383086175e+02
8.025957065377203037e+01 7.196721842613891340e+01 6.760708253563092285e+01 4.755135605551235756e+01 4.788157239211081162e+01 6.793506756577200179e+01 8.072300183663331552e+01 6.056866249331560681e+01 8.072300183663331552e+01 8.081576711174514571e+01 6.065190344284867052e+01 4.645183774584927505e+01 6.656029631745474262e+01 7.302333004900734181e+01 7.639756449686356632e+01 7.398594158364039686e+01 7.768041424406300166e+01 7.987512913782627777e+01 9.595116346795950335e+01 9.229665884472218806e+01 1.122118443040075846e+02 1.198208191856130753e+02 1.147498392835330776e+02 9.679084079467979507e+01 8.663434716794021995e+01 1.050676148423232803e+02 1.020428360361106428e+02 8.242608985342204164e+01 8.422582013211173546e+01 1.046084001685865417e+02 1.116022566863552612e+02 9.744366289543206960e+01 9.594544475783754933e+01 1.090239400280287185e+02 1.172546550702133885e+02 1.142005940417689374e+02 9.533877281327833941e+01
8.057826620620409130e+01 6.036730990894606919e+01 5.455799465688024696e+01 6.760708253563092285e+01 5.140474992590428371e+01 6.565580093205555556e+01 8.579290365681636388e+01 6.961810460418421087e+01 8.898956856491393808e+01 8.302258715358621544e+01 6.286174640381824474e+01 5.218018913607562581e+01 4.995523408165025359e+01 5.277867281192853710e+01 5.615215780972635429e+01 5.964701099209743518e+01 6.337178315722739796e+01 6.950236012288507936e+01 7.590483661799575543e+01 8.491457583305965784e+01 9.906264680593072569e+01 1.189241637168979082e+02 1.250495150008414953e+02 1.151491036940824699e+02 1.069473344214195265e+02 1.151491036940824699e+02 1.111150965251549820e+02 9.431717785322713610e+01 9.872415490465074583e+01 1.009283478553511628e+02 1.209827551892330888e+02 1.175594563434091100e+02 1.160921388407834058e+02 1.153390077796424720e+02 1.190232541136585240e+02 9.836321618356933527e+01 8.494864007381164583e+01
6.992175292671416287e+01 8.057826620620409130e+01 6.621690133272582557e+01 7.537149625898943839e+01 5.517154295858348689e+01 6.947991629592935681e+01 8.959502850961440856e+01 8.126249691410455966e+01 9.794839208585874246e+01 9.132233047764047740e+01 7.848727595091456521e+01 5.827559141707904189e+01 5.576775482778177917e+01 7.302333004900734181e+01 6.143972029215110808e+01 7.986490465453293552e+01 7.768041424406300166e+01 7.202784009092260931e+01 8.027376536665325091e+01 1.002809440686079512e+02 1.048799504245017999e+02 1.247276476641207950e+02 1.187494226882725314e+02 1.104169701387045990e+02 1.078014854801803750e+02 1.161365420853275197e+02 1.227039461569390539e+02 1.144945088212257787e+02 1.188142248891100365e+02 1.209827551892330888e+02 1.206002443694100492e+02 1.121920236113854230e+02 1.093447257717924828e+02 9.494668505088826294e+01 1.093447257717924828e+02 9.836321618356933527e+01 7.773710870026668829e+01
8.422002456793782699e+01 9.464252604711560934e+01 8.639191558797730863e+01 7.949674852144231352e+01 5.928722231489640393e+01 7.361639099259605246e+01 9.369318741918799276e+01 1.012425297611053310e+02 1.094599569346829213e+02 1.049841194860117355e+02 8.520473719945542257e+01 6.505267186894135989e+01 6.189843792971070258e+01 8.208877603823195557e+01 6.786991553267841937e+01 8.800005857724836744e+01 9.771594836239779625e+01 8.626687592175127861e+01 9.211304756652999970e+01 9.445361718770372761e+01 1.143493556568680276e+02 1.232559751077606052e+02 1.104169701387045990e+02 9.030886931168292620e+01 8.770434443384154122e+01 1.033076829129197449e+02 1.116392843441251443e+02 1.111245931722270939e+02 1.194543872932563744e+02 1.216820914077370190e+02 1.088426367403068156e+02 9.180010508225262811e+01 1.002303399492462717e+02 8.052250709899918490e+01 1.002303399492462717e+02 9.737135145472829834e+01 8.885701767910850890e+01
1.042334005862225297e+02 1.011006047951316731e+02 8.111547222249463118e+01 6.943131391835667898e+01 6.605161042026347218e+01 7.581795049666894215e+01 9.004905484276807215e+01 1.099077179393106718e+02 1.108362085395343399e+02 9.094253418631400621e+01 7.673892150513418642e+01 8.520473719945542257e+01 6.867477873799492727e+01 8.879577468835067577e+01 8.800005857724836744e+01 7.867886106929709911e+01 9.870388308226991114e+01 1.062269544393157759e+02 1.120421606287412288e+02 1.143493556568680276e+02 1.225669024054371192e+02 1.149280138896977377e+02 9.480101023715165809e+01 8.330769704385863861e+01 7.630652477603432260e+01 8.330769704385863861e+01 1.033076829129197449e+02 9.102885802511865165e+01 1.078497135640086526e+02 1.072848847800335790e+02 9.288767815233001102e+01 8.003235936393042493e+01 8.752526224379151643e+01 7.142997312556623513e+01 9.179766430228684726e+01 8.561842303045420977e+01 6.858267383162693420e+01
1.066773909626807324e+02 1.092553442491410038e+02 9.776728959894434468e+01 8.111547222249463118e+01 7.775180452550337407e+01 7.886186565821546424e+01 9.887972078885329097e+01 1.082257902552439504e+02 9.987237554616659452e+01 1.049841194860117355e+02 9.676925650165534876e+01 8.513030982227411414e+01 8.033870016895514254e+01 9.705043164024591817e+01 1.069385654456498713e+02 9.028150013220603398e+01 1.069385654456498713e+02 1.130571334400357415e+02 1.047260822305730983e+02 1.130571334400357415e+02 1.065704301909771914e+02 9.825219850582766412e+01 1.033076829129197449e+02 8.330769704385863861e+01 6.947578433818007682e+01 8.916555728127143254e+01 9.952231507548071932e+01 7.962322270512751743e+01 9.952231507548071932e+01 9.885930988901186822e+01 7.847567998585651594e+01 8.596757039383420818e+01 6.720746508455204093e+01 6.471579654878998156e+01 8.500843391004663374e+01 7.715145790751243737e+01 5.730915907168155599e+01
9.659119066205055049e+01 1.059167636543795368e+02 1.092553442443625329e+02 1.011006047951308346e+02 9.197988683903342633e+01 9.307803204497211880e+01 1.070434888372039808e+02 9.665032920155498175e+01 7.987181713624683255e+01 9.665032920155498175e+01 1.133336208598004191e+02 1.051052230124898728e+02 1.003483533235429803e+02 1.085798208991188005e+02 1.184302406343687153e+02 1.102090721524581625e+02 1.101471935878095536e+02 1.030049949535348759e+02 8.462539228311159434e+01 1.030049949535348759e+02 9.825219850582766412e+01 7.837927756280558356e+01 8.419992134503254988e+01 7.886639463678483253e+01 6.520665848961728273e+01 8.476279020504257744e+01 8.275157493345299997e+01 7.237982129401463283e+01 9.200116511435815880e+01 1.003813235710123877e+02 7.999719510862111349e+01 6.566414240046093198e+01 5.968616956165642051e+01 5.875375262966192480e+01 7.888997343269009832e+01 7.282139982732927308e+01 5.311769868050950549e+01
7.734378550859587165e+01 9.759306307655168666e+01 1.023561493165739051e+02 1.106742692556933605e+02 1.118037280496844517e+02 1.128862364389984094e+02 9.960767062175509068e+01 8.832504776425646753e+01 6.836597525711236756e+01 8.832504776425646753e+01 9.780989258335094405e+01 8.947112847042717476e+01 9.780989258335094405e+01 9.607277858197265630e+01 1.044258927906138865e+02 1.042581944281998290e+02 9.004621633149361060e+01 9.467573725684238184e+01 7.468344742609413345e+01 9.467573725684238184e+01 9.825219850582766412e+01 7.837927756280558356e+01 6.468249649253745304e+01 5.953101662969611141e+01 7.886639463678449147e+01 7.553537837838382529e+01 6.365931343052994862e+01 7.696818937125073035e+01 9.671390270919262377e+01 1.010644146713135569e+02 9.440101672053496884e+01 8.596757039383420818e+01 7.330519068459466325e+01 5.330777780693355083e+01 6.845510523134989000e+01 6.606173468689277684e+01 4.893106960642709424e+01
8.105959717605922776e+01 9.549121872414904999e+01 8.215562549086577349e+01 9.903158169235453556e+01 1.068670988230833103e+02 1.009646714888273635e+02 9.127662011265067576e+01 7.127848353009223104e+01 6.128209612658003635e+01 8.126845000625878868e+01 8.779532723523128368e+01 6.948442431018607124e+01 8.191686436530766002e+01 7.605329270897489380e+01 9.607277858197265630e+01 9.593365626139191704e+01 7.594991616894054687e+01 8.329482928919790652e+01 6.813329486156715120e+01 8.172555576688404244e+01 1.017388756448756908e+02 9.247485387689145853e+01 7.499931903536770506e+01 5.590961898978085998e+01 7.061984149003909295e+01 5.707687394723952679e+01 7.553537837838382529e+01 9.099718480616077443e+01 9.530038061489238999e+01 8.132330652673259408e+01 9.530035430155832898e+01 8.915628031795235131e+01 6.886456724629466919e+01 5.734807604883570065e+01 4.836026675448764678e+01 4.585553425847284359e+01 6.569373570537705120e+01
6.675314580484618432e+01 8.714617543861817239e+01 7.035955566764090463e+01 8.996469095538270722e+01 8.680174956477608816e+01 8.093527522100282567e+01 8.908265061232212645e+01 6.909353295665758310e+01 5.493703460889521750e+01 7.494820996806598146e+01 7.947777639030550745e+01 5.945942183873156495e+01 6.190623475810708243e+01 7.605329270897489380e+01 9.607277858197265630e+01 9.575300862998633988e+01 7.581867132976086054e+01 6.351477456629152130e+01 6.197709465027581643e+01 8.172555576688404244e+01 9.622441869321941965e+01 9.473634879881170434e+01 7.499931903536716504e+01 7.061984149004005928e+01 5.186708352573490544e+01 5.298661728285785699e+01 6.547167635722102830e+01 8.454639968351004597e+01 8.645088562482972350e+01 6.731604817917049388e+01 8.645088562482972350e+01 9.758463224529153024e+01 8.585972424964246841e+01 7.684369435065505627e+01 6.407532031304623388e+01 4.382676110695583560e+01 4.882533767809961489e+01
