MOVIE_S2_data/elevation_000956.asc
nrows	100
cellsize	150.0
xllcorner	0
ncols	100
yllcorner	0
NODATA_value	-9999
[rows 34 to 50 of 100, columns 0 to 36 of 100]
2.978181695229736945e-03 2.000297818169487485e+01 2.498258772050077425e+01 2.754332501153483292e+01 1.279558310223970174e+01 1.671790580500331558e+01 2.088819408614473971e+01 3.243519943562172614e+01 5.243512839916952117e+01 6.778881488269054501e+01 7.359189227916461107e+01 6.527683858206812317e+01 6.608653933347417819e+01 4.921392588366007459e+01 4.444142483484500872e+01 5.619891717490882854e+01 7.633209138620291867e+01 9.064771896606737300e+01 8.794146664901735733e+01 6.745480244348476617e+01 5.421154957650722395e+01 7.469777794288609130e+01 7.872246441606314704e+01 5.811743045517672357e+01 4.364457208982193492e+01 5.658068794350304387e+01 5.888764649673734652e+01 3.864196970646948870e+01 5.888764649673734652e+01 5.559764281051611334e+01 7.113802860999835787e+01 6.246876906837115229e+01 8.298045737586166126e+01 7.250017022030469604e+01 5.252206185481307443e+01 7.250017022030469604e+01 7.019431226790329958e+01
1.893497408783086870e-03 2.482588189192946881e+00 4.982588189192935779e+00 7.543325787850844399e+00 2.754332501149400869e+01 3.671788801919280587e+01 4.088816402829180419e+01 2.795926189800755779e+01 3.950626716726872445e+01 5.950610492970263010e+01 7.143187845942968295e+01 8.037972157640240312e+01 7.772692350580987863e+01 6.942646960617004481e+01 5.463490040570404460e+01 7.301718052422228311e+01 8.462006590719877863e+01 8.683371586269130660e+01 7.660495553429375093e+01 6.745480244348476617e+01 4.707307317154915438e+01 6.745480244348476617e+01 8.149437717187483088e+01 6.837813735884188304e+01 4.794435554203605676e+01 3.627796210084166972e+01 5.010704768169804169e+01 3.435870127727017831e+01 3.909301324563219993e+01 4.465523814418040160e+01 5.072183517954709941e+01 7.113802860999835787e+01 7.688359873703443270e+01 6.494893901550251769e+01 4.489609129484374250e+01 6.494893901550251769e+01 6.191309716015557285e+01
9.179827644033159914e-03 2.000917982764367764e+01 2.498258772050077425e+01 2.754332501155478496e+01 1.288855062609937896e+01 3.288855748615146979e+01 4.720335981084723187e+01 4.795919321381261824e+01 3.648729055120560361e+01 4.315395721431619336e+01 5.209822903825283191e+01 6.624034596430963973e+01 8.623954609974538243e+01 8.307078330803685162e+01 7.478149526545344372e+01 8.307078330803685162e+01 9.287116044409339111e+01 7.238058039013421308e+01 5.790241269732393903e+01 4.777790863057485637e+01 4.153327141756624030e+01 5.264185012875558556e+01 7.303957043084875522e+01 7.684414527757657254e+01 6.447054131674694588e+01 4.415748855616099888e+01 2.989371011137872358e+01 5.010704768169804169e+01 5.934459800673027274e+01 6.498231467762327895e+01 7.113802860999835787e+01 7.960059088379033199e+01 6.861601347471541601e+01 4.859929660935205220e+01 3.852191835763760963e+01 5.127364948968619984e+01 5.954968064978447728e+01
6.604900230173384179e-03 1.155361028402258938e+01 3.155361028402223411e+01 4.117292058637081453e+01 2.443555601792727572e+01 1.891877751765476035e+01 3.306091366094220518e+01 5.306098644598818481e+01 5.648712822910997744e+01 6.315335415593369817e+01 7.143634493722116474e+01 8.038040474603691621e+01 8.821972758885327437e+01 7.992854455954379489e+01 8.252932633420562070e+01 9.081846477109867521e+01 8.791164494242531191e+01 7.609666556879992072e+01 6.697878816258969437e+01 5.638490154546961719e+01 3.622532635093076436e+01 5.638489856070270889e+01 6.213958291791237798e+01 7.059074661981883025e+01 6.195846439233530845e+01 4.167070754475193439e+01 2.737678393854821479e+01 4.761285241877738628e+01 6.188012646900455138e+01 7.204420111106904301e+01 8.547144410144593962e+01 7.714914332986568013e+01 7.688359873703443270e+01 6.285181598006158055e+01 4.279693000203912590e+01 3.119265255867403042e+01 4.521742241354147041e+01
5.101467937297931264e-03 2.000510146793694233e+01 3.983788153148348243e+01 5.271999406638455099e+01 4.443557222997289813e+01 3.306091366094220518e+01 2.598984532952394133e+01 3.354913478988674314e+01 4.171410060423523447e+01 5.585625508697651043e+01 7.585847150262847549e+01 8.413732099474603388e+01 7.584380720659689246e+01 5.986906494392451350e+01 6.247276895062655910e+01 8.252932633405156082e+01 7.946180302379814009e+01 5.897097415553545119e+01 4.726340553898664609e+01 3.832006870918441876e+01 3.232011164529586011e+01 4.781746436494847785e+01 4.188506860241459862e+01 6.213956363425899809e+01 5.952290512246273124e+01 3.925115366627720448e+01 2.491395365626046399e+01 3.322011807653817783e+01 4.329585596421888738e+01 6.359544533446615588e+01 7.397600979240587549e+01 5.731349618253818790e+01 7.397600981572678336e+01 7.112821258050230711e+01 5.955909363768169129e+01 4.521920679785408481e+01 2.518090475097853798e+01
5.600358222118538565e-03 2.000560035822176275e+01 2.985820787870380499e+01 3.815983332003629158e+01 4.817091822164734083e+01 5.306098644598818481e+01 4.013198247187712298e+01 3.753685081958344227e+01 5.753698069095276679e+01 5.804408616640070306e+01 7.804556133250218863e+01 7.584380720659689246e+01 5.578647796703307193e+01 4.828900386417092960e+01 6.834719859410354559e+01 7.395722970742048119e+01 8.225165504129911653e+01 7.519651092271561765e+01 5.477518192251702800e+01 5.852256561605327079e+01 4.188506849202428128e+01 2.770812620047425412e+01 4.366917194072681241e+01 5.207562955396671356e+01 4.819269674607000553e+01 3.978122363709321263e+01 2.259188992526064155e+01 3.696709032620174185e+01 5.723326097080785502e+01 7.204420111106904301e+01 6.569702710835994708e+01 4.617009022040442545e+01 6.569702710835994708e+01 7.049590008845800071e+01 6.933049018721870027e+01 5.239408974459166757e+01 3.949516626650851947e+01
4.575904209876861112e-03 4.855288404936830560e+00 9.855288404950629300e+00 1.985529304934856043e+01 3.399807730992789345e+01 5.401576641105453547e+01 6.013216505631609721e+01 4.908385770982663843e+01 6.582236036212650276e+01 7.804556133250218863e+01 7.608770005583056673e+01 7.584380720659689246e+01 5.578647796703307193e+01 4.161723069193259761e+01 6.166113368492786861e+01 5.390190520296827970e+01 7.067791778692834725e+01 8.225165269516264743e+01 7.519651092271561765e+01 7.058999860616054889e+01 5.623753354909256785e+01 4.366922402838969219e+01 2.351360509934541199e+01 3.971638194692376089e+01 3.978122357792025809e+01 1.946273407976219971e+01 3.964262378363400074e+01 3.917742447429012032e+01 5.942657980136110041e+01 7.271958792478679356e+01 5.302471872943883113e+01 3.968865591798864045e+01 5.099373512948382370e+01 5.099356648076307152e+01 4.942784943257718311e+01 4.663499418493807980e+01 2.239692341592107638e+01
4.658155261040713979e-03 1.998959674928170571e+01 2.985029248862523232e+01 1.985529304934856043e+01 2.741459660349524441e+01 3.741477676709792632e+01 5.156095155861522983e+01 6.908416142448510300e+01 7.737021900385785500e+01 7.020317481124817505e+01 5.610322289744916446e+01 6.454965678882525992e+01 5.679977314727741344e+01 3.677550685883146286e+01 5.235854558732927444e+01 4.233880846725870839e+01 5.390190520296827259e+01 7.395722969923070877e+01 6.490169993089469358e+01 5.667920056187915634e+01 5.812144710818167681e+01 5.207607006117923731e+01 3.971638194692376089e+01 1.954564764096292606e+01 3.763570266121203645e+01 1.738862858584290194e+01 3.763570312826728781e+01 5.438163475477718123e+01 6.783070328123476145e+01 7.891371943047779780e+01 6.701662895894733651e+01 5.099373512948382370e+01 3.244867670015121064e+01 4.481201869185007780e+01 4.937646699592670529e+01 2.979730080943066639e+01 3.434130940581429314e+01
5.330849696878311485e-03 6.671997516363573411e+00 1.374306532822925497e+01 3.374307316916258515e+01 4.742394584818093506e+01 5.574163984929408855e+01 6.576493409720687566e+01 7.996891663579846465e+01 7.608770005583056673e+01 5.610322289744916446e+01 4.195010486198540178e+01 4.454725041202650715e+01 5.220589140153604291e+01 3.220884363140483941e+01 3.236069028657619384e+01 4.603466848093773223e+01 6.606390620733057517e+01 7.034035607380823762e+01 5.102056468682918933e+01 3.788399998581413541e+01 3.927086402191054049e+01 5.281901459247115582e+01 3.699656069069505548e+01 1.690030770831380025e+01 3.501707083469052151e+01 1.540559608112872425e+01 2.540900940730120539e+01 3.986007248014811921e+01 6.109089989137233090e+01 6.023994975840824395e+01 7.338002887649300021e+01 5.913244324352260151e+01 4.481201869185007780e+01 2.657271710706575263e+01 3.942912901404022818e+01 3.422653192763230123e+01 1.660016689608836060e+01
9.384206039104543359e-03 2.000938420603874945e+01 3.374307316916258515e+01 2.639217603034269288e+01 4.053431385230074113e+01 6.053443949682646519e+01 7.395428721307166597e+01 8.203019524239466875e+01 7.277281013623704098e+01 6.125930868484026348e+01 5.040567964206464779e+01 3.043753722493686098e+01 4.961374243559934172e+01 4.139695888443431926e+01 2.608712526516534780e+01 4.017000265619504518e+01 6.019322425410418020e+01 5.404459442611973685e+01 5.780128284832790087e+01 3.903314040893858561e+01 2.660827102025823621e+01 4.479207197433038345e+01 3.663959853810376899e+01 1.435550663887377176e+01 2.702695467676904073e+01 1.349446100883256250e+01 2.757726087160493833e+01 4.781096211178863342e+01 6.387211591530250132e+01 4.616946556763819132e+01 6.387211599907330850e+01 6.377975994561399631e+01 4.477735940951195204e+01 3.486548530221850228e+01 2.149401148481782542e+01 2.801758641518951265e+01 1.620050265763826047e+01
9.768314284573654735e-03 2.000976831428421931e+01 3.829358472430511284e+01 4.639221502899930982e+01 5.467662474728895461e+01 6.054181714440382223e+01 5.498619013703843450e+01 7.395428721307166597e+01 6.456545848856700331e+01 4.457060642752135493e+01 3.304690802457295007e+01 2.417298334104308566e+01 3.701030702467566869e+01 2.149564954787531335e+01 4.139695870595294025e+01 5.433093607246357237e+01 4.856233598825042463e+01 3.431001774350435340e+01 4.244984707200374885e+01 3.566905948208507482e+01 2.201684930965334885e+01 3.925647409494429496e+01 3.798405536950020434e+01 2.950553626733889701e+01 1.079849345947816452e+01 3.070264236357679266e+01 4.182846055924213147e+01 5.330682009222014273e+01 4.509268253213964783e+01 3.548143966640267877e+01 4.695848532285069155e+01 5.562975033336282138e+01 6.080946169949945102e+01 4.653925885700829923e+01 3.577395799068742832e+01 1.768019932867454003e+01 1.580749125607528072e+01
9.313476842122882932e-03 1.000931347684221073e+01 2.415144910057341221e+01 4.415144910057411920e+01 6.054079153251376511e+01 4.141346048441290151e+01 6.054181714440382223e+01 7.131562850220637984e+01 5.974774243423132702e+01 5.146226903832887700e+01 4.170940144139049721e+01 3.345998965826244387e+01 1.719036827316585914e+01 3.705390710612321215e+01 4.968768592938855022e+01 5.404459475257961998e+01 3.431001774356885647e+01 2.248811548220401946e+01 2.781404339387165336e+01 1.607970029280630087e+01 2.392254510689648583e+01 3.712704010696761259e+01 2.930408594795007460e+01 9.600864757663073235e+00 9.248396289546320759e+00 2.810155280939310884e+01 3.754005557297325879e+01 3.760322524844831804e+01 2.340011656139777330e+01 3.950712372763202040e+01 2.614624985845588512e+01 4.282601031582742479e+01 5.508118636141757207e+01 4.732525085134515308e+01 3.502650412950817582e+01 1.526710398722693895e+01 3.043981509885641756e+01
1.757287057980242524e-03 2.000175728705762523e+01 3.645126911823884086e+01 4.799832800651839193e+01 5.377861772672302720e+01 3.444720318031563266e+01 4.414904704939880276e+01 6.331186172249937982e+01 5.146226903832887700e+01 3.149717146180763905e+01 3.348535791655181271e+01 1.364438964271389843e+01 3.348535757377634070e+01 4.533640225043234295e+01 4.988448716661945070e+01 5.067377735553588280e+01 4.369840607547335765e+01 2.882367495731096696e+01 1.345173301994899795e+01 1.166000897957811944e+01 2.619272618868225422e+01 2.751853189770226038e+01 2.812488998020841535e+01 8.754679997564750238e+00 2.834632014504247621e+01 9.746739854085577193e+00 2.963726918017946588e+01 2.065206600927489689e+01 1.606868436374671916e+01 1.741140042575358038e+01 1.537410432005633254e+01 2.666821060024308210e+01 4.860697282431141275e+01 4.329715243553780368e+01 2.621902542146609960e+01 1.489908947492173219e+01 1.679797851971094502e+01
1.954507115700021471e-03 8.166920316393031953e+00 1.971392570036426406e+01 3.971392996277233323e+01 4.766548906096111438e+01 2.818959888597724373e+01 4.204945753991592028e+01 6.122378852578317776e+01 4.886531500783332405e+01 2.891122048154542057e+01 1.747567569409352473e+01 1.121610910836302821e+01 2.788359326821365869e+01 3.610793804359612125e+01 3.043834866070885425e+01 3.063950886213835645e+01 3.165441451571945564e+01 6.589456100710207487e+00 6.907522996207520194e+00 7.224986460930897358e+00 7.550979918815345471e+00 7.890484877739447178e+00 8.248214515952319914e+00 2.703549541883522522e+01 3.356580604900598530e+01 1.330304994852491163e+01 1.024540132127851599e+01 1.059839323851756809e+01 1.095097809265881672e+01 1.130333906759770457e+01 1.165561353496936370e+01 3.167699811449407932e+01 4.034905256085517777e+01 4.277525240701738340e+01 3.304595186332111467e+01 1.453401713658287342e+01 2.467064847564291341e+01
9.499524778340364892e-03 2.000949952477798632e+01 3.645093692026273402e+01 4.484315710635743102e+01 3.682181994691723048e+01 2.339777429839051948e+01 3.729556525159129876e+01 5.657333242471384693e+01 5.715150350520261924e+01 4.562224623528770451e+01 3.734337140134596211e+01 2.788253125034558266e+01 7.907822616169774221e+00 2.488972797255479819e+01 1.675347591908846212e+01 1.773162483774259002e+01 6.131805311439442185e+00 7.847162439430690029e+00 1.764800962146935959e+01 2.726443389346390944e+01 2.502497871595681289e+01 1.524504199729068077e+01 8.973106884113038362e+00 2.822588236639633763e+01 4.338777218755457454e+01 3.281460178260994098e+01 1.999525379380816403e+01 1.929329295647496778e+01 2.997495205836728971e+01 1.917090522895939486e+01 3.165982564636488661e+01 1.215440756107684805e+01 3.217885577391295726e+01 2.906223605310814762e+01 2.971669639721213940e+01 1.416963758519787220e+01 3.620298817090573351e+01
7.291241591682445615e-03 2.000727607759856141e+01 3.924571166350159501e+01 3.119323303417707294e+01 1.716141921294949313e+01 3.682181994539043046e+01 4.870099259327882635e+01 4.184090362261444795e+01 4.774960953824649579e+01 3.457448729567445866e+01 2.628479680706450239e+01 2.409445147755518590e+01 5.630899612308724933e+00 4.996232246078198713e+00 5.330310966729203237e+00 5.663733477319652820e+00 7.390971375714623370e+00 2.592444675127366693e+01 3.358558375498124349e+01 3.561514842028994821e+01 4.316013693873885870e+01 3.047989750701550093e+01 1.048246746048187639e+01 3.069589016250770896e+01 4.148820276776832117e+01 4.510892915731584907e+01 3.273700774651101852e+01 2.863604036187729562e+01 4.257841797736215739e+01 3.912052336329260527e+01 2.340846125160507540e+01 3.198204960676491737e+01 1.265373044988143469e+01 3.233360385306196605e+01 1.365669223040723423e+01 1.726766061960850251e+01 4.210419642573950938e+01
1.086749991637594439e-03 2.000089864290426789e+01 2.597871899312141508e+01 1.144886165374836473e+01 3.070727274764480441e+01 2.895452332820293506e+01 2.814459741862816244e+01 1.724500241237139164e+01 3.618622016044428591e+01 2.312694027334610425e+01 4.558456595341180417e+00 4.206964505474842575e+00 4.526821059305446759e+00 2.438462082497857608e+01 2.521435529509369999e+01 2.307213014976406029e+01 7.327408203862760594e+00 2.692095812972883451e+01 4.010018357867704708e+01 5.385706898313652147e+01 4.707695572673581097e+01 2.701529156807516330e+01 3.069667696814938651e+01 1.311423961662119098e+01 2.730452158692727238e+01 4.732971207946107484e+01 5.061677342209206643e+01 4.286426950131271951e+01 5.526397224293340571e+01 3.716189094081317279e+01 4.301180458372860471e+01 3.305583625065507647e+01 1.345575350837612305e+01 1.314990998411894019e+01 3.017672329947818355e+01 3.839309244298397772e+01 2.866287873210098169e+01
