MOVIE_S2_data/elevation_000697.asc
nrows	100
cellsize	150.0
xllcorner	0
ncols	100
yllcorner	0
NODATA_value	-9999
[rows 51 to 67 of 100, columns 37 to 73 of 100]
4.284602129675461413e+01 3.422795194761527426e+01 4.321179877000258784e+01 5.488753475351740718e+01 7.494600227206639431e+01 7.443312688900513763e+01 5.480168684739207663e+01 4.457383457402459470e+01 3.719629388613322618e+01 5.753093505292650178e+01 7.019711548501643961e+01 8.161664075071522007e+01 7.370266159120801319e+01 8.161646172906883123e+01 7.080748913945123491e+01 5.402129794951196118e+01 6.928247311425273836e+01 5.430292487029511506e+01 3.762758300613461415e+01 3.072010363732728067e+01 4.822002273069652745e+01 4.018353663354289296e+01 5.214043496452453752e+01 7.235252840260740470e+01 8.533232822493511094e+01 7.180775447415916801e+01 5.157872172405794231e+01 7.180775447415916801e+01 6.908272083225571691e+01 6.908272083225571691e+01 7.395247930551717275e+01 5.769459202447099955e+01 4.262994332274750775e+01 5.804004479317419651e+01 3.870612898834531279e+01 3.938735237892706209e+01 6.010915884624619565e+01
2.497288619123155229e+01 4.486595588929601774e+01 6.267535392581054055e+01 7.167965207054446353e+01 8.326449947742287350e+01 8.258907974370832505e+01 6.461740686826244939e+01 5.753093505344043734e+01 5.753093505292650178e+01 4.186269007591379676e+01 6.204348481227109602e+01 7.409726557910973099e+01 8.224150434662510634e+01 9.200402299785569937e+01 8.238824870612094742e+01 7.412031173316088939e+01 6.953761078838371645e+01 4.943824422167620014e+01 5.077212106642828360e+01 5.094636975958627545e+01 3.252906088433601894e+01 5.297123078355550518e+01 5.057616102017309601e+01 6.497474033084495204e+01 8.512844341982915353e+01 7.849943635703942846e+01 5.842439070839879633e+01 7.849943635703942846e+01 8.938354443726890963e+01 8.208864537745681389e+01 6.215231834097986052e+01 4.776108970267522125e+01 6.314328319944596757e+01 6.757086228790353744e+01 5.086377793695179150e+01 6.010755934304107484e+01 4.039033469049629588e+01
2.639145055752407742e+01 4.042760016383274291e+01 6.056920359182647928e+01 7.474186157090687743e+01 7.994928157347733588e+01 8.827401392444421901e+01 8.423219363787552538e+01 7.729733304404889793e+01 6.952270349756473422e+01 4.973459515509804163e+01 4.728299149506410970e+01 5.453566613909536898e+01 6.439145044513898597e+01 8.380308071308186868e+01 9.986488490656050487e+01 7.997443085972963672e+01 6.590487417418492555e+01 6.954478078027092636e+01 7.038725072827959650e+01 5.447179693069308826e+01 3.386064429304661161e+01 5.447182173543770034e+01 7.075231680281241609e+01 6.497474033084741052e+01 8.512844344806349284e+01 8.680708824316648986e+01 6.848727921813667763e+01 8.680708824316648986e+01 9.746795068174590426e+01 8.596014936332576895e+01 7.158173496427069438e+01 5.157357749721398221e+01 6.575276721944720748e+01 7.946845251222919160e+01 7.113638831908561144e+01 6.940137126668470557e+01 6.109313865067906590e+01
2.781101009849841432e+01 4.780861140479311189e+01 4.627149355990816559e+01 6.642929227370018452e+01 5.995624859370035864e+01 7.671333460118097491e+01 8.827401386152901352e+01 8.331293472504390252e+01 6.381060283114656784e+01 6.952270359391852139e+01 5.181609998568065834e+01 7.147003628594018210e+01 8.224150434641531149e+01 9.200402299642206572e+01 1.010530756712421976e+02 8.106903672985896492e+01 6.698709019089075412e+01 5.536440085244868214e+01 6.469057811832215066e+01 5.598581826945186180e+01 3.530331349377735251e+01 4.964391497607371662e+01 6.851441970335176279e+01 8.512844344806349284e+01 9.345603055596367881e+01 9.682652449910895598e+01 8.851159349594220771e+01 9.682652449910865755e+01 8.918291372528315719e+01 6.927970939028915609e+01 5.786578964854720653e+01 6.060547978906272704e+01 7.984631749070929629e+01 9.390143957940360053e+01 8.687867951578938630e+01 6.799193001906166955e+01 4.870116912948712695e+01
4.251523868702632569e+01 2.986425167541938563e+01 4.997078628728046112e+01 5.834314502588240714e+01 4.827999145115736468e+01 5.995624859370035864e+01 7.994928157335544938e+01 9.151077139645444447e+01 8.331293472504390252e+01 7.960259388551391169e+01 6.326052263019932553e+01 5.914682641502938054e+01 6.783684752518661298e+01 7.893852817629117169e+01 9.856009824801267882e+01 9.170285141323121536e+01 7.175153535586858311e+01 6.469986642114231756e+01 4.427567460054644499e+01 3.757867135556282534e+01 5.599137557783870989e+01 4.250069738688569032e+01 6.301135234040431499e+01 7.644186134946906463e+01 8.310087853871536367e+01 9.142098304507507578e+01 1.014479381059398264e+02 1.005726104777271814e+02 8.099075375796330434e+01 6.715739151830491949e+01 6.535498306217046149e+01 7.202580618450188865e+01 8.875074885072970687e+01 9.018195595640499107e+01 7.000905921253722397e+01 5.881084252837695914e+01 6.627413442179332037e+01
3.979375221622645142e+01 4.997078628728046112e+01 3.202697807484566539e+01 3.806644568802157380e+01 5.834314502588240714e+01 7.342504191705982919e+01 8.174038205563708459e+01 8.365193975783533631e+01 9.199103769706283629e+01 9.087695531972183005e+01 8.268444049239766969e+01 6.565227962524112115e+01 8.501084769477085956e+01 9.545684917599659514e+01 1.068528049470442340e+02 9.998834796526165292e+01 8.092548982509357813e+01 6.590678343866622413e+01 4.477258740968337491e+01 3.926775764388120393e+01 5.996708529448275016e+01 6.301135233540921377e+01 5.043331108229860149e+01 5.639255908853795773e+01 6.312382697097662287e+01 7.308742643318497301e+01 9.311433064424576855e+01 9.826495341410212347e+01 7.939272948822691944e+01 8.672614680295873768e+01 7.350843322099063926e+01 9.198537349555464004e+01 1.002892524858874310e+02 9.852964801024097596e+01 8.688616639055561564e+01 7.853512859099836874e+01 6.901980069680206498e+01
5.400337782800073683e+01 6.056432924555399921e+01 5.222949014500393616e+01 3.432473103934250247e+01 5.460285903385175033e+01 5.332658235141501279e+01 6.733423572878868413e+01 6.366691543537456965e+01 8.105132758769015311e+01 8.940810481744942706e+01 9.322053874817528651e+01 7.926337907174767849e+01 7.926337907174767849e+01 9.888646439378688058e+01 1.007800300453423290e+02 9.067160176072000866e+01 7.264683856906547987e+01 5.294278629398043989e+01 5.691061104524217029e+01 5.996708530250126756e+01 4.187078132631816629e+01 6.250413832029202865e+01 7.065382802977202914e+01 7.644186134946906463e+01 8.310087853871536367e+01 9.142098304507179307e+01 1.014479381059355632e+02 1.060863874903305231e+02 9.273409129129898076e+01 9.433293840752412507e+01 8.836705359180200503e+01 1.034486298195434131e+02 1.098998249104369336e+02 9.501900481008621568e+01 8.669170368186362907e+01 7.861463530217019979e+01 6.819683850644186407e+01
7.412179328735014394e+01 7.317188158360231398e+01 6.292807786034160245e+01 5.460221702073438621e+01 3.669204755259791284e+01 5.701471839979670619e+01 4.718984997769221224e+01 5.400992937118413550e+01 6.112123361160424651e+01 7.259149243470292845e+01 9.260767731849928452e+01 9.888646439378688058e+01 9.888646439378688058e+01 1.071776984246030366e+02 9.235232656724478773e+01 7.218907729656504557e+01 6.235280167386807193e+01 7.264683856906475512e+01 7.003742070773381556e+01 6.496138715105929862e+01 4.577141852381461717e+01 4.486526822518210622e+01 6.870176806203943443e+01 7.583487911138495008e+01 8.116442883051622914e+01 8.694025445164064081e+01 9.542971876560415012e+01 1.057086342946692810e+02 1.108139877180460076e+02 1.148111329344276896e+02 1.101478024460911769e+02 1.040170987610575253e+02 8.981828677769756553e+01 8.670483731544018724e+01 6.705141347057566747e+01 7.033211820209672283e+01 5.113962403446128491e+01
6.733059255108159391e+01 5.319357153801757931e+01 4.790029967431749469e+01 4.273692334536923454e+01 5.701471839979670619e+01 3.939167829692988931e+01 5.971902955281603198e+01 7.114312246795836359e+01 8.103950040847760761e+01 8.940810481744942706e+01 1.010098512019782362e+02 1.054619294574435600e+02 1.113922063697134632e+02 1.159228514283572338e+02 1.007800300453423290e+02 9.067160176072000866e+01 8.227070193190512271e+01 8.909490454411388782e+01 8.112887965753191111e+01 6.866112742115051049e+01 4.958175632907271080e+01 4.726533245328839428e+01 5.114058803140046905e+01 5.560756087446784335e+01 6.085702048881626069e+01 6.649297646803287876e+01 7.575328833286742736e+01 8.857097145130845206e+01 1.117840297460644621e+02 1.151597201693615631e+02 1.069709761792200311e+02 9.570003312012059382e+01 7.575929917802145042e+01 8.308840562552292397e+01 7.279599201130950803e+01 5.360957221893038138e+01 7.048101572558370265e+01
6.216733790508684621e+01 7.317188158360231398e+01 5.712389917067687861e+01 5.712407145969781652e+01 6.511787806502378828e+01 4.491723664902686153e+01 4.259287541746546424e+01 6.282016508660616694e+01 6.606967158004850660e+01 8.601608915831040747e+01 9.688777900912810992e+01 8.535376426250579129e+01 9.124330949088367504e+01 9.572130939695176721e+01 1.159228514283572338e+02 1.106483743914894973e+02 9.053940289746932990e+01 8.884867213168597289e+01 7.430114864882030190e+01 5.492865005920466359e+01 6.866112741678918496e+01 4.962732738773043906e+01 6.954385958090678344e+01 7.583794853065641917e+01 7.212855618264420343e+01 8.694025445164064081e+01 8.094335952549775470e+01 1.014180395144612277e+02 1.194944822706742684e+02 1.047010679959465875e+02 8.775765884578160581e+01 9.396459700764221168e+01 8.308840562562832588e+01 6.354115073584166140e+01 5.698924641453535855e+01 5.598136341498549484e+01 7.513611764930864467e+01
6.918690366585576612e+01 8.543370977271199251e+01 7.127986985462885627e+01 7.714751122757479607e+01 7.089974705366972785e+01 5.087076535132902677e+01 6.286593000208604565e+01 4.590376839145464061e+01 6.023149579397973952e+01 8.018430226301653363e+01 7.687756393907953623e+01 7.129757620215886504e+01 7.937916066062919640e+01 9.351522456021105256e+01 1.137039366580556816e+02 1.083028253924074988e+02 9.053940289746932990e+01 7.053638574093446323e+01 6.081557281360228018e+01 7.430114864880455627e+01 7.184228443645515938e+01 5.196121716233714949e+01 6.588143228718890043e+01 8.510253265640166376e+01 9.234285173509518074e+01 1.007476703107301432e+02 1.014180395144612277e+02 1.099160780057707427e+02 1.201928531159949785e+02 1.094397298161577936e+02 9.396459700764221168e+01 7.435963813136505962e+01 7.989008435564782928e+01 6.052746083196075233e+01 7.617740738253274912e+01 5.828563189242403553e+01 6.916438541618713032e+01
7.910452068323698427e+01 9.745863876503764800e+01 9.126742328761694978e+01 8.085842450063188380e+01 6.094106960641952497e+01 6.505897598424132866e+01 6.841023311409956875e+01 4.832642865661559739e+01 6.841023311423532505e+01 7.548719778125470725e+01 6.288012968911960598e+01 8.273842024009553597e+01 9.657445526985128481e+01 1.049500142060911827e+02 1.150356955201068274e+02 9.997963844386256937e+01 7.987714629867454619e+01 6.839661009808374104e+01 8.053789431920188235e+01 7.570679158751381976e+01 5.581321949425100826e+01 7.184228443760083849e+01 5.875302649825519552e+01 7.866262809118613575e+01 9.330190639654395568e+01 1.016253899542191164e+02 1.116731411922171873e+02 1.206922968467987118e+02 1.090864622167075453e+02 9.179194388166826002e+01 8.109244771318554967e+01 6.720127993411914247e+01 6.416893736585014096e+01 7.989008415328743240e+01 8.000558184141871720e+01 6.060903790872170305e+01 8.000558184142057883e+01
9.914215652348173080e+01 1.074968392672033275e+02 1.009072432798489274e+02 8.085842450054489916e+01 7.087847331650002047e+01 8.500061578394407036e+01 7.248183270206421014e+01 5.253514984798587761e+01 5.257893634806641359e+01 5.561444145070674949e+01 7.548719778125307300e+01 6.997456654388446395e+01 7.655951812848714155e+01 8.650908091999912131e+01 1.066398296197033204e+02 9.911754535672156408e+01 7.901720067639143963e+01 8.837345919245592540e+01 9.669809049690339009e+01 7.849562231903679788e+01 5.857959154101763488e+01 7.849562231887132668e+01 7.865652265901805151e+01 6.623364187064882458e+01 7.325652329150507569e+01 8.325380904796159598e+01 1.033500037451262727e+02 1.123758600858197951e+02 9.226392396395262097e+01 8.070159036295048338e+01 7.186356240426941611e+01 8.695860142408537286e+01 7.379285087698227130e+01 9.204677590598122094e+01 8.257706437983368630e+01 6.299314019143717758e+01 8.257707892930000071e+01
9.741494828113067683e+01 9.956557012375138527e+01 1.076493263513794147e+02 9.919303353803957179e+01 8.495188925408990599e+01 9.081877003903811385e+01 7.087497013764078702e+01 5.685461518781490753e+01 7.252474052448491193e+01 7.548719778124882396e+01 6.114774694723305259e+01 8.099062834659032717e+01 9.657445526985128481e+01 1.049500142060911827e+02 1.150356955201068416e+02 1.074414450378995838e+02 9.060990462512116039e+01 1.074414450378995838e+02 9.753892111589694025e+01 7.745267107614048996e+01 6.337103547193590458e+01 6.359782740151114666e+01 8.357672815682306577e+01 8.033576582174315206e+01 8.253078751192879281e+01 1.016253899542191164e+02 1.116731411922171873e+02 1.076300700010652065e+02 8.752363399639735064e+01 7.753734244699182909e+01 9.179194388166885687e+01 1.001103776066640876e+02 8.783463858472750019e+01 1.020301887229790339e+02 8.712770994336088393e+01 6.729195362186847262e+01 6.741344952289162507e+01
7.763657743630585628e+01 7.980303545461113401e+01 8.936067120735285130e+01 9.747820772401890110e+01 1.050496110573132711e+02 9.279446549855236981e+01 7.283091557928729287e+01 6.142622690391416285e+01 8.126850457868418687e+01 8.931420506055194153e+01 7.513594128203648381e+01 6.956286682256732945e+01 7.840950686403904513e+01 8.992558202350971897e+01 1.100869084312258224e+02 1.190534902397236152e+02 1.107391987223588643e+02 1.085093637161267992e+02 9.120205301377851015e+01 7.114695784260931077e+01 8.333579750417663945e+01 6.726881859383047413e+01 8.728326730747862428e+01 1.004080208880189247e+02 1.026067389067992082e+02 1.109287371654135512e+02 1.277333771828388649e+02 1.076300700010652207e+02 1.025997830803208046e+02 8.250805875396284250e+01 9.388696760362280713e+01 1.139949547668221044e+02 1.079088425029170111e+02 1.078975818038839947e+02 9.197726655432371956e+01 7.198205171195517948e+01 7.081236370168848282e+01
6.364171167843704069e+01 7.458224452863950660e+01 6.957697497316164004e+01 8.610669517705434828e+01 9.598482716295008288e+01 1.011571905879421678e+02 8.830675450527027692e+01 6.839957750217125465e+01 7.283091557928729287e+01 9.279446549855238402e+01 9.512509326128662224e+01 7.946133389278303127e+01 9.784066521494418112e+01 1.068270959166293608e+02 1.184874156789941821e+02 1.244793136316975080e+02 1.043879385369550334e+02 9.013100150008366995e+01 8.007777400821450442e+01 9.120205301377851015e+01 9.114461482657370084e+01 7.108046456031584626e+01 9.114461482657370084e+01 1.048719946944932246e+02 1.131919159198326810e+02 1.248063771811649474e+02 1.242741402483359536e+02 1.041584774586962112e+02 9.253920923883188721e+01 9.147702109916168922e+01 1.109229388784132055e+02 1.223097531715301614e+02 1.138013016071973311e+02 9.367809783108393162e+01 7.947814591545876794e+01 9.197726655432371956e+01 7.445324695215909117e+01
7.457270623677692356e+01 5.480012955173945954e+01 5.815839477459182660e+01 6.804525071221955557e+01 8.783704477345943928e+01 1.025039997958658375e+02 8.242606295756807810e+01 8.242606295756807810e+01 8.429957966379079437e+01 1.011571905879770270e+02 1.078948364397285928e+02 9.951047688839159377e+01 1.078914124712766949e+02 1.080521169428248243e+02 1.163360160578343425e+02 1.200223411934281614e+02 1.185608237755999141e+02 1.085093637161267992e+02 9.430676167923363096e+01 1.085093637161267992e+02 9.114461482657370084e+01 7.862080048324368420e+01 7.836341033877947382e+01 8.470931495871523964e+01 9.635687345357902700e+01 1.165038666258864168e+02 1.325806294364629423e+02 1.209773344802355410e+02 1.041584774586962112e+02 1.030956378202807855e+02 1.199161954519731381e+02 1.232846718781334658e+02 1.031674055968877752e+02 8.893344394818193166e+01 9.957204775790877704e+01 9.852843926179498624e+01 7.842610153895577696e+01
