MOVIE_S2_data/elevation_000543.asc
nrows	100
cellsize	150.0
xllcorner	0
ncols	100
yllcorner	0
NODATA_value	-9999
[rows 17 to 33 of 100, columns 37 to 73 of 100]
6.476606030753301013e+01 4.525244477947250488e+01 6.476606028916036450e+01 5.867065975011391288e+01 5.731104929570816608e+01 5.023162271845978211e+01 2.990361948592166996e+01 4.364601504242475727e+01 4.325751647070207184e+01 2.510443753434001124e+01 3.692298904724921016e+01 5.813885014914937699e+01 7.314099277689699363e+01 6.293877129653204605e+01 4.430031780259977126e+01 6.293877129653204605e+01 6.720814871570237869e+01 6.007113171739051438e+01 7.948923651924484091e+01 9.066873999085271407e+01 8.027876290748844212e+01 7.187568266805912742e+01 6.210777723753101043e+01 4.218519850839029317e+01 5.626182672276090102e+01 7.622115025525094723e+01 7.918558239586106140e+01 5.697526467446715515e+01 5.228798682853755508e+01 7.236069117779619830e+01 7.517440875319054783e+01 7.971108489727276947e+01 6.250342013708283417e+01 6.009448976184653191e+01 4.088740281266493781e+01 6.070305590724697709e+01 7.175421319207754323e+01
7.379062541834929334e+01 5.949433684503105724e+01 7.379062540080055044e+01 7.524746951193702671e+01 5.756068493251232354e+01 3.744610325474618406e+01 5.023179726243261456e+01 5.838070900155774012e+01 4.604981477612443541e+01 2.657632528615792467e+01 3.489589860550865552e+01 4.500363305817138126e+01 6.489254674041279713e+01 7.121054303711595423e+01 5.478737746924227281e+01 5.281968809328726877e+01 7.196302851380664833e+01 7.367545789031649406e+01 8.776898258060147384e+01 8.825591927705079343e+01 7.821010970459008149e+01 6.595120722406031177e+01 4.613438437060671760e+01 4.482734234655679018e+01 6.466937228815645256e+01 7.668444017695031789e+01 8.781647771884736642e+01 7.918558239586106140e+01 6.829143351699454456e+01 8.339566767418641291e+01 9.459908968113653316e+01 7.623056208441944648e+01 6.386855105631798324e+01 4.467713885744775126e+01 4.167231220244851642e+01 6.134429011861094949e+01 6.070230692149741003e+01
7.670591376914481430e+01 7.974257902219248706e+01 7.849397439521828801e+01 5.853168055350887755e+01 4.701190257795097693e+01 4.912581999566486246e+01 6.584329062582675363e+01 6.398737011097291827e+01 4.274310481491471592e+01 2.809740709477341269e+01 4.834336611832252828e+01 6.318535105998642365e+01 7.313965696992690368e+01 8.254085127125500776e+01 7.407378234086159807e+01 5.971305345777375351e+01 7.940642228397999247e+01 9.352493973383822379e+01 9.420914167716703957e+01 7.403477806082653956e+01 5.989490080143439599e+01 5.011132340432549626e+01 6.595769530138308312e+01 6.466937228815618255e+01 4.858816334007917703e+01 6.837596763764807406e+01 8.066744455486552567e+01 9.228017404207189145e+01 9.008375807360120291e+01 9.242469479341704641e+01 8.089904426496570977e+01 6.808461657557161573e+01 4.902079278210065638e+01 6.387338045274715626e+01 6.134216967330080195e+01 4.282250114516516959e+01 6.163254666754398414e+01
6.871767837583358585e+01 8.130943381173727857e+01 8.680625356137704784e+01 7.526320745777640298e+01 5.853168055350887755e+01 6.908292471375946775e+01 7.737663932196728922e+01 6.152025466567480549e+01 4.988165427457264656e+01 2.964863304289820078e+01 4.400269466457873335e+01 6.407483787044625956e+01 7.343399753518146156e+01 7.343425981642029399e+01 8.175588173690346139e+01 7.940642228397999247e+01 7.342034658798162639e+01 9.385808741465129401e+01 9.808229468371681037e+01 7.792066876949506593e+01 7.291293185802574328e+01 5.305543370370799749e+01 7.291293798804683490e+01 7.668444017613154529e+01 5.994538784835430079e+01 5.250140815492125057e+01 6.383491228261171813e+01 8.396791930699002648e+01 9.662959690796562029e+01 8.412475351205894469e+01 6.419272899058952930e+01 5.338774350337426711e+01 6.808461657557162994e+01 7.630283215361045279e+01 6.941281790367737869e+01 5.028458444030838592e+01 4.398692863375114825e+01
5.304528326509915814e+01 7.289420162599273567e+01 9.029464167214476333e+01 8.680625361396276674e+01 7.849397439524780395e+01 7.610977737481834993e+01 6.480719839883147415e+01 5.323052015519592572e+01 3.305967152963976474e+01 3.172571628027390744e+01 5.193343752390931911e+01 5.706954525243795473e+01 5.344400168284570185e+01 5.344400242657372502e+01 7.343426016962058611e+01 9.097330283354540370e+01 9.385808741465129401e+01 1.024867825823952074e+02 9.221211674371862443e+01 7.200098877060588620e+01 5.788972774024023948e+01 5.952751593184093082e+01 7.960564578183092976e+01 8.825747132298165809e+01 7.990943298211652746e+01 5.677617673793060504e+01 5.667582582614125641e+01 6.810854446390463579e+01 8.832871867346003114e+01 9.035238591762025351e+01 7.022709592970522863e+01 5.660851584825834948e+01 7.612165689381987477e+01 8.344313253590212298e+01 6.371503944676599929e+01 6.921020706302296333e+01 5.873172769636856572e+01
5.293878027990317747e+01 6.259350624193212553e+01 8.185563138803993866e+01 9.040351447439599042e+01 7.085572698185379181e+01 6.787801781019598479e+01 4.822648186314130214e+01 3.657465473326336536e+01 5.323052015446574359e+01 5.193343719856733287e+01 3.471231391927040022e+01 3.695049311543639448e+01 3.923409492125154685e+01 5.929888158587033331e+01 6.262842695987248476e+01 7.763885597584804543e+01 8.596832650325282543e+01 9.758377597194680675e+01 9.610472655799853214e+01 7.587783633536817263e+01 6.163338858294110878e+01 6.841670789712593148e+01 7.960564578183092976e+01 9.976005858731032561e+01 9.466701448637452643e+01 5.995314069425648285e+01 5.977694874169638695e+01 7.987535169455151163e+01 9.444460607483240722e+01 9.519559598657087918e+01 7.994737808975011717e+01 6.006835847002231077e+01 7.402584118668042379e+01 9.188151671478642868e+01 8.344318012378859351e+01 7.368016837021862386e+01 5.322672106607468834e+01
6.562264694246105989e+01 8.050081131750957297e+01 9.029464167214476333e+01 8.573555498599843361e+01 7.085572712914758142e+01 5.245478656276708307e+01 4.376955574844652119e+01 3.950903718280376609e+01 6.204887455238216631e+01 6.155097974508107939e+01 4.152117041368865813e+01 5.706954525243795473e+01 5.929897667610987355e+01 4.265076308678330719e+01 6.261948466660693668e+01 5.764260160404198530e+01 6.913185164056466192e+01 8.925999742826940064e+01 1.002294743357956861e+02 8.002242099432621103e+01 6.566515858406719985e+01 8.594092877819210230e+01 8.275461355524033991e+01 1.029089615291855182e+02 9.629810949666675413e+01 7.612045001635087260e+01 6.545695732433290459e+01 6.585885905828497755e+01 8.613168009188409258e+01 8.689305752671364758e+01 6.664309618973842930e+01 6.874989653060518435e+01 8.826902100360055670e+01 1.025114827331129845e+02 8.409844519859220213e+01 6.326189154184515218e+01 7.368016837021862386e+01
8.198420264004485603e+01 9.431210951036365486e+01 8.887560654241875113e+01 6.916462553922291079e+01 5.847750404713385564e+01 5.195348631335642864e+01 6.139636231668129085e+01 4.252037116564826391e+01 6.357949867820742185e+01 6.985656040557734059e+01 5.050966482620290066e+01 6.985656040557734059e+01 7.093204892471638345e+01 6.262861963239220131e+01 4.618573478490829132e+01 6.609432428774981361e+01 7.828733260043796349e+01 8.435757658496119404e+01 9.269712156001125436e+01 9.048580030233588900e+01 7.016052192160778134e+01 9.048580030233588900e+01 1.029089615291855182e+02 1.111420556028501210e+02 1.046551055459448918e+02 9.185284136698211910e+01 7.153483343406468009e+01 7.059919725882676289e+01 9.092175223732924394e+01 9.232683236428435691e+01 7.199550860522161599e+01 8.900633096482795281e+01 8.531449382731004505e+01 1.054331224402395151e+02 9.267248305708811529e+01 7.366861015177434524e+01 9.267248305708440625e+01
7.689642833161722990e+01 9.666209388083160547e+01 9.716780521700567874e+01 8.573555498599843361e+01 7.749546634547353108e+01 7.030735244117468596e+01 6.675880009430105133e+01 4.566970030904472821e+01 6.675880009430105133e+01 7.880402165728349928e+01 6.460368095903380947e+01 7.880402165730443187e+01 7.059908133265598451e+01 5.070661284189783657e+01 6.609432428774965729e+01 5.281088049359617287e+01 5.827188478416484685e+01 6.422485490238561567e+01 8.435757658496119404e+01 9.877096665039620405e+01 9.048580030233588900e+01 7.761749568254859355e+01 9.202150316016712850e+01 1.120485128374983930e+02 1.019561311017984195e+02 8.174955163216587550e+01 9.185284136698211910e+01 7.569441628901790864e+01 9.599753088676629886e+01 1.006016482307703086e+02 9.232683236428435691e+01 8.116156668784874739e+01 1.013597220432321109e+02 1.136688139358843017e+02 1.030660462722212998e+02 8.847762367495433011e+01 1.013662263268597883e+02
7.542468156458764383e+01 8.960742259769043017e+01 1.095590272536469314e+02 9.942721642601333087e+01 9.110645564408531527e+01 8.344027267116285884e+01 7.004642021397449980e+01 4.899538014226658333e+01 6.403318954603071234e+01 8.456364324589421244e+01 8.467895048181328832e+01 8.810960872605929239e+01 6.797798665341152002e+01 5.395140293889588179e+01 7.387440224220524954e+01 7.273604618482670503e+01 6.904507039833511328e+01 8.435757658496119404e+01 7.581662909644400372e+01 9.602472782666467310e+01 1.042636556086701063e+02 8.409978068643499682e+01 9.788727848776878204e+01 1.178489579646109604e+02 1.101983000059467344e+02 9.087123112718842322e+01 1.020926628948820252e+02 8.187739697627661428e+01 9.231863063284305326e+01 1.123667598313205076e+02 1.095922056883207887e+02 9.292358445375059262e+01 9.552296790473330645e+01 1.154508930446329771e+02 1.176544688694882268e+02 1.047156041204819701e+02 8.441927289613117580e+01
9.545111230586702789e+01 1.037221691621166428e+02 1.053418189906186058e+02 8.520997508064245096e+01 7.082364199261479598e+01 6.296092089451261131e+01 5.621099462320351847e+01 7.004642021397449980e+01 5.621099462320351847e+01 7.100906844429070475e+01 9.134093064714785726e+01 9.400850775331039699e+01 7.387440224220529217e+01 6.089950780258097751e+01 5.973747770640264321e+01 7.978655158601289088e+01 8.915900508768200439e+01 9.748678826769382511e+01 8.750545837063427257e+01 1.043429386812520221e+02 1.124798329536072856e+02 9.583266610024875831e+01 9.843031126613820447e+01 1.183465946344031181e+02 1.191365918982345988e+02 1.025206744551387743e+02 1.087879260253095310e+02 8.870213663402708448e+01 1.087879260253095310e+02 1.205820356436202587e+02 1.210918532833182155e+02 1.128837003002845165e+02 1.154508930446329771e+02 1.236614434719081430e+02 1.265650088708434708e+02 1.130578947330076574e+02 1.013662263268617778e+02
9.810503344132766301e+01 8.982010761758532169e+01 9.810503348675946711e+01 9.942721642601333087e+01 9.110645564408531527e+01 8.344027267116285884e+01 6.424521755004658985e+01 8.288066764241347073e+01 6.238519046402458912e+01 7.323796741594102855e+01 9.354366859717404736e+01 9.263261256856689840e+01 7.243342752129984774e+01 8.097060764411627076e+01 7.978655158601289088e+01 6.599156528230447805e+01 7.762011732342340053e+01 9.784082020770927102e+01 1.076622663252869927e+02 1.159590818064098414e+02 1.239646792150195154e+02 1.157806014562138444e+02 1.183465946344031181e+02 1.265293546410764804e+02 1.305998792556129615e+02 1.224031645988173125e+02 1.170002735484163026e+02 1.003806107487774995e+02 1.087879260253095310e+02 1.286293053140529139e+02 1.242970164689950963e+02 1.259862866277925946e+02 1.180419009422826235e+02 1.209687667737528471e+02 1.073053606924584642e+02 1.209687667737528471e+02 1.130578947330076574e+02
8.806299590021963297e+01 6.970186317305265788e+01 8.806299625604601999e+01 9.810503338976124610e+01 9.897557096516717934e+01 7.877621133428559119e+01 7.877621133428559119e+01 9.005729274695768538e+01 6.975873163713045244e+01 8.288066764241347073e+01 1.018666408843832158e+02 1.009581854692176535e+02 8.410364962524297994e+01 9.570426818829847093e+01 7.547137729868568101e+01 7.357640169722040469e+01 9.381638753524750030e+01 1.061552482157649422e+02 1.189391128387496934e+02 1.107079378861224654e+02 1.189391128387496934e+02 1.246234166933549545e+02 1.163989891982483300e+02 1.246234166933549545e+02 1.209689557972364184e+02 1.126566437035340300e+02 1.209689557967438134e+02 1.202725322706768054e+02 1.284661448178291039e+02 1.187487023118860634e+02 1.052222313941760774e+02 1.149306939690368665e+02 9.890572580978152928e+01 1.122840137307551345e+02 9.350516624180170311e+01 1.082645918649619006e+02 1.118059906937387638e+02
7.155875667277781815e+01 5.966971027158815843e+01 6.970186317305265788e+01 8.982010761748111349e+01 1.072863141512515170e+02 9.897557096516717934e+01 9.897557096516717934e+01 9.838003750310991791e+01 7.997406916936300547e+01 9.838003750310991791e+01 1.113690137639260200e+02 1.125860951718500331e+02 1.042833926170835923e+02 1.033407349182919432e+02 8.313654305551065704e+01 8.528556227956330815e+01 9.381638753524748608e+01 1.139394891607790612e+02 1.089533386830774617e+02 9.069507835525715223e+01 1.089533386830774617e+02 1.098574311239990209e+02 9.643496945813592447e+01 1.146572955977836017e+02 1.109367726152964195e+02 9.259365676803859913e+01 1.109367726152964195e+02 1.191523650297369414e+02 1.242970164689950963e+02 1.052222313941760774e+02 9.147670159558879277e+01 9.964753736362560232e+01 8.755770387604880511e+01 1.042520054695647218e+02 8.459359488038654717e+01 8.868934232944009466e+01 9.230601306545084128e+01
5.154565305783646778e+01 7.155875667277781815e+01 8.806299624516755387e+01 9.810503338976124610e+01 1.102988301293357409e+02 1.021251018752639084e+02 1.102988301293356130e+02 1.084465958497006994e+02 1.001405163245522374e+02 1.084465958497006994e+02 1.094343835004361409e+02 1.176180706780040452e+02 1.197232637538248667e+02 9.965884558208097133e+01 9.746050021391663165e+01 1.054697115497579318e+02 1.137673174833164040e+02 1.135956481329131833e+02 9.360786188315567813e+01 8.063764668909448119e+01 1.007015081206898515e+02 8.984784774075278335e+01 8.638328453096244175e+01 1.064169793281921130e+02 1.026251502357862080e+02 8.254310623290000137e+01 1.026250530370429601e+02 1.000654724522846948e+02 1.137175057707170112e+02 1.132841841713140667e+02 9.399905331058933200e+01 8.000296705442312373e+01 7.861881872063717935e+01 9.830161687557267669e+01 9.442280017497559186e+01 7.456539597635568839e+01 7.823189111117530103e+01
6.523005762550920394e+01 6.417234046914163059e+01 7.838865060529093398e+01 9.846542082494509884e+01 1.004537565132635706e+02 8.245275686851459795e+01 1.004537565132626895e+02 1.007306104633410939e+02 1.089050588129559145e+02 1.062519103770085991e+02 8.977677760588720446e+01 1.062519103770085991e+02 1.149777472438014883e+02 1.197232637538248667e+02 1.175368772915315247e+02 1.167833530085442533e+02 1.052479899626748789e+02 9.698852250941968123e+01 9.064737704955116726e+01 7.355935999187698826e+01 9.360786188315567813e+01 7.565500503538395094e+01 9.570851902498790764e+01 1.084818093885222510e+02 9.593079961980414794e+01 7.587703052897825273e+01 9.377444793893337760e+01 8.631347823309182843e+01 1.056429362880438703e+02 1.157665132522963347e+02 9.652879503232576042e+01 8.258918503624087748e+01 7.107378068605396493e+01 8.489309335756458097e+01 8.869046134523534874e+01 6.882894532725951819e+01 8.869042136653820307e+01
7.187034681091712685e+01 8.426900045830058161e+01 9.256345130044043401e+01 1.052587805881511827e+02 9.228892937188916790e+01 7.255890995836428203e+01 9.228892937188916790e+01 8.103623531710296390e+01 9.752765926353494308e+01 9.808505944559475154e+01 7.840116806399795735e+01 8.712415640352165269e+01 1.003231908740614529e+02 1.084931221923353490e+02 1.183368897826149180e+02 1.085463582124108513e+02 8.852759954929651087e+01 7.693605988179963617e+01 7.062544990471579354e+01 6.781409607996440059e+01 8.782035790126639085e+01 6.964361048971400692e+01 8.021001825235278204e+01 1.002275318200142209e+02 8.988411543584463459e+01 6.987846469843634623e+01 7.374840493970080502e+01 8.777757488592646951e+01 1.070369179858200539e+02 1.130513263591993933e+02 1.026600223420806941e+02 9.533383015375295599e+01 8.319659296865847864e+01 6.513639767780277623e+01 7.934286555735090474e+01 6.483023307213744602e+01 7.885458563904265361e+01
