MOVIE_S2_data/elevation_000811.asc
nrows	100
cellsize	150.0
xllcorner	0
ncols	100
yllcorner	0
NODATA_value	-9999
[rows 51 to 67 of 100, columns 37 to 73 of 100]
5.876468091514009728e+01 3.829636304949641357e+01 4.397249734993088310e+01 2.651524282339433825e+01 4.024258290615200906e+01 6.003296273343455169e+01 7.495578941302957787e+01 8.122981529803534784e+01 6.025537806418498832e+01 5.124917271097385196e+01 5.797802537490825614e+01 3.642003197042811280e+01 5.178779715249575588e+01 7.292856208934776419e+01 7.750058407007711025e+01 6.475975294668720039e+01 8.319556344850161622e+01 6.572861320711449196e+01 4.550473024354676710e+01 3.109929083303536501e+01 3.613260277969489920e+01 4.121638829786601121e+01 5.278202001985069813e+01 6.702353879287832683e+01 8.693816953908694245e+01 8.574214804086079766e+01 6.509351933044877114e+01 5.567928091824503412e+01 3.525136507480674197e+01 5.380262061264608775e+01 5.967910315258898635e+01 6.011250112085522090e+01 8.132260962295919171e+01 8.958437883666397283e+01 7.713564113571597147e+01 5.676457257566724479e+01 7.124064744727552068e+01
6.754900711702863703e+01 5.846657001776168983e+01 4.687698625783837514e+01 2.794049039080001506e+01 4.754017244996384051e+01 5.805724959717986877e+01 5.497929584435726014e+01 7.495578941302957787e+01 8.092302737578472716e+01 7.254979130277243371e+01 6.153445435547325815e+01 3.990514132509570544e+01 5.538698264262187365e+01 7.637576393894417492e+01 9.326785501368769360e+01 7.909403506973274034e+01 8.339935145294536767e+01 6.407657942449606026e+01 5.270817071244827901e+01 3.259924434297994367e+01 5.287388271552282504e+01 6.126645089775238517e+01 5.389264052666958804e+01 6.812951064135683055e+01 8.805133925678296691e+01 7.946790787924659583e+01 6.955991466525814815e+01 5.608207774456694494e+01 3.592479087539062022e+01 5.603786474740812906e+01 6.716053348811642820e+01 7.574626846063408436e+01 8.559418042589295794e+01 6.939412059639857944e+01 6.939412059659893828e+01 5.349850183188303987e+01 6.528843169759970522e+01
7.096820572702550578e+01 5.451473622559980470e+01 3.479931508768862614e+01 4.754017244996384051e+01 3.015414968646592442e+01 3.888057616921252446e+01 5.864473939248990320e+01 6.873568538473588774e+01 7.704790587310337457e+01 7.737489961621460566e+01 5.644959991029460156e+01 4.369514198906227875e+01 5.920490536940863535e+01 7.999006886679454453e+01 9.565570766727884688e+01 9.921162148839023587e+01 8.298816893048477539e+01 6.427885347232914626e+01 4.428073904588340071e+01 3.413388503155794496e+01 5.434305395808338801e+01 6.470595810697379591e+01 7.395608181076624987e+01 8.216177734430236512e+01 8.534271175621847760e+01 6.524494440998580558e+01 5.144805018428664312e+01 4.206746215318898408e+01 3.659826341709121778e+01 5.671675727539191314e+01 4.886869668877050543e+01 6.560396103171652271e+01 6.538962408995530495e+01 6.539311119798107086e+01 4.899284982178529191e+01 5.817650401537597560e+01 6.995873035712912724e+01
5.261530633805364943e+01 4.276742314773111531e+01 4.867783236867063579e+01 5.805724784235410851e+01 4.980593958586530334e+01 3.247949366803632643e+01 5.214009645551699634e+01 4.882637429771332194e+01 6.873645312476766378e+01 8.561765291886865725e+01 6.995962111254742410e+01 4.856088366480602048e+01 5.644959551394352104e+01 6.720828227838887869e+01 8.753711212817773912e+01 9.228177190220615955e+01 7.461747886718295319e+01 5.439749130405374444e+01 4.281078106925080817e+01 5.435804891309832243e+01 3.642424569024539949e+01 5.653991397733714308e+01 5.612505967128017659e+01 7.044183858910835738e+01 9.059409603041341086e+01 7.268523570081251250e+01 5.294758727270396292e+01 6.119932192249975600e+01 5.034290867746534559e+01 3.754965377216544908e+01 3.821784420492129897e+01 5.826685679406988072e+01 6.538191612530998498e+01 4.445868391850195422e+01 6.539311119798107086e+01 7.774788637371895561e+01 8.679918557799962286e+01
7.096820572702550578e+01 5.156376271318200111e+01 6.860626534151749922e+01 7.271225509800359532e+01 5.692920839318298221e+01 3.721675233301078833e+01 3.499273735945923391e+01 5.465692215257895015e+01 6.653434807376369520e+01 7.758706955167490094e+01 7.463280356938763305e+01 5.371772085156673171e+01 7.479105766281836054e+01 8.559802396961737259e+01 9.565570834690308288e+01 8.390038585632132140e+01 6.364569967070379874e+01 5.353197845577282976e+01 5.913691301830687053e+01 3.909261752294773373e+01 3.979504819742074062e+01 4.540568464296703866e+01 6.555122261139545969e+01 7.044183858910835738e+01 9.059409603041524406e+01 8.102384990381159469e+01 6.419171655273997601e+01 7.177325723414804770e+01 5.195612719740260133e+01 5.762441290305604724e+01 5.826686471391739275e+01 3.914872677786364363e+01 5.917778996375479039e+01 4.176226416470542091e+01 6.264563071663600624e+01 7.611271861219113077e+01 8.452323586114822263e+01
8.008065584896840505e+01 6.309911584150318475e+01 7.859183987755227463e+01 5.856507546798990660e+01 4.456267656296967061e+01 5.690037126372637033e+01 5.363834531711346187e+01 3.756842182817643305e+01 4.731970094580851338e+01 6.834347168993667765e+01 7.996046166334235750e+01 5.927892562897719131e+01 7.411638271518661725e+01 9.407396105501675265e+01 1.073218896850734154e+02 9.228177427201624994e+01 8.215739221324925268e+01 7.377304276161150653e+01 6.097668241186496374e+01 4.095042044504850054e+01 4.309615438723312053e+01 6.313313117231999883e+01 7.389733786212678979e+01 9.059409603041524406e+01 9.891004411393097939e+01 9.263630417254756821e+01 8.428759862460921681e+01 8.046612764891477809e+01 7.214834891342961498e+01 6.548256114987856336e+01 4.522332218746163335e+01 4.495474291675503054e+01 4.007294473273079660e+01 4.073938629114959298e+01 6.060595975543893843e+01 5.577982173745570549e+01 7.611133337343805749e+01
9.220106998985457381e+01 8.352442529156805051e+01 7.366585629028422488e+01 5.384710707419095144e+01 6.443077895832533386e+01 5.980872714274026691e+01 4.021359904412336306e+01 5.728778428872185202e+01 6.653434777720357829e+01 7.727277053875398849e+01 8.811366291628073100e+01 7.411638271518661725e+01 6.932890995499768394e+01 7.957888571307130121e+01 9.930974036810903272e+01 1.008004087596985840e+02 8.972777385912641535e+01 8.173532850160765406e+01 6.284256615405412560e+01 4.277867479302817344e+01 6.283929069816714730e+01 4.784366105500141941e+01 6.799675968640833901e+01 8.141697013233240909e+01 9.147929675010867356e+01 1.056497583738812835e+02 1.004529441607254228e+02 8.681057835041848136e+01 6.656942468207732588e+01 5.204480745756912796e+01 6.548256114987856336e+01 5.847426093137192993e+01 5.432779306380966489e+01 6.013103945874831879e+01 4.166508102518931622e+01 6.171501286070218839e+01 6.351520052496401547e+01
8.836326815827914061e+01 8.538272871880413106e+01 6.539065710798992370e+01 7.384143795965060519e+01 7.311579386896501376e+01 5.337566758555227864e+01 4.208975889279987825e+01 6.171980649134791719e+01 6.731925670877654966e+01 7.434109329475634809e+01 8.837282261602005917e+01 9.407396105501675265e+01 8.112028433755466494e+01 9.751325656552943144e+01 1.073218896850734154e+02 9.274173174309238732e+01 7.367810314516427184e+01 6.230953557517792518e+01 6.473955760059799047e+01 4.459914135192330775e+01 6.474034413989481607e+01 6.799675968635990841e+01 5.289373068891674734e+01 6.302839339657499096e+01 7.729710112471020977e+01 9.396872689876765605e+01 9.213310283736288397e+01 7.201516037126846470e+01 6.175992194049882755e+01 6.234642885515901867e+01 8.085242016750261485e+01 7.976878042451208728e+01 7.541207818244234318e+01 6.294334487076465479e+01 4.288353579841492547e+01 4.265796260380011518e+01 4.335320618095589396e+01
7.998824744104915396e+01 9.358919951701101070e+01 7.955963561234986514e+01 9.358923232531117264e+01 8.123163361939509741e+01 6.495432255475854788e+01 4.522110945715467523e+01 4.526129504832383788e+01 4.753447822887506646e+01 6.149454083886419653e+01 7.870845298539089185e+01 9.027815711000330623e+01 1.008151402503503249e+02 1.088224864914351286e+02 1.030087190636989902e+02 9.198561681990514671e+01 8.400757070342611144e+01 7.051986848623593573e+01 5.067689817995925949e+01 4.664025159927801667e+01 6.751436617116544880e+01 8.142445597115549560e+01 7.310053185416769850e+01 5.886147109960131019e+01 6.563105843248551707e+01 8.567274107141108175e+01 1.004529441607254228e+02 9.039866928100448717e+01 7.357618592257612988e+01 7.676463848126870460e+01 9.097368289756988702e+01 8.734541679245867840e+01 6.726275104984540576e+01 6.477679421902615786e+01 4.428707829346883074e+01 6.224456059771640071e+01 6.350771214849365975e+01
8.124219998777573437e+01 8.957047438023084851e+01 9.944744805594243076e+01 9.311561121551000042e+01 7.329213504730901718e+01 5.875483237948245119e+01 4.856815580950890165e+01 6.496340613211144444e+01 6.731925985136643931e+01 5.096870332845460183e+01 6.249653134053546211e+01 8.218106074281391216e+01 9.512104266743880032e+01 1.048636517521644436e+02 9.493553840433187929e+01 7.600774312286658585e+01 6.474238703213158885e+01 5.862113536207869657e+01 6.891602085695647872e+01 4.872164856035086444e+01 6.320172182206196965e+01 8.387311020780094850e+01 8.445552257020052878e+01 6.449564104197365566e+01 8.445552257020052878e+01 7.722496599664188466e+01 9.721261642900289246e+01 1.020044660396122822e+02 9.368254128555207672e+01 9.685651821956840024e+01 9.726134766862121239e+01 8.158176595005838294e+01 6.134794426412617696e+01 4.681420101537980827e+01 6.480430016579076380e+01 7.261086540694505231e+01 7.977169576278627972e+01
6.112979479591378862e+01 7.275767043223358144e+01 9.283228362239637477e+01 1.002790525654722131e+02 8.729051767784382321e+01 7.355427328153325561e+01 5.295341614464575741e+01 7.355277258791889494e+01 5.498991460787762264e+01 7.081615371921823510e+01 6.039215209041356047e+01 6.746006577931646575e+01 7.730739195112779782e+01 9.675679463034254013e+01 9.741643348301188610e+01 7.845343788376574423e+01 8.400757070342514510e+01 7.819889927111918837e+01 7.152653484601958667e+01 5.088805294353297626e+01 6.546815580193509732e+01 8.615275570024554952e+01 9.059127294144795428e+01 7.085213855626771817e+01 9.059127294144795428e+01 9.721261642900289246e+01 9.353404483131392055e+01 1.135803830210127359e+02 1.053805739760689022e+02 9.727588591569205789e+01 8.901215573177582030e+01 6.849557400617639757e+01 6.903350137557761457e+01 4.865571920728309863e+01 6.312948169457889946e+01 8.333805817913923875e+01 8.888747106753156402e+01
6.995327465303826386e+01 8.957050318635990038e+01 1.011696567520287005e+02 9.207731041005942529e+01 7.233109473111795751e+01 6.053121861010384919e+01 7.355427328153325561e+01 8.177595829828294427e+01 7.479942831744669718e+01 5.914024368571789125e+01 7.884581851049762236e+01 8.703209322030561168e+01 9.512104266743880032e+01 1.048636517521644436e+02 1.055177954196445143e+02 9.741643348186252638e+01 9.477545605173519050e+01 7.935181066331172417e+01 5.583954129759410989e+01 5.390230292817068403e+01 7.436543760061378805e+01 8.732001457089231167e+01 9.883263331314125821e+01 9.059127294144795428e+01 8.309835537016327578e+01 1.023990676817417267e+02 1.135803830210127359e+02 1.061598691314214733e+02 9.462102302603163650e+01 7.737600932486834893e+01 8.104666450861992644e+01 7.226173279669488636e+01 5.110682468837036652e+01 5.118210531254208462e+01 7.160077031524090785e+01 8.357796612210580633e+01 9.515238403306081238e+01
9.004636690592229797e+01 9.838386190724399682e+01 1.025997327876025480e+02 8.291408270994445218e+01 7.148314922575400487e+01 7.079862983645178076e+01 8.886934655764103752e+01 9.548421923601526373e+01 7.606863776247296016e+01 6.214417059788421938e+01 7.606863776247296016e+01 9.548421923602801087e+01 1.113435370837269573e+02 1.194780155099040542e+02 1.118313511215165477e+02 1.015089057900077734e+02 8.506266707594447496e+01 6.106483955784697315e+01 6.869122701993101998e+01 7.436543760061378805e+01 5.840729132347612307e+01 7.884782169639551341e+01 9.210097441602738400e+01 1.035077928443089945e+02 1.003081502468066617e+02 1.023990676817417409e+02 1.155106720699046150e+02 9.792391315551097364e+01 7.805875508376600180e+01 6.622286951631606655e+01 6.018980736698332379e+01 5.472089590127030334e+01 7.226173277725749244e+01 7.160075286436266140e+01 5.486412641744678353e+01 6.680097299357517215e+01 8.691313726446973931e+01
9.012707998472417614e+01 1.101722575813735432e+02 1.108304109242956059e+02 9.943362980900144521e+01 8.546230803579082647e+01 8.478471136554829002e+01 9.875390251698391353e+01 1.008735447127687763e+02 8.482205539022763219e+01 6.532150828791078823e+01 8.482205539022862695e+01 9.759823236759791598e+01 9.190474073483740369e+01 1.113435370826434649e+02 1.032775507821719003e+02 8.263506617489254324e+01 7.258644565459388787e+01 6.537171276887158911e+01 8.231625981922155688e+01 8.731838729404377375e+01 7.884782170303742532e+01 6.322356002766411365e+01 7.361916395161817661e+01 8.999951861907577211e+01 1.134587865210345825e+02 1.220576157409035289e+02 1.072571981472686815e+02 8.745832119387237924e+01 7.594625083300977053e+01 8.117407702081203524e+01 6.033293747751183389e+01 7.626177332123786812e+01 8.458164118102331486e+01 8.357770832874743405e+01 7.530136493199974268e+01 5.887247504762837025e+01 7.921660402178117977e+01
1.069213413186372463e+02 1.185076525023784768e+02 1.086111190924671490e+02 1.002525102271977460e+02 1.051688396362439448e+02 1.044865404416037080e+02 1.045171597484255983e+02 8.634155539688204328e+01 7.366676667208230356e+01 8.482205539022862695e+01 7.093657718810851520e+01 7.829138131355594510e+01 9.759823236759791598e+01 1.154195033520541926e+02 1.118313507083138632e+02 9.931467659039448392e+01 7.915863019711078152e+01 8.506219950437881039e+01 7.242836315706203720e+01 9.232881828911996536e+01 8.726554354128174396e+01 6.692312585523703206e+01 8.726554358419701884e+01 1.011453736744006733e+02 1.096728267292957355e+02 1.199698131709521363e+02 1.098320556172755147e+02 9.002494192335730361e+01 9.582631120857303131e+01 8.466447957780681577e+01 6.431211017432570998e+01 7.625725823717694141e+01 9.614895750434575916e+01 9.482219246139449353e+01 7.492842720820425484e+01 6.315310457684266510e+01 6.446139979696280875e+01
1.066986397575437735e+02 1.058116541158553048e+02 9.696350714815814342e+01 8.008041310696314952e+01 9.696350714815814342e+01 1.031402844988952268e+02 1.111977462346018797e+02 1.000782443781556452e+02 8.090405761303534860e+01 9.836596251575312522e+01 8.462809404377370015e+01 7.830186438658273573e+01 8.790431649273413939e+01 1.015628738425121043e+02 1.211242005780612203e+02 1.078218438789034224e+02 9.931467659146979088e+01 9.792970273460723263e+01 7.773542669448647757e+01 9.792970273352872823e+01 9.576373392597523093e+01 7.598527282293258622e+01 7.304271733142664402e+01 8.066628052203415677e+01 9.084553741622771383e+01 1.114452099325736611e+02 1.180917536391867486e+02 1.098320556172755147e+02 1.023983835741407660e+02 8.258430220006388822e+01 6.833749060043631118e+01 8.838771227154890653e+01 1.043783294765580365e+02 1.030522761374554790e+02 8.781116962274298032e+01 6.779990703744306302e+01 6.860682813692848470e+01
9.780428491119400292e+01 9.745456738912622541e+01 7.727030647326633073e+01 6.841388385752613033e+01 8.860614452471101288e+01 8.135465359813301234e+01 9.779747761994245536e+01 1.081407520999668179e+02 9.189306755119916659e+01 1.081407520999668179e+02 1.039963626666719421e+02 8.939534429534836590e+01 8.942026862250867225e+01 1.005918782454143923e+02 1.200938560582231531e+02 1.217277306509392076e+02 1.010740669248332608e+02 8.923760259399631423e+01 8.923760259399631423e+01 1.064532842151030252e+02 1.049107880165470164e+02 8.770577895529073942e+01 9.340500402335958086e+01 8.095603892896208720e+01 1.014391354896471711e+02 1.199698131709521363e+02 1.241092160283056245e+02 1.141888184731812004e+02 1.059463466441846720e+02 9.236463331276620181e+01 7.248002810667958329e+01 8.400442586830224911e+01 1.037848890628117999e+02 1.079518169606653544e+02 9.249548355983651504e+01 7.262168412877537094e+01 7.296368633762544675e+01
