MOVIE_S2_data/elevation_000283.asc
nrows	100
cellsize	150.0
xllcorner	0
ncols	100
yllcorner	0
NODATA_value	-9999
[rows 17 to 33 of 100, columns 0 to 36 of 100]
9.533491951124807226e-03 2.000953349191417274e+01 6.873204360863841345e+00 1.872672573268346952e+01 1.916280029936735474e+01 2.312501388659253365e+01 5.756204784529332485e+00 7.937492864269194648e+00 1.194702405189746841e+01 2.905028913262552948e+01 3.939220021036769026e+01 3.373616537294389417e+01 1.958830122265260343e+01 7.261889297417636335e+00 2.678293039264951503e+01 8.189338487058469340e+00 7.584877431776478218e+00 2.750747649633985858e+01 2.570759487409240762e+01 3.135734504434480741e+01 2.983056208219720062e+01 1.160590555641107358e+01 3.104864422239854349e+01 3.758889395329920546e+01 2.116343175470128557e+01 1.238694514525440837e+01 1.282738719711940689e+01 1.326739466160333336e+01 2.918069563094477559e+01 3.934729640767845638e+01 4.103066875763575894e+01 2.492057964551386107e+01 1.625070332690902219e+01 1.670146857537458018e+01 3.068635408408792031e+01 3.678079650807136858e+01 3.792993452845718849e+01
1.329665511360111864e-03 2.000132966551100466e+01 3.294091635261177231e+01 3.259843895520766210e+01 3.516474824298204283e+01 2.043159446791191769e+01 2.993687496185668095e+01 2.984481027659639452e+01 3.028047658923822283e+01 1.773992413067916729e+01 3.565932817391015419e+01 4.778055355518934277e+01 3.021243792405201489e+01 9.487077535068191736e+00 3.025042969417408401e+01 3.368794188018614477e+01 2.106338717294046958e+01 8.153007033763492117e+00 2.535353254956816826e+01 9.282905423417158630e+00 9.684568450428713504e+00 1.919289591454815636e+01 2.854074661611888786e+01 3.025847207220881074e+01 1.176460301584575241e+01 2.845480762363915161e+01 3.177543461168430738e+01 1.531425841217917139e+01 3.080024912686198135e+01 4.247405032948052650e+01 5.151149313747649217e+01 4.299685434164717890e+01 3.779282348037126837e+01 3.514515334844696781e+01 2.002613775321214717e+01 3.927906234362176718e+01 4.517696247723574032e+01
4.760174870478865901e-03 1.098033811778200786e+01 2.480889662201001400e+01 4.462639320291671652e+01 4.953246476546284782e+01 4.130833090111271133e+01 4.942046896285555135e+01 4.347697672827854376e+01 2.520949316182055711e+01 3.568770002016927378e+01 2.791154278309331715e+01 4.631012706063185647e+01 3.313798383089034871e+01 1.231552982856539202e+01 3.313798383089034871e+01 4.567215465844174815e+01 3.253887713225238087e+01 9.285151278727576951e+00 8.716615115931572788e+00 1.605986404582717597e+01 2.640250180223307908e+01 1.028636907128055356e+01 1.071436665022799062e+01 1.114411748863540019e+01 3.105338972349530735e+01 3.257641801946903115e+01 3.843136181325196077e+01 3.508964815271779258e+01 1.813995261356219757e+01 3.794389029631354049e+01 4.974940189686193293e+01 6.101096826863727074e+01 5.362613548837105526e+01 3.382684591271376462e+01 3.916494715279748817e+01 2.352129947082925554e+01 4.271763540994650299e+01
4.522672674103187483e-03 2.000452267267374751e+01 3.017295018836521692e+01 3.594635033632494725e+01 4.261310524196175464e+01 5.089707349276145010e+01 6.089683980680901954e+01 4.967751814891268936e+01 3.107591480947965934e+01 4.967751814891268936e+01 3.833895185559659780e+01 5.427639252170502715e+01 3.611557521727702635e+01 1.527242789877867502e+01 3.007395011510957517e+01 5.070134675012577929e+01 4.267689041111606940e+01 2.219849621074143187e+01 2.964328719907767606e+01 1.242360624391388058e+01 3.137140372617849948e+01 2.537274115612850878e+01 3.065897146184344635e+01 1.523881761531661105e+01 1.452799074029095827e+01 3.446038221284515402e+01 4.466846948237437687e+01 4.607591322287969149e+01 3.794393740702494000e+01 2.141174731800565567e+01 3.295197990884256711e+01 5.322124227273110364e+01 6.229782690712801951e+01 5.366814674961435827e+01 3.915142562304724549e+01 4.269282025247814261e+01 2.716558499058833931e+01
8.979627706787422434e-03 5.008979627706764859e+00 1.017295742264994196e+01 1.594646011454615042e+01 2.261312678121269926e+01 3.261312677917479164e+01 5.261308777060373387e+01 5.768598684635937701e+01 4.019793162414879362e+01 5.768598684635937701e+01 5.156085088856999477e+01 5.376644092407699560e+01 3.320522178829934035e+01 1.835229605945295361e+01 3.922745941664648939e+01 5.300922540540252470e+01 5.348960972291984461e+01 4.463363772378795602e+01 2.937111595126906849e+01 3.329962326898509417e+01 1.607607844694262766e+01 3.508149409700344989e+01 4.342722611341680050e+01 3.811432329977896671e+01 3.449525497430555987e+01 1.800658421346484772e+01 3.212571096426034245e+01 5.220994689838958891e+01 4.405554650893867574e+01 2.396395784622853853e+01 4.404870207910061453e+01 4.797105714033743595e+01 6.834191926600354350e+01 6.675298319951362203e+01 5.833856257748067264e+01 5.435677006059269445e+01 4.622253017237785855e+01
6.790954771729373202e-03 2.000679095477137537e+01 3.017295018836521692e+01 3.594644522405414477e+01 4.261310524196175464e+01 5.089707349276145010e+01 6.089706341466472139e+01 6.725052184232653474e+01 5.915710467367652114e+01 6.725052184232653474e+01 7.081053401553580784e+01 5.974423855296414843e+01 3.922745955059134104e+01 2.541756753024716886e+01 2.382138197626142073e+01 4.452285020942415628e+01 5.862483802971926394e+01 5.989648232638294445e+01 5.153753704451086293e+01 3.980357775247254892e+01 1.877990487667778652e+01 3.368092945379779479e+01 5.458486771748059851e+01 4.446432961803539285e+01 2.176900107357689862e+01 3.224935427389059583e+01 3.385376561232301640e+01 5.310806468363618649e+01 5.232468854105879785e+01 3.815158559024607854e+01 2.782019648973593107e+01 4.290971148045537120e+01 6.532015039681309077e+01 7.996961143670776551e+01 7.493960763212366771e+01 5.513843559814362294e+01 4.170350068364033547e+01
6.689336105942520969e-03 2.000668933610558753e+01 3.299985458292552210e+01 2.932917413070360269e+01 4.347251597916321231e+01 6.347978569406542704e+01 6.694976500885840665e+01 5.866364689525676823e+01 6.125935409009917976e+01 6.954547313759418614e+01 7.146795537867173209e+01 5.108815236868957044e+01 3.661872990660782534e+01 4.613240549404975610e+01 4.456402843498636912e+01 2.973071426204212031e+01 5.031207493874202896e+01 6.704548419714393503e+01 4.687810978733218548e+01 3.179561666283368382e+01 2.197558439886427806e+01 3.471530913125331352e+01 5.551735114610255550e+01 4.445617217219577100e+01 2.448134015343391567e+01 3.324659296733025826e+01 5.159966374347479245e+01 6.131794273536395679e+01 6.641512485063746851e+01 5.078559913570686035e+01 3.067485232816435925e+01 4.062521667635082423e+01 5.205213144987648377e+01 7.179969505225284365e+01 7.715408104067101647e+01 5.729316413272238862e+01 5.821537993547713796e+01
7.711933663051398317e-03 6.332267254482711216e+00 1.299893393934374686e+01 2.714119153269811591e+01 4.714391976979256782e+01 4.790732817742519245e+01 5.182997647496731020e+01 3.866130196855434065e+01 4.125662352801409583e+01 6.125935409009917976e+01 7.745114179119450171e+01 5.705725847106732118e+01 5.108815236830248097e+01 5.657080768931696468e+01 3.620197219674224698e+01 5.028501652294464463e+01 5.881195527967118863e+01 7.287123815250237158e+01 5.278499616938386652e+01 4.764455309331819421e+01 2.614683703017886884e+01 4.764454825116735037e+01 6.377879819653511362e+01 4.733812453508742379e+01 2.737137169147096571e+01 4.733812473023044021e+01 4.861189026664548862e+01 6.787659331271011354e+01 6.552301286802550351e+01 4.532753465027240480e+01 3.371604892817870791e+01 5.386314803058563427e+01 6.591293521024118718e+01 7.419923541495496977e+01 8.424842832818116278e+01 7.715408104067101647e+01 6.146514123920917427e+01
5.464868864810172588e-03 2.000546486886445408e+01 3.299985458115708070e+01 4.127881059797797292e+01 4.195599761774584380e+01 2.790596199542354228e+01 3.182831642588440246e+01 2.711416287481955933e+01 4.711528766740138252e+01 5.593174374199576704e+01 6.421786835696805440e+01 7.421977822332756602e+01 7.146795437921171867e+01 6.164062878720169891e+01 4.135599107712090472e+01 5.284131027513107881e+01 7.315321990568607191e+01 7.197543593563078446e+01 5.208998837032698503e+01 3.737480573850184129e+01 3.190346254979439422e+01 5.289158371925305602e+01 6.199913317013881198e+01 4.176323509237528953e+01 3.034019180572796515e+01 5.031593231861202753e+01 6.467773583729002951e+01 7.611259762824356301e+01 7.380539554355902965e+01 6.217933165703621512e+01 4.532753465026993211e+01 3.856258885027117600e+01 4.568854381870544756e+01 5.583420593898588180e+01 7.599249440736166150e+01 8.058012314955736599e+01 6.489977681613406446e+01
5.889614652278742785e-03 2.000588961368050178e+01 2.423446042491897146e+01 2.639110372510039682e+01 2.855426167539428306e+01 1.376374370297086003e+01 1.768606640636024707e+01 2.323306839588555661e+01 2.926329575345652501e+01 3.592996775569476853e+01 4.593011764428367627e+01 6.593337021933172082e+01 7.796926674172269145e+01 5.787011897158713936e+01 4.748042554545378380e+01 6.776943905838992066e+01 8.148311828101263643e+01 7.197543593563078446e+01 5.208998837032698503e+01 5.791430111527495228e+01 3.797729780674207234e+01 5.833146325506200469e+01 7.043718364526860398e+01 5.517807528688874186e+01 3.513094537321949673e+01 3.615885294110179871e+01 5.025266520864236952e+01 7.068279110099369689e+01 8.559041560979233054e+01 6.552301193079495079e+01 6.280862281985449869e+01 4.257724512731316224e+01 5.690729914008620938e+01 7.419911364718768709e+01 8.424936137007915704e+01 7.213306334231350547e+01 5.232384608031551210e+01
6.299055471926359555e-03 2.114484162250841681e+00 4.234479922263552965e+00 6.391135386332312152e+00 8.599765907829224787e+00 2.859994477880841757e+01 3.768666701927273976e+01 4.323389952221595678e+01 4.926448503030018600e+01 5.593174374199576704e+01 6.421786835696805440e+01 7.421980266892229849e+01 8.611312659923410706e+01 7.611659749770427652e+01 5.757606023290362884e+01 6.179233660716178633e+01 8.219944085983831883e+01 8.020071554287487459e+01 7.197543593563078446e+01 6.406751142450870873e+01 4.419725769622031919e+01 6.406751142450870873e+01 6.284134420675235333e+01 4.256624116341086506e+01 5.517807556976798367e+01 5.623651054201722843e+01 4.271499029510960810e+01 6.299727066555309563e+01 8.169501092765955264e+01 6.954810112066384420e+01 4.932966701397869969e+01 5.690729914751216967e+01 7.110259049106950613e+01 8.529754423273170971e+01 8.071710417316820951e+01 6.058580226924178902e+01 7.213308819918005099e+01
4.664899311792800908e-03 2.000466489899929812e+01 2.423446042755010410e+01 2.053326774799727161e+01 2.859994477880841757e+01 1.268224881246782054e+01 3.268247356027190165e+01 4.529151300374544320e+01 5.944420462926340321e+01 6.797383372722271133e+01 5.968334585225241540e+01 6.724750725851666289e+01 7.553831504856124468e+01 8.632412724574484741e+01 7.197132821260912294e+01 8.219944085983831883e+01 9.052796475354259087e+01 9.056549428287588910e+01 7.071597823930774496e+01 5.682521086587362191e+01 5.574431454747131909e+01 7.227039054578101229e+01 6.875066069694371151e+01 4.828018789891172702e+01 6.875066069694371151e+01 7.024877459982937467e+01 4.973842417691962225e+01 5.272012224162970995e+01 7.327441908985994701e+01 7.459202221745466943e+01 5.441633783029126192e+01 7.459202221745466943e+01 8.529797051087541604e+01 9.162187785723986622e+01 7.122091435478337473e+01 7.472812835507566831e+01 8.408798786072827625e+01
3.445177533103992596e-03 2.000344517753275042e+01 3.723471378237381657e+01 4.053317078786442806e+01 4.096754140762036656e+01 2.679317922756082737e+01 1.699555975140517106e+01 3.113882137822750451e+01 4.614525358545511580e+01 5.073488007225046204e+01 3.967396807356408317e+01 4.723461730041150020e+01 6.138463192404324076e+01 8.140174040293238988e+01 9.242755350706754314e+01 8.719066268743014803e+01 8.719066268744282411e+01 9.537608344831868123e+01 8.476580338800077641e+01 7.652976688519767379e+01 7.543720979924107439e+01 8.367169647470599614e+01 7.563162527400993440e+01 5.498873154281113074e+01 7.563162527400993440e+01 7.868831301249292665e+01 5.882529884438501000e+01 6.295351380677008990e+01 8.169501113633394596e+01 8.094882908671591792e+01 6.084684073404637417e+01 7.091845731230542071e+01 9.093751158236476329e+01 1.001421031353049926e+02 8.133826622678961371e+01 9.517577081903650082e+01 9.259852413348471600e+01
6.170631355331793709e-03 8.950442541354410864e+00 2.309257816508511141e+01 4.309257816505604666e+01 5.442387481976317076e+01 4.463980351447091266e+01 2.853235007150574987e+01 2.177647459464933632e+01 2.614083468838935431e+01 3.072916202692492860e+01 5.073488007225046204e+01 6.724750725851666289e+01 7.553831504856124468e+01 8.837471737697957508e+01 8.018322169875604288e+01 6.737062654566621234e+01 6.737062654566621234e+01 8.719066268744282411e+01 8.936275207962044931e+01 8.117861106465082344e+01 8.374739110801269248e+01 9.192919819936720671e+01 8.404555340285558884e+01 6.529423782033703105e+01 8.404555340285558884e+01 8.787446636088442631e+01 7.079023297633595746e+01 7.761077557351768519e+01 9.194507638417100281e+01 8.917708975637580693e+01 6.988227804962028245e+01 8.094882908671591792e+01 9.913046198545546872e+01 1.104262630309998485e+02 1.019054894876926340e+02 1.104262630309998485e+02 1.044446944766523870e+02
2.708283848820350944e-03 2.000270828384846666e+01 3.723471378237381657e+01 4.848658970573329441e+01 5.677085817601386708e+01 5.653307487887131089e+01 4.839226569526653066e+01 4.177993149849669408e+01 2.994152631254491581e+01 4.994722295161331971e+01 4.227745564974441095e+01 5.382861281760906991e+01 7.384358798428408477e+01 8.018322170022278783e+01 6.035534104198938365e+01 5.334005553831327973e+01 7.317578072823016555e+01 8.145225727893554790e+01 7.792802981754624625e+01 6.135351718709505064e+01 6.392749263241081081e+01 8.374738105783295339e+01 9.430098843153987787e+01 8.596901272768282354e+01 9.430098843153987787e+01 9.966084392554712679e+01 9.137542920441943295e+01 9.804330324922229067e+01 9.667449332730247136e+01 9.810046350350737043e+01 8.406655549615841494e+01 9.810046350350737043e+01 1.090418682598100446e+02 1.148543325215565574e+02 1.015805932240074156e+02 9.338532817613641157e+01 9.593271261718867038e+01
1.252954368065604170e-03 2.000125295436771111e+01 3.215665811049324674e+01 2.848658973428760888e+01 4.555228122548552960e+01 5.383653300015597409e+01 6.538354881997142343e+01 5.627430580571377305e+01 3.626631304425211511e+01 5.627430580571377305e+01 6.228793668398062522e+01 7.057847208964405183e+01 8.213416564003345854e+01 8.018322169278721390e+01 6.035534104198897865e+01 4.631745376466658826e+01 6.616279283256207577e+01 6.163313582464591889e+01 6.163314086328310282e+01 4.989308518949149374e+01 6.135351714347009278e+01 8.117849373814802050e+01 9.804441553741571624e+01 9.804441553741571624e+01 1.062078869032974495e+02 9.224203054670878998e+01 8.393141609343372522e+01 8.393141609343372522e+01 7.652591909807087234e+01 9.074127544610921348e+01 1.039895208427957130e+02 1.033249461028568277e+02 9.512060037232969023e+01 9.512060037232970444e+01 9.028798586656039049e+01 7.391946733266323122e+01 7.643635816856357224e+01
3.452158733728009216e-03 2.000345215873337423e+01 1.215665811582402078e+01 1.848121343616066881e+01 2.555228124802601997e+01 3.709928663181812425e+01 5.709928656742319220e+01 6.456451872461339292e+01 5.041247137979910775e+01 5.041247137979910775e+01 7.042602597714247281e+01 8.749907448328080761e+01 7.929634566494483749e+01 7.522625153924752794e+01 5.539219839832577463e+01 4.134946457414109489e+01 5.492370651218298860e+01 5.501624685291411510e+01 4.178247686592948895e+01 5.582472310462890874e+01 7.565563471642398952e+01 8.935717190860445669e+01 7.825034798087916954e+01 7.825034798087916954e+01 9.804441553741571624e+01 8.393141609343372522e+01 6.379479712293243665e+01 6.379479712293243665e+01 6.229209201494542469e+01 8.242729985857219788e+01 9.545173601724503953e+01 9.512060037232969023e+01 7.563960486181653664e+01 8.387324237025299567e+01 7.800070578112776332e+01 6.265700360250619383e+01 8.214670817814936754e+01
