MOVIE_S2_data/elevation_000696.asc
nrows	100
cellsize	150.0
xllcorner	0
ncols	100
yllcorner	0
NODATA_value	-9999
[rows 51 to 67 of 100, columns 0 to 36 of 100]
8.392818110607037224e-03 2.000839281811025216e+01 2.915407679976979693e+01 2.836216512135149159e+01 4.000411621126529127e+01 4.673117513508096010e+01 5.496066742022635054e+01 6.227418808850674736e+01 3.736926402495839739e+01 1.894745343553105599e+01 4.196912032831200889e+01 5.640597900569330392e+01 3.868633489035965312e+01 4.679759508023088443e+01 5.455401175177147621e+01 4.348202438497600042e+01 2.343653257747535434e+01 4.348202438497600042e+01 5.255314229712949015e+01 4.423385159546042189e+01 3.787860374880371239e+01 2.158455729531340239e+01 1.080001618884676162e+01 3.071428517779749967e+01 1.688460661141589370e+01 4.075052430298911332e+01 4.352090666005087627e+01 3.239534632253825919e+01 2.176719568682781158e+01 1.490049176453280566e+01 3.483691309064443686e+01 3.178300691538110101e+01 5.169022203076762167e+01 6.300658795779035870e+01 4.272162018844241516e+01 3.113019070472247662e+01 2.354494037307748044e+01
9.749586777120887796e-03 4.594246645824678232e+00 9.289956111362743130e+00 1.440252062527290455e+01 2.031942470140057111e+01 2.717817981773962543e+01 3.798003644599627648e+01 5.700221039889943597e+01 5.048957168490178304e+01 2.612426197746223266e+01 5.048914126717949813e+01 5.796664713245336742e+01 5.112471156578839526e+01 6.403904496974617189e+01 6.109139766636654656e+01 4.678279989761347935e+01 2.670496628841609521e+01 3.821030747619051482e+01 5.849304231902693374e+01 5.947538517439021888e+01 4.030614147630902266e+01 3.417213277517748082e+01 1.306733801264267214e+01 1.133573024815555996e+01 1.171441143876112001e+01 3.502018493318008296e+01 2.208211189154415521e+01 4.089845242484098975e+01 3.446300071007122057e+01 1.450329132913374153e+01 2.862640945256479696e+01 4.817694431012936462e+01 6.000617526941860547e+01 7.141789674948495303e+01 5.130565832809112692e+01 5.127797743577465894e+01 4.362169957709578938e+01
8.728394755072454644e-03 2.000872839475471565e+01 2.915407679976977917e+01 3.418700743113488016e+01 4.000411621126529127e+01 4.673120246130235955e+01 5.496066742022635054e+01 6.516366994485508712e+01 6.073592042756295939e+01 4.372612973913484069e+01 4.425605621859872230e+01 6.507575493389842336e+01 6.915608648563103600e+01 6.753151367290811891e+01 5.260691961794294258e+01 3.243157708799409278e+01 3.372476740346939295e+01 5.392447501138476440e+01 6.699083913779831789e+01 6.333027071288005772e+01 4.382558985706427279e+01 2.255580473073621661e+01 3.424114986741265199e+01 2.960599775701308545e+01 2.357011731187202841e+01 1.224933968245987792e+01 1.902515683666855750e+01 3.288760768207743013e+01 3.353671367489399557e+01 1.410755949170653523e+01 3.408426777714277023e+01 4.526507781554657583e+01 5.935565206866301224e+01 6.827775822320003840e+01 7.170990311381515880e+01 6.697911179876916776e+01 4.711736959907550926e+01
2.389047986999138715e-03 4.084843175459795361e+00 2.406414345599932147e+01 3.447489853232504942e+01 3.925874301818036827e+01 4.450461361309687902e+01 5.038377143095221555e+01 5.721021525030577237e+01 6.537497470676707678e+01 6.861586924205191451e+01 7.324671088436481625e+01 7.758055668999124066e+01 7.849693800859374448e+01 5.902444894263580011e+01 3.873043932568415926e+01 5.260691961794294258e+01 4.266516675488711030e+01 6.241339258325199069e+01 6.676567119536508699e+01 4.630934855585937271e+01 3.413359919476022952e+01 4.382558985706427279e+01 4.491731442191825607e+01 3.401331880989172873e+01 1.539257526871200810e+01 2.326166994331338600e+01 1.279159837238402275e+01 1.317524892661158908e+01 1.355964364461325466e+01 1.972554529570128778e+01 1.710544296875185921e+01 3.120525333170295212e+01 4.010193879915747317e+01 5.464274403674049552e+01 6.613053570504436607e+01 5.865050269681822215e+01 3.856270662975394004e+01
9.035844539165390626e-03 2.000903584415060621e+01 1.011334979810256662e+01 1.458170392296069906e+01 1.942170168962636012e+01 2.474067432834890568e+01 3.071444900969684966e+01 3.767325805395070404e+01 4.884396338794024217e+01 6.229338731376655147e+01 8.145732218789713386e+01 8.191153935639522388e+01 6.124329630767628885e+01 4.948515219607410387e+01 4.506660789521962585e+01 6.547960560661817908e+01 5.433925566772811777e+01 7.154645916029355135e+01 7.507296999155086326e+01 6.333027071288005772e+01 5.495520781281664568e+01 4.826418072002634574e+01 3.697155686405271524e+01 1.856306529156565333e+01 3.402125078094935162e+01 2.733729062686330025e+01 2.908256376532240139e+01 3.314427792107351678e+01 1.668281704823312594e+01 3.565579813060134029e+01 3.702808919427680223e+01 2.018111583056515101e+01 2.652068431997497200e+01 3.799130784630441582e+01 5.784610773853368926e+01 6.706715506882633804e+01 5.698802188451247019e+01
9.762552285145669959e-03 2.000976255228479062e+01 3.004820428087272077e+01 3.447489792631157002e+01 3.925874301818036827e+01 4.450461361309687902e+01 5.038377143095221555e+01 5.721021525030577237e+01 6.537497470676707678e+01 6.994784401171530419e+01 7.823212333665068741e+01 9.040019002318784658e+01 7.849693800859377291e+01 6.997872366854072368e+01 5.219389395274857435e+01 7.274580258765124086e+01 7.490993260013608790e+01 8.341767355021477215e+01 7.630742816709928888e+01 6.196060965690931255e+01 5.212239309773723051e+01 4.022022214687007136e+01 2.262637291033186671e+01 2.165681360311130277e+01 4.279579029430428250e+01 3.949172718200674836e+01 4.861533098396902375e+01 4.202468054139998799e+01 2.206978155118594742e+01 4.203135797507861326e+01 4.246463354420109226e+01 2.255621489195889140e+01 4.246463354420109226e+01 3.908224393070914715e+01 5.309654766541115123e+01 7.306667611837403342e+01 6.153503693261444596e+01
8.769847284209264732e-04 2.000087698472806608e+01 2.587228262826337399e+01 3.415608472266276152e+01 4.771597326158024543e+01 3.943172826582880219e+01 4.390386409608033347e+01 4.861790943052415059e+01 5.361790960946971296e+01 4.994784060240388612e+01 6.701353364522356060e+01 7.529781176569453294e+01 8.684482300520473075e+01 8.127079172923059502e+01 6.238544983967398139e+01 8.127079172922083217e+01 8.416910153115301796e+01 7.409854962119797506e+01 6.582596997036617381e+01 4.761379114671829171e+01 3.413391518731206986e+01 2.629175112930303015e+01 2.946331408893176373e+01 2.454429142243074580e+01 5.133546494449844744e+01 5.794972422907025589e+01 5.465350634253916695e+01 3.478460335868663833e+01 3.626536370899365380e+01 5.034823717203794047e+01 4.487506509621874073e+01 2.499813731163820663e+01 4.487506509621874073e+01 5.894566286804412414e+01 6.723145305666987781e+01 7.598490836501294154e+01 5.554970421076745168e+01
6.221065917130529088e-03 2.923520895875015402e+00 5.872360018972945461e+00 2.587235958579165640e+01 3.353404968084548443e+01 1.943172773077811399e+01 2.390386368577777176e+01 2.861790889368817048e+01 3.361790889368834456e+01 3.994246421402532832e+01 4.701353202589142910e+01 5.856053741422228143e+01 7.856054123486542551e+01 9.159952817924505553e+01 8.310615533562841506e+01 9.159952817924346391e+01 7.596666059286069128e+01 5.568527934787159950e+01 4.541249490131195898e+01 4.872319578863429967e+01 3.001187998604439144e+01 4.384871537203261482e+01 4.384121558455698420e+01 2.758757691484373353e+01 4.750709051935608329e+01 6.147174364595446150e+01 6.293948142783014532e+01 4.881056671356714105e+01 5.614272737603961616e+01 4.936162993503209151e+01 2.954952953424615103e+01 2.894480779971994977e+01 4.876142140477713838e+01 6.287682501661492296e+01 7.439404256261981629e+01 8.447464919373993553e+01 7.598490836501294154e+01
9.675647279733478462e-03 2.000967564727864101e+01 2.587236016904763147e+01 1.028962106196684623e+01 1.353404948458212509e+01 2.060511729644772672e+01 2.816440675663240611e+01 4.816440716896942575e+01 5.361790960946971296e+01 5.994246526083771442e+01 6.701353364522356060e+01 7.529781176569453294e+01 7.705768830600861463e+01 8.518913228532073845e+01 9.268167496079736623e+01 8.439273649625769735e+01 8.416910153115335902e+01 7.409854962119797506e+01 5.564217650766116918e+01 3.561852304590934892e+01 4.284373025455554540e+01 3.869381496400912823e+01 5.586822319984580787e+01 4.750709051935608329e+01 3.290401039349759316e+01 4.719260776931577084e+01 6.740163013008758242e+01 6.875961043894325542e+01 6.585221068710804104e+01 5.261382000491496314e+01 3.283145278156675317e+01 4.876142140522102864e+01 3.480662008349174386e+01 4.618273695444349869e+01 6.609205695557504612e+01 8.125878831170055605e+01 8.493712964353171913e+01
8.858006633845233110e-03 2.000885800663348846e+01 3.857389616511969876e+01 3.028962134137285744e+01 2.767618511093859013e+01 2.986398112345199962e+01 4.816440716896910601e+01 4.230654239145408013e+01 6.230654354946977236e+01 7.796619093770898701e+01 6.991639257093221715e+01 6.369754806893705279e+01 5.816359678753553908e+01 7.705768830600861463e+01 7.907950886738241536e+01 6.432419133332588501e+01 8.110478074802590243e+01 7.008261668977752379e+01 4.966075033759116764e+01 4.700105766436588794e+01 6.292531048695252593e+01 4.613083022674427269e+01 6.654915326765561190e+01 5.742373752295423373e+01 3.719845770669574847e+01 5.150670734269275641e+01 7.170869641717676757e+01 7.168406870811632814e+01 5.171416235635352621e+01 3.776564249828602016e+01 5.261382000491496314e+01 5.261382000491496314e+01 5.459740569363108165e+01 4.155577612558296607e+01 5.295471683752062830e+01 7.295058218860074817e+01 7.953215751282085932e+01
1.018086960643932535e-03 1.154802347075305846e+01 2.569015909445827361e+01 4.569015900254260032e+01 4.767618590907500931e+01 4.986398216067909317e+01 5.814825276784029029e+01 6.230654365280106788e+01 7.059076828077628818e+01 6.991639262198435745e+01 5.132040587386466512e+01 4.536115887208088537e+01 6.369754806893705279e+01 7.319620766088738151e+01 5.901957563660959494e+01 5.274862177523948503e+01 7.213777594324338338e+01 7.848384538401806765e+01 7.008261668977752379e+01 6.149502560606276091e+01 6.655024902398788811e+01 6.062282036433084897e+01 7.487964845524803081e+01 6.218534630346174197e+01 4.198357987581436390e+01 5.626827083251598083e+01 7.647026312902944767e+01 7.286044994895007676e+01 5.285898824644655747e+01 4.147270345705960892e+01 6.131260065082366140e+01 7.256160827965641147e+01 6.771195929028168337e+01 4.777065288069624671e+01 5.773219744433255585e+01 7.775233042070081524e+01 8.690434252626903344e+01
2.494342646960768899e-03 2.000249434264660664e+01 3.051539003438898945e+01 3.654561692594472078e+01 4.361668473781031707e+01 5.190095598527251752e+01 6.344796136906543893e+01 7.084991106498280544e+01 6.259606604866588953e+01 7.084990801303311514e+01 5.676704440019435793e+01 3.844303823708515466e+01 5.676704440019435793e+01 6.317824655557706848e+01 4.486113473597490042e+01 4.380525631500452732e+01 5.796079449661580441e+01 7.802052763243565892e+01 8.441991828715798363e+01 8.181348426744463609e+01 8.672187715200944069e+01 8.086032768413096505e+01 6.904896755364228511e+01 5.475971463483020329e+01 5.101735893032630287e+01 5.626827126925778799e+01 7.647044696107167283e+01 8.117080934236440726e+01 6.706753753929457673e+01 4.713185136892668226e+01 4.985603914183572272e+01 6.982917394783693510e+01 7.479577157318280456e+01 5.475972707787143889e+01 7.479577144979080572e+01 8.605664677452746503e+01 9.538567715725127982e+01
6.187401196855389120e-03 5.170165196140099617e+00 1.051539003438863418e+01 1.654561692594401379e+01 2.361668473780961364e+01 3.516369012160253504e+01 5.516369012160323848e+01 6.086512547112094751e+01 4.260867798521143612e+01 6.086512547112094751e+01 5.186974775296678075e+01 3.335417753047866540e+01 4.640263270900860704e+01 4.820734228366920604e+01 3.486589806580799689e+01 5.487806439286422489e+01 7.213777594324338338e+01 7.855644201380225411e+01 6.442198301417880657e+01 7.855644201380225411e+01 9.009929728187617570e+01 9.756514980074717869e+01 8.330705867719481716e+01 7.496307046200020352e+01 6.111625466391522110e+01 7.647045297960990240e+01 8.481266512877098762e+01 8.126175129490293614e+01 6.118810169449884029e+01 5.520352113748622713e+01 6.982917394783693510e+01 5.979053505213093445e+01 7.986781284354303523e+01 7.479577157318280456e+01 6.890860765676276856e+01 8.900864254411756349e+01 1.057206187604077030e+02
2.476637442850607596e-03 2.000247663744249493e+01 3.051539003438898945e+01 3.654561692594472078e+01 4.361668473781031707e+01 5.190095598527251752e+01 5.019454982575604873e+01 4.191690366113355992e+01 3.260877571423021948e+01 4.620117660640099189e+01 3.786109204498390568e+01 3.748367347986140174e+01 2.645238150801572985e+01 2.819854548857722421e+01 4.820734228366920604e+01 6.317824655264464440e+01 6.853973395755812703e+01 6.025235268268878031e+01 5.022546271947279450e+01 6.182519170029848965e+01 8.182769100249088012e+01 9.314984848691322838e+01 1.014179629494411756e+02 8.966141296757405144e+01 8.132462109867098832e+01 8.966141296757405144e+01 9.673089603653066604e+01 8.956859621698431795e+01 8.126175129490293614e+01 6.519644695350173436e+01 8.356584726925079565e+01 7.398013744839670380e+01 7.398013744839670380e+01 9.408191863335552796e+01 8.900864254411756349e+01 9.730664305567486849e+01 9.930451151544681920e+01
6.350445426094172667e-03 2.000635044542573837e+01 3.983478819893434064e+01 3.912623684034593197e+01 4.061137428601555399e+01 4.213229043644702188e+01 4.191690366113347466e+01 2.191835171750103584e+01 3.339053612400018523e+01 3.509928171422242826e+01 1.784624370138395832e+01 1.981689193742744592e+01 2.202552090765871995e+01 4.209306256911578004e+01 4.853186996982528001e+01 5.175180086245785560e+01 5.505931895498471818e+01 4.013985135994076359e+01 6.025235268268878031e+01 7.195254461396260126e+01 7.902362408463099541e+01 7.317235035208000227e+01 9.314984848691322838e+01 1.002785826700882268e+02 9.201421956732548324e+01 9.081588433611950961e+01 7.664681934328611135e+01 9.081588433611950961e+01 9.361240590269861173e+01 8.530854927958718292e+01 9.361240590269861173e+01 9.408191863335552796e+01 9.408191863335552796e+01 1.023733523474543006e+02 9.823497799927181973e+01 9.912814372756551506e+01 7.930995009945630159e+01
3.512071127920179947e-03 1.155051745492033533e+01 3.155051745265991414e+01 1.912653731007960545e+01 2.061247687276875595e+01 2.213263832179357848e+01 2.952870614804053417e+01 3.107174952147688884e+01 1.339055685080758984e+01 1.509909362609612415e+01 3.505775271698349371e+01 3.984325340518650904e+01 4.209306258840400261e+01 2.573976476347584708e+01 2.843736711474874568e+01 3.164333866854670063e+01 3.494043117910019447e+01 5.505932336835235219e+01 4.687043540390495622e+01 5.191560209268107684e+01 5.902359110855646662e+01 7.317235035208000227e+01 9.314984848691322838e+01 8.868997447793961442e+01 7.189240577028725454e+01 8.180706397401387164e+01 6.232749296056287136e+01 7.645199864607221230e+01 8.475674448746083556e+01 9.481510462208811418e+01 1.055183648131250891e+02 9.732398487578511492e+01 1.055183648131250891e+02 9.234497528548243395e+01 7.825033908915287384e+01 9.091080749766848612e+01 7.081753307260271413e+01
8.642982713123801772e-03 2.000864298035709865e+01 2.289974100869948259e+01 4.992399675843071982e+00 6.476454582486355527e+00 7.994335101527945575e+00 9.530736630889091288e+00 1.108181918834328172e+01 3.108111979222859489e+01 3.509732527911444322e+01 2.054233709947765263e+01 4.053561549356467708e+01 5.408300192554691677e+01 4.582232779657163491e+01 4.853186997437177297e+01 3.631154343030990361e+01 5.505932684470525373e+01 5.137885424621325825e+01 6.694330911727934108e+01 6.609797093036489457e+01 6.609797067679780014e+01 8.608670662183325817e+01 8.849298038317523662e+01 7.967748857674249052e+01 6.018999165000136742e+01 7.349478233104446190e+01 5.325295790713992261e+01 5.622447475919098281e+01 6.636798201628901950e+01 8.653608182572531859e+01 9.555723116637072678e+01 7.734402421342342393e+01 9.555723116637072678e+01 8.230417527024468427e+01 6.394530416823194940e+01 8.230417527024468427e+01 7.316128422238507767e+01
