MOVIE_S2_data/elevation_000264.asc
nrows	100
cellsize	150.0
xllcorner	0
ncols	100
yllcorner	0
NODATA_value	-9999
[rows 68 to 84 of 100, columns 37 to 73 of 100]
6.359061993059215467e+01 7.061025486880785706e+01 8.473787177986626773e+01 7.649429228938492997e+01 5.580139594807628356e+01 7.649429228938492997e+01 8.358164090413937686e+01 9.029861611246627717e+01 9.848144921099070359e+01 1.084097823731631536e+02 9.705701170417248136e+01 7.872922189051378439e+01 9.705701170417248136e+01 1.017728417170745701e+02 8.344150110567044010e+01 9.898868379335972634e+01 9.068799976811182262e+01 7.434617424808863007e+01 8.620198652175943721e+01 1.020760367433262843e+02 1.121041644631400800e+02 1.082791960362691981e+02 9.140827332535980076e+01 1.025640994574494869e+02 1.045361789103033914e+02 8.433505695906693234e+01 7.498330626722265890e+01 9.254145113004231860e+01 8.662395449546495740e+01 1.068275517605363802e+02 1.104951493702203891e+02 9.339170010185819137e+01 9.603844046680893598e+01 1.096439097261117155e+02 8.925340209476966891e+01 7.878754753272585276e+01 8.925340209476966891e+01
7.061025486880785706e+01 5.585103274844589549e+01 7.012871777117184990e+01 6.739400589852935752e+01 5.132011592730412275e+01 5.705603404323640149e+01 6.319347047041719634e+01 7.014858479054558416e+01 8.034896144384846650e+01 1.002504783481749513e+02 1.070808128174809468e+02 9.877988227363930207e+01 1.070808128369951362e+02 1.117985848070260460e+02 1.035025194489493998e+02 1.117985848070260460e+02 1.026833926376860262e+02 8.589915365860511542e+01 1.026833926376860262e+02 1.145439051836336972e+02 1.212145635662340055e+02 1.199184323690075331e+02 1.116058838417696961e+02 1.183782589981477571e+02 1.128592940120075241e+02 1.035266553389488990e+02 8.400122020869814321e+01 1.035266553389488990e+02 1.068275517605363802e+02 1.151458791563999853e+02 1.222947839337059293e+02 1.138151534374211167e+02 1.164732826041244778e+02 1.181057779042307487e+02 1.075881627623071495e+02 9.050441851726307618e+01 9.050441851726307618e+01
7.994963101436347586e+01 7.012871777117184990e+01 4.925666660934277274e+01 4.642770294606341963e+01 6.739400589852935752e+01 7.769590293509709511e+01 8.358164090413937686e+01 9.029861611246627717e+01 9.848144921099070359e+01 1.084132027511874554e+02 1.085955775959643148e+02 1.062521265456951767e+02 9.768474903278048771e+01 9.492661610982816001e+01 1.033463106399620841e+02 1.025513916014900389e+02 1.047486663750528635e+02 1.059680968304560906e+02 1.142628046774382966e+02 1.121413659106366936e+02 1.018225293131583555e+02 1.120730713346405878e+02 1.127271795497929361e+02 9.898060726571401347e+01 1.127271795497929361e+02 1.125566867220278624e+02 9.832073365542034082e+01 1.125566867220278624e+02 1.151926364539113621e+02 1.236751143100890147e+02 1.222626939361375804e+02 1.137796210208031624e+02 1.164480456461908773e+02 1.249295188042549256e+02 1.193742028706292615e+02 1.109080555439627460e+02 1.109080555439627460e+02
5.949047533275166444e+01 6.815713909469759813e+01 6.411959299397661027e+01 4.316161710288001530e+01 5.064168128883555653e+01 5.869171529030418810e+01 6.915938175848079084e+01 8.355510153506286031e+01 1.034311490123821784e+02 1.027350554633080435e+02 8.877782656823653440e+01 9.766078469226805225e+01 7.744046645345888180e+01 7.483278772100258891e+01 9.170501170221213272e+01 8.237046498555167773e+01 8.458037024378155877e+01 1.047486663750528635e+02 1.121413659106366936e+02 9.261235786026395544e+01 8.791919165599394148e+01 9.255363754182532432e+01 1.046620479369821766e+02 8.502466277227405556e+01 1.046620479369821766e+02 1.166030076698674662e+02 1.185003781170061927e+02 1.118108825854596660e+02 9.461380039460651403e+01 1.118108825854596660e+02 1.103939825706586220e+02 9.319040718634308007e+01 9.587786216037790155e+01 1.130692296442491056e+02 1.160809634377332600e+02 1.134200003547093161e+02 1.219034845041952195e+02
6.815713909469759813e+01 4.733147990923039572e+01 5.835072470509699372e+01 4.078635026151486187e+01 6.169956386270030890e+01 7.926802037330826067e+01 8.752195832963545286e+01 9.756482821008519579e+01 1.085956150601632118e+02 8.877782663737241364e+01 7.468642331046720528e+01 8.311163880371900348e+01 7.759934443374100965e+01 6.336372887660255060e+01 7.822932696532949137e+01 6.817733606503357180e+01 8.237046498555167773e+01 1.025513916014900389e+02 1.100185675967937584e+02 9.047050165263509314e+01 7.634966183521956395e+01 7.847271011439030985e+01 8.878799853578662749e+01 7.741854976042004921e+01 8.897365407764421263e+01 1.085315984581652913e+02 1.147974662206034111e+02 1.033114399154626284e+02 8.251071298502874640e+01 1.033114399154626284e+02 1.011335058395008133e+02 8.110978388120925331e+01 8.383279661182533005e+01 1.045718446733767593e+02 9.550227338057234761e+01 9.282527850410698989e+01 1.047529347862279110e+02
6.359604549470066814e+01 5.524662848077584698e+01 3.752532059103942430e+01 5.796519020000820888e+01 6.984539608705814828e+01 7.528485034179460911e+01 8.346344650635843720e+01 9.242387354983792136e+01 1.037797653371950304e+02 9.461948615833617282e+01 7.468730985439223957e+01 6.322317100404101353e+01 5.756907857672226214e+01 5.657503942599647928e+01 5.826336893379326654e+01 7.226769891508139665e+01 9.239116149451760407e+01 1.056640976397843588e+02 1.081732043964229888e+02 1.000826318747614181e+02 8.684034521617823543e+01 6.682214564903296150e+01 6.880230844405983248e+01 8.301683947338412395e+01 1.027208090135832634e+02 1.122347175037466371e+02 1.062941777627241606e+02 8.551877036199319093e+01 7.500356609273040931e+01 9.595727238240287704e+01 9.259814969230345127e+01 7.169630312684003570e+01 9.259814969230345127e+01 9.266523672906502895e+01 8.074078215766081712e+01 9.550227338057234761e+01 1.160809634377332600e+02
5.497277074241112871e+01 3.452141882455452304e+01 5.524662404612593036e+01 5.980530664279738318e+01 6.499928741711282498e+01 5.471372475011175140e+01 6.408851529437667693e+01 7.596362489969837384e+01 9.578914508661705440e+01 1.028219880596128206e+02 9.133605377958085114e+01 8.311163880371900348e+01 7.029757510253898545e+01 4.990957748769532287e+01 5.824138982740224435e+01 7.721928914059454030e+01 7.580343892505993608e+01 9.719538307834400825e+01 1.000826318748600130e+02 8.032598266122835184e+01 8.149025634353492364e+01 6.141562737118552207e+01 8.149025634366523718e+01 8.808087312364803267e+01 8.447061737564952466e+01 1.041446690447284311e+02 1.040418060017609463e+02 8.323776658294903541e+01 6.838317497071702178e+01 8.933112864688827415e+01 8.720131598936811201e+01 6.633462758928385483e+01 8.588562649208370203e+01 7.176907458930533323e+01 8.035922732405042268e+01 9.512685041319514312e+01 1.157086753654064211e+02
3.736010716266415699e+01 3.246558873735502004e+01 5.289708115150542511e+01 3.908012444659001972e+01 4.422573039065783007e+01 5.471372475011175140e+01 6.940682404972493202e+01 8.947566113609090621e+01 9.014468988574108721e+01 8.601476074390308213e+01 7.767607521074830856e+01 7.767607521074830856e+01 6.691789460841276593e+01 4.660180224502121149e+01 5.189614534168138960e+01 5.866217881317216865e+01 7.343417509714582536e+01 9.492582569303775131e+01 9.893385560976010140e+01 8.611257124234526827e+01 6.609768615530101954e+01 5.784033044372498011e+01 7.794152977627898338e+01 6.811309308445575539e+01 8.230987160468113473e+01 1.020133032601789012e+02 9.899608529442535598e+01 7.814268369421279203e+01 6.346345743207336909e+01 8.425050355901164778e+01 7.793772647091658712e+01 6.133822791516431039e+01 6.503309218403178704e+01 7.238152978085469158e+01 9.327126222700736946e+01 9.738011902001476017e+01 1.179519883158219073e+02
5.117535252542471369e+01 3.057855193452998677e+01 3.231416567149847907e+01 5.289710707048523375e+01 6.499928741711282498e+01 7.329888489880009672e+01 8.346344650324927272e+01 8.421262312637261971e+01 6.996110327999690526e+01 7.767607521074830856e+01 5.748379579619521706e+01 5.748379579619521706e+01 5.989076388676456020e+01 4.352179452862181108e+01 5.260154493275863530e+01 6.439721803603281103e+01 8.396379826355608600e+01 9.317532183863642103e+01 7.948211954345711661e+01 8.827068252230381518e+01 6.882239505595568119e+01 5.464700294340902076e+01 5.949307211755641589e+01 7.956658310709050852e+01 8.230987160468113473e+01 1.020133032601789012e+02 9.444549998306268890e+01 7.361257612001016071e+01 5.910528081726673122e+01 7.401433971809296963e+01 5.717711206347869535e+01 7.793772719620911005e+01 7.979551560664567944e+01 9.327126222700736946e+01 8.565824140028995259e+01 1.063714380070606609e+02 1.264313667197132958e+02
5.450631910321558848e+01 4.602126782433003171e+01 2.790587373113433500e+01 3.698907514175090228e+01 4.731350816438697393e+01 6.204165932049269827e+01 8.249208061689050453e+01 7.587273892815343856e+01 5.568734972243927928e+01 6.310637785874585148e+01 6.339797750891095518e+01 4.325686575248226262e+01 3.977028398121431252e+01 5.136208420433185751e+01 7.154115699287538632e+01 7.273630097957007479e+01 9.220214246715752893e+01 8.343951139032468234e+01 6.535846784172196067e+01 7.627239453743761999e+01 6.804916307219751559e+01 5.157439379640940302e+01 6.323116139519223111e+01 8.325233331912340873e+01 1.020133032601789012e+02 1.101003420411709754e+02 9.879709025001801592e+01 7.495767765776143676e+01 6.025069788925040370e+01 5.331144267901311196e+01 7.401433971809296963e+01 7.184367676692706084e+01 9.265006639236746366e+01 1.091015969162543229e+02 1.003519873263399660e+02 1.148666123429414512e+02 1.164493856263897840e+02
4.365471595754665657e+01 2.545816944186094588e+01 4.601472891014307720e+01 4.236929504560137616e+01 6.303796020669223310e+01 7.640230364007381070e+01 7.737225397586229292e+01 6.902793650718170682e+01 6.310637785874634176e+01 4.296838089816566963e+01 5.303737937762421950e+01 3.617558232052492428e+01 4.619932605184721552e+01 6.635471226402805200e+01 7.988757623905837590e+01 9.239525044545462151e+01 8.959604390735481161e+01 7.530587546866618709e+01 5.527817412988999735e+01 6.462416739641213326e+01 4.793674909849285370e+01 6.804916307221181171e+01 7.990213189392841286e+01 9.140340036986438577e+01 1.006029302841269697e+02 1.067046097193636456e+02 8.989158892086551589e+01 8.131955315593710054e+01 7.171840589412595079e+01 5.115109098496218820e+01 7.171840589412595079e+01 8.410167750953395682e+01 9.265006639236746366e+01 1.133134568282799393e+02 1.209036774784928525e+02 1.132602174862579432e+02 9.696254456806207145e+01
2.297687054445851729e+01 4.365471595754665657e+01 5.449965102563130870e+01 6.303747331302446355e+01 7.144910732340974846e+01 7.519478134498123723e+01 6.902793650718170682e+01 4.887019642882041381e+01 5.477426180437183945e+01 5.007613368268390275e+01 3.295323336406764270e+01 5.303737937847969164e+01 5.627701915717237569e+01 6.635471226417597279e+01 8.653538915273222187e+01 8.294983365236937800e+01 7.475986456375792955e+01 6.144676860910812621e+01 6.144676860910812621e+01 4.452853298732040344e+01 6.462416739641213326e+01 6.218758471786232889e+01 8.220026503219486358e+01 9.427212605817243229e+01 7.934761742314866240e+01 8.557315442388760118e+01 8.131955315593710054e+01 6.060070530331979910e+01 6.666911534097908998e+01 4.904837179253459567e+01 5.482393101311907202e+01 7.550980431829889028e+01 9.450354549415261829e+01 1.048869381996682364e+02 1.130544573716589554e+02 1.044787868119185958e+02 8.549089544047706113e+01
2.137751408960697574e+01 3.601783918884642333e+01 5.664606332911341013e+01 6.908513206864937217e+01 6.948060189855814883e+01 5.633070520998904840e+01 5.741370288853683235e+01 5.477426079894478761e+01 3.467640381768278957e+01 2.999715475433581346e+01 5.007613368346396499e+01 4.713504734196952484e+01 6.728686943065180515e+01 8.478282062198226754e+01 8.002119776881663427e+01 7.182255419050829914e+01 5.472549329705359611e+01 5.840186892381372274e+01 4.136427590489265782e+01 5.557478350638805864e+01 7.285893564856647231e+01 8.220026503219486358e+01 9.035720435701288977e+01 8.557315441778592913e+01 6.354736351023198182e+01 7.372866656559848764e+01 6.776069398337028815e+01 6.393108259696963813e+01 4.627122852049473778e+01 6.060066438582238391e+01 7.550940365457753956e+01 6.508170924810718816e+01 7.551826862449625821e+01 9.635747204654121845e+01 1.049760422495340180e+02 8.526460959090577774e+01 7.653307540321550562e+01
1.995344808623119093e+01 4.048553791743578500e+01 5.429149370073137959e+01 4.849681564710506620e+01 4.481890103941095305e+01 5.590343460756486138e+01 3.814703146056074701e+01 4.443569061468284076e+01 2.711984465811982403e+01 4.128329511949695529e+01 5.841975353585979036e+01 6.728686943065180515e+01 7.563281890364639537e+01 8.419541385283179125e+01 6.438597147348382066e+01 5.177592160726658221e+01 5.545485474793598968e+01 3.830213583946162714e+01 5.840186892381372274e+01 6.969150045847752040e+01 8.380821741056718110e+01 9.345898802393935512e+01 1.013926217163869268e+02 8.648655539596320807e+01 6.451257718202893443e+01 5.146384060254757742e+01 4.690912585317467176e+01 4.360168417769951077e+01 6.393108259696963813e+01 7.524186922848736003e+01 8.986524481047746349e+01 8.593772173749104581e+01 9.450354549415261829e+01 1.048869381996682364e+02 1.007060444291073793e+02 8.888172487857698911e+01 6.896425345116044525e+01
2.224490326607276813e+01 3.886122158861272879e+01 3.350118570726038314e+01 3.957516682134315289e+01 2.935693537362786287e+01 4.767412241494635339e+01 4.135195282828937735e+01 2.456945623795009936e+01 4.443568408581588614e+01 5.551832182345646061e+01 6.975423774151812495e+01 6.946380791230667739e+01 7.492589131821607396e+01 7.846138725714453699e+01 5.855710985001740454e+01 4.434664713940923519e+01 3.530362026294805133e+01 5.268045263343700668e+01 5.687302032106871508e+01 7.206015952216999665e+01 9.008816786664078791e+01 7.370247796366818704e+01 9.008816786664078791e+01 9.517851670338913550e+01 8.218258727419274123e+01 7.351089203145706108e+01 6.205539551975328294e+01 4.173089608321010502e+01 5.605236730011995405e+01 7.671190432532591785e+01 9.013925128749504267e+01 8.192285619980627587e+01 9.013690301488672674e+01 9.330657734599047615e+01 8.671853199962546910e+01 7.273101957014418417e+01 6.448562537291806507e+01
3.679128417341983237e+01 3.786828611768483199e+01 1.862783760631175767e+01 1.912194521405868031e+01 3.385064083320062167e+01 4.000848494579238235e+01 2.239939412493513871e+01 4.166195876724415825e+01 4.436063049913461498e+01 6.413902688422687959e+01 6.362683212399287669e+01 4.929843146240462914e+01 5.509227622863079432e+01 6.166826110842944075e+01 5.809339707913212436e+01 5.779514542918004594e+01 4.974332873512840791e+01 3.252903903365484695e+01 4.282082818587426942e+01 6.462263359398218654e+01 8.205256162238202933e+01 6.171434510163911824e+01 8.205173223070549682e+01 9.323218749476032485e+01 8.478586677920542058e+01 6.584454129505357400e+01 5.161793875657248520e+01 4.000043034274768416e+01 5.431279153714819330e+01 7.508336319188393304e+01 8.015357679308873173e+01 6.190845715496812574e+01 8.015208445712246998e+01 7.347239752846614635e+01 7.347277912821104451e+01 5.856871561213635857e+01 7.014062808458513132e+01
1.742554037542540968e+01 1.792353020866999458e+01 2.984708373827829320e+01 3.788727997971678718e+01 1.981738860867130825e+01 2.030850893088946663e+01 2.079976034741735091e+01 4.069486429799331262e+01 4.966075764806353732e+01 5.726202095988837470e+01 5.512652620484112731e+01 3.487003535422690703e+01 4.454784502635725829e+01 4.033724971191847430e+01 4.075791774653369970e+01 4.980445240179019351e+01 3.011691578050469786e+01 4.989709506769364822e+01 6.112879127717738470e+01 7.344862791073468600e+01 7.485605511588057936e+01 5.359035752113486240e+01 6.667629771213702838e+01 8.006089541105599494e+01 7.625776330896775335e+01 6.465881218874274339e+01 5.618683656529030657e+01 3.830409198674476556e+01 5.860768433457813842e+01 7.098385278762340533e+01 6.285731414791174387e+01 5.230227482603134348e+01 7.191270475813790597e+01 6.882115473833010810e+01 5.346535853625245238e+01 7.347277912821104451e+01 8.671332087020293500e+01
