MOVIE_S2_data/elevation_000106.asc
nrows	100
cellsize	150.0
xllcorner	0
ncols	100
yllcorner	0
NODATA_value	-9999
[rows 17 to 33 of 100, columns 0 to 36 of 100]
9.533491951124807226e-03 2.000953349195076925e+01 3.828638100785376253e+01 3.323491021997523376e+01 2.737704152942826852e+01 4.737704299977339417e+01 4.685203793822466878e+01 3.021011331306574377e+01 3.279862482205873420e+01 5.269604280711955369e+01 6.663117092645866535e+01 6.077886796657217161e+01 6.663117097943381850e+01 7.001172188288200005e+01 6.001632696614991147e+01 4.326766664664121720e+01 6.001632696614991147e+01 7.137429825351914303e+01 5.135458812114359262e+01 3.721140510956067970e+01 3.638206659119497033e+01 5.638794251120333456e+01 7.020247864092900159e+01 7.469558386543567963e+01 5.443812798066336001e+01 4.030478250048377475e+01 5.555356520865088754e+01 4.978609137529732465e+01 6.984203642466749784e+01 8.488404670299802035e+01 7.679516229469302857e+01 5.669297000438785972e+01 6.408141955305661952e+01 4.874657566798629205e+01 3.461510168889040528e+01 5.163922948433238247e+01 4.105234720817860961e+01
1.329665511360111864e-03 2.000132877527715891e+01 2.336742942353505725e+01 1.323490560441621433e+01 2.683084797749236472e+01 2.861970460455356147e+01 3.046870793116498533e+01 1.866642045739096645e+01 3.862644362177984902e+01 5.136394312112347649e+01 4.664051670230746538e+01 4.078421986244619291e+01 4.664051670470680477e+01 5.004030224066443822e+01 7.001172188288200005e+01 6.327488919405913492e+01 7.157119336165085599e+01 7.356465276884688365e+01 5.354445292739239903e+01 4.353320463311666089e+01 5.638794251120333456e+01 4.637958888933618340e+01 6.639629613307049283e+01 7.801148851534007633e+01 5.795945883805811150e+01 4.383410800610826641e+01 6.341720463002516794e+01 6.982912257692009916e+01 7.819352398245004565e+01 8.990959750582240417e+01 6.979245864456041204e+01 5.558610521017922679e+01 4.404646705320626410e+01 3.774042090268195437e+01 5.462162604490222151e+01 5.093960558359662372e+01 6.108067264220216686e+01
4.760174870478865901e-03 1.683122891463858961e+00 3.367426733596900146e+00 5.069939795114404291e+00 6.830841607765659518e+00 8.619695989765506994e+00 1.046869664384962029e+01 1.234186826701302486e+01 3.234261492191318865e+01 3.136149441353537881e+01 3.934019010646564851e+01 2.664206743031053293e+01 3.371315941275681638e+01 4.525966935605379149e+01 5.938825615905986410e+01 7.926178022723901506e+01 8.602131918537189392e+01 8.185746957232251475e+01 7.022086471358407778e+01 5.019990322150052009e+01 7.022086471358407778e+01 5.532700578012627091e+01 7.468958268444933424e+01 8.182664220645079922e+01 6.173948275698545274e+01 4.760339363763297627e+01 6.762287554495688369e+01 7.471258875251368181e+01 9.473621772294301024e+01 8.912000196169186950e+01 7.901988738675737522e+01 6.115451041957602740e+01 4.113688879899165585e+01 5.774464737937089609e+01 6.606333699242840396e+01 7.100473832019909537e+01 7.933707857070265845e+01
4.522672674103187483e-03 2.000452267267374751e+01 2.336742951057282625e+01 1.921207555816283374e+01 2.097297743719459362e+01 1.678466179909997891e+01 3.046870793116498533e+01 3.234261491208501837e+01 1.515625844593422933e+01 1.721910093845191625e+01 1.933909669846503476e+01 3.934019010906908420e+01 5.100807881240220354e+01 6.196805599352246219e+01 7.198433180562500411e+01 6.966309673230993837e+01 6.598880020961843229e+01 8.602131918537189392e+01 7.851429686087726623e+01 6.020655915367451883e+01 7.851429686087726623e+01 6.688709257228846639e+01 8.364429616135558376e+01 8.771660136686418241e+01 6.762287554495770792e+01 5.574941966097114943e+01 5.465585838073661051e+01 6.883673656789881079e+01 8.903150925086298173e+01 8.076868610227717227e+01 6.063356636602802041e+01 5.062061077287943078e+01 4.357208788691439594e+01 6.360056369634721563e+01 7.571691640907737053e+01 8.734533764585222571e+01 9.262161239719436878e+01
8.979627706787422434e-03 1.415111525143786331e+01 3.415111525143856852e+01 3.921209011424704727e+01 4.097299848250506216e+01 2.678466181131902957e+01 4.506907312943761212e+01 3.148660715628579965e+01 2.670333705482851983e+01 3.136149441353698109e+01 3.934019010906908420e+01 2.271971371754075975e+01 4.272129842219647600e+01 5.466152227500667493e+01 5.222744408357146284e+01 4.964927546658576318e+01 6.966483593429940413e+01 8.800068667915962806e+01 8.852713109387627810e+01 8.023517027349353725e+01 8.852713109387627810e+01 8.691419055660527704e+01 9.520505654099876836e+01 9.003958827888493488e+01 6.992206111641257849e+01 7.581434840159617750e+01 6.221270461168287369e+01 6.883673656789881079e+01 8.903150925056849019e+01 8.912220007487053408e+01 7.904504131323429306e+01 7.070054977553208175e+01 6.360080484604432627e+01 4.733754035498835577e+01 5.888556863828368648e+01 7.900834249797158293e+01 9.042187407785615960e+01
6.790954771729373202e-03 1.414892657850280422e+01 3.414892657850350588e+01 5.059908461414405423e+01 5.506914977398993472e+01 4.678469090311715917e+01 5.506914977398993472e+01 4.563001567502525546e+01 4.084627347645757567e+01 5.136394314562902963e+01 3.905043426876637369e+01 3.271978505334487153e+01 2.637119743949893191e+01 4.637348121200512452e+01 3.810103718279348328e+01 4.810182030044671819e+01 5.965309839552329407e+01 7.968657846803272093e+01 8.944050959732405204e+01 8.819126021670564342e+01 9.648677671876140494e+01 9.871173103401999072e+01 1.070083293773475219e+02 9.835630295787601085e+01 9.003958827888493488e+01 7.865703880919247126e+01 7.381930028426350532e+01 8.903150925056641540e+01 9.739655132126804915e+01 1.032841813716794377e+02 9.322166451857599156e+01 8.488788822979809368e+01 7.132945709463753303e+01 5.124440147431482018e+01 5.297550560756307192e+01 6.193803382875817221e+01 7.357722423896443331e+01
6.689336105942520969e-03 2.000668933610558753e+01 2.231481336667158288e+01 3.645694899040303483e+01 5.645694899040373826e+01 5.220096307025109184e+01 6.047889436084169290e+01 6.563413827212342255e+01 6.084999399735649916e+01 5.905477074439040308e+01 5.272281174727113040e+01 5.272281176359154387e+01 3.637131359089885763e+01 3.025634096901957903e+01 5.025956547370489602e+01 5.862537296714517510e+01 6.262668506619631614e+01 6.113047885536933990e+01 7.184613014889480098e+01 6.817264599392601099e+01 8.455321360098685091e+01 7.868856365712859713e+01 9.871173103401999072e+01 1.010965181473523558e+02 1.072484875691933723e+02 9.889420004235311978e+01 9.405195673747999763e+01 1.024155956120243474e+02 1.091556500227396214e+02 8.906963232049616863e+01 7.482308576114591858e+01 6.472513716997292477e+01 5.713160994879432764e+01 7.132945709463753303e+01 7.307562625375720700e+01 5.964438751179734766e+01 6.971759916079967923e+01
7.711933663051398317e-03 8.172677742940383183e+00 2.817267774294002791e+01 4.142331471469807269e+01 3.806261948806614015e+01 3.220675336133875533e+01 5.220096307025109184e+01 6.365427193358215874e+01 7.193924207134925553e+01 7.906248983129337660e+01 7.272969915066983049e+01 5.637564883311137720e+01 5.637564883311137720e+01 5.025956182276664208e+01 3.490624806900495258e+01 3.862015915979258551e+01 4.262017548070387818e+01 4.698459334497513851e+01 5.183551509424634673e+01 5.786655200629934370e+01 6.453534131542252794e+01 8.455321360098685091e+01 9.516994857556505849e+01 8.089584212028979948e+01 9.516994857556505849e+01 1.106655201542916416e+02 1.023130800380489802e+02 1.106655201542916416e+02 1.116074172954317589e+02 9.152028055868288448e+01 7.728516365862111570e+01 6.718975412567193928e+01 6.472513716997292477e+01 8.488788822979809368e+01 8.538369603961291432e+01 6.521982926447104489e+01 8.538369603961291432e+01
5.464868864810172588e-03 2.000546486886445408e+01 2.487460185237597798e+01 2.151319095789866509e+01 1.806507386911670565e+01 3.806292180061328168e+01 4.951123526126698238e+01 4.365299765845399094e+01 6.365427193358215874e+01 6.745960160602849953e+01 7.574517064867706040e+01 7.638574689616957869e+01 6.756616969227074776e+01 4.755630417227877871e+01 4.904980291774192125e+01 5.276421351192202991e+01 5.676496381050124995e+01 6.699284311925420354e+01 7.184613014889480098e+01 7.788058950579869588e+01 8.455321360098685091e+01 9.284844651723801690e+01 8.616436905708913230e+01 6.669180564741900241e+01 8.616436905708913230e+01 1.005476777615335351e+02 8.204794028670765726e+01 1.005476777615335351e+02 1.114128387717843509e+02 1.057368094501871099e+02 8.734441517643811892e+01 8.734441517643811892e+01 7.482308576114591858e+01 9.322166451857599156e+01 9.175490526017517823e+01 7.160737267373247050e+01 9.175490526017517823e+01
5.889614652278742785e-03 2.431245865015603691e+00 4.874634752141697724e+00 7.374634752141707494e+00 2.737480543167139757e+01 3.796388976302895912e+01 2.951064616576684685e+01 4.596316939440298910e+01 5.112742503406798988e+01 4.745685211085805122e+01 6.535485528208928940e+01 7.364062496109600886e+01 7.586532949675735438e+01 6.170304699384746527e+01 6.905954361413404285e+01 7.277549837853698023e+01 7.677813202054592523e+01 8.309873363888426923e+01 8.312499372397219588e+01 7.478320935406203773e+01 8.312499372397219588e+01 8.920996447913690020e+01 7.781424261689414834e+01 5.774297806130436328e+01 7.781424261689414834e+01 9.218051016237831163e+01 7.194897505170455076e+01 8.281721029734315209e+01 9.711502453456374440e+01 1.072289286988268771e+02 1.074544361320648278e+02 1.032841813716794235e+02 9.495269069845024035e+01 1.032841813716794235e+02 1.000846501487750402e+02 8.587150515250215221e+01 8.587150515250215221e+01
6.299055471926359555e-03 2.000629905547157250e+01 2.487460185237601351e+01 2.737480543167139757e+01 1.129695745490550962e+01 1.796362413974684813e+01 3.796388976302895912e+01 2.596237040342867886e+01 3.112634894608785885e+01 3.779302316007767359e+01 4.535236867049306397e+01 5.949569792496169640e+01 7.950011243774488889e+01 8.172500546581952108e+01 8.322715454421212655e+01 9.154846284462263384e+01 7.727556281907718017e+01 6.313032258182899170e+01 7.307465936371761472e+01 5.469835540665947349e+01 7.307465936371761472e+01 6.907834714039626078e+01 7.146715146204330438e+01 5.139302951066532898e+01 7.146715146204330438e+01 8.502758232709271624e+01 6.480095282965885417e+01 6.851533541151862039e+01 7.862248782354168952e+01 9.294416618398597052e+01 1.131840237734733563e+02 1.079194690076539018e+02 9.960461029383860421e+01 9.698824195772446899e+01 1.053088700541492955e+02 1.059586895929864880e+02 1.059586895929864880e+02
4.664899311792800908e-03 1.414680052304286839e+01 3.414680052304357361e+01 3.955440684057918332e+01 3.124644484269440170e+01 1.576909340993724662e+01 1.910242674336272373e+01 3.910295193705942296e+01 5.112742503406798988e+01 5.779462597106323329e+01 6.535485528208928940e+01 7.364062496109600886e+01 8.244640785245545089e+01 7.992346110135859760e+01 6.306401073302719595e+01 7.992346110135859760e+01 6.897893477092009107e+01 4.903087036640500429e+01 5.636267108492040023e+01 4.459802778803415180e+01 6.474078238036079824e+01 5.486304446480239960e+01 5.855361327559068485e+01 4.578180100572442512e+01 6.589959176977083644e+01 7.863136046706894433e+01 5.839712003374327765e+01 7.863136046706894433e+01 9.023382606874713474e+01 1.003463346435751475e+02 1.146415532719789496e+02 9.960461029383860421e+01 7.935753467157560692e+01 7.672242281814428111e+01 9.363850183961480411e+01 9.750319654477644349e+01 1.058241001757620126e+02
3.445177533103992596e-03 2.000344517753275042e+01 3.536362019480012719e+01 4.430682553667668344e+01 4.396875045419104566e+01 2.991131219011691655e+01 3.324467116809130118e+01 2.640539468690571212e+01 4.054775423611151552e+01 6.054981143959660983e+01 7.412204199293216789e+01 7.648842905157964367e+01 6.220262692572548247e+01 7.158626385299716333e+01 5.118036535236115014e+01 7.158626385299716333e+01 6.474186129653023158e+01 5.476099478326370473e+01 3.620786406578762495e+01 3.733800146008094600e+01 5.297485811922057763e+01 5.512025565735217469e+01 3.830586477254521327e+01 5.062385643360236998e+01 6.336154512436119290e+01 6.891178066499480792e+01 5.401845122425670809e+01 6.163117515169127358e+01 7.174384109130308218e+01 8.605111601517133124e+01 1.003515142554640818e+02 9.201787177200431245e+01 8.528776582213960467e+01 6.496289344915415143e+01 8.096463887287372074e+01 7.724768285589964023e+01 8.814644551319058507e+01
6.170631355331793709e-03 7.077238453049885081e+00 1.602151255827207521e+01 3.016405039550257783e+01 5.017055991211628196e+01 4.991252254609212002e+01 5.324609282169145530e+01 3.795248150939766418e+01 3.583351041194556785e+01 4.583369675349780437e+01 6.583635533811181517e+01 6.813185523473497085e+01 4.742460019988487119e+01 5.503552982505249958e+01 4.349512110517666486e+01 6.437176850872025113e+01 5.352471041707562449e+01 3.719853425922980961e+01 2.836489475601781152e+01 3.040207108233959943e+01 3.256861749661040051e+01 3.477751594444578842e+01 5.512025566072045990e+01 4.245592303322339944e+01 4.540337746414541442e+01 4.880825856303709998e+01 6.036682777169581726e+01 8.058440339138272179e+01 9.023382606874713474e+01 9.908142666769471418e+01 8.867226150201213386e+01 7.174330443251120926e+01 7.886047683705308486e+01 5.855878561635144308e+01 6.065841706239630327e+01 6.783322880703619262e+01 7.801848598796482293e+01
2.708283848820350944e-03 2.000270828384846666e+01 3.536362019480011298e+01 4.431362697498816772e+01 5.143623720402769095e+01 5.972050845148886822e+01 6.623983486667601994e+01 5.795424426392374073e+01 4.738082167276474621e+01 6.412060161925711554e+01 7.412204199293216789e+01 7.054459615676968554e+01 5.501737737526904937e+01 3.350745896382936451e+01 5.503552982504924529e+01 5.188441885213755000e+01 4.350009501835653225e+01 2.561556468773422779e+01 4.612621464417508577e+01 5.085882991208346482e+01 5.297485827854855245e+01 4.504761347319671216e+01 4.283241289448157829e+01 6.257443758550662238e+01 6.546405506812791941e+01 5.431421527091370649e+01 7.448446494823546971e+01 8.895503034001129095e+01 1.037778103897777271e+02 9.074506612220221768e+01 7.048011775314876104e+01 6.003607310274806963e+01 6.748850548762908375e+01 5.274978792552779083e+01 7.299988339141467009e+01 8.814644551319058507e+01 8.793371514070886974e+01
1.252954368065604170e-03 2.000125295436771111e+01 3.176927652530574520e+01 4.591141214902314260e+01 3.143623720402840505e+01 4.591945871179054706e+01 5.299052652365578098e+01 6.127479777111694403e+01 6.738368398816317040e+01 7.566934146363165326e+01 7.683865014256363679e+01 6.223884152468883002e+01 4.119581865591947434e+01 2.881480485033393180e+01 4.382079144025744455e+01 4.092405951360389338e+01 2.297246993823288008e+01 4.350009501835656778e+01 4.018448959943109600e+01 6.047080783108775393e+01 6.507196456728813416e+01 6.507196456728813416e+01 5.180556546164108056e+01 5.354392314782302265e+01 7.356252943758512686e+01 7.448446494823546971e+01 6.506842050909023101e+01 7.517524746137230807e+01 9.541916287838274968e+01 8.590967516857587327e+01 6.562585474073193836e+01 5.394343967474150503e+01 4.727100524935337234e+01 6.748850548762908375e+01 7.731868559850497036e+01 6.894373735231030764e+01 6.765059157724715533e+01
3.452158733728009216e-03 3.485005277847677885e+00 1.762714090157837887e+01 3.258626438683329951e+01 1.988923182023609471e+01 2.591945871179126115e+01 3.299052652365649152e+01 4.453753190744859580e+01 6.453753190744717472e+01 8.277519866526365888e+01 6.262400569971435260e+01 4.787944629526636930e+01 4.156360932106812101e+01 4.382079144025789930e+01 2.350028204362628870e+01 2.034447034931357123e+01 4.092405951391202734e+01 5.188441894375439034e+01 6.047080783108775393e+01 6.881439511488153471e+01 8.484874422639778402e+01 8.013288433805860222e+01 6.330307904963307664e+01 7.356252943758512686e+01 6.765829803504792039e+01 8.781660496497929103e+01 8.529720516987744361e+01 9.366527728678245523e+01 1.037778103897777271e+02 9.425719299037147891e+01 8.256845326670593010e+01 6.407112412608955765e+01 4.382985334842543068e+01 6.407112412608955765e+01 6.284041352170353179e+01 4.870130223215295473e+01 5.333277226490579181e+01
