MOVIE_S2_data/elevation_000376.asc
nrows	100
cellsize	150.0
xllcorner	0
ncols	100
yllcorner	0
NODATA_value	-9999
[rows 0 to 16 of 100, columns 0 to 36 of 100]
4.047028337263018118e-03 2.000404702833690607e+01 2.634350297242028205e+01 2.941423686510054125e+01 3.251235551836581550e+01 4.081697175550357315e+01 5.500536090953464452e+01 5.554018732968783212e+01 6.382579566552592354e+01 6.427666534461890535e+01 7.256141643464098934e+01 7.005037150109669142e+01 7.833517078212237550e+01 8.988287326449304260e+01 9.329781783840959974e+01 9.329781783840959974e+01 1.017644191413336898e+02 1.042946480305518548e+02 9.588904580171769965e+01 9.588904580171769965e+01 9.480773509414288469e+01 1.007712121749469816e+02 9.449131101297179214e+01 1.028995213257606594e+02 1.169195026559974480e+02 1.086017824139125025e+02 1.086010213815849710e+02 1.063297139296091274e+02 1.004032478185870190e+02 1.023627817405994307e+02 9.397681376745316584e+01 9.310023972407624626e+01 1.014906825523493552e+02 1.132472266904601099e+02 1.003698143642288159e+02 9.223401327698522323e+01 9.223401326981920079e+01
9.482596902220898072e-03 2.594236478374608801e+00 5.344043421434374608e+00 8.587507542893279222e+00 1.196176254572613651e+01 2.662620409573074198e+01 4.050362006794980374e+01 3.553643767193939595e+01 4.825676809310822790e+01 4.427604938042610883e+01 5.850295918814123297e+01 5.004966667911138245e+01 6.159689448121410749e+01 8.159803586056425218e+01 7.302392598392381728e+01 7.302392598392381728e+01 9.329781783840959974e+01 9.588904580171769965e+01 7.532716052150767894e+01 7.532716052150767894e+01 7.423673272502732345e+01 8.026183982313682463e+01 7.391051854496433293e+01 9.106481049824836305e+01 1.086018013507826652e+02 8.819615102700630871e+01 8.819614725507628350e+01 8.589829165759965690e+01 7.989042196689788966e+01 9.053107936733391625e+01 7.338114807954778485e+01 7.249429812396435580e+01 8.444969241358008105e+01 1.049171071068539476e+02 9.223401327252219062e+01 7.270943374209797128e+01 7.270943374209737442e+01
3.324160138653916522e-03 7.386972185678308378e+00 1.187276217077825358e+01 1.449325018764525197e+01 3.251235551836569471e+01 1.692098651169580847e+01 2.040653079861045072e+01 2.395792861704573795e+01 2.824854642322849685e+01 3.272751420199323746e+01 3.850243208174082810e+01 5.004966667911138245e+01 7.005037150109669142e+01 7.896201142705994869e+01 5.897755314319673658e+01 7.712787387560115349e+01 7.712787388202796990e+01 8.554196379005848883e+01 8.134959728610115803e+01 6.084315038877247872e+01 5.976723483364968104e+01 7.956925667131935143e+01 6.208464315806831024e+01 8.190047692146910663e+01 9.373239373733362356e+01 9.417281447977048003e+01 7.356134660807570924e+01 8.589848955755890358e+01 6.534578119380547889e+01 7.403239454890852755e+01 6.155340828676609277e+01 8.208590063843621465e+01 1.014906825523493552e+02 1.023586065628817607e+02 9.105992015086472691e+01 7.842805066366875621e+01 5.883532376767713856e+01
6.476169185215582824e-03 1.996795727366589901e+01 2.865945898798262803e+01 3.427322793971826798e+01 2.423298495291332699e+01 3.715419252667334860e+01 4.050369029045528890e+01 3.813219865712576961e+01 3.663883696486856678e+01 5.272930433373380765e+01 4.905909993351764342e+01 6.678766208715947528e+01 7.833517078212237550e+01 7.189643844163028064e+01 5.199182138725254987e+01 5.714072176514735446e+01 5.714072176514795842e+01 7.712787388013514089e+01 8.560810316161260403e+01 6.508541873787594056e+01 5.083025264009271638e+01 6.434095335554570738e+01 5.310600159943255250e+01 6.475023485940980095e+01 8.528730081511574213e+01 8.688555027490379246e+01 6.629774355411018405e+01 7.767839639989479394e+01 7.257666857728628429e+01 5.374409008211381433e+01 7.403239454890852755e+01 7.992611660424694264e+01 1.004013912872496377e+02 9.421584154017811841e+01 7.468259008972209756e+01 6.336931894288625955e+01 6.863168722168428815e+01
5.418514359027011389e-03 2.000541849653622606e+01 3.374304666772923866e+01 4.203278653731659631e+01 4.376592472360830044e+01 3.517716697949023086e+01 5.452811506085845394e+01 5.813540073430372956e+01 4.818892305662144082e+01 6.492702478306884473e+01 6.905984116641393200e+01 7.734461127922560308e+01 8.033639310160732805e+01 7.712787387560115349e+01 5.714072176514735446e+01 4.308443575349802757e+01 5.714072176514324042e+01 7.712787382132673031e+01 8.597576933943663846e+01 7.955219428857330399e+01 6.434064351477546495e+01 4.421181366127479606e+01 6.434095335554570738e+01 7.484397895453587068e+01 8.328479514915241566e+01 9.221522217517473052e+01 7.165691012820441586e+01 5.727149776847400631e+01 5.235372739253291741e+01 4.959140280243602206e+01 5.948771400457146541e+01 7.992611660424694264e+01 9.625402454281433506e+01 1.003959824478987457e+02 8.082975497560931899e+01 7.056179465116873928e+01 5.094378095346164059e+01
5.264502547137648453e-03 6.671931174443650470e+00 1.374299916016314782e+01 2.529007244017116562e+01 4.529372717786093006e+01 5.452811506085340199e+01 5.001713084723055402e+01 6.889049268846106600e+01 6.818983895960430175e+01 7.647460681986429165e+01 7.712270478058606216e+01 6.874555409762854197e+01 6.026047104436504753e+01 7.220506275930125639e+01 5.865002036387345186e+01 3.865637746162374810e+01 5.865002034913176487e+01 5.754806210413017453e+01 7.756519491275436451e+01 7.515631522611681703e+01 5.482702572998756807e+01 4.072997636815289013e+01 6.078267244402088920e+01 5.471002498125378111e+01 7.161919400710601735e+01 8.328197143115573908e+01 8.613345103984616458e+01 7.767839638369662225e+01 6.583568445556643667e+01 4.587195633244100890e+01 5.567862204690552375e+01 6.731934213013603596e+01 8.784083806972802222e+01 8.895107313571551799e+01 7.764547431562522206e+01 6.125812887508413951e+01 6.007552523203408157e+01
5.458922989205592172e-03 2.000545892298885065e+01 3.374461173027942351e+01 4.203278653731663894e+01 5.358355064620749886e+01 5.956956791589880140e+01 6.796851801458474540e+01 7.705467878104062152e+01 7.395155521923379638e+01 7.173225627758314715e+01 6.874555409762854197e+01 4.873664804072237899e+01 4.614672792182925321e+01 5.801525046204345415e+01 4.382543816478578691e+01 3.445170710534023328e+01 4.126395646710800946e+01 5.279029157155145668e+01 7.273821115943323434e+01 6.911815030965466633e+01 4.889155063744730256e+01 3.759755364175511971e+01 5.357422166805647379e+01 4.383648491216531795e+01 5.451405418501639133e+01 7.483999853814044911e+01 8.920858664971548535e+01 6.873511119936271996e+01 5.448146797431925137e+01 4.317919440480947202e+01 6.304020336620337162e+01 7.640018910681375530e+01 8.658210311237696999e+01 8.082975501914006600e+01 6.125812887508416082e+01 4.993702045839735604e+01 5.694258431932442477e+01
8.589772593009903194e-04 1.414299460099037553e+01 3.414299460099108074e+01 4.633470897684963319e+01 4.350661477990019677e+01 3.833854179546332830e+01 5.956956791589955458e+01 7.395155521923379638e+01 5.375683672721438455e+01 5.155196662467353264e+01 6.585283890713685651e+01 5.459712094066559018e+01 3.443265073016361555e+01 4.509149852407888659e+01 2.938454122940983027e+01 4.968971488498371514e+01 6.122127441468127529e+01 6.956302538287184234e+01 8.113450003099318053e+01 7.756845554152845068e+01 6.246930091230392179e+01 3.477660472725575858e+01 3.604109408770698764e+01 3.586227638423187614e+01 6.686658682131658793e+01 6.364596493024239265e+01 7.208643135661735357e+01 7.467597037082653344e+01 6.038616439876844311e+01 4.061369839439408480e+01 4.791769538781262838e+01 5.778330135720881344e+01 7.814133987696236261e+01 8.200773217205750143e+01 7.220934078375077547e+01 5.973354592957509368e+01 4.018398339877664682e+01
3.158951013565912836e-03 2.000315895101321217e+01 2.787778269603344938e+01 2.624039393560525113e+01 2.298360194854008753e+01 4.350661477990019677e+01 5.447290596854855949e+01 6.451769181227150796e+01 5.746263661770206710e+01 3.719808595301495302e+01 4.790983582256964013e+01 5.630125458909611780e+01 4.509149852407888659e+01 2.460155169899553584e+01 4.509149852407888659e+01 5.509865874497254623e+01 6.342892698471521840e+01 7.344554577268388584e+01 8.345709460667276858e+01 7.503938338223382232e+01 6.866950784132309593e+01 5.050878294972601878e+01 3.086094945281518420e+01 5.050840541641292702e+01 6.049616256058299513e+01 4.371368907277840776e+01 6.049791298086382341e+01 5.455608568900080968e+01 5.455676522363412317e+01 3.823052313757689546e+01 5.793369183155650859e+01 7.640018910681375530e+01 8.658210311237696999e+01 7.389339885959095966e+01 5.429369619049135309e+01 4.450236562852003885e+01 3.763583386250962093e+01
4.111938136589871236e-03 3.854643606132399203e+00 7.784932718419221409e+00 1.197838842002849979e+01 1.780957628324428654e+01 2.605221202527853919e+01 3.610674706961879821e+01 5.618809677465676344e+01 6.585283890713685651e+01 4.790983582256964013e+01 2.742372720088745197e+01 4.012584861552546300e+01 3.861405671182347277e+01 2.168174662500030792e+01 2.802823790201356147e+01 3.496991832143224599e+01 4.511426949455116642e+01 6.508304799539394025e+01 7.503938338223419180e+01 5.482465160999402087e+01 6.074540946621576154e+01 4.377678273310122847e+01 2.826693556743697755e+01 4.791301269107124483e+01 5.213213954321193455e+01 3.247577115617550447e+01 5.213667517206049240e+01 5.133116827865018195e+01 3.492454712123551985e+01 5.455628066174043056e+01 6.487232949544112159e+01 7.414559078718014007e+01 8.329966551552998055e+01 8.200773217205750143e+01 7.220934078375077547e+01 6.409354752503439556e+01 5.716701873979341286e+01
7.351428307265867393e-03 2.000735142830691160e+01 2.787778269603344938e+01 3.212588254788684594e+01 3.208421592882495332e+01 3.425636544132935057e+01 5.434966272449909752e+01 6.451769181227150796e+01 6.506777976982780842e+01 5.557196699401693252e+01 4.012531762650385048e+01 1.951035962782738764e+01 1.799992357926873865e+01 3.267358500444851899e+01 4.838907856677397490e+01 5.509865874497254623e+01 6.342892698471521840e+01 7.344554577268388584e+01 7.317275711729318743e+01 6.074540946621576154e+01 4.086090671087702475e+01 4.539759266884873767e+01 2.572110732025763724e+01 4.539460711738040999e+01 4.229211445351295851e+01 2.553716695244633073e+01 4.518429048435952211e+01 3.173147264736198636e+01 4.548958534226393624e+01 6.291483735730884774e+01 7.040184282930263748e+01 5.287058753959185253e+01 6.689361196997074899e+01 7.549165733957421764e+01 6.229002455758935497e+01 5.378710377595852066e+01 5.377817535241568692e+01
9.944443931579059412e-03 2.000994444393122507e+01 3.712381793554050091e+01 4.836729266846409558e+01 5.248136879734620663e+01 5.434966272449909752e+01 5.891115528668143497e+01 6.380589215916293000e+01 5.174839983077283279e+01 3.694958571447492801e+01 3.407154130497589506e+01 1.451083796273128534e+01 3.510447362081998079e+01 4.698848686929235186e+01 6.130336630224696393e+01 6.650900378251785128e+01 6.874764816832910697e+01 7.716678204469727120e+01 6.476807300833358738e+01 4.478315277174367282e+01 3.347807380330416294e+01 4.293894262652553095e+01 2.322259515633706428e+01 3.949361814320626252e+01 2.261116416125695849e+01 4.231398073029624385e+01 2.861071501357935176e+01 4.821349193959505186e+01 5.966543587503271340e+01 7.384128640780453168e+01 6.105805476618545669e+01 4.135020306841555282e+01 4.652278421292142241e+01 6.677354001737752753e+01 5.378710377598712000e+01 3.363624117031957184e+01 3.363543113654812799e+01
6.062025039522273874e-03 8.950186828437173503e+00 2.049099337316128810e+01 4.019151583421690788e+01 4.011544033439703583e+01 4.813240852705657602e+01 4.069343679905090028e+01 4.595175443134604620e+01 4.349332694513423547e+01 2.241148567651721990e+01 2.984513247212353448e+01 1.236650943013150084e+01 2.485892361935655259e+01 4.652398844942197798e+01 6.055651365020340648e+01 4.617596666498834423e+01 4.839695325806467707e+01 6.281821134176395560e+01 6.508782143617992233e+01 5.885456355499465531e+01 3.898916696189554898e+01 2.507893669374357870e+01 3.735125305827722286e+01 1.972963434787387627e+01 3.950610366762998638e+01 4.375528990000577778e+01 4.455157642486454250e+01 5.652629480060186040e+01 7.022813287476306243e+01 6.206353628527781296e+01 5.249450406136470804e+01 3.272963016160333183e+01 5.245152966170098097e+01 6.394549204221423366e+01 5.770216434803650429e+01 3.953665802438411703e+01 2.007102002787149075e+01
5.865714242623007793e-03 2.000586571424226889e+01 3.199471645571671630e+01 2.609613832791189125e+01 2.025163829771662805e+01 3.519101430579988943e+01 2.717733694584619641e+01 4.602692309022241801e+01 3.548188455896910654e+01 2.684494669651854792e+01 9.471301121326511918e+00 2.991932967580543945e+01 4.132806920193649347e+01 5.392078112625380726e+01 5.213137535459496519e+01 3.215471458725570386e+01 5.213137535459496519e+01 4.249168588635558308e+01 4.470484076594677703e+01 6.508782140143954109e+01 5.133145599533861514e+01 3.155355876872149778e+01 1.752607492497790531e+01 3.735125305827722286e+01 4.778024720009207726e+01 6.183038519829315760e+01 6.166439087851433243e+01 6.443778218741219632e+01 5.649486706836625416e+01 4.237819587449687475e+01 4.698039712155707548e+01 2.743098906234962797e+01 4.426389635989088589e+01 3.763028040174341982e+01 3.431380257930162969e+01 3.398867567528743905e+01 1.784301071284919615e+01
3.580119829443586393e-03 1.194505996944256410e+01 2.043597507267227797e+01 5.892793482049490272e+00 9.194938280246365281e+00 1.575436063028162792e+01 3.518967038505377332e+01 4.591373593415020338e+01 2.705544485794669285e+01 6.958344480427609113e+00 2.699710579729018178e+01 3.783204097790645193e+01 4.833905078786980170e+01 3.964877076810284962e+01 3.644503564719190791e+01 2.528639613793432872e+01 3.878277911033581660e+01 2.931156121576344731e+01 4.844518735428240319e+01 5.385264614103667213e+01 4.212965952689845039e+01 3.386370770842486877e+01 1.605071338033493333e+01 3.571010168165206267e+01 4.956716997404702596e+01 3.948534873406389778e+01 3.986380023344491264e+01 5.058554373201119603e+01 3.720981128283077766e+01 3.109257539663799363e+01 4.196470643564985181e+01 2.243426582719504125e+01 3.563004602280054911e+01 1.627791505578751696e+01 1.673456870877626201e+01 1.719275253586452834e+01 3.690348707188697119e+01
9.038799794707020815e-03 5.336910718856709757e+00 9.136197425325666144e-01 1.291367195119243583e+00 2.047848571373734927e+01 2.888335183797643069e+01 3.652849063760502446e+01 2.956924664754777865e+01 1.778562083039135544e+01 5.529795728429562907e+00 2.421161733549943307e+01 3.414538709240257930e+01 3.370999962598678934e+01 3.576903733960062937e+01 1.489974239098543585e+01 3.134991296631779534e+01 2.068662475642484466e+01 3.857392120059741103e+01 5.467764971454869283e+01 4.519148493642311593e+01 2.526873573128586514e+01 1.397966798084544493e+01 3.192095340210990884e+01 3.623903549110644917e+01 3.400640605020183216e+01 2.020117931452571725e+01 2.413401466529919759e+01 3.748995003156863248e+01 3.470188353938931414e+01 2.120726380920791598e+01 3.425958165060234961e+01 2.818326488310641409e+01 1.563441946817840567e+01 2.016372684990356490e+01 3.274526728463353464e+01 3.261377608993254285e+01 4.492350720017692822e+01
2.154417243255324355e-03 3.795800887671161306e-01 2.069951452198277053e+01 2.089091315335913279e+01 1.827248016754726256e+00 1.837270418638893332e+01 2.260740915976099430e+01 3.266933687249482077e+00 3.642162859954295229e+00 4.017727961358194655e+00 1.962677351062885478e+01 1.737905581121692933e+01 2.818868024250824433e+01 2.580071986575412524e+01 8.661189308327358560e+00 1.303280051383679705e+01 2.910777763677785046e+01 3.690758912479254406e+01 4.189729557898741774e+01 4.844920335281601353e+01 3.903926578368935196e+01 3.176426221897897761e+01 1.195827233127265288e+01 2.931710222087705020e+01 1.157625501543135016e+01 1.200408436276900481e+01 2.621878335075078326e+01 3.143108312366029011e+01 1.366511932804531604e+01 1.410844312692534608e+01 1.455345912021729582e+01 1.499973829719962737e+01 3.467371061249834696e+01 2.248749685302463419e+01 2.741495500524958473e+01 3.640795988946267414e+01 5.484865034763546277e+01
