MOVIE_S2_data/elevation_000501.asc
nrows	100
cellsize	150.0
xllcorner	0
ncols	100
yllcorner	0
NODATA_value	-9999
[rows 51 to 67 of 100, columns 37 to 73 of 100]
1.715081240384932926e+01 3.354392039860687191e+01 1.831165576152296381e+01 1.873332945154457008e+01 1.915094231501516120e+01 3.320050896557291509e+01 3.886364463874349440e+01 2.075231452499808071e+01 2.118331117766134852e+01 2.161576326710570939e+01 4.167127810617425610e+01 4.865901888443001155e+01 4.179531991804305591e+01 4.983823640476069272e+01 4.541967903244824356e+01 2.638900529113108462e+01 4.663217225826230816e+01 5.255265839002014161e+01 6.087705873451134408e+01 6.510827126726360348e+01 4.694011300031840506e+01 6.510827126726360348e+01 7.905668045782987008e+01 5.926367091344744864e+01 4.592746779710763150e+01 4.025487235737418956e+01 3.461135952713097907e+01 5.462639537467648410e+01 6.355345692441020589e+01 7.754439472530461330e+01 7.604745972856910896e+01 5.951084347746009229e+01 5.471717197892173346e+01 6.063647488748438263e+01 8.034635528094148071e+01 9.918171389176301034e+01 9.953175908463174437e+01
1.746381396631065286e+01 1.771451122243494325e+01 3.823359377580555929e+01 3.468936172448562161e+01 4.021498620177192151e+01 4.284238540956141605e+01 2.344766009594997769e+01 4.156809916849136499e+01 4.194406125651102002e+01 2.285921208294388052e+01 3.938287659223487225e+01 5.710799755803554945e+01 5.232032996744319320e+01 6.344256303199180991e+01 4.787304968219140733e+01 2.781544971952191148e+01 3.543329073977741928e+01 4.971037406073138953e+01 6.989310054803367223e+01 7.315627386135672339e+01 5.951153640228002928e+01 6.510827198751233880e+01 7.905668045782987008e+01 5.926367091344744864e+01 6.494292589159429951e+01 5.890923064444599788e+01 5.463727268031304618e+01 3.546989845506067951e+01 4.967577130541464214e+01 6.442901903753465831e+01 6.228226944012725852e+01 4.818675649248898196e+01 6.784145915433387586e+01 8.034635528094149493e+01 8.838879944600495264e+01 9.375130385643743125e+01 7.968095743260317931e+01
4.240602168994375631e+01 2.306359877114582702e+01 4.488653338943865378e+01 5.504253117720802635e+01 5.280940044471237371e+01 3.329465020148329302e+01 2.540491374366381905e+01 4.550741975255582616e+01 5.473002185245454143e+01 4.731783836957480105e+01 4.066494221203092252e+01 6.088562795757995616e+01 6.412586835235357796e+01 6.721314523807129149e+01 4.941083328707955502e+01 2.925369354871446248e+01 4.940381518801211769e+01 4.971037407383356310e+01 6.404729589445238958e+01 8.400614699990025258e+01 7.861998694239632357e+01 8.438283233350307455e+01 8.734795449199364725e+01 7.905668045782987008e+01 7.740221938333380081e+01 6.202730313847252575e+01 4.228670788410704517e+01 5.544329212469926915e+01 3.632663993874835029e+01 5.625079591913885935e+01 4.260445820631343139e+01 6.228226944012725852e+01 7.604745972901353923e+01 8.263794170570272968e+01 6.864568652075845989e+01 7.852610130702275626e+01 6.578375369719631749e+01
4.085107239598746531e+01 2.992503216586617043e+01 5.225019557118952918e+01 6.706728930153559531e+01 4.730401967975291910e+01 5.304002305364752345e+01 4.550746946918449254e+01 2.835647385649417274e+01 4.827572085407926039e+01 6.402890607548705759e+01 6.171242816647952623e+01 6.963504867519458230e+01 7.391142591597123612e+01 6.071057517315633589e+01 4.157836330867477415e+01 3.066445851509635645e+01 5.081470839436120457e+01 6.134782005005909156e+01 7.801554477103520924e+01 7.354748458575957670e+01 8.184761979393468323e+01 9.344806821398357499e+01 9.939679719335907748e+01 8.313214937297453844e+01 6.342864116068140135e+01 4.955734291036827699e+01 6.202730313847069965e+01 6.443799653128185412e+01 5.626307450825736112e+01 3.718089916781617177e+01 4.564161317365254433e+01 6.405481585540259459e+01 7.728685295127735344e+01 6.908509352547906701e+01 5.480480346423672700e+01 5.887378657030471629e+01 7.017601571751917788e+01
6.093172378702805503e+01 3.939798094898579706e+01 6.093172378702805503e+01 7.537216756781731419e+01 6.706729348343682773e+01 6.132138489498992584e+01 5.026683338689080927e+01 3.047551380048635394e+01 3.701535469085343522e+01 4.516240629121489292e+01 5.801687523447856876e+01 8.171787976452371538e+01 7.142637830936396881e+01 4.898029613904834179e+01 3.678859638213344141e+01 5.081470855469992642e+01 3.274059977339523186e+01 5.294436933939906709e+01 6.184368135901214458e+01 5.327594134242703205e+01 6.503288879738830985e+01 8.517863993722529870e+01 9.113046848821612400e+01 7.136052114887449704e+01 6.004149154894176377e+01 6.342864116068140135e+01 6.919966510287730443e+01 7.678055989384166935e+01 5.707898173741357084e+01 5.707866071463065083e+01 3.804699278809746232e+01 5.790393778970844352e+01 6.410927247973319254e+01 4.948836095408881164e+01 6.908744473936863528e+01 7.852610130702262836e+01 8.675941631901790174e+01
7.025851961187917993e+01 5.415808849510229805e+01 7.026063706751898508e+01 7.441240468328878421e+01 6.467554718862494667e+01 5.318038796331592977e+01 3.363569964760321085e+01 5.026683338689080927e+01 5.559734864251775832e+01 6.402891001176317332e+01 7.450954039629736769e+01 8.897711406881622054e+01 7.789550971183513184e+01 6.180242555838359664e+01 4.167566711335991414e+01 6.134723803397202602e+01 5.294436933945848267e+01 3.484359962592947824e+01 4.156229189094686660e+01 6.184370400168523219e+01 7.446807974154033616e+01 8.209293665823095409e+01 9.019436899372419703e+01 8.795103542722519308e+01 7.391921099368880732e+01 8.313214937297453844e+01 8.894948779529076432e+01 7.154326893251402453e+01 6.004628016773349231e+01 4.059736696308898729e+01 3.866214651271101843e+01 5.849435788277116188e+01 4.447891555425832166e+01 6.409963298218023908e+01 7.472973602072853794e+01 8.298820685401848607e+01 9.951570014568136457e+01
8.303065530442496822e+01 7.645523917285106563e+01 8.011973760210948114e+01 6.041590356882735335e+01 4.684946849808419955e+01 3.719425086683774850e+01 3.819533630745986130e+01 5.749619450836291890e+01 7.058864095967192043e+01 7.886976757911918412e+01 8.880077738129912746e+01 8.160604161389051114e+01 6.241542063847372646e+01 4.947873490095859950e+01 6.180242555838359664e+01 7.020062946772129919e+01 5.678165402096063730e+01 3.639230745869085837e+01 4.200574641119982289e+01 4.783945301076440870e+01 5.425166150731214998e+01 6.198688053340216442e+01 7.634676854806600943e+01 9.601785618060392835e+01 9.371165651283834563e+01 8.893401128006225065e+01 7.498226034639762361e+01 6.335362594658384694e+01 4.350955936311684269e+01 6.004628132808473850e+01 5.849451993066310962e+01 3.956781124500103175e+01 5.934772976587250781e+01 6.026651060472941879e+01 5.508099284261384554e+01 7.475654522459257123e+01 8.992171762764675691e+01
7.422344263011736132e+01 9.354340888896651052e+01 8.559756642465688969e+01 6.579821395832695430e+01 5.898019342996909131e+01 3.975978685490596831e+01 5.749619450836291890e+01 4.483060000266603851e+01 5.114804992850870491e+01 6.071163988069313433e+01 8.046564203865067100e+01 8.035160668795879246e+01 6.009813641382864091e+01 6.952567145098679191e+01 7.791003434501691061e+01 7.280389187447285337e+01 5.239489407300142432e+01 3.804000950025086780e+01 5.833713614195530539e+01 6.807508696644929103e+01 7.446807974154033616e+01 8.209293665823095409e+01 9.019436899372419703e+01 9.638113466339119384e+01 8.812125382610125257e+01 7.860098743647291997e+01 6.103050941273301078e+01 4.704532759334134795e+01 5.758759564920107010e+01 7.154341817840143847e+01 6.653004852225693355e+01 5.322271491938218446e+01 4.048677587861497784e+01 4.113550708371636944e+01 6.082853450194354394e+01 6.987731742602755958e+01 7.456402972491015646e+01
8.795648655219969214e+01 9.282460012966063800e+01 8.285295594793386442e+01 6.579931523996015130e+01 4.650996048727892429e+01 4.271827416620371309e+01 6.189827282428516497e+01 5.199773050077417480e+01 7.058864095967192043e+01 7.886976757911918412e+01 8.880077738129912746e+01 8.873299266621268089e+01 7.178639116456176339e+01 8.873299266621268089e+01 8.661120645613299018e+01 7.214149102333151120e+01 6.004428096580696206e+01 3.972516005246246351e+01 6.005267103310948329e+01 7.172719625181420611e+01 7.840946544825375497e+01 7.840946545373371634e+01 9.880972334249042888e+01 8.812125383519349953e+01 6.838740269252747339e+01 7.039830339524860392e+01 5.080501463048729960e+01 6.103050941273301078e+01 7.498226034639672832e+01 8.549932761775662016e+01 7.052718801308010654e+01 5.101038407770990091e+01 6.021432370939305656e+01 6.076932495115569566e+01 4.204758091371002848e+01 6.169870153830143522e+01 5.488273870969401713e+01
9.913372545460549645e+01 8.448326298001660462e+01 6.461623215984567992e+01 5.498430833189839007e+01 6.002834329431789229e+01 6.190635615386614887e+01 4.693865299108016131e+01 6.621716176640777007e+01 6.309194249198260707e+01 7.442283479305237393e+01 9.449909112894069096e+01 1.004244182772084599e+02 9.205190868180977759e+01 8.779261150033616445e+01 7.598734932990838331e+01 5.771981063731295336e+01 4.336694896450450898e+01 6.005267103309647325e+01 4.293468982823463875e+01 6.326756993039479227e+01 5.794570075758708327e+01 7.243374521526914123e+01 9.283613025739452951e+01 8.663418450925688319e+01 7.416731386008913773e+01 5.458296122750144264e+01 7.039830344047318533e+01 7.860098783589823768e+01 8.893401128006200906e+01 8.450765380066579269e+01 6.477462304749107602e+01 7.055429394173326330e+01 7.660171314248724173e+01 5.714147940719535512e+01 4.352360158758990849e+01 4.304032208221157418e+01 4.373760097643017275e+01
1.032083378140370655e+02 9.283606685520850021e+01 8.285295594793386442e+01 6.613910200191315880e+01 7.973167397920425969e+01 6.936178141319099666e+01 4.997704402805919699e+01 6.936178141319099666e+01 8.290805912634428410e+01 9.124882325261977201e+01 1.028570381733130148e+02 9.875948301186279821e+01 8.856167549793198646e+01 7.934110789827620636e+01 5.887574298509529314e+01 4.713308373953925212e+01 6.370558865415661387e+01 7.172719755910050310e+01 6.326757004424202790e+01 4.622016753515143961e+01 6.659470516287082376e+01 7.864194368816167469e+01 9.044871866309759412e+01 7.840226375656762059e+01 5.876560894658238254e+01 7.416731385456365899e+01 6.838740269252299697e+01 7.973316237162622144e+01 9.957959977509572980e+01 9.276734129461297584e+01 8.450765380066579269e+01 8.162141332685493467e+01 7.302595076683181219e+01 6.440572906732654701e+01 4.490697157821988839e+01 6.261556913888875897e+01 6.331985255055674600e+01
8.958626344849734835e+01 9.783164729125211068e+01 9.438380949776878026e+01 8.603752706017121454e+01 8.674943546490572999e+01 6.682342183607714503e+01 5.314936303245906402e+01 6.170860764338640081e+01 7.562478551697826390e+01 9.574946612704756888e+01 1.046930604983627831e+02 8.435779350061038429e+01 6.991572762652042172e+01 5.961964307200032209e+01 5.127952606919033229e+01 6.752542395660711350e+01 6.153496116882863021e+01 8.198768046375325014e+01 7.505685617138792054e+01 6.659470535809626313e+01 4.973681971681449454e+01 6.152817011137217662e+01 8.200051493216849963e+01 8.663418726831474714e+01 7.840226375123917535e+01 6.323570510103702702e+01 7.302696151615508313e+01 9.280823877253297383e+01 1.078665278000019185e+02 9.453987253719679984e+01 7.389890438860224720e+01 6.232001644001532270e+01 5.347027252284497223e+01 4.692018196263441610e+01 6.422349200087866450e+01 7.230950111967881355e+01 7.843884047805526905e+01
6.977034879405984213e+01 8.119934349761912529e+01 1.010430091609034662e+02 9.434796126982303122e+01 7.424415165930484761e+01 6.036123738013792916e+01 5.841743838868088545e+01 7.812570607385956123e+01 8.151916799845412243e+01 1.016767970674308401e+02 1.083958431799450750e+02 9.664561622445474143e+01 7.949630773840127063e+01 5.899537148662230379e+01 5.525285030514330487e+01 7.577177422892924596e+01 8.198768046375325014e+01 9.043973762514301029e+01 7.420320059070459706e+01 5.369286952129596813e+01 7.018080113865173075e+01 6.064822959130704305e+01 7.515777050290286354e+01 9.553720917771674692e+01 8.634888383663532352e+01 6.663765970822356621e+01 8.634888383663532352e+01 9.280823877253298804e+01 1.127617380172793133e+02 1.034095196362501667e+02 9.136186141086113821e+01 8.190021668596799032e+01 6.644461670943665865e+01 4.846624452513371750e+01 6.806730508565141236e+01 7.979998833538508052e+01 8.777318623098419437e+01
8.958626344849734835e+01 9.783164729125211068e+01 1.093062395582500983e+02 1.002753394001165219e+02 8.013242116654228653e+01 6.681648110268017149e+01 7.812570608650891302e+01 6.708237028066622543e+01 8.113776483121785077e+01 1.013573780431548244e+02 9.993580655034142524e+01 7.961378277709725637e+01 6.778415724479964410e+01 7.949630773840127063e+01 5.943497141397990191e+01 7.134586984347382099e+01 9.173136629645203755e+01 9.045233615168775998e+01 7.710792557960817817e+01 5.656847130495945208e+01 7.113045295916174382e+01 8.112446195236177005e+01 7.738727286066715294e+01 9.776562359373380673e+01 8.995398681109182348e+01 7.020802459870417067e+01 8.155370074521778179e+01 1.014289909761321837e+02 1.076504971546463167e+02 9.606141344962550477e+01 8.771340465708669853e+01 8.174474154064124320e+01 6.981973780268546648e+01 5.007639409917241125e+01 5.514078369781478273e+01 6.035524761122494652e+01 7.983071147889125996e+01
8.215764148384698728e+01 1.020061732021255807e+02 1.128022922875372132e+02 9.251227645960311463e+01 7.825124304322433488e+01 8.679039119847332984e+01 9.516095241726462461e+01 7.852063241921533177e+01 8.113776483121785077e+01 1.013573780431548244e+02 1.010574878795899139e+02 8.073256925033115294e+01 8.820288065438087699e+01 8.454174155305319971e+01 6.405959535992478493e+01 8.454174155305319971e+01 1.001759051280712214e+02 8.201305686540800366e+01 6.149325481240718716e+01 6.278919436473625382e+01 8.328867598117280124e+01 9.991936467311491299e+01 9.776562359373380673e+01 9.656205246815068222e+01 7.673785549697406339e+01 7.761622262416703677e+01 9.745072347110618693e+01 1.097260223374607619e+02 9.925665968634866942e+01 7.926315549094192647e+01 6.791758859980399166e+01 6.202008566282295021e+01 7.139486925730015798e+01 5.177465818412299114e+01 7.135043978605791892e+01 7.983071147889125996e+01 6.956501381778775794e+01
7.958551550033423894e+01 9.102736336475828693e+01 1.108990359108925503e+02 1.068269262251037333e+02 9.845508450522257249e+01 1.068269262251037333e+02 1.070958555327925410e+02 9.872488049110387465e+01 1.013573780431548244e+02 1.097223742628844860e+02 1.095195416588076682e+02 9.508904355933151464e+01 1.011414655523260251e+02 8.081103871770081071e+01 6.960496584109414187e+01 8.998982408299151814e+01 9.999307134122145158e+01 7.968347606709157560e+01 6.515989747530397835e+01 8.328883650502609726e+01 7.311354599527768983e+01 8.751451512186704917e+01 1.078277607374881626e+02 1.015331956434645946e+02 8.164862294220903038e+01 9.745072347110618693e+01 9.160192247487121620e+01 1.115709781598379635e+02 1.018805683396376622e+02 8.184517331941447082e+01 8.771340465708669853e+01 7.400809584778991734e+01 5.436579064183185039e+01 7.139491029247619736e+01 5.793871539901360990e+01 7.763798016763556120e+01 8.891852926048642303e+01
9.942612041713374538e+01 1.076866535921599706e+02 1.191798637444540816e+02 1.116275186187619965e+02 1.033630240135037468e+02 1.075534440867869534e+02 9.928314340223676027e+01 9.780775392154093595e+01 1.060805288126558281e+02 1.079821824248243161e+02 1.162389857913331070e+02 1.154665871038263276e+02 1.095997658469788405e+02 9.584422167234504286e+01 7.556399352740670849e+01 9.584422167234504286e+01 1.037717148168933221e+02 8.348075703054465180e+01 6.902214434320549685e+01 8.941971563976510140e+01 9.346412701477450469e+01 8.751451512186704917e+01 1.078277607374881626e+02 1.068635599887567338e+02 8.691916286199771946e+01 1.068635599887567338e+02 1.115709781598379635e+02 1.198811232977265604e+02 1.102776535798363682e+02 1.018805683396376622e+02 8.977797605026302108e+01 7.599499126106501024e+01 5.632583344098152622e+01 7.599499126106501024e+01 7.763798016763556120e+01 6.464036191030473333e+01 8.445032601065013012e+01
