MOVIE_S2_data/elevation_000190.asc
nrows	100
cellsize	150.0
xllcorner	0
ncols	100
yllcorner	0
NODATA_value	-9999
[rows 68 to 84 of 100, columns 0 to 36 of 100]
7.311399400410928048e-03 1.414944702313148639e+01 3.414944702313218983e+01 3.165645558476784416e+01 4.018568922391821729e+01 3.887075228095483226e+01 1.904373304782378540e+01 3.887073657964866413e+01 5.545329892573350605e+01 4.918475635687278213e+01 4.248423096206776250e+01 4.263154663192099747e+01 2.887431843224176831e+01 4.881552331591784366e+01 6.692097620006691727e+01 7.226367227777916469e+01 5.806092132306113740e+01 5.806092132306113740e+01 7.816057198134117812e+01 7.972492693771596350e+01 8.802216191621533881e+01 8.702216410205474517e+01 8.532320627168698479e+01 9.331718866049469341e+01 9.181964869648329852e+01 9.609065669217176264e+01 8.113962503996549458e+01 6.533290172042460142e+01 4.530905148043991204e+01 6.533290172042460142e+01 7.688745004341500078e+01 5.691852137713114246e+01 7.023114048798690590e+01 8.752533622386354750e+01 9.401000340471857442e+01 7.652396718075517867e+01 5.557718268180033050e+01
8.304378570984571536e-03 2.000830437857062805e+01 3.983931422084344121e+01 5.164518392620184528e+01 5.992950162693374239e+01 4.704285932981056106e+01 3.887283647496050776e+01 2.755455736566795366e+01 3.899124795624994277e+01 5.861857561420905682e+01 6.235067792750846394e+01 5.545659223416423345e+01 3.553338547953883619e+01 3.885859178326190033e+01 5.037607196642429841e+01 7.040564000440971881e+01 7.816057198134117812e+01 7.816057198134117812e+01 8.646642323258045337e+01 9.003782526237121431e+01 8.357302246103667187e+01 9.204442057674211242e+01 9.562456669465082371e+01 8.707056720364030866e+01 7.396678442068549941e+01 8.778578021781331131e+01 7.278582601387064699e+01 5.276731900894274219e+01 4.121390828711239607e+01 5.930971280647319333e+01 6.338602789914202162e+01 5.027437937780962329e+01 5.918653048697098029e+01 7.328655938550070914e+01 9.336165130252025790e+01 8.546990926817174739e+01 7.379519713770538658e+01
8.037589590134858880e-03 1.155504297338254993e+01 3.155504297338219288e+01 4.234176317163649372e+01 5.059961251477314903e+01 6.213306465524310340e+01 5.545650062691967719e+01 3.747198184804734211e+01 5.545650062691967719e+01 6.681584466688141788e+01 6.953758934619713727e+01 4.962405225862380576e+01 4.704292682762553568e+01 5.884156350592693485e+01 5.884156350592693485e+01 7.877264562994037078e+01 8.168461392597005499e+01 9.015851205616152697e+01 8.399696510190615584e+01 6.949856734899327648e+01 6.302185676858429986e+01 8.019598772849104762e+01 8.726370836594594493e+01 6.676470952640947587e+01 6.139358547813609590e+01 7.940020161059490533e+01 7.622613091202217106e+01 5.743204723397334277e+01 3.742459314216463895e+01 3.932452283094995238e+01 4.341624608725981460e+01 5.494460137098602104e+01 7.491725698808201628e+01 8.752533622386354750e+01 8.980347170255498668e+01 8.156534009344278502e+01 8.319140369641286270e+01
8.866319943247203544e-03 2.000886631994289289e+01 3.076582654219373225e+01 2.229165278424401464e+01 3.388199193828118183e+01 5.389802558660461784e+01 6.529256055813989690e+01 5.710148356677936476e+01 6.529256055813989690e+01 7.243654255051389157e+01 7.783391392741498294e+01 6.953758934619713727e+01 6.694987291843834498e+01 7.524065907990234336e+01 7.893232283946103678e+01 7.830862290107599222e+01 6.113233011766210723e+01 7.830862290107599222e+01 7.551437671128228146e+01 5.495476311529740343e+01 5.114387834472889693e+01 7.100889753024476647e+01 8.207586920866721414e+01 7.166146453244806480e+01 5.210479099837167638e+01 6.341247473932869383e+01 5.865552947818385121e+01 4.791389411971893963e+01 3.377958151411544208e+01 5.376681784664265962e+01 6.338602789914202162e+01 7.170246258878796652e+01 8.326393256593854630e+01 8.349594189324449189e+01 7.525936172136157154e+01 6.170495509978686499e+01 7.833230033490444555e+01
4.238120735784241429e-03 4.037183654641281372e+00 1.071246607801653461e+01 3.076582654219373225e+01 4.352885750042900526e+01 5.070808793061060271e+01 5.899399792389932884e+01 7.058527377757211241e+01 6.641288573885623236e+01 5.164697466698439143e+01 6.641288573885623236e+01 7.740804985305129549e+01 6.929315530465360951e+01 6.679146176330094420e+01 7.488637094702836805e+01 6.981874733678189671e+01 4.927461203106582133e+01 6.981874733678189671e+01 7.945249729045778508e+01 6.251133535602507152e+01 4.201050019646934430e+01 5.305704407842515735e+01 7.359280656200074588e+01 7.736043691031585467e+01 5.763503964063725249e+01 4.365818153993082262e+01 3.881956705283658238e+01 5.118210309547811931e+01 3.121361230089394923e+01 5.118214989230323653e+01 6.451115726660962935e+01 6.513490045550240382e+01 8.516476724533001175e+01 7.525936172136157154e+01 5.537779103994282082e+01 5.020246853563990186e+01 6.420308984202472402e+01
1.555317930585579152e-03 2.000155531793022945e+01 1.146614660596268642e+01 1.704898572560847114e+01 2.316267019385448478e+01 3.040215784714627034e+01 4.219256246823046297e+01 6.234051203879521807e+01 5.720730369075597821e+01 3.730227922369314797e+01 5.720730369075597821e+01 6.929315530465360951e+01 4.982940142977151510e+01 4.728638934560065366e+01 6.361872564141138042e+01 6.255529864263895945e+01 4.209962668169119837e+01 6.255529864263895945e+01 6.495835832245828101e+01 5.046421934198207282e+01 3.648182423465480895e+01 5.682542670741838720e+01 6.886205727288383116e+01 8.071336523721028300e+01 7.163614429978507303e+01 6.341247473932869383e+01 5.226109792255073216e+01 3.234893999043546842e+01 2.870684930387418987e+01 3.624193328429800687e+01 4.517655953847778250e+01 5.928020614772645303e+01 7.926943272184989553e+01 7.841863979951298802e+01 6.120096827189070865e+01 4.127071342230501472e+01 4.428379404185268697e+01
4.786148573735437791e-04 1.998432633480549114e+01 2.981076997447080856e+01 3.650167107574291236e+01 4.352885576284759850e+01 5.070808793061060271e+01 5.899399774203953939e+01 5.401712769533524039e+01 4.859781650258014452e+01 2.832621747413598357e+01 4.859781650278628007e+01 5.380422567291862634e+01 4.685066244665474500e+01 3.517487616434214459e+01 5.553020295237855208e+01 5.638768148545199210e+01 3.613470542955734288e+01 4.844381070719548887e+01 5.480199403127471669e+01 3.623182206001970940e+01 3.194928421028524923e+01 3.994759938843240121e+01 5.168370794740537377e+01 7.222691426493403810e+01 7.064079912722159804e+01 6.232224069908096453e+01 6.052945039338058564e+01 4.629070367599852887e+01 2.633198115947823936e+01 4.629069577323986096e+01 5.721927515838041955e+01 6.552243066434493812e+01 7.552018765392374178e+01 7.018516133124161627e+01 5.028886462092086873e+01 4.030303913806779548e+01 3.277779709154544463e+01
1.415922250553260878e-03 5.549039814769838763e+00 1.686834264769697000e+01 3.299455547860367233e+01 4.176233411987119837e+01 4.915649966703869467e+01 4.596151081995088106e+01 3.103309014595091853e+01 4.218737402809884429e+01 2.198462277482087757e+01 4.218402951792192113e+01 4.367701054316124498e+01 2.550666319563715589e+01 4.685066244665474500e+01 6.361872564141136621e+01 6.284497211873665634e+01 4.247865433647382361e+01 2.869156300092436496e+01 4.166884563894335258e+01 2.676542222527314152e+01 3.778267955730860450e+01 5.805459262834097700e+01 6.886205727288383116e+01 7.646496671123544786e+01 5.646413119929228941e+01 4.235528033674028592e+01 4.969402655446820205e+01 4.425427531666782954e+01 2.427325057840931777e+01 3.060631423008680940e+01 3.725981358021662260e+01 4.724237251258909964e+01 6.719618891821265549e+01 7.841863979951298802e+01 6.847326240849524481e+01 6.023701296303274688e+01 4.669510107984007163e+01
5.113348591224673584e-03 3.706521224004782900e-01 1.773966333859028666e+01 2.660914863712794798e+01 2.498938765156858821e+01 3.553983468046919825e+01 3.217698689191414729e+01 1.582108191127866625e+01 2.921591010233300167e+01 1.641148589640521394e+01 3.658286494130205568e+01 3.915202233643060481e+01 1.976111816919767961e+01 3.543382832014531658e+01 5.584860375594002591e+01 6.765366365315830421e+01 4.722536963221789819e+01 3.322110165135870830e+01 2.266471121319014870e+01 4.166884563894335258e+01 5.480199403280516179e+01 6.654358417158471184e+01 6.664572475438762922e+01 5.831753475776952911e+01 5.831641237582650206e+01 4.969402655446896944e+01 2.971673989606638600e+01 3.970536617817278824e+01 2.232266394061461057e+01 4.233211768746591019e+01 5.721928068266617373e+01 6.552247023213497812e+01 7.552018765392374178e+01 8.045275411801650023e+01 6.058457001503514761e+01 6.058457001503514761e+01 4.493861984994482839e+01
3.630678512830590090e-03 1.782634339977564153e+01 8.879707263934898398e-01 1.063971650416222836e+01 2.168135077774647357e+01 1.620463259844844472e+01 2.256364253792325059e+01 6.572611840864991173e+00 9.162025253593807150e+00 2.907406207245706753e+01 3.673931543556573587e+01 3.014930779237336722e+01 1.483773060987099335e+01 3.046274290029204579e+01 5.124708524993310022e+01 5.477059223137328559e+01 4.413792912414488967e+01 3.586713878725305449e+01 2.046998716899152626e+01 2.933165399579435828e+01 4.306294005495343669e+01 6.338559240359960256e+01 5.831754695137647104e+01 3.834341144683029512e+01 3.834340662754192408e+01 4.549251995073482391e+01 3.720162866065037122e+01 1.967089206063074514e+01 3.970537189690841018e+01 3.389434722776689313e+01 4.541991922180822883e+01 6.538536989196781235e+01 7.067914281001712595e+01 6.236019662766872074e+01 5.886336320539440692e+01 4.067829535437792998e+01 4.320223762930847045e+01
3.897887252982968069e-04 2.000038976741459251e+01 5.984534946175775971e+00 1.405955363230200872e+00 1.772334220897845203e+00 2.139014465682973931e+00 2.506310323992792188e+00 2.873789017358645559e+00 1.283789894905117990e+01 2.412795532825332501e+01 2.701896865389772984e+01 8.662142916578767782e+00 3.014413764765354742e+01 3.444380366103374769e+01 4.247431186844472251e+01 4.092354048007259593e+01 2.707587373717643686e+01 1.743710122174982402e+01 3.586713878725305449e+01 4.751908529146172100e+01 5.746612515057326220e+01 6.247176333713630214e+01 5.822622209524258352e+01 3.830577084879801220e+01 2.418641908130863527e+01 3.475584436758807527e+01 1.717777780252012576e+01 3.134754337455505890e+01 4.799444869162302751e+01 5.385831097200419748e+01 6.216023665744548765e+01 7.370934731447863442e+01 6.236019662766872074e+01 4.248137032581558969e+01 4.829926724535832960e+01 3.076876609842543786e+01 3.916446602593984494e+01
9.894987445105475968e-03 1.862790364758732053e+01 2.741943921958632657e+01 2.207223050882311810e+01 1.325386311462318290e+01 9.720793193973461754e+00 2.218086487131621709e+01 2.038449445837451179e+01 3.395837934543875392e+00 2.071300183490052405e+01 4.440440019361350465e+00 4.811508604859854543e+00 2.495999467425675178e+01 1.867679602709623055e+01 2.794564172121316403e+01 2.972659930380908122e+01 1.434206102854612830e+01 3.272940074780927944e+01 4.413794783194301630e+01 5.860098954203380117e+01 5.071022116552592252e+01 4.163142537252242192e+01 4.208798109208917282e+01 4.563769058414469271e+01 2.765164446267202791e+01 1.454728433052436287e+01 3.475584442577422095e+01 4.549240502140627029e+01 5.963672023118846255e+01 6.845299052618928215e+01 7.426979143758440216e+01 7.009536575684533943e+01 6.193420736749960298e+01 4.826598422262598120e+01 2.849888242088868040e+01 3.782340507986491929e+01 1.972477967423336409e+01
2.758038052605161963e-03 1.462676772514032209e+01 3.631634832027369697e+01 4.031347117742799924e+01 3.241448217133392262e+01 1.872606296014271976e+01 3.414365022990652676e+01 2.297464324844645844e+01 4.255644603955934357e+00 3.918564231800425457e+00 8.921919845596121945e+00 1.681342549927892094e+01 5.342244141087889808e+00 1.689500027720883679e+01 8.981602289426023233e+00 1.119829231009106962e+01 2.972659347602989754e+01 4.089105163657116293e+01 4.750223385606958715e+01 4.829902496982289506e+01 2.900972930405221462e+01 3.440534492217648221e+01 2.113925756935948286e+01 3.161221581586356777e+01 2.768356339151044665e+01 1.257116453176152682e+01 3.308974468225697052e+01 4.804665237741055961e+01 5.640956064491637534e+01 4.856946877006172514e+01 5.439320174413335707e+01 6.149065606050448451e+01 4.098381258907986080e+01 4.412920546887357887e+01 3.101146332332173117e+01 1.773961253559705398e+01 1.819465646835854145e+01
7.097940694151796438e-03 2.000709794069379655e+01 3.723771777016469997e+01 4.878489369169378875e+01 4.608065876226503121e+01 3.016438117116278406e+01 3.641548559270556495e+01 1.658655786562961865e+01 7.049808869599230476e+00 2.488891076651303180e+01 2.518220533169841246e+01 2.394632879774387391e+01 2.485667975868602397e+01 5.873111031602432419e+00 1.756717833004966778e+01 1.937863343578104391e+01 3.362721397691621661e+01 3.601293123750789249e+01 3.348142818938276122e+01 4.445179449768338742e+01 3.410545247059571494e+01 1.364742228902183641e+01 1.107319339227506561e+01 1.147010820408102738e+01 1.186736603463319994e+01 1.227522809526573155e+01 3.048172438302115594e+01 2.744690495232999083e+01 4.801386003304011041e+01 3.465364026498666306e+01 5.141427795974951920e+01 4.746200448638996505e+01 3.917433734484923491e+01 2.574461248909608457e+01 1.710582828794547794e+01 3.719709059822061192e+01 3.827178134154062406e+01
8.907212727516041623e-03 8.953179122727313199e+00 2.050018450922429736e+01 4.050023254358293912e+01 5.736076117383495898e+01 4.919217111820913146e+01 3.298444146837422153e+01 3.593760865367706003e+01 2.833315017031895167e+01 1.189709672632682391e+01 3.279956026362490462e+01 3.652653451240517768e+01 2.699593336195649584e+01 6.253450256976058164e+00 2.442375278418205298e+01 2.883768255407967374e+01 2.609736793267408217e+01 2.081754327445479191e+01 2.762599427837607635e+01 2.656042666266696983e+01 2.998042260705775419e+01 1.051322260845030954e+01 3.038260797834995586e+01 2.413824360189029150e+01 3.184701777501065934e+01 3.226249458640662482e+01 1.284790524253553912e+01 3.084781514929348489e+01 4.126356187208448745e+01 2.609212837644998118e+01 3.507422563690298745e+01 1.949329872853653356e+01 3.162718282880190301e+01 1.648055149080170523e+01 3.658166004932498794e+01 4.538858608277443807e+01 4.503600397076404249e+01
4.556156782696869564e-03 1.414669178051352105e+01 3.414669178051281051e+01 4.684124357010315975e+01 5.512551678279927359e+01 5.981869951126374474e+01 5.219128512727370151e+01 3.777001488530986251e+01 1.678039474870182701e+01 3.293855739028003171e+01 4.145481227520571821e+01 3.643670262307878716e+01 1.232837702910350686e+01 6.633693382499552094e+00 7.174976067158073789e+00 7.704205655830723920e+00 1.679954886108424006e+01 9.659340964790532169e+00 9.176881931219476485e+00 9.566037439466168024e+00 9.956478819238121503e+00 2.986432464806158649e+01 3.838955913374002193e+01 4.262634347144503266e+01 4.763993855471886008e+01 2.866646597622510839e+01 3.289725168262486932e+01 1.342147581143516177e+01 3.347534177240515874e+01 2.764704360189226762e+01 1.501466631060253221e+01 1.543753821079874555e+01 1.586074784474914168e+01 3.233565602901720837e+01 3.285540824265335402e+01 5.301754235433655538e+01 5.056506963077949734e+01
9.004134676422023004e-03 2.000900413467606498e+01 3.051131194560986515e+01 2.684124356493845909e+01 4.586665103180921932e+01 5.586665104770217738e+01 6.169555392151421813e+01 4.129114742982326902e+01 2.023867146459076594e+01 4.129114742982326902e+01 5.551164385208798535e+01 4.364922294852597418e+01 2.217915190444570328e+01 7.532842398778639925e+00 7.168546906720150602e+00 1.907840272177180196e+01 8.243782292805617473e+00 8.626471253093329850e+00 2.880550517230509655e+01 2.962227607585376532e+01 1.424219330708511499e+01 2.192249706256943398e+01 3.497875268798760828e+01 5.364939369892977794e+01 5.792250989141422224e+01 5.060532661010458355e+01 3.917532894588434544e+01 1.861386209616695098e+01 1.399772069667591445e+01 1.441791496427258323e+01 3.447514953105352475e+01 3.571716585511891395e+01 1.735965217511314762e+01 3.695182032271490868e+01 4.749235844949345164e+01 6.100538894586168936e+01 5.511869862920871554e+01
