MOVIE_S2_data/elevation_000363.asc
nrows	100
cellsize	150.0
xllcorner	0
ncols	100
yllcorner	0
NODATA_value	-9999
[rows 68 to 84 of 100, columns 37 to 73 of 100]
1.042614438231051395e+02 9.973954434058012453e+01 8.557364614462935037e+01 9.973954434064758345e+01 1.083011854946975490e+02 1.009248009703059665e+02 9.268366407210135094e+01 7.798864999572337808e+01 9.010244273656026337e+01 7.086005842979918157e+01 8.761242369571080246e+01 9.424202958746599279e+01 1.024784711304575637e+02 1.124139592436924033e+02 1.088039339060465949e+02 8.871991917232087133e+01 8.871991917232087133e+01 1.003427659576759794e+02 8.099542961220440418e+01 8.099550525140357138e+01 9.265050537406547448e+01 1.127236285162663592e+02 1.248330205123801022e+02 1.073499714877138160e+02 8.718482678319892898e+01 9.163837154560562226e+01 8.551047004008682961e+01 9.877424155619900148e+01 1.180333727092277769e+02 1.033626106042629971e+02 8.325538276082922096e+01 7.619800789582092193e+01 9.622540901618386044e+01 9.087966812283130480e+01 9.087966812283130480e+01 7.351671488829531143e+01 9.347212326906954161e+01
9.698521640968778001e+01 9.084439335904393431e+01 7.161061429885876350e+01 9.084439335926334991e+01 8.841823701883531328e+01 8.841823701883531328e+01 7.277625943640958894e+01 6.646641830923647376e+01 7.539142809021325320e+01 6.191640142307850425e+01 6.769562670539215787e+01 7.435321191220073445e+01 8.431215516662551579e+01 1.041719040083062993e+02 1.169348802864376324e+02 1.088039339060465949e+02 1.088039339060465949e+02 1.092854220581555751e+02 9.264829493526366377e+01 9.526820811166001590e+01 9.526820811166001590e+01 1.152966586805904114e+02 1.213375101079945466e+02 1.015561432869760381e+02 1.002899521473057405e+02 1.113718484678827565e+02 1.045364238789169349e+02 9.519865655861379139e+01 1.139219530174035384e+02 1.117256894807918570e+02 1.033626106042629971e+02 8.769864691263815359e+01 9.251986039361125336e+01 1.109582514418253254e+02 9.950562643836450150e+01 7.947845539991041619e+01 9.950562643836450150e+01
7.707945494705612077e+01 8.257132972396863124e+01 6.288229482524349834e+01 8.257132972396863124e+01 8.841823701883531328e+01 6.849625579521600116e+01 7.581846978488628963e+01 5.645138714098364119e+01 5.540755818970796298e+01 7.539142809021325320e+01 8.761242369571080246e+01 9.424202958746599279e+01 1.024784711304575637e+02 1.124139592436924033e+02 1.180845429514361342e+02 1.129001795517298206e+02 1.151246439800131043e+02 1.207633419301145921e+02 1.126887399296398513e+02 1.152966586805904114e+02 1.152966586805904114e+02 1.233732996169495095e+02 1.294115859955740859e+02 1.213375101079945466e+02 1.211023152187737253e+02 1.266376901501846675e+02 1.106596094704557345e+02 1.091115226075706062e+02 1.219969746565530926e+02 1.239961574316592987e+02 1.162400069870205641e+02 1.078731826616536864e+02 1.127132096037051809e+02 1.210734930018469697e+02 1.065946139514710751e+02 8.652189192856388900e+01 1.065946139514710751e+02
7.707945494705612077e+01 6.321589560961595566e+01 5.665772340419571407e+01 7.011941185314276481e+01 7.834561026647557469e+01 7.581846978488628963e+01 5.583787790856140987e+01 4.935273222714587860e+01 6.936606460664479812e+01 7.714193557322829520e+01 8.378737526784505008e+01 9.202475108863112041e+01 1.019698853069730262e+02 1.120487185775545527e+02 9.764199787835396194e+01 9.240979520700001615e+01 9.465504920403719780e+01 1.151246439800131043e+02 1.195046446340116972e+02 1.112797214236617407e+02 1.087283673848889407e+02 1.169408251160771215e+02 1.144216366384121102e+02 1.202139594374693843e+02 1.242353732253967422e+02 1.318356474129041374e+02 1.262346496558056685e+02 1.299789544539630128e+02 1.239961574316592987e+02 1.041241720695002755e+02 1.077784791475083210e+02 1.095393110867581754e+02 1.178819458074218289e+02 1.240773010896627255e+02 1.148487509879384589e+02 9.811833158035398128e+01 1.148487509879384589e+02
9.118402975411814282e+01 8.290971749477857600e+01 7.011941185314276481e+01 5.036902689775283193e+01 7.011941185314276481e+01 7.023782073296841588e+01 6.197674836482377003e+01 4.581552158967898691e+01 5.137252103795186287e+01 5.716851240462894168e+01 6.385105618399489202e+01 7.384079792457320934e+01 9.373395261111697607e+01 1.036294807055480618e+02 8.309523769389743109e+01 7.785696457036053175e+01 9.841128983245273787e+01 1.103303247190443130e+02 1.112797214236617407e+02 9.161951957834629923e+01 8.906871082756596536e+01 1.055620779492955847e+02 9.460427813800090746e+01 1.004086480575665377e+02 1.033376021005699101e+02 1.242353732253967422e+02 1.274805293696938691e+02 1.220877333393294322e+02 1.105740286481580057e+02 1.022782320131878890e+02 8.796424628314646554e+01 8.968685636779680692e+01 1.040666343183548150e+02 1.040666343183548150e+02 1.213804112081383977e+02 1.181022842725434145e+02 1.262295937116570741e+02
7.836997883191321534e+01 8.013622761993457289e+01 6.038405845646434500e+01 4.637906290659546471e+01 6.097215482904545070e+01 5.852353424716415020e+01 4.199020611466483643e+01 4.829613694776683275e+01 6.830505207908410625e+01 7.714193557322829520e+01 8.378737526784505008e+01 9.202475108863112041e+01 1.019698853069730262e+02 1.061107032977172651e+02 9.064248511670578523e+01 7.008779748753217120e+01 8.138282044100645862e+01 1.019066523774629758e+02 1.104521231428060446e+02 9.737785937581276130e+01 7.763082088442178019e+01 9.179885336480575120e+01 8.048180202271177563e+01 8.868357510846486491e+01 1.088556643406331119e+02 1.175022468692438622e+02 1.023572656250230750e+02 1.137439527189813333e+02 9.388473595814166117e+01 8.243566994912293922e+01 7.907910064537851724e+01 7.822218260828304892e+01 8.422274151148687338e+01 9.308791962720361823e+01 1.070913430986985162e+02 1.272199238858932659e+02 1.223810334450587618e+02
5.835277942537509688e+01 7.248791329941967376e+01 7.438912372907944359e+01 6.097215482904545070e+01 4.116466385228478941e+01 3.858560887268965445e+01 5.851916683166897570e+01 6.829613952849250325e+01 5.901062556278523630e+01 6.901631030243822806e+01 8.311287205961579616e+01 1.029937318395528507e+02 1.061107032977172651e+02 8.561217382911759444e+01 8.514901377381086434e+01 6.458614665707892755e+01 7.913417370347707447e+01 9.967012224711606905e+01 1.018961571824213763e+02 8.164779394259990397e+01 7.134170037331598735e+01 7.197628691239884802e+01 8.183975191053995957e+01 9.506422621352726310e+01 1.124882784217251128e+02 1.059132396277206851e+02 8.601088237012599791e+01 1.061071330398690407e+02 1.064372201677912528e+02 9.082211317435562137e+01 7.093919197359348061e+01 9.082212451583261270e+01 1.040666323744001573e+02 1.123971075746104020e+02 1.214249090768906711e+02 1.178548932235873252e+02 1.006189770345718841e+02
4.420262188153439098e+01 5.604538405941964641e+01 5.718383518587260284e+01 5.160366231989198837e+01 5.339434421260007468e+01 3.624227365735124096e+01 5.029113685625188168e+01 7.027175317964200474e+01 7.897607568788944832e+01 8.721950949755535021e+01 9.717516971980445817e+01 9.708497625605349413e+01 9.484607423745295307e+01 8.937372407255936935e+01 6.881771386423672254e+01 6.009314668058714659e+01 8.066182829439456725e+01 9.670209161639279216e+01 9.884899176028648071e+01 7.936179772262920551e+01 6.534027978600677500e+01 8.519637410249544018e+01 9.978950326315403174e+01 1.087530177634729398e+02 1.145036950911938334e+02 9.671785597547166446e+01 7.539475913469176760e+01 9.671290117504408101e+01 9.860674228096668514e+01 7.879929604758510209e+01 6.728698076879912549e+01 7.880009790457056340e+01 9.283397475587871384e+01 1.127016118528581927e+02 1.178425206259456672e+02 1.091199722605572475e+02 8.832504834824867146e+01
5.018318215836306706e+01 3.617819675454652639e+01 3.849124773102006714e+01 3.175926037507122146e+01 3.353472150237710281e+01 3.898857171798687915e+01 5.891886105731104095e+01 7.491175149259049704e+01 7.491175149259049704e+01 9.478031169801343481e+01 9.708497625605349413e+01 7.655056555506850202e+01 7.430126474525437175e+01 8.879485922688327548e+01 7.637296169976511351e+01 5.581199581636185769e+01 6.768383280732781770e+01 8.824253250359159040e+01 9.590247491516532818e+01 7.608360404270891308e+01 6.201776461406628016e+01 8.188841553975584020e+01 9.934003448341258036e+01 9.994595793160512187e+01 1.049756504921974454e+02 8.164209315393543420e+01 6.851842602731819909e+01 8.941776915044447094e+01 9.796354966677155574e+01 7.809979953414793385e+01 6.399256653085283375e+01 8.391860083449194008e+01 1.005582030031158354e+02 1.051196166782053183e+02 9.787488887263320692e+01 9.787488887263319270e+01 8.111683753218196102e+01
5.428185127337022209e+01 4.678560602704757798e+01 2.926044246934419490e+01 4.910866473035729740e+01 4.495920063078751383e+01 5.891885175045671730e+01 4.787582649786070732e+01 5.494620174811724667e+01 6.908592709228527440e+01 8.897653577181139894e+01 9.083146735406319294e+01 8.031870012733348574e+01 5.976223960742873231e+01 7.004046986738113389e+01 6.808997043271295979e+01 5.225771690846049466e+01 6.410433927357360062e+01 8.466372225096884563e+01 9.277441948804323602e+01 7.293777101887938841e+01 5.886196891138946086e+01 7.874779083948367031e+01 7.977478197811799987e+01 8.123977770265548770e+01 9.994589566433639050e+01 8.358727865327325901e+01 6.296061856242520349e+01 8.358586534290920156e+01 9.762523492598036512e+01 8.080654727090747258e+01 6.085903074020585990e+01 7.240307040924321313e+01 9.228591014405564863e+01 8.523546164132160641e+01 9.619576301051526457e+01 7.794890113775822726e+01 7.444440295401055607e+01
3.441297108842646679e+01 2.694058279102593190e+01 4.678560602704757798e+01 5.736356031347268924e+01 6.491694487800630498e+01 7.317249965287507507e+01 6.785286368537332180e+01 7.491175149259049704e+01 8.313663959320696506e+01 8.487656727704205650e+01 7.050668474771562444e+01 8.487656727704211335e+01 7.004046986738113389e+01 4.954066684229539419e+01 4.760502247230351003e+01 6.808997043271295979e+01 7.938187321646580585e+01 9.313019087393576001e+01 8.978880374866672298e+01 6.993627423328949533e+01 5.584889719118635298e+01 7.539368487786671835e+01 6.609606528894971689e+01 8.550531176129165090e+01 9.379694461745407352e+01 7.843521104766725216e+01 5.802674056283946413e+01 7.843523474687457053e+01 8.935429765093134336e+01 6.945497189078720623e+01 5.789847746042553212e+01 7.387184820942277952e+01 7.667534728749321005e+01 7.114891974904013239e+01 8.265167500665488376e+01 6.795313158404813692e+01 7.794890113775822726e+01
4.519652276381209788e+01 2.535383683463792437e+01 3.936558933680176153e+01 5.927403636097559314e+01 7.229209842344393167e+01 8.054094866892131677e+01 8.381585067460093796e+01 9.205530552665688049e+01 9.083146735406319294e+01 7.050668474771562444e+01 5.605518513641834488e+01 6.624872916577940885e+01 6.016392205095747414e+01 4.346729328889989574e+01 6.385954669370819659e+01 5.945827486009950036e+01 7.174333850102998156e+01 9.472377913101961155e+01 8.432849244421012713e+01 6.444933964990659092e+01 5.292876714549164774e+01 5.565176966278794168e+01 6.894338783508453616e+01 8.882657208766794099e+01 8.543238570571814705e+01 6.520452700706246674e+01 5.350623838292025169e+01 7.375939175258636737e+01 9.073953705815655724e+01 7.934066755376501590e+01 7.108274589840685564e+01 5.388076791085587303e+01 5.669423299597735166e+01 5.959327004404563866e+01 6.269077792327926346e+01 6.977111620817285598e+01 8.969628653324322443e+01
4.152020629550160891e+01 2.379162280961185871e+01 4.362814717259932706e+01 5.599710797581529675e+01 5.233489244468565005e+01 6.971373629077901057e+01 6.387244925495170378e+01 8.381585067460093796e+01 9.722250950467437747e+01 8.485143417965423396e+01 6.624872916577940885e+01 4.589328789211602810e+01 3.986915255384445089e+01 6.016392205095747414e+01 7.234967223079324583e+01 8.058002117619825810e+01 8.934749820924160701e+01 1.042589411491865690e+02 9.256798859461413542e+01 8.108322965423819539e+01 6.894339115562925713e+01 4.899563368701924304e+01 6.548166753458491485e+01 7.373271421914272139e+01 8.383560233127774097e+01 6.373744458018584425e+01 4.947582209096592720e+01 6.961332071568304514e+01 7.658403873626500058e+01 6.254448477979409660e+01 5.107952672268466898e+01 6.265800896500783068e+01 7.667240579818320612e+01 7.373384834917860076e+01 7.423717640250544036e+01 8.969628653320788203e+01 8.238800211813745022e+01
2.170747178612664285e+01 4.152399253636966847e+01 3.086328521475768483e+01 3.610062161243277501e+01 4.269030688134119345e+01 4.973591128795290928e+01 6.387244925495170378e+01 8.381585067460093796e+01 8.895896979166809615e+01 6.858565246584035435e+01 7.233876343751177274e+01 5.780574688697495134e+01 3.756589240015301812e+01 4.760463031689643998e+01 5.935052228636361349e+01 7.383324575140076718e+01 9.431306318432221758e+01 1.074681421477617818e+02 8.960902563172993496e+01 8.954009187271421411e+01 7.718513644925116068e+01 6.548166753458491485e+01 4.549825127050720397e+01 6.548166753213989466e+01 7.997615542987519177e+01 5.995893391449452992e+01 4.573795836073904297e+01 6.394036865834691952e+01 6.574832732753739606e+01 4.836675456888924174e+01 6.254448478156306379e+01 7.930486624630783865e+01 8.257043402556449507e+01 9.363949441529378248e+01 9.414609385983699497e+01 1.024313247928110684e+02 1.022720843233290111e+02
2.027415214278947531e+01 4.005539309389437364e+01 5.046766503828495587e+01 4.701061644173110210e+01 5.533039736030880107e+01 6.104408612443531013e+01 6.954232123178810809e+01 8.137607827835310559e+01 7.306681937993987219e+01 7.235101243406941762e+01 5.190547516455637123e+01 5.555550094763380287e+01 3.531985275760579412e+01 4.958246732794420808e+01 6.997567972079878018e+01 7.272738874684692689e+01 8.078481911448548658e+01 9.251367790315559603e+01 8.951295862626338362e+01 7.031180613328407958e+01 7.845006419398187347e+01 6.311688673655132220e+01 4.311778332002202063e+01 6.311688673663169880e+01 6.825144995581129592e+01 6.000044903211608016e+01 4.218646549391091582e+01 4.393893991333938942e+01 4.572364877926129623e+01 5.471159090537095437e+01 7.468569632821447613e+01 9.073986059775391766e+01 1.023621910178437275e+02 1.041450011249685588e+02 1.041450011249685730e+02 1.041450011249685730e+02 1.124585642312221268e+02
3.799483207208788116e+01 3.917905646961721544e+01 3.956191182444612053e+01 2.324286004160364882e+01 4.465447970312096260e+01 4.055414415739245726e+01 6.104408612145623891e+01 6.980025739128288365e+01 5.302122375117933473e+01 6.980025739128288365e+01 6.054071814975056043e+01 4.023764578616608389e+01 3.312412054818754825e+01 5.335936858828321760e+01 6.223847755866192699e+01 5.186194881307913818e+01 6.226021262771673292e+01 8.359938679516406523e+01 9.745872258919827402e+01 7.845006419398187347e+01 5.884787809916421253e+01 6.079779856200298838e+01 4.080220065096923321e+01 5.776607001806215891e+01 5.781591105665090424e+01 3.998365240640060136e+01 6.000045002460734622e+01 5.827023489017999935e+01 5.730186595811046857e+01 7.401306959967035937e+01 7.103432334227875344e+01 9.094524140748669083e+01 9.829329168058069399e+01 8.412801912993943176e+01 8.412801912993944597e+01 8.412801912993944597e+01 1.041450011249685730e+02
1.893008578580025869e+01 1.940340355920437787e+01 1.987838129483245098e+01 2.353978340467632080e+01 2.775744442667594214e+01 4.655522633505663066e+01 5.029361387793152005e+01 5.081130639079354694e+01 4.151664023342083709e+01 6.149348934760861596e+01 5.700208056955895586e+01 4.857179121006541322e+01 3.110585415287252076e+01 3.621197560102019963e+01 4.176728899090076652e+01 6.223848087883511226e+01 8.129589772730987818e+01 9.152831122121072838e+01 9.112856411182923466e+01 7.928360576766833390e+01 6.921707093131504962e+01 4.940587836452294113e+01 5.752184777179375175e+01 3.780103962777168647e+01 3.783767824510447042e+01 5.781589333014287746e+01 6.825146561631662223e+01 7.919083242690236091e+01 7.703805358947072079e+01 8.513911373176631514e+01 9.094506823476454827e+01 9.245899986022619998e+01 8.412851709233531494e+01 6.965174984049681939e+01 6.965174984049681939e+01 8.999085741739439470e+01 9.763039244170872166e+01
