MOVIE_S2_data/elevation_000152.asc
nrows	100
cellsize	150.0
xllcorner	0
ncols	100
yllcorner	0
NODATA_value	-9999
[rows 0 to 16 of 100, columns 0 to 36 of 100]
4.047028337263018118e-03 3.717953791878308323e+00 7.497598521970596508e+00 2.749823280648273993e+01 4.144657046958620583e+01 5.559651084594869985e+01 5.407392566252035238e+01 6.163494165516191714e+01 6.993554324500539110e+01 8.149682803640796180e+01 8.500337819075885193e+01 7.691834675613124261e+01 7.614021145253074963e+01 7.828261805763258963e+01 8.636670731424312919e+01 8.977654027516646806e+01 8.595778803216940389e+01 7.768774426582558590e+01 7.768774426582558590e+01 7.980784637659003522e+01 7.610357934633942989e+01 8.196147785939443509e+01 8.317728984625040312e+01 9.144341771404931762e+01 8.684293580542366442e+01 7.835386572060423305e+01 7.835386572060423305e+01 7.835386572060423305e+01 8.684293580542347968e+01 9.152206043300891736e+01 8.344195740158677665e+01 8.575209060452517917e+01 9.382728000309477068e+01 9.221755313932334275e+01 8.374557151845053227e+01 8.374557151845053227e+01 8.020722748657254897e+01
9.482596902220898072e-03 1.999817054653258808e+01 2.749623012291527147e+01 1.315445277146529790e+01 2.729663004085880118e+01 4.464449283467929064e+01 3.407107797660378168e+01 4.163037367965020508e+01 5.317757952645916220e+01 7.318791317197431567e+01 7.363153183713789929e+01 5.714815719105797598e+01 5.636044343364607556e+01 5.852893497028158265e+01 7.015374438928313339e+01 7.015374438928314760e+01 7.768774426582558590e+01 5.768001893650347967e+01 5.768001893650347967e+01 5.979948247996877342e+01 5.609613007150469599e+01 6.195617628985794312e+01 6.316981519570055781e+01 8.317728984625040312e+01 7.835386572060423305e+01 5.791771156381469865e+01 5.791771156381469865e+01 5.791771156381469865e+01 7.835386572060423305e+01 8.017371833348205712e+01 6.372441286262348115e+01 6.606339973153608014e+01 8.249272334558727948e+01 8.374557151845053227e+01 6.339420102894159470e+01 6.339420102894159470e+01 5.990453045119468101e+01
3.324160138653916522e-03 1.414612033928179180e+01 3.417117040060468725e+01 3.315533721413913071e+01 1.947900809212935869e+01 2.464298588843017868e+01 3.619000679395101372e+01 5.619353554226827896e+01 6.993554324500539110e+01 7.849206404659150849e+01 6.550402248880624256e+01 4.562245000101629699e+01 4.224334130423164879e+01 5.760726494838300482e+01 5.031601856442291876e+01 7.015374438928313339e+01 7.768774426580706916e+01 5.768001893650347967e+01 4.353406052736450249e+01 4.565355370000043678e+01 4.195020020195563859e+01 4.902244494730888391e+01 6.316981519570055781e+01 8.317728984625040312e+01 7.573094091826109775e+01 6.390332253496470827e+01 4.382018399791279251e+01 6.390332253496470827e+01 7.796775641304039084e+01 7.134132742056492305e+01 5.224324586368984313e+01 5.458786231038298808e+01 7.366843147941506231e+01 8.447026856555466168e+01 6.935497943887899908e+01 4.922489126468715881e+01 6.935497943887899908e+01
6.476169185215582824e-03 1.414861179291629156e+01 3.414861179291699500e+01 4.292004703684355604e+01 3.948030156721711847e+01 3.580920909811015207e+01 5.293747164182195775e+01 6.449151328389255866e+01 6.758553967786716044e+01 6.452156381761619741e+01 5.055106358842921566e+01 5.402539126106766076e+01 3.408525625744444199e+01 3.768144198156780789e+01 5.180181121713702197e+01 7.162287008208656403e+01 6.648010247631155778e+01 6.825601209442140771e+01 4.824937999707750436e+01 3.411577465727730640e+01 5.410918686980528491e+01 6.761882448430688441e+01 7.730661645487499811e+01 8.171118896678545696e+01 6.127569203930406871e+01 4.710715416130004485e+01 3.841585564508528705e+01 4.930455184488879183e+01 6.949796013481780221e+01 6.319658790092947243e+01 4.338739347267069490e+01 4.572167455380633072e+01 6.553135116658951631e+01 7.600535864946806441e+01 5.576998009749252816e+01 4.427797062062088429e+01 5.838459351942307052e+01
5.418514359027011389e-03 7.076486326224532775e+00 1.463577578640914467e+01 2.618278117020186357e+01 4.618278117020443574e+01 5.581465365690645086e+01 6.411615058022231040e+01 6.172618855903979806e+01 4.774293923057571476e+01 5.459121564824042849e+01 3.643429769807330132e+01 4.316442040345344822e+01 2.874916052658249654e+01 4.869616601609791928e+01 6.576511238819169591e+01 6.648010247631155778e+01 4.648314971516096250e+01 5.015265891785885799e+01 4.567710400783165881e+01 3.041103251139267982e+01 3.934032694869068081e+01 5.348114511433462326e+01 7.348630213847953030e+01 7.561659673954969207e+01 6.714205143834462319e+01 5.301011130881318678e+01 3.318381582899613846e+01 5.301011130881318678e+01 7.133990335652876524e+01 5.619298004589715134e+01 3.642305308360482030e+01 5.619298004589715134e+01 7.366842380790211564e+01 6.318952787453520870e+01 5.480355518117634261e+01 4.007505786116763602e+01 4.814893584541364646e+01
5.264502547137648453e-03 2.000526450254678323e+01 3.463577578640985166e+01 4.292004703683578271e+01 5.446705242223610810e+01 5.239157580489195709e+01 4.971323623406910741e+01 5.355470234519435024e+01 3.362553718313775875e+01 4.095039158964424786e+01 2.643977116631384305e+01 2.319846153233361008e+01 3.319608389281688687e+01 4.729890845124870680e+01 6.699664657032784021e+01 6.103351680591219264e+01 4.949445248353868010e+01 3.016903422207099794e+01 2.570415958630687925e+01 4.471805437407751782e+01 5.837615115244863517e+01 6.761882448430688441e+01 6.033186970186154241e+01 6.714205143834462319e+01 4.677135728589836816e+01 4.896308569087980800e+01 2.914333768750966058e+01 4.896308569087980800e+01 6.319811387292844529e+01 4.340800625591288053e+01 3.200712815876004669e+01 5.177228998407017002e+01 5.847385643748781092e+01 5.011118131264182551e+01 3.489549928399895151e+01 4.631758746261397164e+01 6.639560266042722958e+01
5.458922989205592172e-03 1.001626497171814556e+01 2.432448136296241969e+01 4.520256383659845767e+01 4.651928838625948259e+01 3.228422738537813785e+01 2.962278597299744476e+01 4.387508890022358798e+01 4.095039158963765402e+01 2.095175217234386977e+01 1.822632680464789345e+01 3.824914111089811541e+01 5.128806925662104987e+01 6.114914400449909948e+01 6.285285754392088364e+01 5.275467654367685100e+01 3.276859772135349402e+01 2.122886149584839899e+01 4.121571026653378311e+01 5.395099935757492915e+01 5.696626795846614755e+01 5.440617014511997240e+01 4.008581213471143201e+01 5.440617005688437047e+01 5.273779546560233911e+01 3.240696269194734924e+01 2.528201409094407381e+01 4.514877223557218144e+01 5.573011833478918220e+01 4.781925468634880616e+01 2.801605253873998080e+01 4.781925733196212036e+01 4.566734384177177475e+01 3.023773565135218533e+01 5.011118140612692429e+01 6.318952787447525310e+01 7.482944495269462948e+01
8.589772593009903194e-04 1.999978599967040438e+01 3.820793098469648186e+01 3.596874488783075208e+01 3.815033981938111651e+01 1.805781430345367156e+01 1.539101249654884462e+01 3.376225753847598554e+01 3.387980481638729202e+01 1.375965751203733944e+01 3.387980481640185815e+01 4.646459362367760804e+01 4.383719168181551140e+01 4.953852848886128157e+01 5.087536434658225204e+01 3.455386291857507075e+01 3.455386291845240976e+01 1.841179542621289400e+01 3.802497898389643183e+01 5.045048522001231106e+01 3.451451011308112982e+01 3.791708242780177329e+01 2.544714556008423756e+01 4.542198842129116088e+01 5.796247102806391638e+01 4.145956464670921093e+01 2.125671496232763502e+01 3.679543096692268733e+01 3.486867511359615435e+01 3.902385849970343656e+01 2.418384616454277491e+01 4.407678820113726204e+01 2.590651253143885668e+01 4.135520796758489581e+01 4.967364194504084196e+01 6.025779434269917800e+01 6.828274808150477782e+01
3.158951013565912836e-03 1.990555790699363925e+01 2.125512247458242499e+01 1.550636851426206420e+01 2.175417612707188653e+01 2.213942909949684790e+01 6.378765937766698535e+00 2.543800435712388719e+01 3.111600166483727037e+01 1.095726152147757482e+01 3.111609003594638878e+01 3.806945337591115930e+01 2.370634196949153250e+01 2.954489965804642537e+01 3.085619342061492532e+01 3.085878958535319683e+01 1.445948107519723003e+01 3.455386291830434686e+01 4.496675819666994300e+01 3.652369610460144145e+01 2.324519638442578895e+01 1.449387466164120397e+01 2.524937667067486302e+01 3.856215959172510566e+01 4.166750964367316357e+01 3.462501556238085243e+01 3.351585248501431380e+01 1.486974077971697028e+01 1.705864306747294279e+01 1.902271122084929189e+01 3.901910706848897803e+01 5.213000712757776967e+01 4.135331471770322764e+01 2.186310947540215466e+01 4.132848265839787416e+01 4.065115668154222561e+01 6.025587607504269272e+01
4.111938136589871236e-03 4.147627193131808720e-01 8.255000900070618153e-01 1.236497558270500674e+00 1.647842593166153335e+00 2.059536077971878321e+00 2.471491482592796274e+00 2.257598263281919770e+01 2.838895954607435002e+01 8.296887375261006170e+00 2.478537404765435781e+01 2.520686131153808063e+01 1.103342792204229106e+01 2.943522988445961275e+01 3.083200874414492176e+01 1.053396566207627316e+01 3.086173051520596999e+01 4.219832935891230363e+01 3.445416747803330537e+01 2.121640637261443985e+01 9.879451965352068044e+00 1.032774037550750990e+01 2.892028439075181012e+01 3.581972553442319196e+01 3.076448309694751870e+01 1.292994554697906473e+01 1.339631327632738866e+01 1.386697229725805336e+01 1.433690018067347793e+01 3.406438374536901392e+01 3.536355985370999377e+01 3.586285876983778564e+01 3.633345580206474068e+01 1.654294984933029156e+01 2.684808666612045869e+01 4.597024142195824226e+01 5.006749010337300376e+01
7.351428307265867393e-03 8.909243461892717875e+00 1.749553817068461825e+01 2.111386277014623047e+01 1.738709337382852738e+01 2.215968261209895473e+01 2.184276993346182394e+01 3.055947294636371492e+00 2.298204305647269763e+01 8.897684673848624826e+00 4.646615849686876132e+00 5.068108575441557129e+00 5.489903234595263193e+00 2.554650497452194102e+01 2.660083723384110499e+01 8.355952490637251984e+00 2.835947971995322092e+01 3.537049841991776589e+01 1.428709378624915516e+01 9.248265365490393464e+00 2.933310389330977230e+01 2.979568554433689442e+01 1.096780568940254774e+01 2.637154795206888735e+01 1.227058553838128141e+01 2.723467190807633287e+01 3.247162307333162090e+01 3.346213315024306212e+01 1.895894181468116813e+01 1.500777031645219672e+01 1.548448154118746700e+01 1.596009490926699925e+01 1.643439754806406938e+01 1.690918997261133327e+01 3.678905549817120146e+01 4.518969777334088889e+01 3.199140252684584951e+01
9.944443931579059412e-03 5.828123411960430822e+00 1.198481074892560194e+01 2.738126161001334680e+01 3.853946449289423981e+01 3.923117987528128481e+01 2.020370077990377311e+01 3.241873660208840047e+00 3.600107610613801690e+00 4.049313273703468496e+00 2.396196910905894839e+01 2.512699241477735868e+01 1.645954416399282039e+01 6.088133584315255753e+00 6.513365344586827810e+00 6.940289890419923502e+00 2.707015191872920212e+01 2.812203849064703931e+01 8.619758364632261305e+00 2.288680605551765979e+01 3.754288088257086287e+01 3.231512691122379266e+01 1.334985846007426424e+01 1.161202099006171551e+01 2.700675815405805480e+01 2.802502331774118716e+01 4.454794611933309056e+01 4.001330685165455492e+01 2.082647206775520488e+01 3.499207063603543588e+01 3.542220186188562536e+01 3.004820647972532299e+01 2.794143527419680950e+01 3.680827597337717094e+01 1.758561304419725957e+01 3.743024842038980182e+01 1.910011949350472804e+01
6.062025039522273874e-03 1.998707399575588184e+01 2.975898243378908248e+01 2.437328452539999191e+01 4.226980755672928325e+01 3.474328591213688355e+01 1.515597622153407009e+01 2.638892944565836629e+01 2.380994885935290739e+01 5.038918512474226397e+00 2.723862367183912170e+01 3.274124753940748178e+01 1.276831646225985217e+01 2.622973054737799714e+01 2.560373217254540634e+01 1.861377942535116858e+01 7.555985935642120843e+00 7.992827908939466042e+00 2.812514836967306664e+01 3.702359043683409112e+01 5.122978775665532680e+01 4.866055432862676611e+01 3.401623206695798984e+01 1.392355536337208832e+01 3.450213854561648930e+01 4.414703911244495060e+01 5.271884439999470828e+01 4.056725606385220573e+01 4.081730875170040207e+01 2.772403506749256152e+01 4.765242594688525912e+01 4.988975517152479711e+01 4.196950032548711818e+01 3.981730592535571134e+01 1.961360212069784126e+01 1.826293611301873199e+01 3.770056692935096976e+01
5.865714242623007793e-03 1.414911021446696004e+01 3.419121175698174397e+01 4.233545197294494500e+01 5.017383736886947787e+01 4.169849905367632203e+01 2.201474892965727292e+01 4.169849905367632203e+01 3.409363017703387300e+01 1.414043400939570283e+01 3.409324364785124573e+01 3.777634802979324746e+01 1.775638911455461511e+01 3.775082450887659746e+01 3.498992194917666865e+01 1.517300329156240757e+01 2.768971790817959899e+01 1.822011108310519845e+01 1.157281600813342770e+01 3.166041863712698401e+01 4.360351350741987630e+01 5.255758531430244318e+01 4.314595213747563207e+01 3.453529988030783926e+01 1.724844699486540023e+01 3.793058445225427278e+01 5.004853345725229019e+01 5.962376680545484930e+01 4.765261096358423032e+01 4.765261096358422321e+01 3.591039194718243976e+01 5.575318869826832469e+01 6.180788186004770779e+01 4.835582010532537112e+01 3.123584020814455542e+01 3.812727940378589153e+01 1.940544490428152358e+01
3.580119829443586393e-03 2.000358011982908835e+01 3.374677332374512417e+01 4.203104672926023966e+01 5.203104793437868381e+01 5.008299419460742996e+01 3.339559658468681391e+01 5.008299419460742996e+01 3.983996458621804493e+01 2.429452609658822837e+01 4.285064564816300958e+01 4.332562259056666676e+01 2.329392100187389403e+01 4.332562259056666676e+01 4.104904223798599361e+01 2.097861047604030915e+01 4.073235703940561336e+01 2.916400332130963591e+01 3.166122673652278507e+01 1.529317580497424522e+01 2.425842785484635300e+01 3.580174621929477752e+01 5.582299831684144920e+01 4.653567098717683592e+01 3.794295093879561875e+01 2.067450578905758007e+01 3.535720195627781237e+01 5.628279617957927172e+01 6.748920927558472727e+01 5.575318869826832469e+01 5.575318869826832469e+01 4.651300534360431271e+01 6.636321026745328311e+01 5.977548964873150084e+01 5.129152075461067994e+01 4.098330297312062243e+01 2.135384787268992568e+01
9.038799794707020815e-03 6.675705466461402615e+00 1.374677327832693940e+01 2.374677327832711526e+01 3.788890890265088984e+01 5.788890921076099971e+01 5.316423509459216490e+01 6.159559557244054417e+01 5.395697262502928027e+01 4.527293651375520511e+01 5.404392797589493824e+01 4.320417380575605648e+01 3.039070662061072170e+01 5.039996304155121010e+01 3.518112386927622026e+01 3.102878539235231869e+01 4.935510897743004932e+01 4.885672283986283304e+01 3.806354926773173020e+01 1.806780939495222071e+01 3.806354100988546918e+01 5.128632678370905040e+01 6.413106415348246969e+01 5.619170877892771898e+01 3.521289555891450362e+01 2.317077397937508110e+01 4.407958549265126891e+01 5.656275706750346899e+01 7.107241953988010152e+01 7.558272876122818218e+01 7.455047267351824303e+01 5.797646340677760435e+01 7.455047267351824303e+01 6.817077988032225733e+01 5.407289813860800365e+01 4.295363229062961352e+01 2.324942083344334520e+01
2.154417243255324355e-03 2.000215441724289889e+01 3.374677330661057795e+01 3.973084395671236280e+01 3.973087532669929800e+01 4.801595458739284794e+01 5.811553389727478702e+01 5.656865638082778247e+01 5.656866678286079519e+01 6.485475655802297013e+01 7.059579160003362119e+01 5.860551788866529677e+01 4.042529132877788811e+01 5.860551788866414569e+01 4.675382577504226589e+01 4.520575573582958384e+01 5.937810816457118079e+01 5.707274209211189486e+01 3.704931520079598783e+01 2.291495083125415988e+01 2.298769974603230182e+01 3.712230672104051621e+01 5.714578995264136552e+01 6.469944359488430052e+01 4.407958536245001113e+01 4.407958549265126891e+01 2.697831338432838066e+01 4.190150256651360650e+01 5.246484932185192918e+01 7.310214025784370051e+01 8.598484766600138585e+01 7.781971953424576327e+01 7.119951048798039039e+01 5.711221786257394939e+01 3.997501639687020258e+01 2.593517416172181811e+01 4.295363229062961352e+01
