MOVIE_S2_data/elevation_000193.asc
nrows	100
cellsize	150.0
xllcorner	0
ncols	100
yllcorner	0
NODATA_value	-9999
[rows 17 to 33 of 100, columns 0 to 36 of 100]
9.533491951124807226e-03 1.155653887574353966e+01 2.569867449947424021e+01 4.569867449947352611e+01 5.798956607857527956e+01 5.453819867723843373e+01 6.282231137709466395e+01 7.436848442237001677e+01 7.478034917662567693e+01 6.629737109027450970e+01 7.478034917662567693e+01 7.545514874245067460e+01 6.679724765026107036e+01 6.649918076773685982e+01 4.562761783809165195e+01 5.534764315436998316e+01 5.528875896309555316e+01 5.782183297331371818e+01 3.726724633547030407e+01 2.537514158435160283e+01 1.575768825166305476e+01 2.620691264002306298e+01 4.049470431402252757e+01 3.537775703131546834e+01 4.154036815942270522e+01 4.250623812625719466e+01 2.263057935068700388e+01 3.526780116926918396e+01 4.049156393931225040e+01 1.645225216243190758e+01 1.583713155521246030e+01 1.757682570090798890e+01 3.569488746385383138e+01 3.916363593047417879e+01 2.201986699269039605e+01 3.348142154839022311e+01 5.332909398732851969e+01
1.329665511360111864e-03 2.000132966551100466e+01 3.983603680612378639e+01 5.213424303983336472e+01 3.799465939825160632e+01 3.454434056103955442e+01 4.608625197956855146e+01 6.608377257768752600e+01 6.253544423135333119e+01 7.082020986845726895e+01 7.761450273547112033e+01 6.931992264065102916e+01 7.410449345177516989e+01 7.504504006591687926e+01 6.035183232855147395e+01 6.647593883204740450e+01 7.591033034775171018e+01 6.675202968479155174e+01 5.441122529255231655e+01 3.981892829578327309e+01 1.906479027709294272e+01 3.981892829578327309e+01 4.253108337738529343e+01 5.478031781202810890e+01 5.941045429747541817e+01 4.570435887692894283e+01 2.574267900734989922e+01 4.570435887692894283e+01 5.486183240689885565e+01 4.151535591972475459e+01 2.311397394501538471e+01 4.372524271094033566e+01 5.372265533721434139e+01 4.379621363227593633e+01 2.392496044679488065e+01 4.379934056523339336e+01 6.155698684094877393e+01
4.760174870478865901e-03 1.155176555866289334e+01 3.155176555866253807e+01 3.568981657287319820e+01 2.386021855779369361e+01 4.385103197572624367e+01 6.282231137709374025e+01 5.928997081950753056e+01 4.257700758621670900e+01 5.928997081950753056e+01 6.607398249638480081e+01 4.934611678344765551e+01 5.412100132130886010e+01 7.410449345177516989e+01 8.135504342930134669e+01 8.717348277790533473e+01 7.552720996372897844e+01 6.631460950383903707e+01 5.774509358198746156e+01 4.304157427252167167e+01 2.250914914861868610e+01 4.304157427252167167e+01 6.268188428031885451e+01 7.113235395926800209e+01 6.278672348178746176e+01 4.903774357674180351e+01 2.903755032304410832e+01 4.317385635258253274e+01 6.319154771497217382e+01 5.396027338329704293e+01 3.502915676488692043e+01 5.396023648006387674e+01 5.976479128895903159e+01 3.997002766912707727e+01 2.588817845283958619e+01 4.576770683873473899e+01 6.474522403915192115e+01
4.522672674103187483e-03 2.000452267267374751e+01 2.839057552750080049e+01 1.570001824643158450e+01 3.568978465389921695e+01 4.354220121746900674e+01 4.938757584441044912e+01 5.101243545725888140e+01 3.107402187261492443e+01 5.101243545725888140e+01 4.928115222709435272e+01 3.783826559641875775e+01 4.934612470801937434e+01 6.346175910982490365e+01 8.348882143258067856e+01 8.160702066372908803e+01 6.081637971808855525e+01 4.648009369836564986e+01 3.747800331086818915e+01 3.105160480089667985e+01 2.669999684514186100e+01 3.848373434018332517e+01 5.878916200845944928e+01 6.864395448044069781e+01 4.862092828567043767e+01 3.446907729822762434e+01 4.903774357674276274e+01 4.317388056287265385e+01 6.319449980604211703e+01 6.702081190222455120e+01 5.770691181070798592e+01 6.280612738922680194e+01 5.462689794295569357e+01 4.777486519947947841e+01 2.790617343256133864e+01 3.683185591726283548e+01 4.827543005501547668e+01
8.979627706787422434e-03 2.000897962569069932e+01 8.399969337601104868e+00 2.546144649709974672e+01 2.741654054215038627e+01 2.356972068552143895e+01 2.941861493177546905e+01 4.396185454046099750e+01 2.403046761819945587e+01 4.223249789743437788e+01 2.934498206376081342e+01 4.343484262922302008e+01 6.339535447471812546e+01 7.349092912716345438e+01 7.843253218736251142e+01 8.409247934932939472e+01 7.555741463829224358e+01 6.631460950383889497e+01 5.774154642555000549e+01 5.129272823517968050e+01 3.110427520856799433e+01 5.144248920856500007e+01 6.731206644713807918e+01 7.021859623221214974e+01 5.019804869453724905e+01 3.864102486525574420e+01 5.865972772201183716e+01 6.319459600916070485e+01 7.150131618496689612e+01 7.457999878114580383e+01 6.640212857066357799e+01 5.462689794295569357e+01 3.483068065675178815e+01 3.191190353546453196e+01 3.103509328094787634e+01 5.087202113630002032e+01 6.356564124509090874e+01
6.790954771729373202e-03 1.777614728926519172e+00 3.553086394295275952e+00 5.478253578570250859e+00 7.439666815173681336e+00 9.449889303024916032e+00 2.941528615949856018e+01 3.447641456607743748e+01 1.772912756449160909e+01 2.230074184323780173e+01 4.223249791318329471e+01 5.755810427627314141e+01 5.504423713309093813e+01 5.372851379346496969e+01 5.874916383880081128e+01 6.447290201225563067e+01 7.844492476166638539e+01 7.467715515834042606e+01 5.314452950750946769e+01 3.895857806291049030e+01 5.122878185494493408e+01 4.338293575118037637e+01 6.476424395425559055e+01 7.852837145165493382e+01 6.382792495926820919e+01 4.381160376491904884e+01 5.498439176671445239e+01 7.501309735638312759e+01 7.780540874127032680e+01 5.805434860225093985e+01 4.665638130081061519e+01 3.917868296416568086e+01 5.462689794295569357e+01 4.595161607037739060e+01 5.087325525690452821e+01 3.562220498104419164e+01 5.541412275277706811e+01
6.689336105942520969e-03 2.000668933610558753e+01 2.354214210532702722e+01 1.960854351510079852e+01 1.897290558324425547e+01 2.941948949823315473e+01 1.239838798875359949e+01 1.452958906074936607e+01 3.447715102812804844e+01 2.180583882845475330e+01 4.170313269882765184e+01 4.900154750705614504e+01 3.528927278069187423e+01 3.983014596739482727e+01 4.492164147112423223e+01 5.142502052809092561e+01 6.127330582232927725e+01 7.933030382335773822e+01 6.832066585748788157e+01 4.858065439272186836e+01 5.185832837744987245e+01 5.694668482412784982e+01 7.369204464423151535e+01 8.018600243383536963e+01 6.015153094103298770e+01 5.088879453722698543e+01 6.382808473588436726e+01 8.332505537998747513e+01 8.598105567829182405e+01 7.457999878114580383e+01 6.232490934375736913e+01 4.258146267058270240e+01 6.232490934375736913e+01 6.571208612048287989e+01 6.137105334979958116e+01 4.161414966855699760e+01 4.136035592177240261e+01
7.711933663051398317e-03 1.414984755739387623e+01 3.414984755739316569e+01 3.962137924674564715e+01 3.309679399650231346e+01 3.235620489102873165e+01 3.235779591195156257e+01 2.206902634766115057e+01 4.209645053638770662e+01 4.170307974426428643e+01 2.600751863396245156e+01 2.915566243511203481e+01 4.900154415182122847e+01 5.951678764265341925e+01 6.451428893718338031e+01 7.055769968653805790e+01 6.994810324214962804e+01 7.877338941686210205e+01 8.113206513600705705e+01 6.417799365101825515e+01 6.200042558570518025e+01 7.836101889555088462e+01 8.813945955740696547e+01 8.850125109959965641e+01 7.921375418698825399e+01 5.983248773628316286e+01 7.921375418698825399e+01 9.219679934267070109e+01 9.109049840194829528e+01 7.134847420662566719e+01 6.586991363598293958e+01 4.613045655767892583e+01 6.587028574438106432e+01 7.124883874970294073e+01 5.149326794989616474e+01 6.137105334979958116e+01 4.589943408352500143e+01
5.464868864810172588e-03 2.000546486886445408e+01 3.829016086211308334e+01 5.243229648584378566e+01 5.306174290321401088e+01 5.232953005511783573e+01 5.052091003999735364e+01 3.360982395474849938e+01 5.052119957754926105e+01 5.412106258844376327e+01 3.743728681257404389e+01 4.058295005536947286e+01 3.692916076981069295e+01 5.680337388559583189e+01 6.575729772883792634e+01 8.584001007230294533e+01 8.991870828253992443e+01 9.516509399662160718e+01 9.851374774330987805e+01 8.762582032657761033e+01 8.076477005990041391e+01 8.888287553898001647e+01 9.816818755175377476e+01 1.041554631164315055e+02 8.817711111750037389e+01 7.398421943481382357e+01 8.817711111751245312e+01 9.445578448206217104e+01 8.628307807485875003e+01 7.134859584682605771e+01 5.159630071307646659e+01 6.587028574438106432e+01 7.404862165837504051e+01 7.943670033017633614e+01 6.032453331381883288e+01 7.075079894106207234e+01 5.099313959400433305e+01
5.889614652278742785e-03 1.000588961465219207e+01 2.414802523838289261e+01 4.124902500649246662e+01 4.938531568160517082e+01 5.119309478034534067e+01 5.927261304649144336e+01 5.396599652567981309e+01 6.255039736706675058e+01 6.500358205380081245e+01 5.591935122675619141e+01 5.438256440353080023e+01 5.668449158579769431e+01 4.579670166119213803e+01 5.987978468302223689e+01 7.994687636858029123e+01 8.566732833356856247e+01 9.410437950897430426e+01 9.751770359924120157e+01 9.896952923529909185e+01 9.057620613235704354e+01 9.074290468417150635e+01 7.783321293959636478e+01 8.378918910824097566e+01 9.863651934640053298e+01 9.405174359021951602e+01 9.767129139997214793e+01 7.794632731344282206e+01 6.653168345278561446e+01 5.905623294321051020e+01 6.042586453146453351e+01 6.772489848509962940e+01 8.747191606295528743e+01 8.827560542013092970e+01 7.173538531873317936e+01 7.734069544099074278e+01 5.757100594120480963e+01
6.299055471926359555e-03 2.000629905547157250e+01 2.688729196353774142e+01 2.155310738818951677e+01 3.733756496344585685e+01 3.159762738876640498e+01 5.119309478034534067e+01 6.150133146555946695e+01 5.323084674255682103e+01 5.906054353109376365e+01 6.675210840533945600e+01 7.306610752917114837e+01 7.361029593071205568e+01 5.728150920761574838e+01 7.407710178651942101e+01 8.245917989831271200e+01 6.557958287413434562e+01 8.245917984794373012e+01 7.723298528126701967e+01 8.732147012039845890e+01 7.039791880679099734e+01 7.055445931250517333e+01 6.373796715016076320e+01 6.996315028369208733e+01 9.018339050024557935e+01 1.104211526846422231e+02 1.058456251144790485e+02 9.445578448206229893e+01 7.881775261532958154e+01 6.894500928424280062e+01 7.440499238887622369e+01 8.018514877885907310e+01 9.564413059446133047e+01 9.968666933676063024e+01 9.149501503464499308e+01 8.553582637778312403e+01 6.745677879173054237e+01
4.664899311792800908e-03 1.884689994162026494e+01 7.030863449538915511e+00 1.004594412859650099e+01 1.759769162434178824e+01 3.733756496344585685e+01 4.227726398227029136e+01 4.628276642953407105e+01 3.389024191532642050e+01 3.955919570797433238e+01 5.081874771888571729e+01 6.458236659523790024e+01 8.392023594220479765e+01 7.733544764741300526e+01 8.566446760154821050e+01 7.406966308457270998e+01 5.423367210907689184e+01 7.406966308456080128e+01 6.314767261622916550e+01 7.837457047877933292e+01 5.900880137402929648e+01 5.660504477256754541e+01 7.646751806025203280e+01 9.018339050024557935e+01 8.155481420003243898e+01 9.597096616254357571e+01 1.164537850771948087e+02 1.067289551330188857e+02 9.686326699895714398e+01 8.291484368557583196e+01 9.413987058147981202e+01 9.991450052852638919e+01 9.924555367853537291e+01 1.051232603102887424e+02 1.024807693370723882e+02 9.542358583035759523e+01 8.722461209025085793e+01
3.445177533103992596e-03 2.860588026291797092e+00 2.302617177393041814e+01 2.987758166762858281e+01 1.504499938920351099e+01 1.875684684691012905e+01 2.260016967289268663e+01 2.666822482065195032e+01 4.628276642953407105e+01 5.906054353109376365e+01 5.189494438224249251e+01 6.568181646154728526e+01 8.517355442423037459e+01 8.153033773705180920e+01 7.315222611925941010e+01 6.705657670681991078e+01 4.731019054144227454e+01 5.894947975012568264e+01 5.181140275243743076e+01 6.464984238591873122e+01 5.027942858157765471e+01 7.002328077245208249e+01 8.191391836090814138e+01 9.034636172352047367e+01 1.019702449248287621e+02 1.104211526802721011e+02 1.011728170992418825e+02 9.302335295208091281e+01 9.556155910014416577e+01 1.026341243450456915e+02 1.049461573168769348e+02 9.333922985588904453e+01 7.912806343806646225e+01 8.502033990904553207e+01 8.237086761764085452e+01 9.657676575129177365e+01 1.022052996490154158e+02
6.170631355331793709e-03 1.960917443606335198e+01 3.154059676787587918e+01 4.296212649237043735e+01 3.482601856438338928e+01 3.848899955152774766e+01 4.227726398227029136e+01 4.628169418767424759e+01 3.911319610587948148e+01 5.290467978770795554e+01 7.139081433370597551e+01 7.947822966403728628e+01 8.736795564511845669e+01 6.726387815062115294e+01 5.330643235592399520e+01 6.081223841359631166e+01 4.106580099727510458e+01 3.919418430326368252e+01 4.198548900532979644e+01 4.493948609445067888e+01 5.000709298015187443e+01 5.541500625238557376e+01 6.191296850788594952e+01 7.596608004510713386e+01 9.627327028971747325e+01 1.011728170986342121e+02 8.990282101775471801e+01 7.356707730196494310e+01 7.608601090378260778e+01 8.990281910689085976e+01 9.663870336845528186e+01 7.651510755595604962e+01 6.492140099676646514e+01 7.554560924269452471e+01 6.815628269780884807e+01 8.826083940160120278e+01 9.389532093023399284e+01
2.708283848820350944e-03 2.000270828384846666e+01 2.701834734683987449e+01 3.079799802685300492e+01 3.479800644115159969e+01 3.927015600319900557e+01 4.412088945243969818e+01 5.240268395331061413e+01 5.861983415733046598e+01 6.673179508660835779e+01 8.055891038550871031e+01 9.091616364631047986e+01 8.824586893484020322e+01 8.153033773705180920e+01 6.169425174771834719e+01 4.194727261826283637e+01 3.530336881228712542e+01 5.511195938978406161e+01 6.171164970554232099e+01 6.464984238591873122e+01 6.974654767141811362e+01 7.524693507656749603e+01 7.524693507656748181e+01 7.596608004510713386e+01 9.627327028971747325e+01 9.302335295208072807e+01 7.356707730196494310e+01 6.241608055238155828e+01 6.241608055238148012e+01 8.018419471713973223e+01 9.106002760696011933e+01 8.917590169106571807e+01 7.554560924269452471e+01 5.554754075831640847e+01 7.554196165929261042e+01 8.519727193711068480e+01 7.688442364082602865e+01
1.252954368065604170e-03 3.482806073482029863e+00 7.018339979414782270e+00 1.079798470950708733e+01 1.479798470950712286e+01 1.927012066450678063e+01 2.412083316523352394e+01 4.412088945243969818e+01 6.057081827481253100e+01 7.211834196722176671e+01 8.511305085117449210e+01 7.091040215600867214e+01 6.828094930360551018e+01 8.245962608743350586e+01 7.000797661600408617e+01 5.283978341042345050e+01 3.299434576921429141e+01 5.283978341042345050e+01 6.436902763429446850e+01 6.804850724406409768e+01 6.804935906924350775e+01 7.637895777076032289e+01 9.547893394203678952e+01 9.627327028971747325e+01 1.047266434019338419e+02 9.127348151959714073e+01 8.315575429898154880e+01 7.210317376021986036e+01 5.276637460740100494e+01 6.355163086831785080e+01 8.294515727392239057e+01 8.085788297651021139e+01 6.080590515222763059e+01 5.091975362852667075e+01 6.496016310049579090e+01 7.326023406034657626e+01 5.689276632793210098e+01
3.452158733728009216e-03 2.000345215873337423e+01 2.116047581459824301e+01 3.079799802685300492e+01 2.634499014254198102e+01 3.927015600319900557e+01 4.412088945243969818e+01 3.228579897526568487e+01 4.383280496392183068e+01 6.383302858717365780e+01 7.676995403371741133e+01 5.696215423362922792e+01 5.435626406772244934e+01 7.048595342644117068e+01 6.462592505995080217e+01 4.480020132070993100e+01 3.072627341270692014e+01 5.057942378343788192e+01 4.454959894095276240e+01 4.823149805014987379e+01 4.823153473677365355e+01 6.804935906924350775e+01 8.754432623226838928e+01 8.625341718251308976e+01 9.465867315599075482e+01 8.315575429898198934e+01 6.375523687028857722e+01 6.711043274334382147e+01 4.775673704182543133e+01 6.711043274334396358e+01 8.064856264403601926e+01 8.917590169687541390e+01 7.649830079419740514e+01 5.651366007353002630e+01 4.515104833728815237e+01 5.984548833073316843e+01 4.552558133774796545e+01
