MOVIE_S2_data/elevation_000074.asc
nrows	100
cellsize	150.0
xllcorner	0
ncols	100
yllcorner	0
NODATA_value	-9999
[rows 17 to 33 of 100, columns 0 to 36 of 100]
9.533491951124807226e-03 2.000953349195076925e+01 1.669206459436077239e+01 1.567694661345164064e+01 2.883542853027799424e+01 3.950134842826273740e+01 3.149619868419462421e+01 1.943733792744154343e+01 3.845947084941072092e+01 4.676455662112928024e+01 4.089039367903730948e+01 6.094604046351722104e+01 7.234046738234441420e+01 7.450081877128303631e+01 7.610210414369673515e+01 6.811756472771983795e+01 7.610417418364488640e+01 7.290411329872981128e+01 5.859970587549319987e+01 3.847441244141329975e+01 4.023540456762417961e+01 6.046781199916771499e+01 7.884538578080153570e+01 7.892123769574239134e+01 5.848501563907405654e+01 4.377871848202095606e+01 3.639151564241620207e+01 5.706501783549272488e+01 7.102579741633600463e+01 8.278614291753092402e+01 8.075939878702351393e+01 6.647434847910885480e+01 6.647434847910886901e+01 5.576841854984132851e+01 5.409656282721478249e+01 3.440746570320014541e+01 5.144169470260229815e+01
1.329665511360111864e-03 1.607768322992071619e+00 3.219414244987508944e+00 2.261869243591506162e+01 2.721457750888638216e+01 2.897591950977590258e+01 1.149516394407224240e+01 1.329845592473476934e+01 3.331811416125636782e+01 2.671091686769262807e+01 4.666643764530206795e+01 6.197254546577983803e+01 5.244606260955546873e+01 5.462565779996965887e+01 7.450081877128303631e+01 7.614645974504594506e+01 8.442075912165537943e+01 7.935073147834258123e+01 5.859970587549320697e+01 4.580076736301087692e+01 6.046781199916771499e+01 4.953026501673252824e+01 7.022303424306198849e+01 7.892113582002335193e+01 5.848501530861008746e+01 6.085360058561558816e+01 4.010307182476377363e+01 5.212595793730601912e+01 7.277578215835904984e+01 8.639278779390301111e+01 6.687126877388644175e+01 5.325279719800615652e+01 4.705364970197969399e+01 4.192474171480953515e+01 3.721385422589103342e+01 5.241027397671924604e+01 6.220589889819010665e+01
4.760174870478865901e-03 2.000476017487012470e+01 2.310507496884576284e+01 5.576435937164437640e+00 7.266742322333562321e+00 8.975451161454168769e+00 2.897593141866398270e+01 3.331811416125636782e+01 1.599612308642367964e+01 3.601781118029418849e+01 3.498077315332692905e+01 4.745197012082685717e+01 3.821097697894137468e+01 5.827299885983530459e+01 6.871743018115850532e+01 5.608685393245522022e+01 7.285349225858034572e+01 8.442076164396497973e+01 7.499310587686305496e+01 5.593813194559952251e+01 7.499310587686305496e+01 5.866996930469912286e+01 7.884538578080153570e+01 8.712501718564197972e+01 7.892101671073714897e+01 6.501393449784994516e+01 4.421274140594340452e+01 6.501393449784994516e+01 8.103231141882491784e+01 8.491488752722321465e+01 6.542593124945643979e+01 7.258898931578717395e+01 6.647434847910886901e+01 5.901558419538721267e+01 3.941175896478447527e+01 5.901558419461333926e+01 6.470647061561695068e+01
4.522672674103187483e-03 2.000452267267374751e+01 3.407579223360592380e+01 1.988952590547758703e+01 2.726548365066819812e+01 1.604394525863082777e+01 3.578325963539371912e+01 4.347706577580682819e+01 2.357173671742177490e+01 1.891776355087564099e+01 2.100844357715791588e+01 2.738501620865392283e+01 4.711795338974674507e+01 5.709330594514153034e+01 4.862884552359420809e+01 4.446027071112593632e+01 5.608685393245522022e+01 7.614645976348369061e+01 8.541461717111728547e+01 7.681519542609269990e+01 8.541461717111728547e+01 7.073351816844431994e+01 8.819136253694195204e+01 8.769094993362831758e+01 6.749836275930469753e+01 5.542444132789226785e+01 5.024290854525517602e+01 6.126962915645228946e+01 8.167418270824704507e+01 8.491488752722321465e+01 8.491488752722321465e+01 8.338875947886300821e+01 7.370666509825431945e+01 6.123811284057436666e+01 4.164816047071487759e+01 4.959204207933485975e+01 6.626114718364223677e+01
8.979627706787422434e-03 2.000897962770643090e+01 3.806764430406040134e+01 4.118201571060593125e+01 4.394228223989659199e+01 2.599282931256507112e+01 4.394228223989659199e+01 3.985036992015096757e+01 3.768577242731026189e+01 3.893664114029103729e+01 4.102413647065601765e+01 2.422322584101019061e+01 3.453910290894818758e+01 4.840504274316774058e+01 3.447668389395944644e+01 5.451265580921788967e+01 6.783474680737582219e+01 8.200873505210483927e+01 8.745580125080411449e+01 8.963865466619895983e+01 9.788126278333064079e+01 9.165261698265773305e+01 1.002642097066152331e+02 9.586696259577445289e+01 7.604189472587567877e+01 7.603016193091114872e+01 5.728902360649770742e+01 7.100774570762258975e+01 8.985976596924733428e+01 1.047808973857000439e+02 8.898643440396594428e+01 6.948617233104955915e+01 5.600366110839672729e+01 4.627853272162297316e+01 4.502103355725101608e+01 6.434382329381401178e+01 7.606879486942351321e+01
6.790954771729373202e-03 1.000295718651526933e+01 2.404079539714372871e+01 4.344785604907705334e+01 5.375916402008952133e+01 4.557368997176531167e+01 5.375916402008952133e+01 5.384254812122209444e+01 5.745855175143852733e+01 5.489265710708819057e+01 3.491796701379902856e+01 3.869526719627195632e+01 2.768127460563303543e+01 3.027263698677188231e+01 5.024134066428923973e+01 3.942833058034080551e+01 5.366075856264681221e+01 6.894065221234481555e+01 6.746209232374054920e+01 6.965003574256444097e+01 8.734434491991234495e+01 1.031779792866258987e+02 1.112442008836850391e+02 1.043718963582422816e+02 9.201840117743938663e+01 7.200734106448027205e+01 6.937505686632917445e+01 8.605535021641759386e+01 9.924075868524708710e+01 9.984952059341500785e+01 8.997194537866492681e+01 8.170520457439307904e+01 6.905203512849196557e+01 4.983561386089585454e+01 6.452774469589438411e+01 4.997264237763860706e+01 6.116229031548870410e+01
6.689336105942520969e-03 2.000668933610558753e+01 3.100077805495915584e+01 3.741299936759546085e+01 4.497838018061151644e+01 5.323018432752312634e+01 6.318822595587701585e+01 7.354785274849062660e+01 6.901915523289260079e+01 4.904127000120561775e+01 5.489265711179674412e+01 3.931031016979120096e+01 5.246705775696502627e+01 5.024134120575259743e+01 3.872769258855937835e+01 5.880077998585597499e+01 4.479137507700173160e+01 4.883594324662300323e+01 5.325714834059520797e+01 5.908119646731337582e+01 7.909447508904460733e+01 8.323956281323906126e+01 1.031787481564492310e+02 9.976882799519228229e+01 1.001539028084310843e+02 9.201747894407640160e+01 8.946400323580529346e+01 9.755175818427119339e+01 1.057162744025330170e+02 8.560985686940637152e+01 7.191151892929511291e+01 6.252633193558728664e+01 5.534940909068880188e+01 6.092583257954687070e+01 7.717931914172908137e+01 6.936368529232449021e+01 5.529739985714942208e+01
7.711933663051398317e-03 5.356682429448592409e+00 1.092297006374073476e+01 1.730602839312857455e+01 2.496226397587116352e+01 3.502263090488921193e+01 4.910692022368368725e+01 6.900225701658369815e+01 7.729301774172014916e+01 6.901915523289260079e+01 6.798272587403594969e+01 5.108468652033161561e+01 6.798272587403594969e+01 6.550276251865295762e+01 4.539711221356183302e+01 6.550276109372379096e+01 5.905000478729616020e+01 6.307836125628238477e+01 6.486564429892801797e+01 7.909447641994063360e+01 6.910347448326953668e+01 8.908224207770922476e+01 9.386005394001044522e+01 7.971655016375298430e+01 9.386192519851383054e+01 1.013058160420140013e+02 9.301123523453313169e+01 1.013058160420140013e+02 1.081931165614554260e+02 8.804040922929988255e+01 7.424811895660765515e+01 6.481698441695543522e+01 6.169221517836573554e+01 8.015263424664942704e+01 8.839256617788184656e+01 8.107661290980814783e+01 6.171761844310670142e+01
5.464868864810172588e-03 2.000546486886445408e+01 3.100077805495915584e+01 3.698862286565840662e+01 3.457216644803671812e+01 4.285874620245433420e+01 5.324133599203786105e+01 6.153303316283545854e+01 7.015362188476130711e+01 6.453290138338350346e+01 7.282351114270510095e+01 7.133784547120200159e+01 7.964064855878577021e+01 7.379541883771103983e+01 5.547172871137663464e+01 7.379541883771103983e+01 7.909096764178754313e+01 8.309347454504805341e+01 8.487266779448191301e+01 9.314645677602462115e+01 8.908224291817195706e+01 9.730089765226105669e+01 8.489928549711706296e+01 6.552885918919334074e+01 8.489928549711706296e+01 9.127085214246689304e+01 7.292265195268603861e+01 9.127085214246689304e+01 1.042304319435834117e+02 1.023009485520678368e+02 8.409555975214371415e+01 8.409555975214627210e+01 6.829841107193132643e+01 8.769659381935129261e+01 9.241160425621009722e+01 7.277882334088835137e+01 8.107661290980814783e+01
5.889614652278742785e-03 2.000588961465192384e+01 3.775999356050125044e+01 2.574126074995620073e+01 1.460543484563783778e+01 3.457216644803612127e+01 3.323523323694713838e+01 5.324133599203786105e+01 5.012449195073793362e+01 4.450010495978898462e+01 6.453290138338255133e+01 8.352539241870772457e+01 9.507921113934942525e+01 8.381697773843994526e+01 7.553379638395375650e+01 8.381697773843995947e+01 8.235804331992478922e+01 7.403745190452102065e+01 8.235804331992478922e+01 8.044799343412829273e+01 8.876725785792240231e+01 8.912821679625760396e+01 7.661771663373734498e+01 5.657696802272064218e+01 7.661771663373734498e+01 8.296694359360961357e+01 6.289934754610239054e+01 7.587197697005085217e+01 9.090893709033367998e+01 9.920193958259557121e+01 1.040336430580046851e+02 9.602840870528061146e+01 7.774933599746374568e+01 9.602840870528061146e+01 1.006967701695260615e+02 8.399597068340399630e+01 9.279882103840195384e+01
6.299055471926359555e-03 2.000629905547157250e+01 2.616418377697705466e+01 1.029807356691067888e+01 3.027877057403138039e+01 1.912310040666285005e+01 3.909488506879840486e+01 4.867958908229680048e+01 3.596807079129568763e+01 5.599088828715093058e+01 5.521087591697664720e+01 6.677825062000172807e+01 8.679346752998495163e+01 8.846141696758685669e+01 8.017497607879252541e+01 8.846141697127491454e+01 7.228738259207787564e+01 5.387391335316618779e+01 7.228738259207787564e+01 6.045050977657059121e+01 7.720699386221461680e+01 8.086077630776370029e+01 6.082382602934097804e+01 5.025941490930399880e+01 7.028022113780488667e+01 7.587197696998374852e+01 5.582472668827248441e+01 7.587197696998374852e+01 7.083527424387405347e+01 9.090893709033367998e+01 1.009125517363101210e+02 1.060255655295865296e+02 9.764385164123882532e+01 1.060255655296837318e+02 1.122186174742574565e+02 1.039075735056046739e+02 9.982517523882806643e+01
4.664899311792800908e-03 2.000466489931143599e+01 6.174396990712502920e+00 1.220079270536646732e+01 3.219165578269191030e+01 3.909488506879840486e+01 2.410624994778824970e+01 2.867881481505668972e+01 4.281414749841555789e+01 6.284001770340301363e+01 7.523767665913766223e+01 8.352539241870772457e+01 7.929798636570578196e+01 7.100435685791956075e+01 6.011542371559892217e+01 7.843959494227402729e+01 6.395568262884363264e+01 4.379208131789646785e+01 6.395568262884363264e+01 4.897386437785072388e+01 6.827889439771007574e+01 7.313943645771985302e+01 6.450067491304110945e+01 4.449886475226062998e+01 6.450067491316029589e+01 7.031187013746026082e+01 5.028412081454985838e+01 5.666798135584591023e+01 7.671471396834962775e+01 9.501061011312489768e+01 8.082372120468487253e+01 9.501061011312489768e+01 9.131152034197522482e+01 9.801160467510317176e+01 1.063032256889946012e+02 1.163334840609945928e+02 1.081442341863720173e+02
3.445177533103992596e-03 2.523203460638439033e+00 1.666208890404279686e+01 3.219165578268643912e+01 2.219140425184457754e+01 4.219190731353942425e+01 4.409109677580033804e+01 3.261246029435385196e+01 4.675830575845532167e+01 6.678531225845334518e+01 8.317952180048068556e+01 7.831430271827925083e+01 6.772845285124184045e+01 5.095853460899332532e+01 5.010057270516814754e+01 7.014519989719477167e+01 5.723448219186129649e+01 3.715122115908783229e+01 5.723448219186129649e+01 4.006906981676414858e+01 5.999010734589850813e+01 5.311788301102274090e+01 5.346368250790598609e+01 3.979275413297620645e+01 5.978618345463661399e+01 6.514072749814663155e+01 4.513552574458368127e+01 6.514072749814663155e+01 8.092654660039472958e+01 8.603607212371643698e+01 6.663063050950982813e+01 8.274578757649908312e+01 7.122309636316262527e+01 7.791135167571931675e+01 8.796362921341690821e+01 1.080595801367892932e+02 1.197410631474687648e+02
6.170631355331793709e-03 1.000617063135524454e+01 3.000617062148376846e+01 4.494549519013865080e+01 3.633192730318877750e+01 3.633192730318877750e+01 5.633915052976411175e+01 5.262408015544257722e+01 4.330147584051885445e+01 5.486559475695730725e+01 7.489145723177504976e+01 7.001546409511816194e+01 4.997082384668351551e+01 3.940063365953417218e+01 5.833842650788428585e+01 6.659858550902464458e+01 5.143694411012263146e+01 3.146383600466824859e+01 5.143694411012263146e+01 3.299506579575306375e+01 4.357916016186906916e+01 3.897841532513454155e+01 3.346209075001154076e+01 5.136689525234294962e+01 5.352237076837062091e+01 5.571526290982576768e+01 4.106954881002815938e+01 5.259064257261773889e+01 7.262269180914969979e+01 7.181548107829010519e+01 5.767550119776277029e+01 6.267827002937105618e+01 8.274578757649908312e+01 9.801160467510317176e+01 1.063032256889946012e+02 1.163334840609945928e+02 1.087904097678833892e+02
2.708283848820350944e-03 2.000270828384846666e+01 3.000617062231579979e+01 5.000617045649484282e+01 5.633915052976301041e+01 5.633915052976429649e+01 6.462510196808499074e+01 7.162040951563267299e+01 6.332952014118937711e+01 7.162040950377802062e+01 6.949083203979162704e+01 6.119324970067450664e+01 5.365491830992667843e+01 3.362714439251883647e+01 3.831640302891312899e+01 5.506504045059921992e+01 4.627990977249426408e+01 2.638289155233357874e+01 3.958697210521190613e+01 3.991784411515281050e+01 2.354333632074880356e+01 2.740164222462180987e+01 4.743296260635167982e+01 3.136104864854599938e+01 3.353324953925367424e+01 3.573715838802647937e+01 5.571525798876626112e+01 6.272130147146692281e+01 6.625888452810166029e+01 5.178088729313220995e+01 7.181548108074079551e+01 8.274578757649908312e+01 9.105186247231027608e+01 9.490361323267060811e+01 1.030938694484413389e+02 1.146670500211797474e+02 9.464076403097162427e+01
1.252954368065604170e-03 2.000125295436771111e+01 3.051265479203741648e+01 3.654288168364106326e+01 4.361394949559428369e+01 5.189822081021027600e+01 6.344522624050362936e+01 6.811019186192915242e+01 5.981740056274554718e+01 6.811019186192915242e+01 5.792749112293466851e+01 4.116654639013500372e+01 5.792749112293466851e+01 4.678205698931732570e+01 2.678125696946003487e+01 4.088414283009709038e+01 4.449564762814746643e+01 2.942904774336071938e+01 1.962167196485832577e+01 2.118980457198334122e+01 4.119935703677320760e+01 2.631892924903550579e+01 2.832077067331916354e+01 4.834987989591877522e+01 5.352097210191952570e+01 5.571526290982576768e+01 3.969053975549292090e+01 4.272746785575813533e+01 4.624730072903917488e+01 5.623508538785505806e+01 7.040255468293295849e+01 9.047857081344091057e+01 9.182185422026800836e+01 7.548318376653503492e+01 9.182185422026800836e+01 1.040318393645511890e+02 1.020013146605841285e+02
3.452158733728009216e-03 5.167429953676972332e+00 1.051265479192550600e+01 1.654288168348088561e+01 2.361394949534648546e+01 3.516095487913941042e+01 5.516095487972577871e+01 5.810633392118703000e+01 3.981500871022652888e+01 5.810633392118703000e+01 4.963081319592838270e+01 2.964131145615424501e+01 3.894630175289160690e+01 4.723938136877827532e+01 4.088414283009709038e+01 2.093332619925633864e+01 3.535078188012459321e+01 1.753936627196658193e+01 3.744273402549377039e+01 2.667037422562981774e+01 4.581097754916058307e+01 4.050041297016267094e+01 3.591219060148761599e+01 4.248591023476107864e+01 6.238327061797856032e+01 5.120779993054145507e+01 5.967226772513674149e+01 6.272130287663900816e+01 5.270387027396915158e+01 7.273895579893130048e+01 8.458878766496535206e+01 8.819060631862201660e+01 8.369122305261913652e+01 6.425162811013012742e+01 7.634374679466841940e+01 9.571460330304141451e+01 9.211335898279847356e+01
