MOVIE_S2_data/elevation_000513.asc
nrows	100
cellsize	150.0
xllcorner	0
ncols	100
yllcorner	0
NODATA_value	-9999
[rows 34 to 50 of 100, columns 0 to 36 of 100]
2.978181695229736945e-03 2.000297818169487485e+01 3.645113055414901737e+01 4.799813593794173983e+01 5.537298966170934733e+01 4.730920187016893408e+01 3.693005609165473402e+01 3.909226211030687637e+01 5.236688418742933493e+01 7.141626941425242592e+01 7.825742942167114791e+01 6.997375419618154524e+01 7.107585161799701723e+01 7.935948898195414358e+01 7.628489987768763569e+01 7.408481145977906124e+01 6.411559856634924870e+01 5.581300514904377508e+01 4.374349434852674534e+01 2.480658077321071531e+01 2.613698858467595798e+01 4.517367159508764729e+01 5.850084084713753185e+01 7.025893320096490413e+01 8.225422803009119832e+01 6.689218843171153139e+01 4.685385474717966758e+01 3.513987445928776054e+01 4.972524506751560835e+01 4.972524506751560835e+01 4.755473144358911952e+01 2.724205987671854245e+01 2.810292746303700895e+01 4.840377982725821226e+01 5.743943713574525844e+01 6.236308543931020409e+01 6.785989055103371470e+01
1.893497408783086870e-03 8.166859306686115261e+00 1.971386469047883594e+01 3.971386469047953938e+01 4.481209406561387709e+01 2.846471518239251708e+01 2.290673258162285819e+01 3.281952907710422096e+01 5.236694608804862838e+01 6.146126323983791195e+01 6.834000459932948957e+01 7.636388712184687222e+01 8.739011963372482228e+01 7.044827672130219298e+01 5.613619428352796348e+01 6.354173956134351897e+01 6.547326242265685892e+01 4.570510350717652415e+01 3.217795272198817003e+01 2.149986597509059294e+01 4.034232426637721147e+01 4.986622347712064141e+01 4.273008447818948241e+01 5.389869313880014801e+01 7.385151133430606762e+01 7.517202029728248647e+01 6.361117762238040996e+01 4.972524506751560835e+01 2.946195650085909890e+01 4.465942292585148721e+01 4.178113977629282516e+01 2.407562879332074957e+01 2.826761384922729903e+01 3.265007251217271289e+01 3.721724085275251070e+01 4.213245790750845998e+01 4.753224469774384886e+01
9.179827644033159914e-03 2.000917982764367764e+01 3.645113055414700654e+01 2.942708499990934357e+01 3.235807034657847936e+01 1.717586588576322981e+01 3.703885824594414800e+01 3.040103876125917637e+01 3.590304329633003277e+01 4.188037116454498232e+01 4.886333757038839565e+01 6.015905021773539119e+01 7.944928794684082618e+01 6.203761351992604745e+01 4.231634212388557614e+01 4.377534273634491058e+01 5.786729310162189677e+01 5.505541614065948863e+01 3.804127437638533848e+01 1.917239542516480810e+01 3.804127437638533848e+01 3.064907542365741122e+01 4.408569771722167729e+01 6.382165102779153898e+01 7.618406121074629311e+01 6.811932891017740133e+01 7.618406121074629311e+01 5.802749568368706434e+01 4.465942292585148721e+01 2.433710713535406711e+01 2.143480519241409610e+01 4.178113977629282516e+01 4.857529581007747765e+01 5.290463588393541983e+01 5.743943713578337196e+01 6.236308543931020409e+01 6.666029193017584475e+01
6.604900230173384179e-03 2.000660490022981719e+01 2.536543712922928151e+01 9.525945338500907411e+00 1.247579888920614266e+01 3.235807034657847936e+01 2.877179058209262408e+01 4.863272438958782118e+01 5.553919631183192962e+01 6.086271420289894962e+01 6.834000459932948957e+01 7.636388712184687222e+01 7.412117392342591415e+01 5.353558232690775753e+01 3.975083869000062009e+01 3.058067858291247276e+01 4.211113221749528890e+01 4.683853084676455580e+01 2.769654139331971265e+01 1.684194563876891593e+01 2.236733576894213726e+01 4.124797721377034776e+01 5.806457860573885199e+01 7.096161457968169373e+01 6.604469361469374178e+01 4.750559887429887596e+01 6.587142812404607639e+01 6.465274189289220885e+01 4.454599229305073038e+01 3.839122677002833939e+01 1.960121789442614926e+01 3.993786809031622909e+01 4.249131345036679619e+01 6.265441570806478921e+01 7.620286329533132630e+01 7.325093400242283792e+01 8.156599214651610907e+01
5.101467937297931264e-03 2.632395318011972130e+00 5.437039078238217193e+00 2.536542730642973709e+01 1.999092383446595633e+01 3.987265234806990577e+01 4.864495902636682700e+01 4.532416759128224726e+01 6.500501581265831419e+01 6.532901667894969933e+01 6.647006985465120010e+01 6.702784806376409676e+01 7.550836448274898771e+01 6.796248859755586125e+01 5.319162006170866164e+01 3.399965215554180986e+01 2.374533741802489217e+01 3.598472693246975496e+01 3.374110863263493343e+01 1.470396067923822159e+01 3.373964297359127329e+01 4.551272891733426462e+01 4.178355876823906101e+01 6.270150347982041694e+01 5.781246333311365504e+01 3.680360806740437596e+01 5.368908918580996925e+01 6.897291648349353466e+01 5.574702577121892233e+01 3.833936223915153363e+01 1.802013847612906261e+01 2.215653031137331652e+01 4.249131345037925200e+01 4.778603599029948867e+01 5.906357731981682946e+01 5.318698176765683172e+01 7.325093400242283792e+01
5.600358222118538565e-03 2.000560035822176275e+01 1.213641857522601697e+01 3.091967051671050370e+01 3.987265234806990577e+01 3.404007770081538098e+01 5.395373316502536909e+01 6.506378727104278425e+01 6.070252354939317740e+01 4.131290881602048159e+01 5.036161740241498563e+01 4.843864926015495342e+01 6.696327983423803687e+01 7.281172785972000838e+01 6.149929594756760309e+01 4.931577815435115042e+01 3.046282471539727510e+01 1.785609572961333313e+01 3.058446217774167764e+01 1.268772507479089917e+01 2.873869386633281664e+01 2.316533904078443129e+01 4.560681449751364624e+01 6.317420129778914628e+01 5.035669772456363091e+01 2.917016035473368518e+01 5.035732270353821605e+01 6.283341740006436993e+01 3.920012375640283153e+01 2.587082329554877802e+01 1.659810319603314710e+01 3.685705372932266499e+01 2.862502174115288867e+01 3.345061505226703247e+01 3.889742239622494679e+01 4.655522355534390044e+01 5.665028156106922097e+01
4.575904209876861112e-03 2.000457590418291076e+01 3.116236699751505057e+01 2.724298708288948134e+01 4.860160921022617941e+01 5.395373316502536909e+01 6.221459571549420531e+01 6.332680430100588609e+01 5.308835820126161309e+01 3.566200207185829640e+01 3.631252500471462952e+01 4.850028695511243626e+01 6.733887022275884249e+01 5.072059798624113824e+01 5.111104436495092074e+01 5.491522203687296155e+01 4.202801927876872412e+01 3.012422308986282715e+01 1.216733476426955107e+01 1.886906397512832001e+01 1.027158573391753826e+01 2.253328987779692838e+01 3.784263647929840602e+01 5.140299243045400601e+01 4.430801422647945742e+01 2.263433659903102324e+01 4.433923286055483004e+01 5.050095085914417581e+01 4.257538913053748075e+01 3.346624926032652780e+01 1.532589600148213016e+01 3.542886462775547329e+01 4.887159831288885670e+01 5.367394571033932493e+01 5.906357731981682946e+01 6.666396850916463279e+01 7.497089445022790244e+01
4.658155261040713979e-03 8.353931379635906040e+00 1.913720301527435552e+01 3.671689024844823024e+01 5.728889063612559340e+01 6.456538095421399248e+01 5.600574389861638736e+01 5.541247328539090944e+01 3.755307110521319203e+01 2.742409615039719739e+01 4.536984351293506279e+01 5.906557431759932086e+01 6.586114357331167923e+01 5.021632505411805880e+01 2.915503519092707663e+01 3.670235754891434254e+01 2.646402689709918121e+01 8.165414660186430140e+00 8.251524422899843003e+00 8.576975228259263062e+00 8.913765938916792919e+00 2.893136825909094156e+01 3.465203762589677439e+01 3.594836715002636396e+01 3.581717879713444574e+01 1.654013415017837829e+01 3.231432654011652517e+01 2.724944456431938988e+01 3.244140277444647325e+01 1.223505140933772850e+01 3.140692273034390070e+01 4.101171203005240073e+01 5.162142830748880584e+01 6.005638358069507632e+01 6.716598997939490800e+01 6.445289197861110608e+01 7.298172293592733695e+01
5.330849696878311485e-03 2.000529146031511729e+01 3.710204954932891042e+01 4.851135005334968042e+01 6.699317441863624367e+01 5.240598990769931476e+01 3.478110601673819247e+01 5.240600917686015947e+01 4.097560622336541769e+01 2.244941874649874691e+01 3.343295998387515766e+01 5.127744854249554862e+01 5.740118361933276248e+01 3.546852361584316782e+01 3.654174426097783623e+01 1.643590826965177243e+01 2.672822190026387901e+01 7.810357445281522537e+00 1.941846927744447271e+01 3.061995958249027794e+01 2.790256840430983587e+01 9.401518869442503146e+00 2.867857300004954979e+01 2.989458346140414235e+01 2.053552250993143602e+01 1.112105049852464767e+01 1.148527137214410665e+01 1.185027351325135392e+01 1.221582512612891769e+01 1.258264238134863788e+01 3.271958350736912990e+01 3.433447057480510978e+01 3.120855548518870037e+01 5.207494476405413053e+01 4.609397309674425003e+01 4.334427095497881766e+01 5.558567393793857292e+01
9.384206039104543359e-03 1.415151880795909811e+01 3.415124391613077393e+01 4.892053199054702617e+01 5.158401665679313197e+01 4.348419135033036298e+01 2.155757943153661316e+01 4.348419149822231589e+01 3.718616683450442650e+01 1.804805312869056166e+01 3.202615383728927156e+01 5.075168545130034659e+01 5.524839548977592329e+01 3.500404060431729647e+01 1.812334821425670484e+01 7.162072182652178043e+00 7.355227549917989549e+00 2.100557271837096351e+01 2.636831421220460214e+01 4.445520894331681916e+01 3.251335001640171640e+01 1.384391278076501131e+01 9.896681765089661909e+00 1.025105435960779410e+01 1.060894873133051242e+01 1.685785617627654531e+01 2.601167828621877121e+01 2.981022362453193963e+01 3.156525444915677880e+01 3.272117881210017742e+01 1.312278580383767768e+01 1.524815001006071924e+01 3.617946843433031034e+01 4.395898714396046358e+01 3.129800868728492347e+01 4.334427095497881766e+01 6.445289197861139030e+01
9.768314284573654735e-03 2.000972108068944522e+01 3.467956012341011274e+01 3.003557730726560493e+01 4.017302875870016976e+01 3.151855086389664962e+01 1.162767539109666259e+01 3.201008839002539474e+01 3.349515228497935482e+01 1.355730813989100092e+01 3.355292230208263504e+01 4.122852444863597299e+01 4.311939488415571020e+01 3.552205066582946102e+01 2.972819475051318250e+01 2.633133172336548000e+01 7.028840519158904954e+00 2.676503432876286226e+01 3.860578242991798703e+01 5.420744915540670661e+01 4.322477820770122037e+01 3.432187231082843937e+01 2.345746372984964978e+01 1.759144051512490137e+01 3.112547344315081332e+01 1.476407084069312781e+01 1.805138576563409458e+01 2.978899549724378559e+01 4.359397639683848524e+01 3.843201174456007863e+01 3.251155344769778566e+01 1.366208474275701867e+01 1.835261576505178382e+01 2.326343916394714384e+01 4.404186462326530460e+01 6.088228383091460927e+01 7.298172293600106286e+01
9.313476842122882932e-03 1.320985345774427167e+01 1.435875732770626101e+01 2.734615464624752335e+01 2.382250514974335331e+01 1.453186358158480296e+01 5.753406995524366963e+00 1.822052986464032287e+01 2.500622322273158460e+01 9.014166040592998641e+00 2.833521196932830577e+01 2.428647956168612154e+01 3.493805511283353127e+01 2.987294950727033083e+01 1.129724994364075563e+01 6.564481915134974699e+00 1.534069958313542692e+01 1.050381307776483553e+01 3.037100090834824329e+01 4.233780560909242041e+01 5.381032698361228483e+01 5.078132097833693592e+01 3.574811383582526503e+01 2.855068278755814859e+01 3.183871121981366414e+01 3.357087794338480791e+01 3.694386361515969242e+01 2.430805010095465235e+01 4.203735682978997090e+01 4.569496037205548333e+01 3.423281218746353005e+01 1.404226300555307105e+01 2.968639732440541223e+01 4.177853075587238862e+01 4.987159017271633843e+01 4.987385968227409450e+01 7.014664278583974522e+01
1.757287057980242524e-03 1.987380260282199629e+01 1.989792220192539673e+01 1.142063062841934373e+00 1.476606659209861006e+00 1.811290750733342003e+00 6.501636136976977731e+00 1.894767004905240881e+01 3.098109869435948571e+00 2.173074086985651121e+01 2.428442051397330204e+01 1.623444327093186601e+01 2.114499445895278740e+01 3.246914791368980246e+01 2.293023376636480037e+01 6.229851059388457735e+00 2.587340502855072444e+01 3.029889205089238047e+01 1.420272792253963168e+01 2.568987022677435661e+01 4.561878022276523126e+01 5.777137090191218505e+01 5.562892341552714015e+01 4.517679128243212006e+01 4.744652960822308074e+01 5.775959113932353972e+01 4.779197335843461758e+01 2.928223384490278391e+01 4.779197335843461758e+01 3.844672425806576399e+01 1.880991065585956079e+01 1.441961188009445038e+01 3.458805399710480799e+01 3.829725460262371683e+01 2.990889742932743900e+01 4.987385968227414423e+01 6.415715799187528035e+01
1.954507115700021471e-03 3.356588292486978875e-01 6.694096121298108715e-01 9.935091562340794269e+00 1.551176810259382854e+01 1.821180799290666741e+01 2.285802512573580803e+00 2.622137835105593506e+00 7.483272998680467580e+00 3.576452154003807671e+00 8.013488671143703002e+00 1.173137160393427791e+01 2.009755858370106907e+01 2.344900427943641219e+01 2.441820039279425458e+01 5.892584842355756969e+00 1.721786037211028741e+01 3.726796315979695606e+01 3.411292859798454913e+01 1.816342151152671036e+01 2.967062239224645381e+01 4.957827042219575731e+01 6.096736850920774486e+01 6.970777652110470513e+01 6.968664290351939883e+01 5.997972852283278655e+01 4.070919558084371204e+01 3.822995958730786725e+01 5.595174863260915288e+01 4.690699541788622895e+01 3.844500725163778299e+01 3.461787779001650733e+01 1.494920086281100957e+01 1.981419346205696996e+01 3.836527604920696888e+01 5.830509906072062876e+01 5.581228996822069632e+01
9.499524778340364892e-03 1.997850858681629660e+01 1.712831153706869713e+01 8.258107278356582981e+00 1.575738370200564731e+01 2.263609684453603066e+01 8.281603649988644733e+00 2.356826131384721279e+01 2.487430196651594727e+01 2.359693793545730500e+01 4.055080877693812980e+00 4.393709393015021725e+00 4.732128782110050835e+00 5.069921395035907885e+00 5.412922528913946429e+00 9.373536309498517127e+00 2.982271016069387315e+01 4.543100379898921659e+01 4.629929073921324090e+01 2.967062239224644671e+01 2.250929960695174614e+01 3.379659641932104108e+01 5.114765657868868232e+01 5.703369557392809241e+01 7.657948704685230723e+01 6.828323308915514644e+01 5.414849643506352095e+01 5.153877141813347862e+01 6.564411690119453624e+01 6.360211254293249539e+01 4.348945943181049500e+01 4.289644881251626884e+01 3.513932968320000327e+01 1.547757188726040489e+01 3.571859334628901195e+01 5.143438314296713543e+01 4.558630215923454898e+01
7.291241591682445615e-03 1.995647300923043943e+01 3.360225325568715249e+01 3.034528496705475575e+01 2.385216457309428151e+01 2.584293240092137012e+01 2.933043064013229895e+01 1.775681915931813037e+01 3.752655308092033692e+01 3.564720087888107969e+01 1.331264772698023080e+01 2.867492862856681057e+01 2.559142988205928404e+01 2.486916623036187701e+01 5.548273670060309470e+00 2.581761043341721162e+01 2.804747864358910903e+01 4.840873937111303604e+01 5.777137121426196842e+01 4.957827042646640336e+01 3.401065821043368942e+01 2.727707899329599428e+01 3.722919094078209667e+01 5.706874521707050008e+01 6.691192403379180575e+01 7.504920290638719393e+01 7.405756811447049870e+01 7.139315976821561094e+01 6.918618071782621826e+01 5.786996545455730256e+01 3.758921627032341206e+01 2.295078679200682359e+01 1.827321284533543633e+01 1.585112188636915143e+01 3.609444153467142513e+01 3.424995199980762095e+01 2.510131950881955376e+01
1.086749991637594439e-03 1.414322237372246249e+01 3.414322237372174840e+01 4.724423398953382502e+01 4.324931931696794862e+01 4.233932742938287674e+01 3.274361551311087482e+01 2.681725732566662046e+01 4.560002387173884841e+01 3.221130761340463522e+01 2.995914506454071002e+01 4.411519900872016109e+01 4.087830781066019625e+01 2.879246034394543230e+01 8.758564873009129670e+00 8.587725466639232863e+00 2.863178139236408626e+01 3.996242088381782054e+01 5.442077087339888664e+01 6.206715864131884786e+01 5.388672479907585000e+01 4.716693458466235711e+01 3.250720651165256925e+01 3.953933217095768526e+01 4.705998733698891812e+01 5.855247103910129169e+01 7.833114918628093903e+01 7.516401563711529832e+01 5.475743246489010829e+01 4.050492871535637818e+01 3.281439110741482068e+01 4.343761959575236631e+01 3.774260806534156387e+01 2.690129806344483399e+01 1.638247781412405502e+01 1.677431275640490682e+01 1.716761234655874446e+01
