MOVIE_S2_data/elevation_000211.asc
nrows	100
cellsize	150.0
xllcorner	0
ncols	100
yllcorner	0
NODATA_value	-9999
[rows 34 to 50 of 100, columns 37 to 73 of 100]
7.982427148638188896e+01 8.171100760064844337e+01 8.389669979343246098e+01 9.224768106793551681e+01 9.332866921452037445e+01 7.378291907239689351e+01 6.005072059048232802e+01 7.240303897902957431e+01 7.656157029855215512e+01 5.736651258362526562e+01 6.837677018793274897e+01 7.647170835858770488e+01 6.114195393138224688e+01 5.754692316901079607e+01 7.127966927983861467e+01 8.659148384966694323e+01 8.298425099678981098e+01 1.015839540062317781e+02 1.098266007259837096e+02 1.125413768396566212e+02 9.292009437889832668e+01 7.904983751859658980e+01 7.015453084833968944e+01 8.209842035182657582e+01 8.063599961084811696e+01 6.319123793211937112e+01 8.275421833075417055e+01 9.357753116089983791e+01 9.879848406801423266e+01 8.726938021324959038e+01 1.009223152242525856e+02 8.891280777288827153e+01 1.050465040742786726e+02 1.161771080552446449e+02 1.135924409638345196e+02 9.825578175402957015e+01 8.175107836176395892e+01
7.432316271140736319e+01 6.216460729899693405e+01 6.429210527610956660e+01 8.301825181621694583e+01 9.290954434519524341e+01 8.364888275157910869e+01 6.417050996354113579e+01 5.291137322425512224e+01 6.623923306145032086e+01 6.837452430225926037e+01 4.910844776807483214e+01 6.286873403850006525e+01 4.986870468718765181e+01 6.936874871416547705e+01 7.535490292405317803e+01 6.712915478284639903e+01 8.659148385001071802e+01 8.193342700887053809e+01 1.015839540062317781e+02 1.179797974234646034e+02 1.068500265509628520e+02 9.131321983407362097e+01 8.211813890792494419e+01 6.228514880266198617e+01 7.938733068485511524e+01 5.974217610099324105e+01 7.938733068485511524e+01 9.593938472139716112e+01 8.810536084409514501e+01 7.348365598152157929e+01 8.736798706938201065e+01 7.770728675393068841e+01 8.891280777288827153e+01 1.081151851088075944e+02 1.204484202987132448e+02 1.008868868707405539e+02 9.998474041378796073e+01
5.490198085133332029e+01 4.857747735135673395e+01 5.537533642296724423e+01 6.493274425743366862e+01 8.453505946564567353e+01 9.181439682540097635e+01 8.002515167387889505e+01 6.052891860241071242e+01 4.669228706456261335e+01 6.069308361745842006e+01 4.402303618567369625e+01 4.329743252673771536e+01 4.733124756620230755e+01 5.152612768194519077e+01 5.591096523411544439e+01 6.179315290659057069e+01 6.824913844493737258e+01 8.193342700887055230e+01 1.015839540062317781e+02 1.097136396340917912e+02 9.002922695512492623e+01 8.313296196315400266e+01 6.331942276928461411e+01 5.726583038545208382e+01 7.181100433632833813e+01 5.644662135291432037e+01 7.616276065704172993e+01 8.546057210010876304e+01 6.945580935743767270e+01 6.351951346435277657e+01 6.780236867108773424e+01 8.736798706938225223e+01 1.020192645786591328e+02 1.100493127028194209e+02 1.196824071869563966e+02 1.104557162658550453e+02 9.075200045585182806e+01
4.127272288715983706e+01 6.059031331949181265e+01 7.473390185834064425e+01 8.301825181621694583e+01 9.290954434519525762e+01 9.424921991928023601e+01 8.446793443927552403e+01 7.435337552848822895e+01 6.071052183448890815e+01 4.110029736820752078e+01 3.907017126664227646e+01 5.870372728390275086e+01 6.685374768881635532e+01 7.100710628155943027e+01 7.535490292405317803e+01 8.120900155665134434e+01 8.768893311250830891e+01 9.588001386742716647e+01 1.029984023957537147e+02 1.108027231091405298e+02 9.364138398414495157e+01 7.398185203492562323e+01 8.311616000472902499e+01 6.598409021484634707e+01 5.192238082511448027e+01 6.789541440749212597e+01 7.031433224764427337e+01 7.330547355604723236e+01 5.805330221297033688e+01 6.701446067055097444e+01 8.660943897288352389e+01 7.627280446393091040e+01 8.280922690470515590e+01 9.243590145278416514e+01 1.116026277045339583e+02 1.187262483760475789e+02 1.073058094856066731e+02
5.435509049720749175e+01 6.348053611712970934e+01 7.046495202355139043e+01 7.872748084077096564e+01 9.021540967624943619e+01 8.607369945614109952e+01 6.658356675274859526e+01 5.684936829299242333e+01 4.991822546218326551e+01 5.621062509877437208e+01 3.656497595401037159e+01 5.621062516473719484e+01 6.557240990340228848e+01 8.512762607130206050e+01 8.302316039485613430e+01 9.119200396008014309e+01 1.000885877194734093e+02 9.235215358447770484e+01 8.455855854732325838e+01 1.000885877921263898e+02 1.018425280395649821e+02 9.364138398414495157e+01 9.323558980343892699e+01 7.997488915354166750e+01 6.846751173175334770e+01 4.859199990460776775e+01 5.045103856599173042e+01 5.346261947151654681e+01 7.330547355604723236e+01 8.589936762696979144e+01 8.306190740689677909e+01 9.561591868734117838e+01 1.020192645786591328e+02 1.100493127028192646e+02 1.196824071869578177e+02 1.288660303037944743e+02 1.089761517483827333e+02
3.767508339032463027e+01 4.382663293998670895e+01 5.071425908032387753e+01 6.207583935392785435e+01 8.192469302030120559e+01 9.424921991928023601e+01 8.446793443927552403e+01 7.632863310444487581e+01 6.944167298609113459e+01 5.427488182914984094e+01 3.465500005614785550e+01 4.600451727886076725e+01 6.306076644126711273e+01 6.923364548547232289e+01 6.352184183960338970e+01 8.302316011066864121e+01 8.935448360032359005e+01 7.379584247582020851e+01 7.379584247582020851e+01 9.235215358604767744e+01 9.428658077689446770e+01 1.025256314740258574e+02 9.096227727837998600e+01 7.140279449812000223e+01 6.617248585283550710e+01 4.625366684149233265e+01 6.617227445201744729e+01 7.330277490816828845e+01 7.330432302437016290e+01 9.282424859607752410e+01 1.023941442879407191e+02 1.104398099657104098e+02 1.108183481169683944e+02 1.021851229232190121e+02 1.108183481169686786e+02 1.229960921936493179e+02 1.031689022722901257e+02
5.726490760087794030e+01 5.363981922518117074e+01 7.046495202307109196e+01 7.872748084077096564e+01 8.061664484236194994e+01 8.922121731452685367e+01 8.511519925518037155e+01 7.716046560650519837e+01 6.622353948220758468e+01 4.665565804612310075e+01 3.283506062758787891e+01 3.801204583211493571e+01 4.348032756740266080e+01 4.971334195572053005e+01 6.352184648049409077e+01 8.302405473075671694e+01 8.163838755377632594e+01 6.281084032035735731e+01 8.163866237139150428e+01 9.123237316750451953e+01 7.486291700913673708e+01 9.123237316746651970e+01 8.527842027920945611e+01 6.565532776746597676e+01 5.154974885385630046e+01 4.439565298437725716e+01 6.193041672464838143e+01 6.737325132515843507e+01 7.376538721610666016e+01 8.192020434589572631e+01 9.162046410546710717e+01 1.025848068147078607e+02 9.394375819523857274e+01 8.126765701935680397e+01 1.003706010850331865e+02 1.124368924973081079e+02 1.172384527393001008e+02
6.332567056030272568e+01 7.339470114624329256e+01 8.166330000239436515e+01 7.723442536686731330e+01 5.985972028069380713e+01 7.723442408345113108e+01 7.716046555552024699e+01 5.811048540810732987e+01 6.369009544009585255e+01 5.063818261379888952e+01 3.119275625345922620e+01 5.063818261379888952e+01 6.306076644126728326e+01 6.923364548547232289e+01 7.735690413658524278e+01 8.089156688712712651e+01 7.641677108835541787e+01 5.742056204569627198e+01 7.641677108835541787e+01 8.307232325839488851e+01 6.368634111041511403e+01 8.307232325839491693e+01 9.096225837070535647e+01 7.140279335609885436e+01 7.140279266697720573e+01 6.193255395748082037e+01 4.180941412027968340e+01 4.800452927284558768e+01 5.460238124831385420e+01 6.418398630029430763e+01 8.347789927112519592e+01 9.057465101936691099e+01 7.316605338672364667e+01 7.098275089040011210e+01 8.288063544950801997e+01 1.038099153636802185e+02 1.172016658425183095e+02
7.156292108742866276e+01 7.232236994961391474e+01 6.980935126253646672e+01 6.863262877403722939e+01 4.813297189981776114e+01 6.306575110926220162e+01 7.164358442203585753e+01 6.369009543984044086e+01 4.455980951967860193e+01 4.891943315905474066e+01 2.960896488161455409e+01 3.810892817656943521e+01 4.940570522299735501e+01 6.894815274526726512e+01 8.089156688712712651e+01 6.199719430364110906e+01 6.546437627393616765e+01 5.254769525538053188e+01 7.166772589435358043e+01 7.621834353074538626e+01 5.666747648767236711e+01 7.003581735388716822e+01 8.956344745436489063e+01 8.750615250250801580e+01 6.788491343240218612e+01 6.026645001216625985e+01 4.004334151229802785e+01 6.026613460105664899e+01 7.376531040171569487e+01 8.192020434589572631e+01 9.162046409887527432e+01 8.194774473089373146e+01 6.137787425332926006e+01 7.585305819842008646e+01 9.666161961602517749e+01 9.797761152639532156e+01 1.066223399744603597e+02
7.232236994893659698e+01 4.988022910070005622e+01 4.744934425171880576e+01 6.088448675156927692e+01 4.057165555323320660e+01 4.270233317673505979e+01 5.982836801023189821e+01 6.800411278955908756e+01 5.361725781724468476e+01 3.425932203853210467e+01 2.808349098536346133e+01 4.725745234754535318e+01 6.578100789442981977e+01 7.707829561522510176e+01 8.046523682494431284e+01 6.546437627393616765e+01 4.626059599602735517e+01 6.546437627392585057e+01 7.942386369918608580e+01 7.003581783042955067e+01 5.025390530913737308e+01 7.003581783384457538e+01 8.427739961591220208e+01 7.337285026867881754e+01 6.440674936920058258e+01 4.789683586985765373e+01 3.830776981107332091e+01 5.861524013993373927e+01 7.668987360164193490e+01 8.651792750862571779e+01 9.161480216649984243e+01 7.088811106589881206e+01 5.647169788218143083e+01 7.695881833770600622e+01 9.022819023296361252e+01 7.704107568955370766e+01 9.454583940038699552e+01
6.009207216725275913e+01 5.392518312934630842e+01 3.277464465490773904e+01 5.392518312930965863e+01 5.130892628411588419e+01 3.119704234909000107e+01 4.396912729158526645e+01 4.894980098153889259e+01 3.720398373546811399e+01 4.332958179506535146e+01 2.660552917676037765e+01 4.520352800198457999e+01 6.165102364290827808e+01 6.937086886000034269e+01 7.270362318952608405e+01 5.364168577800280246e+01 4.251576243359502882e+01 6.169820812943520849e+01 6.641957476279952743e+01 5.826169146134285626e+01 4.494459697220318617e+01 6.492814997985172454e+01 7.633758157312311710e+01 5.688910135019919068e+01 4.525512957838341777e+01 3.594592176500700731e+01 5.634240578291015566e+01 4.864373546932872472e+01 5.871999325524833324e+01 7.845323579090069188e+01 8.709186736295389153e+01 6.643910936852822147e+01 5.209019498441101348e+01 7.248816213489094196e+01 6.937494690826729027e+01 6.507554401137005584e+01 7.704107568955370766e+01
3.982374145932600129e+01 4.616696993953198813e+01 2.615283686522648310e+01 4.575115475905399620e+01 5.240600458874369139e+01 4.214237613497693502e+01 2.401890773031337289e+01 3.368393595499014026e+01 2.299335811611033265e+01 2.450291924970254698e+01 4.345842789474579604e+01 4.950510431607774109e+01 4.630652419743995551e+01 6.168712638798488257e+01 7.172506204710850852e+01 5.267267608298724468e+01 3.910388465533380753e+01 5.361232891928315070e+01 5.823265691727796423e+01 3.804142214493549545e+01 5.826147692895349195e+01 7.234881487338886075e+01 6.895041653939402693e+01 6.075774229886625477e+01 5.225420574040326471e+01 3.428929695548905698e+01 5.478433166966315326e+01 6.858661073805477315e+01 7.668987360164193490e+01 8.651792750838305324e+01 8.537493842846370740e+01 6.319878150093089886e+01 4.812076974517682260e+01 6.755072964353564657e+01 5.481966544454837731e+01 6.726362143147308359e+01 8.937031585962063218e+01
2.568853547954847727e+01 3.621861480702174418e+01 2.142323190282440848e+01 3.865366601911146915e+01 4.286934562738363041e+01 1.971491317278178101e+01 1.932263737595045683e+01 2.085320246455525606e+01 3.867875800118953578e+01 4.237082660448035654e+01 4.498801090493986266e+01 3.699132710224839116e+01 5.051016153307929102e+01 5.939882389356342429e+01 5.360139207937363892e+01 5.414522677186770494e+01 5.355043867764310761e+01 3.447507060798597678e+01 4.921025861807053303e+01 3.385122897356905014e+01 5.085505236147864139e+01 6.276224015570701198e+01 5.031656625322289500e+01 5.107395212758375180e+01 3.193511423129343640e+01 5.172205305497119099e+01 6.142158571880585782e+01 6.743791662050941227e+01 7.564074419403716831e+01 8.538359697870720311e+01 7.655656131724789759e+01 6.455729043977778758e+01 4.437571623856922542e+01 4.720598771922188064e+01 6.151082867117046504e+01 8.213233506006702100e+01 9.693458620848889495e+01
2.193073044228673396e+01 1.670258503753127144e+01 1.713170963948962111e+01 3.693357869841045726e+01 3.788943949316658433e+01 1.874252700817098471e+01 3.723904045712712474e+01 1.991701036158914917e+01 2.033630018649940041e+01 3.282578162366751684e+01 2.809030252504360448e+01 3.684794959293151351e+01 4.046253749736387562e+01 4.384558101723803247e+01 3.329255867373268529e+01 3.511655197714912191e+01 4.780888484733583255e+01 4.870052311949854129e+01 2.999359312704056890e+01 4.560693864542199805e+01 2.883577578148253906e+01 5.019936933331806728e+01 5.068213003820219598e+01 3.576550499903974156e+01 4.867511884135970490e+01 2.998193075518112494e+01 5.315484258969178910e+01 4.663699164209887016e+01 6.380805904813500007e+01 7.784144479889774004e+01 5.957607064173677003e+01 6.065311077933527173e+01 4.055103038625435374e+01 6.085728586878123991e+01 7.538421363450254375e+01 8.699487772391320561e+01 9.014261457755264928e+01
1.609166384283741280e+01 3.568386173661412641e+01 2.578594474333083397e+01 1.772988486091425386e+01 1.814762334481594053e+01 1.994866295121229527e+01 3.937733524010891983e+01 4.427942258150083177e+01 4.035756139595807213e+01 2.092618921493635398e+01 2.134050540794212836e+01 2.175279398129126207e+01 2.598657586069648318e+01 2.293563629963439965e+01 2.336112032014996842e+01 2.378621324638202239e+01 4.021057631126831922e+01 4.259729550509770490e+01 3.763011359186172200e+01 2.576375811845820252e+01 2.616424126061882660e+01 4.562123116141603418e+01 5.236485982473077883e+01 3.457274499046621230e+01 2.864074148096427308e+01 2.914661136539088204e+01 4.885928273489327012e+01 3.493390182492403540e+01 5.538982088555339089e+01 7.253765084037979705e+01 6.514788384757001438e+01 4.588389950495024294e+01 3.740507190791231551e+01 5.797601964252014994e+01 6.044335923966303170e+01 7.940745833539028808e+01 8.313854770911299852e+01
2.024869507061888285e+01 4.039424085493973848e+01 3.345504381073394029e+01 2.433661101454408993e+01 2.362046978905782879e+01 3.791300480399998207e+01 2.246345075512391887e+01 4.201655962267519584e+01 5.061048414865315692e+01 4.554098131909569247e+01 4.470542199380749082e+01 4.194266100228912819e+01 2.233441849646278499e+01 3.827976908464837180e+01 4.236844942465114627e+01 3.174065556514567277e+01 2.437987672796840855e+01 2.479395212291193928e+01 2.519999067243161761e+01 4.379810925214799511e+01 4.559543394635188207e+01 2.674381765430580415e+01 4.607946148481574511e+01 2.797849243772611416e+01 4.712649902566217719e+01 4.553273773703185157e+01 2.986848062179366181e+01 3.037914416170332998e+01 4.462054960810066717e+01 5.911210196944014683e+01 5.771248078870016229e+01 5.308462155774474667e+01 3.500500798615937725e+01 4.407611215356762102e+01 6.374818364512547220e+01 7.543543884135853261e+01 6.909551439912441140e+01
4.058754453885478597e+01 4.901102621745674526e+01 4.060155796573174314e+01 4.894964374953872266e+01 3.236200426873784153e+01 4.831410128299962281e+01 4.201634539689923997e+01 2.500306717959377067e+01 4.460931487692284492e+01 5.536984054613686368e+01 5.893940725214969945e+01 3.911663114040446487e+01 2.407012885420270010e+01 4.452207094229327566e+01 5.294407677201319729e+01 3.397130782675478855e+01 4.466316918153682991e+01 4.528673585669620394e+01 3.020262459044189285e+01 4.858683748898483401e+01 4.821692540046214503e+01 2.803581223900163621e+01 2.733812631400829929e+01 4.731303048942788081e+01 5.552084728757547794e+01 4.920960625253800913e+01 4.418274664001349805e+01 5.031431972482196358e+01 3.110250960029596712e+01 5.110707445109476765e+01 3.256047360523588452e+01 3.307596227362512309e+01 3.359496074544031075e+01 5.334899867220879344e+01 5.290152804961262234e+01 6.727293727491287711e+01 4.904986474776197269e+01
