MOVIE_S2_data/elevation_000491.asc
nrows	100
cellsize	150.0
xllcorner	0
ncols	100
yllcorner	0
NODATA_value	-9999
[rows 68 to 84 of 100, columns 0 to 36 of 100]
7.311399400410928048e-03 2.000705603315213921e+01 2.274053327848422157e+01 4.710462071760405323e+00 6.114186883775127868e+00 7.539127881183489421e+00 2.753329925930071909e+01 2.267720302009778166e+01 3.876456444080925934e+01 3.763685940485022030e+01 2.224132106760917793e+01 3.632231914811097795e+01 5.624432368931960013e+01 6.199504120552104069e+01 6.584320898136010669e+01 4.949644479195735869e+01 4.626587741427560019e+01 6.558353064533540078e+01 8.362799929379340824e+01 9.511113144457401347e+01 1.040835936037574214e+02 9.578590599584128995e+01 8.794378387645866724e+01 7.106692092677522510e+01 8.794378387645866724e+01 9.343464502069015509e+01 1.017620772469276318e+02 9.971881882547988596e+01 9.145313307311910478e+01 7.810406348237806640e+01 9.634518485821507738e+01 9.785804862245653624e+01 1.008045563217121838e+02 8.660159844137449170e+01 8.881423890783746344e+01 1.089647570036980682e+02 1.093245718505059614e+02
8.304378570984571536e-03 2.000830437857062805e+01 3.421761729622064507e+01 2.593685999354058325e+01 1.612339178626565683e+01 1.354318034906838442e+01 3.294101162380268022e+01 4.266759514894781802e+01 5.094953756095296882e+01 4.552646098322789214e+01 2.559446761647653545e+01 4.552646098322789214e+01 5.930051726683952751e+01 7.079522011213428812e+01 7.712084115339494872e+01 6.889947835937763898e+01 5.982527545208868247e+01 5.579704856969640758e+01 6.698331702621318584e+01 8.682645209382768314e+01 9.359654176835168471e+01 8.498500380191144643e+01 7.664465235511040930e+01 5.947596084628052893e+01 7.695775466217084215e+01 7.325465806501308919e+01 9.292741472975076533e+01 1.045693752502282194e+02 1.063215854097924051e+02 9.805607955760126515e+01 1.063215854097924051e+02 1.079060352618810157e+02 9.251192787450561639e+01 7.227599111763744588e+01 8.535744382228384097e+01 1.055083091914402189e+02 1.067996930345620683e+02
8.037589590134858880e-03 1.151169717388955149e+01 3.114790628352454149e+01 3.615120346967087528e+01 3.613798570487203676e+01 2.469174705648699941e+01 2.469174705648700296e+01 3.833533701087465317e+01 5.839172342438697427e+01 5.377396336856477888e+01 3.450995641474017361e+01 3.112051109662996140e+01 4.263906339624399777e+01 6.255234393642322033e+01 7.150960662968483916e+01 8.040481157898395281e+01 7.948518842847680332e+01 6.955027542387598771e+01 8.362799929379340824e+01 8.790077235770040431e+01 7.395724296676679899e+01 7.338821154220670451e+01 5.657878011257731288e+01 5.138313443867359354e+01 5.686364107248514443e+01 6.440062344082377876e+01 7.605251236943225024e+01 9.624718251209067432e+01 1.011846790782093706e+02 1.094893900756061100e+02 1.074410803211574148e+02 9.582903577616896484e+01 7.943879477950599721e+01 6.520591326089525808e+01 8.535744382228382676e+01 9.952316159417294728e+01 1.029346843503212057e+02
8.866319943247203544e-03 2.000886631994289289e+01 3.926099205825966010e+01 5.615159121798423314e+01 5.256472885024039243e+01 4.420971658318380548e+01 4.420971658529470005e+01 4.420971658529470716e+01 6.434911841722293957e+01 6.268309067848547045e+01 4.602608366110806060e+01 4.522433480582392207e+01 3.759443112144504084e+01 4.335601893574889942e+01 5.227570368519648270e+01 6.376372880268187515e+01 8.363336036676739127e+01 8.942010143307778947e+01 8.338103753198244306e+01 7.496196587526075916e+01 6.012779296620347225e+01 6.505961561435930207e+01 4.513154507183567432e+01 6.505961561435930207e+01 7.695775466529293851e+01 8.458778426903111836e+01 9.292741472975076533e+01 9.768177292526991096e+01 8.056675297914669898e+01 9.768177292526991096e+01 9.918140404167004931e+01 7.899749631546691830e+01 6.739595339444429101e+01 5.992413524959078330e+01 7.110057707868547539e+01 9.123578416520234668e+01 9.445980632737682470e+01
4.238120735784241429e-03 1.414637374446660978e+01 3.414637374446589746e+01 3.927356942970090614e+01 4.753610931073168899e+01 4.580201501833376909e+01 5.404244147551498401e+01 5.193625481675253752e+01 6.016132199359119426e+01 7.417472564887108888e+01 6.593125837991138383e+01 6.513285735168783219e+01 4.574128782942236882e+01 6.326836965305736982e+01 5.744529647018254792e+01 7.732651190584466860e+01 9.188546044811592139e+01 8.945062399869800629e+01 6.896056717994588325e+01 5.412025340040411692e+01 5.004086835770657160e+01 5.965642630686928527e+01 4.130435145630577409e+01 5.122030859582918794e+01 6.532311783153673446e+01 8.545372275265216899e+01 9.994522639853286705e+01 8.928091389478366580e+01 6.864802290530573714e+01 7.896446840004473700e+01 8.512391749272450170e+01 8.903353943940095405e+01 6.889784933511504050e+01 5.485755820754697965e+01 6.889784933511504050e+01 8.903353943940095405e+01 8.957792754472714591e+01
1.555317930585579152e-03 2.000155531793022945e+01 2.512765039858037142e+01 1.933719025202569597e+01 3.099741826391519695e+01 2.590745241474760974e+01 3.788792176183183358e+01 3.206891169079637649e+01 5.193625480575402520e+01 6.400094069317053425e+01 7.218577260981034271e+01 7.388804995001871134e+01 5.724477383486527060e+01 7.388804995001871134e+01 7.732651190584466860e+01 8.557391678918735067e+01 8.556118106547788216e+01 8.557326286430499351e+01 7.649157421199399209e+01 5.568698701255299000e+01 4.081050363871958098e+01 4.775631483895318752e+01 3.782809637722905194e+01 6.046351091992596594e+01 7.955613490470669547e+01 7.171909272305381933e+01 8.583215956079322950e+01 9.768177292526991096e+01 7.896446840004473700e+01 5.883678557561025002e+01 6.479241795225942724e+01 7.916645491542860213e+01 7.102754782687155455e+01 5.115563112427989267e+01 7.102754782687155455e+01 8.731777592895240048e+01 9.804731432433483462e+01
4.786148573735437791e-04 2.581276822490444989e+00 5.180245684314636279e+00 7.842263488162528162e+00 1.110747314647813333e+01 1.445415556029274384e+01 1.805697899490852976e+01 3.788792170793312408e+01 5.000314011844972129e+01 4.420506130316444171e+01 6.400094069317053425e+01 7.950614086567711070e+01 7.712322335848536170e+01 8.537021199912462066e+01 9.117677056346114739e+01 7.970441727049156100e+01 6.559601055707453554e+01 6.559664367815598496e+01 7.972060950382628164e+01 7.029521585112659920e+01 5.314797993993207825e+01 3.310305108564958232e+01 5.314797994317565610e+01 6.570371193567557100e+01 7.484953818714684814e+01 5.778404425320608340e+01 7.591565329404477325e+01 8.737475353422223634e+01 8.741679216407398201e+01 7.074737629597041177e+01 5.126042075686117983e+01 6.458505987936850090e+01 6.271654051045689471e+01 4.762163141816666467e+01 5.900327030120043048e+01 7.900843133191891354e+01 9.877750272924984642e+01
1.415922250553260878e-03 2.000141592225019949e+01 2.512765039858037142e+01 2.192362535975602711e+01 1.563423319076138007e+01 3.431588394374343665e+01 3.788792176183183358e+01 2.397379611049922232e+01 3.019646979834742240e+01 4.010045264203110094e+01 5.154702976729520003e+01 7.132415785995775082e+01 8.581035747108055034e+01 7.798336536808022856e+01 8.295674779759396245e+01 6.300617943774487628e+01 5.152061956686540611e+01 5.152062634128357388e+01 6.975040984203609185e+01 6.460483872288016016e+01 4.453632095379405342e+01 3.035636291032897205e+01 5.032790954783661164e+01 4.922085218903726656e+01 5.842838700464416490e+01 4.786602965866616444e+01 5.930580503438311979e+01 7.909504859333644333e+01 8.736721624127041252e+01 6.701215250491533482e+01 6.458505987936850090e+01 4.530959157645791180e+01 4.287950435497386792e+01 6.271654051045689471e+01 7.428911966144003998e+01 7.061801787981923439e+01 9.062364938347462839e+01
5.113348591224673584e-03 1.000511334859113788e+01 2.414724897232183665e+01 4.186150650533140549e+01 3.544601736295656735e+01 2.405814244652134093e+01 4.371615188447319866e+01 4.373980383509418601e+01 3.260698175427066303e+01 4.233366894934263769e+01 5.356717742308808994e+01 7.183856552732036960e+01 7.266847725099931665e+01 5.502501074168304029e+01 7.352518585997984246e+01 7.970441727049156100e+01 6.148414315694067511e+01 4.157850429419121241e+01 5.484955272661387227e+01 6.311353670974145302e+01 4.777107025810119012e+01 2.769061645706997510e+01 3.057876447079422988e+01 3.452761321620947399e+01 3.872617696989448888e+01 4.681084857923333686e+01 5.658323445606173863e+01 7.047178084471221382e+01 9.038207643324267337e+01 8.736721624127041252e+01 7.292647597929240533e+01 5.949854831429216517e+01 3.961866897880094740e+01 5.949854831429216517e+01 5.436828483672316281e+01 6.842542621304146166e+01 8.844532791016214901e+01
3.630678512830590090e-03 2.000363067851247578e+01 3.828938459605203093e+01 5.243152021978273325e+01 5.192001001949355299e+01 4.371615188447319866e+01 3.446870493373171485e+01 5.387743781146891564e+01 5.214757657159275084e+01 4.553567797432484809e+01 6.465732428153430078e+01 7.995091314519272885e+01 6.403856806403507562e+01 4.181166655728690529e+01 6.403856809065995037e+01 7.777069395477047919e+01 5.782379509033613374e+01 5.484955272661387227e+01 3.491512228904330328e+01 4.897164446788391956e+01 4.517215415307414617e+01 2.505418435555095513e+01 4.307274562050936595e+01 5.349123282552587710e+01 5.011712343490977162e+01 5.842838700464416490e+01 7.467930824588778194e+01 8.457637963851327356e+01 8.503052993040168417e+01 8.240706977984216053e+01 7.415074352583857831e+01 5.703275275724897853e+01 3.710585397049484868e+01 4.379183727818445249e+01 6.364098555002168212e+01 6.414318825573715799e+01 8.410974482400476404e+01
3.897887252982968069e-04 2.000038978872494155e+01 2.957268438036448188e+01 3.511754867257629797e+01 4.338988172472372895e+01 6.204047261491349019e+01 5.387743781146891564e+01 4.976183052900270809e+01 6.850974995429730541e+01 6.068264701677556872e+01 7.276550277794237331e+01 7.240819174820653359e+01 5.532698039522951206e+01 3.389187567209102525e+01 5.532698039522951206e+01 7.053109858476308602e+01 7.777069395477047919e+01 6.311353670974145302e+01 4.897164446788391956e+01 2.897066429303874813e+01 4.300321451028615627e+01 2.289440125265212700e+01 3.188638162119418951e+01 5.125774370187406248e+01 6.978178417844942771e+01 7.802959618248141282e+01 8.644538900033910522e+01 7.915732031604842689e+01 6.501572332618782468e+01 7.415074352583857831e+01 5.419755037091425010e+01 5.475466613121967185e+01 3.477361473716783991e+01 5.150238340550633609e+01 4.422352633825710200e+01 5.829537513120711623e+01 7.826105801120097283e+01
9.894987445105475968e-03 4.723940195338116155e+00 9.574652695470751596e+00 1.512165462917355008e+01 3.511754867257629797e+01 5.325842390391315462e+01 6.148693549937864589e+01 6.850974995429730541e+01 7.241340165181860300e+01 7.803781615189902254e+01 6.947150670452174381e+01 5.898005363067606055e+01 4.250448015450913886e+01 2.792126681800100485e+01 4.114739450780616181e+01 5.583747704931236910e+01 6.653000833624720656e+01 7.400831990603670363e+01 5.723607190660131749e+01 4.352841032497615714e+01 2.343629643336042179e+01 2.082020871967165476e+01 4.095944943696832752e+01 4.766720024105155318e+01 6.135929656299599344e+01 8.138463759861453184e+01 8.504146992479722655e+01 6.501587355960620584e+01 5.094806832932282958e+01 5.937078436599667697e+01 6.004159484147715631e+01 4.009435569668011823e+01 4.852780035765204047e+01 3.151218969465509545e+01 4.312726789361155255e+01 6.305122546782850890e+01 7.357830934859072158e+01
2.758038052605161963e-03 2.000275803805224939e+01 2.371651854324895226e+01 3.511754867257626955e+01 2.512159126665969211e+01 3.328631682419676707e+01 5.322942498402362332e+01 6.294312200027166426e+01 4.771793924923796482e+01 6.296192897912900577e+01 6.091718996518982721e+01 3.979719626384014930e+01 2.962055868322787333e+01 2.303614763373574803e+01 2.695863734885812235e+01 3.713182937929461502e+01 5.744545159156012915e+01 5.430134930134797600e+01 5.257578890731210919e+01 3.979762180588387110e+01 1.965845086719459189e+01 1.878693837489830543e+01 3.893540300448817248e+01 5.876568349419007120e+01 7.029086011609734896e+01 6.997699304217893257e+01 7.837801656452499799e+01 7.347288571150527048e+01 5.352950273072714538e+01 3.944182977780183563e+01 5.087281040585180847e+01 4.567153912610709909e+01 2.843753950795884933e+01 3.854964282814558629e+01 5.843215762522997636e+01 7.133374898109845219e+01 6.920006016862134857e+01
7.097940694151796438e-03 1.414923356442522717e+01 3.414923356442593416e+01 5.198501744637972877e+01 4.510784368716718262e+01 5.325842390391315462e+01 6.148693549937864589e+01 5.304401196827814147e+01 3.260104781052534406e+01 5.304401196745563851e+01 6.947150667112794054e+01 5.898005362765263015e+01 5.035719278255739084e+01 3.711179918125410637e+01 1.806447786843447645e+01 2.849572447426506372e+01 4.888157710584442128e+01 5.431002951621110242e+01 3.438883371876734429e+01 2.429933939015469591e+01 1.606150867681447636e+01 3.618072510778483064e+01 3.047564667611421640e+01 4.206005819697234216e+01 6.200913744467077038e+01 5.016668830754276343e+01 6.686079003189713887e+01 6.812927769126714850e+01 6.763529153402619443e+01 5.087281040585180847e+01 3.082937302820858605e+01 2.556293481568719983e+01 4.570064296559289829e+01 5.671670122341858900e+01 5.843249436313657696e+01 7.821183115395103869e+01 6.090180321429568266e+01
8.907212727516041623e-03 2.000890721272715922e+01 3.403413890407062325e+01 4.227243182007312328e+01 5.372933414147136943e+01 5.373736095361367404e+01 4.495712214639691950e+01 4.448440950241994329e+01 2.370872563940109146e+01 4.448440944297139055e+01 5.818084017486496151e+01 6.108695415596320544e+01 4.805909398940050892e+01 2.794697993144050585e+01 1.527832052921139727e+01 3.383768033795671926e+01 5.162186831993959402e+01 4.668341428489958389e+01 4.047153993097246172e+01 3.214738384297086071e+01 1.444390275924159717e+01 2.603830866637676067e+01 4.609557187015470703e+01 5.876568349419007120e+01 5.851940334522949172e+01 3.878030617275138070e+01 5.851940334522949172e+01 4.842662687194172833e+01 6.243469193181223886e+01 5.913250549177006832e+01 4.385433621260289527e+01 2.368171140155327237e+01 4.385433619607228906e+01 5.098417213499061518e+01 7.087048873400672733e+01 7.224981373678234320e+01 5.235610224691010472e+01
4.556156782696869564e-03 7.199647573200810058e+00 1.462816648736634484e+01 2.566360237484372675e+01 4.546840969836770796e+01 4.495712214639691950e+01 2.451791106421861954e+01 3.050281688215985909e+01 1.751010607481295267e+01 2.923717229882687718e+01 4.971799558016905252e+01 4.049175615416971397e+01 4.022546068116093210e+01 2.888057017539930982e+01 1.248473450341435864e+01 3.079779245893086070e+01 3.229570901530259874e+01 2.652856972014465242e+01 2.994099049912074051e+01 1.220466379208521701e+01 3.205860316025417944e+01 4.280461013244804747e+01 5.437080959530216973e+01 7.007586839675030888e+01 5.102723614635380756e+01 3.125924754212225665e+01 4.170851802936299180e+01 3.445074397157408441e+01 5.419739965158697714e+01 5.712810809933118605e+01 4.202798832247859195e+01 2.181238012010286553e+01 3.094074016522532844e+01 4.514889651969821927e+01 6.510548701269686944e+01 6.062803203929875195e+01 5.043788599698760322e+01
9.004134676422023004e-03 2.000900376801609326e+01 3.349395628604365527e+01 3.590038016978580515e+01 2.928230117821458123e+01 3.200698172524297291e+01 2.463806728466725104e+01 1.025855274922884064e+01 3.023495899035662404e+01 4.493864486507377620e+01 4.629501690222183186e+01 2.536513786425240369e+01 2.909235867028090894e+01 1.468557900595572718e+01 9.597661611689529693e+00 2.653798383483440659e+01 2.735581580662154266e+01 1.390583291352796103e+01 9.999490663749551089e+00 2.994099077434947631e+01 4.049631211721020918e+01 5.139040885788185875e+01 5.936055658126313972e+01 5.013892946499122871e+01 5.591415169793031481e+01 4.168621722507496230e+01 2.176877998770498834e+01 4.157693102997541956e+01 4.564305963305239544e+01 3.818001331140384735e+01 4.024592229182109548e+01 1.995395043641284261e+01 3.437618012172132609e+01 5.442422766320448346e+01 6.104856407306335342e+01 4.894891462579069241e+01 3.439072077964126350e+01
