MOVIE_S2_data/elevation_000108.asc
nrows	100
cellsize	150.0
xllcorner	0
ncols	100
yllcorner	0
NODATA_value	-9999
[rows 34 to 50 of 100, columns 0 to 36 of 100]
2.978181695229736945e-03 2.000297818169487485e+01 8.737262592236536562e+00 1.258626438683400828e+01 3.258626689575412172e+01 4.591946436969091394e+01 5.299053527596445434e+01 6.127492726303835724e+01 7.282202197600572902e+01 7.621782128301363457e+01 5.702307745304059239e+01 4.332720097456500241e+01 3.193006302233581906e+01 4.274358086251400124e+01 3.732346898740232888e+01 1.957035731631376407e+01 3.941781428307515966e+01 5.029153258432338447e+01 5.535207301379904266e+01 6.097869443776052378e+01 6.903913431446223115e+01 7.874174401608165397e+01 8.224997575381931370e+01 9.037220143962279906e+01 8.647521715392535668e+01 9.461730706252041045e+01 9.152203518110385971e+01 8.334709362019341938e+01 9.152203518110385971e+01 9.549553256841319637e+01 7.578468391742445931e+01 6.436455877377120771e+01 4.495253496712680885e+01 6.056275226360105535e+01 4.647202614828580636e+01 6.597071573397163036e+01 7.650972310438312718e+01
1.893497408783086870e-03 2.000189349740842815e+01 2.873726165756177409e+01 3.258611895046597340e+01 2.258626438681708848e+01 3.153053629668396241e+01 4.307754166997816725e+01 6.307752767935797777e+01 8.042317814518774810e+01 6.829548151185981908e+01 6.028656038155673258e+01 5.950311800958643715e+01 4.274358090204157179e+01 2.300736636426205450e+01 1.747121442213753184e+01 3.641449054530589535e+01 2.589120195377648770e+01 3.060186687258996585e+01 3.575268425821626295e+01 4.148750614027699157e+01 5.129865362968910603e+01 6.498472540664191399e+01 8.435700845070439868e+01 9.103698614274149747e+01 9.949975430156028722e+01 9.401622820996745133e+01 8.155623087806218052e+01 6.333448397046835510e+01 8.155623087806218052e+01 8.979333145472857325e+01 6.998211211696853695e+01 5.598889945009064206e+01 6.043434745321311397e+01 4.126629693867897686e+01 6.056275226357531238e+01 7.414872407878625893e+01 6.997076106104125870e+01
9.179827644033159914e-03 2.000917982764367764e+01 3.171152836527560837e+01 3.865947723276248382e+01 4.258626077891626949e+01 5.087046895288268189e+01 5.981471002444445872e+01 7.136164813683777197e+01 6.134119784089711658e+01 5.968075665026788812e+01 4.066161698727759699e+01 4.413934742369285402e+01 3.822328503232478170e+01 3.395229108372429749e+01 1.605318396260319957e+01 3.590365910014503470e+01 4.565063385988943878e+01 5.029153258432338447e+01 5.535207301379904266e+01 6.097869443776052378e+01 5.530721124518466070e+01 7.467086618003258991e+01 8.756355313476413471e+01 7.026212441929830277e+01 8.756355313476413471e+01 8.483031496336772648e+01 6.586494367085005308e+01 5.351678868058422012e+01 6.591988609646963937e+01 8.611857670106005003e+01 8.362246911836828644e+01 7.245920857383320879e+01 5.843468829875047277e+01 3.912223224297304824e+01 5.843468829874441184e+01 6.252236336889586710e+01 5.026415350182475805e+01
6.604900230173384179e-03 5.779974994249332809e+00 1.180882236149111542e+01 1.886976538742947795e+01 2.877817052509734097e+01 4.236718981722560784e+01 6.017543710752596553e+01 6.487391103842638529e+01 6.134119784089710237e+01 4.212423374712140856e+01 3.203965384857474419e+01 2.268329257424241518e+01 1.551944598504758410e+01 1.410023384771441179e+01 3.371572451007858007e+01 2.545363437768413206e+01 3.298819964498224522e+01 4.288906735764253852e+01 5.671080165593460976e+01 7.610618990516887550e+01 7.467086618003258991e+01 8.277106622575762174e+01 7.904261412106805551e+01 5.834569790563882208e+01 7.904261421777125918e+01 7.660657633751524997e+01 5.681950681883240861e+01 4.634973391793685948e+01 6.586494367085003887e+01 8.007137575678433450e+01 7.828646634915718039e+01 5.849604481466796102e+01 4.481952536352722660e+01 3.695545305246453438e+01 5.583632829021790656e+01 4.304997615744456851e+01 6.252236352146827159e+01
5.101467937297931264e-03 2.000510146793694233e+01 3.171152836527560837e+01 3.865948717824443293e+01 4.679999872697962360e+01 5.604255865781824042e+01 5.688484185174444008e+01 4.193596964003757677e+01 4.713798775367711613e+01 5.562632764696424204e+01 5.165765968016734888e+01 4.413934742369283981e+01 3.262155554680731484e+01 1.272298104275702357e+01 3.262155554680731484e+01 4.521220662176715877e+01 5.264032335401595475e+01 6.071173750516640411e+01 7.045927948062134760e+01 6.762401725151983101e+01 7.593674735610731830e+01 9.008667452446144353e+01 7.172514928899701658e+01 5.121094590247015077e+01 7.172514928899701658e+01 7.442639297644423380e+01 5.466149802796025625e+01 4.108867209378107788e+01 5.211508378420264620e+01 7.183689439259538290e+01 8.406194634617648376e+01 6.429252507951598261e+01 5.432394956934469121e+01 3.481418020751458187e+01 3.636868411816553959e+01 5.584338969223538385e+01 6.194632021335369387e+01
5.600358222118538565e-03 7.076668170087624610e+00 1.463595763027223562e+01 2.463595763027584340e+01 3.877809329156868046e+01 5.877812205749891916e+01 4.797800538014190863e+01 2.667958368395469648e+01 2.556617058604098602e+01 4.300578418140524661e+01 4.978269499470498261e+01 4.679121163712988363e+01 2.598977068275307190e+01 1.139805280584174874e+01 2.034351523013882712e+01 3.441434681955096409e+01 5.407027327440430753e+01 6.435093526884125481e+01 5.603856163018622283e+01 4.755741948653557216e+01 6.435093526884125481e+01 6.949039606344318543e+01 6.553988425966599607e+01 4.525850181464112865e+01 6.553988425966599607e+01 7.020991914614715768e+01 5.056902201433338462e+01 3.689294981043926214e+01 5.632170758461586502e+01 6.131503913765857305e+01 6.950485481487082495e+01 6.861973457696558398e+01 4.902956853904176171e+01 4.899484307648778270e+01 3.175352649819400241e+01 3.704758658038710450e+01 4.245835890117888312e+01
4.575904209876861112e-03 2.000457590420952059e+01 3.463595928834058668e+01 4.292037454984689049e+01 5.292047987098479211e+01 6.209553964074827093e+01 4.906097031628615923e+01 3.431629842508022676e+01 1.386350969110193176e+01 2.683919985882906900e+01 2.671561539489494663e+01 4.312311327293057417e+01 2.995950836404907136e+01 1.009604586875647492e+01 3.000824063714254919e+01 4.017143438767342190e+01 5.978574261342232177e+01 5.277098920455537723e+01 3.598597616239075592e+01 3.598597616239075592e+01 5.603856163018622283e+01 6.949039606344318543e+01 4.916710058029703134e+01 4.012025357063586029e+01 6.011945681161469679e+01 6.635647913454320701e+01 4.677587423836356351e+01 3.288388715777259819e+01 4.744237657901336291e+01 4.170505743504912033e+01 6.130093686211142057e+01 5.479597513812439047e+01 4.663359252845314984e+01 2.910516026288742708e+01 4.329585430802388402e+01 5.653335170769709350e+01 5.613471224610908905e+01
4.658155261040713979e-03 1.000465815526136204e+01 2.414679378816743238e+01 4.414680436197191682e+01 5.170714185616110825e+01 3.984591112879143537e+01 3.720966760854358313e+01 1.964417124977662255e+01 2.113098194224594195e+01 6.484376271635556854e+00 2.464656536256243768e+01 3.349033737656313292e+01 2.124332546642697039e+01 8.802990323354944024e+00 2.296541019866052835e+01 4.325664414023274418e+01 4.411235157955685793e+01 4.446119601240658881e+01 2.441732081100477458e+01 4.446119601240658881e+01 5.878810911458751320e+01 6.943581622153118360e+01 5.511965601125256597e+01 3.545338149843797027e+01 4.919005114891181307e+01 5.758174998111499576e+01 6.066773014143638676e+01 4.744237657902606742e+01 2.748068230217564079e+01 4.715842271250799911e+01 4.559646507981796049e+01 4.425791743710620096e+01 2.653194748534371783e+01 4.087183868852280710e+01 5.717781378437807405e+01 7.109080159561362677e+01 7.628767988926759358e+01
5.330849696878311485e-03 2.000533084969177366e+01 3.828882948755302351e+01 3.117617929863468618e+01 3.018216846629570327e+01 3.653539460977491160e+01 1.746758150753768035e+01 6.463575809000992045e+00 3.082271444904295166e+00 3.431997451730714577e+00 2.287180021481237446e+01 2.480296173135306859e+01 6.990972751995626844e+00 2.684471797143196170e+01 3.596819064179792491e+01 3.649748507378318862e+01 2.415060956001992665e+01 3.222834644666124149e+01 1.888098882250190869e+01 3.042857389211641816e+01 5.047697508328138127e+01 4.927572622990026474e+01 5.226967799448871688e+01 4.395652645758733001e+01 2.996084649664022947e+01 4.919005114891181307e+01 5.811281112145864824e+01 3.843969831080048039e+01 2.407671739815972600e+01 4.031309222692921423e+01 2.237072150562241646e+01 2.405067136490108481e+01 3.845018290411228179e+01 5.460042564939040233e+01 6.866522705114726932e+01 7.899907201818707847e+01 7.735963373038323709e+01
9.384206039104543359e-03 2.000938417968363936e+01 2.106747573040332000e+01 1.154050642450343567e+01 2.654620503876107485e+00 1.700455702531536062e+01 1.467100842921659698e+01 2.588042180637157408e+00 2.091541372706351609e+01 2.339814368261507838e+01 3.928257585445613653e+00 5.194756369716677646e+00 2.440509551012182499e+01 2.517576627334340600e+01 2.117835854477893065e+01 2.224075914343467630e+01 1.187880967280693056e+01 1.230847993738934498e+01 3.222834644666064463e+01 4.721037733411585435e+01 5.443110275416784560e+01 3.564539607886057127e+01 3.923015521278899342e+01 2.505103417965616330e+01 4.395648067416693294e+01 5.758543571977288877e+01 5.837034504474658547e+01 4.105870917031119660e+01 2.086269337278714886e+01 2.003746296863964460e+01 3.435642655722546834e+01 3.801535621268936183e+01 5.233641965912320160e+01 6.579071364000857614e+01 7.224389577417028363e+01 5.867763504447389522e+01 5.847929795352762739e+01
9.768314284573654735e-03 3.565601568653605780e-01 7.034041446750087800e-01 1.050561498596890964e+00 1.397940440658121286e+00 1.745770160742795785e+00 2.094708590529592573e+00 2.041830856975315811e+01 2.647951825116810909e+01 2.587484277184879033e+01 5.248316627485730912e+00 4.445394739804681805e+00 4.809530449320731371e+00 5.172804761174853105e+00 5.537160970964127849e+00 5.904719312917847240e+00 6.275186694020679745e+00 2.562086561344908375e+01 3.400542157645590180e+01 4.545167818920606351e+01 3.497033244773707850e+01 3.497034148485664673e+01 2.043395521500524836e+01 3.923015521145689632e+01 5.226948352325032232e+01 5.643061904579136723e+01 4.427756691748057705e+01 3.018482801941373239e+01 1.778130489277432247e+01 3.804290914769697451e+01 3.450124502838649931e+01 5.275548955865201606e+01 6.479369055838145641e+01 6.313879539458582002e+01 5.500858275728449343e+01 4.460110449786760967e+01 6.422194399132314402e+01
9.313476842122882932e-03 1.892698050488286654e+01 1.061388118630583399e+01 2.083192835347935556e+01 1.621394521651629361e+01 2.171840617637937498e+01 2.352205674485895237e+00 2.116827244621638471e+01 2.990374633449156860e+01 1.153007604249058282e+01 2.618318792226933667e+01 2.514718416006004986e+01 1.107557134272713029e+01 1.877437284915099980e+01 1.966238597018173095e+01 2.591921811052266023e+01 2.591677618990397036e+01 6.801983615497708691e+00 1.865111895504510642e+01 3.420098701678328013e+01 3.137523798439526601e+01 1.608768586169010106e+01 3.484682589146162002e+01 4.654834525800260536e+01 5.568404693518743898e+01 4.216471017394331255e+01 2.820484607542542577e+01 1.580184274485868556e+01 3.604245204881445375e+01 4.626595658493226182e+01 5.397095637865925966e+01 6.198901453522520910e+01 5.573805553905907573e+01 4.754837605804392098e+01 3.521705363041573378e+01 5.500858275728449343e+01 6.314941569055106640e+01
1.757287057980242524e-03 1.985818133410031194e+01 2.918616919923526964e+01 2.822420692256290664e+01 3.704339202391749097e+01 2.869193173274420872e+01 8.136675304709758194e+00 2.784198326250151823e+01 3.756903551236244709e+01 3.168435336591385365e+01 1.820570835695048828e+01 3.785496191362454965e+01 3.654422436718323297e+01 2.548234247792895601e+01 3.926658693309835968e+01 3.310063445782884628e+01 1.312471182443534445e+01 2.243129644737966544e+01 7.328940176503568438e+00 2.532527754789710883e+01 1.192726291844525299e+01 2.908966237421608270e+01 3.757936370362131839e+01 4.656820371831915395e+01 4.591353898896395691e+01 2.819301168829480275e+01 1.385094480323125765e+01 3.398034207309439125e+01 4.388343479753199716e+01 5.850938020954998109e+01 5.574042003539662460e+01 4.717210220791810826e+01 4.111284245626544021e+01 2.767384006723624523e+01 4.754837605804392098e+01 6.313879539453311196e+01 5.267609279170497416e+01
1.954507115700021471e-03 1.410505415734211887e+01 3.339881963154710576e+01 4.319113606787797721e+01 4.234062945944918255e+01 2.122888429780222097e+01 2.877294647373699021e+01 1.673842759018449300e+01 3.771916211042050548e+01 4.310166764031713882e+01 2.304235055635187379e+01 3.720535859814874868e+01 5.366730212758237428e+01 4.545963848069766300e+01 3.991021378558426136e+01 1.997157476451607394e+01 3.310080648866144770e+01 3.399963151934039018e+01 2.374590065981787390e+01 7.854699620327211917e+00 2.181167787619850174e+01 2.717640131210788468e+01 2.925126829160112507e+01 2.806048266048405893e+01 2.633644136404377178e+01 1.399443597569278097e+01 1.249815062079906980e+01 3.105560464145347765e+01 4.303653055233382219e+01 3.756845716236656330e+01 4.282313019252997321e+01 2.676629940184821166e+01 2.103902158280784462e+01 4.111284243660207949e+01 5.569622059656428803e+01 5.023594916149210121e+01 3.964894466783343319e+01
9.499524778340364892e-03 2.000949952477796145e+01 3.376940655154134419e+01 4.235404549199300561e+01 5.100583989455564193e+01 3.672109262549435016e+01 4.477892254111672798e+01 2.359964244832270808e+01 4.477892271031296900e+01 4.867970907495600130e+01 2.856772754583889196e+01 4.867970912300629038e+01 6.534170809611880770e+01 5.929623637133285285e+01 3.924401356231631155e+01 2.511885316117541933e+01 4.511706467879567839e+01 4.088513995714339444e+01 2.938653490231980570e+01 8.743776168751631772e+00 8.385125724823957682e+00 8.757827110734151432e+00 1.221361267007812224e+01 2.009245966108095871e+01 1.022054888599272360e+01 1.060366220700890771e+01 2.865774554041252031e+01 3.435419113892859855e+01 3.432553091562039782e+01 2.243742034777182326e+01 3.143720927636638507e+01 1.521954921789641624e+01 3.517659314902077483e+01 4.868884431386469913e+01 4.302537638609348392e+01 1.594466590525604488e+01 1.639105547642255445e+01
7.291241591682445615e-03 6.674360721758286097e+00 1.376966733704026957e+01 2.563295517349294883e+01 4.714344803757672508e+01 5.865029826435896609e+01 5.324793938757545675e+01 3.423567934564980675e+01 5.324795809141870961e+01 5.699727551008440685e+01 4.017975111341758065e+01 4.017975102538582632e+01 6.029068521898380340e+01 6.517237813949820691e+01 4.511706467881516858e+01 3.176212200935460217e+01 5.179350246623091181e+01 3.305226470617181889e+01 1.244449161524084779e+01 2.945759345792669137e+01 2.931322432486655316e+01 2.919069507265180263e+01 9.292400367927529103e+00 9.675422641458130357e+00 1.690083679848490661e+01 2.243547254642775712e+01 1.116285544036095523e+01 2.394308528070998676e+01 1.227228265029625831e+01 1.268363490790984827e+01 1.309236437958585064e+01 1.350138567992287797e+01 3.182623522966387242e+01 4.069388112469052743e+01 2.844582929964958851e+01 1.584339180627717525e+01 2.979313652549947733e+01
1.086749991637594439e-03 2.000108674999128056e+01 3.455417810015879354e+01 4.379310265595525919e+01 5.605263060049301771e+01 6.779567161704861178e+01 6.364623193680588997e+01 5.532216984033480855e+01 6.364624496681403087e+01 6.859965109114601489e+01 6.029086772057340227e+01 5.180650958319890265e+01 6.859769747093884007e+01 6.448951721170951146e+01 4.441816522416470292e+01 4.591647433096007802e+01 5.011337383144823576e+01 2.964593699233875768e+01 1.506467933761115674e+01 3.564794617755332240e+01 4.345867767868541875e+01 4.364540015585355093e+01 3.337646528638810395e+01 1.354143854922016743e+01 3.234575645316950698e+01 3.628447705780758525e+01 1.155032683112008307e+01 1.169867966872977583e+01 2.033769488811594428e+01 3.208937426365543644e+01 2.608008056809708464e+01 3.273003876159915393e+01 1.408544982907461041e+01 3.339792584267945585e+01 1.525624714671162430e+01 2.803510109122746030e+01 3.975044198782367033e+01
