MOVIE_S2_data/elevation_000495.asc
nrows	100
cellsize	150.0
xllcorner	0
ncols	100
yllcorner	0
NODATA_value	-9999
[rows 51 to 67 of 100, columns 37 to 73 of 100]
5.490811968301880341e+01 4.272707712419060044e+01 2.012779336420897280e+01 1.784819202199941657e+01 1.827694900414454793e+01 3.119872662020062037e+01 3.939138258488407018e+01 2.982870355115786509e+01 2.040188650181933738e+01 2.084992836624195789e+01 2.586075973711940890e+01 2.209955819390794574e+01 2.253725767068504382e+01 4.241966402720215257e+01 4.346509220508503546e+01 2.422985472728265677e+01 4.411225455780021321e+01 3.890599064368789328e+01 5.904241873056183465e+01 6.869403412949803567e+01 4.930829688559558832e+01 6.886923298695303686e+01 8.269084290592803654e+01 6.717504638760615876e+01 4.769045307550116064e+01 3.884049058503664043e+01 3.176081919462792769e+01 5.202455093840810463e+01 4.355029285472736689e+01 6.351283680762384165e+01 7.349140695913239085e+01 6.525816531456443670e+01 5.156262164353166355e+01 5.728619114972372728e+01 7.126592352277047837e+01 9.114146302199441152e+01 9.837438325825175411e+01
6.439204340711827967e+01 4.658618594145392677e+01 2.549990973551661710e+01 3.573365871424214646e+01 3.290208109116058210e+01 1.888908768190652054e+01 1.932438104557302694e+01 1.977178588268904136e+01 3.980470193368390142e+01 4.103959224178590404e+01 3.644983669255914549e+01 4.198843886857042662e+01 3.810848489111610604e+01 2.315393915915571554e+01 2.358855094993047175e+01 4.346424720080861448e+01 5.226068139729223105e+01 5.901206517062765755e+01 6.734880496734766098e+01 7.553209094882596730e+01 6.886923298695305107e+01 5.986027550704509537e+01 7.921450243928235579e+01 6.718027429343425183e+01 6.564088168908710941e+01 5.759915373947755768e+01 5.202455774248706888e+01 3.259337415264642601e+01 5.284240807667855933e+01 6.191481713014046306e+01 5.974706899854383124e+01 4.538763055280822556e+01 6.525816531456443670e+01 7.708733426235207276e+01 8.533851975322652095e+01 8.944659086902072431e+01 8.116946715412301216e+01
5.030575105462562391e+01 3.526347790597770882e+01 4.656111593565205453e+01 4.547337398816512177e+01 2.975530093515243024e+01 4.099721553855783895e+01 2.376453807495575887e+01 2.062252558653330681e+01 3.539350897023612674e+01 5.560563301308882700e+01 5.582988619990413071e+01 5.353498835196957373e+01 3.360678269395346263e+01 4.303068759762224715e+01 2.917183767931784644e+01 2.543456085514906206e+01 4.470743959606826223e+01 5.526258903829307911e+01 6.601562100741405459e+01 8.190590483902860797e+01 8.714387079585236506e+01 7.110547770799142597e+01 8.714387079632881239e+01 8.688758633891492877e+01 7.791548667154633279e+01 6.970737365913137751e+01 5.724701261454758594e+01 3.725148421090447926e+01 3.344470849852684324e+01 5.366890079225652244e+01 3.974996971713579796e+01 5.974693059714146415e+01 7.349011336172088704e+01 7.815476938246571592e+01 6.985905446001453356e+01 7.408119224587457552e+01 6.112079816991909809e+01
6.484036737725845967e+01 4.605537193353028158e+01 6.415821624916330279e+01 5.480435395543552346e+01 4.715028099748584367e+01 3.246764598674327118e+01 4.266903622426185194e+01 2.277904125504048594e+01 4.318552251478724457e+01 6.037266530369777229e+01 7.034149700193688659e+01 6.181612527319452965e+01 4.358392672047716587e+01 5.765459102703108130e+01 4.917152507321080179e+01 4.537134500569721496e+01 2.725938633501250763e+01 3.728624005933649954e+01 5.179820493312532648e+01 7.066581776604709830e+01 8.062621916624884477e+01 9.029163622214193197e+01 9.820872528609562835e+01 8.362899646283747757e+01 6.394084870723087732e+01 5.004404356916152352e+01 4.425233507822481727e+01 5.724701244033609271e+01 5.366888948603969567e+01 3.430379199316451633e+01 5.447974498050432146e+01 6.316680720823200090e+01 7.210502656957947920e+01 6.423082459427853053e+01 4.957128259929734071e+01 5.383829558218128852e+01 6.562543798788833271e+01
7.593705475879757216e+01 6.734435357409893186e+01 7.546559214760848988e+01 6.205089990148029955e+01 4.311478959347801521e+01 5.347929021119695392e+01 4.519985717617974075e+01 2.522624301543551439e+01 3.227174869197634166e+01 4.227266844445055938e+01 6.228871284202102032e+01 6.353956641822026796e+01 6.353956648990641298e+01 6.793889308392786575e+01 5.295991429686821306e+01 3.305316775862537781e+01 2.857687404831438016e+01 4.872715048842250951e+01 4.237976527460946841e+01 5.245407327309963819e+01 6.653242747288057046e+01 8.643727759365690133e+01 9.507625163750569186e+01 7.524902406777447084e+01 6.139939429015194605e+01 6.970737367584538902e+01 5.572171892965673123e+01 7.222612228559823677e+01 6.273728888867836417e+01 5.449542795011745255e+01 3.517860037575954379e+01 5.360038111369166103e+01 5.915153060070481672e+01 4.414039591721654432e+01 5.844596564475308753e+01 7.408119224587098017e+01 8.236513661431284561e+01
7.784510358295132448e+01 8.361789396810540609e+01 6.573074079871241793e+01 5.352241302633525066e+01 5.972736474841580900e+01 4.826805668687212858e+01 2.831078676842103903e+01 4.521015752034212198e+01 5.226735541318483769e+01 6.056103571551849996e+01 7.063623185144705019e+01 8.347814254046824090e+01 7.566167482823347257e+01 5.970708009482061129e+01 4.003588063016327681e+01 5.295991429686821306e+01 4.873059909678941892e+01 3.062026391736218045e+01 4.498510815111965400e+01 6.499176042328211622e+01 7.340122881810493993e+01 8.042063554008441884e+01 8.869944833583898003e+01 8.930990492364223599e+01 7.524902406777447084e+01 8.361269524724777114e+01 7.538182911895967209e+01 7.151099362037726337e+01 6.329735990011154456e+01 5.759005164084643980e+01 3.759691223402304416e+01 3.608507682624120605e+01 3.945445821903030037e+01 5.919451989628766597e+01 7.254294577704801839e+01 8.818009511136469314e+01 9.269817704908095379e+01
7.563239506136078205e+01 8.362620850231444081e+01 6.592798353658136534e+01 6.972531051102590993e+01 4.866823800972713343e+01 3.172986452492308018e+01 3.266495588948227891e+01 5.276186132251730498e+01 6.646764771114338544e+01 7.485791385380572649e+01 8.495511345928059654e+01 8.559558388881815461e+01 6.738051162911432357e+01 4.781702306447691342e+01 5.970708009482061129e+01 6.392681118127421769e+01 4.392742332431663499e+01 3.214084103167712669e+01 5.237918590407928576e+01 4.751845263125099450e+01 5.355164481191397385e+01 6.056676172850026063e+01 7.200044248308293504e+01 9.192283316071795696e+01 9.507625163750569186e+01 8.647413632342670553e+01 7.502437058553785221e+01 6.329736028891993271e+01 4.350361882419519333e+01 4.103092915407680863e+01 5.758808815229716771e+01 5.619325799435136304e+01 3.700532186666919188e+01 5.707168888929389539e+01 6.618285101192520870e+01 8.030043193227477616e+01 7.332040616882329687e+01
7.231004498716805529e+01 9.125352771172640587e+01 8.362620850231444081e+01 6.861842984040609394e+01 4.858202315428604834e+01 3.428226181403442041e+01 5.276186132252143324e+01 3.957533893424385241e+01 4.632905169071369755e+01 5.639592021436526181e+01 7.653937520792386806e+01 7.726277742932990122e+01 5.749824582915677951e+01 6.738051162911432357e+01 7.566167484123710096e+01 7.218843568051001114e+01 5.393436745507054297e+01 3.371698394684877087e+01 3.924263855356517183e+01 5.929307081286913927e+01 7.340123113758781415e+01 8.042063554008441884e+01 8.869944833583898003e+01 1.002200582165906582e+02 9.141271348536908192e+01 7.725959234577038615e+01 5.898707025427256667e+01 4.709386964631834616e+01 6.329736028891993271e+01 5.511152914448415174e+01 6.909604245034944370e+01 6.300503769801750309e+01 4.345937154985401207e+01 3.792660020184527525e+01 5.795315953365392403e+01 6.454123732376577038e+01 5.362022517054503368e+01
8.136514104934086333e+01 9.043103544761854096e+01 8.038802931537603058e+01 7.202503113109928279e+01 5.711974641571217148e+01 3.696776151969039148e+01 5.711974641571217148e+01 4.720163039646671166e+01 6.646764597358168203e+01 7.485791385507317841e+01 8.495511346347370818e+01 8.559558417151654908e+01 6.878002328947013666e+01 8.559558417151654908e+01 8.145864451444974463e+01 6.737291596918738890e+01 5.556030634136514834e+01 3.539602543982179839e+01 5.556493533200600865e+01 6.687385989796513286e+01 7.322360050402404852e+01 7.322360050402404852e+01 9.314420295215232670e+01 9.427467187282191219e+01 7.284048531525793635e+01 5.336160531670282126e+01 5.083829536063940679e+01 6.680688254746665677e+01 7.502437068384477925e+01 7.487052194400415317e+01 7.338078130097628105e+01 5.396986143955425774e+01 6.300517976511257956e+01 5.795178100065832183e+01 3.884411074406258280e+01 4.470611212017563219e+01 6.040776047601707432e+01
9.302792272295403109e+01 8.202493777653651819e+01 6.202512448919141264e+01 5.207038476710543051e+01 4.495570457373897000e+01 5.711974244998812367e+01 4.154785739073319917e+01 6.160455215673510310e+01 5.863596260760047585e+01 6.998671641220049366e+01 8.993405529449228197e+01 9.719660512786961704e+01 8.885043507843589339e+01 8.272147291546571068e+01 6.283833932276016299e+01 5.331302338974645494e+01 3.909366513425366207e+01 5.556493533445807742e+01 3.856609205639252735e+01 5.862368992305498239e+01 5.336834873954353498e+01 6.739710054001636763e+01 8.729001573829664551e+01 8.857514456070082076e+01 6.873670141709536097e+01 5.481548869508951327e+01 6.065023994647788186e+01 7.051765462168242493e+01 9.033434810598600961e+01 8.732280009248562180e+01 6.760580803069269962e+01 7.338078130090573836e+01 6.692553917887306625e+01 4.709190231578507024e+01 5.837184607434337380e+01 3.976736888467703324e+01 4.047850744270522227e+01
1.006258675878068942e+02 9.043103544761858359e+01 8.038802931537605900e+01 6.129500716006756278e+01 6.496999825145726959e+01 6.484734201638488571e+01 4.485749623547359022e+01 6.484734324233282621e+01 7.841745132387514161e+01 8.676899768800753066e+01 9.834705911176438065e+01 9.256609954493799819e+01 8.261231031716584994e+01 7.434562370144490728e+01 6.283833917889975140e+01 4.290039511175574205e+01 5.913595527079532843e+01 6.687355985613855580e+01 5.862351832639085103e+01 4.179975735210452825e+01 6.176016555296732946e+01 7.334724929539819982e+01 8.482425397182916527e+01 9.162933187839173854e+01 7.177762252825124278e+01 5.783598160338124217e+01 7.759205357876295750e+01 7.673615206239203701e+01 9.662088910403757325e+01 9.566354546688177152e+01 8.732280009248562180e+01 7.625408757266217208e+01 5.646419326247863779e+01 6.692553917982560563e+01 6.127611256367445236e+01 4.136193129864661699e+01 6.041515733311489100e+01
8.677635670970765602e+01 9.510730155386818296e+01 8.971951568140217148e+01 8.132183341741541938e+01 7.819415858286818377e+01 5.824165765810228379e+01 4.827737749800528633e+01 5.719438642686745311e+01 7.124707095145409141e+01 9.135356756844453230e+01 9.839308781669301140e+01 7.843328745335068675e+01 6.441187491623080064e+01 5.451854575728302166e+01 4.698660904710303043e+01 6.283833881791326803e+01 5.702137481347870107e+01 7.688186470565119635e+01 7.000739382660640331e+01 6.176016555297304222e+01 4.521130887561137257e+01 5.671145096998121460e+01 7.655387978624439427e+01 9.431291614029125014e+01 8.079152875292292890e+01 6.104276240551066479e+01 7.497147325728781198e+01 9.484238574772193431e+01 1.048974971346348894e+02 9.917629910774793700e+01 7.930007895921328043e+01 6.787454320244303574e+01 7.625408757266217208e+01 7.687554258362249016e+01 5.703886591275922768e+01 4.295633642515149120e+01 6.284287525735901170e+01
6.661289273449622783e+01 7.823333857101532374e+01 9.844633651215258396e+01 9.838982361521860298e+01 7.819415858286760113e+01 7.220073017943202842e+01 5.228661988470329902e+01 7.220073017943261107e+01 7.713612523502636975e+01 9.731728767824277782e+01 1.026251400061213843e+02 9.109646266004776294e+01 7.434561712133415767e+01 5.451854575728302166e+01 5.084068451929017840e+01 7.066733216166581144e+01 7.688189908711771636e+01 8.515440576611958079e+01 7.964939975419244433e+01 6.754091487419617579e+01 4.769334711909031199e+01 5.472922307460270730e+01 6.614709825744928651e+01 8.602351812397090214e+01 8.417849371932196334e+01 6.440037584357034461e+01 7.422809267415082957e+01 8.807212769059904645e+01 1.071233017180681344e+02 1.074168121510568739e+02 9.593820389205824029e+01 8.770075805451662632e+01 8.906422752169810053e+01 7.502517896631148631e+01 6.442809309015508745e+01 4.460030601533184580e+01 4.720771383891546691e+01
8.677635670970765602e+01 9.510730155386818296e+01 1.067486139994796162e+02 9.538608692310742754e+01 7.522343977021996864e+01 6.116485296390305137e+01 7.220073017943261107e+01 6.075239198060503298e+01 7.480764561591965389e+01 9.496360840953117588e+01 9.432394630379717171e+01 7.438576309906582651e+01 6.295572351619518514e+01 7.434561710367246690e+01 5.481725628181500554e+01 6.622944407802043543e+01 8.610502093893066444e+01 8.420434877304332133e+01 7.139027744007725573e+01 5.157447081164043823e+01 6.754091487419617579e+01 6.754091484478534824e+01 6.872119963414215249e+01 8.861466840170724879e+01 8.792762820970307303e+01 6.808907322313655186e+01 8.792762820970307303e+01 1.020581136683780983e+02 1.080745197446502743e+02 9.513260316220882373e+01 8.629879757778658700e+01 8.005598921790108591e+01 7.743435511148599915e+01 6.098336477034370517e+01 4.700637678691954591e+01 5.062256874946711349e+01 6.841945547861236321e+01
7.911615196544894957e+01 9.931600124126514118e+01 1.071311132858247817e+02 8.678813088938795772e+01 7.262433475195915378e+01 8.112894239463204826e+01 8.911236794684589313e+01 7.220947467292306499e+01 7.480764561591954021e+01 9.496360840445179008e+01 9.542646142398069742e+01 7.548224412853348042e+01 8.281263086339345136e+01 7.895508886248130409e+01 5.913436027868772982e+01 7.895508886248055092e+01 9.439506384837112307e+01 7.593477861091575676e+01 5.612575725842911112e+01 5.729582792941976521e+01 7.711019151507774438e+01 8.742789887527628423e+01 8.861466840170724879e+01 9.690733444318523482e+01 9.190607472903232633e+01 7.201384213238628718e+01 8.607476174888975606e+01 1.059841096121347590e+02 9.908196785633879244e+01 7.741630535748592479e+01 6.575008803838998972e+01 5.981495492474156350e+01 6.919162765851875463e+01 4.943800942290337730e+01 6.678631522643142659e+01 6.960921088504625232e+01 5.974659732196291628e+01
7.648686553681565670e+01 8.819569467066884272e+01 1.083317050934439578e+02 1.011965465375648563e+02 9.274645248374378070e+01 1.011965465229658037e+02 1.007736391249873407e+02 9.232475014321799733e+01 9.496360840445179008e+01 1.034170896556121590e+02 1.037286308058535269e+02 8.956440581354195274e+01 9.523377064443214124e+01 7.529653861897207889e+01 6.422729037054106982e+01 8.408139720373213777e+01 9.337541989770934947e+01 7.344792006653923977e+01 5.946703689487258515e+01 7.711019151507774438e+01 6.660337666155373881e+01 8.062880132939233135e+01 1.006068287007765889e+02 9.894824412769453659e+01 7.902998118346077661e+01 9.190607472903232633e+01 8.607476174888975606e+01 1.059841096121347590e+02 1.013047895776566918e+02 8.008311236858671123e+01 8.620991459830173653e+01 7.197503780225781611e+01 5.209951795163637911e+01 6.825485912821359591e+01 5.567785636314106057e+01 7.529594008935410443e+01 7.947182463384690720e+01
9.670617405545097256e+01 1.050130433012873397e+02 1.166152976146057370e+02 1.115193642377823409e+02 1.032742164646402756e+02 1.088726613360324933e+02 1.006737808892793424e+02 9.720471847973848867e+01 1.054486002022724733e+02 1.070952458411290280e+02 1.153446343773995011e+02 1.095787155820873693e+02 1.035363047844731028e+02 8.960231919454641059e+01 6.969635186882877065e+01 8.960231919454641059e+01 9.836159737455416519e+01 8.279154004991325166e+01 6.295300654363543913e+01 8.279154004991325166e+01 8.062880132939233135e+01 8.062880132939233135e+01 1.006068287007765747e+02 1.042692483644745494e+02 8.435987355687132094e+01 1.042692483644745494e+02 1.059841096121347590e+02 1.142514668373655979e+02 1.101820939558310073e+02 1.013047895776566918e+02 8.752048959316184096e+01 6.799245217400310537e+01 5.411358000366605836e+01 7.364427895003071001e+01 7.529108883040528610e+01 6.241327014946809726e+01 8.202313805687549575e+01
