MOVIE_S2_data/elevation_000657.asc
nrows	100
cellsize	150.0
xllcorner	0
ncols	100
yllcorner	0
NODATA_value	-9999
[rows 51 to 67 of 100, columns 37 to 73 of 100]
6.429275154571269013e+01 7.155467018221474973e+01 6.171027306845967075e+01 4.077508012096883760e+01 6.188179154647603752e+01 6.084741305742335271e+01 4.156460123332040268e+01 4.828074204947249370e+01 3.340354032184484367e+01 4.654551185136108415e+01 6.708158047709731875e+01 7.025137022000640741e+01 7.025892249890674179e+01 6.917583784024490967e+01 5.293145533929681790e+01 6.917583784024490967e+01 6.748433410254781961e+01 5.396609536146772967e+01 3.465682002867404066e+01 5.257361047546709898e+01 4.876900546639254941e+01 6.021327640589417030e+01 8.044360789423211600e+01 9.260747309308349884e+01 7.177973156892245754e+01 9.260747309308349884e+01 9.026543105426677016e+01 6.998120096695556924e+01 5.569122535034798460e+01 6.727169200292682660e+01 6.253810919153164605e+01 5.904548044480483782e+01 4.051752041906109980e+01 5.994489432373927684e+01 6.824358487773513104e+01 7.905485268560514100e+01 8.429824183859140874e+01
5.091124608728344469e+01 6.488573723074783572e+01 7.148315403087161712e+01 5.649625851564179158e+01 7.148328975752349379e+01 6.084741317186426812e+01 5.919017430345518704e+01 3.805999870968760490e+01 3.624893227500865578e+01 5.560469473288863895e+01 6.944483607869349839e+01 8.118491365162743989e+01 8.960753906703754978e+01 8.038280400321826846e+01 7.210701233248171604e+01 7.334086269761402832e+01 5.939891444827015476e+01 3.978956725016701768e+01 5.411740850440019557e+01 3.654829219721310807e+01 5.025382687288092853e+01 7.016308429596176666e+01 8.887683234094413365e+01 1.009097386679193420e+02 9.260747309306553632e+01 9.260747309308351305e+01 8.876536261307454367e+01 6.845872039999005665e+01 6.998120096695556924e+01 8.425899913253748252e+01 7.816929289989631968e+01 6.386857561304279329e+01 4.396950531564392861e+01 4.125109416532967543e+01 5.300509666922340557e+01 6.884366446461667977e+01 6.406182520061325647e+01
3.693239646192349568e+01 5.288060946289201070e+01 6.686365342556740643e+01 7.791645326551829953e+01 7.913307659376961567e+01 8.124947108511447880e+01 7.540362333559959040e+01 6.151900670618453404e+01 4.442554867994794421e+01 4.096088369930486550e+01 5.222712614892451199e+01 7.283431077246153507e+01 8.601623048513923209e+01 9.162684574981645369e+01 7.902338125348317988e+01 5.926749569536549700e+01 4.538380424419150216e+01 5.931587700214304704e+01 4.295634290251632592e+01 3.791202578484443109e+01 3.790798961240868437e+01 6.661914249874560312e+01 7.493280468423142793e+01 8.389931805483452365e+01 9.548207250392124479e+01 1.127182715457254432e+02 9.704169314302951932e+01 8.287986331913090510e+01 9.026543105426677016e+01 8.493033909392839576e+01 6.989434638717744974e+01 4.972076636537769900e+01 6.386980121037716174e+01 6.085318686120691467e+01 4.200335485472810859e+01 4.984494755400258725e+01 6.998893440696083701e+01
2.531325885885782867e+01 3.887464943342511248e+01 5.489347751193547964e+01 6.894487534885567470e+01 5.881249733377998723e+01 7.302681970083355623e+01 8.464024548206418785e+01 7.317690273981170890e+01 5.590011031015436060e+01 6.094610403787958575e+01 4.664748573644468621e+01 5.671707182679997317e+01 7.751859370336957511e+01 8.335629732407726067e+01 6.332190614110302818e+01 5.183944590150860421e+01 6.514180946068655942e+01 7.226749335010620712e+01 5.629439290134855867e+01 5.750956846771619979e+01 3.987632992460983417e+01 4.668761525851011385e+01 5.553521191570170856e+01 6.711023431882661328e+01 8.716732926931555880e+01 1.013619476936054014e+02 1.096308874562051301e+02 1.029742148298506379e+02 9.086072714163438491e+01 7.073548647037482340e+01 5.642297350697668890e+01 6.989434638717744974e+01 7.700062154339588005e+01 6.221211827083167378e+01 4.255840118463928690e+01 6.242200244482081217e+01 7.153048432293223868e+01
4.416746088748984533e+01 2.720814361876397669e+01 4.086111334372987614e+01 5.469885254382922568e+01 4.473330377678436776e+01 5.619327815236600543e+01 7.628632658504611186e+01 8.509612639467110284e+01 7.659976518841133952e+01 6.604741138833024650e+01 5.141861232710965623e+01 7.214472255623950048e+01 8.601623048513923209e+01 8.813673534917255381e+01 6.811595438192641438e+01 5.779283133737751399e+01 7.783181793491134215e+01 8.545734986973900504e+01 6.922851362188004032e+01 4.924284929866421834e+01 4.130280591127549172e+01 6.106082305592553183e+01 7.378713738746549211e+01 7.964926406127877101e+01 8.723183174940545825e+01 8.137894609765415055e+01 1.013619476936054014e+02 9.723555328214874294e+01 7.717206937646105303e+01 6.547840010968548086e+01 6.811419211119005013e+01 8.493033909392839576e+01 6.936320163880525058e+01 5.027104308998439564e+01 4.314028163324850595e+01 5.588606040732855007e+01 5.140957644430038442e+01
3.679039386135338674e+01 4.666222060519068293e+01 2.920348200069784639e+01 3.496882862802927860e+01 5.469885254382922568e+01 7.302681309793918274e+01 7.674671229704354403e+01 8.494608222392074026e+01 9.530302858687710454e+01 8.067521998760363999e+01 6.170830714014308427e+01 6.170830714014308427e+01 8.258113797233593800e+01 9.640558921235387402e+01 8.451721216387103652e+01 6.446102947699192498e+01 8.451721216387103652e+01 8.340515217072437792e+01 6.335649061262551385e+01 6.283794403030032072e+01 4.298887858029473819e+01 4.559572500612211599e+01 6.552636324389976608e+01 5.956946322653040227e+01 6.717024229119024881e+01 8.723183165678661055e+01 1.068139535560882081e+02 1.054851957437481076e+02 9.392640738205541595e+01 7.454648069088560192e+01 8.239890883438296498e+01 8.322386291650536805e+01 6.362192775412228940e+01 6.935416324983701486e+01 5.716166134711837543e+01 4.401049871215976594e+01 6.401969151529880264e+01
5.656251790228282772e+01 4.509883952952634445e+01 4.874549964494853782e+01 3.131842629228999897e+01 5.093916472154404573e+01 6.086654106174557199e+01 5.785795996151945531e+01 7.465091004579903711e+01 8.434790047276143810e+01 9.104856907587721082e+01 7.652293571285446205e+01 7.652293571285446205e+01 7.652293571285446205e+01 9.720693203077588862e+01 9.278600965741709672e+01 7.451433463562256065e+01 9.278600965741709672e+01 9.167787338718339640e+01 8.340515191730320055e+01 6.462697796334562383e+01 4.470511469606432087e+01 6.462697780652202084e+01 5.015233281688926326e+01 7.018355399365103153e+01 6.849349660433324516e+01 7.854980713195894282e+01 9.270280859250149774e+01 1.126514020190187466e+02 1.028891447067617548e+02 8.619488303127256756e+01 1.024197859115481606e+02 9.150216315553829816e+01 8.322386291650536805e+01 8.568687324754910151e+01 7.234843873840924289e+01 6.399940660938356274e+01 4.491544539782472611e+01
7.325358290519173465e+01 6.497127642393709834e+01 5.488939446390911314e+01 3.518769597103977986e+01 3.365134063233713135e+01 4.435135488112380386e+01 4.675219707060701779e+01 5.692066972073674691e+01 7.058360101737308412e+01 8.995403696975093055e+01 9.720693203077588862e+01 9.720693203077588862e+01 9.720693203077588862e+01 1.055742024389002296e+02 1.027791205528435086e+02 9.452008969211954081e+01 1.027791205528435086e+02 9.834300649047894183e+01 7.832913234489662102e+01 6.644341491141508982e+01 4.646257340129173485e+01 6.644341491141508982e+01 7.018355477368240258e+01 5.577997317307370650e+01 7.586431484507009770e+01 8.924568736079737619e+01 9.751447566858800542e+01 1.075015689773204457e+02 1.144064815893493972e+02 1.061676369275131577e+02 1.033204854842335294e+02 9.506739418364712435e+01 9.476664264987050501e+01 8.890483433039300110e+01 7.755178097428451167e+01 6.667372336708034197e+01 4.662928022395444572e+01
7.583940003982604594e+01 6.088308249366673408e+01 4.106102126099457195e+01 5.488939446390912025e+01 5.335416631997227199e+01 3.604945427195711005e+01 5.584616734520164272e+01 7.188972603752567636e+01 8.017705088428471072e+01 9.174080614881273732e+01 1.022468352423761218e+02 9.890947570068438210e+01 1.047475127829289789e+02 1.064429873141211971e+02 1.147035264711049791e+02 1.072504102519158806e+02 9.726373705959048266e+01 8.899576694029457258e+01 7.832913234489660681e+01 5.824465584114227568e+01 4.826154786872208291e+01 6.828689411688910127e+01 8.414586562764674227e+01 6.999280237074414401e+01 6.311271682820618167e+01 6.918997899126301832e+01 7.925567413566231778e+01 9.339716546133004726e+01 1.133312182342479986e+02 1.092252188582897929e+02 8.920369072548776046e+01 7.479552864588788452e+01 7.455240832762370928e+01 6.860809606533987903e+01 6.920487806363480843e+01 4.910843874685252075e+01 6.667392762394621286e+01
5.907177642210659485e+01 4.762630430623158873e+01 6.088308249366673408e+01 6.917257659419964000e+01 5.181333029706558335e+01 3.783408487731431080e+01 5.767138002703058675e+01 5.186459897863569068e+01 6.341550624029827787e+01 8.346572555779142988e+01 8.228423360305227163e+01 7.896908732893588478e+01 8.480949186352764002e+01 8.651118908595094581e+01 1.064429873141211971e+02 9.898770097182223537e+01 7.900383290876699505e+01 6.893115850825343216e+01 6.221033085457322898e+01 7.018222672222428571e+01 5.012429857371089525e+01 7.015056543397869859e+01 8.398041032654120386e+01 9.003935703040772864e+01 8.319866779429121095e+01 8.319866653769733489e+01 8.339762103994289077e+01 1.033641845399725412e+02 1.137781167745818323e+02 1.055669848575973759e+02 1.016036653163593968e+02 8.224742997567049940e+01 6.189540533561404345e+01 5.435764565047855257e+01 5.166285880075500359e+01 6.920598423270203625e+01 6.920598422050424858e+01
5.752042135206983886e+01 5.784231189357234371e+01 7.583940003982606015e+01 8.009953659322310671e+01 6.595651773482363467e+01 5.767138002703058675e+01 4.043530113172736407e+01 6.032821353951908350e+01 7.177623034779058742e+01 7.900111773329022924e+01 6.820427620605781271e+01 6.487134421811759921e+01 7.240120871048300444e+01 8.651118908595094581e+01 1.064429873141211971e+02 1.072504102519158806e+02 9.726373705959048266e+01 8.899576694029457258e+01 7.331980822173314039e+01 5.322948430364905192e+01 7.018222663345117951e+01 5.565726936521958379e+01 7.575726321916540940e+01 8.181930636907573273e+01 1.018176422834931856e+02 1.031887593422138565e+02 1.033641845399725412e+02 1.116328633372644248e+02 1.055669848575973759e+02 8.549686781453144135e+01 9.137526899723772544e+01 7.304179189886440327e+01 5.867508285780547794e+01 7.431112331590257725e+01 5.411957406525715442e+01 7.431112332921172481e+01 8.942492147097151189e+01
6.648452379377285126e+01 7.246971542572902081e+01 8.587335094052014028e+01 8.085196164625376980e+01 6.621979059472543838e+01 4.618711127047000531e+01 6.032821353951908350e+01 4.353299637986599180e+01 6.348250833959468764e+01 5.939361377819227528e+01 5.671314549326326926e+01 7.666977717227288736e+01 8.668648772727372886e+01 9.333040993783488659e+01 1.015923490669118081e+02 1.115538236416344517e+02 9.626196864845304901e+01 7.625200914211497150e+01 6.461557593036890523e+01 5.561597292551653737e+01 7.572306537888060518e+01 7.575726321916540940e+01 6.171378298501670656e+01 8.181930669451007532e+01 9.558339529655859224e+01 1.038458478660712245e+02 1.138157178518626154e+02 1.150881830427040029e+02 1.050471839120872914e+02 9.137526899723772544e+01 7.098887100355071311e+01 6.325476583980368872e+01 7.898682517476062515e+01 7.688355921308077257e+01 5.662942627538529194e+01 7.093353398526713249e+01 9.124819081453048852e+01
7.808758854622898582e+01 9.151706395411423500e+01 8.727114287507976087e+01 7.256253631972882090e+01 5.244294827448042895e+01 6.621979059472543838e+01 6.807599902380482604e+01 4.805255158637913837e+01 4.718598147599313108e+01 4.983220695166478009e+01 5.522739292654566157e+01 6.086940452208599339e+01 6.671047912898104926e+01 7.339864330615139920e+01 8.337851875201907603e+01 1.032823011236507114e+02 1.045259907654303930e+02 9.298318608907570137e+01 7.825773921118288001e+01 5.813938951298702307e+01 7.825773921118288001e+01 9.009860825133378626e+01 8.181930669451007532e+01 6.884672406515421983e+01 7.557595258308607811e+01 8.561666715385726434e+01 1.055501234392599770e+02 1.068436005892995837e+02 8.679230390794396044e+01 7.652042252860832150e+01 6.869763170135541941e+01 8.366993482320697240e+01 9.198082633270547603e+01 7.955376897276501325e+01 5.921938979887195842e+01 7.359558265863950055e+01 9.377258047378091987e+01
9.809445701403764417e+01 9.508622666444721006e+01 6.195784262346424498e+01 5.973199903625229723e+01 7.256253631972882090e+01 8.085196164625376980e+01 7.294531811268478805e+01 5.286860095498117573e+01 6.719878294976477662e+01 6.997756806324430556e+01 5.606796708938372831e+01 7.616918305575495651e+01 8.668077996438414345e+01 9.333040993783488659e+01 1.015923490669118081e+02 1.115538236416344517e+02 1.059305773866989711e+02 9.501731979754727320e+01 7.498975495047612583e+01 6.073203026778689662e+01 8.085569288372784058e+01 9.351541930873622732e+01 9.718256964672707454e+01 8.306603159580652118e+01 8.525093042886337003e+01 9.558339529655860645e+01 1.138157178518626154e+02 1.150475788614780726e+02 1.050302746125646820e+02 9.368080486122322270e+01 7.331955792066951005e+01 9.368080486122322270e+01 9.813268739753402770e+01 8.222169534404218894e+01 6.191239197883327705e+01 8.233339314367093209e+01 9.568266447773673633e+01
1.029645906192514104e+02 8.276630220673087024e+01 6.875512884182093387e+01 7.989447551859940688e+01 8.817365658552957086e+01 8.931173547579592764e+01 6.926705229707552292e+01 5.864887408844079886e+01 7.874721003309660716e+01 8.222494070974856584e+01 6.219375406315256782e+01 6.618776942129841245e+01 7.516717014713358935e+01 8.668640117633121633e+01 1.065709456910783928e+02 1.091703022374535834e+02 8.925294989305305648e+01 7.768103165870340376e+01 6.865248391571319075e+01 8.085569288372784058e+01 6.513258449653554294e+01 8.524446502030255601e+01 9.823814825507982107e+01 1.030330904211572118e+02 1.052141404609056394e+02 1.134814919271194640e+02 1.237931729178529139e+02 1.109494006409871503e+02 9.109111304113304186e+01 8.089457857980738709e+01 9.361856424303034885e+01 1.019173572977480404e+02 9.018480075045685851e+01 6.962219512512895392e+01 8.198847208465910796e+01 6.667611899645635276e+01 8.164545614461958678e+01
9.404533522293840520e+01 9.712182845693455135e+01 8.885288131286192481e+01 8.300015022665986919e+01 1.029827134643180244e+02 9.757663909076633502e+01 8.509701797916298460e+01 6.501716190561283781e+01 8.509701810004040112e+01 8.887673649529993725e+01 6.892032013533355439e+01 8.618276682579447368e+01 9.442407245955010353e+01 1.033228301016909683e+02 1.148002682886049257e+02 1.174364383813570356e+02 1.013605894096589992e+02 8.139180595649283134e+01 8.288395444644872612e+01 8.524446502030257022e+01 8.524446502030255601e+01 6.990177457699758179e+01 8.997600697135838743e+01 1.007106939012471969e+02 1.089659910079519989e+02 1.189175905162918383e+02 1.301732973154694832e+02 1.108582952167278819e+02 1.071893681554811621e+02 8.739368836268400287e+01 1.073260773209146635e+02 1.140142792400199028e+02 9.605160707324833425e+01 7.587064091303872715e+01 9.064145615749912110e+01 7.031281082457851994e+01 8.222071720208720080e+01
7.394342638003850254e+01 8.817421409132796839e+01 9.822791326483876162e+01 1.029827134643180244e+02 1.112435066872091340e+02 1.014061766997874372e+02 8.143161849512750905e+01 7.924430483061155428e+01 8.509701814438791700e+01 8.887673649538643872e+01 8.304838125034680729e+01 8.522549212970552901e+01 1.051229108767063991e+02 1.047494351613427739e+02 1.131638477026318554e+02 1.201132758497335402e+02 1.096223857735265454e+02 9.552563931840261091e+01 1.028477741072821345e+02 1.052181269925170000e+02 9.629976253686253074e+01 7.630229158370342191e+01 7.587186188983211821e+01 8.077034016546419082e+01 9.077021653229257936e+01 1.048171478808000074e+02 1.247357496600972411e+02 1.213317461882624428e+02 1.015606489745308636e+02 1.015609787398455666e+02 1.156247201532486883e+02 1.059616857171935465e+02 8.615210978321138668e+01 9.605140583638721807e+01 9.371947263867099309e+01 7.432580963165796106e+01 9.468816644237737989e+01
