MOVIE_S2_data/elevation_000199.asc
nrows	100
cellsize	150.0
xllcorner	0
ncols	100
yllcorner	0
NODATA_value	-9999
[rows 51 to 67 of 100, columns 0 to 36 of 100]
8.392818110607037224e-03 2.000839281810949188e+01 3.536115706069638520e+01 4.431056899531738225e+01 5.294453179620851557e+01 5.104956249595866069e+01 3.880720436645448501e+01 5.564157615384250732e+01 5.719861538605973550e+01 3.605165797126179683e+01 2.122383536896818867e+01 4.227837902275850013e+01 4.719920240075320095e+01 3.439686623359471440e+01 2.648095458293267512e+01 4.667893081802208144e+01 6.636591520232487085e+01 5.460049734455507320e+01 3.526326730785522301e+01 2.362518800396640017e+01 4.352346251307275793e+01 5.596728792463975566e+01 6.852197058165791077e+01 6.850210680176354572e+01 5.953688366800552245e+01 6.332777132481498228e+01 4.938958675710191670e+01 4.128415804757534602e+01 3.631820662206352068e+01 1.739695480127200256e+01 2.993059825584051126e+01 4.773804518545636455e+01 5.294435745632696921e+01 5.739479981636900874e+01 4.791486705062136764e+01 4.748516772664630992e+01 3.940999486266306917e+01
9.749586777120887796e-03 7.080817398644016158e+00 1.602508931046009977e+01 3.016722968096297564e+01 5.016762149637445134e+01 6.484860125897131411e+01 5.698847193987638349e+01 6.484860124092290334e+01 5.953664850407694331e+01 3.839967146773817319e+01 2.853637196530103992e+01 4.979413224664755688e+01 5.689402021244411856e+01 4.850414517991909946e+01 3.081783774867648518e+01 4.060030011221435586e+01 5.868384025789235636e+01 6.247546307141850974e+01 5.143583437175043116e+01 3.526844339077531743e+01 2.814855195524222964e+01 3.993808513225933865e+01 6.036268320094079343e+01 6.962796303293349354e+01 6.140931473261939288e+01 5.248860989503200614e+01 3.561294638123892753e+01 2.227315815928479381e+01 2.019581603606549081e+01 1.946925640499843269e+01 3.841305519368955856e+01 4.381106159551637802e+01 4.623901276760414447e+01 5.438771464207323447e+01 6.798228027904083604e+01 5.514207744020100677e+01 3.508505544291973166e+01
8.728394755072454644e-03 2.000872839475471565e+01 3.536597052364542293e+01 4.431068119705821573e+01 4.702563448478075259e+01 4.702563448476688990e+01 6.702563448368162824e+01 6.749380842241041023e+01 6.796172698936770473e+01 5.834663104644125298e+01 3.915930048994022172e+01 5.834663104644125298e+01 6.647784437019015513e+01 4.823606458112948303e+01 3.517320961393837564e+01 5.357895818043361658e+01 6.645474794770025539e+01 7.425432605607626613e+01 5.480002834258319666e+01 5.116422141077202213e+01 3.155768773389520021e+01 4.549263645963580416e+01 6.485663871945979508e+01 6.140931473286519804e+01 4.183595248568685321e+01 4.435533275421397548e+01 2.530341215493282903e+01 4.128195949524950237e+01 3.105375375587788866e+01 3.821529327459511194e+01 2.255810450289680347e+01 2.478085028295341274e+01 2.714061410957059906e+01 4.623915286297999216e+01 5.801784399982955875e+01 6.341263738980948261e+01 4.804283194459103612e+01
2.389047986999138715e-03 2.000238904798664308e+01 3.962076472474534228e+01 3.547862910101134304e+01 2.702563448481022235e+01 4.116777010854067242e+01 6.116777010845182616e+01 4.749380842241421874e+01 6.163594404701566987e+01 6.884053058272415626e+01 6.042896400335494889e+01 6.884053058272415626e+01 6.851861807063995968e+01 5.022134623977512291e+01 4.089864030656138993e+01 5.022134623977512291e+01 6.851861807063805543e+01 7.011295058310136596e+01 5.077279768341628596e+01 3.705303030062223257e+01 5.116422141096734322e+01 4.549263645963582547e+01 6.485663872062301039e+01 6.140931472862712326e+01 4.183595248568669689e+01 2.839135872388286330e+01 4.024538251308187853e+01 5.245552440300762242e+01 4.453585393749894905e+01 4.948636768086582549e+01 4.157205050123731382e+01 3.135268291037307975e+01 4.623915286422485593e+01 3.058853843908760695e+01 4.409895652058609272e+01 6.371250072247386953e+01 5.345469779783074671e+01
9.035844539165390626e-03 2.000903584453827122e+01 1.962076472474869604e+01 1.547862910101790845e+01 3.180466741489144766e+01 3.513800074822439967e+01 4.180466741489094318e+01 3.335167279868376511e+01 4.749380842241421874e+01 6.749380842241041023e+01 6.718468400464136892e+01 7.546895618947868911e+01 7.641317699468895341e+01 6.545367564421250961e+01 4.734863073248536125e+01 5.905257562882761846e+01 7.641317698806889780e+01 7.405965159671917775e+01 5.469409581517816576e+01 4.110862376440768884e+01 6.036613578214519293e+01 6.485663872062301039e+01 7.295621456107647873e+01 6.589585477735836605e+01 4.997670387710913786e+01 3.067952584164590846e+01 4.997670387695876570e+01 6.427956894005994570e+01 6.406043260304143416e+01 6.194060836754411525e+01 4.235043088144590229e+01 5.063020927356673440e+01 5.250531759596707104e+01 3.312729940448594590e+01 4.674321541402579072e+01 6.639098066062649650e+01 5.932813859519747268e+01
9.762552285145669959e-03 2.731417822044226895e+00 5.478629101017995495e+00 8.602104338790089955e+00 1.180466741489180471e+01 1.513800074822510844e+01 2.180466741489165727e+01 4.180466741489094318e+01 4.986417592225148354e+01 5.563767861698028128e+01 4.718468399794157619e+01 5.873168938173449760e+01 7.873168939758578233e+01 7.330667555671959690e+01 5.627922927602013203e+01 7.330667554412659115e+01 8.556253973981681327e+01 7.839665617351268168e+01 5.896427026940628480e+01 4.545874008400917887e+01 5.896425984811135379e+01 7.839482184540200649e+01 7.530238229914425574e+01 5.765949682073855342e+01 3.809515847145134160e+01 3.753762130899796290e+01 3.429579259326484930e+01 6.177732499273724898e+01 7.672821258297445013e+01 7.016125071650159839e+01 5.359022088525849625e+01 5.668816376054371631e+01 3.714145572852008570e+01 5.179318408814572905e+01 4.674380218509693208e+01 6.641576740714567961e+01 6.651854339532627591e+01
8.769847284209264732e-04 2.000087698472806608e+01 2.547862910101763845e+01 2.860210433878973291e+01 3.180466741489144766e+01 3.513800074822439967e+01 2.091150344012126538e+01 2.527586124484103891e+01 2.986417592225219408e+01 3.563767861414865479e+01 4.718468399794157619e+01 6.718468400461277668e+01 8.701596222458685759e+01 8.261929515760371601e+01 7.462812201240487298e+01 8.261929515760371601e+01 8.716012287949050119e+01 6.756442592264399138e+01 5.396638593466238376e+01 6.465559343912757129e+01 5.895486572996343000e+01 7.827678636781686805e+01 6.699882202468299397e+01 4.722189291448137993e+01 5.765949682073855342e+01 5.343242662853709390e+01 3.697646408576941468e+01 4.837904756336345002e+01 6.837824939772391986e+01 8.159357020254704196e+01 7.334744979978987089e+01 5.973123814928679565e+01 4.008628242365263361e+01 4.878594365959700951e+01 6.641659700630538055e+01 7.464645195648482456e+01 7.560716058531760098e+01
6.221065917130529088e-03 2.000622106591677607e+01 2.957443335591629108e+01 3.491965819416437711e+01 4.199072600602972472e+01 4.919577468713519153e+01 4.091150344012055484e+01 4.527586124484032837e+01 4.400631154598555383e+01 4.619410754049171430e+01 6.392194687207899761e+01 7.546895618152456109e+01 7.816161761786426609e+01 7.597337879249322157e+01 7.675282559640385216e+01 7.675282559640385216e+01 8.504000415902841326e+01 8.142618341687386874e+01 6.249745984816835431e+01 8.142175746284002003e+01 7.259353381555364138e+01 8.127008965285470765e+01 6.116816911230435494e+01 6.699882202468299397e+01 7.530236709151553498e+01 5.994101818765341250e+01 3.999729599672598113e+01 5.153726981451252698e+01 6.559543942740158684e+01 8.548309478498238434e+01 7.712962312068277981e+01 5.723754331848684984e+01 4.334810577975390089e+01 6.306379743737815602e+01 6.268908053766507749e+01 8.199310360956893362e+01 8.832807468999257594e+01
9.675647279733478462e-03 4.723720855190030932e+00 9.574433355916648125e+00 1.491965819416508943e+01 2.199072600603043881e+01 3.093499791602943816e+01 4.248200329982154244e+01 6.248200329981843026e+01 6.400631157365276636e+01 6.619410741813747734e+01 7.447836456067501842e+01 7.816161761786426609e+01 5.815947102291126924e+01 5.597152637511140227e+01 5.675081995653258105e+01 5.675081995653258105e+01 7.675282559640385216e+01 9.017927622168329549e+01 8.204620154584965519e+01 8.204592996610973898e+01 9.199909220320442671e+01 8.979360370760221599e+01 8.129193621375131329e+01 8.399763895886667342e+01 6.411183435527625818e+01 5.263288002183382019e+01 4.409490275949148241e+01 5.153726995758668039e+01 6.559545831354999734e+01 8.548492133556797512e+01 8.128673209258653287e+01 6.134993783928418765e+01 4.740412950886242527e+01 5.313427780386389543e+01 7.299332068850216615e+01 8.227427247807626998e+01 1.017135886297177194e+02
8.858006633845233110e-03 2.000885800663348846e+01 2.957443335591629108e+01 3.491965819416437711e+01 3.124958981271932146e+01 5.027499725110558160e+01 5.921926916000073504e+01 7.076627454138473183e+01 6.457244612360479152e+01 7.047051660525627881e+01 7.005655585060719659e+01 6.177067077980243681e+01 6.131946228804447685e+01 4.183482560401284189e+01 4.261366544652656074e+01 5.675081995653258105e+01 7.675282559640385216e+01 8.031032652067318622e+01 8.859751805235380573e+01 1.016960668774605097e+02 9.587438888829449013e+01 8.758683763312974691e+01 9.587438916404084921e+01 9.227263959125629356e+01 8.077603899558167200e+01 6.814542440973131932e+01 4.828944200573278067e+01 6.814542440973131932e+01 6.777014881499077603e+01 8.766520650366850020e+01 8.575347033795267748e+01 6.577760962927887078e+01 5.177608204122098101e+01 7.162840377081145959e+01 6.455609729245649930e+01 8.451878299799633965e+01 1.030940337058784166e+02
1.018086960643932535e-03 2.000101808696028982e+01 2.894676625264568415e+01 4.894676625264497005e+01 5.124958981271757352e+01 5.953386105756813862e+01 6.046149422559994946e+01 5.866983079666919565e+01 4.440730485803939587e+01 5.031353799113879433e+01 5.851100844587556082e+01 4.177585590789999515e+01 4.132515947004870327e+01 3.367697347866421609e+01 5.366696477249647046e+01 7.089541205778049004e+01 7.704750366531861516e+01 6.030587628231289443e+01 7.704750366531861516e+01 8.672845005804357754e+01 7.844135855436067573e+01 6.758239753373459280e+01 8.587165928936187242e+01 9.846686910628365297e+01 7.854863529686834056e+01 6.449621350257245922e+01 5.490494793600441881e+01 5.820922753353067947e+01 7.808162128593194495e+01 9.595247085687174149e+01 8.229925741698173169e+01 6.233591823279358834e+01 5.833662585341626539e+01 7.827429272950912775e+01 7.606239207267176994e+01 9.282498327732315602e+01 9.502927023364664194e+01
2.494342646960768899e-03 8.946766252646039419e+00 2.308890187637673819e+01 4.308890187637602764e+01 4.892038439046201148e+01 4.071567488387459832e+01 4.071567488387460543e+01 5.031335757532922059e+01 3.023492343701802199e+01 5.031335757532922059e+01 4.956893972188792219e+01 3.023370428431903889e+01 2.718766586704668242e+01 4.718135518034237919e+01 6.195193850784936984e+01 7.150545296007034324e+01 6.564674535823208146e+01 4.875845242839048410e+01 6.876075179056485354e+01 7.517836373857144849e+01 5.843663209267705838e+01 5.757985901881754387e+01 7.758461758292668264e+01 9.567516778376197806e+01 8.883698362594383013e+01 6.893713065644331550e+01 6.481778672858325763e+01 7.225212264934963002e+01 7.225212264934963002e+01 9.215527595620436330e+01 9.060393115104010064e+01 7.229403417408813937e+01 6.721683214202245438e+01 7.827429272950912775e+01 9.607042782632174749e+01 1.043894605619055937e+02 1.030940337058784166e+02
6.187401196855389120e-03 2.000618740119649885e+01 3.419952538719283552e+01 4.248379663363947145e+01 4.068445344246649142e+01 2.093419338349383452e+01 4.068445344246649142e+01 4.320907266838853644e+01 2.329604389634699046e+01 3.450359584209098784e+01 3.612009154940540867e+01 2.127984908952807785e+01 4.028152287044706981e+01 4.240183473617830856e+01 5.068420839991975413e+01 5.150680337515692031e+01 4.564987116993704319e+01 4.120473237686439916e+01 5.701633968179281453e+01 6.003082945558335837e+01 4.688914186176031507e+01 5.583324149781685009e+01 6.738316219375064975e+01 8.738762733723031317e+01 9.711723771711913855e+01 8.883698362594383013e+01 7.630105220884418316e+01 9.215527595620436330e+01 9.215527595620436330e+01 1.004416125008080769e+02 1.006179463278786841e+02 8.643936109667492929e+01 7.875856675750502234e+01 9.552858361841589385e+01 1.066168026760781231e+02 1.119182684244331654e+02 1.059973398007831520e+02
2.476637442850607596e-03 2.000247663744249493e+01 1.419952538719372903e+01 2.399786559139329256e+01 2.535243651435026990e+01 1.338255186902724958e+01 3.320923813611994291e+01 3.940207723544840235e+01 2.375928991907356647e+01 1.448892046028346670e+01 1.610625228021721256e+01 1.818216214457345004e+01 2.027178515618578913e+01 2.239885260083114460e+01 4.240179101277878004e+01 4.794645480312139796e+01 3.152435481560248931e+01 3.414591447789450029e+01 3.702604267767285506e+01 4.003496642762488733e+01 6.003082945558149675e+01 7.421584934357127850e+01 8.412500486771521935e+01 9.381524240473228815e+01 1.021033544837844431e+02 1.044973072833061991e+02 9.620520863556738789e+01 9.891575498062123017e+01 9.053015532683228628e+01 9.891575498062123017e+01 1.090380691870253145e+02 1.064641318542940098e+02 9.877845293059807830e+01 1.070981838480183228e+02 1.100314032478761703e+02 9.166866098107492178e+01 8.573352788306357297e+01
6.350445426094172667e-03 1.327987646336272309e+00 2.652520003401313442e+00 3.997865591393935603e+00 5.352436514351122554e+00 6.716425193292074880e+00 2.671692412315194076e+01 3.013121034650620089e+01 1.228681875387748157e+01 3.228487569159717907e+01 3.611674683434036837e+01 2.155969615305941645e+01 4.028152280135070384e+01 4.240183473617827303e+01 2.549521352916849182e+01 2.796219056051851481e+01 4.794646072163025252e+01 5.413098884248611142e+01 5.115790648307024213e+01 6.003082945558347916e+01 4.592701482296615012e+01 6.592913203295078972e+01 7.967024683770193860e+01 7.381119783413082303e+01 9.381524240473228815e+01 9.988389303928178720e+01 9.150974148345594017e+01 8.877435596571316978e+01 7.023154692398115628e+01 8.038085112540677812e+01 9.816302261463756906e+01 9.637471826675181319e+01 1.047317370807924135e+02 1.074064396057659820e+02 9.569939326341813057e+01 8.136738327896011924e+01 7.132900152268597083e+01
3.512071127920179947e-03 2.000351207112756313e+01 1.419952538719372903e+01 2.399786559139326059e+01 2.535243651435026990e+01 2.668856991702469372e+01 8.701591861233952230e+00 1.013016328980540592e+01 3.013121126413620487e+01 2.861719848298120183e+01 4.861046368784699467e+01 4.156468544635377071e+01 2.722620840387195429e+01 4.721969837199269193e+01 4.548657939526402316e+01 3.256658290043642268e+01 5.251066953642455815e+01 6.886560338458276931e+01 7.115984864349955785e+01 7.421584932195382578e+01 5.747414015519127872e+01 5.299714034344657421e+01 5.966512574962941784e+01 7.121549472815185311e+01 9.121965300204767857e+01 9.150974148345594017e+01 7.125004685534952387e+01 7.718397402715312694e+01 6.027930764249314421e+01 6.956265709838629618e+01 8.978694060896525286e+01 7.617413158599292444e+01 9.307314345779909104e+01 9.902914638936226766e+01 7.873014967189753577e+01 6.695385860987090609e+01 6.219670591399619042e+01
8.642982713123801772e-03 2.000864298271276809e+01 3.419952538719271473e+01 4.248379663305491505e+01 4.135087512100244567e+01 2.135086709343154254e+01 2.870216331341907434e+01 1.590366712985661124e+01 1.955820953658038164e+01 3.954538116681136017e+01 5.686710324223020052e+01 5.138765359387755893e+01 3.139884251200345844e+01 5.138765359562579960e+01 6.074091670211125660e+01 5.251066953643280044e+01 4.072082474559918808e+01 5.482973387010412125e+01 7.468244825909610540e+01 8.576591989260526816e+01 7.747886572708826236e+01 6.714267550206110968e+01 6.714267550206110968e+01 8.714722754786519943e+01 9.950739682325415458e+01 8.887083792417739403e+01 6.862859587338908796e+01 5.716672225396385443e+01 5.334913278993501251e+01 7.327388227086456141e+01 8.413639267054760751e+01 6.481265608878162254e+01 8.413639267054760751e+01 9.753319015640269640e+01 9.081085481661881431e+01 7.047178276743713354e+01 5.602264737980151921e+01
