MOVIE_S2_data/elevation_000423.asc
nrows	100
cellsize	150.0
xllcorner	0
ncols	100
yllcorner	0
NODATA_value	-9999
[rows 0 to 16 of 100, columns 0 to 36 of 100]
4.047028337263018118e-03 2.240115005837056916e+00 2.090454672984286688e+01 2.746034280322915322e+01 3.006109214751371184e+01 3.246654234502236136e+01 3.494457201276915015e+01 4.322369035733139953e+01 5.735317397870796441e+01 5.628240472063455968e+01 6.457094356351660736e+01 6.730649119439948436e+01 5.901527299031255325e+01 6.478734821854811798e+01 7.146027272429947175e+01 7.975425372353942066e+01 8.976875435578645579e+01 8.907560069572005546e+01 8.082325780632736212e+01 7.825980208368480362e+01 8.650141788976308987e+01 8.768295796597269032e+01 8.394760120073800636e+01 9.220984639259566507e+01 9.221742185374661460e+01 8.434584586711051202e+01 8.434584586711051202e+01 8.987947403460738371e+01 9.007618709438990834e+01 8.871351465574819883e+01 8.084621266723027588e+01 7.939374738524799113e+01 8.725349412823116779e+01 9.668498471131505312e+01 1.019794364156943232e+02 9.381385701312500203e+01 9.606683006634121114e+01
9.482596902220898072e-03 2.000948259690186504e+01 5.442678019742912099e+00 7.736835201650944072e+00 1.007765755951968600e+01 1.248537233337546049e+01 1.496605812349845799e+01 2.909420673482557973e+01 4.163258065858045853e+01 3.630874474433748134e+01 4.807746308457524265e+01 5.172156629446929799e+01 3.904063456461359038e+01 4.479229309772058798e+01 5.144149920704561652e+01 6.144346912675278105e+01 8.147707632184624060e+01 8.082325780632736212e+01 6.109744496482603182e+01 5.854074952659575359e+01 6.791594255689082615e+01 6.791594255689082615e+01 6.422674197757815762e+01 8.078579185329292045e+01 8.434584586711051202e+01 6.552477371025813113e+01 6.552477371025813113e+01 7.103733811535363429e+01 7.122958369238587295e+01 7.588444450306757005e+01 6.195877845225583513e+01 6.048934749257902865e+01 7.000870091933234107e+01 8.877879385116358435e+01 9.381385701312500203e+01 7.374216369691413320e+01 7.962102655933563256e+01
3.324160138653916522e-03 2.000332416013829828e+01 2.621004859905194806e+01 2.772220803841563708e+01 2.421021357935224572e+01 2.661596552732040522e+01 3.494457201276915015e+01 1.864822271819461008e+01 2.166299322145026807e+01 2.478549827532960848e+01 2.811632511682801905e+01 3.176199099510954937e+01 5.172156629446929799e+01 6.478734821854811798e+01 7.146027272429947175e+01 7.975425372353878117e+01 8.976875435578509155e+01 8.082325780632736212e+01 6.109744496482603182e+01 4.705885161878523348e+01 4.810995717963537999e+01 6.115008942236936207e+01 5.279616435118331452e+01 7.256175765873351224e+01 8.407657822951588855e+01 7.103733811579425605e+01 5.191968038481312675e+01 7.103733811508469387e+01 5.774349315502940527e+01 5.684325301870984504e+01 5.076602536622091577e+01 6.994154743891350279e+01 8.725349412823116779e+01 9.668498471131505312e+01 9.381385701312500203e+01 7.374216369691413320e+01 5.913638661405108365e+01
6.476169185215582824e-03 2.000647616918331906e+01 2.555242047661071325e+01 4.555242047659496052e+01 4.418636253857006579e+01 4.659108424602411702e+01 4.395845349266544133e+01 2.399146772521548243e+01 4.163258065858050827e+01 4.475060675661740106e+01 3.809010899827292462e+01 5.172156629446929799e+01 4.026174100578802495e+01 6.024056581849337277e+01 7.024556056871141152e+01 9.027078052790207607e+01 8.783853227182618184e+01 7.641463360094198265e+01 6.755275522655824716e+01 5.801295001836751908e+01 3.810205913725975790e+01 4.127269737958377505e+01 5.279616434952814785e+01 7.256174248971366580e+01 7.623175774782239955e+01 5.725088789302492387e+01 4.597428692586269960e+01 5.822619994000301347e+01 4.647835978534027390e+01 4.302428712116019227e+01 5.684325301870984504e+01 7.588444450306757005e+01 8.044521995871727427e+01 8.854042633271781426e+01 8.987999132672554481e+01 7.975686968597766224e+01 6.937870658669326929e+01
5.418514359027011389e-03 5.552420476611294120e+00 2.555242047661207039e+01 4.326478213458997146e+01 5.220905404213609557e+01 6.375605942057687514e+01 5.224060728475943449e+01 3.551634204423549335e+01 3.397290744804644902e+01 5.394399953759040756e+01 5.806481717087761041e+01 5.806481717087761041e+01 6.024056581849337277e+01 5.023557106827544771e+01 6.437963380756552567e+01 8.440716051135716214e+01 7.958853174694307597e+01 5.985580965489852900e+01 4.839091359050423335e+01 3.945066512559004224e+01 3.309543898588974997e+01 5.303522684693847822e+01 6.935891945692848992e+01 8.078462258687332564e+01 8.120586013436773953e+01 6.230035180369107195e+01 4.869308401291029753e+01 3.879169185231403105e+01 3.664235085484776988e+01 5.612739494261338535e+01 7.029557679706421425e+01 6.658219423890280098e+01 6.083994097022861780e+01 8.044521995871727427e+01 8.164937147591274424e+01 6.124747949092896704e+01 5.085733880815608643e+01
5.264502547137648453e-03 2.000526450254495003e+01 1.498051089243184464e+01 2.392478280243084399e+01 3.547178818622295182e+01 5.547178818621696195e+01 6.377864356531411971e+01 5.549059219280028543e+01 4.808647381051537906e+01 4.808647381051543590e+01 6.808531759149850870e+01 7.807709550633455819e+01 7.853883129432026067e+01 7.024556056871141152e+01 7.853883129432058752e+01 8.236255445814978771e+01 7.230128026598011104e+01 6.399533506053039389e+01 6.755274590453041128e+01 4.939473617837334984e+01 2.943796966861616937e+01 4.357875640876475387e+01 6.343575345026803092e+01 6.627769410166735042e+01 6.844392973785484457e+01 7.568436165653160685e+01 5.726063759650413232e+01 4.838916345143279329e+01 3.275768471224333922e+01 5.137496079796223114e+01 5.673134285247768815e+01 4.688049146605250428e+01 6.083994097022862491e+01 8.044521995871727427e+01 8.987999132672554481e+01 7.975686968597766224e+01 6.044202668910558174e+01
5.458922989205592172e-03 2.000545892298885065e+01 3.498051089243033829e+01 4.326478213458997146e+01 4.244834181563089714e+01 5.000763127561123156e+01 5.829190239355872194e+01 6.829190232242928005e+01 6.808531758984410942e+01 6.808531759149850870e+01 7.637661500015326510e+01 7.007294676214615947e+01 6.170075856027055039e+01 6.431428166433686044e+01 7.269182780213243689e+01 7.394941026537050277e+01 5.407147524391810123e+01 4.409872228519087400e+01 5.403710038939947680e+01 4.631534003411898226e+01 2.633629056182242323e+01 4.631534018387518614e+01 6.047262776848058508e+01 4.643357605320521486e+01 4.851397614249783175e+01 6.844392973785484457e+01 4.887861154639360706e+01 2.874911292980362987e+01 4.378318741384021706e+01 3.181108685520086254e+01 3.702627363892726464e+01 5.095076882521908601e+01 7.041948496930696422e+01 7.506048121549541463e+01 8.373858847295467456e+01 7.256502974424881813e+01 5.123674867602486671e+01
8.589772593009903194e-04 2.000085897725894668e+01 2.724674870812384597e+01 3.302025139996876391e+01 2.244834181596682399e+01 3.000763127615123693e+01 4.000763127615088166e+01 5.414976689988083081e+01 7.414976689619651040e+01 6.820329847995317607e+01 5.984162197670984540e+01 5.846116381187069067e+01 4.163000353002192355e+01 4.423049898499598243e+01 6.431428166118678291e+01 8.217689925413678509e+01 7.222700699869012908e+01 5.403710038194240894e+01 3.408891922738875024e+01 2.852681147257989380e+01 2.332118638298043223e+01 3.971149516327426454e+01 4.794886987654842869e+01 3.226636982012963273e+01 5.222016273288785015e+01 6.302604024064957144e+01 5.663895915543942294e+01 4.425853163011947089e+01 2.489791077923174356e+01 4.451007639215234235e+01 5.673134285247604680e+01 6.485797268661751502e+01 7.182208964595140799e+01 5.494619533535863809e+01 7.198414319616773582e+01 6.947693592509060068e+01 6.109258189717778720e+01
3.158951013565912836e-03 3.595264991549056877e+00 7.246748708250148496e+00 1.302025140014635696e+01 3.302025139996876391e+01 4.612694499461604636e+01 5.319801280603434890e+01 6.148228378617395151e+01 7.302928898465044938e+01 5.658298815526676151e+01 3.973946700045255653e+01 5.011290274071746609e+01 3.022037263846282684e+01 4.382233239691642979e+01 6.386628709620337219e+01 7.591525547957105857e+01 6.793527560816561106e+01 6.225039564524362845e+01 5.403710039316147373e+01 4.843446854480839647e+01 3.382178526835711807e+01 1.962959712663039014e+01 3.624111678204575782e+01 2.515071327467728324e+01 4.518684222400247563e+01 4.332440731334306605e+01 5.685791754298396938e+01 4.219861211129555301e+01 2.253510088861429139e+01 3.389269384525429274e+01 4.778633431217643590e+01 6.744782905188296240e+01 6.341189752016266823e+01 4.352644141760325169e+01 6.341189752075158026e+01 6.109258189717778720e+01 4.054830471832953265e+01
4.111938136589871236e-03 2.000411193813623356e+01 2.724674870812384597e+01 1.454971614165229887e+01 2.009671810390449309e+01 2.612694499545965954e+01 3.319801280732488635e+01 4.474501819111699064e+01 6.474501818806356823e+01 4.809016193266958794e+01 2.803865631479883191e+01 3.693666381607797433e+01 2.434919859028425293e+01 3.796716607350623462e+01 5.802509148385419024e+01 5.810699373282631797e+01 4.894611250364972932e+01 5.245749479441989394e+01 6.044305828371486200e+01 6.130003234849341709e+01 4.779988247351327857e+01 3.624111678204575782e+01 1.607956378373613049e+01 3.306776342541973435e+01 3.573176093943713028e+01 2.794546483217385813e+01 4.904081414469966660e+01 3.995661473902431027e+01 2.021488883032487749e+01 3.984198226673449028e+01 5.705286301884876821e+01 5.998378580720067532e+01 5.387263478936892369e+01 3.648667874310986292e+01 5.631833817326758407e+01 5.172278739424433525e+01 4.327442098414192628e+01
7.351428307265867393e-03 1.414948705203808998e+01 3.414948705203737944e+01 3.454971614115926570e+01 4.009671810299738581e+01 4.612694498933907283e+01 5.319801280603434890e+01 6.148228363469941371e+01 6.970963714187293192e+01 4.808971522967796375e+01 1.946728255520013562e+01 1.851424410470036008e+01 3.693666381607797433e+01 5.214633279232000262e+01 5.803503939002605705e+01 3.870694573975134745e+01 4.220447738000934379e+01 3.325312057253805875e+01 5.246416219442696871e+01 6.388406925710932427e+01 4.374683969819376728e+01 4.333323553627843694e+01 3.292800394581568924e+01 1.285028494107232078e+01 1.510914405297416607e+01 3.338381722713358357e+01 3.696132512398813219e+01 3.465777186601093263e+01 1.791331468606376376e+01 3.184076077648567349e+01 4.597977938936159603e+01 3.756124007122578234e+01 3.455345616859231228e+01 3.019650595545087057e+01 4.830747752944471785e+01 4.011216194126014045e+01 2.290299213015774171e+01
9.944443931579059412e-03 2.000994444393122507e+01 3.132656667997530775e+01 3.799323334816762809e+01 4.627750566222692896e+01 5.627750689188735578e+01 6.447624831245636301e+01 5.617846710885904571e+01 5.012064861232241242e+01 4.653104831925243445e+01 3.331275996749700141e+01 1.513120148853159819e+01 3.191767986869709972e+01 3.742581411827918458e+01 4.600184871380741214e+01 4.220147422284932048e+01 2.264180946479552858e+01 4.220445887564350329e+01 4.403985700670170189e+01 4.417217671456643302e+01 4.373729290517802326e+01 2.308425560978162494e+01 2.472376375499529644e+01 1.065003496038800535e+01 1.115819202511981167e+01 2.427304797134417669e+01 2.442531567912757140e+01 1.471270944511560330e+01 3.255205881635617260e+01 3.321551144152581969e+01 3.411084968552525964e+01 2.191531725418622045e+01 2.169707544145049738e+01 4.158401666448757084e+01 3.996594399221586968e+01 1.999311504777079662e+01 4.011216194126014045e+01
6.062025039522273874e-03 5.553063987291837478e+00 1.132656667918814541e+01 1.799323334585492873e+01 2.799323334585510636e+01 4.799323335421462389e+01 5.617846710894893647e+01 3.615326464510673077e+01 4.201851041240760054e+01 3.043267991435721243e+01 2.052448167608578089e+01 1.630183307814812466e+01 1.046667799087052764e+01 1.392609965602320443e+01 3.697461448318320265e+01 3.695899559710144899e+01 1.700134332159750272e+01 3.534966865388775403e+01 2.300873436035915631e+01 2.314476652324735895e+01 2.929820181742903884e+01 2.870437893147910557e+01 1.007466451163562660e+01 3.029726333809464123e+01 1.109422594818160057e+01 1.161565467157876164e+01 1.208674458704081012e+01 1.251745969858755991e+01 1.295788394097914598e+01 1.339957517503445672e+01 1.384288384327135901e+01 1.428860490278697171e+01 3.389702364504834264e+01 3.685045370345251570e+01 3.516808451027476679e+01 1.822175387661353696e+01 3.815127771915263111e+01
5.865714242623007793e-03 2.000586571424226889e+01 3.132656667997530775e+01 3.799323334816762809e+01 4.627750566222692896e+01 5.627750704876640242e+01 5.617846711763088052e+01 3.615326464510721394e+01 2.198661438222379161e+01 3.257538384465556192e+01 2.673596353775000622e+01 1.125468022488956166e+01 7.187169617081578643e+00 2.599821677108433349e+01 3.430481902112894943e+01 2.788651494080689730e+01 1.278164209603363410e+01 7.941995966175144694e+00 8.292159136748672665e+00 8.673599704640539088e+00 9.083680526852825565e+00 9.498056294492460694e+00 2.072607950441953406e+01 3.540344980511268602e+01 3.440051130896082299e+01 1.359832528095402893e+01 3.334487859976854196e+01 3.342297241242048500e+01 3.366695718515359204e+01 3.383259896864695548e+01 2.405423703838157934e+01 3.410542119814805773e+01 1.492736893814567800e+01 1.538324470736417027e+01 1.584295534289243257e+01 1.630633890956807264e+01 3.663291013014362107e+01
3.580119829443586393e-03 7.886430692917069329e+00 1.708763993853522933e+01 2.909184912233356712e+01 4.820212873984117152e+01 5.696818694631168967e+01 4.876891496018480154e+01 5.031475223954572584e+01 3.257538417737413994e+01 1.226341920738579638e+01 6.377087934339872533e+00 5.290477055437882825e+00 5.665284904558510526e+00 1.490995521121996248e+01 2.604824891598687842e+01 7.080220948367133005e+00 7.446497518728699028e+00 8.287304037710450544e+00 9.600537569654296277e+00 2.805807251941162050e+01 2.123811041322219140e+01 1.481205662577162485e+01 3.422708288065560112e+01 3.936261907929812764e+01 4.298387881996750082e+01 3.446045624387897277e+01 1.644517838437207402e+01 3.127449881204814730e+01 5.201517326840426136e+01 5.211003403095001119e+01 3.828798835530714229e+01 3.941862247253605744e+01 2.139569892055168765e+01 2.621741885364895452e+01 3.601154896695547336e+01 3.668326224341931407e+01 1.698347690891960227e+01
9.038799794707020815e-03 2.000903879979435018e+01 3.588370232900837919e+01 4.485246137650320719e+01 5.526049417615273285e+01 4.876891496159173300e+01 2.897977381052235657e+01 3.477577710866081162e+01 3.178154620831790211e+01 2.186759080303308878e+01 4.754733360899223271e+00 2.273980392835674991e+01 2.671274853751189582e+01 6.188632002702684431e+00 6.560132527737843944e+00 2.233842192024468787e+01 2.647101198514888765e+01 9.130134222629061824e+00 2.924678613541398420e+01 1.200150555011458664e+01 3.176644354048594820e+01 3.470052793403367986e+01 4.318936224196300344e+01 5.892055889602954011e+01 5.140697809947251073e+01 3.065136117884755862e+01 1.850388369402904942e+01 3.942372211320477504e+01 5.095071483611975793e+01 6.583092744266764385e+01 5.047116405916095516e+01 3.166334190818113470e+01 4.082438182241808278e+01 3.799448697660675123e+01 4.749602097710472037e+01 2.801260197934505669e+01 3.733900642627600064e+01
2.154417243255324355e-03 1.580315036454430810e+01 3.700493435252536045e+01 3.569785225598773337e+01 2.907543406814484044e+01 3.741306961374521478e+01 3.292801908630057994e+01 1.498578414274666848e+01 2.337567482748806214e+01 4.215178366476119542e+00 7.361331345411001870e+00 3.111300699292274530e+01 2.871381805970428758e+01 8.171831122032619632e+00 2.656380694765553230e+01 1.962384004415363137e+01 3.574265350936714469e+01 4.271204543671300513e+01 2.435485825809145055e+01 3.183941777787451599e+01 1.458071472821174908e+01 3.439767679417065693e+01 3.698845960860479209e+01 5.660459712590513703e+01 5.982878518672287527e+01 4.791724741334758164e+01 3.336029345521873779e+01 2.154878438429264165e+01 4.248216058166591580e+01 5.406352230180564788e+01 5.865435238736369428e+01 4.477752867360076294e+01 5.047147478842342139e+01 5.668242935313487152e+01 4.467428137162930568e+01 4.257949007545249032e+01 4.047704885460374413e+01
