MOVIE_S2_data/elevation_000340.asc
nrows	100
cellsize	150.0
xllcorner	0
ncols	100
yllcorner	0
NODATA_value	-9999
[rows 0 to 16 of 100, columns 37 to 73 of 100]
1.062919076200534647e+02 1.144281776443550314e+02 1.100114001211578199e+02 1.017501105098896943e+02 1.000298527120942964e+02 9.417891604922020576e+01 8.943779586037196339e+01 9.523816993563632138e+01 8.695369293089083840e+01 8.695369293089083840e+01 9.523816993563632138e+01 1.068046558156801495e+02 1.069715181313830641e+02 9.873929899600516080e+01 9.708089105171710287e+01 1.053127252045496789e+02 9.982711061229218785e+01 9.982716423866054356e+01 1.080576064063602928e+02 1.175813012957860764e+02 1.137379808828120673e+02 1.055252282877218022e+02 1.137383920717352765e+02 1.166144521431255896e+02 1.082698669157686595e+02 1.082698669157686453e+02 1.053401667202748513e+02 1.053401667202748513e+02 1.136767242517714323e+02 1.230180214263662322e+02 1.116706187934243673e+02 1.035187308748856623e+02 1.060658657397744378e+02 1.014386421317154401e+02 1.088682313546699447e+02 1.170207002677906587e+02 1.283570285790027583e+02
8.654563859351662813e+01 1.030451787430583153e+02 1.017501105098896943e+02 8.171861090100307479e+01 7.995555596965982659e+01 7.406404753291181464e+01 6.927103147286656792e+01 8.349493950768057005e+01 6.676180870923529653e+01 6.676180870923529653e+01 7.847266729246638306e+01 9.853898940312588195e+01 9.544113719029600418e+01 7.872796828580777628e+01 7.694248423789301228e+01 9.373062282986428784e+01 7.973321000317581309e+01 7.973321008267095067e+01 9.982713591967065270e+01 9.774366994793219021e+01 1.037929054624403875e+02 8.561194646518538320e+01 1.037940071585040585e+02 1.082698669157686595e+02 8.826419033434372352e+01 8.826419033434370931e+01 8.533431107468368282e+01 8.533431107468368282e+01 1.053401667202748513e+02 1.148513538559222411e+02 9.522267506974421281e+01 8.373530366802457081e+01 8.631057239522068869e+01 8.162152568885986170e+01 8.921138592736663497e+01 1.005888086598660038e+02 1.201781330844416686e+02
7.494800337854796624e+01 9.489139388209166270e+01 1.017501105098896943e+02 8.171861090100307479e+01 6.739823411633078365e+01 5.968499935303771053e+01 5.487953048957497515e+01 6.905759949282244747e+01 5.499847280402954652e+01 7.529590314007228358e+01 7.983905580493618004e+01 9.992895277784134578e+01 8.643154579829875672e+01 6.695030760413763460e+01 6.508518993922031370e+01 7.601820365566172200e+01 6.525311686003148282e+01 8.561857723109750395e+01 1.035539770808699842e+02 8.357194412439812936e+01 8.942455206113159250e+01 7.545556291928210157e+01 9.556858310625680986e+01 1.063429017515954627e+02 9.412371734281813929e+01 7.401720105989002718e+01 7.104578413908735968e+01 9.119389052983794386e+01 1.039890343313439018e+02 1.168148854123396774e+02 1.060658657397744378e+02 8.631057239522068869e+01 7.198977621875316402e+01 8.631057239522068869e+01 1.060658657397744378e+02 1.170207002677906587e+02 1.245521341936380253e+02
7.700384840506028183e+01 9.694124619069845039e+01 1.068268085533965603e+02 8.682873233159656934e+01 7.255738087060498742e+01 7.995555417833546130e+01 6.905759903336239347e+01 4.874909725448499387e+01 4.886766827699634064e+01 5.959945130410370240e+01 7.931771870581013673e+01 8.941014026620499067e+01 7.813359376800165990e+01 5.774288161759140792e+01 5.585462634084446876e+01 5.552398725925904444e+01 7.601820365566172200e+01 9.389496349658251972e+01 1.012236774205866539e+02 8.114965754160708400e+01 6.915527306565411436e+01 6.816429032379802777e+01 7.800373285409516200e+01 9.810909064629647958e+01 9.960523227451511730e+01 8.407045920135411166e+01 6.391511867023577764e+01 7.557874989663551446e+01 9.567034983315149077e+01 1.086449529704789683e+02 8.885345275868314729e+01 8.780993968445365283e+01 6.754009472141430592e+01 8.780993968445365283e+01 9.958028099943875588e+01 1.094942091927511569e+02 1.132424046488953451e+02
7.700384840506026762e+01 9.268688431459312937e+01 9.708122236359677970e+01 1.009580987435721369e+02 9.268603317217700521e+01 8.108379536962945622e+01 7.287439429956268100e+01 6.331348793068985970e+01 4.302130230234242703e+01 5.068435500772641689e+01 6.086446140948412875e+01 8.111007375567518807e+01 8.041294365664194288e+01 6.162796552695132846e+01 4.746405630398488285e+01 6.797970873348620557e+01 8.434753472768606741e+01 9.224017710901601674e+01 8.395399020769472997e+01 8.114965769801302997e+01 6.069666971183209370e+01 6.125192246547359787e+01 7.316324783981912105e+01 9.334517703774983488e+01 9.128600328354021087e+01 7.117031166677536191e+01 5.970383652442234990e+01 7.967220331366539199e+01 9.566201826304032352e+01 1.069305867325114576e+02 9.248526071611539123e+01 7.234467723243707837e+01 6.331533919726641813e+01 7.122260026784566378e+01 8.145338577800018243e+01 1.013308353331057390e+02 1.051177249372379947e+02
6.436814123267814125e+01 8.449027654694621958e+01 7.716794994915949246e+01 9.120581761166583590e+01 8.247019640783678085e+01 7.227364590555902168e+01 5.271080125863486643e+01 5.643738891376532507e+01 4.013471954262538333e+01 6.041460434827583015e+01 7.931771871962459386e+01 8.941014026620499067e+01 7.927235215268186153e+01 5.844998578636668185e+01 4.379596866424716950e+01 5.829633509922293655e+01 7.866935938127328143e+01 8.395398145567565962e+01 6.358484673893728001e+01 6.955082445188406837e+01 5.415772631799899983e+01 7.468185669663004944e+01 8.998127756847530634e+01 1.015840017770396599e+02 9.205690699165150193e+01 7.575608439393738536e+01 5.609814832307441179e+01 6.727534372689252962e+01 8.734099158802861496e+01 9.874810439862594080e+01 7.873559628971899826e+01 7.974723836152077183e+01 5.910750035959015491e+01 7.385846851771889021e+01 9.396398638411807269e+01 1.094942091927511569e+02 1.051753352347984816e+02
6.917187023359817033e+01 8.118818519775832954e+01 6.287167436643328244e+01 8.118818519775832954e+01 7.417606792508534852e+01 5.396617466098859950e+01 4.381688327120590287e+01 3.616497629597463259e+01 5.643738891376482059e+01 6.876788513534648928e+01 7.198024806460219338e+01 7.986914073727076868e+01 7.925989550121090588e+01 5.906205282931485101e+01 4.039163716298362772e+01 5.487856595253499847e+01 7.527385440861876020e+01 8.395369948732330556e+01 6.358484590665713654e+01 4.904082955543233169e+01 6.955082452331464538e+01 7.096656491517792631e+01 9.121300936964803441e+01 9.860110279995870997e+01 8.373709484356628252e+01 6.379828021199585208e+01 5.290345244679735970e+01 6.637894183509888535e+01 8.634004929020811403e+01 9.138176443478680255e+01 7.964917826201725859e+01 6.187196457469129030e+01 5.572923401188634074e+01 7.060052466815163541e+01 9.082403202423753896e+01 9.318461503036731131e+01 9.698911562756330795e+01
6.097626525758356308e+01 6.281582189748641554e+01 5.269560040988971394e+01 7.293604338508316687e+01 8.242513089844138108e+01 7.234907979161613412e+01 5.392090298182932884e+01 3.363974162037045090e+01 5.392080915248279638e+01 6.396864873175587007e+01 5.090770901989010611e+01 6.710759592506852300e+01 6.251754980901410619e+01 5.762590418564547434e+01 3.719864656060450869e+01 5.165104274569701914e+01 7.205049570726900754e+01 7.055846032411338342e+01 6.216880552384029102e+01 4.587538091149134090e+01 6.037261063912300330e+01 8.077284248757686669e+01 9.946960830277936338e+01 9.029339279296648613e+01 7.034103213434336510e+01 6.904890379708088233e+01 4.997311589895394945e+01 6.324595419048397105e+01 8.305846343909476559e+01 8.348615127365087574e+01 6.345436595711388605e+01 5.125506174986086450e+01 7.213996226330665706e+01 8.481229837560839258e+01 8.710478383089450460e+01 7.274747683689479061e+01 8.708157419551680789e+01
4.068717209192269735e+01 4.252844905193835956e+01 6.281582189748641554e+01 7.153185062457897914e+01 7.363066046191330827e+01 6.579424213796472998e+01 4.552545738559562238e+01 3.115697468699850603e+01 4.807669617642371662e+01 5.386243077634539844e+01 3.975513965836462660e+01 5.813359722132238971e+01 5.767406299024963090e+01 4.255561860281972741e+01 3.414795939211099807e+01 4.592628601638307373e+01 6.635687064162972604e+01 6.216880546888284442e+01 4.175396619999596481e+01 6.216880498319750359e+01 6.037261063907973835e+01 7.486483620364404601e+01 9.503603088177675318e+01 8.810128941290587079e+01 6.816239014870207313e+01 5.456927223544307992e+01 4.709706603188225671e+01 6.606976624003314669e+01 7.913155204681106625e+01 7.382895349352823189e+01 6.543377324258432282e+01 4.856794741823938466e+01 6.932119555464383609e+01 7.815723319496132149e+01 7.832051144964084699e+01 5.817025386789038777e+01 7.833329921065771373e+01
5.669894885411505925e+01 3.640237609294912602e+01 5.308262402563832438e+01 5.132227750934471544e+01 5.353351341025632593e+01 7.366518957771231157e+01 5.982789255651223215e+01 4.807699892600749791e+01 2.773106170749276345e+01 4.375019513013521077e+01 3.219632108344211474e+01 4.588587072362303587e+01 4.434324419212801871e+01 3.004265335190579123e+01 5.044027617804381691e+01 6.289510440684718162e+01 7.463429145112461072e+01 5.936461182345697551e+01 3.898454911527552014e+01 5.338377994695563444e+01 7.380361725397990824e+01 8.907543053655908238e+01 8.348491644812553147e+01 7.641242190533556311e+01 6.796371828276112126e+01 6.335886769162625853e+01 4.435835661488398074e+01 5.962913274044540657e+01 5.956213147696469434e+01 6.175497552773369137e+01 4.499010971853888208e+01 6.543377324253152949e+01 7.096202188494540053e+01 5.756976134551491242e+01 6.436371204517011790e+01 5.081242120947295859e+01 7.054839526014797002e+01
4.925761228444610396e+01 5.308262402563832438e+01 3.281248414609170538e+01 3.696527075652959127e+01 5.724100599834524417e+01 6.072020136585965133e+01 5.057711684263446728e+01 4.345583513185086844e+01 4.071314572855560243e+01 2.439945385113806964e+01 2.496595489138732660e+01 2.553759276404327494e+01 2.611252541144760997e+01 4.655551336336276336e+01 5.524868364813890764e+01 6.591960235099963938e+01 5.801953634076031818e+01 5.297747878497831664e+01 3.630619812208885122e+01 5.068655688869300491e+01 7.109894416890819002e+01 8.237534181050139637e+01 6.391926460716747016e+01 6.315922016101609415e+01 4.754679360457203785e+01 5.680821526292203316e+01 5.194521135788454558e+01 4.045616030931056173e+01 5.861287480300852337e+01 4.155979006008359278e+01 6.160372760131267711e+01 6.997801006164277737e+01 5.773272812091997253e+01 4.284785864321015936e+01 4.358745158141021392e+01 4.432995642487767185e+01 6.513161902060299724e+01
6.950369736591370895e+01 6.141448716488706339e+01 4.364848250013315578e+01 2.942098686418200870e+01 4.635249972829429055e+01 4.417311385910544885e+01 3.494924595411442425e+01 2.308758591456260589e+01 2.362645180052823335e+01 4.400577057197769903e+01 4.595949792418301172e+01 4.007827573885899852e+01 4.655035674606066465e+01 2.694876534925727185e+01 4.737038095485627309e+01 4.786176014015086366e+01 3.942663562387608067e+01 3.262327476115982705e+01 5.297037933953489386e+01 6.491714357918267808e+01 6.266272471347391360e+01 7.052467371923594897e+01 5.481996582340994451e+01 4.559529766839254705e+01 3.581307349899928738e+01 3.645715878590080905e+01 3.709468473055004267e+01 3.774515266050121909e+01 3.841431728014774194e+01 3.908393392105254804e+01 5.972017180675418757e+01 6.145175656329090685e+01 4.180527018970643383e+01 6.252341841369405984e+01 5.870969073453617426e+01 6.513162962967994929e+01 4.539173749482578302e+01
7.135541982314758513e+01 7.219191019844868151e+01 5.792017161504792000e+01 4.042660389073832761e+01 2.592224635966773505e+01 2.235317097782364471e+01 2.233281827860533753e+01 4.268013087827684160e+01 3.825787540033627465e+01 3.823692055981955207e+01 5.897344529976458460e+01 6.101407232082352294e+01 5.415494193617576713e+01 4.324181642987582563e+01 2.778927331552451463e+01 2.838849917499019071e+01 2.898906636211583887e+01 4.939842848699322531e+01 5.723984102433050936e+01 5.195707040936418508e+01 4.365829153249470806e+01 6.026062878568634318e+01 5.392915095997476271e+01 3.488359989100262482e+01 5.466576011055764184e+01 5.680566707082870437e+01 4.000156300467551773e+01 5.884380009845361315e+01 5.513337369310010416e+01 4.533519174672043306e+01 4.006820624770156059e+01 4.076589411436645349e+01 6.115849744869793625e+01 7.036437981262163532e+01 8.060982676223531485e+01 7.442052604662644910e+01 6.013879214283075925e+01
5.124873773044484437e+01 6.234802436173745122e+01 6.896100312162378998e+01 5.461340404102632817e+01 4.628200822882582344e+01 4.189446674622589484e+01 2.180084599518484723e+01 4.219158087650647104e+01 5.364676684975019327e+01 5.866413584101503886e+01 6.790193725006240300e+01 6.769463562767123221e+01 4.727433175599997384e+01 3.552745665340196268e+01 4.822525567781455891e+01 4.881084763221571166e+01 4.935703153039880675e+01 2.986465750717049517e+01 3.049660963815019343e+01 3.115443817657375192e+01 3.185340427407986752e+01 5.258828619806654814e+01 3.391139595703859300e+01 5.437003274982087220e+01 6.307399994550362265e+01 4.422448884732848740e+01 6.003123419159961571e+01 6.895608115524099446e+01 7.281532006726132522e+01 5.599126031686612492e+01 6.061766386535803264e+01 5.088187530715998008e+01 4.402184715052026576e+01 6.366394387595222781e+01 7.618776608147327067e+01 8.794372618529827434e+01 7.550217528553497459e+01
3.952854734777056223e+01 4.215644011998313800e+01 4.996837247760440448e+01 5.576690553686108132e+01 4.597356427535585510e+01 3.923446004930367792e+01 2.128073588584056708e+01 2.739906600160065153e+01 4.807825640059808592e+01 6.726100500902937540e+01 7.782285812549818615e+01 7.616225620921329664e+01 6.239847772292831962e+01 4.196123652980395491e+01 6.240244574466961325e+01 5.633852307400871240e+01 3.601478886068802865e+01 4.486842091579740099e+01 3.258152315512861463e+01 4.996956589386191894e+01 4.033792721400060088e+01 3.288817458923027459e+01 5.347590333962558873e+01 4.230249655518829144e+01 6.281332781044014268e+01 4.722700639838264891e+01 6.710435278496960620e+01 7.961623888148622541e+01 8.552165649328851771e+01 7.714998095958927138e+01 7.032879697190820423e+01 7.041451359508218388e+01 6.479397728343735707e+01 4.739057264303357186e+01 6.822647448430910799e+01 8.815915407237116597e+01 9.372558272370196164e+01
4.806628905095521986e+01 2.740323557460609294e+01 3.024316896590319459e+01 3.926328190738040291e+01 4.012175888695305304e+01 2.054784616004732101e+01 2.660295943095302107e+01 4.687758239892863799e+01 3.762277409071104017e+01 4.794943048101642802e+01 6.911805289399299568e+01 7.533342781559969126e+01 5.488774995080309083e+01 5.641650526338148097e+01 6.294626259379538880e+01 4.257984158191455748e+01 5.633852307400871240e+01 4.699479565537664172e+01 4.574904571658675678e+01 5.871162015107744736e+01 3.844287251814916573e+01 5.347630941353754253e+01 5.347615860498288498e+01 4.875664270376356058e+01 6.940784533919233468e+01 6.710435425306420143e+01 5.158037496082162221e+01 7.149263644938568518e+01 8.427348721801878639e+01 9.562243118091372196e+01 8.961171249920870707e+01 8.283761010617794796e+01 7.070452610761211076e+01 4.985589336386988890e+01 5.932566068826102423e+01 7.138460364272080483e+01 9.155643232196936765e+01
4.112329823464884271e+01 2.111182665273928905e+01 1.888861475521792244e+01 1.935201305697442109e+01 1.981663467723416616e+01 2.790917735796725552e+01 4.718544719661908005e+01 6.030009673639168000e+01 5.853374013938655906e+01 6.726102494138355326e+01 7.782302587413514061e+01 8.379114368543145019e+01 6.936832811347196071e+01 7.685378443815696414e+01 6.789534953393403782e+01 4.748974132939611081e+01 6.789534953393403782e+01 6.081926824124292352e+01 6.842290429301118593e+01 6.282528123275755405e+01 4.236395906897367780e+01 6.282528121931814269e+01 7.379298998581512592e+01 6.340198103747805902e+01 6.077674479919559758e+01 7.961581450391430792e+01 7.149263644938568518e+01 5.622092071889837683e+01 6.782330935238215375e+01 8.761264268077979978e+01 8.713513899051005751e+01 7.452364509630824330e+01 5.375049138259056036e+01 7.070452610761211076e+01 6.472704271446178836e+01 8.513544758967988457e+01 9.973188619219290274e+01
