MOVIE_S2_data/elevation_000302.asc
nrows	100
cellsize	150.0
xllcorner	0
ncols	100
yllcorner	0
NODATA_value	-9999
[rows 51 to 67 of 100, columns 0 to 36 of 100]
8.392818110607037224e-03 2.000839281811025216e+01 3.089705458524989012e+01 3.844742475940059734e+01 4.667258528654882355e+01 4.652665206447882440e+01 3.327736160366864482e+01 1.288987913571949839e+01 2.382119731728979772e+01 1.125807993869866230e+01 1.391247395891090655e+01 2.022093548370050087e+01 2.606856681840958956e+01 5.620782723527753433e+00 7.161313468958256045e+00 2.609733866659950507e+01 7.291449401729482638e+00 2.741883328727107738e+01 3.842191279705606632e+01 3.899738935027766473e+01 4.135261684937823645e+01 3.836248260377218600e+01 3.053324486699259666e+01 1.593492280647935821e+01 2.989269963769239880e+01 4.955059288421757202e+01 4.372366932149597574e+01 6.036646387032543259e+01 7.184829369071158567e+01 5.594899309444734570e+01 3.620547171155831023e+01 4.664180435157769011e+01 4.624703104799856845e+01 3.319370851028977398e+01 1.602494143616198130e+01 3.249589590318492327e+01 4.560504505962632038e+01
9.749586777120887796e-03 5.354974424487717322e+00 1.090197636975538487e+01 1.846126225376605134e+01 3.000726330459144009e+01 4.991727307693910376e+01 4.245642118523927167e+01 2.506080135639691875e+01 3.567030699061627530e+01 1.653531588361158100e+01 3.340206866951048426e+01 2.012549108263560527e+01 3.555715749505419865e+01 1.205077425721239592e+01 3.163779399221551003e+01 3.502534547902298812e+01 2.741887586512455854e+01 1.032667763785221382e+01 3.028662747872937189e+01 4.147145708082444315e+01 5.306916860906009958e+01 5.092810046264604296e+01 3.119295850252938962e+01 1.983692911777508172e+01 3.962389044128953941e+01 5.496717101244348669e+01 6.361765154435465774e+01 7.184829368782644110e+01 6.852578326031218126e+01 4.864013197124213406e+01 5.594899309444734570e+01 4.955828901089501670e+01 2.942812384713597496e+01 2.098581134945266058e+01 1.640343935078644222e+01 3.605049157828084816e+01 3.709170485858770405e+01
8.728394755072454644e-03 2.000872839475471565e+01 3.089705458524989012e+01 2.723029408729919254e+01 4.667258528654882355e+01 5.804060202776462773e+01 5.410312006345815661e+01 4.567557442877885876e+01 4.602761112192639104e+01 2.603076106865296069e+01 4.375682533275136876e+01 2.566898437772621477e+01 4.390911563270888252e+01 3.573294204488251324e+01 2.493342173315408061e+01 4.813429311138659017e+01 3.853954196504061969e+01 3.028662747910458819e+01 1.335561583582586387e+01 2.478906250686485890e+01 4.477874231528696924e+01 5.906598928283552397e+01 4.773338431410688543e+01 2.965578476180385792e+01 2.674487788279104095e+01 3.823125259933512154e+01 5.236853447480632440e+01 7.241079342545687325e+01 6.852578326031189704e+01 6.852578326031218126e+01 6.956610807760063153e+01 4.955828900659705027e+01 4.778370517394606765e+01 3.889101931788989219e+01 2.488348757107993592e+01 1.693060251403804983e+01 1.731516081991436096e+01
2.389047986999138715e-03 1.414452467171807371e+01 3.414452467171877714e+01 4.721226781012408935e+01 5.546624927463845012e+01 6.643636600695359107e+01 5.822672362682565250e+01 6.052481604251335767e+01 6.003574753990486101e+01 4.662829706643265837e+01 5.258587664903071612e+01 3.234975412665908578e+01 5.258587661027113569e+01 4.813414519376325273e+01 4.176569960836746276e+01 5.686772393160871530e+01 4.718190390264093992e+01 3.534486152224938849e+01 1.547700178500615742e+01 3.534492952752496109e+01 4.608117940491808895e+01 5.433706254463492513e+01 5.773704533362287350e+01 4.372998169696346338e+01 4.668742706805274167e+01 3.562960059448489147e+01 4.977047720247257701e+01 6.985141231536731254e+01 8.860748150250735478e+01 7.464310699592037679e+01 6.314474799572619901e+01 5.490251866441277429e+01 4.930213098653243975e+01 3.879258013919814374e+01 1.906172746842482368e+01 3.630792495101974993e+01 3.646389182021033548e+01
9.035844539165390626e-03 1.415117146827024008e+01 3.415117146827094530e+01 4.175921106754664436e+01 5.003156509971247345e+01 5.507016210158929681e+01 3.859496612639249946e+01 4.207901808426052526e+01 5.729415969387289920e+01 7.185874170019803842e+01 6.075995377141175879e+01 4.266373130293705174e+01 6.075994511464571701e+01 6.952838173080722584e+01 6.350929142590989329e+01 5.304019961186966725e+01 3.307194880547794469e+01 1.901356464782024958e+01 3.534472310412501628e+01 2.156169149942061480e+01 2.609983225416814179e+01 4.608117954566399987e+01 6.028825071286844661e+01 6.346726526046694516e+01 5.564996532996480738e+01 4.977047720247257701e+01 5.196382397897052385e+01 7.206275708958008863e+01 8.336983463451188925e+01 6.641062967872868228e+01 4.647799690599471489e+01 3.485926935105315749e+01 4.103667765235520193e+01 2.121759486787335192e+01 3.879258274789455641e+01 3.869203569105890494e+01 4.898525255738385908e+01
9.762552285145669959e-03 2.000976255228479062e+01 3.851235160996879614e+01 2.181569366524402298e+01 3.312596341662128197e+01 3.846270753247207352e+01 2.739395173273047135e+01 4.113545199149733378e+01 6.079063957525089990e+01 6.981571362137283643e+01 7.065712842741471889e+01 6.250802251898868889e+01 7.065712611957609113e+01 7.534159785948699550e+01 6.538469579989262570e+01 5.713929523011888278e+01 4.153897931397753496e+01 2.159568731424548815e+01 4.153893046576363446e+01 4.149714416457057808e+01 4.608117954566399987e+01 3.364717179211486098e+01 4.033268724589963483e+01 6.028825071286844661e+01 7.576758247030082316e+01 6.985141231537201634e+01 7.206275708958027337e+01 7.903968741026822897e+01 7.024968792735963063e+01 5.548453820470223974e+01 5.548156309923104601e+01 4.333054375008995862e+01 2.339942037609138836e+01 4.103669331465778924e+01 4.930167016474043606e+01 5.828042834552456952e+01 5.761741701180986297e+01
8.769847284209264732e-04 2.000087698472806608e+01 2.636410735437299024e+01 1.032056473284796994e+01 1.322322114348499511e+01 1.870722615601079397e+01 3.846270753247207352e+01 4.608806016237985403e+01 5.054676166752604161e+01 4.984848802536729551e+01 6.324016241301601582e+01 7.151702040467203858e+01 8.150594450923072998e+01 6.709727585824950324e+01 4.718144660481913633e+01 3.716239611289397260e+01 3.048692970282413128e+01 2.453262687333296199e+01 4.451827140006160022e+01 5.730433290861896722e+01 6.188355279990153690e+01 4.521356891562650304e+01 6.028825071286843951e+01 5.297783798448987369e+01 6.704686906365203924e+01 8.692046592455024268e+01 8.469795233804025258e+01 6.515560091916670160e+01 5.124326841309679992e+01 4.225787926097784464e+01 3.548222292193494809e+01 3.007756633979566274e+01 2.498881400146598963e+01 4.500713636283226293e+01 5.030846183843691932e+01 5.893986461798225918e+01 6.901641369643571977e+01
6.221065917130529088e-03 2.000622106591677607e+01 6.410815166382291430e+00 2.636411398611787149e+01 3.312596341662128197e+01 1.826945933532406130e+01 2.209345653236708529e+01 2.615393728457663158e+01 3.060684527728376381e+01 3.575092227608101325e+01 4.328218311709991184e+01 5.325303273107687119e+01 7.322730097115157832e+01 7.534237484227637083e+01 6.538470771328705666e+01 5.713929523011888278e+01 4.085535746207417418e+01 4.451827140006160022e+01 2.903403235352608291e+01 4.905130539002364998e+01 6.229905142012981401e+01 6.514219229864082195e+01 7.338414048413548585e+01 7.286771081764146629e+01 8.111130810114296708e+01 9.354459563895885310e+01 8.529153968333397984e+01 7.903968741001936849e+01 7.024968792728195410e+01 6.209786761538461519e+01 5.548156245483782101e+01 4.750677007423576015e+01 2.740584898460729235e+01 2.848357019547262325e+01 3.105616541295515276e+01 5.093335273670061980e+01 6.299874589183542639e+01
9.675647279733478462e-03 2.635515288590304372e+00 2.261729385368697365e+01 3.463777411910550796e+01 4.645034213521172717e+01 3.234355985393234789e+01 3.617647087276542095e+01 4.024388981792267117e+01 4.211238543446440019e+01 5.569675300095567394e+01 4.984848802536966872e+01 6.981571364436724991e+01 8.150594450923072998e+01 8.096665402840726244e+01 8.313194059422060889e+01 6.906297527331892638e+01 6.081636927358169231e+01 4.539233705225442606e+01 4.905130539002364998e+01 3.404592484047646650e+01 5.405312470257026547e+01 6.453128095494935224e+01 7.277023512619835799e+01 8.668453289575620602e+01 9.494177031050382709e+01 8.529153968333397984e+01 6.550679896194698415e+01 7.130161535522358918e+01 6.532841388775283065e+01 6.000946782236751176e+01 5.117109330230189101e+01 3.101483558858873835e+01 4.752138350012808843e+01 4.248717907174970776e+01 5.093335273670061980e+01 3.485606504645333104e+01 4.627550797031005203e+01
8.858006633845233110e-03 6.039084898189079453e+00 2.603894122232224362e+01 4.374904404847680439e+01 5.269220490990836936e+01 5.228525458624960720e+01 5.612419566476443578e+01 6.019713546878701038e+01 6.206833284891538227e+01 7.034411122437653319e+01 6.981571364436724991e+01 7.809308785653291807e+01 7.512479436543475231e+01 6.110009675709009969e+01 6.327507369495060630e+01 8.313194059422060889e+01 7.357640094801671182e+01 6.533184720019828262e+01 6.225910932293665923e+01 4.563186326323458530e+01 3.973621089870777467e+01 4.461135815601230092e+01 6.453128095494935224e+01 6.682548922673703373e+01 8.668453289575620602e+01 8.271648934244107920e+01 6.294534763458405990e+01 5.149074729042274612e+01 4.542675031790859208e+01 3.999918855322572853e+01 3.489184896506105815e+01 5.117111020777933561e+01 4.751179275090932919e+01 6.248544766703646047e+01 6.306457544265872173e+01 5.476503157082798623e+01 3.887667109792476339e+01
1.018086960643932535e-03 2.000101808696028982e+01 1.546717530465143575e+01 2.441144710651095551e+01 3.855354880463293910e+01 5.855198663145500149e+01 6.221051050155558215e+01 5.399172271604266626e+01 5.655981442591901498e+01 6.478242457647522201e+01 7.395530116841923984e+01 7.974447306675327241e+01 5.987599255479751292e+01 4.699875450849502556e+01 6.691867864226345830e+01 7.903284552634970339e+01 7.082594108795707655e+01 7.907094776032344896e+01 7.367233453223244055e+01 6.551467545339575338e+01 4.732035466471007368e+01 6.453128095494935224e+01 5.277455872263207226e+01 6.425152488530331141e+01 8.410376410978345518e+01 9.096444652014939436e+01 7.952569729992566749e+01 7.130161535522360339e+01 6.532841388775285907e+01 5.825922268630698397e+01 3.821055906794943979e+01 5.825922268630698397e+01 6.745320682668240408e+01 7.568686312385686676e+01 7.624044730001482151e+01 5.615383336881089349e+01 4.191010388009804899e+01
2.494342646960768899e-03 2.000249434264660664e+01 3.546690351551549014e+01 4.374904404847680439e+01 5.269220490990836936e+01 5.349601042041121701e+01 5.075348438241771731e+01 3.414664253992850007e+01 3.672454418836021972e+01 5.655981442591901498e+01 5.420174239425030294e+01 6.814165110081155774e+01 5.987599259648435179e+01 3.993345082942532542e+01 5.986507274044510041e+01 6.017608447601785571e+01 5.090680632784299320e+01 6.241889379750288924e+01 8.231367547801302464e+01 7.546620208272327091e+01 5.729285263331230027e+01 7.546620208272327091e+01 6.425152384521636861e+01 8.088362976862050857e+01 9.235808480779974161e+01 9.460020156099926680e+01 8.656175988917540565e+01 7.918649652707372866e+01 7.206760029442922644e+01 6.163501966888363626e+01 4.166354159027602577e+01 5.172302932972972656e+01 6.574950707431963792e+01 8.554334782131337533e+01 6.842327060925053672e+01 4.822842141318334086e+01 6.203703553721214092e+01
6.187401196855389120e-03 1.414832302492793126e+01 3.414832302492863647e+01 3.832625035101712996e+01 3.975481794267678026e+01 3.363170016161905096e+01 3.363170016161934939e+01 2.262765422123382564e+01 4.253416033427342313e+01 5.835667295966324275e+01 4.022347555805071551e+01 5.835667295966324275e+01 5.434450655677571973e+01 3.438810987994084201e+01 5.167101970152702251e+01 4.023130916220659969e+01 5.434663840371716503e+01 7.425157597344382054e+01 9.055593595175814414e+01 8.541677898594775797e+01 7.715367096545790560e+01 8.542293417451990933e+01 8.410273699915016721e+01 9.234991510965572559e+01 9.729425947893540183e+01 7.871633334108345537e+01 6.938028689676211513e+01 6.764280988829750640e+01 5.261672001121415576e+01 4.790091075146050770e+01 4.879392004592207144e+01 6.824309644439469480e+01 7.977250147916473111e+01 8.726285344038862490e+01 6.733083329759931246e+01 5.303521436343906714e+01 7.316876983395160039e+01
2.476637442850607596e-03 2.000247663744249493e+01 2.276990873644744084e+01 1.832625958464973337e+01 1.975483097246059216e+01 2.705606593054216091e+01 1.369797025567855364e+01 3.361980506088367804e+01 3.300742564720054872e+01 3.970085320669971196e+01 3.029923269047033685e+01 4.011611439589594141e+01 4.213337831087970642e+01 2.922587422248963662e+01 3.170673161152590325e+01 4.583471539469226030e+01 6.576110789998988082e+01 7.650099411488963597e+01 8.467488228533966321e+01 9.407685767716226621e+01 8.832907843472979437e+01 9.361964984553112856e+01 9.578073893883578194e+01 1.039512044255062335e+02 1.055584496610705969e+02 9.272215000467815571e+01 7.154171024082805275e+01 5.997186547635886456e+01 7.206760029442922644e+01 6.127977435278522478e+01 6.257238528128629440e+01 6.257238528128629440e+01 8.193342570983914186e+01 8.944287166622284246e+01 6.951125979411143874e+01 5.920715307670180039e+01 7.919553355177494325e+01
6.350445426094172667e-03 1.386481564110801257e+00 2.769910491842948019e+00 4.184124054216037614e+00 5.612695482787460222e+00 7.056071155761518554e+00 8.518134919581420661e+00 2.852121372100002006e+01 1.306682272835150549e+01 1.966887112721930464e+01 3.631963892565726582e+01 2.015524899733716424e+01 2.216362046167838074e+01 2.440744287433215476e+01 4.438057857730779432e+01 5.623538474847187985e+01 6.242519028223326671e+01 5.660120344271255277e+01 7.649006761214131700e+01 7.428462561207373938e+01 6.847556450015164842e+01 7.379397386286572669e+01 7.596441710701880368e+01 9.480216681813972457e+01 1.046957727563818139e+02 1.033363926219530669e+02 9.059628596316611038e+01 8.111035572353840450e+01 8.641124064741597977e+01 7.967062114817625229e+01 8.193342570983914186e+01 8.193342570983914186e+01 9.019863073130382247e+01 9.771274778271224193e+01 8.582204653650028092e+01 6.594260265561536016e+01 8.582204689344592907e+01
3.512071127920179947e-03 2.000351207107341622e+01 1.032919995202533592e+01 2.418412125645041044e+01 2.561269153239434360e+01 2.705606593054239184e+01 1.305382669670549767e+01 1.077674652540068223e+01 3.066252521375616169e+01 1.541141993863520021e+01 1.735431202221477065e+01 3.729792441492773492e+01 4.213337831087970642e+01 4.438057857730779432e+01 2.802590936157279700e+01 4.799675120704159070e+01 4.248992775082869855e+01 6.241522370258025632e+01 6.419575735572193764e+01 6.783263620103828373e+01 5.439127603935401822e+01 5.972247204842601320e+01 6.676560121408473947e+01 7.671242935915641681e+01 9.652871513115485413e+01 1.078785745900107997e+02 9.974676209935414306e+01 9.788784777342711152e+01 8.974675728554555576e+01 9.015699700095068181e+01 9.829757750261221361e+01 9.479145040326808669e+01 9.479108695750913682e+01 1.029232970047959839e+02 9.408796506650399749e+01 7.588504947562793745e+01 9.408796506650399749e+01
8.642982713123801772e-03 2.000864298271276809e+01 3.032919713000132234e+01 2.297831055667479205e+01 4.297830297663993093e+01 3.807458807554084501e+01 1.771746154879696178e+01 3.070184734416656624e+01 3.888521133624954018e+01 3.533591824849451513e+01 2.001400810006577657e+01 3.995413403128132757e+01 5.324324066188387405e+01 5.623538307012937310e+01 4.799675115600020092e+01 3.180481317563371135e+01 5.176891334943852030e+01 5.921179232842902707e+01 4.426348292891947978e+01 4.791274973311072927e+01 5.943085199401157581e+01 7.350324485470007119e+01 8.662057224399214306e+01 9.480216681815694812e+01 1.046957727563818139e+02 9.974676209935414306e+01 8.004225182855141441e+01 8.581356926690951070e+01 6.990336960813083067e+01 7.031974531591122002e+01 8.687567534150663562e+01 7.501440941160088016e+01 7.501440733624281165e+01 9.479066287637419919e+01 1.040453926406358107e+02 9.575927440925329392e+01 1.040463743300887813e+02
