MOVIE_S2_data/elevation_000774.asc
nrows	100
cellsize	150.0
xllcorner	0
ncols	100
yllcorner	0
NODATA_value	-9999
[rows 17 to 33 of 100, columns 37 to 73 of 100]
4.855570598802386684e+01 5.241120718460315686e+01 5.310282772268720208e+01 4.624368572240897635e+01 3.550858277207665736e+01 2.337396030345064801e+01 3.761658323188476061e+01 5.404933706683183203e+01 6.441125917342225193e+01 7.274515970671103560e+01 7.529614258005226191e+01 8.360898736494422678e+01 7.520026711830662691e+01 5.920130540629853044e+01 7.518987293896263679e+01 6.325784340625966706e+01 4.320762368944516396e+01 6.325863518099571081e+01 5.443950642776101034e+01 6.853785102087884695e+01 8.761874792698216652e+01 8.442163083642422805e+01 9.269512023293333414e+01 7.551555214714720421e+01 6.310038533571719910e+01 4.291003765616282095e+01 6.061675109737790734e+01 4.042589178919670445e+01 5.469466063752803819e+01 7.491543230557954303e+01 7.878943568639776629e+01 7.878943568639776629e+01 7.477444455637358089e+01 9.169041867507803545e+01 1.018006326517285345e+02 9.301282260406276237e+01 8.773634572685114108e+01
4.518243495413010891e+01 5.595364160260088227e+01 6.999063153647998092e+01 6.406439030967442250e+01 5.189931886392875526e+01 4.353966266580480493e+01 2.549836037431330027e+01 4.568930955982796860e+01 4.417913658558924084e+01 6.100778724827180355e+01 5.508935668838374511e+01 7.529614258005226191e+01 8.629407048945985537e+01 7.819707668684860380e+01 7.951252049244538966e+01 5.959217727990368729e+01 4.819164351596410967e+01 6.826198276967083700e+01 7.452732941499222363e+01 6.870888443223263664e+01 8.864744343305858365e+01 9.195870716750286533e+01 7.976788570756508534e+01 6.713386180609626308e+01 4.693848198889435253e+01 6.310038524669477766e+01 6.238146029323454655e+01 4.218935653909114336e+01 6.238147276140061592e+01 6.678626556643739320e+01 5.855178147224883389e+01 7.427809574104030332e+01 6.308090688777470234e+01 7.320463866929190999e+01 9.346899456234588399e+01 1.129644213741048446e+02 9.685184567221500629e+01
2.766501648109786515e+01 4.187741806461036731e+01 5.863860710933516884e+01 7.015186246724908870e+01 5.999554885603258469e+01 3.976347659833740522e+01 4.568931324989515730e+01 2.767894676094492468e+01 4.789179774705709036e+01 4.075035064995518752e+01 6.100778725005554293e+01 8.108245744818903233e+01 7.626652472316706621e+01 8.440686612675624190e+01 8.755132238782927345e+01 7.639388245801750088e+01 5.827414687162402629e+01 5.769761296291463282e+01 7.768335162861619381e+01 8.868222068756077192e+01 9.675825139752193138e+01 8.352356766798286003e+01 6.285203171334566008e+01 5.118129963039370978e+01 6.714302646568489763e+01 7.552340763931445622e+01 7.071229096419479276e+01 6.230096137822003755e+01 4.472880947079982406e+01 4.658400110743609446e+01 4.846439881558111296e+01 5.405790990175238875e+01 7.427809836567884361e+01 9.169041867507803545e+01 1.018006370103615836e+02 1.135564547637984418e+02 1.167400843467409857e+02
3.401608149484296462e+01 3.038252983718573219e+01 4.198974858502504759e+01 6.197944665368553530e+01 6.833605338412129981e+01 5.999554883578965558e+01 5.554607116375208875e+01 3.529476872391713016e+01 2.994435510765918096e+01 5.017973193095713924e+01 5.254723954175261724e+01 6.382186657950698816e+01 5.655473777327940610e+01 7.054789284025866891e+01 9.012139241607401630e+01 8.633009881970794197e+01 7.247881322737836740e+01 7.190856615400829810e+01 7.042478646382657814e+01 9.017360392702023830e+01 1.001903533968511795e+02 8.032265516724814347e+01 6.602564018593697881e+01 5.436256682677797158e+01 7.461664942221054275e+01 8.912548507191146996e+01 7.772021175976276197e+01 5.749071505808800708e+01 5.900056518947348394e+01 6.678626556643740741e+01 6.867061635785235296e+01 5.137732036779704714e+01 7.158796698777764789e+01 8.930827748579054060e+01 8.559441699706262341e+01 1.059059622699980565e+02 1.200011893365657443e+02
5.239587633587332505e+01 3.235074415938380099e+01 4.134120913666340869e+01 5.294454871857326594e+01 7.280671987564936387e+01 6.984822045703025140e+01 4.962192758231530121e+01 5.554607147219530106e+01 5.017972923180104772e+01 3.228805606032746311e+01 5.254713809119422763e+01 4.380762359368569037e+01 6.379052059978916134e+01 7.878194151884517282e+01 8.217899038295060166e+01 9.043825766473743499e+01 9.218225214191519967e+01 9.162491704120971292e+01 8.447934962032583428e+01 9.818035359949735152e+01 9.725942360478869375e+01 7.695408887442169998e+01 6.259884966565268627e+01 7.461664942221054275e+01 6.043786293223300277e+01 8.073709954818988876e+01 8.608506869920404370e+01 7.179339756355908264e+01 7.923259395668706873e+01 8.658519592703764545e+01 7.355143434562864968e+01 5.345848545846837396e+01 7.367373198019619451e+01 6.903384842753145278e+01 8.930827748579049796e+01 9.104159250999644826e+01 1.053553125219659705e+02
5.442082095113458706e+01 3.438913053115907559e+01 5.442082095113458706e+01 6.951107982423032183e+01 8.094030093993585240e+01 7.817131168973079980e+01 6.984822048046390819e+01 6.112329798777371082e+01 4.062117121786753415e+01 5.254723369744024808e+01 3.478606628976473303e+01 3.662898605401818486e+01 5.092813635567213026e+01 6.769680502190716709e+01 6.203446120797624985e+01 8.217899038295060166e+01 9.141405851081492528e+01 9.969191503325505721e+01 1.039207935582265918e+02 1.054754841446362832e+02 8.519215172166765626e+01 7.344298051725164100e+01 7.695426879435899536e+01 8.912548507191146996e+01 8.073709954818988876e+01 6.737698971161282202e+01 8.771192471086220621e+01 9.203767755484669522e+01 9.177756732595071298e+01 7.839006055698172304e+01 5.814000849306071927e+01 7.367373198019619451e+01 5.737026055095402910e+01 7.759922688132678559e+01 8.611061726756098267e+01 7.667276647011004798e+01 8.840038814125905731e+01
5.647481341536958865e+01 3.645997601466589089e+01 5.647593860604073512e+01 6.366026509430422919e+01 8.252071403828200857e+01 8.650192111557467456e+01 6.529777727603917015e+01 5.046760544687148808e+01 6.112329798861070884e+01 6.182123404051516502e+01 4.154436173493768081e+01 5.691623128661321118e+01 3.938669071614022243e+01 4.768874460148331451e+01 6.793465719951603887e+01 7.868426938509806234e+01 7.128649081990504044e+01 8.554551089860174784e+01 1.055819663871001950e+02 1.137937580105022732e+02 1.021172011385617822e+02 8.782931687229032036e+01 9.726237568870665484e+01 9.569085273260550650e+01 7.534849789239494555e+01 8.771192471086220621e+01 9.608922500497820351e+01 9.751761867522935745e+01 8.339687396154661769e+01 6.309879905418466706e+01 7.839006055698172304e+01 8.594508751006679859e+01 7.684239773594572398e+01 6.171082905718230904e+01 6.582745791022624360e+01 8.611061726756169321e+01 1.001787985671050905e+02
3.971700265849101896e+01 5.647246086426806500e+01 4.401383493789320056e+01 6.382420299388918039e+01 7.978657119150911115e+01 8.781774026958406409e+01 7.970997695303003638e+01 6.134920594196405119e+01 7.970993500598068238e+01 6.947383454665519764e+01 4.922725347145220809e+01 6.170616669440950375e+01 4.141787608192496606e+01 6.170644954242418834e+01 6.858291495969930907e+01 5.848155804522988888e+01 7.868426938509806234e+01 9.516935781156131213e+01 9.951909432828450974e+01 1.077831453926143581e+02 1.120872924257214294e+02 1.080946540553364059e+02 1.065450727352783389e+02 8.623868650994320717e+01 8.711058496132370976e+01 1.040494318555954720e+02 1.035005700124003027e+02 8.320142592750207200e+01 6.881748007753115814e+01 8.339687328923770337e+01 7.756745701207223931e+01 9.837001698140824146e+01 8.674452344956580419e+01 6.646678773075473146e+01 8.611061726756169321e+01 7.378108576340403602e+01 7.991047947310069333e+01
4.206705172154242689e+01 6.204589521069669189e+01 6.382420299381799822e+01 5.328493250469413312e+01 6.057915036966492295e+01 7.316452118577186070e+01 9.043286823571774846e+01 7.664766315044342093e+01 8.373532895934036446e+01 6.356658242819346327e+01 6.947387034280593809e+01 6.553738897971757638e+01 4.526369944779717258e+01 4.488239054730490096e+01 4.832350936801698538e+01 5.239346714011886519e+01 6.672711502056527877e+01 8.312468782113117527e+01 7.944012903913950652e+01 9.576346375685795920e+01 9.209476698205588718e+01 1.120872924257214294e+02 1.148716898880870332e+02 9.642113312736198338e+01 1.074117164794492396e+02 1.157355075788684502e+02 1.035005564196663101e+02 8.320142591809126031e+01 7.374025822295432420e+01 9.408002217136724710e+01 9.229581206694435025e+01 9.758589971238593819e+01 7.731433422750895090e+01 8.675029206057376996e+01 7.661307293269361196e+01 9.406767042586589866e+01 1.001787985689163918e+02
6.204659335379236751e+01 4.617097468889502210e+01 6.611833024934091441e+01 7.276815459215620763e+01 7.978657119937612663e+01 8.781774262547715182e+01 9.934411838292743369e+01 9.746855847391493910e+01 9.204313774607068410e+01 8.373532896220207533e+01 7.126315402537670707e+01 5.101952434667808234e+01 6.553739089680932750e+01 6.515845049513174558e+01 4.997080205735073832e+01 7.022099997439211450e+01 5.851936163499299681e+01 6.294642365258965810e+01 6.801006624679394008e+01 7.565432967187054203e+01 8.990417657255456163e+01 1.099089843048546129e+02 1.249626344551482049e+02 1.166690123431945949e+02 1.249626344551482049e+02 1.236711314567651243e+02 1.035005564196663101e+02 9.932971459046294171e+01 7.899774864636235350e+01 9.932971459046294171e+01 1.132081933646865082e+02 1.059307582125072003e+02 8.747092229882396452e+01 1.052336547454318492e+02 9.096693046296209673e+01 9.096693046296209673e+01 1.111810574730614292e+02
6.905456890361929823e+01 4.914002940286625432e+01 6.905456890361929823e+01 7.981172123733112755e+01 8.572081201845452370e+01 9.222771400887567950e+01 1.003247498821205426e+02 1.100835314094148316e+02 9.562268014992652354e+01 7.552576274500172815e+01 6.384981850350050081e+01 5.581170234862719326e+01 7.602823692144492895e+01 7.854439528947489180e+01 6.431378609311093442e+01 5.550479888053843780e+01 6.093048658986081278e+01 8.111977144017441788e+01 8.816289501257679717e+01 7.881354070491190100e+01 8.889419922127758866e+01 1.030692741913718180e+02 1.229738720527751639e+02 1.147629257436442174e+02 1.065479430714241715e+02 1.147629257436442174e+02 1.110302647419562447e+02 9.076431740306188090e+01 9.339955029334184644e+01 9.339955036805552879e+01 1.136464423298535706e+02 1.160267827303397894e+02 1.077008772265957077e+02 1.160267827303397894e+02 1.111810574730614292e+02 1.111810574730614292e+02 1.195003790279016300e+02
7.328526877080078350e+01 5.344152718117592116e+01 5.536176596180212783e+01 6.010336427505918522e+01 6.612257504531993391e+01 7.270700803761224051e+01 8.248152903314358753e+01 1.019738989846078283e+02 1.038862835645201415e+02 9.230814937089157013e+01 8.107530853370001012e+01 6.088702208416388828e+01 8.107530853370001012e+01 9.277500448398069466e+01 8.155144842567476360e+01 6.136442976853144415e+01 8.111977144017441788e+01 6.956612868500347702e+01 8.970851294823722810e+01 9.889669757473160416e+01 1.071447947266144496e+02 1.171263768516719779e+02 1.127911592179972189e+02 1.048728931688634134e+02 8.678968934451043538e+01 1.048728931688634134e+02 1.193422618526038406e+02 1.025001840243014470e+02 1.136463976636732554e+02 1.136464436685321715e+02 1.219518981470332903e+02 1.189632409985655812e+02 1.166613327464512082e+02 1.082991604294750516e+02 1.166613327464512082e+02 1.203194762609751507e+02 1.155014238272409983e+02
7.197159904887620030e+01 5.795042083354154983e+01 6.942544663876707034e+01 7.981172123733112755e+01 7.408648783030650975e+01 9.222771400887567950e+01 1.003247498821205426e+02 1.100835314094148316e+02 1.079461817952734748e+02 8.793381035705100146e+01 7.368322859107159672e+01 6.804955818055223915e+01 8.819932795788092506e+01 9.576579794905700282e+01 7.566367207277819773e+01 7.041990841267444523e+01 8.984954274789316742e+01 7.720850517444773686e+01 8.970851294823722810e+01 1.097244646448443177e+02 1.095901239499081186e+02 1.013590054508364204e+02 9.299008805333468786e+01 9.666881620796742425e+01 7.689786912136894159e+01 9.666881620796742425e+01 1.121170309898650999e+02 1.226825716986047183e+02 1.309615767957809567e+02 1.246661783864258695e+02 1.129331750801809449e+02 9.858564245913495938e+01 1.064672872304359572e+02 8.782821789805620938e+01 1.064672872304359572e+02 9.997723459921219558e+01 1.071222806647051726e+02
7.675010399210384548e+01 6.281848776632698872e+01 8.246736500439811834e+01 9.712706456164363544e+01 9.363365737632145169e+01 9.363365737632145169e+01 1.131610585385116110e+02 1.091039772149073315e+02 1.008151443433878995e+02 1.020613513848638689e+02 9.379529824368243851e+01 8.232584689543095635e+01 8.232584689543122636e+01 1.023791655971884040e+02 8.990541351745743270e+01 8.468692673869693976e+01 9.055705346975668135e+01 9.144788162564860556e+01 9.144788162564860556e+01 1.114413498979657362e+02 1.013590054508364204e+02 8.159284996362274001e+01 7.903137915493108778e+01 9.007850051243447353e+01 7.036432372583908545e+01 8.413528704447107032e+01 9.667620094071376968e+01 1.048971976703958120e+02 1.148004222971127746e+02 1.163399197394408020e+02 9.592630713573758783e+01 8.407494166664770319e+01 9.360753964245802194e+01 7.764712709136024671e+01 8.926872725071976333e+01 8.552299168323818890e+01 1.020013261127406139e+02
7.421567343577832787e+01 7.421567343577832787e+01 7.675010399227225832e+01 9.627006551561755998e+01 1.012419521394247255e+02 9.295963112732178502e+01 1.012419301318850700e+02 9.756902964354542007e+01 8.084924145531449824e+01 9.447809694835505923e+01 1.027626231567248425e+02 1.023791655899894693e+02 1.023791655971884040e+02 1.106285009981034904e+02 1.099140175245449029e+02 1.047287930367297548e+02 1.105676437471350368e+02 1.114413498979657362e+02 1.114413498979657362e+02 1.196878388588871616e+02 1.013590043477476144e+02 8.159284996224829456e+01 6.772665329321698380e+01 7.859198490335667486e+01 6.453015021004431162e+01 7.036432376224666996e+01 7.689787061344918584e+01 8.678987314045183155e+01 1.065625287409756226e+02 1.167770512455711867e+02 1.065707066683707325e+02 9.360753964245802194e+01 7.325668874200705716e+01 7.010959099046645804e+01 6.905365591400099845e+01 8.863363781392068574e+01 8.166569084474339490e+01
8.549838599652699145e+01 8.802702675656755105e+01 9.055604893533219979e+01 1.012418766681065705e+02 9.125869052920435820e+01 7.300518057747760281e+01 9.125850070797554281e+01 8.864159597180999128e+01 6.933800558078162624e+01 7.452057026460431643e+01 9.447809694835505923e+01 9.982021646523399738e+01 9.137710049477999519e+01 9.943271140359077265e+01 1.003509266136812670e+02 1.087012488380474622e+02 1.122744658702513192e+02 1.032753800497058734e+02 9.502119678197990993e+01 1.032753800497058734e+02 1.013590330490915079e+02 8.159284999482122203e+01 6.772665329321657168e+01 5.907598392924325026e+01 7.859198490335667486e+01 9.008342416495898419e+01 9.667620094071376968e+01 1.048971976703958120e+02 1.148004222971127746e+02 1.084150380185973148e+02 8.790914939891106883e+01 7.769263976705612151e+01 7.062738638829490867e+01 6.444033270368147726e+01 6.032991352495288595e+01 7.560199831141260063e+01 7.696143575118895797e+01
1.049968185682906068e+02 1.075302659943386914e+02 1.100649224876592456e+02 9.295963029838104319e+01 7.300518057747751755e+01 6.303908175898185817e+01 7.484057744526857903e+01 7.254449829249433890e+01 6.042508200017929454e+01 8.036599449276874907e+01 9.302780075626613154e+01 8.476404421499891839e+01 7.111503318107638449e+01 8.751872237777661212e+01 8.184110888710915788e+01 1.003545740649304889e+02 9.829697310286243805e+01 8.431948033547375587e+01 7.523799904431299979e+01 9.336266893189370819e+01 1.071699787925892764e+02 8.738219763850797506e+01 7.561582177072004640e+01 5.609125208344319446e+01 7.561582177072004640e+01 8.381482733941422225e+01 9.077843468093774959e+01 9.899173640891959280e+01 1.104206302307102447e+02 1.167770512455711867e+02 1.065707066683707325e+02 9.816209370875428419e+01 9.092504886407405706e+01 8.450636440399455296e+01 7.560199831141596860e+01 5.585590438158083515e+01 5.717094549081815558e+01
