MOVIE_S2_data/elevation_000336.asc
nrows	100
cellsize	150.0
xllcorner	0
ncols	100
yllcorner	0
NODATA_value	-9999
[rows 0 to 16 of 100, columns 0 to 36 of 100]
4.047028337263018118e-03 2.000392069144596974e+01 3.492305220962401080e+01 4.041183557542250071e+01 4.878754848158553159e+01 4.652685023272662335e+01 5.487411740111149072e+01 5.371300208027648893e+01 6.202936601760372781e+01 6.315774293923825411e+01 7.145626907031896735e+01 7.238969931701979021e+01 8.067708932354868523e+01 9.369450876654349258e+01 8.778087566820491361e+01 8.778087566820491361e+01 9.613233530798943605e+01 9.920484228287126882e+01 9.085679454948204636e+01 9.085679454948204636e+01 9.346055479059261017e+01 9.218946657208358886e+01 8.959123060850332365e+01 9.793535184324470322e+01 1.082264448415399869e+02 1.000771114286324206e+02 9.795965616670005716e+01 8.983502855725664915e+01 8.769667205806439370e+01 9.424008526703906341e+01 8.612300092358951531e+01 8.461514171967506570e+01 9.272863542757841060e+01 1.024937999824593362e+02 1.152332943191588441e+02 1.069822917877006603e+02 1.095665477414479483e+02
9.482596902220898072e-03 1.220728430702357592e+01 2.454916196357077496e+01 1.990960727184420165e+01 3.156418052143742514e+01 2.604117427999400292e+01 3.813390095909063149e+01 3.335674037517694757e+01 4.666818951477332433e+01 4.296224695108725200e+01 5.820588971740108519e+01 5.233076341512136054e+01 7.238969931701979021e+01 7.336708763325177074e+01 6.739670114400296086e+01 6.739670114400296086e+01 8.778087566820491361e+01 9.085679454948204636e+01 7.095955530706731906e+01 7.095955530706731906e+01 7.353837451798584368e+01 7.227834182168173527e+01 6.970545964404247741e+01 8.641054661294126049e+01 1.000771114286324206e+02 8.055389891599178043e+01 8.627211547039816253e+01 7.037690618863894088e+01 6.825246044544456936e+01 8.102736232986680420e+01 6.668949771180174935e+01 6.519098350862677194e+01 7.487374367782435058e+01 9.435653976152579503e+01 1.037293710113286096e+02 8.705455217486473884e+01 8.964092666351648120e+01
3.324160138653916522e-03 2.675942736349154583e+00 5.372873368695143093e+00 8.147476623021734810e+00 1.107049012046095626e+01 1.414017034055946453e+01 1.752713344585702515e+01 2.135447149632302910e+01 2.614701369913908735e+01 3.174334855153146506e+01 3.799447513267352150e+01 4.972389084726310671e+01 6.979251564888046744e+01 7.336708763325175653e+01 5.283217096747040387e+01 6.687337681068973438e+01 8.726641379267917387e+01 9.085679454948204636e+01 7.095955530706731906e+01 5.696425277079107019e+01 5.953926418554081579e+01 5.827961616987201410e+01 5.827961616987774107e+01 7.811017538912609837e+01 9.294073677139057565e+01 8.627211547039816253e+01 6.684577075367668897e+01 6.039730079081819980e+01 5.452836944731235747e+01 6.159529846884483817e+01 5.548537330276845836e+01 7.490306261415088329e+01 9.272863542757841060e+01 1.024937999824593362e+02 9.547700595788899136e+01 7.552720322772466943e+01 7.552720322772466943e+01
6.476169185215582824e-03 2.000647616917000704e+01 2.574209896843763445e+01 2.857486854533851073e+01 2.556937895881338463e+01 2.604117427999400292e+01 2.680729063057146888e+01 4.196030890514276734e+01 3.448528410243828546e+01 4.621774955172451627e+01 5.820588971740108519e+01 6.650392636933493407e+01 7.808043845271980388e+01 6.687337681068973438e+01 4.633564718646080394e+01 6.687337681068973438e+01 7.597763229177432720e+01 8.617996087241172631e+01 8.508219879496935789e+01 6.792217580032992430e+01 4.807944554095757894e+01 4.681312889259266541e+01 6.666099668571068548e+01 6.473320082592540814e+01 8.461568782109868891e+01 9.439017187876579840e+01 8.627211547039816253e+01 7.979666723149102836e+01 6.728681825179897658e+01 4.775579534432679196e+01 6.728681207794024033e+01 7.422956776920331379e+01 8.232059873468216438e+01 9.103173058167946863e+01 1.023084561447813456e+02 8.395898198134857182e+01 6.401809374807564268e+01
5.418514359027011389e-03 2.000541851435867002e+01 3.374299898108007767e+01 4.202727022854227101e+01 4.603691175765985832e+01 4.059595452609652000e+01 3.873752636445489372e+01 5.563657437011608664e+01 4.630929130426512330e+01 6.313745677806369372e+01 7.463363233382234796e+01 7.605289071565418624e+01 6.763702606023400676e+01 6.157055782378642306e+01 4.107064038420121221e+01 4.705293938376358653e+01 5.732341797936351924e+01 7.779693654225337696e+01 8.431406389038377824e+01 6.442642441148902321e+01 6.067663924794487684e+01 4.076589053593206557e+01 4.851881735116734262e+01 6.256284338725175331e+01 8.242968020077657343e+01 8.132555046967696910e+01 8.943319183546259410e+01 7.774274435042364928e+01 5.828702445434611690e+01 4.433171913554235744e+01 6.398547287904116843e+01 5.475495411954957348e+01 6.348449681860941496e+01 7.468623254578223225e+01 9.417343174572349085e+01 7.938422847328149601e+01 5.948259009689959242e+01
5.264502547137648453e-03 6.671931169213833002e+00 1.374299898107937068e+01 2.529000436487208958e+01 4.529000436487279302e+01 6.084529908469350801e+01 5.899021840487870350e+01 6.729519292178174794e+01 6.645300566072836546e+01 7.474717361887378786e+01 6.907615899188245123e+01 6.064473070759908779e+01 4.717473046251902957e+01 5.092963166676729969e+01 3.615884791022935474e+01 5.659859753438339425e+01 7.597763229177432720e+01 8.617996087241172631e+01 7.846179525800646104e+01 5.861278493773476583e+01 4.455006358215033657e+01 3.694131280662629280e+01 5.255549409322117782e+01 6.081296368008402453e+01 7.817087666335496010e+01 6.184626633943625507e+01 7.817087666335496010e+01 7.375419483356242267e+01 6.083835361859991053e+01 4.103968551613492366e+01 4.482463841120687675e+01 5.189172090423198824e+01 6.568691584946228090e+01 8.513702346073429794e+01 8.923479145505271504e+01 6.930348316363009076e+01 5.528396487354625322e+01
5.458922989205592172e-03 2.000545892298885065e+01 3.374299898108007767e+01 4.202727022854227101e+01 5.357427561233499347e+01 5.608553889891295796e+01 6.436472689860184460e+01 7.268267115583850568e+01 6.426118603860953726e+01 6.426118603860818723e+01 6.064473070759908779e+01 4.021458366500503701e+01 4.619843519314251523e+01 3.057998618260305790e+01 3.961567978686870362e+01 5.408617287727423673e+01 7.455972764597434832e+01 8.295313156968930457e+01 7.465835284342257694e+01 7.268914861914507242e+01 6.442642448876617323e+01 5.255549409322117782e+01 3.250364126560344857e+01 5.255549409322117782e+01 7.007918053346131160e+01 5.048430976179720631e+01 5.960528153836457932e+01 5.413323577273352072e+01 5.413323577273352072e+01 3.779240482724925698e+01 5.201545361168709292e+01 7.138372047399576559e+01 6.568691584946228090e+01 8.513702346073429794e+01 8.546752209781827503e+01 6.555659667385320688e+01 5.156391590522807178e+01
8.589772593009903194e-04 1.414299460099012506e+01 3.414299460098941097e+01 5.023560063482452875e+01 4.195820688949552135e+01 3.610647437104726265e+01 5.608553889891295796e+01 6.426118603860953726e+01 4.389438748944744617e+01 4.389438748944743907e+01 5.828852932264275211e+01 4.619843519314251523e+01 2.594695952971174435e+01 4.619843519207418581e+01 5.937928958478847363e+01 6.008273823403234104e+01 8.050944936399386620e+01 7.145260004191246139e+01 5.478269755584545209e+01 6.533148412019762930e+01 5.387349735789118199e+01 4.565078324947041466e+01 2.953338600317210805e+01 4.379352459758410276e+01 6.372265159160058090e+01 5.960528153795419115e+01 3.970567448935599941e+01 5.070590720751744129e+01 3.400223858577980707e+01 4.580590150077570399e+01 6.550858592937085234e+01 7.967339685910319247e+01 8.513702346073429794e+01 9.325124490557080037e+01 7.936214256654342591e+01 5.948125206559954137e+01 4.807351725434222800e+01
3.158951013565912836e-03 2.000315895101321217e+01 2.843178214624859024e+01 3.301951906637261658e+01 2.197069328734308158e+01 3.351393614526107001e+01 5.349329524255351487e+01 6.409866360223506376e+01 4.387727211379724679e+01 2.959855802055301766e+01 4.109638133059382170e+01 3.910401825613455173e+01 2.300680195587573351e+01 3.720670439389062523e+01 5.759918420381907822e+01 6.803802515861866596e+01 7.618109201146542375e+01 6.253163446564403216e+01 4.324202989072816194e+01 5.715669322803069008e+01 3.719964490376589339e+01 2.552346788159116997e+01 4.565078324947044308e+01 5.789308001955159710e+01 6.720474019119220088e+01 5.575007764611915206e+01 4.757744994963468343e+01 3.043153856233782051e+01 5.070590720751744129e+01 6.225273160324735500e+01 7.359936523509560402e+01 8.409229498331242780e+01 8.409229498331244201e+01 9.238170362132048297e+01 8.761570858724316224e+01 7.467626974821453700e+01 5.482406402094031961e+01
4.111938136589871236e-03 4.174400217589291806e+00 8.438414504787438375e+00 1.302672851977379054e+01 2.716601326830114616e+01 4.713979988766466533e+01 6.177184266262671031e+01 6.176621208067141566e+01 4.278480090353824039e+01 3.982780584133288215e+01 2.071560810450139911e+01 1.904552539257371890e+01 3.910401825613455173e+01 5.162029261789713530e+01 6.482430258167059378e+01 4.836275359849949496e+01 6.482429575355845941e+01 5.426520288197036024e+01 3.415293240730719759e+01 4.478418791507919394e+01 4.300775354555926100e+01 2.291216178206491705e+01 3.714880114850983972e+01 5.715251591103772455e+01 5.909442846651622006e+01 3.914647882101564846e+01 2.720734671041756769e+01 4.757750346040499068e+01 5.070590720751744129e+01 7.041370092550630488e+01 7.823377881577413007e+01 6.408585401039866269e+01 6.408585401039867691e+01 8.409229498331244201e+01 9.597882833458905338e+01 8.292722408676650048e+01 7.059649558776241918e+01
7.351428307265867393e-03 2.000735142830691160e+01 2.843178214624857247e+01 3.284665712243531743e+01 2.716716778169937641e+01 4.718000715042580850e+01 5.745431511410436798e+01 4.717407778964259535e+01 3.869768114026327765e+01 2.331772090040061229e+01 1.527726687122049043e+01 3.524542614476411728e+01 3.910308214730564913e+01 5.944732124547196150e+01 5.667850154965908871e+01 3.682132483549870727e+01 5.667850154965901055e+01 6.253163446602603415e+01 4.478418791507919394e+01 2.429601892501739968e+01 3.697223555695534003e+01 2.044514348991577535e+01 3.459182523566660450e+01 5.461204298632389964e+01 5.686350804825999461e+01 4.544213071469488341e+01 2.503167758675261467e+01 4.544213071469488341e+01 5.864923462313028324e+01 6.854729968897036940e+01 6.994560490395674890e+01 4.981074924463050735e+01 6.560954395499116742e+01 8.808228027717090924e+01 7.669154724520933541e+01 9.041862809774598020e+01 7.293980776714462877e+01
9.944443931579059412e-03 1.415208006766265392e+01 3.415208006766335558e+01 4.535772892683050372e+01 4.717110838768912373e+01 5.553671319790267802e+01 4.892891060342451937e+01 2.880136470633075518e+01 1.890198634780521658e+01 1.191708928900551534e+01 3.185551984046484719e+01 4.366020638503064077e+01 4.314491719729489461e+01 4.882702726556905759e+01 4.965792930885278622e+01 2.971491116921952980e+01 4.335249706520026791e+01 6.317030160553355955e+01 5.085538743709093268e+01 1.873508071401656494e+01 1.712869953477143881e+01 3.697223558120636255e+01 4.873653222329129164e+01 5.686350913764022863e+01 3.680998912687115876e+01 4.048987555283578388e+01 2.290532713548090982e+01 3.024806610310108468e+01 4.055134397424595250e+01 6.043966268935367481e+01 6.376189977008117893e+01 4.353353428522252244e+01 6.376189977008117893e+01 8.234066117852177058e+01 6.369292356252704224e+01 8.234066117852177058e+01 8.124926394858552214e+01
6.062025039522273874e-03 8.171122058259172150e+00 1.711697762844546489e+01 3.129796256536228327e+01 5.152820959516784427e+01 5.794176643220487222e+01 5.702047643221563789e+01 4.698684686930408105e+01 2.966136231542446566e+01 9.677310343601451592e+00 2.965431912911081724e+01 3.747029840814826684e+01 2.348531646037893950e+01 2.920187211686634043e+01 3.592535842996615258e+01 2.354406591830804985e+01 4.237467463105931387e+01 4.969149891213872650e+01 4.864565630170557142e+01 2.976383132318346725e+01 1.477961409399565795e+01 2.889930260508036142e+01 4.892675436236751807e+01 4.598509849843040342e+01 3.772514378843066396e+01 2.005718948250965639e+01 4.048987406433301572e+01 5.049550321818871623e+01 5.864923462313028324e+01 6.854729968897036940e+01 5.827897264799822352e+01 3.783572019416336474e+01 5.827897264799822352e+01 7.495998880771506379e+01 5.639345497146429409e+01 7.495618429091271651e+01 8.056870069918652177e+01
5.865714242623007793e-03 1.414800133797369774e+01 3.414800133797439941e+01 4.563415719625350420e+01 4.723410153876243101e+01 3.933929268587892381e+01 5.253948329551517560e+01 4.147745970145972905e+01 2.160425783407926659e+01 7.501903507530141901e+00 2.456657789945269954e+01 2.490549741028800668e+01 5.243984564487877975e+00 2.837336376119764836e+01 1.639432001191991262e+01 3.587818778442406398e+01 3.626632838278612780e+01 2.900013976732338605e+01 3.805838248905909893e+01 2.978218732628602439e+01 1.260902398392033241e+01 3.263473481953197819e+01 4.328175330051957559e+01 3.501566171108043335e+01 1.732868069987494763e+01 3.772513934032892990e+01 4.227015790482916913e+01 5.091055076254497180e+01 4.879181624041483190e+01 5.677033962255255517e+01 5.326442700599916691e+01 3.264812990813183546e+01 5.326442700600000535e+01 6.890084426170547260e+01 5.035117092889670687e+01 6.890084426170547260e+01 7.026231319004040188e+01
3.580119829443586393e-03 1.979823930194556425e+01 3.615714109828871159e+01 3.851019419871559535e+01 2.596195621589263069e+01 2.552710698941954348e+01 3.792988157388973036e+01 3.726333023464991356e+01 3.007275494072477784e+01 6.425917310105289992e+00 4.589711310892893970e+00 5.005851663418307673e+00 5.418760611306091768e+00 9.881910661225752790e+00 2.925479543934030957e+01 3.345321886862944183e+01 1.870726362610493965e+01 1.766085410543866274e+01 2.790324253191276327e+01 9.981608877430897309e+00 2.882873538584740203e+01 3.962073760217521112e+01 3.474480684135205877e+01 1.474957425490148033e+01 3.310301833265601346e+01 3.365758559199125699e+01 2.335874385837819034e+01 4.073713452387523404e+01 2.959477721143062112e+01 4.625467367836314736e+01 4.235105551138797608e+01 2.802671991634554516e+01 4.861079123095275634e+01 5.665698052856279077e+01 4.492773495975659870e+01 6.363119378343964172e+01 6.278488114333103454e+01
9.038799794707020815e-03 1.125793406826671017e+01 2.754572948795638254e+01 3.041037809181318252e+01 1.131414189595119879e+01 2.238787814801132470e+01 1.701118633455758555e+01 1.720486965090445963e+01 2.342606307430656898e+01 4.009112620495053569e+00 1.960819958075567371e+01 2.257171293339199991e+01 2.523624094564462794e+01 5.995071820840618848e+00 2.574821397911005150e+01 7.131779112271932952e+00 7.526984007337388149e+00 7.916669232102267806e+00 8.307659420832182562e+00 8.710295013738264203e+00 2.813644335634790750e+01 3.580388964563292831e+01 3.592171688217617032e+01 2.668980250262653442e+01 1.260259226223623230e+01 1.198870944658838944e+01 1.913406036733241677e+01 3.255637238792616017e+01 1.486061980167012564e+01 3.597101516783343556e+01 2.214583076550037077e+01 4.235105551101435850e+01 5.013676101874688129e+01 3.744270409843766600e+01 5.665698052856279077e+01 5.634142063579713522e+01 4.877372772686182856e+01
2.154417243255324355e-03 1.738593179836480118e+01 2.282840982382144546e+01 2.094925123994673655e+01 5.813090647270933609e+00 2.236626368733400039e+00 2.628592504084224846e+00 3.025728879573789332e+00 3.430358451389041274e+00 2.251853768005635104e+01 3.012603278215318525e+01 4.241175444879322498e+01 3.103820668850684683e+01 6.701144130820044786e+00 6.565028553430643399e+00 8.427291812268197901e+00 2.540325721891165500e+01 2.870009695754281509e+01 2.789013651754028800e+01 2.864287482972428123e+01 9.311966045759142219e+00 2.732672030506336824e+01 2.999818607700821005e+01 2.830852359127413109e+01 1.136793997019904445e+01 2.844471918991932213e+01 1.260486544408812826e+01 1.303844616264517065e+01 1.347201236546541558e+01 1.703968870369946131e+01 3.665491324545708096e+01 4.974828699624462303e+01 3.021457827543036245e+01 4.987455629297795667e+01 4.667811320628022997e+01 3.762723317734808859e+01 2.971723811084804368e+01
