MOVIE_S2_data/elevation_000254.asc
nrows	100
cellsize	150.0
xllcorner	0
ncols	100
yllcorner	0
NODATA_value	-9999
[rows 0 to 16 of 100, columns 37 to 73 of 100]
9.314293920916249192e+01 1.013303685547985964e+02 1.008741170084462198e+02 9.272996496135718303e+01 9.016983658690030268e+01 9.831838974865560488e+01 9.670077572399748078e+01 1.048376764428550416e+02 9.894996724828861545e+01 9.068018723903219325e+01 9.326910949571666265e+01 1.015398668656110459e+02 1.012992702463191819e+02 9.305398510075957574e+01 9.563871759826039920e+01 1.038829395173265908e+02 1.024015741737019738e+02 9.434842593899850272e+01 1.024015741737019738e+02 1.081737442059471732e+02 1.020005909309343792e+02 1.020005909309343792e+02 1.106916833309405064e+02 1.120000236506845681e+02 1.037197403649518037e+02 1.091550442934117768e+02 1.032921879859193979e+02 1.032921879859190142e+02 1.115736498923618996e+02 1.126384577416656896e+02 1.045632809563394403e+02 1.020418451639389446e+02 1.101129664821597487e+02 1.109431276693934194e+02 1.076093176325117327e+02 1.156673767153634458e+02 1.268590653954401830e+02
7.373608638842756591e+01 9.314293920916210823e+01 9.272996496135718303e+01 7.298094484519356229e+01 7.041659790307748779e+01 8.273938241809325689e+01 7.695638396116264346e+01 9.670077572399748078e+01 8.744909697573537244e+01 7.077870348258933575e+01 7.335832708585950002e+01 9.326910949571666265e+01 8.977447292992435735e+01 7.306939743215497174e+01 7.566600634252216651e+01 9.563871759826039920e+01 9.252885715329615834e+01 7.447731355824275568e+01 9.252885715329615834e+01 8.719349440761483550e+01 8.106019420828833688e+01 8.106019420828832267e+01 1.020005909309343792e+02 1.003975915501839893e+02 8.357998522967149313e+01 8.904838885032580720e+01 8.314841406864580620e+01 8.314841406864580620e+01 1.032921879859190142e+02 1.045632809563394403e+02 8.490588809067602938e+01 8.233380896724831643e+01 9.877217291617074579e+01 9.145628725931499048e+01 8.806763832607562392e+01 9.944513876916941797e+01 1.187617933608774337e+02
7.373608638842756591e+01 9.314293920915321223e+01 9.174085356586505213e+01 7.876529109653576199e+01 5.910083931540190605e+01 6.304160576284219530e+01 8.273938241809325689e+01 9.269422778197383650e+01 7.919002890205720746e+01 5.940838296105848571e+01 7.919006023497692581e+01 9.428721197115987707e+01 8.151587803064705895e+01 6.155042581768831411e+01 8.151587803064705895e+01 9.428721197115987707e+01 8.441286974862059367e+01 6.411264619367993589e+01 8.441286974862059367e+01 8.719266847095911999e+01 6.672418274728379117e+01 8.624262119522786918e+01 9.547534157152109913e+01 9.209204731618447681e+01 7.192402192544085437e+01 8.044803242781523522e+01 6.887876519820348165e+01 8.314841406864580620e+01 1.032921879859190142e+02 9.830923111874221831e+01 9.018483875774498415e+01 7.074548518758788873e+01 8.871449871044221425e+01 7.734836387224369503e+01 9.716385067152685906e+01 1.156673767153634458e+02 1.179325489739915156e+02
7.463166624940119220e+01 9.198834935009409719e+01 8.358538633475392032e+01 6.388344163395605335e+01 5.258525027043302202e+01 7.221047791450128273e+01 8.436929834762852920e+01 7.866662866225748019e+01 6.463656813025826864e+01 5.357999446392582144e+01 7.322565377262810671e+01 8.603370582025931412e+01 6.608375767612898244e+01 5.557254249155077730e+01 6.608375767612898244e+01 8.603370582025931412e+01 7.764612856364038862e+01 5.702711119077198276e+01 7.764612856364038862e+01 8.082309389381738640e+01 6.083111946422020111e+01 7.088727551119542625e+01 8.637924097555948322e+01 9.470285392738399821e+01 7.454349203348654385e+01 6.039829191441277345e+01 8.044803242781547681e+01 9.611251997692804139e+01 8.800192097433897231e+01 8.688063921589532868e+01 7.031501235682210904e+01 6.413142754492513120e+01 6.878738721989053317e+01 8.294888936004302593e+01 1.026339109995209355e+02 1.121267741589390710e+02 9.805792274568797495e+01
6.460121262499457373e+01 7.539906843845685103e+01 8.348666901842547361e+01 6.792789378093067398e+01 4.826462924406057198e+01 5.648902446202804128e+01 7.040333522939774014e+01 6.881898475558428174e+01 5.091679984456956731e+01 4.833274694247759840e+01 6.777702264078463656e+01 8.385198698910465964e+01 6.390118748674290572e+01 4.981598552250208911e+01 6.390118748674290572e+01 8.385198698910465964e+01 7.169393094831484348e+01 5.074478726886152202e+01 7.169393094831484348e+01 7.506319333358564450e+01 5.535360693535174903e+01 5.984330857628546596e+01 8.609466974393470196e+01 9.040486353033330147e+01 7.027855372626304131e+01 5.621630117239662638e+01 7.617341338761399072e+01 8.800068137051140127e+01 6.818707549563750092e+01 7.399237347237757945e+01 5.894919011991049018e+01 7.871298913652047702e+01 8.289915282176359312e+01 9.682732115162053788e+01 1.073963870391940247e+02 9.914802233222323480e+01 8.406268273148089065e+01
6.180624101813322113e+01 5.617596934037118928e+01 7.539918589049250386e+01 7.608140580014284637e+01 6.225159836666433222e+01 4.242581838477898515e+01 5.713256128508950127e+01 6.067692189586329476e+01 4.159030085893974160e+01 6.067692189839227979e+01 7.282174056072781809e+01 7.860393538831611693e+01 6.558922937371941941e+01 4.559428248905668823e+01 5.974768802585397509e+01 7.969195772089940988e+01 6.628488530912626686e+01 4.519304570226877615e+01 6.628488530912626686e+01 7.034604417477166294e+01 5.012785297244063543e+01 7.034604417052305791e+01 8.450115910487433268e+01 8.687226873986580244e+01 7.225950167144659986e+01 5.238052988860585657e+01 7.216704285171873323e+01 8.375316309540320958e+01 7.398422747432249480e+01 5.446134270195192784e+01 7.399237347237937001e+01 8.688063927650659934e+01 1.022089685556919960e+02 9.904084727781108199e+01 9.595856384690061702e+01 7.938338092563617465e+01 7.425618524266671727e+01
4.251235718007308151e+01 5.778324593270313159e+01 6.528564266453395248e+01 7.332984524214111843e+01 7.040333520831362080e+01 5.713256128508950127e+01 3.700498092119858740e+01 5.659779408141749002e+01 3.776929487617341152e+01 5.669712858333117111e+01 5.373083366682277529e+01 5.932243083704656073e+01 6.174120005162203739e+01 4.167059807770505131e+01 5.655899290484910580e+01 6.476302916362088524e+01 5.965681943844646895e+01 4.058583595154333068e+01 6.131010155457567379e+01 6.082900977452206348e+01 4.591895552498930755e+01 5.623145153011910935e+01 7.631776504835247010e+01 7.855564448844683056e+01 5.857189493606622221e+01 4.874642900075899377e+01 5.750897378559203332e+01 6.992543423828954019e+01 7.100585482865938047e+01 5.169631354664758760e+01 7.101797071280023488e+01 8.794190187630309197e+01 9.135654744362925328e+01 7.710437257797462962e+01 8.773680071824402660e+01 6.808591534557888281e+01 8.758393380010670626e+01
4.494554057972431593e+01 3.839342085894164569e+01 4.600022031817525914e+01 6.119645588825970606e+01 7.109653942647254610e+01 5.156927135405332763e+01 3.332679076298374099e+01 4.883640682387967047e+01 3.395395706450658935e+01 4.914416221632088622e+01 4.169313110392963040e+01 5.932242117947680526e+01 7.000302107967900156e+01 5.655899290484909159e+01 3.643582978708783315e+01 5.174177601389326497e+01 4.833809070312092615e+01 3.674935150920315152e+01 5.581310139134509996e+01 4.078082268142638611e+01 6.082900977452205638e+01 7.443038093770348951e+01 8.455695566590500789e+01 8.687226873977137132e+01 7.623116188676982574e+01 6.351227688712086916e+01 4.397296131963739185e+01 6.081800879097232126e+01 6.431963688840092175e+01 4.902581955392570734e+01 5.989810689699625357e+01 7.968830809102375667e+01 7.778863861031864246e+01 6.308093727737024636e+01 8.076346933928590488e+01 6.432759068603093056e+01 7.288112174716125935e+01
6.420209871795290724e+01 5.415119888142808691e+01 3.466247549408527107e+01 4.878597831778230898e+01 5.979670351511508386e+01 5.024980466212497987e+01 4.521502348865293186e+01 2.842004218422596296e+01 3.793233058381725442e+01 3.310314271886414161e+01 4.745675735051733568e+01 5.614770595481778770e+01 6.143418871125218317e+01 5.736214721871742483e+01 3.715402694842480713e+01 3.155591485536844587e+01 3.219070151995678231e+01 3.282693694236782278e+01 3.611700636942903486e+01 5.596652894650774357e+01 6.082846325809577337e+01 8.092016737285393901e+01 7.495194482498897059e+01 7.219387702678268681e+01 6.720444473548633368e+01 4.139613522008586699e+01 4.072368173578630035e+01 4.852089052191911378e+01 4.528544676526629331e+01 6.306973191309469229e+01 6.596369174815718850e+01 7.091717396527694461e+01 6.582137776537796015e+01 5.372739640385425020e+01 7.256985438062190497e+01 7.871607023122274427e+01 5.910546540697610851e+01
5.575165107116595919e+01 4.205267546761000119e+01 3.215444490542371625e+01 4.843338408512074267e+01 5.045485818070973494e+01 3.521150167354449678e+01 2.529947024539578138e+01 2.588749546569339088e+01 2.649150673112942656e+01 2.709803341104577257e+01 2.770689671642005081e+01 4.789239620588289625e+01 4.324353814714898192e+01 4.995117875279508013e+01 3.067380710206987970e+01 5.086440798406623998e+01 4.652509890304114748e+01 5.300512929181734734e+01 3.375570954509505839e+01 5.391699605891157177e+01 6.309568087352506893e+01 7.486018412256980525e+01 5.455845387518127154e+01 5.224246010666824702e+01 5.874791735580543417e+01 3.970946889385216849e+01 5.970881626710664136e+01 4.175969662043436159e+01 4.249702594670657874e+01 4.326228426737504407e+01 5.655325366971278100e+01 6.133555158561792808e+01 4.618300986185759882e+01 4.694113206199324395e+01 6.657210007469885227e+01 7.585353280365605144e+01 7.388842818333159812e+01
6.942300551508103013e+01 5.974612902058750308e+01 4.843338404430794242e+01 2.874715274886826322e+01 3.085521615280313412e+01 2.446663592064237847e+01 4.446385847171880812e+01 4.585370945283566613e+01 3.279663432648737853e+01 4.891395632596834986e+01 4.159065192206261230e+01 2.856973771191049494e+01 2.918131216155281749e+01 2.979416862308405456e+01 4.946175628919446865e+01 5.901248062728715382e+01 6.648502235144492545e+01 5.762109944425436225e+01 3.774081150261880424e+01 3.469839380374126137e+01 5.485226060997793240e+01 5.664814447998082159e+01 5.645988189066222418e+01 3.799370456667681850e+01 3.870080814437928041e+01 5.875328058219938754e+01 4.535082670347811273e+01 6.355340943888718641e+01 5.665555319190048778e+01 6.312225423382340495e+01 4.433325106725560971e+01 4.509411639101261216e+01 6.493145550372170760e+01 6.657200063016736635e+01 4.800618631039292694e+01 6.764251394228588765e+01 6.948688086908106243e+01
6.824833939900364044e+01 6.671366886788082695e+01 4.693840218827892130e+01 2.637320043546412762e+01 4.154924762574199804e+01 2.387602364166831137e+01 4.456751503722745156e+01 5.785958364032276791e+01 3.916562757873913370e+01 5.785965888450326133e+01 5.558280566424246416e+01 4.030075758839694089e+01 4.955823878067703703e+01 3.303447926275398316e+01 4.417502581791278260e+01 6.451275234377183665e+01 6.428480301198590041e+01 4.379271673135672671e+01 5.757998108002107074e+01 5.234123521071464324e+01 3.564715150993227866e+01 3.632196157847621265e+01 3.700301702607794851e+01 5.711875159691713577e+01 5.273362476535187682e+01 6.670382121446577628e+01 4.931028130493238848e+01 6.909199185083903672e+01 7.763514481209203666e+01 7.682132142341652070e+01 6.575930099216326141e+01 4.713492836965520638e+01 6.774914318074056041e+01 7.442797366770366807e+01 5.654206118751868360e+01 4.906681385265554951e+01 4.982055802944458378e+01
4.825620538842719043e+01 5.849330295313270511e+01 3.864774490446910704e+01 4.228947197524632884e+01 2.303727874289012689e+01 4.262830782659730033e+01 5.292892241975589229e+01 6.605547493072589305e+01 5.230298025701384290e+01 5.440269764031899058e+01 6.853077490370469604e+01 6.029064068888418149e+01 5.091776503900062067e+01 3.655306860774447131e+01 5.691355796036307879e+01 7.286616445367741335e+01 6.929690808564501481e+01 4.868379332866259546e+01 6.913023650592541003e+01 6.321578012967309945e+01 5.547108066768312540e+01 4.543977323089419684e+01 4.060958802873451390e+01 5.993087246484716957e+01 7.156502175970126700e+01 7.317050991711221286e+01 5.338163020059577946e+01 7.323539820363747310e+01 8.447561223606172121e+01 6.334228890152029123e+01 5.096758920444173668e+01 6.774917980713894394e+01 7.642051181763197576e+01 7.797306621301792973e+01 5.835973412546040606e+01 6.871888569757997800e+01 5.464139699761119573e+01
3.382785391795751906e+01 4.499555996389125312e+01 4.150605195057392649e+01 2.221702769794703869e+01 2.717958365266401799e+01 4.693788174740628705e+01 6.044364389747214972e+01 6.849811376183640732e+01 7.159870638091285855e+01 7.375835465922276057e+01 8.197779123023815373e+01 7.939116269580199514e+01 6.161868151467793808e+01 4.142246193819200073e+01 5.296314210843151926e+01 7.307854278415048555e+01 7.475489710241079422e+01 5.433297218090050507e+01 7.475489710237347651e+01 7.814849465166767573e+01 5.933270184902016098e+01 6.314588756374226364e+01 4.409655288354304048e+01 5.757697621471589855e+01 7.739378103762749106e+01 7.769071568301178843e+01 5.774249430219310852e+01 7.769782054088744871e+01 9.302950996544015538e+01 8.090974019398825590e+01 6.609327157027317412e+01 5.602371141566905521e+01 7.719609847649296341e+01 8.631472045384775527e+01 6.691103196717106982e+01 8.463455656370024371e+01 7.111322238682186025e+01
4.499555999728008970e+01 2.551308851110285758e+01 2.139650826360642810e+01 4.150192320213700015e+01 4.693675103026040318e+01 3.478993855243364663e+01 4.107669869049690448e+01 4.979778792884162186e+01 6.088886313062710798e+01 8.021327899971572606e+01 8.476711638275260441e+01 6.469806600769237548e+01 5.315502981418741513e+01 4.828662811137648703e+01 6.828470821632868137e+01 8.136224826849363012e+01 8.084603414371250096e+01 6.064401803107907796e+01 8.084603414371250096e+01 8.571342739005187639e+01 7.817385316746762669e+01 6.722479789636348357e+01 4.766283278781035193e+01 6.722113859250417534e+01 8.236498189948906656e+01 8.256090289028304596e+01 6.250184675643632204e+01 7.666143600382217471e+01 9.681288756102483717e+01 9.572620881770090762e+01 8.075384982296007763e+01 5.970291500451340028e+01 8.069286160738732860e+01 9.529349525113434538e+01 8.103775349319080590e+01 9.535238673730059134e+01 9.323238125652878239e+01
5.320723970922382762e+01 4.095422584148427347e+01 2.081673757311738626e+01 3.513366578300444587e+01 5.501563162438269927e+01 4.615172853565544386e+01 6.044364389747377686e+01 6.849811376408936781e+01 7.714655248208066496e+01 8.836269901391958115e+01 9.302165820817177178e+01 8.145860011253044775e+01 7.318024474633138254e+01 5.980539021605464001e+01 6.240912504772646940e+01 8.246962078881929870e+01 8.909295314248909392e+01 7.238899384662609293e+01 7.499348195152434471e+01 9.497534502058974226e+01 7.869305669447913942e+01 5.882944978178517204e+01 6.722479788252773858e+01 5.438677311063035802e+01 7.426961999757114086e+01 9.089314242513712827e+01 7.666143600381903411e+01 7.141651016970429566e+01 9.158189277587872823e+01 9.937600344267936237e+01 7.831151983705957775e+01 6.339629066191475459e+01 7.831151983705957775e+01 9.937600344267936237e+01 1.012553393868890197e+02 1.017229260398880939e+02 9.284184710396897344e+01
3.912672280829342242e+01 3.962364094431155337e+01 2.023793128675173492e+01 3.457917979643735151e+01 5.446294248130649862e+01 6.547635808913700828e+01 7.355302094220319020e+01 7.597753600738107593e+01 8.421874763752217063e+01 8.673626639034640107e+01 8.673626639034640107e+01 9.512451434732381017e+01 8.813624712488326907e+01 7.986767201146973605e+01 8.246962078881929870e+01 9.073132140122876876e+01 1.006169803934784710e+02 9.239856603036145088e+01 9.497534502058974226e+01 1.031924243334537437e+02 8.690949338121514245e+01 7.031029045291035118e+01 7.987211053523137139e+01 5.986017851400549716e+01 7.400222730596104270e+01 9.398295070187165834e+01 9.681288750363030715e+01 7.853867174212986413e+01 9.871546723560803116e+01 1.034189655857628480e+02 8.241112144078782364e+01 6.734822332714631443e+01 8.241112144078782364e+01 1.034189655857628480e+02 1.079243060236142497e+02 8.704159594109313502e+01 7.323308288269232946e+01
