MOVIE_S2_data/elevation_000827.asc
nrows	100
cellsize	150.0
xllcorner	0
ncols	100
yllcorner	0
NODATA_value	-9999
[rows 34 to 50 of 100, columns 37 to 73 of 100]
7.137830501959292917e+01 8.168596670341915456e+01 6.302084554010735928e+01 8.184859072871883257e+01 9.058633319573813480e+01 7.048513886649502069e+01 9.058633319573813480e+01 7.194298916992622139e+01 5.220190393729422595e+01 7.194298916992622139e+01 7.251830825838493411e+01 5.274923956152861848e+01 7.251830825838493411e+01 8.216731344472320586e+01 9.063346064848744277e+01 1.025017088566753074e+02 9.038730655323351471e+01 7.503882983729360490e+01 5.629691600502707161e+01 6.695963323824881286e+01 8.607521763375766000e+01 9.278146821576844161e+01 7.367815971679578979e+01 5.499147319346570839e+01 6.504982577562245183e+01 4.979007222300563029e+01 5.903654958222711713e+01 7.781120348220599681e+01 8.547348714860838470e+01 6.582471092164635706e+01 8.547348714860838470e+01 8.925765229351976870e+01 7.758195111083776396e+01 6.123663753755749894e+01 4.136310677592509677e+01 6.123639767629524755e+01 6.126830628384067268e+01
6.711094085978146495e+01 7.547605389104043638e+01 5.650706669077302990e+01 7.553554458701266583e+01 8.298879587552134751e+01 6.307450292249962587e+01 8.298879587552134751e+01 6.752874831664203725e+01 4.788637414899188371e+01 6.752874831664203725e+01 6.785869408062173136e+01 4.820068449988393411e+01 6.785869408062173136e+01 6.215192313339082375e+01 7.621912828005353902e+01 9.652750270925385223e+01 8.225210075392173792e+01 6.326595963931275435e+01 5.257735423768804850e+01 7.129044707053003549e+01 8.462041096544177776e+01 8.065315959158157000e+01 6.745007686060566243e+01 4.872279411591177478e+01 4.625881274811732169e+01 5.711882031430359064e+01 7.588378034139913098e+01 8.588083050472744162e+01 7.804694792484401944e+01 5.842360066661444762e+01 7.804694792484401944e+01 7.849591484962633103e+01 7.011328389103670133e+01 5.964132184165337236e+01 3.979387076018574732e+01 4.718593722681695368e+01 6.110306030618735207e+01
6.020351738128377406e+01 6.267928746496244941e+01 5.071211601489348908e+01 7.000930621128098608e+01 7.669134350395871991e+01 5.692759108284544567e+01 6.862282536573236769e+01 6.343303017613751393e+01 4.383371037011388438e+01 5.788950539923609995e+01 5.874222972543723387e+01 4.396267453652283308e+01 4.980936152640167336e+01 6.105913696834301163e+01 8.105047148516085542e+01 9.678165017151052041e+01 8.529921098359729115e+01 6.787391938188530105e+01 4.908516289208782979e+01 5.763859069210909780e+01 7.112950082875231317e+01 7.264173120936295902e+01 5.386893284741952215e+01 4.272021908319996442e+01 6.180331048242776149e+01 7.298416721582171363e+01 8.392962303826054438e+01 8.576390176804834198e+01 6.607465340876230186e+01 5.215928823941074199e+01 7.184150073673106363e+01 7.002798948584116090e+01 5.018563735972117001e+01 5.597936950594840511e+01 3.828836511692426825e+01 5.153837725952919158e+01 6.825438978822654690e+01
4.034067725504781521e+01 4.302809672195807877e+01 6.267928746495917380e+01 7.290110715283655907e+01 8.229778630137536766e+01 6.862282536565889757e+01 4.902001801989509744e+01 6.146489308605124080e+01 5.733331511890428800e+01 3.827291924804593037e+01 3.912535025538086586e+01 5.874222972543723387e+01 6.950846912041623682e+01 7.789613102446541859e+01 8.951193868364515538e+01 8.842735797579803148e+01 6.865553315858539918e+01 5.774549810132158001e+01 5.065579616640710015e+01 4.412097746678357169e+01 5.915397963560432260e+01 6.709302047092229770e+01 5.970866886142385255e+01 4.036924619575587769e+01 5.970866886152438013e+01 6.536320934528592375e+01 8.440371362099003250e+01 8.050172896055835281e+01 6.081513974588450111e+01 4.683088396261192798e+01 5.980690294314875644e+01 6.276057243842727473e+01 5.358562579510169854e+01 3.623006060761066749e+01 3.702198099948852672e+01 5.658364418358551262e+01 6.435952882476033210e+01
5.229616998819986406e+01 3.807843764677623710e+01 4.577354543541481036e+01 5.572021809313249463e+01 7.450783653982681187e+01 7.283396566532287864e+01 5.314217925794259401e+01 4.191459876982550981e+01 3.769719707765337091e+01 3.442267601131658949e+01 5.411848691142806445e+01 6.518137456139851338e+01 7.353687845380505905e+01 8.510151383384572910e+01 8.912092313438238023e+01 8.182793122123069907e+01 8.499127512072604418e+01 7.691289351895406412e+01 6.950648897430336604e+01 5.360620450058849684e+01 3.970308948577744701e+01 5.529762182977579954e+01 5.762324469837793828e+01 3.803261534682829392e+01 4.640424648912102157e+01 5.982505697886399076e+01 7.873349190107977336e+01 8.512572131593499591e+01 6.541401345828005276e+01 5.147257717306520419e+01 4.004612322761866494e+01 5.385324948805165235e+01 3.525606217844011780e+01 5.481579232051937822e+01 5.677921818231050111e+01 3.817416268021295167e+01 5.574390348903710901e+01
3.229134863237186437e+01 5.229616986478387730e+01 6.374475269160491564e+01 7.290110715473065284e+01 8.229764328071816237e+01 8.121202114074947076e+01 6.975185900130739469e+01 6.098931666820787711e+01 5.053371068911463482e+01 3.190521293089824084e+01 3.857582576445073386e+01 4.551637358617055185e+01 5.677322618707678004e+01 7.666709531455524029e+01 7.974230632521296513e+01 6.536980833045581107e+01 7.268329894294775784e+01 8.002714594993639707e+01 8.057984080717776010e+01 6.709302265388315334e+01 5.529762182977582086e+01 3.544677155933537449e+01 5.275134193289106577e+01 3.580817075883879852e+01 5.560262793183996166e+01 7.331447383153863484e+01 7.697675377573031597e+01 6.963544061090838966e+01 5.924177403174454781e+01 5.213160847974808121e+01 5.131507018842445689e+01 3.425393193641582457e+01 5.385978545995602218e+01 5.437048214455498396e+01 6.618416002007734278e+01 5.738722416427442141e+01 3.936309982339513169e+01
2.832901414820951658e+01 3.566350219480348471e+01 4.590810423128076678e+01 6.017443286237048738e+01 7.979872167478649203e+01 7.373444615726496920e+01 6.398750838330762747e+01 5.901594617921051622e+01 4.968312420480929603e+01 2.984459801169665027e+01 4.968352796663103277e+01 6.518137456415479392e+01 7.353687845380505905e+01 7.597065210165320082e+01 7.249060109402270768e+01 5.576292143056087980e+01 5.578127816638397718e+01 7.012728006971819639e+01 6.990711900097605280e+01 6.208183162487021889e+01 5.258773245399172680e+01 3.252933616510703985e+01 3.271165827913281277e+01 5.275134522793610614e+01 5.722022396528333843e+01 6.922056281029898628e+01 5.892908670591683773e+01 5.849958542392980121e+01 4.399869587543565075e+01 3.244790268065030148e+01 3.320783916424727522e+01 5.240964816455085185e+01 4.826686390513600600e+01 6.878776279738384858e+01 8.072482311577137182e+01 6.869510456404115928e+01 5.981926473981290826e+01
4.549834636283178213e+01 5.590753861780574852e+01 6.408599664081634728e+01 7.405638428454412292e+01 8.458276383571806889e+01 6.222505371484488279e+01 4.367544428082192809e+01 4.240782446296488928e+01 4.499927487108436708e+01 2.778246030052959981e+01 4.195308523087492603e+01 6.167606194389333751e+01 7.066963162044453384e+01 5.783328665513385403e+01 6.442240238011515885e+01 6.292491269444929713e+01 4.538780332199039691e+01 6.292298054509011251e+01 6.195873347596779723e+01 4.499765828613320906e+01 4.806097108796620887e+01 2.965694209071912013e+01 4.886804162244398952e+01 4.791455067954544944e+01 3.592007530402186433e+01 5.489301992558373655e+01 5.794199896561928398e+01 4.144110089707841382e+01 3.141690233607810256e+01 5.112502425718712828e+01 3.854284389724692517e+01 5.763066309421174793e+01 6.887699632020988361e+01 7.749234895078910768e+01 8.314897453128152449e+01 6.302749215180276821e+01 5.185068913228450782e+01
5.367521783862077456e+01 6.468204069786283128e+01 6.383460421616459257e+01 6.536623345630363247e+01 6.764819595151209342e+01 7.131030987350301587e+01 5.279552242145181395e+01 3.178385096688376521e+01 2.488324028355502193e+01 4.500176001114571989e+01 5.597789696502857026e+01 5.800704581990262909e+01 6.163885492766696217e+01 4.247740167839096159e+01 4.547148187602914504e+01 5.178678519925813362e+01 3.994211439163454713e+01 5.772878567847714493e+01 5.260347694121268347e+01 4.681522852873426643e+01 3.624067086439254126e+01 4.762633136152362567e+01 2.752820437230118245e+01 2.703144909142958952e+01 2.752726436990501568e+01 4.765024134840022185e+01 4.884069515771439995e+01 3.049458160098603443e+01 5.012102949282569142e+01 5.366599183002550433e+01 5.763066306259597127e+01 4.704410905914966179e+01 6.619536574047950239e+01 8.565292558735498574e+01 9.161419923108732632e+01 7.817180082315717016e+01 5.817076097551775860e+01
3.475526421927794019e+01 4.825124695910849937e+01 4.953872785717361893e+01 4.692436483013340620e+01 5.338828677879220663e+01 5.603341205947346282e+01 5.403605946645829761e+01 4.309763244341183253e+01 2.294320609178864245e+01 4.240754149334880907e+01 4.974745186822449483e+01 3.452309336658920103e+01 4.328315747601624253e+01 2.322795156027567742e+01 3.343627579118405180e+01 3.260312945421057407e+01 4.875225722684592000e+01 4.521978636386351980e+01 3.941488589918282059e+01 3.191478167753270867e+01 4.339311091777570084e+01 4.529300959025320594e+01 2.632032770733636085e+01 4.511413544405360909e+01 4.680469256519722165e+01 2.821903088319527342e+01 3.478549009977765394e+01 2.987089843107114362e+01 5.461057325722281774e+01 6.806864020945336335e+01 7.435388968976893409e+01 6.619536574047950239e+01 5.797627324950111927e+01 7.163684166512427964e+01 9.139152643394145059e+01 8.655988416571589994e+01 7.817180082315259426e+01
4.041173909491745775e+01 3.274994532761573396e+01 5.101035461578636188e+01 5.149918141206841682e+01 3.269010825296567901e+01 3.730698534238364772e+01 4.086588257420544323e+01 3.752770625498639134e+01 2.105470169022805038e+01 4.127128876139877178e+01 3.408815067308319868e+01 2.063460785556294752e+01 2.106279572901831187e+01 2.149583720987698143e+01 4.008962220924242104e+01 2.758421107941671480e+01 4.289138088539455396e+01 2.368408081567807955e+01 2.416634905977486625e+01 2.465198730532518212e+01 2.514020993872952303e+01 2.562941261815947414e+01 4.526002137652104551e+01 5.078530541458005843e+01 5.307755451453051876e+01 3.463821780371682735e+01 2.890819958218371966e+01 2.954691807191277064e+01 3.654870112077639277e+01 5.675116164130809437e+01 6.554655363084080477e+01 7.380874939738816920e+01 7.742285487370817521e+01 8.565292556931183299e+01 8.168492069860282356e+01 8.284442032231577002e+01 9.090214333485025122e+01
1.846676221988368027e+01 2.815607072515877007e+01 4.240532038475965493e+01 3.763180945197476746e+01 2.471910796362108798e+01 3.599168417577894274e+01 1.808857095036066553e+01 1.848065132775491648e+01 3.529345772416298388e+01 3.826420149649261759e+01 2.003742469648164715e+01 3.799972961480317935e+01 3.841132896335216174e+01 3.413346978871007309e+01 2.211676671954810658e+01 2.255969665264797186e+01 2.300760459096302668e+01 3.732354241350092394e+01 4.404901917418305146e+01 4.648432078632843201e+01 4.306312106703180120e+01 3.280357476436435604e+01 4.018131910212755997e+01 5.790568286959012312e+01 4.487051872575703726e+01 5.385343976588094250e+01 4.935260057404131828e+01 4.875947412329061592e+01 3.043952534685378808e+01 5.049206167419751523e+01 4.556588952934603753e+01 6.545904437855618596e+01 7.427600850652326869e+01 7.676760174521068336e+01 6.385149949309448658e+01 6.497364288824920209e+01 7.827429908793099855e+01
1.521775703572317617e+01 3.414409243765061319e+01 1.633563604591945051e+01 1.673510732468461981e+01 1.713315531764841282e+01 1.753044226400566075e+01 3.159325231570749182e+01 2.030564240275766963e+01 1.904879861105936811e+01 1.945363834482316534e+01 3.985923893426897280e+01 4.660485963697720990e+01 5.033879684647453701e+01 3.304043838096751529e+01 4.273454016068041739e+01 4.381149298159305516e+01 4.333346822175083446e+01 2.501982034342974970e+01 4.490370094917052768e+01 5.580718992930081157e+01 6.014552914304543663e+01 5.700248780583991248e+01 4.907609359691460327e+01 6.668242543058492799e+01 5.359911009146130567e+01 7.092207628220411664e+01 6.149903247600899903e+01 4.127246638404307788e+01 4.947259356629524518e+01 3.132423460464151432e+01 4.997023599597380894e+01 5.703937759241727434e+01 5.633139822504941918e+01 6.448967176129063716e+01 5.155912281695525223e+01 5.520655845896851588e+01 6.097367961367486799e+01
1.696729770882625132e+01 1.576799528458051469e+01 1.948725299560353363e+01 3.358613379175451286e+01 3.723078222095570311e+01 1.969957514866899118e+01 4.047089909233286420e+01 2.680523292681692737e+01 4.017463648745307836e+01 1.925234646729461474e+01 3.676246403236005733e+01 5.008649543715250729e+01 5.581827215307470169e+01 4.381568327890987291e+01 5.861905997047110617e+01 5.685091168052991861e+01 3.773892037343483707e+01 4.426987064425792084e+01 2.704690336020492936e+01 4.716673366161899139e+01 6.323488989856053877e+01 7.212683882162724558e+01 7.130803921381901489e+01 7.799241632466362262e+01 6.378096555660615508e+01 7.664532168317785477e+01 5.591572192944163788e+01 6.150327015699480171e+01 5.307619832097623913e+01 3.194711069843168971e+01 3.479083691178450977e+01 3.768796708368311243e+01 5.339907652756824774e+01 4.656839567452463768e+01 6.448967160864286541e+01 7.252672216970130137e+01 5.959194217646795266e+01
4.021502187574646570e+01 3.594667348237271653e+01 1.752612750904646077e+01 2.618613145572619416e+01 3.463815813327686044e+01 4.920297768409339767e+01 5.041710136343385074e+01 3.299548853843052143e+01 4.959167772578643962e+01 4.295308259344850654e+01 2.574276839870173106e+01 4.647306233547873688e+01 5.895002273981193497e+01 5.940674766348506353e+01 6.955724666244570642e+01 6.429453310768148810e+01 5.112754147183541420e+01 4.808648325347064656e+01 2.846661418579495617e+01 3.557751818351626127e+01 4.431509289359374293e+01 5.801901082786982755e+01 7.816617660004139623e+01 8.994509770511216118e+01 8.205111188210128148e+01 8.525364832252110148e+01 7.680985947532745683e+01 6.620147143112195920e+01 4.679583355640212972e+01 3.258340616402457357e+01 5.256770875461989334e+01 5.707768054819851500e+01 4.205112930911062818e+01 6.139135841537602545e+01 5.661985013534721389e+01 6.972314984345477740e+01 7.784370280315111756e+01
5.629631048832882811e+01 3.924577383989306156e+01 1.865984924362906838e+01 3.857437277331260361e+01 4.954106429752013696e+01 5.914239357216709436e+01 5.744566859615913756e+01 3.902334331554590818e+01 5.747660574079046114e+01 5.507945147565850164e+01 4.647978261911237752e+01 3.038273726864904134e+01 5.130966265663593617e+01 6.556858859903384484e+01 7.909648427590907716e+01 7.633508454982369074e+01 6.261865036873121682e+01 4.374664009881589521e+01 2.989171964586146402e+01 4.950112823714253096e+01 6.264240244074095187e+01 7.210641144151709625e+01 8.157313113329608711e+01 8.989214030360908225e+01 8.817138532031694353e+01 7.827493380550671986e+01 7.009624392155488692e+01 6.312795292797884628e+01 5.275084142495541073e+01 3.321977735507060459e+01 5.216471011764463839e+01 6.756290304034733651e+01 6.319832119846767426e+01 7.235908275612376883e+01 6.629366798057668575e+01 8.168659319423110787e+01 9.470849304364674026e+01
4.038964150049886115e+01 2.835487829833288131e+01 1.984319993657821612e+01 4.074369383092038532e+01 4.293705882567556387e+01 6.316104392258787925e+01 6.544712290060954274e+01 5.195628970507013378e+01 5.195670149081349365e+01 7.080397374463990445e+01 5.960885027256883006e+01 3.963226414196859793e+01 3.577217033262481038e+01 4.842389707460879578e+01 7.177079610222317285e+01 7.650184920453440895e+01 5.869649327323316612e+01 5.085923773327719744e+01 3.130689217615647735e+01 5.085923694242983828e+01 6.181500959577249432e+01 6.766430175877023601e+01 6.190307599510830272e+01 8.157313113329608711e+01 8.001246080635404212e+01 6.018039096572719160e+01 5.015782094012801906e+01 4.342690542171598622e+01 3.477166600139255337e+01 3.385736365000042980e+01 3.956678341271624078e+01 6.184896796313681477e+01 7.569257810611773607e+01 8.411092759477946856e+01 8.425955560830702495e+01 9.230614072141712256e+01 1.045893051086938073e+02
