MOVIE_S2_data/elevation_000131.asc
nrows	100
cellsize	150.0
xllcorner	0
ncols	100
yllcorner	0
NODATA_value	-9999
[rows 0 to 16 of 100, columns 0 to 36 of 100]
4.047028337263018118e-03 2.000404702833690607e+01 2.931166212633172918e+01 3.348195040747283002e+01 3.795408636247233147e+01 4.329931120072073014e+01 4.907281389261688531e+01 5.663210335280116681e+01 6.491637460026177564e+01 7.646337998405387282e+01 7.723261534890825430e+01 6.903370857280711448e+01 6.822540621000081273e+01 7.041955344277104700e+01 7.860934247593355906e+01 8.313196107619872066e+01 8.056320936213107586e+01 7.258420594767625289e+01 7.258420594767136436e+01 7.460192857409037970e+01 7.059663482034910942e+01 7.621281117329613153e+01 7.662862876173728921e+01 8.467230813826631675e+01 8.817140713963935639e+01 7.990958644703417235e+01 7.852560460173097567e+01 7.852560460173097567e+01 8.678559306465761836e+01 8.987231370072994707e+01 8.162572421786795474e+01 8.162572421786795474e+01 8.987231370072994707e+01 1.013615069573982623e+02 1.006088511207247933e+02 9.469248371554921562e+01 1.006088511207247933e+02
9.482596902220898072e-03 2.000948259690186504e+01 9.311662126332084455e+00 1.348195040747354412e+01 1.795408636247304557e+01 2.329931120072144068e+01 2.907281389261759585e+01 3.663210335280187735e+01 4.817910873659398163e+01 6.817910873659256765e+01 6.550644550962354629e+01 4.850948260544699764e+01 4.767788463844507874e+01 4.993760720658161034e+01 6.307362231851633538e+01 6.307362231851633538e+01 7.258420594767625289e+01 5.362243826714325223e+01 5.362243826714325223e+01 5.562491198983911289e+01 5.166747145077887637e+01 5.721169503953354507e+01 5.771564793193871168e+01 7.662862876173728921e+01 7.669358249996849963e+01 6.005659341530190432e+01 5.868212515969369036e+01 5.868212515969369036e+01 7.852560460173097567e+01 7.841132611409364017e+01 6.179874216509887219e+01 6.179874216509887930e+01 7.321884592233574551e+01 9.310973353608899572e+01 8.033915526108694394e+01 7.439381195005303482e+01 8.033915526108694394e+01
3.324160138653916522e-03 3.654807876839753611e+00 2.365480787684010977e+01 3.348195040747283002e+01 3.795408636247233147e+01 3.428401798102699161e+01 4.907281389261688531e+01 4.907281389261689242e+01 6.491637460026177564e+01 6.249333397493875708e+01 5.718404118564305350e+01 3.634277553716313491e+01 3.276575479113888889e+01 5.000387523600377193e+01 4.240853770697615488e+01 6.307362231851633538e+01 7.258420594766963063e+01 5.362243826714325223e+01 4.011022680425958953e+01 4.213971810765401926e+01 3.830497141173038500e+01 4.463763845531188679e+01 5.636857763036534408e+01 7.435747831324913193e+01 6.844745557594369245e+01 4.863976928441575609e+01 4.469687985369383654e+01 5.701148256350703747e+01 7.685525070707976170e+01 7.017861079248383760e+01 5.041193685243536038e+01 6.436748020160945316e+01 8.420792107769392487e+01 9.237146762956295731e+01 8.033915526108694394e+01 5.975619925585875336e+01 8.033915526108694394e+01
6.476169185215582824e-03 2.000647616918486094e+01 1.998473949539456740e+01 3.412687511912601934e+01 5.412687511912672278e+01 5.428401798102628106e+01 6.256828922848788466e+01 6.907281389261547133e+01 6.249333397493875708e+01 4.179222775863055972e+01 4.559095152790140304e+01 4.515133085324067963e+01 2.412671039095106806e+01 2.905288331138909896e+01 5.000387523600375772e+01 6.049172514481667662e+01 6.630521877504158113e+01 6.364554294060467754e+01 4.461429729188745341e+01 3.098162178112664122e+01 5.018842008804870858e+01 6.324805652558399061e+01 7.107673718040183530e+01 8.157294321909566293e+01 7.102547435172817814e+01 5.120669710183082657e+01 3.711989142522597973e+01 5.701148256350703036e+01 7.408094986501593837e+01 6.489574496678861237e+01 4.512866315881565527e+01 5.909278061408146243e+01 7.890534020906156343e+01 8.398777066554208659e+01 6.341249059794840548e+01 5.261645045705365220e+01 7.347816992601090647e+01
5.418514359027011389e-03 2.000541851435867002e+01 3.773040699820486310e+01 4.614580327905892432e+01 5.788317939463097161e+01 6.463161689453765746e+01 5.625814059072761353e+01 6.038106759921078748e+01 5.264084070506848434e+01 4.559095152790140304e+01 2.464048255599032089e+01 3.349519262731966052e+01 1.859098096085725160e+01 3.953226467775176900e+01 5.467567818087281495e+01 4.067137907440102396e+01 4.647662403175826284e+01 4.995881050374672583e+01 4.200339660951665621e+01 2.743056791764884039e+01 4.248478951435432549e+01 5.965276836076792222e+01 5.044737564247778039e+01 6.344156712353892402e+01 6.771182689717207381e+01 5.244803858466427471e+01 3.240389531689708491e+01 5.244803858466427471e+01 5.426029148106693611e+01 5.426029148106693611e+01 4.041542908878286511e+01 5.443807479565951724e+01 7.423547512830388939e+01 6.825978971308438759e+01 5.972639844794868225e+01 4.608317551762534237e+01 6.718812483872149244e+01
5.264502547137648453e-03 2.000526450230371012e+01 1.646957542634907767e+01 2.799406314534841655e+01 4.956100633457288041e+01 5.292818021148921304e+01 3.596416877666437273e+01 4.895135557981306818e+01 3.238410525446023058e+01 3.696650592059645390e+01 2.838932339775720948e+01 1.272849766411295747e+01 3.348272831203922806e+01 3.497147116241740861e+01 3.621000886815017594e+01 2.654328959862236914e+01 4.552347601963164436e+01 3.752367724564160056e+01 2.256582575922252687e+01 4.185235481951346515e+01 5.118590022909104675e+01 5.062104841364719476e+01 3.142746108696934115e+01 5.078371762732784589e+01 5.949378346143591756e+01 3.975555745001774000e+01 2.797818923834718774e+01 4.532603502187993172e+01 4.891943933743871042e+01 3.427665260619282606e+01 5.426029148106693611e+01 6.845472628533028114e+01 6.190262620354360479e+01 5.330892586875949490e+01 3.844204980038401231e+01 5.361656169265924632e+01 7.447684920645413342e+01
5.458922989205592172e-03 5.931282844141406052e+00 2.613396678230779813e+01 4.158540240064478866e+01 5.000841542078414648e+01 4.435617133472251794e+01 2.438191718929999752e+01 3.284699997034172014e+01 1.876560042034741471e+01 2.594908695634359219e+01 7.793851499598165589e+00 2.522481519478728273e+01 2.564967009259004982e+01 1.657108814615504144e+01 1.507307059706628394e+01 3.314970935591176016e+01 3.323668490403846221e+01 1.795661369960724585e+01 3.751519719227887606e+01 3.735766844065669545e+01 3.061380698039345205e+01 4.032527833625263725e+01 2.029297498203789019e+01 4.154570439614723654e+01 5.925345902667540088e+01 4.420926532217323768e+01 2.396451053140318521e+01 2.507615557817162966e+01 2.872094850079952266e+01 4.891943933743871042e+01 6.247672803693607335e+01 6.818723586989101193e+01 4.714612808109966124e+01 3.195838274551247338e+01 5.330892586875949490e+01 6.825978971308438759e+01 6.962269764457082033e+01
8.589772593009903194e-04 1.996849191596205131e+01 2.282990358261455199e+01 3.310960425148075359e+01 3.637176137531400855e+01 3.696933204234010617e+01 3.284049455241071769e+01 1.286740504566254373e+01 2.334383278907601067e+01 4.044083670018077115e+00 4.460411578702037971e+00 4.880217806730363428e+00 5.300682141104484657e+00 5.721437387322988677e+00 1.833315421960679714e+01 2.732013300327852434e+01 1.355891455519352107e+01 3.323668471508300826e+01 3.591487127478881547e+01 2.021433621605982722e+01 1.885492009047021611e+01 3.000015266130400704e+01 1.362664192121314066e+01 3.398286467659732324e+01 4.493784691189864589e+01 3.092874672283288362e+01 2.022251725513300613e+01 4.038470176510469400e+01 4.825384367282985210e+01 4.135765384529358357e+01 4.979582998561537011e+01 5.256109317583405272e+01 4.387878781375586357e+01 2.769298770520349251e+01 4.308703181753408273e+01 6.421066763865748328e+01 5.691504066031958331e+01
3.158951013565912836e-03 1.694510640969475546e+01 1.944222366530243917e+01 1.911027138819155269e+01 1.656156455384968140e+01 1.636309422080784515e+01 2.247924197935991231e+01 1.914724411872706611e+01 3.456207815878963530e+00 1.139587222807320721e+01 1.923896047676772625e+01 1.389103124075371198e+01 2.485075187390228635e+01 2.541043943615562739e+01 6.318367474485959256e+00 9.279808707472191998e+00 2.883814588976645865e+01 3.472325364236267120e+01 2.857724630394649878e+01 9.197118712673104213e+00 9.635111811275720584e+00 1.007285187523811487e+01 1.051056648140237293e+01 2.933256648415262546e+01 3.337360034945638887e+01 1.680181733503004438e+01 3.680911975782960610e+01 4.029937551387096306e+01 3.432119263515533447e+01 2.370405416789687436e+01 4.092235897638243358e+01 4.387864216224304670e+01 2.143504126215310279e+01 4.387878781375586357e+01 5.790115835622135165e+01 6.288129227798634702e+01 4.258304463457101008e+01
4.111938136589871236e-03 4.127008614499857453e-01 8.213750777052793994e-01 1.230305500559676801e+00 1.639664045892212263e+00 2.049366226764469889e+00 2.459672101338447714e+00 2.870238698182420389e+00 8.426554718403409083e+00 2.073744212461784997e+01 2.061295771074521355e+01 3.162408348428800053e+01 2.871558931716545615e+01 3.368249532502764509e+01 2.000050386725015272e+01 6.921979013638139833e+00 2.341239764251333000e+01 2.534351724015816743e+01 8.577142849330183338e+00 2.137033371698209550e+01 3.134391779352702656e+01 2.524095130992161984e+01 3.058307694475945127e+01 1.113191743607869810e+01 1.347811775565854653e+01 3.339191374609719531e+01 3.996886225696841421e+01 1.947971827296413494e+01 1.416572839095634606e+01 1.559888460886113037e+01 3.476832528074642426e+01 3.885581323914164642e+01 1.759702710200098963e+01 4.016622887394741070e+01 4.382316180570384745e+01 5.222762766362407660e+01 5.691410612772157407e+01
7.351428307265867393e-03 2.000735061075615562e+01 2.156441591332155383e+01 1.541079451902187536e+01 2.165618215340746033e+01 1.205165827049109595e+01 2.247813331341990306e+01 6.622066670130792865e+00 8.793188481816088142e+00 2.854873118161280843e+01 3.514377733251257041e+01 4.150836948826815131e+01 3.967937786361041219e+01 4.511437503361604229e+01 3.390490816260692952e+01 1.616654550741214180e+01 7.526347416764312293e+00 7.957427611770511611e+00 2.795124860027314639e+01 3.578903115069674357e+01 3.944535568512657875e+01 4.644524944281223355e+01 3.914644783042378151e+01 3.123723176460713091e+01 1.176526340226519451e+01 3.186347985730248666e+01 3.297908161741825239e+01 1.351824105636636020e+01 3.331153394969223314e+01 1.478297660779678147e+01 1.521192172601925563e+01 1.566203640013855036e+01 1.614335228982168147e+01 3.627828199450315338e+01 2.168478769258125638e+01 4.295977321086606082e+01 5.879174384532385744e+01
9.944443931579059412e-03 1.415211336863453795e+01 3.415547941024931333e+01 3.587075851726768860e+01 3.206148516208286026e+01 3.207825289197737817e+01 1.794320491130118356e+01 2.524338753234929911e+01 1.390520358081714036e+01 1.513852021304860251e+01 3.527653420096464032e+01 5.046245117601247898e+01 5.250623801591198259e+01 5.613662567313642882e+01 4.420003584208435399e+01 3.146355544530107906e+01 1.111930872096602663e+01 9.493863031167636635e+00 1.664238141920001723e+01 2.940721102508982554e+01 4.914610348804731643e+01 5.577428618863390852e+01 4.432802145616048506e+01 3.328541780044153597e+01 1.356766486417842188e+01 1.241241626672413645e+01 1.287022501817188491e+01 3.268347317400357355e+01 4.141461980684347566e+01 3.929361100940875673e+01 2.158633420298468764e+01 2.309974989895681929e+01 3.233606909796450424e+01 1.683867284310892387e+01 1.732251450194171483e+01 3.168474143426908185e+01 4.583832925171256534e+01
6.062025039522273874e-03 1.414819764877059782e+01 3.414819764877130126e+01 4.292339412675634236e+01 5.201003078595255147e+01 4.608888058011972078e+01 2.932432189475202122e+01 4.000717428148789878e+01 1.996950170295604821e+01 3.527653420096464032e+01 2.222293424712998089e+01 4.252896802224865525e+01 5.806234126057577072e+01 5.104894842477138894e+01 2.878566355517667219e+01 1.647151359894271394e+01 3.171424121771109128e+01 3.232693431917156346e+01 1.317070422038395350e+01 3.447436663307598081e+01 4.713882340939664317e+01 5.012611448018304117e+01 2.851420068748464942e+01 1.638034515482966214e+01 3.329278267830658677e+01 3.252274829250948329e+01 1.990285032030688228e+01 2.833180517372236906e+01 4.757008805220816328e+01 4.649775247511037435e+01 2.933399929308208343e+01 3.778090531897959181e+01 2.478151214506955213e+01 3.680192313329929732e+01 3.718925104290843109e+01 1.799244593135778558e+01 3.832540120797360572e+01
5.865714242623007793e-03 7.076933526108128980e+00 1.463622298629530860e+01 2.618322846713288143e+01 4.618368977241424744e+01 5.765624170219848565e+01 4.936755380243157987e+01 4.710362454457295200e+01 2.703183213105141647e+01 4.710362454457295200e+01 4.252896802224865525e+01 3.049531138715607170e+01 5.095663949346536015e+01 5.648985863434691623e+01 3.537771520092329069e+01 2.057162718615630226e+01 4.156104138267712500e+01 4.269515322727900042e+01 3.388440121169124097e+01 1.758317166818411792e+01 3.842351097309536812e+01 5.138922509373982450e+01 3.654275812574532978e+01 3.654275844349340474e+01 1.977309325489106229e+01 3.998163435282199885e+01 3.890269424847575408e+01 3.819530236256208866e+01 5.518458315711377082e+01 4.749243700531069123e+01 4.749247931621627572e+01 3.373494055858723328e+01 4.427190974757181863e+01 5.143536692282404488e+01 3.490312231477860649e+01 2.092136174610362787e+01 1.865725253374115056e+01
3.580119829443586393e-03 2.000358011982908835e+01 3.463630997931292654e+01 4.292350345499994546e+01 5.447483114917067581e+01 6.044863692718944037e+01 6.195627436070783034e+01 5.541704736112043861e+01 3.861964193953377134e+01 5.541704736112043861e+01 5.778700863846152203e+01 3.729590120347296534e+01 5.778700863846152203e+01 5.869783806517200730e+01 3.768788673412930734e+01 2.601399604680116440e+01 3.714030535279810863e+01 5.651080999486843837e+01 4.706445185386976249e+01 3.874955704085684260e+01 2.219949020954604890e+01 4.323142386372500567e+01 5.659601185680264734e+01 4.828100050207403626e+01 3.411562366760161780e+01 2.338431256095218913e+01 2.983120821159707248e+01 4.984849217382908648e+01 6.539193947345404467e+01 6.624024663455605832e+01 5.925179323386798558e+01 4.037885500986953247e+01 5.925179314270466335e+01 6.315838119608871182e+01 4.903230546766047127e+01 4.005174257283835715e+01 1.926325158246732983e+01
9.038799794707020815e-03 1.001022189583057731e+01 2.418160979490184914e+01 4.436813688531689337e+01 5.248633430785634602e+01 3.878767986946299828e+01 4.097185240009855534e+01 5.569470776937081524e+01 5.869296030832168043e+01 6.700554290254721934e+01 6.618546686953465041e+01 4.756924863802892389e+01 6.618546686953465041e+01 6.713935938959437522e+01 4.722483596613890455e+01 3.301884276769609983e+01 4.680053741065314910e+01 6.453882848159400965e+01 6.107509109985183215e+01 4.046439702020082763e+01 2.554662176007374796e+01 4.046439702020082763e+01 6.107509109985183215e+01 6.244637557735333644e+01 4.631167481614449599e+01 2.618742240906141916e+01 4.630132286959310051e+01 3.992271561774605004e+01 5.400856531419600515e+01 7.395348191451682851e+01 6.740865431892315485e+01 5.113179507757561737e+01 6.740865431892315485e+01 6.741575863084125331e+01 5.340529704161743041e+01 4.251390827335516320e+01 2.183236790262257543e+01
2.154417243255324355e-03 2.000215441724289889e+01 3.812178907853487431e+01 3.672930406734738540e+01 3.793501121826771083e+01 2.237813730260451095e+01 2.522877538924662844e+01 4.711804729308115469e+01 5.655578940321513670e+01 6.496619739831137963e+01 7.636701470349048293e+01 6.800476863889417700e+01 7.636701470349048293e+01 7.634443145580860346e+01 6.179254756312214170e+01 4.067914518495290821e+01 6.179254756312214170e+01 7.461363100799681547e+01 6.448443667652909994e+01 4.397363135435438153e+01 2.908051555935908894e+01 4.397363135435438153e+01 6.448443667652909994e+01 6.324218003097639951e+01 4.331369555882047706e+01 2.907624869230992104e+01 4.915060560470909223e+01 5.985039389757534423e+01 5.400857270930517728e+01 7.395379783925565675e+01 7.863802611847376056e+01 7.034391703475272095e+01 6.770222711791043935e+01 5.627925292375453381e+01 3.939363422105972745e+01 2.506735326159582300e+01 4.251390827335598743e+01
