MOVIE_S2_data/elevation_000828.asc
nrows	100
cellsize	150.0
xllcorner	0
ncols	100
yllcorner	0
NODATA_value	-9999
[rows 68 to 84 of 100, columns 0 to 36 of 100]
7.311399400410928048e-03 2.000731139940005576e+01 3.983958058332740393e+01 4.467992319826163339e+01 3.669138051541230539e+01 4.488394383896129369e+01 4.983291061146524470e+01 4.983290105905153666e+01 5.462160609881897955e+01 3.461713477114729187e+01 5.462161130765800010e+01 6.529623456557978045e+01 5.493235554918883423e+01 4.674256179204514439e+01 3.404166550802643343e+01 5.408761870654641513e+01 5.288266318801628074e+01 7.244238572116734076e+01 7.764948982575273817e+01 8.593615963887715736e+01 8.483032214141074689e+01 9.311332481873536437e+01 8.817741872132079095e+01 6.821489177348597366e+01 5.690981892635593908e+01 5.113204458140214825e+01 4.862624247145321021e+01 6.383172420121214685e+01 4.943939466272950511e+01 5.802951957023780238e+01 7.194228238830284283e+01 9.193666449309635880e+01 9.399538779670048427e+01 8.170455739084454194e+01 6.160802068132396414e+01 6.300361565720920964e+01 7.722157012039208723e+01
8.304378570984571536e-03 1.155530976236340024e+01 3.155530976040790847e+01 4.795561746748182941e+01 4.557350337216413294e+01 4.557350420031946214e+01 5.385732380230005845e+01 6.983222968828869170e+01 6.290389390673310999e+01 5.462161171707283813e+01 4.876467915998927793e+01 6.876149773028848244e+01 6.667388217266545780e+01 4.670096522196459432e+01 4.112101829533764885e+01 6.131066545168603454e+01 7.206584395939327692e+01 6.891464192784289367e+01 8.811214405103038416e+01 8.767263713020275873e+01 8.661013309596673082e+01 9.497325746621477549e+01 9.646504379925058004e+01 8.492797552920274029e+01 7.665133694504660866e+01 6.271085070898205061e+01 4.338737016303274174e+01 4.447364767250279982e+01 6.383172420121214685e+01 7.720974342128769763e+01 7.779850132150419029e+01 9.780604515449581982e+01 8.570207691553284235e+01 6.562189846911886093e+01 5.398483555314569315e+01 7.410878048412001817e+01 9.138783873975303607e+01
8.037589590134858880e-03 2.000803758958977951e+01 1.967171387635284319e+01 2.841631072377280631e+01 2.557357836271615170e+01 2.557357836316024802e+01 4.557350373050311276e+01 5.533306276584504957e+01 6.361666588211885198e+01 6.825780008992653336e+01 6.876149773028848244e+01 7.704360200070618703e+01 7.491605578714077751e+01 6.081139174501527123e+01 5.544222108432254714e+01 5.545020915063605571e+01 7.633495693176273278e+01 8.811097383462887933e+01 8.182233368947784413e+01 6.762593262678029760e+01 6.657710138359732355e+01 8.338057528973918409e+01 8.762153944238998804e+01 7.933217615205067830e+01 7.284905005381037313e+01 5.325239042184916372e+01 3.972407426213565884e+01 5.553335193033431239e+01 6.213394584512644059e+01 7.034666556509260715e+01 8.015459085583400167e+01 9.108331135069059314e+01 8.105109188072121640e+01 6.981834100893537709e+01 4.976993253044935273e+01 6.981834100893537709e+01 8.826446374454370414e+01
8.866319943247203544e-03 2.756077598917022087e+00 5.529578580043155611e+00 8.416329925991259842e+00 1.143144337176886971e+01 3.143141853402553920e+01 3.986380444618681906e+01 3.533316945717987778e+01 4.825824190350389387e+01 4.825824190350389387e+01 6.061296037046405871e+01 6.889646179735265719e+01 7.784032128482384394e+01 8.047989426575466609e+01 7.671816483763701910e+01 7.684831105947596086e+01 8.578538257668049027e+01 8.598809115399809855e+01 7.183079958757645045e+01 5.355117660217430142e+01 5.508951817584902244e+01 7.504405684414587085e+01 7.933217615205067830e+01 5.967775587801278903e+01 6.543440229598236613e+01 5.861911380347910949e+01 5.404811485794715509e+01 3.623502873386950540e+01 4.299356831237876975e+01 5.241358892601693498e+01 7.185487806850558457e+01 8.278641769415621354e+01 6.270791589875361893e+01 5.272736926312649075e+01 4.589927736529161706e+01 5.992804704144545269e+01 7.982870125928515392e+01
4.238120735784241429e-03 2.000423812017968928e+01 2.552896019156014873e+01 2.255845901833254175e+01 3.143142077475800633e+01 1.621235780910636137e+01 1.986384152580740547e+01 2.378616422857101753e+01 2.825830018357051898e+01 3.428852707511789788e+01 4.061308239522407604e+01 4.955735423190847655e+01 6.369946767574499802e+01 8.369879018534990678e+01 7.861687127013307474e+01 8.453523644586164210e+01 8.633233360470518392e+01 7.477081684230986980e+01 5.767350802115146990e+01 4.361046534006521824e+01 5.767350802115146990e+01 7.764594225843670472e+01 7.933217615204691242e+01 5.967775587801278903e+01 4.616539894541110556e+01 3.941593525758029415e+01 4.287520624042774386e+01 3.391460934451072262e+01 5.695438745610699982e+01 7.034666556509260715e+01 8.015459085583400167e+01 9.108330707309941943e+01 8.105109116172819483e+01 6.204942392206530144e+01 4.227770879409419535e+01 5.166846997766325700e+01 6.577389348900948107e+01
1.555317930585579152e-03 2.000155531793022945e+01 3.827838959122131968e+01 4.255687236117728389e+01 3.621232707468411860e+01 3.035449248228859886e+01 3.400597586073741496e+01 3.792829806886449973e+01 4.240043319906823172e+01 4.458822109325539884e+01 6.061296037046405871e+01 6.889646179735265719e+01 7.784032128482384394e+01 7.272039990198548765e+01 5.845197704593017107e+01 6.435813782228983371e+01 7.799214575368809221e+01 5.801251688420058628e+01 4.651971034218560419e+01 3.861573915476457586e+01 5.854497591085587516e+01 7.211960035450776729e+01 8.505371618336670281e+01 6.524273959824830627e+01 5.145968215136258550e+01 5.023655836311248635e+01 3.067055887309840756e+01 5.023655836311248635e+01 6.233282173303147289e+01 6.740291244532696169e+01 8.274079042166893316e+01 9.413862863926775049e+01 7.371840623423521777e+01 7.035611357652030051e+01 5.751104553909505768e+01 3.785031178782599426e+01 5.751104553909505768e+01
4.786148573735437791e-04 1.000047851330189808e+01 2.414258290553699382e+01 4.414272870364847279e+01 5.621206408138409216e+01 5.035440421175292869e+01 5.400585607122719978e+01 5.792814967072038712e+01 6.240024312353963865e+01 6.458796185450539440e+01 7.287122867265104276e+01 6.617045617243536526e+01 7.454050043994975283e+01 6.435813782228983371e+01 4.433736769271283862e+01 5.891709073493861837e+01 6.726478251319481672e+01 6.794965734970811866e+01 4.800621597473725899e+01 3.387690965286540035e+01 4.388323579802803920e+01 5.795997063474415256e+01 7.793934406467197107e+01 6.631599924650974742e+01 4.680912307134830996e+01 3.558196585795618461e+01 2.854693603617542053e+01 4.639041501786292798e+01 4.887714870824999025e+01 5.481017657321563519e+01 7.521635668926711560e+01 8.818629109522295551e+01 6.772561213658840984e+01 5.341980897247297833e+01 5.454706771348130445e+01 3.487983801003926487e+01 5.050737663472259698e+01
1.415922250553260878e-03 4.589730599661769439e+00 2.459007518339626586e+01 3.661291222969666848e+01 4.238611478380116182e+01 4.905226160040323435e+01 5.732585858324495121e+01 6.731916922650253809e+01 7.118045097625157780e+01 6.281946009317516655e+01 6.290727780787633350e+01 4.604504092717279917e+01 6.290727780787633350e+01 5.679099799100968937e+01 3.690058734410463614e+01 3.899413779905437138e+01 5.572334013830187160e+01 6.056166818451463740e+01 5.020135455269483771e+01 3.018465026352103919e+01 5.020135455269483771e+01 6.394232770800677201e+01 7.547992517735660556e+01 7.454827409092608548e+01 6.322381310826506962e+01 4.620306775205425254e+01 2.652849450167967404e+01 3.620200544972574619e+01 3.683901574004015345e+01 5.593456173277488830e+01 6.461055135208358990e+01 7.487562521618451683e+01 8.214893892866871283e+01 6.199926889877575320e+01 4.208232947170215965e+01 3.622223931505473615e+01 3.071836712291752036e+01
5.113348591224673584e-03 2.000352942561336889e+01 1.144967400533849755e+01 1.661365180020980858e+01 2.238715449161039572e+01 2.905382115059705583e+01 3.905381833709784445e+01 5.905070486370856031e+01 5.961567776147412445e+01 4.285265760904072607e+01 5.455104226303003401e+01 3.488194942903775342e+01 5.455104226303003401e+01 6.152575063978914471e+01 4.156952522798538752e+01 2.760708503148511994e+01 4.062065772706142042e+01 4.062065772706142042e+01 4.671685639455470351e+01 2.665812213780488094e+01 3.567635842582971861e+01 4.721869851982492605e+01 6.716454905101242900e+01 6.045625371989658703e+01 5.228741913110908257e+01 4.904816981710646928e+01 4.090489923228921754e+01 2.370070443543584915e+01 2.977495436021517961e+01 3.645211194329646531e+01 4.635176592516203442e+01 6.632197490826251851e+01 8.235140486909649837e+01 6.199926888063788510e+01 6.199911230187504430e+01 5.628558483126000311e+01 4.712242118410473779e+01
3.630678512830590090e-03 2.000363067851247578e+01 3.144912539103881244e+01 3.661291222969666848e+01 4.238611478380116182e+01 4.905226160040323435e+01 5.732585858324495121e+01 6.731916922650253809e+01 5.129162130410401943e+01 3.169402178420120819e+01 3.997694194581763583e+01 2.811697823232749727e+01 4.759696780167813301e+01 5.799347927439509931e+01 5.572333714520896564e+01 4.062058472961962252e+01 2.075685030257574226e+01 3.639618042090658889e+01 3.926273411868071861e+01 2.345857551946378194e+01 3.769118743098334789e+01 5.767825627542898559e+01 5.789421884785548400e+01 5.228741913110908257e+01 3.266494337745498910e+01 3.841223346203169342e+01 2.110674095070950074e+01 3.944013135970234885e+01 4.944298584853435585e+01 5.623719119317676984e+01 6.429743232188585011e+01 7.420642414005975240e+01 6.943553169825597138e+01 6.114164461280451235e+01 6.340530592924889675e+01 4.339417909825692732e+01 4.339417903247436925e+01
3.897887252982968069e-04 1.000101197318313773e+01 2.416227448115793663e+01 4.431397002700396115e+01 5.813771544717898365e+01 5.005578466420627848e+01 5.814411245535007566e+01 6.170607302531011840e+01 5.034259641408479524e+01 3.997688909033178106e+01 2.050162906134549701e+01 2.195914454793495096e+01 4.143685421813110992e+01 3.915611322809374428e+01 4.555593218265300237e+01 3.638551840902351842e+01 1.647370476999863342e+01 1.631322979089409841e+01 1.915454458831651152e+01 3.926273411868055518e+01 5.183452527180317304e+01 5.165485358366341018e+01 3.679218339104319568e+01 4.414418058609427220e+01 3.598979219002017516e+01 1.857133796755337229e+01 3.841223346203130973e+01 4.902325199453327542e+01 5.785898900737846162e+01 6.000822335155593379e+01 6.150588729835347124e+01 6.756966857444237462e+01 6.114164453776593433e+01 4.113768243299682581e+01 4.699670702351633622e+01 4.139612276897230458e+01 2.331339431007528162e+01
9.894987445105475968e-03 2.000989498744474915e+01 3.835100125222832901e+01 4.690324010250665765e+01 4.282539204007455425e+01 2.833621367431452143e+01 4.760280758907448728e+01 5.343181110162529279e+01 3.386684863381189103e+01 2.271282705651915634e+01 1.391124413902091206e+01 2.856662553789653813e+01 3.343127291218272035e+01 2.570004117303660252e+01 2.459375315073719648e+01 2.927258935851228472e+01 1.239591566021390889e+01 3.246645282962096957e+01 3.102676265946132261e+01 4.604901662159597464e+01 4.998908448545359562e+01 4.067445201874173932e+01 2.212921929576635094e+01 3.359963345205085261e+01 1.611961179557809842e+01 3.598977914420089519e+01 4.655982449642899468e+01 4.883691007949641261e+01 3.428113881402538254e+01 3.860404604942827689e+01 4.409567970053118557e+01 4.932760580589700794e+01 5.577725022673821798e+01 4.699670282596765247e+01 2.694089100447824237e+01 2.130324920826738122e+01 4.139612276493478760e+01
2.758038052605161963e-03 1.983166225593160092e+01 3.597201771643996437e+01 2.638637782186296121e+01 2.075748581403238191e+01 1.683983893688776590e+01 3.919577125289652031e+01 4.267541659344185945e+01 3.520545397476494998e+01 3.775559127000783377e+01 2.569800016345027061e+01 8.557275710459869345e+00 1.988286883547319661e+01 2.572122817531284511e+01 1.080523523266064601e+01 9.243519909955590919e+00 2.927258935485288305e+01 4.076571476168961539e+01 4.886895253535180217e+01 3.980221791393508113e+01 2.725323615409953604e+01 2.657900952113676141e+01 1.201371307175226200e+01 1.370258024493798388e+01 3.359833550774482092e+01 4.021913954638280586e+01 3.317615776084771539e+01 3.337208903516896896e+01 2.007133282674308461e+01 2.631466345521219097e+01 4.419726481235485949e+01 3.636224740455472926e+01 3.502915643920530187e+01 3.749222567657714222e+01 1.931588403181117286e+01 3.941631140358986585e+01 4.968050897362319063e+01
7.097940694151796438e-03 1.748352352686753619e+01 1.970503201580010000e+01 2.273512229622496505e+01 6.351093699801285020e+00 2.508216856053397237e+01 2.550383509858402675e+01 2.091932512567212399e+01 1.618636032860564455e+01 2.390588226368466351e+01 4.565564309255102593e+00 4.964321640315117357e+00 5.364817155303478025e+00 5.764022160150916285e+00 6.161223031888042989e+00 2.608404013221212736e+01 3.498905921423516929e+01 3.944616870139023490e+01 4.634312374252355227e+01 3.087063775435433755e+01 9.290781007513558620e+00 9.699545313471860553e+00 2.734649285788864503e+01 3.328552098271870108e+01 3.920695882150987899e+01 1.226025328735006070e+01 1.257314618054880384e+01 1.304982279213392182e+01 1.351620801789415616e+01 3.198280850389991414e+01 3.445504614845772551e+01 3.510099063535076169e+01 1.558456017156233209e+01 1.735351430381520643e+01 3.682517254028341114e+01 3.492734093684589425e+01 5.501960725175057121e+01
8.907212727516041623e-03 1.427860468416327500e+01 1.915029462618388578e+01 1.317419142447259217e+00 7.292856699398898357e+00 1.657513921688608605e+01 2.810542959571741939e+00 3.207215186654988948e+00 3.604184555599700968e+00 4.001431675626331952e+00 6.872204919230187059e+00 2.440187979710399091e+01 2.607315955868004309e+01 2.579365583535737372e+01 2.619537090942288771e+01 6.729891300344426952e+00 2.677444514870635572e+01 1.972717224062987285e+01 2.819524259847719350e+01 8.705202327754600233e+00 1.100127293711788923e+01 2.923507266492780587e+01 1.028855023340390140e+01 2.793003338294958837e+01 3.130047897013794156e+01 1.196343582272494288e+01 3.125926298717863716e+01 3.156837484659646265e+01 2.339430847777017775e+01 1.415229821353962869e+01 1.460004707982510119e+01 1.504708913555773009e+01 1.550039648679000770e+01 3.557643169614620859e+01 4.346486220554672997e+01 5.351542140176945850e+01 6.321838535157713324e+01
4.556156782696869564e-03 3.888873777947409183e-01 7.732895806563166996e-01 1.171571422184471700e+01 1.863370128245402269e+00 2.249775677366304016e+00 3.989222837413737732e+00 2.270304931425279804e+01 2.358712936956493422e+01 2.385551766398867102e+01 9.285885995125607195e+00 1.282159535462775324e+01 1.847765983469497897e+01 3.789420600605742351e+01 3.186978532063639946e+01 1.271544942012378421e+01 7.300189492683421655e+00 7.706238925843318377e+00 8.116426242481077580e+00 1.078852561930859544e+01 2.874312622017484387e+01 3.641844659772024073e+01 2.130591675303267962e+01 1.088518614155065123e+01 1.132429519379130767e+01 3.105866170641182222e+01 3.081108552136715417e+01 4.199786300853622123e+01 2.261824850888235972e+01 3.477858402381116321e+01 3.478164617379652412e+01 2.651601533623883356e+01 3.558455322990164404e+01 1.616908722692604528e+01 1.646500348466162933e+01 4.398762511631284866e+01 5.765117557549010030e+01
9.004134676422023004e-03 1.981162314500716448e+01 2.143048630258828169e+01 2.429706529794516356e+01 1.318219462173741263e+01 2.273961796949722824e+01 2.338379298868706968e+01 6.452022137674518376e+00 2.584016730795979555e+01 3.630254193838391785e+01 2.830511555639651533e+01 1.922420139855015719e+01 3.789847096934285275e+01 2.886038388293067314e+01 4.057857465009862352e+01 3.174328283147423235e+01 1.732928038851616392e+01 2.712087995321991940e+01 1.987259039660457560e+01 1.126900027178990626e+01 3.121194299995190136e+01 3.385064185664315062e+01 1.690751385644015414e+01 3.111429525196565393e+01 1.117561612708147223e+01 3.779548955154380252e+01 4.851020356783897114e+01 4.275741584219166924e+01 4.331791863327742220e+01 3.449858190499698907e+01 5.284651200872554710e+01 4.592893222756123350e+01 4.355501363714501650e+01 3.625096746005778670e+01 1.681021007683552781e+01 3.696870691717121815e+01 3.516768546823524133e+01
