MOVIE_S2_data/elevation_000515.asc
nrows	100
cellsize	150.0
xllcorner	0
ncols	100
yllcorner	0
NODATA_value	-9999
[rows 68 to 84 of 100, columns 0 to 36 of 100]
7.311399400410928048e-03 1.622814535885930809e+01 3.702122604734353217e+01 3.460933518828183963e+01 1.777823098062089002e+01 2.773285101267540043e+01 1.448814240003228981e+01 2.550679827285022228e+01 4.560290601518106968e+01 3.898510001340221010e+01 2.348011944204132817e+01 4.363805463796494877e+01 5.567334341435412881e+01 5.653096959961833079e+01 5.615363322919295541e+01 5.948903706097094357e+01 4.829448098619217689e+01 6.755024200104952570e+01 8.292822970973035979e+01 8.122645178265682375e+01 8.962543743947981056e+01 9.702749172744093187e+01 9.111469013883963441e+01 7.439285240391548371e+01 9.111469013883963441e+01 9.307054709213925037e+01 1.013847873420319274e+02 1.040347432513934365e+02 9.576176714458695471e+01 8.278337032737913148e+01 7.803141019732076700e+01 9.469357118705593734e+01 1.080602803053965886e+02 9.978583881920441456e+01 1.024041328369997643e+02 1.106632015014776442e+02 1.076460468793433876e+02
8.304378570984571536e-03 2.000830437857062805e+01 3.645669510506251498e+01 4.622921300815814050e+01 3.788239902811464788e+01 4.013127238150806875e+01 2.003670050920920431e+01 4.013127238150806875e+01 5.390622865301187971e+01 5.196484036475754920e+01 4.363805463796494877e+01 2.837310520292234628e+01 4.267132495731667774e+01 6.281148193312532868e+01 7.582570820093214081e+01 7.553934692143315033e+01 6.194248076265410674e+01 5.934183008203903853e+01 7.256687357674374539e+01 9.149446360913692899e+01 8.982465925283172226e+01 8.763697865758069838e+01 8.282194237592250374e+01 6.279983066601847952e+01 7.675382260448166960e+01 7.308672245797107792e+01 9.261119688772373593e+01 1.041489626584707224e+02 1.109632081255497695e+02 1.026796703286699142e+02 9.791311978949593708e+01 1.061887618723945934e+02 9.640978419357266205e+01 7.952250958114845503e+01 8.215636688566760881e+01 1.024041328369997643e+02 1.074144963639938197e+02
8.037589590134858880e-03 8.173003398868527114e+00 2.231513930359884057e+01 4.231520713238502651e+01 5.436074061543073555e+01 3.423803108907915771e+01 3.423803108907915771e+01 3.423803108907915771e+01 5.436074061543073555e+01 6.388241272734723708e+01 4.374610734476608798e+01 3.206507522123546039e+01 5.225671139424851219e+01 6.386314088574393821e+01 7.215685651381133425e+01 8.112617796147574722e+01 8.108857523733421147e+01 7.256687357674374539e+01 8.606684428984429758e+01 8.982465925283172226e+01 6.980638302655617622e+01 6.761571188962018653e+01 7.525429547495673432e+01 5.511732446811722497e+01 5.663897830435998060e+01 6.430815949284200883e+01 7.588732374839121064e+01 9.583007304968798223e+01 1.052767640863485497e+02 1.134840481327923953e+02 1.090758113871884945e+02 9.753232017528058861e+01 8.808680022893474870e+01 6.784515818732695891e+01 8.808680022893474870e+01 1.037420927807814479e+02 1.036166297099623819e+02
8.866319943247203544e-03 2.000886631994289289e+01 2.817302354645937612e+01 4.817323359881459766e+01 6.264968999510426073e+01 5.436074061543073555e+01 5.436074061543073555e+01 5.436074061543073555e+01 6.264968999515714643e+01 7.217790081777432931e+01 6.056851805138603595e+01 4.374610734476608798e+01 3.831303983147319769e+01 4.372327664872128139e+01 5.276269312065728201e+01 6.438330885798430359e+01 8.440055315780864476e+01 9.149446360913692899e+01 9.107116237583397833e+01 8.276764978342555423e+01 7.347980515801091883e+01 5.330331238720495435e+01 6.269501612728562634e+01 4.828752319570150320e+01 6.854197180601009620e+01 8.431612137220314196e+01 9.261119688772373593e+01 1.019642290461566461e+02 8.526636944136038210e+01 1.019642290461566461e+02 1.008532754422517286e+02 8.080014806771238511e+01 6.923883201695429079e+01 6.177749186838094175e+01 7.426492781855040448e+01 9.527056894946814225e+01 9.529012953195581304e+01
4.238120735784241429e-03 1.427135455113197438e+01 3.486128067969224986e+01 4.569457082457406472e+01 5.397948500638940317e+01 5.770304973418915040e+01 5.989097797524132716e+01 6.817440822897333419e+01 6.419389238538505538e+01 7.248162099673714920e+01 7.217790083160991799e+01 6.388241272735786680e+01 4.657378208660936281e+01 6.386314088574393821e+01 5.648968668978942986e+01 7.655108017709417823e+01 9.267704900892699982e+01 9.690707882233044757e+01 7.691090651129913169e+01 6.270056651996598873e+01 7.007611196167015066e+01 6.269501612728562634e+01 4.236133766347899154e+01 6.269501612728562634e+01 7.684623366451360482e+01 8.450741962974532839e+01 9.280767552250382835e+01 9.372375735147394948e+01 7.371359301236199713e+01 8.302787460718842283e+01 8.900721310859351831e+01 9.487255763661657681e+01 7.660323412567892376e+01 5.658470262781298743e+01 6.968228990101012243e+01 8.843841929092515386e+01 9.309410700279423168e+01
1.555317930585579152e-03 1.935705559914247331e+01 3.059862923687177272e+01 2.569163354064398774e+01 4.569457082457406472e+01 3.769929862477629001e+01 3.988754824461858561e+01 5.678726969371813738e+01 4.418999000341665351e+01 6.092996712767775591e+01 7.247863680483051496e+01 7.498503816769981256e+01 5.822064682483783571e+01 7.498503816769981256e+01 7.069247814473418146e+01 8.483186315520340770e+01 8.776129630081305777e+01 8.513168751551623359e+01 8.426038902472016900e+01 6.420079202969728271e+01 4.985761680303468069e+01 5.925799715369207377e+01 3.891128479928939043e+01 5.925799715369207377e+01 7.032301643753713449e+01 6.444764426115618505e+01 8.450741962974532839e+01 9.717514139933908268e+01 7.716788483136909349e+01 6.302727540091825631e+01 6.900380017019298862e+01 8.312875904777659741e+01 6.664395091300079343e+01 5.250410659995363716e+01 6.664098259516322287e+01 8.656932957107666482e+01 9.631838641939974366e+01
4.786148573735437791e-04 2.604256834477561622e+00 1.154857494150509645e+01 2.935650257592729062e+01 3.230560066960781285e+01 2.355507165884726462e+01 3.892795619576782684e+01 3.678342351188874915e+01 3.264032511155286898e+01 4.418998999357619795e+01 6.419375873379922837e+01 7.804074089161156280e+01 7.827113602886582555e+01 8.655075736394090313e+01 9.069499666016410799e+01 8.190778310110944460e+01 6.781718820209299281e+01 6.516387962339355511e+01 7.926710691532350950e+01 7.838344619665504354e+01 6.103412604617831505e+01 4.072158040005133017e+01 3.561920641280164546e+01 5.595729577034354207e+01 5.010679030293876224e+01 7.032301643753713449e+01 8.118813013257916111e+01 9.276685915142358851e+01 9.128649228546798611e+01 7.486266417297571252e+01 5.486676135669535626e+01 6.800412608969737960e+01 6.878633504451391900e+01 4.880098163972986924e+01 6.878633504451391900e+01 6.810140600547227052e+01 8.808796486984583396e+01
1.415922250553260878e-03 2.000141592225019949e+01 6.526579560829107507e+00 9.355006745939434154e+00 1.230384610856221173e+01 1.538991408755110335e+01 1.892545320022390953e+01 2.263938112704289907e+01 3.080491168131377933e+01 3.975093587899132075e+01 4.975391367017277133e+01 6.975687929899882533e+01 8.411004807194373711e+01 7.563002147761390859e+01 8.411004807194373711e+01 7.365867113383890796e+01 5.353742326038089772e+01 5.085359384868724675e+01 6.922141303194806028e+01 7.389294482180309842e+01 6.705778185382683887e+01 4.681102026530651017e+01 3.242114777505634748e+01 3.919059419161931146e+01 5.951698903050673550e+01 5.269488774167661660e+01 6.440488118529842154e+01 8.446005005813864841e+01 8.667933451698606007e+01 7.842865347901481243e+01 6.800412608969737960e+01 4.802227787708042683e+01 6.168531086853393219e+01 4.528262755774673565e+01 5.178494357643043600e+01 6.591388543090840813e+01 8.590452394888224319e+01
5.113348591224673584e-03 2.000511334859086787e+01 2.652786366730474654e+01 2.349780895834006955e+01 2.644682363174275253e+01 2.693755135463504047e+01 3.892796677532701466e+01 4.264244304913159311e+01 3.116804383304125281e+01 4.531338573358343780e+01 6.531689015952572674e+01 7.804074089161156280e+01 7.394144222578019310e+01 5.534888747580213675e+01 7.394144222578019310e+01 7.255821611993323472e+01 5.242231849190916648e+01 4.065510462907128186e+01 5.376365192362717949e+01 5.376365178720539006e+01 5.543160774848097105e+01 4.706735119940140777e+01 2.989001496080802056e+01 3.453668754307039990e+01 3.978531215155659595e+01 5.000503301629782982e+01 6.174004173281918639e+01 8.181205338446324049e+01 7.842865347901481243e+01 5.851785868938606683e+01 6.434959546445460887e+01 6.168531086853393219e+01 4.172159722391983649e+01 4.181494163706925349e+01 6.177719742717277285e+01 7.176900789257399538e+01 9.174422171168096440e+01
3.630678512830590090e-03 1.414576630224365594e+01 3.414576630224294718e+01 4.350064016571400316e+01 4.644993965334159469e+01 4.694096322015478506e+01 5.522602779691800379e+01 5.945733737886728676e+01 4.271759744226886824e+01 4.531338573358343780e+01 6.531689015952572674e+01 7.867124614036259800e+01 5.838682845069817517e+01 4.540019436781355466e+01 6.548945447670803333e+01 8.079903084085907494e+01 6.093267078316933549e+01 5.376365192362717949e+01 3.345814785386405532e+01 4.764131183127071267e+01 4.402201765541958878e+01 2.675250610892407366e+01 4.706162994823007750e+01 4.630373702841295369e+01 6.011425253214221698e+01 5.420619405330646146e+01 7.437756744966345934e+01 9.011509237113428128e+01 7.822775570041218884e+01 5.810646528348996043e+01 4.463258123438511404e+01 5.432053096668251868e+01 3.754581661542175652e+01 5.752258881553333936e+01 7.004303790272263086e+01 8.373364139961539365e+01 9.544710390756462459e+01
3.897887252982968069e-04 2.000038978872494155e+01 2.957466595365015749e+01 3.491990401139511846e+01 4.158660223317657767e+01 4.987158549919131190e+01 5.881700093956426656e+01 7.100604962049807511e+01 6.272158295047498200e+01 6.531689015952572674e+01 7.360128902415111440e+01 7.234312670431924630e+01 5.838682845069817517e+01 3.836598618292673990e+01 5.838682845069817517e+01 7.234312670431924630e+01 8.097802440800818147e+01 6.207983593122875732e+01 4.764131183131775771e+01 2.732784599998943165e+01 2.368976391067263876e+01 4.402202715108028741e+01 5.543163868719183540e+01 6.656621170756432093e+01 7.490756424844063588e+01 7.437756744966345934e+01 8.268493545767714181e+01 8.965531520598753445e+01 8.143170847303009907e+01 6.367821941336302416e+01 4.087258113320796582e+01 3.430842689052236949e+01 5.432053096668251868e+01 4.696769755487530063e+01 5.513037901407992791e+01 6.675498632062469540e+01 8.708751492777957992e+01
9.894987445105475968e-03 4.723940195355441851e+00 9.574652696082143422e+00 1.491987753433067709e+01 2.158654420099788140e+01 3.053081611252333616e+01 4.467295703206256974e+01 6.467349019046716307e+01 7.043201794865233012e+01 6.790671730496862324e+01 7.606866732655048224e+01 6.391178204416668507e+01 4.378765919835247189e+01 3.280292839428147289e+01 4.378765919835247189e+01 6.391178204416668507e+01 6.794262608767431288e+01 5.645317445435919268e+01 4.740184396572941239e+01 3.925609222396420250e+01 2.156342000989357999e+01 4.190224219236957026e+01 5.405677855387780539e+01 7.472498505152792347e+01 7.434681551182112003e+01 6.614763182012249843e+01 7.434681551182112003e+01 8.143170847303009907e+01 6.167575754417064360e+01 6.686018398451095379e+01 5.219288287522577008e+01 3.217921244023960980e+01 5.219288286671540078e+01 6.662126818357168645e+01 7.481576638937697510e+01 8.355757913447983753e+01 8.336641358238824751e+01
2.758038052605161963e-03 2.000275803805224939e+01 2.957466595365015749e+01 3.491990401139511846e+01 3.491990401140946432e+01 4.987158549919131190e+01 5.881533515588911598e+01 6.150830629920523052e+01 5.133023671111820363e+01 4.888590207855180836e+01 6.497223134588544724e+01 6.337501104043873568e+01 4.748050454638986650e+01 2.744191615790050065e+01 4.159380705818781365e+01 6.169224945999482657e+01 5.978229117214137034e+01 3.979562146901535868e+01 2.807504609102995374e+01 1.901382667908992730e+01 2.851668416751119750e+01 3.281366710895204619e+01 4.795678167610039822e+01 6.878347374664143388e+01 6.410438538217951532e+01 4.537684830982519912e+01 6.410438538217951532e+01 8.143170847303009907e+01 6.167575754417064360e+01 4.784470519939598177e+01 5.013112924929726688e+01 3.006549484628539304e+01 4.677612920783570161e+01 5.547379693564431591e+01 5.893883009177740462e+01 6.744106255749645129e+01 7.495264903672415358e+01
7.097940694151796438e-03 8.172063749971483659e+00 1.711633565997079742e+01 2.866334104376351632e+01 4.866334104409830985e+01 6.320537444946549499e+01 6.150833613159489488e+01 4.263728727987358269e+01 3.817601635382609260e+01 3.817601635379859459e+01 5.692508994209514839e+01 5.497049390274633396e+01 3.491274112361686832e+01 2.340310602239667759e+01 4.339014481993490335e+01 5.963767270194399828e+01 5.362950878685399658e+01 4.348549203014685105e+01 3.511039460599752005e+01 1.728584555851150739e+01 3.755034441254593958e+01 5.247570669078876904e+01 6.075255896366819997e+01 7.202232596683170129e+01 5.576224006497380259e+01 3.464011276847995902e+01 5.576224006497294283e+01 6.770927062482751069e+01 7.566553637507909968e+01 5.800316315858361094e+01 3.817484253328206734e+01 4.635398817897732471e+01 2.721492062079947871e+01 4.472220111977365775e+01 3.885620963703644293e+01 5.897580081906701821e+01 7.234727910031101317e+01
8.907212727516041623e-03 1.415104283645834116e+01 3.415104283645762706e+01 4.540060701219049832e+01 5.694761236549994976e+01 5.851707925336661731e+01 5.940394947556382022e+01 4.058986196631743582e+01 2.741717003132675146e+01 3.930097063555690795e+01 4.719686893488714929e+01 5.169696076441746158e+01 3.967864484363887101e+01 1.978301586953947933e+01 3.121085390458727460e+01 5.124586229985934693e+01 4.524520352110616983e+01 2.497879611229782881e+01 1.490448568908148985e+01 3.497537460790097441e+01 2.801342857662936936e+01 3.572044975752004348e+01 4.583339094363787325e+01 6.419057977716539654e+01 4.872153096614188428e+01 2.762109670046193344e+01 3.852887582508860476e+01 5.940388106359589671e+01 6.930801658582940661e+01 6.622813295602756511e+01 5.800316315858288618e+01 5.036379524484993908e+01 4.209975370467176958e+01 2.431073659871288939e+01 3.632357545117299225e+01 5.700733876208352058e+01 6.112452512721083764e+01
4.556156782696869564e-03 1.034714326389142158e+01 2.514144114433064203e+01 4.555600738030985752e+01 5.180183889651439699e+01 3.637001407079360149e+01 4.283949506541723906e+01 4.591334801439880664e+01 3.930103203359497144e+01 2.036969406476028155e+01 3.930092591633713539e+01 3.170679046551793334e+01 3.170697785253839740e+01 1.645404701728426744e+01 3.040359970115574129e+01 5.042104190726200841e+01 5.361075510296382873e+01 3.394321229933946427e+01 1.326835794941662350e+01 2.180108688730722477e+01 3.738742101686956687e+01 5.291131526212583225e+01 6.133033628786292013e+01 5.750095816717720965e+01 4.235949010023858818e+01 2.147075757206048863e+01 4.235509376308674945e+01 4.134861994050249479e+01 3.997782113895172529e+01 5.602605585376748820e+01 4.784925978486680265e+01 3.952581086814529243e+01 2.145830970616956535e+01 4.211101436876660387e+01 5.300933206749039783e+01 6.490013013270468889e+01 5.300858940489249704e+01
9.004134676422023004e-03 2.000900413467529404e+01 3.950675401618619986e+01 4.518605461027466674e+01 3.599937983519544815e+01 2.039530696472667159e+01 2.038152084306177869e+01 2.491585668685679167e+01 2.942603511767872604e+01 1.589820419742428292e+01 3.507702675722404706e+01 3.062010967463763222e+01 1.196728334447206699e+01 3.148751794504640955e+01 4.245129845103483746e+01 4.736778654665935306e+01 4.055284625742893923e+01 3.871826956299275224e+01 2.900465058585698586e+01 1.108980907187677722e+01 2.420302833948228738e+01 4.713408321935471434e+01 4.931298485659252151e+01 3.613077673824751912e+01 3.483265302216658910e+01 1.663267136568047988e+01 2.858253907106846370e+01 2.171990146339154393e+01 1.858382742533007459e+01 4.529252833475614182e+01 3.843491099837871872e+01 1.869625934082382912e+01 3.952580845490125938e+01 4.718420599194072906e+01 5.306555123077093583e+01 5.607227322563316818e+01 4.808700246317135196e+01
