MOVIE_S2_data/elevation_000796.asc
nrows	100
cellsize	150.0
xllcorner	0
ncols	100
yllcorner	0
NODATA_value	-9999
[rows 34 to 50 of 100, columns 37 to 73 of 100]
9.524698246763986731e+01 1.010746962950257171e+02 1.037551158094004222e+02 1.084547520397228340e+02 8.843218107859871679e+01 7.442223754213709697e+01 7.374020011512739359e+01 8.863065502544715457e+01 6.881992947949011352e+01 8.863065502547593155e+01 8.489433964932244692e+01 6.470823347629293210e+01 6.966318476343691657e+01 7.976435761934924074e+01 9.979605067948409669e+01 1.047712630375178406e+02 8.462589336668592921e+01 7.273391516717369143e+01 6.815105733858442250e+01 8.824184839257985402e+01 9.919734717706809590e+01 8.758520382039847618e+01 7.924572923531921731e+01 6.100134528678354684e+01 5.382322466798748906e+01 6.210356528182798286e+01 7.371281700420369987e+01 9.378522192017197767e+01 8.739981342499993389e+01 6.735689519425783089e+01 8.739981342499993389e+01 8.947943635683265029e+01 8.112283329083479089e+01 8.259616367123348368e+01 6.654388491359661373e+01 4.760198325036501643e+01 5.691651813744636002e+01
7.534558866449071957e+01 8.117457195436918482e+01 8.384514268412485194e+01 9.791025701391137659e+01 9.535763075835923530e+01 8.367333263788279396e+01 6.387552730444173932e+01 7.590799450539438453e+01 6.334103379830852987e+01 8.313614835164685246e+01 7.816563759165518377e+01 5.776165695883175033e+01 7.816563759165518377e+01 9.073518043415589318e+01 1.023211267437078789e+02 9.699021187760801865e+01 8.462589336668591500e+01 6.451609536682109081e+01 6.176739137739049568e+01 8.188858242006385524e+01 9.084630123706809002e+01 7.075352113317811131e+01 5.910529814310802976e+01 6.761764591622470277e+01 5.114133659097889506e+01 7.132191871351167833e+01 9.053647927798463968e+01 9.496834254786703866e+01 8.106168616843422114e+01 6.110857649760487931e+01 8.106168616843422114e+01 8.112283329083479089e+01 6.065197984902147255e+01 6.130050762799266550e+01 6.245365889275431925e+01 4.581966370759312213e+01 5.912523061428686333e+01
6.137674970833803911e+01 7.711273725563908954e+01 6.981136621127691910e+01 8.967663879927614801e+01 8.708239694255384222e+01 6.724785379599096302e+01 7.088756027909676050e+01 5.614252519076070058e+01 7.590799450541379656e+01 7.582639533574335644e+01 6.746479623483999433e+01 5.294735183199094308e+01 6.214557156457011899e+01 7.394147009801771731e+01 9.401632544794314583e+01 8.862935643589523238e+01 6.849746708071521084e+01 5.811852171681576351e+01 5.591720882498606926e+01 7.608009488761214811e+01 8.372265984904613845e+01 7.266382323498093854e+01 6.432053650276502310e+01 4.742705666055240243e+01 5.609413888705363860e+01 6.923951666611758071e+01 8.920558996188582057e+01 8.669040634203278728e+01 6.679516676842698075e+01 5.584643501700684709e+01 7.552768924357786773e+01 8.195738827330860943e+01 6.657538327265343980e+01 4.486085613723136589e+01 4.329587507272243130e+01 5.661356602359142443e+01 6.431116384965957877e+01
5.265481077601711490e+01 5.737663027868091348e+01 7.129295139945342896e+01 9.116293696262661683e+01 8.490126336010283126e+01 6.508289440388114144e+01 5.120028069180943930e+01 6.637098859011760510e+01 6.344699415775532003e+01 6.634622244709250083e+01 4.737813077427201591e+01 6.746476629619161258e+01 7.678104184037816538e+01 8.509987822186317885e+01 9.515756818724921118e+01 8.381379521819670231e+01 6.368395886158971564e+01 5.200950561312641440e+01 5.050099210075081402e+01 7.069133691797594565e+01 6.947236930053925619e+01 5.522207875203221050e+01 4.411859141098997128e+01 6.432053650276502310e+01 6.367043099177633536e+01 7.508744413889159830e+01 9.530578879192324848e+01 8.450307074141350938e+01 6.462338656644392643e+01 5.116011269681921902e+01 7.043736496043106854e+01 6.790974792482994360e+01 5.442294135144902612e+01 4.204533276427945765e+01 6.127053897164380913e+01 4.469700628128090614e+01 4.568190882840247724e+01
4.814935774943168667e+01 6.201540357829734518e+01 8.179597496248544530e+01 8.389997306032501001e+01 9.214039586980992169e+01 7.777634754757542623e+01 5.802168588013283568e+01 4.675968654348693576e+01 4.379258181079563172e+01 4.272979751215551403e+01 4.782733425648121539e+01 5.032358037383895066e+01 5.674778471936355828e+01 6.671012507690518589e+01 8.685195860385108801e+01 9.217117744338956697e+01 8.053991801646809279e+01 6.564375071367035730e+01 4.541955355949124140e+01 6.094171815483505839e+01 6.112632851209551177e+01 4.082366855352832857e+01 6.112632848727265866e+01 7.266382323498069695e+01 8.365543097426899521e+01 9.204980539961252362e+01 9.089153547395490307e+01 8.026275218888983431e+01 6.056378990740574864e+01 4.731032565231326714e+01 6.105093090710941084e+01 5.825208757793043901e+01 4.077407829228459946e+01 6.002733005936835298e+01 6.932760256331322068e+01 6.650159217401255773e+01 6.402841522720153478e+01
4.456632006721255124e+01 6.433367107110193217e+01 6.986161366947628437e+01 6.404673481631898824e+01 8.389997306032501001e+01 8.603374155204738827e+01 7.446931488963222989e+01 6.618752668571325160e+01 5.939335328480339626e+01 3.951627680775490603e+01 4.285254738907243421e+01 5.232216518627102175e+01 7.182444755132765124e+01 8.509987822186317885e+01 9.515756818723154709e+01 9.288830048604239664e+01 7.275903762534919395e+01 5.850347588161574919e+01 4.837303731754938241e+01 4.056215887312167467e+01 5.669228526643829014e+01 3.843083694907079462e+01 5.241880690407199239e+01 7.201387582114030295e+01 9.279697563946155014e+01 8.516739852763622309e+01 7.119113362500129938e+01 7.843186549278800612e+01 7.454891767493499799e+01 6.105660191123129010e+01 4.206491840436361684e+01 3.950133578394827083e+01 5.893900372932019138e+01 4.596369268718946444e+01 6.512170436465363821e+01 7.856117408611325459e+01 7.393117906237968384e+01
4.117703955914458902e+01 5.995323831247009849e+01 5.004486295546396235e+01 6.404673481631898824e+01 8.389997306032501001e+01 8.170234917212619052e+01 6.770849977085291016e+01 6.255330839555864486e+01 5.672505386099801683e+01 3.706644792656407361e+01 5.672505387324064685e+01 6.877783909784426442e+01 8.012416180591831960e+01 9.045672099937610255e+01 8.212408990665056763e+01 9.046157922535402918e+01 8.700755982154196033e+01 7.693095030156854364e+01 6.857909033759956685e+01 5.669226448053705525e+01 3.585714805456913012e+01 3.593255191343241961e+01 5.084093349844089005e+01 7.106782607183652090e+01 7.419009229183598109e+01 7.696123330373899307e+01 5.751490555850353559e+01 5.895874330607676939e+01 6.475013858440888725e+01 5.665416229861903474e+01 3.817865931103887789e+01 5.778742980183468347e+01 6.703633138283672110e+01 6.512170436465363821e+01 5.122872320744506425e+01 7.045633220690179144e+01 8.467616067081605991e+01
3.771123534232740582e+01 3.975209564857759403e+01 5.990993937120753543e+01 7.088990821186060032e+01 8.358733172757723651e+01 7.338278468115289854e+01 5.277343654088674185e+01 4.280933147134173566e+01 5.195850354103981772e+01 3.475085264616262748e+01 4.646188015683596007e+01 6.024673461056502788e+01 7.996655137068847807e+01 8.063985035535715440e+01 6.269071893271145512e+01 8.063985035535623069e+01 8.733793576921671331e+01 7.975359065034538730e+01 5.958439106366493832e+01 4.509424041619904955e+01 3.224951067711005237e+01 5.371583636754841251e+01 6.512633876805280408e+01 7.607269146289416994e+01 6.037209078697439679e+01 7.607269225630322751e+01 6.466228871638759301e+01 4.528623369649605479e+01 5.552832456715296416e+01 3.682280134176215824e+01 4.177595901264301403e+01 6.111525356797594810e+01 7.605191243845690963e+01 7.864144411624288011e+01 7.045633220690179144e+01 5.702161503457246994e+01 7.645298234879257393e+01
5.385145006756047792e+01 3.294024919236594684e+01 4.277021167388908651e+01 5.460614002791317745e+01 7.457952516061786241e+01 8.162875415424294090e+01 6.586350061052530691e+01 4.619862817840601110e+01 3.145246364516854598e+01 5.192307652263297513e+01 5.112908495709812229e+01 6.494886967919318010e+01 8.469146533461203319e+01 7.240717264562313460e+01 5.343724900967072244e+01 7.240717266370631933e+01 6.786948499900503862e+01 7.686706966604178604e+01 6.503155468075898682e+01 4.845887573136602811e+01 3.005835705624355114e+01 5.194616209125906181e+01 6.175115058309819460e+01 6.595162853599912012e+01 4.839581132270634356e+01 5.678903345937660418e+01 6.228305843367186156e+01 5.440026278576147689e+01 3.541480918685225987e+01 4.432401138358358850e+01 6.073731648647070358e+01 4.870439943118842052e+01 6.790292675620388252e+01 8.401181407927674627e+01 8.467616076424918958e+01 7.645298234879257393e+01 6.374489034873671045e+01
4.536025264294146808e+01 2.999240100700797029e+01 5.125104427555075404e+01 5.755417769327049626e+01 5.855154325174392937e+01 7.929394935299994529e+01 6.403792863122669132e+01 4.426225809291063484e+01 2.919864470776407828e+01 4.426293999756401121e+01 6.405606051206116547e+01 7.053118149166969886e+01 7.120484166050648867e+01 6.608378140774277654e+01 4.708128131787650261e+01 5.798360109692597320e+01 5.445074756438755514e+01 5.839956669945998158e+01 5.629439830489140206e+01 3.112520965820702301e+01 2.793806765002006287e+01 4.983781273132452583e+01 4.220764877748582933e+01 4.996267951737809909e+01 5.165315382647982290e+01 3.467929604298537782e+01 5.318684132042027102e+01 3.394776584754664128e+01 4.317746949669997747e+01 5.199185291581257928e+01 6.938966768888374759e+01 6.790292675620388252e+01 5.643498141670142587e+01 7.004467396653355138e+01 8.974430209847589879e+01 9.165325090249309881e+01 8.340326865119035915e+01
4.869142229217386841e+01 2.719499401939764738e+01 4.499509285318831786e+01 3.749809652034480223e+01 5.868239518554015888e+01 6.086436350199845435e+01 5.214404714721792544e+01 4.593165054616773091e+01 2.705162132753217463e+01 4.234763061141322993e+01 6.256230590473499831e+01 5.163660404252328817e+01 4.804943871734779037e+01 5.554082823864420249e+01 5.775931782039330642e+01 3.835461376218488994e+01 5.749355287248341995e+01 4.447652511184121948e+01 4.833740563206506380e+01 2.715226085583445936e+01 4.368417937735534906e+01 2.879360027889691409e+01 2.941422346317356684e+01 3.004804420881999860e+01 3.069300472249759082e+01 3.134700534801579863e+01 3.243022037030958415e+01 5.283510537256820783e+01 6.094819704852626785e+01 6.889609439518724798e+01 7.798102563611595883e+01 8.400693782473835824e+01 7.581456145952626002e+01 6.750222375247243178e+01 7.878813988084183961e+01 9.861792242201657643e+01 9.185861977479041229e+01
4.319293085936625687e+01 4.165205484211206510e+01 2.349608303500174245e+01 4.508525629882725383e+01 4.565552897843110713e+01 4.051230779545338123e+01 3.563886591721526997e+01 2.420021722625094895e+01 4.185476866908118154e+01 4.452542730851095598e+01 4.533537044848212361e+01 4.176119343372870674e+01 3.292861724410824564e+01 3.523184235157462041e+01 4.962331238632160790e+01 3.291773090765543941e+01 4.617397379064509266e+01 4.648873348543262551e+01 2.640509817252997493e+01 4.685150719616191850e+01 3.765630787881601549e+01 5.038127147095507041e+01 5.090523652356758788e+01 4.278242735544103681e+01 5.114138110992263364e+01 5.243102612641490623e+01 3.252635745349351737e+01 5.323110525367087575e+01 5.628799057031870490e+01 6.948932229153422213e+01 7.795467185754409911e+01 7.823282909213986613e+01 8.612134808194018376e+01 8.716888200886506866e+01 9.539876210601951811e+01 1.068583963034695472e+02 1.118037779230927669e+02
2.142801450706794242e+01 2.033654114553752734e+01 4.155084417449270973e+01 4.474627952930915598e+01 2.131294976382534045e+01 1.999214774704985587e+01 2.163354237710259653e+01 3.907249534226023968e+01 3.947054769217669445e+01 2.185558423424842189e+01 2.226174012310226047e+01 2.267354078675947449e+01 2.309040010020759581e+01 2.351256649268352561e+01 4.043412632630290915e+01 3.625161759277089146e+01 2.519918174290910429e+01 2.568948322529180928e+01 4.764843053015658114e+01 4.363420928989538794e+01 5.643648027634548470e+01 4.782936221817922018e+01 6.637932158454002263e+01 6.210347628089779448e+01 6.774472498794010278e+01 6.043825319325179635e+01 4.127101794687486347e+01 3.367781139606302077e+01 4.282864382174027895e+01 5.244069391895159526e+01 6.284625270292239918e+01 5.943115022132801073e+01 7.398281121074606403e+01 8.062491664133372637e+01 8.855125826949644363e+01 9.956536700743259871e+01 1.078944723358654585e+02
1.750746275399874463e+01 2.166229387370717774e+01 4.603497037028014205e+01 4.040527533434178764e+01 1.948279870486879517e+01 3.946293562123497622e+01 2.052342015252096630e+01 2.090377521023357943e+01 2.128984574381730965e+01 3.731802944384291720e+01 4.148299134935133026e+01 4.345867798703713447e+01 4.079816178260075787e+01 4.522185131471418629e+01 2.412145188600592149e+01 2.456073139625469892e+01 4.656156741264400978e+01 2.623151450188990452e+01 4.826518359251587498e+01 6.198457066360850121e+01 6.457294458708261686e+01 6.111743027923248661e+01 6.111899516176954705e+01 7.973770963400124856e+01 7.393524997989977976e+01 5.492703753954411638e+01 6.049400792076627909e+01 5.411761968880812645e+01 3.477392673135810242e+01 3.939237834265135518e+01 4.390519832437474435e+01 4.949125365719106640e+01 5.518732026839280991e+01 6.184775377465142299e+01 7.270070619302767057e+01 9.146330584904237071e+01 9.616633398761443630e+01
3.781350193002008098e+01 1.799174407210244198e+01 3.896127218512119583e+01 1.897829663075470918e+01 3.924349779199402377e+01 4.375527227697163113e+01 4.312112531409533034e+01 3.419721093110496213e+01 4.264192449524436768e+01 2.517244658316736405e+01 3.704724312866787272e+01 5.292750921015660026e+01 5.185795603347242633e+01 3.160748524689078565e+01 4.587474485883988962e+01 4.241605082479775035e+01 4.981248727540899779e+01 2.772953069846367669e+01 4.981259027953046115e+01 6.004241101716342399e+01 7.646589919332954821e+01 7.970178640230447797e+01 7.973770963400933454e+01 8.739684779046241658e+01 8.193601014533106763e+01 7.393500051557749941e+01 7.028901770130873672e+01 5.565533383040755666e+01 3.553011385558139068e+01 5.544558524044814618e+01 6.288094493640855376e+01 5.943115862170844821e+01 7.398281121074606403e+01 8.062507904967662853e+01 8.854642834604305790e+01 9.081191447674942196e+01 8.242272989686071583e+01
4.019414769118369435e+01 1.813230137329708214e+01 1.845784096772803196e+01 3.892418554797024655e+01 3.043598520169145161e+01 5.130336741307872472e+01 6.218922302993689755e+01 5.719905170111564985e+01 4.994592463202680221e+01 2.826297873649047432e+01 4.899528586744443004e+01 6.043673636783952929e+01 5.870619810011223194e+01 3.725101108719783838e+01 5.868512416391378395e+01 6.726793075127649502e+01 5.807423311625612428e+01 4.392945311073349046e+01 3.040760804757054103e+01 4.768847575701616393e+01 6.199447565705753505e+01 7.596188272383479045e+01 7.594802864419845889e+01 8.417794632515494868e+01 9.107801556974922619e+01 8.006369139103169630e+01 6.227738979691567067e+01 4.301482664648031573e+01 3.627219546647977211e+01 5.063217574549067734e+01 7.066133642190010278e+01 7.823315321288164625e+01 8.612824707713461692e+01 8.996411946459713249e+01 8.614238360120798177e+01 7.777972479042360021e+01 6.240315341197467802e+01
4.892052950339861894e+01 4.019544080443809975e+01 1.977956397836151936e+01 3.762088317974956198e+01 4.968234432982844595e+01 4.568744507409634537e+01 6.527554133543748094e+01 6.463785867106162186e+01 4.441849273320615765e+01 3.160202515467645057e+01 4.706949708142058597e+01 6.719645083179887024e+01 6.680988026971058957e+01 5.871963439686117425e+01 4.612233377310391091e+01 6.684949648291990343e+01 7.221998856749436868e+01 6.004243820831780454e+01 5.182349220931460820e+01 3.295381542801882091e+01 4.802706830719161957e+01 6.250553633667071551e+01 5.695152145650895648e+01 7.594802864419845889e+01 8.318653440192406379e+01 6.410992714959927241e+01 5.326620645609740734e+01 5.690861813429863503e+01 3.701947522578883110e+01 5.692782029843134239e+01 6.620457056916175986e+01 8.599867119195744181e+01 8.996411946459495823e+01 7.007022823953742829e+01 7.372096815531098457e+01 5.769172851215257936e+01 6.927119192584218865e+01
