MOVIE_S2_data/elevation_000620.asc
nrows	100
cellsize	150.0
xllcorner	0
ncols	100
yllcorner	0
NODATA_value	-9999
[rows 0 to 16 of 100, columns 37 to 73 of 100]
9.934766665518040440e+01 9.725457971590240902e+01 1.030904458687769534e+02 9.987358648110908632e+01 9.161721595680728569e+01 9.467565899871063095e+01 9.467565899871063095e+01 1.029378129259987986e+02 1.059436267282699049e+02 9.767677792262834657e+01 9.581740368930005047e+01 9.581740368930005047e+01 1.040776425921645796e+02 1.077927824950346292e+02 1.024544109723088354e+02 9.447873094861455456e+01 9.447873094861455456e+01 1.024544109723089917e+02 1.134422973521787128e+02 1.164766444274192025e+02 1.082598603394537236e+02 1.057000288127464245e+02 1.139098054152820225e+02 1.138096943051236281e+02 1.054496152333438062e+02 1.094936749107054510e+02 1.011197603499445279e+02 9.633223475833743521e+01 1.047254599754842559e+02 1.164726315601385807e+02 1.261045596410941698e+02 1.344149781422939611e+02 1.292420488675497268e+02 1.211898487750317486e+02 1.211898487750317486e+02 1.268572022347103569e+02 1.256238357294449770e+02
7.953503551397938054e+01 7.746899866641780363e+01 8.326406118609585860e+01 8.844632128557576323e+01 7.188261759658713856e+01 7.491149995822343044e+01 7.491149995822343044e+01 9.467565899871063095e+01 9.453042963502738871e+01 7.798711751569724981e+01 7.616617411770576496e+01 7.616617411770576496e+01 9.581740368930005047e+01 8.888476403471513265e+01 8.888476403471513265e+01 7.592564160554768193e+01 7.592564160554768193e+01 8.652758236982073470e+01 1.053402018965112461e+02 1.082598603394537236e+02 8.857353679254843826e+01 8.602306327519234230e+01 1.025250906099838204e+02 1.054496152333438062e+02 8.502450256996424116e+01 9.100687955194590018e+01 8.065534294842129270e+01 7.584340521701302862e+01 8.769805342752779609e+01 1.081267457907942315e+02 1.059546850873310433e+02 1.261045596410941698e+02 1.211898487750317486e+02 1.020087554462159858e+02 1.020087554462159858e+02 1.076267676116540741e+02 1.173588020964835152e+02
6.567935111894020395e+01 6.362612273388693751e+01 7.084393837425950835e+01 7.903075502758967730e+01 6.062004641946245442e+01 6.109132876068095896e+01 7.491149995822343044e+01 9.467565899871063095e+01 8.630894718643436647e+01 6.678651372244291906e+01 6.245036850711023391e+01 8.192188600057205861e+01 9.451525572176500134e+01 8.888476403471513265e+01 7.037265531871912572e+01 6.529248240552995242e+01 8.376709982209570171e+01 9.316204842271359610e+01 1.011262023356473208e+02 1.072202843899834903e+02 9.433952746280459678e+01 7.465955987897503121e+01 9.433952746280459678e+01 1.034805467694702372e+02 9.100687956256891198e+01 7.063008151611964536e+01 6.895949804354582113e+01 8.930462421794031513e+01 8.458621424912801956e+01 9.147906444054446240e+01 1.059546850873310433e+02 1.261045596410941698e+02 1.207760048543284626e+02 1.015457392089846991e+02 8.839686734304324034e+01 1.076267676116540741e+02 1.158594273138125459e+02
7.607107684242642165e+01 5.651257197869067994e+01 5.129393268230107594e+01 6.494945796450600994e+01 5.190653171554981782e+01 7.145653602747424316e+01 8.168243584881008701e+01 9.153663224627112527e+01 8.886964484493599059e+01 6.930827131240792482e+01 5.557216224178628039e+01 6.678581355508899264e+01 8.629847797035128565e+01 9.679845833925656962e+01 7.819679308426717057e+01 5.965182703480470394e+01 7.819679308426717057e+01 7.454899616960761932e+01 9.316204842271359610e+01 9.902182612790588223e+01 7.933949568216735315e+01 6.873923031374322079e+01 8.840579397535729811e+01 9.508513416752292358e+01 7.468164433361630472e+01 6.316629318498699064e+01 8.330517381950922129e+01 9.772053463291968001e+01 1.050639859513578642e+02 1.118564467040573618e+02 1.201848316148124667e+02 1.208972570541326377e+02 1.128719288765816913e+02 1.015457392089846991e+02 8.221179446914432276e+01 1.015457392089846991e+02 1.076256043104547047e+02
7.607107684242642165e+01 7.607107684242642165e+01 6.494945796451519016e+01 4.533343006130284181e+01 4.697248299584360609e+01 5.392492376989716973e+01 6.366475586311612034e+01 8.330390256050456799e+01 8.445544414791027066e+01 6.495866244560184555e+01 5.120887705210516572e+01 6.495866244560184555e+01 8.445544414791027066e+01 8.864027116375157789e+01 7.405001261156481007e+01 5.543125204143005647e+01 6.144172526583290761e+01 7.454899616960761932e+01 9.316204842271359610e+01 9.686495836177360275e+01 7.718803244663061491e+01 6.332730142261424078e+01 8.295127061427068327e+01 9.496761590541953524e+01 7.990108168876200523e+01 5.989336773444295403e+01 7.990108168876200523e+01 9.171182729010618573e+01 9.958710610599334245e+01 1.009453300877979700e+02 1.089097888981883955e+02 1.128719288765816913e+02 9.363484660632779821e+01 9.655373614272490101e+01 7.710956142802373847e+01 9.655373614272490101e+01 1.070850694226416806e+02
8.270039096153961111e+01 7.391285100405232811e+01 6.102626879686636840e+01 4.129696751866748627e+01 6.102629294986899566e+01 7.348432909355481968e+01 8.168243584881008701e+01 9.153663224627112527e+01 8.055608780744859132e+01 6.106963584896132602e+01 4.729289504024458779e+01 6.106963584896132602e+01 8.055608780744859132e+01 8.079582274061108649e+01 6.223630386259488745e+01 5.137881999314528514e+01 7.008047952035843764e+01 7.945783926954753440e+01 8.737213246176108328e+01 9.246506396832494090e+01 7.280488443954565980e+01 5.899274144574295065e+01 6.716610067468330669e+01 8.106685828952869599e+01 7.665540189751449418e+01 5.676543711075039766e+01 7.592979016605843867e+01 7.308480274388394093e+01 8.781034281614110171e+01 8.236965294662297765e+01 1.009453300877979700e+02 1.099127086036195493e+02 9.060960947937529397e+01 7.990569579909858078e+01 7.241290977520662864e+01 9.197070021094451420e+01 9.887267101905756306e+01
6.618464724555136058e+01 5.491110343574890607e+01 4.609986675341554019e+01 3.850439758765514142e+01 5.831627547464893269e+01 7.421159456025975487e+01 8.241386096135742889e+01 8.307376133282521380e+01 7.491515159907382326e+01 6.321977527898599192e+01 4.370295034618388286e+01 5.751249666781623660e+01 7.699836470631389318e+01 8.002786071569670412e+01 6.142432063650497298e+01 4.808830763769636008e+01 6.687317137162453662e+01 6.071458697755272027e+01 7.648923508987169839e+01 8.630286144512699309e+01 8.672836969976223997e+01 7.291370783619117901e+01 5.341066685788261736e+01 7.291370783619093743e+01 7.397172382369558363e+01 5.375484986029558598e+01 5.762847073332147119e+01 6.318378349645815462e+01 6.922879444870308419e+01 8.236965294662297765e+01 1.009453300877979700e+02 1.048390577790583933e+02 9.060960947937529397e+01 7.113732927166020659e+01 6.796127542354395246e+01 8.759744532054399713e+01 9.776261165893588156e+01
7.107191585550849311e+01 5.719550262185244804e+01 5.580017433496042401e+01 3.595771689314270958e+01 5.580013153285305805e+01 5.456964842033483620e+01 7.421160706124371131e+01 7.491515159907382326e+01 5.541347772130828986e+01 5.987266741653638746e+01 4.032292145771270953e+01 5.987266741653638746e+01 7.605633860737920315e+01 7.700954978552333330e+01 5.836482675302220713e+01 4.494739332376302343e+01 5.970615719747117822e+01 4.978838295271788894e+01 5.927597509308829160e+01 7.824066430472880995e+01 8.590455669213896783e+01 6.935295600826874818e+01 4.986772836511956797e+01 6.448164991187157113e+01 6.680987877983099565e+01 5.080354273698871026e+01 6.434542452531434265e+01 8.173431378727666186e+01 8.781034281614110171e+01 9.563972092240567235e+01 9.560097845832277130e+01 8.756110964493137772e+01 7.784930010189769689e+01 6.461755928550293504e+01 6.381918981452975004e+01 7.770966459724684228e+01 9.717524067945545596e+01
7.214144872351722881e+01 5.250434424315145066e+01 4.105693772783239837e+01 3.353963616836761474e+01 4.057000569092252107e+01 5.456964841915441156e+01 7.421161729691809228e+01 7.103911606747810481e+01 6.049772059425134785e+01 4.158666112415311034e+01 3.708732929241428877e+01 4.841556156342632278e+01 6.791911083226646895e+01 6.820144172470159560e+01 7.157916121960158762e+01 5.970615719632567675e+01 4.069186797856229276e+01 5.422387277431182184e+01 7.291672823174091889e+01 8.586336483951606624e+01 7.774478393480848126e+01 5.818823782088315966e+01 6.177692839994335827e+01 4.497764920619181339e+01 4.733051090248728343e+01 6.107800974613509482e+01 7.816286406749742355e+01 9.071352342846303429e+01 9.547980193030481644e+01 8.734161728089662802e+01 8.757472445054406762e+01 6.810337382081507940e+01 7.337804909880291859e+01 5.847033032790947971e+01 6.254092511605645655e+01 7.582061337243635535e+01 9.750399294033654485e+01
8.034027806030017871e+01 6.507845224079296997e+01 4.536519505436093169e+01 3.143252589271656916e+01 5.113907907374159123e+01 6.849095216473519088e+01 6.135738678670379187e+01 4.796616130236975550e+01 5.002211755146390715e+01 3.280584556277107566e+01 5.238736983648434631e+01 6.469491131080492607e+01 6.078063233125622844e+01 4.732133464140867574e+01 6.071844838129342037e+01 5.376087099258352708e+01 3.807522446349391032e+01 5.715950508516321094e+01 6.693741158538907143e+01 8.459061951612657992e+01 7.932200593824394730e+01 6.177693115250174571e+01 4.223371163423800567e+01 6.177692755016495596e+01 6.107800974351781065e+01 7.494625961392254965e+01 8.881457768012968756e+01 9.516544877596466279e+01 8.413015966124405054e+01 6.784422683148515887e+01 7.787927767848474048e+01 6.997029316104782026e+01 5.429064185127430875e+01 7.379592308066737871e+01 8.444249957092050352e+01 9.346021701404765736e+01 1.056041882968418548e+02
6.901936846630145794e+01 6.371240878947662623e+01 4.334293185006919202e+01 2.938729997941469563e+01 4.858765394129423498e+01 5.180479403453775689e+01 4.438932014069175125e+01 3.423415145273919791e+01 4.890783243488509413e+01 3.005444011777869662e+01 4.600775480259142114e+01 4.643736703136450217e+01 4.617458517828416120e+01 3.436439556869193268e+01 5.211767589689587510e+01 3.445044116549564706e+01 5.285609228595399856e+01 4.829568032210394790e+01 6.502656982434072575e+01 6.694083425920615582e+01 6.547418178434739389e+01 5.162635761818449254e+01 4.035130815912766167e+01 5.166685872600849905e+01 7.119866401780431886e+01 8.881412682248493695e+01 8.322537104930034957e+01 8.722751993230993151e+01 6.784265460074411180e+01 5.648542284013397818e+01 6.615617598693896184e+01 5.023884768086899300e+01 6.997029316104782026e+01 8.183031593865493392e+01 9.517726592725320245e+01 9.655955977925398770e+01 1.001732800313786953e+02
5.207611846813421153e+01 6.291346456911693252e+01 4.660127779939184478e+01 2.735412452628658286e+01 4.408567308316861499e+01 3.486308684528064816e+01 2.380647265897818698e+01 3.189330066006017717e+01 4.330058084929003570e+01 4.202401230694655965e+01 2.620018840539087179e+01 2.670427476236803344e+01 2.720922631493566257e+01 2.771613179899576096e+01 4.645276243082278711e+01 3.195942122051274126e+01 4.914231748749872963e+01 2.990201422070041914e+01 5.643965459432671850e+01 4.737651200944910812e+01 5.485306683610701128e+01 3.775339929494048619e+01 5.162635761815436553e+01 6.804551819381570965e+01 7.934518728173038937e+01 7.749763846943083934e+01 6.359416022830282600e+01 7.129978057852493123e+01 7.529826335783731395e+01 6.615156481340390826e+01 4.592709596865147148e+01 6.627350641491268846e+01 7.800990798393027603e+01 8.195580670625095365e+01 7.712240728985061367e+01 7.640223789322368475e+01 8.148815582153777370e+01
4.055669204530190797e+01 5.694714212681022758e+01 5.421733646281074215e+01 4.354750416895927856e+01 2.446371081888707266e+01 2.310367519868401232e+01 4.145140671556749368e+01 2.450865875945230243e+01 2.500429715883648640e+01 2.549934942876722488e+01 4.197542330169803648e+01 4.628263295639424513e+01 3.389966982801675499e+01 4.740210494345235759e+01 2.843491971219105707e+01 4.392672874553178275e+01 2.989503122482440034e+01 3.040537042064523021e+01 4.961812372258915360e+01 3.352085262500548168e+01 3.524962535387381735e+01 5.485306683541402606e+01 6.547417798209653483e+01 7.932198489817122322e+01 7.306463738145147602e+01 6.884287693481361714e+01 4.965702940560249345e+01 5.162233287478272103e+01 5.691939061388332277e+01 6.027215946943434943e+01 4.287638151261459285e+01 6.382341988700061108e+01 7.512520959139648369e+01 6.066342029791162105e+01 6.273452017982285156e+01 6.369028330050762321e+01 7.808615880177497104e+01
4.204379997117544576e+01 4.065313646114562118e+01 4.112201655459126215e+01 4.149609729102961353e+01 2.239977542037189195e+01 4.210456147407009553e+01 4.965812587045076754e+01 4.773237582767860232e+01 4.444217976677304449e+01 3.241111596697388109e+01 4.899436554104354968e+01 5.367302780137387685e+01 4.114426465733286875e+01 5.532175277630202004e+01 3.129421523290593399e+01 2.916735739969402630e+01 4.780422321993348334e+01 4.972550089082220381e+01 3.111993436880457153e+01 5.066861026915789523e+01 3.614998076138138572e+01 5.890660002691012664e+01 7.392025572434255309e+01 7.272104155501175171e+01 5.274935482029319189e+01 5.569443802582517833e+01 4.080897793324875522e+01 3.978138921787918747e+01 5.653959331661865662e+01 3.875617120103608215e+01 5.898646115827288838e+01 5.978173615672668006e+01 6.035544000920317842e+01 4.522821140641256221e+01 6.302517813891965659e+01 5.681109319019586934e+01 6.914957976717556676e+01
2.038441582970143173e+01 2.083997830902542603e+01 2.129596633161153463e+01 2.175219509925363681e+01 4.156722514477898756e+01 2.436279451423255082e+01 4.404526433664834428e+01 5.393277379858929521e+01 6.002026159173272646e+01 5.199641175341481869e+01 5.862275074372544736e+01 5.845163421922953972e+01 5.497657441785210608e+01 5.384895184010615310e+01 5.982688808104713729e+01 4.000158152587573568e+01 6.021498346713021022e+01 5.724449047958835024e+01 3.995409810669385564e+01 3.186239672152898450e+01 3.239009397070093854e+01 4.623159490884092548e+01 6.084873784928619500e+01 5.766498782948850987e+01 5.260690755141056485e+01 3.608527790470872532e+01 3.666645483302871611e+01 3.725449059010250608e+01 3.785566424433714161e+01 4.234325261243813543e+01 3.971770832169488585e+01 4.039063841294187540e+01 4.104078958029345614e+01 4.164919430547337953e+01 4.812491160781667787e+01 6.076508106474671678e+01 6.258394217317946584e+01
2.951198604599255759e+01 4.041831849653392794e+01 4.112336043982037381e+01 2.477250657576347592e+01 4.431301985372485319e+01 4.412139330990985542e+01 2.632732278619744903e+01 4.604456048944966540e+01 5.615908112290446041e+01 6.268426698019801790e+01 7.079266073077396015e+01 7.467304267079546776e+01 7.479879697475553257e+01 6.827824668418260501e+01 6.597552490564092409e+01 7.038850548687642572e+01 7.154206362830701948e+01 5.740112932981556071e+01 3.793919023184097483e+01 5.142446714464758628e+01 5.190278848238687459e+01 3.313835372339161722e+01 5.272807313979660648e+01 3.469651702844836905e+01 3.526885813747296794e+01 5.487434797515899731e+01 4.724520853991875668e+01 6.134377907956087483e+01 5.239422849532877535e+01 5.890782596351377975e+01 5.910733146162449003e+01 4.402485627617878805e+01 5.687590990054772533e+01 6.098272956560249014e+01 4.246847698910500668e+01 4.304499827676803392e+01 4.363394975107084406e+01
3.795876764879906773e+01 5.061480570093911524e+01 3.268458779172098616e+01 4.431521955617798625e+01 5.252012358201773878e+01 5.420716531079385447e+01 4.604426142909887432e+01 2.830306076383618930e+01 4.799512781292085606e+01 4.358340105475492265e+01 5.952063633525060027e+01 7.554522727445936425e+01 8.526073884336047115e+01 8.533713458255476780e+01 8.729722285351799371e+01 8.047072497585844530e+01 6.435701093016685093e+01 4.493817854976310855e+01 5.166822884479665134e+01 6.552894438987607373e+01 5.027085783542306530e+01 3.957179845612769498e+01 3.389110932265053577e+01 3.603007370534686515e+01 5.365138958044452266e+01 6.270807803343031850e+01 6.488328502868520786e+01 7.259268199161866164e+01 7.354500020655193282e+01 7.687583415515483409e+01 5.753416882813084499e+01 6.319796635684748054e+01 4.977531392365372653e+01 6.503726717330592066e+01 6.206305807712051603e+01 6.318695654410902307e+01 5.042917090595427965e+01
