MOVIE_S2_data/elevation_000551.asc
nrows	100
cellsize	150.0
xllcorner	0
ncols	100
yllcorner	0
NODATA_value	-9999
[rows 68 to 84 of 100, columns 37 to 73 of 100]
1.147574006662265731e+02 1.129044659906331276e+02 1.079168961131013305e+02 8.785091693933902945e+01 7.638551256252432609e+01 7.638551256252432609e+01 9.312881787422395519e+01 1.029695047160304853e+02 8.640950061550402950e+01 6.679421474160207595e+01 8.355759309032202964e+01 8.150669030467871323e+01 8.157304356112128119e+01 1.015306159493026001e+02 1.147393376277757682e+02 1.022349709287829427e+02 8.250923572925096039e+01 7.127789420724857905e+01 6.250128625749348998e+01 8.209504983020124769e+01 9.212251102845624473e+01 9.212243275062691339e+01 1.120146846411473831e+02 1.160382836534133304e+02 1.075991236454417503e+02 1.160450693098970447e+02 1.236712917688965661e+02 1.153952641244084418e+02 1.083060574575716402e+02 1.019607558853238913e+02 9.090446250260455940e+01 7.105191798847228313e+01 8.577855108194911793e+01 8.701863880535373141e+01 6.723644728074405919e+01 8.701941603457474628e+01 9.873001278857350371e+01
9.462409636188789364e+01 9.278504927874911345e+01 1.070360383094353551e+02 9.893827024676299686e+01 7.896608766046281858e+01 6.499365512406124878e+01 8.481580423121782530e+01 9.337585163302480851e+01 7.478104732825171652e+01 6.090654320329858251e+01 6.279077496727975216e+01 6.807459145351567997e+01 7.644876805744856085e+01 8.623348283534505754e+01 1.063528481950891376e+02 1.105832016360811423e+02 9.912206764311754625e+01 8.827493105136372264e+01 6.873242622407454405e+01 6.797595368534393856e+01 7.256981108292598037e+01 9.212251102845624473e+01 1.071601311930607352e+02 1.155432201928435205e+02 1.271714537934681175e+02 1.269309520973708487e+02 1.069505434611503318e+02 9.534395497208386416e+01 8.823936596343413896e+01 8.193135505597156509e+01 7.683311230870147313e+01 8.245273012726840989e+01 9.919118506040248917e+01 9.253314304682352542e+01 7.265292319912812502e+01 7.219534404362522650e+01 7.874016278118354251e+01
8.051434059772054752e+01 7.868952125550498522e+01 9.701403109350822263e+01 9.360047919298763475e+01 7.368500455969937946e+01 5.974449017214598712e+01 7.292690230243339045e+01 7.930814366447157227e+01 6.523791573569380375e+01 5.566698579857826701e+01 6.126429394188803457e+01 6.721844563068523826e+01 8.044180873413030497e+01 9.993373102432349242e+01 1.147393376277757682e+02 1.102593995087613479e+02 9.038510592651141451e+01 7.912248692175944598e+01 8.827493106019619518e+01 7.532535191922445961e+01 9.212251102845624473e+01 8.047929965618274650e+01 8.734705927521483204e+01 9.868882751436044032e+01 1.187321956014941833e+02 1.352064958688506522e+02 1.236712917688850126e+02 1.153952641244084418e+02 1.019606769846819248e+02 1.019607558853238913e+02 8.432332873157763231e+01 1.024497436333010683e+02 1.107404928516773595e+02 9.856007015159462981e+01 7.857128527895689274e+01 9.206675359532398772e+01 7.840069410368597858e+01
7.061961363128041569e+01 6.880594328013202698e+01 8.502546022347074484e+01 9.334218937321298881e+01 8.781175137449567103e+01 7.292690467920479591e+01 5.320414998035521847e+01 6.698025402115743532e+01 5.133653234954437750e+01 7.104600852647443787e+01 8.016390530526098246e+01 8.615086059456668011e+01 7.795011609909684580e+01 9.152856955588015353e+01 1.114153951126667721e+02 1.186530194637507378e+02 1.071126920848480353e+02 9.294994922551558147e+01 1.032232335894337751e+02 8.503616942338531715e+01 1.032232335907911107e+02 9.174344126954953538e+01 1.071601334470024227e+02 1.155433885331725747e+02 1.259491894286926481e+02 1.258908914095815703e+02 1.177494615637462090e+02 1.224380274065362073e+02 1.219834874834256766e+02 1.126541682308107255e+02 9.434098694550557695e+01 1.126541682308107255e+02 1.085873744789966935e+02 8.853276582939440686e+01 9.856007015419564254e+01 1.031125946946162912e+02 8.306346072096729927e+01
8.056864313130441246e+01 6.078033541606174595e+01 6.518821238448256850e+01 7.917577496993627051e+01 8.747167983612172293e+01 8.119187452101461133e+01 6.697935618807098024e+01 4.729475519050824772e+01 6.698025402115743532e+01 7.930821084963432099e+01 8.081025832703882372e+01 8.909897243839814962e+01 9.735328590515203473e+01 9.735328590488384748e+01 1.173243731685523699e+02 1.239851031430383159e+02 1.157637936595927783e+02 1.128719588822054192e+02 1.131700692738607756e+02 1.048037633583820991e+02 1.131700692739512704e+02 1.116457406598386939e+02 1.200498159332296950e+02 1.167888424676266936e+02 1.063699698979837507e+02 1.145841134167993545e+02 9.819505469223007310e+01 1.028686767354674885e+02 1.224380274065362073e+02 1.226699796555331687e+02 1.143865284110627982e+02 1.226699796555331687e+02 1.168742307533637756e+02 9.857220456391071650e+01 1.168742307533635341e+02 1.114042057679057791e+02 9.308314315867163202e+01
8.502546022557116601e+01 6.518821238448256850e+01 5.384873794241645584e+01 5.939653137997416366e+01 7.601004875085544654e+01 7.866070653830492176e+01 5.888375625832555471e+01 4.499561312846071104e+01 6.150441925807256638e+01 6.510477994338091889e+01 6.122529525250327964e+01 7.500564276209544801e+01 8.196206550363343979e+01 9.032772322639948470e+01 1.003349160178259041e+02 1.125321914865992170e+02 9.593131366194435827e+01 1.125321914865992170e+02 1.195214401093508059e+02 1.113903218227862197e+02 1.113903218227862197e+02 1.135319226793649960e+02 1.167888424676266936e+02 9.723869789190015922e+01 9.256987327740222327e+01 9.726024724446136815e+01 8.694469186257425974e+01 1.064597194926329138e+02 1.109819016504501548e+02 1.131242670868039681e+02 1.212592150166764071e+02 1.307734534650782621e+02 1.268839412535807156e+02 1.186025443940827131e+02 1.268839412535807156e+02 1.214243276318157143e+02 1.072867055182821332e+02
9.334219061805811180e+01 7.917577497264363728e+01 5.939653137997416366e+01 4.806659770187018665e+01 6.283381694550406849e+01 7.107029781923291978e+01 7.291631364890808698e+01 6.150441925798244114e+01 4.181112155937807273e+01 4.554669483233649174e+01 4.994043224271165826e+01 5.537492045653057460e+01 6.228630542378169821e+01 7.203083839054748694e+01 9.189330157348176442e+01 1.043135059940799181e+02 8.448579080388229556e+01 1.043135059940799181e+02 1.113903218227862197e+02 9.186755300923782386e+01 9.186755300923782386e+01 9.400179426895878976e+01 1.135319226793650103e+02 1.008262162649038629e+02 8.132916732524171266e+01 7.777457869287866288e+01 9.726024724446136815e+01 9.244590637903148433e+01 9.145158962011308290e+01 9.358666964387423093e+01 1.030515824835399883e+02 1.185645223759004239e+02 1.298785455139201019e+02 1.225345604229018477e+02 1.141320527242980489e+02 1.225345604229018477e+02 1.272780891904604204e+02
9.181405011993558674e+01 8.747168030333655508e+01 7.601004875085544654e+01 6.283381694550406849e+01 4.313933124630143112e+01 5.825494202789162301e+01 6.359866210833956046e+01 5.657993633974470526e+01 3.957461006401172909e+01 5.930264164049894760e+01 6.122529525250316595e+01 7.500564276208724834e+01 7.500565666478827609e+01 9.032772314230270183e+01 1.003348067097461040e+02 9.730335006083517158e+01 7.749044354595154971e+01 9.730335006083517158e+01 1.115581120767061662e+02 9.758563960718896624e+01 7.809621205678334377e+01 9.186755300923782386e+01 1.113903218227862197e+02 1.089422401159598053e+02 9.163521925266329049e+01 7.213561202996341137e+01 8.611989745360529014e+01 7.294783737762925568e+01 7.768617416520827135e+01 8.355083395726374818e+01 9.090098307576866432e+01 1.021649618877293335e+02 1.217311194247011201e+02 1.125160246006185076e+02 9.419786195291425202e+01 1.125160246006185076e+02 1.223303888265882051e+02
8.184778150702217658e+01 9.023347256226536217e+01 8.201517219966041239e+01 7.107029781923291978e+01 5.825494202789162301e+01 3.849802207466097315e+01 5.055018301832537730e+01 3.678175713572210981e+01 5.601607559564840955e+01 6.715813262009694995e+01 8.081025832657373087e+01 8.909897205672317000e+01 9.495306779438936928e+01 1.018299656606641719e+02 9.206058145462080233e+01 8.385057850101510724e+01 7.154212118638126583e+01 9.132953397751940372e+01 1.034401000234336436e+02 8.393745897450359905e+01 7.267456690712795364e+01 8.646598868270666571e+01 1.059756799769187126e+02 1.111671832354191451e+02 9.163521925266329049e+01 8.611989745360529014e+01 6.656193210511068514e+01 8.208539725508725837e+01 9.018345973641929447e+01 1.030515824835399741e+02 1.104345931037238415e+02 1.185645223759004239e+02 1.162167832092896589e+02 1.041649573386061576e+02 8.454840111631679633e+01 1.041649573386061576e+02 1.123102916538085481e+02
7.348815803703246274e+01 8.201517219966041239e+01 6.226537979589350869e+01 6.804996006393024288e+01 6.647847520018362388e+01 5.390163092807473788e+01 3.399811105905193642e+01 5.388269872659495263e+01 6.325160708047609859e+01 7.086183965121703920e+01 7.917085567287533365e+01 8.922087916435049237e+01 9.603418090678668761e+01 8.202126275648372200e+01 8.385059492968137818e+01 6.410887758826611105e+01 8.385059492968136396e+01 9.954454368419180810e+01 1.014998498310689712e+02 8.199146060301042382e+01 6.814903015049128499e+01 8.770533551788207660e+01 9.334337843690408931e+01 1.014529205281238262e+02 9.758407368663969805e+01 8.948134744106533844e+01 8.208539724892793288e+01 6.243053907877855835e+01 7.636752484668268437e+01 9.588956237137657013e+01 1.057121468754427553e+02 1.138297081724552271e+02 1.078650771221213205e+02 8.812853837776003729e+01 7.813813357728980691e+01 9.762610526450966120e+01 1.039792898358250284e+02
7.348815803440466254e+01 7.996766871276253141e+01 6.804996006393024288e+01 4.831391513986974928e+01 5.750060031024265328e+01 5.234125727310667742e+01 3.231447463215776850e+01 3.744170347007090527e+01 4.323318144882346559e+01 5.037022076547624749e+01 6.079512011672556326e+01 8.126237406990475165e+01 8.782310439378709077e+01 6.806727720824757455e+01 7.641707453467070366e+01 5.962095519129403698e+01 7.932153468597175561e+01 9.068586609137592802e+01 9.743206948198294981e+01 7.790955055529538242e+01 6.397947615894588580e+01 7.818176778367059399e+01 7.378058600704963510e+01 9.015573726675114585e+01 8.946984568300339902e+01 6.987477951695250056e+01 7.561687106936699365e+01 5.962224082537707659e+01 7.938559486669198861e+01 9.190878311833640169e+01 8.619124264377379063e+01 1.057121468754427553e+02 1.056710742389396813e+02 8.598407095836381586e+01 7.229938701783932231e+01 9.175026071800269278e+01 9.503891459067547487e+01
7.420076071453981115e+01 6.020397915021498392e+01 6.746801391555564464e+01 5.750060031024265328e+01 3.764348063646272635e+01 4.862022642465856848e+01 3.070386634098625578e+01 5.068290581200299272e+01 5.264029737454944069e+01 6.226053364210228125e+01 7.884524534339935542e+01 8.922087916435049237e+01 9.603418091484354591e+01 7.641707453467070366e+01 5.675592229630749586e+01 5.537702661161880258e+01 6.275251846291283186e+01 7.668006020378629728e+01 9.647572456710356903e+01 8.893422710292195177e+01 6.986165591791214524e+01 5.834022127911391209e+01 6.231009763039684657e+01 8.135017285123697661e+01 8.921106515368101952e+01 6.985852624819324319e+01 5.566235343834057403e+01 7.561686910785819293e+01 8.316810524277100569e+01 7.236403321914359310e+01 8.366047420480423114e+01 1.031761826324831191e+02 1.010308030652939237e+02 8.142250964485563713e+01 6.770432630587828271e+01 8.115975421655319622e+01 7.536493713565117503e+01
6.599262980178517068e+01 4.620398316941681571e+01 4.768200207109953226e+01 5.477738869230990559e+01 4.656434397044535700e+01 2.842438599611692140e+01 4.862022642465856848e+01 5.892615238102465014e+01 7.049186979793846319e+01 7.796584572851392636e+01 8.815123283197119974e+01 9.576826235451358116e+01 8.756025575626510715e+01 6.986335804060846044e+01 5.030919191060976914e+01 6.986335804060844623e+01 8.247807605764879213e+01 8.247807605768115025e+01 1.022842404124403402e+02 9.681188847267711139e+01 8.603149370597979839e+01 7.322138115751522491e+01 5.315726619522419583e+01 6.878995948827414963e+01 7.694718054008329489e+01 7.312192327839561301e+01 5.303305708019342291e+01 5.803008534414251329e+01 6.348356999316038696e+01 8.316810524277100569e+01 1.000104754081145018e+02 1.112903076973213388e+02 1.039773109822057364e+02 8.418150572685728150e+01 8.115974237459805352e+01 6.165847289778323415e+01 6.153881323224525346e+01
6.750629346502178407e+01 4.768294307469418669e+01 3.345286967925670041e+01 4.452123668786853017e+01 2.623568346203321866e+01 4.656434397044535700e+01 4.133473831213407124e+01 5.537381780615499594e+01 7.511814471193660836e+01 7.856528321268262971e+01 8.682552093072770560e+01 8.436174201976875509e+01 6.782810779370828413e+01 6.680951055974298924e+01 4.732027813919869175e+01 6.680951055974298924e+01 8.082139676285625285e+01 9.222070620198317670e+01 9.364155517032098430e+01 8.560226258109953790e+01 9.364155514807320912e+01 8.135017285123699082e+01 6.878995948827414963e+01 4.859860098136836370e+01 6.878995948822964124e+01 6.770534415771396652e+01 5.046740332012818442e+01 5.647204383642723258e+01 7.640254189986123379e+01 9.126790275632383498e+01 9.439992407543667241e+01 1.139412504194516629e+02 9.812686787475990968e+01 7.840549964013629847e+01 6.458522846709746545e+01 5.762855119224143863e+01 7.725319467793872263e+01
6.547407417850303091e+01 5.859566599969770095e+01 3.868222415835413841e+01 2.408029066877440982e+01 4.452123668734909501e+01 5.477738868995571409e+01 6.115679726689439377e+01 6.935047335885316500e+01 7.543891252727580365e+01 5.893414044138406638e+01 7.543891252727580365e+01 7.616789481839333575e+01 5.654438618295655772e+01 6.387139840851682493e+01 4.442927591302064627e+01 5.304370806459624532e+01 6.429821454347043641e+01 8.401423174537016791e+01 8.398624826133162458e+01 6.633222325148345533e+01 8.398624826133162458e+01 7.971888457948838891e+01 6.563915834907145097e+01 4.567104037497570346e+01 6.486217264358981538e+01 4.750081434220577847e+01 6.770534415293008124e+01 7.640254189938558227e+01 6.601818879578078736e+01 7.486439159883377670e+01 8.868103820045465113e+01 1.082065359164823235e+02 1.003070366642470503e+02 8.055719009287707877e+01 7.512450542174269685e+01 5.547676459092249246e+01 6.948663296987341198e+01
4.891518227993680767e+01 4.668008245396823952e+01 4.116348968132820119e+01 2.262896159494892245e+01 3.309091104282714468e+01 4.734949752288525815e+01 6.710735200102760700e+01 6.764716162011083611e+01 6.723123764917342271e+01 4.774322583075484516e+01 6.723123764917342271e+01 7.708169848343182196e+01 5.747630248361565464e+01 4.536035647382566083e+01 4.171517003598903983e+01 5.287593946381920063e+01 7.245010880207031789e+01 8.875793789059822814e+01 7.596668693594054389e+01 5.710515352840858583e+01 7.596668693368837921e+01 6.807499050985454403e+01 5.350270706050766023e+01 4.289103951041008145e+01 4.474592967640089824e+01 6.486217264358981538e+01 6.189706212442865763e+01 8.172777741679041696e+01 7.994262362310520587e+01 9.376360460089350113e+01 9.074465084882322685e+01 9.953937643385850720e+01 1.086005009016622864e+02 9.055334251185416861e+01 7.304115727854626527e+01 5.337886360159707522e+01 7.304115727854511420e+01
3.838458459014696444e+01 2.947487235137514716e+01 2.062328064396456284e+01 3.358513442104966629e+01 4.979765013056989886e+01 6.132658407980238024e+01 6.755292022806767704e+01 4.837655075458717135e+01 5.161478724003527674e+01 4.082836666985893714e+01 6.034118461408780121e+01 6.226646284946692589e+01 5.413422926991876949e+01 3.798878174909464178e+01 5.747299839437685165e+01 6.930134566185707001e+01 8.063721721010456633e+01 7.613814613812257903e+01 6.334036364037595490e+01 5.124996708413192437e+01 6.967806273945438988e+01 6.063074829160853341e+01 4.070739383440297843e+01 6.063074833648065010e+01 6.458626605100764095e+01 7.304762990324238103e+01 8.172777741701732168e+01 8.984401380596129627e+01 9.947446787896762999e+01 8.695943695404032781e+01 6.872494371334317975e+01 8.695943695404032781e+01 9.753821846769021420e+01 8.232682599008124669e+01 6.269176670392673856e+01 5.133548519226306439e+01 7.091989584750568554e+01
