MOVIE_S2_data/elevation_000272.asc
nrows	100
cellsize	150.0
xllcorner	0
ncols	100
yllcorner	0
NODATA_value	-9999
[rows 34 to 50 of 100, columns 37 to 73 of 100]
8.813681263874640592e+01 7.410550403883449633e+01 7.431749832672680611e+01 7.395175948539798583e+01 8.754861955029896592e+01 1.063713261753511858e+02 1.126322228888299435e+02 1.040937913627451934e+02 1.040937913627451934e+02 1.053341585806611960e+02 9.924468620610876712e+01 9.924468620610876712e+01 1.078107435393384037e+02 1.122796626695929092e+02 1.037759926225735541e+02 1.075997621794715968e+02 1.075997621794715968e+02 1.158529532252965026e+02 1.106215680422815240e+02 1.013717683835003385e+02 8.465438828910438929e+01 8.942913169188688016e+01 1.069438821980446477e+02 1.184844850225100572e+02 1.144806523362371422e+02 9.431933022892876295e+01 9.431933022892874874e+01 1.046961115071672168e+02 8.513361442664835010e+01 1.054625517556820569e+02 9.870395235422942903e+01 8.557409238855623812e+01 1.058813426112498348e+02 1.074959075480751238e+02 1.157583860943803273e+02 1.257711618759112042e+02 1.144549732535845266e+02
7.820588275611719098e+01 6.004790118476545047e+01 6.004360511185048921e+01 7.981369660886393547e+01 9.110158616360408246e+01 1.009306196264278270e+02 1.040937913627451934e+02 8.311194029013257989e+01 8.311194029013257989e+01 8.437738500748373838e+01 7.821914721512744961e+01 7.821914721512743540e+01 9.924468620610876712e+01 1.003641445641366943e+02 8.309272329033083793e+01 1.003641445641366943e+02 1.122796626695928666e+02 1.162566387046599488e+02 1.078895007782247717e+02 1.129050546158906627e+02 1.046322803655827016e+02 1.094228044204305235e+02 1.176857134924076433e+02 1.232388153776614672e+02 1.031820143186027536e+02 8.875530749750008397e+01 7.973460879655341671e+01 8.430803718122983526e+01 7.850573417981614455e+01 9.870419769126620224e+01 7.816910080035388830e+01 9.203655168929391550e+01 9.735494848169601312e+01 8.721457941814881565e+01 9.745075526142750277e+01 1.175410598347226880e+02 1.228707220725098779e+02
6.249052182765341712e+01 5.009441056829690098e+01 5.641623395701012811e+01 6.362265926040626596e+01 7.312991477013926556e+01 9.268615730999982816e+01 1.040937913627451934e+02 8.311194029013257989e+01 6.836365920061626866e+01 7.940798671530349395e+01 6.363653112786411725e+01 8.437738500748372417e+01 9.067106237583929840e+01 8.214732551238981273e+01 7.128489799924464876e+01 8.309272329033083793e+01 1.037759926225735541e+02 1.045912928838636304e+02 8.768249377060048744e+01 1.045912928838636304e+02 1.181368574331607988e+02 1.097698911835133089e+02 1.123917814927537648e+02 1.207582468723752385e+02 1.068875832612232131e+02 8.652389308273109236e+01 7.177261909692529684e+01 6.951435898751677200e+01 9.028101146905899554e+01 9.554426604808024592e+01 8.715603652916877309e+01 7.131403509149728848e+01 7.677577576531055570e+01 9.735524348311194842e+01 1.157583860943802989e+02 1.257711618759111900e+02 1.330517028294431725e+02
4.257165269329718171e+01 4.664551552114112809e+01 6.586198978268018323e+01 7.864576618985712742e+01 9.110158616360408246e+01 1.009306196264278270e+02 1.046903324308338199e+02 8.371537139426914109e+01 6.895717818385169551e+01 5.915039184468518130e+01 5.770068662639005908e+01 7.781746547303623629e+01 7.497222201520071394e+01 6.185306815807899739e+01 7.345167431196705365e+01 9.402580595461581936e+01 1.072095285668294053e+02 9.622297984285626171e+01 7.601455593857831161e+01 9.622297984285626171e+01 1.064718089262778165e+02 8.956344076648312580e+01 9.218537098018053655e+01 1.123917814927537648e+02 1.126993091557967119e+02 9.247737458440676050e+01 8.491940625002038701e+01 6.413289882002173670e+01 8.491940607688255227e+01 8.250916546460065604e+01 6.637489179504026993e+01 8.715602665510832026e+01 9.735524348311194842e+01 9.365125781012230277e+01 1.138360896146877224e+02 1.195353152814762012e+02 1.278713274826086774e+02
3.757931748868666944e+01 5.127750797488663892e+01 4.930265288252864764e+01 6.961129526897538256e+01 8.091059801770451543e+01 8.928674976737363522e+01 9.945559921385375901e+01 9.847046254750651428e+01 8.456584181194567407e+01 7.201095893434441564e+01 5.246472095017293213e+01 6.847026750830590913e+01 5.494663012910941546e+01 7.497222201520071394e+01 9.067106237583928419e+01 1.025506828765052489e+02 9.884167177880368627e+01 7.864941984101585604e+01 6.890785522520070572e+01 8.409549930161961129e+01 8.948683854143021676e+01 7.789537991255113525e+01 9.810369159587406784e+01 1.079617630028734254e+02 9.961277201800659498e+01 9.585866080089843422e+01 7.526921524379500283e+01 6.060094286863682100e+01 7.840518272230811192e+01 6.178491805353529287e+01 6.867965370139265247e+01 8.344416855660968224e+01 1.038605971698696777e+02 1.138360896146877224e+02 1.162674416598489415e+02 9.944773325971748079e+01 1.162674437322748560e+02
3.522978177622887586e+01 3.968543957537202971e+01 4.575656091169872042e+01 5.272225583818436689e+01 6.017022715094796581e+01 7.069374961196898255e+01 9.112744642344011936e+01 9.063729029038985630e+01 6.990775033370486824e+01 5.602086280576133248e+01 4.899568312673285675e+01 4.867164926430640293e+01 6.847488057169060482e+01 7.800055273159512126e+01 8.650018145273588743e+01 9.674015689870122969e+01 9.698141217483967580e+01 8.235476711036859854e+01 6.228736346695033177e+01 6.400243386947053637e+01 6.931429425018824020e+01 8.948683854143021676e+01 1.064718089262778165e+02 9.961277201800659498e+01 7.931519728790026136e+01 8.526021890490689259e+01 7.785093153755880735e+01 5.729512217592162671e+01 5.782747029977051056e+01 7.840518272230811192e+01 8.942399218102036684e+01 8.190870613794248811e+01 9.645281454570802282e+01 1.166075160072584254e+02 1.079377443938450938e+02 8.785431177867768326e+01 1.079377443938450938e+02
4.639989226967532687e+01 6.131472182039311747e+01 5.757885585329515976e+01 7.399714106211892783e+01 8.091059801770451543e+01 8.928674976737363522e+01 9.945559921385375901e+01 9.673641622511969729e+01 7.597929201614030603e+01 7.590125396665531810e+01 6.425303712077860041e+01 4.450886846226197946e+01 5.099566240353674829e+01 5.786310027283492730e+01 6.777713259059885331e+01 8.822408009978002497e+01 8.861429246158117223e+01 6.848307370035273323e+01 5.706276271824022928e+01 7.699152789067076696e+01 8.623953946295259243e+01 9.460232705404240505e+01 1.046917967171641948e+02 9.699714223205026542e+01 7.666819536273192170e+01 6.479931102814197175e+01 7.443180042964966958e+01 5.413940679422475455e+01 7.451635140194788676e+01 7.840518272230811192e+01 9.891643649371100366e+01 1.023559899310057659e+02 1.106471770361721099e+02 1.140243743934491363e+02 1.008371786926057894e+02 8.065929222885625904e+01 9.076298062304827852e+01
6.052489914925252634e+01 7.464914116952384404e+01 7.934541997291937321e+01 8.787912724206864823e+01 9.609843024846075821e+01 9.349625261742326643e+01 1.017892638568135055e+02 8.593188658113386680e+01 7.751874093698037882e+01 7.653725903281207366e+01 6.189309477212085397e+01 4.213127450198119561e+01 6.189309477209686605e+01 7.551347907885487132e+01 8.650018145273611481e+01 9.674015689870132917e+01 8.875420561859483826e+01 7.362295175527775370e+01 5.379199295166893791e+01 7.362295175527775370e+01 6.616403605987341052e+01 7.615446704768669406e+01 9.632461187821850501e+01 1.053462448033623389e+02 9.117423629743220204e+01 7.568740125545228636e+01 5.530861433518157355e+01 5.218607245570350273e+01 7.244796999063640897e+01 8.063497061757915674e+01 8.750872651582545814e+01 9.589159809939133083e+01 1.060848734033280749e+02 1.056932794339584518e+02 8.550716084923148230e+01 7.414261916653757112e+01 9.445637072946738044e+01
4.884720997938702425e+01 6.294750130297920521e+01 8.295156307693622466e+01 9.021848004140933597e+01 7.604804304316273544e+01 7.344674758559531824e+01 9.021848004164442614e+01 7.751874093698039303e+01 5.788395721747228606e+01 5.646857359361310102e+01 5.646895793706561051e+01 3.978063430687569735e+01 4.724421412010231336e+01 6.115795803648664020e+01 8.136711121540194824e+01 9.464662387987101511e+01 7.449529785815907701e+01 6.041440627152382348e+01 5.065544525830956246e+01 5.563183475364903074e+01 6.702072697641732191e+01 8.710356135374567543e+01 1.046917967171641948e+02 1.009318777891487713e+02 8.256973579777769601e+01 6.100474120660284427e+01 4.944765561264176768e+01 6.952757677996034147e+01 7.187867887143133316e+01 6.010034576801658091e+01 6.688745882108649710e+01 7.725393704366761938e+01 9.776351598798325426e+01 1.048092689644879982e+02 8.921138262732731050e+01 6.880764956237815966e+01 8.921138262732731050e+01
6.711012625811791565e+01 7.709844683791416742e+01 8.548483544794976297e+01 7.721679014715867595e+01 6.195966849023790957e+01 6.195966849023790957e+01 8.128225919445249303e+01 7.478445876323141306e+01 5.523514357683760068e+01 4.406568164457006986e+01 3.660747520291543822e+01 5.646895793248368989e+01 6.707682398148494940e+01 6.707708195667375151e+01 8.738399386874834818e+01 9.313490318578570282e+01 7.301046793376529820e+01 5.896756405549514568e+01 4.769517526621166326e+01 6.739402239535404249e+01 8.385366338514825202e+01 9.546667168171605056e+01 1.068878997176431369e+02 8.695051794912575360e+01 7.225387996702890803e+01 6.781551670512635610e+01 4.763554319988239882e+01 6.486324047629867096e+01 5.160386442196304557e+01 7.187897716153818806e+01 8.750872651582545814e+01 9.589159809939133083e+01 1.060848734033280749e+02 9.647139975261195843e+01 7.618479501043003665e+01 6.434662708578859736e+01 7.120854670781342577e+01
7.864611472051633712e+01 8.805559332104894565e+01 7.674262104354960456e+01 5.788474354238275765e+01 5.217528735530384409e+01 5.320825195604628277e+01 7.299383625207120474e+01 8.321088553540425892e+01 6.514404982344397865e+01 4.251609098089514305e+01 3.452007381643237238e+01 5.441587701176836589e+01 7.209187835309705861e+01 8.054360410014584204e+01 8.727866468175146508e+01 7.893815866097042999e+01 7.893773645678452056e+01 5.901595849446005815e+01 4.517042753946976319e+01 6.485091216633223610e+01 7.956863824919884109e+01 9.114471455452134308e+01 1.005355502075940990e+02 9.290028527305796047e+01 7.226228166750701121e+01 5.736068626283923066e+01 5.047506526063703092e+01 4.507771375490319343e+01 6.512264745389157383e+01 6.586613480054960235e+01 8.041046540546790311e+01 1.008374389504506041e+02 1.066872455342388264e+02 8.650193956352430291e+01 7.208393334762780569e+01 6.032952139296817506e+01 8.067646385126289488e+01
8.626924035601881258e+01 7.392570356376523932e+01 5.979580985432347973e+01 4.901814992034214669e+01 4.349161427809362124e+01 5.728811409978249003e+01 7.713469855750810211e+01 8.156426354691316760e+01 6.098578392109543955e+01 5.240522272188107422e+01 3.250119605024084990e+01 5.240522272186200325e+01 5.207377983780764907e+01 7.209187835346924089e+01 7.573884153759871651e+01 5.901198625661995578e+01 6.742444357510730413e+01 5.915453733417776760e+01 4.270585942563327819e+01 5.144952826059911644e+01 6.278923438295822734e+01 8.279003670597336395e+01 8.015172519398349493e+01 8.015172519394687356e+01 7.923164612417886588e+01 6.946916744168079560e+01 6.096001071370083224e+01 4.344876209078758933e+01 5.749016120936974517e+01 7.787273913293638827e+01 9.477048733932130631e+01 1.009182483165617441e+02 9.278945012000041004e+01 8.442312921234520218e+01 7.733144711585642028e+01 5.708699313228252947e+01 6.285902815319062142e+01
7.788855226083455818e+01 6.564297343568961196e+01 4.576937431859902006e+01 5.306428644140892459e+01 3.883305843480950870e+01 5.284031307736245964e+01 7.273671402162398181e+01 6.841346916586245186e+01 6.002752188236377862e+01 4.677108625980827838e+01 3.051792596463958063e+01 3.809068173658032208e+01 5.207377983780759934e+01 7.209187835319004023e+01 6.743377765939969493e+01 4.765997970805797479e+01 5.601737008929130468e+01 3.943774693273697096e+01 5.912974888312288613e+01 5.656879352479287348e+01 7.645933553359171242e+01 8.581530490516257714e+01 7.743671236042483486e+01 5.975833893658119678e+01 5.892827944340788804e+01 5.892827944350485581e+01 4.118177158758827971e+01 6.116214718066978406e+01 5.971697631586039989e+01 8.010594667621271014e+01 9.497126777504162476e+01 8.069620030820941281e+01 8.442312921234520218e+01 6.417324824851664289e+01 7.010430106460167110e+01 5.396402830167686204e+01 7.408974007420923158e+01
6.196138754062789644e+01 5.649962405312133740e+01 4.824051563382149510e+01 3.317442482030925532e+01 5.306251798112283069e+01 6.694658624987508233e+01 6.683922673228917688e+01 6.002752188236377862e+01 4.009718911510885420e+01 4.593464843133337183e+01 2.860511794393397977e+01 4.270092301125072254e+01 6.242938327486827887e+01 7.253274151482041532e+01 6.132078672206741032e+01 5.306957826191542438e+01 3.624298136070663645e+01 5.021593924714565560e+01 6.741326872167113038e+01 7.645604110205437109e+01 8.481717066391367155e+01 7.743671236042483486e+01 5.711061319228538480e+01 6.306398980344541627e+01 4.561630033542817841e+01 3.895262881570202040e+01 5.892827944350467817e+01 5.521212341037664828e+01 7.552680014916822415e+01 8.852504646900885632e+01 8.661910104037593783e+01 6.635299667208512631e+01 7.380169121987860592e+01 6.669797112787627213e+01 5.012080288319832277e+01 5.574975809943584437e+01 6.391982335113459612e+01
5.344016034104637214e+01 4.824051563382149510e+01 2.823989593425454814e+01 4.824051563382149510e+01 6.132626095099100638e+01 5.939583429066296816e+01 4.084821771457480111e+01 5.117968896558195269e+01 4.338993927422207264e+01 2.589526146264914175e+01 4.593460808198437917e+01 5.687930659400370104e+01 6.824007102092738819e+01 5.796316962542372409e+01 4.443271220530212418e+01 3.322542671780793455e+01 5.306957826191655414e+01 6.427569419718547294e+01 7.833544914722536134e+01 8.090387998937063685e+01 8.903210133232934709e+01 7.743671236042483486e+01 5.711061319228538480e+01 4.302925999206818375e+01 3.674418259907162820e+01 5.673566693460357868e+01 6.733688971174973403e+01 7.552680036929027096e+01 8.395219082194877558e+01 9.194075256423491282e+01 8.358549062784693717e+01 7.380169113156203764e+01 5.370847623901321555e+01 4.682182721046718399e+01 6.669797112787625792e+01 7.598746230540776025e+01 7.001843932586274377e+01
4.240443412636300025e+01 4.061261232983964220e+01 2.492447599155536508e+01 4.324220686057704910e+01 5.257488657765318862e+01 4.375635162994952054e+01 2.455735583562228186e+01 4.096056737123318925e+01 2.331001969294652909e+01 4.338993926049287353e+01 5.425517389759553311e+01 6.224415405957448399e+01 5.549492208921033409e+01 4.148943797802705546e+01 3.031496525962237243e+01 5.023469946990107360e+01 4.727018107576164851e+01 6.707056160231995534e+01 7.746561779092569111e+01 6.070011853759061182e+01 7.746561779092569111e+01 8.338731614537647374e+01 6.306398980354589412e+01 5.525779941444636023e+01 3.524677582090245664e+01 4.414978440312151520e+01 5.408284128899249765e+01 6.841245113209102158e+01 8.887537706812186400e+01 8.358549066781816350e+01 6.342463005360617245e+01 6.932960907955454388e+01 6.447339547114424363e+01 4.466179366898871450e+01 5.857853207936955897e+01 7.870485739243675027e+01 9.039795853674220893e+01
2.105122117118230207e+01 2.032553166215102891e+01 4.061261232979794045e+01 4.672114079087977245e+01 3.886246613924443949e+01 1.894228442642520349e+01 2.461413058467157100e+01 3.958362852241204166e+01 2.186353131321216736e+01 4.161692825092872283e+01 5.235296466103377355e+01 4.226621754202568582e+01 4.478889226332202611e+01 2.748626562688400554e+01 4.166370958732745322e+01 5.848272686316020241e+01 6.707056160231995534e+01 7.537139254811273759e+01 6.923923287654241676e+01 4.874908123883975719e+01 6.923923287654241676e+01 6.844788583865786791e+01 5.806391761560100662e+01 5.177747746027743148e+01 3.377552614477806259e+01 4.529678046199767749e+01 6.542992168149145016e+01 8.283242269121328150e+01 9.111960229002583844e+01 8.358549710765895213e+01 6.342463005688746591e+01 4.938576677144737914e+01 5.935768401908602954e+01 4.252685834691921940e+01 5.230005697211046822e+01 6.640083922812250705e+01 8.660708585400357151e+01
