MOVIE_S2_data/elevation_000885.asc
nrows	100
cellsize	150.0
xllcorner	0
ncols	100
yllcorner	0
NODATA_value	-9999
[rows 51 to 67 of 100, columns 37 to 73 of 100]
4.591752067588461017e+01 6.534096490732271434e+01 6.548589855053272402e+01 5.993661358500722969e+01 5.836491484274022667e+01 4.398794201081483379e+01 2.385882866925539858e+01 3.856528346615645830e+01 2.044009969786420911e+01 4.053712467407249420e+01 5.294577696263728939e+01 5.959285055220867378e+01 6.853950872095100522e+01 7.851750380452745048e+01 9.416934503805485690e+01 7.897656606573269755e+01 6.028768679796097985e+01 4.763836047681741093e+01 5.762408474198490183e+01 3.846757966448218724e+01 5.256557425352114166e+01 7.247985403204060617e+01 7.761796797002679682e+01 8.584464265404035643e+01 9.580680312257941011e+01 8.575907360653366140e+01 7.754286983510563402e+01 7.246116286219182712e+01 6.416902392686488099e+01 5.646050681156771844e+01 3.648904216955213542e+01 5.648855429126041372e+01 6.887171607043906363e+01 6.521454924859338576e+01 8.516080581658285098e+01 9.493711737503400627e+01 7.833427823736600715e+01
6.017353982487412623e+01 7.432382801943117556e+01 7.629461750539333309e+01 6.792590115058436595e+01 5.187195631806355323e+01 3.177219844163197493e+01 4.262998659962413939e+01 2.252270277831052425e+01 4.052110809712109329e+01 2.755274288397721349e+01 3.294453397858249133e+01 4.012139167007622831e+01 5.029544972892659871e+01 7.030179996546537780e+01 8.603500234744002739e+01 6.692660483270876171e+01 5.652039602204771285e+01 6.573903255827273995e+01 5.411274649722859920e+01 4.007149134131648083e+01 6.001018002243227301e+01 6.765496502696186099e+01 5.769352531404633311e+01 6.766560382676932761e+01 8.757381524299583475e+01 9.047832657033220016e+01 7.899184187964272041e+01 6.418404827925823497e+01 4.364097020701036911e+01 4.016100121806597656e+01 3.714022235753260048e+01 5.540683202839657895e+01 4.884338100347693512e+01 6.299397374286657936e+01 8.285679845547643652e+01 8.672239110689993424e+01 6.682369071838890306e+01
8.021013557409601447e+01 7.951917066429841441e+01 5.943903884070644494e+01 4.788908303496615559e+01 4.078542217456634944e+01 5.187195631806355323e+01 4.411389920751174998e+01 2.400505749895746632e+01 4.411201211938082878e+01 4.761349902996261108e+01 5.294577696257820065e+01 4.930343513376630682e+01 6.853950930589485324e+01 7.851752751853443613e+01 9.071336536442240117e+01 7.147188666672225565e+01 7.500276379575650765e+01 8.130547560118534989e+01 6.803718668934740776e+01 6.001026715670228384e+01 4.240706135877422867e+01 4.774914074798527253e+01 6.765496511581129369e+01 8.584464265297907559e+01 9.579739926030039499e+01 8.222633419141575928e+01 6.234230013985037999e+01 5.051956406357178508e+01 6.418007371937905248e+01 5.998710739176244999e+01 5.131369870706340919e+01 3.808426776444503759e+01 5.604792202027571335e+01 6.668501364900292572e+01 8.142346034098368079e+01 7.319584329507388532e+01 6.081125010320046442e+01
8.449928704092646115e+01 8.792324664789575195e+01 7.629461750539333309e+01 6.792590115058436595e+01 6.084066582154616754e+01 5.767841169508768928e+01 4.561270993719929834e+01 2.550372903428054627e+01 4.561273267573426438e+01 5.646343694016388071e+01 7.058243585130847464e+01 6.915255069587470871e+01 7.735613840551592091e+01 8.259950284775408136e+01 9.086167992105359303e+01 9.071336536442240117e+01 9.136084538524251286e+01 8.322843312052442855e+01 7.012407686416521813e+01 4.948288575260147582e+01 4.415588405309007669e+01 6.407569797210209117e+01 6.400290699123735294e+01 8.390476028115013207e+01 9.033369898253161523e+01 7.046708894496997289e+01 5.897689437138486568e+01 7.074628177916882521e+01 7.899184187964367254e+01 7.938161640390104878e+01 6.632870325294115332e+01 5.810749160999036889e+01 3.904408489012577377e+01 5.906725690306610943e+01 6.673662912559787230e+01 5.328515128905900866e+01 7.319682210188750560e+01
9.293258352012233559e+01 8.499420189939110060e+01 7.504054149232658233e+01 6.678647771570680902e+01 5.972878387456248817e+01 4.939946074632746331e+01 2.935672956368152242e+01 4.561273267573426438e+01 2.810078738959660427e+01 4.234210302854184249e+01 5.910572278057139073e+01 7.321515947663048962e+01 6.853682632930767227e+01 6.271187499210142846e+01 8.259950284775408136e+01 9.703822288399578611e+01 7.750828834245089638e+01 6.375640198433561778e+01 5.754400589306646197e+01 6.407081362248119660e+01 4.602005869542499283e+01 6.591043294056309776e+01 8.058155326470109969e+01 9.211860780173277874e+01 9.857275967168128261e+01 8.588772138169110804e+01 6.602551711743278418e+01 8.588772138169110804e+01 8.771161755545098515e+01 7.630715435443650563e+01 6.268678242581648163e+01 3.979624812847759330e+01 3.973749019659525317e+01 5.974842280189954380e+01 4.680792275725708151e+01 6.673662912559754545e+01 8.142373493348908653e+01
8.796700067428861303e+01 7.673195661254621314e+01 5.684099881886865546e+01 4.685332496675076186e+01 3.974277642462197235e+01 3.335920655395380408e+01 4.944300940922446586e+01 5.646343706124388717e+01 4.819631099130188545e+01 3.076744769448871963e+01 4.499568248109050472e+01 5.914637951443862107e+01 4.861668972149672641e+01 6.013284408419151816e+01 8.001687956908965305e+01 9.703822288399578611e+01 7.750828834245089638e+01 8.322847373353994271e+01 7.707082327342162387e+01 6.796032610059863543e+01 4.808080201346422911e+01 5.246370421670997786e+01 7.236819598199483039e+01 8.760797763010096162e+01 9.648496952271395344e+01 9.413940842763554429e+01 7.748389505544669476e+01 9.413940842763554429e+01 7.949301210655386285e+01 5.977650192261785378e+01 4.818474444920975941e+01 6.268678242580593007e+01 5.974842280819201790e+01 4.072643283165297845e+01 6.072789875390668612e+01 6.995653408205539847e+01 7.710692096910483428e+01
7.988273237516625613e+01 8.499420189858433616e+01 7.504054148806727653e+01 6.234704342355173878e+01 4.237364495819076637e+01 3.704791734825837324e+01 5.707022451012543485e+01 6.496280535183667837e+01 4.499568256691282642e+01 5.084391742983255824e+01 3.354248266762596842e+01 3.914454938687525498e+01 5.331508481169830560e+01 7.322438516878975179e+01 8.827629192558906368e+01 1.052153565083180382e+02 9.703822288399578611e+01 9.778597525999560958e+01 7.791310057687891799e+01 7.003397684683019975e+01 5.014995890428848924e+01 7.003397684683019975e+01 5.948912209801014939e+01 6.842453465504067367e+01 8.830073537452902599e+01 1.056301753020732832e+02 9.736758267521702237e+01 9.097001825090360683e+01 7.465032529221912228e+01 5.502848247631092704e+01 5.977650192261785378e+01 7.630715427109892346e+01 6.896440970989988273e+01 6.070882866214927986e+01 4.173828831084139779e+01 6.172209550280891222e+01 5.871550872007194499e+01
8.796700067428861303e+01 8.378412483803516864e+01 6.389520648207638942e+01 5.239283437578301061e+01 6.084642282932203017e+01 4.086465952161326243e+01 6.084642282932209412e+01 7.321636483376235560e+01 6.496280535183667837e+01 5.568819898563925364e+01 3.564810598521629004e+01 5.568819898563925364e+01 6.600817070848037815e+01 7.263612527099898841e+01 8.088860913650516693e+01 9.083602830075288637e+01 1.077511721860068832e+02 8.788300144640977862e+01 7.791313395462792357e+01 5.795438816627284950e+01 5.224145436379134111e+01 7.214360988613549353e+01 6.614749457847680958e+01 8.604359969970748523e+01 8.830056184635034811e+01 1.080565581745275239e+02 9.679557417638726236e+01 7.692841349931030948e+01 6.291389042528878406e+01 6.472905819933951932e+01 7.949301210655386285e+01 8.771161755545098515e+01 8.765770643231358861e+01 6.994511949822789632e+01 6.172170390758996206e+01 4.275579954866131516e+01 6.271488279163177992e+01
9.756577956199424762e+01 9.204836766355927580e+01 8.055488774190583001e+01 6.389520648207638942e+01 6.483400358365923921e+01 4.489609981197320110e+01 6.483400358365780392e+01 8.267671974506731658e+01 7.118874077359468799e+01 5.863844751708307257e+01 3.862884040553574039e+01 4.000732624519201863e+01 4.608106748736641123e+01 5.275234642557731490e+01 6.270047811537444460e+01 8.257177242662359617e+01 1.019251581548681997e+02 8.206654969279793477e+01 6.795617128867496604e+01 7.444472264674813289e+01 5.451369385935117862e+01 7.444472264674813289e+01 8.604359969970748523e+01 7.767612394478318549e+01 8.913645018364452710e+01 1.088575016708347505e+02 9.422367805889935255e+01 7.434647629707778549e+01 7.692841349931030948e+01 7.875487081586462068e+01 9.279153235963656243e+01 8.872162749216322197e+01 6.891806091114729327e+01 5.995596371856856877e+01 4.587677139650030966e+01 6.227256074697059773e+01 4.383357113531769045e+01
8.910287507715531774e+01 9.839417662311531387e+01 9.204836766666963399e+01 8.378412483803590760e+01 6.907678232979959887e+01 4.917638603345886139e+01 6.907678232979959887e+01 7.442391629504906803e+01 5.453703306899681280e+01 4.298645191096339602e+01 5.863844751708197123e+01 4.363432066853061997e+01 6.358274166017396567e+01 7.263612527099898841e+01 8.088860913650516693e+01 9.083602830075288637e+01 1.077511548464689355e+02 8.788300037724016534e+01 8.784294055589933237e+01 7.669453442287601774e+01 5.683712578600813004e+01 7.679729750159896184e+01 8.907297494444620156e+01 9.747250735275811451e+01 1.056357140111580435e+02 1.169617059669118220e+02 1.024439443267710743e+02 8.584249301804210575e+01 9.679557417638726236e+01 9.861440048609192388e+01 9.904944416830082332e+01 8.300621269547944792e+01 6.310792176040120438e+01 4.904216976177720255e+01 6.579040221073331907e+01 6.989994490551396211e+01 5.997743133580553376e+01
7.215480949197640825e+01 8.511376268698438707e+01 1.036693487396666313e+02 8.511032311262763983e+01 6.523730587135504777e+01 5.376071057958000665e+01 7.363663125876878723e+01 7.764803911711693729e+01 5.777321124550162068e+01 4.625556870281564414e+01 6.617330189534079921e+01 4.737109338679166370e+01 6.727967187520413006e+01 8.104197819501227684e+01 8.993589227732651636e+01 1.014336038661679140e+02 1.097085789278017955e+02 9.710990718344839934e+01 7.730425852657850783e+01 6.315545340472951352e+01 7.679729750159896184e+01 6.090161788011430843e+01 8.087421176680592794e+01 9.379788536118492459e+01 1.036765522362186829e+02 1.176350487054234009e+02 1.139125774015410713e+02 1.056737880165742496e+02 1.088734037543417656e+02 1.062246546817961388e+02 9.083622032584737838e+01 7.094991614766045984e+01 7.123318741665558207e+01 5.133898065289638879e+01 7.123318741664802189e+01 6.828180746935710488e+01 4.890004340250813186e+01
7.818302909487387353e+01 9.482124121328097033e+01 1.046676844902586083e+02 9.337533508283323158e+01 7.894555778467150731e+01 5.908137363318743240e+01 7.894555778467150731e+01 8.590348326499309906e+01 6.963528241887159709e+01 4.974771842035710279e+01 6.963528241887159709e+01 6.727967187520413006e+01 5.291640179322484272e+01 6.181086646338832935e+01 7.327007726385846809e+01 9.315953609405076463e+01 1.015339601220842241e+02 8.178181578566116627e+01 7.026079571666100776e+01 8.310521012515398809e+01 8.719013112354150508e+01 6.742946272545104591e+01 6.566417424260110636e+01 7.572698985286615425e+01 8.976434616525403953e+01 1.065902243164556324e+02 1.164501397448403139e+02 1.088734037543417656e+02 8.907054160057077752e+01 9.270466720157433826e+01 7.815086375748096259e+01 7.459912095706906143e+01 5.468597483833649164e+01 7.123318741511177166e+01 7.946196018732668165e+01 7.007013223067086471e+01 5.069165462154732182e+01
6.759312752315726414e+01 7.714001055612227731e+01 9.649266462169920544e+01 9.301034916371889949e+01 7.311973044352193085e+01 6.658744363532686350e+01 8.645465959504801390e+01 8.368895656217445378e+01 6.381405998754341624e+01 6.963528241887159709e+01 5.538788682355018977e+01 7.525437335746435963e+01 6.697008594250587521e+01 5.974194317110008967e+01 7.377911389117703322e+01 9.367101882589464878e+01 1.056294581163189292e+02 9.584412224034188910e+01 7.605000803125301445e+01 9.584412224034188910e+01 9.420499448654335595e+01 7.462726332633640425e+01 8.563428112965567607e+01 7.101979230132580767e+01 7.863532425938065273e+01 8.856208750319160572e+01 1.082665272097861902e+02 1.067092208018535615e+02 8.690379155143631351e+01 7.283399345884386378e+01 6.527231409850446653e+01 5.821673265936052388e+01 7.459912095706906143e+01 8.282617410121821422e+01 8.303702279499599115e+01 6.361199924591541333e+01 5.247125371815676687e+01
7.861549996807653429e+01 9.493064837548162416e+01 1.048242152693402431e+02 1.012850873509846821e+02 9.301034916371889949e+01 7.650528379704955739e+01 9.472157061358420549e+01 9.195094004227566131e+01 8.368895656217445378e+01 7.939559629895958892e+01 5.953498877107091403e+01 7.939559629895960313e+01 8.684815172170790731e+01 7.960531795583760584e+01 6.752957816737007590e+01 7.744761582036970538e+01 9.734954961846928256e+01 1.024203576797340389e+02 8.269165136155788787e+01 1.024203576797340389e+02 1.023740721395689519e+02 8.370358231987052022e+01 9.536131730942801710e+01 7.548312374428034843e+01 9.536131730942801710e+01 1.065902243164556324e+02 1.164501397442113273e+02 1.091846453998914086e+02 9.630538814753001020e+01 7.644802631993827902e+01 6.232440541784967536e+01 7.815086541558356714e+01 7.232774263450633612e+01 9.220912740902399207e+01 9.108928289663917610e+01 7.469586544518115545e+01 5.519227187293715531e+01
9.793818042403252377e+01 1.061864357921474067e+02 1.124267047898449476e+02 1.097937094426543041e+02 1.046843886936665911e+02 9.640403539304644198e+01 1.046843886936665911e+02 1.023754657993520141e+02 8.245170053312544667e+01 7.099393829986958337e+01 6.484309840331218311e+01 8.470351623302950372e+01 1.023533950428597876e+02 9.566567221941880916e+01 7.639986032173267461e+01 8.739858271941950818e+01 1.056294581163210040e+02 1.105922520739695329e+02 9.257756654864935797e+01 1.105922520739695329e+02 1.112128286258245851e+02 9.544036898416688075e+01 8.532347662605818073e+01 8.057159915801094030e+01 1.001773150663882035e+02 1.171511924548972843e+02 1.124045998452712922e+02 9.261443641458350839e+01 8.115744354488843726e+01 7.301363171224700466e+01 6.561174791421184693e+01 8.554035595853099494e+01 9.220912740902399207e+01 1.004193721506508865e+02 9.146407215555888115e+01 7.184223893610587197e+01 5.800223657621952356e+01
1.075128067141933457e+02 1.066699820621009565e+02 9.262992364117025090e+01 9.001853262915690834e+01 1.040442058828298855e+02 1.067067662977377296e+02 1.058156568166691471e+02 1.106598604916220125e+02 9.914392741143463184e+01 9.087247455962510401e+01 7.629525813047716554e+01 7.419295335822896220e+01 9.407689729685168345e+01 1.045756342713239206e+02 9.045030472629447615e+01 1.045756342713246454e+02 1.156241918117131320e+02 1.204448107466706972e+02 1.122631488108186062e+02 1.204448107466706972e+02 1.226223178225991290e+02 1.140536866013097352e+02 1.074788606417037045e+02 9.186715688088882814e+01 8.931145020470789575e+01 1.089679843980689924e+02 1.206163985838585404e+02 1.091846453998914086e+02 9.333191037523708644e+01 7.346726636923500564e+01 8.554035595853099494e+01 7.179732401115154516e+01 8.330310347355909073e+01 1.031103334045386788e+02 9.445767670202646116e+01 7.482730426680578262e+01 6.098612574270084252e+01
9.925912007868275566e+01 9.842826659395105082e+01 7.865675637574847201e+01 7.603678334090957947e+01 8.793818564507473923e+01 8.773236314357123433e+01 8.531159842090177392e+01 9.925275648880121082e+01 1.106946708295093202e+02 1.044680926974840531e+02 9.618941040269248788e+01 8.564944165079919003e+01 9.041455940277543846e+01 1.103724321911498976e+02 1.104112698621570274e+02 1.094203035979412562e+02 1.176728860923608551e+02 1.114091389556813425e+02 1.196623444786867481e+02 1.200498031694224466e+02 1.117875855495997541e+02 1.200498031694224466e+02 1.197172430068168438e+02 1.115292022572474622e+02 9.673033240518051912e+01 1.164038903643065908e+02 1.166599599183463312e+02 9.687343036459135703e+01 8.286229895400586543e+01 8.753267609086765333e+01 9.648514717998084222e+01 7.665085146662563886e+01 9.648514717998084222e+01 1.113161591622202025e+02 9.760578574708986821e+01 7.794585516573413031e+01 6.417470727651233631e+01
