MOVIE_S2_data/elevation_000598.asc
nrows	100
cellsize	150.0
xllcorner	0
ncols	100
yllcorner	0
NODATA_value	-9999
[rows 51 to 67 of 100, columns 37 to 73 of 100]
2.655161401144972544e+01 3.397932085610322872e+01 1.810890101791602902e+01 1.854446085885250639e+01 2.564537590155750735e+01 3.677686342800168973e+01 2.022616601843109763e+01 2.066492347835031040e+01 3.662206026761248978e+01 4.184201641500231261e+01 2.834193667165980202e+01 3.210671361428160964e+01 5.154509388501190159e+01 5.963569602582783347e+01 5.390733630283963151e+01 4.678273754728319034e+01 2.820245387242369262e+01 4.857015459200601271e+01 4.440685665475746191e+01 6.481077683011388046e+01 7.826815809760920217e+01 8.027104792035829917e+01 7.231278577097538118e+01 6.054279772612479604e+01 6.403763238979041716e+01 5.108351355959657525e+01 6.443672343770174393e+01 8.353695679896213733e+01 8.481697213240833833e+01 7.487766310897653455e+01 6.506288153066809343e+01 4.779380674101596327e+01 3.856527215716575085e+01 5.788791874413863070e+01 4.350968278272652157e+01 4.779761121887159447e+01 5.229343529966534732e+01
4.995986918614725170e+01 4.821271637684365885e+01 3.955733722255972395e+01 1.975658527113252561e+01 2.472927135825959866e+01 4.347726981636323984e+01 3.810588561759562509e+01 2.079573734385842698e+01 3.466264580868037370e+01 4.804999141585364697e+01 3.885741074648643689e+01 5.229659718616268549e+01 4.496529606120825662e+01 6.512114234787763678e+01 6.501720750308166430e+01 4.480281991367304784e+01 4.857034169741551466e+01 3.001526678095477507e+01 4.973223655333652715e+01 4.864025437847365652e+01 6.957539749369304616e+01 8.752200745321908926e+01 8.757310565374611144e+01 7.958786420008328832e+01 6.918257772888100021e+01 5.575895639045153729e+01 6.918257772888100021e+01 8.831143938077721600e+01 7.651301056503702114e+01 5.670209268585830387e+01 4.675025562440868754e+01 3.956344688080412197e+01 5.883586357293433622e+01 6.711368583681692712e+01 6.355862492826557997e+01 6.771081477933162773e+01 7.215113058321385608e+01
5.432664950582815067e+01 5.398219399460155188e+01 3.334286465392852250e+01 2.106212953539271382e+01 4.183844782040043242e+01 5.563806128186047317e+01 4.531835425719420840e+01 4.515588018813525650e+01 2.735767956645449672e+01 4.791861259193866118e+01 5.943062621652757826e+01 6.774479462264304175e+01 5.926418299822341851e+01 7.339844889571963904e+01 7.323821810083477146e+01 5.902607542406714458e+01 3.832741118651374990e+01 4.845445528241459243e+01 3.189932093534439517e+01 5.286761104617853846e+01 5.899313643627935022e+01 7.927054206137377435e+01 9.014751674943713056e+01 9.632755715807736863e+01 8.275506743955556033e+01 6.423320916897682764e+01 6.775866902532312963e+01 8.687641698831662040e+01 8.482297792193084263e+01 7.487766313512481986e+01 6.660654274737858316e+01 5.977208019640391967e+01 4.057562066691864544e+01 6.073280403644518799e+01 6.996237783126797183e+01 7.963429268853478504e+01 7.100798887183650265e+01
5.923772900486304138e+01 6.240211132664330762e+01 4.378600662089532136e+01 2.279152475067282779e+01 3.508762081520728771e+01 5.566822324531491972e+01 6.596272933301735009e+01 5.136675553551631879e+01 3.104678189412464917e+01 5.136495542017941318e+01 6.149729505501176163e+01 7.005357008849975387e+01 7.926116103110349798e+01 8.476449839163996103e+01 6.387534129491714907e+01 4.872308344058572516e+01 5.236822311110409345e+01 5.348095788867171763e+01 3.324598636109828931e+01 4.232576753327779073e+01 6.271418931816035069e+01 7.361186053274877850e+01 6.989555669238137625e+01 9.014751674943713056e+01 9.132096931782609772e+01 7.521569899225339384e+01 8.124612585281280985e+01 9.488740159293534759e+01 9.167163855551693530e+01 8.126967509724724437e+01 6.136259679879417206e+01 4.728054161137978184e+01 6.072164929376285158e+01 4.160457273705188186e+01 6.169208119478226138e+01 6.339408309491653881e+01 5.008453349454343595e+01
6.760635111562386612e+01 6.293628579047550176e+01 4.551861845924856453e+01 2.472727646182359962e+01 4.551861845924856453e+01 6.408170841642056814e+01 7.860920395614854783e+01 5.983513212895766742e+01 5.136675553551631168e+01 3.651600158790256501e+01 4.164223992894724091e+01 5.550527188819821589e+01 7.597583000536714337e+01 9.064481872146362207e+01 6.999363372699771446e+01 6.105015966723008347e+01 7.058278172784338267e+01 6.202134998397171017e+01 5.360957695261198808e+01 3.518853831806390531e+01 5.555294405865007690e+01 5.317168407059036639e+01 6.767290039298043780e+01 8.794977889786879643e+01 1.024319622763887736e+02 9.439566294840051341e+01 1.004691425845190764e+02 9.489986017939975227e+01 7.490279194858675282e+01 6.343520704521224474e+01 5.458291534830903657e+01 6.719324749358503368e+01 6.967096703917893308e+01 6.055562979638517618e+01 4.263150806157979389e+01 4.342228577120317112e+01 4.420610862842521982e+01
6.900216749820043560e+01 4.851929134910228925e+01 3.397665778694248928e+01 2.662378645085648543e+01 4.725618098984055848e+01 4.980532764070928664e+01 6.391428419063628041e+01 7.229763629377789869e+01 6.504485989959403014e+01 5.653603613008544926e+01 4.506296474343119485e+01 4.991089140683943981e+01 6.400333542060040770e+01 8.487598922601058860e+01 8.942879116967317543e+01 8.149591666956403913e+01 6.899943155608210077e+01 4.853043536370518751e+01 4.240945671268133310e+01 3.656764211235086748e+01 4.296904082787676060e+01 6.339176946740425223e+01 8.196468860235621889e+01 8.379284653609815336e+01 9.215398917147197722e+01 9.206409979984100289e+01 1.004296012844602615e+02 1.032404314292990506e+02 8.595690123149306316e+01 6.602003887820650618e+01 6.860204369189231954e+01 8.274249489872570962e+01 7.885033163484074237e+01 6.427454579010614566e+01 4.435837148883016567e+01 6.339408299648011536e+01 6.413769442191549786e+01
7.122219666051184106e+01 5.076453004696956839e+01 5.451858181679524762e+01 4.725618189603940777e+01 2.925345499861402487e+01 3.611414368899807670e+01 4.337038846991155339e+01 5.527162470625324175e+01 7.572037681501258533e+01 7.148127788719858700e+01 5.119085419721643859e+01 7.011679417884593590e+01 6.043528103377664706e+01 8.123438047175245913e+01 9.348249302241785585e+01 7.328721399689727889e+01 5.879658780336928459e+01 6.899943155607500955e+01 5.839366167139276342e+01 3.802445761896427712e+01 5.839366298649959930e+01 6.540513696797752630e+01 6.864730060041465265e+01 6.340654750006767415e+01 7.926047913386595667e+01 7.182008214171497684e+01 8.617011599905684704e+01 1.062934354281015743e+02 9.427938248632189300e+01 7.749851654254395328e+01 8.855574538978538612e+01 7.901843325674538221e+01 5.904771468764827347e+01 6.592118403945012517e+01 4.606371260051250260e+01 6.144315553035379196e+01 7.162572967559461290e+01
7.956321334479285667e+01 6.887689802874106704e+01 6.049266033061072534e+01 5.169542043298662293e+01 3.116376134139357745e+01 5.169542043298662293e+01 6.391428427926708622e+01 7.229763629377789869e+01 8.404384676011278543e+01 7.880877228502635035e+01 5.808348837379855922e+01 7.880877228502632192e+01 7.067904492462703558e+01 8.992023287406973964e+01 9.348249302241785585e+01 7.328721399689727889e+01 7.920227427551775179e+01 7.453706412677752269e+01 5.412798775169469678e+01 3.972936320965831669e+01 4.206435395098024088e+01 4.494562931980561160e+01 4.814240194387232208e+01 5.148854785399144163e+01 5.879013302549645203e+01 7.926065884137180717e+01 9.587076180529417968e+01 1.042347587440668661e+02 1.058567370813564139e+02 9.751127352335132059e+01 8.733687699325398057e+01 7.312968007122454139e+01 6.828059671136206532e+01 4.847532891023815438e+01 6.592118851145711744e+01 7.417335826140357824e+01 7.376577314502715410e+01
7.465762287791810081e+01 6.049266134370152770e+01 3.995236740618418025e+01 3.621692745700494243e+01 3.343796908504795340e+01 5.396190975433118098e+01 5.347436286186461984e+01 6.799501451948538033e+01 8.826763405940069163e+01 8.749821576179117244e+01 6.988708713244261617e+01 8.749821576127602896e+01 8.561675070031976986e+01 1.004435879935603708e+02 1.017735903562823552e+02 9.348249302241785585e+01 8.724347248148828271e+01 6.694933053806556700e+01 6.183755763688395035e+01 4.144774081585270409e+01 6.181640865806780027e+01 5.265479577628054386e+01 6.864612040692951211e+01 7.202318798432207814e+01 5.744379373528164479e+01 7.793990574525761872e+01 7.570531032741301658e+01 8.998457326079652319e+01 1.100812773509077971e+02 1.158253620411049383e+02 1.015812220205678784e+02 8.407990494409885684e+01 6.417110939071361031e+01 5.022185008720673238e+01 6.417110976158423341e+01 8.408004320116849328e+01 9.613607336937089087e+01
5.768109212840411715e+01 4.575400517173552828e+01 6.049266034428263339e+01 5.074941151968086928e+01 5.396191061806787559e+01 3.669807811437051015e+01 5.122846309356391714e+01 7.172826834991501244e+01 8.488127181593354464e+01 9.317411458797214152e+01 9.099602084802671698e+01 9.964809727509630477e+01 1.066925726109926558e+02 1.076112077165294920e+02 9.936332964449086091e+01 9.504738269873631396e+01 8.076462405601041894e+01 6.694933056114319925e+01 4.649041464870208529e+01 4.343075108597077616e+01 6.384332443121601131e+01 7.313863151952311625e+01 6.567452700668194154e+01 8.597486953673235632e+01 7.793990591795068212e+01 6.385172413645369005e+01 8.422823307563338346e+01 1.042347587440668661e+02 1.124113711408412399e+02 1.023621532409897839e+02 9.401457058354836249e+01 8.589145307250707617e+01 6.592129077972984419e+01 5.198821218326295224e+01 6.591934323268188223e+01 8.584834346319260590e+01 9.497241256951289756e+01
5.264001084935049590e+01 6.630550263029594760e+01 7.465762288046224171e+01 7.121118640631307528e+01 5.963304886517182979e+01 3.908880581721725633e+01 5.963304886517182979e+01 6.822495144624127761e+01 6.453301036555355097e+01 8.229745371228669626e+01 9.057442220640382402e+01 1.006151294168006984e+02 1.086097785254374628e+02 9.708645565238276731e+01 7.931899929476030309e+01 8.299720244695875238e+01 6.648186540120890697e+01 5.193086416678724504e+01 6.587163294936625846e+01 4.543002059537415249e+01 6.587163295035702504e+01 8.464884757924554037e+01 8.595952132411184721e+01 8.597486953673237053e+01 9.062575079546225254e+01 7.039502342644382793e+01 8.053080072611700757e+01 1.006799203894411647e+02 1.040412505166801083e+02 8.398789065041647461e+01 7.399497384493423624e+01 8.398855284175922975e+01 7.348904115935157222e+01 5.377553139981253594e+01 7.354654922365141090e+01 8.502882834560759306e+01 9.919509819324123612e+01
5.839097838891690628e+01 7.879819091788235141e+01 8.947834437887713932e+01 7.776668177636675239e+01 6.306173322617539156e+01 4.248963398998283481e+01 4.404735061637312299e+01 4.767823441481402824e+01 5.458833086570081150e+01 6.192900974162105143e+01 7.221572079127922450e+01 9.238151854458287460e+01 1.003681541548035199e+02 8.038351739178212085e+01 6.862455039843365512e+01 6.264348802339935673e+01 5.800737848402749108e+01 7.231613719967607778e+01 6.793376375286256064e+01 4.746067410334684666e+01 5.581533005169146122e+01 7.036645873368790660e+01 9.066947447061581045e+01 1.059696841976058437e+02 9.773379127047753911e+01 7.762921681430795218e+01 9.773379127047753911e+01 1.090576766402360676e+02 1.124113711408412399e+02 1.023621532409897839e+02 8.400477221424119989e+01 6.404441354055531122e+01 5.813584607878100030e+01 7.354654922365141090e+01 5.689961332337013289e+01 7.086508560228348585e+01 8.835409109448869458e+01
6.570589869843321651e+01 8.595860329760272123e+01 8.118498698126997226e+01 6.079074696309071157e+01 4.883844232357963477e+01 4.819046397345920241e+01 6.462337753167045662e+01 6.826247097893670457e+01 5.478901002319109637e+01 7.529615819540515531e+01 9.057442220640382402e+01 1.006151294168006984e+02 1.003681541547930038e+02 8.038351739178212085e+01 8.883001874001834608e+01 7.450403389510788088e+01 7.821929881908600635e+01 8.661488315578046127e+01 7.008808228258514816e+01 4.958604619825798210e+01 7.008808228258514816e+01 7.629772365104628307e+01 9.649853879191370254e+01 1.079139032725797023e+02 1.060960229313789966e+02 8.925641386956483814e+01 1.060960229313789966e+02 1.189715400224327198e+02 1.105943296959659392e+02 9.765013469949479941e+01 8.341613654147037948e+01 6.346261783446496452e+01 7.798547660755460242e+01 8.502882864515410688e+01 7.672041838923949797e+01 6.013832985456762259e+01 8.003683414246961547e+01
8.010700328802305137e+01 9.117913507813392471e+01 7.096752445011767918e+01 5.641075724423080828e+01 6.941036701685636956e+01 6.876926522748335913e+01 5.703082337539656521e+01 7.749538260114704258e+01 6.078728843050112118e+01 7.158788875734666135e+01 8.593759504004967198e+01 1.059396627123794161e+02 1.003681541547662590e+02 9.454330380440393355e+01 1.028481171086879442e+02 9.459908644741604178e+01 9.576305276909201325e+01 8.521835059105403332e+01 7.228116410714818585e+01 5.175912023475735424e+01 7.228116410715880136e+01 8.476233095107201621e+01 9.158170305657421295e+01 8.791112481948640323e+01 1.079139032725797023e+02 1.093141041608438115e+02 1.177136346776202487e+02 1.105943296959659392e+02 9.051096800962314148e+01 8.931635701822848716e+01 6.930773589494529574e+01 8.341613654147037948e+01 9.174033601979223818e+01 9.687022080261270673e+01 7.683654775407677562e+01 6.274299113186537369e+01 6.788175919644240253e+01
1.000856154023122002e+02 9.336524527169467547e+01 7.318404976857253530e+01 6.332430798233936287e+01 8.366889822537268628e+01 8.427301531088718889e+01 6.394011718166678548e+01 8.427301531088718889e+01 7.266008894588104283e+01 7.108781090241915024e+01 8.282345398606814513e+01 1.028335125300421709e+02 1.202575238286425758e+02 1.144305868694958406e+02 1.064539614623261343e+02 9.752757637068860674e+01 8.820048822122868160e+01 6.859045201860759278e+01 5.673966639149882241e+01 7.228116410715880136e+01 5.590725839720239065e+01 7.642672184149606096e+01 7.138742394047663709e+01 8.572121726540024156e+01 1.057301673417581469e+02 1.133436716312975676e+02 1.216141373411351907e+02 1.105943296959659392e+02 9.051096800962314148e+01 7.637677674989552656e+01 8.084899352785554072e+01 9.765013469949479941e+01 1.067936744071360096e+02 9.027087849939249509e+01 7.025152667369887638e+01 6.589463252391422543e+01 8.590916230177681712e+01
1.055840139844976449e+02 1.016141962660943534e+02 9.194631537128017840e+01 7.252136222226316420e+01 9.194631537128017840e+01 9.254820109195080136e+01 7.420286052890483575e+01 9.254820109195080136e+01 8.697968616242378914e+01 8.282345398606814513e+01 9.952635900223259569e+01 1.110496589078208558e+02 1.153854667674798691e+02 1.122826075106566748e+02 9.239898385291326122e+01 7.822625330098068730e+01 6.912386365665255994e+01 6.226036364243170596e+01 7.720434161099160519e+01 8.476233089272770371e+01 7.642672184149606096e+01 6.033398176631267518e+01 8.078740682412376373e+01 9.216234555647369575e+01 9.923811602872355309e+01 9.339540359333250308e+01 1.133436716312975676e+02 1.090872962646507887e+02 8.901624436744957336e+01 8.636896689531678817e+01 1.008829906491549480e+02 1.092412075272192737e+02 9.844364171390671459e+01 7.842454204571579623e+01 8.920307792025315052e+01 6.916698684320961377e+01 8.920307766769489888e+01
9.552585565753454944e+01 1.084621918881162372e+02 1.009298763203881322e+02 8.683915927337082508e+01 1.009298763203881322e+02 1.025816010097037889e+02 9.434317009286949940e+01 1.025816010097037889e+02 1.069487285298969539e+02 1.028335125300421709e+02 1.110496589078208558e+02 1.099139789974036319e+02 9.630728559388182930e+01 1.033193655430046505e+02 1.064539614623261343e+02 9.752708557079847651e+01 8.928005166158337147e+01 8.258250103117998719e+01 6.927651893640845060e+01 8.935077193679964580e+01 8.909879621475622002e+01 8.078740682411225293e+01 6.546759242894243869e+01 7.201305633674101614e+01 7.922481490164017259e+01 9.339540359333250308e+01 1.133436716312975250e+02 1.174630540584377911e+02 1.031744699212698464e+02 1.005106432751460233e+02 1.147893914955358099e+02 1.084721848573251179e+02 8.841509856455174088e+01 9.844364171390671459e+01 9.263786343470874840e+01 7.260979434611110150e+01 9.263786343470874840e+01
