MOVIE_S2_data/elevation_000210.asc
nrows	100
cellsize	150.0
xllcorner	0
ncols	100
yllcorner	0
NODATA_value	-9999
[rows 68 to 84 of 100, columns 37 to 73 of 100]
4.877961228239592373e+01 6.376518306098670053e+01 6.690530223601230375e+01 4.732929425396276457e+01 4.992724305928852857e+01 5.636145024677863091e+01 6.623862795827247396e+01 8.616628761043807572e+01 9.674545427849217560e+01 7.682759146903538294e+01 7.270611227448762293e+01 7.424498982948789205e+01 8.987265052199074944e+01 9.811730564484561512e+01 1.100646748232924921e+02 1.018222901237086546e+02 1.100646748232924921e+02 1.190771945419203632e+02 1.108837458699778011e+02 1.125277810262866893e+02 1.209435218993898928e+02 1.141258913833407860e+02 1.057398370780723411e+02 1.059672287840205342e+02 1.054117724770622573e+02 1.138523046730425108e+02 1.229795430529498930e+02 1.173438296946800250e+02 1.171773948495588655e+02 1.089761875606670145e+02 1.023270999806922248e+02 1.044938892319503907e+02 1.242974777973964251e+02 1.303614729924449023e+02 1.245109871822932917e+02 1.102281329195584476e+02 1.245109871822932917e+02
6.376518306098670053e+01 4.409175431573896731e+01 5.925178896764546010e+01 4.282190634866282153e+01 6.215742290436968887e+01 7.620245778435528905e+01 8.446198955878078607e+01 9.442867696670138855e+01 9.774729264939200846e+01 7.697796978850328742e+01 6.275373497938883105e+01 7.581727483298070069e+01 6.999534759834369879e+01 8.987265052199074944e+01 1.001328053254588184e+02 8.197310573618035789e+01 1.001328053254588184e+02 1.078784649169806045e+02 9.164602119342833930e+01 9.159181675039381787e+01 1.089607384501127996e+02 1.057398370780723411e+02 8.580975131655750943e+01 8.584225749539635331e+01 8.577736099178397922e+01 1.053388039952500606e+02 1.033383008210382741e+02 9.756886500038021381e+01 1.057418406320749540e+02 8.916612326130699273e+01 8.831757226760934998e+01 1.081279154449079982e+02 1.156067901548179861e+02 1.238080240608361464e+02 1.337126397293617117e+02 1.304501552172476408e+02 1.312272746538717456e+02
6.376518306098670053e+01 5.925178896764546010e+01 3.984108669406502656e+01 3.958655549865611789e+01 5.879154150565965153e+01 6.894792680784262018e+01 7.720121959642446541e+01 8.870227002036699560e+01 8.939202499657166356e+01 8.047444375675462425e+01 7.574223496502354180e+01 5.592360243621836702e+01 6.999534759834369879e+01 8.987265052199074944e+01 9.189769792994459863e+01 7.200411600853233551e+01 9.189769792994459863e+01 9.934318713228721265e+01 8.088754665511309838e+01 7.939253991445077929e+01 9.989587175837908717e+01 1.057141972842283195e+02 9.164713828647576577e+01 7.180261976944370872e+01 8.575816613307598857e+01 1.051524491819341591e+02 1.033608180616476631e+02 8.352660530691059648e+01 9.191477358602354286e+01 7.765475831709505883e+01 8.321823228193896682e+01 8.920666481862413377e+01 9.579907834933931099e+01 1.056981561123176618e+02 1.255154291377552624e+02 1.312272746538717456e+02 1.114720432393951626e+02
7.018916381765843937e+01 5.043427301949980546e+01 3.692867585389705454e+01 3.637205899230450967e+01 5.554524345240456285e+01 4.909323341990488387e+01 6.053056497568771022e+01 8.044625690341182178e+01 8.100109228151691809e+01 6.082553773444909240e+01 6.593259757635165386e+01 5.203609798728118818e+01 7.201597298769966926e+01 9.045149696981839327e+01 8.526650395614042566e+01 6.531083516502967257e+01 8.526650395614042566e+01 9.132929139991000511e+01 7.243499036237813016e+01 7.023643343442547859e+01 8.578738136780327750e+01 8.578738136780327750e+01 8.627269030971756081e+01 6.644234369656639672e+01 8.627269030971756081e+01 1.011419754837986886e+02 1.059431283094427272e+02 8.610403880430301626e+01 7.190566751647128285e+01 9.191477358779157214e+01 1.030350332258967967e+02 1.090042208944967257e+02 1.156067926250364621e+02 1.238080240608361464e+02 1.337126397293617117e+02 1.258940713999783583e+02 1.150971957485157020e+02
7.737906728090921149e+01 5.868192694984423241e+01 3.403776281141168170e+01 3.316302634714578801e+01 3.770751894009667637e+01 4.651822042940656843e+01 5.794224013397261075e+01 7.785069044491156376e+01 8.145696442886415412e+01 6.659330518214810013e+01 4.678070244904854746e+01 6.659340650054009814e+01 7.056937673329275640e+01 7.056937673329277061e+01 7.950579858193697191e+01 5.948823210991380961e+01 7.950579858193697191e+01 9.256288568737001299e+01 8.265497311345669118e+01 6.263551536608082415e+01 6.578933014347744290e+01 8.405396270308024498e+01 8.146285737497761659e+01 6.156353265257065033e+01 7.310478805309652728e+01 9.289654885935065920e+01 1.050935717479791975e+02 8.858019851026418223e+01 6.847392221338549234e+01 8.858019851026418223e+01 1.050918712188681496e+02 1.048144830759175505e+02 1.022383611984361806e+02 1.104645482215094745e+02 1.219288905548921207e+02 1.176743639804021342e+02 9.799642954990228816e+01
5.926312183088965213e+01 4.917444184052384770e+01 4.985784267517156820e+01 2.994748805399212443e+01 4.985784267517149715e+01 6.572507006732537604e+01 7.460643781607765845e+01 8.610303361130416988e+01 7.321608139000271365e+01 5.336745965882503384e+01 4.355618000433565129e+01 5.898473715466167278e+01 5.072615747521841456e+01 6.415837653606739366e+01 6.799704677078121051e+01 5.428768948750759193e+01 6.435132637214719864e+01 8.432324149547677905e+01 8.732922961629523684e+01 6.733984972589975371e+01 5.573630821393176404e+01 7.033087966950928660e+01 7.168355742101796579e+01 5.727644622247336059e+01 7.141401734369655685e+01 9.121598220078608676e+01 9.688106227356571765e+01 7.692756019018497682e+01 6.516429647815127169e+01 7.692756016417538945e+01 9.688096604724464100e+01 8.491310734532359561e+01 8.232622731704167052e+01 9.384710160151628600e+01 1.137010349775786295e+02 1.155128463994309271e+02 9.584757239665839279e+01
3.933733901058101878e+01 3.509703313962822335e+01 4.786680721304015407e+01 2.795736899891823413e+01 4.786680721305364727e+01 6.013660434039598357e+01 6.840106338220017790e+01 7.837489211253213739e+01 8.145770519180581459e+01 7.150107944690819295e+01 5.898473715466167278e+01 3.937738465636037688e+01 4.097636885288722652e+01 4.437050836571128798e+01 4.798528495918436221e+01 5.954004274142803155e+01 7.954927941476773867e+01 9.256288574009192871e+01 9.558499496501002568e+01 8.405396270308024498e+01 7.033087966950928660e+01 5.027161923023877677e+01 5.170556505017564319e+01 7.168355741699221539e+01 8.543587697959971194e+01 9.654405498066267910e+01 8.651538938671843937e+01 7.824609738676819859e+01 6.211503357351317334e+01 8.238324903148937040e+01 9.074208534187319231e+01 7.066508073568000725e+01 9.017614014183500615e+01 9.722936810592686641e+01 1.054447034978129949e+02 1.153670081169103980e+02 1.057775501095809148e+02
5.926312183088965213e+01 4.938129374148922324e+01 2.947001273125313148e+01 2.599580875319509232e+01 4.590507197464378919e+01 4.020883020326331803e+01 5.016464439421687160e+01 7.010856428657515949e+01 8.790081794036962037e+01 7.033013059458332350e+01 5.028881128650976962e+01 3.653081889548163019e+01 5.606184561832815660e+01 6.415837653606739366e+01 5.883167594860276495e+01 7.495245305356915821e+01 8.779231241568032829e+01 9.792460533746761087e+01 8.777725042958955726e+01 7.951516933974825463e+01 6.666857652635850684e+01 4.660053168553105962e+01 6.666857652329284178e+01 7.168355741755229360e+01 9.152826208460444946e+01 8.831224608069680926e+01 6.818026276360782845e+01 5.789394923640487889e+01 7.440023160696745208e+01 8.269205710877017168e+01 7.577223205759014490e+01 6.417526626211056850e+01 7.008969671083796982e+01 7.727982681527092268e+01 8.730249259226079062e+01 1.071562436195929848e+02 1.139676337284967502e+02
5.349927746759566105e+01 4.988798909358551015e+01 4.163171282761524594e+01 2.405108960700990295e+01 2.957315779482859242e+01 4.106174885032368138e+01 6.099080960008819829e+01 7.837489211241491205e+01 7.440124184631814330e+01 6.061504468496907094e+01 5.395278911203361361e+01 3.444671434807025179e+01 4.806244817588056151e+01 6.657203829006765261e+01 7.667729213705344193e+01 8.385508798237839301e+01 9.329664458643178193e+01 7.797011740510656352e+01 7.623053288249852244e+01 5.949366199068914796e+01 6.415994974458720890e+01 4.407458196170149023e+01 5.307629032504761568e+01 6.467357520539543714e+01 8.467416388337977651e+01 9.654406008452789933e+01 8.651545154692139761e+01 7.440019246740372694e+01 5.396761706829916960e+01 7.066994625730426094e+01 5.536679124849512590e+01 6.090499373420053075e+01 7.272039379283002347e+01 9.276729112594028948e+01 1.054447034978129949e+02 1.153670081169103980e+02 1.156851245288118406e+02
3.389243403830963786e+01 3.935510373303475973e+01 2.171534934070769651e+01 3.312164436788879840e+01 4.948415893496608220e+01 5.774540082574485211e+01 6.925541809802079740e+01 7.615750021317516882e+01 5.664039831478403642e+01 4.691722836092287707e+01 5.189519476861176628e+01 3.238466149563222984e+01 4.612756065522563631e+01 6.581949538802575717e+01 8.038365482643700943e+01 6.638354800824113511e+01 8.038365482643700943e+01 7.797011740510656352e+01 5.794137612528495396e+01 4.788049494018530083e+01 5.849218199485099490e+01 4.166685544821088172e+01 6.177615159098453290e+01 8.139598449349648490e+01 9.293274035456350646e+01 9.618851042289314535e+01 7.638976421045184395e+01 7.638976421045182974e+01 7.045425291860300376e+01 5.010202972672321664e+01 7.066994625730426094e+01 6.836777676511741220e+01 8.849250799753980345e+01 1.009915157167044129e+02 1.129386151106610328e+02 1.045217587939901165e+02 1.129386151106610328e+02
2.918407709133202488e+01 1.942942653214764448e+01 3.299141862551878290e+01 4.902004647377919611e+01 5.180577571550315952e+01 6.887245079282347149e+01 7.375812156341770276e+01 6.328732260240404628e+01 5.525274738368659655e+01 3.727490312964727792e+01 4.710322702327196964e+01 3.034766994898071246e+01 4.158195838506046726e+01 6.121878038764126728e+01 7.224294397428865011e+01 5.245118347444791596e+01 7.224294397428865011e+01 7.265884174590500777e+01 6.379942849439853347e+01 5.550556679938247129e+01 3.834703992734674927e+01 5.849218224484707918e+01 6.177615159098453290e+01 8.179274362237816831e+01 9.522106810598091897e+01 9.044284110327036785e+01 7.056878929813197487e+01 5.609379693008177981e+01 6.435341693991711054e+01 4.786308909936831668e+01 6.915162992219953253e+01 8.844460603667268117e+01 8.849723384283282712e+01 1.083901477820206338e+02 1.028106652667161853e+02 8.429244705397839255e+01 1.028106652667161853e+02
1.719821483927136541e+01 2.628389861144334461e+01 4.306905479444967710e+01 5.914161446360063934e+01 6.816942678705461844e+01 6.880168320754124522e+01 5.801345048852078179e+01 4.047375990427875792e+01 4.659379223606791953e+01 4.694884799906133566e+01 2.752422208804442505e+01 4.710322722798921546e+01 5.806064146717882579e+01 6.942927245083429000e+01 6.481563460693645595e+01 4.494527618926959889e+01 6.481563460693853074e+01 5.259422908045137746e+01 5.259422908045146983e+01 3.533587149771008029e+01 5.550556568581562544e+01 5.261860654849051855e+01 7.267224880853859759e+01 8.929043170074555746e+01 7.511489650675166274e+01 8.250480860786323944e+01 8.456898775053966233e+01 6.562530961196421231e+01 4.466345665503212103e+01 6.562530961196421231e+01 7.553744038259884519e+01 8.270965250594618112e+01 9.097772394030752707e+01 1.025340548820722972e+02 9.440710292398425452e+01 7.413147140909654809e+01 8.723858465547588992e+01
3.714270344712620187e+01 1.785945757895591512e+01 3.780052011966018455e+01 5.106787474202670296e+01 5.040377403704604831e+01 5.888604774448246815e+01 3.884049323797454178e+01 2.999378291592543633e+01 3.207601248448401066e+01 4.277810513353176702e+01 2.563095852323762713e+01 4.524606984105970753e+01 6.003998700117622889e+01 6.010817416760516352e+01 5.856365586960296099e+01 3.898576298482930014e+01 5.060517737792109472e+01 4.976531991557057921e+01 3.241986064255543454e+01 5.259422908045146983e+01 6.379941608447314394e+01 7.267224870344800536e+01 8.094244968932743234e+01 8.100385782446549854e+01 6.060951725746615182e+01 6.214089089040833613e+01 6.934257090412266678e+01 6.092252331655605957e+01 4.248187265697960413e+01 4.863886047146352354e+01 5.507125237294913234e+01 6.242357319183719255e+01 7.422694077601164508e+01 9.429725222201727775e+01 8.723858465547588992e+01 6.681907738246260919e+01 7.761455311991191763e+01
2.501857333252412374e+01 1.832755937286499659e+01 3.826655192153072704e+01 3.155129026508980772e+01 5.073516974522903666e+01 4.432081114238489050e+01 4.123907735722342238e+01 2.197585773780125962e+01 2.247590143948722385e+01 2.297624612721638115e+01 3.429207421602365713e+01 4.398988522155901393e+01 3.915458187084855979e+01 3.955530544594682141e+01 4.595357470666505151e+01 4.648078044229672656e+01 3.174808824527500306e+01 2.960995551239796697e+01 4.976531991549800438e+01 5.928472402752398551e+01 6.409021453837924298e+01 7.319191761008769959e+01 7.683598906275121010e+01 7.364615097262921495e+01 6.810534431068796835e+01 4.720916717498895565e+01 5.825479075687791664e+01 3.957990472483700728e+01 6.088977283812165808e+01 6.936423878793939934e+01 7.553744038259655724e+01 8.270965250594618112e+01 9.097772394030752707e+01 9.345259017512522348e+01 8.134398064507904280e+01 6.075857622292019045e+01 8.134398064507904280e+01
4.367198268121424576e+01 3.805812938224103448e+01 1.899099513162298436e+01 3.865367838595570049e+01 3.992448410771915945e+01 3.777824547373413111e+01 2.126999122447630342e+01 4.038139970440928295e+01 4.485885645767214669e+01 4.306468568316980594e+01 2.371137668099866502e+01 2.423186925501000744e+01 2.475327035766785855e+01 2.527716232912496253e+01 2.580185269677124182e+01 2.632706122947153560e+01 2.685270114188441681e+01 4.701319275851771806e+01 4.836366235839101080e+01 4.624557017400035619e+01 4.331344030937073342e+01 6.430080050421315718e+01 5.737812208613442522e+01 5.197291527899574248e+01 6.367609617808854239e+01 5.569406166078339027e+01 3.675315373589172196e+01 5.825479194249828652e+01 6.932641814509233313e+01 7.517023752216147159e+01 7.511233519279888071e+01 8.350420408607429579e+01 8.569913903839976399e+01 7.898210231961836314e+01 6.451161446411168754e+01 5.581296608567244277e+01 6.626068549521730233e+01
5.321300652744426429e+01 3.373276421631850042e+01 2.570069183053978890e+01 1.965645545851937470e+01 2.012743969639420172e+01 2.059934161792801177e+01 4.042847061608307513e+01 2.341678351792754498e+01 4.329746330244519470e+01 5.277845721092212727e+01 4.700577929033412516e+01 3.801481671571559673e+01 3.109925016411128240e+01 4.524109310058017996e+01 4.593601344148777343e+01 4.648033137739123788e+01 3.230810180271586063e+01 2.762928784753855282e+01 2.818268939026531328e+01 2.873690407615608322e+01 4.891914820015340126e+01 5.046898559206523771e+01 5.098487054586679079e+01 3.906990276385233329e+01 5.471040467542988495e+01 3.410772478037080191e+01 5.569405475635831948e+01 6.670882559195815986e+01 6.897143460931870607e+01 5.489559394060798070e+01 5.489322387844242712e+01 7.511223599843442855e+01 6.521275867526046000e+01 6.521275876931409243e+01 4.996280932154461141e+01 7.052240184952927393e+01 8.492391704663403118e+01
6.149225588707999890e+01 5.252891317197136090e+01 3.505712514973728133e+01 3.973166761661742186e+01 2.821349244959437996e+01 2.250111175739001368e+01 4.227418928961355959e+01 4.328485417919994660e+01 2.558138920009814399e+01 4.545263580967829853e+01 5.573363164823890514e+01 5.581342407990783983e+01 5.032201469836872576e+01 4.104987474154282268e+01 5.952900171024963782e+01 5.423804267162861237e+01 3.393060378731542670e+01 4.779860234331123792e+01 4.246380512318469869e+01 4.891307449126916396e+01 2.952340245757246961e+01 3.008194780426356729e+01 3.064139928679686875e+01 3.120173173001672140e+01 3.176461742047557379e+01 3.235342534692752281e+01 5.343424732175345326e+01 5.445768198394771531e+01 5.495622749821728803e+01 4.178888808065953242e+01 6.081519811259398267e+01 6.899191079818182004e+01 6.056594705009409552e+01 4.516823268572970562e+01 6.517797932168583941e+01 7.862688982004787874e+01 8.639378404177496407e+01
