MOVIE_S2_data/elevation_000187.asc
nrows	100
cellsize	150.0
xllcorner	0
ncols	100
yllcorner	0
NODATA_value	-9999
[rows 34 to 50 of 100, columns 37 to 73 of 100]
6.397768426658013396e+01 8.403231554613317655e+01 9.061030646210481621e+01 9.889465341407931476e+01 9.358866074029690196e+01 7.396262217456859389e+01 5.977419466121165215e+01 7.248823140996712766e+01 7.780564288663251205e+01 5.771061881074289346e+01 6.923709583030662884e+01 7.056719710381128152e+01 5.781296370134982254e+01 7.790306481050842535e+01 9.460546157642895082e+01 7.683879841639215158e+01 9.601453980371540808e+01 1.074601785695672476e+02 1.156464053887484340e+02 1.239215877186449148e+02 1.082240980777878718e+02 8.779333983729461011e+01 8.227791028679044416e+01 6.215345971110928502e+01 7.618243855850325019e+01 6.282110418372668192e+01 8.294335420077825916e+01 9.644910285558559337e+01 1.036525415336225109e+02 1.118983649145512800e+02 1.070586058296389353e+02 1.153401517985840599e+02 1.197791772727489246e+02 1.170220848296263796e+02 1.070481245419083933e+02 9.473364762579446108e+01 8.310693108835268106e+01
7.067982984579077765e+01 7.019950371752419471e+01 7.737194740958601358e+01 8.583652942639787398e+01 9.601510316787370414e+01 8.401775601039432217e+01 6.404803749322991280e+01 5.229364256548299039e+01 6.610691883140349034e+01 6.923709583030662884e+01 4.895304432574470610e+01 5.031347089481904078e+01 7.056719710381128152e+01 7.491531993274384149e+01 7.892226433908655281e+01 6.792353765675159138e+01 7.942420381301349153e+01 9.928986730809864980e+01 1.116506945899941456e+02 1.109902992391639174e+02 1.026846597673261527e+02 8.779333983729459590e+01 6.756341727502260142e+01 5.752617146061639630e+01 5.610442060948950882e+01 7.623593700365660197e+01 8.417080531522610443e+01 9.251691660481552049e+01 1.012646155550893354e+02 1.036525381695751946e+02 8.671106058395025684e+01 1.005906141734463546e+02 1.089057801333301825e+02 1.087667737382298725e+02 8.881146501070341515e+01 7.892460976577663700e+01 7.197370496395205919e+01
6.104841591410202994e+01 4.977668600003161004e+01 5.714113960836532868e+01 6.727910042940945345e+01 8.759339538501988898e+01 9.219642062340506072e+01 8.029772813667865705e+01 6.022889315610822791e+01 4.580528089917510215e+01 6.025015818865792028e+01 4.348778536336871525e+01 4.708670186283659831e+01 5.084938729422655257e+01 5.476271585191107505e+01 5.888754230737270490e+01 6.475583651081301184e+01 7.369145384213111072e+01 8.361875176050835989e+01 1.034899352029624140e+02 1.026846597673261527e+02 8.236833753397499436e+01 8.831885054735265328e+01 8.222708789810266694e+01 7.184791986389296881e+01 5.169527342459398511e+01 6.769074608549003358e+01 6.398693735251853099e+01 8.103456018565385932e+01 8.103456026433738657e+01 9.341056744726768102e+01 7.500658739683001386e+01 8.028244440349813260e+01 1.005906092102518272e+02 1.170220848296263796e+02 1.070481245419083933e+02 9.878911862309797698e+01 9.176602409111171710e+01
4.026964695931242488e+01 5.245639251796432490e+01 7.278631861265667169e+01 8.581961989761339282e+01 9.619263737368038392e+01 9.596259436919586960e+01 8.598521469181945065e+01 6.701335431911716967e+01 4.672155755555981926e+01 3.996765649385623220e+01 6.025015818865792028e+01 6.740834858471757229e+01 7.110683574215596536e+01 7.491531993274384149e+01 7.892226433908655281e+01 8.467138918898908173e+01 7.737067446370663504e+01 9.723416136551853128e+01 1.116506945899941456e+02 1.000559602684963068e+02 7.972668989746476598e+01 6.811475952788937605e+01 6.208043234213965178e+01 5.670030446404118152e+01 5.168999007774697674e+01 4.761667164826273790e+01 6.739732542344022193e+01 6.087362480949779808e+01 7.490410467698062291e+01 7.317246273009381241e+01 6.606248115938122112e+01 7.607524719739133445e+01 9.043951634268033501e+01 1.107417826264486536e+02 1.196916981359120342e+02 1.139421351247211902e+02 1.056378172612415511e+02
6.104841591410202994e+01 6.941701105551547357e+01 8.112492438055532773e+01 8.848265489872730427e+01 9.655333638394347417e+01 8.774860389802739746e+01 6.778327236343582740e+01 5.765351924590887478e+01 5.823222871088378128e+01 3.798975443709769451e+01 5.231879702111843500e+01 7.250851569657757523e+01 7.697236772456173526e+01 8.515637182868643151e+01 8.415850720557325815e+01 9.219870600852885900e+01 9.723416136551853128e+01 9.723416136551853128e+01 1.170323215274976860e+02 1.083749020038456194e+02 9.667931838656957666e+01 8.831885054735265328e+01 8.222708789439386123e+01 7.684266769246782758e+01 6.490697303820235220e+01 4.497266483999246844e+01 4.737502311210760553e+01 5.083394106346079155e+01 5.476291775398038197e+01 5.897692737060003765e+01 7.317246273826231118e+01 8.623054101637431756e+01 1.047208234286493820e+02 1.137585599331558512e+02 9.955006340300502643e+01 1.023832797612785299e+02 8.562883747365394527e+01
7.621098495640720216e+01 8.526564568174423187e+01 7.709619034287145212e+01 6.872476018460645264e+01 8.522226698642722909e+01 9.592683234072279674e+01 8.598521469181945065e+01 7.053900907338923787e+01 5.034127266639944764e+01 3.605032049214249668e+01 5.625705269536355502e+01 7.358786330418617183e+01 5.684418933678576735e+01 7.008955363136286110e+01 6.424702871895853207e+01 8.415850720557325815e+01 1.000665545832677168e+02 1.081223222028684603e+02 1.075220358166907033e+02 9.665396502449739558e+01 8.826735814739204500e+01 8.600982582279904420e+01 8.187385191462772127e+01 7.353006347087627148e+01 6.254120602264287498e+01 4.275139768388183370e+01 6.254106694401016853e+01 7.095404712533169800e+01 7.490410467698062291e+01 7.910007174031318300e+01 8.746127028972571793e+01 1.017497955149320319e+02 1.147826992088571814e+02 1.054494116320910280e+02 8.541621556119046943e+01 9.277931258621681820e+01 7.423595062390816679e+01
8.782863598308972541e+01 7.381162577253401480e+01 5.720914140049984553e+01 5.720910084594556366e+01 7.708022291507072055e+01 8.084003225532266868e+01 7.257891669155759473e+01 6.860517895500144903e+01 4.840552894737513867e+01 3.414502033393805647e+01 5.432186945629633357e+01 5.936623157562414121e+01 4.507942021063008298e+01 4.988615189224794477e+01 7.010079711425133553e+01 8.609240729762326794e+01 8.030771513844780429e+01 1.000665545832677168e+02 9.894310494435455894e+01 7.891136455159278285e+01 6.820018495476367093e+01 6.600535058010535749e+01 6.673676924073730277e+01 5.370891829819113639e+01 6.030140101536641595e+01 4.095069341177287470e+01 6.063692802033436635e+01 7.098437374244434750e+01 7.817287829861629689e+01 8.702175874064218419e+01 9.784204291758382510e+01 1.074231999800621367e+02 1.015275013192780875e+02 1.069530323651430166e+02 8.690836562450976999e+01 7.298575197499081924e+01 6.705634302421032089e+01
7.614813295286222683e+01 5.979461558081918326e+01 4.570304529240633684e+01 6.561439728260590698e+01 7.967068683342662894e+01 7.257891669155759473e+01 5.242240506708752434e+01 5.832563913902542652e+01 5.242404669615748247e+01 3.227553824140538552e+01 3.547823104887030610e+01 3.912380995447647081e+01 5.936623154746787634e+01 7.010079709978366225e+01 5.901964118413736315e+01 6.618520994822512193e+01 8.607999396800688885e+01 8.529231606588290049e+01 9.053541778542606266e+01 7.040196698223313376e+01 5.903095923308733717e+01 5.204486893046610163e+01 4.700308705673412391e+01 4.248961736504993070e+01 5.404136056491262963e+01 3.915403568146829372e+01 4.422473715865773869e+01 4.984621697079732172e+01 5.660738847498639359e+01 6.723765765405983075e+01 8.910809894317264934e+01 8.722061916790514147e+01 8.129451454553306178e+01 9.557736548400617949e+01 1.010846432738523788e+02 9.277931258621681820e+01 8.097174322769275534e+01
5.953165871474562465e+01 4.802203577356941366e+01 4.041342174670158727e+01 5.187445980416315905e+01 7.161478399331716105e+01 7.257443230849277427e+01 5.242229318763407520e+01 3.813530803272281133e+01 4.822995470142340935e+01 3.043209781088089727e+01 5.054543671571642705e+01 5.936623158620802343e+01 5.565984616237401639e+01 7.567054590263006730e+01 7.898475774849407571e+01 8.609494522345934797e+01 7.934724649094862059e+01 6.509502080741687280e+01 7.938794223031943886e+01 8.729123615084084520e+01 7.891136455159278285e+01 7.188257984672645762e+01 6.673551899648900587e+01 5.635145885071803207e+01 3.672825085095302455e+01 4.531609427793860334e+01 6.428472699847262106e+01 7.098438169073965298e+01 7.817287829861629689e+01 8.702175874064218419e+01 9.784204291758382510e+01 8.722061916790514147e+01 6.693667262682477315e+01 8.722061916790514147e+01 8.963937404821518840e+01 9.799375265172395189e+01 1.009093433184776245e+02
3.956919891183071769e+01 3.393463497593545242e+01 5.385261950535279141e+01 6.850529666369996562e+01 6.985367227857445016e+01 6.709890673385640980e+01 5.874133785615097736e+01 4.817198731926043109e+01 2.817876110427082637e+01 4.636812776812111991e+01 4.674558791026159810e+01 6.673341109882991873e+01 7.567054591041090816e+01 7.183822781924631329e+01 8.079803053942433166e+01 7.722787015459923055e+01 6.895719391023050093e+01 5.075015211804272752e+01 7.027455209760931609e+01 8.041117271874715300e+01 7.198327136285990946e+01 7.090651716553101380e+01 6.892238890732004108e+01 4.892570537212937154e+01 3.514423426152985286e+01 5.478264391366572283e+01 5.911584708956353751e+01 7.311167940782755181e+01 9.320843625625673212e+01 9.568925477758382669e+01 9.388378582317206167e+01 7.361668519458984861e+01 5.970760318380647647e+01 8.004916109369345634e+01 6.935198382738821010e+01 8.630079949332758815e+01 9.007370378397965283e+01
2.796984887127196373e+01 4.800640333026534989e+01 6.021573339749681253e+01 6.043661929964744672e+01 4.805991989998002367e+01 5.875738236803434944e+01 3.858160994632468999e+01 4.447873323231522136e+01 2.666548962655544130e+01 3.813497168963061057e+01 5.830431755329031773e+01 7.499224044179680959e+01 6.825240766848487795e+01 5.098961454594327591e+01 6.825240766901195855e+01 6.900015497367314765e+01 4.885310577776047580e+01 4.169041399506012624e+01 6.192712109769943396e+01 7.137523413836495934e+01 5.022866523469365063e+01 4.982475988299358960e+01 5.933450941934409428e+01 5.105300083225520780e+01 3.355289105415764084e+01 4.731944813445623765e+01 6.721804389996249540e+01 8.731186787536702809e+01 8.984936614289148338e+01 7.577775055303236229e+01 8.984936614289148338e+01 7.361671861165480379e+01 5.317502435987787379e+01 6.615246392902335515e+01 5.753331242464887652e+01 7.792644384306574068e+01 7.052531343754979787e+01
4.276741872416996415e+01 4.727749885328826451e+01 4.105929990731342372e+01 4.118431338158489297e+01 3.353429659205912827e+01 4.973926552126348355e+01 4.235648740726797001e+01 2.456665053200417503e+01 4.345326462680210255e+01 5.450342488231244431e+01 6.660354293860775954e+01 6.551234296847998451e+01 5.965881138037367037e+01 3.924016757475779826e+01 5.956954099313650630e+01 5.489057918551864645e+01 4.725990902170974550e+01 3.488722870387523045e+01 5.476494874416863468e+01 5.782806903866239168e+01 5.273622474300574936e+01 3.512081267590921385e+01 4.888471526144102342e+01 3.129903816892950630e+01 5.105299861815769447e+01 5.757107642603252629e+01 6.432418043472716818e+01 7.331329714706029677e+01 7.003778590811698734e+01 6.156651975274596111e+01 8.160972625855524143e+01 8.199890816217231304e+01 6.615246392902335515e+01 4.555514742082102941e+01 6.613670103993671034e+01 7.111158266323842270e+01 5.570602065001350667e+01
3.790410228082839694e+01 3.012710404480852233e+01 2.852773194597524409e+01 3.776624137524940039e+01 2.360721368483292437e+01 4.142967148884861217e+01 2.250837227337435564e+01 4.234332699261266697e+01 5.245028514103841388e+01 5.439427339642732306e+01 4.797413507620142070e+01 4.545907459892393376e+01 5.236160896044084723e+01 3.223496132068203934e+01 4.348481667172806908e+01 4.271289158301463118e+01 2.836822008164616093e+01 4.704656872904590159e+01 5.873819275628471104e+01 4.558525397599175477e+01 2.898404560617979797e+01 2.755497456173104354e+01 2.907267556585146551e+01 4.870808375662866041e+01 4.950963169154091048e+01 3.847567163727862294e+01 4.464646678325769358e+01 6.491188358303713812e+01 4.981340689779489139e+01 7.003778590811698734e+01 8.318286099148758694e+01 7.648181546747542825e+01 5.604283462053758313e+01 4.132224957372879715e+01 5.697929104331179673e+01 3.991450401222250122e+01 4.793993586193408873e+01
1.698300357580000153e+01 1.739036038695226694e+01 1.779582959075065318e+01 1.820033150937361555e+01 1.860486601432825182e+01 3.830115793699615523e+01 2.105230984552322582e+01 3.985887292478663113e+01 4.053839660411657775e+01 3.970049194324961661e+01 2.328733051642158003e+01 4.310870391984891370e+01 4.897518783156282041e+01 3.415662703307963710e+01 2.352677022162899334e+01 2.396220499780861601e+01 2.439679684173942320e+01 3.308035327969452766e+01 5.102175368181915616e+01 4.555438013606313064e+01 2.690380258054292639e+01 4.512498724238891867e+01 2.825310996075763370e+01 2.875299934221809650e+01 2.926118397479223177e+01 2.977865737861624496e+01 4.910515847771670650e+01 5.561335002313671794e+01 4.304709293579947627e+01 5.478085688020353672e+01 7.492864573308773402e+01 7.567038129131610447e+01 6.243613020113337342e+01 3.780868719800075439e+01 3.639312704033530110e+01 3.692428384535585906e+01 5.602895955868997646e+01
3.204065834792049827e+01 3.666877238438395636e+01 3.818964443365101147e+01 3.791959971896739034e+01 2.335761560939026182e+01 1.917747570138688218e+01 1.958353471388898370e+01 2.000524045824979069e+01 2.042601435689606504e+01 2.084589879530500411e+01 2.126482472360000386e+01 4.013684261980547063e+01 4.172580740620318807e+01 2.291199014131843725e+01 4.283935078280646991e+01 4.393830817356490570e+01 4.439316094306308713e+01 2.501162512582326158e+01 4.503966615470405799e+01 2.626181317355857558e+01 4.636772894359274488e+01 5.383278545640204982e+01 5.123139054190551889e+01 4.060914698639496123e+01 4.650798977561067460e+01 3.872456182965306937e+01 3.052750641188597669e+01 3.545398236745831611e+01 5.562524344631393092e+01 7.104038292626979967e+01 6.694660694018497793e+01 6.294011236499967765e+01 4.888396116451431794e+01 3.563821431605433077e+01 5.420383006723657360e+01 5.687175200451851254e+01 3.767411199157037061e+01
2.456467405094884882e+01 3.696300988108450980e+01 5.373051940918516323e+01 5.421977155904249912e+01 3.548656377001026385e+01 2.301548950565277352e+01 2.530386891191682253e+01 3.708739768798217540e+01 3.954009714203128567e+01 3.978607029241174331e+01 2.897301353550822967e+01 2.185544273385561809e+01 2.229569105767187409e+01 2.611133929682931054e+01 3.813760439273351466e+01 5.892778645597936560e+01 4.699406183645305646e+01 2.662939714209986519e+01 2.562301815194870258e+01 2.703771838483642398e+01 4.699452767994116442e+01 5.713274441802539627e+01 6.967958828014948836e+01 6.170080345597821037e+01 6.387454826448928458e+01 4.673910884668102028e+01 3.776880709055532037e+01 3.128998055667155143e+01 5.150178271160797294e+01 5.937075616121084209e+01 4.768610839345095798e+01 5.422015560538071810e+01 3.488561318635824904e+01 5.499837079345541468e+01 5.477458621413775575e+01 6.490308521247678186e+01 5.823055072721975733e+01
4.283408375074598951e+01 3.406508630703705620e+01 5.186697861899973816e+01 6.043301255781231873e+01 4.511007836542157889e+01 2.668025069233914337e+01 4.113953464686754558e+01 3.409482233681634256e+01 4.964289229285189009e+01 4.405885544682542587e+01 2.424675294947093462e+01 4.189330879500518279e+01 2.247177297877937718e+01 4.323460030586607417e+01 5.391172029299139012e+01 6.698075261650474488e+01 5.533852463023661272e+01 3.841898695425583554e+01 4.568464111738587263e+01 4.712548304541792987e+01 2.913118272337304759e+01 4.800177809994092115e+01 5.964805439076883431e+01 7.398412294285456881e+01 7.355958793817093522e+01 5.775377714967937237e+01 5.773022498432071359e+01 4.517956304908156540e+01 3.205433404283935062e+01 5.074824853839986361e+01 3.358731599615937569e+01 3.412805552469168902e+01 5.424328738853977683e+01 4.647616832783746332e+01 6.656279098840970221e+01 7.956366050814085611e+01 7.130443970687016986e+01
