MOVIE_S2_data/elevation_000330.asc
nrows	100
cellsize	150.0
xllcorner	0
ncols	100
yllcorner	0
NODATA_value	-9999
[rows 68 to 84 of 100, columns 37 to 73 of 100]
8.629425145572876943e+01 8.151866898973254649e+01 9.825515204717505924e+01 1.099736356343097299e+02 1.016772242247585041e+02 1.099736356343097299e+02 9.942312119287741723e+01 8.268228622169999653e+01 8.745962466554854586e+01 1.074696729783728273e+02 1.064273437225161700e+02 9.243505172986107254e+01 1.064273437225161700e+02 9.610382367727420672e+01 7.819359632966693141e+01 9.610382367727420672e+01 9.991069221047041538e+01 8.404408463297015430e+01 7.577907372552370191e+01 7.325241975654903115e+01 8.700166988391941914e+01 1.067121126693894553e+02 1.075747051506267127e+02 8.776111668012872258e+01 1.075747051506267127e+02 9.695244916753605935e+01 7.723651810697823805e+01 8.737126117572667283e+01 1.071889330692918492e+02 1.065608184545560562e+02 8.684756738697842593e+01 7.707571647122857428e+01 9.665723678199664448e+01 1.097154703746977304e+02 9.631542729983115692e+01 7.664502537480323952e+01 9.631542729983115692e+01
8.996507497659538899e+01 7.014957195191173867e+01 8.996507497659538899e+01 9.998355823105634954e+01 8.171742972863393106e+01 9.998355823105634954e+01 9.113153694675325767e+01 7.133048777041152277e+01 9.113153694675325767e+01 1.020416513398499774e+02 1.135988610735551276e+02 1.121454750629440866e+02 1.137308383604166124e+02 1.058992522755529535e+02 9.768301885048597910e+01 1.058992522755529535e+02 1.119565503667641764e+02 1.035616429624168546e+02 9.533429949509768164e+01 8.446189905071956616e+01 8.700166988391941914e+01 1.067121126693894553e+02 1.158714478950999052e+02 9.760063324476379876e+01 1.158714478950999052e+02 1.035362680007907272e+02 8.378481202116248028e+01 1.035362679816374794e+02 1.154904770198071020e+02 1.148230761016519637e+02 1.048911224803269704e+02 8.831911080204680786e+01 9.086731032239208616e+01 1.106353557659169269e+02 1.045697045861039385e+02 8.540996899007778609e+01 9.051635593112509071e+01
7.222017439588658760e+01 6.403716845991743867e+01 8.369886272259975613e+01 9.169732697669624599e+01 7.191633748562854578e+01 8.180683223116241720e+01 7.793552136044377221e+01 6.525652377168449902e+01 7.389664035918789864e+01 8.528959437565019641e+01 1.053010843189688188e+02 1.078576431353573071e+02 9.360377657411913788e+01 1.010013667900892500e+02 9.948949012204487019e+01 1.078483489333177516e+02 1.092107830292383284e+02 1.175847553449540328e+02 1.123948026733718564e+02 1.041302562242492229e+02 1.067121126693894553e+02 1.149808151595449601e+02 1.258640883746565606e+02 1.175487770566569310e+02 1.258640882511675585e+02 1.118337433104537979e+02 9.359171338193122835e+01 1.118337433104537979e+02 1.301626878262434843e+02 1.218364956325592772e+02 1.163241193406291103e+02 1.080473286905631909e+02 1.106353557659169269e+02 1.189149346382618546e+02 1.134306089690009003e+02 9.673189123313987636e+01 1.044634539785066210e+02
6.966436327178523413e+01 5.852957422505770779e+01 7.185865145509386309e+01 8.006601845818161678e+01 8.180683223116241720e+01 6.230596324193258795e+01 5.856506437204021864e+01 7.793552136044377221e+01 7.905687598980580333e+01 8.728912695723299464e+01 9.717565862308906333e+01 9.949885648596502108e+01 7.947651668355510424e+01 8.096797119367617768e+01 7.946495450179811826e+01 9.499165700255092304e+01 8.910190215720466256e+01 1.092107830292383284e+02 1.220198328453381862e+02 1.136764945978101053e+02 1.110370311687950959e+02 1.193931541571083415e+02 1.252424844070115171e+02 1.317794037260308357e+02 1.234853354840169288e+02 1.218106746547817494e+02 1.134808232055219577e+02 1.218106839289220602e+02 1.218364956314573533e+02 1.013712496659580466e+02 1.073653814311993386e+02 1.157669689413710756e+02 1.162046267204329979e+02 1.221330719362967159e+02 1.249510200784976917e+02 1.166212619293224293e+02 1.244440123968001046e+02
8.576717621315749795e+01 6.609755186770193802e+01 5.254766610173682295e+01 6.650274772781591537e+01 7.466922218514977772e+01 7.349163375504097928e+01 5.425415899082960891e+01 6.868226506398814024e+01 5.964775618706018179e+01 6.921232428975727657e+01 8.890142768985444377e+01 9.980860475585501490e+01 7.981629046743958611e+01 6.698196359569877245e+01 6.805798818399327388e+01 7.501352046311561139e+01 8.910190215720466256e+01 1.092107830292383284e+02 1.136764945978101053e+02 9.319871165064343188e+01 9.052865629055661145e+01 1.049129147849834993e+02 1.049129147849577492e+02 1.132461089002556349e+02 1.031230967593690906e+02 1.200805425139083837e+02 1.309672483498685835e+02 1.225250654860488737e+02 1.107110590015696232e+02 1.022821408683176685e+02 8.670229485152299276e+01 9.632049706960651747e+01 9.564967701456514249e+01 1.016700823964673219e+02 1.163359609115369153e+02 1.246844580131952966e+02 1.259072654590770810e+02
8.131352187040418755e+01 8.006601845817341712e+01 6.650274772781591537e+01 4.727766999927678881e+01 6.650274615795277100e+01 6.204964546099571976e+01 6.467460924782469078e+01 4.950988627927971208e+01 6.297232497606294999e+01 8.246727986459495696e+01 9.717565862309010072e+01 9.391849185188097238e+01 7.397496739468742533e+01 6.006090858449919523e+01 7.981629046743958611e+01 9.111264798735588499e+01 1.000493185427659597e+02 1.116489579179544336e+02 1.123849356361692884e+02 9.195553538955093131e+01 7.871593110639003044e+01 8.442549908672012293e+01 1.049129147849834993e+02 9.278155975557039881e+01 9.124758568840815087e+01 1.022911694837389831e+02 1.226666655324860784e+02 1.141602277405568060e+02 9.358677778114295620e+01 8.158577098399739214e+01 9.033308614385263979e+01 7.557949721318540526e+01 8.095122751545538620e+01 8.789296172034211452e+01 9.575911114815427538e+01 1.103850585134035356e+02 1.307027101894689451e+02
6.181170282764833246e+01 7.567824073563245690e+01 6.304982486815969622e+01 4.379382456797529954e+01 5.838982777366068433e+01 4.272397861560489929e+01 4.542664254090282583e+01 6.467460924420095125e+01 6.588591053902172234e+01 8.473164103129197144e+01 9.889504658540521120e+01 9.196951988813071921e+01 7.594194132437844758e+01 5.621365715594425438e+01 6.299391146957050580e+01 7.178908488910828112e+01 8.323576024844646781e+01 1.032854342947482280e+02 1.064365050050062393e+02 8.595732137851675247e+01 7.157159161034132921e+01 9.195553538955091710e+01 9.153968024831304717e+01 7.830953402763900328e+01 8.551087658658043722e+01 1.000522429231306347e+02 1.204620731832541907e+02 1.163630882022595472e+02 1.045066089663845332e+02 9.033308614431469152e+01 6.960838356195540655e+01 9.033308614354824329e+01 1.016700823961081568e+02 1.085586427345298404e+02 1.163359609115369153e+02 1.246844580131952966e+02 1.172538617765438431e+02
4.827207154250149301e+01 5.891408424727926985e+01 6.489013292345269690e+01 4.811063826659310649e+01 3.896346425834229166e+01 5.838983230522126178e+01 6.467460924782464815e+01 5.898908663541748609e+01 7.840067504820859767e+01 9.282497595168773330e+01 7.883624933767869436e+01 8.365536084971422781e+01 6.383772950792111800e+01 5.248890348879768197e+01 6.774687145636323748e+01 7.472384856994773372e+01 8.300444601309216353e+01 9.295544532838806617e+01 1.017382580642679102e+02 8.128997432452369765e+01 6.696310476037514547e+01 8.492879633839403652e+01 7.116356748498604645e+01 9.153968024831304717e+01 1.060301434633968825e+02 1.144112097038760254e+02 1.211488621451316448e+02 1.079652274934799721e+02 8.732076392846214219e+01 7.532380146833564538e+01 6.611127044556883448e+01 8.677882897390409767e+01 9.781365516941740168e+01 1.062611784124022591e+02 1.167261394864278259e+02 1.138072375761572061e+02 9.671522069001879629e+01
5.324848811966070627e+01 3.958973354043684623e+01 5.173842497416971753e+01 5.359430911722868984e+01 3.690585479217109821e+01 4.430223833233059594e+01 6.362827917919276643e+01 7.840067504832607881e+01 8.661999258882336505e+01 8.471133502909178503e+01 6.438758200551463062e+01 7.070788163663402770e+01 7.200443954339978347e+01 6.375922406091971339e+01 4.800194261562953102e+01 5.498738341433297450e+01 6.480976894667441002e+01 8.463792819323751360e+01 9.898243243418201587e+01 8.294774513484169631e+01 6.268970229242734860e+01 6.464363288976748834e+01 8.492879633839403652e+01 9.572898711433528263e+01 1.041365614950070437e+02 1.158971128132924377e+02 1.127753246397233795e+02 9.222402173566240435e+01 9.599525608494745654e+01 8.355109860948806499e+01 6.296507353072405522e+01 8.355109860948662970e+01 7.714450402056397138e+01 9.437434587569181588e+01 9.621869968606129930e+01 1.053958718164494286e+02 8.471326769097784393e+01
5.738190958972097633e+01 4.928493544643740165e+01 3.220511371849897841e+01 3.410666928988510449e+01 5.359413342533663638e+01 6.362812047768221646e+01 5.792383220878448924e+01 7.740003242099051306e+01 8.617597467020780755e+01 7.788874134106136182e+01 7.070788163663402770e+01 5.069887673267443517e+01 6.017532120513901361e+01 4.397417993995158270e+01 5.059672002559744186e+01 7.021635192617017651e+01 8.300444601309216353e+01 9.295544532838806617e+01 9.056144380238407621e+01 7.021183114296277950e+01 5.860388506505569239e+01 7.881258945556260187e+01 8.395252593680710618e+01 7.533155802149406099e+01 8.708976298967697005e+01 1.075303867376058520e+02 1.105480419379627932e+02 8.996729481431718511e+01 7.532973630059389336e+01 8.044763855899078919e+01 5.995671932899973200e+01 7.617498654225320820e+01 6.529220408897352002e+01 7.554193069338488442e+01 9.621869968605660972e+01 9.046994243792393320e+01 7.685351386339306146e+01
4.687297715183235880e+01 2.970717005149466416e+01 4.928493572962386082e+01 4.791263460340208269e+01 4.791263465553008416e+01 6.731109212746795833e+01 7.740003242099051306e+01 8.562663085264402696e+01 7.788874134106136182e+01 5.809328254239124334e+01 6.389123818782280750e+01 5.689737940698044838e+01 4.034730250395423923e+01 5.437962524017500243e+01 7.021635192617017651e+01 6.193943515657718279e+01 7.325513092387051017e+01 9.340109509685319722e+01 9.036114971108561633e+01 7.002709937885296654e+01 5.580239448826809223e+01 7.488503846593700075e+01 6.367700756681391994e+01 7.797690739595596199e+01 9.837894526169796450e+01 9.906231279752390151e+01 1.074983143414202118e+02 1.044490977484575467e+02 8.566249619277057548e+01 6.508770198212958746e+01 7.617498654226578481e+01 5.581907419009908722e+01 7.617498654226582744e+01 8.053751180821086564e+01 8.436408229922675162e+01 6.976396329219254255e+01 9.046994243792364898e+01
2.727690126030869777e+01 4.687297869971583708e+01 5.738193963629945671e+01 6.731108433765173515e+01 6.731109891428263836e+01 7.547424476027418905e+01 7.668481102465339916e+01 8.479742396141526228e+01 7.788874132609814183e+01 5.809328254237340872e+01 4.410961463786355807e+01 3.703912487372427620e+01 5.689737940698044838e+01 6.841208793915987485e+01 8.244455063767401271e+01 8.164937200934254236e+01 9.001989134442098361e+01 1.019895490212207676e+02 8.759403596406399117e+01 6.728955364628585301e+01 5.307854532304151718e+01 5.471115857307736974e+01 6.893285664148757519e+01 8.925487655223311378e+01 9.563164198659228532e+01 7.843102212730073575e+01 9.563164198659228532e+01 9.083624860130653644e+01 8.235258331589191982e+01 7.646116849715822639e+01 5.609391546658624605e+01 5.324150769728103683e+01 5.658861383281732316e+01 6.004282038645363428e+01 6.375736955898587155e+01 8.436408229922675162e+01 8.668420068039922910e+01
2.565243473526598805e+01 3.549296528353971780e+01 4.928757176822063713e+01 6.874161871131212820e+01 7.000476457160718269e+01 7.343752322637300267e+01 5.697146362551087861e+01 7.343752322637300267e+01 7.199333679546447229e+01 6.374657618804322112e+01 5.473295678513583340e+01 3.484227698665846873e+01 5.472474242828923963e+01 6.785716057826309111e+01 7.777945822872882786e+01 9.406456806427918593e+01 1.025712063681682054e+02 9.220092913362309162e+01 8.371135804855971685e+01 8.164981662761684333e+01 6.949334227157729060e+01 4.935807040865347517e+01 6.618312397209076892e+01 7.458050019083150062e+01 8.715083157534117220e+01 6.658424872709329634e+01 8.715083157534117220e+01 8.235258331589191982e+01 6.190180762933356107e+01 6.789170114740157658e+01 5.036225742795114257e+01 7.053364366511264905e+01 7.696582425063058963e+01 7.448655076319467128e+01 7.830763861768988932e+01 9.286811712185426870e+01 1.073145615568556792e+02
2.407248596410534347e+01 4.363820452628120705e+01 6.308888987024708683e+01 6.434186052794255772e+01 5.025783137224118491e+01 6.242190642870559003e+01 4.557894111294083217e+01 6.530330290211310285e+01 6.374657852141295677e+01 4.392626612804482278e+01 4.973149919939588415e+01 3.269165048491059622e+01 3.979009030248885637e+01 4.972542401680266977e+01 6.949948611530476228e+01 7.407478473419121201e+01 9.093759095175963125e+01 8.397490425539912451e+01 6.396815379158997672e+01 6.989591066728389990e+01 7.137150318446641961e+01 6.298102991491887082e+01 4.605827811425415064e+01 6.618312397209076892e+01 7.987944647642562757e+01 5.944387784237981265e+01 7.074038235150781873e+01 7.376220527722291820e+01 6.529747445968543218e+01 4.771335303637463454e+01 6.789170114740157658e+01 6.457622227149194316e+01 8.508168593816510850e+01 9.514582402848088805e+01 9.898563077493749063e+01 1.049334617203654574e+02 9.664212744303725344e+01
4.139956466246318456e+01 5.167332368054387359e+01 5.391225468553314926e+01 5.444763853679675947e+01 3.655508176636345752e+01 4.264593285898376962e+01 3.811161534209454516e+01 5.784819372786508751e+01 5.522000138182382045e+01 4.699398958049736308e+01 2.987935617204131589e+01 4.392622737587820581e+01 5.961121919007280923e+01 6.785896545412468583e+01 7.777911845789604683e+01 6.278668248795703732e+01 8.203549205690679003e+01 8.416105323013904638e+01 6.398709514124755060e+01 4.979248260124664682e+01 5.987095087592972931e+01 4.286176611893203159e+01 6.297751869400805447e+01 7.456984322370431073e+01 7.155037027655833981e+01 7.074038235150781873e+01 5.049093405097377740e+01 6.279755352461673823e+01 4.514524830335503225e+01 6.529747445968543218e+01 7.636902811532009139e+01 8.508428335435080214e+01 9.357193354435231925e+01 1.018495699631711204e+02 9.356315615955850262e+01 8.852376367755509534e+01 7.675497101774809039e+01
3.916245049619047336e+01 3.949229802460107663e+01 3.416091712464683638e+01 4.044390580024823834e+01 2.169532332121578477e+01 2.858620326192936645e+01 4.854428051067902317e+01 5.254307045049647940e+01 4.435139434019924209e+01 2.738204807946226538e+01 4.699398958049736308e+01 5.795648916209182744e+01 7.196737965719934493e+01 7.273485881722058366e+01 6.447387804155729896e+01 5.413183288945615601e+01 6.788134069548472382e+01 8.773692082662340397e+01 7.414727175843071905e+01 5.395750475867556162e+01 3.978139229251898001e+01 5.987095087592972931e+01 7.058477787551481697e+01 6.362188838481487352e+01 5.127199118433394176e+01 5.882187661326530304e+01 6.044904952384428753e+01 4.266071297186939404e+01 6.279789854853551390e+01 5.780590149366338437e+01 7.216743201585828160e+01 9.272521659764399260e+01 9.633058192091108651e+01 8.806222499697454964e+01 7.373337606144642109e+01 6.876886216433820209e+01 8.010201300855068496e+01
1.930476355590785431e+01 1.980201082564838444e+01 2.029420930661462563e+01 2.078299634446073085e+01 2.127051657069189616e+01 4.090786906470289352e+01 4.214055732561580925e+01 4.262608816499739106e+01 2.506080402340126057e+01 4.435125608216394966e+01 5.521369530598528996e+01 6.827776314627693921e+01 6.511701666425871338e+01 5.694037705202647004e+01 4.526708905646612635e+01 6.447387804155721369e+01 7.415442513945973246e+01 7.027939489347596691e+01 7.209509932460690607e+01 5.191905260172489278e+01 3.776613229944128136e+01 5.782847975532133233e+01 6.231130268466997535e+01 4.784787912004345856e+01 3.711358275479035029e+01 3.870633780334971874e+01 4.032198390254695397e+01 5.449710480743621588e+01 7.125394168244451976e+01 7.818866771369104640e+01 8.667431273241032841e+01 9.127012234961503623e+01 8.303277918482933728e+01 6.828949882585767739e+01 6.240105309870656924e+01 8.211442728201443231e+01 8.851804142840133238e+01
