MOVIE_S2_data/elevation_000528.asc
nrows	100
cellsize	150.0
xllcorner	0
ncols	100
yllcorner	0
NODATA_value	-9999
[rows 51 to 67 of 100, columns 0 to 36 of 100]
8.392818110607037224e-03 2.000839281811025216e+01 3.723829327658510380e+01 4.878529893936691053e+01 4.501051234618022079e+01 4.606206551840941898e+01 4.947488447550763624e+01 3.303729202178529079e+01 1.648236526320388506e+01 2.989223947260146730e+01 2.186392624361793935e+01 2.446940729696231642e+01 2.161784982138245681e+01 6.359722273769007117e+00 2.620547953093636906e+01 2.831680141289977470e+01 1.082660447335254439e+01 2.519919030049883446e+01 4.183211067206654832e+01 5.102716392402814449e+01 5.945710978361952925e+01 6.604564146863442886e+01 5.879497311654831293e+01 5.037910800978656312e+01 7.029234710691061139e+01 8.122029246498284749e+01 9.272952835084994661e+01 9.515958216659467439e+01 8.347017391465692526e+01 7.466712714228992809e+01 6.635146555231760601e+01 5.328658208651835793e+01 4.305618926145562142e+01 2.337679889112609999e+01 4.110159577726852120e+01 4.932861768965367588e+01 6.119861335419041382e+01
9.749586777120887796e-03 8.954021496776356059e+00 2.050102688056907496e+01 4.050102688823824337e+01 5.124348149550582576e+01 5.953853441778349520e+01 5.548015445449465943e+01 3.559887998652725827e+01 2.150179156234202793e+01 4.142190152200365816e+01 4.202763346477863138e+01 3.515528940841965522e+01 1.504636841330824915e+01 9.512455907310497949e+00 2.979211197974196068e+01 3.932429587141159999e+01 3.105716992013216782e+01 1.371052639494960523e+01 3.193420536080243721e+01 3.106515808696252279e+01 5.122589953130174933e+01 6.431321332126206869e+01 7.854167876472440923e+01 7.029234710691061139e+01 7.029234710691061139e+01 9.023084711552576209e+01 8.663734759195472179e+01 7.667872580896299439e+01 6.841674257644706358e+01 6.178865542684604151e+01 5.605064646167404874e+01 4.505615375743943218e+01 2.539784415799055495e+01 4.306016337294477836e+01 3.725851304993251034e+01 5.707675285600549131e+01 6.348741792921217808e+01
8.728394755072454644e-03 2.000872839475471565e+01 2.956715348379683306e+01 3.491217019256557563e+01 3.124232666906887346e+01 5.026739473539330305e+01 6.026722195549584882e+01 4.716311442896486028e+01 2.727498337465983269e+01 4.716311442896486028e+01 4.513717908481123686e+01 2.517342662866991532e+01 3.347598952308475617e+01 1.328235064182556968e+01 3.347853902034044893e+01 5.071299582104599324e+01 3.034172716186003882e+01 3.311247279349849038e+01 1.667427877711844175e+01 3.677188912230106865e+01 3.615560754930616127e+01 5.606555188649523558e+01 7.047251996809541197e+01 6.789743800386312955e+01 6.789747319389614688e+01 8.779837141307797310e+01 7.836337353704116993e+01 5.847011161585281513e+01 4.853248112764403999e+01 4.191160930291892583e+01 3.621671396815548860e+01 4.602755597428241430e+01 2.681486152862544969e+01 4.646612781899980149e+01 5.707315971616645811e+01 6.535947704935763625e+01 7.177021705671576512e+01
2.389047986999138715e-03 4.716434255897335781e+00 9.567146756624037351e+00 1.491237159487257102e+01 2.198343940673786179e+01 3.198343940338253688e+01 5.198338799327004267e+01 5.378821018351769823e+01 3.391292612223914205e+01 5.378821018351769823e+01 5.336286101811002425e+01 3.412918974448218279e+01 3.734840364817316782e+01 1.723999439977405856e+01 3.150682877503228951e+01 5.145121772842441743e+01 5.060109231400365815e+01 3.667116631000361338e+01 3.677188912230106865e+01 1.977698945454173085e+01 3.980915040871906285e+01 5.131126103787172354e+01 5.058910841610015297e+01 4.800894899271016669e+01 6.206974322958693335e+01 8.196685791157935341e+01 8.663734759195472179e+01 7.667872580896299439e+01 6.841674257644706358e+01 6.178865542684604151e+01 4.856333913183893003e+01 2.885383306534756187e+01 4.647929089606296316e+01 3.656462804895899410e+01 5.056123798526905944e+01 7.047526768740506498e+01 7.635441749775077369e+01
9.035844539165390626e-03 2.000903584453881123e+01 2.956715348379683306e+01 3.491238505243702406e+01 4.198341369832629510e+01 5.026739473539330305e+01 6.026722195549584882e+01 6.202940825852882512e+01 4.385157628592443047e+01 6.202940825852882512e+01 6.225790856283010299e+01 4.562921490292221449e+01 4.152314154528879442e+01 2.150180559665004409e+01 3.569099139484281835e+01 5.560319753629186579e+01 6.448367276207619625e+01 5.130760531088549925e+01 3.139159894638518722e+01 3.980915040871906285e+01 2.310338822211547694e+01 4.306883778130063689e+01 3.652781974296519252e+01 5.641506260508359816e+01 6.849143233497416361e+01 7.998214257748132638e+01 8.829985729019105634e+01 7.677619390597149618e+01 6.850110673100796532e+01 6.220336233146096561e+01 5.011055814859466295e+01 3.035698806400763416e+01 5.011055814859466295e+01 5.639410639996761176e+01 5.056124797919993341e+01 7.047587230678711023e+01 6.811244786529522344e+01
9.762552285145669959e-03 1.415189817601597078e+01 3.415189817601525846e+01 4.408470625927412812e+01 5.236897597769297619e+01 6.131324717847539318e+01 7.286025101500807466e+01 7.197114752908035484e+01 6.372484835086548571e+01 7.197135173012424048e+01 7.373001020597720867e+01 6.553602350192744552e+01 4.650810968403339274e+01 2.656737497790919278e+01 3.786895775561362854e+01 5.778189510362256698e+01 6.537407436614330436e+01 4.548108305349628466e+01 4.812603088841562027e+01 2.821926574176379532e+01 4.306843114961124996e+01 2.761221225519445710e+01 3.146100545779572499e+01 4.035532583104231463e+01 5.183576569832820979e+01 7.172720700182276232e+01 8.001443970271684236e+01 6.007276203125914549e+01 4.858589030686999166e+01 4.229403751440109716e+01 5.167565328837805794e+01 3.187525081525624771e+01 4.584350204624069391e+01 6.571475716140663792e+01 7.047587230678711023e+01 7.875231059556833202e+01 7.635441749775077369e+01
8.769847284209264732e-04 2.000087698472806608e+01 3.408470626151532912e+01 2.408470626375616774e+01 3.302897817375500722e+01 4.457598355754711150e+01 6.457598353836331739e+01 6.484316414369688175e+01 6.702729429771017067e+01 7.529862911116006785e+01 7.317104178919672108e+01 5.325711885058186823e+01 3.919642111406858476e+01 3.324583614319800517e+01 5.313924608560304108e+01 6.605869038635577795e+01 7.362255016155022247e+01 6.537407436614330436e+01 5.181894688191525944e+01 3.193121329953307708e+01 5.181852166947154359e+01 4.169599619788991873e+01 5.134889431099767165e+01 3.775078528836439062e+01 5.763768380043519812e+01 7.583459132941769099e+01 8.479634382703741835e+01 6.483883576556551986e+01 6.850110673100796532e+01 5.407542226432918397e+01 3.421638667761683195e+01 5.167596512268593045e+01 3.841583249241983111e+01 5.830566905910351494e+01 7.261881375913620218e+01 8.089649833000952128e+01 9.087903750443794593e+01
6.221065917130529088e-03 2.000622106178337845e+01 1.408470626375634360e+01 3.408470625797870213e+01 5.130076864046904461e+01 4.700785270953983286e+01 5.528114586131013652e+01 4.486874174037129848e+01 4.705394024502796668e+01 6.206991409919914560e+01 7.034073589897381851e+01 6.736466542302804328e+01 5.908976932634611501e+01 4.473249694446857205e+01 4.731143566932485811e+01 6.720882503152105869e+01 8.281405641626136571e+01 7.286296800069348478e+01 5.571883924285614853e+01 3.583321199350717734e+01 5.571883924285614853e+01 6.158541423418797223e+01 6.392720206194656640e+01 4.403799897034812005e+01 4.769295896046335059e+01 5.917351200310294956e+01 7.906917506476263213e+01 8.479634382703741835e+01 6.995763937750088246e+01 5.003318989555809537e+01 3.597800692436447889e+01 5.586892603741035401e+01 5.830566905910351494e+01 4.566472483588447062e+01 5.269979203946737556e+01 6.264415292964361726e+01 8.259347458862863789e+01
9.675647279733478462e-03 5.556677609532000517e+00 2.555667760334424798e+01 2.303151956060298033e+01 3.208801880264028483e+01 2.701970270364622451e+01 3.918031823293835458e+01 3.073332830228645207e+01 4.943580999057027725e+01 4.209363999161559633e+01 5.622201817922977796e+01 7.618798964114488115e+01 7.290617650579017095e+01 6.462307897563570691e+01 6.720882503152105869e+01 7.549720430828310214e+01 7.455898727985297114e+01 5.466812802092145773e+01 4.472436264929283567e+01 4.134567290363781211e+01 6.123520212335976964e+01 7.886337390242898948e+01 7.095867363479293033e+01 5.107066871127262431e+01 6.175391220750944399e+01 7.583459132980340200e+01 8.732903577803334372e+01 8.947025435889420919e+01 6.950222038945980785e+01 5.769415352517975037e+01 3.778327227268651001e+01 5.769415352517975037e+01 7.384732175737383386e+01 5.973567695374208597e+01 6.191592725946950537e+01 8.089649833000952128e+01 9.087903750443801698e+01
8.858006633845233110e-03 2.926157836591628314e+00 5.874996959686069609e+00 8.890110405400731608e+00 1.209267348046854984e+01 1.547329048659440254e+01 1.918719709561521114e+01 2.390123875047503077e+01 2.944819514879366906e+01 3.839132731845045754e+01 4.993121646948365111e+01 6.989992124196247403e+01 7.836817009581135096e+01 7.008686066890395239e+01 7.118917103369498989e+01 7.947016300895033680e+01 8.281405641626136571e+01 7.286296800069348478e+01 5.620595387772333851e+01 5.540863538345332984e+01 5.072204254487937192e+01 7.061089894261679945e+01 7.921260467789034010e+01 6.101148046141514669e+01 7.921260467789034010e+01 8.991527045643462657e+01 9.458244381290759861e+01 8.629183062256667824e+01 6.950222038945965153e+01 4.958520337515240328e+01 3.962335868942746231e+01 5.954371188230611978e+01 7.142178531388793772e+01 7.967707116821215152e+01 8.186350563093847654e+01 9.014590974408537249e+01 9.351884837879626389e+01
1.018086960643932535e-03 2.000101808696028982e+01 2.587321213855706503e+01 2.303151956060391115e+01 2.622148424125487054e+01 2.961387175279868345e+01 3.073332830232069668e+01 4.389224311112639043e+01 4.022610902956330392e+01 5.770827226146939637e+01 6.664188951509896697e+01 7.817054856826963771e+01 6.682049436212126636e+01 5.008225683315139776e+01 5.118464402179290573e+01 6.533043459267068442e+01 8.533341200798531645e+01 8.435460787320954523e+01 7.609855798879988242e+01 7.530177856891378951e+01 6.478182106060130252e+01 6.478182106060130252e+01 8.468353782150774123e+01 7.507113318297737692e+01 8.916713005663712011e+01 9.458244381196568895e+01 8.306101241441722038e+01 6.636081579003828779e+01 7.081179078277781969e+01 6.214978211360227789e+01 4.219660696879829231e+01 4.352525373540225928e+01 6.307778008878116793e+01 7.557170418180180604e+01 8.462518794126080479e+01 9.631185530374467874e+01 1.018858130624608975e+02
2.494342646960768899e-03 2.000249434264660664e+01 3.829045864865766191e+01 4.302376222792787530e+01 4.591834808747460528e+01 4.960005372707043847e+01 5.071912107085211829e+01 5.899163516706647670e+01 6.020466895531925644e+01 6.847623428618744867e+01 6.143965389306718805e+01 6.972367891020417119e+01 5.853719725930038464e+01 3.852421584747643379e+01 5.853719725930038464e+01 7.364021076781629915e+01 8.191397571629521224e+01 8.184009716072603169e+01 8.184009716072603169e+01 9.010225030732414098e+01 8.468353782150774123e+01 8.468353782150774123e+01 9.294492674425666223e+01 9.499215985894652192e+01 1.001030617045772146e+02 8.629183062256655035e+01 6.636081579003828779e+01 5.492033853876355209e+01 5.092606551375050117e+01 4.713376292423154723e+01 4.620356095073028513e+01 6.307778008878116793e+01 4.742558501641244106e+01 5.599555850202653318e+01 6.768548347202134607e+01 8.798942576708114416e+01 9.444458297815185688e+01
6.187401196855389120e-03 1.000618740119676886e+01 2.414832302492746763e+01 4.414832302492675353e+01 4.922509775682578237e+01 5.561621068027152859e+01 4.733464184956140031e+01 4.993159551334233726e+01 5.821491702986027406e+01 5.817549703116007009e+01 4.143652584969120056e+01 5.346895042656196750e+01 4.517390150409016059e+01 3.268864706942068210e+01 5.275994715659862777e+01 5.365715900824147155e+01 7.364021076781629915e+01 6.215895170042458773e+01 6.215895170042458773e+01 8.184009716072603169e+01 8.869395630650848261e+01 8.869395630650848261e+01 9.697613889187209679e+01 1.059753183359916022e+02 8.593964409601318266e+01 7.183048759869768674e+01 6.192245787195331985e+01 7.478465384378399960e+01 7.081179078277985184e+01 5.710707172202034343e+01 5.029250037281116903e+01 7.017739589901319164e+01 6.720130216193913952e+01 5.166663230578318888e+01 7.182623137751728848e+01 8.166244855411954973e+01 7.423425390895862108e+01
2.476637442850607596e-03 2.000247663744249493e+01 3.683968643964195877e+01 4.273229089965170147e+01 2.879961320051503293e+01 4.252570692718838075e+01 2.733268541660853401e+01 2.992809945841993979e+01 4.993159551334233726e+01 4.989081570832381374e+01 2.988892651360161423e+01 3.834279676943156545e+01 2.478140711620822501e+01 3.192347210724648576e+01 3.966586209326706580e+01 5.951005935981914519e+01 5.882442625605889930e+01 4.862153302393609522e+01 6.215895170042458773e+01 8.184009716072603169e+01 6.863479304685546367e+01 6.863479304685546367e+01 8.869395630650848261e+01 1.054021500314449895e+02 8.536698193506333610e+01 7.126095482237710144e+01 8.181922240697790016e+01 9.010719726864404322e+01 7.333634476741868014e+01 7.441452535595193751e+01 5.454062633998202614e+01 7.441452535595193751e+01 7.828255462976817114e+01 5.786586784234539493e+01 5.706932158901798857e+01 6.122108864705318609e+01 8.166244855411954973e+01
6.350445426094172667e-03 2.000635044542573837e+01 1.695607826208600244e+01 2.425397272643990831e+01 1.464060997702093125e+01 2.706254786857742189e+01 1.578552583718459523e+01 3.030622207284938696e+01 3.192848937515271857e+01 3.356701601166383142e+01 3.552649215999996102e+01 1.834180102555984959e+01 2.441937443876449976e+01 4.115898552984968717e+01 4.660135860097314975e+01 5.051925115788407794e+01 3.934706417177282844e+01 5.742056044921253033e+01 6.107400778816928266e+01 6.516716270641201447e+01 5.469086494754583327e+01 6.863479304685546367e+01 8.869395630650848261e+01 1.006657034383274834e+02 9.953031849177749280e+01 8.121939566819378342e+01 9.953031849177749280e+01 1.015936905697559922e+02 9.330364250459372499e+01 7.897814807376200008e+01 5.908577755994740954e+01 7.897814807376200008e+01 8.547964196922690405e+01 6.512320491913452258e+01 7.748987343571138808e+01 7.574667686636711039e+01 6.905284591788522164e+01
3.512071127920179947e-03 1.410707160588505316e+00 2.821398392305704661e+00 4.253628140384575929e+00 5.697003813358645807e+00 7.171423374907623050e+00 8.714456874528554664e+00 1.030557144288002824e+01 1.192778565418766767e+01 1.356624949522576173e+01 1.552741084660761928e+01 3.552826235392257814e+01 2.162557479761185775e+01 2.394210124267724993e+01 2.639765002307327535e+01 2.978292223374284120e+01 3.416616965479932588e+01 3.830337786427386249e+01 4.211558564407766170e+01 4.590310713308710433e+01 5.201470125317875670e+01 6.067290982873346650e+01 7.223411611900145601e+01 9.238487958257366017e+01 1.095448947227691150e+02 1.012508979483684328e+02 1.095448947227691150e+02 1.031282481491994361e+02 8.309538304229535299e+01 6.899342276201180368e+01 6.608182646321307629e+01 8.603138023436324033e+01 9.380299479330005852e+01 7.538704326629132879e+01 9.380299479330005852e+01 9.594438479459442704e+01 8.081872431435822079e+01
8.642982713123801772e-03 2.000864298271276809e+01 1.436841585713605696e+01 2.425397272643990831e+01 1.983926016350058674e+01 1.251664824765303763e+01 2.871502785808300828e+01 2.030559411099213207e+01 3.192848655097220245e+01 3.356701601166368931e+01 1.793057449446212814e+01 3.783636376927702116e+01 4.927806476061076069e+01 3.814951634550720883e+01 4.660135860097328475e+01 3.235540997656362805e+01 5.153814554334633868e+01 5.742056044921253033e+01 5.526332090758386073e+01 5.670522328261610312e+01 7.161504924038061404e+01 7.177171161235510510e+01 8.905855652003856449e+01 9.785451741140576587e+01 1.060771346513762836e+02 1.026836325300537993e+02 1.109136259893686116e+02 1.031282481491994361e+02 8.309538304229535299e+01 8.896287338551225332e+01 7.496817483631672019e+01 9.432608930320135698e+01 1.038750131295874439e+02 9.557224067216284880e+01 1.038750131295874439e+02 1.092387516838676760e+02 1.009432770512751603e+02
