MOVIE_S2_data/elevation_000285.asc
nrows	100
cellsize	150.0
xllcorner	0
ncols	100
yllcorner	0
NODATA_value	-9999
[rows 51 to 67 of 100, columns 0 to 36 of 100]
8.392818110607037224e-03 2.000839281811025216e+01 3.288773941194185113e+01 3.921229473227849383e+01 4.628336254414384854e+01 5.456763379160746297e+01 5.856042245327191864e+01 4.440962019327132992e+01 4.095017001590879602e+01 6.101791125718578712e+01 5.018406237736181907e+01 3.024269057996706067e+01 5.018405875908258196e+01 4.193716626516373225e+01 2.262771380678622890e+01 3.657889636777538556e+01 4.486882072044515724e+01 3.504936644974157645e+01 1.569262012958902552e+01 2.921860639881406030e+01 4.912229243247870158e+01 5.821325153001247088e+01 4.323188457825572328e+01 2.320815556906189769e+01 4.323177348784526686e+01 5.637310939663446874e+01 6.286060425847125543e+01 6.349702657911948478e+01 4.767217464686922312e+01 3.643187148786275742e+01 1.652043419128030521e+01 3.335911418452813848e+01 1.408749843689255421e+01 1.871289144345715982e+01 3.536438000842611018e+01 3.575104983120635893e+01 3.292872419706723264e+01
9.749586777120887796e-03 2.000974958677676696e+01 1.288773941194255990e+01 1.921229473227920792e+01 2.628336254414455908e+01 3.783036792793748049e+01 5.783036792793818393e+01 6.449076851995479842e+01 5.094317325173965827e+01 6.926085593841320076e+01 5.809418690364418580e+01 3.959502986490925736e+01 5.806141414225578501e+01 4.606326352133361013e+01 2.625790488967972180e+01 4.606774403064516576e+01 5.156613927442597145e+01 3.154130480666382397e+01 1.809692596568709888e+01 3.741019491411893227e+01 4.101414307711716134e+01 6.149944559167548874e+01 5.172161202738065811e+01 3.214485484333530252e+01 5.172161202738065811e+01 6.810618245523295400e+01 5.980281366570248025e+01 5.079224686980398218e+01 3.388370098356868709e+01 1.956728904425564508e+01 3.643187150838339505e+01 4.014961656236081211e+01 1.993560902784173194e+01 1.464408738900816154e+01 1.504500212632846790e+01 1.653749256094077325e+01 2.680618448556472089e+01
8.728394755072454644e-03 4.722773602665370163e+00 1.472277360266528312e+01 2.886490922639598367e+01 4.628336254414526252e+01 5.456763379160746297e+01 6.611463917540137913e+01 7.927912926129255311e+01 7.109264926263195150e+01 7.927912926129255311e+01 6.668411430638488469e+01 5.079421007438040192e+01 6.247021279847500352e+01 4.191224935647447580e+01 3.035276865721553463e+01 5.060358334440462613e+01 5.158551516968078232e+01 3.154176528097061905e+01 3.740051637362146408e+01 2.161129338788298426e+01 4.101754623441905778e+01 6.056945937926938939e+01 6.074323946703639621e+01 4.620372026422414535e+01 6.074323946703639621e+01 5.980281366570248025e+01 3.987791561332106482e+01 4.252272872045805485e+01 2.270680646936265035e+01 3.942800199987888021e+01 4.769073817665554316e+01 5.047080579963830615e+01 3.528541520124946373e+01 1.675981968763659680e+01 3.182152505987545510e+01 1.559721325005288861e+01 1.597898489841478309e+01
2.389047986999138715e-03 2.000238904798664308e+01 3.300704485012626321e+01 4.300704485012617795e+01 5.714918047385688027e+01 6.844706946892061694e+01 6.258975920238856361e+01 6.258975920238856361e+01 7.088285867036513821e+01 7.510080861741508329e+01 7.770206329618969221e+01 6.966733659091367770e+01 7.077038186333628289e+01 5.590677546560664268e+01 3.536760069797625761e+01 5.590677546560664268e+01 6.025344268064838360e+01 5.158381669243173917e+01 4.366721288404561818e+01 2.413849006446681500e+01 3.177250299412668255e+01 4.308568169221810251e+01 6.389130690102442856e+01 6.658714206140076897e+01 6.640378688265106177e+01 5.747806582556584942e+01 4.571378313837403340e+01 2.591380844553948393e+01 4.252272872045805485e+01 5.079224686980407455e+01 6.368043985111280136e+01 4.411372072095262808e+01 3.033914355125508422e+01 1.891170053776675530e+01 3.824519217132451843e+01 3.529142113470864928e+01 3.811027964765371934e+01
9.035844539165390626e-03 2.000903584453881123e+01 3.877345009914436247e+01 4.705370956960768325e+01 5.859470401395218886e+01 4.844828000542708679e+01 4.259101293557387891e+01 4.259101293557387891e+01 6.258975920238856361e+01 5.518209474801074066e+01 6.927120305107609965e+01 8.077899450842441809e+01 7.263002125362615402e+01 5.214831174172827843e+01 4.214166861912016770e+01 6.278932888846032512e+01 7.230854247444766258e+01 5.131093464939731064e+01 4.657861296092967507e+01 2.685790558713199516e+01 4.657861296092967507e+01 6.056945937926914070e+01 7.263148244942992449e+01 6.965782373495538593e+01 4.963665125304241599e+01 3.817818847787529535e+01 2.937290018292350169e+01 3.576849361148075701e+01 4.571378313838632579e+01 6.567091288929383097e+01 6.336005987024469732e+01 5.205140203137193566e+01 4.073379892704696914e+01 2.112222553115175216e+01 4.073386332059987325e+01 5.198100099995946266e+01 5.564324693685377099e+01
9.762552285145669959e-03 2.000976255228479062e+01 1.877416434188991801e+01 3.861660580035093915e+01 3.861545967998333140e+01 3.950434406207099158e+01 2.844924485756888544e+01 4.844851010189471907e+01 5.034942421890733755e+01 4.104590531775941287e+01 5.259077737156674459e+01 7.255071786883242169e+01 8.083925194832252714e+01 7.057220073637743951e+01 4.998196293844945615e+01 7.057220073637743951e+01 7.044725205862376072e+01 5.131097673653650304e+01 3.123337900426240310e+01 4.657861296092967507e+01 3.790799576811009786e+01 4.951749771879154594e+01 7.058789702119138099e+01 7.797140850269296664e+01 6.592855702706008003e+01 4.594140219519761104e+01 3.195195033200751311e+01 5.179550430887354651e+01 5.198628763157520183e+01 7.200059120021478520e+01 5.515194035127704097e+01 3.566706407013321467e+01 2.436684927515240418e+01 4.073386332057237524e+01 3.438928255550992219e+01 5.570171655929431864e+01 6.520693807393924146e+01
8.769847284209264732e-04 2.444265871854520711e+00 2.244342447259901618e+01 1.861835844236019710e+01 3.133947411002417738e+01 1.950498148524006226e+01 3.787467745953399856e+01 4.140967638449846788e+01 3.035571005454346505e+01 5.034942421890733755e+01 5.808808024126534519e+01 6.636368393252584497e+01 7.530181735688628919e+01 7.881052262234302930e+01 6.464333565288978889e+01 7.881052262234302930e+01 6.168790337290663217e+01 4.093405010354030793e+01 3.507356764614202405e+01 5.547550470074925499e+01 5.842289631236382519e+01 6.715650408974312313e+01 7.932561800146983444e+01 7.607893708404385791e+01 5.601790594011358593e+01 4.450465407953110741e+01 3.462181309198888357e+01 5.450067473616424252e+01 7.200059120021471415e+01 7.037681845591663432e+01 5.904635453518494614e+01 4.621568209287716655e+01 2.671807016156008885e+01 4.196228049133355142e+01 4.619844880645322149e+01 6.039502598754494045e+01 7.654334263721359832e+01
6.221065917130529088e-03 2.000622106591677607e+01 6.036371912390004368e+00 8.618360809861593808e+00 1.134001607962065705e+01 1.454257915572205562e+01 1.787591248905178887e+01 2.141144639494186563e+01 2.626215888980861735e+01 3.142613657786957759e+01 3.809279937551285400e+01 4.703695770542699250e+01 6.117625799780967810e+01 8.115749281634694512e+01 8.488627112308429901e+01 7.671351686796863589e+01 5.546409048232551697e+01 6.168790337088886133e+01 4.156971916327252359e+01 4.276493591254571669e+01 5.742990783852042114e+01 7.876382034433463275e+01 9.312406803391061771e+01 8.439431196367581833e+01 6.738658648011849550e+01 4.736483371379640062e+01 3.745688082315384548e+01 4.891055619052299619e+01 6.893932538016210287e+01 6.212281503962801565e+01 4.262590173785518033e+01 3.141166204861570321e+01 4.621568209288621887e+01 3.162627095976552027e+01 3.519997402405103770e+01 5.461631048151101453e+01 6.823512107601818855e+01
9.675647279733478462e-03 2.000948934244162203e+01 2.603638237830866942e+01 2.861798420607618709e+01 3.133947411002417738e+01 2.868460405613008746e+01 3.201787837063351105e+01 3.295839194833529007e+01 4.625982214019767724e+01 4.556765743983677197e+01 4.775478154150985688e+01 6.636368393252584497e+01 7.530181735688628919e+01 8.811420297135337876e+01 9.030194190604920834e+01 8.543041734995033210e+01 7.671351685328444603e+01 5.851642995379214085e+01 5.068106284670229655e+01 6.367846614223295632e+01 5.242496405317175601e+01 6.298501896128797028e+01 8.444379046996520799e+01 8.746010785184192571e+01 6.738658648011849550e+01 6.053185769744361977e+01 4.057062759901761950e+01 6.053185769744359845e+01 7.725459720095548732e+01 6.851172763290024648e+01 5.441328072204753852e+01 3.498517502535305823e+01 5.441328072204753852e+01 5.107415777574797744e+01 5.461636639514906477e+01 4.049669981087021142e+01 5.997273773000967623e+01
8.858006633845233110e-03 2.000885800663348846e+01 3.132152274111204804e+01 3.798818940778229347e+01 4.627246066651049006e+01 4.868210522502727144e+01 5.201424125205186755e+01 5.295434561890537850e+01 6.123105022831757083e+01 6.555900173668223374e+01 6.774462748761315822e+01 7.601788009984488781e+01 8.225614860893492164e+01 6.811484262059580885e+01 7.030256574264149094e+01 9.030194190604920834e+01 8.853708553607938825e+01 7.983465678516783726e+01 6.286607717340586277e+01 8.069630679061828005e+01 6.464821860872076797e+01 8.246830504502781878e+01 9.312406803391061771e+01 9.008242895472422163e+01 7.848400468040226485e+01 6.382015778708818488e+01 4.381820921346131570e+01 5.793996677139192997e+01 7.801619468604842211e+01 6.027031283548601692e+01 4.084473493014830581e+01 5.441328072204753852e+01 4.867782520554364822e+01 6.825989521637875157e+01 6.401524611165477552e+01 4.444457111823871998e+01 6.401524611160321854e+01
1.018086960643932535e-03 5.548020049212959215e+00 1.132152274110926804e+01 1.798818940777605135e+01 2.798818940777622899e+01 4.213032503150768093e+01 6.213032503165374720e+01 6.805128105359297308e+01 6.805126356741322979e+01 7.633691527039884761e+01 7.207713160192386681e+01 8.036530466048959909e+01 7.397234429732196759e+01 5.397531247908188590e+01 7.397251964793927925e+01 7.754340381326987597e+01 7.754340381326987597e+01 8.582679934882609984e+01 8.431673236629491441e+01 9.299734562582693798e+01 8.609904525309740109e+01 9.476234612053798401e+01 1.000786473608265652e+02 8.176472640894469635e+01 6.167220766232480855e+01 5.010290561167239787e+01 6.382015778708818488e+01 5.194439303655794760e+01 7.201269711749519331e+01 6.473636050092564176e+01 4.526931005023830323e+01 6.473636050092564176e+01 6.825989521637875157e+01 7.654838473299258794e+01 6.838251945927181907e+01 4.863962820436580614e+01 6.838251945927405018e+01
2.494342646960768899e-03 2.000249434264660664e+01 3.132152274111204804e+01 3.798818940778229347e+01 4.627246066651049006e+01 5.627246069174907461e+01 6.214666140684751383e+01 4.795485226284240809e+01 4.795485223526159047e+01 6.805126356739943105e+01 5.208444625300046482e+01 6.881793237497385007e+01 6.730676093835890583e+01 4.731342929011190535e+01 6.730676093835890583e+01 5.754661402604099152e+01 5.754661402604099862e+01 7.754340381326987597e+01 8.815569762136756538e+01 8.597459844254677819e+01 8.597459844254677819e+01 9.443815894739513794e+01 9.179627661364592939e+01 7.172430926027097087e+01 6.167220002475911400e+01 5.676737258252054374e+01 7.686100653751243783e+01 5.827264923839819488e+01 7.836671466876883585e+01 7.016959541524046529e+01 5.057978834003735358e+01 6.109434970615866689e+01 8.094145017534722797e+01 8.261220934552090966e+01 6.248838892039492521e+01 6.838251945913998497e+01 5.625289283795961381e+01
6.187401196855389120e-03 8.171153210474187745e+00 1.817115321047436538e+01 3.231328883420581377e+01 5.231328883420651721e+01 5.245873596395472305e+01 5.384095997802211997e+01 3.361886728681757575e+01 5.384095997802929645e+01 5.987756812619311830e+01 4.055014924323670300e+01 5.987395274941115275e+01 6.153518839054041933e+01 4.154773080196274293e+01 5.398064535439362288e+01 4.341456396440543131e+01 5.754661402604099152e+01 7.754340381326987597e+01 6.767953641282588251e+01 6.552667333900905078e+01 6.552667333900905078e+01 8.597459844254677819e+01 1.000786473608265652e+02 9.005387498734701524e+01 7.317705266376304962e+01 6.837233085195396143e+01 8.516358410836483017e+01 6.537738224458648517e+01 8.547049378209354131e+01 7.613194495032779230e+01 5.635706867349312432e+01 7.613194495032779230e+01 8.929233897809116627e+01 9.101901221322238200e+01 8.261220934532867943e+01 6.566860029884895766e+01 7.650524177246839486e+01
2.476637442850607596e-03 2.000247663744249493e+01 3.645542445793709163e+01 4.645542445793726927e+01 4.659788031372072226e+01 3.245306505337957503e+01 4.659788027436453461e+01 2.727595681761910384e+01 4.744617317018381186e+01 4.217778248333883795e+01 3.161580418581210949e+01 5.159703247390583414e+01 5.710616798442217856e+01 5.398064535439362288e+01 3.400462359369819154e+01 4.812524731828397506e+01 6.811682670626213110e+01 7.060055127151922250e+01 5.387445413497237467e+01 5.184830202087874795e+01 5.184307012606159049e+01 8.944495463280135539e+01 9.773493904966137791e+01 1.015186892658974500e+02 9.324350018598575218e+01 8.258480660532620732e+01 9.377143263976600451e+01 7.543826889746512165e+01 9.377143263976600451e+01 8.448087122598363408e+01 6.765516200640917077e+01 7.024993029644586784e+01 9.033238450180688517e+01 1.006827392179742873e+02 8.015780865014555445e+01 7.748614585111701558e+01 9.463959229853898592e+01
6.350445426094172667e-03 1.447367947469996707e+01 3.433958693545384477e+01 3.247285187339807067e+01 2.676424629035019009e+01 1.831025442079876697e+01 3.831258475520824902e+01 2.162920908034450918e+01 3.401251424288690117e+01 2.217696638548554233e+01 4.217775527847783934e+01 5.125756120420503237e+01 3.712787858994244061e+01 4.504966788199747896e+01 3.023694417297394921e+01 5.020553358389077658e+01 5.299004708498016214e+01 5.593606770227113145e+01 4.306361609233302090e+01 6.224393783176307693e+01 7.996541092624580926e+01 6.944355153544582038e+01 8.496859607003858628e+01 9.325880092025511203e+01 1.032626078022772163e+02 1.026590325622306636e+02 1.037981728331141653e+02 9.550271866672203203e+01 1.037981728331141653e+02 9.608889349957848935e+01 8.771144579408732511e+01 9.033238450180688517e+01 9.871181215552140031e+01 1.091213794275450653e+02 1.006827392125150027e+02 9.803099691458194798e+01 1.064737180185662595e+02
3.512071127920179947e-03 2.000351206662665859e+01 3.142876895922877267e+01 1.255118205705960932e+01 6.776069205513280735e+00 2.676409050549324675e+01 3.031075119769777970e+01 2.124267063727079119e+01 1.397940652536283501e+01 3.401158323616946433e+01 3.811084368463961880e+01 4.011104774074244972e+01 2.300373184613095034e+01 2.508456981415876186e+01 2.766341383613120541e+01 3.030347099122815280e+01 3.301525301695981085e+01 3.595518373871350803e+01 3.972629788515634175e+01 5.970802541892295068e+01 6.973120532174817754e+01 5.789725769773983899e+01 6.496764473716135058e+01 7.496756906644309026e+01 9.496962307363411071e+01 1.115312933951174443e+02 1.032134491383689294e+02 1.021575179116216532e+02 9.384058819706872612e+01 8.904154195828849083e+01 9.735711821214707129e+01 9.692257655676492334e+01 9.431895448109753488e+01 1.026350194271508940e+02 1.142231258749212373e+02 1.094899876225051685e+02 1.011327754556506875e+02
8.642982713123801772e-03 2.000864298271276809e+01 2.275089617434518630e+01 4.751169716250933206e+00 2.475048156951047318e+01 8.847961052522849812e+00 1.031977766024496823e+01 1.180221346538284699e+01 3.180981280606063422e+01 1.637566418371427801e+01 1.808995589523453518e+01 2.011028616160318450e+01 4.011104759927555818e+01 4.504966786028445824e+01 4.177366688854073828e+01 4.441745908774725393e+01 4.116246427164045230e+01 5.593606770227113145e+01 5.971297981218960871e+01 4.537492895695469031e+01 4.973517265399235043e+01 6.127908881858024870e+01 8.127931529521856646e+01 9.325880092025511203e+01 1.032626078022772163e+02 1.032134491383689294e+02 8.314624521889615494e+01 8.902379316745646065e+01 7.375388959674231160e+01 6.894685228964270607e+01 8.575867526677934904e+01 7.684373366955915685e+01 7.423710035240043226e+01 8.583817799418646644e+01 1.059039106066020963e+02 1.011327754556506875e+02 8.112608819199436994e+01
