MOVIE_S2_data/elevation_000737.asc
nrows	100
cellsize	150.0
xllcorner	0
ncols	100
yllcorner	0
NODATA_value	-9999
[rows 68 to 84 of 100, columns 37 to 73 of 100]
6.464796370822604388e+01 5.659002347163790603e+01 7.709012948433928614e+01 8.418318106210379881e+01 6.724437493933494636e+01 7.584548659987339647e+01 8.908898657431396373e+01 9.735060925937048637e+01 1.073636140289307548e+02 1.182500184049507510e+02 1.100343745669652122e+02 1.128057901478554044e+02 1.069913342246782122e+02 1.091643019291618373e+02 1.173818409374486436e+02 1.242249402998662049e+02 1.172210058434359610e+02 1.054400320378177867e+02 8.696314531470800091e+01 1.045535788153006962e+02 8.533809028865741197e+01 7.384554626364112551e+01 9.342924117554859720e+01 9.086700463683328621e+01 9.846666603280259267e+01 1.078595685588848312e+02 1.270443002887313497e+02 1.302675561965960753e+02 1.219674864137272436e+02 1.193764534965553281e+02 1.276720456908636123e+02 1.120133956926363652e+02 9.194272185933800756e+01 8.562915708273622784e+01 9.591193095780818112e+01 7.613189785043402935e+01 9.591193095780818112e+01
5.011115610773619267e+01 7.060742675683431457e+01 7.717997932262493066e+01 6.880133065917868862e+01 5.530842322824180002e+01 6.185209559707736560e+01 6.877329669542504575e+01 7.904254264468593760e+01 9.913545012409630885e+01 1.067363139499445595e+02 9.004796721493418943e+01 9.282906209424736232e+01 8.696285690380442190e+01 8.915780071839878929e+01 1.043716095489371583e+02 1.043716095489371583e+02 1.214827719291020713e+02 1.158764272126058756e+02 1.012968747959435518e+02 1.114425816216094773e+02 1.008361215590649351e+02 8.123935456260218757e+01 8.072287994391371058e+01 9.192918762214135597e+01 1.114729369291952707e+02 1.254159723236405739e+02 1.350178883787817767e+02 1.327625586961958106e+02 1.244887621227045003e+02 1.218952704496401367e+02 1.301698801075887957e+02 1.204698763783960942e+02 1.056009621279086588e+02 1.056009621279086588e+02 1.016875740600504372e+02 8.181184956535723529e+01 8.597832826325939948e+01
6.481020597082952861e+01 7.128873086574814977e+01 6.288859066553914090e+01 4.831900117181613297e+01 6.015336298324167075e+01 8.061467419561516579e+01 8.908898657431396373e+01 9.735060925937048637e+01 1.073641300290366303e+02 9.849516835263561632e+01 7.831031168676116749e+01 8.684141522134427760e+01 7.252396363701868154e+01 7.787003991625780941e+01 8.433618663344390143e+01 9.336105793070017000e+01 1.074759368720998935e+02 1.272899703855553639e+02 1.228086097511242514e+02 1.147160286252188683e+02 9.508687580778580184e+01 1.008361215590649778e+02 9.042018536085060987e+01 1.082944790884270105e+02 1.195848600985489156e+02 1.191627858465567442e+02 1.273633046150074222e+02 1.244887621227045003e+02 1.044598621107918746e+02 1.018570372271896787e+02 1.163188661724468744e+02 1.245987507635871339e+02 1.257375933171380353e+02 1.180749260021217566e+02 9.800460075538094884e+01 8.926301179717395939e+01 1.058455336523565222e+02
6.575359517000973142e+01 5.747258644986213483e+01 4.262376077361020776e+01 6.288859066553914090e+01 7.717997932262493066e+01 8.892660700602624502e+01 8.967287032405482705e+01 9.794087758930953669e+01 1.110339968932143222e+02 1.010852577771160838e+02 8.094142216532439704e+01 6.636053910195703054e+01 8.684141522134427760e+01 9.803585251916817356e+01 9.437811123174054728e+01 1.125899051348229989e+02 1.214827719291020713e+02 1.191877183165493079e+02 1.207167251620408734e+02 1.228581473485670870e+02 1.147160286252188683e+02 1.180702511417522089e+02 1.099585105532835030e+02 1.180702511417522089e+02 1.158817494492632676e+02 9.923935300531788073e+01 1.158817494492632676e+02 1.160254572712087509e+02 1.103261911045737946e+02 9.023391324531631597e+01 9.625405469051766261e+01 1.104587616292690768e+02 1.304664100375111389e+02 1.264562111812884666e+02 1.111254887211331805e+02 1.001293663821722220e+02 1.178207795604967600e+02
5.747256446143475728e+01 3.761570627442903714e+01 5.747258644986213483e+01 6.361884339140367928e+01 6.911209343817174044e+01 7.531141397726459275e+01 6.936270398299491546e+01 8.967287032405482705e+01 9.100061993879437239e+01 9.100061993879437239e+01 8.332897296716552660e+01 6.275605002388581966e+01 7.740503856750579814e+01 9.763061573743249255e+01 1.143109348593318373e+02 1.225197839157724076e+02 1.133745781435142987e+02 9.936599338621515187e+01 1.009022902840323326e+02 1.149075792193710299e+02 1.283577194416106408e+02 1.202258338040047363e+02 1.202258338040047363e+02 1.221807644105061712e+02 1.076599865324860588e+02 8.760166347919648899e+01 1.076599865324860588e+02 9.594289219779231814e+01 1.036287651514879684e+02 8.347236549519031712e+01 1.036287651514879684e+02 1.118040860682609861e+02 1.200867906411968846e+02 1.300964286540924491e+02 1.296481976007849255e+02 1.217776824346656781e+02 1.302823918832685592e+02
5.005439404263237435e+01 3.450962962096145503e+01 3.852847319160024142e+01 4.316418883348254099e+01 4.855823382328575377e+01 5.475059379394978976e+01 6.670600498090274755e+01 8.706662127625003222e+01 9.100061993879437239e+01 7.062681094068975085e+01 7.923779582932067456e+01 5.935653304777399342e+01 7.404433010136952475e+01 9.434959108356129320e+01 9.779115236559159996e+01 1.060219992565508420e+02 1.034178302211624896e+02 8.521264224567390499e+01 8.676355690110585783e+01 1.067058038944218339e+02 1.202258338040047363e+02 1.003447439935194296e+02 1.003447439935194296e+02 1.108537981890893889e+02 9.385169771396937222e+01 8.038776410846290332e+01 9.804823350874927712e+01 8.160271139171432253e+01 9.333110592679689432e+01 7.850188111409440239e+01 8.496764672707755039e+01 9.172018295204740923e+01 1.017848969895279367e+02 1.218232751469940780e+02 1.391304033540017713e+02 1.281182385289301067e+02 1.193443895349861776e+02
3.029052575209302489e+01 3.305650611405533112e+01 5.480055219556288648e+01 6.361884339140367928e+01 6.911209343817174044e+01 7.531141397726459275e+01 8.365179078615189212e+01 9.534265364987341229e+01 9.927762201844447532e+01 7.923779582932067456e+01 5.861476932882692381e+01 5.610535944575330092e+01 7.676894606154083078e+01 9.443450485455571197e+01 7.763855057430620832e+01 9.443450485455571197e+01 9.519214222458484187e+01 7.502686305728649074e+01 9.519214222458484187e+01 1.149075792193710299e+02 1.202258338040047363e+02 1.003447439935194296e+02 8.608312956754478762e+01 9.083700104286967303e+01 9.397947728121563671e+01 7.349250114748042506e+01 8.562790048918577668e+01 6.967091036975254781e+01 7.295972404697666036e+01 7.985218656895526124e+01 1.000696708959814885e+02 1.118040860682609861e+02 1.200867906411968846e+02 1.300964286540924491e+02 1.311532203808094152e+02 1.121562185699004033e+02 1.009868645083314220e+02
3.824902886346383468e+01 5.381360499545618836e+01 4.281025693932578946e+01 5.172247623517334603e+01 6.221790912125249662e+01 7.673028019559556867e+01 9.688164814336607833e+01 9.306255438241628042e+01 8.475053646839572252e+01 7.236345366248968958e+01 5.170473305778794781e+01 7.236345366248968958e+01 8.512909148996227771e+01 8.615604229652160484e+01 6.574152849014600974e+01 8.615604229652160484e+01 8.980274467082195144e+01 6.947720369520376948e+01 8.980274467082195144e+01 1.007657880491104407e+02 1.107463121682245060e+02 1.082777537213421652e+02 8.822412397551877916e+01 7.642451889557538891e+01 8.929937194652134735e+01 8.587824808375873431e+01 6.524789327012068441e+01 8.587824808390897147e+01 8.743017058898004734e+01 1.000696708959732035e+02 9.157672615212004530e+01 1.032056846358058664e+02 1.232354253787996896e+02 1.341985368617294512e+02 1.147308040094296189e+02 1.147308040094289225e+02 1.092221627556725707e+02
5.476095920342334011e+01 6.604250142999121920e+01 5.845026175845703875e+01 7.239786181179245261e+01 8.077760619333042769e+01 9.092824157873266699e+01 9.904379763455906982e+01 7.883007384283017416e+01 6.425493089090902288e+01 6.960281554351402633e+01 4.897977509218250702e+01 6.960281554351402633e+01 7.763938186034351929e+01 6.925445403807427169e+01 5.839562406663291938e+01 7.569711390318775557e+01 7.908348435718912128e+01 6.440377619860365144e+01 7.227696138223818423e+01 8.251712703053888731e+01 1.025364616124987549e+02 1.164528671395515715e+02 1.009622851272108761e+02 8.076152693399744464e+01 6.880639874562825753e+01 8.297694309634606213e+01 6.256767239305012396e+01 7.732172433989538263e+01 9.766044220796752029e+01 1.158671548575335777e+02 1.116712491690336719e+02 1.199453334431638893e+02 1.314939828149183825e+02 1.285002185355864697e+02 1.090273257667584517e+02 9.507492160874893727e+01 1.033824750123269922e+02
5.869589903430068745e+01 7.036439224364266920e+01 7.910844937272375432e+01 7.442941568055147172e+01 8.277484004736867007e+01 9.129023327091684337e+01 1.048874541290354472e+02 8.475053646839572252e+01 7.379517446762309874e+01 5.316342289759718653e+01 4.634417794151399050e+01 6.691792394428000534e+01 6.529288443050825208e+01 4.866953452399952340e+01 5.181749664523812982e+01 5.507170584200495966e+01 5.848499704588051884e+01 6.638520908228110784e+01 8.679927664581484237e+01 1.007657880491104407e+02 1.107463121682245060e+02 1.180117218560513095e+02 1.091825971666610542e+02 9.757974195879521062e+01 8.297694309162497461e+01 6.228629026872590657e+01 5.996616867357479208e+01 7.475333164431273758e+01 9.515616187426799399e+01 1.077314659034206272e+02 9.941722868714563788e+01 1.077314661671848484e+02 1.193395921701567346e+02 1.269992069185105095e+02 1.075158703851520556e+02 9.354254249180291936e+01 8.349387245459251972e+01
4.179574333228333671e+01 6.197367070832974179e+01 6.875690531505286174e+01 5.407565938697840835e+01 6.267816900543702729e+01 7.934932167042410356e+01 9.104477297114657119e+01 9.082849608259328988e+01 7.045892769275212686e+01 6.445889063618427883e+01 4.394433895525099132e+01 6.445889063606071545e+01 4.477866081545808896e+01 6.529288443048594104e+01 7.243595054600092453e+01 7.569711390318775557e+01 7.049814747760491684e+01 8.679927664581484237e+01 8.091743808676936567e+01 1.009992910667514678e+02 1.120988284793791081e+02 9.788749974387086183e+01 1.040226118675602436e+02 9.319571784295257544e+01 7.277281204325161923e+01 5.799314275456806200e+01 5.745180117838283707e+01 7.828374244974951068e+01 9.691969241038157179e+01 8.857121803272151794e+01 7.912620074699285055e+01 9.090560611274851510e+01 1.110443213489627681e+02 1.218959575526335328e+02 1.212987695038117550e+02 1.067063236018672825e+02 8.688588321859022301e+01
5.869591583297707871e+01 6.274944372379219715e+01 4.838061990598792050e+01 4.227521137569534915e+01 5.062889489376234309e+01 6.239688497280670276e+01 8.273063393176936131e+01 8.492751569681207968e+01 6.446584231308185053e+01 4.988055854450596627e+01 4.161386959308063638e+01 5.882536724919175697e+01 4.213392453451773889e+01 6.257570913468828167e+01 7.972259685554934094e+01 8.958116983221023588e+01 9.081127263474836298e+01 9.906430212067675711e+01 1.009992910667514678e+02 1.092186073446536625e+02 1.037817479344237626e+02 8.350253225450884997e+01 8.369703469329282086e+01 8.369703469327130563e+01 7.476873828996269822e+01 5.401849133836557826e+01 7.476873828996269822e+01 8.665685055551725213e+01 8.857121803320364961e+01 6.803819702371450262e+01 8.807876276859471432e+01 9.642923531465164899e+01 9.347569283692581621e+01 1.136018061832335633e+02 1.138785351126848724e+02 1.148014765965349824e+02 1.034049816697745854e+02
5.588161135407176516e+01 4.763653761914611096e+01 3.366043340574301368e+01 4.573148257716083265e+01 6.612002946918215684e+01 7.934932167042410356e+01 8.246673292298693525e+01 7.409759955970528722e+01 7.885504360731354723e+01 6.494242723798571149e+01 5.651003299071476249e+01 3.847927783327781270e+01 4.441453727846295862e+01 5.148821659091200331e+01 6.058709644590916810e+01 7.504029877712015661e+01 9.608849896474936259e+01 1.050112373463799713e+02 1.050112463164368535e+02 1.128758646417511216e+02 1.052840462530328978e+02 8.502119367973566000e+01 7.042446190090016955e+01 6.300279029945883025e+01 7.271410872150842408e+01 5.200774157805454934e+01 7.271410871880090099e+01 7.294550509712733799e+01 7.653087953346464190e+01 6.169952819688175083e+01 6.753258828404625547e+01 7.684273096565308947e+01 9.716890344860942719e+01 1.080490648746703073e+02 9.410837632222838067e+01 1.013747809108122908e+02 1.036847348258408061e+02
4.176644549683812357e+01 2.652817064824938953e+01 3.894813854624857186e+01 5.950511147094130848e+01 7.449010020746969474e+01 8.246529365584244431e+01 7.068985553863535642e+01 5.361939256800256715e+01 6.270282422396497424e+01 5.427286600380293891e+01 3.619677888186198089e+01 4.072086980249962096e+01 6.327164276046684677e+01 6.518857332300741803e+01 8.021465394732638288e+01 8.954868212032980068e+01 9.573353920915404558e+01 8.576077252488296665e+01 8.576077260320559503e+01 1.050112463164368535e+02 1.055551541582768920e+02 8.376165241717508536e+01 7.132398540058129299e+01 6.186138743762732872e+01 5.448328203455386642e+01 5.002561867871251877e+01 6.809744818790876764e+01 5.227953347453302513e+01 5.579745110693053078e+01 7.653087953346464190e+01 8.807876276975422059e+01 8.214552945672352280e+01 1.024028551027966500e+02 9.989892176681829028e+01 7.980449426022661896e+01 8.131459518235526218e+01 8.899908445343250207e+01
2.116081305438572358e+01 4.177895492910642616e+01 5.607552483775288721e+01 6.789242716373702535e+01 7.380279386604827607e+01 7.409743911815678530e+01 5.361939247915823614e+01 4.187078386219126713e+01 5.207250330288491114e+01 3.399315879544086272e+01 5.427286600371251524e+01 4.652160862820597487e+01 6.031171325557462382e+01 8.111211111799376283e+01 9.565201703267115363e+01 8.901297078265213258e+01 7.645603685562062424e+01 7.175154498225356292e+01 8.547028107590064394e+01 1.026353720802279099e+02 1.137064765749863824e+02 1.009266528429518672e+02 9.120101205557072888e+01 8.273884229672144386e+01 7.432543072490793179e+01 6.585945379973325942e+01 4.747978275248120639e+01 6.809744820438963586e+01 7.653087953346464190e+01 6.898815272087033179e+01 8.951009624060016279e+01 1.024028551027966500e+02 1.107129416729065525e+02 1.013746894705651300e+02 8.131459423527464025e+01 6.659174170580178043e+01 7.797509393539573352e+01
1.900189130917436842e+01 3.922472066203574315e+01 4.832300179254470152e+01 5.344023354938929771e+01 5.344027965195318330e+01 7.136023123210925689e+01 6.293537158438260803e+01 5.207038796681237613e+01 3.181963791583334000e+01 5.207250330288491114e+01 6.270282420437965243e+01 6.673274560894691376e+01 6.073625392529352496e+01 8.120955715828057464e+01 9.614829893284894524e+01 7.647584389382224401e+01 6.212552169923782941e+01 8.223859846249335703e+01 8.483023332199751110e+01 9.298508663460169998e+01 9.686696499600921584e+01 8.851758895515095560e+01 9.034151459618945523e+01 8.042596398681995140e+01 5.982531549538335724e+01 4.531521852649394333e+01 4.761742654251557383e+01 6.201791324196005206e+01 8.266595029023186214e+01 8.951009624060016279e+01 8.951009624059940961e+01 1.097217126801947131e+02 1.064550425442114232e+02 9.639029334929568904e+01 8.814179400005284037e+01 7.797455312284976969e+01 5.676204375336195795e+01
3.917069391851638471e+01 1.969008809891732525e+01 3.991708701273830684e+01 3.281300245103746960e+01 5.315040406757452729e+01 6.292993430493306306e+01 4.254304457138824347e+01 4.850988711923352525e+01 3.033136206714454275e+01 5.057080195738399198e+01 6.859172875101705813e+01 7.771851186208029105e+01 8.120955715828057464e+01 8.954544535620884460e+01 8.987104890137132429e+01 7.725661401246262017e+01 5.697879697733574034e+01 7.055261120823922738e+01 6.464015877725555015e+01 8.483075293143662066e+01 8.851758895515095560e+01 6.848502870770245465e+01 7.433206785858597243e+01 6.187354396239070553e+01 6.217162678289227529e+01 4.387110264009231031e+01 6.430970400654693719e+01 8.262296683315889823e+01 9.106161215965445876e+01 1.074691478881399860e+02 9.945299881235825978e+01 1.006154468496100947e+02 8.682087843646004899e+01 8.814271125183606159e+01 6.749155053132794535e+01 7.353947447278743255e+01 5.478846798160808618e+01
