MOVIE_S2_data/elevation_000362.asc
nrows	100
cellsize	150.0
xllcorner	0
ncols	100
yllcorner	0
NODATA_value	-9999
[rows 17 to 33 of 100, columns 37 to 73 of 100]
4.185183908769195682e+01 2.623394308670216901e+01 4.040610839872195470e+01 6.045764039635530906e+01 5.745248834277872163e+01 3.747255795366650233e+01 2.589961738976895589e+01 4.580661003996097236e+01 4.398464350951226010e+01 6.403277190407654018e+01 7.769510665732053667e+01 7.720181627563451343e+01 7.720819596329162948e+01 8.546034323019330259e+01 7.136810058828848469e+01 5.133897513931064083e+01 7.137316832530147792e+01 7.789529621073614862e+01 5.768007121968702933e+01 4.333636479584200885e+01 5.734728763004802943e+01 6.101779393826180353e+01 4.093554886661619463e+01 6.101779394079897401e+01 7.606130985829274493e+01 6.108838324267401987e+01 6.125572075050019549e+01 4.472053218716953893e+01 5.488168694316730978e+01 7.542273162106897644e+01 7.234047721395454289e+01 5.235154988168883250e+01 7.234047721395454289e+01 9.175862567648162837e+01 9.479608974051984660e+01 8.638128340976300024e+01 9.174877220315620718e+01
4.957741756731336835e+01 2.951432914002742436e+01 4.370548515407934786e+01 6.375351643668118840e+01 6.558432160160765534e+01 4.595702967142923256e+01 4.597326754706373464e+01 2.755145466703832824e+01 4.767401630195945472e+01 5.798475127336805457e+01 5.768373397832736771e+01 7.021859742535033888e+01 7.849057819286323934e+01 8.848700373060221125e+01 7.970394353021859501e+01 6.029667887141648208e+01 6.400517253310502497e+01 8.405155726316390030e+01 6.852952815559061150e+01 4.820684810692179667e+01 6.852952815559061150e+01 6.882007796126399057e+01 5.336381213602052043e+01 4.735958237768548429e+01 6.808666364029211593e+01 8.106416612656848031e+01 6.807764705652321879e+01 4.759887983821757018e+01 6.807764705652321879e+01 8.385960924311230258e+01 7.536193978873369304e+01 5.532370541474567460e+01 6.351375263990820486e+01 7.511320562040350524e+01 9.502559960199887712e+01 9.758481200932379807e+01 7.769093418612190760e+01
4.720294284103255222e+01 3.299624011884422714e+01 4.720293057412378346e+01 6.724184341127255493e+01 7.420459811695845076e+01 5.462592160876281611e+01 3.516952125833714149e+01 2.873629680578386925e+01 4.887099967650355126e+01 3.788240252324813895e+01 4.349795966485851295e+01 5.019768742893496949e+01 6.021284266813535879e+01 8.022435218281033542e+01 8.867932398958613760e+01 7.185458808299057409e+01 7.816619942029835499e+01 9.240248904690248821e+01 7.398546526386024880e+01 5.357269709383128031e+01 7.398546526386024880e+01 7.959145781839897893e+01 7.178063690404781028e+01 5.231789577921385614e+01 7.243894873825095715e+01 8.298459493626803862e+01 6.240643966252808639e+01 5.057873053141524622e+01 7.105256715001978307e+01 8.422161047852979721e+01 7.870590811259961583e+01 5.864209816940405773e+01 7.870590811259961583e+01 9.176049814540205318e+01 1.032120864854595226e+02 9.035211084099113066e+01 7.042665554548065643e+01
5.099951991349517044e+01 3.679392987881042387e+01 5.099954123974840314e+01 7.102680696750277889e+01 6.954797639833530809e+01 4.844500413644756520e+01 5.462592160876281611e+01 4.889177102255304419e+01 3.046734789773099195e+01 5.064475555344839108e+01 6.354496075984662440e+01 7.021859742535033888e+01 7.849057819286323934e+01 8.848700386205173629e+01 1.002866747765535962e+02 9.191765172734707789e+01 9.825932481418652742e+01 7.905667965055526736e+01 6.427332393246207687e+01 6.536505546337808426e+01 8.245879356030700080e+01 8.096808096719314563e+01 6.096549087651871446e+01 6.658457611210594962e+01 8.074197440991486019e+01 9.139034517128303037e+01 7.935314387193032815e+01 7.095285084277053045e+01 5.519151295575005634e+01 7.586363874336757362e+01 8.263698245241617713e+01 6.259235209583218307e+01 6.940918253182626074e+01 8.355640955378103740e+01 1.034450543873020365e+02 9.548448501066569349e+01 7.560688532532077488e+01
4.684901546733226496e+01 5.099954123974840314e+01 4.468765534650677296e+01 6.472448129284889262e+01 7.801717607903991336e+01 6.954797639833530809e+01 6.479612834231954821e+01 4.573503066222495050e+01 3.174718086216840263e+01 5.192627820941945771e+01 6.623925463229127786e+01 7.451467215281481060e+01 8.451319397489417895e+01 1.034927651994194946e+02 9.534644134642044833e+01 1.034927651994221094e+02 1.086288939470807975e+02 9.385294411116969115e+01 7.590134325061553966e+01 8.576111168606307444e+01 9.425073436357369872e+01 8.927862285624499350e+01 6.994164334000869587e+01 7.730163466624672708e+01 9.489918198577856856e+01 9.252705914997029879e+01 7.205784352147905736e+01 6.016347658544648880e+01 7.571625022935484139e+01 8.444882474259887317e+01 8.671762872336300632e+01 6.672662022657966929e+01 8.671762872336300632e+01 8.355641008966129846e+01 1.034451632387097533e+02 1.012166914736842358e+02 8.135974580683856061e+01
6.101980161234772027e+01 7.102680696750277889e+01 5.178349600808410003e+01 6.105203349819020531e+01 8.106500008608969665e+01 7.714512829142879013e+01 5.700420810583678133e+01 4.227345574110449178e+01 3.305059162004277340e+01 3.949277848848250727e+01 4.621546586486177688e+01 5.623312400558917545e+01 7.624538526721025278e+01 9.356844235660840070e+01 7.542254127609361092e+01 9.356844235660825859e+01 1.048978514178165824e+02 1.068141433258291357e+02 9.838441657277637376e+01 1.045025566376672543e+02 1.068876423527821089e+02 9.822147404000624249e+01 8.144667846138146672e+01 9.728189367438666579e+01 1.056396119377509280e+02 1.007258548314693485e+02 8.445975744201709290e+01 6.391568923782772771e+01 7.849582484760973955e+01 9.886624493415970960e+01 9.106628544130656167e+01 7.113822984158301210e+01 9.106628544130656167e+01 1.034451567371496452e+02 1.116696940805133096e+02 1.078378580895233512e+02 8.797435824200604770e+01
8.103406044631336158e+01 8.008139436883949713e+01 6.073727787480459739e+01 8.008139436883949713e+01 8.933759813711360209e+01 8.212331645002832659e+01 6.252035624710600104e+01 5.455024496538582213e+01 3.440888215508374515e+01 5.455024483745543051e+01 6.623925161999920874e+01 7.451456232202060903e+01 8.451319405125438777e+01 8.538449130427784439e+01 6.541474667530327736e+01 8.538449130427784439e+01 8.623674445273458389e+01 9.386323119687847338e+01 9.890055075922171568e+01 8.601292425586275670e+01 8.707202765233719788e+01 1.068876423508209825e+02 1.014206064420491344e+02 1.097943730111648932e+02 1.089698300217041833e+02 8.886949641934110389e+01 7.696007955211807428e+01 6.840368866416658022e+01 8.299949589500265290e+01 1.032505497677748139e+02 9.735102842320424088e+01 7.747692609164883493e+01 8.113142260109775350e+01 9.518376448952191993e+01 1.150447423860357929e+02 1.160566055926951350e+02 9.790593414857811183e+01
9.350257103779364343e+01 8.902757036204134522e+01 7.489465096654713250e+01 8.902757036204134522e+01 8.758121887978606424e+01 8.200206074803151068e+01 6.608283006559742034e+01 5.199247967243174173e+01 3.578067526805916287e+01 5.589314662644825660e+01 5.970739243725687118e+01 6.798267453871525845e+01 6.467058881174189366e+01 7.020731954213454173e+01 5.874535430902759003e+01 7.872790975703094318e+01 7.316093902456478304e+01 7.284814851449263529e+01 8.030198714879605859e+01 7.099557993298081726e+01 8.315738417263617066e+01 1.030642772712220534e+02 1.167002048111590682e+02 1.188651028519078068e+02 1.169917913360461625e+02 1.055109242549357589e+02 9.378124635501801265e+01 7.325625479015052122e+01 8.787109510921749234e+01 1.079928386899803598e+02 1.043726693510160004e+02 8.451246969056538205e+01 1.010011308416413129e+02 9.518376831149359418e+01 1.150455277191580876e+02 1.259835374339827609e+02 1.177697820304685905e+02
7.364641822017270556e+01 9.380442212146488146e+01 9.489904935871189195e+01 8.758121887978606424e+01 6.758967698206551233e+01 7.125819327282376037e+01 5.372862816508774131e+01 3.953625677141170058e+01 5.579307853700455411e+01 3.806211117021139501e+01 3.967770049384988340e+01 5.970741627482038183e+01 4.468517817344218201e+01 5.022405844864550772e+01 6.959728696557566252e+01 7.168424344353854849e+01 7.262478392244496206e+01 5.756386120947477281e+01 6.034141702120562201e+01 6.320518650230673785e+01 8.315738459813437089e+01 9.602860440108547380e+01 9.685226063645905015e+01 9.902483121121744603e+01 1.188651028519101658e+02 1.033717511195254701e+02 8.302366270660408532e+01 9.378124635505199080e+01 8.787274701290775170e+01 1.080507688588645152e+02 1.125958194862543706e+02 9.443916409008147639e+01 1.125958194862543706e+02 1.150455501975358317e+02 1.232652469575977960e+02 1.202526280911524026e+02 1.284799155773900452e+02
6.775246004687944890e+01 8.787569197819721012e+01 9.538808896644702884e+01 7.540549132277678268e+01 6.125812787876226650e+01 5.125524733386134812e+01 4.457841061809465089e+01 4.374671170759512506e+01 6.374695111519444168e+01 5.812211981714858666e+01 5.164441414200579317e+01 4.198073429515449817e+01 6.198764408260636571e+01 4.758049344251872270e+01 4.963389064158306496e+01 5.171784275007987475e+01 5.384719626401943060e+01 7.381371536549796986e+01 8.030198710206018120e+01 8.315738459813437089e+01 6.783864813644170511e+01 8.779779107203239619e+01 8.275206740515379522e+01 9.685226063645905015e+01 1.167002048111590682e+02 1.114441960174500963e+02 9.230041353742271326e+01 1.111755869924820246e+02 1.080528018080653538e+02 1.161041478060040930e+02 1.225260240595963666e+02 1.143061746119503681e+02 1.225260240595964092e+02 1.257369637495475700e+02 1.170103841587170734e+02 1.003854160128192348e+02 1.170103841587170734e+02
6.775246004687944890e+01 8.787569197819721012e+01 9.950747234607784719e+01 8.952390555942514538e+01 7.076358999469073296e+01 5.076063682148052436e+01 6.459054462650315998e+01 4.812303610073549009e+01 6.812525556940194349e+01 7.430507866253545046e+01 5.464214834757053296e+01 6.198766637934916446e+01 4.670433743426258388e+01 6.084509267717194092e+01 6.960238080537941130e+01 6.583585928502152740e+01 7.381371536549796986e+01 5.937314989963294920e+01 7.351339311337559934e+01 9.346104302593356294e+01 8.779779107203239619e+01 7.276010123307787580e+01 9.270882814888294376e+01 1.070745917859200347e+02 1.170061251304108225e+02 1.203372996542329929e+02 1.066389018591504083e+02 1.202951537303070069e+02 1.217578915205278633e+02 1.134695668838120923e+02 1.160265221895037229e+02 1.242724319963164277e+02 1.200029876294318001e+02 1.060356196466201766e+02 1.087822878496793919e+02 8.889377481452717689e+01 1.087822878496793919e+02
8.787569197819721012e+01 9.627192186950969699e+01 9.124982749597371878e+01 7.125963879542567270e+01 6.231107270928729491e+01 5.630821494677118721e+01 7.271420513738394220e+01 5.271143266877552236e+01 7.271420666762296037e+01 8.283592510346439042e+01 6.871084282703706947e+01 7.018206129707014895e+01 5.018432993166255329e+01 7.018206129707014895e+01 8.909589199752619493e+01 8.580349597061641020e+01 8.420176366750182240e+01 6.422214225804309251e+01 7.092125384761540374e+01 9.087768947414997456e+01 1.009328502250370008e+02 9.270882814888314272e+01 7.892959368666383568e+01 8.891550676976495993e+01 1.029986468834764537e+02 1.228159605680050817e+02 1.261016395059565980e+02 1.161435489151007801e+02 1.079104993670872545e+02 9.356018995074558120e+01 9.614162144055038084e+01 1.160265221895037229e+02 1.101358845275752856e+02 9.209460557347240695e+01 1.017506366322428022e+02 8.189275333073979368e+01 1.017506366322428022e+02
1.012086480769041259e+02 1.111997229131828959e+02 9.124982749597371878e+01 8.525501916840019589e+01 6.525671183919824614e+01 7.045643835385665454e+01 7.826220281805241541e+01 5.825861788619952364e+01 6.904609607506016289e+01 8.903542712462569853e+01 8.869776936857415706e+01 7.383398111560043731e+01 5.383159248750843773e+01 7.383398111560043731e+01 9.103465332425720646e+01 1.025543757238253448e+02 8.935629041631779046e+01 6.939293955931198354e+01 8.935612344337130253e+01 8.504708325853925999e+01 1.049540180767343429e+02 1.070745917865754393e+02 8.786256293303297582e+01 8.834518321280683040e+01 1.024307226003442111e+02 1.222503792974880241e+02 1.219592609520840085e+02 1.020913120105589798e+02 8.804024428220947129e+01 8.210308362320176911e+01 1.019657740266972610e+02 1.081821570597239770e+02 1.019481761593732614e+02 8.222083470944379258e+01 9.576325953753831755e+01 7.596174839733640738e+01 8.799646786811416632e+01
1.078968053910616760e+02 1.119972347768376721e+02 9.204895128362588252e+01 7.791137170740107365e+01 7.680934356491096082e+01 9.044688372387096820e+01 8.429221593707988802e+01 6.429292541447789233e+01 8.429221593707988802e+01 9.729350456964210991e+01 9.510121205949874934e+01 7.868635134843772505e+01 5.867951634384664317e+01 6.277779954007155538e+01 7.433693386637382616e+01 9.431017748003679912e+01 9.511293369298698508e+01 7.517133642050558251e+01 9.511293369298698508e+01 1.049540180767343429e+02 1.131681851821848994e+02 1.159596805091988188e+02 9.937387406460277361e+01 1.024307226003789424e+02 1.024307226003789424e+02 1.222503796025355740e+02 1.197869767276906288e+02 1.098496695806027361e+02 9.534344651774620161e+01 7.554206803025769545e+01 8.834178741868001339e+01 8.834178741868001339e+01 9.448616537641481727e+01 7.478816290566734892e+01 8.520043796115660939e+01 8.298787589344230753e+01 6.827759365149137238e+01
9.340438332194948146e+01 1.016397218780383298e+02 1.061436611521973532e+02 9.789166824575598014e+01 9.679202659488875327e+01 1.050449255602396619e+02 9.136014418472647947e+01 7.136902421332304414e+01 9.136014418472647947e+01 1.009582312842588863e+02 8.100570526267178195e+01 6.685371218603029320e+01 7.023938167859216719e+01 8.277861990309850171e+01 7.693102935528487762e+01 9.689595231083492877e+01 1.033440307956108057e+02 8.670146632617796456e+01 8.779953517606065816e+01 1.018828836752072249e+02 1.217353335519285054e+02 1.274021943504829011e+02 1.192056437131106890e+02 1.222503796025355740e+02 1.222503796025355740e+02 1.304478640543670451e+02 1.115630605731940648e+02 9.168002764593335030e+01 8.176447155743250050e+01 7.480761289580340190e+01 6.861431482358987921e+01 8.324787039496339958e+01 9.145846071671537914e+01 8.520043796113434098e+01 6.555037948644002199e+01 6.330845064478616990e+01 6.671508994039648144e+01
7.376930974078595682e+01 9.340438332194948146e+01 1.083057229770252405e+02 1.024795928415235835e+02 1.020665124666400629e+02 1.042418063337640746e+02 9.961641918676247087e+01 8.291958573083219619e+01 9.961641918676247087e+01 1.009582312842588863e+02 8.100570526267178195e+01 7.686646770237655346e+01 9.022512650244343035e+01 9.847331710070162103e+01 9.689595231083492877e+01 1.051382772932297485e+02 1.148257018817940747e+02 1.066032117991520352e+02 1.076975316209327502e+02 1.159197919208139069e+02 1.178611652016123656e+02 1.097328457414107277e+02 1.178611652016123656e+02 1.242655425017401996e+02 1.158771986814980721e+02 1.207146054008877769e+02 1.197869767276906288e+02 1.098496695806027361e+02 1.016215441095637289e+02 9.460100878150109338e+01 8.324787039496339958e+01 6.356290721854622916e+01 7.867098921893304464e+01 7.647321938441528744e+01 5.990120891653402424e+01 7.956306505315046707e+01 8.641765165263052495e+01
7.952028964003714862e+01 9.361091081964154625e+01 8.857086405633135939e+01 8.281098839450653770e+01 8.240452007621311736e+01 8.455038479805469365e+01 1.042418063337640746e+02 1.028901614548736347e+02 1.111355303354005031e+02 1.091967188563258730e+02 1.009582312842588863e+02 9.683286196281062530e+01 9.683286196281062530e+01 1.167386294822858446e+02 1.082964615926832721e+02 1.001307884042118985e+02 1.082964615926832721e+02 1.085056969851979005e+02 1.003407500626834405e+02 1.085056969851979005e+02 1.079719687823215111e+02 8.989029380734702102e+01 1.079719687823215111e+02 1.126364137190340529e+02 9.578011083099680434e+01 1.005792292292887851e+02 1.207146054008877769e+02 1.127856150372995501e+02 1.134502427750560543e+02 9.360183260157438667e+01 7.961432410420624706e+01 7.867098921893304464e+01 5.901286601420979849e+01 5.682549713293749249e+01 7.646078041285630889e+01 8.767595371307214691e+01 9.974619093070077724e+01
