MOVIE_S2_data/elevation_000952.asc
nrows	100
cellsize	150.0
xllcorner	0
ncols	100
yllcorner	0
NODATA_value	-9999
[rows 51 to 67 of 100, columns 0 to 36 of 100]
8.392818110607037224e-03 3.277496424216969073e-01 6.471514738496488839e-01 8.806125148421278581e+00 1.350282646013195631e+01 1.874870977003415318e+00 1.345468980816644233e+01 2.781054870282765101e+00 3.102962364821058916e+00 3.426754939105451037e+00 1.082694065383213378e+01 1.929964307996053918e+01 3.877385226336925683e+01 4.605413545449414414e+01 3.975934481122751407e+01 2.904094546236106567e+01 1.031672162492731282e+01 1.288522312138007031e+01 3.200070082401370541e+01 4.516449281698120188e+01 4.272500057301999021e+01 4.308265178172875665e+01 1.460346574710615108e+01 1.397986737390542089e+01 3.224742660864374955e+01 4.190643155900951911e+01 4.915749409814656445e+01 5.766672703845765113e+01 6.079785232858571931e+01 4.309438280504085128e+01 6.079558355474524944e+01 6.058376904219723258e+01 5.897191774314300261e+01 4.737025911187269855e+01 3.910221972765754117e+01 2.189813849411449098e+01 4.161688429547972845e+01
9.749586777120887796e-03 1.736896091823727772e+01 2.467124467493804651e+00 1.953041569999144755e+01 2.226196396062407246e+01 2.706369470538619648e+00 2.327491342790083628e+00 1.049067813546267836e+01 2.248127997925095301e+01 3.637909733872943363e+00 2.465288556577345602e+01 3.862719402351258680e+01 4.787444781213703493e+01 4.599302797236426699e+01 1.328477584327380434e+01 1.289086764256492934e+01 2.910492311062423809e+01 3.200070476334482095e+01 1.767532169951124743e+01 3.736367438347789260e+01 5.157922873470365488e+01 5.248871225525982709e+01 3.973353855888946384e+01 3.258468032642797851e+01 1.619772495801703727e+01 3.504030664648756499e+01 4.591187226931567977e+01 6.000085822605791464e+01 7.032758164526175904e+01 6.244590371341702451e+01 6.985580007976690808e+01 7.342064897831123460e+01 6.177813099323334711e+01 4.463737312567008075e+01 2.483222536643073042e+01 2.633808286764706352e+01 3.320228203104223041e+01
8.728394755072454644e-03 2.000225614134158292e+01 2.377222293110812856e+01 1.198464028980628981e+01 2.790278165151520895e+01 3.000444821150118457e+01 2.546129028583182219e+01 7.440783854645936835e+00 2.770545243168633931e+01 2.471689030143145516e+01 1.377820875440435344e+01 2.772697025293533102e+01 4.767562939805247169e+01 4.566741199910696736e+01 1.481453780490781824e+01 1.512215961115526497e+01 2.830587752204115759e+01 4.581914144975186076e+01 3.736367438547100051e+01 2.331111823127403326e+01 4.342873470330831509e+01 5.936730219457358260e+01 4.747858721080387312e+01 2.781193883108183584e+01 3.504030664648756499e+01 1.849002794553910789e+01 3.182288631223728004e+01 4.865191552652319729e+01 5.317333521162175458e+01 6.155304188603313520e+01 7.167188385543582285e+01 6.510860046577965932e+01 4.497824426431930789e+01 3.351957949946050519e+01 2.695813867563682464e+01 3.096145726389040576e+01 5.085446384671811870e+01
2.389047986999138715e-03 1.648018195757735782e+01 3.697008948620394619e+01 3.112956425824068418e+01 2.208136460639885357e+01 3.918270863012659788e+01 3.647711004355367237e+01 2.783159388413012536e+01 1.294818707977298189e+01 3.447597764989264846e+01 2.772706208351572243e+01 2.624202703155400229e+01 4.619261312080116255e+01 3.750543550235096291e+01 1.746858443799729699e+01 3.424929214389042187e+01 4.270492458931482105e+01 5.709173324515976589e+01 5.192245703188552142e+01 3.476027328371512226e+01 3.046032196261662506e+01 5.087723283296225674e+01 5.580085917226004710e+01 4.161030549678466883e+01 4.591187226938430399e+01 3.182288631223728004e+01 2.094455318396132526e+01 4.034728303842283736e+01 3.317390293031826332e+01 4.307905843693291814e+01 6.329666678668580460e+01 6.764295301475834776e+01 4.757521567668646867e+01 4.911278599318879401e+01 2.924125376023015477e+01 4.911278599289384772e+01 3.793986389780693713e+01
9.035844539165390626e-03 1.415174137107081265e+01 3.417316622621325450e+01 4.632098936328143424e+01 3.438478526692984616e+01 3.438568150101463061e+01 5.080456469908165218e+01 3.953592703477686854e+01 1.747960805477884705e+01 3.953372511810692913e+01 4.768286814206616953e+01 4.031198121631843634e+01 5.451963459936305867e+01 3.986815622163291550e+01 1.982127734011325515e+01 3.988671258878744652e+01 5.220715013871814847e+01 6.249308034922320587e+01 6.376261239250040092e+01 5.527007321419798558e+01 5.087723283296225674e+01 3.905113834011834228e+01 5.965002008101242836e+01 6.164587251261554712e+01 6.000085822935447766e+01 4.865752857850674928e+01 4.035212982622375932e+01 2.356638714948261537e+01 4.316725309200057836e+01 6.155304188603370363e+01 7.174491519224537228e+01 7.599043888847532457e+01 6.764281357583904253e+01 5.147411518682274334e+01 3.157717709774132686e+01 5.147411518682402942e+01 5.791769309762756279e+01
9.762552285145669959e-03 2.000976255228479062e+01 3.722942015557728013e+01 4.877642554288252796e+01 5.078272390574911554e+01 5.081683322332261099e+01 5.835170850798932207e+01 4.508167397832266232e+01 2.318772303572924542e+01 3.892545167672700046e+01 5.989952158674165617e+01 6.038971579127354516e+01 4.901831541252180102e+01 2.859943151539135187e+01 3.988671258878747494e+01 2.342988222598399162e+01 3.340007635153458665e+01 4.789059776034527260e+01 6.861179803687959122e+01 7.421073341868167006e+01 5.361877513872297385e+01 4.932620604174204715e+01 6.809436460587468787e+01 7.818786546758271072e+01 6.056065733627628589e+01 4.033376749118972526e+01 2.647808418694078725e+01 4.083395448588104415e+01 3.936733675705910684e+01 5.327991733324496693e+01 7.304923903122001150e+01 7.551028532794714465e+01 5.541853569048673478e+01 4.387039228319441264e+01 3.396269108220295863e+01 4.801659834808790350e+01 6.807219998287121143e+01
8.769847284209264732e-04 8.945148894727656952e+00 2.049215427852037763e+01 4.049215427856159266e+01 4.783926604798273274e+01 5.612421105618222583e+01 6.587810927349498513e+01 4.507403537842128571e+01 3.137910344179992350e+01 4.508255201691250136e+01 6.594307361895870656e+01 6.967726872364794133e+01 4.901831508775745760e+01 3.680930869005248240e+01 4.653189533564903257e+01 2.616447671836933964e+01 4.653189633999248542e+01 5.991416568599888137e+01 7.453199504040537704e+01 8.256996237528885274e+01 7.421073341868167006e+01 6.394002516739575981e+01 7.822489445104139349e+01 6.973749280611160373e+01 4.934249109469830330e+01 4.902037768277599383e+01 2.910703597272688015e+01 3.157982272851490535e+01 5.126048194784064549e+01 6.507590603675353691e+01 7.496028316189072882e+01 8.381040802275524015e+01 7.064100746024487876e+01 5.056722793713164066e+01 3.648089207383233656e+01 5.641870211044466998e+01 5.298762004486188459e+01
6.221065917130529088e-03 2.000622106591677607e+01 2.884620924773337336e+01 3.369695823877452057e+01 2.783902254094352813e+01 4.783926604798242721e+01 5.909173944977605686e+01 6.107781303020983188e+01 4.650772047648928975e+01 4.650772075561463481e+01 6.723281161018512364e+01 7.209940946664234218e+01 5.136968865890329994e+01 5.744128329374257191e+01 5.246544999773144724e+01 3.191101691575744326e+01 3.084414837146288946e+01 4.529633202946116910e+01 6.288679745008567323e+01 6.983176373158654826e+01 7.832057255737477419e+01 8.407217680683470462e+01 8.021252496961662359e+01 5.897230448232326694e+01 4.447931717990734768e+01 3.297217119270140273e+01 4.902037768277678254e+01 5.126048194784304712e+01 3.707961398231682892e+01 4.698293959283845567e+01 6.092722929284706623e+01 8.071689009698823725e+01 7.061143429360441814e+01 5.056599672576084714e+01 5.644719187236044178e+01 4.035146518479953670e+01 6.037466995811607973e+01
9.675647279733478462e-03 4.374033451999600253e+00 8.846169406999218054e+00 1.369688190772593117e+01 2.186184772395877474e+01 3.080611990950604095e+01 4.494833160025446261e+01 6.495052859184005456e+01 6.723279129796837594e+01 6.723281161018512364e+01 7.570720322451538209e+01 8.056659177813533290e+01 7.209940946664234218e+01 6.224284119757363953e+01 4.150186260617005729e+01 5.246545012395601049e+01 5.136985256456438265e+01 3.595118766092131324e+01 4.210103518558612734e+01 4.899688828843891031e+01 6.376759244298290241e+01 8.447196830108686072e+01 8.308504824516917608e+01 7.128625314050540851e+01 5.621019388173769471e+01 3.595690074068808428e+01 5.621019388173769471e+01 6.343822196004605019e+01 4.368353123688540762e+01 4.594021939888266814e+01 6.568220676015523907e+01 8.451905795983833514e+01 7.886747160406814317e+01 7.057248771279645894e+01 6.336527482033884695e+01 4.330523251658789974e+01 6.336527597210324103e+01
8.858006633845233110e-03 2.000885800663348846e+01 2.884620924773337336e+01 3.369695823877452057e+01 2.783902254094352813e+01 4.783926604798435278e+01 5.909394415549227375e+01 5.976908478923204626e+01 6.809062534565565272e+01 6.898558114600535873e+01 6.898554810994399134e+01 7.729071981916673906e+01 7.691348994897629154e+01 5.616605951593079737e+01 5.616605951593079737e+01 7.076209265134660598e+01 6.138455161824351336e+01 4.061482074617318005e+01 5.529924355785050949e+01 6.983176373158654826e+01 6.603869804830233647e+01 8.670930083905129493e+01 7.463388409661017420e+01 5.418519118363757059e+01 4.243095707041271680e+01 4.038699769613000257e+01 6.076738760648913029e+01 7.088331514254372223e+01 5.118545218082969228e+01 6.568220681224842394e+01 5.649469261895611538e+01 7.623251855904972274e+01 8.765096443299303530e+01 6.747768852802256845e+01 5.584967605300022342e+01 4.688090860563981011e+01 5.182937271508517796e+01
1.018086960643932535e-03 2.000101808696028982e+01 3.750611953547920763e+01 4.974521558040729019e+01 4.783926604798458015e+01 5.612421105877872662e+01 5.643279661046648243e+01 3.953432706981941180e+01 5.643192333372022063e+01 4.881377417173115418e+01 4.881377412902157431e+01 6.898554810994399134e+01 8.535812578676238616e+01 7.691348994897629154e+01 7.691348994897630575e+01 7.832654543000094804e+01 5.757692539790294006e+01 4.656292342583613930e+01 6.739957474121592895e+01 8.452697415720172103e+01 8.670932249627895771e+01 8.531119160261930290e+01 6.485346385688721682e+01 5.040378325697542294e+01 6.282780021726163966e+01 4.561223406839251737e+01 5.701548018780571425e+01 7.746146118179152040e+01 6.507745015007698441e+01 6.724051370863740829e+01 6.783510654965145648e+01 8.451905795983833514e+01 9.608987509825696804e+01 8.433907599278268208e+01 7.099850044315766695e+01 5.087917859063061599e+01 7.099850044315766695e+01
2.494342646960768899e-03 8.988519026088152231e+00 2.087227544417191538e+01 4.139135935239708175e+01 3.920363835246459416e+01 4.761984198857233963e+01 4.808650569600608549e+01 2.781778753056483922e+01 4.565816556707596874e+01 3.445475602652114588e+01 4.881377412902157431e+01 6.898554810994399134e+01 8.515493228512700341e+01 7.930340517304907166e+01 8.148974363312349567e+01 8.676464884911676734e+01 7.590190298125266111e+01 5.861989628497589422e+01 5.861989628497589422e+01 7.068207835505465653e+01 9.129195826138374059e+01 8.049217349986324166e+01 6.002913065577956075e+01 7.084581362131345372e+01 7.150576761038642815e+01 5.106388815756231736e+01 7.150576761038600182e+01 8.590668200744954675e+01 8.489991377405897310e+01 8.122277635117299610e+01 8.770359668993243929e+01 9.602928181154474885e+01 9.595635089304273890e+01 7.587362761129134014e+01 6.163080405513809978e+01 5.723038725041450192e+01 6.360390277837609574e+01
6.187401196855389120e-03 2.000618740119649885e+01 2.125273713226016881e+01 2.485909466084864050e+01 1.895056740373116710e+01 3.917207742849209495e+01 3.446120428256165980e+01 2.019937006072047936e+01 2.539256005353926327e+01 4.565818440876788742e+01 6.305224697409415313e+01 7.570444179515953920e+01 6.510741455214214568e+01 5.922724270564128091e+01 6.142557010974236675e+01 8.148974363312348146e+01 8.782472394795593118e+01 7.939283854949879071e+01 7.939283854949880492e+01 8.782472394795594539e+01 9.965139997533201210e+01 8.893622056279426147e+01 6.917804738782149343e+01 8.893622056279426147e+01 7.996180334939022316e+01 6.285516233632103678e+01 6.197833774367613557e+01 7.379858271510921952e+01 9.425957412028462556e+01 1.012612990199940555e+02 1.014289213782897860e+02 1.096005815127077199e+02 9.815022231399183283e+01 7.807114100352193020e+01 8.175572107582334525e+01 6.394798167898082397e+01 8.372282255343610302e+01
2.476637442850607596e-03 1.578697449853321721e+00 3.159836278564669865e+00 4.756010033158984740e+00 2.485909434963528497e+01 2.874579244511503262e+01 1.428867074097060019e+01 3.446103195548015208e+01 4.565818230065548988e+01 5.400887923686527614e+01 6.651995578858962688e+01 5.558392017220562309e+01 5.558392017220562309e+01 4.490503218220698045e+01 6.510741455214214568e+01 7.261167036250918727e+01 7.663302560616251924e+01 7.063990669649471954e+01 7.699081863483070265e+01 8.407656232732848878e+01 9.236811483625648123e+01 9.807388754189719293e+01 8.366366517559069393e+01 9.807388754189719293e+01 9.176363989100136109e+01 8.332271417287141446e+01 7.645655099444121561e+01 9.088901056764291297e+01 1.026796616830611555e+02 9.823227617195770733e+01 8.175403418771342956e+01 9.371524357005083061e+01 1.018804574787542236e+02 9.815022231399183283e+01 8.407487815271689158e+01 7.819602162234180298e+01 7.819602162234180298e+01
6.350445426094172667e-03 1.424711149384391717e+01 2.290982625056528832e+01 2.485600776480068319e+01 7.073146981332530281e+00 8.739811803130271173e+00 2.886699796125539308e+01 3.990029685311511543e+01 5.060001700051299878e+01 5.292272588942972078e+01 4.651395052404960495e+01 4.791787915200572456e+01 3.530148209233678358e+01 5.558392017220562309e+01 5.452953097227047152e+01 5.246441989316722498e+01 5.652624938789547571e+01 5.049403200654986534e+01 5.690747169053417309e+01 6.403505266846842403e+01 7.561609693032393409e+01 9.563377298747612087e+01 1.040869096416401902e+02 1.023275910613824209e+02 9.412827105690553253e+01 1.023275910613824209e+02 9.690722668589144462e+01 1.017153148233020659e+02 1.032455490535293308e+02 8.943117970709029407e+01 7.043182984992829176e+01 7.406499196819349606e+01 8.794422054753864870e+01 1.076477256197673000e+02 1.041415278331854779e+02 9.826769331959414444e+01 9.826769331959414444e+01
3.512071127920179947e-03 1.878007636210535125e+01 3.686243307107073264e+01 2.718242900828585107e+01 2.127232961849145099e+01 2.886699796125539308e+01 1.138886382952219201e+01 3.153548327432493892e+01 3.034753676925318189e+01 3.255799700988785617e+01 3.217521778119045450e+01 2.762908704386385139e+01 4.628557353849723910e+01 4.928215209722407053e+01 3.420651999001549370e+01 3.806783345298215693e+01 4.216551348916613051e+01 4.897512381611383603e+01 6.913551978358132999e+01 8.407656232732848878e+01 9.236811483625648123e+01 1.039252976237433614e+02 1.037494114944843489e+02 9.240615337297545295e+01 7.426552758701296852e+01 9.240615337297545295e+01 1.017153148233020659e+02 8.205847266702339482e+01 8.566350029278943623e+01 7.552975834833021906e+01 6.163255463434271775e+01 8.128733323860257087e+01 9.186647523101368051e+01 1.032151969473742383e+02 9.986623746666870716e+01 9.402658859154689708e+01 9.402658859154689708e+01
8.642982713123801772e-03 1.415078609016897637e+01 3.415186303294279924e+01 4.733563092970519648e+01 4.147690983890555572e+01 3.153548276558966990e+01 3.153546479108070599e+01 1.411052990339544344e+01 1.609089364601337380e+01 1.827341796595398549e+01 2.051061999904475286e+01 2.311839784331934666e+01 2.598659000953070475e+01 2.895836749158084800e+01 3.509213824110158697e+01 5.540744865396838748e+01 6.241538779442553420e+01 6.913551978358132999e+01 6.065433505120218882e+01 7.225670598696797242e+01 9.228352010324054788e+01 1.011777981443529626e+02 8.974004970759635569e+01 7.573068792070820621e+01 6.446456796590975102e+01 8.419689932195922211e+01 9.956334633208896889e+01 7.990892313747114883e+01 6.601555915407138286e+01 7.516243882935997078e+01 5.651685440804345717e+01 6.405912937743951829e+01 7.541661950944823900e+01 9.506859012639893081e+01 7.999554900547720138e+01 7.418370211473333597e+01 7.418370211473333597e+01
