MOVIE_S2_data/elevation_000169.asc
nrows	100
cellsize	150.0
xllcorner	0
ncols	100
yllcorner	0
NODATA_value	-9999
[rows 0 to 16 of 100, columns 37 to 73 of 100]
9.046177410964689614e+01 9.847855283608781463e+01 9.212935458769790387e+01 8.392721281708695358e+01 8.392721281708695358e+01 8.650023433811419693e+01 8.393502019903596079e+01 9.213672363769154572e+01 8.977310852127406804e+01 8.192727661223217694e+01 8.434494149308041244e+01 9.221426876000418815e+01 9.134014692001530022e+01 8.309580302232184579e+01 8.567743124450211667e+01 8.567743131834436099e+01 9.392232372504223292e+01 1.066295755941910954e+02 9.840653241989923572e+01 1.009858739588657244e+02 9.888114326216711447e+01 9.888114326216711447e+01 1.071083625224853080e+02 1.091981803557469846e+02 1.011522541397020092e+02 1.011522541397020234e+02 1.035648708631354680e+02 1.035648708631354680e+02 1.116167979167347966e+02 1.108670776939425906e+02 1.025226280437706521e+02 1.108670776939425906e+02 1.128968327492094232e+02 1.070723052037094476e+02 1.070723052037094476e+02 1.152926027964292786e+02 1.145120529866424590e+02
7.088350859694180883e+01 9.046177410966798504e+01 8.392721281708695358e+01 6.409101506354186029e+01 6.409101506354186029e+01 6.667857762441555280e+01 6.410162901762267040e+01 8.069144418605583269e+01 7.884994648394568628e+01 6.301693533114771384e+01 6.548561801781870884e+01 8.434494146788540547e+01 7.984315973215005613e+01 6.317841832010284975e+01 6.576398094330545518e+01 6.576398094331469224e+01 8.567743131834436099e+01 9.516001618072019141e+01 7.853500745665181171e+01 8.111401651566590942e+01 7.900799581820442086e+01 7.900799581820442086e+01 9.888114326216711447e+01 1.011522541397020092e+02 8.220701418555030671e+01 8.220701418555030671e+01 8.480256989133428647e+01 8.480256989133428647e+01 1.035648708631354680e+02 1.007339329072308942e+02 8.220621612022718239e+01 1.007339329072308942e+02 9.289677342170004692e+01 8.702507590374094093e+01 8.702507590374094093e+01 1.070723052037094476e+02 9.440515488793133159e+01
7.661784980169669268e+01 8.753818931615539611e+01 8.392721281708695358e+01 6.409101506354186029e+01 4.992109154113254021e+01 5.253349808471585902e+01 5.253349808471585902e+01 7.248420646150380264e+01 7.100938598289499737e+01 5.161607324283945530e+01 6.488803587389487859e+01 8.391218789141998968e+01 7.095267250386314117e+01 5.172898396639927654e+01 5.172898396639927654e+01 6.576398094331469224e+01 8.567743131834436099e+01 8.693364363136500117e+01 6.703435715902553227e+01 6.703435848079918458e+01 6.492303789524622459e+01 7.900799581820442086e+01 9.888114326216711447e+01 9.996692321190620589e+01 8.775594649691502980e+01 6.862785239970328632e+01 7.142749274807407289e+01 9.029792061531203728e+01 9.550039401022340257e+01 9.236442208199885329e+01 7.204576369253715029e+01 9.236442208199885329e+01 9.289677342170003271e+01 7.285010526456512991e+01 9.289677342170003271e+01 9.992938254768574780e+01 9.440515488793133159e+01
5.955474274347393759e+01 7.949138478215374448e+01 8.854284977661427547e+01 7.811018482561992471e+01 6.096565960964253605e+01 4.085849348936947933e+01 5.512916854330000405e+01 7.505619549864715623e+01 6.492224597701266475e+01 4.522711645920001189e+01 6.492224597701266475e+01 7.491975900947215905e+01 6.271147424866489928e+01 4.267230520027271012e+01 6.271147424866489928e+01 7.984315233417851232e+01 8.649598459536352379e+01 8.949688648511725830e+01 6.961777545840347159e+01 5.548158051462420559e+01 7.544508403487716919e+01 8.600394280907433142e+01 9.594845490824998535e+01 9.199165772881151781e+01 7.294167309644878117e+01 6.165454790217981440e+01 8.099314397325859716e+01 9.520450698220372487e+01 7.390154378802213841e+01 7.695712116033109851e+01 6.534203834391205135e+01 8.559153595217823352e+01 8.685247555133803132e+01 6.686249837941784335e+01 8.685247555133803132e+01 7.990186445171508467e+01 8.005452635935355943e+01
7.606888947842620041e+01 8.753818931615539611e+01 6.866909617359188189e+01 6.866909617359188189e+01 5.677302564772492133e+01 3.659760153597861176e+01 5.677302564772472238e+01 7.621667109200178913e+01 5.983685410903613899e+01 3.997677164675790351e+01 4.728444291524608190e+01 6.105347764676266564e+01 5.809903650146853238e+01 3.711714409478174304e+01 5.212597421476369419e+01 7.211921450791875543e+01 6.625785428691548873e+01 8.050025780610086201e+01 7.118848494823959072e+01 5.117578421784154585e+01 5.781294725354921127e+01 6.782112714458787650e+01 8.772275240572206201e+01 9.034650456894925696e+01 7.118268956470946307e+01 5.729947727134956637e+01 7.679564102604666687e+01 8.541690637203032566e+01 7.693290488485087053e+01 5.711620952964704401e+01 7.695710446534195626e+01 8.291830664664416872e+01 8.150965495543182726e+01 6.154412257795227958e+01 7.445235030116461417e+01 7.817081246897460289e+01 5.975192030872863569e+01
7.692648475057768565e+01 6.869010930180184005e+01 6.866909617359188189e+01 4.868848295927653425e+01 5.281629944615538363e+01 3.256554408166186931e+01 5.281615628608984991e+01 6.011327572523120466e+01 4.801571104829168490e+01 4.784832997238066810e+01 3.294798962288743382e+01 4.941336240518109690e+01 5.009079097891458332e+01 3.213836029839468722e+01 5.368856992227021152e+01 5.782691290393207595e+01 5.184740927435175450e+01 7.048735962201324412e+01 6.223675956848813229e+01 4.703769773367835683e+01 6.710340951786473340e+01 8.600394280907433142e+01 9.594845490824428680e+01 8.654984634906986685e+01 6.726577236404727955e+01 5.327214814272717547e+01 6.778361468126777822e+01 6.729788591709021262e+01 7.217030727475633967e+01 5.320117818505412544e+01 6.629078492899064656e+01 6.447756146021355050e+01 8.029309612829683829e+01 7.156871400304004283e+01 5.434735345333270118e+01 6.900579256803726480e+01 7.162932721570791728e+01
6.869010930180184005e+01 4.862927478317327257e+01 5.450495717741836899e+01 5.601330406699476328e+01 3.591551163824913573e+01 2.874048388236197837e+01 4.597491979399792683e+01 2.628500337393956698e+01 4.689019305642867863e+01 2.776287479986043394e+01 2.840585757177191439e+01 2.907344762148871098e+01 2.974088398028310110e+01 3.041540097204714144e+01 5.074179397556104476e+01 3.873721966034680975e+01 5.776063732977932119e+01 5.767978592977329555e+01 4.211406838989509538e+01 6.223675956848813229e+01 7.534874803014299971e+01 7.712022648420104076e+01 7.712022648676966696e+01 8.532556612309950594e+01 8.065726521805983396e+01 6.770134609970956774e+01 4.794289661218054732e+01 6.190416552910414083e+01 6.389447512010116270e+01 5.397066624653191269e+01 4.857603174874682139e+01 6.586937734661425736e+01 6.763444162024853767e+01 4.826182820140502372e+01 4.922168528002541166e+01 5.022721016078754275e+01 5.125252031772699013e+01
5.800427282461142653e+01 5.446192528968709468e+01 3.436095087624537570e+01 4.386013221500103754e+01 4.078683994448531536e+01 2.501715667664698728e+01 2.563710853078235630e+01 2.728424564472270930e+01 2.693783177508082716e+01 4.723582363156854314e+01 3.752534516565440015e+01 4.332868931571374560e+01 5.009087249609338244e+01 4.457416345699196825e+01 3.137552286832560000e+01 3.206141706190207685e+01 5.233365794656479153e+01 3.750984351051629773e+01 5.767985383321975945e+01 7.049343898181534485e+01 7.086653909843279564e+01 5.640760332697744417e+01 5.640760332697787049e+01 7.712022648628456523e+01 8.064483248730438447e+01 6.174563280133273224e+01 6.109011297360895298e+01 4.300522597351686471e+01 4.376479272205318694e+01 4.452746707073131915e+01 4.531621559222224960e+01 4.612563039351887539e+01 4.694503439847244408e+01 5.816530245819467382e+01 6.890504486641167148e+01 7.082440932542991163e+01 7.165503707567721392e+01
3.790835500410901915e+01 4.690632207734631010e+01 3.607678068587473064e+01 2.355333049859338246e+01 2.415723530507180072e+01 4.447357245553886429e+01 4.009354783846178094e+01 4.663133906011500329e+01 3.095226652444691240e+01 5.082219831215981287e+01 4.728345439246865567e+01 6.206821554938273522e+01 5.823573170551314604e+01 3.803768241290917729e+01 5.167207441989088323e+01 5.233624633451988473e+01 3.303454409990091989e+01 5.327333107614938257e+01 6.222094691859544469e+01 5.719001506268904222e+01 5.689233078721210290e+01 4.090350624682717040e+01 6.247419019403543672e+01 6.983047274008744409e+01 6.175582889082313187e+01 6.105072452143087247e+01 4.195767064007933556e+01 6.209076147801906131e+01 6.394881085695942602e+01 4.777856109519414929e+01 6.679189494755253520e+01 6.684300314371031959e+01 6.743637091697323172e+01 4.990955320853331045e+01 6.952048253494393748e+01 8.022465767862003361e+01 8.850952744058452026e+01
4.726188792569492847e+01 2.800529118527292027e+01 2.270239712236642049e+01 4.299650828103015243e+01 3.048161198495290947e+01 4.967823530700582069e+01 6.046642198940689639e+01 5.626531823414160982e+01 3.581795010185632577e+01 5.047592131705498986e+01 6.655941159184494893e+01 6.494473880965979617e+01 6.320530636322607876e+01 4.296828858562611941e+01 6.320530592208203302e+01 6.152867433363653049e+01 5.316545669813491770e+01 3.402833725220263972e+01 5.406466826841699458e+01 3.603103535662599199e+01 3.673594868525403712e+01 3.743891798180073494e+01 5.758898953585301683e+01 5.835089110675417601e+01 4.017726466603016888e+01 4.091299994177108346e+01 6.080613056129610783e+01 7.021186480278784359e+01 7.566326896969412985e+01 6.156690342322622200e+01 5.246783818579262260e+01 7.209455467987068289e+01 7.888456527899076320e+01 7.036170994013993152e+01 5.295599581509812737e+01 7.305181336303058970e+01 6.854107610086008151e+01
4.725944063848306342e+01 4.239019499623717024e+01 2.210395314396158284e+01 4.239019654965642303e+01 4.967823530705252466e+01 4.066519280468611441e+01 5.991115188215179188e+01 6.322759134485287547e+01 4.253232842951796044e+01 6.345550570820905278e+01 7.921452406420030457e+01 8.034471581585819422e+01 6.871799731832703628e+01 4.839998425967382190e+01 6.871799732791527049e+01 6.934013591046756630e+01 5.092671920999077173e+01 3.787269744426869522e+01 3.503045246645299216e+01 5.287420818407916556e+01 5.576475514259378485e+01 5.661067776940183194e+01 3.843519312499179108e+01 3.913974323342518602e+01 5.617798643848140472e+01 4.964064836702124950e+01 5.558239041385269985e+01 7.525770562434085775e+01 8.904177765537534128e+01 7.552637997698539607e+01 5.578018253320778541e+01 6.963702506702891526e+01 8.975161111221157739e+01 8.137394142593477397e+01 7.305396263034587889e+01 5.597823637716106759e+01 7.588285615807437523e+01
4.924409956328215543e+01 4.093253704720100217e+01 2.150570555495385960e+01 3.587352174475048372e+01 5.605734684461522477e+01 5.418846263483212766e+01 5.622738670241280090e+01 7.158785722258859607e+01 5.726119229137069766e+01 5.732609099301541278e+01 7.837499492048520722e+01 9.266272072382813008e+01 7.070636079515557526e+01 5.457536564154708714e+01 7.499459051742459792e+01 6.378530736825945979e+01 4.374524440331732933e+01 5.743803324361872598e+01 5.056329803421215274e+01 4.796799484205592989e+01 6.701021005045406298e+01 5.776509200137311240e+01 5.858043234440656022e+01 4.169952017351426576e+01 4.441874813154484514e+01 6.411763011391505529e+01 7.474532407040524618e+01 8.350532523021524867e+01 9.705310830346178363e+01 7.923399678118646250e+01 5.927902161239226331e+01 7.071009887340171929e+01 9.087785786248565501e+01 9.211103358104899996e+01 7.208392809466205620e+01 5.812715876895818923e+01 7.794971727383256166e+01
4.006268557717091028e+01 2.066219031941134432e+01 3.965212448586683536e+01 3.590304652345441383e+01 5.617746961956347462e+01 7.372694587627775320e+01 7.536147857455782173e+01 8.327001502687772927e+01 7.823549078317122962e+01 7.898208404319717602e+01 8.741597697951706891e+01 8.929218530276104104e+01 6.908231271638339877e+01 6.908170549589236487e+01 8.333219903458292777e+01 6.887039812012345408e+01 4.852685161459795182e+01 6.883860708196601763e+01 7.275092882373135694e+01 6.189047538114289182e+01 7.397578971160193362e+01 6.256296788437287404e+01 4.639028394544229883e+01 6.217323565997258328e+01 6.436676638719920618e+01 5.042916548501095519e+01 5.810165470547185862e+01 6.937919132830012359e+01 8.885019451223507758e+01 8.334260450990436198e+01 6.321461953267652234e+01 8.334260450990436198e+01 9.921659747528202900e+01 9.431396999944448112e+01 7.426968853796350345e+01 7.794973148392776352e+01 6.120210132038155848e+01
1.982209396739597196e+01 3.942012354312510070e+01 4.875524825714888522e+01 5.610495057409631414e+01 6.445556051403403330e+01 7.084036653816076523e+01 9.033075973031468209e+01 9.195551028437265018e+01 8.358501022979571360e+01 8.466499290107938691e+01 9.598778142675423908e+01 9.768457159686863633e+01 8.929807932798303227e+01 8.926955772916069520e+01 8.329530396246043722e+01 6.289540648427255576e+01 5.758794469940862371e+01 6.289540648427255576e+01 8.329530396246043722e+01 8.108705468591409726e+01 7.690047251032544295e+01 5.578941405584392754e+01 5.163004894389337807e+01 7.318807540144672430e+01 7.523456947306905818e+01 5.573041678907500085e+01 7.523456947306905818e+01 7.399858055209030283e+01 9.343456030874430951e+01 8.774824296198984541e+01 6.755907127070021545e+01 8.183501840118395876e+01 1.020240298940448866e+02 1.026513153848144952e+02 8.436905186529403977e+01 6.450308852408950600e+01 8.098133861641784392e+01
2.041359307345425478e+01 3.466050011084711002e+01 5.549506901681809268e+01 5.829838970695392675e+01 5.100965234565935447e+01 6.513901999249171126e+01 8.460463469250395008e+01 8.095420565411259872e+01 6.425838461389177780e+01 5.976249343187213015e+01 8.528535452486879365e+01 8.929873719336795546e+01 9.009306049470818323e+01 9.816294144758360574e+01 9.169827194893008482e+01 8.329530396246043722e+01 6.779497530785646120e+01 8.329530396246043722e+01 9.169827194893008482e+01 8.726777381733188577e+01 6.653317120331898593e+01 7.690047251032544295e+01 5.720228284158794452e+01 7.851667292139966037e+01 8.331186639700590035e+01 7.523456947306905818e+01 6.455270404294876130e+01 8.387638013766262191e+01 1.016379364500481870e+02 9.314135539907536554e+01 7.296217641115164554e+01 8.404414261180072288e+01 1.042295994763956344e+02 1.037589793786746526e+02 8.677903685639732601e+01 6.685276395870212696e+01 8.677572962259415590e+01
2.119696204201522249e+01 4.136563283616157349e+01 5.096214911401828829e+01 3.655967334706976857e+01 5.786621039683038248e+01 6.913689189838952132e+01 7.176617380865981488e+01 6.344297314826555834e+01 5.217786824693881442e+01 7.253565099106877767e+01 8.412646512534369947e+01 7.060770073678602898e+01 7.075114558344046145e+01 9.009306049470818323e+01 9.975085350469477419e+01 9.659354962957949908e+01 8.820121404359450423e+01 9.659354962957949908e+01 1.001398048568099171e+02 7.978733675824217642e+01 8.726777381733188577e+01 8.490718174807541629e+01 6.371226175053767093e+01 7.469590269985125985e+01 9.551715083171056619e+01 9.198751555142419534e+01 7.569096125127893515e+01 7.819281799634637764e+01 9.759771294181855694e+01 9.896799467050497867e+01 7.878392415952070849e+01 9.896799467050497867e+01 1.125482305538119761e+02 9.537434788396336671e+01 7.521656132248041615e+01 8.677901274528719000e+01 7.061846202021293095e+01
4.136563283615717523e+01 2.233409183070490300e+01 4.266311306777745216e+01 2.649385440644406131e+01 4.007988657184741044e+01 6.100279964221003581e+01 6.344294511133275449e+01 4.356153842893282757e+01 6.344296915742317111e+01 7.578371827725952414e+01 6.767431817355932822e+01 5.696458129852838681e+01 7.641626129981759163e+01 9.399234547099392501e+01 8.007487573873547149e+01 9.206457786989625447e+01 1.002218868846580335e+02 1.039646785766904600e+02 1.083818405365901754e+02 9.427858860888201775e+01 9.952180266479582826e+01 7.885360755542828315e+01 7.449468790029823140e+01 9.334811666397263252e+01 1.038780541781393367e+02 1.032304749316360812e+02 9.505787027707964398e+01 9.759771294181855694e+01 1.057822131065018283e+02 1.057073328922742519e+02 8.548931822696653171e+01 1.057073328922742519e+02 1.062216243527224009e+02 8.592823591073326384e+01 9.537434788396336671e+01 9.367952208148605564e+01 7.352726577339225855e+01
