MOVIE_S2_data/elevation_000316.asc
nrows	100
cellsize	150.0
xllcorner	0
ncols	100
yllcorner	0
NODATA_value	-9999
[rows 17 to 33 of 100, columns 37 to 73 of 100]
4.182680118228410748e+01 4.569776919650164615e+01 4.859604333777287621e+01 4.044392575962344694e+01 2.185807598776588989e+01 4.188583200768839276e+01 5.054037332304958596e+01 4.749910219437543191e+01 6.019668268211204065e+01 5.427270437786345525e+01 7.449843144743304890e+01 8.246827969265517311e+01 8.273072995218272752e+01 9.083040262560670897e+01 7.756489837670261522e+01 5.983294949343547131e+01 7.933564448955750947e+01 9.247613437885614474e+01 9.176948222962958823e+01 7.681449240191371075e+01 5.653807953370886707e+01 5.715677992496770088e+01 7.742532935104280511e+01 8.794189388241450445e+01 6.768525554978016601e+01 5.331414647616498570e+01 4.895405260136118386e+01 6.929746994320881015e+01 8.427868041810421573e+01 8.649553985039622717e+01 7.816041332143304032e+01 6.852811780057848523e+01 4.822164689084380740e+01 5.736607147083250169e+01 7.167513878210777989e+01 9.176269607955073582e+01 9.299431354972270469e+01
2.586573445310816766e+01 4.549950417825079541e+01 5.747581892216994959e+01 5.024791841678566584e+01 4.188581266306265150e+01 2.326695698125320888e+01 3.240152737663553495e+01 4.826629609060020698e+01 3.995781830710262739e+01 5.735339893753999974e+01 6.226451547189203950e+01 6.226451547189203950e+01 7.616301787699674719e+01 8.449823500374668583e+01 8.737907425242413240e+01 7.119759218899088182e+01 7.369378091473805625e+01 9.295630804894545918e+01 9.105885870699296447e+01 7.091428269093960068e+01 7.681449240191371075e+01 6.397451762641212980e+01 8.415073521335831686e+01 8.794189383039491759e+01 6.768525554977564695e+01 6.505908895121955027e+01 6.929746994320881015e+01 5.560157457169673734e+01 6.994401791555479520e+01 9.015770805282073752e+01 8.383721381328956568e+01 7.125623158204903973e+01 5.099523713756334331e+01 7.126085220691615518e+01 7.755850435970485535e+01 9.762158437372772823e+01 9.842213525887747494e+01
4.549950417825078119e+01 2.960916844640647483e+01 4.937714115444192231e+01 6.020628848478445150e+01 3.978410420927086477e+01 4.334216806412658940e+01 2.470567778029456463e+01 2.832764254567767637e+01 3.259436987954960330e+01 3.710152018597265311e+01 4.201546326267560971e+01 4.877398085203698486e+01 5.593061371200673904e+01 6.762057478148359735e+01 8.783221215585082575e+01 8.486063980153819841e+01 9.295630804894545918e+01 1.010644399410698924e+02 9.937626769644262481e+01 9.105885870699296447e+01 8.046082939218311481e+01 7.564858742943688696e+01 9.247240355384892041e+01 9.636993070463475419e+01 8.794189382760269780e+01 7.937035689288288154e+01 8.109844876272819647e+01 6.086505261070265504e+01 8.109844876272819647e+01 8.982829791210757264e+01 6.963832358956851465e+01 5.531451988045235169e+01 7.124190175767326139e+01 6.274731712880132051e+01 7.440817013151263382e+01 9.447831106392993661e+01 1.017997963480569155e+02
4.647449426267457540e+01 3.239684831836776624e+01 4.390642985551755118e+01 6.339506655313264361e+01 6.012324251469937764e+01 4.591259825809239459e+01 2.577503555620512543e+01 4.591259825809241590e+01 5.282494118116813553e+01 5.735339893753999974e+01 6.226451547189203950e+01 5.855450886227281870e+01 7.616301787699674719e+01 8.449823540069165517e+01 9.614209883837443726e+01 1.046220773671733895e+02 1.038876280677601471e+02 9.918723966181197227e+01 1.054526980088666193e+02 1.088805189980707553e+02 1.005689333165132098e+02 9.576488507292701513e+01 1.040791197908651640e+02 1.130901852384786679e+02 1.080978896272219885e+02 9.278312838792999173e+01 7.254466960691554789e+01 6.991617528004249493e+01 8.950861122177042262e+01 9.286591089474389094e+01 7.279030318786493581e+01 5.850529985214625839e+01 7.864434897241929434e+01 8.289016268621587358e+01 9.118510116704325696e+01 1.027605017633431004e+02 9.352287207155231386e+01
5.522828209090945251e+01 3.542646638974891005e+01 5.509624829654440958e+01 7.101356086600485185e+01 5.754054373494042096e+01 3.832498144909905591e+01 2.685488162197548334e+01 4.684692627799102382e+01 4.486806677578199043e+01 5.916636027534614328e+01 7.932010229636776444e+01 7.877215182705084828e+01 8.710036062898838338e+01 9.465822391181841056e+01 9.848991406910252522e+01 9.662780351424841285e+01 7.979073521225281240e+01 7.776191721142204472e+01 8.403724886803287575e+01 1.023589469679373991e+02 9.420627020300186416e+01 1.017087693694624022e+02 9.708877534705449364e+01 9.349254053892509830e+01 1.130901852384786679e+02 1.012119997412929564e+02 8.420969990130717520e+01 8.157747015406320656e+01 9.857270804580194579e+01 9.814928135133440890e+01 8.197971067648236954e+01 6.185171545028079976e+01 8.197971065640875565e+01 8.832151279231267438e+01 1.082678835960340393e+02 1.000408708948390171e+02 7.995139822585421996e+01
5.835076608739209547e+01 3.860244332273957468e+01 5.012092860931996796e+01 6.959293317011280067e+01 6.563422395236746354e+01 5.489968323522331417e+01 4.701225273493151491e+01 2.840530196954668440e+01 4.265824494790306431e+01 6.289572960074701768e+01 7.344204165743228430e+01 8.177967734955802825e+01 8.848344119053844281e+01 7.390391372922137236e+01 7.929019480509148821e+01 8.154456820006187456e+01 6.246602467023763694e+01 6.315386956804238139e+01 8.282787841175289145e+01 9.020462772235752880e+01 7.424194962325040592e+01 8.191222625256953904e+01 7.719444797857008211e+01 8.879754073916647883e+01 1.084148124501716239e+02 1.129418515216438692e+02 1.044946494981859786e+02 9.588923569489595877e+01 1.014292297336035489e+02 8.138709117860001641e+01 6.977239278333938444e+01 8.197971050409590532e+01 6.824258144601914466e+01 8.246463093217897722e+01 1.025368228056350404e+02 1.049088368148367181e+02 8.483769913150212005e+01
4.372546303514923238e+01 5.012092860931984006e+01 6.641132565230481077e+01 7.765004139394486060e+01 7.526919191205570314e+01 5.540572485621928678e+01 4.114893506346790986e+01 2.951391572206308922e+01 4.970936477944967891e+01 5.913339628112334623e+01 5.320656130706905884e+01 7.344204165743228430e+01 7.942711521789219375e+01 5.903029977603852529e+01 7.496762123009688139e+01 7.221312233077775034e+01 5.151615588689486458e+01 7.193669012025043230e+01 7.062114576262889898e+01 7.643047542069227518e+01 6.250330446990110289e+01 6.758795890601059853e+01 8.771049948745566383e+01 1.052256993897753858e+02 1.165594523413934667e+02 1.206478915736081774e+02 1.227877753659830944e+02 1.162445877268745278e+02 1.097134819648200477e+02 8.985795277335765263e+01 7.798846148624858188e+01 9.351924687386177482e+01 7.344113439304612712e+01 8.765376196100665140e+01 1.076797807259829369e+02 1.104632865754274746e+02 9.043643285920377650e+01
6.333043358728660621e+01 6.959293315145602321e+01 7.765004286082724150e+01 7.819148964638188204e+01 6.984717996133112194e+01 6.268256278459955411e+01 5.238274911170029924e+01 3.216096948595313876e+01 3.126112804456512251e+01 3.888201906688956200e+01 5.913339628112334623e+01 7.089086660180559818e+01 7.120095129849175919e+01 5.109249798809420895e+01 7.120095129849984517e+01 6.361475677811105101e+01 4.610365790120075502e+01 6.586994075972287987e+01 5.214165949789467192e+01 5.625748688813997944e+01 7.643050778747431195e+01 8.771049948745566383e+01 8.771049948745566383e+01 1.074518754754148659e+02 1.150013959004180606e+02 1.011989781597841755e+02 1.033233098256069127e+02 1.227877753659830944e+02 1.181723041056243773e+02 1.063308224853367108e+02 8.804119399058932061e+01 1.006114470010554243e+02 8.055320962645953387e+01 8.984525179250708504e+01 1.098666569860893105e+02 1.180041698035330455e+02 9.805286843368790528e+01
6.691572428764388292e+01 8.621738447665750016e+01 8.152657622087487255e+01 6.129726849761520668e+01 4.960585179837568148e+01 4.243864194441121640e+01 3.603202744049523432e+01 5.238702862514909953e+01 5.147909516469034941e+01 3.304295731229996136e+01 5.328208294832872838e+01 5.059401037948488522e+01 5.795106775294051715e+01 4.498328716570723174e+01 6.090248123284997916e+01 4.333187837219317373e+01 6.361061823577303898e+01 4.909529568656662235e+01 6.937162347424174413e+01 5.576252933032154857e+01 7.008313942007251285e+01 9.011126635144259467e+01 1.021492339574466115e+02 1.052034618773962649e+02 9.709003813483442968e+01 8.728437415294163770e+01 1.068954242827606294e+02 1.151283836343501719e+02 1.232503437436407836e+02 1.163338438889106925e+02 1.022075124576406466e+02 1.089139649012576854e+02 9.060752733683878546e+01 1.089139649012576854e+02 1.181774238673684465e+02 1.262392912618452954e+02 1.096025329522604892e+02
7.121726752553871620e+01 9.053752512551864129e+01 8.984677815937800460e+01 7.819148964638188204e+01 6.984717996133112194e+01 5.937418532743819810e+01 3.911614410714575740e+01 5.937418532743819810e+01 6.158395644873863262e+01 4.734022826522010519e+01 3.484832996398546356e+01 3.625389425216134498e+01 3.767486682040532742e+01 3.911173280623175685e+01 4.060698645579293498e+01 6.090248123285480375e+01 7.199960418859676281e+01 6.973528001086671679e+01 7.753960101986335474e+01 5.838733579873212420e+01 7.857674384744800022e+01 8.522139968826704148e+01 8.236206714819255126e+01 9.121898706021748637e+01 7.718038796059423134e+01 8.306405339372017238e+01 8.914327927682464292e+01 9.575148386096003605e+01 1.094367668413327976e+02 1.288691610278715132e+02 1.221617294555595379e+02 1.189457005435406813e+02 1.106187825303944408e+02 1.189365671347554780e+02 1.181764464415580278e+02 1.264191619971784348e+02 1.294810191757430005e+02
7.121726752565976426e+01 9.053752567939136497e+01 9.376908917111592245e+01 7.360084555326646694e+01 7.360084555326646694e+01 6.257599994433475388e+01 4.232594627430965062e+01 6.257599994433473967e+01 7.550099816339525205e+01 6.335256326262302196e+01 5.403198216079061922e+01 3.943111875657336896e+01 5.794226486449292679e+01 5.938838231968274073e+01 4.469833073834327308e+01 4.489099617967934819e+01 6.511963791035111626e+01 7.788652690176890303e+01 8.676915130391761011e+01 7.857674384615447138e+01 6.224389427284550891e+01 6.505750330031651174e+01 6.802794329835089115e+01 7.114414591358496409e+01 7.796275442999126426e+01 9.784707750083497046e+01 1.086694209993674320e+02 1.151283836343501719e+02 1.115559343673465378e+02 1.310239011726730212e+02 1.246075626384223511e+02 1.304532536604516224e+02 1.190804924742946298e+02 1.108112552334137462e+02 9.826301946613634186e+01 1.085824639052233636e+02 1.168500507896916218e+02
9.053752569715484810e+01 9.866688565393347687e+01 9.054495920609778636e+01 7.360084555326646694e+01 5.336821706520769482e+01 4.830866331885899001e+01 6.257599994433475388e+01 5.027838775904049839e+01 7.051245347833472010e+01 7.550115025914605837e+01 5.456829874354438203e+01 4.272673274550822242e+01 6.298652159925605076e+01 6.890001002156793675e+01 4.888609660596384998e+01 6.511963690675439409e+01 4.929293130407698698e+01 6.951458744628304487e+01 8.251150327300616993e+01 9.060566984337478402e+01 8.242517468344726694e+01 7.680591291948589117e+01 8.815760804632446934e+01 9.121898698248750748e+01 8.132536820407844402e+01 8.873189156568842861e+01 1.026166932900012085e+02 1.220696500478826323e+02 1.310239050811913728e+02 1.187812265313887110e+02 1.046866395558202356e+02 1.105210713202506980e+02 1.108112552334137462e+02 9.091933165733752276e+01 8.680781669733413253e+01 8.875799021094823615e+01 1.024793439130728814e+02
1.033265006532106014e+02 9.648503434363871634e+01 7.632403121768760457e+01 6.199411382416807470e+01 6.111025035248969317e+01 6.854268843125173305e+01 7.661329891214627708e+01 5.637908370424052862e+01 7.661329891214627708e+01 8.400416496357570395e+01 6.651097532369622911e+01 4.626453151665452168e+01 6.651097494339070693e+01 7.719067143906768536e+01 6.890124972015344440e+01 5.535699881751902751e+01 6.951458744628304487e+01 5.389326572594175957e+01 7.413833896054794081e+01 8.272365929778385407e+01 9.108010656920843928e+01 9.671716839963383450e+01 1.048479765050004886e+02 1.085110476766448642e+02 8.893660066044196810e+01 1.083143323982873767e+02 1.047410612813570481e+02 1.242135656464673445e+02 1.191551180402711481e+02 1.105211845263922470e+02 9.064213339962624616e+01 9.989534792230445248e+01 1.081448607057311051e+02 9.674554118192563124e+01 7.691413492708764466e+01 7.741237270242095292e+01 8.282760675226596447e+01
1.080698076946152071e+02 8.800439165655397744e+01 7.369893011304723984e+01 8.222905231775563095e+01 7.542793578375221841e+01 8.133212478277776825e+01 8.376646416372901172e+01 6.353425753836046397e+01 8.376646416372901172e+01 8.447941464432388159e+01 6.429406724168774190e+01 4.996653755242903117e+01 6.166248341536317668e+01 8.187717794165321550e+01 7.983232546473780644e+01 6.002790391062319486e+01 7.921245285050051166e+01 6.303235019025560604e+01 5.882691692894049140e+01 6.249146166884672482e+01 8.273876348169342521e+01 9.683043502649280754e+01 1.084930158804709492e+02 1.166230920590048896e+02 1.002979195174766289e+02 1.166230920590048896e+02 1.242135656464701441e+02 1.147746868483836380e+02 1.058804742352798058e+02 9.101036430547813438e+01 9.101028702145195837e+01 8.002781862988923933e+01 9.357194764276125909e+01 8.532332393727480735e+01 7.067945120587866370e+01 9.047460632935840863e+01 1.024793439130728814e+02
9.451282056915418650e+01 1.021670001187187751e+02 9.388141594677286150e+01 1.021670001187187751e+02 9.558609793903931973e+01 1.014518766179579075e+02 9.207817564529749177e+01 7.786489541307709317e+01 8.376646416372901172e+01 8.600025546352048877e+01 6.580138326649301916e+01 5.409480666094943757e+01 7.433843116323981803e+01 9.009756000675800180e+01 8.477861507192227464e+01 6.504279419632558756e+01 8.471857548562819318e+01 8.337893730878303700e+01 7.311458899201190320e+01 8.273876348169342521e+01 6.820178013113080340e+01 7.992564370427196252e+01 1.001466962903099613e+02 1.177114631917672654e+02 1.197303688540512923e+02 1.278855281710075928e+02 1.205947744597864357e+02 1.006883259150702372e+02 8.664871715968246235e+01 7.776584964883974749e+01 7.115553080249677009e+01 8.515540376840336023e+01 8.532336890170439858e+01 6.553845635993039309e+01 8.396370095646435061e+01 8.797494946638921931e+01 9.228120486003859924e+01
8.631892652424178891e+01 9.452769168177658798e+01 8.631738558355438329e+01 9.452351696961633820e+01 1.000831441471957817e+02 9.542965110284697516e+01 1.036040722281877748e+02 9.801411148083003866e+01 1.038736377362776153e+02 9.419596483474497006e+01 7.898856030337776701e+01 5.873301756522617723e+01 7.046212872291077645e+01 9.063259825429227590e+01 9.310476140075819274e+01 7.380628444897341467e+01 7.551857637033701565e+01 9.541220709067981431e+01 9.335213436851185520e+01 9.409001361293346122e+01 7.383421577999021679e+01 7.905774949382632144e+01 8.919555442208175577e+01 1.093700901278962903e+02 1.177617998717704637e+02 1.095699862458922382e+02 1.114470573245868366e+02 1.147746868483838938e+02 1.058804742352797916e+02 9.763262052689512416e+01 8.515549918049238443e+01 6.536920942989961247e+01 7.977035184454514649e+01 6.219435716400292335e+01 6.406418799795335417e+01 6.789783811184696560e+01 7.206018363242610292e+01
8.609060588800370795e+01 8.463288154884162395e+01 6.654957991685034813e+01 8.462954644629043344e+01 8.031506105936800566e+01 7.565145501293031316e+01 9.219246403606821616e+01 1.036040722281877748e+02 1.021764621713653440e+02 8.218751051810291131e+01 7.046216305052247719e+01 6.702201005770467646e+01 7.898856030337776701e+01 9.880803481290375601e+01 9.365541701378847961e+01 8.774770687324163987e+01 8.534144536762133271e+01 1.037904954937765609e+02 1.083606350024472391e+02 8.817892868990534794e+01 8.152090359812783049e+01 9.928282227498253576e+01 1.076295668292174241e+02 1.177114631985865714e+02 1.063631712487858749e+02 8.984343321177455266e+01 9.172246887011100114e+01 1.056810003493656041e+02 1.066980625080526295e+02 9.845690304283023409e+01 9.339491929439131468e+01 7.977035184454514649e+01 6.016030126571221359e+01 5.897891460785044870e+01 7.855266722764854137e+01 8.797494946638921931e+01 8.636612341979757446e+01
