MOVIE_S2_data/elevation_000225.asc
nrows	100
cellsize	150.0
xllcorner	0
ncols	100
yllcorner	0
NODATA_value	-9999
[rows 34 to 50 of 100, columns 0 to 36 of 100]
2.978181695229736945e-03 1.921416962906085502e+01 3.265472742116015326e+01 4.650099451041776888e+01 3.818479273676145880e+01 4.354247238629996986e+01 4.933323952068849394e+01 5.602420682703708366e+01 6.434818256324832930e+01 7.439186823272690674e+01 7.764644513689634664e+01 6.754410150928306678e+01 4.757017072039325711e+01 5.861148810491630456e+01 5.821597297403373261e+01 3.862485646779180826e+01 4.965911905451743991e+01 6.986471176057034427e+01 6.297340065079364990e+01 4.301630504143834344e+01 6.135020030801369728e+01 5.974953772784973438e+01 5.377060859387388803e+01 7.377632944825995764e+01 9.206159184091647774e+01 8.946037826280863214e+01 6.929454464814905634e+01 5.518192986461005489e+01 5.275948152021922510e+01 5.461330166051950386e+01 6.871965378226636290e+01 8.888215628637713905e+01 8.461947350403721657e+01 6.454248703137467658e+01 5.066595936171469106e+01 6.945829518653658852e+01 4.974368057295070145e+01
1.893497408783086870e-03 4.167531904920131147e+00 2.455859149012502485e+01 3.421147578829449287e+01 3.920105730957896384e+01 4.494126124696217772e+01 5.173632027821350476e+01 5.993259549124103103e+01 7.129586979106811384e+01 7.176174242756282240e+01 5.758663350756088306e+01 7.176174242755784860e+01 5.861148810491630456e+01 3.868438912928615281e+01 5.079543683368328999e+01 3.484822443277941773e+01 5.427347522397253243e+01 6.125931408792649790e+01 5.298396441863049944e+01 3.751791199923283671e+01 4.140333525399238113e+01 4.563335506933834296e+01 6.560902810995962398e+01 8.205955599030743031e+01 9.265401945972615749e+01 8.421448156561568510e+01 7.937746145547882293e+01 5.931541903443511643e+01 4.534072811079541765e+01 6.519145521510665731e+01 7.917985856979454695e+01 8.752891301212979158e+01 8.023831698220895703e+01 6.026009762106339451e+01 4.656513220169543388e+01 6.069037231051815695e+01 4.620418266341988556e+01
9.179827644033159914e-03 1.787758182669615792e+01 1.043307067280076872e+01 1.505473733693609439e+01 2.020446500415962277e+01 2.590315856654148874e+01 3.251699099997065900e+01 4.346164594920367108e+01 6.303973561968388140e+01 6.346201630446845598e+01 4.344393404294216054e+01 6.346201630446845598e+01 6.560156483227959257e+01 5.079543683368078177e+01 3.090594313416152872e+01 3.111610890490335990e+01 5.053549046188305738e+01 4.878923226255687240e+01 3.308660261308291695e+01 5.298396445149860767e+01 5.549334851417660275e+01 5.974953772784973438e+01 5.974953772784973438e+01 7.975508925904389912e+01 8.421448156561568510e+01 6.402505357598484181e+01 6.993840012587020283e+01 6.144002041069115450e+01 4.165357670485137476e+01 6.144002041069115450e+01 5.913669156709162422e+01 7.917985856979454695e+01 8.611735398695630295e+01 6.611158239517611435e+01 6.069037248165577836e+01 4.138403125806539862e+01 5.716553308459472760e+01
6.604900230173384179e-03 2.000660490022981719e+01 2.976134386572540791e+01 2.858263183898693427e+01 3.609544942588440364e+01 4.494126124696217772e+01 5.173632027821350476e+01 5.993259549123043683e+01 5.647094918334303060e+01 5.589589239183525393e+01 3.590713576676829177e+01 5.589589239183525393e+01 5.732411843273794716e+01 3.740370679062140624e+01 2.593277185912860716e+01 4.582306340880289497e+01 4.477095336867289177e+01 2.889976647952441269e+01 4.878923226255687240e+01 6.125931408792651212e+01 7.548989134150423297e+01 7.975508925904389912e+01 7.975508925904389912e+01 8.803694285837435984e+01 8.425598278892094584e+01 6.402627586725191122e+01 4.997509454211328261e+01 4.343931503358301427e+01 3.814847067018889248e+01 4.515751289756955345e+01 5.913669156709162422e+01 7.917985856979454695e+01 8.259298750045297766e+01 7.431450950346281559e+01 6.893958318101152827e+01 5.716553300570373608e+01 3.794408542220664060e+01
5.101467937297931264e-03 1.414723709166837295e+01 3.414723709166907639e+01 4.780070719119444078e+01 5.143891413041034610e+01 4.565349131747597511e+01 5.281961328558779201e+01 5.062910874929340821e+01 3.652361382714433802e+01 4.957489253880767421e+01 2.959289944452654098e+01 4.141727801801673081e+01 4.970601496716041368e+01 4.301015140173827689e+01 2.310520957205698878e+01 4.090559712979515439e+01 2.487281430566841678e+01 4.477095336867289177e+01 5.705957429030921446e+01 7.508070360885309924e+01 8.662302738268681424e+01 8.619053665743496140e+01 7.776766679258714987e+01 8.619038813311748015e+01 7.846709961853468940e+01 6.981613830705597934e+01 6.984478138654016277e+01 5.439709560366709695e+01 3.469462401578681465e+01 4.600234201007146595e+01 5.999163862450465246e+01 8.004298591636211313e+01 7.431451053591038658e+01 5.455731694489857375e+01 6.034406428473683093e+01 5.474385839393292486e+01 3.553382850212901189e+01
5.600358222118538565e-03 1.945687307659873255e+01 3.264153966648084548e+01 3.841022387928515514e+01 3.709601366931568833e+01 2.034602539171124391e+01 2.929544315665489407e+01 4.062553403177127365e+01 2.233472662886165949e+01 4.062551085722879662e+01 3.455303917464674157e+01 2.142019886596001754e+01 4.141727801801691555e+01 4.024682442292687057e+01 2.032190147467595764e+01 2.098266570381233365e+01 4.090559712979515439e+01 5.303668267617204890e+01 4.683744463285032822e+01 5.835022369079852211e+01 7.834194189582431989e+01 7.596639409504251716e+01 5.727287530850026087e+01 7.596639409504251716e+01 6.986749516617862810e+01 4.967078909828160249e+01 5.555671375960489655e+01 5.166187680883423639e+01 3.203189840995506898e+01 4.589919977055383526e+01 6.575802298605346152e+01 7.492974520200129973e+01 6.667375809196791181e+01 6.034406428121645405e+01 4.095934111337616201e+01 4.998249366904749280e+01 3.341417096572237000e+01
4.575904209876861112e-03 1.290861622784697893e+01 1.622259058802834630e+01 2.293315357506387286e+01 2.368991751418729308e+01 8.698194014699792476e+00 2.668381737350655669e+01 3.198180255307411102e+01 1.216356647099159538e+01 2.836518394341285543e+01 1.451454157526586286e+01 3.455303917464701868e+01 4.946233998373212870e+01 3.729190566699337239e+01 1.757855483789738216e+01 3.753800790926273834e+01 2.852714305032381858e+01 3.426485148425815197e+01 4.419709377634138292e+01 5.829650301576113947e+01 7.828785991058776972e+01 6.752026606843880074e+01 4.701258650044766085e+01 6.752026606843880074e+01 7.055641195654612829e+01 4.975304820487340152e+01 3.573148556259322817e+01 4.559549559041933975e+01 2.945756058752088080e+01 4.332413057164079362e+01 6.315096727465227389e+01 6.356865278205423664e+01 4.710086585252918212e+01 5.562506184025606615e+01 4.748685919587904891e+01 3.073210754646021314e+01 4.967613255636418756e+01
4.658155261040713979e-03 9.486761064036997482e+00 1.689355259636358397e+01 1.160353018115881651e+00 1.499425206505616393e+00 1.056321023330877473e+01 1.739758864189189325e+01 2.264307101126539834e+01 4.562210469268936919e+00 8.189547489596105123e+00 2.836518394341285543e+01 4.283281167617442975e+01 5.020977435159134927e+01 2.995964387854956712e+01 1.578133848079365009e+01 3.576701482876320881e+01 4.842705529578068990e+01 5.417446778013469810e+01 6.244992958285062201e+01 7.243262303854653794e+01 6.969204700119473728e+01 6.068437155609728251e+01 4.021760788771112516e+01 6.068437155609728961e+01 7.205903212759812959e+01 5.288562839401013349e+01 4.559801185509398636e+01 2.592480262236404442e+01 4.559801185156773329e+01 5.739359234053837611e+01 6.925274462183652702e+01 4.962426080652767268e+01 3.603550890695198916e+01 4.503681106215861263e+01 2.819515968581222509e+01 4.748685932229421525e+01 4.428082517802912577e+01
5.330849696878311485e-03 3.432477610748035368e-01 6.812129152860922909e-01 6.195783298969948838e+00 1.533524646932522195e+01 1.979854987339092487e+00 2.319897114865062893e+00 2.660134499928518359e+00 3.000536635096460625e+00 4.466456128138997173e+00 2.738202553141084650e+01 4.354235228551282688e+01 3.989422932305125613e+01 3.160272431961228179e+01 1.400469148695873756e+01 2.113175696305846785e+01 3.111144603024001398e+01 4.518521207768128534e+01 6.514282084957351060e+01 6.010967164674811158e+01 4.921693146408606623e+01 5.477612495946154780e+01 3.432682656141201250e+01 5.477612495946154780e+01 7.079378963296868221e+01 5.306734908025045172e+01 3.344754649992401596e+01 2.362590461867134550e+01 3.752041835516502744e+01 5.728815892564286116e+01 6.297174778069462064e+01 5.478031319078888117e+01 4.503553266100367836e+01 2.569350515121590917e+01 4.503681106215861263e+01 5.562506492002580671e+01 6.377784089236043030e+01
9.384206039104543359e-03 1.362673435350225937e+01 4.709348984357276002e+00 5.773608576110694557e+00 1.224842153190485661e+01 1.932619000588098501e+01 1.773727998782635140e+01 2.269035046381878473e+01 2.304689319232665312e+01 3.484568843339705513e+00 1.513862960602358676e+01 3.523814609644842477e+01 2.927990603910492950e+01 1.155834216476679011e+01 2.578588475669810975e+01 4.106900272788271877e+01 4.107105348049469740e+01 5.930659659234310510e+01 6.010967164674811158e+01 3.960886589337434316e+01 3.470107927347316945e+01 4.244684202684996421e+01 2.894375019350685818e+01 4.949613822793455853e+01 5.672691645630765578e+01 4.264300789180889240e+01 4.112292042026138006e+01 2.143595948985005251e+01 3.533710615885632933e+01 5.509174345136713669e+01 5.478066626012280693e+01 3.538168848877441519e+01 4.106326349665867070e+01 2.398681941327118494e+01 3.370825844236453861e+01 4.730159545176055502e+01 6.687922610350936736e+01
9.768314284573654735e-03 1.998663332211606303e+01 1.094656389413063380e+01 2.679422063730024917e+01 3.167575446243833426e+01 3.016387482740958248e+01 3.784889983484381304e+01 3.492116518796922264e+01 2.387443561819175031e+01 3.826890139784628442e+00 2.067068547291418312e+01 2.688851623675206071e+01 9.144537330339922221e+00 2.349087402972483574e+01 3.988479448369012204e+01 5.393362026977195001e+01 6.101538736225225534e+01 6.508167746623649919e+01 5.703670053274345975e+01 4.337083181237470342e+01 2.244531335208291623e+01 2.146698640740264352e+01 3.643943899211697612e+01 5.693770100338549867e+01 4.845315014704938505e+01 2.877200566094246525e+01 3.602611744429984952e+01 1.935926446412208790e+01 3.320605768600620422e+01 5.299626682987400272e+01 4.691278620277233813e+01 3.880943038762207209e+01 2.161527676382541685e+01 4.106326345954744284e+01 5.149011831694596708e+01 6.121534387375773179e+01 6.492569857422449786e+01
9.313476842122882932e-03 2.000930643720050739e+01 3.172894140094318161e+01 2.099567197811506958e+01 4.045738933964982209e+01 5.140337346141212294e+01 3.827204680695306394e+01 1.817630483392061436e+01 7.851522250272669368e+00 4.168945219413045855e+00 6.216718405168187189e+00 6.821686101204917030e+00 2.696263694405404365e+01 3.754664987893885808e+01 5.174881019601477306e+01 4.624815153635605469e+01 4.942850879490589477e+01 5.031256617321354696e+01 3.745853742898658112e+01 3.597253765222149013e+01 1.424507023576894227e+01 3.597249006215032807e+01 4.374975609450461178e+01 4.951381805426558458e+01 4.884094263977496553e+01 3.602603192355849160e+01 1.667182048042259623e+01 3.332981023529490017e+01 4.150872526858601930e+01 5.240951134286539315e+01 3.879367177536683897e+01 1.929440671750174729e+01 3.880940167576564193e+01 4.842490754879587911e+01 5.553909787577074297e+01 5.025817955285847916e+01 4.631997435308748123e+01
1.757287057980242524e-03 2.000175728705762523e+01 3.645077357915368310e+01 4.045958606262124135e+01 3.210799678900907850e+01 5.012952131679624301e+01 4.655421919299747202e+01 2.998004234569457438e+01 2.666776780198444996e+01 2.410792426871500993e+01 4.653468952989416429e+00 2.459254757330165120e+01 3.322771368012762139e+01 4.158905696464086077e+01 3.808697775544177233e+01 2.335795196850756739e+01 2.364477367924991569e+01 2.783233904124202951e+01 3.872952325227340253e+01 2.005799906124572018e+01 1.054767029157777891e+01 3.055282972611949432e+01 2.699401462248163241e+01 2.965993544999510689e+01 2.765388143386976694e+01 3.429782312186024740e+01 3.136570929406237340e+01 1.438253210398144155e+01 2.494730816816790764e+01 4.442885803968168545e+01 3.722708110554058436e+01 1.766750698893821436e+01 3.686913778119593843e+01 3.955362865891103752e+01 3.678439568601308451e+01 2.685112633982819474e+01 3.682263714893947792e+01
1.954507115700021471e-03 8.166920316393031953e+00 2.230905594744351816e+01 4.230906113449742634e+01 4.494836807899226017e+01 4.778655463102889911e+01 6.039697433508253965e+01 4.749321806107019484e+01 2.741839942174607359e+01 1.321886344827127502e+01 2.469801723800365778e+01 5.151075365957749064e+00 2.519794547000410390e+01 2.430733092970768183e+01 2.644240665740119312e+01 7.988020361610630005e+00 7.495240065760152781e+00 2.047782840151596773e+01 2.829736660102981105e+01 8.871539792896847132e+00 9.236676802998470492e+00 2.058321775850091839e+01 2.801305400037665905e+01 1.063810649517757057e+01 1.744439400856068545e+01 1.167299913739809725e+01 1.204093962419892527e+01 1.607286025738511626e+01 3.250898229648142035e+01 4.053311641531438170e+01 3.507374948926345581e+01 1.604836530873287970e+01 3.060458473711340233e+01 3.433913443234152396e+01 1.581132658122220924e+01 1.621916692179431863e+01 1.950452007580950209e+01
9.499524778340364892e-03 2.000949952477798632e+01 2.816692184289755119e+01 4.816694166963830526e+01 6.394791496124769026e+01 6.140099855171456511e+01 5.733104437829245370e+01 3.645581380336347621e+01 2.482406890274174671e+01 2.741867177601812244e+01 3.287261555626877652e+01 2.386988474480255817e+01 5.648198707965312870e+00 2.420978794632446807e+01 2.605341983325218891e+01 6.994580264886745447e+00 2.442829013468449517e+01 7.998424947117863226e+00 8.357507402335205171e+00 1.737277885421297796e+01 2.696747591904045649e+01 9.755400057334973951e+00 1.012135560834907189e+01 2.165832753337468120e+01 1.115478408047312975e+01 1.348148294731339902e+01 3.152528640160505802e+01 1.257373613103148990e+01 1.584527010024603477e+01 3.256878060904512040e+01 1.404803154097972140e+01 1.443610284104461705e+01 1.483637045134286048e+01 1.523724492689307830e+01 2.960864297703365722e+01 3.492905583630485467e+01 1.680045289567416944e+01
7.291241591682445615e-03 2.000729124159132866e+01 3.584464745772052652e+01 4.478891936791190176e+01 5.633592475200336480e+01 7.259285122724516270e+01 6.647922411749800631e+01 5.361257672029446297e+01 4.507435010262677366e+01 4.749719545255604913e+01 4.171861587301894758e+01 2.752095873888705313e+01 7.583321287256614696e+00 6.145025564872061530e+00 6.497250950759813293e+00 2.477930025236189948e+01 1.086418039892574150e+01 2.842609475547585163e+01 2.836495365421791703e+01 1.773670065047227595e+01 3.063814908611853127e+01 3.226853077892384647e+01 1.236249700992798672e+01 2.042984478812752869e+01 2.922645485176934699e+01 3.166842103252180962e+01 1.504347701713827412e+01 3.447885264245336856e+01 1.311609789226189271e+01 1.349886248083334372e+01 2.057986221350749290e+01 2.685882095997949648e+01 3.608837337068301565e+01 3.539735990854996572e+01 1.968255888962245592e+01 3.611366465490672084e+01 4.085035130391722191e+01
1.086749991637594439e-03 7.560376210176214862e+00 1.650464812017553129e+01 2.805165350396825019e+01 4.805165350396895718e+01 5.022043316278566749e+01 6.304539193281081566e+01 7.091362598089033042e+01 5.044321005530414226e+01 3.580562996854372670e+01 2.398782582363567784e+01 1.379275873409511100e+01 2.159787295990263445e+01 2.664425871440533200e+01 7.145795020161078703e+00 2.441230859978986700e+01 3.055223142461473174e+01 1.482839791776482841e+01 3.454577484449907132e+01 3.495654981462519117e+01 3.992402223446521958e+01 4.618927726632129804e+01 3.345078014516506215e+01 2.945853777475329238e+01 4.306027899965447858e+01 3.735915459564927232e+01 1.684178498676926594e+01 3.649317041453609534e+01 3.738248526893110579e+01 2.754242019697346677e+01 1.632218628665965809e+01 3.514310450033794098e+01 5.237460385506943084e+01 3.989224118909972816e+01 3.944496044241562771e+01 2.431604711054805179e+01 4.306544966129414576e+01
