MOVIE_S2_data/elevation_000933.asc
nrows	100
cellsize	150.0
xllcorner	0
ncols	100
yllcorner	0
NODATA_value	-9999
[rows 0 to 16 of 100, columns 0 to 36 of 100]
4.047028337263018118e-03 1.414618265206833847e+01 3.414618265206904368e+01 4.346006406556156065e+01 4.604101973566742600e+01 4.968110461680402778e+01 4.177147065660104630e+01 4.515773261578304698e+01 4.953563677033071855e+01 5.423360256151222814e+01 5.997509880480005506e+01 6.698799146325421816e+01 7.522785530313350932e+01 8.515416196089577738e+01 9.737247928528542218e+01 8.891087955005092169e+01 8.624373872927790785e+01 9.471348573867491893e+01 9.393064301261348703e+01 8.546093604960518064e+01 8.812826851048139076e+01 9.658970847951881922e+01 1.013933533365082553e+02 1.073674470520945050e+02 9.284294606000023009e+01 8.451006121997110654e+01 8.451006123824900840e+01 8.305571371036000983e+01 8.305571371036259620e+01 9.138424138565827093e+01 1.028600525307792566e+02 9.445676633144616119e+01 9.276132393005167387e+01 8.442351233214989747e+01 8.357128290824235251e+01 9.190314551377372254e+01 1.018993756252996263e+02
9.482596902220898072e-03 1.415161822063329566e+01 3.415161822063399910e+01 2.346006389506466405e+01 2.642316956010370532e+01 3.549834221081838592e+01 2.104268148867315347e+01 2.521391038305883114e+01 2.958110049223799720e+01 3.430182178413350158e+01 4.008597244874362531e+01 4.715253527797742095e+01 5.707832696153211316e+01 7.689765596497622369e+01 8.891087955005092169e+01 6.833176048346331299e+01 6.565919160651034758e+01 8.285209229192781777e+01 8.206967793039130754e+01 6.487733160784436848e+01 6.754964811908568834e+01 8.812826851048139076e+01 8.084320227183252427e+01 8.686220216426802665e+01 8.451006121932975645e+01 6.453222447716160559e+01 6.453222447716296983e+01 6.307505200632181186e+01 6.307505200632181186e+01 8.305571371036259620e+01 9.130093166049489639e+01 7.454610452342666349e+01 8.121919435925339315e+01 6.448899593650671136e+01 6.363386980359564404e+01 7.362290104843282279e+01 9.351946909737570479e+01
3.324160138653916522e-03 2.000332416013829828e+01 2.519224328956494574e+01 9.317928271308529631e+00 1.233304171708619279e+01 1.549531937807814863e+01 2.363261947044574640e+01 3.239363419458057791e+01 4.922944230551428291e+01 5.423360256151222814e+01 5.058930450653589617e+01 5.997509914440416878e+01 7.522785530313350932e+01 8.515416196089577738e+01 9.048944500267657531e+01 7.435924490722150892e+01 5.376182895188910038e+01 7.435924412518568261e+01 7.357698648146578080e+01 5.298187884034332029e+01 7.357698648426179489e+01 7.585950077431398597e+01 6.627803269917342277e+01 8.686220216426802665e+01 8.191841519916890491e+01 6.193952469091993152e+01 5.035071825182220806e+01 4.888585690744217516e+01 6.892725232684099979e+01 7.826771616647576479e+01 8.296134037683438578e+01 6.301611646188082716e+01 7.144595998050957064e+01 5.291730072112643057e+01 7.291431392496029673e+01 8.666668403451545544e+01 1.018993756252996263e+02
6.476169185215582824e-03 2.588465066656832292e+00 5.192243286273320102e+00 2.519224327666576357e+01 3.233304172432519863e+01 3.549834221081838592e+01 2.825461083080231717e+01 4.835321255061982271e+01 4.560348077794320432e+01 6.378698217496171452e+01 7.044886937677384253e+01 7.869563624392205270e+01 8.808766470516290781e+01 9.029165578827206673e+01 6.992611027263579615e+01 6.814889012136369217e+01 4.743253398991811309e+01 6.814889025739201145e+01 6.736732788542943240e+01 4.671599362986596304e+01 6.665014665750807410e+01 5.526675894026837454e+01 7.585950077431398597e+01 9.532737649574023919e+01 9.024203724294847007e+01 7.868758560188973661e+01 6.184154902408840115e+01 4.173489208297824149e+01 4.990612625087238285e+01 6.408692120867407027e+01 7.566898480770061042e+01 7.144595997922037611e+01 5.143364934626215756e+01 4.732731382580198698e+01 5.834504849973402685e+01 7.832885970526909603e+01 8.919782655328658905e+01
5.418514359027011389e-03 2.000541851435867002e+01 1.933437891000756537e+01 1.588269296277039189e+01 2.588269296277056952e+01 4.002482858654071407e+01 4.864283759912004257e+01 4.864283759912005678e+01 6.378698217496171452e+01 7.153755889702749471e+01 7.842333190635818596e+01 8.670670176763771053e+01 8.687526302824602453e+01 8.181357234132244116e+01 6.122388304783138580e+01 4.923928250520776828e+01 4.126994493002490572e+01 5.631871939445244379e+01 5.637312953197361054e+01 4.090519307572017738e+01 4.599134577775760846e+01 5.794757180998378487e+01 7.251355770524610023e+01 9.308012361179139305e+01 8.698439103080124823e+01 7.880451225713498786e+01 7.014369924681180635e+01 5.577916385481043449e+01 3.560576110870781008e+01 4.729883881564152404e+01 6.736350329146128502e+01 6.494693681459138190e+01 5.664101385416795864e+01 4.191542577443068751e+01 6.201206627736230104e+01 7.490029030773730767e+01 6.903328137735432790e+01
5.264502547137648453e-03 2.000526450254678323e+01 3.933437891436332023e+01 3.588269297089762944e+01 4.416696205101141715e+01 5.416695992017266548e+01 6.830909125354439482e+01 6.891135163860322166e+01 7.515836705915465643e+01 6.687392618902916297e+01 5.841917440705337583e+01 7.515836708122927234e+01 6.687313416906208374e+01 8.101627377151122289e+01 7.842485180995971916e+01 6.992610117965013217e+01 5.631870833299852563e+01 3.301773641512315294e+01 3.558305940441177029e+01 5.637312953197361054e+01 6.665014665750807410e+01 7.515153766038999095e+01 8.231163392938229606e+01 7.397536018329017793e+01 7.880451225713498786e+01 5.872466392763080023e+01 6.460591533814516652e+01 5.209602127291013574e+01 3.191098630004624681e+01 4.621378784818644903e+01 6.629698898392250328e+01 5.664101385598644356e+01 3.648295245367740591e+01 5.664101385432976343e+01 4.773617129531376690e+01 5.485929062348739649e+01 6.902689418391950937e+01
5.458922989205592172e-03 2.000545892298885065e+01 3.076230300332024470e+01 3.696445804662099732e+01 4.419461532578849727e+01 5.257635211730480762e+01 6.430520907039081635e+01 7.416581312892569144e+01 6.360546932006410259e+01 4.685973128028430779e+01 4.685973128028430779e+01 6.687392618922289955e+01 5.272329974967723132e+01 7.101316818632729166e+01 7.822936023507897119e+01 6.632181944871803125e+01 5.243888615112200569e+01 3.156793058797863694e+01 3.204232211010872078e+01 4.405642783377587790e+01 5.872529045337673637e+01 7.933625922713814305e+01 7.061339979138148237e+01 5.366840380645469111e+01 7.060360348801522434e+01 6.457860672690449633e+01 4.447708055495780144e+01 4.863431633391569875e+01 2.851038263428414510e+01 4.863431633400534082e+01 5.737163790040874289e+01 4.905530052519234374e+01 3.295655033607052786e+01 3.819305697980342984e+01 5.246980608718945405e+01 7.249814979934633641e+01 8.072004411636325472e+01
8.589772593009903194e-04 5.165541195158648513e+00 1.051672238283885719e+01 1.657688056606831850e+01 2.374464236315480647e+01 3.557549395128486935e+01 5.596855408130713272e+01 6.588095235185518561e+01 4.586176459790461735e+01 3.528454051775099742e+01 5.531872537093357778e+01 6.036183241835168900e+01 4.270659307882474565e+01 6.272746016154490434e+01 6.973043433989272444e+01 4.906194968484901864e+01 3.701588036896374945e+01 2.767634609421711289e+01 2.866296099629147420e+01 4.335965814990758815e+01 6.407955100128569370e+01 7.356037415510164124e+01 6.224985003999276501e+01 4.168592021682150772e+01 6.224985003999122313e+01 5.691130432961104901e+01 3.688372373800688564e+01 4.532332579006729389e+01 2.537653380058726071e+01 4.258537476629258833e+01 4.518184025605615517e+01 2.893087914028987839e+01 4.905530052360789028e+01 5.246976979490035831e+01 6.665120392752804435e+01 7.739812253936980824e+01 6.061521576082766671e+01
3.158951013565912836e-03 2.000315895101321217e+01 2.993371632225752421e+01 3.647115150377128856e+01 4.419461532352307387e+01 5.257635211730480762e+01 4.711979806337987497e+01 5.550408864508743534e+01 4.953514162003682486e+01 2.948645468470461495e+01 4.953535427794575696e+01 4.033378400182618861e+01 3.512417574783541596e+01 5.516028355789435977e+01 6.206819566995400095e+01 5.020106940129193873e+01 4.163942167719220322e+01 2.420319377113897374e+01 4.493866915839875276e+01 4.942837390726501212e+01 7.011135845003134648e+01 6.522446019177297671e+01 4.473233682213963647e+01 3.426072132485948885e+01 4.714761293714533252e+01 5.482341603313199130e+01 4.746432974656278958e+01 2.759795622910161228e+01 2.247152766679321800e+01 2.289065645319670494e+01 2.524694773159511740e+01 4.518184025048766728e+01 5.737163747896601507e+01 7.249647887220847053e+01 7.282006373318749581e+01 6.452109045483874183e+01 4.890986106146188916e+01
4.111938136589871236e-03 1.978779583658166175e+01 2.769876843765613827e+01 3.460849184386764676e+01 4.417087307205428459e+01 4.377067342710504505e+01 2.684740030034194902e+01 4.380350319194306508e+01 4.480978802858624732e+01 2.474872847904489959e+01 3.861881564720658844e+01 2.614229641445532693e+01 4.619986371422887572e+01 6.344788719362037455e+01 5.359218980020622070e+01 3.286562000629397318e+01 2.098746858224472334e+01 4.163813576452924536e+01 4.738852208038042590e+01 5.593002592199818679e+01 6.627090727292583949e+01 7.356010848144093472e+01 6.336788479876394575e+01 4.714761293714975920e+01 2.638592691227913178e+01 3.417460869378064814e+01 4.806359762525182333e+01 3.767272937993001847e+01 1.967629853723639854e+01 3.902051359738945990e+01 4.518087123894834178e+01 5.345954680047688612e+01 6.456097256326142997e+01 6.609642116279492541e+01 5.777888168103675071e+01 4.429447089244651892e+01 4.122955730366241767e+01
7.351428307265867393e-03 1.228535909651702518e+01 1.930733536779751347e+01 1.813981297505045376e+01 3.178427823140693320e+01 2.532954208239713623e+01 1.530553427372000996e+01 3.541542526702792060e+01 5.310158594160527912e+01 3.861881578157401407e+01 1.854256158301501145e+01 3.861881578157350248e+01 5.128129024609499709e+01 6.284570162146272310e+01 5.424415825702025273e+01 3.334831287528569987e+01 1.882292803556190464e+01 3.631896402292875337e+01 2.669173705979428490e+01 3.702252798907885278e+01 5.775451654066339557e+01 6.566685960562762148e+01 5.737218439766564160e+01 5.558543811844427296e+01 4.022778957733329008e+01 1.957670973769685219e+01 3.415724525139901147e+01 3.369348181965917632e+01 1.797017498597098495e+01 3.720366169482206686e+01 5.003163912908156163e+01 3.569412159435652399e+01 5.014491832877001087e+01 5.444599710785567481e+01 3.755883050993633532e+01 3.262799952849921681e+01 4.692463867256775245e+01
9.944443931579059412e-03 4.248143507540902974e-01 5.696966183646044790e+00 1.593803689946224189e+01 2.173272400758872536e+01 6.538009036467183677e+00 2.532758560246647050e+01 4.360698480178185577e+01 3.956093625601517516e+01 3.126138144770186855e+01 1.532173559844898847e+01 2.292259828177655123e+01 3.451867847019016011e+01 5.455750849408828174e+01 5.375998509404150383e+01 4.199134186237130706e+01 3.343821699754590071e+01 1.580317327439163577e+01 3.026251765610548361e+01 5.095371764594083430e+01 6.627090727292583949e+01 5.737227374693092941e+01 3.726323498427097292e+01 4.315284321062111417e+01 4.433593434417132073e+01 3.360275134937624131e+01 1.364871648839072726e+01 1.547289144388071946e+01 3.443702163102574332e+01 3.593422281219972092e+01 3.606203063159657773e+01 2.254821261602133475e+01 4.168205780321011389e+01 4.029955791827100597e+01 2.561249543358694680e+01 4.610482969143981791e+01 6.117453947546579940e+01
6.062025039522273874e-03 2.000605892823142185e+01 1.012287697960613242e+00 1.427873157667867821e+00 1.843817111838292222e+00 2.260028413887790411e+00 2.200523550792761895e+01 3.112163046609954264e+01 2.731348696901737227e+01 1.117698646931150641e+01 3.126138144702881760e+01 4.298808469583413938e+01 5.128129024433933836e+01 5.249308953965904578e+01 3.916848562101509401e+01 2.457700214096170299e+01 1.292923677148842820e+01 3.312920038013373158e+01 4.464467803581167260e+01 5.647667762066329544e+01 5.215165833048794752e+01 4.323225576487158150e+01 4.313309741644993522e+01 2.301861822735418173e+01 3.245559657962242284e+01 1.296566734789493403e+01 2.799567092380776856e+01 1.436202240500860405e+01 1.486663713631334893e+01 1.537169731161330688e+01 1.587739670093558608e+01 1.638356476117740712e+01 3.659062314741824196e+01 1.842255286135684500e+01 4.027321213226544927e+01 5.414570233979351599e+01 6.203920358885721953e+01
5.865714242623007793e-03 2.000586509994637652e+01 2.920763604060593011e+01 1.629735384930596709e+01 2.188093627498854588e+01 2.222084137672819182e+01 2.850522668811697358e+00 2.279642181986467975e+01 7.248808103966775995e+00 2.731472781440252717e+01 3.903956583100627142e+01 3.580267332254921087e+01 3.831671735752466645e+01 4.301378093584018103e+01 2.234773105650742409e+01 1.024184563865390274e+01 3.058808852619369389e+01 4.167363116555972624e+01 5.403137854399327722e+01 3.646953655097926372e+01 3.662747762715027022e+01 2.232374666139126518e+01 3.136246824699398417e+01 2.841786075037014569e+01 1.228305760156608173e+01 1.445470500847553019e+01 3.416764918201241130e+01 3.932313215548952456e+01 3.357575635240944933e+01 2.923131904435512496e+01 3.603477366961757156e+01 3.245596798917642900e+01 1.710114309425573964e+01 1.761366501602060453e+01 3.614617150534909484e+01 4.647609667021363578e+01 5.167785074017083247e+01
3.580119829443586393e-03 1.414571574384337360e+01 3.414571623978776671e+01 3.817681931473126156e+01 3.720428514762483019e+01 1.705501344848054757e+01 2.071928233170070399e+01 3.441900207935740585e+00 2.348183080682511203e+01 2.592394186682387414e+01 2.518315510512183053e+01 1.646383691020059459e+01 2.615503140486654843e+01 2.825597620847958424e+01 2.739761276412888336e+01 8.787066697958264783e+00 2.820933039769323969e+01 4.279584838259147261e+01 4.582186582207130243e+01 2.601498300392680108e+01 1.834589000835694961e+01 1.067990854867036710e+01 1.114883736807509784e+01 1.161800226447947715e+01 3.178627062107036494e+01 2.948563272294250837e+01 1.758029420447125446e+01 3.725359818947475077e+01 4.696009843091069058e+01 4.717495293551422009e+01 5.124110024842551780e+01 3.184648521772854224e+01 3.731597173017992475e+01 3.781861815757834933e+01 1.833688549370379661e+01 3.856444684158431357e+01 3.697700924796483690e+01
9.038799794707020815e-03 2.000903879978909572e+01 3.235693662836722240e+01 4.064120815677689791e+01 4.551196272557920253e+01 3.711278539127101084e+01 2.946456450556862805e+01 1.008549342658204750e+01 4.040926463357676468e+00 4.465702563771147382e+00 4.890279299255306356e+00 1.721587110191184067e+01 2.386143133803614447e+01 6.519042667032374894e+00 6.945322390685801039e+00 7.375932089091427279e+00 2.047994798009994000e+01 2.807337699145107734e+01 2.896456121129196504e+01 2.860799812039142864e+01 1.001745610063887604e+01 2.942961223154162909e+01 3.106438977095740839e+01 1.503088389190154039e+01 3.620106245260156896e+01 4.328343555556983802e+01 3.725359819086708768e+01 2.078808098356589795e+01 4.037650602838275660e+01 5.179162983587563218e+01 6.119828093320804641e+01 5.279740210301689984e+01 4.802604235637033270e+01 2.780444178260111698e+01 3.320835422440195828e+01 1.906063690636703001e+01 1.957191966842079722e+01
2.154417243255324355e-03 6.032381308798553832e+00 1.235693662913536706e+01 2.649907225286912293e+01 4.649907226460627641e+01 5.283840001394511887e+01 3.150668025118844184e+01 2.752217254665939095e+01 9.258210578837287485e+00 1.778651975479855807e+01 2.435597748086739855e+01 5.490361817480174267e+00 5.916519345302046595e+00 2.053632422812545855e+01 2.393023590164570891e+01 8.591857678364473117e+00 8.010034892635120585e+00 8.457966913806671982e+00 8.906780246173713778e+00 9.356861576936479352e+00 2.945685968555587664e+01 3.766628240681188799e+01 4.327363089663722917e+01 2.730892785962255687e+01 4.479812857229313039e+01 5.418621168533627497e+01 3.468486074370144223e+01 4.039667415677641316e+01 2.417634800760325575e+01 3.798600101658223593e+01 5.748161007469547457e+01 5.970596554687025304e+01 3.947576151949051138e+01 4.802139668029551700e+01 4.598816694339064526e+01 3.310361847454306883e+01 2.429326244974668114e+01
