MOVIE_S2_data/elevation_000478.asc
nrows	100
cellsize	150.0
xllcorner	0
ncols	100
yllcorner	0
NODATA_value	-9999
[rows 17 to 33 of 100, columns 37 to 73 of 100]
7.426956646211240809e+01 5.431131918463113095e+01 3.421180972205338833e+01 2.816611512887151036e+01 4.418907881688168260e+01 4.770668616599325418e+01 3.247960454973578948e+01 2.153129632079998501e+01 2.201704028071844732e+01 3.490040274047029811e+01 4.936250605198216590e+01 5.926636192443353224e+01 3.980814377945739579e+01 4.533334888524743889e+01 3.565484638042740073e+01 2.960766260995036347e+01 4.960290891043701578e+01 6.640754295503914761e+01 6.625079116976384341e+01 4.843914980442520601e+01 4.992375586614070215e+01 5.033330954742698538e+01 3.351986855877360227e+01 4.891413778771770637e+01 5.148893481466194544e+01 4.919630767522264136e+01 3.326657628777777376e+01 3.388094248585900914e+01 3.450611489964644818e+01 3.514134819521198949e+01 3.578649311680190692e+01 3.644002699414272683e+01 4.521347630926101857e+01 5.786219080924215774e+01 5.925087068495886911e+01 5.998604716324616959e+01 4.073218326684086321e+01
6.593085427531040921e+01 4.580522913792445650e+01 5.431102061836436690e+01 4.824014842345081888e+01 3.289317259779731728e+01 5.288196434077903518e+01 4.915766883103611207e+01 4.208226680016557708e+01 3.438045635421998014e+01 2.417719154637019230e+01 3.836687938052715197e+01 5.872546199040667858e+01 5.397302730421255035e+01 5.464190198892580241e+01 5.456824268496668395e+01 4.090050402763464632e+01 3.737113898696380687e+01 4.942114497583379773e+01 6.981732945993007888e+01 6.781290907306031102e+01 6.904271980307875367e+01 5.665850176486777201e+01 3.645790916120292735e+01 5.603488437346816653e+01 5.732908322977090876e+01 3.717754595295058095e+01 5.379285031916163007e+01 4.522079744989164851e+01 5.578590895229006463e+01 5.109173040928304488e+01 5.445111700329385229e+01 3.578781094313527689e+01 5.956099191170048357e+01 5.768205674879364864e+01 7.414610521076807004e+01 6.871664735047761496e+01 4.711829537595755824e+01
6.593085427531040921e+01 6.593085427531040921e+01 7.045022274966517273e+01 5.644427098196775461e+01 3.633494785614708178e+01 4.793811078795504699e+01 6.806486131401764794e+01 6.031558885746748189e+01 4.409131630808187197e+01 2.571608725425807052e+01 3.989575068498584187e+01 6.009877141463039152e+01 7.415408543315405154e+01 7.489922427659232085e+01 6.983992363201232934e+01 6.149061530146217791e+01 4.540105704490930805e+01 6.593740413650226628e+01 7.812708629270333915e+01 7.358695625778514682e+01 6.089676744918551776e+01 4.082645696536356894e+01 5.666512591224300621e+01 6.486891974402526273e+01 6.021203714855297306e+01 3.998939987042827227e+01 6.021605788077946642e+01 6.379665648395449296e+01 7.174717835746226058e+01 7.457196560446702449e+01 6.378299378062779823e+01 4.267467275174799823e+01 6.107971075720786303e+01 7.076175046048071238e+01 8.076077915401613438e+01 7.655892404566893106e+01 5.729526389982788714e+01
8.606228122429243399e+01 7.637179408329771491e+01 5.623905759360315670e+01 4.201538514228259658e+01 4.793811078802768577e+01 6.478039075398754676e+01 7.639981369486753238e+01 6.161280375550712307e+01 4.145195877464148282e+01 2.727097606689809695e+01 4.737627854651528025e+01 5.163387950614679056e+01 6.004639884695040308e+01 7.469801867507158022e+01 7.913956296594949436e+01 7.430486739665126095e+01 5.742279667779654773e+01 7.430486740701064718e+01 7.939925429143605129e+01 5.954882652282184097e+01 4.538981401175450259e+01 6.089676838349683408e+01 6.912862774529817500e+01 7.442205972701719929e+01 5.433173924897074869e+01 6.021605788077955879e+01 4.419585990225765215e+01 5.847453972548652956e+01 7.851796013171363597e+01 8.312257463389133250e+01 6.074148710103769133e+01 4.573524315079388458e+01 5.356369067649899307e+01 7.284572769453784247e+01 9.150675070129923938e+01 8.541041749540539740e+01 7.707631444038145219e+01
9.266304376250218411e+01 7.815414306703323177e+01 5.801790639428120500e+01 4.639868447805579876e+01 6.652848140355389717e+01 6.806486181347396780e+01 7.182400740390718852e+01 5.152435794547567127e+01 3.728257717106926350e+01 4.737627848190040680e+01 2.955828404866618087e+01 3.149142835221074321e+01 5.163387950616036193e+01 5.444154251865406735e+01 5.895666857129663185e+01 7.913956296581120853e+01 7.771568416644429078e+01 8.595177366249617990e+01 7.940010033554735003e+01 5.954883645613337961e+01 6.536288220679584526e+01 5.051180709035767791e+01 7.041940761080057598e+01 8.258391073707008445e+01 7.442205972701719929e+01 6.735834128468290771e+01 4.722906222386094299e+01 5.888014408857570459e+01 7.893977403285921923e+01 8.739484989733054476e+01 6.487175224661881145e+01 4.931318368667617591e+01 7.129613096737034539e+01 6.880258978786405066e+01 8.937771136049326515e+01 8.894567290220476252e+01 6.847079348482267847e+01
8.419960147174961662e+01 8.648930866151442842e+01 7.156348683126272192e+01 5.142346512042618656e+01 7.156348683126272192e+01 8.819115010103337227e+01 7.182648535607567908e+01 5.152443476374633491e+01 5.747076771012856966e+01 5.268445905580679778e+01 3.253893534581361280e+01 5.163387950616036193e+01 3.429083292225675450e+01 4.247215922651151487e+01 5.674591343829663970e+01 7.693888781039537150e+01 8.344866012881664119e+01 9.189822476572378207e+01 8.762971810443428922e+01 7.939981784248732311e+01 7.410598222172897920e+01 5.423888894606589162e+01 7.410928610091259827e+01 8.844553398722453608e+01 8.457343433062266058e+01 6.470911628561962914e+01 5.042976636126375922e+01 7.055674928050778760e+01 8.706817805414154066e+01 9.159915844028805054e+01 6.779790417080727138e+01 5.337160952866686614e+01 7.606825494289937240e+01 8.937771136049693155e+01 9.750772171632577567e+01 9.537877301734864943e+01 7.831531989586338227e+01
8.190060717331012086e+01 9.216065978984582330e+01 7.793296965841567214e+01 5.779089640728226840e+01 6.786966311358537496e+01 8.799911757471744522e+01 8.024823102524597118e+01 7.182648535607567908e+01 6.882610956947075920e+01 5.576086829250612453e+01 3.558750386689371226e+01 5.576086829250592558e+01 5.446720627788800329e+01 3.723809803735930046e+01 5.745742594019814220e+01 6.652022274073628694e+01 6.245812244901160426e+01 8.001454544722668061e+01 9.193716102186455430e+01 8.811021197526962112e+01 6.831002041441388428e+01 7.410928610091259827e+01 6.040753595691607103e+01 8.022512768426111052e+01 8.787502977031884654e+01 6.810151931140241288e+01 5.380648804207921643e+01 6.810607541472421644e+01 8.799164007925286057e+01 9.829659223031525528e+01 8.152590210720619268e+01 5.835989891405642283e+01 7.182641535870764926e+01 9.411497130493039265e+01 1.013245318316678123e+02 8.117138160146708969e+01 6.653293632783466194e+01
6.314084866791304762e+01 8.368898351126395596e+01 8.504979863635323056e+01 6.492036651297323147e+01 8.504979863635323056e+01 9.633344427417998190e+01 8.416255933440594106e+01 7.398299682472426753e+01 6.040051167801703969e+01 4.017677502650841603e+01 5.576086829250612453e+01 6.417857380473888895e+01 6.094589152324815018e+01 4.487371742097857918e+01 4.003473723611276114e+01 4.428061721685502761e+01 4.986924325354996057e+01 6.273283715104273028e+01 8.350188251949114715e+01 9.634641904319558137e+01 8.811041164834102801e+01 8.488807092891781281e+01 6.510487819713912927e+01 8.488807092891781281e+01 8.178697110221288824e+01 6.174504969689901657e+01 7.393042245724096517e+01 6.089841662410799472e+01 7.185020990689692155e+01 9.092474522413060356e+01 8.746887287607198402e+01 6.445199296858704940e+01 8.746887287607198402e+01 1.026930397174210583e+02 9.873400301725357053e+01 7.853846315546773837e+01 8.707410264162157887e+01
8.190060717331012086e+01 9.216065978984582330e+01 9.338309901360841536e+01 7.654935594090136419e+01 9.338309901360841536e+01 9.016239162547225305e+01 6.975689654743023027e+01 5.537040861397268543e+01 4.527066374393330506e+01 5.180782703625552443e+01 6.882610956947075920e+01 7.715547216762799110e+01 5.676569077101915894e+01 4.314313681722560290e+01 6.166888865443250012e+01 5.385197362995921821e+01 7.151086858520591250e+01 5.954625592309745485e+01 8.040511670906738573e+01 9.908233508834888426e+01 9.331397458863087024e+01 7.355347893006363336e+01 7.653086767556955294e+01 9.311366510462777057e+01 8.777877948667169505e+01 6.789947274413542289e+01 8.659210908005766782e+01 6.672726942009245477e+01 8.659400784136774121e+01 9.895319873725604509e+01 9.537693359695677486e+01 7.300985348322537050e+01 8.113254155717761762e+01 1.027661298818359654e+02 1.069968682441184598e+02 9.029058285650333460e+01 9.684635357242299847e+01
9.617167615086026444e+01 1.046094442940024010e+02 1.049966638142285120e+02 9.666161930174877170e+01 9.766340683033789105e+01 8.854524798188444379e+01 7.142305583038321970e+01 5.108501150773179234e+01 6.555196814814642892e+01 7.213833718537169659e+01 8.056698777709338799e+01 8.029046678111282631e+01 5.948015069188774362e+01 4.540566574770856789e+01 6.542759916647652574e+01 6.661282724136772515e+01 8.394434903360863132e+01 8.040511670906738573e+01 7.014074687400287189e+01 9.066948654413199904e+01 9.990502727665534621e+01 8.013186921206104785e+01 9.630422287758140953e+01 1.045541030322644644e+02 9.432449754372403561e+01 7.468734337256810818e+01 9.432449754372238715e+01 7.575078476324503640e+01 8.086895679554385197e+01 1.004155037214740105e+02 1.038545534439631695e+02 8.361096943752295374e+01 1.027661298818359654e+02 1.111517046511150824e+02 1.185225002610358445e+02 1.102679294516641733e+02 1.051025296041132435e+02
7.555707119914700343e+01 9.015914051884705316e+01 1.106872212179182640e+02 1.036764530374898499e+02 8.327718885274211402e+01 6.882925680824538972e+01 5.972564871071641335e+01 6.544762631311093060e+01 6.064189592513423577e+01 8.103775689878975186e+01 9.698953149817087649e+01 8.193527781763665985e+01 6.213041120442686349e+01 4.791879080724561391e+01 6.827339143934135279e+01 8.746892814286229623e+01 9.590133036344013817e+01 9.908233508834888426e+01 8.203531084846036947e+01 9.908233508834888426e+01 1.081643924088041473e+02 9.151138447094456296e+01 9.625445698967193664e+01 1.161482023178067777e+02 1.023440842803519928e+02 8.463793587851652944e+01 1.023440842552458321e+02 8.565586964934337288e+01 1.004155037214736126e+02 1.085056188790311467e+02 1.132207384885757619e+02 9.896771542154391454e+01 1.132207384885757619e+02 1.227263949557943619e+02 1.179206585197361505e+02 1.262022278784519500e+02 1.150773118911872928e+02
9.617167615086026444e+01 1.046094442940024010e+02 1.077656670639615726e+02 1.055341901387018879e+02 9.766340683463900518e+01 8.854524798188444379e+01 7.148782693472726635e+01 8.584901881198629781e+01 6.833444445805805856e+01 8.875660989639985132e+01 8.855524685702344811e+01 6.795352805105419236e+01 5.609735912111951706e+01 5.117119208819913467e+01 7.172802050249323713e+01 8.284203993717432013e+01 8.935311447342238012e+01 9.801475231635676266e+01 1.024639898851576021e+02 1.108430421404433019e+02 1.196532684224308269e+02 1.113709565795487748e+02 1.161482023178067777e+02 1.154305855260489579e+02 1.120278984006762073e+02 1.040110592089335029e+02 1.120278983916048645e+02 9.938178954908880769e+01 1.131741252731514606e+02 1.236811634367476955e+02 1.214865411228015262e+02 1.192129767841728096e+02 1.227263949557943619e+02 1.023717488449243262e+02 9.745862160747677194e+01 1.144676997565599237e+02 1.192916678446074172e+02
1.085667676835785187e+02 1.077656670639615726e+02 8.711062200706206227e+01 8.483958342307718681e+01 9.938510906576601656e+01 1.003131277699848027e+02 9.190861810077979044e+01 9.716917597245746663e+01 8.012790190867499973e+01 9.716917597245746663e+01 8.770147546582926168e+01 6.707051010380897083e+01 7.667372572166650002e+01 6.567193426145139767e+01 5.624852850223210510e+01 6.194745229196499992e+01 6.819701323833591289e+01 8.073227713149206863e+01 9.773092840848562446e+01 1.218593985021661723e+02 1.181046278641170346e+02 1.147058792716624538e+02 1.093781502890728774e+02 9.503943982822491421e+01 1.017182166319315968e+02 1.100802303775796531e+02 1.202486868054689921e+02 1.188259405450587849e+02 1.236811634367472124e+02 1.033506646042687009e+02 1.011138171495949649e+02 1.131708801444760724e+02 1.214879243649635470e+02 1.061068960002751993e+02 8.535788181260861052e+01 1.061068960002751993e+02 9.886234554297361399e+01
1.092453716901304404e+02 1.042135101475392958e+02 8.353513075495338569e+01 7.006737054744790782e+01 9.090089339609492924e+01 9.373331944057630949e+01 9.373331927350768922e+01 1.021668570930560378e+02 1.005436442094699601e+02 1.089259159898523848e+02 9.615568479501258992e+01 7.739508802967300483e+01 9.470537558348144103e+01 8.186683771097477802e+01 6.108518234485497089e+01 8.188112981257275180e+01 8.930721171575714834e+01 8.323212125917324045e+01 1.048298015565869861e+02 1.181046278641170346e+02 9.903304689771925950e+01 9.445145078798543636e+01 9.445145078798542215e+01 8.036753711506177922e+01 8.108575617058103546e+01 9.148794882802710049e+01 1.060390024751572327e+02 1.262152359319090493e+02 1.190757849597729461e+02 9.862599067872869796e+01 8.636968751080758011e+01 9.260130019879866836e+01 1.131708801444760724e+02 9.954548159665762341e+01 7.869351863885056275e+01 9.556459368424890499e+01 8.409219954375423356e+01
8.858287283849963956e+01 1.031146668542687763e+02 8.353513075495338569e+01 6.278379267914777984e+01 8.353513075495335727e+01 7.306591942519960980e+01 7.306591942516185156e+01 9.373331908248793809e+01 9.430938714632915776e+01 1.027655062041285561e+02 1.064181663661467212e+02 9.201429724050912284e+01 9.893977682866632506e+01 7.805588593230520189e+01 6.796945531971259413e+01 7.806119239356051764e+01 9.900090282319098378e+01 1.048298015565869861e+02 1.135564524287103012e+02 1.095355040339015602e+02 1.031877756518619407e+02 8.312464702715733722e+01 7.396258805111820323e+01 6.996429473204894123e+01 9.068970261871272953e+01 1.002495000538120422e+02 1.105044086724102783e+02 1.232522651729113790e+02 1.130583175728557137e+02 9.862599067872869796e+01 7.776444882166849482e+01 9.074112130635697326e+01 9.921978800546874311e+01 9.352603838324661467e+01 7.258584095049010898e+01 7.465512491720772914e+01 8.681824399772078493e+01
7.385790290170243111e+01 9.463477863588305183e+01 7.777974510366064465e+01 5.717659735762862994e+01 7.047608752292141787e+01 5.853682609452967256e+01 7.604678095512699088e+01 8.121207386641306414e+01 7.360201419215415797e+01 8.829322779967321821e+01 1.088430612155978423e+02 1.124788490846367779e+02 1.075579446703489879e+02 8.934855987222199758e+01 7.840333475984942879e+01 8.995097378891757955e+01 1.076845402884227099e+02 1.236647125299576970e+02 1.095355040339015602e+02 8.960912815116112995e+01 9.346796668783291295e+01 1.018405505069872987e+02 8.494150870780627827e+01 6.424082048809822254e+01 7.109522514078274469e+01 8.149914697377381856e+01 1.021391813856522788e+02 1.149528855843119572e+02 9.441942727267266378e+01 8.392168878177103863e+01 7.646211603846977312e+01 6.974183630925081445e+01 8.502585999687725860e+01 8.792953521147681784e+01 6.683870526003248358e+01 8.184423950121404800e+01 1.026207386462440354e+02
6.605955897653082332e+01 8.678185774823535326e+01 8.574372625871306752e+01 7.047608752292141787e+01 5.014317074203859903e+01 5.098953961952105374e+01 5.553157045107167988e+01 6.055322133216550640e+01 8.121207418488887697e+01 1.007500913771002047e+02 1.026122466937402322e+02 1.229434091650596912e+02 1.207856802778838272e+02 1.081358460486194417e+02 9.949203829125582388e+01 1.081324705334018859e+02 1.223313881241307683e+02 1.154200883030420783e+02 9.516623839719893851e+01 8.320941076788848534e+01 7.279936145464132835e+01 8.468846050937099790e+01 8.074175280998932180e+01 6.009472755894698537e+01 8.074175280998932180e+01 1.002495000538120422e+02 1.105044086724102783e+02 1.232522651729113790e+02 1.130583175728557137e+02 1.046861564284922963e+02 9.734480848812974330e+01 8.502585999687725860e+01 6.391470705293287580e+01 7.957500116278387736e+01 6.294504564331038665e+01 7.815013233170753892e+01 9.900401322911010027e+01
