MOVIE_S2_data/elevation_000817.asc
nrows	100
cellsize	150.0
xllcorner	0
ncols	100
yllcorner	0
NODATA_value	-9999
[rows 51 to 67 of 100, columns 37 to 73 of 100]
5.842402964370631224e+01 3.865025975617991350e+01 4.227881413848982817e+01 2.461711006606699215e+01 4.434246324543171625e+01 5.479125980342254820e+01 6.132606504452147078e+01 6.960792757215004656e+01 8.082577451828692006e+01 7.239254191657124693e+01 5.993405908529265247e+01 3.970725648119113060e+01 5.131895589493147725e+01 6.570293736216348179e+01 8.618675663415228883e+01 8.018317444096493318e+01 7.057184348960760190e+01 5.939131660123643286e+01 3.877391446400788055e+01 3.121524753644886019e+01 3.624441997415132732e+01 4.175218889012784018e+01 5.147264116816773338e+01 7.096885576033706400e+01 8.283485220091176870e+01 7.378720401139669605e+01 6.620177721425004336e+01 5.434273963201250979e+01 3.482508421583569458e+01 4.155763336221129123e+01 5.030619719147767910e+01 6.190229150583745366e+01 8.218432788908467046e+01 9.534421079214939709e+01 7.504314876729773687e+01 7.504314449990451408e+01 5.943543986866382767e+01
6.668664310268412976e+01 5.108633400525988577e+01 3.142176531188894373e+01 4.434246324542935724e+01 2.689480163882625163e+01 4.655644246103538819e+01 4.152397114462231542e+01 5.547826925986575475e+01 7.544417081357653387e+01 7.804702821495492060e+01 5.759521969928230334e+01 4.327809378269654417e+01 6.357994688813043638e+01 6.958940085075217041e+01 9.007182859802223618e+01 8.512663458336733413e+01 6.442436216301899776e+01 5.211689549263371646e+01 5.325659838097498522e+01 3.265210379457872136e+01 5.227846695852582570e+01 4.841176527706286947e+01 6.704039744124230538e+01 7.947268941628861683e+01 8.598063956266808816e+01 7.594642792175309864e+01 6.533242912778423772e+01 4.955389833630417229e+01 3.541583303668104321e+01 5.496271109713546110e+01 6.879496674857242056e+01 7.130948957712577396e+01 7.977315914070005931e+01 9.064202999660642490e+01 7.504314969628264009e+01 5.477321480438094881e+01 7.504314663259037843e+01
7.291264340781664544e+01 5.617625130613485140e+01 3.645971937720685929e+01 5.479128399531962401e+01 4.655644486191292231e+01 2.917785158579775029e+01 4.880209939710057654e+01 6.549783823857799803e+01 7.383450814998171552e+01 8.024040825577348812e+01 5.982602471136614497e+01 6.357993609773293997e+01 4.920830144295289443e+01 6.359419571698927598e+01 8.406333153160562688e+01 9.333587089080970145e+01 8.161608012206372109e+01 7.105297883166582551e+01 5.478657548060445492e+01 3.408485095848538293e+01 5.478657529117686664e+01 6.702959360726869420e+01 7.544034639935020436e+01 8.591187430080141496e+01 7.764831281678165453e+01 5.759960320519048338e+01 4.707595852563052574e+01 3.932255709813769329e+01 3.600597088019112135e+01 5.559117614612480907e+01 5.553657321528061885e+01 5.126822556448714607e+01 7.136732289658418438e+01 7.629742980668031294e+01 6.195282961675209066e+01 5.171535711490162868e+01 6.342101056450565721e+01
5.620567172557817059e+01 4.477393653529600215e+01 5.034195463312654084e+01 6.156695391851321375e+01 4.203896394976248274e+01 3.081370907166570206e+01 5.041792808945785964e+01 4.559285504331366212e+01 5.962605872956739717e+01 7.974748640468443739e+01 8.024040494844237514e+01 7.485802840778727330e+01 5.444045176507327710e+01 6.583151308443825656e+01 8.630428499921268326e+01 9.212058171257048400e+01 8.165295804966375215e+01 6.243388409468033728e+01 4.126869774266968705e+01 3.552143480872745585e+01 5.617263004980667063e+01 4.789394526595964408e+01 5.606133331287381338e+01 7.732548012773416701e+01 8.598063955825296034e+01 7.121079584004421292e+01 5.064576995618825350e+01 5.892012979042348064e+01 4.429290430794623035e+01 3.685800724059718902e+01 3.746913584005215370e+01 5.711468216207114779e+01 6.636292811720635143e+01 6.789165560135430155e+01 4.763128329687708629e+01 6.789159742145061216e+01 8.039170740732355114e+01
7.291264340727543924e+01 5.360552177273081043e+01 7.026148946101974957e+01 6.962513552061008681e+01 5.548501744732138263e+01 3.582207445783444655e+01 3.327230400769650487e+01 5.290278648379398163e+01 6.765668533519260563e+01 7.601695062526287927e+01 8.604878648049607648e+01 8.050630463104194234e+01 6.008611341493620728e+01 8.052946482810580164e+01 9.475818098658936606e+01 8.361671016001592704e+01 6.251367101277021021e+01 5.180239799701324444e+01 6.243360405822377146e+01 5.633804871822071192e+01 3.764630788525132488e+01 5.865005601060511964e+01 7.732546322676172679e+01 7.348054092571520357e+01 9.443342341754306801e+01 7.958868490998229106e+01 6.266827747590750874e+01 7.007235711720142035e+01 5.109859167001492608e+01 5.648232631856352270e+01 5.711388749969562895e+01 3.834689180676611642e+01 5.801377085951712331e+01 6.170766505864396123e+01 4.505345158746953160e+01 5.971827368852684970e+01 8.108046468240256388e+01
8.184171019098477018e+01 6.514184441971329420e+01 7.748071920797755752e+01 5.744676024234006206e+01 4.342774332787922731e+01 5.470691188716445907e+01 3.504765027284326351e+01 4.114328607558590534e+01 4.764604207339993280e+01 5.761302582725925703e+01 7.773025123656587709e+01 8.052252115615584671e+01 8.052947445141242611e+01 7.098600351182831503e+01 9.148991798012301047e+01 9.212058171257048400e+01 8.165295804966375215e+01 7.306519058639301534e+01 6.138756943154034218e+01 4.018521520617647980e+01 4.099912498870012456e+01 6.223999171446455136e+01 7.625005621712982418e+01 8.842621879939122209e+01 1.028923071149478830e+02 9.126203928749301042e+01 8.288009293774985053e+01 7.908729406361210579e+01 7.070037964631728755e+01 6.430742113308993169e+01 4.440512678065847751e+01 5.801364637113805145e+01 3.923770004148789781e+01 4.420601647823109204e+01 4.286701790669743417e+01 6.674255427441590882e+01 7.708186613076217952e+01
9.336291332775618912e+01 8.511520336242995199e+01 7.275940441780988976e+01 5.272675825390625448e+01 6.331457096936227202e+01 5.661414241496397892e+01 3.690888422758617793e+01 5.661414241496397892e+01 6.765668533519281880e+01 7.601695062526286506e+01 8.620059318061647957e+01 1.009815696530574485e+02 9.990145290656026589e+01 8.279611741222888099e+01 9.995759274491967972e+01 9.306243398306179415e+01 7.204465326863828523e+01 5.969410163854119133e+01 5.005139158029572144e+01 4.202777495737684177e+01 6.224014993392599138e+01 4.620057182852200839e+01 5.860690366095667514e+01 7.985207845428000439e+01 9.153359120578849684e+01 1.035456072027915440e+02 9.928096567723429189e+01 8.551285659572121745e+01 6.527452547624595525e+01 5.110064682122746405e+01 6.430742113308993169e+01 6.711116821816928280e+01 5.791325546052992479e+01 4.012628198557668924e+01 4.081245312535880743e+01 5.433974712217624869e+01 6.226140009855100743e+01
9.506085289103036473e+01 8.544996065037308597e+01 6.538996988282379164e+01 6.688709096566169876e+01 7.011070693171816970e+01 5.009476215669440080e+01 3.878968132530493307e+01 5.855459058999435484e+01 6.426692296944085570e+01 7.258075636378973172e+01 8.678186702554562260e+01 8.713655217764207350e+01 9.564001570919270989e+01 1.033658704113017421e+02 1.117972593717274776e+02 1.015599423642219961e+02 8.950081334012679690e+01 8.006207715189256646e+01 6.539135900404876622e+01 4.398216754117235894e+01 6.539135704393183346e+01 6.758621407283436611e+01 5.215112267035478055e+01 6.179710356449453457e+01 7.412233683186578048e+01 9.509164566023071075e+01 9.086531639813757977e+01 7.059355009879153897e+01 6.051910982764540137e+01 6.109527672227651607e+01 7.959865836396014060e+01 7.323095266524194358e+01 5.299275522091662083e+01 4.167060343450156523e+01 6.058688296941391371e+01 4.182637729239836233e+01 4.254307988091412085e+01
8.629362855120075437e+01 9.380493668255105888e+01 7.957466864352140590e+01 8.693642319649201511e+01 7.840988046841128778e+01 6.237632159072379068e+01 4.248520231543054138e+01 4.198664419482688714e+01 4.428700992540576920e+01 5.837943552260761493e+01 7.285983150674853448e+01 6.699245225288794359e+01 8.713433729249327087e+01 1.069117956818023600e+02 1.076484441454338139e+02 9.566543409210565585e+01 8.713730668764773668e+01 8.077668750205037895e+01 6.746527290081313311e+01 4.601249017214270509e+01 5.847992347231731713e+01 7.973948723274773442e+01 7.350949011544528844e+01 5.916331638282998284e+01 6.728356830853145709e+01 8.836678717699305707e+01 9.928096567723429189e+01 8.913843263211749957e+01 7.215750388580401875e+01 7.536412449860982576e+01 8.971849381775327004e+01 8.171576846893945856e+01 6.311931076212257352e+01 4.323298106267829866e+01 6.311925514635573364e+01 6.222236216881159265e+01 5.664784937178940538e+01
8.703886546094805965e+01 1.040683260974918056e+02 9.967719798702547962e+01 9.056421784145578613e+01 7.057227389916492655e+01 5.633487577721984252e+01 4.636173206954730119e+01 6.187465089261307583e+01 6.426692296944085570e+01 4.772717511130397838e+01 5.269126748049421849e+01 7.287234121092669170e+01 7.868620219564135709e+01 9.865771866024677195e+01 9.920914212777563534e+01 7.830379954569222889e+01 6.603709958157334370e+01 5.954758889080617479e+01 5.374985444397593426e+01 4.813421843689715729e+01 6.958967371313228512e+01 8.832108107389912277e+01 8.676219493359978685e+01 6.565216869697403013e+01 8.676218814398664847e+01 8.070306277197398970e+01 1.015530447575546447e+02 1.008535405387856230e+02 9.243890651730464469e+01 9.566158869283283650e+01 9.486568456266165583e+01 7.923988008880418477e+01 5.887842899498375004e+01 4.481595784662950166e+01 5.886364734498932449e+01 7.906721692323425543e+01 7.784584596949586910e+01
7.857671574850975560e+01 8.357219335796446558e+01 1.040684513198719543e+02 9.806682792800461357e+01 8.471010849425196909e+01 7.088299221781932147e+01 5.076670952939051773e+01 7.088299221780903281e+01 7.077782954800287030e+01 5.059979873196423483e+01 7.077782954800306925e+01 6.223619954204903593e+01 7.390327106997274598e+01 9.390199995837768654e+01 1.018882714981544382e+02 8.103026966581870738e+01 8.713943328243520625e+01 8.077666225256103871e+01 7.191340561589646541e+01 5.048961816612298747e+01 7.191340561658857666e+01 8.491849682577584701e+01 9.523434980475316536e+01 8.675860850332166763e+01 7.792948057389992300e+01 9.881893501849535255e+01 9.779022656181055595e+01 1.182956657234764464e+02 1.032688164411906655e+02 9.484101802653010793e+01 8.649564583072557866e+01 6.629506580066232857e+01 6.623698260129914672e+01 4.643632668588821844e+01 6.648365804633372989e+01 7.829105869863766998e+01 8.998267099458702489e+01
6.678948450021817962e+01 8.132029335119716507e+01 1.018843371612587134e+02 8.977337823564998587e+01 6.977679782632978345e+01 5.811226419780369667e+01 7.088299221781932147e+01 7.918327850501788134e+01 7.383571036266788212e+01 5.360820643444564837e+01 7.383571036266788212e+01 8.235572845120682928e+01 9.064422731392441790e+01 1.021937786827000139e+02 1.103068166408207702e+02 1.018882714981544382e+02 9.101544225475281280e+01 7.707915928970088260e+01 5.577237203745853833e+01 7.191340561658857666e+01 5.498628441151760882e+01 7.631269261944274263e+01 8.956483423643213371e+01 9.880230992026599779e+01 9.008908855972647700e+01 1.072090088810612230e+02 1.182956657234764464e+02 1.036529052131578510e+02 9.192515692807907612e+01 7.455624828201386833e+01 7.827857288350071485e+01 7.002337774236261225e+01 4.985004096483707059e+01 6.648365804632568654e+01 4.972344712552108348e+01 6.133707518650717816e+01 8.157925726182303094e+01
7.703796779366362557e+01 9.578285132293397908e+01 1.012821072113755463e+02 8.134840389487887080e+01 6.977679782632978345e+01 6.822498309934566407e+01 8.651747150182470136e+01 9.170287442360385910e+01 7.119887530533627285e+01 5.676323300576396491e+01 7.112628025591590131e+01 9.120308378076637723e+01 1.079444291159652494e+02 1.162875899450891097e+02 1.133743882749744500e+02 1.030493450804152502e+02 8.246430688835772571e+01 6.127289675919196554e+01 7.708166715180591666e+01 8.491844444872934616e+01 7.015056488552440328e+01 5.977844157906476141e+01 6.936637364584349541e+01 9.040433354969646018e+01 1.107233681681399986e+02 1.187657873397712365e+02 1.112737470140348393e+02 9.521030791821011974e+01 7.492590608291455112e+01 6.328365516779663835e+01 5.803094385583224835e+01 5.350802944042430909e+01 7.002337776393321178e+01 7.828664564995827391e+01 6.396096955928776850e+01 5.328822186823309437e+01 7.352893524427425120e+01
9.165840669708872213e+01 1.060641633980113028e+02 1.096008343715581645e+02 9.806682792800461357e+01 8.977337823564998587e+01 8.239186802167417056e+01 9.652196561313253653e+01 9.345353129950409254e+01 7.437698482486563023e+01 6.016199225135836315e+01 8.040792043089305707e+01 9.374926448096371701e+01 8.786943476902710870e+01 1.079444291159652494e+02 1.049812157758263140e+02 8.417075603930734928e+01 7.359794248133067640e+01 6.586247868377101611e+01 8.696294045298914455e+01 9.968616411128645893e+01 8.462581735199724164e+01 6.348185087293975215e+01 8.462579923507821889e+01 9.040430852477173573e+01 1.110614163990500316e+02 1.173681090101615325e+02 9.676349323538521219e+01 8.236778149768564106e+01 7.230310174112823063e+01 7.852231300309240680e+01 5.827711678780965343e+01 7.375047449299954394e+01 8.215717405604948453e+01 9.259966115497626049e+01 7.614329151322462508e+01 5.588500913470195997e+01 6.602775201644358560e+01
1.121045932129215856e+02 1.112375922370679291e+02 1.011654918786338584e+02 9.282209176977370646e+01 1.011654918786338584e+02 1.023303398290857160e+02 1.065111968476626032e+02 8.629264439485619675e+01 7.193689468227539408e+01 8.040792043089305707e+01 6.595218845422171228e+01 7.364137600172880127e+01 9.374926448096371701e+01 1.114900422630228150e+02 1.133743882749744500e+02 1.017130711994153103e+02 8.085323625104309997e+01 8.696294045298914455e+01 7.364764692633659138e+01 9.462151378351276776e+01 8.840995048528534994e+01 6.734079288998535162e+01 8.840995048528534994e+01 1.026166934928268262e+02 1.110307697102900875e+02 1.212916066610475951e+02 1.069958817419204280e+02 8.658234046185188504e+01 9.256132827475245506e+01 8.199010381974164829e+01 6.176958238647389265e+01 7.342562763783411128e+01 9.368939585433393802e+01 9.366407342549658210e+01 7.305141293777381861e+01 5.865129480724218780e+01 7.889896762506459993e+01
1.050988735595587400e+02 1.008220893594870660e+02 8.273450560825172317e+01 7.264691385012554292e+01 9.108265192175589675e+01 9.786913167188795626e+01 1.062168980170751951e+02 1.006961461046905981e+02 8.631723115416205871e+01 9.447836797829984334e+01 7.779945878003039184e+01 7.377156032616200321e+01 8.325161249533717012e+01 9.693876734264775052e+01 1.174768155532656522e+02 1.101323621657605685e+02 1.017130711994153103e+02 1.004158274784479943e+02 7.952413234523616836e+01 1.004158274784479943e+02 9.692950114526728100e+01 7.684269345508060667e+01 7.376477064410178741e+01 8.175502808655888032e+01 9.226957710692715864e+01 1.129638098787264227e+02 1.154513946149182999e+02 1.069958817419204280e+02 1.001080161163420286e+02 7.978835455344101035e+01 6.554686798089596778e+01 8.573984563379902113e+01 1.021204571924588436e+02 9.490835477233909501e+01 7.565116338144336794e+01 6.154188568625868072e+01 8.176980570702977502e+01
9.681912704951528781e+01 9.247777353686750246e+01 7.230276184764120728e+01 6.254583120671858865e+01 8.273450280994963180e+01 7.768770943981706978e+01 9.348484685960706031e+01 1.018458107743208956e+02 1.066993057501928774e+02 1.063719973132039485e+02 9.798819567026802702e+01 8.473218764149571314e+01 8.597637093485037951e+01 1.002417268790008364e+02 1.213619384041155627e+02 1.241684577684054318e+02 1.037241119709868542e+02 9.166849254067265917e+01 9.166849254067265917e+01 1.088471667655666408e+02 1.062191534689302159e+02 8.900288188761901154e+01 9.473172512145195867e+01 8.205536480980538272e+01 1.029126095954257067e+02 1.212916066610475951e+02 1.233282506357083008e+02 1.131092364700119077e+02 1.046732798646671654e+02 8.977834467053399692e+01 6.958584948685923166e+01 8.117619825623785346e+01 1.015290951995357460e+02 8.888476274133304855e+01 6.870320691242751820e+01 8.176980570702970397e+01 6.687831967241544362e+01
