MOVIE_S2_data/elevation_000092.asc
nrows	100
cellsize	150.0
xllcorner	0
ncols	100
yllcorner	0
NODATA_value	-9999
[rows 68 to 84 of 100, columns 0 to 36 of 100]
7.311399400410928048e-03 2.000731139709953865e+01 3.098147138748038643e+01 3.532537092094047892e+01 4.421558025647897239e+01 3.862030696466560187e+01 4.079231253610996788e+01 4.453112478121748552e+01 2.477921707927172790e+01 3.573124505794176997e+01 2.996556971292218563e+01 4.523680743468831622e+01 3.706067681107533929e+01 2.215660315831057048e+01 4.116931917434398258e+01 3.735788675233181522e+01 2.854744124207558542e+01 2.611966551418213101e+01 4.080509941377592753e+01 4.202618278725741874e+01 3.495791627692773318e+01 4.449361175395436874e+01 4.595796905429858015e+01 2.839404773762290901e+01 2.999347649435389229e+01 3.160728245324943941e+01 5.119536280020342645e+01 5.777276604565704332e+01 4.478438909697160852e+01 6.422681007418412946e+01 8.130975574216473944e+01 8.029890904526430973e+01 7.669044429966083953e+01 9.595882311587763525e+01 9.380274761707593711e+01 1.019126977711169530e+02 1.136142223307260366e+02
8.304378570984571536e-03 1.415044000230211552e+01 3.415044000786058120e+01 4.931245173132368365e+01 5.756587668492148424e+01 5.854645440035259440e+01 5.483237725857150480e+01 5.147807502217806785e+01 3.184374764522017642e+01 5.147806737080288286e+01 4.386631452676797238e+01 5.780224239654327789e+01 4.555616132364190918e+01 2.580082799942371352e+01 4.550646573637961723e+01 5.411790508436517655e+01 4.221212595121621547e+01 4.582290144647457453e+01 3.600626699515702001e+01 5.563953632660325610e+01 4.882194978723381240e+01 5.431742477199942698e+01 3.482351629137861693e+01 4.804337832635244609e+01 4.961220711629059110e+01 3.708887048953921806e+01 5.653440208338236772e+01 6.906990718912915383e+01 4.960772722010927538e+01 6.906990746422435734e+01 8.505850706871450484e+01 9.440664853616046059e+01 9.595882311587763525e+01 9.609766633328408147e+01 8.742618032028667585e+01 9.626275078087560644e+01 1.025480632626832715e+02
8.037589590134858880e-03 2.000803758958977951e+01 3.666807130866596509e+01 2.931993087583492041e+01 4.346086707158770679e+01 6.343942677823262244e+01 7.507220254661280023e+01 5.969249217925208484e+01 4.316377983888502712e+01 5.969249217925208484e+01 6.352860570594388179e+01 5.437164204331061512e+01 3.465962783619272614e+01 3.062607656157220859e+01 5.034972683526590487e+01 6.543865399142157457e+01 6.265264292732793905e+01 6.386371594519131634e+01 4.580554508783386325e+01 6.386371594519131634e+01 6.849781746603507315e+01 5.898104488975686621e+01 3.957808257286142606e+01 5.898104469083256873e+01 5.653435029977028137e+01 5.653440299209736253e+01 4.681224182822087698e+01 6.625656374828058404e+01 6.906990746422435734e+01 5.750116322568097615e+01 6.719325817569794879e+01 8.556489265712879444e+01 9.647620771004935136e+01 8.552403554357766780e+01 6.630344728404777754e+01 8.552403554357766780e+01 9.342966605020646398e+01
8.866319943247203544e-03 2.000886341155646875e+01 1.667090380147120499e+01 3.666807131697117228e+01 4.578715321074928823e+01 5.407832855717320797e+01 5.823094506111217328e+01 6.652558694915106230e+01 6.283561366955004956e+01 7.109561691515403936e+01 6.494147509770225213e+01 4.516712822048759790e+01 5.437164208887933370e+01 5.034972683526590487e+01 3.808234141471341871e+01 5.199177011843484308e+01 7.193931685311862623e+01 7.374005753570682486e+01 6.547352756537259211e+01 7.374005753570682486e+01 7.283002587275883855e+01 5.324460914155033464e+01 4.568068977193990321e+01 6.499843428878966733e+01 7.605918893340704301e+01 7.441492202184718963e+01 5.650369801930001046e+01 7.441492202184718963e+01 8.505850704597978051e+01 6.721711807077697642e+01 8.505850704597978051e+01 9.440664853616046059e+01 8.798401934098893662e+01 6.584614314285971659e+01 5.567438067487950093e+01 7.680983632474949729e+01 8.506999812800555105e+01
4.238120735784241429e-03 6.670904787229776645e+00 2.621021574287521361e+01 2.945588866759352697e+01 2.578552071817995994e+01 4.408678519558601749e+01 3.822808235091186191e+01 5.823094506111217328e+01 6.536726129509771965e+01 7.366484876471636767e+01 7.325063976110416775e+01 5.652482816269368016e+01 7.325063976110416775e+01 6.615572284548198922e+01 5.783427128898816960e+01 4.789338444878877254e+01 6.777515812918758797e+01 8.568312268895665795e+01 7.741303929588393373e+01 8.568312268895665795e+01 8.109362911459342627e+01 7.283002587275883855e+01 5.524437131815158608e+01 5.895448735664964346e+01 7.793177551341067044e+01 8.421089570881244413e+01 7.600942947726254317e+01 8.421089570881244413e+01 9.481628662236867910e+01 8.672285502931133294e+01 9.481628642858468936e+01 8.948714369557282566e+01 7.905151708714068093e+01 6.931955372746838862e+01 4.804576916689413935e+01 6.931955372746838862e+01 8.423836167793716356e+01
1.555317930585579152e-03 3.087622317172430186e+00 6.211097554944564614e+00 9.455525977559842588e+00 1.652659379004439089e+01 2.408588327347618474e+01 4.408678519558601749e+01 4.903353102842837785e+01 4.536260892030091441e+01 6.399363299354499190e+01 7.294265829288362113e+01 7.643882862560836600e+01 8.478974287079232397e+01 8.421052255053281499e+01 6.408139426603845834e+01 6.188614838593001366e+01 7.614372737108122635e+01 7.564435409133191968e+01 5.728919728838472736e+01 7.330410194196126383e+01 8.211377538454017611e+01 8.313672882614977766e+01 6.896952342766466870e+01 7.601446208012600891e+01 8.609887578878073100e+01 9.488971679122019509e+01 9.086668378447741645e+01 8.297957011561156548e+01 8.849923236653971514e+01 8.522233803864375545e+01 9.310778944791732670e+01 8.088205205479155779e+01 5.997073467661632407e+01 4.932447203180521456e+01 4.232292181711378731e+01 6.359337112502475975e+01 7.584906670176016519e+01
4.786148573735437791e-04 2.000047861485701972e+01 2.621140140888484993e+01 2.945588866759352697e+01 1.522902866946578904e+01 1.959338647421562385e+01 2.418170115177813884e+01 2.903241365341771640e+01 3.569908036181828237e+01 4.464335558687482575e+01 5.878590091279594532e+01 7.879483322366615994e+01 7.766836978744369446e+01 8.588034897080514440e+01 8.421052255053281499e+01 8.199248532030726722e+01 7.716638580426435112e+01 6.735111829213431633e+01 4.722537928969104115e+01 5.245823959431918837e+01 6.733063741544610536e+01 8.933187830807638363e+01 8.908521154991530011e+01 8.733540350245526440e+01 8.948939262524089600e+01 7.668227758051166632e+01 7.974467472133858337e+01 6.362343666517728735e+01 6.928129267498877653e+01 6.592990152033783602e+01 8.201246297041929267e+01 8.948714362974099856e+01 7.313512581762664411e+01 5.207475302695527830e+01 3.710803689929198157e+01 5.824319290338969068e+01 7.460749549124290070e+01
1.415922250553260878e-03 1.414355154598162834e+01 3.414355154598233355e+01 4.351791258743711666e+01 3.522953854904910997e+01 3.959403867583122860e+01 4.418254752445268707e+01 4.903353102842837785e+01 4.903353102842837785e+01 5.570075636174314582e+01 7.294265829288362113e+01 7.448741717080268643e+01 5.797347930029520313e+01 7.448741717080268643e+01 8.215055940247526678e+01 8.310214450462092373e+01 6.294086070218523332e+01 4.868540479609999494e+01 3.967130314916016687e+01 5.387770594323603035e+01 7.411074425070300720e+01 8.067722271687175351e+01 7.319989553895182155e+01 6.148318286127626209e+01 7.589745287805536123e+01 6.383898582307751468e+01 7.101675262498199004e+01 5.214456162328201572e+01 5.533458233310170016e+01 5.448564880878075201e+01 7.408384462133983561e+01 8.027310959426598913e+01 6.819745158438573185e+01 5.408306707703362548e+01 3.313369827559220226e+01 5.408306707708537431e+01 7.096954774024304413e+01
5.113348591224673584e-03 2.000511334859086787e+01 3.049523339020312562e+01 3.520927859811304472e+01 4.098278129000919989e+01 4.730733661034584969e+01 5.559160785765227075e+01 6.453587976779398616e+01 6.904083277082747827e+01 7.571087097562028134e+01 7.741470420752963832e+01 6.629751946305229637e+01 4.684150654805972636e+01 6.629751946305229637e+01 6.244705217882307835e+01 7.640595072506722829e+01 6.884596401048280256e+01 4.868540479609999494e+01 3.452652295417512818e+01 5.459029421670446425e+01 7.290541275161378110e+01 7.068510074197506299e+01 4.941318956550359331e+01 4.433936064829693890e+01 6.454711179345940764e+01 5.407358412118941260e+01 6.091454496089780690e+01 4.319969085645919193e+01 4.380552848507186781e+01 6.360816829040282272e+01 8.201245760217611291e+01 7.167562640291329501e+01 5.069390320273127770e+01 3.854855716318665060e+01 2.941267299988338380e+01 5.018010775062156625e+01 6.753965181693148168e+01
3.630678512830590090e-03 2.000363067851247578e+01 1.049523339020348089e+01 1.520927859811375704e+01 2.098278129000991399e+01 2.730733661034656024e+01 3.625160852034539971e+01 5.039374414407585334e+01 7.039374414407443226e+01 7.264510606045742236e+01 6.922799384137773870e+01 4.974992867869457314e+01 4.014608952001834297e+01 5.941878012953649346e+01 4.873207716132322531e+01 6.662175889837193665e+01 6.462350058039976375e+01 4.450768465741203528e+01 3.034708651512962874e+01 4.405558320352012203e+01 6.293312827740907522e+01 6.683345936437818580e+01 5.567763417853283414e+01 3.365012039106229480e+01 5.567864242678221842e+01 6.091453721800453991e+01 4.145503020334103894e+01 3.565199289983776509e+01 5.552377443183508632e+01 6.005533641490163177e+01 7.952213347684009648e+01 7.279932872122286369e+01 5.187600005568899064e+01 4.666685691246406975e+01 2.609119607984187539e+01 4.054519441915174127e+01 6.144585917841057210e+01
3.897887252982968069e-04 4.170678069866776916e+00 2.417067806986642253e+01 3.520927859811304472e+01 3.153921021666798907e+01 4.730733661034584969e+01 5.559160785619461365e+01 6.453587976757125944e+01 6.641633037700903230e+01 5.192992621832187439e+01 6.641633037700903230e+01 5.332422023295948321e+01 3.414079386792789705e+01 5.332422006176681606e+01 3.919502551747028463e+01 5.847507649408748165e+01 6.080857532136896992e+01 4.073088811800653275e+01 2.657841533969687475e+01 4.660965706290178190e+01 4.489483750232364656e+01 6.297721138765444238e+01 4.888652600491656841e+01 2.772508697063670979e+01 4.888652539913504569e+01 6.514457537911002305e+01 4.540614292967044463e+01 3.131768314352799720e+01 4.022601905875426098e+01 5.431988884192210065e+01 7.390193211258089434e+01 6.668556167778805843e+01 4.574168077136238963e+01 3.113104434015060562e+01 2.306635720756235486e+01 3.731004720486571102e+01 5.812271327515931318e+01
9.894987445105475968e-03 2.000989498744474915e+01 3.245494931731876420e+01 4.288669026758955027e+01 5.153921021666727853e+01 5.982348146400609323e+01 6.473145530447503404e+01 5.433937613735029970e+01 4.577862088234250848e+01 3.683395484290331723e+01 5.799726192058448504e+01 4.852836363306518308e+01 2.935122753664946771e+01 4.213598450400351680e+01 3.198588578727874321e+01 5.118790242030735271e+01 5.724836028104863317e+01 3.719918932419442825e+01 2.300633073400029716e+01 3.130359207048348225e+01 5.055853523623427748e+01 5.472543436672602013e+01 4.324079808725154805e+01 2.247311694806507987e+01 4.324086212216468539e+01 6.042121009330709569e+01 4.792224424093134161e+01 2.802274033910429196e+01 4.212454966821920266e+01 6.191143277352590246e+01 6.483807424541583941e+01 5.643211741574003071e+01 6.045025477317336993e+01 4.048591110194660558e+01 2.063840076753473340e+01 3.987978796087432443e+01 5.296923577964013674e+01
2.758038052605161963e-03 7.073825764323210308e+00 1.463311266944909228e+01 2.617962384115081420e+01 4.031331879646759830e+01 6.022542593835706271e+01 5.628983268331509748e+01 3.530320611479365311e+01 2.483075434655120262e+01 4.577862088234250848e+01 5.578079254986204916e+01 4.769292191095689759e+01 4.213598492409364127e+01 2.300211963039825847e+01 3.649197138970183119e+01 5.576183497919176801e+01 5.384998398183023482e+01 3.382165948942936495e+01 1.965417005051625665e+01 3.968781991744895521e+01 5.186371134012453155e+01 4.011523985039453066e+01 2.564395658107448384e+01 1.764155043881946128e+01 3.821213815122801094e+01 4.061649535214752404e+01 4.061730816591920501e+01 2.489242927373356906e+01 3.900490222428333453e+01 5.884450483141469590e+01 5.511511035034801154e+01 3.436017358876141259e+01 4.069905755765194755e+01 3.586757520024507073e+01 1.851983745633953049e+01 2.863950428309183849e+01 4.582031983607869563e+01
7.097940694151796438e-03 2.000709794069379655e+01 3.462509845492812133e+01 4.288669026758955027e+01 4.038257072861831176e+01 4.321055652465015129e+01 5.004935781490852520e+01 3.915432384491037965e+01 1.901296743040325055e+01 3.915432384491037965e+01 4.769086523970626246e+01 2.853001664856963515e+01 3.414210754166480655e+01 1.973880231057067292e+01 3.873286392797019317e+01 4.820398596439794403e+01 5.119799693919120642e+01 3.670030986805887352e+01 1.663958199105918112e+01 3.263053892966616587e+01 3.479702021454767902e+01 2.340924544909125515e+01 1.180209354509753794e+01 3.134899102661524495e+01 4.448980957150836701e+01 3.668264086247860689e+01 2.066814151253635146e+01 4.061730582008268442e+01 5.294879869931100558e+01 6.175991601124050590e+01 4.764523363477145779e+01 2.952367671595058951e+01 1.485371921519525351e+01 1.540708583266878229e+01 2.120655501820402833e+01 3.395712312147159651e+01 3.678388715813341747e+01
8.907212727516041623e-03 1.414755392606716988e+01 3.401859591656531023e+01 3.349912303888070397e+01 1.902646925514495635e+01 2.291290530143567139e+01 3.463078136627281367e+01 3.224475715496808448e+01 1.475249886714282610e+01 2.898891125275106617e+01 3.213462668792658405e+01 2.999820103058872434e+01 1.531884525899185334e+01 3.414154129050555753e+01 4.054319356571863864e+01 2.884937759580918026e+01 3.387142959285993271e+01 4.393457834834109832e+01 3.261647691160224127e+01 1.256817638520555747e+01 1.253420879218856143e+01 9.263727788174357158e+00 9.659962772363247296e+00 2.962746935921677860e+01 3.286410352187471773e+01 1.670117339605159046e+01 3.657182928005249067e+01 4.833008878392228524e+01 4.390944223352065734e+01 5.101145173876142280e+01 3.410012377790879157e+01 3.379483188934006677e+01 1.479301847212777865e+01 3.387586484820533883e+01 1.603361530360814413e+01 1.647734616490945925e+01 1.692044955991280730e+01
4.556156782696869564e-03 2.000455615678234267e+01 2.080657447255469350e+01 2.104499658649178784e+01 1.248307411849318926e+00 2.428783573094314363e+01 3.062372640567690851e+01 1.552893666465980083e+01 2.330848021661991964e+01 8.977274516536697391e+00 2.110691025421904854e+01 1.123023199002982331e+01 2.995844402367844239e+01 3.813342667090741855e+01 2.884319855216526562e+01 1.476255275521778465e+01 2.679232819033084212e+01 2.734812430851669518e+01 2.755240909332306032e+01 2.798121102812120498e+01 8.702922256794023426e+00 2.867535094894651237e+01 2.956238484402191702e+01 1.022336201102348952e+01 1.287236360882431896e+01 3.128859896029259602e+01 3.546213679866321655e+01 3.701491662628157542e+01 2.425738404378122581e+01 3.289205355112864737e+01 3.350197891988506882e+01 1.418662575815739579e+01 3.408502796355562481e+01 3.066754248295756113e+01 4.192777456136669656e+01 3.674386717871357178e+01 2.583001217130956206e+01
9.004134676422023004e-03 3.787410502388947053e-01 7.485409901661986831e-01 1.118529900643292718e+00 1.488843533087078841e+00 2.126550296302505672e+01 2.232858457923310880e+01 2.912934704561219501e+00 3.286072380572464535e+00 1.483103221631996149e+01 2.105140688866827858e+01 8.314723658242938242e+00 2.900978702309649293e+01 3.069050774297649298e+01 6.993069141114919951e+00 6.583674072817164102e+00 6.967427299725361678e+00 7.355688409288519303e+00 7.749799522222926562e+00 8.145499538156336428e+00 2.817860324155024543e+01 3.683130872813981682e+01 3.604246239906196081e+01 2.294772852500435079e+01 1.079346084639847447e+01 1.455974991683162223e+01 2.422777180343005199e+01 2.659838663949528481e+01 1.276714771984325481e+01 1.317679310176288077e+01 1.358553435013302391e+01 3.242859336850090557e+01 4.200290901593855608e+01 4.907902102936727573e+01 5.419151343108089236e+01 4.532249498587641057e+01 3.997855680915924381e+01
