MOVIE_S2_data/elevation_000785.asc
nrows	100
cellsize	150.0
xllcorner	0
ncols	100
yllcorner	0
NODATA_value	-9999
[rows 17 to 33 of 100, columns 0 to 36 of 100]
9.533491951124807226e-03 1.677657213395903213e+01 3.364917348750653048e+01 2.648353738941202096e+01 7.416888751026460724e+00 3.164824646196564562e+00 3.549515401340122001e+00 2.271170756867404350e+01 2.973283226580379690e+01 3.783532640479731413e+01 3.269535754357590918e+01 1.288980285490142919e+01 3.270650953723358612e+01 4.472581457309686925e+01 4.030393403007062147e+01 2.289147916270061600e+01 3.790410245480764928e+01 3.600222895887173280e+01 3.456656368842671156e+01 1.537190028449855639e+01 3.207679909786889283e+01 3.987200939938673372e+01 4.750471694179966420e+01 5.668326287855767731e+01 4.836419312867640485e+01 3.108054967084831688e+01 1.754671287419954240e+01 3.390100262416871146e+01 1.455300554792986567e+01 1.500195299891627698e+01 3.505895897615227597e+01 3.547705507892622734e+01 2.027094396686021227e+01 3.818561291882205921e+01 4.267394970950583399e+01 2.327043071275644692e+01 4.267398012853639244e+01
1.329665511360111864e-03 1.452469947794850924e+01 3.610206932449926143e+01 3.620612500280051194e+01 1.745425797197772866e+01 2.313951180704392385e+01 9.989590084321894992e+00 9.489779296819705223e+00 2.940581393615150319e+01 4.411444079198512469e+01 3.270464102851976662e+01 3.270253466068903947e+01 1.687291737299995020e+01 3.667005305341836419e+01 4.889267010771796151e+01 4.525488011558179835e+01 5.007855916496673387e+01 4.851173759732551360e+01 4.293742444974811434e+01 3.473268250158001536e+01 1.830102100675563292e+01 3.758073500369302167e+01 4.886571079912472015e+01 6.068901355727540903e+01 5.176894169176295435e+01 3.187932688394585412e+01 2.017137000152691328e+01 4.028949815471241180e+01 4.326985089016981334e+01 4.152251051489752598e+01 4.233080837934799234e+01 2.316580365289208032e+01 3.235613757747165664e+01 4.653396205049843815e+01 5.088830225356657877e+01 4.267398012853634981e+01 2.560399391672405400e+01
4.760174870478865901e-03 1.414689579654316631e+01 3.414689031559787225e+01 4.612240439538657455e+01 3.775107774621059775e+01 3.652266806299870439e+01 2.665989053136776121e+01 2.940586937621718278e+01 1.589966606810308924e+01 3.589276795340129667e+01 5.221103569801141475e+01 4.472170600210999680e+01 3.667062474243895309e+01 2.106648538178422569e+01 4.084601194178762995e+01 5.342978877717096253e+01 6.268651943319384401e+01 6.466884642519985960e+01 5.735004550067468188e+01 3.758389844558055159e+01 3.609351459040973253e+01 2.125683539609595130e+01 3.222312129685990811e+01 5.259419112993300871e+01 6.090582253022586201e+01 4.307009518597404707e+01 2.291670832719631079e+01 3.446915807848214541e+01 5.481919377115911374e+01 5.693835599267107028e+01 3.715483869573582609e+01 2.589692191335055682e+01 4.551633695576035876e+01 6.053746814002796128e+01 5.907352646759668602e+01 3.928409556895913113e+01 4.508020749903467106e+01
4.522672674103187483e-03 2.000452267267374751e+01 3.134897941164752311e+01 3.802228050170374019e+01 4.629929352378418628e+01 5.616539884438962105e+01 4.484315977074874127e+01 2.482947524729419797e+01 3.002929245789386670e+01 3.002929245789386670e+01 5.004845002834782264e+01 5.675522644627143620e+01 3.727050425749884255e+01 4.084601739881202320e+01 2.563290893330419706e+01 3.533923308726118506e+01 5.435642031113242467e+01 7.453292626660910969e+01 5.648462376219122660e+01 4.253101952312185574e+01 4.269595342196272725e+01 2.337344324027477072e+01 3.685623051893499991e+01 5.672155616369850151e+01 6.044448005534511026e+01 3.999285195440778296e+01 2.580183227576503668e+01 4.598299513886698975e+01 6.335620153995705550e+01 6.521502901437246180e+01 4.895243022188306270e+01 2.922015516399862634e+01 4.314419181509385481e+01 6.297475815704992641e+01 6.733300113436780521e+01 5.907352384821354008e+01 5.354202066097144552e+01
8.979627706787422434e-03 5.681087290131873857e+00 1.150874158586062279e+01 1.823905608134885270e+01 2.854924555967066269e+01 4.805616937985674753e+01 5.191947798059666752e+01 3.190462783343276953e+01 5.004845002833121725e+01 5.004845002834655077e+01 5.838270941593768271e+01 6.477284736029280054e+01 5.278485627859551954e+01 3.320618122420890472e+01 3.036886725460795233e+01 5.003812343078327984e+01 6.371790279421742298e+01 7.556108687012358871e+01 6.158237506119105831e+01 4.046357822507356872e+01 2.650109709461945329e+01 4.270326167270793150e+01 3.538446094557431820e+01 5.529867659329911334e+01 6.353723688419611904e+01 4.302220894598024614e+01 2.881326517057756220e+01 4.903091913000294255e+01 6.265697585931173563e+01 6.666714898566873160e+01 4.680600568963608055e+01 3.286302967219896942e+01 4.680600568963608055e+01 6.666714898566796421e+01 7.757623975473313749e+01 5.763185416683472795e+01 4.361464621466934233e+01
6.790954771729373202e-03 2.000679095477137537e+01 3.134897941164752311e+01 3.802228050170375440e+01 4.629929352401192233e+01 5.632377330273065752e+01 6.025468462867232944e+01 5.191947800442612504e+01 4.604922389835726193e+01 6.609152508167115059e+01 7.466340587330410017e+01 5.541410667102784515e+01 4.166370042934877205e+01 5.278485627859551954e+01 5.003812343078327984e+01 3.765472040082400440e+01 4.751294847323989501e+01 6.741492529118417565e+01 6.298205292779088182e+01 4.253633199936651721e+01 2.877906533358818564e+01 4.842505551681060183e+01 4.936862651178343242e+01 6.364012046542102041e+01 6.959812181305591139e+01 4.903092027898470207e+01 3.696087119249036590e+01 3.379649204871908807e+01 5.410906918351017936e+01 7.073468012638883806e+01 5.083602325385792398e+01 3.687660500800446783e+01 4.826560365877023884e+01 6.813690758801790537e+01 7.760066556810602378e+01 5.763233042726547239e+01 6.347342944835927625e+01
6.689336105942520969e-03 2.000668933610558753e+01 2.826122467398689508e+01 3.285023376197221268e+01 3.785135229813030122e+01 4.362624381357223768e+01 5.069946781790629586e+01 5.900453922605284163e+01 6.609152508145106708e+01 7.446014521758506532e+01 7.466340587330410017e+01 5.541410667102784515e+01 5.291914231535627522e+01 6.906958230353517081e+01 6.336348850565215685e+01 4.391309094586421935e+01 6.336348850565215685e+01 7.564066487959956930e+01 6.427237747400721446e+01 5.035898664330636620e+01 3.113944644201625422e+01 5.096769961317414754e+01 6.447297880773388101e+01 7.789443862501848059e+01 7.197818597504604554e+01 5.130215028703718616e+01 5.735802093199992413e+01 3.749371759037241958e+01 5.183381518528295118e+01 7.253842342271197197e+01 6.133802519198932401e+01 4.152124029931619731e+01 6.133802519198932401e+01 7.646938514947655108e+01 8.598529712624473120e+01 7.759653261980788841e+01 7.309689979465301235e+01
7.711933663051398317e-03 4.090194838301699498e+00 8.260483119443312816e+00 1.284879779686263745e+01 1.784879779719005199e+01 2.362230050471720944e+01 3.069336918500424360e+01 4.224059432783525381e+01 5.638621240722690686e+01 7.642181278713992754e+01 8.272505793604258884e+01 7.466340587330410017e+01 7.216191704351614078e+01 8.021173768544247196e+01 7.146320712606517134e+01 5.264523271554904227e+01 7.146320712606517134e+01 7.052398742209832960e+01 5.051677381751921558e+01 3.641072756487380246e+01 5.096769961317414754e+01 3.595455186007957593e+01 5.608029621329025360e+01 7.267458340125902794e+01 8.052302836895769644e+01 7.197818597504604554e+01 6.192260542120539668e+01 4.140134192519251854e+01 5.314374860252667077e+01 7.391474685170683756e+01 6.965563812273269662e+01 5.291869938848821420e+01 4.993300565056701856e+01 6.135699201201833830e+01 8.159210906757060400e+01 8.736344875438666691e+01 6.780688000461286435e+01
5.464868864810172588e-03 2.000546486886445408e+01 2.240267783371164612e+01 3.285023376197221268e+01 3.199195555747285624e+01 3.776518670148360712e+01 5.069946781790629586e+01 5.900453922605639434e+01 6.838890865956605580e+01 7.666193461242534113e+01 7.607805210033426135e+01 6.783083068685546380e+01 7.607805210033426135e+01 8.603332928525840373e+01 8.016605540376316696e+01 6.632501119310323645e+01 8.016605540368188088e+01 7.605191855372321186e+01 6.088098092756670354e+01 4.056097562712854199e+01 6.088098092756670354e+01 4.082728938361618276e+01 4.400733975905263407e+01 5.841654485897201710e+01 7.876507123430694435e+01 8.115730690827079741e+01 6.033144502492333316e+01 4.577022855325702011e+01 6.643119874722506779e+01 8.246563910508717754e+01 8.120241782060578828e+01 7.283903812230957442e+01 5.739476545524502171e+01 7.739005338223309138e+01 9.027419886736407761e+01 8.344380786659560556e+01 6.788215932374774297e+01
5.889614652278742785e-03 1.414802523838335446e+01 3.414802524026663377e+01 5.069587083074627998e+01 5.203080228880700986e+01 5.779508861740419690e+01 5.771773444616259496e+01 5.427227207671064946e+01 4.842496974899980700e+01 6.838890865956605580e+01 6.442450646207083764e+01 4.790227422968299464e+01 5.786655245831391170e+01 7.364776098660205150e+01 8.514509540539096122e+01 8.581924332292490476e+01 8.213011190063537015e+01 6.173360805116559646e+01 4.722773135034461234e+01 6.088098092756670354e+01 6.648092119448550363e+01 4.597215804266504335e+01 6.437649024715423707e+01 5.487169681035092594e+01 7.529114373639073676e+01 7.846193940407198397e+01 5.762408533365764640e+01 6.643119874722506779e+01 5.491160650866859783e+01 6.694549622920268916e+01 8.777893764746993099e+01 7.739005338223309138e+01 7.146695704288410411e+01 8.581626567033414688e+01 9.199962238330698483e+01 7.515878322717249205e+01 5.523155387036170083e+01
6.299055471926359555e-03 1.414843505748200236e+01 3.414858870609389641e+01 4.492827232179690355e+01 5.300386281026066371e+01 5.186703642895842137e+01 3.774665516951295530e+01 3.429888734968112374e+01 5.427227207671064946e+01 5.858000834985327998e+01 4.448708957827304999e+01 3.791777628350725848e+01 4.546802700009291698e+01 5.698249267721961786e+01 7.689902380957157391e+01 9.485940888515924030e+01 7.473262296181466979e+01 6.019928247142664901e+01 5.402222950847595939e+01 7.455029383833661427e+01 7.219854794308133705e+01 5.159633621802709058e+01 7.219854794308133705e+01 6.516290290590644929e+01 8.349206625806536408e+01 8.699815676034917544e+01 6.966923153455198303e+01 8.429951499151508187e+01 6.532546986021789337e+01 8.429951499155416172e+01 9.627201693491376489e+01 9.767894160329657893e+01 9.168967289593201997e+01 9.786340904993288348e+01 7.780635577236796507e+01 6.369472201268120415e+01 7.515878322717249205e+01
4.664899311792800908e-03 2.000466489931143599e+01 3.015228964770920328e+01 2.496920351318324549e+01 4.492827232180658825e+01 4.359604886202951946e+01 2.361177441137397892e+01 4.359604886202952656e+01 5.157770011281093758e+01 5.032660496676125916e+01 3.036163438559376715e+01 5.032660496676125916e+01 6.540020919898458374e+01 7.364776098660205150e+01 8.024436818027575669e+01 8.321756937109542207e+01 8.887695575638396406e+01 8.062762207527224234e+01 6.183002414072108621e+01 8.227945053242801521e+01 7.871739284404826265e+01 5.810299524361805368e+01 7.871739284404826265e+01 7.961400656460460823e+01 9.351661856539544715e+01 9.895334672431846457e+01 9.047300172191998513e+01 9.467676485540232534e+01 8.617601941275614763e+01 9.467676485541657883e+01 9.452404781541866896e+01 1.027286638796642961e+02 1.094675241396602559e+02 8.936859941755054138e+01 7.520780080508365018e+01 8.368093066674690306e+01 8.949088666807678294e+01
3.445177533103992596e-03 1.884886914300296645e+00 1.082913417411460699e+01 2.658973178883302779e+01 2.858835721796976514e+01 3.062798310489883136e+01 1.806486120867196732e+01 3.501799258016042415e+01 3.160942618132596493e+01 3.997365093313516127e+01 2.588977128974217479e+01 4.002022769084157972e+01 5.996632528687080566e+01 6.036823980087687858e+01 6.036823980087688568e+01 6.335295614357832505e+01 8.321756937109542207e+01 9.051098845833561768e+01 7.376291050664660531e+01 9.051098845833561768e+01 8.647483560588277385e+01 6.595057124825059702e+01 8.647483560588277385e+01 9.943480687465864776e+01 9.605417988146766106e+01 8.784392029019228687e+01 9.605417988146766106e+01 9.781607833817430731e+01 8.961284503002470103e+01 9.130026416709696946e+01 7.473491600730443452e+01 9.130026416709696946e+01 1.030170171510707746e+02 1.035841524948470465e+02 8.936859941755054138e+01 9.534643107352408720e+01 7.533999985408993894e+01
6.170631355331793709e-03 2.000617063135497631e+01 4.632098193264841512e+00 6.593259544623644608e+00 8.593259544537501071e+00 1.063450099651890923e+01 1.271964513571296429e+01 1.502904620450838635e+01 1.747243504543036607e+01 1.999219796392588933e+01 2.332552814795191765e+01 4.329843145472138843e+01 5.255672764271149333e+01 4.045271333830048377e+01 4.710835822387854677e+01 5.706702577336266557e+01 7.111143126227173639e+01 9.097499849229080837e+01 9.391326057024981822e+01 1.020654530794723911e+02 9.486425253356546250e+01 8.053019074010357770e+01 9.486425253356546250e+01 9.832663075446137668e+01 8.613413200002395342e+01 6.799604737481112693e+01 8.613413200002395342e+01 8.961284503002470103e+01 6.982778661038049961e+01 7.562269605532239325e+01 6.331890918833354220e+01 7.502368583921689549e+01 9.207147235836772836e+01 1.035002856556640722e+02 1.094675241396602559e+02 9.534640370476499527e+01 7.533999982144379715e+01
2.708283848820350944e-03 2.000270828384846666e+01 2.462980271912526931e+01 2.073431616685295253e+01 2.273385021262752304e+01 2.477452377131893613e+01 2.685897400130888357e+01 2.319371692673522389e+01 3.745799820724123919e+01 3.412747700321831701e+01 4.329843145472138843e+01 2.824909301985855592e+01 3.261311710548871190e+01 4.077238658148915817e+01 6.068672036575234330e+01 7.523357102054961842e+01 8.516918453301536829e+01 9.868196421369511029e+01 9.041968815487800271e+01 9.301426668415830079e+01 1.012728297352769999e+02 1.008264778643385853e+02 9.832663054181796269e+01 8.429878898416897925e+01 7.027094715924999946e+01 5.806543093738138595e+01 7.791998383250165716e+01 8.262443625783262746e+01 7.442337646826700848e+01 5.580184618137813857e+01 5.519955316138815249e+01 6.408933240290680544e+01 7.550552470127288984e+01 9.529552639932769864e+01 1.082938068309080677e+02 1.036419392907499031e+02 9.534640356061065347e+01
1.252954368065604170e-03 2.000125242564456229e+01 3.983458482366049935e+01 4.072599008354940509e+01 4.272238743127532246e+01 4.475948408375723631e+01 4.683985452364310476e+01 3.732754163028491945e+01 3.951187574435041228e+01 5.408756332269121003e+01 5.644772629059751523e+01 4.820467489867540678e+01 3.767089490367925464e+01 5.752141011168448159e+01 5.486548030905670714e+01 7.474043706045640079e+01 9.419806418617201871e+01 8.592888026215550212e+01 7.036913144348380911e+01 7.297376753885716028e+01 9.301426668415830079e+01 9.493613251681819065e+01 8.673232700731310274e+01 7.027094715924999946e+01 5.618924805693053059e+01 5.097004943800803289e+01 7.090033933771842101e+01 7.116495820418369078e+01 5.455455868773945127e+01 4.757252111749967582e+01 5.249651293975284005e+01 7.234477978363470640e+01 8.552925596928514551e+01 9.212537003872330388e+01 8.849159679126070444e+01 1.082938068309080677e+02 1.084490022852388051e+02
3.452158733728009216e-03 1.155045754251933232e+01 3.155045658908223771e+01 4.898353539360199704e+01 4.531022579743621748e+01 5.361496969746231400e+01 5.682364966596943390e+01 5.729384364360537063e+01 5.947695525461779908e+01 6.774561324548469088e+01 7.290501780391097952e+01 5.379067443016020178e+01 5.182327018960890541e+01 5.752141024549119663e+01 7.474043706045640079e+01 8.298025336354851333e+01 8.592888026215550212e+01 6.587619566995337550e+01 5.877862380104958362e+01 7.174949100601438090e+01 9.178324200845783309e+01 8.673232700736107859e+01 6.687176975473977336e+01 7.268879229544162968e+01 6.459782828666445198e+01 4.452002313194197569e+01 6.459782828662889642e+01 5.866659783842555242e+01 4.285127921934654438e+01 6.295210918683677903e+01 7.234477978364897410e+01 6.004035007774302102e+01 6.575618335966392181e+01 7.233702783041877638e+01 8.632538862243255551e+01 1.061277638354443837e+02 1.104664702285431304e+02
