MOVIE_S2_data/elevation_000451.asc
nrows	100
cellsize	150.0
xllcorner	0
ncols	100
yllcorner	0
NODATA_value	-9999
[rows 17 to 33 of 100, columns 0 to 36 of 100]
9.533491951124807226e-03 3.881068761681736867e-01 7.667480989995503204e-01 4.375337431307960046e+00 1.462180610879100406e+01 7.424183687685432353e+00 2.780920043025017563e+01 3.037367089744411075e+01 1.016986045385752568e+01 2.528550231806617532e+01 3.366291474445479537e+01 4.533898898682239320e+01 4.894841392339920105e+01 2.919781359570831114e+01 2.919783319761431528e+01 1.158984363116969440e+01 3.226256064965624404e+01 4.375404098562579236e+01 5.536084626325296654e+01 4.674685160443713983e+01 2.027328531798448807e+01 1.999630629994914344e+01 2.179165351989719213e+01 3.679095729028886552e+01 5.387056579516800525e+01 6.414084329728895284e+01 7.617990584730398496e+01 6.051223507323874173e+01 4.018422229726382966e+01 4.613782633586330206e+01 3.951416944954620192e+01 2.173988565521791116e+01 2.838912760753181175e+01 4.907177806911722229e+01 6.790890661672781903e+01 7.602489659146728229e+01 7.085787520607539136e+01
1.329665511360111864e-03 1.996561628367181740e+01 2.074118026220382660e+01 4.080941602985546091e+00 1.307637429476987379e+01 2.137883458875918308e+01 2.273808282384969104e+01 3.865804637370784747e+01 3.037408906662038532e+01 1.574692358275624926e+01 2.998061034061316121e+01 4.999862822134889484e+01 5.769455101506706995e+01 4.656757467611777912e+01 2.633722985630227242e+01 3.226256059636356355e+01 1.487492415017196912e+01 2.693011166825656133e+01 4.710639865865193343e+01 5.763835318293156718e+01 3.712198067209487817e+01 3.056767298900208729e+01 4.282142196145387203e+01 2.449984485218551455e+01 3.522363401101461733e+01 4.995363823154148974e+01 7.008878737625911981e+01 6.910111393924185563e+01 6.051190334167765883e+01 5.943793368365248853e+01 3.874376462249897912e+01 2.403259255256972793e+01 4.479628448969093313e+01 4.033017655430660398e+01 5.225914191780193363e+01 7.297053211453084032e+01 7.886963074733344570e+01
4.760174870478865901e-03 1.998676709828804121e+01 2.828595522301100473e+01 7.165250878486809860e+00 2.567288043164151290e+01 3.465150571062620344e+01 4.329910822580996665e+01 4.406160942605217912e+01 3.994247511357944802e+01 1.986291453168086463e+01 3.994247511359037617e+01 5.508022533257894793e+01 6.505840479516496089e+01 5.483105015606859212e+01 4.656757465790987283e+01 3.777725044668555654e+01 1.729077367881021843e+01 3.190078459494142038e+01 5.196429405563080905e+01 6.606807737580172102e+01 5.135044829458720272e+01 5.135044822280413968e+01 4.152877731047857424e+01 2.649837854059218856e+01 4.750479119995121380e+01 5.912835546096900430e+01 6.843746882687244693e+01 7.663641940621910464e+01 7.561050746171270021e+01 5.381241268768202701e+01 4.710162017033794513e+01 2.641377444136139729e+01 4.711081386634496937e+01 6.101280540978916633e+01 6.954830608830766892e+01 8.147594725618111511e+01 7.886963074733344570e+01
4.522672674103187483e-03 2.000452267225462322e+01 3.665840041335707866e+01 2.831640546136209480e+01 1.390038006370109791e+01 3.498330454560716163e+01 5.069975341052543172e+01 6.387536917593210006e+01 4.821563660880804747e+01 3.148744945433060494e+01 2.677680420502191794e+01 3.683585276262749630e+01 5.679572894921685133e+01 5.860656905538808559e+01 3.867974050807227115e+01 2.429940341991701658e+01 2.013335829172029534e+01 4.049868120898413792e+01 5.267089493435685199e+01 6.417044050047346104e+01 7.153837100430914120e+01 7.019448146716341341e+01 5.130231802788338058e+01 3.033238012528195782e+01 2.996917080545981094e+01 5.083188278289319584e+01 4.834159234235580271e+01 6.843746960536626034e+01 6.956443463652693993e+01 4.732534676020873832e+01 3.305958163506537062e+01 2.903309513439876355e+01 4.952703352063328168e+01 5.982594404000973753e+01 7.327196418559580593e+01 8.581851335052178342e+01 8.697464052078586860e+01
8.979627706787422434e-03 2.000897962770643090e+01 3.829106234675765563e+01 4.328554571553570440e+01 2.905051820983316446e+01 2.198211214823150073e+01 4.246121708679104501e+01 5.922854164087533491e+01 5.975637860975355409e+01 5.149225495378848194e+01 3.285752906219961744e+01 5.284104869652468039e+01 6.505841271672514381e+01 5.207164554063939477e+01 3.208174526408043192e+01 4.451617346203991588e+01 4.049868120898413792e+01 2.421643680535408549e+01 3.600240084837939492e+01 5.592854471052848453e+01 7.360517986986407379e+01 6.884636917081843421e+01 5.500394489681895038e+01 3.430950607726434498e+01 5.083188659857343339e+01 3.355013339492480640e+01 4.834159234049531051e+01 6.843746665311152810e+01 6.793810683289615326e+01 4.563602484635595857e+01 5.383303170464017740e+01 4.952703354161783977e+01 3.273279290879314374e+01 3.830421749477131499e+01 5.410973259540534741e+01 7.066583874181641534e+01 7.918295058013021048e+01
6.790954771729373202e-03 1.000679095477181590e+01 2.414892657850301916e+01 4.414892657932285402e+01 4.930631777792473969e+01 4.246121708679104501e+01 3.094482231083330248e+01 4.518605690475606451e+01 6.511213210889394531e+01 5.948478391619936900e+01 3.955357825717527476e+01 5.948478391619936900e+01 7.194145762850332915e+01 5.207164560814928933e+01 3.848735209387691469e+01 5.835404576633974472e+01 4.732526386514572181e+01 2.722597358089657504e+01 3.555549188965323992e+01 4.553958223897565460e+01 6.535082095287702941e+01 6.057317364520982750e+01 4.017455968087873686e+01 5.500394489681895038e+01 5.673196413617871769e+01 3.620750210711305783e+01 5.087249216304438448e+01 7.087798084206465887e+01 7.666861061483045603e+01 6.163139354075977394e+01 7.381522844708831599e+01 5.316807197328317613e+01 4.176421674681445495e+01 3.674953225225713282e+01 4.302561689590689298e+01 4.981863842975174350e+01 6.029197628495101924e+01
6.689336105942520969e-03 2.000668933610558753e+01 3.495992887247245307e+01 4.324420011683609033e+01 5.324420011514067852e+01 5.922854164087533491e+01 4.518605690475606451e+01 4.518605690475606451e+01 6.511213210889394531e+01 6.774727625861152092e+01 4.953004841046312379e+01 6.774727625861152092e+01 7.090022588059201780e+01 5.106297333271768935e+01 5.254173906334627731e+01 6.659750227443953463e+01 5.048573340218465688e+01 3.049716611382470788e+01 5.048573255053800324e+01 6.368249266843691458e+01 7.360517986986407379e+01 6.642273675461322568e+01 5.391230965138701947e+01 4.622625998422704185e+01 5.117008685080216424e+01 3.893160156165763652e+01 5.931009463008651750e+01 7.125245564130678133e+01 8.269837830948743829e+01 8.316385959677018036e+01 7.704045611173179964e+01 5.632721753372434392e+01 6.048679417778696177e+01 3.991282548072399550e+01 6.048679417778696177e+01 7.066583874181641534e+01 7.918295058013021048e+01
7.711933663051398317e-03 2.000771193365766365e+01 1.495992887247388303e+01 2.495992887247370717e+01 3.910206449620415725e+01 5.910206449619512625e+01 6.511213210889394531e+01 6.511213210889394531e+01 7.327102637699456977e+01 7.771060900597338161e+01 6.943951942193557159e+01 7.771060900597338161e+01 7.916520020409814151e+01 6.507004337882625578e+01 7.238619543737860340e+01 6.776290528245240807e+01 4.795314025607530795e+01 3.386737345745259375e+01 5.375528610033966714e+01 6.759309102831767291e+01 7.905326147138769954e+01 6.985230529087905893e+01 5.187824586650554437e+01 6.659531603574771452e+01 6.577151861057701865e+01 5.931009200403951098e+01 4.288388075069801175e+01 5.466040255689760130e+01 7.452438159463822842e+01 8.363087830142998769e+01 8.553713536593161848e+01 7.704045611173179964e+01 6.394174693735579496e+01 4.321202767956635427e+01 5.352742581222000240e+01 6.562887677572494738e+01 8.627763306390110642e+01
5.464868864810172588e-03 4.269479195977001318e+00 2.426947919597914094e+01 3.814435149305670336e+01 4.521541930492059436e+01 5.349969054251042166e+01 6.504669591948895402e+01 7.325052519433204168e+01 7.823257214102115142e+01 6.996363177312974813e+01 7.345599401755303859e+01 6.518460043641729840e+01 7.345599401785689508e+01 8.497553154746518089e+01 7.837824950093396126e+01 5.851875895843919295e+01 4.454175919144555706e+01 5.375528610033966714e+01 3.956351657948930978e+01 5.098169152054069997e+01 7.078709136847359673e+01 7.417839950935434956e+01 5.582433624864422939e+01 7.417839922213225634e+01 7.243381359391258911e+01 5.254036814308334158e+01 6.305595485602854211e+01 4.737410773221266425e+01 5.563710602443387643e+01 6.969480553932076816e+01 8.938185268840480546e+01 8.240967714481585915e+01 6.167778862106641924e+01 4.689125429479147300e+01 5.896758339002756344e+01 7.974704721697088416e+01 9.474143882196335653e+01
5.889614652278742785e-03 2.000588961464609383e+01 1.211412460150429382e+01 1.814435149305946027e+01 2.521541930492481143e+01 3.676242468871691926e+01 5.676242468870700719e+01 5.325786296707534717e+01 6.739035291359842006e+01 4.997213414681706212e+01 5.364064231362070956e+01 4.518987844728621184e+01 5.933075045663203184e+01 7.931704444971222756e+01 8.056110163599701934e+01 6.068884136275602259e+01 6.433546906758986950e+01 5.207015581309084951e+01 5.935243843486139781e+01 4.705096992149207580e+01 6.682712092830074369e+01 7.906140768487300363e+01 6.014959834169478370e+01 7.906140768487300363e+01 7.990587038130553310e+01 6.013666998736883329e+01 7.068390806321750119e+01 5.078806440072755635e+01 7.068390806321750119e+01 7.546100814774807475e+01 9.515028426823431573e+01 8.397325789466061963e+01 6.326912902050685261e+01 5.110252068044975005e+01 7.201972351583121679e+01 8.822578166146958267e+01 9.889280970847265451e+01
6.299055471926359555e-03 2.000629905547157250e+01 3.211412460150236114e+01 3.814435149305670336e+01 4.521541930492059436e+01 5.349969054251042166e+01 5.739403774943831849e+01 3.911650395570751471e+01 5.739403774895172461e+01 5.364060174681309690e+01 3.364296904921979348e+01 4.778477128183088496e+01 6.777755236358606794e+01 7.114711806844567832e+01 7.943076170043156026e+01 8.056110163599701934e+01 7.188349339932744897e+01 6.605166211213163763e+01 7.254629093841747078e+01 5.273450486912447843e+01 7.254629093841747078e+01 8.465978863897903750e+01 6.526642813370372664e+01 8.465978863897903750e+01 8.807652534924565657e+01 7.007019807493911401e+01 7.464841920703348421e+01 5.482586382625686383e+01 6.080605867010248744e+01 6.832159380098998724e+01 8.799918957201744263e+01 9.243555155697836767e+01 8.052783194653852661e+01 6.054167171817975657e+01 5.938266220907500781e+01 6.990497181817737271e+01 8.448249475133665953e+01
4.664899311792800908e-03 1.000466489936314218e+01 2.414680088501300403e+01 4.414695374970006014e+01 4.268129799959014292e+01 4.465515971936265771e+01 4.677098122225914523e+01 2.911655834150279532e+01 3.842702695777062161e+01 4.122614738670240087e+01 2.829774471095139887e+01 4.829598352769905034e+01 5.849912516357748871e+01 5.114888536392929552e+01 6.529014811869151913e+01 8.528709435555353480e+01 9.181991099154124925e+01 8.596277958634735228e+01 7.917104991784314905e+01 5.929677297956605742e+01 7.917104991784314905e+01 9.122001076687045895e+01 7.153934438319626565e+01 9.122001076687045895e+01 8.974154100173205961e+01 8.974153620071419368e+01 7.877101363272394963e+01 5.899974569524904666e+01 7.877101363272394963e+01 8.799918957201744263e+01 8.225033363182645019e+01 1.018781555509553698e+02 8.976868665442636086e+01 7.264201190242310702e+01 7.150386421508925139e+01 7.263956574857553505e+01 8.717989766131744034e+01
3.445177533103992596e-03 2.000344517753275042e+01 3.828807376806656038e+01 3.677755550075227831e+01 2.262544749378505671e+01 2.467544415756863074e+01 2.677249140055915433e+01 3.477199907327608486e+01 1.842611689706299316e+01 2.122667706511770547e+01 2.476221097102750335e+01 3.142887747033688584e+01 3.849994274880771172e+01 5.849912516357748871e+01 6.640702771271649851e+01 7.307542672187476285e+01 8.137410307774678131e+01 9.138486728378126145e+01 8.745527812061818906e+01 6.919525312880351464e+01 8.745527812061818906e+01 9.951318732703866488e+01 8.129504117765718263e+01 9.951318732703866488e+01 1.094278470509725736e+02 1.001377002196536239e+02 8.318115470160456937e+01 6.345840468401339507e+01 7.488883479709599555e+01 9.450867434747068785e+01 1.018781555509553698e+02 1.100991424244655406e+02 1.015836019226922247e+02 9.313962155505747376e+01 8.605817187219170705e+01 9.314233665003671092e+01 1.015919702533317945e+02
6.170631355331793709e-03 2.000613715866307984e+01 2.374081509553541025e+01 2.563661253408569607e+01 8.481881733072603069e+00 1.053383843724289370e+01 1.263040811068671232e+01 1.477463318036228479e+01 3.477131986860614177e+01 4.122545750162636580e+01 4.476186046789111828e+01 3.093434490078846366e+01 3.552265938556674740e+01 4.037337107004212555e+01 4.640359203511373209e+01 5.307022969439986326e+01 6.307015026399507462e+01 8.308070317975435159e+01 9.744201740307627801e+01 8.914684670688289714e+01 9.744201740307627801e+01 1.094770223100218374e+02 1.011449803560835790e+02 1.094770223100218374e+02 1.058238115271556552e+02 8.621672783606994983e+01 7.233051209197641640e+01 7.336920456904712751e+01 9.134427824670252960e+01 1.026968549245802222e+02 1.129978778108246757e+02 1.058484662942759797e+02 9.757845527554003695e+01 1.058481790032471253e+02 1.064150835656890308e+02 1.076145794204659722e+02 9.653033975091584296e+01
2.708283848820350944e-03 1.867717900329446179e+00 3.740889523492830548e+00 5.639205514997820856e+00 1.319849494939132484e+01 3.053207754038383470e+01 3.262991345584485714e+01 3.477402515874576494e+01 2.067231142112257913e+01 4.067001774998463048e+01 5.542317587820738112e+01 5.093474735233431261e+01 5.552385518926343622e+01 5.451817907098432414e+01 5.670396604044460531e+01 7.307542672187476285e+01 8.137410307774678131e+01 9.138486728378126145e+01 9.448468328706370301e+01 8.603481461973413502e+01 9.448468328706370301e+01 9.536723153657995056e+01 8.691798303623659194e+01 9.536723153657995056e+01 1.055886181176126115e+02 1.001377106418499210e+02 8.113733456459965510e+01 8.724835587185050656e+01 1.011751724805377819e+02 1.071342522831726143e+02 9.301367761705729720e+01 9.582056038630393857e+01 7.748653793150990055e+01 9.582056038630393857e+01 1.050884406289529238e+02 9.759642755298600036e+01 7.926997969967042934e+01
1.252954368065604170e-03 2.000125295436771111e+01 2.374081530749278457e+01 2.563908644194200903e+01 2.563716047118544594e+01 2.474546826556447243e+01 3.888643399227398589e+01 4.894585345127649845e+01 4.067001774998463048e+01 2.716116803175536987e+01 4.130253819153477224e+01 6.128711134900637347e+01 7.383608433007866267e+01 7.459919406742531578e+01 7.671339640150438299e+01 8.501448981097713897e+01 9.148247022544300933e+01 9.990937993382520688e+01 8.429356302278672786e+01 6.565984230003225264e+01 8.429356302278672786e+01 7.730885886106607074e+01 6.653395243965681516e+01 7.667817105930336652e+01 9.715779501316977473e+01 1.089249151841982837e+02 9.242002012764696417e+01 1.068621556914032453e+02 1.011098585020432949e+02 9.283278066109696169e+01 7.880061920141487519e+01 8.753248076290425672e+01 6.741357008940032358e+01 7.673505791762428885e+01 9.681264975030657638e+01 8.928949730692606579e+01 6.928036635752546601e+01
3.452158733728009216e-03 2.000345215873337423e+01 3.535831905473788339e+01 4.430258998979773111e+01 4.562181866823662801e+01 3.888643399226467068e+01 5.297298222550896440e+01 6.705953045855751782e+01 5.542317587820738112e+01 3.870798356934249540e+01 3.568917738029129083e+01 4.568877560934225812e+01 5.981921806591140012e+01 7.965890742354086740e+01 8.811824151722048271e+01 7.967269296226510278e+01 7.102742201471293981e+01 8.811836998809843635e+01 7.584732845988324357e+01 5.549290419461983959e+01 6.899914010275588794e+01 5.695428799717198132e+01 7.730885886106607074e+01 9.536723153657995056e+01 1.055886181176126115e+02 1.203116084248558337e+02 1.120457587713529364e+02 1.069891027556915617e+02 8.696904005619393274e+01 7.277254117717846782e+01 6.877164503397716544e+01 7.614538217356944472e+01 6.041492540648400933e+01 7.453542012462192190e+01 9.462446256223725527e+01 8.709818920351703753e+01 6.709261256292123221e+01
