MOVIE_S2_data/elevation_000850.asc
nrows	100
cellsize	150.0
xllcorner	0
ncols	100
yllcorner	0
NODATA_value	-9999
[rows 51 to 67 of 100, columns 37 to 73 of 100]
6.065367280291356167e+01 4.083613951720303703e+01 2.695671173795109965e+01 4.104473072646248255e+01 2.330589753192366231e+01 3.029550120291836635e+01 5.009966433043007328e+01 6.688021975257356644e+01 7.522730474730958861e+01 7.531944579392850869e+01 6.056513656346712793e+01 6.581421820643450360e+01 4.583483886247146444e+01 6.581421820643450360e+01 7.874611129506753571e+01 8.089985989310753212e+01 7.262007370546399443e+01 6.756268377490316368e+01 4.808405630451130719e+01 3.422188859002253736e+01 5.379106975293854731e+01 6.498459712219458595e+01 7.319570416347541197e+01 8.302010306267325745e+01 8.707352689321051287e+01 6.640732299231090963e+01 5.419802336085926697e+01 3.451457698501245375e+01 5.280568074838536319e+01 4.713217906683635050e+01 5.773705359044347318e+01 6.988222967570911237e+01 8.533395437940190220e+01 9.655233304774768044e+01 8.862891184840704284e+01 9.738345958440181960e+01 1.078965842227741518e+02
6.492369740083999829e+01 4.508671606652398367e+01 3.125184749831699804e+01 5.089642993668471149e+01 4.310487826744409290e+01 2.543464542166707432e+01 4.522236993821168483e+01 4.688497785726816147e+01 6.098976430174957386e+01 8.110103719057185856e+01 8.135412068628433246e+01 7.450270768578553771e+01 5.971222334562664713e+01 5.971222334562664713e+01 8.054573695692751301e+01 8.937467925268158808e+01 6.955164198716622082e+01 6.085318903917472966e+01 4.142229777283723280e+01 3.570192980766618973e+01 4.185370323263530423e+01 6.328488873356098310e+01 7.767720126532366010e+01 8.740486361241049451e+01 8.757549037207746778e+01 7.619148212793008668e+01 6.236147851891655591e+01 5.358695243268577713e+01 3.542728816517237078e+01 5.497149649745441025e+01 6.713099743453695112e+01 7.497946571637940849e+01 7.756959333873111007e+01 8.600301526009204167e+01 1.020364612750661735e+02 9.372155470809451572e+01 8.785006523607533779e+01
4.791956069104719518e+01 3.815011287243843441e+01 5.089683338107759170e+01 5.491357112101268712e+01 3.619545938599327428e+01 2.694378292668594099e+01 3.438029352736104016e+01 5.423411840152279240e+01 7.138855998467809627e+01 8.327912080199915579e+01 7.943597243125186935e+01 8.461399186355548352e+01 8.054573695692751301e+01 8.054573695692751301e+01 8.929319202594442118e+01 8.349772410760745345e+01 6.377498563091055672e+01 5.012003377584326103e+01 5.676319313404644618e+01 3.728358449346058023e+01 5.266287564336628435e+01 5.093825845290458432e+01 5.989087956953809311e+01 7.909119339190588960e+01 7.934727176861363773e+01 5.969047829655718118e+01 4.790265353394546821e+01 3.939101937088161520e+01 3.607560127773351155e+01 5.562286224777513866e+01 4.877115446414742195e+01 6.343325305249969404e+01 5.802266064579858096e+01 7.756959334137489748e+01 9.372155470809451572e+01 7.380830231103246319e+01 9.372155470809451572e+01
6.384570422168228987e+01 4.402071914951630305e+01 6.384570422168228987e+01 6.464120622749365452e+01 5.343127377519503085e+01 4.673008229042489603e+01 2.915093789449885264e+01 4.309954565570654239e+01 5.995057077198735129e+01 6.316272519500682137e+01 5.947165992136022084e+01 6.460820166486422522e+01 7.648113935797871932e+01 8.483235854266919773e+01 9.643379418509940137e+01 8.349772410760745345e+01 6.377498563091055672e+01 6.953864784415679878e+01 5.831700607296995997e+01 3.887674728085650599e+01 5.831691945957257417e+01 6.949102360024296843e+01 7.767720126532366010e+01 8.740486361241049451e+01 7.934730879486150457e+01 5.969047831684074623e+01 4.790265353396790005e+01 5.892348352618091667e+01 3.926090657667185724e+01 3.700781576646548388e+01 3.766871903327449189e+01 4.492910065307876266e+01 6.374782396638123316e+01 7.292523813069611549e+01 8.114118227959242802e+01 6.734062884802453652e+01 7.825438760343683953e+01
7.090426058349045491e+01 5.093964830820247869e+01 7.090426058349045491e+01 7.242311255309306262e+01 5.299160664274971566e+01 3.315751838629391557e+01 4.894267219157574544e+01 3.182360574299452693e+01 4.320389651076963133e+01 5.868965916622805423e+01 4.543083415315543760e+01 5.054865150847329147e+01 5.654333997480776475e+01 6.801619657740734226e+01 8.804446623782077097e+01 9.180540478561358952e+01 8.349772410760745345e+01 7.127208056336296238e+01 5.345925175741676583e+01 4.047796468620660448e+01 5.988266800972921544e+01 7.040158583838153561e+01 7.920283793519001847e+01 8.751602317651095575e+01 8.757587329678972310e+01 7.619170872516899351e+01 5.713424260321990289e+01 6.992082756958411949e+01 5.051182230491477299e+01 5.655013382096947083e+01 5.720768884728502712e+01 3.861046258187549540e+01 5.814284533483507289e+01 5.335852609699669102e+01 7.292523867411080118e+01 7.825438760343683953e+01 5.874671220634910895e+01
7.926444903603110959e+01 6.239909005241924689e+01 7.926444903603110959e+01 6.407783528695178177e+01 4.409930783041874491e+01 3.604828809021883274e+01 5.592158511625712691e+01 5.163949008382308392e+01 3.456749405174041812e+01 3.885091386739898667e+01 5.868965916690522278e+01 7.046966665803711294e+01 7.648113935797871932e+01 7.060500231987833786e+01 9.066738908972344291e+01 9.552301630308339497e+01 8.561954647019015852e+01 6.766743615417090041e+01 4.842479393790141273e+01 5.988250000850266019e+01 4.286004734824153672e+01 6.222212584160669024e+01 5.965850257559195313e+01 7.078629097969719908e+01 9.070005488470744126e+01 8.500532172103383743e+01 6.847496106118933312e+01 7.860472655411389553e+01 7.037753515526232206e+01 6.483373433394505980e+01 4.532663382035116939e+01 5.814285405460032763e+01 3.956274385451308007e+01 5.908948285058832539e+01 6.799912148665603695e+01 7.502156155712994234e+01 6.693535187019760713e+01
9.089982560049624283e+01 8.252253959245247472e+01 8.049989340436654572e+01 6.038706194736816713e+01 5.915300542155134167e+01 3.923355263216569710e+01 5.915300542155134167e+01 6.274007225651080688e+01 5.441929875861298171e+01 3.770764418505908822e+01 5.760279264272312361e+01 6.990734463870153093e+01 9.006701455061396189e+01 9.066738908972344291e+01 9.905971476545991550e+01 8.719147236208105767e+01 6.751177359862266769e+01 5.798324932513465058e+01 6.195774765903647818e+01 6.405724269733762810e+01 4.472228403933263507e+01 4.860000653004644988e+01 6.791891065485133083e+01 8.329391153986367158e+01 9.905783007572513554e+01 9.640958587295347115e+01 8.814322300786024300e+01 8.615704890188331433e+01 6.644192762001469532e+01 5.268378006470246788e+01 6.483373433394505980e+01 6.724967851164106492e+01 5.335852569599437345e+01 4.051904655447884807e+01 5.943228674489723318e+01 6.338003552623693793e+01 4.752846124694076479e+01
8.649843269713696259e+01 9.800470499572770677e+01 8.886466344174827725e+01 7.673655341069903102e+01 5.664239684809108155e+01 4.256205408355346975e+01 6.252783904305477591e+01 7.407790838516106646e+01 5.401129504005888293e+01 3.996085326315903785e+01 4.986999534524134958e+01 6.990734463745333471e+01 8.114894219961468025e+01 8.949403600547226745e+01 9.850379989451938911e+01 9.552301630308339497e+01 8.561954647019015852e+01 7.735162298035183426e+01 8.145184352909123504e+01 6.590697442606584389e+01 4.659545416198547940e+01 6.590697442606590073e+01 5.559971947244581969e+01 7.500456790723261236e+01 9.004463275989409965e+01 9.842040178838665554e+01 9.349206208325921352e+01 7.366809763375609066e+01 6.238601503032971607e+01 6.644192762001469532e+01 8.043279054810074058e+01 8.113807176663817700e+01 6.820155348910824955e+01 6.004083199794774828e+01 4.147731662062750502e+01 4.394949065436993862e+01 6.338728275606469253e+01
6.982020902265951179e+01 8.962718031410182107e+01 8.781516002404462995e+01 6.764770512501546307e+01 5.607250186332903041e+01 4.611061267195852764e+01 6.612198818627472008e+01 7.388030599897402340e+01 5.380817077609373200e+01 4.233097457677830278e+01 6.229165333254771042e+01 7.166871169873991221e+01 6.103833637629872300e+01 7.001242482479386808e+01 8.424801246027027446e+01 1.044279318829074867e+02 9.907638742680070720e+01 9.068914042870471803e+01 8.164677888786255266e+01 6.204158465959940827e+01 4.849000333778408134e+01 6.778064517316089166e+01 7.500456468289318934e+01 6.371612437325624256e+01 7.009930348342940931e+01 9.004463275989409965e+01 1.017792149248582660e+02 9.030289964829198368e+01 7.366809763375609066e+01 8.615704890188331433e+01 8.750465150693742089e+01 7.927085842976816821e+01 7.387605403164390339e+01 6.269378424531944916e+01 4.366707091363259252e+01 4.253035277154862825e+01 6.201860793156308915e+01
8.208598662860758566e+01 9.196739710076950303e+01 9.618999589970034947e+01 8.175854305930110399e+01 6.162299063544586630e+01 5.007683514294807736e+01 7.013327644710646780e+01 8.224205028336723444e+01 7.063396914662607173e+01 6.229165333264018045e+01 4.587888258435022237e+01 5.161151327406578559e+01 7.166871169891274462e+01 8.949403600547226745e+01 9.850379989451938911e+01 1.024109448766892427e+02 8.210818401639328101e+01 7.072142751301210239e+01 8.001203737929341742e+01 6.967684813946372913e+01 5.041490209668405242e+01 6.968915819369648545e+01 8.163550414486769569e+01 8.339616877269200756e+01 9.004463275989409965e+01 8.410656913333669138e+01 1.043803865013634322e+02 1.017792154325912719e+02 9.349206208442160460e+01 9.066603825895721513e+01 7.092900873655257499e+01 5.986479037832383909e+01 6.575165827969763654e+01 4.677803536506188209e+01 5.281478453025052033e+01 4.448944999872573902e+01 4.367181316422373527e+01
6.401854769055587724e+01 7.781878288686095857e+01 9.775381314094086349e+01 9.013031697459315694e+01 7.462707423487746894e+01 5.453019957368915982e+01 6.610645513579257226e+01 8.626645638019813589e+01 8.231834101234692014e+01 6.219141788277654825e+01 6.588482702651465672e+01 5.005926937022369572e+01 7.011210613328715624e+01 8.747899470216741236e+01 9.757236351623501491e+01 1.107827161503327460e+02 9.907638742680070720e+01 8.001594892470718889e+01 6.052204316849820032e+01 5.455306385306177930e+01 6.968153968085127303e+01 5.408004946214554565e+01 7.335876893056058634e+01 8.557725748273493593e+01 9.713345607133456383e+01 1.043803865013634322e+02 1.127342344434365060e+02 1.103202975468969385e+02 1.020277084760261062e+02 9.894015345196670808e+01 8.750465150760688005e+01 6.889788143029218759e+01 4.989033665298138942e+01 6.575172973145751598e+01 4.723865389526403646e+01 6.519713680200135286e+01 6.327022350004377671e+01
6.299438810369186825e+01 7.421486542440034384e+01 9.407989832396060592e+01 9.410583138084138000e+01 7.390858584141129484e+01 5.969575497456568058e+01 7.982422209862063767e+01 9.464221710398859955e+01 9.068465452960761297e+01 7.513612062523078805e+01 5.504036736570240151e+01 7.011162702616020681e+01 5.899238266383395057e+01 6.902400538245881023e+01 8.919250972513557940e+01 1.042864893627870799e+02 9.262509848440387827e+01 7.878783474939143616e+01 5.935212891983648831e+01 7.385116220017870603e+01 8.162448800192044018e+01 6.757335046182861049e+01 5.790928041723348940e+01 6.888172549962615676e+01 8.875385256379711052e+01 1.031961925585667359e+02 1.133603546335460237e+02 1.020277084760261062e+02 8.207858299316656314e+01 8.792154192112469957e+01 8.093932901067107366e+01 7.128351908300999185e+01 5.219841779841403451e+01 6.829182393809765017e+01 4.915171081341532044e+01 6.829197317003216483e+01 7.818842258521416966e+01
7.269536695008430627e+01 9.091537929940329832e+01 1.024370295616092079e+02 9.410583138084138000e+01 7.390858584141129484e+01 6.728227919949974023e+01 8.744502289324853450e+01 9.956108788490500672e+01 7.934082138103200066e+01 6.772596129411034838e+01 5.904027018431357732e+01 7.915977412818737946e+01 7.058051505504900547e+01 8.747899470216741236e+01 9.757236351623501491e+01 9.589617860118710269e+01 7.572203201960189745e+01 6.455945365285140269e+01 7.292807647403472515e+01 8.712097268987892562e+01 9.571442722652419377e+01 8.052926991929213330e+01 6.103769832710477772e+01 6.737226118977555700e+01 7.465662396011559565e+01 8.461176292035786162e+01 1.049964958607237975e+02 1.020277084760261062e+02 8.207858299316656314e+01 6.817285912972357664e+01 6.142616339515902979e+01 5.552091400091959628e+01 7.128351908276225402e+01 7.647401928217517764e+01 6.829197317003216483e+01 5.186972645434478579e+01 7.111841499300354030e+01
8.663494809825196796e+01 1.008802349410236872e+02 1.155269838365987738e+02 1.024832920557823570e+02 9.410583138084138000e+01 7.733433778614377729e+01 9.582404735119564521e+01 1.079364278199944494e+02 9.626232037651050177e+01 8.335844573342446040e+01 6.322309532755585337e+01 8.335844573342446040e+01 9.075720638097627102e+01 9.913468603010387881e+01 1.087884039370386517e+02 8.840400585232868025e+01 7.682700061587081564e+01 6.928264520362664314e+01 8.923729112097510097e+01 1.013138689057228845e+02 9.590808665851577075e+01 7.571321007251086144e+01 6.456788719492797668e+01 7.206504680599326207e+01 9.209161371535795126e+01 1.031961925585667359e+02 1.133603546335460237e+02 1.032899258674947021e+02 9.157518388493485872e+01 7.886598292390505094e+01 5.943111626041233109e+01 7.476875423330373849e+01 6.899909301863162625e+01 8.869794858815635052e+01 7.932502232401965614e+01 7.111885363756898926e+01 5.465521761763861264e+01
1.067491639186376773e+02 1.098516562629300921e+02 9.604525450252879182e+01 1.066204816046738841e+02 1.059364052979846633e+02 9.755570800035340540e+01 1.059364052979846633e+02 1.105619968126306674e+02 1.021730294942994135e+02 8.193699178123553395e+01 6.771458347803144306e+01 8.786399000304525941e+01 1.041715507005806387e+02 1.143020205391714086e+02 1.171356884356278130e+02 1.054060281388455849e+02 8.550305920805013216e+01 8.923729112097510097e+01 7.800934167910321548e+01 9.832089303143222025e+01 1.043029474023808234e+02 8.831406913277628234e+01 6.839726848764709644e+01 8.831406913277628234e+01 8.613340162651832088e+01 1.064760101477299514e+02 1.093442793889643809e+02 8.817821774158625203e+01 7.348799034877043823e+01 6.369466854363021469e+01 7.886598292390505094e+01 7.522672508210105491e+01 8.869794858818771388e+01 9.696993310857247650e+01 9.056738761116521630e+01 7.088831751702645079e+01 5.720642039434532222e+01
1.141173735648690268e+02 1.000440267597051616e+02 8.211149094654771829e+01 8.703524571853084524e+01 9.413199787951549524e+01 1.022421153889080756e+02 1.048652455382154329e+02 9.105555800152549750e+01 1.048652455382154329e+02 9.624367342216572752e+01 8.193699178123553395e+01 7.558718266766979355e+01 8.564872486127789841e+01 9.998188300891824554e+01 1.202740077872342965e+02 1.142136728454503896e+02 1.058527177147080351e+02 1.055554231488686838e+02 8.509308192991781539e+01 1.055554231488686838e+02 1.071725333537146270e+02 8.672528869055049938e+01 7.255045354217983800e+01 9.271414799581081922e+01 1.064760101477299514e+02 1.148315644735125574e+02 1.078886344069922529e+02 9.050085769640840283e+01 7.791950071216359675e+01 6.700639775060587056e+01 8.696445390831783584e+01 9.505882336235559649e+01 1.033445789165637620e+02 1.036137963043933325e+02 8.352060416219964623e+01 7.943352304226199578e+01 5.986811978263845191e+01
1.060238323041399013e+02 9.193140593089231061e+01 7.205228089025548854e+01 7.291182679326504967e+01 7.430552320088445128e+01 9.083704938676135043e+01 9.345742094848426973e+01 7.702712853059125564e+01 9.606205998677913271e+01 1.058965719277113777e+02 1.021730294942994135e+02 8.984680968690250324e+01 8.833275511169244965e+01 1.026740858913716750e+02 1.229542428692412699e+02 1.189827460937050461e+02 1.108793187102257889e+02 1.139225371649639840e+02 9.692520321824166274e+01 1.139225371649639840e+02 1.071725333537146270e+02 8.672528869055049938e+01 8.406744499154248729e+01 8.140790258380872046e+01 9.587522986032482208e+01 1.163122438704784685e+02 1.109868691797752263e+02 9.055585452942447944e+01 7.587433013737953047e+01 8.016665869133565536e+01 7.389307720436239890e+01 8.813331635951688270e+01 1.084073777614095064e+02 9.915222110143668033e+01 7.787203457742081980e+01 6.381789637106643198e+01 7.914301816330466011e+01
