MOVIE_S2_data/elevation_000381.asc
nrows	100
cellsize	150.0
xllcorner	0
ncols	100
yllcorner	0
NODATA_value	-9999
[rows 0 to 16 of 100, columns 0 to 36 of 100]
4.047028337263018118e-03 2.000404702833690607e+01 2.528441876363178764e+01 2.803145341470066043e+01 3.088843042671722827e+01 3.917051408901334497e+01 5.330998319716686495e+01 5.630461416660361351e+01 6.313917929044035304e+01 5.486232524578083769e+01 6.193131275444545025e+01 7.020650680710495806e+01 7.914397396805235019e+01 9.067754801200329950e+01 9.383838370596525635e+01 9.383838370596525635e+01 1.021354109137287338e+02 1.039121391654426247e+02 9.556842959090324996e+01 9.556842959090324996e+01 9.450894299306681035e+01 1.004020868176004484e+02 9.376939041887767701e+01 1.021108083011586700e+02 1.149451891833305979e+02 1.066026044877308863e+02 1.066026019797107978e+02 1.044313536431681655e+02 9.853499436776061771e+01 1.008600838255887453e+02 9.252259614433073409e+01 9.166112552788952428e+01 9.999833661207325974e+01 1.116153273450504031e+02 1.051249897980038668e+02 9.680135010756170288e+01 9.680135010756170288e+01
9.482596902220898072e-03 2.635611254096666745e+00 5.284675968226743237e+00 8.031887247200501179e+00 1.088903010434333396e+01 2.503109990777000249e+01 3.863103166806403976e+01 3.630973813932924088e+01 4.633593033124731875e+01 3.486615670497775454e+01 4.193719674044636037e+01 5.088122122649998857e+01 6.242617669371508526e+01 8.240690134730718341e+01 7.385289952425173965e+01 7.385289952425173965e+01 9.383838370596525635e+01 9.556842959090324996e+01 7.553145283005092381e+01 7.553145283005092381e+01 7.447600599665447874e+01 8.034351739582075425e+01 7.374115548057937986e+01 9.052894603610386071e+01 1.066026044877308863e+02 8.648892193168745735e+01 8.648892191975487265e+01 8.430182421235315360e+01 7.840628477617158865e+01 8.691369153652993873e+01 7.238597865246923391e+01 7.152275672434105047e+01 8.315962770261577930e+01 1.032743875274315855e+02 9.680135010756170288e+01 7.678889392411257120e+01 7.678889392411257120e+01
3.324160138653916522e-03 2.000332416013829828e+01 1.942678719371787821e+01 2.217398012130555429e+01 3.088409375262906664e+01 1.520234103247427804e+01 1.863231273529907028e+01 2.216784664109341563e+01 2.633813492045932847e+01 3.266268986039712985e+01 4.266261561514054534e+01 5.420876158727741512e+01 7.419589206600396381e+01 7.970651231577909357e+01 5.971724797168181453e+01 7.970651231577909357e+01 8.086499602441516288e+01 8.915455022330421286e+01 8.140014744882731179e+01 6.140762990445415426e+01 6.035389988612489276e+01 7.971122657364209374e+01 6.221137594013409711e+01 8.157414410563015394e+01 9.158755986283628658e+01 9.238008315771894274e+01 7.224543468898572485e+01 8.430144369809657690e+01 6.417589658383229789e+01 6.678722153433837150e+01 6.077516924628173456e+01 8.089671461483592907e+01 9.999833661207325974e+01 1.071646846240253694e+02 9.559190805119285983e+01 8.265040663204617033e+01 6.266166982620124060e+01
6.476169185215582824e-03 2.000647616918486094e+01 3.942599234310275591e+01 4.217264488084488505e+01 4.339482482075460723e+01 3.520144075964959995e+01 2.674929934758187144e+01 4.216405066417940617e+01 3.481675345072688543e+01 5.265946625946177306e+01 4.680419985844652331e+01 6.679532981610041986e+01 8.246820247839944784e+01 7.304342420108001477e+01 5.304317754692829823e+01 6.672779907694776114e+01 6.087198036736764095e+01 8.086499602441516288e+01 8.554994121047708688e+01 6.554440186308340799e+01 5.146214475915681419e+01 6.475664070414613604e+01 5.331223388942143515e+01 6.326536639460999822e+01 8.326299069894236027e+01 8.526140807087459450e+01 6.512604814380296148e+01 7.625659911921133016e+01 7.124409812375790807e+01 5.270223683277686177e+01 7.268212811663262585e+01 7.845394648138078253e+01 9.858307542438940629e+01 9.883861907149447745e+01 7.881728711335071580e+01 6.728569793928907927e+01 7.265603822912375165e+01
5.418514359027011389e-03 2.000541851435867002e+01 3.236536333626833084e+01 4.066990946590722444e+01 4.963486004674332719e+01 5.482672304322791490e+01 3.829606874880737877e+01 5.501497997707896559e+01 4.636254170003857666e+01 6.306227707067138510e+01 6.679532981610041986e+01 7.506946573452056271e+01 7.852641377096733777e+01 6.701312294049995444e+01 4.700649695728164090e+01 4.672083808876477917e+01 6.672779907694744850e+01 7.546198382675400751e+01 8.374989432340355222e+01 7.971122657364209374e+01 6.475664070414613604e+01 4.486808516819493065e+01 5.890596220132835725e+01 7.888142791997010761e+01 9.158755236467787597e+01 9.049153237073292644e+01 7.036029670695531024e+01 5.620659814756265860e+01 5.131712291609044740e+01 4.856982768028103692e+01 5.839085634568578342e+01 7.845394648138078253e+01 9.454012606223089676e+01 1.051740486247787913e+02 8.512852840780959696e+01 7.463423491722272729e+01 5.467815870498484543e+01
5.264502547137648453e-03 6.035491396040828960e+00 1.236004678160820980e+01 2.130433655120739189e+01 3.545143118113529823e+01 5.556249724298833570e+01 5.832462610056178676e+01 6.670268022540403763e+01 6.632778026621238610e+01 7.454743197583202630e+01 7.683677157545058378e+01 6.855394291820327624e+01 5.858147206543956997e+01 7.270119923603570555e+01 5.916587861053199049e+01 3.915232513151786975e+01 5.916587861053199049e+01 5.546366508490332592e+01 7.546198382675402172e+01 7.545566394012490719e+01 5.550127692092812737e+01 4.147747365361230720e+01 6.134578156443003394e+01 7.825462630535228925e+01 7.825462691344463906e+01 8.656526842470640304e+01 8.459510650959494171e+01 7.625659911921133016e+01 6.460177214222412090e+01 4.484511578437284385e+01 5.461074064990518195e+01 6.609435948111307368e+01 8.620189424077175033e+01 9.343893638289475234e+01 8.188754813177416736e+01 6.514392934686883052e+01 6.396726349285935953e+01
5.458922989205592172e-03 2.000545892298885065e+01 3.236536333626833084e+01 4.066990946590722444e+01 4.967326972044925526e+01 5.207257884800706904e+01 6.036456501167111810e+01 7.192670710695057323e+01 8.244292112527826077e+01 7.668869798041721708e+01 6.855394291820327624e+01 4.860808589158450133e+01 4.447697407558938210e+01 5.842460917602998904e+01 5.013701376722580960e+01 3.497199216892409623e+01 4.130928133421120663e+01 5.286807798313812867e+01 7.286799383004002095e+01 7.221863491345236241e+01 5.228399580269886826e+01 3.826238764269821502e+01 5.812271641773198638e+01 5.829157941501275531e+01 5.829157941510423768e+01 7.825462691344463906e+01 8.755361091715278121e+01 6.746345368380255536e+01 5.340759765565785955e+01 4.211759738973699285e+01 6.183528689973568504e+01 7.500874132047638909e+01 8.502858217630395643e+01 8.512852840780958275e+01 6.514392934686883052e+01 5.364607623926272595e+01 6.078201825256046931e+01
8.589772593009903194e-04 1.414299460099037553e+01 3.414299460099108074e+01 4.523895021468685229e+01 4.052498495759884634e+01 3.207179988420800498e+01 4.361881343979472092e+01 6.362163932215533890e+01 6.274990697122111527e+01 5.697645576834727166e+01 7.090651282316221682e+01 5.444975218820567875e+01 3.447109849291636863e+01 4.554161692855925736e+01 3.010614334201186537e+01 5.013701376722589487e+01 6.132103703206131939e+01 6.960677970366489831e+01 8.115477568215784743e+01 6.914265331265838199e+01 4.922423005230638893e+01 3.519397231696832762e+01 5.419067848784013108e+01 4.424273627111280405e+01 6.413862065421899672e+01 8.040143547638565735e+01 7.576675790256715004e+01 6.741517406315391270e+01 5.920039980669276503e+01 3.949587213852615974e+01 4.687196806975010333e+01 5.668819251404081427e+01 7.669473915545439979e+01 9.051267628135542509e+01 7.896307142536902290e+01 6.361824549979574783e+01 4.372948265594133943e+01
3.158951013565912836e-03 2.000315895101321217e+01 2.724772014115048080e+01 2.523883982419270922e+01 2.052479390808997195e+01 4.052498495759884634e+01 5.309383964850084681e+01 6.309433028853860037e+01 6.275003783987076389e+01 4.292545962703761830e+01 5.283776903139119696e+01 5.808350515315827778e+01 3.937750557042544131e+01 2.551299167874600471e+01 4.554161692855925736e+01 5.548259312827227774e+01 6.376305947600753399e+01 7.375607934305308788e+01 7.518941579042819967e+01 5.514842875166278446e+01 4.110654474527726876e+01 3.221846361959141092e+01 3.431591304504510731e+01 5.419063075102159388e+01 6.796189157251497193e+01 6.043357925452784940e+01 6.741363892452378082e+01 4.756500642949867341e+01 5.337609331436349436e+01 3.704621680525793437e+01 5.675635394716603344e+01 7.500874132047638909e+01 8.502858217630395643e+01 8.220121947405395701e+01 6.222203765271925846e+01 5.073306266983384916e+01 4.187415690793084622e+01
4.111938136589871236e-03 3.596217978672095583e+00 7.247701695373218733e+00 1.109670348997075706e+01 1.664370545222314490e+01 2.480867126168146086e+01 3.480867130148543964e+01 5.480882581869199299e+01 7.090651282316221682e+01 5.283776903139119696e+01 3.293371896546044297e+01 4.437089355569641214e+01 3.927311150719524591e+01 2.279268279987570622e+01 2.880086598645554830e+01 3.548102943625238481e+01 4.549155089298619004e+01 6.547363536355835834e+01 8.100729288897179003e+01 6.099768790771770455e+01 6.036726224915397410e+01 4.819822893962690102e+01 2.828864588639375555e+01 3.979236043359593822e+01 5.968079020387907718e+01 4.643566402393127390e+01 5.842719524451991475e+01 5.017430491616708821e+01 3.364099874795410727e+01 5.337609331335126228e+01 6.503372356536630150e+01 6.698502627315532720e+01 7.519854737752180540e+01 7.981157940732278178e+01 7.158709854758676272e+01 7.003566834258296581e+01 6.175015187365374913e+01
7.351428307265867393e-03 2.000735142830691160e+01 2.724772014115048080e+01 2.523883982419270922e+01 3.078584224499022071e+01 3.078584224510078116e+01 5.078599482343142313e+01 6.309433028853860037e+01 6.072658866878929729e+01 5.245368288998136563e+01 4.437089355110920508e+01 2.444179845446522847e+01 1.937948162346864933e+01 3.927311038291706069e+01 4.881540523093231343e+01 5.548259312827227774e+01 6.376305947601196067e+01 7.375607934305308788e+01 7.280570216643043580e+01 6.391410456353958125e+01 5.565991744940559727e+01 4.578370295277147761e+01 2.584665877002631973e+01 4.241354535269594805e+01 4.288546516683619103e+01 3.503916671322632226e+01 4.706667475688094271e+01 3.039938434855262628e+01 5.017427648619708691e+01 6.156727994340568699e+01 6.170610202374603404e+01 4.704330356645644429e+01 6.372899577173267005e+01 6.832869818276434160e+01 5.168397078835261738e+01 6.832869818120312289e+01 6.347469244230774876e+01
9.944443931579059412e-03 1.415208006766265392e+01 3.415208006766335558e+01 4.523895021468685229e+01 5.078599442539834996e+01 5.078599482343142313e+01 5.907138378072502150e+01 6.073021344661665921e+01 4.920007585725055321e+01 3.249284988571024257e+01 4.209310257490857765e+01 3.384427805979258608e+01 1.709883135188823644e+01 2.687450170534437177e+01 4.099160793443851247e+01 6.097573069252458566e+01 7.868676099052812845e+01 7.864835598422456542e+01 5.875150459157221405e+01 4.469121769423450985e+01 3.579199742697949915e+01 4.574209692921786541e+01 4.241354535232486000e+01 2.243582441363836821e+01 2.298687708595337753e+01 2.506950223706184389e+01 2.724361370671956095e+01 4.706667475688094271e+01 5.842719524451324276e+01 6.177528255211716868e+01 4.275618732776800357e+01 3.562244661329573603e+01 5.471564135836186438e+01 6.009602626443950868e+01 4.020956286424719650e+01 4.947740533788096684e+01 4.356152807924398473e+01
6.062025039522273874e-03 1.000606053020331210e+01 2.414774232683063460e+01 4.413032381651444069e+01 4.662771032311442099e+01 4.330895587288532766e+01 4.944347001175330547e+01 5.245377174518343821e+01 3.249284990332197509e+01 2.113029421410698205e+01 3.102977428293467099e+01 1.434031555435088734e+01 2.804352974430304357e+01 4.513353429033828235e+01 5.512369622739276309e+01 6.238055733624638322e+01 5.871582721098392454e+01 7.868676099052812845e+01 7.280570216643042158e+01 5.722384165536045941e+01 3.733061642207542974e+01 2.579376190735275998e+01 3.791925397415187149e+01 2.007182702155645515e+01 4.007520880027012566e+01 3.600744918811112427e+01 4.530379600052577160e+01 5.512781300753413660e+01 6.356627420788709770e+01 5.982587216080008830e+01 4.654578635154490485e+01 2.664674983207130765e+01 3.810445144403694684e+01 4.639356416224160995e+01 4.944992201826817535e+01 2.955383400437257890e+01 4.056441040821603394e+01
5.865714242623007793e-03 2.000586558126911285e+01 3.827679592454325785e+01 3.625074034139329626e+01 2.372567156320404180e+01 2.522612147728515097e+01 3.153677276940184626e+01 4.162184141259240278e+01 3.661208707352054859e+01 2.839069976764985626e+01 1.172663868958387923e+01 2.521677250072428222e+01 4.214290908242568889e+01 5.624225901072668421e+01 6.170331393866153036e+01 4.238252891647650245e+01 5.343717430881786612e+01 7.341579903217680680e+01 6.735332128705948662e+01 6.547433810354475270e+01 5.148310287996291379e+01 3.203200725388996517e+01 1.789719393315342089e+01 3.791925397415266019e+01 4.833676686125359367e+01 5.553729613393127806e+01 6.046183139404581652e+01 6.340059922147804627e+01 4.217648534473863720e+01 3.878982695577878559e+01 4.031744978495692067e+01 3.464116730658756182e+01 1.575368712531699167e+01 3.806781827656524797e+01 5.050683186736342378e+01 4.055642649911558806e+01 2.056140795936259735e+01
3.580119829443586393e-03 2.000207126557444326e+01 2.201538909869594107e+01 1.856386507697034105e+01 9.381430849076592082e+00 1.613834451430033212e+01 2.867912867151961365e+01 2.038616607502155631e+01 2.582532265811751060e+01 9.253886205109326468e+00 2.260807891685976756e+01 3.925002099310556503e+01 5.333380605375582917e+01 5.275657603386068217e+01 4.448117119243847384e+01 3.341094103767843393e+01 5.343717415793342695e+01 6.150462017194804787e+01 4.737651783697867103e+01 6.150455011543236594e+01 5.085984815400378523e+01 3.066315431654009416e+01 1.643881435955136183e+01 3.646724557504514053e+01 5.539780436376779704e+01 5.518318562339651123e+01 4.690587070332814079e+01 4.665882197378846996e+01 4.542172258745776503e+01 2.522088092647297941e+01 1.867716106686299327e+01 1.463106235649762965e+01 1.507895424731579759e+01 3.504381007649651281e+01 3.038954258103884598e+01 3.666289253562626271e+01 3.086683930597821046e+01
9.038799794707020815e-03 3.855267549704007313e-01 7.620792766280863884e-01 1.138826282574205706e+00 1.150626572572089223e+01 1.952126845599811844e+01 6.521391699734246927e+00 4.978550057338055446e+00 6.770485483759683731e+00 2.584477187986651359e+01 3.660095069038084148e+01 5.054698934212391492e+01 4.518902089543652068e+01 3.690684634527909225e+01 2.444139018187505030e+01 4.448117119243797646e+01 4.552880881932765078e+01 5.256019502169087332e+01 3.321994862466738141e+01 5.256011358849880111e+01 4.913890073041632434e+01 2.918584268589632913e+01 1.500060289506089006e+01 2.717019057548042937e+01 4.128762390171326757e+01 4.663118620292057415e+01 2.681060288157677007e+01 2.667814587886624267e+01 3.297545683893800827e+01 1.871429013642412542e+01 1.400166623595459825e+01 3.404149043798850016e+01 2.899724192574940318e+01 1.571455807797105386e+01 1.616618778607314511e+01 1.661905708855558572e+01 1.707287889170158124e+01
2.154417243255324355e-03 1.391816737869302223e+01 1.305872695916245085e+01 2.006862910656685273e+01 1.672558608053345441e+00 2.050362553733509063e+00 2.428504183949845796e+00 1.162499248258274953e+01 2.051599172929667958e+01 3.109347079878500963e+01 3.761671887488322596e+01 4.474883934938726782e+01 3.690135509584434459e+01 1.689722336800078395e+01 3.690670081262319258e+01 3.947535190787260717e+01 2.516218981209721051e+01 3.481097963113215599e+01 2.419562873611465648e+01 4.427989943212048729e+01 5.076371580942581119e+01 4.292674749493380659e+01 3.227587275145063472e+01 1.299501856623520624e+01 3.104255357932940740e+01 3.147171861069663024e+01 2.759120562757217598e+01 1.249506885104539933e+01 1.293521429166340475e+01 1.337589171079674877e+01 3.252475271191998729e+01 4.208550317380866090e+01 2.446860420126059665e+01 3.577758735087969910e+01 3.622814227261944353e+01 3.488804207659624979e+01 1.985979928885888768e+01
