MOVIE_S2_data/elevation_000253.asc
nrows	100
cellsize	150.0
xllcorner	0
ncols	100
yllcorner	0
NODATA_value	-9999
[rows 51 to 67 of 100, columns 37 to 73 of 100]
6.076866962562132102e+01 6.098232229314216823e+01 4.432189642664628337e+01 6.098232229314216823e+01 6.119743434278336736e+01 5.317271823690357024e+01 4.259634496617375277e+01 2.310774843660592737e+01 3.434650282176144032e+01 2.092694124382840215e+01 2.134616316518817314e+01 4.081715555077748547e+01 2.457839981461998846e+01 4.400429652863338958e+01 5.196548589016991571e+01 4.940911342719083166e+01 4.198274816436421730e+01 5.542297140048218296e+01 5.987889180085854690e+01 4.329390709250441915e+01 6.090500349471228958e+01 5.736240639626377202e+01 3.102295762117690003e+01 3.245314440514022891e+01 5.191925220513620332e+01 6.130097833647375438e+01 6.130098163958914625e+01 8.096639013762367654e+01 7.245635223386587143e+01 5.250381860781585175e+01 5.834778031298661460e+01 4.124266624390450175e+01 5.300347241496952222e+01 7.293080677730669947e+01 8.557700356225380744e+01 7.963995500364191571e+01 6.893238355098822012e+01
6.937267391568960306e+01 7.195043516260467698e+01 6.405839985734526465e+01 6.866703711104206320e+01 5.661515952059294676e+01 4.538616369714260657e+01 2.588913208252676768e+01 4.259634496617375277e+01 4.808626129235934599e+01 4.121480523738524226e+01 2.979032879404417145e+01 2.194127499449265528e+01 4.140288379893176085e+01 4.346844460616239303e+01 3.988715570333298643e+01 3.337800864082185370e+01 4.347664551140904621e+01 2.879428877792543062e+01 4.778825878366343716e+01 3.749562178034997828e+01 5.435070682542004050e+01 4.765133380292018472e+01 3.077476077263110810e+01 5.002835140433549554e+01 5.997231401521867156e+01 6.980290319603743399e+01 7.539838945509993096e+01 7.065121254364052561e+01 6.364138153111144902e+01 5.540083483649276985e+01 3.814862870839012032e+01 5.834778019380365777e+01 6.963671214699139966e+01 8.111159948426927713e+01 6.453633058718654070e+01 5.829123211795543114e+01 5.731516263929317745e+01
7.980478031760306123e+01 8.284252274043141995e+01 7.112790438168035223e+01 6.047694383953990638e+01 3.993625022756749843e+01 2.870823672602446308e+01 4.538620690832541271e+01 4.538620690832537719e+01 6.228504659340195104e+01 4.307790016472476680e+01 4.720212587397290349e+01 2.836839273895718350e+01 2.255319519682398521e+01 2.461316687269684778e+01 2.369429105540067937e+01 2.406176507963663624e+01 2.443022351413270599e+01 2.482459444279569638e+01 3.003065884329072688e+01 4.383714067468606856e+01 4.522397995985756580e+01 4.666217412009693533e+01 2.953324952701527195e+01 4.766683643371537471e+01 5.812503815313402100e+01 5.046397270558935588e+01 5.050750368800392920e+01 4.617387374571461578e+01 5.355549247641687316e+01 3.527231455954814265e+01 5.532654063134933153e+01 6.609195006950581330e+01 6.748713144004247511e+01 6.653713571061835808e+01 6.101012801238645977e+01 4.213073070245111751e+01 5.740170789887413605e+01
9.054015507742487046e+01 7.439734665484517961e+01 5.414768523005108136e+01 4.266783729993356644e+01 3.650105097969954926e+01 3.073639442541641742e+01 5.037894613965367796e+01 6.537764768122858072e+01 7.037963960025489030e+01 6.228504690766046537e+01 5.694445515419952386e+01 4.476894298090687130e+01 2.685351964585121820e+01 2.314202510260297174e+01 3.992310165464585481e+01 4.451022836053124365e+01 4.396493471800362585e+01 3.282522705394205076e+01 2.544523370485898539e+01 2.590568437011302549e+01 2.637534977123504731e+01 2.772456653293772533e+01 4.455283765602104040e+01 4.671771066087911350e+01 3.890155810947957349e+01 4.969861749032975240e+01 3.409295186657926990e+01 3.051770446526927927e+01 5.009283266867942785e+01 3.338668173594137301e+01 5.146960733395957277e+01 5.253261815869302609e+01 4.719918280139410882e+01 4.981670559690982714e+01 3.420734877941876562e+01 3.472882552297912895e+01 4.007483731056793630e+01
8.239102840327552713e+01 7.704594174652034155e+01 5.676648332835008404e+01 6.270619918024154060e+01 5.267416854635090573e+01 3.292991596170408286e+01 4.678671833551986481e+01 6.688773069313565145e+01 7.718542472311025904e+01 5.811752611522260992e+01 5.121785655264296366e+01 3.306639651221489373e+01 4.526445965815344863e+01 4.358746378886785777e+01 2.623823070350681519e+01 4.602987806891370326e+01 5.470478783742867535e+01 3.430846026187609965e+01 4.636194371861176933e+01 4.641295384000326152e+01 4.607514033575867529e+01 2.708206955026361484e+01 2.757863106667853614e+01 2.806862253228404214e+01 2.854965050204371835e+01 4.749765081098956898e+01 2.987444304240114334e+01 4.725035629302882967e+01 3.114993722077301896e+01 3.159473482538210831e+01 3.205849044220336452e+01 3.252631047792586116e+01 3.300040091902707928e+01 3.348219343956380811e+01 4.076965239882193259e+01 5.066179551561830152e+01 3.548851219004801294e+01
9.054015507742487046e+01 8.548932543503873660e+01 7.704594174652034155e+01 6.835120626106777308e+01 5.486033450343251872e+01 3.520090620839891216e+01 5.504800935219378744e+01 6.817329593753517258e+01 7.145517214296448572e+01 5.259302128880094784e+01 3.986273210662638178e+01 5.121785655274636895e+01 5.908725511875463354e+01 4.772710889593582806e+01 2.845039948941388275e+01 3.966167672063490102e+01 5.874469414079648288e+01 4.169155382724926540e+01 6.267219097874060907e+01 6.439656019467194881e+01 4.174346511326379527e+01 4.160793540047941974e+01 4.804783881548631541e+01 4.761754358996144987e+01 3.073615886598207325e+01 2.921209212868408756e+01 4.859844822561858990e+01 5.538861231301495991e+01 4.488483106324211747e+01 3.570259165418097780e+01 5.165844005514329496e+01 4.663523259646169095e+01 4.716724478778661478e+01 5.356734649063389497e+01 3.610932176484299561e+01 5.047099705129323155e+01 5.625488835941605004e+01
9.182822401230431808e+01 8.597422980930214464e+01 7.422949102089273765e+01 6.021183568717039236e+01 4.021377177489347332e+01 5.504800935219378744e+01 3.977124688298405886e+01 5.975628997891217153e+01 7.328967114108554881e+01 6.428450371286501763e+01 4.578357092070111634e+01 6.428450371286500342e+01 6.257063059008498840e+01 4.474199324129222788e+01 3.040801446696237065e+01 4.943587182677365632e+01 6.685173211281511385e+01 6.267496917097253117e+01 5.647770660707213608e+01 7.335971957518215447e+01 6.439962472416384287e+01 6.408162942729592260e+01 6.667552053264557799e+01 5.318553942153722858e+01 3.325182854895736284e+01 4.869255392023239182e+01 3.206177979406459144e+01 5.181250975262065595e+01 5.695659446751255217e+01 3.950552971138549196e+01 5.747787152998470361e+01 6.646142771496141677e+01 6.686517696073779859e+01 5.814491245204224157e+01 3.799311803077805649e+01 5.739471428398882580e+01 6.692431031483432946e+01
8.367479575135519099e+01 7.751780530250863421e+01 5.720561261548347431e+01 4.567619479668130111e+01 6.021183568717039947e+01 6.817605954766003151e+01 5.975934610315015760e+01 4.476697219874062483e+01 6.486402311126620646e+01 7.236481478281962154e+01 5.477492263328682753e+01 7.236481478338943418e+01 6.107631563148601828e+01 3.277246808178082205e+01 3.407299663196420170e+01 4.337231425432841547e+01 5.653877120148759872e+01 7.593900057224409750e+01 7.762093397873306344e+01 7.762858421188498426e+01 7.908674914261101208e+01 5.867686258121192111e+01 4.699663734120848346e+01 3.807055733626327054e+01 5.318553942153732095e+01 5.407389356730831764e+01 3.413276472536180961e+01 5.407515356827301645e+01 6.585191268445231572e+01 5.748204269130572186e+01 4.671248508843395086e+01 6.619462056406302963e+01 7.266387709458808786e+01 5.215074546311350900e+01 5.814641108035738881e+01 4.074113633531189294e+01 6.118378580919954857e+01
9.182822401230431808e+01 8.196584000101694301e+01 6.158238239333719122e+01 5.000253801528210573e+01 7.019744526420768693e+01 7.142298992780199285e+01 5.120689754657422554e+01 5.138450700466796661e+01 7.160378114117200710e+01 8.198504625677750823e+01 6.805894754507815492e+01 6.847183543391997773e+01 4.818128805595055297e+01 3.445833751641733755e+01 5.018651868676284522e+01 4.573976292493686913e+01 5.636455044905558509e+01 6.964942457352006500e+01 8.882018501492301255e+01 9.867738333196456324e+01 8.756521845076001398e+01 7.576622441233348582e+01 6.227403179493629892e+01 4.202286228194940776e+01 6.227403179493629182e+01 5.639354695350289859e+01 3.631572149338379063e+01 4.783329349212118586e+01 6.808707066928249674e+01 7.333763660905279380e+01 5.313386874090374334e+01 7.333763660905279380e+01 8.101112246398199090e+01 7.266111780045396529e+01 5.466008538584178922e+01 4.273040645446732100e+01 5.735381278499512092e+01
9.464274875907997853e+01 9.042468495179797117e+01 7.526874030051159536e+01 5.498356994127733799e+01 7.526865175755408188e+01 7.634730413739542598e+01 5.604382708102386346e+01 7.160378114117200710e+01 6.298048143496072271e+01 8.338342760389861041e+01 8.763993091716993433e+01 7.472495109797127100e+01 5.412173168067585038e+01 5.373541838990327335e+01 3.716561812175243773e+01 5.621704543965289247e+01 6.953941369630047120e+01 7.588328108488984469e+01 8.394887101511666572e+01 9.361022997022271852e+01 9.212224841012455556e+01 8.188731753804169955e+01 6.660644868816687847e+01 4.628560758453758694e+01 6.660644868816554265e+01 5.880358629115055180e+01 3.863978962466719480e+01 5.880358629115445268e+01 7.649686729079354564e+01 8.192512518087600881e+01 6.459913723950241149e+01 8.192512518087600881e+01 9.536362746513340483e+01 7.525114104143573002e+01 6.564737338961830915e+01 4.485272867996974355e+01 6.564737338961830915e+01
1.027871923177083175e+02 8.549196803490548291e+01 6.504551256611752308e+01 6.504551256611733834e+01 8.373123504517705840e+01 8.161367303780804150e+01 6.121712562081803100e+01 8.161367349723360576e+01 7.471478165889818968e+01 9.184453634677264233e+01 9.163266187333101698e+01 7.276830341513102951e+01 5.946417646892416542e+01 4.865687834650790222e+01 3.915910514313942059e+01 5.810182488825325464e+01 5.064072560488835251e+01 5.685167892050196770e+01 6.628378023969133892e+01 8.548278193052473739e+01 8.362289199407747731e+01 6.317349231162339152e+01 5.302296175879960316e+01 6.660644868816687847e+01 7.298998240618396949e+01 5.269657112196369297e+01 4.105607188776996708e+01 6.127354926434249194e+01 7.634290858413000080e+01 8.475907017508760077e+01 8.527235847106055644e+01 9.387102678689920765e+01 9.163389171653182075e+01 8.013555020991985600e+01 6.819840393523848832e+01 4.731730689064663409e+01 5.303665245525480287e+01
1.000059042338935882e+02 7.948009881786681774e+01 7.948009881786680353e+01 7.948009881663890042e+01 9.395193422642503833e+01 8.809627535527708631e+01 6.759648831981989758e+01 8.161367349723360576e+01 9.522501818121106965e+01 1.036623208600580170e+02 9.145280513035457659e+01 8.168454823814305144e+01 7.348530729148495766e+01 6.138013085123014889e+01 4.256122212966922547e+01 4.266571886513865053e+01 6.148099446430328641e+01 7.588328108509000458e+01 8.394887101511666572e+01 9.361022997022276115e+01 9.212224841012455556e+01 7.928999740164144328e+01 5.888018532322725918e+01 7.928999740164144328e+01 8.140273215645395055e+01 6.411031659110982162e+01 4.385172024859198103e+01 4.963834887784766181e+01 5.604199454608259146e+01 7.038329009320096930e+01 9.073554638663568994e+01 9.408253654454421167e+01 8.349598326743758037e+01 6.330330171762124536e+01 5.104428930173737911e+01 6.819840393523848832e+01 7.318705428730973495e+01
1.084237747583216986e+02 1.000059042338935882e+02 1.000059042338935882e+02 1.000059038707178729e+02 1.026293077929468893e+02 8.207649621718620381e+01 7.940281704473282787e+01 9.656079807905608448e+01 1.105337968849791253e+02 9.716284785444884164e+01 7.745844955599913817e+01 6.385647267915240377e+01 5.443041923480630118e+01 4.741073200849066893e+01 6.138150023105287545e+01 4.569804638091719795e+01 5.102964600391154448e+01 6.993631298287056097e+01 8.757274405396681516e+01 9.726425284307205743e+01 9.113560375799465874e+01 7.061841170233019227e+01 7.327598712333193021e+01 8.778812627529840995e+01 8.184099670145866412e+01 6.700867190477666213e+01 4.672018412498771056e+01 6.700867200213021135e+01 7.634290858413000080e+01 7.038324123843510449e+01 9.073081831733841796e+01 8.582374735477526428e+01 6.567876653704540502e+01 5.509367322392781574e+01 7.188203106136310794e+01 8.020714710626975830e+01 9.132177150905634733e+01
1.194981001886089444e+02 1.136337339329710829e+02 1.052281273090969194e+02 1.136337339329710829e+02 1.110450999409274573e+02 1.026293077929468893e+02 9.997176025422160706e+01 1.083980539960106171e+02 1.034049387714576937e+02 9.363044850441357880e+01 8.547262551840312028e+01 7.211064124523875307e+01 5.313060815724929142e+01 6.625154406134430474e+01 6.729157485443184328e+01 4.870590988706351965e+01 6.754571040218236533e+01 6.038912884706901707e+01 6.985252650425067600e+01 8.911446773309313585e+01 9.113560375799465874e+01 8.510084169975205270e+01 9.380910257978767675e+01 8.901890393625160414e+01 7.342834758390144145e+01 5.312755080590289225e+01 5.068576008358186158e+01 6.491581361259542859e+01 8.432868850500241820e+01 9.073081831733841796e+01 9.913531259982731569e+01 9.408253654454421167e+01 8.030343491479368367e+01 5.994493466041906515e+01 6.050564613030975636e+01 8.083328829961669726e+01 9.435020498346661100e+01
9.937524902754439893e+01 1.035595268538279186e+02 8.513957337001265557e+01 1.035595268538279186e+02 1.051191996649697842e+02 9.673920940895781939e+01 9.935449498573879623e+01 1.077402432841218314e+02 9.518674566722371821e+01 7.575850536958245129e+01 6.623288992519186991e+01 5.954567352199606489e+01 7.211064124523875307e+01 8.000132171113997970e+01 7.057471384153066651e+01 5.181393395492924014e+01 7.074871248780216604e+01 7.948349711867193435e+01 8.757274405396681516e+01 9.726425284307205743e+01 1.117096175946734462e+02 1.057048081646983633e+02 9.768685504571600120e+01 8.060449595931815736e+01 6.030728324308637411e+01 7.342834758390144145e+01 5.561766173767837529e+01 6.242249808815770962e+01 7.683774121581032546e+01 9.712591739456958351e+01 1.120521754445306613e+02 1.005495961502339100e+02 8.503468470629682940e+01 6.496110918111295973e+01 8.083328829961671147e+01 6.605847809244883706e+01 8.026515920281137539e+01
9.771814547526422245e+01 9.518385033955476615e+01 7.521789126520687319e+01 8.520087080238079125e+01 9.081953846939359210e+01 7.675422070743297809e+01 7.933824770890213074e+01 9.935449498573879623e+01 1.034049387714576795e+02 9.363044850441357880e+01 7.867035176530512786e+01 6.801583117263031397e+01 8.678105885960818000e+01 7.889089512904857315e+01 5.978700072150386546e+01 7.074871225721112467e+01 5.770152266975885169e+01 7.113302395772105058e+01 9.042227716553756522e+01 9.949415803746234133e+01 1.092930340884786204e+02 1.037032982865750341e+02 8.330107591019491053e+01 6.893851351447771947e+01 7.464012491116545789e+01 8.112587185302749049e+01 6.070169016677087370e+01 8.104316848516080540e+01 7.902106476466086349e+01 9.892488296357932143e+01 1.037909247529488965e+02 8.387672544760012272e+01 7.241734516147029410e+01 8.500220737025995277e+01 9.007344400024464903e+01 7.018363122230864803e+01 8.166632678207351148e+01
8.090504451979167300e+01 8.921540230151923367e+01 8.520087080238079125e+01 6.532538627111486562e+01 7.088817432192387002e+01 6.532538627111486562e+01 7.675422070743297809e+01 9.083584934701369207e+01 1.109911813340750086e+02 1.063620379271105918e+02 9.545951308066163676e+01 8.156268263239358873e+01 9.545951308066163676e+01 7.889091040054017867e+01 6.694716870992188262e+01 8.485900590968029178e+01 7.113302395630675790e+01 6.485157656108017932e+01 7.203954588335203368e+01 8.157762727375835254e+01 1.010614177069640789e+02 1.037032982865750341e+02 8.330107591019489632e+01 8.064991287008764687e+01 9.500376143479360280e+01 8.835387029710462059e+01 6.785665371002662027e+01 7.353134798485952217e+01 8.796780716848896020e+01 1.067395682741074125e+02 1.037909247529488965e+02 8.387672544760012272e+01 8.387653792795997276e+01 1.004725689351863736e+02 9.436135930907082070e+01 7.468047537086727061e+01 9.451117078025760065e+01
