MOVIE_S2_data/elevation_000275.asc
nrows	100
cellsize	150.0
xllcorner	0
ncols	100
yllcorner	0
NODATA_value	-9999
[rows 34 to 50 of 100, columns 0 to 36 of 100]
2.978181695229736945e-03 2.000297818169487485e+01 2.863182425366361628e+01 3.334586942863987247e+01 3.889287132758598631e+01 4.596393899258475813e+01 5.424818685268718355e+01 6.424815367434749191e+01 7.839023245509213211e+01 7.497288321340654704e+01 8.325748795305854344e+01 7.768205391079459332e+01 6.108280532974487897e+01 7.204079624964847994e+01 5.532863014916834743e+01 3.543948679699757065e+01 4.919070725392879240e+01 4.910269696878261669e+01 3.362894780246112703e+01 5.340581869086801703e+01 6.399567160092934870e+01 6.889387680700450289e+01 5.852944325413417204e+01 7.233414388170845655e+01 9.214612530606464702e+01 8.009004044706530578e+01 5.989679679166160753e+01 5.537168368900461957e+01 7.557409779061728727e+01 8.702179264365531708e+01 7.973241366376224448e+01 9.450647857206672597e+01 8.320353100755880860e+01 6.322188214535055550e+01 5.719774400255536762e+01 5.469995639381167507e+01 7.468204563460810164e+01
1.893497408783086870e-03 2.000189349740842815e+01 2.725276958488101897e+01 3.125276958488105450e+01 3.551678391199364881e+01 4.068076170693696270e+01 4.622776366918935054e+01 5.329883148105506763e+01 6.158310272851814204e+01 7.158310272851933576e+01 8.364615761664130389e+01 6.946688775732634724e+01 4.960599143731261051e+01 5.218437671561759572e+01 5.316904257759924235e+01 4.869707892209832778e+01 2.925983026607646664e+01 2.925980871192547283e+01 4.909781219342979597e+01 3.980249354368065440e+01 4.437851334513963764e+01 4.933050424548865465e+01 6.059295400157377998e+01 8.023314823407643814e+01 9.133964738375824766e+01 7.964960110395587378e+01 6.843146578682699044e+01 4.814063438976387488e+01 6.649386721295631730e+01 6.648568330449924701e+01 6.462573876782371940e+01 8.590672074222408128e+01 9.151509513257296646e+01 8.320353100753466435e+01 6.934160764808267174e+01 4.932028186724666341e+01 6.934160764808267174e+01
9.179827644033159914e-03 3.601285868179539218e+00 7.252769584880661924e+00 1.125276958488069745e+01 1.551678391199294360e+01 2.068076170693625571e+01 2.622776366918864355e+01 3.329883148105436419e+01 4.329883148105471236e+01 6.329883148105541579e+01 7.543091143450112668e+01 5.559216907284815790e+01 4.563850826106639857e+01 3.808091761371920825e+01 3.322349572046654487e+01 2.874592562165184617e+01 2.508512546526176834e+01 4.503483355546178046e+01 5.727576320290225453e+01 5.951042602803248371e+01 6.400303366662554083e+01 6.889387680700450289e+01 7.708984564773335535e+01 8.847101735197998096e+01 8.293250905742645784e+01 6.270499893462865515e+01 5.095829255598729191e+01 4.297726945439073631e+01 4.579662148416402800e+01 5.238969688309695272e+01 7.345590493264477061e+01 9.359139763241824994e+01 9.477346065345349757e+01 8.321286033427603002e+01 6.568623039430818267e+01 4.562562284687250269e+01 6.067107850899240873e+01
6.604900230173384179e-03 2.000660490022981719e+01 1.879977496867297404e+01 3.125276958488034040e+01 2.965891953572414508e+01 3.184671553054775472e+01 4.622776366918935054e+01 4.622776366918935054e+01 6.158310272851814204e+01 7.158310272851933576e+01 8.364615761664130389e+01 7.372757484731846489e+01 6.551152950733630576e+01 5.800019393493800379e+01 5.276452576379583803e+01 4.249150314884639812e+01 2.270489965247581310e+01 4.266723609936828865e+01 5.432233359911653992e+01 5.981055375769013693e+01 6.604236232785959260e+01 7.345891732452072631e+01 8.159832286119609535e+01 9.292351121952879112e+01 8.438117595140359128e+01 6.419105090114381085e+01 5.841792291849440488e+01 3.794073332745967519e+01 5.841792291849440488e+01 7.258396029010336292e+01 7.666860133785668552e+01 8.940828051070741367e+01 8.646046179913727769e+01 6.645588875121232775e+01 5.491507265521611458e+01 4.730696440365598221e+01 4.055946039822865146e+01
5.101467937297931264e-03 2.000510146793694233e+01 3.879977496867225994e+01 4.708404621611661867e+01 4.965891953572484852e+01 5.184671553054845816e+01 6.013098677801183811e+01 6.622776366919076452e+01 6.443067257175567875e+01 6.335198189284854919e+01 7.190873487377780293e+01 7.104515747062045250e+01 5.968732266807045761e+01 5.137527074885172595e+01 4.373456399088550484e+01 3.684602940723637232e+01 2.065248518473274686e+01 4.096091530475496967e+01 3.447241792433196395e+01 4.002249456491721702e+01 4.633565330396611159e+01 5.383655721852088760e+01 6.518257850070536108e+01 8.476460640818001480e+01 7.846485673260013982e+01 5.827864693907446281e+01 4.386617326387874272e+01 3.462331581600641073e+01 5.510147001060176564e+01 6.237388499507981976e+01 6.280390641511233696e+01 8.253173235057529666e+01 7.728048714915520634e+01 8.321286033427603002e+01 7.491081615626411860e+01 6.735313550259891713e+01 5.633369540000811071e+01
5.600358222118538565e-03 2.000560035822176275e+01 3.089577582178772630e+01 3.721915586310171875e+01 4.548258703782818912e+01 5.439607132829477365e+01 6.590626058886746819e+01 5.854092987760475353e+01 4.409143982673203510e+01 4.302951238391330691e+01 6.011884166236507099e+01 6.279274573262797787e+01 4.322425762154709616e+01 3.212773988116774859e+01 2.469337482593253696e+01 1.801527177349126063e+01 3.800723054311677629e+01 2.716039132202302397e+01 4.707416921268012544e+01 5.981055375769013693e+01 6.604236232785959260e+01 7.345891732452072631e+01 6.931648698782883855e+01 7.743743271226563252e+01 7.576369436445148153e+01 6.883685268470958363e+01 5.205332290923992389e+01 3.160635740507203550e+01 5.203188423429750742e+01 4.699513547475498854e+01 6.541330699543033234e+01 7.142378018885298729e+01 5.724524910488445073e+01 7.141912828525472889e+01 7.065453612366785308e+01 5.931731814388940194e+01 5.100796520871002571e+01
4.575904209876861112e-03 5.349800742455447455e+00 1.089680270458009481e+01 1.722135801717024606e+01 2.616562235547002047e+01 3.771217005216202978e+01 5.768488318270949122e+01 4.840375066431462159e+01 2.986865722232168352e+01 3.142284642686883700e+01 5.161879865126685729e+01 4.569235716520131518e+01 5.419995150172573517e+01 5.137527074885172595e+01 3.623254588604919491e+01 1.623270852229142491e+01 3.511669111420199130e+01 4.656316905566453812e+01 5.524484540053204285e+01 6.536945646080538097e+01 7.672839386386813487e+01 6.626966981437448112e+01 5.008211996624238083e+01 6.070945990120445401e+01 5.531339255277180200e+01 6.036642003052200778e+01 4.052005280300107870e+01 2.873144893316913695e+01 3.585923366968316373e+01 5.535265846827672931e+01 6.742711452731487043e+01 6.245000920424957513e+01 4.304915799050251479e+01 6.243532023452296897e+01 5.646334688882065933e+01 4.227215764563030831e+01 3.092106407494159370e+01
4.658155261040713979e-03 2.000465815526068525e+01 3.089577582178772630e+01 3.721915586310171875e+01 4.546516997993942510e+01 4.572438037943689437e+01 5.244938912477390858e+01 3.995866019796985569e+01 1.981574143533550370e+01 3.995866019796985569e+01 4.240458169058072002e+01 2.531635801554515552e+01 4.240458169058115345e+01 4.853241045233041007e+01 2.866629561949878635e+01 1.446940249541810886e+01 3.448494516526169917e+01 2.928928357242591218e+01 3.744515912590360784e+01 4.890479320614788605e+01 6.858158701608513752e+01 5.821151996975441989e+01 3.863126695892583484e+01 4.118962973532369887e+01 4.122055917718309104e+01 6.101779402136089914e+01 4.638882364548655346e+01 2.618912902260726838e+01 3.511067318032212370e+01 3.897912620704774156e+01 5.914787979901736747e+01 5.414030021728024877e+01 3.407355617212392929e+01 5.377980152255600643e+01 4.548717671287726461e+01 2.811539665249395981e+01 4.815293389201161744e+01
5.330849696878311485e-03 1.990957548302005975e+01 3.472594324171985392e+01 3.237104123888514806e+01 3.039695995836468612e+01 2.744037816972841526e+01 3.955660247790064687e+01 3.456841369915921547e+01 1.442238549790265267e+01 3.456562950412876489e+01 3.311782933375756954e+01 1.389340443795592428e+01 3.369510635895605333e+01 4.873516663301584373e+01 2.754402827307085033e+01 1.273690478960933170e+01 1.856521504237777975e+01 3.014326666751281536e+01 4.999337521346053137e+01 6.536945646067863436e+01 6.653185221619662570e+01 5.855069840645258239e+01 4.690685560577817625e+01 2.667895352426033284e+01 4.118962693583891621e+01 6.070906284288376753e+01 5.472892866767242026e+01 4.262892146675896754e+01 2.269421586711206373e+01 4.263846065518624329e+01 4.733174794966851096e+01 3.944598311827957815e+01 2.744430352205626278e+01 4.288502485253801666e+01 2.550008171232644472e+01 4.548717671287726461e+01 3.753215611475869196e+01
9.384206039104543359e-03 2.000938420603874945e+01 1.714502968604328714e+01 6.825622773451490488e+00 1.204457796431035810e+01 2.157875499105088934e+01 3.711184049994650280e+01 2.960135119672158410e+01 9.653304833132095197e+00 2.352777795556507101e+01 2.100211570527419269e+01 8.327449718950234114e+00 2.315122324018725664e+01 4.207780814600020136e+01 3.097594557662405990e+01 1.110500119361747373e+01 3.113757416566318525e+01 4.671818851221898683e+01 5.815319982982125424e+01 6.630149320410446023e+01 5.855069840645126789e+01 3.922938336529013981e+01 4.184058593412644456e+01 2.140697852957308100e+01 3.605704320719347322e+01 5.580657472923474671e+01 5.443240444856515126e+01 3.440704329164585573e+01 2.033741487000162351e+01 4.026109341348718118e+01 3.625138809233419579e+01 1.951328782031530196e+01 2.119409676271147802e+01 2.293767964365557432e+01 4.288507590102135225e+01 5.379656299004665954e+01 4.914873047894671032e+01
9.768314284573654735e-03 3.468682455161947176e-01 6.840160704656438329e-01 8.970525177109275106e+00 1.684962461437405068e+01 2.081678764250076341e+01 2.234097064611504635e+01 2.246360985633954499e+01 7.534162751428506333e+00 3.616118130329158742e+00 3.955919889785838972e+00 9.505264225305557702e+00 2.366118094168055919e+01 3.197969890569508422e+01 2.345344589181910777e+01 9.510642072330151464e+00 2.449877588820578111e+01 4.718004088267705498e+01 5.498634767443158466e+01 4.780606970734375238e+01 5.662037232135325837e+01 4.488845875039117317e+01 2.513799315475131735e+01 1.666145584339541230e+01 3.389178800529102631e+01 4.663132809174334881e+01 5.212185923028886947e+01 3.210965235833599252e+01 1.801607305676719406e+01 3.477659672285954429e+01 1.713399609165419335e+01 3.709721695213718817e+01 4.048395841113450899e+01 3.266347938110900628e+01 3.711412049654226308e+01 5.723859241291553701e+01 6.920286549817632249e+01
9.313476842122882932e-03 1.059629399579845810e+01 1.701860750999939143e+01 1.161834553031958928e+00 1.499847970738030334e+00 1.838054649412187880e+00 6.230553964765003450e+00 2.795539765305932622e+00 3.135796064581880316e+00 2.215671995156919749e+01 2.373465803077265335e+01 4.433826285630430242e+00 4.768976011856632446e+00 2.450040419503169531e+01 7.330010733820857993e+00 2.721242768892137320e+01 3.784263761902400347e+01 4.420991338916839908e+01 3.804961347045374254e+01 3.178572371727066326e+01 4.301672734317969571e+01 3.114624902126334760e+01 3.290806306532343939e+01 2.191909404356865565e+01 1.128413705239607090e+01 3.309817515304111168e+01 4.239048463295812041e+01 3.510025982336313888e+01 3.292034890550567638e+01 1.474017209847744958e+01 3.477659672285954429e+01 4.539345260759447598e+01 5.847096462213127666e+01 4.595976861109415523e+01 5.705083721141991049e+01 6.551654124160536696e+01 7.316945750495401057e+01
1.757287057980242524e-03 6.451101529553576519e+00 1.795629099016052166e+01 2.497628708690888644e+01 1.621283662144163529e+01 2.220710153567991085e+01 2.316688499958317937e+00 2.205406818606795483e+01 3.654437559181978656e+00 1.896770647778930297e+01 3.390314346407696178e+01 3.003717267756437792e+01 2.398433281571254128e+01 5.233957046829847748e+00 2.445379408908976515e+01 1.032510388916553978e+01 3.022057198604089123e+01 2.884077723542943517e+01 2.950297180388426099e+01 1.674214181527339207e+01 3.021194890552363788e+01 2.226096746765572476e+01 1.161786552703519249e+01 9.434536990130919065e+00 9.791264495675271462e+00 2.651508825644643252e+01 3.067706460661810652e+01 1.242686997633798640e+01 1.283689065423722830e+01 3.292049639718924681e+01 2.891572720929004703e+01 4.303113811507421360e+01 6.296251978054691989e+01 6.542125313274841858e+01 6.775631744255146316e+01 5.994714759159464279e+01 5.447028864347569765e+01
1.954507115700021471e-03 1.995147266348787340e+01 1.566086800293318504e+01 3.451733713750225974e+01 3.833679583565815818e+01 3.997554891794980847e+01 2.974846513484208899e+01 2.763886453002850985e+01 7.556622705067057133e+00 1.963453152189674711e+01 4.033992106275837841e+01 3.766039471334705979e+01 1.759831577007572889e+01 5.361943013932087609e+00 5.673868839628064542e+00 6.023454657729528705e+00 2.442594874979092268e+01 1.719287401041253460e+01 6.959967211506937979e+00 7.402469858785725165e+00 1.526858925103541864e+01 2.087444550116347131e+01 8.932559420601327460e+00 2.322338165958623790e+01 1.238575710320645484e+01 1.030226837490824465e+01 1.066660486605921321e+01 1.103286915301325344e+01 2.905382924179807347e+01 3.605675696034681721e+01 4.460202923762136606e+01 5.710065162429373231e+01 6.559285822608646299e+01 7.355706389993099492e+01 5.994714839840563769e+01 4.104644550317676988e+01 5.994714827649963240e+01
9.499524778340364892e-03 2.000910419752715796e+01 3.463986684156463980e+01 2.824912303399348801e+01 4.668658309511167204e+01 5.113977423420094937e+01 2.877765961333317435e+01 1.373354247562158470e+01 1.512602451303277640e+01 3.547557914212032415e+01 4.931837720895438792e+01 3.779947943771093577e+01 3.762537692347912355e+01 3.004203638615667060e+01 2.563284124203552139e+01 1.180984834115672122e+01 6.476089472611972653e+00 6.801832163759824468e+00 7.305266778964546681e+00 1.658803484052939581e+01 8.062490690559974027e+00 8.435245382621724630e+00 2.987012321064986864e+01 3.038792296765862488e+01 1.591187987372068058e+01 2.952451298032747928e+01 2.498559557201399173e+01 3.110154711374860881e+01 1.157767985971218572e+01 1.837798218179334953e+01 3.627993622951994013e+01 5.065524823664834031e+01 4.676501020711179990e+01 5.791164067644682945e+01 5.364690209340585625e+01 3.488840273537425674e+01 5.364690160084511916e+01
7.291241591682445615e-03 1.414943230636023941e+01 3.415029749533748316e+01 4.667520497873056939e+01 4.869521146502465569e+01 5.620429103816272942e+01 3.374450192051669717e+01 1.846363012386012770e+01 3.557593328862720483e+01 2.949452923376303204e+01 5.047380953587772723e+01 5.807694775255430386e+01 5.374490992103455511e+01 4.347355156151179045e+01 3.067311896362966905e+01 1.050957318833891918e+01 8.693088620462424032e+00 2.698083596390204164e+01 2.733588360946088258e+01 1.625906341333810445e+01 1.989862864137460718e+01 2.969952597411350226e+01 3.797441950685603729e+01 2.241850993435880923e+01 2.993495267088241718e+01 4.313398075212845129e+01 4.522465923499348150e+01 3.961989620974471649e+01 3.158449475897747760e+01 1.212522243383920006e+01 3.219962677721147060e+01 3.060176668566769109e+01 4.596359429411128872e+01 3.504319356035780686e+01 4.168781137123548319e+01 2.995540613111913331e+01 4.823005967421362783e+01
1.086749991637594439e-03 1.154815440675985627e+01 2.569335433609023411e+01 4.576751023010449160e+01 6.046571542121889564e+01 6.100825923782242910e+01 3.867010771971661853e+01 2.370250870845395852e+01 4.447735947801282919e+01 5.052199210718781330e+01 5.946930935146608022e+01 6.002290751269640623e+01 3.933975228985819683e+01 2.494537446736180897e+01 1.484004709523299148e+01 3.067311873030427094e+01 2.885423267573931838e+01 1.201006837130034910e+01 3.221304609409868647e+01 3.786643200079316784e+01 3.614739685675803571e+01 4.390474581318168390e+01 4.522305454360526511e+01 2.692156635633402217e+01 4.522305346865447717e+01 5.862586935366556418e+01 4.761342787342689320e+01 2.735473830291953234e+01 1.642330097533450228e+01 1.251273411923316026e+01 3.256314827905107734e+01 2.434543199451009698e+01 1.631120023575860856e+01 2.456457695020635157e+01 2.396162098134277230e+01 4.033274099387381995e+01 3.461854078487536412e+01
