MOVIE_S2_data/elevation_000680.asc
nrows	100
cellsize	150.0
xllcorner	0
ncols	100
yllcorner	0
NODATA_value	-9999
[rows 0 to 16 of 100, columns 37 to 73 of 100]
1.071960907202160627e+02 9.885793264487350029e+01 9.885793264486966336e+01 9.497610806415097784e+01 9.083259707791908966e+01 9.915226381908274789e+01 1.081081297189292627e+02 1.197025871507072594e+02 1.045923224331839521e+02 9.633331951470809429e+01 9.374798212578380685e+01 1.020060558584804511e+02 1.006925430026753787e+02 9.810476605982258036e+01 1.063688968747070476e+02 1.178836485134079055e+02 1.277443327601029353e+02 1.163022723572891834e+02 1.074696782551854426e+02 9.926637241093442299e+01 1.033557438416619192e+02 1.033501526231788290e+02 1.115622726538370131e+02 1.201671722607241435e+02 1.118734354753023581e+02 1.118734354753023581e+02 1.177195945136527655e+02 1.196366145550614561e+02 1.114564108353675493e+02 1.196366145550614561e+02 1.301508536583824309e+02 1.169205262956274396e+02 1.087811011164290136e+02 1.143716394723925731e+02 1.062330658961845700e+02 1.047870136389772568e+02 1.129255741578969889e+02
9.885793264487379872e+01 7.886502047922610359e+01 7.886502047922610359e+01 7.499080921022698476e+01 7.085613836308391456e+01 7.978719505638085252e+01 9.130208259843089991e+01 1.113338767944972574e+02 9.633331951470809429e+01 7.637066203841304457e+01 7.377675547466878925e+01 9.048149223579844147e+01 8.074471795495470872e+01 7.815593078088635082e+01 8.967838248371441523e+01 1.096154200868184319e+02 1.195057632118764417e+02 9.971712316710524249e+01 8.837115734687159829e+01 7.955872452016522800e+01 8.363708783794641022e+01 8.342129610068350587e+01 1.031431145083652012e+02 1.118734354753023581e+02 9.223793069156477031e+01 9.223793069156477031e+01 9.798903689070070300e+01 1.098348021630399387e+02 9.191290251379453480e+01 1.098348021630399387e+02 1.104184308611752101e+02 1.087811011164290136e+02 8.908744507755433517e+01 9.485558338498530873e+01 8.652668812456104774e+01 8.507053057007965435e+01 1.008679856108248316e+02
9.885793264487215026e+01 7.886502047922610359e+01 6.472836353526565745e+01 6.084045210235714052e+01 7.499080921022698476e+01 9.497610806415097784e+01 9.371942095011662843e+01 1.020866701310052065e+02 9.498491576339129949e+01 8.221758904271547408e+01 6.210149291944185279e+01 8.221758904271547408e+01 6.654602321849152702e+01 8.467090853794439909e+01 9.133040963584093674e+01 9.959156074483654209e+01 1.095583210390906288e+02 1.140644869769455028e+02 9.429087246565565295e+01 8.941254846554983260e+01 6.980128298345621829e+01 7.020540480708116604e+01 1.026190586269727021e+02 1.107478654904708435e+02 9.798903689070070300e+01 7.843546043944313340e+01 9.798903689070070300e+01 9.403345262461391485e+01 8.217783729794983572e+01 9.088911807981766344e+01 1.104184308611752101e+02 1.087811011164290136e+02 8.908744507755433517e+01 7.500232161832644806e+01 7.500232161832644806e+01 7.352865964867483228e+01 8.111933378722855537e+01
9.938149875516376142e+01 8.943318346620519321e+01 6.944058251658580616e+01 5.525968077914441068e+01 7.529627976117291155e+01 7.957361104217372372e+01 7.371422472755196509e+01 9.371942095011662843e+01 8.671767500228220626e+01 6.662942564322207772e+01 5.593354067860861534e+01 7.089936185967091831e+01 5.976546351540188340e+01 6.460596300484348831e+01 7.135190634215148009e+01 8.136806587697908810e+01 1.012927533947028707e+02 1.088904503177959242e+02 9.429087246565563873e+01 7.451177513529727037e+01 6.486984775077402787e+01 8.474268834395778072e+01 9.984723262189640991e+01 1.024740709730150030e+02 8.282549737614181140e+01 7.246164781017319001e+01 8.731626845775043932e+01 7.444966375171523509e+01 9.403345262461391485e+01 1.098348021630399387e+02 1.185967130092847697e+02 1.067821878251707659e+02 9.689595700284330348e+01 8.492895250165587129e+01 6.486524132839548429e+01 8.492895250165587129e+01 1.008679856108248316e+02
9.105829682654733404e+01 7.105683664704304192e+01 7.136677940750375626e+01 5.130811912836077227e+01 7.136332740871368685e+01 5.955263168198226964e+01 7.957338502748940812e+01 9.447040114321046644e+01 8.281228523879710224e+01 7.004067647829725729e+01 5.002007405343674407e+01 5.062672882433647459e+01 5.591438305063494596e+01 7.611518701536135723e+01 9.133040963584093674e+01 9.959156074483654209e+01 1.095583210390906288e+02 1.006453046802669036e+02 8.074836413920540679e+01 8.030493861761050312e+01 6.038513865742036302e+01 7.213693180997952936e+01 9.173373456779678747e+01 1.034892497977995731e+02 8.642986172423822211e+01 6.670468098681696745e+01 6.762482820381049464e+01 8.731626845775043932e+01 1.021641402442100741e+02 1.206306161294135677e+02 1.125527276790665070e+02 9.286972473517487003e+01 7.881970440579765125e+01 6.873612510502105977e+01 6.083997887541131888e+01 8.099413500982720393e+01 9.689595700284330348e+01
8.886771679144054303e+01 6.886996794890747253e+01 5.468716225870443992e+01 4.756972213990928822e+01 6.303716461073695143e+01 5.195238057179882674e+01 6.614448286898661422e+01 8.385963022975963099e+01 7.464765240521273881e+01 5.632856630381357377e+01 4.506960844708958547e+01 6.538185000641992417e+01 7.611518701536135723e+01 8.439376061395529405e+01 9.916599098288700986e+01 1.041006959141200809e+02 9.614864202444597652e+01 1.033438106217520982e+02 8.171305375969946283e+01 6.413600672333267028e+01 5.661494746265496758e+01 7.660592462758378929e+01 8.076322671359704941e+01 8.891769843376981441e+01 7.588496283932262543e+01 6.184124499857887969e+01 8.163844727934672107e+01 8.158601694865811282e+01 9.287336557446808172e+01 1.124568484977810527e+02 1.022822333310778333e+02 9.411318034455339898e+01 9.129333590261197173e+01 7.134164152024979444e+01 5.696258957713317983e+01 6.873612510502105977e+01 8.872722361456176543e+01
9.473853783408924301e+01 7.472717297641996481e+01 7.306129568815994446e+01 5.301303351913822581e+01 4.296135710765133098e+01 5.920884063264528407e+01 5.553064704754476111e+01 7.556993846167483753e+01 7.823940360142378836e+01 5.742566928175238417e+01 4.217437007038282104e+01 6.245943459711430279e+01 7.453003573530368442e+01 7.085292569561946152e+01 9.089129913996370647e+01 9.448265166552624805e+01 7.786310576994034705e+01 9.448265159489461951e+01 9.259314138381145654e+01 7.301713029868587057e+01 5.295305784452747133e+01 6.864382967677383363e+01 6.091409688875050676e+01 7.196514568545435964e+01 7.467672058420571091e+01 5.883604233257600669e+01 7.292598696722635054e+01 9.259573781720310137e+01 8.988838130289400397e+01 9.884453451944798985e+01 9.411318033527366822e+01 7.419561665303554321e+01 8.002933599596076419e+01 7.398785714584681728e+01 5.372943644023060017e+01 7.398785714584681728e+01 9.070284935706976626e+01
9.382007891758060225e+01 9.308083894017616444e+01 7.306129568815994446e+01 7.134127980121459700e+01 5.920884063264528407e+01 3.914805417224277306e+01 5.333719872763947478e+01 7.338423815305047526e+01 7.394815112417911962e+01 5.376013311898032043e+01 3.941000564907150050e+01 5.967306669398681862e+01 5.435098001327715167e+01 6.865854049169685425e+01 8.870507918382851642e+01 8.654996252405068446e+01 6.790898429733623232e+01 8.654996252405068446e+01 8.909382945141561549e+01 6.935174711133410597e+01 6.760157278087881139e+01 4.854083333294096292e+01 4.925611989582436934e+01 5.198458532709568658e+01 5.474944045089279143e+01 7.467672028161878472e+01 8.684780568426766933e+01 8.628719057698459949e+01 6.808545366489994421e+01 8.628719057711330720e+01 9.411318035272778104e+01 7.419561665303606901e+01 5.988266235177477625e+01 6.995599917209058560e+01 5.062244712581438932e+01 6.239966926914021883e+01 8.250806414640280195e+01
8.582555294220487951e+01 7.970986049892512426e+01 8.094091107376621608e+01 7.261225486170300769e+01 5.668141910509296366e+01 3.664332246127801085e+01 5.080905979727263144e+01 7.085854858918240495e+01 7.127418281688922264e+01 5.107210796243926865e+01 3.676833496247508748e+01 4.347972257739373703e+01 6.374387674952599525e+01 7.046015199267881712e+01 9.051544389721925654e+01 8.020853953523349844e+01 6.142216570998939318e+01 8.020853953523349844e+01 9.714779457282212149e+01 8.091476600719360590e+01 5.998775599188607544e+01 4.549331404963659509e+01 6.292417490663147106e+01 7.111725686038830929e+01 7.464839734883335609e+01 8.284661380126154029e+01 8.265219941130736458e+01 7.730045515289758384e+01 5.598362368010995738e+01 7.730045515289758384e+01 8.018487742330323442e+01 7.255383396565235898e+01 6.994624269487540857e+01 4.968506304286781017e+01 4.765820552586871628e+01 6.794091403301113985e+01 7.998986455068056500e+01
7.957323767168388429e+01 5.842400383540462627e+01 6.189167907136270230e+01 5.249333919375057178e+01 5.423337597216011119e+01 3.422533147713552637e+01 4.836159315534368375e+01 6.840911368382779756e+01 6.888977736960623588e+01 4.863815135720522420e+01 3.439080304628364360e+01 4.196086508541534954e+01 5.024492615564961540e+01 6.457881685786240666e+01 8.465895104001393179e+01 7.470198797166337101e+01 5.571723911825107223e+01 7.470198797166337101e+01 8.506359993244156215e+01 8.016482079167536767e+01 6.026325700521178419e+01 6.023980477551329926e+01 4.270107190352181448e+01 5.707941097531821129e+01 7.720158867615040776e+01 7.664598046977204149e+01 6.181740117502983622e+01 6.976381710205207298e+01 4.873955572787273383e+01 6.943557939998089523e+01 6.685623382523793623e+01 5.637947815726816003e+01 6.344237260316944571e+01 4.355780278800145311e+01 6.053150140789418998e+01 6.104353526587230050e+01 6.161053892918471320e+01
7.630094565455593170e+01 5.592325554426354017e+01 4.161109990542553305e+01 4.090244892559429246e+01 4.857479502314701847e+01 3.188268417920694731e+01 5.185885794985791364e+01 6.960173865718641650e+01 6.128527544051331688e+01 5.227101381525165635e+01 3.218634384807234738e+01 4.637011405284972909e+01 6.656555245452915415e+01 7.875705370282416595e+01 8.319999702564261668e+01 6.416417793213861387e+01 5.051647909957168991e+01 6.973954552500441650e+01 6.515587029230577798e+01 6.515587029230577798e+01 5.767459990771469336e+01 4.012348312326582089e+01 4.180455125338824729e+01 7.024454358311206192e+01 8.142864741058971845e+01 6.757500531016599155e+01 4.745251577784384267e+01 5.548482310937366435e+01 4.261663780080488095e+01 6.257238003007854843e+01 5.001148692900991222e+01 4.706840569528295504e+01 5.683911686367097360e+01 5.308301776019833795e+01 3.991983199729764920e+01 4.058803506586857424e+01 4.126973420648600666e+01
6.532433183600024051e+01 5.671216332007037408e+01 5.094952120528297712e+01 3.094815102444022514e+01 2.862969092337937127e+01 4.857270189693648632e+01 6.015555819493183520e+01 6.128545841721182796e+01 4.113480491878394218e+01 4.703537541567339275e+01 3.004632860335387079e+01 4.416853108366672842e+01 6.436220496432324012e+01 7.068402338933233864e+01 7.478561342411141766e+01 6.528632228361583145e+01 4.583611646513787719e+01 6.528632228361583145e+01 6.339631829118579276e+01 4.509911690735790302e+01 3.758946849469901252e+01 5.767434158649957965e+01 6.781275229747446076e+01 7.540122777839911805e+01 6.076829679079048674e+01 6.028315002292981006e+01 4.453700015527054035e+01 3.474815404910159344e+01 5.486351796301858741e+01 5.568267498002198579e+01 3.710808372815468203e+01 3.773697143883199345e+01 3.837099382594557540e+01 3.900893437533962071e+01 5.759967811709826435e+01 4.429019348119288679e+01 6.153254934871525705e+01
5.670017809726970626e+01 3.658849296080075675e+01 4.241529285417000494e+01 2.540491547457466837e+01 4.537529779799753271e+01 5.595165642255053484e+01 5.157569712038461773e+01 5.463453993576020196e+01 4.659946888188576963e+01 2.707892104064120531e+01 4.703686612097315844e+01 5.744113083420248955e+01 5.075426522286512210e+01 5.061730418902656936e+01 5.540393751174403292e+01 5.540902635538481036e+01 4.146283353950416739e+01 6.110446807551831938e+01 5.512749359983121167e+01 3.520396516763189965e+01 5.512730680851689158e+01 6.554928610298372860e+01 6.435842143636244828e+01 6.669785586826498047e+01 4.631607186850221325e+01 5.153069759990841447e+01 3.389747870803797980e+01 5.308832951167204328e+01 3.561190440638571175e+01 3.622442582360422136e+01 5.632686779916100761e+01 5.999784123648013434e+01 5.870940040342743060e+01 4.784162061861669457e+01 6.221839999179925229e+01 6.443975059224533197e+01 4.973076289907566405e+01
5.652539201223161314e+01 3.658167274299114524e+01 2.240983650015663642e+01 3.966755473880435545e+01 4.013449890520099217e+01 2.091242875393058043e+01 3.253830736770360943e+01 4.448720141227450853e+01 4.149584869453864400e+01 2.506705511422628163e+01 4.346982745704995210e+01 4.392446061866935736e+01 2.634154133446720891e+01 4.996366585663997029e+01 5.540451931172259492e+01 3.556267213152862894e+01 5.540902492939794399e+01 6.507890236983851651e+01 5.339607630074466016e+01 3.362772112618071674e+01 5.099048648372472314e+01 5.078906365948606094e+01 3.125971900749291876e+01 5.159409958488102177e+01 5.212836224877536750e+01 3.307274152282208490e+01 5.306560553576682082e+01 5.344741084151343813e+01 5.565106296019732213e+01 4.471360095990312544e+01 4.241581900472966993e+01 6.242283586565115883e+01 7.540336055863991760e+01 6.864796659007683388e+01 6.591530767197107821e+01 7.373590634718539150e+01 5.373944737672930216e+01
5.103851874435843428e+01 4.532148528852075486e+01 2.082536299160277693e+01 1.977272407383015107e+01 2.024891393004437035e+01 2.072043490242328545e+01 3.291315853267605007e+01 3.879201045218920996e+01 2.255275463455697960e+01 2.304898168747661558e+01 2.356046346496631827e+01 2.407088321857058233e+01 2.457918402017576653e+01 4.439414059077642349e+01 5.111594475281395233e+01 3.195682163594476677e+01 4.729200918100642781e+01 4.526533563224292323e+01 5.747995678447929890e+01 5.038213916767811185e+01 3.139240491003638667e+01 3.055352635158404695e+01 3.260493351901549630e+01 3.188122258264320052e+01 3.231990087767599817e+01 5.022952465411878364e+01 6.079825302773135576e+01 7.190798873508262545e+01 6.289130442485539874e+01 5.789474400262353981e+01 6.242287544155776402e+01 4.912548985857242911e+01 6.065610916465644920e+01 8.044674776660649229e+01 8.401920381001461635e+01 7.793380677580897498e+01 5.801865098712544011e+01
3.195138856812063821e+01 3.837189607376779321e+01 1.911430025573806191e+01 3.901610375401148190e+01 4.012956685511013433e+01 4.059766473662089226e+01 2.138341511223284996e+01 2.185188831476297722e+01 2.327823135264277354e+01 4.114432546926133938e+01 4.315415893790806479e+01 4.389395509895852854e+01 4.393821864406030642e+01 2.529359344347607674e+01 4.295487731125909647e+01 3.034316120392920269e+01 2.722770368301452137e+01 3.840134723213614620e+01 4.753388176534892295e+01 4.832388273190894523e+01 2.975847885241045887e+01 4.928180677209684291e+01 5.085895682684658681e+01 4.942659856888362668e+01 4.678923224218578980e+01 3.456618108138306411e+01 5.463052298720003819e+01 6.540139461466613113e+01 8.133930168508824465e+01 7.881887078946874681e+01 7.432135991398108388e+01 5.448779694123246031e+01 7.432135991398108388e+01 8.866049532644336750e+01 9.608721961269452549e+01 7.681786032620321691e+01 6.272510450301634677e+01
1.802192423841272984e+01 1.847159879188468778e+01 3.838182591685976774e+01 2.712777968419825925e+01 3.319875627078823754e+01 5.096841400271248546e+01 4.418693370392448116e+01 3.351349269146145815e+01 3.606191165233484242e+01 2.514748173746929893e+01 3.189230040610122074e+01 5.535792819442627888e+01 4.295533062906287824e+01 2.811733516127303290e+01 2.600582276679339699e+01 2.650999708872782890e+01 4.520389824734752438e+01 2.795933336425039784e+01 2.847920439540774495e+01 2.900092689726054829e+01 3.164461182166381903e+01 5.152190745753309642e+01 6.296006901523781352e+01 6.899472152619300402e+01 5.414796335182914788e+01 5.463052298654127270e+01 3.697774214154166827e+01 5.709773436654306522e+01 6.791660999412913213e+01 8.209650030574155721e+01 8.252658552613040399e+01 7.432135991398108388e+01 6.387743333050529060e+01 7.785115608975691259e+01 9.759950765472500223e+01 8.767738115557018830e+01 6.816218274463598448e+01
