MOVIE_S2_data/elevation_000663.asc
nrows	100
cellsize	150.0
xllcorner	0
ncols	100
yllcorner	0
NODATA_value	-9999
[rows 0 to 16 of 100, columns 0 to 36 of 100]
4.047028337263018118e-03 2.890798374285385997e+00 5.808098204243264284e+00 9.188715223157302603e+00 1.261868692600745057e+01 1.615422083194012615e+01 2.074253550935128132e+01 2.545658071726151661e+01 3.030729321798809295e+01 5.030729305301302645e+01 6.364008499721770562e+01 7.119937423084857642e+01 7.948362667708838103e+01 9.103061867655502226e+01 9.008182427529570191e+01 8.183966508836537912e+01 7.925527332564692529e+01 8.749864691783561454e+01 8.891643623622741188e+01 8.066440560706051599e+01 8.327477036745685268e+01 9.162844097263264587e+01 1.012624087126044401e+02 9.306235850964733913e+01 1.012624087126044401e+02 9.617514247737072708e+01 8.790535660088518455e+01 8.790535660088518455e+01 8.530570259995384674e+01 9.357997352722320272e+01 1.051302306665735244e+02 9.302819810139990864e+01 8.474286644752882580e+01 9.302819810139990864e+01 9.573228038255135175e+01 9.744325067306391475e+01 1.057124945300921013e+02
9.482596902220898072e-03 2.000948259690186504e+01 2.580809669987204558e+01 1.475237011424234446e+01 3.261868686542023710e+01 3.615422075834258209e+01 2.468224948616439463e+01 4.468224935785600138e+01 5.030729305301302645e+01 3.786658267817237089e+01 4.364008537006842658e+01 5.119937483025270808e+01 6.274638021386212472e+01 8.274637879608994240e+01 8.183966508836537912e+01 6.189842989851879196e+01 5.930864563735971728e+01 7.599012708690725049e+01 7.746382867897673918e+01 6.082541310608591800e+01 6.339661015070101513e+01 8.327437543562670896e+01 9.133224230083338568e+01 7.317565668030772486e+01 9.133224230083338568e+01 8.790535660088518455e+01 6.791297504123727435e+01 6.791297504123727435e+01 6.532286862958400775e+01 7.683799427722701125e+01 9.687280728063578294e+01 8.302912484767013268e+01 6.474654808822648988e+01 7.571291738744851330e+01 7.571291738744852751e+01 7.739652974001180041e+01 9.744325067306391475e+01
3.324160138653916522e-03 2.000332416013829828e+01 3.645571778444671907e+01 3.475236980910572981e+01 2.475237011424183819e+01 4.475236915497534085e+01 4.468224935785600138e+01 3.468224948616404646e+01 5.468224922954797762e+01 5.786658241295435090e+01 6.364008499721770562e+01 6.364008499721770562e+01 7.948362667708838103e+01 8.187482705558517182e+01 7.362716745985865430e+01 6.773908246038904224e+01 4.776042677150508098e+01 6.773908246038904224e+01 6.921264700999182651e+01 4.938708663974548330e+01 6.921264700999182651e+01 8.136033718644075918e+01 7.319530463162497824e+01 6.327160166827244581e+01 8.311900759497754620e+01 8.842095560648104424e+01 7.376860802798920247e+01 5.387189555343334746e+01 7.376860802798920247e+01 8.842095560648110109e+01 8.701719548741122878e+01 7.474470726787767205e+01 5.482409390790056136e+01 5.578452691238627636e+01 6.327900131033599962e+01 7.739652974001180041e+01 9.744325067306391475e+01
6.476169185215582824e-03 8.171441978462405942e+00 2.231357760410778113e+01 4.231358423178225081e+01 3.889450573368260677e+01 3.889450573368260677e+01 5.889450247318841036e+01 5.468224922954797762e+01 4.733136012655904779e+01 6.147349573633847797e+01 8.147349340278697127e+01 8.364008040947200584e+01 8.772049829213312933e+01 6.778951869011967801e+01 5.366498069323591835e+01 6.100197200781862961e+01 4.172345202589610125e+01 6.171529112077745793e+01 6.323475696857789785e+01 4.338073159919270694e+01 6.323474332640582674e+01 6.474087607119663801e+01 5.336705638418637676e+01 7.098889012445741287e+01 7.922284404051640649e+01 8.014615705480257191e+01 6.020183778822549669e+01 4.882798417005471947e+01 6.020183778822549669e+01 8.014615705480257191e+01 7.873305651100355362e+01 5.878393032471717561e+01 4.742916284335468902e+01 6.721542313725329620e+01 7.600435322269930793e+01 8.428949076604310164e+01 9.429074664747899703e+01
5.418514359027011389e-03 2.000541705195028541e+01 2.817144316388336023e+01 4.817146202472105898e+01 5.889450247319214071e+01 5.889450247318841036e+01 6.717867134496162862e+01 6.913837085025743079e+01 6.733135942912602445e+01 7.561561216291754306e+01 7.094532996740241515e+01 7.977093960730255162e+01 8.216177665597466273e+01 7.391402227246166490e+01 6.100197200781862961e+01 4.101140825413649083e+01 3.617099929455656593e+01 5.617055258636052173e+01 5.792835738909354859e+01 3.804148092952283378e+01 5.792818309125171083e+01 4.489179144255760434e+01 5.695500689076157386e+01 5.114267436335441630e+01 7.099161745974492987e+01 7.848840363678418441e+01 5.857742844488358713e+01 4.472866902260622624e+01 5.857742844488358713e+01 7.848840363678418441e+01 6.656626826353706861e+01 5.832377712593336838e+01 4.343928825639825675e+01 4.953170875868648437e+01 5.607111324736114000e+01 6.600292323098598501e+01 8.600578321441251717e+01
5.264502547137648453e-03 2.000526450254678323e+01 2.936332245762169180e+01 4.971193597907736716e+01 5.041066458757568824e+01 5.782556840605858639e+01 6.313327674896784458e+01 4.868703379428736611e+01 6.313327675078640766e+01 6.720813245906497002e+01 4.899847235713063043e+01 6.720813245906497002e+01 7.391402227246166490e+01 5.395270542915007184e+01 5.979923977114281541e+01 5.100669013097753890e+01 3.100331663634445434e+01 5.100669013097753890e+01 5.310492836719559051e+01 3.319036206840424796e+01 5.310485569150035445e+01 5.081698691868011508e+01 3.706533418935146074e+01 5.114267307975801202e+01 7.099018817655309022e+01 7.465653467449359937e+01 5.480827353875687180e+01 4.107653151770409750e+01 6.062169463065276886e+01 6.234024930251578667e+01 5.412490638137795429e+01 3.885441445115427683e+01 4.844065546133839462e+01 6.820689868499179909e+01 7.600435322269930793e+01 8.428949076606825486e+01 9.429074664747827228e+01
5.458922989205592172e-03 8.990235861791783023e+00 2.936332378635644247e+01 3.875999988388254991e+01 3.393413655295135101e+01 5.041066458757568824e+01 5.467709171456877471e+01 3.436861557284819924e+01 5.467709171456991157e+01 5.827430581824564371e+01 3.666461867334111702e+01 5.827430581824564371e+01 6.236942591472116248e+01 5.979923977114281541e+01 3.980779611719719213e+01 3.273198730493267306e+01 2.708062660418177359e+01 4.708370583148451516e+01 4.865176969211051272e+01 2.871744868007001372e+01 4.539536488264143799e+01 3.089450487864569439e+01 4.241958643385358130e+01 6.228975466756981660e+01 7.188129649588709924e+01 6.052396867389970225e+01 5.232963422498337280e+01 3.768814394162961179e+01 5.711127970658901631e+01 5.021966853246709661e+01 3.479496522559921345e+01 4.835075920128950600e+01 5.832377699532120374e+01 6.820689861975768054e+01 8.818026673083117828e+01 8.734496562693473720e+01 9.554747884740481823e+01
8.589772593009903194e-04 2.000085039434778977e+01 3.574680908099387722e+01 2.192151369448914622e+01 3.663305992412088585e+01 4.620818529481541503e+01 4.700120918232559575e+01 2.692456675144740785e+01 4.700120918232559575e+01 5.063412765850475239e+01 2.940088449660682457e+01 4.475190182028652686e+01 4.079245363344459463e+01 6.236942591472116248e+01 5.979923977114281541e+01 4.330347918212985547e+01 2.330583295556374779e+01 4.330347918212985547e+01 4.440170966088008697e+01 2.445676975007901888e+01 2.545366216742397114e+01 4.539033269942100191e+01 5.903172401225430121e+01 7.051284072137852377e+01 6.364535818223652797e+01 4.404468246493500061e+01 3.302924578983449067e+01 4.796369844114886405e+01 4.647674735326842921e+01 3.095180247851881816e+01 5.021966853246709661e+01 6.234024615935700098e+01 7.632968376959014734e+01 8.646531991969692399e+01 8.414191206221686059e+01 6.760965999641180701e+01 8.414191206221305208e+01
3.158951013565912836e-03 1.943206670259399971e+01 2.950902512585188475e+01 1.423784693637752596e+01 1.636082934196940286e+01 3.396441450531363415e+01 3.284918039695574521e+01 2.078552496807121130e+01 4.065241739729003001e+01 4.391958660812549198e+01 2.300003018808795474e+01 2.379376084780988165e+01 4.421544252118654583e+01 5.643338207030105735e+01 5.186326987788560672e+01 3.169603021168788359e+01 2.015134383378524774e+01 3.592575406919175407e+01 3.662617457733789195e+01 2.038288526928135624e+01 4.033030284019388034e+01 5.362990738664958457e+01 5.934430259448760125e+01 5.949964691172274200e+01 6.704648979477080672e+01 5.819609931492360744e+01 3.960059625679343043e+01 2.868375068791442217e+01 2.719178135684905229e+01 4.647674735326842921e+01 5.840520872009844311e+01 7.309288882862911407e+01 8.071365940342573708e+01 7.254400294747645717e+01 7.595078160861275762e+01 5.609196160576603774e+01 7.595078160861275762e+01
4.111938136589871236e-03 1.661884886174916787e+01 1.369018672108122203e+01 1.936848591313725620e+01 4.612557492416507365e+00 2.434249386198431964e+01 1.313057663032889444e+01 3.284913847187360147e+01 4.896314913133726066e+01 4.790881273077954461e+01 3.481441228257509835e+01 1.472636160120152304e+01 2.646731620561615728e+01 4.752674631000398620e+01 5.976559692038211580e+01 4.838957281133049548e+01 3.592454484380755275e+01 1.593615394053914969e+01 1.667087296947762809e+01 3.662617457733789195e+01 4.857083380800787609e+01 5.426817270832399487e+01 4.163100778163829574e+01 4.178248656955479845e+01 5.934121637116282955e+01 6.621637399894494536e+01 5.567390584165117673e+01 4.387512858044396324e+01 2.457844447866997939e+01 4.389968537204750021e+01 4.523660672838791896e+01 6.484954777672842852e+01 6.926962568076949367e+01 5.268161618370881172e+01 6.000394351314385943e+01 4.897119016884981590e+01 6.892962846342470584e+01
7.351428307265867393e-03 3.812648605426055548e-01 7.552436565459889062e-01 1.129484250828559189e+00 1.503987210005287567e+00 6.103132493222772403e+00 1.999506310999467829e+01 3.900958977243019632e+01 4.795017282650830737e+01 4.026455948892881764e+01 2.189517253604865132e+01 1.053037386191632763e+01 3.095851929624956256e+01 4.829316712104200349e+01 5.223715513675691824e+01 4.709493499814103501e+01 2.718385492878717713e+01 1.302194050581954343e+01 3.303954127396610829e+01 3.646906415850104821e+01 4.141332059690293477e+01 3.935525849615475380e+01 2.855157216197455128e+01 3.832699017368524608e+01 5.537326311084354558e+01 5.960527258616477297e+01 5.140628586991428506e+01 4.200499162601995806e+01 2.267581990546464255e+01 2.951563337497976391e+01 4.058299801515087779e+01 6.010897863784925477e+01 6.035935446648014135e+01 4.105398681882290646e+01 3.994438711487828186e+01 6.000394351314383812e+01 7.081654100773533855e+01
9.944443931579059412e-03 8.062124525872935266e+00 2.219047505301644918e+01 1.685089914313786252e+01 1.983995862134231558e+01 2.036801658689520345e+00 2.213025392255759982e+01 3.088182797591065665e+01 3.675270289482433128e+01 2.262211880240441886e+01 2.481407191755416264e+01 7.371033542542845041e+00 2.086457189590503702e+01 3.365608303078097663e+01 3.357822829010093102e+01 4.753924591372871333e+01 2.651207019102634277e+01 1.110585695886470781e+01 2.854894379466367127e+01 1.746204920521472559e+01 2.952261197863191455e+01 2.090891578189347300e+01 3.935186413346878709e+01 5.087831487263909480e+01 6.239447481206596535e+01 5.140526639341478443e+01 3.198571622245506418e+01 3.767212179275491479e+01 2.088530007642271613e+01 4.019465400441549718e+01 5.701005685931141898e+01 6.834305123743233423e+01 5.213593816631527744e+01 3.205494843276338202e+01 4.594002163783227388e+01 5.420488333377215184e+01 5.092214068220055623e+01
6.062025039522273874e-03 1.834732536675619130e+01 3.108443113219174592e+01 4.013723249637595103e+01 3.010771800654439545e+01 1.207492706789197179e+01 2.570287887806735228e+00 2.263830329403069186e+01 2.891901443249529180e+01 5.293721374540261593e+00 4.705311850447946753e+00 5.079355203429178012e+00 2.501896669461098455e+01 1.665401285764150785e+01 3.253592292790086304e+01 3.981169642331173719e+01 3.346506981814596315e+01 1.772958274460602723e+01 8.435404454039643340e+00 8.835389857270902425e+00 2.311906314682695296e+01 1.608641683785818088e+01 3.505030327861927475e+01 4.755939416844391587e+01 4.712894346267670898e+01 4.066375745157033350e+01 3.522576329723327859e+01 1.841789917914116970e+01 3.049122232132733856e+01 4.612217459616635296e+01 5.218573462625084147e+01 5.440965478678322853e+01 5.995469323052038391e+01 4.006564248964088648e+01 2.588209732908630301e+01 4.041768431456409871e+01 3.672941347924303557e+01
5.865714242623007793e-03 1.475695808784080754e+01 3.668218742507433205e+01 4.744700835567905273e+01 2.817215680267294431e+01 3.060190681884314756e+01 2.246611917618417920e+01 3.104270376092590489e+00 2.317616963952070108e+01 4.173794549051451419e+00 2.426226570406823768e+01 2.209890183314697154e+01 5.616862171455084152e+00 1.925396038993822501e+01 1.986563921895493934e+01 2.615672854421142901e+01 2.692518116912452797e+01 7.883514806787779605e+00 2.595995629336162835e+01 2.119701205770449803e+01 9.404121320402174078e+00 1.960188725457413028e+01 2.397430164133792019e+01 3.067204934769161540e+01 2.886903964099224140e+01 2.678764991168197440e+01 1.603424178088506125e+01 3.523541905960603771e+01 4.423222269721693323e+01 4.564322252062834195e+01 3.177842568111841359e+01 3.402081606460669860e+01 5.439812651358111850e+01 5.158062143359848761e+01 4.006317770182798910e+01 2.033208323152091168e+01 3.723972019710227244e+01
3.580119829443586393e-03 2.000358011327936936e+01 3.647137893191450786e+01 4.648163668943996640e+01 4.744714941207013226e+01 3.591677505862301700e+01 1.561268176054653267e+01 3.263469612053713220e+00 3.618471546852466414e+00 2.238547725722039061e+01 3.074237344003300620e+01 2.215425757524550221e+01 2.578088777415845456e+01 6.162361184775059897e+00 6.553045819974286701e+00 6.943434062185800393e+00 7.332779474869837166e+00 2.702218033534206754e+01 3.196985287405297527e+01 1.222154992010941044e+01 2.986093747748071792e+01 9.990344658173913928e+00 1.040656592416226189e+01 1.082463541973330656e+01 1.620170651526236227e+01 1.361458483202551406e+01 3.218122833924301318e+01 3.395642756921280636e+01 3.239730380408672517e+01 3.319267190589899030e+01 1.725022392876570265e+01 3.774956150937167365e+01 4.649914240774140950e+01 4.240427569898783133e+01 2.470389982115746363e+01 1.678856461005775458e+01 1.723811649801752921e+01
9.038799794707020815e-03 8.174004839319158222e+00 1.817403091381727975e+01 3.231806111672121773e+01 5.235270181629379493e+01 4.507834703252794384e+01 3.268867032712088871e+01 2.410716785084515479e+01 8.259496542169163291e+00 2.077010428308680545e+01 3.943083277088756233e+01 3.043000002785510461e+01 1.044735853648822221e+01 2.877581525452036360e+01 2.203527488303444670e+01 2.673882603335501429e+01 1.247183008530957338e+01 3.138954490273793851e+01 3.427714132218162746e+01 1.422806546640255121e+01 3.427715569810780494e+01 3.556682398926147215e+01 2.974318350502623431e+01 2.422368993707321749e+01 1.141892068677076288e+01 1.184028311686963875e+01 1.227414782226978396e+01 1.270803483762833963e+01 1.315026054969408342e+01 1.359154402826402297e+01 1.403155252090358296e+01 3.411902840627789146e+01 2.843382152247525596e+01 3.559320261725905965e+01 1.615783293911573182e+01 3.624118463617568153e+01 3.146400679693496372e+01
2.154417243255324355e-03 2.000215441724289889e+01 3.131279073252242640e+01 3.795857258731536632e+01 4.610515281537779231e+01 5.564715758490014252e+01 4.042494898118352609e+01 2.168298221004024739e+01 1.440024542327059365e+01 3.545111978432341004e+01 4.910493787348155337e+01 3.518139547411936974e+01 1.357792514496921044e+01 3.519007064973686028e+01 4.561941214842840964e+01 4.164809075317598541e+01 2.669474459290280066e+01 4.169034767410168740e+01 3.562978846697080115e+01 1.625036726346499449e+01 3.627666049876660281e+01 5.239465875509245762e+01 5.037430870520704218e+01 4.172150319701058407e+01 2.654386104919358402e+01 3.294550411752079810e+01 2.823389403377225193e+01 1.484987400024254356e+01 3.313472812686320168e+01 3.368591159364735432e+01 2.029952209144419939e+01 1.465175432006966361e+01 1.508984422804132564e+01 1.552650958131856918e+01 3.561197851210096843e+01 4.451666494940688779e+01 5.184645429875688905e+01
