MOVIE_S2_data/elevation_000807.asc
nrows	100
cellsize	150.0
xllcorner	0
ncols	100
yllcorner	0
NODATA_value	-9999
[rows 0 to 16 of 100, columns 0 to 36 of 100]
4.047028337263018118e-03 1.414618265206808800e+01 3.414618265206737391e+01 5.231594570067509409e+01 4.411241707699838344e+01 3.695182184680712822e+01 4.520777883192775448e+01 6.138839578230474814e+01 6.368065149580252893e+01 7.193919590239313777e+01 7.503005011020403003e+01 8.327376118853803177e+01 8.680963377416217952e+01 9.506261339171302893e+01 8.687273290384764834e+01 7.853091774527651125e+01 8.113727897596236005e+01 8.948307467690791839e+01 9.407937446813825488e+01 8.574349288481525377e+01 8.834725604521972286e+01 9.668755125390659089e+01 1.067289601919942470e+02 9.837184467598555671e+01 9.575768026440559311e+01 1.041098889949885091e+02 9.741075489066683701e+01 8.923417819590783040e+01 9.180781570668196423e+01 9.998204661938979143e+01 9.616937243239625843e+01 8.810551166883546159e+01 8.810551166883546159e+01 8.665807698031295558e+01 9.483778445246967692e+01 9.484718514478299767e+01 9.484718514478299767e+01
9.482596902220898072e-03 2.000948259690186504e+01 3.983460079139196353e+01 4.086379099002600412e+01 2.420018138043872113e+01 1.704403661548439430e+01 3.695182184680712822e+01 4.148820432360074051e+01 4.377439492225980189e+01 6.368065149580252893e+01 5.518185597831334377e+01 7.058502103354088320e+01 6.693862252977166349e+01 8.278782660366060497e+01 7.445070024766503991e+01 5.847720880578747682e+01 6.107754279107037121e+01 8.113727897596236005e+01 8.249600184884236853e+01 6.570602205033762289e+01 6.830445244377808933e+01 8.834725604521972286e+01 9.512762528159692010e+01 7.831160932638346139e+01 7.570547711638927524e+01 9.251383640391887297e+01 8.596332306790948508e+01 6.937038805961297783e+01 7.196371909964101121e+01 8.854361230779561254e+01 8.810551166883546159e+01 6.871006528990037054e+01 6.871006528990037054e+01 6.678902141563179384e+01 8.338692489305449840e+01 7.501462585109000258e+01 7.501462585109000258e+01
3.324160138653916522e-03 1.155032954393106870e+01 3.155032954393071165e+01 2.861547052688399262e+01 1.268911968080357511e+01 3.262771895809009948e+01 2.161340290007412435e+01 2.972327854292328553e+01 4.960480248461114172e+01 5.547996769263521344e+01 4.375254886276229627e+01 5.074549655170340401e+01 7.058502103354088320e+01 7.445070024766503991e+01 5.440718836076668197e+01 4.692758423931396550e+01 6.695290349081203374e+01 7.996957260920726185e+01 7.417485370465028893e+01 5.414262020738267722e+01 6.784010525748162479e+01 8.789147706948351413e+01 8.679006239688557400e+01 6.675122132788440865e+01 6.414558260086919006e+01 8.354300687798176739e+01 7.706652944531877836e+01 5.782919134806209627e+01 6.043061552778490864e+01 8.035082118873270929e+01 8.144978283557190935e+01 7.284040953150463338e+01 5.475621603387415348e+01 5.525221509424309829e+01 7.143176199815106031e+01 6.090067344646016778e+01 7.501462585109000258e+01
6.476169185215582824e-03 2.000647616918486094e+01 2.478728780418541078e+01 8.651830179376018393e+00 2.861547052688399262e+01 4.089218862201725102e+01 4.148820432360074051e+01 2.692273814759367312e+01 3.088796486357905025e+01 3.568580549639096233e+01 5.547996769263521344e+01 7.058502103354088320e+01 7.882521969688612273e+01 7.445070024766502570e+01 5.440718836076667486e+01 4.027378480864127397e+01 5.160024450149139597e+01 7.163556332274669103e+01 6.784010525748162479e+01 4.780780850451999697e+01 6.784010525748162479e+01 7.113172893814645192e+01 7.596488177044857082e+01 6.764910679983383091e+01 5.518825909148324627e+01 7.522063211144964612e+01 6.884988508809975372e+01 4.887090894013054054e+01 6.884988407725276716e+01 8.509442681962664778e+01 7.313900536072435443e+01 5.402916327921280271e+01 4.719267256015791645e+01 4.629263215332203174e+01 5.147169315706136672e+01 6.560532424800344131e+01 8.549802703487999622e+01
5.418514359027011389e-03 2.395873499750711400e+00 4.803567069502798326e+00 2.478728780418541078e+01 2.861547052688399617e+01 4.858070128631250384e+01 5.498471912567071485e+01 4.675125107732441165e+01 4.484317642559930306e+01 4.318754537955014428e+01 5.547996769263522054e+01 7.532558407371834619e+01 8.107927335488984966e+01 6.101818909433513483e+01 5.527679400739479121e+01 3.528588272041873353e+01 5.527679400739479121e+01 7.089055795882475763e+01 6.266778847678137510e+01 4.263639234701628311e+01 6.266778847678122588e+01 5.109761354026495184e+01 6.097168017071549428e+01 4.761682691247890631e+01 6.764910679983383091e+01 7.778448907031449266e+01 5.785375966764114253e+01 4.368110320968335003e+01 5.696031389741309425e+01 7.102765181380350157e+01 7.488987681085890813e+01 5.451180823716832435e+01 4.008103334402034790e+01 6.010829806223149774e+01 7.143176199815106031e+01 7.964497730661500441e+01 8.178992375757576383e+01
5.264502547137648453e-03 2.000526450254678323e+01 1.893492523238635172e+01 1.374256512286147469e+01 2.080608174734186733e+01 2.973996641286726472e+01 4.127663635795168062e+01 6.126372756466810188e+01 6.412395396353403498e+01 6.048263174204034698e+01 5.893921532642443850e+01 7.848238582461652868e+01 7.332903970734442112e+01 6.101818909433513483e+01 4.101124570648498491e+01 3.103000150453956252e+01 4.255703769665532121e+01 6.256812273281110492e+01 5.794634313011784599e+01 3.791725902583996088e+01 5.161259060845834767e+01 3.693682905045587717e+01 4.094062974329119697e+01 5.250462681715880109e+01 7.253789014687218639e+01 7.308717799457794229e+01 5.312954205781994688e+01 3.892825019694365096e+01 4.277755569324281026e+01 6.103984611229910229e+01 6.064145337699959981e+01 5.238804733430737315e+01 3.675856732361793178e+01 4.837267645691954243e+01 6.834940648096876714e+01 8.104140854359691559e+01 7.012201348272330392e+01
5.458922989205592172e-03 2.000545892298885065e+01 3.891614088622654322e+01 3.372265615133002825e+01 4.078696526662348987e+01 4.906628540966522678e+01 5.800423050007930925e+01 6.954456338304203200e+01 6.704027091707287411e+01 7.476488617526122482e+01 7.848238582461652868e+01 7.894453865853296293e+01 5.934744292970690793e+01 4.585956612966393209e+01 3.622904102602441156e+01 2.738165975538693786e+01 4.736602416657665060e+01 5.435618543493403365e+01 5.676706301401150512e+01 5.161259060845817714e+01 3.159039238347915557e+01 5.161259060845862479e+01 6.097168017071549428e+01 6.928318116260962256e+01 8.085867138528215037e+01 7.707828654940053070e+01 5.722114145286715114e+01 5.278835399249089733e+01 3.269056865976406101e+01 5.278835399249089733e+01 4.828551343558225284e+01 3.228981792561395991e+01 4.389646850705213410e+01 6.343412586102643047e+01 7.656712556683741866e+01 7.260053909434267894e+01 5.245014197469777883e+01
8.589772593009903194e-04 2.000085897725894668e+01 2.985357989968445125e+01 3.540028819837021956e+01 4.295872873236599077e+01 5.122978866073135151e+01 6.274423342277844995e+01 6.116911981708786072e+01 4.393475115532993414e+01 5.924374580530755452e+01 5.926441683850573838e+01 6.769586514521600407e+01 7.173895169987747522e+01 5.812691368277165083e+01 4.409652274392429661e+01 2.408892975285212046e+01 4.409652274348130874e+01 3.433318591226189653e+01 3.674077155388800975e+01 4.508818680174436366e+01 2.881989523897112093e+01 3.882201951387658312e+01 5.298181112049921637e+01 7.301707163006608425e+01 7.032021664938054073e+01 7.129814653961322790e+01 5.139033726978091465e+01 3.718418990314581407e+01 2.893147702745789118e+01 4.437548797733829531e+01 2.815742545562651244e+01 4.242000279774271121e+01 6.040893564277072869e+01 7.143467118467432897e+01 7.510517602191316655e+01 7.038352821999936282e+01 5.025118066381462256e+01
3.158951013565912836e-03 4.853871451740205067e+00 9.853871451740127796e+00 1.540087341398581700e+01 2.296016286541871665e+01 3.450715137600994353e+01 5.449849469078351660e+01 5.099076451840105051e+01 3.120106636827103586e+01 3.913094997895009186e+01 3.913131965025666403e+01 5.926058761440121714e+01 6.359483512331758703e+01 4.082196505610642845e+01 2.862387664221478900e+01 2.090968707924130854e+01 3.686255446122895307e+01 2.018638238222425585e+01 2.259940768731790328e+01 2.507885815334164192e+01 3.658962464597654929e+01 5.613301023409161417e+01 6.716097042650858384e+01 6.445513399424069689e+01 5.016460078137010470e+01 6.445513399424069689e+01 6.542568383678180055e+01 5.658571497063090305e+01 4.357314771569944867e+01 2.422684696320148134e+01 4.437548797733829531e+01 5.654924728660144950e+01 7.067849177546017359e+01 6.922336504293069481e+01 5.541171739200900248e+01 6.920554440618485614e+01 5.186314186719741315e+01
4.111938136589871236e-03 2.000411193813615895e+01 2.985357989968362347e+01 3.540027553810776340e+01 3.173069219831163323e+01 5.122978866073135151e+01 5.335744930125043339e+01 4.243831186124849353e+01 2.190209277005111232e+01 2.484505755565813701e+01 4.502185148786973201e+01 5.704637885784174500e+01 6.690783419926852105e+01 5.805998812596759251e+01 4.916889094015112249e+01 3.685854546747455629e+01 1.683031134238450477e+01 3.686255446277868941e+01 4.260633652053983411e+01 3.922156263651633168e+01 5.315090201575156925e+01 6.420810636087711032e+01 7.049880167941167031e+01 5.541003589296576592e+01 3.585202233454731413e+01 5.541003589269052299e+01 5.576603760614872840e+01 4.713619971510588869e+01 4.225224756233087220e+01 2.214357897753323812e+01 3.641997412212503349e+01 5.653470386680550774e+01 6.193296237675379956e+01 5.380909679004464152e+01 4.124812679281065186e+01 6.033164187478404727e+01 4.784039915524005693e+01
7.351428307265867393e-03 8.951623338306344380e+00 2.049862872205498476e+01 4.049862326225339615e+01 5.172814764689397293e+01 6.000369275873264030e+01 4.502124130473364971e+01 2.484505617480534312e+01 1.456873976071851118e+01 2.873495350539290882e+01 2.846878751647031791e+01 4.301377443374713749e+01 5.023851081794062168e+01 4.953858491823363863e+01 5.064610232326965900e+01 2.946329006457751731e+01 1.501575290780404082e+01 2.920106861608265802e+01 4.922023158795132503e+01 5.925077098858629654e+01 5.950152255094082676e+01 5.089497559753502998e+01 4.975276499715099021e+01 4.702716425109527165e+01 2.660097429318242490e+01 4.657476099203265818e+01 4.071632624917919685e+01 2.695024653784058088e+01 3.742025763048522435e+01 2.010663340193142545e+01 4.023836563415238032e+01 5.651047143088160851e+01 5.008811880420716278e+01 3.373933142366405491e+01 3.217376485816715359e+01 5.226194520352589024e+01 4.413092745829599295e+01
9.944443931579059412e-03 2.000994444393122507e+01 3.723585873115392531e+01 4.878275713861702911e+01 4.771135179275596272e+01 5.382550659212891020e+01 5.335568872858397782e+01 4.326756351426026015e+01 2.873495350528060044e+01 8.177134811982822882e+00 1.587301994768709790e+01 3.113448158401008925e+01 3.503699576395056425e+01 3.131384390938283957e+01 3.913294837053185660e+01 3.083940326693291567e+01 1.323659689713963417e+01 2.743610207365373554e+01 4.745493751214155509e+01 5.413510152527903330e+01 4.828443210437669109e+01 3.203030797331404500e+01 3.644632323671061158e+01 4.047914257008709171e+01 2.015802457020216210e+01 3.231863139154784648e+01 1.260418285900596125e+01 1.529596567124727713e+01 1.727194995491834462e+01 3.742025734215532395e+01 4.753555689189802536e+01 3.632032338207226019e+01 3.652972325869743031e+01 2.188604780734235788e+01 3.709589269779169740e+01 3.759664033051949872e+01 3.809135475285213346e+01
6.062025039522273874e-03 1.993165005392248545e+01 3.785143564224240009e+01 4.164854065012174544e+01 2.696275201331583915e+01 3.303987611896366872e+01 4.122878468266240759e+01 3.353484510382283901e+01 2.448744931862720975e+01 4.162135515088511539e+00 4.558617179621853310e+00 1.289296370220812804e+01 1.676517215689819551e+01 3.230349800127392257e+01 2.842447760614585306e+01 1.077811653508389966e+01 3.083940287649852152e+01 4.159740218021081404e+01 5.263710534776915750e+01 3.319955916904793014e+01 3.553091725667516698e+01 2.234502949751356127e+01 3.996646406732388357e+01 3.779973725823644770e+01 1.804434813874415511e+01 1.213984464151421250e+01 1.256801179866182139e+01 3.268592158937980230e+01 3.606131757825774997e+01 3.499298180423049587e+01 3.381771366691043568e+01 3.404444053199898690e+01 1.570082152636610040e+01 1.617918918871351508e+01 1.665855320059111122e+01 1.713769543701729248e+01 1.761707795314166347e+01
5.865714242623007793e-03 1.000428713557784732e+01 2.994133674349727414e+01 3.297749486683139963e+01 1.267547672578552564e+01 2.244052221415849502e+01 2.053508327165338088e+01 1.671999423039079247e+01 3.604632945413763334e+00 9.231810481405599234e+00 2.414107375413587775e+01 5.119704025718355034e+00 2.511115017197047905e+01 9.706115527064541837e+00 8.407999364170095191e+00 2.842446093151349373e+01 3.912888922795198710e+01 5.371666496515688038e+01 3.465565661485969429e+01 3.337752574800679639e+01 1.798402992572206216e+01 1.627236055029334238e+01 3.048125284965172455e+01 3.098435959557194153e+01 1.153774038025011528e+01 3.141745363544105629e+01 3.272459955092432438e+01 1.319417337951982283e+01 1.363974526545104204e+01 1.410005592252094964e+01 1.456159424392642876e+01 1.502328442365070060e+01 3.256364875931284075e+01 3.653242050126100082e+01 3.711397556726271318e+01 3.745163789950922961e+01 3.215902033701156881e+01
3.580119829443586393e-03 1.999934304114232830e+01 3.781614064538142372e+01 2.810754954000836037e+01 9.033002789696984891e+00 2.267383359593230452e+00 2.657538173288316319e+00 3.048073599541723855e+00 8.327167780314340462e+00 2.395954641307322319e+01 2.996988758506031303e+01 1.004060284290487104e+01 5.681345090128818498e+00 6.078398665624748176e+00 2.600818185574565433e+01 3.488243280728114826e+01 4.239458898774185514e+01 3.674728095923273230e+01 3.356733507367363956e+01 1.649374548956905429e+01 9.665470177405278918e+00 1.008811007062170795e+01 1.051231041881389316e+01 1.093673920578207515e+01 2.492516806903993398e+01 3.924037492713607378e+01 3.697572496781790363e+01 2.050472479975675455e+01 1.554338022085519277e+01 3.276707527006790599e+01 3.489983722801530774e+01 2.109030158530853782e+01 1.740089317820151038e+01 1.910140464393371573e+01 3.935594107925786034e+01 4.985013203370883161e+01 5.227879787955823332e+01
9.038799794707020815e-03 1.998456555327897632e+01 2.070060451824793191e+01 2.091242933626872968e+01 1.716580823974575454e+00 7.541893147666287156e+00 2.263151765086371014e+01 4.842721387577928915e+00 9.452786945372855243e+00 2.722410576477300026e+01 3.880233395277276998e+01 1.999063705775746769e+01 1.980904896749635924e+01 2.606575479632251202e+01 6.655052569139112251e+00 2.663248988685852225e+01 2.573955491588928979e+01 1.756974947530239106e+01 8.650383625244053576e+00 9.069704495508036146e+00 2.910180149607447220e+01 3.104412837972259354e+01 2.343143740306191347e+01 1.553691162046627738e+01 3.467175730802603084e+01 4.787487392125579788e+01 4.398180980790942840e+01 3.643080911963095758e+01 3.451848170320440090e+01 1.812372649289100224e+01 3.090461051877277754e+01 4.334203982212871864e+01 3.918639554653055512e+01 3.935595275014540562e+01 2.157257392503298021e+01 3.596973100977711368e+01 5.581804372681740034e+01
2.154417243255324355e-03 3.900836498888609061e-01 7.780858770280366654e-01 1.166307335127623634e+00 2.031388084378493630e+01 2.555613819355893312e+01 1.080554343249898253e+01 3.017567683383386168e+01 1.873515956330588139e+01 3.550908612531066666e+01 4.867473798866593171e+01 4.029606163348419301e+01 3.973274116128830968e+01 2.815799052597322216e+01 6.765697256206552268e+00 7.199653580254421925e+00 7.647997122723292129e+00 8.058389052453019730e+00 1.265970112406167480e+01 2.816929841216108699e+01 3.722668953707965045e+01 4.912806028587517204e+01 4.170827902418293576e+01 2.896681605439806972e+01 3.154655164956439961e+01 5.161722130146973342e+01 4.868803591257602648e+01 3.964530275189477493e+01 2.059506725322805565e+01 3.712715625675903652e+01 4.513840521206032719e+01 5.324509333739253236e+01 5.339900391706319027e+01 3.443335164815237448e+01 2.336727139268482034e+01 4.352179229510747405e+01 5.426169467594163365e+01
