MOVIE_S2_data/elevation_000228.asc
nrows	100
cellsize	150.0
xllcorner	0
ncols	100
yllcorner	0
NODATA_value	-9999
[rows 34 to 50 of 100, columns 0 to 36 of 100]
2.978181695229736945e-03 2.000297818169487485e+01 3.255017907130000054e+01 4.623998108801100670e+01 3.795563510860470302e+01 4.311961444614296823e+01 4.866661883475991601e+01 5.499117857267532372e+01 6.327573624802973029e+01 7.222034025378233935e+01 7.758981344938888469e+01 7.952416675591015860e+01 5.951987442499505931e+01 6.687236537119075308e+01 5.719017096202200889e+01 3.722631697473738654e+01 4.873468190656110721e+01 6.874058941922073984e+01 6.219403169064482739e+01 4.220038705768521226e+01 6.049397025120266846e+01 6.466840990757819441e+01 5.220868503897379753e+01 6.377088547439384314e+01 8.372115138816977264e+01 9.111283549623446731e+01 7.133817289411420859e+01 5.688997358844301999e+01 5.437141996721317838e+01 5.630108885694068022e+01 7.076308185353670410e+01 9.055595325168765442e+01 8.512967999521140428e+01 6.565058320089025301e+01 5.151394014490318796e+01 6.711069747419159626e+01 4.718698620452020975e+01
1.893497408783086870e-03 4.265907824520974501e+00 2.426590782452061745e+01 3.560547717047572291e+01 4.095070200872323340e+01 4.698092890027703561e+01 5.405199671213979684e+01 6.233626794889641332e+01 7.388327332529819103e+01 7.173033176491409790e+01 5.759583314659361264e+01 7.173033176491409790e+01 6.687236537119075308e+01 4.687503825224740694e+01 5.341735598195074886e+01 3.347387488947130407e+01 5.341735598688726583e+01 6.052223624902005383e+01 5.223905762609642522e+01 3.668495600153023872e+01 4.050944590943637991e+01 4.465958499854719577e+01 6.466873354379403338e+01 8.045357688431670340e+01 9.181800394759135031e+01 8.874131670728309018e+01 8.122550419422042012e+01 6.112175318913933353e+01 4.670035965343512885e+01 6.701000553151810379e+01 8.095053765351559605e+01 8.906730661179386743e+01 8.087899258905191857e+01 6.128792043937597356e+01 4.712684750037156078e+01 6.150697722265226020e+01 4.347924801684302309e+01
9.179827644033159914e-03 2.000917982764367764e+01 1.075476466975142031e+01 1.560547717047803751e+01 2.095070200872643085e+01 2.698092890028159729e+01 3.405199671214682411e+01 4.559900209593892839e+01 6.559900209592230169e+01 6.345193439437209548e+01 4.346643968095964539e+01 6.345193439437209548e+01 5.980225230507689105e+01 3.982839789847072609e+01 4.983539375775880842e+01 2.989808789226817609e+01 4.983540001853515378e+01 4.807979537543452864e+01 3.229368853784859539e+01 5.223906780794300175e+01 5.463176483888568669e+01 5.880233878334859554e+01 5.880233878334859554e+01 7.883146333669597539e+01 8.874131670728309018e+01 6.900713453268389230e+01 7.264683785008340067e+01 6.317184323084617859e+01 4.303710570304383509e+01 6.317184323084617859e+01 6.091876732818296603e+01 8.095053765351559605e+01 8.651551218946583788e+01 6.702601262130119153e+01 6.150697722265226020e+01 4.160167523105584308e+01 3.993386902638325608e+01
6.604900230173384179e-03 2.000660490022981719e+01 3.075476466975006318e+01 3.560547717045812277e+01 4.095070200872299182e+01 4.698092890027703561e+01 5.405199671213979684e+01 6.233626794889641332e+01 5.681349070808155233e+01 5.589812741718844080e+01 3.591907563724149099e+01 5.589812741718844080e+01 6.500006229101394695e+01 4.501668899468577223e+01 3.091520811336991770e+01 2.645963706452259601e+01 4.408931265287939993e+01 2.812902501666388133e+01 4.807979537543452864e+01 6.052227954476700944e+01 7.465269004205852355e+01 7.883146333669597539e+01 7.883146333669597539e+01 8.712427660701837340e+01 8.669028578832363507e+01 6.682985125158386097e+01 5.244172984760719203e+01 4.541698969793088025e+01 3.967024019513987554e+01 4.668265438733052974e+01 6.091876732818296603e+01 8.095053765351559605e+01 8.155611144612791463e+01 7.353981766799128650e+01 6.958878469081970763e+01 5.636742093841228751e+01 3.653723536819645545e+01
5.101467937297931264e-03 1.508983418871448556e+01 3.365078598543712474e+01 4.558773530068727808e+01 3.917971091627585878e+01 3.919446651811253446e+01 4.830147510255789456e+01 5.091505323188908250e+01 3.673035964154343702e+01 4.958019650568109427e+01 2.958099395238212281e+01 4.141555625265625196e+01 4.969508821095576678e+01 5.716193389795237323e+01 3.719459482099096448e+01 2.303687562961970059e+01 2.409701261397225736e+01 4.408931265287939993e+01 5.635866832452649078e+01 7.447250831696325690e+01 8.601558904460031840e+01 8.575866081645153827e+01 7.741830132044029256e+01 8.575866081645143879e+01 8.363961991388175932e+01 7.548618456766027407e+01 7.264683785008340067e+01 5.604028045289641113e+01 3.644870799823764429e+01 4.754383874321743519e+01 6.178574631856314170e+01 8.179607423011984224e+01 7.353981766799128650e+01 5.384390754466294737e+01 5.961270605814510759e+01 5.390781439067805536e+01 3.413763646866624413e+01
5.600358222118538565e-03 3.052532337882198021e+00 3.138147969027817297e+01 2.443542544389546478e+01 1.834214968849653715e+01 1.836826467282831388e+01 3.841020675444336518e+01 4.060836267905089159e+01 2.245652987157245661e+01 4.085344580657127977e+01 3.453495297716349199e+01 2.135549445100588173e+01 4.141555625265625196e+01 4.593753174396679384e+01 3.766177737540051851e+01 2.017675269130691973e+01 4.024150076269017973e+01 5.236504449750266588e+01 4.620497226044919614e+01 5.774093120213529318e+01 7.774219736973056172e+01 7.555502549862583805e+01 5.689842191249557857e+01 7.555502549862583805e+01 7.548618456766027407e+01 5.547094584321464339e+01 6.133327353853714925e+01 5.334937628055300252e+01 3.398117233043051755e+01 4.749431685405413361e+01 6.748474015650690205e+01 7.485194933980062615e+01 6.680398281088237411e+01 5.961270605814510759e+01 3.981216354961938464e+01 4.902887089540841004e+01 3.201618563942468398e+01
4.575904209876861112e-03 3.431215885113818587e-01 2.157830342252644940e+01 2.138783024095234353e+01 6.615540666177341933e+00 2.309126178524830664e+01 3.682778431529595053e+01 3.134624457749893978e+01 1.249481223751061876e+01 2.833573115188384506e+01 1.444728673780472228e+01 3.453468807947496799e+01 4.968486909304065335e+01 3.766004149468841433e+01 1.754701562568132545e+01 3.766179252050660864e+01 2.781744137187534704e+01 3.359418063663522247e+01 4.355899825035653805e+01 5.768682336277283440e+01 7.768788351786318458e+01 6.715836161646795688e+01 4.646823896193108538e+01 6.715836161646795688e+01 7.312732518817387017e+01 5.324292934643104047e+01 4.151605842436388372e+01 5.078417729975577544e+01 3.158702206441293470e+01 4.496309718972930369e+01 6.483750784909518927e+01 6.350397918423216481e+01 4.705521284232604984e+01 5.462068366705754840e+01 4.648823085589114612e+01 2.934870093885884046e+01 4.902246258208887753e+01
4.658155261040713979e-03 7.292403276888502539e+00 8.220346850226734059e-01 1.160774442304796317e+00 7.196134407116870690e+00 2.018253047327356242e+01 2.282246984547337831e+01 1.543181146750957389e+01 6.756393846091888200e+00 8.417742430513571961e+00 2.833573115188384506e+01 4.282107540430533987e+01 5.001119926815580641e+01 3.000992309301969385e+01 1.573457386646945899e+01 3.586977046624728160e+01 4.779067256482473169e+01 5.355199825081761134e+01 6.183088188120492390e+01 7.182410686871138239e+01 6.984919876405915318e+01 6.026165406495563559e+01 3.951063281596066190e+01 6.026165406495563559e+01 6.731498991142584032e+01 4.741408780564704273e+01 3.385561553655360001e+01 4.497615283391731111e+01 2.922587361050709731e+01 4.254109301962049727e+01 6.229335608573251903e+01 5.540202515277445627e+01 3.565137255509029046e+01 4.399898055995863189e+01 2.680844653732280136e+01 4.648110595113691801e+01 4.323709651629953044e+01
5.330849696878311485e-03 1.249367091873426361e+01 1.783597521407588360e+01 2.022322751202946023e+01 1.640788976995751547e+00 1.980356545858863226e+00 2.320216836932789573e+00 2.660271177886666116e+00 3.000517738863991202e+00 7.361338276065521491e+00 2.638683261326732321e+01 4.520122821167244354e+01 3.760655708599713165e+01 3.167022700243130373e+01 1.396338614721494231e+01 2.302375902901439986e+01 3.462104549168431333e+01 4.875183304674730067e+01 6.873528065195250747e+01 6.373791441059321272e+01 4.924259527673726922e+01 5.427135021292222916e+01 3.354448019497071698e+01 4.822525387922758000e+01 6.886791808039947682e+01 5.882875640516154192e+01 3.923801964224601591e+01 2.589664727857622495e+01 4.497615283396685015e+01 5.652260978433481853e+01 6.201239379176939082e+01 5.390980447900960826e+01 4.399898048000349604e+01 2.427111630598869141e+01 4.399898055995863189e+01 5.461767686024712276e+01 6.302076168814260626e+01
9.384206039104543359e-03 5.602612536168966706e+00 1.771092264544398276e+01 2.770079701069563072e+01 2.204510590008731441e+01 1.055000885597812221e+01 1.280828538483127055e+01 2.257148589182790133e+01 2.300518651894607913e+01 3.484318378460232957e+00 2.177902665846736596e+01 3.642569578112887285e+01 1.936969111581784020e+01 1.154365730022160896e+01 2.579951422737040900e+01 4.236282427696758646e+01 5.134121837270379274e+01 5.762145175219752247e+01 6.341523076826747740e+01 5.527812474532004927e+01 3.459856777080144496e+01 4.219922687563479968e+01 2.841841521531865666e+01 4.908963270747240415e+01 5.978110587824725286e+01 5.160258546398097934e+01 4.285631339239893123e+01 2.368836782010234288e+01 3.714164090083678360e+01 5.665275322604878738e+01 5.390980443581032944e+01 3.415934218880718021e+01 3.994411860398063396e+01 2.251022138432233888e+01 3.242873498637284513e+01 4.639304994794973425e+01 6.612875392206365177e+01
9.768314284573654735e-03 2.000963951128360563e+01 1.380551760830222996e+01 3.218676397678314061e+01 3.583131461226872005e+01 2.388988481553536403e+01 2.991714684163640925e+01 3.364834384826380642e+01 2.373190599169620185e+01 3.826464991473552235e+00 2.381719957769054830e+01 2.695587600179429799e+01 9.199031800296394223e+00 2.929017596260534972e+01 3.994810021735024463e+01 5.403194028930555248e+01 5.124088287974488054e+01 3.671890250182423898e+01 4.284048786478785331e+01 4.509964584581309310e+01 3.659004200622229774e+01 2.158974497649361624e+01 3.614457889191892548e+01 5.681644015303599105e+01 5.160258549298411168e+01 3.217179955388667167e+01 3.786294499912014544e+01 2.144701375419117184e+01 4.077735680911968785e+01 5.798865827363825076e+01 4.571322911010865653e+01 3.763964501323483347e+01 2.005312130539204674e+01 3.993330945395516096e+01 5.041799955173089387e+01 6.028704311009949635e+01 6.281575976854188070e+01
9.313476842122882932e-03 2.000931347684176842e+01 3.248641530691632795e+01 2.355304218579496123e+01 4.274380478523708859e+01 4.645952596621798136e+01 4.059603623865658051e+01 2.058026084370148112e+01 7.796119539540326215e+00 4.168662176202357017e+00 1.907722029585295331e+01 6.918878894148889458e+00 2.688779324155312622e+01 3.582162206951414873e+01 3.957018676252563694e+01 4.041592641833921817e+01 3.323148956177546154e+01 2.108615144568321398e+01 4.275047893715711211e+01 3.658943743480359956e+01 1.590000506840784489e+01 3.528476883914333939e+01 3.946264808123945045e+01 4.635965988180883812e+01 4.281736348813403481e+01 3.501723632530023878e+01 1.814893863959215281e+01 3.786228596853732853e+01 4.867840228842748473e+01 4.801506003145145485e+01 2.995521586151971505e+01 1.765841645590624864e+01 3.763894997504066708e+01 4.805582487421142446e+01 5.055788007180944277e+01 4.968913322500446839e+01 4.085774047239658557e+01
1.757287057980242524e-03 2.000175728705762523e+01 3.584551524465421579e+01 4.274380478523708859e+01 3.690019545504704013e+01 5.684783684922248170e+01 4.059603623867089084e+01 2.058026084370148112e+01 2.643775323711762582e+01 2.381391083067556025e+01 4.652944081250031338e+00 2.349592036297740805e+01 9.585340892949627545e+00 2.451219366606612127e+01 2.317256817046636286e+01 2.662356358718001559e+01 7.234274721029033017e+00 2.243629485298088255e+01 3.676672642551997683e+01 3.266636545844216499e+01 1.659780035364298101e+01 1.011651040078913333e+01 2.255582371923746265e+01 3.787709484734475041e+01 3.417187534371829827e+01 1.475240532166762364e+01 3.500552467563488790e+01 4.592253913813178201e+01 4.332590081081884392e+01 3.379208037850766289e+01 2.907095727114575823e+01 1.602037017059563695e+01 3.661573372348642152e+01 4.237052923475555843e+01 3.128241223982178809e+01 1.895392133647499122e+01 2.680607106209506441e+01
1.954507115700021471e-03 7.561243967300277369e+00 2.170337959103148151e+01 4.170337959112913495e+01 5.684783684905790579e+01 6.530141566255885266e+01 4.887655017384125955e+01 4.059603623867129585e+01 3.237153657232745729e+01 1.212214878561018416e+01 6.468298963387518086e+00 5.148243275441912736e+00 5.497431150122912058e+00 2.010908286417149071e+01 1.284652842741308554e+01 6.822856074869356746e+00 7.168340376446082907e+00 2.395044948069903512e+01 2.991474937457619632e+01 1.425146501208445748e+01 9.111866527272615812e+00 9.467699303825218848e+00 2.626600901819372424e+01 2.945801661516815528e+01 1.186441113640448108e+01 1.511439070216500546e+01 2.907719298515442929e+01 4.999791437342977929e+01 3.515801341763904730e+01 1.384883160943399893e+01 1.374243609138180133e+01 2.988177472251803124e+01 3.369208662425686640e+01 1.527036439879956120e+01 1.566988352558890263e+01 1.607003565189231509e+01 3.175551018503785627e+01
9.499524778340364892e-03 2.000949952477798632e+01 2.389117558585543932e+01 3.803331120959018818e+01 5.803331121266651849e+01 6.613983385471802023e+01 4.599462174841966799e+01 3.181642836490983584e+01 2.175455006079256748e+01 2.636563263462840823e+01 2.920190579890868321e+01 1.889992772833221935e+01 1.489497285692571715e+01 5.987842444788743279e+00 6.333741161667693298e+00 2.237904924920812988e+01 2.568875513818147382e+01 7.656136015849492438e+00 2.133978569585864093e+01 8.620507160392831381e+00 2.499960455904673040e+01 1.480225918616110192e+01 9.979480703271789821e+00 1.034270122111522205e+01 1.070669020692702311e+01 2.507295283487320958e+01 3.277630376551887537e+01 3.917029023707341651e+01 3.261416371892885024e+01 1.320465899452761960e+01 3.332941660096275172e+01 1.430341613961764224e+01 1.470402374951441082e+01 1.913400423140314288e+01 3.210696489333304271e+01 3.578875038047887358e+01 1.664011287532577299e+01
7.291241591682445615e-03 2.000729124159132866e+01 3.584464745763911964e+01 4.478891936763843518e+01 5.633592475143115053e+01 6.530739098587085323e+01 6.027858972600999721e+01 5.020625173852323542e+01 3.336777856065706516e+01 4.648876640343722499e+01 4.417050480007792146e+01 3.216706892481580837e+01 1.220786998361969111e+01 1.182758541012202969e+01 9.410655288115393091e+00 3.108890673309560881e+01 2.300637885345682676e+01 8.140364795066021841e+00 8.137724358441355221e+00 8.954246104300072062e+00 2.619780349259439234e+01 2.006850250040244177e+01 3.096786091698842824e+01 2.664864888356006389e+01 2.918416825102122303e+01 1.123199804261705381e+01 2.578375203763346235e+01 3.127347201859619119e+01 1.266070389233283144e+01 2.441469708473062283e+01 4.019059098526098239e+01 3.700529488502856168e+01 3.343800302329027119e+01 2.261543911647714111e+01 3.300421666982541069e+01 4.235401170058119646e+01 3.091341806499233513e+01
1.086749991637594439e-03 7.560376210176214862e+00 1.650464812017553129e+01 2.805165350396825019e+01 4.805165350396895718e+01 4.530739098586809632e+01 5.944952661256029103e+01 6.210965445495178017e+01 5.348484339370838825e+01 5.334910987471253918e+01 3.390049652450640849e+01 1.940092884264392126e+01 2.665257970409051325e+01 3.001597854109567365e+01 1.302946818244357274e+01 3.447695227503047022e+01 3.131306964776394253e+01 1.098143161073612539e+01 3.020335534966727309e+01 3.940857810573734099e+01 4.200348969973244806e+01 3.712874856509415622e+01 3.272998219893717931e+01 4.867164366993914371e+01 4.224343214443467787e+01 3.215065458511723051e+01 1.175676614926151942e+01 1.212750059167527539e+01 3.175784609012276860e+01 1.557782202080008993e+01 3.561545121721282214e+01 4.679179879062620984e+01 5.234852146433378550e+01 3.719161163759758182e+01 3.876966903185791580e+01 4.420368721721821004e+01 2.375868213273791341e+01
