MOVIE_S2_data/elevation_000140.asc
nrows	100
cellsize	150.0
xllcorner	0
ncols	100
yllcorner	0
NODATA_value	-9999
[rows 68 to 84 of 100, columns 37 to 73 of 100]
5.120956814922459444e+01 7.142859114949655464e+01 6.742527824173019724e+01 5.312036547967418443e+01 6.069150449795470337e+01 7.066118733820013631e+01 9.051231138175684521e+01 9.243063794291538215e+01 7.246770015802752596e+01 5.820651290627664309e+01 7.042762575472760034e+01 5.599179549013859969e+01 7.612103424388183726e+01 8.835779362823375038e+01 9.465889229131856553e+01 1.021606052485569620e+02 1.103238093936187738e+02 1.156422017111451055e+02 1.074619303096833249e+02 1.100319666147320277e+02 1.182078533755948797e+02 1.151707354522526572e+02 1.069855256100093470e+02 1.044061775954188391e+02 1.125949516384869185e+02 1.141654654087747218e+02 9.409322154683312078e+01 8.216886800069674734e+01 7.802802024483605692e+01 9.855123576072611513e+01 1.042936886057421049e+02 1.082273583071418415e+02 8.781739192400917204e+01 1.014240361794309564e+02 1.197006861586288693e+02 1.126339940274807532e+02 9.284904935970165241e+01
6.570978795173800791e+01 6.205521453830392176e+01 4.733233971835859677e+01 6.742527824173019724e+01 8.058674935997844102e+01 8.876712686890223836e+01 9.866959401438138855e+01 9.729640894967978682e+01 7.737121306484615957e+01 7.042762575472313813e+01 5.028483414983735145e+01 7.042762575472760034e+01 8.415324967583362081e+01 7.855107186004099162e+01 8.522852283602463785e+01 9.342868326274596313e+01 1.033628266864355254e+02 1.041505165454083368e+02 8.749343677037946065e+01 9.009317971522185076e+01 1.100319666147320277e+02 1.069855256100093470e+02 8.699874568785072881e+01 8.439250223633463577e+01 9.971753688249215486e+01 1.076154970140264311e+02 1.054039865365831190e+02 9.079418942380792146e+01 7.015566882672221993e+01 8.581232126973142726e+01 8.380502429364192096e+01 9.413270496849700919e+01 8.080115408406727795e+01 9.128476259631017342e+01 1.115631026081866679e+02 1.107569628015905892e+02 9.864392477564439332e+01
5.922791532196185216e+01 4.164909463713645721e+01 6.205521453830392176e+01 7.178922217090331515e+01 8.314976569573985898e+01 9.440693663925816281e+01 1.023777449318438357e+02 9.180003875052669571e+01 7.737121306484908700e+01 5.726783800016082182e+01 4.719584249235193596e+01 6.731952553250592075e+01 6.411693515777908203e+01 5.846287469933576375e+01 6.519616990807369916e+01 7.526482596575301898e+01 9.519221970629631357e+01 9.593311518945492367e+01 7.581724093545042820e+01 9.296242521569560324e+01 1.011937388344168767e+02 9.905690952908636859e+01 9.285273799296780339e+01 7.269445832624204229e+01 8.018890358480705061e+01 9.971753688249215486e+01 9.713009038123702510e+01 7.658776905744987573e+01 6.483247460252445649e+01 6.509301400007055349e+01 6.905417307437251395e+01 7.338262957075463078e+01 8.548218525184876171e+01 1.059401247521130784e+02 1.197006861586288693e+02 1.025423627689353623e+02 8.276806459448700082e+01
4.474852399732709074e+01 3.771893959297997156e+01 4.333846144818476631e+01 5.519500807277761822e+01 7.510800639158793501e+01 7.475570490868244633e+01 9.440693663925816281e+01 8.359420158729130890e+01 6.354757884931111533e+01 5.189714128439574381e+01 4.431893984780685258e+01 6.264029394580450827e+01 4.986993637429538495e+01 6.998543581013075254e+01 8.522852283602463785e+01 9.342868326274596313e+01 1.033628266864355254e+02 8.957191721263548345e+01 6.939088146783160482e+01 7.281985277619556030e+01 8.961014835730672701e+01 7.898427198088161560e+01 7.898427198089096635e+01 6.591826587415920358e+01 8.036851460094705146e+01 1.009840770558862602e+02 9.495124607948568496e+01 7.433189713273355892e+01 5.973100629891965951e+01 8.037116461558561298e+01 8.980601513320135609e+01 9.413270315930073195e+01 1.024267191874154008e+02 1.140975912184961345e+02 1.223550722965569406e+02 1.025423626041287690e+02 1.019060618056930849e+02
3.320558130951732778e+01 4.820356710416803736e+01 6.363140376384121311e+01 5.306903573099473448e+01 6.067867654666702748e+01 8.042264685891129261e+01 8.125205201125928056e+01 8.834176800533377616e+01 6.834976113797060293e+01 6.173051240644230120e+01 4.166112690529404716e+01 4.256386408456788928e+01 5.675981662152980789e+01 7.683702205529093021e+01 8.514389694522972718e+01 8.514259180387058734e+01 9.331725237031436393e+01 9.295825361209850257e+01 7.281984395647580754e+01 6.111222211652670921e+01 7.509272148362144605e+01 7.314687681615885140e+01 5.876294194658996162e+01 7.046131993429270324e+01 9.062684099178083841e+01 9.416697500000144316e+01 8.580021915952987399e+01 7.750888840488435960e+01 5.693524054659322076e+01 7.750888886074196193e+01 8.670996097356031385e+01 9.403373550978982109e+01 1.023666531784500933e+02 1.140849459312668301e+02 1.235383712139525585e+02 1.084784552654526379e+02 1.002570380307500244e+02
5.100544665615902318e+01 6.243759251491746909e+01 7.667411423264351811e+01 7.306718682784440944e+01 8.051132098861367581e+01 7.509562430053486537e+01 6.066191787754715392e+01 7.517460976778596660e+01 8.834176800533377616e+01 7.001714757321281013e+01 5.803469739567882613e+01 3.799903564755186380e+01 5.215415016634190692e+01 7.224026209209382898e+01 6.520911692257313064e+01 6.520910403830480107e+01 8.514104102579490529e+01 1.011503365101608125e+02 8.960036977598072383e+01 7.509116707020056936e+01 5.491255635606885477e+01 5.298736356080824805e+01 7.314687681660663543e+01 8.726919351339870445e+01 9.886491101522250347e+01 8.580021961758053806e+01 6.521668552335115976e+01 7.124546236675926991e+01 5.424222441421456153e+01 5.982754817485071186e+01 6.599189474837163516e+01 7.331897294180973290e+01 8.538111644780532572e+01 1.058534330473990508e+02 1.037098187554924351e+02 1.002570380307500244e+02 8.037561140647004265e+01
4.622827164417682866e+01 5.357986037080080877e+01 6.199785026579050395e+01 7.223236068920502362e+01 7.272361022008837494e+01 6.427747658757671445e+01 4.642739025367599481e+01 6.598194229277393674e+01 7.726414737385164244e+01 7.001368904519995340e+01 4.994339974990114683e+01 3.579856666915399188e+01 5.582213315823015876e+01 6.287965396736785806e+01 5.103936493851202272e+01 6.106513052581792067e+01 7.521358512905017335e+01 9.507423758972508665e+01 9.468174409026275384e+01 7.460187924935330273e+01 6.926717668446330833e+01 4.918956109369801055e+01 6.073720848056365895e+01 7.503100881263716815e+01 9.513499470140773440e+01 8.558450486988837724e+01 6.519899685698746339e+01 5.087681728636416523e+01 7.122400345089266693e+01 8.042046437066598230e+01 8.669629306413750669e+01 9.403373554768387521e+01 1.023666566003440010e+02 1.095174673094631146e+02 8.951711127164027459e+01 9.537507992897461406e+01 8.619874644505893002e+01
2.563607171272250440e+01 3.279639532560041459e+01 4.337151824785215837e+01 6.380066492515960164e+01 6.427598948679758450e+01 4.409354471268905229e+01 3.748489500421798226e+01 4.652710459566761614e+01 6.755901456263283933e+01 7.200993234452735692e+01 5.366294201449132117e+01 3.364701860814531642e+01 5.366294157619713445e+01 4.287658091346661138e+01 6.287965396736785806e+01 7.926760986283935040e+01 8.922287735791617536e+01 8.433852865405765442e+01 7.605866696852660880e+01 7.129737484098997413e+01 5.448884528870508603e+01 4.657049467027910339e+01 5.544231818214801422e+01 6.707537285188375620e+01 8.724048302057869364e+01 8.414363551770365746e+01 6.297604406409842426e+01 4.866413562221003986e+01 6.567589643475355388e+01 6.574411966317421729e+01 8.595740801776398143e+01 7.889075344297501147e+01 8.727838401842899430e+01 9.749688290900296295e+01 9.537507992897450038e+01 7.527392955457803225e+01 8.532450474177669264e+01
2.399290264760134050e+01 4.457959688557616573e+01 6.198594353166863158e+01 7.210487185860718284e+01 6.450339462329276330e+01 5.000450853964265718e+01 2.993710394031780453e+01 4.991405369172978368e+01 6.750533946432643972e+01 5.310877192770946920e+01 5.154126372647854026e+01 3.153024116446232838e+01 3.559401219812675521e+01 4.451136302707302406e+01 5.856497531716062355e+01 7.820022610195881896e+01 8.977982075541167717e+01 6.969100909989937520e+01 5.598256381458030262e+01 5.966670462870457925e+01 4.305219682885950050e+01 5.293650693535634133e+01 7.304263268382119634e+01 8.389095147143117970e+01 9.549206628359162607e+01 8.984376909148357981e+01 6.900601342068235056e+01 6.579257239857419393e+01 4.563953828750845787e+01 6.278831757528529778e+01 6.862610058254931289e+01 5.837448792980487156e+01 6.859460347667605618e+01 8.918690340927459204e+01 1.036230689430251601e+02 8.532450474177669264e+01 6.542451415412135418e+01
4.170557867945006336e+01 5.297326141798343002e+01 7.033637567541894953e+01 6.610859469796393739e+01 5.033467390414657672e+01 3.605197984823703905e+01 2.508675985118478025e+01 4.510962590460044197e+01 5.914804394050924685e+01 3.935297056134957216e+01 4.554590791069104228e+01 2.943495155880465575e+01 4.112028168529325711e+01 6.194737654542293370e+01 6.412967840614551562e+01 8.316766003410909036e+01 8.162134035377013674e+01 6.969100909989961679e+01 4.964173686948398512e+01 3.977508472828262143e+01 5.966670462870457925e+01 7.129660563375753668e+01 7.304263601946003348e+01 9.313365719929281283e+01 8.936527787483558427e+01 8.089289475059959500e+01 8.604007651482076824e+01 6.575719061909865104e+01 6.278831483261782864e+01 4.272732938834788996e+01 4.837835733490965140e+01 6.863262091529843190e+01 8.727838401842899430e+01 9.749688290714790639e+01 9.426117873621265630e+01 9.360013456358656470e+01 8.532450474177177568e+01
4.759435422342547639e+01 5.131526837837169097e+01 4.772060343144439543e+01 4.722297269476049308e+01 4.193675499676108842e+01 2.269908020684161443e+01 2.053126241660316609e+01 3.969623242773086247e+01 4.900157933061095861e+01 4.430698532647369348e+01 2.681721919960561351e+01 4.680954227089821273e+01 5.769973398503593387e+01 7.055582991704075368e+01 6.411795377278916419e+01 7.293829129039080783e+01 6.156223810482588021e+01 6.156223810482588021e+01 5.448930682716313356e+01 3.758848678104612162e+01 4.746255798456803632e+01 6.158489516744843684e+01 8.170355054186660482e+01 8.999674015870193955e+01 7.737130856469688922e+01 5.998733519947711557e+01 7.737039450360123283e+01 6.651935394261771251e+01 5.810442194457163367e+01 4.080432825915841022e+01 6.083041776083690166e+01 7.705930772093522307e+01 8.509563245946348786e+01 8.841052738415457668e+01 7.432039477032736841e+01 8.841052738179189419e+01 9.126546816729434397e+01
3.517300462861187071e+01 2.393082527910522472e+01 4.368693662263450506e+01 3.414386616559662713e+01 3.521837534979632522e+01 1.990496851352562402e+01 3.986200148656077857e+01 2.116261575510468518e+01 4.116115596644286967e+01 2.428891401130524130e+01 4.430698906833427486e+01 5.509390569018745509e+01 5.804017201554952265e+01 5.910320690852234549e+01 4.276891498401626990e+01 5.998107683983604232e+01 5.839482292770166083e+01 4.161574506576181420e+01 3.460800487574851303e+01 4.862851609921971630e+01 5.763437104354751028e+01 7.577795565330559668e+01 8.406666961603345101e+01 6.987124473667846303e+01 6.882305379483247521e+01 4.821405193215188945e+01 5.780707493503754080e+01 5.543145293733805801e+01 3.811068972782682351e+01 5.810313114208489083e+01 6.909030843440709191e+01 6.523382303836508811e+01 6.523382293398982767e+01 7.939347689730962543e+01 5.989548795648215673e+01 7.939348104746215995e+01 8.630836859734711197e+01
1.710429553519458423e+01 2.104091515316006422e+01 3.500168511350321410e+01 3.596040475551831861e+01 1.927610542572512387e+01 3.921611071718022146e+01 4.812547568170307954e+01 4.115312281194434263e+01 2.180038087737618469e+01 4.179614378245929629e+01 4.804568768180180882e+01 4.382008571446267808e+01 3.844324222735247076e+01 4.480672094723571774e+01 3.247132243488952952e+01 5.086639806034077793e+01 4.871301375817068902e+01 3.169838722517357610e+01 5.158899158529389695e+01 6.277422397707392321e+01 7.688557414761369557e+01 8.696679201631199874e+01 7.576586587105404647e+01 5.566906114190508958e+01 6.305553054338619035e+01 5.780553466416967723e+01 3.851725346112739601e+01 3.546150380671534208e+01 5.535500351005217823e+01 5.682699066119295850e+01 5.746066781073693619e+01 4.698571542172570759e+01 6.476781877541846200e+01 7.088381406020242537e+01 5.019419853702959955e+01 7.088410868249535213e+01 7.197681348037207272e+01
2.727876193540731009e+01 1.774304553918655003e+01 1.819339184012394384e+01 1.864237029826221104e+01 3.857673139109292748e+01 2.989894177373245299e+01 4.988047883070020561e+01 4.932452811186706754e+01 2.836244471999300387e+01 2.246995099096319137e+01 3.743943679047576722e+01 2.386956028176449962e+01 2.438141107387192008e+01 2.489450486241728200e+01 2.540881818655348212e+01 4.533615751861179888e+01 2.890270037766776667e+01 4.880467026162389033e+01 5.987207789398772206e+01 7.575158306031808308e+01 7.946271782968399577e+01 7.253826977889572447e+01 7.712149894668898753e+01 5.703875793462262322e+01 4.311071105831154426e+01 5.359216112680450550e+01 3.461801456900673202e+01 5.316561343526171157e+01 3.635184600473210992e+01 3.698246671111994033e+01 3.761580847662808935e+01 3.825149157016348056e+01 5.809531101861387725e+01 5.963835653003208392e+01 4.425931489658558604e+01 6.431620125319447823e+01 6.293089892075908409e+01
2.853665292789194652e+01 4.052842542411180204e+01 3.710045093893458557e+01 2.028462154729373523e+01 4.093316500953189063e+01 3.989075522564447596e+01 5.810782589722925451e+01 5.491336166343443637e+01 3.681964244212655046e+01 2.491484175024454117e+01 2.314751836814138741e+01 4.311430296208599344e+01 4.417489041351728218e+01 4.453950786623706648e+01 4.529390255034719104e+01 2.613936074274472077e+01 4.602999401617798014e+01 5.498642612960220788e+01 6.837828090238816969e+01 5.453607056005898102e+01 6.787312951139021777e+01 5.317641595296797163e+01 6.914035954289828112e+01 6.229338740349911063e+01 4.336739139977687785e+01 3.377704782158716768e+01 5.365285749606749022e+01 6.159853914894031135e+01 5.619547084909856949e+01 4.839381941157220268e+01 5.746066779915683043e+01 5.365495383708453403e+01 3.915623883399626237e+01 3.980196940738888145e+01 4.044892709388131635e+01 6.028248086263824490e+01 6.186211940712028223e+01
4.728244139131351886e+01 5.308978252338159365e+01 4.503881985750205530e+01 2.462782967795068600e+01 4.519285524202956594e+01 5.982087604055927699e+01 5.973150495161166873e+01 6.412371882385491517e+01 5.375666183990613689e+01 4.826373480487635703e+01 4.339749300338763760e+01 2.522141235782150659e+01 3.421745347540107929e+01 5.443439129719906333e+01 5.418282516397480464e+01 4.024814338213111853e+01 2.689650106098435600e+01 4.375772927814950464e+01 5.560284001761599626e+01 3.873403613010417246e+01 5.123968720851051017e+01 4.274726789691947459e+01 5.705091499220351636e+01 5.203440472102204950e+01 5.222880192556507950e+01 3.318433666384562031e+01 4.203276775633085549e+01 5.349378742814483445e+01 7.357338816274453563e+01 6.248238119867156826e+01 6.644402467524679423e+01 4.658065774786585678e+01 5.899649719499496570e+01 5.963870196946981395e+01 5.741425028085247106e+01 4.137003775493102609e+01 4.202677510451110265e+01
6.150652544370389307e+01 6.632947268401331087e+01 4.970902471006179013e+01 2.951584064335670377e+01 4.376387313880574936e+01 6.407293263616219292e+01 7.913776471835647897e+01 6.999916975724894996e+01 4.976073095947700153e+01 4.756364764101618903e+01 2.734110821728635798e+01 4.546733130915551158e+01 4.547026019319484647e+01 5.086984528209688250e+01 6.841303041712133393e+01 5.507680994520235629e+01 4.681784579429758963e+01 2.765215972680212886e+01 4.743820812411321697e+01 2.916055290512795395e+01 3.692394736957262324e+01 4.929564247156127976e+01 3.124937182300255500e+01 3.179877529136809144e+01 3.234749648481351159e+01 4.400313440497003370e+01 5.961701887676642997e+01 7.023924005478338017e+01 8.183959702999382557e+01 8.250599562877610538e+01 7.220968019688599782e+01 5.223686407001719800e+01 7.220967961296052806e+01 6.803133533908054176e+01 4.808783134409607385e+01 6.119931330157576355e+01 5.451942538754144607e+01
