MOVIE_S2_data/elevation_000763.asc
nrows	100
cellsize	150.0
xllcorner	0
ncols	100
yllcorner	0
NODATA_value	-9999
[rows 68 to 84 of 100, columns 37 to 73 of 100]
9.384788446868419953e+01 1.080723277759210248e+02 1.009819862448924681e+02 9.266821899010878383e+01 7.853571852948617504e+01 8.272738981452154405e+01 1.029151374311599625e+02 1.073885473202191605e+02 9.320951408518375558e+01 1.073885473203440455e+02 1.182637974912720722e+02 1.160744588833212561e+02 1.177178210036156827e+02 1.168380078162162050e+02 1.247923615945411484e+02 1.138954788182554836e+02 9.701644952040753367e+01 1.070715764773835588e+02 8.916568600765405961e+01 1.070715764773835588e+02 1.082851883401216355e+02 1.000770740305497952e+02 9.555982478534136249e+01 7.591053557751808967e+01 9.555982478556919091e+01 1.100089410483220149e+02 1.183180633319071973e+02 1.298473687850685394e+02 1.210925710515494274e+02 1.068063416346505790e+02 1.210925710515494274e+02 1.185672624124657943e+02 9.836625561937120210e+01 8.416255996668155603e+01 9.606886091981107256e+01 7.773664863451737972e+01 8.702796894575971010e+01
7.954002423860579540e+01 9.975036122399802707e+01 8.933455714095637745e+01 7.245172812500381099e+01 6.841606389994014137e+01 7.746663331958271215e+01 8.915801854909756230e+01 1.093209717195223618e+02 1.132953463495173025e+02 1.182637974912720722e+02 9.827542601366575070e+01 9.609016722141005573e+01 9.788824762174782279e+01 9.771862575494490954e+01 1.160814501997819832e+02 1.264974002317750887e+02 1.177931686324197216e+02 1.168646331583902764e+02 1.085488881749453896e+02 1.168646331583902764e+02 1.173863300711694109e+02 9.769115257495153060e+01 8.645488473750106095e+01 9.555982478556919091e+01 8.341186313984538003e+01 9.034844683263919762e+01 1.016064533361357576e+02 1.214869527181550097e+02 1.302198215610001739e+02 1.270544811232570765e+02 1.313265764379834195e+02 1.111523295869998265e+02 9.685706430852088999e+01 9.836625561937120210e+01 1.028132654245326876e+02 8.270788110973941798e+01 1.028132654245326876e+02
8.797256834298180195e+01 8.338052866640073546e+01 7.503479544180127903e+01 6.078003964789387226e+01 7.245172812500381099e+01 9.266821899010878383e+01 1.059816768101635915e+02 1.175882839404801388e+02 1.150286306966011693e+02 1.067086422760888667e+02 1.019432375194579805e+02 8.193588388218022089e+01 8.380223628357512666e+01 9.832128181268768685e+01 1.198074631053772379e+02 1.128383252415143829e+02 1.043973880923626325e+02 1.127737552136450461e+02 1.070367014255940035e+02 1.154580014889410506e+02 1.257063053967128070e+02 1.142691672074494278e+02 1.002309714048096509e+02 1.030579066574418050e+02 9.495584466455179040e+01 1.100089410483220149e+02 1.183180633319071973e+02 1.243814297944362437e+02 1.103634585086984288e+02 1.202916400348493227e+02 1.284871985255506388e+02 1.253685944492195858e+02 1.170612296843214750e+02 1.185672624124657943e+02 1.104449596242175176e+02 9.025340433082199354e+01 9.427166440281604309e+01
8.933001377018345579e+01 6.911536127752827952e+01 5.483763611776041813e+01 7.503479544180127903e+01 8.933455714095771327e+01 1.009819862448968593e+02 1.025954771570476254e+02 1.109631811344273729e+02 1.067086799562395640e+02 8.661364034864128314e+01 9.249914998621251527e+01 7.435747708638534448e+01 8.753812640737568529e+01 9.584810482061443793e+01 1.074171746570278145e+02 1.043979584724979475e+02 8.430041189959891312e+01 9.279312682816456004e+01 8.689625571184188857e+01 1.070367014255940035e+02 1.119202627898210665e+02 1.203317420740489183e+02 1.199799524877489603e+02 1.229413157784208721e+02 1.157088628287522312e+02 1.239714447766485534e+02 1.184827497530050238e+02 1.144344854845134591e+02 9.624725776941660627e+01 1.003817972413616815e+02 1.202916400348493227e+02 1.279029365690484212e+02 1.280921162274666756e+02 1.362744462985020562e+02 1.187766532063079836e+02 1.003200681602460946e+02 1.144813094091887820e+02
7.452276963270234944e+01 6.616290669729269780e+01 5.111330344069951082e+01 7.128425621957137537e+01 8.188654158349075374e+01 8.828713211105824143e+01 8.236042153789574627e+01 1.025954771570476254e+02 1.089864709237514973e+02 9.249929853360546872e+01 7.242501170857336490e+01 8.176902234668015979e+01 6.750149399427071728e+01 7.906007845831001646e+01 9.911575629609480131e+01 1.127782779882855522e+02 9.279525568528039514e+01 7.294614774062512197e+01 8.967203509005877038e+01 9.541796882471517449e+01 9.170916288986136067e+01 1.114212897212686215e+02 1.231473321667950387e+02 1.292695586097422336e+02 1.094921114746500734e+02 1.094921114209011961e+02 1.001977020590155121e+02 1.062132546031094336e+02 8.620698543039860340e+01 1.062132551831633123e+02 1.080337350227737403e+02 1.080337345827392994e+02 1.082273013490147804e+02 1.280921163666905329e+02 1.288709094253501632e+02 1.205698574885307437e+02 1.288709094253501632e+02
6.218057436758058998e+01 4.605317954141338532e+01 5.088313298052908351e+01 5.606721321201307973e+01 6.165828917267587883e+01 6.804668767384602290e+01 8.236042153789574627e+01 1.025954771570476254e+02 9.476729070360504181e+01 8.054502723852115764e+01 8.176896867113734402e+01 6.173995813313768366e+01 8.176909354512619643e+01 9.584497200468733524e+01 9.697177880537425665e+01 1.053351441796674663e+02 8.728992164742973614e+01 6.748954318322137169e+01 6.984294541725591898e+01 7.551347049401756806e+01 8.292931164908841879e+01 9.442451147303783898e+01 1.147294585043987070e+02 1.157368981637830956e+02 1.075147567529077577e+02 8.967022847843188060e+01 8.695443169210055601e+01 9.286489568557132657e+01 8.040154953390558035e+01 1.004379424672354020e+02 8.804210544501276559e+01 9.410656547457234922e+01 1.041038844111570256e+02 1.181821104483466200e+02 1.380021273577369527e+02 1.348057252372722701e+02 1.256132270442056154e+02
4.216321895203099501e+01 6.218057436758058998e+01 7.106284972781716647e+01 7.627623379270451665e+01 8.188654158349075374e+01 8.828713211105824143e+01 9.666180133604558478e+01 9.970339891560024626e+01 8.643696292181799379e+01 6.636029459983333822e+01 7.373926518589672696e+01 5.835352698486282463e+01 7.838977428528406222e+01 9.377024091565556319e+01 7.700133745651223194e+01 8.567316739700703465e+01 7.737337425697461413e+01 6.237029001709664300e+01 7.376723945526870807e+01 9.366575965598244125e+01 1.030063918699613765e+02 1.114212897212686215e+02 1.176156430540650746e+02 1.075147567529077577e+02 8.752056631518360064e+01 9.337672910928141334e+01 7.560030787024693666e+01 7.285755515649117342e+01 7.667360146732281123e+01 8.068221919473030823e+01 1.007338240165254035e+02 1.140455716665214112e+02 1.222509799703909437e+02 1.321759578044738817e+02 1.281310688613725972e+02 1.266093481080040561e+02 1.066719847231243534e+02
5.836340285434213371e+01 7.053618766585607602e+01 6.371544888109474414e+01 6.952404006605131315e+01 7.625267956029097149e+01 8.460830833050758315e+01 9.470663521607492896e+01 9.136990856858361099e+01 7.127072123443673490e+01 6.126298388862064570e+01 5.367806959067553407e+01 6.977159100383931900e+01 7.809848254585895688e+01 8.070154286264379095e+01 6.557627991466623030e+01 7.287803956185172183e+01 5.752270665890805645e+01 7.737337425697462834e+01 9.049757222392022982e+01 1.020397944796827687e+02 1.173293888632832846e+02 1.234703364431872785e+02 1.035700491201990587e+02 8.940859241591790862e+01 8.042757514507178485e+01 7.338392690238696048e+01 6.862991325419136501e+01 8.855000322709609861e+01 9.672350304743595473e+01 9.489189270494559025e+01 9.229717590886984624e+01 1.038527842986693344e+02 1.237409203672436320e+02 1.281310688613725972e+02 1.082456242824192998e+02 1.118946711625900861e+02 1.103304286479919938e+02
5.388415601577290204e+01 5.615069081924841754e+01 4.370098051935724470e+01 4.940249018950399318e+01 5.606676107757709104e+01 6.614425357773927772e+01 8.636110554285519925e+01 9.970339889653693888e+01 8.965092929992435700e+01 8.132031490150104958e+01 6.977159100383920531e+01 4.968706082026965021e+01 6.598030061068543262e+01 6.067521829980651660e+01 6.885273107954063221e+01 5.296612120787944633e+01 7.287803956185172183e+01 8.567230857002702749e+01 9.251918881567647190e+01 8.882079368980103595e+01 1.089751599930179111e+02 1.215282240662628084e+02 1.176156430540650746e+02 1.086957904449309922e+02 1.004588564950266800e+02 8.582016153820654836e+01 6.595850721367463620e+01 7.996421470792296304e+01 9.995766779641296296e+01 1.148374938193835817e+02 1.122584996543722724e+02 1.204677594196352288e+02 1.319303966709092606e+02 1.259683694412865691e+02 1.060651547312804581e+02 9.185472360941571424e+01 1.011827805487631480e+02
3.414633316404399466e+01 3.633936780102715858e+01 5.615069073419911660e+01 6.952403951470478205e+01 7.625267956029097149e+01 8.460830833050758315e+01 9.470663520960096093e+01 9.398481201855651079e+01 8.557396130260644895e+01 9.367371749454026997e+01 7.809838017922088227e+01 6.598029998121958783e+01 4.590032507175269672e+01 4.649959247720541100e+01 4.880897575204603100e+01 5.283962338301054018e+01 7.285952446489248757e+01 6.672716919476783914e+01 7.247488877560708431e+01 8.139772202274858159e+01 9.298346137326322491e+01 1.131731035301797732e+02 1.161812169877551355e+02 1.079547784469556433e+02 9.759338097832009851e+01 7.761588531048494133e+01 6.364533002479522850e+01 8.346715832046891137e+01 1.009533289396849085e+02 1.110912071078289358e+02 1.169084393556690031e+02 1.161967954639437295e+02 1.243965267074568430e+02 1.252840738847018400e+02 1.053752324934816897e+02 9.115933999932063614e+01 8.097206455644410994e+01
5.134573916264508142e+01 3.166548692562953349e+01 5.134573666246181034e+01 6.110301898329546333e+01 6.820774741212527204e+01 7.656426336756688045e+01 8.821618017007409662e+01 8.231454167427500579e+01 6.540417114086629624e+01 7.356861488529261806e+01 7.357010211123794363e+01 6.336893451732152016e+01 4.333121418306661354e+01 6.336895899923374031e+01 6.885558578704674915e+01 7.285957467473518534e+01 5.889853792847980429e+01 7.888603146127549337e+01 9.251918881567647190e+01 1.008697592713003530e+02 1.098748734951490320e+02 1.089009011633922341e+02 1.079547784469556433e+02 8.795925709258388281e+01 9.381580970391897267e+01 8.118215368335954452e+01 6.138090521651928100e+01 7.274974932078129086e+01 9.270103225762389343e+01 9.111586746382762669e+01 9.696650898905114957e+01 9.624365860580883236e+01 1.129031664333044489e+02 1.243965267074568430e+02 1.194131592853800043e+02 1.048612268520274142e+02 8.473697262084355941e+01
4.746755360276266344e+01 3.002045072068870013e+01 3.501926566366974924e+01 4.115184995363262743e+01 4.811254241698045320e+01 5.967492947856988650e+01 7.986379347522948535e+01 7.392838206305070514e+01 5.382630703591929233e+01 6.232181656086014243e+01 5.349917585623848026e+01 5.937856948188343864e+01 4.169015162381575834e+01 6.167624595017523603e+01 7.728162050374277214e+01 8.563003055681387821e+01 7.888603146127549337e+01 7.041922495141520244e+01 8.195065104127058930e+01 1.020648320797906194e+02 1.089009011633922341e+02 8.891144473004926851e+01 9.257957833038905449e+01 8.626081345004229206e+01 7.382718243102684141e+01 7.897178825625411491e+01 5.917096234963266710e+01 7.897175244434933461e+01 8.432232606056076918e+01 7.697430038612752412e+01 9.466301858690482618e+01 8.464919064608751853e+01 9.624365860580883236e+01 1.161967954639437295e+02 1.193257267245429176e+02 1.128062214363513931e+02 1.011867196831781541e+02
2.779577945029970820e+01 4.163572110408917837e+01 5.479090595883676684e+01 5.111039330216743082e+01 6.820774741212527204e+01 7.656426336756688045e+01 7.455545076358727385e+01 6.622106453210275845e+01 6.226713028775994019e+01 4.236369888060796285e+01 5.716279697460774400e+01 3.949008336401306707e+01 5.201522869577076591e+01 5.015663549715927161e+01 5.722344677405089897e+01 6.876932633249228388e+01 8.890963058615710679e+01 9.045190424267212848e+01 9.879876727717800122e+01 1.104222481053740665e+02 1.067217048566055411e+02 8.672171772324699646e+01 7.259787974368151708e+01 6.634936420720497097e+01 6.575021561462388320e+01 7.680167048869792268e+01 5.698409356080307475e+01 6.042879943802296339e+01 6.444787528728545567e+01 6.935643557571276574e+01 7.463743490544565873e+01 8.880496765664958048e+01 1.088056045917993373e+02 1.132745380490681413e+02 9.888241936380687491e+01 1.063962438911806316e+02 1.005261913132568452e+02
4.648843135019846073e+01 5.573449730969092997e+01 6.973659577552299993e+01 7.118365640545856365e+01 7.953340906707862246e+01 8.043379255461866251e+01 6.034542019063405149e+01 4.625909293669658950e+01 5.327351788676752165e+01 3.588460273120642796e+01 3.735472559652627922e+01 5.716279697460773690e+01 6.660319461277840958e+01 6.423211412484549498e+01 7.728162050374277214e+01 8.563013860496872098e+01 9.726237840274895063e+01 9.960369066981547803e+01 9.960369066981547803e+01 1.196336640054810658e+02 1.125504639662993611e+02 9.257954127820477197e+01 9.257957771081912313e+01 7.813200172116859221e+01 5.828276446255077303e+01 7.200639290831328765e+01 5.480849359069373605e+01 7.461340764609252574e+01 8.430729640407838588e+01 8.931095622217689822e+01 9.466301858690482618e+01 1.029138774959936313e+02 1.157631378967005986e+02 1.048701254598855854e+02 8.467222465441530233e+01 8.617243482632393636e+01 1.004664556377162796e+02
6.470057554731444327e+01 6.603314399551929625e+01 5.848908975554660117e+01 6.704897561611930712e+01 7.569880535011149902e+01 8.015859296400905976e+01 7.186951793295750690e+01 5.360065393053513816e+01 3.382149505902650333e+01 5.359673634717489676e+01 5.714754895922159506e+01 4.658308403581189339e+01 6.070808642180914916e+01 8.081429799090379618e+01 9.267528601127823151e+01 9.628499642802501057e+01 8.797970813387367173e+01 7.947036233127109028e+01 9.372879673340685258e+01 1.137869392885964857e+02 1.005843286086076773e+02 9.056131561068438884e+01 8.227210078688999317e+01 7.538214638452619454e+01 6.959661522661608046e+01 5.211518824598383759e+01 7.200639544428607053e+01 8.101264622395855497e+01 8.929005252358260236e+01 9.833251236361158476e+01 1.099598051237231005e+02 1.098300583953323866e+02 9.575791164803283095e+01 1.098300583953323866e+02 9.209585135999850536e+01 7.232108709936446189e+01 8.366300966503798975e+01
4.845388491646816931e+01 5.572430727925647886e+01 3.731499521726541246e+01 5.499215127626199262e+01 5.560914526013291237e+01 7.186954930488492721e+01 5.185533466563434501e+01 5.218351198102644872e+01 3.235103052508129906e+01 5.213365236090275090e+01 6.419456494093783760e+01 6.659704336695331506e+01 5.920849517180247545e+01 7.341282736879274751e+01 9.355044679770307425e+01 8.797970813387367173e+01 6.781681762213104037e+01 8.797970813387367173e+01 9.386806639442177413e+01 1.021681382859534466e+02 9.229956805473656800e+01 7.224517280632703375e+01 6.227779465308147167e+01 5.557517706948541303e+01 4.966417623488990785e+01 6.730234349957947870e+01 7.104652274112370947e+01 6.108342375050522577e+01 6.996521439800936548e+01 8.147885460236803112e+01 1.015904599897670124e+02 1.008530866047917414e+02 8.144238089784005297e+01 1.008530866047917414e+02 1.004831946362288591e+02 8.366300966503798975e+01 6.398146419879878266e+01
4.715714014036700519e+01 4.259634714098105235e+01 2.734982331510242659e+01 3.567406275567991258e+01 5.560688771359827598e+01 6.926131223357899103e+01 5.708626125516654071e+01 3.782665008247996496e+01 3.086634876871434230e+01 3.622400830262091631e+01 5.606163776224249062e+01 7.329927513526648397e+01 7.931099954367969929e+01 8.764869673605271316e+01 9.605979483541631225e+01 8.190036790510391995e+01 6.175185745697403661e+01 8.190036790510391995e+01 7.372588994985126476e+01 9.055663902579084379e+01 1.005797057258606486e+02 9.034782919060801021e+01 8.072592024392125154e+01 7.421683095924123563e+01 5.787643061894910801e+01 4.733457400116314062e+01 5.110714132506198126e+01 7.104381761360198766e+01 8.209635359037856972e+01 9.353831845168753034e+01 1.059547930759910201e+02 8.584515218091478062e+01 7.234584470279325785e+01 9.259480562472536747e+01 1.008591026747835429e+02 9.054886986239496593e+01 7.722684217068628243e+01
