MOVIE_S2_data/elevation_000635.asc
nrows	100
cellsize	150.0
xllcorner	0
ncols	100
yllcorner	0
NODATA_value	-9999
[rows 17 to 33 of 100, columns 37 to 73 of 100]
6.111775554295061141e+01 6.210833596319377392e+01 6.261977648286879372e+01 4.465740085485960975e+01 6.261977648286879372e+01 6.765694343710649150e+01 6.146680576340339286e+01 4.164144076935627226e+01 2.746613162037521860e+01 4.755786352344681944e+01 5.215153053903647162e+01 6.042039200646281927e+01 6.717275348997115714e+01 7.541136449934852237e+01 6.740231344784385215e+01 5.063375851758308954e+01 4.882609486575791635e+01 6.891955070660323202e+01 7.868987868231833716e+01 7.630168660537552228e+01 5.598412688765611733e+01 6.193500235174019508e+01 5.569516342220377680e+01 3.539929988263720873e+01 5.230491019282936094e+01 3.480914928886217297e+01 5.508634111536036215e+01 6.625564233561793515e+01 7.643897719431845417e+01 7.918101624616500089e+01 7.790716650480101180e+01 6.367540289479494220e+01 5.572213391714603858e+01 6.365575794331859072e+01 8.395315470517081735e+01 8.871697325590660910e+01 9.713693667765976159e+01
4.177127700467913485e+01 6.111775554298077395e+01 7.088345069907677498e+01 5.774919905005231868e+01 7.088345188238214689e+01 7.204177781126892910e+01 6.100716643773173331e+01 4.994070617887465602e+01 2.983589955278515760e+01 3.014626210627390179e+01 3.205792579940199261e+01 5.215154149342942702e+01 6.320027291380990420e+01 7.475382264737933724e+01 8.199681803125906754e+01 7.259580802438517821e+01 6.300816168535364881e+01 6.300816168535977368e+01 8.319090630683723475e+01 8.462384356252671580e+01 7.630168660537552228e+01 5.921374979778298808e+01 3.900093779463471577e+01 5.569516342252303787e+01 6.345686888393919389e+01 5.509004187233113470e+01 3.766493900891601498e+01 4.780309987954520778e+01 6.213788614525638820e+01 8.237907646600704936e+01 9.225673981547821256e+01 8.246461551558981284e+01 6.206180599114130558e+01 8.246461551558981284e+01 7.665669675664349825e+01 9.650860199385333260e+01 9.975905264582200971e+01
4.908018547500766715e+01 6.111775248743015965e+01 8.051926286064944804e+01 7.615215487181576748e+01 7.274438133902378922e+01 6.315812738623541378e+01 4.449481429991782022e+01 3.325859098913643663e+01 4.994439265434623820e+01 5.022784045694144339e+01 5.215154153760991562e+01 3.482404692734561991e+01 4.645352878090240978e+01 6.653192974204876009e+01 7.408264612398117777e+01 8.299575745943083405e+01 8.319090625523682547e+01 8.319090630683723475e+01 9.164343361351645001e+01 8.769816250436350913e+01 6.751141819702365865e+01 5.319004122661330314e+01 4.151675063034169000e+01 6.174188196511996551e+01 7.167691907646941729e+01 5.144057284590283530e+01 3.973908883892472943e+01 5.999380980584894729e+01 7.105977964581261119e+01 8.069976935249367500e+01 8.926203054455881158e+01 8.958689801428211297e+01 6.944204100486524567e+01 8.958689801428211297e+01 9.079203465868864953e+01 1.045711714791227820e+02 1.012322662363517907e+02
5.153432949174231226e+01 6.436194760524779213e+01 7.572711888612036546e+01 7.860129954826959420e+01 5.874626745072440315e+01 4.449887146948170624e+01 3.687784040785012252e+01 5.339851238217092089e+01 6.168147228461247522e+01 6.853394552926215511e+01 4.848136164837912077e+01 3.683094322316765812e+01 5.693986446688077763e+01 4.841423221315663028e+01 5.481916258220931581e+01 6.899806221281424712e+01 8.883294160583626820e+01 1.023351090650253639e+02 9.225874832416101867e+01 8.391304308097264197e+01 7.678688976896653173e+01 6.437897490520781218e+01 4.412299908745617216e+01 6.437897490520782640e+01 8.001509886291080420e+01 6.835134472948709572e+01 5.406990322207105493e+01 4.278066802268023849e+01 6.085604263159065397e+01 6.047581885169370253e+01 8.095600911139260347e+01 9.772465613462533440e+01 8.121378700488891411e+01 9.772465613462533440e+01 1.103096163846269491e+02 1.069344469954869083e+02 9.316684265425384126e+01
3.646317928610854153e+01 4.788860959796866723e+01 6.751130726087176015e+01 8.435908444555063568e+01 6.456167171138963568e+01 6.456167171072900146e+01 4.590455389839452494e+01 4.097924181479275774e+01 6.116035038925211609e+01 7.670490077904202053e+01 6.519475101589583232e+01 5.696197108114701280e+01 3.978750132862163014e+01 5.993035005865991849e+01 7.480756388301264792e+01 6.899806221281424712e+01 8.883294160583631083e+01 9.399132040603350902e+01 7.383487364873091963e+01 6.375719035638487497e+01 5.657561183194883370e+01 5.069174335196778713e+01 4.743085069154560074e+01 6.771338200164288423e+01 8.116107826984651297e+01 8.265256671072106087e+01 7.140397485477157602e+01 6.302708371506474094e+01 4.591567254941914911e+01 5.766188221811562187e+01 7.197344697145770454e+01 9.212952150666741602e+01 1.010247803617394453e+02 1.091154708158984334e+02 1.125527524811369062e+02 9.884288188974417722e+01 7.891470905761205756e+01
4.007079485179822598e+01 5.970931087269332238e+01 7.344978604369283914e+01 8.484575132813313303e+01 8.018327233056659509e+01 6.019636023607658615e+01 6.413584950362154302e+01 4.395503241994700261e+01 5.827365448320032471e+01 7.828844022738911690e+01 6.324120026561933372e+01 4.310201054325213477e+01 5.993035002549393653e+01 5.407102005557558755e+01 7.408036852485943768e+01 8.883294160583631083e+01 9.699345270657964591e+01 1.023351090650275665e+02 9.225875420088864587e+01 7.678688981044737716e+01 6.353410814413796004e+01 7.095239762538314210e+01 5.760746300075771842e+01 5.260388964103540133e+01 7.272498692087137329e+01 8.652357907819737193e+01 8.102374736880108230e+01 6.854842089878980005e+01 4.825696388292003292e+01 6.854842089878989952e+01 8.116926061236350165e+01 8.828534188098853974e+01 9.661390466345177686e+01 1.066762434385233718e+02 1.048136406955108129e+02 8.558316710970798624e+01 7.398680397695557076e+01
5.970931294325303895e+01 4.567882729452464474e+01 5.693145125478333313e+01 7.659644565768755342e+01 8.836878443923416171e+01 8.018327233056659509e+01 6.724726457966288251e+01 4.708299002228267938e+01 6.724726457966288251e+01 7.713651576124796350e+01 5.717732473423133399e+01 4.548700139799274922e+01 6.561307144274012160e+01 7.407997446200886316e+01 8.229424044512980174e+01 9.281486482482696942e+01 1.009776852644081657e+02 1.058389292377702446e+02 1.052822947508166038e+02 9.206173121860722119e+01 7.519303400776566093e+01 7.781930100252725424e+01 7.781930100252758109e+01 7.285785796927503100e+01 5.816367623549599131e+01 7.835439739882346544e+01 7.263986261854310555e+01 5.234054804816263839e+01 6.848311842422693019e+01 5.455926732443472815e+01 6.100421883455291550e+01 6.815803016283871330e+01 7.821565155950044357e+01 9.835503220253232826e+01 1.020160537188467913e+02 8.223053131611496269e+01 8.816779760113310260e+01
6.162396149240204579e+01 6.524285584555832429e+01 5.257259260114241073e+01 6.637471457566816468e+01 8.616943144320029546e+01 8.456123036054766828e+01 6.463418802168597210e+01 5.034043803968867792e+01 7.047068359374708280e+01 8.532436187875227063e+01 7.383338208287889870e+01 5.562435989617371490e+01 4.913885599071704746e+01 6.921672960613962289e+01 7.705940514851893397e+01 7.303066402641965738e+01 8.634459927478964403e+01 8.606621298261876518e+01 1.000613209477130141e+02 1.036994108212464170e+02 9.536210787224318608e+01 9.798595509296349348e+01 8.457007509634570397e+01 6.442897738508641226e+01 7.245011467294555985e+01 8.670099720428186174e+01 7.554622683938666228e+01 5.532737160499286944e+01 7.552927251244055640e+01 7.479251503871896034e+01 6.413947388397059512e+01 8.429295061908776177e+01 9.661390466153227408e+01 1.066762434366676189e+02 1.082190311704984396e+02 8.860349414786091415e+01 1.075255007221770569e+02
8.134508915014301067e+01 7.873922604092935273e+01 5.903890666164309664e+01 6.637471457566816468e+01 8.616943144320029546e+01 8.535903692923271535e+01 6.545035027585285548e+01 5.378517551666802632e+01 6.545035027585285548e+01 8.535903692923271535e+01 7.560203293675498060e+01 7.560195810447994802e+01 6.921683595734867822e+01 5.289117952611376694e+01 5.713143043705478874e+01 6.153781717936647055e+01 6.653600684829076783e+01 7.204024830539313484e+01 8.606737415900923338e+01 1.058538001594715467e+02 1.059766842857627722e+02 8.577354003711853636e+01 7.155015840335711630e+01 7.604800570240870172e+01 9.260858058529687753e+01 9.198074016249120177e+01 7.185261893277228751e+01 6.098612231789684301e+01 6.078176249376888762e+01 8.092752550781338527e+01 8.429295061912752374e+01 7.578151476757039973e+01 8.740149145403260889e+01 1.075559979885016020e+02 1.150707654859137676e+02 9.569113429778978741e+01 1.150707654859507869e+02
9.279573180861035553e+01 7.291683071238031744e+01 7.034531776735063602e+01 8.616943144320029546e+01 9.444298647341767605e+01 9.352270696953574713e+01 7.764713098837587779e+01 5.763265874606982209e+01 7.764713098837587779e+01 9.352270696952174944e+01 9.539591686609433907e+01 8.665140086171014389e+01 6.683002994777734784e+01 5.680670248176550530e+01 6.297204915392212143e+01 8.139245116816486814e+01 8.634459927478964403e+01 9.186268415909887608e+01 8.349564137439598710e+01 1.032922771575541674e+02 1.115864331744965767e+02 9.136019591368690840e+01 7.711696224851198167e+01 9.621143838127750314e+01 1.045562098511465905e+02 1.002929094431156756e+02 8.693910327257997039e+01 6.683067030909934658e+01 6.476288195342129939e+01 7.898089887129398790e+01 9.908093898097673957e+01 9.591978821532363497e+01 1.042405357651759772e+02 1.158577581223169801e+02 1.229419947472756434e+02 1.070322961252894345e+02 1.229419947498778640e+02
1.010814511810694967e+02 9.279573180861035553e+01 9.020551797967426921e+01 9.848857939380008020e+01 1.015828015220095324e+02 8.186425361904309739e+01 7.035316362354139130e+01 6.216439005467650958e+01 8.210627101759226321e+01 9.959900164080981710e+01 1.063668741583928181e+02 8.665064958005812912e+01 8.097424623437622415e+01 6.111554955072148942e+01 8.097539629337659051e+01 7.362799389345536838e+01 8.764057627510055681e+01 1.073445064043802972e+02 9.494835537777393597e+01 1.114899493017909862e+02 1.115864331744965767e+02 9.136019591368690840e+01 8.610479366969204307e+01 1.056327279498051155e+02 1.106623044054510956e+02 9.052326834305121395e+01 7.630591158346433645e+01 8.693910945699772697e+01 6.896977693545660770e+01 8.905296406850206381e+01 1.015081914429636640e+02 1.086153966239551067e+02 1.168743576051805633e+02 1.268809614330076414e+02 1.339180631906658618e+02 1.260515188401647038e+02 1.260276482328911243e+02
1.006122030972037749e+02 1.032094421759064318e+02 1.017151642258127566e+02 1.100148779246168971e+02 1.097260579723806302e+02 9.835152397589192219e+01 8.872567546925000670e+01 6.886746211427670517e+01 7.162570979087244893e+01 8.568895189851184568e+01 1.053682861728764237e+02 9.155436212753319580e+01 7.176292758709833208e+01 7.107805860472957704e+01 7.107805860472957704e+01 9.087273398202356134e+01 8.764057627510055681e+01 1.073445064043802972e+02 1.146902862759242936e+02 1.229019610158272968e+02 1.199052599859233652e+02 1.115864331744965767e+02 9.777207033738612552e+01 1.146639151279552351e+02 1.106623044054510956e+02 9.052326834305121395e+01 9.052326834305121395e+01 8.905296406851731206e+01 8.316668461054435113e+01 7.585317942428893900e+01 8.141376475783506805e+01 8.851318470885449585e+01 9.857801175549327866e+01 1.186527814924389190e+02 1.265006072601670297e+02 1.181952426613025438e+02 1.202948832723949408e+02
8.058311297774774573e+01 8.318270784445060428e+01 8.168725544941244721e+01 9.585238384944310042e+01 1.158691681236590370e+02 1.026601217766321241e+02 8.295383882457259972e+01 8.038713176013021666e+01 9.145289545823639799e+01 8.568895189851184568e+01 1.053682861728764237e+02 9.972209271063647407e+01 8.168210063740552584e+01 8.253007521476276054e+01 7.995161805574774405e+01 9.904092552851980713e+01 1.073445064043802972e+02 1.155091979208712303e+02 1.142761069136048633e+02 1.124347318995940554e+02 1.040835554795259554e+02 1.124347318995940554e+02 1.180173998173750078e+02 1.263175641963060372e+02 1.189498958705985103e+02 1.106623044054510956e+02 1.106623044054510956e+02 1.091346447481168553e+02 1.032636997678735611e+02 8.743990231929230106e+01 1.015081914429645025e+02 1.015081914430139420e+02 1.168743576053000908e+02 1.268809614454414287e+02 1.149840278957519075e+02 9.829086423590614174e+01 1.149840278957519075e+02
6.898777211660966202e+01 6.898777211660966202e+01 8.318270784445060428e+01 1.032094421759064318e+02 1.159908917491028291e+02 1.107997669549892521e+02 1.026601217766321241e+02 1.001163380064747059e+02 1.082529931745005882e+02 1.053682861728764237e+02 1.135100639002130407e+02 1.095884919938978754e+02 9.566749030675786969e+01 9.651049173926152491e+01 9.139092177117262850e+01 1.078692586442981280e+02 1.110450800421053970e+02 1.027013105429670787e+02 9.422797151239649338e+01 1.024308511462454874e+02 8.413948422409642092e+01 1.024308511462454874e+02 1.139907805991176275e+02 1.156333386608697111e+02 1.072771873938702498e+02 1.156333386608697111e+02 1.117067285839296318e+02 1.031624504462149758e+02 1.115916567584288117e+02 1.074265045092211466e+02 1.155741745714473865e+02 1.215413483593656849e+02 1.244836791650271550e+02 1.179223574947084927e+02 1.067034444193189131e+02 8.682484937898099986e+01 1.067034444193475480e+02
5.998842439460764808e+01 6.710485526970832382e+01 7.609550411538580761e+01 8.767261904635635972e+01 1.076890966062320132e+02 1.072046315744761671e+02 9.908996777855084304e+01 9.444969861357860452e+01 1.025422208043600705e+02 9.999679122807353338e+01 1.081157882511246697e+02 1.091052279328456649e+02 1.153304019373612306e+02 1.161713294919206021e+02 1.110695823414751402e+02 1.192376294486926582e+02 1.027013105429670787e+02 8.280511632920541842e+01 8.023788821013449990e+01 8.527698946748736830e+01 7.435690936317575961e+01 8.567485197701006427e+01 1.056362224920816999e+02 1.056297920986375232e+02 8.733903622059067118e+01 1.056297920986375232e+02 1.014423527301693184e+02 8.306533391540151001e+01 1.014423527301693184e+02 1.026863603425356644e+02 1.110377912248890624e+02 1.186251092686893287e+02 1.044334219709751324e+02 1.096337231389421021e+02 8.974346999595536545e+01 7.981018679630369661e+01 9.967529974257864467e+01
7.439510416883325661e+01 8.717172608882670204e+01 9.546984930923566992e+01 1.044300053293112569e+02 1.074934104908867312e+02 9.628507024158747640e+01 7.974385958892138149e+01 7.512735198719452967e+01 8.631871536436761971e+01 8.065307083445250669e+01 9.999679122807353338e+01 8.975050685448269405e+01 9.793077450816267060e+01 1.060222846935622556e+02 1.160244090355669613e+02 1.076667952363100653e+02 1.027013105429670787e+02 8.280511632920541842e+01 6.901052625653696282e+01 6.573612563780153550e+01 8.527698946748736830e+01 9.666092853843109367e+01 1.081616309260521547e+02 9.730811180723044629e+01 7.752794602108342303e+01 8.741802891415687782e+01 9.306337918708925372e+01 7.329817028495395448e+01 8.862965687317644381e+01 8.280717965391086466e+01 1.026863603425356644e+02 1.085994302162626610e+02 9.026675081821453261e+01 1.085994302162626610e+02 9.339339945390662479e+01 7.353459798788034618e+01 9.339339945390662479e+01
8.270056551827906333e+01 8.399495696728810401e+01 9.226048664231271346e+01 1.037872755572277299e+02 9.937742277355974352e+01 8.003869601660447586e+01 6.888259737474010080e+01 6.396183034200340956e+01 6.699000901660048157e+01 8.631871536436761971e+01 9.231743671856459343e+01 7.610939877015897537e+01 7.861258874356683179e+01 9.793077450816267060e+01 1.044579697660453803e+02 8.769253468434916954e+01 9.872979704251250155e+01 9.361112076596253928e+01 7.985732896711880358e+01 6.039492096948852407e+01 6.875264758186173708e+01 7.999077839277224200e+01 9.982878523812769345e+01 1.010306271980928585e+02 8.122455018381083391e+01 6.783252948645638014e+01 8.605909574204274293e+01 6.647657486178545128e+01 6.900930896158479300e+01 8.024326322249969223e+01 1.000856836461372410e+02 1.002863982022078062e+02 8.039037499654759245e+01 1.002863982022078062e+02 8.842869908740050278e+01 6.856305210251767335e+01 8.198343211625874005e+01
