MOVIE_S2_data/elevation_000894.asc
nrows	100
cellsize	150.0
xllcorner	0
ncols	100
yllcorner	0
NODATA_value	-9999
[rows 17 to 33 of 100, columns 0 to 36 of 100]
9.533491951124807226e-03 1.156188907541684330e+01 2.580364742971810443e+01 4.652630594206653569e+01 6.067139398064790612e+01 5.355164333879487515e+01 4.116967885352576673e+01 2.876609453744267952e+01 2.288519536017356870e+01 1.996834352845124982e+01 3.158086146297228325e+01 5.265854566963073324e+01 5.205502741341027217e+01 3.134797968590340389e+01 1.940571251631990890e+01 3.632685519752569547e+01 4.479873316127382310e+01 4.312034664190093736e+01 2.912697707763732424e+01 1.809989972672890346e+01 3.719733688818574535e+01 4.806630428079056117e+01 5.340399048842622420e+01 4.454096621793446786e+01 3.690758464630510360e+01 4.124549364069788027e+01 4.570633419940913456e+01 3.172604207149626632e+01 1.940716659366870545e+01 4.044317956892064814e+01 5.239574051514015451e+01 6.695554874688806990e+01 6.761123253039264114e+01 5.115477141635354030e+01 6.761129226737131148e+01 5.411446611356359426e+01 7.074417332116122736e+01
1.329665511360111864e-03 2.000132966551100466e+01 3.036254012534019964e+01 3.272520935949829379e+01 4.347234670355127406e+01 5.179030148718758397e+01 5.649100710672374248e+01 4.818661107559501033e+01 3.442562031866351191e+01 2.749702278655878018e+01 3.413781284803462057e+01 5.463770116395228627e+01 5.705043187055677834e+01 3.664534177198730447e+01 2.219232665637440149e+01 3.135904964382730142e+01 5.173365474114061158e+01 5.711526434988602574e+01 4.559900721324609663e+01 3.736831487414958985e+01 2.043551818619911487e+01 3.971804185956882804e+01 5.078718503790327787e+01 6.231608139624688647e+01 5.907558435693670873e+01 5.980707152877171495e+01 6.029410213887788217e+01 4.043495155919857353e+01 4.017110078893335867e+01 2.287725468307271726e+01 3.783565508438365299e+01 4.773286798272978615e+01 6.828307150985642693e+01 7.059928526589389719e+01 7.896461225977498088e+01 7.386703808334236498e+01 8.221697417471297342e+01
4.760174870478865901e-03 5.082015476348939131e+00 1.028646206937488294e+01 1.613903692459363626e+01 2.322837616830437923e+01 3.495556790442049078e+01 5.510648290157660512e+01 6.334248626367654822e+01 5.483404556496318349e+01 3.565479250091640750e+01 5.463770116395228627e+01 6.318802180045868511e+01 6.414198051697714220e+01 4.546865932447795444e+01 2.513840434848133398e+01 4.546865953165232810e+01 4.797917733403793505e+01 6.843916361912793889e+01 5.984541727871995676e+01 3.990237316961566449e+01 3.990237316961566449e+01 2.286663293347655568e+01 3.407736927261604620e+01 5.407651144858169090e+01 6.713997768658528287e+01 7.713399205683417392e+01 6.938968153774419534e+01 5.507863044245789297e+01 3.419726721734578945e+01 4.392944079543354263e+01 2.672774833329730271e+01 4.773286937303182498e+01 5.849360614204440623e+01 6.538484740950994478e+01 7.356340408526649810e+01 8.506094301077612840e+01 8.896285494869263744e+01
4.522672674103187483e-03 2.000452267267374751e+01 3.036254012534019964e+01 3.631502228174434066e+01 4.347234670355127406e+01 5.179030148718758397e+01 6.340454965043610969e+01 7.189843767651296957e+01 6.479511231289959028e+01 4.740202140300635136e+01 6.479511231289959028e+01 7.012024098825003193e+01 4.966649759155060195e+01 3.526617633921017614e+01 2.837200472482090774e+01 4.865759614478908190e+01 6.200582459159724635e+01 7.693843398148688095e+01 6.594575814207847486e+01 4.596348440610859143e+01 3.442487989254340164e+01 2.465956776100687264e+01 4.444267395080748173e+01 3.882433338770565001e+01 4.886665072691922518e+01 6.896187569749032775e+01 6.953266901669906019e+01 4.909278830897007140e+01 5.507949076161334290e+01 5.355417980707275660e+01 3.256514559081544036e+01 3.121123847572165033e+01 3.758136338034382362e+01 4.470975991815328143e+01 5.689783935854235608e+01 7.698384870656268220e+01 8.019452235476127555e+01
8.979627706787422434e-03 1.415111525143786331e+01 3.415111525143856852e+01 3.983439494172691298e+01 4.811866618918911342e+01 6.018270892394083660e+01 5.189843767651437645e+01 5.189843767651438355e+01 6.912698083392299964e+01 6.827063802563981199e+01 7.679457005069393460e+01 7.012023560781354092e+01 4.966649758902040190e+01 4.865759583125434062e+01 4.865759614478908190e+01 3.316638174782193715e+01 5.352399697139667012e+01 6.832238884660654321e+01 7.400199682154274683e+01 5.862084344316656370e+01 3.857310252995527833e+01 4.444267395080917993e+01 2.741293301814271643e+01 4.731533855383706566e+01 5.862726233072481818e+01 7.713399205683417392e+01 7.771787000027963188e+01 6.953266901669034894e+01 6.285081674498412951e+01 4.206290342405140592e+01 5.355417980707275660e+01 5.220977169783181893e+01 3.656613459979609360e+01 5.753468443324747028e+01 6.173141756102642574e+01 8.165348909511936881e+01 8.896285494869263744e+01
6.790954771729373202e-03 2.000679095477137537e+01 2.569225931799536511e+01 1.983439494172620954e+01 3.983439494172691298e+01 4.295416576651537355e+01 3.189843767651509054e+01 4.084270958651393357e+01 5.238971497030603786e+01 6.653185059403598700e+01 8.653185059403456592e+01 7.861747893292657352e+01 7.012023556172169947e+01 6.909018138268274356e+01 5.969349780091118163e+01 3.923157840562520704e+01 3.937625501597468514e+01 5.119614628043969873e+01 7.164514273870106820e+01 6.686922697114880521e+01 5.862717956637097672e+01 5.557867924552747496e+01 4.731507231523066537e+01 3.037661045508652080e+01 5.036329570829337854e+01 6.565425407387924395e+01 7.422144901284583796e+01 7.456990506155344178e+01 5.427184680686275442e+01 6.285081674505166660e+01 7.110653560995437772e+01 5.548138700471000817e+01 4.051895973722314181e+01 6.141497752242405284e+01 7.978787761332075945e+01 8.972619825461374887e+01 8.573893181292847032e+01
6.689336105942520969e-03 2.835116460852138420e+00 5.692259317995008061e+00 2.569225931799536511e+01 3.510952036098815654e+01 2.295416576651608764e+01 4.295416576651537355e+01 5.383435335239103381e+01 6.015890867272756992e+01 6.844317992015119501e+01 7.738745183013196538e+01 8.893445721388476954e+01 8.169539557771823013e+01 6.130540024326753468e+01 4.946376931922448250e+01 5.969349780091118163e+01 4.446311651352062455e+01 6.496417333398137828e+01 8.013774845948834979e+01 8.419446269528474147e+01 6.475366160391104131e+01 6.400833005409185716e+01 5.256699431864136329e+01 3.260906405343833825e+01 3.213506598478899434e+01 4.447137338410613694e+01 5.750371597943983204e+01 7.763533546090982895e+01 6.877200667071809903e+01 7.456990506155362652e+01 8.387970511147118202e+01 6.643552159032164184e+01 4.573528810031153569e+01 5.120002688370453114e+01 6.581750467424480178e+01 8.566235977347042763e+01 9.424357377622082765e+01
7.711933663051398317e-03 2.000771193366269785e+01 2.569225931799465101e+01 1.010952036098890794e+01 1.510952036098886531e+01 3.510952036098815654e+01 2.828735139013964428e+01 3.383435335239174435e+01 4.015890867272828046e+01 4.910318058272711994e+01 6.065018596651922422e+01 8.065018596651781024e+01 9.021317236199114120e+01 7.841162381340336651e+01 6.130540024326753468e+01 7.043486600469069003e+01 4.996540836256086493e+01 6.446739154698124707e+01 8.484162377360776475e+01 7.859048908098233710e+01 5.902266682446858681e+01 4.479004982311697347e+01 3.587352573276503165e+01 5.256700262264085666e+01 5.821882252039097239e+01 6.565425407387924395e+01 7.422144901284583796e+01 8.575529358508406119e+01 8.856726998996984435e+01 9.428869720139029198e+01 8.274057510185436115e+01 6.277104443583927207e+01 5.193567051082645492e+01 7.162992816114358163e+01 6.799615922354414010e+01 8.779834577663629602e+01 9.958866904823923960e+01
5.464868864810172588e-03 2.000546486886445408e+01 3.839379160844794114e+01 3.010952036098855089e+01 1.613974725254407616e+01 2.072806192995523134e+01 3.487019755368568497e+01 5.383435335239103381e+01 6.015890867272756992e+01 6.844317992015119501e+01 6.386210624223341625e+01 7.222959148312310163e+01 8.233685060359158570e+01 9.021317236199114120e+01 8.169539557771823013e+01 6.669266473073713541e+01 6.446739154698124707e+01 6.295041933014572066e+01 8.331379662693247212e+01 8.342957687256163979e+01 6.361332913707283865e+01 5.850509114943373845e+01 3.834097255583696295e+01 5.850509114943373845e+01 6.830663653718167438e+01 7.293418708672436424e+01 7.848016140659538564e+01 8.505458456991254934e+01 9.307681619672088402e+01 1.017476690145739013e+02 9.084662155969546404e+01 8.045960285875788998e+01 6.393300626653385166e+01 6.307173722634384205e+01 8.293998260914415255e+01 9.589566448802789012e+01 9.634539947452155673e+01
5.889614652278742785e-03 1.414802523838335446e+01 3.414802523838405790e+01 4.442401849999885144e+01 3.613974725254477960e+01 4.072806192995452079e+01 4.901233317739929163e+01 6.315446880111193195e+01 5.832186884628345780e+01 5.307348920934901315e+01 4.367845193514988722e+01 5.374920475042024748e+01 6.804924424121787752e+01 8.828106632584895408e+01 9.561633461356420582e+01 8.708575218857717459e+01 8.484162377360776475e+01 7.731938640796938955e+01 9.183468015971041609e+01 8.162025897856058521e+01 6.416873721019550203e+01 4.342775382854890154e+01 5.760471671664265614e+01 4.363462928264849694e+01 4.806566637879441828e+01 5.276353884779451420e+01 5.848386662389378898e+01 6.533131507996105825e+01 7.432802485406948279e+01 8.810524086031833235e+01 1.073180885789714694e+02 9.186126794435639908e+01 8.377674887409074245e+01 7.316111200875694465e+01 9.102490851308940023e+01 1.022999289075782201e+02 8.197587874162789490e+01
6.299055471926359555e-03 1.207106980017925046e+01 3.058660880191507658e+01 5.234763972017489664e+01 5.025615336126806909e+01 5.248366486774994399e+01 6.089903772411286553e+01 5.242872962821002147e+01 3.817080339143110734e+01 3.294759079102494326e+01 5.307348920934901315e+01 6.186372359224235851e+01 7.023365678007043300e+01 7.082673320273650575e+01 7.919216518287380779e+01 8.129687944456043169e+01 8.965309193973143920e+01 9.778558307598071053e+01 8.755305010664741872e+01 6.746612084419653854e+01 5.300518140272188816e+01 4.821594063975156530e+01 6.803901403258956293e+01 6.237591969224357058e+01 5.653282278676479677e+01 7.293418708672436424e+01 6.932650201421402869e+01 7.848016140659538564e+01 9.307681619672088402e+01 1.017476690145739013e+02 1.103152807050581572e+02 1.019395951439421424e+02 1.007949432399654199e+02 9.271885320953130361e+01 1.007949432399654199e+02 1.022999289075782201e+02 8.197587874162789490e+01
4.664899311792800908e-03 2.000466479053540780e+01 3.316521576450795550e+01 4.299789200228123320e+01 2.994377942265195003e+01 3.216449973220996839e+01 4.482854942235657347e+01 3.648283741147739789e+01 2.399145921926116642e+01 4.303781928319884997e+01 4.648306922942497010e+01 4.169055264644469361e+01 5.432537059254431000e+01 5.061677397493070174e+01 6.476282925431765136e+01 6.104688627072940932e+01 8.029094017388727877e+01 9.041328075193557368e+01 8.755305010664740450e+01 6.746612084419653854e+01 7.320465222217224266e+01 5.386313574349083666e+01 6.368159004296023795e+01 8.044033841021813203e+01 6.823250383248931428e+01 8.463865134620637320e+01 8.898654481205107913e+01 9.703014564506769091e+01 1.059884031260136652e+02 1.071911132897213719e+02 9.860857086821725659e+01 8.163981503797744210e+01 9.860857086821725659e+01 1.005685427995230725e+02 1.089462709259860560e+02 1.107149202074152470e+02 1.022999289075782201e+02
3.445177533103992596e-03 1.375729175945616589e+01 2.396797342129021402e+01 2.608627798007838194e+01 1.570590168104150131e+01 3.038943254960916462e+01 3.265886027864246444e+01 1.642973215088951022e+01 1.967434814600343174e+01 2.296283644716970329e+01 2.639398252726211069e+01 3.011031670233807489e+01 3.419726339778669910e+01 3.920609285647544340e+01 4.456648736129544375e+01 5.167634506329516597e+01 6.178297809506489813e+01 8.205715214056253615e+01 9.577439711265246558e+01 8.755305010664740450e+01 8.052415852247671069e+01 6.044166275762002982e+01 7.233423854364563965e+01 8.817166009368891366e+01 8.790996316720473658e+01 9.595721885963736497e+01 9.972121150969211101e+01 1.080854656795129500e+02 1.012385083178602940e+02 8.691456789408003658e+01 9.021951163527322137e+01 6.991987511375977249e+01 8.622071840470938753e+01 8.027765494983002270e+01 1.005685427995230725e+02 1.007712289494082398e+02 9.246416726955648357e+01
6.170631355331793709e-03 2.006170631374974533e+00 4.016246262341262252e+00 6.057487720145253718e+00 8.142631907157218407e+00 1.035126277831665575e+01 1.261581874178610185e+01 1.778004962977779613e+01 3.783772975833979757e+01 4.303781928319884997e+01 3.796595781282794491e+01 5.021673791627770811e+01 4.578876861974914192e+01 5.936512983790058229e+01 6.476282925431765136e+01 7.192006511781363542e+01 8.029094017388727877e+01 9.041328075193557368e+01 1.077552120738306343e+02 9.421195336248797503e+01 7.485448826076355999e+01 7.231055922690298132e+01 8.803932262849002655e+01 9.720990350816055070e+01 9.378552045551687399e+01 8.541245587577260778e+01 7.948557523152081217e+01 9.972121150969211101e+01 9.285343054142647645e+01 7.255346783783726039e+01 8.001460682946412817e+01 6.223974569601054441e+01 6.591579840549276526e+01 8.622071840470938753e+01 1.044754922778418660e+02 9.074276055409477237e+01 7.240643692044358204e+01
2.708283848820350944e-03 2.000270828384846666e+01 2.404057601567220814e+01 2.020766367872290914e+01 2.229504021469190889e+01 2.450557191946398916e+01 2.078252406052739332e+01 3.783772741512989057e+01 2.594905962022052037e+01 4.603969493288052206e+01 5.811765979135893190e+01 6.648576359345582887e+01 6.598658574937883259e+01 7.435714701999351917e+01 6.987214627179942283e+01 7.587994789035141707e+01 8.278279289694312126e+01 7.904436265770031866e+01 9.941689990056430304e+01 1.021608924074960072e+02 9.421195336248797503e+01 9.174414381673641117e+01 9.968205785749873371e+01 9.799346064451204086e+01 7.774987394530096196e+01 6.513916968708757338e+01 8.080837502541810125e+01 8.918559187093637775e+01 9.436709997200924249e+01 7.406960951110414726e+01 5.966637128853506056e+01 5.497883186683773715e+01 7.536728213286323808e+01 7.579943999574628322e+01 9.609336307892843365e+01 8.243530209500003991e+01 6.237545777495283517e+01
1.252954368065604170e-03 2.000125295436771111e+01 3.584752339981580604e+01 4.027850835441660138e+01 4.237589611135917522e+01 4.459432513788860319e+01 3.079444981760396871e+01 4.920439305725408019e+01 4.013469420812231192e+01 3.596843089441897234e+01 4.757345756971142237e+01 6.777340277081491138e+01 7.052164334779644150e+01 6.200738842616316049e+01 4.906395289050164621e+01 5.506831260009833073e+01 6.207425787716813659e+01 7.680736249528246162e+01 9.720875801364891799e+01 9.074747886381817352e+01 8.259158093006774948e+01 9.074747886381817352e+01 9.655885087482569418e+01 9.175826025490374604e+01 7.774987394530096196e+01 5.738543749264770355e+01 6.047076268418521749e+01 7.746281194448336294e+01 9.430254216114833810e+01 8.479877093118679454e+01 6.446745069601685429e+01 4.989152869005101820e+01 5.917279356953231684e+01 7.952344426789994714e+01 8.952619254558736372e+01 6.946823694119751735e+01 5.529732155104739633e+01
3.452158733728009216e-03 7.562741618918549236e+00 1.756274162089034974e+01 3.170488152929869230e+01 5.170572009514148704e+01 5.927394889635805697e+01 5.091033165923855108e+01 5.927495444422470428e+01 6.029556289017765636e+01 4.757345756971142237e+01 6.447680731211092109e+01 7.613839362312769765e+01 6.200738842616316049e+01 4.131555402924479381e+01 6.200738842616316049e+01 7.587994789035141707e+01 8.278279289694312126e+01 9.117899543476501378e+01 9.360236067302109575e+01 8.082136637466622631e+01 6.267219305621878078e+01 8.082136637466622631e+01 7.695062217945591954e+01 8.338045759367400933e+01 6.302105279008546290e+01 6.675707318182037397e+01 4.848358440948910442e+01 6.906644906553303542e+01 8.591059193199467359e+01 6.554006631048316933e+01 6.690134865540962039e+01 4.622859446944419659e+01 6.690134865540962039e+01 8.215607979430619423e+01 8.673336730498573388e+01 7.842641012387686317e+01 6.679553765243240093e+01
