MOVIE_S2_data/elevation_000025.asc
nrows	100
cellsize	150.0
xllcorner	0
ncols	100
yllcorner	0
NODATA_value	-9999
[rows 34 to 50 of 100, columns 37 to 73 of 100]
5.786576827934220546e+01 5.231407303797302433e+01 4.917717128463038989e+01 6.281065588001761313e+01 8.273213188889286585e+01 9.250646303136058179e+01 7.183339269103025515e+01 6.003293085758584624e+01 5.155444610350145496e+01 6.588244208900904653e+01 8.651107210518399881e+01 7.462056775980443035e+01 9.457243686155413798e+01 9.005630986810372463e+01 6.930513718262298539e+01 8.313925225254055817e+01 1.027176261811755182e+02 9.969601913294127371e+01 7.942543305684904453e+01 6.802525132667440744e+01 8.840794336198665349e+01 9.987524977896494249e+01 1.115078605056245351e+02 1.031756551242149271e+02 8.762038801266439236e+01 6.706268141654400949e+01 7.110734260778897919e+01 8.567149289074791341e+01 1.061640176991384266e+02 1.232282937954124975e+02 1.149195133690108435e+02 1.080560143326219560e+02 8.731920732958955966e+01 8.100445618463652409e+01 9.339287748062098160e+01 1.129231432989482755e+02 1.077331151242915865e+02
7.781939288105230901e+01 6.439718290520615085e+01 4.522558965579052881e+01 5.860327125002296356e+01 7.838492300234081256e+01 9.086535220317843198e+01 8.211303338747528358e+01 6.156238875431217394e+01 4.733015600070945084e+01 6.758153320961066868e+01 8.609441922842000849e+01 6.541885197348636893e+01 8.609441922842000849e+01 8.313925225254055817e+01 6.250452427792765775e+01 7.362327975060713925e+01 9.429280548545585816e+01 9.749878449708444350e+01 7.719968686350239295e+01 6.282212429865407444e+01 7.124166313735821632e+01 8.301389984888216134e+01 1.032390217857886654e+02 9.477136190071925625e+01 7.421670753092665507e+01 6.238382329132120674e+01 8.290412666721969970e+01 9.167361444349184296e+01 1.120955427535887452e+02 1.149195133690108435e+02 9.439703312243773325e+01 1.004079284198920732e+02 9.248334033619997285e+01 7.221830547941996770e+01 8.369483390574559678e+01 1.045406250751357220e+02 1.120921099538395538e+02
7.519009183929442486e+01 5.555939264124471322e+01 4.234718409287319218e+01 5.155223802410294098e+01 6.266468552670384184e+01 8.254267302364803527e+01 7.842202865129102918e+01 5.794739801990451866e+01 4.381079489540128691e+01 6.394427848954782689e+01 7.920256347677549513e+01 5.866336777175499151e+01 7.044462100141858230e+01 7.076368884461508912e+01 5.691176613998965195e+01 7.135769819587657992e+01 9.204274588056271966e+01 9.306919221745108928e+01 7.276267477040953224e+01 5.848563645807320199e+01 7.871030604554822219e+01 9.243532777866036554e+01 1.041092302688432767e+02 9.643509753391478512e+01 7.943556232592750632e+01 5.893559693541867972e+01 7.342158420821972697e+01 9.395458986151288627e+01 9.911020847013266177e+01 1.074916426564803373e+02 1.004079284198920732e+02 7.944143910781677675e+01 7.134614027490343346e+01 6.630291978511965567e+01 8.752010785859533826e+01 1.044403519919710419e+02 9.811984359122200772e+01
7.227525435795415376e+01 5.279329627030995198e+01 3.969545328401196826e+01 5.849937845867339092e+01 7.517658199234431038e+01 8.476903871424178760e+01 7.628256369015373650e+01 6.054109862512785867e+01 4.055047413369787535e+01 5.456810352126208841e+01 7.496118441286878920e+01 7.044462100141858230e+01 5.011683815146339072e+01 5.042766377239773590e+01 6.206274952981534909e+01 8.264939298411748325e+01 9.597782670636001967e+01 8.765549271548593424e+01 7.501780335188206550e+01 5.490882271654658098e+01 6.379891833874137319e+01 7.551412586088927981e+01 9.581449635470497128e+01 8.800722272479445962e+01 6.747500399636803081e+01 5.566235001144138295e+01 7.615294071487721794e+01 8.460407337140549089e+01 7.859543547589636603e+01 9.911020847013266177e+01 1.051053705557188493e+02 9.468037963812949442e+01 8.251916867044033665e+01 6.135273710397806468e+01 8.251916867044033665e+01 8.431864989121757503e+01 8.813509441422068846e+01
7.138588400591382310e+01 5.582776147513355625e+01 3.711878270341468777e+01 4.769228111883731458e+01 6.694103431391721415e+01 7.628256369009038451e+01 5.586803756896064499e+01 5.734003683190443468e+01 3.753510635032905185e+01 5.734003683190443468e+01 6.912816796889353554e+01 6.066259820493381483e+01 4.484540817415739866e+01 5.900873550219439778e+01 7.926504994872568943e+01 9.113288161045826996e+01 8.765550269719572896e+01 6.742764840126780257e+01 7.171190693151704920e+01 5.172608348880388007e+01 6.578247394736844456e+01 8.602682394449912806e+01 8.924622741681767479e+01 8.080368249012897763e+01 7.306386793778449373e+01 5.257656240792057645e+01 5.790941090214835896e+01 6.407472394182983066e+01 7.859543547589636603e+01 9.911020847016044399e+01 9.666494682920412629e+01 7.561904346917685871e+01 6.496479620770506358e+01 5.755949958728413662e+01 7.387759688413433423e+01 6.979607838998541069e+01 7.433836909146992866e+01
6.413618643763538785e+01 5.329431537365960025e+01 3.461130424086730528e+01 5.329431537360034810e+01 6.998221651652478670e+01 7.628126976585711816e+01 5.586799693839303416e+01 4.183984280047346260e+01 3.472670225886273698e+01 5.406188152330766883e+01 5.670316361235568081e+01 4.066843371319912137e+01 6.066259820493381483e+01 7.349758508003242241e+01 8.798651373626113070e+01 9.217159738909533928e+01 8.371027603604062506e+01 7.210423696346832401e+01 5.334104373798966492e+01 4.872675316772207310e+01 6.267793665101256551e+01 8.286519376808747950e+01 8.080368249012897763e+01 6.029848387756180017e+01 6.630431750160563809e+01 4.956181123972534408e+01 7.004317953411900533e+01 8.460407337136020089e+01 8.460407337138981632e+01 1.050640179358606616e+02 1.051053705557188493e+02 9.468037963812949442e+01 8.614199514919044987e+01 7.387759688413433423e+01 5.287296567508024481e+01 6.946789677495574722e+01 5.390186977671545066e+01
5.801204428004228930e+01 5.083114440353808305e+01 3.211188787675242651e+01 4.279508420079009312e+01 6.180860678522169138e+01 6.836903239013916789e+01 5.709195198069697597e+01 4.889361663411916226e+01 3.224929975948190730e+01 3.452339381821003883e+01 3.693761839591839902e+01 5.670316218541464792e+01 5.468896116646224925e+01 7.508423762869055906e+01 8.622147096329865690e+01 7.197399958446095525e+01 7.565955436170267490e+01 5.590948940292247471e+01 4.469381145673069256e+01 6.440296926100597830e+01 7.693996725021945338e+01 8.329122869067448676e+01 7.147652742897844291e+01 6.300887491993056955e+01 4.585663402276069434e+01 5.199373238102165118e+01 6.113911157076597647e+01 7.138260991770248154e+01 8.588028379628117648e+01 1.061972045235064854e+02 1.076758904484180732e+02 8.716018218741068324e+01 8.716018218741068324e+01 8.249694416743787428e+01 6.946789670555915563e+01 4.857483787879368720e+01 6.559851596838305454e+01
5.227617966298517871e+01 4.846386796212396320e+01 2.966085338452494113e+01 4.846386358258468618e+01 6.393697102012942679e+01 6.010514929946683083e+01 4.053343185695221251e+01 2.992585230443811639e+01 4.891994787546690304e+01 5.406188152330766883e+01 5.670316361100768177e+01 6.514300546391817193e+01 7.508423730621889547e+01 8.356756785972487478e+01 7.788973829181585984e+01 5.781567995788844172e+01 6.519302071765798701e+01 5.770458872805431128e+01 4.214140231773062339e+01 5.332482124881213537e+01 7.329986349185863048e+01 7.483762140541769270e+01 5.434954344611780641e+01 4.268153850242635627e+01 6.300887491993056955e+01 7.245336649705238585e+01 6.646474590390707249e+01 8.691117555309895693e+01 1.001904346071991512e+02 1.011181908058156154e+02 9.261030060164533495e+01 8.716018218741068324e+01 6.629155899859098611e+01 7.396170600571500131e+01 7.307999893622212539e+01 6.458173133852334047e+01 4.533148762443353519e+01
4.666664605730228743e+01 4.612473047253999425e+01 2.722502292452951167e+01 4.333181622207030870e+01 4.382383884614137060e+01 6.042762471122229329e+01 4.702561495396849978e+01 2.828097207398907287e+01 4.716370073555142994e+01 5.970606580780356154e+01 5.536594159044694408e+01 5.674629023184719756e+01 6.466086198299026933e+01 7.513500507575396625e+01 7.604152491345833198e+01 6.519379114339800196e+01 4.545163985563144848e+01 3.868295389984393040e+01 5.821358274169705993e+01 7.008059975888710369e+01 8.164037773287046207e+01 7.526339155882962473e+01 5.479643361821642600e+01 4.065482495246303074e+01 5.479643250250528297e+01 7.526310039122745366e+01 8.691117555310792397e+01 9.528931545507317935e+01 9.864433619807044806e+01 9.261030060164533495e+01 7.154109340346771262e+01 7.771212131758950648e+01 7.315547780678672041e+01 5.301146843840616896e+01 6.324275377941857812e+01 4.403073260838580438e+01 6.458194173877727451e+01
3.924357029316648493e+01 3.981968927358798993e+01 3.707791967998340255e+01 2.379565878965854964e+01 4.335835643191114741e+01 3.872093152411986239e+01 3.998699257735759716e+01 2.657141919967433452e+01 4.484377939317688799e+01 4.246841582478963062e+01 3.437757488935828576e+01 3.905431875291107957e+01 5.700525490371374815e+01 5.649263598356746030e+01 5.448779350059886184e+01 5.508894670530021642e+01 5.591155652961031564e+01 3.643206339968826057e+01 5.590853736371230553e+01 6.606034311981238716e+01 7.359181864278320973e+01 6.418884144938226655e+01 5.576291276468123925e+01 3.871351694219637096e+01 4.846500576558096895e+01 6.284400079853427457e+01 8.334327506934121743e+01 8.590428177626591832e+01 7.617855627374903804e+01 8.180051309060546316e+01 7.734423360821853066e+01 5.706572992030653779e+01 6.222233458873161283e+01 6.193366936057432071e+01 4.276149292208536679e+01 6.324275377950780097e+01 7.308074518973040767e+01
1.950252618694093343e+01 1.997100526947611954e+01 2.043942213461419755e+01 3.415579155711064629e+01 2.179762701774346567e+01 2.227678366135497257e+01 2.406419291040658592e+01 4.171461389055096447e+01 2.419778662943209824e+01 2.472460190353473308e+01 2.525867302036629880e+01 4.303392285515740667e+01 5.196404305443623883e+01 4.344849281012474052e+01 4.785945433201104038e+01 3.479550610884517425e+01 5.262870826772348209e+01 3.421932412485936936e+01 5.254500096779270990e+01 4.939820660922968187e+01 6.588347831005302169e+01 5.575116967863188933e+01 3.560178723152663594e+01 5.576291276463851432e+01 6.711176783441077021e+01 7.731002068791156034e+01 8.022891321231769268e+01 6.633702253095900403e+01 6.095225313407613044e+01 5.879435907749036971e+01 7.368737234446646767e+01 6.688543812832253366e+01 4.652466633298028142e+01 4.153380578051427818e+01 6.156938091162071913e+01 5.293058257718055870e+01 6.487215507810390136e+01
3.938731285555452644e+01 3.429514834879807950e+01 3.932460696575025594e+01 2.111500258014297771e+01 2.398383911244877709e+01 3.918513223440398008e+01 2.297343810009607168e+01 2.346653854851044585e+01 3.235905692384696408e+01 4.337953972109027490e+01 4.501378736234457989e+01 2.601787249162930493e+01 4.330686799177817647e+01 4.215400907317268064e+01 2.804931837111940851e+01 2.857391993658524854e+01 4.798767732270609088e+01 3.203239329839968974e+01 3.836019603988324889e+01 5.016907157652465798e+01 5.125953185183431060e+01 5.178396068898833704e+01 3.261326351378741606e+01 5.376624882403859829e+01 6.757738393249357500e+01 7.605674504243962986e+01 7.206814007467428951e+01 5.243317484543066342e+01 6.000348249064520445e+01 4.468452473890528154e+01 5.871688735093703571e+01 5.935500804412008335e+01 4.031423935923470481e+01 4.330873448261814218e+01 6.893685122557305078e+01 6.487024505451007883e+01 8.224331575485356893e+01
5.716673927736726313e+01 5.497334400015802203e+01 4.922786678374829705e+01 3.517666550561678207e+01 2.364898553456531971e+01 3.223587197143584149e+01 4.325024681910938540e+01 4.297507961403191246e+01 2.667611432052556708e+01 4.140277077778888071e+01 5.125966205155016553e+01 4.600433248875533110e+01 2.677292944433049726e+01 2.730381981982976214e+01 4.664686237932206581e+01 4.549419907168662291e+01 2.931091376206764210e+01 2.984054877431307062e+01 3.038346133594601639e+01 3.092495277399948961e+01 3.146477223145456037e+01 3.200322313405980168e+01 3.255682225521328377e+01 5.200366571586711473e+01 4.727391399753055623e+01 6.759834685025988676e+01 7.424048823927033425e+01 5.403776507901733339e+01 4.116964436970140895e+01 3.743093317705378098e+01 3.827089508078349667e+01 3.911365852017262057e+01 5.334492200088135405e+01 6.792475329485807833e+01 8.204988493127130766e+01 8.565436675175020298e+01 9.412495653949247298e+01
5.805515669369215459e+01 6.903306216891495239e+01 6.093960740164565237e+01 4.773712296939017108e+01 2.612049324979016518e+01 4.614740048115440629e+01 5.503845278746350544e+01 5.679458228976925938e+01 4.648165380256272528e+01 2.983381422750830581e+01 4.890005167782747009e+01 5.406186788367914176e+01 4.693914457166473397e+01 3.169795787170545509e+01 5.116828291030778075e+01 3.279129420292536423e+01 4.898903943739534839e+01 4.088074960003518044e+01 5.127137257274770121e+01 4.482928194626029494e+01 4.536150788072016127e+01 5.184077127016246322e+01 5.238789997515850416e+01 3.333489660905848240e+01 5.321466951916397647e+01 5.462229885471042223e+01 5.520843837929345455e+01 5.579210468683867674e+01 3.661712172315718306e+01 5.664211079068277144e+01 3.856360393970755496e+01 5.862381081163903218e+01 6.784871936574633366e+01 8.229168167088327834e+01 8.883467881359580076e+01 8.041073136997472659e+01 7.854137321398660276e+01
4.214318705257360875e+01 6.098494446289809900e+01 6.373295281975498483e+01 4.258620395782884316e+01 2.947260323789491920e+01 5.152387167768667808e+01 6.639138600684560743e+01 6.542322694171123487e+01 4.527035281429986213e+01 3.199828343516806584e+01 5.117293640327780935e+01 5.902784108752141634e+01 6.276428105102532840e+01 5.504899817747680402e+01 5.469905611927079292e+01 3.524748943873327534e+01 5.496684248846807463e+01 6.015275763369488260e+01 6.773944201145050670e+01 6.525309376290167052e+01 6.566585221720735888e+01 6.131965277893851152e+01 4.113710703269936886e+01 4.160431890284093726e+01 3.412230514586582331e+01 3.468108822744282804e+01 3.524064589594743069e+01 3.581094429318228833e+01 5.579906959460159754e+01 5.928802767376532046e+01 3.936703588686950894e+01 5.946914441647833627e+01 6.909920930595571065e+01 7.718323845771386971e+01 8.034459996534508264e+01 5.997618553812734632e+01 5.742056605773591116e+01
4.751350998126695657e+01 6.641973920330934789e+01 7.225516868812185578e+01 5.709553650329092989e+01 3.551657138636804234e+01 3.635921480330988231e+01 5.786159287211948055e+01 6.885850043144115773e+01 4.850373785409158245e+01 3.497609203274731016e+01 3.636203312822703992e+01 3.959570189284263364e+01 5.956370105524416658e+01 7.343133253167040664e+01 6.321021703570674788e+01 4.910573776396408618e+01 3.890789436527660428e+01 5.874850434859969539e+01 7.147092519901129037e+01 8.300948824682720328e+01 7.095755415423931822e+01 5.048674518748295270e+01 6.131965080103344690e+01 6.028717613262683983e+01 4.546143234504496888e+01 5.461655206351510827e+01 5.520840439082609663e+01 3.593827946832620057e+01 5.779840052477867118e+01 6.779961223469929621e+01 5.088261664664897665e+01 4.051344949264723283e+01 6.067626183257866757e+01 5.682305036903498774e+01 6.368777747729008354e+01 6.350485503120035702e+01 4.558602132724386280e+01
5.058723883382940301e+01 6.953471045699421893e+01 6.562185920369779524e+01 4.473671919384760542e+01 5.709553650881676390e+01 4.152258862528190519e+01 6.256731715754501266e+01 6.979292814448234594e+01 4.932801617483709578e+01 3.810465724671713161e+01 5.603591106278412326e+01 5.956370105524416658e+01 4.477205800641489475e+01 6.509872444226357402e+01 7.741006792378149726e+01 6.429145515765537766e+01 4.430606184150337867e+01 4.324818015196143506e+01 5.470887650255018286e+01 7.477997768380532762e+01 7.874298255848064798e+01 5.819097952407804542e+01 7.874298255848064798e+01 7.420950711795406107e+01 6.575332528156069145e+01 6.189866535446260798e+01 4.158809419282586362e+01 5.779756267974922679e+01 6.627910189451746703e+01 7.119849759706877990e+01 6.851010853927631672e+01 5.388812521335378847e+01 4.167204732246063514e+01 4.252556715804882970e+01 4.339100528386750710e+01 4.429326850499622736e+01 6.459182893908875656e+01
