MOVIE_S2_data/elevation_000410.asc
nrows	100
cellsize	150.0
xllcorner	0
ncols	100
yllcorner	0
NODATA_value	-9999
[rows 17 to 33 of 100, columns 37 to 73 of 100]
5.194179541049067694e+01 4.332426331349109461e+01 4.011122887255278613e+01 2.428910585699352254e+01 3.802840866633035688e+01 5.096289287139916269e+01 3.057081920917247331e+01 2.522745700395687152e+01 4.211149167524845893e+01 4.157937459923823553e+01 5.790842307242484566e+01 6.004100686714473767e+01 8.076103485023334372e+01 7.999792967609732841e+01 6.962571936330506617e+01 4.973614678602384487e+01 6.962571936330506617e+01 7.693218591661788253e+01 5.621780855203284233e+01 7.693218591661788253e+01 6.409151467825469695e+01 4.412206991860249872e+01 4.557617346719306539e+01 6.541261093210056288e+01 7.957028538856090449e+01 8.135804426572522630e+01 6.474509321785328098e+01 8.160764231470132302e+01 8.110097637516439306e+01 6.199593286347140975e+01 4.833244685442776500e+01 6.203980040472016100e+01 8.164574513491598395e+01 8.447117828638742765e+01 6.651522107097548542e+01 8.447011155982562514e+01 8.030792902065880412e+01
6.375456365312445683e+01 4.761053785345155376e+01 2.841443210426661636e+01 4.354969699272329819e+01 5.119560096095001711e+01 5.941630364979400980e+01 4.346590041198716392e+01 4.483880996680726838e+01 2.703335278800113528e+01 4.668768337149307257e+01 4.055930523609438865e+01 6.004100686714473767e+01 7.791315720108354981e+01 9.077291553026793736e+01 7.549613437091656465e+01 5.560225775634441447e+01 7.549613437091656465e+01 8.522571683354973970e+01 6.670335814754260184e+01 8.517406286404956006e+01 6.734674620962861979e+01 4.729911526313379966e+01 6.541261093210056288e+01 5.532445031930183887e+01 6.892305868127931490e+01 8.620009638622701686e+01 8.925046484884721565e+01 9.527667349344655179e+01 8.223277386095415409e+01 6.982879931223752124e+01 5.049291393954565876e+01 6.938493273783092263e+01 8.194186840294716490e+01 9.429559696021385662e+01 8.616608770645407844e+01 9.430210603974637706e+01 8.338822516589699774e+01
6.608087702569859800e+01 4.507580289368647186e+01 3.133322755675987636e+01 4.226984018000450050e+01 6.186792630807377691e+01 7.122732281603339288e+01 5.659023346046340208e+01 3.734914967939795361e+01 4.342489085517985359e+01 2.899097590901124377e+01 5.025663728949692199e+01 4.396316784511927978e+01 5.866458765452770052e+01 8.228354844380700683e+01 8.229029723628222825e+01 6.250559633152651173e+01 8.229029723628222825e+01 9.535593117751950842e+01 8.130102112883075449e+01 8.245025502189764666e+01 6.208852850978006899e+01 5.056091122831134044e+01 7.077101544332208505e+01 7.511023847199318482e+01 6.927417045162032139e+01 8.919975303791706267e+01 1.028684828270446019e+02 8.688935947280614869e+01 7.095813684702814328e+01 5.483317631321466479e+01 6.982879931223752124e+01 5.507185102542809574e+01 7.437980365846144082e+01 8.732822206839408352e+01 9.857971450740170383e+01 1.007986298913304495e+02 8.072100458081371244e+01
6.512948362447778550e+01 4.538911657981994807e+01 3.444607591740662400e+01 5.373237739729356832e+01 7.021833447773094861e+01 7.024728697555607937e+01 5.072837776421899747e+01 5.443200843113456955e+01 5.228540840871861661e+01 4.075336425355746428e+01 3.092285472423282755e+01 5.611956597341824704e+01 7.791315720108354981e+01 8.518751179797978068e+01 9.055242563826844560e+01 8.229029723628222825e+01 7.770669188069379629e+01 9.679346537004640538e+01 1.013082871918763175e+02 9.069013371186916572e+01 7.673050816465237745e+01 5.625308206509811271e+01 5.714688598463326485e+01 7.752620810647756855e+01 8.919975303791706267e+01 9.733999058080337363e+01 9.207916657452014420e+01 7.361021444529508528e+01 5.946846948158915325e+01 7.412363637113912773e+01 8.222922023035759764e+01 7.437980102912145242e+01 5.992782785477983509e+01 7.101403391640869245e+01 9.037509272516544456e+01 1.040461965374060327e+02 9.008635067070761693e+01
7.351111441501986121e+01 5.717223007894549625e+01 3.777561502488950396e+01 5.131700743651004615e+01 7.130798798867586186e+01 7.862054333635819603e+01 6.987025369285670706e+01 5.766374855346310113e+01 3.876560131668288278e+01 3.285798083152228344e+01 5.078760301964715751e+01 6.029257736858597383e+01 7.600181645310497913e+01 6.349930413518831074e+01 7.665065035535720028e+01 8.547648214197903371e+01 9.568455023476248300e+01 1.049584264713379014e+02 1.059408976444072294e+02 8.355416439554636554e+01 7.092911947772451242e+01 6.447925253873873430e+01 6.270419950173125301e+01 7.376270933081360681e+01 9.427185730577178902e+01 9.782842929528867160e+01 8.389765179991798050e+01 6.461728622519210319e+01 7.304869587379128859e+01 8.688935947280614869e+01 8.500563173492678004e+01 6.574096763854745973e+01 7.919689167277211084e+01 7.351026159486589506e+01 9.292787524742733751e+01 9.577448675228160369e+01 7.566388464186934470e+01
7.514864249953326691e+01 5.497368530412200727e+01 4.131960356739988782e+01 6.088279345650964558e+01 7.595362852174991986e+01 8.208848341352722855e+01 6.230317293993277161e+01 4.872186028823294635e+01 5.766390789740081146e+01 5.189385556311934522e+01 3.484252533083616754e+01 4.814731725765668102e+01 6.092372620340635336e+01 4.890621681611461469e+01 5.526756055626528763e+01 6.520090789695595390e+01 8.308292488988988111e+01 1.068049029594368449e+02 1.140942269134706635e+02 9.989100541493620256e+01 7.911239144855407801e+01 8.519830657564992293e+01 6.855059984390135241e+01 8.909661310681325119e+01 1.025361135072258207e+02 8.960270389600918861e+01 7.025593106244160424e+01 8.389765183162585060e+01 9.207916716225939524e+01 1.007314442847787888e+02 8.932093470369757426e+01 7.002239702770320662e+01 8.932093278665622904e+01 9.292809561782318895e+01 1.011654157482897745e+02 1.000776172682407292e+02 7.989414143061294737e+01
7.436374315872247109e+01 5.364811622111372458e+01 6.088279343998527082e+01 4.759697352930594150e+01 6.750910011197515814e+01 8.488914306923987851e+01 6.465595636705243976e+01 6.809815620976732475e+01 7.373564654859262646e+01 6.207456916041275718e+01 5.388489816842888303e+01 3.684082995973536612e+01 4.144844648413570098e+01 6.092372620865217669e+01 7.651114525582455883e+01 8.547648214197903371e+01 9.728061769454221519e+01 9.917597076029682057e+01 1.030745848202552821e+02 1.082169401822942234e+02 9.989100541493620256e+01 9.738368949692768695e+01 8.044092691970810449e+01 8.042595278447899432e+01 1.007510064215960739e+02 9.782843098578436525e+01 8.960270388669411545e+01 7.660601335994688554e+01 9.610104916449913048e+01 1.053884457337192799e+02 8.570984400367244405e+01 7.575908016031756631e+01 8.570984400367244405e+01 1.053884457337163951e+02 1.189591851629030970e+02 9.898761845453222463e+01 8.464375933347551495e+01
8.294830248820184693e+01 6.905055929554504246e+01 7.345889632531861935e+01 5.313479843471994002e+01 6.304731238245140901e+01 8.199531175055145127e+01 8.492654159766644284e+01 8.021356030194580455e+01 6.546356086374481720e+01 4.585806905554584745e+01 4.203966284054248348e+01 5.590890610684130024e+01 3.910115351729251643e+01 5.218869845963163812e+01 7.114222914687873356e+01 8.280984854560387021e+01 9.117970677796263601e+01 8.480245761638433066e+01 8.186684914617521258e+01 9.508426439504791006e+01 1.126869859144347288e+02 1.090724666418336852e+02 1.009205003255850244e+02 9.229646968892814130e+01 1.088163588543982598e+02 1.059943196885456302e+02 8.620777864184869088e+01 8.336338446669458335e+01 1.030675093076691979e+02 1.136681155594631321e+02 1.021125362507908960e+02 8.249044244782375301e+01 9.517507845621210549e+01 1.136681155509257479e+02 1.174794191491663042e+02 9.749051083482743252e+01 9.638308874901663614e+01
1.008959597042179013e+02 8.534377059203370663e+01 6.475856453261226875e+01 6.475854069872430330e+01 8.106835605345234796e+01 9.025920234301908351e+01 8.777969881047570766e+01 7.193051860541687859e+01 5.198973520736162612e+01 6.546356086374481720e+01 6.137674149014011249e+01 5.989858377865723327e+01 4.069591107362175109e+01 5.989858377865723327e+01 6.833246702430763264e+01 6.262125211897040344e+01 7.392322516742713390e+01 7.664903184890748378e+01 6.740617548430489592e+01 8.667056477324547359e+01 9.385145859485291453e+01 1.047932258197906492e+02 1.141687978183474002e+02 1.119581642829044625e+02 1.197319129049757720e+02 1.143082356529908168e+02 9.492671932530335255e+01 9.719834737928216839e+01 9.719834737928216839e+01 1.172369196349447265e+02 1.104028365533228282e+02 9.215490367410154704e+01 1.104028365524335271e+02 1.233411780360543872e+02 1.256791748279839140e+02 1.116713354544864814e+02 1.105764555549822177e+02
9.749744662021748809e+01 9.377548524056469148e+01 7.666061377959607626e+01 8.534315523849453200e+01 9.377442228124604640e+01 9.357959678845740825e+01 7.364561744010583766e+01 5.941736039205850517e+01 7.193051860541687859e+01 8.021356030194580455e+01 7.128750515241841867e+01 4.689060148882970935e+01 4.229738834348142973e+01 6.160963814532259164e+01 4.864919850475097718e+01 5.125288445653431779e+01 5.402969334082895614e+01 5.692157329580128788e+01 6.022722544676181400e+01 8.004859528014493719e+01 8.009707026594838908e+01 8.343919071532093312e+01 1.057168805376762748e+02 1.156061747730612694e+02 1.240257414312442990e+02 1.232717067526857733e+02 1.064211523670974060e+02 1.172369196349447265e+02 1.172369196349447265e+02 1.255546621613057283e+02 1.203829624398024407e+02 1.120701688274802308e+02 1.203829624398024407e+02 1.216780796348774771e+02 1.299775768777133464e+02 1.315014527304971068e+02 1.304114460711654715e+02
9.849277573906267946e+01 1.055829999182497403e+02 9.720518338284296078e+01 1.023198753837803281e+02 1.036760472596393612e+02 8.373861485770184743e+01 6.947600033208854597e+01 7.952707697043470603e+01 8.777969881047744138e+01 8.719608327400015924e+01 7.570673969190005437e+01 6.399490900808958571e+01 4.508794842430635441e+01 4.511517830511903071e+01 4.871879956986773408e+01 5.267879694663255918e+01 7.257751643684586895e+01 7.684897546486260467e+01 8.017655184309330707e+01 6.511179351737246179e+01 6.872244696740465031e+01 8.883209539178987768e+01 1.009067516946602581e+02 9.501759392344260391e+01 1.156061747730612694e+02 1.348968696553450002e+02 1.265963552506209027e+02 1.204484252570058942e+02 1.121372203456152050e+02 1.155990357217570903e+02 1.115637842897139507e+02 1.198744731999966717e+02 1.184030641192260163e+02 1.016259265980859254e+02 1.184030641192260163e+02 1.194276457422665061e+02 1.153516681129584924e+02
9.865870160927599386e+01 1.098410416962933454e+02 9.666400402543527548e+01 8.279187705203075609e+01 9.666400402543527548e+01 9.779032391588336282e+01 8.113728115427974785e+01 9.779032391588339124e+01 9.314823720584733735e+01 7.297298470717680630e+01 5.886521826885726227e+01 4.924556172972791757e+01 6.446467836382116445e+01 6.456150997183021900e+01 6.256444974687509131e+01 7.257751643684582632e+01 5.888754306353587253e+01 7.890878776883592138e+01 9.342543509650265321e+01 8.511184139687999561e+01 8.883209539178987768e+01 7.498992161420494540e+01 8.038458206795803562e+01 9.233692261401326107e+01 1.069452134185217886e+02 1.274372680045572821e+02 1.230516524650020642e+02 1.088034848876923490e+02 9.192426326705052020e+01 9.542373012540663524e+01 9.134663410075795298e+01 1.082280318237991139e+02 1.101009636812542851e+02 8.992922510363735000e+01 9.931871587368091525e+01 9.931871587368091525e+01 9.523134689347429571e+01
8.245001435283116109e+01 1.018832389769570597e+02 8.795643798437995997e+01 6.912826250308093279e+01 8.795643798437995997e+01 1.010147386926517470e+02 1.011085998117340523e+02 1.092792239543396278e+02 9.470418024951149505e+01 7.453692665258766681e+01 6.040381264954928753e+01 5.382034651791255442e+01 5.740913265304604352e+01 7.739622259909535273e+01 8.257642435844492468e+01 8.720494648653854597e+01 7.041223693133949268e+01 6.641076706755890768e+01 7.799759896181213037e+01 9.812134432744181822e+01 1.035724867559126068e+02 8.665148786658791380e+01 9.413976959055871419e+01 9.525956433102753351e+01 1.165601913531032352e+02 1.215601722847826522e+02 1.114990350894353099e+02 9.455531731038259124e+01 7.991092962724917470e+01 8.080207751804863392e+01 7.932429861444487074e+01 9.908790773397157636e+01 1.135601259919281887e+02 9.341973065538542187e+01 7.898083386047632359e+01 9.134154223902882563e+01 8.081699191132440774e+01
9.865870160927599386e+01 9.176490732791607741e+01 7.984305009078084936e+01 6.038659957911922760e+01 7.335756658689085441e+01 8.554051041110732001e+01 9.368962754184137509e+01 1.029512422209621292e+02 9.689647383622805421e+01 7.674611956981318883e+01 7.870956290844490866e+01 5.864610592275315781e+01 7.739622259909536695e+01 6.730121119105595540e+01 8.749123400713489218e+01 9.879020236111479392e+01 9.051529205740210671e+01 7.273442510227469882e+01 9.287047148867468138e+01 1.063739358768263656e+02 1.152462491771915580e+02 1.069477364359874088e+02 1.123036261634444344e+02 1.161564352146258443e+02 1.251714007255021244e+02 1.132551703092288164e+02 9.310297893566965399e+01 8.278764912018795030e+01 7.471356092156158013e+01 6.834118131905894700e+01 6.962906357650305722e+01 9.069351750193139594e+01 9.855218725279107161e+01 9.019508503426942525e+01 9.134154223902882563e+01 7.088711683525670537e+01 7.352809253592357663e+01
8.228601929935213377e+01 8.362901351615811052e+01 6.412495500476347843e+01 5.377309434810808852e+01 6.963121742534330849e+01 6.605568541932670712e+01 7.526504278917822433e+01 9.026137387728240924e+01 1.000197842796822272e+02 9.689647383622805421e+01 8.411206901391949486e+01 6.389775308805268139e+01 8.411206901391949486e+01 8.158861090177377662e+01 8.158861090177377662e+01 1.017414267616744183e+02 1.011413195411266486e+02 8.437147211152847603e+01 8.698893087329207674e+01 1.070697666099798226e+02 1.181906918744205939e+02 1.099534581031898028e+02 1.099534581031898028e+02 1.084624607591665892e+02 1.167031118689567393e+02 1.215601722847826522e+02 1.114990350894353099e+02 9.175812400054726936e+01 9.547184022858007779e+01 8.324592036205321222e+01 6.197523151796296048e+01 8.324598923223746283e+01 8.679726963691423691e+01 6.975873987978832247e+01 8.152584445907780264e+01 6.573199452246655028e+01 7.352809253592357663e+01
6.359255116414573905e+01 7.654614614553912588e+01 6.736618537163296594e+01 4.802046293312414349e+01 5.001594417022390360e+01 5.574889924691373722e+01 6.271244979801118546e+01 7.241883160312916345e+01 9.184173611616530764e+01 1.042565335190170828e+02 8.411206901391950908e+01 7.057857247786948562e+01 9.087882605034944561e+01 1.017414267616744183e+02 1.017414267616744183e+02 1.099792952531468018e+02 1.127108028804140361e+02 1.044803205446047372e+02 1.070697666099798226e+02 1.152937082089611636e+02 1.099534581031898028e+02 8.985368430274883167e+01 8.985368430274883167e+01 8.834770428027668743e+01 1.026125517986469617e+02 1.225853903103024862e+02 1.203100655682902840e+02 1.119959824928199339e+02 9.435916584008552377e+01 7.348451125945582874e+01 5.868917964008113586e+01 7.503491568758977337e+01 7.420811367309802620e+01 5.787670711136317436e+01 6.101137792277619099e+01 8.152584445907780264e+01 9.394468097781866334e+01
5.259610322858925002e+01 6.178383811882703469e+01 5.174439074300769192e+01 4.319518246734506306e+01 6.290323420446998881e+01 7.526504278917822433e+01 8.213028385964722133e+01 9.026137387728239503e+01 1.000197842796822272e+02 1.088174426126575582e+02 9.916159929374197191e+01 8.497849279372357501e+01 8.497849309937839735e+01 1.051235972529728429e+02 1.130686657186591191e+02 1.048220847534930442e+02 1.130686657186591191e+02 1.056621932668693375e+02 9.738515110845501965e+01 1.056621932668693375e+02 9.578693547211734938e+01 8.747511521458774553e+01 7.549412514338813196e+01 9.461142439481658073e+01 1.028998048463880224e+02 1.199417841200849608e+02 1.140907358666511868e+02 1.073556100278659926e+02 8.685445064270471960e+01 7.190696285258481169e+01 7.503545088497669724e+01 5.475031153569903353e+01 5.368735019129125163e+01 7.420811375281891742e+01 8.112941738844102701e+01 8.968658984986072369e+01 9.292796828799788500e+01
