MOVIE_S2_data/elevation_000935.asc
nrows	100
cellsize	150.0
xllcorner	0
ncols	100
yllcorner	0
NODATA_value	-9999
[rows 0 to 16 of 100, columns 37 to 73 of 100]
1.140561976471414454e+02 1.040628414135623672e+02 9.578407404641637868e+01 1.040628414131999335e+02 9.752545408332017018e+01 1.058039257954238082e+02 1.043173216998197859e+02 9.845187245354924244e+01 9.852878486263405478e+01 1.067798045569123104e+02 1.019543644465514234e+02 9.367122179748446342e+01 9.628546863578220893e+01 1.045631240985289310e+02 1.046927816509320763e+02 9.641143719329522810e+01 9.901391814546879289e+01 1.072948024718025692e+02 1.157516917853699852e+02 1.074036179814796981e+02 1.055342611725808837e+02 1.055342611725808837e+02 1.138735203089299688e+02 1.179355957061949169e+02 1.121853963985722800e+02 1.177449677900205245e+02 1.096151245407521770e+02 1.049009653219831080e+02 1.130409024476958422e+02 1.078834030578362331e+02 1.160153910092044498e+02 1.191503978154608916e+02 1.109508746885046548e+02 1.109431619783555050e+02 1.167347983305170800e+02 1.202057138906371705e+02 1.118952436761185254e+02
1.056136637195411652e+02 8.569726730414537030e+01 7.561046056187404929e+01 9.400340569240705690e+01 7.736081603831307518e+01 9.419207486213558411e+01 8.423122937548130551e+01 7.834084614687854753e+01 7.894921532613729198e+01 9.640551310254814155e+01 8.753020852655613737e+01 7.373095784664384666e+01 7.639869649887715752e+01 9.628546863578220893e+01 9.314402847349550996e+01 7.640422920086653846e+01 7.900876750515267588e+01 9.574728634408772621e+01 1.042301684104126736e+02 8.752983845717542977e+01 8.567102566087322657e+01 8.567102566087322657e+01 1.055342611725808837e+02 9.817859209737866877e+01 9.237678379031751774e+01 1.063431657711582119e+02 8.978440994621860227e+01 8.502126307346182443e+01 1.016019326331638837e+02 8.803553622814928303e+01 1.045926631274115124e+02 1.077158342561990310e+02 9.114155166384676932e+01 9.113168883096284389e+01 9.693433497053953829e+01 1.101924323780207118e+02 9.188387685263332116e+01
9.733964455270819371e+01 7.717445563723636326e+01 6.551046313667254140e+01 7.708958508528428411e+01 6.569670990109726461e+01 8.518154374633488146e+01 8.423122937548130551e+01 6.433996806947625657e+01 8.423122937548130551e+01 9.341864042572528604e+01 5.992569293563692412e+01 6.248519406996635439e+01 7.564091726639989588e+01 9.578920767509083589e+01 8.419282707271410970e+01 6.483773611538909165e+01 6.744486218197496896e+01 8.746395144858570347e+01 9.592948602330736207e+01 7.606948548755632089e+01 7.161765204074175983e+01 9.148883264594692832e+01 1.042301684104126736e+02 9.817859209737866877e+01 7.819427150077940780e+01 9.817859209514355712e+01 9.342341387614227699e+01 7.335278514571348296e+01 8.486526903059161953e+01 7.640352099994582602e+01 9.642423180087659773e+01 9.951395670775323765e+01 7.962523928016842945e+01 7.702632073972385740e+01 9.624789689919292357e+01 1.018895602643759304e+02 8.188904047134208497e+01
9.896091503202724482e+01 9.135338895390459868e+01 7.118132407187195554e+01 5.694127699742534787e+01 5.670847306536889931e+01 7.685561656870564207e+01 7.078439545325096560e+01 5.844580644953994408e+01 7.162862790861341011e+01 8.694345881973211476e+01 5.902971217919117208e+01 5.468572498398511783e+01 7.366284430009658024e+01 8.237690961411685464e+01 7.567502415799773985e+01 5.582072611621081393e+01 7.004330592250906307e+01 9.005952113780843149e+01 9.851154690926389890e+01 7.864433885080750031e+01 6.450780315480857041e+01 7.606948548755632089e+01 9.592948602330736207e+01 9.111306779089440511e+01 7.092387511043729376e+01 8.208418634204963382e+01 8.673320429997545489e+01 6.637787919199895725e+01 6.443045547064369316e+01 8.486526903058458515e+01 9.795992417094615234e+01 1.020832018398833441e+02 8.221067075028749116e+01 6.805184115284737345e+01 8.803120034711095343e+01 9.522272033336474806e+01 7.520716934443328228e+01
9.083586604010407939e+01 9.039604739408920864e+01 7.021803894172145988e+01 5.859088476366034115e+01 4.965571774624095269e+01 6.454870232479957792e+01 5.093124241103281946e+01 6.228500620475884375e+01 8.239477708334334238e+01 8.489083798267913039e+01 6.573983958186605037e+01 5.189995419559024725e+01 4.710173745361345965e+01 7.097900969210643041e+01 5.716430364071359094e+01 5.070308000697620798e+01 6.488511454355496255e+01 8.489414380494397960e+01 9.406910413507989688e+01 7.417397374844448166e+01 5.993227473611199230e+01 7.417397374844448166e+01 9.406910413507989688e+01 9.370620143459056806e+01 7.357628080791246816e+01 6.139414699801380948e+01 7.476915278046780600e+01 7.805366451060734789e+01 5.704423414215250432e+01 6.949086950130929097e+01 8.975130892758265588e+01 9.219595750438790560e+01 8.303636054854007398e+01 6.302785252092613177e+01 8.303636054854007398e+01 9.158999831506460509e+01 8.668806071517980172e+01
9.083586603985612840e+01 9.869115152838148219e+01 8.706705198958660219e+01 7.806209724263246130e+01 6.454870232479957792e+01 4.453708786990576129e+01 6.454870232479954950e+01 7.910333158809902443e+01 9.070625976859699335e+01 9.064499693787335843e+01 7.075870596005081836e+01 6.425748466270511017e+01 4.388358815876433994e+01 5.850443890028994787e+01 4.412181376133283806e+01 5.564470338909514879e+01 6.977339179381775125e+01 8.977591115853735459e+01 9.009007805775290478e+01 7.014581296954929712e+01 5.568905004342590814e+01 7.598735296810194484e+01 9.208355454046031241e+01 1.018896148515257352e+02 9.033074462461485155e+01 7.476915278043149726e+01 5.347333471799328919e+01 6.803432507919501404e+01 5.247721535545297655e+01 7.385176061986537377e+01 8.015754803701149456e+01 7.226701959864600155e+01 7.227974374162342031e+01 5.842927191905791062e+01 7.844609106512554320e+01 7.182776109631200256e+01 7.222750406663634237e+01
8.569094826576717594e+01 9.652334702219079077e+01 8.823087779196752933e+01 7.606519175916490383e+01 5.593738828266472041e+01 4.178899140431125403e+01 5.593738828266472041e+01 7.606519175916490383e+01 8.932150884696523008e+01 8.347056189775396717e+01 8.687108465713235717e+01 7.255636940233583232e+01 5.850443890010622994e+01 3.825673470350014327e+01 5.850443890028994787e+01 6.264856977266552462e+01 7.056792218471480282e+01 7.498976673600429876e+01 8.326058292312750098e+01 7.221805274196880475e+01 5.151531177240607207e+01 6.373697261427992089e+01 8.380342364819563272e+01 9.336323942670831855e+01 8.714276409511036547e+01 8.304984778327717265e+01 6.803346552355289134e+01 4.647303643856673006e+01 6.694150152474600191e+01 6.521175970795387400e+01 6.008325222127617593e+01 6.671878395314868726e+01 5.227606468076859159e+01 7.223348124123695868e+01 7.846651715764058110e+01 6.741149504057854358e+01 5.216256696267546999e+01
7.404396990516565324e+01 8.823087779196752933e+01 6.806529373593603793e+01 7.397165655936039741e+01 5.922949427754404184e+01 3.915542945212505543e+01 5.560315707677878549e+01 6.393686640969107771e+01 6.931664085882520965e+01 6.345389480374335989e+01 7.269002365889694772e+01 5.850896243795563834e+01 5.576688570832840952e+01 3.547243645512446619e+01 5.196422917374446371e+01 4.386781992217758130e+01 6.026303069083407848e+01 5.495825869580826861e+01 7.498976673549874761e+01 6.866756195685019293e+01 4.745319904994993720e+01 6.275151502319846486e+01 8.295016270095590016e+01 7.363043573597602176e+01 6.758588229614105103e+01 6.946231976459657176e+01 6.247568598202890655e+01 4.356877643040253645e+01 4.436772006525152534e+01 4.517037254345244435e+01 4.597160830042017921e+01 4.677145899380521854e+01 6.656516962712657914e+01 6.871611885813598519e+01 6.962947113574790592e+01 5.090323078681478108e+01 7.092198610177153739e+01
6.568018574985138969e+01 8.062051931272264937e+01 7.397165655936038320e+01 5.382533005805684212e+01 4.712516416546210252e+01 4.105476823078294757e+01 3.542559997736448452e+01 5.235735169416078350e+01 6.069774508064332963e+01 4.924421498079335180e+01 5.662230895583030588e+01 4.440303693049965261e+01 5.046680643502053698e+01 4.902431573185645419e+01 3.164895362407031953e+01 3.228124016863271351e+01 4.068349532017820991e+01 6.082519608895057672e+01 7.696930907326552074e+01 6.512602920863626821e+01 4.359188712561861223e+01 6.195493660288622806e+01 7.055482072213246170e+01 7.362954861406592499e+01 5.341154352400300098e+01 5.562858461285084388e+01 4.248116559327014841e+01 5.081944436304681290e+01 5.004151720985083074e+01 6.436900048566634780e+01 6.578620945185548408e+01 6.148842619355133365e+01 4.792179327113941412e+01 4.875443740446917928e+01 4.965074210759657802e+01 6.962611925786185907e+01 6.504563417710804174e+01
5.181506945619410232e+01 7.218971920749851279e+01 8.229432037906323671e+01 7.397165655936039741e+01 6.725619623141466263e+01 6.118646691346500432e+01 5.235734809234063647e+01 3.188284731164956654e+01 4.938108548606475523e+01 4.839697937403061445e+01 3.642368260324487750e+01 4.460194347005854354e+01 3.019914289529500806e+01 3.079243287801124396e+01 5.108548985825311917e+01 5.260338284811010823e+01 3.319802415010198615e+01 4.790152844331264248e+01 6.262530848721258536e+01 5.764023941407305784e+01 4.005946471735624215e+01 4.570233931617493539e+01 6.194817145314885920e+01 6.862380978737527926e+01 6.029078286317846391e+01 4.140155388571210437e+01 6.145202599167018320e+01 6.497425070361444455e+01 5.559501539696184835e+01 7.160960574499559073e+01 7.280458317296698567e+01 5.286779096494436914e+01 6.793719732722382787e+01 6.868231990604346038e+01 5.058512667564571075e+01 7.134465785358236189e+01 8.510930190456073774e+01
4.543789032650818172e+01 6.036152043044766913e+01 8.197116311921743659e+01 8.762025782089402526e+01 7.983918442725457965e+01 7.027712663282351002e+01 5.169776477685099536e+01 4.786509799382766772e+01 2.867092592811083662e+01 2.825880747315704156e+01 2.881631283134187527e+01 2.937746204754608215e+01 4.959557402917864266e+01 3.194601096441132171e+01 5.802936951013624878e+01 6.180659652525326209e+01 4.762961064151082979e+01 3.413126650226584502e+01 5.442293330068856250e+01 3.606829947059159025e+01 3.676953601071235056e+01 5.614871472334726832e+01 5.856025289577205228e+01 5.933989203057603845e+01 4.033588332674280963e+01 6.039453238346329300e+01 5.560705070281747453e+01 7.567044795150512471e+01 6.801958994644080292e+01 7.269405199195298906e+01 7.651227805546920990e+01 5.649279121850241125e+01 7.651355973405611621e+01 7.364153230437749187e+01 5.263801539670641461e+01 7.365043016349527250e+01 8.523543771926065915e+01
6.398968849725207519e+01 7.336175501203601357e+01 8.380671287375506040e+01 7.690317227215909668e+01 6.136886676481784519e+01 6.061355114541510147e+01 5.093646916156044568e+01 4.499897865769666794e+01 2.746184217148361739e+01 4.750463585723493054e+01 4.898653408387249186e+01 3.338624442188066155e+01 5.278949600854440405e+01 6.011894404845025974e+01 6.831087071130987454e+01 7.588251534525106479e+01 5.907720567978023496e+01 3.929900688924163887e+01 3.507746607426977903e+01 4.828163951483226413e+01 5.658700760066898994e+01 3.778496528841525759e+01 3.850103325393776288e+01 3.926781056883977783e+01 5.934027130585342036e+01 6.868029413481502843e+01 7.569589953821899542e+01 8.402863206188993672e+01 8.898377137111472734e+01 9.063513063186367447e+01 8.036968327365057974e+01 6.033268106352078064e+01 8.036968327365057974e+01 8.196600192112273930e+01 7.365043016348676019e+01 5.654625502373605173e+01 7.693663792013261116e+01
6.293508664861955992e+01 5.929033910182376133e+01 7.652523715853111241e+01 6.917534155281769870e+01 5.030868380697298647e+01 5.152542753964864630e+01 3.067534867530322629e+01 2.667986633571556254e+01 4.670078220882733433e+01 4.754001976025240594e+01 6.096825281694628984e+01 5.278949600854527802e+01 3.940515130409075795e+01 5.887019653735129054e+01 7.444390512253163195e+01 7.391622504041002628e+01 5.295735878192947865e+01 5.909551478773345679e+01 5.533267033840780158e+01 3.841418730782363156e+01 5.820277252780981314e+01 5.827150559054859968e+01 5.861101840649546801e+01 3.991537251467305936e+01 6.067528056110222678e+01 6.938143174950423031e+01 7.603362408431625852e+01 8.431909706403678229e+01 9.432292062350437334e+01 9.867442210906288835e+01 7.857619271396721672e+01 6.441055183822956565e+01 7.857619276976528511e+01 9.867446567775994026e+01 8.523543771926065915e+01 7.693663792013261116e+01 6.029958918796288003e+01
4.437959503289407337e+01 6.240439629921232978e+01 7.168401920192755483e+01 7.690316828307548747e+01 5.909062239374323156e+01 3.946399187594644076e+01 4.277681819533167129e+01 2.612619899438950455e+01 4.025715036013422576e+01 6.042300047419794140e+01 7.588182658713465401e+01 6.709832063938934255e+01 5.039806386218248946e+01 4.657856979228573380e+01 6.622375977706474259e+01 8.238140199309080458e+01 7.391886155352992205e+01 7.613268919719007499e+01 6.046207419055338050e+01 4.077672588922852981e+01 5.217245565551902331e+01 7.178206400042449786e+01 6.897237961416664120e+01 6.067528759459810317e+01 4.284095862478312000e+01 4.944712953922613252e+01 5.607705752357263407e+01 6.602768901361609721e+01 8.603955755089592117e+01 9.520061643875334312e+01 7.511207754547254467e+01 7.857619275911203260e+01 7.336042854152410086e+01 9.344488065989671099e+01 9.973726182072562096e+01 7.971711401428301258e+01 6.568711626889546551e+01
3.553700087770397431e+01 4.424647714467320014e+01 6.375278847845222430e+01 6.582180991791246072e+01 5.775787389609654809e+01 5.115529956758834373e+01 4.201286386440282428e+01 2.557152061268492815e+01 4.583325401277345890e+01 6.404978109847644419e+01 7.387167714890026105e+01 7.495947222997624237e+01 6.966073893003392925e+01 5.242575589421164040e+01 7.207467359556422082e+01 9.003840620738873213e+01 7.037278680852300283e+01 5.660515911784271026e+01 4.976353703792278083e+01 4.319002245466602830e+01 6.280887743224030828e+01 8.000675985212954799e+01 8.451273038107181890e+01 6.533679550865136321e+01 4.528923669166900368e+01 6.533684504018852124e+01 7.603362407166071080e+01 8.431909706403678229e+01 9.432304131603235930e+01 1.035496091000718906e+02 8.514412866154944481e+01 9.867445154267784346e+01 8.045161080488126970e+01 1.005511359101946880e+02 9.452517280615826678e+01 7.452512506671951087e+01 8.558087954643306716e+01
2.798583794907604272e+01 4.379196643127851019e+01 6.126345990600952973e+01 5.789162568270261744e+01 3.807289584754331457e+01 4.315434543177091342e+01 2.478898927617214554e+01 3.263514981509077728e+01 3.428793792846914101e+01 4.205327043088151839e+01 5.604724366335373986e+01 8.161601198063544871e+01 7.848802877121536881e+01 5.895984747861000841e+01 7.848802877121536881e+01 9.167211745645808207e+01 7.242025267810406319e+01 7.613271337412092521e+01 6.533486979943862138e+01 4.578137309407205890e+01 5.956228600035832699e+01 7.927206780962733035e+01 7.622939793573692668e+01 5.627895674111584867e+01 4.750413669704659725e+01 6.730733762459823311e+01 6.656000873900343606e+01 8.070973933955694690e+01 1.007139355124303961e+02 1.136157909044373611e+02 9.935070308095677660e+01 1.089057443741648399e+02 9.048830785509987606e+01 1.089057443741648399e+02 1.016089372202241492e+02 8.157302580616853049e+01 1.016089372202241492e+02
3.963638246211163363e+01 4.140256571221853221e+01 3.968977709880991966e+01 4.375905590597973571e+01 4.318354568176602726e+01 2.400571503844947330e+01 4.397931648881493771e+01 5.250600228813860326e+01 5.534939964189395312e+01 6.405178793664786951e+01 7.388501883610281595e+01 9.032727850716656803e+01 7.745676773023181738e+01 7.020081019880841211e+01 8.666982974940954421e+01 9.962710254679078048e+01 8.451848267816819771e+01 6.359223372477282510e+01 4.967611993272284820e+01 6.526844248652568581e+01 5.956292535695904888e+01 7.928459716238344868e+01 7.622939793573692668e+01 7.558521924543767057e+01 6.730733765572462346e+01 5.039773064503163624e+01 7.023169635895196450e+01 8.834457674366237256e+01 9.661822243703760194e+01 1.107270939336270885e+02 1.195163870610594898e+02 1.189785748795761435e+02 1.106139639652908357e+02 1.189785748795761435e+02 1.099525598872816090e+02 9.313070536593183135e+01 1.099525598872816090e+02
