MOVIE_S2_data/elevation_000229.asc
nrows	100
cellsize	150.0
xllcorner	0
ncols	100
yllcorner	0
NODATA_value	-9999
[rows 68 to 84 of 100, columns 0 to 36 of 100]
7.311399400410928048e-03 2.000731139940005576e+01 3.132880903271996331e+01 3.799547569938710012e+01 4.627974694684929347e+01 5.627974694684947110e+01 4.730848951255768498e+01 2.731609421293489603e+01 4.730848951255768498e+01 3.715935961854346914e+01 3.715935961854346914e+01 5.105431907191311325e+01 3.420279348300184097e+01 4.835700852116104898e+01 6.836304764860499006e+01 6.058906306775739381e+01 5.058656660879101707e+01 7.059155952672374212e+01 7.720595818592484250e+01 8.548119200173640309e+01 9.391868094695770708e+01 8.564572992000744023e+01 9.391868094695767866e+01 9.605017853316459764e+01 8.787037466084790083e+01 9.167819821887117371e+01 7.967655439509661619e+01 5.986171445966107285e+01 4.582756231533244318e+01 6.568234941130336324e+01 7.761981226692853397e+01 6.098616583044879746e+01 6.938627143135299491e+01 8.513106225615585743e+01 9.507222627518653724e+01 8.569827880213426852e+01 6.579397957078396075e+01
8.304378570984571536e-03 5.555306340823299216e+00 1.132880903271960804e+01 1.799547569938639313e+01 2.799547569938657077e+01 4.799547569938727776e+01 5.437522507971961971e+01 3.438747851815005419e+01 5.437522507971961971e+01 4.833846113521050114e+01 5.666842890453471426e+01 5.938422395273106247e+01 3.937026401322317071e+01 5.352592512663856184e+01 7.352740843111783420e+01 7.886853268926454064e+01 6.473696092655568179e+01 6.692385888895519486e+01 8.691095589407439093e+01 8.451675058769882298e+01 7.609337600062157492e+01 8.451675058769882298e+01 8.874092577758108291e+01 8.052924666661013475e+01 6.802371987980164647e+01 8.356322414759411288e+01 6.371827670495905238e+01 6.197971868719800881e+01 4.213281506962179890e+01 6.199500738750764128e+01 6.187934659177512486e+01 4.952481519497661822e+01 5.702653825005751287e+01 6.695436831220951035e+01 8.683834570053511470e+01 9.390073885774441464e+01 7.852630032181936315e+01
8.037589590134858880e-03 2.000803758958977951e+01 3.132880903271996331e+01 3.799547569938710012e+01 4.627974694684929347e+01 5.627974694684947110e+01 6.264514025430289479e+01 4.593434996438254814e+01 6.264514025430289479e+01 6.804737649013721068e+01 7.640904736653922669e+01 6.766512217190732770e+01 4.832441239249046561e+01 5.203219110960316840e+01 6.618104279957030656e+01 8.616873482550681729e+01 8.472581086949979579e+01 8.691095589407439093e+01 8.378302244516193298e+01 7.439515743200524867e+01 5.588856196048994462e+01 7.439515743200524867e+01 8.052924666661013475e+01 6.067292073819080400e+01 5.656029205805183580e+01 7.470692325788597543e+01 6.738968572925651301e+01 4.750536944762081504e+01 3.860993175374488118e+01 5.848429241007449519e+01 4.201238595129883180e+01 5.606000160881826844e+01 7.592848816933084777e+01 8.513106225615585743e+01 9.507222627518653724e+01 9.834399833272495073e+01 7.852630032181937736e+01
8.866319943247203544e-03 1.415100194364711683e+01 3.415100168554173621e+01 5.019923469463148535e+01 4.468600480954566478e+01 4.468600480954566478e+01 6.468600520364842055e+01 6.590567491744194228e+01 7.417388019407913191e+01 7.595753101491291659e+01 8.420237447555345511e+01 7.660972264375904217e+01 5.988135757447540897e+01 7.203530225369887319e+01 8.031242907320317670e+01 7.652639875152661375e+01 6.814247820518200172e+01 7.652639875152661375e+01 7.536749467524541046e+01 5.519913341380334515e+01 4.593495337766677977e+01 6.599096898055574911e+01 8.052924666661013475e+01 6.067292073819081111e+01 4.662761339028263308e+01 5.838123987983193786e+01 6.660567657370417294e+01 5.530191445867234989e+01 3.541549147684735743e+01 5.090979806865357915e+01 3.731588999151126984e+01 5.719666718751840051e+01 7.451694633619359820e+01 8.275084399471248275e+01 9.485152549120614651e+01 8.902726098658618525e+01 8.606601348495951243e+01
4.238120735784241429e-03 2.000423767887537707e+01 2.191501543890476000e+01 3.203689415173229094e+01 2.468600478307818946e+01 4.468600480954566478e+01 5.365395970000368919e+01 6.365396088028436594e+01 7.265039229777100616e+01 5.590591262226130453e+01 6.886821334530850436e+01 7.712825901223038727e+01 7.987531774776645932e+01 8.815058738776434666e+01 7.825216718391942550e+01 5.812060407726835365e+01 4.809872994935464874e+01 6.647570005985605235e+01 7.616360031363838345e+01 5.890009666236276331e+01 3.892774823136635121e+01 5.890009666236276331e+01 7.353599326493421984e+01 7.242548161505189341e+01 5.256392447985753336e+01 3.849864434236773292e+01 5.156204521341236102e+01 5.979146950499901436e+01 5.090980920740999949e+01 3.100569425002928625e+01 5.090980920740999949e+01 6.046740487210098536e+01 5.464789425463821715e+01 7.451694633745273677e+01 7.519608348831651767e+01 6.946702218494347392e+01 7.730825152926036026e+01
1.555317930585579152e-03 3.850557112528098624e+00 7.772879815291796390e+00 1.203689414240404254e+01 1.781039683430040199e+01 2.536968629448508139e+01 3.536968629448543311e+01 5.536968633845944510e+01 6.368083500342060432e+01 4.428616164424634860e+01 4.879029741367566686e+01 6.555933463438992703e+01 7.452558828595333296e+01 8.607231529091266964e+01 7.016977870705534315e+01 5.812060407726835365e+01 3.816991676173876158e+01 5.812060407726835365e+01 6.348453592659403455e+01 4.768042840246415182e+01 3.361055474165399914e+01 4.508752204650001261e+01 6.513896535081379113e+01 7.192023847969038286e+01 5.205678018217041370e+01 4.057337583689764671e+01 3.164943546589770662e+01 4.593074230460931062e+01 4.525175210018603167e+01 2.852379592641536021e+01 3.429160077634330861e+01 4.059520081147086046e+01 5.464789425463808215e+01 7.451694633310432891e+01 7.519608348831651767e+01 5.574702561935867351e+01 5.776784489688859736e+01
4.786148573735437791e-04 2.000047861485701972e+01 2.777287982282093992e+01 2.358389952619676322e+01 3.781039684797712397e+01 3.414032845321469978e+01 5.365395970000368919e+01 6.365396088028436594e+01 5.539416237418122790e+01 3.529224261434320908e+01 3.717584433783985531e+01 4.617180466821107387e+01 5.778872592954722620e+01 7.783170695362275637e+01 6.180408847146816953e+01 4.181919712231804453e+01 3.186899643182844599e+01 4.452961794989805355e+01 4.344743304399290906e+01 4.344743304399290906e+01 2.913787834795871134e+01 4.066253142830918677e+01 6.100299623606763788e+01 8.014724887788032959e+01 6.867936305452808199e+01 5.791373614278163018e+01 4.572313126009406403e+01 2.598372978992754767e+01 2.530809303140902244e+01 3.942674033299509517e+01 5.418326217603645745e+01 6.046740487250913532e+01 6.869936830538122763e+01 7.051786986135827817e+01 7.867649338655095903e+01 6.396716469218905843e+01 4.436901517381706128e+01
1.415922250553260878e-03 1.414355154598137787e+01 3.414355154598066378e+01 4.358389954921465659e+01 5.186817290041532402e+01 5.414032852578520760e+01 6.242460344120194549e+01 5.865573896368400852e+01 4.828706048565658193e+01 2.823276439803684568e+01 4.828706048565658193e+01 5.736443673367150353e+01 6.564752224340394093e+01 7.721649749080140168e+01 7.016977870705534315e+01 5.605579459073018711e+01 3.609187102751770482e+01 2.455569553012368900e+01 3.836553166738901410e+01 2.345999312264964942e+01 4.344743304396037331e+01 5.744545155279769943e+01 6.898272539278278259e+01 8.024208818055193149e+01 6.324664036246903720e+01 4.418437130471230745e+01 3.167176398870096676e+01 2.215901315643867520e+01 4.215592185040947015e+01 5.348708731740737221e+01 6.754743388687622030e+01 6.456321407291301284e+01 6.714432237261746650e+01 5.042855870416228470e+01 6.714432237261746650e+01 7.209560915802731529e+01 6.395161550577245180e+01
5.113348591224673584e-03 1.414724897232230028e+01 3.414724897232300549e+01 5.150077116573670821e+01 5.976391071918775566e+01 6.554601536880345236e+01 5.518304076020475435e+01 3.879992979582383583e+01 3.891546069537002950e+01 2.392927987173526461e+01 3.018821322365856830e+01 3.726223963932496730e+01 4.887841128778867983e+01 6.895656306990866824e+01 7.201720944086521570e+01 6.440321313646914803e+01 5.284515659107562158e+01 3.836553166735632203e+01 1.840377483220173360e+01 3.836553166738901410e+01 5.176774387267252564e+01 6.589403238943611996e+01 5.093744626680775411e+01 6.115923257661030021e+01 5.264642741209830490e+01 5.481039712343222448e+01 4.030482295573112594e+01 2.023755963654064161e+01 3.447274301907563654e+01 5.438472401299731018e+01 6.456321394324790219e+01 4.435794644455402391e+01 4.806568176721791019e+01 3.861403901087630430e+01 5.891930065674043249e+01 6.478477903026555396e+01 6.728138867849364146e+01
3.630678512830590090e-03 2.000363067851247578e+01 3.736435113486665927e+01 3.150885423467754975e+01 5.150077116573670821e+01 5.779695505809934275e+01 3.906773172091264001e+01 2.781623571346058910e+01 1.902628218611064526e+01 3.891546069537002950e+01 5.025723679259104415e+01 5.736443673367150353e+01 6.564752224340394093e+01 6.618719853284663657e+01 5.208825337162355851e+01 6.618719853284663657e+01 4.981909494151860684e+01 2.984682428413242405e+01 1.591523560993537956e+01 3.569656692398634590e+01 5.349911408909834165e+01 5.532023461764332950e+01 3.540155403185683980e+01 5.153671116855212375e+01 3.011247844395608553e+01 3.193379597026617489e+01 3.839150174888841605e+01 1.829180288191375681e+01 3.264494816255776755e+01 5.258059100941783015e+01 5.354361234618911425e+01 4.806568171063073436e+01 2.754137453220087295e+01 4.476871347744742735e+01 4.895422911702678448e+01 4.895422911718052461e+01 5.928437665924975164e+01
3.897887252982968069e-04 2.000038978872494155e+01 1.736700781850204578e+01 3.736434548426678504e+01 3.919160751462104741e+01 4.463036087845733135e+01 3.991236704612502706e+01 3.101399111392388974e+01 1.599497419834936984e+01 2.987592793481026376e+01 4.930700057533660186e+01 5.681425651842213398e+01 6.595956976061124521e+01 5.725950081639049927e+01 3.795533948736100172e+01 5.725950081639049927e+01 5.128872725567856605e+01 3.314148985207368270e+01 1.375325168788072183e+01 2.474016698793124647e+01 4.481627561706113738e+01 4.530984838652867097e+01 2.465975015976328777e+01 3.450491306253996271e+01 2.993801290959043016e+01 1.624875563445758431e+01 3.530348883513598679e+01 1.631823078742400313e+01 3.664884291117893866e+01 4.086702683169617956e+01 3.011360058077027446e+01 3.358689296669692936e+01 2.203370891916560126e+01 3.306643846599002501e+01 3.379015963782156717e+01 4.422221750586290057e+01 4.943841420026254241e+01
9.894987445105475968e-03 6.676561653859883094e+00 2.667594545268037365e+01 3.313007753403449129e+01 1.880032048360084218e+01 2.466259223987949412e+01 2.775158500490467972e+01 1.187515527891898870e+01 3.158892721897192146e+01 4.399047652658111929e+01 5.240769888859872339e+01 3.403174002423256894e+01 5.210572242201736515e+01 4.899446738780100929e+01 2.893982720705357181e+01 4.899446738780100929e+01 3.771695481484493939e+01 2.345812408393796744e+01 1.187021406040009808e+01 3.012408134998800691e+01 4.165180498293506872e+01 4.506156231144510826e+01 3.442516940256960822e+01 1.380669246304671205e+01 1.088545662806815173e+01 1.131928277923553239e+01 3.177484980525855107e+01 1.433902532816148856e+01 3.376338804913733327e+01 1.354273985897181376e+01 1.402543099814275074e+01 1.451400470209816973e+01 2.768294180578498143e+01 3.207320162902115612e+01 3.335735376612868919e+01 2.213125092879231914e+01 4.107265341319866536e+01
2.758038052605161963e-03 2.000275803805224939e+01 2.077388240394034113e+01 2.111038945057669736e+01 3.437949884078825402e+00 2.340858848932330361e+01 7.935499805523714478e+00 2.775158482910511637e+01 3.989259814107627733e+01 5.013807321373040082e+01 4.021639703606627592e+01 2.059975331954971622e+01 4.152927263069693709e+01 4.265251636140401104e+01 2.252068066231161225e+01 3.443377675405091054e+01 2.929510927672868803e+01 1.221760768031820454e+01 9.973695836598409414e+00 2.794457199150638260e+01 2.434404771342673612e+01 3.700493317248032099e+01 3.016463976047351636e+01 1.028416841533994486e+01 3.034217078755889574e+01 3.174848378847452324e+01 1.194667422656745082e+01 1.239533841393421554e+01 1.286022311978678268e+01 2.181403501237430476e+01 3.216743804074339863e+01 3.495444258537904147e+01 1.523884010050616666e+01 1.576897712689906328e+01 1.631068205896167456e+01 1.685216643861148711e+01 3.708916905011715670e+01
7.097940694151796438e-03 3.781688660838073979e-01 7.493036755964103124e-01 1.120630335630750096e+00 1.492159450578143920e+00 4.133339173201274086e+00 2.396012457554619601e+01 3.585156122345971852e+01 3.378982517953100029e+01 3.671375980866326927e+01 2.452942066034599833e+01 1.150159767536612598e+01 2.543009157518220675e+01 3.150958680801053546e+01 3.433104001156813467e+01 1.422347995878406124e+01 2.696904670678584992e+01 7.401922728101940407e+00 7.795956698442302546e+00 1.006833429441198469e+01 2.740415919866925520e+01 2.874065368298093048e+01 9.701604704889270181e+00 2.980576267939114743e+01 3.842989013006033616e+01 3.512856672317136741e+01 1.596817182813374281e+01 1.520661195521732623e+01 2.930418520880510869e+01 1.534468978731169919e+01 3.515777257906188424e+01 4.396571127781564314e+01 3.967085711657885128e+01 3.693639592515464898e+01 3.805033849656295786e+01 2.869761043231584097e+01 1.759435507198115189e+01
8.907212727516041623e-03 1.986220589733212449e+01 2.069864461941908473e+01 2.111121041822403299e+01 2.149326316755518462e+01 2.023735015629578804e+00 2.201139608820165705e+01 2.576022373144607158e+01 1.371419559918327025e+01 2.146434009087174033e+01 2.056088147252743425e+01 4.600858899184188111e+00 4.980681542586974153e+00 1.985557636580104912e+01 2.596803223856394283e+01 2.613229866878382879e+01 6.844408396952723628e+00 2.406520544110309956e+01 3.153891712883153176e+01 8.359051980888946076e+00 8.754918842421513858e+00 9.147372664613797610e+00 2.739966557350937748e+01 1.212461275967985586e+01 3.247284550949002835e+01 4.236103861846127216e+01 2.858834911196847273e+01 3.318872505352843660e+01 2.538947130994541723e+01 3.463972090552447014e+01 1.783540553537199358e+01 3.740814881754732113e+01 4.079787933482345608e+01 5.892069355368477090e+01 4.852996083137679051e+01 4.454873503493405451e+01 2.978614422820256280e+01
4.556156782696869564e-03 6.329110438666510241e+00 2.046003513226997939e+01 4.017893480885397395e+01 2.912513466261998119e+01 4.827822118757155501e+00 2.555833123242206018e+00 2.932553568378750253e+00 3.310484000925528303e+00 3.688132740543426991e+00 4.065145667278556196e+00 1.660864685581510614e+01 2.229299785993445582e+01 5.520512694335489634e+00 5.903745009391634824e+00 6.288329743706277952e+00 2.639275985917866763e+01 3.483490581346108428e+01 4.280634238034138406e+01 3.628487684100360866e+01 2.914399461085752563e+01 1.555343342136717055e+01 3.415831901426567185e+01 1.388857409176807778e+01 2.374932226382639300e+01 4.057820529393125497e+01 4.894804706530253213e+01 4.324395202091260870e+01 3.830901295547531049e+01 4.492469880626572376e+01 3.740814885021156044e+01 2.022661773890009584e+01 3.961848275280631526e+01 5.005071388544575939e+01 6.796904156219434867e+01 5.241076468278210854e+01 3.302388220191208035e+01
9.004134676422023004e-03 1.990890951700173517e+01 1.701855112729476360e+01 3.694511233129438210e+01 4.227587713551520210e+01 2.523727136613826971e+01 8.851958055802981562e+00 7.158880164279959324e+00 2.140161492851985869e+01 2.372947064418463015e+01 2.384332979074666170e+01 8.994930901431448689e+00 2.611179860428256561e+01 2.655558996504873548e+01 2.606404494674342232e+01 1.103432328027513520e+01 9.068569389264345304e+00 2.919992972878089788e+01 4.034730485913693343e+01 5.053155644741876529e+01 4.741959356136786852e+01 3.932650493567923178e+01 3.528857234673569110e+01 1.568783244376764863e+01 3.568620733786668353e+01 4.057858610388498732e+01 5.739964335984711141e+01 6.222712421827560547e+01 5.827215479463690428e+01 4.842019555808255404e+01 2.983059067004802856e+01 3.961848275280689080e+01 2.256207205178710140e+01 4.192451302196175078e+01 5.241501172481667936e+01 6.123941781097276760e+01 5.291512511964354104e+01
