MOVIE_S2_data/elevation_000710.asc
nrows	100
cellsize	150.0
xllcorner	0
ncols	100
yllcorner	0
NODATA_value	-9999
[rows 0 to 16 of 100, columns 37 to 73 of 100]
1.086069227651502160e+02 1.004048188291881161e+02 1.004048189387719816e+02 1.004048187817409712e+02 1.086069137209102138e+02 1.024981392342652526e+02 9.430649972536622272e+01 1.024981392342652526e+02 1.020192219296564673e+02 1.102451147472213222e+02 1.173634875844915086e+02 1.117085609749948389e+02 1.034609003187197374e+02 1.034609003187197374e+02 1.117085609749959048e+02 1.232103752076532857e+02 1.152476407190477943e+02 1.072018278764400208e+02 1.090930349379191853e+02 1.010209078331635482e+02 1.010209078331635482e+02 1.010209078331635482e+02 1.090930349379191853e+02 1.209911081593998716e+02 1.127295209985495887e+02 1.108514664183101530e+02 1.108514664183101530e+02 1.191139624438796574e+02 1.148094288267886469e+02 1.230704647583644515e+02 1.220272335220079611e+02 1.104811464885717385e+02 1.022002044517983848e+02 1.022002044517983848e+02 1.104811464885717385e+02 1.063437281976461719e+02 9.806032332915796701e+01
1.004048188291881161e+02 8.103521492763276513e+01 8.103521492764585332e+01 8.103521492762855871e+01 1.004048187791633353e+02 9.276448484612603806e+01 7.496720713994787388e+01 9.276448484612603806e+01 8.251355162441430480e+01 9.892375151044464587e+01 9.741722347476721211e+01 9.741722347476719790e+01 8.341629187316988236e+01 8.341629187316988236e+01 9.503679922136151959e+01 1.149684364217595771e+02 1.039652027014092681e+02 8.761142452125532998e+01 1.010209078331635482e+02 8.130748487770695476e+01 8.130748487770695476e+01 8.130748487770695476e+01 1.010209078331635482e+02 1.094551111930656617e+02 9.273380191758680269e+01 9.084589814332903757e+01 9.084589814332903757e+01 1.108514664183101530e+02 9.482249119419506656e+01 1.115382778417238399e+02 1.137499392516998995e+02 9.374521176432405412e+01 8.217552074212765945e+01 8.217552074212765945e+01 9.892542316707607597e+01 9.478499034975435222e+01 7.803071839971569545e+01
1.003914968985324805e+02 8.103067655533605773e+01 6.775303549284346616e+01 7.933392475135642030e+01 8.741017686786999263e+01 8.463685343265711936e+01 6.562067962976779256e+01 7.966693687131517265e+01 7.154799484713323920e+01 9.075761792820085816e+01 9.741722347476719790e+01 7.733392370068871458e+01 7.176944353779421704e+01 9.188814023688090060e+01 1.064593364464581242e+02 1.082133672224988885e+02 9.515974103939814199e+01 7.611988800016213474e+01 9.515974103939814199e+01 8.708141278096158544e+01 6.720363698297197175e+01 8.130748487770695476e+01 1.010209078331635482e+02 1.011849872045155365e+02 8.112775854414617527e+01 7.662228072229648035e+01 9.670539342958056750e+01 9.169331151199425278e+01 8.321861297398150725e+01 1.032699650043344093e+02 1.023589129591131694e+02 9.410685112854812928e+01 9.063894792158296809e+01 7.060874259268008757e+01 8.246165083841820831e+01 7.962690158866043078e+01 6.646887680132164178e+01
9.487043475414995441e+01 9.004864844624847819e+01 7.259261357076951526e+01 6.062570037162191738e+01 7.328033573301156878e+01 7.791362070853453758e+01 5.919212237860973147e+01 6.087059666515834522e+01 7.154799484713323920e+01 9.075761792820085816e+01 1.056766289347779377e+02 8.582212494398703484e+01 6.570854791153612950e+01 7.754442894512730788e+01 9.805675555202209637e+01 9.843905818799596830e+01 8.042763184457066927e+01 6.718438046448252976e+01 8.704925753461476745e+01 8.176885373473415086e+01 6.186181492469868459e+01 7.597673144077111829e+01 9.575227393174334622e+01 1.037784299239452963e+02 8.373408943281270922e+01 6.949686149800299972e+01 8.270792652468092854e+01 7.140832933327321541e+01 8.571397969617717649e+01 1.058603725930640422e+02 9.086212696310983006e+01 7.419765358692956170e+01 9.086212696310983006e+01 8.246165083841820831e+01 6.243591584681920637e+01 5.960242413749266177e+01 7.962690158866043078e+01
8.362888059017161879e+01 9.247325719226247998e+01 8.670190388883926857e+01 7.328033573301156878e+01 5.479975490717965414e+01 7.199336311517451747e+01 5.349576672896629503e+01 7.199336311517453169e+01 8.774764565249311943e+01 9.892375151044464587e+01 9.735287902227945267e+01 8.151481175649021793e+01 6.142578698157520023e+01 7.509661678028713538e+01 9.383993180279409785e+01 9.034175545816196973e+01 7.051350823097939724e+01 6.051812317684927223e+01 7.359872670977719622e+01 7.707671968942759122e+01 5.714352367638325347e+01 7.127175926874694767e+01 9.109113386607359075e+01 9.902958151380040874e+01 9.074324515276396141e+01 8.270792652468092854e+01 6.273318037797655222e+01 6.299971357480429646e+01 9.635065734026801465e+01 9.531859811606727817e+01 8.261227056854527007e+01 6.265339459092772501e+01 8.261227056854527007e+01 7.994426282006685369e+01 7.514929230918808400e+01 5.511491346093988142e+01 7.514929230918808400e+01
6.474451147108057114e+01 8.451557691485697887e+01 8.439972689114524940e+01 6.934931504949400960e+01 5.091062018268949885e+01 6.829384383793288293e+01 4.981878523411915438e+01 6.277104866929161631e+01 8.162705083627517411e+01 9.168966126817876727e+01 8.908808026498805077e+01 6.907335520510109461e+01 5.748270854738046154e+01 7.161079895348999003e+01 9.119569715663280363e+01 9.843905818799596830e+01 8.856588531651084395e+01 7.359872670977719622e+01 5.364754092270216290e+01 6.729147254796534128e+01 5.286850737101164555e+01 6.701193595878197584e+01 8.686562900420359767e+01 8.796362711218182540e+01 7.064919875283763417e+01 7.433652497022104910e+01 5.902329545194192661e+01 7.349425475265243790e+01 9.329295212423470218e+01 8.706788683371762261e+01 6.712826758724482090e+01 5.556050357872358347e+01 6.739272027120644282e+01 5.990407744098030207e+01 6.820781767709364374e+01 5.184947696654943172e+01 5.634684171953848875e+01
6.235756165075093804e+01 8.187923743861112769e+01 7.636931857882092345e+01 5.770492603364589002e+01 4.707162350498300896e+01 6.486311158264096832e+01 4.629384312624308961e+01 6.486311158265677079e+01 6.466721571176886130e+01 8.359352700827734850e+01 8.854460927410038096e+01 7.398822452049631693e+01 5.392710644343593174e+01 6.812533502333536717e+01 8.814249185923679875e+01 9.173506136143312517e+01 8.350090448717762115e+01 8.115153421649820586e+01 6.145415701713189094e+01 4.730107155566521726e+01 6.729147254796534128e+01 8.099987967508039333e+01 8.666327438681750550e+01 6.911675960569527888e+01 6.994646602782522393e+01 5.421874756134789664e+01 7.433652497022106331e+01 8.442934214487438283e+01 7.615544621015344262e+01 8.442934226714920953e+01 8.151239218227374295e+01 6.154416066938392049e+01 4.734016636857413829e+01 4.568061166766700865e+01 4.813566675626296387e+01 6.820781767709362953e+01 7.637850239913106520e+01
6.266238393664015405e+01 7.860390440895309894e+01 7.452879790085583522e+01 5.648391746628007581e+01 4.340748652741353908e+01 5.744258050089872825e+01 4.284528084923145741e+01 4.958645295657227337e+01 6.261489508309101382e+01 8.147966595213782171e+01 7.438762507201276719e+01 6.023064086992530264e+01 5.057721915564085435e+01 6.477878045344085933e+01 8.480629905325324103e+01 8.023160623242118561e+01 6.355746601635193826e+01 8.010293925450649510e+01 6.446651129552130044e+01 4.447368454175121855e+01 6.444772694187606987e+01 7.646211313584315405e+01 7.949572254147365413e+01 6.082500865521401323e+01 4.983066384951717964e+01 6.994646602782522393e+01 8.264415988701219362e+01 7.438265374711450306e+01 5.601301636518814320e+01 7.373794634767246237e+01 6.659819758827286762e+01 5.939777133746162718e+01 4.225561505651421612e+01 6.240207914085274155e+01 6.234012129752316156e+01 6.234012129752853326e+01 8.237368985658820009e+01
5.153863539024466434e+01 6.490946170043829966e+01 7.471869018448727218e+01 6.960670676990940819e+01 5.715710278424090518e+01 3.849651357003868668e+01 5.744258050094748569e+01 6.814025854510308022e+01 7.608824505202349542e+01 7.025159551266413871e+01 6.196062764301166936e+01 4.603243903070287502e+01 5.762694344209342034e+01 7.767515168698804473e+01 8.429804005049078341e+01 6.440274917160945733e+01 5.195742801454339599e+01 7.198142149548272073e+01 6.187781344420475449e+01 4.170301180068873492e+01 5.769495512574495422e+01 5.746834274768996664e+01 7.143469161439173831e+01 6.313098268078054076e+01 4.698694470072260287e+01 6.707716182225762225e+01 7.519535491889452317e+01 6.608233504868719876e+01 4.587595619464797636e+01 5.586973507221651403e+01 5.379609510326267241e+01 3.920788763899282259e+01 5.341490916910500886e+01 7.041610144237787949e+01 8.237368979447767003e+01 8.237368985432031820e+01 9.066271453281430581e+01
4.775267386654039825e+01 4.213151185619898342e+01 6.596196288229295135e+01 7.197383223222105642e+01 5.528506547025907025e+01 3.629132239712464525e+01 4.979196472558309949e+01 6.854658381212128404e+01 7.903608644271598394e+01 6.196059950118967663e+01 4.190150136659869418e+01 6.196055170282062363e+01 7.438757857410004704e+01 8.595066615789816922e+01 7.576898801339306999e+01 6.440274917160945733e+01 4.429220285753984854e+01 6.440274917158274093e+01 6.258546707525254504e+01 5.434362840004202155e+01 3.788174495106183315e+01 5.797744652210209182e+01 5.933020175395935070e+01 4.304835938558278485e+01 6.313098268096590004e+01 6.834296916777491049e+01 5.458390834270325342e+01 5.485983809162358682e+01 5.417661244245153540e+01 3.581165695086794187e+01 3.643527371600173836e+01 3.801087554089604481e+01 6.430862297198804356e+01 8.049103923521602155e+01 8.706702437846480791e+01 9.538022088604462567e+01 9.289280665594037600e+01
2.639587466943269334e+01 3.935548472320689939e+01 6.275123079224191969e+01 6.409757752148234999e+01 4.523922698746676474e+01 3.418503467574848997e+01 5.317778423868783477e+01 6.977203653619316981e+01 7.075815764626788962e+01 5.070219209548362471e+01 3.912589973185769310e+01 5.330628214415297350e+01 7.335723472295464376e+01 8.164329080557607199e+01 6.173834491354831044e+01 4.750349776525039402e+01 3.842456658918452916e+01 5.197780703693236148e+01 5.431973572784720261e+01 3.443670566333901206e+01 5.087790398473877929e+01 5.902039930997128891e+01 3.925602229746921523e+01 5.561347806384519288e+01 6.038542504984313553e+01 4.720871234431483998e+01 5.267881661719519570e+01 3.430860657132360814e+01 3.493278465484035422e+01 5.498670221322725382e+01 5.649741428444462343e+01 3.735394812472461012e+01 5.742861542354842186e+01 7.067525580472248237e+01 6.699128988969292209e+01 8.227925415065521975e+01 7.396291294330922028e+01
4.264841390435763202e+01 5.665052933443695338e+01 6.884812964431107218e+01 6.753761589940086196e+01 5.113065085962859513e+01 3.216424318532951077e+01 4.317258557505060423e+01 6.194660104008460166e+01 6.123860264499796102e+01 5.294416914054723122e+01 3.649310953942508462e+01 5.067305256996832696e+01 7.072468073059859250e+01 7.262180532125121601e+01 7.576870537601911337e+01 6.529365930632272352e+01 5.185053670124650438e+01 3.184729954995809109e+01 4.806281265478837383e+01 4.871865599966086080e+01 3.138740873478390370e+01 5.091446431747114332e+01 5.561310101905446146e+01 3.554717671817168423e+01 4.894502151620653052e+01 3.279702043169758952e+01 3.342456910568533601e+01 5.100452116339744180e+01 3.508803183683419036e+01 6.217872486242166730e+01 5.719891714707837593e+01 3.800171714110779675e+01 5.809093687651358096e+01 5.056737255537463227e+01 7.063961931870053945e+01 6.785756835434868606e+01 5.521603920355826745e+01
4.000167183364320778e+01 5.590860656080998581e+01 5.685307153374531453e+01 5.422105354296260771e+01 4.086891756999966674e+01 3.019098431303783059e+01 4.364197806844030225e+01 6.277988408177515112e+01 5.294426012353448385e+01 3.287946688189084199e+01 5.294424106234658467e+01 6.483996289531160073e+01 6.671337722537593606e+01 5.241846648763672079e+01 5.985218194103143929e+01 5.450999939737122446e+01 4.273643690387403637e+01 2.751338207977568828e+01 2.806084522615660504e+01 2.860661419131986705e+01 2.915079847685660042e+01 4.926163319359462633e+01 5.058959054265517352e+01 5.111688740415124954e+01 3.190979852761185853e+01 5.199714551748148494e+01 4.349764797693845253e+01 5.651408641540098898e+01 5.177844148587067963e+01 6.972441525577130506e+01 6.604549474469399684e+01 4.960545383508424777e+01 3.893441751494169267e+01 5.903154087439784092e+01 6.056828833652052424e+01 4.745934437643951753e+01 6.199993081282311636e+01
2.966758743717633706e+01 4.473734656562250933e+01 4.206072340407759924e+01 4.372284730153678112e+01 2.740928242722477037e+01 4.639627779290626108e+01 5.702714780712305753e+01 6.467306982748729638e+01 4.461935912442406504e+01 3.040227375424743528e+01 4.712100933905191624e+01 5.541925597971706452e+01 5.806727874379681964e+01 3.822921861945059163e+01 3.974605894902395420e+01 4.614364976558546516e+01 2.674167027239339234e+01 4.680809763329221340e+01 4.239878377534373755e+01 4.864459550100583130e+01 4.486446593401521454e+01 2.993725794555420805e+01 3.049369653097018684e+01 3.105050275485492861e+01 5.112007493915637468e+01 6.027460693095936506e+01 6.380281963278518020e+01 6.779878492005711621e+01 7.134878579531985565e+01 7.136676783029187732e+01 6.952888780830153337e+01 6.681501949652344763e+01 5.709513699423773403e+01 3.988355665517516258e+01 4.055844318079539335e+01 4.618165709789191453e+01 5.956780857316311284e+01
1.738274639551450562e+01 3.746016800173669736e+01 4.318290882935798436e+01 2.460825631995956897e+01 4.148979812200915518e+01 4.883196689213118447e+01 5.874252295825581882e+01 5.894552000648345569e+01 5.878979504272592038e+01 4.712100933899200328e+01 2.696666635558057834e+01 4.384676416969958979e+01 4.434378482191819160e+01 3.749301890181246222e+01 2.542207308383153119e+01 2.596610902363897466e+01 4.615009938285961510e+01 5.513536697702085831e+01 6.311371522670774681e+01 6.420918203614589004e+01 4.430031981269418395e+01 4.416170025090204376e+01 5.058689764986142023e+01 3.316776210169627603e+01 3.331968981287076303e+01 5.337296534716322327e+01 6.398539450978191212e+01 7.129288627171408166e+01 7.958206108034299575e+01 8.987880281074789934e+01 8.917660137888573502e+01 7.422198691736456055e+01 5.416038893027219814e+01 5.417884773057428305e+01 6.054888932995076800e+01 4.151781459896219673e+01 4.219545509468427724e+01
3.713555706294532399e+01 1.801655389062561241e+01 3.496919862114823729e+01 3.837180176856580971e+01 2.181306599940956303e+01 3.409701031224570755e+01 4.638052853592719771e+01 3.669786525672654420e+01 4.227558449927736461e+01 4.262526474215006544e+01 3.790065608466800740e+01 2.356756204999934567e+01 2.410864555100749129e+01 2.465179698731246560e+01 4.488145212838687570e+01 4.013979221897263727e+01 3.067194634754901372e+01 5.016409916131392066e+01 6.342134587874559770e+01 7.293019853418111609e+01 6.453470316806094331e+01 6.423358903295192590e+01 5.585301703394441120e+01 3.559447148551068096e+01 5.337296534716322327e+01 3.560290173445778805e+01 5.568404327528143938e+01 5.123377082123727178e+01 6.800942245385854790e+01 7.825917175082852850e+01 8.636173839783205608e+01 8.263582039829732651e+01 7.433736377043568666e+01 7.477885848953769710e+01 6.430285821852801575e+01 6.530169541755483920e+01 4.644083266276248878e+01
4.643744192970745388e+01 3.762763435755181263e+01 1.864905144339272169e+01 1.909665145359034000e+01 2.819821053217493301e+01 3.460231544172984997e+01 4.009376363418247280e+01 2.136889149070183436e+01 2.185153490650838393e+01 2.233735934838685822e+01 2.282675940037244189e+01 4.312673804233040187e+01 4.436585636391144760e+01 2.943626419425530827e+01 4.832734857720779331e+01 5.628490488666810876e+01 5.076977743021599565e+01 3.558985635501210254e+01 5.562266762724780023e+01 6.922268227110595262e+01 7.921043358655806799e+01 7.300806673819229786e+01 5.296286010389365373e+01 3.862172526360829039e+01 5.883396519610169406e+01 5.568404322559142372e+01 3.794192782538534914e+01 3.963233131543366738e+01 5.958179184595889666e+01 5.841941862432151567e+01 7.401849987276779075e+01 8.122594901612313834e+01 8.945029373040458154e+01 9.323608765280931721e+01 8.574151581841468328e+01 7.124835424851939081e+01 5.080873282275624092e+01
