MOVIE_S2_data/elevation_000909.asc
nrows	100
cellsize	150.0
xllcorner	0
ncols	100
yllcorner	0
NODATA_value	-9999
[rows 68 to 84 of 100, columns 0 to 36 of 100]
7.311399400410928048e-03 2.000731139940005576e+01 3.729254074404088470e+01 4.164367802389791251e+01 2.344374669149926760e+01 4.175567327439662790e+01 4.983212245243939975e+01 3.062759608395328215e+01 4.279356090649613265e+01 3.993612412953285684e+01 2.722048053110963295e+01 4.136732514216446788e+01 6.144192461076164591e+01 6.986703849716786863e+01 5.564620968515527721e+01 5.564620968515527721e+01 7.577279669115499416e+01 6.595510248781779694e+01 8.279396617730014896e+01 8.624903674956757982e+01 9.456063178791428925e+01 9.752143729919404791e+01 7.745923274483703835e+01 7.960468782528626264e+01 5.936466822402104526e+01 7.960468782528626264e+01 8.803456097501775446e+01 7.911909428227787089e+01 5.887352021403876279e+01 5.511867146570082099e+01 7.540699403182313176e+01 9.044347746510345587e+01 9.105457209394781160e+01 7.271613747578753362e+01 8.623009423036079113e+01 6.617621513579277348e+01 7.961610996029691023e+01
8.304378570984571536e-03 1.415044000230206045e+01 3.415044000230276566e+01 5.176614902425359332e+01 4.349409140966926657e+01 5.183633256912964526e+01 5.671248119801866494e+01 3.716707871649890649e+01 5.671248119801866494e+01 5.557532303515873195e+01 4.724968843236202787e+01 3.615820576268074404e+01 5.033122067341784600e+01 7.045383121996822240e+01 7.577279669115500838e+01 7.577279669115499416e+01 8.410334921743711334e+01 8.610000074439959405e+01 9.441106369269907361e+01 9.212319438763358903e+01 1.002982382893851678e+02 9.533711320889392482e+01 7.526037556202388146e+01 6.091859479810312195e+01 5.368774671355357242e+01 6.786942010852730789e+01 6.786942010852730789e+01 8.741356462737064703e+01 7.048635277077715955e+01 5.014426777809600821e+01 6.194359593855171653e+01 8.215597562212411731e+01 8.276637739442347197e+01 6.258070077287137423e+01 6.607271080056692369e+01 5.940407712015025510e+01 7.961611213427600831e+01
8.037589590134858880e-03 1.415019244489697492e+01 3.415101416526124467e+01 5.049104145867118376e+01 5.205182733946268314e+01 5.791513965534051067e+01 6.476769107732049235e+01 5.671217049268383192e+01 5.098811721865166646e+01 7.053231835296654140e+01 5.622316732738470080e+01 5.033115514137537616e+01 5.253112206965115405e+01 7.265088483156142729e+01 7.992431042914286365e+01 7.992431042914286365e+01 7.992431042914286365e+01 8.809273242217925315e+01 8.892488405300065324e+01 7.243932374632146320e+01 8.587402771881443186e+01 9.404515296012665715e+01 8.942831121324039145e+01 8.114071587468852442e+01 6.786942010852730789e+01 4.750554496409303340e+01 6.277845132241884585e+01 7.062316075639506607e+01 6.227149566214603738e+01 4.657282615431847717e+01 5.838596463977842888e+01 7.863745194527699311e+01 8.623011870152457448e+01 6.607271081566213411e+01 5.173287729691505632e+01 7.197667925280669010e+01 8.791148953801793198e+01
8.866319943247203544e-03 2.000684880338936011e+01 2.222883729231032746e+01 3.255914618917076098e+01 3.204627318783253287e+01 3.790517303116552483e+01 5.285594932935667600e+01 6.180245694705709525e+01 7.053231835296654140e+01 7.854726493598931825e+01 7.634552890204732023e+01 7.044774305651597501e+01 7.265088483156142729e+01 7.433935338193415987e+01 6.058597434168907370e+01 6.058597434168907370e+01 6.058597434168907370e+01 7.992431042914286365e+01 8.007541826827014120e+01 6.094041659441542436e+01 6.610568389067597650e+01 8.587402771881443186e+01 9.486946531985654474e+01 7.477978047428601371e+01 6.043404351661356344e+01 6.277845132241884585e+01 4.239617653282802223e+01 5.797426116288705344e+01 4.188796726227158018e+01 6.227149566235828360e+01 7.528013263460296400e+01 8.693538436204370612e+01 8.235082469529289995e+01 6.216990246963681699e+01 4.783866474592938545e+01 6.808075773893324367e+01 8.221391549194621007e+01
4.238120735784241429e-03 4.004238120735800877e+00 8.086721025374465910e+00 1.255885698037408282e+01 1.790408181862288117e+01 2.457074848310730530e+01 3.351501919774135985e+01 4.765690697663375630e+01 6.765464823964241248e+01 7.230155236661342144e+01 6.385347993226292829e+01 7.230155236661342144e+01 7.836762483859298811e+01 6.450749838455149643e+01 4.653066802076563846e+01 4.653066802076563846e+01 6.625004184483979941e+01 7.800025720846902288e+01 6.980911418480926045e+01 5.191702424688887874e+01 7.189569774499125288e+01 7.731933810321913825e+01 8.535274923198565489e+01 8.895590566990412640e+01 8.066391293365278159e+01 7.101337763935275404e+01 5.791814515201443214e+01 3.764381466622059236e+01 5.797426116282230879e+01 5.855521684239893432e+01 7.291521015551103346e+01 9.303117599249895875e+01 7.611529662314264044e+01 5.590204525471457941e+01 4.421316492800642095e+01 5.369008546253197522e+01 6.677701807744398366e+01
1.555317930585579152e-03 2.000155531793022945e+01 2.808690849675879164e+01 3.255916893456926431e+01 2.888883247502204199e+01 4.457014268426104309e+01 5.285594932935695311e+01 6.180289161050434643e+01 6.391016096396815982e+01 6.222768060553895708e+01 4.380834022637570513e+01 6.222768060553895708e+01 6.524832572414375420e+01 5.064737193050994080e+01 3.596379930521016632e+01 5.639035493280270828e+01 6.957020318773213319e+01 6.649056301401459734e+01 4.980737895120323344e+01 4.607073482053954905e+01 6.342197894693079974e+01 5.766550430460777932e+01 7.731933810341573121e+01 8.871905370334853558e+01 8.288016421066139117e+01 7.016297152028344897e+01 4.982194205449869173e+01 3.550607112460264148e+01 5.576878036277024364e+01 7.196911144295114582e+01 7.204610860419683149e+01 8.047515273542082070e+01 8.442064541294773505e+01 6.958095948169348333e+01 4.949332456375935152e+01 3.940389871464776661e+01 5.523351193267691883e+01
4.786148573735437791e-04 1.154748396996431481e+01 2.568961565955233084e+01 4.568920363883182745e+01 4.888995880873569888e+01 5.717820800715771412e+01 5.846681463625608188e+01 5.009855127820720355e+01 4.383699436558819684e+01 4.383699436558819684e+01 3.384307865185711250e+01 5.383091007931930250e+01 4.517853056023042058e+01 4.517853056023042058e+01 3.068188737253393938e+01 4.140498380355742114e+01 6.146739118909282240e+01 5.826110696386018617e+01 3.816645346258781757e+01 5.344975344081402113e+01 4.347752793565638996e+01 5.766550430461358445e+01 7.731933816790696312e+01 6.869264628694291730e+01 6.281598396348405089e+01 6.797639666299406258e+01 4.767471160282249087e+01 3.343634570751682844e+01 5.361866848919245854e+01 5.172155074950315878e+01 5.172375207349477932e+01 7.205309088373411441e+01 8.936814347013304882e+01 6.958095948169348333e+01 6.781417308366408747e+01 5.525138091423698228e+01 3.509236718556953605e+01
1.415922250553260878e-03 2.000141592225019949e+01 3.912306906188319999e+01 4.838308693152335138e+01 4.839758995430731403e+01 5.623951488187573489e+01 4.689476426384297270e+01 3.011907193693065565e+01 3.629061143104689080e+01 2.387267938427329028e+01 4.383692524701421434e+01 4.810323557749511281e+01 3.976285738326019015e+01 2.420371853732240552e+01 3.656191918515006734e+01 5.694904059312253253e+01 6.957020318773213319e+01 5.414953295756840390e+01 3.361788118535496750e+01 3.347670576359092109e+01 5.344975333136603979e+01 6.316055432148173310e+01 7.322823206733522738e+01 6.869264628287712071e+01 4.849102994351641627e+01 5.789442815118522390e+01 5.153492212273037154e+01 3.142059680210360284e+01 4.857916330201870636e+01 3.742552944254003222e+01 4.908361008681630722e+01 6.940816776987142589e+01 7.953499547978981354e+01 7.120660063411864371e+01 6.774248961734652141e+01 4.753871466709242100e+01 3.332473469082842144e+01
5.113348591224673584e-03 1.154368447986117552e+01 3.121147837306018502e+01 2.938273324356178406e+01 2.938377321765778305e+01 4.839759523784840667e+01 3.794263198608414456e+01 1.858378153094692209e+01 1.630507708322296168e+01 3.629060307490392745e+01 5.215140759535056247e+01 3.975237276338219061e+01 1.882852738698910500e+01 3.976285738326019015e+01 5.344431087544461434e+01 6.509143826347407469e+01 6.233114882425530823e+01 5.400736671871429451e+01 4.752399565145837101e+01 2.763062364984223152e+01 3.477144364870085269e+01 4.475264999866197968e+01 6.492480095626443415e+01 7.697741797303382327e+01 5.789442815118522390e+01 3.771496303293866248e+01 4.886989700275702830e+01 4.594786612923479652e+01 2.859808755892071019e+01 4.268037656486261255e+01 6.295301897848840156e+01 7.780767540568528773e+01 7.120660063411864371e+01 4.976972543925641190e+01 5.604844081638184150e+01 4.939809806839687667e+01 3.158977631582199663e+01
3.630678512830590090e-03 1.956879328756883396e+01 2.664294683117001128e+01 1.643093557154510975e+01 3.492788905433155833e+01 3.247982322580782011e+01 2.418201766841918499e+01 9.619385713231766388e+00 2.962835290821105616e+01 4.461360901333995344e+01 5.080440472119798301e+01 3.018523285518300980e+01 1.540514349433494701e+01 3.018523143905841621e+01 5.080420609901812412e+01 6.421014853340521711e+01 5.362628172419817929e+01 3.372221373057910654e+01 3.992326232810767550e+01 2.446394026410013112e+01 4.411231342501191222e+01 6.316056226854204425e+01 7.322816825780353156e+01 7.249600985069658066e+01 5.232109118403648296e+01 4.886771694184918857e+01 2.886227075051953150e+01 2.599303770347932385e+01 4.579496462491375297e+01 4.268314436053965011e+01 5.702142653366691150e+01 7.732581309147153092e+01 7.043130341624433299e+01 5.604844081638184150e+01 3.006356608727241664e+01 2.933758442936213839e+01 4.896113115412492078e+01
3.897887252982968069e-04 1.895958476239328050e+01 8.195917655649692435e+00 1.908565498424359319e+01 2.303160163356241696e+01 2.222294041929237451e+01 4.835567260214032714e+00 2.418158868820677654e+01 3.788046665013881409e+01 4.986500485756112511e+01 4.386289961403418403e+01 3.291103938002839868e+01 1.223233418203717626e+01 2.688030783106387389e+01 4.754428012157291050e+01 4.398488245521425455e+01 4.375352979542978460e+01 2.220864114457004845e+01 2.068691272827030048e+01 3.992326422229186988e+01 5.243049768972699098e+01 6.724876783410529413e+01 5.917773551301213075e+01 6.724876783360721788e+01 5.232109118406762605e+01 3.222492039162413136e+01 2.340756015243683663e+01 4.333918360639984968e+01 5.425615068051672552e+01 6.295382158776073567e+01 6.103033628957836498e+01 6.692729222343898243e+01 6.210377976016614099e+01 4.195124359739883602e+01 4.564930214816638454e+01 2.775275230360121625e+01 4.782662234435706239e+01
9.894987445105475968e-03 3.919753473955406298e-01 1.206268039693364358e+01 1.765317514381866815e+01 1.859391237072852032e+00 2.243438923396701590e+00 2.627701340260719665e+00 2.252475760829071660e+01 2.341954597438548547e+01 3.279014390025481163e+01 1.986355319333769032e+01 2.523996522086435235e+01 9.217147128326944383e+00 2.981691461274414223e+01 3.810990751634269458e+01 2.810804614264845824e+01 2.550585765219456036e+01 3.360844406103612414e+01 1.816786723124226910e+01 3.143075242655026358e+01 5.126561335313482459e+01 5.720576511194774127e+01 3.884278294115480179e+01 5.720576511194774127e+01 6.065003996461520330e+01 4.163628936434101036e+01 2.170378420527049812e+01 3.574011643058432242e+01 5.587091002711357390e+01 5.511825145622559319e+01 4.087883761541304040e+01 4.678107492370511267e+01 5.184732828852084197e+01 4.351040457413486706e+01 2.558465563198256731e+01 4.564615624730966204e+01 4.192022318169352246e+01
2.758038052605161963e-03 2.000275802972025119e+01 9.335057084694372564e-01 1.316565942723517457e+00 1.521599657998851995e+01 2.208968773747638537e+01 2.259678078210852092e+01 3.174631078097043702e+00 2.314719128667629633e+01 4.269801628893359791e+00 4.657856436162341573e+00 5.047341344860921453e+00 2.494871750001672339e+01 2.591941317980569082e+01 2.624006808598604934e+01 8.243664978154161105e+00 2.994879311385323462e+01 1.477538977968645995e+01 3.071680152017086485e+01 3.846016532947711397e+01 4.391329814525235520e+01 3.856214952959376063e+01 2.811395709434567891e+01 4.901026012530770259e+01 5.849430350351386210e+01 3.995766827505388363e+01 2.001999750265462197e+01 3.995766951930225730e+01 4.531333177911781718e+01 3.718712438463573022e+01 2.669388346458462991e+01 4.000216729600798971e+01 4.143544207161728821e+01 2.344647206651390903e+01 3.051393600019493135e+01 5.061838939481200583e+01 6.208629251542376437e+01
7.097940694151796438e-03 1.904426992755340109e+01 2.592465723727385907e+01 2.322976307303527932e+01 1.124452321919715736e+01 2.886590494408309482e+01 2.820559236332871578e+01 4.613891782080193238e+00 3.721253787443573824e+00 1.201567763562453983e+01 1.573673798921782918e+01 9.525099636754200461e+00 5.605432851534486893e+00 6.001032719501867341e+00 6.875407268043332465e+00 6.770190902461946436e+00 2.652969387852219540e+01 2.483644331267881356e+01 1.128701538546934025e+01 2.719637805598941327e+01 3.558767505272260934e+01 1.784801873389763216e+01 3.208672368371276207e+01 5.265203845440011321e+01 4.428709960461271322e+01 3.008566797929706738e+01 1.835345907319000602e+01 3.829155726764388845e+01 3.487396587476582255e+01 1.710145159604487830e+01 1.853313500127640978e+01 1.994727062954606467e+01 2.137093300874197510e+01 3.554020055026562375e+01 5.061844143678986541e+01 4.320368212534645380e+01 5.747174124117239558e+01
8.907212727516041623e-03 1.415104283645989547e+01 3.415104285717605848e+01 3.958072489532119675e+01 2.151909970058167687e+01 3.777309359546467959e+01 3.621867134838115021e+01 1.861199147569865175e+01 7.366777048441398357e+00 2.224308318853045208e+01 2.060377144110526260e+01 1.433299987576768153e+01 2.557766405910139085e+01 2.596009418922976053e+01 6.351871475939181444e+00 1.817451413436065266e+01 7.325382393254932900e+00 7.746108024889604593e+00 1.574781951955803905e+01 2.628831357689074011e+01 2.642425884381104240e+01 1.341534984367786265e+01 3.310067623146333204e+01 5.158974929966709766e+01 3.596074917430116358e+01 1.601649003738674892e+01 3.596205076976426795e+01 3.327988511942709238e+01 1.503482931942825296e+01 3.522710940642991062e+01 3.858051332565644032e+01 4.000215520478322162e+01 3.137628037477448828e+01 4.957637515907938308e+01 6.400070343382479621e+01 6.337745688645323128e+01 7.170480736848453773e+01
4.556156782696869564e-03 2.000455615678234267e+01 3.645824119141857977e+01 4.645824119143422593e+01 4.258589334495029277e+01 4.990497076726142467e+01 4.632298145964830383e+01 3.052742026189146074e+01 1.113096981220129322e+01 2.981506539637520348e+01 3.507433600572667842e+01 3.332172105194624834e+01 2.449556291724768542e+01 4.312152815781430348e+01 4.216374772903035506e+01 2.698795004715420731e+01 9.411055894278108624e+00 2.456574480261791038e+01 8.333766402247238858e+00 8.744459505035296232e+00 9.154391559330292694e+00 9.564409441760769681e+00 2.366545380473991855e+01 3.841619835779370362e+01 3.412388405597949514e+01 1.440222946696828110e+01 3.215352483695562569e+01 1.327818059497780645e+01 3.326216114682389957e+01 3.512083545963648135e+01 5.518692804507065119e+01 5.945758132504374771e+01 5.129303266275232431e+01 5.945870182490199340e+01 5.456959228851222576e+01 6.293018609934652119e+01 5.975487419312773341e+01
9.004134676422023004e-03 8.173969943953753869e+00 1.817396994395393151e+01 3.231610556768538345e+01 5.231610556768608689e+01 5.570766280206235166e+01 3.602657417683839469e+01 2.244555744715328416e+01 3.052960261631394800e+01 1.772680011032780101e+01 3.695123732819727991e+01 5.124351307395270538e+01 3.519648966712750848e+01 5.124348051023659423e+01 4.486550874381483567e+01 3.119038671282059028e+01 1.149357511763024320e+01 3.084398243880909973e+01 3.076709320172025741e+01 2.475457073840662048e+01 2.965158847425208322e+01 2.954790743135156106e+01 1.014636668296292221e+01 3.013753307201373843e+01 2.533763956321427813e+01 2.432182936971368648e+01 1.213745370373781540e+01 1.258731050752317593e+01 2.341013716747539064e+01 3.964328549060638807e+01 5.156665001674645765e+01 6.572219024020522227e+01 5.748391299225951911e+01 4.875262206602575787e+01 3.370585075418253496e+01 4.691645373221709292e+01 3.955028041609689637e+01
