MOVIE_S2_data/elevation_000278.asc
nrows	100
cellsize	150.0
xllcorner	0
ncols	100
yllcorner	0
NODATA_value	-9999
[rows 51 to 67 of 100, columns 37 to 73 of 100]
2.779822756220339741e+01 3.665263245183520269e+01 3.351417395216967066e+01 2.395029756692060019e+01 1.793239498105929997e+01 3.803502201030456575e+01 3.903864007625161747e+01 1.955237260382050124e+01 3.962395707819036517e+01 3.139036125070552430e+01 4.714519828950911773e+01 4.397272847617409752e+01 2.665045996549321217e+01 4.670846113128975219e+01 5.784780119725868985e+01 7.205946789658878515e+01 6.940867282099651447e+01 6.099334346007744756e+01 5.126633914417076454e+01 5.535444921836245413e+01 3.523876160035710114e+01 4.715006977972414859e+01 3.735144484919312902e+01 2.918896142556092954e+01 4.954354195826678620e+01 5.983258263316844960e+01 5.794319865060123931e+01 6.609209548312510663e+01 7.796075150089764350e+01 6.449010891959665059e+01 7.794981946443031973e+01 6.685899743443864907e+01 4.694477403910798330e+01 4.285398729413955721e+01 5.697866664050627605e+01 7.295536825678459536e+01 8.125529489286155638e+01
1.609650855464841612e+01 1.650792472665250088e+01 1.692129572594891229e+01 1.733566576959809424e+01 3.746428328004313357e+01 4.633000847345527973e+01 4.612535848147830109e+01 3.026840467750473707e+01 2.016430031950083546e+01 2.059628868328488593e+01 4.066729573380083451e+01 2.391282934740423372e+01 4.397272809687506623e+01 5.504019188071873714e+01 6.418188874181900871e+01 5.569489150301777158e+01 5.941586175172806605e+01 4.010939583712474388e+01 3.693744749374111080e+01 4.580373976837482530e+01 4.062811517946420281e+01 2.681156306392422550e+01 2.727814673311819149e+01 4.760336194631796758e+01 5.108495890901151881e+01 4.947174646829531497e+01 3.998414941568561431e+01 5.683168958642304602e+01 6.023444703569958847e+01 4.996018958521990072e+01 6.512863947921189833e+01 5.703124967525840816e+01 3.979758987910601320e+01 5.986233577851604082e+01 7.112854919898229866e+01 8.526319868690352166e+01 8.153981738381388311e+01
3.598251425172143314e+01 3.663244943814770238e+01 2.620656859548572015e+01 2.162585254170567595e+01 2.029715662387804542e+01 4.037458742874939333e+01 5.147783247066309542e+01 4.642104867835851678e+01 3.435776538586852524e+01 4.065686705711485160e+01 2.120631171902835987e+01 3.551514319637443151e+01 4.527753905095663356e+01 4.643571231187796400e+01 4.431906511498224432e+01 3.534972120109198102e+01 4.311427406401408291e+01 4.014711938569409000e+01 2.522645805894102722e+01 2.569006400939356993e+01 2.615393466380034937e+01 4.636371893148758971e+01 4.699109441279210131e+01 2.798175007896135469e+01 2.847994706912261265e+01 2.897852515565377729e+01 2.947737647101664393e+01 4.998399938423922606e+01 4.222436979760876596e+01 4.107562337195476232e+01 5.423448414355627989e+01 3.685744667597386837e+01 5.703124797369118681e+01 6.503507859861772999e+01 7.277314531083715110e+01 7.625073500564607798e+01 6.806241474664746249e+01
3.929110253061428892e+01 5.101729739783592521e+01 4.624672144537407803e+01 3.375032981949902933e+01 4.037459457756596493e+01 2.327726609241571865e+01 3.750226517230971268e+01 5.761185733074739801e+01 5.450467863215079944e+01 4.928181404871606475e+01 3.268416462465941663e+01 2.183192291348573377e+01 2.227472767755723737e+01 2.273396685453016275e+01 2.319317237627223349e+01 2.365245129644987543e+01 2.411215200746412535e+01 2.457211703088811916e+01 4.485496507462521265e+01 4.545300467120815568e+01 3.218702929344377850e+01 5.050321595038698774e+01 5.177185502437478704e+01 3.685999300613591600e+01 3.950508522975060544e+01 4.923271218406171101e+01 4.863127127143977191e+01 3.018442326788066765e+01 3.070618523320508686e+01 4.304244055755935250e+01 3.396712404793093043e+01 5.317455728308460294e+01 5.375214540012511577e+01 4.682014688600640540e+01 6.157615667401340431e+01 6.109806970721625419e+01 4.720763764819710673e+01
5.023766735283410867e+01 5.397894604435423105e+01 6.250747950658218599e+01 5.474255665782233393e+01 4.557429803572354388e+01 2.544661852479509179e+01 3.968657463912977335e+01 5.979264741970560948e+01 7.087364648214894203e+01 5.188411820884191172e+01 4.552360504681215758e+01 2.830901904063771468e+01 2.392900791266107419e+01 3.777919196822019643e+01 4.100519767772942004e+01 4.383796656889790455e+01 4.439878827330689148e+01 2.794032540669476461e+01 4.745639050232588829e+01 5.994719051474910287e+01 4.271435049506505521e+01 5.975039602269172434e+01 5.074189636490676492e+01 5.477238296384035010e+01 5.429892517004991959e+01 5.328713104171081483e+01 3.272852150690975037e+01 5.071074910789059942e+01 4.758409094007824791e+01 3.144873212342873003e+01 3.197586103893897658e+01 3.252697569417311030e+01 3.308233509103016701e+01 3.991809056202431094e+01 5.446413213778853901e+01 3.982993469658011065e+01 5.653131765183347568e+01
5.900514994548662884e+01 6.939925449446184302e+01 6.384398749396736150e+01 5.551271344844367661e+01 4.781154618828953318e+01 2.768719326316807283e+01 4.781154607769189369e+01 5.255047561747528562e+01 7.265721241005485354e+01 5.860726681325751741e+01 3.904440265521731845e+01 4.600899399991865835e+01 4.237128212878850064e+01 2.627151422420389437e+01 4.348829056838630436e+01 5.453937096160254328e+01 5.227688506375611865e+01 3.187427717598860610e+01 5.228225125150755304e+01 6.877657450574561437e+01 6.726004135508077297e+01 6.590829251098202235e+01 6.819856815478289036e+01 7.064217716083150833e+01 5.590679943267809904e+01 3.536074856875514172e+01 5.328777636252739569e+01 6.148159838973331404e+01 5.942495166452429345e+01 5.492541362818647599e+01 4.124531182003646990e+01 4.323340095362239310e+01 5.366348893357213257e+01 3.387828200634972120e+01 3.444648590805091715e+01 3.501988823743287327e+01 3.562609432271656829e+01
7.036973363960630934e+01 6.879305295182298607e+01 5.551271532860371849e+01 3.541373748289517920e+01 3.214617687030776949e+01 4.781154618828953318e+01 3.244490072137962500e+01 5.255047564516527103e+01 6.908849074019410352e+01 6.730730478326543675e+01 5.248583055679742415e+01 5.871270794250858671e+01 3.963316031205553003e+01 4.449096941589474596e+01 2.863575729452738017e+01 4.749305735173440013e+01 6.066949180252111518e+01 5.228767624484950005e+01 3.987859301877922036e+01 6.033034533385179543e+01 7.966959413614142704e+01 8.776204715424076142e+01 7.065693523231345807e+01 5.036035143637628408e+01 4.383741009228071306e+01 5.590717847436853560e+01 3.819706421820269071e+01 5.869643111850754025e+01 6.990088222338131629e+01 6.938629759504323147e+01 5.307970283906730913e+01 5.654628602828735495e+01 5.893867186415989323e+01 5.938965527425757784e+01 4.763943982167822355e+01 3.711461465363674961e+01 5.608391806203400165e+01
7.467611423722392772e+01 5.457194298939035804e+01 4.036305966402481715e+01 5.551271532861709090e+01 4.636474728972886084e+01 5.704462190388041165e+01 3.694618883325372849e+01 4.065747569197005618e+01 6.075543191505100538e+01 7.914265709544532967e+01 7.342121291380591686e+01 6.703353455718180953e+01 5.888091168303176204e+01 4.910995473848188908e+01 3.029564101941218723e+01 4.096372116539177455e+01 5.431383190072376976e+01 6.859712336974074276e+01 5.435866881056198707e+01 5.084781291788306135e+01 7.121949753046648368e+01 8.232633402928846067e+01 6.211434241914466980e+01 7.065693523231342965e+01 6.423698104000577302e+01 6.707694638264678133e+01 5.869646684235200240e+01 4.108889981430818494e+01 5.560025364637544243e+01 7.584881140465954275e+01 6.713759012914776747e+01 7.529862109803009673e+01 7.980984216622456984e+01 6.958999464079803943e+01 5.851534526904145395e+01 3.916356316721744690e+01 5.828912448967813731e+01
7.252767160114841261e+01 6.419223917071880692e+01 4.409523086918735402e+01 6.419223917071880692e+01 6.646587255538126726e+01 6.178155940250326950e+01 4.168443563850467370e+01 6.075543191505100538e+01 5.070518021889355254e+01 6.491323220946401307e+01 8.503131970075877177e+01 7.881649079331532448e+01 6.551452808057962329e+01 4.687747928634902195e+01 3.194511746240614514e+01 5.076350855848706800e+01 6.525947438652829646e+01 8.087161503049671296e+01 7.474724778648308643e+01 6.258281075686558381e+01 7.967154524448955044e+01 8.232633402928846067e+01 7.640573644770468320e+01 8.767966660562559866e+01 6.749987375842570714e+01 6.448775727966713589e+01 4.410643250564320539e+01 6.153091890443471357e+01 5.560025364637571954e+01 7.584881141105522318e+01 8.667684007406637647e+01 8.214021717560727609e+01 7.305500942653974050e+01 6.151176248409247194e+01 4.198168396564894778e+01 5.859780498839216278e+01 5.097499331457126459e+01
7.379952143742957560e+01 6.813337823967748363e+01 4.803743322127452586e+01 6.224304415498786369e+01 8.235390267384353535e+01 6.680567473847543170e+01 4.670921339458688237e+01 6.680567473847543170e+01 6.230458074926737311e+01 7.914265709544532967e+01 8.632233654863306072e+01 7.046089557067436715e+01 5.071760403060226707e+01 4.350597137438217032e+01 3.357455790302817178e+01 3.806825104819859007e+01 5.719708648104302995e+01 7.135278433904119311e+01 7.952345890383028859e+01 8.301743106773434988e+01 9.146102811093042817e+01 1.025519145092438293e+02 9.661992100810137174e+01 8.177275805874597836e+01 6.158785183681232667e+01 4.718145120302916951e+01 6.446563103518309390e+01 7.281654487226485628e+01 7.584881141005963912e+01 8.420227355942189718e+01 8.548268109943344939e+01 6.490635840959943437e+01 5.326116805076175353e+01 4.473686808006690541e+01 6.151176214893396832e+01 7.002640337168035956e+01 6.208074888012360759e+01
8.197125468356669842e+01 7.241765690327935090e+01 5.232260874004574447e+01 6.652532389931380408e+01 8.664300715547172160e+01 7.286517521083020199e+01 5.276808537497404217e+01 6.680567467684589644e+01 8.241840608076660146e+01 9.075921142431347732e+01 7.814695682631611362e+01 5.850608631950776584e+01 5.506551237008677191e+01 3.601699656131996363e+01 5.244901765372776481e+01 5.719708648104302995e+01 4.567519549771305520e+01 5.172525769538731311e+01 6.047790677449316377e+01 7.186216548172667729e+01 9.147315544505622142e+01 1.014233281428791429e+02 9.315212450490602691e+01 8.496747573984742985e+01 6.968581104717182484e+01 4.941366558075922910e+01 6.944583109180354086e+01 8.331510992948511785e+01 9.009423838410627638e+01 9.852012773166603665e+01 9.388792837192625029e+01 7.871671471805966291e+01 5.811481578687916993e+01 4.676167155737633863e+01 5.282645247449912063e+01 7.329489143716924104e+01 8.230923233427105856e+01
8.099068551097468571e+01 6.088515126549886247e+01 7.241765690327935090e+01 6.391717264296095635e+01 8.402953434734399707e+01 7.956651919728153644e+01 5.946248723792778179e+01 7.956651919728153644e+01 9.526354832487028546e+01 8.649260947598266114e+01 7.832852535390306059e+01 6.211025321102192009e+01 4.271102946109440524e+01 3.778318503685112972e+01 5.697053815914534880e+01 6.860534123999988765e+01 6.514601543529755645e+01 7.135278433904119311e+01 7.952345890383028859e+01 8.833155746863835134e+01 9.969376002085279254e+01 9.315212449223507463e+01 7.306565142808021562e+01 6.485025303801256769e+01 5.812164602089848842e+01 5.167913330401772498e+01 5.733637690270504805e+01 6.316930319122800341e+01 6.987757015016694595e+01 8.414518370405649250e+01 1.044565268851659852e+02 8.731579752982069920e+01 6.935916945266151856e+01 4.906343643745843508e+01 6.935916944609452628e+01 6.292186586059762021e+01 7.755550420960361180e+01
8.769746934627956136e+01 6.757711784036536073e+01 8.769746934627956136e+01 7.551838958601149443e+01 9.237200836599575382e+01 8.790779183847035938e+01 6.950381138089517208e+01 8.790779183847035938e+01 8.965746180955007105e+01 7.003516833461404190e+01 5.863163321907984482e+01 5.173314102025119610e+01 6.054992904704086953e+01 4.117746612448735988e+01 3.942951892722884111e+01 6.030350016304228689e+01 6.967852912454031866e+01 7.544175270729886051e+01 8.176788652612505359e+01 9.007791215780594030e+01 9.914197827271789265e+01 1.007987969164933872e+02 9.315212450490602691e+01 8.496747573984610824e+01 7.453405572039046945e+01 5.435158354039317885e+01 7.447902123073114922e+01 8.333717918468906305e+01 9.009423838679641960e+01 8.636495136612117562e+01 1.066876627331849079e+02 8.666729547890886920e+01 6.589511541325538246e+01 5.151647436991770235e+01 7.197914609313619394e+01 8.366791649674063081e+01 7.755550420954963897e+01
9.604178465521114560e+01 7.762520791554773325e+01 9.604178465521114560e+01 9.565597430661119915e+01 1.039992853880625177e+02 9.797326297948173135e+01 8.962922701366788658e+01 9.797326297948173135e+01 9.784656435790444107e+01 8.649260947598266114e+01 7.832852535390306059e+01 6.601400357017350018e+01 4.639572444092789993e+01 6.057287192887660865e+01 6.030350016304228689e+01 4.365208195933103497e+01 4.964526174700173300e+01 5.550037818322982730e+01 6.179095024273745196e+01 7.073300141972973165e+01 8.488412235838306685e+01 1.054099043771117010e+02 1.051083404474138518e+02 9.346170291457485746e+01 7.873462568568781705e+01 5.858939983032551879e+01 5.934894208758170464e+01 7.358807803338351050e+01 9.374168086360857899e+01 1.066876627331849079e+02 1.022650595095618229e+02 8.942481393816542834e+01 6.860600607630546222e+01 5.413381020526188081e+01 7.470369372413753695e+01 8.833826429475038822e+01 9.842458604716438231e+01
1.061141449316536836e+02 9.776973077701134685e+01 1.061141449316536836e+02 1.034339704744140107e+02 1.062166168304704570e+02 9.790736960669384814e+01 1.005114962588575622e+02 1.088200566834137959e+02 9.730563485409459190e+01 8.735314628912855994e+01 7.227589334425707079e+01 5.247405920151518899e+01 5.762678634305104453e+01 7.425276108288321097e+01 7.258198744529315150e+01 6.431919643183351809e+01 4.900217237566940298e+01 6.904282294982955648e+01 8.176788602726841759e+01 9.007787183113413221e+01 9.914197514912520148e+01 1.127365801999919199e+02 9.674863182311059973e+01 7.658002129649403855e+01 6.496166639111446273e+01 7.873462568569408404e+01 6.338221841372453014e+01 7.208410420392723950e+01 8.632933972296299885e+01 1.064918425850739823e+02 9.368074290814426774e+01 7.278317231319512359e+01 6.088003137283931920e+01 7.470369372413753695e+01 5.902732612714250138e+01 7.972317416333061146e+01 9.371116485885002589e+01
1.053489558798954988e+02 1.093341086680944585e+02 8.909430901310439310e+01 8.315462675599123088e+01 9.198468460212285436e+01 7.792644740891401511e+01 8.051435037096030101e+01 1.005114962588575622e+02 8.904816655706169115e+01 6.915574623821817113e+01 5.920073374841215497e+01 7.227589333574616148e+01 7.747115536925045376e+01 8.572298685211185898e+01 7.753764754022660100e+01 5.761551812901304004e+01 6.904282301662686905e+01 5.512868374068742838e+01 7.504903466114168964e+01 8.994990962261151424e+01 1.014437986460190473e+02 1.043769479344395137e+02 8.419432058167578248e+01 7.256328630221135256e+01 8.510427910638776439e+01 8.762896612202203528e+01 6.748589203447710361e+01 8.762896612202203528e+01 9.223480008558212262e+01 1.123912672965134192e+02 1.019801098071887111e+02 8.106077835019459599e+01 6.633795775749233314e+01 8.718790867605918038e+01 7.972317416333061146e+01 6.428258232774848580e+01 7.462697598367425655e+01
8.559823766677757817e+01 9.479175292329503577e+01 8.893582899966028776e+01 6.900848493265458217e+01 7.208654944144090848e+01 6.653842362544820332e+01 8.051435037096031522e+01 1.005114962588575622e+02 9.730563485409459190e+01 8.735314628912855994e+01 7.069627281575306199e+01 6.984351631731608734e+01 8.973371456397771340e+01 8.749186326877385511e+01 6.758343181167967373e+01 7.753764754022660100e+01 8.330507103751291709e+01 7.504902132004613691e+01 6.175880965372008546e+01 7.328963537848807164e+01 9.317492194568633579e+01 1.035120667651454767e+02 8.333038219205484154e+01 8.681247168623329458e+01 1.010842515048385906e+02 9.202773441707387292e+01 7.187164291513570902e+01 8.350272927308881776e+01 9.776675620272413880e+01 1.179309619882984208e+02 9.927682270383220953e+01 7.833820939939714378e+01 7.833820939939714378e+01 9.579621722485809698e+01 8.989433724248888780e+01 6.898577745241176729e+01 7.740434000864777886e+01
