MOVIE_S2_data/elevation_000502.asc
nrows	100
cellsize	150.0
xllcorner	0
ncols	100
yllcorner	0
NODATA_value	-9999
[rows 34 to 50 of 100, columns 0 to 36 of 100]
2.978181695229736945e-03 2.000297818169487485e+01 3.723043507565164134e+01 4.877743642520781719e+01 5.608889434755425185e+01 4.971514965273242836e+01 3.556745018244597389e+01 3.705189895718356041e+01 5.379861049468637901e+01 6.871502984503439393e+01 7.700050274849616017e+01 7.204738575561844982e+01 7.054565739636335309e+01 7.890123514452726283e+01 8.342502509104168951e+01 8.124785760439614535e+01 7.548163582828868812e+01 6.662346909183894184e+01 5.180780628946665445e+01 3.202852523991223421e+01 2.971070962117881464e+01 4.983610692438894318e+01 6.064927382146205304e+01 6.890679850517385319e+01 8.043816144973393989e+01 6.782088312956521747e+01 4.716679809645593480e+01 3.718359967071144467e+01 5.186079272776699156e+01 4.737606548611295665e+01 5.067819935510086538e+01 3.063383032629365488e+01 3.071996824371704449e+01 3.558244459314492758e+01 5.560510475210848114e+01 6.897292396370751533e+01 7.567314006938696025e+01
1.893497408783086870e-03 8.946165407407862702e+00 2.049317079120017482e+01 4.049317076574134688e+01 3.608654524845670863e+01 3.608619837939740194e+01 2.144256076875491246e+01 2.551039612662082590e+01 4.551040565438879071e+01 4.870173629709046992e+01 6.537643644956995104e+01 7.366215194980838987e+01 8.366626052493998600e+01 8.342502509104168951e+01 6.346872936946584787e+01 6.128329197780881543e+01 7.538101037968374385e+01 7.162873074415256269e+01 5.180780628946666155e+01 4.622147886338969158e+01 2.610381364848736396e+01 4.622147885258283395e+01 4.057347803690788623e+01 5.219229823982895056e+01 7.220171828502624578e+01 7.628833856835812810e+01 6.599230118861322580e+01 5.186079272776699156e+01 3.186453911115007998e+01 3.735171140628055753e+01 4.423360512112172671e+01 2.710458860790235036e+01 4.712459443599794184e+01 5.560510475161854060e+01 4.313943874585202565e+01 4.890411481937970706e+01 5.557249175234856153e+01
9.179827644033159914e-03 2.000917980526551787e+01 2.547524938785475257e+01 2.830352520253872939e+01 3.122552635534631449e+01 1.612483369046492143e+01 3.181211418211933761e+01 4.550995044692966474e+01 3.236288822391042430e+01 3.868773401276104806e+01 4.535887775105908304e+01 5.537036910859826122e+01 7.538250379059476813e+01 7.870660527224968916e+01 6.713077786639249211e+01 4.708600229450268415e+01 6.713077786639249211e+01 7.129237919057302975e+01 6.303682461289656658e+01 4.355682901092249182e+01 2.345746930093872962e+01 2.980154212091486343e+01 4.991830946410080116e+01 6.890679769723239190e+01 6.757519762734990820e+01 5.888926035500482215e+01 6.757519778132248689e+01 6.034245160209112413e+01 4.847692951139701734e+01 2.695299789876552410e+01 2.424656547626842951e+01 4.423360279012759122e+01 5.545353904986954774e+01 6.470517894210891541e+01 6.317955778281105239e+01 6.897292396370751533e+01 7.567314006938696025e+01
6.604900230173384179e-03 2.728260169989236150e+00 5.475471448962263565e+00 8.303898573693752283e+00 1.122119840364568510e+01 1.804842700703468239e+01 3.626005693396538732e+01 5.815592713600803876e+01 5.237424409003452297e+01 5.237424409003443770e+01 6.537643644956995104e+01 7.366215218667362308e+01 8.366626059734294074e+01 7.046130827246075512e+01 5.043706374572945350e+01 4.036363873979471606e+01 5.285756272035186498e+01 5.973026379173599310e+01 4.297109611624631498e+01 4.113715044271209109e+01 2.105946964201338290e+01 4.113715044270342958e+01 5.819779516648205231e+01 7.559835385404628028e+01 5.728172298885310454e+01 3.846085487266864789e+01 5.535690842947716561e+01 6.397994297631323235e+01 5.224711462571303855e+01 3.201557810906469115e+01 2.226798296225811313e+01 3.990270542217717065e+01 3.620801275594050850e+01 5.634228046151977054e+01 6.277552949850227293e+01 7.113282203221977795e+01 8.277057520574278726e+01
5.101467937297931264e-03 2.000510146793694233e+01 2.547524939328511451e+01 2.830352520253872939e+01 2.274182003879315772e+01 3.806025957064947818e+01 3.096153329572435098e+01 4.530104705960154376e+01 6.547586231650602429e+01 7.238588570258932009e+01 6.874222365759480624e+01 6.874222365759480624e+01 7.698477240416193013e+01 7.870660527167342480e+01 6.444000537751711022e+01 4.437862621952259445e+01 3.273707080636013700e+01 4.632961313607668075e+01 3.133806656949176528e+01 3.877097306598690096e+01 1.871451618778983317e+01 3.877097161591944285e+01 5.440644251422844491e+01 5.290917764879949914e+01 4.855083083265599697e+01 2.920707654178328738e+01 3.536808245829152497e+01 5.535690842947717272e+01 5.725968332482949563e+01 4.199390184104478863e+01 3.769044935592957302e+01 1.990061378893516419e+01 3.990272290210842954e+01 5.114211413373098480e+01 4.262586304052818065e+01 5.426401817815584394e+01 7.440247018669435874e+01
5.600358222118538565e-03 2.000560035822176275e+01 3.181146105166285309e+01 3.888394176701353899e+01 4.230910003966914701e+01 5.024734575527180880e+01 5.121011363916302628e+01 5.954351252943821748e+01 6.545827433348432578e+01 5.719637223928452840e+01 4.872987651571167333e+01 4.872987651571167333e+01 6.874222365759480624e+01 8.209838613767388438e+01 7.269593942609478177e+01 5.793123450384780426e+01 3.783663684469658506e+01 2.620731066582623114e+01 2.235727105866011399e+01 1.893733287300756629e+01 1.641581458212771238e+01 2.746049810712034400e+01 4.307186324379733833e+01 4.319075759512008972e+01 2.795412624864118811e+01 2.265455840812168375e+01 4.122001829600115741e+01 4.923243777692410816e+01 4.385358610492041009e+01 3.551789576695247064e+01 1.772478114244201208e+01 3.756597364919593218e+01 2.615833344257962523e+01 3.099815322521230598e+01 3.860518543416252868e+01 4.868926546159750757e+01 6.293222122100016236e+01
4.575904209876861112e-03 5.778078886087592458e+00 1.180831089097324771e+01 1.887945423480325502e+01 2.888064844813614584e+01 4.303021120940692157e+01 6.304612764663360025e+01 6.495733027176099483e+01 5.391939214721971041e+01 3.719390077504573355e+01 3.459327087639303500e+01 4.872987658423140545e+01 6.874227246561085281e+01 6.169933440680132719e+01 7.594294189542429763e+01 6.619950229199963587e+01 5.458977163734902405e+01 4.044738093391887901e+01 4.245670412625066348e+01 3.421141511756236042e+01 1.417303876579411437e+01 3.160097890272218280e+01 3.238290541692440883e+01 2.855973962711767911e+01 1.583548749168432046e+01 2.980990132391409020e+01 4.056220044693365168e+01 2.921186933862181334e+01 3.337185482215147658e+01 1.556370525907780866e+01 3.551677192163063523e+01 4.594794936872984437e+01 4.035568490322447843e+01 4.524091392557097890e+01 5.875990253047654477e+01 6.711505983171203127e+01 7.719292021330072373e+01
4.658155261040713979e-03 2.000465815526068525e+01 3.181146105166285309e+01 3.888669292517172238e+01 4.717554231101534157e+01 5.718135201243033094e+01 6.495733027176098062e+01 4.513897831080109313e+01 4.564793995494849099e+01 2.570565727175016590e+01 4.564793995494849099e+01 6.285732445968108095e+01 6.078085368504052610e+01 4.670813553189879030e+01 6.560699206824666874e+01 6.650629754653795089e+01 5.833017337256953994e+01 6.048977883778125175e+01 5.339435372176898653e+01 4.236132493326693549e+01 3.159095885260950354e+01 1.159359119748046574e+01 1.046581629682465575e+01 9.712697971493048144e+00 2.086096106980240705e+01 2.938643366312596683e+01 3.089573787933838744e+01 1.164995162350982127e+01 1.332545663155476667e+01 3.336201668352095595e+01 3.681776454458820069e+01 4.517603388774730178e+01 6.050221956913277666e+01 6.538887174868301599e+01 6.160458309320489434e+01 5.895770366548225638e+01 6.740719261311156174e+01
5.330849696878311485e-03 1.000533088858926334e+01 2.414748901900381739e+01 4.414908717511463720e+01 4.757103428629567077e+01 5.034451029033623115e+01 5.896778618429610930e+01 4.858953182591775999e+01 2.890526004528167547e+01 2.090301024235261096e+01 4.081122559312891696e+01 5.448852922012223843e+01 3.982892442536951449e+01 3.619010557079136703e+01 5.719110953413804310e+01 5.833021697335099987e+01 3.750602961237073885e+01 4.360164133469852032e+01 3.968068446482761402e+01 2.568270716825799838e+01 2.828082130924305915e+01 2.786662003365383811e+01 9.201915766707328359e+00 2.815392276792885795e+01 1.022380280338619052e+01 1.058511695478644477e+01 1.094757766405420973e+01 1.131917853203104229e+01 3.127254633202059964e+01 2.294451704877052123e+01 1.384633492137685096e+01 3.652726616419734995e+01 5.174505744497588466e+01 5.571393391405581497e+01 4.137399359193810255e+01 3.876492538756719597e+01 5.033655210376393541e+01
9.384206039104543359e-03 2.000938383378091956e+01 3.828252426050737256e+01 4.084378531831237069e+01 2.573859540638846610e+01 2.820844236958826556e+01 4.416704162816775181e+01 3.898628879818927828e+01 3.624396744512716140e+01 1.636098621505411899e+01 3.624396745116699492e+01 4.596560242658630813e+01 2.538292285152365579e+01 4.596560242658630813e+01 6.072471595640666919e+01 5.534920244430394121e+01 4.360501406745162001e+01 2.181828662916726813e+01 3.039768492074395212e+01 1.370405576499083899e+01 8.345984765198659616e+00 8.700142240927155157e+00 2.863226083136864730e+01 3.655952824635137688e+01 2.863574872762314172e+01 1.882695600332979069e+01 3.086941994805705392e+01 1.478741617129570152e+01 1.184427593285709968e+01 1.221876388785905121e+01 1.259489737290319056e+01 2.529396576213427394e+01 4.036091173829071721e+01 3.983384207526698617e+01 2.754739891982687183e+01 3.876492538765558749e+01 5.895770743619381449e+01
9.768314284573654735e-03 1.837431584409460683e+01 2.728877265382935136e+01 2.505840263331365492e+01 1.077107292037919706e+01 3.170034738497507831e+01 2.464377272180690781e+01 1.904499148017907117e+01 2.720586086648834367e+01 1.255274567209120207e+01 3.241973386308023919e+01 3.327911543624031765e+01 1.982459350500749551e+01 3.146740290417364250e+01 5.226380037698546488e+01 4.725143007564808784e+01 2.933944633740788177e+01 3.004558219685220521e+01 8.201332155090980791e+00 7.845484032335243718e+00 2.781071535792874627e+01 1.104791574305546753e+01 1.649304183206549723e+01 4.337486226484718088e+01 4.404231051961053112e+01 2.904650666678469406e+01 3.790509258518035551e+01 1.782827178060691153e+01 3.179763923241556256e+01 3.217689668273163051e+01 3.255434302947389824e+01 1.312818765728323100e+01 3.281597056120276079e+01 2.034609234335092509e+01 3.983384207526698617e+01 5.571393391405557338e+01 6.740698582019965102e+01
9.313476842122882932e-03 1.996686180340559957e+01 8.100676931368399059e-01 1.145031998795711603e+00 1.073485458310975815e+01 2.158759793851238129e+01 2.100546810151832133e+01 3.158986164133069430e+00 7.178330417235523342e+00 2.720329842815126042e+01 3.121352977690494157e+01 1.242223884656393196e+01 3.238294470626510702e+01 4.423585111094266153e+01 3.979060266551346814e+01 4.014374331345124602e+01 3.265191681990317818e+01 1.698383595862951623e+01 1.777834761749704739e+01 7.491821161398949158e+00 3.152769135869149864e+01 2.559955556723132730e+01 2.542067627216966486e+01 4.495501594515286570e+01 4.899569641668458786e+01 4.982352312229084390e+01 4.268809493303654534e+01 2.259116156922553031e+01 4.269113411456157081e+01 4.725900120892976020e+01 2.721435486806299764e+01 3.308241812104376578e+01 1.366211619526911925e+01 2.171996567441294346e+01 3.025402773507634535e+01 4.417177090797108008e+01 6.767289262471253153e+01
1.757287057980242524e-03 3.364882415711080710e-01 1.246030957849889376e+01 1.302817039010127687e+01 1.619537622644656061e+00 1.955296570061646921e+00 2.291240735152571872e+00 2.629017910927981649e+00 2.254663077486003075e+01 2.493689998374970429e+01 3.964061610853479412e+00 1.272608537037909926e+01 2.459118965272446644e+01 2.625184451158800414e+01 1.835216503468257798e+01 1.992951357068443485e+01 2.600579707614089742e+01 2.646440395613620211e+01 6.992721560556741878e+00 2.695893421509458676e+01 3.779142434531398465e+01 4.591873592408700233e+01 4.580315191964460553e+01 5.436833071705162013e+01 6.873748619850196917e+01 6.615454630514234680e+01 4.787406915143653663e+01 2.780612984080542560e+01 4.787393762816608245e+01 5.554469684183169420e+01 4.725677986716041801e+01 3.726940002793394768e+01 1.404103158340438817e+01 2.118391910062549854e+01 3.314407923822216162e+01 5.049755985365818134e+01 6.027860261959984456e+01
1.954507115700021471e-03 1.870208685365964740e+01 2.324886343121548293e+01 2.455828393255728059e+01 1.623487852455850344e+01 1.606061317793157528e+01 2.221176651327342810e+01 8.891774678611088945e+00 3.106541237328160232e+00 3.444854299702698519e+00 3.784296509793923402e+00 1.879228486797611808e+01 2.318085524341488224e+01 5.099584140793164799e+00 5.449042481963278561e+00 5.798714431242647294e+00 6.148343325635966750e+00 6.497922842103128538e+00 2.016653781418863289e+01 1.110948883535475673e+01 3.087842741057753670e+01 4.353231623755961976e+01 5.768965486414111155e+01 6.828881965583329361e+01 7.209326911607037403e+01 5.204878186961277464e+01 3.782849000955533825e+01 3.938409811165350760e+01 5.614075475440389340e+01 6.238511751450938903e+01 4.034683531450636451e+01 3.513910810240566462e+01 1.442029538947593359e+01 3.230456049560007870e+01 2.576025244993439145e+01 5.066256259934257855e+01 4.163289607691113048e+01
9.499524778340364892e-03 1.164439921042775872e+01 2.390438594406210626e+01 3.643788830761193509e+01 3.774328701691178622e+01 3.616075578652791478e+01 3.013781976057134315e+01 1.061497926180439855e+01 1.561251593451598652e+01 1.840382251744149755e+01 6.672129992189779202e+00 4.265215785120234138e+00 4.605935851530081671e+00 6.549318288068831428e+00 2.363986973005036774e+01 2.517834130349728028e+01 1.623101585685832760e+01 1.135201084263288074e+01 2.933513008454160698e+01 3.099484336464506029e+01 1.534539818133853650e+01 2.937497897989357298e+01 3.993295337961269098e+01 5.719998158025043011e+01 6.878771447170679210e+01 6.615658643051941112e+01 4.943970699219235598e+01 5.947158526917465338e+01 6.770113779646892738e+01 5.575718657439033876e+01 4.004488738119393076e+01 2.103234007719682097e+01 1.479966892923557431e+01 3.373996199354564851e+01 4.220606599352246491e+01 4.782184747451933760e+01 3.973507962803210347e+01
7.291241591682445615e-03 2.000729124159132866e+01 3.337413765133149468e+01 4.115204108702217667e+01 5.144204471492624720e+01 3.890122086525539657e+01 1.930442568529158720e+01 3.013915495706740089e+01 3.109242203892948808e+01 2.945549580499658404e+01 1.205139932973156114e+01 2.532417982675224977e+01 6.087876378489302631e+00 1.314512719568926968e+01 9.307027914084718745e+00 2.847362238372083709e+01 3.470888525295502802e+01 2.372047657974003343e+01 3.787508674344324078e+01 4.353231623750775015e+01 2.678399433253008510e+01 2.000295470329736247e+01 2.886030387074168857e+01 4.040368161197314123e+01 6.048469134450854767e+01 7.025126904097970737e+01 6.950352970004394138e+01 7.768952726124292951e+01 5.891144750728685153e+01 4.557441674203037252e+01 2.852840710274058367e+01 1.667280275492091590e+01 3.446672382589741801e+01 1.536031756358942779e+01 3.546007038524930977e+01 3.744976846741199950e+01 1.975346660514546215e+01
1.086749991637594439e-03 6.348836570535402402e+00 1.331026904562803104e+01 2.445884138396810670e+01 4.651579134921609437e+01 4.586945993830533297e+01 2.617624068747673860e+01 4.586945993830533297e+01 4.072948701228304458e+01 2.193658242266604574e+01 3.131661561939705152e+01 2.952062156336437582e+01 2.947338674789545365e+01 1.035291356861187673e+01 2.850543730903024553e+01 1.209753657093610535e+01 3.117580130658133086e+01 4.196399862975852812e+01 5.202968687182335117e+01 5.508694916160563082e+01 4.678025288486567490e+01 3.993295336014524821e+01 2.537508043812360725e+01 3.289093503355049108e+01 4.185605033237294492e+01 5.607263555945698386e+01 7.613713459901525482e+01 6.694537846097573208e+01 5.050322141931548003e+01 3.015506193939258850e+01 1.855636664354030074e+01 3.683630501833280135e+01 4.339841885977903502e+01 3.480406184717696760e+01 1.592156922383250617e+01 1.750617650615098242e+01 3.627595902838098851e+01
