MOVIE_S2_data/elevation_000615.asc
nrows	100
cellsize	150.0
xllcorner	0
ncols	100
yllcorner	0
NODATA_value	-9999
[rows 0 to 16 of 100, columns 0 to 36 of 100]
4.047028337263018118e-03 2.000404702833690607e+01 2.506924829030124968e+01 2.767302650991774016e+01 3.034563892904200699e+01 1.754345147388830739e+01 3.914489329077383672e+01 5.319973221676935538e+01 6.148378447885696119e+01 6.374405967998795575e+01 6.859472659346771195e+01 6.445259544031684129e+01 7.273686205203119925e+01 8.273685141008562027e+01 9.674721842621674739e+01 8.855933406525676332e+01 8.598404472945291843e+01 9.417705352907259453e+01 9.520551432235809841e+01 8.701314407454547961e+01 8.701314407454886179e+01 9.271910468288953666e+01 8.452163242169112323e+01 8.709870478934033144e+01 9.529082767155806266e+01 9.121209368861784128e+01 8.278830607995197965e+01 8.771952462450160226e+01 7.931108467804467921e+01 8.771952462450160226e+01 9.938381989603891498e+01 9.970637113709032917e+01 9.124449633965194550e+01 9.388495992543681723e+01 1.023557781323826674e+02 1.002067573014993513e+02 9.191233617755203511e+01
9.482596902220898072e-03 2.529245750297074657e+00 5.069248290300895299e+00 7.673026509917383109e+00 1.034563892904164994e+01 1.358500299234358621e+01 3.352828023181106687e+01 3.320669533450459454e+01 4.543346856854712001e+01 4.374482138738009240e+01 4.859491455450346109e+01 4.445285231620284350e+01 5.445261026259058923e+01 7.445258061804257466e+01 8.855933406525676332e+01 6.858914611771783143e+01 6.598619143378108731e+01 8.266818227196729651e+01 8.701314407454547961e+01 6.704133904383104436e+01 6.704133904383104436e+01 8.112342642668222936e+01 6.452569018989549932e+01 6.712755563130116343e+01 8.709870478936323934e+01 8.278830607995197965e+01 6.277307687077260567e+01 6.863540177913809259e+01 5.933871078926981824e+01 7.081224827161389612e+01 9.092071111183705057e+01 8.804063168753273771e+01 7.113126201341766830e+01 7.373189852254731136e+01 9.067012821522392585e+01 9.191233617755203511e+01 7.201771362182500980e+01
3.324160138653916522e-03 2.000332416013829828e+01 2.506924829030124968e+01 2.767302650991774016e+01 3.034563892904200699e+01 1.819028433456914939e+01 1.827620509200958665e+01 2.168649641665069794e+01 2.544893643724656229e+01 2.960866935779205278e+01 3.445458458299641791e+01 5.445272387825957594e+01 7.273686205203119925e+01 8.273685141008562027e+01 8.820152754851834231e+01 7.443827874598213157e+01 5.435484401633483742e+01 7.443827874598213157e+01 8.632925985754576459e+01 7.289094530479171397e+01 5.284285852059979760e+01 7.289094530478857337e+01 5.292887749896714666e+01 7.297696979149357333e+01 8.453397659915754048e+01 8.356521297194829856e+01 6.863540177913809259e+01 4.867280150136364369e+01 6.277307687077260567e+01 8.278830607995197965e+01 9.081359767355301926e+01 7.069830689535386625e+01 5.965551267237837152e+01 6.224218479679850446e+01 8.224958449948358918e+01 9.191233617755203511e+01 7.201771362182500980e+01
6.476169185215582824e-03 2.000647616918486094e+01 3.584897922200650555e+01 4.584897922200668319e+01 4.396378702646621406e+01 2.396378702646550707e+01 3.823187727245477419e+01 3.580060149009931081e+01 3.698166779176764862e+01 4.114985379350993355e+01 5.445272387825957594e+01 4.859491455450346109e+01 6.859472659346771195e+01 8.231818136660236007e+01 6.824037639804694777e+01 6.838289533690637256e+01 4.828080721961207189e+01 6.838289533690637256e+01 7.811249019705702779e+01 5.808771978313293971e+01 4.651276660106410787e+01 5.897737388411012915e+01 4.625612062770169786e+01 5.627652186971225490e+01 7.631202285173063160e+01 7.517666837019700665e+01 5.520280280557098962e+01 4.361687871408926753e+01 5.778787670561923306e+01 7.778449877765713438e+01 8.258303814018296407e+01 7.069830689535386625e+01 5.073665391566088800e+01 7.069830689535386625e+01 8.114108141903545857e+01 9.119389624086640822e+01 8.611223546166215215e+01
5.418514359027011389e-03 7.564707974543604330e+00 1.756470797454378285e+01 3.756470797454448984e+01 5.028834234680308413e+01 3.028834234680237714e+01 5.028834234680308413e+01 5.579473288208015447e+01 5.112107616485962325e+01 6.114894111104494101e+01 6.943319293746382925e+01 6.859472659346771195e+01 7.687899446620819788e+01 7.231342662450312275e+01 5.402046167750960848e+01 6.301038630164533316e+01 4.290408154116814643e+01 6.301038630164534737e+01 7.797378821923605585e+01 6.238837506880845751e+01 5.412047441819436244e+01 3.895186437313307692e+01 5.897737388411024284e+01 7.454345763811052450e+01 8.453397661347254655e+01 7.352120462713676829e+01 5.351516004718424568e+01 3.927692274381003301e+01 5.937479483995144847e+01 7.478784188331445648e+01 6.643084201449073589e+01 5.418708760812808833e+01 4.569837697306463298e+01 5.280433571784035962e+01 6.276024211873870939e+01 8.276993797474678161e+01 8.886007265497985941e+01
5.264502547137648453e-03 2.000526450254678323e+01 3.584897922200650555e+01 4.584897922200668319e+01 5.857261359426527747e+01 4.443047797053382908e+01 4.443047797053382908e+01 6.443047797053525017e+01 7.112074360756791691e+01 6.665198572264461063e+01 5.838698216869477875e+01 6.665198572264461063e+01 7.822127191316137385e+01 5.818537932352676023e+01 4.395709513878020402e+01 5.400536672030926155e+01 3.803208297669657156e+01 4.964483843330921076e+01 6.973015271898539424e+01 5.412047441819476035e+01 3.406518019002857756e+01 5.412047441819476035e+01 5.897737388408124559e+01 7.896825782992640086e+01 8.173111475782832258e+01 6.959769648475617032e+01 4.956618353414274480e+01 3.526838442165698240e+01 5.543327783995398761e+01 6.319554963412731752e+01 4.639264092358558855e+01 3.996086377462621897e+01 6.004829196628983112e+01 7.276508081095066416e+01 8.114108141903545857e+01 9.119389624086640822e+01 8.647114652408316715e+01
5.458922989205592172e-03 1.414759454672028127e+01 3.414759454672098826e+01 3.898735298280449513e+01 5.897796575595878465e+01 6.443047797053525017e+01 6.443047797053525017e+01 7.271474921799773483e+01 6.908593711357418954e+01 5.667237984868490486e+01 3.842539777446052085e+01 5.667237984868490486e+01 6.542767509522951741e+01 6.781122293670281920e+01 5.400536671933896571e+01 3.390411680436641007e+01 3.364613937794264587e+01 5.374731694874647303e+01 6.627231108594668285e+01 5.090905717942096231e+01 3.080004626367430376e+01 5.090905717942055020e+01 6.316791212866156258e+01 7.317049893133697935e+01 7.334714430898299042e+01 5.333347612158821960e+01 4.171113008984455917e+01 3.151799963241968783e+01 5.175168884165776717e+01 5.017240978377362381e+01 3.469203107098963557e+01 4.899240514196509366e+01 6.838506287415546581e+01 7.733503915582879529e+01 6.906493974126436797e+01 7.733545690455282795e+01 7.819895923993021825e+01
8.589772593009903194e-04 2.000085897725894668e+01 1.905203220221933691e+01 3.313323282485691124e+01 5.312044926388329458e+01 5.704860006661119343e+01 5.704860006661119343e+01 6.543194698874320636e+01 6.011884657457574122e+01 4.097801187337638140e+01 2.875307802944032431e+01 3.733947786368764810e+01 5.716768354994696466e+01 5.954717974846482065e+01 3.945088439908185052e+01 2.783429989467816768e+01 4.794460680798048458e+01 6.202996007249376476e+01 5.210261326742479326e+01 3.793291544890294631e+01 2.764672970184034639e+01 3.483150118851608568e+01 4.488392995220691972e+01 6.492060840353515516e+01 7.086525319679341806e+01 6.162665306487952677e+01 4.837940730678443657e+01 2.807029915424113042e+01 4.580569038359857359e+01 2.992476406313848614e+01 4.168087983224797455e+01 6.177205541455409588e+01 7.739869412628951295e+01 6.732462621195899999e+01 4.902122463154171328e+01 6.732462621195899999e+01 7.757068216929505411e+01
3.158951013565912836e-03 6.570756480900134200e+00 1.719736752976951166e+01 3.261148230553324368e+01 5.018252489109498526e+01 3.620152619152083417e+01 3.620152619152083417e+01 5.704860006661119343e+01 5.186833342871061348e+01 3.229656926998958966e+01 2.193313877154662705e+01 4.097801187337637430e+01 5.535606075771612922e+01 5.636973361195385479e+01 3.626955171805447264e+01 2.466975436042536174e+01 4.052846210864402110e+01 4.836546525074511038e+01 4.006803856455325530e+01 2.364135809572680813e+01 3.793291527267611940e+01 5.490225754386137424e+01 6.316938037379529902e+01 7.317061233927043418e+01 6.246358916427796260e+01 4.225421290448824863e+01 3.129148150098745873e+01 2.470451421749453758e+01 2.549036092221096439e+01 4.580569038359857359e+01 5.850960871548937803e+01 7.011971424885348370e+01 7.091135715630726111e+01 5.904300561075532272e+01 3.883018478996743994e+01 5.904307506373679360e+01 6.356357143414249578e+01
4.111938136589871236e-03 1.155111732192900575e+01 3.155111731984691659e+01 4.473547072415450288e+01 4.230742152759403041e+01 2.009177323524856362e+01 4.230742152759395225e+01 4.458017709115784299e+01 4.464774837230214644e+01 3.588805491039108375e+01 1.746844056561890213e+01 2.767581139553371727e+01 4.710618812453959947e+01 6.464491089678764979e+01 5.306071909276406018e+01 4.052846210864402110e+01 2.052052152175955868e+01 3.651831200985726156e+01 1.998775298501605135e+01 3.417976861668604016e+01 5.210261312694822067e+01 6.627093411254409716e+01 6.880599765503579590e+01 7.682341984093326914e+01 5.962286014565555092e+01 3.940789318277786180e+01 3.290231365952487153e+01 2.141789341269177172e+01 2.248121599647326718e+01 3.690248339611032691e+01 5.707323183687805113e+01 5.901424445331962687e+01 6.264449493243180456e+01 4.249322128686705469e+01 3.203073730864269208e+01 5.230537897654474477e+01 5.477459961410267653e+01
7.351428307265867393e-03 2.000735142827348056e+01 3.983538643141360325e+01 5.113641489119708439e+01 3.504606863887917712e+01 1.246931799839943622e+01 2.556563469628704865e+01 2.006305157949362794e+01 2.391424750528308962e+01 2.676872383514294995e+01 1.392374259883096599e+01 3.195079627481975137e+01 4.552634835324666795e+01 5.348752444803842110e+01 6.360524794618182653e+01 4.147690535546016832e+01 2.551965838975774048e+01 1.659880077646384677e+01 3.651831201091124512e+01 4.836546548309885196e+01 6.255116234951161402e+01 6.526430087037729777e+01 4.850947648694629777e+01 6.526430087037729777e+01 6.807821652981527905e+01 4.969622187195329843e+01 2.483256257497309960e+01 1.845962689265518364e+01 3.871440920571012612e+01 4.829236961339042011e+01 4.068167017780566397e+01 4.062366058865495688e+01 5.820164418003479767e+01 4.619233367302658877e+01 2.574255111196083234e+01 3.917350109867427932e+01 3.725879106060099133e+01
9.944443931579059412e-03 1.415208054181568897e+01 3.415223866343647785e+01 4.312443974217310227e+01 2.516646685948419204e+01 2.477619050523170685e+01 2.822505687526208007e+00 3.089286836112810519e+00 2.252115797973136324e+01 8.854802464990401134e+00 2.670447409706951092e+01 3.389268633851060031e+01 2.612016852934478095e+01 3.843260963221991489e+01 5.697412159668377285e+01 4.036455753680215253e+01 3.207360422521227150e+01 1.483142873990714072e+01 2.874646231622979542e+01 4.881294085538196015e+01 5.961024951245799741e+01 5.138742242661349025e+01 3.689501972138866392e+01 5.702050601279560738e+01 6.668614075121128337e+01 5.148839062103943576e+01 3.380348557134040988e+01 1.651649526234806942e+01 3.394792641258150212e+01 3.357252007594358645e+01 2.448952908158369368e+01 3.239367423934886858e+01 5.018271293051189730e+01 5.435587812555802856e+01 3.916927816089625480e+01 1.835498505343871756e+01 1.726501111774721053e+01
6.062025039522273874e-03 1.421811057685367530e+01 3.484486234596359111e+01 3.789926842723950529e+01 2.790428224612099939e+01 1.129644828951776248e+01 2.572438134447825764e+00 1.464759520236475687e+01 3.637785458650772963e+00 1.501934496716388701e+01 2.416189849238894283e+01 1.429703921053739535e+01 3.373383127952065763e+01 4.854903495941409375e+01 3.952044422323972839e+01 3.077811430317716557e+01 1.232888727019339470e+01 3.078921202319301287e+01 3.856315655825287791e+01 4.693562262709613719e+01 4.778200492027520596e+01 3.187736640398496846e+01 2.988535833595854996e+01 4.925361740796703458e+01 4.367201407448156658e+01 5.106555614920076636e+01 4.459748702260679920e+01 3.373091626455781977e+01 1.407457566992151854e+01 1.371035626454619916e+01 2.066982180750236964e+01 3.115301141862777357e+01 3.718685574707085806e+01 3.584287495237003895e+01 3.569404339567959283e+01 1.664941916014063139e+01 3.663214732418268937e+01
5.865714242623007793e-03 1.964771822443079330e+01 2.142951225295104933e+01 1.574186330829427050e+01 2.077227827582233033e+01 2.038695810104514283e+00 2.196044285001460850e+01 1.451932663108096655e+01 4.015288014310096187e+00 4.152369833974248081e+00 4.537570523255977761e+00 2.435869782546857465e+01 2.128953106149607777e+01 4.081551726263681701e+01 3.132957490232773168e+01 1.685271469398207245e+01 2.725883636700137913e+01 9.825076844417667488e+00 2.294217109673099486e+01 3.763162817889195821e+01 3.322127571133623292e+01 2.159201483035586833e+01 3.998876488279213959e+01 3.878528027703415404e+01 2.818590358722001454e+01 4.333742877905631019e+01 3.573405212910186179e+01 3.221245967744377481e+01 1.310826541900880571e+01 3.295259470062912044e+01 1.431145466901575070e+01 1.473848245366417409e+01 1.516877336153297229e+01 1.559952782299951224e+01 1.603653504493864546e+01 3.571897874972497533e+01 4.482442397360020436e+01
3.580119829443586393e-03 3.784776228048572499e-01 7.534410070755399591e-01 1.128668264284857559e+00 1.505175216600650900e+00 2.144854609255911981e+01 3.033868429316646242e+01 2.319053576482603773e+01 3.479977002105509598e+01 2.719157365277650840e+01 1.690738035890631252e+01 5.094985666469816543e+00 2.482436656790329721e+01 2.573610250061112126e+01 2.597916810450540481e+01 6.963351997915670388e+00 7.349741093086855415e+00 1.812657188657953711e+01 2.593903465463971614e+01 2.809317196524608562e+01 1.499968827917495595e+01 3.287542582156167015e+01 3.567088772346237135e+01 2.280030612955256686e+01 1.896032438517621799e+01 3.009222234629347170e+01 3.178236501743551301e+01 1.251678538338696534e+01 3.237113300519112613e+01 3.286123810338241924e+01 3.625595086737418171e+01 2.465156810800109355e+01 2.581810993511615493e+01 3.465436823642026809e+01 1.598573468139035292e+01 2.891101496751519662e+01 4.993656234040493302e+01
9.038799794707020815e-03 1.522667372612136027e+01 1.730830765273359617e+01 2.030799172014236120e+01 2.567292817667298443e+00 2.344902767772319052e+01 3.942711770099359114e+01 4.231078520683241351e+01 4.230984291207857240e+01 4.312432063887379030e+01 3.000588570599516913e+01 6.885488910239283555e+00 5.644969448381655042e+00 6.031245049366770417e+00 6.417205487870335290e+00 1.518963599568388645e+01 2.658747165765118936e+01 7.910653816846703990e+00 8.316173655659063968e+00 8.722086664968831116e+00 2.030779456116177073e+01 2.751157675161750049e+01 2.870831938561402552e+01 1.069483857037070607e+01 1.110473555424789360e+01 1.151547577546391388e+01 1.192669711056181647e+01 3.180935928556682413e+01 4.048383984989014550e+01 5.220084133914591007e+01 4.823589991719374126e+01 4.057128045918396708e+01 3.739214735566219616e+01 1.943349492668790646e+01 3.738049593718748298e+01 4.829720058336586419e+01 5.836635368136213486e+01
2.154417243255324355e-03 1.971194802494138187e+01 3.396558534857536671e+01 1.925515523680310537e+01 2.339630068211702252e+01 1.056855066180710523e+01 3.096370548219217511e+01 4.982480535765641605e+01 6.197347211927673527e+01 4.433251773066224644e+01 2.433438913026832040e+01 1.011363515985504158e+01 2.557168887421731895e+01 2.015948053615844415e+01 2.629680732033297375e+01 1.350535944589789317e+01 1.061777405363142535e+01 2.846484090502878317e+01 2.905783834461703918e+01 2.878489549404761405e+01 9.299015762331579893e+00 9.707256685641423744e+00 1.011577910616850851e+01 2.962349767487000562e+01 3.203797319668623089e+01 3.140467346915594504e+01 1.406140956876006243e+01 3.314456086905879317e+01 4.525230756126858722e+01 5.688209484281592410e+01 6.422177218129866105e+01 5.159187827239579605e+01 3.791771054767448135e+01 2.120299368125012762e+01 4.036370777473835858e+01 5.136683723577385052e+01 6.503650373604985191e+01
