MOVIE_S2_data/elevation_000218.asc
nrows	100
cellsize	150.0
xllcorner	0
ncols	100
yllcorner	0
NODATA_value	-9999
[rows 34 to 50 of 100, columns 0 to 36 of 100]
2.978181695229736945e-03 1.414511380542630548e+01 3.414511380542700891e+01 4.705036874666350855e+01 5.327576567621888870e+01 4.502157490678465024e+01 5.134205242246302703e+01 5.840608815705034118e+01 6.664349823479165025e+01 7.660739853778876807e+01 8.238834419267315923e+01 6.245561044088149316e+01 4.859430337527550137e+01 6.013226348243712494e+01 6.047880854155526720e+01 4.057194634393209043e+01 6.047880854960111208e+01 7.194136236699105780e+01 5.948743781995412405e+01 3.958698210572991627e+01 5.779584426149745013e+01 5.609425492132114499e+01 4.981239334765563598e+01 6.978038285149412445e+01 8.749157691172298712e+01 9.054277697595854590e+01 7.062363720397137001e+01 5.654372592031186429e+01 5.411861075584322833e+01 5.597496099402652447e+01 7.005298738049846463e+01 8.997411523882998097e+01 7.930370359591302076e+01 5.984056518306926620e+01 4.534236009841171722e+01 4.318379220817672604e+01 6.286311024276702852e+01
1.893497408783086870e-03 2.000189349740842815e+01 2.713762843753593756e+01 3.094193438758303216e+01 3.554267136290094697e+01 4.041726522419686773e+01 4.579470201719163214e+01 5.412222617398712288e+01 6.354622962152927101e+01 7.530387451998834081e+01 8.666196922227091193e+01 7.421992282176074696e+01 5.429696392456101961e+01 4.041383688576399180e+01 5.308401709345520914e+01 3.652517666296438392e+01 5.078955035690813702e+01 5.782504124291682501e+01 4.374126668523506822e+01 3.408733441581608758e+01 3.790601237225006059e+01 4.203384899591404178e+01 6.194829299554884727e+01 7.806237466863267116e+01 8.990545030347834654e+01 8.171757106247335400e+01 8.058320708996495796e+01 6.066763645679073136e+01 4.667197730665620270e+01 6.650077204404777831e+01 8.037430723332489890e+01 8.847020051394876816e+01 9.009424402575724855e+01 7.280468960026905734e+01 5.926995395985155568e+01 3.973726762411138935e+01 5.926995396000448579e+01
9.179827644033159914e-03 3.544713733576778214e+00 7.136819774112465709e+00 1.091646451423215503e+01 1.550478072772252958e+01 2.035551793931098175e+01 2.570099362601038706e+01 3.466607922425928479e+01 4.638371363829791960e+01 6.694971710334577608e+01 6.677144516868723656e+01 8.079177180245937961e+01 6.826018688997233141e+01 5.308401710245191651e+01 3.333958280042913458e+01 5.078955035690813702e+01 3.090114516697682134e+01 4.546861324235779023e+01 2.968734332706046786e+01 4.957713012074352577e+01 5.194806741383897020e+01 5.609425492204914576e+01 5.609425492204915287e+01 7.608119110724028644e+01 8.171757106247335400e+01 6.183078260270956150e+01 6.765548808655196922e+01 6.275348208377545944e+01 4.297480835363908369e+01 6.274846982964126596e+01 6.052741983883246490e+01 8.037430723332489890e+01 8.563286129329510743e+01 6.757861139223633984e+01 5.665342176829012999e+01 3.722701105607652750e+01 5.319187277004292014e+01
6.604900230173384179e-03 2.000660490022981719e+01 2.713762843753593756e+01 2.500953680496297693e+01 2.354057181754358652e+01 4.038818831883520488e+01 4.147204720174010362e+01 3.938625122531935574e+01 5.833840057794581924e+01 7.085171272223342953e+01 5.267690161295935525e+01 7.085171272223342953e+01 5.998941329777102993e+01 4.011039655235404666e+01 2.871026251575421995e+01 4.851226912386083256e+01 4.230502008115809076e+01 2.555636093257349017e+01 4.547417205806936380e+01 5.784132413174870635e+01 7.191362671205627066e+01 7.608119110724028644e+01 7.608119110724028644e+01 8.436022423311121088e+01 7.982775136250894832e+01 6.765548808655196922e+01 4.782994810293033794e+01 5.920309613774792723e+01 3.946077624332525602e+01 4.654194893644409348e+01 6.052741983883246490e+01 8.037430723332489890e+01 8.217162296119695952e+01 6.288807952259359979e+01 4.929552769441095705e+01 5.317707263227686099e+01 3.381955280921030038e+01
5.101467937297931264e-03 1.414723709166837295e+01 3.414723709166907639e+01 4.445085952859785294e+01 3.498486814068750306e+01 5.085061305245160668e+01 6.365361087268512108e+01 5.839988879439159319e+01 6.665043022819176599e+01 6.263707414601390866e+01 4.273587465068955993e+01 6.263707414601390866e+01 5.592843628473378459e+01 3.603505458965298658e+01 2.456772847481208544e+01 3.918972534804208863e+01 2.235835867438521163e+01 4.230502008026678595e+01 5.373443616142219525e+01 6.904918049129751978e+01 8.057605005658666641e+01 7.823723314489454594e+01 6.998457065206903849e+01 7.823723314489454594e+01 7.162141386093593098e+01 5.177336631153139024e+01 4.040204326961291059e+01 5.173640544257170859e+01 3.603765287964397146e+01 4.345710153782667362e+01 5.741817046013554915e+01 7.729445197841207005e+01 7.832086224537601993e+01 5.871117925521052427e+01 5.871117925521052427e+01 5.107500284460606821e+01 3.163708918569806272e+01
5.600358222118538565e-03 2.000560035822176275e+01 3.625175256112927968e+01 4.687430946644513341e+01 5.429485221382091709e+01 6.215598821642046090e+01 6.008895236579713384e+01 5.166335514030446774e+01 6.010957964558767230e+01 5.596673465166566075e+01 3.611083386471822365e+01 5.600334102979689987e+01 6.421447902406126218e+01 5.269744578081775899e+01 3.918982688360109989e+01 1.921678051744668636e+01 3.918986964455275768e+01 4.817891299372525538e+01 4.085694405666313855e+01 5.234110389997252355e+01 7.230408980014219367e+01 6.826825461983368371e+01 5.004070387860006264e+01 6.826825461983368371e+01 7.720204302239079652e+01 5.734101637031525200e+01 4.337508766570020668e+01 3.198303972849420873e+01 5.173640544257170859e+01 6.323979853190373746e+01 5.959290407105944354e+01 7.946661804137424667e+01 7.154825287054663363e+01 5.871117925521052427e+01 3.917964637877863510e+01 4.635835323841355660e+01 2.941962935200766083e+01
4.575904209876861112e-03 8.605835930113288512e+00 1.975120878031337313e+01 3.826391783870460017e+01 4.637192770486610272e+01 4.872833184545032026e+01 4.957103951451681922e+01 3.130545322100210015e+01 4.477974863333389521e+01 5.025909572100269429e+01 3.035472839703414394e+01 4.443170209934750403e+01 6.432102257355123243e+01 5.141854550828634274e+01 3.148662906632527481e+01 1.733306158222925220e+01 2.270647136969249047e+01 2.826685689801936263e+01 3.822313122201495617e+01 5.228807474330800176e+01 7.225051086787264865e+01 6.001263726267277576e+01 4.010887832156097232e+01 6.001263726533462517e+01 6.584896033612540123e+01 5.764349372488248235e+01 4.928630196207920022e+01 2.948162329737420961e+01 4.349004183594475847e+01 6.327971177097278144e+01 7.946661804004170904e+01 6.550126595876153601e+01 5.737733727074759571e+01 4.383383977707149626e+01 4.383383977707149626e+01 2.658081679499437655e+01 4.635799658592439698e+01
4.658155261040713979e-03 2.000465815526068525e+01 3.515263353932469670e+01 3.422606038538332029e+01 2.494116786389091445e+01 3.045553300030919530e+01 4.124872844148809747e+01 2.119702702730099020e+01 2.465803378223782971e+01 3.887690802205455043e+01 2.534749355462591680e+01 3.844705473577665344e+01 4.668702247091666635e+01 4.141838181619820602e+01 3.315273412122147079e+01 1.557386198710065628e+01 2.974144836635326428e+01 4.817902422586940503e+01 5.644219334401695676e+01 6.640691486912010078e+01 6.746746246569423988e+01 4.754188618125240851e+01 3.346641884830819436e+01 5.337805095031226443e+01 5.764349372521662218e+01 3.783378347568702083e+01 4.363591327278724918e+01 2.703466768174944335e+01 4.110509028264389997e+01 6.089731552222754374e+01 6.097068081243256188e+01 5.284817372867334484e+01 3.774282415513714994e+01 4.134582583628184693e+01 2.387145985560890082e+01 4.383336772054033759e+01 4.063553936065579819e+01
5.330849696878311485e-03 1.998571702979599607e+01 2.153915694107660883e+01 1.158167154988579250e+00 1.248712443418764373e+01 2.770946706562975592e+01 3.997159333327527264e+01 3.048290746309592336e+01 1.029782593177723982e+01 3.054904321750174745e+01 3.844705473568615872e+01 1.845240237122473204e+01 3.844705465589784410e+01 3.076330591948530468e+01 1.311480061567062805e+01 3.315273412101987560e+01 4.384492682988503987e+01 5.794841709058684387e+01 6.134426149545988238e+01 6.680487833100184503e+01 5.874522130999229574e+01 4.785544706795143810e+01 2.789381821460136024e+01 4.785544706795143810e+01 5.764349372500105062e+01 3.783378347568702083e+01 2.367735060375992973e+01 4.363591327436868283e+01 4.690209881778410761e+01 6.670687855025701651e+01 5.284817429972211755e+01 3.314233059697066608e+01 3.891403685645219213e+01 2.131116297867470522e+01 4.134582583628184693e+01 5.195051705018752131e+01 6.017478454395725151e+01
9.384206039104543359e-03 3.471403606046400969e-01 6.909596142217977466e-01 1.051887313372467325e+00 1.956683874615970353e+01 2.491398970959828674e+01 1.908463620513016323e+01 2.250578448540798249e+01 5.271085701122183664e+00 2.490392211999341043e+01 3.418211750244086744e+01 1.414323466045050282e+01 2.840192017285056636e+01 1.068345199449106175e+01 3.076330591948530468e+01 4.141838177645492181e+01 4.877331624450916792e+01 5.464180046162852733e+01 4.177224775605878904e+01 4.750475785884479052e+01 4.463210020321965033e+01 3.051897911355262494e+01 2.284391451349732094e+01 4.286503985466426769e+01 5.546913980426854351e+01 3.563627898171393582e+01 2.142528674215382622e+01 4.144517223460511701e+01 5.897507535406467838e+01 6.169569897694695015e+01 5.389744835511955046e+01 3.891403627275131072e+01 1.899445540266221855e+01 3.891403685645219213e+01 4.947501381535904130e+01 6.637748266697509791e+01 7.101816461618017229e+01
9.768314284573654735e-03 1.210922140246866396e+00 1.472754718325712808e+01 2.085407394407023673e+01 1.581526801048153352e+00 1.951899907003074475e+00 2.309691551180556690e+00 2.656482487679461268e+00 2.997938419485775885e+00 2.293411955263086099e+01 2.563370844472255072e+01 2.599412292539320291e+01 8.278263615972193179e+00 2.840192075396806715e+01 3.886667226988443247e+01 4.143587403791405421e+01 3.142621759549315996e+01 4.425938291486950504e+01 2.595763245818712406e+01 3.486655443970656165e+01 3.060861325561885948e+01 1.641255170123140417e+01 3.636918267334255717e+01 5.111089250993393307e+01 5.334340347927747672e+01 3.348161706351604039e+01 1.921353225721418312e+01 3.090085090139254476e+01 5.077055409311785183e+01 5.389674977968941505e+01 3.211274224726938087e+01 3.607480628272785594e+01 1.753028034970351712e+01 3.585507433511159547e+01 5.605031500101584641e+01 4.642257539426189084e+01 5.196547952899377520e+01
9.313476842122882932e-03 2.760590616541631181e+00 2.195855805085641776e+01 2.550316158799315858e+01 7.074922328069739308e+00 6.491786722248838792e+00 1.626136600194564963e+01 1.974738251652115650e+01 2.038239939266935963e+01 3.479591766191285629e+00 7.180754268338862545e+00 6.095998606926939622e+00 2.623258722911076291e+01 3.651158838261478934e+01 3.314807306565586487e+01 2.552399484321022172e+01 1.779185172444815421e+01 2.764015348234864433e+01 2.799601645114150017e+01 1.309670981877541962e+01 1.153062146054876891e+01 3.060838390013133292e+01 4.366743035188909516e+01 5.159911031060640596e+01 5.439405864918984435e+01 3.717838478990987028e+01 1.705941058197431204e+01 3.578130521730916058e+01 3.858644777301877582e+01 3.668509573967632775e+01 3.393958305146066579e+01 1.549373051715919303e+01 2.404803820345863130e+01 3.084331983225598606e+01 4.770958962891783273e+01 3.200979547978101891e+01 4.045905267566837438e+01
1.757287057980242524e-03 1.267972947393873717e+01 1.143228796809883363e+01 3.004686196383868335e+01 2.761354169938067926e+01 2.472339551833373861e+01 1.774088979227111551e+01 3.414465112210778130e+01 2.647673509757444066e+01 2.369141924925254017e+01 3.961362033210880540e+00 2.401061722919832775e+01 3.419450034674817829e+01 3.064869574756777837e+01 1.805892393077951752e+01 2.037695467503684199e+01 7.439475649388992196e+00 7.818162599208156927e+00 8.199488564949451330e+00 8.582213635799755380e+00 8.965177333851627850e+00 2.911602814474598233e+01 2.375875537893532297e+01 4.356264333692534052e+01 4.643485267707056607e+01 2.671870496664184458e+01 1.493862138234385561e+01 3.232324986126454291e+01 1.257902756751996520e+01 1.296362221324446828e+01 1.334990555356611353e+01 1.600674747467476067e+01 2.833721448347836969e+01 3.238924244027567312e+01 3.534757190618556422e+01 3.415425936667075746e+01 1.950851692616658539e+01
1.954507115700021471e-03 2.000182820504885228e+01 3.042097346360257859e+01 2.239582416897291850e+01 4.129547301332211617e+01 4.655552608708857321e+01 3.600081208804030553e+01 3.530765256986276768e+01 3.210582234908728338e+01 2.460602065279146444e+01 4.311274787137882036e+00 2.436348088284976043e+01 3.168748681274092149e+01 1.342669328766581671e+01 6.540151359307585288e+00 6.909289449226035273e+00 1.599736926781095647e+01 2.790665467245360531e+01 2.228411904627286333e+01 2.870584046396664846e+01 2.908542465330865312e+01 9.504706126302149727e+00 2.958584183335558038e+01 3.469038473278800438e+01 3.166136292232623006e+01 3.142064029047010720e+01 2.612381199632318740e+01 1.203718438884125597e+01 2.546679468689904624e+01 2.336804349868646469e+01 3.058401379094498651e+01 1.391519255606993610e+01 1.431580510168400444e+01 1.471662195146112495e+01 1.511837727531778341e+01 1.552476014368652280e+01 1.594048434035077655e+01
9.499524778340364892e-03 1.415163958679657696e+01 3.415237736197207141e+01 4.131112048994367569e+01 3.778579474221684364e+01 5.699800321846487350e+01 4.181188245548835170e+01 2.140496906766550111e+01 1.243251093660961182e+01 4.734622248981040116e+00 4.662194090339035313e+00 2.480825799450354907e+01 2.573478842184038839e+01 6.023785148798810773e+00 1.888694889320868242e+01 2.897401980781993913e+01 3.424384887049111370e+01 4.158272862879077536e+01 4.141317753679170721e+01 4.312199606229612669e+01 3.148071059903655922e+01 1.126417381472501589e+01 1.004239865035704504e+01 1.041857235247558044e+01 1.079085925506047161e+01 1.115903010335025591e+01 1.152380490689229298e+01 2.801449943511375906e+01 1.409034664971816930e+01 3.393312314383707218e+01 3.212312279667462889e+01 3.340681440557991522e+01 3.390644511567360553e+01 3.550908006719352272e+01 2.690693940142773855e+01 3.379673989265161538e+01 2.661176578083391320e+01
7.291241591682445615e-03 2.000729124159132866e+01 3.722962985742645969e+01 4.877663508465519726e+01 5.699801870242509949e+01 5.820663459049643507e+01 3.812724581192106399e+01 2.670318448515246956e+01 3.349593631444331265e+01 2.698566080392161837e+01 1.294111988443176742e+01 5.160048020618019926e+00 5.514527597510211265e+00 8.914510002485069862e+00 2.879204969665855884e+01 2.721783219826571099e+01 4.034360995199504174e+01 5.859392680011256260e+01 4.990690428434548664e+01 2.986144117452222346e+01 1.508808713909860977e+01 3.107675239789907806e+01 1.518482218651777593e+01 1.465339271625630779e+01 2.621879914233701214e+01 3.135918133351428239e+01 1.690802483118768862e+01 3.449452079688835227e+01 1.557437822503187341e+01 3.555259448074072992e+01 3.989939150053238137e+01 5.057746517650001294e+01 5.764114037032109650e+01 5.371189602282951370e+01 4.601408894766851176e+01 4.081299292919469934e+01 2.119235756945915483e+01
1.086749991637594439e-03 8.945358659990716887e+00 2.049236404378302723e+01 4.049236404239196929e+01 5.817091540056230059e+01 6.628298194714356839e+01 5.497188209647955404e+01 4.077093034840896735e+01 4.704081510871432670e+01 2.620339076307050519e+01 1.199630037502656954e+01 2.542667967156467057e+01 9.212727885629080404e+00 2.814955547916617462e+01 1.371359259796877872e+01 3.419167890783656105e+01 4.809712503511638459e+01 6.272640142671785668e+01 5.119831216793836148e+01 3.856770080970526493e+01 1.821237592632674307e+01 3.696648308522296134e+01 3.446598340138385197e+01 2.253101435127009111e+01 3.121000854117007961e+01 4.326144791159237712e+01 3.626821270809379172e+01 3.702188116109451244e+01 1.708212366220281453e+01 3.400023641504852634e+01 4.604510067054027189e+01 4.760501924562424136e+01 6.420210073555921326e+01 5.760495994348240600e+01 3.760029167149610885e+01 2.596952489800807484e+01 4.132303295468503279e+01
