MOVIE_S2_data/elevation_000548.asc
nrows	100
cellsize	150.0
xllcorner	0
ncols	100
yllcorner	0
NODATA_value	-9999
[rows 68 to 84 of 100, columns 37 to 73 of 100]
1.203764584061701157e+02 1.179780441245072069e+02 1.080874267510185831e+02 8.796270516534107742e+01 7.619024301745815819e+01 7.619024301745810135e+01 9.308848615095836010e+01 1.030643427841067563e+02 8.631029939524549377e+01 6.594274962219866154e+01 8.631029939524549377e+01 8.127902454130970966e+01 8.127902454130970966e+01 1.015003150994940597e+02 1.145921838683728708e+02 9.955767978718189681e+01 7.925866978616458880e+01 8.128677349437482746e+01 6.054857300010989718e+01 8.127055253919540689e+01 9.095556173187148374e+01 7.926266349185834770e+01 8.609375512541086550e+01 9.644163706212883369e+01 1.186086547519275598e+02 1.303392201881230790e+02 1.203026894486093994e+02 1.120040326938939330e+02 1.053606231874149586e+02 9.981866180662080978e+01 8.899699622675673538e+01 6.875577168469357048e+01 8.385370186544874116e+01 8.599339797002907915e+01 6.567161317413358290e+01 8.599339797002936336e+01 9.727780307005542682e+01
1.004557655409489172e+02 9.800503796843301529e+01 1.120886537549790773e+02 9.646841334224588138e+01 7.619024301745815819e+01 6.441495516034657953e+01 7.733155185218440408e+01 8.568502342894474566e+01 7.448811716433748131e+01 6.010000675082218180e+01 7.889049456999805443e+01 6.684348258967762035e+01 7.598245653200136474e+01 8.620326869589007401e+01 1.063532609423447468e+02 1.078775184304021337e+02 9.955767978718189681e+01 8.853653787662516095e+01 6.802813530774899675e+01 6.596773300098125503e+01 7.040143468913764480e+01 9.096765476658707428e+01 1.060912699690369294e+02 1.121368102243493325e+02 1.265653704594027715e+02 1.219271061217976211e+02 1.021202492313547765e+02 9.212033361731629100e+01 8.539997926237990100e+01 7.978932213263024664e+01 7.469753237762280662e+01 8.053271559876360186e+01 9.707232352744823345e+01 9.158490935923597931e+01 7.142443103532404791e+01 7.086420657986001004e+01 7.733301621929656733e+01
8.616367903711989129e+01 8.368375009053741564e+01 1.020460037549404575e+02 1.047465748121653490e+02 9.308850117505727439e+01 7.733155185218440408e+01 5.706845748000286989e+01 7.733139176790297142e+01 7.096467331161947811e+01 5.495894244261266692e+01 5.857458154517070170e+01 6.378270897069170076e+01 7.821435115305092722e+01 9.847673204914882206e+01 1.145921838683728708e+02 1.156417498586302059e+02 9.545060028333432456e+01 8.107134031845471611e+01 8.853653787662516095e+01 7.389395845256424877e+01 9.095222453506265481e+01 8.111137327540269837e+01 9.242376042640638900e+01 1.118257509102531060e+02 1.337117361203484620e+02 1.302206026331708983e+02 1.202832519337785442e+02 1.120040326938939330e+02 9.957339875029687448e+01 9.981866180662080978e+01 8.237522039239620142e+01 1.002988558914999118e+02 1.082780592828415394e+02 9.762626755920942401e+01 7.758935234610633813e+01 9.103646142642034533e+01 7.733312388277420268e+01
7.596523330107045524e+01 7.347311308378432670e+01 9.376937306070192335e+01 9.746208113373907622e+01 8.714633933393773191e+01 6.685895268241520739e+01 5.273808332496340512e+01 6.700865643207330891e+01 5.098964298303220488e+01 6.502474227959908148e+01 7.889049456999805443e+01 8.414906511453324356e+01 7.248227537730346626e+01 9.282191777281200018e+01 1.036167373540440906e+02 1.235625235569077489e+02 1.097065726691806447e+02 1.013644510739866149e+02 1.004779736030376966e+02 8.419801160559705977e+01 1.027783146332790949e+02 9.599447394465160244e+01 1.107097299304769678e+02 1.231534246224699132e+02 1.174001488753256410e+02 1.263390773681208969e+02 1.183048428522047431e+02 1.229932549027641784e+02 1.195201872700449002e+02 1.105423589507380910e+02 9.244481736528531712e+01 1.105423589507380910e+02 1.075623059729962705e+02 8.769023344322989999e+01 9.762626755422819258e+01 1.020713434069087100e+02 8.211251095932922794e+01
8.609810785446808268e+01 6.577123499859624189e+01 7.912626884233013413e+01 7.723216736077705491e+01 9.148121245298855797e+01 8.115303083712747423e+01 6.700772677703298541e+01 4.752194570123125317e+01 6.700902798124961635e+01 7.932654282101549370e+01 9.362834336243190592e+01 1.011139676839263473e+02 9.282191777281200018e+01 8.342147914153960642e+01 9.776197315516370168e+01 1.177513884874769872e+02 1.129493710477720327e+02 1.210573149960976167e+02 1.137854710695212930e+02 1.052738417535517641e+02 1.139388907959844204e+02 1.173937594284866037e+02 1.224501011841920644e+02 1.143345375549295539e+02 1.031262886201483866e+02 1.151427942640604272e+02 9.873573930897164530e+01 1.034390808564364761e+02 1.229932549027641784e+02 1.204402331074481651e+02 1.122688063128006064e+02 1.204402331074481651e+02 1.156935907450918819e+02 9.771498241226551329e+01 1.156932641326647087e+02 1.102128360254373263e+02 9.218139735326055018e+01
9.084316317406535291e+01 7.054890688458422687e+01 5.883517510521092220e+01 6.285934758136490785e+01 8.136249441035231200e+01 7.901728780492848614e+01 5.893464196438841185e+01 4.569315685076979605e+01 6.389527431079728359e+01 7.161545126728208288e+01 7.943385940085245522e+01 8.796801610565655949e+01 9.717157909849323971e+01 1.036167373540440906e+02 1.118643699004933723e+02 1.096195551929492638e+02 9.304063967786792944e+01 1.096195551929492638e+02 1.206485035373491144e+02 1.125603391655279353e+02 1.123355917668754955e+02 1.142354271367191103e+02 1.143345476031665413e+02 9.468540196906045026e+01 9.132430086502820643e+01 9.770390677499740661e+01 8.720620582516792751e+01 1.070478724126583501e+02 1.118931279167389050e+02 1.140549667957876920e+02 1.222323945469806858e+02 1.318132306806997462e+02 1.255264181460320003e+02 1.174096295337269851e+02 1.255264181460320003e+02 1.200755782381054360e+02 1.062316617309445661e+02
9.913599515108407445e+01 8.472457327969615903e+01 6.443161102233476356e+01 5.280060413308078893e+01 6.795656038421238065e+01 7.631410033719191688e+01 6.354643952800165607e+01 4.799904238131064460e+01 4.308118360532341029e+01 4.862640742046639275e+01 5.783950155152912487e+01 6.806735745229342172e+01 8.291336779031169613e+01 1.031713417477088228e+02 1.175767813471927923e+02 1.014550596320160878e+02 8.127765511317119262e+01 1.014550596320160878e+02 1.125603391655279353e+02 9.281892365945971335e+01 9.281176717141080701e+01 9.494663385966998703e+01 1.144416826909543516e+02 1.004404983701454626e+02 8.068001615229773904e+01 7.764454686711077613e+01 9.770390675937836988e+01 9.296723007504388647e+01 9.202812140602280522e+01 9.420366543127433090e+01 1.038672590169948933e+02 1.195359019385178527e+02 1.309332085308001012e+02 1.252800376807440443e+02 1.172822054678438803e+02 1.252800376807440443e+02 1.257943662203038571e+02
9.186080352644306402e+01 9.304307612460904409e+01 8.136249441035231200e+01 6.795656038421238065e+01 4.786353874086096027e+01 6.328510008448520807e+01 6.033740441206027327e+01 4.051201758667045283e+01 6.033740441206027327e+01 7.161545126728208288e+01 6.544881778486899293e+01 8.679489367305896508e+01 9.717157909849323971e+01 9.803822393161877358e+01 9.803822393161878779e+01 9.432126985058734192e+01 7.403000654272452152e+01 9.432126985058734192e+01 1.126990201992820886e+02 9.860105039096585244e+01 7.853420132418304433e+01 9.281892365945971335e+01 1.125603391655279353e+02 1.085669205941264011e+02 9.191782756224733930e+01 7.172801340519917801e+01 8.640015203636286856e+01 7.272613546576528165e+01 7.772891899473887634e+01 8.389848497059952592e+01 9.153536854833376424e+01 1.030156229376498800e+02 1.227596405288025920e+02 1.155373298734210010e+02 9.772349865003492653e+01 1.155373298734210010e+02 1.251626266488595860e+02
9.074490826303187418e+01 9.253712392854396285e+01 8.421959538263715217e+01 7.631410033719191688e+01 6.328510008448520807e+01 4.334764406856153585e+01 5.839336460036990673e+01 3.866460034204889240e+01 5.250136938187549163e+01 7.261790080666992253e+01 8.679489367305896508e+01 9.516236380112938775e+01 9.616230112398608298e+01 7.803674799398041273e+01 8.853727257474461965e+01 8.024044347706711733e+01 6.790203772201869015e+01 8.820322376745737358e+01 1.045586158742418661e+02 8.461837405801837519e+01 7.279834917072588496e+01 8.721835031307452368e+01 1.071155729407388861e+02 1.117854855826474392e+02 9.191783711738479212e+01 8.640015207778159834e+01 6.599861589917151150e+01 8.226918342386736072e+01 9.056845438929968850e+01 1.038672590169948933e+02 1.113604266576658119e+02 1.195359019385178527e+02 1.190227979615590357e+02 1.075028520589394958e+02 8.760012212463145431e+01 1.075028520589394958e+02 1.154351235199915635e+02
8.256152127380818229e+01 8.421959538263715217e+01 6.401478834205414614e+01 6.993263931167517455e+01 7.163740678548599305e+01 5.888171464454740800e+01 3.913310141358187622e+01 3.685826149607326130e+01 5.649496349842272735e+01 6.769501663958199345e+01 7.605005343816884533e+01 8.615190499566934079e+01 8.803737355736221559e+01 6.796092221603005612e+01 8.020462312791099180e+01 6.007001168091228749e+01 8.009528495723226627e+01 9.462511147370811670e+01 1.025688105466206110e+02 8.254126776967822821e+01 6.801441231179546776e+01 8.840719923854101125e+01 9.422103553919239971e+01 1.024749635493404156e+02 9.856028839910109696e+01 7.834627578988087748e+01 7.834625318201122468e+01 6.173835637880769411e+01 7.635283924363098151e+01 9.655272630196755301e+01 1.059463435598679126e+02 1.142608802655337428e+02 1.109836264361380813e+02 9.113304034050024427e+01 8.066068590334755584e+01 1.008686087475033446e+02 1.074150478902194266e+02
8.256152127380818229e+01 8.083406704267193277e+01 6.993263931167517455e+01 4.988340023892249775e+01 5.921587024248511710e+01 6.078092743745132509e+01 5.248345539570436102e+01 3.507478651663189595e+01 4.031517498307206893e+01 4.763723415357920032e+01 5.757955404027531188e+01 7.781047952629772624e+01 8.050726859215085085e+01 6.048753734265083182e+01 7.145276587417413339e+01 5.553908127449842169e+01 6.690733028770202395e+01 8.701140838154685753e+01 9.840651803363009265e+01 7.825858776479915946e+01 6.364497741388309748e+01 7.847566975957235513e+01 7.394080851437929880e+01 9.082595156214559040e+01 9.270741882208767493e+01 7.239770407421930543e+01 5.771471689753481371e+01 7.834623867245871054e+01 9.056761954709676843e+01 9.166991582756985224e+01 8.575648471156266339e+01 1.059463435647095366e+02 1.088520532199425190e+02 8.894507051970072098e+01 7.427587394918937491e+01 9.477569075963825185e+01 9.825024709622528007e+01
7.494748227215413294e+01 6.077950522690549917e+01 6.924635516037466232e+01 5.921587024370774088e+01 3.948735197530306351e+01 5.039300865554113784e+01 3.304107401329979155e+01 4.664449383941547467e+01 6.011349957215739437e+01 5.421494253079147541e+01 7.435519979165960081e+01 8.615190499566934079e+01 8.860058975472051657e+01 7.150612572953642143e+01 5.194553785552243852e+01 5.158724860599620854e+01 7.120858672033789105e+01 9.100943204003208109e+01 1.011193791890117666e+02 9.023294717032595713e+01 6.986874532684211658e+01 5.782549760979793518e+01 6.195180255676631020e+01 8.169514078872552432e+01 9.013212954524254883e+01 6.975235138600747575e+01 5.504550803052495667e+01 7.572145018702093466e+01 8.253472751117406858e+01 7.126520652238103537e+01 8.313228599476614988e+01 1.034574730644658587e+02 1.041599323998409972e+02 8.405533832953028650e+01 6.922285234650102836e+01 8.383349749876997237e+01 7.790864045990454656e+01
6.077950522690489521e+01 4.678614246900558271e+01 4.935289507834242784e+01 5.637541648345908385e+01 4.841543094633927780e+01 3.106724921468003586e+01 5.039298808834122667e+01 6.077624724345875507e+01 7.488694391838107833e+01 7.435519979165960081e+01 8.269784878482248303e+01 9.294848899287630672e+01 8.466758257519643394e+01 6.611299550660557145e+01 4.696814853882543872e+01 6.606035874409430164e+01 6.270356709940659101e+01 7.267617614527488001e+01 9.286286291869812715e+01 9.849003419613332255e+01 8.680544279613378933e+01 6.733094685144138225e+01 5.260000824268603026e+01 6.879923494302714460e+01 7.721392695598349576e+01 7.317223351841340673e+01 5.247092242429365427e+01 7.317223351841340673e+01 6.194154911996063362e+01 8.253472751179006650e+01 1.000086819352327865e+02 1.118968668160731852e+02 1.098886508821887844e+02 8.994378623562030839e+01 8.383349736193440549e+01 6.287174884489339632e+01 6.291302335442428273e+01
6.757628201756197939e+01 5.494899450774439487e+01 3.569094476926814963e+01 4.590429044287198934e+01 2.920372884761595600e+01 4.841540640645164473e+01 4.310475050234929739e+01 5.704106076466652553e+01 7.716193017771028906e+01 7.327106080385453879e+01 8.163809085008959698e+01 8.142934273679522050e+01 6.473245839298657245e+01 6.329020766096875406e+01 4.440646292844616028e+01 6.329020766095077732e+01 7.613754811893107899e+01 8.607905636387951631e+01 1.011054931007007980e+02 9.700840519917730376e+01 9.612131082444592778e+01 8.169514333551015284e+01 6.879923494302714460e+01 4.809727688941047319e+01 6.879923494302714460e+01 6.768437246780425198e+01 4.997074288305814349e+01 5.403220510720355918e+01 7.473635599692899234e+01 9.081965408942828333e+01 9.307722540266072997e+01 1.122123184051183671e+02 1.056272448239168540e+02 9.409834694279480516e+01 7.971753636363855833e+01 5.867982696951281696e+01 7.972268645167969225e+01
4.951464366662436589e+01 5.281930226019893126e+01 4.462031823864947455e+01 2.732691905749077321e+01 3.034750007858853493e+01 5.516319427057194957e+01 6.293434254999768029e+01 7.126619618411260149e+01 7.001246819017779899e+01 5.316197551191629600e+01 7.001247336168533764e+01 7.315802885780684051e+01 5.364446753377420407e+01 6.059250381808392660e+01 4.191040110674096297e+01 4.861264926424624377e+01 5.796022484303477285e+01 7.778330754637474342e+01 9.066200187506292707e+01 7.563472922732741210e+01 9.066200187506292707e+01 8.347730723468417580e+01 6.578118777096909753e+01 4.516232322617985062e+01 6.480110652689215556e+01 4.701371773219692329e+01 6.768437239965552976e+01 7.473635599205555025e+01 6.388782180656016862e+01 7.317236380101941506e+01 8.743702045032596004e+01 1.069310418627320018e+02 9.758547085716369907e+01 7.727078903898163276e+01 6.503023624752017895e+01 5.633570848865939951e+01 7.737003441084550559e+01
3.949696489704401614e+01 4.457126368837124630e+01 2.545296951504088057e+01 4.462031823864947455e+01 5.354462692656350953e+01 6.715852921217968685e+01 7.066420700020377410e+01 7.582162240495281935e+01 6.165988860006740424e+01 4.161828331243691537e+01 6.165988858642404580e+01 7.415165069260547170e+01 5.477709989808009539e+01 4.306795395206611943e+01 3.957061628569678646e+01 5.813940505081729526e+01 7.613754816798571312e+01 8.607905640378821488e+01 8.132984286474687963e+01 6.076994562922711651e+01 8.132984286474687963e+01 6.900125115632403094e+01 5.452230393716114065e+01 4.236883314747131379e+01 4.422259540217271478e+01 6.480110644001366893e+01 6.166582510301095965e+01 8.221443120928083204e+01 7.847924031170354908e+01 9.248842705707359357e+01 8.884758536907798998e+01 9.735072415495045561e+01 1.029585488166760285e+02 9.411310912234485215e+01 7.512789292708733058e+01 5.412037191763879207e+01 7.201371136111481519e+01
3.132938630278133374e+01 4.158298711309706164e+01 2.411101446409375981e+01 3.793729819950220872e+01 5.862865285641085933e+01 6.481175357249797742e+01 5.060002649285372911e+01 5.586112111250510281e+01 5.443179111286907812e+01 3.444040272127456603e+01 5.443877823122389970e+01 5.972991141687646888e+01 5.169111835837883717e+01 3.626132858261007641e+01 5.477709974298988982e+01 6.628619076114780739e+01 7.225657559505764027e+01 8.058933456526179384e+01 7.253234252848582742e+01 5.153167019205471178e+01 7.253234252848582742e+01 6.054777827469334994e+01 4.023722378514176512e+01 6.054765745148097977e+01 5.608391375536299961e+01 7.323580371564129621e+01 8.221443120163674223e+01 9.054951948297146203e+01 9.858017899285037799e+01 8.549548830050845538e+01 6.853595050940887745e+01 8.549548830050845538e+01 8.474828682073933805e+01 8.888682988035358790e+01 8.347311581066945507e+01 7.201371136160983610e+01 5.104714815704249276e+01
