MOVIE_S2_data/elevation_000055.asc
nrows	100
cellsize	150.0
xllcorner	0
ncols	100
yllcorner	0
NODATA_value	-9999
[rows 68 to 84 of 100, columns 37 to 73 of 100]
5.315410956728883463e+01 5.547615602865617745e+01 4.336721338515191349e+01 6.313916877373470271e+01 7.098290619599110585e+01 7.913591663217553673e+01 8.391489773458174284e+01 8.561559377549149019e+01 8.701013213730281848e+01 6.934108572735920006e+01 6.631594427997281116e+01 8.553551520648547069e+01 1.010300687857054953e+02 1.121745792766887462e+02 1.169902582177978729e+02 1.059622549037025578e+02 9.748078512877948754e+01 9.057565939204093297e+01 1.056520876952161956e+02 1.070620763332528327e+02 8.932192580760224132e+01 1.070620763332534722e+02 1.001977644597320705e+02 1.166056036928384572e+02 1.190542719116840118e+02 9.923361084393486919e+01 8.766881809506510592e+01 7.856658732857732730e+01 7.199468024500963281e+01 9.227634197892547263e+01 8.367436045120693677e+01 8.212170867732692159e+01 9.371085929049137064e+01 1.133149067118795301e+02 1.317459567211018907e+02 1.258872430509132698e+02 1.210030339372886488e+02
7.348191908862555977e+01 6.744687181041942381e+01 5.575993043648045955e+01 4.747436910472518434e+01 5.123619731351571716e+01 7.098290619599110585e+01 8.494129028027133188e+01 9.629325607028771117e+01 9.667365450076364652e+01 8.293092928997218394e+01 8.553551520648547069e+01 7.387909169346319516e+01 8.487621514068582940e+01 1.040763295764719203e+02 1.084925226945574934e+02 8.726039724054888325e+01 7.688327492926205764e+01 7.553092784613511412e+01 9.460909523892443929e+01 9.898530083086855313e+01 7.954305213027096499e+01 9.898530083089731590e+01 8.903525374185669250e+01 1.078679039100294546e+02 1.181079125122641642e+02 1.096977274460787157e+02 1.042173571635498348e+02 8.793473779674272350e+01 6.771609588766020238e+01 8.793473779674272350e+01 7.194545606976916474e+01 9.205910666663091035e+01 1.017508690270316833e+02 1.116422292613455767e+02 1.119396586441516490e+02 1.061623800205274222e+02 1.201735104917468391e+02
7.075236658520029209e+01 8.102823046856832434e+01 7.128599682144516692e+01 5.217008865692523756e+01 7.098290619599110585e+01 5.709969640261051893e+01 6.848673230721756511e+01 8.812999137417737927e+01 1.030408740480703784e+02 1.022861624618855672e+02 1.010300687857054953e+02 8.487621514068615625e+01 8.726186784232424998e+01 1.053206811062869406e+02 1.167929116109679484e+02 1.005254742992869836e+02 8.036551197295538884e+01 6.573166374271546886e+01 8.628074472393021210e+01 9.250454243319516934e+01 7.290771333144517996e+01 9.250454243319516934e+01 8.027861755613284345e+01 9.974299079842717219e+01 1.063795030922127580e+02 8.937929385685637840e+01 9.596958515841471637e+01 7.584544581478787961e+01 6.426704631762672193e+01 8.042905684214765927e+01 6.641063924568950938e+01 7.349944992464804727e+01 8.366523767403202783e+01 1.034969886203887057e+02 1.119396586441516348e+02 9.239821401259445111e+01 1.119396586441516348e+02
6.716697547709972582e+01 8.670552754455994204e+01 7.686783674251890375e+01 5.715656955699234487e+01 7.686783674251890375e+01 7.678895046410654857e+01 6.388640444918841865e+01 7.521973240434699903e+01 9.486996583702637054e+01 1.114434638449561987e+02 1.121746214128359043e+02 1.040763297563332657e+02 1.061157749492228106e+02 1.140605474428365937e+02 1.040782064882133966e+02 9.270774745247143755e+01 8.108011640764509309e+01 6.070676216272979531e+01 8.108011649225684891e+01 8.684741959452584581e+01 6.712183927102528003e+01 8.409431324807670194e+01 7.326192666303528256e+01 9.285972131197846124e+01 9.796687434388115889e+01 7.759845287592408170e+01 9.796687434388115889e+01 8.154765078354036234e+01 6.108791535994326694e+01 6.058108939476134935e+01 8.042203412803662843e+01 9.357891984844573585e+01 1.017508690270328202e+02 1.116422292613108453e+02 1.050307146375738654e+02 8.543103170066669350e+01 1.050307146375738654e+02
8.277243431546929742e+01 9.480327897589376107e+01 8.231493416380318706e+01 6.267514510891504642e+01 8.231493416380318706e+01 9.168294053326849280e+01 8.352489827502998310e+01 7.226183411148602431e+01 8.357522622142222701e+01 1.032662440511753346e+02 1.011988589715056150e+02 1.094806808809474035e+02 1.042012720517163444e+02 9.612488654887148698e+01 9.595336736416180656e+01 7.622638430414801292e+01 6.461758257879662892e+01 5.613905321226952339e+01 7.638503374254723610e+01 8.157553217876315443e+01 6.176879658976773868e+01 6.433084026484475260e+01 7.837334156886599601e+01 9.790596066598004654e+01 9.026833465772135412e+01 6.987575017718916115e+01 9.026833465772135412e+01 8.950198704163744878e+01 7.625092221538807280e+01 5.681948313971139441e+01 7.652709301484885884e+01 9.017832607648111320e+01 9.091417269710065341e+01 9.919811301611794363e+01 9.912118788196850971e+01 7.938514134625093277e+01 9.912118788196910657e+01
9.025423339218922081e+01 9.619423447257354098e+01 7.656593973966143096e+01 7.656593973966143096e+01 7.656593973966143096e+01 9.619423447257354098e+01 1.000663034769078052e+02 8.101904553903503370e+01 1.000663034768965929e+02 9.796021674144988367e+01 8.126142832528964277e+01 9.796021674145173108e+01 9.301402825859354095e+01 7.679823453353840534e+01 9.301402825859346990e+01 8.784799248838150731e+01 7.194877391636401853e+01 5.181900561339892874e+01 7.194877391636401853e+01 7.662384480224717720e+01 5.677650964062895866e+01 7.166185262549532808e+01 7.979543095226671312e+01 8.965338465216767361e+01 8.381963322413689355e+01 6.346169271589010918e+01 8.381963322413689355e+01 8.828273833396387715e+01 6.824846792650548366e+01 5.451041409762245138e+01 7.084485852165373387e+01 7.059559221867566237e+01 7.133088617398738052e+01 9.091417275245075302e+01 9.384650757439138147e+01 7.395313469255322048e+01 9.384650757439169411e+01
9.829294417703023612e+01 1.043603082479055075e+02 9.619423447257354098e+01 9.619423447257354098e+01 9.619423447257354098e+01 1.043603082479055075e+02 1.088751897216062190e+02 9.491924735111474831e+01 1.088751897216045847e+02 8.968797799243398572e+01 6.972996644680502243e+01 8.968797799243398572e+01 8.496663880160112114e+01 6.541904581786843664e+01 8.496663880160112114e+01 7.970875813951853672e+01 5.977554987087329152e+01 4.811924430655773932e+01 6.820019583197976942e+01 6.427662912414166385e+01 6.721630228679676122e+01 5.178126626214935868e+01 6.177088101285312405e+01 8.155282423813751791e+01 7.817335642680652086e+01 5.790767262434542317e+01 7.817335642680652086e+01 9.416535573730359943e+01 7.411636987272321164e+01 7.084485852165295228e+01 5.131443121194368473e+01 5.767145516367965996e+01 6.885222670823532098e+01 8.893244550013238836e+01 8.902165594841136453e+01 6.900328948876055790e+01 8.902165594841420670e+01
9.843649218819294333e+01 9.014453065088522976e+01 8.817701730343959809e+01 7.991458670905886663e+01 7.991458670905886663e+01 8.817701730343991073e+01 9.965797485793861199e+01 1.146511539626901737e+02 9.564534082689931438e+01 8.263175531310287170e+01 6.265618560672370307e+01 8.263175531310287170e+01 7.805552102124845248e+01 5.830847586540650695e+01 7.805552102124845248e+01 7.880312776124409879e+01 5.892796740720472570e+01 4.467273398703696330e+01 6.019307943321350507e+01 4.427352798768320952e+01 4.727909505478360330e+01 6.721584666271077424e+01 7.979406423324928710e+01 8.965338465216767361e+01 7.310693547619322885e+01 5.295680477499607264e+01 7.310693547619322885e+01 8.545942467878211346e+01 7.403719511594437108e+01 6.580581035380754429e+01 4.919837770762120499e+01 6.872030383023661670e+01 8.526448175139584862e+01 9.715956558537999399e+01 8.397581772085936791e+01 6.449539529013767947e+01 8.454541312818550125e+01
8.211923937125752104e+01 7.036991425828878732e+01 7.399862397361654587e+01 6.029355803349684351e+01 6.029355803349684351e+01 7.153548709086648216e+01 9.136064964835006208e+01 9.802080082028430752e+01 8.737023490292843064e+01 6.740002226763331805e+01 5.661874515627476967e+01 7.660889442991629039e+01 7.210156288456369111e+01 5.218715895683795480e+01 7.210156288456369111e+01 8.454529629999944973e+01 6.474773742215957384e+01 6.018838019565566100e+01 4.007949996258871295e+01 6.018900918291517144e+01 6.142517548367922586e+01 7.535931803379777705e+01 8.117126475970088961e+01 7.276674104999560200e+01 6.848417845379186986e+01 4.835523922381074158e+01 6.848417845379186986e+01 7.718669704359491845e+01 5.747384564344228863e+01 4.623045886598109178e+01 6.580581035381071331e+01 6.872030390790311571e+01 8.861160456481452741e+01 9.445336166334649874e+01 7.454088301114116177e+01 6.041837973915779969e+01 8.037311297813965894e+01
6.246166410849119188e+01 7.399862397361654587e+01 5.453327137103460132e+01 4.926344883531955787e+01 6.858638052144569031e+01 8.223224381261523774e+01 9.218953697651943457e+01 7.810113103378223798e+01 8.518711359435404518e+01 6.521489807572221764e+01 5.104662615214956389e+01 7.106462456581034814e+01 6.677921455868312250e+01 4.671896928733345078e+01 6.100930715003037363e+01 8.070903644224478057e+01 7.215244837854388038e+01 5.225934433721512562e+01 3.792432513819942841e+01 5.225921968959229247e+01 7.214061644557762065e+01 8.924580445977693444e+01 7.276674104999560200e+01 5.249356560483271750e+01 5.843134239167218169e+01 4.383331520829599270e+01 6.419267419048256329e+01 7.776679033562722054e+01 5.803766614355544817e+01 4.417211534883269053e+01 6.381551492865104791e+01 7.753117371061944141e+01 8.897604935650340963e+01 9.063768503612621430e+01 7.069967357577871780e+01 5.678566009483043331e+01 7.653938192913935268e+01
5.135943808064674698e+01 7.025158903272046018e+01 6.276029740757756770e+01 4.352108739523161063e+01 5.453327137103460132e+01 7.399862397109124856e+01 8.220478876150312431e+01 6.394840429139158999e+01 8.220478876150312431e+01 6.658846404225695892e+01 4.652757648740973195e+01 6.658846404225695892e+01 6.205096915712499595e+01 4.186178014696871941e+01 6.205096915712499595e+01 7.142610803069513281e+01 7.105969979059207731e+01 5.602460837431157614e+01 3.582457382274287738e+01 5.602460837431153351e+01 7.426336647889320375e+01 7.007722964794214704e+01 6.590746884729200872e+01 5.843099962507346135e+01 3.766292932971840202e+01 5.843134239124361784e+01 7.238484191996184336e+01 6.738215065971806439e+01 5.918008183924817445e+01 4.212715767980201775e+01 4.989445728650786549e+01 6.094095461151859183e+01 8.069997685479859229e+01 8.706996261694933992e+01 6.716746837862416442e+01 5.344303240849000503e+01 7.299669422769190419e+01
4.279850832621730206e+01 6.208928252941704784e+01 5.865848405073205640e+01 3.936993917641719065e+01 5.296646613254993241e+01 7.240023090607814993e+01 7.394193576332172313e+01 5.389271132979764189e+01 7.394193576332172313e+01 6.240547982755869327e+01 4.229083583187300377e+01 6.240547982755869327e+01 5.764532673141766850e+01 3.734528396899511193e+01 5.176918616251829519e+01 5.162712184349256717e+01 5.317004326228998679e+01 5.383718121232858067e+01 3.372512077266311792e+01 4.813155946764390336e+01 6.249645263476359247e+01 4.610394221853109542e+01 4.539242321317773587e+01 5.188260587996180107e+01 3.460159629262863490e+01 5.475072848884440901e+01 6.392293890663630407e+01 5.653643230421953803e+01 3.926876301784634649e+01 5.918008183915917897e+01 6.929211320787720751e+01 7.628497871062273816e+01 7.035831200378882500e+01 7.912959116160133988e+01 6.898682671993461213e+01 5.024356397937669527e+01 6.524510654578797642e+01
3.661978878001217197e+01 5.598876602290353333e+01 4.995160224186149378e+01 3.548953952615040919e+01 4.669735272532646775e+01 6.604750453178660052e+01 6.725886095214703175e+01 4.716706977057312145e+01 6.725886095214703175e+01 5.846067358683569637e+01 3.828594087262803924e+01 5.846067358683569637e+01 6.515420012569695984e+01 5.173356531482615850e+01 3.141817302704352599e+01 4.680137611653312035e+01 4.125927890869672154e+01 5.033932826188465270e+01 3.150978197488205268e+01 4.870241338103487294e+01 4.995092883641182624e+01 3.031221932723585866e+01 3.091563837050162178e+01 3.151851703408957661e+01 3.211951701357968147e+01 5.206992918455678421e+01 5.566022832214016347e+01 3.633594328794183781e+01 5.653653157368770366e+01 6.733163403246801693e+01 6.615155573812232603e+01 5.981236041769812317e+01 4.191754786329437366e+01 6.701465192607422239e+01 7.792229718511556769e+01 6.524534527537002759e+01 4.575988029499715992e+01
3.111737726962687844e+01 4.529622202844577572e+01 3.047751549683070849e+01 4.995160224186149378e+01 6.299011696250183689e+01 7.423046158606214817e+01 6.145886042855531883e+01 4.131761890670272663e+01 6.145886042855531883e+01 5.471431977232360566e+01 3.446858551407343185e+01 4.957189812764305259e+01 5.197820581775014404e+01 4.432004582203094856e+01 3.005445052247670645e+01 2.614901747824620770e+01 4.076555354504871787e+01 4.734431255349015544e+01 2.924551402534824973e+01 2.886779784222017753e+01 2.946243000143591573e+01 3.806885464454718004e+01 5.043116861187283462e+01 5.169091532843670933e+01 5.246859482124954610e+01 3.297927108419586517e+01 3.359046812203659016e+01 3.421893177624147597e+01 5.483655128451783867e+01 6.300366667188892933e+01 4.281005648956060838e+01 3.831464747326501197e+01 3.900322177125101319e+01 5.910056795299006893e+01 6.059968495727424198e+01 6.124570285355629551e+01 4.258477924790797431e+01
2.611792215844487686e+01 2.598053599384003931e+01 4.529641275578828186e+01 5.805086741017278484e+01 6.964167967256103964e+01 6.851133133166257494e+01 5.625841422948355586e+01 3.604613887577220765e+01 4.932566410308068328e+01 5.626608630459125493e+01 4.942523721852806773e+01 2.920191369223730860e+01 3.598047876805791390e+01 2.487706186277376119e+01 2.539922272191876829e+01 4.495969283478375189e+01 2.691515536417485777e+01 2.746051295778651635e+01 2.802497610562736341e+01 2.959261722655348237e+01 4.969794559405860213e+01 4.602512570947624226e+01 5.022590476547119209e+01 6.763006347249269368e+01 5.345171267161769180e+01 5.350326257513714268e+01 3.591145431952102030e+01 5.420761613492192055e+01 3.522572465248897089e+01 5.572999926414636462e+01 3.731306991970237874e+01 5.557417177600869707e+01 5.808770606146285331e+01 3.995726128888431106e+01 4.062833769259964356e+01 4.129697711836694651e+01 6.124569885456114804e+01
2.218845119786084652e+01 4.091169275526702620e+01 5.279484446788773511e+01 4.943275924279838307e+01 4.881007165249640423e+01 4.994449781672290811e+01 5.557726701802375402e+01 4.932566385508480522e+01 2.898225476544823209e+01 3.686783980031851371e+01 4.246290941132814822e+01 4.387096791250686323e+01 2.414757869194265183e+01 4.468545476263609828e+01 3.090454893468569253e+01 4.330880342358406665e+01 4.817860632866391057e+01 4.799053510723318539e+01 3.288295775996172665e+01 4.980832992263918868e+01 3.180548721842763982e+01 5.211039207027238263e+01 6.237953344204496631e+01 7.565962116559262540e+01 7.408179575469505096e+01 6.677841534318316974e+01 4.763303844899807160e+01 6.136198733226481039e+01 4.368955195790288570e+01 3.627195423637895288e+01 5.633779562243636718e+01 6.413217857811082467e+01 5.068580310712108883e+01 5.989202106283709526e+01 5.850499299400213715e+01 5.293183215540121722e+01 4.267232635795929951e+01
3.305723215515631352e+01 3.836358816799540250e+01 3.900648758764654644e+01 3.017679516735348244e+01 4.702071741078727740e+01 3.595824536650323466e+01 3.533949338761940595e+01 4.177110144183972551e+01 3.602979385065322759e+01 2.249072185866972973e+01 2.296129819915761416e+01 2.343935499878075746e+01 2.573565648902082614e+01 4.605393729451967033e+01 5.491957385493569888e+01 6.071080461473172107e+01 6.966214767769696437e+01 6.227930659590531093e+01 4.261817826312424984e+01 5.198704829938459682e+01 5.203636527036645276e+01 3.402301107034506344e+01 5.429865197799749410e+01 6.474913532038162600e+01 7.338981808634522963e+01 7.961115653680397486e+01 7.314743487264156840e+01 6.905364508737166318e+01 4.931558179934459929e+01 5.664964974106125339e+01 4.396013054090778382e+01 6.390935128512421670e+01 5.943664143350110152e+01 7.686200545246370552e+01 7.567916052464026677e+01 6.889465757201361384e+01 6.256293023898718531e+01
