MOVIE_S2_data/elevation_000110.asc
nrows	100
cellsize	150.0
xllcorner	0
ncols	100
yllcorner	0
NODATA_value	-9999
[rows 34 to 50 of 100, columns 0 to 36 of 100]
2.978181695229736945e-03 3.290957928147448808e+00 6.624291269701412688e+00 1.232445368180768774e+01 3.124631136967991196e+01 4.168863711880256062e+01 4.749021039652181742e+01 5.437479101599917897e+01 6.310425369751300195e+01 7.400329906617223230e+01 6.804581414311556387e+01 4.772953108598107264e+01 3.200502907824832022e+01 4.296547241915568804e+01 3.830269193304859954e+01 2.028277647360781089e+01 4.042816807579534810e+01 5.132197458977371696e+01 5.715181227356489302e+01 6.308417457467220402e+01 7.147505781522106361e+01 8.165729939859222952e+01 8.675171756102696463e+01 9.509110421767545063e+01 9.112397647084641505e+01 9.946802767361437247e+01 9.521943094929905271e+01 8.700557517640513083e+01 9.521943094929905271e+01 9.895360810580885413e+01 7.900626232471898902e+01 6.745848738865545613e+01 4.743995124023058452e+01 6.349421291429073477e+01 4.892707544413348586e+01 6.894138303922989053e+01 7.943639979156623099e+01
1.893497408783086870e-03 2.000189349740842815e+01 2.663517825994379606e+01 3.124631136967962419e+01 2.121908621969726028e+01 2.821099677777438330e+01 3.763083573279457283e+01 5.145317902969378565e+01 7.142353552490966706e+01 6.795978756010522659e+01 5.943928887925567750e+01 6.233829764020747888e+01 4.296547241915568804e+01 2.214460605643894908e+01 1.797333317880216441e+01 3.830133487834768857e+01 2.683526939613410178e+01 3.159682348625055326e+01 3.669654291897918341e+01 4.253386874582405142e+01 5.285757111349079196e+01 6.738401778071941806e+01 8.761924302473249782e+01 9.263379668220723318e+01 1.009160252756485932e+02 9.762335597742524840e+01 8.526199253990928639e+01 6.705554205919142419e+01 8.526199253990928639e+01 9.313266915596234696e+01 7.315491302761802217e+01 5.900492942105607597e+01 6.349421291403904632e+01 4.344198212727692976e+01 6.349421045015142795e+01 7.720063942981174421e+01 7.300897051171145336e+01
9.179827644033159914e-03 2.000917982764367764e+01 3.181033448348651049e+01 3.888140229509727419e+01 4.018865086509003248e+01 4.746658854290362228e+01 5.570980723562841064e+01 6.559772446360543086e+01 7.466019020369766679e+01 5.943928786106621942e+01 3.855586081253242980e+01 4.462300746445770727e+01 3.912764815897504889e+01 3.478844741988762479e+01 1.634892944023236439e+01 3.682749313643905964e+01 4.695433215982577480e+01 5.187028443673175104e+01 5.715181227356489302e+01 6.308417457467220402e+01 5.711226883577732849e+01 7.750163040272602188e+01 8.935213408557619630e+01 7.259039241888616800e+01 8.935213408557619630e+01 8.845438096415105633e+01 6.945566715619152376e+01 5.698927960199250720e+01 6.945566715629918519e+01 8.941426067609280892e+01 8.725085546813816961e+01 7.554312541289166916e+01 6.127981446097847140e+01 4.119545615957320450e+01 6.127981446097847140e+01 6.544368845229622877e+01 5.299311558444011183e+01
6.604900230173384179e-03 5.780107592126405791e+00 1.181033448368162553e+01 1.888140229554697669e+01 2.888140229554679905e+01 4.302353791927725268e+01 6.302353790979822179e+01 7.253000867867046964e+01 6.616912778141863782e+01 4.506330693373177354e+01 3.300500445607615063e+01 2.480434324878167729e+01 1.956591509328633904e+01 1.413583470066152969e+01 3.478828128846380707e+01 2.826251653062194436e+01 3.725760032896377538e+01 4.737136739805985286e+01 6.170231920864361541e+01 8.165947740857964732e+01 7.750163040272602188e+01 8.583784679467116518e+01 8.106173183530226822e+01 6.102287474139578194e+01 8.106173183530226822e+01 8.022706393242606282e+01 6.017152370929911598e+01 4.925057877606045764e+01 6.945566715619152376e+01 8.369471937921191795e+01 8.142379536117691430e+01 6.142431632290345789e+01 4.724356533489721244e+01 3.897965554689960044e+01 5.856520570068054354e+01 4.538963743523964922e+01 6.544368845229622877e+01
5.101467937297931264e-03 2.000510146793694233e+01 3.181033448348651049e+01 3.888140229509727419e+01 4.716567328260208569e+01 5.716567270829693825e+01 6.678269021764695879e+01 5.298487593404247065e+01 5.897136364530905439e+01 6.252358713237315158e+01 5.325047517328069802e+01 4.462300746445770727e+01 3.338710992216074658e+01 1.261590843653461036e+01 3.142320736805158887e+01 3.898112746897677994e+01 4.753677134036269791e+01 5.963510092882027180e+01 7.577827097527261913e+01 6.840462033722299395e+01 7.667550866836940315e+01 9.176979990346045213e+01 7.397692596613751448e+01 5.393398213405615849e+01 7.397692596613751448e+01 7.804703086565436365e+01 5.797192010197323953e+01 4.347953854669987095e+01 5.535546129816559358e+01 7.545797644026278306e+01 8.726139472316752688e+01 6.728202811301557063e+01 5.700352723961749746e+01 3.684316206063994059e+01 3.842999513560030778e+01 5.856520570069440623e+01 6.534503512554350380e+01
5.600358222118538565e-03 8.914828043614791753e+00 2.016104401289780412e+01 3.771504127159845865e+01 5.065213328281573268e+01 4.401751734992888743e+01 5.257594799522927786e+01 3.905163354840907886e+01 3.908992142249702795e+01 5.315884993588673524e+01 6.687167961078195333e+01 5.373351647459858071e+01 3.338700843644576821e+01 3.142305643427841488e+01 1.045779886100923584e+01 1.869623745839523110e+01 3.052807793649932933e+01 5.100101828277718141e+01 5.938084417740221710e+01 4.831812255853310489e+01 6.509865426700507385e+01 7.173603299575741232e+01 6.793375102203002314e+01 4.786734996145722931e+01 6.793375102203002314e+01 7.376700286991372479e+01 5.360230265310878650e+01 3.907432831774705306e+01 5.950840660601713950e+01 6.449726346078836059e+01 7.277969678819651733e+01 7.161704754029690889e+01 5.155650859987611767e+01 5.155650859980805478e+01 3.384863979630859632e+01 3.913400445887054957e+01 4.525682502390124995e+01
4.575904209876861112e-03 2.000457590420952059e+01 3.673657052816397339e+01 4.704276927838505173e+01 4.124687048930977085e+01 2.288527195393646707e+01 4.102396602202884424e+01 4.492306339663507941e+01 2.456290628021514877e+01 4.491581760387554567e+01 4.695389191383289784e+01 4.580989549131871996e+01 3.530383976282913494e+01 2.811112052844632814e+01 8.948129221812434864e+00 2.984476019639010502e+01 4.697360235504361725e+01 5.348149409619774985e+01 3.926306507783760935e+01 3.664253958834326141e+01 5.680767543761950833e+01 7.173603299575741232e+01 5.166497618715596474e+01 4.246227122165377210e+01 6.257077975386857105e+01 6.981237979717035103e+01 4.957296754581867759e+01 3.512957282573180606e+01 5.015117138163196842e+01 4.420882547540973206e+01 6.449726346076070627e+01 5.741023791583711500e+01 4.910903871346169325e+01 3.130009095302886379e+01 4.489652119958886800e+01 5.898571390918092305e+01 5.928821694421641553e+01
4.658155261040713979e-03 1.999412640912787964e+01 3.568461658117964674e+01 3.405907475203549239e+01 2.764945839731267085e+01 1.437663558616853265e+01 3.201193895301059200e+01 3.849469819576268748e+01 1.727882685669565532e+01 2.635149683836083412e+01 4.695917461259814729e+01 3.707854266853439640e+01 1.831904207311895050e+01 6.794821494969554898e+00 2.811139377319366162e+01 3.850091436919536392e+01 4.423722865664574755e+01 4.516532882679446459e+01 2.496392112675040309e+01 4.516532882679446459e+01 5.929751798760298698e+01 7.158100906483534231e+01 5.754365262081488197e+01 3.738186875374479001e+01 5.146464605796829517e+01 5.977837835715885717e+01 6.188364932920328698e+01 4.156205268927584484e+01 2.996476994295051099e+01 4.557997137674708910e+01 4.505186218254920050e+01 4.670965914869110946e+01 2.882044353899139111e+01 4.321631465655843840e+01 5.928488852511266316e+01 7.124568476935645833e+01 7.930802836644018328e+01
5.330849696878311485e-03 2.000529958798767893e+01 1.499752870262902782e+01 1.864267709461960720e+01 7.059922165406032235e+00 1.494894482509707245e+01 2.823463751213477835e+01 3.195728060182951680e+01 1.094376153714403088e+01 2.924991350348405561e+01 3.694734044281587870e+01 3.846115338221795810e+01 2.641494887392819990e+01 5.513104568571836062e+00 2.674546356251092405e+01 3.602350867760588926e+01 2.444549692057712065e+01 3.243575215822117030e+01 1.921915059293760208e+01 3.080324469041241642e+01 5.098851746898328940e+01 5.148514483966935984e+01 5.428635298038764034e+01 4.596046061403188787e+01 3.124097737702009425e+01 5.146464605796829517e+01 7.016319160373396357e+01 5.848092170323843675e+01 4.557922934686206418e+01 2.551176588104026521e+01 2.472338211302340838e+01 2.640068166707426656e+01 4.080862821672698004e+01 5.741023777826762853e+01 7.160416113650437353e+01 8.023128913370918269e+01 8.023128912955694148e+01
9.384206039104543359e-03 3.555521347546056754e-01 7.017719277192093763e-01 1.048199411040150020e+00 9.317363350193481608e+00 1.352844988814302774e+01 2.205267267313788793e+01 2.204552214641744357e+01 7.113548980387778720e+00 1.568279845568424236e+01 2.697116643370122446e+01 2.678864248406005899e+01 4.774919008373095686e+00 5.140784615916546230e+00 2.528784009581339731e+01 1.957241814679404257e+01 1.255191765957115102e+01 1.252008422023419953e+01 3.243575215822117030e+01 4.766477962601479845e+01 5.649118517630388681e+01 3.719752183928929412e+01 4.089944005738360033e+01 2.571637838743890825e+01 4.596046061403177418e+01 5.977837835975184078e+01 6.129746785546262089e+01 4.903321560778265109e+01 4.070505308675416956e+01 2.241649976493025420e+01 4.273765662451608449e+01 2.911087004628597796e+01 5.328788741030489007e+01 6.923024975292720740e+01 7.436539267608313253e+01 6.020668118939963165e+01 6.020668118939956770e+01
9.768314284573654735e-03 1.578005719161612141e+01 1.891018793474942683e+01 2.103892285042891430e+01 1.539376083399359718e+00 1.886847654202260527e+00 2.234529177338250960e+00 2.583266201405087337e+00 8.087173099777082541e+00 1.920891078466736346e+01 2.273369429650269424e+01 4.276876419518597316e+00 8.856445610849688066e+00 1.360193754337892180e+01 5.656646781297521187e+00 6.021590557613167860e+00 6.387280942391845961e+00 2.629723860623542109e+01 3.444889333928288266e+01 4.605333637116608259e+01 3.632524080696661883e+01 3.632524080696664015e+01 2.070032309010284877e+01 4.089944005738360033e+01 5.428635298025081113e+01 5.933883065973790849e+01 4.703842207173669721e+01 3.277937628803848469e+01 2.042692279773837072e+01 4.070553439509151161e+01 3.903497253411001111e+01 5.585437952242210713e+01 6.479704809601659576e+01 6.491853232760573178e+01 5.662153413621839348e+01 4.602481140026061723e+01 6.607175306488663580e+01
9.313476842122882932e-03 9.344080568134490505e+00 1.873064973431852209e+01 3.127202103534969524e+01 2.931102755619309974e+01 1.654956078525358265e+01 6.905378022230961754e+00 1.957662599624186939e+01 3.078415660315954927e+00 3.428699986138047606e+00 3.779144683238864655e+00 1.435692405908055491e+01 2.400467821639545818e+01 2.790829124816977824e+01 1.978840774515248668e+01 2.597298085504765197e+01 2.631515013362782440e+01 6.905568618898752398e+00 1.957961074365677234e+01 3.468013984543541994e+01 3.203833249560863550e+01 1.621759980769633458e+01 3.632524080672451561e+01 4.923584664715362180e+01 5.740708327349052098e+01 4.507757310405829543e+01 3.081631576368176795e+01 1.848807996815880372e+01 3.277868424130083014e+01 4.900847683955947787e+01 5.921269981629266255e+01 6.749162952097464085e+01 5.734143827275561023e+01 4.904211747489483031e+01 3.656830434714166245e+01 5.662153413621839348e+01 6.255606811418844160e+01
1.757287057980242524e-03 1.174113158765505105e+01 3.074921434883097149e+01 3.443036155822558442e+01 4.440603939525350086e+01 3.072702416609091358e+01 1.163956495491892795e+01 2.967577440337893435e+01 2.881960090609171132e+01 2.489720074199618338e+01 2.284060954283914313e+01 9.131489213738893440e+00 2.037318407584201196e+01 3.698815605879370594e+01 4.027906364267338546e+01 3.353895210803750615e+01 1.349271731923569462e+01 2.582962147337838488e+01 7.422367718202696807e+00 2.654892370965080062e+01 1.201426739528221255e+01 3.202975496131312383e+01 3.347070389027635429e+01 4.184341382471546922e+01 4.303198424662767962e+01 2.889081235107331480e+01 1.660145266665148256e+01 3.672910973795646328e+01 4.702304262117251454e+01 6.119702738436318867e+01 6.436140878757329631e+01 5.070000109141362543e+01 4.241721198839375262e+01 2.916741777955476778e+01 4.904211747489483031e+01 6.491612397715331895e+01 5.352626980104430032e+01
1.954507115700021471e-03 2.000038625884835852e+01 3.841213867100471191e+01 5.148272566684811125e+01 4.655957267392918197e+01 2.726028100336587556e+01 3.083210944051798919e+01 1.985862525462882289e+01 3.898923831645404903e+01 3.358682765590211261e+01 1.502864376613734088e+01 2.747047665261476013e+01 2.232275111137384727e+01 4.046634818426676361e+01 4.089559817447414503e+01 2.074866649075820035e+01 3.353928543734034662e+01 3.375578806889485861e+01 1.325976014841248585e+01 7.936548768607609716e+00 2.791035837695651622e+01 2.802982182173260384e+01 1.423199695122099229e+01 3.337780195812425887e+01 3.457809539719680458e+01 1.474616731975824813e+01 3.481031560725300977e+01 4.507417187282524651e+01 5.061150164678458196e+01 4.719990210136359110e+01 4.686807531489265699e+01 3.387991946243872832e+01 2.300674595496009189e+01 3.769427373508397494e+01 4.574381206265862687e+01 5.879904680807086947e+01 5.176596759500937850e+01
9.499524778340364892e-03 2.000949952477798632e+01 3.187229176465330127e+01 3.918119750140468227e+01 4.786595056497134237e+01 4.648415930533829510e+01 4.538267777312319140e+01 2.620235940311588152e+01 4.538267777312319140e+01 3.875091950799485119e+01 1.943332258969889281e+01 3.875091950799485119e+01 4.307696755385561005e+01 5.119575381843219475e+01 4.649457563162759044e+01 2.630621196409964568e+01 4.649457673561114035e+01 4.707940314059622011e+01 3.209334476824495397e+01 1.067410255332715252e+01 8.454685392078763684e+00 8.826495216579623104e+00 1.348106660453145267e+01 2.930295467120562236e+01 3.346486069364640059e+01 1.344286671326561056e+01 3.345680364234612370e+01 4.418174507438706655e+01 2.860944984600197216e+01 2.685856416367753141e+01 3.117288679343064928e+01 1.753631607210276044e+01 3.321021577916921075e+01 2.176793477700283574e+01 3.178212231404376453e+01 4.864925007247849464e+01 4.468572770266581529e+01
7.291241591682445615e-03 5.780800411159723318e+00 1.181112765253394947e+01 1.888571447981464502e+01 3.054479416089766275e+01 5.166680506641683479e+01 5.383806495548374471e+01 3.555850096023684870e+01 5.383806495549684712e+01 4.720030817083085140e+01 3.016074281757945030e+01 2.930232880890060443e+01 4.961171968533790277e+01 6.659573313838346564e+01 4.649457673561114035e+01 3.345646160855840634e+01 5.362452915930622765e+01 4.372572829338509592e+01 3.181887861006585894e+01 1.174471974993490875e+01 2.843669182906902293e+01 2.208496827148615083e+01 9.357338855915788400e+00 9.735291591886664264e+00 2.970535719614363401e+01 1.213496567534846449e+01 3.214554731798837395e+01 3.501393058327455066e+01 1.237795565536162279e+01 1.277982717660580292e+01 2.214585644709731227e+01 1.390510470114122299e+01 1.430325431493814747e+01 1.470022782786143267e+01 3.452552884173241665e+01 2.948761834083390809e+01 3.589275990167463704e+01
1.086749991637594439e-03 2.000108674999128056e+01 3.187229176619167248e+01 3.918119803143399338e+01 4.788919832619676242e+01 6.046416043190454559e+01 6.383549047386051711e+01 5.520685458600953410e+01 6.383549047386964759e+01 5.895586935233568227e+01 5.048531909009923879e+01 3.927537622641648341e+01 5.811210552662210915e+01 6.632835301499960678e+01 4.624184382621845657e+01 5.361675708101947890e+01 4.893493076329160374e+01 3.538179606058790938e+01 1.527730631278505236e+01 3.181896045140694440e+01 3.999164029234371043e+01 3.840219792144504396e+01 3.525002547965553390e+01 1.848127417189138555e+01 1.027377018110473905e+01 3.024071334270394118e+01 3.122093773871545253e+01 1.180222432216155148e+01 1.872912391661076725e+01 3.237323743815989729e+01 1.334351118798084634e+01 3.345745239005871241e+01 3.412212094258175910e+01 2.700076603169749845e+01 1.525825571208219600e+01 1.565731610508107963e+01 1.605384613529226812e+01
