MOVIE_S2_data/elevation_000683.asc
nrows	100
cellsize	150.0
xllcorner	0
ncols	100
yllcorner	0
NODATA_value	-9999
[rows 34 to 50 of 100, columns 37 to 73 of 100]
6.449412433679459866e+01 6.704609661781944396e+01 8.423206688580857815e+01 9.253930708573635400e+01 9.421626894819064546e+01 8.590553671193359264e+01 7.077879302837810371e+01 5.133213740685596349e+01 6.499641147287712784e+01 8.463755950964771557e+01 8.512725289914779125e+01 7.684405386605425292e+01 6.586036387740416842e+01 8.573004572781820798e+01 1.022182499350869875e+02 8.225572589539834212e+01 8.959284117283068838e+01 7.775027087296487593e+01 7.984340478216057591e+01 6.000421167670490519e+01 7.984340478216057591e+01 9.509952960134364730e+01 8.933566307350908176e+01 6.923811303896964375e+01 5.767993768151743694e+01 7.246631906177603355e+01 6.529365954340684652e+01 7.744436843282069560e+01 6.384350247473983586e+01 7.545354611611253404e+01 9.550127023515574365e+01 1.022798903316727603e+02 8.212015481711515008e+01 6.796112129872213359e+01 8.044146235352722840e+01 6.177410748939447416e+01 8.190271687518155375e+01
5.517616843140854854e+01 7.422841519418126666e+01 6.482189751577611503e+01 8.122364434235826991e+01 8.897030075523208836e+01 8.098138468561576531e+01 6.739255666602488759e+01 4.793774393171842263e+01 6.739255666602488759e+01 7.810877421552235944e+01 6.984697922755387367e+01 5.705333816464627006e+01 6.843605661660471640e+01 8.832959170375194446e+01 1.037092980407925893e+02 8.374561328546604955e+01 6.968528901689940369e+01 6.372502273898236069e+01 7.561367460016032283e+01 5.580979587441282774e+01 7.561367460016032283e+01 7.517943585634105830e+01 8.927430585572909649e+01 8.603293455930030120e+01 7.246631906176089899e+01 5.264176016652080392e+01 5.389995337012631893e+01 5.739621701890674643e+01 6.429727380471115339e+01 7.213117792427178188e+01 8.345589402383833999e+01 1.041124871773198493e+02 9.203748412308377169e+01 7.195130261256544202e+01 6.030306463046859733e+01 5.778347084657342236e+01 7.513940963264428774e+01
5.021148885979181387e+01 6.209870538051286104e+01 5.409966391924941576e+01 7.302559979721917216e+01 8.098138468558617831e+01 6.260848786728351456e+01 6.415096663099291163e+01 4.466186073159806114e+01 6.415096663099403429e+01 6.389335807131845257e+01 5.010105170839899102e+01 6.146559359333942751e+01 8.129616492280477758e+01 9.664247497343021109e+01 1.081032942271721282e+02 9.786385038400406700e+01 8.959284117282764726e+01 7.608204811238633170e+01 5.627429046600365581e+01 5.188869982993924168e+01 6.753177847621499552e+01 6.117303159769588916e+01 7.933900506180989964e+01 8.311159329555657393e+01 6.310076237489405315e+01 4.932941449653674226e+01 6.768158721767713359e+01 7.622384850253932598e+01 8.350578147232158699e+01 9.174497591137235020e+01 1.006991526415906151e+02 1.125952413884095478e+02 1.004088313898920717e+02 8.879385738139608009e+01 7.407256266329999050e+01 5.400794928414240559e+01 5.505157654277393675e+01
6.209870537952130576e+01 4.382255093914831434e+01 5.652544645458125672e+01 7.555374263733439477e+01 7.825816730122382126e+01 5.976340832224001787e+01 4.959504784241254072e+01 4.148913602037686843e+01 5.852141031749613376e+01 4.415556168865722242e+01 5.553065515631709559e+01 7.531702269751247059e+01 8.959087038422381966e+01 9.350693990627647167e+01 8.746093198535842816e+01 1.020228527747792526e+02 9.233646704711911468e+01 7.242895084683146933e+01 7.608204806238568096e+01 6.172095059531503836e+01 4.780157091939900482e+01 5.133274755373862774e+01 7.109346391503822815e+01 7.170151437657771964e+01 6.344407464895081006e+01 4.705915983818643866e+01 5.563179393726878885e+01 6.993226204221316777e+01 9.071949562182926741e+01 9.775624213926134587e+01 8.937790367760528909e+01 9.775624213926134587e+01 9.705632660517281352e+01 7.691351674797040516e+01 6.271011315486955340e+01 5.130220529364839877e+01 5.130185164517950369e+01
4.919947375057496686e+01 4.045469079291738268e+01 5.851350637851337666e+01 7.409115585007953086e+01 7.212631572486351672e+01 5.322983956907483361e+01 4.094839128190950106e+01 3.833491626510947015e+01 3.874822076676023386e+01 5.852141031749613376e+01 7.018958445073573671e+01 8.359454122470752679e+01 8.745924723381044430e+01 7.289564169284149386e+01 7.289564169284149386e+01 8.714456089137544836e+01 9.570035577566500251e+01 9.233646704571835073e+01 8.981992403122910673e+01 7.577044340997822758e+01 5.782274456688192288e+01 4.389314678402625702e+01 6.008060997062658259e+01 6.043084213037176511e+01 4.391609603184519273e+01 5.354774104129206336e+01 7.334039005239847597e+01 7.565887475942223261e+01 9.583467656015088210e+01 8.769192156608436051e+01 6.929004483794608404e+01 8.769192156608436051e+01 9.605676546340441746e+01 8.772899704777306340e+01 7.911476970568918432e+01 6.728989183767708937e+01 4.765538878030088910e+01
5.532043608045566430e+01 3.738730490729454914e+01 4.749966443283100404e+01 6.600380882829293228e+01 6.773348414065746681e+01 4.794904186668185986e+01 3.391515961511254318e+01 5.042113170593253813e+01 3.509564076666929822e+01 4.213903464134554611e+01 5.610127210847582546e+01 7.594728872813013254e+01 7.893255116939771199e+01 5.850847470577328835e+01 7.793007532033807649e+01 6.655119580768413812e+01 8.380056014014478194e+01 8.261234692243226618e+01 9.117225822476046915e+01 8.588529123088532913e+01 7.181490303510464912e+01 6.007784567879217263e+01 4.030247039332427761e+01 4.085189055421449211e+01 6.043084213037010244e+01 7.170127772613513173e+01 7.334039004749277524e+01 9.336076397555346773e+01 9.104669510264005794e+01 7.933397425777566525e+01 5.929175469250045438e+01 7.933397425777566525e+01 8.772900720354071780e+01 6.776457297598490470e+01 7.268810704594750405e+01 5.920536594648924478e+01 4.553426771135590911e+01
4.230678390384713339e+01 3.445276680433212135e+01 5.237169184973330971e+01 6.918009075838264721e+01 6.614965885509721488e+01 4.536164433991753953e+01 3.119914656258635333e+01 3.057231827262687318e+01 5.029078872595992777e+01 6.187718944236814167e+01 5.827393607420952293e+01 7.821745775662583355e+01 7.212455893262946915e+01 5.184403264332408412e+01 5.751308774902929599e+01 5.488279949621744436e+01 7.525500035231532081e+01 6.167692315843571293e+01 7.913083810842192634e+01 8.137905223695209145e+01 6.168470562188192474e+01 4.774392476868423074e+01 3.780423616824565158e+01 5.762737344494212977e+01 6.772579719928842223e+01 7.475877092815666458e+01 8.299982505672069522e+01 9.446919638517339024e+01 8.268195073105816562e+01 6.262451807431563111e+01 5.265544954012962364e+01 6.535107582311255214e+01 7.367993897413690263e+01 7.361202301666195069e+01 5.353489772790666734e+01 6.264733401017804937e+01 4.440156129472111246e+01
4.966970579521442630e+01 3.165903085997469191e+01 4.966970579521442630e+01 5.091142084586935113e+01 6.918009075838264721e+01 5.957157404007511303e+01 4.737085109732836941e+01 2.750609161910183076e+01 4.737085109733826016e+01 5.436926942674728735e+01 7.457397812488332534e+01 8.657724453538392595e+01 7.827134842615053856e+01 6.349309205432986403e+01 4.332918958940022236e+01 6.349310506287267941e+01 7.052527437669047572e+01 5.002204651812251512e+01 7.052527437659682619e+01 8.501622890878915939e+01 7.550454743284724657e+01 5.605051315720248795e+01 3.620904951127789673e+01 4.199187123281365075e+01 4.799124431804442281e+01 5.498244685945762456e+01 6.637509041114412867e+01 8.621109151005303772e+01 9.104669508342469442e+01 8.099793803837066264e+01 6.535107582311255214e+01 4.543905273163929337e+01 5.889083664011489816e+01 5.998251866509168906e+01 6.107900601005487573e+01 4.279855714204853712e+01 6.264826346241864741e+01
4.704186129149302786e+01 2.887255963175250884e+01 3.644312488313152443e+01 4.924433715379304033e+01 6.756955652483338781e+01 5.934439100078696328e+01 3.959718290269764651e+01 2.558390547362008505e+01 3.444830859530166833e+01 4.849932462703574032e+01 6.872264542984821389e+01 8.812270206971432174e+01 6.962066960195691934e+01 4.906611340038983116e+01 3.901758505496451335e+01 5.380246445006943645e+01 6.218639733172936701e+01 4.316644159859394847e+01 6.277578359682920706e+01 7.692678905762871011e+01 5.718581963682496649e+01 5.453719623913644199e+01 3.468470093827690448e+01 5.453508826471450988e+01 6.776678449745394062e+01 7.475877092814378955e+01 8.299982460567832732e+01 8.603187418594454527e+01 8.013463963256245393e+01 7.679323721596996677e+01 6.554066408428165857e+01 5.738656448399641619e+01 3.901802301640804416e+01 4.012110501825848985e+01 4.123200155921003329e+01 6.107791639892013791e+01 5.208167450602415016e+01
3.109185721172713457e+01 2.623758191080537117e+01 4.130461431488181034e+01 5.364583099847781966e+01 4.767910130922783907e+01 4.824570549799037167e+01 4.093864274428457861e+01 2.387832833564811708e+01 3.772054056359865370e+01 5.755788352582542444e+01 6.842896208893623111e+01 6.840056517465976071e+01 7.812291105834920302e+01 6.768413636002441081e+01 5.380246445006943645e+01 3.349641887970165754e+01 5.380244042779020219e+01 3.759392203888298667e+01 5.615128487488454567e+01 6.840940879094020488e+01 5.900975008448070014e+01 4.102037816569830397e+01 3.317297715454155593e+01 5.260820540789168120e+01 6.141756145525307176e+01 5.997470408828751687e+01 6.934692280435032785e+01 6.600872749962529440e+01 6.015775490137416170e+01 6.867019970069911494e+01 4.895367661888018063e+01 3.750091122640520069e+01 5.739286401121999148e+01 5.998251866509168906e+01 4.154427276232639343e+01 6.870645865344893366e+01 6.618885833713493128e+01
2.255570872070185473e+01 4.108475404899067485e+01 3.994981963880838549e+01 3.876778696971842209e+01 1.927801367147279521e+01 3.830082427713735882e+01 2.177952920456653274e+01 4.093351371694188856e+01 5.171969523641441668e+01 5.568994411896289165e+01 4.825046672659060931e+01 6.843835811372250078e+01 7.465608327751003515e+01 6.459816843285538823e+01 4.430831378144328880e+01 2.975744397319002843e+01 4.566416563812722273e+01 3.243014779224186128e+01 4.246772495325276964e+01 6.038992639023739883e+01 5.065264770915167958e+01 3.104715766558821599e+01 4.900406428044836105e+01 4.950932348626265167e+01 3.153863378190136402e+01 3.998641854932155582e+01 5.958428653718135592e+01 6.512880567425499123e+01 4.530710322314205030e+01 6.287702539491723996e+01 5.486738468495744314e+01 3.643348522083530128e+01 4.791363684390793054e+01 6.785769921153865880e+01 6.413724253652533491e+01 7.874786503710873831e+01 8.627364229734224921e+01
3.388596039951196559e+01 3.677716442904647920e+01 1.824641661908310653e+01 1.867696648905399570e+01 2.615841116317852411e+01 1.987203903317967857e+01 2.028881968637814737e+01 3.888051795650661546e+01 4.573998092758800738e+01 3.597638183847409721e+01 5.568819864352427373e+01 6.084978561086389703e+01 5.381447263532947289e+01 5.309442537387372596e+01 5.091759716654701151e+01 2.664755424428085107e+01 2.573833973422248889e+01 3.519887542707005679e+01 4.548161487177132045e+01 4.684301365666928518e+01 4.653591863212897550e+01 3.482291560961436261e+01 2.897795963681615916e+01 2.949269737493985843e+01 3.001233082491401305e+01 4.929629255546718980e+01 5.278038125025764060e+01 5.185927672784976039e+01 3.576471537324341909e+01 5.332300077612951839e+01 3.492729738198206491e+01 4.614564834413837247e+01 6.372453337181945443e+01 7.619129027815502297e+01 8.509817824107518902e+01 8.694695014567624014e+01 7.859212446744287206e+01
1.719054651522293753e+01 1.763115928182874725e+01 3.254528345559970148e+01 3.571796305859626841e+01 3.683002866803697373e+01 3.955916752640409584e+01 3.983766280826381490e+01 2.089039272446467166e+01 2.664571619687735193e+01 4.577416556399374059e+01 5.689228439491050437e+01 4.257444232201754630e+01 4.352651256204836727e+01 3.380653400851907975e+01 4.422726349609204277e+01 2.506792872810801498e+01 4.341123744220280400e+01 2.640722848243040488e+01 2.687819137179306139e+01 2.734902780997137839e+01 2.782170554134459550e+01 2.829725616884250172e+01 4.703556394810426866e+01 4.917878935583881628e+01 4.990111605108450021e+01 3.075695968317532447e+01 3.129127013364675136e+01 3.182958838627546072e+01 3.237128319114677311e+01 3.342718594088904638e+01 5.340260154761116951e+01 6.259552891778525208e+01 6.478138919894124115e+01 8.403849164937683724e+01 8.422413713848847294e+01 7.587558950125429647e+01 5.857307133611032413e+01
3.409163102112700727e+01 3.802594081152663108e+01 2.732983236413418027e+01 4.522428999655960524e+01 5.642782132305313780e+01 5.134618114755603102e+01 3.140099444159541164e+01 4.044630502680136885e+01 2.149217898336140564e+01 4.098874124048248291e+01 3.866281481990081659e+01 3.602720404010416644e+01 2.357364503225900521e+01 2.400905310623683064e+01 2.444653327413149313e+01 4.289595945263204158e+01 2.681260632458668169e+01 4.638138256884455046e+01 4.710132895167951261e+01 4.740876197538030823e+01 4.776180946833908081e+01 3.661207531380478741e+01 3.943572449020430071e+01 5.851286204280117431e+01 5.498379353263226932e+01 3.507043892807928387e+01 4.306574412533914398e+01 5.168247443651065964e+01 5.239494588095965355e+01 3.327492279712656398e+01 4.466025614311289615e+01 6.091223433926187880e+01 7.137534868635479768e+01 7.970635448908703324e+01 7.264917058873227518e+01 5.587102612982096161e+01 4.861710178272349481e+01
5.859687640242540141e+01 5.327196099598010193e+01 3.534771231728454666e+01 5.369921730730273879e+01 6.526278585847832403e+01 4.549369304202089381e+01 5.060974864565297082e+01 4.115385127430491963e+01 2.383954151601129823e+01 2.210039587614542356e+01 2.253019467097204753e+01 2.296030348293613343e+01 4.210126402564056036e+01 4.375703530022822463e+01 3.209741253021374519e+01 4.538879491215092088e+01 4.657942805423866872e+01 2.857055152014304511e+01 4.837191756127755582e+01 5.835294601689222560e+01 6.365750145850743280e+01 5.498332945702347985e+01 5.263356289486631567e+01 5.501993858731304954e+01 5.877997738361212043e+01 3.955382164677909174e+01 5.661017344407471086e+01 6.485851856127517578e+01 6.156831738649331243e+01 4.742849510448660766e+01 3.418295086455883336e+01 5.416512900474108250e+01 5.138765813450464037e+01 6.715013368064275312e+01 6.038196462446295243e+01 4.440970105943183910e+01 6.432595712918789843e+01
6.794814383877513819e+01 6.320594325539332914e+01 5.425922166648133782e+01 6.320574854076581062e+01 7.244806325079316878e+01 6.526278313834907863e+01 4.689496969036052576e+01 2.719578635461967764e+01 4.330195686257616927e+01 3.629437629874872329e+01 4.183377501827249034e+01 2.750291824273617181e+01 2.962903619041307834e+01 4.880404207050504795e+01 5.532119010901163847e+01 5.774626903122869237e+01 4.835381040263686003e+01 4.837191756140268240e+01 3.036848526998955933e+01 5.017834089581130286e+01 6.017523502193809293e+01 7.266691415670840115e+01 7.127526393137846128e+01 6.781850434901170388e+01 6.701727030136183316e+01 5.332166813972886388e+01 4.687761126778600129e+01 6.604477239461564864e+01 7.570897427651279088e+01 6.089509183005920079e+01 4.145605653507550414e+01 3.509438170157189063e+01 5.505519764077141076e+01 5.324847970328850977e+01 4.048635283265576135e+01 6.038196462449811008e+01 7.264933853687170995e+01
5.039288216582316693e+01 5.736397370409356711e+01 6.562718392680120871e+01 7.555202438027060907e+01 7.893491663548786619e+01 6.719114276780076978e+01 4.977140558590812702e+01 2.983167853561098681e+01 4.977141416365552828e+01 5.770079910461083728e+01 5.694061973926667264e+01 4.189065091116511752e+01 4.934030533404439467e+01 3.730264925421275990e+01 4.854800920068325354e+01 6.758050305335567032e+01 6.799953556391997722e+01 5.783602493819646639e+01 5.017964482957223282e+01 3.221201406869680994e+01 4.607084490563079981e+01 5.420305659536189324e+01 7.487259326524241487e+01 8.490029774004894136e+01 8.222380400140025358e+01 7.161156670391376622e+01 5.232762554604185823e+01 7.161156670391376622e+01 7.326922499566300928e+01 5.370433188731161067e+01 6.015053091193032486e+01 3.815665572467261057e+01 3.601035072803801995e+01 3.666788209420662525e+01 5.437448294385438885e+01 6.515252528217182260e+01 7.739107148725558716e+01
