MOVIE_S2_data/elevation_000783.asc
nrows	100
cellsize	150.0
xllcorner	0
ncols	100
yllcorner	0
NODATA_value	-9999
[rows 34 to 50 of 100, columns 0 to 36 of 100]
2.978181695229736945e-03 3.247406604310522749e+00 1.730903758982025309e+01 2.973887390317339552e+01 2.592207444592366272e+01 3.821747670503633287e+01 3.876303650628571518e+01 5.093237488174543870e+01 5.800540497954251151e+01 6.631629491014290068e+01 7.164456315455193192e+01 5.749339035449684587e+01 7.164456315455193192e+01 8.222764041554466985e+01 8.309350078791429439e+01 7.482904015053908608e+01 8.309350078791429439e+01 6.812682007308742982e+01 4.784491082141105522e+01 6.812682007308742982e+01 7.096847557454078981e+01 7.929770350608370677e+01 6.865452344750484315e+01 4.823127497088929516e+01 4.165627197081429500e+01 3.587131056658304118e+01 5.064906874696579564e+01 3.460416421910919382e+01 4.035672121371565879e+01 6.042936685244625039e+01 7.894548505272157968e+01 7.593369356591735198e+01 8.181901895994043628e+01 8.857855453733466788e+01 9.686160120085607161e+01 1.053749961448813366e+02 9.151041762399583490e+01
1.893497408783086870e-03 2.000189349740842815e+01 8.098120024109677573e+00 1.163365638410852654e+01 1.547059388573746830e+01 1.991716734711972947e+01 2.467003332383218961e+01 3.097513274389188354e+01 3.799985479678712608e+01 4.952411952896186875e+01 6.959105636178293253e+01 7.750508901204005952e+01 8.230163514007369940e+01 8.011924149908497839e+01 7.309261369709295764e+01 5.480672046871124792e+01 7.309261369709295764e+01 6.320773453580194001e+01 4.306771226133265884e+01 5.667344846586266982e+01 5.075225436295712456e+01 7.096847557454078981e+01 7.715665960552810532e+01 6.864227630506238143e+01 6.170269871026787456e+01 5.047249210989907908e+01 3.107104589270099382e+01 5.067371445337866476e+01 6.042936684050998508e+01 5.026706722491314139e+01 6.464797154030884485e+01 8.494101458503655522e+01 9.530642532875995698e+01 8.759467378711308072e+01 9.530642549845056521e+01 9.553948569081265418e+01 7.755597159086890713e+01
9.179827644033159914e-03 1.990439585747973439e+01 2.814507130416023628e+01 2.578324654695097706e+01 2.712027814082737365e+01 3.991877246738856400e+01 3.876303650164855696e+01 4.094960689602715576e+01 5.800540497954251151e+01 6.631629491014290068e+01 7.790118225742297398e+01 8.230163514007369940e+01 6.230914943340285816e+01 6.012027817557567744e+01 6.481788030962511016e+01 4.475831982444938717e+01 6.481788030962511016e+01 7.096847557454078981e+01 5.075225436295712456e+01 3.678763508449388553e+01 5.135874128511937897e+01 5.775277007447334654e+01 6.592574838440222607e+01 6.634500973259429202e+01 5.801149170623517648e+01 4.862793447020297322e+01 2.908155905221279980e+01 4.276490309300123727e+01 6.278254428076346016e+01 7.059166617854796755e+01 6.687239676752058415e+01 8.714051520723980104e+01 8.566815030197602709e+01 6.804526698040939436e+01 8.566815030085973603e+01 8.740925035205047777e+01 6.762610162457886531e+01
6.604900230173384179e-03 1.416094567771752288e+01 3.437256068672220977e+01 4.582172852006577557e+01 4.713727967625451498e+01 5.543623549198816391e+01 5.876453843712896230e+01 6.095868306022454419e+01 6.926617765647293368e+01 7.834497809560265580e+01 6.999323456632812679e+01 7.092708648760077494e+01 6.597783891633048370e+01 4.592954223439792827e+01 5.526157357744646959e+01 3.806465494729477683e+01 5.813136014789991179e+01 7.093692265112989048e+01 6.502497893452039079e+01 5.135874128511937897e+01 3.169123857557944746e+01 3.803063130015659254e+01 5.463325599578573133e+01 5.801149170775811825e+01 3.814514929209244798e+01 4.396386626026202293e+01 2.711138056585952683e+01 4.078988250167719798e+01 6.073950245154666305e+01 7.407029004373627856e+01 8.714051519081652941e+01 9.141182150073591117e+01 7.214984975847889359e+01 5.806012193444845337e+01 6.875033830165611448e+01 7.788017590237750198e+01 7.674292715745019677e+01
5.101467937297931264e-03 2.000510146793694233e+01 3.022740839567539695e+01 3.606227405850219725e+01 4.319073831074643977e+01 5.154297134039246231e+01 6.319679593296922349e+01 7.396985390363727220e+01 6.833017241375112860e+01 6.675800207650669904e+01 4.996279918695228162e+01 5.099670310772118142e+01 6.509546821775593628e+01 5.526157357744646959e+01 3.520121946296251281e+01 3.202141165049567206e+01 4.261176726391202862e+01 6.265795082600066479e+01 7.148433791187787278e+01 5.968862254079260055e+01 4.644273820694381527e+01 2.689890591842708645e+01 4.644273820694381527e+01 4.967431486845178767e+01 4.141160352797463418e+01 2.444404976545675012e+01 4.396369749808815897e+01 3.670659898932600385e+01 4.542666494630293528e+01 5.965541067514659801e+01 8.005396486276920598e+01 8.097173537818835598e+01 6.922050191980392242e+01 6.083906361832475795e+01 4.894554125371303144e+01 6.903387230563542687e+01 7.145603234245957935e+01
5.600358222118538565e-03 5.005620793884790309e+00 1.016984376223769715e+01 1.594527798324201129e+01 2.302839666191512791e+01 3.465087212927705451e+01 5.485641245955337553e+01 5.403884392900584999e+01 4.811918184629543305e+01 5.837478475669090727e+01 3.842532116402490061e+01 3.687908186052852955e+01 5.286271474499636724e+01 6.046885993619380173e+01 4.041736301023299660e+01 2.625077685914520487e+01 4.629031048690571026e+01 6.088270509056107471e+01 6.314879467045849992e+01 4.316365110891436530e+01 4.331322042430742414e+01 2.377409655693676527e+01 4.331322042430742414e+01 3.890876201312656235e+01 2.186498527187758967e+01 4.141160352797621869e+01 4.031142313354941820e+01 5.657936837670683161e+01 6.495907718790505214e+01 7.389641182859180901e+01 8.650577512367084410e+01 7.274619165005648824e+01 5.283538587802367203e+01 4.187321662031999381e+01 6.125279770979012994e+01 7.673266329559845644e+01 6.759014243141713507e+01
4.575904209876861112e-03 2.000457590420952059e+01 3.022740839567539695e+01 3.040015304192331769e+01 4.319073831074643977e+01 5.154297134039246231e+01 5.053488072322912217e+01 4.221706723237266345e+01 3.353485373664126712e+01 5.403884392900584288e+01 4.685662955428435339e+01 2.689091446642176919e+01 3.286728126797608240e+01 4.600828268361709661e+01 3.771487524199273622e+01 2.255473566737164504e+01 3.254307461269615231e+01 5.259505041326188035e+01 5.832527473117347228e+01 3.841659526663163859e+01 2.723470901875339933e+01 2.073193652659166375e+01 3.646095828470654254e+01 1.932748161376937190e+01 3.890876201312656235e+01 4.967431486932601103e+01 6.021518198709880920e+01 6.854468125604824991e+01 7.241791871837850181e+01 5.809622313302242702e+01 7.241791871851098961e+01 7.097885202402909499e+01 5.123036486705683501e+01 3.779296138065274135e+01 5.121569167011384849e+01 7.078863806148856952e+01 6.386738978804719835e+01
4.658155261040713979e-03 1.998454562471685492e+01 3.958933346326290348e+01 5.135255011949087844e+01 5.514976472684467268e+01 4.954454337097388361e+01 4.221706723230009572e+01 2.217556819084623143e+01 4.221706723230009572e+01 4.289209401854543557e+01 5.108325798092990055e+01 3.872380814063079413e+01 1.876921823554618740e+01 3.330425250865048525e+01 1.774493146727355963e+01 2.924674843487167664e+01 4.928255156221800348e+01 6.088270509056107471e+01 6.666625848186458825e+01 5.513338176255181367e+01 4.682766993990134807e+01 3.644360244826955153e+01 1.685515526975005685e+01 3.646095828470653544e+01 3.527629812251821306e+01 5.507137283371486092e+01 6.690288686669363472e+01 5.829415945343942695e+01 6.407841718469616410e+01 4.427930961943069121e+01 5.265826785911389152e+01 6.096834873333299498e+01 5.324302288723673371e+01 3.410251652441017711e+01 5.324302288723673371e+01 6.905871261852296072e+01 6.025974760227698113e+01
5.330849696878311485e-03 1.155172522707500704e+01 3.147638488256837164e+01 4.248200263444933711e+01 3.619515117389729397e+01 3.077768999542683304e+01 3.084031570322764892e+01 1.654099464139813591e+01 2.944714736673782340e+01 2.244881109531792873e+01 4.091125499984456582e+01 3.371087495671662282e+01 1.380331849988525761e+01 1.335626192380930632e+01 3.330425250865048525e+01 4.600827752322963704e+01 5.757202625528632467e+01 7.677304286123410293e+01 6.846021276628249552e+01 6.543294004015817222e+01 4.898622328859353559e+01 2.924298421518970414e+01 1.540829290028995224e+01 3.501553290084581249e+01 5.321200932033877251e+01 6.338409153048057476e+01 5.532985717729991393e+01 3.855577070002339468e+01 5.532985628465128514e+01 5.265826785911389152e+01 3.398770855383797596e+01 5.265826785911389152e+01 4.968717213389484044e+01 3.064898506921427312e+01 4.148781605681365647e+01 6.088770084684045258e+01 6.849326203121584911e+01
9.384206039104543359e-03 1.991345595551054970e+01 3.257691399373455710e+01 2.028240171664858238e+01 2.063169396555121438e+01 2.655536014647098142e+01 1.200233185565424066e+01 2.260025926918603290e+01 8.764516378083570203e+00 2.051056200031797871e+01 3.513675470588422911e+01 2.895007518606512775e+01 9.011080170771590403e+00 2.552095785543160389e+01 3.385018698087212385e+01 4.593379067200042698e+01 5.420895390667965330e+01 6.506544346658112943e+01 4.809539822069601200e+01 5.715207169284760624e+01 3.730110062965405149e+01 3.358545891070195211e+01 1.398564885864130147e+01 2.527771837674245603e+01 4.493394386229919490e+01 5.333234047752819151e+01 4.665257026605915769e+01 2.869862617496992030e+01 3.775852154546115713e+01 4.003708201212798201e+01 2.917823119638201845e+01 4.703217025259202444e+01 4.642095723792820650e+01 2.757800647521048276e+01 4.642095746459951044e+01 5.986454393020377296e+01 6.804692702363465173e+01
9.768314284573654735e-03 1.847438326439708334e+01 2.007386831132641802e+01 6.755502325756851612e+00 2.114945713833349927e+01 1.812457383390654986e+00 2.147030423233569074e+00 2.481949148177245323e+00 1.694704054834520335e+01 2.115732892282203892e+01 2.346310549363462172e+01 2.404012249670153878e+01 2.424476159305255152e+01 5.674806609701257720e+00 2.551487613487588746e+01 2.658336630737839812e+01 4.593379067200042698e+01 5.670258160630383060e+01 3.610110413971778343e+01 4.480831304534513748e+01 4.094445673861811485e+01 2.133351850296857677e+01 1.259042358902676639e+01 3.069733636917119668e+01 3.986703986047759685e+01 3.246261117211773950e+01 3.259982578690311072e+01 2.990484943404385021e+01 1.965169943484627879e+01 2.323666648429538739e+01 3.645477683188384077e+01 3.832753459977371335e+01 3.913595340012592771e+01 2.478075989260455714e+01 4.332115192969412476e+01 3.975214131575457799e+01 5.986454390455257624e+01
9.313476842122882932e-03 3.417247265425724656e-01 6.741819235528410115e-01 1.006823157360317467e+00 1.339746757788179643e+00 9.179836232805973495e+00 1.604263798866811186e+01 2.208082206504523981e+01 2.957158822783104046e+00 3.293237266055248913e+00 3.629353891167004242e+00 3.965792077442776620e+00 4.302425355389829065e+00 4.640402405871009606e+00 1.321389743252101390e+01 3.093457751073118089e+01 3.876519774063294221e+01 4.743793457895700527e+01 4.480831303028149648e+01 2.409254169690172276e+01 3.504247109080264977e+01 2.913257084840543243e+01 2.401870342097557653e+01 1.066479919587370162e+01 2.938061143900487693e+01 3.021410367054626178e+01 1.114602034240840034e+01 1.094756716626791793e+01 2.451416401065903017e+01 3.003275598362806775e+01 1.771234044701082055e+01 1.847274457562398808e+01 2.105446217721885915e+01 3.905872696612875217e+01 2.574662816168572732e+01 3.675586436204897467e+01 5.679593502977157726e+01
1.757287057980242524e-03 1.990832531707960484e+01 1.135024569464650313e+01 2.141774341837059836e+01 3.392150454260397296e+00 6.100815095624600559e+00 9.725260902346608560e+00 2.583744824788178462e+01 2.548295513020669745e+01 2.337795821743389624e+01 1.184061732618971163e+01 1.796728944657732185e+01 2.434168588293575652e+01 2.423368895814664015e+01 5.123736533121132197e+00 1.006855757602102841e+01 2.028245877925854757e+01 3.884361426762308156e+01 3.900462994700283303e+01 3.503151833651804026e+01 1.455077783918918755e+01 9.461643458653965055e+00 8.782835723444646803e+00 2.326475500032996635e+01 2.751035457358438663e+01 2.875493348364875956e+01 1.044570807478265806e+01 2.932971218076040287e+01 1.145920555324372359e+01 1.182557149769803928e+01 1.467485931955775946e+01 2.915780583903324796e+01 3.285689936570846470e+01 3.332685474271877979e+01 1.832989322516662511e+01 3.677643193334498761e+01 4.769688435934358495e+01
1.954507115700021471e-03 2.000192802739818987e+01 3.091158993283922740e+01 2.974633401538712363e+01 3.404136905299644411e+01 1.812572131333341474e+01 2.672903384160979812e+01 1.576231905787715704e+01 3.311627230675360067e+01 3.898941754111151425e+01 2.177334283378901958e+01 3.680506263390607558e+01 3.036439701591175577e+01 1.034643545687557875e+01 2.481155014096076528e+01 5.608935288881306214e+00 2.544260834487781153e+01 2.632362796132409954e+01 6.936209875864681074e+00 2.705681631810826815e+01 2.695567041186260937e+01 8.292495892130885338e+00 2.693378918830967805e+01 9.271448971718724508e+00 9.610543791918075840e+00 9.950558256610042562e+00 2.977207276532854507e+01 3.757113155991027753e+01 3.306446590035910305e+01 2.791676426368482922e+01 1.234865868435105973e+01 1.271630410612003992e+01 1.308244497851982047e+01 1.344842488652462187e+01 1.381498817470112606e+01 3.374808292359566053e+01 3.629463669709923579e+01
9.499524778340364892e-03 1.415163514850916471e+01 3.415163514811288792e+01 5.070267692386445191e+01 4.981599263777791720e+01 4.071806571693606713e+01 3.823067017283846525e+01 2.054718352963088179e+01 3.823067017341502094e+01 4.136285001374109527e+01 4.136285915263535884e+01 3.768246925829024718e+01 1.764178484973235683e+01 1.589381650056986217e+01 2.894019286145613989e+01 1.057767689286780843e+01 6.095705055703300346e+00 6.441219899804335292e+00 9.892590719696405799e+00 7.434949332546591627e+00 7.788456122940892179e+00 2.442542747006103809e+01 3.473232262891367839e+01 2.837917584646564251e+01 2.948807309435156654e+01 1.005976586797453898e+01 1.213151704209697535e+01 3.210938580696122813e+01 4.267425164239936208e+01 4.152676815911392083e+01 2.890860723438198576e+01 2.698985918252143179e+01 3.156089998216742387e+01 2.582192428417937791e+01 1.728688375319256565e+01 1.433678598972820240e+01 1.651335896787430357e+01
7.291241591682445615e-03 2.000729124159132866e+01 3.132159140659229024e+01 3.798825807634061391e+01 4.627253067093746353e+01 5.627252810377557068e+01 4.429212258707273264e+01 2.610776534609965793e+01 4.429212258707273264e+01 6.114208870549255437e+01 4.589460435644819114e+01 2.577906078322792638e+01 3.768246937109391581e+01 2.163745230182086843e+01 3.751541676390358049e+01 2.911213266232053698e+01 1.817673803920444087e+01 8.806400908464569355e+00 1.291913617624477872e+01 2.050634768562755994e+01 1.190974089184223139e+01 1.021774035658672730e+01 2.998774297126115584e+01 3.992620414092868941e+01 4.397647043841813286e+01 2.808724715196992605e+01 3.210939370409870719e+01 1.443396352918616543e+01 3.445087767909920018e+01 4.528098147604502799e+01 5.117009813161892140e+01 4.773303768364603883e+01 5.048741705678605740e+01 4.335924916127297024e+01 2.614354150151727296e+01 3.413903424564844613e+01 1.486908826537052519e+01
1.086749991637594439e-03 5.548088712243952614e+00 1.132159140414026055e+01 1.798825807080704564e+01 2.798825807080722328e+01 4.798825809133565912e+01 5.240068105634541951e+01 3.479657352178428908e+01 5.240068105635164386e+01 5.541555478166622350e+01 3.521856544698408698e+01 4.589460435644819114e+01 4.767227580442165191e+01 2.764952531662458313e+01 4.767227577997964261e+01 4.624320430724044684e+01 3.766458024164506924e+01 3.421699242276325492e+01 1.394047596237264308e+01 3.263912393390970834e+01 3.124877069744979607e+01 2.998774632559236153e+01 1.265558435999898457e+01 2.667078112710174409e+01 4.675282787752625069e+01 4.950498727256132980e+01 4.288259067569726568e+01 3.445087767909920018e+01 1.675464423775064304e+01 3.679127928316840723e+01 4.773648181402511170e+01 6.197953658442859393e+01 6.278068402992110464e+01 4.295321290137534476e+01 4.658982105133345186e+01 3.773814421243525175e+01 1.883350685614306030e+01
