MOVIE_S2_data/elevation_000754.asc
nrows	100
cellsize	150.0
xllcorner	0
ncols	100
yllcorner	0
NODATA_value	-9999
[rows 34 to 50 of 100, columns 37 to 73 of 100]
9.756821836453626418e+01 7.958641667323620084e+01 9.607230673771856289e+01 1.041709439011107889e+02 9.957187547498345737e+01 8.621753424876723670e+01 6.642236063774875277e+01 7.813115972978268076e+01 6.641141273502974229e+01 8.621658913957597292e+01 8.591411984379318767e+01 6.955578772439687896e+01 6.464335163986828547e+01 8.444598136357714679e+01 1.028290600107258257e+02 1.139682492952292563e+02 1.026452137192052305e+02 8.226083549664714667e+01 8.226083549664714667e+01 8.823128164776312587e+01 9.688060245479643129e+01 7.654673819806157553e+01 6.585202154102526606e+01 8.613255856805758981e+01 1.004243116710758272e+02 1.039100197940904735e+02 8.350031446143735536e+01 1.039100197940904735e+02 1.166998358984842952e+02 1.083262732443734677e+02 1.083262732443734677e+02 1.094728666032587086e+02 1.011124037683044463e+02 8.781108489049810828e+01 7.471970460034178529e+01 5.461597029965895445e+01 7.471970460034157213e+01
7.796958760285514245e+01 6.956497393710301935e+01 7.629318900058105157e+01 9.278989804906393601e+01 9.154150799324267496e+01 7.196978211171628459e+01 6.016087377479426124e+01 5.793617292931959639e+01 7.813115973002945225e+01 8.015896918066302135e+01 7.203541660007731195e+01 5.771975455028426438e+01 7.784510478900887165e+01 7.543168474628845388e+01 8.668291939991785000e+01 1.058819438496587111e+02 9.932134017403323867e+01 8.823128164776312587e+01 6.791822901142893443e+01 8.822310479231575187e+01 9.467945651050887079e+01 7.432344973168260083e+01 6.008795477928970286e+01 7.168774061101527195e+01 9.201268245972205762e+01 9.824938601762954704e+01 7.785786818928758635e+01 9.824938601762954704e+01 1.083262732443734677e+02 8.824586326094855337e+01 8.824586326094855337e+01 9.787174812924185119e+01 8.105604589634207002e+01 8.679643921630099612e+01 6.661528094145214141e+01 5.251398506452704140e+01 6.661528094144615864e+01
5.796919692519119849e+01 7.796958760261989596e+01 6.471678205781284987e+01 8.391239931676693686e+01 9.535527584970193971e+01 8.343720553056594724e+01 6.438822864471245566e+01 5.259383837108770621e+01 6.805871079533184798e+01 7.142014836863245364e+01 5.175706132590640607e+01 6.206307017934888393e+01 8.182830542528478190e+01 9.479738191542264758e+01 1.028290600107258257e+02 1.048593897052398205e+02 8.663591072983359709e+01 7.127793972746060547e+01 6.191923154003922747e+01 8.210608435890627277e+01 9.068578595445377744e+01 7.587207436377303793e+01 5.576469103034798991e+01 7.587208357030667116e+01 9.478206278793091144e+01 8.636645936426182857e+01 7.279636497169734355e+01 9.315150656054413503e+01 1.057096754196846291e+02 8.564837665237966746e+01 7.408084014331392098e+01 8.557944885175476202e+01 6.947900091274011913e+01 8.889317310588675980e+01 7.040491240626818126e+01 5.046373495301559586e+01 7.040491240626818126e+01
5.298782195931427452e+01 6.680301332046977336e+01 5.575980443037460788e+01 6.732614274093150186e+01 8.722681714741285930e+01 9.127773139338347619e+01 8.062120931795055867e+01 6.805871079533184798e+01 4.774642654561639432e+01 6.171059489017092403e+01 4.818591305569937333e+01 6.973054561772536886e+01 8.152320479162489164e+01 9.940872418402979349e+01 9.841424265245939296e+01 8.244615105512500008e+01 7.989710850074455095e+01 7.650751514878636783e+01 5.648638449926703231e+01 7.650751655225236902e+01 7.639640479701564857e+01 6.210697414876769784e+01 5.174600714313057637e+01 7.176756062892437171e+01 8.062964146556325318e+01 6.608374517125125180e+01 7.775752640783724701e+01 9.812648048221502961e+01 1.140800189378326479e+02 1.024728495797164669e+02 8.557944885175476202e+01 6.551966007649697588e+01 6.051731612591047593e+01 7.465290915745511313e+01 6.832589920071575307e+01 4.844237099591974527e+01 6.542558615517619103e+01
6.680301332097062073e+01 4.689098231558369179e+01 6.680301332097062073e+01 7.236036807253302072e+01 9.218736697742174613e+01 9.814397934588556893e+01 7.861142842398975006e+01 6.440128707248709361e+01 6.357256050409072401e+01 4.336263244062318023e+01 6.033797495820186896e+01 6.857571479612805376e+01 8.331960575437599914e+01 9.140425602529943205e+01 8.748218530909088031e+01 6.418303664156083244e+01 6.223506870464980523e+01 6.594222418856483614e+01 5.203828433515032259e+01 7.199989682173061567e+01 6.446549095501978854e+01 4.808380307361009187e+01 6.801713438446266480e+01 5.675378840996110341e+01 6.043447017875055138e+01 8.062964146556325318e+01 9.478206278791536477e+01 1.065272555116363975e+02 1.044838868195628976e+02 9.612930129480587027e+01 9.391233663928221631e+01 8.557944885175476202e+01 7.465290915745511313e+01 5.463125373981687005e+01 5.087825665394551322e+01 6.539995632877614185e+01 4.564041408215985030e+01
5.759980806968177092e+01 4.358031230290344382e+01 5.240770475354507596e+01 6.653416772240805699e+01 8.642605997497089731e+01 8.153175282821356973e+01 7.338366596524184615e+01 7.687478149063554156e+01 6.560703355753088317e+01 5.736265733979296755e+01 4.022392602725754784e+01 6.033797495820186896e+01 6.349108271163692763e+01 8.331960575437599914e+01 8.966999874453804864e+01 7.266531429431141476e+01 5.350264965350610424e+01 4.605298982261823681e+01 6.103821223644369098e+01 6.103737875100205201e+01 4.462406092978064009e+01 6.446549095502054172e+01 7.639746917420467298e+01 7.687949339899405743e+01 8.062964146556325318e+01 8.747369412191702054e+01 9.524531336615801536e+01 1.055624133881652966e+02 9.285523266939537734e+01 7.599961775635479455e+01 8.450742293786613857e+01 9.285522531128201251e+01 8.297639231730758524e+01 7.463757744565840824e+01 6.560597578715838551e+01 4.574520702837133967e+01 4.374548763506591342e+01
6.040910875044456674e+01 4.058887064657389487e+01 6.040910875044456674e+01 7.716697873525588136e+01 8.153175929405011857e+01 7.000785253317816625e+01 5.330407725866842128e+01 6.273920429477119853e+01 4.860362709846374685e+01 3.733857243272000659e+01 5.552584267896035186e+01 4.914733919421777841e+01 6.088906919984756883e+01 8.078652289979328316e+01 8.990339654842316008e+01 7.980424130652477288e+01 7.142476009576007812e+01 6.104124229083787867e+01 4.127898331110912267e+01 4.127898329761598006e+01 5.523276956786892100e+01 7.283002331608980739e+01 8.582046833127421337e+01 7.757221416229141653e+01 7.499320132002759465e+01 6.716260887000055391e+01 7.207929392662305190e+01 9.530329693029969462e+01 8.450742308517912704e+01 6.441140652026314228e+01 6.441140652026211910e+01 7.592998114963981493e+01 8.426747955317063088e+01 7.570009180025881790e+01 5.615487250331984370e+01 4.238230900655285893e+01 6.207448474378410452e+01
4.907759796703449240e+01 3.767468056021667877e+01 4.907757774629796188e+01 6.897394987103612607e+01 7.338366599778976251e+01 5.330407725866844260e+01 4.170694091931463277e+01 5.174882546427591734e+01 3.453602954120491120e+01 4.598420056955171020e+01 6.514343220254141897e+01 6.929867220659629368e+01 7.744766936846822603e+01 8.887141365570380458e+01 8.151096184442997128e+01 6.133867192522322398e+01 5.142822502300272447e+01 4.451876109064992448e+01 3.802961497714920824e+01 5.774335419158168747e+01 6.938388069240694733e+01 8.455764028016690759e+01 7.757209310792420354e+01 5.787170565313424220e+01 5.720213274477317356e+01 5.403085449855071687e+01 7.159827585457765053e+01 8.406474988099017764e+01 8.764920258562335675e+01 7.290498251178568978e+01 5.291596402123318654e+01 5.592077624048145168e+01 6.666497687155350604e+01 5.874109718421841819e+01 5.969635410236796247e+01 4.146372421985974199e+01 5.263353356456084953e+01
5.100839663034025762e+01 3.492650550959439926e+01 5.476673261625589362e+01 6.901885007017432372e+01 6.080940641720949458e+01 5.742680093969144650e+01 4.917529970244652304e+01 3.189111043873866436e+01 4.587124835421626301e+01 5.448850897952655714e+01 6.610560440387062897e+01 8.596324327314529512e+01 8.601400811323917139e+01 9.425887696755857803e+01 8.990339654850369300e+01 7.980424130652119175e+01 6.742483503680068679e+01 4.752486922784758150e+01 3.620698867143242694e+01 5.342835984424733198e+01 6.172896064085181678e+01 7.356748947861163401e+01 7.786888424432532929e+01 6.364178603126011069e+01 4.371921635623947111e+01 6.364178572756959085e+01 7.258940616443888416e+01 6.377722062532823344e+01 6.889413389968092361e+01 7.362569034490186937e+01 6.438163635233431137e+01 4.462703184866268202e+01 5.644859447536144614e+01 3.925066720700654344e+01 4.016392490605893784e+01 5.953450841632390933e+01 6.930218846834445401e+01
3.109376823781210675e+01 5.101613102747427320e+01 6.298634791781885411e+01 6.077707009001014171e+01 4.083374311914023025e+01 4.668270028415525985e+01 2.946335260079961671e+01 4.330843244916826507e+01 6.000196750954508929e+01 7.413268543076405592e+01 8.265814263819260077e+01 8.288214621716997499e+01 6.639169167898310775e+01 8.288214621716997499e+01 8.322476420340456116e+01 7.496107100379178689e+01 7.579559983585296834e+01 6.424959278207434465e+01 4.759969171259289311e+01 3.364320901432403588e+01 4.523329929809776928e+01 5.926115799912292204e+01 5.734852629846333372e+01 5.651960906250042882e+01 3.861718774421464673e+01 5.869319603090330162e+01 6.889303221033684110e+01 5.003035744738468082e+01 5.911593899288050835e+01 5.099112238212189396e+01 5.519293944452913081e+01 5.610146087013616523e+01 3.794129340132492700e+01 5.740012865601827485e+01 4.900864227570532705e+01 4.699613282239008782e+01 6.684097222909950631e+01
2.844424311079879786e+01 4.264325212948448041e+01 6.251995624997263690e+01 5.988501600905598821e+01 4.071934161939144303e+01 2.715950839263463124e+01 4.668270028716010245e+01 5.742681478924858851e+01 7.154519713769217049e+01 8.111125942179722870e+01 7.293840889267301009e+01 7.468505843779843190e+01 5.544326978277103279e+01 7.468505843779843190e+01 7.172734245415982457e+01 5.506194756014953384e+01 7.172734245415982457e+01 7.585592490972135238e+01 6.172862131694601118e+01 5.097306896975215551e+01 3.109149951819037483e+01 5.097304492786589236e+01 5.000985094000136399e+01 3.262118396611154481e+01 3.937507892208622451e+01 5.498765395407798451e+01 5.671956671501029490e+01 5.816039417861625793e+01 3.989768996112747601e+01 3.476162595375100750e+01 3.570471428791621804e+01 3.663824523917801912e+01 5.610149127779984468e+01 4.787895784689295198e+01 6.618937607921223787e+01 6.684104507081318047e+01 5.493604521375187488e+01
2.582020990915594538e+01 4.015258758257467520e+01 6.005551793462188925e+01 5.957892991421352491e+01 3.925334041980786992e+01 2.558567419310104540e+01 3.658588406373915802e+01 5.062321851424556485e+01 7.063797255896743366e+01 7.293840889267202954e+01 5.380675935695556689e+01 5.941028977068152983e+01 4.893832229333808215e+01 6.788205881669252051e+01 6.347221492737821791e+01 4.369708733507319920e+01 6.347221844184098671e+01 7.241014329978044373e+01 6.369445154975503698e+01 4.923879448770647116e+01 2.930982118969702910e+01 4.808960493461391650e+01 2.878993806430706215e+01 2.930938425250146295e+01 4.545519332118399802e+01 4.997912278189411950e+01 3.133001293074405424e+01 4.941227924560786988e+01 3.341815815435786163e+01 4.202175326422488411e+01 5.452686994391984143e+01 4.383246373450818822e+01 6.326895097503385301e+01 6.166596363880855591e+01 6.166596381624151491e+01 8.156195787562420207e+01 6.651891448677871210e+01
4.252877510876979272e+01 4.844495156837916738e+01 5.220650964161051633e+01 5.529065479801572280e+01 4.329909452714496609e+01 2.399714992880437237e+01 3.753867537757135864e+01 5.738086390433709028e+01 7.263640749331261759e+01 6.463685625003935797e+01 5.941028977068147299e+01 4.087144939990284342e+01 5.941028975597070172e+01 7.007450181331422812e+01 5.022691149516829512e+01 3.670369004447174177e+01 5.647159273030449356e+01 5.981729602450101169e+01 4.425872538880086893e+01 4.218517160126906873e+01 2.755295635810972144e+01 2.806068990928771711e+01 4.483031204741509868e+01 4.909437442379034167e+01 3.005396411829066139e+01 3.058191666818759558e+01 3.925180211497530536e+01 3.207788313157078619e+01 5.193983409395988105e+01 5.608695834840619909e+01 6.400179785862913207e+01 5.349635776824825939e+01 7.145118347231604616e+01 8.156191761507741944e+01 8.156196398630562783e+01 8.989501365859216264e+01 8.671427175681465371e+01
3.744556084495284409e+01 3.064124075205890563e+01 3.869083352656038954e+01 3.463418354602330140e+01 3.905226049387343323e+01 2.236566206598259043e+01 4.197093987507249579e+01 4.706802702851459941e+01 5.477103160960287198e+01 4.593981061836548463e+01 4.938481343760282272e+01 3.671344236338867972e+01 5.504065158078246611e+01 5.932036908653725504e+01 4.939594593700600456e+01 3.029464265848012872e+01 4.526032708447100106e+01 3.993068616560898221e+01 4.581694073986016491e+01 2.687001408135471081e+01 4.650233911858209268e+01 4.762948382206494102e+01 3.955233843391145854e+01 5.401360007576326439e+01 4.806464857989692518e+01 3.482637755627543186e+01 5.140645624554142756e+01 3.271195489212381347e+01 4.662926231724970449e+01 6.747045477898868171e+01 8.127100372563370456e+01 7.304673054530825027e+01 8.127100374092957225e+01 9.428846249580611527e+01 9.420227474852168825e+01 8.585773424275306809e+01 8.147561513863549010e+01
2.077499342761220547e+01 3.158494601192560225e+01 1.791320053766210307e+01 1.832055861347321724e+01 1.999829049194244845e+01 3.921530579830511698e+01 4.000127977028413540e+01 2.974488161568534750e+01 4.606655242425775754e+01 4.623988061427868956e+01 3.119816359823048657e+01 4.938481040945652012e+01 6.302516460938774401e+01 5.026404160234642404e+01 3.344550613255425020e+01 2.481068724177938023e+01 2.526158461299115388e+01 2.571212429634507757e+01 2.619240214774804087e+01 4.619342305061825016e+01 4.607839882578661417e+01 6.297017051324536396e+01 5.016196202407748217e+01 6.539627131732731868e+01 7.014630496956034733e+01 6.277304726553932568e+01 5.265163625708264306e+01 3.334507205379021855e+01 4.716932362427022696e+01 6.630396972534033750e+01 6.384034238795502603e+01 7.192743318946490660e+01 7.445381288190108648e+01 7.445381288190108648e+01 8.259154526731953183e+01 6.576191197808668676e+01 6.140390425820820752e+01
1.694607084327564550e+01 1.734281757148066561e+01 1.956374791057055518e+01 3.295552262459264625e+01 1.892636483906632350e+01 1.936250837615991571e+01 1.980840121585083580e+01 2.026130311201367817e+01 4.034347756313349720e+01 2.607142784729538931e+01 3.811163410753982106e+01 4.787042663640233542e+01 4.474484243789186877e+01 4.357507714785322150e+01 2.417373973561002742e+01 4.420031728495962398e+01 4.527605185056383164e+01 4.548497300531465726e+01 2.671530406796121326e+01 4.686534807121041979e+01 5.675021838258054885e+01 7.104244315937691567e+01 6.794376754437637089e+01 7.553940660035503640e+01 7.193378836452957614e+01 5.170303683808256778e+01 3.883398901639222345e+01 3.397685569635167013e+01 5.321792731229280804e+01 5.464681676583942505e+01 4.623634342364321270e+01 6.150742629722284249e+01 5.485366106992921686e+01 7.445380782967815492e+01 7.363279737410664438e+01 5.426766015583692848e+01 4.996489492564110435e+01
4.187712693502881223e+01 3.989676078049086527e+01 2.071730017746269681e+01 2.736771675216249733e+01 4.149151231291335051e+01 3.054024155603342194e+01 3.982303542928111284e+01 3.023848615989969701e+01 2.090255383077456131e+01 3.103404297765814235e+01 3.763497494436949609e+01 4.237822461702168653e+01 2.308275788696575859e+01 2.353454810615026815e+01 2.704608779758903125e+01 3.484083276525585404e+01 5.259643435445840964e+01 5.498280655750098589e+01 4.105171473070917898e+01 2.856283932625128941e+01 4.869981306620117323e+01 5.875506511864971770e+01 6.638352651661060122e+01 7.466107529026260181e+01 7.193378836452957614e+01 5.170303683808256778e+01 5.703485735417809366e+01 4.205581208676363048e+01 3.486891030783436207e+01 3.550084779971437143e+01 3.612874789610876292e+01 4.272518696769545699e+01 6.205758284570799077e+01 6.653730736778514654e+01 6.129101248683627290e+01 4.559658123262400409e+01 5.944992955313357186e+01
