MOVIE_S2_data/elevation_000932.asc
nrows	100
cellsize	150.0
xllcorner	0
ncols	100
yllcorner	0
NODATA_value	-9999
[rows 0 to 16 of 100, columns 37 to 73 of 100]
1.171368825164234408e+02 1.029341850543399346e+02 9.421833716433017969e+01 1.023199397372485606e+02 9.501593069204548669e+01 1.032154941530148591e+02 1.022704615951562204e+02 9.635471352161860636e+01 9.635471352161860636e+01 1.046984943920457312e+02 1.024003752296527665e+02 9.425103336910275686e+01 9.679901756001918045e+01 1.049512169328423994e+02 1.071593411365848709e+02 9.902234483142292731e+01 1.015602996781586285e+02 1.097037630970951625e+02 1.173631433102886490e+02 1.090202835326154229e+02 1.071189528244626104e+02 1.071189528244626104e+02 1.154642255751614499e+02 1.179681984931456498e+02 1.120542749821020436e+02 1.179681984931456498e+02 1.123131527693505518e+02 1.039916583376361245e+02 1.123131527693505518e+02 1.077919461780401207e+02 1.160932011642619983e+02 1.231279438064090073e+02 1.147945378094543400e+02 1.144571897864066869e+02 1.203488602451860316e+02 1.151313754280768507e+02 1.067242086283755782e+02
1.022798754698241765e+02 8.516973936132364997e+01 7.238753408076057383e+01 9.113493568381181831e+01 7.577221669407886395e+01 9.290715417633521156e+01 8.201011247096133161e+01 7.606838416894780153e+01 7.606838416894780153e+01 9.635471352161860636e+01 9.101360795664719205e+01 7.450860559096663849e+01 7.707599898045225473e+01 9.679901756001918045e+01 9.584089151504959148e+01 7.943491488447385507e+01 8.197801993236906526e+01 1.015602996781586285e+02 1.057066838317526560e+02 8.881076538044685265e+01 8.691012015697086213e+01 8.691012015697086213e+01 1.071189528244626104e+02 9.777607420306631525e+01 9.186184979410364804e+01 9.777607420306631525e+01 1.021810665385372374e+02 8.365528524385084097e+01 1.021810665385372374e+02 8.746878789213550931e+01 1.044073333803852961e+02 1.115029662889693185e+02 9.465268061735528704e+01 9.431613080284753892e+01 1.002153103988538447e+02 1.050021371659601641e+02 8.648156317448891173e+01
9.344211134009800901e+01 7.205928247394965069e+01 6.158501778814274275e+01 7.358676075403927541e+01 6.472544153969364800e+01 8.461878852057058964e+01 8.201011247096133161e+01 6.170136275992126684e+01 8.201011247096133161e+01 9.597043508800393852e+01 8.285273737693914597e+01 6.297284445042318879e+01 7.656616324813295194e+01 9.632296788528984166e+01 8.771353687881898509e+01 6.803856262190527104e+01 8.771353687881898509e+01 1.002732637296696510e+02 9.735231278726834603e+01 7.715794783576473037e+01 7.264532606774700696e+01 9.282915020541501860e+01 1.057066838317526276e+02 9.777607420306631525e+01 7.757047539241129641e+01 9.777607420306631525e+01 9.382347179074349697e+01 7.360470699162446806e+01 8.437330652453013613e+01 7.581924983276803687e+01 9.605836527088963805e+01 1.025030942274462831e+02 8.304287192444159871e+01 8.010219861142266495e+01 9.955652592098125808e+01 9.660288590143223075e+01 7.646988755806609106e+01
1.019310234922777028e+02 8.671909259867695141e+01 6.726548886389927873e+01 5.315320006397649166e+01 6.740104869056435177e+01 7.581919034628019460e+01 6.846682520596803556e+01 5.555615800114749447e+01 6.730642021861143576e+01 8.760780265136317269e+01 7.656616324813295194e+01 5.660783287986522794e+01 7.656616324813295194e+01 8.902263356870608391e+01 8.088473654364779009e+01 6.202941238754385722e+01 7.247099581273259616e+01 9.213510750581033903e+01 9.997405151493889264e+01 7.977772311235895586e+01 6.551731052314373471e+01 7.715794783576473037e+01 9.735231278726834603e+01 9.104087459951465178e+01 7.084433491841753039e+01 8.242904114368582214e+01 8.667505894240700570e+01 6.664552941223108462e+01 6.440613002607292970e+01 8.437330652453013613e+01 9.449509278109506738e+01 9.416645963851100021e+01 7.408957521179684136e+01 7.116001518189524688e+01 9.122045335970410918e+01 8.989188645364360752e+01 6.984055312992536813e+01
1.006704434991694370e+02 9.095170532295747989e+01 6.853552812164701891e+01 5.617600268104463623e+01 4.702380035200619801e+01 6.218303181917792699e+01 4.813195027763943301e+01 5.986878616206022485e+01 8.009505150754171154e+01 9.067940586091599187e+01 7.141294450583920650e+01 5.139291361120590551e+01 6.454618275817320239e+01 7.276563282286279843e+01 6.110760241870769960e+01 5.624035341556964340e+01 7.031677849056109153e+01 8.999169303523802910e+01 9.545801519453102912e+01 7.526818469679308521e+01 6.098904896099865169e+01 7.526818469679308521e+01 9.545801519453102912e+01 9.410276359866318785e+01 7.389254380778817222e+01 6.227059206623550125e+01 7.531488448570621586e+01 7.771758102504446697e+01 5.793795820516112371e+01 7.771758102504446697e+01 7.435713125445563776e+01 8.859758555804529578e+01 8.412801742515313208e+01 6.408192175344602504e+01 8.412801741452894078e+01 9.329110411674842851e+01 8.134196663175237063e+01
9.822981169891801301e+01 1.009442809000951513e+02 8.583928728559548915e+01 7.581919026245076054e+01 6.218303181917792699e+01 4.197830895036730681e+01 6.190617947259448073e+01 7.624123970301346276e+01 8.816980369859652455e+01 8.250061512634846395e+01 6.257799427635875844e+01 6.454598631964982758e+01 4.442530803774267412e+01 6.386505554096255111e+01 4.951876845019242523e+01 6.103265775718323738e+01 7.475572977194053692e+01 9.387087637511612570e+01 9.142004909498328402e+01 7.122943521348767604e+01 5.692340142912892276e+01 7.701853521436797223e+01 9.289481677046349262e+01 1.024669635278280566e+02 8.747930663588650191e+01 6.680714137098281924e+01 5.522331761353397894e+01 6.925415403415597382e+01 5.382455231412792784e+01 6.769854215465248615e+01 6.040498683221003517e+01 8.025143213375184814e+01 7.952912767454819232e+01 5.945437622385084353e+01 7.333394450719686120e+01 7.331591298791778399e+01 8.004235703096215104e+01
8.972762424934354897e+01 9.358576395799052250e+01 8.531130709203797835e+01 7.380320342844562731e+01 5.353496392466610843e+01 3.944836018706249092e+01 5.355553155958258316e+01 7.406298022302033246e+01 7.738640473659013708e+01 7.505776760228039279e+01 6.442341645564040675e+01 4.608369231258848941e+01 3.990010981037769966e+01 4.376186637139079494e+01 6.386506006996832241e+01 7.274400574262995178e+01 8.234051302601437783e+01 8.910011153811117879e+01 8.767460301469827755e+01 6.747275091946266912e+01 5.314144880009799721e+01 6.484031419645926064e+01 8.497406384020058567e+01 1.023965901497393247e+02 9.648143720026381231e+01 8.369203186423555962e+01 6.925415403415597382e+01 4.931131394683021796e+01 6.365128980034473472e+01 4.832358299049893446e+01 6.749712131249528113e+01 7.742749387815365480e+01 7.058118702317038640e+01 6.959526635688571616e+01 5.322286438782815310e+01 7.020939341648033860e+01 7.117218356441360072e+01
7.789680640828568414e+01 8.531130709203797835e+01 6.544813381686903142e+01 7.126590617223631341e+01 5.689731681834219756e+01 3.712052737580408746e+01 5.335982317390895702e+01 6.169815177357164515e+01 5.730154325411668736e+01 5.263666883855492529e+01 5.448280590529724776e+01 3.568054342745860197e+01 5.615882708810278245e+01 6.386506006994033413e+01 6.619092281116368781e+01 4.877531946835274823e+01 6.623063533122522983e+01 6.874460240907328057e+01 8.307976951773019891e+01 6.996342568182805621e+01 4.969885308262438173e+01 6.996342568182805621e+01 8.310728774287424869e+01 8.312611783666413601e+01 8.818873206554938804e+01 8.387937321759525844e+01 6.988327588523709721e+01 5.579149550070826535e+01 4.383557766491203722e+01 4.708869640000867918e+01 6.302109456634909890e+01 6.629107062083816970e+01 4.756168607674463544e+01 4.840534549271055198e+01 4.926160450188268669e+01 5.014570726872079831e+01 5.103683138402038111e+01
6.880676719497937199e+01 8.173732419266097793e+01 7.098422240401347949e+01 5.141019961216854739e+01 4.478310061555843902e+01 3.898917309835005796e+01 3.397037096601273021e+01 5.026916534163748196e+01 5.326062303368409090e+01 3.866851276981818586e+01 5.318812475144770957e+01 3.288362993169290149e+01 4.986583827152026771e+01 5.050395282516540618e+01 5.115461513031325325e+01 3.628088645276637436e+01 5.729332513811553440e+01 5.428530371475742555e+01 7.055857335039929978e+01 6.219452592118696543e+01 4.639109797935772406e+01 6.667541988965837163e+01 6.354356489589201118e+01 6.934286551108957042e+01 6.556510112974727633e+01 6.596257802768670331e+01 5.566225956067689395e+01 4.276917446467704309e+01 6.245368631092028266e+01 4.491791767303399041e+01 4.566238692750339823e+01 4.639449631885027259e+01 6.206035412801738715e+01 6.321943278046526871e+01 6.901907361623561599e+01 7.026575270950161212e+01 6.181161520673050092e+01
5.245784126738391961e+01 7.319343758375954678e+01 7.951662662998172948e+01 7.126590617223631341e+01 6.465422414237666260e+01 5.867854481544781464e+01 5.026914355758370334e+01 3.095286257980199807e+01 3.716557762345593829e+01 3.258569060845606913e+01 4.724765846413097137e+01 4.429094435522775086e+01 2.910224512343380709e+01 2.972528035823734882e+01 3.035258488968273483e+01 3.098726092757230788e+01 3.968232729377174195e+01 6.022391453173283793e+01 5.790490598076473816e+01 4.185061780340364379e+01 6.219314219418385647e+01 7.501905470258277830e+01 6.934082322569388168e+01 5.000171389180413684e+01 5.975025040782584540e+01 4.093086926038763806e+01 4.169424097649754657e+01 6.107126518464846043e+01 7.069965023891478495e+01 7.350242382240858774e+01 6.586915723368052511e+01 4.899633288652228913e+01 4.894687825025245331e+01 5.101705965219102978e+01 7.083513326857777770e+01 8.202908300528601160e+01 8.022013782744103594e+01
6.665767336704655577e+01 7.819472489820174133e+01 8.645876555284981180e+01 8.938930231943666627e+01 7.681481833026876416e+01 5.837751133215539312e+01 5.639143423948029721e+01 4.443065608363948371e+01 2.655742677358944448e+01 2.700728513814985021e+01 2.763224168624403276e+01 2.824604610241509306e+01 4.875606137222734304e+01 5.031886815645270161e+01 4.521045705494937295e+01 5.180593672678453032e+01 3.191368431469557621e+01 5.273868932252694464e+01 3.738379309242607462e+01 5.565492969192168005e+01 5.632826956510597682e+01 5.940092827268350106e+01 5.797608208492141557e+01 5.840927898999599677e+01 3.983999268835307817e+01 4.738393475969997581e+01 6.090397856042200431e+01 5.153172598532567150e+01 6.564476182884794753e+01 8.576684550808286644e+01 7.534351445605022946e+01 5.432562215362430180e+01 6.954783073006673533e+01 7.083513258438453875e+01 5.411486448840306451e+01 7.390829497453047736e+01 8.525839753197698201e+01
6.924479148408528317e+01 5.819011558875051549e+01 7.491813753128566589e+01 7.528033211722323870e+01 6.103653342391915260e+01 5.838334397402393705e+01 3.938643695915117604e+01 4.333512424068741353e+01 2.621464165947330116e+01 4.721864184111487361e+01 4.673203722894331946e+01 3.172337735031925021e+01 4.383054428602977026e+01 5.970662178222936234e+01 6.595611365492413825e+01 6.112533425186575897e+01 4.677524174607728469e+01 3.287253803905780813e+01 3.385399683589981379e+01 3.493440495224853493e+01 3.575744386485230564e+01 4.618892487980931350e+01 3.792842132685336765e+01 3.873250784585921735e+01 5.870620174885618781e+01 6.160118622320458570e+01 6.989010385756428434e+01 7.154765061612040711e+01 6.564745653060653297e+01 8.579198473224322186e+01 7.963527154055095991e+01 5.861004162778687032e+01 7.963527153880254161e+01 8.208134302359074752e+01 6.816981320458697269e+01 5.738005437326606284e+01 7.708384901454520843e+01
4.919604797638977089e+01 4.659089150543323399e+01 6.664505832835676813e+01 6.694274994608277041e+01 4.676374801748003307e+01 5.416007253158783641e+01 4.548918538615070872e+01 2.539526400373675941e+01 4.485716762678303127e+01 5.572843915681216487e+01 6.160125481678407766e+01 5.359929188652348131e+01 3.729406732962576143e+01 5.205735215623533918e+01 7.273030050532328517e+01 7.554474367080507591e+01 5.891791524334313834e+01 4.034773748706488306e+01 3.397006008190221138e+01 5.436174257906924367e+01 5.630857706859887202e+01 3.685260039487738482e+01 5.749483186410743940e+01 4.060996710015407984e+01 6.009616494697407774e+01 6.864535547801091298e+01 7.542116509634136889e+01 8.384519893378730160e+01 8.579198473224322186e+01 9.414401628394877264e+01 8.423437844010300068e+01 6.315862294371208208e+01 8.423437844010300068e+01 9.599291778444751344e+01 8.525839753197698201e+01 7.708384901454520843e+01 6.076510921734347193e+01
3.490442072304723098e+01 5.506818899552402513e+01 6.154237448968748225e+01 6.941691667514506037e+01 5.416256754858003575e+01 3.402893383517816517e+01 4.402152010097910306e+01 2.481415047947038133e+01 3.901317920809690065e+01 5.927296274611572358e+01 7.724668831397782753e+01 5.675354894674539707e+01 4.189301712426814106e+01 6.275996676914808603e+01 7.917674679799306148e+01 7.937017410945847473e+01 5.895772833885206410e+01 5.845274719732461222e+01 5.462866194200842074e+01 3.749802236418416612e+01 4.756325140045853317e+01 6.205613682547522814e+01 6.720913229426282953e+01 6.009618745378192983e+01 4.311613695409421609e+01 4.874952429266594578e+01 5.529405868926669143e+01 6.534609073090427955e+01 7.964122633652155514e+01 9.991020255091956415e+01 9.164277774273344335e+01 7.068866020422274232e+01 7.268633499574258394e+01 9.357694183837082846e+01 9.941743199599926584e+01 7.979555819847782061e+01 6.610449123811226002e+01
4.647089433041708872e+01 5.452395475198240149e+01 4.185621828760105245e+01 5.809311567066471582e+01 5.149620438844269898e+01 4.330311571017014671e+01 2.399378315459605560e+01 2.893633397345930547e+01 4.230503303826303352e+01 6.271552472495139341e+01 7.786264491348478600e+01 6.275936081461627936e+01 6.275996676914808603e+01 5.021313241167567298e+01 7.085774648443879187e+01 8.236104815942294977e+01 6.227075309907665002e+01 4.793728710645942925e+01 4.112608124853890956e+01 5.795770367733831563e+01 6.629983367556549467e+01 6.362278672448594818e+01 8.351548967553830494e+01 6.464359029797273593e+01 4.490682337678863689e+01 6.464359029797273593e+01 7.546198045695075507e+01 8.384519893378730160e+01 9.396269716629190327e+01 1.046467196885426461e+02 8.408568213386320167e+01 9.164277774273344335e+01 8.022726122527858195e+01 1.008781246049224052e+02 9.426321466132638704e+01 7.476349146844141558e+01 8.554267334098238962e+01
4.151945124339701465e+01 3.493505191111943020e+01 3.027527931049206344e+01 4.192853747081846194e+01 4.248324066568579127e+01 2.318499045472162479e+01 3.739034638160302393e+01 4.827514317601915650e+01 3.877848235987855219e+01 4.899441694848750473e+01 6.940793116531658313e+01 8.314977769981730660e+01 7.734273166952384315e+01 5.683540996980933357e+01 7.734273166952384315e+01 7.978596900379946533e+01 5.965293933174582719e+01 6.408940139449103413e+01 4.382947757152662405e+01 6.408940152937793755e+01 7.636059195358484430e+01 8.351548990663256689e+01 7.671512346160143636e+01 5.657795312066500770e+01 4.671296906119028591e+01 6.664701146001688414e+01 6.592978020987027321e+01 8.017865621415876376e+01 1.003413125537099262e+02 1.130447084729766516e+02 9.870087786626876891e+01 1.092816392316460536e+02 9.069076687439905982e+01 1.092816392316460536e+02 1.012208968855034357e+02 8.154159975727678500e+01 1.012208968855034357e+02
2.036774856628732877e+01 2.083486142580079559e+01 2.132155387476158026e+01 2.182772047397743265e+01 2.238449061628617187e+01 2.996908875868781053e+01 5.010058207600551583e+01 6.557831261552226465e+01 5.919959327628873780e+01 6.765907708625212535e+01 7.788838144664923391e+01 9.380452839168893320e+01 7.364302728232635786e+01 6.878361326285512689e+01 8.565233549331728113e+01 8.804032189922688190e+01 7.131632318795740844e+01 7.243436953533591804e+01 6.408940123328895311e+01 4.777881776826534832e+01 5.949956686386149585e+01 7.966716240517339997e+01 7.671398429679150865e+01 7.499344450440231924e+01 6.664703555022266812e+01 4.951926094584521110e+01 6.962818010783199441e+01 8.677047599994364191e+01 9.512552516914190903e+01 1.067697118155868736e+02 1.190012516556014361e+02 1.194493249466716094e+02 1.110654823354457221e+02 1.194493249466716094e+02 1.095396246244071392e+02 9.278660852067525866e+01 1.095396246244071392e+02
