MOVIE_S2_data/elevation_000051.asc
nrows	100
cellsize	150.0
xllcorner	0
ncols	100
yllcorner	0
NODATA_value	-9999
[rows 17 to 33 of 100, columns 37 to 73 of 100]
4.447589480704659337e+01 5.072297584660652348e+01 3.681339350760045903e+01 2.448556555252756795e+01 4.374231338277156311e+01 3.264065076019483769e+01 5.236920150882131253e+01 6.896236127930519899e+01 6.070875763457435426e+01 4.808185815613313707e+01 5.954476248979379704e+01 7.922441475264375299e+01 8.640140213206952069e+01 7.206623278442158664e+01 8.186031948101023659e+01 6.491340149236297918e+01 6.753525003171958474e+01 8.777183935577760110e+01 8.838361523441399470e+01 6.833057431307932461e+01 8.392212473435138520e+01 7.543314387991414094e+01 9.551828823375244326e+01 9.256318902487923594e+01 7.578250407231290353e+01 8.108046416303862713e+01 6.812015411452590286e+01 7.708308349953196625e+01 8.865258835293224138e+01 1.087272521852614346e+02 1.052132851123592445e+02 1.108035432158738303e+02 9.084850272630141887e+01 8.824915445284567284e+01 1.019067095646160794e+02 8.187038671679182755e+01 1.014187258661917213e+02
5.529104881995787224e+01 6.326345773280677065e+01 5.153889989032970220e+01 4.374102897876691287e+01 2.537443157234550029e+01 4.463102249550789935e+01 5.377608202402110038e+01 6.070875705285423862e+01 4.076578393953960955e+01 6.070875763457435426e+01 7.605327924489064628e+01 8.699545022249833437e+01 7.799833897190590903e+01 5.774509193375108396e+01 6.518906084098024678e+01 5.319692636228260341e+01 6.753525003171958474e+01 8.777183935577760110e+01 8.129379462497036002e+01 6.129615443355032767e+01 6.390453295538428335e+01 8.392212473435138520e+01 9.283159828154047943e+01 8.357726942024950745e+01 6.414721620308945660e+01 6.093440801234689985e+01 6.999726565856414595e+01 8.156774248606134847e+01 1.016297867224318736e+02 1.077966366309507009e+02 9.116679710492488198e+01 1.077966366309507009e+02 9.669319876684507165e+01 7.667598785041511178e+01 8.725699504721235655e+01 7.431777155825400882e+01 8.137922208457793261e+01
6.378636874579952121e+01 6.860689260749911966e+01 4.867938696924112918e+01 3.474602573529260496e+01 4.462975879608030283e+01 2.623576423308556116e+01 4.553321497519539207e+01 5.036873236519004138e+01 3.632251190619641790e+01 5.041695197862692623e+01 7.032164804353513432e+01 7.591746440085952941e+01 6.734811850908661768e+01 5.897611673418423806e+01 4.508014186793803901e+01 6.518906084098024678e+01 8.186031948100935551e+01 8.914198928725670612e+01 6.909974938418777413e+01 5.498292362980959780e+01 7.496998554162914274e+01 9.223185985841855938e+01 7.861224238679741916e+01 6.439288649205434467e+01 5.505535761671848149e+01 7.526479869815324264e+01 8.938464572283164955e+01 9.835083143645589132e+01 1.099294550962146104e+02 9.956243461753943791e+01 7.971680991504224778e+01 9.956243461753943791e+01 1.013966469165213624e+02 8.140015947571053800e+01 6.729066794233465032e+01 8.725699504721235655e+01 1.014187258661917213e+02
7.204937036082809243e+01 6.860690745350515840e+01 4.867938708912834755e+01 5.451601978007908400e+01 5.145100948459502632e+01 3.174356574199671854e+01 2.707243016504828148e+01 3.065599065585477945e+01 4.854343427760282736e+01 4.978025004759659566e+01 5.899510952171252853e+01 5.626737283959791824e+01 5.896730446406235870e+01 3.924586809662251596e+01 5.896987997682063565e+01 7.302199891860473713e+01 8.266992249680239979e+01 7.569854769895857771e+01 7.089014361318119484e+01 5.087680206667652527e+01 7.089014361318119484e+01 7.406780935678787614e+01 6.574749156083447588e+01 5.023226656823942449e+01 7.028957823275902683e+01 8.357726942024950745e+01 9.666685280224200483e+01 9.666685280224200483e+01 1.050293807565979165e+02 9.254594671552983698e+01 7.254684536737786971e+01 9.254594671552983698e+01 9.785799753976959892e+01 8.361165912445962078e+01 6.363398991597357224e+01 7.775710442689594970e+01 9.774580450245434804e+01
8.190671309324201843e+01 7.687204712880135560e+01 6.860690745350515840e+01 6.138566231143679630e+01 4.151659555161489834e+01 5.145112612264674823e+01 4.644587833076285222e+01 2.790375901988853968e+01 2.850725741587793749e+01 2.911232284412159643e+01 4.936574048411534932e+01 4.203225489433256001e+01 5.125085299184886622e+01 3.551496485216772925e+01 5.503669252827715752e+01 7.051330806877845703e+01 6.939562436668965972e+01 5.258317575451409454e+01 6.677537370873534428e+01 4.697575304269221874e+01 6.703431381005071898e+01 6.152927232024408255e+01 4.597378709312886969e+01 6.574749148284928424e+01 7.861220825906531218e+01 9.036003440007141307e+01 7.569068804354499491e+01 7.569068804354499491e+01 9.666685280224200483e+01 8.651599077770163149e+01 6.607468166941541199e+01 8.651599077770163149e+01 8.373387032432810884e+01 6.960973725157580816e+01 6.016571971167752508e+01 8.018551714188646429e+01 8.964368216777128850e+01
7.363999268177347801e+01 8.789996214669844221e+01 6.812134345003599378e+01 5.410474567502824783e+01 6.138566231143679630e+01 6.192396321050872388e+01 4.983145979234280532e+01 3.029056628637748005e+01 4.351871840854953888e+01 4.696473604775506772e+01 2.997970250844005236e+01 3.060659179288354537e+01 3.124368051148918113e+01 3.189165791174772835e+01 4.593105019816838563e+01 5.370160306296355657e+01 5.453550454878208598e+01 4.118004993149971682e+01 6.119172485711111875e+01 4.324369314411473653e+01 5.827862791182696611e+01 4.184096110898895660e+01 6.148291172021371409e+01 7.336098394812485424e+01 7.172709539677698842e+01 7.983998750712314063e+01 6.093105440162193531e+01 8.113377779958413782e+01 7.966205918633023941e+01 8.058271242323559136e+01 6.021976577588507240e+01 7.371019164484498276e+01 7.128148489263068655e+01 5.537814218596297877e+01 7.335807147592687727e+01 7.442964838662405214e+01 6.964959464684584134e+01
6.145487488006453702e+01 8.136925984743582774e+01 8.212995491708018392e+01 7.391436674378537930e+01 6.603612548358540835e+01 5.373378946014688751e+01 3.402799461524567448e+01 4.983146078739312657e+01 5.428296078677230696e+01 5.367521980836011153e+01 3.458903346090563247e+01 5.047730156744929531e+01 5.126913875297841372e+01 5.167780077040502107e+01 3.285126073471681707e+01 3.355826511865505779e+01 3.428128042065500836e+01 3.501951052114618790e+01 5.530189902012644154e+01 5.405934385861901603e+01 3.801322934111435359e+01 3.883782824866630534e+01 5.908793535713875400e+01 6.114138259770529515e+01 4.489302509124029683e+01 6.811211692611900048e+01 5.426436764373907806e+01 6.701171910033293955e+01 4.780316068209929625e+01 7.365996790710764230e+01 7.345539924335422199e+01 5.326294939382966476e+01 5.117101252953457902e+01 5.218049131988024669e+01 5.324793807239474575e+01 5.432111504583517814e+01 5.540290724882456175e+01
6.527639131213084056e+01 8.520440855306635797e+01 8.440538305966998678e+01 7.298943977302604935e+01 5.784003238614550213e+01 3.814718518066015918e+01 5.373378988906788578e+01 6.192410786666043521e+01 6.195044241687967457e+01 4.246479511338966972e+01 5.431361197192929069e+01 6.213944335297744459e+01 5.827292326957680046e+01 3.802155747709750244e+01 5.304830964385341474e+01 4.788177076620189609e+01 5.454174063162572139e+01 5.316871473018739636e+01 3.609367244385490636e+01 3.688173994351667773e+01 5.716500864107381830e+01 5.459597286860809362e+01 4.005304194822444686e+01 4.094007764948643313e+01 4.182727294830711173e+01 5.937800070156767163e+01 6.412098579279090416e+01 4.525819855197035935e+01 4.617861269320903972e+01 6.630942264380436768e+01 6.851803333835567855e+01 4.974697345227129830e+01 5.356725691327951466e+01 7.228972640745725187e+01 7.335405606232821185e+01 7.442949207708237225e+01 7.550572624181312165e+01
6.960614774078170797e+01 8.955833213728227804e+01 7.613677546283491893e+01 5.644214685322035052e+01 4.517626576545399786e+01 5.784003238614550213e+01 4.368236007765791129e+01 6.327368953264154072e+01 6.773201358678035433e+01 4.855671443428173717e+01 6.773201358678036854e+01 6.398674297355298535e+01 4.378537802666147627e+01 5.236283060592291605e+01 6.665635504535805467e+01 6.810778689029477562e+01 6.149461861229237769e+01 4.131019272180796520e+01 5.638372332280700050e+01 4.988560574332577602e+01 6.449716340167326223e+01 4.487999352707402778e+01 6.027697632745656620e+01 6.114150810750832221e+01 6.177769112163181120e+01 4.308345664391551111e+01 4.397283064436579281e+01 6.070667710850533183e+01 6.577610062256366064e+01 4.747976460010195154e+01 4.840023881837751674e+01 6.851819283816759310e+01 7.366131389058423906e+01 5.918697150666742601e+01 7.921605947370233025e+01 9.393258409693250144e+01 8.751760549487511298e+01
6.402037599186465400e+01 8.394656115162187859e+01 7.355252559036890148e+01 5.390542777136131036e+01 6.476607633359580518e+01 6.726365541919467717e+01 4.771689439286040368e+01 6.726365541919457769e+01 7.436718211308682669e+01 5.560009180427441322e+01 7.436718211308465243e+01 6.818975204810510604e+01 4.802781353813450238e+01 6.818975188545989852e+01 8.097071626628451213e+01 7.945537600333835826e+01 6.523247774502220864e+01 4.510503926058444790e+01 6.523246122824023985e+01 6.784723811164137430e+01 6.844014750563198390e+01 4.836907653493840087e+01 6.848143037657045795e+01 7.710631562650263504e+01 5.732703435463272967e+01 5.747470897619099617e+01 6.412116628990200695e+01 4.968852694803366887e+01 6.931379066197079908e+01 5.970209942820643079e+01 5.214422679250023407e+01 7.417000148318787467e+01 8.747490512963288722e+01 6.921816586572191454e+01 6.571053134763145920e+01 8.570305554089831901e+01 9.572804313627489137e+01
7.063018901410660533e+01 9.060474722037943707e+01 8.054698252895198607e+01 6.076367080099485918e+01 8.054698252895198607e+01 7.153453954754630217e+01 5.196288974498859403e+01 7.153453954754630217e+01 8.209192922330807107e+01 6.660281389224165594e+01 8.209192921437656310e+01 7.270107814737953333e+01 5.255801205008923915e+01 6.417567559512939113e+01 8.433953673474908896e+01 7.115236897922530090e+01 5.108001938012706944e+01 5.935801253605903582e+01 7.353799057861780852e+01 8.367112456181972391e+01 6.361110168788460584e+01 5.201219188907501945e+01 7.208946495560331869e+01 8.509151174417159780e+01 7.677467155470412763e+01 7.840312728677027110e+01 7.344368846038778997e+01 5.389116344904445555e+01 7.344368846038774734e+01 7.353857637806660819e+01 5.604092382608880030e+01 7.054952006230450934e+01 9.088686704944304040e+01 8.076688259170582285e+01 8.570305554110125001e+01 7.300179319848415105e+01 9.300845581984398791e+01
8.059882322882464223e+01 9.888425799430865482e+01 8.883254168298924469e+01 7.210416992656196555e+01 8.883254168298924469e+01 7.747757125202960538e+01 5.776676497107204966e+01 6.231078651626423692e+01 8.212646549270000662e+01 8.497350685168483153e+01 9.277786123328482404e+01 7.789615514996192758e+01 5.776835663787459652e+01 7.789615514996192758e+01 9.275827703655976109e+01 7.563355253051069838e+01 5.559331122096695310e+01 7.563318284866213048e+01 8.770403930239687895e+01 9.199551901570012546e+01 7.876977483436502325e+01 5.872884519807984560e+01 5.892216434282915571e+01 7.281948417787650385e+01 9.150968877833500414e+01 9.160773901100175465e+01 7.206328488197861759e+01 5.836973997445933549e+01 7.778772296178001966e+01 8.077701746298326668e+01 6.028949249218808148e+01 7.218874609231271222e+01 9.250858950213299181e+01 9.492468974561481332e+01 9.856185962621262320e+01 7.853877744899359925e+01 9.856185962621262320e+01
1.006106712119343030e+02 1.088848943434452821e+02 1.003734110404411837e+02 9.208007902320808569e+01 9.010668189783014270e+01 7.013830466632531113e+01 6.750567835521081861e+01 8.212646549271113372e+01 7.626471061167443111e+01 9.627799362581656339e+01 9.816075095791241267e+01 7.789615514996192758e+01 6.486919262824916643e+01 7.786684309107337754e+01 9.797747968206992653e+01 8.098549855012322496e+01 6.096346097872401515e+01 7.195245490344926509e+01 9.201255866430386732e+01 9.036649280235492654e+01 7.028038808074941812e+01 7.876977483436502325e+01 6.708754472236286404e+01 6.892174132497905248e+01 8.899246575022870331e+01 9.652317110012694457e+01 7.686144274362594331e+01 6.329020289892832096e+01 8.262022964939727387e+01 8.559871749050013534e+01 6.514197677267304698e+01 8.559871749050013534e+01 1.007443940965944478e+02 1.148261872160855717e+02 1.048895777000756198e+02 8.487957619525489861e+01 1.048895777000756198e+02
9.373092207834137923e+01 9.632127645687856443e+01 9.519936344105701664e+01 1.034804483931018098e+02 9.840357459940942420e+01 8.423215590318025647e+01 8.157412894109823753e+01 9.574820137873280146e+01 9.627799362581656339e+01 1.045702622935273070e+02 1.015311362336656202e+02 8.128739215916613148e+01 7.645368504480350680e+01 9.340929429424463137e+01 9.744231669450005029e+01 7.730449951234352568e+01 6.851440217170232927e+01 8.098549855012322496e+01 1.003350209184292225e+02 9.869226189590411025e+01 8.185770329194654948e+01 9.552311296788489869e+01 7.709389657746868352e+01 7.786862935194298529e+01 9.733270829630954779e+01 9.503223441645404534e+01 7.540713172007052378e+01 7.051505279535612658e+01 8.997564038044544077e+01 9.237458352062658662e+01 7.204698543024726121e+01 7.705029926007880192e+01 8.882532609536866630e+01 1.088200102132499296e+02 1.131011709266492318e+02 9.387768538163457777e+01 1.131011709266492318e+02
7.377081935972798021e+01 7.636060653868320003e+01 7.524044792306102636e+01 8.781001820588723206e+01 9.608767026533612921e+01 1.042890422266273021e+02 1.016337780908869632e+02 1.005631644321959612e+02 9.841372983514948203e+01 9.846914353066495096e+01 1.067195963220748780e+02 1.015311362336656202e+02 9.672061597788690790e+01 1.051529953134097752e+02 1.058878060712521147e+02 9.689422495101256061e+01 7.850857089909004571e+01 9.689422495101256061e+01 1.094050698647393034e+02 1.103063893416308474e+02 1.019897154290274415e+02 1.056023860988686067e+02 9.134555300759996044e+01 8.947763398904915277e+01 1.063343639591861916e+02 1.033358145342974126e+02 8.918256345604231683e+01 8.006789401649710669e+01 9.826119677304400568e+01 9.999630392287446057e+01 7.983112717605919784e+01 9.727607395542962365e+01 1.054844329692567015e+02 1.169775166263378310e+02 1.219915580860475330e+02 1.080039485653609290e+02 1.219915580860475330e+02
7.636060653868320003e+01 6.216126129907283371e+01 6.364280264934794928e+01 6.779807918804561950e+01 8.781001820588735995e+01 1.025692145609951922e+02 1.005631644321959612e+02 8.104109454278372482e+01 7.891134478214488013e+01 7.891378335369741137e+01 9.846914353066495096e+01 1.036173396652879291e+02 1.117497713927033658e+02 1.157780394634851291e+02 1.076297948525048582e+02 1.069496730479524160e+02 9.861793152516986538e+01 1.069496730479524160e+02 1.122932252143983050e+02 1.040051813551994400e+02 1.051063465591115147e+02 1.133951544315052473e+02 1.115321219341209940e+02 1.096332124319978618e+02 1.179637873849568024e+02 1.174890656131165940e+02 1.082114444533131774e+02 9.988338674439388853e+01 1.082114444533131774e+02 1.081864702333863590e+02 9.156956344954173233e+01 1.081864702333863590e+02 1.179140658492112834e+02 1.096197741052207704e+02 1.179140658492112834e+02 1.277873945052652545e+02 1.227644007562908683e+02
8.746330907478869676e+01 7.365944042167947714e+01 5.347677069886087509e+01 7.365944042167947714e+01 7.428394712453049920e+01 9.428676218211413129e+01 9.072349545064962228e+01 8.260161960602816578e+01 6.502331661008254571e+01 8.462346111485875610e+01 1.004977228548241612e+02 8.418799391386981767e+01 1.004977228548241612e+02 1.045112490543265125e+02 8.818015192216329012e+01 1.045112490543265125e+02 1.166913192274350166e+02 1.085740804920085480e+02 1.002903381144975441e+02 8.406530002802819013e+01 8.516271350208894830e+01 9.925147090868595967e+01 1.192412667603767602e+02 1.201074639948433713e+02 1.119404254021798266e+02 1.093848200875494854e+02 1.175504724802689509e+02 1.155050537564613364e+02 1.236737567509062501e+02 1.196504401337593890e+02 1.115074454805453001e+02 1.139122084776828103e+02 1.056273436939662389e+02 8.972841611596182076e+01 1.079489338199464896e+02 1.197704925452163565e+02 1.112420638587605737e+02
