MOVIE_S2_data/elevation_000645.asc
nrows	100
cellsize	150.0
xllcorner	0
ncols	100
yllcorner	0
NODATA_value	-9999
[rows 51 to 67 of 100, columns 0 to 36 of 100]
8.392818110607037224e-03 6.675059484752548400e+00 1.374612729527881250e+01 2.529312586092395065e+01 4.529010296465763474e+01 4.669813713457694604e+01 2.650005678378255070e+01 1.462260784223041021e+01 3.503677000693215149e+01 4.879608360296978020e+01 6.045152624197312008e+01 6.542009991708037830e+01 4.553995179224441614e+01 3.176639521921070042e+01 2.120167340672906064e+01 1.559175190864896976e+01 1.118782764805226648e+01 1.260175244037651510e+01 2.211428323077506164e+01 2.955916215580285566e+01 1.005407318941799311e+01 2.999669037791404946e+01 1.720408948924999848e+01 3.104971878217954995e+01 3.955240533932207825e+01 2.483407264850978535e+01 4.403853660836021788e+01 4.309121848218757123e+01 2.196411938829456290e+01 3.976186409732955696e+01 3.914474460619028662e+01 4.726252945150110918e+01 4.845215026642507894e+01 4.468346741047987081e+01 3.635174519787135949e+01 1.715602766224744613e+01 3.663996296766942606e+01
9.749586777120887796e-03 2.000974958677676696e+01 3.374551275184058596e+01 4.202564431982236215e+01 5.355842373083496000e+01 5.503154064109017440e+01 4.269317895393685802e+01 2.243622697460438786e+01 2.015333223348338265e+01 3.197024238755983561e+01 5.207960104023678127e+01 6.490183203029857850e+01 5.391665338495156590e+01 3.429347267614679851e+01 3.603110914144177457e+01 1.545696219625420120e+01 3.392222813792233183e+01 3.145521768976951904e+01 3.831215296119792413e+01 3.587054407869917583e+01 1.938165171631812456e+01 1.059173416199305606e+01 1.097648252255117285e+01 2.892658383582589821e+01 3.147740701226741322e+01 1.205473339682643896e+01 3.579746901635531486e+01 4.083474936165551128e+01 2.608520320541341775e+01 1.737731268463037893e+01 1.918938190766884944e+01 3.495506048791402520e+01 2.958715011053750032e+01 3.604227795003916412e+01 1.658387310351944066e+01 3.657450055580553538e+01 1.925012668700117047e+01
8.728394755072454644e-03 2.000872839475471565e+01 3.645292081049014143e+01 4.645684468375394260e+01 6.060331365817354765e+01 5.909258957303840276e+01 3.900749582575381424e+01 3.681061727571744058e+01 4.046535156244243581e+01 2.639627384981707081e+01 3.651276153007719927e+01 5.656357690410544592e+01 6.216905371970456429e+01 5.391665338495156590e+01 3.996977739780494687e+01 1.921895189649698210e+01 3.544794167187919243e+01 5.388080497900293864e+01 4.775580637283956520e+01 3.498328706790974252e+01 1.509184833995499986e+01 2.874567680187725216e+01 2.326560458862573100e+01 1.152833253016995840e+01 1.192422583695462990e+01 1.232681426002941372e+01 3.177532803713068432e+01 3.020097421245430525e+01 3.335795443276145988e+01 1.435207515788414412e+01 1.477442573670630743e+01 1.519199211019593676e+01 1.560407719875039056e+01 1.601164912077468117e+01 3.603257414749552368e+01 4.058593315268152679e+01 2.075543057971044547e+01
2.389047986999138715e-03 8.167354857270332502e+00 1.816735486337492489e+01 3.230949743738992908e+01 5.203531326767371468e+01 6.032440958676225051e+01 5.909258957303840276e+01 5.689494029506073502e+01 5.140331882188246482e+01 3.134318292338168277e+01 5.140331787839435407e+01 6.490040664970167938e+01 6.981726657902471800e+01 4.989819124101731518e+01 3.568948750110583035e+01 2.363085065548905561e+01 4.416038304010815096e+01 5.352798485753839230e+01 3.372563417689308807e+01 1.972608894606038277e+01 3.496343521600714865e+01 3.882114404322910417e+01 2.562872817629772015e+01 2.778511945905032121e+01 3.186699666484717497e+01 1.640578524960326945e+01 1.290838846073712887e+01 1.332798380541101579e+01 1.375393685008073952e+01 3.013194906244646987e+01 3.688414041303096269e+01 3.510993064328394553e+01 3.563794850562198491e+01 2.072009039052793966e+01 3.927464991051853360e+01 4.873339554683217756e+01 4.060604148367662702e+01
9.035844539165390626e-03 2.000903584453881123e+01 3.085406190696771844e+01 3.570443062230558695e+01 3.203475006659272850e+01 4.840159679925717739e+01 5.668431122557549884e+01 6.668340459979039281e+01 5.973080290701181383e+01 5.140331837228443135e+01 3.954719642915647171e+01 5.109881083709436211e+01 7.117064669734395466e+01 6.049617859418987820e+01 4.048897870790223408e+01 2.902098002323020154e+01 4.920691779630101337e+01 5.692543637198446760e+01 3.711506004185151397e+01 2.314009919042784702e+01 4.291738493108996977e+01 5.369928798651431379e+01 4.008063899805854646e+01 4.993254883396807742e+01 3.678213151959488414e+01 1.681645218290982768e+01 3.306499971406863381e+01 3.367773607556356552e+01 1.405465206342879725e+01 1.657041745549811651e+01 3.322529909619292710e+01 4.358113751124682267e+01 4.686686533328512638e+01 3.932897904172917691e+01 3.353299105412909853e+01 5.325074885210183595e+01 5.082389443510420790e+01
9.762552285145669959e-03 2.000971937380096932e+01 1.085409163467869575e+01 1.570480413540531295e+01 2.173503102696047762e+01 2.840169769362294616e+01 3.840169767729107519e+01 5.840149592122329381e+01 7.378254746122635765e+01 5.370079208306104590e+01 5.370079341918383875e+01 5.958266305358483095e+01 7.948980990992208717e+01 6.877140439591805432e+01 5.454672280355379144e+01 3.456711177276824998e+01 5.454677241001710541e+01 6.054457893600925900e+01 4.072171872457489172e+01 2.675318971093279785e+01 3.815407485361370732e+01 5.796628480894001001e+01 6.115317755221240503e+01 5.457681672022581409e+01 3.391342904430230476e+01 1.963236506980034690e+01 3.811161014651739976e+01 4.976265380793053339e+01 4.161429992339170525e+01 3.667864436778942405e+01 1.956073725070635305e+01 3.904084438472207808e+01 4.928153547673920798e+01 5.763154468062954550e+01 5.325311992490141222e+01 6.145960832748483682e+01 5.517717555051284961e+01
8.769847284209264732e-04 4.365234789448250829e+00 2.436523814063464144e+01 3.570478396167755619e+01 4.173496376404575159e+01 4.840159679925717739e+01 5.668431122557549884e+01 6.668340459979039281e+01 8.213642267215816162e+01 7.378254746122635765e+01 7.378294688947428881e+01 7.968337719730085666e+01 7.752990336297756357e+01 5.761811625082680877e+01 4.613904367155718944e+01 4.460092412299245979e+01 6.281171252874498379e+01 6.201389172872242739e+01 4.218474846307218940e+01 3.078428189508116830e+01 5.056553052649959312e+01 6.623355704611590511e+01 6.741972569746758381e+01 5.572185428583750877e+01 4.252854097765664676e+01 2.259913163164675609e+01 3.405139407127686724e+01 5.408878160754836273e+01 5.138107107642483129e+01 3.192945104564422820e+01 3.907878638094059198e+01 2.256489270414432369e+01 2.995049652243160310e+01 4.362478500588232322e+01 6.332307469985458681e+01 6.923038197542631167e+01 4.935614686873432788e+01
6.221065917130529088e-03 3.657704782618230066e+00 2.365770478261858401e+01 3.300292962086592752e+01 3.726694394797806353e+01 4.211765644870463632e+01 4.918872426056999103e+01 5.747299550602743778e+01 6.641726741513875254e+01 7.796427279699513235e+01 7.859833021213221116e+01 8.681262354162241479e+01 8.587744731669006626e+01 7.433010054543628087e+01 6.603320878820001383e+01 5.866023420818365253e+01 7.277039575311296460e+01 7.029023453405288535e+01 5.682964471253890082e+01 3.702077636128304761e+01 4.008806954861751848e+01 5.990939112624695895e+01 5.892809575993961602e+01 3.876591173589846306e+01 2.737951494046143353e+01 3.011340640348837638e+01 5.011847409191199887e+01 6.249270259954766260e+01 5.138107107642483129e+01 5.138107107642483129e+01 4.418011645284622801e+01 2.477644422623928122e+01 4.418011645284622801e+01 4.939428047946935862e+01 6.921313684447666503e+01 7.748626584121065264e+01 6.923038197542631167e+01
9.675647279733478462e-03 2.000967564727913484e+01 9.002929620866671812e+00 1.300292962086663806e+01 1.726694394797877408e+01 2.211765644870535041e+01 2.918872426057070157e+01 3.813299617056954105e+01 4.968000155436164533e+01 6.968000155435983345e+01 5.871907329937680231e+01 7.534303161581398456e+01 8.631663747824782718e+01 9.012766177795948863e+01 8.201356177903547007e+01 7.857300796956378974e+01 8.347559622010827241e+01 6.355408977194596787e+01 4.953093664214851088e+01 4.843848508737797687e+01 4.756186505461803193e+01 6.741205935358780721e+01 6.529762028747350655e+01 4.497869255870595140e+01 3.097911497077522469e+01 5.017312085243793263e+01 4.417862063285539875e+01 6.464512458220251290e+01 7.110072397756880491e+01 6.146923022355276345e+01 4.638922886730612305e+01 2.701868350332807012e+01 3.314487120674581888e+01 5.251258880859097644e+01 7.057597849837709703e+01 8.051346251232095597e+01 8.510355042256335878e+01
8.858006633845233110e-03 2.000885800663348846e+01 2.314506524459737236e+01 3.300292962086592752e+01 2.881394933177108442e+01 4.211765644870463632e+01 3.366466183249745825e+01 4.521166721628956253e+01 6.521166721628814855e+01 6.643594969456667343e+01 4.717768007406349540e+01 5.820208229514027209e+01 7.638424734367958990e+01 7.883289627198833216e+01 6.246093705634969950e+01 7.883289627198833216e+01 8.364613389591859516e+01 7.768380770228989718e+01 6.938896391916121331e+01 6.245956019720055252e+01 5.747119596103635075e+01 7.570071642929204359e+01 6.654746226630581418e+01 4.617645349880579886e+01 3.474843164778703652e+01 5.478625487072542910e+01 6.464512458220251290e+01 7.320406818419733952e+01 6.918166941974331507e+01 5.324193669377935123e+01 3.385955200093650319e+01 2.981129850086909983e+01 4.915221726171230898e+01 4.273553355282043498e+01 5.240601317943929871e+01 7.217327494928407816e+01 7.686254301416926182e+01
1.018086960643932535e-03 2.000101808696028982e+01 3.828676559111466560e+01 5.142933648691928283e+01 4.881394933177037387e+01 5.709822057710333354e+01 5.366466183249674771e+01 6.194893307739669552e+01 7.349593845942081316e+01 5.820206670883038669e+01 3.822701507531790099e+01 4.822772695839216794e+01 6.816015963747869932e+01 7.072485120936808300e+01 5.106804359381200697e+01 6.405545671725825230e+01 6.405545671281973341e+01 7.752900124318760788e+01 8.563720510412923659e+01 8.237337641372883468e+01 7.150450657311449731e+01 8.567077223383277840e+01 7.506496020659116652e+01 5.908401242319879287e+01 3.892577688908991007e+01 5.042154851255597237e+01 7.091715818450275322e+01 7.805457886692836666e+01 6.090104389603667556e+01 4.137407535742506326e+01 5.197212889978189310e+01 3.263978870552558220e+01 5.197212889978189310e+01 6.228964406436166001e+01 7.057597849942860080e+01 8.051346251251486308e+01 7.474597684905688766e+01
2.494342646960768899e-03 1.000249434264704718e+01 2.414462996637825043e+01 4.414462996637934822e+01 4.078184097103055450e+01 4.188008837743215196e+01 4.774207190215679475e+01 5.295858365973936799e+01 6.122603366611286901e+01 5.188539650543245330e+01 3.189900547919737761e+01 5.188539650543245330e+01 7.034555351444417681e+01 6.222185917832698721e+01 4.354102187502316212e+01 4.431112805449659220e+01 5.094988447877253179e+01 5.795414042028900781e+01 6.927910490043616676e+01 8.879856922597450364e+01 9.147224838945810177e+01 8.199549974667674235e+01 6.127009680242314715e+01 4.955232545899153251e+01 4.516514778125175411e+01 6.552114346254141708e+01 7.943983497140000338e+01 6.972342853110369276e+01 4.999597676597289109e+01 5.770270603106411045e+01 3.826937348201042255e+01 3.839558318285860850e+01 4.118573046709675367e+01 4.796890831997509963e+01 6.181779181996833472e+01 8.176624362122819889e+01 8.229658010359359821e+01
6.187401196855389120e-03 1.414832302492793126e+01 3.414832302492863647e+01 3.475124896496416227e+01 2.041898701242958580e+01 2.187511138046858150e+01 2.773396259809072362e+01 3.296494084696715277e+01 4.968967896755157909e+01 4.688843268628068017e+01 2.690312526222122358e+01 4.688843268628068017e+01 5.895948947076723812e+01 4.245550448109093367e+01 3.647571217395339005e+01 4.798382127210409465e+01 6.768635974367508368e+01 7.752900124318760788e+01 8.563720510412923659e+01 9.692262487694098638e+01 1.043408378856900782e+02 9.048302314812251268e+01 7.855689590804394129e+01 6.395796404484253372e+01 5.221957401763476270e+01 7.279601335748090207e+01 8.123503281339311854e+01 6.129634932433345540e+01 6.972342853110369276e+01 6.197008694840338450e+01 4.241449087548610919e+01 4.442233756086874763e+01 6.069850853992353024e+01 6.766055807838436920e+01 6.181779181996833472e+01 8.176624362122819889e+01 9.053050603002485275e+01
2.476637442850607596e-03 2.000247663744249493e+01 2.278319656745531674e+01 2.408245066471281248e+01 6.251828425106133125e+00 7.730272327231010543e+00 2.773071137012235354e+01 2.141359171292113217e+01 4.141524567692312786e+01 3.614509989669917189e+01 2.233491562140320852e+01 4.226105089142568261e+01 4.591473474415922595e+01 3.092610665381437229e+01 5.080974897816194158e+01 6.444463852555044525e+01 7.580092061736978337e+01 8.672104792702538134e+01 8.435335950582654618e+01 9.256235847591140953e+01 8.452055132363257428e+01 9.506509628897731545e+01 9.316900516634680685e+01 8.133027501520109581e+01 6.239666817279771038e+01 8.133027501520109581e+01 8.961604854737757364e+01 7.272907736897691677e+01 7.805281822626828614e+01 5.809387221313583183e+01 4.679575446964982888e+01 6.403453597041954026e+01 5.412214196784723441e+01 7.394692997299209480e+01 8.176624362122819889e+01 9.014727096170459220e+01 1.020367625232206166e+02
6.350445426094172667e-03 1.393100935989165512e+00 2.783197029702994207e+00 4.183477113730998731e+00 9.523297064646012444e+00 2.768896275025904785e+01 9.862297216302017944e+00 2.986710791970619283e+01 3.365184221721192159e+01 1.619888628161822197e+01 1.942356752583582136e+01 2.268321784373073058e+01 2.600332896331365973e+01 4.591473474415922595e+01 5.895948220954822716e+01 6.229300370503062823e+01 5.864855505506508138e+01 7.850894059115225332e+01 6.450870818873846702e+01 8.110950370490202488e+01 7.050956148900077380e+01 7.524826997849662291e+01 9.506509628897731545e+01 9.168540844444936511e+01 8.319535854216388771e+01 9.168540844444936511e+01 1.012663382486461074e+02 9.285438404838394888e+01 8.644146326010009318e+01 7.170121232654341270e+01 5.179634297157760159e+01 7.170121232654341270e+01 7.394692997299209480e+01 6.658612630401863441e+01 8.068689497727498861e+01 1.009202271115377840e+02 1.071739491718361279e+02
3.512071127920179947e-03 2.000351207094624684e+01 2.278319656743618893e+01 2.418347638795486887e+01 2.934318202987954294e+01 1.761804021219519356e+01 2.986732578662848425e+01 1.205108587554158817e+01 1.366744146967224793e+01 3.365186936990031796e+01 1.963284324008445125e+01 2.207124751581834943e+01 3.753378729909891121e+01 4.706410251249079124e+01 5.067674620742088365e+01 4.241934155736145584e+01 5.681109106199878767e+01 6.032388537160694142e+01 5.301771539280279200e+01 6.952427153857560427e+01 5.902795748822106248e+01 7.308062602824254839e+01 9.289759010367065173e+01 1.001387138622806106e+02 9.167923475604214900e+01 8.902759851497197019e+01 9.748787763252261129e+01 9.769154512949195635e+01 7.735795930519323349e+01 6.320040674227134048e+01 6.579836604326294491e+01 6.579836604326294491e+01 8.595194388024269472e+01 8.661310075340085746e+01 9.501354804937528797e+01 1.012258428119312299e+02 8.703135296223663886e+01
8.642982713123801772e-03 8.952914892712202644e+00 2.049992027650451476e+01 4.049992027627322955e+01 4.295669590392041215e+01 2.354546659309680479e+01 4.022132499968544295e+01 2.763592072299235625e+01 1.684010886403596530e+01 1.877119473304323449e+01 3.872606970220452638e+01 4.201946404091380316e+01 2.561841572733329642e+01 2.817524040350481584e+01 3.079968184319239199e+01 3.354154401242522709e+01 3.695166913380786866e+01 4.045249827825344369e+01 4.449009181519353717e+01 4.961947846621742997e+01 5.959693928313458144e+01 7.364725330686277971e+01 9.346454535764232219e+01 9.167923475604214900e+01 7.137601056720005488e+01 6.875409749384387226e+01 8.575736221474026877e+01 9.968108962041641519e+01 9.175051176100100747e+01 7.735795930519323349e+01 8.595194388024269472e+01 8.595194388024269472e+01 9.439159434581911512e+01 1.001501792513615072e+02 9.853269556665203766e+01 9.021396959770534352e+01 7.249500399055013133e+01
