MOVIE_S2_data/elevation_000367.asc
nrows	100
cellsize	150.0
xllcorner	0
ncols	100
yllcorner	0
NODATA_value	-9999
[rows 0 to 16 of 100, columns 0 to 36 of 100]
4.047028337263018118e-03 1.414618432883364285e+01 3.414657386703626685e+01 4.026473718984030370e+01 3.198018951494150031e+01 3.514246914966904711e+01 3.843043419214689038e+01 4.671488613618421937e+01 6.085758092746177539e+01 6.369994864727932082e+01 7.198520107686880465e+01 6.947348277921288684e+01 7.775897528944842918e+01 8.930689768071445656e+01 1.000060017705357325e+02 1.000060017705357325e+02 1.083151978943187430e+02 1.035452260934110740e+02 9.532970356182624982e+01 9.532970356182624982e+01 9.485121453988129758e+01 1.006294774522286843e+02 9.471476666349272477e+01 1.029421841279328049e+02 1.117808060734909219e+02 1.035941342478926970e+02 1.062030645041113672e+02 9.798349931023163606e+01 9.581196290706078855e+01 9.863175311648014087e+01 9.041064055260270038e+01 8.956026734350581364e+01 9.778154368299136934e+01 1.092429965951935174e+02 1.028866801856107713e+02 9.423208631540128977e+01 1.012220648044128950e+02
9.482596902220898072e-03 2.000931839013265190e+01 2.506307832144916503e+01 2.766687631937173819e+01 1.198017900129139157e+01 1.514245666145979818e+01 1.843043640756700086e+01 3.257257222095545757e+01 4.768075522811424349e+01 4.369987114167063424e+01 5.792641451534576902e+01 4.947337386772891676e+01 6.102038023285217605e+01 8.102063559833646877e+01 7.987573393080280937e+01 7.987573393080280937e+01 1.000060017705357325e+02 9.532970356182624982e+01 7.549210755257222161e+01 7.549210755257222161e+01 7.501204862871631462e+01 8.081901446114376597e+01 7.487412144386466650e+01 9.148138587859260440e+01 1.035941342478926970e+02 8.376678606137633665e+01 8.957408189226015338e+01 7.812600932159777756e+01 7.595352475887575849e+01 8.716723315305071651e+01 7.054952906012684366e+01 6.969871768235414322e+01 8.116828524936173039e+01 1.010239280722108077e+02 9.086429435883808026e+01 7.343796941914906995e+01 8.035133406028768377e+01
3.324160138653916522e-03 2.523087313533507903e+00 5.063089853537328544e+00 7.666868073153816354e+00 2.766687631937154279e+01 3.514246914966901159e+01 3.843045144001880686e+01 2.351044148757470964e+01 2.768072976871627944e+01 3.215286572371601181e+01 3.792636841561247252e+01 4.947337386772891676e+01 6.947348277921288684e+01 8.577175260032940685e+01 6.553979645037300372e+01 8.386351914428716725e+01 8.386365651042625302e+01 9.219473031288281106e+01 8.130240490124354835e+01 6.143028555061442830e+01 6.094863470153921270e+01 8.015587306553268832e+01 6.339344183430360147e+01 8.259823866452313723e+01 9.405974178193395119e+01 8.957408189226015338e+01 6.971963458298684202e+01 8.176992662870550532e+01 6.188571314684096336e+01 7.114136744947577995e+01 5.905138724339066414e+01 7.894382248601648655e+01 9.778154368299136934e+01 9.196270115576106718e+01 8.162662670685362798e+01 6.165222431090786870e+01 6.581299505526450844e+01
6.476169185215582824e-03 2.000647616918486094e+01 2.506309500814835545e+01 2.180900076813863109e+01 1.619489672737521957e+01 3.619489837111683528e+01 5.106976334260555461e+01 3.106973094776254030e+01 4.768075522811424349e+01 5.215289851560276446e+01 4.848280101828218847e+01 6.621142686428925117e+01 7.775897528944842918e+01 7.861871410921820313e+01 5.831414048310644205e+01 6.360443747659195424e+01 6.360443772916845973e+01 8.386366602566558015e+01 8.951866682299167621e+01 7.193459800165805973e+01 5.195027825863946447e+01 6.545084905224460670e+01 5.442054082837620399e+01 6.598122432629489253e+01 8.584087185045584079e+01 8.206980617812118339e+01 6.218324504224554516e+01 7.269519135568214097e+01 7.114136744947577995e+01 5.114192125051123838e+01 7.114136744947577995e+01 7.702511195375900854e+01 9.688739798806868464e+01 8.332304817042975742e+01 6.272786782107553449e+01 5.262653237491068836e+01 5.411342000799289309e+01
5.418514359027011389e-03 2.000541851435867002e+01 3.536060356193454624e+01 4.180834345449464706e+01 3.619489836176396125e+01 2.619489672662637147e+01 4.619490001560727421e+01 5.106976334260555461e+01 4.521186720733833653e+01 6.521197563934069308e+01 6.848295968494468866e+01 7.676854591728775290e+01 8.642595173199954672e+01 8.386359674281570165e+01 6.360443760809119595e+01 4.913809352556379650e+01 6.953821685194718327e+01 8.505654532724418004e+01 9.178767068095328341e+01 7.193459800165807394e+01 6.545084905224460670e+01 4.526755723436110657e+01 5.702635449731818795e+01 7.114477294870778223e+01 9.098628918575295188e+01 8.674657113187851110e+01 6.687491928232488192e+01 5.269705353268334136e+01 6.705899758881245987e+01 4.692518958007357810e+01 5.709288322423927298e+01 7.702511195375900854e+01 9.101606265262755358e+01 9.196270115576106718e+01 7.882658638071301027e+01 5.832153695787076941e+01 4.405495497703240915e+01
5.264502547137648453e-03 7.076332314412643321e+00 1.602060422441195797e+01 2.756760960820467687e+01 4.756760960820538031e+01 4.033703207743330665e+01 4.033703207743330665e+01 6.033704423853764354e+01 6.521197563934069308e+01 7.349736459186843263e+01 8.309050320217033914e+01 7.473799254305656348e+01 6.618181257995883016e+01 7.838449343421461890e+01 6.497661060123002130e+01 4.454165542412725642e+01 5.638552764600938616e+01 7.671224816408076208e+01 9.018468633844523197e+01 7.617055523937936812e+01 5.618697432552858118e+01 4.169328521198873005e+01 5.737102001898688286e+01 6.564887909174775871e+01 7.723221822240553536e+01 8.123516654277443649e+01 6.131390281166945755e+01 4.698494059417367197e+01 6.002085141976693450e+01 4.308340814345216074e+01 6.338308398422879009e+01 6.286650838095734883e+01 8.279172280401256501e+01 8.358545581846478001e+01 7.338203763730376750e+01 6.077061339139832796e+01 4.056081733773930864e+01
5.458922989205592172e-03 2.000545892298885065e+01 3.536060356193454624e+01 4.430487547211640020e+01 5.585188085588134754e+01 6.033704423853764354e+01 6.033704423853764354e+01 6.862181763207362906e+01 7.566479910209677939e+01 7.342908060331487263e+01 7.473799254305656348e+01 5.439436524695846487e+01 5.174519691206815253e+01 6.401028459784438951e+01 4.963607576147413880e+01 4.042865656867591895e+01 5.228268995667868069e+01 7.264690406046645421e+01 8.192362418358437992e+01 6.192585396698164146e+01 6.559297558962086327e+01 5.737148385621515700e+01 3.677906801010640692e+01 4.885894783784429762e+01 6.899982430794075583e+01 8.522548497671932921e+01 6.542304299364370479e+01 6.001557785627409203e+01 3.954428656774949502e+01 3.930607196645873813e+01 4.633801641371316293e+01 5.809162098515244566e+01 7.804013095348474849e+01 7.503006570130797570e+01 5.472583106974069977e+01 4.468892001322774377e+01 3.722193366638633449e+01
8.589772593009903194e-04 1.414299460099037553e+01 3.414299460100995987e+01 4.608786262698639291e+01 4.459483718642733407e+01 4.459483718644463579e+01 6.459485740174555701e+01 7.566479910209677939e+01 5.500758802304620332e+01 5.273797127154711006e+01 6.729631533442614000e+01 6.035287572805195566e+01 3.988266568956563418e+01 5.070312617440557545e+01 3.509382841844290368e+01 5.560662163679177894e+01 6.927730267273608433e+01 8.100185112205993221e+01 7.664783880585601139e+01 5.652075872543515800e+01 4.530276613857154899e+01 5.429965144010436262e+01 3.354159564948198380e+01 4.838438706524136990e+01 6.858705975538896382e+01 8.238266465091912494e+01 6.543152674889172715e+01 4.518598219577086184e+01 3.458893801496924425e+01 5.532361660402860792e+01 6.652285335332979344e+01 7.476390991631069483e+01 8.626608784766037274e+01 8.358545581846478001e+01 7.338203763730376750e+01 5.408645879395403711e+01 3.397321254816522185e+01
3.158951013565912836e-03 2.000315895071623018e+01 2.777543680299815776e+01 2.608786034380296570e+01 2.459483535772487173e+01 4.459483718644462868e+01 5.416864754004940608e+01 6.416895280467649343e+01 5.879825688454967292e+01 3.814429897304393080e+01 4.906188775283813897e+01 5.757897608852991311e+01 5.070312617223926566e+01 3.009684149026298172e+01 4.645252300064235840e+01 5.350214038273846739e+01 6.187762592082219015e+01 7.199886381367160482e+01 7.093800049322553036e+01 5.061373768422813413e+01 3.585213860952905662e+01 4.727086517133859900e+01 3.042181584761762281e+01 4.538569928709252821e+01 6.570281957222495350e+01 6.818968096242588217e+01 5.399577498044556734e+01 5.279016926105600049e+01 3.192132116732210889e+01 4.685007837498490346e+01 6.713081723993771277e+01 8.254588540549990228e+01 8.423225030468634600e+01 8.273031509890287793e+01 6.111118106364340719e+01 4.703206778780369746e+01 3.733401871162651986e+01
4.111938136589871236e-03 3.853113732734102737e+00 7.775436435497800503e+00 1.194572471663933300e+01 1.771922740853569067e+01 2.588419321781309534e+01 3.588419321786567906e+01 5.588420860521317479e+01 6.729631533442614000e+01 4.906188775283813897e+01 2.868776750984503821e+01 4.107050031499648668e+01 3.999812826969671420e+01 4.259904737013678755e+01 2.574811549161494995e+01 3.313887201208513034e+01 4.337168002152748159e+01 6.363263793607110586e+01 7.322087379067261281e+01 5.324064568052101265e+01 3.858283354166452739e+01 2.617061897057115516e+01 4.727319595757759174e+01 5.967042557807972969e+01 6.202875464932897387e+01 5.989506769410459697e+01 3.932663104470962168e+01 4.688560850985573580e+01 2.932196802076476061e+01 4.434449261821631438e+01 6.472396606631386362e+01 6.290062162752185770e+01 6.496269209233132358e+01 8.423225030468634600e+01 7.569074305501233368e+01 6.623927064223289563e+01 5.713232982626866630e+01
7.351428307265867393e-03 2.000735142830691160e+01 2.777543680325906905e+01 2.349273010049270738e+01 3.771922898734001706e+01 3.186136304115044027e+01 5.186136840119451108e+01 6.416890689202270437e+01 5.645431680835757504e+01 4.800042138224221588e+01 4.107050031373419330e+01 2.084705132096542712e+01 1.932717921486000634e+01 2.184400156910626833e+01 3.155027582427662836e+01 5.069967824685749491e+01 6.187762592082226831e+01 7.199886381367160482e+01 6.887614018573401609e+01 6.137257025987859294e+01 4.473279222366269892e+01 2.355002780031892229e+01 4.473279222366269892e+01 6.150856736477851427e+01 4.145265983155933753e+01 4.145265986113005141e+01 4.364278430053182234e+01 2.574498112478197243e+01 4.087516308049691816e+01 5.866014765641914863e+01 6.865458616989313612e+01 4.894071274539128069e+01 6.865458616989313612e+01 7.856504720611661696e+01 7.887915538379050417e+01 7.060010926835920486e+01 6.725324899381617172e+01
9.944443931579059412e-03 2.000994444393122507e+01 3.645529922094520714e+01 4.349273169153593699e+01 5.177704942697812385e+01 5.186136840119451108e+01 6.014576112209318381e+01 6.270699627718346392e+01 4.793507925945173298e+01 2.729427727080772925e+01 3.327611393762062164e+01 1.593367827967665917e+01 3.640418500701787252e+01 4.259992413004751910e+01 4.968865469648697086e+01 6.295440379219924409e+01 7.298364707365635695e+01 6.029245359087524037e+01 4.473188171751524322e+01 5.182959898661810172e+01 3.330042855011144809e+01 2.101674275903315348e+01 3.882292849151807701e+01 4.691056879323294027e+01 3.231254948810047267e+01 2.020425207507801346e+01 2.240874007403475332e+01 4.364278430053182234e+01 5.527593617561778672e+01 6.966061089293667408e+01 6.171363425916537437e+01 4.187122551949182281e+01 6.171363425916537437e+01 5.867344408603567274e+01 6.733568861554627460e+01 5.060355193877006741e+01 6.325100066791426201e+01
6.062025039522273874e-03 8.171027834316854310e+00 1.817102783431703017e+01 3.231316345804847856e+01 5.231316346228004477e+01 5.348433308085346738e+01 6.143805359421621404e+01 5.446041381498250900e+01 3.468468932734079857e+01 2.295836493665174061e+01 1.306770576012516294e+01 3.327612563734118112e+01 3.640418500432109283e+01 5.694196710900131109e+01 6.013776557952264312e+01 4.894401876024039666e+01 5.110386908051594190e+01 4.781527676655932169e+01 2.866304594831481367e+01 4.775814935731747113e+01 5.064135117711269629e+01 3.882270574362505755e+01 1.759592781345332213e+01 3.547270562019929940e+01 1.718431655246072509e+01 3.841717303444719533e+01 3.759298732182287495e+01 3.759298732368328899e+01 5.824828622716635351e+01 6.977024870457915995e+01 4.994165964981685590e+01 3.578555556861553555e+01 4.822207802592862436e+01 4.456379748899553306e+01 5.905509151125512091e+01 3.903442740688681312e+01 4.749614914547655786e+01
5.865714242623007793e-03 1.414800133797369774e+01 3.414800133797439941e+01 4.645529949485505483e+01 5.097376452908390831e+01 3.580592409073888405e+01 5.097376453125757223e+01 5.050843194101449996e+01 3.319901333396582999e+01 2.978016978917990443e+01 1.116253300293271167e+01 2.521246235010610448e+01 4.571430488957415861e+01 5.867187584129587208e+01 4.825854925193290512e+01 2.828349668556676377e+01 4.867231754192094684e+01 3.846585924460934081e+01 1.955924807085145645e+01 3.864268429965139973e+01 5.184538507570903221e+01 4.182871825845600711e+01 3.328481697931803751e+01 1.424350513679672936e+01 3.543766451111672211e+01 4.691057333637115079e+01 5.824828238586969320e+01 5.824828609448515238e+01 6.655720300597644723e+01 6.481960723122618617e+01 6.232362126934742008e+01 4.238102756409243455e+01 2.812464609690389850e+01 4.203001769800928145e+01 5.025458391921055323e+01 4.741456803030453671e+01 2.738239615571153251e+01
3.580119829443586393e-03 1.414572808742129340e+01 3.414700565873920368e+01 4.170341623203568560e+01 3.429396160548434125e+01 2.647077354824239492e+01 4.327749150572785197e+01 4.128207302057919748e+01 3.274843947115073917e+01 1.784649140417231195e+01 9.255539279923418405e+00 3.049460130925374202e+01 4.380785939747401159e+01 4.677873434570166467e+01 3.246554865266730872e+01 1.788491364063592926e+01 2.995559204565264011e+01 2.596017185367990265e+01 1.446404495757196962e+01 3.197848962184902888e+01 3.110955688413135789e+01 3.112734419186010371e+01 1.208432530203147870e+01 3.328481697930151029e+01 4.399567402937595517e+01 5.623101699793976849e+01 6.318814189705804552e+01 6.028178844954706506e+01 5.371710319680727963e+01 4.457128457936038757e+01 4.457128457933308141e+01 4.909424595003915215e+01 4.203000397822187040e+01 2.190044723411915228e+01 3.643502463989975126e+01 3.664281780173526926e+01 3.734865848877885952e+01
9.038799794707020815e-03 1.892735227369577444e+01 3.117326205152744834e+01 2.895134771044599020e+01 1.814017487051824418e+01 3.429061919708433948e+01 4.341987907101454169e+01 2.378882260517052671e+01 2.084654543156549167e+01 1.498735842809775320e+01 7.361534404260840603e+00 2.223709473084701216e+01 2.192356463545832312e+01 2.671963670846699301e+01 3.151300360381999965e+01 2.992537180139922626e+01 8.317099079175081400e+00 7.540627076993020594e+00 1.693450888895600315e+01 2.840967474577271190e+01 3.040151702268153855e+01 1.032213728415440457e+01 3.112731177369399660e+01 4.159946874248839066e+01 3.677764052546629614e+01 3.606426805439068772e+01 4.418045092646389094e+01 3.998676438669980371e+01 3.284413346007508494e+01 3.421025838105597927e+01 2.436715948798576648e+01 2.900144512688815013e+01 3.533887285648511067e+01 2.405202221200336510e+01 1.622036870772988237e+01 1.668379672234696542e+01 1.714448957695018905e+01
2.154417243255324355e-03 1.139357493712325287e+01 1.434672036820899343e+01 1.155309720566202003e+01 2.242372879574937272e+01 3.473820785150743973e+01 3.389250305145770881e+01 2.582361240918761069e+01 9.276862478487650776e+00 1.118561120530116781e+01 2.039511779949942394e+01 4.671940566079851642e+00 5.968115533359438452e+00 1.719399224194949127e+01 2.613569577424449975e+01 2.662545248284320110e+01 6.959706070789200005e+00 2.677598530191265169e+01 8.112068795465374293e+00 8.514444435765502917e+00 8.918401117255779553e+00 9.348838397551892498e+00 2.988940367361597339e+01 3.079916097540020559e+01 1.356527077924378943e+01 2.407053931610227338e+01 4.408374786354650610e+01 3.766430435030504498e+01 1.372143362100585584e+01 1.366123007448245019e+01 1.413029415754953000e+01 1.461232187158774920e+01 1.509250745798830806e+01 1.556363802626277959e+01 3.579206445530297742e+01 3.689780121011747838e+01 1.986761698016436029e+01
