MOVIE_S2_data/elevation_000739.asc
nrows	100
cellsize	150.0
xllcorner	0
ncols	100
yllcorner	0
NODATA_value	-9999
[rows 17 to 33 of 100, columns 37 to 73 of 100]
1.789003255160891115e+01 3.685468413385219577e+01 1.906297127496699417e+01 1.947572379686584298e+01 3.923967433798468107e+01 2.191354474127816943e+01 3.748665316745262999e+01 4.733301104309490626e+01 6.679898306470907698e+01 6.481980665288548948e+01 6.423462194835006756e+01 7.211154132631871505e+01 6.151896141797712403e+01 6.151896141797833195e+01 5.350012215844291319e+01 7.247289659869160516e+01 7.357021863683814900e+01 5.812061130404713083e+01 3.835070879124545229e+01 5.811631597423100004e+01 5.740741277318082325e+01 5.682294787368387290e+01 7.236609464078905773e+01 7.054621996430449826e+01 5.956614337305457951e+01 3.977801677561267013e+01 3.925410519522159092e+01 5.901132682988581024e+01 5.835360080948355943e+01 4.687887647036529160e+01 7.158473052491548572e+01 6.915260898182162919e+01 6.915260898188506644e+01 8.955298694128481429e+01 1.014198990411755119e+02 8.964728447596672822e+01 6.906632282679638024e+01
1.897336868483404970e+01 1.848003531324740578e+01 2.714320093525158839e+01 2.460167550119862057e+01 4.684996462223805480e+01 4.181368248080413963e+01 2.380399992991558022e+01 4.372275454202448230e+01 5.396413655415688737e+01 5.687660459136383651e+01 6.597440553157237275e+01 7.470954250006569453e+01 8.068837876342671223e+01 8.056963991066118069e+01 6.680871707850427299e+01 8.056963991207622655e+01 6.515378274047671425e+01 4.526325794344963072e+01 4.966132270839675300e+01 5.224165679181671607e+01 7.231607423781981936e+01 7.570319740517643936e+01 7.055057003349990907e+01 5.026563493309270569e+01 4.376062820882023630e+01 5.956681387678894879e+01 5.901087804704825146e+01 4.144156819860611307e+01 4.306831038428098424e+01 4.476787967717448424e+01 6.484034369464160363e+01 5.468805686586848225e+01 6.240987452825994808e+01 7.267188408265343469e+01 9.303899182233480758e+01 9.809954519373991388e+01 7.828457634927053732e+01
2.035580832452530231e+01 3.821976390501449572e+01 2.524107954956882338e+01 3.545146256970199516e+01 5.778203878217054523e+01 5.202103763694014305e+01 3.787588764172308231e+01 2.573902357398528906e+01 4.566247112699396382e+01 3.639082221188204613e+01 5.530489519337632487e+01 5.463246803928882400e+01 6.885040397904705856e+01 7.782745171625801106e+01 8.614742299644565549e+01 8.546074771713141160e+01 6.515303853788080346e+01 5.113326565463577111e+01 6.372241530405203491e+01 7.231582801172446295e+01 8.075586249098817859e+01 8.232830993997414737e+01 6.192802875373148908e+01 6.720092642643717795e+01 4.701442221524463605e+01 6.720112388247032698e+01 6.901147815110230965e+01 4.878018789873045336e+01 6.308399778942357017e+01 6.484035274405090377e+01 4.719525257925529615e+01 6.740226694665416574e+01 8.285543795243309262e+01 9.125594084268564643e+01 1.014198990122766304e+02 1.072634787728544126e+02 9.284329070630209912e+01
4.133947967041986971e+01 2.411588899171971079e+01 4.116262620506175551e+01 5.007086184317953581e+01 6.623018201421750462e+01 6.616618763215691956e+01 5.248104565260582177e+01 3.278074322140295749e+01 2.773139897531696718e+01 2.914878008827029277e+01 4.906615411280937167e+01 4.056734552118984993e+01 4.943953420448865188e+01 6.356827430193246187e+01 8.372336726268088114e+01 9.161612048568782996e+01 7.120506674883199594e+01 5.808653010408296780e+01 7.837958381456353152e+01 9.241627182634999826e+01 9.671860737569595301e+01 7.636674609423815241e+01 7.255097374957649947e+01 5.217953833736772395e+01 6.122871255594859718e+01 7.563264117944002862e+01 6.901185540397128193e+01 6.303962386211431834e+01 7.744079267412385548e+01 6.935411067451826739e+01 4.902963433837000196e+01 6.935411067501253513e+01 8.096749351894838753e+01 8.936718674293162223e+01 9.115419337348672002e+01 1.114275459436578330e+02 1.133170243443613430e+02
4.775987472757559971e+01 4.389040880944754974e+01 2.790303995306460294e+01 4.075252034450603844e+01 5.963783456702091001e+01 6.638683676629305808e+01 4.672107837778937522e+01 4.672107837778937522e+01 4.765386494910439552e+01 4.907225226404339224e+01 3.119246390959079207e+01 4.525571824100643425e+01 6.524500109290657690e+01 7.782745171665432338e+01 8.086837048761726976e+01 8.915001435799247531e+01 8.684345850438626258e+01 7.838029324957800270e+01 7.237668567582004187e+01 9.287428407731023583e+01 1.050750231561018779e+02 9.671606206522670846e+01 7.648632705357348982e+01 5.603781354081301203e+01 7.648632705357348982e+01 9.003656980293141032e+01 8.938688781678206396e+01 8.343009778995484282e+01 8.495993732081740291e+01 7.226784146100037276e+01 5.178108769971814240e+01 5.273869161945935247e+01 6.048413857016446116e+01 7.078081358796494271e+01 9.115419337348670581e+01 1.029327026418458360e+02 1.112935674105976176e+02
5.598926881533327560e+01 5.016576660267797649e+01 3.051916520270085798e+01 3.775294816052634417e+01 5.770836200895623591e+01 7.467992819729300891e+01 6.638683676629305808e+01 6.638683676629305808e+01 6.264385811532677906e+01 3.634450646364937398e+01 3.271712915537997901e+01 5.262127799293023145e+01 6.336349069890363239e+01 7.756987823458445064e+01 6.078458970367275782e+01 7.756987823458476328e+01 8.418844395120112267e+01 9.255430374463175269e+01 9.287428407731023583e+01 1.013102313329524122e+02 1.052646629721201776e+02 8.494580404589574130e+01 7.051474780343761495e+01 6.060781441163620542e+01 7.245076483728780659e+01 9.278426717351408115e+01 1.012121675704238584e+02 8.946665302736805359e+01 7.654006691722470634e+01 5.595279576407998690e+01 7.226784146101522310e+01 7.322575840414982906e+01 5.692925038831323548e+01 7.746116397135696729e+01 8.857010955398055785e+01 8.262092870614054618e+01 1.029327026418458360e+02
5.434711709272465896e+01 3.451341105480871363e+01 5.016580466691482343e+01 5.770832280626013500e+01 5.174359680379576076e+01 7.210857308931026921e+01 8.157324119727888956e+01 6.995374061942948174e+01 5.694936941546714593e+01 3.701994419087897370e+01 5.262127799293023145e+01 3.520042413263389847e+01 5.504577327011289611e+01 5.974067489389913277e+01 4.928269842646956533e+01 6.927299424143208739e+01 6.400951620245407980e+01 8.418844395120112267e+01 9.441637552679344481e+01 9.662760579530035443e+01 1.049865350606343952e+02 9.930178621023004837e+01 8.613984798417233435e+01 6.575931255198693748e+01 8.613984798417233435e+01 1.011561095415346756e+02 9.282909138322457920e+01 7.244165017349800451e+01 6.049055553050020961e+01 7.654006691722470634e+01 8.495993738030735187e+01 8.164164964684820802e+01 6.116153608291258337e+01 6.332679132919632536e+01 6.820543051401935486e+01 7.733672778271396453e+01 8.749943498104714479e+01
5.142720845195783852e+01 3.742667826133886422e+01 4.542477752817242020e+01 6.564776160459851440e+01 7.210857151383228825e+01 8.063006883703764061e+01 7.321491138639638052e+01 5.310836687039110160e+01 4.157524696759051608e+01 5.694936941546714593e+01 5.893561160123167042e+01 3.908417381604502339e+01 3.794434201742113544e+01 3.988008163830736663e+01 4.184778149824834514e+01 4.988412257018926255e+01 6.991978117800496761e+01 8.676580037246816346e+01 7.417929535408650565e+01 7.639330748816531980e+01 9.562814932873055795e+01 1.057424644791155686e+02 9.177610250883307685e+01 7.145429781860244134e+01 9.177610250883307685e+01 9.775589024354401602e+01 7.739068622601769221e+01 6.550027041320899457e+01 8.105839357476710916e+01 8.946665302736869307e+01 9.772122141376127047e+01 7.740138232561422171e+01 6.559606439563188474e+01 7.781576264210009697e+01 8.857010955398055785e+01 7.998235702752687359e+01 1.003011976665301717e+02
6.083326299408180660e+01 4.075379631058690677e+01 6.083579929744096404e+01 5.962668158612504499e+01 8.018394748060229915e+01 8.112940023789741417e+01 6.096891262099799746e+01 4.681676410365417240e+01 5.571293664424455017e+01 6.995514110321225587e+01 6.300018305244262251e+01 4.308795320614914459e+01 5.778375299278419419e+01 5.386337036927574218e+01 6.174025790469370634e+01 4.487092613541858555e+01 6.481812188075653580e+01 6.655616643312369263e+01 5.991773764235166766e+01 6.702846171248491203e+01 7.713486115953513433e+01 9.738297120134882334e+01 9.819337459146447600e+01 7.790017844533721814e+01 9.819337459146447600e+01 1.061319248908023241e+02 8.970562698977541061e+01 6.925130836352103358e+01 8.109825051980376998e+01 1.014635162329582982e+02 1.060932541466254122e+02 9.078035698196818259e+01 7.045471340265207516e+01 9.078035698196818259e+01 1.065147942931878760e+02 9.172283231596874487e+01 1.086681905575196510e+02
4.610084557580092479e+01 5.221009112148815490e+01 6.931441510364570036e+01 8.018394748060229915e+01 8.870956525877309673e+01 8.508896411432057505e+01 6.489907064312204454e+01 5.072868437367766603e+01 7.081255352940205228e+01 8.419734556217980526e+01 6.726178678945140632e+01 4.727311798701735057e+01 6.726178678945140632e+01 7.392987089035310078e+01 7.316342177790519941e+01 6.481809025001038549e+01 4.797229786951731256e+01 5.237906815370975266e+01 7.247589248356780445e+01 8.725891618044195752e+01 9.562814932873055795e+01 1.057424644791155686e+02 1.065571725177751858e+02 8.698775571605551704e+01 1.065571725177751858e+02 1.055257104567968156e+02 8.514595054505750227e+01 7.331557918813354036e+01 9.375944359679421325e+01 1.098332501375244021e+02 1.073549120572401989e+02 8.705531073320345570e+01 7.723875414663268657e+01 8.705531073320345570e+01 1.073549120572400000e+02 1.120194626583412543e+02 1.203587584459227884e+02
5.013380976765095198e+01 7.050109336436761964e+01 7.252808678096400286e+01 9.279733927586278242e+01 9.462339655901411106e+01 7.439781104979039128e+01 6.014970043978782854e+01 5.625532196863857592e+01 7.639955989456031205e+01 8.613288787570910188e+01 6.595653133556351122e+01 5.179656303378962434e+01 6.595653657959360316e+01 8.613385564248089565e+01 7.772440552553351267e+01 5.755666741661922714e+01 5.053047835795691611e+01 7.059396156013265511e+01 7.247653241518499101e+01 9.269720041069376748e+01 1.063648033309669501e+02 1.147127866598613224e+02 1.156075443373664768e+02 1.013504826786233650e+02 1.156075443373664768e+02 1.138883309599988536e+02 9.936276039527604098e+01 7.882976071201640877e+01 8.427061805238585634e+01 1.046557751474380353e+02 1.157068430454898191e+02 1.047402422106984829e+02 8.440644255741540292e+01 1.047402422106984829e+02 1.157068430443673179e+02 1.299253196227858496e+02 1.215778114741101632e+02
5.720156639422108924e+01 5.798713392549528578e+01 6.980095825823862299e+01 9.060964091473792337e+01 9.311366541248722228e+01 7.288786790956899608e+01 8.032174789197367204e+01 6.444165170038104407e+01 6.896849256264631833e+01 8.918663752080911422e+01 7.724955269411226766e+01 5.710632762692593190e+01 7.724955269411226766e+01 8.940453201126521776e+01 6.917396052183093502e+01 7.346830693616838914e+01 5.334851987072080703e+01 7.346830693616838914e+01 8.612861271128905116e+01 9.356721182323978780e+01 8.613005877412493305e+01 1.004506607133696576e+02 1.206428066481789045e+02 1.215231177415699904e+02 1.254742870227519660e+02 1.052217959939997911e+02 9.073125701879406790e+01 8.744721534381496042e+01 1.046557751586927765e+02 9.871341697106630875e+01 1.190018968877392922e+02 1.131000961818958785e+02 9.616064618883579840e+01 1.131000961818958785e+02 1.224354936067395556e+02 1.140740753405517154e+02 1.012967607084609512e+02
6.630281954650702403e+01 6.475172787453475109e+01 8.550367070251661517e+01 9.916350355031609354e+01 1.014743741962971342e+02 8.719025461806548094e+01 9.301774085920142454e+01 7.452994344999507348e+01 8.918663752080911422e+01 8.918663752080911422e+01 8.333750861810993626e+01 6.314604307798838789e+01 8.333750861810993626e+01 9.776924873471097044e+01 8.084948889070540190e+01 8.183929155174435266e+01 7.346830693616838914e+01 5.758926553814158211e+01 7.777108066436844069e+01 7.332474750927765683e+01 9.183313981725937936e+01 9.706202199840330991e+01 1.031694319288244515e+02 1.103279413660230830e+02 1.186666922944979348e+02 1.195040693818677795e+02 1.052217959939997911e+02 9.854592572549684348e+01 1.167383539557262111e+02 1.190018968877392922e+02 1.273282833377144101e+02 1.247865879817857149e+02 1.164601883307707908e+02 1.148307679885189998e+02 1.107343839554237803e+02 9.377374553760925835e+01 9.112994850113088319e+01
7.826726689869589393e+01 8.550367070251661517e+01 7.669719882223596130e+01 9.146886062699643105e+01 1.121749541512909190e+02 1.074140440878874898e+02 1.031290530132326353e+02 9.476864900351121435e+01 1.031290530132326353e+02 1.094018914949258772e+02 9.168950726429220310e+01 7.479708507816587826e+01 7.742100066479565612e+01 9.762122236088954708e+01 9.517084717104368963e+01 9.785107251818591578e+01 7.773110279920031473e+01 6.579870821553753046e+01 6.252769008393524786e+01 6.682540573279405294e+01 7.158849319746551032e+01 7.681064839155234836e+01 8.291344474872693127e+01 9.008061910109914550e+01 1.017936899455244770e+02 1.219859456087074676e+02 1.254742870227519660e+02 1.164555722631081238e+02 1.282898834953151948e+02 1.208419367199066983e+02 1.124776606552809426e+02 1.137103063817273778e+02 1.053363070813628610e+02 9.454565767389652819e+01 1.023536744641846639e+02 8.207971689451552777e+01 9.064849960379712002e+01
9.908848433770322117e+01 1.060152229125641128e+02 9.753353500856051994e+01 1.060152229125641128e+02 1.075238426458617198e+02 9.919076059442481608e+01 1.075238428041468808e+02 1.082553145776751933e+02 9.992392917171311240e+01 1.047495982424880623e+02 1.033435546766490489e+02 9.500394413275196825e+01 9.762122236088954708e+01 1.059580138637954434e+02 1.153833024042539392e+02 1.000322627450070172e+02 8.005193551578287270e+01 8.590403787089637433e+01 7.419183316381855775e+01 7.850469838682369073e+01 9.183313981725937936e+01 9.113639993799631611e+01 1.031694319288244515e+02 1.103279413660230830e+02 1.186666922944979348e+02 1.303073420010461518e+02 1.324715747201307465e+02 1.390126566426573334e+02 1.267984442268754464e+02 1.065457978761167084e+02 9.216757342730134894e+01 9.963243363185867452e+01 8.507327694184262157e+01 8.022997303162129867e+01 9.717670886107526940e+01 9.064849960379712002e+01 7.047062740694219940e+01
9.579663324839305005e+01 8.740312039568929947e+01 9.579663324839305005e+01 1.090843754337159481e+02 9.732745884292019412e+01 7.868411414809371252e+01 9.732745884292019412e+01 9.648820103435161855e+01 7.943189065113922709e+01 8.434932539878968782e+01 1.047495982424880623e+02 1.059847021593556775e+02 9.766249228060972598e+01 9.877352806452060463e+01 1.070936803664925492e+02 1.082831517592829584e+02 1.000322627450070172e+02 1.027940119728008455e+02 9.443378765309275025e+01 9.875014476350906989e+01 1.071058148176260403e+02 1.113677391421351217e+02 1.119664210665328170e+02 1.119664210665328170e+02 1.200352697254623280e+02 1.289915959139240158e+02 1.142488540059978277e+02 1.279769542484948062e+02 1.241233980865661692e+02 1.038556939212469388e+02 8.947290023146703675e+01 7.936205273038180508e+01 7.379800274302382945e+01 6.861828522535037678e+01 8.284282265079622221e+01 8.652970868897877210e+01 6.637098599940031818e+01
7.791460349805326757e+01 6.720326989655707450e+01 8.568735268688605800e+01 1.007556178087345984e+02 8.028592883780433453e+01 6.807875108287484522e+01 7.960914927872194369e+01 8.692652589040575606e+01 6.720362360232593346e+01 8.809284521561558279e+01 9.693226740507405736e+01 8.858222168098622262e+01 7.735838996575888871e+01 7.848180149873824973e+01 9.287314512762785057e+01 1.130183125739618362e+02 1.126065809478720183e+02 1.044448182119936632e+02 1.034137529175858958e+02 1.034137529175858958e+02 1.115856443432720084e+02 1.060641739943205408e+02 9.209307826317844103e+01 9.209307826317844103e+01 1.119664210665328170e+02 1.201099732536513613e+02 1.019374592990689763e+02 1.084647494010483513e+02 1.279769542484948062e+02 1.181612266913894587e+02 1.080183692219805209e+02 9.963243360005175475e+01 9.401044149852748433e+01 8.284282265519134114e+01 6.268769649778504061e+01 7.735729212355822426e+01 6.249551762527386245e+01
