MOVIE_S2_data/elevation_000335.asc
nrows	100
cellsize	150.0
xllcorner	0
ncols	100
yllcorner	0
NODATA_value	-9999
[rows 0 to 16 of 100, columns 0 to 36 of 100]
4.047028337263018118e-03 1.715060735842053674e+01 2.993225193349089253e+01 4.083649922507978403e+01 4.911975755218396955e+01 4.680398988657582038e+01 5.508680288668706737e+01 5.385003727100230719e+01 6.213282480130594365e+01 6.321883896478311726e+01 7.150203885166882856e+01 7.240389387222172957e+01 8.068761166922635653e+01 9.531426363021049042e+01 8.932456435000912620e+01 8.932456435000912620e+01 9.778590384059741325e+01 9.835309215778892167e+01 9.018594351414155597e+01 9.018594351414155597e+01 9.271293516429447834e+01 9.199699581062529319e+01 8.944214780787044106e+01 9.765097964978527045e+01 1.070156723574605877e+02 9.872895670572968640e+01 9.639247906290819401e+01 8.806758311905632297e+01 8.585782809873960275e+01 9.256767104864162832e+01 8.423029422866051164e+01 8.266146834202274363e+01 9.100462658701539453e+01 1.011181719531113856e+02 1.148085728655516959e+02 1.065196702756596920e+02 1.091145116733445377e+02
9.482596902220898072e-03 2.658549204073018757e+00 2.266329595815966158e+01 2.083355731931117205e+01 3.220608535202492106e+01 2.680410905230437280e+01 3.859124221950262523e+01 3.385444003632142795e+01 4.689344906281118597e+01 4.322440140887497506e+01 5.826519323438910192e+01 5.240875167586561645e+01 7.240389387222172957e+01 7.495477879516909070e+01 6.900261872996138379e+01 6.900261872996138379e+01 8.932456435000912620e+01 9.018594351414155597e+01 7.098534230726764349e+01 7.098534230726764349e+01 7.346333549364864268e+01 7.243830243870276320e+01 6.991821199209707061e+01 8.632912466370257221e+01 9.872895670572968640e+01 7.847433159456704743e+01 8.440677393923536442e+01 6.777097713167144377e+01 6.554639008664207722e+01 7.888738403671187882e+01 6.390701845934756165e+01 6.233187614945205723e+01 7.251274591229424971e+01 9.281019077175130860e+01 1.032839913716376401e+02 8.657922870692729589e+01 8.916354941347141505e+01
3.324160138653916522e-03 2.000332416013829828e+01 6.507663366434545793e+00 9.281395580951826929e+00 1.219929293421396288e+01 1.525051852454649648e+01 1.858610872198820374e+01 2.230328598201838020e+01 2.689536453541011696e+01 3.224282355410307588e+01 3.827246991528460995e+01 4.981447198807387622e+01 6.980909313715658016e+01 7.495477879516909070e+01 5.477754856972111952e+01 6.857417835656822547e+01 8.887602922357167756e+01 9.018594351414155597e+01 7.098534230726764349e+01 5.768389284478200096e+01 6.012516759755986584e+01 5.896448857977794944e+01 5.896469410687697632e+01 7.816999815238945359e+01 9.275990701767545943e+01 8.440677393923536442e+01 6.406361458069538628e+01 5.729399133741203798e+01 5.118282257575543071e+01 5.857900044125836558e+01 5.218131677823674153e+01 7.249667224573744306e+01 9.100462658701539453e+01 1.011181719531113856e+02 9.500705096819194750e+01 7.510468117747919337e+01 7.510468117747919337e+01
6.476169185215582824e-03 2.000647582561654048e+01 2.651340678609942358e+01 2.928779474603312849e+01 2.634801282464293593e+01 2.680410905230437280e+01 2.753627382395451662e+01 4.230557382495196350e+01 3.495633379167196608e+01 4.638102087994438705e+01 5.826519323438910192e+01 6.654818167254603622e+01 7.809273365560861180e+01 6.857417835656822547e+01 4.843666944078796632e+01 6.857417835656822547e+01 7.768960929723640163e+01 8.782768366777419544e+01 8.466921723252836784e+01 6.814547248276619484e+01 4.942825758254976165e+01 4.825830429907356489e+01 6.708181065619807271e+01 6.523795845826069240e+01 8.458270283591747329e+01 9.274500197601375362e+01 8.440677393923536442e+01 7.762572081972199101e+01 6.452832911600724231e+01 4.422482780733822949e+01 6.438888660609308090e+01 7.186732924833397362e+01 7.987712105704042642e+01 8.869774471672994309e+01 1.000831711709178649e+02 8.351641241201237165e+01 6.358297999750323726e+01
5.418514359027011389e-03 2.000541851435867002e+01 3.374299898108007767e+01 4.202727022854227101e+01 4.634872349699580951e+01 4.094739196955591609e+01 3.908412933952936896e+01 5.581755464138954181e+01 4.650112322622082672e+01 6.323468826002798693e+01 7.465853846092083757e+01 7.783386226471560576e+01 6.941633675348079180e+01 6.337469591224027710e+01 4.326845503959171424e+01 4.912017405108773005e+01 5.915287912545090876e+01 7.938175533037458820e+01 8.456790562413176815e+01 6.513675090458632155e+01 6.140331818423761945e+01 4.267910014473630298e+01 4.987306149423970680e+01 6.313460122089841775e+01 8.243577913802054979e+01 7.915178522684858820e+01 8.748770647312774429e+01 7.546103061314467197e+01 5.514796010804941062e+01 4.077466026990092729e+01 6.109752071227133996e+01 5.147643885142706210e+01 6.054680438241187801e+01 7.219468585417259021e+01 9.198148604638350889e+01 7.894336938607864340e+01 5.894589519559539070e+01
5.264502547137648453e-03 6.671931169213833002e+00 1.374299898107937068e+01 2.529000436487208958e+01 4.529000436487279302e+01 6.094306800721127360e+01 5.907886627700805349e+01 6.736191042946852292e+01 6.649574890475270195e+01 7.477914338749843637e+01 7.091661523332315653e+01 6.251322408178123879e+01 4.924715913281525559e+01 5.294827218608342179e+01 3.843092652025019618e+01 5.849821621506138314e+01 7.768960929723640163e+01 8.782768366777419544e+01 7.888212025337671207e+01 5.947674575299519972e+01 4.618012003530027698e+01 3.911216987113810006e+01 5.377464548084821416e+01 6.172310173289766766e+01 7.580722895177724752e+01 5.887649426025217991e+01 7.580722895177724752e+01 7.130031386384612802e+01 5.784420369970772668e+01 3.748632928451968382e+01 4.130415740852304651e+01 4.850459391498300477e+01 6.285906657807263542e+01 8.303420829512560886e+01 8.887456734139740888e+01 6.893279907676981111e+01 5.469998447991969215e+01
5.458922989205592172e-03 2.000545892298885065e+01 3.374299898108007767e+01 4.202727022854227101e+01 5.357427561233499347e+01 5.581542661296138164e+01 6.409969800149033858e+01 7.474817409882422226e+01 6.635176027814337374e+01 6.635176024716145093e+01 6.251322408178123879e+01 4.239972561930017747e+01 4.829083292557573515e+01 3.291586933803785797e+01 4.146322192362945458e+01 5.479414391627964420e+01 7.460337111639709917e+01 8.315851448354071351e+01 7.504148818519971087e+01 7.326040793580492050e+01 6.513849628229458233e+01 5.377464548080575213e+01 3.493093707613670063e+01 5.377464548084821416e+01 6.744584053188071948e+01 4.713879554200689626e+01 5.659126840586746710e+01 5.097128287255066681e+01 5.097128287255066681e+01 3.426253617458168321e+01 4.871147959722001985e+01 6.876822877559784786e+01 6.285906657807264253e+01 8.303420829512560886e+01 8.503677224949738900e+01 6.505911759166762920e+01 5.076131285352735745e+01
8.589772593009903194e-04 1.414299460099012506e+01 3.414299460098941097e+01 4.995756230706833634e+01 4.167329098900781048e+01 3.581542661264715832e+01 5.581542661296138164e+01 6.635176027814337374e+01 4.621722917632690297e+01 4.621722917632558136e+01 6.048270163741691618e+01 4.829083292557570672e+01 2.828652126779472553e+01 4.829080879526424752e+01 6.039038308398264832e+01 6.059613223312900487e+01 8.067967644941283822e+01 7.200407252351853060e+01 5.583582331599605197e+01 6.616723243301389346e+01 5.519728565514735408e+01 4.727625487499282997e+01 3.209068243830956391e+01 4.549035121345904997e+01 6.439026608233892546e+01 5.659125913708779620e+01 3.621259971659046073e+01 4.748864050175590279e+01 3.051539064174099281e+01 4.236845695336150897e+01 6.272285633211507871e+01 7.741918693785247285e+01 8.303420829512560886e+01 9.125280450988860537e+01 7.897089271567449487e+01 5.893458461244222235e+01 4.719360956627435399e+01
3.158951013565912836e-03 2.000315895101321217e+01 2.825688312393893042e+01 3.272901907896729767e+01 2.167329098891570638e+01 3.322029637270863134e+01 5.322029637292648374e+01 6.515336438405415720e+01 4.502891113589216587e+01 3.207343411046098680e+01 4.961270877015152081e+01 4.126308646103015576e+01 2.528367212343106729e+01 3.942440094866754663e+01 5.951491204127052725e+01 6.025105444097680873e+01 6.887382192739904951e+01 6.345308609095330610e+01 4.496347650931840434e+01 5.817685665061208766e+01 3.929646054342700978e+01 2.819260079356017812e+01 4.727625487572203156e+01 5.895970096612487765e+01 6.288161736861027151e+01 5.180353163071197287e+01 4.310109042973866877e+01 2.699594862563643360e+01 4.748864050175590279e+01 5.937696065504265874e+01 7.111023868900070966e+01 8.412016937519918258e+01 8.412016937543165795e+01 9.247292663909831845e+01 8.723964435546206175e+01 7.429939572119234015e+01 5.420650907814349040e+01
4.111938136589871236e-03 4.086594842775237879e+00 8.256883123916770373e+00 1.272901907891638729e+01 2.427602446270910619e+01 4.427602446282950410e+01 6.150456773963063029e+01 5.908673324774680680e+01 3.897921152903084163e+01 2.496374329940977077e+01 3.746077791239972754e+01 2.114447083924074633e+01 4.126308646101183086e+01 5.366694772176742134e+01 5.682107373217849755e+01 3.935170012013502117e+01 5.681293291715060434e+01 5.545132658534116388e+01 3.647562474897862472e+01 4.651192748664980314e+01 4.477026786344568876e+01 2.556102862156665978e+01 3.922243280636116936e+01 5.816454136397668861e+01 5.475130057879459144e+01 3.552782718772333936e+01 2.382140477538444401e+01 4.430968241837422994e+01 4.748864050175590279e+01 6.783926978477867920e+01 7.824537386900986746e+01 6.401782130270449045e+01 6.401782130270449045e+01 8.412016937539033279e+01 8.993189450739230040e+01 8.256717175175715795e+01 7.098259128779474736e+01
7.351428307265867393e-03 2.000735142830691160e+01 2.825688312361625520e+01 2.427602446270910619e+01 3.272901907934384269e+01 5.256029579185449307e+01 5.978903045831881258e+01 4.973370327177790529e+01 3.897997905439648747e+01 1.873500656942547593e+01 1.715234026988126814e+01 3.746077791239972754e+01 3.758556634368527227e+01 5.776725416849981798e+01 4.817854247728323003e+01 2.757037364121703149e+01 4.817854247577157167e+01 6.345308654640756174e+01 4.651192748664980314e+01 2.730735708627324243e+01 3.896011221433193583e+01 2.297229945985185751e+01 3.676937479260082853e+01 5.578886697827564234e+01 5.398068612504591357e+01 4.215963612990590548e+01 2.168685826642897041e+01 4.215963612990590548e+01 5.568023637955475635e+01 6.584300814332486596e+01 6.990566273536587971e+01 4.993295926237836824e+01 6.990566273536587971e+01 8.411574356331300351e+01 7.041312522566487075e+01 8.411574356331300351e+01 7.815776551758098378e+01
9.944443931579059412e-03 1.415208006766265392e+01 3.415208006766335558e+01 4.427602446361520805e+01 5.256029634839228493e+01 6.101329171605959090e+01 5.141650866819361454e+01 3.134899223311239425e+01 2.119563774237098741e+01 1.319052690655301951e+01 3.375275914319929171e+01 4.580743625047094980e+01 5.775994983128298088e+01 5.821917637037137183e+01 4.089051426223273467e+01 2.045335757380474817e+01 4.089051426222326313e+01 5.783943873043828887e+01 5.377896656171571266e+01 3.896092561059244730e+01 1.935787730711070509e+01 3.896065994627155504e+01 5.025571653444096398e+01 5.400529082171263440e+01 3.351275027846681098e+01 3.720407843588176178e+01 1.963505674291019432e+01 2.682953360487285011e+01 3.709834882407294998e+01 5.745897812463694976e+01 6.358973933477728480e+01 4.365086871009430780e+01 6.358973933477728480e+01 7.613213826440041032e+01 5.654839922194919666e+01 7.613213826440041032e+01 8.589872865797963186e+01
6.062025039522273874e-03 8.950333935039322952e+00 1.895033393517328335e+01 3.309246999010338897e+01 5.309263047196959207e+01 5.963041063052978785e+01 5.978834891646409488e+01 4.973370327177789108e+01 3.150914044919066725e+01 1.085165343136729277e+01 2.559103084625586177e+01 4.579672090228324777e+01 4.149296024957393314e+01 3.797733364868073380e+01 3.471687284435089538e+01 1.470146810824401484e+01 3.471124199330860449e+01 4.004097517914552640e+01 5.079718039432266607e+01 3.674807362016323964e+01 1.703387359951405600e+01 3.119660342960122890e+01 5.035655005932997597e+01 4.289462450100612756e+01 3.447847501067871434e+01 1.698989946486715041e+01 3.717045917506118968e+01 4.727609745748242176e+01 5.568023637955475635e+01 6.584300814332486596e+01 5.805969161076090757e+01 3.808949674837325006e+01 5.805969161076090757e+01 6.873057230018164887e+01 4.911786472563343864e+01 5.979288161076977559e+01 7.838795374821999928e+01
5.865714242623007793e-03 1.414800133797369774e+01 3.414800134145897914e+01 4.723536000403180424e+01 5.252839703558046125e+01 3.666211431322133762e+01 5.233054318050449183e+01 4.398035647826890937e+01 2.340455407362516027e+01 8.746783769390681584e+00 2.828725658681841892e+01 2.719860091397418245e+01 1.990012000370480649e+01 2.640581940215026790e+01 1.782074734127773397e+01 1.065344210207298836e+01 2.903055042001246733e+01 2.633969229708925042e+01 3.863226148441758312e+01 3.429785519476578770e+01 1.476870190747068357e+01 3.485507696108609821e+01 4.235435490232644185e+01 3.252292488561097628e+01 1.462932170383678532e+01 3.437801037393424508e+01 4.550653270674294504e+01 5.631915244775860430e+01 4.792328526713366443e+01 5.630896570074596497e+01 5.306714287647425010e+01 3.293736951267361945e+01 5.306714289515985428e+01 6.219327612591040122e+01 4.232237831338618861e+01 6.219327612591040122e+01 6.875095718794916877e+01
3.580119829443586393e-03 1.972577722822333612e+01 3.551148638215748576e+01 4.803090712305406385e+01 4.204851511002244990e+01 1.960546393252059616e+01 4.186751803960256524e+01 4.439505886916322197e+01 2.834590085644982338e+01 1.254940913617788389e+01 6.186874563794159343e+00 5.052283492573563350e+00 5.452294015088222423e+00 5.851665319130081144e+00 6.250207353906537477e+00 9.391506907176372820e+00 1.964985860740825174e+01 2.694668892989789200e+01 1.364168169542683806e+01 3.037005219125485667e+01 1.256980230059162018e+01 3.120127436637944740e+01 3.030382884676425803e+01 1.237788574824262433e+01 2.423050571938188469e+01 3.665074075204812232e+01 4.953714272214956793e+01 4.264053870673655666e+01 2.824901741681771838e+01 4.587891021178613471e+01 4.214458274440929131e+01 2.802022343574579821e+01 4.844905616218488120e+01 5.007262870201250138e+01 3.651808491019233571e+01 5.700087850407353329e+01 5.961378207995689138e+01
9.038799794707020815e-03 1.116849302437201352e+01 2.136140997253007967e+01 3.460516891308356691e+01 2.908149829343029324e+01 9.415188806227252627e+00 2.481011751360824746e+01 2.457043767761388509e+01 3.118271472993450999e+01 2.139843469663963305e+01 4.485702442604183382e+00 6.618738130590514857e+00 2.308492675967307406e+01 2.496470823405536521e+01 2.555421668547463199e+01 6.814246914312336756e+00 7.212446196710935453e+00 7.609974135948373686e+00 8.007055509444423791e+00 1.559727046452273136e+01 2.724878562576344265e+01 9.542591120731522381e+00 9.960504988328096942e+00 1.535158393733202509e+01 2.859160808267912657e+01 3.121188104752356907e+01 3.192764765010205252e+01 2.432894043846706467e+01 1.991133687053559242e+01 3.573093984744858886e+01 2.141452480039554018e+01 4.214457430708820596e+01 4.342790808346501308e+01 2.880998293231755980e+01 5.007262870184950287e+01 6.333363635865027419e+01 5.386428560700570500e+01
2.154417243255324355e-03 1.276446586896431512e+01 1.025401185299780060e+01 1.913054040157955527e+01 1.694971912082468224e+00 2.078172349533946139e+00 7.979667519245287721e+00 2.236407956514393192e+01 2.340649171221966540e+01 3.937901785679188471e+00 2.360381104915110484e+01 2.637216430990668314e+01 9.671244920150451563e+00 2.808867621892505184e+01 3.698574951615827899e+01 2.281228698787554166e+01 2.777547102852878069e+01 1.469997362593039369e+01 1.860201654022689510e+01 8.569472225441780111e+00 8.968983705271000417e+00 1.535437636380208914e+01 2.732833890567179580e+01 1.057376974741571196e+01 1.100883346903854587e+01 1.145430123504521625e+01 1.189891672380362486e+01 1.482003202666923691e+01 1.313083732312911067e+01 1.607430933274522289e+01 3.615227694082802401e+01 4.334407094372051716e+01 2.224876210468376669e+01 4.094533257864119236e+01 5.013915631095132142e+01 4.856977880067343278e+01 3.984308276364394885e+01
