MOVIE_S2_data/elevation_000400.asc
nrows	100
cellsize	150.0
xllcorner	0
ncols	100
yllcorner	0
NODATA_value	-9999
[rows 17 to 33 of 100, columns 0 to 36 of 100]
9.533491951124807226e-03 2.000953349195076925e+01 3.822685910521229857e+01 4.591661953196158663e+01 3.592786650202243948e+01 2.721727179545568021e+01 9.148845718878213518e+00 5.102833119818331653e+00 5.484677164677213668e+00 1.715147270379416256e+01 1.666400093354824463e+01 8.233702206718897187e+00 2.491713507325675181e+01 3.086295552975037282e+01 3.617845925575002752e+01 2.906269920985183575e+01 1.150136602346810122e+01 2.346697000470217986e+01 2.866347050464937851e+01 3.008940287364144339e+01 1.407233214777499519e+01 1.518755502726338236e+01 3.387250708584762293e+01 4.073542368348718412e+01 3.992698164145800632e+01 4.421767958655111386e+01 3.182069763544534879e+01 1.878906769881055894e+01 3.871727443393045576e+01 3.376930535984119786e+01 4.801266672018851267e+01 6.807579185979287217e+01 6.892297720975135178e+01 5.428123787408853929e+01 3.332616514472465497e+01 5.450649397776626870e+01 4.730023498105174440e+01
1.329665511360111864e-03 2.000132966548953206e+01 3.831795110398113025e+01 3.749382534100389108e+01 1.794170703782367937e+01 9.868800019164597259e+00 4.563626588931141370e+00 2.442655242604722687e+01 1.414236983241709389e+01 2.559295866392866614e+01 1.908300911326272598e+01 2.560091286362694518e+01 1.421678026158446961e+01 2.773174834197460825e+01 4.443912531705701241e+01 3.555958934347645339e+01 2.207649307804407712e+01 1.501093176288064868e+01 2.830916038029302584e+01 4.261143217745996736e+01 2.847592360089018726e+01 3.404058279095958994e+01 1.796688972414157348e+01 3.677870231579245797e+01 4.758749086642395554e+01 5.853498525980987921e+01 3.771740992567815454e+01 3.871726221631674747e+01 2.118785361495656261e+01 4.114244562319461096e+01 5.159982741874267020e+01 5.990963590686437357e+01 7.025200310553981353e+01 6.348615926588264813e+01 4.387909584238705918e+01 6.348753434779222005e+01 6.907109013588156188e+01
4.760174870478865901e-03 1.000477068033413097e+01 3.001280433270228798e+01 4.578088799142188492e+01 3.553474642690484586e+01 2.373328271309076243e+01 4.183398941051524211e+00 2.011368577922257117e+01 3.168606872679445274e+01 3.957255978521037321e+01 3.831453318068732017e+01 3.056962505568679944e+01 1.861062446099253620e+01 3.649357349683991458e+01 4.909962802335374477e+01 4.393906644151849150e+01 3.518124568750339876e+01 1.753805982620313841e+01 3.657183724278896619e+01 5.437330033210386659e+01 5.066662495398542632e+01 4.476331066557982297e+01 3.677870231580136107e+01 2.081518916092656113e+01 3.957637538078460437e+01 5.055329419806404445e+01 5.858323050262793430e+01 4.938469451538659882e+01 4.114245270729546888e+01 2.364595577733789966e+01 3.236274053181737997e+01 4.341926400329583657e+01 6.074519420316564577e+01 7.385497792845340825e+01 6.609732856457557659e+01 7.527154593045611364e+01 7.911062799456855998e+01
4.522672674103187483e-03 2.000452267263927908e+01 3.825492049336186540e+01 5.184643275535317741e+01 3.811729114390920614e+01 2.516878043364275541e+01 1.613258802271610648e+01 3.645976238860941354e+00 2.142969005736258481e+01 4.768833977037012062e+01 5.525724143774804986e+01 4.412879370632706610e+01 3.135862388810837231e+01 2.450799245056492381e+01 3.667496197478310904e+01 5.465267151536888690e+01 3.923809582634871163e+01 2.009995212779342921e+01 2.852473501389147259e+01 4.202810577787182922e+01 6.181592511429697367e+01 5.309178642219725219e+01 3.397811290224549907e+01 3.957637541391675029e+01 2.371905678019454200e+01 3.744790118984727201e+01 5.687048787861376553e+01 5.708863498373525402e+01 3.700862339902941045e+01 2.543164173647183901e+01 4.549544803413744631e+01 5.639780476591126757e+01 6.725545752732172389e+01 7.537106545411586467e+01 7.766252369985639348e+01 8.573129636795495401e+01 8.144336034607893282e+01
8.979627706787422434e-03 2.000897803759224658e+01 3.385063706287503749e+01 3.379764020161899651e+01 3.340355360504142368e+01 1.527004100316909962e+01 1.395336084604485372e+01 3.266377775312750753e+00 2.826780126119596659e+01 4.181140048594279079e+01 5.021373870431811781e+01 5.689896354807083156e+01 4.616527884965333328e+01 2.874607300208074179e+01 4.616527884944964910e+01 5.516773926422127516e+01 3.926372215525407938e+01 2.278483743270709638e+01 4.191713988552859860e+01 4.760914603508462051e+01 6.689397394994053059e+01 6.119699652859413419e+01 5.309178590713325008e+01 4.465515941945756140e+01 2.578632478376459858e+01 3.679116195650903620e+01 5.554541329293344631e+01 6.525533895884416324e+01 5.372385357501534031e+01 4.549544803412703686e+01 2.805247034892655478e+01 4.818214519439001009e+01 4.731579554495651507e+01 6.152767913994495785e+01 5.790145557440570911e+01 7.666766622080511695e+01 8.649254972223161531e+01
6.790954771729373202e-03 1.991835111218032850e+01 1.475922635752438339e+01 2.153806852115273074e+01 2.017444262914163389e+01 2.218032544125717465e+01 2.730607006185237662e+00 1.659235965755472009e+01 1.315277117970343390e+01 2.081464484345255528e+01 3.315293719135411976e+01 5.363986522554304059e+01 5.088714959608557820e+01 3.321919433311380487e+01 5.088725259192666073e+01 5.108545840065453802e+01 2.679024970627387248e+01 3.297260054311036725e+01 3.688431263681158612e+01 5.642346504850446109e+01 7.328965092971432682e+01 6.282577578745836178e+01 5.505623783436895025e+01 4.686559479709406162e+01 2.788796917662104136e+01 3.651009286078640770e+01 5.009642359207102658e+01 6.900817673861736523e+01 6.233640926006969352e+01 4.231925714795219307e+01 4.818214526154815047e+01 3.081026557431168555e+01 3.604463527904681541e+01 4.148652835611902390e+01 4.865192249117880152e+01 5.870358272932547550e+01 7.843574583792604926e+01
6.689336105942520969e-03 1.899430268872295358e+01 9.020505519474358636e+00 1.443723116219370661e+00 1.820090550167879684e+00 2.196865581047372729e+00 1.831995830398454217e+01 1.056444929467944860e+01 3.044400952834181240e+01 4.181149154107048815e+01 5.021373878151181458e+01 6.198907134921061868e+01 5.635020095397056394e+01 3.823127452888748223e+01 5.635034100228602938e+01 4.893724963919213167e+01 2.966059971582259536e+01 4.652763868625971355e+01 5.452769820979825965e+01 6.478663957142370577e+01 6.553146360017819916e+01 4.673682164001385075e+01 3.578036367349358926e+01 3.241350535451746850e+01 3.101446483632130224e+01 5.014675625221114785e+01 5.579000922806906004e+01 7.485264933871091841e+01 7.047635340458054998e+01 6.233640926007067407e+01 5.315866033986418415e+01 3.299346903568685008e+01 5.315866033986418415e+01 6.152767913994495785e+01 6.856966428362575527e+01 7.666766622080511695e+01 8.649254972223161531e+01
7.711933663051398317e-03 1.855958934771404145e+01 9.120193419638753518e-01 1.977913733184938394e+01 2.179487524960557820e+01 1.946652480077994296e+00 2.469435336462458253e+01 3.040578973585749623e+01 1.946446378049947157e+01 2.834024737936775296e+01 3.980363656141131656e+01 5.969578874732061990e+01 6.295689555765751777e+01 4.427161543533826915e+01 6.295754273242868493e+01 5.734297253863771715e+01 4.893724963230754810e+01 3.396479904416278828e+01 5.364064088771277028e+01 6.833857057707058402e+01 6.062702366832258605e+01 4.128538256757337876e+01 5.505637821034569868e+01 5.159082145914368311e+01 3.430584885966599273e+01 5.354838963078377390e+01 6.727424950378875224e+01 7.858178259314365732e+01 7.844479316524437706e+01 6.857330831169207386e+01 5.537918177281370902e+01 3.523887529187287981e+01 5.537918191280390801e+01 6.766346805567775391e+01 7.779048894724718366e+01 8.585407837121118746e+01 9.831089426561436539e+01
5.464868864810172588e-03 3.806951037456157705e-01 9.352610564356313105e+00 2.875456700578074276e+01 3.283872433870431706e+01 2.472298046603171429e+01 1.488343957206852330e+01 3.463774179743133885e+01 3.092407315481001717e+01 4.756238848995592150e+01 5.645377343253194624e+01 6.794790032951775061e+01 7.106177083899802938e+01 5.480132015490548980e+01 7.106177083899802938e+01 7.024046680469697890e+01 4.990991514829135411e+01 4.022165580880258773e+01 3.973675192456428107e+01 5.984660299999546140e+01 6.476269478493809117e+01 4.536464452561043714e+01 6.476268677979166455e+01 6.166528398098505903e+01 4.283932016035227264e+01 3.980203198699453537e+01 5.088408235271888458e+01 7.038712575232378299e+01 7.036169509109328146e+01 5.052405113987322238e+01 4.042267507654825920e+01 5.537918191280390801e+01 3.945308516503503427e+01 5.951832480876133502e+01 5.804594683214303785e+01 7.779048894724718366e+01 7.888813785986211258e+01
5.889614652278742785e-03 7.575784467529381949e+00 2.344575149620566634e+01 2.388737342655821649e+01 4.457397507240037271e+01 4.284654879127388938e+01 2.463137952791743857e+01 4.317946174861550190e+01 5.078906413408358134e+01 5.900006660078364007e+01 6.487799665978214136e+01 6.645273390737249031e+01 7.471242160232068841e+01 7.409982220067689695e+01 8.227982240855975249e+01 7.874712089527182002e+01 6.755324089628740580e+01 4.717977630346632623e+01 4.431390855246722538e+01 6.463665631507065257e+01 6.923161691301370979e+01 4.975199672041727439e+01 6.923161691301370979e+01 7.037362545980691664e+01 5.394712855466107726e+01 5.912703846560824417e+01 4.618139515444437393e+01 6.559986008838407656e+01 7.844479316524437706e+01 6.440573980802052745e+01 4.448780746281118326e+01 6.440573980802052745e+01 5.951832480876133502e+01 4.384126022765147468e+01 6.382898932623363919e+01 7.477469760264533249e+01 6.497246370351822975e+01
6.299055471926359555e-03 2.000629905547157250e+01 3.388765427763264881e+01 4.443863325411599163e+01 5.291898067075975121e+01 5.348005212015286247e+01 4.498069806910024937e+01 5.350486014502263288e+01 5.596530671350918595e+01 5.902332705774545474e+01 4.490786498916471459e+01 4.648428950561994100e+01 6.318833493085460873e+01 7.211647176352505539e+01 8.363339702006294374e+01 8.053174205804437236e+01 6.001092986334883506e+01 6.755324089633622009e+01 4.931219874697861627e+01 6.974470711870286266e+01 7.412761953516155700e+01 5.454356168085327283e+01 7.412761953516155700e+01 8.170623196998532478e+01 7.350251844167087256e+01 6.470028703677095905e+01 5.096730436900839578e+01 7.047737814647841503e+01 8.243699127459679232e+01 6.287364067170619109e+01 4.879710211374753470e+01 6.860361297072215336e+01 7.195001260167705937e+01 5.392229433007535988e+01 4.889973753915113974e+01 5.497679904459847222e+01 7.477469760264533249e+01
4.664899311792800908e-03 9.997900681348584229e+00 2.410262550537108339e+01 4.406077324662402361e+01 5.943513632473048602e+01 5.358244133652070218e+01 5.695018193752157742e+01 4.966158834630265062e+01 3.598508708908355658e+01 4.531710883848840155e+01 3.076961405657914028e+01 3.493988015959106974e+01 4.388323002011307494e+01 5.542280876881170570e+01 7.537613086806655360e+01 8.905469577700669959e+01 7.449265431087560785e+01 7.521926327253973454e+01 5.473500347810854549e+01 7.521926327253973454e+01 8.233998731881280264e+01 6.833741113933338340e+01 6.322213388331399386e+01 8.295028306838459287e+01 9.265498208433621130e+01 7.614308270273836854e+01 5.651650819262314940e+01 7.614308270273984647e+01 8.695233517842025606e+01 6.751271017306805788e+01 5.353719918901379060e+01 7.320644433505611914e+01 8.180969895871488973e+01 6.800132462914845632e+01 6.880540658859450787e+01 5.543702357474522557e+01 7.522570149890762536e+01
3.445177533103992596e-03 2.000344517753275042e+01 3.822620084173021837e+01 4.026693443696487407e+01 3.944633233311586196e+01 3.359096426472374475e+01 3.716014741356052298e+01 3.719000263610919177e+01 2.184476014330530447e+01 2.532631283000230127e+01 4.531710883848840155e+01 5.492394715672260475e+01 4.310421517106687617e+01 6.307835601472599762e+01 8.131445084435105741e+01 9.128321666802149537e+01 9.511138961906920031e+01 8.298123635001532250e+01 6.244459115614937161e+01 6.918953108315146494e+01 8.977514572690390082e+01 8.810641917333623496e+01 7.457001992573856342e+01 7.566080601487082902e+01 9.549348003299373033e+01 8.272169378288900532e+01 6.298586054244162113e+01 8.272169378288900532e+01 9.261688822338727789e+01 7.320644433498955550e+01 6.106833710492042400e+01 6.592066822134327708e+01 8.495194811044645178e+01 8.757965326338191403e+01 8.217193586092498947e+01 6.252501817655100069e+01 6.486247145956690474e+01
6.170631355331793709e-03 2.000617063135497631e+01 2.405312434308120473e+01 2.026957292820153356e+01 2.829551413558012030e+01 1.944980076333777319e+01 3.282791859177235239e+01 1.719485476506243060e+01 3.719000263610919177e+01 4.531710883848840155e+01 4.531710883848840155e+01 6.528653391014955787e+01 5.723488257014829372e+01 5.309968533323433348e+01 6.308728385207983536e+01 8.302676962261080007e+01 9.983491955769761717e+01 7.919263460227377038e+01 7.693496973229760272e+01 8.977379564061683936e+01 9.828067593130455748e+01 1.026404647243571446e+02 9.439793541163744806e+01 8.966783768669121457e+01 1.037341339285304969e+02 9.095349716832012632e+01 7.280926368369210877e+01 9.095349716832012632e+01 9.426774599775404795e+01 7.491298661874550646e+01 7.491298661874550646e+01 7.899328847587729285e+01 9.286216286444707180e+01 9.591925666514333670e+01 7.647760913752391332e+01 7.647760913752391332e+01 7.877899805197856153e+01
2.708283848820350944e-03 2.023013372953237798e+00 4.053705703220467527e+00 6.127609092681309377e+00 8.296913670867853696e+00 1.050554419236476633e+01 1.283049696724105893e+01 1.667949876084828276e+01 2.067949873954398043e+01 4.067553015715130016e+01 5.498023392613810501e+01 6.651824972948583081e+01 7.718574885599245761e+01 7.305702671558984207e+01 8.131445084435105741e+01 9.128322629331137250e+01 9.484281354378366302e+01 9.983491955769761717e+01 9.757821522023277794e+01 9.356053828968957475e+01 1.002094333985131414e+02 9.193389228506445932e+01 1.002094554434968359e+02 1.095571203099989219e+02 1.047374935814551407e+02 1.008769079726454976e+02 9.263412388208584503e+01 1.008769079726454976e+02 1.022809914832835858e+02 9.426774599775404795e+01 9.426774599775404795e+01 9.698966015363529891e+01 9.992501494462150902e+01 1.039445906269585009e+02 9.591925666514333670e+01 9.591925666514333670e+01 9.820140822169729233e+01
1.252954368065604170e-03 2.000125064165930766e+01 1.819573838494518725e+01 1.507187483912795756e+01 2.829551305226103963e+01 2.464816295664995494e+01 2.437728058868490066e+01 3.667550222511786018e+01 4.067553015715130016e+01 2.670972186823140859e+01 3.825599836711550950e+01 5.824429269672044285e+01 7.097719787338502329e+01 8.096489212549897729e+01 9.450854504361370800e+01 8.623269427723300851e+01 7.485990746684871056e+01 8.900446015008070333e+01 8.771538249530156861e+01 7.358749246347328210e+01 8.771538249530156861e+01 7.196824708239022073e+01 9.022465157706088235e+01 9.904306389782279041e+01 8.507588915709497712e+01 9.490547506100239161e+01 1.031299464787894493e+02 1.081658594399305287e+02 9.993648183390030226e+01 9.710086321782711138e+01 8.845158204509461086e+01 7.997494215784125515e+01 7.663852960115850976e+01 9.051654732103369838e+01 9.539650779973378292e+01 8.701073548346889197e+01 8.027391215329288343e+01
3.452158733728009216e-03 2.000345148618968238e+01 3.819410082168477061e+01 2.661869884837901878e+01 4.335145418832788522e+01 4.466938631102381407e+01 4.435477615250039918e+01 5.257760968650681122e+01 5.498023392613810501e+01 3.825599836711550950e+01 3.455425758184117058e+01 4.271859092775824251e+01 5.271542678914813962e+01 7.269293685258539028e+01 8.297344860043689607e+01 6.625344462403742796e+01 6.071790795701563326e+01 7.899849268072865982e+01 7.877199850152464933e+01 5.944303095342611698e+01 7.126790361866552814e+01 6.196469667012149074e+01 8.195106937089410337e+01 8.929335189508047677e+01 7.147238992260173518e+01 7.545675731137144737e+01 9.490547506100239161e+01 9.684245922838535137e+01 8.042930676832159520e+01 8.714309204905553941e+01 6.763454686143091976e+01 5.860075051897456433e+01 5.999141044739835849e+01 8.190414810238608823e+01 8.701073548346889197e+01 6.629469090577936186e+01 5.934170071026915849e+01
