MOVIE_S2_data/elevation_000940.asc
nrows	100
cellsize	150.0
xllcorner	0
ncols	100
yllcorner	0
NODATA_value	-9999
[rows 68 to 84 of 100, columns 0 to 36 of 100]
7.311399400410928048e-03 8.951583309399646637e+00 1.895158330939982250e+01 3.309371893313127089e+01 5.309371893313197432e+01 5.335015917768784277e+01 4.506304256535843678e+01 3.920259489310711842e+01 5.921141481728540157e+01 4.839389873529443520e+01 2.838500882089761390e+01 4.839389873529443520e+01 5.736611028146521107e+01 6.564699469996320147e+01 5.342236428644532964e+01 5.342236428644533675e+01 6.910588602064856900e+01 6.910588602064856900e+01 7.731987920024319294e+01 8.560728390033621338e+01 9.715691943074264714e+01 8.790179809794301491e+01 6.810266741650694655e+01 5.664953328398103594e+01 5.231613961000959989e+01 7.214691154374456517e+01 8.225836093719904341e+01 8.025216552919310686e+01 6.043143135645837560e+01 4.643601166327353269e+01 4.654411970481576333e+01 5.796634933081703167e+01 7.779233917408744503e+01 9.242401966235463817e+01 7.958787584312139529e+01 5.979805832188627335e+01 7.332978605850031784e+01
8.304378570984571536e-03 1.415044000230206045e+01 3.415044000230276566e+01 4.316732807011826623e+01 4.901715437502470252e+01 5.132107361566657033e+01 5.955627174399067769e+01 5.921141481728540157e+01 6.749772346232866482e+01 5.667919194639549119e+01 3.994036158253722135e+01 3.623755664173631175e+01 4.623892110759805973e+01 6.623941806758035966e+01 7.342307746503495025e+01 6.756465916568167529e+01 8.171022570658239204e+01 8.910829704172290633e+01 8.427344324715755874e+01 8.427344325153987370e+01 9.249692767241081981e+01 8.617370786834864305e+01 6.637334766223233373e+01 5.491677628335084904e+01 4.607473169273821867e+01 5.423463490086755456e+01 6.742047860348911570e+01 7.424842510987819821e+01 5.533162342946306467e+01 4.110086503481718267e+01 6.074502690316992926e+01 7.455708132844158342e+01 8.600378448061873371e+01 8.419551413952534347e+01 6.439982456733407901e+01 5.350878719660156690e+01 7.332978605850031784e+01
8.037589590134858880e-03 2.000803758958977951e+01 2.593912941304128239e+01 2.316733203394282370e+01 2.902430127872293397e+01 3.133213254219041133e+01 5.131838202922015313e+01 6.516337515496465471e+01 6.799108788429749950e+01 6.822727667565889931e+01 5.994164523779634379e+01 4.330992756105494124e+01 6.331040685570240356e+01 6.623941806758037387e+01 8.624110993100822498e+01 8.756655037742183367e+01 8.502685813765380374e+01 7.681750415472730253e+01 6.454688937261006743e+01 6.454688937261148851e+01 8.427344325153980265e+01 9.439228905765199329e+01 8.295360413236481634e+01 6.994182904195230321e+01 5.013183786540776055e+01 4.019912071793645225e+01 3.683794618992208569e+01 6.282656347816796227e+01 5.771151822852051794e+01 3.821169998180351257e+01 5.771151822852051794e+01 7.012502707685237624e+01 8.007692703363190390e+01 8.325222411944366740e+01 6.803240128672456422e+01 4.822127368969913874e+01 6.803240128672456422e+01
8.866319943247203544e-03 2.957705443041196425e+00 5.939129413040928007e+00 9.025196412282792124e+00 1.719016220719452548e+01 3.718741907524024981e+01 3.696740993347631843e+01 4.798975613309615085e+01 4.798986172143126083e+01 6.383387373373798823e+01 7.159587206641135992e+01 5.745231064215170136e+01 5.964015717225201740e+01 7.964114517566794405e+01 8.541471178850513013e+01 9.138894501878495191e+01 7.681750422566675240e+01 5.712595699411846795e+01 5.066359614988215299e+01 6.681723671908321194e+01 7.500772268907883245e+01 8.336507451249832457e+01 8.975566956862422785e+01 6.994182904195230321e+01 6.824649685550349432e+01 5.514669955394035128e+01 3.576278418956783156e+01 5.058190887587038986e+01 5.107611946435692118e+01 3.546115585867119080e+01 4.211228436441174949e+01 5.192870325311624669e+01 7.187053781298828881e+01 7.503545003395122137e+01 5.523299707058599495e+01 4.386076653778467005e+01 6.360249848493741354e+01
4.238120735784241429e-03 2.000423812073542962e+01 2.593912941304128239e+01 2.902339186464021736e+01 1.418917420722596923e+01 1.811149690998955109e+01 2.282554211789948084e+01 2.798951991291231778e+01 3.554880951529211330e+01 4.709585068318995837e+01 6.709706560717090440e+01 7.745310218414306291e+01 7.964114517566794405e+01 7.943050286415227390e+01 6.500523939862078748e+01 7.098303540230349995e+01 7.681751471515717355e+01 5.712595700060477100e+01 4.321009022136385624e+01 4.713528550055541899e+01 5.545385696020422017e+01 7.188740238125259907e+01 8.326716559987779931e+01 8.088430075538576602e+01 6.963671757798842066e+01 6.151864967569616027e+01 5.055615078339670987e+01 3.143394310692204741e+01 3.192580118415012791e+01 4.983986310485210680e+01 6.156016488310488199e+01 7.012502707685237624e+01 8.007692703363190390e+01 7.364311072589975993e+01 5.385973570732200244e+01 4.003570304411814362e+01 5.458673624481971132e+01
1.555317930585579152e-03 2.000155531793022945e+01 3.828474986231835686e+01 4.247444744145950324e+01 2.833139997349058348e+01 3.225361346040411803e+01 3.076060166698960074e+01 4.798986172143126083e+01 4.431958903785601933e+01 5.554935878669623150e+01 7.538140149920458555e+01 8.439897004775930611e+01 7.595183217465942960e+01 7.098303546117827523e+01 5.048849226382825606e+01 7.098303546117827523e+01 8.241410582592632750e+01 6.937480048748390971e+01 4.968761332282620202e+01 3.559080954571838618e+01 4.396215626658423048e+01 5.538182470225913789e+01 7.507530156010044209e+01 7.276792396504581006e+01 5.332534409697888123e+01 4.214839618997731918e+01 3.503242326267297813e+01 2.846051615036122229e+01 4.751814247705470962e+01 5.896696573267366404e+01 6.076848590022066787e+01 6.896414750402578875e+01 8.036619710102831959e+01 7.927923208291797152e+01 5.961981752612908281e+01 5.458140964488445235e+01 3.517854774655371131e+01
4.786148573735437791e-04 1.000047861485746026e+01 2.414261423858866351e+01 4.414261423858936695e+01 4.834036873565095505e+01 5.225247192371753613e+01 4.230756673701388593e+01 5.903989568041643565e+01 6.432070238021975683e+01 7.260491003935696597e+01 8.383446213488504384e+01 7.259712238286077479e+01 5.549046524670078639e+01 6.373712023168778984e+01 4.321267240211586369e+01 5.348929173078047938e+01 7.396535827441728372e+01 6.517747816892084245e+01 4.543726706175352348e+01 3.109452374773304228e+01 5.121904103298531652e+01 6.725851798425804873e+01 6.211866875407470445e+01 5.372203083471801932e+01 6.206778276990943510e+01 6.151864967569616027e+01 4.567346313945887459e+01 2.659964239721471913e+01 4.567346307186731025e+01 4.950351766921603769e+01 4.126334561561358782e+01 5.243702996505999891e+01 7.215508081911389127e+01 7.639366864616458486e+01 5.671825313161401283e+01 4.291588915876215538e+01 3.192058154791049773e+01
1.415922250553260878e-03 2.000141592225019949e+01 3.186174844214387392e+01 3.858628416220501123e+01 4.704872337395740090e+01 5.729873695844224812e+01 6.230542488439533599e+01 7.058349509636640562e+01 7.821809492591594903e+01 8.662842291454862220e+01 7.632586402775594081e+01 6.413845647081480195e+01 4.364245375193031151e+01 5.230508378375549938e+01 3.675106557982673650e+01 5.124697693010592303e+01 7.173138092173476821e+01 6.395298929262315824e+01 4.760458502593019858e+01 2.717079150647212415e+01 3.920833922731918619e+01 5.907407008324891251e+01 5.178868556097128817e+01 3.296601008514031150e+01 5.178261612594681651e+01 5.756289343618900034e+01 3.817700317880753857e+01 2.472953371726393712e+01 4.131055608058747453e+01 3.029363012375413788e+01 4.378065585594397646e+01 6.331972827440446139e+01 6.833965723732852382e+01 6.751315427729937824e+01 5.931236906994191571e+01 4.954205429589225673e+01 3.026061107645603698e+01
5.113348591224673584e-03 5.778617199149953976e+00 1.180886567836737910e+01 1.847579435883793764e+01 2.848339328966016382e+01 4.872566434505635158e+01 6.688910100433518835e+01 6.323124466536773980e+01 5.702348803020148438e+01 7.821809492591609114e+01 6.186395819759533765e+01 4.740205238503077823e+01 5.230508378375549938e+01 3.186626585462635930e+01 3.168573386093325794e+01 4.612189832247666743e+01 6.661027993242664991e+01 5.576314147458888471e+01 3.573339854393448434e+01 2.343858068849183596e+01 3.834743515849191198e+01 5.832568111908992847e+01 4.318896979375448097e+01 2.258981143353532062e+01 4.318745732228087064e+01 5.423080379657405103e+01 4.698257223222429246e+01 3.890650089254702237e+01 2.208402263210501459e+01 4.131055651533461059e+01 5.764710272777289646e+01 6.258991513386676075e+01 4.861471785592205208e+01 5.936697899034494696e+01 3.986480859303038216e+01 4.558563808501410364e+01 2.859444416810363521e+01
3.630678512830590090e-03 1.000265681454837541e+01 2.409993368590901497e+01 3.850839819366633776e+01 4.704872337395740090e+01 5.723856313635657500e+01 4.570685457686955999e+01 4.205298913220629231e+01 6.323124466537473154e+01 6.492024087034114643e+01 5.339694185565686979e+01 3.297590723939870827e+01 4.048154554275242845e+01 2.513897713321573590e+01 3.684346842123352417e+01 5.730586438331186372e+01 6.787236534722201498e+01 5.524310566184933435e+01 3.509405679994905114e+01 1.993765991935372739e+01 4.099257285353868241e+01 3.944087067630275811e+01 3.210495636065269309e+01 1.684196549058243519e+01 3.625160374369790617e+01 3.164447546096792507e+01 3.654068873684296648e+01 1.956428170927949495e+01 3.256482603824450450e+01 4.804254885190214708e+01 5.714219227338811891e+01 5.415918512115786143e+01 3.495033826509120445e+01 4.218280849065880034e+01 4.355483461375501975e+01 2.621699784797146293e+01 2.944595180050522032e+01
3.897887252982968069e-04 2.000038978872494155e+01 3.800541214488713848e+01 5.151093044505974206e+01 5.171925045920897190e+01 4.303669233459893917e+01 3.106317686566748293e+01 5.171868185282102814e+01 6.579023998573994447e+01 5.377362089513393784e+01 3.606531406417398244e+01 3.606531406417852992e+01 2.017557118948220563e+01 3.820265054935878624e+01 5.396223774270434603e+01 6.576968605493587461e+01 5.966974486937026256e+01 3.971195765541241229e+01 2.763351991886415959e+01 1.668383511529672703e+01 3.372878589809251082e+01 1.378019755304074501e+01 1.192508451585450224e+01 1.233637042002846407e+01 3.214857895212279715e+01 1.532985058566715608e+01 1.707268956039884245e+01 3.652644471065657683e+01 4.629619451504817818e+01 5.595831376038567129e+01 3.782231134059125566e+01 3.892958754000345323e+01 3.097858544446955875e+01 2.268178746648580812e+01 2.410688893030587465e+01 4.355483461375494159e+01 4.853661854989576341e+01
9.894987445105475968e-03 1.000989498744519324e+01 2.415203061117639649e+01 4.415203061117710348e+01 4.303669233459893917e+01 2.247119556102366289e+01 4.303669233459893917e+01 5.698311154899374742e+01 5.732271603321181885e+01 3.653971122734443355e+01 2.482739942156414514e+01 1.582577511343371768e+01 3.606531406417852992e+01 4.894482905842631482e+01 6.536734010816905993e+01 5.851506769513915884e+01 5.901029934428122914e+01 5.077685904543172768e+01 4.620952771121979907e+01 3.373030150573482899e+01 1.306617196986859319e+01 1.134305788776328860e+01 2.552259813873047989e+01 3.199340476076332607e+01 1.291716637915861199e+01 3.273740367567512521e+01 2.454299467925190470e+01 3.529622240835973201e+01 4.752369821697791963e+01 4.135999208057879173e+01 3.701617901366841323e+01 1.931258916380473423e+01 2.069918034655734473e+01 4.026544044990410498e+01 3.532741740082905579e+01 3.176379385760252205e+01 5.116365456224237107e+01
2.758038052605161963e-03 2.000275803805224939e+01 3.829416623490809712e+01 4.037979690729724069e+01 3.174619502441260011e+01 1.746608770048866077e+01 2.752293452768453008e+01 4.208186994566968053e+01 6.324589790190220384e+01 5.070743904427300208e+01 3.326526653306083858e+01 1.306320018552501772e+01 3.326526653306855508e+01 5.296992914417289455e+01 5.378679013402141607e+01 4.309730211655532628e+01 4.767055305889181227e+01 3.123491113939642361e+01 4.515637459037105828e+01 3.675251936737588920e+01 2.962350805847464486e+01 1.093656172432813634e+01 2.019446435376995197e+01 3.508421315693793474e+01 2.740055597233544304e+01 1.351497538812265198e+01 1.393852239346087707e+01 3.375206216430433415e+01 3.475573674854177852e+01 2.417067549124057635e+01 1.735966236754713776e+01 3.705580391988156919e+01 3.194589806678684596e+01 4.796428860392416027e+01 4.902647365301034199e+01 5.116365456224237107e+01 4.034782744187815950e+01
7.097940694151796438e-03 1.415709441449130956e+01 3.429948572976376653e+01 2.611773056379436753e+01 1.143285224553670076e+01 3.174619502441260011e+01 4.656474912718929460e+01 5.080788688466187608e+01 5.519340902559171269e+01 4.225484401832004266e+01 2.197687237193486709e+01 1.038261783000998051e+01 2.458683966727483394e+01 3.991948498682543800e+01 3.480392200214583198e+01 3.385290452586970389e+01 3.940444839261130028e+01 2.023900575075775876e+01 2.897928954170937033e+01 1.588331551377480366e+01 2.975355935604159185e+01 1.053036605212575516e+01 1.830854892966960890e+01 3.808550464237580258e+01 3.978033092027646944e+01 3.333225053543333871e+01 2.481626973403284353e+01 1.454319134691453286e+01 1.497529723949058500e+01 1.541097354907793715e+01 2.951429771293445015e+01 4.250823540335061068e+01 5.059940201720964836e+01 5.851297951344781723e+01 6.862496487935759149e+01 6.811066722730204503e+01 5.157565696192352789e+01
8.907212727516041623e-03 2.000890721272715922e+01 2.599236331331959349e+01 5.909832135439631706e+00 2.222085112223236791e+01 3.086602047548766592e+01 4.045245349043369743e+01 3.108766524740182646e+01 3.154979062002609780e+01 3.254879678629753670e+01 2.594838698280738853e+01 7.840613821366171798e+00 2.126756112365782769e+01 2.327768215841701505e+01 2.138852588784098074e+01 3.736920609590053743e+01 3.375720225774766448e+01 2.162715951032033246e+01 9.149475321158705654e+00 9.552791958164187136e+00 9.956451450267929104e+00 1.385742141877926414e+01 3.010431430011533749e+01 3.598120040113448681e+01 5.628338370117096900e+01 4.250465523672672674e+01 2.301512495526761271e+01 3.435122432840964990e+01 3.477004123533428981e+01 3.520128997970210349e+01 1.606868869199116290e+01 3.583502295549617855e+01 4.924350789619364832e+01 4.924353324921641217e+01 6.887745809295708455e+01 7.951813688874958075e+01 7.130401579212454521e+01
4.556156782696869564e-03 1.996717282223824697e+01 2.187196238720822450e+01 2.707689658185052473e+00 1.998763739693302011e+00 2.194415770761368023e+01 2.200304353601343976e+01 1.803228637169419457e+01 2.409284137097272094e+01 4.547441087541641558e+00 4.934234681113389698e+00 5.321053077596983094e+00 5.712672949736835371e+00 1.429867666981289531e+01 1.301886797072933355e+01 3.008461251760537536e+01 1.070387012450526143e+01 8.579941820346887127e+00 2.841363604819172650e+01 2.852033556282666282e+01 1.246137012577423597e+01 3.223941980933577156e+01 2.058872303033894369e+01 4.026864962359127276e+01 5.613850568595616863e+01 4.900413265512539596e+01 2.950688111978741190e+01 4.900356392987856680e+01 4.178435537062757987e+01 2.284320946049286150e+01 1.653695167209703953e+01 3.628220098061197518e+01 2.974299963872110553e+01 4.918848524178065418e+01 5.892741693281966775e+01 6.701009390905267082e+01 7.302810379218492187e+01
9.004134676422023004e-03 1.979059061004744891e+01 2.089468847417956354e+01 1.459950907852943347e+00 2.098623667896781342e+01 2.535993458290817237e+00 2.203659843345263880e+01 1.335275090834012701e+01 4.000455125755926211e+00 7.840665369639062909e+00 1.819417598025861338e+01 2.338852957214346873e+01 2.557867149608715707e+01 6.267292307217098291e+00 6.659720605726215936e+00 2.055905790317200399e+01 2.284364940300380908e+01 8.177704703713345680e+00 2.810237934553701322e+01 4.101514024227589061e+01 2.540926677312006632e+01 3.369122468986481067e+01 4.026864962366208545e+01 2.889803964820506010e+01 4.811321011965465289e+01 4.900413269610371003e+01 4.325458625577547878e+01 4.900413261464918691e+01 5.005852044525009603e+01 4.141468726923805121e+01 3.527983045951556562e+01 1.720456133551815370e+01 3.408961563935414318e+01 4.466305674491373168e+01 3.942856419666296119e+01 5.892741693287623406e+01 5.332828698012945523e+01
