MOVIE_S2_data/elevation_000566.asc
nrows	100
cellsize	150.0
xllcorner	0
ncols	100
yllcorner	0
NODATA_value	-9999
[rows 68 to 84 of 100, columns 37 to 73 of 100]
1.021286901091638413e+02 1.115192477947852296e+02 9.128319984386121178e+01 7.966823692505067811e+01 7.070719758190520565e+01 7.225850133761048255e+01 8.911711363880972669e+01 1.001891522722943790e+02 8.753006674467165737e+01 6.749857403215544593e+01 7.338769015514810690e+01 8.767927862389451832e+01 8.767927862389453253e+01 1.032041414241154484e+02 1.133376873823145274e+02 9.859790882793815570e+01 9.018126252230888440e+01 8.186765742125172096e+01 6.223484179073462741e+01 8.186765742125176359e+01 9.659497033800745669e+01 9.832328946681208492e+01 8.395164373272433522e+01 7.983572240811432152e+01 8.164955122684965261e+01 7.902727400825224890e+01 9.066098505312925226e+01 1.111084867965664529e+02 1.286803146507177189e+02 1.185481788348325267e+02 1.014788637491168686e+02 8.106172457812625964e+01 9.447582125367539163e+01 9.016605117444873940e+01 7.392114441157085025e+01 7.220726700950142174e+01 9.235653984820845608e+01
9.383691972045670582e+01 1.068394759769542190e+02 9.672290305377769926e+01 8.831876429814735729e+01 8.076154220893752722e+01 6.078934288172087008e+01 7.173759338609205827e+01 9.182496519042958028e+01 8.085290250716620619e+01 6.103979052845435405e+01 6.204927597625798086e+01 6.764488353349717897e+01 7.462810809177707938e+01 8.467569112428192568e+01 1.049587104877491299e+02 1.062768848145958174e+02 8.592809042030944511e+01 7.184720053307854926e+01 8.186765742125176359e+01 6.824407301402715120e+01 8.222293468460149768e+01 1.025214379625116123e+02 1.042545401610773155e+02 1.000697941983682853e+02 9.597371301584952619e+01 9.066098505312925226e+01 9.930311616073875314e+01 1.195487929351131839e+02 1.204116431953237623e+02 1.000223068706949618e+02 8.972428759447768698e+01 9.549838589876353012e+01 1.098574486318441643e+02 1.013429716172330330e+02 8.092514431548086407e+01 9.235653984820845608e+01 7.734520477024069862e+01
9.470690635944411895e+01 9.842900464628964130e+01 7.820899150111605991e+01 6.825678430207267411e+01 6.172932982341387032e+01 5.564337593696681949e+01 7.002544884007440373e+01 7.791154711038657865e+01 6.996817974578821975e+01 5.523564556056782493e+01 6.644435784749344975e+01 8.640099335872217523e+01 9.481720080601549228e+01 1.032041414241154484e+02 1.133376873823145274e+02 1.085120140054570612e+02 8.815197811021366192e+01 8.592809042030944511e+01 9.579943939640764938e+01 7.560915355052775055e+01 7.747415757082619336e+01 8.642265797762662771e+01 9.817575583211690571e+01 1.186592116301718960e+02 1.164261257801458243e+02 1.111084867965664529e+02 1.195487929350243803e+02 1.281610003814802781e+02 1.286803146507177189e+02 1.185481788348325267e+02 1.000223068706949618e+02 1.159170144849119026e+02 1.142815799742200369e+02 9.382384389373609679e+01 1.013429716172330330e+02 1.020697903894471921e+02 8.158619364459845258e+01
1.029993654779881780e+02 1.068095169354873519e+02 9.671573401434905293e+01 8.831876429819274676e+01 7.809010068988038711e+01 5.969025603137907865e+01 5.044911173241961677e+01 6.497449403182078242e+01 5.025933319021575585e+01 6.996817974578821975e+01 8.320723991672491593e+01 9.477191786818450225e+01 8.976958360937359771e+01 9.063619394253838379e+01 9.839227974454377090e+01 1.069704772379231770e+02 1.085120140054570612e+02 1.062768848145958174e+02 1.042493975063025289e+02 8.559871127243928868e+01 9.770526339099184554e+01 9.770526339099185975e+01 1.152812716551703005e+02 1.270823319304979719e+02 1.285754934541618866e+02 1.299460923195672422e+02 1.216300625867729934e+02 1.299460923195672422e+02 1.228473836268589281e+02 1.286803146556218280e+02 1.204116431953257944e+02 1.286803146556218280e+02 1.226107056581116126e+02 1.083469999976228166e+02 1.186169467964443243e+02 9.812897321156117414e+01 8.622109664435633647e+01
1.006353646851716803e+02 1.030762879737846021e+02 9.462338253609341621e+01 9.462534334445453510e+01 8.693904024457968660e+01 7.119942912717556283e+01 4.972752991194045791e+01 4.535843432295377653e+01 6.504971296925964452e+01 7.756223957308998251e+01 7.924692871338123723e+01 8.283748789254831024e+01 6.872177920057231404e+01 7.164878295613372927e+01 7.771906673873013460e+01 9.103579105248327608e+01 9.928967443726419617e+01 1.082399845920103445e+02 1.144497965167100517e+02 1.060001675203759817e+02 1.144497965167100517e+02 1.181322680648848973e+02 1.252989219662216698e+02 1.169751508329179472e+02 1.084831106489607038e+02 1.199106765629539382e+02 1.015616501853207438e+02 1.169745292305630073e+02 1.027753750694239585e+02 1.121112747572922075e+02 1.095061890355697045e+02 1.178295388746196437e+02 1.294234431005298234e+02 1.286089234407088782e+02 1.269274272071849623e+02 1.151705075954658497e+02 9.652917897823745363e+01
9.229773211654406850e+01 9.462338255244978313e+01 7.428818976007268304e+01 7.428820547242851546e+01 8.870470483444103138e+01 7.811423400238209069e+01 6.270818277439077804e+01 4.292890767511836003e+01 6.270861304590784613e+01 7.345914467687434524e+01 5.931896272271753645e+01 6.859115269802386194e+01 5.449542672643254804e+01 5.920692391189074044e+01 6.438944629088366867e+01 7.086915795355361070e+01 7.993661873808001417e+01 9.417666622271924837e+01 1.141107018390601837e+02 1.188747918175224925e+02 1.177678347850876293e+02 1.188747918175224925e+02 1.169751508329179472e+02 9.692602072615846964e+01 9.432862403779719784e+01 1.000341582970369956e+02 9.156982170709162006e+01 1.069536643190101586e+02 8.863851813009077318e+01 9.208048406917727391e+01 8.948573133944522340e+01 1.010242936203768949e+02 1.210926736449657142e+02 1.344906362884178748e+02 1.260892675429952874e+02 1.253657887553980572e+02 1.111183721218532128e+02
9.955171800962077100e+01 9.196947909163077384e+01 7.166176560797998718e+01 6.009156485001149406e+01 7.201744401010061836e+01 7.266820207837196222e+01 5.384054196754460264e+01 4.073173250302122028e+01 6.047700795298504062e+01 6.063386817273982388e+01 4.536220460132998511e+01 4.870661411631474635e+01 5.674750376875284275e+01 7.655869074741229952e+01 7.877280027218534997e+01 9.103579105248327608e+01 9.928967443726419617e+01 1.082399845920103445e+02 1.130135641975637668e+02 9.882869720898709431e+01 9.772574419310537053e+01 9.882869720898709431e+01 1.130135641975647047e+02 1.027982749775369484e+02 8.279629641613315982e+01 8.003903184675360194e+01 1.000341582970369956e+02 9.864552656653019369e+01 7.865230238967575360e+01 7.795381578567720737e+01 9.794737239541265694e+01 1.169696069722938319e+02 1.285621259656734594e+02 1.226626813754713510e+02 1.055181820510580764e+02 1.226626813754713510e+02 1.313607948998617871e+02
9.120003408766234543e+01 1.004625936441518945e+02 8.870470483444103138e+01 7.201744401010061836e+01 5.201206127863024875e+01 6.494459265888356470e+01 5.830967238248690876e+01 3.857631402440637203e+01 5.637435743615804284e+01 4.088332939370522467e+01 5.479321636353804337e+01 6.859115269802386194e+01 6.856578617396942832e+01 7.086478407640838384e+01 9.071546284271893512e+01 1.070099025399586310e+02 1.078787954292411086e+02 1.159716413206059968e+02 1.047000623835200486e+02 8.470340669310947135e+01 8.360309974897242569e+01 8.470340669310947135e+01 1.047000623835200486e+02 1.049213651916534218e+02 8.491251796457008538e+01 7.328963447091267369e+01 8.731507208028972400e+01 8.564909881249889168e+01 7.109983086263952146e+01 9.108969077966081329e+01 8.862996175677227484e+01 1.001663695983706646e+02 1.202313976881153934e+02 1.142125457967025284e+02 9.371289341490351887e+01 1.142125457967025284e+02 1.230680621231356753e+02
8.372926751876130425e+01 8.625240660190428343e+01 7.794224001690108139e+01 8.044713353680191403e+01 6.494459265888356470e+01 4.508957633381156427e+01 4.072356754680810553e+01 3.643463795776251857e+01 3.664600069307343233e+01 5.637435131135212885e+01 6.890106685236234796e+01 8.300922200918761007e+01 8.848394029927501947e+01 9.071546284268282534e+01 9.871008222215269257e+01 9.934667483932445009e+01 8.880185509959201795e+01 1.048796225436097416e+02 1.061965283866837666e+02 8.619465329081295124e+01 7.207265675822544893e+01 8.619465329081295124e+01 1.061965283866837666e+02 1.132372834588077382e+02 9.888859512073499047e+01 7.884266519002963491e+01 6.208511431769712630e+01 6.565324219012016727e+01 8.564909881151469051e+01 9.939377029101700600e+01 1.086468483192038406e+02 1.169696069722938319e+02 1.123758143545109931e+02 1.038932651732683468e+02 8.655165449319798654e+01 9.734196371374237344e+01 1.058007089968523502e+02
7.523478360595605352e+01 7.794224001690108139e+01 5.797142654664104100e+01 6.382074238626855589e+01 7.211191657397377242e+01 6.494459265888356470e+01 5.960516525861441295e+01 5.134847959985367538e+01 3.372240298695282235e+01 5.347308104015496610e+01 6.523699667087807086e+01 7.231781965853048177e+01 8.068280799730453623e+01 9.077568579186612396e+01 9.386725226219529361e+01 8.035605988436624614e+01 7.790493449555523853e+01 9.686471879460368939e+01 1.014820412144382544e+02 8.148732111328368433e+01 6.735328498189490176e+01 8.734363904298494674e+01 9.283121206002954295e+01 1.011331152135578151e+02 1.071993042768547468e+02 9.562275515952013905e+01 8.199834673974741861e+01 6.198381787898771478e+01 7.613997215104653549e+01 9.614171408831951737e+01 9.673647124095171534e+01 1.050482821716096566e+02 1.038494499062550176e+02 8.343229193844545932e+01 8.938019706954277410e+01 7.704336197723688429e+01 9.734196371374717671e+01
7.523478360595613879e+01 7.794224001690108139e+01 5.797142654664104100e+01 4.399719406484601336e+01 5.495538206587799124e+01 5.744615749412307792e+01 4.925949737136700435e+01 3.158577802270038148e+01 5.032183565098352318e+01 4.011722915982742421e+01 4.535132234790376060e+01 5.229022793395059665e+01 6.222871647098417469e+01 8.240692284607681017e+01 8.591828222577082386e+01 6.683941578078302825e+01 8.591828222577082386e+01 9.427067847167543846e+01 9.721915256554221685e+01 7.722574887499806096e+01 6.307399522217230725e+01 7.742265305419572030e+01 7.283584115750107912e+01 8.958080145538525585e+01 1.031996564155234495e+02 9.489232122399506864e+01 7.945649903248290968e+01 5.942298355740118865e+01 7.591504038751976680e+01 8.258879887196633263e+01 7.672864110329371101e+01 9.673647124095171534e+01 1.028813596932047574e+02 8.331090802379330285e+01 6.916329267906357359e+01 8.938019707160263749e+01 9.613256439953211441e+01
7.204787270991076298e+01 7.784561450241051261e+01 7.211191657427266932e+01 5.495538206587799124e+01 3.518601996978699731e+01 4.710374073034259368e+01 2.947422131822765223e+01 4.345230452619738770e+01 5.895712557126256570e+01 4.993280162264717603e+01 6.523699669888745234e+01 6.154329719638211316e+01 8.068280799730453623e+01 9.077568579186406339e+01 8.041068788684752633e+01 6.114388563209388394e+01 6.717448708277426306e+01 8.073047483972497673e+01 9.977460694287502463e+01 8.896851039472390710e+01 6.897049886398703222e+01 5.739137207232082005e+01 6.126920362253657970e+01 8.062788577230547560e+01 8.755606307783219222e+01 7.487628647295504436e+01 7.854929726096398213e+01 7.268283737404628653e+01 5.585996804060076926e+01 6.256940876952235442e+01 7.672864110329371101e+01 9.673647124095171534e+01 9.924479068713833385e+01 7.910079922682984943e+01 6.487695674575124372e+01 7.945079951775269933e+01 7.943676829966342723e+01
5.213905148034059778e+01 5.795032567550160962e+01 5.980538640797378491e+01 6.101899306035447523e+01 4.138901683454130165e+01 2.739387500853769808e+01 4.720229403588327699e+01 5.751090562932004246e+01 7.156950669926177966e+01 6.394961421858268835e+01 7.806999332129890945e+01 8.167207474820843061e+01 9.003347454021785268e+01 8.879598617070513455e+01 7.526141838856095490e+01 5.580913698533866096e+01 7.526141838856095490e+01 8.630837199092513856e+01 1.054260759911791467e+02 9.726692568729447430e+01 8.571495781044336582e+01 7.233470259717039141e+01 5.231112749741775048e+01 7.233470035964614908e+01 6.753298498442347864e+01 6.753298384555482414e+01 5.851252757591570486e+01 5.262976664766384260e+01 7.267500031401040417e+01 7.589779426560031084e+01 9.087449779335051403e+01 1.019348802395600444e+02 9.360300405193203233e+01 9.345342946894709257e+01 7.945079951775269933e+01 5.927442710472183762e+01 5.924244764336724245e+01
3.817775119012956964e+01 4.665264589011388807e+01 3.934561497798744512e+01 5.365050747209939885e+01 4.578874407870460317e+01 2.598880565780835283e+01 4.000700005981825313e+01 5.982649792259454813e+01 7.285999516238214824e+01 8.116831494893345678e+01 9.219037242401512344e+01 9.263932245936453569e+01 9.432670084851470449e+01 7.525973028677049115e+01 6.156635799176842028e+01 5.162207366019423915e+01 7.120533732969472851e+01 8.293559299083464964e+01 9.334171463771848209e+01 9.940218185585619892e+01 8.332041857608209057e+01 6.330686255573602494e+01 4.918909133258517841e+01 6.485978476360027400e+01 6.469386051556412554e+01 4.756312617240251939e+01 4.957176363842544475e+01 6.958858144247516009e+01 6.681878798513857021e+01 8.683563987078728985e+01 1.039768480606242491e+02 9.360300400026484624e+01 7.349437662337497557e+01 7.938405720048844216e+01 7.270055229566115429e+01 5.549468931165309726e+01 7.570414121931027296e+01
3.910598511136223721e+01 2.673813079422459893e+01 2.669559311174125327e+01 4.509788096517347356e+01 4.254731242090895194e+01 2.459863910944055121e+01 4.443422908711072239e+01 5.877029146405394044e+01 5.293414510238806514e+01 7.285999516238214824e+01 8.702691771356245454e+01 7.344780827130223599e+01 7.907872694796643032e+01 8.141765271166345030e+01 6.756881655957371891e+01 4.785697010418316921e+01 5.578032968503104172e+01 6.702106235469440776e+01 8.561826498211445369e+01 9.107440895637660105e+01 7.030110636232420518e+01 7.382064676873524434e+01 6.438973365154811290e+01 4.496183123830809336e+01 4.479297713914922241e+01 6.469386878057704848e+01 6.102633980971276628e+01 7.737802276929905076e+01 8.684300119472877100e+01 9.515538007560947165e+01 1.011574013306319131e+02 9.360300066841382716e+01 7.349437662167800056e+01 5.924751954694005462e+01 5.247699556075490790e+01 7.270055229566115429e+01 8.409708077931253456e+01
1.926327209374554172e+01 1.971480080562633219e+01 2.017106919576044533e+01 3.966308226603513276e+01 2.269999795257899677e+01 4.254508956524621510e+01 3.272546156681703167e+01 3.897986081543039205e+01 5.293414510217810687e+01 7.285999450334171001e+01 7.641952608238256062e+01 5.963846836423805087e+01 5.963870112335308704e+01 6.763188034381988700e+01 5.384610716893170235e+01 4.411629617236000200e+01 6.402846506129318982e+01 8.293559299083464964e+01 8.680416566482332996e+01 8.886638958296586566e+01 6.800206301758957750e+01 5.215934411983329255e+01 4.602290446406802005e+01 4.207241284251396252e+01 6.192007210798184502e+01 7.298668717252711247e+01 8.029476723447756115e+01 8.826719749657193859e+01 8.365541205307067685e+01 9.177819980315591408e+01 8.165658735013174407e+01 9.547807739093255464e+01 8.771459771418673768e+01 7.070253029454401883e+01 5.049081729965490695e+01 6.217157591613822376e+01 7.644485475119432749e+01
3.026593407426366156e+01 3.950722746085649106e+01 3.999637506875280479e+01 2.082342425924307960e+01 3.630713777998688840e+01 4.851701136794982716e+01 5.251200770607671586e+01 5.877029146405394044e+01 6.705123002566071477e+01 6.222559596234094670e+01 5.870164351969722816e+01 6.532840706485346516e+01 4.533613886590671171e+01 5.533381216208047704e+01 3.923203978545144821e+01 5.958210510418564354e+01 7.203456200395709175e+01 7.205368999031631461e+01 6.548248637457508892e+01 7.942158689258921811e+01 8.260066808604106825e+01 7.382064612026954364e+01 6.033232866832574359e+01 4.048453134041358936e+01 6.033232975946875598e+01 7.860371377661701331e+01 8.691372094394594683e+01 7.882167824627131836e+01 6.423132455333403357e+01 8.070690002557026332e+01 6.784594705093338973e+01 8.570953831477521589e+01 8.440625489691274197e+01 6.875348235243309603e+01 4.857605185436104733e+01 6.077171880095323075e+01 7.779355865591840313e+01
