MOVIE_S2_data/elevation_000646.asc
nrows	100
cellsize	150.0
xllcorner	0
ncols	100
yllcorner	0
NODATA_value	-9999
[rows 68 to 84 of 100, columns 37 to 73 of 100]
6.382615845348690442e+01 7.548214178134180941e+01 8.973126823708709310e+01 1.098190393050568474e+02 1.142848834895930281e+02 1.059993641947636291e+02 1.042747175419373917e+02 9.604554762647771327e+01 9.387151486107997300e+01 9.969057345000662451e+01 1.063257714105475031e+02 1.115601566765463701e+02 1.064584612555170366e+02 8.968876712513399241e+01 1.064584612555170366e+02 1.033807713001830280e+02 1.175342313439505944e+02 1.162767164219380760e+02 1.141620063716447504e+02 1.045200230013141578e+02 8.470527521279572625e+01 7.702833323730257575e+01 9.196306794363678705e+01 9.678415341942447014e+01 8.626068267704748393e+01 1.003154930632592965e+02 1.203007721865921269e+02 1.286603414969540893e+02 1.200882029741678991e+02 1.227466296889033117e+02 1.251183383543894223e+02 1.050011477173661802e+02 1.027962670446042068e+02 1.080947322275384010e+02 8.789959545913502836e+01 8.808474701951854513e+01 8.887080580455767631e+01
6.469079813380000132e+01 7.895994109371179093e+01 9.908167401930066376e+01 1.115087744582563829e+02 1.027372282158033414e+02 8.599902034324900058e+01 1.027372282158033414e+02 1.019670680597905630e+02 1.019670680597905630e+02 1.102758307396708375e+02 1.089971663464516780e+02 1.007031232305269697e+02 9.816363460314796896e+01 7.804605579207289168e+01 9.505706900389209579e+01 8.918006087258824266e+01 1.000558396034907531e+02 1.063981398493236412e+02 1.134788013142806022e+02 1.128069171332069374e+02 1.045200230013141578e+02 8.834024929024673156e+01 8.834024929024673156e+01 1.082220820156992573e+02 1.003154930632592965e+02 1.003154930632592965e+02 1.203007721865921269e+02 1.286777661379517212e+02 1.202847926357009385e+02 1.176367148185146903e+02 1.260390408389449277e+02 1.251183383543894223e+02 1.229280200454820573e+02 1.157349581501570555e+02 9.552082039855876872e+01 9.710652101066264663e+01 1.090662155987832591e+02
8.154528874277245620e+01 8.173756202764199941e+01 9.008536354143831204e+01 1.032238433895256549e+02 8.324335657508245845e+01 7.449706766297667571e+01 9.445216028820664178e+01 8.194385635790735023e+01 8.194385635790735023e+01 1.019670680597905630e+02 1.007031232305269697e+02 8.059241069196814067e+01 8.648270202001870643e+01 7.038315965423281284e+01 7.491206977963881286e+01 9.184993572765532122e+01 7.995556222936710355e+01 8.634202546784614185e+01 9.345166636565120655e+01 1.134788013142806022e+02 1.165169284837634507e+02 1.082220820156992573e+02 9.979173602948574739e+01 1.165169284837634507e+02 1.203007721865921269e+02 1.203007721865921269e+02 1.286182441272096639e+02 1.202847926357009385e+02 9.984853847326506582e+01 9.719412266437903725e+01 1.108225174338027728e+02 1.192402284242761681e+02 1.322050828819650121e+02 1.120333820855034759e+02 1.098243082058352798e+02 1.114081766465903627e+02 1.173171843604917797e+02
7.780352231615911762e+01 6.088838628364428729e+01 7.816574748923173388e+01 9.008536354959871062e+01 8.690984422026104994e+01 6.702889621233971695e+01 8.690984422026134837e+01 6.824832006418078834e+01 8.780851928425512654e+01 8.471257492786490673e+01 8.705520992781578116e+01 8.648270202001870643e+01 6.629017179748376520e+01 6.322065534172228496e+01 6.734996175736689850e+01 7.167946817416624583e+01 7.934440539870895748e+01 9.944861132637440448e+01 1.134788013142806022e+02 1.076179573370132232e+02 1.276281303311518798e+02 1.280556044471844075e+02 1.197381487955594395e+02 1.199574861552402609e+02 1.115435390006351497e+02 1.199574861552402609e+02 1.236922573700087327e+02 1.177403710054955326e+02 1.058341787353907364e+02 8.550035847701508374e+01 9.044272476296447394e+01 1.048403681872778321e+02 1.252647032769036173e+02 1.322050828819650121e+02 1.300045294081786267e+02 1.315827909235599407e+02 1.374674878308970847e+02
5.879673441082367447e+01 4.749215823014434079e+01 6.088838628364428729e+01 8.173756202764344891e+01 8.139586133969245907e+01 6.158589828323561477e+01 7.416228558678224658e+01 6.177955661567309420e+01 7.429623316811699851e+01 6.457678393728288313e+01 6.690310199432718719e+01 7.522690925006881457e+01 5.867447001393581729e+01 7.885065993450160704e+01 8.754957759602390865e+01 9.184993572765532122e+01 9.944861132637440448e+01 9.357994969743921843e+01 1.136168138239283678e+02 1.276281303311518798e+02 1.359101999033137815e+02 1.231477298577791970e+02 1.129636773463210915e+02 1.045428283076952596e+02 9.115812028764207753e+01 1.097753740664064424e+02 1.033221362889029820e+02 9.734990792381172753e+01 9.905623864926542410e+01 7.881579634625809661e+01 9.905623864926542410e+01 1.192402284242761681e+02 1.159158976574269673e+02 1.243198754890887443e+02 1.324028274512251642e+02 1.241403049218646544e+02 1.241403049218642280e+02
3.723360749327912345e+01 4.661370802098156929e+01 5.985191741829057577e+01 8.067556691449446760e+01 8.562453479353072794e+01 6.577133679842629022e+01 5.444599994979552804e+01 6.369374789730848363e+01 5.311995672802635227e+01 5.048507869774465462e+01 5.275266168356294827e+01 5.511332109628340703e+01 7.522690925006881457e+01 6.629017179748380784e+01 8.648272928335887855e+01 1.025920131917790741e+02 1.108836097667007152e+02 1.136168138239283678e+02 1.219025201837415722e+02 1.349629566249036827e+02 1.347599782779106761e+02 1.147427531194703789e+02 9.434290360719357693e+01 8.423278328512586199e+01 8.107332333253008017e+01 1.013508296186882376e+02 1.033221362889029677e+02 8.302770171985858383e+01 9.160513902741394077e+01 7.408758908120702813e+01 9.428552064704167890e+01 1.014867848512062665e+02 9.551005063385836991e+01 1.159158976574269673e+02 1.241403049218646544e+02 1.042534286112216790e+02 1.042534286112216790e+02
5.285564385024296996e+01 6.582039024031645624e+01 7.711464647212207524e+01 8.902416783014852797e+01 9.389986598782918747e+01 8.241644203299259175e+01 6.807770774158920801e+01 4.843401134825447230e+01 4.734729893456998440e+01 6.726483579452899164e+01 6.690310207706511392e+01 6.670159815141475690e+01 8.355698805572387755e+01 8.059241103137966888e+01 7.534981173371178897e+01 8.250292734858513199e+01 9.412295385777316881e+01 1.141609633881887618e+02 1.289384762324543203e+02 1.145780872300547060e+02 1.143735420734560222e+02 1.231477186563429029e+02 1.054166082684076713e+02 8.509972899693428872e+01 7.348066484285777733e+01 8.695132324327271078e+01 9.535774671994887797e+01 9.160513902741394077e+01 7.141339945866275229e+01 6.958831254382177178e+01 7.516551735600374684e+01 8.121274584437657040e+01 9.286350749288067163e+01 1.132664007865581368e+02 1.280737779521392952e+02 1.100781598259910510e+02 9.026622397755218685e+01
3.852295394708079357e+01 5.225801727049019973e+01 7.228437872211010529e+01 8.807669772002087427e+01 7.987502369745455155e+01 7.985303534818717708e+01 6.415214471096700777e+01 4.445450464639607446e+01 6.426111626727934834e+01 7.559024043559124095e+01 8.705525426376865994e+01 8.687267910142580263e+01 9.518510161162360816e+01 1.007032154939809061e+02 9.548944877799846154e+01 1.025920131917790741e+02 1.108836097667007152e+02 1.224467518947334383e+02 1.187443499650388361e+02 1.001051329824359044e+02 9.990174230139398048e+01 1.169639398618315340e+02 1.138359112790104035e+02 1.012861508125051131e+02 8.101364125275752315e+01 6.677029389297835849e+01 8.100026256049277151e+01 8.066710234544781599e+01 6.469630461493380835e+01 8.487452388890154964e+01 9.537392312169977515e+01 1.014867848512062665e+02 1.099149630614735855e+02 1.216787272781504328e+02 1.081784672386377508e+02 1.030735827325589611e+02 8.323342556066349118e+01
5.812362898709672976e+01 5.812341661367518952e+01 7.817369463264988383e+01 7.988405104197249784e+01 5.999501424017717710e+01 6.562343042716385355e+01 5.391455453769893325e+01 4.264390589111439311e+01 5.978119389698476738e+01 8.224131419138643651e+01 8.238801826676571238e+01 8.238802265306074446e+01 8.238802017307550329e+01 1.023517028841484660e+02 9.503868320740140518e+01 1.033112838378071245e+02 1.148268652128752763e+02 1.287568329744092921e+02 1.103269051123204036e+02 8.994654908271063221e+01 8.817409950685453168e+01 1.078597988722863192e+02 1.159735962526681732e+02 1.053881767025688987e+02 9.368699512577518362e+01 8.100026187259726385e+01 6.082498280180404748e+01 6.049209852919586439e+01 8.066710234544763125e+01 9.327702034992799440e+01 1.014407808711456340e+02 1.098651786698069941e+02 1.200471687044389455e+02 1.212264050142903784e+02 1.081784672386377508e+02 8.834480838547003145e+01 7.797002938270641437e+01
4.553886587987648937e+01 5.705374548987759908e+01 7.717888087754992910e+01 8.105922543965975535e+01 6.012289695677121415e+01 4.602753745873657465e+01 4.009531976974668765e+01 5.747618236187659591e+01 5.719492483942709526e+01 6.439251087045288102e+01 6.243363692100653850e+01 6.243363692530751052e+01 7.796615353796842385e+01 8.351630710019588832e+01 7.508134236580391985e+01 8.661956675246099735e+01 1.065394101622695331e+02 1.203699202846302398e+02 9.996145882633145163e+01 8.824468533414504634e+01 7.917624692274523568e+01 9.943314658613860502e+01 9.559704925861616687e+01 9.697296508170758500e+01 7.672643538371590921e+01 6.509967767410216766e+01 5.689239845176808785e+01 7.704356463515925668e+01 6.839681624583357689e+01 7.446530722162904681e+01 8.116221915089509764e+01 9.124815190659052178e+01 1.116334179202640655e+02 1.129754556908692678e+02 9.311818567559056703e+01 9.676206261683091725e+01 9.214348767085972725e+01
4.708156738386176698e+01 6.711673842962213143e+01 8.550508133056064253e+01 8.601922503064734826e+01 6.590287626521168818e+01 6.583581974668173586e+01 5.740498965035394718e+01 3.764951019692199452e+01 4.099560666812983101e+01 4.464635751626263982e+01 4.846544825256056299e+01 5.306222281592790324e+01 5.798389582850591495e+01 6.350531569578446778e+01 7.767252877592579807e+01 9.762443598615071494e+01 9.839813674891020412e+01 1.070573358031356577e+02 1.085870895679357773e+02 8.824468533414504634e+01 7.399954704141826767e+01 9.420283758858434453e+01 8.127866458043833120e+01 9.826448044460077824e+01 9.368699512400843332e+01 7.498689486475846877e+01 5.487337256688383746e+01 7.498689486475868193e+01 8.858592172848949531e+01 9.468126211521973801e+01 1.014407849134272226e+02 1.098651786698069941e+02 1.200471687044389455e+02 1.104741766990323413e+02 9.676206261683550736e+01 7.687545531677180577e+01 8.528052453886056128e+01
6.711674507638042542e+01 6.342323948730219740e+01 8.355271103426552770e+01 8.811156048279839581e+01 6.793910237560653798e+01 6.792948470786706139e+01 5.576984399508344126e+01 3.591461220801539866e+01 5.578473296755925048e+01 6.439250872779945212e+01 6.827814047223056093e+01 7.297058911058351782e+01 7.796615353796842385e+01 7.767252673961731091e+01 9.178645849196692552e+01 9.488597052475313376e+01 7.724370139807018631e+01 9.488597052475313376e+01 1.041171353626071294e+02 8.999016030092410290e+01 6.982283202414379275e+01 8.428680450159046700e+01 6.966602049179783762e+01 8.922085334216326657e+01 8.724533035368612843e+01 6.705047305640646016e+01 5.291056011450022112e+01 7.296540981368494272e+01 8.321260627876878857e+01 8.994677887458765042e+01 9.835409919345276819e+01 1.084967188261149857e+02 1.080410042926492906e+02 9.813832236087571914e+01 8.241061013615980357e+01 8.241842175419733962e+01 6.524580504613695098e+01
8.186990600984718469e+01 8.355254507556792021e+01 8.508497685048048709e+01 8.218073403078548722e+01 6.204896109924803227e+01 4.802325829825372949e+01 4.104548346973494688e+01 3.435782158211987536e+01 5.426138048351020160e+01 5.943081519668738366e+01 5.587846525962171995e+01 6.943226585384088878e+01 8.925092592379685641e+01 9.762425732475398377e+01 9.612569439454952658e+01 8.618461780454823895e+01 6.519179129712858867e+01 7.438255486417999407e+01 9.545856724623841671e+01 9.601489540179674975e+01 7.656529669724604048e+01 6.417469625070124550e+01 6.072104583782803644e+01 7.637163923020597167e+01 8.475156268890916067e+01 7.098918511057750891e+01 5.101105706863196332e+01 7.098934675559264917e+01 6.304792004056119481e+01 6.974426108713106487e+01 7.980905834110990327e+01 1.000844994080652555e+02 9.985899977861640764e+01 8.003200791873210562e+01 7.000383881847874079e+01 6.234254550949506068e+01 8.241842175419733962e+01
6.879823956006987373e+01 7.924158090453930470e+01 6.494377227212741843e+01 7.924158090453930470e+01 7.634815754571562252e+01 6.793332263906013679e+01 5.283185849473274232e+01 3.287257707819883024e+01 5.065579211456490327e+01 4.112070322640797571e+01 5.943082897567986578e+01 7.792688314378244741e+01 8.974952609811674620e+01 8.993904757772415337e+01 7.509888748965417449e+01 7.825007519669725298e+01 5.740804242553547709e+01 7.825007519669725298e+01 9.027469463262175964e+01 1.040348844238674957e+02 9.261417273096147085e+01 7.573736837034500979e+01 7.637163923020605694e+01 5.631043700836273302e+01 7.217751809205593361e+01 6.904764062193940788e+01 4.914986303110583776e+01 5.454748134951218219e+01 7.461435517662484074e+01 8.994677887458765042e+01 9.835409919345276819e+01 1.084967188261149857e+02 1.080409890189910982e+02 9.813831714316913235e+01 8.050411271174992578e+01 6.042745967124110962e+01 8.050411271174992578e+01
6.048150618662297973e+01 7.020577887625766778e+01 5.065365855624360591e+01 7.020577887625682934e+01 6.921424748957352335e+01 6.089641191604636106e+01 5.701336122113351479e+01 4.875826838836042043e+01 3.085266038329617189e+01 3.848595903095256432e+01 4.758960268897737222e+01 6.065393245484919049e+01 8.154525475849722227e+01 8.125749664539785044e+01 6.066565711623884027e+01 6.823407382043150449e+01 5.175089171430035861e+01 6.028018326095643431e+01 7.439418059702379082e+01 9.636907532391958853e+01 1.043200667827273236e+02 9.595110363642470475e+01 8.475938913092275584e+01 7.217766338342062227e+01 5.220670997884202080e+01 4.948278191594260988e+01 4.739383470351401684e+01 5.874807488356611884e+01 7.291616110817041374e+01 9.313834789558917748e+01 1.044093861048643532e+02 9.616830854682166319e+01 9.616828415400858887e+01 9.272382056395409222e+01 7.277159685384805243e+01 5.855804632159848211e+01 6.374792446465622220e+01
6.054141512409674419e+01 5.219291527949146570e+01 4.140121773752275658e+01 6.181635365436946472e+01 6.089620714537505819e+01 4.100093773884843529e+01 4.681416966244437106e+01 2.899210603451981072e+01 4.806821347250951248e+01 4.491488971944697539e+01 6.491380036346124882e+01 7.792697508737617795e+01 7.551937117667742427e+01 8.368818059826952549e+01 6.823407382043150449e+01 4.875006104018243036e+01 4.643017148095612612e+01 5.810684260863714456e+01 7.279139063293180811e+01 9.385111346026646117e+01 9.892569892600680248e+01 9.093353252360459749e+01 9.892569892600680248e+01 8.055589415028015310e+01 7.217765819454807286e+01 6.546471503946878556e+01 4.563380608522661674e+01 6.546471503946881398e+01 7.990500993931850360e+01 8.998821516303127055e+01 9.616830906206102725e+01 7.625326052598585136e+01 7.625326049800754902e+01 8.267812379087347097e+01 7.442251544139644182e+01 5.683403277325027148e+01 7.686303567738976028e+01
4.419101836826622076e+01 3.149294860536550189e+01 5.218734338660872396e+01 6.344962148506869681e+01 5.457638941518886355e+01 4.623588290424627445e+01 2.690308539325370418e+01 4.682467168350157039e+01 5.685597984671399274e+01 6.486170509980750865e+01 7.322956705896926621e+01 7.239076085767672453e+01 5.660981139999217504e+01 7.242723809214975006e+01 6.116159289429746337e+01 4.289489265451053512e+01 4.253026399225244347e+01 6.726680439673081935e+01 7.764066055596029514e+01 9.084685393139471898e+01 8.914482950473453116e+01 7.126122255127975791e+01 8.914482950473453116e+01 8.202326199965743569e+01 6.193968103479965492e+01 6.193968019691144633e+01 4.414489205974998498e+01 5.156558483160473827e+01 6.146993456947329548e+01 8.159484333084165542e+01 9.800226845726110980e+01 8.208624270222810537e+01 6.209376734138035658e+01 7.209000563861508226e+01 5.442541664331720597e+01 5.858659722786811841e+01 7.982390114434625161e+01
