MOVIE_S2_data/elevation_000338.asc
nrows	100
cellsize	150.0
xllcorner	0
ncols	100
yllcorner	0
NODATA_value	-9999
[rows 34 to 50 of 100, columns 0 to 36 of 100]
2.978181695229736945e-03 2.000297818169487485e+01 2.671494883094483441e+01 2.025136516853530821e+01 3.852877855894558934e+01 5.234160818159754314e+01 6.060781577975102152e+01 7.001674396130182743e+01 6.896008113703703657e+01 6.666414239753889603e+01 5.699921703916341187e+01 6.816763923522604784e+01 7.637380290425861062e+01 8.045590604481513708e+01 6.043159843572821899e+01 4.624112814356708867e+01 5.810897806267335142e+01 6.640174115680545697e+01 6.393773194519087610e+01 4.387839806797445164e+01 4.538261400241609067e+01 6.543946069296374901e+01 8.313138555750984438e+01 7.818240326784508909e+01 5.817935338826065106e+01 6.965742698891114060e+01 7.696435460472943646e+01 6.966091465567033936e+01 5.721568729722924473e+01 7.133101681791046644e+01 9.144718031715927964e+01 8.898971909670710545e+01 6.901703016219119036e+01 5.776432651910720750e+01 4.914698741259314119e+01 4.621570017481028003e+01 6.574588827121901602e+01
1.893497408783086870e-03 3.335226830742109794e+00 6.715843849656126352e+00 1.025137775558730446e+01 3.024981205257871508e+01 3.235362532763892318e+01 4.179259127376974448e+01 5.551925466396413356e+01 6.376186360460782510e+01 7.524304169276523169e+01 7.565296745230989472e+01 8.364072892326238673e+01 8.742774866994886906e+01 7.892606097881066773e+01 7.228090131879773139e+01 5.223872633781746799e+01 3.805550547934976180e+01 5.142446032943457368e+01 5.198516833910962021e+01 3.719850366806697650e+01 4.477454289182812630e+01 5.481336672632900076e+01 7.485157703090587233e+01 8.122410585167204999e+01 6.119003118308744149e+01 4.970840326498960593e+01 5.695739258991108755e+01 4.970840374130752082e+01 6.965988946399384929e+01 8.006155417508536232e+01 8.840856792852410706e+01 9.733057413700453253e+01 8.577161821231368322e+01 7.492345641820485014e+01 6.144240606368777691e+01 4.200705795873530946e+01 6.158840436854698197e+01
9.179827644033159914e-03 2.000917982764367764e+01 2.671494883094483441e+01 3.024981205257871508e+01 1.602488042701187254e+01 2.179838281553752921e+01 2.846504411223418884e+01 3.553606709714291156e+01 4.708154731035611462e+01 6.703985363749396242e+01 6.911506182733359083e+01 7.866854907452976420e+01 7.892606097881066773e+01 5.830799382669756170e+01 6.434688514111117286e+01 6.639392867668831855e+01 5.142445240467039014e+01 3.140562760273682130e+01 3.196269942228983396e+01 5.198516833910962021e+01 6.483247187861131522e+01 7.311945398486176373e+01 8.313138555750984438e+01 8.954286641193900209e+01 7.796779329116476731e+01 6.281729463661288548e+01 4.286354580737215514e+01 6.281729640891613542e+01 6.588967171665369449e+01 6.002005287108093512e+01 8.006175704895855461e+01 8.341072606792984345e+01 7.504290192969756390e+01 6.824371662962551000e+01 4.889748355812015035e+01 3.885272291070533157e+01 5.535447506994905353e+01
6.604900230173384179e-03 1.414874052396124959e+01 3.414874052396195481e+01 4.429525131648916414e+01 3.602148852169835891e+01 2.757166218237670563e+01 4.755563343830098688e+01 5.551925466396413356e+01 6.376186360460782510e+01 5.959459630389450524e+01 4.757451006849561992e+01 6.521737208474232261e+01 7.892606097881066773e+01 5.830799382669756170e+01 4.390023995256026978e+01 5.466315386920341268e+01 4.705476976055555127e+01 2.708651906039929713e+01 4.705597723506827634e+01 6.028033913592852144e+01 6.331199308923619640e+01 7.159654641788584684e+01 8.314943051159903575e+01 8.385754077586862820e+01 7.228340217111075106e+01 5.962258737244459184e+01 3.963755876654889221e+01 5.520932930370359770e+01 4.590889593964467252e+01 6.588967224376555976e+01 8.341072606792984345e+01 7.168188156790809273e+01 5.468104177042780378e+01 6.930360136751102118e+01 5.528743426454502696e+01 4.818243704878169353e+01 3.459695290993370520e+01
5.101467937297931264e-03 2.000510146793694233e+01 3.051480299141340424e+01 3.654502988296821542e+01 4.482930113042981901e+01 4.755592140204143448e+01 4.389009144849099897e+01 6.379621352291615466e+01 5.408941390522977599e+01 4.004746604218031081e+01 3.629884698206710425e+01 4.997729350590368824e+01 7.213216098694525158e+01 7.256960532523652319e+01 5.466371389292611127e+01 3.443991900138628637e+01 2.912993855642608310e+01 2.447602496004051886e+01 4.441095658993357631e+01 5.174689352159895606e+01 4.328065304349564002e+01 5.485075942448560937e+01 7.487025322264148031e+01 7.552903446853304104e+01 5.550697587226754592e+01 4.395671526344410296e+01 5.131221489850580753e+01 3.514538985138259619e+01 4.935301378842821407e+01 6.934772602538920694e+01 7.504290192969756390e+01 5.468104177042780378e+01 4.281891824208572928e+01 5.340157218109067117e+01 4.965695014980988020e+01 3.218113724401388254e+01 4.798110340781123284e+01
5.600358222118538565e-03 5.169578153165318213e+00 1.051480299141375951e+01 1.654502988296892596e+01 3.068716550670012921e+01 5.068716550670083620e+01 6.379621352291615466e+01 5.903407817453369688e+01 4.103090965204961549e+01 2.884954067333417527e+01 2.779902162400243526e+01 5.525312100385125547e+01 7.364046148388727886e+01 6.638676647123659791e+01 6.286703342194831379e+01 5.457673503617876065e+01 4.181572498072190314e+01 2.191024389363474612e+01 2.663129951459898237e+01 3.174752534551896588e+01 4.588074057493344782e+01 6.590903952439369107e+01 7.382438153823667903e+01 6.551474557686844946e+01 6.551420877958055655e+01 5.131221520339168052e+01 3.111068465494564705e+01 5.131221509260069524e+01 6.350944987087716243e+01 7.196024515634958618e+01 6.776703448702876642e+01 5.943688157718561627e+01 5.340157218109067117e+01 3.324403890561995212e+01 2.983382886144296720e+01 4.982053388024857554e+01 5.124601709799193117e+01
4.575904209876861112e-03 2.000457590420952059e+01 3.051480299141340424e+01 3.654502988296821542e+01 2.919414052364221845e+01 4.333627614737267209e+01 6.333627614737196154e+01 5.636752173817674105e+01 2.789035395049693378e+01 2.742230996514183872e+01 2.263843626549905963e+01 4.205335926214675624e+01 6.584529872617241608e+01 4.977292583656917913e+01 5.391550743299320914e+01 4.654069550189582571e+01 3.949121910024621229e+01 1.964818365021733726e+01 3.938323688238393316e+01 5.174689352159860078e+01 4.588074057493344782e+01 6.590903952439369107e+01 6.551474557700602475e+01 4.546205371383749139e+01 4.546204896091255421e+01 4.874582407659291050e+01 2.842711660612906499e+01 4.874687319708394995e+01 6.399201505408598933e+01 5.143722443221802365e+01 5.943688157718561627e+01 3.939891429168140036e+01 4.526789902841133539e+01 2.753750042415500943e+01 4.747654175392828080e+01 5.814300901964246293e+01 7.000457180690362691e+01
4.658155261040713979e-03 2.000465815526068525e+01 3.299655283670109185e+01 4.128082408416128146e+01 4.919414052364150791e+01 5.747841177110311150e+01 5.883576999964314069e+01 4.085782312703516084e+01 3.595585236067058332e+01 1.737385293284210519e+01 3.276777819549159432e+01 4.886779584734972559e+01 5.675268108159762903e+01 5.391550626949889846e+01 3.519497976721523713e+01 2.803289703472948702e+01 3.722291250671330687e+01 1.763169414258114287e+01 3.760877298161761928e+01 5.484217573349334174e+01 6.590903952439369107e+01 7.419252213473453139e+01 6.551474559021538369e+01 4.546205371383797456e+01 3.109982139050525873e+01 4.270273311061137633e+01 2.585601724898950948e+01 4.622920325009777542e+01 4.474729051081808251e+01 3.717338216705687870e+01 4.165170051620957281e+01 4.311174562438920077e+01 2.538914686156868683e+01 4.526789902841108670e+01 4.160217495153068512e+01 6.165851775863239936e+01 7.786273325428660996e+01
5.330849696878311485e-03 6.329886170033663717e+00 1.299655283670038841e+01 2.299655283670056605e+01 3.713868846043201444e+01 5.713868846043271787e+01 5.059980943552304922e+01 3.171394468528102806e+01 2.149603504030437051e+01 1.347653728901862991e+01 2.734479716851549469e+01 3.530315963809826485e+01 3.633026115631777486e+01 5.074208022575271571e+01 5.391550422290227118e+01 3.841617486360988920e+01 1.898522920718748708e+01 1.567665679847667803e+01 2.552703983034854218e+01 3.995259021731000360e+01 6.211869353170312280e+01 8.103861275865824609e+01 7.139114033556298011e+01 5.133535117965627848e+01 4.270761870361015156e+01 2.248388824345731507e+01 4.270761870443300268e+01 4.546479783666296726e+01 3.438049696083629669e+01 2.790242801839709230e+01 2.188393544376256017e+01 2.329946771674495665e+01 2.980489912547283637e+01 4.976461782385899824e+01 6.165851775863234963e+01 6.999058649220800987e+01 8.614050290902198981e+01
9.384206039104543359e-03 2.000938420603874945e+01 3.299655283670109185e+01 4.128082408416329230e+01 5.128082408416346993e+01 5.257085635768019216e+01 4.428820104844059813e+01 3.311164462813668763e+01 2.446382712349753419e+01 2.363917530982213222e+01 8.458701810118649078e+00 2.709312374278945512e+01 2.311653383986270072e+01 4.231220947247675923e+01 3.850920500473297636e+01 3.025212871338794329e+01 1.313186064465956449e+01 3.258954431961442566e+01 2.963528165408585480e+01 4.931704680771218108e+01 6.154700297835795908e+01 6.156651194757105117e+01 6.751637862630295217e+01 5.213511193024262980e+01 3.193824185642168700e+01 2.055333036368121569e+01 3.744281482527441796e+01 3.278908766448904544e+01 1.852785643481896116e+01 1.990420149174942566e+01 3.961098340534996964e+01 3.465449299360543733e+01 4.973888825611929576e+01 4.128982087592969208e+01 5.284873385579768268e+01 6.701310083160048237e+01 8.693587479516114058e+01
9.768314284573654735e-03 1.118526876515854163e+01 2.472055462781787583e+01 4.433301075829592008e+01 5.067559910970315684e+01 4.221215342370304313e+01 2.467680572815057616e+01 2.445095128882987012e+01 4.325865852808085776e+00 3.704152369089313446e+00 1.894011451271003921e+01 1.305494458828666282e+01 3.012575924016201512e+01 2.913644019978014299e+01 2.783482230795139856e+01 1.094784163725104342e+01 2.443097427135316480e+01 4.103840004454879420e+01 4.964753858319982527e+01 5.803701277118146606e+01 4.236992121207075002e+01 4.804731476969762838e+01 4.804731476969762838e+01 6.045540560572357691e+01 4.881323375081618110e+01 3.745420915644526616e+01 1.793651263486155401e+01 1.657803739822758615e+01 3.624731502175857401e+01 2.733469854931400178e+01 3.711783641768911934e+01 5.446680238034611676e+01 6.270290776706296754e+01 6.131874735325099124e+01 6.960210725396710529e+01 7.561818919436463204e+01 6.711151293942671714e+01
9.313476842122882932e-03 2.000931347684176842e+01 3.285068416568095984e+01 2.801065742565974759e+01 2.625798721684031989e+01 2.407683599893560356e+01 2.016913549005030148e+01 1.051311763262169130e+01 3.230094087690245530e+00 2.317680030413428582e+01 4.184399485462612311e+00 1.606648367098636498e+01 2.514146268151857555e+01 1.100598773220712623e+01 9.036663207682417820e+00 2.783482230194716678e+01 3.850908369003330023e+01 5.258331491456807072e+01 5.558000496895566300e+01 5.183974205585273154e+01 4.804731476678121282e+01 2.944306470002385723e+01 4.804731472578215801e+01 5.843197246863051220e+01 5.094736042955037902e+01 4.578422159660926383e+01 3.487191792421344161e+01 1.519440160380392513e+01 3.487191792530671108e+01 4.822729338030971746e+01 5.454703452844595546e+01 6.421054523914386891e+01 6.532512451546233478e+01 7.285128950810386073e+01 6.837430270213675954e+01 5.994387653589270570e+01 4.672779914825405712e+01
1.757287057980242524e-03 1.997609244438471521e+01 8.094267543313312663e-01 1.143952592850375982e+00 7.955486860579592978e+00 2.201956972228204990e+01 1.318550567763722192e+01 2.757710516021471214e+00 1.838632334214265640e+01 3.053632117486137432e+01 2.513506575460252890e+01 4.670732433563795638e+00 8.712232761389973490e+00 7.115063784261633550e+00 2.471950360117196865e+01 3.377813579696312019e+01 4.089918490728101119e+01 4.019600266769965202e+01 3.162417912513435780e+01 2.904651210001218686e+01 3.567646298710031516e+01 2.401789269919139258e+01 3.986438560759943073e+01 3.834601392231456174e+01 2.831104800992400072e+01 3.439256445294862630e+01 3.213607890543165269e+01 1.404420206284906136e+01 2.488235652342396875e+01 4.399770138282627130e+01 6.003337014585449083e+01 5.261906565992698148e+01 4.735604375765348806e+01 6.532512451546233478e+01 5.665911028725984266e+01 3.967805904716446008e+01 3.662692170603799013e+01
1.954507115700021471e-03 3.363577848189302499e-01 3.398286806312635910e+00 1.205061731813836978e+01 1.616798031894791210e+00 1.951699288505515772e+00 2.285499180353037119e+00 1.427962916248274894e+01 1.737986055492525495e+01 3.165342508149280221e+01 3.431172796943712910e+01 6.233455292419212590e+00 5.159693526983184064e+00 5.508972064564237492e+00 5.862590128189104632e+00 2.560399544364778990e+01 2.398336436523922899e+01 2.481940211992829859e+01 1.463182197716502309e+01 1.254755288946714664e+01 1.696003376647652061e+01 3.203441216717606466e+01 2.649523723306246126e+01 9.943432698562002514e+00 2.977424942354910797e+01 1.834429540199364794e+01 1.242757456828162965e+01 3.213320261986643800e+01 4.199047721715008663e+01 5.207822709876783307e+01 5.255114523181950403e+01 3.396237272641321425e+01 5.261455262967466240e+01 4.991612705726458898e+01 4.154173604723364832e+01 2.815490256243462497e+01 4.824340135342759339e+01
9.499524778340364892e-03 1.737759755989657151e+01 1.917499060301889457e+01 6.434824354352773668e+00 2.091594544411094603e+01 2.124554800344980876e+01 8.184859801276960667e+00 6.888032010594398180e+00 1.880237649332920569e+01 2.891286486292267810e+01 4.512455492595174888e+01 2.863952699821973269e+01 7.432588521599203801e+00 2.819241304662695313e+01 2.368954665705539853e+01 6.362008720599429346e+00 2.409275000978024650e+01 7.369614806774268168e+00 7.725682271750909713e+00 1.365582300608343935e+01 2.503677381697149684e+01 2.820361966380383834e+01 9.438429521681635848e+00 1.874430880311395242e+01 1.045152954847125670e+01 1.081190991023999359e+01 2.985742624399513900e+01 3.899951889573173958e+01 4.968055246367492117e+01 4.242431236804036132e+01 3.796523766124215626e+01 2.745024444297319377e+01 4.332890400774484618e+01 3.574128658729042485e+01 2.188397936889376183e+01 4.154173604104393291e+01 5.665080396983151445e+01
7.291241591682445615e-03 1.317527029415295026e+01 2.591245284417212957e+01 2.458003604321633517e+01 1.155281232190381502e+01 2.894994642837060894e+01 2.566853407038223267e+01 2.902584191951678250e+01 1.179492265754927871e+01 3.285741480677866377e+01 4.698589943193227469e+01 3.098482843495573036e+01 9.978857126870474659e+00 3.097954334133276788e+01 3.045607828981392373e+01 6.524114578819296462e+00 6.847871258130576066e+00 1.278197706041809489e+01 2.426715598040377131e+01 8.228034675253054431e+00 8.582214760972050271e+00 8.935997652711563433e+00 2.593382368534118498e+01 3.140529968168954511e+01 3.006319080776804853e+01 3.047967637330559043e+01 1.134944114003831217e+01 3.104125250410846704e+01 3.290671695012223097e+01 2.392413023655950965e+01 1.872088918480547903e+01 3.293484708196001520e+01 3.358884769380945556e+01 1.712189591360537833e+01 3.574128427382742501e+01 4.990741259087281634e+01 5.787352487541176060e+01
1.086749991637594439e-03 2.000058951384338712e+01 3.608488922723010717e+01 2.985544486352102567e+01 3.002647269649771644e+01 1.739932985831347523e+01 3.597519602295547969e+01 4.138506598981843609e+01 3.285742335309784323e+01 1.734923345384410709e+01 3.851390450645043018e+01 3.929198937001556402e+01 3.098482843496429240e+01 1.366559441399540376e+01 3.407939106717504529e+01 3.197315409870124014e+01 2.768004566915197628e+01 1.485246965283452703e+01 3.071731682533687291e+01 3.197027644894411580e+01 1.915049573648060033e+01 1.090039382772159549e+01 2.407262514648714813e+01 4.100557039996148490e+01 3.493904572185834922e+01 1.527625364654275941e+01 1.703364372067333932e+01 1.189091365870780770e+01 1.227300636919941823e+01 1.265505417487157480e+01 1.303678129857334156e+01 1.341919756253561680e+01 1.380200302490899311e+01 1.418533335753593150e+01 3.397487667802662514e+01 4.282820702912766819e+01 4.647380705952038937e+01
