MOVIE_S2_data/elevation_000453.asc
nrows	100
cellsize	150.0
xllcorner	0
ncols	100
yllcorner	0
NODATA_value	-9999
[rows 0 to 16 of 100, columns 37 to 73 of 100]
9.114189959681725384e+01 8.978353658462441444e+01 8.133183082978301570e+01 8.978353658462441444e+01 9.998564791409846464e+01 9.835215372030586423e+01 9.002560096990917771e+01 8.741957421894794322e+01 9.574496451224659666e+01 9.296777564741253741e+01 9.296777564741253741e+01 1.013018174025072398e+02 1.116679910492765657e+02 9.996125278587210516e+01 9.155241579451173095e+01 9.155241579451173095e+01 9.996125278587210516e+01 9.818776202237805251e+01 1.066055134432768767e+02 1.196089788552056774e+02 1.112221857232423758e+02 1.112114857904228415e+02 1.171517166056296588e+02 1.124257866673321331e+02 1.040865391969243632e+02 1.040865391969243632e+02 1.014759161719951948e+02 1.098143078260755203e+02 1.214333026956309851e+02 1.270860195396296461e+02 1.187836384056341075e+02 1.187836353281452375e+02 1.201600685653885137e+02 1.284649892745287332e+02 1.243039287800042842e+02 1.160128797799656297e+02 1.185920081133707811e+02
7.949643749407501048e+01 7.970829923305856823e+01 6.128646197119954309e+01 7.130914640049128650e+01 8.978353658466269849e+01 9.002560096990917771e+01 7.001069165159753993e+01 6.742018741852648134e+01 8.418142268596528766e+01 7.293232214610311814e+01 7.293232214610311814e+01 9.296777564741253741e+01 1.032455386684818563e+02 8.299245575161984334e+01 7.140938851157241629e+01 7.140938851157241629e+01 8.830500300633296717e+01 7.796927205405279437e+01 9.491481685081573971e+01 1.078771609796599762e+02 9.087201130485593126e+01 9.086617960881353895e+01 9.682518182409029350e+01 1.040865391969243632e+02 8.397316131246061843e+01 8.397316131246061843e+01 8.136389148022369966e+01 9.297269394120448283e+01 1.130915337532800464e+02 1.187836384056341075e+02 9.904814945891544653e+01 9.904814944659754872e+01 1.004091283312760652e+02 1.170112320069539464e+02 1.128767963438482980e+02 9.631328508821530932e+01 9.885991813369236070e+01
6.221339010436651051e+01 6.351534124278464333e+01 5.143876410834818813e+01 6.128646197119954309e+01 8.133183082978301570e+01 8.786042329583362687e+01 7.587290646782888359e+01 5.600733229402305824e+01 6.884961186767662866e+01 5.889865312286440258e+01 7.880057061248886896e+01 8.734057681548465268e+01 9.566729595053963919e+01 9.418197127217840148e+01 7.401650534659584935e+01 5.995709668427481631e+01 7.992283357041277725e+01 6.643791440279805727e+01 8.590962960659966541e+01 9.947300704473111921e+01 7.934335965374761201e+01 7.675863597321277609e+01 9.622828536788561848e+01 1.046199962268967454e+02 8.986423330225265715e+01 6.979730491866661168e+01 8.986423330225265715e+01 1.000082294785894277e+02 1.100643490301764160e+02 1.171493686441491491e+02 9.739089606918705044e+01 8.515038848287019846e+01 8.907028830963793098e+01 1.087568579044754955e+02 1.046393134817570854e+02 8.496365471064710562e+01 1.046393134817570854e+02
4.243251883424611037e+01 4.372452582767581220e+01 6.351534124278464333e+01 7.970829923304911802e+01 8.978353658461249154e+01 7.954615158105129069e+01 5.963557933544311851e+01 4.979742633465977519e+01 4.906444636451478658e+01 6.693589124899246201e+01 7.320864884899472713e+01 6.735501409135078177e+01 8.734057681548465268e+01 8.616896530699746393e+01 6.610800753048590650e+01 5.472810172661660744e+01 6.814376447539520143e+01 5.761792759956520626e+01 7.163678224239400549e+01 9.175030859602419753e+01 8.785114970485450669e+01 6.814802498247914286e+01 8.785114970485435038e+01 9.628301372601259800e+01 7.619115671636831166e+01 6.468094251080167112e+01 7.161746137076146113e+01 8.162134772077726552e+01 1.017259034898675907e+02 1.113243180477404337e+02 9.161948371540297842e+01 7.761136352707963226e+01 9.739089606918705044e+01 1.090901500879044761e+02 9.870687915022637071e+01 7.894835129541672814e+01 9.293453150077330349e+01
3.693505519074290788e+01 5.672714755776917173e+01 7.186774089261037091e+01 8.005278821777197606e+01 8.851465554538692970e+01 8.786042329583362687e+01 7.788143397623311159e+01 6.259299327818361292e+01 4.282641481651698001e+01 4.714783668768470193e+01 5.337244755943078900e+01 6.735501409135078177e+01 8.734057681548465268e+01 9.456545761894298607e+01 8.294775226936710055e+01 6.814376447539520143e+01 4.839115546032963522e+01 5.970345141542407674e+01 7.366869228788709734e+01 9.361445230711544241e+01 8.263650045635053232e+01 6.320731103439120346e+01 8.276382477698609819e+01 8.308986819064078588e+01 7.477442890497194128e+01 6.017739761544904553e+01 7.421705865692349846e+01 9.428285312110661209e+01 1.100643490301764160e+02 1.068037213415326079e+02 8.707464939674729010e+01 7.299107947555779674e+01 8.106939539655607518e+01 9.507937642395593514e+01 8.732849802270845885e+01 7.375641918426202892e+01 8.374546659523421965e+01
3.341452199360977460e+01 5.322836586731312991e+01 6.586667399889903152e+01 5.999059309206803903e+01 8.005278821777197606e+01 8.556404586607962415e+01 7.288881394284356929e+01 5.304548413893498093e+01 3.906710709290480565e+01 5.885746087723966014e+01 7.320864884899472713e+01 8.151115502094516785e+01 8.847479961609612076e+01 8.013194833271144546e+01 7.881984459057750314e+01 5.891694938118200042e+01 4.502472669481575451e+01 6.474637242276871518e+01 7.918463703831996270e+01 8.758179727746178855e+01 7.815702509199724091e+01 5.867196142234205780e+01 7.199859218194283983e+01 7.003929167924738408e+01 5.497089480868012856e+01 6.630988746568816339e+01 8.605996978104347761e+01 9.939008505419752737e+01 1.076512191202383661e+02 1.107213942733704926e+02 9.098897143555306855e+01 7.696057192856120821e+01 6.692826852236063928e+01 8.180070584613069684e+01 6.739776865892419266e+01 7.896420526712466881e+01 9.875433410478096619e+01
3.029829647783600777e+01 5.013396428089465928e+01 4.601048138264660992e+01 5.776041730819278541e+01 7.779257260246652095e+01 7.725520641250459164e+01 5.736949623591919334e+01 4.597371928626155579e+01 3.606120512597573224e+01 5.587395278636698492e+01 7.187228293882085950e+01 8.016641591512626519e+01 7.693794483774712489e+01 6.021539217255736531e+01 7.122095009351210138e+01 6.154657998667569530e+01 4.181901347345666409e+01 6.154657998667569530e+01 5.922198610007487929e+01 7.919255883733097789e+01 8.333184260372694041e+01 6.370207705829542988e+01 5.256056576935406355e+01 5.032985495576468082e+01 7.003929167924738408e+01 8.293238600504459157e+01 9.418095035757245626e+01 7.938682159094216217e+01 9.611232714791213994e+01 1.076512191202383661e+02 1.049888137154784147e+02 9.507934671613284650e+01 8.180070584613069684e+01 6.187451733153843492e+01 8.180025605314024517e+01 9.553912363216596759e+01 1.069807541164216502e+02
2.743934104129847640e+01 4.727092853904503045e+01 3.793868267100762637e+01 5.191917183323017326e+01 7.186243123574195124e+01 7.800846854664314378e+01 6.808232285646856496e+01 5.307200714354018345e+01 3.324328642513344789e+01 5.307200713022650973e+01 5.202055849308158031e+01 7.187228293933118550e+01 6.863311927231617915e+01 4.883268119604075252e+01 5.139421465889963514e+01 5.462313275886167929e+01 3.869121646760730471e+01 4.530369507539690943e+01 5.664663532601760920e+01 7.653338798505220097e+01 9.167866240147429835e+01 8.025726926210522549e+01 6.684125909229410922e+01 4.715513283692321522e+01 6.684125909229410922e+01 7.256437169919168184e+01 7.786710704153821894e+01 6.787341072955700838e+01 7.938682159094216217e+01 9.939008505419752737e+01 1.063517345899446553e+02 8.652902706411067868e+01 7.924941454004915897e+01 5.936789742918158908e+01 7.570676995206061122e+01 8.393362094008068652e+01 9.282326588678979817e+01
2.478241402535293503e+01 2.947493992156987730e+01 4.092542021814923459e+01 6.090242193097555656e+01 7.406878379902246934e+01 6.966996169145971862e+01 4.999901895237118055e+01 3.911593725802962496e+01 3.050904139880217159e+01 3.802712409943960381e+01 5.783499398359194998e+01 6.990142391660006638e+01 6.162156397225350446e+01 5.720133101890603200e+01 3.736837480968949166e+01 3.473667295417961043e+01 4.882035745261048021e+01 5.846522929601722751e+01 7.335471345084405925e+01 8.488158227348593243e+01 8.148774373066193277e+01 7.319330175082968992e+01 6.443629906319218037e+01 4.473867481511337019e+01 4.843055738083089778e+01 5.280285875878887225e+01 5.801452948785347985e+01 6.941640370335777277e+01 8.941098248133860693e+01 1.043751978108588787e+02 9.650433741477435490e+01 8.652902706411067868e+01 6.668264921250069222e+01 7.249551284546915042e+01 5.591094752045152916e+01 6.471159220567703585e+01 7.622457240947831281e+01
4.113734005317105158e+01 4.930340729132142741e+01 5.752769875890455609e+01 6.910476346348916366e+01 5.418718207062261172e+01 5.418747810055478453e+01 5.810809314154464289e+01 4.081261434940829957e+01 2.806016485308758490e+01 4.787751389068853314e+01 6.609348670999274589e+01 6.162155727813500761e+01 4.178413824042171143e+01 4.759438117164749826e+01 3.106084685857427274e+01 5.092959958335568160e+01 6.287817008275416697e+01 7.692214634390434469e+01 8.669631785041362093e+01 8.354346042847237186e+01 7.319330175082968992e+01 5.339068240953021416e+01 5.919073532934099546e+01 4.235737686943482316e+01 5.625811879665136672e+01 7.256437169919168184e+01 6.890030750586220165e+01 8.616080750503076047e+01 9.771273733760871494e+01 9.650433741477435490e+01 7.710708014165213342e+01 8.278840526052948690e+01 7.249551941869232508e+01 5.280440969919660432e+01 7.245277938628824188e+01 6.840421476891222596e+01 8.247444208134493238e+01
3.893958790718934893e+01 5.124420725355883377e+01 5.866173248198596468e+01 7.187389701024703470e+01 5.409411363719674171e+01 3.441641584342882254e+01 4.170818852880392313e+01 4.018538672786959154e+01 2.568882950969009826e+01 4.478450233906896472e+01 6.138268909091734571e+01 5.237501854925397282e+01 4.564320982956167683e+01 2.820850796857772025e+01 4.759437913909783191e+01 5.918111491195553953e+01 7.144067596851836299e+01 7.847425232348724933e+01 8.692189024036490252e+01 7.219570559392934683e+01 5.562432682884179513e+01 5.648669186155011346e+01 3.950296734649759145e+01 5.919073530946793227e+01 7.032257190602427954e+01 8.438702881475718698e+01 8.886758774430992958e+01 9.717807422215393842e+01 1.064562700040478802e+02 9.893948846400972741e+01 8.278818853581692849e+01 6.314731669605119180e+01 7.031040497031185055e+01 5.074513798777328333e+01 7.034700262813608163e+01 8.827245977757796425e+01 9.649831559030133121e+01
3.759695113400989896e+01 3.108210242102416387e+01 4.530501125218538760e+01 5.440858536911147070e+01 4.831869454982660272e+01 3.670732237029295675e+01 2.194141822059964753e+01 2.241997761497203712e+01 4.217539462411905049e+01 5.113366226235848444e+01 5.195727889317302584e+01 3.642876618615265727e+01 2.580683091382053007e+01 2.632902969442202945e+01 4.616239888629591093e+01 4.415824129339153359e+01 6.163869854707022000e+01 5.695912596196181710e+01 7.539589462599215608e+01 6.117827065461703029e+01 4.599348313653780451e+01 3.678459162812547589e+01 5.648669186155010635e+01 5.191844964474863389e+01 6.586363855015059698e+01 8.580588722390614009e+01 8.460876192971117860e+01 9.232888953533313270e+01 8.632694856136676265e+01 8.530605563186860252e+01 7.138911065908652631e+01 6.755586426469382388e+01 5.273050697184844893e+01 4.873963089739455512e+01 6.835603558954680636e+01 8.773447352063311655e+01 9.963754445826319284e+01
1.858688421421250681e+01 3.718037833073991294e+01 3.932299727134741829e+01 3.412410519140359355e+01 4.030157324872498492e+01 2.126840797128595639e+01 4.100369164355063845e+01 4.220788976039167295e+01 2.312128804530068749e+01 4.293324085635923382e+01 4.416748588222683480e+01 2.507127838506325546e+01 4.487150302854233530e+01 4.616144959092278555e+01 2.709169877159400386e+01 4.691753399684851900e+01 3.752901698339447023e+01 4.792615409137733451e+01 5.746196525202682182e+01 5.123962846831115314e+01 3.378943868508756054e+01 5.385121649306613989e+01 6.472666640493245893e+01 7.170458795460430679e+01 7.999577061472376727e+01 8.164348874900397846e+01 6.615510991107674954e+01 8.158245833311868012e+01 7.072564215799340559e+01 7.613359484746196415e+01 7.049285368144872166e+01 4.480771472017659107e+01 4.608073017147734163e+01 6.543047001697988208e+01 5.904424444958289797e+01 7.048109428891713435e+01 9.086057826580388053e+01
2.163657675947594328e+01 1.922622948946684218e+01 1.968603205740198803e+01 2.014265707403201233e+01 2.059563456281011540e+01 3.981707842667547936e+01 4.903614915131593222e+01 5.004832831095625068e+01 3.665466280616978878e+01 2.383280226134462154e+01 2.434139081163852580e+01 4.414961914657419584e+01 5.303289279935979295e+01 5.513041561581157168e+01 4.111855885591873516e+01 2.785724040262542545e+01 4.461391052765399223e+01 3.981361125903477927e+01 4.234405296509830663e+01 3.073413316530592709e+01 5.123962847386235353e+01 6.207937925950797364e+01 7.452925254280087586e+01 8.272493384934391258e+01 8.362126889822310716e+01 7.383760934289382760e+01 5.514215075829315538e+01 6.789724488643665268e+01 6.022381422683024255e+01 7.669847344519621402e+01 6.282762914880754579e+01 4.382893849058395119e+01 6.282776795123929503e+01 7.212411338711363840e+01 7.885326655414556285e+01 8.760307193093358080e+01 8.781176335645663755e+01
2.233216017517627350e+01 3.899086393332315481e+01 3.938065841773148179e+01 3.454957787471565922e+01 3.436969390743466590e+01 2.254391805134633486e+01 4.231649047657428042e+01 5.253474845922038838e+01 5.051285568911286106e+01 4.349497195939500216e+01 2.608482159577534887e+01 3.409103122748097547e+01 5.413110867193186948e+01 6.916933155836584035e+01 5.532951002949081243e+01 4.515022102388778791e+01 2.862383495815750933e+01 2.916780880067233994e+01 2.971038910793813059e+01 3.027598813708804926e+01 5.006653567244600822e+01 5.903754230880470288e+01 5.472094102167865515e+01 7.128925809230366895e+01 7.561701098759664319e+01 5.628171893354683419e+01 4.722647703388598472e+01 4.999366159921741115e+01 6.325020751942876984e+01 5.684834399549461637e+01 5.861482639554294138e+01 4.217450343517688793e+01 6.098027282398969362e+01 7.144777621352541530e+01 7.084927137572667277e+01 7.834250213060194312e+01 6.840306102902053453e+01
2.465866730959238495e+01 4.462899857057623620e+01 5.626816513518480889e+01 5.312991493377744234e+01 4.847903640879189879e+01 3.651689734307271351e+01 2.455542603279543812e+01 4.429368939407457617e+01 5.451878776776097624e+01 5.988374914326269050e+01 5.179848814906927856e+01 4.793620756948630657e+01 4.832123875548293057e+01 6.815738033882510649e+01 5.561152592873321510e+01 3.587225939203626268e+01 4.007000641559032772e+01 4.317387183404958506e+01 4.951333946372885464e+01 3.317693931492915027e+01 3.107357203263446621e+01 5.087023988939873931e+01 4.332397903497062686e+01 6.308862191618468529e+01 6.261445682573450711e+01 5.442840413727908100e+01 4.033571388293419346e+01 5.501766404616321893e+01 5.365268539225395017e+01 3.793446812138835611e+01 3.974166589439526831e+01 5.766423608251314903e+01 5.795219523076316648e+01 5.011408828838530383e+01 5.277782543652016756e+01 6.770049407723001877e+01 5.472907906196488881e+01
3.878268115212457445e+01 2.830822191641054175e+01 4.824075776990151354e+01 6.037124058027215057e+01 6.457090215747570028e+01 5.259424745900648901e+01 4.436522205053120871e+01 2.662486503946746197e+01 4.618347819278629629e+01 5.661694039279642965e+01 6.824594504013568042e+01 6.793492515323002578e+01 6.234562738446750529e+01 6.401977440238054839e+01 4.430069571758524205e+01 4.982062226481028944e+01 5.404204182757978714e+01 6.297075525883384017e+01 5.856765575943125413e+01 3.837376174140907636e+01 5.082442904435612263e+01 3.187308331966136876e+01 5.164031838256717322e+01 5.951833021552931768e+01 5.270019057630747739e+01 3.518892998069232902e+01 3.579124927965936820e+01 3.641339900011129060e+01 3.703667094169470175e+01 5.300377683297017484e+01 3.889146592719281870e+01 3.956810024084359867e+01 4.024534593350160350e+01 4.092307340423759854e+01 5.152397811119011806e+01 6.027429882119952964e+01 4.353667599050505999e+01
