MOVIE_S2_data/elevation_000585.asc
nrows	100
cellsize	150.0
xllcorner	0
ncols	100
yllcorner	0
NODATA_value	-9999
[rows 51 to 67 of 100, columns 0 to 36 of 100]
8.392818110607037224e-03 1.155532990748875477e+01 3.153540025438902461e+01 3.612755201416973705e+01 1.656677039790653083e+01 8.714439046445827231e+00 2.344700800008868491e+00 2.233681664709352788e+01 2.488902985031809934e+01 7.970039540783259824e+00 2.431556656189174959e+01 7.274364271353897848e+00 2.596925350976911062e+01 3.403886059563696875e+01 1.820042458680877573e+01 3.646665624913615744e+01 3.276295016505657287e+01 1.277008157390470267e+01 2.692732954883152985e+01 4.685138461661878750e+01 5.023492180370860183e+01 4.937858986888314661e+01 5.155542923646668640e+01 6.935919723113089219e+01 6.571085208955318535e+01 8.559246294247223830e+01 7.108995211669581238e+01 6.275896024853822297e+01 6.397849120863609329e+01 5.553994722745060386e+01 5.607885767202117222e+01 4.335429117901915674e+01 3.428895870598793039e+01 1.616408571261509763e+01 3.029350351111157380e+01 4.497907887067564303e+01 3.903506877525646246e+01
9.749586777120887796e-03 1.998263424551920053e+01 2.067757157138361990e+01 2.089057709289900444e+01 2.080940159268625678e+01 1.858873859649078586e+00 2.172673639619918262e+01 2.986306005985346701e+01 1.188338402795794480e+01 2.721505637746080097e+01 3.451896465623825350e+01 3.343369240972923251e+01 3.200731362565225879e+01 3.817012734751050118e+01 3.817998315418257249e+01 4.165597499141550486e+01 2.174411799802735246e+01 1.465574053952449951e+01 3.461623671085071408e+01 4.564302324199896077e+01 5.974025145863332398e+01 6.927911941101724835e+01 7.145637061710672810e+01 7.970987136042951704e+01 8.559246294247223830e+01 8.363474070604732447e+01 7.362479290002441701e+01 6.535419422271340295e+01 5.826254164976307237e+01 5.195427067719661096e+01 4.945237826557973193e+01 3.865608722002563979e+01 1.867288965562423186e+01 3.615433624606822605e+01 1.673864257805232469e+01 3.673132355441296681e+01 1.789204515259721973e+01
8.728394755072454644e-03 3.498247348174561289e-01 6.909706924600201861e-01 1.032265632571712999e+00 1.373748406034404068e+00 1.953325086261373400e+01 2.972616219191799303e+01 3.871096621406029925e+01 3.090032797385129726e+01 1.591545050834300490e+01 3.473722679248688650e+01 4.657476406780862277e+01 5.775077157770110148e+01 5.813176536267906158e+01 5.425463164417580941e+01 3.433440640359839335e+01 4.165597499141576776e+01 2.878222828391092847e+01 1.745531766635102144e+01 3.154555023287098336e+01 4.850374749876542779e+01 5.019186582751646597e+01 7.015416429368526963e+01 7.343374544877774213e+01 8.173195670750224906e+01 7.538534903712907465e+01 5.532305161287689543e+01 4.529597731526943249e+01 3.825298253339553156e+01 3.196607502911748355e+01 4.115095020962098715e+01 2.121886976421532367e+01 3.865617243765115063e+01 3.868774290892613266e+01 1.883789936999473724e+01 1.731387700744821601e+01 3.400066306559190821e+01
2.389047986999138715e-03 4.642222027141976071e+00 1.610197164234237377e+01 2.095975364083761150e+01 2.940036264922005760e+00 7.657099342147573040e+00 2.788910442320062444e+01 4.428325982137988603e+01 4.251041479724314343e+01 3.240773389060559140e+01 2.010174440763465853e+01 3.870347750543779597e+01 5.121700762313785305e+01 6.062065228610015311e+01 6.253053452609039198e+01 4.840929118750854343e+01 5.697583205823675456e+01 3.737917915217387588e+01 3.737917915217386877e+01 2.032839558196049978e+01 3.028420822537598411e+01 5.019186582751646597e+01 5.930709607629237468e+01 5.345564631531954092e+01 7.343374544877774213e+01 8.363456137165664472e+01 7.362479290002441701e+01 6.251210243938304245e+01 5.414000983993701510e+01 4.375984597685816624e+01 2.382881067785213602e+01 4.118752251710188972e+01 3.949240938149827684e+01 4.749877726127309785e+01 3.157899009780921773e+01 3.730418769527994982e+01 2.303907877120857961e+01
9.035844539165390626e-03 1.999401249414730231e+01 3.409499107315743061e+01 3.034650859925987021e+01 1.035602955421887472e+01 2.788910442320062444e+01 1.570500622096404619e+01 3.597079787173527876e+01 5.495261869909753472e+01 4.484179348666088316e+01 2.642336767594636271e+01 2.489285919584617446e+01 3.401549518439507835e+01 4.698006890768542831e+01 6.614583283072460063e+01 6.836653185134986188e+01 6.559384999507412317e+01 5.641125112046916001e+01 3.648965150102165467e+01 2.242008107002223127e+01 4.232459735392639288e+01 4.865562829323669547e+01 3.938002446550328273e+01 5.930709607629237468e+01 6.225824300693022906e+01 8.225485162335374412e+01 6.840368068124213607e+01 4.826697645501035083e+01 3.414936977684959629e+01 2.663058746270651866e+01 4.378581774420737105e+01 5.207735176804644794e+01 5.818387072394823178e+01 6.417661386645680466e+01 5.618751289669931026e+01 4.596597581062737703e+01 2.714852006148943531e+01
9.762552285145669959e-03 1.415196350080123544e+01 3.415801395327266476e+01 3.854761239695346831e+01 2.047668389653988541e+01 3.880858880106229947e+01 2.744402816631104969e+01 2.674217294201313777e+01 4.733380750931794267e+01 5.185910779028118611e+01 3.330884147064470824e+01 4.330701694196830687e+01 3.011040399659728450e+01 4.851162343384091002e+01 6.425361503430897869e+01 7.546427648847496528e+01 6.638827552235918006e+01 4.643452193642068693e+01 3.237035181376325710e+01 4.232445328582076627e+01 2.561363288493066648e+01 2.876458361462848146e+01 3.239463742167516358e+01 4.231649213403742493e+01 6.225825065528569269e+01 7.786036374647970604e+01 7.430923278738545434e+01 5.416427683045711206e+01 4.863646781936826358e+01 2.869041350901754228e+01 4.017393733827249491e+01 5.431888421116269683e+01 7.438629741890191838e+01 6.364341837984550665e+01 4.497411063646098484e+01 3.438687645568583662e+01 4.596597589494825797e+01
8.769847284209264732e-04 1.414301260845949670e+01 3.414301260846020369e+01 4.891772923328892375e+01 4.053940440839682680e+01 4.894412653573023420e+01 4.173847053094662840e+01 3.872430535869420254e+01 5.569593764586208806e+01 5.991313907891449730e+01 4.235141786054776958e+01 5.412265416741115587e+01 3.551297053700609752e+01 3.743033184788078671e+01 4.800387624693492938e+01 6.729338934750163048e+01 6.638827925479708369e+01 4.643452194603596439e+01 5.227884194917381677e+01 4.878088689609724327e+01 2.888958097792947655e+01 4.865562771999744740e+01 5.228737359572581767e+01 3.811764747015419630e+01 4.959558952414410271e+01 6.956914893381920706e+01 7.235044787664325838e+01 5.227898539837438108e+01 4.073479858176452240e+01 3.080248662167198503e+01 5.075103486225867755e+01 6.194156396696458700e+01 7.290259868277598798e+01 7.171917284801325820e+01 5.870299434433145791e+01 4.024076355355926182e+01 5.870299434433145791e+01
6.221065917130529088e-03 2.000622106591556104e+01 3.862692549357925742e+01 4.691094178743817622e+01 5.845776733225545740e+01 5.759044670392418652e+01 6.178455259031402136e+01 5.909460616100672326e+01 6.740463194443680095e+01 6.951796334600393834e+01 5.563713601948227705e+01 6.044861851974437883e+01 4.147072546274461757e+01 5.615658376635266080e+01 4.800387624693492938e+01 6.729338934750163048e+01 7.468124710705529878e+01 6.638827925479708369e+01 7.013818285896886096e+01 5.409305119916962923e+01 3.419817120031693491e+01 3.501793095630404906e+01 5.495009046358524785e+01 5.803740903196830914e+01 4.455370984478067697e+01 6.451308564700811132e+01 8.060258544812158732e+01 6.492687815077401581e+01 4.487992198927726406e+01 5.074910309271517406e+01 3.398123692022919329e+01 4.540803949990444011e+01 6.484025208454099243e+01 7.765353329271276550e+01 6.672290133472969842e+01 4.830973046310847252e+01 6.672290133472969842e+01
9.675647279733478462e-03 2.000967564727394787e+01 1.862693120220896148e+01 3.017393658401359247e+01 5.017392308195414330e+01 3.757423741944410978e+01 4.975780555953438977e+01 5.682965191400297300e+01 6.512250167381492361e+01 7.667689614186760139e+01 7.519942488404993242e+01 6.859286528416924966e+01 4.970932277377072239e+01 6.859286528416924966e+01 5.898174234451832376e+01 7.546427648829956070e+01 8.424640818570034639e+01 6.429436458762106099e+01 5.017628435831764477e+01 4.265845704822988438e+01 5.409305119916962923e+01 3.956610723171375099e+01 5.948943559645378798e+01 7.157996688799487117e+01 5.159180829862808082e+01 5.394629097085117309e+01 7.393661455812338090e+01 7.323158485405933504e+01 6.492753824231600390e+01 5.026598856370361545e+01 3.909284829250847082e+01 3.775525870679175000e+01 4.926976246321717667e+01 6.936053783949060403e+01 7.524168325202177243e+01 6.143000847610833404e+01 7.524117233413133476e+01
8.858006633845233110e-03 7.079925818499290813e+00 2.707992340566121925e+01 3.141711979705914359e+01 3.558755019034789768e+01 2.343182599020676093e+01 2.975638139240275137e+01 3.682744986298668266e+01 4.837452540830216208e+01 6.837956951300138542e+01 7.509332210631090732e+01 7.732602796563428171e+01 6.334510710710406300e+01 7.732602796563428171e+01 7.864731030086574037e+01 8.683554298110904313e+01 8.642375621185735213e+01 6.647808377023555693e+01 6.259329441190654819e+01 6.259329441190654819e+01 6.432844640868934505e+01 4.437669370633673083e+01 6.432844640868934505e+01 7.987192582562822452e+01 6.052600613344016978e+01 6.149790919386576604e+01 8.149468562307065156e+01 9.036693845902537703e+01 7.033193847142104005e+01 6.448864575380868303e+01 4.439759415908802964e+01 4.052443657429477497e+01 5.051211382871716893e+01 6.214006751259621808e+01 8.221175466805958365e+01 8.082925464720999287e+01 8.191223962965229077e+01
1.018086960643932535e-03 3.714924850501688969e+00 7.494569580593977598e+00 1.141689228335769180e+01 1.558718056449922429e+01 2.972934014915101031e+01 4.973052032303558434e+01 5.682965191400297300e+01 6.512250167381492361e+01 6.922541717575042242e+01 5.507540067851804366e+01 6.922541717575042242e+01 8.311949465970207029e+01 8.223389939657171510e+01 7.393336955801515842e+01 7.654622235360079685e+01 8.485773826842222434e+01 8.642375621185735213e+01 8.253820370620012170e+01 7.586094797917212418e+01 5.588606932072810451e+01 5.141448383892970497e+01 7.139132706440830134e+01 8.881893572796221292e+01 7.206997791743492598e+01 7.149539329661008935e+01 8.979147188274366442e+01 9.044460760359037010e+01 7.270492136301901098e+01 5.257923853437853268e+01 6.352916316742318514e+01 4.344386898050473889e+01 5.240275532054754137e+01 7.253061620189230041e+01 9.048623676432443119e+01 8.619171629244731037e+01 6.614724808741584638e+01
2.494342646960768899e-03 2.000249434264660664e+01 2.749469857292108443e+01 3.141711979706008862e+01 2.972934014915101031e+01 2.972934014915101031e+01 4.973052032303558434e+01 6.316834666649874208e+01 5.487868047879744893e+01 6.026666882318172469e+01 4.089536739735229531e+01 6.026666882318172469e+01 7.548767124108142923e+01 7.066740312909901434e+01 5.390188542945729466e+01 5.650863488203629714e+01 7.328426527474678664e+01 8.700813635473571139e+01 9.529076617122137804e+01 8.412622003161973794e+01 6.742293952234069820e+01 6.554288823457646629e+01 6.554288823457646629e+01 8.551070740609821996e+01 8.620540518205160652e+01 8.563019306273758957e+01 9.979792952932255901e+01 8.217041100213735660e+01 6.209107526892267970e+01 7.270492136301901098e+01 6.675186789264532194e+01 4.662608333420403284e+01 6.675186789264532194e+01 6.885371380777294803e+01 8.889095568974126138e+01 9.445255716799233880e+01 8.019306408747158343e+01
6.187401196855389120e-03 8.950459311195935186e+00 2.049746469498824553e+01 4.049746469498753498e+01 4.973052032303558434e+01 4.973052032303558434e+01 5.801887951705413826e+01 5.159325688954292843e+01 3.481525276343118236e+01 4.251289921071894895e+01 3.190291319586478735e+01 5.197494640873252791e+01 5.554605474277396837e+01 5.554605475297769601e+01 4.232916922830262507e+01 4.493770950659135366e+01 6.497751583298244782e+01 6.700162915498533778e+01 8.374177434564504097e+01 9.564977898913745946e+01 8.738748188855170440e+01 8.551070740609509357e+01 8.551070740610349219e+01 9.377339397685543076e+01 1.062269878571486856e+02 1.056504069500611109e+02 9.630524604639113306e+01 7.631557062490090004e+01 7.631557062490090004e+01 8.430269483727182944e+01 6.423251247633359640e+01 4.995654340486292710e+01 7.011093279020174407e+01 8.658228230278655246e+01 9.716228378038474034e+01 1.001680782681542752e+02 8.019306408747159765e+01
2.476637442850607596e-03 2.000247663744249493e+01 3.723473055865630954e+01 4.878173594244756828e+01 5.068179323441628981e+01 5.028655695835314532e+01 4.340364450151067643e+01 3.881964008076526795e+01 2.321826022684279778e+01 2.243577939723725834e+01 4.251289921071894895e+01 4.158109596900342098e+01 4.354543857955678021e+01 3.551173327274440794e+01 3.334789740067412822e+01 5.340752825593253306e+01 6.390098792089225554e+01 5.544112613171350290e+01 7.545737403741566141e+01 8.592805574989276352e+01 9.420860738771933995e+01 9.724496988499738848e+01 9.230912051835338161e+01 9.449642689531687267e+01 1.027756062869525664e+02 1.127653611235796518e+02 1.045736445822798544e+02 9.630524604639113306e+01 9.630524604639113306e+01 8.969293044249798186e+01 7.431797417612342826e+01 5.415469135579468940e+01 5.921940108530579039e+01 7.253399916215111887e+01 9.215768364087270470e+01 1.013781608803044634e+02 8.143125561761273445e+01
6.350445426094172667e-03 1.414848606915716900e+01 3.414848606915787599e+01 4.482139656344909184e+01 3.067250300689429565e+01 3.026907591101259598e+01 2.662502010499031968e+01 1.267412969643002363e+01 1.435626162383785953e+01 3.431644908651520609e+01 3.882914951683933680e+01 2.145234383566316794e+01 2.341691612168786207e+01 2.542703742944754453e+01 4.552080779627046780e+01 5.445686787333723089e+01 4.387087055156327153e+01 6.390098792089225554e+01 6.959358390248122817e+01 6.592249512788514210e+01 7.724661259887325571e+01 7.724660970275047589e+01 7.231027680266680591e+01 7.449802122691791340e+01 8.449248353253810251e+01 1.003309353247789204e+02 1.103281316682567166e+02 1.097239838057033268e+02 9.554536936869773456e+01 7.557531486415084032e+01 6.132437706657771059e+01 6.321918036358817972e+01 7.828164327410357259e+01 7.253399916215113308e+01 9.215768364087271891e+01 1.096351261228458327e+02 1.013781608803044634e+02
3.512071127920179947e-03 2.000351045423374785e+01 3.320858486860354475e+01 2.516781693502946737e+01 1.653987724977854157e+01 2.792591593223179203e+01 1.030257047724733432e+01 1.849959958019166351e+01 3.270216218298217825e+01 1.691080996611986365e+01 1.873734816819060711e+01 3.882914946919218124e+01 4.354543857095971049e+01 4.553665072699526917e+01 2.859705528985050549e+01 3.441293910613589446e+01 5.445870004101556816e+01 5.774727994952001353e+01 4.957059163099928156e+01 6.380636212758085435e+01 5.723547525971974181e+01 7.109397527944128115e+01 5.816000785325952194e+01 6.449206818167650113e+01 7.205329351108733249e+01 8.205179035895065454e+01 1.020499078158873942e+02 1.014557499025237917e+02 8.152786323188837514e+01 6.995520535629457015e+01 8.142440840786758827e+01 7.485646844770691644e+01 9.156266479465786290e+01 9.215768364087271891e+01 1.006305654434219292e+02 1.069677535774472119e+02 9.846912010256158965e+01
8.642982713123801772e-03 2.000864298271276809e+01 2.278474973127153547e+01 5.194241384748819357e+00 6.567480984693703228e+00 7.958939516854833585e+00 2.792382646043737182e+01 3.279372647182929512e+01 4.086964294084316407e+01 3.694738007914419597e+01 3.882914956501633696e+01 3.514644833561907689e+01 5.521528710335975632e+01 5.694986345569999742e+01 4.280245733027693689e+01 3.211132923196061739e+01 3.490030929058489306e+01 3.771036822281008938e+01 4.060440104719244658e+01 4.377439234155084335e+01 4.721357619481462109e+01 5.107356210239953498e+01 6.003488926409024629e+01 7.158843304976443278e+01 9.158733319899567960e+01 1.003309353247789204e+02 1.103281316682567166e+02 1.040443589682105454e+02 8.411246158814539342e+01 8.411246158814539342e+01 9.821296578373048192e+01 9.482300739397169309e+01 1.030882353826036422e+02 9.807382557083347763e+01 1.065473356320792675e+02 9.662463430019020905e+01 7.771299445916804416e+01
