MOVIE_S2_data/elevation_000838.asc
nrows	100
cellsize	150.0
xllcorner	0
ncols	100
yllcorner	0
NODATA_value	-9999
[rows 68 to 84 of 100, columns 37 to 73 of 100]
9.507097591683501037e+01 8.788663478785016991e+01 6.784276082913706318e+01 5.802292494927242927e+01 5.985970575138155425e+01 7.915595628186477484e+01 7.598315746615047317e+01 6.384731162628192891e+01 8.381521259625993991e+01 1.037965756978200176e+02 1.106551603375273203e+02 1.025480231911554370e+02 1.036241320710986287e+02 1.117325573791036391e+02 1.177218105465384212e+02 1.087723298831683820e+02 9.174979575345039962e+01 1.087723298831683820e+02 1.159754082316894852e+02 1.242719596728304907e+02 1.198125016013007809e+02 1.115186228435773046e+02 1.030714917023777843e+02 9.528842105862115375e+01 1.063259672566606184e+02 1.263204299871270280e+02 1.082196922808108610e+02 8.851278692705088247e+01 8.445116851751792808e+01 9.875432216728880519e+01 7.915467068840415266e+01 9.875432216728880519e+01 1.129155122213787763e+02 1.206160046436120155e+02 1.032872494378973016e+02 8.363778866057754158e+01 6.972827902180078752e+01
1.034001331821525156e+02 9.624037237669710976e+01 8.620026344529053119e+01 7.084957137284976625e+01 5.112024008745198245e+01 6.897719762988428727e+01 5.616731065501114983e+01 7.598315746615024580e+01 7.530126219650078667e+01 8.952619212224806233e+01 1.097359225851869695e+02 1.090267306050526486e+02 1.090267306050526486e+02 1.173956239204856331e+02 1.093061534236784809e+02 8.888118441563169370e+01 7.988466605720522296e+01 1.003699104826613535e+02 1.117916586007296900e+02 1.166376412587989364e+02 1.082516299504214885e+02 1.166376412587988938e+02 1.230573849466827454e+02 1.152555297070732223e+02 1.115841786890988629e+02 1.315911684037066323e+02 1.164683878534475383e+02 1.082196922808108610e+02 9.575546168431969818e+01 9.875432216728880519e+01 9.875432216728880519e+01 8.956985102957116851e+01 1.093011394775863465e+02 1.194393705073934484e+02 9.968507812634545928e+01 9.275190779170081612e+01 7.316617585511201582e+01
8.697484008236270370e+01 7.866542366880076997e+01 8.089135448327624545e+01 6.099475760287493387e+01 4.710847107042022230e+01 4.924727728622384859e+01 6.056786204966253706e+01 8.046456361182833916e+01 9.544548512889052461e+01 1.037965756978200176e+02 1.030380187872973750e+02 8.868041365410920207e+01 8.868041365410920207e+01 1.090267306050526486e+02 1.068037840828505551e+02 9.262250949883332396e+01 7.216367870946361052e+01 8.297031301316570762e+01 1.034014056048208943e+02 1.063799739050368487e+02 8.762457667879480994e+01 1.063799739050368487e+02 1.146240702767185269e+02 1.229873929411924820e+02 1.315911684037066323e+02 1.284080859271567476e+02 1.200324897422296999e+02 1.238098149341270187e+02 1.155424884500976646e+02 1.185525753311773940e+02 1.175542139744939618e+02 1.009188326198182324e+02 1.175542139744939618e+02 1.163066271565382550e+02 9.968507812634545928e+01 8.007511109135099048e+01 7.822253847953980710e+01
7.546768678232193395e+01 5.878819108260111648e+01 6.739399777855369678e+01 5.913675609368913655e+01 4.331092773301330112e+01 6.302840279273515023e+01 7.727427685881708896e+01 8.879999279958616398e+01 1.030067231889245249e+02 1.081835336868676762e+02 8.785536692779740520e+01 7.428667694965285762e+01 9.463971191686972873e+01 1.116012725373430783e+02 9.843587056008233560e+01 7.801842841538635298e+01 6.650670685703735785e+01 8.671948835911666720e+01 9.596288341782640430e+01 8.742704796235520348e+01 7.691599261010230748e+01 9.793810331460814211e+01 9.416332576037611091e+01 1.146240702767185269e+02 1.240699148126490741e+02 1.167383975205581663e+02 9.982330387371781910e+01 1.119227157511296156e+02 1.141336939726900965e+02 1.225088960705715806e+02 1.290309294445420676e+02 1.207515835876140642e+02 1.194977385418515183e+02 9.973414746496131045e+01 8.838244540535839633e+01 9.968507812634545928e+01 8.948035846942811133e+01
6.718855431948823309e+01 4.741904368582773799e+01 5.577683848845788361e+01 3.940132668909355118e+01 4.448233084454929553e+01 6.382468850419860473e+01 7.799277004334629737e+01 7.426241354025370356e+01 9.459095298065005863e+01 1.022446249547381001e+02 8.189514110055273477e+01 6.756557866151825920e+01 8.785536692779740520e+01 9.129069185556923571e+01 9.624139634496724227e+01 7.600049410267267547e+01 6.243477412985793507e+01 7.756908948858266228e+01 8.114587064294164520e+01 6.612653933096291325e+01 7.233175988816860524e+01 7.927559024354793848e+01 9.149227000215648786e+01 1.119912043379690658e+02 1.038313402437740223e+02 1.038313402201714410e+02 8.806356826641629709e+01 9.164185386337007344e+01 9.386206812996867654e+01 1.093414783902090477e+02 1.164823428836419623e+02 1.248544142585793679e+02 1.277399468982537059e+02 1.163066271565382550e+02 9.820599700888732286e+01 1.163066271565382550e+02 1.033961442782312474e+02
6.084127052731821550e+01 5.257462236092598573e+01 3.604783589424663859e+01 5.577683199762883959e+01 6.380894586001595314e+01 5.232282885461880539e+01 5.828236390963936486e+01 7.204376980787687046e+01 9.235492709444699244e+01 9.699041081665960462e+01 7.666272470919409443e+01 6.241137179987580197e+01 8.066214574272949278e+01 7.693646517641681726e+01 9.223496875733648892e+01 7.258068383123870149e+01 6.463542352789617951e+01 5.719621285235236741e+01 6.032509506981114811e+01 8.114587064294164520e+01 9.355312976898666477e+01 1.001561390810867920e+02 1.085753593505080374e+02 1.203609476474121749e+02 1.038313402372618839e+02 8.342874443246508065e+01 7.881254062172638442e+01 7.707181915814364004e+01 8.286159700119097238e+01 8.907731854026785356e+01 9.628492805627946893e+01 1.079525756169163486e+02 1.281342216583581148e+02 1.262061905040047805e+02 1.179684508180232712e+02 1.262061905040047805e+02 1.231656145868913370e+02
5.263737844455580728e+01 3.292085904396735430e+01 5.263737844549511635e+01 6.393452568983207840e+01 7.819738581371410646e+01 7.175979242502779698e+01 7.799277004337727703e+01 7.799276907786611446e+01 9.833192564267805835e+01 9.219912925251946945e+01 7.191227373942133738e+01 5.774808709358229208e+01 6.050878434407609063e+01 8.003326890411885586e+01 7.859222678728806954e+01 7.021092593213734290e+01 5.371144326454724194e+01 7.372082785554870554e+01 7.495532767290747245e+01 7.221266767142100207e+01 8.457156554944040749e+01 1.053488442113497570e+02 1.135583720777692633e+02 1.051281159387564799e+02 1.053427348384435902e+02 8.495666345444962531e+01 7.021453994696449286e+01 9.092760565634910108e+01 1.032316043071146225e+02 1.093414783902090477e+02 1.164823428836419623e+02 1.248544142585793679e+02 1.365149580642978435e+02 1.367123413000039136e+02 1.283831438392267899e+02 1.260290664979654167e+02 1.228990335978110409e+02
4.840533137780625594e+01 3.077526491457872027e+01 5.048609340994346439e+01 5.053233323593063631e+01 6.449590180619446755e+01 7.197915836229967113e+01 7.901607899454762673e+01 8.735726027931420390e+01 9.740494544309851221e+01 9.766316752503450971e+01 7.735537611013684511e+01 6.311788815929252650e+01 5.169129094863829010e+01 7.164928853008431986e+01 6.684404815565095248e+01 5.029232460342613820e+01 7.020952013126611746e+01 8.210940585627631094e+01 9.601930264359570799e+01 9.335096987211338160e+01 1.018466046853943112e+02 1.137811336901689856e+02 1.051266826987233998e+02 8.468938173688611926e+01 9.067396696276111356e+01 8.737534418996332874e+01 6.654799354332041617e+01 8.737534418996332874e+01 9.968695492645808542e+01 1.098802105180412667e+02 1.226315051042843862e+02 1.142551347961022117e+02 1.226315051042843862e+02 1.283831438392267899e+02 1.081458118801652120e+02 1.057266203215599205e+02 1.057266203215599063e+02
2.868008247048200232e+01 2.864666004761600249e+01 3.251123678714744614e+01 3.661366247783263361e+01 5.634554643612553093e+01 5.216705001343078152e+01 5.911265292404166161e+01 6.898614736423010640e+01 8.904601547822989005e+01 9.250087681711228527e+01 7.223060224926553019e+01 5.807438074814490392e+01 4.825802538507251427e+01 6.356234163806590232e+01 4.701757570510361006e+01 6.684404815567377511e+01 7.858971845997317018e+01 8.459715850935924664e+01 9.137281736543334887e+01 9.977904873368777317e+01 1.099485754180487049e+02 1.106961766140445036e+02 1.022543690177075746e+02 9.067360255615467679e+01 6.993868578362133803e+01 7.958952688632332695e+01 6.303278562977418886e+01 7.056566070952135306e+01 8.104932991333639336e+01 1.014951196170316052e+02 1.125094395534986234e+02 9.400198034198309927e+01 1.125094395534986234e+02 1.255891482060185780e+02 1.140731891778511340e+02 9.362835437693229323e+01 8.513967705545104536e+01
2.600357438227070972e+01 4.577690934644519416e+01 4.643334393133855542e+01 5.634557561524717784e+01 4.337139192187761694e+01 5.473022100060829587e+01 7.457806010429774801e+01 8.735726590516645729e+01 9.740480580526629240e+01 9.317707736974695365e+01 8.656236089064788075e+01 7.556737377486567198e+01 6.221005835016485008e+01 4.384098075302560460e+01 4.851337023208314037e+01 5.338274594557184116e+01 5.863496183853167310e+01 6.436261773202662084e+01 7.104601310536190795e+01 8.118481029817210981e+01 1.015608244326946590e+02 1.022798844318805322e+02 8.176345453431733290e+01 8.773535516780954424e+01 7.958943195670649118e+01 5.859762651429636549e+01 7.958952688627326211e+01 9.127222476518191741e+01 9.968695492645808542e+01 1.098802105180412667e+02 1.041285575690308463e+02 8.374874032367615939e+01 9.692320408222647643e+01 1.160229942684817672e+02 1.182323888194341066e+02 1.080182465663436204e+02 9.651985940316977519e+01
4.361160765654577176e+01 5.396856615346097641e+01 6.621454754907084350e+01 7.140138390586135131e+01 6.311894218109730303e+01 7.140144986716865105e+01 8.290217830503229379e+01 9.293197596989085696e+01 8.726142702145709507e+01 7.300814184442072019e+01 8.034185957332779537e+01 7.196695495669810327e+01 6.183470088398732400e+01 4.219183811765108061e+01 6.183470143890094306e+01 7.337840700591510767e+01 7.875598236212384506e+01 8.459721594540961576e+01 9.137281736543334887e+01 9.977904873368777317e+01 1.099485754180487049e+02 1.022351082292544930e+02 8.176226372157674405e+01 6.697552649898837274e+01 7.680836362214702717e+01 5.581515533199777934e+01 7.074008855264133899e+01 9.146084188569088269e+01 1.008178771838497738e+02 9.487842134940777328e+01 9.692320408218344596e+01 7.637804071627896008e+01 8.725132298362662198e+01 1.076378820873229216e+02 1.098595249665053899e+02 8.934243181481322438e+01 7.896219494509756487e+01
3.012109210952673877e+01 4.990238186710718793e+01 6.199254951442659944e+01 6.949795532234769269e+01 7.779267554500964366e+01 8.777909377667532453e+01 9.293197597002505006e+01 7.275713722777551595e+01 7.645810119142626604e+01 5.884116212573382398e+01 7.196702528678154920e+01 5.200316159862028087e+01 5.784849333951369488e+01 4.058115221078169554e+01 6.013781891831224868e+01 7.155983868240750212e+01 7.742997654003821140e+01 8.421905143661106763e+01 9.263236538198447079e+01 1.028041660876105112e+02 1.114046745693210028e+02 9.103289090185504051e+01 7.639974880090427689e+01 6.428712558827633927e+01 5.641603548805802149e+01 5.315337355478050085e+01 7.412135809262881025e+01 8.676618819491861245e+01 8.027004888507362068e+01 7.422528271993343196e+01 8.408738142025391937e+01 7.027768131568760168e+01 8.501553149683999777e+01 1.054267558256862145e+02 1.182323888194348314e+02 1.080182465663543354e+02 9.960095288593494445e+01
4.990238189224398013e+01 3.689397200910016750e+01 4.216957041386475424e+01 4.964051736442163332e+01 5.953596064850277259e+01 7.945995723143771272e+01 9.072433646788809369e+01 7.055051380510063552e+01 5.640793061724473745e+01 4.897763827092349231e+01 6.075390396482194433e+01 5.569472626097547874e+01 3.834530654264151650e+01 4.224406631345360097e+01 4.633641449487986819e+01 5.138788313140491226e+01 5.709522250633843754e+01 6.385182674689249893e+01 7.403396906430532454e+01 9.440413380891675388e+01 1.057350784631684917e+02 9.732128229188604962e+01 8.510805313278625306e+01 6.428713519877963734e+01 4.948486929274329782e+01 7.037112906305030435e+01 6.900865882601982548e+01 6.596992278112539054e+01 7.526032617240798572e+01 5.930958303569307333e+01 6.318479577389791757e+01 7.538202973285969222e+01 9.001871847112715841e+01 1.103475644802369544e+02 1.085106249588637866e+02 9.827361861634371110e+01 8.982637666198289139e+01
6.492033958656392656e+01 5.669463560966719484e+01 6.199254952072214309e+01 5.616280130896885225e+01 7.606680670515466147e+01 8.777932330842374142e+01 9.173099629066041416e+01 8.007862600310308210e+01 7.112331168605922471e+01 6.075390396482185906e+01 4.111852774459554638e+01 3.633281270260096818e+01 5.569472626057447684e+01 6.390226828830978434e+01 6.022558986078679766e+01 6.244481289326981965e+01 7.742997654003821140e+01 8.421905143661106763e+01 9.263236538198447079e+01 1.028041660876105112e+02 9.732129344202081711e+01 7.672050940455523005e+01 8.275434219777829981e+01 6.809044647293629282e+01 4.721010391225065206e+01 6.472126236037308900e+01 4.814884903401744509e+01 5.113274244330150964e+01 5.428545244885533094e+01 7.525773426195613069e+01 8.408327748512111555e+01 7.538203382767375160e+01 8.736947387953830457e+01 1.077381203365356157e+02 1.000967547804789461e+02 7.955599854348673716e+01 6.938917167265326214e+01
5.900094162487103944e+01 6.583989703655470294e+01 7.404385808274675185e+01 7.606680670585488713e+01 8.437602120909753012e+01 8.679971650987538112e+01 8.334221454935524775e+01 6.318863975134298983e+01 5.175943752122904584e+01 4.312497854110915796e+01 5.227670755992795648e+01 3.498619509930633598e+01 4.845048076872652842e+01 6.828308953063258002e+01 8.051049339141687256e+01 8.273786201246849714e+01 9.114785492715948578e+01 8.947102087045387009e+01 9.786539603858982161e+01 1.091034833551070307e+02 8.869614858364209908e+01 7.402904593208560868e+01 6.190725216579171075e+01 7.292693431845941632e+01 6.479455633499186717e+01 4.405148937783798857e+01 6.479455633499601674e+01 7.206167392944054484e+01 7.526032617240798572e+01 6.918279756406401759e+01 8.993307162830227242e+01 9.597888697790733659e+01 1.043827328351917032e+02 1.161123309558624754e+02 1.085106249588634029e+02 9.827361861633380613e+01 7.960777486580064988e+01
4.945468354145580037e+01 4.596376558370052834e+01 6.522047394511095320e+01 7.338757886166092703e+01 8.092023899312005142e+01 6.665540899515501394e+01 7.405933773123211949e+01 6.993755242887770862e+01 5.858775115079860285e+01 5.037435896428008419e+01 3.311111807868744705e+01 5.227609902847776624e+01 4.845048010574362252e+01 6.239130245316587775e+01 8.250673233310979526e+01 8.349608132125436555e+01 7.508546072040364550e+01 6.912676660391890948e+01 8.947102087045387009e+01 9.447007143609778268e+01 8.658621443343544399e+01 8.658637144216613990e+01 7.292693431845941632e+01 5.205025773637613185e+01 6.300928264270746837e+01 4.232478793639341319e+01 5.691001401569524631e+01 7.773421976017502288e+01 9.520131698132399833e+01 8.993433513922499856e+01 9.837914587847406267e+01 1.035869651753675527e+02 1.013219880399494883e+02 1.013219880399494883e+02 1.098151593227513985e+02 9.413433553981879243e+01 7.756273486540075623e+01
2.972035714733273792e+01 4.960783145820474971e+01 4.539215935788379142e+01 6.522047396544435571e+01 7.255554006390954669e+01 5.269718643914905698e+01 5.417079520302819873e+01 6.166746857618188926e+01 4.209192117413240197e+01 3.128295642285681311e+01 5.037435896407067304e+01 4.649171586237892484e+01 6.624300141912706863e+01 7.663978130564377977e+01 7.443723151325896481e+01 6.603605649143824508e+01 5.485037770860738249e+01 6.912676660391890948e+01 8.947102087045387009e+01 8.658621443343551505e+01 6.654600790730356152e+01 6.654600830478455009e+01 7.784880624159117701e+01 6.430995212082839885e+01 4.367848209327923570e+01 4.063340334964525624e+01 6.125485186729545006e+01 6.625332166314662174e+01 8.087048176602667127e+01 1.011859916360273957e+02 1.035869651753675527e+02 8.271536337937975247e+01 8.042469959265817181e+01 8.042469959265817181e+01 1.013219880399494883e+02 8.570373209849658735e+01 6.539410278316233871e+01
