MOVIE_S2_data/elevation_000813.asc
nrows	100
cellsize	150.0
xllcorner	0
ncols	100
yllcorner	0
NODATA_value	-9999
[rows 0 to 16 of 100, columns 37 to 73 of 100]
9.828477488138318563e+01 1.085585197148824079e+02 9.433627396125285713e+01 8.579138049665466781e+01 8.579138049661123944e+01 9.019061453001252460e+01 9.176479459937904437e+01 8.323522245612421955e+01 8.592903436691973695e+01 9.444581367882362599e+01 1.075549810644405113e+02 1.005065578065510152e+02 9.201225196127077766e+01 9.201225196127077766e+01 1.005065578065510152e+02 1.124230191132187997e+02 1.218745089280513838e+02 1.136537334612350918e+02 1.146794117923724627e+02 1.114066461604130183e+02 1.055796803605441170e+02 1.055896199403651394e+02 1.138236830628529788e+02 1.174188885639387649e+02 1.092662486824641945e+02 1.174188885639387649e+02 1.148588955416643245e+02 1.090926589714632655e+02 1.065345339529217767e+02 1.146907815831930293e+02 1.260710502802334219e+02 1.207566997795762944e+02 1.126114432402885228e+02 1.100587872137556360e+02 1.182045751043511643e+02 1.145573667257359034e+02 1.064119503724970599e+02
8.999116978894541319e+01 8.784408689409237070e+01 8.579138049665466781e+01 6.473362095983311804e+01 6.473362095983311804e+01 6.924030804099871261e+01 7.967021715164261764e+01 6.213925257783580491e+01 6.489462175121377641e+01 8.592903436691973695e+01 8.691542692415907823e+01 8.691542692415907823e+01 7.132025245293058902e+01 7.132025245293058902e+01 8.323376937226365158e+01 1.040038821845341630e+02 1.103707213070324400e+02 9.369609914720957988e+01 9.472048434460205613e+01 9.141884897380872133e+01 8.555324055894436697e+01 8.556395088748922717e+01 1.022866957132940513e+02 1.075361783582302024e+02 8.946636295210684864e+01 1.075361783582302024e+02 9.509109761624171142e+01 8.929146100850999801e+01 8.671392080461207286e+01 9.819519883671654270e+01 1.179262775723298375e+02 1.126114432402885228e+02 9.282050116363691927e+01 9.024126233757047544e+01 1.067886004716066992e+02 1.046663161248403924e+02 8.658125091392618344e+01
8.740462507915522394e+01 8.784408689409235649e+01 6.675359423809581472e+01 5.719831010819217454e+01 4.981042047124657302e+01 5.428210767496032929e+01 7.105545856505167990e+01 4.996927902415134781e+01 6.438742311546390340e+01 8.535483759705519446e+01 8.691542692415907823e+01 6.635901483992573446e+01 5.966413292965006576e+01 8.006572047505902390e+01 9.894134193818716483e+01 1.073526542242484396e+02 1.021311879176443540e+02 8.207565854763585378e+01 8.053257507623845868e+01 8.420883555532930131e+01 7.135963719039767739e+01 7.397116964332343514e+01 9.402779452198487320e+01 9.936630581728556422e+01 7.956715544157044917e+01 8.946673062942802801e+01 9.509109761624171142e+01 7.531552803539662477e+01 9.399059286970636151e+01 1.021675064378376732e+02 1.120545927207231358e+02 1.121229378116482422e+02 9.233509912604918668e+01 7.875159569162617856e+01 9.861713389181804246e+01 9.649660064321159325e+01 7.668713742231858532e+01
9.569253346988274700e+01 9.630422686633343687e+01 8.700433530864852116e+01 7.840260762479458378e+01 6.319765145739737733e+01 4.245156980050859374e+01 5.679388732549915630e+01 4.359105610536195030e+01 5.821980477865966463e+01 7.927731521726713027e+01 8.957132630388494476e+01 7.391441038272186859e+01 5.366556760622807332e+01 7.391441038272186859e+01 7.830445349042544478e+01 9.129600884806987438e+01 9.974218100396839759e+01 9.055212263712944321e+01 7.049288760631814910e+01 6.421359946517155493e+01 6.247157923183161188e+01 8.244809674925434706e+01 9.673356417604905744e+01 1.029846401922493868e+02 8.325652364368090730e+01 6.982833181337839790e+01 8.938238966134200325e+01 6.974508746674074189e+01 7.427766454167939969e+01 8.409043172320848214e+01 1.038907811232956391e+02 1.063530457497122654e+02 8.652869544049960382e+01 7.257310011551683715e+01 9.233509912604917247e+01 8.989344623624728570e+01 7.022763234343788952e+01
9.256673005564515222e+01 9.604046341777657858e+01 9.213893815028967538e+01 8.292184533229902854e+01 7.185068290793765300e+01 5.679388732549915630e+01 3.652197492567544401e+01 4.795833153230929469e+01 6.270906986119408089e+01 8.366451170626963574e+01 8.106110292497439218e+01 6.063659410054268051e+01 4.910926924408418870e+01 6.926900725712286544e+01 6.650311727592126942e+01 7.074587953534037865e+01 9.129600884806987438e+01 9.881931030694106255e+01 9.055212263712944321e+01 7.690760765584883529e+01 5.697077186851188202e+01 6.844694509700285323e+01 8.846508764408024206e+01 9.720229526926665642e+01 7.747999589860539515e+01 6.375880887573327982e+01 7.861373469583082851e+01 6.461664869956899793e+01 8.413410570294779234e+01 1.021675064378376732e+02 1.120536333260766639e+02 1.013969903354774260e+02 8.159464759687082847e+01 6.773738264161077893e+01 8.117843960883521959e+01 8.421640773957938109e+01 6.473707343711133433e+01
7.368898543613534002e+01 7.859932854912058531e+01 8.276529104262796466e+01 5.853735925263348605e+01 6.468032187627652263e+01 5.366494193733970519e+01 3.366214367060395318e+01 5.366494193733970519e+01 5.982345450447864721e+01 8.071692029359464016e+01 7.956374765506917868e+01 5.918517107887321060e+01 4.508923014589004197e+01 6.515391796711168126e+01 5.645875172770524131e+01 6.999616594708746220e+01 9.045380102043257864e+01 9.277048922511680473e+01 8.757856064922482631e+01 6.757944451759985327e+01 5.350244878176457064e+01 6.873841944410216342e+01 7.701090395979592529e+01 9.295391781584760338e+01 7.822223396207832025e+01 5.873252672679887354e+01 5.912326670137267826e+01 7.861373469583082851e+01 9.230634801329520656e+01 9.773194367526856752e+01 1.016991360770328328e+02 9.585497389909421884e+01 9.557635421241178619e+01 8.117843960880098564e+01 6.159213256977112394e+01 8.117843960883188004e+01 7.685388972810083885e+01
6.025698875204974314e+01 7.922161316845418355e+01 8.400913159031375699e+01 5.912598046826074949e+01 4.267396270078261011e+01 3.644243861330745204e+01 3.089512508163215898e+01 3.938686887977812034e+01 5.369357354859243969e+01 7.462610804813631660e+01 7.571255867691913011e+01 5.541787239919995045e+01 4.142373672791355688e+01 6.136204838789033289e+01 4.985074875513903692e+01 6.999616594708744799e+01 8.458466330412288414e+01 7.278763617474906766e+01 7.278763617474906766e+01 7.255190405655088171e+01 6.428222302531915489e+01 4.880970309319771872e+01 6.873841944410216342e+01 8.478970257668508737e+01 6.522719023541385752e+01 5.391131450643633372e+01 7.349528662255410438e+01 8.676838860717897717e+01 9.194667527443650101e+01 7.791183203963295512e+01 8.181676033734900955e+01 7.600198828019516384e+01 9.004125934921256658e+01 7.718039868612007126e+01 5.756675339938368552e+01 7.184076618528135327e+01 7.999124194452880943e+01
5.352579803661073043e+01 6.575798242534938254e+01 8.377476094966343112e+01 7.330906958511862115e+01 6.438677407859142932e+01 4.809885586036034510e+01 2.824042702879022571e+01 4.209561092144228667e+01 6.259197123759187065e+01 7.802725364967012922e+01 7.212493110466195390e+01 5.191933848137831831e+01 3.804987347000599840e+01 5.755682725302187919e+01 4.441876872390766806e+01 5.583749611140928693e+01 7.611749578049057163e+01 7.278763617474906766e+01 5.285386359411932489e+01 6.018041143182850305e+01 4.439795358463793917e+01 5.584878731360198856e+01 7.580250323471150864e+01 8.362771142172358907e+01 6.480852717740943092e+01 5.114063557168103813e+01 7.059009256426351442e+01 8.431391619674840854e+01 8.371700833383626161e+01 6.434688352196772598e+01 7.146626573989213682e+01 6.248570998618797745e+01 8.163339231290257203e+01 8.507615747502777026e+01 7.184076542006071975e+01 5.216615205414217371e+01 6.692635345374378630e+01
4.752951006412725121e+01 6.663268428281593003e+01 7.022806206041688881e+01 6.224389747946869278e+01 5.319006863480280600e+01 4.526477215134380572e+01 2.586861951386087455e+01 4.559903803076139184e+01 5.701096218905611579e+01 5.711343581722982776e+01 6.870956258968610086e+01 4.860390220582744547e+01 3.485153374903099177e+01 3.779757301133268754e+01 5.754698209758105065e+01 5.653769630828452364e+01 6.565279270799622680e+01 6.473098480498696006e+01 5.647582109277561102e+01 4.040331101443658923e+01 5.434028776129115812e+01 7.255181839021815904e+01 8.407507919252824991e+01 8.512412972870858141e+01 6.304021132884999901e+01 4.852019934683715263e+01 5.867216219099580599e+01 7.203206234411916853e+01 7.348470070529488396e+01 6.713531017960360714e+01 5.258336103801394046e+01 7.132324007689447853e+01 7.772932508564329623e+01 8.625294970068082989e+01 7.247309303579632456e+01 5.268578983240528402e+01 4.709447817712715789e+01
4.265740535904737385e+01 6.177277927451263650e+01 6.225018150239154835e+01 4.378111053535067754e+01 4.620870340336824000e+01 2.894988533309170009e+01 2.356515383596468283e+01 4.055305411909233015e+01 3.668173513329858793e+01 5.597806384229395604e+01 6.617607098291317413e+01 5.130649365276611462e+01 3.176928217469448157e+01 4.775344222046761189e+01 4.844568512535208527e+01 3.471581293781915178e+01 5.456925359778302465e+01 5.267705104508156211e+01 3.684500789008894373e+01 5.647285568954352897e+01 6.844522831006209174e+01 8.255042907404498465e+01 9.726239374051384345e+01 8.810248267619350315e+01 6.819114033252141382e+01 6.421968127616121080e+01 4.478450529904507960e+01 6.110238703983887376e+01 5.807924997881985263e+01 4.563556889328211952e+01 5.626673642404216480e+01 6.100206425040897074e+01 5.868792317692896177e+01 7.212571829781195731e+01 6.481307959498190030e+01 4.603336020983118004e+01 6.586687804222354714e+01
3.822397480915420687e+01 5.732381772686431276e+01 6.238966717447750199e+01 4.871459773606789412e+01 3.066445331846359323e+01 2.286067582221083683e+01 4.008235258384054589e+01 2.428406637765592535e+01 4.368759469053928512e+01 4.267351661438248556e+01 5.003509275742176499e+01 4.677263708602711034e+01 4.276112003425661356e+01 2.825085943217339945e+01 2.879602659370289786e+01 2.934042691228796329e+01 4.857255647407014720e+01 3.345669832844803437e+01 5.295003734176973609e+01 6.473094710912887706e+01 6.902021978157704041e+01 7.739531835982951691e+01 7.758464578874885831e+01 8.116088916436815737e+01 7.710793826376708182e+01 7.264128052515148681e+01 6.110197696851769678e+01 3.988817193709594022e+01 4.036730829327304093e+01 4.104092827395457022e+01 4.172028077962661285e+01 4.238753060344846091e+01 5.952249752684695494e+01 6.347635444474587274e+01 4.498736910228762298e+01 6.466696809113157940e+01 7.391554390452517964e+01
5.116732849510200509e+01 4.864299556261676827e+01 4.328461437801150424e+01 3.505910837409987835e+01 2.215377358743601022e+01 4.154897485571828497e+01 4.684093166326729829e+01 4.097661470425976660e+01 2.500465719967620970e+01 4.189473813459206042e+01 2.644127571974268065e+01 2.696381367234937088e+01 2.749501715438779925e+01 4.632935167051011405e+01 4.230714818151238177e+01 4.858377763089222867e+01 3.011040126429080388e+01 4.953278091066139410e+01 5.854994923534962226e+01 6.559962719139564058e+01 4.859212923271623907e+01 6.560185434888970235e+01 6.364875925840185289e+01 6.148733825562726452e+01 5.755741352408456635e+01 5.761525371269707563e+01 5.825545562524840193e+01 3.951003807386693722e+01 5.916590080460350975e+01 6.078847912443185209e+01 5.920307565776086278e+01 6.217558466913649795e+01 4.333533195249242453e+01 4.401498102486169017e+01 6.380422725217569990e+01 4.795579053243320544e+01 6.204397206757092675e+01
3.993940707989874284e+01 3.590392551316693215e+01 2.094626086858441028e+01 2.144672092686295173e+01 4.084794957734811049e+01 4.153492328289859614e+01 5.617933326432567753e+01 3.724034175219512832e+01 2.610877986393455785e+01 2.571777543511621644e+01 3.420431640456661881e+01 4.288744818921055213e+01 3.208559540798810872e+01 5.171916948591096030e+01 6.041082096550393743e+01 5.735196120672114972e+01 4.952302251543946454e+01 3.089937112766743255e+01 5.032240171424560771e+01 5.169731073223520923e+01 3.828559711041076241e+01 5.722090256621712712e+01 6.726716141132378368e+01 4.755325079490819462e+01 5.616411208480948858e+01 3.803885040948826202e+01 3.864451010135388032e+01 5.825558609997045778e+01 5.192744135179488296e+01 7.162760243362096446e+01 7.042313183422851353e+01 5.121237605954165417e+01 6.426297526404572125e+01 5.518883630225722925e+01 6.936213490582225916e+01 5.012387698241863632e+01 6.962678369231603881e+01
1.975651679491494406e+01 2.023478883799228001e+01 2.157481876133362775e+01 4.056334012570491865e+01 4.904340930411739663e+01 6.115563875812467387e+01 6.510674771799138227e+01 5.096400260540222860e+01 5.207473308301438664e+01 3.220625567041987125e+01 4.756109580057068342e+01 5.387839825735821364e+01 3.826201902453207992e+01 5.885416930116442558e+01 6.959727298875691304e+01 6.176417927185806178e+01 5.202203443794991955e+01 3.343123055252050335e+01 3.170209281331267803e+01 3.226785254115084456e+01 3.283124685165356027e+01 5.227040403965122550e+01 6.096835543583242867e+01 5.622356084845731061e+01 3.718767403373775693e+01 5.671331254591027005e+01 5.091171486872108431e+01 6.546184121777694997e+01 7.162936920533651630e+01 7.162934710319834153e+01 7.804871740291007143e+01 5.734491305533595096e+01 7.779473425127814323e+01 7.440773520489830162e+01 7.432082673170602050e+01 5.536408765981537528e+01 5.358150267166028868e+01
3.471041057165533772e+01 3.941870361315228877e+01 2.843380759573835093e+01 2.348992624914472316e+01 4.254952274790397126e+01 5.260272114100214935e+01 6.656211258472094983e+01 7.121894663752873100e+01 6.138429913425565587e+01 4.090288287518306731e+01 6.102322300946448053e+01 5.528533431899219863e+01 5.352131502273449115e+01 6.702915809736614960e+01 6.188624923108337583e+01 4.203579178305353281e+01 3.691479305074089723e+01 5.246587359997097622e+01 4.532843524447262240e+01 5.169731148369477580e+01 5.223433069843378718e+01 3.362416455461626441e+01 5.287359560098072819e+01 5.587528135222217429e+01 3.659141302339576640e+01 5.480364911271369266e+01 6.705193725648700820e+01 7.214999319629801278e+01 8.052995842665843895e+01 9.133003275081009065e+01 8.542364088068595152e+01 6.456421228735119655e+01 8.542364088068595152e+01 8.306299849424500792e+01 6.337156234945035038e+01 7.429959001160972321e+01 5.612034308493755930e+01
4.428120550426781676e+01 3.881210060964480846e+01 4.697906847398760277e+01 4.254952274790387179e+01 2.541619971853462800e+01 3.878935142478764675e+01 5.456304024589882573e+01 6.841344558394239073e+01 7.154497153146139965e+01 6.237165211558835409e+01 6.200697174590051475e+01 6.893849782589495589e+01 7.436090994762513162e+01 7.128015000855140215e+01 5.135267720257951396e+01 5.984085461547366691e+01 4.002612102368411229e+01 5.991302240875952378e+01 6.512041706936278729e+01 6.174906835673384364e+01 4.242391091151013427e+01 5.308521173365267032e+01 3.441391431578556137e+01 5.134617807251931509e+01 3.599578769496208253e+01 5.563551099060974536e+01 5.906860799643581572e+01 5.278518651669577366e+01 6.692958795465288802e+01 8.623834250678869751e+01 9.386669017304663498e+01 7.659748535988832430e+01 9.386669017304663498e+01 8.873413212781090920e+01 6.947403528523099681e+01 8.301765357226865660e+01 7.560834791130129418e+01
5.545932521116947811e+01 4.825980864834098583e+01 6.232979951286650078e+01 5.260279111100376781e+01 4.446390742142992281e+01 2.737581757777596891e+01 4.071232860555743827e+01 5.656401135716844664e+01 6.427812372006707164e+01 7.257883095152070041e+01 8.324743393594916085e+01 8.607355612517649490e+01 8.384302759648385006e+01 6.397937402429631959e+01 6.546895039175339548e+01 6.357084355147290466e+01 4.353613201812056133e+01 5.504725711896193729e+01 7.521427924501115569e+01 6.852250885670055425e+01 4.943531872073530309e+01 6.060910569194734165e+01 4.149690840035518846e+01 3.519878376119250873e+01 4.592074817481716309e+01 3.843410996050327100e+01 4.019146504408443832e+01 5.996601546210396805e+01 7.106607021231465637e+01 7.977266293578797729e+01 8.816166281184605680e+01 9.748039353984798083e+01 1.057806791468491099e+02 9.553064387116694434e+01 7.630720570260311320e+01 9.553064387116694434e+01 8.230805172838826422e+01
