MOVIE_S2_data/elevation_000469.asc
nrows	100
cellsize	150.0
xllcorner	0
ncols	100
yllcorner	0
NODATA_value	-9999
[rows 34 to 50 of 100, columns 0 to 36 of 100]
2.978181695229736945e-03 2.000297818169281072e+01 3.000345215864401993e+01 5.000345215629763373e+01 3.693075471713241598e+01 5.102615929200688782e+01 6.613244136809190366e+01 5.787645184133709364e+01 6.502607818897070047e+01 6.720540920671142260e+01 7.546708836963618694e+01 7.374264895990611990e+01 7.225004340852656526e+01 8.052995752232199322e+01 7.574573798675420733e+01 6.153634968812611561e+01 6.742168979949201457e+01 6.545373078107029130e+01 4.563315202951441307e+01 5.485921462733088561e+01 4.055112639144608266e+01 4.917263951582437187e+01 6.064170798984331157e+01 8.074562386982924522e+01 8.349088195968444381e+01 6.274324758240123145e+01 5.246121870426694755e+01 4.481170759397430459e+01 5.973099050845259939e+01 5.623626423583589684e+01 5.021597426089681449e+01 6.162984190999057432e+01 4.121209853887679486e+01 6.162984190999057432e+01 7.403665551143336643e+01 8.434572983810369351e+01 8.301734819452197200e+01
1.893497408783086870e-03 2.000189349740842815e+01 3.079141917824018648e+01 3.047867467582189249e+01 2.281376030789482812e+01 4.105156997506368555e+01 5.463276914742763068e+01 3.796411221820623183e+01 4.512192893880683897e+01 4.729878582830991007e+01 6.472720208660359731e+01 7.363007628326205634e+01 8.513346063408454256e+01 7.992131001741911689e+01 5.990056528097348831e+01 4.752266474394159701e+01 6.742168979949201457e+01 6.891220065177500942e+01 4.903745335371757363e+01 3.541823787497847320e+01 5.485921462733088561e+01 6.850658225196158924e+01 7.744805313349860398e+01 8.904271617088413393e+01 9.196267966251055270e+01 8.163205037937802899e+01 7.162227885781530290e+01 5.102596326925791459e+01 3.935340972717295216e+01 3.592437804024038428e+01 5.169438840736452079e+01 5.297678377453148357e+01 3.743004894105528990e+01 4.501995554722424231e+01 5.518726438152459224e+01 7.585125532229145051e+01 9.124609068295164604e+01
9.179827644033159914e-03 2.509179827644020921e+00 2.250847721211493635e+01 1.001575300679934877e+01 1.281631289049235889e+01 3.279078917658103620e+01 4.062323534073642861e+01 2.643783847990912150e+01 3.102430272966740432e+01 3.656462028064713365e+01 4.547671610575572032e+01 5.695603866018070960e+01 7.686357589738079810e+01 7.403541215370361783e+01 5.404572000422171385e+01 4.024678067416101612e+01 5.187694131409731568e+01 6.013259547324793886e+01 5.174615590853611025e+01 3.237861490178026003e+01 5.174615590853484548e+01 6.118957222710148613e+01 6.948655472388482224e+01 7.948835560420278057e+01 9.646673006719714749e+01 8.827046386425074331e+01 8.013303896997075526e+01 6.825012508055756655e+01 5.973099050845259939e+01 5.169438840737707608e+01 3.145198321863285784e+01 3.271539259168731917e+01 4.275377314321997346e+01 6.319979440415873029e+01 7.403665551143336643e+01 8.434572983810369351e+01 8.839032480034398986e+01
6.604900230173384179e-03 2.000660490022981719e+01 6.130609668972326176e+00 2.530647311834430013e+01 3.259191168690743723e+01 1.712961339299891961e+01 2.066511256385561168e+01 2.882676084319213672e+01 4.876159889678991988e+01 5.647342750796043021e+01 4.915990430655924115e+01 6.322238472925967301e+01 8.314710719840779518e+01 7.741857878014235439e+01 5.741094150375025151e+01 4.353165040439208155e+01 3.245908259886873992e+01 5.187694131409687515e+01 4.503363052859034354e+01 2.940685900650922235e+01 3.516607306638552899e+01 4.149572754692525223e+01 5.119976386265502555e+01 7.117939571629412399e+01 8.520528615959973706e+01 6.888193872673939211e+01 8.520528615962213337e+01 7.224758837172700510e+01 5.168462988787265999e+01 3.735931795333912930e+01 2.838410404404265108e+01 4.860744798945775358e+01 6.147257352427955368e+01 6.319979440415873739e+01 8.380235292086102561e+01 8.839032480034398986e+01 6.859298886403165341e+01
5.101467937297931264e-03 2.000510146793694233e+01 2.612863803076963265e+01 1.878271558306271416e+01 3.869029767962379651e+01 3.125696558127902591e+01 2.712450129122425935e+01 4.702967418115899534e+01 4.293021808549081442e+01 6.283979753879038554e+01 6.905821900524921375e+01 7.732095631159559446e+01 7.441151821248412546e+01 7.533152009858046938e+01 6.388319096988112022e+01 4.741660338583817236e+01 2.802289850031649010e+01 4.143206470410920161e+01 2.563851702936803889e+01 4.503363052859031512e+01 5.462164438174956160e+01 6.118956922938837550e+01 6.948655472519524778e+01 7.948813314533921925e+01 7.707648219899900255e+01 5.786376741464405882e+01 7.707649365691867160e+01 7.827605708894304826e+01 5.770738098653608006e+01 4.651039563621826289e+01 2.625866562993665809e+01 4.358728579279745219e+01 5.075432122318404282e+01 5.923243110729955418e+01 6.836058024017556534e+01 8.019630938778273332e+01 7.222586769686726882e+01
5.600358222118538565e-03 1.414773598195294291e+01 3.414773598195223059e+01 3.877041985938902968e+01 3.877041985938902968e+01 5.118961943562725025e+01 3.527563864995136100e+01 5.510651783819461258e+01 6.283979753879041397e+01 7.109914442924208799e+01 6.674525549274021330e+01 6.840896144780671762e+01 5.386089210720545140e+01 6.708646993696768845e+01 4.728895532582549066e+01 3.614959395394193820e+01 2.888754053734945515e+01 2.193085557375486871e+01 4.143206470410920161e+01 5.322494161726888251e+01 6.719770371913595852e+01 5.880587989688415718e+01 6.722545889817835985e+01 8.322887656378320287e+01 6.387277354515966721e+01 5.105093184333124157e+01 6.795837155872310120e+01 7.603724405094972383e+01 7.397951332261422408e+01 5.498556453865035820e+01 4.358730304495266239e+01 2.320498277035457591e+01 3.048243488824327230e+01 3.948183549092797762e+01 5.117965238061307787e+01 7.173861497499936490e+01 8.043920703647061998e+01
4.575904209876861112e-03 2.000457590420952059e+01 2.563151643465684515e+01 4.543869436887064239e+01 5.865345149869528996e+01 6.327144514332944425e+01 5.510651783819513838e+01 5.499102410938392893e+01 7.430559555896890345e+01 6.078175331683581817e+01 4.629558840566352984e+01 5.815720434439241870e+01 3.944270735945869433e+01 5.816609502143245436e+01 6.388319096988112022e+01 5.565503019723416855e+01 3.937613169072298547e+01 1.980143215747760621e+01 3.937613169072299968e+01 5.569174318114502142e+01 4.735049536508684298e+01 3.896034104243551610e+01 5.880586043090168147e+01 7.750719894321095182e+01 5.822527170049601608e+01 4.453588184847863829e+01 4.865223569323013209e+01 6.485736120457201537e+01 6.548722241627078233e+01 4.502834822176362195e+01 4.161681680603283695e+01 2.103058808451805106e+01 3.301908751886887217e+01 4.735913464213009405e+01 6.781373418644264461e+01 6.600314311102644638e+01 6.604560861432501895e+01
4.658155261040713979e-03 5.960578969452138054e+00 2.563151643465684160e+01 4.234464984476656468e+01 5.030883416964555011e+01 6.099509124230023360e+01 6.238122810471165280e+01 5.384176764314579344e+01 6.225512557285167503e+01 5.185676154037358287e+01 3.202301460878326367e+01 4.060447269973519724e+01 2.941035139351119199e+01 4.366570942467949834e+01 6.413792932286108339e+01 5.116464712718028096e+01 3.162260351435170236e+01 1.770970270061248542e+01 3.454074436948714322e+01 3.883594953621383183e+01 2.831206203731345639e+01 4.734750431615390198e+01 6.717324156892871656e+01 7.424646006901565443e+01 7.193056723175982370e+01 5.681196881976926250e+01 3.731659663760809309e+01 5.079556754570989341e+01 5.884751797556644703e+01 4.878262335312773246e+01 2.840978342590572581e+01 1.882844394198561488e+01 3.369682728275035544e+01 5.408241732828617643e+01 5.998642584327698302e+01 4.600312431881358322e+01 4.600458072568086010e+01
5.330849696878311485e-03 2.000533084969652364e+01 1.598537825935446577e+01 2.346190828958664554e+01 3.425010903175704158e+01 5.287990557399326264e+01 5.188164386971375563e+01 3.461021371771476396e+01 5.194413953704013664e+01 6.013612231062322877e+01 4.060447269973519724e+01 2.097343239397649128e+01 4.060447269973519724e+01 5.815998570313347926e+01 6.121142569353146712e+01 5.694918902909675040e+01 3.734495348756364308e+01 3.454096840396292833e+01 1.484523171293645660e+01 1.996434606989926408e+01 3.316167748178946084e+01 5.253485408659971512e+01 6.110429909217761235e+01 5.346687903734045477e+01 6.810899624456457957e+01 6.200037151734750296e+01 4.259308174961918070e+01 3.116809875220484827e+01 4.554990665779239123e+01 5.361521086279010717e+01 3.776889157585076617e+01 1.671244366550584104e+01 3.516269356068220731e+01 4.003223638534981887e+01 4.512617964706956997e+01 2.917899679132169055e+01 5.182901541727638062e+01
9.384206039104543359e-03 2.000938420603874945e+01 2.966893294429897310e+01 3.841146063511042286e+01 4.683924128490223637e+01 4.398726036940495732e+01 4.344193523596104711e+01 2.605381026830857394e+01 4.349085574759781281e+01 4.916805970610658960e+01 3.620214451586436866e+01 1.713800232153215219e+01 3.621412051293747680e+01 5.090693588469407871e+01 4.226260986182349910e+01 5.552154100867326747e+01 4.993520941720957040e+01 3.258969975553659992e+01 1.300018930356237234e+01 3.265864230119714051e+01 4.703175444671517624e+01 5.534241769619552542e+01 4.103002971927660525e+01 3.956205878678409960e+01 5.955307741129687571e+01 7.006142016984199472e+01 5.884751797238936888e+01 4.554990665779239123e+01 2.582357839205331018e+01 4.069361332494159456e+01 3.621032799813750103e+01 1.967251065300401791e+01 1.414398159279565981e+01 1.377713341046484707e+01 1.664880540778171536e+01 2.501029222241553285e+01 4.506988856794780673e+01
9.768314284573654735e-03 1.975053218018497247e+01 3.204345829805920420e+00 2.559597618225006244e+01 2.840250567489416156e+01 2.403263694524732230e+01 3.053413863743551460e+01 1.985045176965515878e+01 3.736836741047199695e+01 3.812214015570540226e+01 2.171559879794113357e+01 1.355289009972730518e+01 3.196847549837299951e+01 2.852001141274618234e+01 2.782519169050274499e+01 4.023709874408920939e+01 3.152318287325087454e+01 2.258081652992332522e+01 1.116947809457103524e+01 3.085628815343437381e+01 4.674591955382494035e+01 3.856392053195767033e+01 2.824803518306669403e+01 4.690964709123315401e+01 5.831891422675036551e+01 6.069128762855246606e+01 5.552795032975230782e+01 5.361657018061870161e+01 4.069362008304035072e+01 2.086527054421434357e+01 1.744010260057536854e+01 2.849843032979286406e+01 1.319471766173209204e+01 2.699530835928219830e+01 1.436569555401719533e+01 2.730712062402807661e+01 4.401575272449994003e+01
9.313476842122882932e-03 3.432037584855485157e-01 6.771407274269710674e-01 1.773429530915965913e+01 2.202944530291868475e+01 1.395448924376233002e+01 1.114019559967407957e+01 2.438404415049687657e+01 2.403033534305263785e+01 2.380593953028648713e+01 8.450912672649726787e+00 2.196284720078540431e+01 2.969757414128098461e+01 1.283598597102377958e+01 2.572247424871753552e+01 2.476793714303747862e+01 6.641796870897471727e+00 8.508124461521299864e+00 2.744246535720837699e+01 3.773422484476798644e+01 3.854774652093203002e+01 2.037809078508302107e+01 3.838647245455718604e+01 3.720282839011058229e+01 3.703269266563804507e+01 4.226384140991640948e+01 3.579511210235653351e+01 3.952145243263689878e+01 3.325460324038807869e+01 3.231052722657793197e+01 3.151599183431309825e+01 1.263269183920554894e+01 3.180862371816758127e+01 1.527906163836124165e+01 1.478566890783272214e+01 3.358930061300461745e+01 3.325907550929036205e+01
1.757287057980242524e-03 1.697281141791511061e+01 1.447866492109226400e+01 1.149864821131489689e+00 7.353532227793936116e+00 1.682160382189727699e+01 2.009404825851853715e+01 2.769813709539503233e+00 3.107255926464613349e+00 3.444829451731299841e+00 1.414170630483013902e+01 2.248467011797956516e+01 2.417666003592718837e+01 5.093433223728649928e+00 5.440335336867251570e+00 5.787505200041871412e+00 6.141007720960701910e+00 2.214178667834352154e+01 2.935940491189571233e+01 2.979622994961856008e+01 3.089922901076050010e+01 1.484225786292967086e+01 2.921011891423585638e+01 1.525423982795466848e+01 3.312821712023454523e+01 4.035422450399980931e+01 2.337754329435429668e+01 1.620182524952190306e+01 1.133853932512584706e+01 1.171211751413206592e+01 1.208793503250282519e+01 3.181167253325799749e+01 4.000012126283053959e+01 3.997487725166408268e+01 3.284044189600651720e+01 1.538359699833516103e+01 3.222931353984989045e+01
1.954507115700021471e-03 1.891379987009723962e+01 1.326828363258018584e+01 2.144278130813123795e+01 1.623360154375003139e+00 1.958413611085277894e+00 2.293598515089746659e+00 1.049107587015638465e+01 1.903638044152604891e+01 2.240321101854180696e+01 3.924540673390236822e+00 4.263986837972001176e+00 4.603579160835140627e+00 1.780595998056414331e+01 2.423710515783777097e+01 2.547955877527363810e+01 2.604220557965387073e+01 6.639740609356119094e+00 6.992899882265345646e+00 7.347074627351337206e+00 1.706780980225706301e+01 8.351549430713324895e+00 8.704996268779019886e+00 1.211338719887787541e+01 2.385601716625707169e+01 2.816830778472283825e+01 2.737863363835668906e+01 1.080930788834270651e+01 2.712290746370973338e+01 3.061731083613274862e+01 1.853462190756364336e+01 1.842634753337419440e+01 2.315210004767707730e+01 4.259635228875377777e+01 4.330359590216573196e+01 1.751978074154912690e+01 1.597646953718062868e+01
9.499524778340364892e-03 1.969915055154748629e+01 2.183443616599589987e+01 3.174524865185526679e+01 2.139730431607715744e+01 2.504194707374686502e+01 2.288863306525817265e+01 7.001952666454092977e+00 1.992778307876509913e+01 2.804181030325088742e+01 1.354975867212270657e+01 2.463794026170725004e+01 7.409970159850813864e+00 7.071847762728549647e+00 2.327711388504623358e+01 3.208095238177226349e+01 3.284389024257210110e+01 1.280697004648943249e+01 1.282633554915055285e+01 2.020501917466780384e+01 7.848687725072034382e+00 9.229926819010056960e+00 2.185263704143152097e+01 9.202680216337441266e+00 9.556503160611191205e+00 9.914819221238598601e+00 1.027659581403250755e+01 3.054303695979684719e+01 3.382600461993253305e+01 3.801590639537904792e+01 3.162411412575647418e+01 3.279788380051063257e+01 4.286396913688778199e+01 3.047469921802835913e+01 4.960246971940694749e+01 4.678052577258368672e+01 3.714600302077982263e+01
7.291241591682445615e-03 1.836869887363732801e+01 3.818477548342630001e+01 3.651166105186159427e+01 4.741443375565776819e+01 3.346944031112894891e+01 1.478269983427344769e+01 2.569707466885181191e+01 1.269413335075830496e+01 3.150909054846316693e+01 2.794031479792807815e+01 2.825769162754544794e+01 3.547871917534132535e+01 2.200850784024281737e+01 9.614577406119101610e+00 2.909618330500501315e+01 3.856436022055407165e+01 3.378276810729249746e+01 2.327441646504587780e+01 2.714522551080662183e+01 2.585036897727222893e+01 1.998153095498334153e+01 1.248628510311603179e+01 3.114122533871370280e+01 2.377847030678699625e+01 2.947896935075943503e+01 1.503577245245122640e+01 1.207159433251153224e+01 3.235024334441240512e+01 4.188728823593022810e+01 5.153382451860744595e+01 5.330946359982929295e+01 5.694708337572510715e+01 3.753173034456813184e+01 4.295649116993928374e+01 6.223450089828032361e+01 5.237018007453898605e+01
1.086749991637594439e-03 1.311591253283337011e+01 3.199089275836004731e+01 5.284753997775663947e+01 6.022277076143095087e+01 4.257222604570169722e+01 2.213212412109915661e+01 3.757311967376273998e+01 1.716959344939996868e+01 3.760911779613793726e+01 4.755369968140256276e+01 4.286734093009921764e+01 5.188044544265624580e+01 3.737582315672409550e+01 2.915129835076355747e+01 1.224544518037668794e+01 3.169844229253714118e+01 4.308523202075691927e+01 4.481762250122286417e+01 4.663571710881353027e+01 4.121683979671340126e+01 2.966173118775327566e+01 1.530611848535250452e+01 3.564193337254830851e+01 4.278930743102489487e+01 4.118103690355077617e+01 2.343272125261475836e+01 3.235222022446903622e+01 1.391271784109634346e+01 3.408649788740419950e+01 4.426514106024143302e+01 5.347712465392986303e+01 6.479930954229850215e+01 4.634611736953050354e+01 6.223450248118489014e+01 6.219472036093888789e+01 6.007663898511831491e+01
