MOVIE_S2_data/elevation_000572.asc
nrows	100
cellsize	150.0
xllcorner	0
ncols	100
yllcorner	0
NODATA_value	-9999
[rows 17 to 33 of 100, columns 37 to 73 of 100]
4.184258772847751828e+01 6.223214344598059000e+01 7.996167627104206588e+01 7.729825843891748605e+01 8.310849210586347624e+01 8.590683510715608406e+01 7.235298192052211164e+01 5.852523001075269349e+01 4.822564780377568638e+01 2.861047507309143256e+01 3.472109450070784220e+01 4.591045940318354468e+01 6.409299733791036147e+01 7.534019098957824667e+01 5.918031629003638727e+01 3.870436999203451478e+01 5.914880657311112344e+01 5.853618310292019800e+01 5.741636412378265675e+01 5.470875482596493100e+01 5.469295770444293225e+01 3.353161308833514198e+01 5.328455525574597829e+01 5.224149126518035047e+01 5.260362975801034224e+01 3.338039916656354933e+01 5.313326228085209380e+01 3.502007510575331395e+01 4.387386612610685432e+01 5.656720696333390208e+01 5.720270622001947913e+01 3.801860252240611970e+01 3.864452759851345576e+01 3.927146050441111669e+01 5.934355071068402054e+01 6.086773193630983769e+01 4.192260062536713150e+01
6.223214344598059000e+01 5.147946083101856374e+01 6.594900613315671478e+01 8.592926862039963964e+01 7.735654576288978035e+01 6.735173743608011421e+01 5.905241362636201075e+01 4.447137552414830708e+01 3.066844301491233793e+01 4.822564916821505676e+01 5.426046332090279378e+01 4.851963283517782344e+01 6.812184359029689062e+01 7.601595987374842878e+01 5.539659249530249951e+01 4.642406282268853346e+01 5.539659248003967207e+01 7.601595657214146229e+01 7.651150259232446160e+01 7.376266456767307034e+01 6.328552831962538505e+01 5.474505100832736559e+01 3.749522761074135246e+01 5.890234176624563389e+01 5.762942239510860531e+01 3.869205393153199424e+01 3.418670148964991284e+01 5.425738177588900868e+01 6.271228840909009961e+01 5.717899733158677833e+01 6.908154733546903969e+01 6.090486714766581855e+01 5.887902374663373450e+01 4.423275178241362227e+01 6.348383262653855041e+01 6.278621596295405283e+01 4.272138867709766430e+01
7.252920379999969214e+01 7.173577598157685031e+01 6.594900614645464998e+01 8.592928067271840575e+01 6.907042653588860048e+01 4.905867439200014957e+01 3.938662319709234083e+01 3.415572161797187078e+01 3.231693346159883617e+01 5.790541106698515961e+01 7.184069364215443443e+01 6.812208227762700119e+01 7.631946043165534377e+01 8.460709613951929953e+01 7.551800546136468029e+01 5.661074087115615328e+01 7.551800546136468029e+01 8.460692045583712684e+01 9.066880491429746769e+01 7.918626473334832383e+01 6.323240901883178111e+01 4.179901521742262105e+01 5.890301822123155517e+01 6.737367539074351441e+01 5.751247956223432567e+01 3.746710701005796551e+01 5.428416229586783714e+01 5.011078390627655210e+01 7.253585599901779801e+01 6.999436746317608993e+01 8.271539618981250896e+01 7.142224351490810363e+01 5.197755101192459648e+01 6.348427405026581738e+01 7.179786721727512600e+01 6.358485369668688492e+01 4.352431743967955668e+01
6.342379082506408849e+01 7.806404990691945045e+01 8.592928067271840575e+01 9.397434639150927183e+01 7.735654590524863750e+01 6.735173743608072527e+01 5.906455044206093419e+01 5.250337385015283331e+01 3.417826116318766339e+01 4.350511898916139586e+01 5.508736639057603668e+01 6.927090178570129808e+01 8.926428240355834021e+01 9.196515092325405760e+01 8.585873186271274449e+01 7.725193407936539813e+01 8.585873203573494550e+01 9.839190685433341343e+01 8.267494336355532880e+01 6.254751698601192800e+01 5.019240700152926848e+01 4.565374106583590219e+01 6.702886332847960205e+01 7.406159477947254288e+01 5.402570397701929750e+01 3.981358442882108051e+01 5.990335934433984022e+01 7.150767106829496811e+01 8.262535008063542818e+01 8.797192891441848417e+01 8.208105010977737948e+01 6.213908889058315310e+01 7.142224352610583082e+01 7.142224352610200810e+01 7.901214110766811416e+01 5.983805833614853498e+01 6.291428492217256263e+01
4.923132075840990751e+01 6.891861531263889162e+01 7.722122312392116328e+01 8.725456710141773442e+01 8.619112681964411138e+01 7.792002588820670894e+01 6.814277175091396543e+01 5.619119820341819604e+01 3.607657583235748433e+01 5.620651737743547471e+01 6.127598844043309612e+01 6.956534686434288517e+01 7.564809409298418075e+01 7.198091925394314217e+01 9.196515092325405760e+01 9.483143507324275845e+01 1.030921596026838216e+02 9.047679542828649346e+01 7.069088931452765223e+01 6.036877521628089482e+01 7.064818735563362395e+01 4.971959504932034690e+01 7.076349249441102529e+01 7.148367376051675137e+01 5.142516310499426879e+01 5.990335934433984022e+01 4.349781939255140628e+01 6.358238648678410243e+01 7.573675619663859493e+01 8.732182517895266471e+01 9.059823697920651853e+01 7.349477302255057509e+01 9.059823697920651853e+01 9.162093936213486245e+01 8.663883161177678005e+01 7.705078864836350760e+01 6.472041578624038038e+01
4.120168431538047571e+01 4.880482177844787373e+01 5.887598484355751793e+01 7.896124578172006636e+01 7.792002659475119231e+01 5.787711881984839835e+01 5.988938627349966737e+01 3.988613943331490930e+01 5.620651738120226781e+01 3.915993134050059865e+01 4.126252228644787579e+01 6.127598850136144648e+01 5.558839051256914132e+01 7.474990652823267112e+01 8.076011718486608970e+01 7.494640274589606577e+01 9.483143507324275845e+01 9.839190685433341343e+01 8.859811818018648921e+01 7.224180614260347966e+01 7.467563787325291003e+01 5.397451034707074768e+01 7.467563787325292424e+01 7.982478381306722781e+01 6.300214308814807396e+01 7.191013427668629276e+01 6.358238648678410243e+01 4.735815391046931921e+01 5.894430898582868394e+01 7.896302637648776113e+01 9.690437332192340136e+01 9.380201159551565127e+01 1.023768297448171722e+02 9.404089406717538679e+01 8.262761925935156171e+01 6.988962102594712178e+01 4.994488099344994936e+01
6.131631593927195212e+01 4.978065188000604735e+01 6.989169245284317356e+01 8.725456710141770600e+01 7.792002339710703041e+01 5.787711881685454784e+01 4.369997042649961827e+01 5.401858775335541196e+01 6.744397231931480974e+01 5.915456535097394664e+01 6.127598767325334705e+01 4.430477730688699012e+01 4.658581156657904643e+01 6.538724545262456900e+01 6.081501455673697620e+01 8.077059387046217864e+01 9.504427408741609895e+01 1.033029935161126929e+02 9.988230430039948260e+01 9.197927577924296827e+01 7.875731848271007607e+01 5.834891544008750230e+01 7.875731848271007607e+01 9.143068913849418777e+01 8.307005244897123930e+01 8.984770081872186154e+01 7.023534452579632159e+01 5.022332387333405990e+01 5.840738492320185316e+01 6.835650313186860672e+01 8.847973975767489208e+01 1.050653571380898796e+02 9.513032885075021738e+01 8.586401370510721165e+01 6.608344517815241659e+01 5.459309086782955234e+01 6.988962102503637652e+01
7.658913328285781574e+01 5.649681079281393892e+01 7.658913328285781574e+01 9.439620786549990328e+01 8.440139432893909088e+01 6.667635113115524348e+01 4.659750011630895727e+01 6.667635113115524348e+01 8.233798577220096604e+01 7.705368801190057582e+01 5.700297920661951423e+01 5.850173763343316580e+01 6.667714002444441235e+01 5.005813827413985706e+01 6.839025501105837179e+01 7.849930803421375458e+01 7.504234710711195078e+01 9.040878768573423940e+01 9.866545519874748038e+01 8.737940397322516617e+01 6.715882124624079097e+01 7.875731835804734260e+01 6.757904335140530350e+01 8.780073303173448096e+01 9.310610285959256771e+01 7.296859054233108566e+01 6.148722960943131710e+01 5.333865405433273565e+01 7.331781092356143859e+01 8.676126645569141260e+01 9.687226118767333105e+01 9.684908132918596380e+01 7.706339062164366283e+01 6.716728200525705006e+01 5.967936261999217606e+01 7.444371992938550875e+01 8.262797456530242357e+01
8.488439911988191966e+01 6.655780695242745537e+01 8.488439911988191966e+01 8.613437181190505498e+01 6.612660615191762759e+01 5.607523292769347023e+01 4.998673643093874830e+01 7.007125436040568900e+01 8.390511510902436498e+01 8.532510306075919004e+01 7.119942278920082401e+01 7.854579569137079886e+01 7.843260301208229635e+01 5.907048774767054056e+01 5.401614291463727824e+01 5.864230838589028139e+01 6.401820754598338681e+01 7.037170752568607668e+01 9.040878763033082066e+01 9.572891039707494087e+01 8.737940388140056314e+01 7.795439295647800293e+01 7.471915344363361555e+01 9.495528647882186135e+01 1.014925643718650718e+02 8.984770081872186154e+01 7.716006497020894983e+01 5.720054029510226457e+01 6.399668241605230179e+01 7.807983352065942029e+01 9.800831756079307411e+01 1.050657746562514063e+02 9.496366558997938512e+01 8.359435027493809400e+01 6.381863877059561219e+01 7.523833809074722012e+01 9.500887519287520888e+01
9.490754519960239577e+01 8.662045961328811927e+01 9.490754519960239577e+01 9.439620786550067066e+01 7.613048898191136971e+01 7.613048898191136971e+01 5.760077671389631604e+01 5.557627765023178057e+01 6.977902320793923252e+01 8.977042047381723933e+01 9.118713463760117577e+01 9.324891829667937770e+01 7.326504571056304371e+01 7.764698483132178808e+01 5.758281162474485626e+01 7.764698483132178808e+01 8.407250893660389579e+01 8.407246153923856014e+01 8.197077381635853044e+01 1.019353381152036064e+02 1.065291234673149745e+02 8.699918377128408054e+01 8.374305775798119100e+01 1.032929047357129093e+02 1.022033030775268401e+02 8.195373310454979787e+01 6.782074955928015925e+01 6.189284501992588616e+01 8.183316305529827162e+01 7.809524301533333812e+01 9.815859100819902494e+01 1.074256331060615253e+02 8.770748520832059114e+01 7.370590353474653966e+01 7.006568874487011556e+01 8.985102201478045458e+01 1.031829177021336079e+02
9.915180912152798953e+01 9.068275862861078451e+01 9.915180912152798953e+01 1.043691261908464298e+02 9.029059576744947435e+01 7.030189262364022795e+01 7.764863056840972888e+01 7.563436790172070801e+01 6.178876789769996236e+01 8.181440760492992581e+01 9.791294390658090663e+01 1.015091602733218110e+02 9.324891829667937770e+01 8.182699580218444169e+01 6.178036741854560887e+01 6.918617746025863369e+01 8.920455999722324236e+01 1.040347641701696944e+02 9.353231498368920427e+01 1.101831681129258982e+02 1.155612377752746340e+02 9.874336797176933089e+01 9.548285508990882420e+01 1.123342259951709963e+02 1.022033030775268401e+02 8.195373310454979787e+01 8.687827535316054650e+01 6.684100863641832291e+01 8.687827535316054650e+01 9.815747320374933338e+01 1.064002374369803476e+02 1.074256331060615253e+02 8.770748520832059114e+01 9.348279701512966255e+01 7.706372180508463998e+01 9.684462872550508905e+01 1.142780584692415857e+02
8.883935817405188118e+01 7.013963330072080282e+01 8.889445599159343203e+01 1.013873473506091472e+02 9.855018830494674376e+01 8.445253240450665544e+01 9.444492125294799223e+01 7.447432665981671107e+01 8.181441419500336565e+01 6.966413637612151888e+01 8.965579574187474066e+01 1.053597888223049637e+02 8.542225121581165581e+01 7.124753461597160253e+01 6.757866943659166736e+01 8.760935073181960320e+01 8.336165537398372294e+01 1.033108428535733907e+02 1.134140988058909585e+02 1.216708484545889206e+02 1.271638516518054729e+02 1.189082864381499576e+02 1.156965553388390191e+02 1.239599522130783100e+02 1.105846121214576101e+02 1.022033030775268401e+02 9.400773098788512527e+01 7.384258528595535154e+01 7.943823290222503886e+01 9.107484793917889476e+01 1.114367420365370123e+02 1.156058829503076453e+02 1.074256331060615253e+02 1.050146393881590114e+02 8.698581868427983466e+01 1.050146393881590114e+02 1.098180820722539295e+02
7.426591436102619070e+01 6.026271065121640191e+01 7.233556891261338251e+01 8.489655591655910882e+01 9.349810972934830033e+01 1.043849275162595092e+02 9.444492500553361936e+01 9.444492462220668472e+01 8.232831980089034118e+01 7.968226504394564813e+01 9.791383479477848084e+01 1.038758141691404404e+02 8.393133942008087445e+01 9.126182078059170522e+01 7.467785485132188228e+01 8.760935733770230627e+01 1.033108420500522868e+02 1.115667886964394739e+02 1.173502448635418318e+02 1.089971759444661075e+02 1.173502448635418318e+02 1.281501092968467219e+02 1.198154025128373519e+02 1.281501092968467219e+02 1.238559338269211878e+02 1.154250203891468800e+02 1.024119307804929662e+02 8.804891783731973476e+01 9.027436616995694862e+01 1.080774349082004164e+02 1.198074847782841061e+02 1.346117758292774056e+02 1.264788571300204580e+02 1.148749288467185181e+02 1.067034387667303577e+02 1.148749288467185181e+02 1.180085520151613423e+02
5.104371591988107326e+01 5.296733892678740574e+01 5.819763815938377149e+01 6.438310939039882896e+01 7.880292788579954788e+01 9.958389562983096255e+01 1.143597598618408000e+02 1.105192196004258278e+02 9.385696114076453966e+01 9.380249211724404290e+01 1.078851540093335757e+02 1.121286881144640404e+02 9.805345864615580354e+01 1.029337043486362688e+02 8.365645260180575349e+01 1.029337043486362688e+02 1.158118531128290698e+02 1.197980164525646813e+02 1.072322533566456570e+02 8.873224323748490860e+01 1.072322533566456570e+02 1.126973927952686978e+02 9.957635383718488242e+01 1.180477611721000528e+02 1.121158957932481854e+02 9.509883108355485604e+01 1.111969093008504217e+02 1.083935785116275383e+02 1.106192994513246930e+02 1.189921523785602062e+02 1.282846348758937722e+02 1.201856129194824803e+02 1.067395045669572085e+02 1.232329687350902248e+02 1.234542148293525656e+02 1.316069886301469865e+02 1.280152532857212861e+02
4.638539137165005144e+01 6.666491766990139922e+01 7.837933846712365948e+01 8.489655591655910882e+01 7.886689477036127016e+01 9.380658690843091563e+01 1.154965479619959297e+02 1.220123606671474050e+02 1.137491930380854370e+02 1.136960887855361761e+02 1.134935531167835450e+02 1.217302644152924245e+02 1.179322238376879284e+02 1.118489570481111883e+02 9.778335069313570216e+01 1.118489570481111883e+02 1.133798950075181295e+02 1.050230340943242453e+02 9.121831045795794068e+01 7.863423905987106366e+01 9.246727308945445145e+01 9.246727308945445145e+01 8.943261720509467239e+01 1.096958781750110745e+02 1.030315628005264870e+02 8.338871251283380559e+01 9.088317733095541939e+01 1.111969093008504217e+02 1.148853181542408635e+02 1.235605525079221962e+02 1.201578113980450411e+02 1.004155873631188456e+02 9.525035446647957826e+01 1.073060702608398884e+02 1.036768575865767019e+02 1.195650144845357516e+02 1.265490731937439506e+02
4.757521754075459341e+01 5.465807666417628496e+01 6.369897994855049461e+01 7.560791196077994414e+01 9.699199908239565104e+01 1.081946733477955291e+02 1.132970686817357517e+02 1.047551849697876634e+02 1.137763562074901529e+02 1.101658484637322175e+02 9.340323701244744825e+01 1.101658484637307680e+02 1.112675916311838762e+02 1.195125502082156999e+02 1.176479318815079012e+02 1.126602615559551879e+02 1.036124734892591022e+02 8.480089654942366906e+01 8.851172792986278637e+01 7.106083083540804068e+01 7.229787113383842723e+01 7.863423905987103524e+01 9.886470959098029709e+01 1.113440899007280791e+02 9.460880148065176343e+01 7.435032370689989989e+01 9.461081660154896156e+01 1.003335515666426971e+02 9.432285817181011112e+01 1.148853181542408635e+02 1.202080178638590127e+02 1.004163631035982291e+02 8.632302351601161661e+01 8.742056910542405035e+01 1.049892909587720311e+02 1.011160084519938351e+02 1.159393493682600536e+02
6.779557896595926536e+01 7.505383673523186872e+01 8.358722333892224299e+01 9.309298523138298265e+01 1.053095036059359160e+02 1.066383270305163506e+02 1.025692103602741838e+02 8.347388321769111030e+01 1.028318479184652858e+02 1.018944061122035123e+02 8.174753521623242136e+01 9.706028168951866064e+01 9.117542122684277217e+01 1.112675916311838762e+02 1.186099186254768796e+02 9.837312091247947876e+01 8.404864358164981297e+01 7.504816981398469977e+01 6.838391763316239746e+01 6.475471120350793797e+01 8.484395570838903211e+01 9.886470959093749400e+01 1.009199193480297509e+02 9.250431493664684979e+01 8.281823122029787498e+01 6.848549109287533554e+01 8.876181610944854583e+01 7.996307579497704410e+01 1.003335515666426971e+02 1.172654197604276192e+02 1.090683439252279925e+02 1.143840891376166411e+02 9.841300974058677298e+01 7.847748618490560091e+01 8.548390034889659717e+01 1.047822059318882708e+02 1.081812281299823866e+02
