MOVIE_S2_data/elevation_000350.asc
nrows	100
cellsize	150.0
xllcorner	0
ncols	100
yllcorner	0
NODATA_value	-9999
[rows 34 to 50 of 100, columns 37 to 73 of 100]
7.144780951530248103e+01 8.960103521705931939e+01 8.124591926080948667e+01 6.650550544447628454e+01 6.503563479167253547e+01 7.657387108552052268e+01 9.079708177148370396e+01 1.110439163051390778e+02 1.028584537129265044e+02 9.463967383873310268e+01 7.922630379898299680e+01 9.679728411084877848e+01 8.836371318672027542e+01 1.024666489389786932e+02 1.050750585604629208e+02 9.312497756968883778e+01 7.460731574139407485e+01 9.123670227782655218e+01 9.123670227782655218e+01 9.958228746888791250e+01 1.011664401767409061e+02 8.158349103279334713e+01 1.011664401767409061e+02 1.003974356493360744e+02 8.067769133024592065e+01 9.157849789005612706e+01 9.980004091783359854e+01 9.108410224103245412e+01 1.051294936431436611e+02 1.036002312357961017e+02 9.370233290987137309e+01 8.542759802365078770e+01 7.393818373543854250e+01 5.355896636570720659e+01 6.935686283804720631e+01 7.797085680689939124e+01 8.103512239659242766e+01
7.776354967937302831e+01 7.800455900418771193e+01 6.119558568120113051e+01 5.651071711143504928e+01 7.653975818201054437e+01 8.495815266414082600e+01 9.206695270438414980e+01 1.004434858643648170e+02 1.094819357588785635e+02 1.069411722027943767e+02 9.292116939516613172e+01 9.869563475682060982e+01 1.083186470219868198e+02 1.006676706941777155e+02 9.160711543924294631e+01 7.647404642634195682e+01 6.446338657510898429e+01 7.093952212608633090e+01 7.093952212608633090e+01 9.123670227782655218e+01 9.281606584082391009e+01 7.251315727387205357e+01 9.281606584082391009e+01 1.055664781085917809e+02 8.578448677328789529e+01 7.197475171869075439e+01 8.464752696284209321e+01 7.721957180233543738e+01 9.342565219619886818e+01 1.016482419516885329e+02 1.057743199176177882e+02 9.442956446550985561e+01 8.234963320593605829e+01 7.110949653363780953e+01 5.109795888499619565e+01 6.118386935515437131e+01 8.103512328445266633e+01
6.099092756004250759e+01 6.375459724219415847e+01 4.961024291372954309e+01 6.966985377128079904e+01 7.599328773574741547e+01 6.491210527515281115e+01 7.196022984614926088e+01 8.089984757490657330e+01 9.516093949814329278e+01 1.154427031320890080e+02 1.126364273483804510e+02 1.185213000034572559e+02 1.066663852103912262e+02 8.637644970825175506e+01 7.201567922277656919e+01 6.294372249477593328e+01 5.617689656603975834e+01 5.658735621632681045e+01 7.688442854249308311e+01 8.979532356821107442e+01 8.639572242105248279e+01 6.610088665330293622e+01 8.044986609365392383e+01 1.007502894067810644e+02 9.980004090983574372e+01 8.464752696284209321e+01 6.503608156490439285e+01 6.744127524868829937e+01 7.376541154672393930e+01 9.026512409909854284e+01 9.759860310005753092e+01 7.798851264560305196e+01 6.661319306162030784e+01 5.767896555750197507e+01 4.939204571186458281e+01 6.945281249629800868e+01 7.284200198916926183e+01
4.083792971158345608e+01 4.363477825845739488e+01 4.754323952861576430e+01 5.158763905050367526e+01 5.597788896863932706e+01 6.596546882760063113e+01 7.750058034014591613e+01 9.766036202840936653e+01 1.094819357588785635e+02 1.047480334464205640e+02 9.896793311842577623e+01 1.015286795454932474e+02 1.073139325247976075e+02 1.006676706941777155e+02 9.160711543924294631e+01 8.323920839212492240e+01 6.970832980624116715e+01 4.941585168744182965e+01 6.112940551467094252e+01 8.142735827541832805e+01 8.097169940935293653e+01 6.067725185509085861e+01 8.097169940934898591e+01 9.208765973540734251e+01 1.022162770617775323e+02 9.218327768875556671e+01 7.252776853304759186e+01 5.857041025043783833e+01 6.240296249292388353e+01 8.145433482449490725e+01 9.093009803375943534e+01 8.538842767101364473e+01 7.388178620531637364e+01 6.590491452071388778e+01 4.771896564307465383e+01 5.111092728269171204e+01 5.451340913199134519e+01
5.950281875721628211e+01 6.375459724219415847e+01 6.761798352574624005e+01 6.315181957968044912e+01 7.599328773574741547e+01 7.010871585830309982e+01 9.019990097104313520e+01 1.060368816038185145e+02 1.005597151585805307e+02 8.521042213795330156e+01 7.951187450534480661e+01 8.202273843025227507e+01 8.773589630948083595e+01 1.014090064511643163e+02 9.309283554337145006e+01 8.262581315991367603e+01 6.606369314369769086e+01 4.580905224718324575e+01 6.368193773369108612e+01 6.692646747245854044e+01 7.030866901586581719e+01 5.575241259988027309e+01 6.342491267275653399e+01 7.356822107969799163e+01 9.387304853694585915e+01 9.218327768875556671e+01 7.252776853304759186e+01 7.327729066846832495e+01 5.342847926940132908e+01 6.300311655952364731e+01 7.696660731909825870e+01 7.208566880653255282e+01 5.808517228517687414e+01 4.570968193536211288e+01 6.588967596231964308e+01 5.351763925980367986e+01 7.348318971312376391e+01
4.731737857926933088e+01 6.729015728045243350e+01 8.477482205867211462e+01 8.320092749849820279e+01 9.155986742488175878e+01 9.019990097104552262e+01 9.856820788527511468e+01 1.045037597483165115e+02 9.240808563566316991e+01 7.309633830579156211e+01 6.604662153996538621e+01 6.851743061798276813e+01 8.773589630948083595e+01 8.972964310740645999e+01 7.280052573839128627e+01 7.424861480355342280e+01 5.396491062213718948e+01 4.237642674446441049e+01 4.349460243758365152e+01 4.666438551323413719e+01 5.001545950137716545e+01 5.768333935821631542e+01 7.798013770786545251e+01 9.208765973540734251e+01 1.022162770617775323e+02 1.004006497894266658e+02 9.218327768875556671e+01 8.017912058107511086e+01 6.043945507660193783e+01 4.877893479348686867e+01 6.465601640461918009e+01 6.208809613197964694e+01 4.370124032387857227e+01 5.814499208246159156e+01 7.412135784447137610e+01 6.767785516190683381e+01 5.975533468512503532e+01
6.729015728045243350e+01 5.676260386219081511e+01 7.073090240087252312e+01 9.052446801339583260e+01 8.923096779739348960e+01 9.760057278504019962e+01 9.324678152576697698e+01 8.513302612711274264e+01 7.692990701382787222e+01 7.664010996908270101e+01 5.748545855717595998e+01 7.664010996908278628e+01 9.117958774123641774e+01 8.137706501106458745e+01 6.108795669121667515e+01 6.966314286319934013e+01 5.922330129414459776e+01 3.920661815237404113e+01 5.922330129482078576e+01 6.692646747245854044e+01 6.436379900570098300e+01 7.798013770786545251e+01 7.203518111825816561e+01 9.233253253421483464e+01 9.793877345993284678e+01 8.971340544367771486e+01 8.971340544367771486e+01 8.836845083066576478e+01 7.696638906251823187e+01 6.465601425081101183e+01 4.447024607681287023e+01 4.169716440878347896e+01 5.020333366159584898e+01 7.028736937937819107e+01 8.631638930163845203e+01 8.749850712078487902e+01 7.961068333618476345e+01
8.477482205867211462e+01 6.810793881421513163e+01 8.477482192080557866e+01 8.592979549734877764e+01 6.901312369969188865e+01 8.592979556843683042e+01 8.513302612711351003e+01 6.585875874207967229e+01 6.337057494758835929e+01 7.199442461654287229e+01 5.268832387081872781e+01 6.388307538869240432e+01 8.307473372508690090e+01 8.400896600681103621e+01 6.372090835374108764e+01 4.942918386446080348e+01 5.699922540280449113e+01 3.708890041033201612e+01 5.699922540280451955e+01 7.030775752138342227e+01 7.935941394299985063e+01 9.302042974132314157e+01 9.233253253421483464e+01 1.006750395222042584e+02 8.971340544367771486e+01 6.986780167873877190e+01 6.986780167873877190e+01 8.390328756933577381e+01 8.444796021888451776e+01 6.465601412781232682e+01 6.076075772034498357e+01 4.029889684122964866e+01 6.076075953493664628e+01 6.446700479452424304e+01 7.853201369592993331e+01 9.835821119437284210e+01 9.442291413311505721e+01
9.554129367782286408e+01 8.742878172582246066e+01 8.805541381945779733e+01 7.755819006515100966e+01 5.741147058497747935e+01 6.678931552768413837e+01 7.515088189088530157e+01 7.150406095674985352e+01 5.209760360366234266e+01 6.235576922801661226e+01 4.835307816025432714e+01 6.223904008727728865e+01 8.149284884058134537e+01 8.267666687557854743e+01 7.109573029629009966e+01 6.061424130647490216e+01 4.056490428749485488e+01 3.499385021886232039e+01 4.184535369645367098e+01 5.073594772997640234e+01 6.503676240381724938e+01 8.532821128757655060e+01 9.826954490171968359e+01 9.248499068723559446e+01 8.971340544367771486e+01 6.986780167873877190e+01 5.570075885136624549e+01 6.674525741357308561e+01 7.498486230786352280e+01 6.616209254483102598e+01 5.787963323635965196e+01 3.904071616344881335e+01 5.368388237731082313e+01 7.375051805015178275e+01 9.256062151073395228e+01 9.112584477058830146e+01 9.570640845160960453e+01
8.198700930857660296e+01 7.349880302346328165e+01 6.457180471932483101e+01 7.907300579325749368e+01 6.678931552768227675e+01 4.673593855398981844e+01 6.678931552768365520e+01 7.604704934260098526e+01 5.668465531646800315e+01 4.235983995474783370e+01 6.235576922801648436e+01 6.869055976849290346e+01 7.675875607786397836e+01 7.440344252292136673e+01 5.430928151286563121e+01 4.282728814616604041e+01 5.019477888933315057e+01 3.309239156663051773e+01 5.289215844065954997e+01 7.030733625027784228e+01 7.935944952436589972e+01 8.334854510723396004e+01 7.846897189215955848e+01 7.266335160953499894e+01 8.666334765588037214e+01 8.083818162909193461e+01 6.090777707000898289e+01 4.653216410893586641e+01 6.458626196077459269e+01 5.628946286873696181e+01 3.724013838217217653e+01 3.915624305056319088e+01 6.074913316251269180e+01 6.914708935383949040e+01 7.298428632979401698e+01 7.131730380973203864e+01 7.584134537913803342e+01
7.349880304303327705e+01 5.329691374205693677e+01 4.923719039307964351e+01 6.735279558350509888e+01 5.987096324882836029e+01 4.092207785641173956e+01 6.100040423072037044e+01 7.294658495149356270e+01 5.344072342598127534e+01 3.850638001989081260e+01 5.464836629328898709e+01 4.883189931040675447e+01 6.869055976850117418e+01 7.209261173072336248e+01 6.606372762259033493e+01 4.465646535533046091e+01 3.040856416081064140e+01 5.019701424810119050e+01 6.125000823477538603e+01 7.924352666700498560e+01 7.749274093159107224e+01 6.344978913818687261e+01 6.780996733395176079e+01 5.852779611810067451e+01 7.846897528116124931e+01 7.569217328723703986e+01 5.565854540550725460e+01 4.106854617373640082e+01 5.470702149417159177e+01 3.550786321362132014e+01 5.628946286873432570e+01 6.074913316207473457e+01 4.463097416777307558e+01 4.897262642331305926e+01 5.307247674480842647e+01 5.732100958136436475e+01 6.190644038515695513e+01
7.085711706162543067e+01 5.069052712532447202e+01 3.904201011709236013e+01 5.116312508876595189e+01 5.250453231123017872e+01 3.568014276823347330e+01 5.577498837228071693e+01 6.009462771147656923e+01 5.201445604569538261e+01 5.464633631281161996e+01 3.236017353082277737e+01 5.464836629329682438e+01 6.694028139572806424e+01 5.395404798403694002e+01 5.911577485885607075e+01 4.826501922896419927e+01 2.857861953883797668e+01 4.798302083632344051e+01 5.179276247780578046e+01 7.115020888146041500e+01 6.748589608228552095e+01 4.919278769673405804e+01 4.770095479213958356e+01 6.780996733395176079e+01 7.433896529044940849e+01 6.606259339112158102e+01 6.149895248171397810e+01 5.316920682038139034e+01 3.387659135255832865e+01 5.470702149417159177e+01 5.038244769836810377e+01 7.055025900704404762e+01 5.980469873915986057e+01 5.812639195312086571e+01 6.718781870580711768e+01 7.711909113175542529e+01 8.165968764436642857e+01
7.933718605319694461e+01 6.524391662750693399e+01 4.533067026447111658e+01 3.109155490689229140e+01 4.084833015950109569e+01 3.091131985464657816e+01 4.965053387954146302e+01 4.123048900581321874e+01 3.185621072834070588e+01 4.728057563962287446e+01 2.777083941110460330e+01 4.819609536977583275e+01 5.405417691531154389e+01 3.951030481211428480e+01 4.320018782026563287e+01 3.265037690576106399e+01 2.678259113118477686e+01 3.626241044695616011e+01 5.316257579981319736e+01 5.601508458420317993e+01 5.266126007465985737e+01 3.897209404571716362e+01 5.923511696465472198e+01 7.601054651438941789e+01 6.604754814144514796e+01 4.569660699147329552e+01 5.165020010532730055e+01 3.247344612498874739e+01 5.293770305682360089e+01 6.288584052689962078e+01 7.055025900733936339e+01 7.879007673144052148e+01 7.971937885946816493e+01 6.964194027922914643e+01 8.621587260122777252e+01 9.521868796164876869e+01 9.776606890653219750e+01
7.092216245719954770e+01 6.264493004995382819e+01 5.945485665433254496e+01 4.455037000200920971e+01 2.443390662885639486e+01 4.438164069016846014e+01 4.127976489634851731e+01 2.020186265508116108e+01 2.035936222304640708e+01 2.248137938074951236e+01 4.680602601554819842e+01 3.179338928836479994e+01 4.239826924771514882e+01 3.758891411249671677e+01 2.390353184976562417e+01 2.432741043480459808e+01 3.473001388369503672e+01 4.435582047492633251e+01 3.345815001162299751e+01 4.105114314687725141e+01 3.231220922802602047e+01 5.265836517375632297e+01 6.740807583697336725e+01 7.780478432285075030e+01 6.076005347764949249e+01 5.094746427740103911e+01 3.119265186205727503e+01 5.144453063686027861e+01 5.833287884304274939e+01 6.386435164989445212e+01 7.019350876873640743e+01 7.791377418235592245e+01 8.667028445163141726e+01 8.941509814533188205e+01 9.765019450969300863e+01 1.078780650995121562e+02 1.000557373116347293e+02
6.264491400582674885e+01 4.254893025919088956e+01 4.839208204690290671e+01 4.127804738543913743e+01 2.138065603566081307e+01 3.656392262312014907e+01 3.920383715652669565e+01 1.979374867915839786e+01 3.979613037785082952e+01 2.094931823427707585e+01 4.098882743114889848e+01 4.426044693757771142e+01 2.748082373248777799e+01 2.330316615673153535e+01 3.130530885645823957e+01 4.278988158921880824e+01 2.494919136323240139e+01 2.539134854784019524e+01 2.583677570208744001e+01 2.628548567198388852e+01 4.656919479874063938e+01 5.504207851380974859e+01 5.862102488559364843e+01 5.638862088975012199e+01 5.213259081597384181e+01 2.984844758896708328e+01 3.038069211353179710e+01 3.963142531619826769e+01 3.850057196304351237e+01 4.422799537128356917e+01 5.072800743442779492e+01 5.821300393450851374e+01 7.204234264908511420e+01 9.254650037825668107e+01 1.097551829590662038e+02 9.048603244123756895e+01 8.077479886051813196e+01
6.552365447213406924e+01 4.843484689568354895e+01 2.837239704844315114e+01 3.179772054700532635e+01 1.838982003181662250e+01 1.880068591706743675e+01 1.921149969129391621e+01 3.920527312902748207e+01 4.773557963419739281e+01 3.820894367650680579e+01 2.153593382540236334e+01 4.065704933378098218e+01 2.270099445339630151e+01 4.314753636826954875e+01 3.235955506526897096e+01 4.224916857761856193e+01 4.734931218901665773e+01 3.907387324976427578e+01 4.610514569722040790e+01 3.377007157043574637e+01 2.692989225426702760e+01 4.685689976985702287e+01 3.954757077413041344e+01 4.884667797033884540e+01 2.918017618310771866e+01 3.327770306179721871e+01 5.007187889278785065e+01 3.113054977020084024e+01 4.661880961989857752e+01 6.204459877269578527e+01 7.019350876873637901e+01 7.791377418235592245e+01 8.667028445163141726e+01 9.854053669254489023e+01 9.054879743345102838e+01 8.457302614776101279e+01 7.084579343170091192e+01
5.041786899552148782e+01 3.719930098059311518e+01 3.619918297978028221e+01 1.781380280837472796e+01 3.779753165374736312e+01 3.878791036550410354e+01 2.092771107707268641e+01 3.400331285261152914e+01 5.465827557150111460e+01 4.331937935902864467e+01 2.220432778610354418e+01 2.210434367098896757e+01 4.027600088098314757e+01 5.079791154984285129e+01 5.445863771850536494e+01 5.703601638368649418e+01 6.468974015906987063e+01 6.129849609006683409e+01 5.479938357665503190e+01 3.468556152332708109e+01 3.376009508492073508e+01 2.758184460944494631e+01 2.804703748655574458e+01 2.851452288876691199e+01 3.336004568243766499e+01 4.985257700931740743e+01 5.271685058816606073e+01 3.166076743773544777e+01 3.808410442195491186e+01 5.735920000209625869e+01 7.396994164658990201e+01 8.435090114460145116e+01 9.379619581340449486e+01 8.577879171363811395e+01 7.088925109728900509e+01 6.480147650905634293e+01 7.886545057322946661e+01
