MOVIE_S2_data/elevation_000081.asc
nrows	100
cellsize	150.0
xllcorner	0
ncols	100
yllcorner	0
NODATA_value	-9999
[rows 68 to 84 of 100, columns 37 to 73 of 100]
1.039389798939968443e+02 1.121907659683795089e+02 1.102107715586900838e+02 1.184856980871408751e+02 1.169852400269911072e+02 1.086461392353878779e+02 1.016810247218033254e+02 8.402417901497632613e+01 9.146992564450052043e+01 7.238714332932008233e+01 6.223733423410577359e+01 8.045247609181345183e+01 9.588362663644329587e+01 9.522185768702384223e+01 7.496385170709120871e+01 6.492115580192775326e+01 7.914454520892653022e+01 6.447319249146869424e+01 8.463850867293473357e+01 9.847366534324086729e+01 1.034222720263616537e+02 8.414099911982819435e+01 6.994104392814433879e+01 9.024287885994883140e+01 1.024774347304295503e+02 1.141138664439722845e+02 1.028373480767226908e+02 8.320187034779726787e+01 7.188580969456836556e+01 9.150079972426071606e+01 1.057098419149012187e+02 8.778938713498256163e+01 9.685856477564772149e+01 1.106959790454546351e+02 1.221622277457682060e+02 1.138089187174945636e+02 1.221622277457682060e+02
1.032678893106444491e+02 9.483076046983271112e+01 1.032678893106445770e+02 1.094491757509756411e+02 1.010773944952434960e+02 8.822435335307886817e+01 9.303447806702689604e+01 7.158456112559204598e+01 8.065036272795289563e+01 7.680944720735993769e+01 5.862363076095948600e+01 6.887114632131265068e+01 8.765336908926744286e+01 1.035453824126419562e+02 9.344028532334878889e+01 7.914454520892653022e+01 5.907883725740419578e+01 5.898174805816029931e+01 6.998409671189187975e+01 9.014314626511573181e+01 1.014988483301681299e+02 8.556791142917472826e+01 6.547857053403406269e+01 7.392485834446338799e+01 8.561054631905238921e+01 1.058209502350326829e+02 1.016029956524862001e+02 8.197780906298102366e+01 6.812649437274522768e+01 8.772589313299575053e+01 9.760373795019145859e+01 7.797489083995590420e+01 8.297183397476932498e+01 1.025963903217421915e+02 1.120518775963168281e+02 9.356583914237816657e+01 1.120518775963168281e+02
9.295869084032239016e+01 7.410907272279364122e+01 9.295869084032239016e+01 1.010773944952434960e+02 8.052811865303783634e+01 7.623810873859008552e+01 9.498864720200671741e+01 8.065036274679428629e+01 5.966543269962734541e+01 7.035303308470501804e+01 5.514631533165015043e+01 6.799915704903983737e+01 8.674329173363933876e+01 1.026124878934146949e+02 9.429273621706273900e+01 8.749363574177176872e+01 7.368335123015570787e+01 5.371490462173661484e+01 6.778008718825795142e+01 8.793509134237395131e+01 9.327218255160370575e+01 7.281936264285218385e+01 6.125101675425047176e+01 8.135940440798074746e+01 9.438299983267792470e+01 1.060395845763531071e+02 1.002824969747141353e+02 8.420573719911782007e+01 6.462076929586540075e+01 8.420573719911782007e+01 8.325250965614861798e+01 7.057744794005930089e+01 8.188949188882592978e+01 1.015162385843973851e+02 1.036873789299363438e+02 8.342310033173484385e+01 1.036873789299363438e+02
7.331371769297834362e+01 6.366626261056319436e+01 8.445097339906192246e+01 9.638950632213131087e+01 8.654686219874704989e+01 6.583664897605382293e+01 8.654686219874704989e+01 8.569630217834304631e+01 6.457031282392853200e+01 5.023223621185839249e+01 6.100469093283095390e+01 7.172012015955186826e+01 8.537166844891406470e+01 9.429273621706273900e+01 7.411330200054791817e+01 8.002372144205722293e+01 7.080115422398840508e+01 5.087117296513266496e+01 7.080115422398448288e+01 8.793097951019066727e+01 9.282698808072115071e+01 7.780471009098587842e+01 5.776031558676988453e+01 6.586710376144483803e+01 7.748689966983319266e+01 9.772479387615355506e+01 9.216836433371743453e+01 7.255908722025955626e+01 6.127263139532685443e+01 7.720921976676120835e+01 6.367001228630684295e+01 7.496230798322183375e+01 9.457713574382511013e+01 1.096171220637635315e+02 9.693261939720248677e+01 7.670966633175099503e+01 9.693261939720248677e+01
7.710922337845292418e+01 5.643472507484118239e+01 6.756898229501143760e+01 8.812281515624114547e+01 8.056833860919874724e+01 5.991895927449267845e+01 8.056833860919874724e+01 8.890518900079763398e+01 7.858858216952292253e+01 6.582947856883905047e+01 4.587387745413785467e+01 5.755828871107814848e+01 7.712810990148523160e+01 9.429273621706273900e+01 7.411330200054791817e+01 5.995280052629371426e+01 6.801039864080571817e+01 4.810323152830124371e+01 5.953284974555091225e+01 7.959097988902790632e+01 7.860482350786224970e+01 6.438265893500341974e+01 5.464219031591955655e+01 7.463541304338006910e+01 9.438299983267792470e+01 1.038142960874428695e+02 9.569743842766074238e+01 7.767516759139030569e+01 5.809981529159958313e+01 5.763826117654663506e+01 7.146842192745700117e+01 9.106873174701429718e+01 1.026852145097072793e+02 9.859833037555047497e+01 9.023072201486132826e+01 7.095232175571550215e+01 9.109475569912873993e+01
7.137245789636212123e+01 5.091718644953095918e+01 6.531483483209768792e+01 8.606424548210999603e+01 7.523669179100969018e+01 5.470298504404870954e+01 7.523669179100969018e+01 8.093628543560238597e+01 6.245772323614368560e+01 6.310570687791300770e+01 4.289065906483310187e+01 5.480161713259635548e+01 6.868387950010925636e+01 8.837812910445478565e+01 8.836289494698125679e+01 7.056219858592700689e+01 5.061141643056693340e+01 4.544763856666921953e+01 6.534993546329710057e+01 7.475698627677051888e+01 6.643551669296417117e+01 5.033480654845936897e+01 5.731921152891482762e+01 7.144610634108649094e+01 9.162696004587272114e+01 9.569743842766075659e+01 7.608857192302369299e+01 8.183187595077902188e+01 7.329549989483739125e+01 5.370580144878638862e+01 6.755667810159087594e+01 8.715024130924777523e+01 9.859833037555047497e+01 8.697589536415220834e+01 7.012929502896635370e+01 6.566836352858430814e+01 8.571146378827312162e+01
6.679846407684449616e+01 4.651074211719922147e+01 6.679852210481691088e+01 8.054270219660483576e+01 7.039685069645234705e+01 4.996897208925746980e+01 7.039685069645234705e+01 7.681557752794056171e+01 5.695175369758376149e+01 4.687029586862883690e+01 4.000764264943408932e+01 6.046983940419472958e+01 7.917424766407816605e+01 8.898319359291612329e+01 9.068185812537748802e+01 7.056219858592700689e+01 6.273685800734090634e+01 4.282540182838497600e+01 6.273685800734090634e+01 6.279964954954175482e+01 4.652105409631772659e+01 6.055931778733592807e+01 7.735694153216923041e+01 7.144610634108857994e+01 9.162696007014801580e+01 9.569743842654922616e+01 7.608857192302365036e+01 6.223617586777610455e+01 7.093717723274779985e+01 5.130346677117204024e+01 6.519854826010356419e+01 8.479145347949008737e+01 9.023072201486132826e+01 7.012929502896635370e+01 5.871717674443119250e+01 7.862515773345921843e+01 8.946439430958099592e+01
6.256822470675977144e+01 4.234902134475399293e+01 6.256823020603962249e+01 6.005576837129309098e+01 6.005576837129308387e+01 4.555858688486632246e+01 6.593912212479330037e+01 7.103407507016905242e+01 5.112021739467583359e+01 3.622733916475433347e+01 5.695050662622861637e+01 5.126150876073035079e+01 6.123930486262221962e+01 8.081751777536079828e+01 8.617544785301174670e+01 6.606744546087338676e+01 5.197817933833912463e+01 4.050021450343677287e+01 5.930632620653513953e+01 4.288464421341679866e+01 5.693465368305526653e+01 7.475776134213886337e+01 8.895618671622230522e+01 9.162696006176314256e+01 9.995395047404990407e+01 9.558119473189969995e+01 8.510091278768696554e+01 6.548053682208561099e+01 5.237355861462840778e+01 4.891322261527407278e+01 6.035593995465593053e+01 7.995440435128152501e+01 8.621043667693511736e+01 6.617602129080624707e+01 5.479261695254926678e+01 6.943044809172197063e+01 6.943044809172198484e+01
5.860291693315450345e+01 3.834299938343117020e+01 5.860291941218680023e+01 5.478523150335635705e+01 3.964306685620213244e+01 6.005576837129308387e+01 7.442332113016826156e+01 7.132214196878381074e+01 5.455473535986347144e+01 3.378404905580693907e+01 4.873440998894857046e+01 6.872531414290340024e+01 7.917424766407816605e+01 8.898319359291612329e+01 8.180242371076435859e+01 7.178594246633177534e+01 5.816647810697933352e+01 3.823279079800433777e+01 3.937800175086809418e+01 5.930632620653513953e+01 7.111241216730589088e+01 8.529017065155633759e+01 8.939027960526338745e+01 8.079912667830907935e+01 8.939028179294065524e+01 8.746290363487655384e+01 6.785536394750006650e+01 6.548053693683826282e+01 4.551892767312404686e+01 6.548053678598802207e+01 7.675783747502312337e+01 8.807350276906940678e+01 9.457220811143989181e+01 8.094914128883061721e+01 6.099817935594599305e+01 4.962100112193170531e+01 6.482416215077329014e+01
5.484074871268873608e+01 3.445543293553855335e+01 4.978355055650467875e+01 3.422836501425206990e+01 5.478523150335635705e+01 6.853133192499906556e+01 6.678685573567031497e+01 5.657369197863810939e+01 4.318200104718996357e+01 3.144609582973077266e+01 4.374831994596016216e+01 6.397554203921411187e+01 8.142841311439427443e+01 8.966484228991964756e+01 7.347161632874903603e+01 5.347153655982376108e+01 4.353914177348903536e+01 3.596762053078206378e+01 5.593782420125369725e+01 5.930632618449727289e+01 7.933754233461149852e+01 8.278971727045230011e+01 7.941540599762883801e+01 6.117707634512395032e+01 7.941540599793559352e+01 8.531836346757822298e+01 6.571036462751176543e+01 5.172517706684767802e+01 4.317299036828507752e+01 5.763601282535996262e+01 7.731343309012294185e+01 8.197028968706140972e+01 1.024504648165408156e+02 8.929914809224229089e+01 7.765277828816965666e+01 6.481860362496354355e+01 4.502229816749503044e+01
5.779659889499670555e+01 3.971880413047521330e+01 2.902476223315079551e+01 4.978350327535101627e+01 6.200062926527185425e+01 7.230132830522094878e+01 5.864010314189940942e+01 3.985128302829604507e+01 2.827787860372118445e+01 4.914300090310444347e+01 6.056958449386390697e+01 7.216318146786763066e+01 6.102910724141893439e+01 7.797435241019307739e+01 8.180242366121976261e+01 7.178594246632773945e+01 5.435408410327357842e+01 3.433154955354031301e+01 4.850220386662997640e+01 6.848177254847129802e+01 7.695136091842307735e+01 6.234433207093151452e+01 7.098810150692381171e+01 5.189434002546713742e+01 7.098810150693117293e+01 8.185516424848165684e+01 6.671823525771311836e+01 5.853189775481966706e+01 4.089708772691926697e+01 6.138679279162199265e+01 6.159594667222696529e+01 8.197028981579042295e+01 9.115017065195333146e+01 8.158163800647834307e+01 6.863750032833182502e+01 6.024490236851009684e+01 4.194067722786947172e+01
5.592970569791766877e+01 4.715605211590026613e+01 2.646269616441350081e+01 4.681253221413624743e+01 4.745913528664605963e+01 6.488065615886222304e+01 6.396670588840650851e+01 4.286417000005418743e+01 2.614670786840288841e+01 4.691835922417423177e+01 6.412541843134155783e+01 5.766706502202270457e+01 4.889212685390852897e+01 6.965086837725262114e+01 6.776822982123863426e+01 6.691685212585292675e+01 4.693252395844724134e+01 3.274428202018921752e+01 4.693253032032757943e+01 6.691800881668169154e+01 6.762732367748060369e+01 4.836403908053679146e+01 5.704822032137938947e+01 4.600253235012635855e+01 6.459775745656887125e+01 6.875246480502032398e+01 5.499441652074690978e+01 3.779318844230513719e+01 5.587204779426024714e+01 4.713736898442310519e+01 6.749401969177563387e+01 7.107348224918894175e+01 7.107348200690996975e+01 6.748986629355985656e+01 5.339808372575684814e+01 4.078555394093007891e+01 6.044844732900488538e+01
3.444034087192682847e+01 4.504908421046732059e+01 2.406128522066446962e+01 3.194069789274173843e+01 4.575533923879577003e+01 6.389149225909393692e+01 5.860881457309464082e+01 4.471749507010969893e+01 2.404632585424626257e+01 4.357810148690484198e+01 5.107777443483564639e+01 3.658242353978414485e+01 5.328472105081324628e+01 5.420711499663036648e+01 5.033600762868657341e+01 6.459651766343785084e+01 5.123079072931410849e+01 3.127034161470305307e+01 5.038063379140054820e+01 5.282550989224345983e+01 4.981912261375781981e+01 3.925120247275689422e+01 3.857108957835126972e+01 5.115876385617239208e+01 5.189253318848992080e+01 5.753732094728317037e+01 5.113249629314226041e+01 5.376544956444215728e+01 3.497386027738370728e+01 4.866068647811351155e+01 6.206009757970993235e+01 5.140692177940380247e+01 5.737666846744919980e+01 5.800027751150329181e+01 3.970938849817663652e+01 5.921590008138193895e+01 6.872841235483549838e+01
1.937259014489233877e+01 3.891520544674563098e+01 2.191295839494884490e+01 4.226417545812261523e+01 5.862726923870675932e+01 6.048057837707136031e+01 4.709442715508016164e+01 2.671258021659885884e+01 2.196311987067956295e+01 4.223404761031834198e+01 3.492996789956335135e+01 2.983020864494910995e+01 3.310824792629498603e+01 3.392451056189506176e+01 4.261925192128408213e+01 5.753725610890470676e+01 5.129280232203768009e+01 3.665960261692710986e+01 2.928516979443618951e+01 2.861176086396838159e+01 2.916473459965933301e+01 3.923582922356074931e+01 4.857640225350984764e+01 3.128772585346317570e+01 3.184887824143288526e+01 4.869231044087741367e+01 5.072888729509488570e+01 3.412050288487576921e+01 3.891108086198984495e+01 3.585442424236618564e+01 5.503962243404333776e+01 5.162321222643578267e+01 3.808437480971396383e+01 3.874216836250352713e+01 5.799628888800353366e+01 6.748127147953992733e+01 7.222637843284910275e+01
1.687233068946625281e+01 1.897686758539250818e+01 3.914138057129584780e+01 5.046600070694202600e+01 4.842854635967194810e+01 3.967057724490467763e+01 3.554370257667907396e+01 2.125471893629654474e+01 3.356077771484046934e+01 2.269846049635575369e+01 2.321946751968201994e+01 2.374048428780998776e+01 2.426282418676334629e+01 3.768166557499909430e+01 4.319896491254375093e+01 4.586511735553561664e+01 4.677952566540955814e+01 4.099639401500585478e+01 2.782803535240403292e+01 3.981840320691139823e+01 4.714924115149205619e+01 2.994743549771843760e+01 3.050113029050920588e+01 4.684078805688376690e+01 4.945253268042092287e+01 3.264822856026344056e+01 3.325891968098678575e+01 5.304098247745645267e+01 5.488497144876153300e+01 4.847285483586168198e+01 3.670405906096075199e+01 3.729237955688753914e+01 5.650453040501005830e+01 3.886333188418706897e+01 3.963876852059755151e+01 5.929230772291637663e+01 5.307933607946628030e+01
3.714598733645424744e+01 1.750875526508844970e+01 3.784717291251564575e+01 4.521402872497446168e+01 3.809107379708991914e+01 2.009296713750221031e+01 2.055671181595938890e+01 4.079909729086882209e+01 4.589590304655181541e+01 3.615859223592862293e+01 4.225028172996204745e+01 3.361066910667357632e+01 4.431453388810737692e+01 2.500195926898102172e+01 2.552422423876426194e+01 2.604563441153365133e+01 2.656690415221410362e+01 2.708677181415871971e+01 4.703673791890477673e+01 3.999699953742539549e+01 4.756928865137511053e+01 5.075440431736085856e+01 4.728078738912071088e+01 4.668105420886254819e+01 5.678744158335960890e+01 4.630488477338549558e+01 3.335228011832663242e+01 5.668141387484600102e+01 6.125646588478507226e+01 4.174376578834224460e+01 5.589269344825106600e+01 4.693562221299000470e+01 6.343381362680468527e+01 6.689901853458280812e+01 5.924114990463323238e+01 4.089716700631760915e+01 4.179198540397697315e+01
4.516559125399278685e+01 2.769325741725895540e+01 1.814840097533174657e+01 3.674284585306357798e+01 1.944084025717498676e+01 3.670662483763744177e+01 2.199946429673841664e+01 4.166979908173292557e+01 5.191134241770961921e+01 5.490915542266084515e+01 5.875807079791390208e+01 4.634664617804642006e+01 4.304680529400416589e+01 4.914993139516918319e+01 4.600243508242562740e+01 3.369825522357704273e+01 4.328310062310789164e+01 3.265557104078771289e+01 3.224554229911201730e+01 5.198736873165574934e+01 6.220832191497324004e+01 6.997014571388709214e+01 6.861427429120229249e+01 6.306494009386945265e+01 6.394543481073465330e+01 5.501138669739626863e+01 3.545833831282259752e+01 5.570917819083869205e+01 6.527813982844941165e+01 4.558296934909003539e+01 6.527204050766297883e+01 6.470010736925924277e+01 7.296249588737775582e+01 7.467094827985297911e+01 5.478290449905972537e+01 6.060625488657447590e+01 6.154366924133448435e+01
