MOVIE_S2_data/elevation_000974.asc
nrows	100
cellsize	150.0
xllcorner	0
ncols	100
yllcorner	0
NODATA_value	-9999
[rows 0 to 16 of 100, columns 0 to 36 of 100]
4.047028337263018118e-03 2.607825247936406132e+00 5.233953904703409599e+00 7.930753348533447600e+00 1.101682022804233441e+01 3.100677029861747513e+01 3.870874638945625179e+01 4.212956174129968900e+01 5.039062045280160618e+01 6.449192458260868932e+01 6.824885270404190862e+01 7.649663473625082588e+01 7.898976194730855127e+01 8.727077462964602717e+01 8.491769181171723346e+01 7.661666111049757433e+01 8.136739019422813612e+01 8.969743873954173807e+01 8.262366403556504224e+01 7.435173777481186619e+01 7.404488932404576929e+01 8.231546418641728735e+01 8.543214437902624070e+01 9.130640614304500957e+01 8.878219129831997236e+01 8.054237988721783381e+01 8.054237988721783381e+01 8.265447786820560339e+01 8.015683303397845805e+01 8.847435252989245669e+01 9.269933723497454992e+01 8.449868387685735627e+01 8.534530893965444420e+01 7.710647447462767445e+01 7.451031513629112624e+01 8.157166216137734693e+01 8.980358859968123397e+01
9.482596902220898072e-03 2.000948259690186504e+01 1.937473704911882066e+01 2.207031227144744889e+01 1.687467785791988462e+01 1.548894641332474365e+01 1.873335213962805312e+01 2.216324795091506772e+01 3.628931632299440935e+01 5.201665530696075024e+01 4.836855219055079402e+01 6.486917285626812202e+01 5.902023334606159466e+01 7.898976194730855127e+01 7.358919208654633337e+01 5.716864793378901766e+01 6.179713711570234835e+01 7.534667100696267994e+01 6.712030450040269614e+01 5.479529368489264129e+01 5.449483650020961534e+01 7.095776366776784982e+01 6.568992597880124151e+01 7.147228787256135263e+01 8.054237988721783381e+01 6.053203033680280498e+01 6.053203033680280498e+01 6.265783486348872344e+01 6.006322938154692537e+01 7.687556007442218231e+01 8.449868387685735627e+01 6.455942460267817751e+01 7.039949836932109406e+01 5.712617150472873107e+01 5.452104723496695016e+01 6.159915669852791353e+01 7.161108985867114995e+01
3.324160138653916522e-03 2.000332416013829828e+01 3.936660320928109513e+01 4.204048966342554650e+01 2.354050932276681607e+01 3.547117584129840395e+01 3.286434963090228933e+01 4.212956174129968900e+01 2.750772467723906090e+01 3.209428614804785695e+01 3.786158017058996705e+01 4.491606026548683417e+01 6.486917285626812202e+01 7.849044621222058993e+01 5.894709978252345195e+01 4.606460841212729918e+01 6.538834546772152123e+01 6.712030458616222006e+01 4.758900837018408936e+01 4.355836484931369768e+01 4.325931122159857267e+01 6.020664401552879497e+01 5.195962039952097911e+01 7.147228787256135263e+01 8.054237988721783381e+01 6.053203033680280498e+01 4.633736972045365832e+01 4.846437481117058610e+01 4.846523720714534988e+01 6.850683428689200127e+01 8.564791165469721079e+01 7.039949843224853510e+01 5.042248117463743284e+01 4.559448873025724680e+01 6.557084276929214184e+01 8.019318961836492576e+01 8.980358859968123397e+01
6.476169185215582824e-03 2.000647616918486094e+01 3.723396167181915928e+01 5.058620027074270098e+01 3.060924859834207723e+01 5.058620027074270098e+01 5.281836832594513709e+01 5.449864113701508472e+01 3.457372975220405920e+01 4.619372655239740766e+01 5.773924211712889587e+01 5.704628488102513018e+01 7.281804931579205231e+01 7.268277985799359442e+01 5.325759480684583735e+01 3.952238578837488348e+01 5.894709978252345195e+01 6.658631178857794453e+01 5.330959239029730412e+01 3.364364541075862292e+01 3.438848194476516795e+01 4.069883832511941790e+01 6.020664405439381994e+01 6.586206887812465993e+01 7.447077847108899107e+01 7.110941064654348054e+01 5.106892325923672615e+01 3.693050921418085153e+01 5.689427061816276421e+01 5.889361495117756817e+01 7.816549700724554839e+01 7.862938091882634239e+01 6.041296484878391482e+01 4.047298736794467544e+01 5.196904616377468500e+01 7.194757227999681959e+01 7.544289556845212985e+01
5.418514359027011389e-03 8.949690424358262675e+00 2.309182604808946593e+01 4.309182604809016937e+01 5.058620027074270098e+01 4.473808398845737599e+01 6.470480191377077972e+01 6.275006397676104797e+01 4.454848983094790782e+01 6.274822907505355829e+01 7.430903616140879819e+01 7.543793033851017071e+01 7.716680682272048841e+01 6.515791546961001757e+01 5.393166019557813939e+01 3.435616911733590229e+01 5.393166019557813939e+01 5.840401162122145706e+01 3.880873631845654614e+01 2.722039452092451839e+01 4.709067415032530590e+01 6.020664405439381994e+01 6.220284432113990647e+01 4.442059960589007517e+01 5.906905268916672469e+01 6.778246403286074440e+01 5.272846407610395403e+01 3.269879181650079403e+01 4.265261597489621437e+01 5.765217046163429160e+01 6.593584651225341986e+01 7.076112492491805028e+01 5.079743426774517445e+01 3.674088215894772702e+01 5.664466330860258125e+01 6.280914370343029418e+01 5.546717992501758232e+01
5.264502547137648453e-03 2.000526450254678323e+01 3.723396167182116301e+01 4.191431909835045388e+01 5.019859034581138246e+01 6.470480191377077972e+01 7.296403403597092563e+01 7.270483543003388149e+01 6.444879244308224031e+01 7.270483543003388149e+01 6.562349288188279672e+01 7.407321616363606154e+01 6.864728255129972467e+01 4.856265154919478277e+01 3.718518917278430536e+01 2.957649337361758413e+01 4.383475578140346585e+01 4.031227951546387800e+01 3.874918415324655285e+01 2.356314812426566263e+01 3.776290615454870903e+01 5.742522693108254828e+01 5.274243149264456321e+01 3.227796115077078554e+01 3.776667310352470253e+01 5.906829825882577012e+01 4.889636647745579268e+01 2.893053652143881393e+01 4.363623097653598393e+01 3.786402345513167234e+01 5.774453726740212289e+01 5.744309185337058210e+01 4.919006589268865071e+01 3.324994555484092018e+01 3.790549730539197526e+01 4.285273608756567398e+01 5.037694359982827308e+01
5.458922989205592172e-03 2.000545892298885065e+01 2.777218347462010684e+01 2.191431909835116443e+01 4.191431909835045388e+01 6.174559572960239251e+01 6.134016912210742589e+01 6.962444036955544391e+01 6.874850585781395296e+01 6.029153572803629402e+01 4.509967691463115358e+01 6.224479903616871468e+01 6.741260597305863200e+01 6.515791546961001757e+01 5.681034171555154444e+01 4.383475906734093996e+01 2.393060016687496017e+01 2.042207509091339901e+01 1.883176983218703171e+01 3.874917757906597160e+01 5.142441759638715837e+01 5.635132584524599508e+01 4.394965983127609377e+01 2.306921990076617490e+01 4.396953701722637931e+01 4.643889017368761074e+01 5.405878181164580099e+01 4.369624342568690878e+01 2.371590714969414293e+01 4.058248596370273731e+01 4.292621546329677784e+01 4.543320863339789639e+01 2.931064587211800898e+01 4.335317194467427271e+01 5.782004179946417111e+01 5.695979378891171763e+01 7.036326200795095076e+01
8.589772593009903194e-04 3.849860771856798536e+00 7.772183474620462995e+00 1.931918885841277245e+01 3.346132448214322608e+01 4.719803349837697937e+01 4.134016912210813643e+01 6.134016912210742589e+01 5.695575867192111730e+01 3.986229258673451170e+01 3.337858471396369708e+01 5.311671442832363965e+01 4.641412203377855406e+01 6.115116532141473726e+01 6.340074089898948984e+01 4.383475906734093996e+01 4.383475578140346585e+01 3.551713353217375868e+01 1.593334456474017635e+01 3.231584289682475486e+01 3.867284984725885977e+01 4.061093268213836893e+01 3.799535338648566096e+01 1.733364404581229579e+01 3.280358736460976132e+01 2.788025940382446066e+01 4.203583288187250844e+01 3.957196153548247963e+01 2.032009111666920020e+01 2.045469547890753148e+01 2.293835589813898324e+01 2.548271705201088011e+01 3.548182924021723750e+01 5.538458802657864766e+01 7.153301176182266374e+01 7.693072359812697414e+01 7.961201998118183099e+01
3.158951013565912836e-03 2.000315895101321217e+01 2.777218347462010684e+01 1.484325128648587722e+01 2.087347817804104366e+01 2.719803349837768991e+01 4.134016912210814354e+01 6.134016912210743300e+01 4.789530884882900352e+01 2.830354754042590670e+01 2.448103707681535468e+01 3.884977452094351236e+01 3.087965243520165615e+01 5.256443558495688251e+01 6.033105170493742975e+01 5.203165934171265405e+01 5.372036854837929098e+01 3.306608755284829471e+01 3.177292693775710575e+01 1.334299434625683567e+01 2.351490873236048529e+01 3.097016933381215154e+01 3.130911550959541501e+01 1.191502774925058006e+01 1.240586366502463278e+01 3.088906228798896336e+01 2.207565257860643726e+01 2.337789824169596287e+01 1.698097256786778075e+01 3.722805443233707479e+01 3.714269078660917245e+01 3.701888695437597931e+01 5.367760386312917831e+01 5.538458802657865476e+01 7.532343368122214144e+01 7.221486387876971946e+01 5.963705926750191111e+01
4.111938136589871236e-03 1.414624756186741550e+01 3.414624756186670140e+01 3.484325128648516312e+01 3.117318290504011102e+01 4.719803349837697937e+01 5.548230474583229466e+01 5.380924068819830097e+01 3.352492238573685057e+01 1.947368518689382100e+01 1.705957540219814916e+01 1.680345100860814256e+01 3.723593499756629654e+01 4.559306884661614845e+01 4.781940252774477074e+01 3.153765216345784239e+01 4.285924053351706675e+01 3.375293959693055967e+01 1.498218060245206296e+01 1.162020123821972462e+01 2.363584164882331962e+01 1.075913203130529716e+01 1.123286418667563069e+01 2.876368739464790636e+01 3.233230526862933374e+01 1.311829800839993787e+01 1.363151957306516415e+01 1.415269601439097080e+01 3.187662387871862180e+01 4.273667582481471072e+01 5.706916507042684117e+01 5.692456540294955403e+01 6.516047100277575055e+01 7.223510204346811747e+01 6.397621280939461030e+01 5.224627715181003396e+01 4.965468865830683853e+01
7.351428307265867393e-03 2.000735142830691160e+01 3.300116643093579682e+01 4.128543767839799017e+01 5.117318290503939693e+01 5.945745415249655252e+01 5.585749757066264465e+01 4.678120365626980259e+01 3.976680428485535401e+01 2.952210806038992885e+01 9.930201996328346326e+00 1.037818644306443261e+01 2.033221222292576158e+01 3.772517564540706303e+01 3.961622737298998231e+01 1.976084376459164460e+01 2.241603592647247467e+01 2.873858771019277825e+01 9.185690857775673734e+00 9.630725387279179373e+00 1.009683344587747378e+01 3.078434228858830579e+01 2.029338180962021454e+01 2.619196384478303230e+01 3.776831286980296198e+01 2.845097489247912392e+01 3.401138373499235712e+01 3.450008166877433524e+01 1.492002330902677087e+01 3.521219477247565521e+01 5.058449199315518285e+01 5.885268436148154336e+01 6.983844418313525182e+01 6.072320870020103456e+01 4.403683737912149354e+01 3.818729775426865558e+01 4.313037216696933740e+01
9.944443931579059412e-03 6.334499764268365141e+00 1.300116643093508983e+01 2.300116643093526747e+01 3.714330205466671941e+01 5.714330205466742285e+01 4.712012410752311808e+01 2.692834779629248843e+01 2.648502396137552140e+01 1.331038720016699628e+01 5.121901658793859724e+00 5.553040564148827407e+00 2.466637355133525844e+01 2.651018321889764451e+01 2.716349548877460052e+01 2.205488497599947806e+01 8.113770251953615897e+00 8.557121081732377732e+00 2.872769530640973912e+01 3.222477873330825560e+01 1.000334314081030129e+01 3.236008224542727163e+01 4.158907244886098198e+01 3.706153337315903684e+01 4.282198184951172237e+01 5.034817037262205730e+01 4.084120714787052009e+01 1.697520943989124120e+01 1.546123052068658943e+01 3.571445532058925210e+01 3.056442384953078673e+01 5.058448277497217305e+01 5.574040667782498559e+01 4.164236917251466963e+01 3.253622390554344435e+01 5.246420903725344687e+01 6.308313033557665506e+01
6.062025039522273874e-03 2.000606202503916720e+01 3.300116643093579682e+01 4.128543767839799017e+01 5.128543767839958889e+01 5.289660873774244720e+01 4.519063010397304225e+01 3.176694924298867306e+01 1.286043825228564330e+01 4.514978383042821619e+00 2.321546987942630480e+01 1.908099178485737113e+01 6.164852781126577419e+00 6.605664165921003139e+00 7.046767016320525379e+00 7.488169554874716916e+00 2.767072967866430133e+01 1.434587525082584314e+01 3.298634315327009858e+01 3.449120779039731843e+01 1.302558137214924905e+01 2.841167075367854622e+01 4.916664089809740545e+01 5.579690073338622369e+01 5.954342757102055117e+01 5.486579086700307073e+01 3.503274470053896295e+01 4.013895826296363367e+01 2.453045490987690158e+01 1.621442095823845264e+01 3.642636289753355783e+01 4.531898485784924446e+01 4.748132086576833899e+01 2.732800016868596771e+01 4.748221275432590716e+01 6.072320870020103456e+01 6.669237534316077642e+01
5.865714242623007793e-03 1.992538873155587353e+01 3.408876214742467425e+01 4.332337532891358478e+01 4.971351674878727778e+01 3.090773022627838174e+01 2.955445450764338133e+01 1.752280750802854570e+01 3.908748977623795806e+00 2.382436660189555155e+01 2.869946604460343664e+01 9.388070953936622942e+00 2.643165345429224899e+01 2.688096503889163813e+01 2.726260033703741925e+01 1.242814051870422887e+01 3.201140642477628262e+01 2.296675993194444132e+01 4.122228474439391022e+01 3.624659430460486220e+01 1.518284715484473324e+01 3.624661264670810112e+01 4.539852687465161551e+01 5.270848735606183766e+01 6.098725103477468679e+01 6.307485735052581788e+01 5.486635274832978126e+01 5.430593327344010390e+01 4.255022064594346887e+01 2.999195142590710361e+01 1.695334658600600974e+01 3.692764203979178461e+01 4.419393961623498512e+01 2.404973715128485168e+01 4.421271346651055012e+01 5.264800327860738349e+01 4.683063578534137150e+01
3.580119829443586393e-03 9.357691391241450773e+00 2.059438999184956387e+01 3.024582065387531671e+01 2.677960250466879444e+01 2.930008178773218575e+01 1.009220315093511644e+01 3.304469989368582716e+00 2.344114994909759986e+01 1.554004184850487746e+01 3.552453799572047899e+01 2.945079485967843524e+01 1.267980812701020632e+01 3.273742659072035366e+01 4.042626682135178129e+01 3.210226673883730086e+01 3.204398937780540280e+01 3.712000984647123403e+01 5.114343298104371627e+01 4.468740587072129955e+01 3.624625940097602950e+01 1.773928256467272035e+01 2.443501188193631180e+01 3.203323273624810241e+01 4.417810306376021146e+01 6.436203770782425693e+01 7.276485336390524594e+01 6.459341377865111156e+01 5.604237760463040274e+01 4.483455276023930480e+01 3.714155249905284961e+01 1.768083090605982122e+01 3.785619783426131590e+01 2.142086438575789842e+01 4.106346099305880415e+01 3.210857342142366377e+01 5.205796976755375027e+01
9.038799794707020815e-03 1.489932780671897739e+01 2.043254892518712751e+01 2.243330326837910604e+01 1.072064533062461678e+01 2.219914033761291705e+01 2.700890696057297813e+00 2.284404288046529174e+01 3.153717787594091604e+01 2.724194365850648225e+01 4.362403286538725666e+01 4.091606761632741041e+01 3.273669260730544295e+01 1.607537537312539655e+01 3.611429738127672096e+01 4.783038104248944222e+01 5.271261443289883886e+01 5.706843785646909595e+01 6.165365099003006577e+01 4.135294500365370141e+01 2.912870021994073610e+01 1.958183220462234075e+01 4.062966578028097331e+01 5.270848735606184476e+01 6.098725103477498521e+01 7.258671891730264747e+01 6.459288071594362179e+01 4.481273915526678309e+01 3.779406743190417473e+01 3.112406728087977825e+01 3.923590777958099096e+01 1.913722010945575747e+01 1.842307683869462664e+01 1.894457860254456349e+01 3.911067631420188917e+01 2.321024456795308666e+01 4.462735881718373321e+01
2.154417243255324355e-03 4.206413925619423844e-01 8.392200107100032946e-01 1.258165803155110840e+00 1.677387614193430743e+00 2.098277094002109600e+00 4.868709847238929633e+00 2.475590090531083476e+01 3.698510019215354561e+01 4.703820743139573324e+01 5.494131591449466612e+01 4.863897613601030656e+01 2.883573044626461623e+01 3.611429738127672096e+01 1.970287449505971011e+01 3.969236983705707189e+01 5.152402120172249056e+01 6.284617387902553531e+01 6.985964549899144060e+01 5.821845046706813775e+01 4.254466172431373394e+01 2.147687948561270233e+01 3.653304983014747620e+01 5.706452669824187041e+01 7.210364138731738137e+01 8.069858271679440520e+01 6.097385965690821763e+01 6.459341377865111156e+01 5.213896684766701384e+01 3.218041803831376058e+01 2.189662403893188269e+01 3.923611938507549723e+01 3.858667935571308760e+01 3.350157586525390485e+01 1.969301238046526592e+01 2.022652254058538901e+01 4.039299377094820187e+01
