MOVIE_S2_data/elevation_000673.asc
nrows	100
cellsize	150.0
xllcorner	0
ncols	100
yllcorner	0
NODATA_value	-9999
[rows 51 to 67 of 100, columns 0 to 36 of 100]
8.392818110607037224e-03 2.000839281811025216e+01 2.844405219503019211e+01 3.303236687244090319e+01 3.803236687244002923e+01 3.436229849099582623e+01 5.142799000463980974e+01 5.971226124560191550e+01 5.821952065524726549e+01 4.998519547808003693e+01 5.541291204569800755e+01 4.079606334156386538e+01 2.039959208878152097e+01 3.452657461911957881e+01 4.249861906324204597e+01 3.468629825531363053e+01 1.537606544047904755e+01 3.468636403106083321e+01 4.656970045245229528e+01 5.475032904179762028e+01 5.168144821541388012e+01 5.763419226418450592e+01 5.425131336780197699e+01 4.523693423497512356e+01 3.371748138996647981e+01 1.394520658739689623e+01 2.312167720701818752e+01 3.020189683282781345e+01 3.071125221255806537e+01 1.529408290492136047e+01 2.623110436612725849e+01 1.579059776041179930e+01 3.741612095367973012e+01 3.624432384582586764e+01 3.755259520625008918e+01 1.956857175626040046e+01 2.483988321446668834e+01
9.749586777120887796e-03 4.180037867918598771e+00 8.444052195030771202e+00 1.303236687244196723e+01 1.803236687244188019e+01 2.435692219277852644e+01 3.142799000464387760e+01 4.297499538843598543e+01 6.297499538842642153e+01 6.110911606892933889e+01 4.197344451736351800e+01 2.770806255375865490e+01 4.079606334156386538e+01 4.874793590389847253e+01 3.874991222184068107e+01 1.951920322460949109e+01 3.468636403103568711e+01 2.204847259023059181e+01 2.733308812249202546e+01 4.081539946429352739e+01 6.046181194001823656e+01 7.224896711190120868e+01 6.071181939543632922e+01 4.667378919865286235e+01 3.544470178473073929e+01 1.592985737324546669e+01 3.502065193725510994e+01 3.847426694381992007e+01 3.676623574918323101e+01 1.715963839506159516e+01 3.650773221992159989e+01 2.738019115939859205e+01 4.646418027311624854e+01 5.244276735844432125e+01 3.224291633817352931e+01 2.087075501788226717e+01 4.079984469158535632e+01
8.728394755072454644e-03 2.000872839475471565e+01 2.844405219503019211e+01 3.303236687244090319e+01 3.803236687244002923e+01 4.435692219277586901e+01 5.142799000463980974e+01 5.971226124560191550e+01 7.125926662490701347e+01 6.315441414925007280e+01 4.407746813277897502e+01 3.427250149140136415e+01 5.365808105637353265e+01 5.556969695859008596e+01 3.593317415638050250e+01 2.248732506747553472e+01 4.168457852621598647e+01 3.303495269523374134e+01 4.656970045245229528e+01 3.745375076910356427e+01 5.652538841286612126e+01 6.130216956876951429e+01 4.208027256773819857e+01 3.263576311642508188e+01 1.883762498818710895e+01 2.965953218628723320e+01 4.361525880858792448e+01 5.169146390781283884e+01 3.917699831611943750e+01 1.904838148871628434e+01 3.920683734780033802e+01 4.789363866258654667e+01 4.789363866258654667e+01 6.073092017072604420e+01 4.913438963901403866e+01 4.079984540653298097e+01 2.274079101877893905e+01
2.389047986999138715e-03 2.000238904217932756e+01 3.018189655675937288e+01 3.477021123434679595e+01 3.977021123666660429e+01 4.531721320217601345e+01 5.164176852794393824e+01 5.920105799856433038e+01 6.748533156067908578e+01 7.089741639396022777e+01 6.026815158786124726e+01 4.137626140291814636e+01 6.026815158786124726e+01 5.614450803689546632e+01 3.644551042996473456e+01 2.554663165724780072e+01 4.475883291447413370e+01 5.268932921363255417e+01 6.102188551557959073e+01 4.708256768377199108e+01 6.488927883120796025e+01 5.299902778140359061e+01 3.317549057976846427e+01 2.185922408759512336e+01 3.843480451837942979e+01 4.667379245430547741e+01 5.767674980914421923e+01 5.805546194820023942e+01 4.124590764871393134e+01 2.095741432085288025e+01 3.529909951212980701e+01 5.560277250488606171e+01 6.800141718602297658e+01 6.465901985449347933e+01 4.435432226677161793e+01 3.265459950471929318e+01 4.279534837056372254e+01
9.035844539165390626e-03 2.000903584453881123e+01 1.018189655076885991e+01 1.477021122818013588e+01 1.977021122818022292e+01 2.531721319043261076e+01 3.164176851076948083e+01 3.920105797095428812e+01 5.334319359474371680e+01 7.334319368881065770e+01 6.791628013098188887e+01 5.239191801583088903e+01 6.791628013098171834e+01 6.448544498221565391e+01 4.814157055708407995e+01 2.875613738056485857e+01 3.812694764778171219e+01 5.802775385154146903e+01 7.440589650782605702e+01 6.641725887871477596e+01 7.440589650782605702e+01 5.685643390687266674e+01 4.384641446246669716e+01 2.409378738643847484e+01 4.384641446246669716e+01 5.685101165333601614e+01 6.365083267277889689e+01 4.418756617682995369e+01 3.006454971213450378e+01 2.291561945883010765e+01 4.335364442016393127e+01 5.480113789981972161e+01 6.840320229017390830e+01 7.301884910142382523e+01 6.131660502437349436e+01 4.435432226677161793e+01 5.324876561930405927e+01
9.762552285145669959e-03 4.009762552285129011e+00 1.815189817597424593e+01 3.477021114961075909e+01 3.977021123613512543e+01 4.531721320217601345e+01 5.164176852794393824e+01 5.920105799856433038e+01 6.748533156067908578e+01 7.406589351841704172e+01 7.788152160383975797e+01 7.039269655410116400e+01 7.497057039287068392e+01 6.719802116562303240e+01 5.187839388636674443e+01 3.225366037845406453e+01 4.580834232600745537e+01 5.718680218641707569e+01 7.651781276977352775e+01 7.349091377718569618e+01 6.190817245981304495e+01 4.858129480156403446e+01 2.877942480410933968e+01 4.384641443087806323e+01 2.877942480014528570e+01 4.857958449188139838e+01 6.581721069315460682e+01 4.630826709852378542e+01 4.988822494613395975e+01 3.314798356570216242e+01 2.600491419510172975e+01 4.063549391856000170e+01 5.809786497240061465e+01 6.733002979682169098e+01 7.301884910168054432e+01 6.465901985449349354e+01 5.712187366447140846e+01
8.769847284209264732e-04 2.000087698472806608e+01 3.229403150799440425e+01 4.643613877379107890e+01 4.844426359480348765e+01 5.224596180106369303e+01 5.392653966726144432e+01 6.221396621628601764e+01 5.773241102633452471e+01 5.406154460427472230e+01 7.406589351841704172e+01 7.916440926205626738e+01 5.843801709594652039e+01 4.664853362289664318e+01 3.970178108382435767e+01 3.792650837154892685e+01 5.787808077781949834e+01 7.284495947656553483e+01 8.350129952558589252e+01 6.521780196182027112e+01 4.520170002254141650e+01 3.381174285992796769e+01 4.858129488697669274e+01 5.207954940447369552e+01 3.228087864203154567e+01 4.624868590856593187e+01 6.615649917256618551e+01 6.581721069307928929e+01 5.355930527462243163e+01 5.355930527462377455e+01 3.387961030049390132e+01 2.946091540879769255e+01 3.889050396874329607e+01 5.072373741070875752e+01 7.059014354751802500e+01 7.146832999587564927e+01 5.117937698072995545e+01
6.221065917130529088e-03 1.414835668964820670e+01 3.414835668964891369e+01 3.788085239276963989e+01 2.831481302562259472e+01 3.214228854322785622e+01 3.385197718135767531e+01 4.771535093307078057e+01 3.769829083980742723e+01 4.927691998816448660e+01 6.928282658594660859e+01 8.758235770697005762e+01 7.568423047582319896e+01 6.719802116562303240e+01 4.961299703285288842e+01 4.529586748992189627e+01 5.790338257353597839e+01 7.823773329112539443e+01 7.513993727391743960e+01 5.507584357918955220e+01 4.519903880764915272e+01 3.823863204085728995e+01 5.803985433154505813e+01 5.581852802284923598e+01 3.603385066153960281e+01 4.997448086994986483e+01 6.992730591852682664e+01 8.171557441802819710e+01 6.577092925068383522e+01 4.585399585979846648e+01 5.266380175209189929e+01 3.210550825028526134e+01 4.680922295817632062e+01 6.679800520551205523e+01 7.878667684492445744e+01 7.981400449099623984e+01 7.146832999587564927e+01
9.675647279733478462e-03 2.000967564727937997e+01 2.614489641386375496e+01 1.087443650422941666e+01 1.425293623977909441e+01 1.789692668609443871e+01 2.213970779604296979e+01 2.758947977262590001e+01 3.924953300468826001e+01 5.927987328705536640e+01 7.756724806442738895e+01 8.012669304020025152e+01 8.233658196150292952e+01 7.847973640918009153e+01 6.406017930320881248e+01 5.958411443636942550e+01 5.958411443636942550e+01 8.000081144910085129e+01 8.350967979547515085e+01 7.344736853738689319e+01 6.272109516042394972e+01 4.287363659144340033e+01 6.255757583795394794e+01 5.985819607009730703e+01 4.006662040522486024e+01 5.140962209243355829e+01 7.140008196403533702e+01 7.963975792020900712e+01 6.002627232153766812e+01 5.766776644390765227e+01 3.722367231306417779e+01 3.782035726667061937e+01 4.155191306025810150e+01 6.167869528166298920e+01 8.052145055433969389e+01 9.044244357339330520e+01 8.311203639311636948e+01
8.858006633845233110e-03 3.058829413285944376e+00 6.144896412527796059e+00 1.369705731501336921e+01 2.015479388314074427e+01 3.031563677032010773e+01 4.233648561216077866e+01 3.865606947610486088e+01 5.600532211692145523e+01 6.756510665206835142e+01 7.419203028394606747e+01 5.988304793382677360e+01 6.209852091147642028e+01 8.233658196150292952e+01 8.456123785198968790e+01 8.000081144910066655e+01 8.000081144910083708e+01 8.835876222553638115e+01 8.292028487740012110e+01 6.272288710621456431e+01 5.123541878297223207e+01 5.423882948530008008e+01 7.090928830595960619e+01 6.441306085955102390e+01 4.456048413382470841e+01 6.441306085955102390e+01 7.973275915936451952e+01 8.772642083458312356e+01 7.963975792020900712e+01 6.097140257879082981e+01 4.094050538854020260e+01 4.366161789135080795e+01 6.163794103306746308e+01 5.243772923102462613e+01 6.238163781388468010e+01 8.219913714258962045e+01 7.476992490935350588e+01
1.018086960643932535e-03 2.000101808696028982e+01 2.614489641386375496e+01 2.155033144389541278e+01 3.810535282960942993e+01 4.928616681229667762e+01 5.800683809238874034e+01 5.871245945871523020e+01 6.699907392896028568e+01 6.604012398875944712e+01 6.382428544520981717e+01 4.548478589300395214e+01 5.812920586258881173e+01 7.839831664321090443e+01 7.719829795330902300e+01 7.371697131416239301e+01 8.208939222273791358e+01 9.374294459414984715e+01 9.127199927972961291e+01 7.888390626487765189e+01 5.871112556171524943e+01 7.430808555429179307e+01 8.266412085947835919e+01 6.940518751424646382e+01 4.943671762676861903e+01 6.349796744952573846e+01 8.366597634688427831e+01 8.472308011628535951e+01 6.512360401078117889e+01 5.373659243996809209e+01 4.504903646253632843e+01 6.348149456471151808e+01 5.228188090150103307e+01 7.180705809319871946e+01 8.052145055433969389e+01 9.044244357339330520e+01 8.153051271786635823e+01
2.494342646960768899e-03 1.154949972643937528e+01 2.569163535016642541e+01 4.102867031519073038e+01 4.927763870429018311e+01 4.983241210919261732e+01 4.983241210919261732e+01 6.972748179052425144e+01 6.604012398875944712e+01 4.580592358240171791e+01 4.359351226263186163e+01 3.793640944377824553e+01 5.812920586258881173e+01 7.133095703545603783e+01 5.708704354365567468e+01 5.362524822098347244e+01 6.519768759338958830e+01 8.535452929878528039e+01 9.258476838452141067e+01 8.724209549903633842e+01 7.032775850153444708e+01 8.724209549903633842e+01 8.366647417214591087e+01 6.349796916365401245e+01 5.932430105399125608e+01 6.349909514003419986e+01 8.370410367534141471e+01 9.286571863486882705e+01 8.154004776573250979e+01 6.877203691926128215e+01 4.913031221398743043e+01 6.877203691926128215e+01 7.180705809323406186e+01 6.212711634034614860e+01 7.587623052653366074e+01 9.503259523281896293e+01 8.985446924657310319e+01
6.187401196855389120e-03 1.414832302492793126e+01 3.414832302492863647e+01 5.397590023617576804e+01 4.810343419147418587e+01 2.987800051668003931e+01 4.810343419147418587e+01 5.731961201123048966e+01 6.753914734476371962e+01 4.951896853822597677e+01 2.968741567279617044e+01 4.951896853916195340e+01 6.313316137548303431e+01 5.479434695247324782e+01 4.293295984917426722e+01 6.297749358207533987e+01 8.208939222273791358e+01 8.613509270262947837e+01 7.101101739825908510e+01 8.613509270262947837e+01 9.057182146813805446e+01 9.891126189480831954e+01 9.199345432834329017e+01 8.366647417214591087e+01 7.094592727126045872e+01 8.369372578635241666e+01 9.211174316439486631e+01 9.646419096766169332e+01 7.688396777858224596e+01 6.303648573602401228e+01 5.509826346606948277e+01 5.965643261149752874e+01 7.923977228097717784e+01 8.148699984612198932e+01 7.587623052653366074e+01 9.503259523281896293e+01 9.887903844035503198e+01
2.476637442850607596e-03 1.414461226117392556e+01 3.414461226117462900e+01 3.845268040269425569e+01 3.985351844459242443e+01 1.988159363839824323e+01 2.913205393522487796e+01 4.908100155103739581e+01 5.842574781175476062e+01 3.906197218748916811e+01 2.528943213197279860e+01 4.004193743232632130e+01 4.835687768301160361e+01 3.478133782385137351e+01 5.479434695247324782e+01 6.703980039004788694e+01 7.314682930629609814e+01 6.836919745532723880e+01 5.644212829097620698e+01 7.644800930486020718e+01 9.726074281174011560e+01 9.729168445113718633e+01 1.056435362257922463e+02 9.939222843076046843e+01 9.112791950028640997e+01 9.549476749044374913e+01 8.739592304097824638e+01 9.549728596971583272e+01 9.075654133138603186e+01 7.467449186583628773e+01 6.200690419153006872e+01 7.923977228097717784e+01 7.350507655918195837e+01 9.308455246861812782e+01 9.503259523281896293e+01 1.029839178167112124e+02 1.005296122214390522e+02
6.350445426094172667e-03 2.000635044542573837e+01 2.286299369143938520e+01 1.845640547840208967e+01 2.577879878894830412e+01 1.281117841885667907e+01 3.279275362392237270e+01 4.967999519669540121e+01 3.838874325233835805e+01 4.076413604370863197e+01 2.110710599047701308e+01 2.005573929247240628e+01 4.004193743232444547e+01 2.979444919083627141e+01 4.979109467031781122e+01 4.800006793192766708e+01 5.765479217618521091e+01 4.586782354678889106e+01 5.861286054060790462e+01 7.273170682451623748e+01 7.769694378547676195e+01 7.722425022782408632e+01 9.729168445113718633e+01 9.638955150582027898e+01 8.828718634731355053e+01 8.565350738965616983e+01 6.765949526654630120e+01 8.565350738965616983e+01 1.024277495918705085e+02 8.901162608777539731e+01 6.940925337826691077e+01 8.901162608777539731e+01 9.308455246861812782e+01 1.012389663831852147e+02 1.026734569592808697e+02 9.464557853321169034e+01 8.053006917600971803e+01
3.512071127920179947e-03 1.432083499699341900e+00 2.864313247778000893e+00 4.315265747994594392e+00 5.781736898170378502e+00 7.264235531183658168e+00 2.140447151458254282e+01 3.108196615251004147e+01 2.425169311421840135e+01 3.439125829843262494e+01 1.704083204731061230e+01 3.704014948155191433e+01 2.314064520048780338e+01 4.312554617715725414e+01 4.977126441692683301e+01 3.429262213168544093e+01 3.761583703707844251e+01 4.182486950834975659e+01 4.636503696638131800e+01 7.094056327611218649e+01 6.331416693048692679e+01 8.310186563081752809e+01 8.909845267869205543e+01 8.097594336368760537e+01 6.855693399296832524e+01 7.752758532383687395e+01 5.762400584234986667e+01 7.752758532383687395e+01 8.704689478277011006e+01 9.714913857642198991e+01 8.901162608777539731e+01 8.901162608777541152e+01 1.085956950347663366e+02 9.679669903858975033e+01 8.268721965818028252e+01 8.564894569465629104e+01 6.619572749111082999e+01
8.642982713123801772e-03 2.000864298271276809e+01 1.441096643959662060e+01 2.431293458723842349e+01 1.992244485637484530e+01 2.726048884508525916e+01 9.466163024641659263e+00 1.105226610832834311e+01 1.270747757565581360e+01 1.439178041600569458e+01 1.856195686251446020e+01 3.855280927271098079e+01 4.312554617715721861e+01 2.669950347469723084e+01 2.977818664505589652e+01 4.977126441692683301e+01 5.765479217618521091e+01 6.165889073520542496e+01 5.131514454743451381e+01 5.350255196868756258e+01 6.731394999418029101e+01 8.719841871300080527e+01 8.097594336368760537e+01 6.113267533540462750e+01 5.699334812061989908e+01 7.089302573716857125e+01 5.090231748909501164e+01 5.904467109583897155e+01 7.315377108829909503e+01 9.283573305051841373e+01 9.980670730785681144e+01 9.155712063410427959e+01 9.414710597595433228e+01 8.587639141308329727e+01 6.837228970751678503e+01 7.735763049426620341e+01 5.699032278339278434e+01
