MOVIE_S2_data/elevation_000053.asc
nrows	100
cellsize	150.0
xllcorner	0
ncols	100
yllcorner	0
NODATA_value	-9999
[rows 51 to 67 of 100, columns 0 to 36 of 100]
8.392818110607037224e-03 1.415052844184143233e+01 3.415052844184072001e+01 4.633576389519954120e+01 4.589295124951219407e+01 4.881311141774064311e+01 4.466970719650611699e+01 3.621322555561121703e+01 4.776970874180744886e+01 6.776680465049888369e+01 6.757908638915792210e+01 7.586161349333849557e+01 6.254090920292939160e+01 4.202333747990933688e+01 3.032094665807265699e+01 4.158348578178656396e+01 2.843628640535385443e+01 4.877393768184700917e+01 5.463175994169851180e+01 3.495605630469017200e+01 5.463175992805536652e+01 6.563552045185475947e+01 5.788904837733901587e+01 3.813405463412926366e+01 4.949259643217935434e+01 6.935881503608226240e+01 5.950342730534041635e+01 3.974044226196052421e+01 5.950342730534041635e+01 6.645076707126600013e+01 4.768943195226704290e+01 5.501556395856667336e+01 3.984100898940813806e+01 5.412607804928176591e+01 7.480311656427039679e+01 6.377436686763204676e+01 4.411298605696570263e+01
9.749586777120887796e-03 1.415188521050819581e+01 3.415188521050890103e+01 2.893100731917220969e+01 2.587108407086880035e+01 2.879350192651742191e+01 2.464451238307412240e+01 4.329916684915932734e+01 4.789246523973305614e+01 5.344161370888321727e+01 4.758568078703427062e+01 6.757908638915792210e+01 7.081942941956570792e+01 5.906333262511651583e+01 3.934885552209119197e+01 5.444870465398029324e+01 3.398798483046209640e+01 5.444872909863195076e+01 5.988157763667450695e+01 4.023855847964478727e+01 5.988157763667450695e+01 7.416232304026851807e+01 5.423171335013424255e+01 4.339674776120126154e+01 6.317501178248305393e+01 7.770775931051996110e+01 6.461482199123625492e+01 4.481847549686862209e+01 6.461482199123625492e+01 7.671168196641301051e+01 6.226858776777863369e+01 6.407558860131881318e+01 4.347393705002472331e+01 5.529961426460430118e+01 7.606379248823122907e+01 6.796932392295920522e+01 4.829318066957265643e+01
8.728394755072454644e-03 2.000872839475471565e+01 2.504128531517842404e+01 8.907437767691449793e+00 1.170831782969935553e+01 1.462655575273588227e+01 1.889511789300367184e+01 2.326874787493332875e+01 2.787074173769416774e+01 3.343387436819966041e+01 4.238918029225011708e+01 5.393375321261751054e+01 7.392540668727761499e+01 6.818050502114191147e+01 5.121417245685210418e+01 6.095977444086054930e+01 4.036997923284079093e+01 6.095980234249477547e+01 6.582067676473586459e+01 4.612291336498859096e+01 6.582067676473586459e+01 8.252287405371578188e+01 7.149997202000825780e+01 5.217310787114564619e+01 5.474652012184090921e+01 7.468854550650549129e+01 7.294641397962877249e+01 5.359986974941884341e+01 5.617665993714587813e+01 7.614156571837369825e+01 8.284532224137282697e+01 6.841363317390737109e+01 4.760910226315168359e+01 6.841363317390737109e+01 8.442355346272206873e+01 7.238150773217090261e+01 5.264962349255333152e+01
2.389047986999138715e-03 2.502389050495220424e+00 5.022152965319572004e+00 2.504128531487773301e+01 3.173535319540378197e+01 2.879350192651742191e+01 2.280545902440606199e+01 4.283353933983827488e+01 4.789246523973305614e+01 4.422270310940295701e+01 5.344161370888322438e+01 7.066536041045806371e+01 8.220846189230708490e+01 7.988533930727437848e+01 7.170440355303296087e+01 6.095979308456551848e+01 5.066894535843209013e+01 6.926647696046414637e+01 7.408228926782713586e+01 5.742678575438517896e+01 5.999745262550404590e+01 7.987918346337445996e+01 8.043817803742149408e+01 6.359002989281834317e+01 6.618938170259747267e+01 8.305815533379902149e+01 8.189371274083562469e+01 6.503177796060516869e+01 6.763427327196102112e+01 8.451583289133714061e+01 8.523385137323248273e+01 6.463337539792155439e+01 5.310157831684905005e+01 6.463337539792155439e+01 8.523385137323248273e+01 7.718828650351700560e+01 5.736943015384422750e+01
9.035844539165390626e-03 2.000903584453881123e+01 1.810069295702345826e+01 1.767512674026549391e+01 3.766892918324510475e+01 4.881311141774064311e+01 4.283353933983827488e+01 3.225468087748561885e+01 5.226782680560374672e+01 6.422103419709110028e+01 7.250348092480393802e+01 8.171824457404738951e+01 7.854207402995217535e+01 8.677059599684633895e+01 8.931914115885520289e+01 7.943721970915794373e+01 7.125065139299208283e+01 7.943779705786366208e+01 8.557288697392856136e+01 7.728694512147293949e+01 7.987918346419418469e+01 8.816712751453820829e+01 9.206168399284051418e+01 8.366743325768759121e+01 8.629861917356890899e+01 9.469588765663144159e+01 9.352672695441250994e+01 8.512957281830706791e+01 8.776274331759672975e+01 9.616238624118115297e+01 9.352459394044447549e+01 7.977587661150523957e+01 5.894559548911382052e+01 7.977587661150379006e+01 9.352459394044447549e+01 8.549686515791601948e+01 6.614850001610858499e+01
9.762552285145669959e-03 1.917623929423753282e+01 3.531952857898349407e+01 3.759122283903494832e+01 3.766892918327619100e+01 5.766607279504929551e+01 6.055085513574860556e+01 4.641060019428654471e+01 4.641060019428654471e+01 6.640842272853825534e+01 8.408131920712021667e+01 7.545455556376377615e+01 5.905207102708214961e+01 7.545455556376377615e+01 8.638174161558389130e+01 7.810967406582003036e+01 7.810967406582003036e+01 8.638174161558389130e+01 9.793273669281883542e+01 9.547047222478656181e+01 8.720764973105221429e+01 8.980966344731500328e+01 8.720764993728622017e+01 9.547048113363403843e+01 9.160979518772558094e+01 8.575274384522796822e+01 8.575274384522796822e+01 9.401492775765422039e+01 1.022073856150677358e+02 9.399377634574916840e+01 1.022073856150677358e+02 8.754537908577970029e+01 6.698920772814847169e+01 7.605741312644850893e+01 9.632114174718613242e+01 9.444500608031641775e+01 7.763337540120159019e+01
8.769847284209264732e-04 2.000087698472806608e+01 3.051542369910855257e+01 3.654565059066499089e+01 4.361671840253059429e+01 5.190098964999278763e+01 6.344799503378571615e+01 6.640842272853825534e+01 6.640842272853825534e+01 7.469111007721043904e+01 7.587644501364130178e+01 5.651422121809122245e+01 4.818121151571096306e+01 6.728951554973859572e+01 7.479340864340929329e+01 5.799623886428618391e+01 5.799623886428618391e+01 6.963869273219276579e+01 8.968124976253851344e+01 8.377498804382224762e+01 6.682244458902806628e+01 6.948540986670754194e+01 6.682244458903838336e+01 8.377498918710837472e+01 7.131209528672789588e+01 6.533058280433364473e+01 6.533058280433364473e+01 8.575274384522796822e+01 9.217862150829404300e+01 7.384175718778780606e+01 9.217862150829404300e+01 9.579045768644023440e+01 7.904724482413917030e+01 9.579045768644023440e+01 1.045339170915846410e+02 1.060433156665564667e+02 9.771214362540334264e+01
6.221065917130529088e-03 5.170198860860375056e+00 1.051542369910890962e+01 1.654565059066428745e+01 2.361671840252988730e+01 3.516372378632281226e+01 5.516372378632351570e+01 6.339171910289611844e+01 6.339171910289611844e+01 7.166828392460423913e+01 7.112314315804657383e+01 6.006725548541719206e+01 4.118747606243547210e+01 6.006725548541719206e+01 6.649717683788627198e+01 4.637347709194958156e+01 6.061086106169359766e+01 8.070800021718156358e+01 9.094650515065116281e+01 7.543824628272264476e+01 5.477498832229029091e+01 5.477498832229029802e+01 5.477498832229068881e+01 7.543824659844054281e+01 7.131209528672788167e+01 5.053457524710287885e+01 7.131209528672788167e+01 6.914774070953578189e+01 7.368013761476714762e+01 6.344250846276581512e+01 8.391776676676842328e+01 9.979246766665738733e+01 9.915404637195146620e+01 1.073415658929233985e+02 1.097002170976287374e+02 1.015205268573700579e+02 9.681914528370376161e+01
9.675647279733478462e-03 2.000967564727937997e+01 3.051542369910926666e+01 3.654565059066499089e+01 4.361671840253059429e+01 5.190098964999278763e+01 5.737008605893234403e+01 4.307188819326058393e+01 4.307188819326058393e+01 6.339171910289611844e+01 5.189094465647452381e+01 5.483094681010871341e+01 3.601410902422481541e+01 5.483094681010871341e+01 6.111889185191456164e+01 4.102359421148108254e+01 5.522963573253928615e+01 7.533681384759907473e+01 8.264595439444690328e+01 6.217063318244883163e+01 6.350830861858182885e+01 4.276818881606001810e+01 6.350830888084824721e+01 7.788476875907599606e+01 6.504685705133577756e+01 4.427678340709142901e+01 6.301378842587781293e+01 4.834649646527923039e+01 5.291008571696090002e+01 5.928173941743965969e+01 7.134785085944915295e+01 9.157153584542676583e+01 1.112767010815577891e+02 9.877383560990828926e+01 9.062227228571808268e+01 8.194832152483897403e+01 7.728289880832016934e+01
8.858006633845233110e-03 1.462279544487189220e+01 3.490571504167010630e+01 3.336435449643606432e+01 3.215734984953841291e+01 3.998846871247719292e+01 4.902342887412882533e+01 2.818241142510714425e+01 4.902342887412882533e+01 5.456772761950463746e+01 3.858945476679216569e+01 4.384442596397145309e+01 3.127980316277059814e+01 5.012673736363773713e+01 5.638238477474372701e+01 3.631576512243363197e+01 5.049428855885323486e+01 7.059750651570422519e+01 7.862199309086834376e+01 6.404800973926535335e+01 4.524296274701881515e+01 3.797767546105067282e+01 5.861981564015948720e+01 6.339254950716864556e+01 4.888047936315197006e+01 3.862217964596497666e+01 4.226196739418486459e+01 5.265364134199264612e+01 7.337393550976275947e+01 7.989538587476640430e+01 7.134785085944915295e+01 8.314618912707607024e+01 1.030807734983853976e+02 9.062227228571808268e+01 7.106869278606011164e+01 7.679580362503963897e+01 6.598752078555200740e+01
1.018086960643932535e-03 2.000101808696028982e+01 2.449863683152873506e+01 1.511061567064754207e+01 1.422067669322005834e+01 3.034082224963258767e+01 4.243292048420178020e+01 2.150111160462747151e+01 4.243292048470672739e+01 4.606201014629628787e+01 2.767028727027384605e+01 2.489185258044891214e+01 4.384442596397145309e+01 5.495568004048642052e+01 4.664898260588157797e+01 3.206053943164806697e+01 4.361176014762502007e+01 6.370501071264720849e+01 5.810974496028584468e+01 5.558544438194330439e+01 3.502654878347865264e+01 3.347690419823283747e+01 5.400409272469610755e+01 5.093827580027725332e+01 3.438058212676349257e+01 5.493018320020579637e+01 6.301378842587781293e+01 7.144267057793663867e+01 7.337393550976261736e+01 9.362407228144833482e+01 9.157153584542652425e+01 9.979246766626734200e+01 9.787526401915593510e+01 9.161152598635663935e+01 7.679580362503963897e+01 5.715310385004459448e+01 7.679580362503963897e+01
2.494342646960768899e-03 3.135321714846760699e+00 1.259750624470393987e+01 2.347345645498559286e+00 3.066516584316091087e+00 2.298263960581273579e+01 3.215555149495803988e+01 1.522382670148550154e+01 3.432305642286403469e+01 3.320761767918360619e+01 1.906566611618337248e+01 3.813001008035539030e+01 5.179853368796992186e+01 4.664898260588157797e+01 2.662370710158360865e+01 4.664898260588157797e+01 6.041190316706236985e+01 7.200228737314425587e+01 5.810974496028584468e+01 3.752007970746953447e+01 2.745292227530052998e+01 4.452683989957868960e+01 4.710873497333200532e+01 3.049412226088565347e+01 5.093827580027725332e+01 5.114624129620187887e+01 7.176679388935858128e+01 8.250044945943892571e+01 7.443470019967384133e+01 7.695170019070852163e+01 8.502311652021009536e+01 9.150948363917885331e+01 7.653813731225838524e+01 8.347458954788132246e+01 6.388749439341206227e+01 5.251091506208930326e+01 6.643016314072157513e+01
6.187401196855389120e-03 6.804616701366784648e-01 1.358273861054827281e+00 2.174150489199458747e+01 2.298263960755631174e+01 4.103435649150839915e+00 2.393579036343799871e+01 5.935755680994874162e+00 2.398205417817704799e+01 1.406343983356005012e+01 3.320761744752474698e+01 3.868763234005411533e+01 4.676236849217966807e+01 4.310898057962211283e+01 2.308675666279888716e+01 3.463222986815112137e+01 4.880575939927151552e+01 6.889047839101965565e+01 6.115395836791722672e+01 4.432232682349313535e+01 2.407847285663206449e+01 2.427746760585290531e+01 2.676984178871626341e+01 4.677782042349784319e+01 5.941080554904005595e+01 7.176679388935858128e+01 7.420412837191328492e+01 6.614117854861900980e+01 5.498466787578885118e+01 5.751123977398096088e+01 7.695170019070825163e+01 8.095685129390199108e+01 6.166213208221309117e+01 8.095685128402409703e+01 6.815390260139035661e+01 4.855054788450560466e+01 6.241202232816381468e+01
2.476637442850607596e-03 2.000247663650429431e+01 2.615173469137831930e+01 3.582963911249015609e+01 3.116016071462750503e+01 1.760603675853340633e+01 5.130688421275057642e+00 5.853896857967892053e+00 9.251315349263530052e+00 2.711783905213553680e+01 2.819344513435484956e+01 2.008727713821776462e+01 3.635368236097254879e+01 3.981734724392118352e+01 1.983958530062418646e+01 3.981347171487945502e+01 4.324430233278561531e+01 5.127164456794240976e+01 5.274051339214328493e+01 3.230734508070855782e+01 2.086162143541349678e+01 4.094878020853880685e+01 4.710873497327077075e+01 5.558069728910591323e+01 5.749353473247168012e+01 6.181032060652193394e+01 6.294374528345332465e+01 4.662193549739197351e+01 4.366147470749069726e+01 5.751123977398095377e+01 7.695170019070543788e+01 7.222488455794101014e+01 5.162938848033338246e+01 7.222488455794101014e+01 6.444921678400812937e+01 4.492764657246672755e+01 6.444907881767468893e+01
6.350445426094172667e-03 2.000635044541693830e+01 3.584707545998086431e+01 4.584709066295356905e+01 3.535645880365959215e+01 1.563731740958735195e+01 1.910123350586754754e+01 2.556440578407126551e+01 6.875380664260894115e+00 7.591950277645779011e+00 8.311669959158324517e+00 9.030816020350826534e+00 2.867293339303020261e+01 3.665818087936442282e+01 1.684629952497422423e+01 3.242444733545212898e+01 2.456699337306594444e+01 4.077270627753328114e+01 4.070125090131029566e+01 3.626240878486238728e+01 1.902077158229010934e+01 3.777729325523619508e+01 5.043435408580166524e+01 4.232046202926965606e+01 3.551774967344830003e+01 4.126493062282543178e+01 4.832519534980069409e+01 3.523758032008180408e+01 5.487173831861526452e+01 7.126717814068142332e+01 8.184501857364132604e+01 6.535971919873723834e+01 4.512984477736527822e+01 6.535971919873723834e+01 6.094297450619501433e+01 4.147179361030637779e+01 5.624672491487527992e+01
3.512071127920179947e-03 7.562801531312497438e+00 1.756280153131267596e+01 3.756280192768122816e+01 4.035524478694231476e+01 2.551054868377143237e+01 3.885999182819201536e+01 3.499151514870142421e+01 2.612584612891020086e+01 1.304784076486254740e+01 2.701424423672088437e+01 2.863277281129761320e+01 1.004984521453832791e+01 2.967157529277086425e+01 1.594007783520629928e+01 1.283449945707201501e+01 1.358582096003660489e+01 3.317034661921632477e+01 1.571176822657447225e+01 1.645720190671213246e+01 3.614755831477762626e+01 3.802856536590476111e+01 3.891209377173180428e+01 2.043853007170881497e+01 2.129567595908466870e+01 4.108042879140035808e+01 2.861728275085878437e+01 4.832295175332994575e+01 6.285162528677808780e+01 6.180382042157894062e+01 6.180382042157911116e+01 5.951985747731116305e+01 3.948327665771276429e+01 5.202746756877910173e+01 5.962247354839892921e+01 4.370385475514621731e+01 3.665816221281556153e+01
8.642982713123801772e-03 2.000864298271276809e+01 3.584699615088881330e+01 4.584710369385344109e+01 5.479713800126981482e+01 4.649551237694722516e+01 5.511209244831798060e+01 4.191057581703383050e+01 2.223137986194489812e+01 2.645006359339490132e+01 3.912634778693105631e+01 3.367764926860107266e+01 1.475890959619978382e+01 1.107682422430066715e+01 1.180163863083355480e+01 3.139609998929489265e+01 1.783590109286788561e+01 1.464567470279552275e+01 2.300793107576870611e+01 3.285279392353749728e+01 1.759662323377598980e+01 1.840108547939560069e+01 1.923884967543294877e+01 3.492704691445878495e+01 3.998561111249181010e+01 2.253086894916057759e+01 4.156110635766341943e+01 4.919875048422328234e+01 5.818315469294529407e+01 4.165839152437166604e+01 4.827208081437409959e+01 4.928308544719061501e+01 4.542236172944606665e+01 3.200911664725389016e+01 5.177559939275349876e+01 3.508355986446515118e+01 5.469068227921169267e+01
