MOVIE_S2_data/elevation_000435.asc
nrows	100
cellsize	150.0
xllcorner	0
ncols	100
yllcorner	0
NODATA_value	-9999
[rows 17 to 33 of 100, columns 37 to 73 of 100]
4.525899097878797761e+01 2.552392517622095269e+01 3.950609560896238293e+01 5.914770900353438776e+01 6.809218966877438106e+01 5.973339861687614416e+01 4.771275706191607924e+01 4.772234250131981526e+01 3.014933109705643588e+01 4.144470233981147800e+01 6.129737622442543454e+01 7.933910660980576779e+01 7.621347051388819693e+01 7.206982978081158819e+01 5.277293706796293549e+01 6.384160708353054758e+01 7.199990089540396809e+01 7.980280998349863353e+01 5.981736713705375763e+01 7.086511143198812590e+01 7.809547851121674000e+01 6.102860013136047002e+01 4.173123699531461028e+01 6.102876264441859888e+01 7.285607672839130089e+01 8.140837947388793339e+01 6.779111577628120244e+01 7.805758431899806737e+01 7.531412762065265554e+01 6.255942197320690923e+01 4.248238474307319024e+01 5.940951872917889176e+01 6.733059389910390280e+01 6.032480614278082953e+01 4.222332335393519998e+01 4.286834421994866773e+01 4.352110401193067446e+01
3.306792655250806234e+01 2.815716080705174562e+01 4.781784732820813844e+01 5.963839831849490025e+01 7.088955366227553156e+01 7.581472031135480449e+01 6.306215124232628710e+01 3.469124930689348218e+01 3.173101200469440641e+01 5.135676315161598637e+01 5.080158013432686204e+01 7.076693061524319717e+01 8.115395309619763964e+01 8.029945960259883009e+01 7.206982978451590327e+01 6.285686727365080628e+01 8.264936463543197931e+01 8.690222575653535841e+01 6.682187465797720449e+01 8.690222575653535841e+01 7.493483306239873798e+01 5.526867968517988317e+01 6.102876263457167738e+01 4.523551799205882418e+01 5.900932364648027573e+01 7.928471448824485890e+01 8.691652889488744904e+01 7.992027527690234479e+01 6.692845713501547777e+01 4.643586575611634970e+01 6.255922192684261063e+01 4.715659166746583253e+01 6.768927742770260636e+01 6.840787421933494272e+01 5.436298452532276571e+01 4.568992292362401031e+01 6.248388284863462161e+01
5.266637022236628241e+01 4.781784732820813844e+01 3.196957157119406290e+01 4.320788443048753891e+01 6.278009828428322692e+01 7.355698046429937165e+01 6.358422892163412143e+01 4.371831722088868588e+01 5.135676315161681771e+01 3.394124491282638445e+01 5.001938259541611131e+01 6.314597225576763151e+01 6.113509337965584223e+01 8.115395309619763964e+01 9.089801857787000472e+01 7.422995957850358195e+01 9.089801857787000472e+01 9.522806981599572396e+01 7.838911451453522261e+01 9.522806981599572396e+01 8.312622192350296757e+01 7.493483305942385186e+01 6.735917167052193122e+01 4.780001348513511772e+01 5.894529607400460236e+01 7.813265285571804952e+01 8.491724434504678243e+01 7.157689766791514785e+01 5.078843962605203188e+01 6.692845713501547777e+01 7.148686444643065840e+01 5.070539248560114487e+01 7.148693527022415140e+01 7.866699538058200858e+01 6.316175666540083711e+01 6.366976798317464414e+01 4.982348881481446767e+01
6.727212820575338981e+01 5.969306881866015146e+01 4.574911806660692548e+01 3.596756118550591452e+01 4.565329700452706163e+01 6.533351289551731611e+01 6.387722179168773806e+01 6.387722179168773806e+01 6.017663480409755294e+01 4.034075294272199130e+01 3.621255720945014644e+01 4.485627311214563662e+01 6.480862258356951600e+01 6.984064785984668333e+01 8.981816642158267427e+01 9.415048582794726428e+01 1.023972782879538954e+02 1.068398187279955351e+02 9.853007982460188430e+01 9.409360295648693295e+01 8.416787664131132374e+01 7.147213855759900980e+01 5.174714185602293526e+01 6.735917167398000061e+01 7.517585885905205600e+01 8.600709930348276089e+01 7.663492050260330757e+01 5.578015809841313200e+01 6.557229596110923353e+01 7.992027526968701068e+01 7.550424206953962880e+01 5.462970361195120717e+01 6.685669740876808476e+01 8.731700776090534077e+01 8.130906406017628285e+01 7.080049515621097100e+01 5.277591750083032451e+01
7.549681113241271646e+01 7.363701957071337745e+01 5.847559013313805565e+01 3.891222491876704481e+01 5.847559013313805565e+01 7.355698046429937165e+01 8.393200856322545178e+01 7.173401230231563375e+01 5.171032388542457170e+01 6.017663480409755294e+01 5.588566063778232973e+01 3.852633246815667434e+01 4.982253818948804280e+01 6.928122960488137494e+01 7.392448877146715347e+01 8.216128907853766350e+01 9.107638258910149887e+01 1.025328168832017894e+02 9.988325212804309672e+01 8.010843280550832901e+01 6.603036109532146725e+01 5.612626647208046649e+01 7.147213855759900980e+01 6.566133593628788390e+01 8.550021186751386892e+01 9.462124418222779809e+01 7.446299427293251938e+01 5.958670622880108425e+01 8.036720894013170380e+01 9.426825455919147601e+01 7.993826122273672752e+01 5.914086790722203091e+01 7.993826122273672752e+01 9.547237128554598939e+01 8.512441134666991616e+01 6.589230353866824430e+01 5.580424364999602460e+01
8.436423861589429407e+01 7.557254511340417480e+01 5.578076421258273143e+01 4.195009905313561660e+01 6.155822726364593933e+01 7.900241974521026123e+01 8.799542384280509566e+01 6.806897174541738593e+01 7.173401230231563375e+01 7.581402953165860481e+01 6.198023767865498002e+01 4.206639413440373687e+01 4.118823683740279051e+01 6.095153985156181164e+01 5.386152222138909451e+01 6.288438188365554993e+01 7.447039918192004393e+01 9.431227738290988327e+01 1.048377394503478115e+02 8.510453859614413830e+01 7.103860969285858573e+01 5.954065398390292785e+01 7.942636816207148343e+01 8.549969977027653556e+01 9.368893008739577510e+01 9.591947821359285342e+01 7.585102042751680074e+01 6.372636059747070192e+01 7.847783785412626401e+01 9.846843648795002935e+01 8.466110857442994586e+01 6.407469424263062763e+01 7.881180936240045298e+01 9.878256606248997684e+01 9.345527355713018380e+01 7.766810174417936707e+01 5.907017753476495869e+01
9.158672999992430164e+01 8.015317935355211887e+01 6.536506032520860288e+01 4.566064356589473050e+01 5.112848559548684335e+01 6.508595739441138051e+01 8.498113763159773271e+01 8.799542384280509566e+01 8.185390587767231807e+01 6.754683098398884056e+01 4.747108229078034469e+01 6.198023767865498002e+01 6.105424657347966644e+01 4.392499794199564178e+01 6.389619963485856147e+01 7.705145866123402243e+01 8.370357738798787750e+01 9.192571303249980019e+01 1.018452382603648090e+02 9.088389830845464701e+01 7.103860942401989576e+01 7.942636816207148343e+01 6.567354496934206054e+01 7.977348053599988020e+01 9.954916836501759292e+01 1.040209443732372563e+02 8.877707936581464310e+01 6.841151423936864262e+01 8.037145200070257545e+01 1.002593799670178925e+02 9.051443950889553491e+01 7.023790636487734673e+01 8.100683561952401135e+01 1.009207586046139937e+02 9.590723505169059138e+01 7.600631241046416164e+01 6.273930835658165250e+01
8.337617576864950308e+01 6.358041076304029104e+01 5.217351210062705746e+01 5.305439361803258436e+01 7.084119200031999242e+01 6.509190459496755921e+01 8.508444566930818098e+01 8.869526840747488450e+01 7.361000894408651618e+01 5.349481914602353783e+01 6.754683098398884056e+01 6.724634845212894163e+01 4.718721912601387203e+01 6.389183583214258988e+01 5.090620703581767970e+01 5.698202349169186931e+01 6.374722122751982312e+01 7.378858404126744119e+01 9.361857073470831381e+01 9.906497415673614171e+01 8.253921413737221258e+01 9.069376487301047973e+01 7.083101160522298301e+01 8.193842907259647745e+01 1.017021260064507686e+02 9.874345693452526973e+01 7.881070179710393120e+01 7.582848827000037772e+01 9.585889899130918934e+01 1.083359724922433713e+02 9.757136100931099065e+01 7.761137282033146789e+01 9.051443950889553491e+01 1.089820417887364101e+02 9.328942489654089343e+01 7.345005214902718649e+01 7.345005214902718649e+01
7.164819778580009313e+01 6.023225903776915402e+01 7.194708566540165862e+01 6.188891218380540238e+01 8.106678041122034983e+01 8.507706673983888379e+01 9.344157766873753701e+01 8.047657170773260304e+01 6.044970214733268676e+01 7.361000894408651618e+01 8.185390516374424408e+01 6.965002446397693348e+01 4.955466830894102515e+01 6.964920515925810207e+01 7.100103797754401569e+01 6.734020036858007074e+01 8.370357738798787750e+01 9.192571303249980019e+01 1.018452382603648090e+02 1.104603823274854477e+02 1.022812010350046563e+02 9.616375408907944689e+01 7.638123510212439271e+01 9.618992785103620236e+01 1.098940526685797749e+02 1.068235288754250263e+02 8.788067091670633602e+01 9.011349063451881136e+01 9.011349063451882557e+01 1.097295417676442071e+02 1.056296097407410741e+02 8.775156749176534277e+01 1.056296097407410741e+02 1.182057975901793014e+02 1.016846249152377055e+02 8.477407121682576019e+01 8.738036622361222783e+01
8.698476013326275336e+01 6.723251737644960713e+01 8.698476013326275336e+01 7.332631397515378069e+01 8.993607068817850347e+01 1.025799146871199810e+02 8.279361253472482929e+01 6.870729256457208578e+01 8.047657170773260304e+01 8.869526840747488450e+01 8.702306197512318420e+01 7.211055979476775235e+01 5.200565325707292175e+01 7.211056013200581560e+01 8.450442555564838187e+01 8.731153973899156995e+01 9.558735489764403326e+01 1.081822206888836888e+02 1.163402488101096992e+02 1.262297529781176593e+02 1.101756105288818475e+02 9.042830703293030581e+01 9.042483588772755354e+01 9.042590888437884189e+01 1.101055416323644067e+02 1.155841327088948987e+02 9.932517347673160657e+01 1.097295417676441929e+02 1.097295417676442071e+02 1.177861808702923412e+02 1.154074357240750004e+02 1.073911545268566101e+02 1.154074357240750004e+02 1.266343052735660564e+02 1.133511812207288614e+02 1.049216143452407977e+02 1.075551544855832304e+02
9.516577016432667335e+01 7.864726920555676770e+01 9.516577016432667335e+01 9.316052025110721502e+01 1.013951077705190755e+02 9.916672727772143503e+01 7.937739878872163501e+01 8.858888626055536974e+01 9.678548550014983221e+01 9.469334476884552032e+01 7.889752210528705234e+01 5.897262464954496863e+01 7.211056013200581560e+01 5.627393811872015306e+01 7.631131814705435090e+01 9.196039923522194215e+01 8.157332075881801359e+01 8.849199008478925066e+01 9.830611177285300073e+01 1.180641273828273086e+02 1.185971668760086999e+02 1.101804821451937357e+02 1.100719795440283377e+02 1.101055448795652865e+02 1.183298029040435040e+02 1.268011553288304469e+02 1.187418709314607526e+02 1.243137927765289561e+02 1.160982976404839349e+02 1.218560190968045589e+02 1.136442153972353992e+02 1.218560190968045589e+02 1.208732845864519163e+02 1.068682137239479175e+02 1.208732845864519163e+02 1.210232391773815124e+02 1.196977474611008603e+02
1.065618500890129781e+02 9.837398454433150619e+01 1.025312583565392970e+02 9.773838416527674156e+01 1.060530551804930610e+02 1.073630779920356559e+02 9.080871333683836610e+01 1.073630779920356559e+02 9.775081457521055484e+01 7.833210824504250525e+01 6.691757390421177831e+01 7.861331628455344855e+01 7.937110719891464328e+01 5.942255688689929372e+01 7.937110719663245106e+01 7.230928720882798189e+01 9.196039923522094739e+01 1.019344327654119411e+02 1.162148586532940584e+02 1.261386673171179780e+02 1.258646466241515469e+02 1.175292366082724982e+02 1.212746389682527166e+02 1.129463855265343142e+02 1.212765527181687020e+02 1.313120383150291843e+02 1.198903709130427160e+02 1.116798166611929304e+02 9.633715494907620780e+01 1.119623466889470080e+02 9.387248769506726376e+01 1.119623466889470080e+02 1.126575679012770337e+02 9.288170640667905786e+01 1.012399689439141355e+02 1.012399689439141355e+02 9.993261456767203299e+01
9.808625526222650137e+01 1.025312583565392970e+02 8.251706175687833422e+01 7.773553750758699721e+01 9.449247700034894137e+01 1.078555381386346852e+02 1.105839866461520984e+02 1.187839002073146588e+02 1.059809282824671044e+02 9.469334476884552032e+01 8.653306155209918415e+01 7.830585902448612501e+01 8.754913099328979342e+01 7.937110719936013936e+01 6.415813147089447455e+01 6.903933618600134992e+01 7.415793055881138685e+01 9.376940160572576133e+01 1.107095530250319371e+02 1.220946369575287918e+02 1.142644166338382803e+02 9.741261621794572534e+01 1.112056076355035827e+02 9.279320435081585572e+01 1.112057007916342855e+02 1.230794370604695303e+02 1.033347840858888134e+02 9.190770381260922761e+01 8.487991953480764096e+01 9.660207819441892241e+01 8.394776641153249841e+01 9.780191838907704494e+01 1.060068170072854485e+02 1.012399689439141355e+02 8.141720295529410123e+01 9.278751312606731005e+01 8.591917967030214243e+01
7.813431758768604141e+01 9.484127199347193482e+01 8.618973526290075426e+01 6.617430545868857905e+01 7.951792532816341463e+01 9.904167371363656969e+01 9.705347979156391602e+01 1.053018556825316381e+02 1.105011511124319838e+02 1.002272557899662218e+02 1.021920729980612634e+02 8.931434994456826360e+01 1.044468217376215904e+02 9.102416773139300687e+01 7.163581513501281961e+01 8.870749371781636228e+01 8.800658141805902801e+01 8.291118090489692349e+01 9.421699327711331762e+01 1.139253013284889988e+02 1.052590192804047007e+02 8.582498026548763903e+01 1.028697835479152332e+02 8.276275133528095296e+01 9.576102774735804246e+01 1.158942195750200597e+02 1.198875656520563240e+02 1.116798166611929304e+02 9.660207819441892241e+01 7.676395594191819782e+01 7.643916487937482884e+01 7.797511744842620374e+01 9.456292358358449235e+01 1.048663119080180905e+02 9.278704471175781521e+01 7.294567160816372109e+01 7.445008399227442908e+01
6.653626503899461397e+01 8.656699867497589196e+01 7.951792532816341463e+01 5.944037001409162713e+01 7.076910811231151399e+01 8.295116663590094674e+01 7.711024731470592997e+01 9.705343055122148144e+01 9.802264526830572322e+01 7.826593955358299581e+01 9.703193280064812143e+01 1.072593200584668978e+02 1.146718687547009807e+02 9.915938482806107857e+01 8.231333005116870538e+01 9.915938482514164320e+01 1.076820801547826392e+02 9.270228305453549922e+01 1.093910897842546603e+02 1.099088522306616653e+02 8.943873558556086323e+01 7.687605780389593235e+01 9.576092037159916970e+01 7.569390782407234042e+01 9.576092485291805190e+01 1.101332899375687333e+02 1.160453554622716865e+02 1.061614061666321049e+02 9.147988959557018518e+01 7.163923591968321603e+01 8.467459281076526167e+01 6.650518206881308458e+01 8.635490952882319959e+01 9.086451035233619677e+01 7.686328595225320726e+01 6.763704799047140170e+01 8.748452542405060228e+01
5.888533986737621717e+01 7.899609299226399628e+01 7.394941339194417651e+01 5.379171517554525650e+01 5.651411519202211053e+01 6.292847979313170725e+01 7.710164116092322217e+01 9.682082398313475835e+01 8.756920666209617821e+01 6.591002589960132241e+01 8.757095066122866456e+01 1.005773058062367511e+02 1.006336891861489704e+02 1.082274266525490560e+02 1.010911539428348789e+02 1.091782738390394485e+02 1.209138048248891693e+02 1.125980601933518841e+02 1.206837335725361271e+02 1.025323198958998034e+02 8.936564102861615311e+01 6.932038852888213398e+01 8.331969668882118185e+01 7.014968375096550801e+01 8.170109940978353791e+01 1.017987495150193098e+02 1.078572884156334197e+02 8.806429051474225389e+01 7.812740469501920870e+01 7.110776436074755225e+01 6.482104479529726859e+01 6.115888600242804074e+01 7.685646347375617893e+01 7.822535831654435867e+01 6.279415064418773795e+01 8.267077126707239643e+01 9.569374761606273694e+01
5.274574501936556459e+01 6.600848227888808140e+01 6.834092563391190822e+01 4.851895750249108374e+01 6.874471809261152089e+01 8.295116663590094674e+01 9.120084436107552506e+01 9.325947131555642500e+01 7.955145304287242425e+01 5.865897491871156433e+01 7.955145304287304953e+01 7.925944978849952349e+01 7.810754485029366379e+01 9.509320814684869561e+01 1.110566867097777362e+02 1.028742595398918240e+02 1.110566867097777362e+02 1.158504026558995150e+02 1.075054663016320831e+02 9.404240881000987429e+01 7.386015919101272686e+01 6.327186151576440665e+01 6.327186164692547266e+01 7.328980423767121977e+01 8.745734874193389885e+01 1.075748348825402871e+02 1.160533551478415006e+02 1.061614061666321049e+02 9.796115373562916773e+01 9.094888903744482889e+01 8.467453825215680752e+01 7.685637957956252819e+01 5.688949669650173036e+01 5.828391208842059257e+01 7.822640790218666496e+01 9.088169327903412409e+01 1.068402888056113795e+02
