MOVIE_S2_data/elevation_000123.asc
nrows	100
cellsize	150.0
xllcorner	0
ncols	100
yllcorner	0
NODATA_value	-9999
[rows 51 to 67 of 100, columns 37 to 73 of 100]
3.800048628743336110e+01 3.129671769875015030e+01 3.744960436675230397e+01 1.991957839340153669e+01 4.005852049938720683e+01 5.115768073700947127e+01 6.200827371395848786e+01 5.108296112965168589e+01 3.389426178808874113e+01 2.353424421594821325e+01 2.351728364048108944e+01 4.121821421014730902e+01 2.174903970642223072e+01 2.222055435934736067e+01 3.172393918124210899e+01 4.159798920321201621e+01 2.417373479360983879e+01 2.468787906060057225e+01 2.519124796381602494e+01 2.568237994977960525e+01 2.618466850793683420e+01 4.630851827910205287e+01 5.297985541247438590e+01 5.171482981030278836e+01 5.339469516630595081e+01 3.731861517058844413e+01 5.781571767894325831e+01 7.046976029874441849e+01 7.872579407369798332e+01 8.856285457791564397e+01 8.735834898234479340e+01 9.425029769031831961e+01 7.392984190761586660e+01 5.965026040133260921e+01 5.337884750829198310e+01 6.601496234788895379e+01 6.870002131091341369e+01
4.554087077769370495e+01 4.241376639845386620e+01 4.835835160739048888e+01 4.005852049801352877e+01 2.254759324409294763e+01 3.680830199404952197e+01 5.708430007023476094e+01 5.705574226376618441e+01 3.366283553198717016e+01 4.934493389814203113e+01 4.678954639403318083e+01 4.396951714708418990e+01 2.440773297882618564e+01 4.265728204194804363e+01 2.696041486802363707e+01 3.574866374267514857e+01 4.702988345242683721e+01 4.536698985191412703e+01 4.536419160586106614e+01 4.579566109698515675e+01 2.737704574752318365e+01 3.716311835954577703e+01 5.731032878893801552e+01 7.340032516080883340e+01 6.619063652087343996e+01 4.925971153869463848e+01 4.263912882720068609e+01 5.028985219621041125e+01 6.037052636795245064e+01 7.460591970210700197e+01 9.413551779956044641e+01 9.425029500123159210e+01 7.392984190638580344e+01 7.988156482108298917e+01 6.655452262461935220e+01 8.182350797242810359e+01 7.354331366039704676e+01
5.432945328627454273e+01 5.530385608695704036e+01 5.638862631239681633e+01 3.612310776425089642e+01 2.443006035804793896e+01 3.874922061477391821e+01 5.902658712749856562e+01 6.661175291910437579e+01 4.685439973088094945e+01 6.661175291912330465e+01 6.013403465480092080e+01 3.965130146623525320e+01 2.715724038121115669e+01 4.830832313464327399e+01 4.871047203578520879e+01 3.144987725929843947e+01 5.086998904319133175e+01 6.401923959522655139e+01 4.954034085474823712e+01 2.932859401952760336e+01 4.724134977890437881e+01 5.561439516644522740e+01 5.730978845879851491e+01 7.751798792363238988e+01 7.787124693324484781e+01 6.950344365414970582e+01 6.287563763753326640e+01 4.861938505082290618e+01 6.884913131685483734e+01 8.382644752954735168e+01 9.595303758206769373e+01 1.024893694440553276e+02 9.425029500123159210e+01 9.389100959997364271e+01 8.395723283211677312e+01 7.525211077801418469e+01 6.539126824496842971e+01
6.388605802421813706e+01 7.271567867386345085e+01 6.481254837676408442e+01 4.668604515160785695e+01 2.642174325582122307e+01 4.074677805646298623e+01 6.102470432326271776e+01 7.634009920414801798e+01 7.067958499398490346e+01 8.004753454295362758e+01 6.858349177229358418e+01 5.101091649854719634e+01 3.007595592832908693e+01 5.101091649854719634e+01 5.920919618322248112e+01 5.093929554348638078e+01 3.646740249729205630e+01 5.635494227064013018e+01 5.787699166721428412e+01 4.954036457972835450e+01 3.171377877524446376e+01 5.187353264229980709e+01 6.259875562579828312e+01 7.683735675731048786e+01 7.770940962490448101e+01 8.603606884183220416e+01 7.716911899267661568e+01 6.876885744287929469e+01 5.513691106491683769e+01 6.685771465488932108e+01 8.752508841220139857e+01 1.032257677925622090e+02 9.302148904950489339e+01 8.461281840959422595e+01 7.574420821296052964e+01 5.590515085057766242e+01 4.741770318170582499e+01
7.688094364193754870e+01 7.186461722093969229e+01 6.171786575861119672e+01 4.872252356577422461e+01 2.847061010334751430e+01 3.774277965127083689e+01 4.790956523001917589e+01 6.198122131819022229e+01 8.235878971092576251e+01 8.412605488966011080e+01 6.385068209456644439e+01 5.374518429032696076e+01 3.310110343740539918e+01 5.374518867100629649e+01 6.645925775824808568e+01 6.042781672196299780e+01 4.047488990289641464e+01 6.042781672183438957e+01 6.461174654679071239e+01 4.448329419184211275e+01 5.187624478959010332e+01 3.422570412375380755e+01 4.836357181142660977e+01 6.339877890445859521e+01 5.747112157393689102e+01 7.770940962490448101e+01 8.538100279913058444e+01 6.569732042438417352e+01 7.545728423601421753e+01 6.744362360854880478e+01 8.930165892691307761e+01 9.486192781196059798e+01 7.436370900722785393e+01 6.433243716794154921e+01 5.772004557091718624e+01 5.101416354320388535e+01 6.846055384654880527e+01
7.784301725713180531e+01 5.747151358701288615e+01 4.316527054913468930e+01 3.307605866345210188e+01 3.126790270740365685e+01 5.150187315775563945e+01 6.397000375901541958e+01 7.305157322840638301e+01 8.481608618658945886e+01 7.824602815306243997e+01 5.791077658906615966e+01 4.361740947745324348e+01 5.374518021285967961e+01 3.772922549710420270e+01 5.802369924013551383e+01 6.475634496102389903e+01 4.492053665777362426e+01 6.475634496102389903e+01 7.298473231365275637e+01 5.868903611773523465e+01 6.260044541420384689e+01 5.426118262820128280e+01 3.670867845408942998e+01 4.329211110819170472e+01 5.747344371537383267e+01 7.775886971337098430e+01 9.346490066911546535e+01 7.966115864059588603e+01 8.284792231394511930e+01 8.189514965297502158e+01 9.828273398791222348e+01 1.032257677925622090e+02 9.302148904950489339e+01 8.461281830176336882e+01 7.403430388892195424e+01 5.370688264590748418e+01 7.403554589478960679e+01
7.694655063374003134e+01 5.835839068662028950e+01 3.813174677769993792e+01 5.330172970940341770e+01 5.150187315775563945e+01 3.533058438411547542e+01 4.433312942257153821e+01 5.599903236668082940e+01 7.638472461827804239e+01 8.048193502959765055e+01 6.013266610198883200e+01 6.253185087448630952e+01 4.237235359565190862e+01 5.796080408837174502e+01 6.640924999042525201e+01 6.983449494623548048e+01 5.016690462396707773e+01 6.112411544939059382e+01 8.091791291647027151e+01 7.897614715411303621e+01 7.520369613948571441e+01 5.848306545807185586e+01 3.849540133415298016e+01 5.847919636183912218e+01 7.172595644216532662e+01 7.566050140128143653e+01 9.510969576225397759e+01 9.993201501915351059e+01 1.003743284890469170e+02 1.026339647659107328e+02 1.150435877789774821e+02 1.163525273946474243e+02 1.080665457287476698e+02 9.093568280966077566e+01 7.047550552168881666e+01 5.627049265804169664e+01 6.782382672706692972e+01
6.254293215269994732e+01 4.819879432056946911e+01 4.241897703497355110e+01 6.267752833641436894e+01 6.397009486833515268e+01 4.959238480051973141e+01 3.983732375801970704e+01 5.146670139339135375e+01 6.583786766020503478e+01 8.625821232701201779e+01 8.048193114192012843e+01 6.580282614761581783e+01 4.564106677228686237e+01 6.579612272176346721e+01 7.966058425413328337e+01 7.526637961947695032e+01 5.568144090769824572e+01 7.526637961947695032e+01 8.935906008129785505e+01 8.134291544795904372e+01 6.109541878743763732e+01 4.683029993921473277e+01 4.028011515480698534e+01 6.029444176224546936e+01 5.555595043770023977e+01 6.990054795882835492e+01 9.011226981188998764e+01 9.715148288320121139e+01 9.929453987159419626e+01 1.075379960719720742e+02 1.178395037022041691e+02 1.080665457287476698e+02 8.760767122032090981e+01 9.359993682839443352e+01 7.901231384830100524e+01 5.880881829092686530e+01 7.901231384830100524e+01
6.254293215269994732e+01 6.721959419298187299e+01 4.690685816585034473e+01 6.721959419298187299e+01 7.834780493615058106e+01 6.344607127283795478e+01 4.318082805669040170e+01 5.482933598840893552e+01 6.923279566302845467e+01 8.966329565980872474e+01 8.623062554682961434e+01 6.580282614761581783e+01 5.378116266681953306e+01 5.105251041433118786e+01 7.131990729437730181e+01 8.365670617500367712e+01 6.943212853325080403e+01 6.605115896632833028e+01 8.584850756625729673e+01 8.133956307697324917e+01 6.109538598970143397e+01 6.702470697003397504e+01 6.029470663664395147e+01 4.290877404133997430e+01 6.300423215660620002e+01 7.317709984304107707e+01 7.783695241366055484e+01 7.701647931909947431e+01 7.921789347985220786e+01 8.962797541812564361e+01 1.078986290967167605e+02 1.054435425096670969e+02 8.492981572489155440e+01 7.296870782311258097e+01 6.688432680337031400e+01 6.163318140145174340e+01 7.592140231914876836e+01
8.294304562810545178e+01 7.216081340177902348e+01 5.178764468457707437e+01 7.216081340177902348e+01 8.153575674643283833e+01 6.111310931870269059e+01 4.677970147287432212e+01 5.688689882565373068e+01 6.866018841422042840e+01 8.910842403609274243e+01 8.858688436260122501e+01 6.809445291252994537e+01 7.409654712125534104e+01 5.512050219045907085e+01 7.547468809378555932e+01 9.233686879490343813e+01 8.935150771813390236e+01 7.576701397891889656e+01 9.435428064467664910e+01 8.963886548759697348e+01 8.133950159085564735e+01 7.691146233524976594e+01 6.527444230622830901e+01 4.509636235863808196e+01 4.859454719675213141e+01 5.286342135728526870e+01 5.752660574577047470e+01 6.264320123723827294e+01 6.945012937247429363e+01 7.959261190642072847e+01 9.966333892983047349e+01 1.137430549734236251e+02 1.019800993074841386e+02 9.359993682839443352e+01 8.499475870778620390e+01 6.452907997144961882e+01 7.896469776093709925e+01
8.395931681103378708e+01 6.352370945293005633e+01 5.895230948263114357e+01 7.938478407054796548e+01 8.376858697776799545e+01 6.334740811830493357e+01 5.197425534957372406e+01 5.846422054441089244e+01 7.888430622515664936e+01 9.751983711467742921e+01 9.707291501607937789e+01 8.858688436260122501e+01 8.194439313827339788e+01 6.148538940821106280e+01 6.335643911358215519e+01 7.780865609282707851e+01 9.838402870443307791e+01 8.989005776221030430e+01 1.045199943415449155e+02 9.407631074716154274e+01 7.390726613324255823e+01 6.856483973479794258e+01 4.828147131663590841e+01 6.527444333415252231e+01 6.884598883426473037e+01 7.317709984304107707e+01 7.783695241366055484e+01 8.290202673624189345e+01 8.962797541812564361e+01 9.789094074489619857e+01 1.078986290967167605e+02 1.231460273865650805e+02 1.114911142901932521e+02 1.027663428500178782e+02 8.218843052328048771e+01 6.759235964372756200e+01 7.949508978886973409e+01
9.236881681768066699e+01 7.532940854278423615e+01 6.807961432987984551e+01 8.780636490282240914e+01 9.218960118508039159e+01 7.781966227410745773e+01 5.738310804773149698e+01 7.781966227410745773e+01 7.289931274968776620e+01 9.333335864434828011e+01 1.057107014277952430e+02 8.510877819162395497e+01 7.325364527194165021e+01 7.592003406717077496e+01 7.355181504686758842e+01 7.780865609282707851e+01 9.838402870443307791e+01 1.105117144050443869e+02 9.970022822436831689e+01 8.808130392283335652e+01 7.390726613324271455e+01 5.356391114572582524e+01 5.128684514865432931e+01 7.163198467982327600e+01 8.036070004164885461e+01 8.477812717072642101e+01 8.953617525968319057e+01 9.534976938209162256e+01 1.024507594312447765e+02 1.106989087866104313e+02 1.206771467984936237e+02 1.149074933241570307e+02 9.459743730397298123e+01 8.257895835212545421e+01 7.596617436106436116e+01 7.179846797033691530e+01 9.254059303050685514e+01
1.041242696311505540e+02 9.574799073779205116e+01 7.990718595990335871e+01 9.692949970476389865e+01 8.875801813758646119e+01 6.829422812971225198e+01 7.781966227410745773e+01 7.406892643445166868e+01 9.333335864434828011e+01 1.017335081809123807e+02 1.141746482002776162e+02 1.023085564583998490e+02 9.381617550156782670e+01 9.648848251233455642e+01 8.540980465177275960e+01 9.838402870443307791e+01 1.068650814969798830e+02 1.065499166061086669e+02 9.142210113789803927e+01 7.123979232558401975e+01 5.946128910836994663e+01 7.390726613324032712e+01 7.163198467982327600e+01 5.577621281763170202e+01 6.005487224525799661e+01 6.453493297477659496e+01 6.934948684620518122e+01 7.521088859290132689e+01 8.236612656366690999e+01 9.245442774850984335e+01 1.124470911139797806e+02 1.175044746555055042e+02 9.724869713655189685e+01 1.031814770136473101e+02 9.666638856143624992e+01 7.632169934122251220e+01 9.109169757806418488e+01
8.809373028197450139e+01 9.642220538684590281e+01 1.003110142992799894e+02 1.086731590370305298e+02 9.717189072509148673e+01 8.012496510787595128e+01 9.717189072509148673e+01 9.450852292054501902e+01 1.029065971521633145e+02 1.098519054125365955e+02 1.096173263257300334e+02 1.037609878853677117e+02 9.553374696973654068e+01 1.037609878853677259e+02 1.060142581204057137e+02 1.144776567763197761e+02 1.124293744816785932e+02 9.243258385254659970e+01 7.817329314280739538e+01 6.909103104608425383e+01 6.593492985671896633e+01 8.616814373691471474e+01 8.253883431574436713e+01 6.226170262687173818e+01 6.671027775528314407e+01 8.477812717072642101e+01 8.953617525968319057e+01 8.585637073476495118e+01 9.534976938209162256e+01 1.106989087866104313e+02 1.206771467984936237e+02 1.257335314438347069e+02 1.175044746555055042e+02 1.014149416983194101e+02 8.681566985547721060e+01 8.681566985544203874e+01 8.841832488238259202e+01
6.806913085993213031e+01 8.639787920769376228e+01 9.827554213098260050e+01 8.997944713289443541e+01 9.827554213098260050e+01 1.005509878883893862e+02 1.089325297376060746e+02 1.041232374210527212e+02 9.589074117689959564e+01 9.010783760398055620e+01 8.992958386255284609e+01 9.354235191836019681e+01 7.588066414034915397e+01 9.390380489447838386e+01 9.826206248734763449e+01 1.065017294244190680e+02 1.156415048480439651e+02 1.065499166061086669e+02 8.929326335071306175e+01 8.929326335071306175e+01 7.313602343919970394e+01 9.329564699987766119e+01 8.967809485759337917e+01 6.948521670788218785e+01 8.693973926061904933e+01 7.955022927577257974e+01 9.965528503369922930e+01 1.059094277487540836e+02 1.141569493805537263e+02 1.235714669764208793e+02 1.225539014304469276e+02 1.308067559349003943e+02 1.297854815820755334e+02 1.156002116401975144e+02 9.719850379347072078e+01 9.877804982249666921e+01 1.003545897910371139e+02
5.806704936391429328e+01 7.808143056964634354e+01 8.825167623711311649e+01 6.992376794194399281e+01 8.825167623711311649e+01 1.012052628797617615e+02 1.041232374210527212e+02 9.272841969090571013e+01 7.621174827017382825e+01 7.621174827017382825e+01 7.602571770860569700e+01 7.387478212903698704e+01 6.599286719313825245e+01 8.219009789711861913e+01 7.857800628227738571e+01 8.765060302221579036e+01 1.024127189440141734e+02 1.112327990300013454e+02 1.093256057297545993e+02 1.015674830164087439e+02 8.325940468945572093e+01 1.015674830164087439e+02 9.795951837211715940e+01 7.962659978764915536e+01 9.795951486423837196e+01 9.380063554219799471e+01 1.079138841958163653e+02 1.175743570136144740e+02 1.093227400282464998e+02 1.084694650966698362e+02 1.026355005488390333e+02 1.225539014304469276e+02 1.235044361407287852e+02 1.256643197350493750e+02 1.115943232519372970e+02 1.131477638438469171e+02 1.205332379833808147e+02
5.139666039119361329e+01 7.140997016643098050e+01 7.995160753741924964e+01 5.979895979233496917e+01 7.282657059771287322e+01 8.923233295409934840e+01 9.589074117689959564e+01 7.621174827017382825e+01 6.479808625722787951e+01 6.479808625722787951e+01 7.963527995087005706e+01 5.987120234752088521e+01 5.786814466147480829e+01 6.243968068376673841e+01 6.796247180374410846e+01 7.456499878415601756e+01 8.334125681318829493e+01 9.717506857811757470e+01 1.169703680715374787e+02 1.115805035405352044e+02 1.033318893102996157e+02 1.115805035405352044e+02 1.079861294012848703e+02 9.972958995676908955e+01 1.079861263757284036e+02 1.137895946217656871e+02 1.168006442431001091e+02 1.060612539062178428e+02 8.937951193270674821e+01 8.852464805547920434e+01 1.084694650966698362e+02 1.145983932416929889e+02 1.035899188086919054e+02 1.176727821534008029e+02 1.315566717411674063e+02 1.330877991696300455e+02 1.240947931037563592e+02
