MOVIE_S2_data/elevation_000250.asc
nrows	100
cellsize	150.0
xllcorner	0
ncols	100
yllcorner	0
NODATA_value	-9999
[rows 0 to 16 of 100, columns 0 to 36 of 100]
4.047028337263018118e-03 1.000404702833735016e+01 2.414618265206855341e+01 4.414618265206925685e+01 4.822964795903855872e+01 4.822964795903856583e+01 6.822964795899271451e+01 6.551110000906440689e+01 6.291596977202659957e+01 7.120024032208908693e+01 8.274724522022135886e+01 8.964590073083681432e+01 8.110256586100882714e+01 7.842273926821437158e+01 8.696782733480091565e+01 8.345446027542325851e+01 9.199648247821033920e+01 9.621404906372048060e+01 9.337904216085604503e+01 8.507168405804588929e+01 8.710379165900782539e+01 8.710379165900782539e+01 9.540914839711454931e+01 1.053215072782153214e+02 9.541373375883912900e+01 8.720586542954586662e+01 9.541373375883912900e+01 8.859023910928502232e+01 8.859023910928502232e+01 9.681105313983792371e+01 9.557325681506125648e+01 9.557325681506125648e+01 1.037916305444309302e+02 1.139038973327217406e+02 1.023477830809349740e+02 9.406262473567062443e+01 9.666111609483799327e+01
9.482596902220898072e-03 2.000948259690186504e+01 3.828831827580025049e+01 3.558053731836656652e+01 2.822964795904056956e+01 4.822964795903855872e+01 5.965323522568741765e+01 4.551110001852374154e+01 4.291596977858721118e+01 5.446297516237931546e+01 7.446297514685754493e+01 8.110256586100882714e+01 6.053148479882533906e+01 5.787000905251873206e+01 6.889387701112518414e+01 6.286268594699022572e+01 8.345446027542325851e+01 7.610933978915991815e+01 7.610933978915990394e+01 6.492807039436941352e+01 6.696783220410608806e+01 6.696783220410608806e+01 8.710379165900782539e+01 9.694589906501644805e+01 7.722638162964543085e+01 6.724689782974500929e+01 8.271523476289797827e+01 6.861941638595834547e+01 6.861941638595834547e+01 8.859023910928502232e+01 7.569820559762887058e+01 7.569820559762887058e+01 9.557325681506125648e+01 1.056264542425928425e+02 8.559731400653946309e+01 7.399503494471123588e+01 7.660117592121571306e+01
3.324160138653916522e-03 2.000332416013829828e+01 2.558053731836700706e+01 1.558053731836727707e+01 3.558053731836656652e+01 3.884093573929850862e+01 4.284093573898035601e+01 3.136896439479509979e+01 5.136896439202224229e+01 6.445799864116847289e+01 7.445799836828622631e+01 8.010940579285397689e+01 6.655661494560069968e+01 4.633427755444547813e+01 4.859475979452794547e+01 6.019659177934713057e+01 8.077458958169326309e+01 7.610933978915990394e+01 5.593813728500728644e+01 5.326213906840366974e+01 5.268419495498665128e+01 6.696783220410608806e+01 8.710379165900782539e+01 8.873746957677494152e+01 6.879968040195213064e+01 5.710760176608943084e+01 6.822898974979194975e+01 5.429554817835128233e+01 6.715701274750836092e+01 7.205758115797375751e+01 6.144776898500342810e+01 7.569820559762887058e+01 9.557325681506125648e+01 9.324651416564215367e+01 8.495118329548471081e+01 8.247659636787322768e+01 6.234621960706623867e+01
6.476169185215582824e-03 2.779977150311355505e+00 5.580537318367363220e+00 2.558053728001348759e+01 3.339762518848112194e+01 1.884093574057090237e+01 2.284093574057083131e+01 2.861443843246698648e+01 3.617372789265126443e+01 4.617372789265090915e+01 6.617372788546164486e+01 7.157182919631586060e+01 5.120985136680690175e+01 3.993008868158202063e+01 5.981583581521566373e+01 7.742958421260026114e+01 8.931859033979364426e+01 7.761160934150227320e+01 5.744540737135981345e+01 4.315537630170604189e+01 6.335195117763706918e+01 7.356466379503770270e+01 7.356466379503770270e+01 8.188591889374582422e+01 8.239840080663132937e+01 6.235874689741294219e+01 4.800216938216547646e+01 4.709300568326391101e+01 4.691188572547901003e+01 5.185201997605995672e+01 6.202623609669208093e+01 7.626923715609930809e+01 9.613889848432157237e+01 8.495118329548471081e+01 6.482957128377486811e+01 7.072305499359990222e+01 5.728116062545701936e+01
5.418514359027011389e-03 2.000541851423832185e+01 2.558053731833506461e+01 1.010964545494570821e+01 1.339762520105282562e+01 2.095691466123723856e+01 4.095691465974842060e+01 4.861443843023098310e+01 4.494437005097832838e+01 6.445799864116847289e+01 7.445799836828622631e+01 6.979894775966076281e+01 5.575667467926435705e+01 3.606377111138647962e+01 5.575667467926435705e+01 6.856581629660254862e+01 8.035336869553526640e+01 7.331216063529602422e+01 5.313680088949050884e+01 3.886062967258336442e+01 5.904602694615880409e+01 5.339449948857627959e+01 5.339449948857627959e+01 7.356466379503770270e+01 8.562102472576432888e+01 7.437531465053068302e+01 5.464934813723042595e+01 4.032211767809295822e+01 6.058862619913337966e+01 7.205758115797375751e+01 8.031253504235441198e+01 9.031364402732339158e+01 9.780071811615884769e+01 8.495118329548471081e+01 6.482957128377486811e+01 5.050974068259791494e+01 6.511689279848667411e+01
5.264502547137648453e-03 1.414740012627821386e+01 3.414740012656968560e+01 3.010964547907915190e+01 3.339762520012671843e+01 4.095691465974842060e+01 3.509905028496726231e+01 5.509905027988706649e+01 6.494437003902872618e+01 7.322864043353264663e+01 6.541777177794961062e+01 5.560231501433057133e+01 4.140568226920177608e+01 3.241766684086859840e+01 4.018776605058392448e+01 5.147988000183055846e+01 7.181853755239728798e+01 6.935544705692605305e+01 4.917730340180878557e+01 3.493151632680071117e+01 4.979416495809257270e+01 3.913257634675816377e+01 5.339449930884813256e+01 7.356463440561886102e+01 7.756487085899846079e+01 5.763792140844380896e+01 5.759649337407679326e+01 3.735216417043942272e+01 4.500621779177723170e+01 5.410556348430732498e+01 6.581339759111980925e+01 8.579827542998833678e+01 8.951316240189963480e+01 6.942227997458445543e+01 5.931779857540934842e+01 5.164699866891589153e+01 4.484304012515546134e+01
5.458922989205592172e-03 2.000545892298885065e+01 3.182646273830987838e+01 3.759996543020567827e+01 4.515925489039009477e+01 5.344352613784548822e+01 5.509905027988706649e+01 6.338332098177913565e+01 6.404372103516953985e+01 5.868951202979726389e+01 5.030453786792642745e+01 3.721427109397503585e+01 2.782395777567512596e+01 3.698172207820834245e+01 5.548467450612218244e+01 6.856581629660254862e+01 7.315692263827848763e+01 7.135065382412477675e+01 6.302536972667377313e+01 4.979416495809256560e+01 2.970711883124566910e+01 4.388654211890182921e+01 6.405504932691663100e+01 7.314003575320410278e+01 7.137158144090537348e+01 5.123631375055487069e+01 4.112743255379611895e+01 3.465658498119766762e+01 5.486645755930389612e+01 7.352117301577916919e+01 8.250041277261296102e+01 9.401275031385355874e+01 9.780071811615407285e+01 8.776742509146133386e+01 7.946770964627039291e+01 7.185176056428299773e+01 6.040331779545704904e+01
8.589772593009903194e-04 2.000085897725894668e+01 1.182646273831023542e+01 1.759996543020639237e+01 2.515925489039080531e+01 3.670626027418290960e+01 5.670626027418219905e+01 6.404372103516953985e+01 4.405197121346003541e+01 4.729315275230031546e+01 3.077428321931838440e+01 2.373672474150188449e+01 4.300308719357149556e+01 5.422306015919434685e+01 6.438897634069184051e+01 6.724185165146863596e+01 5.300479851713699730e+01 6.302536971719093373e+01 4.287848949424428469e+01 4.673083426113185368e+01 2.670326015751955140e+01 4.082853916998441690e+01 6.098097172156003154e+01 5.302499367508796979e+01 5.619974462712166741e+01 4.787919948082171828e+01 3.109362780978116447e+01 5.123631359352099679e+01 4.744342449710853771e+01 6.176900220726147950e+01 8.181285169565862248e+01 9.591233590351727401e+01 9.004391566474178887e+01 9.525392792417596866e+01 8.890235441955314855e+01 6.879444660142196710e+01 5.448810015564552600e+01
3.158951013565912836e-03 4.267173278125756752e+00 2.426717327812611202e+01 3.759996543020567827e+01 3.759996543020568538e+01 5.344352613784548822e+01 6.499053152163247660e+01 6.101448208482467095e+01 4.772052565898119525e+01 2.828510205311700076e+01 2.001304525838904524e+01 3.902874008921060067e+01 5.131602143596230547e+01 6.218733072685385821e+01 6.385821127928664254e+01 5.890721901690635320e+01 3.878570376323956026e+01 4.618125537708750983e+01 4.813997418775321080e+01 2.873476976569818220e+01 2.383799629883036175e+01 4.380974528518949285e+01 5.891592842291218091e+01 3.876459380006309630e+01 4.466655817867205513e+01 2.781626097933424901e+01 4.196968096613141341e+01 5.123631380918271816e+01 6.763970976778797706e+01 7.590610897731998818e+01 8.763793891544109727e+01 7.583911753964780189e+01 6.995529750566969085e+01 7.518070024060392598e+01 8.936369354592993375e+01 8.299466316919391318e+01 7.064475308822251520e+01
4.111938136589871236e-03 2.000411193813623356e+01 1.581417866191817190e+01 2.736118404571048401e+01 4.736118404570976992e+01 6.588423667764956804e+01 5.170417310806224265e+01 4.341213262357997849e+01 3.314861088860754990e+01 3.314861094185427959e+01 1.778494915268477072e+01 3.653185702385410849e+01 5.242733159731360360e+01 4.413798438548726466e+01 4.236572202407896981e+01 4.349237751898395032e+01 4.618125538182481904e+01 2.617769132368018958e+01 3.617947322257815301e+01 1.990121360871010481e+01 3.393321655826203198e+01 5.214580739330088477e+01 5.889699054512325205e+01 3.876418782921659556e+01 2.467797480361138085e+01 4.466655817863826883e+01 5.619974334912910052e+01 7.042979915767901389e+01 7.963401386368040846e+01 8.763793891567483740e+01 6.753992197599798430e+01 7.122797680117326991e+01 5.570187518076425448e+01 6.094064170587093088e+01 7.577430160207104848e+01 8.408358571162428063e+01 7.896322266748801155e+01
7.351428307265867393e-03 2.000735142830691160e+01 3.581417866191745958e+01 4.409844990937906317e+01 5.564545529317138062e+01 6.081887046857084300e+01 4.341213254152022216e+01 2.434447999350239655e+01 2.992926523799659577e+01 1.472887177453157292e+01 1.835851616992378155e+01 4.203048752936380339e+01 3.075225637130219880e+01 3.143725285708448425e+01 3.937200920100272583e+01 2.063579137247050355e+01 3.962265353666946766e+01 3.617947332117046244e+01 1.627630630496366138e+01 3.617947299984910359e+01 4.814278281739836984e+01 6.235033761065906788e+01 5.675394793883962308e+01 3.662877631428143133e+01 2.257027813674309513e+01 4.252353081993329909e+01 5.321225523364999788e+01 6.169296102574915608e+01 7.180247848487293538e+01 8.544405022755424284e+01 6.533948638423393618e+01 5.107741950775842810e+01 4.666946442540198348e+01 6.153607028431324721e+01 5.563840176829263129e+01 7.577430160207104848e+01 8.332701835316663619e+01
9.944443931579059412e-03 1.153604296291784159e+01 2.553813844801177879e+01 4.507785651339678168e+01 4.155358473805861763e+01 4.129865892834565244e+01 4.453085521083249887e+01 2.459931484867950147e+01 1.167158204167782465e+01 2.706864859280451086e+01 3.221179876445280854e+01 3.492282034818841652e+01 1.626337721318472163e+01 2.637897448652064014e+01 2.677955380783880202e+01 1.171130810986960036e+01 3.020448524468743656e+01 3.060243207414632849e+01 1.391398890646012454e+01 2.797119210055419813e+01 4.798760239545400452e+01 5.772447560533185396e+01 3.765410319048856991e+01 3.765410319045442833e+01 2.049858043775335048e+01 2.644078785092189321e+01 3.304179541180749879e+01 4.309011914601698834e+01 6.333852968900594504e+01 7.891305343060864175e+01 7.060004139981811022e+01 6.045705086630653113e+01 4.029386481369910200e+01 4.137327363499472455e+01 6.153607028431324721e+01 7.748271481875782740e+01 6.336242587596537845e+01
6.062025039522273874e-03 2.000606202503916720e+01 2.927720682444337541e+01 2.995633847880913692e+01 2.205527645872217946e+01 4.090155875314319900e+01 4.508735623729506869e+01 2.732029074951368131e+01 2.556686747026423134e+01 8.590471792488326486e+00 2.323486159282055397e+01 2.437480266507385807e+01 1.695919011018365907e+01 6.084609032742691603e+00 6.485849777600004806e+00 6.890169444310295432e+00 1.863765220756888397e+01 1.065466591582615763e+01 3.060243058508534020e+01 4.214457097739684599e+01 4.883521964150364880e+01 4.325540941330483946e+01 3.495500819910753165e+01 1.772910682961301632e+01 3.765408738771582620e+01 4.647676735627169364e+01 5.316964719288552033e+01 6.147304486981813909e+01 7.162555411712429532e+01 7.060003428092194611e+01 5.046140643284680039e+01 5.635988225518871531e+01 5.391524945025059878e+01 3.379865701066597694e+01 5.391524947436163018e+01 6.920991962891169180e+01 4.909042578975051185e+01
5.865714242623007793e-03 1.998458438659013581e+01 4.849756392072277933e+00 9.699628709695550910e+00 2.308365420729106887e+01 3.989141661533611938e+01 3.439081964154177484e+01 2.761276647121675865e+01 1.128488113683985006e+01 6.373672840493658676e+00 1.863104156391937849e+01 5.121284086532459590e+00 5.520030631384551079e+00 2.482546006273898342e+01 2.599876809916767328e+01 2.651317204363293456e+01 7.469721291635209148e+00 2.747387065333126799e+01 3.875290959482124009e+01 4.301900963858939519e+01 2.844140839229689988e+01 3.231435406631102580e+01 1.501943838937618025e+01 3.495500819910753165e+01 4.596016346230893390e+01 5.449066101858551292e+01 5.761490798090311927e+01 5.713458014694384701e+01 6.501473644040019906e+01 6.309652215307033174e+01 5.477217082929507797e+01 3.624615947533886384e+01 4.516451912972681271e+01 3.011900137493854857e+01 4.428040372833350347e+01 6.442193844458279273e+01 5.648523444861650944e+01
3.580119829443586393e-03 3.905641575508226881e-01 7.776206601279722630e-01 1.909515013836877273e+01 2.334572802473228137e+01 2.535376340103875492e+01 1.744578659889479511e+01 3.370438245875809535e+00 3.763041362826473613e+00 4.155641543063160803e+00 4.556611326683468022e+00 2.473298388409336823e+01 1.357796476842850808e+01 2.856430260231621432e+01 3.375590928864834694e+01 1.528627452639753415e+01 7.889175497740774645e+00 2.786489665172880592e+01 2.906554745259083106e+01 2.928573956563527503e+01 1.560581021853393580e+01 1.236309843707428158e+01 3.231435382451915217e+01 4.321599605384618314e+01 4.770411026392034159e+01 3.490563284102031361e+01 3.809241724542528118e+01 3.929340257830021699e+01 5.497699642837870471e+01 5.477219519219090671e+01 3.469815834248831266e+01 2.811811461111254573e+01 2.517115908431548377e+01 3.666600150622665666e+01 5.677368876470022485e+01 6.744130337744896053e+01 4.708405776797303588e+01
9.038799794707020815e-03 1.917491897211510476e+01 1.316321863578174423e+01 1.326442468464001934e+00 1.017960507217559041e+01 1.372303546070095059e+01 2.815353191026190416e+00 6.603235133992598982e+00 2.315701505047366027e+01 2.650380168357038002e+01 4.461710549949041926e+00 2.739719695295833191e+01 3.175575968467947163e+01 3.853924335980995863e+01 4.063028103247309275e+01 2.494143392505845114e+01 1.050940256710878096e+01 8.485938472610646599e+00 8.907345507650655136e+00 9.327562423142001791e+00 9.746375123137291041e+00 2.959408801312395099e+01 3.761891622646965772e+01 3.250648013905943401e+01 3.143126622817132088e+01 2.366977392299720862e+01 2.497342335198959162e+01 3.481953945402052142e+01 3.360014081677565656e+01 4.298767508925758563e+01 3.668898203636306476e+01 2.074936450501947149e+01 4.057773533042018244e+01 5.349245327923436122e+01 6.510087546691084981e+01 6.381886034439990141e+01 4.708407779163990625e+01
2.154417243255324355e-03 1.877465926192612145e+01 1.617781110578614445e+01 2.168082283261709264e+01 1.875888209390278671e+00 2.264848819313716177e+00 2.236428736511910387e+01 5.714336980009221634e+00 2.454103807560057859e+01 3.610283559562145683e+01 2.739719776971931964e+01 9.633992357332884282e+00 2.509681280813882864e+01 4.662477670740995706e+01 4.939403779154671525e+01 3.529481125149042953e+01 1.602056170640118182e+01 2.008026266884986910e+01 2.287942965731480527e+01 2.930606332955040472e+01 2.974579275715227666e+01 1.035279679186702495e+01 1.078795451472283240e+01 1.122943564007685602e+01 1.168664291731015936e+01 2.651352818397143452e+01 3.267540849515001611e+01 1.361503236897939217e+01 2.092674574354945705e+01 3.113946257757514502e+01 1.745694767906738676e+01 3.668886886200348130e+01 4.888777543621117871e+01 5.238005173532793179e+01 5.172070761698618213e+01 5.543906525998024648e+01 3.522882011017189541e+01
