MOVIE_S2_data/elevation_000022.asc
nrows	100
cellsize	150.0
xllcorner	0
ncols	100
yllcorner	0
NODATA_value	-9999
[rows 68 to 84 of 100, columns 37 to 73 of 100]
4.560018517467526777e+01 4.402808144998399342e+01 2.883915810881375563e+01 4.884001471960542773e+01 5.618940414254976901e+01 6.453735420785756105e+01 6.933237176236070809e+01 5.182042225027834803e+01 5.290728965056414523e+01 5.369122769668140904e+01 3.634537768706742611e+01 5.717606894542417706e+01 7.070640325035817852e+01 7.072791485410084533e+01 7.907980094588189957e+01 7.063044662691419262e+01 7.026020251583730669e+01 5.029155448129932182e+01 7.026020251583732090e+01 8.588858522264871453e+01 9.517817564109635953e+01 7.266042406683969546e+01 6.047065032533125617e+01 8.065766473446234386e+01 9.143111397021557707e+01 9.724031459344217865e+01 9.107369437574261894e+01 7.100749488048103331e+01 9.107369437574261894e+01 1.035648195449290512e+02 8.315787226740042115e+01 6.890933879188743560e+01 8.902869465583543729e+01 9.455269660547695310e+01 7.797129375807695340e+01 9.744034791671772666e+01 9.357000266183445092e+01
5.704731217952291189e+01 3.682988425203310356e+01 4.878680916415984825e+01 3.229606307352177197e+01 3.575617932636860985e+01 5.618940418285325222e+01 7.003802888231456336e+01 7.065885217263620177e+01 7.009989889886112735e+01 4.966552948049788796e+01 5.717606894542421259e+01 4.218420094943373044e+01 5.724558884719910878e+01 7.733956029016337652e+01 8.731189442405235468e+01 9.059622597441459391e+01 7.485087450236255791e+01 5.484059953759232542e+01 6.896614119706593726e+01 8.905787745895835883e+01 1.036557498045567201e+02 8.550415587897930436e+01 6.532617390206381458e+01 7.120393504013792096e+01 8.549924563441265946e+01 1.060338089358845082e+02 9.712371615087546672e+01 7.705805183922416290e+01 9.712371615087546672e+01 1.074669663629444187e+02 8.771709028469820169e+01 7.353432093463548824e+01 9.366436108417526896e+01 1.064443282185129362e+02 9.219589076185401666e+01 1.064443282584596346e+02 9.673754363301965498e+01
4.641430486992552318e+01 5.704150716144120281e+01 5.648259142033604263e+01 3.616055910527036588e+01 5.618920852271451594e+01 4.144678337348650388e+01 6.170200412089585740e+01 7.596051507628850175e+01 7.841154060209960619e+01 6.422959877748364477e+01 5.944417291154501015e+01 6.313097682187450488e+01 4.988068180295297083e+01 5.900225755733881527e+01 7.309903848312079333e+01 9.319528886726563144e+01 8.003041162177791534e+01 5.997015101455315289e+01 7.414037564866463015e+01 9.425021634961790085e+01 9.681904212104490171e+01 7.787913770182700546e+01 7.154243827575140813e+01 9.151367997670936916e+01 8.773961991809336780e+01 1.083063214961688630e+02 1.042313220495659465e+02 8.412796039717723318e+01 1.042313220495659465e+02 1.080126090573032229e+02 8.776060904776954885e+01 8.358158373059592350e+01 8.427571451393529856e+01 9.851668007445532282e+01 1.123612722901995227e+02 1.110280998538008390e+02 9.082095637184563941e+01
6.064132573286197925e+01 7.464190859639809617e+01 6.070510134402212543e+01 4.043343396449339622e+01 6.072681733066641385e+01 6.170200412089585740e+01 4.754704667299202470e+01 6.762138830289258351e+01 8.247104719606873857e+01 8.427205715230331862e+01 7.365603614018074552e+01 7.606383653725092131e+01 5.611341573775740699e+01 7.606363630474054105e+01 8.731189442405235468e+01 9.274741038559741924e+01 7.264007115920273350e+01 7.414037564866477226e+01 7.414037564866477226e+01 9.425021635093330019e+01 1.052814151161067429e+02 8.808890062438719326e+01 8.617348932080039958e+01 8.352243933057954450e+01 1.040444603171335984e+02 1.169114809383599720e+02 1.125775342912111654e+02 9.569909542696454707e+01 1.125775342912111654e+02 1.164674563254843065e+02 1.080377831800097539e+02 9.519435718377697242e+01 9.589187803466239757e+01 1.128190668078449903e+02 1.271214192796082472e+02 1.194317176173325521e+02 1.110280998538008390e+02
8.079866116640050677e+01 6.860222807540858980e+01 4.852379154243450188e+01 6.072681733066641385e+01 5.138021560338152227e+01 7.145985721137446944e+01 6.762138830289258351e+01 5.408061561962275476e+01 7.412406416685385580e+01 9.145875879543177689e+01 9.373205488789511719e+01 8.438984680416041328e+01 6.758197000961058620e+01 7.018255374491171494e+01 9.026296766472134436e+01 1.010781831528724695e+02 8.685115928532756868e+01 9.425021635093330019e+01 9.425021635093330019e+01 1.025800517181280327e+02 1.169539297519234395e+02 1.083786812340929657e+02 1.067358522182048688e+02 9.529260350717416372e+01 1.126514456680011023e+02 1.091372767025186903e+02 1.177054102428150912e+02 1.158865078128201418e+02 1.242209493993451446e+02 1.180087720864848251e+02 1.237984094281403316e+02 1.154304549039400030e+02 1.161302947282997877e+02 1.244970996172945803e+02 1.183160924666931066e+02 1.100666730462085781e+02 1.183160924666931066e+02
7.806554647743608655e+01 5.799081660260369375e+01 6.860222807540858980e+01 7.696506034395466145e+01 6.141147638307906220e+01 7.983070705383263999e+01 8.247104719606873857e+01 6.301755456977237202e+01 6.301755448842349949e+01 8.310822788657876004e+01 1.030710018424767895e+02 9.598519783483138212e+01 8.765079871615931495e+01 9.026306229234295131e+01 9.860483209726983489e+01 1.153056417624791266e+02 1.013294742016842633e+02 9.301003461688827656e+01 9.190809600853741301e+01 1.002250006459690752e+02 1.030370941467158019e+02 1.113705956607249590e+02 1.246272752640739299e+02 1.159997190498218913e+02 1.057108779502146803e+02 8.832695780678560027e+01 1.057108779502146803e+02 1.150407340115226162e+02 1.123992272515366011e+02 9.867842647570329007e+01 1.124848379993946565e+02 1.182338007831192783e+02 1.099607249505098565e+02 1.182338007831192783e+02 1.084181292298714396e+02 9.032042476792621244e+01 1.084181292298714396e+02
7.215841650086012748e+01 7.215841650080091085e+01 8.645218412471632519e+01 8.990444484095813493e+01 8.150827614185745063e+01 8.990444484095813493e+01 9.146780694836967029e+01 7.459153348910552950e+01 8.310822788657876004e+01 7.459151407152008062e+01 8.882164819189817706e+01 1.090192653467595960e+02 1.010674948387058123e+02 9.274366202686235283e+01 1.010944481910201915e+02 1.071703793920743664e+02 8.714463486125254121e+01 7.333381797648542033e+01 7.226249187015906728e+01 8.678786515438633842e+01 8.313593427429277938e+01 1.000652455538260313e+02 1.083976802603228577e+02 1.088426144809460681e+02 9.712239539326245108e+01 7.653187060039074652e+01 8.554243445316137695e+01 1.063191879546371439e+02 1.043401536224215533e+02 8.542930444839113591e+01 1.043401536224215533e+02 1.081961663466200463e+02 8.984308327463844535e+01 1.081961663466200463e+02 1.001935489070674095e+02 8.083560039753217552e+01 1.001935489070674095e+02
9.232661978158634497e+01 9.232661951437036407e+01 8.907360014123379699e+01 8.114518499478796798e+01 8.907352082240591074e+01 9.784022430230412226e+01 1.031107133872038872e+02 9.474506741811998722e+01 1.030761768706346544e+02 9.473933393802425940e+01 9.432954975349821325e+01 1.023885922129265964e+02 9.117823557238851606e+01 7.307177933017617022e+01 9.118126623016551946e+01 9.833840070797010924e+01 9.005066232529307513e+01 8.056570117085186666e+01 6.142658106505398052e+01 6.738019952046832373e+01 8.601848309433428597e+01 8.020012357617963517e+01 1.000652455538260313e+02 1.002744360576717071e+02 7.963292296478707044e+01 6.883394280847163316e+01 8.934145473564403517e+01 1.038751589434652374e+02 9.718468223383283089e+01 7.834599964541332895e+01 9.719328289723999603e+01 9.990190411257417225e+01 7.977136076676183052e+01 9.990190411257417225e+01 9.374089940388894604e+01 7.487127675227711165e+01 9.374089940388894604e+01
8.311018578607944107e+01 8.556056095500026970e+01 7.973324409960299874e+01 6.265520503475539726e+01 7.115204473754468495e+01 8.449598891679248425e+01 9.316450456559589099e+01 8.478458763448419688e+01 9.316450119394399110e+01 9.120311663000509839e+01 7.508126814145590799e+01 9.120316561313831016e+01 8.290716221254174911e+01 6.366856559975332175e+01 8.290716221254174911e+01 8.698700670972580440e+01 7.053327754298011598e+01 7.451337966035505644e+01 5.562586497969375188e+01 7.430157170317120574e+01 6.662394146952922824e+01 8.601848309433428597e+01 9.826724518587407431e+01 9.920154952061446352e+01 8.342071119215663089e+01 6.278199797335043542e+01 7.471759214749035038e+01 9.529027569053987179e+01 9.123293870828642582e+01 7.230717088709295126e+01 9.123293870828642582e+01 9.319172299730340114e+01 7.308050662163265088e+01 9.319172299730340114e+01 8.829370854518157330e+01 6.985255196228111174e+01 8.829370854518157330e+01
6.448395191267643156e+01 6.688772985674773963e+01 7.190010880346723354e+01 5.319059576536027123e+01 5.797973760165135104e+01 7.661304838755675917e+01 8.279299324228077239e+01 6.382944821867116758e+01 8.279299324227952184e+01 8.320989895130065861e+01 6.399241928939148494e+01 8.320989895130102809e+01 7.649406896857367144e+01 5.754822310705849020e+01 7.649406896857367144e+01 7.878229496734718396e+01 5.967763204377870068e+01 6.775221268564779109e+01 5.122884416738348534e+01 7.005964896423024868e+01 5.962226487316296897e+01 7.042931461162972084e+01 8.996965777568343015e+01 9.064609165519965472e+01 7.008908635817731181e+01 5.790478537702748696e+01 7.275118021462229478e+01 9.332926606003903203e+01 8.598356741895563005e+01 6.688072304369549670e+01 8.598444312801818512e+01 8.738611490319132713e+01 6.728825942558762563e+01 8.738611490319132713e+01 8.353222238982314707e+01 6.528710513790369419e+01 8.353222238982314707e+01
5.360246524767432419e+01 5.360246553606580733e+01 6.482830705335351240e+01 4.582253527691511152e+01 6.482830705335351240e+01 7.861985240002388764e+01 7.430701791578984228e+01 5.248573372081683885e+01 7.430701791578982807e+01 7.641337710866865507e+01 5.717343326935279180e+01 7.641337710866865507e+01 7.102479320197174673e+01 5.219778559567728138e+01 7.042834167682816826e+01 7.854721251460350118e+01 6.775221268564779109e+01 4.884460684991184110e+01 4.692695379753791940e+01 5.172072101194561355e+01 6.491043302565040563e+01 8.419367393144783307e+01 9.604539278477251685e+01 8.929042863313988221e+01 6.863350024111424830e+01 5.353789231011961647e+01 7.468377448865352619e+01 9.138732473935344558e+01 8.120895940690027714e+01 6.189617287104877619e+01 8.120895940690027714e+01 8.219687093257516608e+01 6.207888234385049486e+01 8.219687093257516608e+01 7.923180701236452705e+01 6.090819767676683227e+01 7.923180701236452705e+01
6.152901184254734090e+01 4.251790609139333554e+01 5.369385814300264315e+01 4.072758159818337020e+01 5.197410168585543033e+01 7.077675427614498460e+01 6.703325651462033363e+01 4.473741891217762401e+01 6.703325651462033363e+01 7.061182398946991157e+01 5.131833585956238863e+01 7.061182398946991157e+01 6.599300901535525554e+01 4.707097552843288923e+01 5.134937841755242260e+01 6.557784619520714386e+01 5.756718119072278483e+01 4.225723792799715284e+01 6.144967740706916004e+01 7.055836352579655113e+01 7.867717002381294833e+01 8.999255444389774539e+01 7.553329297990411817e+01 8.999255442553288731e+01 7.082288338394565130e+01 4.950196653532281488e+01 6.202513929113243307e+01 8.284082531099373625e+01 7.677865747748157332e+01 5.734954571830604664e+01 7.624618168383413774e+01 7.737273916209187519e+01 5.726278178310244016e+01 7.745501554760157603e+01 7.523319557650870593e+01 5.664439317012967479e+01 6.979706349781166352e+01
6.900047593322291561e+01 5.369269104433325879e+01 3.430846670199358073e+01 4.813932939442176462e+01 6.710367678041782824e+01 6.104933678225683025e+01 5.217717027665653973e+01 3.832021886080507755e+01 6.059700259202837458e+01 6.545509767623431685e+01 4.610478219713947112e+01 6.545509767560662340e+01 6.859474792414695798e+01 4.972559018581321055e+01 3.992507845703006097e+01 5.375224484176183637e+01 3.795150297025439556e+01 5.756718119072278483e+01 6.803601761287950467e+01 6.865125023843405927e+01 7.651256714338038023e+01 8.154114790846838901e+01 6.119646514130138826e+01 8.154114790841093452e+01 6.721883381367395316e+01 4.588548250848075583e+01 6.721883381367395316e+01 8.163052847516499355e+01 7.347225703443220368e+01 5.328133946300884816e+01 6.575482630806509121e+01 7.263235647063673639e+01 5.267994601368531704e+01 7.304086480924473790e+01 7.331319975633063279e+01 6.157171334639440374e+01 5.070481654254826509e+01
5.321014603346642957e+01 4.598994408126983302e+01 3.093355782933616993e+01 5.045197437740240076e+01 6.373791332729444292e+01 5.203162919436567790e+01 3.073953110426749902e+01 5.006712123352355093e+01 5.985097931326205156e+01 5.462754763062329033e+01 4.137033640766368592e+01 5.910600249949450813e+01 7.418842775867065598e+01 6.618635958605108272e+01 5.375224476629535530e+01 3.379480786875234344e+01 5.060953965975654256e+01 5.805085287989612652e+01 6.039967755109977077e+01 4.833170318331840321e+01 6.357616794566342122e+01 6.436564662369116263e+01 5.372887587934477693e+01 7.385158059557677745e+01 6.375796887395839718e+01 4.257810403012722134e+01 6.191753447549510980e+01 6.424995142508022639e+01 6.970801784757523478e+01 6.191080268362523498e+01 4.801064269403146767e+01 6.704074745567582738e+01 4.820900543867025334e+01 6.318441530753938196e+01 6.425769263065524228e+01 4.556099076976884277e+01 4.663935145336692756e+01
4.158490729454926083e+01 2.620218667168281002e+01 4.588608404107941396e+01 5.197164836887901629e+01 4.123362440173068677e+01 3.821089426340529371e+01 2.676951211816151144e+01 3.980380849070490257e+01 4.884448506608870133e+01 3.501843779354140906e+01 5.461545145177374394e+01 6.806218337566491527e+01 6.312525977604919092e+01 5.591299922834657821e+01 4.957321555042412342e+01 4.545166272786785555e+01 3.099985785584285125e+01 4.951698847407615744e+01 4.725970662426733782e+01 3.768062001001323580e+01 5.106295203784925718e+01 4.470862633588183854e+01 6.157193314048739552e+01 5.969871049282377129e+01 5.602606851178838809e+01 3.955653477837230980e+01 4.906697764312225729e+01 5.798083071334378502e+01 5.797556524454436300e+01 4.315610935265063119e+01 6.190296514222382029e+01 5.982105322706795647e+01 4.413971141641418683e+01 4.301586060176290971e+01 4.405439226718738865e+01 6.425777261422801701e+01 6.873869923978971030e+01
2.153853908074747991e+01 3.920958630219952568e+01 4.049149393032942612e+01 4.104669970002591128e+01 2.150000992598924299e+01 2.206580348824375193e+01 2.262791178948612725e+01 4.255811367566794701e+01 2.914533584632579633e+01 4.871162818584771514e+01 5.540000642328185165e+01 4.584669716433575104e+01 4.258182592863950333e+01 2.759200258290894681e+01 2.816551357262630262e+01 2.873217478132757208e+01 2.929509482373198992e+01 3.725674153559350543e+01 3.096083144176411039e+01 3.155578531710085599e+01 4.099497061251580732e+01 5.399666156573785258e+01 3.778661552288480863e+01 3.500358387794361192e+01 3.561558512919037156e+01 4.858149008759143328e+01 4.815463897004125471e+01 3.793261654152205153e+01 3.852825711848099388e+01 4.750504034128221065e+01 5.814063070732685645e+01 4.091367813020563915e+01 4.156274039200981463e+01 6.171652188573514053e+01 5.822611536320484760e+01 5.480211306237190882e+01 7.489945916411599569e+01
1.898416994911303846e+01 1.954204652923249341e+01 2.011505841271932127e+01 2.069146338145134933e+01 3.688673181404221424e+01 4.127781598693729137e+01 4.278793588488068167e+01 2.342599759495642786e+01 4.253616090709964226e+01 4.351332536815177576e+01 4.501103404627948379e+01 2.620548242189162380e+01 2.677414574734564212e+01 2.877008626876779473e+01 4.174944854228298396e+01 4.836154725822355971e+01 5.087518255048290428e+01 3.012367705592126299e+01 5.082186411983827412e+01 5.118463042128627905e+01 3.239836167931653677e+01 5.200416214434428497e+01 3.411769430076949305e+01 4.452398180781523251e+01 5.311905671263043871e+01 3.648249385839013570e+01 3.708641543214529435e+01 5.488700510929454168e+01 5.826379471781508812e+01 3.939342259642963029e+01 4.001309553435827837e+01 6.004508828763887607e+01 5.690797147471710105e+01 4.283423424727306639e+01 6.505826385656365574e+01 7.487094736838567144e+01 6.901475778775910896e+01
