MOVIE_S2_data/elevation_000132.asc
nrows	100
cellsize	150.0
xllcorner	0
ncols	100
yllcorner	0
NODATA_value	-9999
[rows 51 to 67 of 100, columns 37 to 73 of 100]
7.464354444479330652e+01 6.939145698504989923e+01 4.957977924644886514e+01 4.099153461457775194e+01 2.703644068817213864e+01 4.403760837031371977e+01 3.755865058028610548e+01 2.350099733022180715e+01 4.350992577177728293e+01 4.464187369837140551e+01 4.493867205065446768e+01 2.534415822359620307e+01 4.664860300997425213e+01 6.280696139915441734e+01 4.347072649041882642e+01 3.776812978374201180e+01 2.852384229837204543e+01 2.901005199536869483e+01 2.949504978315088266e+01 4.078871327772917255e+01 3.530509687783766282e+01 5.684922970620051075e+01 6.709660866424128756e+01 5.886447050431419115e+01 4.731061066603010801e+01 4.122743008816784283e+01 5.235229036919999857e+01 7.166617366640839748e+01 8.590142997755602039e+01 9.123489172965588523e+01 7.726053409728227450e+01 9.123489172965588523e+01 7.906174108894093422e+01 5.690959772810857942e+01 7.865618839936662710e+01 7.006151978374683154e+01 6.904383045817534992e+01
7.156344761934204257e+01 6.867429490420408911e+01 4.957976241212697488e+01 2.987111659007539899e+01 4.677849757391317098e+01 5.485830526245115379e+01 4.857104229997196398e+01 3.347531786693422617e+01 2.412858215456865452e+01 2.457853987572399745e+01 2.503358398660747497e+01 2.549850451965044229e+01 4.543135267238070440e+01 4.653495654720494201e+01 4.680158794712941273e+01 2.783472115114048506e+01 4.737118955255547093e+01 4.865756679055889578e+01 4.877636569990592363e+01 3.175206900227617979e+01 4.905723296067894523e+01 5.163390222322453837e+01 6.804966770908411888e+01 7.416551235842442225e+01 6.584158395944851350e+01 5.240971410301545319e+01 4.633421117507602105e+01 5.764415007380907952e+01 7.759419271086480308e+01 9.180735691150222522e+01 9.577126662982394123e+01 9.619225341321421752e+01 7.265751080156752550e+01 7.431543825115662116e+01 8.783483922634135865e+01 9.022022820400437126e+01 7.824370323488564338e+01
7.188186543032945508e+01 5.203967231286708284e+01 4.069528864446166239e+01 3.188907338387206281e+01 5.160229633771560032e+01 6.293343046233545834e+01 5.896608618609040775e+01 4.899916146615012735e+01 3.013650335644819123e+01 4.421198284856775018e+01 4.497088380055757995e+01 2.791650394023279347e+01 2.616844069056023869e+01 2.665489003079508379e+01 2.714255790664513412e+01 3.091949173205861001e+01 5.045392620889840885e+01 6.348342521148443751e+01 5.999475883210473626e+01 5.109382650023910344e+01 3.398465510293790715e+01 5.315868387136935524e+01 6.358329012471401853e+01 7.505392820761964856e+01 8.058934350233541011e+01 7.227952718441575541e+01 6.607618223790123579e+01 5.204867683252798827e+01 6.348565874010177623e+01 8.349492993437013411e+01 9.868534329445725461e+01 1.063095570934459033e+02 9.661235331964979878e+01 9.903827817734118355e+01 9.511634282609996660e+01 8.128728349320863344e+01 7.019432504788221650e+01
8.015048699136531241e+01 6.301621680142878290e+01 4.325237088782397166e+01 5.160223844726485254e+01 3.498739802112618236e+01 5.469975254394806541e+01 6.613775693050712334e+01 5.610421407060232468e+01 3.651195630188833263e+01 5.594095931276503819e+01 4.972360788145168442e+01 2.986707132312517032e+01 4.608877773742754869e+01 4.653941330810413746e+01 3.713508501937341322e+01 5.025797839882261542e+01 3.631839982501136888e+01 5.581678834523198418e+01 6.695425300360966503e+01 4.743677131946240877e+01 5.314892168444840337e+01 3.622925574079819455e+01 4.709490028477199530e+01 6.668757155483889676e+01 7.904659792340814306e+01 8.737214083382669116e+01 8.024507218577461742e+01 7.194257182409218387e+01 5.881152540746722934e+01 7.032667989203933701e+01 9.036959210916555207e+01 1.066348072205883142e+02 9.691746702844905315e+01 8.648577475304851703e+01 8.435633951409022302e+01 6.745822373993776466e+01 5.351283480402060633e+01
8.018412017261145763e+01 7.131073491501867068e+01 5.461194891950442099e+01 6.293297994073591894e+01 5.468723859415486288e+01 3.820491085537326370e+01 5.789373091632739943e+01 6.354088389412222426e+01 4.391361179328347220e+01 6.354087155998256975e+01 5.794566129369263763e+01 4.973222951419781879e+01 3.388023477805884198e+01 5.348381652446892076e+01 4.865947914807050978e+01 5.951911430564393868e+01 4.029012386244384203e+01 5.982518695061493474e+01 7.522641264725908172e+01 6.696350522182724774e+01 4.864066457867310334e+01 3.781739382369739388e+01 5.691900864717796082e+01 6.495226366846614496e+01 5.911420038537610822e+01 7.904659792340814306e+01 9.297500389976364943e+01 7.292542591281494424e+01 7.879781134526362507e+01 6.877866663001810821e+01 8.881695606050925562e+01 9.842725669200363825e+01 7.915001864075530591e+01 6.968042003552537267e+01 7.623894955849782207e+01 5.664908856994086506e+01 7.316793839107299391e+01
8.088384269655006165e+01 8.293381676981616124e+01 7.450676734482469499e+01 7.352332821702934496e+01 6.019645092344384096e+01 4.052218910905358484e+01 6.019642968440608399e+01 7.170853878663443481e+01 5.778248022617988511e+01 7.170931605535476194e+01 7.029872426434927490e+01 5.049601839379899104e+01 3.670608525124352894e+01 5.629598009546329251e+01 6.759449660267614490e+01 6.410475022473551121e+01 4.449574690865661353e+01 5.825669824432400645e+01 7.829523738904775598e+01 6.823156930338802795e+01 6.514481615198411646e+01 5.692697669807970584e+01 4.006867754253671876e+01 4.560116441266470133e+01 5.400054728562292183e+01 6.791335788464148493e+01 8.804884730052796726e+01 8.709318216643413280e+01 9.713259492640689530e+01 7.878220294617875652e+01 9.713259492640689530e+01 1.066348072205883142e+02 9.691746702844905315e+01 7.945577066272760192e+01 5.996986434515461184e+01 7.623705326923277426e+01 7.054032085657148343e+01
7.262191404131831973e+01 9.094942782619848742e+01 7.098706519885830346e+01 6.537335366967101891e+01 4.564231884984593535e+01 4.357933187514959172e+01 6.327191626981906580e+01 7.608940740175293627e+01 7.748044227998173028e+01 8.058445999202943710e+01 6.062209784502446297e+01 4.924953367872396370e+01 3.955909734805943145e+01 5.915435927615850886e+01 7.205836338580721190e+01 6.889147092826313212e+01 4.915531586728774016e+01 6.889147092826313212e+01 8.578795220356050777e+01 8.823409207732507298e+01 7.774830779416342352e+01 6.091409100954839317e+01 4.170709297771298907e+01 6.091409100954839317e+01 7.242346409685059427e+01 7.381090619204468339e+01 9.394703611532106891e+01 1.071749776998287160e+02 1.071687575559539880e+02 9.885170917483976893e+01 1.071687575559539880e+02 1.084430750451344068e+02 9.071120364571544314e+01 8.056974762242482768e+01 6.249261881186452428e+01 8.190099579088715132e+01 8.999857427724589343e+01
8.088424316872662700e+01 8.510659605524159588e+01 6.513863735524570586e+01 5.113952544147002044e+01 6.537335368943685410e+01 6.327191626981907291e+01 4.802336899646313384e+01 6.196216074019451980e+01 8.193352674209472752e+01 8.884581642489153808e+01 7.319510720249139979e+01 5.333849007660141694e+01 5.915435927615850886e+01 4.409546825420815708e+01 6.379838018555192036e+01 7.723383465236341294e+01 6.300399699297637568e+01 5.741715387326485143e+01 7.742124333470455610e+01 8.347913431441482146e+01 6.380149000398093051e+01 5.034627669774758374e+01 5.388298776617400421e+01 4.410624855230416586e+01 6.721409490874643211e+01 8.252972318201982205e+01 9.421003672470999390e+01 1.032834526339408541e+02 9.486668914268882702e+01 1.032834526339408683e+02 1.150192244263264882e+02 1.070752636567618765e+02 8.645245026878616557e+01 7.348006341214042436e+01 6.505960879042110889e+01 8.444771244046640390e+01 9.679240782836701840e+01
9.085829387370648647e+01 9.100466826873631021e+01 7.544369601911883194e+01 5.551317390398192231e+01 7.544369601911883194e+01 7.121988353305592057e+01 5.134670397338404513e+01 6.276735519342459213e+01 7.690230943055604484e+01 9.692306158180056741e+01 8.145716673197911462e+01 7.319510442933095362e+01 6.724483916964902619e+01 4.744643976973706856e+01 6.139353962161385425e+01 8.137112589602308788e+01 8.310509035095073216e+01 6.436807959574392157e+01 8.456025563784602639e+01 8.347913431441482146e+01 6.380149000398093051e+01 6.956080920313925731e+01 6.412913575735787219e+01 4.581115461974425784e+01 5.420439424401961048e+01 6.559997801638787962e+01 8.584651450628714997e+01 8.617963448442050378e+01 7.449374010489403020e+01 8.627257179723378044e+01 1.066064717596848936e+02 1.069610090527379214e+02 8.766708568909572818e+01 7.417295193375692008e+01 8.444770981649253372e+01 6.927309724082385856e+01 8.862022196694009324e+01
9.687056190561520452e+01 7.689180779444566838e+01 6.275225882915140829e+01 7.544369601911883194e+01 8.371010522417812183e+01 7.529355934569372266e+01 5.533670510872509141e+01 6.386865561377079814e+01 7.540722854363728800e+01 9.542935938479212155e+01 9.512528475224083024e+01 7.616894978423735552e+01 5.621402886103139451e+01 5.190446456936460606e+01 7.181192347953833632e+01 8.824535046776706793e+01 9.292790973988785197e+01 7.440427189891573789e+01 9.292790973988785197e+01 9.169512558434571758e+01 8.347913431441482146e+01 6.879271200051343271e+01 4.910311388688075596e+01 6.523359821644396561e+01 4.974901464459218658e+01 6.949559118555862369e+01 7.874571451708261804e+01 6.582101914493524930e+01 8.617963448442050378e+01 8.891260940638980514e+01 1.092411091935128411e+02 1.070546684418816170e+02 8.770491790066859039e+01 8.770491790066854776e+01 9.168100479666489377e+01 7.232289968749404352e+01 8.592922808178332161e+01
9.687055002184240493e+01 7.689180778319001774e+01 7.030363214739610100e+01 9.030219045820098245e+01 9.112343719457918212e+01 7.109426473060112528e+01 5.955013597917660206e+01 7.955958908085025882e+01 9.215322042737911090e+01 1.037062458941062602e+02 8.686973739154929319e+01 6.685039773608836811e+01 7.616894978423735552e+01 6.075347588424162382e+01 5.997551271345071910e+01 7.411309830693360823e+01 9.413657547093561107e+01 8.877425389086374707e+01 1.030588236769381751e+02 9.632690788396473636e+01 8.463215592600728598e+01 7.137705242428521046e+01 5.150425878020977422e+01 7.137705242428521046e+01 6.948267109270594233e+01 5.394858109492557219e+01 5.851461591583572641e+01 7.874571924374927789e+01 9.460302769930065381e+01 1.092411091935128411e+02 1.176542958614915761e+02 1.152203669575537930e+02 1.070546684418816170e+02 1.070546684409337956e+02 9.491598420359015620e+01 7.550611232075834778e+01 8.660349224393759471e+01
1.051180843779943217e+02 9.687055002184240493e+01 8.031622967991619078e+01 9.855560285961260547e+01 9.940378623594207852e+01 8.623684270184627110e+01 6.620508183887521625e+01 6.954446155054860412e+01 8.111234996992433821e+01 1.011345244192317807e+02 9.512536256896282794e+01 7.840883080959717688e+01 8.075839550401082079e+01 7.489403308903675338e+01 6.996209572989016579e+01 7.411309830693360823e+01 9.413657547093561107e+01 1.090614613242904909e+02 1.020028076315845169e+02 8.809997853119193678e+01 6.783313243918094315e+01 5.627934389777028912e+01 5.538011232758595526e+01 7.546633776836411300e+01 8.231636726279211302e+01 7.397769621746716950e+01 6.028686700748260563e+01 8.056917035631445856e+01 9.522913782168643593e+01 1.037481022148971022e+02 1.139887925288028896e+02 1.252729221335760599e+02 1.053159464214585341e+02 9.138432814061800968e+01 8.454036031527097350e+01 7.956392047880780183e+01 9.907596636384313626e+01
1.020118882849700697e+02 1.085310472909724098e+02 1.002881512364856462e+02 1.085310472909724098e+02 9.779864940964485243e+01 7.777301276444705991e+01 8.623684270184627110e+01 8.111234996992433821e+01 9.785617463172468433e+01 1.094077049099579000e+02 1.066580635367310634e+02 9.842755072154277229e+01 1.007561072919091174e+02 9.491621878091250153e+01 8.153341347888270718e+01 9.413657547093561107e+01 1.023776026286004850e+02 1.076092770398028335e+02 9.374885262596754387e+01 7.345628885224175519e+01 6.175112518898905023e+01 7.640809643202477730e+01 7.546633776694552864e+01 6.145891550672095605e+01 8.166248358106761884e+01 8.864303538199942523e+01 8.051756191064008306e+01 6.762373574958679967e+01 7.481862900038004227e+01 8.502374626882620134e+01 1.054345293745468837e+02 1.252729221335760599e+02 1.053159464214585341e+02 1.111612092755626122e+02 1.034644414499375245e+02 8.383858422979419345e+01 9.764468975459709554e+01
8.134812335298674668e+01 9.583949675439114912e+01 1.003329050945766880e+02 9.199803312947601341e+01 1.003329050945310428e+02 8.934020754327003999e+01 1.060745140635410451e+02 1.011345244192326192e+02 1.094077049131223731e+02 1.146381008985059111e+02 1.162056562623263289e+02 1.074406510548181899e+02 9.922063998921552752e+01 1.074406510548181899e+02 1.015503876898388427e+02 1.097739420181775500e+02 1.110083683294139121e+02 9.088159559896908490e+01 7.912912383896188828e+01 7.000925276737653746e+01 6.813285047331113731e+01 8.846138138535482653e+01 8.992022915659757132e+01 8.166049878000761453e+01 6.837896170555994502e+01 8.852066916282085174e+01 9.617741741069633576e+01 7.938532574223823701e+01 8.801293322417961917e+01 1.037481022148971022e+02 1.139887925288028896e+02 1.335521158510731823e+02 1.252729221335760599e+02 1.090651676493753115e+02 9.507799591890469060e+01 9.355318286943673911e+01 9.507799591890469060e+01
6.643777156212452439e+01 8.654185487979978575e+01 9.011832304395746007e+01 7.144170415493243809e+01 9.011832304395746007e+01 1.093530958755465861e+02 1.176194778023939733e+02 1.094890546612107869e+02 1.012700444127245589e+02 9.476173218225322614e+01 9.633258899756292237e+01 9.747745028875806383e+01 7.926046375880157768e+01 9.747745028875806383e+01 1.034494280522477254e+02 1.116660611756025077e+02 1.191496701499428212e+02 1.031133416827394313e+02 8.289801975606130213e+01 9.032804949837023401e+01 7.534120217207306780e+01 9.563704566852629796e+01 9.864760747940889019e+01 7.855238738212386806e+01 8.861422802366801932e+01 8.010348258716683745e+01 1.000419451572023775e+02 9.979242850315461055e+01 1.083074784471418610e+02 1.170433106481912091e+02 1.192736869875306382e+02 1.278951524902489467e+02 1.373346129721291220e+02 1.231998903107521670e+02 1.090651676493753115e+02 1.049345424147537216e+02 1.064754309517483790e+02
5.729641719742780737e+01 7.802562751229565663e+01 8.171986864220419022e+01 6.107343078707357620e+01 8.171986864220419022e+01 9.772790978944301798e+01 1.120654159358302167e+02 9.799193139146076703e+01 8.132696914044440462e+01 8.063665877227954581e+01 8.221452443591282133e+01 8.924055187400793443e+01 6.924301523085648569e+01 8.717058292739187664e+01 8.351199597340256275e+01 1.005485910659970727e+02 1.087651888339786268e+02 1.113087077421857458e+02 9.724806886784286064e+01 1.038823663969731257e+02 8.553934591871465898e+01 1.038823663969731257e+02 1.066984550764063897e+02 8.868798920860081125e+01 1.066984550764063897e+02 9.169434186912984330e+01 1.080910131721446987e+02 1.141462244133216615e+02 1.055566745099716286e+02 1.046745826949191382e+02 9.862743569842032798e+01 1.192736869875306382e+02 1.197369636905208523e+02 1.283339526436553797e+02 1.290566562441727001e+02 1.190373791118792610e+02 1.264567713511427769e+02
5.078758372989018710e+01 7.111589128048061070e+01 7.483772269049393344e+01 5.424123209000558177e+01 6.881682189042062703e+01 8.483712227701811059e+01 9.507935555547730644e+01 8.391844684704253154e+01 6.977459573294311213e+01 6.908375387034894288e+01 7.067556078731004732e+01 7.652348772903229701e+01 6.220566432576934091e+01 6.716967117905868179e+01 7.349971239033560266e+01 8.059243045788362281e+01 9.214661332742738864e+01 1.120259060989144047e+02 1.172733628594811535e+02 1.139144974182215435e+02 1.057347454183378943e+02 1.139144974182215435e+02 1.165487059417809803e+02 1.086072257502169833e+02 1.165487059417809803e+02 1.055359741009705772e+02 1.143890789406164856e+02 1.023794713411849386e+02 8.532368345726031578e+01 8.447069727841633835e+01 1.046745826949191382e+02 1.164085759654123819e+02 9.912286480324839033e+01 1.164085759654125667e+02 1.286563321772005111e+02 1.390759333765003021e+02 1.235725386302049742e+02
