MOVIE_S2_data/elevation_000375.asc
nrows	100
cellsize	150.0
xllcorner	0
ncols	100
yllcorner	0
NODATA_value	-9999
[rows 51 to 67 of 100, columns 37 to 73 of 100]
1.920669416747568903e+01 3.433205806293936746e+01 1.724315351619098280e+01 1.766263602564374224e+01 2.154626079083585566e+01 3.861196667861364773e+01 4.734234828266335882e+01 4.012611036475627202e+01 2.048279001014716627e+01 4.053402522586644352e+01 2.166102541607228460e+01 4.089944955206320998e+01 2.444849631448482441e+01 4.507121069102006317e+01 5.586029914627582116e+01 4.616505297978901723e+01 3.460282951429517340e+01 3.114734783694262887e+01 4.606999198634387938e+01 4.725423358632591686e+01 3.408632365918230533e+01 3.642979431137564461e+01 4.807472727537774659e+01 4.889650725454900737e+01 4.950139138829969454e+01 2.961778469202405972e+01 4.424226685208594745e+01 6.041272522218090302e+01 5.296489963297091919e+01 6.750378372086829870e+01 8.750460167704113701e+01 9.694445588402916769e+01 8.301420768436226183e+01 6.612839923867355196e+01 6.093207173561586387e+01 7.014786023192566233e+01 8.188974101057387145e+01
3.575192926145143701e+01 1.963124625566238635e+01 3.772491132674742431e+01 3.785305731471577673e+01 2.585393097094380366e+01 3.142340253669446426e+01 5.097714225330200577e+01 4.227743241499432258e+01 2.243690898997206418e+01 2.107239532037163698e+01 4.112167626881441151e+01 4.589743403822733825e+01 2.602234895567119821e+01 4.597078519788440332e+01 5.648032804731777645e+01 5.821443399425133691e+01 5.052209761289962131e+01 3.645160180838860953e+01 5.370489198480552062e+01 6.092054424214553165e+01 4.179652570065043449e+01 5.502771736262170066e+01 5.152460078700923418e+01 5.904144734529337768e+01 3.261157340371351410e+01 3.018796255668554807e+01 5.007634040568626688e+01 3.984271027359723405e+01 5.449981046586100319e+01 7.485497376982615947e+01 8.890604248180044067e+01 8.051377080676975595e+01 6.876918583759510284e+01 5.421230382809545034e+01 6.877497829547625940e+01 8.906449913392965811e+01 9.869100344265724800e+01
3.879939493068854972e+01 3.893989839035025824e+01 2.187092924751688017e+01 4.146964250591393863e+01 4.444653173602517882e+01 5.052323982555503790e+01 5.091346234286662309e+01 5.112738165540976354e+01 3.197405725787422170e+01 3.119217382682182560e+01 4.983318270575280451e+01 5.307077059372977601e+01 4.623289409078639522e+01 2.830249589207232930e+01 4.266558485350734742e+01 6.255066637586592293e+01 6.169384746390979046e+01 5.370532456456153625e+01 4.584062803428493282e+01 6.444864718606359588e+01 5.158160189747088253e+01 6.887992298922867462e+01 6.367801312756979826e+01 6.745738900565679330e+01 5.666104424570259113e+01 4.668939224111371544e+01 3.100054996406835883e+01 5.205122154414517155e+01 6.046169974877908260e+01 8.067356787745777069e+01 8.053229074561872380e+01 6.009782529155204855e+01 6.596175343344080488e+01 5.032394765575849505e+01 7.087528428874016129e+01 8.999446665863521844e+01 1.015849259006201208e+02
4.814597144467028755e+01 4.579904688797374490e+01 2.586984815198307075e+01 2.442849390819712951e+01 4.432611161253416299e+01 5.549749442561917334e+01 7.057473859806621874e+01 6.187509560471180237e+01 4.669206782800433331e+01 4.590609966950274412e+01 6.070399332017938576e+01 6.528655608050006265e+01 5.010374692047331280e+01 2.994522788916819422e+01 4.428977824935203955e+01 6.413990664567553779e+01 7.887910938472644773e+01 7.263090779590109491e+01 6.444864871679673968e+01 6.444864834461968428e+01 6.481738656475353366e+01 7.876651752017552610e+01 8.115937232636743204e+01 7.557117980087360820e+01 5.836877157446745201e+01 5.186128867827341082e+01 3.157912903104576330e+01 5.240975792973395642e+01 6.156043187688283069e+01 7.022212300641183447e+01 7.017160132314457144e+01 6.176167905395348612e+01 4.541021445043006111e+01 6.601666433450819227e+01 6.134903835050206311e+01 7.319459800762048474e+01 9.337169718759602688e+01
5.126073896767707794e+01 3.246071606545301336e+01 4.579922994244810042e+01 4.432611161253416299e+01 2.719717590003991958e+01 4.725035538122043732e+01 5.849771504616796847e+01 7.257399885303026110e+01 6.895473695295518723e+01 6.812730909960617964e+01 6.607221956105706795e+01 4.708865538408051776e+01 3.807451735330699449e+01 3.161580947094856953e+01 5.173772171878396620e+01 6.228723958062082033e+01 5.932450832089160286e+01 7.200011448633391353e+01 8.007817905792190061e+01 8.410995689985200841e+01 8.413290519481945751e+01 8.342357537318730465e+01 7.504836418327306546e+01 6.775933081910331168e+01 6.039790840838402630e+01 4.019204096325856312e+01 3.215847034924198766e+01 5.282649987664474622e+01 4.154194849946332369e+01 6.054421010523190461e+01 5.761895353849225643e+01 4.064029118987210865e+01 5.576516857865758681e+01 6.606942152831068427e+01 8.172244120994751881e+01 8.999446665863543160e+01 9.706816570312966519e+01
5.159334839393809347e+01 3.749683281555861925e+01 5.738901107255104250e+01 5.549749442561917334e+01 4.725035538122043732e+01 3.017393812536125708e+01 4.442130164959007743e+01 6.061697241320106855e+01 7.313875969712981373e+01 8.195714142675448954e+01 6.293850457086868744e+01 5.782861952857732746e+01 5.782852894976118563e+01 5.173772171899877037e+01 3.408227475070037116e+01 5.414416713726308927e+01 4.522542970711199928e+01 5.234764902455001589e+01 6.630136761976542914e+01 8.575810646013495386e+01 8.680754692294775055e+01 6.644004496234425972e+01 5.451060975849912182e+01 4.717230558800275020e+01 5.565516048915911540e+01 3.502574301072412766e+01 4.563064993782757028e+01 3.301220590714217451e+01 3.361440325566363896e+01 5.426824873680593697e+01 3.660090647546729059e+01 5.761778950336348970e+01 7.011503843266031311e+01 8.457801613175921318e+01 9.469565794699217065e+01 1.009104257928358237e+02 8.916928492444301924e+01
5.375807896563501487e+01 4.418696354988682629e+01 6.399003483388317903e+01 6.435787622690912713e+01 4.442130165051640489e+01 5.026058915031052265e+01 3.337708288178812666e+01 4.501434494055551738e+01 6.492655342842037669e+01 7.938942712958807135e+01 8.195714142675448954e+01 7.715259901762713923e+01 7.384523047320614353e+01 5.414418903895025892e+01 5.414418903870780042e+01 3.658866911711702130e+01 5.659787540385276117e+01 7.200011448633391353e+01 7.200011448633391353e+01 9.146730856909435659e+01 9.514050680502037949e+01 8.342359232222433718e+01 7.504836418327306546e+01 5.855999546640192932e+01 3.791893058189131693e+01 5.565516377946499205e+01 6.068849740375695490e+01 5.367030264014738350e+01 5.242570077141580498e+01 3.446265567222930315e+01 3.507270462863318272e+01 5.517134968512840487e+01 6.481857676223445708e+01 7.200374083254324376e+01 8.037143747150543049e+01 8.153564763836038765e+01 8.324296550515099113e+01
7.218508194909966846e+01 5.306324156968594963e+01 7.218508194909966846e+01 7.257415368061786864e+01 6.435787622690912713e+01 5.597150348446962909e+01 3.596153348122528115e+01 4.131290961983178534e+01 5.131916839055711677e+01 6.537337853627735740e+01 8.520356637107182962e+01 8.544569780457698016e+01 6.623612000498886232e+01 5.233205224253888588e+01 4.519901821538365283e+01 3.844547253356095240e+01 5.842256400264705718e+01 6.973327911111550748e+01 8.352364175149479308e+01 9.248920449647347652e+01 9.733714029520015742e+01 8.567097725600598324e+01 7.733525335454662297e+01 6.074868219725613727e+01 4.010065287445133464e+01 5.618146289943335603e+01 7.488306458222247386e+01 6.968137609464478999e+01 4.913290586370122526e+01 5.511632156998808796e+01 5.571910108842887865e+01 3.593640776412570403e+01 5.659336830997489187e+01 5.146026437233003037e+01 7.200076727798713705e+01 6.738102585327362704e+01 7.101978387607837817e+01
8.102846069431957687e+01 6.703478603493505261e+01 8.102846069431957687e+01 8.219093903371826570e+01 7.227483892626518980e+01 5.854876348326972391e+01 3.858539337487483323e+01 5.854876348326973101e+01 5.131916839055712387e+01 6.537337853628385176e+01 8.520356637910767006e+01 8.544569780457698016e+01 6.623612000498886232e+01 7.185344395154525898e+01 6.192618208466542029e+01 4.202762306354451027e+01 4.171102638987333933e+01 5.588879579724414270e+01 6.493986896080208737e+01 8.427448450595387897e+01 8.904791017477865012e+01 6.876099359305773362e+01 5.685655769463972575e+01 6.300545121357137646e+01 4.244312418875836102e+01 4.562601068690690198e+01 7.443267865799909089e+01 7.818398147648792929e+01 6.978039896768636652e+01 6.324477071948548712e+01 4.264014551658158325e+01 5.659350019636143259e+01 3.680247109242601766e+01 5.739714837746592480e+01 6.673400641498029984e+01 7.101977697090524089e+01 5.063143052846404402e+01
8.752510067985359399e+01 8.682087144556322755e+01 8.800448664239284824e+01 6.817720028327407533e+01 5.414388342490481421e+01 4.417805440824264451e+01 4.221784886732237396e+01 6.212401678417267448e+01 7.118150608324397410e+01 6.537337853628385176e+01 8.520356637910767006e+01 9.345552591378293528e+01 8.544569780457698016e+01 7.899021254171648820e+01 6.556485372821765623e+01 4.573075758164407745e+01 6.163333466333987332e+01 4.509048504225480514e+01 5.667319416506870766e+01 7.623315495489592308e+01 8.778613587025340337e+01 8.567097725600598324e+01 6.638893067834214889e+01 4.580811351991456348e+01 6.300546510280237555e+01 5.392155326756243738e+01 7.454343132882387124e+01 8.232843812871716693e+01 6.195436145127783334e+01 4.999872738019648466e+01 6.329431188096889827e+01 6.590903141811384103e+01 5.145992610913467047e+01 3.767196930751966022e+01 5.836131964587936238e+01 5.990298629971644573e+01 6.013828115385065587e+01
7.958194792950895646e+01 8.972208866395047266e+01 8.572092912996068037e+01 7.050160357574476677e+01 5.066014146308993560e+01 6.406418327575406124e+01 4.595224489554377101e+01 6.000327857401551768e+01 7.983499394840632135e+01 8.520356637910767006e+01 9.340547602958166351e+01 9.458043352594133069e+01 8.486806838662084829e+01 7.091874335978651800e+01 5.124729675500501713e+01 6.556485372821765623e+01 7.302991455130774057e+01 5.921910129958052238e+01 4.871002505805203242e+01 6.022760257596551270e+01 7.970805870503119195e+01 8.335949338555138866e+01 6.297183965401054451e+01 4.834970330097964819e+01 6.894324517949556252e+01 6.610540282829303749e+01 8.312415583373064010e+01 9.063559599767388875e+01 7.647559506080591518e+01 5.600301006671089254e+01 7.647559506080591518e+01 8.035793697679169156e+01 6.474646292170734796e+01 4.545437604469739767e+01 3.854865832349523913e+01 3.919699066321314973e+01 3.985096903461192142e+01
6.104143956191217057e+01 8.130274097661840926e+01 7.751546014556913633e+01 5.767727797439838611e+01 7.050160357574476677e+01 7.036076547413559013e+01 5.053251798311440979e+01 5.657968215206681606e+01 6.544707645100163518e+01 7.691200933014555119e+01 9.672372651511386721e+01 8.648648289178721882e+01 6.710971652044810298e+01 5.729848069654224929e+01 7.091874335978651800e+01 7.899021254171648820e+01 8.684072780303499428e+01 7.102131161378027002e+01 5.135527800528821984e+01 6.281073784139132954e+01 8.223716396650972627e+01 8.596411364742081673e+01 6.562137909130900937e+01 5.098881928419044129e+01 7.157962809491559142e+01 8.656129828368712253e+01 9.486535861938220648e+01 9.079013382777657171e+01 7.054631896441125605e+01 6.632660135630902687e+01 8.480698682088322471e+01 8.715103819774778060e+01 6.588500033030061331e+01 6.138625125979328345e+01 4.087087864449809160e+01 5.990298634543945866e+01 5.448820596364775071e+01
7.958194792950895646e+01 8.972208866395047266e+01 8.302037090025284272e+01 6.317213290738784792e+01 8.302037090025284272e+01 7.516941984433790935e+01 5.534282995891945944e+01 7.516941984433790935e+01 8.461926060482380763e+01 9.348592213816701246e+01 1.049202305839776272e+02 9.458043352594133069e+01 8.164672291005706484e+01 6.225223009429954857e+01 8.164672291005540217e+01 9.559364439894373788e+01 8.589399908769043179e+01 7.368459810559683376e+01 5.411351927420217578e+01 7.368459810559707535e+01 9.031842360107714285e+01 8.604044756776519876e+01 6.571148345669348600e+01 5.373862203456101128e+01 7.430351466589229403e+01 8.704211965480715207e+01 9.713460464995903010e+01 9.906765467735527864e+01 9.079013382777657171e+01 7.811331416237185010e+01 9.276975653822840684e+01 8.107825184874056390e+01 7.272789956025705749e+01 6.390402849940248586e+01 4.324053879707454939e+01 6.390402849940248586e+01 7.440264159965384749e+01
8.702978368039570967e+01 9.927592253624091256e+01 8.929726245185621281e+01 6.944798852292132096e+01 8.929726245185621281e+01 8.337737990475000061e+01 6.419608641276819583e+01 6.524492055256874323e+01 7.671757013318050156e+01 9.653622466514325140e+01 1.045316201289977727e+02 8.507107221348613280e+01 7.141555857479073666e+01 7.346000117913675354e+01 8.972453094302386489e+01 8.749931840506508252e+01 6.815895876788908936e+01 5.838952162115673872e+01 6.296842133113471363e+01 7.368459810559690482e+01 9.309990481025731413e+01 9.433636710354311106e+01 8.111017633565140272e+01 6.069019132637398428e+01 5.824307982938962880e+01 6.858874628562223563e+01 8.296727112982176777e+01 1.030536656868496550e+02 1.065051731374599768e+02 9.825120609149165318e+01 8.447075246202774679e+01 6.413153460606180545e+01 5.217545562479644161e+01 4.837492045578260047e+01 6.390402020069431188e+01 4.784780565936488728e+01 6.248760325706280838e+01
7.042128750046452978e+01 9.079177516689060212e+01 9.678764919224154539e+01 7.696994865348625581e+01 9.678764919224154539e+01 9.224825428195096322e+01 7.566831145125249236e+01 7.671757013318050156e+01 9.329435125469193224e+01 1.047306385440949725e+02 1.066771856813564341e+02 8.719608640847337711e+01 8.255672757688327579e+01 9.282999276820822843e+01 1.009453966613678944e+02 9.559362739078028426e+01 8.096998288841578528e+01 6.160851653502689373e+01 8.096998288841685110e+01 7.667508178257263296e+01 9.606469234200032759e+01 9.277532331838372670e+01 7.257069606653287508e+01 8.111017633565165852e+01 7.871959308585574888e+01 6.316003219774732713e+01 7.500265640145036627e+01 9.532330219550780726e+01 1.071939999599960771e+02 9.716349135382561997e+01 7.875607243786869560e+01 5.831354361218251370e+01 7.272789956025705749e+01 6.301027505657388161e+01 7.179203445500091618e+01 5.122429375545195285e+01 6.584087733073600646e+01
8.060653133367755174e+01 9.927592253624091256e+01 1.049786477848605131e+02 9.100396486174498989e+01 1.049786477848605131e+02 1.036867228280361246e+02 9.549257966527200381e+01 9.653622466528351254e+01 1.047306386422373521e+02 1.008347284974903175e+02 1.091298738329049201e+02 1.066771856813564341e+02 1.019917503786270032e+02 1.101397312036101539e+02 1.091987628862998605e+02 8.969743403904395507e+01 7.605332752234302518e+01 6.492331702340057120e+01 8.423410142270174106e+01 9.606469234200032759e+01 1.041897641832794221e+02 1.010486960852573617e+02 8.429138376536620569e+01 9.870866424908737713e+01 7.860101155856011701e+01 6.683092377341796464e+01 8.706280738707353350e+01 1.034887283825521962e+02 9.893991701150504525e+01 7.882343734330338236e+01 6.863046769833312055e+01 6.406943617912709499e+01 8.439274380067892878e+01 8.337701078919640452e+01 7.531032184434451437e+01 5.479537184581511156e+01 6.937758303629236423e+01
9.739874894309176057e+01 1.095171943583696503e+02 1.097838628740996825e+02 1.107506983434113721e+02 1.132299501071789081e+02 1.049297859161000019e+02 1.047762739237494714e+02 9.643797087397024370e+01 9.745915663449289923e+01 8.054257165345580916e+01 9.745915663449289923e+01 1.029948546062870491e+02 1.112914082892637282e+02 1.175530814331854828e+02 9.796051271811766981e+01 8.425774697045528683e+01 7.314891052315269349e+01 8.423410142270174106e+01 7.136136361326057909e+01 8.497423847314588841e+01 1.044223905244377875e+02 1.126095314780731229e+02 1.043646002719772667e+02 1.069612973558757005e+02 9.100727052226046965e+01 7.079705779170875246e+01 8.506474452105010187e+01 1.045549224163401760e+02 1.071939999599960771e+02 9.716349135382561997e+01 8.888167717740422802e+01 7.027788980987216405e+01 9.048559666557530079e+01 9.409498574067184506e+01 7.904228422990279057e+01 5.860148440787214952e+01 7.049624733893402606e+01
