MOVIE_S2_data/elevation_000085.asc
nrows	100
cellsize	150.0
xllcorner	0
ncols	100
yllcorner	0
NODATA_value	-9999
[rows 0 to 16 of 100, columns 37 to 73 of 100]
8.823259866470739610e+01 8.266768280500529897e+01 8.823259866470739610e+01 8.750149781823911610e+01 7.888122276273747957e+01 7.888122276273747957e+01 7.837214578385012942e+01 8.712182396600609025e+01 1.014754994165115676e+02 9.692007916469464135e+01 9.424189574453252760e+01 9.424189574453252760e+01 1.023062868593252830e+02 9.846604608913266077e+01 9.049544925685384555e+01 9.294689216458536407e+01 1.009440987348928616e+02 9.911192305873863972e+01 9.080161864081073020e+01 9.080161864078260692e+01 9.080161864082043621e+01 9.911192309578650850e+01 1.045609233087574239e+02 9.630426563975460397e+01 9.630426563975460397e+01 9.943271824163963402e+01 9.118827738703623709e+01 8.909136233545319783e+01 9.656353228826384338e+01 1.048211865717222082e+02 1.163019072991785521e+02 1.081447523868926197e+02 9.979994503499708003e+01 9.979994503499708003e+01 9.979994503499708003e+01 1.081447523869160108e+02 1.135243622722973527e+02
6.971610791820219788e+01 6.435138994599755335e+01 6.971610791820219788e+01 7.888122276273747957e+01 5.846961188383901487e+01 5.846961188383901487e+01 5.754618530530008513e+01 6.958544011620696779e+01 8.658221717352390101e+01 7.945996206954102092e+01 7.528021341495278307e+01 7.528021341495278307e+01 9.424189574453252760e+01 8.766918887352123591e+01 7.201925508625082273e+01 7.439427898822800955e+01 9.294689216458536407e+01 9.080161864081151180e+01 7.103421003180183391e+01 7.103421003180181970e+01 7.103421003180183391e+01 9.080161864082116097e+01 9.630426563975460397e+01 7.651973980381593776e+01 7.651973980381593776e+01 8.697775071898632859e+01 7.142413881789244101e+01 6.933356354306113190e+01 7.679402883911782851e+01 8.817999963751593384e+01 1.080156508626418912e+02 9.979994503499708003e+01 8.002468084691101069e+01 8.002468084691101069e+01 8.002468084691101069e+01 9.979994503499708003e+01 1.035152281677066384e+02
6.109529360224082950e+01 5.142859913170305930e+01 6.971610791820218367e+01 7.756703018999346000e+01 6.444803429532727534e+01 4.436621547749650318e+01 4.585664052552063197e+01 5.599586003485485719e+01 7.747633950667687941e+01 8.083396158658159436e+01 6.207642187461748762e+01 7.515486642189986810e+01 9.422486496723250582e+01 7.982821357885632096e+01 6.154029127267254751e+01 7.164960609008470271e+01 7.908398105745089879e+01 7.516220281667285974e+01 6.909867351826093795e+01 5.712828228715595458e+01 7.103421003180181970e+01 9.080161864082326417e+01 9.630426563975341026e+01 7.651973980381593776e+01 6.255775036608009998e+01 6.721174684532536503e+01 6.002109906701283393e+01 7.142413881789244101e+01 9.118827738703623709e+01 1.048211865717222082e+02 1.009331016782984705e+02 9.264108302355694491e+01 8.581672162784585112e+01 6.646111436693578867e+01 7.791482805268945810e+01 8.611046951943191630e+01 9.519241688144350633e+01
4.229221452594808284e+01 6.109529360224082950e+01 7.748685751996333693e+01 6.899727818463891538e+01 4.881667327339604157e+01 3.746625607269788816e+01 5.734728714261291316e+01 7.504295134744691609e+01 8.566303474902260007e+01 7.452544011428069837e+01 5.600851650872703402e+01 6.972171929000268165e+01 8.889793057148905575e+01 7.854507811115844618e+01 7.074989616590269748e+01 5.334371292158123623e+01 7.133964250975401455e+01 6.155687153492181096e+01 4.965818237015911052e+01 6.332058918315286888e+01 8.304820308461476941e+01 8.852352767459318272e+01 9.651588668933169401e+01 8.697775071898632859e+01 6.721174684532536503e+01 5.322402683735128903e+01 7.300107534296104461e+01 8.799826357355894402e+01 9.943271824156693128e+01 1.058719979470752293e+02 9.264108302355694491e+01 7.282825603443617979e+01 7.863129870507394514e+01 7.790834620870137428e+01 5.849503033737681079e+01 7.790834620870137428e+01 8.819925418870943190e+01
3.645661221709752908e+01 5.802589683453994951e+01 6.672260138670247898e+01 5.832655053946702139e+01 5.323174314746581359e+01 3.357387196856526401e+01 5.323174314746581359e+01 6.929618956728020862e+01 7.225366058737014896e+01 6.413625143298278886e+01 5.096626856688031637e+01 7.058283275806086010e+01 8.089785829498974579e+01 6.788349065384629455e+01 5.242998898277735975e+01 4.834969033221108248e+01 6.670553405576740147e+01 6.451664137972665003e+01 4.542559057607568462e+01 5.914081978142712614e+01 8.035417502100808917e+01 6.982901186331694987e+01 8.562101566624475879e+01 8.376959695966834829e+01 6.950495302560882749e+01 4.968735856643307613e+01 6.950495406541806176e+01 8.480575417199676735e+01 9.302492741786012687e+01 8.592520169417988996e+01 8.592520169417987574e+01 7.862978109889931488e+01 5.876513151341609387e+01 6.801788006927263552e+01 5.358893359527295530e+01 7.319936710813938419e+01 7.634097847539298698e+01
4.267073115994954691e+01 6.018813255803706852e+01 5.832655053946702139e+01 3.869235454979166633e+01 4.444307741202183593e+01 2.991643236472651068e+01 4.103161025140727958e+01 6.084617684304249252e+01 5.816336216324818764e+01 4.409576457465313837e+01 6.413621014188417746e+01 5.891141480734484759e+01 6.463211445047869574e+01 5.384203185061121388e+01 4.167692709123060268e+01 6.004419552039377095e+01 6.580876366141137623e+01 6.043846440535637754e+01 4.160119889100985802e+01 6.054267879371406735e+01 6.619424677523018374e+01 5.884784773719850648e+01 7.399941678262317168e+01 6.975498846268899911e+01 5.574017899236280016e+01 4.629361967324522453e+01 6.615516904256479336e+01 6.503963568648030957e+01 8.480575417199676735e+01 8.427016871816714172e+01 6.610011803459394741e+01 7.483551287771308580e+01 6.639778567365735285e+01 4.795341985591200995e+01 4.891544926876130006e+01 6.896845365913557657e+01 5.645225864856738696e+01
2.123027389626762584e+01 4.619043663206355887e+01 5.075467555509293760e+01 4.398831210214669341e+01 2.509705826293760467e+01 4.444307741039452253e+01 5.564538072455168560e+01 5.807246836046623883e+01 3.786724469376301272e+01 5.813938490560237682e+01 5.527159208480983210e+01 4.056662212703461279e+01 3.107045670444027508e+01 5.085382399104668849e+01 3.751936661202804402e+01 5.552314620297958925e+01 3.240192633615852458e+01 5.243022128201322829e+01 3.793013793440996295e+01 5.682124698951846398e+01 4.619699918282672968e+01 5.615969072557285102e+01 5.201812455930261336e+01 5.773765333589436466e+01 4.164583638692728584e+01 5.467779516805611451e+01 5.092885116113384214e+01 7.082899775315131308e+01 7.639632606522512503e+01 7.601265985292387484e+01 5.609012144588633220e+01 6.536361521571809874e+01 4.660871488982947142e+01 6.668757612478627550e+01 6.896845365919251947e+01 5.031337498020998567e+01 7.034417462711343205e+01
1.882852237921428085e+01 3.851482763433033085e+01 3.770714502650780275e+01 2.973145656351506005e+01 2.196032791897808778e+01 4.141508811764964548e+01 4.183228479342629669e+01 5.204965569251075408e+01 3.416344384590266969e+01 4.882260332888699850e+01 4.451562224509006427e+01 2.837810371164332324e+01 3.082000677523959453e+01 3.466247655515724091e+01 4.903755456478444330e+01 3.158686831058277988e+01 3.380129891024991906e+01 3.311924524265089786e+01 4.544310206463569557e+01 5.389395707516086986e+01 3.966892438630312512e+01 3.633995010278550097e+01 3.708661895121135643e+01 3.783543423909127057e+01 3.859041833658495335e+01 3.938044557381244459e+01 5.935761398147494106e+01 6.172500045863490925e+01 5.645854733933608571e+01 6.317254227312013626e+01 6.405598540233081906e+01 4.527548093141999175e+01 6.536361522215128161e+01 7.494007376084670113e+01 7.858951925762242752e+01 7.034407307234660323e+01 5.175856253335094692e+01
3.758356278468949796e+01 1.946296299320321310e+01 3.025423322477795196e+01 2.102717714053098064e+01 4.036552259819119115e+01 2.291813352335030984e+01 3.351951668805838125e+01 4.370588966988845669e+01 4.884317091391810806e+01 2.958359757794161737e+01 2.740286175590377127e+01 4.672980559260649613e+01 2.932228815703105695e+01 2.997147612222494573e+01 3.062710734964577952e+01 3.359919172991756398e+01 5.082584120933191940e+01 5.249885662761379024e+01 3.393821764656745188e+01 3.458956643033828726e+01 3.529065750175078620e+01 4.326114659172021248e+01 5.694658889642460053e+01 5.773765396003283712e+01 5.853313696662532095e+01 5.935759941523019023e+01 4.052423726858443587e+01 4.136527448084068936e+01 4.222350841691941525e+01 4.309070194000161536e+01 4.396501308813755315e+01 6.405598905817248578e+01 6.536361522215119635e+01 8.526911900534547328e+01 8.738146900832600750e+01 6.739436290995938350e+01 5.584119185049258505e+01
3.873251813520483466e+01 3.911769320319724130e+01 2.009898799120180257e+01 3.545977008417600018e+01 4.535889304648741671e+01 3.122127300714505083e+01 2.388051658518364562e+01 2.734319981219244511e+01 4.403080482213829328e+01 2.644462357722698087e+01 4.577483794082813517e+01 3.434799500559301322e+01 5.326869300320952760e+01 4.677134549259556451e+01 5.017719236285041973e+01 3.453227575495623825e+01 5.030200584981479750e+01 6.197960521011854951e+01 5.641651896005729583e+01 5.429847296803317391e+01 3.833059323026887455e+01 5.768549924624247183e+01 5.590076776313207318e+01 7.573921684941414867e+01 7.735463222229695646e+01 6.402914181218854139e+01 4.404726813069241587e+01 4.743325660057087134e+01 6.224074993420840940e+01 6.317240376678028468e+01 4.685164143210455734e+01 6.665001297947311798e+01 7.079872970797939047e+01 9.054853619286036803e+01 9.574555229684813185e+01 7.977908676290137180e+01 6.026703287419310584e+01
5.729908779498105531e+01 4.062530715881040777e+01 2.071902937059213912e+01 4.031240615235832081e+01 5.324673010212162438e+01 5.149046741220129064e+01 4.600050640456413475e+01 2.483743640915214002e+01 2.550682363874047809e+01 4.483656876645797951e+01 5.394788109761260841e+01 3.953916127115282109e+01 5.910356329755372684e+01 7.167846140027624813e+01 5.882178738131764817e+01 3.794209110121995110e+01 5.031837866812468718e+01 7.064643629808693959e+01 6.277936284409842216e+01 4.283348851127416879e+01 5.772972299405405749e+01 6.614790219841501084e+01 6.995634034237016863e+01 8.392470978544713489e+01 6.925714464250648916e+01 4.935834062916272558e+01 6.403189385323699412e+01 6.705689282975288279e+01 5.692532450601790828e+01 7.416269905046631550e+01 6.665001297947311798e+01 5.111962261491981963e+01 7.079872970797941889e+01 8.955507857782498604e+01 9.947734463264016824e+01 8.434741619938061774e+01 6.496563586000893054e+01
5.597284867295883970e+01 3.824716989859287963e+01 2.134095034287417292e+01 4.121526078289013384e+01 5.100396133129050469e+01 5.979500724766938191e+01 5.864750344523901049e+01 4.986225362269046713e+01 3.655240635482015676e+01 3.908590715905553026e+01 5.871993194265436244e+01 5.910356329755378368e+01 4.815645116255471692e+01 6.768476090996642824e+01 6.410147095173138609e+01 4.304795803815367350e+01 6.410146943444325984e+01 8.028653465254613764e+01 6.672004232036276505e+01 4.640439363055817523e+01 6.089796232474172655e+01 8.077572893759823103e+01 8.970030448740948259e+01 8.921194528179034933e+01 7.314047905932578431e+01 5.333930695547131506e+01 7.314047553205836039e+01 8.264132920410787619e+01 6.395144074372743859e+01 8.264132957769017196e+01 7.415855111469852545e+01 5.456754413958739747e+01 6.166083205054321326e+01 7.141293818425259587e+01 9.117118806831558686e+01 8.934608174086345400e+01 6.998633334543947626e+01
4.939453791407419914e+01 2.940244306205722680e+01 2.196496174202702889e+01 4.184464638290803151e+01 3.170315489668091757e+01 4.979780915132097618e+01 6.554474397771600991e+01 6.435612319928574721e+01 5.615296448464098944e+01 5.871995225603016877e+01 6.692523155454472317e+01 7.460688843557613836e+01 5.502815518118943316e+01 7.460688843557613836e+01 6.987744977595795604e+01 4.905186183014842527e+01 6.987744977595795604e+01 8.224623372774317431e+01 6.249905825497693002e+01 5.063614262736348337e+01 7.084520047565935386e+01 8.606124165922791747e+01 9.487106138621948048e+01 7.543920250583948928e+01 6.155051443972519110e+01 5.942936941123425498e+01 7.905905064287654227e+01 9.021645335933160936e+01 7.496918910593913665e+01 9.021606480670104133e+01 7.761322357806099603e+01 5.806788571773925867e+01 7.761381955460763038e+01 8.955507857782505710e+01 9.947734463264033877e+01 9.497102866881049010e+01 7.548564093064518943e+01
3.831026974729357448e+01 2.436557595888668359e+01 3.929402160922521858e+01 2.291992365100329465e+01 2.359748028251173579e+01 3.755664022187169593e+01 5.107105447809158250e+01 6.293174361828862118e+01 6.196409400949878687e+01 7.009433927009555987e+01 8.137631430901889473e+01 8.283680080489077113e+01 6.628530974738856685e+01 8.283680080489077113e+01 7.646241300708983601e+01 5.563893118331229459e+01 7.646241179355023121e+01 9.047878093276071354e+01 7.905616887825945582e+01 6.506249031138418104e+01 5.804156764371027322e+01 7.784774230757491864e+01 9.341810328589973267e+01 7.398995305761805241e+01 7.291985625163833618e+01 7.336153800186643537e+01 7.000563436052853206e+01 8.945537354854236867e+01 8.784889457935413759e+01 9.267126261643664975e+01 7.288465408722123584e+01 6.167960868948709674e+01 8.124749008462053723e+01 9.838489090304686613e+01 1.083740664182169979e+02 1.015460164283689437e+02 8.182105314969351184e+01
2.677845506948094112e+01 3.831026206614297536e+01 5.045554713361302390e+01 4.279281296700387571e+01 4.346453399933774620e+01 2.456015535285732909e+01 3.314239212521146527e+01 5.040163967646260801e+01 4.237993971850509922e+01 5.374123217284022758e+01 7.319673297233293852e+01 8.456981173598001078e+01 8.597437632323170931e+01 9.425564053101500406e+01 8.510326053127261048e+01 7.030369060312331442e+01 7.030369060312332863e+01 9.133088416163660384e+01 9.305012259179618184e+01 7.751903398938438272e+01 6.366087080036165702e+01 8.329273232357445522e+01 1.015313070031200624e+02 8.771744086386564732e+01 8.664900782240199817e+01 9.281406293259543361e+01 7.974444429444602633e+01 9.758012843948334591e+01 1.058547185034078240e+02 1.009897811544594930e+02 8.650639922380332791e+01 6.682936299680720538e+01 7.033341085493438527e+01 8.012041143725944892e+01 1.000339198815231470e+02 1.098865181446660131e+02 9.153977224105852883e+01
4.664594423180682981e+01 5.498600539552747080e+01 6.676600896832121634e+01 5.564186050861519561e+01 3.587101595792709929e+01 4.441829218043096716e+01 2.552606552671849727e+01 3.183853440467647999e+01 5.149239132779885608e+01 7.007247591541432996e+01 7.881920063228911033e+01 6.485822358165980006e+01 7.758824273787077175e+01 8.585202595490495980e+01 9.729453657765840546e+01 9.133088416163660384e+01 9.133088416163660384e+01 9.990283045942173601e+01 1.055353266095307134e+02 9.152754760401300871e+01 7.346606184099422876e+01 7.751903461540541684e+01 9.723167183459852936e+01 1.071807197875149171e+02 1.061025952978928188e+02 1.073347916507525355e+02 9.916630282120036100e+01 1.073347917093083055e+02 1.079975222586615615e+02 8.797209192948812984e+01 7.657696378013146443e+01 7.657696378013146443e+01 8.165197946574177479e+01 9.838489090304686613e+01 1.083740664182169979e+02 1.199206866686942732e+02 1.115522606156794438e+02
4.543563009945539477e+01 6.567348531943521550e+01 7.056121788707454812e+01 5.152496230496370089e+01 5.561215944876069273e+01 4.704506288095447530e+01 2.621091341568673627e+01 4.294404110710066647e+01 5.227964737891346658e+01 5.773306607489165287e+01 6.252167724798392356e+01 5.077474059918758797e+01 5.791192555676941822e+01 6.926622417553626576e+01 8.895633150478543882e+01 9.425751914052297309e+01 9.169684521254697529e+01 9.990400472798503984e+01 1.113148285467796512e+02 1.014057666906892763e+02 8.730377646412119930e+01 9.723167180872086135e+01 1.055360918740612419e+02 1.170871072613154240e+02 1.088350055457477339e+02 1.170871072613152393e+02 1.160692621141880636e+02 1.243279057898629247e+02 1.163535482408906319e+02 1.047668672208857714e+02 8.797209192948812984e+01 8.797209192948812984e+01 1.015861840315304647e+02 1.099288921770574206e+02 1.169123480664112407e+02 1.251586492039823355e+02 1.222041478943645814e+02
