MOVIE_S2_data/elevation_000153.asc
nrows	100
cellsize	150.0
xllcorner	0
ncols	100
yllcorner	0
NODATA_value	-9999
[rows 34 to 50 of 100, columns 0 to 36 of 100]
2.978181695229736945e-03 2.000297818169487485e+01 2.691603203180167014e+01 2.470889149955342035e+01 2.611360350976537958e+01 3.916006685389186970e+01 3.549587854205574189e+01 5.186302129162059771e+01 6.016701774289496996e+01 7.018364106503580047e+01 6.585137605134515582e+01 4.569817075730802713e+01 3.144690885006992787e+01 4.300721384475377107e+01 5.136050423899867923e+01 3.497020473488473158e+01 3.497020473488473158e+01 1.715002396345707680e+01 3.135750037487453667e+01 5.154425307171974424e+01 5.302622924873090682e+01 4.933384162708748732e+01 6.406099631804737271e+01 5.822135639863613932e+01 7.815886682352571313e+01 8.681602051511507057e+01 7.862694677175028346e+01 8.681480413925206108e+01 8.538507219440276685e+01 8.300600296697608371e+01 6.323649157926254816e+01 4.891458446203859722e+01 3.737413013289888397e+01 5.741502698044767072e+01 5.504030478921710312e+01 3.943847648347217216e+01 5.953374298056435521e+01
1.893497408783086870e-03 1.414402912113985877e+01 3.414402912114056221e+01 4.471424502209665519e+01 4.612061769597063687e+01 5.441646865561447299e+01 5.561336165433792900e+01 6.403705765937753824e+01 5.876178853992917084e+01 5.881952130723554717e+01 6.705550464097633778e+01 5.995645619109427571e+01 4.300721384475377107e+01 2.287650605187840469e+01 3.566551931203662207e+01 3.294033206544228420e+01 1.488667489707430924e+01 3.432934520605693507e+01 4.274712717761416059e+01 4.652769463620997925e+01 3.287855255451799508e+01 3.827038651865023411e+01 4.409603084907157466e+01 5.822135823814273436e+01 7.815952657472723786e+01 7.669440071120450853e+01 5.819649667849768804e+01 7.668323081392273366e+01 6.517543605163422171e+01 7.934225472129607226e+01 6.911777601839668250e+01 5.416927158264282838e+01 3.459736235132911020e+01 5.429391511370042878e+01 3.516214014328382120e+01 5.504030478921710312e+01 6.770158343770422960e+01
9.179827644033159914e-03 1.202391656789366259e+01 3.320496710323256906e+01 4.848375511891244827e+01 4.935837309579657983e+01 5.661986020336221515e+01 6.408884882034520558e+01 5.373014775678008448e+01 4.040236430180386407e+01 4.040479087258388091e+01 5.881952130723554717e+01 6.621477838507055935e+01 5.004600051373799374e+01 3.561705768925143900e+01 1.558196886337981191e+01 1.288856035067589900e+01 3.294033206533312352e+01 1.945090700058872457e+01 2.278829773275388249e+01 2.634230680255937784e+01 4.652769463620997925e+01 5.835060822878597264e+01 6.267952250210307596e+01 6.039776259444702333e+01 8.033927355121166158e+01 6.841116243147685338e+01 4.790099975276470445e+01 5.815593363843296260e+01 5.062904518625354200e+01 7.109287666471347222e+01 6.186586452892510835e+01 4.157615493096447068e+01 3.193937915150879192e+01 4.721219316448011227e+01 3.231644405070240822e+01 5.239091195733502104e+01 7.227598650338158848e+01
6.604900230173384179e-03 2.000643716884530932e+01 3.673864185983278929e+01 3.039171535047270112e+01 3.131761054972925962e+01 4.905899566106496934e+01 4.014881906834288827e+01 4.305649735808506051e+01 2.777474848104740346e+01 4.579834054317102243e+01 6.029634245669260650e+01 4.627683455153998437e+01 4.210802518059563226e+01 2.237724611949440856e+01 1.090103448322030566e+01 3.093390346694093296e+01 4.130051771302222363e+01 3.999184677617590467e+01 3.703939131324215595e+01 4.061372147978546820e+01 3.650584554427714323e+01 4.909344653991091434e+01 7.281427368352331086e+01 8.033927323378004814e+01 7.029907274572016718e+01 5.987326983659166757e+01 5.107757928284129179e+01 3.784067616074445795e+01 5.213697857405777114e+01 7.228312423237436235e+01 6.886869540977879467e+01 5.943402042860402901e+01 4.789343914340824426e+01 2.838586510751934711e+01 4.789876357579169053e+01 5.373583456381507517e+01 5.211575738032291127e+01
5.101467937297931264e-03 1.986594714057434174e+01 2.790635327068015314e+01 1.599913963948115381e+01 3.325414837169940796e+01 3.062040546886020209e+01 2.119985857006782837e+01 3.256792255762314170e+01 2.174230775125971604e+01 3.983712451616295880e+01 4.380861115681755535e+01 3.241496129954040839e+01 3.818767443656449245e+01 2.949032990169495960e+01 9.557062415917638276e+00 1.847773777759152125e+01 3.005738305442878300e+01 5.022552290157099009e+01 5.721000184132505950e+01 6.080528883796029760e+01 4.845954563997813835e+01 6.579411921171448796e+01 8.184282767188678065e+01 7.934880257816706717e+01 5.755681809613324873e+01 4.018350292471429697e+01 3.116852121026225220e+01 4.551489230074194126e+01 4.555906356740548802e+01 6.569658171477782105e+01 6.229543153628276997e+01 4.329584407551870839e+01 4.355242884246169410e+01 2.651991174397219098e+01 3.014489304182468388e+01 3.388014642341040883e+01 3.792344662210963691e+01
5.600358222118538565e-03 1.617590547768901388e+01 1.940251808356913799e+01 7.961381412471576269e+00 2.083142747823049490e+01 4.432637173913341222e+00 1.947327375668430349e+01 1.391226734352280481e+01 3.244620842306662922e+01 3.262242757247342695e+01 2.858009819928471984e+01 3.716205062502235279e+01 1.964623050449086961e+01 2.725627869499959388e+01 8.227133011267680374e+00 2.826990350983136580e+01 4.693763414785140498e+01 5.858007269071688228e+01 5.906130504051166952e+01 6.738292513360947567e+01 6.924263736549420400e+01 7.775320595795962220e+01 7.790991421862480593e+01 6.733980058696577942e+01 6.998660100128974193e+01 5.970376100634177874e+01 4.557530635232529903e+01 2.579607313069494268e+01 4.561109800474509512e+01 5.995719576073457802e+01 5.761808854327638585e+01 3.777544423418517283e+01 2.412564879848888921e+01 4.358679593190457524e+01 4.976418187372642166e+01 5.373583456369779299e+01 5.802055178018981252e+01
4.575904209876861112e-03 3.386058596893236072e-01 6.726824120798541307e-01 1.006898872294926806e+00 1.341629835797217174e+00 1.676501567898840861e+00 6.671605391086599113e+00 2.260489953599024560e+01 2.488477639675271647e+01 1.630296087326783194e+01 2.338256220247076556e+01 3.474545823352825380e+01 2.794324373365864744e+01 1.103704083507912870e+01 6.968266180851501623e+00 3.195592980068626687e+01 3.924518694341715985e+01 4.497119745354510911e+01 3.913489022961576325e+01 5.906130504051166952e+01 7.446230445591814373e+01 7.260787346712898227e+01 6.431621002847522561e+01 5.428636120778743646e+01 6.377806897834171451e+01 5.632450452272229313e+01 3.617637419463849113e+01 2.222204652932383340e+01 3.149867671203526598e+01 4.572793623638489890e+01 4.783693113944215014e+01 3.963537462304638126e+01 2.241333265287269327e+01 3.359573044813513576e+01 5.355643174871808299e+01 7.182435298806394997e+01 7.083590629878031564e+01
4.658155261040713979e-03 1.982054747836881603e+01 2.116494392054752183e+01 1.466152717222767343e+01 1.927846786987711880e+01 1.029600834023355205e+01 2.151870436672405962e+00 7.189576867556632500e+00 9.032232365099995164e+00 1.663920501155709530e+01 1.908374706523677133e+01 2.389384975830612845e+01 2.426982217042066026e+01 5.485509024205264872e+00 2.514775439198619367e+01 3.169896175996780840e+01 1.918759588867946064e+01 2.502941487982868907e+01 3.499627766471081003e+01 4.635702537377009946e+01 6.602555909944138079e+01 6.152311425271726364e+01 4.617438319462169005e+01 4.553449622686623144e+01 4.616777932983509913e+01 5.888478809112336876e+01 5.048569747634955007e+01 3.736162697372060393e+01 1.712964875400691156e+01 3.574026944248630855e+01 3.735997250457025842e+01 1.993230407924358971e+01 3.385057476959261891e+01 5.014642562285305161e+01 6.170384203595232009e+01 5.257766047638333617e+01 5.925037592998409508e+01
5.330849696878311485e-03 2.000524282805930554e+01 3.823761360386377817e+01 3.285168528905767715e+01 2.774074158547233537e+01 8.373250038221302205e+00 1.628060036787428544e+01 2.628790368686374279e+00 2.966226599779776318e+00 3.304209387524836394e+00 3.642348547465527275e+00 3.980628445299737361e+00 4.319749754858562163e+00 4.671591839341585839e+00 9.099926155252127558e+00 1.156029104125989093e+01 3.169896175999910781e+01 4.497120200299111303e+01 5.325890758634051991e+01 5.613930097770195005e+01 4.676177579123281447e+01 5.167114915935935215e+01 3.646592623050290172e+01 4.320805344809861026e+01 3.427833548725590873e+01 4.513772220171554750e+01 3.662040491448703960e+01 3.203862758831126456e+01 1.350854657544102366e+01 1.537699257391434671e+01 1.731486275600283520e+01 3.735997250360339450e+01 4.783566543255659553e+01 6.181406464027498515e+01 5.492016407874331207e+01 3.847144098990484196e+01 4.968988951003096588e+01
9.384206039104543359e-03 1.009423782610042508e+01 3.057475997023497882e+01 3.535229439477014779e+01 1.515340909970525196e+01 2.842649993510114825e+01 3.297192231742546653e+01 2.507715087951554978e+01 2.597203813623127644e+01 2.618622257437144185e+01 2.204424263069259382e+01 8.941948393583393440e+00 2.221618368967616064e+01 2.469354506824626228e+01 5.168607089005385902e+00 2.519557022499006038e+01 3.774514632797770020e+01 4.338855115782402549e+01 4.528508932850650837e+01 3.968856827833977974e+01 2.273275331692714829e+01 3.873821908287531102e+01 3.721716068969569591e+01 2.565266138385945283e+01 4.319830522442241261e+01 3.593563079146305483e+01 2.147432591860608397e+01 1.134405956665202631e+01 3.086708372353871610e+01 3.210455421978683432e+01 1.945076598345109886e+01 3.814213634018378229e+01 5.432684205806684474e+01 5.974460352967017940e+01 4.671580513981685812e+01 2.689891995546950909e+01 2.964260453905949078e+01
9.768314284573654735e-03 2.000975911870793311e+01 3.898650130302797123e+01 4.345877666260146555e+01 3.535229511564365623e+01 2.309806773780066891e+01 4.325725752681873360e+01 5.030546436830605472e+01 5.081431803762189503e+01 3.590861505153478817e+01 1.632235516830614586e+01 2.954498063122798612e+01 2.895776635868903881e+01 7.787912667022850677e+00 5.520502137767838491e+00 2.554773904534225792e+01 2.241013039028498355e+01 2.984811056498150705e+01 2.616041644100230101e+01 1.253121703819531163e+01 1.446427208095374262e+01 2.708420982805693100e+01 1.914283273367692217e+01 3.719388901515908685e+01 3.807692798742494489e+01 2.823751417021385635e+01 1.080767100830603766e+01 1.442862050498310644e+01 1.189842108319346181e+01 1.228855147076225052e+01 1.421784788886181339e+01 2.663544366823231968e+01 4.127570061516501454e+01 5.148401369869908706e+01 3.140104332681608312e+01 2.533895907808470227e+01 1.541414021541219448e+01
9.313476842122882932e-03 2.000931347684176842e+01 3.374015512664013983e+01 4.203515632882345443e+01 5.127703763308402785e+01 4.326153776940782336e+01 3.277891846389901076e+01 5.260993655419978410e+01 4.437440084842909016e+01 2.485505567350010381e+01 3.591066724927349441e+01 4.414739369495505628e+01 3.743658593281157465e+01 1.989621128131377148e+01 2.367601017156838239e+01 6.017474026622180006e+00 2.346118043525375896e+01 6.930675710595972205e+00 7.320617260785154734e+00 7.727615097130297706e+00 1.487116343733655022e+01 1.294698163295565507e+01 2.807515157011974694e+01 2.928217920598608259e+01 2.972672784063873408e+01 1.026926707619446333e+01 3.025213343534760568e+01 3.313934307445414618e+01 2.589575429359756953e+01 2.676115703025407200e+01 1.282626841293437359e+01 1.376979308467633167e+01 3.308595745948522193e+01 3.403249146024175076e+01 3.080278291838312654e+01 1.487868107299602904e+01 3.499631411927484947e+01
1.757287057980242524e-03 6.668423953725113762e+00 1.373949176567268537e+01 2.528649966880919564e+01 4.528936318941140371e+01 5.260991043509047671e+01 4.697636634262356381e+01 4.908885699344042308e+01 5.135415253589444262e+01 3.161255411052427178e+01 5.135420859632241530e+01 5.988994503099677758e+01 4.007217917128728857e+01 3.198232053775106820e+01 1.629631076708650284e+01 7.697357701609447211e+00 6.516818446724695235e+00 7.050480666415658959e+00 2.185901606303697520e+01 2.656512841145523041e+01 8.247251941277390586e+00 8.609305450773085511e+00 8.975466261166689108e+00 9.344310890198350705e+00 9.728032439402172216e+00 2.939469093770583186e+01 3.786272474402135657e+01 4.909492331627798478e+01 4.657819236184847256e+01 4.616324568024887043e+01 3.765345771862286739e+01 1.330885929133094869e+01 1.363854966641423161e+01 1.398635260461741758e+01 1.435159852219329757e+01 2.809647411376193560e+01 4.282677988785617629e+01
1.954507115700021471e-03 2.000195450711534306e+01 3.374011926609178147e+01 4.203368867206671666e+01 5.359431921976428725e+01 7.174731464388351299e+01 6.621057816356811543e+01 6.274421880515082250e+01 5.972436710674219285e+01 4.287911822817581964e+01 5.972626286049444388e+01 5.877032021259381622e+01 3.852885891609627578e+01 3.337250247720292151e+01 1.220088449743300885e+01 3.115160091399783937e+01 2.699629766033086042e+01 7.909596229151907743e+00 2.331712564534797139e+01 3.225466444819691958e+01 3.195901615140014229e+01 3.000029657401107031e+01 1.901223692928511255e+01 2.941544208574779518e+01 1.056170588751036199e+01 3.032605719648746501e+01 3.621698958885147590e+01 3.165412638137243562e+01 4.392553586121352538e+01 6.275370640765976304e+01 4.646860686936087603e+01 3.813205175948151293e+01 2.107626267503697548e+01 3.402671174367277018e+01 1.701521394161699163e+01 3.643436538383667767e+01 5.468909194017911801e+01
9.499524778340364892e-03 1.155650468416895471e+01 2.569860981054990390e+01 4.569513013181019545e+01 5.001822462899334454e+01 5.830249587645553788e+01 6.800279114945782055e+01 8.163185998435682222e+01 7.134825763742816207e+01 6.293185164233133122e+01 6.394688578553427050e+01 5.233029004836252795e+01 3.852885891609627578e+01 1.758364004731554076e+01 3.337250247720292151e+01 3.314235188942947730e+01 1.246484123186582593e+01 2.815982651396942416e+01 1.121687479355600203e+01 3.154959341856645949e+01 4.282717862092913919e+01 4.733852772879642856e+01 3.343340931409303352e+01 3.904479689005380294e+01 3.039542864894809782e+01 1.222165866195910766e+01 2.016989666054432107e+01 3.560838423245319717e+01 4.538881778577309944e+01 5.988781241061732175e+01 5.553991629239899197e+01 3.534965709815902102e+01 3.535033169276485410e+01 4.109319224878433374e+01 2.083016707452619443e+01 4.110927702065252731e+01 5.809942312633286576e+01
7.291241591682445615e-03 2.000729124159132866e+01 2.883758050971147924e+01 3.368829301043852809e+01 3.001822462899263755e+01 3.971851990199391480e+01 5.556208060963877671e+01 6.710908599342988623e+01 7.828243884977881351e+01 6.675259570352929472e+01 5.569766390879343021e+01 3.549215367023164447e+01 2.344111195547853654e+01 3.852885891609627578e+01 3.838766612720448279e+01 1.761212589743201917e+01 3.314245125934325387e+01 3.176208738646262830e+01 3.176556894015559962e+01 1.504310374055843091e+01 3.566770505164089400e+01 5.548637554113365411e+01 5.419624301208323658e+01 4.940616817189028609e+01 3.055834372581157155e+01 2.413251556090766670e+01 1.425181754309078741e+01 1.641703794781289005e+01 3.088965577647076799e+01 4.858498564280588283e+01 6.384848612182663885e+01 5.553991639538237735e+01 5.556410265831905804e+01 4.945281939365574431e+01 3.098169445812759548e+01 2.948446770833148634e+01 4.122014557901275111e+01
1.086749991637594439e-03 4.365444554711504388e+00 8.837580509711122190e+00 1.368829301043782465e+01 1.971851990199320426e+01 2.727780936217788366e+01 3.882481474596998794e+01 5.882481474596927740e+01 7.008606059746314543e+01 5.004020632714140504e+01 3.838228834400470646e+01 3.000187501738125562e+01 4.403200713344928374e+01 5.233029005363325581e+01 4.223659020279864507e+01 2.137679024744179657e+01 4.223659020279864507e+01 5.245847064092158973e+01 3.851202356769616131e+01 1.780666638799874590e+01 2.617486592472776863e+01 3.823714370257034290e+01 5.905292138829210558e+01 5.543851680241272106e+01 3.678376201283179370e+01 3.546123590100589240e+01 1.620560741775003777e+01 3.661650409783180038e+01 1.955420111288004748e+01 4.011850434064424320e+01 4.580317663539039330e+01 5.424267110132608138e+01 6.864020350779804858e+01 5.957955607261150277e+01 4.532905309597283150e+01 3.858794008298127665e+01 5.809943346251888130e+01
