MOVIE_S2_data/elevation_000973.asc
nrows	100
cellsize	150.0
xllcorner	0
ncols	100
yllcorner	0
NODATA_value	-9999
[rows 68 to 84 of 100, columns 0 to 36 of 100]
7.311399400410928048e-03 2.000731139940005576e+01 2.306428108802839816e+01 1.595627414744404504e+01 3.107869661758894608e+01 2.769736610105752206e+01 4.763577639330162583e+01 4.275530874633008693e+01 2.228727496766178717e+01 4.219620444239365042e+01 4.932275607246404547e+01 5.413646583661356004e+01 4.437257956709142803e+01 6.387010390308648766e+01 5.407269519228146493e+01 5.407269515805892013e+01 7.416131352163708357e+01 6.784425089936510744e+01 7.389451633133752750e+01 8.098140251656307953e+01 8.927090323645001035e+01 9.397832670761395946e+01 7.415631107206800721e+01 6.029579489580328300e+01 5.859066643783707917e+01 7.406119143655804749e+01 8.228049770657649731e+01 9.218845266390269444e+01 7.407832566120684703e+01 5.448374599420122877e+01 6.572316881782147391e+01 4.940127846632915976e+01 6.894534328483730690e+01 8.412833880215976023e+01 8.061466029264808242e+01 6.041955787190045868e+01 8.061466029264808242e+01
8.304378570984571536e-03 2.000830437857062805e+01 3.172185841192500177e+01 3.502192613364616136e+01 4.277896267114356732e+01 4.763003342386397776e+01 5.578658303868365920e+01 5.117931710970008652e+01 3.413530735067573119e+01 3.032125511881829638e+01 5.080842111472596656e+01 6.872888796892048902e+01 5.305507771735612721e+01 7.186086038580384638e+01 7.416134374747532831e+01 7.416131352163708357e+01 8.245670927450525767e+01 8.492483637077225467e+01 7.683745615732068757e+01 8.147989043402853326e+01 8.958585454283088723e+01 9.329113445306121832e+01 7.347489289831268877e+01 5.962104865402191933e+01 4.988837849618040110e+01 5.445302910126807205e+01 7.091999788135018434e+01 7.696836743879248388e+01 7.967111005269556756e+01 6.572316881782147391e+01 4.617996953784104619e+01 4.503378281054260412e+01 5.628358481829248916e+01 7.590165636526916160e+01 7.452560780788282102e+01 5.431206973939139715e+01 6.941261490145495827e+01
8.037589590134858880e-03 3.438009295394092835e+00 2.343811430711799204e+01 2.851815490064100089e+01 4.851828435719475152e+01 5.447775943156286615e+01 6.276199913607189984e+01 6.295249417522151703e+01 5.455043712823790969e+01 4.485842425937683942e+01 4.005781144419557194e+01 6.042641249806275994e+01 7.245649279837449797e+01 6.892861580728309434e+01 8.815374528403613397e+01 7.920347509612709302e+01 7.113507524684817440e+01 7.374284826509408219e+01 5.753467120199056239e+01 6.214496272515847863e+01 7.752565478304586577e+01 8.558525364114146328e+01 8.751689956061132136e+01 7.406119234276840757e+01 5.445302910127104212e+01 4.319154206339147350e+01 5.731853246265825419e+01 5.731853246265825419e+01 7.146313814421172594e+01 5.185321413249515388e+01 4.094794320568441037e+01 4.103435916722109056e+01 5.484073709140578501e+01 7.445728666988985367e+01 6.891938104784193797e+01 4.873105404341286828e+01 4.922320186806819464e+01
8.866319943247203544e-03 2.000886631994289289e+01 8.518015083791162567e+00 2.851815490064105774e+01 3.814773495790371527e+01 3.447764570774972270e+01 4.902879572664829055e+01 5.658811873688065930e+01 6.487233786230608246e+01 6.517298421898709648e+01 5.447045287754607301e+01 5.447045287754607301e+01 7.480537099086049579e+01 8.815374528403613397e+01 7.668169601592995832e+01 6.796224641509397202e+01 5.166820074567356613e+01 6.569298806725140594e+01 4.607583615265476595e+01 6.569298806725140594e+01 5.816040593245914181e+01 7.438910644784014892e+01 8.552664862574940230e+01 8.228056049437371655e+01 7.092001837530995090e+01 5.157745614978676940e+01 3.775728344901781242e+01 5.242822020924812421e+01 5.972811017896139418e+01 5.157692527631164836e+01 3.588503765238120025e+01 4.971317705597027015e+01 6.058629112276944539e+01 8.025598161884394699e+01 7.723092502504985646e+01 6.178172957880741478e+01 4.168343416752328068e+01
4.238120735784241429e-03 2.000423812073542962e+01 2.851815490064105774e+01 1.406502374957616297e+01 1.814751890300671633e+01 2.299826703890925117e+01 2.902858476565718959e+01 3.658802997179773797e+01 4.813516881262454916e+01 6.813506307033209453e+01 7.480537099086049579e+01 7.480537099086049579e+01 8.330773124884055392e+01 8.228855180870822039e+01 6.296267753718314708e+01 4.910842806629594293e+01 3.990463309362258570e+01 5.095551699628397557e+01 3.947553589109766392e+01 5.649181363044575477e+01 4.668611255583377329e+01 5.816023665881122895e+01 7.750826784671679093e+01 8.270995480336245009e+01 7.938657738571583877e+01 6.372794618690926427e+01 4.415624668199422587e+01 3.285944445585226958e+01 4.787859033148587429e+01 3.200717622766656945e+01 5.157692527631164836e+01 6.361044397408377904e+01 7.750769628919481136e+01 7.896536245322252512e+01 7.044475494085685341e+01 7.010595768597977440e+01 5.620746537656086872e+01
1.555317930585579152e-03 1.414379458715843718e+01 3.415167177866766934e+01 3.406520795124401957e+01 3.228983025009842578e+01 3.714061588574753614e+01 3.932842562909826967e+01 4.902879572664829766e+01 6.487233786230608246e+01 7.641927645432706129e+01 7.440935354756133790e+01 7.742257135798421075e+01 6.913219342258018685e+01 7.394056081257365065e+01 7.668169601591206685e+01 6.494956423163964132e+01 4.515899283891000948e+01 3.040404672826250376e+01 4.826004227702886595e+01 3.631062001373722126e+01 5.075886821665427817e+01 7.000971733649409146e+01 7.653278505439506318e+01 6.192365197918155673e+01 7.654564130956815404e+01 7.191228538371561285e+01 5.766066471998117748e+01 3.809529377577072751e+01 2.831865736080946405e+01 4.787859033325774760e+01 5.972811026913146293e+01 6.999658230584422824e+01 8.136250228697760178e+01 7.044475494085685341e+01 4.871164291257203161e+01 5.507712404936976469e+01 4.995636415946800923e+01
4.786148573735437791e-04 1.999707413618734364e+01 2.392355280686133767e+01 4.392230908952245017e+01 5.228996795057690150e+01 5.714070112481340402e+01 5.932848675829837504e+01 6.761271469214638330e+01 7.731297012907272403e+01 6.840581730155048490e+01 5.412964970819485444e+01 6.158334266634942367e+01 4.876712030937357412e+01 5.365125561020101941e+01 7.394056169628149178e+01 6.101226585713503425e+01 4.098596152425916017e+01 2.617158791599977619e+01 2.764103791221995010e+01 4.826004227702886595e+01 5.887630270867146010e+01 7.069074866828765380e+01 6.722433144053124465e+01 4.711340464859100052e+01 6.722433144053124465e+01 7.731330262231550421e+01 5.766066471998117748e+01 4.592258095863915202e+01 2.638182519906587586e+01 4.592258095857066280e+01 4.224359054688952853e+01 5.352179787589714266e+01 7.314801913877208506e+01 7.044475494085160960e+01 4.871164291257203161e+01 3.500451804015854407e+01 3.005195513525920958e+01
1.415922250553260878e-03 3.923738625014226322e+00 2.392459021783621864e+01 3.442486865987186206e+01 3.976964383894091526e+01 4.554246373943175286e+01 5.220794781503843751e+01 6.047535327562293617e+01 7.046419837483485082e+01 6.006943744229042181e+01 3.962439166115032663e+01 4.115575249844790306e+01 3.690329711821210878e+01 5.737441297860390677e+01 7.458010853268514495e+01 5.723439516683416883e+01 3.702677841783238222e+01 2.225991246571997095e+01 2.225991460629197150e+01 3.026951407318888343e+01 4.227483506296420757e+01 6.248267752047333090e+01 5.866342501396151476e+01 3.798751602179558517e+01 5.866342501396151476e+01 6.160620228496630091e+01 5.344620368932348953e+01 4.399717308201236676e+01 2.448876610797938724e+01 3.095910205084573974e+01 5.051620859714453360e+01 6.999658230584422824e+01 6.752431815687532435e+01 6.688725078008303626e+01 5.852817491157035334e+01 4.821568714626541663e+01 2.832782948916733901e+01
5.113348591224673584e-03 2.000110073077001971e+01 9.953965516560606019e+00 1.442610147153467004e+01 1.977132630953112269e+01 2.554482899824209952e+01 3.221149558821844039e+01 4.221147795133574476e+01 6.220441767874113026e+01 6.158334266634942367e+01 4.115575249844790306e+01 2.684829163539217234e+01 4.713885513532657967e+01 5.472638487240728011e+01 5.444216341043885876e+01 5.629284089129701840e+01 4.985932322320500276e+01 3.777007477045261652e+01 1.720375660058401124e+01 3.180920971888634341e+01 5.223699630301437935e+01 5.958129631197235199e+01 5.212437046248041383e+01 3.187842034800027236e+01 5.212437046270500218e+01 5.344620368932348953e+01 3.390002852457259763e+01 3.962497068406806733e+01 2.270398047638076022e+01 4.217004336402542464e+01 5.866647091010425896e+01 6.164309833349601320e+01 4.743413429875846532e+01 5.858315191768384977e+01 3.862558304227224681e+01 4.430923546434802063e+01 2.663212487792028682e+01
3.630678512830590090e-03 2.000363067851247578e+01 2.995300836994042015e+01 3.442486865987186206e+01 3.075578359804839934e+01 4.554246373943175286e+01 5.220794781503843751e+01 6.047535327562291485e+01 7.046419837483485082e+01 5.661110396264028566e+01 4.248388063687579574e+01 2.248650747004978001e+01 4.055629236474681676e+01 3.564151321170765385e+01 4.873290874715461740e+01 3.237729897305784021e+01 4.001640898228311727e+01 3.130854203391890422e+01 1.460294126069509524e+01 2.908198263069915868e+01 4.966899843609707688e+01 3.934902384488133720e+01 3.934902388453581068e+01 2.690278685717446550e+01 4.650864853433697022e+01 4.529081664643931759e+01 3.717089237644423605e+01 2.022377816171385234e+01 3.962497048664179289e+01 5.030480451238960171e+01 5.359752407463313517e+01 5.321509705862396089e+01 3.334506204628910098e+01 4.069658541963731579e+01 4.215661627743403272e+01 2.441955431876020555e+01 3.433517565652403647e+01
3.897887252982968069e-04 1.154739517248580327e+01 2.568953077389326367e+01 4.568950974820523925e+01 5.075042500785426114e+01 5.901681763882774590e+01 6.351581417212582181e+01 5.522738052010250698e+01 6.351581417212582181e+01 4.822893121574747255e+01 2.801126092344802387e+01 1.849376088610231861e+01 2.152176753210462934e+01 3.731702274081003168e+01 3.844195278281758021e+01 1.715394618856131359e+01 2.777617778793118930e+01 1.105399017081289692e+01 3.106820778422647678e+01 3.805583193245758622e+01 4.225730233497408506e+01 3.931469126210946285e+01 2.082541754488849151e+01 3.662700036020338246e+01 4.197449635367497933e+01 3.476780010998906789e+01 1.782169117026630545e+01 3.717089237582153061e+01 4.775311102716322154e+01 5.359743115434099536e+01 3.358653807675329972e+01 3.725811715503515131e+01 3.540888021545972464e+01 2.079182593394272871e+01 2.225807339637157511e+01 4.215661627743403272e+01 5.125502318450197237e+01
9.894987445105475968e-03 2.000988434103385671e+01 3.299398367393166609e+01 4.127863052383127496e+01 5.127916298147766838e+01 6.278252456793515535e+01 5.353039305088359612e+01 3.527277849600438486e+01 5.353039314818629180e+01 5.661110380133222719e+01 4.649953126796902581e+01 3.277848422640592219e+01 1.362169728966096294e+01 1.922597057868966530e+01 2.684321798505118650e+01 7.206234515893342518e+00 7.608781853064052747e+00 2.722519397991352719e+01 2.245990935792316634e+01 2.029011124126037657e+01 3.158621316264817835e+01 3.267118804173468760e+01 2.236911816782436802e+01 1.575958435253171963e+01 3.171896503096557751e+01 1.544657782449433192e+01 3.476761460302061835e+01 4.378017395373879594e+01 4.546697364534185937e+01 4.034792035273316912e+01 3.529029796364360294e+01 1.735748985780439924e+01 1.876089121376228874e+01 3.866698779322292268e+01 3.629223132353394021e+01 3.111746844026089676e+01 4.519682181777610452e+01
2.758038052605161963e-03 6.327313358389391240e+00 1.299398002505611593e+01 2.299398002507885863e+01 4.299400412611837652e+01 5.449658883598335279e+01 3.458767928680491366e+01 2.542549912702357062e+01 4.525007950805232326e+01 4.410532249222833912e+01 3.594999048376396900e+01 3.722118838586018086e+01 2.462063332126191995e+01 9.214383837319823911e+00 6.637706255603257333e+00 1.653782264092655296e+01 9.303973554129624901e+00 8.185460426218098107e+00 8.592163516282282032e+00 1.610796467496810891e+01 2.694213532174147474e+01 1.013194923261225178e+01 1.052861359500816896e+01 1.851075104207022193e+01 1.310099858973743991e+01 3.164168147514526552e+01 3.246114251872338485e+01 2.905837784378637068e+01 2.972425480021435718e+01 2.257267315081733017e+01 1.541163472684973179e+01 3.529124821743686624e+01 3.022336416248690227e+01 4.695712020885907378e+01 5.631156803527947829e+01 4.259167394308806109e+01 4.519682049408935853e+01
7.097940694151796438e-03 2.000709794056934854e+01 3.299398642056019071e+01 4.127866771505013332e+01 5.127881062312182081e+01 5.024581644600493746e+01 3.477798265740514694e+01 1.860508448475511045e+01 3.070795669831626640e+01 3.065001600369887313e+01 1.611617898947653416e+01 2.485062894145904266e+01 2.437793102787634680e+01 6.069696568239178802e+00 2.337461625069618520e+01 2.918316483235654246e+01 1.857365284966843788e+01 2.790358832206511508e+01 2.709703369460388345e+01 9.164184907837293892e+00 9.566704719375671573e+00 1.759992633978869847e+01 2.812316019463345640e+01 1.108645319847419408e+01 1.147840069936682994e+01 1.352024744472134721e+01 1.253712508793806002e+01 1.287480741175111554e+01 1.320561357431928862e+01 1.355170089370306030e+01 2.203496660974078480e+01 4.005008739093019443e+01 5.019128506651824040e+01 5.848232714302317703e+01 7.102449268640596358e+01 6.269304069544738667e+01 6.530906736152023484e+01
8.907212727516041623e-03 1.379898747739495057e+01 3.139809250464155710e+01 4.043043943349118052e+01 3.709616512239733765e+01 2.397132808867196374e+01 3.720127337223614461e+01 3.067827067587500878e+01 1.108987248618691623e+01 1.650794059551139270e+01 4.736021179771255696e+00 5.121965580424303610e+00 5.506539961146642348e+00 2.528049647759752716e+01 3.007804477975496482e+01 4.224774694792242258e+01 2.954909520541066215e+01 4.587900461104051431e+01 4.141733775748782875e+01 2.202396369177418123e+01 2.293366695309168080e+01 1.599944544841367033e+01 3.057793059544323810e+01 3.512600035586174130e+01 3.109143290890042621e+01 1.202829976467891271e+01 1.914789512954816786e+01 3.222429406176657807e+01 3.291832318451427852e+01 3.335738408580547798e+01 1.412527429211489860e+01 3.399572929951850853e+01 4.773424450353621040e+01 4.773697897536887069e+01 6.785970366830883904e+01 7.502989566021662426e+01 7.710777876850545454e+01
4.556156782696869564e-03 2.000084210302036070e+01 3.066439157518177083e+01 1.725824911046193932e+01 1.949637600991487307e+00 2.299730249651811054e+00 2.242375881893654110e+01 2.280515435764427679e+01 2.284285925845859566e+01 4.184740109930332075e+00 2.397980116028520925e+01 2.438938994024668006e+01 1.166194823310541118e+01 7.603018718873822301e+00 2.733800192559580822e+01 3.759250595808612871e+01 4.885851106154618151e+01 5.707570434505407775e+01 4.489825906024400126e+01 4.161453112586459469e+01 2.303458544869505076e+01 3.737227502896181619e+01 4.188208804137151020e+01 4.314617856211039282e+01 2.271150359563971932e+01 3.561901882509964423e+01 2.315926546866857905e+01 4.287040773348958567e+01 4.070832300798695513e+01 1.679806833276943934e+01 1.455463270148762689e+01 3.434004274203987706e+01 2.774808782767827253e+01 4.773495004474834502e+01 5.514005357887754855e+01 5.514005357887754855e+01 6.543365302921750981e+01
9.004134676422023004e-03 2.000897107101595296e+01 2.226124726264050668e+00 1.443143826598571877e+00 2.722006449750922208e+00 1.002387258943659809e+01 2.825895313786757956e+00 3.218773073286583131e+00 3.621032399072044772e+00 2.342488654892498801e+01 3.221566679017747958e+01 3.743519099048935317e+01 2.562166803034365969e+01 2.477802350632950024e+01 9.685735166573296695e+00 2.944982940580374731e+01 3.989195460666001480e+01 5.403668089202151492e+01 6.647383566334335114e+01 4.864853089076892445e+01 2.887575569994209701e+01 4.864853089076892445e+01 5.104119638298199391e+01 3.171862508428909777e+01 4.316592958727240870e+01 4.918946436774566422e+01 3.034907730763497824e+01 4.946425930073134936e+01 4.910794941185714890e+01 3.287667161612321109e+01 3.250244017409676189e+01 1.518319375725499931e+01 3.496648638613107352e+01 4.264089331440071362e+01 3.539755691662734449e+01 5.514005357887754855e+01 5.707742354626603287e+01
