MOVIE_S2_data/elevation_000251.asc
nrows	100
cellsize	150.0
xllcorner	0
ncols	100
yllcorner	0
NODATA_value	-9999
[rows 0 to 16 of 100, columns 37 to 73 of 100]
9.587724179843962702e+01 1.042130186288530638e+02 1.032742866838130453e+02 9.497534048342200208e+01 9.237778442366621334e+01 1.006756559404801123e+02 9.859777029842614127e+01 1.068983002485870060e+02 9.677605493288768912e+01 8.848173471184252037e+01 9.107769291429228531e+01 9.937337214713794253e+01 9.775503929112602464e+01 8.963202078981544219e+01 9.214605803804772677e+01 1.002869892838327814e+02 1.047787000015211873e+02 9.651097789967109009e+01 1.047787000015211873e+02 1.152729602842859578e+02 1.092457971151990819e+02 1.092457971151990961e+02 1.177411714367530067e+02 1.109246369326098858e+02 1.025336405945112119e+02 9.996302525643034187e+01 1.027836581533665878e+02 1.018577426396792731e+02 1.102562304001656486e+02 1.132048591435423930e+02 1.048527219354613891e+02 1.022607501403894616e+02 1.106008013589004548e+02 1.112749162288449583e+02 1.078143693827282732e+02 1.161825403481424388e+02 1.277909036375465206e+02
7.586081245106909421e+01 9.496343581963604663e+01 9.497534048342200208e+01 7.499222831582808624e+01 7.240266935296811823e+01 8.445950117570647819e+01 7.860323835659536940e+01 9.859777029842614127e+01 8.524525428077816969e+01 6.853147700946792042e+01 7.111713641441835421e+01 9.107769291429228531e+01 8.677432773461559634e+01 7.085789896499301221e+01 7.326166618539835440e+01 9.214605803804772677e+01 9.461691480444913793e+01 7.603683111427831420e+01 9.461691480444913793e+01 9.464954481808953801e+01 8.860357915680729946e+01 8.860357915680731367e+01 1.092457971151990961e+02 9.910952027922387231e+01 8.283303208933865847e+01 8.162621389999034704e+01 8.285554162359443353e+01 8.168339026627178612e+01 1.018577426396792731e+02 1.048527219354613891e+02 8.500125479649838667e+01 8.243719441319584007e+01 9.910305697002036140e+01 9.136750916871721984e+01 8.795343555263838198e+01 9.935633682965050184e+01 1.193682567162683057e+02
6.564458484396722326e+01 9.147337239792386754e+01 9.377220994135346643e+01 7.380803616608140771e+01 6.094119300676962325e+01 6.453243480909257812e+01 8.445950117570647819e+01 8.264305824939411593e+01 7.436816509203379155e+01 5.710810378638548457e+01 7.696344805697410152e+01 9.118542397057304072e+01 7.879277650045534642e+01 6.060238627807978418e+01 7.879277649689581153e+01 9.118542224703284660e+01 8.627390450697473057e+01 6.511914090871654537e+01 8.627390450697473057e+01 9.464954481808953801e+01 7.416597750402573297e+01 8.548901503090168319e+01 9.399974692284611422e+01 9.085092659819206062e+01 7.098682600275108712e+01 7.658718329641058631e+01 6.748762622363345542e+01 8.168339026627178612e+01 1.018577426396792731e+02 9.874136795925194576e+01 9.045122257769305918e+01 7.102005764121184939e+01 8.875985206539979799e+01 7.740844769161628847e+01 9.719825370078766014e+01 1.161825403481424388e+02 1.195720879728513495e+02
7.690371510201978822e+01 9.003472642353638378e+01 8.791024342196341479e+01 6.796671066129884764e+01 5.398933045378766593e+01 7.380803616608140771e+01 8.523298671164239693e+01 7.117727276081291166e+01 5.455773430216216013e+01 5.091566340724926931e+01 7.068463689479062850e+01 8.316751773981737017e+01 6.472119798307988958e+01 5.528788747207268273e+01 6.472119798305740801e+01 8.316751772982593138e+01 7.922231664088859304e+01 5.759109758504553866e+01 7.922231664088859304e+01 8.630786404142916979e+01 7.782780423447940166e+01 6.521935652192543387e+01 8.548901503090168319e+01 9.322099457207144724e+01 7.339728016712581393e+01 5.943492772545297242e+01 7.920351196253797355e+01 9.596981033321874577e+01 9.664360227582650964e+01 8.726983145757252203e+01 7.064195696442487815e+01 6.440558329648416702e+01 6.895843663308401972e+01 8.294987837861707192e+01 1.027863689748766802e+02 1.137194671219165230e+02 9.952489309352172597e+01
7.013323610540032860e+01 7.013323610540032860e+01 8.469572163416911792e+01 6.948324001816015993e+01 4.973018757163515602e+01 6.378102494463026062e+01 7.203043851712993728e+01 5.712155880998343349e+01 4.326141260976798009e+01 6.293060754273897572e+01 7.895359616091774058e+01 8.108617099503322834e+01 6.272966443528748215e+01 5.006523391970925019e+01 6.272966443528727609e+01 8.108617099008705509e+01 7.297792156849327228e+01 5.109092161462990589e+01 7.297792156849327228e+01 7.782780423447945850e+01 5.780283748035242297e+01 7.115281531643702806e+01 7.958916484832269589e+01 8.908746491015509150e+01 6.928000705420977567e+01 5.544040190321868522e+01 7.508147712397412477e+01 8.104120750085658642e+01 8.260008002146720685e+01 6.855655776710689508e+01 5.925132053365295093e+01 7.901433774342392269e+01 8.038659846161606026e+01 9.703911787436911141e+01 1.089673449584665406e+02 1.006636040858204240e+02 8.555625027904233093e+01
5.046262545511780218e+01 5.667355601091792749e+01 7.642454914106896524e+01 7.774994820093790793e+01 6.378102494463026062e+01 4.410108801274039791e+01 5.861282030977142909e+01 5.523987783733081613e+01 3.897205547860402675e+01 5.863843566310261934e+01 6.971399619143424786e+01 7.573180064420216695e+01 6.434436703714037264e+01 4.616083824038898342e+01 5.899512761767825708e+01 7.725857478559295544e+01 6.732672248050970154e+01 4.514119337291051437e+01 6.732672248050970154e+01 7.369052450899111761e+01 6.529862190448524473e+01 5.130027956398959788e+01 7.115281531643705648e+01 8.589862788828118312e+01 7.130155048418124863e+01 5.179066814609607405e+01 7.130155048418124863e+01 6.135665071524261549e+01 7.002408454539917670e+01 5.474188971358240252e+01 7.435614991749348235e+01 8.726983145757318994e+01 1.001979292004981232e+02 1.085276568555207461e+02 9.750488262470528866e+01 8.089003581237344065e+01 7.577831588913858241e+01
4.073298749547733877e+01 5.629490552014137705e+01 6.398698122022798174e+01 7.223392201682028713e+01 7.203043851712993728e+01 5.861282030977142909e+01 3.894535501287033696e+01 3.551172771982648868e+01 3.479868075480522549e+01 5.453755781236402100e+01 4.796255656438855652e+01 5.433338752703652830e+01 6.084494377116580921e+01 4.247377891391164439e+01 5.602100669991927617e+01 6.373458596010430455e+01 6.209732187422263650e+01 3.940468770648783448e+01 6.209732187422263650e+01 5.990495223647428702e+01 4.529961951311405954e+01 6.529862190448524473e+01 7.958916484839934924e+01 7.759034813239131267e+01 5.791325263351828312e+01 4.813314255954913534e+01 6.311760047604554558e+01 4.750406252141848995e+01 5.055715829507689563e+01 7.002408454539917670e+01 7.460634603929528907e+01 8.281052790319368739e+01 8.461022933996112272e+01 9.280657237528032510e+01 8.924732952052089274e+01 6.955349369188927255e+01 8.382419117160276301e+01
4.404644793048417029e+01 3.660684332235358340e+01 4.426078668236841906e+01 6.081393733761605347e+01 7.301908750144947646e+01 6.684408161212790844e+01 5.861282030928448705e+01 5.058990825990053963e+01 3.069233031252669974e+01 4.705010825483187631e+01 3.343486532177139736e+01 4.936104142250621152e+01 5.617317661416296204e+01 5.578125174490369176e+01 3.734863528145751843e+01 5.602109588510374039e+01 5.582145930649323162e+01 3.494592166171494796e+01 5.696419655763288148e+01 3.973081762089959312e+01 5.976439894852677526e+01 7.236394312009136343e+01 8.305720699536935570e+01 8.573861708908520995e+01 7.595102279917630028e+01 6.311743011952142268e+01 4.292184643060380722e+01 6.311760042369532187e+01 7.002405183846401826e+01 6.402602486463155174e+01 5.498006800305022779e+01 7.067101649593102763e+01 6.489720601670420308e+01 8.461022929630567546e+01 9.430273101361225940e+01 8.382419080086063445e+01 6.404880384495787382e+01
5.275228075797569005e+01 5.259805749370784156e+01 3.278443475641259397e+01 4.475091447167005043e+01 6.391039140886704928e+01 6.297831931478550871e+01 5.276222885460020962e+01 4.563854219169392934e+01 4.452511369633827343e+01 2.695433905956357279e+01 2.758362107438989241e+01 3.566551559193172238e+01 4.669622670224227790e+01 4.822542994677867512e+01 3.390416059469862375e+01 5.081719179021276744e+01 3.200634292080044219e+01 3.266384284226467116e+01 5.251669472209462697e+01 3.673167086694513728e+01 4.600558349407559433e+01 5.704464297252264515e+01 7.557660002391742182e+01 7.645405454827930214e+01 6.642010506046405283e+01 5.881278631659735368e+01 4.097232280617954814e+01 6.096462464013175975e+01 6.257283117411994766e+01 4.303650005586512606e+01 4.378440773406737208e+01 5.109593123400049564e+01 7.067101648354615406e+01 8.153746181652205394e+01 7.092288014656435280e+01 8.005748517871781189e+01 6.050212606192962284e+01
7.028128911293691772e+01 4.885432239242324925e+01 3.022302998484351733e+01 4.369741190038629242e+01 5.200021555922970862e+01 4.560943001150076981e+01 3.766264832596003487e+01 2.551286534205862822e+01 2.609976319809279133e+01 4.622209660959946120e+01 4.765355830149711380e+01 2.848565396199662914e+01 2.912656473789986222e+01 2.976900559723577544e+01 3.041161005376005733e+01 3.107389045697372509e+01 3.855840832017319997e+01 4.709610225958083163e+01 3.359751028229700864e+01 3.425995339186704314e+01 5.351940057547487584e+01 5.590922582825700715e+01 6.217406218890167224e+01 6.392821271068073230e+01 5.160655723976820752e+01 3.928306693826948504e+01 3.996620760435111208e+01 5.947643753296193836e+01 4.198341362456988435e+01 5.809918686177432079e+01 6.308128608680689098e+01 4.484726417702488988e+01 6.432643148220444118e+01 6.469568775815599793e+01 5.606727358397685634e+01 7.326145665424924402e+01 7.543632577479324652e+01
7.206673566526457364e+01 5.897901418309114518e+01 4.675497357060641690e+01 2.670917529305947724e+01 4.341843595347302198e+01 2.415069425033216888e+01 2.470216488737496974e+01 4.481531779959877326e+01 2.905447114582504398e+01 4.260832779731136100e+01 5.858264936732248174e+01 4.681691157101116119e+01 4.596614773139151566e+01 5.014285402311162443e+01 3.628103155065115004e+01 3.263324379716141266e+01 5.227390246923599193e+01 3.909272458357524016e+01 5.306291090933060417e+01 5.385703769881033054e+01 3.520320353851683137e+01 3.985954447336879269e+01 5.349334599297188930e+01 5.644621169173789355e+01 3.836922960136620020e+01 5.780910335170974435e+01 4.591724069781484019e+01 4.094183890116618585e+01 4.371195459667777783e+01 6.233316346642701689e+01 6.982893654579910958e+01 5.088984079803956462e+01 4.590476649194923198e+01 4.664841653903994967e+01 4.738897740060752994e+01 6.621374460774963211e+01 6.868702288454346672e+01
6.415521333276215898e+01 4.501692792827614653e+01 4.842712359763699226e+01 4.190518274753367223e+01 2.339198821426809971e+01 4.006792371919592455e+01 3.632746812033657591e+01 5.186640273649998534e+01 3.751393049160745363e+01 5.733073012483088604e+01 6.919795153331581616e+01 7.248919013966580849e+01 6.985521148852454587e+01 5.782129712828214707e+01 3.755861776142241126e+01 5.707054313747764951e+01 6.101302393349026687e+01 4.281037366785471221e+01 6.127730325641343967e+01 5.482693855011315520e+01 5.492142206128428228e+01 3.613709847854506307e+01 3.679214900621454376e+01 3.744915819987151195e+01 5.696459411282793184e+01 6.550860586571144495e+01 4.600159764703294485e+01 6.046183757613131604e+01 6.223227078836133330e+01 4.771380400818066647e+01 6.310924619438478089e+01 7.099566140189575947e+01 6.523534376017418879e+01 6.502983128964827131e+01 6.685079349684181693e+01 4.843601101551043797e+01 4.918027400689723549e+01
5.462881992190479963e+01 4.871741298051207281e+01 2.366842324167819456e+01 2.268052267702443814e+01 4.262900222982963783e+01 3.507588734463121938e+01 5.094850580006715290e+01 6.265874116693341023e+01 5.210300167933620941e+01 5.210300167933648652e+01 7.149110940389073221e+01 7.536444244397300452e+01 5.495975539540345522e+01 4.343970994685826525e+01 5.782129712931655519e+01 6.627088692560016625e+01 6.563638128265971261e+01 4.675647840273945377e+01 6.563637930018754219e+01 7.463464056031280336e+01 6.381927841518172073e+01 6.266919102902967609e+01 5.690888483761113292e+01 3.914009131642534101e+01 6.010079745662950756e+01 6.938163818222409418e+01 4.974295430039072130e+01 6.938103443636344991e+01 6.669001034349425083e+01 6.684930465557584967e+01 5.190854117074418639e+01 7.101124506456913821e+01 8.241324679400398168e+01 7.661871013030341260e+01 5.753577364821190798e+01 6.820627923343701582e+01 6.872545284863623749e+01
3.440030040640461095e+01 4.507343626470920839e+01 4.129722509688984644e+01 2.218728656709016178e+01 4.207484191102207660e+01 4.384391636601318964e+01 5.087958537750058952e+01 6.849034974721463698e+01 7.149110940059875929e+01 7.149110940389073221e+01 7.969967081320659474e+01 8.382795429750640892e+01 6.810762391188251286e+01 4.787642613251210122e+01 5.943723894424242360e+01 7.995159003347458793e+01 7.096616675409954667e+01 5.174935194960038132e+01 6.206466247319379903e+01 8.152870748948444657e+01 8.556918628620536538e+01 7.987112187762109272e+01 6.442950618056339351e+01 4.342532361393238460e+01 6.442950915626137487e+01 7.344516343291390115e+01 5.381416182437713047e+01 7.344516343291390115e+01 8.540284340519568218e+01 7.897402974715458868e+01 6.543341912081734790e+01 5.637778647156453360e+01 7.545008436984669231e+01 8.530873140150663403e+01 6.632298060434916920e+01 8.525535046087240687e+01 7.911016101739741657e+01
4.507141420256926523e+01 2.574859518301782657e+01 2.149581359518425572e+01 3.482626914234252524e+01 3.005612703118020690e+01 3.737910004443418188e+01 4.464366761183023868e+01 5.335992974409952438e+01 6.448346098771322943e+01 8.408005528871585454e+01 9.182229040443266399e+01 7.126163424881173114e+01 5.943723894424242360e+01 5.446930238034441629e+01 7.492678467765155403e+01 8.840865737834938898e+01 7.682976583460953179e+01 5.738240776348496297e+01 7.682976583460953179e+01 8.969283357777882770e+01 9.192800037225904930e+01 7.117609142983624793e+01 5.067034032229518914e+01 6.443188733785245859e+01 7.300453636034454519e+01 7.778159188605501129e+01 5.822409260791977914e+01 6.954333894496954827e+01 8.903525468637955953e+01 9.251043979902026138e+01 7.871352920156637367e+01 5.968340109441808750e+01 7.871368130621206660e+01 9.410006158037205637e+01 8.029398991829337717e+01 9.407232802418621986e+01 8.906957896152387377e+01
3.983387370399240268e+01 3.995006192551071678e+01 2.100287594943586456e+01 4.076549152101365792e+01 5.259040982944023312e+01 4.859245202765784200e+01 6.408317818194086612e+01 7.223223712509927452e+01 8.096021305929548362e+01 9.232749051235622062e+01 1.002383543115723086e+02 8.840865788270039616e+01 7.995159003826955768e+01 6.622356649491663916e+01 6.890114517693228890e+01 8.947396528225885959e+01 8.499372492753452946e+01 6.852578704045197355e+01 7.107020185417047742e+01 9.073458330954119333e+01 8.317542755997807546e+01 6.213790208602952703e+01 6.506159490769368858e+01 6.091103053352355801e+01 8.252145316526468832e+01 8.274361199335785955e+01 6.330995801238692167e+01 8.274361286871494769e+01 9.714490840885538603e+01 9.560794835165889083e+01 7.653332317455642908e+01 6.314975677631062467e+01 7.653335806913992201e+01 9.561102940764889979e+01 9.984540106383080627e+01 9.835922497777799833e+01 9.006806563251299735e+01
3.922833751117745038e+01 2.029226898043429728e+01 3.834375624661770132e+01 4.853794561991101375e+01 6.578054160715412024e+01 7.002604444696984842e+01 7.847274800991736754e+01 7.644446237956702817e+01 8.471048688436671625e+01 8.788153280940075263e+01 8.788153280940075263e+01 9.604374958719607491e+01 9.525033216252784030e+01 8.681560180994596010e+01 8.947396528225885959e+01 9.789926422512860427e+01 9.635492149279073715e+01 8.817321181991617607e+01 9.073458330954119333e+01 9.891724800084853086e+01 9.192867364160888144e+01 7.626468245483988539e+01 8.593779188016767989e+01 7.048383126575124891e+01 9.117630529125440830e+01 7.869250836012541583e+01 7.706347471586754239e+01 7.372434121482091030e+01 9.310072641169523422e+01 9.935162484122605520e+01 8.022357077854897511e+01 6.691765006027017648e+01 8.022384312436476250e+01 9.936557158694114378e+01 1.039750424427700892e+02 8.435643927530784936e+01 7.073630250935133290e+01
