MOVIE_S2_data/elevation_000476.asc
nrows	100
cellsize	150.0
xllcorner	0
ncols	100
yllcorner	0
NODATA_value	-9999
[rows 17 to 33 of 100, columns 37 to 73 of 100]
7.354144774066354273e+01 5.346055874629266924e+01 3.322311266873062863e+01 2.603774987386683648e+01 4.217855763737156138e+01 5.070063388492656031e+01 5.873586842006762510e+01 5.099107448807537679e+01 4.524871767573322501e+01 2.511273511987327822e+01 4.368614080060829252e+01 3.197320644762386976e+01 3.583150852012964549e+01 4.842726893312256209e+01 4.701416338409719486e+01 3.134628918603110037e+01 3.987349221851133763e+01 5.606762009225980137e+01 4.540483387498734658e+01 4.395239175158456391e+01 4.452502467176959300e+01 5.110128599336708533e+01 3.313105638611844483e+01 3.204657786917829299e+01 3.260480398739254326e+01 3.318465626005095714e+01 3.377485107179097668e+01 3.438247660596680078e+01 3.500634038140029247e+01 3.564884532571983300e+01 3.631127853015183859e+01 5.742932635791517981e+01 5.902279999574702885e+01 5.840338865867587970e+01 3.983988839842195517e+01 4.058868596026342601e+01 4.144688847801881337e+01
6.518560740816263888e+01 4.487722618358066029e+01 4.954048031443533517e+01 2.934832999295445433e+01 4.954048027903357365e+01 6.284068047824055014e+01 7.299008168647510786e+01 5.900284013296163721e+01 3.881008928726888030e+01 2.665959580762290670e+01 4.731274666245045069e+01 5.382006292544667758e+01 5.463298089823825876e+01 4.724148344247981868e+01 6.081308771725095852e+01 5.696535637001427688e+01 3.446058414601237274e+01 5.756624112820210115e+01 6.054802970725961586e+01 6.450066005843451933e+01 6.499800489716578511e+01 5.666897837814225625e+01 3.586148360588865813e+01 4.072534522987932348e+01 3.494816760030710867e+01 5.347034178858817199e+01 5.600361507043904652e+01 5.553494483648437807e+01 5.006720788766939023e+01 5.678609790761284160e+01 4.824157912429741657e+01 6.513442311756269021e+01 6.519095974721841458e+01 4.445685440114759501e+01 6.065920730780199932e+01 6.109549797392677561e+01 6.112976273146817618e+01
6.518560740822104549e+01 6.518560252350228268e+01 5.792902574706457131e+01 4.954048033544608387e+01 3.419829597681606970e+01 4.428653056764878926e+01 6.461932536066964872e+01 6.728965530255202054e+01 4.895897461182058663e+01 2.829258954175718088e+01 4.351858800912426517e+01 6.480987035199621005e+01 7.287610218195742107e+01 6.629106056244012279e+01 7.468113410414363784e+01 6.600932195209810516e+01 4.205684923757728910e+01 6.600943997830320598e+01 8.084071556300929728e+01 7.396797910132585230e+01 6.105355912557828191e+01 4.042340169114822856e+01 5.667099485042246698e+01 5.884493002123624450e+01 5.373560924274364226e+01 3.795796872616719497e+01 5.741204269666698679e+01 6.985830148054158428e+01 7.081196309510568199e+01 7.538383523710490408e+01 6.729991805586074349e+01 6.986831047458731803e+01 4.921649305332481106e+01 6.519095941770227398e+01 7.359385099507761652e+01 7.523213818161026722e+01 5.453385967625571595e+01
8.540566210081873066e+01 7.468444223412851102e+01 5.437281317649613044e+01 3.999056520926759362e+01 4.586070415331706585e+01 6.283673833610237125e+01 7.298966734366098308e+01 6.475271824715402147e+01 4.471753398530247381e+01 3.001304999892219527e+01 5.058572249743868809e+01 5.496501576777383491e+01 6.324124354737976716e+01 7.781089513589442674e+01 8.214861857158786052e+01 7.600571603013133881e+01 5.752276178872713075e+01 7.602044168349580389e+01 7.998768124194585027e+01 5.967278044943446247e+01 4.510607863791979355e+01 6.105355912551392095e+01 6.943376160075693804e+01 7.176994118484525131e+01 5.146489209763384309e+01 5.741210328295471044e+01 4.138400166442627892e+01 5.549724875110031519e+01 7.588991099657552297e+01 8.984405861327904574e+01 6.940610277613343726e+01 5.467482531654805200e+01 5.708607491071726514e+01 7.777321178213253461e+01 9.204800557047383336e+01 7.151141620950295419e+01 7.528231951491513030e+01
9.347727182954442071e+01 7.649054506774848505e+01 5.617562763141109627e+01 4.441582952013242647e+01 6.476171423884228773e+01 6.618984543260377507e+01 7.473502967762465232e+01 5.477052761791366464e+01 4.055344784665041402e+01 5.058572244241262439e+01 3.259349876535872426e+01 3.476959365174592165e+01 5.497193916081341314e+01 5.786200772872865628e+01 6.228521602700868698e+01 8.207804504771488041e+01 8.068624259950549060e+01 8.919703719615181114e+01 7.934254855846738508e+01 5.964101725554611022e+01 6.562321270027253206e+01 5.036199977844571407e+01 7.079102777564153826e+01 8.012145880431963008e+01 7.176994118489511720e+01 6.450641109364855197e+01 4.413837636984770540e+01 5.586941850730021031e+01 7.630476237890623281e+01 9.383385283303604751e+01 7.348981424716379252e+01 5.876578314416332205e+01 7.777452230195282823e+01 7.180078682421300584e+01 9.220358507510620427e+01 9.204811897188513115e+01 7.548344451977131087e+01
8.516578877011843929e+01 8.482806836180039056e+01 6.984687829207040011e+01 4.950576182311306894e+01 6.984687829207040011e+01 8.642620885432468469e+01 7.473503242622284404e+01 5.477052762283783238e+01 6.061799569665628695e+01 5.596413851716434351e+01 3.582273612913500216e+01 5.497193916081341314e+01 3.783856407496946872e+01 4.611102308662416505e+01 6.011665072757208605e+01 8.008396675159352185e+01 8.585433584164510989e+01 9.378508242475335521e+01 8.785959635729706463e+01 7.973038907080086801e+01 7.455450336773844811e+01 5.419942115043809849e+01 7.455450336788341303e+01 8.898369633942080270e+01 8.215211578897090305e+01 6.177917174098206488e+01 4.725562788238262613e+01 6.774626889990250334e+01 8.463667767905793937e+01 9.805217806470507469e+01 7.782180091962652568e+01 6.313131937205415767e+01 8.374714120119193694e+01 9.220544161848394538e+01 1.005416651240951040e+02 9.630409477525054740e+01 7.926348090357950582e+01
8.264005779969542687e+01 9.258001899429667958e+01 7.627573734315592446e+01 5.594515609873150197e+01 6.613072114589127182e+01 8.638188139970121426e+01 8.304792647703690989e+01 7.473503242622284404e+01 7.185494934308611903e+01 5.901018084071920811e+01 3.903613772774550483e+01 5.901008590680080346e+01 5.786230264383522126e+01 4.100376335574654973e+01 6.089631311225619470e+01 7.032352981089813682e+01 6.650905125737243395e+01 8.308267872415082422e+01 9.508740463701006718e+01 8.878133020278303889e+01 6.866155874330056008e+01 7.455450336788341303e+01 6.055134378923626315e+01 8.075162553076714289e+01 8.694926066395746034e+01 7.116575321711157187e+01 5.064886827016250948e+01 6.521165309249779796e+01 8.554022248959908836e+01 9.681124633876937935e+01 8.886902692017105210e+01 6.838148404413446713e+01 8.004194750481096321e+01 1.002333625481640809e+02 1.022549368996535009e+02 8.211620796640892195e+01 6.749126514696570212e+01
6.446556313256243698e+01 8.436956171732893495e+01 8.345173948739500247e+01 6.315403423096913826e+01 8.345173948739500247e+01 9.469314208220828277e+01 8.691569913622520005e+01 7.690750577549216871e+01 6.356176290068096790e+01 4.372209172861344939e+01 5.901018084071920811e+01 6.729017100836156828e+01 6.356871295658299204e+01 4.375426908904371004e+01 4.629131750966761416e+01 5.050169650904655327e+01 5.523869206018395772e+01 6.665764212198639882e+01 8.676374497676764008e+01 9.700585630762221001e+01 8.878133020268499820e+01 8.544943235033919393e+01 6.538055326408969847e+01 8.544943235033919393e+01 7.863201571125870259e+01 5.818478360413473638e+01 7.116575321709751734e+01 5.794528922415735650e+01 6.825676257908413902e+01 8.853586302278283426e+01 9.429659820560161165e+01 7.398848601273161307e+01 9.429659820577569462e+01 1.084757948179965155e+02 9.967035324388676543e+01 7.948217847475014253e+01 8.801470510647848755e+01
8.264005779969569687e+01 9.258001899429667958e+01 9.175916926041566057e+01 7.492645167863180689e+01 9.175916926041566057e+01 9.281069362297427006e+01 7.268819804832516240e+01 5.860825322788092251e+01 4.877910580572908827e+01 5.514478961965247095e+01 7.185494934305994263e+01 8.041640352985159268e+01 6.043245818403378422e+01 4.651102046429055292e+01 6.609760265741785190e+01 5.876003292727988736e+01 7.515548108120532333e+01 6.363473532456745829e+01 8.371976763399749188e+01 1.021175595565549372e+02 9.378358863628704967e+01 7.401836743374198591e+01 7.705445984290190609e+01 9.364659382814228650e+01 8.450930315909070600e+01 6.414974524538172318e+01 8.450930315908655643e+01 6.417557603842222136e+01 8.453493049158842609e+01 9.681124558625604948e+01 1.018774950632255951e+02 8.182032726358194452e+01 8.845131853321345261e+01 1.084083516671389589e+02 1.079095003218102278e+02 9.124378834232405211e+01 9.762744686857389809e+01
9.688989274432650234e+01 1.051769322905348503e+02 1.033552958089210989e+02 9.509461771625531412e+01 1.002530383421384101e+02 9.123806277004379695e+01 7.434009422318712268e+01 5.443918503106014839e+01 6.859509688815955997e+01 7.505956222554060275e+01 8.338325425632177712e+01 8.325235638696628371e+01 6.321439430797614278e+01 4.930532831752141476e+01 6.908337751982639929e+01 7.022664789542311325e+01 8.705520007991735554e+01 8.371976763399749188e+01 7.363623775027905083e+01 9.380329751771584768e+01 1.001983746984799239e+02 8.068824354562785572e+01 9.691717805867837399e+01 1.050934721235744149e+02 9.125198183213413472e+01 7.102464728961871288e+01 9.125114752712005384e+01 7.338086331904415260e+01 7.864988345289330596e+01 9.874249492936434081e+01 1.100969948994494700e+02 9.194897951858642671e+01 1.084083516671389589e+02 1.166281566466718544e+02 1.194071408277035857e+02 1.111812549660597256e+02 1.058603587105573069e+02
7.679500851268555550e+01 9.102951887238026529e+01 1.110380607608624359e+02 1.061726064415016708e+02 8.599979621087990722e+01 7.175405041141463869e+01 6.283387398787228051e+01 6.845349804052551690e+01 6.373192673311828571e+01 8.380051965022724403e+01 1.001990312501261258e+02 8.854755519259424545e+01 7.200745510737165489e+01 5.218093875939254644e+01 7.200745510737165489e+01 9.033111007416853511e+01 9.866518370917818004e+01 1.021175595565556193e+02 8.528422741297832488e+01 1.021175595565556193e+02 1.082963059314335368e+02 9.198711126880560585e+01 9.620475978450173216e+01 1.148612287790891600e+02 9.951554297600202403e+01 8.124203035529811245e+01 9.947985555080384756e+01 8.356688701860015556e+01 9.874226424602406382e+01 1.069968203900601225e+02 1.200224740915076325e+02 1.118060106078645077e+02 1.200224740915076325e+02 1.207299396894766090e+02 1.159317391031712674e+02 1.242494909765145650e+02 1.158161339844015032e+02
9.688989274432650234e+01 1.051769322905348503e+02 1.091502247611821161e+02 1.069592316038091724e+02 1.002591521517236259e+02 9.123806277004379695e+01 7.437469850445641839e+01 8.855159456358249770e+01 7.126660386247264967e+01 9.141644296955705329e+01 9.183801711945024238e+01 7.165886075537669342e+01 6.015192170547555151e+01 5.565892778319216205e+01 7.558826012263908467e+01 8.711705276122562225e+01 9.426931412759998352e+01 1.026392532720339830e+02 1.054405636974077822e+02 1.137308408697821847e+02 1.195479858975798209e+02 1.114151691406296720e+02 1.148612287797527927e+02 1.185575062729285349e+02 1.095149184796889585e+02 1.012629644364336059e+02 1.095020240131268423e+02 9.773490559877376427e+01 1.117964544675311345e+02 1.204848150769194461e+02 1.156831805351341131e+02 1.240099184226128841e+02 1.207299396894766090e+02 1.007037627280749348e+02 9.592117524226081571e+01 1.126845045062942319e+02 1.173403347982533234e+02
1.090578142970413325e+02 1.091502254637183427e+02 8.917299491947964896e+01 8.699003053847434330e+01 1.011250761912485387e+02 1.028720631826356851e+02 9.453198541894730056e+01 9.975444233158383156e+01 8.289105160211266821e+01 9.975444233158383156e+01 9.184232435973322595e+01 7.165887714784820162e+01 8.018757576084666994e+01 6.368129848112486968e+01 6.142100599375255143e+01 6.692492359048074491e+01 7.403966407567253327e+01 8.834311122857204168e+01 1.085764335398081926e+02 1.240573373384580691e+02 1.157536429077155731e+02 1.134504553533376026e+02 1.093645348309561314e+02 9.572262336735303734e+01 1.008685313562562129e+02 1.091826411540506285e+02 1.192243374363465307e+02 1.175927316748761342e+02 1.204845621034697416e+02 1.004515302681299715e+02 9.566867571432723594e+01 1.107190327658496471e+02 1.190395870953453965e+02 1.043786346714384337e+02 8.442527059070053497e+01 1.043786346714384337e+02 9.732828108825285085e+01
1.082272301660339906e+02 1.057599906765883304e+02 8.580833370392886650e+01 7.295351426452269550e+01 9.283887253585415067e+01 9.639027028472587233e+01 9.489573775596294070e+01 1.032359610142997752e+02 1.030623441546906349e+02 1.113884610015550720e+02 1.002193452385083816e+02 8.329648996888323609e+01 9.218784273743202107e+01 7.369910922759551397e+01 6.805116939385860064e+01 8.711705276122562225e+01 8.711705276122562225e+01 9.055694880939232405e+01 1.107874455324288192e+02 1.157536429077155731e+02 9.574996977315484514e+01 9.342102075790293725e+01 9.342102075790293725e+01 8.011683533091641607e+01 8.070884951132796914e+01 9.082213129303792698e+01 1.050445278423999014e+02 1.250886279701513786e+02 1.165976754618160953e+02 9.658464268166920874e+01 8.417042442949218639e+01 9.072998661292990619e+01 1.107190327658496471e+02 9.806882692366606591e+01 7.814205754465130838e+01 9.426769188202989369e+01 8.323951312380005163e+01
8.822567774875479074e+01 1.023825797491183778e+02 8.580833370392885229e+01 6.595367427109827929e+01 8.580831657455109962e+01 7.641885299417087651e+01 7.493215865777789020e+01 8.901473975736080035e+01 1.090961406056002971e+02 1.184415482927068410e+02 1.119303388822384306e+02 1.035264295848379703e+02 1.023463455899128292e+02 8.799231461976241064e+01 7.627811882542599164e+01 8.826144602518967019e+01 1.073429228255973413e+02 1.107874455324288192e+02 1.129895824373806903e+02 1.047012150226344147e+02 1.016089099856285429e+02 8.155275930726980960e+01 7.331253052791959135e+01 6.988287323032243137e+01 9.009283845562302417e+01 9.940596460415073921e+01 1.094190540216841185e+02 1.209870488266181212e+02 1.109725084903077317e+02 9.658464268166920874e+01 7.665480435028759132e+01 8.930730476517486238e+01 9.759602843898122160e+01 9.231646409113920981e+01 7.239704045539163246e+01 7.434450926810683313e+01 8.583074828591455230e+01
7.417481565290613332e+01 9.408399681751760113e+01 8.030163620250657175e+01 6.044825544453798472e+01 7.305219999460884139e+01 6.238542837510361494e+01 8.214837935753617160e+01 9.397831431055398355e+01 1.126315363967408985e+02 9.881057127175797916e+01 1.085947696594661380e+02 1.166050978394381872e+02 1.169044264155843820e+02 1.049919220144956995e+02 8.796505453522898677e+01 1.049919220144956995e+02 1.169167812844863334e+02 1.203849322000815221e+02 1.047012150226344147e+02 8.473302015836340217e+01 9.058156902605394123e+01 9.886130129787198939e+01 8.442823054207626399e+01 6.427210598817599418e+01 7.102500577478708976e+01 8.109776031062341417e+01 1.011276973335371565e+02 1.126623350042180931e+02 9.266165129753312613e+01 8.271209563097825423e+01 7.568206999943855351e+01 6.937790678527181853e+01 8.398095318225446704e+01 8.699277419206951834e+01 6.705868537826998477e+01 8.115036546625215408e+01 1.010975965748649088e+02
6.668651826694163276e+01 8.655903365058999555e+01 8.166434382383376089e+01 7.305219999460884139e+01 5.317104160683643244e+01 5.575083414371714952e+01 6.568970211532639780e+01 8.562310293227668012e+01 1.027842184822167297e+02 8.477442947064972145e+01 8.888487934354897391e+01 1.085829820387739915e+02 1.201983708598943537e+02 1.169698066206450164e+02 1.084089484847230267e+02 1.131336960607731186e+02 1.214335526622816133e+02 1.120890105389462548e+02 9.213236997885405799e+01 8.059609931265143246e+01 7.056908374234265580e+01 8.241150612104567585e+01 8.037538920445550161e+01 6.022324914858243972e+01 8.037538920445550161e+01 9.940596460415073921e+01 1.094190540216841185e+02 1.209870488266181212e+02 1.109725084903077317e+02 1.026619931508756451e+02 9.560863924072755538e+01 8.398095318225446704e+01 6.402451784596921414e+01 7.899184769920270810e+01 6.356448017130052364e+01 7.768123256612868488e+01 9.762517336305721471e+01
