MOVIE_S2_data/elevation_000653.asc
nrows	100
cellsize	150.0
xllcorner	0
ncols	100
yllcorner	0
NODATA_value	-9999
[rows 34 to 50 of 100, columns 0 to 36 of 100]
2.978181695229736945e-03 6.327533502032015811e+00 1.299420016869874139e+01 2.299420016869891725e+01 4.299420016869962069e+01 6.208938376920796287e+01 6.208938376920796287e+01 7.036430102880976278e+01 7.527800258263195587e+01 7.740042672076305053e+01 7.151637916148480656e+01 7.371416845521360983e+01 6.981701904593215602e+01 5.695438463069111634e+01 3.688787785379736306e+01 5.695438610704806592e+01 6.981718338409106650e+01 6.953733448627913560e+01 4.934249770262793788e+01 6.953733448627913560e+01 8.282495480599291682e+01 6.261552791284900366e+01 6.632562907412732045e+01 4.662733819066423990e+01 4.887414515268268644e+01 5.791677922860840511e+01 6.954552601278001589e+01 8.976580843042333413e+01 8.898698220424265060e+01 6.865814094762416175e+01 5.834450588685682249e+01 5.150684153479603822e+01 7.207504793559131429e+01 6.932938753307556112e+01 4.873199369788369495e+01 6.932938753772452856e+01 7.389235492362554680e+01
1.893497408783086870e-03 2.000189349740842815e+01 3.299420016869944305e+01 4.127847141616164350e+01 5.127847141616440751e+01 6.420691217544917606e+01 6.232496832882937809e+01 7.060950443962843792e+01 7.260052462916510763e+01 7.260052447448741475e+01 8.088928468231632962e+01 7.483239644929361134e+01 6.150348355539220790e+01 4.143026941198650093e+01 3.084580613441447028e+01 4.143026945838460051e+01 6.150348982412298682e+01 6.490422966670972471e+01 4.474207146244659583e+01 6.490422966670972471e+01 7.752022892809583254e+01 5.731084154970504585e+01 4.616668442756996882e+01 4.179843295413827775e+01 5.183414335799326977e+01 7.202414280175626971e+01 8.653603028217996496e+01 9.825774432258167224e+01 9.729170474068580177e+01 8.716821117688006382e+01 6.787658038510465985e+01 4.726708818558608272e+01 6.787658038509624703e+01 6.618722071980580779e+01 4.555991935174453999e+01 4.903158350219168682e+01 5.379356020102552804e+01
9.179827644033159914e-03 2.000917982764367764e+01 3.898133644110228602e+01 4.726658906087877199e+01 4.420188834282447488e+01 4.420188834282447488e+01 4.231680944991209969e+01 5.905906007746123976e+01 5.249799601256434300e+01 5.249799601254751025e+01 7.260052444926202497e+01 6.652006345235999163e+01 4.643899296949655309e+01 3.486223370958104795e+01 2.506533975835769468e+01 3.923512404993333291e+01 5.930609011757206872e+01 6.060557016048347379e+01 4.054734846630128686e+01 5.481517009513395067e+01 6.169404674285835455e+01 5.331822398333756041e+01 3.734761057112370253e+01 4.878720398416572124e+01 6.895431965780788630e+01 7.202414280418615533e+01 9.229976177737890453e+01 9.738431094015402323e+01 8.893924152203084077e+01 8.066273728420289046e+01 6.434208163238778866e+01 4.369483440335000068e+01 5.954169415846374136e+01 5.954169415847419344e+01 4.245087868200037917e+01 6.311125819257887315e+01 7.435634386134711349e+01
6.604900230173384179e-03 2.000660490022981719e+01 1.896058047179858619e+01 3.070659477193009579e+01 2.416806471242299281e+01 3.810220316056598477e+01 3.073856442142957235e+01 4.842247585769079166e+01 3.803078186673151606e+01 5.838589028659198732e+01 5.996632139861450383e+01 5.190809441674470293e+01 5.527134303670364801e+01 4.073885125217149294e+01 2.069999325963647507e+01 4.073885125217149294e+01 5.399966510074850845e+01 6.244749368233725306e+01 5.481517008982887518e+01 3.497822460646020915e+01 4.951345210230248739e+01 3.354791654751836916e+01 5.331822398333756041e+01 6.570379331408565804e+01 7.737417922049043284e+01 7.865454256677278977e+01 8.714474957425599655e+01 8.893924152200256117e+01 6.900824447439345022e+01 6.047656360116666718e+01 7.275628507229249919e+01 5.954169415849000302e+01 3.883997796441839512e+01 3.883997796441839512e+01 4.513029487200750367e+01 5.205742664187125968e+01 7.261459541470036072e+01
5.101467937297931264e-03 2.000510145256797401e+01 7.368482039069013112e+00 1.063384816525980092e+01 1.409619220240266380e+01 1.799279510612053556e+01 2.292707592282195606e+01 2.821366165452378993e+01 4.842247585767660922e+01 6.328835777092596260e+01 5.157060049484952202e+01 3.290130208928548683e+01 3.376566357505587490e+01 3.684766084723825230e+01 1.691999971905410050e+01 3.695177878456511422e+01 3.382036778444840763e+01 5.399968897062565532e+01 6.319761505738438245e+01 4.951345210246800832e+01 2.987428537639829784e+01 4.950872272888357628e+01 5.191646363651216944e+01 5.767110466288910686e+01 6.436966563266274477e+01 5.845282643873949269e+01 7.865454256677278977e+01 8.066273728420289046e+01 6.047656360116666718e+01 4.857624195522367216e+01 5.937650611804374989e+01 5.372578085485550758e+01 3.553350024364536353e+01 5.626846542609806079e+01 6.576219203980987515e+01 7.261456475200711225e+01 6.399435605344640976e+01
5.600358222118538565e-03 2.988697866811741655e+00 2.301220133602327067e+01 2.484223500184482347e+01 2.831952400504052392e+01 2.963347749306806733e+01 4.308798151403877341e+01 4.254690143665266078e+01 5.672059619845984457e+01 5.515842805695356077e+01 4.242035835614287009e+01 3.856494261030638171e+01 1.896972439954351941e+01 2.897958480952169324e+01 1.331136202510453792e+01 1.965316751480088087e+01 3.384124582305147300e+01 5.429909499507575532e+01 6.169637124469117140e+01 4.155676663906341872e+01 2.773591515220179815e+01 4.442265495426821786e+01 3.215471991293166809e+01 3.774607065601333744e+01 4.427609968685061403e+01 6.436977206309630617e+01 8.294669648920135785e+01 7.457954830711678085e+01 7.375718921503107595e+01 5.341983214308201156e+01 3.876616530032762853e+01 3.297509881073536064e+01 5.372578085485550758e+01 4.442958353328924659e+01 6.506924786991325504e+01 8.369009064995624669e+01 8.439006136887596199e+01
4.575904209876861112e-03 2.000457589892979726e+01 3.129867398278758372e+01 4.486441169540293572e+01 4.834543141100388652e+01 4.967069753349162653e+01 5.795661911914960740e+01 6.260736731169350122e+01 4.622286589395102396e+01 3.452107823744749027e+01 3.704336792840608439e+01 2.595308209572022662e+01 2.872614181845640857e+01 8.941589145444536868e+00 2.897958480437193884e+01 3.969669603445616701e+01 3.942723255524018100e+01 5.835005135641730334e+01 6.021821354979637420e+01 4.782103195100754789e+01 4.179114912364179446e+01 2.465104444286479080e+01 4.444874235237031002e+01 5.765056495896617861e+01 6.436296304396677215e+01 7.278348313992181318e+01 7.115594129308688309e+01 5.406537007519821714e+01 7.041460803156729753e+01 5.814692362211389565e+01 4.966708720760787799e+01 3.127208297525595526e+01 5.202439099346339191e+01 6.506924786991325504e+01 5.481096078116054571e+01 6.937554176815409335e+01 8.969691764235167852e+01
4.658155261040713979e-03 2.000465815526068525e+01 3.299655283670109185e+01 4.128082408416329230e+01 5.128082408416447180e+01 5.561948572701879812e+01 4.733055046563436008e+01 4.732919334186227900e+01 3.543570654945229137e+01 1.735873775003264541e+01 1.827153506204570732e+01 1.502096578077270550e+01 2.476963618755110730e+01 6.710353494891555748e+00 2.001395679857964893e+01 3.721740325940005079e+01 4.625407134653968200e+01 5.608489875660472279e+01 5.058401923389121890e+01 2.883183343899345985e+01 2.174958188400396608e+01 4.177756325993063058e+01 3.714388376484267695e+01 5.113097833639947964e+01 7.129506366088715197e+01 7.721725875759760527e+01 5.673724437489366323e+01 4.208378808221242906e+01 5.169677552152937494e+01 4.134055910052288141e+01 2.891698367741300046e+01 4.966708654760168429e+01 4.598736485767579296e+01 6.659906124018660023e+01 7.532753495866583648e+01 7.160331155739483222e+01 9.189842878245450208e+01
5.330849696878311485e-03 6.329886170033663717e+00 1.299655283670038841e+01 2.299655283670056605e+01 4.299655283670126948e+01 4.733055046563436008e+01 2.733884193115768824e+01 2.733880835258237596e+01 2.713742429156226166e+01 8.806068558722945028e+00 4.148420613077332675e+00 4.505406623513558806e+00 4.864880963339039077e+00 5.225933302910355849e+00 2.494977512456173230e+01 3.143671736893926649e+01 2.626178785098074542e+01 4.797980887746258105e+01 4.566825460978295581e+01 3.685997965616536476e+01 1.970690979945158006e+01 3.000570233476681992e+01 4.986633308639562046e+01 5.702411846440618604e+01 7.720541757450621390e+01 6.829888675686324007e+01 5.986476800001130982e+01 5.169677728850824394e+01 3.096240452535924703e+01 2.665036244125938936e+01 4.738946746415653166e+01 4.004305211632647854e+01 6.071866963973349129e+01 6.659906124018660023e+01 8.696295790909246648e+01 9.189842878245450208e+01 8.742390536707617343e+01
9.384206039104543359e-03 2.000938420603874945e+01 3.299655283670109185e+01 4.128082408415892957e+01 5.128082408416394600e+01 5.053211294763922723e+01 3.318645978449200840e+01 1.323733261867282174e+01 2.325958398660805315e+01 3.647826103621303329e+00 2.375758476292665478e+01 2.487099716802762828e+01 2.503292874890121311e+01 2.370973304030118456e+01 5.740868141926245727e+00 1.300026149859577806e+01 2.904855717399523130e+01 4.003491330261989134e+01 3.736283667399791852e+01 1.689589837392201943e+01 3.736526631605907056e+01 4.823949266402765090e+01 4.986633308577921753e+01 6.993732502373322291e+01 6.399560725815240403e+01 5.554356586164075082e+01 3.921375763025384487e+01 4.300328864027104459e+01 2.442385496088979124e+01 3.224729285577426197e+01 5.297406871310248277e+01 6.071866963975519838e+01 5.471252199132421623e+01 7.521879275021262856e+01 8.519699006251717321e+01 7.696359326619283081e+01 8.519699006251717321e+01
9.768314284573654735e-03 1.415219394642416617e+01 3.416875314243905137e+01 5.040916452682721882e+01 4.743870554346410984e+01 3.878351108310590689e+01 2.234325540450336334e+01 1.782961583720837595e+01 3.153054008236052752e+00 2.327222078908913261e+01 2.009856247689117481e+01 4.010955474066609838e+01 3.837575413976230010e+01 1.843757061980007705e+01 2.578055430628935341e+01 6.253280415311214924e+00 7.292149796139741902e+00 3.103898031255706158e+01 3.556253138570944117e+01 1.499053863958508614e+01 3.556252118198744228e+01 4.885090466426915157e+01 4.943848169234954071e+01 6.954077031930408737e+01 5.554356586164634990e+01 3.487052352527552301e+01 4.092551743775236872e+01 2.232972916857415058e+01 4.300328864039020260e+01 5.297402130330293346e+01 4.694165694278184731e+01 6.753799920564917159e+01 7.521879275021262856e+01 8.358440547302932089e+01 7.519966195533262976e+01 5.692027606916874305e+01 7.519966195533262976e+01
9.313476842122882932e-03 2.000205898673044658e+01 3.658977480765761214e+01 3.116445936455307120e+01 3.135709805440181341e+01 1.997190752142844516e+01 1.623698965316532750e+01 2.663887962320460545e+00 2.250147907538283931e+01 1.396233520731556332e+01 3.400196328981724747e+01 4.839956863646440155e+01 4.655412265631606061e+01 3.256997495905957152e+01 2.971021832425372722e+01 1.528951656700526485e+01 6.758549141412077965e+00 2.729722943572130589e+01 3.132634718111523853e+01 1.315704247013205119e+01 2.028314139203622091e+01 2.949843145648051745e+01 4.943848169256150271e+01 5.996252726376297915e+01 4.740481597874126862e+01 3.889551209436903179e+01 2.032321616703207923e+01 4.092551559598908995e+01 3.694831948152670975e+01 5.762127771429254608e+01 6.753799920564917159e+01 7.593838723977938798e+01 7.829670549244596600e+01 7.004813589743095292e+01 6.694193466768072653e+01 4.693614444859538537e+01 6.694193466768072653e+01
1.757287057980242524e-03 1.997027193155770064e+01 1.569403003101641758e+01 2.133976577774130234e+01 1.145754705888982627e+01 1.757989742587887605e+01 2.177937303580206319e+00 1.642673722001791958e+01 3.088413440371751051e+01 2.813361015082034911e+01 3.032719915039131564e+01 5.035294308334441382e+01 6.030606563047427926e+01 4.158744201784397632e+01 2.453063652450813947e+01 7.269661933372135287e+00 2.680066764136142154e+01 9.068536853429813860e+00 1.071494649759655715e+01 3.130733347608105177e+01 4.049333067036674549e+01 4.880467159237272767e+01 5.780102102056460467e+01 4.540822127867627245e+01 3.085374249359042054e+01 1.839214840510713600e+01 3.889551207928932541e+01 4.943304484336082538e+01 5.762127757415137097e+01 6.606485679687999379e+01 7.214181897116002062e+01 6.344396317726375401e+01 6.675512252145847469e+01 5.002812355473029982e+01 6.027333792798565781e+01 4.027107275288349797e+01 6.027333792798565781e+01
1.954507115700021471e-03 3.400162104882617498e-01 6.781262553477760413e-01 1.016526986650680087e+00 1.355076170674994529e+00 1.693939990174950339e+00 2.177125834408841243e+01 3.048002154649762829e+01 4.425282311131188351e+01 4.813294929405002165e+01 5.035294308334668756e+01 5.592085671004632275e+01 4.440758914893377352e+01 3.459481153674616394e+01 1.625768522482728429e+01 7.629953458613385919e+00 2.752495456777221960e+01 2.963625270839841974e+01 3.127608511388508106e+01 2.541432165984466707e+01 4.554107736194997358e+01 5.968358502866175286e+01 5.205677041212341294e+01 3.689595370821830755e+01 1.650448205775513344e+01 3.689959682969667654e+01 4.635226799158038347e+01 5.703053014039390689e+01 5.638404410190212701e+01 6.428890245061151631e+01 6.000892312751430069e+01 4.308396234595721097e+01 5.848947092882839627e+01 3.847349109301948289e+01 4.693318080495581768e+01 3.448142551087897800e+01 5.449918133636185757e+01
9.499524778340364892e-03 4.466781502999660702e+00 1.054506862492655372e+01 1.896837672916267081e+01 1.749738387134662077e+01 3.815995389544671657e+00 5.476017739759234892e+00 2.557033232050982718e+01 3.798677982508743156e+01 4.821557326828774848e+01 5.647975763548505768e+01 4.763249589606319034e+01 2.771922591318336515e+01 1.631547666338440905e+01 1.086281944379330966e+01 7.990425713403479513e+00 2.722781443046789818e+01 3.562773059409553156e+01 4.896897380814384348e+01 4.553880605784993207e+01 5.376598061542519247e+01 5.206039303024362397e+01 3.432136579468146920e+01 3.513968669748842188e+01 1.519371097610544830e+01 3.553303440567119509e+01 4.430115852539184118e+01 3.915274363001045543e+01 3.665190893812519590e+01 4.748644019810733141e+01 4.797345488539482972e+01 3.125195493397471580e+01 3.876678907417795727e+01 4.635466859324827027e+01 2.690429584640996907e+01 4.693293084660738401e+01 5.005142258510294084e+01
7.291241591682445615e-03 6.139114697910172502e+00 2.414140395782254345e+01 2.578604615061470895e+01 3.014647498707968865e+01 1.089813846259168706e+01 2.557033232050982718e+01 9.643148142522758093e+00 2.970944506815187580e+01 2.822281043654509602e+01 4.821557326999538162e+01 5.022656438069925144e+01 3.029888069189019362e+01 3.610651694594802308e+01 2.994615603760260569e+01 2.786544742328488766e+01 8.499882954620790798e+00 2.239667742053640609e+01 3.693248432480632459e+01 5.083233951563917685e+01 6.057494749903943188e+01 5.216623518012883665e+01 3.432518531394915584e+01 2.122177902973434982e+01 1.386219775478739002e+01 3.264670564717827972e+01 2.686674401467995210e+01 2.759401104837554897e+01 3.578695082668905769e+01 2.028663980846173587e+01 3.127806312867327421e+01 3.519802625628408066e+01 1.888678781288201591e+01 3.869178472023015303e+01 2.276018175414084510e+01 3.716425168324411032e+01 3.122248279402462501e+01
1.086749991637594439e-03 1.633220544304875332e+01 3.444715238016388525e+01 4.337180200041667888e+01 3.929779904652305333e+01 2.007059397304876214e+01 3.798677271889265938e+01 2.970944506773274796e+01 1.405543787329370531e+01 2.562591715940989090e+01 4.562507325542612335e+01 5.851629760600906849e+01 5.022656438069925144e+01 5.395493601807117301e+01 4.564543427951596755e+01 3.665351587303396741e+01 2.836994428005152002e+01 9.008016625486048312e+00 2.302475766041396810e+01 3.759699255600587264e+01 4.045843210626200914e+01 4.045919989128716310e+01 4.523927414116855061e+01 3.157605884411980668e+01 1.220581930776266155e+01 1.252592134890441855e+01 2.747784024352643684e+01 3.201939570030071991e+01 1.404183071597743648e+01 1.443775471034742353e+01 1.483315929851623594e+01 1.522585578416208207e+01 1.561570258970151848e+01 3.551154264453180787e+01 2.856098631555641276e+01 1.710986295844139704e+01 1.750889678975897823e+01
