MOVIE_S2_data/elevation_000183.asc
nrows	100
cellsize	150.0
xllcorner	0
ncols	100
yllcorner	0
NODATA_value	-9999
[rows 51 to 67 of 100, columns 0 to 36 of 100]
8.392818110607037224e-03 2.000839281811025216e+01 3.388393238409603470e+01 4.055220528248276679e+01 4.883887609559681664e+01 5.884220833945173013e+01 7.035010292338328952e+01 6.212374291413790672e+01 7.035008113296053978e+01 5.408617181578844679e+01 4.795174084130394476e+01 6.269236356308058333e+01 5.575230962162676462e+01 4.259065273490657688e+01 2.287254716787979092e+01 4.259065273490657688e+01 6.050671070815071317e+01 4.049406739537052147e+01 2.872465843303468702e+01 2.549785836615262014e+01 3.953117947365259965e+01 5.960171525221178257e+01 5.568815428615904750e+01 4.132185967799798476e+01 2.029282242017904281e+01 3.615322908006970692e+01 4.360707861530656260e+01 2.134389786364043573e+01 1.799043072790684406e+01 3.816585970581201792e+01 4.933472226461242371e+01 6.401660198815054059e+01 6.189681554973724786e+01 7.009318003552991172e+01 6.532497806754810199e+01 5.112339818161744631e+01 4.765081450250591644e+01
9.749586777120887796e-03 1.415188521050819581e+01 3.415188521050890103e+01 4.749117540690675554e+01 5.591887765033214919e+01 5.474657831175820633e+01 6.294977233196780020e+01 6.198820605385595428e+01 7.023863813006005330e+01 7.503548398575232170e+01 6.897538210220324117e+01 6.742577427179507765e+01 4.674196377181021944e+01 3.509784570929497960e+01 2.703698973621575163e+01 4.713565240134234102e+01 6.281714971681103066e+01 4.273052121786815860e+01 4.861375849403356142e+01 2.928785084599651967e+01 4.906560119117064289e+01 6.215649507516828720e+01 4.060924588488442311e+01 2.560197469252340952e+01 4.132185967799798476e+01 5.009885178355882118e+01 4.158884915317469222e+01 2.143422922214160309e+01 3.816585969761617037e+01 2.097601359969329238e+01 4.106546311034328767e+01 4.402920902285823956e+01 4.189759864719405869e+01 5.858204048716722667e+01 7.266298414057942523e+01 7.120914497085881578e+01 5.927817635581730826e+01
8.728394755072454644e-03 2.000872839475471565e+01 3.325895271074212900e+01 2.739702718462634579e+01 4.749018931188548009e+01 3.483261059832356921e+01 5.147098912151155758e+01 4.200973873956264981e+01 5.871423821221014805e+01 6.764248713371195265e+01 7.916066371705127835e+01 7.594817385267828058e+01 6.402486216897217730e+01 5.202799364729492737e+01 3.152431545999057505e+01 5.202799505191185858e+01 7.111756805049834895e+01 6.281714971681103066e+01 5.287493770957073735e+01 3.308104453058125216e+01 5.287493770957073735e+01 6.676408701608286833e+01 5.122485064714230418e+01 2.970189206107107793e+01 5.122485064714230418e+01 5.575662795426099905e+01 3.560778498442848417e+01 2.385033852158192857e+01 4.412410582133508541e+01 4.106547285300307237e+01 2.392165337287797300e+01 4.402547063411736872e+01 3.018620759328352321e+01 4.450086290087695318e+01 5.372834217401304358e+01 7.360937708463831086e+01 7.932193220829627478e+01
2.389047986999138715e-03 2.000238904798664308e+01 1.326639300302821667e+01 2.781989790398183615e+01 3.065702165601819829e+01 2.332019743305761850e+01 4.152153153181469492e+01 3.048091132204000075e+01 3.940899607657949844e+01 5.094716924482254683e+01 7.092059597342237964e+01 8.750982623438699193e+01 6.388799375631808175e+01 4.625413620365895184e+01 3.832290272562639188e+01 5.202799496910611765e+01 7.281890732815170963e+01 7.132333085664974703e+01 5.099189533631207638e+01 3.699869398382982411e+01 5.694683492896195531e+01 5.809415183767710289e+01 3.637151179369282517e+01 5.122260478790833105e+01 5.996813303822384711e+01 6.397586742195529297e+01 4.677092249540412894e+01 2.643906833939998791e+01 4.677103255886814992e+01 5.229284392986394181e+01 3.815846078085832005e+01 2.696545070909966668e+01 4.712230903965674855e+01 3.360056218750995072e+01 5.372834472375930659e+01 6.635314925580208012e+01 7.384580888391704434e+01
9.035844539165390626e-03 2.549020457045835020e+00 5.109606228588138954e+00 7.856043077933275498e+00 1.071073358843642964e+01 1.604135207287363940e+01 2.156609983754703919e+01 4.152155992794724426e+01 4.966543781412529057e+01 5.787053600755020000e+01 6.554800525277863699e+01 7.603117932632831355e+01 7.718299202374549850e+01 6.749278338648818476e+01 5.015326896503472653e+01 5.285975764228833640e+01 7.369430627976647941e+01 7.588388052612903323e+01 5.548848237468911293e+01 4.126902563622674336e+01 6.146215618824630411e+01 6.337520114881247224e+01 4.160087427250928727e+01 6.337520114880501154e+01 7.334440121288211856e+01 6.183281518854224146e+01 4.948319992705620507e+01 2.918725277767701698e+01 4.948273601429254853e+01 6.640329276877385212e+01 4.712240199624756798e+01 4.125956683227277466e+01 5.533413399226822094e+01 3.643215689704308602e+01 4.103114098093656281e+01 4.644125666192041990e+01 5.402244794576292009e+01
9.762552285145669959e-03 2.000976255228479062e+01 2.508864864118396198e+01 2.197024400532904664e+01 3.065702165601819829e+01 1.613522128729159277e+01 2.019281948395740400e+01 2.499547674160459465e+01 2.992385269035348827e+01 4.965024574693249804e+01 4.855757511650055847e+01 5.968250525025599984e+01 7.923044561776985972e+01 7.953181471747944897e+01 7.099508205058984345e+01 7.369430627976647941e+01 8.221638963317073490e+01 7.808066172894118040e+01 5.772723229778244303e+01 4.668474106331726148e+01 6.713366811130276801e+01 6.916980942757102468e+01 4.748836723080844990e+01 6.916980942757102468e+01 6.512776936644789316e+01 4.516706155719332827e+01 3.342254695772032136e+01 4.948318260271890523e+01 4.362386576140147554e+01 6.362895362897142348e+01 6.709277951662841133e+01 6.129826919081352088e+01 5.931717888032429897e+01 3.929036695668839485e+01 5.931717888032438424e+01 6.635314925580208012e+01 6.055562174702413358e+01
8.769847284209264732e-04 1.414301260845949670e+01 3.414301260846020369e+01 4.193939865808094680e+01 4.430289779572374442e+01 3.603406777729321675e+01 3.421772562458648537e+01 3.421787254624837971e+01 4.966543781412529057e+01 3.825736616516782362e+01 5.788082683403615647e+01 7.603117932632831355e+01 8.725928966826856481e+01 8.423980869968399077e+01 8.985837673946083726e+01 8.448704223539415636e+01 9.267558903672784254e+01 8.632240189356512872e+01 7.333260928948661217e+01 5.277304730396727450e+01 7.333260928948661217e+01 7.562418290232960771e+01 5.421744364177198605e+01 7.562418290232960771e+01 7.073103785847976610e+01 5.084193077170511543e+01 3.656941714916268893e+01 5.666726946309184143e+01 6.362890762585823268e+01 7.184065288485980716e+01 8.529190687184078001e+01 6.620541210613168914e+01 5.318137293585668601e+01 4.222911424030572647e+01 5.228477933387468823e+01 7.236325166953268706e+01 8.034961879572523458e+01
6.221065917130529088e-03 2.000622106591677607e+01 2.986038848839405802e+01 3.540739080440229714e+01 4.296668051361070439e+01 5.125099343481817726e+01 5.412563789411184700e+01 4.828601680974102095e+01 6.239031159684926564e+01 5.788419362648063782e+01 6.611914814094686221e+01 8.358644680812410854e+01 7.531893444739112908e+01 6.427352644317082309e+01 7.008973253187090791e+01 6.454943166579325009e+01 8.118756424908157499e+01 9.266618599547300050e+01 8.056448837327499746e+01 6.010964540980319271e+01 8.056448837327499746e+01 8.303960228257177789e+01 6.206598534912273379e+01 8.303934726127245369e+01 7.134211276929917744e+01 5.147839343255727584e+01 3.984958522783988144e+01 5.987370143871127226e+01 6.485620216988954212e+01 8.465279431389667764e+01 9.063087819230297271e+01 7.068748479971317522e+01 6.538792540560382349e+01 4.543618437774241414e+01 6.538792540560382349e+01 7.235121488927394751e+01 9.267442400710154971e+01
9.675647279733478462e-03 4.860388148006414610e+00 9.860388148006457243e+00 1.540739011025879712e+01 2.296667957044347474e+01 3.451368495432861749e+01 5.451368718566713056e+01 6.824127012236868950e+01 6.620572967317626478e+01 7.448922350582205354e+01 8.294142487382978857e+01 7.531988252215664659e+01 5.533454166783696593e+01 5.013871483562867581e+01 6.298829012381211356e+01 5.300783545614113734e+01 6.454941976639912582e+01 8.448497055405320566e+01 8.876562322875194866e+01 7.209434196790671479e+01 8.876562322875194866e+01 9.136158833882737440e+01 7.708893969686653236e+01 8.303960051164398237e+01 7.954123018901192665e+01 6.808353098945440252e+01 5.987374788301943340e+01 4.492628087516909829e+01 5.905530909406514439e+01 7.886095118152192640e+01 9.270439243630674753e+01 7.600243518719864255e+01 5.100625521990401978e+01 5.182520931508773998e+01 6.117570237787852960e+01 7.462182501849177640e+01 9.353329265522128821e+01
8.858006633845233110e-03 2.000885800663348846e+01 2.986038848839405802e+01 3.540739080440229714e+01 3.173732187196678822e+01 5.125099343481817726e+01 6.279802821986748285e+01 6.294900132110959134e+01 4.622156763492974108e+01 5.466786834086553171e+01 7.335129438513264688e+01 6.511283334937409961e+01 6.118076320212042418e+01 4.120145683435010397e+01 4.301434281036954843e+01 5.714710400287961534e+01 7.710006813374761236e+01 8.338769323130517819e+01 9.169775010758466749e+01 9.213492353678159930e+01 1.002671059704199479e+02 1.011766796349688207e+02 9.740595255727880897e+01 1.032366615655630966e+02 9.423890870590076929e+01 8.435407890760750149e+01 6.867997353045468856e+01 4.881120827692376452e+01 6.031783658013312532e+01 8.010286503451833084e+01 8.450147915179367430e+01 6.470172112175572465e+01 5.561383419970003672e+01 6.993329658480853084e+01 6.130397621822859833e+01 7.423903306332645968e+01 9.369254888328572406e+01
1.018086960643932535e-03 1.154802347075326097e+01 2.569015909448446422e+01 4.569015909448516766e+01 5.173734097369912632e+01 6.002215144610128306e+01 6.085681092543559600e+01 5.466786834086553171e+01 3.472564398571450539e+01 5.466786834086553171e+01 6.183433352757369761e+01 4.514061683820849424e+01 4.972274281708042309e+01 3.519035359331863333e+01 5.515656949527537734e+01 7.108854523885747767e+01 8.013355079976400930e+01 6.340882063871285368e+01 8.014884301286491564e+01 9.169775010758466749e+01 9.330020806784847309e+01 8.118928514057131451e+01 9.531587410402964622e+01 1.000242262520737597e+02 8.025311486490159041e+01 6.628038800983283352e+01 5.636614222551209963e+01 5.588148032366459717e+01 7.567970189456242736e+01 8.829617234523979619e+01 9.270439243735425805e+01 7.971749542991977933e+01 6.027713728191674392e+01 7.971749542991977933e+01 7.175194941430623885e+01 8.814239164400312632e+01 9.465238273202847097e+01
2.494342646960768899e-03 1.414462996637803549e+01 3.414462996637873715e+01 4.992166813739814302e+01 5.821277527941536079e+01 5.503022954100530484e+01 4.092422282640953313e+01 4.802046022248187995e+01 2.818601322418507138e+01 4.802046022248187995e+01 5.291877790849037666e+01 3.364087115179832210e+01 2.980546463024017712e+01 4.972274281708042309e+01 6.340577303314425706e+01 7.074465922480484892e+01 6.247587278160577284e+01 5.196493596233499801e+01 6.340882063871285368e+01 8.338769323130517819e+01 7.328697221555890451e+01 6.701030954770739356e+01 8.530834577432702304e+01 9.686229727234312747e+01 9.013855558243771782e+01 7.037290481969665734e+01 6.628038800983283352e+01 6.989047042320966341e+01 6.989047042320966341e+01 8.965614302841950689e+01 9.110129531180902518e+01 7.138397553318039002e+01 6.882954551933350729e+01 7.971749542991977933e+01 9.116342084161058779e+01 9.945012411420715637e+01 1.030544195674080896e+02
6.187401196855389120e-03 1.414832302492793126e+01 3.414832302492863647e+01 2.994839632575079236e+01 3.991701408655042371e+01 4.513032738309378544e+01 2.702897072106708620e+01 4.229468270925922724e+01 2.265636556103111232e+01 4.229420927457701396e+01 4.023833017845073812e+01 2.487114165201749927e+01 4.466398352751627243e+01 5.797730038748015602e+01 6.342164776962238193e+01 5.515274736391809540e+01 4.271976637942656652e+01 5.664264228604492502e+01 7.655853695643702395e+01 7.584856569331161324e+01 5.906418980920016537e+01 5.692956092556612901e+01 6.856219914649848590e+01 8.858992747032527859e+01 9.833436080364327836e+01 9.013861788464832614e+01 7.768892368381540336e+01 8.965614302841950689e+01 8.965614302841950689e+01 9.785271495864334668e+01 9.927093150159691959e+01 8.273784796896788407e+01 8.016225300529164599e+01 9.669932866467489418e+01 1.076069563208961313e+02 1.143787272485266300e+02 1.086082753395418621e+02
2.476637442850607596e-03 2.000247663744249493e+01 3.828334527683798427e+01 1.841878444816697780e+01 1.991531914681479520e+01 2.937943893015856744e+01 1.747800946373692099e+01 3.036043428989384907e+01 1.780951377996480645e+01 3.601400175046246943e+01 2.065463352847650569e+01 4.023833017845073812e+01 5.291877792046285833e+01 5.657308803752253112e+01 4.864701353915203441e+01 3.533598144556442833e+01 5.515274736391809540e+01 6.886391666716484394e+01 6.365426273846256322e+01 6.044882828662734653e+01 4.745954323799004015e+01 6.167411900948796699e+01 8.174556096117363779e+01 9.385465455101126508e+01 1.021224473970196840e+02 1.056567093945476330e+02 9.745710292471163427e+01 9.931225601408567627e+01 9.103943154925099179e+01 9.931225601408567627e+01 1.106770719140730108e+02 1.025259768453434077e+02 9.995116643996819050e+01 1.081082232372092307e+02 1.126361152649868416e+02 9.491827171055066970e+01 8.924768653849812949e+01
6.350445426094172667e-03 2.000610113335047657e+01 2.259359288946352606e+01 2.017283148991952757e+01 5.771439750941394387e+00 1.637593911271867952e+01 9.689030356890066642e+00 1.112319664915941786e+01 1.393227516103056196e+01 1.667901131953696847e+01 3.601494502559953048e+01 3.831583054239911235e+01 4.036227685685113187e+01 3.661063357191021339e+01 2.880342458897303715e+01 4.746276377891636145e+01 5.008115828633096811e+01 5.287588753772716643e+01 3.735147581174602749e+01 4.059759029380324336e+01 4.539056769935981350e+01 6.546824848238318850e+01 7.970979083858637182e+01 7.385079645098085166e+01 9.385465455101126508e+01 1.001153687604521281e+02 9.184286363934039343e+01 8.930161067852728252e+01 7.099787521077841745e+01 8.930161067852728252e+01 9.807447061202481109e+01 9.609238240087437077e+01 1.043598687042299105e+02 1.100925841661252917e+02 9.887625628199471350e+01 8.511639729900201701e+01 7.561867054818617362e+01
3.512071127920179947e-03 1.297204525834220856e+00 2.593611972938547172e+00 3.898268119045506186e+00 2.389860930304325493e+01 7.686286739613561458e+00 2.800282201807474181e+01 3.035859623416942910e+01 1.357034677997023309e+01 1.528063350312777757e+01 1.697033301927412907e+01 1.884056891100772191e+01 2.073376856102679611e+01 2.269153760485807325e+01 2.504531347604663694e+01 2.749365979932487747e+01 3.006580040573783208e+01 3.283296529566307953e+01 3.876906957998144776e+01 5.662709103854761139e+01 6.546824848238311745e+01 5.323691439550238869e+01 5.963608733576550947e+01 7.385079645098085166e+01 9.385465455101126508e+01 9.184286363934039343e+01 7.183281424975308482e+01 7.769362202408554197e+01 6.104439550214162580e+01 6.979888259257378991e+01 8.979965943605398593e+01 7.606192049294590163e+01 9.280727972333828291e+01 1.019394016241270009e+02 8.261830406225448087e+01 7.137995402621480423e+01 6.680219430104331479e+01
8.642982713123801772e-03 2.000864298271276809e+01 2.259360409288918348e+01 1.544450202558117624e+01 3.211621749506440437e+01 2.953562504171689440e+01 1.493817061619330033e+01 3.715234263320371610e+01 2.702560234779269521e+01 2.874463893803947201e+01 3.630518127089342784e+01 2.243285000242436311e+01 4.036227504408154942e+01 4.245750134549957977e+01 4.493546866334332179e+01 4.160449590948446286e+01 3.901693251933232887e+01 5.287588753185555390e+01 4.815703304435722742e+01 4.782707904829383949e+01 6.673242180734163753e+01 6.749378527857936660e+01 7.970979083858637182e+01 8.798662192400021809e+01 9.590451894085200024e+01 9.184286363934039343e+01 7.183281424975308482e+01 5.779426294558059141e+01 5.363658855380322166e+01 7.346909352745396404e+01 8.386382830510389397e+01 6.452560309865424415e+01 8.386382830510389397e+01 9.719236069415977397e+01 9.412414953596969269e+01 7.473262221376165826e+01 6.072040332668125728e+01
