MOVIE_S2_data/elevation_000240.asc
nrows	100
cellsize	150.0
xllcorner	0
ncols	100
yllcorner	0
NODATA_value	-9999
[rows 68 to 84 of 100, columns 0 to 36 of 100]
7.311399400410928048e-03 2.000731139940005576e+01 3.132880903271996331e+01 3.799547569938710012e+01 4.627974694684929347e+01 5.627974694684947110e+01 4.708546244859535079e+01 2.705399690099541843e+01 4.708546244859535079e+01 5.926485598074823002e+01 4.787162109477982597e+01 3.379235344392476037e+01 2.612927353878258785e+01 4.614810523710512769e+01 4.771868709311856804e+01 6.372888144333097671e+01 5.787403286377088563e+01 7.785962267264140735e+01 7.758221939834002967e+01 8.585779003992563219e+01 9.507085497230181659e+01 8.679705928104912971e+01 8.939009562652725549e+01 9.766319162573950052e+01 9.386961091530031354e+01 8.173979676668359673e+01 6.129426445523829869e+01 4.716817617691997100e+01 5.939308651824153884e+01 4.377100090301722446e+01 6.373618417497829114e+01 5.865570365423916854e+01 5.197730664588932115e+01 6.370492763869911101e+01 8.519863813398590935e+01 9.121683269615961365e+01 7.203584653379238034e+01
8.304378570984571536e-03 5.555306340823299216e+00 1.132880903271960804e+01 1.799547569938639313e+01 2.799547569938657077e+01 4.799547569938727776e+01 5.525372738433487285e+01 3.524098551839914961e+01 4.122113580672225908e+01 6.122881493788052865e+01 6.209381187776392608e+01 5.100022165931587637e+01 3.099446012521658034e+01 5.100022165931585505e+01 6.771614786174535539e+01 7.598151104262385047e+01 7.785875874229958526e+01 8.603779608869226081e+01 8.808306963355073549e+01 7.994558617017399627e+01 8.446079320403379143e+01 7.633744843542692138e+01 8.446184435064434126e+01 8.785245229373275322e+01 7.326401406227422797e+01 8.785269118114418063e+01 7.580660201979449653e+01 5.939308651824153884e+01 3.943856129278174194e+01 3.884839054633782496e+01 5.790895640047330062e+01 4.450126371800813985e+01 6.471518150897514943e+01 6.640746431542287098e+01 8.763435742321844657e+01 9.918472260608987767e+01 8.343025156963145150e+01
8.037589590134858880e-03 2.000803758958977951e+01 3.132880903271996331e+01 3.799547569938710012e+01 4.627974694684929347e+01 5.627974694684947110e+01 6.356596603295867709e+01 4.679387494002184411e+01 6.124338982971944745e+01 6.960979086319677833e+01 6.514292843128853860e+01 4.514212070785841746e+01 3.994343775232265159e+01 4.364889547348123955e+01 5.779292790493578025e+01 7.779050959024505119e+01 7.614806946563176382e+01 8.430754264961058198e+01 7.666309905128538560e+01 6.012162881458869634e+01 7.455591380046445238e+01 5.645054062123158189e+01 7.455829583514827164e+01 7.871011035833782898e+01 5.894446505300735595e+01 7.871101934445105996e+01 6.974965351335347918e+01 5.440445476920053380e+01 3.448295541499960848e+01 3.403641920568986023e+01 3.793382236142899444e+01 5.195825135504825454e+01 7.227523072688762795e+01 8.763435742321844657e+01 9.653737772639148318e+01 1.027391866205107647e+02 8.343025164356987489e+01
8.866319943247203544e-03 1.415100194367407127e+01 3.415100194367335718e+01 4.811853630121218117e+01 4.662553031907714995e+01 4.662553052249639762e+01 6.662550830794482692e+01 6.681010073553436257e+01 7.513699727098081382e+01 8.884096777672991152e+01 7.342389751628651595e+01 6.514292843078985129e+01 4.994521929952601624e+01 6.365008397323097000e+01 7.193127111094348436e+01 7.282752814950896436e+01 5.621592740160625823e+01 7.282752814950896436e+01 6.849880557680867810e+01 4.834601309811787218e+01 5.686311819029829451e+01 4.617595182549106880e+01 6.639400532369938901e+01 7.019631177407204348e+01 5.003260422791174733e+01 6.069105062708725740e+01 6.127037363075345411e+01 4.124533461784153587e+01 2.976414405049731116e+01 4.970891196617045438e+01 5.790895670606552414e+01 5.417168409056609590e+01 6.847953821217467407e+01 8.916412315095558938e+01 9.646788879219752744e+01 9.074360841284209300e+01 8.554309355140102866e+01
4.238120735784241429e-03 2.000423812073542962e+01 2.961206093744958778e+01 2.811855703386976302e+01 2.662553207002638089e+01 4.662553052249639052e+01 5.675187490413386371e+01 6.829881706223075355e+01 8.306504067666989499e+01 6.909418066775985778e+01 8.306504067600127428e+01 7.822576385944942956e+01 6.994547618528045518e+01 7.822576385946484834e+01 7.695375911653650292e+01 5.696129572507032890e+01 4.432951749236288919e+01 6.463764919242329654e+01 7.105404089249039146e+01 5.098056503580951215e+01 3.624044122359897102e+01 5.686312476218539302e+01 7.455815886223402345e+01 7.501571224158011830e+01 5.475758150995905282e+01 4.069134929243011101e+01 5.284652283373641524e+01 4.726970476739308680e+01 2.730475369819216525e+01 4.726970476739288074e+01 5.669393010469684668e+01 6.378353969669026213e+01 7.226206293113929746e+01 8.243425672208145727e+01 7.694686034782631623e+01 7.123206018265192085e+01 7.742537794308786658e+01
1.555317930585579152e-03 2.000155186805964291e+01 9.612063624594238576e+00 1.397642142931404940e+01 1.952342339156624362e+01 2.846769530156555916e+01 4.001470068546180414e+01 6.001469775096514780e+01 7.414472236267600636e+01 5.485651735097448523e+01 7.414472236176702324e+01 7.449589996119502189e+01 8.269695707808097040e+01 7.990614070794629242e+01 6.838632919953920464e+01 5.696129572507032179e+01 3.633986967313607863e+01 5.696129572507032179e+01 6.656492003173501359e+01 4.631932664979058956e+01 3.144691433094507005e+01 5.225133753559347127e+01 6.450689833062688194e+01 7.598696222035616188e+01 6.443188915097807978e+01 4.436543603345170794e+01 3.290192668459038572e+01 4.488104365689910935e+01 2.490483008541317389e+01 4.488104357644311193e+01 3.671582451376038136e+01 4.373109842930702484e+01 5.366294788560596629e+01 7.390413150777517615e+01 7.694686034782631623e+01 5.735876633965485638e+01 6.647217240376537006e+01
4.786148573735437791e-04 3.714385378398403770e+00 1.371438537839821947e+01 2.785652099723874642e+01 3.952342270602252938e+01 3.107042877538222925e+01 4.261743415957575820e+01 6.261743032076952176e+01 6.592405481281757318e+01 4.570311938007093033e+01 6.592405481281757318e+01 5.446210497443895093e+01 7.117012697514638830e+01 7.176210357230826276e+01 5.168848057930733120e+01 3.968052010065949275e+01 3.019418273499977801e+01 4.407012712878639604e+01 5.108420435282713612e+01 4.270608691328779116e+01 2.711104312664519966e+01 3.579385131787142882e+01 4.786733455685732253e+01 6.789336412281876676e+01 7.291224612602704269e+01 6.125817505348096859e+01 4.637564186851901837e+01 2.641769388980306488e+01 2.256530931445402999e+01 2.780264160355668679e+01 3.930050898190717845e+01 5.931457899095088493e+01 7.226206293113929746e+01 8.243425672208145727e+01 8.504386457293185231e+01 6.647658368518388272e+01 4.683923505146962185e+01
1.415922250553260878e-03 2.000141467635452841e+01 3.199868718465999962e+01 4.199864689022196274e+01 5.614054349047064818e+01 5.107042715331279936e+01 5.935459412678480362e+01 7.090152645306201862e+01 5.952963357414939338e+01 3.927325476916364977e+01 5.126000155602554287e+01 4.271742142219554950e+01 6.292938303270164369e+01 6.564130596680395513e+01 5.722946125833230013e+01 5.860155076087352199e+01 3.805101437978701995e+01 2.319151112228416522e+01 3.791328717363943213e+01 2.182460859172100953e+01 3.376750818536708465e+01 5.348531613617807778e+01 6.450700001699975417e+01 6.285590669480872350e+01 5.446223560625520577e+01 5.762719271880831684e+01 3.756880948185592217e+01 3.756880881936384498e+01 2.024975851442416186e+01 3.177338789729675739e+01 5.174996733055894538e+01 6.776462084824053989e+01 8.116619637278934363e+01 8.116619637278934363e+01 8.954848258498988400e+01 7.457988100898263895e+01 6.647654951271006496e+01
5.113348591224673584e-03 1.414724897232230028e+01 3.414724897232300549e+01 4.649730762434723630e+01 5.478157887180884700e+01 6.647743378978665874e+01 5.819853457267002028e+01 5.998142091901004136e+01 5.362190227887991512e+01 4.531611385742259301e+01 3.110329767875239071e+01 4.535199578286977129e+01 6.552318922015676605e+01 5.413629430879649362e+01 3.745989792015099340e+01 5.413629430879647941e+01 5.244521291489425607e+01 3.791328716564188994e+01 1.719888167164500814e+01 3.791328717363943213e+01 5.062208508714539335e+01 6.240441395081600007e+01 6.542546439194921959e+01 5.446223560625520577e+01 3.443178564344813708e+01 4.029856860733652724e+01 3.500516091485263814e+01 1.763960749052852961e+01 2.967025839275727250e+01 4.677029553576267773e+01 6.015715627135687527e+01 7.528234300221021158e+01 6.101620341943064574e+01 6.101620341943064574e+01 8.116619637278934363e+01 8.534638760919317235e+01 6.576690112975259694e+01
3.630678512830590090e-03 2.000363067851247578e+01 3.235517200061654108e+01 2.649730762434795039e+01 4.649730762434723630e+01 5.486383913293717285e+01 3.803005280099233687e+01 3.988012094590396117e+01 3.988012094590396117e+01 2.531343438740346841e+01 4.531611385729629404e+01 5.955435854546027485e+01 5.377537319956705630e+01 4.578242836806400362e+01 2.657081063385053454e+01 4.578242836806400362e+01 4.030262311775813799e+01 3.183730182695034827e+01 1.481476451490974178e+01 2.929195987206799145e+01 5.013501410318055918e+01 5.795742272258324590e+01 4.330708317668228347e+01 5.183482264852773369e+01 3.987516370520319242e+01 2.031405939695432039e+01 1.526029394533814987e+01 3.500516091483921599e+01 4.510107892233772020e+01 5.630652889402251304e+01 6.573565172263108991e+01 5.735992866975579574e+01 4.664226916197424799e+01 6.691799971460822860e+01 6.830014888142488871e+01 7.623424860599855890e+01 6.576690148945132819e+01
3.897887252982968069e-04 6.030616680280545872e+00 1.235517200061724985e+01 2.649730762434795039e+01 4.649730762434723630e+01 4.655425619264585890e+01 2.651583123514268436e+01 3.498506614929530656e+01 1.997179719917832585e+01 3.988012094590396117e+01 5.074662142813508581e+01 4.217729096579713399e+01 3.261566436890851861e+01 3.886725942080506968e+01 1.980358048889332423e+01 3.807540903415382161e+01 3.149216337979230218e+01 1.168051648030826151e+01 3.135339577217069262e+01 4.205617126262751526e+01 5.269239891775096396e+01 4.728320502022102545e+01 2.775893185118697559e+01 3.499082404573540117e+01 2.490621231390193557e+01 1.320926433368348007e+01 3.250215456312567142e+01 4.327330784647620732e+01 5.783709803187387166e+01 5.766864152614436279e+01 4.923676324275970018e+01 3.664983645744749197e+01 5.735992866975579574e+01 6.502478758419134408e+01 4.877678885410441723e+01 6.502478755919354114e+01 6.509195960870776787e+01
9.894987445105475968e-03 2.000989498744474915e+01 3.235517200061654108e+01 4.063944324807814468e+01 4.615491328977714858e+01 3.897050735166427415e+01 3.066422187091925267e+01 1.509475043651496762e+01 3.498506614929530656e+01 4.819061041965716896e+01 4.217729096579713399e+01 2.080369591966062615e+01 1.804448840150528710e+01 2.613687075894716472e+01 1.398904203880213792e+01 3.142584708543386895e+01 2.592678415963165151e+01 7.499584548256148508e+00 1.978321916652300416e+01 2.803382944713447955e+01 3.651313676870405089e+01 4.125732304083804536e+01 3.475734951729701550e+01 1.620346724338071098e+01 1.133300644819243708e+01 1.175179868229042413e+01 3.146859000538912099e+01 3.136532410238720203e+01 4.823730884922731832e+01 4.192624574667773629e+01 2.792323246484518506e+01 4.923642723482345929e+01 5.856235279290347506e+01 5.702667365678741618e+01 3.738606145670837577e+01 4.653327955330517796e+01 5.105740929687630114e+01
2.758038052605161963e-03 2.000265181691321104e+01 3.207697704980481745e+01 3.843300992786002723e+01 2.643155388352080237e+01 2.653393065030868669e+01 1.075088905332172651e+01 3.066422187091925267e+01 3.233396464862503450e+01 4.094228723293178263e+01 4.128435113485273433e+01 2.679406497972928136e+01 7.218259106940923431e+00 7.376436129520080875e+00 2.253934344328057193e+01 6.716143788303501339e+00 7.354323007309244709e+00 7.827090714481054867e+00 2.429131756207074844e+01 2.803490406674060864e+01 2.024403320825160080e+01 2.953314713409261572e+01 2.999950650597426005e+01 1.074556259083915144e+01 3.028590503753133945e+01 3.147015698980559861e+01 1.236760258585962369e+01 2.729844401864671255e+01 3.998465873824162742e+01 2.022366194220484203e+01 3.950413682066214704e+01 4.877267373748354373e+01 3.834896401255955567e+01 3.835519365023195348e+01 3.731984404282440693e+01 2.692371767461765231e+01 4.252487175598960789e+01
7.097940694151796438e-03 7.176106516318473183e+00 1.563785489676086904e+01 3.044544697599061323e+01 2.616848700219314239e+01 6.620444408559294835e+00 2.371108318910721025e+01 2.564380850175878379e+01 1.032481258746065755e+01 3.010526775529717014e+01 2.313149867492615641e+01 2.465058362269576975e+01 5.484066244061442497e+00 5.878785246846687684e+00 6.281479575119393921e+00 6.702371529100479286e+00 2.347208145687837444e+01 2.696579567880448636e+01 8.477423570000384601e+00 8.918359746816809874e+00 9.340692870150723692e+00 9.750960735211165797e+00 1.016461818737160172e+01 2.980217461813891333e+01 3.814185705326064380e+01 4.005188096896200989e+01 3.163699516101528175e+01 1.298531049466202703e+01 3.280761476101261565e+01 1.640315139374285280e+01 2.677873078544406482e+01 4.098751112794658269e+01 3.815600255032895660e+01 1.753075636806255488e+01 1.796894004242691523e+01 3.716637234572110771e+01 4.050138564181943224e+01
8.907212727516041623e-03 1.003042861218466442e+01 1.762784081305795780e+01 2.206395181588751342e+01 2.301537246913917656e+01 7.956441777852813146e+00 2.706895493413740805e+00 3.079593293317296698e+00 3.454510811034828599e+00 2.346529029772876740e+01 1.630517970550798168e+01 4.928500797944082024e+00 2.486172790289806755e+01 2.939765966750832504e+01 2.666527430082629735e+01 8.338231704020749646e+00 1.865055060144575449e+01 3.223525698697357456e+01 2.976507384905594478e+01 2.301762636703750431e+01 2.339286012170515505e+01 2.960366645620387160e+01 1.021904823310626931e+01 2.875427129793353487e+01 3.844731295838089125e+01 5.107111236503942564e+01 3.817911383198273967e+01 1.702266827640540470e+01 1.360041987382529172e+01 1.403318493267290279e+01 2.853118665564986856e+01 3.762834929702231790e+01 1.691208834116382675e+01 2.147856403574614959e+01 3.683576998711142636e+01 1.859034509186210116e+01 2.879710813082176202e+01
4.556156782696869564e-03 3.792562240370095927e-01 3.543988306769501051e+00 8.304345775033198152e+00 1.196411492832176293e+01 2.183697914214252300e+00 1.674259116998348773e+01 1.938387079202840724e+01 4.278356811550966476e+00 3.991259092569360067e+00 4.375995113036639239e+00 2.407479453183630724e+01 2.201056825430066155e+01 4.275786020169834956e+01 3.841419997391398766e+01 2.898166953123023859e+01 1.059769212908957314e+01 3.084996512213067987e+01 4.205970582709413463e+01 4.337004295034255108e+01 4.360219760392283916e+01 3.993207849961763145e+01 3.084377208910278512e+01 1.328834613340131554e+01 2.627820158475913814e+01 4.288985334292289764e+01 4.746443639626049560e+01 3.814711681259706921e+01 2.119229974585229215e+01 3.381134915456217982e+01 1.464289437205609801e+01 2.934787215856581710e+01 3.509679502234305914e+01 1.629368091207854974e+01 3.617204014891379416e+01 3.489463950329248831e+01 1.920726662432860365e+01
9.004134676422023004e-03 7.175822107884137324e+00 9.092369452956233777e-01 1.283799639831310735e+00 1.657788647411331029e+00 2.001272686514235843e+01 1.324925744216895929e+01 2.793660150524089758e+01 1.021850949777590856e+01 2.332866987942049875e+01 4.111031031668172631e+00 2.582085318631802906e+01 3.886537669899820457e+01 5.174726449283367202e+01 4.524191287440079634e+01 2.489983762940780565e+01 3.085787558777776241e+01 1.326253365071341150e+01 2.772171981096562021e+01 4.803242971935434014e+01 5.870028366811344966e+01 3.810311426034974858e+01 2.390419653211350948e+01 3.322030286572925917e+01 1.576573774354426227e+01 2.979806469401517433e+01 4.985758006615627380e+01 4.731377594342377080e+01 2.970913027700802900e+01 4.402677548051096323e+01 3.513592418970927866e+01 1.524776923918611615e+01 1.567393629896858620e+01 2.530892200996381192e+01 4.250312131346299083e+01 4.679691606992732744e+01 3.807021555079108310e+01
